         0          0          0          0          0          0          0          0          0          0          0          0          0          0          0          0          0          0          0          0          0          0          0          0          0          0          0          0          0          0          0          0          0          0          0          0          0          0          0          0          0          0          0          0          0          0          0          0          0          0
         0    3.2e-05    6.4e-05    9.5e-05   0.000126   0.000155   0.000184   0.000211   0.000236    0.00026   0.000282   0.000303   0.000322   0.000341   0.000357   0.000373   0.000389   0.000405   0.000421   0.000439   0.000459   0.000483   0.000513   0.000549   0.000594   0.000652   0.000723   0.000812   0.000923   0.001063   0.001236   0.001449   0.001711   0.002033   0.002427   0.002905   0.003485   0.004187   0.005033   0.006047   0.007261    0.00871   0.010434   0.012478   0.014894   0.017743   0.021091   0.025013   0.029596   0.034934
         0    6.4e-05   0.000127   0.000189   0.000251   0.000309   0.000366    0.00042   0.000471   0.000518   0.000563   0.000604   0.000642   0.000677   0.000711   0.000743   0.000774   0.000805   0.000837   0.000873   0.000914   0.000962   0.001021   0.001094   0.001184   0.001298    0.00144   0.001619   0.001842   0.002119   0.002464    0.00289   0.003415   0.004057   0.004843   0.005798   0.006958   0.008359   0.010046   0.012073   0.014498   0.017391   0.020833   0.024915   0.029741   0.035429   0.042116   0.049948   0.059101   0.069762
         0    9.5e-05   0.000189   0.000283   0.000373   0.000461   0.000545   0.000625   0.000701   0.000772   0.000838   0.000899   0.000956   0.001009   0.001059   0.001106   0.001151   0.001198   0.001246     0.0013    0.00136   0.001433   0.001521    0.00163   0.001765   0.001935   0.002147   0.002415   0.002748   0.003164    0.00368   0.004317   0.005101   0.006063   0.007238   0.008668   0.010402   0.012499   0.015024   0.018056   0.021685   0.026015   0.031165   0.037272   0.044493   0.053005   0.063009    0.07473   0.088424   0.104376
         0   0.000126   0.000251   0.000373   0.000493   0.000609    0.00072   0.000825   0.000926   0.001019   0.001107   0.001187   0.001262   0.001332   0.001397   0.001459   0.001519   0.001581   0.001645   0.001715   0.001796   0.001892   0.002008   0.002152   0.002331   0.002556    0.00284   0.003194   0.003638    0.00419   0.004874   0.005722   0.006764   0.008042   0.009603   0.011503   0.013808   0.016593   0.019948   0.023977   0.028799   0.034552   0.041395    0.04951   0.059105   0.070415   0.083707   0.099281   0.117477   0.138672
         0   0.000155   0.000309   0.000461   0.000609   0.000752   0.000888   0.001019   0.001143   0.001258   0.001366   0.001465   0.001558   0.001644   0.001724   0.001801   0.001875    0.00195   0.002029   0.002116   0.002216   0.002335    0.00248   0.002658   0.002881   0.003161   0.003513   0.003953   0.004505   0.005192   0.006044   0.007098   0.008395   0.009985   0.011928   0.014293   0.017161   0.020627   0.024802   0.029816   0.035816   0.042976   0.051492   0.061591   0.073532   0.087606   0.104147    0.12353   0.146174   0.172551
         0   0.000184   0.000366   0.000545    0.00072   0.000888   0.001051   0.001205    0.00135   0.001487   0.001614   0.001732   0.001841   0.001942   0.002037   0.002127   0.002215   0.002303   0.002397     0.0025   0.002619   0.002759   0.002931   0.003143   0.003409   0.003743   0.004163   0.004688   0.005346   0.006166   0.007183    0.00844   0.009988   0.011885   0.014204   0.017027   0.020449   0.024586    0.02957   0.035553   0.042716   0.051261   0.061425   0.073479    0.08773   0.104529   0.124272   0.147405   0.174433   0.205915
         0   0.000211    0.00042   0.000625   0.000825   0.001019   0.001205   0.001382   0.001548   0.001704   0.001849   0.001985    0.00211   0.002225   0.002333   0.002436   0.002536   0.002638   0.002746   0.002864      0.003   0.003162   0.003361   0.003606   0.003914     0.0043   0.004785   0.005394   0.006156   0.007106   0.008285   0.009742   0.011536   0.013736   0.016425   0.019696   0.023664   0.028459   0.034237   0.041174   0.049477   0.059383   0.071167    0.08514   0.101662   0.121136   0.144024   0.170842   0.202174   0.238671
         0   0.000236   0.000471   0.000701   0.000926   0.001143    0.00135   0.001548   0.001735    0.00191   0.002072   0.002223   0.002362   0.002491   0.002612   0.002727   0.002839   0.002953   0.003073   0.003206    0.00336   0.003542   0.003766   0.004043   0.004392   0.004829   0.005379   0.006069   0.006934   0.008011   0.009348      0.011   0.013035   0.015531   0.018582   0.022293   0.026795   0.032235    0.03879   0.046661   0.056081    0.06732   0.080689   0.096543   0.115288   0.137383    0.16335   0.193778   0.229326   0.270735
         0    0.00026   0.000518   0.000772   0.001019   0.001258   0.001487   0.001704    0.00191   0.002101    0.00228   0.002446   0.002599    0.00274   0.002873   0.002999   0.003122   0.003246   0.003379   0.003526   0.003695   0.003898   0.004146   0.004455   0.004842   0.005329   0.005942   0.006712   0.007675   0.008876   0.010368   0.012211   0.014482   0.017267    0.02067   0.024811   0.029833   0.035905   0.043218      0.052    0.06251   0.075052   0.089969    0.10766   0.128576    0.15323   0.182204   0.216156   0.255821   0.302026
         0   0.000282   0.000563   0.000838   0.001107   0.001366   0.001614   0.001849   0.002072    0.00228   0.002473   0.002652   0.002817   0.002971   0.003114    0.00325   0.003384   0.003519   0.003662   0.003822   0.004007   0.004228   0.004501   0.004839   0.005264   0.005799   0.006473    0.00732    0.00838   0.009702   0.011343   0.013372   0.015873   0.018939   0.022684   0.027243   0.032774   0.039459   0.047511    0.05718   0.068753   0.082561   0.098986   0.118464   0.141493   0.168639   0.200541   0.237923   0.281598   0.332471
         0   0.000303   0.000604   0.000899   0.001187   0.001465   0.001732   0.001985   0.002223   0.002446   0.002652   0.002844    0.00302   0.003184   0.003337   0.003483   0.003625    0.00377   0.003924   0.004096   0.004295   0.004534   0.004829   0.005197   0.005657    0.00624   0.006973   0.007894   0.009047   0.010487   0.012273   0.014484   0.017206   0.020544   0.024623   0.029589   0.035612   0.042892   0.051661   0.062191   0.074796   0.089834   0.107722   0.128936   0.154016   0.183579   0.218324   0.259037   0.306601   0.362007
         0   0.000322   0.000642   0.000956   0.001262   0.001558   0.001841    0.00211   0.002362   0.002599   0.002817    0.00302   0.003208    0.00338   0.003542   0.003696   0.003847   0.004002   0.004165   0.004348   0.004561   0.004818   0.005133   0.005528   0.006025   0.006652   0.007442   0.008435   0.009679   0.011232   0.013159   0.015544   0.018481   0.022083   0.026485   0.031844   0.038343   0.046199   0.055663   0.067027   0.080628   0.096858   0.116162   0.139055   0.166121   0.198024    0.23552   0.279455   0.330785   0.390577
         0   0.000341   0.000677   0.001009   0.001332   0.001644   0.001942   0.002225   0.002491    0.00274   0.002971   0.003184    0.00338   0.003563   0.003733   0.003894   0.004053   0.004215   0.004388   0.004581   0.004808   0.005081   0.005418   0.005839    0.00637   0.007039   0.007884   0.008947   0.010278    0.01194   0.014003   0.016556   0.019701   0.023558   0.028271   0.034009   0.040968    0.04938   0.059514   0.071682   0.086247   0.103624   0.124295   0.148808    0.17779   0.211952   0.252101   0.299147    0.35411   0.418134
         0   0.000357   0.000711   0.001059   0.001397   0.001724   0.002037   0.002333   0.002612   0.002873   0.003114   0.003337   0.003542   0.003733    0.00391   0.004079   0.004246   0.004415   0.004597     0.0048   0.005039   0.005328   0.005684   0.006131   0.006694   0.007405   0.008303   0.009432   0.010848   0.012615   0.014809   0.017524   0.020868    0.02497   0.029984   0.036086   0.043488   0.052435   0.063213   0.076155   0.091646   0.110128   0.132114   0.158187   0.189012   0.225346   0.268049   0.318086   0.376545   0.444641
         0   0.000373   0.000743   0.001106   0.001459   0.001801   0.002127   0.002436   0.002727   0.002999    0.00325   0.003483   0.003696   0.003894   0.004079   0.004255   0.004429   0.004606   0.004795   0.005009    0.00526   0.005564   0.005939    0.00641   0.007005   0.007756   0.008704   0.009898   0.011395   0.013262   0.015582   0.018453   0.021989   0.026327   0.031627    0.03808   0.045906   0.055366   0.066763   0.080448   0.096826    0.11637   0.139616   0.167184   0.199777   0.238195   0.283348   0.336254   0.398066   0.470067
         0   0.000389   0.000774   0.001151   0.001519   0.001875   0.002215   0.002536   0.002839   0.003122   0.003384   0.003625   0.003847   0.004053   0.004246   0.004429   0.004609   0.004793   0.004992   0.005215   0.005478   0.005796   0.006191   0.006685    0.00731     0.0081   0.009097   0.010353   0.011927    0.01389   0.016332   0.019351   0.023071   0.027634   0.033209   0.039997    0.04823    0.05818   0.070169   0.084564   0.101793    0.12235   0.146803     0.1758   0.210085   0.250496   0.297991   0.353642    0.41866   0.494396
         0   0.000405   0.000805   0.001198   0.001581    0.00195   0.002303   0.002638   0.002953   0.003246   0.003519    0.00377   0.004002   0.004215   0.004415   0.004606   0.004793   0.004986   0.005193   0.005427     0.0057   0.006033   0.006446   0.006965   0.007619   0.008446   0.009491   0.010805   0.012454   0.014511   0.017067   0.020229   0.024124   0.028902    0.03474   0.041848   0.050468   0.060887    0.07344   0.088512   0.106552   0.128077   0.153679   0.184041   0.219937   0.262249   0.311978   0.370246   0.438322    0.51762
         0   0.000421   0.000837   0.001246   0.001645   0.002029   0.002397   0.002746   0.003073   0.003379   0.003662   0.003924   0.004165   0.004388   0.004597   0.004795   0.004992   0.005193   0.005409   0.005653    0.00594   0.006288   0.006719   0.007261   0.007943   0.008808   0.009898    0.01127   0.012989   0.015135   0.017802     0.0211   0.025162   0.030146   0.036234   0.043645   0.052634     0.0635   0.076589   0.092306   0.111116    0.13356   0.160257   0.191915   0.229344   0.273464   0.325315   0.386073   0.457054   0.539737
         0   0.000439   0.000873     0.0013   0.001715   0.002116     0.0025   0.002864   0.003206   0.003526   0.003822   0.004096   0.004348   0.004581     0.0048   0.005009   0.005215   0.005427   0.005653   0.005909   0.006209   0.006572   0.007022   0.007587   0.008299   0.009199   0.010333   0.011761   0.013548    0.01578   0.018551   0.021979   0.026201    0.03138   0.037706   0.045407   0.054746   0.066035   0.079633    0.09596   0.115502   0.138818   0.166551    0.19944   0.238322   0.284154   0.338019   0.401134   0.474871   0.560764
         0   0.000459   0.000914    0.00136   0.001796   0.002216   0.002619      0.003    0.00336   0.003695   0.004007   0.004295   0.004561   0.004808   0.005039    0.00526   0.005478     0.0057    0.00594   0.006209   0.006524   0.006904   0.007374   0.007962   0.008704   0.009638   0.010816   0.012297   0.014152   0.016465   0.019338   0.022889   0.027263   0.032626   0.039178   0.047153   0.056823   0.068513   0.082593   0.099498   0.119731   0.143872   0.172585   0.206636   0.246891   0.294343    0.35011   0.415454   0.491795   0.580721
         0   0.000483   0.000962   0.001433   0.001892   0.002335   0.002759   0.003162   0.003542   0.003898   0.004228   0.004534   0.004818   0.005081   0.005328   0.005564   0.005796   0.006033   0.006288   0.006572   0.006904   0.007304   0.007796   0.008408   0.009179   0.010149    0.01137   0.012904   0.014822   0.017214   0.020183   0.023853    0.02837    0.03391   0.040676   0.048909   0.058894   0.070961   0.085495   0.102946   0.123831   0.148749   0.178387   0.213532   0.255083   0.304061    0.36162   0.429065    0.50786   0.599644
         0   0.000513   0.001021   0.001521   0.002008    0.00248   0.002931   0.003361   0.003766   0.004146   0.004501   0.004829   0.005133   0.005418   0.005684   0.005939   0.006191   0.006446   0.006719   0.007022   0.007374   0.007796    0.00831    0.00895   0.009752   0.010758   0.012023   0.013608   0.015589   0.018058    0.02112   0.024902   0.029556   0.035262    0.04223   0.050708   0.060989   0.073412   0.088375   0.106338   0.127837   0.153485   0.183993   0.220167   0.262935   0.313346    0.37259   0.442009   0.523109   0.617578
         0   0.000549   0.001094    0.00163   0.002152   0.002658   0.003143   0.003606   0.004043   0.004455   0.004839   0.005197   0.005528   0.005839   0.006131    0.00641   0.006685   0.006965   0.007261   0.007587   0.007962   0.008408    0.00895    0.00962   0.010454   0.011498   0.012807   0.014445   0.016488    0.01903    0.02218   0.026071   0.030856   0.036721    0.04388   0.052588   0.063147   0.075905    0.09127   0.109716    0.13179   0.158124   0.189446   0.226586   0.270494   0.322248   0.383071   0.454338   0.537598   0.634582
         0   0.000594   0.001184   0.001765   0.002331   0.002881   0.003409   0.003914   0.004392   0.004842   0.005264   0.005657   0.006025    0.00637   0.006694   0.007005    0.00731   0.007619   0.007943   0.008299   0.008704   0.009179   0.009752   0.010454   0.011324   0.012409   0.013764   0.015454   0.017559   0.020173   0.023411   0.027405   0.032316   0.038329    0.04567   0.054596   0.065417    0.07849   0.094232   0.113128   0.135741   0.162716     0.1948   0.232842   0.277816   0.330825   0.393122   0.466117   0.551394   0.650726
         0   0.000652   0.001298   0.001935   0.002556   0.003161   0.003743     0.0043   0.004829   0.005329   0.005799    0.00624   0.006652   0.007039   0.007405   0.007756     0.0081   0.008446   0.008808   0.009199   0.009638   0.010149   0.010758   0.011498   0.012409   0.013538   0.014939   0.016684   0.018851   0.021539   0.024861   0.028956   0.033986   0.040143   0.047654   0.056787   0.067854   0.081222   0.097317   0.116635    0.13975   0.167325   0.200118   0.239001   0.284968   0.339147   0.402817   0.477421   0.564577   0.666097
         0   0.000723    0.00144   0.002147    0.00284   0.003513   0.004163   0.004785   0.005379   0.005942   0.006473   0.006973   0.007442   0.007884   0.008303   0.008704   0.009097   0.009491   0.009898   0.010333   0.010816    0.01137   0.012023   0.012807   0.013764   0.014939   0.016393   0.018196   0.020427   0.023188   0.026594   0.030787   0.035932   0.042226   0.049901   0.059227   0.070525    0.08417   0.100595   0.120307   0.143891   0.172022   0.205477   0.245142   0.292032   0.347298   0.412244   0.488342   0.577243   0.680795
         0   0.000812   0.001619   0.002415   0.003194   0.003953   0.004688   0.005394   0.006069   0.006712    0.00732   0.007894   0.008435   0.008947   0.009432   0.009898   0.010353   0.010805    0.01127   0.011761   0.012297   0.012904   0.013608   0.014445   0.015454   0.016684   0.018196   0.020059   0.022357   0.025192   0.028684   0.032973   0.038231   0.044657   0.052485   0.061995   0.073512   0.087415   0.104149   0.124229   0.148249   0.176899   0.210966   0.251358   0.299103   0.355377   0.421505   0.498986   0.589503   0.694936
         0   0.000923   0.001842   0.002748   0.003638   0.004505   0.005346   0.006156   0.006934   0.007675    0.00838   0.009047   0.009679   0.010278   0.010848   0.011395   0.011927   0.012454   0.012989   0.013548   0.014152   0.014822   0.015589   0.016488   0.017559   0.018851   0.020427   0.022357   0.024727   0.027639   0.031217   0.035604   0.040973   0.047526   0.055503   0.065188    0.07691   0.091057    0.10808   0.128501   0.152927   0.182057   0.216693   0.257756   0.306294   0.363498   0.430719   0.509478   0.601487   0.708656
         0   0.001063   0.002119   0.003164    0.00419   0.005192   0.006166   0.007106   0.008011   0.008876   0.009702   0.010487   0.011232    0.01194   0.012615   0.013262    0.01389   0.014511   0.015135    0.01578   0.016465   0.017214   0.018058    0.01903   0.020173   0.021539   0.023188   0.025192   0.027639   0.030635   0.034302   0.038788   0.044265   0.050944   0.059065   0.068917   0.080834    0.09521   0.112503   0.133243   0.158046   0.187621   0.222784   0.264467   0.313734   0.371797   0.440025   0.519962   0.613344   0.722113
         0   0.001236   0.002464    0.00368   0.004874   0.006044   0.007183   0.008285   0.009348   0.010368   0.011343   0.012273   0.013159   0.014003   0.014809   0.015582   0.016332   0.017067   0.017802   0.018551   0.019338   0.020183    0.02112    0.02218   0.023411   0.024861   0.026594   0.028684   0.031217   0.034302   0.038063    0.04265    0.04824   0.055042   0.063304   0.073317    0.08542   0.100013   0.117559   0.138597    0.16375   0.193738   0.229386   0.271641   0.321582   0.380434   0.449587   0.530606    0.62525   0.735488
         0   0.001449    0.00289   0.004317   0.005722   0.007098    0.00844   0.009742      0.011   0.012211   0.013372   0.014484   0.015544   0.016556   0.017524   0.018453   0.019351   0.020229     0.0211   0.021979   0.022889   0.023853   0.024902   0.026071   0.027405   0.028956   0.030787   0.032973   0.035604   0.038788    0.04265   0.047344   0.053048   0.059977   0.068378   0.078547   0.090829   0.105627   0.123412   0.144728   0.170207   0.200577   0.236674   0.279456   0.330016   0.389594   0.459595   0.541607   0.637407   0.748988
         0   0.001711   0.003415   0.005101   0.006764   0.008395   0.009988   0.011536   0.013035   0.014482   0.015873   0.017206   0.018481   0.019701   0.020868   0.021989   0.023071   0.024124   0.025162   0.026201   0.027263    0.02837   0.029556   0.030856   0.032316   0.033986   0.035932   0.038231   0.040973   0.044265    0.04824   0.053048   0.058874    0.06593   0.074472   0.084795   0.097251   0.112246   0.130257   0.151835   0.177617   0.208341   0.244854   0.288121   0.339248   0.399491   0.470271   0.553188   0.650045   0.762854
         0   0.002033   0.004057   0.006063   0.008042   0.009985   0.011885   0.013736   0.015531   0.017267   0.018939   0.020544   0.022083   0.023558    0.02497   0.026327   0.027634   0.028902   0.030146    0.03138   0.032626    0.03391   0.035262   0.036721   0.038329   0.040143   0.042226   0.044657   0.047526   0.050944   0.055042   0.059977    0.06593   0.073121   0.081805   0.092283   0.104909   0.120095   0.138322   0.160147   0.186214   0.217268   0.254163   0.297877   0.349526   0.410379   0.481868   0.565614   0.663434   0.777362
         0   0.002427   0.004843   0.007238   0.009603   0.011928   0.014204   0.016425   0.018582    0.02067   0.022684   0.024623   0.026485   0.028271   0.029984   0.031627   0.033209    0.03474   0.036234   0.037706   0.039178   0.040676    0.04223    0.04388    0.04567   0.047654   0.049901   0.052485   0.055503   0.059065   0.063304   0.068378   0.074472   0.081805   0.090638   0.101273    0.11407   0.129443   0.147877   0.169937   0.196272   0.227634   0.264884    0.30901   0.361139   0.422548   0.494686   0.579186   0.677883   0.792828
         0   0.002905   0.005798   0.008668   0.011503   0.014293   0.017027   0.019696   0.022293   0.024811   0.027243   0.029589   0.031844   0.034009   0.036086    0.03808   0.039997   0.041848   0.043645   0.045407   0.047153   0.048909   0.050708   0.052588   0.054596   0.056787   0.059227   0.061995   0.065188   0.068917   0.073317   0.078547   0.084795   0.092283   0.101273   0.112073   0.125043   0.140602    0.15924   0.181525   0.208114   0.239765   0.277346   0.321852   0.374421   0.436339    0.50907   0.594256   0.693749   0.809617
         0   0.003485   0.006958   0.010402   0.013808   0.017161   0.020449   0.023664   0.026795   0.029833   0.032774   0.035612   0.038343   0.040968   0.043488   0.045906    0.04823   0.050468   0.052634   0.054746   0.056823   0.058894   0.060989   0.063147   0.065417   0.067854   0.070525   0.073512    0.07691   0.080834    0.08542   0.090829   0.097251   0.104909    0.11407   0.125043    0.13819   0.153937   0.172778   0.195283   0.222116   0.254039   0.291929    0.33679   0.389763   0.452149   0.525419    0.61123   0.711445   0.828148
         0   0.004187   0.008359   0.012499   0.016593   0.020627   0.024586   0.028459   0.032235   0.035905   0.039459   0.042892   0.046199    0.04938   0.052435   0.055366    0.05818   0.060887     0.0635   0.066035   0.068513   0.070961   0.073412   0.075905    0.07849   0.081222    0.08417   0.087415   0.091057    0.09521   0.100013   0.105627   0.112246   0.120095   0.129443   0.140602   0.153937   0.169878   0.188922   0.211644   0.238714   0.270898    0.30908   0.354269   0.407618   0.470433   0.544196   0.630574   0.731445   0.848903
         0   0.005033   0.010046   0.015024   0.019948   0.024802    0.02957   0.034237    0.03879   0.043218   0.047511   0.051661   0.055663   0.059514   0.063213   0.066763   0.070169    0.07344   0.076589   0.079633   0.082593   0.085495   0.088375    0.09127   0.094232   0.097317   0.100595   0.104149    0.10808   0.112503   0.117559   0.123412   0.130257   0.138322   0.147877    0.15924   0.172778   0.188922   0.208174   0.231115   0.258418   0.290855   0.329315   0.374813    0.42851   0.491721   0.565935   0.652831   0.754294   0.872435
         0   0.006047   0.012073   0.018056   0.023977   0.029816   0.035553   0.041174   0.046661      0.052    0.05718   0.062191   0.067027   0.071682   0.076155   0.080448   0.084564   0.088512   0.092306    0.09596   0.099498   0.102946   0.106338   0.109716   0.113128   0.116635   0.120307   0.124229   0.128501   0.133243   0.138597   0.144728   0.151835   0.160147   0.169937   0.181525   0.195283   0.211644   0.231115   0.254281   0.281817   0.314502   0.353229   0.399022   0.453046   0.516623   0.591251   0.678618    0.78062   0.899378
         0   0.007261   0.014498   0.021685   0.028799   0.035816   0.042716   0.049477   0.056081    0.06251   0.068753   0.074796   0.080628   0.086247   0.091646   0.096826   0.101793   0.106552   0.111116   0.115502   0.119731   0.123831   0.127837    0.13179   0.135741    0.13975   0.143891   0.148249   0.152927   0.158046    0.16375   0.170207   0.177617   0.186214   0.196272   0.208114   0.222116   0.238714   0.258418   0.281817   0.309591   0.342524   0.381514   0.427589   0.481921    0.54584   0.620852   0.708651   0.811143   0.930458
         0    0.00871   0.017391   0.026015   0.034552   0.042976   0.051261   0.059383    0.06732   0.075052   0.082561   0.089834   0.096858   0.103624   0.110128    0.11637    0.12235   0.128077    0.13356   0.138818   0.143872   0.148749   0.153485   0.158124   0.162716   0.167325   0.172022   0.176899   0.182057   0.187621   0.193738   0.200577   0.208341   0.217268   0.227634   0.239765   0.254039   0.270898   0.290855   0.314502   0.342524   0.375709    0.41496   0.461311   0.515939   0.580182   0.655549   0.743745   0.846684   0.966504
         0   0.010434   0.020833   0.031165   0.041395   0.051492   0.061425   0.071167   0.080689   0.089969   0.098986   0.107722   0.116162   0.124295   0.132114   0.139616   0.146803   0.153679   0.160257   0.166551   0.172585   0.178387   0.183993   0.189446     0.1948   0.200118   0.205477   0.210966   0.216693   0.222784   0.229386   0.236674   0.244854   0.254163   0.264884   0.277346   0.291929    0.30908   0.329315   0.353229   0.381514    0.41496   0.454476   0.501101   0.556018   0.620567   0.696269   0.784834   0.888183   1.008462
         0   0.012478   0.024915   0.037272    0.04951   0.061591   0.073479    0.08514   0.096543    0.10766   0.118464   0.128936   0.139055   0.148808   0.158187   0.167184     0.1758   0.184041   0.191915    0.19944   0.206636   0.213532   0.220167   0.226586   0.232842   0.239001   0.245142   0.251358   0.257756   0.264467   0.271641   0.279456   0.288121   0.297877    0.30901   0.321852    0.33679   0.354269   0.374813   0.399022   0.427589   0.461311   0.501101   0.548002   0.603203   0.668052   0.744072   0.832982    0.93671   1.057409
         0   0.014894   0.029741   0.044493   0.059105   0.073532    0.08773   0.101662   0.115288   0.128576   0.141493   0.154016   0.166121    0.17779   0.189012   0.199777   0.210085   0.219937   0.229344   0.238322   0.246891   0.255083   0.262935   0.270494   0.277816   0.284968   0.292032   0.299103   0.306294   0.313734   0.321582   0.330016   0.339248   0.349526   0.361139   0.374421   0.389763   0.407618    0.42851   0.453046   0.481921   0.515939   0.556018   0.603203   0.658691   0.723834   0.800161   0.889399   0.993478   1.114565
         0   0.017743   0.035429   0.053005   0.070415   0.087606   0.104529   0.121136   0.137383    0.15323   0.168639   0.183579   0.198024   0.211952   0.225346   0.238195   0.250496   0.262249   0.273464   0.284154   0.294343   0.304061   0.313346   0.322248   0.330825   0.339147   0.347298   0.355377   0.363498   0.371797   0.380434   0.389594   0.399491   0.410379   0.422548   0.436339   0.452149   0.470433   0.491721   0.516623    0.54584   0.580182   0.620567   0.668052   0.723834   0.789272   0.865902   0.955453   1.059867   1.181312
         0   0.021091   0.042116   0.063009   0.083707   0.104147   0.124272   0.144024    0.16335   0.182204   0.200541   0.218324    0.23552   0.252101   0.268049   0.283348   0.297991   0.311978   0.325315   0.338019    0.35011    0.36162    0.37259   0.383071   0.393122   0.402817   0.412244   0.421505   0.430719   0.440025   0.449587   0.459595   0.470271   0.481868   0.494686    0.50907   0.525419   0.544196   0.565935   0.591251   0.620852   0.655549   0.696269   0.744072   0.800161   0.865902   0.942834   1.032693   1.137426   1.259207
         0   0.025013   0.049948    0.07473   0.099281    0.12353   0.147405   0.170842   0.193778   0.216156   0.237923   0.259037   0.279455   0.299147   0.318086   0.336254   0.353642   0.370246   0.386073   0.401134   0.415454   0.429065   0.442009   0.454338   0.466117   0.477421   0.488342   0.498986   0.509478   0.519962   0.530606   0.541607   0.553188   0.565614   0.579186   0.594256    0.61123   0.630574   0.652831   0.678618   0.708651   0.743745   0.784834   0.832982   0.889399   0.955453   1.032693   1.122858   1.227902   1.350004
         0   0.029596   0.059101   0.088424   0.117477   0.146174   0.174433   0.202174   0.229326   0.255821   0.281598   0.306601   0.330785    0.35411   0.376545   0.398066    0.41866   0.438322   0.457054   0.474871   0.491795    0.50786   0.523109   0.537598   0.551394   0.564577   0.577243   0.589503   0.601487   0.613344    0.62525   0.637407   0.650045   0.663434   0.677883   0.693749   0.711445   0.731445   0.754294    0.78062   0.811143   0.846684   0.888183    0.93671   0.993478   1.059867   1.137426   1.227902   1.333253   1.455668
         0   0.034934   0.069762   0.104376   0.138672   0.172551   0.205915   0.238671   0.270735   0.302026   0.332471   0.362007   0.390577   0.418134   0.444641   0.470067   0.494396    0.51762   0.539737   0.560764   0.580721   0.599644   0.617578   0.634582   0.650726   0.666097   0.680795   0.694936   0.708656   0.722113   0.735488   0.748988   0.762854   0.777362   0.792828   0.809617   0.828148   0.848903   0.872435   0.899378   0.930458   0.966504   1.008462   1.057409   1.114565   1.181312   1.259207   1.350004   1.455668   1.578389