         0          0          0          0          0          0          0          0          0          0          0          0          0          0          0          0          0          0          0          0          0          0          0          0          0          0          0          0          0          0          0          0          0          0          0          0          0          0          0          0          0          0          0          0          0          0          0          0          0          0
         0      4e-05    8.1e-05   0.000122   0.000165   0.000209   0.000256   0.000305   0.000358   0.000415   0.000478   0.000549   0.000628   0.000716   0.000816   0.000932   0.001065   0.001219   0.001397   0.001605   0.001846   0.002128   0.002457   0.002841   0.003287   0.003808   0.004413   0.005117   0.005933   0.006879   0.007973   0.009235   0.010689   0.012361   0.014281   0.016478   0.018991   0.021857   0.025121   0.028829   0.033033    0.03779   0.043162   0.049216   0.056023   0.063662   0.072217   0.081779   0.092442   0.104309
         0    8.1e-05   0.000163   0.000246   0.000331    0.00042   0.000513   0.000612   0.000718   0.000834    0.00096   0.001101   0.001258   0.001436   0.001637   0.001869   0.002134   0.002442   0.002799   0.003213   0.003697    0.00426   0.004918   0.005684   0.006577   0.007617   0.008828   0.010233   0.011865   0.013754   0.015939   0.018461   0.021366   0.024707   0.028541   0.032934   0.037954    0.04368   0.050202    0.05761    0.06601   0.075514   0.086247   0.098341   0.111942   0.127204   0.144297   0.163399   0.184704   0.208415
         0   0.000122   0.000246   0.000371     0.0005   0.000635   0.000775   0.000925   0.001086   0.001259    0.00145   0.001661   0.001898   0.002164   0.002467   0.002814   0.003213   0.003675    0.00421   0.004832   0.005556     0.0064   0.007386   0.008534   0.009872    0.01143   0.013243    0.01535   0.017792   0.020622   0.023895   0.027671   0.032022   0.037025   0.042767   0.049344   0.056861   0.065438   0.075201   0.086295   0.098873   0.113106   0.129177   0.147287   0.167652   0.190506   0.216102   0.244705   0.276607   0.312113
         0   0.000165   0.000331     0.0005   0.000675   0.000855   0.001044   0.001246   0.001461   0.001694    0.00195   0.002233   0.002549   0.002906   0.003311   0.003774   0.004307   0.004922   0.005636   0.006465    0.00743   0.008554   0.009866   0.011395   0.013176    0.01525   0.017662   0.020464   0.023715   0.027481   0.031833   0.036858   0.042646   0.049301   0.056939   0.065687   0.075687   0.087095   0.100083   0.114839   0.131569   0.150501   0.171877   0.195966   0.223054   0.253454   0.287497   0.325544   0.367978   0.415204
         0   0.000209    0.00042   0.000635   0.000855   0.001084   0.001323   0.001577   0.001849   0.002144   0.002466   0.002821   0.003219   0.003666   0.004174   0.004755   0.005421   0.006191   0.007082   0.008118   0.009323   0.010728   0.012363   0.014271   0.016493   0.019079   0.022087   0.025581   0.029634   0.034327   0.039753   0.046015    0.05323   0.061524   0.071043   0.081945   0.094407   0.108624   0.124809   0.143198   0.164047   0.187638   0.214277   0.244295   0.278051   0.315933   0.358356   0.405767   0.458644   0.517494
         0   0.000256   0.000513   0.000775   0.001044   0.001323   0.001616   0.001925   0.002255   0.002612   0.003002   0.003433   0.003912   0.004452   0.005064   0.005762   0.006564   0.007488   0.008558   0.009801   0.011245   0.012927   0.014887    0.01717   0.019829   0.022925   0.026524   0.030703    0.03555   0.041164   0.047652   0.055141   0.063767   0.073685   0.085066   0.098101   0.113001   0.129998   0.149348   0.171332   0.196258   0.224461   0.256308   0.292194   0.332549   0.377836   0.428552   0.485231   0.548444   0.618796
         0   0.000305   0.000612   0.000925   0.001246   0.001577   0.001925   0.002291   0.002683   0.003105   0.003566   0.004072   0.004637    0.00527   0.005988   0.006806   0.007743   0.008823   0.010072    0.01152   0.013204   0.015163   0.017444     0.0201   0.023193   0.026793   0.030978   0.035836    0.04147   0.047993   0.055533   0.064233   0.074256   0.085778      0.099   0.114142    0.13145   0.151193   0.173669   0.199206   0.228157   0.260917   0.297907   0.339589   0.386462   0.439062   0.497968     0.5638   0.637221   0.718934
         0   0.000358   0.000718   0.001086   0.001461   0.001849   0.002255   0.002683   0.003138   0.003629   0.004162   0.004749   0.005401   0.006131   0.006956   0.007895    0.00897   0.010206   0.011634   0.013289   0.015211   0.017446   0.020046   0.023073   0.026597   0.030695   0.035459   0.040988     0.0474   0.054821   0.063399   0.073296   0.084695     0.0978   0.112837   0.130058    0.14974   0.172191    0.19775   0.226786   0.259708   0.296957   0.339018   0.386413   0.439708   0.499517   0.566495   0.641349    0.72483    0.81774
         0   0.000415   0.000834   0.001259   0.001694   0.002144   0.002612   0.003105   0.003629   0.004192   0.004802   0.005472   0.006214   0.007044   0.007979   0.009041   0.010256   0.011649   0.013258    0.01512   0.017279   0.019789   0.022708   0.026103   0.030053   0.034645   0.039981   0.046173   0.053351   0.061659   0.071259   0.082336   0.095091   0.109754   0.126578   0.145843   0.167862   0.192979   0.221569   0.254051   0.290877   0.332543   0.379591   0.432605   0.492219   0.559117   0.634035    0.71776   0.811136   0.915058
         0   0.000478    0.00096    0.00145    0.00195   0.002466   0.003002   0.003566   0.004162   0.004802   0.005495   0.006253   0.007089   0.008022   0.009071    0.01026   0.011615    0.01317   0.014961   0.017031   0.019428   0.022211   0.025446   0.029206   0.033578   0.038659   0.044559   0.051406   0.059339    0.06852   0.079127   0.091363   0.105451   0.121646   0.140225     0.1615   0.185815   0.213548   0.245116   0.280979   0.321639   0.367642   0.419585   0.478115    0.54393   0.617788   0.700498   0.792932   0.896019   1.010749
         0   0.000549   0.001101   0.001661   0.002233   0.002821   0.003433   0.004072   0.004749   0.005472   0.006253   0.007103    0.00804    0.00908   0.010248   0.011567   0.013069   0.014786   0.016761    0.01904   0.021676   0.024733   0.028282   0.032404   0.037195   0.042758   0.049217   0.056707   0.065385   0.075423   0.087019   0.100393   0.115793    0.13349   0.153791   0.177036   0.203601   0.233898   0.268385   0.307562   0.351978   0.402229   0.458968   0.522901   0.594792   0.675465   0.765808   0.866772   0.979371   1.104687
         0   0.000628   0.001258   0.001898   0.002549   0.003219   0.003912   0.004637   0.005401   0.006214   0.007089    0.00804   0.009082   0.010237   0.011529   0.012984   0.014634    0.01652   0.018681   0.021171   0.024048   0.027379   0.031241   0.035724   0.040929    0.04697   0.053979   0.062103   0.071512   0.082394   0.094961   0.109452   0.126133   0.145302    0.16729   0.192464    0.22123   0.254038   0.291379   0.333798   0.381885   0.436291   0.497719   0.566934   0.644764   0.732101   0.829905   0.939205   1.061102   1.196764
         0   0.000716   0.001436   0.002164   0.002906   0.003666   0.004452    0.00527   0.006131   0.007044   0.008022    0.00908   0.010237   0.011514   0.012937   0.014534    0.01634   0.018396    0.02075   0.023455   0.026575   0.030181   0.034356   0.039198   0.044813   0.051326   0.058877   0.067627   0.077755   0.089464   0.102983   0.118568   0.136504   0.157114    0.18075   0.207808   0.238725   0.273982   0.314111   0.359692   0.411366   0.469824   0.535828   0.610197    0.69382   0.787657    0.89274   1.010173   1.141138   1.286893
         0   0.000816   0.001637   0.002467   0.003311   0.004174   0.005064   0.005988   0.006956   0.007979   0.009071   0.010248   0.011529   0.012937   0.014498   0.016246   0.018215    0.02045   0.023001   0.025925   0.029289   0.033173   0.037663   0.042862   0.048885   0.055865   0.063952   0.073317   0.084151   0.096672   0.111123   0.127779   0.146943   0.168958   0.194204     0.2231   0.256114    0.29376   0.336604   0.385269   0.440432    0.50284   0.573298   0.652685    0.74195   0.842115   0.954283   1.079633   1.219426   1.375006
         0   0.000932   0.001869   0.002814   0.003774   0.004755   0.005762   0.006806   0.007895   0.009041    0.01026   0.011567   0.012984   0.014534   0.016246   0.018152   0.020294   0.022715   0.025469   0.028619   0.032234   0.036398   0.041204   0.046761    0.05319   0.060634   0.069251   0.079221    0.09075   0.104066    0.11943   0.137132   0.157495   0.180881   0.207695   0.238382   0.273438   0.313408   0.358895   0.410555   0.469115   0.535359   0.610149   0.694412   0.789158   0.895472   1.014523   1.147565   1.295933   1.461055
         0   0.001065   0.002134   0.003213   0.004307   0.005421   0.006564   0.007743    0.00897   0.010256   0.011615   0.013069   0.014634    0.01634   0.018215   0.020294   0.022618   0.025236   0.028204   0.031586   0.035459   0.039909   0.045034   0.050949   0.057784   0.065689   0.074829   0.085397   0.097608   0.111706   0.127962   0.146686   0.168218   0.192942   0.221281   0.253711   0.290751   0.332979    0.38103   0.435602   0.497455   0.567423   0.646413   0.735406   0.835467   0.947744   1.073469   1.213966   1.370649   1.545022
         0   0.001219   0.002442   0.003675   0.004922   0.006191   0.007488   0.008823   0.010206   0.011649    0.01317   0.014786    0.01652   0.018396    0.02045   0.022715   0.025236   0.028064   0.031255   0.034882   0.039019   0.043761   0.049212   0.055489   0.062732   0.071094   0.080753   0.091911   0.104795   0.119658   0.136789   0.156511   0.179182   0.205207   0.235031   0.269152   0.308118   0.352538   0.403076   0.460466   0.525511   0.599086   0.682142   0.775714   0.880919   0.998966    1.13115   1.278861   1.443587   1.626911
         0   0.001397   0.002799    0.00421   0.005636   0.007082   0.008558   0.010072   0.011634   0.013258   0.014961   0.016761   0.018681    0.02075   0.023001   0.025469   0.028204   0.031255   0.034687   0.038568   0.042984   0.048027   0.053809   0.060453   0.068106   0.076926   0.087103   0.098845   0.112391   0.128006   0.145992   0.166689   0.190471   0.217761   0.249028   0.284791   0.325624   0.372166   0.425112    0.48523   0.553362   0.630422   0.717407   0.815403   0.925579   1.049198   1.187618   1.342297    1.51479   1.706752
         0   0.001605   0.003213   0.004832   0.006465   0.008118   0.009801    0.01152   0.013289    0.01512   0.017031    0.01904   0.021171   0.023455   0.025925   0.028619   0.031586   0.034882   0.038568   0.042722   0.047427   0.052785   0.058908   0.065928   0.073994   0.083277   0.093969    0.10629    0.12049   0.136845   0.155671   0.177319   0.202184   0.230706   0.263372   0.300727   0.343369   0.391963   0.447235   0.509989   0.581099   0.661524   0.752302   0.854564   0.969531   1.098522   1.242954   1.404346   1.584322    1.78461
         0   0.001846   0.003697   0.005556    0.00743   0.009323   0.011245   0.013204   0.015211   0.017279   0.019428   0.021676   0.024048   0.026575   0.029289   0.032234   0.035459   0.039019   0.042984   0.047427    0.05244   0.058127   0.064605   0.072009   0.080498   0.090246   0.101456   0.114357   0.129202   0.146287   0.165936   0.188517   0.214438   0.244157   0.278182   0.317079   0.361471   0.412047   0.469567   0.534863   0.608845    0.69251   0.786939   0.893308   1.012887   1.147047   1.297261   1.465111   1.652284   1.860578
         0   0.002128    0.00426     0.0064   0.008554   0.010728   0.012927   0.015163   0.017446   0.019789   0.022211   0.024733   0.027379   0.030181   0.033173   0.036398   0.039909   0.043761   0.048027   0.052785   0.058127   0.064161   0.071009   0.078814   0.087736   0.097958   0.109689   0.123167   0.138658   0.156464   0.176924   0.200416   0.227368   0.258252   0.293597   0.333986    0.38007   0.432562   0.492248   0.559992   0.636739   0.723522   0.821462   0.931777   1.055787    1.19491   1.350677   1.524725   1.718806   1.934784
         0   0.002457   0.004918   0.007386   0.009866   0.012363   0.014887   0.017444   0.020046   0.022708   0.025446   0.028282   0.031241   0.034356   0.037663   0.041204   0.045034   0.049212   0.053809   0.058908   0.064605   0.071009    0.07825   0.086471   0.095841   0.106549    0.11881   0.132869   0.149004   0.167524   0.188784   0.213172   0.241131   0.273151   0.309776   0.351613   0.399331    0.45367   0.515443   0.585544    0.66495   0.754728   0.856037   0.970139   1.098397    1.24228   1.403367   1.583355   1.784054   2.007389
         0   0.002841   0.005684   0.008534   0.011395   0.014271    0.01717     0.0201   0.023073   0.026103   0.029206   0.032404   0.035724   0.039198   0.042862   0.046761   0.050949   0.055489   0.060453   0.065928   0.072009   0.078814   0.086471   0.095132    0.10497   0.116178   0.128979   0.143628   0.160409   0.179643   0.201694   0.226965    0.25591   0.289037   0.326908   0.370147   0.419445   0.475566    0.53935   0.611716   0.693674   0.786324   0.890865   1.008594   1.140919   1.289356   1.455534   1.641202   1.848227   2.078599
         0   0.003287   0.006577   0.009872   0.013176   0.016493   0.019829   0.023193   0.026597   0.030053   0.033578   0.037195   0.040929   0.044813   0.048885    0.05319   0.057784   0.062732   0.068106   0.073994   0.080498   0.087736   0.095841    0.10497   0.115297   0.127026   0.140385   0.155635   0.173069   0.193018   0.215855   0.241998   0.271914   0.306123   0.345206   0.389804   0.440632   0.498472   0.564189   0.638733   0.723139   0.818543   0.926176   1.047376   1.183589   1.336376   1.507417   1.698507    1.91157   2.148654
         0   0.003808   0.007617    0.01143    0.01525   0.019079   0.022925   0.026793   0.030695   0.034645   0.038659   0.042758    0.04697   0.051326   0.055865   0.060634   0.065689   0.071094   0.076926   0.083277   0.090246   0.097958   0.106549   0.116178   0.127026   0.139301   0.153239   0.169106   0.187204   0.207875     0.2315   0.258508    0.28938   0.324651   0.364917   0.410837   0.463143   0.522642   0.590222   0.666856   0.753611    0.85165    0.96224   1.086754    1.22668   1.383618   1.559293   1.755552   1.974366   2.217842
         0   0.004413   0.008828   0.013243   0.017662   0.022087   0.026524   0.030978   0.035459   0.039981   0.044559   0.049217   0.053979   0.058877   0.063952   0.069251   0.074829   0.080753   0.087103   0.093969   0.101456   0.109689    0.11881   0.128979   0.140385   0.153239   0.167782   0.184289    0.20307   0.224472    0.24889   0.276762   0.308582   0.344897    0.38632   0.433526   0.487267   0.548368    0.61774   0.696384   0.785389    0.88595   0.999367   1.127044   1.270508   1.431399   1.611486   1.812661   2.036947   2.286499
         0   0.005117   0.010233    0.01535   0.020464   0.025581   0.030703   0.035836   0.040988   0.046173   0.051406   0.056707   0.062103   0.067627   0.073317   0.079221   0.085397   0.091911   0.098845    0.10629   0.114357   0.123167   0.132869   0.143628   0.155635   0.169106   0.184289   0.201465    0.22095   0.243103   0.268324   0.297064   0.329826   0.367175   0.409734   0.458197   0.513331   0.575982   0.647084   0.727656   0.818819   0.921793   1.037906   1.168599   1.315433   1.480085   1.664366   1.870211   2.099691    2.35501
         0   0.005933   0.011865   0.017792   0.023715   0.029634    0.03555    0.04147     0.0474   0.053351   0.059339   0.065385   0.071512   0.077755   0.084151    0.09075   0.097608   0.104795   0.112391    0.12049   0.129202   0.138658   0.149004   0.160409   0.173069   0.187204    0.20307    0.22095   0.241171   0.264097   0.290138   0.319755   0.353465    0.39184   0.435519   0.485213   0.541705    0.60586   0.678628   0.761058   0.854289   0.959571   1.078259   1.211826   1.361864   1.530091   1.718353   1.928628   2.163031   2.423813
         0   0.006879   0.013754   0.020622   0.027481   0.034327   0.041164   0.047993   0.054821   0.061659    0.06852   0.075423   0.082394   0.089464   0.096672   0.104066   0.111706   0.119658   0.128006   0.136845   0.146287   0.156464   0.167524   0.179643   0.193018   0.207875   0.224472   0.243103   0.264097   0.287827   0.314713   0.345224   0.379889    0.41929   0.464083   0.514988   0.572807   0.638423   0.712807   0.797025   0.892241   0.999731   1.120877   1.257181   1.410267   1.581886   1.773923   1.988395   2.227458   2.493406
         0   0.007973   0.015939   0.023895   0.031833   0.039753   0.047652   0.055533   0.063399   0.071259   0.079127   0.087019   0.094961   0.102983   0.111123    0.11943   0.127962   0.136789   0.145992   0.155671   0.165936   0.176924   0.188784   0.201694   0.215855     0.2315    0.24889   0.268324   0.290138   0.314713   0.342476   0.373907   0.409542   0.449978   0.495879   0.547984   0.607108    0.67415     0.7501   0.836044   0.933171   1.042775   1.166267   1.305177    1.46116   1.635999   1.831612   2.050054   2.293521   2.564351
         0   0.009235   0.018461   0.027671   0.036858   0.046015   0.055141   0.064233   0.073296   0.082336   0.091363   0.100393   0.109452   0.118568   0.127779   0.137132   0.146686   0.156511   0.166689   0.177319   0.188517   0.200416   0.213172   0.226965   0.241998   0.258508   0.276762   0.297064   0.319755   0.345224   0.373907   0.406291   0.442921   0.484406   0.531423   0.584722   0.645134   0.713575    0.79105   0.878666   0.977631   1.089263   1.214999   1.356393   1.515128    1.69302   1.892018   2.114213    2.36184   2.637273
         0   0.010689   0.021366   0.032022   0.042646    0.05323   0.063767   0.074256   0.084695   0.095091   0.105451   0.115793   0.126133   0.136504   0.146943   0.157495   0.168218   0.179182   0.190471   0.202184   0.214438   0.227368   0.241131    0.25591   0.271914    0.28938   0.308582   0.329826   0.353465   0.379889   0.409542   0.442921    0.48058    0.52314   0.571286   0.625784   0.687476   0.757293   0.836261     0.9255   1.026242   1.139824   1.267706   1.411469   1.572823   1.753609   1.955811   2.181553   2.433101   2.712871
         0   0.012361   0.024707   0.037025   0.049301   0.061524   0.073685   0.085778     0.0978   0.109754   0.121646    0.13349   0.145302   0.157114   0.168958   0.180881   0.192942   0.205207   0.217761   0.230706   0.244157   0.258252   0.273151   0.289037   0.306123   0.324651   0.344897   0.367175    0.39184    0.41929   0.449978   0.484406    0.52314   0.566806   0.616106   0.671815   0.734787   0.805972   0.886406   0.977232   1.079695   1.195158     1.3251   1.471124   1.634968   1.818501   2.023734   2.252824   2.508069   2.791922
         0   0.014281   0.028541   0.042767   0.056939   0.071043   0.085066      0.099   0.112837   0.126578   0.140225   0.153791    0.16729    0.18075   0.194204   0.207695   0.221281   0.235031   0.249028   0.263372   0.278182   0.293597   0.309776   0.326908   0.345206   0.364917    0.38632   0.409734   0.435519   0.464083   0.495879   0.531423   0.571286   0.616106   0.666593   0.723535     0.7878   0.860348   0.942235   1.034616   1.138758   1.256039   1.387961   1.536151   1.702368   1.888509   2.096613   2.328863   2.587593   2.875285
         0   0.016478   0.032934   0.049344   0.065687   0.081945   0.098101   0.114142   0.130058   0.145843     0.1615   0.177036   0.192464   0.207808     0.2231   0.238382   0.253711   0.269152   0.284791   0.300727   0.317079   0.333986   0.351613   0.370147   0.389804   0.410837   0.433526   0.458197   0.485213   0.514988   0.547984   0.584722   0.625784   0.671815   0.723535   0.781743   0.847322   0.921243   1.004576   1.098494   1.204278   1.323327   1.457161   1.607429   1.775913   1.964534   2.175357   2.410592   2.672604   2.963905
         0   0.018991   0.037954   0.056861   0.075687   0.094407   0.113001    0.13145    0.14974   0.167862   0.185815   0.203601    0.22123   0.238725   0.256114   0.273438   0.290751   0.308118   0.325624   0.343369   0.361471    0.38007   0.399331   0.419445   0.440632   0.463143   0.487267   0.513331   0.541705   0.572807   0.607108   0.645134   0.687476   0.734787     0.7878   0.847322   0.914247   0.989561   1.074346   1.169791   1.277194   1.397969   1.533658   1.685928   1.856582   2.047567   2.260968   2.499027   2.764131   3.058825
         0   0.021857    0.04368   0.065438   0.087095   0.108624   0.129998   0.151193   0.172191   0.192979   0.213548   0.233898   0.254038   0.273982    0.29376   0.313408   0.332979   0.352538   0.372166   0.391963   0.412047   0.432562    0.45367   0.475566   0.498472   0.522642   0.548368   0.575982    0.60586   0.638423    0.67415   0.713575   0.757293   0.805972   0.860348   0.921243   0.989561   1.066299   1.152555    1.24953   1.358538   1.481011   1.618507   1.772714   1.945455   2.138697   2.354551   2.595282   2.863303   3.161187
         0   0.025121   0.050202   0.075201   0.100083   0.124809   0.149348   0.173669    0.19775   0.221569   0.245116   0.268385   0.291379   0.314111   0.336604   0.358895    0.38103   0.403076   0.425112   0.447235   0.469567   0.492248   0.515443    0.53935   0.564189   0.590222    0.61774   0.647084   0.678628   0.712807     0.7501    0.79105   0.836261   0.886406   0.942235   1.004576   1.074346   1.152555   1.240311   1.338832   1.449445   1.573598   1.712867   1.868958   2.043713    2.23912   2.457312   2.700577   2.971353   3.272239
         0   0.028829    0.05761   0.086295   0.114839   0.143198   0.171332   0.199206   0.226786   0.254051   0.280979   0.307562   0.333798   0.359692   0.385269   0.410555   0.435602   0.460466    0.48523   0.509989   0.534863   0.559992   0.585544   0.611716   0.638733   0.666856   0.696384   0.727656   0.761058   0.797025   0.836044   0.878666     0.9255   0.977232   1.034616   1.098494   1.169791    1.24953   1.338832   1.438926   1.551156   1.676987   1.818006    1.97594   2.152649   2.350141   2.570571   2.816245   3.089629   3.393342
         0   0.033033    0.06601   0.098873   0.131569   0.164047   0.196258   0.228157   0.259708   0.290877   0.321639   0.351978   0.381885   0.411366   0.440432   0.469115   0.497455   0.525511   0.553362   0.581099   0.608845   0.636739    0.66495   0.693674   0.723139   0.753611   0.785389   0.818819   0.854289   0.892241   0.933171   0.977631   1.026242   1.079695   1.138758   1.204278   1.277194   1.358538   1.449445   1.551156   1.665031   1.792546   1.935308   2.095059   2.273676   2.473186   2.695765   2.943739   3.219597    3.52598
         0    0.03779   0.075514   0.113106   0.150501   0.187638   0.224461   0.260917   0.296957   0.332543   0.367642   0.402229   0.436291   0.469824    0.50284   0.535359   0.567423   0.599086   0.630422   0.661524    0.69251   0.723522   0.754728   0.786324   0.818543    0.85165    0.88595   0.921793   0.959571   0.999731   1.042775   1.089263   1.139824   1.195158   1.256039   1.323327   1.397969   1.481011   1.573598   1.676987   1.792546   1.921769    2.06628   2.227834   2.408327   2.609805   2.834459   3.084638    3.36285   3.671761
         0   0.043162   0.086247   0.129177   0.171877   0.214277   0.256308   0.297907   0.339018   0.379591   0.419585   0.458968   0.497719   0.535828   0.573298   0.610149   0.646413   0.682142   0.717407   0.752302   0.786939   0.821462   0.856037   0.890865   0.926176    0.96224   0.999367   1.037906   1.078259   1.120877   1.166267   1.214999   1.267706     1.3251   1.387961   1.457161   1.533658   1.618507   1.712867   1.818006   1.935308    2.06628    2.21256   2.375919   2.558271   2.761675   2.988347    3.24065   3.521114   3.832424
         0   0.049216   0.098341   0.147287   0.195966   0.244295   0.292194   0.339589   0.386413   0.432605   0.478115   0.522901   0.566934   0.610197   0.652685   0.694412   0.735406   0.775714   0.815403   0.854564   0.893308   0.931777   0.970139   1.008594   1.047376   1.086754   1.127044   1.168599   1.211826   1.257181   1.305177   1.356393   1.411469   1.471124   1.536151   1.607429   1.685928   1.772714   1.868958    1.97594   2.095059   2.227834   2.375919   2.541099   2.725307   2.930618   3.159262   3.413625   3.696253   4.009852
         0   0.056023   0.111942   0.167652   0.223054   0.278051   0.332549   0.386462   0.439708   0.492219    0.54393   0.594792   0.644764    0.69382    0.74195   0.789158   0.835467   0.880919   0.925579   0.969531   1.012887   1.055787   1.098397   1.140919   1.183589    1.22668   1.270508   1.315433   1.361864   1.410267    1.46116   1.515128   1.572823   1.634968   1.702368   1.775913   1.856582   1.945455   2.043713   2.152649   2.273676   2.408327   2.558271   2.725307   2.911383   3.118592   3.349182   3.605554   3.890274   4.206066
         0   0.063662   0.127204   0.190506   0.253454   0.315933   0.377836   0.439062   0.499517   0.559117   0.617788   0.675465   0.732101   0.787657   0.842115   0.895472   0.947744   0.998966   1.049198   1.098522   1.147047    1.19491    1.24228   1.289356   1.336376   1.383618   1.431399   1.480085   1.530091   1.581886   1.635999    1.69302   1.753609   1.818501   1.888509   1.964534   2.047567   2.138697    2.23912   2.350141   2.473186   2.609805   2.761675   2.930618   3.118592    3.32771   3.560231    3.81858   4.105335   4.423243
         0   0.072217   0.144297   0.216102   0.287497   0.358356   0.428552   0.497968   0.566495   0.634035   0.700498   0.765808   0.829905    0.89274   0.954283   1.014523   1.073469    1.13115   1.187618   1.242954   1.297261   1.350677   1.403367   1.455534   1.507417   1.559293   1.611486   1.664366   1.718353   1.773923   1.831612   1.892018   1.955811   2.023734   2.096613   2.175357   2.260968   2.354551   2.457312   2.570571   2.695765   2.834459   2.988347   3.159262   3.349182   3.560231    3.79469   4.054997    4.34375   4.663711
         0   0.081779   0.163399   0.244705   0.325544   0.405767   0.485231     0.5638   0.641349    0.71776   0.792932   0.866772   0.939205   1.010173   1.079633   1.147565   1.213966   1.278861   1.342297   1.404346   1.465111   1.524725   1.583355   1.641202   1.698507   1.755552   1.812661   1.870211   1.928628   1.988395   2.050054   2.114213   2.181553   2.252824   2.328863   2.410592   2.499027   2.595282   2.700577   2.816245   2.943739   3.084638    3.24065   3.413625   3.605554    3.81858   4.054997   4.317262    4.60799   4.929958
         0   0.092442   0.184704   0.276607   0.367978   0.458644   0.548444   0.637221    0.72483   0.811136   0.896019   0.979371   1.061102   1.141138   1.219426   1.295933   1.370649   1.443587    1.51479   1.584322   1.652284   1.718806   1.784054   1.848227    1.91157   1.974366   2.036947   2.099691   2.163031   2.227458   2.293521    2.36184   2.433101   2.508069   2.587593   2.672604   2.764131   2.863303   2.971353   3.089629   3.219597    3.36285   3.521114   3.696253   3.890274   4.105335    4.34375    4.60799   4.900684   5.224633
         0   0.104309   0.208415   0.312113   0.415204   0.517494   0.618796   0.718934    0.81774   0.915058   1.010749   1.104687   1.196764   1.286893   1.375006   1.461055   1.545022   1.626911   1.706752    1.78461   1.860578   1.934784   2.007389   2.078599   2.148654   2.217842   2.286499    2.35501   2.423813   2.493406   2.564351   2.637273   2.712871   2.791922   2.875285   2.963905   3.058825   3.161187   3.272239   3.393342    3.52598   3.671761   3.832424   4.009852   4.206066   4.423243   4.663711   4.929958   5.224633    5.55055