         0          0          0          0          0          0          0          0          0          0          0          0          0          0          0          0          0          0          0          0          0          0          0          0          0          0          0          0          0          0          0          0          0          0          0          0          0          0          0          0          0          0          0          0          0          0          0          0          0          0
         0    6.2e-05   0.000123   0.000183    0.00024   0.000294   0.000346   0.000393   0.000436   0.000474   0.000506   0.000535   0.000558   0.000576    0.00059   0.000599   0.000604   0.000607   0.000605   0.000602   0.000597    0.00059   0.000582   0.000573   0.000564   0.000557    0.00055   0.000546   0.000545   0.000547   0.000554   0.000566   0.000586   0.000614   0.000653   0.000708    0.00078   0.000876      0.001    0.00116   0.001366    0.00163   0.001965    0.00239   0.002926   0.003599   0.004441   0.005492   0.006796    0.00841
         0   0.000123   0.000245   0.000364   0.000478   0.000586   0.000687    0.00078   0.000865    0.00094   0.001006   0.001062   0.001108   0.001145   0.001171    0.00119   0.001201   0.001205   0.001202   0.001194   0.001183   0.001169   0.001152   0.001134   0.001118   0.001103   0.001091   0.001082   0.001078   0.001083   0.001096    0.00112   0.001159   0.001217   0.001296   0.001404   0.001549   0.001738   0.001986   0.002307   0.002719   0.003244   0.003914   0.004761   0.005831   0.007175   0.008857   0.010953   0.013557   0.016775
         0   0.000183   0.000364   0.000539   0.000708    0.00087   0.001019   0.001159   0.001284   0.001395   0.001493   0.001575   0.001643   0.001696   0.001736   0.001763   0.001778   0.001783   0.001778   0.001768   0.001749   0.001727   0.001702   0.001676   0.001651   0.001628   0.001609   0.001596   0.001592   0.001597   0.001617   0.001654   0.001712   0.001797   0.001916   0.002077   0.002294   0.002578   0.002948   0.003427   0.004042   0.004829   0.005829   0.007096   0.008695   0.010704   0.013218   0.016352   0.020243   0.025055
         0    0.00024   0.000478   0.000708   0.000931   0.001142    0.00134   0.001521   0.001686   0.001831   0.001959   0.002067   0.002155   0.002224   0.002276    0.00231   0.002329   0.002335   0.002327   0.002311   0.002287   0.002257   0.002224   0.002189   0.002154   0.002124   0.002099   0.002081   0.002074   0.002082   0.002108   0.002156   0.002232   0.002346   0.002503   0.002719   0.003004   0.003382   0.003872   0.004507   0.005324   0.006368   0.007695   0.009377   0.011498   0.014164     0.0175   0.021659   0.026822   0.033207
         0   0.000294   0.000586    0.00087   0.001142   0.001401   0.001642   0.001865   0.002066   0.002245     0.0024   0.002531   0.002638   0.002722   0.002783   0.002824   0.002846   0.002851    0.00284   0.002819   0.002788   0.002749   0.002706   0.002662   0.002619    0.00258   0.002547   0.002526   0.002517   0.002526   0.002558   0.002618   0.002713   0.002853   0.003049   0.003316   0.003671   0.004139   0.004749   0.005538   0.006553   0.007849   0.009498   0.011587   0.014223   0.017534   0.021679   0.026845    0.03326   0.041191
         0   0.000346   0.000687   0.001019    0.00134   0.001642   0.001925   0.002186   0.002421   0.002629   0.002809   0.002962   0.003085   0.003183   0.003252   0.003298   0.003321   0.003324    0.00331   0.003282   0.003243   0.003196   0.003143    0.00309   0.003036   0.002989    0.00295   0.002923   0.002912   0.002923    0.00296   0.003031   0.003145   0.003311   0.003544   0.003861   0.004285   0.004843    0.00557   0.006509   0.007717   0.009261   0.011224   0.013713   0.016853   0.020797   0.025732   0.031885   0.039525   0.048972
         0   0.000393    0.00078   0.001159   0.001521   0.001865   0.002186   0.002481   0.002747   0.002982   0.003185   0.003356   0.003494   0.003601   0.003678   0.003726    0.00375    0.00375   0.003731   0.003695   0.003648    0.00359   0.003529   0.003464   0.003402   0.003345     0.0033   0.003267   0.003254   0.003266   0.003308   0.003389    0.00352   0.003712   0.003982   0.004349   0.004839   0.005484   0.006323    0.00741   0.008807   0.010592   0.012864   0.015741   0.019371   0.023933   0.029641   0.036756    0.04559   0.056515
         0   0.000436   0.000865   0.001284   0.001686   0.002066   0.002421   0.002747    0.00304   0.003298   0.003522   0.003708   0.003858   0.003973   0.004055   0.004104   0.004126   0.004122   0.004097   0.004054   0.003997   0.003929   0.003856   0.003782   0.003709   0.003644    0.00359   0.003553   0.003537   0.003549   0.003597   0.003688   0.003836   0.004053   0.004357   0.004773   0.005326   0.006055   0.007006   0.008235   0.009815   0.011836   0.014405   0.017661   0.021767   0.026928   0.033386   0.041436   0.051431   0.063791
         0   0.000474    0.00094   0.001395   0.001831   0.002245   0.002629   0.002982   0.003298   0.003577   0.003816   0.004016   0.004175   0.004296    0.00438    0.00443   0.004448   0.004439   0.004406   0.004354   0.004286   0.004208   0.004124   0.004038   0.003955   0.003881   0.003819   0.003777   0.003758    0.00377   0.003822   0.003924   0.004087   0.004328   0.004667   0.005128   0.005743   0.006554   0.007612   0.008979   0.010736   0.012984   0.015842   0.019463   0.024032   0.029771   0.036955   0.045909   0.057026   0.070774
         0   0.000506   0.001006   0.001493   0.001959     0.0024   0.002809   0.003185   0.003522   0.003816   0.004069   0.004278   0.004444   0.004568   0.004653     0.0047   0.004713   0.004698   0.004656   0.004593   0.004515   0.004425   0.004329   0.004232   0.004138   0.004054   0.003985   0.003936   0.003914   0.003927   0.003982   0.004093   0.004272   0.004535   0.004907   0.005413   0.006088   0.006978   0.008138   0.009638   0.011567   0.014032   0.017168   0.021142   0.026155   0.032453   0.040335    0.05016   0.062357   0.077443
         0   0.000535   0.001062   0.001575   0.002067   0.002531   0.002962   0.003356   0.003708   0.004016   0.004278   0.004494   0.004663   0.004788   0.004871   0.004915   0.004921   0.004897   0.004845   0.004771   0.004681   0.004579   0.004471   0.004362   0.004259   0.004164   0.004087   0.004032   0.004006   0.004019   0.004078   0.004197    0.00439   0.004676   0.005079   0.005627    0.00636   0.007325   0.008584   0.010212   0.012304   0.014979   0.018382   0.022693   0.028131   0.034965   0.043517   0.054178   0.067413   0.083781
         0   0.000558   0.001108   0.001643   0.002155   0.002638   0.003085   0.003494   0.003858   0.004175   0.004444   0.004663   0.004834   0.004958   0.005036   0.005073   0.005073   0.005038   0.004976    0.00489   0.004787   0.004672   0.004552   0.004431   0.004316   0.004212   0.004126   0.004065   0.004036   0.004047    0.00411   0.004237   0.004444    0.00475   0.005182   0.005772    0.00656   0.007597    0.00895   0.010699   0.012948   0.015823   0.019481   0.024115    0.02996   0.037306   0.046498   0.057956   0.072182   0.089775
         0   0.000576   0.001145   0.001696   0.002224   0.002722   0.003183   0.003601   0.003973   0.004296   0.004568   0.004788   0.004958   0.005077    0.00515   0.005179   0.005168   0.005124   0.005049   0.004951   0.004835   0.004707   0.004574   0.004441   0.004314     0.0042   0.004105   0.004038   0.004005   0.004016   0.004082   0.004216   0.004435   0.004762   0.005222   0.005851    0.00669   0.007796   0.009238   0.011103   0.013501   0.016567   0.020467   0.025408   0.031641   0.039472   0.049273    0.06149   0.076659   0.095417
         0    0.00059   0.001171   0.001736   0.002276   0.002783   0.003252   0.003678   0.004055    0.00438   0.004653   0.004871   0.005036    0.00515   0.005215   0.005234   0.005213   0.005156   0.005069   0.004957   0.004828   0.004687    0.00454   0.004394   0.004255   0.004132   0.004029   0.003955   0.003918   0.003928   0.003996   0.004137    0.00437   0.004714   0.005201   0.005865   0.006755   0.007926   0.009452   0.011428   0.013967   0.017213   0.021342   0.026574   0.033173   0.041466   0.051844    0.06478    0.08084   0.100702
         0   0.000599    0.00119   0.001763    0.00231   0.002824   0.003298   0.003726   0.004104    0.00443     0.0047   0.004915   0.005073   0.005179   0.005234   0.005243   0.005209    0.00514   0.005039   0.004913    0.00477   0.004615   0.004456   0.004297   0.004148   0.004014   0.003902   0.003821    0.00378    0.00379    0.00386   0.004007   0.004251   0.004613   0.005125   0.005824   0.006759   0.007992   0.009599   0.011677   0.014349   0.017766   0.022112   0.027618   0.034564   0.043291   0.054213   0.067827    0.08473   0.105633
         0   0.000604   0.001201   0.001778   0.002329   0.002846   0.003321    0.00375   0.004126   0.004448   0.004713   0.004921   0.005073   0.005168   0.005213   0.005209   0.005164    0.00508   0.004966   0.004826   0.004668   0.004499   0.004326   0.004155   0.003995   0.003851   0.003731   0.003644     0.0036   0.003606   0.003679   0.003833   0.004086   0.004465      0.005   0.005732    0.00671      0.008   0.009683   0.011859   0.014657   0.018232   0.022782   0.028546   0.035817   0.044953   0.056385   0.070637   0.088331   0.110212
         0   0.000607   0.001205   0.001783   0.002335   0.002851   0.003324    0.00375   0.004122   0.004439   0.004698   0.004897   0.005038   0.005124   0.005156    0.00514    0.00508   0.004982   0.004854   0.004699   0.004528   0.004345   0.004158   0.003976   0.003804    0.00365   0.003522   0.003429    0.00338   0.003386    0.00346   0.003619   0.003883   0.004277   0.004834   0.005596   0.006616   0.007959   0.009712    0.01198   0.014894    0.01862   0.023359   0.029365    0.03694   0.046458   0.058369   0.073216    0.09165   0.114447
         0   0.000605   0.001202   0.001778   0.002327    0.00284    0.00331   0.003731   0.004097   0.004406   0.004656   0.004845   0.004976   0.005049   0.005069   0.005039   0.004966   0.004854    0.00471   0.004541   0.004356   0.004159    0.00396   0.003766   0.003583   0.003419   0.003284   0.003185   0.003132   0.003136   0.003212   0.003376   0.003649   0.004057   0.004635   0.005425   0.006482   0.007877   0.009695   0.012047   0.015071   0.018936   0.023853   0.030082   0.037942   0.047816   0.060172   0.075575   0.094698   0.118347
         0   0.000602   0.001194   0.001768   0.002311   0.002819   0.003282   0.003695   0.004054   0.004354   0.004593   0.004771    0.00489   0.004951   0.004957   0.004913   0.004826   0.004699   0.004541   0.004359   0.004159    0.00395   0.003738   0.003532   0.003339   0.003166   0.003024   0.002919   0.002862   0.002865   0.002943   0.003111   0.003392   0.003813    0.00441   0.005227   0.006319    0.00776   0.009639    0.01207   0.015195    0.01919   0.024272   0.030711   0.038832   0.049036   0.061806   0.077725   0.097487   0.121928
         0   0.000597   0.001183   0.001749   0.002287   0.002788   0.003243   0.003648   0.003997   0.004286   0.004515   0.004681   0.004787   0.004835   0.004828    0.00477   0.004668   0.004528   0.004356   0.004159   0.003946   0.003724   0.003501   0.003283   0.003081   0.002899   0.002749   0.002639   0.002579   0.002581   0.002659   0.002831    0.00312   0.003555   0.004169    0.00501   0.006135   0.007619   0.009555   0.012059   0.015277   0.019391   0.024626   0.031257   0.039622   0.050132   0.063284   0.079677   0.100031   0.125202
         0    0.00059   0.001169   0.001727   0.002257   0.002749   0.003196    0.00359   0.003929   0.004208   0.004425   0.004579   0.004672   0.004707   0.004687   0.004615   0.004499   0.004345   0.004159    0.00395   0.003724    0.00349   0.003255   0.003028   0.002815   0.002627    0.00247   0.002355   0.002291   0.002292   0.002372   0.002548   0.002844   0.003289    0.00392   0.004783   0.005939   0.007463   0.009451   0.012022   0.015326   0.019551   0.024925   0.031733   0.040322   0.051113   0.064616   0.081448   0.102345   0.128189
         0   0.000582   0.001152   0.001702   0.002224   0.002706   0.003143   0.003529   0.003856   0.004124   0.004329   0.004471   0.004552   0.004574    0.00454   0.004456   0.004326   0.004158    0.00396   0.003738   0.003501   0.003255    0.00301   0.002773   0.002552   0.002356   0.002194   0.002073   0.002007   0.002006   0.002087   0.002268    0.00257   0.003026   0.003672   0.004556   0.005739     0.0073   0.009336   0.011968   0.015352   0.019678    0.02518   0.032151   0.040945   0.051993   0.065819   0.083052   0.104448   0.130907
         0   0.000573   0.001134   0.001676   0.002189   0.002662    0.00309   0.003464   0.003782   0.004038   0.004232   0.004362   0.004431   0.004441   0.004394   0.004297   0.004155   0.003976   0.003766   0.003532   0.003283   0.003028   0.002773   0.002527   0.002298   0.002096   0.001928   0.001804   0.001735   0.001734   0.001816   0.001999   0.002309   0.002774   0.003434   0.004337   0.005546   0.007141   0.009219   0.011909   0.015364   0.019783   0.025403   0.032522   0.041503   0.052785   0.066906   0.084505   0.106356   0.133377
         0   0.000564   0.001118   0.001651   0.002154   0.002619   0.003036   0.003402   0.003709   0.003955   0.004138   0.004259   0.004316   0.004314   0.004255   0.004148   0.003995   0.003804   0.003583   0.003339   0.003081   0.002815   0.002552   0.002298   0.002063   0.001855   0.001682   0.001555   0.001484   0.001482   0.001565   0.001753   0.002068   0.002542   0.003215   0.004136   0.005369   0.006993   0.009111   0.011852   0.015374   0.019876   0.025603   0.032857   0.042008   0.053504   0.067891   0.085823   0.108087    0.13562
         0   0.000557   0.001103   0.001628   0.002124    0.00258   0.002989   0.003345   0.003644   0.003881   0.004054   0.004164   0.004212     0.0042   0.004132   0.004014   0.003851    0.00365   0.003419   0.003166   0.002899   0.002627   0.002356   0.002096   0.001855   0.001642   0.001465   0.001334   0.001262    0.00126   0.001345   0.001536   0.001856    0.00234   0.003025   0.003961   0.005215   0.006868   0.009022   0.011809   0.015391   0.019969   0.025792   0.033169   0.042473   0.054163   0.068791   0.087025   0.109663   0.137657
         0    0.00055   0.001091   0.001609   0.002099   0.002547    0.00295     0.0033    0.00359   0.003819   0.003985   0.004087   0.004126   0.004105   0.004029   0.003902   0.003731   0.003522   0.003284   0.003024   0.002749    0.00247   0.002194   0.001928   0.001682   0.001465   0.001285   0.001153   0.001079   0.001078   0.001164   0.001358   0.001685   0.002176   0.002872   0.003823   0.005095   0.006773   0.008962   0.011791   0.015426   0.020072   0.025983   0.033469   0.042913   0.054778   0.069624   0.088129   0.111104   0.139515
         0   0.000546   0.001082   0.001596   0.002081   0.002526   0.002923   0.003267   0.003553   0.003777   0.003936   0.004032   0.004065   0.004038   0.003955   0.003821   0.003644   0.003429   0.003185   0.002919   0.002639   0.002355   0.002073   0.001804   0.001555   0.001334   0.001153    0.00102   0.000946   0.000945   0.001033   0.001231   0.001563   0.002061   0.002766   0.003732   0.005022   0.006723    0.00894   0.011808   0.015492     0.0202   0.026189   0.033775   0.043343   0.055364   0.070406   0.089155   0.112432   0.141217
         0   0.000545   0.001078   0.001592   0.002074   0.002517   0.002912   0.003254   0.003537   0.003758   0.003914   0.004006   0.004036   0.004005   0.003918    0.00378     0.0036    0.00338   0.003132   0.002862   0.002579   0.002291   0.002007   0.001735   0.001484   0.001262   0.001079   0.000946   0.000873   0.000873   0.000964   0.001165   0.001502   0.002007   0.002722     0.0037   0.005007   0.006728   0.008972   0.011874   0.015602   0.020365   0.026424   0.034099   0.043779   0.055939   0.071156   0.090123   0.113671    0.14279
         0   0.000547   0.001083   0.001597   0.002082   0.002526   0.002923   0.003266   0.003549    0.00377   0.003927   0.004019   0.004047   0.004016   0.003928    0.00379   0.003606   0.003386   0.003136   0.002865   0.002581   0.002292   0.002006   0.001734   0.001482    0.00126   0.001078   0.000945   0.000873   0.000876   0.000969   0.001174   0.001517    0.00203   0.002753   0.003742   0.005064   0.006804   0.009073   0.012005   0.015771   0.020584   0.026706   0.034459   0.044239   0.056524   0.071897   0.091058   0.114847   0.144263
         0   0.000554   0.001096   0.001617   0.002108   0.002558    0.00296   0.003308   0.003597   0.003822   0.003982   0.004078    0.00411   0.004082   0.003996    0.00386   0.003679    0.00346   0.003212   0.002943   0.002659   0.002372   0.002087   0.001816   0.001565   0.001345   0.001164   0.001033   0.000964   0.000969   0.001067   0.001276   0.001624   0.002144   0.002876   0.003876   0.005211   0.006968   0.009258   0.012218   0.016019   0.020876   0.027054   0.034878   0.044745   0.057141   0.072652   0.091985   0.115987   0.145668
         0   0.000566    0.00112   0.001654   0.002156   0.002618   0.003031   0.003389   0.003688   0.003924   0.004093   0.004197   0.004237   0.004216   0.004137   0.004007   0.003833   0.003619   0.003376   0.003111   0.002831   0.002548   0.002268   0.001999   0.001753   0.001536   0.001358   0.001231   0.001165   0.001174   0.001276   0.001491   0.001845   0.002371   0.003112   0.004121    0.00547   0.007243   0.009552   0.012536   0.016369   0.021265   0.027492   0.035378   0.045323   0.057817    0.07345   0.092935   0.117125   0.147039
         0   0.000586   0.001159   0.001712   0.002232   0.002713   0.003145    0.00352   0.003836   0.004087   0.004272    0.00439   0.004444   0.004435    0.00437   0.004251   0.004086   0.003883   0.003649   0.003392    0.00312   0.002844    0.00257   0.002309   0.002068   0.001856   0.001685   0.001563   0.001502   0.001517   0.001624   0.001845   0.002205   0.002738   0.003487   0.004507   0.005867   0.007654   0.009981   0.012987   0.016848   0.021778    0.02805    0.03599   0.046005   0.058584   0.074325   0.093943     0.1183   0.148418
         0   0.000614   0.001217   0.001797   0.002346   0.002853   0.003311   0.003712   0.004053   0.004328   0.004535   0.004676    0.00475   0.004762   0.004714   0.004613   0.004465   0.004277   0.004057   0.003813   0.003555   0.003289   0.003026   0.002774   0.002542    0.00234   0.002176   0.002061   0.002007    0.00203   0.002144   0.002371   0.002738   0.003278   0.004036   0.005066   0.006437   0.008238   0.010581   0.013607   0.017492   0.022455   0.028764   0.036753   0.046828   0.059483   0.075318   0.095054   0.119555   0.149853
         0   0.000653   0.001296   0.001916   0.002503   0.003049   0.003544   0.003982   0.004357   0.004667   0.004907   0.005079   0.005182   0.005222   0.005201   0.005125      0.005   0.004834   0.004635    0.00441   0.004169    0.00392   0.003672   0.003434   0.003215   0.003025   0.002872   0.002766   0.002722   0.002753   0.002876   0.003112   0.003487   0.004036   0.004803   0.005841   0.007223   0.009038   0.011396    0.01444   0.018348   0.023338   0.029681   0.037712    0.04784   0.060562   0.076479   0.096317   0.120945     0.1514
         0   0.000708   0.001404   0.002077   0.002719   0.003316   0.003861   0.004349   0.004773   0.005128   0.005413   0.005627   0.005772   0.005851   0.005865   0.005824   0.005732   0.005596   0.005425   0.005227    0.00501   0.004783   0.004556   0.004337   0.004136   0.003961   0.003823   0.003732     0.0037   0.003742   0.003876   0.004121   0.004507   0.005066   0.005841   0.006891   0.008284    0.01011   0.012483   0.015544   0.019471   0.024485   0.030859   0.038929   0.049103   0.061882   0.077871   0.097798   0.122537   0.153127
         0    0.00078   0.001549   0.002294   0.003004   0.003671   0.004285   0.004839   0.005326   0.005743   0.006088    0.00636    0.00656    0.00669   0.006755   0.006759    0.00671   0.006616   0.006482   0.006319   0.006135   0.005939   0.005739   0.005546   0.005369   0.005215   0.005095   0.005022   0.005007   0.005064   0.005211    0.00547   0.005867   0.006437   0.007223   0.008284   0.009688   0.011526   0.013912   0.016989   0.020935   0.025972   0.032373   0.040475    0.05069   0.063519   0.079571   0.099575   0.124409   0.155118
         0   0.000876   0.001738   0.002578   0.003382   0.004139   0.004843   0.005484   0.006055   0.006554   0.006978   0.007325   0.007597   0.007796   0.007926   0.007992      0.008   0.007959   0.007877    0.00776   0.007619   0.007463     0.0073   0.007141   0.006993   0.006868   0.006773   0.006723   0.006728   0.006804   0.006968   0.007243   0.007654   0.008238   0.009038    0.01011   0.011526   0.013378   0.015778    0.01887   0.022832   0.027889   0.034314   0.042445   0.052696    0.06557   0.081675   0.101746   0.126663   0.157473
         0      0.001   0.001986   0.002948   0.003872   0.004749    0.00557   0.006323   0.007006   0.007612   0.008138   0.008584    0.00895   0.009238   0.009452   0.009599   0.009683   0.009712   0.009695   0.009639   0.009555   0.009451   0.009336   0.009219   0.009111   0.009022   0.008962    0.00894   0.008972   0.009073   0.009258   0.009552   0.009981   0.010581   0.011396   0.012483   0.013912   0.015778   0.018192   0.021298   0.025278   0.030353     0.0368   0.044957   0.055239   0.068151   0.084303   0.104433   0.129421   0.160318
         0    0.00116   0.002307   0.003427   0.004507   0.005538   0.006509    0.00741   0.008235   0.008979   0.009638   0.010212   0.010699   0.011103   0.011428   0.011677   0.011859    0.01198   0.012047    0.01207   0.012059   0.012022   0.011968   0.011909   0.011852   0.011809   0.011791   0.011808   0.011874   0.012005   0.012218   0.012536   0.012987   0.013607    0.01444   0.015544   0.016989    0.01887   0.021298    0.02442   0.028416   0.033509   0.039976   0.048157   0.058467   0.071413   0.087606   0.107785   0.132834   0.163807
         0   0.001366   0.002719   0.004042   0.005324   0.006553   0.007717   0.008807   0.009815   0.010736   0.011567   0.012304   0.012948   0.013501   0.013967   0.014349   0.014657   0.014894   0.015071   0.015195   0.015277   0.015326   0.015352   0.015364   0.015374   0.015391   0.015426   0.015492   0.015602   0.015771   0.016019   0.016369   0.016848   0.017492   0.018348   0.019471   0.020935   0.022832   0.025278   0.028416   0.032428   0.037539   0.044024   0.052227   0.062562   0.075538   0.091767   0.111989   0.137091   0.168128
         0    0.00163   0.003244   0.004829   0.006368   0.007849   0.009261   0.010592   0.011836   0.012984   0.014032   0.014979   0.015823   0.016567   0.017213   0.017766   0.018232    0.01862   0.018936    0.01919   0.019391   0.019551   0.019678   0.019783   0.019876   0.019969   0.020072     0.0202   0.020365   0.020584   0.020876   0.021265   0.021778   0.022455   0.023338   0.024485   0.025972   0.027889   0.030353   0.033509   0.037539   0.042667   0.049171   0.057394   0.067752   0.080755   0.097016   0.117276   0.142422   0.173514
         0   0.001965   0.003914   0.005829   0.007695   0.009498   0.011224   0.012864   0.014405   0.015842   0.017168   0.018382   0.019481   0.020467   0.021342   0.022112   0.022782   0.023359   0.023853   0.024272   0.024626   0.024925    0.02518   0.025403   0.025603   0.025792   0.025983   0.026189   0.026424   0.026706   0.027054   0.027492    0.02805   0.028764   0.029681   0.030859   0.032373   0.034314     0.0368   0.039976   0.044024   0.049171   0.055695   0.063938   0.074317   0.087344   0.103632   0.123926   0.149111    0.18025
         0    0.00239   0.004761   0.007096   0.009377   0.011587   0.013713   0.015741   0.017661   0.019463   0.021142   0.022693   0.024115   0.025408   0.026574   0.027618   0.028546   0.029365   0.030082   0.030711   0.031257   0.031733   0.032151   0.032522   0.032857   0.033169   0.033469   0.033775   0.034099   0.034459   0.034878   0.035378    0.03599   0.036753   0.037712   0.038929   0.040475   0.042445   0.044957   0.048157   0.052227   0.057394   0.063938     0.0722   0.082601    0.09565   0.111964   0.132286   0.157506   0.188686
         0   0.002926   0.005831   0.008695   0.011498   0.014223   0.016853   0.019371   0.021767   0.024032   0.026155   0.028131    0.02996   0.031641   0.033173   0.034564   0.035817    0.03694   0.037942   0.038832   0.039622   0.040322   0.040945   0.041503   0.042008   0.042473   0.042913   0.043343   0.043779   0.044239   0.044745   0.045323   0.046005   0.046828    0.04784   0.049103    0.05069   0.052696   0.055239   0.058467   0.062562   0.067752   0.074317   0.082601   0.093022   0.106093   0.122431   0.142779    0.16803   0.199245
         0   0.003599   0.007175   0.010704   0.014164   0.017534   0.020797   0.023933   0.026928   0.029771   0.032453   0.034965   0.037306   0.039472   0.041466   0.043291   0.044953   0.046458   0.047816   0.049036   0.050132   0.051113   0.051993   0.052785   0.053504   0.054163   0.054778   0.055364   0.055939   0.056524   0.057141   0.057817   0.058584   0.059483   0.060562   0.061882   0.063519    0.06557   0.068151   0.071413   0.075538   0.080755   0.087344    0.09565   0.106093   0.119185   0.135546   0.155919   0.181197   0.212442
         0   0.004441   0.008857   0.013218     0.0175   0.021679   0.025732   0.029641   0.033386   0.036955   0.040335   0.043517   0.046498   0.049273   0.051844   0.054213   0.056385   0.058369   0.060172   0.061806   0.063284   0.064616   0.065819   0.066906   0.067891   0.068791   0.069624   0.070406   0.071156   0.071897   0.072652    0.07345   0.074325   0.075318   0.076479   0.077871   0.079571   0.081675   0.084303   0.087606   0.091767   0.097016   0.103632   0.111964   0.122431   0.135546   0.151929   0.172324   0.197627     0.2289
         0   0.005492   0.010953   0.016352   0.021659   0.026845   0.031885   0.036756   0.041436   0.045909    0.05016   0.054178   0.057956    0.06149    0.06478   0.067827   0.070637   0.073216   0.075575   0.077725   0.079677   0.081448   0.083052   0.084505   0.085823   0.087025   0.088129   0.089155   0.090123   0.091058   0.091985   0.092935   0.093943   0.095054   0.096317   0.097798   0.099575   0.101746   0.104433   0.107785   0.111989   0.117276   0.123926   0.132286   0.142779   0.155919   0.172324   0.192743   0.218069   0.249368
         0   0.006796   0.013557   0.020243   0.026822    0.03326   0.039525    0.04559   0.051431   0.057026   0.062357   0.067413   0.072182   0.076659    0.08084    0.08473   0.088331    0.09165   0.094698   0.097487   0.100031   0.102345   0.104448   0.106356   0.108087   0.109663   0.111104   0.112432   0.113671   0.114847   0.115987   0.117125     0.1183   0.119555   0.120945   0.122537   0.124409   0.126663   0.129421   0.132834   0.137091   0.142422   0.149111   0.157506    0.16803   0.181197   0.197627   0.218069   0.243418    0.27474
         0    0.00841   0.016775   0.025055   0.033207   0.041191   0.048972   0.056515   0.063791   0.070774   0.077443   0.083781   0.089775   0.095417   0.100702   0.105633   0.110212   0.114447   0.118347   0.121928   0.125202   0.128189   0.130907   0.133377    0.13562   0.137657   0.139515   0.141217    0.14279   0.144263   0.145668   0.147039   0.148418   0.149853     0.1514   0.153127   0.155118   0.157473   0.160318   0.163807   0.168128   0.173514    0.18025   0.188686   0.199245   0.212442     0.2289   0.249368    0.27474   0.306084