         0          0          0          0          0          0          0          0          0          0          0          0          0          0          0          0          0          0          0          0          0          0          0          0          0          0          0          0          0          0          0          0          0          0          0          0          0          0          0          0          0          0          0          0          0          0          0          0          0          0
         0    9.7e-05   0.000192   0.000284   0.000372   0.000454    0.00053   0.000599   0.000658    0.00071   0.000753   0.000788   0.000814   0.000831   0.000842   0.000847   0.000844   0.000839   0.000829   0.000815     0.0008   0.000784   0.000767    0.00075   0.000735    0.00072   0.000708   0.000696   0.000688   0.000681   0.000677   0.000674   0.000674   0.000678   0.000684   0.000693   0.000707   0.000725    0.00075   0.000784   0.000829   0.000888   0.000966    0.00107   0.001208   0.001389   0.001628    0.00194    0.00235   0.002882
         0   0.000192   0.000381   0.000564   0.000738   0.000901   0.001051   0.001187   0.001306   0.001408   0.001493    0.00156   0.001612   0.001648   0.001668   0.001676   0.001673    0.00166   0.001639   0.001613   0.001582    0.00155   0.001517   0.001484   0.001452   0.001423   0.001397   0.001375   0.001356   0.001343   0.001334    0.00133   0.001331   0.001336   0.001348   0.001368   0.001395   0.001432   0.001482   0.001549   0.001637   0.001756   0.001912    0.00212   0.002394   0.002756   0.003232   0.003857   0.004672   0.005734
         0   0.000284   0.000564   0.000835   0.001093   0.001335   0.001556   0.001756   0.001932   0.002083   0.002208   0.002308   0.002382   0.002433   0.002463   0.002474   0.002467   0.002447   0.002416   0.002376    0.00233   0.002281    0.00223    0.00218   0.002132   0.002088    0.00205   0.002016    0.00199   0.001969   0.001955   0.001949    0.00195    0.00196   0.001978   0.002006   0.002046   0.002101   0.002176   0.002277   0.002409   0.002585   0.002819   0.003129   0.003539   0.004079    0.00479   0.005723   0.006941   0.008527
         0   0.000372   0.000738   0.001093    0.00143   0.001747   0.002037   0.002298   0.002527   0.002723   0.002885   0.003014    0.00311   0.003176   0.003213   0.003224   0.003214   0.003186   0.003142   0.003088   0.003026   0.002959   0.002891   0.002824   0.002761   0.002702    0.00265   0.002606   0.002569   0.002543   0.002524   0.002515   0.002517   0.002529   0.002552   0.002591   0.002644   0.002718   0.002817   0.002949   0.003125   0.003359   0.003669   0.004079   0.004622   0.005338   0.006281   0.007518   0.009132   0.011232
         0   0.000454   0.000901   0.001335   0.001747   0.002132   0.002485   0.002803   0.003081   0.003319   0.003515    0.00367   0.003784   0.003861   0.003903   0.003915   0.003899   0.003861   0.003805   0.003735   0.003656   0.003572   0.003486   0.003402   0.003322   0.003249   0.003183   0.003127   0.003082   0.003049   0.003025   0.003014   0.003017   0.003031   0.003061   0.003107   0.003174   0.003265   0.003388   0.003553    0.00377    0.00406   0.004445   0.004954   0.005627   0.006516   0.007685   0.009219   0.011222   0.013827
         0    0.00053   0.001051   0.001556   0.002037   0.002485   0.002897   0.003265   0.003588   0.003863   0.004088   0.004265   0.004395    0.00448   0.004525   0.004534   0.004511   0.004461   0.004391   0.004305   0.004208   0.004106   0.004003     0.0039   0.003804   0.003716   0.003638   0.003571   0.003516   0.003475   0.003448   0.003434   0.003437   0.003454   0.003489   0.003544   0.003623   0.003732   0.003878   0.004073   0.004333   0.004677   0.005135    0.00574    0.00654   0.007597   0.008986    0.01081   0.013191   0.016288
         0   0.000599   0.001187   0.001756   0.002298   0.002803   0.003265   0.003679    0.00404   0.004347   0.004597   0.004792   0.004934   0.005024   0.005069   0.005073    0.00504   0.004978   0.004892   0.004789   0.004674   0.004552    0.00443    0.00431   0.004198   0.004094   0.004003   0.003924   0.003861   0.003812    0.00378   0.003765   0.003767   0.003788   0.003828   0.003891   0.003982   0.004108   0.004277   0.004502   0.004801   0.005198   0.005726   0.006425   0.007349   0.008568   0.010172   0.012275   0.015023   0.018598
         0   0.000658   0.001306   0.001932   0.002527   0.003081   0.003588    0.00404   0.004434   0.004767   0.005038   0.005246   0.005395   0.005488   0.005529   0.005525   0.005481   0.005404   0.005302    0.00518   0.005045   0.004905   0.004763   0.004626   0.004496   0.004377   0.004273   0.004183   0.004111   0.004055   0.004018   0.004001   0.004003   0.004025    0.00407   0.004142   0.004244   0.004386   0.004577   0.004831   0.005169   0.005618   0.006214   0.007001   0.008044   0.009421    0.01123   0.013605   0.016707   0.020741
         0    0.00071   0.001408   0.002083   0.002723   0.003319   0.003863   0.004347   0.004767    0.00512   0.005405   0.005622   0.005775   0.005866     0.0059   0.005886   0.005828   0.005735   0.005615   0.005474    0.00532    0.00516   0.004999   0.004843   0.004695   0.004562   0.004444   0.004343   0.004261   0.004199   0.004157   0.004137   0.004139   0.004163   0.004214   0.004294   0.004407   0.004564   0.004776   0.005059   0.005434   0.005932   0.006592   0.007466   0.008623    0.01015   0.012158   0.014792   0.018232   0.022707
         0   0.000753   0.001493   0.002208   0.002885   0.003515   0.004088   0.004597   0.005038   0.005405   0.005699    0.00592   0.006073   0.006158   0.006184   0.006156   0.006083   0.005972   0.005832    0.00567   0.005496   0.005315   0.005134    0.00496   0.004797   0.004648   0.004516   0.004404   0.004313   0.004245   0.004198   0.004176   0.004177   0.004203   0.004258   0.004346    0.00447   0.004642   0.004873   0.005183   0.005593   0.006138    0.00686   0.007817   0.009083   0.010753    0.01295   0.015831   0.019596   0.024491
         0   0.000788    0.00156   0.002308   0.003014    0.00367   0.004265   0.004792   0.005246   0.005622    0.00592   0.006142   0.006288   0.006365   0.006378   0.006336   0.006245   0.006115   0.005954   0.005771   0.005576   0.005374   0.005173   0.004981     0.0048   0.004637   0.004492   0.004369   0.004269   0.004194   0.004143   0.004118   0.004119   0.004148   0.004208   0.004301   0.004436   0.004622   0.004872   0.005206   0.005651    0.00624   0.007022   0.008057   0.009426   0.011232   0.013609   0.016725   0.020797   0.026092
         0   0.000814   0.001612   0.002382    0.00311   0.003784   0.004395   0.004934   0.005395   0.005775   0.006073   0.006288   0.006427   0.006491    0.00649    0.00643    0.00632   0.006168   0.005986   0.005782   0.005565   0.005342   0.005122   0.004911   0.004713   0.004535   0.004378   0.004244   0.004135   0.004053   0.003999    0.00397   0.003971   0.004002   0.004065   0.004166   0.004311    0.00451   0.004778   0.005136   0.005612   0.006244   0.007081    0.00819   0.009657   0.011592   0.014138   0.017476   0.021837    0.02751
         0   0.000831   0.001648   0.002433   0.003176   0.003861    0.00448   0.005024   0.005488   0.005866   0.006158   0.006365   0.006491   0.006542   0.006522   0.006444   0.006312    0.00614   0.005935   0.005708   0.005469   0.005226   0.004986   0.004756   0.004543   0.004349    0.00418   0.004035   0.003919    0.00383   0.003771   0.003742   0.003742   0.003774   0.003842   0.003948   0.004102   0.004314   0.004599    0.00498   0.005486   0.006157   0.007047   0.008226   0.009784   0.011839   0.014545   0.018091   0.022725   0.028752
         0   0.000842   0.001668   0.002463   0.003213   0.003903   0.004525   0.005069   0.005529     0.0059   0.006184   0.006378    0.00649   0.006522   0.006485   0.006384   0.006232   0.006036   0.005808   0.005559   0.005298   0.005035   0.004775   0.004529   0.004299   0.004091   0.003909   0.003755    0.00363   0.003536   0.003473   0.003441   0.003441   0.003475   0.003546   0.003658   0.003821   0.004044   0.004346   0.004747   0.005282   0.005989   0.006929   0.008172   0.009816   0.011985   0.014839   0.018581   0.023469   0.029827
         0   0.000847   0.001676   0.002474   0.003224   0.003915   0.004534   0.005073   0.005525   0.005886   0.006156   0.006336    0.00643   0.006444   0.006384   0.006262   0.006086   0.005868   0.005617   0.005346   0.005063   0.004779   0.004501   0.004237   0.003992   0.003771   0.003577   0.003414   0.003281   0.003182   0.003113    0.00308    0.00308   0.003114   0.003189   0.003307   0.003478   0.003713   0.004029    0.00445   0.005011   0.005753   0.006738   0.008042   0.009766    0.01204   0.015032   0.018955    0.02408   0.030746
         0   0.000844   0.001673   0.002467   0.003214   0.003899   0.004511    0.00504   0.005481   0.005828   0.006083   0.006245    0.00632   0.006312   0.006232   0.006086   0.005888   0.005646   0.005373    0.00508   0.004776   0.004472   0.004176   0.003894   0.003635     0.0034   0.003196   0.003023   0.002884   0.002779   0.002707   0.002671   0.002671   0.002708   0.002786   0.002909   0.003088   0.003332   0.003662   0.004102   0.004686   0.005461   0.006488   0.007848   0.009645   0.012017   0.015137   0.019229   0.024571   0.031523
         0   0.000839    0.00166   0.002447   0.003186   0.003861   0.004461   0.004978   0.005404   0.005735   0.005972   0.006115   0.006168    0.00614   0.006036   0.005868   0.005646   0.005381   0.005086   0.004771   0.004447   0.004124    0.00381   0.003513    0.00324   0.002994   0.002779   0.002598   0.002452   0.002342   0.002267   0.002229   0.002229   0.002267   0.002348   0.002477   0.002662   0.002916   0.003259   0.003716   0.004323   0.005127   0.006192   0.007604   0.009469    0.01193   0.015169   0.019413   0.024958   0.032171
         0   0.000829   0.001639   0.002416   0.003142   0.003805   0.004391   0.004892   0.005302   0.005615   0.005832   0.005954   0.005986   0.005935   0.005808   0.005617   0.005373   0.005086   0.004769   0.004433    0.00409   0.003749   0.003419   0.003107    0.00282   0.002563   0.002339   0.002149   0.001998   0.001883   0.001805   0.001766   0.001766   0.001805   0.001889   0.002022   0.002214   0.002477   0.002832   0.003304   0.003932   0.004763   0.005864   0.007323   0.009251   0.011794   0.015139   0.019526   0.025255   0.032708
         0   0.000815   0.001613   0.002376   0.003088   0.003735   0.004305   0.004789    0.00518   0.005474    0.00567   0.005771   0.005782   0.005708   0.005559   0.005346    0.00508   0.004771   0.004433   0.004078   0.003717   0.003359   0.003013   0.002687   0.002389   0.002121   0.001888   0.001692   0.001534   0.001415   0.001335   0.001295   0.001294   0.001336   0.001422    0.00156   0.001758   0.002029   0.002394   0.002881   0.003527   0.004384   0.005518   0.007019   0.009003   0.011621   0.015065    0.01958   0.025477   0.033148
         0     0.0008   0.001582    0.00233   0.003026   0.003656   0.004208   0.004674   0.005045    0.00532   0.005496   0.005576   0.005565   0.005469   0.005298   0.005063   0.004776   0.004447    0.00409   0.003717   0.003338   0.002964   0.002605   0.002266   0.001956   0.001679   0.001438   0.001236   0.001073    0.00095   0.000869   0.000827   0.000827   0.000869   0.000959   0.001101   0.001304   0.001583   0.001958   0.002458   0.003121      0.004   0.005164   0.006704   0.008739   0.011426   0.014958   0.019589   0.025639   0.033508
         0   0.000784    0.00155   0.002281   0.002959   0.003572   0.004106   0.004552   0.004905    0.00516   0.005315   0.005374   0.005342   0.005226   0.005035   0.004779   0.004472   0.004124   0.003749   0.003359   0.002964   0.002576   0.002203   0.001854   0.001534   0.001248      0.001   0.000793   0.000625     0.0005   0.000416   0.000374   0.000374   0.000418    0.00051   0.000655   0.000864   0.001151   0.001535   0.002046   0.002725   0.003624   0.004814    0.00639   0.008472   0.011219   0.014832   0.019568   0.025754   0.033802
         0   0.000767   0.001517    0.00223   0.002891   0.003486   0.004003    0.00443   0.004763   0.004999   0.005134   0.005173   0.005122   0.004986   0.004775   0.004501   0.004176    0.00381   0.003419   0.003013   0.002605   0.002203   0.001819    0.00146   0.001131   0.000837   0.000584   0.000371     0.0002    7.3e-05   -1.3e-05   -5.5e-05   -5.5e-05     -9e-06    8.6e-05   0.000234   0.000448    0.00074   0.001133   0.001655   0.002348   0.003265   0.004479   0.006087    0.00821   0.011012   0.014697   0.019527   0.025836   0.034044
         0    0.00075   0.001484    0.00218   0.002824   0.003402     0.0039    0.00431   0.004626   0.004843    0.00496   0.004981   0.004911   0.004756   0.004529   0.004237   0.003894   0.003513   0.003107   0.002687   0.002266   0.001854    0.00146   0.001091   0.000754   0.000455   0.000195   -2.1e-05  -0.000194  -0.000325  -0.000411  -0.000453  -0.000452  -0.000405  -0.000308  -0.000156    6.2e-05   0.000361    0.00076   0.001292   0.001997   0.002931   0.004167   0.005802   0.007963   0.010814   0.014562   0.019477   0.025897   0.034246
         0   0.000735   0.001452   0.002132   0.002761   0.003322   0.003804   0.004198   0.004496   0.004695   0.004797     0.0048   0.004713   0.004543   0.004299   0.003992   0.003635    0.00324    0.00282   0.002389   0.001956   0.001534   0.001131   0.000754   0.000412   0.000107  -0.000157  -0.000377  -0.000553  -0.000685  -0.000771  -0.000814  -0.000812  -0.000763  -0.000664  -0.000509  -0.000287    1.7e-05   0.000424   0.000965    0.00168   0.002629   0.003884   0.005544   0.007739   0.010633   0.014439   0.019428   0.025944   0.034421
         0    0.00072   0.001423   0.002088   0.002702   0.003249   0.003716   0.004094   0.004377   0.004562   0.004648   0.004637   0.004535   0.004349   0.004091   0.003771     0.0034   0.002994   0.002563   0.002121   0.001679   0.001248   0.000837   0.000455   0.000107  -0.000202  -0.000469  -0.000692   -0.00087  -0.001003   -0.00109  -0.001132  -0.001128  -0.001078  -0.000977  -0.000819  -0.000593  -0.000285   0.000128   0.000677   0.001402   0.002364   0.003636   0.005319   0.007543   0.010475   0.014331   0.019385   0.025988   0.034576
         0   0.000708   0.001397    0.00205    0.00265   0.003183   0.003638   0.004003   0.004273   0.004444   0.004516   0.004492   0.004378    0.00418   0.003909   0.003577   0.003196   0.002779   0.002339   0.001888   0.001438      0.001   0.000584   0.000195  -0.000157  -0.000469  -0.000739  -0.000964  -0.001143  -0.001276  -0.001363  -0.001404    -0.0014  -0.001348  -0.001245  -0.001084  -0.000855  -0.000542  -0.000124   0.000431   0.001167   0.002139   0.003426   0.005129   0.007378   0.010344   0.014244   0.019357   0.026034   0.034721
         0   0.000696   0.001375   0.002016   0.002606   0.003127   0.003571   0.003924   0.004183   0.004343   0.004404   0.004369   0.004244   0.004035   0.003755   0.003414   0.003023   0.002598   0.002149   0.001692   0.001236   0.000793   0.000371   -2.1e-05  -0.000377  -0.000692  -0.000964   -0.00119   -0.00137  -0.001503   -0.00159  -0.001631  -0.001625  -0.001571  -0.001466  -0.001302   -0.00107  -0.000754   -0.00033   0.000232   0.000974   0.001957   0.003258   0.004977   0.007248   0.010243   0.014183   0.019346    0.02609   0.034862
         0   0.000688   0.001356    0.00199   0.002569   0.003082   0.003516   0.003861   0.004111   0.004261   0.004313   0.004269   0.004135   0.003919    0.00363   0.003281   0.002884   0.002452   0.001998   0.001534   0.001073   0.000625     0.0002  -0.000194  -0.000553   -0.00087  -0.001143   -0.00137   -0.00155  -0.001683  -0.001769  -0.001809  -0.001802  -0.001746  -0.001639  -0.001472  -0.001238  -0.000918   -0.00049    7.6e-05   0.000827   0.001818    0.00313   0.004865   0.007156   0.010176   0.014149   0.019357   0.026158   0.035003
         0   0.000681   0.001343   0.001969   0.002543   0.003049   0.003475   0.003812   0.004055   0.004199   0.004245   0.004194   0.004053    0.00383   0.003536   0.003182   0.002779   0.002342   0.001883   0.001415    0.00095     0.0005    7.3e-05  -0.000325  -0.000685  -0.001003  -0.001276  -0.001503  -0.001683  -0.001815    -0.0019  -0.001939  -0.001931  -0.001874  -0.001764  -0.001596  -0.001358  -0.001035  -0.000604   -3.2e-05   0.000724   0.001724   0.003045   0.004793   0.007101   0.010144   0.014146   0.019392   0.026242   0.035153
         0   0.000677   0.001334   0.001955   0.002524   0.003025   0.003448    0.00378   0.004018   0.004157   0.004198   0.004143   0.003999   0.003771   0.003473   0.003113   0.002707   0.002267   0.001805   0.001335   0.000869   0.000416   -1.3e-05  -0.000411  -0.000771   -0.00109  -0.001363   -0.00159  -0.001769    -0.0019  -0.001985  -0.002022  -0.002012  -0.001953  -0.001842  -0.001672  -0.001431  -0.001105  -0.000671   -9.5e-05   0.000667   0.001673   0.003003   0.004761   0.007085   0.010146   0.014174   0.019451   0.026345   0.035311
         0   0.000674    0.00133   0.001949   0.002515   0.003014   0.003434   0.003765   0.004001   0.004137   0.004176   0.004118    0.00397   0.003742   0.003441    0.00308   0.002671   0.002229   0.001766   0.001295   0.000827   0.000374   -5.5e-05  -0.000453  -0.000814  -0.001132  -0.001404  -0.001631  -0.001809  -0.001939  -0.002022  -0.002058  -0.002047  -0.001987  -0.001874  -0.001701  -0.001458   -0.00113  -0.000691  -0.000113   0.000654   0.001666   0.003003   0.004771   0.007107   0.010185   0.014234   0.019541   0.026471   0.035484
         0   0.000674   0.001331    0.00195   0.002517   0.003017   0.003437   0.003767   0.004003   0.004139   0.004177   0.004119   0.003971   0.003742   0.003441    0.00308   0.002671   0.002229   0.001766   0.001294   0.000827   0.000374   -5.5e-05  -0.000452  -0.000812  -0.001128    -0.0014  -0.001625  -0.001802  -0.001931  -0.002012  -0.002047  -0.002034  -0.001972  -0.001857  -0.001683  -0.001437  -0.001107  -0.000666   -8.3e-05   0.000687   0.001704   0.003048   0.004825   0.007171   0.010263    0.01433   0.019659   0.026621   0.035674
         0   0.000678   0.001336    0.00196   0.002529   0.003031   0.003454   0.003788   0.004025   0.004163   0.004203   0.004148   0.004002   0.003774   0.003475   0.003114   0.002708   0.002267   0.001805   0.001336   0.000869   0.000418     -9e-06  -0.000405  -0.000763  -0.001078  -0.001348  -0.001571  -0.001746  -0.001874  -0.001953  -0.001987  -0.001972  -0.001908  -0.001791  -0.001615  -0.001369  -0.001036  -0.000592     -7e-06   0.000767   0.001788   0.003138   0.004922   0.007277   0.010381   0.014464   0.019814   0.026801   0.035889
         0   0.000684   0.001348   0.001978   0.002552   0.003061   0.003489   0.003828    0.00407   0.004214   0.004258   0.004208   0.004065   0.003842   0.003546   0.003189   0.002786   0.002348   0.001889   0.001422   0.000959    0.00051    8.6e-05  -0.000308  -0.000664  -0.000977  -0.001245  -0.001466  -0.001639  -0.001764  -0.001842  -0.001874  -0.001857  -0.001791  -0.001673  -0.001495  -0.001246  -0.000911  -0.000465   0.000123   0.000898   0.001924   0.003278   0.005068   0.007431   0.010546   0.014641   0.020008   0.027018   0.036134
         0   0.000693   0.001368   0.002006   0.002591   0.003107   0.003544   0.003891   0.004142   0.004294   0.004346   0.004301   0.004166   0.003948   0.003658   0.003307   0.002909   0.002477   0.002022    0.00156   0.001101   0.000655   0.000234  -0.000156  -0.000509  -0.000819  -0.001084  -0.001302  -0.001472  -0.001596  -0.001672  -0.001701  -0.001683  -0.001615  -0.001495  -0.001315  -0.001064  -0.000728   -0.00028    0.00031   0.001089   0.002118   0.003476   0.005271    0.00764   0.010763   0.014869   0.020251    0.02728    0.03642
         0   0.000707   0.001395   0.002046   0.002644   0.003174   0.003623   0.003982   0.004244   0.004407    0.00447   0.004436   0.004311   0.004102   0.003821   0.003478   0.003088   0.002662   0.002214   0.001758   0.001304   0.000864   0.000448    6.2e-05  -0.000287  -0.000593  -0.000855   -0.00107  -0.001238  -0.001358  -0.001431  -0.001458  -0.001437  -0.001369  -0.001246  -0.001064  -0.000813  -0.000474   -2.5e-05   0.000567   0.001349    0.00238   0.003742   0.005541   0.007915   0.011046   0.015161   0.020555   0.027599    0.03676
         0   0.000725   0.001432   0.002101   0.002718   0.003265   0.003732   0.004108   0.004386   0.004564   0.004642   0.004622    0.00451   0.004314   0.004044   0.003713   0.003332   0.002916   0.002477   0.002029   0.001583   0.001151    0.00074   0.000361    1.7e-05  -0.000285  -0.000542  -0.000754  -0.000918  -0.001035  -0.001105   -0.00113  -0.001107  -0.001036  -0.000911  -0.000728  -0.000474  -0.000134   0.000318   0.000911   0.001695   0.002729   0.004093   0.005897   0.008276   0.011411   0.015535   0.020938   0.027995   0.037173
         0    0.00075   0.001482   0.002176   0.002817   0.003388   0.003878   0.004277   0.004577   0.004776   0.004873   0.004872   0.004778   0.004599   0.004346   0.004029   0.003662   0.003259   0.002832   0.002394   0.001958   0.001535   0.001133    0.00076   0.000424   0.000128  -0.000124   -0.00033   -0.00049  -0.000604  -0.000671  -0.000691  -0.000666  -0.000592  -0.000465   -0.00028   -2.5e-05   0.000318    0.00077   0.001366   0.002151   0.003187   0.004555    0.00636   0.008743   0.011885   0.016014   0.021426   0.028494   0.037686
         0   0.000784   0.001549   0.002277   0.002949   0.003553   0.004073   0.004502   0.004831   0.005059   0.005183   0.005206   0.005136    0.00498   0.004747    0.00445   0.004102   0.003716   0.003304   0.002881   0.002458   0.002046   0.001655   0.001292   0.000965   0.000677   0.000431   0.000232    7.6e-05   -3.2e-05   -9.5e-05  -0.000113   -8.3e-05     -7e-06   0.000123    0.00031   0.000567   0.000911   0.001366   0.001964   0.002751   0.003789   0.005158   0.006967   0.009354   0.012499   0.016633   0.022053   0.029129   0.038333
         0   0.000829   0.001637   0.002409   0.003125    0.00377   0.004333   0.004801   0.005169   0.005434   0.005593   0.005651   0.005612   0.005486   0.005282   0.005011   0.004686   0.004323   0.003932   0.003527   0.003121   0.002725   0.002348   0.001997    0.00168   0.001402   0.001167   0.000974   0.000827   0.000724   0.000667   0.000654   0.000687   0.000767   0.000898   0.001089   0.001349   0.001695   0.002151   0.002751    0.00354    0.00458   0.005951   0.007763   0.010152   0.013301   0.017439   0.022864   0.029948   0.039161
         0   0.000888   0.001756   0.002585   0.003359    0.00406   0.004677   0.005198   0.005618   0.005932   0.006138    0.00624   0.006244   0.006157   0.005989   0.005753   0.005461   0.005127   0.004763   0.004384      0.004   0.003624   0.003265   0.002931   0.002629   0.002364   0.002139   0.001957   0.001818   0.001724   0.001673   0.001666   0.001704   0.001788   0.001924   0.002118    0.00238   0.002729   0.003187   0.003789    0.00458   0.005621   0.006995   0.008807     0.0112   0.014352   0.018494   0.023924   0.031013   0.040233
         0   0.000966   0.001912   0.002819   0.003669   0.004445   0.005135   0.005726   0.006214   0.006592    0.00686   0.007022   0.007081   0.007047   0.006929   0.006738   0.006488   0.006192   0.005864   0.005518   0.005164   0.004814   0.004479   0.004167   0.003884   0.003636   0.003426   0.003258    0.00313   0.003045   0.003003   0.003003   0.003048   0.003138   0.003278   0.003476   0.003742   0.004093   0.004555   0.005158   0.005951   0.006995    0.00837   0.010185    0.01258   0.015733   0.019879   0.025313   0.032408   0.041634
         0    0.00107    0.00212   0.003129   0.004079   0.004954    0.00574   0.006425   0.007001   0.007466   0.007817   0.008057    0.00819   0.008226   0.008172   0.008042   0.007848   0.007604   0.007323   0.007019   0.006704    0.00639   0.006087   0.005802   0.005544   0.005319   0.005129   0.004977   0.004865   0.004793   0.004761   0.004771   0.004825   0.004922   0.005068   0.005271   0.005541   0.005897    0.00636   0.006967   0.007763   0.008807   0.010185   0.012002   0.014399   0.017555   0.021704   0.027141   0.034239    0.04347
         0   0.001208   0.002394   0.003539   0.004622   0.005627    0.00654   0.007349   0.008044   0.008623   0.009083   0.009426   0.009657   0.009784   0.009816   0.009766   0.009645   0.009469   0.009251   0.009003   0.008739   0.008472    0.00821   0.007963   0.007739   0.007543   0.007378   0.007248   0.007156   0.007101   0.007085   0.007107   0.007171   0.007277   0.007431    0.00764   0.007915   0.008276   0.008743   0.009354   0.010152     0.0112    0.01258   0.014399   0.016797   0.019955   0.024107   0.029546   0.036648   0.045884
         0   0.001389   0.002756   0.004079   0.005338   0.006516   0.007597   0.008568   0.009421    0.01015   0.010753   0.011232   0.011592   0.011839   0.011985    0.01204   0.012017    0.01193   0.011794   0.011621   0.011426   0.011219   0.011012   0.010814   0.010633   0.010475   0.010344   0.010243   0.010176   0.010144   0.010146   0.010185   0.010263   0.010381   0.010546   0.010763   0.011046   0.011411   0.011885   0.012499   0.013301   0.014352   0.015733   0.017555   0.019955   0.023116    0.02727   0.032712   0.039817   0.049056
         0   0.001628   0.003232    0.00479   0.006281   0.007685   0.008986   0.010172    0.01123   0.012158    0.01295   0.013609   0.014138   0.014545   0.014839   0.015032   0.015137   0.015169   0.015139   0.015065   0.014958   0.014832   0.014697   0.014562   0.014439   0.014331   0.014244   0.014183   0.014149   0.014146   0.014174   0.014234    0.01433   0.014464   0.014641   0.014869   0.015161   0.015535   0.016014   0.016633   0.017439   0.018494   0.019879   0.021704   0.024107    0.02727   0.031426   0.036869   0.043977    0.05322
         0    0.00194   0.003857   0.005723   0.007518   0.009219    0.01081   0.012275   0.013605   0.014792   0.015831   0.016725   0.017476   0.018091   0.018581   0.018955   0.019229   0.019413   0.019526    0.01958   0.019589   0.019568   0.019527   0.019477   0.019428   0.019385   0.019357   0.019346   0.019357   0.019392   0.019451   0.019541   0.019659   0.019814   0.020008   0.020251   0.020555   0.020938   0.021426   0.022053   0.022864   0.023924   0.025313   0.027141   0.029546   0.032712   0.036869   0.042316   0.049426   0.058671
         0    0.00235   0.004672   0.006941   0.009132   0.011222   0.013191   0.015023   0.016707   0.018232   0.019596   0.020797   0.021837   0.022725   0.023469    0.02408   0.024571   0.024958   0.025255   0.025477   0.025639   0.025754   0.025836   0.025897   0.025944   0.025988   0.026034    0.02609   0.026158   0.026242   0.026345   0.026471   0.026621   0.026801   0.027018    0.02728   0.027599   0.027995   0.028494   0.029129   0.029948   0.031013   0.032408   0.034239   0.036648   0.039817   0.043977   0.049426   0.056538   0.065785
         0   0.002882   0.005734   0.008527   0.011232   0.013827   0.016288   0.018598   0.020741   0.022707   0.024491   0.026092    0.02751   0.028752   0.029827   0.030746   0.031523   0.032171   0.032708   0.033148   0.033508   0.033802   0.034044   0.034246   0.034421   0.034576   0.034721   0.034862   0.035003   0.035153   0.035311   0.035484   0.035674   0.035889   0.036134    0.03642    0.03676   0.037173   0.037686   0.038333   0.039161   0.040233   0.041634    0.04347   0.045884   0.049056    0.05322   0.058671   0.065785   0.075035