         0          0          0          0          0          0          0          0          0          0          0          0          0          0          0          0          0          0          0          0          0          0          0          0          0          0          0          0          0          0          0          0          0          0          0          0          0          0          0          0          0          0          0          0          0          0          0          0          0          0
         0    2.8e-05    5.6e-05    8.5e-05   0.000113   0.000142   0.000172   0.000202   0.000234   0.000267   0.000302    0.00034   0.000382   0.000429    0.00048    0.00054   0.000608   0.000687    0.00078   0.000889   0.001017   0.001169   0.001349   0.001563   0.001816   0.002116   0.002473   0.002893    0.00339   0.003975   0.004664   0.005471   0.006418   0.007523   0.008811   0.010311    0.01205   0.014065   0.016392   0.019074   0.022158   0.025696   0.029745    0.03437   0.039638   0.045628   0.052419   0.060102   0.068776   0.078545
         0    5.6e-05   0.000112   0.000169   0.000226   0.000284   0.000344   0.000404   0.000467   0.000534   0.000605   0.000681   0.000765   0.000858   0.000962    0.00108   0.001217   0.001375   0.001559   0.001777   0.002034   0.002338   0.002697   0.003125   0.003631   0.004231   0.004942   0.005782   0.006775   0.007944    0.00932   0.010934   0.012823   0.015032   0.017606   0.020601   0.024076   0.028101   0.032749   0.038108   0.044269   0.051337   0.059427   0.068664   0.079189   0.091153   0.104719    0.12007   0.137398   0.156913
         0    8.5e-05   0.000169   0.000254    0.00034   0.000427   0.000517   0.000608   0.000703   0.000803    0.00091   0.001024   0.001149   0.001288   0.001444   0.001622   0.001826   0.002064   0.002341   0.002667   0.003051   0.003506   0.004046   0.004685   0.005443   0.006342   0.007407   0.008666   0.010151   0.011902   0.013961   0.016377   0.019207   0.022513   0.026368   0.030851   0.036054    0.04208    0.04904   0.057062   0.066285   0.076866   0.088978   0.102809   0.118566   0.136476   0.156787   0.179768   0.205711   0.234927
         0   0.000113   0.000226    0.00034   0.000455   0.000572    0.00069   0.000813    0.00094   0.001075   0.001216   0.001369   0.001537   0.001721    0.00193   0.002167    0.00244   0.002756   0.003125   0.003558    0.00407   0.004676   0.005393   0.006244   0.007253   0.008448   0.009865   0.011539   0.013515   0.015842   0.018581   0.021795   0.025557   0.029954    0.03508   0.041042   0.047962   0.055974   0.065229   0.075896   0.088162   0.102232   0.118338   0.136729   0.157682   0.181498   0.208508   0.239067   0.273563   0.312414
         0   0.000142   0.000284   0.000427   0.000572   0.000718   0.000868   0.001022   0.001181   0.001349   0.001526   0.001718   0.001927    0.00216   0.002421   0.002717   0.003057   0.003451   0.003912   0.004454   0.005092   0.005847   0.006741   0.007802   0.009059   0.010549   0.012313     0.0144   0.016862   0.019763   0.023174   0.027178   0.031866   0.037343   0.043728   0.051156   0.059777   0.069757   0.081286   0.094574   0.109854   0.127382   0.147445   0.170355   0.196456   0.226124   0.259769   0.297836   0.340809   0.389205
         0   0.000172   0.000344   0.000517    0.00069   0.000868   0.001048   0.001234   0.001426   0.001628   0.001843   0.002074   0.002326   0.002605   0.002918   0.003273   0.003681   0.004155   0.004706   0.005354   0.006118   0.007022   0.008092    0.00936   0.010864   0.012646   0.014755   0.017249   0.020192   0.023659   0.027736   0.032521   0.038124    0.04467   0.052301   0.061177   0.071479   0.083406   0.097183   0.113062    0.13132   0.152267   0.176241   0.203618   0.234809   0.270261   0.310466   0.355955   0.407306   0.465137
         0   0.000202   0.000404   0.000608   0.000813   0.001022   0.001234   0.001452   0.001679   0.001915   0.002167   0.002437   0.002733   0.003059   0.003424    0.00384   0.004316   0.004867    0.00551   0.006264   0.007153   0.008204   0.009448   0.010922    0.01267   0.014739    0.01719   0.020086   0.023504   0.027531   0.032264    0.03782   0.044325   0.051926   0.060786   0.071092   0.083051   0.096897   0.112892   0.131327   0.152524   0.176841   0.204674   0.236457   0.272666   0.313823   0.360498   0.413307   0.472919   0.540057
         0   0.000234   0.000467   0.000703    0.00094   0.001181   0.001426   0.001679    0.00194   0.002212   0.002502   0.002814   0.003152   0.003527   0.003945    0.00442   0.004965   0.005594   0.006328   0.007187     0.0082   0.009397   0.010814   0.012491   0.014479   0.016833    0.01962   0.022914   0.026799   0.031377   0.036758   0.043073   0.050467   0.059105   0.069175   0.080887   0.094478   0.110215   0.128392   0.149341    0.17343   0.201064   0.232693    0.26881   0.309958   0.356728   0.409769    0.46978   0.537522   0.613817
         0   0.000267   0.000534   0.000803   0.001075   0.001349   0.001628   0.001915   0.002212   0.002524   0.002853   0.003206   0.003589   0.004012   0.004486   0.005021   0.005634   0.006342   0.007165   0.008131   0.009268   0.010608   0.012195   0.014074   0.016299   0.018935   0.022052   0.025735   0.030082   0.035201    0.04122    0.04828   0.056547   0.066205   0.077463   0.090556    0.10575   0.123341   0.143662    0.16708   0.194007   0.224898   0.260254   0.300627   0.346623   0.398904   0.458193   0.525275   0.600998    0.68628
         0   0.000302   0.000605    0.00091   0.001216   0.001526   0.001843   0.002167   0.002502   0.002853   0.003222   0.003619   0.004049   0.004523   0.005051   0.005648    0.00633   0.007117   0.008032   0.009102   0.010361   0.011845   0.013601   0.015678   0.018137   0.021049   0.024492    0.02856   0.033358   0.039009   0.045652   0.053444   0.062567   0.073224   0.085646   0.100093   0.116858   0.136267   0.158686   0.184523   0.214232   0.248312   0.287318    0.33186   0.382604   0.440283   0.505693   0.579698   0.663239   0.757325
         0    0.00034   0.000681   0.001024   0.001369   0.001718   0.002074   0.002437   0.002814   0.003206   0.003619   0.004061   0.004539   0.005066   0.005651   0.006311   0.007063    0.00793   0.008936   0.010112   0.011493   0.013119   0.015041   0.017315   0.020005   0.023188   0.026951   0.031396   0.036638    0.04281   0.050063   0.058573   0.068533   0.080168   0.093729     0.1095   0.127799   0.148985   0.173456   0.201657   0.234084   0.271282   0.313856    0.36247   0.417854   0.480807   0.552198    0.63297   0.724149   0.826837
         0   0.000382   0.000765   0.001149   0.001537   0.001927   0.002326   0.002733   0.003152   0.003589   0.004049   0.004539   0.005069    0.00565   0.006295    0.00702   0.007844   0.008792   0.009891   0.011172   0.012675   0.014444   0.016531   0.018998   0.021915   0.025366   0.029443   0.034257   0.039933   0.046615   0.054467   0.063676   0.074454   0.087043   0.101716   0.118778   0.138576   0.161495   0.187967   0.218474   0.253551   0.293788    0.33984   0.392426   0.452336    0.52043   0.597651   0.685021   0.783646   0.894719
         0   0.000429   0.000858   0.001288   0.001721    0.00216   0.002605   0.003059   0.003527   0.004012   0.004523   0.005066    0.00565   0.006289   0.006995   0.007789   0.008688   0.009719   0.010911   0.012299   0.013924   0.015834   0.018086   0.020745   0.023886     0.0276   0.031986   0.037162   0.043262   0.050442   0.058877   0.068769   0.080345   0.093864   0.109619    0.12794   0.149195   0.173801   0.202221   0.234972   0.272627   0.315822   0.365258   0.421708   0.486018   0.559113   0.642007   0.735793    0.84166    0.96089
         0    0.00048   0.000962   0.001444    0.00193   0.002421   0.002918   0.003424   0.003945   0.004486   0.005051   0.005651   0.006295   0.006995   0.007768   0.008633    0.00961   0.010727   0.012016   0.013512    0.01526   0.017312   0.019728   0.022577    0.02594   0.029911     0.0346    0.04013   0.046646   0.054313   0.063317   0.073874   0.086226   0.100651   0.117457      0.137   0.159673   0.185917   0.216228   0.251158   0.291316   0.337382   0.390102   0.450302   0.518883   0.596834    0.68523   0.785243    0.89814   1.025286
         0    0.00054    0.00108   0.001622   0.002167   0.002717   0.003273    0.00384    0.00442   0.005021   0.005648   0.006311    0.00702   0.007789   0.008633   0.009573   0.010632   0.011839   0.013227   0.014835   0.016708   0.018903   0.021482    0.02452   0.028102   0.032329   0.037315   0.043193   0.050114   0.058255   0.067813   0.079017   0.092124   0.107427   0.125256   0.145983   0.170029   0.197862   0.230007   0.267046    0.30963   0.358476   0.414378   0.478209   0.550926   0.633577   0.727303   0.833345   0.953046   1.087855
         0   0.000608   0.001217   0.001826    0.00244   0.003057   0.003681   0.004316   0.004965   0.005634    0.00633   0.007063   0.007844   0.008688    0.00961   0.010632    0.01178   0.013081   0.014572   0.016294   0.018296   0.020636    0.02338   0.026607   0.030406   0.034885   0.040163   0.046381     0.0537   0.062302     0.0724   0.084232   0.098071   0.114225   0.133044   0.154921   0.180296   0.209665   0.243582   0.282663    0.32759   0.379124     0.4381    0.50544   0.582154   0.669345   0.768221   0.880086   1.006361   1.148572
         0   0.000687   0.001375   0.002064   0.002756   0.003451   0.004155   0.004867   0.005594   0.006342   0.007117    0.00793   0.008792   0.009719   0.010727   0.011839   0.013081   0.014484   0.016084   0.017926    0.02006   0.022548   0.025459   0.028874   0.032891   0.037619   0.043185   0.049737   0.057444   0.066497    0.07712   0.089563   0.104112   0.121091   0.140868   0.163853   0.190513   0.221366   0.256993   0.298043   0.345231   0.399357   0.461297    0.53202   0.612586   0.704155   0.807993   0.925473   1.058083   1.207428
         0    0.00078   0.001559   0.002341   0.003125   0.003912   0.004706    0.00551   0.006328   0.007165   0.008032   0.008936   0.009891   0.010911   0.012016   0.013227   0.014572   0.016084   0.017802    0.01977   0.022041    0.02468   0.027762   0.031369   0.035602   0.040579    0.04643   0.053311   0.061397   0.070891   0.082024   0.095059   0.110296   0.128074   0.148776   0.172832   0.200731   0.233014   0.270289   0.313234     0.3626    0.41922   0.484013   0.557989   0.642261    0.73804    0.84665   0.969528   1.108231   1.264436
         0   0.000889   0.001777   0.002667   0.003558   0.004454   0.005354   0.006264   0.007187   0.008131   0.009102   0.010112   0.011172   0.012299   0.013512   0.014835   0.016294   0.017926    0.01977   0.021871   0.024288   0.027087   0.030343   0.034145   0.038597   0.043821   0.049955    0.05716   0.065619   0.075543   0.087174   0.100784   0.116687   0.135237   0.156831   0.181921   0.211012   0.244671   0.283531   0.328298   0.379756    0.43877   0.506301   0.583403   0.671231    0.77105    0.88424   1.012298   1.156846   1.319632
         0   0.001017   0.002034   0.003051    0.00407   0.005092   0.006118   0.007153     0.0082   0.009268   0.010361   0.011493   0.012675   0.013924    0.01526   0.016708   0.018296    0.02006   0.022041   0.024288   0.026861   0.029825   0.033262   0.037265    0.04194   0.047414    0.05383   0.061356   0.070183   0.080527   0.092642   0.106813   0.123361   0.142656   0.165111   0.191196   0.221434   0.256414   0.296796   0.343312   0.396774   0.458085    0.52824   0.608334   0.699569   0.803257   0.920831   1.053848   1.203991   1.373077
         0   0.001169   0.002338   0.003506   0.004676   0.005847   0.007022   0.008204   0.009397   0.010608   0.011845   0.013119   0.014444   0.015834   0.017312   0.018903   0.020636   0.022548    0.02468   0.027087   0.029825   0.032968   0.036595   0.040805   0.045709   0.051435   0.058135   0.065981   0.075169   0.085929   0.098517   0.113231   0.130405    0.15042   0.173706   0.200747   0.232088   0.268337   0.310177   0.358367   0.413749   0.477256   0.549921   0.632876   0.727366   0.834751   0.956514   1.094267   1.249755   1.424857
         0   0.001349   0.002697   0.004046   0.005393   0.006741   0.008092   0.009448   0.010814   0.012195   0.013601   0.015041   0.016531   0.018086   0.019728   0.021482    0.02338   0.025459   0.027762   0.030343   0.033262   0.036595   0.040426   0.044853   0.049992   0.055978   0.062965    0.07113    0.08068   0.091847   0.104899   0.120143   0.137924   0.158637   0.182723   0.210684   0.243083   0.280548   0.323785   0.373576   0.430792   0.496398   0.571457   0.657142   0.754737   0.865646   0.991403   1.133671   1.294251   1.475087
         0   0.001563   0.003125   0.004685   0.006244   0.007802    0.00936   0.010922   0.012491   0.014074   0.015678   0.017315   0.018998   0.020745   0.022577    0.02452   0.026607   0.028874   0.031369   0.034145   0.037265   0.040805   0.044853    0.04951   0.054897   0.061149   0.068429   0.076918   0.086827   0.098398   0.111908    0.12767   0.146043   0.167429   0.192289   0.221136    0.25455    0.29318   0.337752   0.389072   0.448039   0.515645   0.592986    0.68127   0.781819   0.896084   1.025639   1.172201   1.337624   1.523912
         0   0.001816   0.003631   0.005443   0.007253   0.009059   0.010864    0.01267   0.014479   0.016299   0.018137   0.020005   0.021915   0.023886    0.02594   0.028102   0.030406   0.032891   0.035602   0.038597    0.04194   0.045709   0.049992   0.054897   0.060544   0.067076   0.074657   0.083475   0.093748   0.105722   0.119683   0.135954   0.154903   0.176945   0.202551    0.23225   0.266639   0.306385   0.352233   0.405012   0.465646   0.535156   0.614668   0.705422    0.80878    0.92623   1.059391   1.210029   1.380047   1.571506
         0   0.002116   0.004231   0.006342   0.008448   0.010549   0.012646   0.014739   0.016833   0.018935   0.021049   0.023188   0.025366     0.0276   0.029911   0.032329   0.034885   0.037619   0.040579   0.043821   0.047414   0.051435   0.055978   0.061149   0.067076   0.073902   0.081797   0.090954   0.101595   0.113975   0.128386   0.145159   0.164672   0.187352    0.21368   0.244202   0.279527    0.32034   0.367407   0.421578     0.4838   0.555119   0.636692   0.729792   0.835813    0.95628    1.09286   1.247356   1.421726   1.618081
         0   0.002473   0.004942   0.007407   0.009865   0.012313   0.014755    0.01719    0.01962   0.022052   0.024492   0.026951   0.029443   0.031986     0.0346   0.037315   0.040163   0.043185    0.04643   0.049955    0.05383   0.058135   0.062965   0.068429   0.074657   0.081797   0.090022   0.099531    0.11055    0.12334   0.138203   0.155474   0.175543   0.198846   0.225876   0.257191   0.293417   0.335253   0.383485   0.438983   0.502714   0.575753   0.659281   0.754602   0.863144   0.986468   1.126279   1.284424   1.462906   1.663886
         0   0.002893   0.005782   0.008666   0.011539     0.0144   0.017249   0.020086   0.022914   0.025735    0.02856   0.031396   0.034257   0.037162    0.04013   0.043193   0.046381   0.049737   0.053311    0.05716   0.061356   0.065981    0.07113   0.076918   0.083475   0.090954   0.099531   0.109408   0.120819    0.13403   0.149348   0.167119   0.187738   0.211652   0.239366   0.271451   0.308544   0.351364   0.400708    0.45747   0.522637   0.597307   0.682689   0.780112   0.891037    1.01706   1.159919   1.321506   1.503865   1.709206
         0    0.00339   0.006775   0.010151   0.013515   0.016862   0.020192   0.023504   0.026799   0.030082   0.033358   0.036638   0.039933   0.043262   0.046646   0.050114     0.0537   0.057444   0.061397   0.065619   0.070183   0.075169    0.08068   0.086827   0.093748   0.101595    0.11055   0.120819    0.13264   0.146286    0.16207   0.180343   0.201512    0.22603   0.254416   0.287248   0.325181   0.368944   0.419355   0.477322   0.543855   0.620073   0.707207   0.806618   0.919793    1.04836   1.194094   1.358922   1.544932   1.754373
         0   0.003975   0.007944   0.011902   0.015842   0.019763   0.023659   0.027531   0.031377   0.035201   0.039009    0.04281   0.046615   0.050442   0.054313   0.058255   0.062302   0.066497   0.070891   0.075543   0.080527   0.085929   0.091847   0.098398   0.105722   0.113975    0.12334    0.13403   0.146286   0.160387    0.17665   0.195437   0.217158   0.242279   0.271325   0.304889   0.343635   0.388309   0.439743    0.49886   0.566693   0.644379   0.733174   0.834462   0.949758   1.080722    1.22916   1.397036   1.586474   1.799768
         0   0.004664    0.00932   0.013961   0.018581   0.023174   0.027736   0.032264   0.036758    0.04122   0.045652   0.050063   0.054467   0.058877   0.063317   0.067813     0.0724    0.07712   0.082024   0.087174   0.092642   0.098517   0.104899   0.111908   0.119683   0.128386   0.138203   0.149348    0.16207    0.17665   0.193413   0.212727    0.23501   0.260735   0.290439   0.324723   0.364263   0.409818   0.462234   0.522455   0.591525   0.670605   0.760971   0.864031   0.981327   1.114545   1.265524   1.436261   1.628915    1.84582
         0   0.005471   0.010934   0.016377   0.021795   0.027178   0.032521    0.03782   0.043073    0.04828   0.053444   0.058573   0.063676   0.068769   0.073874   0.079017   0.084232   0.089563   0.095059   0.100784   0.106813   0.113231   0.120143    0.12767   0.135954   0.145159   0.155474   0.167119   0.180343   0.195437   0.212727    0.23259   0.255449   0.281788   0.312149   0.347144   0.387464   0.433877   0.487244   0.548521   0.618774   0.699178   0.791033   0.895766   1.014945   1.150284   1.303648   1.477065   1.672731   1.893014
         0   0.006418   0.012823   0.019207   0.025557   0.031866   0.038124   0.044325   0.050467   0.056547   0.062567   0.068533   0.074454   0.080345   0.086226   0.092124   0.098071   0.104112   0.110296   0.116687   0.123361   0.130405   0.137924   0.146043   0.154903   0.164672   0.175543   0.187738   0.201512   0.217158    0.23501   0.255449   0.278907   0.305872   0.336898   0.372607   0.413697    0.46095   0.515238   0.577535    0.64892   0.730585   0.823852   0.930166   1.051119    1.18845    1.34405   1.519978   1.718461     1.9419
         0   0.007523   0.015032   0.022513   0.029954   0.037343    0.04467   0.051926   0.059105   0.066205   0.073224   0.080168   0.087043   0.093864   0.100651   0.107427   0.114225   0.121091   0.128074   0.135237   0.142656    0.15042   0.158637   0.167429   0.176945   0.187352   0.198846   0.211652    0.22603   0.242279   0.260735   0.281788   0.305872   0.333488   0.365194    0.40162   0.443478   0.491559   0.546748   0.610032   0.682504   0.765376   0.859982   0.967792   1.090418    1.22962   1.387318   1.565596   1.766709   1.993092
         0   0.008811   0.017606   0.026368    0.03508   0.043728   0.052301   0.060786   0.069175   0.077463   0.085646   0.093729   0.101716   0.109619   0.117457   0.125256   0.133044   0.140868   0.148776   0.156831   0.165111   0.173706   0.182723   0.192289   0.202551    0.21368   0.225876   0.239366   0.254416   0.271325   0.290439   0.312149   0.336898   0.365194     0.3976   0.434761    0.47739   0.526295   0.582371   0.646616   0.720139   0.804166    0.90005   1.009278   1.133482   1.274444   1.434108   1.614582   1.818151   2.047278
         0   0.010311   0.020601   0.030851   0.041042   0.051156   0.061177   0.071092   0.080887   0.090556   0.100093     0.1095   0.118778    0.12794      0.137   0.145983   0.154921   0.163853   0.172832   0.181921   0.191196   0.200747   0.210684   0.221136    0.23225   0.244202   0.257191   0.271451   0.287248   0.304889   0.324723   0.347144   0.372607    0.40162   0.434761   0.472674    0.51609   0.565822   0.622775   0.687965    0.76251   0.847651   0.944757   1.055333   1.181029   1.323648   1.485155   1.667684   1.873545   2.105225
         0    0.01205   0.024076   0.036054   0.047962   0.059777   0.071479   0.083051   0.094478    0.10575   0.116858   0.127799   0.138576   0.149195   0.159673   0.170029   0.180296   0.190513   0.200731   0.211012   0.221434   0.232088   0.243083    0.25455   0.266639   0.279527   0.293417   0.308544   0.325181   0.343635   0.364263   0.387464   0.413697   0.443478    0.47739    0.51609   0.560313   0.610882   0.668717   0.734841   0.810385   0.896607   0.994888   1.106751   1.233861   1.378043   1.541283   1.725734    1.93373   2.167789
         0   0.014065   0.028101    0.04208   0.055974   0.069757   0.083406   0.096897   0.110215   0.123341   0.136267   0.148985   0.161495   0.173801   0.185917   0.197862   0.209665   0.221366   0.233014   0.244671   0.256414   0.268337   0.280548    0.29318   0.306385    0.32034   0.335253   0.351364   0.368944   0.388309   0.409818   0.433877    0.46095   0.491559   0.526295   0.565822   0.610882   0.662312   0.721038   0.788094   0.864626   0.951903    1.05132   1.164416   1.292873   1.438534   1.603402   1.789655   1.999645   2.235915
         0   0.016392   0.032749    0.04904   0.065229   0.081286   0.097183   0.112892   0.128392   0.143662   0.158686   0.173456   0.187967   0.202221   0.216228   0.230007   0.243582   0.256993   0.270289   0.283531   0.296796   0.310177   0.323785   0.337752   0.352233   0.367407   0.383485   0.400708   0.419355   0.439743   0.462234   0.487244   0.515238   0.546748   0.582371   0.622775   0.668717   0.721038   0.780675   0.848673    0.92619   1.014505   1.115029   1.229315   1.359061   1.506125   1.672531   1.860473   2.072327   2.310657
         0   0.019074   0.038108   0.057062   0.075896   0.094574   0.113062   0.131327   0.149341    0.16708   0.184523   0.201657   0.218474   0.234972   0.251158   0.267046   0.282663   0.298043   0.313234   0.328298   0.343312   0.358367   0.373576   0.389072   0.405012   0.421578   0.438983    0.45747   0.477322    0.49886   0.522455   0.548521   0.577535   0.610032   0.646616   0.687965   0.734841   0.788094   0.848673   0.917632   0.996139   1.085487   1.187099   1.302541   1.433528   1.581931   1.749792   1.939324   2.152923   2.393171
         0   0.022158   0.044269   0.066285   0.088162   0.109854    0.13132   0.152524    0.17343   0.194007   0.214232   0.234084   0.253551   0.272627   0.291316    0.30963    0.32759   0.345231     0.3626   0.379756   0.396774   0.413749   0.430792   0.448039   0.465646     0.4838   0.502714   0.522637   0.543855   0.566693   0.591525   0.618774    0.64892   0.682504   0.720139    0.76251   0.810385   0.864626    0.92619   0.996139   1.075656    1.16604   1.268732   1.385307   1.517495   1.667183    1.83643   2.027463     2.2427   2.484739
         0   0.025696   0.051337   0.076866   0.102232   0.127382   0.152267   0.176841   0.201064   0.224898   0.248312   0.271282   0.293788   0.315822   0.337382   0.358476   0.379124   0.399357    0.41922    0.43877   0.458085   0.477256   0.496398   0.515645   0.535156   0.555119   0.575753   0.597307   0.620073   0.644379   0.670605   0.699178   0.730585   0.765376   0.804166   0.847651   0.896607   0.951903   1.014505   1.085487    1.16604   1.257478   1.361251   1.478947   1.612309   1.763241   1.933812   2.126273    2.34305   2.586767
         0   0.029745   0.059427   0.088978   0.118338   0.147445   0.176241   0.204674   0.232693   0.260254   0.287318   0.313856    0.33984   0.365258   0.390102   0.414378     0.4381   0.461297   0.484013   0.506301    0.52824   0.549921   0.571457   0.592986   0.614668   0.636692   0.659281   0.682689   0.707207   0.733174   0.760971   0.791033   0.823852   0.859982    0.90005   0.944757   0.994888    1.05132   1.115029   1.187099   1.268732   1.361251   1.466116   1.584932   1.719454   1.871597   2.043447   2.237268   2.455505   2.700796
         0    0.03437   0.068664   0.102809   0.136729   0.170355   0.203618   0.236457    0.26881   0.300627    0.33186    0.36247   0.392426   0.421708   0.450302   0.478209    0.50544    0.53202   0.557989   0.583403   0.608334   0.632876   0.657142    0.68127   0.705422   0.729792   0.754602   0.780112   0.806618   0.834462   0.864031   0.895766   0.930166   0.967792   1.009278   1.055333   1.106751   1.164416   1.229315   1.302541   1.385307   1.478947   1.584932   1.704879   1.840555   1.993891   2.166984   2.362113   2.581739   2.828516
         0   0.039638   0.079189   0.118566   0.157682   0.196456   0.234809   0.272666   0.309958   0.346623   0.382604   0.417854   0.452336   0.486018   0.518883   0.550926   0.582154   0.612586   0.642261   0.671231   0.699569   0.727366   0.754737   0.781819    0.80878   0.835813   0.863144   0.891037   0.919793   0.949758   0.981327   1.014945   1.051119   1.090418   1.133482   1.181029   1.233861   1.292873   1.359061   1.433528   1.517495   1.612309   1.719454   1.840555   1.977395   2.131915   2.306229   2.502625   2.723583   2.971771
         0   0.045628   0.091153   0.136476   0.181498   0.226124   0.270261   0.313823   0.356728   0.398904   0.440283   0.480807    0.52043   0.559113   0.596834   0.633577   0.669345   0.704155    0.73804    0.77105   0.803257   0.834751   0.865646   0.896084    0.92623    0.95628   0.986468    1.01706    1.04836   1.080722   1.114545   1.150284    1.18845    1.22962   1.274444   1.323648   1.378043   1.438534   1.506125   1.581931   1.667183   1.763241   1.871597   1.993891   2.131915   2.287625   2.463147   2.660785   2.883029   3.132565
         0   0.052419   0.104719   0.156787   0.208508   0.259769   0.310466   0.360498   0.409769   0.458193   0.505693   0.552198   0.597651   0.642007    0.68523   0.727303   0.768221   0.807993    0.84665    0.88424   0.920831   0.956514   0.991403   1.025639   1.059391    1.09286   1.126279   1.159919   1.194094    1.22916   1.265524   1.303648    1.34405   1.387318   1.434108   1.485155   1.541283   1.603402   1.672531   1.749792    1.83643   1.933812   2.043447   2.166984   2.306229   2.463147   2.639879   2.838743   3.062244   3.313078
         0   0.060102    0.12007   0.179768   0.239067   0.297836   0.355955   0.413307    0.46978   0.525275   0.579698    0.63297   0.685021   0.735793   0.785243   0.833345   0.880086   0.925473   0.969528   1.012298   1.053848   1.094267   1.133671   1.172201   1.210029   1.247356   1.284424   1.321506   1.358922   1.397036   1.436261   1.477065   1.519978   1.565596   1.614582   1.667684   1.725734   1.789655   1.860473   1.939324   2.027463   2.126273   2.237268   2.362113   2.502625   2.660785   2.838743   3.038832   3.263569   3.515666
         0   0.068776   0.137398   0.205711   0.273563   0.340809   0.407306   0.472919   0.537522   0.600998   0.663239   0.724149   0.783646    0.84166    0.89814   0.953046   1.006361   1.058083   1.108231   1.156846   1.203991   1.249755   1.294251   1.337624   1.380047   1.421726   1.462906   1.503865   1.544932   1.586474   1.628915   1.672731   1.718461   1.766709   1.818151   1.873545    1.93373   1.999645   2.072327   2.152923     2.2427    2.34305   2.455505   2.581739   2.723583   2.883029   3.062244   3.263569   3.489538   3.742875
         0   0.078545   0.156913   0.234927   0.312414   0.389205   0.465137   0.540057   0.613817    0.68628   0.757325   0.826837   0.894719    0.96089   1.025286   1.087855   1.148572   1.207428   1.264436   1.319632   1.373077   1.424857   1.475087   1.523912   1.571506   1.618081   1.663886   1.709206   1.754373   1.799768    1.84582   1.893014     1.9419   1.993092   2.047278   2.105225   2.167789   2.235915   2.310657   2.393171   2.484739   2.586767   2.700796   2.828516   2.971771   3.132565   3.313078   3.515666   3.742875   3.997442