         0          0          0          0          0          0          0          0          0          0          0          0          0          0          0          0          0          0          0          0          0          0          0          0          0          0          0          0          0          0          0          0          0          0          0          0          0          0          0          0          0          0          0          0          0          0          0          0          0          0
         0    4.3e-05    8.5e-05   0.000127   0.000168   0.000206   0.000244   0.000278    0.00031   0.000339   0.000365   0.000388   0.000408   0.000425   0.000439   0.000451    0.00046   0.000467   0.000472   0.000476   0.000479   0.000482   0.000486   0.000491   0.000498   0.000509   0.000525   0.000547   0.000578   0.000621   0.000677    0.00075   0.000844   0.000966   0.001121   0.001317   0.001564   0.001872   0.002255    0.00273   0.003315   0.004034   0.004915   0.005989   0.007294   0.008874   0.010781   0.013075   0.015825   0.019108
         0    8.5e-05   0.000171   0.000253   0.000334   0.000411   0.000485   0.000553   0.000616   0.000674   0.000726   0.000771   0.000811   0.000846   0.000873   0.000896   0.000914   0.000928   0.000939   0.000946   0.000953   0.000958   0.000965   0.000975    0.00099   0.001011   0.001043   0.001088    0.00115   0.001234   0.001345   0.001491   0.001681   0.001924   0.002233   0.002625   0.003117   0.003732   0.004496   0.005444   0.006613   0.008049   0.009807   0.011951   0.014557   0.017712   0.021519   0.026099   0.031588   0.038144
         0   0.000127   0.000253   0.000377   0.000497   0.000612    0.00072   0.000822   0.000916   0.001002   0.001079   0.001147   0.001205   0.001255   0.001297   0.001331   0.001357   0.001378   0.001393   0.001404   0.001412   0.001422   0.001432   0.001447   0.001469   0.001501   0.001548   0.001615   0.001708   0.001832   0.001999   0.002218     0.0025   0.002864   0.003327   0.003912   0.004648   0.005568   0.006712   0.008129   0.009877   0.012026   0.014654   0.017862   0.021758   0.026478   0.032173   0.039022   0.047232   0.057038
         0   0.000168   0.000334   0.000497   0.000654   0.000805   0.000949   0.001083   0.001206   0.001319    0.00142    0.00151   0.001586   0.001652   0.001707    0.00175   0.001785   0.001811    0.00183   0.001844   0.001855   0.001867   0.001879   0.001899   0.001927   0.001971   0.002033   0.002121   0.002244    0.00241    0.00263    0.00292   0.003297   0.003779   0.004394   0.005171   0.006148   0.007369   0.008889   0.010771   0.013093   0.015945   0.019437   0.023695    0.02887   0.035138     0.0427   0.051796   0.062698    0.07572
         0   0.000206   0.000411   0.000612   0.000805   0.000991   0.001167   0.001332   0.001484   0.001623   0.001746   0.001855    0.00195    0.00203   0.002096    0.00215   0.002191   0.002222   0.002245   0.002262   0.002275   0.002288   0.002304   0.002327   0.002362   0.002415   0.002492   0.002601   0.002754    0.00296   0.003233   0.003594   0.004061   0.004661   0.005426   0.006392   0.007607   0.009126   0.011015   0.013356   0.016243    0.01979   0.024132   0.029427   0.035863   0.043656   0.053061   0.064373    0.07793   0.094123
         0   0.000244   0.000485    0.00072   0.000949   0.001167   0.001375   0.001567   0.001746   0.001909   0.002054   0.002182   0.002292   0.002386   0.002463   0.002524   0.002572   0.002608   0.002633   0.002652   0.002666    0.00268   0.002698   0.002725   0.002766   0.002828   0.002919    0.00305    0.00323   0.003476   0.003803   0.004232   0.004789   0.005504   0.006415   0.007567   0.009015   0.010827    0.01308   0.015871   0.019314   0.023543   0.028722   0.035037   0.042711   0.052004    0.06322   0.076709   0.092875   0.112186
         0   0.000278   0.000553   0.000822   0.001083   0.001332   0.001567   0.001788   0.001991   0.002175    0.00234   0.002485    0.00261   0.002716   0.002802   0.002871   0.002923   0.002962    0.00299    0.00301   0.003025    0.00304   0.003059   0.003089   0.003135   0.003207   0.003311   0.003461    0.00367   0.003954   0.004331   0.004828   0.005473   0.006301   0.007355    0.00869   0.010367   0.012465   0.015074   0.018306   0.022292   0.027191   0.033188   0.040501   0.049389   0.060151   0.073139    0.08876   0.107483   0.129847
         0    0.00031   0.000616   0.000916   0.001206   0.001484   0.001746   0.001991   0.002217   0.002422   0.002604   0.002764   0.002901   0.003017   0.003112   0.003187   0.003243   0.003284   0.003313   0.003334   0.003349   0.003363   0.003384   0.003416   0.003467   0.003546   0.003664   0.003833   0.004068   0.004389   0.004817   0.005379   0.006109   0.007047   0.008242   0.009754   0.011654   0.014031   0.016987    0.02065   0.025168   0.030719   0.037515   0.045802   0.055873    0.06807   0.082789   0.100491   0.121709   0.147051
         0   0.000339   0.000674   0.001002   0.001319   0.001623   0.001909   0.002175   0.002422   0.002644   0.002842   0.003016   0.003164   0.003289    0.00339   0.003469   0.003528   0.003572   0.003601   0.003619   0.003634   0.003648   0.003669   0.003702   0.003757   0.003844   0.003974   0.004161   0.004423   0.004779   0.005255   0.005881   0.006694   0.007738    0.00907   0.010753   0.012871    0.01552   0.018815   0.022895    0.02793   0.034116   0.041688   0.050923   0.062146   0.075737    0.09214   0.111865   0.135509   0.163749
         0   0.000365   0.000726   0.001079    0.00142   0.001746   0.002054    0.00234   0.002604   0.002842   0.003054   0.003239   0.003397   0.003528   0.003634   0.003716   0.003777    0.00382   0.003849   0.003866   0.003879   0.003892   0.003912   0.003947   0.004004   0.004098    0.00424   0.004444   0.004731   0.005121   0.005644   0.006331   0.007224   0.008372   0.009835   0.011687   0.014015   0.016926   0.020549   0.025035    0.03057   0.037372   0.045696    0.05585   0.068188   0.083132   0.101165   0.122853   0.148848   0.179896
         0   0.000388   0.000771   0.001147    0.00151   0.001855   0.002182   0.002485   0.002764   0.003016   0.003239   0.003433   0.003598   0.003735   0.003844   0.003928    0.00399   0.004032   0.004058   0.004074   0.004084   0.004095   0.004113   0.004148   0.004209   0.004309   0.004461   0.004682   0.004991   0.005415   0.005982   0.006728   0.007699   0.008946   0.010537    0.01255   0.015081   0.018246   0.022185   0.027064   0.033083   0.040478    0.04953    0.06057   0.073988   0.090236   0.109845   0.133427   0.161693   0.195455
         0   0.000408   0.000811   0.001205   0.001586    0.00195   0.002292    0.00261   0.002901   0.003164   0.003397   0.003598   0.003768   0.003909    0.00402   0.004105   0.004166   0.004206   0.004229   0.004242   0.004248   0.004256   0.004273   0.004307   0.004371   0.004475   0.004637   0.004873   0.005205    0.00566    0.00627   0.007073   0.008117   0.009462   0.011174   0.013343   0.016069   0.019479   0.023722   0.028978   0.035462   0.043429   0.053181   0.065075   0.079531   0.097035    0.11816   0.143567   0.174019   0.210391
         0   0.000425   0.000846   0.001255   0.001652    0.00203   0.002386   0.002716   0.003017   0.003289   0.003528   0.003735   0.003909   0.004051   0.004163   0.004247   0.004305   0.004343   0.004362    0.00437   0.004373   0.004377   0.004392   0.004425    0.00449     0.0046    0.00477    0.00502   0.005374   0.005859   0.006509   0.007367   0.008483   0.009918   0.011748   0.014065    0.01698   0.020623   0.025158   0.030777   0.037707   0.046222   0.056645   0.069358   0.084809   0.103519   0.126099   0.153255   0.185803    0.22468
         0   0.000439   0.000873   0.001297   0.001707   0.002096   0.002463   0.002802   0.003112    0.00339   0.003634   0.003844    0.00402   0.004163   0.004274   0.004356   0.004411   0.004444    0.00446   0.004462   0.004461   0.004461   0.004472   0.004505    0.00457   0.004684   0.004862   0.005126   0.005499   0.006013   0.006701   0.007611   0.008795   0.010317    0.01226    0.01472   0.017812    0.02168   0.026495   0.032458   0.039815   0.048855    0.05992   0.073417   0.089817    0.10968   0.133651   0.162479   0.197031   0.238302
         0   0.000451   0.000896   0.001331    0.00175    0.00215   0.002524   0.002871   0.003187   0.003469   0.003716   0.003928   0.004105   0.004247   0.004356   0.004434   0.004485   0.004514   0.004524   0.004522   0.004514    0.00451   0.004518   0.004548   0.004614   0.004731   0.004917   0.005193   0.005586   0.006125   0.006851   0.007809   0.009058   0.010664   0.012713   0.015308   0.018572   0.022653   0.027732   0.034025   0.041789   0.051329   0.063005   0.077247   0.094555   0.115515   0.140809   0.171231   0.207692   0.251243
         0    0.00046   0.000914   0.001357   0.001785   0.002191   0.002572   0.002923   0.003243   0.003528   0.003777    0.00399   0.004166   0.004305   0.004411   0.004485   0.004532   0.004555   0.004559    0.00455   0.004537   0.004528   0.004532    0.00456   0.004627   0.004746   0.004939   0.005227   0.005636   0.006201   0.006962   0.007968   0.009276   0.010962   0.013112   0.015836   0.019261   0.023546   0.028878   0.035483   0.043632   0.053645   0.065903   0.080852    0.09902   0.121021   0.147573   0.179507    0.21778   0.263496
         0   0.000467   0.000928   0.001378   0.001811   0.002222   0.002608   0.002962   0.003284   0.003572    0.00382   0.004032   0.004206   0.004343   0.004444   0.004514   0.004555   0.004571   0.004569   0.004555   0.004536   0.004522   0.004521   0.004547   0.004613   0.004736   0.004935   0.005232   0.005659   0.006248   0.007041    0.00809   0.009456   0.011218   0.013464   0.016308   0.019887   0.024363   0.029934   0.036836   0.045349   0.055812   0.068618   0.084237   0.103218   0.126206   0.153947   0.187311   0.227298   0.275062
         0   0.000472   0.000939   0.001393    0.00183   0.002245   0.002633    0.00299   0.003313   0.003601   0.003849   0.004058   0.004229   0.004362    0.00446   0.004524   0.004559   0.004569   0.004561    0.00454   0.004516   0.004496   0.004492   0.004514    0.00458   0.004705   0.004909   0.005217   0.005659   0.006271   0.007095   0.008185   0.009606   0.011437   0.013774   0.016734   0.020457   0.025113    0.03091    0.03809   0.046949   0.057833   0.071157   0.087407   0.107156   0.131073   0.159935   0.194647   0.236251   0.285945
         0   0.000476   0.000946   0.001404   0.001844   0.002262   0.002652    0.00301   0.003334   0.003619   0.003866   0.004074   0.004242    0.00437   0.004462   0.004522    0.00455   0.004555    0.00454   0.004514   0.004483   0.004459    0.00445    0.00447   0.004536   0.004662   0.004872   0.005189   0.005646   0.006278   0.007132   0.008262   0.009734   0.011632   0.014054    0.01712   0.020979   0.025806   0.031813   0.039256   0.048438    0.05972    0.07353   0.090373   0.110843   0.135632   0.165548   0.201527   0.244649   0.296156
         0   0.000479   0.000953   0.001412   0.001855   0.002275   0.002666   0.003025   0.003349   0.003634   0.003879   0.004084   0.004248   0.004373   0.004461   0.004514   0.004537   0.004536   0.004516   0.004483   0.004447   0.004418   0.004406   0.004425   0.004489   0.004617   0.004832   0.005159   0.005629   0.006281   0.007163   0.008328   0.009849   0.011809   0.014311   0.017479   0.021465   0.026451   0.032657   0.040345   0.049829   0.061483   0.075749   0.093148   0.114293   0.139898   0.170801   0.207965   0.252508   0.305713
         0   0.000482   0.000958   0.001422   0.001867   0.002288    0.00268    0.00304   0.003363   0.003648   0.003892   0.004095   0.004256   0.004377   0.004461    0.00451   0.004528   0.004522   0.004496   0.004459   0.004418   0.004385    0.00437   0.004386   0.004451   0.004581   0.004801   0.005136    0.00562   0.006292   0.007198   0.008399   0.009964   0.011983   0.014559   0.017822   0.021927   0.027061   0.033452   0.041369   0.051136   0.063138   0.077829   0.095746    0.11752   0.143888    0.17571   0.213982   0.259851    0.31464
         0   0.000486   0.000965   0.001432   0.001879   0.002304   0.002698   0.003059   0.003384   0.003669   0.003912   0.004113   0.004273   0.004392   0.004472   0.004518   0.004532   0.004521   0.004492    0.00445   0.004406    0.00437   0.004352   0.004368   0.004433   0.004566   0.004791   0.005135   0.005631    0.00632   0.007252   0.008484   0.010093   0.012166   0.014812   0.018163   0.022379   0.027653   0.034215   0.042346   0.052376     0.0647   0.079786   0.098185   0.120545   0.147622     0.1803     0.2196   0.266702   0.322964
         0   0.000491   0.000975   0.001447   0.001899   0.002327   0.002725   0.003089   0.003416   0.003702   0.003947   0.004148   0.004307   0.004425   0.004505   0.004548    0.00456   0.004547   0.004514    0.00447   0.004425   0.004386   0.004368   0.004383    0.00445   0.004586   0.004817    0.00517   0.005679   0.006385    0.00734   0.008604   0.010251   0.012376   0.015086    0.01852   0.022838   0.028241   0.034964   0.043292   0.053566    0.06619   0.081642   0.100489   0.123391   0.151125   0.184595   0.224848   0.273093   0.330719
         0   0.000498    0.00099   0.001469   0.001927   0.002362   0.002766   0.003135   0.003467   0.003757   0.004004   0.004209   0.004371    0.00449    0.00457   0.004614   0.004627   0.004613    0.00458   0.004536   0.004489   0.004451   0.004433    0.00445   0.004519    0.00466   0.004897   0.005259    0.00578   0.006504   0.007481   0.008773   0.010459   0.012632   0.015403   0.018912   0.023327   0.028849    0.03572   0.044231    0.05473   0.067631   0.083421    0.10268   0.126084   0.154425   0.188627    0.22976    0.27906   0.337946
         0   0.000509   0.001011   0.001501   0.001971   0.002415   0.002828   0.003207   0.003546   0.003844   0.004098   0.004309   0.004475     0.0046   0.004684   0.004731   0.004746   0.004736   0.004705   0.004662   0.004617   0.004581   0.004566   0.004586    0.00466   0.004807   0.005051   0.005423   0.005957   0.006698   0.007697   0.009017   0.010739   0.012955   0.015784   0.019364   0.023868   0.029499   0.036507   0.045187   0.055895    0.06905   0.085153   0.104791   0.128656   0.157555   0.192432   0.234375   0.284645    0.34469
         0   0.000525   0.001043   0.001548   0.002033   0.002492   0.002919   0.003311   0.003664   0.003974    0.00424   0.004461   0.004637    0.00477   0.004862   0.004917   0.004939   0.004935   0.004909   0.004872   0.004832   0.004801   0.004791   0.004817   0.004897   0.005051   0.005305   0.005688   0.006237   0.006993   0.008014   0.009361   0.011116   0.013376   0.016256   0.019904   0.024489   0.030222   0.037356   0.046191   0.057091    0.07048    0.08687   0.106856   0.131145   0.160557    0.19605   0.238736   0.289897   0.351005
         0   0.000547   0.001088   0.001615   0.002121   0.002601    0.00305   0.003461   0.003833   0.004161   0.004444   0.004682   0.004873    0.00502   0.005126   0.005193   0.005227   0.005232   0.005217   0.005189   0.005159   0.005136   0.005135    0.00517   0.005259   0.005423   0.005688   0.006083   0.006647   0.007422   0.008464   0.009838   0.011625   0.013925   0.016856   0.020564   0.025225   0.031053   0.038302    0.04728   0.058354   0.071959    0.08861   0.108916   0.133592   0.163472   0.199531   0.242896   0.294869   0.356949
         0   0.000578    0.00115   0.001708   0.002244   0.002754    0.00323    0.00367   0.004068   0.004423   0.004731   0.004991   0.005205   0.005374   0.005499   0.005586   0.005636   0.005659   0.005659   0.005646   0.005629    0.00562   0.005631   0.005679    0.00578   0.005957   0.006237   0.006647   0.007226   0.008021   0.009084   0.010485   0.012305   0.014642   0.017619   0.021385   0.026118   0.032032   0.039388   0.048497   0.059732   0.073533   0.090423    0.11102   0.136048   0.166355   0.202929   0.246912   0.299627   0.362592
         0   0.000621   0.001234   0.001832    0.00241    0.00296   0.003476   0.003954   0.004389   0.004779   0.005121   0.005415    0.00566   0.005859   0.006013   0.006125   0.006201   0.006248   0.006271   0.006278   0.006281   0.006292    0.00632   0.006385   0.006504   0.006698   0.006993   0.007422   0.008021   0.008836   0.009923   0.011351   0.013202   0.015576   0.018598   0.022418   0.027215    0.03321   0.040665   0.049894   0.061276   0.075254   0.092362   0.113225   0.138574   0.169269    0.20631   0.250856   0.304243   0.368011
         0   0.000677   0.001345   0.001999    0.00263   0.003233   0.003803   0.004331   0.004817   0.005255   0.005644   0.005982    0.00627   0.006509   0.006701   0.006851   0.006962   0.007041   0.007095   0.007132   0.007163   0.007198   0.007252    0.00734   0.007481   0.007697   0.008014   0.008464   0.009084   0.009923   0.011036   0.012491   0.014373   0.016784    0.01985   0.023721   0.028581    0.03465   0.042194   0.051533   0.063048    0.07719   0.094497   0.115599    0.14124   0.172286   0.209751   0.254804   0.308801   0.373295
         0    0.00075   0.001491   0.002218    0.00292   0.003594   0.004232   0.004828   0.005379   0.005881   0.006331   0.006728   0.007073   0.007367   0.007611   0.007809   0.007968    0.00809   0.008185   0.008262   0.008328   0.008399   0.008484   0.008604   0.008773   0.009017   0.009361   0.009838   0.010485   0.011351   0.012491   0.013976   0.015891    0.01834   0.021448   0.025367   0.030285   0.036424   0.044052   0.053492   0.065129    0.07942   0.096906   0.118225   0.144129   0.175493   0.213339   0.258851   0.313397   0.378546
         0   0.000844   0.001681     0.0025   0.003297   0.004061   0.004789   0.005473   0.006109   0.006694   0.007224   0.007699   0.008117   0.008483   0.008795   0.009058   0.009276   0.009456   0.009606   0.009734   0.009849   0.009964   0.010093   0.010251   0.010459   0.010739   0.011116   0.011625   0.012305   0.013202   0.014373   0.015891   0.017841   0.020328   0.023478   0.027446   0.032419   0.038623   0.046328   0.055862   0.067611   0.082037   0.099685   0.121201   0.147342   0.178993   0.217183   0.263107   0.318146   0.383885
         0   0.000966   0.001924   0.002864   0.003779   0.004661   0.005504   0.006301   0.007047   0.007738   0.008372   0.008946   0.009462   0.009918   0.010317   0.010664   0.010962   0.011218   0.011437   0.011632   0.011809   0.011983   0.012166   0.012376   0.012632   0.012955   0.013376   0.013925   0.014642   0.015576   0.016784    0.01834   0.020328   0.022854   0.026047   0.030062    0.03509   0.041356   0.049135   0.058755   0.070606   0.085154   0.102951   0.124644      0.151   0.182906   0.221406   0.267701   0.323182   0.389448
         0   0.001121   0.002233   0.003327   0.004394   0.005426   0.006415   0.007355   0.008242    0.00907   0.009835   0.010537   0.011174   0.011748    0.01226   0.012713   0.013112   0.013464   0.013774   0.014054   0.014311   0.014559   0.014812   0.015086   0.015403   0.015784   0.016256   0.016856   0.017619   0.018598    0.01985   0.021448   0.023478   0.026047   0.029285    0.03335    0.03843   0.044757   0.052605   0.062305    0.07425   0.088911   0.106841   0.128696   0.155244   0.187382   0.226157   0.272784   0.328661   0.395397
         0   0.001317   0.002625   0.003912   0.005171   0.006392   0.007567    0.00869   0.009754   0.010753   0.011687    0.01255   0.013343   0.014065    0.01472   0.015308   0.015836   0.016308   0.016734    0.01712   0.017479   0.017822   0.018163    0.01852   0.018912   0.019364   0.019904   0.020564   0.021385   0.022418   0.023721   0.025367   0.027446   0.030062    0.03335   0.037465     0.0426   0.048986     0.0569   0.066676    0.07871   0.093474   0.111526   0.133526   0.160246   0.192592   0.231616   0.278537   0.334767   0.401924
         0   0.001564   0.003117   0.004648   0.006148   0.007607   0.009015   0.010367   0.011654   0.012871   0.014015   0.015081   0.016069    0.01698   0.017812   0.018572   0.019261   0.019887   0.020457   0.020979   0.021465   0.021927   0.022379   0.022838   0.023327   0.023868   0.024489   0.025225   0.026118   0.027215   0.028581   0.030285   0.032419    0.03509    0.03843     0.0426   0.047791   0.054237   0.062216   0.072065   0.084182   0.099041   0.117206   0.139338   0.166214   0.198746    0.23799   0.285175   0.341719   0.409248
         0   0.001872   0.003732   0.005568   0.007369   0.009126   0.010827   0.012465   0.014031    0.01552   0.016926   0.018246   0.019479   0.020623    0.02168   0.022653   0.023546   0.024363   0.025113   0.025806   0.026451   0.027061   0.027653   0.028241   0.028849   0.029499   0.030222   0.031053   0.032032    0.03321    0.03465   0.036424   0.038623   0.041356   0.044757   0.048986   0.054237   0.060745    0.06879   0.078709   0.090906   0.105855   0.124123   0.146374   0.173393    0.20609   0.245533   0.292953   0.349775   0.417634
         0   0.002255   0.004496   0.006712   0.008889   0.011015    0.01308   0.015074   0.016987   0.018815   0.020549   0.022185   0.023722   0.025158   0.026495   0.027732   0.028878   0.029934    0.03091   0.031813   0.032657   0.033452   0.034215   0.034964    0.03572   0.036507   0.037356   0.038302   0.039388   0.040665   0.042194   0.044052   0.046328   0.049135   0.052605     0.0569   0.062216    0.06879   0.076902   0.086894   0.099167   0.114202   0.132566   0.154928   0.182074   0.214923   0.254542   0.302171    0.35924   0.427393
         0    0.00273   0.005444   0.008129   0.010771   0.013356   0.015871   0.018306    0.02065   0.022895   0.025035   0.027064   0.028978   0.030777   0.032458   0.034025   0.035483   0.036836    0.03809   0.039256   0.040345   0.041369   0.042346   0.043292   0.044231   0.045187   0.046191    0.04728   0.048497   0.049894   0.051533   0.053492   0.055862   0.058755   0.062305   0.066676   0.072065   0.078709   0.086894   0.096958   0.109308   0.124426   0.142881   0.165347   0.192611   0.225596   0.265373   0.313188   0.370477   0.438888
         0   0.003315   0.006613   0.009877   0.013093   0.016243   0.019314   0.022292   0.025168    0.02793    0.03057   0.033083   0.035462   0.037707   0.039815   0.041789   0.043632   0.045349   0.046949   0.048438   0.049829   0.051136   0.052376   0.053566    0.05473   0.055895   0.057091   0.058354   0.059732   0.061276   0.063048   0.065129   0.067611   0.070606    0.07425    0.07871   0.084182   0.090906   0.099167   0.109308   0.121736   0.136937   0.155481   0.178043   0.205417   0.238525   0.278447   0.326429   0.383912   0.452551
         0   0.004034   0.008049   0.012026   0.015945    0.01979   0.023543   0.027191   0.030719   0.034116   0.037372   0.040478   0.043429   0.046222   0.048855   0.051329   0.053645   0.055812   0.057833    0.05972   0.061483   0.063138     0.0647    0.06619   0.067631    0.06905    0.07048   0.071959   0.073533   0.075254    0.07719    0.07942   0.082037   0.085154   0.088911   0.093474   0.099041   0.105855   0.114202   0.124426   0.136937   0.152221   0.170853   0.193509   0.220985   0.254209   0.294259   0.342392   0.400048   0.468889
         0   0.004915   0.009807   0.014654   0.019437   0.024132   0.028722   0.033188   0.037515   0.041688   0.045696    0.04953   0.053181   0.056645    0.05992   0.063005   0.065903   0.068618   0.071157    0.07353   0.075749   0.077829   0.079786   0.081642   0.083421   0.085153    0.08687    0.08861   0.090423   0.092362   0.094497   0.096906   0.099685   0.102951   0.106841   0.111526   0.117206   0.124123   0.132566   0.142881   0.155481   0.170853   0.189573   0.212322   0.239896   0.273227   0.313399   0.361665   0.419477   0.488498
         0   0.005989   0.011951   0.017862   0.023695   0.029427   0.035037   0.040501   0.045802   0.050923    0.05585    0.06057   0.065075   0.069358   0.073417   0.077247   0.080852   0.084237   0.087407   0.090373   0.093148   0.095746   0.098185   0.100489    0.10268   0.104791   0.106856   0.108916    0.11102   0.113225   0.115599   0.118225   0.121201   0.124644   0.128696   0.133526   0.139338   0.146374   0.154928   0.165347   0.178043   0.193509   0.212322   0.235164   0.262836   0.296269   0.336553   0.384944   0.442895   0.512075
         0   0.007294   0.014557   0.021758    0.02887   0.035863   0.042711   0.049389   0.055873   0.062146   0.068188   0.073988   0.079531   0.084809   0.089817   0.094555    0.09902   0.103218   0.107156   0.110843   0.114293    0.11752   0.120545   0.123391   0.126084   0.128656   0.131145   0.133592   0.136048   0.138574    0.14124   0.144129   0.147342      0.151   0.155244   0.160246   0.166214   0.173393   0.182074   0.192611   0.205417   0.220985   0.239896   0.262836   0.290603   0.324138   0.364528   0.413034   0.471114   0.540437
         0   0.008874   0.017712   0.026478   0.035138   0.043656   0.052004   0.060151    0.06807   0.075737   0.083132   0.090236   0.097035   0.103519    0.10968   0.115515   0.121021   0.126206   0.131073   0.135632   0.139898   0.143888   0.147622   0.151125   0.154425   0.157555   0.160557   0.163472   0.166355   0.169269   0.172286   0.175493   0.178993   0.182906   0.187382   0.192592   0.198746    0.20609   0.214923   0.225596   0.238525   0.254209   0.273227   0.296269   0.324138   0.357774   0.398267   0.446883   0.505079   0.574533
         0   0.010781   0.021519   0.032173     0.0427   0.053061    0.06322   0.073139   0.082789    0.09214   0.101165   0.109845    0.11816   0.126099   0.133651   0.140809   0.147573   0.153947   0.159935   0.165548   0.170801    0.17571     0.1803   0.184595   0.188627   0.192432    0.19605   0.199531   0.202929    0.20631   0.209751   0.213339   0.217183   0.221406   0.226157   0.231616    0.23799   0.245533   0.254542   0.265373   0.278447   0.294259   0.313399   0.336553   0.364528   0.398267   0.438863   0.487584   0.545893   0.615465
         0   0.013075   0.026099   0.039022   0.051796   0.064373   0.076709    0.08876   0.100491   0.111865   0.122853   0.133427   0.143567   0.153255   0.162479   0.171231   0.179507   0.187311   0.194647   0.201527   0.207965   0.213982     0.2196   0.224848    0.22976   0.234375   0.238736   0.242896   0.246912   0.250856   0.254804   0.258851   0.263107   0.267701   0.272784   0.278537   0.285175   0.292953   0.302171   0.313188   0.326429   0.342392   0.361665   0.384944   0.413034   0.446883   0.487584   0.536412   0.594827   0.664511
         0   0.015825   0.031588   0.047232   0.062698    0.07793   0.092875   0.107483   0.121709   0.135509   0.148848   0.161693   0.174019   0.185803   0.197031   0.207692    0.21778   0.227298   0.236251   0.244649   0.252508   0.259851   0.266702   0.273093    0.27906   0.284645   0.289897   0.294869   0.299627   0.304243   0.308801   0.313397   0.318146   0.323182   0.328661   0.334767   0.341719   0.349775    0.35924   0.370477   0.383912   0.400048   0.419477   0.442895   0.471114   0.505079   0.545893   0.594827   0.653348   0.723139
         0   0.019108   0.038144   0.057038    0.07572   0.094123   0.112186   0.129847   0.147051   0.163749   0.179896   0.195455   0.210391    0.22468   0.238302   0.251243   0.263496   0.275062   0.285945   0.296156   0.305713    0.31464   0.322964   0.330719   0.337946    0.34469   0.351005   0.356949   0.362592   0.368011   0.373295   0.378546   0.383885   0.389448   0.395397   0.401924   0.409248   0.417634   0.427393   0.438888   0.452551   0.468889   0.488498   0.512075   0.540437   0.574533   0.615465   0.664511   0.723139   0.793037