         0          0          0          0          0          0          0          0          0          0          0          0          0          0          0          0          0          0          0          0          0          0          0          0          0          0          0          0          0          0          0          0          0          0          0          0          0          0          0          0          0          0          0          0          0          0          0          0          0          0
         0   0.001526   0.002958   0.004213   0.005229   0.005975   0.006446   0.006668   0.006684    0.00655   0.006325   0.006062   0.005806   0.005586    0.00542   0.005314   0.005261   0.005254   0.005281   0.005329   0.005386   0.005446   0.005502   0.005552   0.005592   0.005623   0.005647   0.005665   0.005678   0.005686   0.005692   0.005696   0.005698   0.005699     0.0057     0.0057   0.005701   0.005701   0.005702   0.005701   0.005701   0.005701   0.005701   0.005701   0.005701   0.005701   0.005701   0.005701   0.005701   0.005701
         0   0.002958   0.005731   0.008155   0.010113    0.01154   0.012432   0.012836   0.012838   0.012549   0.012086   0.011553   0.011035   0.010594   0.010261   0.010047   0.009942   0.009927    0.00998   0.010074   0.010189   0.010308   0.010419   0.010515   0.010596   0.010658   0.010707   0.010741   0.010766   0.010783   0.010794   0.010802   0.010806   0.010808   0.010811   0.010812   0.010812   0.010812   0.010813   0.010813   0.010813   0.010813   0.010813   0.010813   0.010813   0.010813   0.010813   0.010813   0.010813   0.010813
         0   0.004213   0.008155   0.011593   0.014353   0.016343   0.017559   0.018069   0.018004   0.017524   0.016797   0.015979   0.015194   0.014528   0.014026   0.013703   0.013545   0.013523     0.0136   0.013738   0.013908   0.014084   0.014247    0.01439   0.014509   0.014602   0.014673   0.014725   0.014761   0.014786   0.014802   0.014813    0.01482   0.014824   0.014827   0.014828   0.014829   0.014829   0.014829    0.01483    0.01483    0.01483    0.01483    0.01483    0.01483   0.014829   0.014829   0.014829   0.014829   0.014829
         0   0.005229   0.010113   0.014353   0.017728   0.020125   0.021538   0.022058   0.021855   0.021135   0.020115   0.018996   0.017934   0.017041   0.016371    0.01594   0.015728   0.015696   0.015796   0.015976   0.016198   0.016427   0.016642   0.016829   0.016984   0.017106   0.017198   0.017265   0.017313   0.017346   0.017367   0.017382    0.01739   0.017396   0.017399   0.017401   0.017402   0.017403   0.017403   0.017403   0.017403   0.017404   0.017403   0.017403   0.017403   0.017403   0.017403   0.017403   0.017403   0.017403
         0   0.005975    0.01154   0.016343   0.020125   0.022752   0.024221   0.024646   0.024228    0.02322    0.02188   0.020445   0.019103    0.01798   0.017144   0.016606   0.016342   0.016301    0.01642   0.016641    0.01691    0.01719   0.017452   0.017681   0.017868   0.018018    0.01813   0.018212   0.018269    0.01831   0.018336   0.018353   0.018364   0.018371   0.018375   0.018377   0.018378   0.018379    0.01838   0.018379    0.01838   0.018379    0.01838    0.01838    0.01838    0.01838    0.01838    0.01838    0.01838    0.01838
         0   0.006446   0.012432   0.017559   0.021538   0.024221    0.02561   0.025839   0.025139     0.0238   0.022118   0.020359   0.018736    0.01739   0.016392   0.015753   0.015438   0.015387   0.015526   0.015782   0.016098   0.016424   0.016729   0.016995   0.017215   0.017388   0.017519   0.017614   0.017681   0.017728   0.017759   0.017778   0.017791   0.017798   0.017803   0.017806   0.017807   0.017809   0.017809    0.01781   0.017809    0.01781   0.017809   0.017809   0.017809   0.017809   0.017809   0.017809   0.017809   0.017809
         0   0.006668   0.012836   0.018069   0.022058   0.024646   0.025839   0.025788   0.024756   0.023059   0.021023   0.018943   0.017048   0.015489   0.014339   0.013606   0.013245   0.013185   0.013341   0.013632   0.013989   0.014357   0.014702   0.015002    0.01525   0.015445   0.015593   0.015701   0.015776   0.015829   0.015863   0.015885     0.0159   0.015908   0.015913   0.015917   0.015919    0.01592    0.01592    0.01592    0.01592    0.01592    0.01592    0.01592    0.01592    0.01592    0.01592    0.01592    0.01592    0.01592
         0   0.006684   0.012838   0.018004   0.021855   0.024228   0.025139   0.024756    0.02336   0.021295   0.018912   0.016524   0.014374   0.012619   0.011332   0.010515   0.010114   0.010048   0.010223   0.010544   0.010938   0.011345   0.011725   0.012056    0.01233   0.012545   0.012707   0.012824   0.012909   0.012965   0.013003   0.013028   0.013044   0.013053   0.013059   0.013062   0.013064   0.013065   0.013066   0.013066   0.013066   0.013066   0.013066   0.013066   0.013066   0.013066   0.013066   0.013066   0.013066   0.013066
         0    0.00655   0.012549   0.017524   0.021135    0.02322     0.0238   0.023059   0.021295   0.018874   0.016165   0.013495   0.011114   0.009186   0.007781   0.006892    0.00646   0.006392   0.006583   0.006934   0.007363   0.007804   0.008216   0.008574   0.008869     0.0091   0.009275   0.009404   0.009493   0.009555   0.009596   0.009622   0.009639   0.009649   0.009656   0.009659   0.009661   0.009662   0.009663   0.009664   0.009663   0.009663   0.009664   0.009664   0.009664   0.009664   0.009664   0.009664   0.009664   0.009664
         0   0.006325   0.012086   0.016797   0.020115    0.02188   0.022118   0.021023   0.018912   0.016165   0.013164   0.010246   0.007669   0.005595   0.004092   0.003147   0.002693   0.002626   0.002835   0.003214   0.003673   0.004145   0.004584   0.004966   0.005281   0.005527   0.005714   0.005849   0.005945    0.00601   0.006054   0.006082   0.006099   0.006109   0.006117    0.00612   0.006122   0.006124   0.006124   0.006125   0.006124   0.006125   0.006125   0.006125   0.006125   0.006125   0.006125   0.006125   0.006125   0.006125
         0   0.006062   0.011553   0.015979   0.018996   0.020445   0.020359   0.018943   0.016524   0.013495   0.010246   0.007123   0.004386   0.002197   0.000618  -0.000368  -0.000835  -0.000895  -0.000667  -0.000262   0.000224   0.000723   0.001188   0.001589    0.00192   0.002179   0.002375   0.002517   0.002617   0.002685   0.002732    0.00276   0.002779    0.00279   0.002797   0.002802   0.002804   0.002805   0.002805   0.002806   0.002807   0.002806   0.002806   0.002807   0.002807   0.002807   0.002807   0.002807   0.002807   0.002807
         0   0.005806   0.011035   0.015194   0.017934   0.019103   0.018736   0.017048   0.014374   0.011114   0.007669   0.004386   0.001528  -0.000748  -0.002378  -0.003389  -0.003862  -0.003911  -0.003663  -0.003234  -0.002721  -0.002199  -0.001715  -0.001295  -0.000951  -0.000681  -0.000478   -0.00033  -0.000226  -0.000155  -0.000108   -7.7e-05   -5.7e-05   -4.6e-05   -3.9e-05   -3.5e-05   -3.2e-05   -3.1e-05     -3e-05     -3e-05     -3e-05   -2.9e-05     -3e-05     -3e-05     -3e-05     -3e-05     -3e-05     -3e-05     -3e-05     -3e-05
         0   0.005586   0.010594   0.014528   0.017041    0.01798    0.01739   0.015489   0.012619   0.009186   0.005595   0.002197  -0.000748  -0.003079  -0.004742  -0.005765  -0.006233  -0.006269     -0.006  -0.005548  -0.005014  -0.004471  -0.003968  -0.003534  -0.003179    -0.0029   -0.00269  -0.002538   -0.00243  -0.002357  -0.002309  -0.002277  -0.002257  -0.002245  -0.002238  -0.002233  -0.002232   -0.00223  -0.002229  -0.002229  -0.002229  -0.002228  -0.002229  -0.002229  -0.002229  -0.002229  -0.002229  -0.002229  -0.002229  -0.002229
         0    0.00542   0.010261   0.014026   0.016371   0.017144   0.016392   0.014339   0.011332   0.007781   0.004092   0.000618  -0.002378  -0.004742   -0.00642  -0.007442    -0.0079  -0.007918   -0.00763  -0.007157  -0.006603  -0.006042  -0.005524  -0.005078  -0.004713  -0.004427  -0.004212  -0.004057  -0.003947  -0.003872  -0.003822   -0.00379  -0.003769  -0.003757   -0.00375  -0.003746  -0.003743  -0.003741  -0.003741   -0.00374   -0.00374   -0.00374   -0.00374   -0.00374   -0.00374   -0.00374   -0.00374   -0.00374   -0.00374   -0.00374
         0   0.005314   0.010047   0.013703    0.01594   0.016606   0.015753   0.013606   0.010515   0.006892   0.003147  -0.000368  -0.003389  -0.005765  -0.007442  -0.008455  -0.008898  -0.008898   -0.00859  -0.008098  -0.007526   -0.00695   -0.00642  -0.005965  -0.005592    -0.0053  -0.005081  -0.004922  -0.004811  -0.004734  -0.004683  -0.004651   -0.00463  -0.004618   -0.00461  -0.004605  -0.004603  -0.004602  -0.004601  -0.004601    -0.0046  -0.004601    -0.0046    -0.0046    -0.0046    -0.0046    -0.0046    -0.0046    -0.0046    -0.0046
         0   0.005261   0.009942   0.013545   0.015728   0.016342   0.015438   0.013245   0.010114    0.00646   0.002693  -0.000835  -0.003862  -0.006233    -0.0079  -0.008898  -0.009323  -0.009305  -0.008978   -0.00847  -0.007883  -0.007295  -0.006754   -0.00629  -0.005911  -0.005615  -0.005392  -0.005231  -0.005118  -0.005041  -0.004989  -0.004956  -0.004935  -0.004923  -0.004915  -0.004911  -0.004908  -0.004906  -0.004906  -0.004906  -0.004906  -0.004905  -0.004905  -0.004905  -0.004905  -0.004905  -0.004905  -0.004905  -0.004905  -0.004905
         0   0.005254   0.009927   0.013523   0.015696   0.016301   0.015387   0.013185   0.010048   0.006392   0.002626  -0.000895  -0.003911  -0.006269  -0.007918  -0.008898  -0.009305  -0.009269  -0.008925  -0.008402  -0.007802  -0.007203  -0.006655  -0.006184    -0.0058    -0.0055  -0.005275  -0.005112  -0.004998   -0.00492  -0.004868  -0.004834  -0.004814  -0.004801  -0.004793  -0.004788  -0.004786  -0.004784  -0.004784  -0.004784  -0.004783  -0.004783  -0.004783  -0.004783  -0.004783  -0.004783  -0.004783  -0.004783  -0.004783  -0.004783
         0   0.005281    0.00998     0.0136   0.015796    0.01642   0.015526   0.013341   0.010223   0.006583   0.002835  -0.000667  -0.003663     -0.006   -0.00763   -0.00859  -0.008978  -0.008925  -0.008567  -0.008031  -0.007421  -0.006814  -0.006258  -0.005782  -0.005394  -0.005092  -0.004866  -0.004701  -0.004586  -0.004508  -0.004455  -0.004421  -0.004401  -0.004387  -0.004379  -0.004375  -0.004373  -0.004371   -0.00437   -0.00437   -0.00437   -0.00437   -0.00437  -0.004369  -0.004369  -0.004369  -0.004369  -0.004369  -0.004369  -0.004369
         0   0.005329   0.010074   0.013738   0.015976   0.016641   0.015782   0.013632   0.010544   0.006934   0.003214  -0.000262  -0.003234  -0.005548  -0.007157  -0.008098   -0.00847  -0.008402  -0.008031  -0.007485  -0.006866  -0.006251  -0.005691  -0.005211  -0.004821  -0.004517  -0.004288  -0.004123  -0.004006  -0.003927  -0.003875  -0.003842   -0.00382  -0.003807    -0.0038  -0.003795  -0.003792  -0.003791   -0.00379  -0.003789   -0.00379  -0.003789  -0.003789  -0.003789  -0.003789  -0.003789  -0.003789  -0.003789  -0.003789  -0.003789
         0   0.005386   0.010189   0.013908   0.016198    0.01691   0.016098   0.013989   0.010938   0.007363   0.003673   0.000224  -0.002721  -0.005014  -0.006603  -0.007526  -0.007883  -0.007802  -0.007421  -0.006866   -0.00624   -0.00562  -0.005056  -0.004573  -0.004181  -0.003875  -0.003645  -0.003479  -0.003363  -0.003283  -0.003231  -0.003197  -0.003176  -0.003162  -0.003155  -0.003151  -0.003147  -0.003146  -0.003145  -0.003145  -0.003144  -0.003144  -0.003144  -0.003144  -0.003144  -0.003144  -0.003144  -0.003144  -0.003144  -0.003144
         0   0.005446   0.010308   0.014084   0.016427    0.01719   0.016424   0.014357   0.011345   0.007804   0.004145   0.000723  -0.002199  -0.004471  -0.006042   -0.00695  -0.007295  -0.007203  -0.006814  -0.006251   -0.00562  -0.004997   -0.00443  -0.003945   -0.00355  -0.003243  -0.003012  -0.002846   -0.00273   -0.00265  -0.002597  -0.002563  -0.002542  -0.002528   -0.00252  -0.002516  -0.002513  -0.002512  -0.002512   -0.00251  -0.002511   -0.00251  -0.002511  -0.002511  -0.002511  -0.002511  -0.002511  -0.002511  -0.002511  -0.002511
         0   0.005502   0.010419   0.014247   0.016642   0.017452   0.016729   0.014702   0.011725   0.008216   0.004584   0.001188  -0.001715  -0.003968  -0.005524   -0.00642  -0.006754  -0.006655  -0.006258  -0.005691  -0.005056   -0.00443  -0.003859  -0.003373  -0.002977   -0.00267  -0.002439  -0.002272  -0.002155  -0.002075  -0.002022  -0.001988  -0.001967  -0.001954  -0.001946  -0.001941  -0.001939  -0.001937  -0.001936  -0.001936  -0.001935  -0.001936  -0.001935  -0.001935  -0.001935  -0.001935  -0.001935  -0.001935  -0.001935  -0.001935
         0   0.005552   0.010515    0.01439   0.016829   0.017681   0.016995   0.015002   0.012056   0.008574   0.004966   0.001589  -0.001295  -0.003534  -0.005078  -0.005965   -0.00629  -0.006184  -0.005782  -0.005211  -0.004573  -0.003945  -0.003373  -0.002885  -0.002489   -0.00218  -0.001949  -0.001781  -0.001664  -0.001584  -0.001532  -0.001498  -0.001477  -0.001464  -0.001455  -0.001451  -0.001448  -0.001446  -0.001446  -0.001446  -0.001445  -0.001445  -0.001445  -0.001445  -0.001445  -0.001445  -0.001445  -0.001445  -0.001445  -0.001445
         0   0.005592   0.010596   0.014509   0.016984   0.017868   0.017215    0.01525    0.01233   0.008869   0.005281    0.00192  -0.000951  -0.003179  -0.004713  -0.005592  -0.005911    -0.0058  -0.005394  -0.004821  -0.004181   -0.00355  -0.002977  -0.002489  -0.002092  -0.001782  -0.001551  -0.001384  -0.001267  -0.001187  -0.001134    -0.0011  -0.001079  -0.001065  -0.001058  -0.001052   -0.00105  -0.001049  -0.001047  -0.001047  -0.001047  -0.001047  -0.001047  -0.001047  -0.001046  -0.001046  -0.001046  -0.001046  -0.001046  -0.001046
         0   0.005623   0.010658   0.014602   0.017106   0.018018   0.017388   0.015445   0.012545     0.0091   0.005527   0.002179  -0.000681    -0.0029  -0.004427    -0.0053  -0.005615    -0.0055  -0.005092  -0.004517  -0.003875  -0.003243   -0.00267   -0.00218  -0.001782  -0.001474  -0.001242  -0.001075  -0.000957  -0.000877  -0.000824  -0.000791  -0.000769  -0.000756  -0.000748  -0.000744   -0.00074  -0.000739  -0.000738  -0.000738  -0.000737  -0.000737  -0.000737  -0.000737  -0.000738  -0.000738  -0.000738  -0.000738  -0.000738  -0.000738
         0   0.005647   0.010707   0.014673   0.017198    0.01813   0.017519   0.015593   0.012707   0.009275   0.005714   0.002375  -0.000478   -0.00269  -0.004212  -0.005081  -0.005392  -0.005275  -0.004866  -0.004288  -0.003645  -0.003012  -0.002439  -0.001949  -0.001551  -0.001242  -0.001011  -0.000843  -0.000726  -0.000646  -0.000593  -0.000558  -0.000537  -0.000523  -0.000516  -0.000511  -0.000509  -0.000507  -0.000506  -0.000506  -0.000506  -0.000506  -0.000506  -0.000505  -0.000505  -0.000505  -0.000505  -0.000505  -0.000505  -0.000505
         0   0.005665   0.010741   0.014725   0.017265   0.018212   0.017614   0.015701   0.012824   0.009404   0.005849   0.002517   -0.00033  -0.002538  -0.004057  -0.004922  -0.005231  -0.005112  -0.004701  -0.004123  -0.003479  -0.002846  -0.002272  -0.001781  -0.001384  -0.001075  -0.000843  -0.000676  -0.000558  -0.000478  -0.000424  -0.000391  -0.000369  -0.000356  -0.000348  -0.000344  -0.000341  -0.000339  -0.000339  -0.000338  -0.000338  -0.000338  -0.000338  -0.000338  -0.000338  -0.000338  -0.000338  -0.000338  -0.000338  -0.000338
         0   0.005678   0.010766   0.014761   0.017313   0.018269   0.017681   0.015776   0.012909   0.009493   0.005945   0.002617  -0.000226   -0.00243  -0.003947  -0.004811  -0.005118  -0.004998  -0.004586  -0.004006  -0.003363   -0.00273  -0.002155  -0.001664  -0.001267  -0.000957  -0.000726  -0.000558   -0.00044   -0.00036  -0.000307  -0.000273  -0.000252  -0.000238  -0.000231  -0.000226  -0.000223  -0.000222  -0.000221   -0.00022  -0.000221   -0.00022  -0.000221   -0.00022   -0.00022   -0.00022   -0.00022   -0.00022   -0.00022   -0.00022
         0   0.005686   0.010783   0.014786   0.017346    0.01831   0.017728   0.015829   0.012965   0.009555    0.00601   0.002685  -0.000155  -0.002357  -0.003872  -0.004734  -0.005041   -0.00492  -0.004508  -0.003927  -0.003283   -0.00265  -0.002075  -0.001584  -0.001187  -0.000877  -0.000646  -0.000478   -0.00036   -0.00028  -0.000227  -0.000193  -0.000171  -0.000158   -0.00015  -0.000146  -0.000143  -0.000142  -0.000141  -0.000141   -0.00014   -0.00014   -0.00014   -0.00014   -0.00014   -0.00014   -0.00014   -0.00014   -0.00014   -0.00014
         0   0.005692   0.010794   0.014802   0.017367   0.018336   0.017759   0.015863   0.013003   0.009596   0.006054   0.002732  -0.000108  -0.002309  -0.003822  -0.004683  -0.004989  -0.004868  -0.004455  -0.003875  -0.003231  -0.002597  -0.002022  -0.001532  -0.001134  -0.000824  -0.000593  -0.000424  -0.000307  -0.000227  -0.000174   -0.00014  -0.000118  -0.000106   -9.8e-05   -9.3e-05     -9e-05   -8.9e-05   -8.8e-05   -8.8e-05   -8.7e-05   -8.7e-05   -8.7e-05   -8.7e-05   -8.7e-05   -8.7e-05   -8.7e-05   -8.7e-05   -8.7e-05   -8.7e-05
         0   0.005696   0.010802   0.014813   0.017382   0.018353   0.017778   0.015885   0.013028   0.009622   0.006082    0.00276   -7.7e-05  -0.002277   -0.00379  -0.004651  -0.004956  -0.004834  -0.004421  -0.003842  -0.003197  -0.002563  -0.001988  -0.001498    -0.0011  -0.000791  -0.000558  -0.000391  -0.000273  -0.000193   -0.00014  -0.000106   -8.4e-05   -7.1e-05   -6.3e-05   -5.9e-05   -5.6e-05   -5.5e-05   -5.4e-05   -5.3e-05   -5.3e-05   -5.3e-05   -5.3e-05   -5.3e-05   -5.3e-05   -5.3e-05   -5.3e-05   -5.3e-05   -5.3e-05   -5.3e-05
         0   0.005698   0.010806    0.01482    0.01739   0.018364   0.017791     0.0159   0.013044   0.009639   0.006099   0.002779   -5.7e-05  -0.002257  -0.003769   -0.00463  -0.004935  -0.004814  -0.004401   -0.00382  -0.003176  -0.002542  -0.001967  -0.001477  -0.001079  -0.000769  -0.000537  -0.000369  -0.000252  -0.000171  -0.000118   -8.4e-05   -6.3e-05   -4.9e-05   -4.2e-05   -3.7e-05   -3.5e-05   -3.3e-05   -3.2e-05   -3.2e-05   -3.2e-05   -3.2e-05   -3.2e-05   -3.1e-05   -3.1e-05   -3.1e-05   -3.1e-05   -3.1e-05   -3.1e-05   -3.1e-05
         0   0.005699   0.010808   0.014824   0.017396   0.018371   0.017798   0.015908   0.013053   0.009649   0.006109    0.00279   -4.6e-05  -0.002245  -0.003757  -0.004618  -0.004923  -0.004801  -0.004387  -0.003807  -0.003162  -0.002528  -0.001954  -0.001464  -0.001065  -0.000756  -0.000523  -0.000356  -0.000238  -0.000158  -0.000106   -7.1e-05   -4.9e-05   -3.6e-05   -2.8e-05   -2.4e-05   -2.2e-05     -2e-05   -1.9e-05   -1.9e-05   -1.8e-05   -1.9e-05   -1.8e-05   -1.8e-05   -1.8e-05   -1.8e-05   -1.8e-05   -1.8e-05   -1.8e-05   -1.8e-05
         0     0.0057   0.010811   0.014827   0.017399   0.018375   0.017803   0.015913   0.013059   0.009656   0.006117   0.002797   -3.9e-05  -0.002238   -0.00375   -0.00461  -0.004915  -0.004793  -0.004379    -0.0038  -0.003155   -0.00252  -0.001946  -0.001455  -0.001058  -0.000748  -0.000516  -0.000348  -0.000231   -0.00015   -9.8e-05   -6.3e-05   -4.2e-05   -2.8e-05     -2e-05   -1.6e-05   -1.4e-05   -1.2e-05   -1.1e-05   -1.1e-05   -1.1e-05   -1.1e-05   -1.1e-05     -1e-05     -1e-05     -1e-05     -1e-05     -1e-05     -1e-05     -1e-05
         0     0.0057   0.010812   0.014828   0.017401   0.018377   0.017806   0.015917   0.013062   0.009659    0.00612   0.002802   -3.5e-05  -0.002233  -0.003746  -0.004605  -0.004911  -0.004788  -0.004375  -0.003795  -0.003151  -0.002516  -0.001941  -0.001451  -0.001052  -0.000744  -0.000511  -0.000344  -0.000226  -0.000146   -9.3e-05   -5.9e-05   -3.7e-05   -2.4e-05   -1.6e-05   -1.2e-05     -9e-06     -7e-06     -7e-06     -7e-06     -6e-06     -6e-06     -6e-06     -6e-06     -6e-06     -6e-06     -6e-06     -6e-06     -6e-06     -6e-06
         0   0.005701   0.010812   0.014829   0.017402   0.018378   0.017807   0.015919   0.013064   0.009661   0.006122   0.002804   -3.2e-05  -0.002232  -0.003743  -0.004603  -0.004908  -0.004786  -0.004373  -0.003792  -0.003147  -0.002513  -0.001939  -0.001448   -0.00105   -0.00074  -0.000509  -0.000341  -0.000223  -0.000143     -9e-05   -5.6e-05   -3.5e-05   -2.2e-05   -1.4e-05     -9e-06     -6e-06     -5e-06     -4e-06     -4e-06     -3e-06     -3e-06     -3e-06     -3e-06     -3e-06     -3e-06     -3e-06     -3e-06     -3e-06     -3e-06
         0   0.005701   0.010812   0.014829   0.017403   0.018379   0.017809    0.01592   0.013065   0.009662   0.006124   0.002805   -3.1e-05   -0.00223  -0.003741  -0.004602  -0.004906  -0.004784  -0.004371  -0.003791  -0.003146  -0.002512  -0.001937  -0.001446  -0.001049  -0.000739  -0.000507  -0.000339  -0.000222  -0.000142   -8.9e-05   -5.5e-05   -3.3e-05     -2e-05   -1.2e-05     -7e-06     -5e-06     -3e-06     -3e-06     -2e-06     -2e-06     -2e-06     -2e-06     -2e-06     -2e-06     -2e-06     -2e-06     -2e-06     -2e-06     -2e-06
         0   0.005702   0.010813   0.014829   0.017403    0.01838   0.017809    0.01592   0.013066   0.009663   0.006124   0.002805     -3e-05  -0.002229  -0.003741  -0.004601  -0.004906  -0.004784   -0.00437   -0.00379  -0.003145  -0.002512  -0.001936  -0.001446  -0.001047  -0.000738  -0.000506  -0.000339  -0.000221  -0.000141   -8.8e-05   -5.4e-05   -3.2e-05   -1.9e-05   -1.1e-05     -7e-06     -4e-06     -3e-06     -2e-06     -2e-06     -1e-06     -1e-06     -1e-06     -1e-06     -1e-06     -1e-06     -1e-06     -1e-06     -1e-06     -1e-06
         0   0.005701   0.010813    0.01483   0.017403   0.018379    0.01781    0.01592   0.013066   0.009664   0.006125   0.002806     -3e-05  -0.002229   -0.00374  -0.004601  -0.004906  -0.004784   -0.00437  -0.003789  -0.003145   -0.00251  -0.001936  -0.001446  -0.001047  -0.000738  -0.000506  -0.000338   -0.00022  -0.000141   -8.8e-05   -5.3e-05   -3.2e-05   -1.9e-05   -1.1e-05     -7e-06     -4e-06     -2e-06     -2e-06     -1e-06     -1e-06          0          0     -1e-06     -1e-06     -1e-06     -1e-06     -1e-06     -1e-06     -1e-06
         0   0.005701   0.010813    0.01483   0.017403    0.01838   0.017809    0.01592   0.013066   0.009663   0.006124   0.002807     -3e-05  -0.002229   -0.00374    -0.0046  -0.004906  -0.004783   -0.00437   -0.00379  -0.003144  -0.002511  -0.001935  -0.001445  -0.001047  -0.000737  -0.000506  -0.000338  -0.000221   -0.00014   -8.7e-05   -5.3e-05   -3.2e-05   -1.8e-05   -1.1e-05     -6e-06     -3e-06     -2e-06     -1e-06     -1e-06     -1e-06          0     -1e-06          0          0          0          0          0          0          0
         0   0.005701   0.010813    0.01483   0.017404   0.018379    0.01781    0.01592   0.013066   0.009663   0.006125   0.002806   -2.9e-05  -0.002228   -0.00374  -0.004601  -0.004905  -0.004783   -0.00437  -0.003789  -0.003144   -0.00251  -0.001936  -0.001445  -0.001047  -0.000737  -0.000506  -0.000338   -0.00022   -0.00014   -8.7e-05   -5.3e-05   -3.2e-05   -1.9e-05   -1.1e-05     -6e-06     -3e-06     -2e-06     -1e-06          0          0          0          0          0          0          0     -1e-06     -1e-06     -1e-06     -1e-06
         0   0.005701   0.010813    0.01483   0.017403    0.01838   0.017809    0.01592   0.013066   0.009664   0.006125   0.002806     -3e-05  -0.002229   -0.00374    -0.0046  -0.004905  -0.004783   -0.00437  -0.003789  -0.003144  -0.002511  -0.001935  -0.001445  -0.001047  -0.000737  -0.000506  -0.000338  -0.000221   -0.00014   -8.7e-05   -5.3e-05   -3.2e-05   -1.8e-05   -1.1e-05     -6e-06     -3e-06     -2e-06     -1e-06          0     -1e-06          0     -1e-06          0          0          0          0          0          0          0
         0   0.005701   0.010813    0.01483   0.017403    0.01838   0.017809    0.01592   0.013066   0.009664   0.006125   0.002807     -3e-05  -0.002229   -0.00374    -0.0046  -0.004905  -0.004783  -0.004369  -0.003789  -0.003144  -0.002511  -0.001935  -0.001445  -0.001047  -0.000737  -0.000505  -0.000338   -0.00022   -0.00014   -8.7e-05   -5.3e-05   -3.1e-05   -1.8e-05     -1e-05     -6e-06     -3e-06     -2e-06     -1e-06     -1e-06          0          0          0          0          0          0          0          0          0          0
         0   0.005701   0.010813    0.01483   0.017403    0.01838   0.017809    0.01592   0.013066   0.009664   0.006125   0.002807     -3e-05  -0.002229   -0.00374    -0.0046  -0.004905  -0.004783  -0.004369  -0.003789  -0.003144  -0.002511  -0.001935  -0.001445  -0.001046  -0.000738  -0.000505  -0.000338   -0.00022   -0.00014   -8.7e-05   -5.3e-05   -3.1e-05   -1.8e-05     -1e-05     -6e-06     -3e-06     -2e-06     -1e-06     -1e-06          0          0          0          0          0          0          0          0          0          0
         0   0.005701   0.010813   0.014829   0.017403    0.01838   0.017809    0.01592   0.013066   0.009664   0.006125   0.002807     -3e-05  -0.002229   -0.00374    -0.0046  -0.004905  -0.004783  -0.004369  -0.003789  -0.003144  -0.002511  -0.001935  -0.001445  -0.001046  -0.000738  -0.000505  -0.000338   -0.00022   -0.00014   -8.7e-05   -5.3e-05   -3.1e-05   -1.8e-05     -1e-05     -6e-06     -3e-06     -2e-06     -1e-06     -1e-06          0          0          0          0          0          0          0          0          0          0
         0   0.005701   0.010813   0.014829   0.017403    0.01838   0.017809    0.01592   0.013066   0.009664   0.006125   0.002807     -3e-05  -0.002229   -0.00374    -0.0046  -0.004905  -0.004783  -0.004369  -0.003789  -0.003144  -0.002511  -0.001935  -0.001445  -0.001046  -0.000738  -0.000505  -0.000338   -0.00022   -0.00014   -8.7e-05   -5.3e-05   -3.1e-05   -1.8e-05     -1e-05     -6e-06     -3e-06     -2e-06     -1e-06     -1e-06          0     -1e-06          0          0          0          0          0          0          0          0
         0   0.005701   0.010813   0.014829   0.017403    0.01838   0.017809    0.01592   0.013066   0.009664   0.006125   0.002807     -3e-05  -0.002229   -0.00374    -0.0046  -0.004905  -0.004783  -0.004369  -0.003789  -0.003144  -0.002511  -0.001935  -0.001445  -0.001046  -0.000738  -0.000505  -0.000338   -0.00022   -0.00014   -8.7e-05   -5.3e-05   -3.1e-05   -1.8e-05     -1e-05     -6e-06     -3e-06     -2e-06     -1e-06     -1e-06          0     -1e-06          0          0          0          0          0          0          0          0
         0   0.005701   0.010813   0.014829   0.017403    0.01838   0.017809    0.01592   0.013066   0.009664   0.006125   0.002807     -3e-05  -0.002229   -0.00374    -0.0046  -0.004905  -0.004783  -0.004369  -0.003789  -0.003144  -0.002511  -0.001935  -0.001445  -0.001046  -0.000738  -0.000505  -0.000338   -0.00022   -0.00014   -8.7e-05   -5.3e-05   -3.1e-05   -1.8e-05     -1e-05     -6e-06     -3e-06     -2e-06     -1e-06     -1e-06          0     -1e-06          0          0          0          0          0          0          0          0
         0   0.005701   0.010813   0.014829   0.017403    0.01838   0.017809    0.01592   0.013066   0.009664   0.006125   0.002807     -3e-05  -0.002229   -0.00374    -0.0046  -0.004905  -0.004783  -0.004369  -0.003789  -0.003144  -0.002511  -0.001935  -0.001445  -0.001046  -0.000738  -0.000505  -0.000338   -0.00022   -0.00014   -8.7e-05   -5.3e-05   -3.1e-05   -1.8e-05     -1e-05     -6e-06     -3e-06     -2e-06     -1e-06     -1e-06          0     -1e-06          0          0          0          0          0          0          0          0