         0          0          0          0          0          0          0          0          0          0          0          0          0          0          0          0          0          0          0          0          0          0          0          0          0          0          0          0          0          0          0          0          0          0          0          0          0          0          0          0          0          0          0          0          0          0          0          0          0          0
         0 4.5743155e+73 -8.3360974e+73 1.0709721e+74 -1.1498116e+74 1.0882411e+74 -9.3001264e+73 7.2702133e+73 -5.2399982e+73 3.5004257e+73 -2.1753799e+73 1.2612027e+73 -6.8362008e+72 3.4704552e+72 -1.6524561e+72 7.3888501e+71 -3.1058598e+71 1.2283929e+71 -4.5749168e+70 1.6055146e+70 -5.3123262e+69 1.6581043e+69 -4.8840293e+68 1.3581063e+68 -3.5661231e+67 8.8440828e+66 -2.0718543e+66 4.5850145e+65 -9.584983e+64 1.8926636e+64 -3.529529e+63 6.2146628e+62 -1.0328485e+62 1.6195761e+61 -2.3948521e+60 3.3384566e+59 -4.3743783e+58 5.4806473e+57 -5.6002006e+56 1.3713374e+56 6.1545844e+55 6.9236005e+55 6.850286e+55 6.8568256e+55 6.8562807e+55 6.8563231e+55 6.85632e+55 6.8563202e+55 6.8563202e+55 6.8563202e+55
         0 -8.3360974e+73 1.5189201e+74 -1.950935e+74 2.0938269e+74 -1.9808227e+74 1.6918916e+74 -1.3217544e+74 9.5194352e+73 -6.3537997e+73 3.9449014e+73 -2.2847018e+73 1.2369653e+73 -6.2716354e+72 2.9821429e+72 -1.3314679e+72 5.5877969e+71 -2.2062197e+71 8.2014944e+70 -2.8725367e+70 9.4845763e+69 -2.9536843e+69 8.6792661e+68 -2.4072453e+68 6.303611e+67 -1.5587328e+67 3.640132e+66 -8.0286794e+65 1.6723951e+65 -3.2896898e+64 6.1095891e+63 -1.0710132e+63 1.7715399e+62 -2.7637126e+61 4.0641314e+60 -5.6318325e+59 7.3297779e+58 -9.1379837e+57 9.0675155e+56 -2.4356373e+56 -1.1989727e+56 -1.323618e+56 -1.311857e+56 -1.3128941e+56 -1.3128088e+56 -1.3128153e+56 -1.3128149e+56 -1.3128149e+56 -1.3128149e+56 -1.3128149e+56
         0 1.0709721e+74 -1.950935e+74 2.5047908e+74 -2.6866959e+74 2.5398065e+74 -2.1673694e+74 1.6913924e+74 -1.2166496e+74 8.1091551e+73 -5.0268078e+73 2.9061972e+73 -1.570423e+73 7.945592e+72 -3.7694769e+72 1.6788395e+72 -7.0268559e+71 2.7664584e+71 -1.0252572e+71 3.5791119e+70 -1.177601e+70 3.6535095e+69 -1.0692626e+69 2.9529719e+68 -7.6973373e+67 1.8940901e+67 -4.4002731e+66 9.65127e+65 -1.998428e+65 3.9059849e+64 -7.204663e+63 1.2537286e+63 -2.057433e+62 3.1824987e+61 -4.6370792e+60 6.3625259e+59 -8.1876982e+58 1.0130852e+58 -9.4873686e+56 3.0384938e+56 1.7107541e+56 1.8425172e+56 1.8302961e+56 1.8313535e+56 1.8312683e+56 1.8312747e+56 1.8312742e+56 1.8312743e+56 1.8312743e+56 1.8312743e+56
         0 -1.1498116e+74 2.0938269e+74 -2.6866959e+74 2.879481e+74 -2.7192209e+74 2.3175242e+74 -1.8058523e+74 1.2967266e+74 -8.6258398e+73 5.3352875e+73 -3.0769892e+73 1.658238e+73 -8.3652249e+72 3.9558784e+72 -1.7557706e+72 7.3214827e+71 -2.8709122e+71 1.0593996e+71 -3.6812999e+70 1.2052697e+70 -3.7197194e+69 1.0825387e+69 -2.9717557e+68 7.6968625e+67 -1.8810729e+67 4.3382516e+66 -9.4413085e+65 1.9387122e+65 -3.7555767e+64 6.8612267e+63 -1.1817563e+63 1.9180062e+62 -2.9317185e+61 4.2170569e+60 -5.7069197e+59 7.227432e+58 -8.8656084e+57 7.4562272e+56 -3.2159764e+56 -2.1067853e+56 -2.214502e+56 -2.2047472e+56 -2.2055691e+56 -2.2055049e+56 -2.2055095e+56 -2.2055092e+56 -2.2055092e+56 -2.2055092e+56 -2.2055092e+56
         0 1.0882411e+74 -1.9808227e+74 2.5398065e+74 -2.7192209e+74 2.5644468e+74 -2.1820413e+74 1.6969951e+74 -1.2158389e+74 8.0672769e+73 -4.9756389e+73 2.8605419e+73 -1.5362583e+73 7.7206016e+72 -3.636055e+72 1.6066572e+72 -6.6676333e+71 2.6010796e+71 -9.5453558e+70 3.2973288e+70 -1.0727435e+70 3.2883999e+69 -9.5012785e+68 2.5882421e+68 -6.6486539e+67 1.6106938e+67 -3.6800248e+66 7.9289877e+65 -1.6108175e+65 3.0848125e+64 -5.5669193e+63 9.4625895e+62 -1.5141526e+62 2.2793199e+61 -3.2248948e+60 4.2878703e+59 -5.3172676e+58 6.4787882e+57 -4.3933525e+56 3.1133376e+56 2.3526021e+56 2.4244567e+56 2.418146e+56 2.4186599e+56 2.4186212e+56 2.4186239e+56 2.4186237e+56 2.4186237e+56 2.4186237e+56 2.4186237e+56
         0 -9.3001264e+73 1.6918916e+74 -2.1673694e+74 2.3175242e+74 -2.1820413e+74 1.8529491e+74 -1.4376517e+74 1.0272174e+74 -6.7946342e+73 4.1761768e+73 -2.3916927e+73 1.2790335e+73 -6.3982299e+72 2.9981723e+72 -1.3176148e+72 5.4361582e+71 -2.107359e+71 7.681449e+70 -2.6343421e+70 8.5044686e+69 -2.5855215e+69 7.4048348e+68 -1.9982531e+68 5.0817936e+67 -1.2179798e+67 2.7510962e+66 -5.8554479e+65 1.174106e+65 -2.2172141e+64 3.941618e+63 -6.5928279e+62 1.0368281e+62 -1.5319333e+61 2.1241258e+60 -2.7644002e+59 3.3373295e+58 -4.0732718e+57 1.5901927e+56 -2.8746742e+56 -2.4359389e+56 -2.4759979e+56 -2.4726089e+56 -2.4728737e+56 -2.4728547e+56 -2.4728559e+56 -2.4728558e+56 -2.4728558e+56 -2.4728558e+56 -2.4728558e+56
         0 7.2702133e+73 -1.3217544e+74 1.6913924e+74 -1.8058523e+74 1.6969951e+74 -1.4376517e+74 1.1123179e+74 -7.9219889e+73 5.2208959e+73 -3.1957561e+73 1.8218908e+73 -9.694481e+72 4.823117e+72 -2.246699e+72 9.8103965e+71 -4.0195988e+71 1.5466662e+71 -5.592867e+70 1.901744e+70 -6.0835739e+69 1.8315589e+69 -5.1911422e+68 1.3853795e+68 -3.4816223e+67 8.239557e+66 -1.8360969e+66 3.8518866e+65 -7.6051605e+64 1.4126112e+64 -2.4670989e+63 4.0486908e+62 -6.2381636e+61 9.0160202e+60 -1.220599e+60 1.5492268e+59 -1.8071432e+58 2.2599053e+57 3.1073553e+55 2.585001e+56 2.3695344e+56 2.3884332e+56 2.3869038e+56 2.3870175e+56 2.3870098e+56 2.3870102e+56 2.3870102e+56 2.3870102e+56 2.3870102e+56 2.3870102e+56
         0 -5.2399982e+73 9.5194352e+73 -1.2166496e+74 1.2967266e+74 -1.2158389e+74 1.0272174e+74 -7.9219889e+73 5.6210667e+73 -3.6888411e+73 2.2472854e+73 -1.2744514e+73 6.7424082e+72 -3.333318e+72 1.5421119e+72 -6.6840042e+71 2.7168237e+71 -1.0364404e+71 3.7134797e+70 -1.2503026e+70 3.9576929e+69 -1.1781814e+69 3.2993754e+68 -8.6928862e+67 2.1549084e+67 -5.0257618e+66 1.1025883e+66 -2.2748131e+65 4.4119546e+64 -8.0398425e+63 1.3756728e+63 -2.2084674e+62 3.3232043e+61 -4.6822204e+60 6.1655434e+59 -7.607041e+58 8.4733995e+57 -1.1454641e+57 -1.2760575e+56 -2.2753185e+56 -2.1845745e+56 -2.1921707e+56 -2.191587e+56 -2.1916279e+56 -2.1916253e+56 -2.1916255e+56 -2.1916255e+56 -2.1916255e+56 -2.1916255e+56 -2.1916255e+56
         0 3.5004257e+73 -6.3537997e+73 8.1091551e+73 -8.6258398e+73 8.0672769e+73 -6.7946342e+73 5.2208959e+73 -3.6888411e+73 2.4092031e+73 -1.4598345e+73 8.2295739e+72 -4.3253445e+72 2.1231076e+72 -9.7461417e+71 4.1888981e+71 -1.6872782e+71 6.3743716e+70 -2.260141e+70 7.5250749e+69 -2.3536552e+69 6.9177297e+68 -1.9109912e+68 4.9621256e+67 -1.2111107e+67 2.7781279e+66 -5.9878179e+65 1.2122053e+65 -2.3038943e+64 4.1082331e+63 -6.8677664e+62 1.0753129e+62 -1.5751239e+61 2.1559151e+60 -2.7502125e+59 3.2907557e+58 -3.4209364e+57 5.621463e+56 1.5732749e+56 1.9535306e+56 1.9206349e+56 1.9232449e+56 1.9230559e+56 1.9230683e+56 1.9230676e+56 1.9230676e+56 1.9230676e+56 1.9230676e+56 1.9230676e+56 1.9230676e+56
         0 -2.1753799e+73 3.9449014e+73 -5.0268078e+73 5.3352875e+73 -4.9756389e+73 4.1761768e+73 -3.1957561e+73 2.2472854e+73 -1.4598345e+73 8.7925663e+72 -4.9236575e+72 2.5688692e+72 -1.2508666e+72 5.6923228e+71 -2.4236299e+71 9.6637348e+70 -3.6112534e+70 1.2655386e+70 -4.1611298e+69 1.2841839e+69 -3.7207853e+68 1.0122682e+68 -2.5859674e+67 6.202683e+66 -1.3966127e+66 2.950996e+65 -5.8486562e+64 1.0866132e+64 -1.8910129e+63 3.0797074e+62 -4.6885139e+61 6.6631076e+60 -8.8280872e+59 1.0861326e+59 -1.2606114e+58 1.1565074e+57 -2.9070506e+56 -1.5017836e+56 -1.6273409e+56 -1.6170617e+56 -1.617829e+56 -1.6177771e+56 -1.6177802e+56 -1.6177801e+56 -1.6177801e+56 -1.6177801e+56 -1.6177801e+56 -1.6177801e+56 -1.6177801e+56
         0 1.2612027e+73 -2.2847018e+73 2.9061972e+73 -3.0769892e+73 2.8605419e+73 -2.3916927e+73 1.8218908e+73 -1.2744514e+73 8.2295739e+72 -4.9236575e+72 2.7368101e+72 -1.4163315e+72 6.8355806e+71 -3.0807984e+71 1.2980999e+71 -5.1180267e+70 1.8895832e+70 -6.5366251e+69 2.1196378e+69 -6.4451299e+68 1.8380269e+68 -4.9165209e+67 1.233481e+67 -2.9020432e+66 6.4009413e+65 -1.3230132e+65 2.5610185e+64 -4.6394654e+63 7.8583722e+62 -1.2431529e+62 1.8343113e+61 -2.5203619e+60 3.2206548e+59 -3.8008513e+58 4.3108992e+57 -2.9181879e+56 1.7003258e+56 1.2742813e+56 1.3102594e+56 1.307492e+56 1.3076847e+56 1.3076727e+56 1.3076734e+56 1.3076733e+56 1.3076733e+56 1.3076733e+56 1.3076733e+56 1.3076733e+56 1.3076733e+56
         0 -6.8362008e+72 1.2369653e+73 -1.570423e+73 1.658238e+73 -1.5362583e+73 1.2790335e+73 -9.694481e+72 6.7424082e+72 -4.3253445e+72 2.5688692e+72 -1.4163315e+72 7.2644267e+71 -3.4719332e+71 1.5482953e+71 -6.4493809e+70 2.5115655e+70 -9.1503603e+69 3.120594e+69 -9.9659465e+68 2.9812668e+68 -8.3549993e+67 2.1936192e+67 -5.395033e+66 1.2426093e+66 -2.6792318e+65 5.4048358e+64 -1.0193924e+64 1.7959707e+63 -2.952451e+62 4.5229397e+61 -6.4468279e+60 8.5326083e+59 -1.0478101e+59 1.1767158e+58 -1.3418659e+57 1.726605e+55 -1.1216101e+56 -1.0088855e+56 -1.0178195e+56 -1.0171791e+56 -1.0172203e+56 -1.0172179e+56 -1.017218e+56 -1.017218e+56 -1.017218e+56 -1.017218e+56 -1.017218e+56 -1.017218e+56 -1.017218e+56
         0 3.4704552e+72 -6.2716354e+72 7.945592e+72 -8.3652249e+72 7.7206016e+72 -6.3982299e+72 4.823117e+72 -3.333318e+72 2.1231076e+72 -1.2508666e+72 6.8355806e+71 -3.4719332e+71 1.6417673e+71 -7.2371179e+70 2.9770877e+70 -1.1438167e+70 4.1072294e+69 -1.3790771e+69 4.3314186e+68 -1.2728209e+68 3.4997191e+67 -9.003274e+66 2.1666051e+66 -4.8754762e+65 1.025392e+65 -2.0141998e+64 3.6921503e+63 -6.3089479e+62 1.0036325e+62 -1.484083e+61 2.0362676e+60 -2.5857106e+59 3.0416459e+58 -3.2005075e+57 4.0089612e+56 4.6848183e+55 7.8652265e+55 7.6054919e+55 7.6246586e+55 7.6233901e+55 7.6234647e+55 7.6234608e+55 7.623461e+55 7.623461e+55 7.623461e+55 7.623461e+55 7.623461e+55 7.623461e+55 7.623461e+55
         0 -1.6524561e+72 2.9821429e+72 -3.7694769e+72 3.9558784e+72 -3.636055e+72 2.9981723e+72 -2.246699e+72 1.5421119e+72 -9.7461417e+71 5.6923228e+71 -3.0807984e+71 1.5482953e+71 -7.2371179e+70 3.1503454e+70 -1.27843e+70 4.840317e+69 -1.710881e+69 5.6482417e+68 -1.7421469e+68 5.0211079e+67 -1.3522539e+67 3.4024838e+66 -7.9961452e+65 1.7543199e+65 -3.5908841e+64 6.8516886e+63 -1.217438e+63 2.0118643e+62 -3.0873954e+61 4.3916756e+60 -5.7787977e+59 7.00851e+58 -7.8865285e+57 7.4635498e+56 -1.2994427e+56 -4.8740125e+55 -5.5574919e+55 -5.50556e+55 -5.5090956e+55 -5.5088819e+55 -5.5088932e+55 -5.5088927e+55 -5.5088927e+55 -5.5088927e+55 -5.5088927e+55 -5.5088927e+55 -5.5088927e+55 -5.5088927e+55 -5.5088927e+55
         0 7.3888501e+71 -1.3314679e+72 1.6788395e+72 -1.7557706e+72 1.6066572e+72 -1.3176148e+72 9.8103965e+71 -6.6840042e+71 4.1888981e+71 -2.4236299e+71 1.2980999e+71 -6.4493809e+70 2.9770877e+70 -1.27843e+70 5.1121742e+69 -1.9050784e+69 6.6198735e+68 -2.1458093e+68 6.4899359e+67 -1.8316021e+67 4.8231118e+66 -1.1847375e+66 2.7135302e+65 -5.7916966e+64 1.1510448e+64 -2.1279368e+63 3.6548415e+62 -5.8233221e+61 8.5918977e+60 -1.1713189e+60 1.4722849e+59 -1.6957834e+58 1.835491e+57 -1.3485029e+56 5.3559538e+55 3.7210877e+55 3.8490308e+55 3.8400675e+55 3.8406245e+55 3.8405942e+55 3.8405956e+55 3.8405955e+55 3.8405955e+55 3.8405955e+55 3.8405955e+55 3.8405955e+55 3.8405955e+55 3.8405955e+55 3.8405955e+55
         0 -3.1058598e+71 5.5877969e+71 -7.0268559e+71 7.3214827e+71 -6.6676333e+71 5.4361582e+71 -4.0195988e+71 2.7168237e+71 -1.6872782e+71 9.6637348e+70 -5.1180267e+70 2.5115655e+70 -1.1438167e+70 4.840317e+69 -1.9050784e+69 6.9789491e+68 -2.3808623e+68 7.5664886e+67 -2.24049e+67 6.181277e+66 -1.5886303e+66 3.8020902e+65 -8.4691757e+64 1.7545121e+64 -3.3771571e+63 6.0326095e+62 -9.9857837e+61 1.5290229e+61 -2.1611841e+60 2.8123373e+59 -3.3629185e+58 3.6467624e+57 -3.9147834e+56 7.1504119e+54 -2.8523594e+55 -2.5646989e+55 -2.5854435e+55 -2.584118e+55 -2.5841921e+55 -2.5841885e+55 -2.5841887e+55 -2.5841887e+55 -2.5841887e+55 -2.5841887e+55 -2.5841887e+55 -2.5841887e+55 -2.5841887e+55 -2.5841887e+55 -2.5841887e+55
         0 1.2283929e+71 -2.2062197e+71 2.7664584e+71 -2.8709122e+71 2.6010796e+71 -2.107359e+71 1.5466662e+71 -1.0364404e+71 6.3743716e+70 -3.6112534e+70 1.8895832e+70 -9.1503603e+69 4.1072294e+69 -1.710881e+69 6.6198735e+68 -2.3808623e+68 7.9630167e+67 -2.4774174e+67 7.1702986e+66 -1.9304109e+66 4.8329589e+65 -1.1246536e+65 2.4309075e+64 -4.8760351e+63 9.0659352e+62 -1.5602225e+62 2.4810595e+61 -3.6379608e+60 4.9067283e+59 -6.0671331e+58 6.8765608e+57 -6.8883221e+56 8.2505391e+55 1.1277512e+55 1.7198477e+55 1.6758694e+55 1.6787615e+55 1.678595e+55 1.6786033e+55 1.6786029e+55 1.678603e+55 1.678603e+55 1.678603e+55 1.678603e+55 1.678603e+55 1.678603e+55 1.678603e+55 1.678603e+55 1.678603e+55
         0 -4.5749168e+70 8.2014944e+70 -1.0252572e+71 1.0593996e+71 -9.5453558e+70 7.681449e+70 -5.592867e+70 3.7134797e+70 -2.260141e+70 1.2655386e+70 -6.5366251e+69 3.120594e+69 -1.3790771e+69 5.6482417e+68 -2.1458093e+68 7.5664886e+67 -2.4774174e+67 7.5334159e+66 -2.1275127e+66 5.5789499e+65 -1.3578642e+65 3.0655885e+64 -6.414385e+63 1.2425134e+63 -2.2251181e+62 3.6777041e+61 -5.5986846e+60 7.8308209e+59 -1.0035384e+59 1.1727416e+58 -1.2587927e+57 1.0954669e+56 -2.0911805e+55 -9.7261012e+54 -1.0582185e+55 -1.0524248e+55 -1.0527672e+55 -1.0527499e+55 -1.0527506e+55 -1.0527506e+55 -1.0527506e+55 -1.0527506e+55 -1.0527506e+55 -1.0527506e+55 -1.0527506e+55 -1.0527506e+55 -1.0527506e+55 -1.0527506e+55 -1.0527506e+55
         0 1.6055146e+70 -2.8725367e+70 3.5791119e+70 -3.6812999e+70 3.2973288e+70 -2.6343421e+70 1.901744e+70 -1.2503026e+70 7.5250749e+69 -4.1611298e+69 2.1196378e+69 -9.9659465e+68 4.3314186e+68 -1.7421469e+68 6.4899359e+67 -2.24049e+67 7.1702986e+66 -2.1275127e+66 5.8519863e+65 -1.4917351e+65 3.5220917e+64 -7.696436e+63 1.5549139e+63 -2.9005161e+62 4.9875095e+61 -7.8897372e+60 1.1454271e+60 -1.5216495e+59 1.8442112e+58 -2.0219755e+57 2.0802951e+56 -1.1631593e+55 7.808348e+54 6.2740036e+54 6.3810452e+54 6.3745109e+54 6.374858e+54 6.3748412e+54 6.3748423e+54 6.3748421e+54 6.3748422e+54 6.3748421e+54 6.3748422e+54 6.3748422e+54 6.3748422e+54 6.3748422e+54 6.3748422e+54 6.3748422e+54 6.3748422e+54
         0 -5.3123262e+69 9.4845763e+69 -1.177601e+70 1.2052697e+70 -1.0727435e+70 8.5044686e+69 -6.0835739e+69 3.9576929e+69 -2.3536552e+69 1.2841839e+69 -6.4451299e+68 2.9812668e+68 -1.2728209e+68 5.0211079e+67 -1.8316021e+67 6.181277e+66 -1.9304109e+66 5.5789499e+65 -1.4917351e+65 3.6886692e+64 -8.4290853e+63 1.7782888e+63 -3.4592928e+62 6.1950857e+61 -1.01938e+61 1.5375315e+60 -2.1197411e+59 2.6615553e+58 -3.0361998e+57 3.0810117e+56 -3.2495896e+55 -1.3633251e+54 -3.8982623e+54 -3.716165e+54 -3.7275419e+54 -3.7269435e+54 -3.7269659e+54 -3.7269665e+54 -3.7269661e+54 -3.7269662e+54 -3.7269662e+54 -3.7269662e+54 -3.7269662e+54 -3.7269662e+54 -3.7269662e+54 -3.7269662e+54 -3.7269662e+54 -3.7269662e+54 -3.7269662e+54
         0 1.6581043e+69 -2.9536843e+69 3.6535095e+69 -3.7197194e+69 3.2883999e+69 -2.5855215e+69 1.8315589e+69 -1.1781814e+69 6.9177297e+68 -3.7207853e+68 1.8380269e+68 -8.3549993e+67 3.4997191e+67 -1.3522539e+67 4.8231118e+66 -1.5886303e+66 4.8329589e+65 -1.3578642e+65 3.5220917e+64 -8.4290853e+63 1.8595588e+63 -3.7772271e+62 7.0535956e+61 -1.2086526e+61 1.8960155e+60 -2.7152389e+59 3.5380701e+58 -4.1748076e+57 4.4674735e+56 -4.032091e+55 5.7052139e+54 1.8336229e+54 2.1211159e+54 2.1023955e+54 2.1034816e+54 2.1034153e+54 2.1034228e+54 2.103421e+54 2.1034215e+54 2.1034214e+54 2.1034214e+54 2.1034214e+54 2.1034214e+54 2.1034214e+54 2.1034214e+54 2.1034214e+54 2.1034214e+54 2.1034214e+54 2.1034214e+54
         0 -4.8840293e+68 8.6792661e+68 -1.0692626e+69 1.0825387e+69 -9.5012785e+68 7.4048348e+68 -5.1911422e+68 3.2993754e+68 -1.9109912e+68 1.0122682e+68 -4.9165209e+67 2.1936192e+67 -9.003274e+66 3.4024838e+66 -1.1847375e+66 3.8020902e+65 -1.1246536e+65 3.0655885e+64 -7.696436e+63 1.7782888e+63 -3.7772271e+62 7.3650534e+61 -1.3158913e+61 2.1494493e+60 -3.2011452e+59 4.3319972e+58 -5.3070484e+57 5.8411675e+56 -5.8936957e+55 3.9242463e+54 -1.5368743e+54 -1.1197287e+54 -1.1471627e+54 -1.1457313e+54 -1.1457522e+54 -1.1457673e+54 -1.1457618e+54 -1.1457635e+54 -1.145763e+54 -1.1457631e+54 -1.1457631e+54 -1.1457631e+54 -1.1457631e+54 -1.1457631e+54 -1.1457631e+54 -1.1457631e+54 -1.1457631e+54 -1.1457631e+54 -1.1457631e+54
         0 1.3581063e+68 -2.4072453e+68 2.9529719e+68 -2.9717557e+68 2.5882421e+68 -1.9982531e+68 1.3853795e+68 -8.6928862e+67 4.9621256e+67 -2.5859674e+67 1.233481e+67 -5.395033e+66 2.1666051e+66 -7.9961452e+65 2.7135302e+65 -8.4691757e+64 2.4309075e+64 -6.414385e+63 1.5549139e+63 -3.4592928e+62 7.0535956e+61 -1.3158913e+61 2.2411415e+60 -3.4752901e+59 4.8906892e+58 -6.220368e+57 7.1242776e+56 -7.223877e+55 7.2226369e+54 7.1346698e+52 6.3984879e+53 5.9967814e+53 6.024395e+53 6.0216095e+53 6.0222139e+53 6.0220313e+53 6.0220875e+53 6.0220709e+53 6.0220756e+53 6.0220743e+53 6.0220747e+53 6.0220746e+53 6.0220746e+53 6.0220746e+53 6.0220746e+53 6.0220746e+53 6.0220746e+53 6.0220746e+53 6.0220746e+53
         0 -3.5661231e+67 6.303611e+67 -7.6973373e+67 7.6968625e+67 -6.6486539e+67 5.0817936e+67 -3.4816223e+67 2.1549084e+67 -1.2111107e+67 6.202683e+66 -2.9020432e+66 1.2426093e+66 -4.8754762e+65 1.7543199e+65 -5.7916966e+64 1.7545121e+64 -4.8760351e+63 1.2425134e+63 -2.9005161e+62 6.1950857e+61 -1.2086526e+61 2.1494493e+60 -3.4752901e+59 5.0920633e+58 -6.7352717e+57 7.9991335e+56 -8.5201736e+55 7.6719987e+54 -9.601518e+53 -2.6022539e+53 -3.0730513e+53 -3.0550105e+53 -3.0519206e+53 -3.0535024e+53 -3.0529463e+53 -3.0531273e+53 -3.0530712e+53 -3.0530878e+53 -3.0530831e+53 -3.0530844e+53 -3.0530841e+53 -3.0530842e+53 -3.0530841e+53 -3.0530841e+53 -3.0530841e+53 -3.0530841e+53 -3.0530841e+53 -3.0530841e+53 -3.0530841e+53
         0 8.8440828e+66 -1.5587328e+67 1.8940901e+67 -1.8810729e+67 1.6106938e+67 -1.2179798e+67 8.239557e+66 -5.0257618e+66 2.7781279e+66 -1.3966127e+66 6.4009413e+65 -2.6792318e+65 1.025392e+65 -3.5908841e+64 1.1510448e+64 -3.3771571e+63 9.0659352e+62 -2.2251181e+62 4.9875095e+61 -1.01938e+61 1.8960155e+60 -3.2011452e+59 4.8906892e+58 -6.7352717e+57 8.3243388e+56 -9.1624086e+55 9.1304598e+54 -6.3118596e+53 2.1207091e+53 1.4325812e+53 1.5036012e+53 1.488955e+53 1.4936998e+53 1.4920496e+53 1.4926079e+53 1.4924268e+53 1.492483e+53 1.4924664e+53 1.492471e+53 1.4924698e+53 1.4924701e+53 1.49247e+53 1.49247e+53 1.49247e+53 1.49247e+53 1.49247e+53 1.49247e+53 1.49247e+53 1.49247e+53
         0 -2.0718543e+66 3.640132e+66 -4.4002731e+66 4.3382516e+66 -3.6800248e+66 2.7510962e+66 -1.8360969e+66 1.1025883e+66 -5.9878179e+65 2.950996e+65 -1.3230132e+65 5.4048358e+64 -2.0141998e+64 6.8516886e+63 -2.1279368e+63 6.0326095e+62 -1.5602225e+62 3.6777041e+61 -7.8897372e+60 1.5375315e+60 -2.7152389e+59 4.3319972e+58 -6.220368e+57 7.9991335e+56 -9.1624086e+55 9.1525606e+54 -8.6388968e+53 -2.0714322e+52 -6.8630979e+52 -7.2455799e+52 -6.9405962e+52 -7.0658758e+52 -7.0193308e+52 -7.0358028e+52 -7.0302209e+52 -7.0320313e+52 -7.0314699e+52 -7.0316362e+52 -7.0315892e+52 -7.0316018e+52 -7.0315986e+52 -7.0315994e+52 -7.0315992e+52 -7.0315993e+52 -7.0315993e+52 -7.0315993e+52 -7.0315993e+52 -7.0315993e+52 -7.0315993e+52
         0 4.5850145e+65 -8.0286794e+65 9.65127e+65 -9.4413085e+65 7.9289877e+65 -5.8554479e+65 3.8518866e+65 -2.2748131e+65 1.2122053e+65 -5.8486562e+64 2.5610185e+64 -1.0193924e+64 3.6921503e+63 -1.217438e+63 3.6548415e+62 -9.9857837e+61 2.4810595e+61 -5.5986846e+60 1.1454271e+60 -2.1197411e+59 3.5380701e+58 -5.3070484e+57 7.1242776e+56 -8.5201736e+55 9.1304598e+54 -8.6388968e+53 1.2972945e+53 1.3480936e+52 3.803088e+52 2.953128e+52 3.2833662e+52 3.1569747e+52 3.2035581e+52 3.187085e+52 3.192667e+52 3.1908565e+52 3.1914179e+52 3.1912517e+52 3.1912986e+52 3.191286e+52 3.1912893e+52 3.1912885e+52 3.1912887e+52 3.1912886e+52 3.1912886e+52 3.1912886e+52 3.1912886e+52 3.1912886e+52 3.1912886e+52
         0 -9.584983e+64 1.6723951e+65 -1.998428e+65 1.9387122e+65 -1.6108175e+65 1.174106e+65 -7.6051605e+64 4.4119546e+64 -2.3038943e+64 1.0866132e+64 -4.6394654e+63 1.7959707e+63 -6.3089479e+62 2.0118643e+62 -5.8233221e+61 1.5290229e+61 -3.6379608e+60 7.8308209e+59 -1.5216495e+59 2.6615553e+58 -4.1748076e+57 5.8411675e+56 -7.223877e+55 7.6719987e+54 -6.3118596e+53 -2.0714322e+52 1.3480936e+52 -2.7623901e+52 -8.094601e+51 -1.6313601e+52 -1.3023985e+52 -1.4287446e+52 -1.3821624e+52 -1.3986354e+52 -1.3930534e+52 -1.3948639e+52 -1.3943025e+52 -1.3944687e+52 -1.3944218e+52 -1.3944344e+52 -1.3944312e+52 -1.394432e+52 -1.3944318e+52 -1.3944318e+52 -1.3944318e+52 -1.3944318e+52 -1.3944318e+52 -1.3944318e+52 -1.3944318e+52
         0 1.8926636e+64 -3.2896898e+64 3.9059849e+64 -3.7555767e+64 3.0848125e+64 -2.2172141e+64 1.4126112e+64 -8.0398425e+63 4.1082331e+63 -1.8910129e+63 7.8583722e+62 -2.952451e+62 1.0036325e+62 -3.0873954e+61 8.5918977e+60 -2.1611841e+60 4.9067283e+59 -1.0035384e+59 1.8442112e+58 -3.0361998e+57 4.4674735e+56 -5.8936957e+55 7.2226369e+54 -9.601518e+53 2.1207091e+53 -6.8630979e+52 3.803088e+52 -8.094601e+51 1.1725319e+52 3.4926409e+51 6.7827596e+51 5.5192857e+51 5.9851078e+51 5.8203775e+51 5.8761977e+51 5.8580927e+51 5.8637068e+51 5.8620446e+51 5.8625138e+51 5.8623877e+51 5.8624199e+51 5.8624121e+51 5.8624139e+51 5.8624135e+51 5.8624136e+51 5.8624136e+51 5.8624136e+51 5.8624136e+51 5.8624136e+51
         0 -3.529529e+63 6.1095891e+63 -7.204663e+63 6.8612267e+63 -5.5669193e+63 3.941618e+63 -2.4670989e+63 1.3756728e+63 -6.8677664e+62 3.0797074e+62 -1.2431529e+62 4.5229397e+61 -1.484083e+61 4.3916756e+60 -1.1713189e+60 2.8123373e+59 -6.0671331e+58 1.1727416e+58 -2.0219755e+57 3.0810117e+56 -4.032091e+55 3.9242463e+54 7.1346698e+52 -2.6022539e+53 1.4325812e+53 -7.2455799e+52 2.953128e+52 -1.6313601e+52 3.4926409e+51 -4.7395172e+51 -1.449413e+51 -2.7128866e+51 -2.2470646e+51 -2.4117948e+51 -2.3559746e+51 -2.3740797e+51 -2.3684656e+51 -2.3701277e+51 -2.3696585e+51 -2.3697846e+51 -2.3697524e+51 -2.3697602e+51 -2.3697584e+51 -2.3697588e+51 -2.3697587e+51 -2.3697587e+51 -2.3697587e+51 -2.3697587e+51 -2.3697587e+51
         0 6.2146628e+62 -1.0710132e+63 1.2537286e+63 -1.1817563e+63 9.4625895e+62 -6.5928279e+62 4.0486908e+62 -2.2084674e+62 1.0753129e+62 -4.6885139e+61 1.8343113e+61 -6.4468279e+60 2.0362676e+60 -5.7787977e+59 1.4722849e+59 -3.3629185e+58 6.8765608e+57 -1.2587927e+57 2.0802951e+56 -3.2495896e+55 5.7052139e+54 -1.5368743e+54 6.3984879e+53 -3.0730513e+53 1.5036012e+53 -6.9405962e+52 3.2833662e+52 -1.3023985e+52 6.7827596e+51 -1.449413e+51 1.8406915e+51 5.7721786e+50 1.0430399e+51 8.7830967e+50 9.3412989e+50 9.1602485e+50 9.2163892e+50 9.1997681e+50 9.2044597e+50 9.2031991e+50 9.203521e+50 9.2034431e+50 9.2034609e+50 9.203457e+50 9.2034578e+50 9.2034577e+50 9.2034577e+50 9.2034577e+50 9.2034577e+50
         0 -1.0328485e+62 1.7715399e+62 -2.057433e+62 1.9180062e+62 -1.5141526e+62 1.0368281e+62 -6.2381636e+61 3.3232043e+61 -1.5751239e+61 6.6631076e+60 -2.5203619e+60 8.5326083e+59 -2.5857106e+59 7.00851e+58 -1.6957834e+58 3.6467624e+57 -6.8883221e+56 1.0954669e+56 -1.1631593e+55 -1.3633251e+54 1.8336229e+54 -1.1197287e+54 5.9967814e+53 -3.0550105e+53 1.488955e+53 -7.0658758e+52 3.1569747e+52 -1.4287446e+52 5.5192857e+51 -2.7128866e+51 5.7721786e+50 -6.8625581e+50 -2.2043373e+50 -3.8516401e+50 -3.2934379e+50 -3.4744883e+50 -3.4183476e+50 -3.4349686e+50 -3.430277e+50 -3.4315376e+50 -3.4312158e+50 -3.4312937e+50 -3.4312759e+50 -3.4312797e+50 -3.4312789e+50 -3.4312791e+50 -3.4312791e+50 -3.4312791e+50 -3.4312791e+50
         0 1.6195761e+61 -2.7637126e+61 3.1824987e+61 -2.9317185e+61 2.2793199e+61 -1.5319333e+61 9.0160202e+60 -4.6822204e+60 2.1559151e+60 -8.8280872e+59 3.2206548e+59 -1.0478101e+59 3.0416459e+58 -7.8865285e+57 1.835491e+57 -3.9147834e+56 8.2505391e+55 -2.0911805e+55 7.808348e+54 -3.8982623e+54 2.1211159e+54 -1.1471627e+54 6.024395e+53 -3.0519206e+53 1.4936998e+53 -7.0193308e+52 3.2035581e+52 -1.3821624e+52 5.9851078e+51 -2.2470646e+51 1.0430399e+51 -2.2043373e+50 2.4538834e+50 8.0658071e+49 1.3647829e+50 1.1837325e+50 1.2398732e+50 1.2232522e+50 1.2279437e+50 1.2266831e+50 1.227005e+50 1.2269271e+50 1.2269449e+50 1.2269411e+50 1.2269418e+50 1.2269417e+50 1.2269417e+50 1.2269417e+50 1.2269417e+50
         0 -2.3948521e+60 4.0641314e+60 -4.6370792e+60 4.2170569e+60 -3.2248948e+60 2.1241258e+60 -1.220599e+60 6.1655434e+59 -2.7502125e+59 1.0861326e+59 -3.8008513e+58 1.1767158e+58 -3.2005075e+57 7.4635498e+56 -1.3485029e+56 7.1504119e+54 1.1277512e+55 -9.7261012e+54 6.2740036e+54 -3.716165e+54 2.1023955e+54 -1.1457313e+54 6.0216095e+53 -3.0535024e+53 1.4920496e+53 -7.0358028e+52 3.187085e+52 -1.3986354e+52 5.8203775e+51 -2.4117948e+51 8.7830967e+50 -3.8516401e+50 8.0658071e+49 -8.4072202e+49 -2.8251987e+49 -4.6357021e+49 -4.0742952e+49 -4.2405058e+49 -4.1935899e+49 -4.2061959e+49 -4.2029772e+49 -4.2037567e+49 -4.203578e+49 -4.2036167e+49 -4.2036088e+49 -4.2036103e+49 -4.2036101e+49 -4.2036101e+49 -4.2036101e+49
         0 3.3384566e+59 -5.6318325e+59 6.3625259e+59 -5.7069197e+59 4.2878703e+59 -2.7644002e+59 1.5492268e+59 -7.607041e+58 3.2907557e+58 -1.2606114e+58 4.3108992e+57 -1.3418659e+57 4.0089612e+56 -1.2994427e+56 5.3559538e+55 -2.8523594e+55 1.7198477e+55 -1.0582185e+55 6.3810452e+54 -3.7275419e+54 2.1034816e+54 -1.1457522e+54 6.0222139e+53 -3.0529463e+53 1.4926079e+53 -7.0302209e+52 3.192667e+52 -1.3930534e+52 5.8761977e+51 -2.3559746e+51 9.3412989e+50 -3.2934379e+50 1.3647829e+50 -2.8251987e+49 2.7568229e+49 9.463194e+48 1.5077263e+49 1.3415158e+49 1.3884316e+49 1.3758256e+49 1.3790443e+49 1.3782648e+49 1.3784435e+49 1.3784048e+49 1.3784127e+49 1.3784112e+49 1.3784115e+49 1.3784114e+49 1.3784114e+49
         0 -4.3743783e+58 7.3297779e+58 -8.1876982e+58 7.227432e+58 -5.3172676e+58 3.3373295e+58 -1.8071432e+58 8.4733995e+57 -3.4209364e+57 1.1565074e+57 -2.9181879e+56 1.726605e+55 4.6848183e+55 -4.8740125e+55 3.7210877e+55 -2.5646989e+55 1.6758694e+55 -1.0524248e+55 6.3745109e+54 -3.7269435e+54 2.1034153e+54 -1.1457673e+54 6.0220313e+53 -3.0531273e+53 1.4924268e+53 -7.0320313e+52 3.1908565e+52 -1.3948639e+52 5.8580927e+51 -2.3740797e+51 9.1602485e+50 -3.4744883e+50 1.1837325e+50 -4.6357021e+49 9.463194e+48 -8.6418407e+48 -3.0277712e+48 -4.6898771e+48 -4.2207186e+48 -4.3467785e+48 -4.3145916e+48 -4.3223863e+48 -4.3205998e+48 -4.3209864e+48 -4.3209076e+48 -4.3209227e+48 -4.32092e+48 -4.3209204e+48 -4.3209203e+48
         0 5.4806473e+57 -9.1379837e+57 1.0130852e+58 -8.8656084e+57 6.4787882e+57 -4.0732718e+57 2.2599053e+57 -1.1454641e+57 5.621463e+56 -2.9070506e+56 1.7003258e+56 -1.1216101e+56 7.8652265e+55 -5.5574919e+55 3.8490308e+55 -2.5854435e+55 1.6787615e+55 -1.0527672e+55 6.374858e+54 -3.7269659e+54 2.1034228e+54 -1.1457618e+54 6.0220875e+53 -3.0530712e+53 1.492483e+53 -7.0314699e+52 3.1914179e+52 -1.3943025e+52 5.8637068e+51 -2.3684656e+51 9.2163892e+50 -3.4183476e+50 1.2398732e+50 -4.0742952e+49 1.5077263e+49 -3.0277712e+48 2.5862983e+48 9.2419241e+47 1.3933509e+48 1.267291e+48 1.2994779e+48 1.2916832e+48 1.2934697e+48 1.2930831e+48 1.2931619e+48 1.2931468e+48 1.2931495e+48 1.2931491e+48 1.2931492e+48
         0 -5.6002006e+56 9.0675155e+56 -9.4873686e+56 7.4562272e+56 -4.3933525e+56 1.5901927e+56 3.1073553e+55 -1.2760575e+56 1.5732749e+56 -1.5017836e+56 1.2742813e+56 -1.0088855e+56 7.6054919e+55 -5.50556e+55 3.8400675e+55 -2.584118e+55 1.678595e+55 -1.0527499e+55 6.3748412e+54 -3.7269665e+54 2.103421e+54 -1.1457635e+54 6.0220709e+53 -3.0530878e+53 1.4924664e+53 -7.0316362e+52 3.1912517e+52 -1.3944687e+52 5.8620446e+51 -2.3701277e+51 9.1997681e+50 -3.4349686e+50 1.2232522e+50 -4.2405058e+49 1.3415158e+49 -4.6898771e+48 9.2419241e+47 -7.3791347e+47 -2.68755e+47 -3.9481491e+47 -3.6262803e+47 -3.7042265e+47 -3.6863613e+47 -3.6902276e+47 -3.6894397e+47 -3.6895904e+47 -3.6895634e+47 -3.689568e+47 -3.6895673e+47
         0 1.3713374e+56 -2.4356373e+56 3.0384938e+56 -3.2159764e+56 3.1133376e+56 -2.8746742e+56 2.585001e+56 -2.2753185e+56 1.9535306e+56 -1.6273409e+56 1.3102594e+56 -1.0178195e+56 7.6246586e+55 -5.5090956e+55 3.8406245e+55 -2.5841921e+55 1.6786033e+55 -1.0527506e+55 6.3748423e+54 -3.7269661e+54 2.1034215e+54 -1.145763e+54 6.0220756e+53 -3.0530831e+53 1.492471e+53 -7.0315892e+52 3.1912986e+52 -1.3944218e+52 5.8625138e+51 -2.3696585e+51 9.2044597e+50 -3.430277e+50 1.2279437e+50 -4.1935899e+49 1.3884316e+49 -4.2207186e+48 1.3933509e+48 -2.68755e+47 2.0040347e+47 7.4343563e+46 1.0653044e+47 9.8735816e+46 1.0052233e+47 1.0013571e+47 1.002145e+47 1.0019942e+47 1.0020212e+47 1.0020167e+47 1.0020174e+47
         0 6.1545844e+55 -1.1989727e+56 1.7107541e+56 -2.1067853e+56 2.3526021e+56 -2.4359389e+56 2.3695344e+56 -2.1845745e+56 1.9206349e+56 -1.6170617e+56 1.307492e+56 -1.0171791e+56 7.6233901e+55 -5.5088819e+55 3.8405942e+55 -2.5841885e+55 1.6786029e+55 -1.0527506e+55 6.3748421e+54 -3.7269662e+54 2.1034214e+54 -1.1457631e+54 6.0220743e+53 -3.0530844e+53 1.4924698e+53 -7.0316018e+52 3.191286e+52 -1.3944344e+52 5.8623877e+51 -2.3697846e+51 9.2031991e+50 -3.4315376e+50 1.2266831e+50 -4.2061959e+49 1.3758256e+49 -4.3467785e+48 1.267291e+48 -3.9481491e+47 7.4343563e+46 -5.1716344e+46 -1.9529464e+46 -2.7324091e+46 -2.5537572e+46 -2.5924201e+46 -2.5845403e+46 -2.5860483e+46 -2.5857782e+46 -2.5858233e+46 -2.5858164e+46
         0 6.9236005e+55 -1.323618e+56 1.8425172e+56 -2.214502e+56 2.4244567e+56 -2.4759979e+56 2.3884332e+56 -2.1921707e+56 1.9232449e+56 -1.617829e+56 1.3076847e+56 -1.0172203e+56 7.6234647e+55 -5.5088932e+55 3.8405956e+55 -2.5841887e+55 1.678603e+55 -1.0527506e+55 6.3748422e+54 -3.7269662e+54 2.1034214e+54 -1.1457631e+54 6.0220747e+53 -3.0530841e+53 1.4924701e+53 -7.0315986e+52 3.1912893e+52 -1.3944312e+52 5.8624199e+51 -2.3697524e+51 9.203521e+50 -3.4312158e+50 1.227005e+50 -4.2029772e+49 1.3790443e+49 -4.3145916e+48 1.2994779e+48 -3.6262803e+47 1.0653044e+47 -1.9529464e+46 1.2657416e+46 4.8627893e+45 6.6493078e+45 6.2626789e+45 6.3414771e+45 6.3263973e+45 6.3290981e+45 6.3286472e+45 6.3287158e+45
         0 6.850286e+55 -1.311857e+56 1.8302961e+56 -2.2047472e+56 2.418146e+56 -2.4726089e+56 2.3869038e+56 -2.191587e+56 1.9230559e+56 -1.6177771e+56 1.3076727e+56 -1.0172179e+56 7.6234608e+55 -5.5088927e+55 3.8405955e+55 -2.5841887e+55 1.678603e+55 -1.0527506e+55 6.3748421e+54 -3.7269662e+54 2.1034214e+54 -1.1457631e+54 6.0220746e+53 -3.0530842e+53 1.49247e+53 -7.0315994e+52 3.1912885e+52 -1.394432e+52 5.8624121e+51 -2.3697602e+51 9.2034431e+50 -3.4312937e+50 1.2269271e+50 -4.2037567e+49 1.3782648e+49 -4.3223863e+48 1.2916832e+48 -3.7042265e+47 9.8735816e+46 -2.7324091e+46 4.8627893e+45 -2.9318378e+45 -1.1453192e+45 -1.5319482e+45 -1.45315e+45 -1.4682298e+45 -1.465529e+45 -1.4659798e+45 -1.4659112e+45
         0 6.8568256e+55 -1.3128941e+56 1.8313535e+56 -2.2055691e+56 2.4186599e+56 -2.4728737e+56 2.3870175e+56 -2.1916279e+56 1.9230683e+56 -1.6177802e+56 1.3076734e+56 -1.017218e+56 7.623461e+55 -5.5088927e+55 3.8405955e+55 -2.5841887e+55 1.678603e+55 -1.0527506e+55 6.3748422e+54 -3.7269662e+54 2.1034214e+54 -1.1457631e+54 6.0220746e+53 -3.0530841e+53 1.49247e+53 -7.0315992e+52 3.1912887e+52 -1.3944318e+52 5.8624139e+51 -2.3697584e+51 9.2034609e+50 -3.4312759e+50 1.2269449e+50 -4.203578e+49 1.3784435e+49 -4.3205998e+48 1.2934697e+48 -3.6863613e+47 1.0052233e+47 -2.5537572e+46 6.6493078e+45 -1.1453192e+45 6.4119935e+44 2.545704e+44 3.3336858e+44 3.1828881e+44 3.2098957e+44 3.2053874e+44 3.2060734e+44
         0 6.8562807e+55 -1.3128088e+56 1.8312683e+56 -2.2055049e+56 2.4186212e+56 -2.4728547e+56 2.3870098e+56 -2.1916253e+56 1.9230676e+56 -1.6177801e+56 1.3076733e+56 -1.017218e+56 7.623461e+55 -5.5088927e+55 3.8405955e+55 -2.5841887e+55 1.678603e+55 -1.0527506e+55 6.3748422e+54 -3.7269662e+54 2.1034214e+54 -1.1457631e+54 6.0220746e+53 -3.0530841e+53 1.49247e+53 -7.0315993e+52 3.1912886e+52 -1.3944318e+52 5.8624135e+51 -2.3697588e+51 9.203457e+50 -3.4312797e+50 1.2269411e+50 -4.2036167e+49 1.3784048e+49 -4.3209864e+48 1.2930831e+48 -3.6902276e+47 1.0013571e+47 -2.5924201e+46 6.2626789e+45 -1.5319482e+45 2.545704e+44 -1.3205855e+44 -5.3260369e+43 -6.8340138e+43 -6.5639382e+43 -6.6090206e+43 -6.6021613e+43
         0 6.8563231e+55 -1.3128153e+56 1.8312747e+56 -2.2055095e+56 2.4186239e+56 -2.4728559e+56 2.3870102e+56 -2.1916255e+56 1.9230676e+56 -1.6177801e+56 1.3076733e+56 -1.017218e+56 7.623461e+55 -5.5088927e+55 3.8405955e+55 -2.5841887e+55 1.678603e+55 -1.0527506e+55 6.3748422e+54 -3.7269662e+54 2.1034214e+54 -1.1457631e+54 6.0220746e+53 -3.0530841e+53 1.49247e+53 -7.0315993e+52 3.1912886e+52 -1.3944318e+52 5.8624136e+51 -2.3697587e+51 9.2034578e+50 -3.4312789e+50 1.2269418e+50 -4.2036088e+49 1.3784127e+49 -4.3209076e+48 1.2931619e+48 -3.6894397e+47 1.002145e+47 -2.5845403e+46 6.3414771e+45 -1.45315e+45 3.3336858e+44 -5.3260369e+43 2.5537813e+43 1.0458044e+43 1.31588e+43 1.2707976e+43 1.2776569e+43
         0 6.85632e+55 -1.3128149e+56 1.8312742e+56 -2.2055092e+56 2.4186237e+56 -2.4728558e+56 2.3870102e+56 -2.1916255e+56 1.9230676e+56 -1.6177801e+56 1.3076733e+56 -1.017218e+56 7.623461e+55 -5.5088927e+55 3.8405955e+55 -2.5841887e+55 1.678603e+55 -1.0527506e+55 6.3748422e+54 -3.7269662e+54 2.1034214e+54 -1.1457631e+54 6.0220746e+53 -3.0530841e+53 1.49247e+53 -7.0315993e+52 3.1912886e+52 -1.3944318e+52 5.8624136e+51 -2.3697587e+51 9.2034577e+50 -3.4312791e+50 1.2269417e+50 -4.2036103e+49 1.3784112e+49 -4.3209227e+48 1.2931468e+48 -3.6895904e+47 1.0019942e+47 -2.5860483e+46 6.3263973e+45 -1.4682298e+45 3.1828881e+44 -6.8340138e+43 1.0458044e+43 -4.6217253e+42 -1.9209691e+42 -2.3717935e+42 -2.3032004e+42
         0 6.8563202e+55 -1.3128149e+56 1.8312743e+56 -2.2055092e+56 2.4186237e+56 -2.4728558e+56 2.3870102e+56 -2.1916255e+56 1.9230676e+56 -1.6177801e+56 1.3076733e+56 -1.017218e+56 7.623461e+55 -5.5088927e+55 3.8405955e+55 -2.5841887e+55 1.678603e+55 -1.0527506e+55 6.3748422e+54 -3.7269662e+54 2.1034214e+54 -1.1457631e+54 6.0220746e+53 -3.0530841e+53 1.49247e+53 -7.0315993e+52 3.1912886e+52 -1.3944318e+52 5.8624136e+51 -2.3697587e+51 9.2034577e+50 -3.4312791e+50 1.2269417e+50 -4.2036101e+49 1.3784115e+49 -4.32092e+48 1.2931495e+48 -3.6895634e+47 1.0020212e+47 -2.5857782e+46 6.3290981e+45 -1.465529e+45 3.2098957e+44 -6.5639382e+43 1.31588e+43 -1.9209691e+42 7.7978706e+41 3.2896271e+41 3.975558e+41
         0 6.8563202e+55 -1.3128149e+56 1.8312743e+56 -2.2055092e+56 2.4186237e+56 -2.4728558e+56 2.3870102e+56 -2.1916255e+56 1.9230676e+56 -1.6177801e+56 1.3076733e+56 -1.017218e+56 7.623461e+55 -5.5088927e+55 3.8405955e+55 -2.5841887e+55 1.678603e+55 -1.0527506e+55 6.3748422e+54 -3.7269662e+54 2.1034214e+54 -1.1457631e+54 6.0220746e+53 -3.0530841e+53 1.49247e+53 -7.0315993e+52 3.1912886e+52 -1.3944318e+52 5.8624136e+51 -2.3697587e+51 9.2034577e+50 -3.4312791e+50 1.2269417e+50 -4.2036101e+49 1.3784114e+49 -4.3209204e+48 1.2931491e+48 -3.689568e+47 1.0020167e+47 -2.5858233e+46 6.3286472e+45 -1.4659798e+45 3.2053874e+44 -6.6090206e+43 1.2707976e+43 -2.3717935e+42 3.2896271e+41 -1.2186164e+41 -5.3268554e+40
         0 6.8563202e+55 -1.3128149e+56 1.8312743e+56 -2.2055092e+56 2.4186237e+56 -2.4728558e+56 2.3870102e+56 -2.1916255e+56 1.9230676e+56 -1.6177801e+56 1.3076733e+56 -1.017218e+56 7.623461e+55 -5.5088927e+55 3.8405955e+55 -2.5841887e+55 1.678603e+55 -1.0527506e+55 6.3748422e+54 -3.7269662e+54 2.1034214e+54 -1.1457631e+54 6.0220746e+53 -3.0530841e+53 1.49247e+53 -7.0315993e+52 3.1912886e+52 -1.3944318e+52 5.8624136e+51 -2.3697587e+51 9.2034577e+50 -3.4312791e+50 1.2269417e+50 -4.2036101e+49 1.3784114e+49 -4.3209203e+48 1.2931492e+48 -3.6895673e+47 1.0020174e+47 -2.5858164e+46 6.3287158e+45 -1.4659112e+45 3.2060734e+44 -6.6021613e+43 1.2776569e+43 -2.3032004e+42 3.975558e+41 -5.3268554e+40 1.5324533e+40