         0          0          0          0          0          0          0          0          0          0          0          0          0          0          0          0          0          0          0          0          0          0          0          0          0          0          0          0          0          0          0          0          0          0          0          0          0          0          0          0          0          0          0          0          0          0          0          0          0          0
         0 9.168265e+48 -1.5967985e+49 1.902835e+49 -1.839807e+49 1.5233881e+49 -1.1071308e+49 7.1590534e+48 -4.154381e+48 2.1762949e+48 -1.0336543e+48 4.4660852e+47 -1.7600173e+47 6.3396145e+46 -2.0907541e+46 6.3215727e+45 -1.7542255e+45 4.4711575e+44 -1.0472533e+44 2.2547359e+43 -4.462248e+42 8.1160553e+41 -1.3555843e+41 2.0814582e+40 -2.8978394e+39 4.0116567e+38 -1.9333546e+37 2.968468e+37 2.4469963e+37 2.4974937e+37 2.4930562e+37 2.4934088e+37 2.4933835e+37 2.4933852e+37 2.4933851e+37 2.4933851e+37 2.4933851e+37 2.4933851e+37 2.4933851e+37 2.4933851e+37 2.4933851e+37 2.4933851e+37 2.4933851e+37 2.4933851e+37 2.4933851e+37 2.4933851e+37 2.4933851e+37 2.4933851e+37 2.4933851e+37 2.4933851e+37
         0 -1.5967985e+49 2.7796835e+49 -3.3096614e+49 3.196295e+49 -2.6426032e+49 1.9169949e+49 -1.236888e+49 7.1595095e+48 -3.7397477e+48 1.770465e+48 -7.6218252e+47 2.9915205e+47 -1.0727347e+47 3.5203332e+46 -1.0586113e+46 2.9200165e+45 -7.3933372e+44 1.7190718e+44 -3.6713296e+43 7.2008577e+42 -1.296713e+42 2.1417451e+41 -3.2486098e+40 4.4499195e+39 -6.1638187e+38 1.9048983e+37 -5.3668833e+37 -4.6096186e+37 -4.6811444e+37 -4.6750416e+37 -4.6755096e+37 -4.6754776e+37 -4.6754795e+37 -4.6754794e+37 -4.6754794e+37 -4.6754794e+37 -4.6754794e+37 -4.6754794e+37 -4.6754794e+37 -4.6754794e+37 -4.6754794e+37 -4.6754794e+37 -4.6754794e+37 -4.6754794e+37 -4.6754794e+37 -4.6754794e+37 -4.6754794e+37 -4.6754794e+37 -4.6754794e+37
         0 1.902835e+49 -3.3096614e+49 3.9352049e+49 -3.7930156e+49 3.1281078e+49 -2.2622435e+49 1.4543582e+49 -8.3829423e+48 4.3578341e+48 -2.0519404e+48 8.7802553e+47 -3.4230807e+47 1.218376e+47 -3.9655147e+46 1.1817158e+46 -3.2271661e+45 8.0815084e+44 -1.8563812e+44 3.9116653e+43 -7.5588513e+42 1.3388553e+42 -2.1707083e+41 3.2269726e+40 -4.298507e+39 6.010618e+38 2.6733758e+36 6.9103048e+37 6.2423052e+37 6.3028854e+37 6.2979577e+37 6.2983147e+37 6.2982919e+37 6.2982932e+37 6.2982931e+37 6.2982931e+37 6.2982931e+37 6.2982931e+37 6.2982931e+37 6.2982931e+37 6.2982931e+37 6.2982931e+37 6.2982931e+37 6.2982931e+37 6.2982931e+37 6.2982931e+37 6.2982931e+37 6.2982931e+37 6.2982931e+37 6.2982931e+37
         0 -1.839807e+49 3.196295e+49 -3.7930156e+49 3.6460106e+49 -2.9963502e+49 2.1576829e+49 -1.3801089e+49 7.9082874e+48 -4.0835878e+48 1.9083141e+48 -8.096888e+47 3.1271197e+47 -1.1015108e+47 3.5441961e+46 -1.0428754e+46 2.8085601e+45 -6.9259795e+44 1.56421e+44 -3.2348719e+43 6.1226848e+42 -1.0597992e+42 1.6744125e+41 -2.4214119e+40 3.092883e+39 -4.4864065e+38 -3.1767813e+37 -7.6141164e+37 -7.1889641e+37 -7.2254178e+37 -7.2226414e+37 -7.2228274e+37 -7.2228166e+37 -7.2228171e+37 -7.2228171e+37 -7.2228171e+37 -7.2228171e+37 -7.2228171e+37 -7.2228171e+37 -7.2228171e+37 -7.2228171e+37 -7.2228171e+37 -7.2228171e+37 -7.2228171e+37 -7.2228171e+37 -7.2228171e+37 -7.2228171e+37 -7.2228171e+37 -7.2228171e+37 -7.2228171e+37
         0 1.5233881e+49 -2.6426032e+49 3.1281078e+49 -2.9963502e+49 2.4513763e+49 -1.7555413e+49 1.1155827e+49 -6.3443518e+48 3.2479045e+48 -1.5031141e+48 6.3087593e+47 -2.4072976e+47 8.3671015e+46 -2.6527997e+46 7.6801158e+45 -2.0316737e+45 4.9124475e+44 -1.0856252e+44 2.191918e+43 -4.0398967e+42 6.7898655e+41 -1.0377106e+41 1.4499398e+40 -1.740053e+39 2.8024296e+38 5.3378943e+37 7.6264005e+37 7.4202647e+37 7.436717e+37 7.435565e+37 7.4356348e+37 7.4356312e+37 7.4356314e+37 7.4356314e+37 7.4356314e+37 7.4356314e+37 7.4356314e+37 7.4356314e+37 7.4356314e+37 7.4356314e+37 7.4356314e+37 7.4356314e+37 7.4356314e+37 7.4356314e+37 7.4356314e+37 7.4356314e+37 7.4356314e+37 7.4356314e+37 7.4356314e+37
         0 -1.1071308e+49 1.9169949e+49 -2.2622435e+49 2.1576829e+49 -1.7555413e+49 1.2487764e+49 -7.8724433e+48 4.435902e+48 -2.2471083e+48 1.027682e+48 -4.2564837e+47 1.6004353e+47 -5.472732e+46 1.7042077e+46 -4.8370473e+45 1.2519611e+45 -2.9552731e+44 6.3601971e+43 -1.2471047e+43 2.2251723e+42 -3.6079257e+41 5.2933203e+40 -7.1090602e+39 7.7123525e+38 -1.6051024e+38 -6.1744917e+37 -7.1072691e+37 -7.0293969e+37 -7.0350849e+37 -7.0347263e+37 -7.0347455e+37 -7.0347446e+37 -7.0347447e+37 -7.0347447e+37 -7.0347447e+37 -7.0347447e+37 -7.0347447e+37 -7.0347447e+37 -7.0347447e+37 -7.0347447e+37 -7.0347447e+37 -7.0347447e+37 -7.0347447e+37 -7.0347447e+37 -7.0347447e+37 -7.0347447e+37 -7.0347447e+37 -7.0347447e+37 -7.0347447e+37
         0 7.1590534e+48 -1.236888e+49 1.4543582e+49 -1.3801089e+49 1.1155827e+49 -7.8724433e+48 4.9162301e+48 -2.7400341e+48 1.3708411e+48 -6.1819569e+47 2.5206182e+47 -9.3138335e+46 3.1240985e+46 -9.5237518e+45 2.6405292e+45 -6.6603346e+44 1.5281201e+44 -3.1872207e+43 6.0366521e+42 -1.0364872e+42 1.61067e+41 -2.2494132e+40 2.9012219e+39 -2.5765222e+38 9.3888094e+37 5.9105352e+37 6.2140814e+37 6.1909567e+37 6.192474e+37 6.1923898e+37 6.1923937e+37 6.1923935e+37 6.1923935e+37 6.1923935e+37 6.1923935e+37 6.1923935e+37 6.1923935e+37 6.1923935e+37 6.1923935e+37 6.1923935e+37 6.1923935e+37 6.1923935e+37 6.1923935e+37 6.1923935e+37 6.1923935e+37 6.1923935e+37 6.1923935e+37 6.1923935e+37 6.1923935e+37
         0 -4.154381e+48 7.1595095e+48 -8.3829423e+48 7.9082874e+48 -6.3443518e+48 4.435902e+48 -2.7400341e+48 1.5079401e+48 -7.4362557e+47 3.2994443e+47 -1.3211209e+47 4.7842258e+46 -1.5693673e+46 4.6678999e+45 -1.2595829e+45 3.0835809e+44 -6.8455982e+43 1.3768038e+43 -2.5048842e+42 4.1127504e+41 -6.0841578e+40 8.0042563e+39 -1.0034775e+39 4.876369e+37 -6.028936e+37 -5.0342861e+37 -5.1132897e+37 -5.1079011e+37 -5.1082105e+37 -5.108196e+37 -5.1081965e+37 -5.1081965e+37 -5.1081965e+37 -5.1081965e+37 -5.1081965e+37 -5.1081965e+37 -5.1081965e+37 -5.1081965e+37 -5.1081965e+37 -5.1081965e+37 -5.1081965e+37 -5.1081965e+37 -5.1081965e+37 -5.1081965e+37 -5.1081965e+37 -5.1081965e+37 -5.1081965e+37 -5.1081965e+37 -5.1081965e+37
         0 2.1762949e+48 -3.7397477e+48 4.3578341e+48 -4.0835878e+48 3.2479045e+48 -2.2471083e+48 1.3708411e+48 -7.4362557e+47 3.6073872e+47 -1.5712536e+47 6.1627244e+46 -2.1810748e+46 6.9750639e+45 -2.0172574e+45 5.2775232e+44 -1.248655e+44 2.6696085e+43 -5.1502678e+42 8.947935e+41 -1.3954229e+41 1.9519657e+40 -2.380704e+39 3.0574063e+38 1.399107e+37 4.1816416e+37 3.9509978e+37 3.96739e+37 3.9664082e+37 3.9664568e+37 3.9664548e+37 3.9664549e+37 3.9664549e+37 3.9664549e+37 3.9664549e+37 3.9664549e+37 3.9664549e+37 3.9664549e+37 3.9664549e+37 3.9664549e+37 3.9664549e+37 3.9664549e+37 3.9664549e+37 3.9664549e+37 3.9664549e+37 3.9664549e+37 3.9664549e+37 3.9664549e+37 3.9664549e+37 3.9664549e+37
         0 -1.0336543e+48 1.770465e+48 -2.0519404e+48 1.9083141e+48 -1.5031141e+48 1.027682e+48 -6.1819569e+47 3.2994443e+47 -1.5712536e+47 6.7027225e+46 -2.5684173e+46 8.8577848e+45 -2.7526988e+45 7.7129834e+44 -1.9485585e+44 4.4357593e+43 -9.0876257e+42 1.6722788e+42 -2.7569757e+41 4.0528834e+40 -5.3294368e+39 5.8241612e+38 -9.0851966e+37 -2.366426e+37 -2.9477587e+37 -2.9047676e+37 -2.9074286e+37 -2.907296e+37 -2.9073007e+37 -2.9073007e+37 -2.9073006e+37 -2.9073006e+37 -2.9073006e+37 -2.9073006e+37 -2.9073006e+37 -2.9073006e+37 -2.9073006e+37 -2.9073006e+37 -2.9073006e+37 -2.9073006e+37 -2.9073006e+37 -2.9073006e+37 -2.9073006e+37 -2.9073006e+37 -2.9073006e+37 -2.9073006e+37 -2.9073006e+37 -2.9073006e+37 -2.9073006e+37
         0 4.4660852e+47 -7.6218252e+47 8.7802553e+47 -8.096888e+47 6.3087593e+47 -4.2564837e+47 2.5206182e+47 -1.3211209e+47 6.1627244e+46 -2.5684173e+46 9.5890379e+45 -3.2126501e+45 9.6686474e+44 -2.6146897e+44 6.3515175e+43 -1.3844959e+43 2.7033673e+42 -4.7159296e+41 7.3270428e+40 -1.0061644e+40 1.2422864e+39 -1.0930113e+38 3.2010739e+37 1.9224461e+37 2.021257e+37 2.0148353e+37 2.0151837e+37 2.0151666e+37 2.0151678e+37 2.0151677e+37 2.0151677e+37 2.0151677e+37 2.0151677e+37 2.0151677e+37 2.0151677e+37 2.0151677e+37 2.0151677e+37 2.0151677e+37 2.0151677e+37 2.0151677e+37 2.0151677e+37 2.0151677e+37 2.0151677e+37 2.0151677e+37 2.0151677e+37 2.0151677e+37 2.0151677e+37 2.0151677e+37 2.0151677e+37
         0 -1.7600173e+47 2.9915205e+47 -3.4230807e+47 3.1271197e+47 -2.4072976e+47 1.6004353e+47 -9.3138335e+46 4.7842258e+46 -2.1810748e+46 8.8577848e+45 -3.2126501e+45 1.0422235e+45 -3.026502e+44 7.8668545e+43 -1.8290103e+43 3.797678e+42 -7.0255696e+41 1.153874e+41 -1.6768162e+40 2.124058e+39 -2.508686e+38 9.5684444e+36 -1.5081643e+37 -1.3097604e+37 -1.3230159e+37 -1.322324e+37 -1.3223435e+37 -1.3223457e+37 -1.3223449e+37 -1.3223451e+37 -1.3223451e+37 -1.3223451e+37 -1.3223451e+37 -1.3223451e+37 -1.3223451e+37 -1.3223451e+37 -1.3223451e+37 -1.3223451e+37 -1.3223451e+37 -1.3223451e+37 -1.3223451e+37 -1.3223451e+37 -1.3223451e+37 -1.3223451e+37 -1.3223451e+37 -1.3223451e+37 -1.3223451e+37 -1.3223451e+37 -1.3223451e+37
         0 6.3396145e+46 -1.0727347e+47 1.218376e+47 -1.1015108e+47 8.3671015e+46 -5.472732e+46 3.1240985e+46 -1.5693673e+46 6.9750639e+45 -2.7526988e+45 9.6686474e+44 -3.026502e+44 8.4464519e+43 -2.1008407e+43 4.6511323e+42 -9.1459461e+41 1.5924202e+41 -2.4429451e+40 3.2949325e+39 -3.7619555e+38 4.6931957e+37 4.9040383e+36 8.4583575e+36 8.2049012e+36 8.2205462e+36 8.2194834e+36 8.2196245e+36 8.2195927e+36 8.2196002e+36 8.2195986e+36 8.2195989e+36 8.2195988e+36 8.2195988e+36 8.2195988e+36 8.2195988e+36 8.2195988e+36 8.2195988e+36 8.2195988e+36 8.2195988e+36 8.2195988e+36 8.2195988e+36 8.2195988e+36 8.2195988e+36 8.2195988e+36 8.2195988e+36 8.2195988e+36 8.2195988e+36 8.2195988e+36 8.2195988e+36
         0 -2.0907541e+46 3.5203332e+46 -3.9655147e+46 3.5441961e+46 -2.6527997e+46 1.7042077e+46 -9.5237518e+45 4.6678999e+45 -2.0172574e+45 7.7129834e+44 -2.6146897e+44 7.8668545e+43 -2.1008407e+43 4.975256e+42 -1.0429581e+42 1.9295441e+41 -3.1380867e+40 4.4535196e+39 -5.5418669e+38 5.3236843e+37 -1.0026052e+37 -4.4620506e+36 -4.8609682e+36 -4.8408312e+36 -4.8405516e+36 -4.8409409e+36 -4.8408215e+36 -4.8408529e+36 -4.8408453e+36 -4.840847e+36 -4.8408466e+36 -4.8408467e+36 -4.8408467e+36 -4.8408467e+36 -4.8408467e+36 -4.8408467e+36 -4.8408467e+36 -4.8408467e+36 -4.8408467e+36 -4.8408467e+36 -4.8408467e+36 -4.8408467e+36 -4.8408467e+36 -4.8408467e+36 -4.8408467e+36 -4.8408467e+36 -4.8408467e+36 -4.8408467e+36 -4.8408467e+36
         0 6.3215727e+45 -1.0586113e+46 1.1817158e+46 -1.0428754e+46 7.6801158e+45 -4.8370473e+45 2.6405292e+45 -1.2595829e+45 5.2775232e+44 -1.9485585e+44 6.3515175e+43 -1.8290103e+43 4.6511323e+42 -1.0429581e+42 2.0569169e+41 -3.5535151e+40 5.3526647e+39 -6.9400643e+38 8.0474593e+37 -4.6725058e+36 3.2971388e+36 2.6554702e+36 2.706013e+36 2.6997887e+36 2.7012725e+36 2.7008428e+36 2.7009632e+36 2.7009318e+36 2.7009394e+36 2.7009377e+36 2.700938e+36 2.700938e+36 2.700938e+36 2.700938e+36 2.700938e+36 2.700938e+36 2.700938e+36 2.700938e+36 2.700938e+36 2.700938e+36 2.700938e+36 2.700938e+36 2.700938e+36 2.700938e+36 2.700938e+36 2.700938e+36 2.700938e+36 2.700938e+36 2.700938e+36
         0 -1.7542255e+45 2.9200165e+45 -3.2271661e+45 2.8085601e+45 -2.0316737e+45 1.2519611e+45 -6.6603346e+44 3.0835809e+44 -1.248655e+44 4.4357593e+43 -1.3844959e+43 3.797678e+42 -9.1459461e+41 1.9295441e+41 -3.5535151e+40 5.6803019e+39 -7.8431582e+38 9.0482552e+37 -1.0425985e+37 -7.3997212e+35 -1.4515671e+36 -1.4340481e+36 -1.4239499e+36 -1.4282457e+36 -1.4268291e+36 -1.4272572e+36 -1.4271369e+36 -1.4271683e+36 -1.4271607e+36 -1.4271624e+36 -1.427162e+36 -1.4271621e+36 -1.4271621e+36 -1.4271621e+36 -1.4271621e+36 -1.4271621e+36 -1.4271621e+36 -1.4271621e+36 -1.4271621e+36 -1.4271621e+36 -1.4271621e+36 -1.4271621e+36 -1.4271621e+36 -1.4271621e+36 -1.4271621e+36 -1.4271621e+36 -1.4271621e+36 -1.4271621e+36 -1.4271621e+36
         0 4.4711575e+44 -7.3933372e+44 8.0815084e+44 -6.9259795e+44 4.9124475e+44 -2.9552731e+44 1.5281201e+44 -6.8455982e+43 2.6696085e+43 -9.0876257e+42 2.7033673e+42 -7.0255696e+41 1.5924202e+41 -3.1380867e+40 5.3526647e+39 -7.8431582e+38 9.9125494e+37 -9.8566617e+36 1.7487875e+36 5.8872386e+35 7.4229e+35 7.04174e+35 7.1704646e+35 7.1264991e+35 7.140689e+35 7.1364078e+35 7.1376107e+35 7.1372971e+35 7.1373727e+35 7.1373559e+35 7.1373593e+35 7.1373587e+35 7.1373588e+35 7.1373588e+35 7.1373588e+35 7.1373588e+35 7.1373588e+35 7.1373588e+35 7.1373588e+35 7.1373588e+35 7.1373588e+35 7.1373588e+35 7.1373588e+35 7.1373588e+35 7.1373588e+35 7.1373588e+35 7.1373588e+35 7.1373588e+35 7.1373588e+35
         0 -1.0472533e+44 1.7190718e+44 -1.8563812e+44 1.56421e+44 -1.0856252e+44 6.3601971e+43 -3.1872207e+43 1.3768038e+43 -5.1502678e+42 1.6722788e+42 -4.7159296e+41 1.153874e+41 -2.4429451e+40 4.4535196e+39 -6.9400643e+38 9.0482552e+37 -9.8566617e+36 2.5857048e+35 -2.5504252e+35 -3.9728679e+35 -3.1246509e+35 -3.4698897e+35 -3.3425292e+35 -3.3864612e+35 -3.3722717e+35 -3.3765529e+35 -3.37535e+35 -3.3756636e+35 -3.375588e+35 -3.3756048e+35 -3.3756014e+35 -3.375602e+35 -3.3756019e+35 -3.3756019e+35 -3.3756019e+35 -3.3756019e+35 -3.3756019e+35 -3.3756019e+35 -3.3756019e+35 -3.3756019e+35 -3.3756019e+35 -3.3756019e+35 -3.3756019e+35 -3.3756019e+35 -3.3756019e+35 -3.3756019e+35 -3.3756019e+35 -3.3756019e+35 -3.3756019e+35
         0 2.2547359e+43 -3.6713296e+43 3.9116653e+43 -3.2348719e+43 2.191918e+43 -1.2471047e+43 6.0366521e+42 -2.5048842e+42 8.947935e+41 -2.7569757e+41 7.3270428e+40 -1.6768162e+40 3.2949325e+39 -5.5418669e+38 8.0474593e+37 -1.0425985e+37 1.7487875e+36 -2.5504252e+35 3.0570307e+35 8.7065796e+34 1.7607957e+35 1.413889e+35 1.5412923e+35 1.4973598e+35 1.5115493e+35 1.5072681e+35 1.5084711e+35 1.5081574e+35 1.508233e+35 1.5082162e+35 1.5082196e+35 1.508219e+35 1.5082191e+35 1.5082191e+35 1.5082191e+35 1.5082191e+35 1.5082191e+35 1.5082191e+35 1.5082191e+35 1.5082191e+35 1.5082191e+35 1.5082191e+35 1.5082191e+35 1.5082191e+35 1.5082191e+35 1.5082191e+35 1.5082191e+35 1.5082191e+35 1.5082191e+35
         0 -4.462248e+42 7.2008577e+42 -7.5588513e+42 6.1226848e+42 -4.0398967e+42 2.2251723e+42 -1.0364872e+42 4.1127504e+41 -1.3954229e+41 4.0528834e+40 -1.0061644e+40 2.124058e+39 -3.7619555e+38 5.3236843e+37 -4.6725058e+36 -7.3997212e+35 5.8872386e+35 -3.9728679e+35 8.7065796e+34 -1.2715833e+35 -3.8328941e+34 -7.3014648e+34 -6.0274375e+34 -6.4667625e+34 -6.324868e+34 -6.3676797e+34 -6.3556501e+34 -6.358787e+34 -6.358031e+34 -6.3581986e+34 -6.3581646e+34 -6.3581709e+34 -6.3581698e+34 -6.35817e+34 -6.35817e+34 -6.35817e+34 -6.35817e+34 -6.35817e+34 -6.35817e+34 -6.35817e+34 -6.35817e+34 -6.35817e+34 -6.35817e+34 -6.35817e+34 -6.35817e+34 -6.35817e+34 -6.35817e+34 -6.35817e+34 -6.35817e+34
         0 8.1160553e+41 -1.296713e+42 1.3388553e+42 -1.0597992e+42 6.7898655e+41 -3.6079257e+41 1.61067e+41 -6.0841578e+40 1.9519657e+40 -5.3294368e+39 1.2422864e+39 -2.508686e+38 4.6931957e+37 -1.0026052e+37 3.2971388e+36 -1.4515671e+36 7.4229e+35 -3.1246509e+35 1.7607957e+35 -3.8328941e+34 5.0505659e+34 1.5819881e+34 2.8560155e+34 2.4166904e+34 2.558585e+34 2.5157732e+34 2.5278028e+34 2.5246659e+34 2.525422e+34 2.5252543e+34 2.5252883e+34 2.5252821e+34 2.5252831e+34 2.525283e+34 2.525283e+34 2.525283e+34 2.525283e+34 2.525283e+34 2.525283e+34 2.525283e+34 2.525283e+34 2.525283e+34 2.525283e+34 2.525283e+34 2.525283e+34 2.525283e+34 2.525283e+34 2.525283e+34 2.525283e+34
         0 -1.3555843e+41 2.1417451e+41 -2.1707083e+41 1.6744125e+41 -1.0377106e+41 5.2933203e+40 -2.2494132e+40 8.0042563e+39 -2.380704e+39 5.8241612e+38 -1.0930113e+38 9.5684444e+36 4.9040383e+36 -4.4620506e+36 2.6554702e+36 -1.4340481e+36 7.04174e+35 -3.4698897e+35 1.413889e+35 -7.3014648e+34 1.5819881e+34 -1.8865897e+34 -6.1256236e+33 -1.0518874e+34 -9.0999286e+33 -9.5280458e+33 -9.4077501e+33 -9.439119e+33 -9.4315587e+33 -9.4332348e+33 -9.4328949e+33 -9.4329575e+33 -9.4329471e+33 -9.4329487e+33 -9.4329485e+33 -9.4329485e+33 -9.4329485e+33 -9.4329485e+33 -9.4329485e+33 -9.4329485e+33 -9.4329485e+33 -9.4329485e+33 -9.4329485e+33 -9.4329485e+33 -9.4329485e+33 -9.4329485e+33 -9.4329485e+33 -9.4329485e+33 -9.4329485e+33
         0 2.0814582e+40 -3.2486098e+40 3.2269726e+40 -2.4214119e+40 1.4499398e+40 -7.1090602e+39 2.9012219e+39 -1.0034775e+39 3.0574063e+38 -9.0851966e+37 3.2010739e+37 -1.5081643e+37 8.4583575e+36 -4.8609682e+36 2.706013e+36 -1.4239499e+36 7.1704646e+35 -3.3425292e+35 1.5412923e+35 -6.0274375e+34 2.8560155e+34 -6.1256236e+33 6.6146499e+33 2.2213993e+33 3.6403448e+33 3.2122277e+33 3.3325233e+33 3.3011544e+33 3.3087148e+33 3.3070386e+33 3.3073785e+33 3.3073159e+33 3.3073263e+33 3.3073248e+33 3.307325e+33 3.3073249e+33 3.3073249e+33 3.3073249e+33 3.3073249e+33 3.3073249e+33 3.3073249e+33 3.3073249e+33 3.3073249e+33 3.3073249e+33 3.3073249e+33 3.3073249e+33 3.3073249e+33 3.3073249e+33 3.3073249e+33
         0 -2.8978394e+39 4.4499195e+39 -4.298507e+39 3.092883e+39 -1.740053e+39 7.7123525e+38 -2.5765222e+38 4.876369e+37 1.399107e+37 -2.366426e+37 1.9224461e+37 -1.3097604e+37 8.2049012e+36 -4.8408312e+36 2.6997887e+36 -1.4282457e+36 7.1264991e+35 -3.3864612e+35 1.4973598e+35 -6.4667625e+34 2.4166904e+34 -1.0518874e+34 2.2213993e+33 -2.1718513e+33 -7.5290574e+32 -1.1810229e+33 -1.0607273e+33 -1.0920962e+33 -1.0845358e+33 -1.086212e+33 -1.085872e+33 -1.0859347e+33 -1.0859243e+33 -1.0859258e+33 -1.0859256e+33 -1.0859256e+33 -1.0859256e+33 -1.0859256e+33 -1.0859256e+33 -1.0859256e+33 -1.0859256e+33 -1.0859256e+33 -1.0859256e+33 -1.0859256e+33 -1.0859256e+33 -1.0859256e+33 -1.0859256e+33 -1.0859256e+33 -1.0859256e+33
         0 4.0116567e+38 -6.1638187e+38 6.010618e+38 -4.4864065e+38 2.8024296e+38 -1.6051024e+38 9.3888094e+37 -6.028936e+37 4.1816416e+37 -2.9477587e+37 2.021257e+37 -1.3230159e+37 8.2205462e+36 -4.8405516e+36 2.7012725e+36 -1.4268291e+36 7.140689e+35 -3.3722717e+35 1.5115493e+35 -6.324868e+34 2.558585e+34 -9.0999286e+33 3.6403448e+33 -7.5290574e+32 6.6603982e+32 2.3792263e+32 3.5821828e+32 3.2684941e+32 3.3440973e+32 3.3273358e+32 3.3307351e+32 3.3301086e+32 3.3302127e+32 3.3301973e+32 3.3301993e+32 3.3301991e+32 3.3301991e+32 3.3301991e+32 3.3301991e+32 3.3301991e+32 3.3301991e+32 3.3301991e+32 3.3301991e+32 3.3301991e+32 3.3301991e+32 3.3301991e+32 3.3301991e+32 3.3301991e+32 3.3301991e+32
         0 -1.9333546e+37 1.9048983e+37 2.6733758e+36 -3.1767813e+37 5.3378943e+37 -6.1744917e+37 5.9105352e+37 -5.0342861e+37 3.9509978e+37 -2.9047676e+37 2.0148353e+37 -1.322324e+37 8.2194834e+36 -4.8409409e+36 2.7008428e+36 -1.4272572e+36 7.1364078e+35 -3.3765529e+35 1.5072681e+35 -6.3676797e+34 2.5157732e+34 -9.5280458e+33 3.2122277e+33 -1.1810229e+33 2.3792263e+32 -1.9019457e+32 -6.9898912e+31 -1.0126779e+32 -9.3707469e+31 -9.5383615e+31 -9.5043683e+31 -9.5106331e+31 -9.5095922e+31 -9.5097466e+31 -9.5097264e+31 -9.5097287e+31 -9.5097285e+31 -9.5097285e+31 -9.5097285e+31 -9.5097285e+31 -9.5097285e+31 -9.5097285e+31 -9.5097285e+31 -9.5097285e+31 -9.5097285e+31 -9.5097285e+31 -9.5097285e+31 -9.5097285e+31 -9.5097285e+31
         0 2.968468e+37 -5.3668833e+37 6.9103048e+37 -7.6141164e+37 7.6264005e+37 -7.1072691e+37 6.2140814e+37 -5.1132897e+37 3.96739e+37 -2.9074286e+37 2.0151837e+37 -1.3223435e+37 8.2196245e+36 -4.8408215e+36 2.7009632e+36 -1.4271369e+36 7.1376107e+35 -3.37535e+35 1.5084711e+35 -6.3556501e+34 2.5278028e+34 -9.4077501e+33 3.3325233e+33 -1.0607273e+33 3.5821828e+32 -6.9898912e+31 5.0396747e+31 1.9027869e+31 2.658819e+31 2.4912043e+31 2.5251975e+31 2.5189327e+31 2.5199736e+31 2.5198192e+31 2.5198394e+31 2.5198371e+31 2.5198373e+31 2.5198373e+31 2.5198373e+31 2.5198373e+31 2.5198373e+31 2.5198373e+31 2.5198373e+31 2.5198373e+31 2.5198373e+31 2.5198373e+31 2.5198373e+31 2.5198373e+31 2.5198373e+31
         0 2.4469963e+37 -4.6096186e+37 6.2423052e+37 -7.1889641e+37 7.4202647e+37 -7.0293969e+37 6.1909567e+37 -5.1079011e+37 3.9664082e+37 -2.907296e+37 2.0151666e+37 -1.3223457e+37 8.2195927e+36 -4.8408529e+36 2.7009318e+36 -1.4271683e+36 7.1372971e+35 -3.3756636e+35 1.5081574e+35 -6.358787e+34 2.5246659e+34 -9.439119e+33 3.3011544e+33 -1.0920962e+33 3.2684941e+32 -1.0126779e+32 1.9027869e+31 -1.2341009e+31 -4.7806881e+30 -6.4568348e+30 -6.1169027e+30 -6.1795505e+30 -6.1691418e+30 -6.1706858e+30 -6.1704838e+30 -6.1705067e+30 -6.1705045e+30 -6.1705047e+30 -6.1705047e+30 -6.1705047e+30 -6.1705047e+30 -6.1705047e+30 -6.1705047e+30 -6.1705047e+30 -6.1705047e+30 -6.1705047e+30 -6.1705047e+30 -6.1705047e+30 -6.1705047e+30
         0 2.4974937e+37 -4.6811444e+37 6.3028854e+37 -7.2254178e+37 7.436717e+37 -7.0350849e+37 6.192474e+37 -5.1082105e+37 3.9664568e+37 -2.9073007e+37 2.0151678e+37 -1.3223449e+37 8.2196002e+36 -4.8408453e+36 2.7009394e+36 -1.4271607e+36 7.1373727e+35 -3.375588e+35 1.508233e+35 -6.358031e+34 2.525422e+34 -9.4315587e+33 3.3087148e+33 -1.0845358e+33 3.3440973e+32 -9.3707469e+31 2.658819e+31 -4.7806881e+30 2.7796331e+30 1.1034864e+30 1.4434185e+30 1.3807707e+30 1.3911794e+30 1.3896354e+30 1.3898374e+30 1.3898145e+30 1.3898167e+30 1.3898165e+30 1.3898165e+30 1.3898165e+30 1.3898165e+30 1.3898165e+30 1.3898165e+30 1.3898165e+30 1.3898165e+30 1.3898165e+30 1.3898165e+30 1.3898165e+30 1.3898165e+30
         0 2.4930562e+37 -4.6750416e+37 6.2979577e+37 -7.2226414e+37 7.435565e+37 -7.0347263e+37 6.1923898e+37 -5.108196e+37 3.9664548e+37 -2.9073007e+37 2.0151677e+37 -1.3223451e+37 8.2195986e+36 -4.840847e+36 2.7009377e+36 -1.4271624e+36 7.1373559e+35 -3.3756048e+35 1.5082162e+35 -6.3581986e+34 2.5252543e+34 -9.4332348e+33 3.3070386e+33 -1.086212e+33 3.3273358e+32 -9.5383615e+31 2.4912043e+31 -6.4568348e+30 1.1034864e+30 -5.7266031e+29 -2.3272816e+29 -2.9537601e+29 -2.8496726e+29 -2.8651127e+29 -2.8630925e+29 -2.8633221e+29 -2.8632999e+29 -2.8633016e+29 -2.8633015e+29 -2.8633015e+29 -2.8633015e+29 -2.8633015e+29 -2.8633015e+29 -2.8633015e+29 -2.8633015e+29 -2.8633015e+29 -2.8633015e+29 -2.8633015e+29 -2.8633015e+29
         0 2.4934088e+37 -4.6755096e+37 6.2983147e+37 -7.2228274e+37 7.4356348e+37 -7.0347455e+37 6.1923937e+37 -5.1081965e+37 3.9664549e+37 -2.9073006e+37 2.0151677e+37 -1.3223451e+37 8.2195989e+36 -4.8408466e+36 2.700938e+36 -1.427162e+36 7.1373593e+35 -3.3756014e+35 1.5082196e+35 -6.3581646e+34 2.5252883e+34 -9.4328949e+33 3.3073785e+33 -1.085872e+33 3.3307351e+32 -9.5043683e+31 2.5251975e+31 -6.1169027e+30 1.4434185e+30 -2.3272816e+29 1.0720398e+29 4.4556134e+28 5.4964879e+28 5.3420867e+28 5.3622896e+28 5.3599935e+28 5.3602156e+28 5.3601978e+28 5.3601989e+28 5.3601989e+28 5.3601989e+28 5.3601989e+28 5.3601989e+28 5.3601989e+28 5.3601989e+28 5.3601989e+28 5.3601989e+28 5.3601989e+28 5.3601989e+28
         0 2.4933835e+37 -4.6754776e+37 6.2982919e+37 -7.2228166e+37 7.4356312e+37 -7.0347446e+37 6.1923935e+37 -5.1081965e+37 3.9664549e+37 -2.9073006e+37 2.0151677e+37 -1.3223451e+37 8.2195988e+36 -4.8408467e+36 2.700938e+36 -1.4271621e+36 7.1373587e+35 -3.375602e+35 1.508219e+35 -6.3581709e+34 2.5252821e+34 -9.4329575e+33 3.3073159e+33 -1.0859347e+33 3.3301086e+32 -9.5106331e+31 2.5189327e+31 -6.1795505e+30 1.3807707e+30 -2.9537601e+29 4.4556134e+28 -1.8091709e+28 -7.6829645e+27 -9.2269759e+27 -9.0249476e+27 -9.0479084e+27 -9.0456873e+27 -9.0458652e+27 -9.0458539e+27 -9.0458544e+27 -9.0458544e+27 -9.0458544e+27 -9.0458544e+27 -9.0458544e+27 -9.0458544e+27 -9.0458544e+27 -9.0458544e+27 -9.0458544e+27 -9.0458544e+27
         0 2.4933852e+37 -4.6754795e+37 6.2982932e+37 -7.2228171e+37 7.4356314e+37 -7.0347447e+37 6.1923935e+37 -5.1081965e+37 3.9664549e+37 -2.9073006e+37 2.0151677e+37 -1.3223451e+37 8.2195988e+36 -4.8408467e+36 2.700938e+36 -1.4271621e+36 7.1373588e+35 -3.3756019e+35 1.5082191e+35 -6.3581698e+34 2.5252831e+34 -9.4329471e+33 3.3073263e+33 -1.0859243e+33 3.3302127e+32 -9.5095922e+31 2.5199736e+31 -6.1691418e+30 1.3911794e+30 -2.8496726e+29 5.4964879e+28 -7.6829645e+27 2.7257798e+27 1.1817684e+27 1.3837967e+27 1.3608359e+27 1.363057e+27 1.3628791e+27 1.3628904e+27 1.3628899e+27 1.3628899e+27 1.3628899e+27 1.3628899e+27 1.3628899e+27 1.3628899e+27 1.3628899e+27 1.3628899e+27 1.3628899e+27 1.3628899e+27
         0 2.4933851e+37 -4.6754794e+37 6.2982931e+37 -7.2228171e+37 7.4356314e+37 -7.0347447e+37 6.1923935e+37 -5.1081965e+37 3.9664549e+37 -2.9073006e+37 2.0151677e+37 -1.3223451e+37 8.2195988e+36 -4.8408467e+36 2.700938e+36 -1.4271621e+36 7.1373588e+35 -3.3756019e+35 1.5082191e+35 -6.35817e+34 2.525283e+34 -9.4329487e+33 3.3073248e+33 -1.0859258e+33 3.3301973e+32 -9.5097466e+31 2.5198192e+31 -6.1706858e+30 1.3896354e+30 -2.8651127e+29 5.3420867e+28 -9.2269759e+27 1.1817684e+27 -3.6224313e+26 -1.6021475e+26 -1.8317561e+26 -1.8095452e+26 -1.8113237e+26 -1.8112105e+26 -1.8112158e+26 -1.8112157e+26 -1.8112157e+26 -1.8112157e+26 -1.8112157e+26 -1.8112157e+26 -1.8112157e+26 -1.8112157e+26 -1.8112157e+26 -1.8112157e+26
         0 2.4933851e+37 -4.6754794e+37 6.2982931e+37 -7.2228171e+37 7.4356314e+37 -7.0347447e+37 6.1923935e+37 -5.1081965e+37 3.9664549e+37 -2.9073006e+37 2.0151677e+37 -1.3223451e+37 8.2195988e+36 -4.8408467e+36 2.700938e+36 -1.4271621e+36 7.1373588e+35 -3.3756019e+35 1.5082191e+35 -6.35817e+34 2.525283e+34 -9.4329485e+33 3.307325e+33 -1.0859256e+33 3.3301993e+32 -9.5097264e+31 2.5198394e+31 -6.1704838e+30 1.3898374e+30 -2.8630925e+29 5.3622896e+28 -9.0249476e+27 1.3837967e+27 -1.6021475e+26 4.1813642e+25 1.8852782e+25 2.1073871e+25 2.0896021e+25 2.0907342e+25 2.0906805e+25 2.0906821e+25 2.0906821e+25 2.0906821e+25 2.0906821e+25 2.0906821e+25 2.0906821e+25 2.0906821e+25 2.0906821e+25 2.0906821e+25
         0 2.4933851e+37 -4.6754794e+37 6.2982931e+37 -7.2228171e+37 7.4356314e+37 -7.0347447e+37 6.1923935e+37 -5.1081965e+37 3.9664549e+37 -2.9073006e+37 2.0151677e+37 -1.3223451e+37 8.2195988e+36 -4.8408467e+36 2.700938e+36 -1.4271621e+36 7.1373588e+35 -3.3756019e+35 1.5082191e+35 -6.35817e+34 2.525283e+34 -9.4329485e+33 3.3073249e+33 -1.0859256e+33 3.3301991e+32 -9.5097287e+31 2.5198371e+31 -6.1705067e+30 1.3898145e+30 -2.8633221e+29 5.3599935e+28 -9.0479084e+27 1.3608359e+27 -1.8317561e+26 1.8852782e+25 -4.1080779e+24 -1.8869887e+24 -2.064839e+24 -2.0535184e+24 -2.0540556e+24 -2.0540387e+24 -2.0540389e+24 -2.0540389e+24 -2.0540389e+24 -2.0540389e+24 -2.0540389e+24 -2.0540389e+24 -2.0540389e+24 -2.0540389e+24
         0 2.4933851e+37 -4.6754794e+37 6.2982931e+37 -7.2228171e+37 7.4356314e+37 -7.0347447e+37 6.1923935e+37 -5.1081965e+37 3.9664549e+37 -2.9073006e+37 2.0151677e+37 -1.3223451e+37 8.2195988e+36 -4.8408467e+36 2.700938e+36 -1.4271621e+36 7.1373588e+35 -3.3756019e+35 1.5082191e+35 -6.35817e+34 2.525283e+34 -9.4329485e+33 3.3073249e+33 -1.0859256e+33 3.3301991e+32 -9.5097285e+31 2.5198373e+31 -6.1705045e+30 1.3898167e+30 -2.8632999e+29 5.3602156e+28 -9.0456873e+27 1.363057e+27 -1.8095452e+26 2.1073871e+25 -1.8869887e+24 3.3410049e+23 1.5625022e+23 1.675708e+23 1.6703361e+23 1.6705051e+23 1.6705025e+23 1.6705025e+23 1.6705025e+23 1.6705025e+23 1.6705025e+23 1.6705025e+23 1.6705025e+23 1.6705025e+23
         0 2.4933851e+37 -4.6754794e+37 6.2982931e+37 -7.2228171e+37 7.4356314e+37 -7.0347447e+37 6.1923935e+37 -5.1081965e+37 3.9664549e+37 -2.9073006e+37 2.0151677e+37 -1.3223451e+37 8.2195988e+36 -4.8408467e+36 2.700938e+36 -1.4271621e+36 7.1373588e+35 -3.3756019e+35 1.5082191e+35 -6.35817e+34 2.525283e+34 -9.4329485e+33 3.3073249e+33 -1.0859256e+33 3.3301991e+32 -9.5097285e+31 2.5198373e+31 -6.1705047e+30 1.3898165e+30 -2.8633016e+29 5.3601978e+28 -9.0458652e+27 1.3628791e+27 -1.8113237e+26 2.0896021e+25 -2.064839e+24 1.5625022e+23 -2.1600052e+22 -1.0279473e+22 -1.0816659e+22 -1.0799762e+22 -1.0800026e+22 -1.0800026e+22 -1.0800026e+22 -1.0800026e+22 -1.0800026e+22 -1.0800026e+22 -1.0800026e+22 -1.0800026e+22
         0 2.4933851e+37 -4.6754794e+37 6.2982931e+37 -7.2228171e+37 7.4356314e+37 -7.0347447e+37 6.1923935e+37 -5.1081965e+37 3.9664549e+37 -2.9073006e+37 2.0151677e+37 -1.3223451e+37 8.2195988e+36 -4.8408467e+36 2.700938e+36 -1.4271621e+36 7.1373588e+35 -3.3756019e+35 1.5082191e+35 -6.35817e+34 2.525283e+34 -9.4329485e+33 3.3073249e+33 -1.0859256e+33 3.3301991e+32 -9.5097285e+31 2.5198373e+31 -6.1705047e+30 1.3898165e+30 -2.8633015e+29 5.3601989e+28 -9.0458539e+27 1.3628904e+27 -1.8112105e+26 2.0907342e+25 -2.0535184e+24 1.675708e+23 -1.0279473e+22 1.0411054e+21 5.0391979e+20 5.2081703e+20 5.205527e+20 5.205527e+20 5.205527e+20 5.205527e+20 5.205527e+20 5.205527e+20 5.205527e+20 5.205527e+20
         0 2.4933851e+37 -4.6754794e+37 6.2982931e+37 -7.2228171e+37 7.4356314e+37 -7.0347447e+37 6.1923935e+37 -5.1081965e+37 3.9664549e+37 -2.9073006e+37 2.0151677e+37 -1.3223451e+37 8.2195988e+36 -4.8408467e+36 2.700938e+36 -1.4271621e+36 7.1373588e+35 -3.3756019e+35 1.5082191e+35 -6.35817e+34 2.525283e+34 -9.4329485e+33 3.3073249e+33 -1.0859256e+33 3.3301991e+32 -9.5097285e+31 2.5198373e+31 -6.1705047e+30 1.3898165e+30 -2.8633015e+29 5.3601989e+28 -9.0458544e+27 1.3628899e+27 -1.8112158e+26 2.0906805e+25 -2.0540556e+24 1.6703361e+23 -1.0816659e+22 5.0391979e+20 -3.3265816e+19 -1.6368574e+19 -1.6632908e+19 -1.6632908e+19 -1.6632908e+19 -1.6632908e+19 -1.6632908e+19 -1.6632908e+19 -1.6632908e+19 -1.6632908e+19
         0 2.4933851e+37 -4.6754794e+37 6.2982931e+37 -7.2228171e+37 7.4356314e+37 -7.0347447e+37 6.1923935e+37 -5.1081965e+37 3.9664549e+37 -2.9073006e+37 2.0151677e+37 -1.3223451e+37 8.2195988e+36 -4.8408467e+36 2.700938e+36 -1.4271621e+36 7.1373588e+35 -3.3756019e+35 1.5082191e+35 -6.35817e+34 2.525283e+34 -9.4329485e+33 3.3073249e+33 -1.0859256e+33 3.3301991e+32 -9.5097285e+31 2.5198373e+31 -6.1705047e+30 1.3898165e+30 -2.8633015e+29 5.3601989e+28 -9.0458544e+27 1.3628899e+27 -1.8112157e+26 2.0906821e+25 -2.0540387e+24 1.6705051e+23 -1.0799762e+22 5.2081703e+20 -1.6368574e+19 5.2866841e+17 2.6433421e+17 2.6433421e+17 2.6433421e+17 2.6433421e+17 2.6433421e+17 2.6433421e+17 2.6433421e+17 2.6433421e+17
         0 2.4933851e+37 -4.6754794e+37 6.2982931e+37 -7.2228171e+37 7.4356314e+37 -7.0347447e+37 6.1923935e+37 -5.1081965e+37 3.9664549e+37 -2.9073006e+37 2.0151677e+37 -1.3223451e+37 8.2195988e+36 -4.8408467e+36 2.700938e+36 -1.4271621e+36 7.1373588e+35 -3.3756019e+35 1.5082191e+35 -6.35817e+34 2.525283e+34 -9.4329485e+33 3.3073249e+33 -1.0859256e+33 3.3301991e+32 -9.5097285e+31 2.5198373e+31 -6.1705047e+30 1.3898165e+30 -2.8633015e+29 5.3601989e+28 -9.0458544e+27 1.3628899e+27 -1.8112157e+26 2.0906821e+25 -2.0540389e+24 1.6705025e+23 -1.0800026e+22 5.205527e+20 -1.6632908e+19 2.6433421e+17   -0.43004  -0.385934  -0.349257  -0.318573  -0.292623   -0.27029  -0.250572  -0.232552
         0 2.4933851e+37 -4.6754794e+37 6.2982931e+37 -7.2228171e+37 7.4356314e+37 -7.0347447e+37 6.1923935e+37 -5.1081965e+37 3.9664549e+37 -2.9073006e+37 2.0151677e+37 -1.3223451e+37 8.2195988e+36 -4.8408467e+36 2.700938e+36 -1.4271621e+36 7.1373588e+35 -3.3756019e+35 1.5082191e+35 -6.35817e+34 2.525283e+34 -9.4329485e+33 3.3073249e+33 -1.0859256e+33 3.3301991e+32 -9.5097285e+31 2.5198373e+31 -6.1705047e+30 1.3898165e+30 -2.8633015e+29 5.3601989e+28 -9.0458544e+27 1.3628899e+27 -1.8112157e+26 2.0906821e+25 -2.0540389e+24 1.6705025e+23 -1.0800026e+22 5.205527e+20 -1.6632908e+19 2.6433421e+17  -0.385934  -0.341798  -0.305097  -0.274393  -0.248426  -0.226078  -0.206347  -0.188315
         0 2.4933851e+37 -4.6754794e+37 6.2982931e+37 -7.2228171e+37 7.4356314e+37 -7.0347447e+37 6.1923935e+37 -5.1081965e+37 3.9664549e+37 -2.9073006e+37 2.0151677e+37 -1.3223451e+37 8.2195988e+36 -4.8408467e+36 2.700938e+36 -1.4271621e+36 7.1373588e+35 -3.3756019e+35 1.5082191e+35 -6.35817e+34 2.525283e+34 -9.4329485e+33 3.3073249e+33 -1.0859256e+33 3.3301991e+32 -9.5097285e+31 2.5198373e+31 -6.1705047e+30 1.3898165e+30 -2.8633015e+29 5.3601989e+28 -9.0458544e+27 1.3628899e+27 -1.8112157e+26 2.0906821e+25 -2.0540389e+24 1.6705025e+23 -1.0800026e+22 5.205527e+20 -1.6632908e+19 2.6433421e+17  -0.349257  -0.305097  -0.268376  -0.237655  -0.211673  -0.189313  -0.169571  -0.151529
         0 2.4933851e+37 -4.6754794e+37 6.2982931e+37 -7.2228171e+37 7.4356314e+37 -7.0347447e+37 6.1923935e+37 -5.1081965e+37 3.9664549e+37 -2.9073006e+37 2.0151677e+37 -1.3223451e+37 8.2195988e+36 -4.8408467e+36 2.700938e+36 -1.4271621e+36 7.1373588e+35 -3.3756019e+35 1.5082191e+35 -6.35817e+34 2.525283e+34 -9.4329485e+33 3.3073249e+33 -1.0859256e+33 3.3301991e+32 -9.5097285e+31 2.5198373e+31 -6.1705047e+30 1.3898165e+30 -2.8633015e+29 5.3601989e+28 -9.0458544e+27 1.3628899e+27 -1.8112157e+26 2.0906821e+25 -2.0540389e+24 1.6705025e+23 -1.0800026e+22 5.205527e+20 -1.6632908e+19 2.6433421e+17  -0.318573  -0.274393  -0.237655   -0.20692  -0.180926  -0.158556  -0.138805  -0.120754
         0 2.4933851e+37 -4.6754794e+37 6.2982931e+37 -7.2228171e+37 7.4356314e+37 -7.0347447e+37 6.1923935e+37 -5.1081965e+37 3.9664549e+37 -2.9073006e+37 2.0151677e+37 -1.3223451e+37 8.2195988e+36 -4.8408467e+36 2.700938e+36 -1.4271621e+36 7.1373588e+35 -3.3756019e+35 1.5082191e+35 -6.35817e+34 2.525283e+34 -9.4329485e+33 3.3073249e+33 -1.0859256e+33 3.3301991e+32 -9.5097285e+31 2.5198373e+31 -6.1705047e+30 1.3898165e+30 -2.8633015e+29 5.3601989e+28 -9.0458544e+27 1.3628899e+27 -1.8112157e+26 2.0906821e+25 -2.0540389e+24 1.6705025e+23 -1.0800026e+22 5.205527e+20 -1.6632908e+19 2.6433421e+17  -0.292623  -0.248426  -0.211673  -0.180926  -0.154922  -0.132543  -0.112785  -0.094727
         0 2.4933851e+37 -4.6754794e+37 6.2982931e+37 -7.2228171e+37 7.4356314e+37 -7.0347447e+37 6.1923935e+37 -5.1081965e+37 3.9664549e+37 -2.9073006e+37 2.0151677e+37 -1.3223451e+37 8.2195988e+36 -4.8408467e+36 2.700938e+36 -1.4271621e+36 7.1373588e+35 -3.3756019e+35 1.5082191e+35 -6.35817e+34 2.525283e+34 -9.4329485e+33 3.3073249e+33 -1.0859256e+33 3.3301991e+32 -9.5097285e+31 2.5198373e+31 -6.1705047e+30 1.3898165e+30 -2.8633015e+29 5.3601989e+28 -9.0458544e+27 1.3628899e+27 -1.8112157e+26 2.0906821e+25 -2.0540389e+24 1.6705025e+23 -1.0800026e+22 5.205527e+20 -1.6632908e+19 2.6433421e+17   -0.27029  -0.226078  -0.189313  -0.158556  -0.132543  -0.110157  -0.090392  -0.072328
         0 2.4933851e+37 -4.6754794e+37 6.2982931e+37 -7.2228171e+37 7.4356314e+37 -7.0347447e+37 6.1923935e+37 -5.1081965e+37 3.9664549e+37 -2.9073006e+37 2.0151677e+37 -1.3223451e+37 8.2195988e+36 -4.8408467e+36 2.700938e+36 -1.4271621e+36 7.1373588e+35 -3.3756019e+35 1.5082191e+35 -6.35817e+34 2.525283e+34 -9.4329485e+33 3.3073249e+33 -1.0859256e+33 3.3301991e+32 -9.5097285e+31 2.5198373e+31 -6.1705047e+30 1.3898165e+30 -2.8633015e+29 5.3601989e+28 -9.0458544e+27 1.3628899e+27 -1.8112157e+26 2.0906821e+25 -2.0540389e+24 1.6705025e+23 -1.0800026e+22 5.205527e+20 -1.6632908e+19 2.6433421e+17  -0.250572  -0.206347  -0.169571  -0.138805  -0.112785  -0.090392  -0.070621  -0.052552
         0 2.4933851e+37 -4.6754794e+37 6.2982931e+37 -7.2228171e+37 7.4356314e+37 -7.0347447e+37 6.1923935e+37 -5.1081965e+37 3.9664549e+37 -2.9073006e+37 2.0151677e+37 -1.3223451e+37 8.2195988e+36 -4.8408467e+36 2.700938e+36 -1.4271621e+36 7.1373588e+35 -3.3756019e+35 1.5082191e+35 -6.35817e+34 2.525283e+34 -9.4329485e+33 3.3073249e+33 -1.0859256e+33 3.3301991e+32 -9.5097285e+31 2.5198373e+31 -6.1705047e+30 1.3898165e+30 -2.8633015e+29 5.3601989e+28 -9.0458544e+27 1.3628899e+27 -1.8112157e+26 2.0906821e+25 -2.0540389e+24 1.6705025e+23 -1.0800026e+22 5.205527e+20 -1.6632908e+19 2.6433421e+17  -0.232552  -0.188315  -0.151529  -0.120754  -0.094727  -0.072328  -0.052552  -0.034478