         0          0          0          0          0          0          0          0          0          0          0          0          0          0          0          0          0          0          0          0          0          0          0          0          0          0          0          0          0          0          0          0          0          0          0          0          0          0          0          0          0          0          0          0          0          0          0          0          0          0
         0 3.9779686e+24 -6.070814e+24 5.8263817e+24 -4.1881654e+24 2.3907204e+24 -1.1151489e+24 4.3231301e+23 -1.4077765e+23 3.8810471e+22 -9.0729935e+21 1.8262342e+21 -2.9486069e+20 5.8005226e+19 7.9116529e+18 1.3959725e+19 1.3341815e+19 1.3394865e+19 1.3391075e+19 1.3391297e+19 1.3391286e+19 1.3391287e+19 1.3391287e+19 1.3391287e+19 1.3391287e+19 1.3391287e+19 1.3391287e+19 1.3391287e+19 1.3391287e+19 1.3391287e+19 1.3391287e+19 1.3391287e+19 1.3391287e+19 1.3391287e+19 1.3391287e+19 1.3391287e+19 1.3391287e+19 1.3391287e+19 1.3391287e+19 1.3391287e+19 1.3391287e+19 1.3391287e+19 1.3391287e+19 1.3391287e+19 1.3391287e+19 1.3391287e+19 1.3391287e+19 1.3391287e+19 1.3391287e+19 1.3391287e+19
         0 -6.070814e+24 9.2269049e+24 -8.7957307e+24 6.2632226e+24 -3.531837e+24 1.6225502e+24 -6.174369e+23 1.9656581e+23 -5.2729803e+22 1.1911852e+22 -2.3074086e+21 3.4459013e+20 -7.3387296e+19 -1.8103089e+19 -2.4164105e+19 -2.3625313e+19 -2.3662517e+19 -2.3660718e+19 -2.3660757e+19 -2.3660759e+19 -2.3660759e+19 -2.3660759e+19 -2.3660759e+19 -2.3660759e+19 -2.3660759e+19 -2.3660759e+19 -2.3660759e+19 -2.3660759e+19 -2.3660759e+19 -2.3660759e+19 -2.3660759e+19 -2.3660759e+19 -2.3660759e+19 -2.3660759e+19 -2.3660759e+19 -2.3660759e+19 -2.3660759e+19 -2.3660759e+19 -2.3660759e+19 -2.3660759e+19 -2.3660759e+19 -2.3660759e+19 -2.3660759e+19 -2.3660759e+19 -2.3660759e+19 -2.3660759e+19 -2.3660759e+19 -2.3660759e+19 -2.3660759e+19
         0 5.8263817e+24 -8.7957307e+24 8.2917447e+24 -5.8133983e+24 3.2132171e+24 -1.4399452e+24 5.3164591e+23 -1.6317968e+23 4.1903481e+22 -8.962557e+21 1.6412375e+21 -2.1120336e+20 5.8208155e+19 2.5946846e+19 2.9075997e+19 2.8835167e+19 2.8849726e+19 2.884898e+19 2.8849024e+19 2.8849021e+19 2.8849021e+19 2.8849021e+19 2.8849021e+19 2.8849021e+19 2.8849021e+19 2.8849021e+19 2.8849021e+19 2.8849021e+19 2.8849021e+19 2.8849021e+19 2.8849021e+19 2.8849021e+19 2.8849021e+19 2.8849021e+19 2.8849021e+19 2.8849021e+19 2.8849021e+19 2.8849021e+19 2.8849021e+19 2.8849021e+19 2.8849021e+19 2.8849021e+19 2.8849021e+19 2.8849021e+19 2.8849021e+19 2.8849021e+19 2.8849021e+19 2.8849021e+19 2.8849021e+19
         0 -4.1881654e+24 6.2632226e+24 -5.8133983e+24 3.9888785e+24 -2.144468e+24 9.2855838e+23 -3.2885198e+23 9.5976499e+22 -2.3214822e+22 4.597736e+21 -7.869137e+20 7.2054989e+19 -3.936686e+19 -2.7890692e+19 -2.8785142e+19 -2.873918e+19 -2.8739583e+19 -2.8739817e+19 -2.8739782e+19 -2.8739785e+19 -2.8739785e+19 -2.8739785e+19 -2.8739785e+19 -2.8739785e+19 -2.8739785e+19 -2.8739785e+19 -2.8739785e+19 -2.8739785e+19 -2.8739785e+19 -2.8739785e+19 -2.8739785e+19 -2.8739785e+19 -2.8739785e+19 -2.8739785e+19 -2.8739785e+19 -2.8739785e+19 -2.8739785e+19 -2.8739785e+19 -2.8739785e+19 -2.8739785e+19 -2.8739785e+19 -2.8739785e+19 -2.8739785e+19 -2.8739785e+19 -2.8739785e+19 -2.8739785e+19 -2.8739785e+19 -2.8739785e+19 -2.8739785e+19
         0 2.3907204e+24 -3.531837e+24 3.2132171e+24 -2.144468e+24 1.1126115e+24 -4.6103068e+23 1.5481634e+23 -4.2362517e+22 9.501997e+21 -1.6984599e+21 2.7691012e+20 -4.6446916e+18 2.7286038e+19 2.4446852e+19 2.4650577e+19 2.4635445e+19 2.4637248e+19 2.4636974e+19 2.463701e+19 2.4637006e+19 2.4637006e+19 2.4637006e+19 2.4637006e+19 2.4637006e+19 2.4637006e+19 2.4637006e+19 2.4637006e+19 2.4637006e+19 2.4637006e+19 2.4637006e+19 2.4637006e+19 2.4637006e+19 2.4637006e+19 2.4637006e+19 2.4637006e+19 2.4637006e+19 2.4637006e+19 2.4637006e+19 2.4637006e+19 2.4637006e+19 2.4637006e+19 2.4637006e+19 2.4637006e+19 2.4637006e+19 2.4637006e+19 2.4637006e+19 2.4637006e+19 2.4637006e+19 2.4637006e+19
         0 -1.1151489e+24 1.6225502e+24 -1.4399452e+24 9.2855838e+23 -4.6103068e+23 1.8090717e+23 -5.687233e+22 1.4350773e+22 -2.9322077e+21 4.5043452e+20 -7.7121569e+19 -1.3218455e+19 -1.8860721e+19 -1.8585905e+19 -1.8567816e+19 -1.8575827e+19 -1.8574156e+19 -1.857443e+19 -1.8574394e+19 -1.8574398e+19 -1.8574398e+19 -1.8574398e+19 -1.8574398e+19 -1.8574398e+19 -1.8574398e+19 -1.8574398e+19 -1.8574398e+19 -1.8574398e+19 -1.8574398e+19 -1.8574398e+19 -1.8574398e+19 -1.8574398e+19 -1.8574398e+19 -1.8574398e+19 -1.8574398e+19 -1.8574398e+19 -1.8574398e+19 -1.8574398e+19 -1.8574398e+19 -1.8574398e+19 -1.8574398e+19 -1.8574398e+19 -1.8574398e+19 -1.8574398e+19 -1.8574398e+19 -1.8574398e+19 -1.8574398e+19 -1.8574398e+19 -1.8574398e+19
         0 4.3231301e+23 -6.174369e+23 5.3164591e+23 -3.2885198e+23 1.5481634e+23 -5.687233e+22 1.6514463e+22 -3.7750257e+21 6.9679799e+20 -8.4017114e+19 2.3084559e+19 1.1416436e+19 1.2575014e+19 1.2413091e+19 1.2449087e+19 1.2440723e+19 1.2442393e+19 1.244212e+19 1.2442155e+19 1.2442152e+19 1.2442152e+19 1.2442152e+19 1.2442152e+19 1.2442152e+19 1.2442152e+19 1.2442152e+19 1.2442152e+19 1.2442152e+19 1.2442152e+19 1.2442152e+19 1.2442152e+19 1.2442152e+19 1.2442152e+19 1.2442152e+19 1.2442152e+19 1.2442152e+19 1.2442152e+19 1.2442152e+19 1.2442152e+19 1.2442152e+19 1.2442152e+19 1.2442152e+19 1.2442152e+19 1.2442152e+19 1.2442152e+19 1.2442152e+19 1.2442152e+19 1.2442152e+19 1.2442152e+19
         0 -1.4077765e+23 1.9656581e+23 -1.6317968e+23 9.5976499e+22 -4.2362517e+22 1.4350773e+22 -3.7750257e+21 7.5329449e+20 -1.2243616e+20 4.3067198e+18 -7.7316962e+18 -7.6838907e+18 -7.3407277e+18 -7.4666956e+18 -7.4314572e+18 -7.4398212e+18 -7.438151e+18 -7.4384242e+18 -7.438389e+18 -7.4383924e+18 -7.4383922e+18 -7.4383922e+18 -7.4383922e+18 -7.4383922e+18 -7.4383922e+18 -7.4383922e+18 -7.4383922e+18 -7.4383922e+18 -7.4383922e+18 -7.4383922e+18 -7.4383922e+18 -7.4383922e+18 -7.4383922e+18 -7.4383922e+18 -7.4383922e+18 -7.4383922e+18 -7.4383922e+18 -7.4383922e+18 -7.4383922e+18 -7.4383922e+18 -7.4383922e+18 -7.4383922e+18 -7.4383922e+18 -7.4383922e+18 -7.4383922e+18 -7.4383922e+18 -7.4383922e+18 -7.4383922e+18 -7.4383922e+18
         0 3.8810471e+22 -5.2729803e+22 4.1903481e+22 -2.3214822e+22 9.501997e+21 -2.9322077e+21 6.9679799e+20 -1.2243616e+20 2.3139189e+19 7.3533963e+17 4.8496458e+18 3.6704021e+18 4.0721381e+18 3.9448433e+18 3.9800816e+18 3.9717176e+18 3.9733878e+18 3.9731146e+18 3.9731498e+18 3.9731464e+18 3.9731466e+18 3.9731466e+18 3.9731466e+18 3.9731466e+18 3.9731466e+18 3.9731466e+18 3.9731466e+18 3.9731466e+18 3.9731466e+18 3.9731466e+18 3.9731466e+18 3.9731466e+18 3.9731466e+18 3.9731466e+18 3.9731466e+18 3.9731466e+18 3.9731466e+18 3.9731466e+18 3.9731466e+18 3.9731466e+18 3.9731466e+18 3.9731466e+18 3.9731466e+18 3.9731466e+18 3.9731466e+18 3.9731466e+18 3.9731466e+18 3.9731466e+18 3.9731466e+18
         0 -9.0729935e+21 1.1911852e+22 -8.962557e+21 4.597736e+21 -1.6984599e+21 4.5043452e+20 -8.4017114e+19 4.3067198e+18 7.3533963e+17 -3.7056654e+18 -1.0933543e+18 -2.1943926e+18 -1.7945733e+18 -1.9218682e+18 -1.8866298e+18 -1.8949938e+18 -1.8933236e+18 -1.8935968e+18 -1.8935616e+18 -1.893565e+18 -1.8935648e+18 -1.8935648e+18 -1.8935648e+18 -1.8935648e+18 -1.8935648e+18 -1.8935648e+18 -1.8935648e+18 -1.8935648e+18 -1.8935648e+18 -1.8935648e+18 -1.8935648e+18 -1.8935648e+18 -1.8935648e+18 -1.8935648e+18 -1.8935648e+18 -1.8935648e+18 -1.8935648e+18 -1.8935648e+18 -1.8935648e+18 -1.8935648e+18 -1.8935648e+18 -1.8935648e+18 -1.8935648e+18 -1.8935648e+18 -1.8935648e+18 -1.8935648e+18 -1.8935648e+18 -1.8935648e+18 -1.8935648e+18
         0 1.8262342e+21 -2.3074086e+21 1.6412375e+21 -7.869137e+20 2.7691012e+20 -7.7121569e+19 2.3084559e+19 -7.7316962e+18 4.8496458e+18 -1.0933543e+18 1.605021e+18 5.0168272e+17 9.0150197e+17 7.7420714e+17 8.0944553e+17 8.0108148e+17 8.027517e+17 8.0247847e+17 8.0251367e+17 8.0251032e+17 8.0251053e+17 8.0251052e+17 8.0251052e+17 8.0251052e+17 8.0251052e+17 8.0251052e+17 8.0251052e+17 8.0251052e+17 8.0251052e+17 8.0251052e+17 8.0251052e+17 8.0251052e+17 8.0251052e+17 8.0251052e+17 8.0251052e+17 8.0251052e+17 8.0251052e+17 8.0251052e+17 8.0251052e+17 8.0251052e+17 8.0251052e+17 8.0251052e+17 8.0251052e+17 8.0251052e+17 8.0251052e+17 8.0251052e+17 8.0251052e+17 8.0251052e+17 8.0251052e+17
         0 -2.9486069e+20 3.4459013e+20 -2.1120336e+20 7.2054989e+19 -4.6446916e+18 -1.3218455e+19 1.1416436e+19 -7.6838907e+18 3.6704021e+18 -2.1943926e+18 5.0168272e+17 -6.0165561e+17 -2.0183636e+17 -3.2913119e+17 -2.938928e+17 -3.0225685e+17 -3.0058663e+17 -3.0085986e+17 -3.0082466e+17 -3.0082801e+17 -3.008278e+17 -3.0082781e+17 -3.0082781e+17 -3.0082781e+17 -3.0082781e+17 -3.0082781e+17 -3.0082781e+17 -3.0082781e+17 -3.0082781e+17 -3.0082781e+17 -3.0082781e+17 -3.0082781e+17 -3.0082781e+17 -3.0082781e+17 -3.0082781e+17 -3.0082781e+17 -3.0082781e+17 -3.0082781e+17 -3.0082781e+17 -3.0082781e+17 -3.0082781e+17 -3.0082781e+17 -3.0082781e+17 -3.0082781e+17 -3.0082781e+17 -3.0082781e+17 -3.0082781e+17 -3.0082781e+17 -3.0082781e+17
         0 5.8005226e+19 -7.3387296e+19 5.8208155e+19 -3.936686e+19 2.7286038e+19 -1.8860721e+19 1.2575014e+19 -7.3407277e+18 4.0721381e+18 -1.7945733e+18 9.0150197e+17 -2.0183636e+17 1.9798289e+17 7.0688062e+16 1.0592645e+17 9.7562403e+16 9.9232617e+16 9.8959392e+16 9.8994595e+16 9.8991241e+16 9.8991451e+16 9.8991445e+16 9.8991445e+16 9.8991445e+16 9.8991445e+16 9.8991445e+16 9.8991445e+16 9.8991445e+16 9.8991445e+16 9.8991445e+16 9.8991445e+16 9.8991445e+16 9.8991445e+16 9.8991445e+16 9.8991445e+16 9.8991445e+16 9.8991445e+16 9.8991445e+16 9.8991445e+16 9.8991445e+16 9.8991445e+16 9.8991445e+16 9.8991445e+16 9.8991445e+16 9.8991445e+16 9.8991445e+16 9.8991445e+16 9.8991445e+16 9.8991445e+16
         0 7.9116529e+18 -1.8103089e+19 2.5946846e+19 -2.7890692e+19 2.4446852e+19 -1.8585905e+19 1.2413091e+19 -7.4666956e+18 3.9448433e+18 -1.9218682e+18 7.7420714e+17 -3.2913119e+17 7.0688062e+16 -5.6606765e+16 -2.1368379e+16 -2.9732425e+16 -2.806221e+16 -2.8335436e+16 -2.8300233e+16 -2.8303587e+16 -2.8303376e+16 -2.8303383e+16 -2.8303383e+16 -2.8303383e+16 -2.8303383e+16 -2.8303383e+16 -2.8303383e+16 -2.8303383e+16 -2.8303383e+16 -2.8303383e+16 -2.8303383e+16 -2.8303383e+16 -2.8303383e+16 -2.8303383e+16 -2.8303383e+16 -2.8303383e+16 -2.8303383e+16 -2.8303383e+16 -2.8303383e+16 -2.8303383e+16 -2.8303383e+16 -2.8303383e+16 -2.8303383e+16 -2.8303383e+16 -2.8303383e+16 -2.8303383e+16 -2.8303383e+16 -2.8303383e+16 -2.8303383e+16
         0 1.3959725e+19 -2.4164105e+19 2.9075997e+19 -2.8785142e+19 2.4650577e+19 -1.8567816e+19 1.2449087e+19 -7.4314572e+18 3.9800816e+18 -1.8866298e+18 8.0944553e+17 -2.938928e+17 1.0592645e+17 -2.1368379e+16 1.3870008e+16 5.5059621e+15 7.1761769e+15 6.9029513e+15 6.9381542e+15 6.9348004e+15 6.9350107e+15 6.9350042e+15 6.9350042e+15 6.9350042e+15 6.9350042e+15 6.9350042e+15 6.9350042e+15 6.9350042e+15 6.9350042e+15 6.9350042e+15 6.9350042e+15 6.9350042e+15 6.9350042e+15 6.9350042e+15 6.9350042e+15 6.9350042e+15 6.9350042e+15 6.9350042e+15 6.9350042e+15 6.9350042e+15 6.9350042e+15 6.9350042e+15 6.9350042e+15 6.9350042e+15 6.9350042e+15 6.9350042e+15 6.9350042e+15 6.9350042e+15 6.9350042e+15
         0 1.3341815e+19 -2.3625313e+19 2.8835167e+19 -2.873918e+19 2.4635445e+19 -1.8575827e+19 1.2440723e+19 -7.4398212e+18 3.9717176e+18 -1.8949938e+18 8.0108148e+17 -3.0225685e+17 9.7562403e+16 -2.9732425e+16 5.5059621e+15 -2.8580841e+15 -1.1878693e+15 -1.4610949e+15 -1.425892e+15 -1.4292459e+15 -1.4290355e+15 -1.4290421e+15 -1.4290421e+15 -1.4290421e+15 -1.4290421e+15 -1.4290421e+15 -1.4290421e+15 -1.4290421e+15 -1.4290421e+15 -1.4290421e+15 -1.4290421e+15 -1.4290421e+15 -1.4290421e+15 -1.4290421e+15 -1.4290421e+15 -1.4290421e+15 -1.4290421e+15 -1.4290421e+15 -1.4290421e+15 -1.4290421e+15 -1.4290421e+15 -1.4290421e+15 -1.4290421e+15 -1.4290421e+15 -1.4290421e+15 -1.4290421e+15 -1.4290421e+15 -1.4290421e+15 -1.4290421e+15
         0 1.3394865e+19 -2.3662517e+19 2.8849726e+19 -2.8739583e+19 2.4637248e+19 -1.8574156e+19 1.2442393e+19 -7.438151e+18 3.9733878e+18 -1.8933236e+18 8.027517e+17 -3.0058663e+17 9.9232617e+16 -2.806221e+16 7.1761769e+15 -1.1878693e+15 4.8234546e+14 2.0911986e+14 2.4432278e+14 2.4096893e+14 2.4117925e+14 2.4117273e+14 2.4117273e+14 2.4117273e+14 2.4117273e+14 2.4117273e+14 2.4117273e+14 2.4117273e+14 2.4117273e+14 2.4117273e+14 2.4117273e+14 2.4117273e+14 2.4117273e+14 2.4117273e+14 2.4117273e+14 2.4117273e+14 2.4117273e+14 2.4117273e+14 2.4117273e+14 2.4117273e+14 2.4117273e+14 2.4117273e+14 2.4117273e+14 2.4117273e+14 2.4117273e+14 2.4117273e+14 2.4117273e+14 2.4117273e+14 2.4117273e+14
         0 1.3391075e+19 -2.3660718e+19 2.884898e+19 -2.8739817e+19 2.4636974e+19 -1.857443e+19 1.244212e+19 -7.4384242e+18 3.9731146e+18 -1.8935968e+18 8.0247847e+17 -3.0085986e+17 9.8959392e+16 -2.8335436e+16 6.9029513e+15 -1.4610949e+15 2.0911986e+14 -6.4105737e+13 -2.8902821e+13 -3.2256672e+13 -3.2046347e+13 -3.2052868e+13 -3.2052868e+13 -3.2052868e+13 -3.2052868e+13 -3.2052868e+13 -3.2052868e+13 -3.2052868e+13 -3.2052868e+13 -3.2052868e+13 -3.2052868e+13 -3.2052868e+13 -3.2052868e+13 -3.2052868e+13 -3.2052868e+13 -3.2052868e+13 -3.2052868e+13 -3.2052868e+13 -3.2052868e+13 -3.2052868e+13 -3.2052868e+13 -3.2052868e+13 -3.2052868e+13 -3.2052868e+13 -3.2052868e+13 -3.2052868e+13 -3.2052868e+13 -3.2052868e+13 -3.2052868e+13
         0 1.3391297e+19 -2.3660757e+19 2.8849024e+19 -2.8739782e+19 2.463701e+19 -1.8574394e+19 1.2442155e+19 -7.438389e+18 3.9731498e+18 -1.8935616e+18 8.0251367e+17 -3.0082466e+17 9.8994595e+16 -2.8300233e+16 6.9381542e+15 -1.425892e+15 2.4432278e+14 -2.8902821e+13 6.3000941e+12 2.946244e+12 3.156568e+12 3.1500471e+12 3.1500471e+12 3.1500471e+12 3.1500471e+12 3.1500471e+12 3.1500471e+12 3.1500471e+12 3.1500471e+12 3.1500471e+12 3.1500471e+12 3.1500471e+12 3.1500471e+12 3.1500471e+12 3.1500471e+12 3.1500471e+12 3.1500471e+12 3.1500471e+12 3.1500471e+12 3.1500471e+12 3.1500471e+12 3.1500471e+12 3.1500471e+12 3.1500471e+12 3.1500471e+12 3.1500471e+12 3.1500471e+12 3.1500471e+12 3.1500471e+12
         0 1.3391286e+19 -2.3660759e+19 2.8849021e+19 -2.8739785e+19 2.4637006e+19 -1.8574398e+19 1.2442152e+19 -7.4383924e+18 3.9731464e+18 -1.893565e+18 8.0251032e+17 -3.0082801e+17 9.8991241e+16 -2.8303587e+16 6.9348004e+15 -1.4292459e+15 2.4096893e+14 -3.2256672e+13 2.946244e+12 -4.0760624e+11 -1.9728218e+11 -2.0380312e+11 -2.0380312e+11 -2.0380312e+11 -2.0380312e+11 -2.0380312e+11 -2.0380312e+11 -2.0380312e+11 -2.0380312e+11 -2.0380312e+11 -2.0380312e+11 -2.0380312e+11 -2.0380312e+11 -2.0380312e+11 -2.0380312e+11 -2.0380312e+11 -2.0380312e+11 -2.0380312e+11 -2.0380312e+11 -2.0380312e+11 -2.0380312e+11 -2.0380312e+11 -2.0380312e+11 -2.0380312e+11 -2.0380312e+11 -2.0380312e+11 -2.0380312e+11 -2.0380312e+11 -2.0380312e+11
         0 1.3391287e+19 -2.3660759e+19 2.8849021e+19 -2.8739785e+19 2.4637006e+19 -1.8574398e+19 1.2442152e+19 -7.4383922e+18 3.9731466e+18 -1.8935648e+18 8.0251053e+17 -3.008278e+17 9.8991451e+16 -2.8303376e+16 6.9350107e+15 -1.4290355e+15 2.4117925e+14 -3.2046347e+13 3.156568e+12 -1.9728218e+11 1.3041879e+10 6.5209394e+09 6.5209394e+09 6.5209394e+09 6.5209394e+09 6.5209394e+09 6.5209394e+09 6.5209394e+09 6.5209394e+09 6.5209394e+09 6.5209394e+09 6.5209394e+09 6.5209394e+09 6.5209394e+09 6.5209394e+09 6.5209394e+09 6.5209394e+09 6.5209394e+09 6.5209394e+09 6.5209394e+09 6.5209394e+09 6.5209394e+09 6.5209394e+09 6.5209394e+09 6.5209394e+09 6.5209394e+09 6.5209394e+09 6.5209394e+09 6.5209394e+09
         0 1.3391287e+19 -2.3660759e+19 2.8849021e+19 -2.8739785e+19 2.4637006e+19 -1.8574398e+19 1.2442152e+19 -7.4383922e+18 3.9731466e+18 -1.8935648e+18 8.0251052e+17 -3.0082781e+17 9.8991445e+16 -2.8303383e+16 6.9350042e+15 -1.4290421e+15 2.4117273e+14 -3.2052868e+13 3.1500471e+12 -2.0380312e+11 6.5209394e+09   -4.00166  -3.584167  -3.247637  -2.978322  -2.764309  -2.595405  -2.462989   -2.35985  -2.280023  -2.218618  -2.171666  -2.135974  -2.108996  -2.088716  -2.073554  -2.062277  -2.053932  -2.047786  -2.043282  -2.039996  -2.037607  -2.035877  -2.034626  -2.033721  -2.033062  -2.032575  -2.032202  -2.031901
         0 1.3391287e+19 -2.3660759e+19 2.8849021e+19 -2.8739785e+19 2.4637006e+19 -1.8574398e+19 1.2442152e+19 -7.4383922e+18 3.9731466e+18 -1.8935648e+18 8.0251052e+17 -3.0082781e+17 9.8991445e+16 -2.8303383e+16 6.9350042e+15 -1.4290421e+15 2.4117273e+14 -3.2052868e+13 3.1500471e+12 -2.0380312e+11 6.5209394e+09  -3.584167  -3.163907  -2.825147  -2.554047  -2.338616  -2.168592  -2.035298  -1.931477   -1.85112  -1.789308  -1.742045  -1.706117   -1.67896  -1.658546  -1.643283  -1.631931  -1.623531  -1.617345  -1.612811  -1.609502  -1.607098  -1.605356  -1.604097  -1.603186  -1.602522  -1.602032  -1.601658  -1.601354
         0 1.3391287e+19 -2.3660759e+19 2.8849021e+19 -2.8739785e+19 2.4637006e+19 -1.8574398e+19 1.2442152e+19 -7.4383922e+18 3.9731466e+18 -1.8935648e+18 8.0251052e+17 -3.0082781e+17 9.8991445e+16 -2.8303383e+16 6.9350042e+15 -1.4290421e+15 2.4117273e+14 -3.2052868e+13 3.1500471e+12 -2.0380312e+11 6.5209394e+09  -3.247637  -2.825147  -2.484588   -2.21205  -1.995476   -1.82455  -1.690549  -1.586176  -1.505393  -1.443253  -1.395739   -1.35962  -1.332319  -1.311797  -1.296453  -1.285041  -1.276596  -1.270377  -1.265819  -1.262493  -1.260076  -1.258325  -1.257059  -1.256143  -1.255476  -1.254983  -1.254606  -1.254301
         0 1.3391287e+19 -2.3660759e+19 2.8849021e+19 -2.8739785e+19 2.4637006e+19 -1.8574398e+19 1.2442152e+19 -7.4383922e+18 3.9731466e+18 -1.8935648e+18 8.0251052e+17 -3.0082781e+17 9.8991445e+16 -2.8303383e+16 6.9350042e+15 -1.4290421e+15 2.4117273e+14 -3.2052868e+13 3.1500471e+12 -2.0380312e+11 6.5209394e+09  -2.978322  -2.554047   -2.21205   -1.93836  -1.720871  -1.549223  -1.414656  -1.309842  -1.228718  -1.166316  -1.118601  -1.082329  -1.054913  -1.034304  -1.018895  -1.007435  -0.998954  -0.992709  -0.988132  -0.984792  -0.982365  -0.980606  -0.979335  -0.978415  -0.977745   -0.97725  -0.976872  -0.976566
         0 1.3391287e+19 -2.3660759e+19 2.8849021e+19 -2.8739785e+19 2.4637006e+19 -1.8574398e+19 1.2442152e+19 -7.4383922e+18 3.9731466e+18 -1.8935648e+18 8.0251052e+17 -3.0082781e+17 9.8991445e+16 -2.8303383e+16 6.9350042e+15 -1.4290421e+15 2.4117273e+14 -3.2052868e+13 3.1500471e+12 -2.0380312e+11 6.5209394e+09  -2.764309  -2.338616  -1.995476  -1.720871  -1.502655  -1.330433  -1.195416  -1.090252  -1.008857  -0.946246  -0.898372  -0.861979  -0.834471  -0.813793  -0.798333  -0.786834  -0.778325  -0.772059  -0.767466  -0.764115   -0.76168  -0.759916   -0.75864  -0.757717  -0.757045  -0.756548  -0.756169  -0.755861
         0 1.3391287e+19 -2.3660759e+19 2.8849021e+19 -2.8739785e+19 2.4637006e+19 -1.8574398e+19 1.2442152e+19 -7.4383922e+18 3.9731466e+18 -1.8935648e+18 8.0251052e+17 -3.0082781e+17 9.8991445e+16 -2.8303383e+16 6.9350042e+15 -1.4290421e+15 2.4117273e+14 -3.2052868e+13 3.1500471e+12 -2.0380312e+11 6.5209394e+09  -2.595405  -2.168592   -1.82455  -1.549223  -1.330433  -1.157759  -1.022387  -0.916946  -0.835337  -0.772561  -0.724561  -0.688073  -0.660492   -0.63976  -0.624259   -0.61273  -0.604199  -0.597916  -0.593312  -0.589952   -0.58751  -0.585741  -0.584462  -0.583537  -0.582863  -0.582365  -0.581985  -0.581676
         0 1.3391287e+19 -2.3660759e+19 2.8849021e+19 -2.8739785e+19 2.4637006e+19 -1.8574398e+19 1.2442152e+19 -7.4383922e+18 3.9731466e+18 -1.8935648e+18 8.0251052e+17 -3.0082781e+17 9.8991445e+16 -2.8303383e+16 6.9350042e+15 -1.4290421e+15 2.4117273e+14 -3.2052868e+13 3.1500471e+12 -2.0380312e+11 6.5209394e+09  -2.462989  -2.035298  -1.690549  -1.414656  -1.195416  -1.022387  -0.886736  -0.781079  -0.699302  -0.636397  -0.588298  -0.551735  -0.524098  -0.503323   -0.48779  -0.476237  -0.467688  -0.461393  -0.456779  -0.453412  -0.450965  -0.449193  -0.447911  -0.446984  -0.446309   -0.44581  -0.445428   -0.44512
         0 1.3391287e+19 -2.3660759e+19 2.8849021e+19 -2.8739785e+19 2.4637006e+19 -1.8574398e+19 1.2442152e+19 -7.4383922e+18 3.9731466e+18 -1.8935648e+18 8.0251052e+17 -3.0082781e+17 9.8991445e+16 -2.8303383e+16 6.9350042e+15 -1.4290421e+15 2.4117273e+14 -3.2052868e+13 3.1500471e+12 -2.0380312e+11 6.5209394e+09   -2.35985  -1.931477  -1.586176  -1.309842  -1.090252  -0.916946  -0.781079  -0.675252  -0.593345   -0.53034  -0.482164  -0.445542  -0.417861  -0.397052  -0.381495  -0.369924  -0.361361  -0.355056  -0.350434  -0.347062  -0.344611  -0.342836  -0.341552  -0.340623  -0.339947  -0.339448  -0.339066  -0.338756
         0 1.3391287e+19 -2.3660759e+19 2.8849021e+19 -2.8739785e+19 2.4637006e+19 -1.8574398e+19 1.2442152e+19 -7.4383922e+18 3.9731466e+18 -1.8935648e+18 8.0251052e+17 -3.0082781e+17 9.8991445e+16 -2.8303383e+16 6.9350042e+15 -1.4290421e+15 2.4117273e+14 -3.2052868e+13 3.1500471e+12 -2.0380312e+11 6.5209394e+09  -2.280023   -1.85112  -1.505393  -1.228718  -1.008857  -0.835337  -0.699302  -0.593345  -0.511336  -0.448253  -0.400018  -0.363351  -0.335635  -0.314801  -0.299225  -0.287639  -0.279066  -0.272753  -0.268126  -0.264749  -0.262296  -0.260518  -0.259233  -0.258303  -0.257626  -0.257125  -0.256743  -0.256433
         0 1.3391287e+19 -2.3660759e+19 2.8849021e+19 -2.8739785e+19 2.4637006e+19 -1.8574398e+19 1.2442152e+19 -7.4383922e+18 3.9731466e+18 -1.8935648e+18 8.0251052e+17 -3.0082781e+17 9.8991445e+16 -2.8303383e+16 6.9350042e+15 -1.4290421e+15 2.4117273e+14 -3.2052868e+13 3.1500471e+12 -2.0380312e+11 6.5209394e+09  -2.218618  -1.789308  -1.443253  -1.166316  -0.946246  -0.772561  -0.636397   -0.53034  -0.448253   -0.38511  -0.336829  -0.300127  -0.272385  -0.251532   -0.23594  -0.224344  -0.215762  -0.209443  -0.204812  -0.201432  -0.198976  -0.197197   -0.19591  -0.194979  -0.194302  -0.193801  -0.193418  -0.193108
         0 1.3391287e+19 -2.3660759e+19 2.8849021e+19 -2.8739785e+19 2.4637006e+19 -1.8574398e+19 1.2442152e+19 -7.4383922e+18 3.9731466e+18 -1.8935648e+18 8.0251052e+17 -3.0082781e+17 9.8991445e+16 -2.8303383e+16 6.9350042e+15 -1.4290421e+15 2.4117273e+14 -3.2052868e+13 3.1500471e+12 -2.0380312e+11 6.5209394e+09  -2.171666  -1.742045  -1.395739  -1.118601  -0.898372  -0.724561  -0.588298  -0.482164  -0.400018  -0.336829  -0.288513  -0.251785  -0.224023  -0.203154  -0.187551  -0.175946  -0.167359  -0.161035    -0.1564  -0.153018   -0.15056   -0.14878  -0.147492  -0.146561  -0.145883  -0.145381  -0.144999  -0.144688
         0 1.3391287e+19 -2.3660759e+19 2.8849021e+19 -2.8739785e+19 2.4637006e+19 -1.8574398e+19 1.2442152e+19 -7.4383922e+18 3.9731466e+18 -1.8935648e+18 8.0251052e+17 -3.0082781e+17 9.8991445e+16 -2.8303383e+16 6.9350042e+15 -1.4290421e+15 2.4117273e+14 -3.2052868e+13 3.1500471e+12 -2.0380312e+11 6.5209394e+09  -2.135974  -1.706117   -1.35962  -1.082329  -0.861979  -0.688073  -0.551735  -0.445542  -0.363351  -0.300127  -0.251785  -0.215036  -0.187259  -0.166378  -0.150767  -0.139156  -0.130564  -0.124236  -0.119599  -0.116215  -0.113756  -0.111974  -0.110686  -0.109754  -0.109076  -0.108574  -0.108191   -0.10788
         0 1.3391287e+19 -2.3660759e+19 2.8849021e+19 -2.8739785e+19 2.4637006e+19 -1.8574398e+19 1.2442152e+19 -7.4383922e+18 3.9731466e+18 -1.8935648e+18 8.0251052e+17 -3.0082781e+17 9.8991445e+16 -2.8303383e+16 6.9350042e+15 -1.4290421e+15 2.4117273e+14 -3.2052868e+13 3.1500471e+12 -2.0380312e+11 6.5209394e+09  -2.108996   -1.67896  -1.332319  -1.054913  -0.834471  -0.660492  -0.524098  -0.417861  -0.335635  -0.272385  -0.224023  -0.187259   -0.15947  -0.138581  -0.122963  -0.111347  -0.102751  -0.096421  -0.091782  -0.088397  -0.085936  -0.084154  -0.082865  -0.081933  -0.081254  -0.080752  -0.080369  -0.080059
         0 1.3391287e+19 -2.3660759e+19 2.8849021e+19 -2.8739785e+19 2.4637006e+19 -1.8574398e+19 1.2442152e+19 -7.4383922e+18 3.9731466e+18 -1.8935648e+18 8.0251052e+17 -3.0082781e+17 9.8991445e+16 -2.8303383e+16 6.9350042e+15 -1.4290421e+15 2.4117273e+14 -3.2052868e+13 3.1500471e+12 -2.0380312e+11 6.5209394e+09  -2.088716  -1.658546  -1.311797  -1.034304  -0.813793   -0.63976  -0.503323  -0.397052  -0.314801  -0.251532  -0.203154  -0.166378  -0.138581  -0.117686  -0.102063  -0.090443  -0.081845  -0.075513  -0.070872  -0.067486  -0.065025  -0.063242  -0.061953   -0.06102  -0.060341  -0.059839  -0.059456  -0.059145
         0 1.3391287e+19 -2.3660759e+19 2.8849021e+19 -2.8739785e+19 2.4637006e+19 -1.8574398e+19 1.2442152e+19 -7.4383922e+18 3.9731466e+18 -1.8935648e+18 8.0251052e+17 -3.0082781e+17 9.8991445e+16 -2.8303383e+16 6.9350042e+15 -1.4290421e+15 2.4117273e+14 -3.2052868e+13 3.1500471e+12 -2.0380312e+11 6.5209394e+09  -2.073554  -1.643283  -1.296453  -1.018895  -0.798333  -0.624259   -0.48779  -0.381495  -0.299225   -0.23594  -0.187551  -0.150767  -0.122963  -0.102063  -0.086436  -0.074814  -0.066213   -0.05988  -0.055238  -0.051851   -0.04939  -0.047606  -0.046317  -0.045384  -0.044705  -0.044203  -0.043819  -0.043509
         0 1.3391287e+19 -2.3660759e+19 2.8849021e+19 -2.8739785e+19 2.4637006e+19 -1.8574398e+19 1.2442152e+19 -7.4383922e+18 3.9731466e+18 -1.8935648e+18 8.0251052e+17 -3.0082781e+17 9.8991445e+16 -2.8303383e+16 6.9350042e+15 -1.4290421e+15 2.4117273e+14 -3.2052868e+13 3.1500471e+12 -2.0380312e+11 6.5209394e+09  -2.062277  -1.631931  -1.285041  -1.007435  -0.786834   -0.61273  -0.476237  -0.369924  -0.287639  -0.224344  -0.175946  -0.139156  -0.111347  -0.090443  -0.074814   -0.06319  -0.054587  -0.048253   -0.04361  -0.040223  -0.037761  -0.035977  -0.034687  -0.033754  -0.033075  -0.032573   -0.03219  -0.031879
         0 1.3391287e+19 -2.3660759e+19 2.8849021e+19 -2.8739785e+19 2.4637006e+19 -1.8574398e+19 1.2442152e+19 -7.4383922e+18 3.9731466e+18 -1.8935648e+18 8.0251052e+17 -3.0082781e+17 9.8991445e+16 -2.8303383e+16 6.9350042e+15 -1.4290421e+15 2.4117273e+14 -3.2052868e+13 3.1500471e+12 -2.0380312e+11 6.5209394e+09  -2.053932  -1.623531  -1.276596  -0.998954  -0.778325  -0.604199  -0.467688  -0.361361  -0.279066  -0.215762  -0.167359  -0.130564  -0.102751  -0.081845  -0.066213  -0.054587  -0.045984  -0.039649  -0.035006  -0.031618  -0.029155  -0.027372  -0.026082  -0.025148  -0.024469  -0.023967  -0.023583  -0.023273
         0 1.3391287e+19 -2.3660759e+19 2.8849021e+19 -2.8739785e+19 2.4637006e+19 -1.8574398e+19 1.2442152e+19 -7.4383922e+18 3.9731466e+18 -1.8935648e+18 8.0251052e+17 -3.0082781e+17 9.8991445e+16 -2.8303383e+16 6.9350042e+15 -1.4290421e+15 2.4117273e+14 -3.2052868e+13 3.1500471e+12 -2.0380312e+11 6.5209394e+09  -2.047786  -1.617345  -1.270377  -0.992709  -0.772059  -0.597916  -0.461393  -0.355056  -0.272753  -0.209443  -0.161035  -0.124236  -0.096421  -0.075513   -0.05988  -0.048253  -0.039649  -0.033313   -0.02867  -0.025281  -0.022819  -0.021035  -0.019745  -0.018811  -0.018132   -0.01763  -0.017246  -0.016935
         0 1.3391287e+19 -2.3660759e+19 2.8849021e+19 -2.8739785e+19 2.4637006e+19 -1.8574398e+19 1.2442152e+19 -7.4383922e+18 3.9731466e+18 -1.8935648e+18 8.0251052e+17 -3.0082781e+17 9.8991445e+16 -2.8303383e+16 6.9350042e+15 -1.4290421e+15 2.4117273e+14 -3.2052868e+13 3.1500471e+12 -2.0380312e+11 6.5209394e+09  -2.043282  -1.612811  -1.265819  -0.988132  -0.767466  -0.593312  -0.456779  -0.350434  -0.268126  -0.204812    -0.1564  -0.119599  -0.091782  -0.070872  -0.055238   -0.04361  -0.035006   -0.02867  -0.024026  -0.020637  -0.018174   -0.01639    -0.0151  -0.014167  -0.013487  -0.012985  -0.012601   -0.01229
         0 1.3391287e+19 -2.3660759e+19 2.8849021e+19 -2.8739785e+19 2.4637006e+19 -1.8574398e+19 1.2442152e+19 -7.4383922e+18 3.9731466e+18 -1.8935648e+18 8.0251052e+17 -3.0082781e+17 9.8991445e+16 -2.8303383e+16 6.9350042e+15 -1.4290421e+15 2.4117273e+14 -3.2052868e+13 3.1500471e+12 -2.0380312e+11 6.5209394e+09  -2.039996  -1.609502  -1.262493  -0.984792  -0.764115  -0.589952  -0.453412  -0.347062  -0.264749  -0.201432  -0.153018  -0.116215  -0.088397  -0.067486  -0.051851  -0.040223  -0.031618  -0.025281  -0.020637  -0.017248  -0.014785  -0.013001  -0.011711  -0.010777  -0.010098  -0.009596  -0.009212  -0.008901
         0 1.3391287e+19 -2.3660759e+19 2.8849021e+19 -2.8739785e+19 2.4637006e+19 -1.8574398e+19 1.2442152e+19 -7.4383922e+18 3.9731466e+18 -1.8935648e+18 8.0251052e+17 -3.0082781e+17 9.8991445e+16 -2.8303383e+16 6.9350042e+15 -1.4290421e+15 2.4117273e+14 -3.2052868e+13 3.1500471e+12 -2.0380312e+11 6.5209394e+09  -2.037607  -1.607098  -1.260076  -0.982365   -0.76168   -0.58751  -0.450965  -0.344611  -0.262296  -0.198976   -0.15056  -0.113756  -0.085936  -0.065025   -0.04939  -0.037761  -0.029155  -0.022819  -0.018174  -0.014785  -0.012322  -0.010538  -0.009248  -0.008314  -0.007635  -0.007132  -0.006749  -0.006438
         0 1.3391287e+19 -2.3660759e+19 2.8849021e+19 -2.8739785e+19 2.4637006e+19 -1.8574398e+19 1.2442152e+19 -7.4383922e+18 3.9731466e+18 -1.8935648e+18 8.0251052e+17 -3.0082781e+17 9.8991445e+16 -2.8303383e+16 6.9350042e+15 -1.4290421e+15 2.4117273e+14 -3.2052868e+13 3.1500471e+12 -2.0380312e+11 6.5209394e+09  -2.035877  -1.605356  -1.258325  -0.980606  -0.759916  -0.585741  -0.449193  -0.342836  -0.260518  -0.197197   -0.14878  -0.111974  -0.084154  -0.063242  -0.047606  -0.035977  -0.027372  -0.021035   -0.01639  -0.013001  -0.010538  -0.008754  -0.007463   -0.00653   -0.00585  -0.005348  -0.004964  -0.004653
         0 1.3391287e+19 -2.3660759e+19 2.8849021e+19 -2.8739785e+19 2.4637006e+19 -1.8574398e+19 1.2442152e+19 -7.4383922e+18 3.9731466e+18 -1.8935648e+18 8.0251052e+17 -3.0082781e+17 9.8991445e+16 -2.8303383e+16 6.9350042e+15 -1.4290421e+15 2.4117273e+14 -3.2052868e+13 3.1500471e+12 -2.0380312e+11 6.5209394e+09  -2.034626  -1.604097  -1.257059  -0.979335   -0.75864  -0.584462  -0.447911  -0.341552  -0.259233   -0.19591  -0.147492  -0.110686  -0.082865  -0.061953  -0.046317  -0.034687  -0.026082  -0.019745    -0.0151  -0.011711  -0.009248  -0.007463  -0.006173   -0.00524   -0.00456  -0.004058  -0.003674  -0.003363
         0 1.3391287e+19 -2.3660759e+19 2.8849021e+19 -2.8739785e+19 2.4637006e+19 -1.8574398e+19 1.2442152e+19 -7.4383922e+18 3.9731466e+18 -1.8935648e+18 8.0251052e+17 -3.0082781e+17 9.8991445e+16 -2.8303383e+16 6.9350042e+15 -1.4290421e+15 2.4117273e+14 -3.2052868e+13 3.1500471e+12 -2.0380312e+11 6.5209394e+09  -2.033721  -1.603186  -1.256143  -0.978415  -0.757717  -0.583537  -0.446984  -0.340623  -0.258303  -0.194979  -0.146561  -0.109754  -0.081933   -0.06102  -0.045384  -0.033754  -0.025148  -0.018811  -0.014167  -0.010777  -0.008314   -0.00653   -0.00524  -0.004306  -0.003627  -0.003124  -0.002741   -0.00243
         0 1.3391287e+19 -2.3660759e+19 2.8849021e+19 -2.8739785e+19 2.4637006e+19 -1.8574398e+19 1.2442152e+19 -7.4383922e+18 3.9731466e+18 -1.8935648e+18 8.0251052e+17 -3.0082781e+17 9.8991445e+16 -2.8303383e+16 6.9350042e+15 -1.4290421e+15 2.4117273e+14 -3.2052868e+13 3.1500471e+12 -2.0380312e+11 6.5209394e+09  -2.033062  -1.602522  -1.255476  -0.977745  -0.757045  -0.582863  -0.446309  -0.339947  -0.257626  -0.194302  -0.145883  -0.109076  -0.081254  -0.060341  -0.044705  -0.033075  -0.024469  -0.018132  -0.013487  -0.010098  -0.007635   -0.00585   -0.00456  -0.003627  -0.002947  -0.002445  -0.002061   -0.00175
         0 1.3391287e+19 -2.3660759e+19 2.8849021e+19 -2.8739785e+19 2.4637006e+19 -1.8574398e+19 1.2442152e+19 -7.4383922e+18 3.9731466e+18 -1.8935648e+18 8.0251052e+17 -3.0082781e+17 9.8991445e+16 -2.8303383e+16 6.9350042e+15 -1.4290421e+15 2.4117273e+14 -3.2052868e+13 3.1500471e+12 -2.0380312e+11 6.5209394e+09  -2.032575  -1.602032  -1.254983   -0.97725  -0.756548  -0.582365   -0.44581  -0.339448  -0.257125  -0.193801  -0.145381  -0.108574  -0.080752  -0.059839  -0.044203  -0.032573  -0.023967   -0.01763  -0.012985  -0.009596  -0.007132  -0.005348  -0.004058  -0.003124  -0.002445  -0.001942  -0.001559  -0.001248
         0 1.3391287e+19 -2.3660759e+19 2.8849021e+19 -2.8739785e+19 2.4637006e+19 -1.8574398e+19 1.2442152e+19 -7.4383922e+18 3.9731466e+18 -1.8935648e+18 8.0251052e+17 -3.0082781e+17 9.8991445e+16 -2.8303383e+16 6.9350042e+15 -1.4290421e+15 2.4117273e+14 -3.2052868e+13 3.1500471e+12 -2.0380312e+11 6.5209394e+09  -2.032202  -1.601658  -1.254606  -0.976872  -0.756169  -0.581985  -0.445428  -0.339066  -0.256743  -0.193418  -0.144999  -0.108191  -0.080369  -0.059456  -0.043819   -0.03219  -0.023583  -0.017246  -0.012601  -0.009212  -0.006749  -0.004964  -0.003674  -0.002741  -0.002061  -0.001559  -0.001175  -0.000864
         0 1.3391287e+19 -2.3660759e+19 2.8849021e+19 -2.8739785e+19 2.4637006e+19 -1.8574398e+19 1.2442152e+19 -7.4383922e+18 3.9731466e+18 -1.8935648e+18 8.0251052e+17 -3.0082781e+17 9.8991445e+16 -2.8303383e+16 6.9350042e+15 -1.4290421e+15 2.4117273e+14 -3.2052868e+13 3.1500471e+12 -2.0380312e+11 6.5209394e+09  -2.031901  -1.601354  -1.254301  -0.976566  -0.755861  -0.581676   -0.44512  -0.338756  -0.256433  -0.193108  -0.144688   -0.10788  -0.080059  -0.059145  -0.043509  -0.031879  -0.023273  -0.016935   -0.01229  -0.008901  -0.006438  -0.004653  -0.003363   -0.00243   -0.00175  -0.001248  -0.000864  -0.000553