         0          0          0          0          0          0          0          0          0          0          0          0          0          0          0          0          0          0          0          0          0          0          0          0          0          0          0          0          0          0          0          0          0          0          0          0          0          0          0          0          0          0          0          0          0          0          0          0          0          0
         0 1.9353706e+61 -3.463324e+61 4.3168384e+61 -4.4431361e+61 3.984296e+61 -3.1889741e+61 2.3083985e+61 -1.5235663e+61 9.2189985e+60 -5.1344704e+60 2.6399867e+60 -1.2561228e+60 5.5414504e+59 -2.270223e+59 8.6486349e+58 -3.0672467e+58 1.0136347e+58 -3.1238198e+57 8.9833628e+56 -2.4118927e+56 6.047894e+55 -1.4167183e+55 3.1006131e+54 -6.3400605e+53 1.211052e+53 -2.1604244e+52 3.5979522e+51 -5.5901912e+50 8.1035369e+49 -1.0891348e+49 1.4131954e+48 -1.2010328e+47 5.7553387e+46 3.8441906e+46 4.0347489e+46 4.0171725e+46 4.0186688e+46 4.0185515e+46 4.01856e+46 4.0185594e+46 4.0185594e+46 4.0185594e+46 4.0185594e+46 4.0185594e+46 4.0185594e+46 4.0185594e+46 4.0185594e+46 4.0185594e+46 4.0185594e+46
         0 -3.463324e+61 6.1959895e+61 -7.7196503e+61 7.9407479e+61 -7.1152299e+61 5.6895676e+61 -4.1139115e+61 2.7117255e+61 -1.6384442e+61 9.1102255e+60 -4.6756396e+60 2.2202158e+60 -9.7729448e+59 3.9941198e+59 -1.517603e+59 5.3668553e+58 -1.7681123e+58 5.4307681e+57 -1.5561193e+57 4.1616256e+56 -1.0391347e+56 2.4230524e+55 -5.2768276e+54 1.0732034e+54 -2.0380377e+53 3.6126269e+52 -5.9747736e+51 9.2126022e+50 -1.3244628e+50 1.7625171e+49 -2.2770522e+48 1.7772278e+47 -1.0347671e+47 -7.3609928e+46 -7.654547e+46 -7.6279075e+46 -7.6301336e+46 -7.6299628e+46 -7.6299748e+46 -7.6299741e+46 -7.6299741e+46 -7.6299741e+46 -7.6299741e+46 -7.6299741e+46 -7.6299741e+46 -7.6299741e+46 -7.6299741e+46 -7.6299741e+46 -7.6299741e+46
         0 4.3168384e+61 -7.7196503e+61 9.6111434e+61 -9.8765549e+61 8.8384409e+61 -7.0564181e+61 5.0927611e+61 -3.3497419e+61 2.0190027e+61 -1.1195517e+61 5.7283964e+60 -2.7109887e+60 1.1889325e+60 -4.8395508e+59 1.830798e+59 -6.4437432e+58 2.1119923e+58 -6.4509631e+57 1.8373436e+57 -4.8818291e+56 1.2104126e+56 -2.8010157e+55 6.0498092e+54 -1.2194487e+54 2.2933494e+53 -4.0223746e+52 6.5760306e+51 -1.0012005e+51 1.4198031e+50 -1.857954e+49 2.388912e+48 -1.5376632e+47 1.3204842e+47 1.0232598e+47 1.0517878e+47 1.0492676e+47 1.0494718e+47 1.0494567e+47 1.0494577e+47 1.0494577e+47 1.0494577e+47 1.0494577e+47 1.0494577e+47 1.0494577e+47 1.0494577e+47 1.0494577e+47 1.0494577e+47 1.0494577e+47 1.0494577e+47
         0 -4.4431361e+61 7.9407479e+61 -9.8765549e+61 1.0135127e+62 -9.0535546e+61 7.2122955e+61 -5.1917454e+61 3.404599e+61 -2.0450671e+61 1.1296641e+61 -5.7555538e+60 2.7110643e+60 -1.1828509e+60 4.7877688e+59 -1.8001505e+59 6.2939073e+58 -2.0480856e+58 6.2072328e+57 -1.7531015e+57 4.615795e+56 -1.1332446e+56 2.5946699e+55 -5.5398884e+54 1.1027901e+54 -2.045979e+53 3.5358398e+52 -5.6881556e+51 8.5083194e+50 -1.1838315e+50 1.5121628e+49 -1.9440608e+48 7.6915925e+46 -1.4435582e+47 -1.220116e+47 -1.2408662e+47 -1.2391002e+47 -1.2392374e+47 -1.2392277e+47 -1.2392283e+47 -1.2392283e+47 -1.2392283e+47 -1.2392283e+47 -1.2392283e+47 -1.2392283e+47 -1.2392283e+47 -1.2392283e+47 -1.2392283e+47 -1.2392283e+47 -1.2392283e+47
         0 3.984296e+61 -7.1152299e+61 8.8384409e+61 -9.0535546e+61 8.0687398e+61 -6.4096324e+61 4.5985541e+61 -3.0039706e+61 1.7965107e+61 -9.8748613e+60 5.0036853e+60 -2.3427123e+60 1.0153883e+60 -4.0803259e+59 1.5221386e+59 -5.2766573e+58 1.7012649e+58 -5.1048031e+57 1.4262422e+57 -3.7115781e+56 8.998089e+55 -2.0322395e+55 4.2753189e+54 -8.3751686e+53 1.5269869e+53 -2.589351e+52 4.0802946e+51 -5.9662127e+50 8.1030765e+49 -1.0015315e+49 1.3079304e+48 7.0647325e+45 1.4477425e+47 1.3138152e+47 1.3257383e+47 1.3247708e+47 1.324842e+47 1.3248373e+47 1.3248376e+47 1.3248376e+47 1.3248376e+47 1.3248376e+47 1.3248376e+47 1.3248376e+47 1.3248376e+47 1.3248376e+47 1.3248376e+47 1.3248376e+47 1.3248376e+47
         0 -3.1889741e+61 5.6895676e+61 -7.0564181e+61 7.2122955e+61 -6.4096324e+61 5.0741141e+61 -3.6255471e+61 2.3571997e+61 -1.4021647e+61 7.6609772e+60 -3.8559935e+60 1.7920889e+60 -7.7047405e+59 3.068913e+59 -1.133891e+59 3.8899948e+58 -1.2401083e+58 3.6759019e+57 -1.0135527e+57 2.6002614e+56 -6.2074375e+55 1.3787758e+55 -2.8486852e+54 5.47225e+53 -9.7672497e+52 1.6183597e+52 -2.4866821e+51 3.5363704e+50 -4.6657512e+49 5.5132596e+48 -7.614137e+47 -6.6762763e+46 -1.3733377e+47 -1.3077879e+47 -1.3133299e+47 -1.3129057e+47 -1.3129349e+47 -1.3129331e+47 -1.3129332e+47 -1.3129332e+47 -1.3129332e+47 -1.3129332e+47 -1.3129332e+47 -1.3129332e+47 -1.3129332e+47 -1.3129332e+47 -1.3129332e+47 -1.3129332e+47 -1.3129332e+47
         0 2.3083985e+61 -4.1139115e+61 5.0927611e+61 -5.1917454e+61 4.5985541e+61 -3.6255471e+61 2.5780271e+61 -1.6668019e+61 9.8521178e+60 -5.3446789e+60 2.6689304e+60 -1.2296207e+60 5.2361914e+59 -2.0639943e+59 7.539881e+58 -2.5550128e+58 8.0373188e+57 -2.3482824e+57 6.3747131e+56 -1.608098e+56 3.7696063e+55 -8.2095368e+54 1.6603572e+54 -3.1165407e+53 5.4245307e+52 -8.7453506e+51 1.3042855e+51 -1.7945803e+50 2.2907151e+49 -2.5349216e+48 4.0603361e+47 9.4436263e+46 1.2458296e+47 1.219317e+47 1.2214248e+47 1.2212743e+47 1.2212839e+47 1.2212833e+47 1.2212834e+47 1.2212834e+47 1.2212834e+47 1.2212834e+47 1.2212834e+47 1.2212834e+47 1.2212834e+47 1.2212834e+47 1.2212834e+47 1.2212834e+47 1.2212834e+47
         0 -1.5235663e+61 2.7117255e+61 -3.3497419e+61 3.404599e+61 -3.0039706e+61 2.3571997e+61 -1.6668019e+61 1.0707219e+61 -6.2825622e+60 3.3803017e+60 -1.6726364e+60 7.6288454e+59 -3.2129625e+59 1.2513053e+59 -4.5115469e+58 1.5072223e+58 -4.6688148e+57 1.3415624e+57 -3.5768463e+56 8.8490935e+55 -2.0311521e+55 4.3239023e+54 -8.5319215e+53 1.5591854e+53 -2.636083e+52 4.1172964e+51 -5.9323646e+50 7.8528048e+49 -9.6775438e+48 9.5843409e+47 -2.1564289e+47 -9.7446404e+46 -1.0824832e+47 -1.0735719e+47 -1.074231e+47 -1.0741876e+47 -1.0741901e+47 -1.07419e+47 -1.07419e+47 -1.07419e+47 -1.07419e+47 -1.07419e+47 -1.07419e+47 -1.07419e+47 -1.07419e+47 -1.07419e+47 -1.07419e+47 -1.07419e+47 -1.07419e+47
         0 9.2189985e+60 -1.6384442e+61 2.0190027e+61 -2.0450671e+61 1.7965107e+61 -1.4021647e+61 9.8521178e+60 -6.2825622e+60 3.6557646e+60 -1.9486692e+60 9.5428008e+59 -4.3029156e+59 1.7896236e+59 -6.8750251e+58 2.4421415e+58 -8.0280155e+57 2.4436605e+57 -6.890123e+56 1.7998273e+56 -4.3553464e+55 9.7605893e+54 -2.0247081e+54 3.8845822e+53 -6.8859453e+52 1.1262517e+52 -1.6966186e+51 2.3504014e+50 -2.9738183e+49 3.5506834e+48 -2.7587299e+47 1.2476169e+47 8.6733748e+46 8.9987665e+46 8.9738423e+46 8.9755365e+46 8.9754354e+46 8.9754406e+46 8.9754404e+46 8.9754404e+46 8.9754404e+46 8.9754404e+46 8.9754404e+46 8.9754404e+46 8.9754404e+46 8.9754404e+46 8.9754404e+46 8.9754404e+46 8.9754404e+46 8.9754404e+46
         0 -5.1344704e+60 9.1102255e+60 -1.1195517e+61 1.1296641e+61 -9.8748613e+60 7.6609772e+60 -5.3446789e+60 3.3803017e+60 -1.9486692e+60 1.0278887e+60 -4.9754011e+59 2.2148358e+59 -9.0830411e+58 3.4361893e+58 -1.20039e+58 3.8751803e+57 -1.1566501e+57 3.1927565e+56 -8.1506992e+55 1.9239674e+55 -4.1973529e+54 8.4569774e+53 -1.5720996e+53 2.6927375e+52 -4.2426747e+51 6.1352928e+50 -8.132527e+49 9.7494093e+48 -1.1507925e+48 3.5898934e+46 -8.1072642e+46 -7.0692984e+46 -7.1516339e+46 -7.1458467e+46 -7.1462031e+46 -7.1461841e+46 -7.146185e+46 -7.146185e+46 -7.146185e+46 -7.146185e+46 -7.146185e+46 -7.146185e+46 -7.146185e+46 -7.146185e+46 -7.146185e+46 -7.146185e+46 -7.146185e+46 -7.146185e+46 -7.146185e+46
         0 2.6399867e+60 -4.6756396e+60 5.7283964e+60 -5.7555538e+60 5.0036853e+60 -3.8559935e+60 2.6689304e+60 -1.6726364e+60 9.5428008e+59 -4.9754011e+59 2.3773606e+59 -1.0433219e+59 4.2123329e+58 -1.5666173e+58 5.3721976e+57 -1.6997227e+57 4.9637966e+56 -1.3382013e+56 3.3300558e+55 -7.6461283e+54 1.6188603e+54 -3.1575015e+53 5.6662009e+52 -9.3398302e+51 1.4112948e+51 -1.9491558e+50 2.4606559e+49 -2.7531883e+48 3.4449818e+47 2.7377531e+46 5.6564459e+46 5.4166382e+46 5.4340733e+46 5.432964e+46 5.4330249e+46 5.4330221e+46 5.4330222e+46 5.4330222e+46 5.4330222e+46 5.4330222e+46 5.4330222e+46 5.4330222e+46 5.4330222e+46 5.4330222e+46 5.4330222e+46 5.4330222e+46 5.4330222e+46 5.4330222e+46 5.4330222e+46
         0 -1.2561228e+60 2.2202158e+60 -2.7109887e+60 2.7110643e+60 -2.3427123e+60 1.7920889e+60 -1.2296207e+60 7.6288454e+59 -4.3029156e+59 2.2148358e+59 -1.0433219e+59 4.5073057e+58 -1.7887088e+58 6.5284892e+57 -2.1933835e+57 6.7872178e+56 -1.9349399e+56 5.0821151e+55 -1.2294314e+55 2.7378038e+54 -5.6073732e+53 1.0549936e+53 -1.820481e+52 2.8753138e+51 -4.1468824e+50 5.4387368e+49 -6.5176219e+48 6.5645261e+47 -1.0659962e+47 -3.3732523e+46 -3.9935833e+46 -3.9469194e+46 -3.9499861e+46 -3.9498127e+46 -3.9498209e+46 -3.9498206e+46 -3.9498206e+46 -3.9498206e+46 -3.9498206e+46 -3.9498206e+46 -3.9498206e+46 -3.9498206e+46 -3.9498206e+46 -3.9498206e+46 -3.9498206e+46 -3.9498206e+46 -3.9498206e+46 -3.9498206e+46 -3.9498206e+46
         0 5.5414504e+59 -9.7729448e+59 1.1889325e+60 -1.1828509e+60 1.0153883e+60 -7.7047405e+59 5.2361914e+59 -3.2129625e+59 1.7896236e+59 -9.0830411e+58 4.2123329e+58 -1.7887088e+58 6.965599e+57 -2.4904249e+57 8.1813258e+56 -2.4706324e+56 6.8595087e+55 -1.7507071e+55 4.1055452e+54 -8.8394506e+53 1.74536e+53 -3.1556547e+52 5.2142617e+51 -7.8542449e+50 1.0756362e+50 -1.3303644e+49 1.517044e+48 -1.2167858e+47 4.0778857e+46 2.6440325e+46 2.7557127e+46 2.7481208e+46 2.7485651e+46 2.7485431e+46 2.748544e+46 2.7485439e+46 2.7485439e+46 2.7485439e+46 2.7485439e+46 2.7485439e+46 2.7485439e+46 2.7485439e+46 2.7485439e+46 2.7485439e+46 2.7485439e+46 2.7485439e+46 2.7485439e+46 2.7485439e+46 2.7485439e+46
         0 -2.270223e+59 3.9941198e+59 -4.8395508e+59 4.7877688e+59 -4.0803259e+59 3.068913e+59 -2.0639943e+59 1.2513053e+59 -6.8750251e+58 3.4361893e+58 -1.5666173e+58 6.5284892e+57 -2.4904249e+57 8.7056835e+56 -2.7905835e+56 8.2052983e+55 -2.2131034e+55 5.4736119e+54 -1.2405646e+54 2.573873e+53 -4.8814972e+52 8.4468879e+51 -1.3304123e+51 1.9013328e+50 -2.4590691e+49 2.8395104e+48 -3.1576938e+47 9.1942155e+45 -2.0560218e+46 -1.8159558e+46 -1.8328285e+46 -1.8318118e+46 -1.8318629e+46 -1.8318609e+46 -1.831861e+46 -1.831861e+46 -1.831861e+46 -1.831861e+46 -1.831861e+46 -1.831861e+46 -1.831861e+46 -1.831861e+46 -1.831861e+46 -1.831861e+46 -1.831861e+46 -1.831861e+46 -1.831861e+46 -1.831861e+46 -1.831861e+46
         0 8.6486349e+58 -1.517603e+59 1.830798e+59 -1.8001505e+59 1.5221386e+59 -1.133891e+59 7.539881e+58 -4.5115469e+58 2.4421415e+58 -1.20039e+58 5.3721976e+57 -2.1933835e+57 8.1813258e+56 -2.7905835e+56 8.7090537e+55 -2.4873286e+55 6.4999e+54 -1.5533082e+54 3.3914493e+53 -6.7562928e+52 1.2258753e+52 -2.0210916e+51 3.0191213e+50 -4.0696878e+49 4.9444638e+48 -5.2242881e+47 6.3022277e+46 7.3594061e+45 1.2017138e+46 1.1677808e+46 1.1699067e+46 1.1697928e+46 1.1697984e+46 1.169798e+46 1.1697981e+46 1.169798e+46 1.169798e+46 1.169798e+46 1.169798e+46 1.169798e+46 1.169798e+46 1.169798e+46 1.169798e+46 1.169798e+46 1.169798e+46 1.169798e+46 1.169798e+46 1.169798e+46 1.169798e+46
         0 -3.0672467e+58 5.3668553e+58 -6.4437432e+58 6.2939073e+58 -5.2766573e+58 3.8899948e+58 -2.5550128e+58 1.5072223e+58 -8.0280155e+57 3.8751803e+57 -1.6997227e+57 6.7872178e+56 -2.4706324e+56 8.2052983e+55 -2.4873286e+55 6.8822951e+54 -1.7375272e+54 3.9993356e+53 -8.3824924e+52 1.5971701e+52 -2.7602878e+51 4.3145263e+50 -6.0786576e+49 7.6746252e+48 -8.7340606e+47 7.9392622e+46 -1.4753526e+46 -6.5801977e+45 -7.1962785e+45 -7.1566906e+45 -7.1587662e+45 -7.1586966e+45 -7.1586925e+45 -7.1586944e+45 -7.1586939e+45 -7.158694e+45 -7.158694e+45 -7.158694e+45 -7.158694e+45 -7.158694e+45 -7.158694e+45 -7.158694e+45 -7.158694e+45 -7.158694e+45 -7.158694e+45 -7.158694e+45 -7.158694e+45 -7.158694e+45 -7.158694e+45
         0 1.0136347e+58 -1.7681123e+58 2.1119923e+58 -2.0480856e+58 1.7012649e+58 -1.2401083e+58 8.0373188e+57 -4.6688148e+57 2.4436605e+57 -1.1566501e+57 4.9637966e+56 -1.9349399e+56 6.8595087e+55 -2.2131034e+55 6.4999e+54 -1.7375272e+54 4.2248356e+53 -9.334165e+52 1.8708863e+52 -3.3947128e+51 5.5609747e+50 -8.1947933e+49 1.08219e+49 -1.2678128e+48 1.3652768e+47 -7.8782345e+45 5.1552309e+45 4.1329641e+45 4.2020926e+45 4.197977e+45 4.1982413e+45 4.1982086e+45 4.1982162e+45 4.1982142e+45 4.1982147e+45 4.1982146e+45 4.1982146e+45 4.1982146e+45 4.1982146e+45 4.1982146e+45 4.1982146e+45 4.1982146e+45 4.1982146e+45 4.1982146e+45 4.1982146e+45 4.1982146e+45 4.1982146e+45 4.1982146e+45 4.1982146e+45
         0 -3.1238198e+57 5.4307681e+57 -6.4509631e+57 6.2072328e+57 -5.1048031e+57 3.6759019e+57 -2.3482824e+57 1.3415624e+57 -6.890123e+56 3.1927565e+56 -1.3382013e+56 5.0821151e+55 -1.7507071e+55 5.4736119e+54 -1.5533082e+54 3.9993356e+53 -9.334165e+52 1.9719911e+52 -3.7636764e+51 6.4721418e+50 -9.9942882e+49 1.3795679e+49 -1.6963788e+48 1.8131841e+47 -1.979089e+46 -9.2938621e+44 -2.4580051e+45 -2.3538052e+45 -2.3591622e+45 -2.3591488e+45 -2.3590713e+45 -2.3590974e+45 -2.3590899e+45 -2.3590919e+45 -2.3590914e+45 -2.3590915e+45 -2.3590915e+45 -2.3590915e+45 -2.3590915e+45 -2.3590915e+45 -2.3590915e+45 -2.3590915e+45 -2.3590915e+45 -2.3590915e+45 -2.3590915e+45 -2.3590915e+45 -2.3590915e+45 -2.3590915e+45 -2.3590915e+45
         0 8.9833628e+56 -1.5561193e+57 1.8373436e+57 -1.7531015e+57 1.4262422e+57 -1.0135527e+57 6.3747131e+56 -3.5768463e+56 1.7998273e+56 -8.1506992e+55 3.3300558e+55 -1.2294314e+55 4.1055452e+54 -1.2405646e+54 3.3914493e+53 -8.3824924e+52 1.8708863e+52 -3.7636764e+51 6.8074214e+50 -1.1033879e+50 1.5961786e+49 -2.0481227e+48 2.3332988e+47 -2.171908e+46 3.246688e+45 1.1218189e+45 1.2803908e+45 1.2688092e+45 1.2701039e+45 1.2698059e+45 1.2698949e+45 1.2698684e+45 1.2698759e+45 1.2698739e+45 1.2698744e+45 1.2698743e+45 1.2698743e+45 1.2698743e+45 1.2698743e+45 1.2698743e+45 1.2698743e+45 1.2698743e+45 1.2698743e+45 1.2698743e+45 1.2698743e+45 1.2698743e+45 1.2698743e+45 1.2698743e+45 1.2698743e+45
         0 -2.4118927e+56 4.1616256e+56 -4.8818291e+56 4.615795e+56 -3.7115781e+56 2.6002614e+56 -1.608098e+56 8.8490935e+55 -4.3553464e+55 1.9239674e+55 -7.6461283e+54 2.7378038e+54 -8.8394506e+53 2.573873e+53 -6.7562928e+52 1.5971701e+52 -3.3947128e+51 6.4721418e+50 -1.1033879e+50 1.6751107e+49 -2.2536796e+48 2.6594197e+47 -2.8142275e+46 1.7730813e+45 -8.2883701e+44 -6.4752071e+44 -6.5338641e+44 -6.551661e+44 -6.5434679e+44 -6.5462683e+44 -6.5453834e+44 -6.5456474e+44 -6.545573e+44 -6.5455928e+44 -6.5455878e+44 -6.545589e+44 -6.5455887e+44 -6.5455888e+44 -6.5455888e+44 -6.5455888e+44 -6.5455888e+44 -6.5455888e+44 -6.5455888e+44 -6.5455888e+44 -6.5455888e+44 -6.5455888e+44 -6.5455888e+44 -6.5455888e+44 -6.5455888e+44
         0 6.047894e+55 -1.0391347e+56 1.2104126e+56 -1.1332446e+56 8.998089e+55 -6.2074375e+55 3.7696063e+55 -2.0311521e+55 9.7605893e+54 -4.1973529e+54 1.6188603e+54 -5.6073732e+53 1.74536e+53 -4.8814972e+52 1.2258753e+52 -2.7602878e+51 5.5609747e+50 -9.9942882e+49 1.5961786e+49 -2.2536796e+48 2.800828e+47 -3.0013172e+46 3.2009349e+45 7.1196433e+43 3.4973118e+44 3.1736847e+44 3.2473481e+44 3.2228929e+44 3.2313476e+44 3.2285397e+44 3.2294248e+44 3.2291607e+44 3.2292351e+44 3.2292154e+44 3.2292203e+44 3.2292192e+44 3.2292194e+44 3.2292194e+44 3.2292194e+44 3.2292194e+44 3.2292194e+44 3.2292194e+44 3.2292194e+44 3.2292194e+44 3.2292194e+44 3.2292194e+44 3.2292194e+44 3.2292194e+44 3.2292194e+44
         0 -1.4167183e+55 2.4230524e+55 -2.8010157e+55 2.5946699e+55 -2.0322395e+55 1.3787758e+55 -8.2095368e+54 4.3239023e+54 -2.0247081e+54 8.4569774e+53 -3.1575015e+53 1.0549936e+53 -3.1556547e+52 8.4468879e+51 -2.0210916e+51 4.3145263e+50 -8.1947933e+49 1.3795679e+49 -2.0481227e+48 2.6594197e+47 -3.0013172e+46 2.6325326e+45 -3.2602866e+44 -1.6536344e+44 -1.4113809e+44 -1.5711883e+44 -1.5060874e+44 -1.5301936e+44 -1.5217492e+44 -1.524557e+44 -1.5236719e+44 -1.5239359e+44 -1.5238615e+44 -1.5238813e+44 -1.5238764e+44 -1.5238775e+44 -1.5238773e+44 -1.5238773e+44 -1.5238773e+44 -1.5238773e+44 -1.5238773e+44 -1.5238773e+44 -1.5238773e+44 -1.5238773e+44 -1.5238773e+44 -1.5238773e+44 -1.5238773e+44 -1.5238773e+44 -1.5238773e+44
         0 3.1006131e+54 -5.2768276e+54 6.0498092e+54 -5.5398884e+54 4.2753189e+54 -2.8486852e+54 1.6603572e+54 -8.5319215e+53 3.8845822e+53 -1.5720996e+53 5.6662009e+52 -1.820481e+52 5.2142617e+51 -1.3304123e+51 3.0191213e+50 -6.0786576e+49 1.08219e+49 -1.6963788e+48 2.3332988e+47 -2.8142275e+46 3.2009349e+45 -3.2602866e+44 1.5484343e+44 3.8118283e+43 8.0959121e+43 6.3966324e+43 7.051926e+43 6.8107314e+43 6.8951774e+43 6.8671002e+43 6.875951e+43 6.8733106e+43 6.8740545e+43 6.873857e+43 6.8739063e+43 6.8738948e+43 6.8738973e+43 6.8738968e+43 6.8738969e+43 6.8738969e+43 6.8738969e+43 6.8738969e+43 6.8738969e+43 6.8738969e+43 6.8738969e+43 6.8738969e+43 6.8738969e+43 6.8738969e+43 6.8738969e+43
         0 -6.3400605e+53 1.0732034e+54 -1.2194487e+54 1.1027901e+54 -8.3751686e+53 5.47225e+53 -3.1165407e+53 1.5591854e+53 -6.8859453e+52 2.6927375e+52 -9.3398302e+51 2.8753138e+51 -7.8542449e+50 1.9013328e+50 -4.0696878e+49 7.6746252e+48 -1.2678128e+48 1.8131841e+47 -2.171908e+46 1.7730813e+45 7.1196433e+43 -1.6536344e+44 3.8118283e+43 -5.9182135e+43 -1.7441436e+43 -3.4385788e+43 -2.7834409e+43 -3.0246323e+43 -2.9401863e+43 -2.9682635e+43 -2.9594127e+43 -2.9620531e+43 -2.9613092e+43 -2.9615067e+43 -2.9614574e+43 -2.9614689e+43 -2.9614664e+43 -2.9614669e+43 -2.9614668e+43 -2.9614668e+43 -2.9614668e+43 -2.9614668e+43 -2.9614668e+43 -2.9614668e+43 -2.9614668e+43 -2.9614668e+43 -2.9614668e+43 -2.9614668e+43 -2.9614668e+43
         0 1.211052e+53 -2.0380377e+53 2.2933494e+53 -2.045979e+53 1.5269869e+53 -9.7672497e+52 5.4245307e+52 -2.636083e+52 1.1262517e+52 -4.2426747e+51 1.4112948e+51 -4.1468824e+50 1.0756362e+50 -2.4590691e+49 4.9444638e+48 -8.7340606e+47 1.3652768e+47 -1.979089e+46 3.246688e+45 -8.2883701e+44 3.4973118e+44 -1.4113809e+44 8.0959121e+43 -1.7441436e+43 2.4349729e+43 7.4036897e+42 1.3955105e+43 1.1543192e+43 1.2387651e+43 1.2106879e+43 1.2195387e+43 1.2168983e+43 1.2176423e+43 1.2174447e+43 1.217494e+43 1.2174825e+43 1.217485e+43 1.2174845e+43 1.2174846e+43 1.2174846e+43 1.2174846e+43 1.2174846e+43 1.2174846e+43 1.2174846e+43 1.2174846e+43 1.2174846e+43 1.2174846e+43 1.2174846e+43 1.2174846e+43
         0 -2.1604244e+52 3.6126269e+52 -4.0223746e+52 3.5358398e+52 -2.589351e+52 1.6183597e+52 -8.7453506e+51 4.1172964e+51 -1.6966186e+51 6.1352928e+50 -1.9491558e+50 5.4387368e+49 -1.3303644e+49 2.8395104e+48 -5.2242881e+47 7.9392622e+46 -7.8782345e+45 -9.2938621e+44 1.1218189e+45 -6.4752071e+44 3.1736847e+44 -1.5711883e+44 6.3966324e+43 -3.4385788e+43 7.4036897e+42 -9.5423114e+42 -2.9908962e+42 -5.4028098e+42 -4.55835e+42 -4.8391221e+42 -4.7506143e+42 -4.7770187e+42 -4.7695789e+42 -4.7715543e+42 -4.7710613e+42 -4.7711766e+42 -4.7711514e+42 -4.7711565e+42 -4.7711556e+42 -4.7711557e+42 -4.7711557e+42 -4.7711557e+42 -4.7711557e+42 -4.7711557e+42 -4.7711557e+42 -4.7711557e+42 -4.7711557e+42 -4.7711557e+42 -4.7711557e+42
         0 3.5979522e+51 -5.9747736e+51 6.5760306e+51 -5.6881556e+51 4.0802946e+51 -2.4866821e+51 1.3042855e+51 -5.9323646e+50 2.3504014e+50 -8.132527e+49 2.4606559e+49 -6.5176219e+48 1.517044e+48 -3.1576938e+47 6.3022277e+46 -1.4753526e+46 5.1552309e+45 -2.4580051e+45 1.2803908e+45 -6.5338641e+44 3.2473481e+44 -1.5060874e+44 7.051926e+43 -2.7834409e+43 1.3955105e+43 -2.9908962e+42 3.560519e+42 1.1486054e+42 1.9930652e+42 1.7122931e+42 1.8008009e+42 1.7743965e+42 1.7818363e+42 1.7798609e+42 1.7803539e+42 1.7802386e+42 1.7802638e+42 1.7802587e+42 1.7802596e+42 1.7802595e+42 1.7802595e+42 1.7802595e+42 1.7802595e+42 1.7802595e+42 1.7802595e+42 1.7802595e+42 1.7802595e+42 1.7802595e+42 1.7802595e+42
         0 -5.5901912e+50 9.2126022e+50 -1.0012005e+51 8.5083194e+50 -5.9662127e+50 3.5363704e+50 -1.7945803e+50 7.8528048e+49 -2.9738183e+49 9.7494093e+48 -2.7531883e+48 6.5645261e+47 -1.2167858e+47 9.1942155e+45 7.3594061e+45 -6.5801977e+45 4.1329641e+45 -2.3538052e+45 1.2688092e+45 -6.551661e+44 3.2228929e+44 -1.5301936e+44 6.8107314e+43 -3.0246323e+43 1.1543192e+43 -5.4028098e+42 1.1486054e+42 -1.2633082e+42 -4.1884845e+41 -6.9962049e+41 -6.111127e+41 -6.375171e+41 -6.300773e+41 -6.320527e+41 -6.3155969e+41 -6.3167501e+41 -6.3164981e+41 -6.3165494e+41 -6.3165397e+41 -6.3165414e+41 -6.3165411e+41 -6.3165412e+41 -6.3165412e+41 -6.3165412e+41 -6.3165412e+41 -6.3165412e+41 -6.3165412e+41 -6.3165412e+41 -6.3165412e+41
         0 8.1035369e+49 -1.3244628e+50 1.4198031e+50 -1.1838315e+50 8.1030765e+49 -4.6657512e+49 2.2907151e+49 -9.6775438e+48 3.5506834e+48 -1.1507925e+48 3.4449818e+47 -1.0659962e+47 4.0778857e+46 -2.0560218e+46 1.2017138e+46 -7.1962785e+45 4.2020926e+45 -2.3591622e+45 1.2701039e+45 -6.5434679e+44 3.2313476e+44 -1.5217492e+44 6.8951774e+43 -2.9401863e+43 1.2387651e+43 -4.55835e+42 1.9930652e+42 -4.1884845e+41 4.2561133e+41 1.4483929e+41 2.3334708e+41 2.0694269e+41 2.1438248e+41 2.1240708e+41 2.1290009e+41 2.1278477e+41 2.1280997e+41 2.1280484e+41 2.1280581e+41 2.1280564e+41 2.1280567e+41 2.1280567e+41 2.1280567e+41 2.1280567e+41 2.1280567e+41 2.1280567e+41 2.1280567e+41 2.1280567e+41 2.1280567e+41
         0 -1.0891348e+49 1.7625171e+49 -1.857954e+49 1.5121628e+49 -1.0015315e+49 5.5132596e+48 -2.5349216e+48 9.5843409e+47 -2.7587299e+47 3.5898934e+46 2.7377531e+46 -3.3732523e+46 2.6440325e+46 -1.8159558e+46 1.1677808e+46 -7.1566906e+45 4.197977e+45 -2.3591488e+45 1.2698059e+45 -6.5462683e+44 3.2285397e+44 -1.524557e+44 6.8671002e+43 -2.9682635e+43 1.2106879e+43 -4.8391221e+42 1.7122931e+42 -6.9962049e+41 1.4483929e+41 -1.3593275e+41 -4.7424962e+40 -7.3829354e+40 -6.6389562e+40 -6.8364956e+40 -6.7871949e+40 -6.7987272e+40 -6.796207e+40 -6.7967197e+40 -6.796623e+40 -6.7966398e+40 -6.7966372e+40 -6.7966375e+40 -6.7966375e+40 -6.7966375e+40 -6.7966375e+40 -6.7966375e+40 -6.7966375e+40 -6.7966375e+40 -6.7966375e+40
         0 1.4131954e+48 -2.2770522e+48 2.388912e+48 -1.9440608e+48 1.3079304e+48 -7.614137e+47 4.0603361e+47 -2.1564289e+47 1.2476169e+47 -8.1072642e+46 5.6564459e+46 -3.9935833e+46 2.7557127e+46 -1.8328285e+46 1.1699067e+46 -7.1587662e+45 4.1982413e+45 -2.3590713e+45 1.2698949e+45 -6.5453834e+44 3.2294248e+44 -1.5236719e+44 6.875951e+43 -2.9594127e+43 1.2195387e+43 -4.7506143e+42 1.8008009e+42 -6.111127e+41 2.3334708e+41 -4.7424962e+40 4.1082825e+40 1.4678433e+40 2.2118225e+40 2.0142831e+40 2.0635838e+40 2.0520515e+40 2.0545717e+40 2.0540591e+40 2.0541557e+40 2.0541389e+40 2.0541416e+40 2.0541412e+40 2.0541413e+40 2.0541413e+40 2.0541413e+40 2.0541413e+40 2.0541413e+40 2.0541413e+40 2.0541413e+40
         0 -1.2010328e+47 1.7772278e+47 -1.5376632e+47 7.6915925e+46 7.0647325e+45 -6.6762763e+46 9.4436263e+46 -9.7446404e+46 8.6733748e+46 -7.0692984e+46 5.4166382e+46 -3.9469194e+46 2.7481208e+46 -1.8318118e+46 1.1697928e+46 -7.1586966e+45 4.1982086e+45 -2.3590974e+45 1.2698684e+45 -6.5456474e+44 3.2291607e+44 -1.5239359e+44 6.8733106e+43 -2.9620531e+43 1.2168983e+43 -4.7770187e+42 1.7743965e+42 -6.375171e+41 2.0694269e+41 -7.3829354e+40 1.4678433e+40 -1.1725958e+40 -4.2861663e+39 -6.2615605e+39 -5.7685535e+39 -5.8838766e+39 -5.8586745e+39 -5.8638009e+39 -5.8628344e+39 -5.8630025e+39 -5.8629757e+39 -5.8629796e+39 -5.8629791e+39 -5.8629791e+39 -5.8629791e+39 -5.8629791e+39 -5.8629791e+39 -5.8629791e+39 -5.8629791e+39
         0 5.7553387e+46 -1.0347671e+47 1.3204842e+47 -1.4435582e+47 1.4477425e+47 -1.3733377e+47 1.2458296e+47 -1.0824832e+47 8.9987665e+46 -7.1516339e+46 5.4340733e+46 -3.9499861e+46 2.7485651e+46 -1.8318629e+46 1.1697984e+46 -7.1586925e+45 4.1982162e+45 -2.3590899e+45 1.2698759e+45 -6.545573e+44 3.2292351e+44 -1.5238615e+44 6.8740545e+43 -2.9613092e+43 1.2176423e+43 -4.7695789e+42 1.7818363e+42 -6.300773e+41 2.1438248e+41 -6.6389562e+40 2.2118225e+40 -4.2861663e+39 3.1536257e+39 1.1782315e+39 1.6712384e+39 1.5559153e+39 1.5811174e+39 1.575991e+39 1.5769575e+39 1.5767895e+39 1.5768163e+39 1.5768124e+39 1.5768129e+39 1.5768128e+39 1.5768128e+39 1.5768128e+39 1.5768128e+39 1.5768128e+39 1.5768128e+39
         0 3.8441906e+46 -7.3609928e+46 1.0232598e+47 -1.220116e+47 1.3138152e+47 -1.3077879e+47 1.219317e+47 -1.0735719e+47 8.9738423e+46 -7.1458467e+46 5.432964e+46 -3.9498127e+46 2.7485431e+46 -1.8318609e+46 1.169798e+46 -7.1586944e+45 4.1982142e+45 -2.3590919e+45 1.2698739e+45 -6.5455928e+44 3.2292154e+44 -1.5238813e+44 6.873857e+43 -2.9615067e+43 1.2174447e+43 -4.7715543e+42 1.7798609e+42 -6.320527e+41 2.1240708e+41 -6.8364956e+40 2.0142831e+40 -6.2615605e+39 1.1782315e+39 -7.9716271e+38 -3.0415577e+38 -4.1947884e+38 -3.9427679e+38 -3.9940314e+38 -3.9843666e+38 -3.9860472e+38 -3.9857792e+38 -3.9858181e+38 -3.985813e+38 -3.9858136e+38 -3.9858135e+38 -3.9858135e+38 -3.9858135e+38 -3.9858135e+38 -3.9858135e+38
         0 4.0347489e+46 -7.654547e+46 1.0517878e+47 -1.2408662e+47 1.3257383e+47 -1.3133299e+47 1.2214248e+47 -1.074231e+47 8.9755365e+46 -7.1462031e+46 5.4330249e+46 -3.9498209e+46 2.748544e+46 -1.831861e+46 1.1697981e+46 -7.1586939e+45 4.1982147e+45 -2.3590914e+45 1.2698744e+45 -6.5455878e+44 3.2292203e+44 -1.5238764e+44 6.8739063e+43 -2.9614574e+43 1.217494e+43 -4.7710613e+42 1.7803539e+42 -6.3155969e+41 2.1290009e+41 -6.7871949e+40 2.0635838e+40 -5.7685535e+39 1.6712384e+39 -3.0415577e+38 1.8885117e+38 7.3528104e+37 9.8730151e+37 9.3603802e+37 9.4570283e+37 9.4402223e+37 9.4429023e+37 9.442513e+37 9.4425641e+37 9.4425581e+37 9.4425587e+37 9.4425587e+37 9.4425587e+37 9.4425587e+37 9.4425587e+37
         0 4.0171725e+46 -7.6279075e+46 1.0492676e+47 -1.2391002e+47 1.3247708e+47 -1.3129057e+47 1.2212743e+47 -1.0741876e+47 8.9754354e+46 -7.1461841e+46 5.4330221e+46 -3.9498206e+46 2.7485439e+46 -1.831861e+46 1.169798e+46 -7.158694e+45 4.1982146e+45 -2.3590915e+45 1.2698743e+45 -6.545589e+44 3.2292192e+44 -1.5238775e+44 6.8738948e+43 -2.9614689e+43 1.2174825e+43 -4.7711766e+42 1.7802386e+42 -6.3167501e+41 2.1278477e+41 -6.7987272e+40 2.0520515e+40 -5.8838766e+39 1.5559153e+39 -4.1947884e+38 7.3528104e+37 -4.1794967e+37 -1.6592919e+37 -2.1719268e+37 -2.0752788e+37 -2.0920847e+37 -2.0894047e+37 -2.089794e+37 -2.0897429e+37 -2.0897489e+37 -2.0897483e+37 -2.0897483e+37 -2.0897483e+37 -2.0897483e+37 -2.0897483e+37
         0 4.0186688e+46 -7.6301336e+46 1.0494718e+47 -1.2392374e+47 1.324842e+47 -1.3129349e+47 1.2212839e+47 -1.0741901e+47 8.9754406e+46 -7.146185e+46 5.4330222e+46 -3.9498206e+46 2.7485439e+46 -1.831861e+46 1.169798e+46 -7.158694e+45 4.1982146e+45 -2.3590915e+45 1.2698743e+45 -6.5455887e+44 3.2292194e+44 -1.5238773e+44 6.8738973e+43 -2.9614664e+43 1.217485e+43 -4.7711514e+42 1.7802638e+42 -6.3164981e+41 2.1280997e+41 -6.796207e+40 2.0545717e+40 -5.8586745e+39 1.5811174e+39 -3.9427679e+38 9.8730151e+37 -1.6592919e+37 8.6091277e+36 3.4827791e+36 4.4492595e+36 4.2812003e+36  4.308e+36 4.3041072e+36 4.3046181e+36 4.3045581e+36 4.3045644e+36 4.3045638e+36 4.3045639e+36 4.3045638e+36 4.3045638e+36
         0 4.0185515e+46 -7.6299628e+46 1.0494567e+47 -1.2392277e+47 1.3248373e+47 -1.3129331e+47 1.2212833e+47 -1.07419e+47 8.9754404e+46 -7.146185e+46 5.4330222e+46 -3.9498206e+46 2.7485439e+46 -1.831861e+46 1.169798e+46 -7.158694e+45 4.1982146e+45 -2.3590915e+45 1.2698743e+45 -6.5455888e+44 3.2292194e+44 -1.5238773e+44 6.8738968e+43 -2.9614669e+43 1.2174845e+43 -4.7711565e+42 1.7802587e+42 -6.3165494e+41 2.1280484e+41 -6.7967197e+40 2.0540591e+40 -5.8638009e+39 1.575991e+39 -3.9940314e+38 9.3603802e+37 -2.1719268e+37 3.4827791e+36 -1.6435696e+36 -6.7708918e+35 -8.4514832e+35 -8.1834862e+35 -8.2224141e+35 -8.217305e+35 -8.2179049e+35 -8.2178427e+35 -8.2178483e+35 -8.2178479e+35 -8.2178479e+35 -8.2178479e+35
         0 4.01856e+46 -7.6299748e+46 1.0494577e+47 -1.2392283e+47 1.3248376e+47 -1.3129332e+47 1.2212834e+47 -1.07419e+47 8.9754404e+46 -7.146185e+46 5.4330222e+46 -3.9498206e+46 2.7485439e+46 -1.831861e+46 1.169798e+46 -7.158694e+45 4.1982146e+45 -2.3590915e+45 1.2698743e+45 -6.5455888e+44 3.2292194e+44 -1.5238773e+44 6.8738969e+43 -2.9614668e+43 1.2174846e+43 -4.7711556e+42 1.7802596e+42 -6.3165397e+41 2.1280581e+41 -6.796623e+40 2.0541557e+40 -5.8628344e+39 1.5769575e+39 -3.9843666e+38 9.4570283e+37 -2.0752788e+37 4.4492595e+36 -6.7708918e+35 2.8939123e+35 1.2133209e+35 1.4813178e+35 1.44239e+35 1.447499e+35 1.4468991e+35 1.4469614e+35 1.4469557e+35 1.4469562e+35 1.4469561e+35 1.4469561e+35
         0 4.0185594e+46 -7.6299741e+46 1.0494577e+47 -1.2392283e+47 1.3248376e+47 -1.3129332e+47 1.2212834e+47 -1.07419e+47 8.9754404e+46 -7.146185e+46 5.4330222e+46 -3.9498206e+46 2.7485439e+46 -1.831861e+46 1.169798e+46 -7.158694e+45 4.1982146e+45 -2.3590915e+45 1.2698743e+45 -6.5455888e+44 3.2292194e+44 -1.5238773e+44 6.8738969e+43 -2.9614668e+43 1.2174846e+43 -4.7711557e+42 1.7802595e+42 -6.3165414e+41 2.1280564e+41 -6.7966398e+40 2.0541389e+40 -5.8630025e+39 1.5767895e+39 -3.9860472e+38 9.4402223e+37 -2.0920847e+37 4.2812003e+36 -8.4514832e+35 1.2133209e+35 -4.6727053e+34 -1.9927356e+34 -2.3820145e+34 -2.3309239e+34 -2.3369231e+34 -2.3363005e+34 -2.3363567e+34 -2.3363524e+34 -2.3363527e+34 -2.3363526e+34
         0 4.0185594e+46 -7.6299741e+46 1.0494577e+47 -1.2392283e+47 1.3248376e+47 -1.3129332e+47 1.2212834e+47 -1.07419e+47 8.9754404e+46 -7.146185e+46 5.4330222e+46 -3.9498206e+46 2.7485439e+46 -1.831861e+46 1.169798e+46 -7.158694e+45 4.1982146e+45 -2.3590915e+45 1.2698743e+45 -6.5455888e+44 3.2292194e+44 -1.5238773e+44 6.8738969e+43 -2.9614668e+43 1.2174846e+43 -4.7711557e+42 1.7802595e+42 -6.3165411e+41 2.1280567e+41 -6.7966372e+40 2.0541416e+40 -5.8629757e+39 1.5768163e+39 -3.9857792e+38 9.4429023e+37 -2.0894047e+37  4.308e+36 -8.1834862e+35 1.4813178e+35 -1.9927356e+34 6.8723408e+33 2.979552e+33 3.4904583e+33 3.4304659e+33 3.436692e+33 3.4361297e+33 3.436173e+33 3.4361703e+33 3.4361704e+33
         0 4.0185594e+46 -7.6299741e+46 1.0494577e+47 -1.2392283e+47 1.3248376e+47 -1.3129332e+47 1.2212834e+47 -1.07419e+47 8.9754404e+46 -7.146185e+46 5.4330222e+46 -3.9498206e+46 2.7485439e+46 -1.831861e+46 1.169798e+46 -7.158694e+45 4.1982146e+45 -2.3590915e+45 1.2698743e+45 -6.5455888e+44 3.2292194e+44 -1.5238773e+44 6.8738969e+43 -2.9614668e+43 1.2174846e+43 -4.7711557e+42 1.7802595e+42 -6.3165412e+41 2.1280567e+41 -6.7966375e+40 2.0541412e+40 -5.8629796e+39 1.5768124e+39 -3.9858181e+38 9.442513e+37 -2.089794e+37 4.3041072e+36 -8.2224141e+35 1.44239e+35 -2.3820145e+34 2.979552e+33 -9.1323688e+32 -4.0233058e+32 -4.6232297e+32 -4.5609681e+32 -4.5665911e+32 -4.5661581e+32 -4.5661857e+32 -4.5661843e+32
         0 4.0185594e+46 -7.6299741e+46 1.0494577e+47 -1.2392283e+47 1.3248376e+47 -1.3129332e+47 1.2212834e+47 -1.07419e+47 8.9754404e+46 -7.146185e+46 5.4330222e+46 -3.9498206e+46 2.7485439e+46 -1.831861e+46 1.169798e+46 -7.158694e+45 4.1982146e+45 -2.3590915e+45 1.2698743e+45 -6.5455888e+44 3.2292194e+44 -1.5238773e+44 6.8738969e+43 -2.9614668e+43 1.2174846e+43 -4.7711557e+42 1.7802595e+42 -6.3165412e+41 2.1280567e+41 -6.7966375e+40 2.0541413e+40 -5.8629791e+39 1.5768129e+39 -3.985813e+38 9.4425641e+37 -2.0897429e+37 4.3046181e+36 -8.217305e+35 1.447499e+35 -2.3309239e+34 3.4904583e+33 -4.0233058e+32 1.0857572e+32 4.8583326e+31 5.4809485e+31 5.4247191e+31 5.4290488e+31 5.4287724e+31 5.4287865e+31
         0 4.0185594e+46 -7.6299741e+46 1.0494577e+47 -1.2392283e+47 1.3248376e+47 -1.3129332e+47 1.2212834e+47 -1.07419e+47 8.9754404e+46 -7.146185e+46 5.4330222e+46 -3.9498206e+46 2.7485439e+46 -1.831861e+46 1.169798e+46 -7.158694e+45 4.1982146e+45 -2.3590915e+45 1.2698743e+45 -6.5455888e+44 3.2292194e+44 -1.5238773e+44 6.8738969e+43 -2.9614668e+43 1.2174846e+43 -4.7711557e+42 1.7802595e+42 -6.3165412e+41 2.1280567e+41 -6.7966375e+40 2.0541413e+40 -5.8629791e+39 1.5768128e+39 -3.9858136e+38 9.4425581e+37 -2.0897489e+37 4.3045581e+36 -8.2179049e+35 1.4468991e+35 -2.3369231e+34 3.4304659e+33 -4.6232297e+32 4.8583326e+31 -1.1409068e+31 -5.1829081e+30 -5.7452023e+30 -5.701905e+30 -5.7046692e+30 -5.7045288e+30
         0 4.0185594e+46 -7.6299741e+46 1.0494577e+47 -1.2392283e+47 1.3248376e+47 -1.3129332e+47 1.2212834e+47 -1.07419e+47 8.9754404e+46 -7.146185e+46 5.4330222e+46 -3.9498206e+46 2.7485439e+46 -1.831861e+46 1.169798e+46 -7.158694e+45 4.1982146e+45 -2.3590915e+45 1.2698743e+45 -6.5455888e+44 3.2292194e+44 -1.5238773e+44 6.8738969e+43 -2.9614668e+43 1.2174846e+43 -4.7711557e+42 1.7802595e+42 -6.3165412e+41 2.1280567e+41 -6.7966375e+40 2.0541413e+40 -5.8629791e+39 1.5768128e+39 -3.9858135e+38 9.4425587e+37 -2.0897483e+37 4.3045644e+36 -8.2178427e+35 1.4469614e+35 -2.3363005e+34 3.436692e+33 -4.5609681e+32 5.4809485e+31 -5.1829081e+30 1.0432516e+30 4.8095736e+29 5.2425471e+29 5.2149052e+29 5.2163088e+29
         0 4.0185594e+46 -7.6299741e+46 1.0494577e+47 -1.2392283e+47 1.3248376e+47 -1.3129332e+47 1.2212834e+47 -1.07419e+47 8.9754404e+46 -7.146185e+46 5.4330222e+46 -3.9498206e+46 2.7485439e+46 -1.831861e+46 1.169798e+46 -7.158694e+45 4.1982146e+45 -2.3590915e+45 1.2698743e+45 -6.5455888e+44 3.2292194e+44 -1.5238773e+44 6.8738969e+43 -2.9614668e+43 1.2174846e+43 -4.7711557e+42 1.7802595e+42 -6.3165412e+41 2.1280567e+41 -6.7966375e+40 2.0541413e+40 -5.8629791e+39 1.5768128e+39 -3.9858135e+38 9.4425587e+37 -2.0897483e+37 4.3045638e+36 -8.2178483e+35 1.4469557e+35 -2.3363567e+34 3.4361297e+33 -4.5665911e+32 5.4247191e+31 -5.7452023e+30 4.8095736e+29 -8.1336892e+28 -3.8039542e+28 -4.0803737e+28 -4.0663381e+28
         0 4.0185594e+46 -7.6299741e+46 1.0494577e+47 -1.2392283e+47 1.3248376e+47 -1.3129332e+47 1.2212834e+47 -1.07419e+47 8.9754404e+46 -7.146185e+46 5.4330222e+46 -3.9498206e+46 2.7485439e+46 -1.831861e+46 1.169798e+46 -7.158694e+45 4.1982146e+45 -2.3590915e+45 1.2698743e+45 -6.5455888e+44 3.2292194e+44 -1.5238773e+44 6.8738969e+43 -2.9614668e+43 1.2174846e+43 -4.7711557e+42 1.7802595e+42 -6.3165412e+41 2.1280567e+41 -6.7966375e+40 2.0541413e+40 -5.8629791e+39 1.5768128e+39 -3.9858135e+38 9.4425587e+37 -2.0897483e+37 4.3045639e+36 -8.2178479e+35 1.4469562e+35 -2.3363524e+34 3.436173e+33 -4.5661581e+32 5.4290488e+31 -5.701905e+30 5.2425471e+29 -3.8039542e+28 5.2578077e+27 2.4936124e+27 2.6339692e+27
         0 4.0185594e+46 -7.6299741e+46 1.0494577e+47 -1.2392283e+47 1.3248376e+47 -1.3129332e+47 1.2212834e+47 -1.07419e+47 8.9754404e+46 -7.146185e+46 5.4330222e+46 -3.9498206e+46 2.7485439e+46 -1.831861e+46 1.169798e+46 -7.158694e+45 4.1982146e+45 -2.3590915e+45 1.2698743e+45 -6.5455888e+44 3.2292194e+44 -1.5238773e+44 6.8738969e+43 -2.9614668e+43 1.2174846e+43 -4.7711557e+42 1.7802595e+42 -6.3165412e+41 2.1280567e+41 -6.7966375e+40 2.0541413e+40 -5.8629791e+39 1.5768128e+39 -3.9858135e+38 9.4425587e+37 -2.0897483e+37 4.3045638e+36 -8.2178479e+35 1.4469561e+35 -2.3363527e+34 3.4361703e+33 -4.5661857e+32 5.4287724e+31 -5.7046692e+30 5.2149052e+29 -4.0803737e+28 2.4936124e+27 -2.7058301e+26 -1.3022616e+26
         0 4.0185594e+46 -7.6299741e+46 1.0494577e+47 -1.2392283e+47 1.3248376e+47 -1.3129332e+47 1.2212834e+47 -1.07419e+47 8.9754404e+46 -7.146185e+46 5.4330222e+46 -3.9498206e+46 2.7485439e+46 -1.831861e+46 1.169798e+46 -7.158694e+45 4.1982146e+45 -2.3590915e+45 1.2698743e+45 -6.5455888e+44 3.2292194e+44 -1.5238773e+44 6.8738969e+43 -2.9614668e+43 1.2174846e+43 -4.7711557e+42 1.7802595e+42 -6.3165412e+41 2.1280567e+41 -6.7966375e+40 2.0541413e+40 -5.8629791e+39 1.5768128e+39 -3.9858135e+38 9.4425587e+37 -2.0897483e+37 4.3045638e+36 -8.2178479e+35 1.4469561e+35 -2.3363526e+34 3.4361704e+33 -4.5661843e+32 5.4287865e+31 -5.7045288e+30 5.2163088e+29 -4.0663381e+28 2.6339692e+27 -1.3022616e+26 1.01307e+25