         0          0          0          0          0          0          0          0          0          0          0          0          0          0          0          0          0          0          0          0          0          0          0          0          0          0          0          0          0          0          0          0          0          0          0          0          0          0          0          0          0          0          0          0          0          0          0          0          0          0
         0 3.1729675e+98 -5.9164706e+98 7.8967995e+98 -8.9422071e+98 9.0616138e+98 -8.4155344e+98 7.2547916e+98 -5.8503363e+98 4.435457e+98 -3.1726504e+98 2.1465872e+98 -1.376476e+98 8.3782717e+97 -4.8467637e+97 2.6675668e+97 -1.3980763e+97 6.9828393e+96 -3.3259129e+96 1.5115613e+96 -6.5585415e+95 2.7180792e+95 -1.0764067e+95 4.0749078e+94 -1.4751538e+94 5.1082302e+93 -1.6925379e+93 5.3672083e+92 -1.6292761e+92 4.7354184e+91 -1.3179775e+91 3.5131748e+90 -8.9696866e+89 2.1936726e+89 -5.139278e+88 1.153385e+88 -2.4796003e+87 5.1062782e+86 -1.0071857e+86 1.9026114e+85 -3.4416368e+84 5.9604467e+83 -9.8809922e+82 1.5675582e+82 -2.3791668e+81 3.453537e+80 -4.7926913e+79 6.3563299e+78 -8.0377186e+77 8.6374599e+76
         0 -5.9164706e+98 1.1031449e+99 -1.4722296e+99 1.6668848e+99 -1.688825e+99 1.5680534e+99 -1.3514061e+99 1.089445e+99 -8.2567292e+98 5.9036239e+98 -3.992577e+98 2.5589576e+98 -1.5567534e+98 9.000553e+97 -4.9506868e+97 2.5929515e+97 -1.2941638e+97 6.1594459e+96 -2.7971107e+96 1.2126161e+96 -5.0209848e+95 1.9865152e+95 -7.5127569e+94 2.7168238e+94 -9.3975163e+93 3.1101002e+93 -9.8503512e+92 2.9863321e+92 -8.6678932e+91 2.4090474e+91 -6.4119208e+90 1.6344967e+90 -3.9908241e+89 9.3334151e+88 -2.0908461e+88 4.4864008e+87 -9.2203258e+86 1.8148083e+86 -3.4205948e+85 6.1729747e+84 -1.0664241e+84 1.7632467e+83 -2.7895402e+82 4.2214359e+81 -6.1087173e+80 8.449549e+79 -1.1167127e+79 1.4068358e+78 -1.5070864e+77
         0 7.8967995e+98 -1.4722296e+99 1.9644585e+99 -2.2236525e+99 2.2522143e+99 -2.0903513e+99 1.8007246e+99 -1.4509059e+99 1.0989653e+99 -7.8524638e+98 5.3066575e+98 -3.3984455e+98 2.0656429e+98 -1.1931395e+98 6.5560489e+97 -3.4299947e+97 1.7099277e+97 -8.128046e+96 3.6861759e+96 -1.5957937e+96 6.5977159e+95 -2.6062207e+95 9.8400077e+94 -3.5521837e+94 1.226435e+94 -4.0509937e+93 1.2804163e+93 -3.8735096e+92 1.12176e+92 -3.1102993e+91 8.2577866e+90 -2.0995384e+90 5.1122171e+89 -1.1921579e+89 2.6625501e+88 -5.6949321e+87 1.166486e+87 -2.2878641e+86 4.2962106e+85 -7.7228134e+84 1.3286622e+84 -2.1872617e+83 3.4444129e+82 -5.1870571e+81 7.4672892e+80 -1.0272149e+80 1.3497064e+79 -1.6897872e+78 1.8009235e+77
         0 -8.9422071e+98 1.6668848e+99 -2.2236525e+99 2.5161852e+99 -2.5473849e+99 2.3630386e+99 -2.0343375e+99 1.6379343e+99 -1.2395954e+99 8.8490721e+98 -5.9740041e+98 3.8215012e+98 -2.3199274e+98 1.3382328e+98 -7.3427572e+97 3.835674e+97 -1.9090234e+97 9.0585381e+96 -4.1005181e+96 1.7716639e+96 -7.309541e+95 2.8810331e+95 -1.085226e+95 3.9079889e+94 -1.3457959e+94 4.4331708e+93 -1.3972097e+93 4.2141426e+92 -1.2165576e+92 3.3619709e+91 -8.894919e+90 2.2532667e+90 -5.4654806e+89 1.2694001e+89 -2.8230512e+88 6.0113349e+87 -1.2255263e+87 2.3918111e+86 -4.4680857e+85 7.9878256e+84 -1.3663244e+84 2.2355567e+83 -3.4977969e+82 5.2315658e+81 -7.4770209e+80 1.0206804e+80 -1.3302382e+79 1.6509091e+78 -1.7472036e+77
         0 9.0616138e+98 -1.688825e+99 2.2522143e+99 -2.5473849e+99 2.5775146e+99 -2.3893368e+99 2.0552981e+99 -1.6532508e+99 1.2498494e+99 -8.9116008e+98 6.0082542e+98 -3.8378301e+98 2.3261559e+98 -1.3395285e+98 7.3363137e+97 -3.8247286e+97 1.8995523e+97 -8.9932991e+96 4.0612452e+96 -1.7502442e+96 7.2017828e+95 -2.8305104e+95 1.0630052e+95 -3.815901e+94 1.3097218e+94 -4.2992757e+93 1.3500358e+93 -4.0561544e+92 1.1662042e+92 -3.2091038e+91 8.4525278e+90 -2.1311508e+90 5.1437981e+89 -1.1885005e+89 2.6287541e+88 -5.5655833e+87 1.1278247e+87 -2.1871944e+86 4.0586043e+85 -7.204794e+84 1.2232535e+84 -1.985809e+83 3.0813517e+82 -4.5683955e+81 6.4687371e+80 -8.7436472e+79 1.1276858e+79 -1.3838273e+78 1.4520005e+77
         0 -8.4155344e+98 1.5680534e+99 -2.0903513e+99 2.3630386e+99 -2.3893368e+99 2.2130274e+99 -1.9017375e+99 1.5279664e+99 -1.1536255e+99 8.2134859e+98 -5.5286223e+98 3.5251936e+98 -2.1325336e+98 1.2254608e+98 -6.6964646e+97 3.4827105e+97 -1.7252214e+97 8.1454665e+96 -3.6676216e+96 1.575708e+96 -6.4623485e+95 2.5310911e+95 -9.4708311e+94 3.3866779e+94 -1.1576876e+94 3.7840021e+93 -1.1829046e+93 3.5372681e+92 -1.0119836e+92 2.7702538e+91 -7.2568074e+90 1.8191851e+90 -4.3644001e+89 1.0020403e+89 -2.2016108e+88 4.6286811e+87 -9.3107823e+86 1.7916856e+86 -3.2976276e+85 5.8037041e+84 -9.7645802e+83 1.5700285e+83 -2.4116094e+82 3.5372766e+81 -4.9520834e+80 6.6133561e+79 -8.4211273e+78 1.0191519e+78 -1.0590734e+77
         0 7.2547916e+98 -1.3514061e+99 1.8007246e+99 -2.0343375e+99 2.0552981e+99 -1.9017375e+99 1.6323061e+99 -1.3097031e+99 9.8730768e+98 -7.0172033e+98 4.7143541e+98 -2.9996898e+98 1.8104898e+98 -1.0378258e+98 5.6560396e+97 -2.9332025e+97 1.4485783e+97 -6.8170856e+96 3.0588938e+96 -1.3093694e+96 5.3492229e+95 -2.0865402e+95 7.7736985e+94 -2.7671519e+94 9.4138098e+93 -3.0614833e+93 9.519718e+92 -2.8308629e+92 8.0515291e+91 -2.1905359e+91 5.7012226e+90 -1.4195469e+90 3.3814208e+89 -7.7055706e+88 1.6797292e+88 -3.5023481e+87 6.9840097e+86 -1.3316754e+86 2.4274157e+85 -4.228898e+84 7.0390201e+83 -1.1190312e+83 1.6983891e+82 -2.4597563e+81 3.3976374e+80 -4.4732006e+79 5.6107307e+78 -6.678639e+77 6.8734775e+76
         0 -5.8503363e+98 1.089445e+99 -1.4509059e+99 1.6379343e+99 -1.6532508e+99 1.5279664e+99 -1.3097031e+99 1.0492059e+99 -7.8952393e+98 5.6002798e+98 -3.7541211e+98 2.3829218e+98 -1.4344424e+98 8.1991807e+97 -4.4547333e+97 2.3025952e+97 -1.1331447e+97 5.3126333e+96 -2.3743298e+96 1.0120454e+96 -4.1160694e+95 1.5979497e+95 -5.9237317e+94 2.0975646e+94 -7.0964608e+93 2.2944428e+93 -7.0910155e+92 2.0951101e+92 -5.9187328e+91 1.5988779e+91 -4.1304036e+90 1.0204011e+90 -2.4107135e+89 5.4462222e+88 -1.1764746e+88 2.4296987e+87 -4.7965861e+86 9.0496265e+85 -1.6313103e+85 2.8087824e+84 -4.6176517e+83 7.245496e+82 -1.0845658e+82 1.5479384e+81 -2.105251e+80 2.7264236e+79 -3.3608711e+78 3.9232157e+77 -4.0076426e+76
         0 4.435457e+98 -8.2567292e+98 1.0989653e+99 -1.2395954e+99 1.2498494e+99 -1.1536255e+99 9.8730768e+98 -7.8952393e+98 5.9291278e+98 -4.1961582e+98 2.8058353e+98 -1.7761105e+98 1.0659659e+98 -6.0732814e+97 3.2882053e+97 -1.6932817e+97 8.2996506e+96 -3.8746598e+96 1.7238455e+96 -7.3126124e+95 2.9590297e+95 -1.1426135e+95 4.2118522e+94 -1.4825263e+94 4.9842684e+93 -1.6009128e+93 4.913403e+92 -1.4411557e+92 4.0401985e+91 -1.0826588e+91 2.7732907e+90 -6.7907187e+89 1.5894167e+89 -3.5557366e+88 7.6022409e+87 -1.5531238e+87 3.0313484e+86 -5.6509801e+85 1.0058687e+85 -1.7089809e+84 2.7703594e+83 -4.282887e+82 6.311163e+81 -8.8591901e+80 1.1838643e+80 -1.5047672e+79 1.8188711e+78 -2.0749963e+77 2.1185467e+76
         0 -3.1726504e+98 5.9036239e+98 -7.8524638e+98 8.8490721e+98 -8.9116008e+98 8.2134859e+98 -7.0172033e+98 5.6002798e+98 -4.1961582e+98 2.9621893e+98 -1.9751761e+98 1.2464601e+98 -7.4558585e+97 4.2325658e+97 -2.2826744e+97 1.1705666e+97 -5.7119437e+96 2.6539209e+96 -1.1747722e+96 4.9567444e+95 -1.9943735e+95 7.6550949e+94 -2.8039817e+94 9.8040943e+93 -3.2730803e+93 1.0435531e+93 -3.1780169e+92 9.2457044e+91 -2.5698511e+91 6.8247302e+90 -1.7317343e+90 4.1984297e+89 -9.7247046e+88 2.1518194e+88 -4.5479134e+87 9.1793726e+86 -1.7689071e+86 3.2535928e+85 -5.7100419e+84 9.5578528e+83 -1.5252e+83 2.319052e+82 -3.3577806e+81 4.6265598e+80 -6.0618563e+79 7.5450491e+78 -8.9231436e+77 9.9032244e+76 -1.0283121e+76
         0 2.1465872e+98 -3.992577e+98 5.3066575e+98 -5.9740041e+98 6.0082542e+98 -5.5286223e+98 4.7143541e+98 -3.7541211e+98 2.8058353e+98 -1.9751761e+98 1.3129611e+98 -8.2574694e+97 4.9210455e+97 -2.7824153e+97 1.4941239e+97 -7.6265364e+96 3.703103e+96 -1.711513e+96 7.5337839e+95 -3.1599273e+95 1.2634506e+95 -4.8174775e+94 1.7522788e+94 -6.0817833e+93 2.0146816e+93 -6.3711118e+92 1.9236474e+92 -5.5461029e+91 1.5269899e+91 -4.0150076e+90 1.0081775e+90 -2.4175111e+89 5.5353171e+88 -1.210045e+88 2.525037e+87 -5.0285434e+86 9.5544042e+85 -1.731438e+85 2.9914514e+84 -4.9252832e+83 7.7237483e+82 -1.1529603e+82 1.6371837e+81 -2.2097586e+80 2.8326881e+79 -3.4444844e+78 3.9777821e+77 -4.264035e+76 4.6888585e+75
         0 -1.376476e+98 2.5589576e+98 -3.3984455e+98 3.8215012e+98 -3.8378301e+98 3.5251936e+98 -2.9996898e+98 2.3829218e+98 -1.7761105e+98 1.2464601e+98 -8.2574694e+97 5.1739429e+97 -3.070913e+97 1.72871e+97 -9.2391043e+96 4.6920729e+96 -2.2659284e+96 1.0412374e+96 -4.5552798e+95 1.8982394e+95 -7.5377183e+94 2.8532534e+94 -1.0298859e+94 3.5457066e+93 -1.1646051e+93 3.6500218e+92 -1.0917258e+92 3.1165594e+91 -8.4919067e+90 2.2085586e+90 -5.4824381e+89 1.2988759e+89 -2.9365593e+88 6.3345315e+87 -1.3034684e+87 2.5578767e+86 -4.7853138e+85 8.5315063e+84 -1.4488741e+84 2.342613e+83 -3.6039484e+82 5.2719663e+81 -7.3274485e+80 9.6681335e+79 -1.209904e+79 1.4337412e+78 -1.6144508e+77 1.6486503e+76 -2.0982541e+75
         0 8.3782717e+97 -1.5567534e+98 2.0656429e+98 -2.3199274e+98 2.3261559e+98 -2.1325336e+98 1.8104898e+98 -1.4344424e+98 1.0659659e+98 -7.4558585e+97 4.9210455e+97 -3.070913e+97 1.8146464e+97 -1.0166396e+97 5.4054912e+96 -2.730036e+96 1.3106405e+96 -5.984854e+95 2.6008452e+95 -1.0761469e+95 4.2413365e+94 -1.5928016e+94 5.7013774e+93 -1.9456622e+93 6.3316243e+92 -1.9651422e+92 5.8177631e+91 -1.6429881e+91 4.4263236e+90 -1.1375668e+90 2.7887557e+89 -6.5207593e+88 1.4540289e+88 -3.091334e+87 6.2647568e+86 -1.2097916e+86 2.2253652e+85 -3.8974859e+84 6.4958822e+83 -1.0296914e+83 1.5513176e+82 -2.2196741e+81 3.013706e+80 -3.8788967e+79 4.7282152e+78 -5.4454258e+77 5.979208e+76 -5.6331499e+75 9.9010563e+74
         0 -4.8467637e+97 9.000553e+97 -1.1931395e+98 1.3382328e+98 -1.3395285e+98 1.2254608e+98 -1.0378258e+98 8.1991807e+97 -6.0732814e+97 4.2325658e+97 -2.7824153e+97 1.72871e+97 -1.0166396e+97 5.6661911e+96 -2.995956e+96 1.5040745e+96 -7.1747582e+95 3.2540093e+95 -1.4039011e+95 5.7644973e+94 -2.2535483e+94 8.3907572e+93 -2.9763887e+93 1.0060883e+93 -3.241332e+92 9.9543917e+91 -2.9144233e+91 8.1350493e+90 -2.1649119e+90 5.4925626e+89 -1.3283905e+89 3.062187e+88 -6.7268138e+87 1.4078338e+87 -2.8062403e+86 5.325621e+85 -9.61832e+84 1.652314e+84 -2.698347e+83 4.1862592e+82 -6.1652291e+81 8.6118203e+80 -1.1398438e+80 1.4279437e+79 -1.6915678e+78 1.887254e+77 -2.0290492e+76 1.6115699e+75 -5.310867e+74
         0 2.6675668e+97 -4.9506868e+97 6.5560489e+97 -7.3427572e+97 7.3363137e+97 -6.6964646e+97 5.6560396e+97 -4.4547333e+97 3.2882053e+97 -2.2826744e+97 1.4941239e+97 -9.2391043e+96 5.4054912e+96 -2.995956e+96 1.5745968e+96 -7.8542409e+95 3.720929e+95 -1.6752402e+95 7.1714999e+94 -2.9204289e+94 1.1317622e+94 -4.1752085e+93 1.4666769e+93 -4.9070504e+92 1.5639081e+92 -4.7485429e+91 1.3737282e+91 -3.7865567e+90 9.9444747e+89 -2.4881796e+89 5.9304869e+88 -1.3462649e+88 2.9100505e+87 -5.9878763e+86 1.1724449e+86 -2.1836104e+85 3.8663877e+84 -6.5047961e+83 1.0391394e+83 -1.5750682e+82 2.2632889e+81 -3.0801793e+80 3.965871e+79 -4.8245646e+78 5.541658e+77 -5.9622758e+76 6.3752443e+75 -2.9930528e+74 3.2972429e+74
         0 -1.3980763e+97 2.5929515e+97 -3.4299947e+97 3.835674e+97 -3.8247286e+97 3.4827105e+97 -2.9332025e+97 2.3025952e+97 -1.6932817e+97 1.1705666e+97 -7.6265364e+96 4.6920729e+96 -2.730036e+96 1.5040745e+96 -7.8542409e+95 3.8907883e+95 -1.8296909e+95 8.1731073e+94 -3.469688e+94 1.4004869e+94 -5.3766988e+93 1.9639781e+93 -6.8273733e+92 2.259203e+92 -7.1171722e+91 2.1347857e+91 -6.09702e+90 1.6580486e+90 -4.2930934e+89 1.0582562e+89 -2.483068e+88 5.5445769e+87 -1.1779003e+87 2.3799032e+86 -4.5713161e+85 8.3433994e+84 -1.4461684e+84 2.3789521e+83 -3.7112466e+82 5.4859625e+81 -7.6765736e+80 1.0157575e+80 -1.269398e+79 1.4958989e+78 -1.662606e+77 1.7109911e+76 -1.9086122e+75 -5.7974575e+73 -2.2542844e+74
         0 6.9828393e+96 -1.2941638e+97 1.7099277e+97 -1.9090234e+97 1.8995523e+97 -1.7252214e+97 1.4485783e+97 -1.1331447e+97 8.2996506e+96 -5.7119437e+96 3.703103e+96 -2.2659284e+96 1.3106405e+96 -7.1747582e+95 3.720929e+95 -1.8296909e+95 8.536723e+94 -3.7813804e+94 1.591018e+94 -6.3613863e+93 2.4178923e+93 -8.7389671e+92 3.0041757e+92 -9.8245466e+91 3.056878e+91 -9.0501406e+90 2.5494953e+90 -6.833785e+89 1.7427664e+89 -4.2279083e+88 9.7551151e+87 -2.1401519e+87 4.4629136e+86 -8.8426015e+85 1.6638832e+85 -2.9717031e+84 5.0344099e+83 -8.0841044e+82 1.2293907e+82 -1.7689162e+81 2.4055473e+80 -3.0879815e+79 3.7369228e+78 -4.2543278e+77 4.569697e+76 -4.4122252e+75 5.8575654e+74 1.1935189e+74 1.5972436e+74
         0 -3.3259129e+96 6.1594459e+96 -8.128046e+96 9.0585381e+96 -8.9932991e+96 8.1454665e+96 -6.8170856e+96 5.3126333e+96 -3.8746598e+96 2.6539209e+96 -1.711513e+96 1.0412374e+96 -5.984854e+95 3.2540093e+95 -1.6752402e+95 8.1731073e+94 -3.7813804e+94 1.6600491e+94 -6.9185287e+93 2.7384795e+93 -1.0298126e+93 3.6802895e+92 -1.2501915e+92 4.0374995e+91 -1.2397545e+91 3.6196601e+90 -1.0048605e+90 2.6522953e+89 -6.6552222e+88 1.5872593e+88 -3.5972462e+87 7.7444839e+86 -1.583241e+86 3.0720829e+85 -5.6547561e+84 9.8676825e+83 -1.6312496e+83 2.5525109e+82 -3.7769781e+81 5.2793802e+80 -6.96232e+79 8.6506714e+78 -1.0112518e+78 1.1086932e+77 -1.1528233e+76 9.8551126e+74 -2.1092282e+74 -1.0423102e+74 -1.1303096e+74
         0 1.5115613e+96 -2.7971107e+96 3.6861759e+96 -4.1005181e+96 4.0612452e+96 -3.6676216e+96 3.0588938e+96 -2.3743298e+96 1.7238455e+96 -1.1747722e+96 7.5337839e+95 -4.5552798e+95 2.6008452e+95 -1.4039011e+95 7.1714999e+94 -3.469688e+94 1.591018e+94 -6.9185287e+93 2.8544068e+93 -1.1177789e+93 4.156013e+92 -1.4675498e+92 4.9225537e+91 -1.5686647e+91 4.7494835e+90 -1.3663064e+90 3.7343771e+89 -9.6964553e+88 2.3914518e+88 -5.6009883e+87 1.2453541e+87 -2.6277578e+86 5.2595385e+85 -9.9804301e+84 1.7944062e+84 -3.0545732e+83 4.9190445e+82 -7.4869141e+81 1.075851e+81 -1.45781e+80 1.8601773e+79 -2.231588e+78 2.5136228e+77 -2.6424041e+76 2.6907057e+75 -1.6149555e+74 9.8986782e+73 7.6876293e+73 7.8606384e+73
         0 -6.5585415e+95 1.2126161e+96 -1.5957937e+96 1.7716639e+96 -1.7502442e+96 1.575708e+96 -1.3093694e+96 1.0120454e+96 -7.3126124e+95 4.9567444e+95 -3.1599273e+95 1.8982394e+95 -1.0761469e+95 5.7644973e+94 -2.9204289e+94 1.4004869e+94 -6.3613863e+93 2.7384795e+93 -1.1177789e+93 4.3277164e+92 -1.5898402e+92 5.5430047e+91 -1.8344716e+91 5.7636822e+90 -1.719232e+90 4.8686589e+89 -1.3088566e+89 3.3398104e+88 -8.0873914e+87 1.8579384e+87 -4.0479709e+86 8.3606377e+85 -1.6361137e+85 3.0317701e+84 -5.3159585e+83 8.8128543e+82 -1.3800575e+82 2.0392127e+81 -2.8398072e+80 3.7220371e+79 -4.5842772e+78 5.2958222e+77 -5.7339109e+76 5.7340211e+75 -5.9809362e+74 -5.7692904e+72 -5.7242102e+73 -5.3101171e+73 -5.3407052e+73
         0 2.7180792e+95 -5.0209848e+95 6.5977159e+95 -7.309541e+95 7.2017828e+95 -6.4623485e+95 5.3492229e+95 -4.1160694e+95 2.9590297e+95 -1.9943735e+95 1.2634506e+95 -7.5377183e+94 4.2413365e+94 -2.2535483e+94 1.1317622e+94 -5.3766988e+93 2.4178923e+93 -1.0298126e+93 4.156013e+92 -1.5898402e+92 5.766535e+91 -1.9836139e+91 6.4721154e+90 -2.0031778e+90 5.8814648e+89 -1.6380385e+89 4.3269893e+88 -1.0839043e+88 2.5741174e+87 -5.7936714e+86 1.2353452e+86 -2.4941087e+85 4.7651708e+84 -8.609496e+83 1.4698264e+83 -2.368888e+82 3.6004522e+81 -5.154468e+80 6.9411971e+79 -8.7787963e+78 1.0409839e+78 -1.1545478e+77 1.1997181e+76 -1.1182204e+75 1.386648e+74 2.6826446e+73 3.6034554e+73 3.5335869e+73 3.5384313e+73
         0 -1.0764067e+95 1.9865152e+95 -2.6062207e+95 2.8810331e+95 -2.8305104e+95 2.5310911e+95 -2.0865402e+95 1.5979497e+95 -1.1426135e+95 7.6550949e+94 -4.8174775e+94 2.8532534e+94 -1.5928016e+94 8.3907572e+93 -4.1752085e+93 1.9639781e+93 -8.7389671e+92 3.6802895e+92 -1.4675498e+92 5.5430047e+91 -1.9836139e+91 6.7268861e+90 -2.1620738e+90 6.5864369e+89 -1.9017261e+89 5.2038659e+88 -1.3493259e+88 3.3145141e+87 -7.7108246e+86 1.6982034e+86 -3.538983e+85 6.9745855e+84 -1.2990227e+84 2.2847195e+83 -3.7911762e+82 5.9291071e+81 -8.7289926e+80 1.208125e+80 -1.569518e+79 1.9105621e+78 -2.1751835e+77 2.3078251e+76 -2.3062787e+75 1.8657396e+74 -4.0609066e+73 -2.1461543e+73 -2.2948045e+73 -2.284226e+73 -2.2849093e+73
         0 4.0749078e+94 -7.5127569e+94 9.8400077e+94 -1.085226e+95 1.0630052e+95 -9.4708311e+94 7.7736985e+94 -5.9237317e+94 4.2118522e+94 -2.8039817e+94 1.7522788e+94 -1.0298859e+94 5.7013774e+93 -2.9763887e+93 1.4666769e+93 -6.8273733e+92 3.0041757e+92 -1.2501915e+92 4.9225537e+91 -1.8344716e+91 6.4721154e+90 -2.1620738e+90 6.8395181e+89 -2.0489007e+89 5.8121171e+88 -1.5610289e+88 3.968828e+87 -9.5491588e+86 2.1735e+86 -4.6778603e+85 9.5145417e+84 -1.827666e+84 3.3131488e+83 -5.6628378e+82 9.1165804e+81 -1.380783e+81 1.9648676e+80 -2.6229664e+79 3.2790787e+78 -3.8311386e+77 4.1758387e+76 -4.2159783e+75 4.1193931e+74 -2.0150711e+73 1.7139091e+73 1.4176313e+73 1.4392002e+73 1.4377709e+73 1.4378557e+73
         0 -1.4751538e+94 2.7168238e+94 -3.5521837e+94 3.9079889e+94 -3.815901e+94 3.3866779e+94 -2.7671519e+94 2.0975646e+94 -1.4825263e+94 9.8040943e+93 -6.0817833e+93 3.5457066e+93 -1.9456622e+93 1.0060883e+93 -4.9070504e+92 2.259203e+92 -9.8245466e+91 4.0374995e+91 -1.5686647e+91 5.7636822e+90 -2.0031778e+90 6.5864369e+89 -2.0489007e+89 6.0301e+88 -1.6788861e+88 4.4211594e+87 -1.1009269e+87 2.5914315e+86 -5.7635743e+85 1.2105553e+85 -2.3996189e+84 4.485801e+83 -7.9013155e+82 1.3100359e+82 -2.0421558e+81 2.9891051e+80 -4.1018827e+79 5.2682253e+78 -6.3202976e+77 7.0656269e+76 -7.3533809e+75 6.9868679e+74 -7.1769135e+73 -3.663828e+72 -9.2034354e+72 -8.7907693e+72 -8.8187502e+72 -8.8170459e+72 -8.8171336e+72
         0 5.1082302e+93 -9.3975163e+93 1.226435e+94 -1.3457959e+94 1.3097218e+94 -1.1576876e+94 9.4138098e+93 -7.0964608e+93 4.9842684e+93 -3.2730803e+93 2.0146816e+93 -1.1646051e+93 6.3316243e+92 -3.241332e+92 1.5639081e+92 -7.1171722e+91 3.056878e+91 -1.2397545e+91 4.7494835e+90 -1.719232e+90 5.8814648e+89 -1.9017261e+89 5.8121171e+88 -1.6788861e+88 4.5829901e+87 -1.1820082e+87 2.8793887e+86 -6.6223491e+85 1.4372635e+85 -2.941763e+84 5.6742759e+83 -1.030564e+83 1.7606455e+82 -2.8262218e+81 4.2570576e+80 -6.0080145e+79 7.9309847e+78 -9.7733711e+77 1.1218594e+77 -1.1957336e+76 1.1869154e+75 -1.0248318e+74 1.4303184e+73 4.5750831e+72 5.3168633e+72 5.2653851e+72 5.2686028e+72 5.2684304e+72 5.2684352e+72
         0 -1.6925379e+93 3.1101002e+93 -4.0509937e+93 4.4331708e+93 -4.2992757e+93 3.7840021e+93 -3.0614833e+93 2.2944428e+93 -1.6009128e+93 1.0435531e+93 -6.3711118e+92 3.6500218e+92 -1.9651422e+92 9.9543917e+91 -4.7485429e+91 2.1347857e+91 -9.0501406e+90 3.6196601e+90 -1.3663064e+90 4.8686589e+89 -1.6380385e+89 5.2038659e+88 -1.5610289e+88 4.4211594e+87 -1.1820082e+87 2.9822401e+86 -7.0980564e+85 1.592956e+85 -3.3688467e+84 6.7091401e+83 -1.2571889e+83 2.2144302e+82 -3.662389e+81 5.6799856e+80 -8.2483435e+79 1.1196582e+79 -1.417949e+78 1.6715287e+77 -1.8299315e+76 1.8509033e+75 -1.7639492e+74 1.1824459e+73 -4.2375964e+72 -2.9835315e+72 -3.0726173e+72 -3.0669074e+72 -3.0672273e+72 -3.0672161e+72 -3.0672144e+72
         0 5.3672083e+92 -9.8503512e+92 1.2804163e+93 -1.3972097e+93 1.3500358e+93 -1.1829046e+93 9.519718e+92 -7.0910155e+92 4.913403e+92 -3.1780169e+92 1.9236474e+92 -1.0917258e+92 5.8177631e+91 -2.9144233e+91 1.3737282e+91 -6.09702e+90 2.5494953e+90 -1.0048605e+90 3.7343771e+89 -1.3088566e+89 4.3269893e+88 -1.3493259e+88 3.968828e+87 -1.1009269e+87 2.8793887e+86 -7.0980564e+85 1.6484748e+85 -3.6048498e+84 7.4175527e+83 -1.4350052e+83 2.607687e+82 -4.4462011e+81 7.1039908e+80 -1.0620861e+80 1.483308e+79 -1.9314315e+78 2.3396312e+77 -2.6296131e+76 2.7366101e+75 -2.6051387e+74 2.4837191e+73 -1.2015169e+71 1.8758613e+72 1.7306728e+72 1.7402122e+72 1.7396558e+72 1.7396804e+72 1.7396819e+72 1.7396808e+72
         0 -1.6292761e+92 2.9863321e+92 -3.8735096e+92 4.2141426e+92 -4.0561544e+92 3.5372681e+92 -2.8308629e+92 2.0951101e+92 -1.4411557e+92 9.2457044e+91 -5.5461029e+91 3.1165594e+91 -1.6429881e+91 8.1350493e+90 -3.7865567e+90 1.6580486e+90 -6.833785e+89 2.6522953e+89 -9.6964553e+88 3.3398104e+88 -1.0839043e+88 3.3145141e+87 -9.5491588e+86 2.5914315e+86 -6.6223491e+85 1.592956e+85 -3.6048498e+84 7.6697627e+83 -1.5330308e+83 2.8760401e+82 -5.0587953e+81 8.3323022e+80 -1.283282e+80 1.8450017e+79 -2.4714949e+78 3.0779063e+77 -3.5546972e+76 3.794773e+75 -3.7447403e+74 3.2776472e+73 -3.7455529e+72 -7.523381e+71 -9.7531509e+71 -9.6031642e+71 -9.6121639e+71 -9.6117202e+71 -9.6117165e+71 -9.6117295e+71 -9.6117239e+71
         0 4.7354184e+91 -8.6678932e+91 1.12176e+92 -1.2165576e+92 1.1662042e+92 -1.0119836e+92 8.0515291e+91 -5.9187328e+91 4.0401985e+91 -2.5698511e+91 1.5269899e+91 -8.4919067e+90 4.4263236e+90 -2.1649119e+90 9.9444747e+89 -4.2930934e+89 1.7427664e+89 -6.6552222e+88 2.3914518e+88 -8.0873914e+87 2.5741174e+87 -7.7108246e+86 2.1735e+86 -5.7635743e+85 1.4372635e+85 -3.3688467e+84 7.4175527e+83 -1.5330308e+83 2.971429e+82 -5.3957113e+81 9.1678884e+80 -1.4554948e+80 2.1555624e+79 -2.9723372e+78 3.8078377e+77 -4.5206893e+76 4.9599772e+75 -5.005464e+74 4.6956632e+73 -3.4131466e+72 8.1936846e+71 4.9623974e+71 5.1852456e+71 5.171428e+71 5.1721919e+71 5.1721626e+71 5.1721566e+71 5.172161e+71 5.1721591e+71
         0 -1.3179775e+91 2.4090474e+91 -3.1102993e+91 3.3619709e+91 -3.2091038e+91 2.7702538e+91 -2.1905359e+91 1.5988779e+91 -1.0826588e+91 6.8247302e+90 -4.0150076e+90 2.2085586e+90 -1.1375668e+90 5.4925626e+89 -2.4881796e+89 1.0582562e+89 -4.2279083e+88 1.5872593e+88 -5.6009883e+87 1.8579384e+87 -5.7936714e+86 1.6982034e+86 -4.6778603e+85 1.2105553e+85 -2.941763e+84 6.7091401e+83 -1.4350052e+83 2.8760401e+82 -5.3957113e+81 9.4644469e+80 -1.5499911e+80 2.3661855e+79 -3.3608016e+78 4.4317427e+77 -5.4120923e+76 6.1029067e+75 -6.3370459e+74 5.9999279e+73 -5.5042459e+72 1.4137564e+71 -3.0031302e+71 -2.6916602e+71 -2.7112258e+71 -2.7101789e+71 -2.7102066e+71 -2.7102171e+71 -2.7102112e+71 -2.7102137e+71 -2.7102129e+71
         0 3.5131748e+90 -6.4119208e+90 8.2577866e+90 -8.894919e+90 8.4525278e+90 -7.2568074e+90 5.7012226e+90 -4.1304036e+90 2.7732907e+90 -1.7317343e+90 1.0081775e+90 -5.4824381e+89 2.7887557e+89 -1.3283905e+89 5.9304869e+88 -2.483068e+88 9.7551151e+87 -3.5972462e+87 1.2453541e+87 -4.0479709e+86 1.2353452e+86 -3.538983e+85 9.5145417e+84 -2.3996189e+84 5.6742759e+83 -1.2571889e+83 2.607687e+82 -5.0587953e+81 9.1678884e+80 -1.5499911e+80 2.4408245e+79 -3.5734768e+78 4.8536246e+77 -6.1008247e+76 7.0766451e+75 -7.5479901e+74 7.3925902e+73 -6.4394964e+72 6.7032396e+71 9.940692e+70 1.4082876e+71 1.3810309e+71 1.3827607e+71 1.382616e+71 1.3826406e+71 1.3826345e+71 1.382636e+71 1.3826357e+71 1.3826358e+71
         0 -8.9696866e+89 1.6344967e+90 -2.0995384e+90 2.2532667e+90 -2.1311508e+90 1.8191851e+90 -1.4195469e+90 1.0204011e+90 -6.7907187e+89 4.1984297e+89 -2.4175111e+89 1.2988759e+89 -6.5207593e+88 3.062187e+88 -1.3462649e+88 5.5445769e+87 -2.1401519e+87 7.7444839e+86 -2.6277578e+86 8.3606377e+85 -2.4941087e+85 6.9745855e+84 -1.827666e+84 4.485801e+83 -1.030564e+83 2.2144302e+82 -4.4462011e+81 8.3323022e+80 -1.4554948e+80 2.3661855e+79 -3.5734768e+78 5.0029002e+77 -6.4770929e+76 7.7326277e+75 -8.4854352e+74 8.5166537e+73 -7.8716706e+72 5.7854118e+71 -1.1685481e+71 -6.5511553e+70 -6.881438e+70 -6.8660182e+70 -6.8653085e+70 -6.8658957e+70 -6.8656723e+70 -6.8657501e+70 -6.8657243e+70 -6.8657323e+70 -6.8657302e+70
         0 2.1936726e+89 -3.9908241e+89 5.1122171e+89 -5.4654806e+89 5.1437981e+89 -4.3644001e+89 3.3814208e+89 -2.4107135e+89 1.5894167e+89 -9.7247046e+88 5.5353171e+88 -2.9365593e+88 1.4540289e+88 -6.7268138e+87 2.9100505e+87 -1.1779003e+87 4.4629136e+86 -1.583241e+86 5.2595385e+85 -1.6361137e+85 4.7651708e+84 -1.2990227e+84 3.3131488e+83 -7.9013155e+82 1.7606455e+82 -3.662389e+81 7.1039908e+80 -1.283282e+80 2.1555624e+79 -3.3608016e+78 4.8536246e+77 -6.4770929e+76 7.9646357e+75 -8.9945551e+74 9.2977535e+73 -8.7158964e+72 7.8015134e+71 -2.461655e+70 3.7334205e+70 3.2845183e+70 3.3225249e+70 3.3162621e+70 3.3181477e+70 3.3174931e+70 3.3177188e+70 3.3176429e+70 3.3176679e+70 3.3176598e+70 3.3176622e+70
         0 -5.139278e+88 9.3334151e+88 -1.1921579e+89 1.2694001e+89 -1.1885005e+89 1.0020403e+89 -7.7055706e+88 5.4462222e+88 -3.5557366e+88 2.1518194e+88 -1.210045e+88 6.3345315e+87 -3.091334e+87 1.4078338e+87 -5.9878763e+86 2.3799032e+86 -8.8426015e+85 3.0720829e+85 -9.9804301e+84 3.0317701e+84 -8.609496e+83 2.2847195e+83 -5.6628378e+82 1.3100359e+82 -2.8262218e+81 5.6799856e+80 -1.0620861e+80 1.8450017e+79 -2.9723372e+78 4.4317427e+77 -6.1008247e+76 7.7326277e+75 -8.9945551e+74 9.5622354e+73 -9.2664816e+72 7.924239e+71 -7.8163244e+70 -1.167256e+70 -1.564238e+70 -1.5673698e+70 -1.5561671e+70 -1.5609619e+70 -1.5591674e+70 -1.5598105e+70 -1.5595878e+70 -1.5596622e+70 -1.5596383e+70 -1.5596456e+70 -1.5596436e+70
         0 1.153385e+88 -2.0908461e+88 2.6625501e+88 -2.8230512e+88 2.6287541e+88 -2.2016108e+88 1.6797292e+88 -1.1764746e+88 7.6022409e+87 -4.5479134e+87 2.525037e+87 -1.3034684e+87 6.2647568e+86 -2.8062403e+86 1.1724449e+86 -4.5713161e+85 1.6638832e+85 -5.6547561e+84 1.7944062e+84 -5.3159585e+83 1.4698264e+83 -3.7911762e+82 9.1165804e+81 -2.0421558e+81 4.2570576e+80 -8.2483435e+79 1.483308e+79 -2.4714949e+78 3.8078377e+77 -5.4120923e+76 7.0766451e+75 -8.4854352e+74 9.2977535e+73 -9.2664816e+72 8.485591e+71 -6.3621842e+70 1.3383811e+70 6.2439787e+69 7.3826541e+69 7.0371544e+69 7.1664807e+69 7.1175197e+69 7.1355955e+69 7.1291207e+69 7.1313697e+69 7.130612e+69 7.1308597e+69 7.1307815e+69 7.1308037e+69
         0 -2.4796003e+87 4.4864008e+87 -5.6949321e+87 6.0113349e+87 -5.5655833e+87 4.6286811e+87 -3.5023481e+87 2.4296987e+87 -1.5531238e+87 9.1793726e+86 -5.0285434e+86 2.5578767e+86 -1.2097916e+86 5.325621e+85 -2.1836104e+85 8.3433994e+84 -2.9717031e+84 9.8676825e+83 -3.0545732e+83 8.8128543e+82 -2.368888e+82 5.9291071e+81 -1.380783e+81 2.9891051e+80 -6.0080145e+79 1.1196582e+79 -1.9314315e+78 3.0779063e+77 -4.5206893e+76 6.1029067e+75 -7.5479901e+74 8.5166537e+73 -8.7158964e+72 7.924239e+71 -6.3621842e+70 -1.3206436e+69 -2.1294925e+69 -3.7257477e+69 -2.9364255e+69 -3.2624694e+69 -3.1342003e+69 -3.1830507e+69 -3.1650123e+69 -3.1714679e+69 -3.1692304e+69 -3.1699808e+69 -3.1697377e+69 -3.1698133e+69 -3.1697922e+69
         0 5.1062782e+86 -9.2203258e+86 1.166486e+87 -1.2255263e+87 1.1278247e+87 -9.3107823e+86 6.9840097e+86 -4.7965861e+86 3.0313484e+86 -1.7689071e+86 9.5544042e+85 -4.7853138e+85 2.2253652e+85 -9.61832e+84 3.8663877e+84 -1.4461684e+84 5.0344099e+83 -1.6312496e+83 4.9190445e+82 -1.3800575e+82 3.6004522e+81 -8.7289926e+80 1.9648676e+80 -4.1018827e+79 7.9309847e+78 -1.417949e+78 2.3396312e+77 -3.5546972e+76 4.9599772e+75 -6.3370459e+74 7.3925902e+73 -7.8716706e+72 7.8015134e+71 -7.8163244e+70 1.3383811e+70 -2.1294925e+69 2.7583269e+69 7.9364159e+68 1.6038645e+69 1.2767355e+69 1.4050892e+69 1.3562141e+69 1.3742655e+69 1.3678021e+69 1.3700446e+69 1.3692911e+69 1.369536e+69 1.3694594e+69 1.3694809e+69
         0 -1.0071857e+86 1.8148083e+86 -2.2878641e+86 2.3918111e+86 -2.1871944e+86 1.7916856e+86 -1.3316754e+86 9.0496265e+85 -5.6509801e+85 3.2535928e+85 -1.731438e+85 8.5315063e+84 -3.8974859e+84 1.652314e+84 -6.5047961e+83 2.3789521e+83 -8.0841044e+82 2.5525109e+82 -7.4869141e+81 2.0392127e+81 -5.154468e+80 1.208125e+80 -2.6229664e+79 5.2682253e+78 -9.7733711e+77 1.6715287e+77 -2.6296131e+76 3.794773e+75 -5.005464e+74 5.9999279e+73 -6.4394964e+72 5.7854118e+71 -2.461655e+70 -1.167256e+70 6.2439787e+69 -3.7257477e+69 7.9364159e+68 -1.1496319e+69 -3.4051081e+68 -6.6757285e+68 -5.3923338e+68 -5.8810106e+68 -5.7005423e+68 -5.7651473e+68 -5.7427412e+68 -5.7502646e+68 -5.7478216e+68 -5.7485842e+68 -5.7483704e+68
         0 1.9026114e+85 -3.4205948e+85 4.2962106e+85 -4.4680857e+85 4.0586043e+85 -3.2976276e+85 2.4274157e+85 -1.6313103e+85 1.0058687e+85 -5.7100419e+84 2.9914514e+84 -1.4488741e+84 6.4958822e+83 -2.698347e+83 1.0391394e+83 -3.7112466e+82 1.2293907e+82 -3.7769781e+81 1.075851e+81 -2.8398072e+80 6.9411971e+79 -1.569518e+79 3.2790787e+78 -6.3202976e+77 1.1218594e+77 -1.8299315e+76 2.7366101e+75 -3.7447403e+74 4.6956632e+73 -5.5042459e+72 6.7032396e+71 -1.1685481e+71 3.7334205e+70 -1.564238e+70 7.3826541e+69 -2.9364255e+69 1.6038645e+69 -3.4051081e+68 4.6867134e+68 1.4160048e+68 2.6994388e+68 2.2107388e+68 2.3912221e+68 2.3266072e+68 2.3490196e+68 2.3414924e+68 2.3439375e+68 2.3431739e+68 2.3433881e+68
         0 -3.4416368e+84 6.1729747e+84 -7.7228134e+84 7.9878256e+84 -7.204794e+84 5.8037041e+84 -4.228898e+84 2.8087824e+84 -1.7089809e+84 9.5578528e+83 -4.9252832e+83 2.342613e+83 -1.0296914e+83 4.1862592e+82 -1.5750682e+82 5.4859625e+81 -1.7689162e+81 5.2793802e+80 -1.45781e+80 3.7220371e+79 -8.7787963e+78 1.9105621e+78 -3.8311386e+77 7.0656269e+76 -1.1957336e+76 1.8509033e+75 -2.6051387e+74 3.2776472e+73 -3.4131466e+72 1.4137564e+71 9.940692e+70 -6.5511553e+70 3.2845183e+70 -1.5673698e+70 7.0371544e+69 -3.2624694e+69 1.2767355e+69 -6.6757285e+68 1.4160048e+68 -1.8546757e+68 -5.7125479e+67 -1.0599474e+68 -8.7946883e+67 -9.4408059e+67 -9.2167015e+67 -9.2919622e+67 -9.2675167e+67 -9.2751504e+67 -9.2730098e+67
         0 5.9604467e+83 -1.0664241e+84 1.3286622e+84 -1.3663244e+84 1.2232535e+84 -9.7645802e+83 7.0390201e+83 -4.6176517e+83 2.7703594e+83 -1.5252e+83 7.7237483e+82 -3.6039484e+82 1.5513176e+82 -6.1652291e+81 2.2632889e+81 -7.6765736e+80 2.4055473e+80 -6.96232e+79 1.8601773e+79 -4.5842772e+78 1.0409839e+78 -2.1751835e+77 4.1758387e+76 -7.3533809e+75 1.1869154e+75 -1.7639492e+74 2.4837191e+73 -3.7455529e+72 8.1936846e+71 -3.0031302e+71 1.4082876e+71 -6.881438e+70 3.3225249e+70 -1.5561671e+70 7.1664807e+69 -3.1342003e+69 1.4050892e+69 -5.3923338e+68 2.6994388e+68 -5.7125479e+67 7.121713e+67 2.2347621e+67 4.039562e+67 3.3934353e+67 3.6175452e+67 3.5422815e+67 3.5667285e+67 3.5590941e+67 3.5612349e+67
         0 -9.8809922e+82 1.7632467e+83 -2.1872617e+83 2.2355567e+83 -1.985809e+83 1.5700285e+83 -1.1190312e+83 7.245496e+82 -4.282887e+82 2.319052e+82 -1.1529603e+82 5.2719663e+81 -2.2196741e+81 8.6118203e+80 -3.0801793e+80 1.0157575e+80 -3.0879815e+79 8.6506714e+78 -2.231588e+78 5.2958222e+77 -1.1545478e+77 2.3078251e+76 -4.2159783e+75 6.9868679e+74 -1.0248318e+74 1.1824459e+73 -1.2015169e+71 -7.523381e+71 4.9623974e+71 -2.6916602e+71 1.3810309e+71 -6.8660182e+70 3.3162621e+70 -1.5609619e+70 7.1175197e+69 -3.1830507e+69 1.3562141e+69 -5.8810106e+68 2.2107388e+68 -1.0599474e+68 2.2347621e+67 -2.6521789e+67 -8.4738367e+66 -1.4935078e+67 -1.2693993e+67 -1.3446623e+67 -1.3202156e+67 -1.3278499e+67 -1.3257092e+67
         0 1.5675582e+82 -2.7895402e+82 3.4444129e+82 -3.4977969e+82 3.0813517e+82 -2.4116094e+82 1.6983891e+82 -1.0845658e+82 6.311163e+81 -3.3577806e+81 1.6371837e+81 -7.3274485e+80 3.013706e+80 -1.1398438e+80 3.965871e+79 -1.269398e+79 3.7369228e+78 -1.0112518e+78 2.5136228e+77 -5.7339109e+76 1.1997181e+76 -2.3062787e+75 4.1193931e+74 -7.1769135e+73 1.4303184e+73 -4.2375964e+72 1.8758613e+72 -9.7531509e+71 5.1852456e+71 -2.7112258e+71 1.3827607e+71 -6.8653085e+70 3.3181477e+70 -1.5591674e+70 7.1355955e+69 -3.1650123e+69 1.3742655e+69 -5.7005423e+68 2.3912221e+68 -8.7946883e+67 4.039562e+67 -8.4738367e+66 9.574133e+66 3.1128838e+66 5.3539724e+66 4.6013408e+66 4.8458083e+66 4.7694656e+66 4.790873e+66
         0 -2.3791668e+81 4.2214359e+81 -5.1870571e+81 5.2315658e+81 -4.5683955e+81 3.5372766e+81 -2.4597563e+81 1.5479384e+81 -8.8591901e+80 4.6265598e+80 -2.2097586e+80 9.6681335e+79 -3.8788967e+79 1.4279437e+79 -4.8245646e+78 1.4958989e+78 -4.2543278e+77 1.1086932e+77 -2.6424041e+76 5.7340211e+75 -1.1182204e+75 1.8657396e+74 -2.0150711e+73 -3.663828e+72 4.5750831e+72 -2.9835315e+72 1.7306728e+72 -9.6031642e+71 5.171428e+71 -2.7101789e+71 1.382616e+71 -6.8658957e+70 3.3174931e+70 -1.5598105e+70 7.1291207e+69 -3.1714679e+69 1.3678021e+69 -5.7651473e+68 2.3266072e+68 -9.4408059e+67 3.3934353e+67 -1.4935078e+67 3.1128838e+66 -3.3483628e+66 -1.1072752e+66 -1.8599064e+66 -1.6154391e+66 -1.6917817e+66 -1.6703743e+66
         0 3.453537e+80 -6.1087173e+80 7.4672892e+80 -7.4770209e+80 6.4687371e+80 -4.9520834e+80 3.3976374e+80 -2.105251e+80 1.1838643e+80 -6.0618563e+79 2.8326881e+79 -1.209904e+79 4.7282152e+78 -1.6915678e+78 5.541658e+77 -1.662606e+77 4.569697e+76 -1.1528233e+76 2.6907057e+75 -5.9809362e+74 1.386648e+74 -4.0609066e+73 1.7139091e+73 -9.2034354e+72 5.3168633e+72 -3.0726173e+72 1.7402122e+72 -9.6121639e+71 5.1721919e+71 -2.7102066e+71 1.3826406e+71 -6.8656723e+70 3.3177188e+70 -1.5595878e+70 7.1313697e+69 -3.1692304e+69 1.3700446e+69 -5.7427412e+68 2.3490196e+68 -9.2167015e+67 3.6175452e+67 -1.2693993e+67 5.3539724e+66 -1.1072752e+66 1.1338127e+66 3.8118141e+65 6.2564876e+65 5.493061e+65 5.7071348e+65
         0 -4.7926913e+79 8.449549e+79 -1.0272149e+80 1.0206804e+80 -8.7436472e+79 6.6133561e+79 -4.4732006e+79 2.7264236e+79 -1.5047672e+79 7.5450491e+78 -3.4444844e+78 1.4337412e+78 -5.4454258e+77 1.887254e+77 -5.9622758e+76 1.7109911e+76 -4.4122252e+75 9.8551126e+74 -1.6149555e+74 -5.7692904e+72 2.6826446e+73 -2.1461543e+73 1.4176313e+73 -8.7907693e+72 5.2653851e+72 -3.0669074e+72 1.7396558e+72 -9.6117202e+71 5.1721626e+71 -2.7102171e+71 1.3826345e+71 -6.8657501e+70 3.3176429e+70 -1.5596622e+70 7.130612e+69 -3.1699808e+69 1.3692911e+69 -5.7502646e+68 2.3414924e+68 -9.2919622e+67 3.5422815e+67 -1.3446623e+67 4.6013408e+66 -1.8599064e+66 3.8118141e+65 -3.7144985e+65 -1.269825e+65 -2.0332516e+65 -1.8191779e+65
         0 6.3563299e+78 -1.1167127e+79 1.3497064e+79 -1.3302382e+79 1.1276858e+79 -8.4211273e+78 5.6107307e+78 -3.3608711e+78 1.8188711e+78 -8.9231436e+77 3.9777821e+77 -1.6144508e+77 5.979208e+76 -2.0290492e+76 6.3752443e+75 -1.9086122e+75 5.8575654e+74 -2.1092282e+74 9.8986782e+73 -5.7242102e+73 3.6034554e+73 -2.2948045e+73 1.4392002e+73 -8.8187502e+72 5.2686028e+72 -3.0672273e+72 1.7396804e+72 -9.6117165e+71 5.1721566e+71 -2.7102112e+71 1.382636e+71 -6.8657243e+70 3.3176679e+70 -1.5596383e+70 7.1308597e+69 -3.1697377e+69 1.369536e+69 -5.7478216e+68 2.3439375e+68 -9.2675167e+67 3.5667285e+67 -1.3202156e+67 4.8458083e+66 -1.6154391e+66 6.2564876e+65 -1.269825e+65 1.1748485e+65 4.1142186e+64 6.2549563e+64
         0 -8.0377186e+77 1.4068358e+78 -1.6897872e+78 1.6509091e+78 -1.3838273e+78 1.0191519e+78 -6.678639e+77 3.9232157e+77 -2.0749963e+77 9.9032244e+76 -4.264035e+76 1.6486503e+76 -5.6331499e+75 1.6115699e+75 -2.9930528e+74 -5.7974575e+73 1.1935189e+74 -1.0423102e+74 7.6876293e+73 -5.3101171e+73 3.5335869e+73 -2.284226e+73 1.4377709e+73 -8.8170459e+72 5.2684304e+72 -3.0672161e+72 1.7396819e+72 -9.6117295e+71 5.172161e+71 -2.7102137e+71 1.3826357e+71 -6.8657323e+70 3.3176598e+70 -1.5596456e+70 7.1307815e+69 -3.1698133e+69 1.3694594e+69 -5.7485842e+68 2.3431739e+68 -9.2751504e+67 3.5590941e+67 -1.3278499e+67 4.7694656e+66 -1.6917817e+66 5.493061e+65 -2.0332516e+65 4.1142186e+64 -3.5200476e+64 -1.3793098e+64
         0 8.6374599e+76 -1.5070864e+77 1.8009235e+77 -1.7472036e+77 1.4520005e+77 -1.0590734e+77 6.8734775e+76 -4.0076426e+76 2.1185467e+76 -1.0283121e+76 4.6888585e+75 -2.0982541e+75 9.9010563e+74 -5.310867e+74 3.2972429e+74 -2.2542844e+74 1.5972436e+74 -1.1303096e+74 7.8606384e+73 -5.3407052e+73 3.5384313e+73 -2.2849093e+73 1.4378557e+73 -8.8171336e+72 5.2684352e+72 -3.0672144e+72 1.7396808e+72 -9.6117239e+71 5.1721591e+71 -2.7102129e+71 1.3826358e+71 -6.8657302e+70 3.3176622e+70 -1.5596436e+70 7.1308037e+69 -3.1697922e+69 1.3694809e+69 -5.7483704e+68 2.3433881e+68 -9.2730098e+67 3.5612349e+67 -1.3257092e+67 4.790873e+66 -1.6703743e+66 5.7071348e+65 -1.8191779e+65 6.2549563e+64 -1.3793098e+64 7.6142794e+63