         0          0          0          0          0          0          0          0          0          0          0          0          0          0          0          0          0          0          0          0          0          0          0          0          0          0          0          0          0          0          0          0          0          0          0          0          0          0          0          0          0          0          0          0          0          0          0          0          0          0
         0 2.6452368e+123 -5.0012684e+123 6.8310907e+123 -7.9890338e+123 8.4379272e+123 -8.2421195e+123 7.5409713e+123 -6.512002e+123 5.3340178e+123 -4.1584736e+123 3.0933525e+123 -2.1996372e+123 1.4973697e+123 -9.7693886e+122 6.114757e+122 -3.6746021e+122 2.1215614e+122 -1.1775262e+122 6.2860767e+121 -3.2291064e+121 1.5968263e+121 -7.6044466e+120 3.4886686e+120 -1.5423005e+120 6.572333e+119 -2.7003846e+119 1.0700216e+119 -4.0899454e+118 1.5083081e+118 -5.367753e+117 1.8437429e+117 -6.1133941e+116 1.957046e+116 -6.0494017e+115 1.8057867e+115 -5.2060332e+114 1.4496781e+114 -3.899348e+113 1.0131966e+113 -2.5432916e+112 6.1675473e+111 -1.4449397e+111 3.270457e+110 -7.1512648e+109 1.5106384e+109 -3.0826213e+108 6.0752799e+107 -1.1504044e+107 1.7495194e+106
         0 -5.0012684e+123 9.4554414e+123 -1.2914227e+124 1.5102194e+124 -1.5949228e+124 1.5577278e+124 -1.4250149e+124 1.2303729e+124 -1.0076215e+124 7.8539526e+123 -5.8409797e+123 4.1524065e+123 -2.8259266e+123 1.8432012e+123 -1.1533165e+123 6.9284153e+122 -3.9987457e+122 2.218572e+122 -1.1838795e+122 6.0789003e+121 -3.0047271e+121 1.4302415e+121 -6.5582119e+120 2.8977978e+120 -1.2341875e+120 5.068024e+119 -2.0069926e+119 7.6665398e+118 -2.8254575e+118 1.0048377e+118 -3.4490223e+117 1.1427664e+117 -3.6554621e+116 1.1290319e+116 -3.3674306e+115 9.699804e+114 -2.6985861e+114 7.2518642e+113 -1.8824698e+113 4.7205223e+112 -1.1435319e+112 2.6761402e+111 -6.0502261e+110 1.3213863e+110 -2.7878537e+109 5.6815903e+108 -1.1182358e+108 2.1145618e+107 -3.2120795e+106
         0 6.8310907e+123 -1.2914227e+124 1.7636656e+124 -2.0622133e+124 2.177526e+124 -2.1263262e+124 1.9447187e+124 -1.6786402e+124 1.3743147e+124 -1.0708517e+124 7.960921e+123 -5.6571583e+123 3.84826e+123 -2.5087966e+123 1.5689693e+123 -9.4201325e+122 5.4336022e+122 -3.0127438e+122 1.6065871e+122 -8.2435297e+121 4.0716246e+121 -1.9365532e+121 8.8724882e+120 -3.9169704e+120 1.6667388e+120 -6.8377127e+119 2.7051102e+119 -1.0322535e+119 3.8001768e+118 -1.3499536e+118 4.6281346e+117 -1.5315569e+117 4.892847e+116 -1.5091989e+116 4.495069e+115 -1.2929262e+115 3.5916576e+114 -9.6367362e+113 2.4974842e+113 -6.2521715e+112 1.511909e+112 -3.5317661e+111 7.969446e+110 -1.7371048e+110 3.6573838e+109 -7.4376837e+108 1.4605966e+108 -2.7556361e+107 4.1778246e+106
         0 -7.9890338e+123 1.5102194e+124 -2.0622133e+124 2.4108759e+124 -2.5451118e+124 2.484585e+124 -2.2716396e+124 1.9600952e+124 -1.6040605e+124 1.249272e+124 -9.2824413e+123 6.5924434e+123 -4.4816666e+123 2.9197485e+123 -1.8246389e+123 1.0946606e+123 -6.3088128e+122 3.4949136e+122 -1.8619579e+122 9.5443589e+121 -4.7091831e+121 2.2373173e+121 -1.0238574e+121 4.5145604e+120 -1.9185742e+120 7.8603528e+119 -3.1053458e+119 1.1832548e+119 -4.3494572e+118 1.5426277e+118 -5.2799552e+117 1.7442528e+117 -5.5623608e+116 1.712511e+116 -5.090726e+115 1.4613004e+115 -4.0508651e+114 1.0845093e+114 -2.8042607e+113 7.0035651e+112 -1.6894496e+112 3.9364039e+111 -8.8588807e+110 1.9256285e+110 -4.0426234e+109 8.1964312e+108 -1.6045687e+108 3.0175631e+107 -4.5625888e+106
         0 8.4379272e+123 -1.5949228e+124 2.177526e+124 -2.5451118e+124 2.686044e+124 -2.6212377e+124 2.3955777e+124 -2.0660376e+124 1.6898337e+124 -1.3152679e+124 9.766191e+123 -6.930856e+123 4.7079198e+123 -3.0644703e+123 1.9132805e+123 -1.1466847e+123 6.601549e+122 -3.6529096e+122 1.943779e+122 -9.951036e+121 4.9032179e+121 -2.3261966e+121 1.0629436e+121 -4.679573e+120 1.9854407e+120 -8.1203514e+119 3.2023103e+119 -1.2179172e+119 4.4681235e+118 -1.5814865e+118 5.401464e+117 -1.7804472e+117 5.664709e+116 -1.7398415e+116 5.1590723e+115 -1.4770772e+115 4.08355e+114 -1.0901911e+114 2.8107231e+113 -6.9983905e+112 1.6828693e+112 -3.9081884e+111 8.7653117e+110 -1.8985104e+110 3.9709286e+109 -8.0200149e+108 1.5637294e+108 -2.9286532e+107 4.4127863e+106
         0 -8.2421195e+123 1.5577278e+124 -2.1263262e+124 2.484585e+124 -2.6212377e+124 2.5568884e+124 -2.3355731e+124 2.0130983e+124 -1.6454322e+124 1.2797498e+124 -9.494594e+123 6.7319951e+123 -4.5683245e+123 2.9704304e+123 -1.8524375e+123 1.1088544e+123 -6.3753839e+122 3.5228443e+122 -1.8717987e+122 9.5675684e+121 -4.7065026e+121 2.2289979e+121 -1.016673e+121 4.4673111e+120 -1.8915862e+120 7.7202761e+119 -3.037868e+119 1.1527323e+119 -4.2188858e+118 1.4895516e+118 -5.0742676e+117 1.6680759e+117 -5.2922541e+116 1.6206871e+116 -4.7911063e+115 1.3673781e+115 -3.7678105e+114 1.0024484e+114 -2.5752878e+113 6.3883972e+112 -1.53026e+112 3.5395138e+111 -7.9052916e+110 1.7047933e+110 -3.5496154e+109 7.135318e+108 -1.38441e+108 2.5797701e+107 -3.8705985e+106
         0 7.5409713e+123 -1.4250149e+124 1.9447187e+124 -2.2716396e+124 2.3955777e+124 -2.3355731e+124 2.1321244e+124 -1.8364577e+124 1.4998651e+124 -1.1655017e+124 8.6385145e+123 -6.1184356e+123 4.1471182e+123 -2.6931494e+123 1.6772381e+123 -1.0025223e+123 5.7550892e+122 -3.1748479e+122 1.6839511e+122 -8.5915075e+121 4.2181269e+121 -1.9936089e+121 9.0735106e+120 -3.9779377e+120 1.680385e+120 -6.841299e+119 2.6850285e+119 -1.0160914e+119 3.7083034e+118 -1.3054304e+118 4.4334135e+117 -1.4527533e+117 4.5937857e+116 -1.4019228e+116 4.1294726e+115 -1.174135e+115 3.2227275e+114 -8.5395235e+113 2.184559e+113 -5.3953879e+112 1.2865065e+112 -2.9615991e+111 6.5819216e+110 -1.4121181e+110 2.9245106e+109 -5.8460357e+108 1.1276902e+108 -2.0888982e+107 3.1183666e+106
         0 -6.512002e+123 1.2303729e+124 -1.6786402e+124 1.9600952e+124 -2.0660376e+124 2.0130983e+124 -1.8364577e+124 1.5805179e+124 -1.2896562e+124 1.0011311e+124 -7.4118462e+123 5.2431198e+123 -3.5490366e+123 2.3013971e+123 -1.4310177e+123 8.5391626e+122 -4.8932308e+122 2.6942627e+122 -1.426167e+122 7.2607941e+121 -3.5567843e+121 1.6770639e+121 -7.613854e+120 3.3293055e+120 -1.4025452e+120 5.6938228e+119 -2.2280003e+119 8.4050927e+118 -3.0575201e+118 1.0726834e+118 -3.6300919e+117 1.1851375e+117 -3.7331813e+116 1.1347385e+116 -3.3285812e+115 9.4232904e+114 -2.5748534e+114 6.7909174e+113 -1.7287926e+113 4.2481627e+112 -1.0076304e+112 2.3069273e+111 -5.0977913e+110 1.0872288e+110 -2.2377812e+109 4.4445642e+108 -8.5162061e+107 1.5666985e+107 -2.3252339e+106
         0 5.3340178e+123 -1.0076215e+124 1.3743147e+124 -1.6040605e+124 1.6898337e+124 -1.6454322e+124 1.4998651e+124 -1.2896562e+124 1.0512321e+124 -8.151032e+123 6.0268673e+123 -4.2574064e+123 2.8774128e+123 -1.8627975e+123 1.1562379e+123 -6.8863796e+122 3.9381278e+122 -2.1636995e+122 1.1427051e+122 -5.8036068e+121 2.8357244e+121 -1.3334922e+121 6.0369924e+120 -2.6319935e+120 1.1053552e+120 -4.4728084e+119 1.7442918e+119 -6.5570523e+118 2.3764618e+118 -8.3053856e+117 2.7993815e+117 -9.1011619e+116 2.8544075e+116 -8.6370268e+115 2.5216185e+115 -7.1038192e+114 1.9311911e+114 -5.0663553e+113 1.2826615e+113 -3.133834e+112 7.3889277e+111 -1.6811813e+111 3.6910813e+110 -7.8193149e+109 1.5981641e+109 -3.1511044e+108 5.9921056e+107 -1.0937802e+107 1.6126441e+106
         0 -4.1584736e+123 7.8539526e+123 -1.0708517e+124 1.249272e+124 -1.3152679e+124 1.2797498e+124 -1.1655017e+124 1.0011311e+124 -8.151032e+123 6.311957e+123 -4.6603751e+123 3.2869442e+123 -2.2177231e+123 1.4330732e+123 -8.8774216e+122 5.27602e+122 -3.0103679e+122 1.6499809e+122 -8.6917188e+121 4.4024617e+121 -2.1449814e+121 1.0056499e+121 -4.5384511e+120 1.9721291e+120 -8.2536758e+119 3.3277526e+119 -1.2928369e+119 4.8407668e+118 -1.7471995e+118 6.0799627e+117 -2.0401111e+117 6.6017343e+116 -2.0604545e+116 6.2031293e+115 -1.8015081e+115 5.047387e+114 -1.3643381e+114 3.5580744e+113 -8.9526299e+112 2.173332e+112 -5.090152e+111 1.1501273e+111 -2.5069429e+110 5.2709717e+109 -1.0689071e+109 2.090436e+108 -3.9415158e+107 7.132195e+106 -1.0437864e+106
         0 3.0933525e+123 -5.8409797e+123 7.960921e+123 -9.2824413e+123 9.766191e+123 -9.494594e+123 8.6385145e+123 -7.4118462e+123 6.0268673e+123 -4.6603751e+123 3.435497e+123 -2.4188377e+123 1.6289247e+123 -1.0504482e+123 6.4928983e+122 -3.8497821e+122 2.191085e+122 -1.1977326e+122 6.2915641e+121 -3.1772431e+121 1.5431542e+121 -7.2109347e+120 3.2429356e+120 -1.4040338e+120 5.8536339e+119 -2.3506496e+119 9.094116e+118 -3.3902376e+118 1.2180778e+118 -4.2185697e+117 1.4085191e+117 -4.5344213e+116 1.4076325e+116 -4.2140925e+115 1.2167398e+115 -3.3883963e+114 9.1014324e+113 -2.3580492e+113 5.8928336e+112 -1.4204181e+112 3.302275e+111 -7.4044196e+110 1.601093e+110 -3.3384722e+109 6.7117086e+108 -1.3007977e+108 2.4297094e+107 -4.3543109e+106 6.3202822e+105
         0 -2.1996372e+123 4.1524065e+123 -5.6571583e+123 6.5924434e+123 -6.930856e+123 6.7319951e+123 -6.1184356e+123 5.2431198e+123 -4.2574064e+123 3.2869442e+123 -2.4188377e+123 1.6997971e+123 -1.1423306e+123 7.3500915e+122 -4.532215e+122 2.6803276e+122 -1.5213048e+122 8.2917648e+121 -4.3421005e+121 2.1855918e+121 -1.0578584e+121 4.9252756e+120 -2.2065715e+120 9.5151698e+119 -3.9503985e+119 1.5794106e+119 -6.0823734e+118 2.2566269e+118 -8.067355e+117 2.7794247e+117 -9.2297613e+116 2.9545363e+116 -9.1179064e+115 2.7129616e+115 -7.7832836e+114 2.1531428e+114 -5.7436203e+113 1.4774253e+113 -3.6646125e+112 8.7647723e+111 -2.0212588e+111 4.4940889e+110 -9.6329716e+109 1.9903464e+109 -3.9635805e+108 7.606177e+107 -1.4061622e+107 2.4934384e+106 -3.5866426e+105
         0 1.4973697e+123 -2.8259266e+123 3.84826e+123 -4.4816666e+123 4.7079198e+123 -4.5683245e+123 4.1471182e+123 -3.5490366e+123 2.8774128e+123 -2.2177231e+123 1.6289247e+123 -1.1423306e+123 7.6596294e+122 -4.9164367e+122 3.0236394e+122 -1.7831534e+122 1.0090607e+122 -5.4823472e+121 2.8612468e+121 -1.4350826e+121 6.919954e+120 -3.2091372e+120 1.4317618e+120 -6.147178e+119 2.540484e+119 -1.0108692e+119 3.873498e+118 -1.429632e+118 5.0831321e+117 -1.7413649e+117 5.7485201e+116 -1.8288524e+116 5.6078698e+115 -1.6574713e+115 4.722229e+114 -1.2969311e+114 3.4337063e+113 -8.7636488e+112 2.1561196e+112 -5.1133845e+111 1.1688648e+111 -2.5751556e+110 5.4673807e+109 -1.1184973e+109 2.2044636e+108 -4.1850768e+107 7.6506822e+106 -1.3410678e+106 1.9100756e+105
         0 -9.7693886e+122 1.8432012e+123 -2.5087966e+123 2.9197485e+123 -3.0644703e+123 2.9704304e+123 -2.6931494e+123 2.3013971e+123 -1.8627975e+123 1.4330732e+123 -1.0504482e+123 7.3500915e+122 -4.9164367e+122 3.1473782e+122 -1.9301802e+122 1.1348513e+122 -6.4012137e+121 3.4659152e+121 -1.8022866e+121 9.0047633e+120 -4.324482e+120 1.996926e+120 -8.8693781e+119 3.7901046e+119 -1.5586457e+119 6.1699552e+118 -2.3514998e+118 8.6301131e+117 -3.0504768e+117 1.0386301e+117 -3.406823e+116 1.0766608e+116 -3.2785783e+115 9.6205051e+114 -2.7204183e+114 7.413279e+113 -1.9468142e+113 4.9268802e+112 -1.2015383e+112 2.8235583e+111 -6.3931561e+110 1.3945983e+110 -2.9305137e+109 5.9310819e+108 -1.1559606e+108 2.1691099e+107 -3.9174685e+106 6.7815343e+105 -9.5558482e+104
         0 6.114757e+122 -1.1533165e+123 1.5689693e+123 -1.8246389e+123 1.9132805e+123 -1.8524375e+123 1.6772381e+123 -1.4310177e+123 1.1562379e+123 -8.8774216e+122 6.4928983e+122 -4.532215e+122 3.0236394e+122 -1.9301802e+122 1.180112e+122 -6.9158769e+121 3.8874011e+121 -2.0970494e+121 1.0862063e+121 -5.404574e+120 2.5841975e+120 -1.1878357e+120 5.2503614e+119 -2.232266e+119 9.1313726e+118 -3.5946586e+118 1.3620666e+118 -4.9686205e+117 1.7451729e+117 -5.9028995e+116 1.9229453e+116 -6.0337124e+115 1.8236908e+115 -5.3099549e+114 1.4894255e+114 -4.0247732e+113 1.0477462e+113 -2.6275492e+112 6.3475226e+111 -1.4770154e+111 3.3101812e+110 -7.1441817e+109 1.4846506e+109 -2.9702475e+108 5.7196725e+107 -1.0598872e+107 1.8893201e+106 -3.2268493e+105 4.4945306e+104
         0 -3.6746021e+122 6.9284153e+122 -9.4201325e+122 1.0946606e+123 -1.1466847e+123 1.1088544e+123 -1.0025223e+123 8.5391626e+122 -6.8863796e+122 5.27602e+122 -3.8497821e+122 2.6803276e+122 -1.7831534e+122 1.1348513e+122 -6.9158769e+121 4.0388166e+121 -2.261769e+121 1.2152842e+121 -6.2684348e+120 3.1051457e+120 -1.4777969e+120 6.7593877e+119 -2.9723077e+119 1.2568804e+119 -5.1122876e+118 2.0005693e+118 -7.5334524e+117 2.7303076e+117 -9.5251436e+116 3.1991146e+116 -1.0345062e+116 3.2212107e+115 -9.6586508e+114 2.788975e+114 -7.7555745e+113 2.0769478e+113 -5.3563752e+112 1.3302463e+112 -3.1811238e+111 7.3245002e+110 -1.6235851e+110 3.4642665e+109 -7.1140117e+108 1.4057255e+108 -2.6722183e+107 4.8855906e+106 -8.5876368e+105 1.4456704e+105 -1.9886246e+104
         0 2.1215614e+122 -3.9987457e+122 5.4336022e+122 -6.3088128e+122 6.601549e+122 -6.3753839e+122 5.7550892e+122 -4.8932308e+122 3.9381278e+122 -3.0103679e+122 2.191085e+122 -1.5213048e+122 1.0090607e+122 -6.4012137e+121 3.8874011e+121 -2.261769e+121 1.261586e+121 -6.7501362e+120 3.4661738e+120 -1.7089093e+120 8.0925515e+119 -3.6821206e+119 1.6102335e+119 -6.7698023e+118 2.7369357e+118 -1.0642608e+118 3.9811529e+117 -1.4329103e+117 4.9629578e+116 -1.6543447e+116 5.3078444e+115 -1.6392703e+115 4.8735708e+114 -1.3948352e+114 3.8431072e+113 -1.0193454e+113 2.6027047e+112 -6.3968793e+111 1.5132674e+111 -3.4452528e+110 7.5479083e+109 -1.5909722e+109 3.2258705e+108 -6.2904907e+107 1.1794144e+107 -2.1255358e+106 3.6805898e+105 -6.1009715e+104 8.2806214e+103
         0 -1.1775262e+122 2.218572e+122 -3.0127438e+122 3.4949136e+122 -3.6529096e+122 3.5228443e+122 -3.1748479e+122 2.6942627e+122 -2.1636995e+122 1.6499809e+122 -1.1977326e+122 8.2917648e+121 -5.4823472e+121 3.4659152e+121 -2.0970494e+121 1.2152842e+121 -6.7501362e+120 3.595498e+120 -1.8375168e+120 9.013984e+119 -4.2460082e+119 1.921189e+119 -8.3524692e+118 3.4900455e+118 -1.4019145e+118 5.4147319e+117 -2.0113007e+117 7.1860546e+116 -2.4698816e+116 8.1673753e+115 -2.5986537e+115 7.9561477e+114 -2.34404e+114 6.645755e+113 -1.8131765e+113 4.7603775e+112 -1.2026159e+112 2.9232406e+111 -6.8361406e+110 1.5378406e+110 -3.3273509e+109 6.9229832e+108 -1.3848492e+108 2.6626829e+107 -4.9195183e+106 8.731201e+105 -1.4879507e+105 2.4261056e+104 -3.2459667e+103
         0 6.2860767e+121 -1.1838795e+122 1.6065871e+122 -1.8619579e+122 1.943779e+122 -1.8717987e+122 1.6839511e+122 -1.426167e+122 1.1427051e+122 -8.6917188e+121 6.2915641e+121 -4.3421005e+121 2.8612468e+121 -1.8022866e+121 1.0862063e+121 -6.2684348e+120 3.4661738e+120 -1.8375168e+120 9.3436109e+119 -4.5591792e+119 2.1355555e+119 -9.6057697e+118 4.1502943e+118 -1.7229181e+118 6.8736859e+117 -2.6359797e+117 9.7184782e+116 -3.4452743e+116 1.1745557e+116 -3.8511665e+115 1.2145467e+115 -3.6843729e+114 1.0751137e+114 -3.0177996e+113 8.1482574e+112 -2.1162156e+112 5.2862461e+111 -1.2699516e+111 2.9337803e+110 -6.5163528e+109 1.3913658e+109 -2.8552719e+108 5.630132e+107 -1.066437e+107 1.9398228e+106 -3.3872435e+105 5.6753119e+104 -9.092695e+103 1.1980447e+103
         0 -3.2291064e+121 6.0789003e+121 -8.2435297e+121 9.5443589e+121 -9.951036e+121 9.5675684e+121 -8.5915075e+121 7.2607941e+121 -5.8036068e+121 4.4024617e+121 -3.1772431e+121 2.1855918e+121 -1.4350826e+121 9.0047633e+120 -5.404574e+120 3.1051457e+120 -1.7089093e+120 9.013984e+119 -4.5591792e+119 2.2121431e+119 -1.0300506e+119 4.6043206e+118 -1.9763342e+118 8.1480602e+117 -3.2273398e+117 1.228335e+117 -4.4930764e+116 1.5797472e+116 -5.3394819e+115 1.7350767e+115 -5.4209563e+114 1.628508e+114 -4.7040188e+113 1.3065048e+113 -3.4890113e+112 8.9581533e+111 -2.2111747e+111 5.2464764e+110 -1.1964421e+110 2.6219299e+109 -5.5203717e+108 1.1164301e+108 -2.1681717e+107 4.0422353e+106 -7.2321121e+105 1.2412392e+105 -2.04258e+104 3.2121256e+103 -4.1636891e+102
         0 1.5968263e+121 -3.0047271e+121 4.0716246e+121 -4.7091831e+121 4.9032179e+121 -4.7065026e+121 4.2181269e+121 -3.5567843e+121 2.8357244e+121 -2.1449814e+121 1.5431542e+121 -1.0578584e+121 6.919954e+120 -4.324482e+120 2.5841975e+120 -1.4777969e+120 8.0925515e+119 -4.2460082e+119 2.1355555e+119 -1.0300506e+119 4.7663307e+118 -2.1165504e+118 9.0222673e+117 -3.6927851e+117 1.4515713e+117 -5.4808838e+116 1.9882014e+116 -6.9298811e+115 2.3210985e+115 -7.4713547e+114 2.3113609e+114 -6.872462e+113 1.9639732e+113 -5.3942178e+112 1.4238711e+112 -3.6118508e+111 8.8036186e+110 -2.0616151e+110 4.6376534e+109 -1.0019563e+109 2.0785479e+108 -4.139211e+107 7.9102593e+106 -1.4502122e+106 2.54961e+105 -4.2966592e+104 6.9370185e+103 -1.0695727e+103 1.3625178e+102
         0 -7.6044466e+120 1.4302415e+121 -1.9365532e+121 2.2373173e+121 -2.3261966e+121 2.2289979e+121 -1.9936089e+121 1.6770639e+121 -1.3334922e+121 1.0056499e+121 -7.2109347e+120 4.9252756e+120 -3.2091372e+120 1.996926e+120 -1.1878357e+120 6.7593877e+119 -3.6821206e+119 1.921189e+119 -9.6057697e+118 4.6043206e+118 -2.1165504e+118 9.333833e+117 -3.9498552e+117 1.6043457e+117 -6.256076e+116 2.3424583e+116 -8.4231287e+115 2.9091136e+115 -9.651078e+114 3.0757395e+114 -9.4167501e+113 2.7697336e+113 -7.8262985e+112 2.1244201e+112 -5.53939e+111 1.3873321e+111 -3.336893e+110 7.7069127e+109 -1.7088884e+109 3.6370234e+108 -7.4279005e+107 1.455277e+107 -2.7342573e+106 4.9247391e+105 -8.4994993e+104 1.4049607e+104 -2.2230387e+103 3.3566373e+102 -4.1976099e+101
         0 3.4886686e+120 -6.5582119e+120 8.8724882e+120 -1.0238574e+121 1.0629436e+121 -1.016673e+121 9.0735106e+120 -7.613854e+120 6.0369924e+120 -4.5384511e+120 3.2429356e+120 -2.2065715e+120 1.4317618e+120 -8.8693781e+119 5.2503614e+119 -2.9723077e+119 1.6102335e+119 -8.3524692e+118 4.1502943e+118 -1.9763342e+118 9.0222673e+117 -3.9498552e+117 1.6587297e+117 -6.6834694e+116 2.5843339e+116 -9.5915872e+115 3.4173501e+115 -1.1689479e+115 3.8392367e+114 -1.2107768e+114 3.6666221e+113 -1.0662338e+113 2.9772279e+112 -7.9821832e+111 2.0546842e+111 -5.0772995e+110 1.2042637e+110 -2.7411573e+109 5.9865596e+108 -1.2541321e+108 2.5194563e+107 -4.8520502e+106 8.9544145e+105 -1.5829276e+105 2.6791305e+104 -4.3391955e+103 6.7210603e+102 -9.9263809e+101 1.2171675e+101
         0 -1.5423005e+120 2.8977978e+120 -3.9169704e+120 4.5145604e+120 -4.679573e+120 4.4673111e+120 -3.9779377e+120 3.3293055e+120 -2.6319935e+120 1.9721291e+120 -1.4040338e+120 9.5151698e+119 -6.147178e+119 3.7901046e+119 -2.232266e+119 1.2568804e+119 -6.7698023e+118 3.4900455e+118 -1.7229181e+118 8.1480602e+117 -3.6927851e+117 1.6043457e+117 -6.6834694e+116 2.670336e+116 -1.0234691e+116 3.7635648e+115 -1.3279986e+115 4.4969107e+114 -1.4614417e+114 4.5584695e+113 -1.3646904e+113 3.9212213e+112 -1.0813404e+112 2.861712e+111 -7.2671964e+110 1.770624e+110 -4.1383829e+109 9.2766471e+108 -1.9938962e+108 4.1081234e+107 -8.1109958e+106 1.5340377e+106 -2.7781149e+105 4.8152199e+104 -7.983806e+103 1.2655593e+103 -1.9166438e+102 2.7653066e+101 -3.3207302e+100
         0 6.572333e+119 -1.2341875e+120 1.6667388e+120 -1.9185742e+120 1.9854407e+120 -1.8915862e+120 1.680385e+120 -1.4025452e+120 1.1053552e+120 -8.2536758e+119 5.8536339e+119 -3.9503985e+119 2.540484e+119 -1.5586457e+119 9.1313726e+118 -5.1122876e+118 2.7369357e+118 -1.4019145e+118 6.8736859e+117 -3.2273398e+117 1.4515713e+117 -6.256076e+116 2.5843339e+116 -1.0234691e+116 3.8865253e+115 -1.4153892e+115 4.9439143e+114 -1.6564812e+114 5.3241373e+113 -1.6416207e+113 4.8557665e+112 -1.3778168e+112 3.7501416e+111 -9.7900813e+110 2.4510546e+110 -5.8840784e+109 1.3541847e+109 -2.9871037e+108 6.3136059e+107 -1.2782716e+107 2.4781744e+106 -4.598622e+105 8.1641858e+104 -1.386009e+104 2.2487471e+103 -3.4846751e+102 5.1536285e+101 -7.2542212e+100 8.5202195e+99
         0 -2.7003846e+119 5.068024e+119 -6.8377127e+119 7.8603528e+119 -8.1203514e+119 7.7202761e+119 -6.841299e+119 5.6938228e+119 -4.4728084e+119 3.3277526e+119 -2.3506496e+119 1.5794106e+119 -1.0108692e+119 6.1699552e+118 -3.5946586e+118 2.0005693e+118 -1.0642608e+118 5.4147319e+117 -2.6359797e+117 1.228335e+117 -5.4808838e+116 2.3424583e+116 -9.5915872e+115 3.7635648e+115 -1.4153892e+115 5.1024924e+114 -1.7634661e+114 5.8433858e+113 -1.856502e+113 5.655446e+112 -1.6518564e+112 4.6258467e+111 -1.2419067e+111 3.1960688e+110 -7.8833015e+109 1.8633081e+109 -4.2193818e+108 9.1513755e+107 -1.9004863e+107 3.777739e+106 -7.1848101e+105 1.3068328e+105 -2.2721012e+104 3.7739332e+103 -5.9847781e+102 9.0549776e+101 -1.3060676e+101 1.7910872e+100 -2.0547121e+99
         0 1.0700216e+119 -2.0069926e+119 2.7051102e+119 -3.1053458e+119 3.2023103e+119 -3.037868e+119 2.6850285e+119 -2.2280003e+119 1.7442918e+119 -1.2928369e+119 9.094116e+118 -6.0823734e+118 3.873498e+118 -2.3514998e+118 1.3620666e+118 -7.5334524e+117 3.9811529e+117 -2.0113007e+117 9.7184782e+116 -4.4930764e+116 1.9882014e+116 -8.4231287e+115 3.4173501e+115 -1.3279986e+115 4.9439143e+114 -1.7634661e+114 6.027389e+113 -1.9741759e+113 6.196571e+112 -1.8639149e+112 5.3727374e+111 -1.4839905e+111 3.9272518e+110 -9.9565536e+109 2.4177785e+109 -5.6223624e+108 1.2517168e+108 -2.6671638e+107 5.4375278e+106 -1.0602111e+106 1.9762001e+105 -3.5196688e+104 5.9863753e+103 -9.717364e+102 1.5043757e+102 -2.2195008e+101 3.1179345e+100 -4.1596395e+99 4.6540393e+98
         0 -4.0899454e+118 7.6665398e+118 -1.0322535e+119 1.1832548e+119 -1.2179172e+119 1.1527323e+119 -1.0160914e+119 8.4050927e+118 -6.5570523e+118 4.8407668e+118 -3.3902376e+118 2.2566269e+118 -1.429632e+118 8.6301131e+117 -4.9686205e+117 2.7303076e+117 -1.4329103e+117 7.1860546e+116 -3.4452743e+116 1.5797472e+116 -6.9298811e+115 2.9091136e+115 -1.1689479e+115 4.4969107e+114 -1.6564812e+114 5.8433858e+113 -1.9741759e+113 6.3881165e+112 -1.9798534e+112 5.8770469e+111 -1.6708163e+111 4.5488727e+110 -1.1858523e+110 2.9596404e+109 -7.0703588e+108 1.6163406e+108 -3.5349972e+107 7.3937717e+106 -1.4784225e+106 2.8248732e+105 -5.1553163e+104 8.9811063e+103 -1.4926455e+103 2.365046e+102 -3.5698441e+101 5.1288497e+100 -7.0070862e+99 9.080089e+98 -9.8929672e+97
         0 1.5083081e+118 -2.8254575e+118 3.8001768e+118 -4.3494572e+118 4.4681235e+118 -4.2188858e+118 3.7083034e+118 -3.0575201e+118 2.3764618e+118 -1.7471995e+118 1.2180778e+118 -8.067355e+117 5.0831321e+117 -3.0504768e+117 1.7451729e+117 -9.5251436e+116 4.9629578e+116 -2.4698816e+116 1.1745557e+116 -5.3394819e+115 2.3210985e+115 -9.651078e+114 3.8392367e+114 -1.4614417e+114 5.3241373e+113 -1.856502e+113 6.196571e+112 -1.9798534e+112 6.0553676e+111 -1.7727945e+111 4.9677003e+110 -1.3322442e+110 3.4188438e+109 -8.3938221e+108 1.971175e+108 -4.4264568e+107 9.5019645e+106 -1.9491076e+106 3.8189132e+105 -7.1436018e+104 1.2750698e+104 -2.1703382e+103 3.5205019e+102 -5.437998e+101 7.9922304e+100 -1.1165767e+100 1.481311e+99 -1.8614273e+98 1.9715915e+97
         0 -5.367753e+117 1.0048377e+118 -1.3499536e+118 1.5426277e+118 -1.5814865e+118 1.4895516e+118 -1.3054304e+118 1.0726834e+118 -8.3053856e+117 6.0799627e+117 -4.2185697e+117 2.7794247e+117 -1.7413649e+117 1.0386301e+117 -5.9028995e+116 3.1991146e+116 -1.6543447e+116 8.1673753e+115 -3.8511665e+115 1.7350767e+115 -7.4713547e+114 3.0757395e+114 -1.2107768e+114 4.5584695e+113 -1.6416207e+113 5.655446e+112 -1.8639149e+112 5.8770469e+111 -1.7727945e+111 5.1156368e+110 -1.4120242e+110 3.7275853e+109 -9.4097923e+108 2.270936e+108 -5.2382732e+107 1.1545035e+107 -2.4303564e+106 4.8846455e+105 -9.3687276e+104 1.7138876e+104 -2.9886802e+103 4.964578e+102 -7.849968e+101 1.1805282e+101 -1.6869718e+100 2.2883262e+99 -2.9431135e+98 3.5800432e+97 -3.6796744e+96
         0 1.8437429e+117 -3.4490223e+117 4.6281346e+117 -5.2799552e+117 5.401464e+117 -5.0742676e+117 4.4334135e+117 -3.6300919e+117 2.7993815e+117 -2.0401111e+117 1.4085191e+117 -9.2297613e+116 5.7485201e+116 -3.406823e+116 1.9229453e+116 -1.0345062e+116 5.3078444e+115 -2.5986537e+115 1.2145467e+115 -5.4209563e+114 2.3113609e+114 -9.4167501e+113 3.6666221e+113 -1.3646904e+113 4.8557665e+112 -1.6518564e+112 5.3727374e+111 -1.6708163e+111 4.9677003e+110 -1.4120242e+110 3.8365225e+109 -9.9625991e+108 2.4720565e+108 -5.8598517e+107 1.3265641e+107 -2.8670294e+106 5.9132177e+105 -1.1633331e+105 2.1819599e+104 -3.8993949e+103 6.6354389e+102 -1.0743469e+102 1.6537336e+101 -2.4178866e+100 3.3543964e+99 -4.4107277e+98 5.4900054e+97 -6.452286e+96 6.4229888e+95
         0 -6.1133941e+116 1.1427664e+117 -1.5315569e+117 1.7442528e+117 -1.7804472e+117 1.6680759e+117 -1.4527533e+117 1.1851375e+117 -9.1011619e+116 6.6017343e+116 -4.5344213e+116 2.9545363e+116 -1.8288524e+116 1.0766608e+116 -6.0337124e+115 3.2212107e+115 -1.6392703e+115 7.9561477e+114 -3.6843729e+114 1.628508e+114 -6.872462e+113 2.7697336e+113 -1.0662338e+113 3.9212213e+112 -1.3778168e+112 4.6258467e+111 -1.4839905e+111 4.5488727e+110 -1.3322442e+110 3.7275853e+109 -9.9625991e+108 2.5429462e+108 -6.1975363e+107 1.4417672e+107 -3.2005148e+106 6.7767888e+105 -1.3680851e+105 2.6318797e+104 -4.8220576e+103 8.4087342e+102 -1.3945856e+102 2.1979783e+101 -3.2890621e+100 4.6682404e+99 -6.2773928e+98 7.9874402e+97 -9.6035022e+96 1.0882877e+96 -1.0470123e+95
         0 1.957046e+116 -3.6554621e+116 4.892847e+116 -5.5623608e+116 5.664709e+116 -5.2922541e+116 4.5937857e+116 -3.7331813e+116 2.8544075e+116 -2.0604545e+116 1.4076325e+116 -9.1179064e+115 5.6078698e+115 -3.2785783e+115 1.8236908e+115 -9.6586508e+114 4.8735708e+114 -2.34404e+114 1.0751137e+114 -4.7040188e+113 1.9639732e+113 -7.8262985e+112 2.9772279e+112 -1.0813404e+112 3.7501416e+111 -1.2419067e+111 3.9272518e+110 -1.1858523e+110 3.4188438e+109 -9.4097923e+108 2.4720565e+108 -6.1975363e+107 1.4823314e+107 -3.3814082e+106 7.3538115e+105 -1.5240563e+105 3.0084789e+104 -5.6533378e+103 1.0106433e+103 -1.7175705e+102 2.7727231e+101 -4.2479976e+100 6.1704028e+99 -8.4880936e+98 1.1044213e+98 -1.3573313e+97 1.5732199e+96 -1.7152015e+95 1.5911871e+94
         0 -6.0494017e+115 1.1290319e+116 -1.5091989e+116 1.712511e+116 -1.7398415e+116 1.6206871e+116 -1.4019228e+116 1.1347385e+116 -8.6370268e+115 6.2031293e+115 -4.2140925e+115 2.7129616e+115 -1.6574713e+115 9.6205051e+114 -5.3099549e+114 2.788975e+114 -1.3948352e+114 6.645755e+113 -3.0177996e+113 1.3065048e+113 -5.3942178e+112 2.1244201e+112 -7.9821832e+111 2.861712e+111 -9.7900813e+110 3.1960688e+110 -9.9565536e+109 2.9596404e+109 -8.3938221e+108 2.270936e+108 -5.8598517e+107 1.4417672e+107 -3.3814082e+106 7.5567798e+105 -1.6085315e+105 3.2596081e+104 -6.2849824e+103 1.1523213e+103 -2.0075548e+102 3.3207908e+101 -5.2108756e+100 7.7489819e+99 -1.0908449e+99 1.4518771e+98 -1.8245141e+97 2.1614586e+96 -2.4098007e+95 2.521537e+94 -2.2503785e+93
         0 1.8057867e+115 -3.3674306e+115 4.495069e+115 -5.090726e+115 5.1590723e+115 -4.7911063e+115 4.1294726e+115 -3.3285812e+115 2.5216185e+115 -1.8015081e+115 1.2167398e+115 -7.7832836e+114 4.722229e+114 -2.7204183e+114 1.4894255e+114 -7.7555745e+113 3.8431072e+113 -1.8131765e+113 8.1482574e+112 -3.4890113e+112 1.4238711e+112 -5.53939e+111 2.0546842e+111 -7.2671964e+110 2.4510546e+110 -7.8833015e+109 2.4177785e+109 -7.0703588e+108 1.971175e+108 -5.2382732e+107 1.3265641e+107 -3.2005148e+106 7.3538115e+105 -1.6085315e+105 3.3478541e+104 -6.6265718e+103 1.2466087e+103 -2.2273524e+102 3.7768174e+101 -6.0724061e+100 9.2484169e+99 -1.332814e+99 1.8152449e+98 -2.3332975e+97 2.8262452e+96 -3.2204002e+95 3.4454144e+94 -3.4506909e+93 2.9571181e+92
         0 -5.2060332e+114 9.699804e+114 -1.2929262e+115 1.4613004e+115 -1.4770772e+115 1.3673781e+115 -1.174135e+115 9.4232904e+114 -7.1038192e+114 5.047387e+114 -3.3883963e+114 2.1531428e+114 -1.2969311e+114 7.413279e+113 -4.0247732e+113 2.0769478e+113 -1.0193454e+113 4.7603775e+112 -2.1162156e+112 8.9581533e+111 -3.6118508e+111 1.3873321e+111 -5.0772995e+110 1.770624e+110 -5.8840784e+109 1.8633081e+109 -5.6223624e+108 1.6163406e+108 -4.4264568e+107 1.1545035e+107 -2.8670294e+106 6.7767888e+105 -1.5240563e+105 3.2596081e+104 -6.6265718e+103 1.2797081e+103 -2.346041e+102 4.0797085e+101 -6.7238182e+100 1.04924e+100 -1.5485817e+99 2.1590664e+98 -2.8397503e+97 3.5181626e+96 -4.0985813e+95 4.4812538e+94 -4.5889023e+93 4.3847736e+92 -3.6124965e+91
         0 1.4496781e+114 -2.6985861e+114 3.5916576e+114 -4.0508651e+114 4.08355e+114 -3.7678105e+114 3.2227275e+114 -2.5748534e+114 1.9311911e+114 -1.3643381e+114 9.1014324e+113 -5.7436203e+113 3.4337063e+113 -1.9468142e+113 1.0477462e+113 -5.3563752e+112 2.6027047e+112 -1.2026159e+112 5.2862461e+111 -2.2111747e+111 8.8036186e+110 -3.336893e+110 1.2042637e+110 -4.1383829e+109 1.3541847e+109 -4.2193818e+108 1.2517168e+108 -3.5349972e+107 9.5019645e+106 -2.4303564e+106 5.9132177e+105 -1.3680851e+105 3.0084789e+104 -6.2849824e+103 1.2466087e+103 -2.346041e+102 4.1859329e+101 -7.0750595e+100 1.1317045e+100 -1.7113322e+99 2.4434914e+98 -3.2898539e+97 4.1703758e+96 -4.9690143e+95 5.5543927e+94 -5.8120885e+93 5.6811767e+92 -5.1545541e+91 4.1534092e+90
         0 -3.899348e+113 7.2518642e+113 -9.6367362e+113 1.0845093e+114 -1.0901911e+114 1.0024484e+114 -8.5395235e+113 6.7909174e+113 -5.0663553e+113 3.5580744e+113 -2.3580492e+113 1.4774253e+113 -8.7636488e+112 4.9268802e+112 -2.6275492e+112 1.3302463e+112 -6.3968793e+111 2.9232406e+111 -1.2699516e+111 5.2464764e+110 -2.0616151e+110 7.7069127e+109 -2.7411573e+109 9.2766471e+108 -2.9871037e+108 9.1513755e+107 -2.6671638e+107 7.3937717e+106 -1.9491076e+106 4.8846455e+105 -1.1633331e+105 2.6318797e+104 -5.6533378e+103 1.1523213e+103 -2.2273524e+102 4.0797085e+101 -7.0750595e+100 1.1605969e+100 -1.7989604e+99 2.6316775e+98 -3.6285527e+97 4.7083847e+96 -5.7400582e+95 6.5621066e+94 -7.0199312e+93 7.0095795e+92 -6.5242391e+91 5.5595139e+90 -4.8130843e+89
         0 1.0131966e+113 -1.8824698e+113 2.4974842e+113 -2.8042607e+113 2.8107231e+113 -2.5752878e+113 2.184559e+113 -1.7287926e+113 1.2826615e+113 -8.9526299e+112 5.8928336e+112 -3.6646125e+112 2.1561196e+112 -1.2015383e+112 6.3475226e+111 -3.1811238e+111 1.5132674e+111 -6.8361406e+110 2.9337803e+110 -1.1964421e+110 4.6376534e+109 -1.7088884e+109 5.9865596e+108 -1.9938962e+108 6.3136059e+107 -1.9004863e+107 5.4375278e+106 -1.4784225e+106 3.8189132e+105 -9.3687276e+104 2.1819599e+104 -4.8220576e+103 1.0106433e+103 -2.0075548e+102 3.7768174e+101 -6.7238182e+100 1.1317045e+100 -1.7989604e+99 2.6975476e+98 -3.8106551e+97 5.0636788e+96 -6.3188977e+95 7.3910653e+94 -8.0860996e+93 8.2551188e+92 -7.8392457e+91 6.9478452e+90 -5.3270362e+89 7.2390966e+88
         0 -2.5432916e+112 4.7205223e+112 -6.2521715e+112 7.0035651e+112 -6.9983905e+112 6.3883972e+112 -5.3953879e+112 4.2481627e+112 -3.133834e+112 2.173332e+112 -1.4204181e+112 8.7647723e+111 -5.1133845e+111 2.8235583e+111 -1.4770154e+111 7.3245002e+110 -3.4452528e+110 1.5378406e+110 -6.5163528e+109 2.6219299e+109 -1.0019563e+109 3.6370234e+108 -1.2541321e+108 4.1081234e+107 -1.2782716e+107 3.777739e+106 -1.0602111e+106 2.8248732e+105 -7.1436018e+104 1.7138876e+104 -3.8993949e+103 8.4087342e+102 -1.7175705e+102 3.3207908e+101 -6.0724061e+100 1.04924e+100 -1.7113322e+99 2.6316775e+98 -3.8106551e+97 5.1879237e+96 -6.6296756e+95 7.9374666e+94 -8.8847598e+93 9.2755226e+92 -9.0096014e+91 8.0991867e+90 -6.9305924e+89 3.6894815e+88 -1.961624e+88
         0 6.1675473e+111 -1.1435319e+112 1.511909e+112 -1.6894496e+112 1.6828693e+112 -1.53026e+112 1.2865065e+112 -1.0076304e+112 7.3889277e+111 -5.090152e+111 3.302275e+111 -2.0212588e+111 1.1688648e+111 -6.3931561e+110 3.3101812e+110 -1.6235851e+110 7.5479083e+109 -3.3273509e+109 1.3913658e+109 -5.5203717e+108 2.0785479e+108 -7.4279005e+107 2.5194563e+107 -8.1109958e+106 2.4781744e+106 -7.1848101e+105 1.9762001e+105 -5.1553163e+104 1.2750698e+104 -2.9886802e+103 6.6354389e+102 -1.3945856e+102 2.7727231e+101 -5.2108756e+100 9.2484169e+99 -1.5485817e+99 2.4434914e+98 -3.6285527e+97 5.0636788e+96 -6.6296756e+95 8.1283686e+94 -9.3129194e+93 9.9474643e+92 -9.8782579e+91 9.1039387e+90 -7.6739053e+89 6.9139316e+88 2.7766482e+87 8.0460519e+87
         0 -1.4449397e+111 2.6761402e+111 -3.5317661e+111 3.9364039e+111 -3.9081884e+111 3.5395138e+111 -2.9615991e+111 2.3069273e+111 -1.6811813e+111 1.1501273e+111 -7.4044196e+110 4.4940889e+110 -2.5751556e+110 1.3945983e+110 -7.1441817e+109 3.4642665e+109 -1.5909722e+109 6.9229832e+108 -2.8552719e+108 1.1164301e+108 -4.139211e+107 1.455277e+107 -4.8520502e+106 1.5340377e+106 -4.598622e+105 1.3068328e+105 -3.5196688e+104 8.9811063e+103 -2.1703382e+103 4.964578e+102 -1.0743469e+102 2.1979783e+101 -4.2479976e+100 7.7489819e+99 -1.332814e+99 2.1590664e+98 -3.2898539e+97 4.7083847e+96 -6.3188977e+95 7.9374666e+94 -9.3129194e+93 1.0181749e+93 -1.0345414e+92 9.7355851e+90 -8.5075838e+89 6.4612735e+88 -8.8571928e+87 -3.0760046e+87 -3.6517867e+87
         0 3.270457e+110 -6.0502261e+110 7.969446e+110 -8.8588807e+110 8.7653117e+110 -7.9052916e+110 6.5819216e+110 -5.0977913e+110 3.6910813e+110 -2.5069429e+110 1.601093e+110 -9.6329716e+109 5.4673807e+109 -2.9305137e+109 1.4846506e+109 -7.1140117e+108 3.2258705e+108 -1.3848492e+108 5.630132e+107 -2.1681717e+107 7.9102593e+106 -2.7342573e+106 8.9544145e+105 -2.7781149e+105 8.1641858e+104 -2.2721012e+104 5.9863753e+103 -1.4926455e+103 3.5205019e+102 -7.849968e+101 1.6537336e+101 -3.2890621e+100 6.1704028e+99 -1.0908449e+99 1.8152449e+98 -2.8397503e+97 4.1703758e+96 -5.7400582e+95 7.3910653e+94 -8.8847598e+93 9.9474643e+92 -1.0345414e+92 9.9677164e+90 -8.8539969e+89 7.4770492e+88 -4.1625517e+87 2.2119784e+87 1.5264608e+87 1.6721776e+87
         0 -7.1512648e+109 1.3213863e+110 -1.7371048e+110 1.9256285e+110 -1.8985104e+110 1.7047933e+110 -1.4121181e+110 1.0872288e+110 -7.8193149e+109 5.2709717e+109 -3.3384722e+109 1.9903464e+109 -1.1184973e+109 5.9310819e+108 -2.9702475e+108 1.4057255e+108 -6.2904907e+107 2.6626829e+107 -1.066437e+107 4.0422353e+106 -1.4502122e+106 4.9247391e+105 -1.5829276e+105 4.8152199e+104 -1.386009e+104 3.7739332e+103 -9.717364e+102 2.365046e+102 -5.437998e+101 1.1805282e+101 -2.4178866e+100 4.6682404e+99 -8.4880936e+98 1.4518771e+98 -2.3332975e+97 3.5181626e+96 -4.9690143e+95 6.5621066e+94 -8.0860996e+93 9.2755226e+92 -9.8782579e+91 9.7355851e+90 -8.8539969e+89 7.2883632e+88 -6.253173e+87 -3.8778232e+86 -7.5525987e+86 -7.3421171e+86 -7.3952729e+86
         0 1.5106384e+109 -2.7878537e+109 3.6573838e+109 -4.0426234e+109 3.9709286e+109 -3.5496154e+109 2.9245106e+109 -2.2377812e+109 1.5981641e+109 -1.0689071e+109 6.7117086e+108 -3.9635805e+108 2.2044636e+108 -1.1559606e+108 5.7196725e+107 -2.6722183e+107 1.1794144e+107 -4.9195183e+106 1.9398228e+106 -7.2321121e+105 2.54961e+105 -8.4994993e+104 2.6791305e+104 -7.983806e+103 2.2487471e+103 -5.9847781e+102 1.5043757e+102 -3.5698441e+101 7.9922304e+100 -1.6869718e+100 3.3543964e+99 -6.2773928e+98 1.1044213e+98 -1.8245141e+97 2.8262452e+96 -4.0985813e+95 5.5543927e+94 -7.0199312e+93 8.2551188e+92 -9.0096014e+91 9.1039387e+90 -8.5075838e+89 7.4770492e+88 -6.253173e+87 1.1284109e+87 1.2311344e+86 4.0059953e+86 2.9318192e+86 3.3206982e+86
         0 -3.0826213e+108 5.6815903e+108 -7.4376837e+108 8.1964312e+108 -8.0200149e+108 7.135318e+108 -5.8460357e+108 4.4445642e+108 -3.1511044e+108 2.090436e+108 -1.3007977e+108 7.606177e+107 -4.1850768e+107 2.1691099e+107 -1.0598872e+107 4.8855906e+106 -2.1255358e+106 8.731201e+105 -3.3872435e+105 1.2412392e+105 -4.2966592e+104 1.4049607e+104 -4.3391955e+103 1.2655593e+103 -3.4846751e+102 9.0549776e+101 -2.2195008e+101 5.1288497e+100 -1.1165767e+100 2.2883262e+99 -4.4107277e+98 7.9874402e+97 -1.3573313e+97 2.1614586e+96 -3.2204002e+95 4.4812538e+94 -5.8120885e+93 7.0095795e+92 -7.8392457e+91 8.0991867e+90 -7.6739053e+89 6.4612735e+88 -4.1625517e+87 -3.8778232e+86 1.2311344e+86 -2.6163259e+86 -8.7324222e+85 -1.5860783e+86 -1.3372521e+86
         0 6.0752799e+107 -1.1182358e+108 1.4605966e+108 -1.6045687e+108 1.5637294e+108 -1.38441e+108 1.1276902e+108 -8.5162061e+107 5.9921056e+107 -3.9415158e+107 2.4297094e+107 -1.4061622e+107 7.6506822e+106 -3.9174685e+106 1.8893201e+106 -8.5876368e+105 3.6805898e+105 -1.4879507e+105 5.6753119e+104 -2.04258e+104 6.9370185e+103 -2.2230387e+103 6.7210603e+102 -1.9166438e+102 5.1536285e+101 -1.3060676e+101 3.1179345e+100 -7.0070862e+99 1.481311e+99 -2.9431135e+98 5.4900054e+97 -9.6035022e+96 1.5732199e+96 -2.4098007e+95 3.4454144e+94 -4.5889023e+93 5.6811767e+92 -6.5242391e+91 6.9478452e+90 -6.9305924e+89 6.9139316e+88 -8.8571928e+87 2.2119784e+87 -7.5525987e+86 4.0059953e+86 -8.7324222e+85 1.1781995e+86 3.4426789e+85 6.3805184e+85
         0 -1.1504044e+107 2.1145618e+107 -2.7556361e+107 3.0175631e+107 -2.9286532e+107 2.5797701e+107 -2.0888982e+107 1.5666985e+107 -1.0937802e+107 7.132195e+106 -4.3543109e+106 2.4934384e+106 -1.3410678e+106 6.7815343e+105 -3.2268493e+105 1.4456704e+105 -6.1009715e+104 2.4261056e+104 -9.092695e+103 3.2121256e+103 -1.0695727e+103 3.3566373e+102 -9.9263809e+101 2.7653066e+101 -7.2542212e+100 1.7910872e+100 -4.1596395e+99 9.080089e+98 -1.8614273e+98 3.5800432e+97 -6.452286e+96 1.0882877e+96 -1.7152015e+95 2.521537e+94 -3.4506909e+93 4.3847736e+92 -5.1545541e+91 5.5595139e+90 -5.3270362e+89 3.6894815e+88 2.7766482e+87 -3.0760046e+87 1.5264608e+87 -7.3421171e+86 2.9318192e+86 -1.5860783e+86 3.4426789e+85 -4.4615134e+85 -1.6703099e+85
         0 1.7495194e+106 -3.2120795e+106 4.1778246e+106 -4.5625888e+106 4.4127863e+106 -3.8705985e+106 3.1183666e+106 -2.3252339e+106 1.6126441e+106 -1.0437864e+106 6.3202822e+105 -3.5866426e+105 1.9100756e+105 -9.5558482e+104 4.4945306e+104 -1.9886246e+104 8.2806214e+103 -3.2459667e+103 1.1980447e+103 -4.1636891e+102 1.3625178e+102 -4.1976099e+101 1.2171675e+101 -3.3207302e+100 8.5202195e+99 -2.0547121e+99 4.6540393e+98 -9.8929672e+97 1.9715915e+97 -3.6796744e+96 6.4229888e+95 -1.0470123e+95 1.5911871e+94 -2.2503785e+93 2.9571181e+92 -3.6124965e+91 4.1534092e+90 -4.8130843e+89 7.2390966e+88 -1.961624e+88 8.0460519e+87 -3.6517867e+87 1.6721776e+87 -7.3952729e+86 3.3206982e+86 -1.3372521e+86 6.3805184e+85 -1.6703099e+85 1.1658493e+85