         0          0          0          0          0          0          0          0          0          0          0          0          0          0          0          0          0          0          0          0          0          0          0          0          0          0          0          0          0          0          0          0          0          0          0          0          0          0          0          0          0          0          0          0          0          0          0          0          0          0
         0 8.9996869e+110 -1.6910798e+111 2.2861923e+111 -2.6355956e+111 2.7328293e+111 -2.610042e+111 2.3255109e+111 -1.9478312e+111 1.5413953e+111 -1.156401e+111 8.2456886e+110 -5.5988176e+110 3.6254662e+110 -2.2415628e+110 1.3246095e+110 -7.4875148e+109 4.0514632e+109 -2.0998199e+109 1.0430085e+109 -4.9675589e+108 2.2695505e+108 -9.9506677e+107 4.1883045e+107 -1.6929417e+107 6.5734755e+106 -2.4525473e+106 8.7946469e+105 -3.0317782e+105 1.0049495e+105 -3.2036079e+104 9.8232332e+103 -2.8976931e+103 8.2240817e+102 -2.2459766e+102 5.902595e+101 -1.4928952e+101 3.6339946e+100 -8.5137172e+99 1.919715e+99 -4.1661086e+98 8.7013233e+97 -1.7489454e+97 3.3827448e+96 -6.2953562e+95 1.1271337e+95 -1.941197e+94 3.2151378e+93 -5.1048267e+92 6.6873217e+91
         0 -1.6910798e+111 3.1774715e+111 -4.2953486e+111 4.9513059e+111 -5.1332928e+111 4.9018588e+111 -4.3666526e+111 3.6566695e+111 -2.8929419e+111 2.1697641e+111 -1.5466657e+111 1.0498284e+111 -6.79556e+110 4.1998961e+110 -2.4807814e+110 1.4016446e+110 -7.5805057e+109 3.9268173e+109 -1.9494179e+109 9.2790714e+108 -4.2367355e+108 1.8563468e+108 -7.808104e+107 3.1538027e+107 -1.2236495e+107 4.5617639e+106 -1.6344464e+106 5.6294962e+105 -1.8643117e+105 5.9374184e+104 -1.8187704e+104 5.3594638e+103 -1.5194329e+103 4.144797e+102 -1.0879847e+102 2.7483229e+101 -6.6812401e+100 1.5631511e+100 -3.5196599e+99 7.6269096e+98 -1.5904783e+98 3.1916245e+97 -6.1626109e+96 1.1448292e+96 -2.0458955e+95 3.5166212e+94 -5.8124828e+93 9.2090192e+92 -1.2041102e+92
         0 2.2861923e+111 -4.2953486e+111 5.8057989e+111 -6.6912749e+111 6.9356854e+111 -6.6212056e+111 5.8963942e+111 -4.9358711e+111 3.903342e+111 -2.9262184e+111 2.0848097e+111 -1.4143027e+111 9.1491687e+110 -5.6507399e+110 3.3353665e+110 -1.8830375e+110 1.0175662e+110 -5.2665451e+109 2.6120864e+109 -1.2421129e+109 5.6654961e+108 -2.4796556e+108 1.0417862e+108 -4.2028397e+107 1.6286005e+107 -6.0633511e+106 2.1694289e+106 -7.4612343e+105 2.4671568e+105 -7.8448133e+104 2.3990435e+104 -7.0570668e+103 1.9970691e+103 -5.4373609e+102 1.4244398e+102 -3.5907643e+101 8.7103106e+100 -2.0332584e+100 4.5673346e+99 -9.8726648e+98 2.0534672e+98 -4.1095465e+97 7.9125003e+96 -1.4655414e+96 2.6108814e+95 -4.4731104e+94 7.3681125e+93 -1.1632115e+93 1.516167e+92
         0 -2.6355956e+111 4.9513059e+111 -6.6912749e+111 7.7099487e+111 -7.9891013e+111 7.6239791e+111 -6.7863669e+111 5.6779415e+111 -4.4875573e+111 3.3619894e+111 -2.3935476e+111 1.622459e+111 -1.0486685e+111 6.470777e+110 -3.8155599e+110 2.1518205e+110 -1.1614769e+110 6.0040258e+109 -2.9739985e+109 1.4122703e+109 -6.4322778e+108 2.8109568e+108 -1.179078e+108 4.7486725e+107 -1.8368466e+107 6.8259401e+106 -2.4375191e+106 8.3661637e+105 -2.7604791e+105 8.7578978e+104 -2.6720275e+104 7.8409175e+103 -2.213238e+103 6.0098831e+102 -1.5700489e+102 3.946328e+101 -9.5437839e+100 2.2207562e+100 -4.9719896e+99 1.0710142e+99 -2.2195911e+98 4.4251747e+97 -8.4864168e+96 1.5653122e+96 -2.7764856e+95 4.7351198e+94 -7.7623466e+93 1.219346e+93 -1.5823541e+92
         0 2.7328293e+111 -5.1332928e+111 6.9356854e+111 -7.9891013e+111 8.2750751e+111 -7.8930512e+111 7.0218469e+111 -5.8710698e+111 4.6367116e+111 -3.4708153e+111 2.4687295e+111 -1.6717159e+111 1.0793071e+111 -6.6518415e+110 3.9172619e+110 -2.2061198e+110 1.1890272e+110 -6.1367842e+109 3.0346911e+109 -1.4385492e+109 6.5397599e+108 -2.8523147e+108 1.1939531e+108 -4.7981368e+107 1.8517486e+107 -6.8648666e+106 2.4452799e+106 -8.3707953e+105 2.7544308e+105 -8.7136426e+104 2.6505543e+104 -7.753537e+103 2.1814096e+103 -5.9032024e+102 1.5366713e+102 -3.8480237e+101 9.2697765e+100 -2.1482135e+100 4.7891075e+99 -1.0270301e+99 2.1185347e+98 -4.2031404e+97 8.0195401e+96 -1.4713044e+96 2.5951464e+95 -4.3999079e+94 7.168468e+93 -1.118852e+93 1.4437401e+92
         0 -2.610042e+111 4.9018588e+111 -6.6212056e+111 7.6239791e+111 -7.8930512e+111 7.5241977e+111 -6.6890118e+111 5.5882542e+111 -4.4093052e+111 3.2972014e+111 -2.3425773e+111 1.5843157e+111 -1.0214925e+111 6.2862948e+110 -3.6961496e+110 2.0780743e+110 -1.1179933e+110 5.7590858e+109 -2.8421146e+109 1.3443567e+109 -6.0976393e+108 2.6531018e+108 -1.1077597e+108 4.4399368e+107 -1.7087348e+107 6.316178e+106 -2.2429513e+106 7.6535789e+105 -2.509989e+105 7.9125256e+104 -2.398051e+104 6.988053e+103 -1.9581843e+103 5.2769905e+102 -1.3676685e+102 3.4092122e+101 -8.1735971e+100 1.8847596e+100 -4.1799378e+99 8.9152218e+98 -1.8285624e+98 3.6062738e+97 -6.8379135e+96 1.2463429e+96 -2.1833398e+95 3.6752135e+94 -5.9428049e+93 9.2030286e+92 -1.1793312e+92
         0 2.3255109e+111 -4.3666526e+111 5.8963942e+111 -6.7863669e+111 7.0218469e+111 -6.6890118e+111 5.9416019e+111 -4.9590896e+111 3.9086291e+111 -2.9192575e+111 2.0712735e+111 -1.3987673e+111 9.0041475e+110 -5.5315749e+110 3.2463311e+110 -1.8215269e+110 9.7788188e+109 -5.0259032e+109 2.4743173e+109 -1.1674023e+109 5.2807768e+108 -2.2911671e+108 9.537851e+107 -3.810814e+107 1.4617862e+107 -5.3847084e+106 1.9052622e+106 -6.4766852e+105 2.1156177e+105 -6.6416943e+104 2.0041902e+104 -5.8139153e+103 1.6214739e+103 -4.3480524e+102 1.1211031e+102 -2.7795523e+101 6.6265162e+100 -1.51904e+100 3.348179e+99 -7.0953684e+98 1.4455338e+98 -2.8308535e+97 5.3281844e+96 -9.6369207e+95 1.6745804e+95 -2.7949873e+94 4.4794016e+93 -6.8727759e+92 8.7351696e+91
         0 -1.9478312e+111 3.6566695e+111 -4.9358711e+111 5.6779415e+111 -5.8710698e+111 5.5882542e+111 -4.9590896e+111 4.1344752e+111 -3.2546076e+111 2.4273804e+111 -1.7196079e+111 1.1593085e+111 -7.4489043e+110 4.5669795e+110 -2.6744673e+110 1.4971917e+110 -8.0178504e+109 4.110049e+109 -2.0178099e+109 9.4922009e+108 -4.2804959e+108 1.8511e+108 -7.6793758e+107 3.0571668e+107 -1.1682427e+107 4.2862645e+106 -1.5102767e+106 5.1115718e+105 -1.6620762e+105 5.192946e+104 -1.5591965e+104 4.4994547e+103 -1.2480406e+103 3.3276313e+102 -8.5289799e+101 2.1014639e+101 -4.9774497e+100 1.1332831e+100 -2.4802305e+99 5.2171352e+98 -1.0546568e+98 2.048659e+97 -3.8232748e+96 6.8536711e+95 -1.1798685e+95 1.9500791e+94 -3.0933402e+93 4.6955979e+92 -5.9116006e+91
         0 1.5413953e+111 -2.8929419e+111 3.903342e+111 -4.4875573e+111 4.6367116e+111 -4.4093052e+111 3.9086291e+111 -3.2546076e+111 2.5583485e+111 -1.9050599e+111 1.347214e+111 -9.0650225e+110 5.8123385e+110 -3.5555082e+110 2.0770593e+110 -1.1597175e+110 6.1932608e+109 -3.1653191e+109 1.5491063e+109 -7.2630417e+108 3.2637369e+108 -1.4061693e+108 5.810799e+107 -2.3038002e+107 8.765686e+106 -3.201607e+106 1.1227634e+106 -3.7812239e+105 1.2231382e+105 -3.8008617e+104 1.1347653e+104 -3.2553015e+103 8.9736873e+102 -2.3772138e+102 6.0519542e+101 -1.4806587e+101 3.4812657e+100 -7.8654215e+99 1.7075667e+99 -3.5617261e+98 7.1369795e+97 -1.3736323e+97 2.5389034e+96 -4.5055196e+95 7.6745868e+94 -1.2544368e+94 1.9668058e+93 -2.9495174e+92 3.6734551e+91
         0 -1.156401e+111 2.1697641e+111 -2.9262184e+111 3.3619894e+111 -3.4708153e+111 3.2972014e+111 -2.9192575e+111 2.4273804e+111 -1.9050599e+111 1.4160726e+111 -9.9944626e+110 6.7105073e+110 -4.2925777e+110 2.6191865e+110 -1.5259038e+110 8.4949189e+109 -4.5224059e+109 2.3036907e+109 -1.1234572e+109 5.2477515e+108 -2.3488676e+108 1.0078065e+108 -4.1464565e+107 1.6364064e+107 -6.1963846e+106 2.2517746e+106 -7.8549779e+105 2.6307597e+105 -8.460676e+104 2.6132274e+104 -7.7526017e+103 2.2093016e+103 -6.0482291e+102 1.5906871e+102 -4.0191222e+101 9.7558036e+100 -2.2749101e+100 5.095737e+99 -1.0963553e+99 2.2653983e+98 -4.4949093e+97 8.5625047e+96 -1.5656339e+96 2.7471338e+95 -4.6242811e+94 7.4651848e+93 -1.1552847e+93 1.7091316e+92 -2.1029808e+91
         0 8.2456886e+110 -1.5466657e+111 2.0848097e+111 -2.3935476e+111 2.4687295e+111 -2.3425773e+111 2.0712735e+111 -1.7196079e+111 1.347214e+111 -9.9944626e+110 7.0386378e+110 -4.7146417e+110 3.0080436e+110 -1.8302603e+110 1.0630684e+110 -5.8991203e+109 3.1296577e+109 -1.5883819e+109 7.7160254e+108 -3.589369e+108 1.5995976e+108 -6.8317897e+107 2.7972748e+107 -1.0983559e+107 4.1368967e+106 -1.4949725e+106 5.1845327e+105 -1.7257703e+105 5.5146877e+104 -1.6919198e+104 4.9843065e+103 -1.4100351e+103 3.8307005e+102 -9.9945025e+101 2.5042575e+101 -6.0258724e+100 1.3923881e+100 -3.0893268e+99 6.5808424e+98 -1.3457073e+98 2.6411591e+97 -4.9741851e+96 8.9872294e+95 -1.5573378e+95 2.5873319e+94 -4.1197798e+93 6.2842228e+92 -9.157976e+91 1.1117607e+91
         0 -5.5988176e+110 1.0498284e+111 -1.4143027e+111 1.622459e+111 -1.6717159e+111 1.5843157e+111 -1.3987673e+111 1.1593085e+111 -9.0650225e+110 6.7105073e+110 -4.7146417e+110 3.1497284e+110 -2.0038838e+110 1.215526e+110 -7.0367785e+109 3.8909758e+109 -2.0564729e+109 1.0395155e+109 -5.0282065e+108 2.3284822e+108 -1.0327399e+108 4.3886208e+107 -1.7874241e+107 6.9793891e+106 -2.6134301e+106 9.3865951e+105 -3.2344198e+105 1.0694266e+105 -3.3934008e+104 1.0334765e+104 -3.0212554e+103 8.4785993e+102 -2.284165e+102 5.9074832e+101 -1.4667027e+101 3.4956404e+100 -7.9969472e+99 1.7558565e+99 -3.699661e+98 7.4794445e+97 -1.4505164e+97 2.6978471e+96 -4.8109653e+95 8.2229625e+94 -1.3466281e+94 2.1120871e+93 -3.1710627e+92 4.5453777e+91 -5.4367185e+90
         0 3.6254662e+110 -6.79556e+110 9.1491687e+110 -1.0486685e+111 1.0793071e+111 -1.0214925e+111 9.0041475e+110 -7.4489043e+110 5.8123385e+110 -4.2925777e+110 3.0080436e+110 -2.0038838e+110 1.270945e+110 -7.6835769e+109 4.4320772e+109 -2.4412628e+109 1.2849574e+109 -6.4668416e+108 3.1135376e+108 -1.4347496e+108 6.3304807e+107 -2.6754351e+107 1.0834032e+107 -4.2048323e+106 1.5645173e+106 -5.5818954e+105 1.9100122e+105 -6.2692362e+104 1.9741302e+104 -5.9643917e+103 1.7291004e+103 -4.8101694e+102 1.2840939e+102 -3.2894793e+101 8.086052e+100 -1.9072025e+100 4.3158501e+99 -9.3689195e+98 1.9507245e+98 -3.894933e+97 7.4558957e+96 -1.36797e+96 2.404879e+95 -4.0494273e+94 6.5283116e+93 -1.0072003e+93 1.4862821e+92 -2.0923205e+91 2.4622793e+90
         0 -2.2415628e+110 4.1998961e+110 -5.6507399e+110 6.470777e+110 -6.6518415e+110 6.2862948e+110 -5.5315749e+110 4.5669795e+110 -3.5555082e+110 2.6191865e+110 -1.8302603e+110 1.215526e+110 -7.6835769e+109 4.628351e+109 -2.659357e+109 1.4587121e+109 -7.6437678e+108 3.8286988e+108 -1.8341217e+108 8.4069416e+107 -3.6885629e+107 1.5496786e+107 -6.2363348e+106 2.4045971e+106 -8.8856072e+105 3.1474329e+105 -1.0688818e+105 3.480751e+104 -1.0870258e+104 3.2559022e+103 -9.3539664e+102 2.5776797e+102 -6.8135538e+101 1.7275071e+101 -4.2009138e+100 9.7973361e+99 -2.1910925e+99 4.6982383e+98 -9.6571401e+97 1.9024018e+97 -3.5907066e+96 6.4915261e+95 -1.1236955e+95 1.8617023e+94 -2.9507603e+93 4.4719573e+92 -6.4764998e+91 8.9404534e+90 -1.0336627e+90
         0 1.3246095e+110 -2.4807814e+110 3.3353665e+110 -3.8155599e+110 3.9172619e+110 -3.6961496e+110 3.2463311e+110 -2.6744673e+110 2.0770593e+110 -1.5259038e+110 1.0630684e+110 -7.0367785e+109 4.4320772e+109 -2.659357e+109 1.5216148e+109 -8.3089379e+108 4.333113e+108 -2.1593722e+108 1.0288535e+108 -4.6889519e+107 2.0448814e+107 -8.5365798e+106 3.4123859e+106 -1.3064995e+106 4.7922581e+105 -1.684378e+105 5.6739044e+104 -1.8320138e+104 5.6705838e+103 -1.6827282e+103 4.7875037e+102 -1.3059354e+102 3.4154402e+101 -8.563776e+100 2.05847e+100 -4.7428202e+99 1.0473183e+99 -2.2161115e+98 4.492413e+97 -8.7222688e+96 1.6214697e+96 -2.8851322e+95 4.9116436e+94 -7.9964303e+93 1.2443801e+93 -1.8499083e+92 2.6254281e+91 -3.5483329e+90 4.0243792e+89
         0 -7.4875148e+109 1.4016446e+110 -1.8830375e+110 2.1518205e+110 -2.2061198e+110 2.0780743e+110 -1.8215269e+110 1.4971917e+110 -1.1597175e+110 8.4949189e+109 -5.8991203e+109 3.8909758e+109 -2.4412628e+109 1.4587121e+109 -8.3089379e+108 4.5153877e+108 -2.3427057e+108 1.161104e+108 -5.5002047e+107 2.4913587e+107 -1.0794803e+107 4.4757377e+106 -1.7763058e+106 6.7497676e+105 -2.4562741e+105 8.561814e+104 -2.8590743e+104 9.1476915e+103 -2.8045684e+103 8.2398124e+102 -2.3199571e+102 6.2597151e+101 -1.6185554e+101 4.0102444e+100 -9.5200918e+99 2.1651082e+99 -4.7164051e+98 9.8388279e+97 -1.9650163e+97 3.756213e+96 -6.8698308e+95 1.2016628e+95 -2.009397e+94 3.2105282e+93 -4.898566e+92 7.1329308e+91 -9.9050491e+90 1.3085107e+90 -1.4535336e+89
         0 4.0514632e+109 -7.5805057e+109 1.0175662e+110 -1.1614769e+110 1.1890272e+110 -1.1179933e+110 9.7788188e+109 -8.0178504e+109 6.1932608e+109 -4.5224059e+109 3.1296577e+109 -2.0564729e+109 1.2849574e+109 -7.6437678e+108 4.333113e+108 -2.3427057e+108 1.2088116e+108 -5.9563252e+107 2.8041329e+107 -1.2618628e+107 5.4298469e+106 -2.2349728e+106 8.8022633e+105 -3.317911e+105 1.197231e+105 -4.1363117e+104 1.368469e+104 -4.3360368e+103 1.3158997e+103 -3.8251249e+102 1.0650459e+102 -2.8404228e+101 7.2554904e+100 -1.7749305e+100 4.1578849e+99 -9.3254353e+98 2.002087e+98 -4.1134598e+97 8.0856701e+96 -1.5200667e+96 2.7319874e+95 -4.6921545e+94 7.6970879e+93 -1.2053048e+93 1.8005698e+92 -2.564246e+91 3.4785339e+90 -4.4841364e+89 4.8706453e+88
         0 -2.0998199e+109 3.9268173e+109 -5.2665451e+109 6.0040258e+109 -6.1367842e+109 5.7590858e+109 -5.0259032e+109 4.110049e+109 -3.1653191e+109 2.3036907e+109 -1.5883819e+109 1.0395155e+109 -6.4668416e+108 3.8286988e+108 -2.1593722e+108 1.161104e+108 -5.9563252e+107 2.9167763e+107 -1.3641574e+107 6.0961107e+106 -2.603957e+106 1.0635338e+106 -4.1546053e+105 1.552658e+105 -5.5523819e+104 1.9002655e+104 -6.2249988e+103 1.9520809e+103 -5.8602808e+102 1.6842816e+102 -4.6343092e+101 1.2207094e+101 -3.0779645e+100 7.4283042e+99 -1.7156321e+99 3.7912548e+98 -8.0142584e+97 1.6201038e+97 -3.1309648e+96 5.7823438e+95 -1.020072e+95 1.7180833e+94 -2.7612258e+93 4.2318664e+92 -6.1805892e+91 8.5951936e+90 -1.1371633e+90 1.4279138e+89 -1.5139816e+88
         0 1.0430085e+109 -1.9494179e+109 2.6120864e+109 -2.9739985e+109 3.0346911e+109 -2.8421146e+109 2.4743173e+109 -2.0178099e+109 1.5491063e+109 -1.1234572e+109 7.7160254e+108 -5.0282065e+108 3.1135376e+108 -1.8341217e+108 1.0288535e+108 -5.5002047e+107 2.8041329e+107 -1.3641574e+107 6.3356811e+106 -2.8104289e+106 1.1911454e+106 -4.8251431e+105 1.8686553e+105 -6.9202833e+104 2.4512015e+104 -8.3054469e+103 2.6923295e+103 -8.350477e+102 2.4781822e+102 -7.0371911e+101 1.9120486e+101 -4.9705555e+100 1.2361568e+100 -2.9406518e+99 6.6901467e+98 -1.4552959e+98 3.0260228e+97 -6.0125504e+96 1.141166e+96 -2.0680274e+95 3.5765907e+94 -5.8999442e+93 9.2773174e+92 -1.3896011e+92 1.9811288e+91 -2.6860383e+90 3.4598818e+89 -4.2241059e+88 4.3639242e+87
         0 -4.9675589e+108 9.2790714e+108 -1.2421129e+109 1.4122703e+109 -1.4385492e+109 1.3443567e+109 -1.1674023e+109 9.4922009e+108 -7.2630417e+108 5.2477515e+108 -3.589369e+108 2.3284822e+108 -1.4347496e+108 8.4069416e+107 -4.6889519e+107 2.4913587e+107 -1.2618628e+107 6.0961107e+106 -2.8104289e+106 1.2369608e+106 -5.1995035e+105 2.0879824e+105 -8.0124784e+104 2.9388616e+104 -1.0304882e+104 3.4547832e+103 -1.1075369e+103 3.3953493e+102 -9.95434e+101 2.7908632e+101 -7.4824217e+100 1.9181634e+100 -4.7012479e+99 1.1014142e+99 -2.4660658e+98 5.2754695e+97 -1.0779153e+97 2.1028918e+96 -3.9153926e+95 6.9542615e+94 -1.1776253e+94 1.9000996e+93 -2.9191626e+92 4.2669388e+91 -5.9289069e+90 7.8237126e+89 -9.7939594e+88 1.1603251e+88 -1.1658017e+87
         0 2.2695505e+108 -4.2367355e+108 5.6654961e+108 -6.4322778e+108 6.5397599e+108 -6.0976393e+108 5.2807768e+108 -4.2804959e+108 3.2637369e+108 -2.3488676e+108 1.5995976e+108 -1.0327399e+108 6.3304807e+107 -3.6885629e+107 2.0448814e+107 -1.0794803e+107 5.4298469e+106 -2.603957e+106 1.1911454e+106 -5.1995035e+105 2.1666083e+105 -8.6209006e+104 3.2763475e+104 -1.1895543e+104 4.1267586e+103 -1.3681073e+103 4.33467e+102 -1.3126169e+102 3.7990069e+101 -1.0508458e+101 2.777881e+100 -7.0168873e+99 1.6934142e+99 -3.9037455e+98 8.5939029e+97 -1.8061724e+97 3.6227113e+96 -6.9316285e+95 1.264616e+95 -2.1987219e+94 3.6408752e+93 -5.7380911e+92 8.6004481e+91 -1.2248774e+91 1.6560141e+90 -2.123088e+89 2.5779909e+88 -2.9576659e+87 2.8844871e+86
         0 -9.9506677e+107 1.8563468e+108 -2.4796556e+108 2.8109568e+108 -2.8523147e+108 2.6531018e+108 -2.2911671e+108 1.8511e+108 -1.4061693e+108 1.0078065e+108 -6.8317897e+107 4.3886208e+107 -2.6754351e+107 1.5496786e+107 -8.5365798e+106 4.4757377e+106 -2.2349728e+106 1.0635338e+106 -4.8251431e+105 2.0879824e+105 -8.6209006e+104 3.3971554e+104 -1.2779724e+104 4.5904694e+103 -1.5746697e+103 5.159022e+102 -1.6144386e+102 4.8257478e+101 -1.3778161e+101 3.7573153e+100 -9.785458e+99 2.4335468e+99 -5.7779129e+98 1.3093975e+98 -2.8314934e+97 5.8405509e+96 -1.1487141e+96 2.153222e+95 -3.8446297e+94 6.5350384e+93 -1.0567568e+93 1.6244408e+92 -2.3717181e+91 3.2857662e+90 -4.3147914e+89 5.364286e+88 -6.3054467e+87 6.9896328e+86 -6.6057318e+85
         0 4.1883045e+107 -7.808104e+107 1.0417862e+108 -1.179078e+108 1.1939531e+108 -1.1077597e+108 9.537851e+107 -7.6793758e+107 5.810799e+107 -4.1464565e+107 2.7972748e+107 -1.7874241e+107 1.0834032e+107 -6.2363348e+106 3.4123859e+106 -1.7763058e+106 8.8022633e+105 -4.1546053e+105 1.8686553e+105 -8.0124784e+104 3.2763475e+104 -1.2779724e+104 4.7562244e+103 -1.6892452e+103 5.7262855e+102 -1.8528678e+102 5.7230736e+101 -1.6874507e+101 4.7493486e+100 -1.2758603e+100 3.2710199e+99 -8.0019987e+98 1.8674611e+98 -4.1564479e+97 8.8199636e+96 -1.7836739e+96 3.4361471e+95 -6.3024581e+94 1.0999503e+94 -1.82545e+93 2.8785417e+92 -4.3093537e+91 6.1189306e+90 -8.2318983e+89 1.0480169e+89 -1.2609528e+88 1.4317327e+87 -1.5295936e+86 1.4000972e+85
         0 -1.6929417e+107 3.1538027e+107 -4.2028397e+107 4.7486725e+107 -4.7981368e+107 4.4399368e+107 -3.810814e+107 3.0571668e+107 -2.3038002e+107 1.6364064e+107 -1.0983559e+107 6.9793891e+106 -4.2048323e+106 2.4045971e+106 -1.3064995e+106 6.7497676e+105 -3.317911e+105 1.552658e+105 -6.9202833e+104 2.9388616e+104 -1.1895543e+104 4.5904694e+103 -1.6892452e+103 5.9287715e+102 -1.9848432e+102 6.3388468e+101 -1.9312126e+101 5.6127932e+100 -1.5560745e+100 4.1146864e+99 -1.0375989e+99 2.4946976e+98 -5.7172626e+97 1.2485386e+97 -2.5971401e+96 5.1437142e+95 -9.6944978e+94 1.7377534e+94 -2.96059e+93 4.7903945e+92 -7.3553261e+91 1.0706809e+91 -1.475998e+90 1.9247041e+89 -2.3709294e+88 2.7548375e+87 -3.0146374e+86 3.0943755e+85 -2.7542012e+84
         0 6.5734755e+106 -1.2236495e+107 1.6286005e+107 -1.8368466e+107 1.8517486e+107 -1.7087348e+107 1.4617862e+107 -1.1682427e+107 8.765686e+106 -6.1963846e+106 4.1368967e+106 -2.6134301e+106 1.5645173e+106 -8.8856072e+105 4.7922581e+105 -2.4562741e+105 1.197231e+105 -5.5523819e+104 2.4512015e+104 -1.0304882e+104 4.1267586e+103 -1.5746697e+103 5.7262855e+102 -1.9848432e+102 6.5583454e+101 -2.0658626e+101 6.2037046e+100 -1.7759297e+100 4.8460356e+99 -1.2602971e+99 3.1232117e+98 -7.3733543e+97 1.6578002e+97 -3.5484987e+96 7.2279737e+95 -1.4003357e+95 2.5789539e+94 -4.511992e+93 7.493525e+92 -1.1804177e+92 1.7620182e+91 -2.4897374e+90 3.3262364e+89 -4.1959918e+88 4.9906458e+87 -5.5869326e+86 5.8787477e+85 -5.76974e+84 5.1002459e+83
         0 -2.4525473e+106 4.5617639e+106 -6.0633511e+106 6.8259401e+106 -6.8648666e+106 6.316178e+106 -5.3847084e+106 4.2862645e+106 -3.201607e+106 2.2517746e+106 -1.4949725e+106 9.3865951e+105 -5.5818954e+105 3.1474329e+105 -1.684378e+105 8.561814e+104 -4.1363117e+104 1.9002655e+104 -8.3054469e+103 3.4547832e+103 -1.3681073e+103 5.159022e+102 -1.8528678e+102 6.3388468e+101 -2.0658626e+101 6.4140549e+100 -1.8971285e+100 5.3452043e+99 -1.4344436e+99 3.6658873e+98 -8.9197317e+97 2.0657456e+97 -4.5520064e+96 9.5400384e+95 -1.9006784e+95 3.5977913e+94 -6.4662818e+93 1.102679e+93 -1.7826349e+92 2.7295553e+91 -3.9544377e+90 5.4141739e+89 -6.9962186e+88 8.5199325e+87 -9.7619916e+86 1.0502288e+86 -1.0604519e+85 9.8444717e+83 -9.3993798e+82
         0 8.7946469e+105 -1.6344464e+106 2.1694289e+106 -2.4375191e+106 2.4452799e+106 -2.2429513e+106 1.9052622e+106 -1.5102767e+106 1.1227634e+106 -7.8549779e+105 5.1845327e+105 -3.2344198e+105 1.9100122e+105 -1.0688818e+105 5.6739044e+104 -2.8590743e+104 1.368469e+104 -6.2249988e+103 2.6923295e+103 -1.1075369e+103 4.33467e+102 -1.6144386e+102 5.7230736e+101 -1.9312126e+101 6.2037046e+100 -1.8971285e+100 5.5226587e+99 -1.5302534e+99 4.0353021e+98 -1.0125006e+98 2.4165971e+97 -5.4847748e+96 1.183276e+96 -2.4253946e+95 4.7207546e+94 -8.7196937e+93 1.5273604e+93 -2.5350127e+92 3.9830803e+91 -5.918472e+90 8.3070526e+89 -1.0999265e+89 1.3718992e+88 -1.6091709e+87 1.7718337e+86 -1.8264658e+85 1.7692375e+84 -1.4993901e+83 2.03423e+82
         0 -3.0317782e+105 5.6294962e+105 -7.4612343e+105 8.3661637e+105 -8.3707953e+105 7.6535789e+105 -6.4766852e+105 5.1115718e+105 -3.7812239e+105 2.6307597e+105 -1.7257703e+105 1.0694266e+105 -6.2692362e+104 3.480751e+104 -1.8320138e+104 9.1476915e+103 -4.3360368e+103 1.9520809e+103 -8.350477e+102 3.3953493e+102 -1.3126169e+102 4.8257478e+101 -1.6874507e+101 5.6127932e+100 -1.7759297e+100 5.3452043e+99 -1.5302534e+99 4.1664559e+98 -1.0786806e+98 2.6548099e+97 -6.2094394e+96 1.3796992e+96 -2.9109379e+95 5.8286523e+94 -1.1069407e+94 1.9924939e+93 -3.396561e+92 5.4784611e+91 -8.352386e+90 1.2022504e+90 -1.6317301e+89 2.0851462e+88 -2.5046486e+87 2.8226959e+86 -2.9790322e+85 2.9308626e+84 -2.7439728e+83 1.8115558e+82 -6.5367971e+81
         0 1.0049495e+105 -1.8643117e+105 2.4671568e+105 -2.7604791e+105 2.7544308e+105 -2.509989e+105 2.1156177e+105 -1.6620762e+105 1.2231382e+105 -8.460676e+104 5.5146877e+104 -3.3934008e+104 1.9741302e+104 -1.0870258e+104 5.6705838e+103 -2.8045684e+103 1.3158997e+103 -5.8602808e+102 2.4781822e+102 -9.95434e+101 3.7990069e+101 -1.3778161e+101 4.7493486e+100 -1.5560745e+100 4.8460356e+99 -1.4344436e+99 4.0353021e+98 -1.0786806e+98 2.7392729e+97 -6.606572e+96 1.5127196e+96 -3.2869519e+95 6.7742049e+94 -1.3234103e+94 2.4490847e+93 -4.289883e+92 7.1061125e+91 -1.1120518e+91 1.6422101e+90 -2.2855166e+89 2.9933827e+88 -3.6834253e+87 4.2506575e+86 -4.5902147e+85 4.6313765e+84 -4.3172808e+83 4.0692617e+82 -2.2741984e+80 3.0337475e+81
         0 -3.2036079e+104 5.9374184e+104 -7.8448133e+104 8.7578978e+104 -8.7136426e+104 7.9125256e+104 -6.6416943e+104 5.192946e+104 -3.8008617e+104 2.6132274e+104 -1.6919198e+104 1.0334765e+104 -5.9643917e+103 3.2559022e+103 -1.6827282e+103 8.2398124e+102 -3.8251249e+102 1.6842816e+102 -7.0371911e+101 2.7908632e+101 -1.0508458e+101 3.7573153e+100 -1.2758603e+100 4.1146864e+99 -1.2602971e+99 3.6658873e+98 -1.0125006e+98 2.6548099e+97 -6.606572e+96 1.5598242e+96 -3.4926225e+95 7.4129257e+94 -1.4905216e+94 2.8373081e+93 -5.1092856e+92 8.6959725e+91 -1.3974863e+91 2.1181577e+90 -3.0241036e+89 4.061043e+88 -5.1212469e+87 6.0535818e+86 -6.6936068e+85 6.9049541e+84 -6.64866e+83 5.7495892e+82 -6.47157e+81 -1.2351228e+81 -1.6274104e+81
         0 9.8232332e+103 -1.8187704e+104 2.3990435e+104 -2.6720275e+104 2.6505543e+104 -2.398051e+104 2.0041902e+104 -1.5591965e+104 1.1347653e+104 -7.7526017e+103 4.9843065e+103 -3.0212554e+103 1.7291004e+103 -9.3539664e+102 4.7875037e+102 -2.3199571e+102 1.0650459e+102 -4.6343092e+101 1.9120486e+101 -7.4824217e+100 2.777881e+100 -9.785458e+99 3.2710199e+99 -1.0375989e+99 3.1232117e+98 -8.9197317e+97 2.4165971e+97 -6.2094394e+96 1.5127196e+96 -3.4926225e+95 7.6388206e+94 -1.5817554e+94 3.0988992e+93 -5.7398931e+92 1.0042783e+92 -1.6581805e+91 2.5807917e+90 -3.7815466e+89 5.2090863e+88 -6.7348599e+87 8.1579069e+86 -9.2386567e+85 9.7600908e+84 -9.5811889e+83 8.8290216e+82 -6.4708996e+81 1.4602346e+81 8.4986417e+80 8.92406e+80
         0 -2.8976931e+103 5.3594638e+103 -7.0570668e+103 7.8409175e+103 -7.753537e+103 6.988053e+103 -5.8139153e+103 4.4994547e+103 -3.2553015e+103 2.2093016e+103 -1.4100351e+103 8.4785993e+102 -4.8101694e+102 2.5776797e+102 -1.3059354e+102 6.2597151e+101 -2.8404228e+101 1.2207094e+101 -4.9705555e+100 1.9181634e+100 -7.0168873e+99 2.4335468e+99 -8.0019987e+98 2.4946976e+98 -7.3733543e+97 2.0657456e+97 -5.4847748e+96 1.3796992e+96 -3.2869519e+95 7.4129257e+94 -1.5817554e+94 3.1913003e+93 -6.0835323e+92 1.0948056e+92 -1.8581972e+91 2.971275e+90 -4.4704199e+89 6.3196684e+88 -8.380804e+87 1.0407225e+87 -1.2076797e+86 1.306472e+85 -1.3147336e+84 1.220684e+83 -1.1038936e+82 3.5380621e+80 -5.4312509e+80 -4.7872053e+80 -4.8279383e+80
         0 8.2240817e+102 -1.5194329e+103 1.9970691e+103 -2.213238e+103 2.1814096e+103 -1.9581843e+103 1.6214739e+103 -1.2480406e+103 8.9736873e+102 -6.0482291e+102 3.8307005e+102 -2.284165e+102 1.2840939e+102 -6.8135538e+101 3.4154402e+101 -1.6185554e+101 7.2554904e+100 -3.0779645e+100 1.2361568e+100 -4.7012479e+99 1.6934142e+99 -5.7779129e+98 1.8674611e+98 -5.7172626e+97 1.6578002e+97 -4.5520064e+96 1.183276e+96 -2.9109379e+95 6.7742049e+94 -1.4905216e+94 3.0988992e+93 -6.0835323e+92 1.126743e+92 -1.9669939e+91 3.2331076e+90 -4.997368e+89 7.253692e+88 -9.8715287e+87 1.2572909e+87 -1.4956322e+86 1.6578735e+85 -1.707566e+84 1.6326171e+83 -1.4109974e+82 1.419906e+81 1.6928334e+80 2.6138971e+80 2.5529154e+80 2.5561888e+80
         0 -2.2459766e+102 4.144797e+102 -5.4373609e+102 6.0098831e+102 -5.9032024e+102 5.2769905e+102 -4.3480524e+102 3.3276313e+102 -2.3772138e+102 1.5906871e+102 -9.9945025e+101 5.9074832e+101 -3.2894793e+101 1.7275071e+101 -8.563776e+100 4.0102444e+100 -1.7749305e+100 7.4283042e+99 -2.9406518e+99 1.1014142e+99 -3.9037455e+98 1.3093975e+98 -4.1564479e+97 1.2485386e+97 -3.5484987e+96 9.5400384e+95 -2.4253946e+95 5.8286523e+94 -1.3234103e+94 2.8373081e+93 -5.7398931e+92 1.0948056e+92 -1.9669939e+91 3.3253689e+90 -5.2834796e+89 7.8784953e+88 -1.1008476e+88 1.4387869e+87 -1.7553753e+86 1.9945274e+85 -2.1052205e+84 2.0561809e+83 -1.869104e+82 1.4065761e+81 -2.48972e+80 -1.2417286e+80 -1.3271308e+80 -1.3220259e+80 -1.322218e+80
         0 5.902595e+101 -1.0879847e+102 1.4244398e+102 -1.5700489e+102 1.5366713e+102 -1.3676685e+102 1.1211031e+102 -8.5289799e+101 6.0519542e+101 -4.0191222e+101 2.5042575e+101 -1.4667027e+101 8.086052e+100 -4.2009138e+100 2.05847e+100 -9.5200918e+99 4.1578849e+99 -1.7156321e+99 6.6901467e+98 -2.4660658e+98 8.5939029e+97 -2.8314934e+97 8.8199636e+96 -2.5971401e+96 7.2279737e+95 -1.9006784e+95 4.7207546e+94 -1.1069407e+94 2.4490847e+93 -5.1092856e+92 1.0042783e+92 -1.8581972e+91 3.2331076e+90 -5.2834796e+89 8.098394e+88 -1.16247e+88 1.5599123e+87 -1.9528955e+86 2.2757381e+85 -2.4619194e+84 2.4659513e+83 -2.270345e+82 1.999162e+81 -8.3264499e+79 7.7417653e+79 6.609683e+79 6.6830909e+79 6.6783788e+79 6.6788065e+79
         0 -1.4928952e+101 2.7483229e+101 -3.5907643e+101 3.946328e+101 -3.8480237e+101 3.4092122e+101 -2.7795523e+101 2.1014639e+101 -1.4806587e+101 9.7558036e+100 -6.0258724e+100 3.4956404e+100 -1.9072025e+100 9.7973361e+99 -4.7428202e+99 2.1651082e+99 -9.3254353e+98 3.7912548e+98 -1.4552959e+98 5.2754695e+97 -1.8061724e+97 5.8405509e+96 -1.7836739e+96 5.1437142e+95 -1.4003357e+95 3.5977913e+94 -8.7196937e+93 1.9924939e+93 -4.289883e+92 8.6959725e+91 -1.6581805e+91 2.971275e+90 -4.997368e+89 7.8784953e+88 -1.16247e+88 1.6024921e+87 -2.0597663e+86 2.4629524e+85 -2.7326438e+84 2.8043225e+83 -2.6570296e+82 2.2725942e+81 -2.1598827e+80 -1.9728404e+79 -3.3794627e+79 -3.2885443e+79 -3.293877e+79 -3.2934604e+79 -3.2935817e+79
         0 3.6339946e+100 -6.6812401e+100 8.7103106e+100 -9.5437839e+100 9.2697765e+100 -8.1735971e+100 6.6265162e+100 -4.9774497e+100 3.4812657e+100 -2.2749101e+100 1.3923881e+100 -7.9969472e+99 4.3158501e+99 -2.1910925e+99 1.0473183e+99 -4.7164051e+98 2.002087e+98 -8.0142584e+97 3.0260228e+97 -1.0779153e+97 3.6227113e+96 -1.1487141e+96 3.4361471e+95 -9.6944978e+94 2.5789539e+94 -6.4662818e+93 1.5273604e+93 -3.396561e+92 7.1061125e+91 -1.3974863e+91 2.5807917e+90 -4.4704199e+89 7.253692e+88 -1.1008476e+88 1.5599123e+87 -2.0597663e+86 2.5287005e+85 -2.8787802e+84 3.0303245e+83 -2.937293e+82 2.6321799e+81 -1.9714082e+80 3.1709733e+79 1.4743584e+79 1.594193e+79 1.5839303e+79 1.5858351e+79 1.5851463e+79 1.5854049e+79
         0 -8.5137172e+99 1.5631511e+100 -2.0332584e+100 2.2207562e+100 -2.1482135e+100 1.8847596e+100 -1.51904e+100 1.1332831e+100 -7.8654215e+99 5.095737e+99 -3.0893268e+99 1.7558565e+99 -9.3689195e+98 4.6982383e+98 -2.2161115e+98 9.8388279e+97 -4.1134598e+97 1.6201038e+97 -6.0125504e+96 2.1028918e+96 -6.9316285e+95 2.153222e+95 -6.3024581e+94 1.7377534e+94 -4.511992e+93 1.102679e+93 -2.5350127e+92 5.4784611e+91 -1.1120518e+91 2.1181577e+90 -3.7815466e+89 6.3196684e+88 -9.8715287e+87 1.4387869e+87 -1.9528955e+86 2.4629524e+85 -2.8787802e+84 3.1090612e+83 -3.092765e+82 2.8120665e+81 -2.417646e+80 1.0059027e+79 -8.5533687e+78 -7.4143613e+78 -7.4355445e+78 -7.4521256e+78 -7.445375e+78 -7.4473701e+78 -7.446926e+78
         0 1.919715e+99 -3.5196599e+99 4.5673346e+99 -4.9719896e+99 4.7891075e+99 -4.1799378e+99 3.348179e+99 -2.4802305e+99 1.7075667e+99 -1.0963553e+99 6.5808424e+98 -3.699661e+98 1.9507245e+98 -9.6571401e+97 4.492413e+97 -1.9650163e+97 8.0856701e+96 -3.1309648e+96 1.141166e+96 -3.9153926e+95 1.264616e+95 -3.8446297e+94 1.0999503e+94 -2.96059e+93 7.493525e+92 -1.7826349e+92 3.9830803e+91 -8.352386e+90 1.6422101e+90 -3.0241036e+89 5.2090863e+88 -8.380804e+87 1.2572909e+87 -1.7553753e+86 2.2757381e+85 -2.7326438e+84 3.0303245e+83 -3.092765e+82 2.8998181e+81 -2.4508371e+80 2.3220914e+79 1.7870692e+78 3.6172997e+78 3.3589754e+78 3.4329314e+78 3.4051061e+78 3.4159854e+78 3.4117978e+78 3.4132224e+78
         0 -4.1661086e+98 7.6269096e+98 -9.8726648e+98 1.0710142e+99 -1.0270301e+99 8.9152218e+98 -7.0953684e+98 5.2171352e+98 -3.5617261e+98 2.2653983e+98 -1.3457073e+98 7.4794445e+97 -3.894933e+97 1.9024018e+97 -8.7222688e+96 3.756213e+96 -1.5200667e+96 5.7823438e+95 -2.0680274e+95 6.9542615e+94 -2.1987219e+94 6.5350384e+93 -1.82545e+93 4.7903945e+92 -1.1804177e+92 2.7295553e+91 -5.918472e+90 1.2022504e+90 -2.2855166e+89 4.061043e+88 -6.7348599e+87 1.0407225e+87 -1.4956322e+86 1.9945274e+85 -2.4619194e+84 2.8043225e+83 -2.937293e+82 2.8120665e+81 -2.4508371e+80 1.6565502e+79 -2.2681274e+78 -1.7161218e+78 -1.4150065e+78 -1.5718755e+78 -1.5075633e+78 -1.5324796e+78 -1.5231826e+78 -1.5264961e+78 -1.525459e+78
         0 8.7013233e+97 -1.5904783e+98 2.0534672e+98 -2.2195911e+98 2.1185347e+98 -1.8285624e+98 1.4455338e+98 -1.0546568e+98 7.1369795e+97 -4.4949093e+97 2.6411591e+97 -1.4505164e+97 7.4558957e+96 -3.5907066e+96 1.6214697e+96 -6.8698308e+95 2.7319874e+95 -1.020072e+95 3.5765907e+94 -1.1776253e+94 3.6408752e+93 -1.0567568e+93 2.8785417e+92 -7.3553261e+91 1.7620182e+91 -3.9544377e+90 8.3070526e+89 -1.6317301e+89 2.9933827e+88 -5.1212469e+87 8.1579069e+86 -1.2076797e+86 1.6578735e+85 -2.1052205e+84 2.4659513e+83 -2.6570296e+82 2.6321799e+81 -2.417646e+80 2.3220914e+79 -2.2681274e+78 1.4238981e+78 3.7624255e+77 7.8279513e+77 6.175558e+77 6.8374871e+77 6.5785692e+77 6.6772374e+77 6.6409799e+77 6.6527143e+77
         0 -1.7489454e+97 3.1916245e+97 -4.1095465e+97 4.4251747e+97 -4.2031404e+97 3.6062738e+97 -2.8308535e+97 2.048659e+97 -1.3736323e+97 8.5625047e+96 -4.9741851e+96 2.6978471e+96 -1.36797e+96 6.4915261e+95 -2.8851322e+95 1.2016628e+95 -4.6921545e+94 1.7180833e+94 -5.8999442e+93 1.9000996e+93 -5.7380911e+92 1.6244408e+92 -4.3093537e+91 1.0706809e+91 -2.4897374e+90 5.4141739e+89 -1.0999265e+89 2.0851462e+88 -3.6834253e+87 6.0535818e+86 -9.2386567e+85 1.306472e+85 -1.707566e+84 2.0561809e+83 -2.270345e+82 2.2725942e+81 -1.9714082e+80 1.0059027e+79 1.7870692e+78 -1.7161218e+78 3.7624255e+77 -5.6458418e+77 -1.6574578e+77 -3.2973487e+77 -2.6410296e+77 -2.8966886e+77 -2.7999101e+77 -2.8351541e+77 -2.8238535e+77
         0 3.3827448e+96 -6.1626109e+96 7.9125003e+96 -8.4864168e+96 8.0195401e+96 -6.8379135e+96 5.3281844e+96 -3.8232748e+96 2.5389034e+96 -1.5656339e+96 8.9872294e+95 -4.8109653e+95 2.404879e+95 -1.1236955e+95 4.9116436e+94 -2.009397e+94 7.6970879e+93 -2.7612258e+93 9.2773174e+92 -2.9191626e+92 8.6004481e+91 -2.3717181e+91 6.1189306e+90 -1.475998e+90 3.3262364e+89 -6.9962186e+88 1.3718992e+88 -2.5046486e+87 4.2506575e+86 -6.6936068e+85 9.7600908e+84 -1.3147336e+84 1.6326171e+83 -1.869104e+82 1.999162e+81 -2.1598827e+80 3.1709733e+79 -8.5533687e+78 3.6172997e+78 -1.4150065e+78 7.8279513e+77 -1.6574578e+77 2.3413548e+77 6.9785469e+76 1.3560262e+77 1.0993247e+77 1.1966855e+77 1.1611394e+77 1.172566e+77
         0 -6.2953562e+95 1.1448292e+96 -1.4655414e+96 1.5653122e+96 -1.4713044e+96 1.2463429e+96 -9.6369207e+95 6.8536711e+95 -4.5055196e+95 2.7471338e+95 -1.5573378e+95 8.2229625e+94 -4.0494273e+94 1.8617023e+94 -7.9964303e+93 3.2105282e+93 -1.2053048e+93 4.2318664e+92 -1.3896011e+92 4.2669388e+91 -1.2248774e+91 3.2857662e+90 -8.2318983e+89 1.9247041e+89 -4.1959918e+88 8.5199325e+87 -1.6091709e+87 2.8226959e+86 -4.5902147e+85 6.9049541e+84 -9.5811889e+83 1.220684e+83 -1.4109974e+82 1.4065761e+81 -8.3264499e+79 -1.9728404e+79 1.4743584e+79 -7.4143613e+78 3.3589754e+78 -1.5718755e+78 6.175558e+77 -3.2973487e+77 6.9785469e+76 -9.4424027e+76 -2.8671261e+76 -5.4308743e+76 -4.4589648e+76 -4.8135894e+76 -4.6996597e+76
         0 1.1271337e+95 -2.0458955e+95 2.6108814e+95 -2.7764856e+95 2.5951464e+95 -2.1833398e+95 1.6745804e+95 -1.1798685e+95 7.6745868e+94 -4.6242811e+94 2.5873319e+94 -1.3466281e+94 6.5283116e+93 -2.9507603e+93 1.2443801e+93 -4.898566e+92 1.8005698e+92 -6.1805892e+91 1.9811288e+91 -5.9289069e+90 1.6560141e+90 -4.3147914e+89 1.0480169e+89 -2.3709294e+88 4.9906458e+87 -9.7619916e+86 1.7718337e+86 -2.9790322e+85 4.6313765e+84 -6.64866e+83 8.8290216e+82 -1.1038936e+82 1.419906e+81 -2.48972e+80 7.7417653e+79 -3.3794627e+79 1.594193e+79 -7.4355445e+78 3.4329314e+78 -1.5075633e+78 6.8374871e+77 -2.6410296e+77 1.3560262e+77 -2.8671261e+76 3.7106095e+76 1.1458074e+76 2.1182014e+76 1.7633575e+76 1.8773706e+76
         0 -1.941197e+94 3.5166212e+94 -4.4731104e+94 4.7351198e+94 -4.3999079e+94 3.6752135e+94 -2.7949873e+94 1.9500791e+94 -1.2544368e+94 7.4651848e+93 -4.1197798e+93 2.1120871e+93 -1.0072003e+93 4.4719573e+92 -1.8499083e+92 7.1329308e+91 -2.564246e+91 8.5951936e+90 -2.6860383e+90 7.8237126e+89 -2.123088e+89 5.364286e+88 -1.2609528e+88 2.7548375e+87 -5.5869326e+86 1.0502288e+86 -1.8264658e+85 2.9308626e+84 -4.3172808e+83 5.7495892e+82 -6.4708996e+81 3.5380621e+80 1.6928334e+80 -1.2417286e+80 6.609683e+79 -3.2885443e+79 1.5839303e+79 -7.4521256e+78 3.4051061e+78 -1.5324796e+78 6.5785692e+77 -2.8966886e+77 1.0993247e+77 -5.4308743e+76 1.1458074e+76 -1.4186252e+76 -4.4637323e+75 -8.0116082e+75 -6.8716731e+75
         0 3.2151378e+93 -5.8124828e+93 7.3681125e+93 -7.7623466e+93 7.168468e+93 -5.9428049e+93 4.4794016e+93 -3.0933402e+93 1.9668058e+93 -1.1552847e+93 6.2842228e+92 -3.1710627e+92 1.4862821e+92 -6.4764998e+91 2.6254281e+91 -9.9050491e+90 3.4785339e+90 -1.1371633e+90 3.4598818e+89 -9.7939594e+88 2.5779909e+88 -6.3054467e+87 1.4317327e+87 -3.0146374e+86 5.8787477e+85 -1.0604519e+85 1.7692375e+84 -2.7439728e+83 4.0692617e+82 -6.47157e+81 1.4602346e+81 -5.4312509e+80 2.6138971e+80 -1.3271308e+80 6.6830909e+79 -3.293877e+79 1.5858351e+79 -7.445375e+78 3.4159854e+78 -1.5231826e+78 6.6772374e+77 -2.7999101e+77 1.1966855e+77 -4.4589648e+76 2.1182014e+76 -4.4637323e+75 5.2592326e+75 1.7112093e+75 2.8511893e+75
         0 -5.1048267e+92 9.2090192e+92 -1.1632115e+93 1.219346e+93 -1.118852e+93 9.2030286e+92 -6.8727759e+92 4.6955979e+92 -2.9495174e+92 1.7091316e+92 -9.157976e+91 4.5453777e+91 -2.0923205e+91 8.9404534e+90 -3.5483329e+90 1.3085107e+90 -4.4841364e+89 1.4279138e+89 -4.2241059e+88 1.1603251e+88 -2.9576659e+87 6.9896328e+86 -1.5295936e+86 3.0943755e+85 -5.76974e+84 9.8444717e+83 -1.4993901e+83 1.8115558e+82 -2.2741984e+80 -1.2351228e+81 8.4986417e+80 -4.7872053e+80 2.5529154e+80 -1.3220259e+80 6.6783788e+79 -3.2934604e+79 1.5851463e+79 -7.4473701e+78 3.4117978e+78 -1.5264961e+78 6.6409799e+77 -2.8351541e+77 1.1611394e+77 -4.8135894e+76 1.7633575e+76 -8.0116082e+75 1.7112093e+75 -1.836774e+75 -6.9680427e+74
         0 6.6873217e+91 -1.2041102e+92 1.516167e+92 -1.5823541e+92 1.4437401e+92 -1.1793312e+92 8.7351696e+91 -5.9116006e+91 3.6734551e+91 -2.1029808e+91 1.1117607e+91 -5.4367185e+90 2.4622793e+90 -1.0336627e+90 4.0243792e+89 -1.4535336e+89 4.8706453e+88 -1.5139816e+88 4.3639242e+87 -1.1658017e+87 2.8844871e+86 -6.6057318e+85 1.4000972e+85 -2.7542012e+84 5.1002459e+83 -9.3993798e+82 2.03423e+82 -6.5367971e+81 3.0337475e+81 -1.6274104e+81 8.92406e+80 -4.8279383e+80 2.5561888e+80 -1.322218e+80 6.6788065e+79 -3.2935817e+79 1.5854049e+79 -7.446926e+78 3.4132224e+78 -1.525459e+78 6.6527143e+77 -2.8238535e+77 1.172566e+77 -4.6996597e+76 1.8773706e+76 -6.8716731e+75 2.8511893e+75 -6.9680427e+74 4.431677e+74