         0          0          0          0          0          0          0          0          0          0          0          0          0          0          0          0          0          0          0          0          0          0          0          0          0          0          0          0          0          0          0          0          0          0          0          0          0          0          0          0          0          0          0          0          0          0          0          0          0          0
         0 6.1818187e+12 -7.3082436e+12 4.8305652e+12 -2.1113371e+12 6.9088732e+11 -1.4458871e+11 4.3630878e+10 1.1268331e+10 1.5508683e+10 1.5094207e+10 1.5122289e+10 1.5121265e+10 1.5121265e+10 1.5121265e+10 1.5121265e+10 1.5121265e+10 1.5121265e+10 1.5121265e+10 1.5121265e+10 1.5121265e+10 1.5121265e+10 1.5121265e+10 1.5121265e+10 1.5121265e+10 1.5121265e+10 1.5121265e+10 1.5121265e+10 1.5121265e+10 1.5121265e+10 1.5121265e+10 1.5121265e+10 1.5121265e+10 1.5121265e+10 1.5121265e+10 1.5121265e+10 1.5121265e+10 1.5121265e+10 1.5121265e+10 1.5121265e+10 1.5121265e+10 1.5121265e+10 1.5121265e+10 1.5121265e+10 1.5121265e+10 1.5121265e+10 1.5121265e+10 1.5121265e+10 1.5121265e+10 1.5121265e+10
         0 -7.3082436e+12 8.3187436e+12 -5.2001693e+12 2.0729069e+12 -6.098233e+11 8.8888487e+10 -3.8037174e+10 -2.3232064e+10 -2.3957621e+10 -2.4035967e+10 -2.401915e+10 -2.4020175e+10 -2.4020175e+10 -2.4020175e+10 -2.4020175e+10 -2.4020175e+10 -2.4020175e+10 -2.4020175e+10 -2.4020175e+10 -2.4020175e+10 -2.4020175e+10 -2.4020175e+10 -2.4020175e+10 -2.4020175e+10 -2.4020175e+10 -2.4020175e+10 -2.4020175e+10 -2.4020175e+10 -2.4020175e+10 -2.4020175e+10 -2.4020175e+10 -2.4020175e+10 -2.4020175e+10 -2.4020175e+10 -2.4020175e+10 -2.4020175e+10 -2.4020175e+10 -2.4020175e+10 -2.4020175e+10 -2.4020175e+10 -2.4020175e+10 -2.4020175e+10 -2.4020175e+10 -2.4020175e+10 -2.4020175e+10 -2.4020175e+10 -2.4020175e+10 -2.4020175e+10 -2.4020175e+10
         0 4.8305652e+12 -5.2001693e+12 3.0232859e+12 -1.0705875e+12 2.9377635e+11 -2.1439118e+10 3.0293274e+10 2.3690217e+10 2.4556112e+10 2.4421435e+10 2.4438252e+10 2.4437227e+10 2.4437227e+10 2.4437227e+10 2.4437227e+10 2.4437227e+10 2.4437227e+10 2.4437227e+10 2.4437227e+10 2.4437227e+10 2.4437227e+10 2.4437227e+10 2.4437227e+10 2.4437227e+10 2.4437227e+10 2.4437227e+10 2.4437227e+10 2.4437227e+10 2.4437227e+10 2.4437227e+10 2.4437227e+10 2.4437227e+10 2.4437227e+10 2.4437227e+10 2.4437227e+10 2.4437227e+10 2.4437227e+10 2.4437227e+10 2.4437227e+10 2.4437227e+10 2.4437227e+10 2.4437227e+10 2.4437227e+10 2.4437227e+10 2.4437227e+10 2.4437227e+10 2.4437227e+10 2.4437227e+10 2.4437227e+10
         0 -2.1113371e+12 2.0729069e+12 -1.0705875e+12 2.926966e+11 -6.9998625e+10 -1.728884e+10 -1.7053366e+10 -1.9318663e+10 -1.8621762e+10 -1.8756439e+10 -1.8739623e+10 -1.8740647e+10 -1.8740647e+10 -1.8740647e+10 -1.8740647e+10 -1.8740647e+10 -1.8740647e+10 -1.8740647e+10 -1.8740647e+10 -1.8740647e+10 -1.8740647e+10 -1.8740647e+10 -1.8740647e+10 -1.8740647e+10 -1.8740647e+10 -1.8740647e+10 -1.8740647e+10 -1.8740647e+10 -1.8740647e+10 -1.8740647e+10 -1.8740647e+10 -1.8740647e+10 -1.8740647e+10 -1.8740647e+10 -1.8740647e+10 -1.8740647e+10 -1.8740647e+10 -1.8740647e+10 -1.8740647e+10 -1.8740647e+10 -1.8740647e+10 -1.8740647e+10 -1.8740647e+10 -1.8740647e+10 -1.8740647e+10 -1.8740647e+10 -1.8740647e+10 -1.8740647e+10 -1.8740647e+10
         0 6.9088732e+11 -6.098233e+11 2.9377635e+11 -6.9998625e+10 3.0888737e+10 5.426427e+09 1.3329028e+10 1.0725742e+10 1.1422642e+10 1.1287966e+10 1.1304782e+10 1.1303757e+10 1.1303757e+10 1.1303757e+10 1.1303757e+10 1.1303757e+10 1.1303757e+10 1.1303757e+10 1.1303757e+10 1.1303757e+10 1.1303757e+10 1.1303757e+10 1.1303757e+10 1.1303757e+10 1.1303757e+10 1.1303757e+10 1.1303757e+10 1.1303757e+10 1.1303757e+10 1.1303757e+10 1.1303757e+10 1.1303757e+10 1.1303757e+10 1.1303757e+10 1.1303757e+10 1.1303757e+10 1.1303757e+10 1.1303757e+10 1.1303757e+10 1.1303757e+10 1.1303757e+10 1.1303757e+10 1.1303757e+10 1.1303757e+10 1.1303757e+10 1.1303757e+10 1.1303757e+10 1.1303757e+10 1.1303757e+10
         0 -1.4458871e+11 8.8888487e+10 -2.1439118e+10 -1.728884e+10 5.426427e+09 -1.0808292e+10 -3.3788754e+09 -5.9821614e+09 -5.2852608e+09 -5.4199377e+09 -5.4031216e+09 -5.4041458e+09 -5.4041458e+09 -5.4041458e+09 -5.4041458e+09 -5.4041458e+09 -5.4041458e+09 -5.4041458e+09 -5.4041458e+09 -5.4041458e+09 -5.4041458e+09 -5.4041458e+09 -5.4041458e+09 -5.4041458e+09 -5.4041458e+09 -5.4041458e+09 -5.4041458e+09 -5.4041458e+09 -5.4041458e+09 -5.4041458e+09 -5.4041458e+09 -5.4041458e+09 -5.4041458e+09 -5.4041458e+09 -5.4041458e+09 -5.4041458e+09 -5.4041458e+09 -5.4041458e+09 -5.4041458e+09 -5.4041458e+09 -5.4041458e+09 -5.4041458e+09 -5.4041458e+09 -5.4041458e+09 -5.4041458e+09 -5.4041458e+09 -5.4041458e+09 -5.4041458e+09 -5.4041458e+09
         0 4.3630878e+10 -3.8037174e+10 3.0293274e+10 -1.7053366e+10 1.3329028e+10 -3.3788754e+09 4.0505407e+09 1.4472548e+09 2.1441554e+09 2.0094785e+09 2.0262945e+09 2.0252703e+09 2.0252703e+09 2.0252703e+09 2.0252703e+09 2.0252703e+09 2.0252703e+09 2.0252703e+09 2.0252703e+09 2.0252703e+09 2.0252703e+09 2.0252703e+09 2.0252703e+09 2.0252703e+09 2.0252703e+09 2.0252703e+09 2.0252703e+09 2.0252703e+09 2.0252703e+09 2.0252703e+09 2.0252703e+09 2.0252703e+09 2.0252703e+09 2.0252703e+09 2.0252703e+09 2.0252703e+09 2.0252703e+09 2.0252703e+09 2.0252703e+09 2.0252703e+09 2.0252703e+09 2.0252703e+09 2.0252703e+09 2.0252703e+09 2.0252703e+09 2.0252703e+09 2.0252703e+09 2.0252703e+09 2.0252703e+09
         0 1.1268331e+10 -2.3232064e+10 2.3690217e+10 -1.9318663e+10 1.0725742e+10 -5.9821614e+09 1.4472548e+09 -1.1560312e+09 -4.5913052e+08 -5.9380744e+08 -5.7699139e+08 -5.7801559e+08 -5.7801559e+08 -5.7801559e+08 -5.7801559e+08 -5.7801559e+08 -5.7801559e+08 -5.7801559e+08 -5.7801559e+08 -5.7801559e+08 -5.7801559e+08 -5.7801559e+08 -5.7801559e+08 -5.7801559e+08 -5.7801559e+08 -5.7801559e+08 -5.7801559e+08 -5.7801559e+08 -5.7801559e+08 -5.7801559e+08 -5.7801559e+08 -5.7801559e+08 -5.7801559e+08 -5.7801559e+08 -5.7801559e+08 -5.7801559e+08 -5.7801559e+08 -5.7801559e+08 -5.7801559e+08 -5.7801559e+08 -5.7801559e+08 -5.7801559e+08 -5.7801559e+08 -5.7801559e+08 -5.7801559e+08 -5.7801559e+08 -5.7801559e+08 -5.7801559e+08 -5.7801559e+08
         0 1.5508683e+10 -2.3957621e+10 2.4556112e+10 -1.8621762e+10 1.1422642e+10 -5.2852608e+09 2.1441554e+09 -4.5913052e+08 2.3777012e+08 1.0309321e+08 1.1990926e+08 1.1888506e+08 1.1888506e+08 1.1888506e+08 1.1888506e+08 1.1888506e+08 1.1888506e+08 1.1888506e+08 1.1888506e+08 1.1888506e+08 1.1888506e+08 1.1888506e+08 1.1888506e+08 1.1888506e+08 1.1888506e+08 1.1888506e+08 1.1888506e+08 1.1888506e+08 1.1888506e+08 1.1888506e+08 1.1888506e+08 1.1888506e+08 1.1888506e+08 1.1888506e+08 1.1888506e+08 1.1888506e+08 1.1888506e+08 1.1888506e+08 1.1888506e+08 1.1888506e+08 1.1888506e+08 1.1888506e+08 1.1888506e+08 1.1888506e+08 1.1888506e+08 1.1888506e+08 1.1888506e+08 1.1888506e+08 1.1888506e+08
         0 1.5094207e+10 -2.4035967e+10 2.4421435e+10 -1.8756439e+10 1.1287966e+10 -5.4199377e+09 2.0094785e+09 -5.9380744e+08 1.0309321e+08  -31583706  -14767652  -15791860  -15791858  -15791857  -15791856  -15791856  -15791855  -15791855  -15791855  -15791854  -15791854  -15791854  -15791854  -15791854  -15791854  -15791854  -15791854  -15791854  -15791854  -15791854  -15791854  -15791854  -15791854  -15791854  -15791854  -15791854  -15791854  -15791854  -15791854  -15791854  -15791854  -15791854  -15791854  -15791854  -15791854  -15791854  -15791854  -15791854  -15791854
         0 1.5122289e+10 -2.401915e+10 2.4438252e+10 -1.8739623e+10 1.1304782e+10 -5.4031216e+09 2.0262945e+09 -5.7699139e+08 1.1990926e+08  -14767652  2048401.8  1024194.6  1024195.9    1024197  1024197.9  1024198.5    1024199  1024199.4  1024199.6  1024199.8    1024200  1024200.1  1024200.2  1024200.2  1024200.2  1024200.3  1024200.3  1024200.3  1024200.3  1024200.3  1024200.3  1024200.3  1024200.3  1024200.3  1024200.3  1024200.3  1024200.3  1024200.3  1024200.3  1024200.3  1024200.3  1024200.3  1024200.3  1024200.3  1024200.3  1024200.3  1024200.3  1024200.3  1024200.3
         0 1.5121265e+10 -2.4020175e+10 2.4437227e+10 -1.8740647e+10 1.1303757e+10 -5.4041458e+09 2.0252703e+09 -5.7801559e+08 1.1888506e+08  -15791860  1024194.6 -12.550075 -11.128972 -10.011358   -9.14387  -8.478833  -7.974952  -7.597397  -7.317461  -7.111967  -6.962539  -6.854853  -6.777907   -6.72337  -6.685014  -6.658234  -6.639667   -6.62688   -6.61813  -6.612178  -6.608153  -6.605447  -6.603636  -6.602431  -6.601633  -6.601107  -6.600762  -6.600536   -6.60039  -6.600295  -6.600233  -6.600194  -6.600168  -6.600152  -6.600142  -6.600135  -6.600131  -6.600128  -6.600126
         0 1.5121265e+10 -2.4020175e+10 2.4437227e+10 -1.8740647e+10 1.1303757e+10 -5.4041458e+09 2.0252703e+09 -5.7801559e+08 1.1888506e+08  -15791858  1024195.9 -11.128972  -9.670779  -8.523997  -7.633868  -6.951473  -6.434441  -6.047032  -5.759791  -5.548933  -5.395606  -5.285109  -5.206155  -5.150195  -5.110837  -5.083358  -5.064307  -5.051187  -5.042208  -5.036101  -5.031971  -5.029193  -5.027336  -5.026099   -5.02528  -5.024741  -5.024386  -5.024155  -5.024004  -5.023907  -5.023844  -5.023803  -5.023777  -5.023761   -5.02375  -5.023743  -5.023739  -5.023736  -5.023734
         0 1.5121265e+10 -2.4020175e+10 2.4437227e+10 -1.8740647e+10 1.1303757e+10 -5.4041458e+09 2.0252703e+09 -5.7801559e+08 1.1888506e+08  -15791857    1024197 -10.011358  -8.523997  -7.354275   -6.44634  -5.750295  -5.222921  -4.827763  -4.534775    -4.3197  -4.163305  -4.050598  -3.970064  -3.912985   -3.87284  -3.844812  -3.825379  -3.811996  -3.802838  -3.796609  -3.792396  -3.789563  -3.787668  -3.786407  -3.785572  -3.785021   -3.78466  -3.784424   -3.78427  -3.784171  -3.784107  -3.784065  -3.784039  -3.784022  -3.784011  -3.784004     -3.784  -3.783997  -3.783994
         0 1.5121265e+10 -2.4020175e+10 2.4437227e+10 -1.8740647e+10 1.1303757e+10 -5.4041458e+09 2.0252703e+09 -5.7801559e+08 1.1888506e+08  -15791856  1024197.9   -9.14387  -7.633868   -6.44634  -5.524585  -4.817945  -4.282543  -3.881369  -3.583922  -3.365572  -3.206797  -3.092374  -3.010615  -2.952667   -2.91191  -2.883456  -2.863727  -2.850141  -2.840843  -2.834519  -2.830242  -2.827366  -2.825442  -2.824162  -2.823314  -2.822755  -2.822388  -2.822149  -2.821993  -2.821892  -2.821826  -2.821784  -2.821758   -2.82174  -2.821729  -2.821722  -2.821718  -2.821715  -2.821713
         0 1.5121265e+10 -2.4020175e+10 2.4437227e+10 -1.8740647e+10 1.1303757e+10 -5.4041458e+09 2.0252703e+09 -5.7801559e+08 1.1888506e+08  -15791856  1024198.5  -8.478833  -6.951473  -5.750295  -4.817945  -4.103182  -3.561625  -3.155841  -2.854974  -2.634115  -2.473515  -2.357776  -2.275077  -2.216463  -2.175238  -2.146456  -2.126501  -2.112759  -2.103354  -2.096957  -2.092631  -2.089722  -2.087776  -2.086481  -2.085624  -2.085058  -2.084687  -2.084445  -2.084287  -2.084185  -2.084119  -2.084076  -2.084049  -2.084032  -2.084021  -2.084014  -2.084009  -2.084006  -2.084004
         0 1.5121265e+10 -2.4020175e+10 2.4437227e+10 -1.8740647e+10 1.1303757e+10 -5.4041458e+09 2.0252703e+09 -5.7801559e+08 1.1888506e+08  -15791855    1024199  -7.974952  -6.434441  -5.222921  -4.282543  -3.561625  -3.015406  -2.606127  -2.302671   -2.07991  -1.917926  -1.801192  -1.717781  -1.658662  -1.617082  -1.588052  -1.567925  -1.554064  -1.544579  -1.538127  -1.533764  -1.530829  -1.528867  -1.527561  -1.526695  -1.526125  -1.525751  -1.525507  -1.525347  -1.525244  -1.525178  -1.525135  -1.525108   -1.52509  -1.525079  -1.525072  -1.525067  -1.525064  -1.525062
         0 1.5121265e+10 -2.4020175e+10 2.4437227e+10 -1.8740647e+10 1.1303757e+10 -5.4041458e+09 2.0252703e+09 -5.7801559e+08 1.1888506e+08  -15791855  1024199.4  -7.597397  -6.047032  -4.827763  -3.881369  -3.155841  -2.606127  -2.194231  -1.888833  -1.664647  -1.501627  -1.384146  -1.300201  -1.240704  -1.198859  -1.169643  -1.149388  -1.135438  -1.125892  -1.119398  -1.115007  -1.112054  -1.110079  -1.108765  -1.107894   -1.10732  -1.106944  -1.106698  -1.106537  -1.106434  -1.106367  -1.106324  -1.106296  -1.106278  -1.106267   -1.10626  -1.106255  -1.106252   -1.10625
         0 1.5121265e+10 -2.4020175e+10 2.4437227e+10 -1.8740647e+10 1.1303757e+10 -5.4041458e+09 2.0252703e+09 -5.7801559e+08 1.1888506e+08  -15791855  1024199.6  -7.317461  -5.759791  -4.534775  -3.583922  -2.854974  -2.302671  -1.888833  -1.581996  -1.356753  -1.192966  -1.074931   -0.99059  -0.930813   -0.88877  -0.859417  -0.839066   -0.82505  -0.815459  -0.808935  -0.804524  -0.801557  -0.799572  -0.798252  -0.797377    -0.7968  -0.796422  -0.796175  -0.796014   -0.79591  -0.795842  -0.795799  -0.795771  -0.795753  -0.795742  -0.795735   -0.79573  -0.795727  -0.795725
         0 1.5121265e+10 -2.4020175e+10 2.4437227e+10 -1.8740647e+10 1.1303757e+10 -5.4041458e+09 2.0252703e+09 -5.7801559e+08 1.1888506e+08  -15791854  1024199.8  -7.111967  -5.548933    -4.3197  -3.365572  -2.634115   -2.07991  -1.664647  -1.356753  -1.130735  -0.966384  -0.847942  -0.763312  -0.703328  -0.661141  -0.631687  -0.611266  -0.597202  -0.587577  -0.581031  -0.576604  -0.573627  -0.571636  -0.570311  -0.569433  -0.568854  -0.568475  -0.568227  -0.568065  -0.567961  -0.567893   -0.56785  -0.567822  -0.567804  -0.567793  -0.567785  -0.567781  -0.567777  -0.567775
         0 1.5121265e+10 -2.4020175e+10 2.4437227e+10 -1.8740647e+10 1.1303757e+10 -5.4041458e+09 2.0252703e+09 -5.7801559e+08 1.1888506e+08  -15791854    1024200  -6.962539  -5.395606  -4.163305  -3.206797  -2.473515  -1.917926  -1.501627  -1.192966  -0.966384  -0.801622  -0.682885  -0.598043   -0.53791  -0.495618   -0.46609  -0.445618  -0.431519  -0.421871  -0.415308   -0.41087  -0.407886  -0.405889  -0.404561  -0.403681  -0.403101   -0.40272  -0.402472   -0.40231  -0.402205  -0.402137  -0.402094  -0.402066  -0.402048  -0.402036  -0.402029  -0.402024  -0.402021  -0.402019
         0 1.5121265e+10 -2.4020175e+10 2.4437227e+10 -1.8740647e+10 1.1303757e+10 -5.4041458e+09 2.0252703e+09 -5.7801559e+08 1.1888506e+08  -15791854  1024200.1  -6.854853  -5.285109  -4.050598  -3.092374  -2.357776  -1.801192  -1.384146  -1.074931  -0.847942  -0.682885  -0.563935  -0.478941  -0.418701  -0.376332  -0.346751  -0.326243  -0.312118  -0.302453  -0.295878  -0.291432  -0.288443  -0.286443  -0.285112   -0.28423  -0.283649  -0.283268  -0.283019  -0.282857  -0.282752  -0.282684   -0.28264  -0.282612  -0.282594  -0.282583  -0.282576  -0.282571  -0.282568  -0.282565
         0 1.5121265e+10 -2.4020175e+10 2.4437227e+10 -1.8740647e+10 1.1303757e+10 -5.4041458e+09 2.0252703e+09 -5.7801559e+08 1.1888506e+08  -15791854  1024200.2  -6.777907  -5.206155  -3.970064  -3.010615  -2.275077  -1.717781  -1.300201   -0.99059  -0.763312  -0.598043  -0.478941  -0.393839  -0.333521  -0.291098  -0.261479  -0.240944  -0.226802  -0.217124  -0.210541   -0.20609  -0.203096  -0.201094  -0.199761  -0.198878  -0.198297  -0.197915  -0.197665  -0.197503  -0.197398   -0.19733  -0.197286  -0.197258   -0.19724  -0.197229  -0.197222  -0.197217  -0.197214  -0.197211
         0 1.5121265e+10 -2.4020175e+10 2.4437227e+10 -1.8740647e+10 1.1303757e+10 -5.4041458e+09 2.0252703e+09 -5.7801559e+08 1.1888506e+08  -15791854  1024200.2   -6.72337  -5.150195  -3.912985  -2.952667  -2.216463  -1.658662  -1.240704  -0.930813  -0.703328   -0.53791  -0.418701  -0.333521  -0.273148  -0.230687  -0.201041  -0.180488  -0.166333  -0.156646  -0.150057  -0.145602  -0.142605  -0.140601  -0.139267  -0.138384  -0.137802  -0.137419   -0.13717  -0.137007  -0.136902  -0.136834   -0.13679  -0.136762  -0.136744  -0.136733  -0.136726  -0.136721  -0.136718  -0.136715
         0 1.5121265e+10 -2.4020175e+10 2.4437227e+10 -1.8740647e+10 1.1303757e+10 -5.4041458e+09 2.0252703e+09 -5.7801559e+08 1.1888506e+08  -15791854  1024200.2  -6.685014  -5.110837   -3.87284   -2.91191  -2.175238  -1.617082  -1.198859   -0.88877  -0.661141  -0.495618  -0.376332  -0.291098  -0.230687  -0.188199  -0.158534  -0.137968  -0.123804  -0.114111  -0.107518  -0.103059  -0.100061  -0.098056  -0.096721  -0.095837  -0.095254  -0.094872  -0.094622  -0.094459  -0.094354  -0.094286  -0.094242  -0.094214  -0.094196  -0.094185  -0.094177  -0.094173   -0.09417  -0.094167
         0 1.5121265e+10 -2.4020175e+10 2.4437227e+10 -1.8740647e+10 1.1303757e+10 -5.4041458e+09 2.0252703e+09 -5.7801559e+08 1.1888506e+08  -15791854  1024200.3  -6.658234  -5.083358  -3.844812  -2.883456  -2.146456  -1.588052  -1.169643  -0.859417  -0.631687   -0.46609  -0.346751  -0.261479  -0.201041  -0.158534  -0.128857  -0.108281  -0.094111  -0.084414  -0.077818  -0.073357  -0.070358  -0.068351  -0.067016  -0.066132  -0.065549  -0.065166  -0.064916  -0.064753  -0.064648   -0.06458  -0.064536  -0.064508   -0.06449  -0.064479  -0.064471  -0.064467  -0.064464  -0.064461
         0 1.5121265e+10 -2.4020175e+10 2.4437227e+10 -1.8740647e+10 1.1303757e+10 -5.4041458e+09 2.0252703e+09 -5.7801559e+08 1.1888506e+08  -15791854  1024200.3  -6.639667  -5.064307  -3.825379  -2.863727  -2.126501  -1.567925  -1.149388  -0.839066  -0.611266  -0.445618  -0.326243  -0.240944  -0.180488  -0.137968  -0.108281  -0.087699  -0.073524  -0.063824  -0.057226  -0.052765  -0.049764  -0.047757  -0.046421  -0.045537  -0.044953  -0.044571  -0.044321  -0.044158  -0.044053  -0.043985  -0.043941  -0.043913  -0.043895  -0.043883  -0.043876  -0.043871  -0.043868  -0.043866
         0 1.5121265e+10 -2.4020175e+10 2.4437227e+10 -1.8740647e+10 1.1303757e+10 -5.4041458e+09 2.0252703e+09 -5.7801559e+08 1.1888506e+08  -15791854  1024200.3   -6.62688  -5.051187  -3.811996  -2.850141  -2.112759  -1.554064  -1.135438   -0.82505  -0.597202  -0.431519  -0.312118  -0.226802  -0.166333  -0.123804  -0.094111  -0.073524  -0.059347  -0.049644  -0.043045  -0.038582  -0.035581  -0.033574  -0.032238  -0.031353   -0.03077  -0.030387  -0.030137  -0.029974  -0.029869  -0.029801  -0.029757  -0.029729  -0.029711  -0.029699  -0.029692  -0.029687  -0.029684  -0.029682
         0 1.5121265e+10 -2.4020175e+10 2.4437227e+10 -1.8740647e+10 1.1303757e+10 -5.4041458e+09 2.0252703e+09 -5.7801559e+08 1.1888506e+08  -15791854  1024200.3   -6.61813  -5.042208  -3.802838  -2.840843  -2.103354  -1.544579  -1.125892  -0.815459  -0.587577  -0.421871  -0.302453  -0.217124  -0.156646  -0.114111  -0.084414  -0.063824  -0.049644  -0.039941   -0.03334  -0.028877  -0.025876  -0.023868  -0.022531  -0.021647  -0.021063   -0.02068   -0.02043  -0.020268  -0.020162  -0.020094   -0.02005  -0.020022  -0.020004  -0.019993  -0.019985  -0.019981  -0.019977  -0.019975
         0 1.5121265e+10 -2.4020175e+10 2.4437227e+10 -1.8740647e+10 1.1303757e+10 -5.4041458e+09 2.0252703e+09 -5.7801559e+08 1.1888506e+08  -15791854  1024200.3  -6.612178  -5.036101  -3.796609  -2.834519  -2.096957  -1.538127  -1.119398  -0.808935  -0.581031  -0.415308  -0.295878  -0.210541  -0.150057  -0.107518  -0.077818  -0.057226  -0.043045   -0.03334   -0.02674  -0.022276  -0.019274  -0.017266   -0.01593  -0.015044  -0.014461  -0.014078  -0.013828  -0.013665   -0.01356  -0.013492  -0.013448   -0.01342  -0.013402   -0.01339  -0.013383  -0.013378  -0.013375  -0.013373
         0 1.5121265e+10 -2.4020175e+10 2.4437227e+10 -1.8740647e+10 1.1303757e+10 -5.4041458e+09 2.0252703e+09 -5.7801559e+08 1.1888506e+08  -15791854  1024200.3  -6.608153  -5.031971  -3.792396  -2.830242  -2.092631  -1.533764  -1.115007  -0.804524  -0.576604   -0.41087  -0.291432   -0.20609  -0.145602  -0.103059  -0.073357  -0.052765  -0.038582  -0.028877  -0.022276  -0.017812   -0.01481  -0.012801  -0.011465   -0.01058  -0.009996  -0.009614  -0.009363  -0.009201  -0.009095  -0.009027  -0.008983  -0.008955  -0.008937  -0.008926  -0.008918  -0.008914  -0.008911  -0.008908
         0 1.5121265e+10 -2.4020175e+10 2.4437227e+10 -1.8740647e+10 1.1303757e+10 -5.4041458e+09 2.0252703e+09 -5.7801559e+08 1.1888506e+08  -15791854  1024200.3  -6.605447  -5.029193  -3.789563  -2.827366  -2.089722  -1.530829  -1.112054  -0.801557  -0.573627  -0.407886  -0.288443  -0.203096  -0.142605  -0.100061  -0.070358  -0.049764  -0.035581  -0.025876  -0.019274   -0.01481  -0.011807  -0.009799  -0.008463  -0.007578  -0.006994  -0.006611  -0.006361  -0.006198  -0.006093  -0.006025  -0.005981  -0.005953  -0.005935  -0.005923  -0.005916  -0.005911  -0.005908  -0.005906
         0 1.5121265e+10 -2.4020175e+10 2.4437227e+10 -1.8740647e+10 1.1303757e+10 -5.4041458e+09 2.0252703e+09 -5.7801559e+08 1.1888506e+08  -15791854  1024200.3  -6.603636  -5.027336  -3.787668  -2.825442  -2.087776  -1.528867  -1.110079  -0.799572  -0.571636  -0.405889  -0.286443  -0.201094  -0.140601  -0.098056  -0.068351  -0.047757  -0.033574  -0.023868  -0.017266  -0.012801  -0.009799  -0.007791  -0.006454  -0.005569  -0.004986  -0.004603  -0.004353   -0.00419  -0.004084  -0.004016  -0.003972  -0.003944  -0.003926  -0.003915  -0.003908  -0.003903    -0.0039  -0.003897
         0 1.5121265e+10 -2.4020175e+10 2.4437227e+10 -1.8740647e+10 1.1303757e+10 -5.4041458e+09 2.0252703e+09 -5.7801559e+08 1.1888506e+08  -15791854  1024200.3  -6.602431  -5.026099  -3.786407  -2.824162  -2.086481  -1.527561  -1.108765  -0.798252  -0.570311  -0.404561  -0.285112  -0.199761  -0.139267  -0.096721  -0.067016  -0.046421  -0.032238  -0.022531   -0.01593  -0.011465  -0.008463  -0.006454  -0.005118  -0.004233  -0.003649  -0.003266  -0.003016  -0.002853  -0.002748   -0.00268  -0.002636  -0.002608   -0.00259  -0.002578  -0.002571  -0.002566  -0.002563  -0.002561
         0 1.5121265e+10 -2.4020175e+10 2.4437227e+10 -1.8740647e+10 1.1303757e+10 -5.4041458e+09 2.0252703e+09 -5.7801559e+08 1.1888506e+08  -15791854  1024200.3  -6.601633   -5.02528  -3.785572  -2.823314  -2.085624  -1.526695  -1.107894  -0.797377  -0.569433  -0.403681   -0.28423  -0.198878  -0.138384  -0.095837  -0.066132  -0.045537  -0.031353  -0.021647  -0.015044   -0.01058  -0.007578  -0.005569  -0.004233  -0.003347  -0.002764  -0.002381  -0.002131  -0.001968  -0.001863  -0.001794  -0.001751  -0.001723  -0.001705  -0.001693  -0.001686  -0.001681  -0.001678  -0.001676
         0 1.5121265e+10 -2.4020175e+10 2.4437227e+10 -1.8740647e+10 1.1303757e+10 -5.4041458e+09 2.0252703e+09 -5.7801559e+08 1.1888506e+08  -15791854  1024200.3  -6.601107  -5.024741  -3.785021  -2.822755  -2.085058  -1.526125   -1.10732    -0.7968  -0.568854  -0.403101  -0.283649  -0.198297  -0.137802  -0.095254  -0.065549  -0.044953   -0.03077  -0.021063  -0.014461  -0.009996  -0.006994  -0.004986  -0.003649  -0.002764   -0.00218  -0.001797  -0.001547  -0.001385  -0.001279  -0.001211  -0.001167  -0.001139  -0.001121   -0.00111  -0.001102  -0.001097  -0.001094  -0.001092
         0 1.5121265e+10 -2.4020175e+10 2.4437227e+10 -1.8740647e+10 1.1303757e+10 -5.4041458e+09 2.0252703e+09 -5.7801559e+08 1.1888506e+08  -15791854  1024200.3  -6.600762  -5.024386   -3.78466  -2.822388  -2.084687  -1.525751  -1.106944  -0.796422  -0.568475   -0.40272  -0.283268  -0.197915  -0.137419  -0.094872  -0.065166  -0.044571  -0.030387   -0.02068  -0.014078  -0.009614  -0.006611  -0.004603  -0.003266  -0.002381  -0.001797  -0.001415  -0.001164  -0.001002  -0.000896  -0.000828  -0.000784  -0.000756  -0.000738  -0.000727  -0.000719  -0.000715  -0.000711  -0.000709
         0 1.5121265e+10 -2.4020175e+10 2.4437227e+10 -1.8740647e+10 1.1303757e+10 -5.4041458e+09 2.0252703e+09 -5.7801559e+08 1.1888506e+08  -15791854  1024200.3  -6.600536  -5.024155  -3.784424  -2.822149  -2.084445  -1.525507  -1.106698  -0.796175  -0.568227  -0.402472  -0.283019  -0.197665   -0.13717  -0.094622  -0.064916  -0.044321  -0.030137   -0.02043  -0.013828  -0.009363  -0.006361  -0.004353  -0.003016  -0.002131  -0.001547  -0.001164  -0.000914  -0.000751  -0.000646  -0.000578  -0.000534  -0.000506  -0.000488  -0.000476  -0.000469  -0.000464  -0.000461  -0.000459
         0 1.5121265e+10 -2.4020175e+10 2.4437227e+10 -1.8740647e+10 1.1303757e+10 -5.4041458e+09 2.0252703e+09 -5.7801559e+08 1.1888506e+08  -15791854  1024200.3   -6.60039  -5.024004   -3.78427  -2.821993  -2.084287  -1.525347  -1.106537  -0.796014  -0.568065   -0.40231  -0.282857  -0.197503  -0.137007  -0.094459  -0.064753  -0.044158  -0.029974  -0.020268  -0.013665  -0.009201  -0.006198   -0.00419  -0.002853  -0.001968  -0.001385  -0.001002  -0.000751  -0.000589  -0.000483  -0.000415  -0.000371  -0.000343  -0.000325  -0.000314  -0.000306  -0.000302  -0.000298  -0.000296
         0 1.5121265e+10 -2.4020175e+10 2.4437227e+10 -1.8740647e+10 1.1303757e+10 -5.4041458e+09 2.0252703e+09 -5.7801559e+08 1.1888506e+08  -15791854  1024200.3  -6.600295  -5.023907  -3.784171  -2.821892  -2.084185  -1.525244  -1.106434   -0.79591  -0.567961  -0.402205  -0.282752  -0.197398  -0.136902  -0.094354  -0.064648  -0.044053  -0.029869  -0.020162   -0.01356  -0.009095  -0.006093  -0.004084  -0.002748  -0.001863  -0.001279  -0.000896  -0.000646  -0.000483  -0.000378   -0.00031  -0.000266  -0.000238   -0.00022  -0.000208  -0.000201  -0.000196  -0.000193  -0.000191
         0 1.5121265e+10 -2.4020175e+10 2.4437227e+10 -1.8740647e+10 1.1303757e+10 -5.4041458e+09 2.0252703e+09 -5.7801559e+08 1.1888506e+08  -15791854  1024200.3  -6.600233  -5.023844  -3.784107  -2.821826  -2.084119  -1.525178  -1.106367  -0.795842  -0.567893  -0.402137  -0.282684   -0.19733  -0.136834  -0.094286   -0.06458  -0.043985  -0.029801  -0.020094  -0.013492  -0.009027  -0.006025  -0.004016   -0.00268  -0.001794  -0.001211  -0.000828  -0.000578  -0.000415   -0.00031  -0.000241  -0.000198   -0.00017  -0.000152   -0.00014  -0.000133  -0.000128  -0.000125  -0.000123
         0 1.5121265e+10 -2.4020175e+10 2.4437227e+10 -1.8740647e+10 1.1303757e+10 -5.4041458e+09 2.0252703e+09 -5.7801559e+08 1.1888506e+08  -15791854  1024200.3  -6.600194  -5.023803  -3.784065  -2.821784  -2.084076  -1.525135  -1.106324  -0.795799   -0.56785  -0.402094   -0.28264  -0.197286   -0.13679  -0.094242  -0.064536  -0.043941  -0.029757   -0.02005  -0.013448  -0.008983  -0.005981  -0.003972  -0.002636  -0.001751  -0.001167  -0.000784  -0.000534  -0.000371  -0.000266  -0.000198  -0.000154  -0.000126  -0.000108   -9.6e-05   -8.9e-05   -8.4e-05   -8.1e-05   -7.9e-05
         0 1.5121265e+10 -2.4020175e+10 2.4437227e+10 -1.8740647e+10 1.1303757e+10 -5.4041458e+09 2.0252703e+09 -5.7801559e+08 1.1888506e+08  -15791854  1024200.3  -6.600168  -5.023777  -3.784039  -2.821758  -2.084049  -1.525108  -1.106296  -0.795771  -0.567822  -0.402066  -0.282612  -0.197258  -0.136762  -0.094214  -0.064508  -0.043913  -0.029729  -0.020022   -0.01342  -0.008955  -0.005953  -0.003944  -0.002608  -0.001723  -0.001139  -0.000756  -0.000506  -0.000343  -0.000238   -0.00017  -0.000126   -9.8e-05     -8e-05   -6.8e-05   -6.1e-05   -5.6e-05   -5.3e-05   -5.1e-05
         0 1.5121265e+10 -2.4020175e+10 2.4437227e+10 -1.8740647e+10 1.1303757e+10 -5.4041458e+09 2.0252703e+09 -5.7801559e+08 1.1888506e+08  -15791854  1024200.3  -6.600152  -5.023761  -3.784022   -2.82174  -2.084032   -1.52509  -1.106278  -0.795753  -0.567804  -0.402048  -0.282594   -0.19724  -0.136744  -0.094196   -0.06449  -0.043895  -0.029711  -0.020004  -0.013402  -0.008937  -0.005935  -0.003926   -0.00259  -0.001705  -0.001121  -0.000738  -0.000488  -0.000325   -0.00022  -0.000152  -0.000108     -8e-05   -6.2e-05     -5e-05   -4.3e-05   -3.8e-05   -3.5e-05   -3.3e-05
         0 1.5121265e+10 -2.4020175e+10 2.4437227e+10 -1.8740647e+10 1.1303757e+10 -5.4041458e+09 2.0252703e+09 -5.7801559e+08 1.1888506e+08  -15791854  1024200.3  -6.600142   -5.02375  -3.784011  -2.821729  -2.084021  -1.525079  -1.106267  -0.795742  -0.567793  -0.402036  -0.282583  -0.197229  -0.136733  -0.094185  -0.064479  -0.043883  -0.029699  -0.019993   -0.01339  -0.008926  -0.005923  -0.003915  -0.002578  -0.001693   -0.00111  -0.000727  -0.000476  -0.000314  -0.000208   -0.00014   -9.6e-05   -6.8e-05     -5e-05   -3.9e-05   -3.1e-05   -2.7e-05   -2.3e-05   -2.1e-05
         0 1.5121265e+10 -2.4020175e+10 2.4437227e+10 -1.8740647e+10 1.1303757e+10 -5.4041458e+09 2.0252703e+09 -5.7801559e+08 1.1888506e+08  -15791854  1024200.3  -6.600135  -5.023743  -3.784004  -2.821722  -2.084014  -1.525072   -1.10626  -0.795735  -0.567785  -0.402029  -0.282576  -0.197222  -0.136726  -0.094177  -0.064471  -0.043876  -0.029692  -0.019985  -0.013383  -0.008918  -0.005916  -0.003908  -0.002571  -0.001686  -0.001102  -0.000719  -0.000469  -0.000306  -0.000201  -0.000133   -8.9e-05   -6.1e-05   -4.3e-05   -3.1e-05   -2.4e-05   -1.9e-05   -1.6e-05   -1.4e-05
         0 1.5121265e+10 -2.4020175e+10 2.4437227e+10 -1.8740647e+10 1.1303757e+10 -5.4041458e+09 2.0252703e+09 -5.7801559e+08 1.1888506e+08  -15791854  1024200.3  -6.600131  -5.023739     -3.784  -2.821718  -2.084009  -1.525067  -1.106255   -0.79573  -0.567781  -0.402024  -0.282571  -0.197217  -0.136721  -0.094173  -0.064467  -0.043871  -0.029687  -0.019981  -0.013378  -0.008914  -0.005911  -0.003903  -0.002566  -0.001681  -0.001097  -0.000715  -0.000464  -0.000302  -0.000196  -0.000128   -8.4e-05   -5.6e-05   -3.8e-05   -2.7e-05   -1.9e-05   -1.5e-05   -1.1e-05     -9e-06
         0 1.5121265e+10 -2.4020175e+10 2.4437227e+10 -1.8740647e+10 1.1303757e+10 -5.4041458e+09 2.0252703e+09 -5.7801559e+08 1.1888506e+08  -15791854  1024200.3  -6.600128  -5.023736  -3.783997  -2.821715  -2.084006  -1.525064  -1.106252  -0.795727  -0.567777  -0.402021  -0.282568  -0.197214  -0.136718   -0.09417  -0.064464  -0.043868  -0.029684  -0.019977  -0.013375  -0.008911  -0.005908    -0.0039  -0.002563  -0.001678  -0.001094  -0.000711  -0.000461  -0.000298  -0.000193  -0.000125   -8.1e-05   -5.3e-05   -3.5e-05   -2.3e-05   -1.6e-05   -1.1e-05     -8e-06     -6e-06
         0 1.5121265e+10 -2.4020175e+10 2.4437227e+10 -1.8740647e+10 1.1303757e+10 -5.4041458e+09 2.0252703e+09 -5.7801559e+08 1.1888506e+08  -15791854  1024200.3  -6.600126  -5.023734  -3.783994  -2.821713  -2.084004  -1.525062   -1.10625  -0.795725  -0.567775  -0.402019  -0.282565  -0.197211  -0.136715  -0.094167  -0.064461  -0.043866  -0.029682  -0.019975  -0.013373  -0.008908  -0.005906  -0.003897  -0.002561  -0.001676  -0.001092  -0.000709  -0.000459  -0.000296  -0.000191  -0.000123   -7.9e-05   -5.1e-05   -3.3e-05   -2.1e-05   -1.4e-05     -9e-06     -6e-06     -4e-06