         0          0          0          0          0          0          0          0          0          0          0          0          0          0          0          0          0          0          0          0          0          0          0          0          0          0          0          0          0          0          0          0          0          0          0          0          0          0          0          0          0          0          0          0          0          0          0          0          0          0
         0 1.1700759e+86 -2.1603882e+86 2.8365976e+86 -3.1393527e+86 3.0891603e+86 -2.7680314e+86 2.2877669e+86 -1.7576797e+86 1.2617634e+86 -8.4934994e+85 5.3754994e+85 -3.2052545e+85 1.8035408e+85 -9.5893708e+84 4.8232809e+84 -2.297207e+84 1.0368698e+84 -4.43845e+83 1.8030206e+83 -6.9547176e+82 2.5485131e+82 -8.8759863e+81 2.9392689e+81 -9.2577139e+80 2.7742019e+80 -7.9113468e+79 2.1474824e+79 -5.5493907e+78 1.3653631e+78 -3.1986732e+77 7.1354778e+76 -1.515657e+76 3.0653285e+75 -5.9020737e+74 1.0817234e+74 -1.8867868e+73 3.131216e+72 -4.942559e+71 7.4179012e+70 -1.058054e+70 1.4337506e+69 -1.8429913e+68 2.2630896e+67 -2.483092e+66 4.0730539e+65 9.2093848e+64 1.2463724e+65 1.2145972e+65 1.2175076e+65
         0 -2.1603882e+86 3.9884937e+86 -5.2360901e+86 5.7936816e+86 -5.6994502e+86 5.105219e+86 -4.2177297e+86 3.2389408e+86 -2.3238604e+86 1.5633638e+86 -9.8879358e+85 5.8916196e+85 -3.3124938e+85 1.7597351e+85 -8.8429763e+84 4.2075068e+84 -1.8970862e+84 8.1114946e+83 -3.2911265e+83 1.2678395e+83 -4.6395724e+82 1.6135337e+82 -5.3349893e+81 1.6776124e+81 -5.0185527e+80 1.4285656e+80 -3.870287e+79 9.981009e+78 -2.450427e+78 5.7276123e+77 -1.2746147e+77 2.7005172e+76 -5.4468655e+75 1.0457463e+75 -1.9107897e+74 3.3220867e+73 -5.4941699e+72 8.6405876e+71 -1.2917169e+71 1.8347227e+70 -2.4750754e+69 3.1659464e+68 -3.8704381e+67 4.1925007e+66 -7.1692442e+65 -1.8476573e+65 -2.393474e+65 -2.3405602e+65 -2.3453697e+65
         0 2.8365976e+86 -5.2360901e+86 6.8721462e+86 -7.6011938e+86 7.474064e+86 -6.690978e+86 5.5240801e+86 -4.2388174e+86 3.0385508e+86 -2.0421388e+86 1.2901888e+86 -7.6781739e+85 4.3112833e+85 -2.2870674e+85 1.147523e+85 -5.450912e+84 2.4533627e+84 -1.0470166e+84 4.2395652e+83 -1.6297066e+83 5.9502306e+82 -2.0643563e+82 6.8081409e+81 -2.1350581e+81 6.3687059e+80 -1.8074055e+80 4.8809614e+79 -1.2544784e+79 3.0688239e+78 -7.1458636e+77 1.5838514e+77 -3.3414392e+76 6.7092456e+75 -1.2819607e+75 2.3305271e+74 -4.0300108e+73 6.6267504e+72 -1.0358123e+72 1.5383869e+71 -2.16986e+70 2.9054127e+69 -3.6860255e+68 4.4741534e+67 -4.7328866e+66 8.7668469e+65 2.7473952e+65 3.3580733e+65 3.2995711e+65 3.3048211e+65
         0 -3.1393527e+86 5.7936816e+86 -7.6011938e+86 8.4032994e+86 -8.2573395e+86 7.386264e+86 -6.0923319e+86 4.6697424e+86 -3.3432999e+86 2.2438321e+86 -1.4154344e+86 8.4093088e+85 -4.71312e+85 2.4952451e+85 -1.2492794e+85 5.9205417e+84 -2.6581331e+84 1.1314046e+84 -4.5683531e+83 1.7508295e+83 -6.3721153e+82 2.2032617e+82 -7.2402606e+81 2.2619776e+81 -6.7202747e+80 1.8991008e+80 -5.1056171e+79 1.3060033e+79 -3.1788661e+78 7.362878e+77 -1.6227997e+77 3.4032772e+76 -6.7904083e+75 1.28881e+75 -2.3263807e+74 3.9925569e+73 -6.5125818e+72 1.0092811e+72 -1.4853381e+71 2.0746456e+70 -2.7490964e+69 3.4476965e+68 -4.1455829e+67 4.2161806e+66 -8.9510577e+65 -3.5431136e+65 -4.0834333e+65 -4.0325237e+65 -4.0370117e+65
         0 3.0891603e+86 -5.6994502e+86 7.474064e+86 -8.2573395e+86 8.1070773e+86 -7.244382e+86 5.9680262e+86 -4.5680286e+86 3.2652592e+86 -2.1875418e+86 1.377197e+86 -8.1643705e+85 4.5650109e+85 -2.4106325e+85 1.2035771e+85 -5.6869926e+84 2.5451481e+84 -1.0796307e+84 4.3435119e+83 -1.6582469e+83 6.0104823e+82 -2.0692095e+82 6.7685101e+81 -2.1043133e+81 6.2196998e+80 -1.7480805e+80 4.672576e+79 -1.1879632e+79 2.8729539e+78 -6.609052e+77 1.4461665e+77 -3.0097272e+76 5.9566675e+75 -1.120883e+75 2.0048672e+74 -3.4075332e+73 5.5011816e+72 -8.4320759e+71 1.2264416e+71 -1.6916448e+70 2.2117921e+69 -2.7326655e+68 3.2503649e+67 -3.096457e+66 8.2144754e+65 4.143549e+65 4.5423846e+65 4.5055981e+65 4.5087676e+65
         0 -2.7680314e+86 5.105219e+86 -6.690978e+86 7.386264e+86 -7.244382e+86 6.4653352e+86 -5.318305e+86 4.0637221e+86 -2.8991117e+86 1.9380038e+86 -1.217148e+86 7.196416e+85 -4.0121531e+85 2.1120453e+85 -1.0509336e+85 4.9477029e+84 -2.2056751e+84 9.3174325e+83 -3.7319534e+83 1.4180657e+83 -5.1142497e+82 1.7513423e+82 -5.6966113e+81 1.7605472e+81 -5.1709496e+80 1.4436705e+80 -3.831796e+79 9.6696851e+78 -2.3201426e+78 5.2930183e+77 -1.1480189e+77 2.3669988e+76 -4.6384375e+75 8.6370427e+74 -1.5277257e+74 2.5659634e+73 -4.0905978e+72 6.1862354e+71 -8.8696981e+70 1.2047726e+70 -1.5497361e+69 1.8794597e+68 -2.2121426e+67 1.8761872e+66 -7.1133025e+65 -4.4835144e+65 -4.7350611e+65 -4.7124558e+65 -4.7143497e+65
         0 2.2877669e+86 -4.2177297e+86 5.5240801e+86 -6.0923319e+86 5.9680262e+86 -5.318305e+86 4.3670704e+86 -3.3301005e+86 2.3702591e+86 -1.5803872e+86 9.8971437e+85 -5.8333603e+85 3.2411051e+85 -1.6998367e+85 8.4244339e+84 -3.9491274e+84 1.7524224e+84 -7.3664358e+83 2.9350904e+83 -1.1090764e+83 3.9762837e+82 -1.3531363e+82 4.3722035e+81 -1.3417623e+81 3.9116958e+80 -1.0835358e+80 2.852078e+79 -7.1342327e+78 1.6959188e+78 -3.8310225e+77 8.2230171e+76 -1.676809e+76 3.2476847e+75 -5.9727638e+74 1.0426321e+74 -1.7268387e+73 2.712148e+72 -4.0369493e+71 5.6908075e+70 -7.5908092e+69 9.5785809e+68 -1.1356815e+68 1.3280321e+67 -8.8891536e+65 6.0234848e+65 4.5469713e+65 4.6842586e+65 4.6722954e+65 4.673265e+65
         0 -1.7576797e+86 3.2389408e+86 -4.2388174e+86 4.6697424e+86 -4.5680286e+86 4.0637221e+86 -3.3301005e+86 2.5334027e+86 -1.7983957e+86 1.195522e+86 -7.4622469e+85 4.3823189e+85 -2.4252798e+85 1.2665303e+85 -6.2480205e+84 2.914385e+84 -1.2863998e+84 5.3768675e+83 -2.1294475e+83 7.9949173e+82 -2.8468499e+82 9.6179901e+81 -3.0839839e+81 9.3877423e+80 -2.7134382e+80 7.4482169e+79 -1.9417699e+79 4.8080727e+78 -1.1307373e+78 2.5254195e+77 -5.355789e+76 1.078302e+76 -2.0604587e+75 3.7354439e+74 -6.4222954e+73 1.0466157e+73 -1.615748e+72 2.3612741e+71 -3.2641193e+70 4.2635134e+69 -5.26276e+68 6.0700409e+67 -7.1368993e+66 2.4659745e+65 -5.0905177e+65 -4.3646339e+65 -4.4299494e+65 -4.4244572e+65 -4.4248856e+65
         0 1.2617634e+86 -2.3238604e+86 3.0385508e+86 -3.3432999e+86 3.2652592e+86 -2.8991117e+86 2.3702591e+86 -1.7983957e+86 1.2727798e+86 -8.4324966e+85 5.2437418e+85 -3.0668304e+85 1.6896662e+85 -8.7810171e+84 4.3091935e+84 -1.998737e+84 8.7693384e+83 -3.6418731e+83 1.4324659e+83 -5.3390572e+82 1.8864835e+82 -6.3213172e+81 2.0093638e+81 -6.0605165e+80 1.7347562e+80 -4.7129942e+79 1.2153772e+79 -2.9749576e+78 6.9116075e+77 -1.5238814e+77 3.1879641e+76 -6.3263295e+75 1.1904747e+75 -2.1234306e+74 3.5882966e+73 -5.7413483e+72 8.6919002e+71 -1.2440587e+71 1.6819271e+70 -2.1450516e+69 2.5832202e+68 -2.8778558e+67 3.5042901e+66 9.2781515e+64 4.3098082e+65 3.9959361e+65 4.0231416e+65 4.0209453e+65 4.0211092e+65
         0 -8.4934994e+85 1.5633638e+86 -2.0421388e+86 2.2438321e+86 -2.1875418e+86 1.9380038e+86 -1.5803872e+86 1.195522e+86 -8.4324966e+85 5.5656349e+85 -3.4465082e+85 2.0064552e+85 -1.0999235e+85 5.6852016e+84 -2.7736463e+84 1.2784261e+84 -5.5713218e+83 2.2971489e+83 -8.9663822e+82 3.3147832e+82 -1.1611347e+82 3.8552195e+81 -1.2135992e+81 3.6228801e+80 -1.0257717e+80 2.7548879e+79 -7.0181816e+78 1.6958826e+78 -3.8866169e+77 8.4465017e+76 -1.7402204e+76 3.3979258e+75 -6.2853657e+74 1.1008833e+74 -1.8247037e+73 2.8601286e+72 -4.2361835e+71 5.9231906e+70 -7.8108218e+69 9.6972024e+68 -1.1367958e+68 1.2081412e+67 -1.630531e+66 -2.2883005e+65 -3.6289278e+65 -3.5092493e+65 -3.5191937e+65 -3.518427e+65 -3.5184815e+65
         0 5.3754994e+85 -9.8879358e+85 1.2901888e+86 -1.4154344e+86 1.377197e+86 -1.217148e+86 9.8971437e+85 -7.4622469e+85 5.2437418e+85 -3.4465082e+85 2.1243617e+85 -1.230457e+85 6.7079268e+84 -3.4463455e+84 1.670498e+84 -7.6461567e+83 3.3073828e+83 -1.3528647e+83 5.2359478e+82 -1.9182824e+82 6.6554495e+81 -2.187408e+81 6.8120781e+80 -2.0105166e+80 5.6242676e+79 -1.4913441e+79 3.7483268e+78 -8.9291269e+77 2.0156996e+77 -4.3111077e+76 8.7330338e+75 -1.6748865e+75 3.0397767e+74 -5.2177633e+73 8.4648339e+72 -1.2968779e+72 1.8746833e+71 -2.5540964e+70 3.2760883e+69 -3.9465431e+68 4.4989356e+67 -4.4408253e+66 7.6668328e+65 2.5370352e+65 3.008396e+65 2.9681076e+65 2.9713005e+65 2.9710667e+65 2.9710824e+65
         0 -3.2052545e+85 5.8916196e+85 -7.6781739e+85 8.4093088e+85 -8.1643705e+85 7.196416e+85 -5.8333603e+85 4.3823189e+85 -3.0668304e+85 2.0064552e+85 -1.230457e+85 7.0872289e+84 -3.8401848e+84 1.9599956e+84 -9.4329956e+83 4.2847425e+83 -1.8382687e+83 7.4538534e+82 -2.858088e+82 1.0367887e+82 -3.5594822e+81 1.156897e+81 -3.5605068e+80 1.0377808e+80 -2.8649243e+79 7.4910196e+78 -1.8550873e+78 4.350375e+77 -9.6591277e+76 2.0298915e+76 -4.0361676e+75 7.5897071e+74 -1.3489494e+74 2.2645928e+73 -3.5881193e+72 5.3607838e+71 -7.5442704e+70 9.9882648e+69 -1.2426853e+69 1.4471758e+68 -1.6077595e+67 1.3736251e+66 -3.9624713e+65 -2.2892032e+65 -2.4362581e+65 -2.4242831e+65 -2.4251832e+65 -2.4251211e+65 -2.425125e+65
         0 1.8035408e+85 -3.3124938e+85 4.3112833e+85 -4.71312e+85 4.5650109e+85 -4.0121531e+85 3.2411051e+85 -2.4252798e+85 1.6896662e+85 -1.0999235e+85 6.7079268e+84 -3.8401848e+84 2.0670159e+84 -1.047422e+84 5.0020261e+83 -2.2532046e+83 9.5809493e+82 -3.8480554e+82 1.4605835e+82 -5.2414533e+81 1.778972e+81 -5.7121054e+80 1.7354731e+80 -4.9898414e+79 1.3577607e+79 -3.496353e+78 8.5195657e+77 -1.9640377e+77 4.2824889e+76 -8.828816e+75 1.7201786e+75 -3.1657082e+74 5.4993153e+73 -9.0105083e+72 1.3912297e+72 -2.0220865e+71 2.7633074e+70 -3.5452545e+69 4.2661247e+68 -4.7796206e+67 5.2338958e+66 -3.0192224e+65 2.3643468e+65 1.8779788e+65 1.9186652e+65 1.9155256e+65 1.9157481e+65 1.9157337e+65 1.9157345e+65
         0 -9.5893708e+84 1.7597351e+85 -2.2870674e+85 2.4952451e+85 -2.4106325e+85 2.1120453e+85 -1.6998367e+85 1.2665303e+85 -8.7810171e+84 5.6852016e+84 -3.4463455e+84 1.9599956e+84 -1.047422e+84 5.2663936e+83 -2.4939378e+83 1.1133131e+83 -4.6884018e+82 1.8636843e+82 -6.9964649e+81 2.4815433e+81 -8.3184498e+80 2.6359984e+80 -7.8976959e+79 2.2374045e+79 -5.9934867e+78 1.5180039e+78 -3.6345951e+77 8.22476e+76 -1.7584475e+76 3.5504863e+75 -6.7665472e+74 1.2164314e+74 -2.0611861e+73 3.2890165e+72 -4.9372012e+71 6.9636272e+70 -9.2158542e+69 1.1423694e+69 -1.3259247e+68 1.417987e+67 -1.5890584e+66 -1.1781602e+64 -1.5824687e+65 -1.4566165e+65 -1.466585e+65 -1.4658604e+65 -1.4659085e+65 -1.4659056e+65 -1.4659058e+65
         0 4.8232809e+84 -8.8429763e+84 1.147523e+85 -1.2492794e+85 1.2035771e+85 -1.0509336e+85 8.4244339e+84 -6.2480205e+84 4.3091935e+84 -2.7736463e+84 1.670498e+84 -9.4329956e+83 5.0020261e+83 -2.4939378e+83 1.1703599e+83 -5.1739266e+82 2.1562423e+82 -8.4763198e+81 3.1445532e+81 -1.1013354e+81 3.6426489e+80 -1.1380015e+80 3.3585404e+79 -9.3639439e+78 2.4663197e+78 -6.1357393e+77 1.441509e+77 -3.1971742e+76 6.6916999e+75 -1.3210063e+75 2.4580993e+74 -4.3081859e+73 7.1056808e+72 -1.101753e+72 1.6040192e+71 -2.1896604e+70 2.798445e+69 -3.3406663e+68 3.7320828e+67 -3.7457979e+66 4.7907533e+65 7.5827299e+64 1.1141828e+65 1.0852457e+65 1.0874033e+65 1.0872565e+65 1.0872656e+65 1.0872651e+65 1.0872651e+65
         0 -2.297207e+84 4.2075068e+84 -5.450912e+84 5.9205417e+84 -5.6869926e+84 4.9477029e+84 -3.9491274e+84 2.914385e+84 -1.998737e+84 1.2784261e+84 -7.6461567e+83 4.2847425e+83 -2.2532046e+83 1.1133131e+83 -5.1739266e+82 2.2634762e+82 -9.3279492e+81 3.6232482e+81 -1.3271213e+81 4.5854198e+80 -1.4949198e+80 4.599411e+79 -1.3355768e+79 3.6602968e+78 -9.4668172e+77 2.3102094e+77 -5.3178494e+76 1.1542283e+76 -2.3610503e+75 4.5489715e+74 -8.2489329e+73 1.4066352e+73 -2.2533123e+72 3.386892e+71 -4.7700702e+70 6.2848322e+69 -7.7334799e+68 8.857676e+67 -9.5265834e+66 8.5519913e+65 -1.634019e+65 -7.1048239e+64 -7.8756547e+64 -7.8166935e+64 -7.8208046e+64 -7.820545e+64 -7.8205597e+64 -7.820559e+64 -7.820559e+64
         0 1.0368698e+84 -1.8970862e+84 2.4533627e+84 -2.6581331e+84 2.5451481e+84 -2.2056751e+84 1.7524224e+84 -1.2863998e+84 8.7693384e+83 -5.5713218e+83 3.3073828e+83 -1.8382687e+83 9.5809493e+82 -4.6884018e+82 2.1562423e+82 -9.3279492e+81 3.7982558e+81 -1.4565621e+81 5.2626944e+80 -1.7921066e+80 5.7530144e+79 -1.7412501e+79 4.9691068e+78 -1.3369756e+78 3.3910281e+77 -8.1057554e+76 1.8253914e+76 -3.8709453e+75 7.7254429e+74 -1.4499944e+74 2.5572698e+73 -4.233682e+72 6.5717608e+71 -9.5515619e+70 1.2978164e+70 -1.6454541e+69 1.9433399e+68 -2.1253068e+67 2.2192995e+66 -1.4848151e+65 7.2090487e+64 5.3187968e+64 5.4671497e+64 5.4565434e+64 5.4572297e+64 5.4571898e+64 5.4571919e+64 5.4571918e+64 5.4571918e+64
         0 -4.43845e+83 8.1114946e+83 -1.0470166e+84 1.1314046e+84 -1.0796307e+84 9.3174325e+83 -7.3664358e+83 5.3768675e+83 -3.6418731e+83 2.2971489e+83 -1.3528647e+83 7.4538534e+82 -3.8480554e+82 1.8636843e+82 -8.4763198e+81 3.6232482e+81 -1.4565621e+81 5.5096843e+80 -1.9618524e+80 6.5777243e+79 -2.0770052e+79 6.1771959e+78 -1.7303465e+78 4.5647279e+77 -1.1338201e+77 2.6508265e+76 -5.8309247e+75 1.2060659e+75 -2.3441424e+74 4.2777609e+73 -7.3221952e+72 1.1742383e+72 -1.7618781e+71 2.4695584e+70 -3.2278017e+69 3.92528e+68 -4.4356588e+67 4.594698e+66 -4.8354481e+65 2.6270632e+63 -4.0161736e+64 -3.6715216e+64 -3.6967929e+64 -3.6951168e+64 -3.6952166e+64 -3.6952113e+64 -3.6952116e+64 -3.6952116e+64 -3.6952116e+64
         0 1.8030206e+83 -3.2911265e+83 4.2395652e+83 -4.5683531e+83 4.3435119e+83 -3.7319534e+83 2.9350904e+83 -2.1294475e+83 1.4324659e+83 -8.9663822e+82 5.2359478e+82 -2.858088e+82 1.4605835e+82 -6.9964649e+81 3.1445532e+81 -1.3271213e+81 5.2626944e+80 -1.9618524e+80 6.8777535e+79 -2.2680931e+79 7.0367775e+78 -2.0540165e+78 5.6405768e+77 -1.4569946e+77 3.5390275e+76 -8.0802989e+75 1.7332464e+75 -3.490572e+74 6.5945869e+73 -1.1676588e+73 1.9354794e+72 -2.9993538e+71 4.3387139e+70 -5.84797e+69 7.3295278e+68 -8.5182975e+67 9.1872388e+66 -8.8421165e+65 1.0701791e+65 1.7394713e+64 2.4805743e+64 2.4248253e+64 2.4286161e+64 2.4283849e+64 2.4283974e+64 2.4283968e+64 2.4283969e+64 2.4283969e+64 2.4283969e+64
         0 -6.9547176e+82 1.2678395e+83 -1.6297066e+83 1.7508295e+83 -1.6582469e+83 1.4180657e+83 -1.1090764e+83 7.9949173e+82 -5.3390572e+82 3.3147832e+82 -1.9182824e+82 1.0367887e+82 -5.2414533e+81 2.4815433e+81 -1.1013354e+81 4.5854198e+80 -1.7921066e+80 6.5777243e+79 -2.2680931e+79 7.3487567e+78 -2.2375833e+78 6.4025401e+77 -1.7213897e+77 4.3476575e+76 -1.0311537e+76 2.2954648e+75 -4.7931943e+74 9.3810299e+73 -1.7192589e+73 2.9472337e+72 -4.719568e+71 7.0492007e+70 -9.8029163e+69 1.2666099e+69 -1.5171298e+68 1.6777727e+67 -1.7282766e+66 1.448476e+65 -2.9204663e+64 -1.4423717e+64 -1.5564817e+64 -1.5485242e+64 -1.5490216e+64 -1.548994e+64 -1.5489953e+64 -1.5489952e+64 -1.5489952e+64 -1.5489952e+64 -1.5489952e+64
         0 2.5485131e+82 -4.6395724e+82 5.9502306e+82 -6.3721153e+82 6.0104823e+82 -5.1142497e+82 3.9762837e+82 -2.8468499e+82 1.8864835e+82 -1.1611347e+82 6.6554495e+81 -3.5594822e+81 1.778972e+81 -8.3184498e+80 3.6426489e+80 -1.4949198e+80 5.7530144e+79 -2.0770052e+79 7.0367775e+78 -2.2375833e+78 6.6784543e+77 -1.8708282e+77 4.9177882e+76 -1.2126785e+76 2.8039238e+75 -6.0754046e+74 1.2326822e+74 -2.3399215e+73 4.1510219e+72 -6.8731375e+71 1.0605887e+71 -1.5225315e+70 2.0292051e+69 -2.504766e+68 2.8568474e+67 -2.9881246e+66 2.9818281e+65 -1.5777408e+64 1.1615861e+64 9.4446086e+63 9.5999613e+63 9.5900036e+63 9.5905702e+63 9.5905419e+63 9.5905431e+63 9.5905431e+63 9.5905431e+63 9.5905431e+63 9.5905431e+63
         0 -8.8759863e+81 1.6135337e+82 -2.0643563e+82 2.2032617e+82 -2.0692095e+82 1.7513423e+82 -1.3531363e+82 9.6179901e+81 -6.3213172e+81 3.8552195e+81 -2.187408e+81 1.156897e+81 -5.7121054e+80 2.6359984e+80 -1.1380015e+80 4.599411e+79 -1.7412501e+79 6.1771959e+78 -2.0540165e+78 6.4025401e+77 -1.8708282e+77 5.1237748e+76 -1.3149363e+76 3.1608404e+75 -7.1128802e+74 1.4973676e+74 -2.9462781e+73 5.412831e+72 -9.2733334e+71 1.4793297e+71 -2.1936035e+70 3.0174048e+69 -3.8412625e+68 4.5123665e+67 -4.8834335e+66 4.7738939e+65 -4.9429415e+64 -2.1818248e+63 -6.0284736e+63 -5.7459819e+63 -5.7645502e+63 -5.7634686e+63 -5.7635236e+63 -5.7635213e+63 -5.7635213e+63 -5.7635213e+63 -5.7635213e+63 -5.7635213e+63 -5.7635213e+63
         0 2.9392689e+81 -5.3349893e+81 6.8081409e+81 -7.2402606e+81 6.7685101e+81 -5.6966113e+81 4.3722035e+81 -3.0839839e+81 2.0093638e+81 -1.2135992e+81 6.8120781e+80 -3.5605068e+80 1.7354731e+80 -7.8976959e+79 3.3585404e+79 -1.3355768e+79 4.9691068e+78 -1.7303465e+78 5.6405768e+77 -1.7213897e+77 4.9177882e+76 -1.3149363e+76 3.2895104e+75 -7.6954146e+74 1.6823666e+74 -3.434287e+73 6.5394101e+72 -1.1601019e+72 1.9146059e+71 -2.9345831e+70 4.1689635e+69 -5.4765089e+68 6.634623e+67 -7.3841835e+66 7.5670164e+65 -6.6677383e+64 9.2671904e+63 2.9128818e+63 3.3921494e+63 3.3598065e+63 3.3617434e+63 3.3616409e+63 3.3616458e+63 3.3616456e+63 3.3616456e+63 3.3616456e+63 3.3616456e+63 3.3616456e+63 3.3616456e+63
         0 -9.2577139e+80 1.6776124e+81 -2.1350581e+81 2.2619776e+81 -2.1043133e+81 1.7605472e+81 -1.3417623e+81 9.3877423e+80 -6.0605165e+80 3.6228801e+80 -2.0105166e+80 1.0377808e+80 -4.9898414e+79 2.2374045e+79 -9.3639439e+78 3.6602968e+78 -1.3369756e+78 4.5647279e+77 -1.4569946e+77 4.3476575e+76 -1.2126785e+76 3.1608404e+75 -7.6954146e+74 1.7489165e+74 -3.7074275e+73 7.3235093e+72 -1.3464635e+72 2.3008256e+71 -3.6480301e+70 5.3562564e+69 -7.2658907e+68 9.08134e+67 -1.0427332e+67 1.0932319e+66 -1.0670233e+65 7.1855461e+63 -2.6124654e+63 -1.8532462e+63 -1.9058115e+63 -1.902596e+63 -1.9027657e+63 -1.9027588e+63 -1.9027588e+63 -1.9027589e+63 -1.9027588e+63 -1.9027589e+63 -1.9027588e+63 -1.9027589e+63 -1.9027589e+63
         0 2.7742019e+80 -5.0185527e+80 6.3687059e+80 -6.7202747e+80 6.2196998e+80 -5.1709496e+80 3.9116958e+80 -2.7134382e+80 1.7347562e+80 -1.0257717e+80 5.6242676e+79 -2.8649243e+79 1.3577607e+79 -5.9934867e+78 2.4663197e+78 -9.4668172e+77 3.3910281e+77 -1.1338201e+77 3.5390275e+76 -1.0311537e+76 2.8039238e+75 -7.1128802e+74 1.6823666e+74 -3.7074275e+73 7.6049827e+72 -1.4504459e+72 2.5685294e+71 -4.2163288e+70 6.4033694e+69 -8.9766386e+68 1.1584831e+68 -1.3718908e+67 1.48664e+66 -1.4538173e+65 1.4114078e+64 -4.7442634e+60 1.1203339e+63 1.0401946e+63 1.0452681e+63 1.0449791e+63 1.0449961e+63 1.0449943e+63 1.0449947e+63 1.0449946e+63 1.0449946e+63 1.0449946e+63 1.0449946e+63 1.0449946e+63 1.0449946e+63
         0 -7.9113468e+79 1.4285656e+80 -1.8074055e+80 1.8991008e+80 -1.7480805e+80 1.4436705e+80 -1.0835358e+80 7.4482169e+79 -4.7129942e+79 2.7548879e+79 -1.4913441e+79 7.4910196e+78 -3.496353e+78 1.5180039e+78 -6.1357393e+77 2.3102094e+77 -8.1057554e+76 2.6508265e+76 -8.0802989e+75 2.2954648e+75 -6.0754046e+74 1.4973676e+74 -3.434287e+73 7.3235093e+72 -1.4504459e+72 2.6644317e+71 -4.5324519e+70 7.1262424e+69 -1.03326e+69 1.3779239e+68 -1.6848826e+67 1.8813167e+66 -1.9173103e+65 1.701414e+64 -2.0084884e+63 -4.4983547e+62 -5.6365938e+62 -5.5637185e+62 -5.5675667e+62 -5.5674739e+62 -5.5674459e+62 -5.5674573e+62 -5.5674536e+62 -5.5674548e+62 -5.5674544e+62 -5.5674545e+62 -5.5674545e+62 -5.5674545e+62 -5.5674545e+62
         0 2.1474824e+79 -3.870287e+79 4.8809614e+79 -5.1056171e+79 4.672576e+79 -3.831796e+79 2.852078e+79 -1.9417699e+79 1.2153772e+79 -7.0181816e+78 3.7483268e+78 -1.8550873e+78 8.5195657e+77 -3.6345951e+77 1.441509e+77 -5.3178494e+76 1.8253914e+76 -5.8309247e+75 1.7332464e+75 -4.7931943e+74 1.2326822e+74 -2.9462781e+73 6.5394101e+72 -1.3464635e+72 2.5685294e+71 -4.5324519e+70 7.3846871e+69 -1.1084609e+69 1.5288411e+68 -1.9315468e+67 2.2276046e+66 -2.3310653e+65 2.2398684e+64 -1.5949359e+63 4.3090321e+62 2.7793208e+62 2.8830677e+62 2.8762743e+62 2.876894e+62 2.8767694e+62 2.876807e+62 2.8767952e+62 2.8767988e+62 2.8767978e+62 2.876798e+62 2.876798e+62 2.876798e+62 2.876798e+62 2.876798e+62
         0 -5.5493907e+78 9.981009e+78 -1.2544784e+79 1.3060033e+79 -1.1879632e+79 9.6696851e+78 -7.1342327e+78 4.8080727e+78 -2.9749576e+78 1.6958826e+78 -8.9291269e+77 4.350375e+77 -1.9640377e+77 8.22476e+76 -3.1971742e+76 1.1542283e+76 -3.8709453e+75 1.2060659e+75 -3.490572e+74 9.3810299e+73 -2.3399215e+73 5.412831e+72 -1.1601019e+72 2.3008256e+71 -4.2163288e+70 7.1262424e+69 -1.1084609e+69 1.5826817e+68 -2.0680273e+67 2.4637395e+66 -2.6665163e+65 2.5888999e+64 -2.4249734e+63 3.3118488e+61 -1.5596557e+62 -1.4357003e+62 -1.4410112e+62 -1.4415235e+62 -1.4412164e+62 -1.4413271e+62 -1.4412903e+62 -1.4413021e+62 -1.4412984e+62 -1.4412995e+62 -1.4412992e+62 -1.4412993e+62 -1.4412993e+62 -1.4412993e+62 -1.4412993e+62
         0 1.3653631e+78 -2.450427e+78 3.0688239e+78 -3.1788661e+78 2.8729539e+78 -2.3201426e+78 1.6959188e+78 -1.1307373e+78 6.9116075e+77 -3.8866169e+77 2.0156996e+77 -9.6591277e+76 4.2824889e+76 -1.7584475e+76 6.6916999e+75 -2.3610503e+75 7.7254429e+74 -2.3441424e+74 6.5945869e+73 -1.7192589e+73 4.1510219e+72 -9.2733334e+71 1.9146059e+71 -3.6480301e+70 6.4033694e+69 -1.03326e+69 1.5288411e+68 -2.0680273e+67 2.548324e+66 -2.847568e+65 2.8807808e+64 -2.5345846e+63 2.8197733e+62 5.3976113e+61 7.1378994e+61 6.9764569e+61 7.0062787e+61 6.9969272e+61 7.0001859e+61 6.9990692e+61 6.9994387e+61 6.999321e+61 6.999357e+61 6.9993464e+61 6.9993494e+61 6.9993486e+61 6.9993488e+61 6.9993487e+61 6.9993488e+61
         0 -3.1986732e+77 5.7276123e+77 -7.1458636e+77 7.362878e+77 -6.609052e+77 5.2930183e+77 -3.8310225e+77 2.5254195e+77 -1.5238814e+77 8.4465017e+76 -4.3111077e+76 2.0298915e+76 -8.828816e+75 3.5504863e+75 -1.3210063e+75 4.5489715e+74 -1.4499944e+74 4.2777609e+73 -1.1676588e+73 2.9472337e+72 -6.8731375e+71 1.4793297e+71 -2.9345831e+70 5.3562564e+69 -8.9766386e+68 1.3779239e+68 -1.9315468e+67 2.4637395e+66 -2.847568e+65 2.961068e+64 -2.7886991e+63 1.9049414e+62 -4.6936297e+61 -3.303255e+61 -3.2527879e+61 -3.3113387e+61 -3.2869006e+61 -3.2960116e+61 -3.2927637e+61 -3.2938791e+61 -3.29351e+61 -3.2936276e+61 -3.2935916e+61 -3.2936022e+61 -3.2935992e+61 -3.2936e+61 -3.2935998e+61 -3.2935999e+61 -3.2935999e+61
         0 7.1354778e+76 -1.2746147e+77 1.5838514e+77 -1.6227997e+77 1.4461665e+77 -1.1480189e+77 8.2230171e+76 -5.355789e+76 3.1879641e+76 -1.7402204e+76 8.7330338e+75 -4.0361676e+75 1.7201786e+75 -6.7665472e+74 2.4580993e+74 -8.2489329e+73 2.5572698e+73 -7.3221952e+72 1.9354794e+72 -4.719568e+71 1.0605887e+71 -2.1936035e+70 4.1689635e+69 -7.2658907e+68 1.1584831e+68 -1.6848826e+67 2.2276046e+66 -2.6665163e+65 2.8807808e+64 -2.7886991e+63 2.6749373e+62 -9.5283697e+60 1.9016717e+61 1.3776861e+61 1.5481519e+61 1.4831465e+61 1.5078781e+61 1.498755e+61 1.502004e+61 1.5008882e+61 1.5012574e+61 1.5011398e+61 1.5011758e+61 1.5011652e+61 1.5011682e+61 1.5011674e+61 1.5011676e+61 1.5011676e+61 1.5011676e+61
         0 -1.515657e+76 2.7005172e+76 -3.3414392e+76 3.4032772e+76 -3.0097272e+76 2.3669988e+76 -1.676809e+76 1.078302e+76 -6.3263295e+75 3.3979258e+75 -1.6748865e+75 7.5897071e+74 -3.1657082e+74 1.2164314e+74 -4.3081859e+73 1.4066352e+73 -4.233682e+72 1.1742383e+72 -2.9993538e+71 7.0492007e+70 -1.5225315e+70 3.0174048e+69 -5.4765089e+68 9.08134e+67 -1.3718908e+67 1.8813167e+66 -2.3310653e+65 2.5888999e+64 -2.5345846e+63 1.9049414e+62 -9.5283697e+60 -1.2036196e+61 -3.865723e+60 -7.7897178e+60 -6.1579068e+60 -6.8045675e+60 -6.5573855e+60 -6.6486084e+60 -6.6161209e+60 -6.6272778e+60 -6.6235859e+60 -6.6247621e+60 -6.6244017e+60 -6.6245078e+60 -6.6244778e+60 -6.6244859e+60 -6.6244838e+60 -6.6244843e+60 -6.6244842e+60
         0 3.0653285e+75 -5.4468655e+75 6.7092456e+75 -6.7904083e+75 5.9566675e+75 -4.6384375e+75 3.2476847e+75 -2.0604587e+75 1.1904747e+75 -6.2853657e+74 3.0397767e+74 -1.3489494e+74 5.4993153e+73 -2.0611861e+73 7.1056808e+72 -2.2533123e+72 6.5717608e+71 -1.7618781e+71 4.3387139e+70 -9.8029163e+69 2.0292051e+69 -3.8412625e+68 6.634623e+67 -1.0427332e+67 1.48664e+66 -1.9173103e+65 2.2398684e+64 -2.4249734e+63 2.8197733e+62 -4.6936297e+61 1.9016717e+61 -3.865723e+60 5.6616473e+60 1.6602637e+60 3.2957802e+60 2.6489734e+60 2.8961612e+60 2.8049372e+60 2.8374252e+60 2.8262681e+60 2.8299601e+60 2.8287839e+60 2.8291443e+60 2.8290382e+60 2.8290682e+60 2.82906e+60 2.8290622e+60 2.8290616e+60 2.8290618e+60
         0 -5.9020737e+74 1.0457463e+75 -1.2819607e+75 1.28881e+75 -1.120883e+75 8.6370427e+74 -5.9727638e+74 3.7354439e+74 -2.1234306e+74 1.1008833e+74 -5.2177633e+73 2.2645928e+73 -9.0105083e+72 3.2890165e+72 -1.101753e+72 3.386892e+71 -9.5515619e+70 2.4695584e+70 -5.84797e+69 1.2666099e+69 -2.504766e+68 4.5123665e+67 -7.3841835e+66 1.0932319e+66 -1.4538173e+65 1.701414e+64 -1.5949359e+63 3.3118488e+61 5.3976113e+61 -3.303255e+61 1.3776861e+61 -7.7897178e+60 1.6602637e+60 -2.3373036e+60 -7.0194051e+59 -1.3487422e+60 -1.1015548e+60 -1.1927786e+60 -1.1602907e+60 -1.1714477e+60 -1.1677558e+60 -1.168932e+60 -1.1685716e+60 -1.1686777e+60 -1.1686477e+60 -1.1686558e+60 -1.1686537e+60 -1.1686542e+60 -1.1686541e+60
         0 1.0817234e+74 -1.9107897e+74 2.3305271e+74 -2.3263807e+74 2.0048672e+74 -1.5277257e+74 1.0426321e+74 -6.4222954e+73 3.5882966e+73 -1.8247037e+73 8.4648339e+72 -3.5881193e+72 1.3912297e+72 -4.9372012e+71 1.6040192e+71 -4.7700702e+70 1.2978164e+70 -3.2278017e+69 7.3295278e+68 -1.5171298e+68 2.8568474e+67 -4.8834335e+66 7.5670164e+65 -1.0670233e+65 1.4114078e+64 -2.0084884e+63 4.3090321e+62 -1.5596557e+62 7.1378994e+61 -3.2527879e+61 1.5481519e+61 -6.1579068e+60 3.2957802e+60 -7.0194051e+59 9.3342751e+59 2.8662562e+59 5.3381309e+59 4.425893e+59 4.7507723e+59 4.6392014e+59 4.6761207e+59 4.6643592e+59 4.6679631e+59 4.666902e+59 4.6672019e+59 4.6671206e+59 4.6671417e+59 4.6671365e+59 4.6671377e+59
         0 -1.8867868e+73 3.3220867e+73 -4.0300108e+73 3.9925569e+73 -3.4075332e+73 2.5659634e+73 -1.7268387e+73 1.0466157e+73 -5.7413483e+72 2.8601286e+72 -1.2968779e+72 5.3607838e+71 -2.0220865e+71 6.9636272e+70 -2.1896604e+70 6.2848322e+69 -1.6454541e+69 3.92528e+68 -8.5182975e+67 1.6777727e+67 -2.9881246e+66 4.7738939e+65 -6.6677383e+64 7.1855461e+63 -4.7442634e+60 -4.4983547e+62 2.7793208e+62 -1.4357003e+62 6.9764569e+61 -3.3113387e+61 1.4831465e+61 -6.8045675e+60 2.6489734e+60 -1.3487422e+60 2.8662562e+59 -3.6017624e+59 -1.1298879e+59 -2.0421257e+59 -1.7172465e+59 -1.8288174e+59 -1.7918981e+59 -1.8036595e+59 -1.8000556e+59 -1.8011167e+59 -1.8008168e+59 -1.8008981e+59 -1.800877e+59 -1.8008822e+59 -1.8008811e+59
         0 3.131216e+72 -5.4941699e+72 6.6267504e+72 -6.5125818e+72 5.5011816e+72 -4.0905978e+72 2.712148e+72 -1.615748e+72 8.6919002e+71 -4.2361835e+71 1.8746833e+71 -7.5442704e+70 2.7633074e+70 -9.2158542e+69 2.798445e+69 -7.7334799e+68 1.9433399e+68 -4.4356588e+67 9.1872388e+66 -1.7282766e+66 2.9818281e+65 -4.9429415e+64 9.2671904e+63 -2.6124654e+63 1.1203339e+63 -5.6365938e+62 2.8830677e+62 -1.4410112e+62 7.0062787e+61 -3.2869006e+61 1.5078781e+61 -6.5573855e+60 2.8961612e+60 -1.1015548e+60 5.3381309e+59 -1.1298879e+59 1.3419867e+59 4.2974888e+58 7.5462809e+58 6.4305721e+58 6.7997648e+58 6.6821505e+58 6.7181896e+58 6.7075784e+58 6.7105773e+58 6.7097647e+58 6.7099755e+58 6.7099234e+58 6.7099351e+58
         0 -4.942559e+71 8.6405876e+71 -1.0358123e+72 1.0092811e+72 -8.4320759e+71 6.1862354e+71 -4.0369493e+71 2.3612741e+71 -1.2440587e+71 5.9231906e+70 -2.5540964e+70 9.9882648e+69 -3.5452545e+69 1.1423694e+69 -3.3406663e+68 8.857676e+67 -2.1253068e+67 4.594698e+66 -8.8421165e+65 1.448476e+65 -1.5777408e+64 -2.1818248e+63 2.9128818e+63 -1.8532462e+63 1.0401946e+63 -5.5637185e+62 2.8762743e+62 -1.4415235e+62 6.9969272e+61 -3.2960116e+61 1.498755e+61 -6.6486084e+60 2.8049372e+60 -1.1927786e+60 4.425893e+59 -2.0421257e+59 4.2974888e+58 -4.824889e+58 -1.5760969e+58 -2.6918058e+58 -2.3226131e+58 -2.4402273e+58 -2.4041883e+58 -2.4147995e+58 -2.4118005e+58 -2.4126131e+58 -2.4124023e+58 -2.4124545e+58 -2.4124427e+58
         0 7.4179012e+70 -1.2917169e+71 1.5383869e+71 -1.4853381e+71 1.2264416e+71 -8.8696981e+70 5.6908075e+70 -3.2641193e+70 1.6819271e+70 -7.8108218e+69 3.2760883e+69 -1.2426853e+69 4.2661247e+68 -1.3259247e+68 3.7320828e+67 -9.5265834e+66 2.2192995e+66 -4.8354481e+65 1.0701791e+65 -2.9204663e+64 1.1615861e+64 -6.0284736e+63 3.3921494e+63 -1.9058115e+63 1.0452681e+63 -5.5675667e+62 2.876894e+62 -1.4412164e+62 7.0001859e+61 -3.2927637e+61 1.502004e+61 -6.6161209e+60 2.8374252e+60 -1.1602907e+60 4.7507723e+59 -1.7172465e+59 7.5462809e+58 -1.5760969e+58 1.6726952e+58 5.569863e+57 9.26179e+57 8.0856474e+57 8.4460382e+57 8.3399261e+57 8.3699156e+57 8.3617895e+57 8.3638977e+57 8.3633758e+57 8.3634938e+57
         0 -1.058054e+70 1.8347227e+70 -2.16986e+70 2.0746456e+70 -1.6916448e+70 1.2047726e+70 -7.5908092e+69 4.2635134e+69 -2.1450516e+69 9.6972024e+68 -3.9465431e+68 1.4471758e+68 -4.7796206e+67 1.417987e+67 -3.7457979e+66 8.5519913e+65 -1.4848151e+65 2.6270632e+63 1.7394713e+64 -1.4423717e+64 9.4446086e+63 -5.7459819e+63 3.3598065e+63 -1.902596e+63 1.0449791e+63 -5.5674739e+62 2.8767694e+62 -1.4413271e+62 6.9990692e+61 -3.2938791e+61 1.5008882e+61 -6.6272778e+60 2.8262681e+60 -1.1714477e+60 4.6392014e+59 -1.8288174e+59 6.4305721e+58 -2.6918058e+58 5.569863e+57 -5.5872254e+57 -1.8952985e+57 -3.0714411e+57 -2.7110502e+57 -2.8171623e+57 -2.7871728e+57 -2.7952989e+57 -2.7931907e+57 -2.7937126e+57 -2.7935947e+57
         0 1.4337506e+69 -2.4750754e+69 2.9054127e+69 -2.7490964e+69 2.2117921e+69 -1.5497361e+69 9.5785809e+68 -5.26276e+68 2.5832202e+68 -1.1367958e+68 4.4989356e+67 -1.6077595e+67 5.2338958e+66 -1.5890584e+66 4.7907533e+65 -1.634019e+65 7.2090487e+64 -4.0161736e+64 2.4805743e+64 -1.5564817e+64 9.5999613e+63 -5.7645502e+63 3.3617434e+63 -1.9027657e+63 1.0449961e+63 -5.5674459e+62 2.876807e+62 -1.4412903e+62 6.9994387e+61 -3.29351e+61 1.5012574e+61 -6.6235859e+60 2.8299601e+60 -1.1677558e+60 4.6761207e+59 -1.7918981e+59 6.7997648e+58 -2.3226131e+58 9.26179e+57 -1.8952985e+57 1.7966284e+57 6.2048585e+56 9.8087671e+56 8.7476461e+56 9.0475408e+56 8.9662802e+56 8.9873621e+56 8.9821431e+56 8.9833223e+56
         0 -1.8429913e+68 3.1659464e+68 -3.6860255e+68 3.4476965e+68 -2.7326655e+68 1.8794597e+68 -1.1356815e+68 6.0700409e+67 -2.8778558e+67 1.2081412e+67 -4.4408253e+66 1.3736251e+66 -3.0192224e+65 -1.1781602e+64 7.5827299e+64 -7.1048239e+64 5.3187968e+64 -3.6715216e+64 2.4248253e+64 -1.5485242e+64 9.5900036e+63 -5.7634686e+63 3.3616409e+63 -1.9027588e+63 1.0449943e+63 -5.5674573e+62 2.8767952e+62 -1.4413021e+62 6.999321e+61 -3.2936276e+61 1.5011398e+61 -6.6247621e+60 2.8287839e+60 -1.168932e+60 4.6643592e+59 -1.8036595e+59 6.6821505e+58 -2.4402273e+58 8.0856474e+57 -3.0714411e+57 6.2048585e+56 -5.5565674e+56 -1.9526587e+56 -3.0137797e+56 -2.7138851e+56 -2.7951457e+56 -2.7740637e+56 -2.7792827e+56 -2.7781036e+56
         0 2.2630896e+67 -3.8704381e+67 4.4741534e+67 -4.1455829e+67 3.2503649e+67 -2.2121426e+67 1.3280321e+67 -7.1368993e+66 3.5042901e+66 -1.630531e+66 7.6668328e+65 -3.9624713e+65 2.3643468e+65 -1.5824687e+65 1.1141828e+65 -7.8756547e+64 5.4671497e+64 -3.6967929e+64 2.4286161e+64 -1.5490216e+64 9.5905702e+63 -5.7635236e+63 3.3616458e+63 -1.9027588e+63 1.0449947e+63 -5.5674536e+62 2.8767988e+62 -1.4412984e+62 6.999357e+61 -3.2935916e+61 1.5011758e+61 -6.6244017e+60 2.8291443e+60 -1.1685716e+60 4.6679631e+59 -1.8000556e+59 6.7181896e+58 -2.4041883e+58 8.4460382e+57 -2.7110502e+57 9.8087671e+56 -1.9526587e+56 1.6512499e+56 5.9012893e+55 8.9002359e+55 8.0876297e+55 8.2984493e+55 8.2462593e+55 8.2580509e+55
         0 -2.483092e+66 4.1925007e+66 -4.7328866e+66 4.2161806e+66 -3.096457e+66 1.8761872e+66 -8.8891536e+65 2.4659745e+65 9.2781515e+64 -2.2883005e+65 2.5370352e+65 -2.2892032e+65 1.8779788e+65 -1.4566165e+65 1.0852457e+65 -7.8166935e+64 5.4565434e+64 -3.6951168e+64 2.4283849e+64 -1.548994e+64 9.5905419e+63 -5.7635213e+63 3.3616456e+63 -1.9027589e+63 1.0449946e+63 -5.5674548e+62 2.8767978e+62 -1.4412995e+62 6.9993464e+61 -3.2936022e+61 1.5011652e+61 -6.6245078e+60 2.8290382e+60 -1.1686777e+60 4.666902e+59 -1.8011167e+59 6.7075784e+58 -2.4147995e+58 8.3399261e+57 -2.8171623e+57 8.7476461e+56 -3.0137797e+56 5.9012893e+55 -4.7099206e+55 -1.7109741e+55 -2.5235802e+55 -2.3127607e+55 -2.3649506e+55 -2.353159e+55
         0 4.0730539e+65 -7.1692442e+65 8.7668469e+65 -8.9510577e+65 8.2144754e+65 -7.1133025e+65 6.0234848e+65 -5.0905177e+65 4.3098082e+65 -3.6289278e+65 3.008396e+65 -2.4362581e+65 1.9186652e+65 -1.466585e+65 1.0874033e+65 -7.8208046e+64 5.4572297e+64 -3.6952166e+64 2.4283974e+64 -1.5489953e+64 9.5905431e+63 -5.7635213e+63 3.3616456e+63 -1.9027588e+63 1.0449946e+63 -5.5674544e+62 2.876798e+62 -1.4412992e+62 6.9993494e+61 -3.2935992e+61 1.5011682e+61 -6.6244778e+60 2.8290682e+60 -1.1686477e+60 4.6672019e+59 -1.8008168e+59 6.7105773e+58 -2.4118005e+58 8.3699156e+57 -2.7871728e+57 9.0475408e+56 -2.7138851e+56 8.9002359e+55 -1.7109741e+55 1.2879725e+55 4.7536635e+54 6.8618589e+54 6.3399591e+54 6.4578752e+54
         0 9.2093848e+64 -1.8476573e+65 2.7473952e+65 -3.5431136e+65 4.143549e+65 -4.4835144e+65 4.5469713e+65 -4.3646339e+65 3.9959361e+65 -3.5092493e+65 2.9681076e+65 -2.4242831e+65 1.9155256e+65 -1.4658604e+65 1.0872565e+65 -7.820545e+64 5.4571898e+64 -3.6952113e+64 2.4283968e+64 -1.5489952e+64 9.5905431e+63 -5.7635213e+63 3.3616456e+63 -1.9027589e+63 1.0449946e+63 -5.5674545e+62 2.876798e+62 -1.4412993e+62 6.9993486e+61 -3.2936e+61 1.5011674e+61 -6.6244859e+60 2.82906e+60 -1.1686558e+60 4.6671206e+59 -1.8008981e+59 6.7097647e+58 -2.4126131e+58 8.3617895e+57 -2.7952989e+57 8.9662802e+56 -2.7951457e+56 8.0876297e+55 -2.5235802e+55 4.7536635e+54 -3.3723976e+54 -1.2642023e+54 -1.7861021e+54 -1.668186e+54
         0 1.2463724e+65 -2.393474e+65 3.3580733e+65 -4.0834333e+65 4.5423846e+65 -4.7350611e+65 4.6842586e+65 -4.4299494e+65 4.0231416e+65 -3.5191937e+65 2.9713005e+65 -2.4251832e+65 1.9157481e+65 -1.4659085e+65 1.0872656e+65 -7.8205597e+64 5.4571919e+64 -3.6952116e+64 2.4283969e+64 -1.5489952e+64 9.5905431e+63 -5.7635213e+63 3.3616456e+63 -1.9027588e+63 1.0449946e+63 -5.5674545e+62 2.876798e+62 -1.4412993e+62 6.9993488e+61 -3.2935998e+61 1.5011676e+61 -6.6244838e+60 2.8290622e+60 -1.1686537e+60 4.6671417e+59 -1.800877e+59 6.7099755e+58 -2.4124023e+58 8.3638977e+57 -2.7931907e+57 8.9873621e+56 -2.7740637e+56 8.2984493e+55 -2.3127607e+55 6.8618589e+54 -1.2642023e+54 8.439931e+53 3.2209325e+53 4.4000941e+53
         0 1.2145972e+65 -2.3405602e+65 3.2995711e+65 -4.0325237e+65 4.5055981e+65 -4.7124558e+65 4.6722954e+65 -4.4244572e+65 4.0209453e+65 -3.518427e+65 2.9710667e+65 -2.4251211e+65 1.9157337e+65 -1.4659056e+65 1.0872651e+65 -7.820559e+64 5.4571918e+64 -3.6952116e+64 2.4283969e+64 -1.5489952e+64 9.5905431e+63 -5.7635213e+63 3.3616456e+63 -1.9027589e+63 1.0449946e+63 -5.5674545e+62 2.876798e+62 -1.4412993e+62 6.9993487e+61 -3.2935999e+61 1.5011676e+61 -6.6244843e+60 2.8290616e+60 -1.1686542e+60 4.6671365e+59 -1.8008822e+59 6.7099234e+58 -2.4124545e+58 8.3633758e+57 -2.7937126e+57 8.9821431e+56 -2.7792827e+56 8.2462593e+55 -2.3649506e+55 6.3399591e+54 -1.7861021e+54 3.2209325e+53 -1.998066e+53 -8.1890441e+52
         0 1.2175076e+65 -2.3453697e+65 3.3048211e+65 -4.0370117e+65 4.5087676e+65 -4.7143497e+65 4.673265e+65 -4.4248856e+65 4.0211092e+65 -3.5184815e+65 2.9710824e+65 -2.425125e+65 1.9157345e+65 -1.4659058e+65 1.0872651e+65 -7.820559e+64 5.4571918e+64 -3.6952116e+64 2.4283969e+64 -1.5489952e+64 9.5905431e+63 -5.7635213e+63 3.3616456e+63 -1.9027589e+63 1.0449946e+63 -5.5674545e+62 2.876798e+62 -1.4412993e+62 6.9993488e+61 -3.2935999e+61 1.5011676e+61 -6.6244842e+60 2.8290618e+60 -1.1686541e+60 4.6671377e+59 -1.8008811e+59 6.7099351e+58 -2.4124427e+58 8.3634938e+57 -2.7935947e+57 8.9833223e+56 -2.7781036e+56 8.2580509e+55 -2.353159e+55 6.4578752e+54 -1.668186e+54 4.4000941e+53 -8.1890441e+52 3.6025721e+52