         0          0          0          0          0          0          0          0          0          0          0          0          0          0          0          0          0          0          0          0          0          0          0          0          0          0          0          0          0          0          0          0          0          0          0          0          0          0          0          0          0          0          0          0          0          0          0          0          0          0
         0 5.1745743e+36 -8.6191134e+36 9.5410312e+36 -8.3304988e+36 6.0614411e+36 -3.7709978e+36 2.035523e+36 -9.6240233e+35 4.0122547e+35 -1.4821542e+35 4.8692283e+34 -1.4264947e+34 3.7340246e+33 -8.7442838e+32 1.8334751e+32 -3.4395722e+31 5.7973398e+30 -8.5102126e+29 1.3318262e+29 3.0330939e+27 1.8367658e+28 1.676321e+28 1.6911662e+28 1.6899578e+28 1.6900438e+28 1.6900385e+28 1.6900388e+28 1.6900387e+28 1.6900387e+28 1.6900387e+28 1.6900387e+28 1.6900387e+28 1.6900387e+28 1.6900387e+28 1.6900387e+28 1.6900387e+28 1.6900387e+28 1.6900387e+28 1.6900387e+28 1.6900387e+28 1.6900387e+28 1.6900387e+28 1.6900387e+28 1.6900387e+28 1.6900387e+28 1.6900387e+28 1.6900387e+28 1.6900387e+28 1.6900387e+28
         0 -8.6191134e+36 1.433946e+37 -1.5841775e+37 1.3793494e+37 -1.0000656e+37 6.1945099e+36 -3.3263072e+36 1.5631422e+36 -6.4711245e+35 2.3713335e+35 -7.7193205e+34 2.2379962e+34 -5.7890756e+33 1.3374193e+33 -2.7611012e+32 5.0871442e+31 -8.4053463e+30 1.1960258e+30 -1.9076081e+29 -1.2659785e+28 -3.2917012e+28 -3.0887424e+28 -3.1065231e+28 -3.105175e+28 -3.1052621e+28 -3.1052575e+28 -3.1052577e+28 -3.1052577e+28 -3.1052577e+28 -3.1052577e+28 -3.1052577e+28 -3.1052577e+28 -3.1052577e+28 -3.1052577e+28 -3.1052577e+28 -3.1052577e+28 -3.1052577e+28 -3.1052577e+28 -3.1052577e+28 -3.1052577e+28 -3.1052577e+28 -3.1052577e+28 -3.1052577e+28 -3.1052577e+28 -3.1052577e+28 -3.1052577e+28 -3.1052577e+28 -3.1052577e+28 -3.1052577e+28
         0 9.5410312e+36 -1.5841775e+37 1.7443804e+37 -1.5118445e+37 1.0896408e+37 -6.7004114e+36 3.566945e+36 -1.6593702e+36 6.7899207e+35 -2.4552165e+35 7.8719935e+34 -2.2432158e+34 5.689837e+33 -1.2854109e+33 2.586846e+32 -4.6265394e+31 7.4035288e+30 -9.9645508e+29 1.6921262e+29 2.6405188e+28 4.1760438e+28 4.0322861e+28 4.0438783e+28 4.043085e+28 4.0431302e+28 4.0431281e+28 4.0431282e+28 4.0431282e+28 4.0431282e+28 4.0431282e+28 4.0431282e+28 4.0431282e+28 4.0431282e+28 4.0431282e+28 4.0431282e+28 4.0431282e+28 4.0431282e+28 4.0431282e+28 4.0431282e+28 4.0431282e+28 4.0431282e+28 4.0431282e+28 4.0431282e+28 4.0431282e+28 4.0431282e+28 4.0431282e+28 4.0431282e+28 4.0431282e+28 4.0431282e+28
         0 -8.3304988e+36 1.3793494e+37 -1.5118445e+37 1.3018823e+37 -9.3056634e+36 5.6644035e+36 -2.9792277e+36 1.3665711e+36 -5.5018115e+35 1.9528776e+35 -6.130602e+34 1.7055986e+34 -4.2099623e+33 9.220325e+32 -1.7911786e+32 3.0738302e+31 -4.7142223e+30 5.7840083e+29 -1.1669822e+29 -3.6886326e+28 -4.4829666e+28 -4.4152563e+28 -4.4201151e+28 -4.4198293e+28 -4.4198424e+28 -4.419842e+28 -4.419842e+28 -4.419842e+28 -4.419842e+28 -4.419842e+28 -4.419842e+28 -4.419842e+28 -4.419842e+28 -4.419842e+28 -4.419842e+28 -4.419842e+28 -4.419842e+28 -4.419842e+28 -4.419842e+28 -4.419842e+28 -4.419842e+28 -4.419842e+28 -4.419842e+28 -4.419842e+28 -4.419842e+28 -4.419842e+28 -4.419842e+28 -4.419842e+28 -4.419842e+28
         0 6.0614411e+36 -1.0000656e+37 1.0896408e+37 -9.3056634e+36 6.5810922e+36 -3.9540523e+36 2.0476858e+36 -9.2246247e+35 3.6374154e+35 -1.2608047e+35 3.8525245e+34 -1.0394431e+34 2.4778933e+33 -5.2158428e+32 9.6864403e+31 -1.5758266e+31 2.3002814e+30 -2.3786906e+29 7.286225e+28 4.0013765e+28 4.2976964e+28 4.275251e+28 4.2766488e+28 4.2765787e+28 4.2765816e+28 4.2765815e+28 4.2765815e+28 4.2765815e+28 4.2765815e+28 4.2765815e+28 4.2765815e+28 4.2765815e+28 4.2765815e+28 4.2765815e+28 4.2765815e+28 4.2765815e+28 4.2765815e+28 4.2765815e+28 4.2765815e+28 4.2765815e+28 4.2765815e+28 4.2765815e+28 4.2765815e+28 4.2765815e+28 4.2765815e+28 4.2765815e+28 4.2765815e+28 4.2765815e+28 4.2765815e+28
         0 -3.7709978e+36 6.1945099e+36 -6.7004114e+36 5.6644035e+36 -3.9540523e+36 2.3380776e+36 -1.1880982e+36 5.2354281e+35 -2.012637e+35 6.7767613e+34 -2.0035166e+34 5.2068924e+33 -1.1895598e+33 2.3852951e+32 -4.1931696e+31 6.3772538e+30 -8.8865154e+29 5.9543138e+28 -4.6869052e+28 -3.6726213e+28 -3.753261e+28 -3.7480656e+28 -3.7483213e+28 -3.7483136e+28 -3.7483134e+28 -3.7483134e+28 -3.7483134e+28 -3.7483134e+28 -3.7483134e+28 -3.7483134e+28 -3.7483134e+28 -3.7483134e+28 -3.7483134e+28 -3.7483134e+28 -3.7483134e+28 -3.7483134e+28 -3.7483134e+28 -3.7483134e+28 -3.7483134e+28 -3.7483134e+28 -3.7483134e+28 -3.7483134e+28 -3.7483134e+28 -3.7483134e+28 -3.7483134e+28 -3.7483134e+28 -3.7483134e+28 -3.7483134e+28 -3.7483134e+28
         0 2.035523e+36 -3.3263072e+36 3.566945e+36 -2.9792277e+36 2.0476858e+36 -1.1880982e+36 5.9030905e+35 -2.5339844e+35 9.4520715e+34 -3.0748933e+34 8.7415019e+33 -2.1728468e+33 4.7190161e+32 -8.9290966e+31 1.4709454e+31 -2.0519363e+30 2.8282529e+29 4.1766848e+27 3.2332491e+28 2.9962066e+28 3.0125161e+28 3.0116072e+28 3.0116523e+28 3.0116492e+28 3.0116496e+28 3.0116495e+28 3.0116495e+28 3.0116495e+28 3.0116495e+28 3.0116495e+28 3.0116495e+28 3.0116495e+28 3.0116495e+28 3.0116495e+28 3.0116495e+28 3.0116495e+28 3.0116495e+28 3.0116495e+28 3.0116495e+28 3.0116495e+28 3.0116495e+28 3.0116495e+28 3.0116495e+28 3.0116495e+28 3.0116495e+28 3.0116495e+28 3.0116495e+28 3.0116495e+28 3.0116495e+28
         0 -9.6240233e+35 1.5631422e+36 -1.6593702e+36 1.3665711e+36 -9.2246247e+35 5.2354281e+35 -2.5339844e+35 1.055063e+35 -3.7996881e+34 1.1874385e+34 -3.2247631e+33 7.6085667e+32 -1.5572095e+32 2.7509397e+31 -4.2051389e+30 5.1906278e+29 -8.1302354e+28 -1.7023314e+28 -2.2713037e+28 -2.2310242e+28 -2.2331137e+28 -2.2330707e+28 -2.2330617e+28 -2.233064e+28 -2.2330636e+28 -2.2330637e+28 -2.2330637e+28 -2.2330637e+28 -2.2330637e+28 -2.2330637e+28 -2.2330637e+28 -2.2330637e+28 -2.2330637e+28 -2.2330637e+28 -2.2330637e+28 -2.2330637e+28 -2.2330637e+28 -2.2330637e+28 -2.2330637e+28 -2.2330637e+28 -2.2330637e+28 -2.2330637e+28 -2.2330637e+28 -2.2330637e+28 -2.2330637e+28 -2.2330637e+28 -2.2330637e+28 -2.2330637e+28 -2.2330637e+28
         0 4.0122547e+35 -6.4711245e+35 6.7899207e+35 -5.5018115e+35 3.6374154e+35 -2.012637e+35 9.4520715e+34 -3.7996881e+34 1.3141412e+34 -3.9208487e+33 1.0099298e+33 -2.2429919e+32 4.284678e+31 -6.9782892e+30 9.8410617e+29 -9.7233055e+28 2.61508e+28 1.4492643e+28 1.5393667e+28 1.5334952e+28 1.5339164e+28 1.5338596e+28 1.5338712e+28 1.5338689e+28 1.5338693e+28 1.5338692e+28 1.5338692e+28 1.5338692e+28 1.5338692e+28 1.5338692e+28 1.5338692e+28 1.5338692e+28 1.5338692e+28 1.5338692e+28 1.5338692e+28 1.5338692e+28 1.5338692e+28 1.5338692e+28 1.5338692e+28 1.5338692e+28 1.5338692e+28 1.5338692e+28 1.5338692e+28 1.5338692e+28 1.5338692e+28 1.5338692e+28 1.5338692e+28 1.5338692e+28 1.5338692e+28
         0 -1.4821542e+35 2.3713335e+35 -2.4552165e+35 1.9528776e+35 -1.2608047e+35 6.7767613e+34 -3.0748933e+34 1.1874385e+34 -3.9208487e+33 1.1092167e+33 -2.6882523e+32 5.5663182e+31 -9.8158691e+30 1.4477103e+30 -1.9037912e+29 8.5077046e+27 -1.1232325e+28 -9.7040315e+27 -9.7796431e+27 -9.7823611e+27 -9.780486e+27 -9.7809911e+27 -9.7808761e+27 -9.7808993e+27 -9.7808952e+27 -9.7808958e+27 -9.7808957e+27 -9.7808957e+27 -9.7808957e+27 -9.7808957e+27 -9.7808957e+27 -9.7808957e+27 -9.7808957e+27 -9.7808957e+27 -9.7808957e+27 -9.7808957e+27 -9.7808957e+27 -9.7808957e+27 -9.7808957e+27 -9.7808957e+27 -9.7808957e+27 -9.7808957e+27 -9.7808957e+27 -9.7808957e+27 -9.7808957e+27 -9.7808957e+27 -9.7808957e+27 -9.7808957e+27 -9.7808957e+27
         0 4.8692283e+34 -7.7193205e+34 7.8719935e+34 -6.130602e+34 3.8525245e+34 -2.0035166e+34 8.7415019e+33 -3.2247631e+33 1.0099298e+33 -2.6882523e+32 6.0747671e+31 -1.1598231e+31 1.867473e+30 -2.4261062e+29 3.3069101e+28 3.3210855e+27 6.0027962e+27 5.7701414e+27 5.8012064e+27 5.7938008e+27 5.7958091e+27 5.7953021e+27 5.7954172e+27 5.7953939e+27 5.7953981e+27 5.7953974e+27 5.7953975e+27 5.7953975e+27 5.7953975e+27 5.7953975e+27 5.7953975e+27 5.7953975e+27 5.7953975e+27 5.7953975e+27 5.7953975e+27 5.7953975e+27 5.7953975e+27 5.7953975e+27 5.7953975e+27 5.7953975e+27 5.7953975e+27 5.7953975e+27 5.7953975e+27 5.7953975e+27 5.7953975e+27 5.7953975e+27 5.7953975e+27 5.7953975e+27 5.7953975e+27
         0 -1.4264947e+34 2.2379962e+34 -2.2432158e+34 1.7055986e+34 -1.0394431e+34 5.2068924e+33 -2.1728468e+33 7.6085667e+32 -2.2429919e+32 5.5663182e+31 -1.1598231e+31 2.0100992e+30 -2.9096931e+29 2.9795846e+28 -5.9770471e+27 -3.1078064e+27 -3.1507658e+27 -3.2085264e+27 -3.1855751e+27 -3.1927381e+27 -3.1907334e+27 -3.1912403e+27 -3.1911253e+27 -3.1911485e+27 -3.1911444e+27 -3.191145e+27 -3.1911449e+27 -3.1911449e+27 -3.1911449e+27 -3.1911449e+27 -3.1911449e+27 -3.1911449e+27 -3.1911449e+27 -3.1911449e+27 -3.1911449e+27 -3.1911449e+27 -3.1911449e+27 -3.1911449e+27 -3.1911449e+27 -3.1911449e+27 -3.1911449e+27 -3.1911449e+27 -3.1911449e+27 -3.1911449e+27 -3.1911449e+27 -3.1911449e+27 -3.1911449e+27 -3.1911449e+27 -3.1911449e+27
         0 3.7340246e+33 -5.7890756e+33 5.689837e+33 -4.2099623e+33 2.4778933e+33 -1.1895598e+33 4.7190161e+32 -1.5572095e+32 4.284678e+31 -9.8158691e+30 1.867473e+30 -2.9096931e+29 3.9655535e+28 -2.7556339e+27 2.2454041e+27 1.4790637e+27 1.6841887e+27 1.6142397e+27 1.6375755e+27 1.6304066e+27 1.6324113e+27 1.6319043e+27 1.6320194e+27 1.6319962e+27 1.6320003e+27 1.6319997e+27 1.6319998e+27 1.6319997e+27 1.6319997e+27 1.6319997e+27 1.6319997e+27 1.6319997e+27 1.6319997e+27 1.6319997e+27 1.6319997e+27 1.6319997e+27 1.6319997e+27 1.6319997e+27 1.6319997e+27 1.6319997e+27 1.6319997e+27 1.6319997e+27 1.6319997e+27 1.6319997e+27 1.6319997e+27 1.6319997e+27 1.6319997e+27 1.6319997e+27 1.6319997e+27
         0 -8.7442838e+32 1.3374193e+33 -1.2854109e+33 9.220325e+32 -5.2158428e+32 2.3852951e+32 -8.9290966e+31 2.7509397e+31 -6.9782892e+30 1.4477103e+30 -2.4261062e+29 2.9795846e+28 -2.7556339e+27 -1.255651e+27 -4.5101278e+26 -9.1179268e+26 -7.2262134e+26 -7.9203759e+26 -7.6871039e+26 -7.7587929e+26 -7.7387452e+26 -7.743815e+26 -7.7426644e+26 -7.7428966e+26 -7.7428554e+26 -7.7428617e+26 -7.7428609e+26 -7.742861e+26 -7.742861e+26 -7.742861e+26 -7.742861e+26 -7.742861e+26 -7.742861e+26 -7.742861e+26 -7.742861e+26 -7.742861e+26 -7.742861e+26 -7.742861e+26 -7.742861e+26 -7.742861e+26 -7.742861e+26 -7.742861e+26 -7.742861e+26 -7.742861e+26 -7.742861e+26 -7.742861e+26 -7.742861e+26 -7.742861e+26 -7.742861e+26
         0 1.8334751e+32 -2.7611012e+32 2.586846e+32 -1.7911786e+32 9.6864403e+31 -4.1931696e+31 1.4709454e+31 -4.2051389e+30 9.8410617e+29 -1.9037912e+29 3.3069101e+28 -5.9770471e+27 2.2454041e+27 -4.5101278e+26 6.8109084e+26 2.0206987e+26 3.9188844e+26 3.2246118e+26 3.4578838e+26 3.3861947e+26 3.4062424e+26 3.4011726e+26 3.4023233e+26 3.4020911e+26 3.4021322e+26 3.4021259e+26 3.4021267e+26 3.4021267e+26 3.4021267e+26 3.4021267e+26 3.4021267e+26 3.4021267e+26 3.4021267e+26 3.4021267e+26 3.4021267e+26 3.4021267e+26 3.4021267e+26 3.4021267e+26 3.4021267e+26 3.4021267e+26 3.4021267e+26 3.4021267e+26 3.4021267e+26 3.4021267e+26 3.4021267e+26 3.4021267e+26 3.4021267e+26 3.4021267e+26 3.4021267e+26
         0 -3.4395722e+31 5.0871442e+31 -4.6265394e+31 3.0738302e+31 -1.5758266e+31 6.3772538e+30 -2.0519363e+30 5.1906278e+29 -9.7233055e+28 8.5077046e+27 3.3210855e+27 -3.1078064e+27 1.4790637e+27 -9.1179268e+26 2.0206987e+26 -2.7626063e+26 -8.6454545e+25 -1.5588181e+26 -1.325546e+26 -1.3972351e+26 -1.3771874e+26 -1.3822572e+26 -1.3811066e+26 -1.3813388e+26 -1.3812976e+26 -1.3813039e+26 -1.3813031e+26 -1.3813032e+26 -1.3813032e+26 -1.3813032e+26 -1.3813032e+26 -1.3813032e+26 -1.3813032e+26 -1.3813032e+26 -1.3813032e+26 -1.3813032e+26 -1.3813032e+26 -1.3813032e+26 -1.3813032e+26 -1.3813032e+26 -1.3813032e+26 -1.3813032e+26 -1.3813032e+26 -1.3813032e+26 -1.3813032e+26 -1.3813032e+26 -1.3813032e+26 -1.3813032e+26 -1.3813032e+26
         0 5.7973398e+30 -8.4053463e+30 7.4035288e+30 -4.7142223e+30 2.3002814e+30 -8.8865154e+29 2.8282529e+29 -8.1302354e+28 2.61508e+28 -1.1232325e+28 6.0027962e+27 -3.1507658e+27 1.6841887e+27 -7.2262134e+26 3.9188844e+26 -8.6454545e+25 1.0335154e+26 3.3924283e+25 5.7251486e+25 5.0082579e+25 5.2087348e+25 5.1580368e+25 5.169543e+25 5.1672213e+25 5.1676329e+25 5.1675697e+25 5.167578e+25 5.1675771e+25 5.1675772e+25 5.1675772e+25 5.1675772e+25 5.1675772e+25 5.1675772e+25 5.1675772e+25 5.1675772e+25 5.1675772e+25 5.1675772e+25 5.1675772e+25 5.1675772e+25 5.1675772e+25 5.1675772e+25 5.1675772e+25 5.1675772e+25 5.1675772e+25 5.1675772e+25 5.1675772e+25 5.1675772e+25 5.1675772e+25 5.1675772e+25
         0 -8.5102126e+29 1.1960258e+30 -9.9645508e+29 5.7840083e+29 -2.3786906e+29 5.9543138e+28 4.1766848e+27 -1.7023314e+28 1.4492643e+28 -9.7040315e+27 5.7701414e+27 -3.2085264e+27 1.6142397e+27 -7.9203759e+26 3.2246118e+26 -1.5588181e+26 3.3924283e+25 -3.5502976e+25 -1.2175774e+25 -1.9344681e+25 -1.7339911e+25 -1.7846892e+25 -1.7731829e+25 -1.7755047e+25 -1.775093e+25 -1.7751562e+25 -1.775148e+25 -1.7751489e+25 -1.7751488e+25 -1.7751488e+25 -1.7751488e+25 -1.7751488e+25 -1.7751488e+25 -1.7751488e+25 -1.7751488e+25 -1.7751488e+25 -1.7751488e+25 -1.7751488e+25 -1.7751488e+25 -1.7751488e+25 -1.7751488e+25 -1.7751488e+25 -1.7751488e+25 -1.7751488e+25 -1.7751488e+25 -1.7751488e+25 -1.7751488e+25 -1.7751488e+25 -1.7751488e+25
         0 1.3318262e+29 -1.9076081e+29 1.6921262e+29 -1.1669822e+29 7.286225e+28 -4.6869052e+28 3.2332491e+28 -2.2713037e+28 1.5393667e+28 -9.7796431e+27 5.8012064e+27 -3.1855751e+27 1.6375755e+27 -7.6871039e+26 3.4578838e+26 -1.325546e+26 5.7251486e+25 -1.2175774e+25 1.1151429e+25 3.9825216e+24 5.9872913e+24 5.4803107e+24 5.5953731e+24 5.5721555e+24 5.576272e+24 5.5756404e+24 5.5757226e+24 5.5757137e+24 5.5757145e+24 5.5757145e+24 5.5757145e+24 5.5757145e+24 5.5757145e+24 5.5757145e+24 5.5757145e+24 5.5757145e+24 5.5757145e+24 5.5757145e+24 5.5757145e+24 5.5757145e+24 5.5757145e+24 5.5757145e+24 5.5757145e+24 5.5757145e+24 5.5757145e+24 5.5757145e+24 5.5757145e+24 5.5757145e+24 5.5757145e+24
         0 3.0330939e+27 -1.2659785e+28 2.6405188e+28 -3.6886326e+28 4.0013765e+28 -3.6726213e+28 2.9962066e+28 -2.2310242e+28 1.5334952e+28 -9.7823611e+27 5.7938008e+27 -3.1927381e+27 1.6304066e+27 -7.7587929e+26 3.3861947e+26 -1.3972351e+26 5.0082579e+25 -1.9344681e+25 3.9825216e+24 -3.1863857e+24 -1.181616e+24 -1.6885965e+24 -1.5735342e+24 -1.5967517e+24 -1.5926352e+24 -1.5932669e+24 -1.5931847e+24 -1.5931935e+24 -1.5931928e+24 -1.5931928e+24 -1.5931928e+24 -1.5931928e+24 -1.5931928e+24 -1.5931928e+24 -1.5931928e+24 -1.5931928e+24 -1.5931928e+24 -1.5931928e+24 -1.5931928e+24 -1.5931928e+24 -1.5931928e+24 -1.5931928e+24 -1.5931928e+24 -1.5931928e+24 -1.5931928e+24 -1.5931928e+24 -1.5931928e+24 -1.5931928e+24 -1.5931928e+24
         0 1.8367658e+28 -3.2917012e+28 4.1760438e+28 -4.4829666e+28 4.2976964e+28 -3.753261e+28 3.0125161e+28 -2.2331137e+28 1.5339164e+28 -9.780486e+27 5.7958091e+27 -3.1907334e+27 1.6324113e+27 -7.7387452e+26 3.4062424e+26 -1.3771874e+26 5.2087348e+25 -1.7339911e+25 5.9872913e+24 -1.181616e+24 8.2315359e+23 3.1617308e+23 4.3123546e+23 4.0801788e+23 4.1213438e+23 4.1150269e+23 4.1158492e+23 4.1157609e+23 4.1157684e+23 4.1157679e+23 4.115768e+23 4.115768e+23 4.115768e+23 4.115768e+23 4.115768e+23 4.115768e+23 4.115768e+23 4.115768e+23 4.115768e+23 4.115768e+23 4.115768e+23 4.115768e+23 4.115768e+23 4.115768e+23 4.115768e+23 4.115768e+23 4.115768e+23 4.115768e+23 4.115768e+23
         0 1.676321e+28 -3.0887424e+28 4.0322861e+28 -4.4152563e+28 4.275251e+28 -3.7480656e+28 3.0116072e+28 -2.2330707e+28 1.5338596e+28 -9.7809911e+27 5.7953021e+27 -3.1912403e+27 1.6319043e+27 -7.743815e+26 3.4011726e+26 -1.3822572e+26 5.1580368e+25 -1.7846892e+25 5.4803107e+24 -1.6885965e+24 3.1617308e+23 -1.9080743e+23 -7.5745055e+22 -9.8962633e+22 -9.4846137e+22 -9.547782e+22 -9.5395587e+22 -9.5404422e+22 -9.540367e+22 -9.5403717e+22 -9.5403715e+22 -9.5403715e+22 -9.5403715e+22 -9.5403715e+22 -9.5403715e+22 -9.5403715e+22 -9.5403715e+22 -9.5403715e+22 -9.5403715e+22 -9.5403715e+22 -9.5403715e+22 -9.5403715e+22 -9.5403715e+22 -9.5403715e+22 -9.5403715e+22 -9.5403715e+22 -9.5403715e+22 -9.5403715e+22 -9.5403715e+22
         0 1.6911662e+28 -3.1065231e+28 4.0438783e+28 -4.4201151e+28 4.2766488e+28 -3.7483213e+28 3.0116523e+28 -2.2330617e+28 1.5338712e+28 -9.7808761e+27 5.7954172e+27 -3.1911253e+27 1.6320194e+27 -7.7426644e+26 3.4023233e+26 -1.3811066e+26 5.169543e+25 -1.7731829e+25 5.5953731e+24 -1.5735342e+24 4.3123546e+23 -7.5745055e+22 3.9317321e+22 1.6099742e+22 2.0216239e+22 1.9584556e+22 1.9666788e+22 1.9657954e+22 1.9658706e+22 1.9658658e+22 1.965866e+22 1.965866e+22 1.965866e+22 1.965866e+22 1.965866e+22 1.965866e+22 1.965866e+22 1.965866e+22 1.965866e+22 1.965866e+22 1.965866e+22 1.965866e+22 1.965866e+22 1.965866e+22 1.965866e+22 1.965866e+22 1.965866e+22 1.965866e+22 1.965866e+22
         0 1.6899578e+28 -3.105175e+28 4.043085e+28 -4.4198293e+28 4.2765787e+28 -3.7483136e+28 3.0116492e+28 -2.233064e+28 1.5338689e+28 -9.7808993e+27 5.7953939e+27 -3.1911485e+27 1.6319962e+27 -7.7428966e+26 3.4020911e+26 -1.3813388e+26 5.1672213e+25 -1.7755047e+25 5.5721555e+24 -1.5967517e+24 4.0801788e+23 -9.8962633e+22 1.6099742e+22 -7.1178362e+21 -3.0013394e+21 -3.6330229e+21 -3.5507901e+21 -3.5596249e+21 -3.5588724e+21 -3.5589201e+21 -3.5589181e+21 -3.5589181e+21 -3.5589181e+21 -3.5589181e+21 -3.5589181e+21 -3.5589181e+21 -3.5589181e+21 -3.5589181e+21 -3.5589181e+21 -3.5589181e+21 -3.5589181e+21 -3.5589181e+21 -3.5589181e+21 -3.5589181e+21 -3.5589181e+21 -3.5589181e+21 -3.5589181e+21 -3.5589181e+21 -3.5589181e+21
         0 1.6900438e+28 -3.1052621e+28 4.0431302e+28 -4.4198424e+28 4.2765816e+28 -3.7483134e+28 3.0116496e+28 -2.2330636e+28 1.5338693e+28 -9.7808952e+27 5.7953981e+27 -3.1911444e+27 1.6320003e+27 -7.7428554e+26 3.4021322e+26 -1.3812976e+26 5.1676329e+25 -1.775093e+25 5.576272e+24 -1.5926352e+24 4.1213438e+23 -9.4846137e+22 2.0216239e+22 -3.0013394e+21 1.1151574e+21 4.8347396e+20 5.6570669e+20 5.5687197e+20 5.5762442e+20 5.5757676e+20 5.5757876e+20 5.5757871e+20 5.5757871e+20 5.5757871e+20 5.5757871e+20 5.5757871e+20 5.5757871e+20 5.5757871e+20 5.5757871e+20 5.5757871e+20 5.5757871e+20 5.5757871e+20 5.5757871e+20 5.5757871e+20 5.5757871e+20 5.5757871e+20 5.5757871e+20 5.5757871e+20 5.5757871e+20
         0 1.6900385e+28 -3.1052575e+28 4.0431281e+28 -4.419842e+28 4.2765815e+28 -3.7483134e+28 3.0116495e+28 -2.2330637e+28 1.5338692e+28 -9.7808958e+27 5.7953974e+27 -3.191145e+27 1.6319997e+27 -7.7428617e+26 3.4021259e+26 -1.3813039e+26 5.1675697e+25 -1.7751562e+25 5.5756404e+24 -1.5932669e+24 4.1150269e+23 -9.547782e+22 1.9584556e+22 -3.6330229e+21 4.8347396e+20 -1.4820952e+20 -6.5976783e+19 -7.4811507e+19 -7.4059056e+19 -7.4106714e+19 -7.4104718e+19 -7.4104759e+19 -7.4104759e+19 -7.4104759e+19 -7.4104759e+19 -7.4104759e+19 -7.4104759e+19 -7.4104759e+19 -7.4104759e+19 -7.4104759e+19 -7.4104759e+19 -7.4104759e+19 -7.4104759e+19 -7.4104759e+19 -7.4104759e+19 -7.4104759e+19 -7.4104759e+19 -7.4104759e+19 -7.4104759e+19
         0 1.6900388e+28 -3.1052577e+28 4.0431282e+28 -4.419842e+28 4.2765815e+28 -3.7483134e+28 3.0116495e+28 -2.2330637e+28 1.5338692e+28 -9.7808957e+27 5.7953975e+27 -3.1911449e+27 1.6319998e+27 -7.7428609e+26 3.4021267e+26 -1.3813031e+26 5.167578e+25 -1.775148e+25 5.5757226e+24 -1.5931847e+24 4.1158492e+23 -9.5395587e+22 1.9666788e+22 -3.5507901e+21 5.6570669e+20 -6.5976783e+19 1.6255953e+19 7.4212284e+18 8.1736791e+18 8.1260213e+18 8.1280178e+18 8.1279763e+18 8.1279763e+18 8.1279763e+18 8.1279763e+18 8.1279763e+18 8.1279763e+18 8.1279763e+18 8.1279763e+18 8.1279763e+18 8.1279763e+18 8.1279763e+18 8.1279763e+18 8.1279763e+18 8.1279763e+18 8.1279763e+18 8.1279763e+18 8.1279763e+18 8.1279763e+18
         0 1.6900387e+28 -3.1052577e+28 4.0431282e+28 -4.419842e+28 4.2765815e+28 -3.7483134e+28 3.0116495e+28 -2.2330637e+28 1.5338692e+28 -9.7808957e+27 5.7953975e+27 -3.1911449e+27 1.6319997e+27 -7.742861e+26 3.4021267e+26 -1.3813032e+26 5.1675771e+25 -1.7751489e+25 5.5757137e+24 -1.5931935e+24 4.1157609e+23 -9.5404422e+22 1.9657954e+22 -3.5596249e+21 5.5687197e+20 -7.4811507e+19 7.4212284e+18 -1.4134958e+18 -6.6104507e+17 -7.0870291e+17 -7.0670638e+17 -7.067479e+17 -7.067479e+17 -7.067479e+17 -7.067479e+17 -7.067479e+17 -7.067479e+17 -7.067479e+17 -7.067479e+17 -7.067479e+17 -7.067479e+17 -7.067479e+17 -7.067479e+17 -7.067479e+17 -7.067479e+17 -7.067479e+17 -7.067479e+17 -7.067479e+17 -7.067479e+17
         0 1.6900387e+28 -3.1052577e+28 4.0431282e+28 -4.419842e+28 4.2765815e+28 -3.7483134e+28 3.0116495e+28 -2.2330637e+28 1.5338692e+28 -9.7808957e+27 5.7953975e+27 -3.1911449e+27 1.6319997e+27 -7.742861e+26 3.4021267e+26 -1.3813032e+26 5.1675772e+25 -1.7751488e+25 5.5757145e+24 -1.5931928e+24 4.1157684e+23 -9.540367e+22 1.9658706e+22 -3.5588724e+21 5.5762442e+20 -7.4059056e+19 8.1736791e+18 -6.6104507e+17 9.1405653e+16 4.3747818e+16 4.5744344e+16 4.5702827e+16 4.5702827e+16 4.5702827e+16 4.5702827e+16 4.5702827e+16 4.5702827e+16 4.5702827e+16 4.5702827e+16 4.5702827e+16 4.5702827e+16 4.5702827e+16 4.5702827e+16 4.5702827e+16 4.5702827e+16 4.5702827e+16 4.5702827e+16 4.5702827e+16 4.5702827e+16
         0 1.6900387e+28 -3.1052577e+28 4.0431282e+28 -4.419842e+28 4.2765815e+28 -3.7483134e+28 3.0116495e+28 -2.2330637e+28 1.5338692e+28 -9.7808957e+27 5.7953975e+27 -3.1911449e+27 1.6319997e+27 -7.742861e+26 3.4021267e+26 -1.3813032e+26 5.1675772e+25 -1.7751488e+25 5.5757145e+24 -1.5931928e+24 4.1157679e+23 -9.5403717e+22 1.9658658e+22 -3.5589201e+21 5.5757676e+20 -7.4106714e+19 8.1260213e+18 -7.0870291e+17 4.3747818e+16 -3.9100164e+15 -1.9134907e+15 -1.9550082e+15 -1.9550082e+15 -1.9550082e+15 -1.9550082e+15 -1.9550082e+15 -1.9550082e+15 -1.9550082e+15 -1.9550082e+15 -1.9550082e+15 -1.9550082e+15 -1.9550082e+15 -1.9550082e+15 -1.9550082e+15 -1.9550082e+15 -1.9550082e+15 -1.9550082e+15 -1.9550082e+15 -1.9550082e+15
         0 1.6900387e+28 -3.1052577e+28 4.0431282e+28 -4.419842e+28 4.2765815e+28 -3.7483134e+28 3.0116495e+28 -2.2330637e+28 1.5338692e+28 -9.7808957e+27 5.7953975e+27 -3.1911449e+27 1.6319997e+27 -7.742861e+26 3.4021267e+26 -1.3813032e+26 5.1675772e+25 -1.7751488e+25 5.5757145e+24 -1.5931928e+24 4.115768e+23 -9.5403715e+22 1.965866e+22 -3.5589181e+21 5.5757876e+20 -7.4104718e+19 8.1280178e+18 -7.0670638e+17 4.5744344e+16 -1.9134907e+15 8.3035109e+13 4.1517555e+13 4.1517555e+13 4.1517555e+13 4.1517555e+13 4.1517555e+13 4.1517555e+13 4.1517555e+13 4.1517555e+13 4.1517555e+13 4.1517555e+13 4.1517555e+13 4.1517555e+13 4.1517555e+13 4.1517555e+13 4.1517555e+13 4.1517555e+13 4.1517555e+13 4.1517555e+13
         0 1.6900387e+28 -3.1052577e+28 4.0431282e+28 -4.419842e+28 4.2765815e+28 -3.7483134e+28 3.0116495e+28 -2.2330637e+28 1.5338692e+28 -9.7808957e+27 5.7953975e+27 -3.1911449e+27 1.6319997e+27 -7.742861e+26 3.4021267e+26 -1.3813032e+26 5.1675772e+25 -1.7751488e+25 5.5757145e+24 -1.5931928e+24 4.115768e+23 -9.5403715e+22 1.965866e+22 -3.5589181e+21 5.5757871e+20 -7.4104759e+19 8.1279763e+18 -7.067479e+17 4.5702827e+16 -1.9550082e+15 4.1517555e+13  -1.311018  -1.180005  -1.073479  -0.987291  -0.917892  -0.862276  -0.817906  -0.782662  -0.754781  -0.732802  -0.715526  -0.701968  -0.691325  -0.682937  -0.676266  -0.670863  -0.666354  -0.662413
         0 1.6900387e+28 -3.1052577e+28 4.0431282e+28 -4.419842e+28 4.2765815e+28 -3.7483134e+28 3.0116495e+28 -2.2330637e+28 1.5338692e+28 -9.7808957e+27 5.7953975e+27 -3.1911449e+27 1.6319997e+27 -7.742861e+26 3.4021267e+26 -1.3813032e+26 5.1675772e+25 -1.7751488e+25 5.5757145e+24 -1.5931928e+24 4.115768e+23 -9.5403715e+22 1.965866e+22 -3.5589181e+21 5.5757871e+20 -7.4104759e+19 8.1279763e+18 -7.067479e+17 4.5702827e+16 -1.9550082e+15 4.1517555e+13  -1.180005   -1.04873  -0.941992  -0.855632  -0.786095  -0.730367  -0.685909  -0.650595  -0.622658  -0.600635  -0.583325   -0.56974  -0.559076  -0.550671  -0.543986  -0.538573  -0.534055  -0.530106
         0 1.6900387e+28 -3.1052577e+28 4.0431282e+28 -4.419842e+28 4.2765815e+28 -3.7483134e+28 3.0116495e+28 -2.2330637e+28 1.5338692e+28 -9.7808957e+27 5.7953975e+27 -3.1911449e+27 1.6319997e+27 -7.742861e+26 3.4021267e+26 -1.3813032e+26 5.1675772e+25 -1.7751488e+25 5.5757145e+24 -1.5931928e+24 4.115768e+23 -9.5403715e+22 1.965866e+22 -3.5589181e+21 5.5757871e+20 -7.4104759e+19 8.1279763e+18 -7.067479e+17 4.5702827e+16 -1.9550082e+15 4.1517555e+13  -1.073479  -0.941992  -0.835081  -0.748581  -0.678932  -0.623114  -0.578584  -0.543213   -0.51523  -0.493172  -0.475834  -0.462227  -0.451545  -0.443127  -0.436431   -0.43101  -0.426484  -0.422528
         0 1.6900387e+28 -3.1052577e+28 4.0431282e+28 -4.419842e+28 4.2765815e+28 -3.7483134e+28 3.0116495e+28 -2.2330637e+28 1.5338692e+28 -9.7808957e+27 5.7953975e+27 -3.1911449e+27 1.6319997e+27 -7.742861e+26 3.4021267e+26 -1.3813032e+26 5.1675772e+25 -1.7751488e+25 5.5757145e+24 -1.5931928e+24 4.115768e+23 -9.5403715e+22 1.965866e+22 -3.5589181e+21 5.5757871e+20 -7.4104759e+19 8.1279763e+18 -7.067479e+17 4.5702827e+16 -1.9550082e+15 4.1517555e+13  -0.987291  -0.855632  -0.748581  -0.661968  -0.592228  -0.536337  -0.491748  -0.456331  -0.428312  -0.406225  -0.388864   -0.37524  -0.364543  -0.356115   -0.34941  -0.343981   -0.33945  -0.335489
         0 1.6900387e+28 -3.1052577e+28 4.0431282e+28 -4.419842e+28 4.2765815e+28 -3.7483134e+28 3.0116495e+28 -2.2330637e+28 1.5338692e+28 -9.7808957e+27 5.7953975e+27 -3.1911449e+27 1.6319997e+27 -7.742861e+26 3.4021267e+26 -1.3813032e+26 5.1675772e+25 -1.7751488e+25 5.5757145e+24 -1.5931928e+24 4.115768e+23 -9.5403715e+22 1.965866e+22 -3.5589181e+21 5.5757871e+20 -7.4104759e+19 8.1279763e+18 -7.067479e+17 4.5702827e+16 -1.9550082e+15 4.1517555e+13  -0.917892  -0.786095  -0.678932  -0.592228  -0.522414  -0.466465  -0.421829  -0.386375  -0.358326  -0.336216  -0.318836  -0.305198  -0.294491  -0.286053  -0.279341  -0.273907   -0.26937  -0.265406
         0 1.6900387e+28 -3.1052577e+28 4.0431282e+28 -4.419842e+28 4.2765815e+28 -3.7483134e+28 3.0116495e+28 -2.2330637e+28 1.5338692e+28 -9.7808957e+27 5.7953975e+27 -3.1911449e+27 1.6319997e+27 -7.742861e+26 3.4021267e+26 -1.3813032e+26 5.1675772e+25 -1.7751488e+25 5.5757145e+24 -1.5931928e+24 4.115768e+23 -9.5403715e+22 1.965866e+22 -3.5589181e+21 5.5757871e+20 -7.4104759e+19 8.1279763e+18 -7.067479e+17 4.5702827e+16 -1.9550082e+15 4.1517555e+13  -0.862276  -0.730367  -0.623114  -0.536337  -0.466465  -0.410468  -0.365795  -0.330311  -0.302238   -0.28011  -0.262716  -0.249065  -0.238349  -0.229904  -0.223187  -0.217748  -0.213208   -0.20924
         0 1.6900387e+28 -3.1052577e+28 4.0431282e+28 -4.419842e+28 4.2765815e+28 -3.7483134e+28 3.0116495e+28 -2.2330637e+28 1.5338692e+28 -9.7808957e+27 5.7953975e+27 -3.1911449e+27 1.6319997e+27 -7.742861e+26 3.4021267e+26 -1.3813032e+26 5.1675772e+25 -1.7751488e+25 5.5757145e+24 -1.5931928e+24 4.115768e+23 -9.5403715e+22 1.965866e+22 -3.5589181e+21 5.5757871e+20 -7.4104759e+19 8.1279763e+18 -7.067479e+17 4.5702827e+16 -1.9550082e+15 4.1517555e+13  -0.817906  -0.685909  -0.578584  -0.491748  -0.421829  -0.365795  -0.321092  -0.285584  -0.257493  -0.235349  -0.217944  -0.204284  -0.193561   -0.18511  -0.178389  -0.172946  -0.168403  -0.164432
         0 1.6900387e+28 -3.1052577e+28 4.0431282e+28 -4.419842e+28 4.2765815e+28 -3.7483134e+28 3.0116495e+28 -2.2330637e+28 1.5338692e+28 -9.7808957e+27 5.7953975e+27 -3.1911449e+27 1.6319997e+27 -7.742861e+26 3.4021267e+26 -1.3813032e+26 5.1675772e+25 -1.7751488e+25 5.5757145e+24 -1.5931928e+24 4.115768e+23 -9.5403715e+22 1.965866e+22 -3.5589181e+21 5.5757871e+20 -7.4104759e+19 8.1279763e+18 -7.067479e+17 4.5702827e+16 -1.9550082e+15 4.1517555e+13  -0.782662  -0.650595  -0.543213  -0.456331  -0.386375  -0.330311  -0.285584  -0.250057  -0.221951  -0.199795   -0.18238  -0.168714  -0.157985   -0.14953  -0.142804  -0.137359  -0.132813   -0.12884
         0 1.6900387e+28 -3.1052577e+28 4.0431282e+28 -4.419842e+28 4.2765815e+28 -3.7483134e+28 3.0116495e+28 -2.2330637e+28 1.5338692e+28 -9.7808957e+27 5.7953975e+27 -3.1911449e+27 1.6319997e+27 -7.742861e+26 3.4021267e+26 -1.3813032e+26 5.1675772e+25 -1.7751488e+25 5.5757145e+24 -1.5931928e+24 4.115768e+23 -9.5403715e+22 1.965866e+22 -3.5589181e+21 5.5757871e+20 -7.4104759e+19 8.1279763e+18 -7.067479e+17 4.5702827e+16 -1.9550082e+15 4.1517555e+13  -0.754781  -0.622658   -0.51523  -0.428312  -0.358326  -0.302238  -0.257493  -0.221951  -0.193833  -0.171668  -0.154246  -0.140574   -0.12984  -0.121381  -0.114653  -0.109205  -0.104658  -0.100683
         0 1.6900387e+28 -3.1052577e+28 4.0431282e+28 -4.419842e+28 4.2765815e+28 -3.7483134e+28 3.0116495e+28 -2.2330637e+28 1.5338692e+28 -9.7808957e+27 5.7953975e+27 -3.1911449e+27 1.6319997e+27 -7.742861e+26 3.4021267e+26 -1.3813032e+26 5.1675772e+25 -1.7751488e+25 5.5757145e+24 -1.5931928e+24 4.115768e+23 -9.5403715e+22 1.965866e+22 -3.5589181e+21 5.5757871e+20 -7.4104759e+19 8.1279763e+18 -7.067479e+17 4.5702827e+16 -1.9550082e+15 4.1517555e+13  -0.732802  -0.600635  -0.493172  -0.406225  -0.336216   -0.28011  -0.235349  -0.199795  -0.171668  -0.149496  -0.132068  -0.118391  -0.107654  -0.099193  -0.092462  -0.087012  -0.082463  -0.078487
         0 1.6900387e+28 -3.1052577e+28 4.0431282e+28 -4.419842e+28 4.2765815e+28 -3.7483134e+28 3.0116495e+28 -2.2330637e+28 1.5338692e+28 -9.7808957e+27 5.7953975e+27 -3.1911449e+27 1.6319997e+27 -7.742861e+26 3.4021267e+26 -1.3813032e+26 5.1675772e+25 -1.7751488e+25 5.5757145e+24 -1.5931928e+24 4.115768e+23 -9.5403715e+22 1.965866e+22 -3.5589181e+21 5.5757871e+20 -7.4104759e+19 8.1279763e+18 -7.067479e+17 4.5702827e+16 -1.9550082e+15 4.1517555e+13  -0.715526  -0.583325  -0.475834  -0.388864  -0.318836  -0.262716  -0.217944   -0.18238  -0.154246  -0.132068  -0.114635  -0.100955  -0.090215  -0.081751  -0.075019  -0.069568  -0.065018  -0.061041
         0 1.6900387e+28 -3.1052577e+28 4.0431282e+28 -4.419842e+28 4.2765815e+28 -3.7483134e+28 3.0116495e+28 -2.2330637e+28 1.5338692e+28 -9.7808957e+27 5.7953975e+27 -3.1911449e+27 1.6319997e+27 -7.742861e+26 3.4021267e+26 -1.3813032e+26 5.1675772e+25 -1.7751488e+25 5.5757145e+24 -1.5931928e+24 4.115768e+23 -9.5403715e+22 1.965866e+22 -3.5589181e+21 5.5757871e+20 -7.4104759e+19 8.1279763e+18 -7.067479e+17 4.5702827e+16 -1.9550082e+15 4.1517555e+13  -0.701968   -0.56974  -0.462227   -0.37524  -0.305198  -0.249065  -0.204284  -0.168714  -0.140574  -0.118391  -0.100955  -0.087272   -0.07653  -0.068064  -0.061331  -0.055878  -0.051327   -0.04735
         0 1.6900387e+28 -3.1052577e+28 4.0431282e+28 -4.419842e+28 4.2765815e+28 -3.7483134e+28 3.0116495e+28 -2.2330637e+28 1.5338692e+28 -9.7808957e+27 5.7953975e+27 -3.1911449e+27 1.6319997e+27 -7.742861e+26 3.4021267e+26 -1.3813032e+26 5.1675772e+25 -1.7751488e+25 5.5757145e+24 -1.5931928e+24 4.115768e+23 -9.5403715e+22 1.965866e+22 -3.5589181e+21 5.5757871e+20 -7.4104759e+19 8.1279763e+18 -7.067479e+17 4.5702827e+16 -1.9550082e+15 4.1517555e+13  -0.691325  -0.559076  -0.451545  -0.364543  -0.294491  -0.238349  -0.193561  -0.157985   -0.12984  -0.107654  -0.090215   -0.07653  -0.065786  -0.057319  -0.050584  -0.045131  -0.040579  -0.036601
         0 1.6900387e+28 -3.1052577e+28 4.0431282e+28 -4.419842e+28 4.2765815e+28 -3.7483134e+28 3.0116495e+28 -2.2330637e+28 1.5338692e+28 -9.7808957e+27 5.7953975e+27 -3.1911449e+27 1.6319997e+27 -7.742861e+26 3.4021267e+26 -1.3813032e+26 5.1675772e+25 -1.7751488e+25 5.5757145e+24 -1.5931928e+24 4.115768e+23 -9.5403715e+22 1.965866e+22 -3.5589181e+21 5.5757871e+20 -7.4104759e+19 8.1279763e+18 -7.067479e+17 4.5702827e+16 -1.9550082e+15 4.1517555e+13  -0.682937  -0.550671  -0.443127  -0.356115  -0.286053  -0.229904   -0.18511   -0.14953  -0.121381  -0.099193  -0.081751  -0.068064  -0.057319  -0.048851  -0.042116  -0.036662  -0.032109   -0.02813
         0 1.6900387e+28 -3.1052577e+28 4.0431282e+28 -4.419842e+28 4.2765815e+28 -3.7483134e+28 3.0116495e+28 -2.2330637e+28 1.5338692e+28 -9.7808957e+27 5.7953975e+27 -3.1911449e+27 1.6319997e+27 -7.742861e+26 3.4021267e+26 -1.3813032e+26 5.1675772e+25 -1.7751488e+25 5.5757145e+24 -1.5931928e+24 4.115768e+23 -9.5403715e+22 1.965866e+22 -3.5589181e+21 5.5757871e+20 -7.4104759e+19 8.1279763e+18 -7.067479e+17 4.5702827e+16 -1.9550082e+15 4.1517555e+13  -0.676266  -0.543986  -0.436431   -0.34941  -0.279341  -0.223187  -0.178389  -0.142804  -0.114653  -0.092462  -0.075019  -0.061331  -0.050584  -0.042116   -0.03538  -0.029925  -0.025372  -0.021393
         0 1.6900387e+28 -3.1052577e+28 4.0431282e+28 -4.419842e+28 4.2765815e+28 -3.7483134e+28 3.0116495e+28 -2.2330637e+28 1.5338692e+28 -9.7808957e+27 5.7953975e+27 -3.1911449e+27 1.6319997e+27 -7.742861e+26 3.4021267e+26 -1.3813032e+26 5.1675772e+25 -1.7751488e+25 5.5757145e+24 -1.5931928e+24 4.115768e+23 -9.5403715e+22 1.965866e+22 -3.5589181e+21 5.5757871e+20 -7.4104759e+19 8.1279763e+18 -7.067479e+17 4.5702827e+16 -1.9550082e+15 4.1517555e+13  -0.670863  -0.538573   -0.43101  -0.343981  -0.273907  -0.217748  -0.172946  -0.137359  -0.109205  -0.087012  -0.069568  -0.055878  -0.045131  -0.036662  -0.029925   -0.02447  -0.019917  -0.015937
         0 1.6900387e+28 -3.1052577e+28 4.0431282e+28 -4.419842e+28 4.2765815e+28 -3.7483134e+28 3.0116495e+28 -2.2330637e+28 1.5338692e+28 -9.7808957e+27 5.7953975e+27 -3.1911449e+27 1.6319997e+27 -7.742861e+26 3.4021267e+26 -1.3813032e+26 5.1675772e+25 -1.7751488e+25 5.5757145e+24 -1.5931928e+24 4.115768e+23 -9.5403715e+22 1.965866e+22 -3.5589181e+21 5.5757871e+20 -7.4104759e+19 8.1279763e+18 -7.067479e+17 4.5702827e+16 -1.9550082e+15 4.1517555e+13  -0.666354  -0.534055  -0.426484   -0.33945   -0.26937  -0.213208  -0.168403  -0.132813  -0.104658  -0.082463  -0.065018  -0.051327  -0.040579  -0.032109  -0.025372  -0.019917  -0.015364  -0.011384
         0 1.6900387e+28 -3.1052577e+28 4.0431282e+28 -4.419842e+28 4.2765815e+28 -3.7483134e+28 3.0116495e+28 -2.2330637e+28 1.5338692e+28 -9.7808957e+27 5.7953975e+27 -3.1911449e+27 1.6319997e+27 -7.742861e+26 3.4021267e+26 -1.3813032e+26 5.1675772e+25 -1.7751488e+25 5.5757145e+24 -1.5931928e+24 4.115768e+23 -9.5403715e+22 1.965866e+22 -3.5589181e+21 5.5757871e+20 -7.4104759e+19 8.1279763e+18 -7.067479e+17 4.5702827e+16 -1.9550082e+15 4.1517555e+13  -0.662413  -0.530106  -0.422528  -0.335489  -0.265406   -0.20924  -0.164432   -0.12884  -0.100683  -0.078487  -0.061041   -0.04735  -0.036601   -0.02813  -0.021393  -0.015937  -0.011384  -0.007403