Time step 35:
        99	        99	        99	        99	        99	        99	        99	        99	        99	        99	        99	        99	        99	        99	        99	        99	        99	        99	        99	        99	        99	        99	        99	        99	        99	        99	        99	        99	        99	        99	        99	        99	        99	        99	        99	        99	        99	        99	        99	        99	        99	        99	        99	        99	        99	        99	        99	        99	        99	        99	        99	        99	        99	        99	        99	        99	        99	        99	        99	        99	        99	        99	        99	        99	        99	        99	        99	        99	        99	        99	        99	        99	        99	        99	        99	        99	        99	        99	        99	        99	        99	        99	        99	        99	        99	        99	        99	        99	        99	        99	        99	        99	        99	        99	        99	        99	        99	        99	        99	        99	        99	        99	        99	        99	        99	        99	        99	        99	        99	        99	        99	        99	        99	        99	        99	        99	        99	        99	        99	        99	        99	        99	        99	        99	        99	        99	        99	        99	        99	        99	        99	        99	        99	        99	        99	        99	        99	        99	        99	        99	        99	        99	        99	        99	        99	        99	        99	        99	        99	        99	        99	        99	        99	        99	        99	        99	        99	        99	        99	        99	        99	        99	        99	        99	        99	        99	        99	        99	        99	        99	        99	        99	        99	        99	        99	        99	        99	        99	        99	        99	        99	        99	        99	        99	        99	        99	        99	        99	        99	        99	        99	        99	        99	        99	        99	        99	        99	        99	        99	        99	
        99	  98.98186	 98.963726	 98.945606	 98.927505	  98.90943	 98.891388	 98.873385	 98.855427	 98.837521	 98.819673	  98.80189	 98.784176	 98.766539	 98.748985	 98.731519	 98.714148	 98.696876	  98.67971	 98.662655	 98.645717	   98.6289	 98.612211	 98.595653	 98.579232	 98.562953	 98.546819	 98.530837	 98.515009	  98.49934	 98.483835	 98.468496	 98.453328	 98.438334	 98.423517	 98.408881	 98.394429	 98.380163	 98.366086	 98.352201	  98.33851	 98.325015	 98.311718	 98.298621	 98.285726	 98.273034	 98.260546	 98.248263	 98.236187	 98.224319	 98.212658	 98.201206	 98.189962	 98.178928	 98.168102	 98.157485	 98.147077	 98.136877	 98.126885	 98.117099	  98.10752	 98.098145	 98.088975	 98.080007	 98.071241	 98.062675	 98.054308	 98.046137	 98.038161	 98.030379	 98.022788	 98.015386	 98.008172	 98.001142	 97.994295	 97.987629	  97.98114	 97.974827	 97.968686	 97.962717	 97.956914	 97.951277	 97.945802	 97.940487	 97.935329	 97.930324	 97.925471	 97.920765	 97.916206	 97.911788	  97.90751	 97.903369	 97.899362	 97.895485	 97.891736	 97.888112	 97.884611	 97.881228	 97.877962	 97.874809	 97.871767	 97.868832	 97.866003	 97.863276	 97.860648	 97.858117	  97.85568	 97.853334	 97.851077	 97.848907	  97.84682	 97.844814	 97.842887	 97.841036	  97.83926	 97.837554	 97.835918	 97.834349	 97.832845	 97.831404	 97.830023	 97.828701	 97.827435	 97.826223	 97.825064	 97.823956	 97.822897	 97.821885	 97.820918	 97.819995	 97.819113	 97.818272	  97.81747	 97.816705	 97.815976	 97.815282	  97.81462	  97.81399	 97.813391	  97.81282	 97.812278	 97.811762	 97.811272	 97.810806	 97.810364	 97.809944	 97.809545	 97.809167	 97.808809	 97.808469	 97.808147	 97.807842	 97.807553	  97.80728	 97.807021	 97.806776	 97.806545	 97.806327	  97.80612	 97.805925	 97.805741	 97.805568	 97.805404	 97.805249	 97.805104	 97.804967	 97.804838	 97.804717	 97.804603	 97.804496	 97.804395	 97.804301	 97.804212	 97.804129	 97.804051	 97.803978	  97.80391	 97.803847	 97.803788	 97.803733	 97.803681	 97.803634	 97.803589	 97.803549	 97.803511	 97.803476	 97.803445	 97.803416	 97.803389	 97.803366	 97.803344	 97.803325	 97.803309	 97.803294	 97.803282	 97.803272	 97.803264	 97.803258	 97.803254	 97.803252	
        99	 98.963726	 98.927466	 98.891232	 98.855036	 98.818893	 98.782815	 98.746816	 98.710907	 98.675101	 98.639412	 98.603851	  98.56843	 98.533163	 98.498061	 98.463136	 98.428399	 98.393862	 98.359536	 98.325432	 98.291562	 98.257935	 98.224561	 98.191452	 98.158616	 98.126063	 98.093802	 98.061842	 98.030193	 97.998861	 97.967855	 97.937184	 97.906853	  97.87687	 97.847242	 97.817976	 97.789076	 97.760549	 97.732401	 97.704636	 97.677258	 97.650273	 97.623684	 97.597495	 97.571709	 97.546329	 97.521358	 97.496798	  97.47265	 97.448917	   97.4256	   97.4027	 97.380217	 97.358152	 97.336504	 97.315275	 97.294462	 97.274066	 97.254084	 97.234517	 97.215361	 97.196616	 97.178278	 97.160346	 97.142817	 97.125688	 97.108956	 97.092618	  97.07667	 97.061108	 97.045928	 97.031128	 97.016701	 97.002644	 96.988953	 96.975622	 96.962647	 96.950023	 96.937745	 96.925807	 96.914205	 96.902933	 96.891985	 96.881356	 96.871041	 96.861034	 96.851329	  96.84192	 96.832802	 96.823969	 96.815415	 96.807134	  96.79912	 96.791369	 96.783872	 96.776626	 96.769624	  96.76286	 96.756329	 96.750024	 96.743941	 96.738073	 96.732415	 96.726961	 96.721707	 96.716645	 96.711772	 96.707082	 96.702569	 96.698229	 96.694056	 96.690045	 96.686192	 96.682491	 96.678938	 96.675528	 96.672257	 96.669119	 96.666112	 96.663229	 96.660468	 96.657824	 96.655292	  96.65287	 96.650553	 96.648337	 96.646219	 96.644194	 96.642261	 96.640415	 96.638652	 96.636971	 96.635367	 96.633837	  96.63238	 96.630991	 96.629668	 96.628408	 96.627209	 96.626068	 96.624984	 96.623952	 96.622972	 96.622041	 96.621156	 96.620317	  96.61952	 96.618764	 96.618047	 96.617368	 96.616724	 96.616114	 96.615536	  96.61499	 96.614472	 96.613983	 96.613521	 96.613084	 96.612671	 96.612281	 96.611913	 96.611566	 96.611238	  96.61093	 96.610639	 96.610365	 96.610107	 96.609865	 96.609637	 96.609423	 96.609221	 96.609033	 96.608855	 96.608689	 96.608534	 96.608388	 96.608252	 96.608125	 96.608007	 96.607897	 96.607794	 96.607699	  96.60761	 96.607529	 96.607453	 96.607384	 96.607321	 96.607263	  96.60721	 96.607163	  96.60712	 96.607082	 96.607049	  96.60702	 96.606995	 96.606975	 96.606959	 96.606947	 96.606939	 96.606935	
        99	 98.945606	 98.891232	 98.836896	  98.78262	 98.728422	 98.674321	 98.620338	  98.56649	 98.512798	  98.45928	 98.405954	  98.35284	 98.299955	 98.247318	 98.194945	 98.142856	 98.091066	 98.039593	 97.988453	 97.937662	 97.887236	 97.837191	 97.787542	 97.738303	 97.689488	 97.641111	 97.593187	 97.545726	 97.498743	 97.452248	 97.406254	 97.360772	 97.315811	 97.271383	 97.227496	  97.18416	 97.141383	 97.099173	 97.057538	 97.016484	 96.976018	 96.936147	 96.896875	 96.858208	 96.820149	 96.782703	 96.745874	 96.709664	 96.674075	  96.63911	 96.604769	 96.571055	 96.537967	 96.505506	 96.473671	 96.442462	 96.411876	 96.381913	 96.352571	 96.323846	 96.295736	 96.268238	 96.241348	 96.215063	 96.189377	 96.164287	 96.139786	 96.115871	 96.092536	 96.069773	 96.047579	 96.025946	 96.004867	 95.984336	 95.964346	 95.944889	 95.925959	 95.907547	 95.889646	 95.872248	 95.855344	 95.838928	 95.822989	 95.807521	 95.792515	 95.777962	 95.763853	  95.75018	 95.736934	 95.724107	 95.711689	 95.699673	 95.688048	 95.676807	 95.665941	 95.655441	 95.645298	 95.635504	  95.62605	 95.616928	 95.608129	 95.599644	 95.591466	 95.583587	 95.575997	  95.56869	 95.561656	 95.554889	  95.54838	 95.542123	 95.536108	  95.53033	 95.524781	 95.519453	  95.51434	 95.509434	  95.50473	 95.500219	 95.495897	 95.491757	 95.487791	 95.483995	 95.480363	 95.476888	 95.473565	 95.470389	 95.467354	 95.464454	 95.461686	 95.459043	 95.456521	 95.454116	 95.451822	 95.449636	 95.447554	  95.44557	 95.443681	 95.441883	 95.440173	 95.438546	 95.436999	 95.435529	 95.434133	 95.432807	 95.431547	 95.430353	 95.429219	 95.428144	 95.427125	  95.42616	 95.425245	 95.424379	 95.423559	 95.422784	  95.42205	 95.421357	 95.420701	 95.420082	 95.419498	 95.418946	 95.418425	 95.417934	 95.417472	 95.417036	 95.416625	 95.416238	 95.415875	 95.415533	 95.415212	  95.41491	 95.414627	 95.414361	 95.414112	 95.413879	 95.413661	 95.413457	 95.413266	 95.413089	 95.412923	 95.412769	 95.412626	 95.412494	 95.412372	 95.412259	 95.412155	  95.41206	 95.411973	 95.411894	 95.411822	 95.411759	 95.411702	 95.411652	 95.411608	 95.411572	 95.411541	 95.411517	 95.411499	 95.411487	 95.411481	
        99	 98.927505	 98.855036	  98.78262	 98.710282	 98.638048	 98.565944	 98.493996	  98.42223	  98.35067	 98.279343	 98.208272	 98.137483	 98.066999	 97.996846	 97.927045	 97.857622	 97.788598	 97.719996	 97.651838	 97.584145	 97.516939	 97.450241	 97.384069	 97.318444	 97.253385	 97.188911	 97.125038	 97.061784	 96.999166	 96.937199	 96.875899	 96.815282	  96.75536	 96.696147	 96.637655	 96.579898	 96.522886	  96.46663	 96.411139	 96.356424	 96.302493	 96.249353	 96.197013	 96.145478	 96.094754	 96.044848	 95.995763	 95.947502	 95.900071	  95.85347	 95.807702	 95.762769	  95.71867	 95.675407	 95.632978	 95.591383	  95.55062	 95.510686	 95.471579	 95.433295	 95.395831	 95.359183	 95.323345	 95.288312	 95.254079	 95.220639	 95.187986	 95.156112	 95.125011	 95.094674	 95.065094	 95.036262	 95.008169	 94.980806	 94.954163	 94.928232	 94.903002	 94.878463	 94.854605	 94.831417	 94.808889	 94.787009	 94.765767	 94.745152	 94.725152	 94.705756	 94.686952	 94.668729	 94.651075	 94.633979	  94.61743	 94.601414	 94.585921	  94.57094	 94.556458	 94.542463	 94.528945	 94.515892	 94.503292	 94.491134	 94.479407	 94.468099	   94.4572	 94.446698	 94.436583	 94.426844	  94.41747	 94.408451	 94.399776	 94.391436	  94.38342	 94.375719	 94.368323	 94.361222	 94.354407	 94.347869	 94.341599	 94.335588	 94.329828	 94.324309	 94.319025	 94.313965	 94.309124	 94.304493	 94.300064	 94.295831	 94.291786	 94.287921	 94.284231	 94.280709	 94.277349	 94.274143	 94.271086	 94.268173	 94.265397	 94.262753	 94.260235	 94.257839	  94.25556	 94.253392	  94.25133	 94.249371	  94.24751	 94.245742	 94.244064	 94.242472	 94.240961	 94.239528	  94.23817	 94.236884	 94.235665	  94.23451	 94.233418	 94.232384	 94.231407	 94.230482	 94.229609	 94.228784	 94.228005	 94.227269	 94.226575	 94.225921	 94.225304	 94.224723	 94.224176	 94.223661	 94.223176	  94.22272	 94.222292	  94.22189	 94.221512	 94.221158	 94.220826	 94.220516	 94.220225	 94.219953	 94.219699	 94.219463	 94.219242	 94.219037	 94.218847	  94.21867	 94.218507	 94.218357	 94.218218	 94.218091	 94.217976	  94.21787	 94.217775	  94.21769	 94.217614	 94.217548	  94.21749	 94.217441	 94.217401	 94.217368	 94.217344	 94.217328	  94.21732	
        99	  98.90943	 98.818893	 98.728422	 98.638048	 98.547804	 98.457723	 98.367837	 98.278178	 98.188777	 98.099665	 98.010875	 97.922436	  97.83438	 97.746735	 97.659532	 97.572799	 97.486566	 97.400859	 97.315708	 97.231138	 97.147176	 97.063848	 96.981178	 96.899192	 96.817912	 96.737362	 96.657564	 96.578539	 96.500309	 96.422892	 96.346309	 96.270578	 96.195716	  96.12174	 96.048665	 95.976507	 95.905281	 95.834998	 95.765673	 95.697316	 95.629938	  95.56355	  95.49816	 95.433776	 95.370406	 95.308056	 95.246733	  95.18644	 95.127183	 95.068963	 95.011784	 94.955648	 94.900555	 94.846505	 94.793498	 94.741532	 94.690605	 94.640714	 94.591857	 94.544029	 94.497224	 94.451438	 94.406665	 94.362898	 94.320129	 94.278352	 94.237557	 94.197737	 94.158882	 94.120981	 94.084026	 94.048005	 94.012908	 93.978722	 93.945437	 93.913041	  93.88152	 93.850863	 93.821057	 93.792088	 93.763943	 93.736608	  93.71007	 93.684314	 93.659328	 93.635095	 93.611603	 93.588837	 93.566782	 93.545424	 93.524748	 93.504739	 93.485384	 93.466667	 93.448574	 93.431091	 93.414202	 93.397894	 93.382153	 93.366964	 93.352313	 93.338186	 93.324569	 93.311449	 93.298811	 93.286644	 93.274933	 93.263665	 93.252828	 93.242408	 93.232394	 93.222773	 93.213533	 93.204661	 93.196147	 93.187979	 93.180146	 93.172637	  93.16544	 93.158545	 93.151943	 93.145623	 93.139574	 93.133788	 93.128256	 93.122967	 93.117913	 93.113085	 93.108475	 93.104075	 93.099876	 93.095871	 93.092052	 93.088413	 93.084945	 93.081641	 93.078496	 93.075503	 93.072655	 93.069946	 93.067371	 93.064923	 93.062598	  93.06039	 93.058293	 93.056304	 93.054416	 93.052627	  93.05093	 93.049322	 93.047799	 93.046357	 93.044993	 93.043701	  93.04248	 93.041325	 93.040234	 93.039203	  93.03823	 93.037311	 93.036444	 93.035627	 93.034856	  93.03413	 93.033446	 93.032803	 93.032197	 93.031628	 93.031093	  93.03059	 93.030119	 93.029676	 93.029262	 93.028874	  93.02851	 93.028171	 93.027854	 93.027558	 93.027282	 93.027026	 93.026788	 93.026568	 93.026364	 93.026176	 93.026003	 93.025845	   93.0257	 93.025569	  93.02545	 93.025343	 93.025249	 93.025166	 93.025094	 93.025032	 93.024982	 93.024941	 93.024911	 93.024891	 93.024881	
        99	 98.891388	 98.782815	 98.674321	 98.565944	 98.457723	 98.349698	 98.241906	 98.134385	 98.027175	 97.920312	 97.813834	 97.707777	 97.602179	 97.497075	   97.3925	 97.288489	 97.185078	 97.082298	 96.980184	 96.878767	 96.778079	 96.678151	 96.579013	 96.480694	 96.383223	 96.286627	 96.190932	 96.096165	 96.002351	 95.909512	 95.817674	 95.726856	 95.637081	 95.548368	 95.460736	 95.374204	 95.288789	 95.204506	  95.12137	 95.039396	 94.958596	 94.878982	 94.800566	 94.723356	 94.647362	 94.572592	 94.499053	 94.426749	 94.355687	  94.28587	 94.217301	 94.149982	 94.083913	 94.019096	  93.95553	 93.893212	  93.83214	 93.772311	 93.713721	 93.656364	 93.600236	 93.545329	 93.491637	 93.439151	 93.387863	 93.337763	 93.288842	 93.241089	 93.194493	 93.149043	 93.104726	 93.061529	  93.01944	 92.978445	 92.938529	 92.899679	  92.86188	 92.825115	 92.789371	 92.754631	 92.720879	 92.688099	 92.656275	 92.625389	 92.595424	 92.566365	 92.538193	 92.510891	 92.484443	  92.45883	 92.434035	 92.410041	  92.38683	 92.364384	 92.342687	 92.321721	 92.301468	 92.281911	 92.263034	 92.244819	 92.227249	 92.210308	 92.193979	 92.178245	  92.16309	 92.148499	 92.134455	 92.120943	 92.107947	 92.095451	 92.083442	 92.071905	 92.060823	 92.050185	 92.039975	  92.03018	 92.020786	 92.011781	  92.00315	 91.994882	 91.986965	 91.979385	 91.972132	 91.965193	 91.958558	 91.952216	 91.946155	 91.940366	 91.934838	 91.929561	 91.924526	 91.919723	 91.915144	 91.910779	  91.90662	 91.902658	 91.898887	 91.895297	 91.891882	 91.888633	 91.885545	  91.88261	 91.879821	 91.877173	 91.874659	 91.872273	  91.87001	 91.867864	 91.865829	 91.863901	 91.862075	 91.860346	 91.858709	  91.85716	 91.855696	 91.854311	 91.853002	 91.851766	 91.850599	 91.849497	 91.848458	 91.847477	 91.846553	 91.845682	 91.844863	 91.844091	 91.843365	 91.842682	  91.84204	 91.841438	 91.840872	 91.840342	 91.839844	 91.839379	 91.838943	 91.838536	 91.838156	 91.837801	 91.837471	 91.837164	 91.836878	 91.836614	  91.83637	 91.836144	 91.835937	 91.835747	 91.835573	 91.835415	 91.835273	 91.835145	 91.835032	 91.834932	 91.834846	 91.834772	 91.834712	 91.834663	 91.834627	 91.834603	 91.834591	
        99	 98.873385	 98.746816	 98.620338	 98.493996	 98.367837	 98.241906	 98.116246	 97.990904	 97.865922	 97.741346	 97.617218	 97.493582	  97.37048	 97.247954	 97.126046	 97.004795	 96.884242	 96.764426	 96.645385	 96.527158	  96.40978	 96.293288	 96.177718	 96.063102	 95.949474	 95.836866	  95.72531	 95.614834	 95.505469	 95.397243	 95.290181	 95.184309	 95.079653	 94.976236	 94.874079	 94.773203	 94.673629	 94.575376	  94.47846	 94.382898	 94.288705	 94.195895	  94.10448	 94.014473	 93.925882	 93.838719	 93.752989	 93.668701	  93.58586	  93.50447	 93.424535	 93.346057	 93.269038	 93.193477	 93.119373	 93.046726	 92.975531	 92.905785	 92.837483	  92.77062	 92.705188	  92.64118	 92.578587	 92.517401	 92.457612	 92.399208	 92.342178	 92.286509	  92.23219	 92.179206	 92.127543	 92.077186	 92.028121	  91.98033	 91.933798	 91.888508	 91.844443	 91.801585	 91.759916	 91.719418	 91.680071	 91.641858	 91.604758	 91.568752	 91.533821	 91.499945	 91.467103	 91.435276	 91.404444	 91.374585	  91.34568	 91.317709	  91.29065	 91.264485	 91.239191	 91.214749	 91.191139	 91.168341	 91.146335	 91.125101	 91.104619	 91.084869	 91.065833	 91.047492	 91.029825	 91.012815	 90.996443	 90.980691	 90.965541	 90.950974	 90.936975	 90.923524	 90.910607	 90.898205	 90.886302	 90.874884	 90.863933	 90.853434	 90.843374	 90.833735	 90.824505	 90.815669	 90.807214	 90.799125	  90.79139	 90.783997	 90.776931	 90.770182	 90.763738	 90.757586	 90.751717	 90.746118	 90.740779	 90.735691	 90.730842	 90.726225	 90.721828	 90.717643	 90.713662	 90.709875	 90.706275	 90.702853	 90.699602	 90.696515	 90.693584	 90.690803	 90.688164	 90.685662	  90.68329	 90.681043	 90.678914	 90.676898	  90.67499	 90.673185	 90.671477	 90.669863	 90.668338	 90.666897	 90.665536	 90.664251	  90.66304	 90.661897	  90.66082	 90.659805	 90.658849	 90.657949	 90.657102	 90.656307	 90.655559	 90.654856	 90.654197	 90.653578	 90.652999	 90.652456	 90.651948	 90.651473	  90.65103	 90.650617	 90.650232	 90.649874	 90.649541	 90.649233	 90.648948	 90.648685	 90.648443	 90.648222	 90.648019	 90.647836	  90.64767	 90.647521	 90.647389	 90.647272	 90.647172	 90.647086	 90.647015	 90.646959	 90.646917	 90.646889	 90.646875	
        99	 98.855427	 98.710907	  98.56649	  98.42223	 98.278178	 98.134385	 97.990904	 97.847784	 97.705076	 97.562832	 97.421099	 97.279928	 97.139366	 96.999462	 96.860263	 96.721815	 96.584164	 96.447355	 96.311431	 96.176435	  96.04241	 95.909396	 95.777434	 95.646562	 95.516819	  95.38824	 95.260861	 95.134717	 95.009841	 94.886265	 94.764018	 94.643131	 94.523632	 94.405546	   94.2889	 94.173718	 94.060022	 93.947833	 93.837171	 93.728056	 93.620503	  93.51453	  93.41015	 93.307377	 93.206222	 93.106696	 93.008807	 92.912565	 92.817974	 92.725041	 92.633769	 92.544161	 92.456217	  92.36994	 92.285326	 92.202375	 92.121082	 92.041444	 91.963455	 91.887109	 91.812396	  91.73931	  91.66784	 91.597976	 91.529707	 91.463019	 91.397901	 91.334337	 91.272314	 91.211815	 91.152825	 91.095326	 91.039301	 90.984732	 90.931601	 90.879888	 90.829573	 90.780636	 90.733057	 90.686815	 90.641888	 90.598255	 90.555893	 90.514781	 90.474896	 90.436215	 90.398715	 90.362374	 90.327169	 90.293075	 90.260071	 90.228132	 90.197236	 90.167359	 90.138478	  90.11057	 90.083611	  90.05758	 90.032452	 90.008207	 89.984819	 89.962269	 89.940533	  89.91959	 89.899418	 89.879995	 89.861301	 89.843315	 89.826016	 89.809384	 89.793398	 89.778041	 89.763291	  89.74913	 89.735539	 89.722501	 89.709997	  89.69801	 89.686522	 89.675517	 89.664978	 89.654888	 89.645234	 89.635998	 89.627166	 89.618724	 89.610656	  89.60295	 89.595591	 89.588567	 89.581865	 89.575472	 89.569377	 89.563567	 89.558031	 89.552758	 89.547737	 89.542959	 89.538413	 89.534089	 89.529978	 89.526071	  89.52236	 89.518835	 89.515488	 89.512312	   89.5093	 89.506443	 89.503734	 89.501168	 89.498737	 89.496435	 89.494257	 89.492195	 89.490246	 89.488403	 89.486661	 89.485015	 89.483461	 89.481995	 89.480611	 89.479306	 89.478076	 89.476917	 89.475826	 89.474799	 89.473832	 89.472923	 89.472069	 89.471267	 89.470514	 89.469808	 89.469146	 89.468527	 89.467947	 89.467405	 89.466899	 89.466427	 89.465987	 89.465578	 89.465198	 89.464846	 89.464521	 89.464221	 89.463945	 89.463692	 89.463461	 89.463251	 89.463061	 89.462892	  89.46274	 89.462608	 89.462493	 89.462395	 89.462314	  89.46225	 89.462202	  89.46217	 89.462154	
        99	 98.837521	 98.675101	 98.512798	  98.35067	 98.188777	 98.027175	 97.865922	 97.705076	 97.544694	 97.384831	 97.225545	 97.066889	 96.908918	 96.751686	 96.595247	 96.439651	 96.284952	 96.131198	 95.978439	 95.826723	 95.676099	 95.526611	 95.378304	 95.231223	  95.08541	 94.940906	 94.797751	 94.655984	 94.515641	 94.376759	 94.239372	 94.103513	 93.969213	 93.836502	 93.705409	  93.57596	 93.448182	 93.322098	 93.197731	 93.075101	 92.954228	 92.835129	 92.717821	 92.602319	 92.488635	 92.376782	  92.26677	 92.158607	 92.052301	 91.947858	 91.845281	 91.744575	 91.645739	 91.548776	 91.453682	 91.360457	 91.269096	 91.179595	 91.091946	 91.006144	 90.922178	  90.84004	 90.759718	 90.681201	 90.604476	 90.529529	 90.456345	 90.384909	 90.315204	 90.247212	 90.180915	 90.116295	 90.053331	 89.992004	 89.932292	 89.874174	 89.817627	  89.76263	 89.709158	 89.657188	 89.606697	 89.557659	 89.510051	 89.463847	 89.419022	  89.37555	 89.333406	 89.292564	 89.252998	 89.214682	  89.17759	 89.141695	 89.106972	 89.073395	 89.040937	 89.009572	 88.979275	 88.950019	  88.92178	 88.894531	 88.868247	 88.842904	 88.818476	 88.794939	 88.772268	  88.75044	 88.729431	 88.709217	 88.689775	 88.671083	 88.653118	 88.635858	 88.619281	 88.603366	 88.588093	  88.57344	 88.559387	 88.545915	 88.533004	 88.520636	 88.508791	 88.497453	 88.486602	 88.476223	 88.466297	 88.456809	 88.447742	 88.439081	 88.430812	 88.422918	 88.415385	 88.408201	  88.40135	  88.39482	 88.388599	 88.382673	 88.377031	  88.37166	 88.366551	 88.361692	 88.357072	 88.352681	  88.34851	 88.344548	 88.340787	 88.337218	 88.333832	 88.330621	 88.327577	 88.324693	 88.321961	 88.319374	 88.316926	 88.314609	 88.312418	 88.310347	 88.308389	  88.30654	 88.304794	 88.303146	  88.30159	 88.300124	 88.298742	 88.297439	 88.296213	 88.295058	 88.293972	  88.29295	  88.29199	 88.291089	 88.290243	 88.289449	 88.288706	 88.288009	 88.287357	 88.286748	  88.28618	 88.285649	 88.285155	 88.284695	 88.284269	 88.283873	 88.283507	  88.28317	  88.28286	 88.282575	 88.282316	  88.28208	 88.281867	 88.281676	 88.281506	 88.281357	 88.281228	 88.281118	 88.281027	 88.280955	 88.280901	 88.280865	 88.280847	
        99	 98.819673	 98.639412	  98.45928	 98.279343	 98.099665	 97.920312	 97.741346	 97.562832	 97.384831	 97.207408	 97.030624	  96.85454	 96.679217	 96.504713	 96.331089	 96.158402	 95.986709	 95.816065	 95.646526	 95.478145	 95.310975	 95.145066	 94.980468	 94.817231	   94.6554	 94.495023	 94.336143	 94.178802	 94.023043	 93.868905	 93.716426	 93.565643	 93.416591	 93.269302	 93.123808	  92.98014	 92.838326	 92.698392	 92.560363	 92.424262	 92.290111	  92.15793	 92.027736	 91.899546	 91.773375	 91.649235	 91.527138	 91.407094	  91.28911	 91.173194	  91.05935	  90.94758	 90.837888	 90.730273	 90.624734	 90.521269	 90.419872	 90.320539	 90.223262	 90.128034	 90.034845	 89.943684	 89.854539	 89.767398	 89.682244	 89.599065	 89.517842	 89.438558	 89.361196	 89.285735	 89.212156	 89.140438	 89.070558	 89.002494	 88.936222	  88.87172	 88.808962	 88.747923	 88.688577	 88.630899	 88.574861	 88.520437	 88.467599	 88.416319	  88.36657	 88.318323	  88.27155	 88.226221	 88.182309	 88.139784	 88.098617	  88.05878	 88.020243	 87.982977	 87.946954	 87.912144	 87.878518	 87.846049	 87.814707	 87.784465	 87.755294	 87.727167	 87.700056	 87.673933	 87.648772	 87.624546	 87.601229	 87.578795	 87.557217	 87.536472	 87.516533	 87.497377	  87.47898	 87.461317	 87.444365	 87.428103	 87.412506	 87.397554	 87.383225	 87.369498	 87.356353	 87.343769	 87.331726	 87.320206	  87.30919	  87.29866	 87.288598	 87.278985	 87.269807	 87.261046	 87.252686	 87.244712	 87.237109	 87.229862	 87.222957	  87.21638	 87.210118	 87.204158	 87.198488	 87.193095	 87.187967	 87.183094	 87.178465	 87.174068	 87.169894	 87.165932	 87.162175	 87.158611	 87.155233	 87.152032	    87.149	 87.146129	 87.143412	  87.14084	 87.138409	  87.13611	 87.133937	 87.131885	 87.129947	 87.128117	 87.126391	 87.124764	  87.12323	 87.121784	 87.120423	 87.119141	 87.117936	 87.116802	 87.115737	 87.114736	 87.113797	 87.112917	 87.112091	 87.111318	 87.110595	 87.109919	 87.109288	 87.108699	  87.10815	  87.10764	 87.107167	 87.106728	 87.106322	 87.105948	 87.105603	 87.105288	    87.105	 87.104738	 87.104502	  87.10429	 87.104101	 87.103936	 87.103792	  87.10367	 87.103569	 87.103489	 87.103429	  87.10339	  87.10337	
        99	  98.80189	 98.603851	 98.405954	 98.208272	 98.010875	 97.813834	 97.617218	 97.421099	 97.225545	 97.030624	 96.836406	 96.642956	 96.450343	  96.25863	 96.067883	 95.878166	  95.68954	 95.502068	 95.315809	 95.130822	 94.947165	 94.764894	 94.584065	 94.404729	 94.226939	 94.050745	 93.876196	 93.703339	 93.532219	  93.36288	 93.195364	 93.029711	 92.865958	 92.704144	 92.544302	 92.386466	 92.230666	 92.076932	  91.92529	 91.775767	 91.628387	  91.48317	 91.340136	 91.199304	  91.06069	 90.924308	  90.79017	 90.658287	 90.528668	  90.40132	 90.276248	 90.153456	 90.032946	 89.914718	 89.798771	 89.685102	 89.573705	 89.464576	 89.357706	 89.253087	 89.150708	 89.050556	  88.95262	 88.856884	 88.763334	 88.671951	 88.582718	 88.495615	 88.410624	 88.327721	 88.246886	 88.168094	 88.091323	 88.016546	 87.943739	 87.872876	 87.803929	  87.73687	 87.671672	 87.608305	 87.546741	  87.48695	 87.428901	 87.372564	 87.317908	 87.264903	 87.213517	 87.163718	 87.115476	 87.068757	  87.02353	 86.979764	 86.937427	 86.896486	  86.85691	 86.818667	 86.781725	 86.746054	 86.711621	 86.678397	 86.646349	 86.615448	 86.585663	 86.556964	 86.529322	 86.502707	  86.47709	 86.452443	 86.428738	 86.405947	 86.384042	 86.362997	 86.342784	  86.32338	 86.304756	  86.28689	 86.269755	 86.253329	 86.237587	 86.222506	 86.208064	 86.194239	 86.181009	 86.168353	 86.156251	 86.144682	 86.133627	 86.123067	 86.112984	 86.103358	 86.094174	 86.085414	 86.077061	 86.069099	 86.061513	 86.054288	 86.047408	 86.040861	 86.034631	 86.028706	 86.023073	 86.017719	 86.012633	 86.007802	 86.003217	 85.998865	 85.994736	 85.990821	  85.98711	 85.983594	 85.980262	 85.977108	 85.974123	 85.971298	 85.968627	 85.966101	 85.963714	 85.961459	  85.95933	  85.95732	 85.955424	 85.953636	 85.951951	 85.950363	 85.948867	 85.947459	 85.946135	 85.944889	 85.943719	  85.94262	 85.941588	 85.940621	 85.939714	 85.938865	  85.93807	 85.937327	 85.936634	 85.935987	 85.935384	 85.934824	 85.934304	 85.933821	 85.933376	 85.932964	 85.932586	 85.932239	 85.931923	 85.931635	 85.931376	 85.931143	 85.930936	 85.930754	 85.930596	 85.930462	 85.930352	 85.930263	 85.930198	 85.930154	 85.930132	
        99	 98.784176	  98.56843	  98.35284	 98.137483	 97.922436	 97.707777	 97.493582	 97.279928	 97.066889	  96.85454	 96.642956	  96.43221	 96.222375	 96.013521	 95.805719	 95.599039	 95.393548	 95.189314	 94.986401	 94.784875	 94.584797	 94.386229	 94.189231	  93.99386	 93.800174	 93.608227	 93.418071	 93.229759	 93.043339	 92.858859	 92.676365	   92.4959	 92.317507	 92.141225	 91.967091	 91.795142	 91.625412	 91.457932	 91.292733	 91.129841	 90.969283	 90.811082	 90.655259	 90.501835	 90.350827	 90.202251	  90.05612	 89.912445	 89.771237	 89.632502	 89.496248	 89.362477	 89.231192	 89.102393	 88.976079	 88.852246	  88.73089	 88.612003	 88.495578	 88.381605	 88.270072	 88.160966	 88.054273	 87.949977	 87.848062	 87.748508	 87.651297	 87.556407	 87.463816	 87.373501	 87.285438	 87.199601	 87.115966	 87.034504	 86.955187	 86.877988	 86.802876	 86.729821	 86.658794	 86.589761	 86.522693	 86.457555	 86.394316	 86.332942	   86.2734	 86.215655	 86.159675	 86.105424	 86.052867	 86.001971	 85.952701	 85.905022	 85.858899	 85.814297	 85.771183	  85.72952	 85.689276	 85.650415	 85.612904	 85.576709	 85.541796	 85.508131	 85.475683	 85.444419	 85.414305	  85.38531	 85.357403	 85.330553	 85.304728	 85.279899	 85.256035	 85.233108	 85.211089	 85.189949	 85.169661	 85.150197	  85.13153	 85.113635	 85.096486	 85.080057	 85.064324	 85.049262	 85.034849	 85.021062	 85.007877	 84.995274	 84.983231	 84.971726	 84.960741	 84.950256	  84.94025	 84.930707	 84.921607	 84.912933	 84.904669	 84.896798	 84.889303	  84.88217	 84.875383	 84.868928	 84.862792	 84.856959	 84.851418	 84.846156	  84.84116	 84.836419	 84.831922	 84.827657	 84.823614	 84.819783	 84.816154	 84.812717	 84.809465	 84.806388	 84.803477	 84.800726	 84.798125	 84.795669	  84.79335	  84.79116	 84.789095	 84.787147	  84.78531	  84.78358	 84.781951	 84.780417	 84.778974	 84.777618	 84.776343	 84.775145	 84.774022	 84.772967	 84.771979	 84.771054	 84.770189	 84.769379	 84.768624	 84.767919	 84.767263	 84.766652	 84.766086	  84.76556	 84.765074	 84.764626	 84.764214	 84.763837	 84.763492	 84.763179	 84.762896	 84.762642	 84.762417	 84.762218	 84.762047	 84.761901	  84.76178	 84.761684	 84.761612	 84.761565	 84.761541	
        99	 98.766539	 98.533163	 98.299955	 98.066999	  97.83438	 97.602179	  97.37048	 97.139366	 96.908918	 96.679217	 96.450343	 96.222375	 95.995392	 95.769471	 95.544688	 95.321118	 95.098835	 94.877911	 94.658417	 94.440422	 94.223994	 94.009199	 93.796103	 93.584767	 93.375253	  93.16762	 92.961925	 92.758224	  92.55657	 92.357015	 92.159608	 91.964396	 91.771425	 91.580737	 91.392373	 91.206373	 91.022773	 90.841607	 90.662907	 90.486704	 90.313026	 90.141897	 89.973341	 89.807379	 89.644031	 89.483313	  89.32524	 89.169825	 89.017077	 88.867006	 88.719617	 88.574914	 88.432901	 88.293577	 88.156941	 88.022989	 87.891715	 87.763113	 87.637174	 87.513887	 87.393239	 87.275218	 87.159806	 87.046988	 86.936744	 86.829055	   86.7239	 86.621255	 86.521098	 86.423402	 86.328143	 86.235292	 86.144822	 86.056703	 85.970905	 85.887397	 85.806147	 85.727122	  85.65029	 85.575617	 85.503068	 85.432607	   85.3642	 85.297811	 85.233403	  85.17094	 85.110385	   85.0517	 84.994849	 84.939794	 84.886498	 84.834922	  84.78503	 84.736784	 84.690146	 84.645079	 84.601546	 84.559509	 84.518933	 84.479779	 84.442013	 84.405598	 84.370499	 84.336679	 84.304104	  84.27274	 84.242553	 84.213508	 84.185573	 84.158715	 84.132901	 84.108101	 84.084282	 84.061415	 84.039468	 84.018414	 83.998222	 83.978865	 83.960314	 83.942542	 83.925523	 83.909231	  83.89364	 83.878726	 83.864464	 83.850831	 83.837803	 83.825359	 83.813476	 83.802134	 83.791311	 83.780987	 83.771144	 83.761762	 83.752822	 83.744307	   83.7362	 83.728484	 83.721143	 83.714161	 83.707522	 83.701213	  83.69522	 83.689527	 83.684123	 83.678995	  83.67413	 83.669516	 83.665143	 83.660999	 83.657073	 83.653356	 83.649838	 83.646509	 83.643361	 83.640385	 83.637572	 83.634915	 83.632406	 83.630037	 83.627803	 83.625696	  83.62371	 83.621838	 83.620076	 83.618417	 83.616856	 83.615388	 83.614009	 83.612714	 83.611498	 83.610358	 83.609289	 83.608288	 83.607352	 83.606477	 83.605659	 83.604897	 83.604187	 83.603527	 83.602914	 83.602345	  83.60182	 83.601335	  83.60089	 83.600481	 83.600108	 83.599769	 83.599463	 83.599189	 83.598945	  83.59873	 83.598545	 83.598387	 83.598256	 83.598153	 83.598075	 83.598024	 83.597998	
        99	 98.748985	 98.498061	 98.247318	 97.996846	 97.746735	 97.497075	 97.247954	 96.999462	 96.751686	 96.504713	  96.25863	 96.013521	 95.769471	 95.526562	 95.284878	 95.044497	   94.8055	 94.567965	 94.331966	  94.09758	 93.864879	 93.633933	 93.404814	 93.177587	  92.95232	 92.729074	 92.507913	 92.288896	 92.072079	 91.857519	 91.645269	 91.435378	 91.227897	 91.022871	 90.820344	 90.620359	 90.422953	 90.228165	 90.036029	 89.846577	 89.659839	 89.475842	 89.294613	 89.116172	 88.940542	 88.767739	 88.597781	 88.430679	 88.266446	 88.105091	 87.946619	 87.791037	 87.638345	 87.488545	 87.341635	 87.197611	 87.056467	 86.918195	 86.782786	 86.650229	  86.52051	 86.393614	 86.269524	 86.148223	  86.02969	 85.913904	 85.800841	 85.690479	  85.58279	 85.477749	 85.375327	 85.275495	 85.178222	 85.083477	 84.991228	  84.90144	 84.814081	 84.729115	 84.646506	 84.566218	 84.488213	 84.412455	 84.338904	 84.267523	 84.198272	 84.131112	 84.066004	 84.002907	 83.941781	 83.882586	 83.825282	 83.769829	 83.716185	 83.664311	 83.614166	 83.565711	 83.518904	 83.473707	  83.43008	 83.387983	 83.347377	 83.308224	 83.270485	 83.234122	 83.199098	 83.165376	 83.132918	  83.10169	 83.071654	 83.042776	 83.015022	 82.988357	 82.962747	  82.93816	 82.914564	 82.891926	 82.870216	 82.849403	 82.829457	 82.810349	 82.792051	 82.774534	 82.757771	 82.741735	 82.726401	 82.711742	 82.697735	 82.684355	 82.671579	 82.659384	 82.647747	 82.636647	 82.626064	 82.615976	 82.606364	 82.597209	 82.588493	 82.580196	 82.572303	 82.564796	 82.557658	 82.550875	  82.54443	  82.53831	   82.5325	 82.526986	 82.521755	 82.516794	 82.512092	 82.507636	 82.503416	 82.499419	 82.495637	 82.492058	 82.488673	 82.485472	 82.482448	 82.479591	 82.476893	 82.474347	 82.471945	 82.469679	 82.467544	 82.465531	 82.463636	 82.461853	 82.460174	 82.458597	 82.457114	 82.455721	 82.454414	 82.453188	 82.452039	 82.450963	 82.449956	 82.449015	 82.448136	 82.447317	 82.446553	 82.445843	 82.445184	 82.444573	 82.444008	 82.443487	 82.443008	 82.442568	 82.442167	 82.441803	 82.441474	 82.441179	 82.440917	 82.440686	 82.440486	 82.440317	 82.440176	 82.440065	 82.439982	 82.439926	 82.439899	
        99	 98.731519	 98.463136	 98.194945	 97.927045	 97.659532	   97.3925	 97.126046	 96.860263	 96.595247	 96.331089	 96.067883	 95.805719	 95.544688	 95.284878	 95.026377	  94.76927	 94.513644	  94.25958	 94.007161	 93.756466	 93.507573	 93.260558	 93.015496	 92.772459	 92.531517	 92.292738	 92.056188	 91.821932	 91.590029	  91.36054	  91.13352	 90.909026	 90.687108	 90.467816	 90.251197	 90.037296	 89.826155	 89.617814	 89.412308	 89.209674	 89.009943	 88.813144	 88.619304	 88.428448	 88.240597	  88.05577	 87.873986	 87.695257	 87.519597	 87.347014	 87.177516	 87.011108	 86.847792	 86.687569	 86.530436	 86.376391	 86.225426	 86.077533	 85.932703	 85.790922	 85.652177	 85.516451	 85.383727	 85.253986	 85.127205	 85.003362	 84.882433	 84.764391	  84.64921	  84.53686	 84.427311	 84.320533	 84.216491	 84.115154	 84.016486	 83.920451	 83.827013	 83.736135	 83.647778	 83.561903	 83.478471	 83.397441	 83.318773	 83.242425	 83.168356	 83.096523	 83.026884	 82.959397	 82.894018	 82.830704	 82.769413	 82.710101	 82.652725	 82.597241	 82.543608	  82.49178	 82.441717	 82.393375	 82.346712	 82.301686	 82.258255	 82.216377	 82.176012	 82.137119	 82.099658	  82.06359	 82.028874	 81.995472	 81.963347	  81.93246	 81.902774	 81.874254	 81.846862	 81.820565	 81.795326	 81.771113	 81.747893	 81.725632	 81.704298	  81.68386	 81.664289	 81.645553	 81.627623	 81.610472	 81.594071	 81.578392	 81.563411	   81.5491	 81.535435	 81.522391	 81.509944	 81.498072	 81.486752	 81.475962	 81.465682	  81.45589	 81.446567	 81.437693	 81.429251	 81.421221	 81.413587	 81.406332	 81.399439	 81.392892	 81.386678	  81.38078	 81.375185	  81.36988	  81.36485	 81.360085	  81.35557	 81.351296	  81.34725	 81.343422	 81.339801	 81.336378	 81.333144	 81.330088	 81.327202	 81.324479	 81.321909	 81.319486	 81.317202	  81.31505	 81.313023	 81.311115	  81.30932	 81.307632	 81.306046	 81.304557	 81.303159	 81.301847	 81.300619	 81.299468	 81.298391	 81.297384	 81.296444	 81.295568	 81.294751	 81.293992	 81.293287	 81.292633	 81.292029	 81.291471	 81.290959	 81.290489	  81.29006	  81.28967	 81.289318	 81.289003	 81.288722	 81.288476	 81.288262	 81.288081	 81.287931	 81.287811	 81.287722	 81.287663	 81.287633	
        99	 98.714148	 98.428399	 98.142856	 97.857622	 97.572799	 97.288489	 97.004795	 96.721815	 96.439651	 96.158402	 95.878166	 95.599039	 95.321118	 95.044497	  94.76927	 94.495528	 94.223362	  93.95286	 93.684108	 93.417192	 93.152195	 92.889198	 92.628279	 92.369517	 92.112985	 91.858757	 91.606901	 91.357487	  91.11058	 90.866242	 90.624534	 90.385514	 90.149237	 89.915756	 89.685121	  89.45738	 89.232578	 89.010756	 88.791954	 88.576209	 88.363554	 88.154021	 87.947639	 87.744434	 87.544428	 87.347643	 87.154097	 86.963804	 86.776778	 86.593028	 86.412563	 86.235388	 86.061505	 85.890915	 85.723615	 85.559603	  85.39887	 85.241408	 85.087206	 84.936252	 84.788529	 84.644022	 84.502711	 84.364574	  84.22959	 84.097735	 83.968981	 83.843302	 83.720668	 83.601048	 83.484412	 83.370724	 83.259951	 83.152057	 83.047004	 82.944756	 82.845272	 82.748514	  82.65444	 82.563009	 82.474178	 82.387906	 82.304147	  82.22286	 82.143998	 82.067517	 81.993372	 81.921518	 81.851909	 81.784499	 81.719242	 81.656092	 81.595004	  81.53593	 81.478826	 81.423646	 81.370343	 81.318873	 81.269191	 81.221251	  81.17501	 81.130423	 81.087446	 81.046037	 81.006152	  80.96775	 80.930788	 80.895225	 80.861021	 80.828135	 80.796529	 80.766163	 80.736999	    80.709	 80.682129	 80.656349	 80.631626	 80.607925	  80.58521	 80.563451	 80.542613	 80.522664	 80.503575	 80.485314	 80.467851	 80.451158	 80.435207	 80.419971	 80.405421	 80.391533	 80.378281	 80.365641	 80.353589	 80.342101	 80.331155	  80.32073	 80.310803	 80.301356	 80.292367	 80.283818	  80.27569	 80.267965	 80.260626	 80.253656	 80.247039	  80.24076	 80.234803	 80.229155	   80.2238	 80.218726	 80.213919	 80.209368	  80.20506	 80.200985	  80.19713	 80.193485	 80.190041	 80.186788	 80.183716	 80.180816	  80.17808	   80.1755	 80.173068	 80.170777	 80.168619	 80.166587	 80.164676	  80.16288	 80.161191	 80.159605	 80.158116	  80.15672	 80.155412	 80.154186	  80.15304	 80.151968	 80.150968	 80.150034	 80.149165	 80.148356	 80.147606	  80.14691	 80.146266	 80.145673	 80.145127	 80.144627	  80.14417	 80.143755	 80.143381	 80.143045	 80.142746	 80.142483	 80.142256	 80.142063	 80.141903	 80.141776	 80.141681	 80.141618	 80.141587	
        99	 98.696876	 98.393862	 98.091066	 97.788598	 97.486566	 97.185078	 96.884242	 96.584164	 96.284952	 95.986709	  95.68954	 95.393548	 95.098835	   94.8055	 94.513644	 94.223362	 93.934751	 93.647904	 93.362914	 93.079871	 92.798862	 92.519974	 92.243291	 91.968894	 91.696862	 91.427273	   91.1602	 90.895716	  90.63389	 90.374789	 90.118476	 89.865014	 89.614461	 89.366873	 89.122304	 88.880802	 88.642417	 88.407192	  88.17517	 87.946389	 87.720885	 87.498692	  87.27984	 87.064357	 86.852267	 86.643592	 86.438351	  86.23656	 86.038234	 85.843382	 85.652013	 85.464132	 85.279743	 85.098846	 84.921438	 84.747515	 84.577071	 84.410095	 84.246576	 84.086501	 83.929853	 83.776614	 83.626764	 83.480282	 83.337142	 83.197319	 83.060786	 82.927513	  82.79747	 82.670623	 82.546938	 82.426382	 82.308916	 82.194502	 82.083102	 81.974676	 81.869182	 81.766577	 81.666819	 81.569863	 81.475666	  81.38418	 81.295361	 81.209162	 81.125535	 81.044433	 80.965808	 80.889613	 80.815798	 80.744315	 80.675115	  80.60815	  80.54337	 80.480727	 80.420173	 80.361658	 80.305135	 80.250555	 80.197871	 80.147035	    80.098	 80.050718	 80.005145	 79.961234	 79.918939	 79.878216	 79.839021	  79.80131	 79.765039	 79.730166	  79.69665	 79.664449	 79.633524	 79.603833	 79.575338	 79.548001	 79.521784	  79.49665	 79.472564	 79.449489	 79.427392	 79.406238	 79.385996	 79.366631	 79.348113	 79.330412	 79.313497	  79.29734	 79.281911	 79.267184	 79.253132	 79.239728	 79.226947	 79.214765	 79.203158	 79.192103	 79.181577	 79.171558	 79.162026	  79.15296	 79.144341	  79.13615	 79.128367	 79.120977	  79.11396	 79.107301	 79.100985	 79.094994	 79.089316	 79.083935	 79.078839	 79.074012	 79.069444	 79.065122	 79.061035	  79.05717	 79.053518	 79.050068	  79.04681	 79.043735	 79.040834	 79.038098	 79.035519	  79.03309	 79.030801	 79.028647	 79.026621	 79.024715	 79.022924	 79.021243	 79.019664	 79.018184	 79.016796	 79.015497	 79.014281	 79.013145	 79.012083	 79.011094	 79.010172	 79.009314	 79.008518	  79.00778	 79.007098	 79.006469	  79.00589	  79.00536	 79.004875	 79.004435	 79.004038	 79.003682	 79.003365	 79.003087	 79.002846	 79.002641	 79.002471	 79.002336	 79.002236	 79.002169	 79.002136	
