Time step 86:
        99	        99	        99	        99	        99	        99	        99	        99	        99	        99	        99	        99	        99	        99	        99	        99	        99	        99	        99	        99	        99	        99	        99	        99	        99	        99	        99	        99	        99	        99	        99	        99	        99	        99	        99	        99	        99	        99	        99	        99	        99	        99	        99	        99	        99	        99	        99	        99	        99	        99	        99	        99	        99	        99	        99	        99	        99	        99	        99	        99	        99	        99	        99	        99	        99	        99	        99	        99	        99	        99	        99	        99	        99	        99	        99	        99	        99	        99	        99	        99	        99	        99	        99	        99	        99	        99	        99	        99	        99	        99	        99	        99	        99	        99	        99	        99	        99	        99	        99	        99	        99	        99	        99	        99	        99	        99	        99	        99	        99	        99	        99	        99	        99	        99	        99	        99	        99	        99	        99	        99	        99	        99	        99	        99	        99	        99	        99	        99	        99	        99	        99	        99	        99	        99	        99	        99	        99	        99	        99	        99	        99	        99	        99	        99	        99	        99	        99	        99	        99	        99	        99	        99	        99	        99	        99	        99	        99	        99	        99	        99	        99	        99	        99	        99	        99	        99	        99	        99	        99	        99	        99	        99	        99	        99	        99	        99	        99	        99	        99	        99	        99	        99	        99	        99	        99	        99	        99	        99	        99	        99	        99	        99	        99	        99	        99	        99	        99	        99	        99	        99	
        99	 98.992617	 98.985235	 98.977855	 98.970479	 98.963107	  98.95574	  98.94838	 98.941027	 98.933683	 98.926349	 98.919025	 98.911713	 98.904414	 98.897129	 98.889859	 98.882605	 98.875369	  98.86815	  98.86095	  98.85377	 98.846611	 98.839475	 98.832361	 98.825271	 98.818206	 98.811168	 98.804156	 98.797171	 98.790216	  98.78329	 98.776394	  98.76953	 98.762698	 98.755899	 98.749134	 98.742404	 98.735709	  98.72905	 98.722429	 98.715845	   98.7093	 98.702794	 98.696328	 98.689903	  98.68352	 98.677178	 98.670879	 98.664624	 98.658412	 98.652245	 98.646124	 98.640048	 98.634018	 98.628035	 98.622099	 98.616212	 98.610372	 98.604581	  98.59884	 98.593148	 98.587506	 98.581914	 98.576373	 98.570884	 98.565445	 98.560059	 98.554725	 98.549442	 98.544213	 98.539036	 98.533913	 98.528843	 98.523826	 98.518863	 98.513954	 98.509098	 98.504297	  98.49955	 98.494857	 98.490219	 98.485635	 98.481105	  98.47663	 98.472209	 98.467843	 98.463531	 98.459274	 98.455071	 98.450922	 98.446828	 98.442788	 98.438802	 98.434869	 98.430991	 98.427166	 98.423394	 98.419676	 98.416011	 98.412399	 98.408839	 98.405332	 98.401878	 98.398475	 98.395124	 98.391824	 98.388576	 98.385379	 98.382232	 98.379136	  98.37609	 98.373093	 98.370146	 98.367248	 98.364399	 98.361598	 98.358845	  98.35614	 98.353482	 98.350871	 98.348307	 98.345788	 98.343316	 98.340889	 98.338507	  98.33617	 98.333877	 98.331628	 98.329422	 98.327259	 98.325139	 98.323061	 98.321025	  98.31903	 98.317077	 98.315163	  98.31329	 98.311457	 98.309662	 98.307907	  98.30619	 98.304511	  98.30287	 98.301266	 98.299699	 98.298168	 98.296673	 98.295214	  98.29379	 98.292401	 98.291046	 98.289725	 98.288438	 98.287184	 98.285963	 98.284775	 98.283618	 98.282494	 98.281401	 98.280339	 98.279307	 98.278307	 98.277336	 98.276395	 98.275483	   98.2746	 98.273747	 98.272921	 98.272124	 98.271355	 98.270614	   98.2699	 98.269213	 98.268552	 98.267919	 98.267312	 98.266731	 98.266175	 98.265646	 98.265142	 98.264663	  98.26421	 98.263781	 98.263378	 98.262998	 98.262643	 98.262313	 98.262007	 98.261724	 98.261466	 98.261232	 98.261021	 98.260834	  98.26067	  98.26053	 98.260413	  98.26032	  98.26025	 98.260204	  98.26018	
        99	 98.985235	 98.970472	 98.955714	 98.940962	 98.926219	 98.911487	 98.896767	 98.882063	 98.867376	 98.852708	 98.838062	  98.82344	 98.808843	 98.794274	 98.779735	 98.765228	 98.750755	 98.736319	  98.72192	 98.707561	 98.693245	 98.678973	 98.664746	 98.650568	  98.63644	 98.622363	  98.60834	 98.594373	 98.580463	 98.566612	 98.552821	 98.539094	 98.525431	 98.511834	 98.498305	 98.484845	 98.471456	  98.45814	 98.444898	 98.431732	 98.418642	 98.405632	 98.392701	 98.379852	 98.367086	 98.354404	 98.341807	 98.329297	 98.316875	 98.304542	 98.292299	 98.280148	  98.26809	 98.256125	 98.244254	  98.23248	 98.220801	 98.209221	 98.197738	 98.186355	 98.175072	  98.16389	 98.152809	  98.14183	 98.130955	 98.120182	 98.109514	 98.098951	 98.088493	  98.07814	 98.067894	 98.057754	 98.047722	 98.037796	 98.027978	 98.018268	 98.008667	 97.999173	 97.989788	 97.980512	 97.971345	 97.962286	 97.953336	 97.944496	 97.935764	 97.927141	 97.918627	 97.910222	 97.901925	 97.893737	 97.885657	 97.877685	 97.869821	 97.862065	 97.854415	 97.846873	 97.839437	 97.832108	 97.824884	 97.817765	 97.810752	 97.803843	 97.797038	 97.790336	 97.783738	 97.777242	 97.770848	 97.764555	 97.758363	 97.752271	 97.746278	 97.740384	 97.734589	 97.728891	 97.723289	 97.717784	 97.712374	 97.707059	 97.701837	 97.696709	 97.691673	 97.686729	 97.681875	 97.677112	 97.672438	 97.667852	 97.663354	 97.658943	 97.654618	 97.650378	 97.646222	  97.64215	 97.638161	 97.634253	 97.630427	 97.626681	 97.623014	 97.619426	 97.615916	 97.612482	 97.609125	 97.605842	 97.602635	   97.5995	 97.596439	  97.59345	 97.590531	 97.587684	 97.584905	 97.582196	 97.579555	 97.576981	 97.574473	 97.572031	 97.569654	 97.567342	 97.565093	 97.562907	 97.560783	 97.558721	 97.556719	 97.554778	 97.552896	 97.551072	 97.549307	   97.5476	  97.54595	 97.544356	 97.542817	 97.541334	 97.539906	 97.538532	 97.537212	 97.535945	 97.534731	 97.533569	 97.532459	   97.5314	 97.530392	 97.529435	 97.528528	 97.527671	 97.526863	 97.526105	 97.525395	 97.524734	 97.524122	 97.523557	 97.523041	 97.522572	  97.52215	 97.521776	 97.521449	 97.521169	 97.520935	 97.520749	 97.520609	 97.520516	 97.520469	
        99	 98.977855	 98.955714	 98.933579	 98.911454	 98.889342	 98.867246	  98.84517	 98.823116	 98.801088	 98.779089	 98.757123	 98.735192	   98.7133	 98.691449	 98.669643	 98.647885	 98.626179	 98.604526	 98.582931	 98.561396	 98.539924	 98.518518	 98.497181	 98.475916	 98.454726	 98.433614	 98.412582	 98.391633	 98.370771	 98.349997	 98.329314	 98.308726	 98.288234	 98.267841	 98.247549	 98.227362	 98.207281	  98.18731	 98.167449	 98.147702	  98.12807	 98.108557	 98.089163	 98.069892	 98.050745	 98.031724	 98.012831	 97.994069	 97.975438	 97.956941	 97.938579	 97.920355	 97.902269	 97.884324	  97.86652	  97.84886	 97.831345	 97.813976	 97.796755	 97.779682	 97.762759	 97.745988	 97.729369	 97.712903	 97.696591	 97.680435	 97.664435	 97.648592	 97.632907	  97.61738	 97.602012	 97.586805	 97.571757	 97.556871	 97.542146	 97.527583	 97.513182	 97.498943	 97.484868	 97.470955	 97.457206	  97.44362	 97.430197	 97.416937	 97.403842	 97.390909	  97.37814	 97.365533	  97.35309	 97.340809	 97.328691	 97.316734	 97.304939	 97.293306	 97.281833	 97.270521	 97.259369	 97.248376	 97.237541	 97.226865	 97.216346	 97.205984	 97.195778	 97.185727	  97.17583	 97.166087	 97.156497	 97.147059	 97.137772	 97.128635	 97.119647	 97.110808	 97.102115	 97.093569	 97.085168	 97.076911	 97.068797	 97.060825	 97.052994	 97.045302	  97.03775	 97.030334	 97.023055	 97.015911	   97.0089	 97.002022	 96.995276	  96.98866	 96.982173	 96.975814	 96.969582	 96.963474	 96.957491	 96.951631	 96.945892	 96.940273	 96.934774	 96.929392	 96.924127	 96.918978	 96.913942	 96.909019	 96.904208	 96.899508	 96.894916	 96.890433	 96.886056	 96.881785	 96.877618	 96.873554	 96.869593	 96.865732	 96.861971	 96.858309	 96.854744	 96.851276	 96.847903	 96.844624	 96.841439	 96.838346	 96.835344	 96.832432	 96.829609	 96.826874	 96.824227	 96.821667	 96.819191	   96.8168	 96.814494	 96.812269	 96.810128	 96.808067	 96.806087	 96.804187	 96.802365	 96.800623	 96.798957	 96.797369	 96.795858	 96.794422	 96.793062	 96.791777	 96.790565	 96.789428	 96.788364	 96.787372	 96.786454	 96.785607	 96.784832	 96.784129	 96.783496	 96.782935	 96.782444	 96.782024	 96.781674	 96.781395	 96.781185	 96.781045	 96.780975	
        99	 98.970479	 98.940962	 98.911454	 98.881959	 98.852481	 98.823025	 98.793595	 98.764195	  98.73483	 98.705503	 98.676219	 98.646983	 98.617798	 98.588669	   98.5596	 98.530594	 98.501657	 98.472792	 98.444003	 98.415294	  98.38667	 98.358134	  98.32969	 98.301341	 98.273093	 98.244948	  98.21691	 98.188983	 98.161171	 98.133478	 98.105906	 98.078459	 98.051141	 98.023955	 97.996904	 97.969993	 97.943223	 97.916598	 97.890122	 97.863797	 97.837626	 97.811613	 97.785759	 97.760068	 97.734543	 97.709186	    97.684	 97.658988	 97.634151	 97.609493	 97.585015	 97.560719	 97.536609	 97.512686	 97.488953	  97.46541	  97.44206	 97.418906	 97.395948	 97.373188	 97.350629	  97.32827	 97.306115	 97.284165	  97.26242	 97.240882	 97.219552	 97.198431	 97.177521	 97.156822	 97.136336	 97.116062	 97.096003	 97.076158	 97.056528	 97.037113	 97.017915	 96.998934	  96.98017	 96.961623	 96.943293	 96.925182	 96.907288	 96.889612	 96.872153	 96.854913	  96.83789	 96.821084	 96.804496	 96.788124	 96.771969	  96.75603	 96.740306	 96.724798	 96.709504	 96.694423	 96.679556	 96.664901	 96.650458	 96.636225	 96.622202	 96.608388	 96.594782	 96.581383	  96.56819	 96.555202	 96.542417	 96.529835	 96.517455	 96.505274	 96.493293	 96.481508	 96.469921	 96.458528	 96.447328	 96.436321	 96.425504	 96.414876	 96.404437	 96.394183	 96.384114	 96.374229	 96.364524	 96.355001	 96.345655	 96.336486	 96.327493	 96.318673	 96.310025	 96.301548	 96.293239	 96.285098	 96.277121	 96.269309	 96.261658	 96.254168	 96.246837	 96.239663	 96.232644	 96.225779	 96.219066	 96.212503	  96.20609	 96.199823	 96.193702	 96.187725	 96.181891	 96.176197	 96.170642	 96.165225	 96.159944	 96.154797	 96.149783	 96.144901	 96.140149	 96.135525	 96.131029	 96.126658	 96.122412	 96.118288	 96.114286	 96.110404	 96.106641	 96.102996	 96.099467	 96.096053	 96.092753	 96.089566	 96.086491	 96.083526	  96.08067	 96.077923	 96.075283	  96.07275	 96.070322	 96.067999	 96.065779	 96.063662	 96.061647	 96.059734	  96.05792	 96.056206	 96.054592	 96.053075	 96.051657	 96.050335	  96.04911	 96.047982	 96.046949	 96.046011	 96.045168	  96.04442	 96.043766	 96.043206	 96.042739	 96.042366	 96.042087	   96.0419	 96.041807	
        99	 98.963107	 98.926219	 98.889342	 98.852481	 98.815642	  98.77883	  98.74205	 98.705309	  98.66861	  98.63196	 98.595363	 98.558826	 98.522353	 98.485949	 98.449621	 98.413372	 98.377209	 98.341135	 98.305157	 98.269279	 98.233506	 98.197844	 98.162296	 98.126869	 98.091566	 98.056393	 98.021353	 97.986453	 97.951695	 97.917086	 97.882628	 97.848327	 97.814187	 97.780212	 97.746407	 97.712774	  97.67932	 97.646046	 97.612958	 97.580059	 97.547353	 97.514843	 97.482533	 97.450427	 97.418527	 97.386838	 97.355363	 97.324104	 97.293065	 97.262248	 97.231658	 97.201295	 97.171164	 97.141267	 97.111607	 97.082185	 97.053004	 97.024067	 96.995376	 96.966933	  96.93874	 96.910798	  96.88311	 96.855678	 96.828503	 96.801586	  96.77493	 96.748535	 96.722403	 96.696535	 96.670933	 96.645596	 96.620527	 96.595727	 96.571194	 96.546932	  96.52294	 96.499218	 96.475768	  96.45259	 96.429683	 96.407048	 96.384686	 96.362595	 96.340777	 96.319231	 96.297957	 96.276955	 96.256224	 96.235764	 96.215575	 96.195655	 96.176005	 96.156624	  96.13751	 96.118664	 96.100084	 96.081769	 96.063719	 96.045932	 96.028407	 96.011144	  95.99414	 95.977395	 95.960907	 95.944675	 95.928698	 95.912974	 95.897502	 95.882279	 95.867306	 95.852579	 95.838097	 95.823859	 95.809863	 95.796106	 95.782589	 95.769307	  95.75626	 95.743446	 95.730863	 95.718508	 95.706381	 95.694479	 95.682799	 95.671341	 95.660102	 95.649079	 95.638272	 95.627678	 95.617294	 95.607119	 95.597151	 95.587388	 95.577827	 95.568466	 95.559304	 95.550338	 95.541567	 95.532987	 95.524598	 95.516397	 95.508381	  95.50055	   95.4929	 95.485431	 95.478139	 95.471023	 95.464081	 95.457311	 95.450711	 95.444279	 95.438014	 95.431912	 95.425973	 95.420195	 95.414576	 95.409114	 95.403806	 95.398653	 95.393652	   95.3888	 95.384098	 95.379542	 95.375132	 95.370865	 95.366742	 95.362759	 95.358915	  95.35521	 95.351641	 95.348208	 95.344909	 95.341743	 95.338709	 95.335806	 95.333032	 95.330386	 95.327868	 95.325476	  95.32321	 95.321068	  95.31905	 95.317155	 95.315382	 95.313731	   95.3122	  95.31079	 95.309499	 95.308327	 95.307273	 95.306338	 95.305521	 95.304821	 95.304238	 95.303772	 95.303422	  95.30319	 95.303073	
        99	  98.95574	 98.911487	 98.867246	 98.823025	  98.77883	 98.734667	 98.690544	 98.646465	 98.602439	  98.55847	 98.514567	 98.470734	 98.426978	 98.383305	 98.339723	 98.296236	 98.252851	 98.209575	 98.166413	 98.123371	 98.080455	 98.037672	 97.995026	 97.952525	 97.910173	 97.867976	  97.82594	  97.78407	 97.742373	 97.700852	 97.659514	 97.618364	 97.577407	 97.536649	 97.496093	 97.455745	  97.41561	 97.375693	 97.335998	 97.296529	 97.257292	 97.218291	  97.17953	 97.141012	 97.102744	 97.064727	 97.026966	 96.989466	 96.952229	 96.915259	  96.87856	 96.842135	 96.805988	 96.770121	 96.734538	 96.699241	 96.664234	 96.629519	 96.595099	 96.560976	 96.527153	 96.493632	 96.460416	 96.427506	 96.394904	 96.362613	 96.330634	 96.298969	 96.267619	 96.236586	 96.205871	 96.175476	 96.145401	 96.115648	 96.086218	 96.057111	 96.028328	  95.99987	 95.971737	  95.94393	 95.916449	 95.889295	 95.862467	 95.835966	 95.809791	 95.783943	 95.758421	 95.733225	 95.708355	  95.68381	 95.659589	 95.635692	 95.612118	 95.588866	 95.565936	 95.543327	 95.521037	 95.499065	 95.477411	 95.456072	 95.435048	 95.414337	 95.393938	  95.37385	  95.35407	 95.334597	  95.31543	 95.296566	 95.278004	 95.259742	 95.241778	 95.224111	 95.206737	 95.189656	 95.172865	 95.156362	 95.140145	 95.124212	  95.10856	 95.093187	 95.078091	  95.06327	 95.048721	 95.034442	  95.02043	 95.006684	   94.9932	 94.979977	 94.967012	 94.954302	 94.941845	 94.929639	  94.91768	 94.905967	 94.894497	 94.883267	 94.872276	  94.86152	 94.850997	 94.840704	  94.83064	 94.820801	 94.811185	  94.80179	 94.792613	 94.783652	 94.774904	 94.766367	 94.758039	 94.749917	 94.741999	 94.734283	 94.726766	 94.719447	 94.712322	  94.70539	 94.698649	 94.692096	 94.685729	 94.679547	 94.673546	 94.667726	 94.662085	 94.656619	 94.651328	  94.64621	 94.641263	 94.636485	 94.631874	 94.627429	 94.623148	 94.619029	 94.615071	 94.611273	 94.607633	  94.60415	 94.600822	 94.597648	 94.594627	 94.591758	 94.589039	  94.58647	 94.584049	 94.581775	 94.579648	 94.577667	 94.575831	 94.574139	  94.57259	 94.571184	  94.56992	 94.568799	 94.567818	 94.566978	 94.566279	  94.56572	 94.565301	 94.565021	 94.564882	
        99	  98.94838	 98.896767	  98.84517	 98.793595	  98.74205	 98.690544	 98.639083	 98.587674	 98.536326	 98.485046	 98.433841	 98.382719	 98.331687	 98.280752	 98.229921	 98.179203	 98.128604	 98.078131	 98.027791	 97.977591	 97.927539	 97.877641	 97.827903	 97.778334	 97.728939	 97.679725	 97.630699	 97.581866	 97.533235	  97.48481	 97.436597	 97.388604	 97.340836	 97.293299	 97.245999	 97.198942	 97.152133	 97.105577	 97.059281	 97.013249	 96.967487	    96.922	 96.876793	 96.831871	 96.787238	 96.742899	 96.698859	 96.655122	 96.611693	 96.568576	 96.525774	 96.483292	 96.441133	 96.399302	 96.357801	 96.316635	 96.275806	 96.235318	 96.195174	 96.155377	 96.115929	 96.076834	 96.038094	 95.999711	 95.961688	 95.924027	  95.88673	 95.849799	 95.813236	 95.777042	  95.74122	  95.70577	 95.670694	 95.635993	 95.601668	  95.56772	 95.534151	 95.500961	  95.46815	 95.435719	 95.403668	 95.371998	 95.340709	   95.3098	 95.279273	 95.249127	  95.21936	 95.189974	 95.160968	 95.132341	 95.104092	 95.076221	 95.048727	 95.021609	 94.994866	 94.968497	   94.9425	 94.916874	 94.891619	 94.866732	 94.842212	 94.818057	 94.794266	 94.770836	 94.747767	 94.725056	 94.702701	   94.6807	 94.659052	 94.637753	 94.616802	 94.596196	 94.575934	 94.556012	 94.536429	 94.517182	 94.498268	 94.479684	  94.46143	   94.4435	 94.425894	 94.408608	  94.39164	 94.374986	 94.358645	 94.342612	 94.326887	 94.311464	 94.296343	  94.28152	 94.266991	 94.252755	 94.238807	 94.225147	 94.211769	 94.198672	 94.185853	 94.173308	 94.161035	 94.149031	 94.137293	 94.125817	 94.114603	 94.103645	 94.092942	 94.082491	 94.072288	 94.062332	 94.052619	 94.043146	 94.033912	 94.024913	 94.016146	 94.007609	 93.999299	 93.991215	 93.983352	 93.975709	 93.968284	 93.961073	 93.954075	 93.947288	 93.940708	 93.934334	 93.928163	 93.922193	 93.916423	 93.910851	 93.905473	 93.900289	 93.895296	 93.890492	 93.885876	 93.881447	 93.877201	 93.873139	 93.869258	 93.865556	 93.862032	 93.858686	 93.855515	 93.852518	 93.849695	 93.847043	 93.844563	 93.842252	  93.84011	 93.838137	  93.83633	 93.834691	 93.833217	 93.831908	 93.830765	 93.829785	  93.82897	 93.828318	 93.827829	 93.827503	  93.82734	
        99	 98.941027	 98.882063	 98.823116	 98.764195	 98.705309	 98.646465	 98.587674	 98.528943	 98.470281	 98.411697	 98.353198	 98.294794	 98.236493	 98.178303	 98.120233	  98.06229	 98.004484	 97.946821	 97.889311	 97.831961	 97.774779	 97.717774	 97.660952	 97.604322	 97.547891	 97.491668	 97.435658	  97.37987	 97.324311	 97.268989	 97.213909	  97.15908	 97.104508	   97.0502	 96.996163	 96.942403	 96.888926	 96.835739	 96.782849	  96.73026	  96.67798	 96.626014	 96.574368	 96.523047	 96.472056	 96.421402	 96.371089	 96.321123	 96.271507	 96.222248	  96.17335	 96.124817	 96.076653	 96.028863	 95.981451	 95.934421	 95.887777	 95.841522	  95.79566	 95.750194	 95.705128	 95.660464	 95.616206	 95.572356	 95.528917	 95.485891	 95.443282	  95.40109	 95.359319	  95.31797	 95.277045	 95.236546	 95.196474	  95.15683	 95.117616	 95.078833	 95.040482	 95.002564	  94.96508	 94.928029	 94.891413	 94.855232	 94.819486	 94.784176	   94.7493	 94.714859	 94.680854	 94.647282	 94.614144	 94.581439	 94.549167	 94.517326	 94.485916	 94.454935	 94.424383	 94.394257	 94.364558	 94.335282	 94.306429	 94.277997	 94.249984	 94.222389	 94.195209	 94.168442	 94.142087	 94.116141	 94.090602	 94.065468	 94.040735	 94.016403	 93.992468	 93.968927	 93.945779	 93.923019	 93.900647	 93.878658	  93.85705	 93.835819	 93.814964	 93.794481	 93.774367	 93.754619	 93.735234	 93.716208	 93.697539	 93.679223	 93.661258	 93.643639	 93.626363	 93.609428	  93.59283	 93.576566	 93.560632	 93.545026	 93.529743	  93.51478	 93.500135	 93.485803	 93.471782	 93.458068	 93.444658	 93.431548	 93.418736	 93.406218	  93.39399	  93.38205	 93.370395	  93.35902	 93.347924	 93.337102	 93.326552	 93.316271	 93.306255	 93.296503	 93.287009	 93.277773	 93.268791	 93.260059	 93.251576	 93.243339	 93.235344	 93.227589	 93.220072	  93.21279	  93.20574	 93.198921	 93.192329	 93.185962	 93.179818	 93.173896	 93.168191	 93.162704	 93.157431	  93.15237	  93.14752	 93.142879	 93.138445	 93.134216	  93.13019	 93.126367	 93.122745	 93.119321	 93.116095	 93.113066	 93.110232	 93.107592	 93.105146	 93.102891	 93.100828	 93.098954	 93.097271	 93.095776	 93.094469	  93.09335	 93.092418	 93.091673	 93.091115	 93.090743	 93.090557	
        99	 98.933683	 98.867376	 98.801088	  98.73483	  98.66861	 98.602439	 98.536326	 98.470281	 98.404314	 98.338434	 98.272651	 98.206973	 98.141412	 98.075975	 98.010673	 97.945515	 97.880509	 97.815666	 97.750994	 97.686502	   97.6222	 97.558095	 97.494197	 97.430515	 97.367057	 97.303831	 97.240846	 97.178111	 97.115634	 97.053421	 96.991483	 96.929826	 96.868458	 96.807387	  96.74662	 96.686165	 96.626028	 96.566218	 96.506741	 96.447604	 96.388813	 96.330375	 96.272297	 96.214585	 96.157245	 96.100283	 96.043704	 95.987515	 95.931721	 95.876328	  95.82134	 95.766763	 95.712601	  95.65886	 95.605544	 95.552657	 95.500204	 95.448189	 95.396615	 95.345487	 95.294809	 95.244583	 95.194813	 95.145502	 95.096654	  95.04827	 95.000355	 94.952909	 94.905936	 94.859438	 94.813416	 94.767873	 94.722811	  94.67823	 94.634133	  94.59052	 94.547393	 94.504753	 94.462601	 94.420936	  94.37976	 94.339074	 94.298876	 94.259168	 94.219949	  94.18122	 94.142979	 94.105227	 94.067962	 94.031184	 93.994893	 93.959087	 93.923765	 93.888926	 93.854569	 93.820692	 93.787294	 93.754373	 93.721926	 93.689954	 93.658453	 93.627421	 93.596856	 93.566756	 93.537119	 93.507942	 93.479222	 93.450958	 93.423145	 93.395783	 93.368867	 93.342395	 93.316363	  93.29077	 93.265611	 93.240884	 93.216585	 93.192711	 93.169258	 93.146225	 93.123606	 93.101398	 93.079599	 93.058204	  93.03721	 93.016613	  92.99641	 92.976597	  92.95717	 92.938127	 92.919462	 92.901172	 92.883254	 92.865704	 92.848517	 92.831692	 92.815222	 92.799106	 92.783339	 92.767917	 92.752837	 92.738095	 92.723687	  92.70961	 92.695859	 92.682432	 92.669325	 92.656534	 92.644056	 92.631887	 92.620023	 92.608461	 92.597199	 92.586231	 92.575556	 92.565169	 92.555068	  92.54525	  92.53571	 92.526447	 92.517456	 92.508736	 92.500283	 92.492094	 92.484166	 92.476497	 92.469084	 92.461925	 92.455016	 92.448356	 92.441941	  92.43577	  92.42984	 92.424149	 92.418695	 92.413476	  92.40849	 92.403734	 92.399208	 92.394908	 92.390835	 92.386985	 92.383358	 92.379951	 92.376764	 92.373796	 92.371044	 92.368509	 92.366188	 92.364082	 92.362188	 92.360507	 92.359038	  92.35778	 92.356732	 92.355894	 92.355266	 92.354847	 92.354638	
        99	 98.926349	 98.852708	 98.779089	 98.705503	  98.63196	  98.55847	 98.485046	 98.411697	 98.338434	 98.265268	 98.192209	 98.119268	 98.046456	 97.973782	 97.901258	 97.828894	 97.756699	 97.684684	  97.61286	 97.541235	 97.469821	 97.398627	 97.327662	 97.256937	 97.186461	 97.116243	 97.046292	 96.976619	 96.907231	 96.838139	  96.76935	 96.700874	 96.632719	 96.564894	 96.497406	 96.430265	 96.363478	 96.297053	 96.230998	 96.165321	 96.100028	 96.035127	 95.970626	 95.906531	 95.842849	 95.779587	 95.716752	 95.654348	 95.592384	 95.530864	 95.469795	 95.409181	  95.34903	 95.289345	 95.230132	 95.171397	 95.113143	 95.055375	 94.998098	 94.941315	 94.885032	 94.829251	 94.773977	 94.719213	 94.664962	 94.611227	 94.558012	 94.505319	 94.453151	 94.401511	 94.350399	 94.299819	 94.249773	 94.200262	 94.151288	 94.102852	 94.054956	   94.0076	 93.960785	 93.914513	 93.868783	 93.823597	 93.778954	 93.734854	 93.691298	 93.648285	 93.605815	 93.563887	 93.522501	 93.481656	 93.441352	 93.401586	 93.362357	 93.323665	 93.285508	 93.247885	 93.210793	  93.17423	 93.138196	 93.102687	 93.067702	 93.033238	 92.999293	 92.965864	 92.932949	 92.900545	  92.86865	 92.837259	 92.806371	 92.775982	 92.746089	  92.71669	 92.687779	 92.659355	 92.631414	 92.603952	 92.576966	 92.550451	 92.524405	 92.498824	 92.473704	  92.44904	  92.42483	 92.401069	 92.377753	 92.354878	 92.332441	 92.310437	 92.288862	 92.267711	 92.246982	  92.22667	  92.20677	 92.187279	 92.168192	 92.149505	 92.131215	 92.113316	 92.095805	 92.078678	  92.06193	 92.045557	 92.029556	 92.013922	 91.998651	 91.983739	 91.969182	 91.954976	 91.941118	 91.927603	 91.914427	 91.901587	 91.889078	 91.876898	 91.865042	 91.853507	 91.842289	 91.831384	  91.82079	 91.810502	 91.800517	 91.790832	 91.781444	 91.772349	 91.763545	 91.755028	 91.746795	 91.738844	 91.731171	 91.723774	  91.71665	 91.709797	 91.703211	 91.696891	 91.690834	 91.685037	 91.679499	 91.674218	 91.669191	 91.664416	 91.659892	 91.655616	 91.651588	 91.647804	 91.644265	 91.640968	 91.637912	 91.635097	 91.632519	  91.63018	 91.628077	  91.62621	 91.624578	 91.623181	 91.622017	 91.621087	 91.620389	 91.619924	 91.619692	
        99	 98.919025	 98.838062	 98.757123	 98.676219	 98.595363	 98.514567	 98.433841	 98.353198	 98.272651	 98.192209	 98.111886	 98.031692	 97.951639	  97.87174	 97.792004	 97.712444	  97.63307	 97.553895	 97.474928	 97.396182	 97.317666	 97.239393	 97.161372	 97.083614	  97.00613	  96.92893	 96.852024	 96.775422	 96.699135	 96.623172	 96.547544	 96.472258	 96.397326	 96.322757	 96.248559	 96.174741	 96.101313	 96.028283	  95.95566	 95.883452	 95.811667	 95.740313	 95.669398	 95.598929	 95.528915	 95.459363	 95.390279	  95.32167	 95.253544	 95.185907	 95.118765	 95.052125	 94.985992	 94.920373	 94.855272	 94.790696	 94.726649	 94.663137	 94.600165	 94.537736	 94.475856	 94.414529	 94.353759	 94.293549	 94.233903	 94.174826	 94.116319	 94.058387	 94.001031	 93.944256	 93.888062	 93.832453	  93.77743	 93.722996	 93.669152	   93.6159	 93.563241	 93.511176	 93.459706	 93.408833	 93.358556	 93.308876	 93.259794	  93.21131	 93.163422	 93.116132	 93.069439	 93.023343	 92.977841	 92.932935	 92.888622	 92.844902	 92.801773	 92.759234	 92.717283	 92.675918	 92.635138	  92.59494	 92.555322	 92.516283	 92.477819	 92.439928	 92.402608	 92.365855	 92.329667	 92.294041	 92.258973	 92.224462	 92.190502	 92.157091	 92.124226	 92.091903	 92.060118	 92.028868	 91.998148	 91.967955	 91.938286	 91.909135	 91.880499	 91.852374	 91.824756	  91.79764	 91.771022	 91.744898	 91.719264	 91.694115	 91.669446	 91.645254	 91.621533	  91.59828	  91.57549	 91.553158	 91.531279	  91.50985	 91.488865	  91.46832	 91.448211	 91.428532	  91.40928	  91.39045	 91.372036	 91.354036	 91.336443	 91.319255	 91.302465	 91.286071	 91.270066	 91.254448	 91.239212	 91.224353	 91.209867	  91.19575	 91.181998	 91.168606	 91.155571	 91.142889	 91.130555	 91.118566	 91.106918	 91.095607	  91.08463	 91.073982	  91.06366	 91.053661	 91.043982	 91.034618	 91.025566	 91.016824	 91.008389	 91.000256	 90.992424	 90.984889	 90.977648	   90.9707	  90.96404	 90.957667	 90.951579	 90.945772	 90.940245	 90.934996	 90.930021	 90.925321	 90.920892	 90.916732	 90.912841	 90.909216	 90.905857	 90.902761	 90.899927	 90.897355	 90.895043	 90.892991	 90.891197	  90.88966	 90.888381	 90.887358	 90.886591	  90.88608	 90.885825	
        99	 98.911713	  98.82344	 98.735192	 98.646983	 98.558826	 98.470734	 98.382719	 98.294794	 98.206973	 98.119268	 98.031692	 97.944257	 97.856976	 97.769861	 97.682926	 97.596182	 97.509641	 97.423316	 97.337219	 97.251362	 97.165757	 97.080416	  96.99535	 96.910571	  96.82609	 96.741919	 96.658069	  96.57455	 96.491375	 96.408553	 96.326095	 96.244012	 96.162314	 96.081011	 96.000113	  95.91963	 95.839572	 95.759947	 95.680766	 95.602038	 95.523771	 95.445974	 95.368655	 95.291824	 95.215488	 95.139655	 95.064333	  94.98953	 94.915252	 94.841508	 94.768303	 94.695645	 94.623541	 94.551996	 94.481017	  94.41061	  94.34078	 94.271533	 94.202874	 94.134809	 94.067341	 94.000476	 93.934219	 93.868572	 93.803541	 93.739129	 93.675339	 93.612176	 93.549641	 93.487739	 93.426471	 93.365841	  93.30585	   93.2465	 93.187794	 93.129734	  93.07232	 93.015554	 92.959437	 92.903969	 92.849153	 92.794987	 92.741473	  92.68861	 92.636399	 92.584839	  92.53393	 92.483671	 92.434061	 92.385099	 92.336785	 92.289117	 92.242094	 92.195714	 92.149974	 92.104875	 92.060412	 92.016584	  91.97339	 91.930825	 91.888888	 91.847575	 91.806885	 91.766814	 91.727358	 91.688515	 91.650281	 91.612653	 91.575627	   91.5392	 91.503367	 91.468125	  91.43347	 91.399398	 91.365904	 91.332985	 91.300636	 91.268853	 91.237632	 91.206967	 91.176855	 91.147291	  91.11827	 91.089787	 91.061838	 91.034418	 91.007522	 90.981145	 90.955283	  90.92993	 90.905082	 90.880733	 90.856879	 90.833515	 90.810635	 90.788235	  90.76631	 90.744854	 90.723864	 90.703333	 90.683257	 90.663631	  90.64445	 90.625709	 90.607404	 90.589529	 90.572079	 90.555051	 90.538439	 90.522238	 90.506444	 90.491052	 90.476058	 90.461458	 90.447246	 90.433418	 90.419971	 90.406899	   90.3942	 90.381867	 90.369898	 90.358289	 90.347036	 90.336134	  90.32558	  90.31537	 90.305502	 90.295971	 90.286773	 90.277906	 90.269367	 90.261151	 90.253257	 90.245681	  90.23842	 90.231472	 90.224834	 90.218503	 90.212476	 90.206753	 90.201329	 90.196204	 90.191375	  90.18684	 90.182598	 90.178646	 90.174983	 90.171607	 90.168518	 90.165714	 90.163193	 90.160955	 90.158999	 90.157324	 90.155929	 90.154813	 90.153977	  90.15342	 90.153142	
        99	 98.904414	 98.808843	   98.7133	 98.617798	 98.522353	 98.426978	 98.331687	 98.236493	 98.141412	 98.046456	 97.951639	 97.856976	 97.762479	 97.668163	  97.57404	 97.480124	 97.386429	 97.292968	 97.199753	 97.106798	 97.014116	 96.921719	  96.82962	 96.737832	 96.646367	 96.555237	 96.464455	 96.374032	  96.28398	 96.194311	 96.105036	 96.016167	 95.927715	  95.83969	 95.752105	 95.664968	 95.578291	 95.492084	 95.406357	  95.32112	 95.236382	 95.152153	 95.068443	  94.98526	 94.902613	  94.82051	 94.738961	 94.657974	 94.577555	 94.497714	 94.418458	 94.339793	 94.261728	 94.184268	 94.107421	 94.031193	  93.95559	 93.880619	 93.806284	 93.732591	 93.659546	 93.587153	 93.515417	 93.444344	 93.373936	 93.304199	 93.235136	  93.16675	 93.099046	 93.032026	 92.965693	  92.90005	   92.8351	 92.770844	 92.707284	 92.644424	 92.582263	 92.520804	 92.460048	 92.399995	 92.340646	 92.282003	 92.224064	 92.166831	 92.110304	 92.054481	 91.999363	 91.944949	 91.891238	 91.838229	  91.78592	 91.734311	 91.683401	 91.633186	 91.583665	 91.534837	 91.486698	 91.439247	 91.392482	 91.346398	 91.300994	 91.256266	 91.212212	 91.168828	  91.12611	 91.084056	 91.042661	 91.001922	 90.961835	 90.922396	 90.883601	 90.845446	 90.807925	 90.771036	 90.734774	 90.699133	  90.66411	   90.6297	 90.595897	 90.562697	 90.530096	 90.498087	 90.466667	 90.435829	 90.405569	 90.375882	 90.346763	 90.318206	 90.290205	 90.262756	 90.235854	 90.209492	 90.183666	  90.15837	 90.133599	 90.109347	 90.085609	  90.06238	 90.039654	 90.017426	  89.99569	 89.974442	 89.953675	 89.933385	 89.913566	 89.894213	 89.875321	 89.856885	 89.838899	 89.821359	  89.80426	 89.787596	 89.771362	 89.755554	 89.740167	 89.725197	 89.710638	 89.696486	 89.682736	 89.669384	 89.656426	 89.643857	 89.631673	  89.61987	 89.608443	  89.59739	 89.586705	 89.576386	 89.566428	 89.556828	 89.547583	 89.538688	 89.530141	 89.521939	 89.514078	 89.506555	 89.499368	 89.492513	 89.485989	 89.479792	 89.473921	 89.468372	 89.463143	 89.458234	  89.45364	 89.449362	 89.445396	 89.441741	 89.438397	  89.43536	 89.432631	 89.430208	 89.428091	 89.426277	 89.424767	 89.423559	 89.422654	 89.422051	 89.421749	
        99	 98.897129	 98.794274	 98.691449	 98.588669	 98.485949	 98.383305	 98.280752	 98.178303	 98.075975	 97.973782	  97.87174	 97.769861	 97.668163	 97.566658	 97.465362	 97.364288	 97.263452	 97.162868	 97.062549	 96.962509	 96.862764	 96.763325	 96.664207	 96.565423	 96.466987	 96.368912	 96.271211	 96.173896	 96.076981	 95.980478	 95.884399	 95.788757	 95.693564	  95.59883	 95.504569	 95.410792	 95.317509	 95.224731	 95.132471	 95.040737	 94.949541	 94.858893	 94.768803	  94.67928	 94.590334	 94.501974	  94.41421	  94.32705	 94.240503	 94.154577	  94.06928	  93.98462	 93.900605	 93.817242	 93.734538	   93.6525	 93.571136	  93.49045	 93.410449	  93.33114	 93.252528	 93.174618	 93.097415	 93.020925	 92.945151	 92.870099	 92.795772	 92.722175	  92.64931	 92.577182	 92.505794	 92.435148	 92.365247	 92.296094	 92.227691	 92.160039	 92.093141	 92.026998	 91.961611	 91.896981	  91.83311	 91.769997	 91.707643	 91.646048	 91.585212	 91.525135	 91.465816	 91.407255	  91.34945	 91.292401	 91.236106	 91.180564	 91.125773	 91.071731	 91.018436	 90.965886	 90.914079	 90.863012	 90.812682	 90.763086	 90.714221	 90.666085	 90.618673	 90.571982	 90.526009	  90.48075	   90.4362	 90.392356	 90.349214	 90.306769	 90.265017	 90.223954	 90.183574	 90.143874	 90.104847	 90.066491	 90.028798	 89.991765	 89.955386	 89.919656	  89.88457	 89.850122	 89.816307	 89.783119	 89.750553	 89.718603	 89.687265	 89.656531	 89.626396	 89.596856	 89.567903	 89.539532	 89.511737	 89.484514	 89.457854	 89.431754	 89.406207	 89.381208	  89.35675	 89.332827	 89.309435	 89.286567	 89.264218	 89.242381	 89.221052	 89.200224	 89.179893	 89.160051	 89.140695	 89.121818	 89.103415	 89.085481	  89.06801	 89.050997	 89.034438	 89.018326	 89.002658	 88.987427	 88.972629	  88.95826	 88.944314	 88.930787	 88.917674	 88.904972	 88.892675	 88.880779	  88.86928	 88.858174	 88.847457	 88.837126	 88.827176	 88.817603	 88.808405	 88.799577	 88.791117	 88.783021	 88.775286	 88.767909	 88.760888	 88.754219	   88.7479	 88.741928	 88.736301	 88.731017	 88.726073	 88.721469	 88.717201	 88.713268	 88.709668	   88.7064	 88.703463	 88.700856	 88.698576	 88.696625	 88.694999	   88.6937	 88.692726	 88.692076	 88.691752	
        99	 98.889859	 98.779735	 98.669643	   98.5596	 98.449621	 98.339723	 98.229921	 98.120233	 98.010673	 97.901258	 97.792004	 97.682926	  97.57404	 97.465362	 97.356907	 97.248691	 97.140728	 97.033035	 96.925627	 96.818517	 96.711722	 96.605256	 96.499133	 96.393368	 96.287976	  96.18297	 96.078364	 95.974172	 95.870407	 95.767084	 95.664216	 95.561814	 95.459893	 95.358465	 95.257542	 95.157137	 95.057262	 94.957928	 94.859147	 94.760931	  94.66329	 94.566235	 94.469778	 94.373929	 94.278697	 94.184093	 94.090126	 93.996806	 93.904143	 93.812144	 93.720819	 93.630176	 93.540224	 93.450969	 93.362421	 93.274585	  93.18747	 93.101082	 93.015428	 92.930514	 92.846346	  92.76293	 92.680271	 92.598375	 92.517247	  92.43689	 92.357311	 92.278512	 92.200499	 92.123273	  92.04684	 91.971201	 91.896361	  91.82232	 91.749083	  91.67665	 91.605024	 91.534207	 91.464199	 91.395002	 91.326616	 91.259043	 91.192282	 91.126334	 91.061199	 90.996876	 90.933365	 90.870665	 90.808775	 90.747694	 90.687421	 90.627954	  90.56929	 90.511429	 90.454368	 90.398105	 90.342636	  90.28796	 90.234073	 90.180972	 90.128654	 90.077116	 90.026353	 89.976363	 89.927141	 89.878683	 89.830985	 89.784042	 89.737851	 89.692407	 89.647704	 89.603739	 89.560505	 89.517999	 89.476215	 89.435147	 89.394791	 89.355141	 89.316191	 89.277936	  89.24037	 89.203487	 89.167283	 89.131749	 89.096882	 89.062675	 89.029121	 88.996215	 88.963951	 88.932323	 88.901324	 88.870948	 88.841189	 88.812041	 88.783498	 88.755553	 88.728201	 88.701435	 88.675248	 88.649635	  88.62459	 88.600106	 88.576177	 88.552797	 88.529961	 88.507661	 88.485892	 88.464649	 88.443924	 88.423713	  88.40401	 88.384808	 88.366103	 88.347888	 88.330158	 88.312908	 88.296132	 88.279825	 88.263981	 88.248596	 88.233665	 88.219182	 88.205143	 88.191542	 88.178376	  88.16564	 88.153328	 88.141438	 88.129963	 88.118902	 88.108248	 88.097999	 88.088151	 88.078699	 88.069641	 88.060973	 88.052692	 88.044794	 88.037276	 88.030135	  88.02337	 88.016976	 88.010951	 88.005294	 88.000001	 87.995071	 87.990501	  87.98629	 87.982436	 87.978938	 87.975793	 87.973001	 87.970561	 87.968471	 87.966731	 87.965339	 87.964297	 87.963601	 87.963254	
        99	 98.882605	 98.765228	 98.647885	 98.530594	 98.413372	 98.296236	 98.179203	  98.06229	 97.945515	 97.828894	 97.712444	 97.596182	 97.480124	 97.364288	 97.248691	 97.133347	 97.018274	 96.903488	 96.789006	 96.674842	 96.561013	 96.447535	 96.334423	 96.221692	 96.109358	 95.997436	 95.885941	 95.774887	 95.664288	  95.55416	 95.444516	 95.335371	 95.226737	 95.118629	 95.011059	 94.904041	 94.797588	 94.691712	 94.586425	  94.48174	 94.377668	 94.274222	 94.171412	  94.06925	 93.967746	 93.866911	 93.766755	  93.66729	 93.568523	 93.470465	 93.373125	 93.276513	 93.180636	 93.085503	 92.991122	 92.897502	 92.804649	 92.712572	 92.621277	  92.53077	 92.441059	 92.352148	 92.264046	 92.176756	 92.090284	 92.004635	 91.919815	 91.835826	 91.752674	 91.670363	 91.588895	 91.508275	 91.428505	 91.349589	 91.271528	 91.194325	 91.117981	   91.0425	 90.967881	 90.894126	 90.821237	 90.749213	 90.678055	 90.607764	 90.538339	  90.46978	 90.402086	 90.335256	  90.26929	 90.204187	 90.139944	  90.07656	 90.014033	 89.952361	 89.891542	 89.831573	 89.772451	 89.714173	 89.656737	 89.600139	 89.544376	 89.489443	 89.435337	 89.382054	  89.32959	 89.277941	 89.227101	 89.177067	 89.127834	 89.079396	  89.03175	 88.984889	 88.938808	 88.893502	 88.848966	 88.805194	 88.762179	 88.719918	 88.678403	 88.637628	 88.597588	 88.558276	 88.519687	 88.481813	  88.44465	 88.408189	 88.372426	 88.337353	 88.302964	 88.269252	 88.236211	 88.203835	 88.172116	 88.141049	 88.110626	 88.080841	 88.051687	 88.023158	 87.995246	 87.967947	 87.941252	 87.915155	  87.88965	 87.864731	  87.84039	 87.816622	 87.793419	 87.770777	 87.748687	 87.727145	 87.706144	 87.685678	  87.66574	 87.646326	 87.627428	 87.609042	 87.591161	  87.57378	 87.556893	 87.540495	  87.52458	 87.509143	 87.494179	 87.479683	  87.46565	 87.452074	 87.438952	 87.426278	 87.414049	 87.402258	 87.390903	 87.379979	 87.369482	 87.359408	 87.349754	 87.340515	 87.331688	 87.323269	 87.315256	 87.307646	 87.300434	 87.293619	 87.287198	 87.281168	 87.275527	 87.270272	 87.265401	 87.260913	 87.256805	 87.253076	 87.249724	 87.246749	 87.244148	  87.24192	 87.240065	 87.238582	 87.237471	  87.23673	 87.236359	
        99	 98.875369	 98.750755	 98.626179	 98.501657	 98.377209	 98.252851	 98.128604	 98.004484	 97.880509	 97.756699	  97.63307	 97.509641	 97.386429	 97.263452	 97.140728	 97.018274	 96.896108	 96.774246	 96.652705	 96.531504	 96.410658	 96.290184	 96.170099	 96.050419	  95.93116	 95.812338	  95.69397	 95.576069	 95.458653	 95.341736	 95.225333	 95.109459	 94.994128	 94.879356	 94.765155	 94.651539	 94.538524	  94.42612	 94.314343	 94.203205	 94.092717	 93.982894	 93.873746	 93.765286	 93.657524	 93.550473	 93.444144	 93.338546	 93.233691	 93.129588	 93.026248	 92.923679	 92.821892	 92.720894	 92.620695	 92.521304	 92.422727	 92.324973	  92.22805	 92.131964	 92.036722	 91.942331	 91.848797	 91.756126	 91.664324	 91.573395	 91.483345	 91.394179	 91.305902	 91.218516	 91.132026	 91.046436	 90.961749	 90.877967	 90.795094	 90.713131	 90.632082	 90.551947	 90.472728	 90.394427	 90.317044	  90.24058	 90.165036	 90.090411	 90.016706	 89.943921	 89.872054	 89.801104	 89.731072	 89.661955	 89.593751	  89.52646	 89.460079	 89.394605	 89.330036	  89.26637	 89.203604	 89.141734	 89.080757	  89.02067	 88.961469	 88.903149	 88.845708	 88.789141	 88.733442	 88.678609	 88.624635	 88.571517	 88.519249	 88.467825	 88.417241	 88.367491	  88.31857	 88.270471	 88.223189	 88.176719	 88.131053	 88.086186	 88.042111	 87.998823	 87.956315	  87.91458	 87.873611	 87.833403	 87.793948	  87.75524	 87.717272	 87.680037	 87.643528	 87.607738	 87.572661	 87.538288	 87.504614	 87.471632	 87.439333	 87.407712	 87.376761	 87.346473	 87.316841	 87.287858	 87.259518	 87.231812	 87.204735	 87.178279	 87.152438	 87.127205	 87.102572	 87.078533	 87.055082	 87.032212	 87.009916	 86.988188	 86.967022	 86.946411	 86.926348	 86.906828	 86.887845	 86.869393	 86.851465	 86.834056	  86.81716	 86.800771	 86.784885	 86.769495	 86.754597	 86.740184	 86.726253	 86.712798	 86.699814	 86.687297	 86.675242	 86.663645	   86.6525	 86.641806	 86.631556	 86.621747	 86.612376	 86.603439	 86.594932	 86.586852	 86.579196	 86.571961	 86.565144	 86.558742	 86.552753	 86.547174	 86.542003	 86.537238	 86.532877	 86.528918	  86.52536	 86.522201	 86.519439	 86.517075	 86.515105	 86.513531	 86.512351	 86.511564	 86.511171	
