Time step 40:
        99	        99	        99	        99	        99	        99	        99	        99	        99	        99	        99	        99	        99	        99	        99	        99	        99	        99	        99	        99	        99	        99	        99	        99	        99	        99	        99	        99	        99	        99	        99	        99	        99	        99	        99	        99	        99	        99	        99	        99	        99	        99	        99	        99	        99	        99	        99	        99	        99	        99	        99	        99	        99	        99	        99	        99	        99	        99	        99	        99	        99	        99	        99	        99	        99	        99	        99	        99	        99	        99	        99	        99	        99	        99	        99	        99	        99	        99	        99	        99	        99	        99	        99	        99	        99	        99	        99	        99	        99	        99	        99	        99	        99	        99	        99	        99	        99	        99	        99	        99	        99	        99	        99	        99	        99	        99	        99	        99	        99	        99	        99	        99	        99	        99	        99	        99	        99	        99	        99	        99	        99	        99	        99	        99	        99	        99	        99	        99	        99	        99	        99	        99	        99	        99	        99	        99	        99	        99	        99	        99	        99	        99	        99	        99	        99	        99	        99	        99	        99	        99	        99	        99	        99	        99	        99	        99	        99	        99	        99	        99	        99	        99	        99	        99	        99	        99	        99	        99	        99	        99	        99	        99	        99	        99	        99	        99	        99	        99	        99	        99	        99	        99	        99	        99	        99	        99	        99	        99	        99	        99	        99	        99	        99	        99	        99	        99	        99	        99	        99	        99	
        99	 98.984127	 98.968259	 98.952401	 98.936559	 98.920736	 98.904938	  98.88917	 98.873437	 98.857743	 98.842094	 98.826495	 98.810949	 98.795462	 98.780039	 98.764683	   98.7494	 98.734195	  98.71907	 98.704031	 98.689082	 98.674228	 98.659471	 98.644816	 98.630268	 98.615829	 98.601504	 98.587296	 98.573208	 98.559244	 98.545408	 98.531702	 98.518129	 98.504693	 98.491396	 98.478241	 98.465231	 98.452367	 98.439653	 98.427091	 98.414682	 98.402429	 98.390333	 98.378397	 98.366622	 98.355009	  98.34356	 98.332275	 98.321157	 98.310207	 98.299424	  98.28881	 98.278366	 98.268091	 98.257987	 98.248054	 98.238292	 98.228701	 98.219281	 98.210031	 98.200953	 98.192044	 98.183306	 98.174737	 98.166337	 98.158104	 98.150039	  98.14214	 98.134406	 98.126837	 98.119431	 98.112186	 98.105102	 98.098177	  98.09141	 98.084799	 98.078343	  98.07204	 98.065888	 98.059886	 98.054031	 98.048323	 98.042759	 98.037337	 98.032055	 98.026911	 98.021903	  98.01703	 98.012288	 98.007676	 98.003192	 97.998834	 97.994599	 97.990485	 97.986491	 97.982613	 97.978849	 97.975198	 97.971657	 97.968224	 97.964896	 97.961672	 97.958549	 97.955525	 97.952598	 97.949765	 97.947025	 97.944374	 97.941812	 97.939335	 97.936943	 97.934632	   97.9324	 97.930246	 97.928168	 97.926163	 97.924229	 97.922365	 97.920568	 97.918838	 97.917171	 97.915566	 97.914021	 97.912534	 97.911104	 97.909729	 97.908407	 97.907137	 97.905917	 97.904745	 97.903619	 97.902539	 97.901503	 97.900509	 97.899556	 97.898642	 97.897767	 97.896928	 97.896125	 97.895357	 97.894621	 97.893917	 97.893244	   97.8926	 97.891985	 97.891397	 97.890835	 97.890299	 97.889788	 97.889299	 97.888834	 97.888389	 97.887966	 97.887563	 97.887179	 97.886813	 97.886464	 97.886133	 97.885818	 97.885518	 97.885234	 97.884963	 97.884707	 97.884463	 97.884232	 97.884012	 97.883805	 97.883608	 97.883422	 97.883245	 97.883079	 97.882921	 97.882773	 97.882633	   97.8825	 97.882376	 97.882259	 97.882149	 97.882046	 97.881949	 97.881859	 97.881774	 97.881696	 97.881623	 97.881555	 97.881492	 97.881435	 97.881382	 97.881334	  97.88129	 97.881251	 97.881215	 97.881185	 97.881158	 97.881135	 97.881116	 97.881101	  97.88109	 97.881082	 97.881078	
        99	 98.968259	 98.936529	 98.904818	 98.873137	 98.841497	 98.809906	 98.778375	 98.746913	 98.715531	 98.684238	 98.653044	 98.621958	 98.590989	 98.560147	 98.529441	  98.49888	 98.468473	 98.438229	 98.408156	 98.378263	 98.348558	 98.319049	 98.289745	 98.260652	 98.231779	 98.203133	 98.174721	 98.146551	 98.118628	 98.090959	 98.063552	 98.036411	 98.009543	 97.982953	 97.956647	 97.930631	 97.904908	 97.879484	 97.854362	 97.829549	 97.805046	 97.780859	  97.75699	 97.733443	 97.710221	 97.687326	 97.664762	 97.642529	 97.620631	 97.599069	 97.577845	 97.556959	 97.536414	 97.516209	 97.496346	 97.476824	 97.457645	 97.438808	 97.420312	 97.402158	 97.384344	  97.36687	 97.349734	 97.332936	 97.316474	 97.300346	 97.284551	 97.269086	 97.253949	 97.239139	 97.224652	 97.210487	 97.196639	 97.183107	 97.169888	 97.156977	 97.144373	 97.132071	 97.120069	 97.108362	 97.096946	 97.085819	 97.074977	 97.064415	 97.054129	 97.044115	 97.034369	 97.024888	 97.015666	 97.006699	 96.997984	 96.989516	 96.981289	 96.973301	 96.965547	 96.958021	  96.95072	 96.943639	 96.936774	  96.93012	 96.923672	 96.917427	  96.91138	 96.905526	 96.899861	 96.894381	 96.889082	 96.883958	 96.879006	 96.874221	   96.8696	 96.865137	  96.86083	 96.856674	 96.852664	 96.848798	  96.84507	 96.841478	 96.838017	 96.834683	 96.831473	 96.828384	 96.825411	 96.822552	 96.819802	 96.817159	 96.814619	 96.812179	 96.809835	 96.807585	 96.805425	 96.803353	 96.801365	 96.799459	 96.797633	 96.795882	 96.794205	 96.792599	 96.791062	  96.78959	 96.788183	 96.786836	 96.785549	 96.784319	 96.783143	 96.782021	 96.780949	 96.779925	 96.778949	 96.778018	  96.77713	 96.776283	 96.775477	 96.774708	 96.773977	  96.77328	 96.772618	 96.771988	 96.771389	 96.770819	 96.770279	 96.769765	 96.769278	 96.768815	 96.768377	 96.767962	 96.767568	 96.767196	 96.766843	  96.76651	 96.766195	 96.765898	 96.765618	 96.765353	 96.765105	 96.764871	 96.764651	 96.764445	 96.764251	 96.764071	 96.763902	 96.763745	 96.763598	 96.763463	 96.763338	 96.763222	 96.763117	  96.76302	 96.762933	 96.762854	 96.762784	 96.762722	 96.762669	 96.762623	 96.762585	 96.762555	 96.762532	 96.762517	  96.76251	
        99	 98.952401	 98.904818	 98.857264	 98.809756	 98.762307	 98.714934	  98.66765	  98.62047	 98.573409	 98.526482	 98.479703	 98.433086	 98.386645	 98.340394	 98.294347	 98.248518	 98.202919	 98.157565	 98.112467	  98.06764	 98.023094	 97.978842	 97.934897	  97.89127	 97.847972	 97.805014	 97.762408	 97.720163	 97.678289	 97.636797	 97.595697	 97.554996	 97.514705	 97.474831	 97.435382	 97.396368	 97.357793	 97.319667	 97.281996	 97.244785	 97.208041	  97.17177	 97.135976	 97.100665	  97.06584	 97.031507	 96.997669	 96.964329	 96.931491	 96.899156	 96.867328	 96.836008	 96.805198	 96.774899	 96.745112	 96.715837	 96.687076	 96.658827	 96.631091	 96.603867	 96.577153	 96.550949	 96.525252	 96.500062	 96.475375	  96.45119	 96.427503	 96.404312	 96.381613	 96.359403	 96.337679	 96.316436	  96.29567	 96.275377	 96.255553	 96.236193	 96.217291	 96.198843	 96.180844	 96.163288	  96.14617	 96.129484	 96.113224	 96.097385	  96.08196	 96.066944	 96.052329	 96.038111	 96.024281	 96.010835	 95.997766	 95.985066	  95.97273	 95.960751	 95.949122	 95.937837	 95.926888	 95.916269	 95.905974	 95.895996	 95.886327	 95.876962	 95.867894	 95.859115	  95.85062	 95.842402	 95.834455	 95.826771	 95.819345	  95.81217	  95.80524	 95.798548	 95.792089	 95.785856	 95.779843	 95.774045	 95.768455	 95.763068	 95.757877	 95.752879	 95.748065	 95.743433	 95.738975	 95.734687	 95.730564	   95.7266	  95.72279	 95.719131	 95.715616	 95.712242	 95.709003	 95.705896	 95.702915	 95.700057	 95.697318	 95.694692	 95.692178	 95.689769	 95.687464	 95.685257	 95.683146	 95.681127	 95.679197	 95.677352	  95.67559	 95.673906	 95.672298	 95.670764	   95.6693	 95.667903	 95.666571	 95.665302	 95.664092	  95.66294	 95.661843	 95.660799	 95.659805	  95.65886	 95.657962	 95.657108	 95.656297	 95.655527	 95.654796	 95.654103	 95.653446	 95.652823	 95.652233	 95.651674	 95.651146	 95.650646	 95.650174	 95.649728	 95.649308	 95.648912	 95.648539	 95.648188	 95.647858	 95.647549	 95.647259	 95.646988	 95.646735	 95.646499	  95.64628	 95.646076	 95.645889	 95.645716	 95.645557	 95.645413	 95.645282	 95.645164	 95.645059	 95.644966	 95.644885	 95.644817	  95.64476	 95.644715	 95.644681	 95.644658	 95.644647	
        99	 98.936559	 98.873137	 98.809756	 98.746435	 98.683193	 98.620052	 98.557029	 98.494146	 98.431422	 98.368875	 98.306526	 98.244392	 98.182494	 98.120849	 98.059476	 97.998392	 97.937617	 97.877166	 97.817059	  97.75731	 97.697938	 97.638958	 97.580386	 97.522237	 97.464528	 97.407272	 97.350484	 97.294178	 97.238368	 97.183066	 97.128285	 97.074037	 97.020335	 96.967189	 96.914611	  96.86261	 96.811197	 96.760381	  96.71017	 96.660574	 96.611601	 96.563256	 96.515549	 96.468485	  96.42207	 96.376309	 96.331208	 96.286771	 96.243003	 96.199906	 96.157484	 96.115739	 96.074674	  96.03429	 95.994589	 95.955571	 95.917236	 95.879585	 95.842617	 95.806331	 95.770726	   95.7358	 95.701551	 95.667976	 95.635072	 95.602837	 95.571266	 95.540356	 95.510102	   95.4805	 95.451545	 95.423231	 95.395554	 95.368507	 95.342084	  95.31628	 95.291087	 95.266499	 95.242509	  95.21911	 95.196294	 95.174054	 95.152382	 95.131271	 95.110712	 95.090697	 95.071219	 95.052268	 95.033835	 95.015914	 94.998494	 94.981568	 94.965126	  94.94916	  94.93366	 94.918618	 94.904025	 94.889872	  94.87615	 94.862851	 94.849964	 94.837482	 94.825395	 94.813695	 94.802373	 94.791419	 94.780826	 94.770585	 94.760687	 94.751124	 94.741887	 94.732968	 94.724359	 94.716052	 94.708038	 94.700309	 94.692859	 94.685679	 94.678761	 94.672098	 94.665683	 94.659508	 94.653567	 94.647851	 94.642356	 94.637072	 94.631995	 94.627118	 94.622433	 94.617936	 94.613619	 94.609477	 94.605505	 94.601695	 94.598044	 94.594545	 94.591193	 94.587983	  94.58491	  94.58197	 94.579156	 94.576465	 94.573892	 94.571433	 94.569084	  94.56684	 94.564697	 94.562652	   94.5607	 94.558839	 94.557064	 94.555372	  94.55376	 94.552224	 94.550762	  94.54937	 94.548046	 94.546787	 94.545589	 94.544451	 94.543371	 94.542344	  94.54137	 94.540446	  94.53957	 94.538739	 94.537953	 94.537208	 94.536504	 94.535838	 94.535209	 94.534615	 94.534055	 94.533526	 94.533029	 94.532562	 94.532122	  94.53171	 94.531324	 94.530962	 94.530625	 94.530311	 94.530019	 94.529748	 94.529497	 94.529267	 94.529056	 94.528863	 94.528688	 94.528531	 94.528391	 94.528267	  94.52816	 94.528069	 94.527993	 94.527932	 94.527887	 94.527857	 94.527842	
        99	 98.920736	 98.841497	 98.762307	 98.683193	 98.604179	 98.525289	 98.446549	 98.367982	 98.289613	 98.211467	 98.133567	 98.055937	 97.978601	 97.901581	 97.824901	 97.748583	 97.672649	 97.597122	 97.522023	 97.447372	 97.373192	 97.299502	 97.226321	  97.15367	 97.081568	 97.010032	  96.93908	 96.868731	 96.799001	 96.729906	 96.661463	 96.593685	 96.526589	 96.460189	 96.394497	 96.329526	  96.26529	   96.2018	 96.139067	 96.077101	 96.015913	 95.955511	 95.895905	 95.837103	 95.779111	 95.721937	 95.665588	 95.610068	 95.555383	 95.501538	 95.448535	 95.396379	 95.345072	 95.294616	 95.245013	 95.196263	 95.148368	 95.101326	 95.055138	 95.009802	 94.965317	  94.92168	 94.878889	  94.83694	  94.79583	 94.755554	  94.71611	  94.67749	 94.639691	 94.602706	 94.566529	 94.531153	 94.496573	  94.46278	 94.429768	 94.397527	 94.366051	 94.335331	 94.305358	 94.276123	 94.247616	  94.21983	 94.192753	 94.166376	  94.14069	 94.115683	 94.091346	 94.067668	 94.044639	 94.022248	 94.000484	 93.979336	 93.958793	 93.938844	 93.919479	 93.900686	 93.882453	  93.86477	 93.847626	 93.831009	 93.814909	 93.799313	 93.784212	 93.769594	 93.755448	 93.741762	 93.728527	 93.715732	 93.703365	 93.691417	 93.679876	 93.668733	 93.657977	 93.647597	 93.637584	 93.627929	  93.61862	 93.609649	 93.601006	 93.592681	 93.584666	 93.576951	 93.569528	 93.562387	 93.555521	  93.54892	 93.542576	 93.536482	 93.530629	  93.52501	 93.519617	 93.514442	 93.509479	  93.50472	 93.500157	 93.495786	 93.491598	 93.487588	 93.483748	 93.480074	 93.476559	 93.473197	 93.469982	  93.46691	 93.463975	 93.461171	 93.458494	 93.455938	   93.4535	 93.451174	 93.448957	 93.446843	 93.444828	  93.44291	 93.441083	 93.439344	  93.43769	 93.436116	  93.43462	 93.433198	 93.431848	 93.430566	 93.429349	 93.428194	 93.427099	 93.426062	 93.425079	 93.424149	 93.423269	 93.422437	 93.421651	 93.420909	 93.420209	 93.419549	 93.418927	 93.418343	 93.417794	 93.417279	 93.416796	 93.416345	 93.415924	 93.415531	 93.415166	 93.414827	 93.414515	 93.414227	 93.413963	 93.413722	 93.413504	 93.413307	 93.413132	 93.412978	 93.412844	  93.41273	 93.412635	  93.41256	 93.412503	 93.412466	 93.412447	
        99	 98.904938	 98.809906	 98.714934	 98.620052	 98.525289	 98.430676	 98.336242	 98.242016	 98.148028	 98.054307	 97.960881	 97.867779	 97.775029	 97.682659	 97.590695	 97.499167	 97.408099	 97.317519	 97.227452	 97.137924	 97.048958	 96.960581	 96.872815	 96.785685	 96.699211	 96.613418	 96.528325	 96.443955	 96.360327	 96.277461	 96.195376	 96.114091	 96.033622	 95.953987	 95.875203	 95.797283	 95.720245	   95.6441	 95.568864	 95.494548	 95.421164	 95.348724	 95.277238	 95.206716	 95.137166	 95.068598	 95.001017	 94.934432	 94.868848	 94.804271	 94.740704	 94.678153	  94.61662	 94.556108	 94.496619	 94.438153	 94.380712	 94.324295	 94.268901	  94.21453	 94.161178	 94.108844	 94.057524	 94.007214	 93.957911	 93.909608	 93.862302	 93.815985	 93.770652	 93.726296	 93.682908	 93.640483	  93.59901	 93.558482	  93.51889	 93.480224	 93.442475	 93.405631	 93.369684	 93.334622	 93.300435	  93.26711	 93.234637	 93.203003	 93.172197	 93.142206	 93.113019	 93.084622	 93.057003	 93.030149	 93.004047	 92.978684	 92.954047	 92.930122	 92.906897	 92.884358	 92.862492	 92.841285	 92.820724	 92.800795	 92.781486	 92.762782	 92.744671	 92.727139	 92.710173	 92.693761	 92.677888	 92.662542	 92.647711	 92.633381	  92.61954	 92.606176	 92.593276	 92.580828	 92.568819	 92.557239	 92.546075	 92.535316	  92.52495	 92.514967	 92.505354	 92.496102	 92.487199	 92.478635	   92.4704	 92.462484	 92.454876	 92.447567	 92.440548	 92.433808	  92.42734	 92.421134	 92.415182	 92.409474	 92.404002	 92.398759	 92.393737	 92.388927	 92.384323	 92.379916	   92.3757	 92.371668	 92.367813	 92.364128	 92.360608	 92.357245	 92.354035	  92.35097	 92.348046	 92.345257	 92.342597	 92.340062	 92.337646	 92.335345	 92.333154	 92.331068	 92.329084	 92.327197	 92.325403	 92.323698	 92.322078	  92.32054	 92.319081	 92.317696	 92.316383	 92.315139	 92.313961	 92.312845	 92.311789	 92.310792	 92.309849	 92.308959	 92.308119	 92.307328	 92.306583	 92.305882	 92.305223	 92.304606	 92.304027	 92.303486	  92.30298	 92.302509	 92.302071	 92.301666	 92.301291	 92.300945	 92.300629	  92.30034	 92.300078	 92.299843	 92.299633	 92.299447	 92.299287	  92.29915	 92.299036	 92.298946	 92.298878	 92.298833	 92.298811	
        99	  98.88917	 98.778375	  98.66765	 98.557029	 98.446549	 98.336242	 98.226144	 98.116289	 98.006712	 97.897445	 97.788522	 97.679977	 97.571842	  97.46415	 97.356933	 97.250223	  97.14405	 97.038445	 96.933439	  96.82906	 96.725338	 96.622302	 96.519978	 96.418395	 96.317578	 96.217554	 96.118348	 96.019983	 95.922483	 95.825873	 95.730172	 95.635404	 95.541588	 95.448744	 95.356891	 95.266047	  95.17623	 95.087456	  94.99974	 94.913097	 94.827541	 94.743086	 94.659742	 94.577522	 94.496436	 94.416494	 94.337704	 94.260075	 94.183612	 94.108323	 94.034213	 93.961287	 93.889547	 93.818998	 93.749641	 93.681478	 93.614509	 93.548734	 93.484152	 93.420761	  93.35856	 93.297545	 93.237713	 93.179058	 93.121577	 93.065263	 93.010109	  92.95611	 92.903258	 92.851544	  92.80096	 92.751497	 92.703146	 92.655895	 92.609736	 92.564656	 92.520645	 92.477691	 92.435781	 92.394904	 92.355045	 92.316193	 92.278333	 92.241452	 92.205537	 92.170571	 92.136543	 92.103436	 92.071235	 92.039927	 92.009495	 91.979926	 91.951202	 91.923309	 91.896232	 91.869954	 91.844461	 91.819736	 91.795765	  91.77253	 91.750018	 91.728212	 91.707097	 91.686657	 91.666877	 91.647742	 91.629236	 91.611345	 91.594054	 91.577347	 91.561211	  91.54563	  91.53059	 91.516077	 91.502077	 91.488576	  91.47556	 91.463016	 91.450931	 91.439291	 91.428084	 91.417297	 91.406918	 91.396933	 91.387332	 91.378103	 91.369233	 91.360712	 91.352528	 91.344671	  91.33713	 91.329895	 91.322955	   91.3163	 91.309921	 91.303809	 91.297953	 91.292346	 91.286977	  91.28184	 91.276925	 91.272224	 91.267729	 91.263433	 91.259329	 91.255409	 91.251665	 91.248093	 91.244683	 91.241431	  91.23833	 91.235375	 91.232558	 91.229876	 91.227321	  91.22489	 91.222577	 91.220376	 91.218285	 91.216297	 91.214408	 91.212615	 91.210914	 91.209299	 91.207769	 91.206318	 91.204944	 91.203644	 91.202413	  91.20125	  91.20015	 91.199113	 91.198134	 91.197211	 91.196343	 91.195526	 91.194758	 91.194038	 91.193363	 91.192732	 91.192142	 91.191593	 91.191083	  91.19061	 91.190173	  91.18977	 91.189401	 91.189064	 91.188759	 91.188484	  91.18824	 91.188024	 91.187836	 91.187677	 91.187544	 91.187439	  91.18736	 91.187308	 91.187281	
        99	 98.873437	 98.746913	  98.62047	 98.494146	 98.367982	 98.242016	 98.116289	  97.99084	 97.865707	 97.740928	 97.616543	 97.492589	 97.369104	 97.246125	 97.123687	 97.001828	 96.880583	 96.759987	 96.640074	 96.520878	 96.402432	 96.284769	  96.16792	 96.051916	 95.936788	 95.822564	 95.709275	 95.596946	 95.485606	 95.375281	 95.265995	 95.157773	 95.050639	 94.944615	 94.839723	 94.735984	 94.633416	  94.53204	 94.431872	 94.332929	 94.235228	 94.138784	 94.043609	 93.949717	 93.857121	  93.76583	 93.675855	 93.587205	 93.499889	 93.413912	 93.329281	 93.246002	 93.164079	 93.083515	 93.004312	 92.926472	 92.849996	 92.774884	 92.701134	 92.628745	 92.557714	 92.488038	 92.419712	 92.352731	 92.287089	 92.222781	 92.159798	 92.098133	 92.037778	 91.978723	 91.920958	 91.864474	 91.809258	 91.755301	 91.702588	  91.65111	 91.600851	 91.551799	  91.50394	 91.457259	 91.411742	 91.367375	  91.32414	 91.282024	  91.24101	 91.201081	 91.162222	 91.124415	 91.087643	 91.051891	 91.017139	 90.983372	  90.95057	 90.918718	 90.887797	 90.857789	 90.828677	 90.800442	 90.773068	 90.746535	 90.720827	 90.695925	 90.671813	 90.648471	 90.625883	 90.604032	 90.582899	 90.562469	 90.542723	 90.523644	 90.505217	 90.487424	 90.470249	 90.453676	 90.437688	 90.422271	 90.407407	 90.393083	 90.379282	  90.36599	 90.353192	 90.340874	 90.329021	 90.317619	 90.306655	 90.296115	 90.285987	 90.276256	 90.266911	 90.257938	 90.249327	 90.241064	 90.233139	 90.225539	 90.218255	 90.211275	 90.204588	 90.198184	 90.192054	 90.186187	 90.180574	 90.175206	 90.170073	 90.165168	 90.160481	 90.156004	 90.151729	 90.147649	 90.143756	 90.140042	 90.136501	 90.133126	  90.12991	 90.126846	 90.123929	 90.121153	 90.118511	 90.115999	  90.11361	  90.11134	 90.109183	 90.107136	 90.105193	 90.103349	 90.101601	 90.099945	 90.098376	  90.09689	 90.095485	 90.094157	 90.092901	 90.091716	 90.090599	 90.089545	 90.088553	  90.08762	 90.086743	 90.085921	  90.08515	  90.08443	 90.083757	  90.08313	 90.082547	 90.082006	 90.081507	 90.081047	 90.080626	 90.080241	 90.079893	 90.079579	   90.0793	 90.079053	 90.078839	 90.078657	 90.078506	 90.078385	 90.078295	 90.078235	 90.078206	
        99	 98.857743	 98.715531	 98.573409	 98.431422	 98.289613	 98.148028	 98.006712	 97.865707	 97.725057	 97.584807	 97.444998	 97.305675	 97.166878	 97.028649	  96.89103	  96.75406	 96.617781	 96.482232	  96.34745	 96.213474	 96.080341	 95.948088	  95.81675	 95.686362	 95.556958	 95.428571	 95.301233	 95.174977	 95.049831	 94.925825	 94.802988	 94.681347	 94.560929	 94.441759	  94.32386	 94.207257	 94.091971	 93.978024	 93.865436	 93.754225	 93.644409	 93.536006	  93.42903	 93.323496	 93.219417	 93.116807	 93.015675	 92.916033	 92.817889	 92.721252	 92.626127	 92.532522	  92.44044	 92.349886	 92.260862	 92.173371	 92.087412	 92.002986	 91.920092	 91.838727	 91.758888	 91.680572	 91.603773	 91.528487	 91.454706	 91.382424	 91.311631	  91.24232	 91.174481	 91.108103	 91.043176	 90.979687	 90.917625	 90.856977	 90.797729	 90.739867	 90.683376	 90.628242	 90.574448	 90.521979	 90.470819	 90.420949	 90.372354	 90.325016	 90.278916	 90.234036	 90.190358	 90.147863	 90.106532	 90.066346	 90.027286	 89.989331	 89.952463	 89.916661	 89.881905	 89.848176	 89.815454	 89.783719	  89.75295	 89.723127	 89.694231	 89.666242	 89.639139	 89.612904	 89.587515	 89.562954	 89.539201	 89.516237	 89.494043	 89.472599	 89.451886	 89.431887	 89.412583	 89.393954	 89.375984	 89.358655	 89.341949	 89.325848	 89.310336	 89.295396	 89.281011	 89.267165	 89.253842	 89.241027	 89.228703	 89.216857	 89.205472	 89.194535	 89.184031	 89.173946	 89.164266	 89.154979	 89.146071	  89.13753	 89.129342	 89.121496	  89.11398	 89.106783	 89.099892	 89.093298	 89.086989	 89.080955	 89.075186	 89.069672	 89.064404	 89.059372	 89.054567	 89.049981	 89.045605	 89.041431	 89.037451	 89.033657	 89.030042	 89.026599	  89.02332	 89.020199	  89.01723	 89.014406	 89.011721	  89.00917	 89.006746	 89.004444	  89.00226	 89.000188	 88.998223	 88.996361	 88.994598	 88.992928	 88.991349	 88.989856	 88.988445	 88.987113	 88.985856	 88.984672	 88.983557	 88.982508	 88.981523	 88.980599	 88.979733	 88.978922	 88.978166	 88.977461	 88.976806	 88.976199	 88.975638	 88.975121	 88.974647	 88.974215	 88.973823	 88.973471	 88.973157	 88.972879	 88.972639	 88.972434	 88.972264	 88.972129	 88.972028	  88.97196	 88.971927	
        99	 98.842094	 98.684238	 98.526482	 98.368875	 98.211467	 98.054307	 97.897445	 97.740928	 97.584807	 97.429128	  97.27394	  97.11929	 96.965224	  96.81179	 96.659032	 96.506995	 96.355725	 96.205264	 96.055655	 95.906941	 95.759163	 95.612361	 95.466575	 95.321844	 95.178205	 95.035695	  94.89435	 94.754204	 94.615291	 94.477644	 94.341295	 94.206273	 94.072608	 93.940328	  93.80946	  93.68003	 93.552063	 93.425581	 93.300607	 93.177162	 93.055266	 92.934938	 92.816194	  92.69905	 92.583523	 92.469625	 92.357368	 92.246765	 92.137825	 92.030556	 91.924968	 91.821065	 91.718854	 91.618339	 91.519522	 91.422406	 91.326991	 91.233278	 91.141265	 91.050949	 90.962328	 90.875396	  90.79015	 90.706581	 90.624684	  90.54445	  90.46587	 90.388935	 90.313633	 90.239953	 90.167883	 90.097411	 90.028522	 89.961202	 89.895436	 89.831209	 89.768504	 89.707304	 89.647593	 89.589352	 89.532564	 89.477209	 89.423268	 89.370722	 89.319551	 89.269734	 89.221251	 89.174082	 89.128204	 89.083598	  89.04024	  88.99811	 88.957186	 88.917446	 88.878867	 88.841428	 88.805106	  88.76988	 88.735726	 88.702623	 88.670548	  88.63948	 88.609396	 88.580274	 88.552093	  88.52483	 88.498464	 88.472974	 88.448338	 88.424535	 88.401544	 88.379345	 88.357917	 88.337239	 88.317292	 88.298057	 88.279513	 88.261641	 88.244422	 88.227839	 88.211871	 88.196502	 88.181714	 88.167489	  88.15381	  88.14066	 88.128023	 88.115882	 88.104223	 88.093028	 88.082284	 88.071975	 88.062088	 88.052606	 88.043518	 88.034809	 88.026466	 88.018477	 88.010828	 88.003509	 87.996506	 87.989808	 87.983405	 87.977284	 87.971436	 87.965851	 87.960518	 87.955427	  87.95057	 87.945937	 87.941519	 87.937307	 87.933295	 87.929472	 87.925833	 87.922369	 87.919073	 87.915938	 87.912958	 87.910126	 87.907436	 87.904881	 87.902457	 87.900157	 87.897976	 87.895909	 87.893951	 87.892098	 87.890345	 87.888687	 87.887121	 87.885643	 87.884248	 87.882934	 87.881696	 87.880532	 87.879438	 87.878412	 87.877451	 87.876552	 87.875712	  87.87493	 87.874203	 87.873528	 87.872905	 87.872332	 87.871806	 87.871326	 87.870892	   87.8705	 87.870151	 87.869844	 87.869577	 87.869349	 87.869161	  87.86901	 87.868898	 87.868824	 87.868786	
        99	 98.826495	 98.653044	 98.479703	 98.306526	 98.133567	 97.960881	 97.788522	 97.616543	 97.444998	  97.27394	 97.103421	 96.933493	 96.764207	 96.595614	 96.427765	 96.260709	 96.094494	 95.929169	  95.76478	 95.601375	 95.438998	 95.277693	 95.117505	 94.958475	 94.800646	 94.644057	 94.488748	 94.334757	 94.182121	 94.030876	 93.881057	 93.732696	 93.585826	 93.440478	 93.296682	 93.154465	 93.013855	 92.874878	 92.737558	 92.601918	  92.46798	 92.335764	 92.205289	 92.076573	 91.949633	 91.824482	 91.701136	 91.579606	 91.459903	 91.342038	 91.226018	 91.111851	 90.999542	 90.889097	 90.780518	 90.673808	 90.568967	 90.465996	 90.364892	 90.265654	 90.168278	 90.072759	  89.97909	 89.887266	 89.797278	 89.709118	 89.622775	 89.538239	 89.455498	 89.374539	  89.29535	 89.217915	  89.14222	  89.06825	 88.995987	 88.925415	 88.856515	 88.789269	 88.723659	 88.659665	 88.597266	 88.536443	 88.477173	 88.419436	 88.363209	 88.308471	 88.255199	 88.203369	 88.152959	 88.103946	 88.056305	 88.010013	 87.965046	  87.92138	  87.87899	 87.837852	 87.797942	 87.759236	 87.721708	 87.685334	 87.650091	 87.615954	 87.582898	 87.550899	 87.519933	 87.489977	 87.461007	 87.432998	 87.405928	 87.379774	 87.354512	  87.33012	 87.306574	 87.283854	 87.261937	 87.240801	 87.220425	 87.200788	 87.181868	 87.163646	 87.146101	 87.129214	 87.112965	 87.097334	 87.082304	 87.067855	 87.053969	 87.040629	 87.027818	 87.015518	 87.003712	 86.992385	  86.98152	 86.971102	 86.961116	 86.951547	  86.94238	 86.933601	 86.925197	 86.917154	 86.909459	   86.9021	 86.895064	 86.888339	 86.881914	 86.875776	 86.869916	 86.864323	 86.858985	 86.853894	  86.84904	 86.844413	 86.840004	 86.835804	 86.831805	 86.827999	 86.824377	 86.820933	 86.817658	 86.814546	  86.81159	 86.808783	 86.806119	 86.803592	 86.801196	 86.798925	 86.796774	 86.794737	 86.792811	  86.79099	 86.789269	 86.787644	 86.786112	 86.784668	 86.783308	 86.782029	 86.780827	 86.779699	 86.778643	 86.777655	 86.776732	 86.775873	 86.775074	 86.774333	 86.773649	 86.773018	 86.772441	 86.771914	 86.771436	 86.771006	 86.770622	 86.770284	 86.769991	 86.769741	 86.769534	 86.769369	 86.769245	 86.769163	 86.769122	
        99	 98.810949	 98.621958	 98.433086	 98.244392	 98.055937	 97.867779	 97.679977	 97.492589	 97.305675	  97.11929	 96.933493	 96.748339	 96.563886	 96.380188	   96.1973	 96.015276	 95.834169	 95.654031	 95.474914	 95.296868	 95.119942	 94.944185	 94.769644	 94.596366	 94.424396	 94.253777	 94.084553	 93.916765	 93.750453	 93.585657	 93.422414	  93.26076	 93.100731	  92.94236	  92.78568	 92.630721	 92.477514	 92.326084	 92.176461	 92.028668	 91.882729	 91.738667	 91.596502	 91.456254	 91.317939	 91.181576	 91.047178	  90.91476	 90.784332	 90.655906	 90.529491	 90.405095	 90.282724	 90.162383	 90.044075	 89.927804	  89.81357	 89.701373	 89.591211	 89.483081	  89.37698	 89.272903	 89.170842	 89.070791	  88.97274	 88.876681	 88.782602	 88.690492	 88.600337	 88.512125	  88.42584	 88.341468	 88.258991	 88.178393	 88.099655	  88.02276	 87.947687	 87.874417	 87.802928	   87.7332	 87.665211	 87.598937	 87.534357	 87.471447	 87.410183	  87.35054	 87.292495	 87.236021	 87.181095	  87.12769	 87.075781	 87.025341	 86.976345	 86.928767	 86.882579	 86.837755	 86.794269	 86.752095	 86.711204	 86.671572	 86.633171	 86.595975	 86.559957	 86.525091	 86.491352	 86.458711	 86.427145	 86.396627	 86.367132	 86.338634	 86.311109	 86.284531	 86.258876	  86.23412	  86.21024	  86.18721	 86.165008	 86.143611	 86.122997	 86.103142	 86.084025	 86.065625	  86.04792	 86.030889	 86.014512	 85.998768	 85.983638	 85.969103	 85.955144	 85.941742	 85.928878	 85.916536	 85.904698	 85.893347	 85.882466	 85.872039	 85.862051	 85.852486	 85.843329	 85.834565	 85.826181	 85.818162	 85.810496	 85.803168	 85.796167	  85.78948	 85.783095	    85.777	 85.771185	 85.765638	 85.760348	 85.755306	 85.750502	 85.745926	 85.741569	 85.737422	 85.733476	 85.729723	 85.726155	 85.722764	 85.719543	 85.716484	 85.713582	 85.710828	 85.708217	 85.705743	 85.703399	  85.70118	 85.699081	 85.697097	 85.695222	 85.693452	 85.691782	 85.690208	 85.688726	 85.687333	 85.686023	 85.684795	 85.683644	 85.682567	 85.681562	 85.680625	 85.679755	 85.678948	 85.678202	 85.677515	 85.676886	 85.676311	 85.675791	 85.675322	 85.674905	 85.674536	 85.674216	 85.673944	 85.673718	 85.673539	 85.673404	 85.673315	  85.67327	
        99	 98.795462	 98.590989	 98.386645	 98.182494	 97.978601	 97.775029	 97.571842	 97.369104	 97.166878	 96.965224	 96.764207	 96.563886	 96.364323	 96.165576	 95.967706	 95.770771	 95.574828	 95.379933	 95.186143	 94.993511	 94.802092	 94.611937	 94.423099	 94.235626	 94.049568	 93.864972	 93.681885	 93.500352	 93.320417	  93.14212	 92.965505	 92.790609	  92.61747	 92.446126	 92.276611	 92.108958	 91.943199	 91.779366	 91.617485	 91.457585	 91.299691	 91.143828	 90.990017	 90.838279	 90.688634	   90.5411	 90.395693	 90.252427	 90.111314	 89.972368	 89.835597	 89.701011	 89.568615	 89.438416	 89.310417	 89.184621	 89.061029	 88.939641	 88.820454	 88.703467	 88.588674	 88.476071	 88.365649	 88.257402	 88.151319	 88.047391	 87.945605	 87.845949	  87.74841	 87.652971	 87.559618	 87.468334	 87.379101	   87.2919	 87.206713	 87.123518	 87.042295	 86.963023	 86.885678	 86.810238	 86.736679	 86.664976	 86.595106	 86.527042	 86.460759	 86.396231	  86.33343	 86.272331	 86.212905	 86.155125	 86.098964	 86.044392	 85.991383	 85.939906	 85.889935	 85.841439	 85.794391	 85.748761	 85.704522	 85.661643	 85.620096	 85.579853	 85.540884	 85.503162	 85.466659	 85.431345	 85.397193	 85.364175	 85.332263	 85.301431	 85.271651	 85.242896	 85.215139	 85.188355	 85.162518	 85.137602	 85.113581	 85.090432	 85.068128	 85.046647	 85.025965	 85.006057	 84.986901	 84.968475	 84.950756	 84.933723	 84.917354	 84.901628	 84.886526	 84.872025	 84.858108	 84.844755	 84.831947	 84.819666	 84.807894	 84.796613	 84.785806	 84.775458	 84.765551	 84.756069	 84.746998	 84.738323	 84.730028	   84.7221	 84.714525	  84.70729	 84.700382	 84.693788	 84.687496	 84.681495	 84.675772	 84.670317	  84.66512	 84.660169	 84.655455	 84.650968	 84.646698	 84.642638	 84.638778	 84.635109	 84.631624	 84.628315	 84.625175	 84.622195	 84.619371	 84.616693	 84.614158	 84.611757	 84.609486	 84.607339	 84.605311	 84.603396	 84.601589	 84.599887	 84.598283	 84.596776	 84.595359	  84.59403	 84.592784	  84.59162	 84.590532	 84.589519	 84.588577	 84.587704	 84.586897	 84.586154	 84.585473	 84.584851	 84.584288	 84.583781	 84.583329	 84.582931	 84.582585	  84.58229	 84.582046	 84.581851	 84.581706	 84.581609	 84.581561	
        99	 98.780039	 98.560147	 98.340394	 98.120849	 97.901581	 97.682659	  97.46415	 97.246125	 97.028649	  96.81179	 96.595614	 96.380188	 96.165576	 95.951843	 95.739053	 95.527267	 95.316549	 95.106958	 94.898555	 94.691398	 94.485544	  94.28105	 94.077972	 93.876363	 93.676275	  93.47776	 93.280867	 93.085645	 92.892141	   92.7004	 92.510467	 92.322382	 92.136188	 91.951924	 91.769626	 91.589331	 91.411073	 91.234885	 91.060798	 90.888841	 90.719041	 90.551424	 90.386015	 90.222835	 90.061907	 89.903247	 89.746875	 89.592806	 89.441053	 89.291629	 89.144545	  88.99981	 88.857431	 88.717414	 88.579763	 88.444481	  88.31157	 88.181028	 88.052854	 87.927045	 87.803597	 87.682502	 87.563754	 87.447344	 87.333262	 87.221497	 87.112036	 87.004866	 86.899971	 86.797336	 86.696943	 86.598776	 86.502814	 86.409038	 86.317426	 86.227958	 86.140611	 86.055361	 85.972184	 85.891055	 85.811949	  85.73484	 85.659701	 85.586505	 85.515223	 85.445829	 85.378293	 85.312587	  85.24868	 85.186543	 85.126146	  85.06746	 85.010453	 84.955095	 84.901355	 84.849203	 84.798607	 84.749537	 84.701961	 84.655849	 84.611169	 84.567891	 84.525985	 84.485418	 84.446162	 84.408185	 84.371458	  84.33595	 84.301632	 84.268475	 84.236449	 84.205526	 84.175676	 84.146873	 84.119087	 84.092292	  84.06646	 84.041565	  84.01758	 83.994479	 83.972237	 83.950828	 83.930228	 83.910412	 83.891357	  83.87304	 83.855436	 83.838525	 83.822283	  83.80669	 83.791723	 83.777363	 83.763589	 83.750382	 83.737722	 83.725591	 83.713969	  83.70284	 83.692186	  83.68199	 83.672235	 83.662905	 83.653985	 83.645459	 83.637313	 83.629533	 83.622104	 83.615012	 83.608246	 83.601792	 83.595638	 83.589772	 83.584182	 83.578858	 83.573788	 83.568963	 83.564372	 83.560005	 83.555854	 83.551908	 83.548161	 83.544602	 83.541225	 83.538021	 83.534983	 83.532104	 83.529377	 83.526796	 83.524354	 83.522045	 83.519863	 83.517804	 83.515861	  83.51403	 83.512306	 83.510684	 83.509161	 83.507731	 83.506392	  83.50514	  83.50397	  83.50288	 83.501867	 83.500928	 83.500061	 83.499262	 83.498529	 83.497861	 83.497255	  83.49671	 83.496224	 83.495796	 83.495423	 83.495107	 83.494844	 83.494635	 83.494478	 83.494374	 83.494322	
        99	 98.764683	 98.529441	 98.294347	 98.059476	 97.824901	 97.590695	 97.356933	 97.123687	  96.89103	 96.659032	 96.427765	   96.1973	 95.967706	 95.739053	 95.511408	 95.284837	 95.059409	 94.835187	 94.612235	 94.390616	 94.170392	 93.951623	 93.734367	 93.518684	 93.304628	 93.092254	 92.881617	 92.672766	 92.465754	 92.260628	 92.057435	 91.856221	 91.657028	   91.4599	 91.264877	 91.071995	 90.881294	 90.692806	 90.506566	 90.322604	  90.14095	 89.961632	 89.784676	 89.610105	 89.437942	 89.268207	 89.100919	 88.936094	 88.773747	 88.613892	  88.45654	 88.301701	 88.149382	 87.999591	 87.852331	 87.707605	 87.565415	  87.42576	 87.288639	 87.154047	 87.021981	 86.892432	 86.765395	 86.640858	 86.518812	 86.399245	 86.282142	  86.16749	 86.055273	 85.945473	 85.838072	 85.733051	 85.630391	 85.530068	 85.432061	 85.336348	 85.242903	 85.151701	 85.062717	 84.975925	 84.891297	 84.808805	  84.72842	 84.650114	 84.573857	 84.499618	 84.427368	 84.357074	 84.288706	 84.222232	 84.157619	 84.094835	 84.033849	 83.974626	 83.917135	 83.861342	 83.807214	 83.754718	 83.703821	  83.65449	 83.606691	 83.560392	  83.51556	 83.472162	 83.430165	 83.389537	 83.350245	 83.312259	 83.275545	 83.240073	 83.205812	  83.17273	 83.140797	 83.109983	 83.080257	 83.051592	 83.023957	 82.997323	 82.971664	  82.94695	 82.923155	 82.900252	 82.878214	 82.857015	  82.83663	 82.817033	 82.798201	 82.780109	 82.762733	 82.746051	  82.73004	 82.714677	 82.699942	 82.685813	 82.672269	 82.659291	 82.646858	 82.634952	 82.623554	 82.612646	  82.60221	 82.592229	 82.582686	 82.573565	 82.564851	 82.556527	 82.548579	 82.540993	 82.533755	  82.52685	 82.520266	  82.51399	 82.508011	 82.502315	 82.496891	 82.491729	 82.486817	 82.482146	 82.477705	 82.473484	 82.469475	 82.465668	 82.462055	 82.458627	 82.455377	 82.452297	  82.44938	 82.446618	 82.444006	 82.441535	 82.439202	 82.436998	  82.43492	 82.432961	 82.431117	 82.429382	 82.427752	 82.426223	  82.42479	  82.42345	 82.422199	 82.421033	  82.41995	 82.418945	 82.418017	 82.417162	 82.416378	 82.415663	 82.415015	 82.414432	 82.413912	 82.413454	 82.413056	 82.412717	 82.412436	 82.412212	 82.412045	 82.411934	 82.411878	
        99	   98.7494	  98.49888	 98.248518	 97.998392	 97.748583	 97.499167	 97.250223	 97.001828	  96.75406	 96.506995	 96.260709	 96.015276	 95.770771	 95.527267	 95.284837	 95.043553	 94.803483	 94.564699	 94.327267	 94.091255	 93.856728	 93.623751	 93.392386	 93.162694	 92.934736	  92.70857	 92.484252	 92.261838	 92.041381	 91.822933	 91.606543	 91.392261	 91.180132	 90.970201	 90.762511	 90.557103	 90.354016	 90.153287	 89.954951	 89.759042	 89.565591	 89.374627	 89.186178	 89.000269	 88.816925	 88.636166	 88.458013	 88.282483	 88.109593	 87.939356	 87.771785	  87.60689	 87.444679	 87.285159	 87.128334	 86.974209	 86.822785	  86.67406	 86.528033	   86.3847	 86.244056	 86.106095	 85.970807	 85.838182	  85.70821	 85.580877	 85.456169	 85.334071	 85.214565	 85.097634	 84.983258	 84.871417	 84.762088	  84.65525	 84.550879	 84.448949	 84.349435	  84.25231	 84.157547	 84.065118	 83.974994	 83.887144	 83.801539	 83.718147	 83.636937	 83.557877	 83.480934	 83.406075	 83.333267	 83.262475	 83.193666	 83.126805	 83.061858	 82.998789	 82.937564	 82.878147	 82.820504	 82.764599	 82.710396	 82.657861	 82.606958	 82.557652	 82.509908	 82.463691	 82.418967	   82.3757	 82.333857	 82.293404	 82.254306	  82.21653	 82.180043	 82.144813	 82.110806	  82.07799	 82.046334	 82.015807	 81.986377	 81.958014	 81.930688	  81.90437	 81.879029	 81.854638	 81.831169	 81.808593	 81.786884	 81.766015	  81.74596	 81.726693	 81.708189	 81.690423	 81.673372	 81.657012	 81.641319	 81.626272	 81.611849	 81.598028	 81.584788	 81.572108	  81.55997	 81.548354	  81.53724	 81.526611	 81.516448	 81.506735	 81.497454	  81.48859	 81.480126	 81.472047	 81.464339	 81.456985	 81.449974	 81.443291	 81.436923	 81.430857	 81.425081	 81.419583	 81.414353	 81.409378	 81.404648	 81.400154	 81.395884	  81.39183	 81.387982	 81.384332	 81.380871	 81.377591	 81.374484	 81.371543	 81.368761	  81.36613	 81.363645	 81.361298	 81.359085	 81.356999	 81.355035	 81.353187	 81.351452	 81.349823	 81.348297	  81.34687	 81.345538	 81.344296	 81.343142	 81.342072	 81.341084	 81.340174	 81.339339	 81.338578	 81.337888	 81.337267	 81.336713	 81.336225	 81.335801	  81.33544	 81.335141	 81.334902	 81.334724	 81.334606	 81.334547	
        99	 98.734195	 98.468473	 98.202919	 97.937617	 97.672649	 97.408099	  97.14405	 96.880583	 96.617781	 96.355725	 96.094494	 95.834169	 95.574828	 95.316549	 95.059409	 94.803483	 94.548847	 94.295573	 94.043735	 93.793402	 93.544645	 93.297531	 93.052127	 92.808498	 92.566708	 92.326819	  92.08889	  91.85298	 91.619146	 91.387443	 91.157923	 90.930639	 90.705638	 90.482969	 90.262677	 90.044805	 89.829395	 89.616486	 89.406116	 89.198319	  88.99313	 88.790578	 88.590695	 88.393506	 88.199036	 88.007309	 87.818346	 87.632166	 87.448785	 87.268218	 87.090479	 86.915578	 86.743525	 86.574325	 86.407985	 86.244508	 86.083895	 85.926146	 85.771259	 85.619229	 85.470051	 85.323718	 85.180221	 85.039549	  84.90169	 84.766631	 84.634356	 84.504849	 84.378092	 84.254066	  84.13275	 84.014122	  83.89816	  83.78484	 83.674135	  83.56602	 83.460468	  83.35745	 83.256937	 83.158899	 83.063306	 82.970126	 82.879327	 82.790875	 82.704737	  82.62088	 82.539268	 82.459867	 82.382641	 82.307554	 82.234569	 82.163652	 82.094763	 82.027868	 81.962928	 81.899906	 81.838765	 81.779467	 81.721976	 81.666253	 81.612261	 81.559963	 81.509322	 81.460301	 81.412863	 81.366971	 81.322589	 81.279681	 81.238211	 81.198143	 81.159442	 81.122074	 81.086003	 81.051197	  81.01762	  80.98524	 80.954025	 80.923941	 80.894957	 80.867041	 80.840163	 80.814292	 80.789399	 80.765453	 80.742427	 80.720292	 80.699019	 80.678583	 80.658956	 80.640113	 80.622027	 80.604674	 80.588029	  80.57207	 80.556771	 80.542111	 80.528068	 80.514619	 80.501744	 80.489423	 80.477635	  80.46636	 80.455581	 80.445279	 80.435435	 80.426033	 80.417055	 80.408486	  80.40031	 80.392511	 80.385074	 80.377985	  80.37123	 80.364796	  80.35867	 80.352839	 80.347291	 80.342014	 80.336998	  80.33223	 80.327702	 80.323401	  80.31932	 80.315448	 80.311777	 80.308298	 80.305003	 80.301884	 80.298933	 80.296142	 80.293506	 80.291018	  80.28867	 80.286457	 80.284374	 80.282414	 80.280573	 80.278846	 80.277228	 80.275714	 80.274301	 80.272984	  80.27176	 80.270625	 80.269576	 80.268611	 80.267726	 80.266918	 80.266186	 80.265528	  80.26494	 80.264423	 80.263973	  80.26359	 80.263273	  80.26302	 80.262831	 80.262705	 80.262642	
