Time step 61:
        99	        99	        99	        99	        99	        99	        99	        99	        99	        99	        99	        99	        99	        99	        99	        99	        99	        99	        99	        99	        99	        99	        99	        99	        99	        99	        99	        99	        99	        99	        99	        99	        99	        99	        99	        99	        99	        99	        99	        99	        99	        99	        99	        99	        99	        99	        99	        99	        99	        99	        99	        99	        99	        99	        99	        99	        99	        99	        99	        99	        99	        99	        99	        99	        99	        99	        99	        99	        99	        99	        99	        99	        99	        99	        99	        99	        99	        99	        99	        99	        99	        99	        99	        99	        99	        99	        99	        99	        99	        99	        99	        99	        99	        99	        99	        99	        99	        99	        99	        99	        99	        99	        99	        99	        99	        99	        99	        99	        99	        99	        99	        99	        99	        99	        99	        99	        99	        99	        99	        99	        99	        99	        99	        99	        99	        99	        99	        99	        99	        99	        99	        99	        99	        99	        99	        99	        99	        99	        99	        99	        99	        99	        99	        99	        99	        99	        99	        99	        99	        99	        99	        99	        99	        99	        99	        99	        99	        99	        99	        99	        99	        99	        99	        99	        99	        99	        99	        99	        99	        99	        99	        99	        99	        99	        99	        99	        99	        99	        99	        99	        99	        99	        99	        99	        99	        99	        99	        99	        99	        99	        99	        99	        99	        99	        99	        99	        99	        99	        99	        99	
        99	 98.989591	 98.979184	 98.968782	 98.958386	 98.947999	 98.937622	 98.927258	  98.91691	 98.906578	 98.896266	 98.885974	 98.875707	 98.865465	  98.85525	 98.845065	 98.834911	 98.824791	 98.814707	  98.80466	 98.794652	 98.784686	 98.774763	 98.764886	 98.755055	 98.745272	 98.735541	 98.725861	 98.716236	 98.706666	 98.697153	 98.687699	 98.678306	 98.668975	 98.659707	 98.650504	 98.641368	 98.632299	   98.6233	 98.614371	 98.605514	  98.59673	  98.58802	 98.579386	 98.570828	 98.562348	 98.553946	 98.545624	 98.537383	 98.529223	 98.521145	  98.51315	  98.50524	 98.497414	 98.489674	 98.482019	 98.474451	 98.466971	 98.459578	 98.452273	 98.445057	  98.43793	 98.430893	 98.423945	 98.417088	  98.41032	 98.403643	 98.397057	 98.390561	 98.384156	 98.377842	 98.371619	 98.365486	 98.359445	 98.353494	 98.347633	 98.341863	 98.336182	 98.330592	 98.325091	 98.319679	 98.314357	 98.309122	 98.303976	 98.298918	 98.293946	 98.289062	 98.284264	 98.279551	 98.274923	  98.27038	 98.265921	 98.261545	 98.257252	 98.253041	  98.24891	 98.244861	 98.240891	    98.237	 98.233187	 98.229451	 98.225793	 98.222209	 98.218701	 98.215267	 98.211907	 98.208618	 98.205401	 98.202255	 98.199178	  98.19617	  98.19323	 98.190357	  98.18755	 98.184808	  98.18213	 98.179515	 98.176963	 98.174472	 98.172041	 98.169669	 98.167356	 98.165101	 98.162902	 98.160758	  98.15867	 98.156635	 98.154652	 98.152722	 98.150842	 98.149013	 98.147232	   98.1455	 98.143815	 98.142176	 98.140582	 98.139033	 98.137528	 98.136066	 98.134645	 98.133265	 98.131926	 98.130626	 98.129365	 98.128141	 98.126955	 98.125804	 98.124689	 98.123608	 98.122562	 98.121548	 98.120567	 98.119617	 98.118698	  98.11781	 98.116951	 98.116121	  98.11532	 98.114545	 98.113798	 98.113078	 98.112383	 98.111713	 98.111068	 98.110446	 98.109849	 98.109274	 98.108722	 98.108192	 98.107683	 98.107196	 98.106728	 98.106282	 98.105854	 98.105446	 98.105057	 98.104687	 98.104335	    98.104	 98.103683	 98.103383	   98.1031	 98.102834	 98.102584	  98.10235	 98.102131	 98.101929	 98.101741	 98.101569	 98.101412	  98.10127	 98.101142	 98.101029	  98.10093	 98.100846	 98.100775	 98.100719	 98.100677	 98.100649	 98.100635	
        99	 98.979184	 98.958373	  98.93757	 98.916781	 98.896008	 98.875257	 98.854532	 98.833836	 98.813175	 98.792552	 98.771972	 98.751439	 98.730957	  98.71053	 98.690162	 98.669857	 98.649619	 98.629452	  98.60936	 98.589347	 98.569417	 98.549573	  98.52982	  98.51016	 98.490598	 98.471136	 98.451779	  98.43253	 98.413392	 98.394369	 98.375463	 98.356679	 98.338018	 98.319485	 98.301081	  98.28281	 98.264675	 98.246678	 98.228822	  98.21111	 98.193544	 98.176126	 98.158859	 98.141745	 98.124786	 98.107985	 98.091342	 98.074861	 98.058543	 98.042389	 98.026402	 98.010582	 97.994932	 97.979453	 97.964145	 97.949011	 97.934052	 97.919268	  97.90466	  97.89023	 97.875977	 97.861904	  97.84801	 97.834296	 97.820762	  97.80741	 97.794238	 97.781248	  97.76844	 97.755813	 97.743368	 97.731104	 97.719022	 97.707121	 97.695401	 97.683861	 97.672502	 97.661322	 97.650322	 97.639499	 97.628855	 97.618388	 97.608096	  97.59798	 97.588039	 97.578271	 97.568675	 97.559251	 97.549997	 97.540912	 97.531994	 97.523243	 97.514658	 97.506236	 97.497976	 97.489878	 97.481938	 97.474157	 97.466532	 97.459062	 97.451745	  97.44458	 97.437564	 97.430697	 97.423976	   97.4174	 97.410967	 97.404675	 97.398522	 97.392507	 97.386627	 97.380882	 97.375268	 97.369785	 97.364429	   97.3592	 97.354096	 97.349114	 97.344253	  97.33951	 97.334885	 97.330374	 97.325977	 97.321691	 97.317513	 97.313444	  97.30948	 97.305619	  97.30186	 97.298202	 97.294641	 97.291176	 97.287806	 97.284529	 97.281342	 97.278245	 97.275235	  97.27231	 97.269469	  97.26671	 97.264032	 97.261432	  97.25891	 97.256463	  97.25409	 97.251789	 97.249559	 97.247398	 97.245305	 97.243278	 97.241315	 97.239416	 97.237579	 97.235803	 97.234085	 97.232425	 97.230822	 97.229274	  97.22778	 97.226339	 97.224949	 97.223609	 97.222319	 97.221077	 97.219882	 97.218733	 97.217629	 97.216568	 97.215551	 97.214576	 97.213642	 97.212748	 97.211894	 97.211078	   97.2103	 97.209559	 97.208854	 97.208186	 97.207552	 97.206952	 97.206386	 97.205853	 97.205353	 97.204885	 97.204449	 97.204043	 97.203669	 97.203324	  97.20301	 97.202725	  97.20247	 97.202244	 97.202046	 97.201878	 97.201737	 97.201625	 97.201541	 97.201485	 97.201457	
        99	 98.968782	  98.93757	 98.906372	 98.875192	 98.844039	 98.812918	 98.781835	 98.750797	 98.719811	 98.688882	 98.658018	 98.627223	 98.596505	  98.56587	 98.535323	  98.50487	 98.474519	 98.444274	 98.414142	 98.384127	 98.354237	 98.324477	 98.294851	 98.265367	 98.236028	 98.206841	 98.177811	 98.148942	  98.12024	  98.09171	 98.063357	 98.035185	 98.007198	 97.979403	 97.951802	 97.924401	 97.897203	 97.870212	 97.843433	 97.816869	 97.790524	 97.764402	 97.738506	  97.71284	 97.687406	 97.662208	 97.637249	 97.612531	 97.588058	 97.563831	 97.539854	 97.516129	 97.492658	 97.469443	 97.446486	 97.423789	 97.401353	 97.379181	 97.357273	 97.335631	 97.314257	  97.29315	 97.272313	 97.251745	 97.231448	 97.211423	 97.191669	 97.172187	 97.152978	 97.134041	 97.115376	 97.096984	 97.078864	 97.061016	 97.043439	 97.026132	 97.009096	  96.99233	 96.975831	 96.959601	 96.943637	 96.927939	 96.912505	 96.897333	 96.882424	 96.867774	 96.853383	 96.839249	  96.82537	 96.811745	 96.798371	 96.785247	 96.772371	  96.75974	 96.747353	 96.735207	   96.7233	  96.71163	 96.700195	 96.688992	 96.678018	 96.667272	 96.656751	 96.646452	 96.636372	 96.626509	 96.616861	 96.607425	 96.598197	 96.589176	 96.580358	 96.571741	 96.563322	 96.555099	 96.547067	 96.539225	  96.53157	 96.524098	 96.516808	 96.509695	 96.502758	 96.495993	 96.489398	  96.48297	 96.476705	 96.470602	 96.464657	 96.458867	  96.45323	 96.447743	 96.442403	 96.437207	 96.432153	 96.427237	 96.422458	 96.417813	 96.413298	 96.408912	 96.404651	 96.400514	 96.396497	 96.392598	 96.388815	 96.385145	 96.381586	 96.378136	 96.374791	  96.37155	 96.368411	 96.365371	 96.362428	  96.35958	 96.356825	  96.35416	 96.351585	 96.349095	 96.346691	 96.344369	 96.342129	 96.339967	 96.337883	 96.335874	 96.333939	 96.332076	 96.330283	  96.32856	 96.326904	 96.325314	 96.323788	 96.322326	 96.320925	 96.319584	 96.318303	  96.31708	 96.315913	 96.314802	 96.313745	 96.312742	 96.311791	 96.310892	 96.310043	 96.309244	 96.308494	 96.307792	 96.307137	 96.306529	 96.305968	 96.305451	  96.30498	 96.304553	  96.30417	 96.303831	 96.303535	 96.303281	 96.303071	 96.302903	 96.302777	 96.302693	 96.302651	
        99	 98.958386	 98.916781	 98.875192	  98.83363	 98.792102	 98.750617	 98.709183	  98.66781	 98.626505	 98.585277	 98.544134	 98.503084	 98.462137	 98.421299	  98.38058	 98.339987	 98.299528	 98.259211	 98.219044	 98.179035	 98.139191	  98.09952	 98.060029	 98.020725	 97.981617	  97.94271	 97.904012	  97.86553	  97.82727	 97.789239	 97.751444	  97.71389	 97.676584	 97.639532	  97.60274	 97.566214	 97.529958	  97.49398	 97.458283	 97.422873	 97.387755	 97.352934	 97.318414	 97.284201	 97.250297	 97.216708	 97.183437	 97.150488	 97.117865	 97.085571	 97.053609	 97.021983	 96.990696	  96.95975	 96.929148	 96.898893	 96.868986	  96.83943	 96.810226	 96.781378	 96.752885	 96.724749	 96.696973	 96.669556	   96.6425	 96.615806	 96.589474	 96.563505	 96.537898	 96.512655	 96.487775	 96.463258	 96.439104	 96.415312	 96.391881	 96.368812	 96.346102	 96.323752	  96.30176	 96.280125	 96.258845	 96.237918	 96.217345	 96.197121	 96.177247	 96.157719	 96.138535	 96.119694	 96.101194	 96.083031	 96.065204	 96.047709	 96.030545	 96.013708	 95.997195	 95.981005	 95.965133	 95.949577	 95.934333	 95.919399	 95.904772	 95.890447	 95.876422	 95.862693	 95.849257	  95.83611	 95.823249	  95.81067	 95.798369	 95.786344	  95.77459	 95.763103	 95.751881	 95.740918	 95.730212	 95.719759	 95.709554	 95.699594	 95.689876	 95.680395	 95.671148	  95.66213	 95.653339	  95.64477	 95.636419	 95.628283	 95.620358	 95.612641	 95.605126	 95.597812	 95.590693	 95.583767	  95.57703	 95.570478	 95.564107	 95.557915	 95.551897	  95.54605	  95.54037	 95.534855	   95.5295	 95.524303	 95.519261	 95.514369	 95.509624	 95.505025	 95.500566	 95.496246	 95.492062	 95.488009	 95.484086	  95.48029	 95.476617	 95.473065	 95.469632	 95.466314	 95.463108	 95.460014	 95.457027	 95.454145	 95.451367	 95.448689	  95.44611	 95.443626	 95.441237	  95.43894	 95.436732	 95.434613	 95.432579	 95.430629	 95.428762	 95.426975	 95.425267	 95.423636	 95.422081	   95.4206	 95.419191	 95.417854	 95.416586	 95.415388	 95.414256	 95.413191	 95.412191	 95.411256	 95.410383	 95.409573	 95.408824	 95.408136	 95.407507	 95.406938	 95.406428	 95.405975	 95.405581	 95.405243	 95.404962	 95.404738	  95.40457	 95.404458	 95.404402	
        99	 98.947999	 98.896008	 98.844039	 98.792102	 98.740208	 98.688368	 98.636592	 98.584891	 98.533276	 98.481757	 98.430344	 98.379048	 98.327879	 98.276848	 98.225965	 98.175239	 98.124681	 98.074301	 98.024108	 97.974112	 97.924322	 97.874749	 97.825401	 97.776287	 97.727416	 97.678798	  97.63044	 97.582352	 97.534542	 97.487019	 97.439789	 97.392861	 97.346243	 97.299943	 97.253967	 97.208323	 97.163018	 97.118059	 97.073452	 97.029203	 96.985319	 96.941806	  96.89867	 96.855916	  96.81355	 96.771576	     96.73	 96.688827	 96.648061	 96.607706	 96.567766	 96.528246	 96.489149	 96.450479	 96.412238	 96.374431	 96.337059	 96.300125	 96.263632	 96.227582	 96.191977	 96.156819	 96.122109	 96.087849	  96.05404	 96.020682	 95.987778	 95.955326	 95.923328	 95.891784	 95.860693	 95.830056	 95.799873	 95.770142	 95.740863	 95.712035	 95.683657	 95.655728	 95.628247	 95.601211	 95.574619	 95.548469	  95.52276	 95.497489	 95.472653	 95.448251	 95.424279	 95.400735	 95.377617	  95.35492	 95.332643	 95.310781	 95.289332	 95.268293	 95.247659	 95.227427	 95.207593	 95.188154	 95.169106	 95.150444	 95.132165	 95.114265	 95.096739	 95.079583	 95.062793	 95.046364	 95.030293	 95.014574	 94.999203	 94.984176	 94.969488	 94.955135	 94.941111	 94.927412	 94.914033	  94.90097	 94.888219	 94.875773	 94.863629	 94.851781	 94.840226	 94.828958	 94.817972	 94.807264	 94.796829	 94.786662	 94.776759	 94.767114	 94.757724	 94.748584	 94.739689	 94.731034	 94.722615	 94.714427	 94.706466	 94.698728	 94.691208	 94.683902	 94.676804	 94.669913	 94.663222	 94.656727	 94.650426	 94.644313	 94.638384	 94.632636	 94.627065	 94.621667	 94.616437	 94.611374	 94.606471	 94.601727	 94.597138	 94.592699	 94.588409	 94.584262	 94.580257	  94.57639	 94.572658	 94.569057	 94.565585	 94.562238	 94.559015	 94.555912	 94.552926	 94.550056	 94.547297	 94.544649	 94.542107	 94.539671	 94.537338	 94.535105	  94.53297	 94.530932	 94.528989	 94.527138	 94.525378	 94.523707	 94.522123	 94.520625	 94.519211	  94.51788	 94.516631	 94.515461	 94.514371	 94.513358	 94.512423	 94.511563	 94.510777	 94.510066	 94.509428	 94.508863	  94.50837	 94.507948	 94.507597	 94.507317	 94.507107	 94.506967	 94.506897	
        99	 98.937622	 98.875257	 98.812918	 98.750617	 98.688368	 98.626183	 98.564076	 98.502058	 98.440143	 98.378344	 98.316672	  98.25514	 98.193761	 98.132547	  98.07151	 98.010662	 97.950016	 97.889582	 97.829373	 97.769401	 97.709676	  97.65021	 97.591015	 97.532101	 97.473478	 97.415158	 97.357151	 97.299468	 97.242118	 97.185111	 97.128456	 97.072165	 97.016244	 96.960705	 96.905555	 96.850803	 96.796457	 96.742527	 96.689018	  96.63594	   96.5833	 96.531104	  96.47936	 96.428075	 96.377254	 96.326905	 96.277033	 96.227644	 96.178743	 96.130335	 96.082426	  96.03502	 95.988121	 95.941734	 95.895863	 95.850511	 95.805682	 95.761378	 95.717603	  95.67436	  95.63165	 95.589476	  95.54784	 95.506744	 95.466188	 95.426174	 95.386703	 95.347776	 95.309393	 95.271554	  95.23426	  95.19751	 95.161303	  95.12564	 95.090518	 95.055938	 95.021897	 94.988395	  94.95543	 94.922999	 94.891101	 94.859733	 94.828894	  94.79858	 94.768788	 94.739516	 94.710761	 94.682519	 94.654788	 94.627562	  94.60084	 94.574616	 94.548887	 94.523649	 94.498897	 94.474628	 94.450837	 94.427519	  94.40467	 94.382284	 94.360358	 94.338885	 94.317862	 94.297283	 94.277142	 94.257436	 94.238157	 94.219302	 94.200864	 94.182838	 94.165219	 94.148002	 94.131179	 94.114747	 94.098699	 94.083029	 94.067733	 94.052804	 94.038236	 94.024025	 94.010163	 93.996646	 93.983469	 93.970624	 93.958106	 93.945911	 93.934032	 93.922463	 93.911199	 93.900235	 93.889564	 93.879183	 93.869084	 93.859262	 93.849713	  93.84043	  93.83141	 93.822645	 93.814132	 93.805865	 93.797839	 93.790049	 93.782489	 93.775157	 93.768045	  93.76115	 93.754467	 93.747992	 93.741719	 93.735645	 93.729764	 93.724074	 93.718568	 93.713244	 93.708097	 93.703124	 93.698319	  93.69368	 93.689203	 93.684884	 93.680719	 93.676705	 93.672838	 93.669116	 93.665535	 93.662091	 93.658782	 93.655605	 93.652557	 93.649634	 93.646835	 93.644157	 93.641596	 93.639152	  93.63682	   93.6346	 93.632489	 93.630484	 93.628584	 93.626788	 93.625092	 93.623495	 93.621996	 93.620594	 93.619286	 93.618071	 93.616949	 93.615917	 93.614975	 93.614122	 93.613357	 93.612679	 93.612087	 93.611581	  93.61116	 93.610824	 93.610572	 93.610405	 93.610321	
        99	 98.927258	 98.854532	 98.781835	 98.709183	 98.636592	 98.564076	  98.49165	 98.419328	 98.347126	 98.275059	 98.203141	 98.131386	 98.059809	 97.988425	 97.917247	  97.84629	 97.775567	 97.705093	 97.634881	 97.564944	 97.495296	 97.425951	  97.35692	 97.288218	 97.219855	 97.151846	 97.084202	 97.016934	 96.950056	 96.883577	  96.81751	 96.751866	 96.686655	 96.621888	 96.557575	 96.493726	 96.430352	 96.367461	 96.305062	 96.243165	 96.181779	 96.120911	 96.060571	 96.000764	   95.9415	 95.882786	 95.824628	 95.767033	 95.710007	 95.653557	 95.597688	 95.542406	 95.487715	 95.433621	 95.380129	 95.327242	 95.274964	   95.2233	 95.172252	 95.121824	 95.072019	 95.022838	 94.974284	 94.926359	 94.879066	 94.832404	 94.786375	  94.74098	  94.69622	 94.652095	 94.608604	 94.565748	 94.523526	 94.481937	 94.440981	 94.400655	 94.360959	  94.32189	 94.283448	 94.245629	 94.208431	 94.171852	 94.135889	 94.100538	 94.065797	 94.031662	 93.998129	 93.965195	 93.932856	 93.901107	 93.869945	 93.839364	  93.80936	 93.779929	 93.751066	 93.722764	  93.69502	 93.667828	 93.641182	 93.615077	 93.589508	 93.564468	 93.539952	 93.515954	 93.492467	 93.469486	 93.447005	 93.425017	 93.403516	 93.382495	 93.361949	  93.34187	 93.322253	  93.30309	 93.284376	 93.266103	 93.248265	 93.230856	 93.213868	 93.197295	 93.181131	 93.165368	 93.150001	 93.135022	 93.120425	 93.106203	  93.09235	  93.07886	 93.065725	 93.052939	 93.040495	 93.028389	 93.016612	 93.005158	 92.994023	 92.983198	 92.972679	 92.962458	  92.95253	  92.94289	  92.93353	 92.924445	  92.91563	 92.907079	 92.898786	 92.890746	 92.882953	 92.875401	 92.868086	 92.861003	 92.854145	 92.847509	 92.841089	 92.834881	 92.828879	 92.823079	 92.817476	 92.812066	 92.806845	 92.801808	 92.796951	  92.79227	 92.787762	 92.783421	 92.779244	 92.775229	  92.77137	 92.767665	  92.76411	 92.760702	 92.757438	 92.754315	 92.751329	 92.748478	 92.745759	  92.74317	 92.740708	  92.73837	 92.736155	  92.73406	 92.732082	  92.73022	 92.728472	 92.726837	 92.725311	 92.723895	 92.722586	 92.721383	 92.720285	  92.71929	 92.718398	 92.717607	 92.716917	 92.716327	 92.715836	 92.715444	  92.71515	 92.714955	 92.714857	
        99	  98.91691	 98.833836	 98.750797	  98.66781	 98.584891	 98.502058	 98.419328	 98.336718	 98.254244	 98.171924	 98.089774	 98.007811	 97.926051	 97.844511	 97.763207	 97.682155	 97.601371	  97.52087	 97.440669	 97.360783	 97.281227	 97.202016	 97.123165	 97.044688	   96.9666	 96.888915	 96.811647	  96.73481	 96.658417	  96.58248	 96.507014	 96.432031	 96.357543	 96.283561	 96.210099	 96.137167	 96.064776	 95.992938	 95.921662	 95.850959	  95.78084	 95.711313	 95.642387	 95.574073	 95.506377	  95.43931	 95.372878	 95.307089	  95.24195	 95.177469	 95.113652	 95.050505	 94.988034	 94.926244	 94.865141	  94.80473	 94.745016	 94.686001	 94.627691	 94.570089	 94.513197	 94.457019	 94.401558	 94.346816	 94.292793	 94.239493	 94.186916	 94.135063	 94.083935	 94.033532	 93.983854	 93.934901	 93.886672	 93.839167	 93.792383	 93.746321	 93.700977	 93.656351	 93.612439	  93.56924	  93.52675	 93.484967	 93.443887	 93.403507	 93.363823	 93.324832	 93.286529	  93.24891	 93.211969	 93.175704	 93.140108	 93.105177	 93.070905	 93.037286	 93.004316	 92.971989	 92.940297	 92.909237	   92.8788	 92.848982	 92.819775	 92.791172	 92.763168	 92.735756	 92.708928	 92.682678	 92.656998	 92.631882	 92.607322	 92.583311	 92.559841	 92.536906	 92.514498	 92.492609	 92.471232	  92.45036	 92.429984	 92.410098	 92.390693	 92.371763	 92.353299	 92.335294	  92.31774	  92.30063	 92.283957	 92.267712	 92.251888	 92.236478	 92.221474	 92.206869	 92.192656	 92.178826	 92.165374	 92.152291	 92.139571	 92.127207	 92.115191	 92.103516	 92.092176	 92.081164	 92.070472	 92.060096	 92.050027	 92.040259	 92.030786	 92.021602	   92.0127	 92.004074	 91.995718	 91.987627	 91.979794	 91.972214	 91.964881	 91.957789	 91.950933	 91.944308	 91.937908	 91.931729	 91.925765	 91.920011	 91.914463	 91.909117	 91.903966	 91.899008	 91.894237	  91.88965	 91.885243	  91.88101	  91.87695	 91.873057	 91.869329	 91.865761	  91.86235	 91.859094	 91.855989	 91.853031	 91.850219	 91.847548	 91.845018	 91.842624	 91.840365	 91.838239	 91.836242	 91.834374	 91.832631	 91.831013	 91.829518	 91.828144	 91.826889	 91.825753	 91.824734	 91.823831	 91.823043	 91.822368	 91.821808	  91.82136	 91.821025	 91.820801	  91.82069	
        99	 98.906578	 98.813175	 98.719811	 98.626505	 98.533276	 98.440143	 98.347126	 98.254244	 98.161516	  98.06896	 97.976595	  97.88444	 97.792515	 97.700836	 97.609422	 97.518292	 97.427463	 97.336953	 97.246779	  97.15696	 97.067512	 96.978451	 96.889796	 96.801561	 96.713763	 96.626419	 96.539544	 96.453152	  96.36726	 96.281882	 96.197032	 96.112725	 96.028975	 95.945795	 95.863198	 95.781197	 95.699805	 95.619034	 95.538896	 95.459402	 95.380564	 95.302391	 95.224896	 95.148087	 95.071974	 94.996567	 94.921875	 94.847906	 94.774668	 94.702169	 94.630417	 94.559418	 94.489179	 94.419706	 94.351006	 94.283083	 94.215943	 94.149591	  94.08403	 94.019266	   93.9553	 93.892137	  93.82978	 93.768231	 93.707491	 93.647563	 93.588449	 93.530149	 93.472663	 93.415993	 93.360138	 93.305098	 93.250872	  93.19746	 93.144859	 93.093069	 93.042087	 92.991912	  92.94254	 92.893969	 92.846196	 92.799218	  92.75303	 92.707629	 92.663011	 92.619172	 92.576106	 92.533809	 92.492276	 92.451501	 92.411479	 92.372204	 92.333671	 92.295872	 92.258803	 92.222455	 92.186824	 92.151901	  92.11768	 92.084153	 92.051315	 92.019156	  91.98767	 91.956849	 91.926685	 91.897171	 91.868298	 91.840059	 91.812445	 91.785448	 91.759061	 91.733274	 91.708079	 91.683469	 91.659434	 91.635966	 91.613057	 91.590698	 91.568881	 91.547596	 91.526837	 91.506593	 91.486857	 91.467619	 91.448872	 91.430607	 91.412816	  91.39549	  91.37862	 91.362199	 91.346219	  91.33067	 91.315545	 91.300835	 91.286534	 91.272632	 91.259122	 91.245995	 91.233245	 91.220864	 91.208843	 91.197176	 91.185855	 91.174872	 91.164222	 91.153895	 91.143887	 91.134188	 91.124794	 91.115696	  91.10689	 91.098367	 91.090122	 91.082148	  91.07444	 91.066991	 91.059795	 91.052847	 91.046142	 91.039673	 91.033435	 91.027424	 91.021633	 91.016058	 91.010694	 91.005537	 91.000581	 90.995823	 90.991257	 90.986881	 90.982688	 90.978677	 90.974843	 90.971181	  90.96769	 90.964365	 90.961202	   90.9582	 90.955355	 90.952664	 90.950124	 90.947733	 90.945488	 90.943387	 90.941428	 90.939609	 90.937928	 90.936383	 90.934972	 90.933695	 90.932549	 90.931533	 90.930647	 90.929889	 90.929259	 90.928756	 90.928379	 90.928127	 90.928002	
        99	 98.896266	 98.792552	 98.688882	 98.585277	 98.481757	 98.378344	 98.275059	 98.171924	  98.06896	 97.966187	 97.863627	   97.7613	 97.659226	 97.557428	 97.455923	 97.354734	 97.253878	 97.153378	  97.05325	 96.953516	 96.854194	 96.755303	 96.656861	 96.558886	 96.461397	 96.364412	 96.267946	 96.172019	 96.076645	 95.981843	 95.887627	 95.794014	 95.701019	 95.608657	 95.516942	  95.42589	 95.335514	 95.245827	 95.156842	 95.068574	 94.981033	 94.894231	 94.808181	 94.722894	  94.63838	 94.554649	 94.471712	 94.389578	 94.308255	 94.227754	 94.148081	 94.069245	 93.991252	 93.914111	 93.837827	 93.762407	 93.687856	 93.614179	 93.541382	 93.469468	 93.398442	 93.328307	 93.259066	 93.190722	 93.123278	 93.056735	 92.991095	  92.92636	 92.862529	 92.799603	 92.737582	 92.676467	 92.616255	 92.556947	  92.49854	 92.441033	 92.384424	  92.32871	 92.273888	 92.219956	  92.16691	 92.114745	 92.063459	 92.013047	 91.963504	 91.914825	 91.867005	 91.820039	 91.773921	 91.728646	 91.684206	 91.640596	 91.597809	 91.555838	 91.514676	 91.474317	 91.434752	 91.395974	 91.357976	 91.320748	 91.284285	 91.248576	 91.213615	 91.179392	 91.145898	 91.113126	 91.081066	  91.04971	 91.019048	 90.989071	 90.959771	 90.931137	 90.903162	 90.875835	 90.849147	 90.823088	  90.79765	 90.772823	 90.748598	 90.724964	 90.701912	 90.679434	 90.657519	 90.636158	 90.615342	 90.595061	 90.575306	 90.556067	 90.537335	 90.519102	 90.501357	 90.484092	 90.467297	 90.450964	 90.435084	 90.419647	 90.404646	  90.39007	 90.375913	 90.362165	 90.348817	 90.335862	 90.323291	 90.311097	  90.29927	 90.287804	 90.276691	 90.265922	  90.25549	 90.245389	  90.23561	 90.226146	 90.216991	 90.208137	 90.199578	 90.191306	 90.183317	 90.175602	 90.168156	 90.160973	 90.154047	 90.147372	 90.140942	 90.134752	 90.128796	 90.123069	 90.117567	 90.112283	 90.107213	 90.102353	 90.097699	 90.093244	 90.088987	 90.084921	 90.081044	 90.077352	 90.073841	 90.070507	 90.067348	 90.064359	 90.061539	 90.058884	 90.056392	 90.054059	 90.051884	 90.049864	 90.047997	 90.046282	 90.044715	 90.043297	 90.042024	 90.040897	 90.039913	 90.039071	 90.038371	 90.037812	 90.037394	 90.037115	 90.036975	
        99	 98.885974	 98.771972	 98.658018	 98.544134	 98.430344	 98.316672	 98.203141	 98.089774	 97.976595	 97.863627	 97.750892	 97.638413	 97.526214	 97.414316	 97.302742	 97.191514	 97.080653	 96.970182	 96.860122	 96.750493	 96.641318	 96.532616	 96.424408	 96.316714	 96.209553	 96.102946	 95.996911	 95.891466	 95.786632	 95.682424	 95.578862	 95.475961	 95.373741	 95.272216	 95.171403	 95.071317	 94.971975	 94.873391	 94.775579	 94.678553	 94.582328	 94.486915	 94.392329	  94.29858	 94.205682	 94.113644	 94.022479	 93.932197	 93.842807	 93.754319	 93.666742	 93.580085	 93.494356	 93.409561	  93.32571	 93.242807	  93.16086	 93.079874	 92.999855	 92.920807	 92.842735	 92.765642	 92.689532	 92.614408	 92.540273	 92.467129	 92.394977	 92.323819	 92.253656	 92.184488	 92.116314	 92.049136	 91.982951	 91.917759	 91.853558	 91.790346	  91.72812	 91.666879	 91.606619	 91.547336	 91.489027	 91.431688	 91.375314	 91.319901	 91.265443	 91.211934	 91.159371	 91.107745	 91.057052	 91.007285	 90.958437	   90.9105	 90.863468	 90.817334	 90.772089	 90.727725	 90.684235	 90.641611	 90.599842	 90.558922	 90.518841	  90.47959	  90.44116	 90.403542	 90.366726	 90.330702	 90.295462	 90.260995	 90.227291	  90.19434	 90.162133	 90.130659	 90.099908	  90.06987	 90.040535	 90.011891	  89.98393	  89.95664	 89.930011	 89.904032	 89.878694	 89.853986	 89.829897	 89.806417	 89.783535	 89.761242	 89.739527	  89.71838	  89.69779	 89.677747	 89.658242	 89.639264	 89.620804	  89.60285	 89.585394	 89.568426	 89.551937	 89.535915	 89.520353	 89.505241	  89.49057	 89.476329	 89.462511	 89.449107	 89.436108	 89.423504	 89.411288	 89.399451	 89.387984	  89.37688	 89.366131	 89.355729	 89.345665	 89.335933	 89.326525	 89.317433	 89.308651	 89.300171	 89.291986	 89.284091	 89.276477	  89.26914	 89.262072	 89.255268	 89.248721	 89.242426	 89.236378	  89.23057	 89.224997	 89.219655	 89.214539	 89.209642	 89.204962	 89.200494	 89.196232	 89.192173	 89.188314	  89.18465	 89.181177	 89.177892	 89.174792	 89.171874	 89.169134	  89.16657	 89.164179	 89.161959	 89.159907	 89.158021	 89.156299	  89.15474	 89.153341	 89.152102	  89.15102	 89.150095	 89.149326	 89.148711	 89.148251	 89.147945	 89.147791	
        99	 98.875707	 98.751439	 98.627223	 98.503084	 98.379048	  98.25514	 98.131386	 98.007811	  97.88444	   97.7613	 97.638413	 97.515807	 97.393504	  97.27153	 97.149909	 97.028665	 96.907822	 96.787403	 96.667432	 96.547932	 96.428926	 96.310435	 96.192484	 96.075092	 95.958282	 95.842075	 95.726492	 95.611552	 95.497277	 95.383686	 95.270798	 95.158632	 95.047207	  94.93654	 94.826649	 94.717551	 94.609264	 94.501802	 94.395182	  94.28942	  94.18453	 94.080525	 93.977422	 93.875231	 93.773968	 93.673643	 93.574269	 93.475856	 93.378417	 93.281961	 93.186498	 93.092038	 92.998589	 92.906159	 92.814757	 92.724389	 92.635063	 92.546785	  92.45956	 92.373394	 92.288291	 92.204256	 92.121293	 92.039405	 91.958594	 91.878864	 91.800215	 91.722649	 91.646168	 91.570771	 91.496459	 91.423231	 91.351087	 91.280024	 91.210042	 91.141138	 91.073309	 91.006554	 90.940867	 90.876246	 90.812687	 90.750184	 90.688734	 90.628331	 90.568969	 90.510642	 90.453346	 90.397072	 90.341814	 90.287565	 90.234318	 90.182065	 90.130798	 90.080509	  90.03119	 89.982832	 89.935426	 89.888963	 89.843433	 89.798828	 89.755138	 89.712353	 89.670462	 89.629456	 89.589325	 89.550058	 89.511644	 89.474073	 89.437334	 89.401417	  89.36631	 89.332002	 89.298482	 89.265739	 89.233762	 89.202539	  89.17206	 89.142312	 89.113285	 89.084968	 89.057348	 89.030414	 89.004156	 88.978562	  88.95362	  88.92932	 88.905649	 88.882598	 88.860154	 88.838306	 88.817045	 88.796358	 88.776235	 88.756665	 88.737637	 88.719141	 88.701167	 88.683703	  88.66674	 88.650267	 88.634274	 88.618751	 88.603689	 88.589078	 88.574908	 88.561169	 88.547853	  88.53495	 88.522451	 88.510347	  88.49863	 88.487291	 88.476321	 88.465713	 88.455457	 88.445547	 88.435974	  88.42673	 88.417809	 88.409202	 88.400903	 88.392905	 88.385201	 88.377784	 88.370648	 88.363786	 88.357193	 88.350862	 88.344788	 88.338965	 88.333387	  88.32805	 88.322949	 88.318077	 88.313432	 88.309008	 88.304801	 88.300807	 88.297021	 88.293441	 88.290062	  88.28688	 88.283894	 88.281099	 88.278493	 88.276073	 88.273836	  88.27178	 88.269903	 88.268204	 88.266679	 88.265328	 88.264149	 88.263141	 88.262302	 88.261632	 88.261131	 88.260796	 88.260629	
        99	 98.865465	 98.730957	 98.596505	 98.462137	 98.327879	 98.193761	 98.059809	 97.926051	 97.792515	 97.659226	 97.526214	 97.393504	 97.261123	 97.129098	 96.997455	  96.86622	 96.735419	 96.605077	  96.47522	 96.345873	  96.21706	 96.088806	 95.961135	 95.834069	 95.707634	 95.581851	 95.456743	 95.332333	 95.208641	 95.085689	 94.963499	  94.84209	 94.721483	 94.601697	 94.482751	 94.364663	 94.247452	 94.131135	  94.01573	 93.901252	 93.787718	 93.675144	 93.563544	 93.452933	 93.343325	 93.234733	  93.12717	 93.020648	 92.915179	 92.810775	 92.707446	 92.605201	 92.504052	 92.404006	 92.305072	 92.207257	 92.110571	 92.015018	 91.920605	 91.827339	 91.735223	 91.644264	 91.554464	 91.465828	 91.378358	 91.292057	 91.206928	  91.12297	 91.040187	 90.958577	 90.878141	 90.798879	  90.72079	 90.643872	 90.568123	 90.493541	 90.420123	 90.347866	 90.276767	 90.206821	 90.138024	 90.070371	 90.003857	 89.938476	 89.874223	  89.81109	 89.749072	 89.688161	 89.628349	  89.56963	 89.511996	 89.455437	 89.399945	 89.345513	 89.292129	 89.239786	 89.188474	 89.138182	 89.088901	  89.04062	  88.99333	 88.947019	 88.901676	 88.857291	 88.813853	  88.77135	 88.729771	 88.689104	 88.649338	 88.610461	  88.57246	 88.535325	 88.499043	 88.463602	  88.42899	 88.395195	 88.362204	 88.330005	 88.298586	 88.267935	 88.238039	 88.208886	 88.180464	 88.152761	 88.125764	 88.099461	  88.07384	 88.048889	 88.024596	 88.000948	 87.977934	 87.955543	 87.933762	 87.912579	 87.891983	 87.871963	 87.852508	 87.833605	 87.815243	 87.797413	 87.780102	 87.763301	 87.746998	 87.731182	 87.715844	 87.700974	  87.68656	 87.672594	 87.659065	 87.645964	 87.633281	 87.621008	 87.609134	 87.597651	 87.586551	 87.575823	 87.565461	 87.555456	   87.5458	 87.536484	 87.527501	 87.518844	 87.510505	 87.502477	 87.494753	 87.487325	 87.480189	 87.473336	 87.466762	 87.460459	 87.454422	 87.448645	 87.443123	  87.43785	 87.432822	 87.428034	  87.42348	 87.419156	 87.415059	 87.411183	 87.407526	 87.404082	  87.40085	 87.397825	 87.395004	 87.392384	 87.389963	 87.387738	 87.385707	 87.383867	 87.382217	 87.380754	 87.379478	 87.378387	 87.377479	 87.376754	 87.376211	 87.375849	 87.375668	
        99	  98.85525	  98.71053	  98.56587	 98.421299	 98.276848	 98.132547	 97.988425	 97.844511	 97.700836	 97.557428	 97.414316	  97.27153	 97.129098	 96.987049	 96.845411	 96.704212	 96.563479	 96.423242	 96.283525	 96.144357	 96.005764	 95.867772	 95.730407	 95.593695	 95.457659	 95.322326	  95.18772	 95.053863	  94.92078	 94.788494	 94.657026	 94.526399	 94.396635	 94.267753	 94.139776	 94.012723	 93.886612	 93.761464	 93.637296	 93.514127	 93.391973	 93.270852	 93.150778	 93.031769	 92.913839	 92.797002	 92.681272	 92.566663	 92.453186	 92.340855	  92.22968	 92.119673	 92.010844	 91.903202	 91.796756	 91.691515	 91.587487	  91.48468	 91.383099	 91.282751	 91.183642	 91.085776	 90.989158	 90.893792	 90.799681	 90.706828	 90.615235	 90.524903	 90.435834	 90.348028	 90.261485	 90.176205	 90.092187	 90.009428	 89.927928	 89.847684	 89.768692	 89.690949	 89.614451	 89.539195	 89.465174	 89.392385	 89.320821	 89.250476	 89.181344	 89.113418	 89.046691	 88.981155	 88.916802	 88.853625	 88.791614	 88.730761	 88.671057	 88.612491	 88.555054	 88.498737	 88.443529	 88.389418	 88.336396	 88.284449	 88.233568	 88.183741	 88.134956	 88.087201	 88.040465	 87.994735	 87.949999	 87.906244	 87.863459	  87.82163	 87.780744	  87.74079	 87.701753	 87.663621	 87.626381	  87.59002	 87.554524	  87.51988	 87.486076	 87.453098	 87.420932	 87.389566	 87.358986	 87.329179	 87.300132	 87.271832	 87.244266	  87.21742	 87.191283	  87.16584	 87.141079	 87.116987	 87.093552	 87.070761	 87.048602	 87.027062	 87.006129	 86.985791	 86.966035	 86.946851	 86.928226	 86.910149	 86.892608	 86.875592	 86.859089	  86.84309	 86.827582	 86.812555	 86.797999	 86.783903	 86.770258	 86.757052	 86.744277	 86.731922	 86.719979	 86.708437	 86.697289	 86.686524	 86.676134	 86.666111	 86.656446	 86.647132	  86.63816	 86.629522	 86.621211	  86.61322	 86.605542	 86.598169	 86.591095	 86.584313	 86.577818	 86.571603	 86.565661	 86.559989	 86.554579	 86.549427	 86.544527	 86.539875	 86.535467	 86.531297	 86.527362	 86.523657	 86.520179	 86.516924	 86.513889	  86.51107	 86.508465	 86.506071	 86.503886	 86.501906	 86.500131	 86.498557	 86.497184	  86.49601	 86.495033	 86.494253	 86.493669	  86.49328	 86.493085	
        99	 98.845065	 98.690162	 98.535323	  98.38058	 98.225965	  98.07151	 97.917247	 97.763207	 97.609422	 97.455923	 97.302742	 97.149909	 96.997455	 96.845411	 96.693806	 96.542672	 96.392038	 96.241932	 96.092385	 95.943424	 95.795079	 95.647378	 95.500347	 95.354015	 95.208408	 95.063553	 94.919475	 94.776199	 94.633752	 94.492158	 94.351439	 94.211621	 94.072726	 93.934776	 93.797794	 93.661801	 93.526817	 93.392863	 93.259958	 93.128122	 92.997373	 92.867729	 92.739207	 92.611824	 92.485596	 92.360538	 92.236665	 92.113991	  91.99253	 91.872295	 91.753298	  91.63555	 91.519063	 91.403847	 91.289911	 91.177265	 91.065918	 90.955876	 90.847148	 90.739739	 90.633656	 90.528904	 90.425488	 90.323412	 90.222679	 90.123292	 90.025254	 89.928566	  89.83323	 89.739246	 89.646614	 89.555333	 89.465403	 89.376821	 89.289586	 89.203695	 89.119145	 89.035932	 88.954052	   88.8735	 88.794271	  88.71636	 88.639761	 88.564466	  88.49047	 88.417764	 88.346342	 88.276195	 88.207314	 88.139692	 88.073317	 88.008183	 87.944277	  87.88159	 87.820112	 87.759832	 87.700739	 87.642822	 87.586068	 87.530467	 87.476006	 87.422672	 87.370455	  87.31934	 87.269315	 87.220367	 87.172483	  87.12565	 87.079854	 87.035082	 86.991319	 86.948553	  86.90677	 86.865955	 86.826094	 86.787174	 86.749181	   86.7121	 86.675917	 86.640618	 86.606189	 86.572616	 86.539884	  86.50798	  86.47689	 86.446598	 86.417093	 86.388358	 86.360381	 86.333148	 86.306645	 86.280858	 86.255774	 86.231379	 86.207661	 86.184605	 86.162199	  86.14043	 86.119285	 86.098751	 86.078815	 86.059466	 86.040691	 86.022477	 86.004813	 85.987688	 85.971089	 85.955005	 85.939425	 85.924337	 85.909731	 85.895597	 85.881922	 85.868699	 85.855915	 85.843561	 85.831628	 85.820106	 85.808985	 85.798257	 85.787912	 85.777942	 85.768338	 85.759093	 85.750197	 85.741644	 85.733425	 85.725534	 85.717962	 85.710703	 85.703751	 85.697098	 85.690739	 85.684667	 85.678876	 85.673362	 85.668117	 85.663138	  85.65842	 85.653957	 85.649744	 85.645779	 85.642056	 85.638572	 85.635323	 85.632307	 85.629518	 85.626956	 85.624617	 85.622498	 85.620597	 85.618913	 85.617443	 85.616187	 85.615141	 85.614306	 85.613681	 85.613265	 85.613056	
        99	 98.834911	 98.669857	  98.50487	 98.339987	 98.175239	 98.010662	  97.84629	 97.682155	 97.518292	 97.354734	 97.191514	 97.028665	  96.86622	 96.704212	 96.542672	 96.381633	 96.221127	 96.061185	 95.901837	 95.743115	 95.585048	 95.427667	 95.271001	 95.115079	  94.95993	 94.805581	 94.652061	 94.499397	 94.347614	  94.19674	   94.0468	 93.897819	 93.749822	 93.602832	 93.456872	 93.311967	 93.168137	 93.025404	  92.88379	 92.743314	 92.603997	 92.465856	 92.328912	 92.193181	  92.05868	 91.925427	 91.793436	 91.662723	 91.533302	 91.405187	 91.278392	 91.152927	 91.028806	  90.90604	 90.784637	 90.664609	 90.545965	 90.428712	 90.312858	  90.19841	 90.085375	 89.973759	 89.863565	 89.754799	 89.647465	 89.541565	 89.437102	 89.334078	 89.232494	 89.132351	 89.033648	 88.936385	 88.840562	 88.746175	 88.653223	 88.561703	 88.471612	 88.382946	   88.2957	 88.209869	 88.125448	 88.042431	 87.960812	 87.880583	 87.801737	 87.724267	 87.648164	  87.57342	 87.500025	 87.427971	 87.357247	 87.287844	  87.21975	 87.152956	 87.087449	 87.023218	 86.960253	 86.898539	 86.838067	 86.778821	 86.720791	 86.663963	 86.608323	 86.553858	 86.500555	   86.4484	 86.397378	 86.347475	 86.298678	 86.250972	 86.204341	 86.158773	 86.114251	 86.070761	 86.028289	 85.986818	 85.946335	 85.906824	  85.86827	 85.830657	 85.793972	 85.758199	 85.723322	 85.689327	 85.656199	 85.623923	 85.592483	 85.561866	 85.532055	 85.503037	 85.474797	 85.447321	 85.420593	 85.394599	 85.369327	  85.34476	 85.320886	  85.29769	 85.275159	 85.253279	 85.232037	  85.21142	 85.191414	 85.172007	 85.153186	 85.134938	 85.117251	 85.100113	 85.083512	 85.067435	 85.051873	 85.036812	 85.022241	 85.008151	 84.994529	 84.981366	 84.968651	 84.956373	 84.944524	 84.933092	  84.92207	 84.911446	 84.901213	 84.891362	 84.881884	  84.87277	 84.864012	 84.855604	 84.847536	 84.839802	 84.832393	 84.825305	 84.818529	 84.812059	 84.805889	 84.800013	 84.794425	 84.789119	 84.784092	 84.779336	 84.774848	 84.770622	 84.766656	 84.762943	 84.759482	 84.756267	 84.753296	 84.750566	 84.748073	 84.745816	 84.743791	 84.741996	  84.74043	 84.739091	 84.737977	 84.737087	 84.736421	 84.735977	 84.735755	
        99	 98.824791	 98.649619	 98.474519	 98.299528	 98.124681	 97.950016	 97.775567	 97.601371	 97.427463	 97.253878	 97.080653	 96.907822	 96.735419	 96.563479	 96.392038	 96.221127	 96.050782	 95.881035	 95.711919	 95.543467	 95.375711	 95.208682	 95.042413	 94.876933	 94.712273	 94.548463	 94.385532	 94.223509	 94.062422	   93.9023	 93.743168	 93.585055	 93.427985	 93.271984	 93.117078	 92.963289	 92.810643	 92.659161	 92.508865	 92.359778	  92.21192	 92.065312	 91.919973	 91.775922	 91.633176	 91.491754	 91.351672	 91.212947	 91.075592	 90.939624	 90.805056	 90.671901	 90.540171	 90.409879	 90.281034	 90.153649	 90.027731	  89.90329	 89.780335	 89.658871	 89.538907	 89.420448	   89.3035	 89.188067	 89.074153	 88.961762	 88.850895	 88.741556	 88.633745	 88.527462	 88.422709	 88.319484	 88.217786	 88.117614	 88.018964	 87.921834	 87.826221	 87.732119	 87.639525	 87.548432	 87.458836	  87.37073	 87.284108	 87.198961	 87.115282	 87.033063	 86.952295	 86.872969	 86.795075	 86.718604	 86.643545	 86.569887	 86.497619	  86.42673	 86.357207	  86.28904	 86.222214	 86.156718	 86.092538	 86.029661	 85.968074	 85.907762	 85.848711	 85.790908	 85.734337	 85.678984	 85.624835	 85.571874	 85.520085	 85.469454	 85.419966	 85.371604	 85.324353	 85.278197	 85.233121	 85.189108	 85.146143	  85.10421	 85.063292	 85.023375	 84.984441	 84.946474	  84.90946	 84.873381	 84.838222	 84.803967	   84.7706	 84.738106	 84.706468	 84.675671	   84.6457	 84.616539	 84.588173	 84.560586	 84.533764	 84.507692	 84.482354	 84.457736	 84.433824	 84.410603	 84.388059	 84.366178	 84.344946	 84.324349	 84.304374	 84.285007	 84.266236	 84.248048	 84.230429	 84.213367	  84.19685	 84.180866	 84.165403	 84.150448	 84.135992	 84.122022	 84.108527	 84.095497	 84.082921	 84.070789	  84.05909	 84.047816	 84.036956	   84.0265	 84.016441	 84.006768	 83.997474	  83.98855	 83.979988	 83.971779	 83.963917	 83.956394	 83.949202	 83.942336	 83.935788	 83.929551	 83.923621	  83.91799	 83.912654	 83.907607	 83.902844	 83.898359	 83.894149	 83.890209	 83.886536	 83.883124	 83.879971	 83.877073	 83.874428	 83.872032	 83.869883	 83.867978	 83.866316	 83.864895	 83.863713	 83.862769	 83.862061	  83.86159	 83.861355	
