Time step 67:
        99	        99	        99	        99	        99	        99	        99	        99	        99	        99	        99	        99	        99	        99	        99	        99	        99	        99	        99	        99	        99	        99	        99	        99	        99	        99	        99	        99	        99	        99	        99	        99	        99	        99	        99	        99	        99	        99	        99	        99	        99	        99	        99	        99	        99	        99	        99	        99	        99	        99	        99	        99	        99	        99	        99	        99	        99	        99	        99	        99	        99	        99	        99	        99	        99	        99	        99	        99	        99	        99	        99	        99	        99	        99	        99	        99	        99	        99	        99	        99	        99	        99	        99	        99	        99	        99	        99	        99	        99	        99	        99	        99	        99	        99	        99	        99	        99	        99	        99	        99	        99	        99	        99	        99	        99	        99	        99	        99	        99	        99	        99	        99	        99	        99	        99	        99	        99	        99	        99	        99	        99	        99	        99	        99	        99	        99	        99	        99	        99	        99	        99	        99	        99	        99	        99	        99	        99	        99	        99	        99	        99	        99	        99	        99	        99	        99	        99	        99	        99	        99	        99	        99	        99	        99	        99	        99	        99	        99	        99	        99	        99	        99	        99	        99	        99	        99	        99	        99	        99	        99	        99	        99	        99	        99	        99	        99	        99	        99	        99	        99	        99	        99	        99	        99	        99	        99	        99	        99	        99	        99	        99	        99	        99	        99	        99	        99	        99	        99	        99	        99	
        99	 98.990523	 98.981048	 98.971577	 98.962111	 98.952652	 98.943202	 98.933762	 98.924335	 98.914923	 98.905526	 98.896147	 98.886787	 98.877448	 98.868133	 98.858842	 98.849577	  98.84034	 98.831132	 98.821956	 98.812812	 98.803703	  98.79463	 98.785595	 98.776598	 98.767642	 98.758728	 98.749858	 98.741033	 98.732254	 98.723523	 98.714842	  98.70621	 98.697631	 98.689105	 98.680634	 98.672218	 98.663859	 98.655558	 98.647316	 98.639135	 98.631015	 98.622957	 98.614964	 98.607034	  98.59917	 98.591373	 98.583643	 98.575981	 98.568388	 98.560865	 98.553412	 98.546031	 98.538721	 98.531485	 98.524321	 98.517232	 98.510217	 98.503276	 98.496412	 98.489623	  98.48291	 98.476275	 98.469716	 98.463235	 98.456831	 98.450506	 98.444259	  98.43809	 98.431999	 98.425988	 98.420055	 98.414201	 98.408426	  98.40273	 98.397113	 98.391574	 98.386115	 98.380734	 98.375432	 98.370208	 98.365062	 98.359994	 98.355005	 98.350092	 98.345257	 98.340499	 98.335817	 98.331211	 98.326682	 98.322227	 98.317848	 98.313543	 98.309312	 98.305155	 98.301071	  98.29706	 98.293121	 98.289253	 98.285456	 98.281729	 98.278072	 98.274484	 98.270965	 98.267513	 98.264129	 98.260811	 98.257559	 98.254372	  98.25125	 98.248191	 98.245196	 98.242262	  98.23939	 98.236579	 98.233828	 98.231137	 98.228504	 98.225929	 98.223411	 98.220949	 98.218542	 98.216191	 98.213893	 98.211648	 98.209456	 98.207316	 98.205226	 98.203187	 98.201196	 98.199255	 98.197361	 98.195514	 98.193713	 98.191958	 98.190247	  98.18858	 98.186957	 98.185376	 98.183837	 98.182339	 98.180881	 98.179462	 98.178083	 98.176741	 98.175437	  98.17417	 98.172939	 98.171743	 98.170582	 98.169455	 98.168362	 98.167301	 98.166273	 98.165276	  98.16431	 98.163374	 98.162469	 98.161592	 98.160744	 98.159925	 98.159132	 98.158367	 98.157629	 98.156916	 98.156229	 98.155567	  98.15493	 98.154317	 98.153727	 98.153161	 98.152618	 98.152097	 98.151598	 98.151121	 98.150665	  98.15023	 98.149816	 98.149422	 98.149048	 98.148694	  98.14836	 98.148044	 98.147748	  98.14747	 98.147211	 98.146969	 98.146746	 98.146541	 98.146354	 98.146184	 98.146031	 98.145896	 98.145778	 98.145677	 98.145593	 98.145525	 98.145475	 98.145442	 98.145425	
        99	 98.981048	   98.9621	 98.943159	 98.924228	 98.905312	 98.886414	 98.867537	 98.848685	 98.829861	 98.811069	 98.792313	 98.773595	  98.75492	  98.73629	  98.71771	 98.699182	 98.680709	 98.662296	 98.643945	  98.62566	 98.607444	 98.589299	  98.57123	 98.553238	 98.535328	 98.517502	 98.499764	 98.482115	 98.464559	 98.447099	 98.429737	 98.412476	 98.395319	 98.378269	 98.361327	 98.344497	 98.327781	  98.31118	 98.294699	 98.278338	 98.262099	 98.245986	     98.23	 98.214143	 98.198416	 98.182823	 98.167364	 98.152042	 98.136857	 98.121812	 98.106908	 98.092147	  98.07753	 98.063058	 98.048732	 98.034554	 98.020525	 98.006646	 97.992918	 97.979342	 97.965918	 97.952648	 97.939532	 97.926571	 97.913765	 97.901115	 97.888622	 97.876285	 97.864106	 97.852084	 97.840219	 97.828512	 97.816963	 97.805572	 97.794339	 97.783263	 97.772345	 97.761585	 97.750981	 97.740534	 97.730244	  97.72011	 97.710131	 97.700307	 97.690637	 97.681121	 97.671759	 97.662549	  97.65349	 97.644582	 97.635824	 97.627216	 97.618755	 97.610442	 97.602274	 97.594252	 97.586374	 97.578639	 97.571046	 97.563593	  97.55628	 97.549105	 97.542067	 97.535165	 97.528397	 97.521762	 97.515258	 97.508885	 97.502641	 97.496524	 97.490533	 97.484667	 97.478924	 97.473303	 97.467801	 97.462419	 97.457153	 97.452003	 97.446967	 97.442044	 97.437232	 97.432529	 97.427934	 97.423445	 97.419061	 97.414781	 97.410602	 97.406523	 97.402543	  97.39866	 97.394872	 97.391179	 97.387578	 97.384067	 97.380647	 97.377314	 97.374067	 97.370905	 97.367827	 97.364831	 97.361915	 97.359079	  97.35632	 97.353637	  97.35103	 97.348496	 97.346034	 97.343642	 97.341321	 97.339067	  97.33688	 97.334759	 97.332703	 97.330709	 97.328777	 97.326906	 97.325095	 97.323342	 97.321647	 97.320007	 97.318423	 97.316893	 97.315416	 97.313991	 97.312617	 97.311293	 97.310019	 97.308793	 97.307614	 97.306481	 97.305395	 97.304353	 97.303356	 97.302401	  97.30149	  97.30062	 97.299792	 97.299005	 97.298257	 97.297549	  97.29688	 97.296249	 97.295656	 97.295101	 97.294582	   97.2941	 97.293654	 97.293243	 97.292868	 97.292528	 97.292223	 97.291953	 97.291717	 97.291514	 97.291346	 97.291212	 97.291111	 97.291044	 97.291011	
        99	 98.971577	 98.943159	 98.914752	  98.88636	 98.857991	 98.829648	 98.801336	 98.773063	 98.744832	 98.716648	 98.688518	 98.660446	 98.632438	 98.604498	 98.576631	 98.548843	 98.521139	 98.493524	 98.466002	 98.438578	 98.411258	 98.384045	 98.356946	 98.329963	 98.303102	 98.276367	 98.249763	 98.223294	 98.196964	 98.170778	  98.14474	 98.118853	 98.093122	  98.06755	 98.042141	   98.0169	 97.991829	 97.966933	 97.942214	 97.917676	 97.893323	 97.869157	 97.845181	 97.821399	 97.797813	 97.774427	 97.751242	 97.728262	 97.705489	 97.682925	 97.660573	 97.638434	 97.616512	 97.594807	 97.573322	 97.552059	 97.531019	 97.510204	 97.489615	 97.469253	 97.449121	 97.429219	 97.409548	 97.390109	 97.370904	 97.351932	 97.333195	 97.314693	 97.296426	 97.278396	 97.260602	 97.243045	 97.225724	  97.20864	 97.191792	 97.175182	 97.158807	 97.142669	 97.126766	 97.111098	 97.095665	 97.080466	   97.0655	 97.050766	 97.036264	 97.021993	 97.007951	 96.994138	 96.980552	 96.967192	 96.954058	 96.941147	 96.928458	  96.91599	 96.903741	 96.891709	 96.879894	 96.868294	 96.856905	 96.845728	  96.83476	 96.823999	 96.813444	 96.803092	 96.792942	 96.782991	 96.773237	 96.763679	 96.754314	  96.74514	 96.736156	 96.727358	 96.718744	 96.710314	 96.702063	  96.69399	 96.686093	 96.678369	 96.670817	 96.663433	 96.656216	 96.649162	 96.642271	 96.635539	 96.628964	 96.622545	 96.616277	  96.61016	 96.604191	 96.598367	 96.592687	 96.587147	 96.581746	 96.576482	 96.571351	 96.566353	 96.561483	 96.556742	 96.552125	 96.547632	 96.543259	 96.539005	 96.534867	 96.530844	 96.526933	 96.523132	  96.51944	 96.515854	 96.512371	 96.508992	 96.505712	 96.502531	 96.499446	 96.496457	  96.49356	 96.490754	 96.488037	 96.485408	 96.482865	 96.480407	 96.478031	 96.475736	 96.473521	 96.471384	 96.469323	 96.467338	 96.465426	 96.463587	 96.461819	 96.460121	 96.458491	 96.456929	 96.455433	 96.454002	 96.452635	 96.451331	 96.450089	 96.448908	 96.447786	 96.446725	 96.445721	 96.444775	 96.443886	 96.443052	 96.442274	 96.441551	 96.440882	 96.440267	 96.439705	 96.439195	 96.438737	 96.438331	 96.437977	 96.437674	 96.437422	  96.43722	 96.437069	 96.436969	 96.436919	
        99	 98.962111	 98.924228	  98.88636	 98.848514	 98.810696	 98.772913	 98.735174	 98.697484	  98.65985	 98.622281	 98.584782	 98.547361	 98.510025	 98.472779	 98.435632	  98.39859	 98.361659	 98.324847	 98.288159	 98.251602	 98.215183	 98.178908	 98.142782	 98.106813	 98.071007	 98.035368	 97.999904	  97.96462	 97.929521	 97.894614	 97.859904	 97.825395	 97.791094	 97.757006	 97.723136	 97.689488	 97.656068	  97.62288	 97.589929	 97.557219	 97.524755	  97.49254	  97.46058	 97.428877	 97.397437	 97.366262	 97.335356	 97.304722	 97.274364	 97.244286	 97.214489	 97.184978	 97.155754	 97.126821	 97.098181	 97.069836	 97.041789	 97.014041	 96.986596	 96.959453	 96.932616	 96.906086	 96.879864	 96.853951	 96.828349	 96.803059	 96.778081	 96.753417	 96.729068	 96.705032	 96.681312	 96.657908	 96.634818	 96.612045	 96.589586	 96.567444	 96.545616	 96.524103	 96.502903	 96.482018	 96.461445	 96.441183	 96.421233	 96.401593	 96.382261	 96.363237	 96.344518	 96.326105	 96.307994	 96.290185	 96.272676	 96.255465	 96.238551	  96.22193	 96.205602	 96.189564	 96.173814	 96.158349	 96.143169	 96.128269	 96.113648	 96.099304	 96.085233	 96.071433	 96.057902	 96.044637	 96.031635	 96.018894	  96.00641	 95.994181	 95.982204	 95.970476	 95.958994	 95.947756	 95.936757	 95.925996	 95.915469	 95.905173	 95.895105	 95.885262	 95.875641	 95.866239	 95.857052	 95.848078	 95.839314	 95.830756	 95.822402	 95.814247	  95.80629	 95.798527	 95.790954	  95.78357	  95.77637	 95.769352	 95.762513	  95.75585	 95.749359	 95.743038	 95.736884	 95.730894	 95.725065	 95.719394	 95.713879	 95.708515	 95.703302	 95.698236	 95.693313	 95.688533	 95.683891	 95.679385	 95.675014	 95.670773	 95.666661	 95.662676	 95.658814	 95.655073	 95.651452	 95.647948	 95.644558	 95.641281	 95.638113	 95.635054	 95.632101	 95.629253	 95.626506	 95.623859	 95.621311	 95.618859	 95.616503	 95.614239	 95.612066	 95.609984	 95.607989	 95.606082	  95.60426	 95.602521	 95.600865	 95.599291	 95.597797	 95.596381	 95.595043	 95.593782	 95.592596	 95.591486	 95.590449	 95.589485	 95.588593	 95.587773	 95.587023	 95.586343	 95.585733	 95.585193	  95.58472	 95.584316	  95.58398	 95.583711	  95.58351	 95.583376	 95.583309	
        99	 98.952652	 98.905312	 98.857991	 98.810696	 98.763436	 98.716222	  98.66906	 98.621961	 98.574933	 98.527984	 98.481124	 98.434361	 98.387704	  98.34116	  98.29474	  98.24845	   98.2023	 98.156297	  98.11045	 98.064767	 98.019256	 97.973925	 97.928781	 97.883832	 97.839086	 97.794551	 97.750233	  97.70614	  97.66228	 97.618658	 97.575282	 97.532159	 97.489295	 97.446697	 97.404371	 97.362323	 97.320559	 97.279086	 97.237909	 97.197033	 97.156464	 97.116208	 97.076268	 97.036652	 96.997362	 96.958404	 96.919782	 96.881501	 96.843565	 96.805977	 96.768742	 96.731863	 96.695344	 96.659188	 96.623398	 96.587977	 96.552928	 96.518253	 96.483955	 96.450037	   96.4165	 96.383346	 96.350578	 96.318196	 96.286203	 96.254599	 96.223386	 96.192565	 96.162136	 96.132101	 96.102459	 96.073211	 96.044358	 96.015899	 95.987834	 95.960163	 95.932886	 95.906002	 95.879511	 95.853411	 95.827702	 95.802383	 95.777452	 95.752908	 95.728751	 95.704977	 95.681586	 95.658575	 95.635944	 95.613689	 95.591809	 95.570301	 95.549163	 95.528394	 95.507989	 95.487947	 95.468265	  95.44894	  95.42997	  95.41135	 95.393079	 95.375154	  95.35757	 95.340326	 95.323417	  95.30684	 95.290592	  95.27467	  95.25907	 95.243788	 95.228821	 95.214165	 95.199817	 95.185772	 95.172028	  95.15858	 95.145425	 95.132559	 95.119977	 95.107677	 95.095654	 95.083905	 95.072425	 95.061211	 95.050259	 95.039564	 95.029124	 95.018934	  95.00899	 94.999289	 94.989826	 94.980598	 94.971601	 94.962831	 94.954285	 94.945958	 94.937847	 94.929948	 94.922258	 94.914772	 94.907488	 94.900401	 94.893509	 94.886807	 94.880292	  94.87396	 94.867809	 94.861835	 94.856035	 94.850404	 94.844941	 94.839642	 94.834504	 94.829523	 94.824697	 94.820023	 94.815498	 94.811118	 94.806882	 94.802787	 94.798829	 94.795006	 94.791316	 94.787756	 94.784324	 94.781016	 94.777832	 94.774768	 94.771823	 94.768994	 94.766279	 94.763677	 94.761185	 94.758801	 94.756524	 94.754351	 94.752282	 94.750315	 94.748447	 94.746678	 94.745006	  94.74343	 94.741949	 94.740561	 94.739265	  94.73806	 94.736946	 94.735921	 94.734984	 94.734135	 94.733373	 94.732697	 94.732106	 94.731601	 94.731181	 94.730846	 94.730594	 94.730427	 94.730343	
        99	 98.943202	 98.886414	 98.829648	 98.772913	 98.716222	 98.659584	  98.60301	  98.54651	 98.490096	 98.433777	 98.377564	 98.321468	 98.265498	 98.209665	  98.15398	 98.098451	  98.04309	 97.987906	 97.932909	 97.878108	 97.823513	 97.769135	 97.714981	 97.661061	 97.607385	  97.55396	 97.500797	 97.447904	  97.39529	 97.342962	 97.290929	 97.239199	  97.18778	  97.13668	 97.085906	 97.035466	 96.985367	 96.935616	  96.88622	 96.837186	 96.788521	 96.740229	 96.692319	 96.644795	 96.597664	  96.55093	   96.5046	 96.458679	 96.413171	 96.368082	 96.323415	 96.279176	 96.235368	 96.191995	 96.149062	 96.106571	 96.064527	 96.022932	 95.981789	 95.941101	  95.90087	   95.8611	 95.821791	 95.782947	 95.744568	 95.706656	 95.669214	 95.632241	 95.595739	 95.559709	 95.524151	 95.489066	 95.454454	 95.420315	 95.386649	 95.353455	 95.320734	 95.288485	 95.256706	 95.225397	 95.194557	 95.164184	 95.134277	 95.104835	 95.075856	 95.047337	 95.019277	 94.991674	 94.964526	 94.937829	 94.911582	 94.885782	 94.860426	  94.83551	 94.811033	 94.786991	 94.763381	 94.740199	 94.717442	 94.695107	 94.673189	 94.651686	 94.630593	 94.609907	 94.589623	 94.569738	 94.550247	 94.531147	 94.512433	 94.494101	 94.476147	 94.458566	 94.441354	 94.424507	 94.408019	 94.391888	 94.376107	 94.360673	  94.34558	 94.330825	 94.316403	 94.302308	 94.288537	 94.275085	 94.261946	 94.249118	 94.236594	  94.22437	 94.212441	 94.200804	 94.189452	 94.178383	  94.16759	  94.15707	 94.146817	 94.136829	 94.127099	 94.117623	 94.108398	 94.099419	 94.090681	  94.08218	 94.073911	 94.065872	 94.058056	 94.050462	 94.043083	 94.035916	 94.028958	 94.022204	 94.015651	 94.009294	  94.00313	 93.997155	 93.991366	 93.985759	 93.980331	 93.975077	 93.969996	 93.965083	 93.960335	 93.955749	 93.951323	 93.947052	 93.942934	 93.938967	 93.935147	 93.931472	 93.927939	 93.924545	 93.921289	 93.918167	 93.915177	 93.912318	 93.909586	  93.90698	 93.904498	 93.902138	 93.899897	 93.897775	  93.89577	 93.893879	 93.892102	 93.890437	 93.888883	 93.887438	 93.886101	 93.884871	 93.883747	 93.882729	 93.881814	 93.881003	 93.880296	  93.87969	 93.879186	 93.878783	 93.878481	  93.87828	  93.87818	
        99	 98.933762	 98.867537	 98.801336	 98.735174	  98.66906	  98.60301	 98.537033	 98.471144	 98.405354	 98.339676	 98.274121	 98.208702	 98.143431	 98.078319	 98.013379	 97.948622	  97.88406	 97.819705	 97.755568	  97.69166	 97.627992	 97.564576	 97.501422	 97.438541	 97.375945	 97.313642	 97.251644	  97.18996	 97.128601	 97.067577	 97.006896	 96.946569	 96.886605	 96.827013	 96.767801	 96.708978	 96.650553	 96.592534	  96.53493	 96.477746	 96.420993	 96.364676	 96.308803	 96.253381	 96.198417	 96.143917	 96.089888	 96.036335	 95.983264	 95.930681	 95.878591	 95.826999	 95.775911	  95.72533	 95.675262	  95.62571	 95.576678	  95.52817	 95.480189	 95.432739	 95.385823	 95.339443	 95.293602	 95.248302	 95.203545	 95.159333	 95.115667	  95.07255	 95.029982	 94.987964	 94.946497	 94.905581	 94.865216	 94.825404	 94.786143	 94.747433	 94.709274	 94.671664	 94.634604	 94.598092	 94.562127	 94.526706	 94.491829	 94.457494	 94.423699	  94.39044	 94.357717	 94.325527	 94.293867	 94.262733	 94.232124	 94.202036	 94.172466	  94.14341	 94.114865	 94.086828	 94.059293	 94.032259	  94.00572	 93.979673	 93.954113	 93.929036	 93.904437	 93.880313	 93.856658	 93.833469	 93.810739	 93.788464	  93.76664	 93.745262	 93.724324	 93.703821	 93.683749	 93.664101	 93.644874	 93.626061	 93.607658	 93.589659	 93.572058	 93.554851	 93.538031	 93.521594	 93.505535	 93.489847	 93.474525	 93.459564	 93.444959	 93.430703	 93.416792	 93.403221	 93.389983	 93.377074	 93.364487	 93.352219	 93.340263	 93.328614	 93.317267	 93.306217	 93.295459	 93.284987	 93.274796	 93.264883	  93.25524	 93.245865	  93.23675	 93.227893	 93.219288	 93.210931	 93.202816	  93.19494	 93.187297	 93.179884	 93.172695	 93.165728	 93.158977	 93.152438	 93.146107	 93.139981	 93.134055	 93.128325	 93.122788	 93.117441	 93.112278	 93.107298	 93.102496	 93.097869	 93.093415	 93.089129	 93.085009	 93.081051	 93.077253	 93.073612	 93.070126	 93.066791	 93.063606	 93.060567	 93.057672	 93.054919	 93.052307	 93.049832	 93.047493	 93.045289	 93.043216	 93.041274	 93.039462	 93.037776	 93.036217	 93.034783	 93.033473	 93.032285	 93.031218	 93.030273	 93.029447	 93.028741	 93.028153	 93.027683	 93.027332	 93.027097	  93.02698	
        99	 98.924335	 98.848685	 98.773063	 98.697484	 98.621961	  98.54651	 98.471144	 98.395878	 98.320724	 98.245699	 98.170814	 98.096085	 98.021524	 97.947146	 97.872963	 97.798991	  97.72524	 97.651726	 97.578461	 97.505457	 97.432729	 97.360287	 97.288145	 97.216315	  97.14481	  97.07364	 97.002818	 96.932356	 96.862265	 96.792555	 96.723239	 96.654326	 96.585828	 96.517754	 96.450115	 96.382921	 96.316181	 96.249905	 96.184102	  96.11878	  96.05395	 95.989618	 95.925793	 95.862484	 95.799697	 95.737441	 95.675722	 95.614547	 95.553923	 95.493857	 95.434353	 95.375419	  95.31706	 95.259281	 95.202087	 95.145482	 95.089472	 95.034061	 94.979251	 94.925048	 94.871455	 94.818474	 94.766109	 94.714361	 94.663235	 94.612731	 94.562851	 94.513597	 94.464971	 94.416973	 94.369604	 94.322865	 94.276756	 94.231277	 94.186428	 94.142209	 94.098619	 94.055657	 94.013323	 93.971614	  93.93053	 93.890069	 93.850228	 93.811006	 93.772401	  93.73441	  93.69703	 93.660258	 93.624092	 93.588527	 93.553562	 93.519192	 93.485413	 93.452222	 93.419615	 93.387587	 93.356134	 93.325252	 93.294936	 93.265182	 93.235984	 93.207338	 93.179239	 93.151681	  93.12466	  93.09817	 93.072205	 93.046761	 93.021831	  92.99741	 92.973492	 92.950071	 92.927142	 92.904699	 92.882735	 92.861245	 92.840222	 92.819661	 92.799555	 92.779899	 92.760686	  92.74191	 92.723565	 92.705644	 92.688142	 92.671052	 92.654368	 92.638083	 92.622193	  92.60669	 92.591568	 92.576821	 92.562443	 92.548429	 92.534771	 92.521464	 92.508503	  92.49588	 92.483591	 92.471628	 92.459988	 92.448663	 92.437648	 92.426938	 92.416527	 92.406409	  92.39658	 92.387033	 92.377763	 92.368766	 92.360036	 92.351567	 92.343356	 92.335397	 92.327685	 92.320215	 92.312984	 92.305985	 92.299216	 92.292671	 92.286346	 92.280237	  92.27434	 92.268651	 92.263166	 92.257881	 92.252792	 92.247896	 92.243189	 92.238669	  92.23433	 92.230171	 92.226189	 92.222379	  92.21874	 92.215269	 92.211962	 92.208818	 92.205834	 92.203007	 92.200335	 92.197817	 92.195449	 92.193231	  92.19116	 92.189235	 92.187454	 92.185816	 92.184319	 92.182962	 92.181744	 92.180664	 92.179721	 92.178914	 92.178242	 92.177706	 92.177304	 92.177036	 92.176902	
        99	 98.914923	 98.829861	 98.744832	  98.65985	 98.574933	 98.490096	 98.405354	 98.320724	 98.236222	 98.151863	 98.067663	 97.983637	 97.899801	  97.81617	 97.732759	 97.649584	  97.56666	    97.484	 97.401621	 97.319535	 97.237759	 97.156306	 97.075189	 96.994424	 96.914023	    96.834	 96.754368	  96.67514	 96.596329	 96.517948	 96.440008	 96.362523	 96.285503	 96.208961	 96.132908	 96.057355	 95.982312	 95.907792	 95.833802	 95.760355	 95.687459	 95.615125	  95.54336	 95.472175	 95.401578	 95.331577	  95.26218	 95.193395	 95.125229	  95.05769	 94.990785	 94.924519	   94.8589	 94.793933	 94.729624	 94.665978	    94.603	 94.540695	 94.479068	 94.418122	 94.357862	  94.29829	  94.23941	 94.181226	 94.123739	 94.066952	 94.010867	 93.955486	 93.900811	 93.846841	  93.79358	 93.741026	 93.689181	 93.638045	 93.587617	 93.537897	 93.488885	 93.440578	 93.392978	  93.34608	 93.299885	 93.254391	 93.209594	 93.165493	 93.122085	 93.079367	 93.037337	 92.995991	 92.955326	 92.915337	 92.876022	 92.837376	 92.799396	 92.762076	 92.725412	   92.6894	 92.654034	  92.61931	 92.585223	 92.551767	 92.518937	 92.486728	 92.455133	 92.424147	 92.393765	 92.363979	 92.334784	 92.306175	 92.278143	 92.250684	 92.223791	 92.197457	 92.171675	  92.14644	 92.121743	  92.09758	 92.073942	 92.050823	 92.028217	 92.006115	 91.984512	   91.9634	 91.942773	 91.922623	 91.902943	 91.883727	 91.864967	 91.846657	  91.82879	 91.811358	 91.794355	 91.777774	 91.761608	  91.74585	 91.730493	 91.715531	 91.700957	 91.686764	 91.672946	 91.659495	 91.646407	 91.633673	 91.621288	 91.609246	 91.597539	 91.586163	 91.575111	 91.564376	 91.553953	 91.543837	  91.53402	 91.524499	 91.515266	 91.506316	 91.497645	 91.489246	 91.481115	 91.473246	 91.465635	 91.458275	 91.451164	 91.444295	 91.437664	 91.431267	   91.4251	 91.419157	 91.413436	 91.407931	 91.402638	 91.397555	 91.392677	 91.388001	 91.383523	  91.37924	 91.375148	 91.371245	 91.367527	 91.363991	 91.360636	 91.357457	 91.354453	 91.351621	 91.348959	 91.346465	 91.344137	 91.341972	  91.33997	 91.338128	 91.336444	 91.334919	 91.333549	 91.332335	 91.331274	 91.330367	 91.329612	 91.329009	 91.328557	 91.328256	 91.328105	
        99	 98.905526	 98.811069	 98.716648	 98.622281	 98.527984	 98.433777	 98.339676	 98.245699	 98.151863	 98.058187	 97.964686	  97.87138	 97.778284	 97.685416	 97.592793	 97.500431	 97.408348	 97.316558	  97.22508	 97.133929	  97.04312	  96.95267	 96.862595	 96.772909	 96.683627	 96.594766	 96.506338	  96.41836	 96.330844	 96.243806	 96.157258	 96.071214	 95.985688	 95.900692	 95.816238	  95.73234	  95.64901	 95.566258	 95.484097	 95.402537	  95.32159	 95.241266	 95.161575	 95.082528	 95.004133	   94.9264	 94.849338	 94.772956	 94.697262	 94.622263	 94.547968	 94.474384	 94.401517	 94.329374	 94.257962	 94.187286	 94.117353	 94.048166	 93.979732	 93.912055	 93.845139	 93.778987	 93.713604	 93.648993	 93.585157	 93.522098	 93.459819	 93.398321	 93.337606	 93.277676	 93.218532	 93.160174	 93.102603	 93.045819	 92.989821	 92.934609	 92.880183	 92.826542	 92.773683	 92.721606	 92.670309	  92.61979	 92.570045	 92.521073	 92.472871	 92.425435	 92.378763	  92.33285	 92.287693	 92.243288	  92.19963	 92.156716	  92.11454	 92.073098	 92.032385	 91.992395	 91.953124	 91.914565	 91.876713	 91.839562	 91.803106	 91.767339	 91.732254	 91.697846	 91.664108	 91.631032	 91.598613	 91.566843	 91.535716	 91.505224	  91.47536	 91.446117	 91.417488	 91.389466	 91.362042	 91.335209	 91.308961	 91.283289	 91.258185	 91.233642	 91.209653	  91.18621	 91.163304	 91.140928	 91.119075	 91.097737	 91.076905	 91.056573	 91.036732	 91.017375	 90.998494	 90.980081	 90.962129	 90.944631	 90.927578	 90.910963	  90.89478	 90.879019	 90.863674	 90.848739	 90.834204	 90.820064	 90.806312	 90.792939	  90.77994	 90.767307	 90.755034	 90.743113	  90.73154	 90.720306	 90.709405	 90.698831	 90.688579	 90.678641	 90.669012	 90.659686	 90.650656	 90.641918	 90.633466	 90.625294	 90.617397	 90.609769	 90.602406	 90.595303	 90.588454	 90.581855	 90.575502	 90.569389	 90.563512	 90.557867	 90.552451	 90.547258	 90.542285	 90.537529	 90.532985	 90.528651	 90.524522	 90.520596	  90.51687	  90.51334	 90.510004	  90.50686	 90.503904	 90.501134	 90.498549	 90.496145	 90.493921	 90.491876	 90.490007	 90.488312	 90.486792	 90.485443	 90.484265	 90.483258	  90.48242	  90.48175	 90.481248	 90.480914	 90.480747	
        99	 98.896147	 98.792313	 98.688518	 98.584782	 98.481124	 98.377564	 98.274121	 98.170814	 98.067663	 97.964686	 97.861904	 97.759334	 97.656996	 97.554909	  97.45309	 97.351559	 97.250333	 97.149432	 97.048872	 96.948671	 96.848847	 96.749418	   96.6504	  96.55181	 96.453665	 96.355982	 96.258776	 96.162063	 96.065859	  95.97018	  95.87504	 95.780454	 95.686437	 95.593003	 95.500165	 95.407938	 95.316334	 95.225367	 95.135049	 95.045393	  94.95641	 94.868111	 94.780509	 94.693614	 94.607436	 94.521987	 94.437274	 94.353309	   94.2701	 94.187656	 94.105985	 94.025095	 93.944995	  93.86569	 93.787188	 93.709496	  93.63262	 93.556565	 93.481337	  93.40694	 93.333381	 93.260662	 93.188788	 93.117763	 93.047589	  92.97827	 92.909808	 92.842205	 92.775463	 92.709583	 92.644567	 92.580416	 92.517129	 92.454707	  92.39315	 92.332457	 92.272628	 92.213661	 92.155555	 92.098308	 92.041918	 91.986383	   91.9317	 91.877867	 91.824879	 91.772734	 91.721428	 91.670957	 91.621317	 91.572504	 91.524512	 91.477338	 91.430975	 91.385419	 91.340663	 91.296704	 91.253533	 91.211146	 91.169536	 91.128697	 91.088622	 91.049304	 91.010737	 90.972912	 90.935825	 90.899465	 90.863828	 90.828904	 90.794686	 90.761167	 90.728339	 90.696193	 90.664722	 90.633917	 90.603771	 90.574274	  90.54542	 90.517199	 90.489603	 90.462624	 90.436253	 90.410482	 90.385302	 90.360705	 90.336683	 90.313226	 90.290326	 90.267975	 90.246165	 90.224886	  90.20413	  90.18389	 90.164156	  90.14492	 90.126175	 90.107911	  90.09012	 90.072795	 90.055927	 90.039508	 90.023531	 90.007987	 89.992869	 89.978169	 89.963879	 89.949992	 89.936501	 89.923397	 89.910674	 89.898325	 89.886342	 89.874719	 89.863448	 89.852524	 89.841939	 89.831687	 89.821761	 89.812155	 89.802864	 89.793881	   89.7852	 89.776815	 89.768721	 89.760912	 89.753384	  89.74613	 89.739145	 89.732425	 89.725965	  89.71976	 89.713806	 89.708097	 89.702631	 89.697402	 89.692408	 89.687643	 89.683104	 89.678789	 89.674693	 89.670813	 89.667146	 89.663689	  89.66044	 89.657395	 89.654553	  89.65191	 89.649466	 89.647217	 89.645163	   89.6433	 89.641628	 89.640146	 89.638851	 89.637744	 89.636822	 89.636086	 89.635534	 89.635167	 89.634983	
        99	 98.886787	 98.773595	 98.660446	 98.547361	 98.434361	 98.321468	 98.208702	 98.096085	 97.983637	  97.87138	 97.759334	 97.647521	  97.53596	 97.424671	 97.313677	 97.202995	 97.092647	 96.982651	 96.873028	 96.763797	 96.654977	 96.546587	 96.438645	  96.33117	  96.22418	 96.117693	 96.011726	 95.906297	 95.801423	 95.697121	 95.593406	 95.490296	 95.387806	 95.285951	 95.184746	 95.084207	 94.984348	 94.885183	 94.786725	 94.688988	 94.591985	 94.495729	 94.400232	 94.305506	 94.211561	 94.118411	 94.026064	 93.934531	 93.843823	 93.753949	 93.664917	 93.576738	 93.489418	 93.402966	 93.317389	 93.232695	  93.14889	 93.065981	 92.983973	 92.902872	 92.822683	 92.743411	 92.665059	 92.587633	 92.511135	 92.435568	 92.360936	  92.28724	 92.214483	 92.142666	 92.071791	 92.001857	 91.932867	  91.86482	 91.797715	 91.731552	 91.666331	  91.60205	 91.538707	 91.476301	 91.414829	 91.354289	 91.294677	 91.235992	 91.178229	 91.121385	 91.065455	 91.010435	 90.956322	 90.903109	 90.850792	 90.799366	 90.748825	 90.699163	 90.650374	 90.602452	 90.555391	 90.509184	 90.463824	 90.419304	 90.375618	 90.332756	 90.290713	  90.24948	  90.20905	 90.169414	 90.130564	 90.092493	 90.055192	 90.018652	 89.982864	 89.947821	 89.913514	 89.879933	  89.84707	 89.814915	  89.78346	 89.752696	 89.722613	 89.693202	 89.664455	 89.636361	 89.608912	 89.582098	 89.555911	  89.53034	 89.505376	 89.481011	 89.457235	 89.434038	 89.411412	 89.389348	 89.367835	 89.346866	 89.326431	 89.306521	 89.287127	  89.26824	 89.249852	 89.231954	 89.214537	 89.197592	 89.181111	 89.165086	 89.149509	  89.13437	 89.119663	 89.105378	 89.091509	 89.078046	 89.064984	 89.052313	 89.040027	 89.028118	 89.016579	 89.005402	 88.994582	 88.984111	 88.973982	 88.964189	 88.954726	 88.945585	 88.936762	  88.92825	 88.920042	 88.912135	 88.904521	 88.897195	 88.890153	 88.883389	 88.876898	 88.870675	 88.864716	 88.859016	 88.853571	 88.848377	 88.843429	 88.838725	 88.834259	  88.83003	 88.826032	 88.822264	 88.818722	 88.815403	 88.812305	 88.809424	 88.806759	 88.804308	 88.802068	 88.800038	 88.798215	 88.796599	 88.795188	 88.793981	 88.792976	 88.792173	 88.791572	 88.791171	 88.790971	
        99	 98.877448	  98.75492	 98.632438	 98.510025	 98.387704	 98.265498	 98.143431	 98.021524	 97.899801	 97.778284	 97.656996	  97.53596	 97.415196	 97.294728	 97.174578	 97.054767	 96.935316	 96.816248	 96.697582	 96.579341	 96.461545	 96.344214	 96.227368	 96.111028	 95.995213	 95.879942	 95.765234	 95.651109	 95.537584	 95.424678	 95.312409	 95.200793	 95.089849	 94.979592	  94.87004	 94.761208	 94.653112	 94.545766	 94.439187	 94.333389	 94.228384	 94.124188	 94.020814	 93.918274	 93.816581	 93.715746	 93.615782	 93.516699	 93.418509	 93.321221	 93.224846	 93.129392	  93.03487	 92.941287	 92.848652	 92.756971	 92.666254	 92.576506	 92.487733	 92.399942	 92.313139	 92.227327	 92.142513	   92.0587	 91.975892	 91.894092	 91.813304	 91.733529	  91.65477	  91.57703	 91.500308	 91.424606	 91.349925	 91.276265	 91.203625	 91.132005	 91.061404	  90.99182	 90.923252	 90.855698	 90.789156	 90.723622	 90.659094	 90.595567	  90.53304	 90.471506	 90.410963	 90.351405	 90.292828	 90.235226	 90.178594	 90.122925	 90.068215	 90.014457	 89.961644	 89.909769	 89.858826	 89.808808	 89.759706	 89.711514	 89.664224	 89.617827	 89.572316	 89.527682	 89.483916	 89.441011	 89.398957	 89.357745	 89.317367	 89.277813	 89.239074	  89.20114	 89.164003	 89.127652	 89.092078	 89.057271	 89.023221	  88.98992	 88.957355	 88.925519	   88.8944	 88.863989	 88.834276	  88.80525	 88.776902	 88.749222	   88.7222	 88.695825	 88.670087	 88.644977	 88.620485	   88.5966	 88.573313	 88.550614	 88.528493	 88.506941	 88.485947	 88.465503	 88.445598	 88.426223	  88.40737	 88.389027	 88.371187	  88.35384	 88.336978	  88.32059	  88.30467	 88.289207	 88.274193	 88.259621	  88.24548	 88.231764	 88.218465	 88.205573	 88.193083	 88.180985	 88.169272	 88.157937	 88.146973	 88.136372	 88.126128	 88.116234	 88.106682	 88.097468	 88.088584	 88.080024	 88.071782	 88.063852	 88.056229	 88.048906	  88.04188	 88.035144	 88.028693	 88.022523	 88.016629	 88.011007	 88.005651	 88.000558	 87.995725	 87.991146	 87.986819	  87.98274	 87.978906	 87.975313	 87.971959	 87.968841	 87.965956	 87.963303	 87.960878	  87.95868	 87.956707	 87.954958	  87.95343	 87.952124	 87.951036	 87.950167	 87.949516	 87.949083	 87.948866	
        99	 98.868133	  98.73629	 98.604498	 98.472779	  98.34116	 98.209665	 98.078319	 97.947146	  97.81617	 97.685416	 97.554909	 97.424671	 97.294728	 97.165103	  97.03582	 96.906901	  96.77837	 96.650251	 96.522565	 96.395336	 96.268586	 96.142336	 96.016608	 95.891424	 95.766806	 95.642772	 95.519345	 95.396545	 95.274391	 95.152902	 95.032099	 94.911999	 94.792621	 94.673984	 94.556104	 94.438999	 94.322686	 94.207181	   94.0925	 93.978659	 93.865673	 93.753557	 93.642324	  93.53199	 93.422566	 93.314067	 93.206504	  93.09989	 92.994235	 92.889552	 92.785851	 92.683142	 92.581434	 92.480738	 92.381061	 92.282412	 92.184798	 92.088228	 91.992707	 91.898243	 91.804841	 91.712507	 91.621246	 91.531062	 91.441959	 91.353941	 91.267011	 91.181173	 91.096428	 91.012777	 90.930224	 90.848768	  90.76841	  90.68915	 90.610988	 90.533924	 90.457956	 90.383083	 90.309304	 90.236615	 90.165014	 90.094498	 90.025065	  89.95671	 89.889429	 89.823218	 89.758073	 89.693988	 89.630958	 89.568977	  89.50804	  89.44814	 89.389271	 89.331427	 89.274599	 89.218781	 89.163966	 89.110145	 89.057311	 89.005456	 88.954571	 88.904647	 88.855676	 88.807649	 88.760557	  88.71439	  88.66914	 88.624795	 88.581348	 88.538787	 88.497103	 88.456286	 88.416326	 88.377212	 88.338933	 88.301481	 88.264843	  88.22901	  88.19397	 88.159714	 88.126229	 88.093507	 88.061535	 88.030303	   87.9998	 87.970016	 87.940939	 87.912559	 87.884865	 87.857847	 87.831493	 87.805792	 87.780735	 87.756311	 87.732509	 87.709318	 87.686728	  87.66473	 87.643312	 87.622465	 87.602178	 87.582441	 87.563245	 87.544579	 87.526435	 87.508802	 87.491671	 87.475033	 87.458878	 87.443198	 87.427982	 87.413224	 87.398913	 87.385042	 87.371602	 87.358584	 87.345981	 87.333785	 87.321987	  87.31058	 87.299558	 87.288911	 87.278634	 87.268719	 87.259159	 87.249949	  87.24108	 87.232548	 87.224345	 87.216466	 87.208905	 87.201657	 87.194717	 87.188078	 87.181735	 87.175685	 87.169923	 87.164443	 87.159242	 87.154315	 87.149659	  87.14527	 87.141144	 87.137278	 87.133669	 87.130314	  87.12721	 87.124355	 87.121746	 87.119381	 87.117259	 87.115376	 87.113733	 87.112326	 87.111156	 87.110221	 87.109521	 87.109054	 87.108821	
        99	 98.858842	  98.71771	 98.576631	 98.435632	  98.29474	  98.15398	 98.013379	 97.872963	 97.732759	 97.592793	  97.45309	 97.313677	 97.174578	  97.03582	 96.897427	 96.759425	 96.621838	 96.484692	  96.34801	 96.211816	 96.076135	  95.94099	 95.806404	   95.6724	    95.539	 95.406228	 95.274105	 95.142652	 95.011891	 94.881843	 94.752527	 94.623966	 94.496177	  94.36918	 94.242995	 94.117639	  93.99313	 93.869487	 93.746726	 93.624864	 93.503917	 93.383902	 93.264832	 93.146723	  93.02959	 92.913446	 92.798304	 92.684178	  92.57108	 92.459021	 92.348013	 92.238067	 92.129194	 92.021402	 91.914702	 91.809102	 91.704611	 91.601236	 91.498986	 91.397866	 91.297883	 91.199043	 91.101352	 91.004813	 90.909432	 90.815213	 90.722159	 90.630272	 90.539556	 90.450012	 90.361641	 90.274446	 90.188426	 90.103582	 90.019913	 89.937419	 89.856099	 89.775951	 89.696972	 89.619162	 89.542516	 89.467032	 89.392707	 89.319536	 89.247514	 89.176638	 89.106903	 89.038303	 88.970832	 88.904484	 88.839253	 88.775133	 88.712116	 88.650196	 88.589364	 88.529614	 88.470936	 88.413324	 88.356767	 88.301258	 88.246787	 88.193346	 88.140925	 88.089514	 88.039104	 87.989684	 87.941246	 87.893777	 87.847268	 87.801709	 87.757088	 87.713395	 87.670619	 87.628749	 87.587774	 87.547682	 87.508463	 87.470105	 87.432596	 87.395926	 87.360083	 87.325054	  87.29083	 87.257397	 87.224746	 87.192863	 87.161737	 87.131358	 87.101713	  87.07279	 87.044579	 87.017068	 86.990246	   86.9641	 86.938621	 86.913796	 86.889615	 86.866067	  86.84314	 86.820823	 86.799107	  86.77798	 86.757431	 86.737451	 86.718028	 86.699152	 86.680815	 86.663004	 86.645711	 86.628926	 86.612639	  86.59684	 86.581521	 86.566673	 86.552285	  86.53835	 86.524859	 86.511804	 86.499175	 86.486964	 86.475165	 86.463768	 86.452767	 86.442154	  86.43192	 86.422061	 86.412567	 86.403434	 86.394653	 86.386219	 86.378126	 86.370367	 86.362937	  86.35583	 86.349041	 86.342565	 86.336396	 86.330531	 86.324963	 86.319689	 86.314705	 86.310007	  86.30559	 86.301452	 86.297589	 86.293997	 86.290675	 86.287618	 86.284826	 86.282294	 86.280022	 86.278007	 86.276247	 86.274742	 86.273489	 86.272489	 86.271739	 86.271239	 86.270989	
        99	 98.849577	 98.699182	 98.548843	  98.39859	  98.24845	 98.098451	 97.948622	 97.798991	 97.649584	 97.500431	 97.351559	 97.202995	 97.054767	 96.906901	 96.759425	 96.612365	 96.465748	   96.3196	 96.173947	 96.028814	 95.884228	 95.740212	 95.596793	 95.453993	 95.311838	 95.170351	 95.029556	 94.889475	 94.750132	 94.611548	 94.473745	 94.336745	 94.200569	 94.065237	 93.930769	 93.797186	 93.664505	 93.532747	 93.401928	 93.272068	 93.143183	  93.01529	 92.888405	 92.762545	 92.637723	 92.513956	 92.391257	  92.26964	 92.149119	 92.029705	 91.911411	 91.794249	 91.678229	 91.563363	 91.449659	 91.337129	 91.225779	  91.11562	 91.006658	 90.898901	 90.792356	 90.687029	 90.582925	  90.48005	 90.378409	 90.278006	 90.178844	 90.080926	 89.984256	 89.888835	 89.794664	 89.701746	  89.61008	 89.519667	 89.430507	 89.342598	 89.255941	 89.170532	  89.08637	 89.003452	 88.921776	 88.841338	 88.762134	  88.68416	 88.607412	 88.531884	 88.457571	 88.384468	 88.312569	 88.241866	 88.172354	 88.104026	 88.036873	 87.970888	 87.906064	 87.842392	 87.779863	 87.718469	   87.6582	 87.599048	 87.541002	 87.484053	 87.428192	 87.373406	 87.319687	 87.267024	 87.215406	 87.164822	  87.11526	 87.066711	 87.019161	   86.9726	 86.927017	 86.882399	 86.838734	 86.796011	 86.754218	 86.713342	 86.673372	 86.634295	 86.596099	 86.558771	   86.5223	 86.486674	 86.451879	 86.417903	 86.384735	 86.352361	  86.32077	  86.28995	 86.259887	  86.23057	 86.201987	 86.174126	 86.146974	  86.12052	 86.094752	 86.069658	 86.045226	 86.021445	 85.998304	  85.97579	 85.953892	   85.9326	 85.911903	 85.891788	 85.872247	 85.853267	 85.834839	 85.816952	 85.799596	 85.782761	 85.766437	 85.750613	 85.735282	 85.720432	 85.706056	 85.692143	 85.678685	 85.665674	   85.6531	 85.640955	 85.629232	 85.617921	 85.607017	  85.59651	 85.586393	  85.57666	 85.567303	 85.558316	 85.549691	 85.541423	 85.533506	 85.525932	 85.518698	 85.511797	 85.505223	 85.498972	 85.493039	 85.487419	 85.482108	 85.477101	 85.472395	 85.467985	 85.463868	 85.460041	   85.4565	 85.453243	 85.450267	  85.44757	 85.445148	 85.443001	 85.441126	 85.439522	 85.438187	  85.43712	 85.436321	 85.435789	 85.435523	
        99	  98.84034	 98.680709	 98.521139	 98.361659	   98.2023	  98.04309	  97.88406	  97.72524	  97.56666	 97.408348	 97.250333	 97.092647	 96.935316	  96.77837	 96.621838	 96.465748	 96.310128	 96.155005	 96.000408	 95.846363	 95.692898	 95.540039	 95.387812	 95.236244	  95.08536	 94.935185	 94.785744	 94.637061	 94.489161	 94.342067	 94.195802	  94.05039	 93.905851	 93.762209	 93.619484	 93.477697	 93.336869	  93.19702	 93.058169	 92.920334	 92.783535	 92.647788	 92.513112	 92.379522	 92.247036	 92.115669	 91.985435	  91.85635	 91.728428	 91.601681	 91.476124	 91.351767	 91.228623	 91.106703	 90.986017	 90.866576	 90.748389	 90.631465	 90.515812	 90.401438	 90.288351	 90.176556	 90.066059	 89.956868	 89.848985	 89.742416	 89.637165	 89.533235	 89.430628	 89.329347	 89.229394	  89.13077	 89.033475	  88.93751	 88.842875	 88.749568	 88.657589	 88.566935	 88.477605	 88.389596	 88.302904	 88.217527	 88.133459	 88.050697	 87.969236	  87.88907	 87.810194	 87.732602	 87.656288	 87.581244	 87.507463	 87.434939	 87.363662	 87.293626	 87.224821	 87.157239	  87.09087	 87.025706	 86.961737	 86.898952	 86.837342	 86.776896	 86.717604	 86.659454	 86.602437	  86.54654	 86.491752	 86.438061	 86.385456	 86.333925	 86.283456	 86.234036	 86.185653	 86.138295	  86.09195	 86.046603	 86.002243	 85.958858	 85.916433	 85.874956	 85.834415	 85.794795	 85.756085	  85.71827	 85.681339	 85.645277	 85.610072	  85.57571	  85.54218	 85.509466	 85.477558	 85.446441	 85.416102	  85.38653	 85.357711	 85.329633	 85.302282	 85.275647	 85.249715	 85.224474	 85.199911	 85.176014	 85.152772	 85.130173	 85.108204	 85.086855	 85.066114	 85.045969	 85.026409	 85.007424	 84.989002	 84.971133	 84.953806	 84.937011	 84.920738	 84.904976	 84.889717	  84.87495	 84.860666	 84.846855	 84.833509	 84.820619	 84.808176	 84.796171	 84.784596	 84.773444	 84.762707	 84.752376	 84.742444	 84.732905	 84.723751	 84.714975	 84.706571	 84.698533	 84.690854	 84.683529	 84.676552	 84.669917	  84.66362	 84.657655	 84.652017	 84.646703	 84.641708	 84.637027	 84.632657	 84.628595	 84.624837	  84.62138	 84.618222	 84.615358	 84.612788	 84.610509	 84.608519	 84.606816	 84.605399	 84.604267	 84.603419	 84.602854	 84.602572	
