Time step 8:
        99	        99	        99	        99	        99	        99	        99	        99	        99	        99	        99	        99	        99	        99	        99	        99	        99	        99	        99	        99	        99	        99	        99	        99	        99	        99	        99	        99	        99	        99	        99	        99	        99	        99	        99	        99	        99	        99	        99	        99	        99	        99	        99	        99	        99	        99	        99	        99	        99	        99	        99	        99	        99	        99	        99	        99	        99	        99	        99	        99	        99	        99	        99	        99	        99	        99	        99	        99	        99	        99	        99	        99	        99	        99	        99	        99	        99	        99	        99	        99	        99	        99	        99	        99	        99	        99	        99	        99	        99	        99	        99	        99	        99	        99	        99	        99	        99	        99	        99	        99	        99	        99	        99	        99	        99	        99	        99	        99	        99	        99	        99	        99	        99	        99	        99	        99	        99	        99	        99	        99	        99	        99	        99	        99	        99	        99	        99	        99	        99	        99	        99	        99	        99	        99	        99	        99	        99	        99	        99	        99	        99	        99	        99	        99	        99	        99	        99	        99	        99	        99	        99	        99	        99	        99	        99	        99	        99	        99	        99	        99	        99	        99	        99	        99	        99	        99	        99	        99	        99	        99	        99	        99	        99	        99	        99	        99	        99	        99	        99	        99	        99	        99	        99	        99	        99	        99	        99	        99	        99	        99	        99	        99	        99	        99	        99	        99	        99	        99	        99	        99	
        99	 98.920677	 98.841478	  98.76253	 98.683954	 98.605873	 98.528405	 98.451668	 98.375773	 98.300831	 98.226946	 98.154218	 98.082742	 98.012606	 97.943895	 97.876685	 97.811047	 97.747046	  97.68474	 97.624178	 97.565405	 97.508458	 97.453368	 97.400157	 97.348843	 97.299436	  97.25194	 97.206353	 97.162667	  97.12087	 97.080942	  97.04286	 97.006596	 96.972117	 96.939387	 96.908367	 96.879013	  96.85128	  96.82512	 96.800481	 96.777313	 96.755562	 96.735172	  96.71609	 96.698259	 96.681624	 96.666128	 96.651717	 96.638335	  96.62593	 96.614446	 96.603834	 96.594041	 96.585019	 96.576721	   96.5691	 96.562112	 96.555715	 96.549868	 96.544531	 96.539669	 96.535245	 96.531227	 96.527583	 96.524284	 96.521301	 96.518608	 96.516182	 96.513999	 96.512037	 96.510278	 96.508702	 96.507294	 96.506036	 96.504915	 96.503917	 96.503031	 96.502244	 96.501548	 96.500932	 96.500388	 96.499908	 96.499486	 96.499115	 96.498789	 96.498504	 96.498255	 96.498037	 96.497847	 96.497681	 96.497538	 96.497413	 96.497305	 96.497211	  96.49713	 96.497061	 96.497001	 96.496949	 96.496905	 96.496867	 96.496834	 96.496807	 96.496783	 96.496763	 96.496746	 96.496731	 96.496719	 96.496708	 96.496699	 96.496692	 96.496686	  96.49668	 96.496676	 96.496672	 96.496669	 96.496666	 96.496664	 96.496662	 96.496661	  96.49666	 96.496659	 96.496658	 96.496657	 96.496657	 96.496656	 96.496656	 96.496655	 96.496655	 96.496655	 96.496655	 96.496654	 96.496654	 96.496654	 96.496654	 96.496654	 96.496654	 96.496654	 96.496654	 96.496654	 96.496654	 96.496654	 96.496654	 96.496654	 96.496654	 96.496654	 96.496654	 96.496654	 96.496654	 96.496654	 96.496654	 96.496654	 96.496654	 96.496654	 96.496654	 96.496654	 96.496654	 96.496654	 96.496654	 96.496654	 96.496654	 96.496654	 96.496654	 96.496654	 96.496654	 96.496654	 96.496654	 96.496654	 96.496654	 96.496654	 96.496654	 96.496654	 96.496654	 96.496654	 96.496654	 96.496654	 96.496654	 96.496654	 96.496654	 96.496654	 96.496654	 96.496654	 96.496654	 96.496654	 96.496654	 96.496654	 96.496654	 96.496654	 96.496654	 96.496654	 96.496654	 96.496654	 96.496654	 96.496654	 96.496654	 96.496654	 96.496654	 96.496654	 96.496654	 96.496654	 96.496654	
        99	 98.841478	 98.683207	 98.525434	 98.368406	 98.212367	 98.057554	   97.9042	 97.752531	 97.602765	 97.455112	  97.30977	  97.16693	 97.026769	 96.889455	 96.755141	  96.62397	 96.496069	 96.371554	 96.250526	 96.133073	 96.019269	 95.909175	 95.802837	  95.70029	 95.601553	 95.506636	 95.415534	 95.328232	 95.244703	  95.16491	 95.088806	 95.016335	 94.947432	 94.882024	 94.820033	 94.761372	 94.705949	 94.653669	 94.604432	 94.558132	 94.514663	 94.473916	 94.435782	 94.400148	 94.366904	 94.335937	 94.307138	 94.280396	 94.255603	 94.232655	 94.211446	 94.191877	 94.173848	 94.157264	 94.142034	  94.12807	 94.115285	 94.103599	 94.092935	 94.083218	 94.074377	 94.066347	 94.059065	 94.052472	 94.046511	  94.04113	 94.036281	 94.031918	 94.027998	 94.024483	 94.021334	 94.018519	 94.016005	 94.013765	 94.011771	     94.01	 94.008428	 94.007036	 94.005805	 94.004718	 94.003759	 94.002916	 94.002174	 94.001524	 94.000954	 94.000455	  94.00002	  93.99964	 93.999309	 93.999022	 93.998773	 93.998557	  93.99837	 93.998208	 93.998069	 93.997949	 93.997846	 93.997757	 93.997681	 93.997616	 93.997561	 93.997514	 93.997473	 93.997439	  93.99741	 93.997385	 93.997364	 93.997347	 93.997332	 93.997319	 93.997309	   93.9973	 93.997292	 93.997286	 93.997281	 93.997277	 93.997273	  93.99727	 93.997268	 93.997265	 93.997264	 93.997262	 93.997261	  93.99726	 93.997259	 93.997259	 93.997258	 93.997258	 93.997257	 93.997257	 93.997257	 93.997257	 93.997256	 93.997256	 93.997256	 93.997256	 93.997256	 93.997256	 93.997256	 93.997256	 93.997256	 93.997256	 93.997256	 93.997256	 93.997256	 93.997256	 93.997256	 93.997256	 93.997256	 93.997256	 93.997256	 93.997256	 93.997256	 93.997256	 93.997256	 93.997256	 93.997256	 93.997256	 93.997256	 93.997256	 93.997256	 93.997256	 93.997256	 93.997256	 93.997256	 93.997256	 93.997256	 93.997256	 93.997256	 93.997256	 93.997256	 93.997256	 93.997256	 93.997256	 93.997256	 93.997256	 93.997256	 93.997256	 93.997256	 93.997256	 93.997256	 93.997256	 93.997256	 93.997256	 93.997256	 93.997256	 93.997256	 93.997256	 93.997256	 93.997256	 93.997256	 93.997256	 93.997256	 93.997256	 93.997256	 93.997256	 93.997256	 93.997256	 93.997256	
        99	  98.76253	 98.525434	 98.289085	 98.053853	 97.820101	 97.588187	 97.358458	 97.131253	 96.906899	 96.685709	 96.467983	 96.254004	 96.044039	 95.838338	 95.637132	 95.440633	 95.249034	 95.062506	 94.881203	 94.705255	 94.534773	 94.369849	 94.210552	 94.056932	 93.909022	 93.766833	  93.63036	 93.499579	 93.374449	 93.254917	 93.140911	 93.032347	 92.929128	 92.831145	  92.73828	 92.650404	  92.56738	 92.489063	 92.415303	 92.345944	 92.280827	 92.219787	 92.162661	  92.10928	 92.059479	  92.01309	 91.969947	 91.929887	 91.892748	  91.85837	 91.826599	 91.797283	 91.770275	 91.745433	 91.722618	 91.701698	 91.682547	 91.665041	 91.649065	 91.634509	 91.621266	 91.609237	 91.598328	  91.58845	  91.57952	  91.57146	 91.564196	  91.55766	 91.551789	 91.546522	 91.541805	 91.537588	 91.533822	 91.530466	  91.52748	 91.524826	 91.522471	 91.520386	 91.518542	 91.516913	 91.515477	 91.514214	 91.513103	 91.512129	 91.511275	 91.510528	 91.509876	 91.509307	 91.508812	 91.508381	 91.508008	 91.507684	 91.507404	 91.507162	 91.506953	 91.506774	 91.506619	 91.506486	 91.506373	 91.506276	 91.506192	 91.506122	 91.506061	  91.50601	 91.505966	 91.505929	 91.505898	 91.505871	 91.505849	  91.50583	 91.505815	 91.505801	  91.50579	 91.505781	 91.505773	 91.505766	 91.505761	 91.505757	 91.505753	  91.50575	 91.505747	 91.505745	 91.505743	 91.505742	 91.505741	  91.50574	 91.505739	 91.505738	 91.505738	 91.505737	 91.505737	 91.505737	 91.505736	 91.505736	 91.505736	 91.505736	 91.505736	 91.505736	 91.505736	 91.505735	 91.505735	 91.505735	 91.505735	 91.505735	 91.505735	 91.505735	 91.505735	 91.505735	 91.505735	 91.505735	 91.505735	 91.505735	 91.505735	 91.505735	 91.505735	 91.505735	 91.505735	 91.505735	 91.505735	 91.505735	 91.505735	 91.505735	 91.505735	 91.505735	 91.505735	 91.505735	 91.505735	 91.505735	 91.505735	 91.505735	 91.505735	 91.505735	 91.505735	 91.505735	 91.505735	 91.505735	 91.505735	 91.505735	 91.505735	 91.505735	 91.505735	 91.505735	 91.505735	 91.505735	 91.505735	 91.505735	 91.505735	 91.505735	 91.505735	 91.505735	 91.505735	 91.505735	 91.505735	 91.505735	 91.505735	 91.505735	 91.505735	 91.505735	 91.505735	
        99	 98.683954	 98.368406	 98.053853	 97.740786	 97.429689	 97.121037	 96.815294	  96.51291	  96.21432	 95.919942	 95.630173	 95.345391	 95.065951	 94.792186	 94.524404	 94.262886	 94.007889	 93.759642	 93.518348	 93.284181	  93.05729	 92.837794	 92.625787	 92.421338	 92.224486	 92.035249	 91.853618	 91.679563	  91.51303	 91.353946	 91.202217	  91.05773	 90.920358	 90.789954	 90.666361	 90.549408	 90.438912	 90.334681	 90.236515	 90.144207	 90.057543	 89.976306	 89.900277	 89.829234	 89.762954	 89.701216	 89.643798	 89.590482	 89.541054	 89.495301	 89.453017	 89.414001	 89.378057	 89.344994	 89.314631	 89.286789	   89.2613	 89.238002	  89.21674	 89.197367	 89.179742	 89.163733	 89.149214	 89.136069	 89.124184	 89.113457	 89.103789	 89.095091	 89.087276	 89.080267	 89.073989	 89.068376	 89.063365	 89.058899	 89.054924	 89.051392	 89.048258	 89.045483	 89.043028	 89.040861	  89.03895	 89.037268	  89.03579	 89.034493	 89.033357	 89.032363	 89.031495	 89.030738	 89.030079	 89.029506	 89.029009	 89.028578	 89.028205	 89.027883	 89.027605	 89.027366	 89.027161	 89.026984	 89.026833	 89.026703	 89.026593	 89.026499	 89.026418	  89.02635	 89.026292	 89.026243	 89.026201	 89.026166	 89.026136	 89.026111	  89.02609	 89.026072	 89.026057	 89.026045	 89.026035	 89.026026	 89.026019	 89.026013	 89.026008	 89.026004	    89.026	 89.025997	 89.025995	 89.025993	 89.025992	  89.02599	 89.025989	 89.025988	 89.025988	 89.025987	 89.025986	 89.025986	 89.025986	 89.025986	 89.025985	 89.025985	 89.025985	 89.025985	 89.025985	 89.025985	 89.025985	 89.025985	 89.025985	 89.025985	 89.025985	 89.025985	 89.025985	 89.025985	 89.025985	 89.025984	 89.025984	 89.025984	 89.025984	 89.025984	 89.025984	 89.025984	 89.025984	 89.025984	 89.025984	 89.025984	 89.025984	 89.025984	 89.025984	 89.025984	 89.025984	 89.025984	 89.025984	 89.025984	 89.025984	 89.025984	 89.025984	 89.025984	 89.025984	 89.025984	 89.025984	 89.025984	 89.025984	 89.025984	 89.025984	 89.025984	 89.025984	 89.025984	 89.025984	 89.025984	 89.025984	 89.025984	 89.025984	 89.025984	 89.025984	 89.025984	 89.025984	 89.025984	 89.025984	 89.025984	 89.025984	 89.025984	 89.025984	 89.025984	 89.025984	
        99	 98.605873	 98.212367	 97.820101	 97.429689	 97.041733	 96.656826	 96.275548	 95.898458	   95.5261	 95.158993	 94.797635	 94.442495	 94.094019	 93.752618	 93.418679	 93.092551	 92.774556	 92.464978	  92.16407	 91.872051	 91.589104	  91.31538	 91.050996	 90.796036	 90.550551	 90.314561	 90.088058	 89.871001	 89.663326	 89.464939	 89.275724	 89.095541	 88.924229	 88.761609	 88.607482	 88.461635	  88.32384	 88.193858	  88.07144	 87.956326	 87.848251	 87.746944	 87.652132	 87.563537	 87.480883	 87.403891	 87.332288	   87.2658	  87.20416	 87.147104	 87.094374	 87.045719	 87.000894	 86.959663	 86.921798	 86.887078	 86.855292	 86.826238	 86.799723	 86.775564	 86.753584	  86.73362	 86.715515	 86.699121	   86.6843	 86.670923	 86.658867	 86.648019	 86.638274	 86.629533	 86.621705	 86.614705	 86.608456	 86.602886	 86.597929	 86.593525	 86.589617	 86.586156	 86.583095	 86.580392	 86.578009	 86.575912	 86.574068	 86.572451	 86.571034	 86.569794	 86.568712	 86.567768	 86.566946	 86.566232	 86.565612	 86.565074	 86.564609	 86.564208	 86.563862	 86.563563	 86.563307	 86.563087	 86.562898	 86.562737	 86.562599	 86.562481	 86.562381	 86.562296	 86.562223	 86.562162	  86.56211	 86.562066	 86.562029	 86.561998	 86.561972	  86.56195	 86.561931	 86.561916	 86.561903	 86.561892	 86.561883	 86.561875	 86.561869	 86.561864	  86.56186	 86.561856	 86.561853	 86.561851	 86.561849	 86.561847	 86.561846	 86.561845	 86.561844	 86.561843	 86.561843	 86.561842	 86.561842	 86.561841	 86.561841	 86.561841	 86.561841	 86.561841	 86.561841	  86.56184	  86.56184	  86.56184	  86.56184	  86.56184	  86.56184	  86.56184	  86.56184	  86.56184	  86.56184	  86.56184	  86.56184	  86.56184	  86.56184	  86.56184	  86.56184	  86.56184	  86.56184	  86.56184	  86.56184	  86.56184	  86.56184	  86.56184	  86.56184	  86.56184	  86.56184	  86.56184	  86.56184	  86.56184	  86.56184	  86.56184	  86.56184	  86.56184	  86.56184	  86.56184	  86.56184	  86.56184	  86.56184	  86.56184	  86.56184	  86.56184	  86.56184	  86.56184	  86.56184	  86.56184	  86.56184	  86.56184	  86.56184	  86.56184	  86.56184	  86.56184	  86.56184	  86.56184	  86.56184	  86.56184	  86.56184	  86.56184	  86.56184	  86.56184	  86.56184	
        99	 98.528405	 98.057554	 97.588187	 97.121037	 96.656826	 96.196265	 95.740044	 95.288836	 94.843289	 94.404026	 93.971641	 93.546697	 93.129726	 92.721222	 92.321645	 91.931415	 91.550916	 91.180489	 90.820437	  90.47102	 90.132459	 89.804934	 89.488584	  89.18351	 88.889774	 88.607399	 88.336375	 88.076656	 87.828161	  87.59078	 87.364374	 87.148775	 86.943792	 86.749208	 86.564786	 86.390272	 86.225393	 86.069863	 85.923383	 85.785643	 85.656325	 85.535107	 85.421659	  85.31565	 85.216749	 85.124625	 85.038948	 84.959392	 84.885636	 84.817365	 84.754271	 84.696052	 84.642417	 84.593082	 84.547774	  84.50623	 84.468197	 84.433432	 84.401706	 84.372797	 84.346498	  84.32261	 84.300946	  84.28133	 84.263596	 84.247589	 84.233164	 84.220184	 84.208523	 84.198064	 84.188697	 84.180321	 84.172844	 84.166179	 84.160248	 84.154978	 84.150302	 84.146161	 84.142498	 84.139264	 84.136413	 84.133903	 84.131698	 84.129762	 84.128067	 84.126583	 84.125288	 84.124159	 84.123175	  84.12232	 84.121579	 84.120936	 84.120379	 84.119899	 84.119485	 84.119128	 84.118821	 84.118558	 84.118332	 84.118139	 84.117974	 84.117833	 84.117713	 84.117611	 84.117524	 84.117451	 84.117389	 84.117336	 84.117292	 84.117255	 84.117223	 84.117197	 84.117175	 84.117156	 84.117141	 84.117128	 84.117117	 84.117108	 84.117101	 84.117094	 84.117089	 84.117085	 84.117082	 84.117079	 84.117076	 84.117074	 84.117073	 84.117071	  84.11707	  84.11707	 84.117069	 84.117068	 84.117068	 84.117067	 84.117067	 84.117067	 84.117067	 84.117066	 84.117066	 84.117066	 84.117066	 84.117066	 84.117066	 84.117066	 84.117066	 84.117066	 84.117066	 84.117066	 84.117066	 84.117066	 84.117066	 84.117066	 84.117066	 84.117066	 84.117066	 84.117066	 84.117066	 84.117066	 84.117066	 84.117066	 84.117066	 84.117066	 84.117066	 84.117066	 84.117066	 84.117066	 84.117066	 84.117066	 84.117066	 84.117066	 84.117066	 84.117066	 84.117066	 84.117066	 84.117066	 84.117066	 84.117066	 84.117066	 84.117066	 84.117066	 84.117066	 84.117066	 84.117066	 84.117066	 84.117066	 84.117066	 84.117066	 84.117066	 84.117066	 84.117066	 84.117066	 84.117066	 84.117066	 84.117066	 84.117066	 84.117066	 84.117066	 84.117066	 84.117066	
        99	 98.451668	   97.9042	 97.358458	 96.815294	 96.275548	 95.740044	 95.209588	  94.68496	 94.166913	 93.656174	 93.153431	 92.659342	 92.174521	 91.699546	  91.23495	 90.781223	  90.33881	 89.908108	 89.489468	 89.083194	 88.689543	 88.308723	 87.940897	 87.586182	 87.244649	 86.916327	 86.601203	 86.299222	 86.010292	 85.734285	 85.471039	 85.220358	  84.98202	 84.755773	 84.541343	 84.338433	 84.146725	 83.965887	 83.795572	 83.635419	 83.485059	 83.344116	 83.212208	  83.08895	 82.973956	 82.866841	 82.767223	 82.674722	 82.588965	 82.509585	 82.436224	 82.368532	  82.30617	 82.248807	 82.196127	 82.147823	   82.1036	 82.063179	  82.02629	 81.992678	 81.962099	 81.934324	 81.909135	 81.886327	 81.865708	 81.847096	 81.830324	 81.815232	 81.801673	 81.789512	 81.778621	 81.768883	 81.760189	  81.75244	 81.745543	 81.739415	 81.733979	 81.729164	 81.724905	 81.721145	  81.71783	 81.714912	 81.712347	 81.710097	 81.708125	 81.706401	 81.704895	 81.703581	 81.702438	 81.701444	 81.700582	 81.699834	 81.699187	 81.698629	 81.698147	 81.697732	 81.697375	 81.697069	 81.696807	 81.696582	  81.69639	 81.696226	 81.696087	 81.695968	 81.695868	 81.695782	  81.69571	 81.695649	 81.695597	 81.695554	 81.695518	 81.695487	 81.695461	  81.69544	 81.695422	 81.695407	 81.695394	 81.695384	 81.695375	 81.695368	 81.695362	 81.695357	 81.695353	  81.69535	 81.695347	 81.695345	 81.695343	 81.695341	  81.69534	 81.695339	 81.695338	 81.695337	 81.695337	 81.695336	 81.695336	 81.695336	 81.695336	 81.695335	 81.695335	 81.695335	 81.695335	 81.695335	 81.695335	 81.695335	 81.695335	 81.695335	 81.695335	 81.695335	 81.695335	 81.695335	 81.695335	 81.695335	 81.695335	 81.695335	 81.695335	 81.695335	 81.695335	 81.695335	 81.695335	 81.695335	 81.695335	 81.695335	 81.695335	 81.695335	 81.695335	 81.695335	 81.695335	 81.695335	 81.695335	 81.695335	 81.695335	 81.695335	 81.695335	 81.695335	 81.695335	 81.695335	 81.695335	 81.695335	 81.695335	 81.695335	 81.695335	 81.695335	 81.695335	 81.695335	 81.695335	 81.695335	 81.695335	 81.695335	 81.695335	 81.695335	 81.695335	 81.695335	 81.695335	 81.695335	 81.695335	 81.695335	 81.695335	 81.695335	 81.695335	
        99	 98.375773	 97.752531	 97.131253	  96.51291	 95.898458	 95.288836	  94.68496	 94.087718	 93.497969	 92.916539	 92.344212	 91.781736	 91.229811	 90.689095	 90.160195	 89.643668	 89.140021	 88.649705	 88.173122	 87.710616	  87.26248	 86.828951	 86.410215	 86.006404	   85.6176	 85.243836	 84.885095	 84.541317	 84.212397	 83.898188	 83.598506	 83.313129	 83.041803	 82.784241	 82.540132	 82.309137	 82.090896	 81.885028	  81.69114	  81.50882	 81.337649	 81.177198	 81.027033	 80.886715	 80.755805	 80.633865	 80.520458	 80.415154	 80.317528	 80.227161	 80.143647	 80.066586	 79.995592	  79.93029	 79.870318	 79.815328	 79.764985	 79.718969	 79.676975	  79.63871	 79.603899	 79.572279	 79.543604	 79.517639	 79.494166	 79.472979	 79.453885	 79.436704	 79.421269	 79.407425	 79.395026	  79.38394	 79.374043	 79.365221	  79.35737	 79.350394	 79.344206	 79.338724	 79.333876	 79.329595	 79.325821	 79.322499	 79.319579	 79.317018	 79.314773	  79.31281	 79.311096	 79.309601	 79.308299	 79.307168	 79.306186	 79.305335	 79.304598	 79.303962	 79.303414	 79.302942	 79.302536	 79.302187	 79.301888	 79.301632	 79.301414	 79.301228	 79.301069	 79.300934	 79.300819	 79.300722	  79.30064	  79.30057	 79.300512	 79.300462	 79.300421	 79.300386	 79.300356	 79.300332	 79.300311	 79.300294	  79.30028	 79.300268	 79.300258	  79.30025	 79.300243	 79.300238	 79.300233	 79.300229	 79.300226	 79.300224	 79.300222	  79.30022	 79.300218	 79.300217	 79.300216	 79.300216	 79.300215	 79.300214	 79.300214	 79.300214	 79.300213	 79.300213	 79.300213	 79.300213	 79.300213	 79.300213	 79.300213	 79.300213	 79.300213	 79.300212	 79.300212	 79.300212	 79.300212	 79.300212	 79.300212	 79.300212	 79.300212	 79.300212	 79.300212	 79.300212	 79.300212	 79.300212	 79.300212	 79.300212	 79.300212	 79.300212	 79.300212	 79.300212	 79.300212	 79.300212	 79.300212	 79.300212	 79.300212	 79.300212	 79.300212	 79.300212	 79.300212	 79.300212	 79.300212	 79.300212	 79.300212	 79.300212	 79.300212	 79.300212	 79.300212	 79.300212	 79.300212	 79.300212	 79.300212	 79.300212	 79.300212	 79.300212	 79.300212	 79.300212	 79.300212	 79.300212	 79.300212	 79.300212	 79.300212	 79.300212	 79.300212	 79.300212	 79.300212	
        99	 98.300831	 97.602765	 96.906899	  96.21432	   95.5261	 94.843289	 94.166913	 93.497969	 92.837418	 92.186183	 91.545146	 90.915141	 90.296955	 89.691322	 89.098925	 88.520386	 87.956272	 87.407092	 86.873292	  86.35526	 85.853322	 85.367746	 84.898738	 84.446447	 84.010965	 83.592328	 83.190519	 82.805468	 82.437059	 82.085128	 81.749468	  81.42983	 81.125929	 80.837446	 80.564031	 80.305303	 80.060861	 79.830278	 79.613112	 79.408904	 79.217183	 79.037469	 78.869276	 78.712112	 78.565486	 78.428906	 78.301885	 78.183938	 78.074591	 77.973376	 77.879835	 77.793522	 77.714005	 77.640863	 77.573692	   77.5121	 77.455713	 77.404173	 77.357137	 77.314278	 77.275288	 77.239872	 77.207754	 77.178672	 77.152381	  77.12865	 77.107264	  77.08802	 77.070733	 77.055226	 77.041339	 77.028922	 77.017837	 77.007956	 76.999163	 76.991349	 76.984417	 76.978277	 76.972847	 76.968053	 76.963826	 76.960105	 76.956835	 76.953965	 76.951452	 76.949253	 76.947332	 76.945658	   76.9442	 76.942933	 76.941833	  76.94088	 76.940055	 76.939343	 76.938729	   76.9382	 76.937745	 76.937354	  76.93702	 76.936733	 76.936488	  76.93628	 76.936102	 76.935951	 76.935822	 76.935713	 76.935621	 76.935543	 76.935478	 76.935422	 76.935376	 76.935337	 76.935304	 76.935277	 76.935254	 76.935234	 76.935218	 76.935205	 76.935194	 76.935185	 76.935177	 76.935171	 76.935166	 76.935162	 76.935158	 76.935155	 76.935153	 76.935151	 76.935149	 76.935148	 76.935147	 76.935146	 76.935145	 76.935145	 76.935144	 76.935144	 76.935144	 76.935144	 76.935143	 76.935143	 76.935143	 76.935143	 76.935143	 76.935143	 76.935143	 76.935143	 76.935143	 76.935143	 76.935143	 76.935143	 76.935143	 76.935143	 76.935143	 76.935143	 76.935143	 76.935143	 76.935143	 76.935143	 76.935143	 76.935143	 76.935143	 76.935143	 76.935143	 76.935143	 76.935143	 76.935143	 76.935143	 76.935143	 76.935143	 76.935143	 76.935143	 76.935143	 76.935143	 76.935143	 76.935143	 76.935143	 76.935143	 76.935143	 76.935143	 76.935143	 76.935143	 76.935143	 76.935143	 76.935143	 76.935143	 76.935143	 76.935143	 76.935143	 76.935143	 76.935143	 76.935143	 76.935143	 76.935143	 76.935143	 76.935143	 76.935143	 76.935143	 76.935143	 76.935143	
        99	 98.226946	 97.455112	 96.685709	 95.919942	 95.158993	 94.404026	 93.656174	 92.916539	 92.186183	 91.466129	 90.757349	 90.060768	 89.377255	 88.707622	 88.052622	 87.412946	 86.789219	 86.182004	 85.591794	 85.019019	 84.464039	 83.927149	 83.408579	 82.908492	  82.42699	 81.964114	 81.519843	 81.094102	 80.686761	  80.29764	 79.926508	 79.573092	 79.237077	 78.918109	   78.6158	 78.329732	 78.059457	 77.804508	 77.564393	 77.338605	 77.126624	 76.927919	 76.741952	  76.56818	 76.406059	 76.255047	 76.114602	 75.984192	 75.863289	 75.751378	 75.647952	 75.552519	 75.464599	 75.383728	 75.309458	 75.241358	 75.179012	 75.122026	 75.070019	 75.022631	 74.979521	 74.940362	  74.90485	 74.872695	 74.843626	 74.817387	 74.793741	 74.772464	 74.753349	 74.736204	  74.72085	 74.707121	 74.694864	 74.683939	 74.674216	 74.665577	 74.657913	 74.651124	  74.64512	 74.639819	 74.635145	 74.631031	 74.627416	 74.624243	 74.621464	 74.619032	 74.616909	 74.615058	 74.613446	 74.612044	 74.610828	 74.609775	 74.608863	 74.608075	 74.607396	 74.606811	 74.606308	 74.605876	 74.605506	  74.60519	 74.604919	 74.604688	 74.604492	 74.604325	 74.604183	 74.604062	  74.60396	 74.603874	 74.603802	 74.603741	 74.603689	 74.603646	  74.60361	 74.603579	 74.603554	 74.603533	 74.603515	   74.6035	 74.603488	 74.603478	  74.60347	 74.603463	 74.603457	 74.603452	 74.603448	 74.603445	 74.603443	  74.60344	 74.603439	 74.603437	 74.603436	 74.603435	 74.603434	 74.603434	 74.603433	 74.603433	 74.603432	 74.603432	 74.603432	 74.603432	 74.603432	 74.603432	 74.603431	 74.603431	 74.603431	 74.603431	 74.603431	 74.603431	 74.603431	 74.603431	 74.603431	 74.603431	 74.603431	 74.603431	 74.603431	 74.603431	 74.603431	 74.603431	 74.603431	 74.603431	 74.603431	 74.603431	 74.603431	 74.603431	 74.603431	 74.603431	 74.603431	 74.603431	 74.603431	 74.603431	 74.603431	 74.603431	 74.603431	 74.603431	 74.603431	 74.603431	 74.603431	 74.603431	 74.603431	 74.603431	 74.603431	 74.603431	 74.603431	 74.603431	 74.603431	 74.603431	 74.603431	 74.603431	 74.603431	 74.603431	 74.603431	 74.603431	 74.603431	 74.603431	 74.603431	 74.603431	 74.603431	 74.603431	 74.603431	
        99	 98.154218	  97.30977	 96.467983	 95.630173	 94.797635	 93.971641	 93.153431	 92.344212	 91.545146	 90.757349	 89.981888	 89.219773	 88.471956	 87.739325	 87.022703	 86.322847	 85.640441	 84.976099	 84.330363	 83.703702	  83.09651	  82.50911	 81.941753	 81.394619	 80.867818	 80.361395	 79.875327	 79.409534	 78.963871	 78.538141	 78.132094	 77.745429	 77.377802	 77.028826	 76.698076	 76.385095	 76.089394	 75.810459	 75.547755	 75.300725	 75.068802	 74.851403	  74.64794	  74.45782	 74.280448	 74.115228	  73.96157	 73.818891	 73.686615	 73.564175	 73.451019	 73.346608	 73.250416	 73.161937	  73.08068	 73.006173	 72.937963	 72.875615	 72.818715	  72.76687	 72.719703	 72.676861	 72.638008	 72.602828	 72.571024	 72.542317	 72.516446	 72.493167	 72.472255	 72.453497	 72.436698	 72.421677	 72.408267	 72.396314	 72.385677	 72.376225	  72.36784	 72.360412	 72.353844	 72.348043	  72.34293	 72.338429	 72.334473	 72.331002	 72.327962	 72.325302	 72.322979	 72.320953	 72.319189	 72.317656	 72.316326	 72.315173	 72.314175	 72.313314	 72.312571	 72.311931	  72.31138	 72.310908	 72.310503	 72.310157	 72.309861	 72.309608	 72.309393	  72.30921	 72.309055	 72.308923	 72.308812	 72.308718	 72.308638	 72.308571	 72.308515	 72.308468	 72.308428	 72.308395	 72.308367	 72.308344	 72.308324	 72.308308	 72.308295	 72.308284	 72.308275	 72.308267	 72.308261	 72.308256	 72.308252	 72.308248	 72.308245	 72.308243	 72.308241	 72.308239	 72.308238	 72.308237	 72.308236	 72.308235	 72.308235	 72.308234	 72.308234	 72.308234	 72.308234	 72.308233	 72.308233	 72.308233	 72.308233	 72.308233	 72.308233	 72.308233	 72.308233	 72.308233	 72.308233	 72.308233	 72.308233	 72.308233	 72.308233	 72.308233	 72.308233	 72.308233	 72.308233	 72.308233	 72.308233	 72.308233	 72.308233	 72.308233	 72.308233	 72.308233	 72.308233	 72.308233	 72.308233	 72.308233	 72.308233	 72.308233	 72.308233	 72.308233	 72.308233	 72.308233	 72.308233	 72.308233	 72.308233	 72.308233	 72.308233	 72.308233	 72.308233	 72.308233	 72.308233	 72.308233	 72.308233	 72.308233	 72.308233	 72.308233	 72.308233	 72.308233	 72.308233	 72.308233	 72.308233	 72.308233	 72.308233	 72.308233	 72.308233	 72.308233	 72.308233	
        99	 98.082742	  97.16693	 96.254004	 95.345391	 94.442495	 93.546697	 92.659342	 91.781736	 90.915141	 90.060768	 89.219773	 88.393252	 87.582237	 86.787692	  86.01051	 85.251509	 84.511433	 83.790949	 83.090643	 82.411022	 81.752517	 81.115477	 80.500173	 79.906801	 79.335481	  78.78626	 78.259116	 77.753958	 77.270633	 76.808925	 76.368564	 75.949222	 75.550528	  75.17206	 74.813359	 74.473928	 74.153238	 73.850731	 73.565825	  73.29792	 73.046397	 72.810626	 72.589969	 72.383782	  72.19142	 72.012238	 71.845595	 71.690859	 71.547404	 71.414617	 71.291898	 71.178663	 71.074343	 70.978387	 70.890263	 70.809459	 70.735485	 70.667868	  70.60616	 70.549933	 70.498781	 70.452318	 70.410182	 70.372029	 70.337537	 70.306404	 70.278347	 70.253101	 70.230421	 70.210078	 70.191859	 70.175569	 70.161026	 70.148063	 70.136527	 70.126276	 70.117182	 70.109127	 70.102003	 70.095713	 70.090168	 70.085286	 70.080996	 70.077232	 70.073934	  70.07105	  70.06853	 70.066333	 70.064421	 70.062758	 70.061315	 70.060065	 70.058983	 70.058049	 70.057243	 70.056549	 70.055952	  70.05544	 70.055001	 70.054625	 70.054304	  70.05403	 70.053797	 70.053598	  70.05343	 70.053287	 70.053166	 70.053064	 70.052978	 70.052905	 70.052844	 70.052793	  70.05275	 70.052714	 70.052684	 70.052659	 70.052638	  70.05262	 70.052606	 70.052594	 70.052584	 70.052576	 70.052569	 70.052563	 70.052559	 70.052555	 70.052552	 70.052549	 70.052547	 70.052545	 70.052544	 70.052543	 70.052542	 70.052541	 70.052541	  70.05254	  70.05254	  70.05254	 70.052539	 70.052539	 70.052539	 70.052539	 70.052539	 70.052539	 70.052538	 70.052538	 70.052538	 70.052538	 70.052538	 70.052538	 70.052538	 70.052538	 70.052538	 70.052538	 70.052538	 70.052538	 70.052538	 70.052538	 70.052538	 70.052538	 70.052538	 70.052538	 70.052538	 70.052538	 70.052538	 70.052538	 70.052538	 70.052538	 70.052538	 70.052538	 70.052538	 70.052538	 70.052538	 70.052538	 70.052538	 70.052538	 70.052538	 70.052538	 70.052538	 70.052538	 70.052538	 70.052538	 70.052538	 70.052538	 70.052538	 70.052538	 70.052538	 70.052538	 70.052538	 70.052538	 70.052538	 70.052538	 70.052538	 70.052538	 70.052538	 70.052538	 70.052538	 70.052538	 70.052538	
        99	 98.012606	 97.026769	 96.044039	 95.065951	 94.094019	 93.129726	 92.174521	 91.229811	 90.296955	 89.377255	 88.471956	 87.582237	 86.709211	 85.853913	 85.017305	  84.20027	 83.403607	 82.628032	 81.874179	 81.142594	 80.433738	 79.747989	 79.085638	 78.446895	 77.831891	 77.240675	 76.673225	 76.129442	 75.609161	 75.112151	 74.638118	 74.186713	 73.757534	 73.350128	    72.964	 72.598616	 72.253405	 71.927768	 71.621078	 71.332689	 71.061934	 70.808136	 70.570607	 70.348655	 70.141585	 69.948702	 69.769318	  69.60275	 69.448326	 69.305387	 69.173285	 69.051392	 68.939095	 68.835802	  68.74094	 68.653959	 68.574328	 68.501541	 68.435115	 68.374589	 68.319526	 68.269511	 68.224153	 68.183082	 68.145953	  68.11244	 68.082237	 68.055061	 68.030647	 68.008748	 67.989137	 67.971601	 67.955946	 67.941992	 67.929574	  67.91854	  67.90875	 67.900079	 67.892411	  67.88564	  67.87967	 67.874416	 67.869798	 67.865746	 67.862196	  67.85909	 67.856378	 67.854014	 67.851955	 67.850165	 67.848612	 67.847266	 67.846101	 67.845095	 67.844228	 67.843481	 67.842838	 67.842287	 67.841814	  67.84141	 67.841064	  67.84077	 67.840519	 67.840305	 67.840124	  67.83997	  67.83984	  67.83973	 67.839637	 67.839559	 67.839493	 67.839438	 67.839392	 67.839353	  67.83932	 67.839293	 67.839271	 67.839252	 67.839237	 67.839224	 67.839213	 67.839204	 67.839197	 67.839191	 67.839186	 67.839182	 67.839178	 67.839176	 67.839173	 67.839172	  67.83917	 67.839169	 67.839168	 67.839167	 67.839166	 67.839166	 67.839165	 67.839165	 67.839165	 67.839165	 67.839164	 67.839164	 67.839164	 67.839164	 67.839164	 67.839164	 67.839164	 67.839164	 67.839164	 67.839164	 67.839164	 67.839164	 67.839164	 67.839164	 67.839164	 67.839164	 67.839164	 67.839164	 67.839164	 67.839164	 67.839164	 67.839164	 67.839164	 67.839164	 67.839164	 67.839164	 67.839164	 67.839164	 67.839164	 67.839164	 67.839164	 67.839164	 67.839164	 67.839164	 67.839164	 67.839164	 67.839164	 67.839164	 67.839164	 67.839164	 67.839164	 67.839164	 67.839164	 67.839164	 67.839164	 67.839164	 67.839164	 67.839164	 67.839164	 67.839164	 67.839164	 67.839164	 67.839164	 67.839164	 67.839164	 67.839164	 67.839164	 67.839164	 67.839164	
        99	 97.943895	 96.889455	 95.838338	 94.792186	 93.752618	 92.721222	 91.699546	 90.689095	 89.691322	 88.707622	 87.739325	 86.787692	 85.853913	 84.939096	 84.044271	 83.170379	 82.318277	 81.488732	  80.68242	 79.899925	 79.141741	 78.408271	 77.699828	 77.016637	 76.358835	 75.726479	  75.11954	 74.537917	  73.98143	 73.449834	 72.942814	 72.459998	 72.000952	 71.565196	 71.152198	 70.761388	 70.392155	 70.043857	 69.715826	 69.407368	 69.117772	 68.846313	 68.592255	 68.354858	 68.133378	 67.927073	 67.735206	 67.557048	 67.391878	 67.238992	 67.097697	 66.967322	 66.847211	  66.73673	 66.635267	 66.542233	 66.457061	 66.379209	 66.308161	 66.243423	 66.184528	 66.131033	 66.082518	  66.03859	 65.998878	 65.963032	 65.930728	 65.901661	 65.875548	 65.852125	 65.831149	 65.812393	 65.795649	 65.780724	 65.767441	 65.755639	 65.745169	 65.735894	 65.727692	  65.72045	 65.714065	 65.708445	 65.703506	 65.699172	 65.695375	 65.692053	 65.689153	 65.686623	 65.684421	 65.682507	 65.680846	 65.679406	  65.67816	 65.677084	 65.676157	 65.675357	  65.67467	 65.674081	 65.673575	 65.673143	 65.672773	 65.672458	 65.672189	 65.671961	 65.671767	 65.671602	 65.671463	 65.671346	 65.671246	 65.671163	 65.671092	 65.671033	 65.670984	 65.670942	 65.670908	 65.670879	 65.670855	 65.670835	 65.670818	 65.670804	 65.670793	 65.670783	 65.670775	 65.670769	 65.670764	 65.670759	 65.670756	 65.670753	  65.67075	 65.670748	 65.670747	 65.670745	 65.670744	 65.670744	 65.670743	 65.670742	 65.670742	 65.670741	 65.670741	 65.670741	 65.670741	 65.670741	  65.67074	  65.67074	  65.67074	  65.67074	  65.67074	  65.67074	  65.67074	  65.67074	  65.67074	  65.67074	  65.67074	  65.67074	  65.67074	  65.67074	  65.67074	  65.67074	  65.67074	  65.67074	  65.67074	  65.67074	  65.67074	  65.67074	  65.67074	  65.67074	  65.67074	  65.67074	  65.67074	  65.67074	  65.67074	  65.67074	  65.67074	  65.67074	  65.67074	  65.67074	  65.67074	  65.67074	  65.67074	  65.67074	  65.67074	  65.67074	  65.67074	  65.67074	  65.67074	  65.67074	  65.67074	  65.67074	  65.67074	  65.67074	  65.67074	  65.67074	  65.67074	  65.67074	  65.67074	  65.67074	  65.67074	  65.67074	  65.67074	
        99	 97.876685	 96.755141	 95.637132	 94.524404	 93.418679	 92.321645	  91.23495	 90.160195	 89.098925	 88.052622	 87.022703	  86.01051	 85.017305	 84.044271	 83.092499	 82.162994	 81.256665	 80.374328	 79.516703	 78.684411	 77.877977	  77.09783	 76.344302	 75.617633	  74.91797	 74.245371	 73.599808	  72.98117	  72.38927	 71.823843	 71.284558	 70.771015	 70.282757	  69.81927	  69.37999	 68.964308	 68.571578	 68.201116	 67.852209	 67.524121	 67.216096	 66.927361	 66.657136	 66.404632	 66.169057	 65.949624	 65.745547	  65.55605	  65.38037	 65.217754	 65.067468	 64.928796	 64.801042	  64.68353	  64.57561	 64.476655	 64.386063	 64.303257	 64.227687	  64.15883	 64.096187	 64.039288	 63.987686	 63.940963	 63.898723	 63.860596	 63.826236	 63.795319	 63.767545	 63.742632	 63.720321	 63.700371	 63.682561	 63.666686	 63.652559	 63.640006	 63.628869	 63.619004	  63.61028	 63.602577	 63.595786	 63.589808	 63.584555	 63.579945	 63.575906	 63.572373	 63.569288	 63.566598	 63.564256	  63.56222	 63.560452	 63.558921	 63.557597	 63.556452	 63.555465	 63.554615	 63.553884	 63.553257	 63.552719	 63.552259	 63.551866	 63.551531	 63.551245	 63.551002	 63.550796	 63.550621	 63.550473	 63.550348	 63.550242	 63.550154	 63.550079	 63.550016	 63.549963	 63.549919	 63.549882	 63.549851	 63.549826	 63.549804	 63.549787	 63.549772	  63.54976	  63.54975	 63.549741	 63.549735	 63.549729	 63.549724	 63.549721	 63.549717	 63.549715	 63.549713	 63.549711	  63.54971	 63.549709	 63.549708	 63.549707	 63.549706	 63.549706	 63.549705	 63.549705	 63.549705	 63.549705	 63.549705	 63.549704	 63.549704	 63.549704	 63.549704	 63.549704	 63.549704	 63.549704	 63.549704	 63.549704	 63.549704	 63.549704	 63.549704	 63.549704	 63.549704	 63.549704	 63.549704	 63.549704	 63.549704	 63.549704	 63.549704	 63.549704	 63.549704	 63.549704	 63.549704	 63.549704	 63.549704	 63.549704	 63.549704	 63.549704	 63.549704	 63.549704	 63.549704	 63.549704	 63.549704	 63.549704	 63.549704	 63.549704	 63.549704	 63.549704	 63.549704	 63.549704	 63.549704	 63.549704	 63.549704	 63.549704	 63.549704	 63.549704	 63.549704	 63.549704	 63.549704	 63.549704	 63.549704	 63.549704	 63.549704	 63.549704	 63.549704	 63.549704	
        99	 97.811047	  96.62397	 95.440633	 94.262886	 93.092551	 91.931415	 90.781223	 89.643668	 88.520386	 87.412946	 86.322847	 85.251509	  84.20027	 83.170379	 82.162994	 81.179176	 80.219888	 79.285995	 78.378257	 77.497333	 76.643778	 75.818046	 75.020488	 74.251359	 73.510814	 72.798913	 72.115629	 71.460844	 70.834358	 70.235893	 69.665096	 69.121547	 68.604759	 68.114189	 67.649242	 67.209272	 66.793594	 66.401485	 66.032191	 65.684933	  65.35891	 65.053305	  64.76729	 64.500031	 64.250692	 64.018437	 63.802436	 63.601867	 63.415922	 63.243804	 63.084737	 62.937963	 62.802743	 62.678366	  62.56414	 62.459403	 62.363518	 62.275874	 62.195888	 62.123008	 62.056705	  61.99648	 61.941864	  61.89241	 61.847702	 61.807348	 61.770981	 61.738257	  61.70886	 61.682491	 61.658877	 61.637762	 61.618911	 61.602109	 61.587156	 61.573869	 61.562082	 61.551641	 61.542407	 61.534254	 61.527066	 61.520739	 61.515178	 61.510299	 61.506024	 61.502285	  61.49902	 61.496172	 61.493693	 61.491538	 61.489668	 61.488047	 61.486645	 61.485434	 61.484389	  61.48349	 61.482716	 61.482052	 61.481483	 61.480996	  61.48058	 61.480225	 61.479923	 61.479666	 61.479447	 61.479262	 61.479105	 61.478973	 61.478861	 61.478767	 61.478688	 61.478622	 61.478566	 61.478519	  61.47848	 61.478448	  61.47842	 61.478398	 61.478379	 61.478363	 61.478351	  61.47834	 61.478331	 61.478324	 61.478318	 61.478313	 61.478309	 61.478306	 61.478303	 61.478301	 61.478299	 61.478298	 61.478296	 61.478295	 61.478295	 61.478294	 61.478293	 61.478293	 61.478293	 61.478292	 61.478292	 61.478292	 61.478292	 61.478292	 61.478292	 61.478292	 61.478292	 61.478292	 61.478291	 61.478291	 61.478291	 61.478291	 61.478291	 61.478291	 61.478291	 61.478291	 61.478291	 61.478291	 61.478291	 61.478291	 61.478291	 61.478291	 61.478291	 61.478291	 61.478291	 61.478291	 61.478291	 61.478291	 61.478291	 61.478291	 61.478291	 61.478291	 61.478291	 61.478291	 61.478291	 61.478291	 61.478291	 61.478291	 61.478291	 61.478291	 61.478291	 61.478291	 61.478291	 61.478291	 61.478291	 61.478291	 61.478291	 61.478291	 61.478291	 61.478291	 61.478291	 61.478291	 61.478291	 61.478291	 61.478291	 61.478291	 61.478291	 61.478291	 61.478291	
        99	 97.747046	 96.496069	 95.249034	 94.007889	 92.774556	 91.550916	  90.33881	 89.140021	 87.956272	 86.789219	 85.640441	 84.511433	 83.403607	 82.318277	 81.256665	 80.219888	 79.208963	 78.224799	 77.268199	 76.339855	 75.440353	 74.570173	 73.729683	 72.919152	 72.138744	 71.388523	 70.668458	 69.978426	 69.318217	 68.687537	 68.086015	 67.513207	 66.968601	 66.451625	  65.96165	 65.497998	 65.059944	 64.646729	 64.257556	 63.891606	 63.548033	 63.225978	 62.924567	 62.642923	 62.380162	 62.135405	 61.907777	 61.696412	 61.500458	 61.319076	 61.151446	 60.996771	 60.854273	 60.723201	 60.602827	 60.492452	 60.391406	 60.299044	 60.214753	  60.13795	 60.068078	 60.004612	 59.947055	  59.89494	 59.847826	 59.805299	 59.766974	  59.73249	  59.70151	 59.673722	 59.648836	 59.626585	  59.60672	 59.589013	 59.573255	 59.559253	 59.546831	 59.535828	 59.526098	 59.517506	 59.509931	 59.503263	 59.497403	 59.492261	 59.487757	 59.483816	 59.480375	 59.477374	 59.474762	 59.472491	  59.47052	 59.468812	 59.467334	 59.466058	 59.464957	 59.464009	 59.463194	 59.462494	 59.461894	 59.461381	 59.460943	 59.460569	  59.46025	 59.459979	 59.459749	 59.459554	 59.459389	 59.459249	 59.459132	 59.459032	 59.458949	 59.458879	  59.45882	 59.458771	  59.45873	 59.458696	 59.458667	 59.458643	 59.458623	 59.458607	 59.458593	 59.458582	 59.458573	 59.458565	 59.458559	 59.458554	  59.45855	 59.458546	 59.458543	 59.458541	 59.458539	 59.458537	 59.458536	 59.458535	 59.458534	 59.458534	 59.458533	 59.458533	 59.458532	 59.458532	 59.458532	 59.458532	 59.458532	 59.458531	 59.458531	 59.458531	 59.458531	 59.458531	 59.458531	 59.458531	 59.458531	 59.458531	 59.458531	 59.458531	 59.458531	 59.458531	 59.458531	 59.458531	 59.458531	 59.458531	 59.458531	 59.458531	 59.458531	 59.458531	 59.458531	 59.458531	 59.458531	 59.458531	 59.458531	 59.458531	 59.458531	 59.458531	 59.458531	 59.458531	 59.458531	 59.458531	 59.458531	 59.458531	 59.458531	 59.458531	 59.458531	 59.458531	 59.458531	 59.458531	 59.458531	 59.458531	 59.458531	 59.458531	 59.458531	 59.458531	 59.458531	 59.458531	 59.458531	 59.458531	 59.458531	 59.458531	 59.458531	 59.458531	 59.458531	
