Time step 69:
        99	        99	        99	        99	        99	        99	        99	        99	        99	        99	        99	        99	        99	        99	        99	        99	        99	        99	        99	        99	        99	        99	        99	        99	        99	        99	        99	        99	        99	        99	        99	        99	        99	        99	        99	        99	        99	        99	        99	        99	        99	        99	        99	        99	        99	        99	        99	        99	        99	        99	        99	        99	        99	        99	        99	        99	        99	        99	        99	        99	        99	        99	        99	        99	        99	        99	        99	        99	        99	        99	        99	        99	        99	        99	        99	        99	        99	        99	        99	        99	        99	        99	        99	        99	        99	        99	        99	        99	        99	        99	        99	        99	        99	        99	        99	        99	        99	        99	        99	        99	        99	        99	        99	        99	        99	        99	        99	        99	        99	        99	        99	        99	        99	        99	        99	        99	        99	        99	        99	        99	        99	        99	        99	        99	        99	        99	        99	        99	        99	        99	        99	        99	        99	        99	        99	        99	        99	        99	        99	        99	        99	        99	        99	        99	        99	        99	        99	        99	        99	        99	        99	        99	        99	        99	        99	        99	        99	        99	        99	        99	        99	        99	        99	        99	        99	        99	        99	        99	        99	        99	        99	        99	        99	        99	        99	        99	        99	        99	        99	        99	        99	        99	        99	        99	        99	        99	        99	        99	        99	        99	        99	        99	        99	        99	        99	        99	        99	        99	        99	        99	
        99	 98.990798	 98.981597	   98.9724	 98.963208	 98.954023	 98.944846	 98.935679	 98.926524	 98.917382	 98.908256	 98.899146	 98.890054	 98.880982	 98.871932	 98.862905	 98.853903	 98.844927	 98.835979	  98.82706	 98.818173	 98.809317	 98.800496	  98.79171	 98.782961	 98.774251	  98.76558	  98.75695	 98.748363	  98.73982	 98.731322	  98.72287	 98.714467	 98.706112	 98.697808	 98.689555	 98.681355	 98.673208	 98.665117	 98.657082	 98.649104	 98.641184	 98.633323	 98.625523	 98.617783	 98.610106	 98.602492	 98.594941	 98.587455	 98.580035	 98.572681	 98.565394	 98.558174	 98.551023	 98.543941	 98.536929	 98.529986	 98.523115	 98.516315	 98.509587	 98.502931	 98.496347	 98.489837	   98.4834	 98.477037	 98.470749	 98.464534	 98.458394	 98.452329	 98.446339	 98.440424	 98.434585	 98.428821	 98.423132	 98.417519	 98.411982	  98.40652	 98.401133	 98.395822	 98.390586	 98.385426	  98.38034	 98.375329	 98.370393	 98.365532	 98.360745	 98.356031	 98.351392	 98.346825	 98.342332	 98.337912	 98.333563	 98.329287	 98.325082	 98.320948	 98.316885	 98.312892	 98.308969	 98.305115	 98.301329	 98.297612	 98.293962	  98.29038	 98.286863	 98.283413	 98.280028	 98.276707	 98.273451	 98.270258	 98.267128	  98.26406	 98.261053	 98.258107	 98.255221	 98.252395	 98.249627	 98.246918	 98.244266	  98.24167	  98.23913	 98.236646	 98.234216	  98.23184	 98.229517	 98.227246	 98.225027	 98.222858	  98.22074	 98.218671	 98.216651	 98.214679	 98.212754	 98.210876	 98.209043	 98.207256	 98.205513	 98.203813	 98.202157	 98.200543	  98.19897	 98.197438	 98.195947	 98.194494	 98.193081	 98.191706	 98.190368	 98.189067	 98.187803	 98.186573	 98.185379	 98.184219	 98.183093	    98.182	 98.180939	 98.179911	 98.178913	 98.177946	  98.17701	 98.176103	 98.175225	 98.174376	 98.173555	 98.172761	 98.171995	 98.171255	 98.170541	 98.169853	  98.16919	 98.168552	 98.167938	 98.167348	 98.166781	 98.166238	 98.165717	 98.165219	 98.164743	 98.164289	 98.163856	 98.163444	 98.163053	 98.162682	 98.162332	 98.162001	  98.16169	 98.161399	 98.161127	 98.160874	  98.16064	 98.160425	 98.160228	  98.16005	 98.159889	 98.159747	 98.159623	 98.159517	 98.159429	 98.159358	 98.159305	  98.15927	 98.159252	
        99	 98.981597	 98.963198	 98.944806	 98.926423	 98.908054	 98.889702	  98.87137	 98.853062	  98.83478	 98.816528	  98.79831	 98.780128	 98.761986	 98.743888	 98.725835	 98.707832	 98.689882	 98.671988	 98.654152	 98.636378	 98.618669	 98.601029	 98.583459	 98.565962	 98.548543	 98.531203	 98.513945	 98.496772	 98.479687	 98.462693	 98.445791	 98.428985	 98.412278	 98.395671	 98.379166	 98.362768	 98.346477	 98.330296	 98.314226	 98.298272	 98.282433	 98.266713	 98.251114	 98.235636	 98.220283	 98.205056	 98.189956	 98.174986	 98.160146	  98.14544	 98.130867	 98.116429	 98.102128	 98.087965	 98.073942	 98.060059	 98.046317	 98.032718	 98.019263	 98.005952	 97.992787	 97.979768	 97.966895	 97.954171	 97.941594	 97.929166	 97.916888	 97.904759	  97.89278	 97.880951	 97.869273	 97.857746	  97.84637	 97.835145	 97.824071	 97.813148	 97.802376	 97.791755	 97.781284	 97.770964	 97.760794	 97.750773	 97.740902	  97.73118	 97.721606	  97.71218	 97.702902	  97.69377	 97.684785	 97.675944	 97.667248	 97.658697	 97.650288	 97.642021	 97.633895	  97.62591	 97.618064	 97.610357	 97.602787	 97.595353	 97.588054	 97.580889	 97.573857	 97.566957	 97.560187	 97.553547	 97.547035	  97.54065	  97.53439	 97.528254	 97.522241	  97.51635	 97.510579	 97.504927	 97.499392	 97.493973	 97.488669	 97.483479	   97.4784	 97.473432	 97.468572	  97.46382	 97.459174	 97.454633	 97.450195	 97.445859	 97.441623	 97.437486	 97.433446	 97.429502	 97.425653	 97.421896	 97.418232	 97.414657	 97.411171	 97.407772	  97.40446	 97.401232	 97.398087	 97.395023	  97.39204	 97.389136	  97.38631	  97.38356	 97.380884	 97.378283	 97.375754	 97.373296	 97.370908	 97.368588	 97.366336	  97.36415	 97.362029	 97.359971	 97.357976	 97.356043	  97.35417	 97.352357	 97.350601	 97.348903	 97.347261	 97.345674	 97.344141	 97.342661	 97.341234	 97.339857	 97.338532	 97.337255	 97.336027	 97.334848	 97.333715	 97.332628	 97.331587	 97.330591	 97.329639	  97.32873	 97.327864	 97.327041	 97.326259	 97.325517	 97.324817	 97.324156	 97.323534	 97.322952	 97.322408	 97.321902	 97.321434	 97.321003	  97.32061	 97.320253	 97.319933	 97.319648	   97.3194	 97.319188	 97.319011	  97.31887	 97.318764	 97.318694	 97.318658	
        99	   98.9724	 98.944806	 98.917221	 98.889652	 98.862103	 98.834579	 98.807085	 98.779626	 98.752208	 98.724834	 98.697511	 98.670243	 98.643034	  98.61589	 98.588816	 98.561816	 98.534894	 98.508057	 98.481307	 98.454651	 98.428091	 98.401634	 98.375283	 98.349043	 98.322917	 98.296911	 98.271029	 98.245273	  98.21965	 98.194162	 98.168814	 98.143609	 98.118551	 98.093644	 98.068892	 98.044297	 98.019864	 97.995596	 97.971497	 97.947568	 97.923814	 97.900238	 97.876842	 97.853629	 97.830603	 97.807766	  97.78512	 97.762667	 97.740412	 97.718355	 97.696499	 97.674846	 97.653398	 97.632157	 97.611124	 97.590303	 97.569694	 97.549299	 97.529119	 97.509156	 97.489411	 97.469885	 97.450579	 97.431495	 97.412633	 97.393994	 97.375579	 97.357389	 97.339423	 97.321683	 97.304169	 97.286881	 97.269819	 97.252984	 97.236375	 97.219993	 97.203838	 97.187908	 97.172205	 97.156727	 97.141474	 97.126445	 97.111641	  97.09706	 97.082702	 97.068565	  97.05465	 97.040954	 97.027478	 97.014219	 97.001178	 96.988352	  96.97574	 96.963342	 96.951156	  96.93918	 96.927413	 96.915853	 96.904499	  96.89335	 96.882404	 96.871658	 96.861112	 96.850763	  96.84061	 96.830652	 96.820885	 96.811308	  96.80192	 96.792717	   96.7837	 96.774864	 96.766209	 96.757732	 96.749431	 96.741305	  96.73335	 96.725565	 96.717948	 96.710496	 96.703208	 96.696082	 96.689114	 96.682303	 96.675647	 96.669144	 96.662791	 96.656586	 96.650527	 96.644612	 96.638839	 96.633205	 96.627709	 96.622348	  96.61712	 96.612023	 96.607055	 96.602213	 96.597496	 96.592902	 96.588428	 96.584073	 96.579834	 96.575709	 96.571697	 96.567795	 96.564002	 96.560316	 96.556734	 96.553255	 96.549877	 96.546599	 96.543417	 96.540332	  96.53734	 96.534441	 96.531632	 96.528912	 96.526279	 96.523732	 96.521269	 96.518889	  96.51659	 96.514371	  96.51223	 96.510166	 96.508177	 96.506263	 96.504422	 96.502652	 96.500953	 96.499324	 96.497763	 96.496268	 96.494841	 96.493478	 96.492179	 96.490944	 96.489771	 96.488659	 96.487608	 96.486617	 96.485685	 96.484811	 96.483996	 96.483237	 96.482535	 96.481889	 96.481299	 96.480764	 96.480283	 96.479857	 96.479485	 96.479166	 96.478901	 96.478689	 96.478531	 96.478425	 96.478372	
        99	 98.963208	 98.926423	 98.889652	   98.8529	 98.816176	 98.779485	 98.742835	 98.706231	 98.669681	 98.633191	 98.596767	 98.560417	 98.524147	 98.487963	 98.451871	 98.415879	 98.379991	 98.344215	 98.308557	 98.273023	 98.237618	 98.202349	 98.167222	 98.132242	 98.097416	 98.062748	 98.028245	 97.993913	 97.959755	 97.925779	 97.891988	 97.858389	 97.824986	 97.791783	 97.758787	 97.726002	 97.693431	 97.661081	 97.628955	 97.597057	 97.565392	 97.533963	 97.502775	 97.471832	 97.441137	 97.410693	 97.380505	 97.350575	 97.320907	 97.291504	 97.262369	 97.233504	 97.204913	 97.176598	 97.148561	 97.120805	 97.093332	 97.066144	 97.039244	 97.012632	 96.986311	 96.960282	 96.934546	 96.909106	 96.883962	 96.859116	 96.834568	 96.810319	  96.78637	 96.762721	 96.739374	 96.716328	 96.693584	 96.671142	 96.649002	 96.627164	 96.605628	 96.584393	  96.56346	 96.542827	 96.522494	  96.50246	 96.482725	 96.463288	 96.444148	 96.425303	 96.406753	 96.388496	 96.370531	 96.352857	 96.335472	 96.318375	 96.301563	 96.285035	  96.26879	 96.252826	  96.23714	  96.22173	 96.206595	 96.191733	 96.177141	 96.162816	 96.148758	 96.134963	 96.121428	 96.108153	 96.095133	 96.082367	 96.069852	 96.057585	 96.045563	 96.033785	 96.022248	 96.010947	 95.999882	 95.989049	 95.978445	 95.968067	 95.957913	  95.94798	 95.938265	 95.928764	 95.919476	 95.910397	 95.901524	 95.892855	 95.884386	 95.876115	 95.868038	 95.860153	 95.852457	 95.844947	  95.83762	 95.830474	 95.823505	  95.81671	 95.810087	 95.803633	 95.797345	 95.791221	 95.785257	 95.779451	   95.7738	 95.768302	 95.762953	 95.757752	 95.752696	 95.747782	 95.743007	  95.73837	 95.733867	 95.729496	 95.725256	 95.721142	 95.717154	 95.713289	 95.709545	 95.705919	 95.702409	 95.699014	 95.695731	 95.692558	 95.689493	 95.686535	 95.683681	 95.680929	 95.678279	 95.675727	 95.673272	 95.670914	 95.668649	 95.666477	 95.664395	 95.662404	   95.6605	 95.658684	 95.656952	 95.655305	 95.653742	  95.65226	 95.650859	 95.649538	 95.648295	 95.647131	 95.646043	 95.645032	 95.644096	 95.643235	 95.642448	 95.641735	 95.641094	 95.640526	  95.64003	 95.639605	 95.639252	  95.63897	 95.638758	 95.638617	 95.638547	
        99	 98.954023	 98.908054	 98.862103	 98.816176	 98.770283	 98.724432	 98.678631	 98.632889	 98.587214	 98.541614	 98.496098	 98.450672	 98.405347	 98.360129	 98.315027	 98.270049	 98.225202	 98.180494	 98.135934	 98.091528	 98.047284	  98.00321	 97.959313	   97.9156	 97.872079	 97.828757	  97.78564	 97.742736	 97.700051	 97.657592	 97.615365	 97.573377	 97.531635	 97.490144	  97.44891	 97.407939	 97.367237	  97.32681	 97.286664	 97.246802	 97.207232	 97.167957	 97.128983	 97.090314	 97.051956	 97.013912	 96.976187	 96.938785	  96.90171	 96.864966	 96.828557	 96.792486	 96.756757	 96.721373	 96.686336	 96.651651	 96.617319	 96.583344	 96.549727	 96.516471	 96.483579	 96.451051	 96.418891	   96.3871	 96.355678	 96.324629	 96.293952	 96.263649	 96.233721	 96.204169	 96.174993	 96.146194	 96.117771	 96.089727	 96.062059	 96.034769	 96.007856	  95.98132	  95.95516	 95.929376	 95.903967	 95.878932	  95.85427	  95.82998	 95.806061	 95.782512	  95.75933	 95.736516	 95.714066	 95.691979	 95.670254	 95.648888	 95.627879	 95.607225	 95.586924	 95.566974	 95.547372	 95.528116	 95.509202	 95.490629	 95.472394	 95.454493	 95.436925	 95.419686	 95.402773	 95.386182	 95.369912	 95.353959	 95.338319	  95.32299	 95.307967	 95.293249	 95.278831	 95.264709	 95.250881	 95.237343	 95.224092	 95.211124	 95.198435	 95.186021	 95.173881	 95.162008	 95.150401	 95.139056	 95.127968	 95.117134	 95.106551	 95.096214	 95.086121	 95.076268	 95.066651	 95.057266	  95.04811	 95.039179	  95.03047	 95.021979	 95.013703	 95.005637	  94.99778	 94.990126	 94.982673	 94.975418	 94.968356	 94.961485	 94.954802	 94.948302	 94.941984	 94.935842	 94.929876	 94.924081	 94.918454	 94.912992	 94.907692	 94.902552	 94.897569	 94.892739	 94.888059	 94.883528	 94.879143	   94.8749	 94.870797	 94.866832	 94.863002	 94.859305	 94.855738	   94.8523	 94.848987	 94.845798	 94.842731	 94.839784	 94.836953	 94.834239	 94.831638	 94.829149	  94.82677	   94.8245	 94.822337	 94.820279	 94.818324	 94.816473	 94.814722	 94.813071	 94.811518	 94.810063	 94.808704	 94.807441	 94.806271	 94.805195	 94.804212	  94.80332	  94.80252	  94.80181	  94.80119	 94.800659	 94.800218	 94.799865	   94.7996	 94.799424	 94.799336	
        99	 98.944846	 98.889702	 98.834579	 98.779485	 98.724432	 98.669429	 98.614487	 98.559615	 98.504823	 98.450121	  98.39552	 98.341028	 98.286656	 98.232412	 98.178308	 98.124352	 98.070554	 98.016923	 97.963468	 97.910199	 97.857124	 97.804253	 97.751594	 97.699156	 97.646949	 97.594979	 97.543257	 97.491789	 97.440584	  97.38965	 97.338995	 97.288627	 97.238552	  97.18878	 97.139315	 97.090167	 97.041342	 96.992845	 96.944685	 96.896868	 96.849399	 96.802285	 96.755532	 96.709145	  96.66313	 96.617493	 96.572238	 96.527371	 96.482896	 96.438818	 96.395142	 96.351871	 96.309011	 96.266564	 96.224534	 96.182926	 96.141741	 96.100984	 96.060658	 96.020764	 95.981307	 95.942287	 95.903708	 95.865571	 95.827878	 95.790631	 95.753831	  95.71748	 95.681578	 95.646127	 95.611128	  95.57658	 95.542485	 95.508842	 95.475653	 95.442916	 95.410631	 95.378798	 95.347417	 95.316486	 95.286005	 95.255973	 95.226389	 95.197251	 95.168558	 95.140308	   95.1125	 95.085131	 95.058201	 95.031706	 95.005644	 94.980013	 94.954811	 94.930035	 94.905682	  94.88175	 94.858235	 94.835135	 94.812447	 94.790167	 94.768291	 94.746818	 94.725743	 94.705063	 94.684774	 94.664872	 94.645355	 94.626217	 94.607456	 94.589067	 94.571046	 94.553389	 94.536093	 94.519153	 94.502566	 94.486325	 94.470429	 94.454872	 94.439651	  94.42476	 94.410196	 94.395954	  94.38203	  94.36842	 94.355119	 94.342122	 94.329427	 94.317028	  94.30492	   94.2931	 94.281563	 94.270305	 94.259321	 94.248608	  94.23816	 94.227975	 94.218046	 94.208371	 94.198945	 94.189764	 94.180824	  94.17212	 94.163649	 94.155407	 94.147389	 94.139592	 94.132012	 94.124646	 94.117488	 94.110536	 94.103786	 94.097234	 94.090877	 94.084711	 94.078732	 94.072938	 94.067325	  94.06189	 94.056629	 94.051539	 94.046617	 94.041861	 94.037266	 94.032831	 94.028553	 94.024428	 94.020454	 94.016629	  94.01295	 94.009414	 94.006018	 94.002762	 93.999642	 93.996657	 93.993803	  93.99108	 93.988484	 93.986016	 93.983671	  93.98145	  93.97935	 93.977369	 93.975507	 93.973761	 93.972131	 93.970615	 93.969212	 93.967921	 93.966742	 93.965672	 93.964712	  93.96386	 93.963116	  93.96248	  93.96195	 93.961527	  93.96121	 93.960999	 93.960893	
        99	 98.935679	  98.87137	 98.807085	 98.742835	 98.678631	 98.614487	 98.550413	 98.486421	 98.422522	 98.358729	 98.295052	 98.231504	 98.168094	 98.104836	 98.041739	 97.978815	 97.916076	 97.853531	 97.791191	 97.729068	 97.667172	 97.605514	 97.544103	  97.48295	 97.422065	 97.361458	 97.301139	 97.241117	 97.181402	 97.122002	 97.062928	 97.004188	 96.945792	 96.887746	 96.830061	 96.772744	 96.715803	 96.659247	 96.603083	 96.547317	 96.491959	 96.437015	 96.382491	 96.328394	 96.274732	 96.221509	 96.168733	 96.116408	 96.064542	 96.013138	 95.962202	  95.91174	 95.861756	 95.812254	 95.763239	 95.714715	 95.666685	 95.619154	 95.572125	 95.525601	 95.479586	 95.434081	 95.389089	 95.344614	 95.300656	 95.257219	 95.214302	  95.17191	 95.130041	 95.088698	 95.047881	 95.007592	  94.96783	 94.928596	  94.88989	 94.851711	 94.814061	 94.776937	  94.74034	 94.704269	 94.668722	 94.633699	 94.599197	 94.565216	 94.531754	 94.498809	 94.466379	 94.434462	 94.403055	 94.372157	 94.341763	 94.311873	 94.282482	 94.253588	 94.225187	 94.197277	 94.169855	 94.142915	 94.116456	 94.090473	 94.064962	 94.039919	 94.015342	 93.991224	 93.967563	 93.944354	 93.921592	 93.899274	 93.877394	 93.855949	 93.834933	 93.814342	 93.794171	 93.774416	 93.755071	 93.736132	 93.717593	 93.699451	 93.681699	 93.664334	 93.647349	  93.63074	 93.614502	 93.598629	 93.583118	 93.567961	 93.553156	 93.538696	 93.524576	 93.510791	 93.497337	 93.484208	 93.471398	 93.458904	 93.446721	 93.434842	 93.423263	  93.41198	 93.400988	  93.39028	 93.379854	 93.369704	 93.359825	 93.350213	 93.340863	  93.33177	  93.32293	 93.314339	 93.305992	 93.297884	 93.290012	 93.282371	 93.274958	 93.267767	 93.260795	 93.254038	 93.247492	 93.241153	 93.235017	 93.229081	 93.223342	 93.217795	 93.212437	 93.207265	 93.202275	 93.197465	 93.192831	  93.18837	 93.184079	 93.179955	 93.175995	 93.172198	 93.168559	 93.165077	  93.16175	 93.158574	 93.155547	 93.152668	 93.149934	 93.147343	 93.144894	 93.142584	 93.140412	 93.138377	 93.136476	 93.134708	 93.133072	 93.131567	 93.130191	 93.128943	 93.127824	  93.12683	 93.125963	 93.125221	 93.124603	 93.124109	  93.12374	 93.123493	  93.12337	
        99	 98.926524	 98.853062	 98.779626	 98.706231	 98.632889	 98.559615	 98.486421	  98.41332	 98.340327	 98.267454	 98.194713	  98.12212	 98.049685	 97.977422	 97.905345	 97.833465	 97.761795	 97.690348	 97.619135	  97.54817	 97.477464	  97.40703	 97.336878	 97.267021	  97.19747	 97.128236	 97.059331	 96.990766	 96.922551	 96.854697	 96.787215	 96.720114	 96.653406	 96.587098	 96.521202	 96.455727	 96.390682	 96.326076	 96.261917	 96.198215	 96.134977	 96.072212	 96.009927	 95.948131	  95.88683	 95.826032	 95.765744	 95.705972	 95.646723	 95.588002	 95.529817	 95.472172	 95.415073	 95.358526	 95.302534	 95.247103	 95.192237	 95.137941	 95.084218	 95.031072	 94.978507	 94.926525	  94.87513	 94.824324	  94.77411	 94.724489	 94.675465	 94.627038	  94.57921	 94.531982	 94.485356	 94.439332	  94.39391	 94.349092	 94.304877	 94.261264	 94.218255	 94.175847	 94.134041	 94.092835	 94.052229	  94.01222	 93.972808	 93.933991	 93.895766	 93.858132	 93.821086	 93.784625	 93.748748	 93.713452	 93.678732	 93.644587	 93.611013	 93.578006	 93.545564	 93.513681	 93.482355	 93.451581	 93.421356	 93.391674	 93.362532	 93.333926	  93.30585	 93.278299	 93.251271	 93.224758	 93.198757	 93.173261	 93.148268	  93.12377	 93.099763	 93.076241	 93.053199	 93.030631	 93.008533	 92.986898	 92.965721	 92.944996	 92.924718	 92.904881	 92.885478	 92.866505	 92.847956	 92.829824	 92.812105	 92.794792	 92.777879	  92.76136	  92.74523	 92.729484	 92.714114	 92.699116	 92.684484	 92.670212	 92.656294	 92.642724	 92.629498	 92.616609	 92.604051	  92.59182	  92.57991	 92.568315	  92.55703	  92.54605	 92.535369	 92.524982	 92.514884	  92.50507	 92.495534	 92.486273	  92.47728	 92.468552	 92.460083	 92.451868	 92.443904	 92.436185	 92.428707	 92.421466	 92.414457	 92.407677	  92.40112	 92.394784	 92.388663	 92.382755	 92.377055	  92.37156	 92.366266	  92.36117	 92.356269	 92.351558	 92.347035	 92.342697	  92.33854	 92.334563	 92.330761	 92.327133	 92.323676	 92.320387	 92.317264	 92.314305	 92.311507	 92.308868	 92.306387	 92.304062	  92.30189	 92.299871	 92.298002	 92.296282	 92.294711	 92.293286	 92.292006	 92.290872	 92.289881	 92.289033	 92.288328	 92.287764	 92.287341	  92.28706	 92.286919	
        99	 98.917382	  98.83478	 98.752208	 98.669681	 98.587214	 98.504823	 98.422522	 98.340327	 98.258252	 98.176312	 98.094521	 98.012896	 97.931449	 97.850196	  97.76915	 97.688327	  97.60774	 97.527403	 97.447331	 97.367537	 97.288034	 97.208836	 97.129956	 97.051407	 96.973203	 96.895355	 96.817877	 96.740781	 96.664079	 96.587783	 96.511905	 96.436456	 96.361447	  96.28689	 96.212796	 96.139174	 96.066036	 95.993392	  95.92125	 95.849622	 95.778517	 95.707942	 95.637909	 95.568424	 95.499496	 95.431134	 95.363345	 95.296136	 95.229515	 95.163489	 95.098064	 95.033247	 94.969044	 94.905461	 94.842503	 94.780176	 94.718484	 94.657432	 94.597025	 94.537267	 94.478161	 94.419712	 94.361922	 94.304795	 94.248333	 94.192539	 94.137415	 94.082963	 94.029184	 93.976081	 93.923653	 93.871903	  93.82083	 93.770436	 93.720719	 93.671681	  93.62332	 93.575636	 93.528629	 93.482296	 93.436638	 93.391651	 93.347336	 93.303689	 93.260708	 93.218391	 93.176736	  93.13574	 93.095399	 93.055711	 93.016672	 92.978278	 92.940527	 92.903413	 92.866934	 92.831085	 92.795861	 92.761259	 92.727273	 92.693898	 92.661131	 92.628965	 92.597395	 92.566418	 92.536026	 92.506214	 92.476978	 92.448311	 92.420207	 92.392662	 92.365667	 92.339219	  92.31331	 92.287935	 92.263088	 92.238761	 92.214949	 92.191646	 92.168844	 92.146539	 92.124723	 92.103389	 92.082532	 92.062144	  92.04222	 92.022753	 92.003735	 91.985162	 91.967025	 91.949319	 91.932038	 91.915174	 91.898721	 91.882673	 91.867023	 91.851765	 91.836893	 91.822401	 91.808281	 91.794528	 91.781136	 91.768098	 91.755409	 91.743063	 91.731053	 91.719374	 91.708019	 91.696984	 91.686262	 91.675849	 91.665737	 91.655923	   91.6464	 91.637164	 91.628209	 91.619529	 91.611121	 91.602979	 91.595098	 91.587474	 91.580102	 91.572977	 91.566095	 91.559451	 91.553042	 91.546864	 91.540911	 91.535181	  91.52967	 91.524373	 91.519287	 91.514409	 91.509736	 91.505263	 91.500989	 91.496909	 91.493022	 91.489324	 91.485812	 91.482485	 91.479339	 91.476372	 91.473582	 91.470967	 91.468525	 91.466255	 91.464153	  91.46222	 91.460453	 91.458851	 91.457412	 91.456136	 91.455022	 91.454069	 91.453275	 91.452641	 91.452166	  91.45185	 91.451692	
        99	 98.908256	 98.816528	 98.724834	 98.633191	 98.541614	 98.450121	 98.358729	 98.267454	 98.176312	  98.08532	 97.994494	 97.903851	 97.813407	 97.723178	  97.63318	 97.543428	 97.453939	 97.364727	  97.27581	   97.1872	 97.098915	 97.010968	 96.923374	 96.836148	 96.749305	 96.662858	 96.576821	 96.491208	 96.406033	 96.321308	 96.237048	 96.153264	 96.069969	 95.987176	 95.904896	 95.823142	 95.741924	 95.661255	 95.581144	 95.501604	 95.422643	 95.344273	 95.266502	 95.189341	 95.112799	 95.036885	 94.961607	 94.886974	 94.812994	 94.739674	 94.667022	 94.595045	 94.523749	 94.453142	 94.383229	 94.314016	 94.245509	 94.177714	 94.110633	 94.044274	 93.978639	 93.913733	 93.849559	 93.786121	 93.723422	 93.661465	 93.600251	 93.539784	 93.480064	 93.421094	 93.362875	 93.305408	 93.248693	 93.192732	 93.137523	 93.083067	 93.029364	 92.976413	 92.924213	 92.872762	 92.822059	 92.772104	 92.722892	 92.674424	 92.626695	 92.579704	 92.533447	 92.487921	 92.443124	 92.399052	   92.3557	 92.313065	 92.271144	 92.229931	 92.189422	 92.149612	 92.110497	 92.072072	 92.034332	  91.99727	 91.960883	 91.925164	 91.890107	 91.855707	 91.821958	 91.788853	 91.756387	 91.724553	 91.693345	 91.662756	  91.63278	  91.60341	 91.574639	 91.546461	 91.518869	 91.491855	 91.465412	 91.439535	 91.414215	 91.389445	 91.365219	 91.341528	 91.318367	 91.295727	 91.273602	 91.251984	 91.230866	 91.210241	 91.190101	 91.170439	 91.151248	 91.132521	 91.114251	  91.09643	 91.079051	 91.062108	 91.045593	 91.029499	  91.01382	 90.998548	 90.983676	 90.969198	 90.955108	 90.941397	 90.928061	 90.915091	 90.902482	 90.890228	 90.878322	 90.866758	  90.85553	 90.844631	 90.834057	   90.8238	 90.813855	 90.804217	  90.79488	 90.785839	 90.777087	 90.768621	 90.760434	 90.752522	  90.74488	 90.737503	 90.730386	 90.723524	 90.716914	 90.710551	 90.704431	 90.698549	 90.692901	 90.687485	 90.682295	 90.677328	 90.672582	 90.668052	 90.663735	 90.659628	 90.655729	 90.652033	  90.64854	 90.645245	 90.642147	 90.639244	 90.636532	  90.63401	 90.631677	  90.62953	 90.627568	 90.625788	 90.624191	 90.622774	 90.621537	 90.620478	 90.619597	 90.618893	 90.618366	 90.618015	 90.617839	
        99	 98.899146	  98.79831	 98.697511	 98.596767	 98.496098	  98.39552	 98.295052	 98.194713	 98.094521	 97.994494	  97.89465	 97.795006	 97.695581	 97.596393	 97.497458	 97.398794	 97.300419	 97.202349	 97.104602	 97.007194	 96.910141	 96.813461	  96.71717	 96.621283	 96.525816	 96.430785	 96.336205	 96.242091	 96.148458	 96.055321	 95.962693	  95.87059	 95.779024	  95.68801	  95.59756	 95.507688	 95.418405	 95.329726	  95.24166	 95.154221	  95.06742	 94.981268	 94.895775	 94.810952	  94.72681	 94.643357	 94.560605	 94.478561	 94.397234	 94.316634	 94.236767	 94.157643	 94.079268	  94.00165	 93.924795	 93.848709	   93.7734	 93.698872	 93.625131	 93.552182	  93.48003	 93.408679	 93.338133	 93.268396	 93.199471	 93.131361	 93.064069	 92.997597	 92.931948	 92.867122	 92.803122	 92.739949	 92.677603	 92.616084	 92.555393	  92.49553	 92.436494	 92.378285	 92.320901	 92.264342	 92.208605	 92.153688	 92.099591	 92.046309	 91.993841	 91.942184	 91.891334	 91.841288	 91.792042	 91.743593	 91.695937	 91.649069	 91.602984	 91.557679	 91.513148	 91.469385	 91.426386	 91.384146	 91.342658	 91.301916	 91.261916	 91.222649	 91.184112	 91.146296	 91.109196	 91.072804	 91.037114	 91.002119	 90.967812	 90.934186	 90.901233	 90.868947	 90.837319	 90.806343	  90.77601	 90.746314	 90.717246	 90.688799	 90.660964	 90.633735	 90.607103	 90.581061	 90.555599	 90.530712	 90.506389	 90.482625	  90.45941	 90.436736	 90.414596	 90.392982	 90.371886	 90.351299	 90.331215	 90.311624	  90.29252	 90.273895	  90.25574	 90.238048	 90.220811	 90.204023	 90.187675	 90.171759	 90.156269	 90.141197	 90.126536	 90.112279	 90.098418	 90.084947	 90.071859	 90.059147	 90.046804	 90.034823	 90.023198	 90.011923	 90.000991	 89.990396	 89.980131	 89.970192	 89.960572	 89.951265	 89.942265	 89.933567	 89.925166	 89.917056	 89.909233	  89.90169	 89.894424	 89.887429	 89.880701	 89.874235	 89.868026	 89.862072	 89.856367	 89.850907	 89.845689	 89.840709	 89.835964	 89.831449	 89.827163	   89.8231	  89.81926	 89.815638	 89.812233	 89.809041	  89.80606	 89.803288	 89.800723	 89.798362	 89.796205	 89.794249	 89.792493	 89.790936	 89.789576	 89.788412	 89.787444	  89.78667	  89.78609	 89.785704	  89.78551	
        99	 98.890054	 98.780128	 98.670243	 98.560417	 98.450672	 98.341028	 98.231504	  98.12212	 98.012896	 97.903851	 97.795006	  97.68638	 97.577992	 97.469862	 97.362009	 97.254451	 97.147207	 97.040297	 96.933738	 96.827549	 96.721748	 96.616353	 96.511381	  96.40685	 96.302777	 96.199179	 96.096073	 95.993475	 95.891401	 95.789868	 95.688891	 95.588484	 95.488664	 95.389445	 95.290842	 95.192868	 95.095537	 94.998863	 94.902859	 94.807538	 94.712911	 94.618993	 94.525793	 94.433324	 94.341596	 94.250621	 94.160408	 94.070968	 93.982311	 93.894444	 93.807378	 93.721121	 93.635681	 93.551066	 93.467282	 93.384338	  93.30224	 93.220994	 93.140605	  93.06108	 92.982424	  92.90464	 92.827735	 92.751711	 92.676573	 92.602323	 92.528965	 92.456501	 92.384934	 92.314264	 92.244495	 92.175627	  92.10766	 92.040596	 91.974434	 91.909175	 91.844817	  91.78136	 91.718804	 91.657145	 91.596384	 91.536517	 91.477542	 91.419458	  91.36226	 91.305946	 91.250512	 91.195954	  91.14227	 91.089453	 91.037501	 90.986408	 90.936169	 90.886779	 90.838233	 90.790526	 90.743651	 90.697602	 90.652374	  90.60796	 90.564354	 90.521548	 90.479536	 90.438311	 90.397867	 90.358194	 90.319287	 90.281137	 90.243738	  90.20708	 90.171157	  90.13596	 90.101481	 90.067713	 90.034646	 90.002272	 89.970584	 89.939572	 89.909229	 89.879545	 89.850512	 89.822122	 89.794365	 89.767234	 89.740719	 89.714812	 89.689505	 89.664787	 89.640652	 89.617089	 89.594091	 89.571649	 89.549754	 89.528397	 89.507571	 89.487266	 89.467475	 89.448188	 89.429398	 89.411096	 89.393274	 89.375923	 89.359037	 89.342607	 89.326624	 89.311081	 89.295971	 89.281286	 89.267018	 89.253159	 89.239704	 89.226643	  89.21397	 89.201678	 89.189761	 89.178211	 89.167021	 89.156186	 89.145698	 89.135552	 89.125741	 89.116259	 89.107101	  89.09826	 89.089731	 89.081509	 89.073587	 89.065962	 89.058627	 89.051578	  89.04481	 89.038319	 89.032099	 89.026148	 89.020459	 89.015031	 89.009857	 89.004936	 89.000263	 88.995834	 88.991648	 88.987699	 88.983987	 88.980507	 88.977257	 88.974236	 88.971439	 88.968866	 88.966515	 88.964382	 88.962468	  88.96077	 88.959288	 88.958019	 88.956963	  88.95612	 88.955487	 88.955066	 88.954856	
        99	 98.880982	 98.761986	 98.643034	 98.524147	 98.405347	 98.286656	 98.168094	 98.049685	 97.931449	 97.813407	 97.695581	 97.577992	 97.460661	 97.343609	 97.226857	 97.110424	 96.994332	   96.8786	 96.763249	 96.648298	 96.533767	 96.419676	 96.306043	 96.192887	 96.080227	 95.968081	 95.856468	 95.745404	 95.634908	 95.524998	 95.415688	 95.306998	 95.198941	 95.091536	 94.984796	 94.878738	 94.773377	 94.668726	   94.5648	 94.461614	  94.35918	 94.257512	 94.156623	 94.056524	 93.957228	 93.858746	  93.76109	  93.66427	 93.568297	 93.473181	 93.378931	 93.285557	 93.193067	  93.10147	 93.010774	 92.920986	 92.832113	 92.744163	 92.657142	 92.571055	 92.485909	 92.401707	 92.318456	  92.23616	 92.154822	 92.074446	 91.995035	 91.916592	 91.839119	 91.762619	 91.687093	 91.612542	 91.538968	  91.46637	 91.394749	 91.324105	 91.254437	 91.185745	 91.118026	 91.051281	 90.985506	 90.920699	 90.856858	 90.793981	 90.732064	 90.671103	 90.611095	 90.552036	 90.493922	 90.436748	 90.380509	   90.3252	 90.270816	 90.217351	   90.1648	 90.113156	 90.062413	 90.012565	 89.963605	 89.915526	 89.868322	 89.821984	 89.776506	  89.73188	 89.688098	 89.645152	 89.603035	 89.561737	 89.521252	  89.48157	 89.442682	 89.404581	 89.367258	 89.330703	 89.294907	 89.259863	  89.22556	 89.191989	 89.159142	 89.127009	 89.095581	 89.064848	 89.034801	 89.005431	 88.976729	 88.948684	 88.921288	 88.894532	 88.868404	 88.842898	 88.818002	 88.793708	 88.770006	 88.746888	 88.724343	 88.702363	 88.680938	  88.66006	  88.63972	 88.619908	 88.600615	 88.581833	 88.563554	 88.545767	 88.528466	 88.511641	 88.495284	 88.479387	 88.463942	  88.44894	 88.434374	 88.420235	 88.406517	 88.393211	  88.38031	 88.367807	 88.355694	 88.343965	 88.332612	 88.321629	 88.311008	 88.300744	  88.29083	  88.28126	 88.272027	 88.263126	 88.254551	 88.246297	 88.238357	 88.230726	   88.2234	 88.216373	  88.20964	 88.203197	  88.19704	 88.191163	 88.185563	 88.180235	 88.175176	 88.170383	 88.165851	 88.161577	 88.157558	 88.153791	 88.150273	 88.147002	 88.143975	  88.14119	 88.138644	 88.136336	 88.134264	 88.132426	 88.130821	 88.129447	 88.128304	 88.127391	 88.126707	 88.126251	 88.126023	
        99	 98.871932	 98.743888	  98.61589	 98.487963	 98.360129	 98.232412	 98.104836	 97.977422	 97.850196	 97.723178	 97.596393	 97.469862	 97.343609	 97.217656	 97.092026	  96.96674	  96.84182	 96.717288	 96.593165	 96.469473	 96.346234	 96.223467	 96.101193	 95.979432	 95.858206	 95.737532	 95.617432	 95.497923	 95.379025	 95.260756	 95.143135	  95.02618	 94.909907	 94.794334	 94.679478	 94.565355	 94.451982	 94.339373	 94.227545	 94.116513	  94.00629	 93.896891	 93.788329	 93.680619	 93.573772	 93.467802	  93.36272	 93.258538	 93.155267	 93.052918	 92.951502	 92.851027	 92.751504	 92.652942	 92.555349	 92.458734	 92.363104	 92.268466	 92.174827	 92.082194	 91.990573	  91.89997	 91.810388	 91.721834	 91.634311	 91.547823	 91.462373	 91.377965	 91.294602	 91.212285	 91.131015	 91.050796	 90.971627	 90.893508	 90.816441	 90.740426	  90.66546	 90.591544	 90.518677	 90.446855	 90.376079	 90.306344	 90.237649	 90.169991	 90.103365	 90.037769	 89.973198	 89.909648	 89.847115	 89.785593	 89.725078	 89.665563	 89.607044	 89.549513	 89.492966	 89.437395	 89.382794	 89.329155	 89.276473	 89.224738	 89.173944	 89.124083	 89.075146	 89.027127	 88.980016	 88.933804	 88.888484	 88.844046	 88.800482	 88.757783	 88.715938	  88.67494	 88.634778	 88.595444	 88.556926	 88.519217	 88.482306	 88.446183	 88.410838	 88.376261	 88.342443	 88.309373	 88.277042	 88.245439	 88.214554	 88.184377	 88.154898	 88.126106	 88.097992	 88.070546	 88.043757	 88.017616	 87.992112	 87.967235	 87.942976	 87.919325	 87.896271	 87.873806	 87.851918	   87.8306	  87.80984	  87.78963	  87.76996	 87.750822	 87.732205	 87.714101	   87.6965	 87.679394	 87.662774	 87.646632	 87.630958	 87.615744	 87.600983	 87.586665	 87.572783	 87.559329	 87.546295	 87.533674	 87.521458	 87.509639	 87.498211	 87.487167	 87.476499	 87.466201	 87.456266	 87.446688	 87.437461	 87.428579	 87.420035	 87.411824	 87.403941	  87.39638	 87.389135	 87.382202	 87.375577	 87.369253	 87.363227	 87.357494	 87.352051	 87.346893	 87.342016	 87.337417	 87.333092	 87.329039	 87.325254	 87.321734	 87.318477	  87.31548	  87.31274	 87.310257	 87.308027	 87.306049	 87.304322	 87.302844	 87.301615	 87.300632	 87.299896	 87.299405	  87.29916	
        99	 98.862905	 98.725835	 98.588816	 98.451871	 98.315027	 98.178308	 98.041739	 97.905345	  97.76915	  97.63318	 97.497458	 97.362009	 97.226857	 97.092026	  96.95754	 96.823423	 96.689698	 96.556388	 96.423516	 96.291106	  96.15918	 96.027759	 95.896867	 95.766524	 95.636753	 95.507573	 95.379007	 95.251075	 95.123796	 94.997191	  94.87128	  94.74608	 94.621611	 94.497892	 94.374941	 94.252774	 94.131409	 94.010864	 93.891153	 93.772294	 93.654302	 93.537192	 93.420979	 93.305676	 93.191298	 93.077859	  92.96537	 92.853844	 92.743294	 92.633731	 92.525166	 92.417609	 92.311072	 92.205562	  92.10109	 91.997665	 91.895294	 91.793986	 91.693747	 91.594585	 91.496506	 91.399515	  91.30362	 91.208823	 91.115131	 91.022547	 90.931075	 90.840717	 90.751478	 90.663358	 90.576361	 90.490487	 90.405737	 90.322113	 90.239614	  90.15824	  90.07799	 89.998864	  89.92086	 89.843977	 89.768211	 89.693562	 89.620025	 89.547597	 89.476275	 89.406056	 89.336933	 89.268904	 89.201963	 89.136105	 89.071324	 89.007614	  88.94497	 88.883385	 88.822851	 88.763363	 88.704914	 88.647494	 88.591098	 88.535717	 88.481343	 88.427967	 88.375581	 88.324177	 88.273745	 88.224276	 88.175762	 88.128192	 88.081557	 88.035848	 87.991054	 87.947166	 87.904173	 87.862066	 87.820834	 87.780467	 87.740953	 87.702284	 87.664448	 87.627434	 87.591233	 87.555832	 87.521222	 87.487391	 87.454329	 87.422025	 87.390468	 87.359647	 87.329551	  87.30017	 87.271493	 87.243509	 87.216208	 87.189578	 87.163609	  87.13829	 87.113612	 87.089562	 87.066132	 87.043311	 87.021088	 86.999454	 86.978398	  86.95791	 86.937981	   86.9186	 86.899759	 86.881448	 86.863656	 86.846376	 86.829597	 86.813311	 86.797509	 86.782182	 86.767322	  86.75292	 86.738967	 86.725456	 86.712379	 86.699728	 86.687494	 86.675671	 86.664251	 86.653227	 86.642592	 86.632339	 86.622462	 86.612953	 86.603807	 86.595018	 86.586579	 86.578485	  86.57073	 86.563308	 86.556215	 86.549446	 86.542995	 86.536858	 86.531031	 86.525509	 86.520289	 86.515366	 86.510736	 86.506397	 86.502345	 86.498577	 86.495091	 86.491882	  86.48895	 86.486291	 86.483904	 86.481787	 86.479938	 86.478356	  86.47704	 86.475988	   86.4752	 86.474675	 86.474412	
        99	 98.853903	 98.707832	 98.561816	 98.415879	 98.270049	 98.124352	 97.978815	 97.833465	 97.688327	 97.543428	 97.398794	 97.254451	 97.110424	  96.96674	 96.823423	 96.680499	 96.537993	 96.395929	 96.254333	 96.113228	 95.972639	 95.832588	 95.693101	 95.554199	 95.415906	 95.278245	 95.141236	 95.004903	 94.869267	 94.734349	 94.600169	 94.466748	 94.334107	 94.202263	 94.071238	 93.941049	 93.811715	 93.683254	 93.555683	 93.429019	 93.303279	 93.178479	 93.054635	 92.931761	 92.809873	 92.688984	 92.569108	  92.45026	 92.332451	 92.215693	 92.099999	  91.98538	 91.871846	 91.759409	 91.648077	  91.53786	 91.428767	 91.320806	 91.213985	 91.108311	 91.003792	 90.900433	  90.79824	 90.697219	 90.597375	 90.498711	 90.401232	 90.304942	 90.209842	 90.115936	 90.023226	 89.931713	 89.841399	 89.752283	 89.664367	 89.577649	  89.49213	 89.407809	 89.324683	 89.242751	  89.16201	 89.082459	 89.004093	 88.926909	 88.850904	 88.776074	 88.702412	 88.629916	 88.558579	 88.488397	 88.419362	 88.351469	 88.284711	 88.219082	 88.154574	 88.091179	 88.028891	 87.967702	 87.907602	 87.848585	  87.79064	 87.733759	 87.677934	 87.623154	  87.56941	 87.516693	 87.464993	   87.4143	 87.364603	 87.315892	 87.268157	 87.221387	 87.175571	 87.130699	 87.086759	 87.043741	 87.001633	 86.960425	 86.920104	  86.88066	 86.842081	 86.804356	 86.767473	 86.731421	 86.696188	 86.661762	 86.628133	 86.595288	 86.563217	 86.531906	 86.501346	 86.471525	  86.44243	 86.414052	 86.386378	 86.359396	 86.333097	 86.307469	   86.2825	  86.25818	 86.234498	 86.211443	 86.189005	 86.167172	 86.145934	 86.125281	 86.105202	 86.085688	 86.066729	 86.048314	 86.030433	 86.013078	 85.996238	 85.979905	 85.964069	 85.948721	 85.933852	 85.919454	 85.905518	 85.892036	 85.878999	   85.8664	  85.85423	 85.842482	 85.831149	 85.820223	 85.809697	 85.799564	 85.789817	 85.780451	 85.771457	 85.762832	 85.754567	 85.746658	   85.7391	 85.731886	 85.725012	 85.718472	 85.712262	 85.706378	 85.700814	 85.695568	 85.690635	 85.686011	 85.681693	 85.677677	 85.673961	 85.670542	 85.667417	 85.664584	 85.662041	 85.659785	 85.657814	 85.656128	 85.654725	 85.653604	 85.652764	 85.652205	 85.651925	
        99	 98.844927	 98.689882	 98.534894	 98.379991	 98.225202	 98.070554	 97.916076	 97.761795	  97.60774	 97.453939	 97.300419	 97.147207	 96.994332	  96.84182	 96.689698	 96.537993	 96.386731	  96.23594	 96.085644	  95.93587	 95.786643	 95.637988	 95.489931	 95.342495	 95.195706	 95.049587	 94.904161	 94.759452	 94.615482	 94.472275	 94.329851	 94.188233	 94.047442	 93.907499	 93.768424	 93.630236	 93.492956	 93.356603	 93.221194	 93.086748	 92.953283	 92.820815	 92.689362	 92.558939	 92.429562	 92.301246	 92.174006	 92.047855	 91.922808	 91.798877	 91.676075	 91.554414	 91.433905	 91.314559	 91.196387	 91.079399	 90.963603	  90.84901	 90.735626	  90.62346	 90.512519	  90.40281	 90.294339	 90.187111	 90.081132	 89.976407	 89.872939	 89.770732	  89.66979	 89.570115	 89.471709	 89.374574	  89.27871	  89.18412	 89.090802	 88.998757	 88.907984	 88.818481	 88.730248	 88.643282	 88.557581	 88.473142	 88.389962	 88.308036	 88.227362	 88.147933	 88.069747	 87.992796	 87.917077	 87.842582	 87.769306	 87.697242	 87.626382	 87.556721	  87.48825	 87.420961	 87.354846	 87.289897	 87.226105	 87.163461	 87.101956	 87.041581	 86.982326	  86.92418	 86.867135	 86.811179	 86.756303	 86.702495	 86.649744	 86.598041	 86.547373	 86.497729	 86.449099	  86.40147	  86.35483	 86.309169	 86.264475	 86.220734	 86.177936	 86.136069	  86.09512	 86.055077	 86.015928	 85.977661	 85.940263	 85.903722	 85.868027	 85.833164	 85.799122	 85.765889	 85.733451	 85.701797	 85.670915	 85.640793	 85.611419	  85.58278	 85.554865	 85.527662	 85.501159	 85.475345	 85.450208	 85.425737	  85.40192	 85.378745	 85.356203	 85.334281	 85.312969	 85.292256	 85.272131	 85.252585	 85.233606	 85.215184	  85.19731	 85.179973	 85.163164	 85.146873	 85.131091	 85.115808	 85.101016	 85.086705	 85.072868	 85.059494	 85.046577	 85.034107	 85.022078	  85.01048	 84.999307	 84.988552	 84.978207	 84.968265	 84.958719	 84.949563	 84.940791	 84.932396	 84.924373	 84.916716	  84.90942	 84.902478	 84.895887	 84.889641	 84.883736	 84.878167	 84.872931	 84.868023	 84.863439	 84.859177	 84.855233	 84.851604	 84.848287	  84.84528	  84.84258	 84.840185	 84.838094	 84.836304	 84.834815	 84.833625	 84.832734	  84.83214	 84.831843	
