Time step 14:
        99	        99	        99	        99	        99	        99	        99	        99	        99	        99	        99	        99	        99	        99	        99	        99	        99	        99	        99	        99	        99	        99	        99	        99	        99	        99	        99	        99	        99	        99	        99	        99	        99	        99	        99	        99	        99	        99	        99	        99	        99	        99	        99	        99	        99	        99	        99	        99	        99	        99	        99	        99	        99	        99	        99	        99	        99	        99	        99	        99	        99	        99	        99	        99	        99	        99	        99	        99	        99	        99	        99	        99	        99	        99	        99	        99	        99	        99	        99	        99	        99	        99	        99	        99	        99	        99	        99	        99	        99	        99	        99	        99	        99	        99	        99	        99	        99	        99	        99	        99	        99	        99	        99	        99	        99	        99	        99	        99	        99	        99	        99	        99	        99	        99	        99	        99	        99	        99	        99	        99	        99	        99	        99	        99	        99	        99	        99	        99	        99	        99	        99	        99	        99	        99	        99	        99	        99	        99	        99	        99	        99	        99	        99	        99	        99	        99	        99	        99	        99	        99	        99	        99	        99	        99	        99	        99	        99	        99	        99	        99	        99	        99	        99	        99	        99	        99	        99	        99	        99	        99	        99	        99	        99	        99	        99	        99	        99	        99	        99	        99	        99	        99	        99	        99	        99	        99	        99	        99	        99	        99	        99	        99	        99	        99	        99	        99	        99	        99	        99	        99	
        99	  98.95466	 98.909361	 98.864143	 98.819047	 98.774114	 98.729383	 98.684894	 98.640684	 98.596793	 98.553256	  98.51011	 98.467389	 98.425129	 98.383361	 98.342118	 98.301428	 98.261321	 98.221825	 98.182965	 98.144764	 98.107247	 98.070433	 98.034343	 97.998993	 97.964401	 97.930579	 97.897541	 97.865298	 97.833859	 97.803232	 97.773421	 97.744433	 97.716269	 97.688931	 97.662419	  97.63673	 97.611862	  97.58781	 97.564567	 97.542129	 97.520485	 97.499626	 97.479543	 97.460223	 97.441655	 97.423826	  97.40672	 97.390325	 97.374624	 97.359601	 97.345241	 97.331526	 97.318439	 97.305963	  97.29408	 97.282771	  97.27202	 97.261807	 97.252114	 97.242923	 97.234217	 97.225976	 97.218183	  97.21082	  97.20387	 97.197316	  97.19114	 97.185326	 97.179858	  97.17472	 97.169896	 97.165371	  97.16113	 97.157159	 97.153445	 97.149973	 97.146731	 97.143707	 97.140888	 97.138262	 97.135819	 97.133549	  97.13144	 97.129483	 97.127668	 97.125988	 97.124432	 97.122994	 97.121666	  97.12044	  97.11931	 97.118268	  97.11731	 97.116428	 97.115618	 97.114875	 97.114193	 97.113568	 97.112996	 97.112473	 97.111994	 97.111558	  97.11116	 97.110797	 97.110466	 97.110166	 97.109892	 97.109644	 97.109419	 97.109215	  97.10903	 97.108863	 97.108712	 97.108575	 97.108452	 97.108341	  97.10824	  97.10815	 97.108069	 97.107997	 97.107931	 97.107873	  97.10782	 97.107773	 97.107731	 97.107694	  97.10766	  97.10763	 97.107604	  97.10758	 97.107559	  97.10754	 97.107523	 97.107509	 97.107496	 97.107484	 97.107474	 97.107465	 97.107457	  97.10745	 97.107443	 97.107438	 97.107433	 97.107429	 97.107425	 97.107422	 97.107419	 97.107416	 97.107414	 97.107412	 97.107411	 97.107409	 97.107408	 97.107407	 97.107406	 97.107405	 97.107404	 97.107403	 97.107403	 97.107402	 97.107402	 97.107402	 97.107401	 97.107401	 97.107401	 97.107401	   97.1074	   97.1074	   97.1074	   97.1074	   97.1074	   97.1074	   97.1074	   97.1074	   97.1074	   97.1074	   97.1074	   97.1074	   97.1074	   97.1074	   97.1074	   97.1074	   97.1074	   97.1074	   97.1074	   97.1074	   97.1074	   97.1074	 97.107399	 97.107399	 97.107399	 97.107399	 97.107399	 97.107399	 97.107399	 97.107399	 97.107399	 97.107399	 97.107399	
        99	 98.909361	 98.818803	 98.728408	 98.638258	 98.548432	 98.459011	 98.370072	 98.281692	 98.193949	 98.106914	 98.020661	 97.935259	 97.850776	 97.767279	 97.684828	 97.603486	 97.523309	 97.444352	 97.366666	   97.2903	 97.215298	 97.141704	 97.069556	 96.998889	 96.929735	 96.862122	 96.796076	 96.731619	 96.668769	 96.607542	 96.547949	 96.489998	 96.433696	 96.379045	 96.326044	 96.274689	 96.224975	 96.176892	 96.130429	 96.085571	 96.042303	 96.000605	 95.960456	 95.921835	 95.884716	 95.849072	 95.814877	 95.782101	 95.750713	 95.720681	 95.691973	 95.664556	 95.638394	 95.613453	 95.589697	 95.567091	 95.545597	  95.52518	 95.505803	  95.48743	 95.470025	 95.453551	 95.437972	 95.423253	  95.40936	 95.396257	 95.383911	 95.372289	 95.361357	 95.351085	 95.341441	 95.332395	 95.323918	  95.31598	 95.308554	 95.301614	 95.295133	 95.289087	 95.283451	 95.278203	 95.273319	  95.26878	 95.264564	 95.260651	 95.257024	 95.253665	 95.250556	 95.247681	 95.245026	 95.242575	 95.240315	 95.238233	 95.236316	 95.234554	 95.232935	 95.231449	 95.230085	 95.228836	 95.227693	 95.226647	 95.225691	 95.224818	 95.224022	 95.223297	 95.222636	 95.222035	 95.221489	 95.220992	 95.220542	 95.220134	 95.219765	  95.21943	 95.219128	 95.218855	 95.218609	 95.218387	 95.218186	 95.218006	 95.217844	 95.217699	 95.217568	 95.217451	 95.217346	 95.217252	 95.217168	 95.217093	 95.217026	 95.216967	 95.216913	 95.216866	 95.216824	 95.216786	 95.216753	 95.216723	 95.216697	 95.216674	 95.216653	 95.216635	 95.216619	 95.216605	 95.216593	 95.216582	 95.216572	 95.216564	 95.216556	  95.21655	 95.216544	 95.216539	 95.216534	 95.216531	 95.216527	 95.216524	 95.216522	 95.216519	 95.216518	 95.216516	 95.216514	 95.216513	 95.216512	 95.216511	  95.21651	  95.21651	 95.216509	 95.216508	 95.216508	 95.216507	 95.216507	 95.216507	 95.216507	 95.216506	 95.216506	 95.216506	 95.216506	 95.216506	 95.216506	 95.216506	 95.216506	 95.216505	 95.216505	 95.216505	 95.216505	 95.216505	 95.216505	 95.216505	 95.216505	 95.216505	 95.216505	 95.216505	 95.216505	 95.216505	 95.216505	 95.216505	 95.216505	 95.216505	 95.216505	 95.216505	 95.216505	 95.216505	 95.216505	
        99	 98.864143	 98.728408	 98.592918	 98.457794	 98.323157	 98.189125	 98.055817	 97.923348	  97.79183	 97.661377	 97.532094	 97.404087	 97.277459	 97.152306	 97.028723	 96.906801	 96.786626	 96.668279	 96.551838	 96.437375	 96.324957	 96.214649	 96.106508	 96.000587	 95.896933	 95.795591	 95.696596	 95.599983	 95.505779	 95.414007	 95.324684	 95.237824	 95.153434	 95.071519	 94.992077	 94.915103	 94.840587	 94.768517	 94.698875	 94.631639	 94.566785	 94.504285	 94.444107	 94.386219	 94.330581	 94.277157	 94.225902	 94.176775	 94.129728	 94.084715	 94.041685	  94.00059	 93.961377	 93.923993	 93.888386	 93.854502	 93.822286	 93.791683	  93.76264	 93.735101	 93.709012	  93.68432	 93.660969	 93.638908	 93.618083	 93.598444	 93.579939	 93.562519	 93.546134	 93.530737	 93.516282	 93.502723	 93.490016	 93.478118	 93.466988	 93.456586	 93.446872	 93.437809	 93.429362	 93.421495	 93.414176	 93.407372	 93.401052	 93.395188	 93.389752	 93.384716	 93.380056	 93.375747	 93.371767	 93.368093	 93.364706	 93.361586	 93.358713	 93.356072	 93.353645	 93.351417	 93.349374	 93.347501	 93.345787	 93.344219	 93.342787	 93.341479	 93.340285	 93.339198	 93.338208	 93.337307	 93.336488	 93.335744	  93.33507	 93.334458	 93.333904	 93.333403	  93.33295	 93.332541	 93.332171	 93.331838	 93.331538	 93.331269	 93.331026	 93.330808	 93.330612	 93.330436	 93.330279	 93.330138	 93.330013	   93.3299	   93.3298	  93.32971	  93.32963	 93.329559	 93.329496	  93.32944	  93.32939	 93.329346	 93.329306	 93.329272	 93.329241	 93.329214	  93.32919	 93.329168	  93.32915	 93.329133	 93.329119	 93.329106	 93.329095	 93.329085	 93.329077	 93.329069	 93.329062	 93.329057	 93.329052	 93.329047	 93.329043	  93.32904	 93.329037	 93.329035	 93.329032	  93.32903	 93.329029	 93.329027	 93.329026	 93.329025	 93.329024	 93.329023	 93.329023	 93.329022	 93.329021	 93.329021	 93.329021	  93.32902	  93.32902	  93.32902	  93.32902	 93.329019	 93.329019	 93.329019	 93.329019	 93.329019	 93.329019	 93.329019	 93.329019	 93.329019	 93.329019	 93.329019	 93.329019	 93.329019	 93.329019	 93.329019	 93.329019	 93.329018	 93.329018	 93.329018	 93.329018	 93.329018	 93.329018	 93.329018	 93.329018	 93.329018	 93.329018	
        99	 98.819047	 98.638258	 98.457794	 98.277818	  98.09849	 97.919969	 97.742411	 97.565971	 97.390799	 97.217043	 97.044847	 96.874351	  96.70569	 96.538995	 96.374391	 96.211999	 96.051934	 95.894304	 95.739212	 95.586754	 95.437022	 95.290099	 95.146062	 95.004982	 94.866923	 94.731941	 94.600087	 94.471405	 94.345932	 94.223697	 94.104725	 93.989033	 93.876631	 93.767525	 93.661714	  93.55919	  93.45994	 93.363948	 93.271189	 93.181635	 93.095254	 93.012008	 92.931856	 92.854752	 92.780647	 92.709488	 92.641221	 92.575787	 92.513123	 92.453169	 92.395857	  92.34112	 92.288891	 92.239099	 92.191672	 92.146541	 92.103631	 92.062871	 92.024187	 91.987507	 91.952758	 91.919869	 91.888768	 91.859384	 91.831647	 91.805488	 91.780841	 91.757638	 91.735815	 91.715308	 91.696054	 91.677995	  91.66107	 91.645223	 91.630398	 91.616543	 91.603605	 91.591534	 91.580283	 91.569805	 91.560056	 91.550993	 91.542576	 91.534765	 91.527524	 91.520817	  91.51461	 91.508871	  91.50357	 91.498677	 91.494165	 91.490009	 91.486183	 91.482665	 91.479432	 91.476465	 91.473744	  91.47125	 91.468967	 91.466879	  91.46497	 91.463228	 91.461639	  91.46019	 91.458871	 91.457671	 91.456581	  91.45559	 91.454692	 91.453877	 91.453139	 91.452472	 91.451868	 91.451323	 91.450831	 91.450388	 91.449988	 91.449629	 91.449305	 91.449015	 91.448754	 91.448521	 91.448311	 91.448124	 91.447956	 91.447806	 91.447672	 91.447553	 91.447447	 91.447352	 91.447268	 91.447193	 91.447126	 91.447067	 91.447015	 91.446969	 91.446928	 91.446892	  91.44686	 91.446832	 91.446807	 91.446785	 91.446766	 91.446749	 91.446734	 91.446721	 91.446709	 91.446699	  91.44669	 91.446683	 91.446676	  91.44667	 91.446665	 91.446661	 91.446657	 91.446653	  91.44665	 91.446648	 91.446646	 91.446644	 91.446642	 91.446641	 91.446639	 91.446638	 91.446637	 91.446637	 91.446636	 91.446635	 91.446635	 91.446634	 91.446634	 91.446634	 91.446633	 91.446633	 91.446633	 91.446633	 91.446633	 91.446632	 91.446632	 91.446632	 91.446632	 91.446632	 91.446632	 91.446632	 91.446632	 91.446632	 91.446632	 91.446632	 91.446632	 91.446632	 91.446632	 91.446632	 91.446632	 91.446632	 91.446632	 91.446632	 91.446632	 91.446632	 91.446632	
        99	 98.774114	 98.548432	 98.323157	  98.09849	 97.874633	 97.651782	 97.430134	 97.209881	 96.991212	  96.77431	 96.559355	 96.346522	  96.13598	 95.927893	 95.722416	 95.519699	 95.319887	 95.123115	 94.929512	 94.739197	 94.552284	 94.368878	 94.189075	 94.012962	 93.840621	 93.672121	 93.507526	 93.346891	 93.190261	 93.037674	 92.889159	 92.744739	 92.604426	 92.468228	 92.336142	  92.20816	 92.084265	 91.964436	 91.848644	 91.736853	 91.629022	 91.525105	 91.425049	 91.328799	 91.236293	 91.147465	 91.062246	 90.980563	  90.90234	 90.827498	 90.755954	 90.687626	 90.622427	 90.560271	 90.501068	  90.44473	 90.391165	 90.340283	 90.291994	 90.246206	 90.202829	 90.161773	 90.122948	 90.086268	 90.051643	  90.01899	 89.988222	 89.959257	 89.932015	 89.906416	 89.882382	 89.859837	  89.83871	 89.818928	 89.800422	 89.783126	 89.766975	 89.751907	 89.737862	 89.724782	 89.712612	 89.701299	 89.690792	 89.681042	 89.672003	  89.66363	 89.655882	 89.648718	   89.6421	 89.635993	 89.630361	 89.625172	 89.620396	 89.616004	 89.611969	 89.608265	 89.604868	 89.601755	 89.598905	 89.596298	 89.593916	 89.591741	 89.589757	 89.587949	 89.586302	 89.584805	 89.583443	 89.582207	 89.581085	 89.580068	 89.579147	 89.578314	 89.577561	  89.57688	 89.576266	 89.575713	 89.575214	 89.574765	 89.574361	 89.573999	 89.573673	 89.573382	  89.57312	 89.572886	 89.572677	  89.57249	 89.572323	 89.572174	 89.572041	 89.571923	 89.571818	 89.571724	 89.571641	 89.571568	 89.571502	 89.571445	 89.571394	 89.571348	 89.571308	 89.571273	 89.571242	 89.571215	 89.571191	  89.57117	 89.571151	 89.571135	  89.57112	 89.571108	 89.571097	 89.571087	 89.571079	 89.571072	 89.571065	  89.57106	 89.571055	 89.571051	 89.571047	 89.571044	 89.571041	 89.571039	 89.571037	 89.571035	 89.571033	 89.571032	 89.571031	  89.57103	 89.571029	 89.571028	 89.571028	 89.571027	 89.571026	 89.571026	 89.571026	 89.571025	 89.571025	 89.571025	 89.571025	 89.571025	 89.571025	 89.571024	 89.571024	 89.571024	 89.571024	 89.571024	 89.571024	 89.571024	 89.571024	 89.571024	 89.571024	 89.571024	 89.571024	 89.571024	 89.571024	 89.571024	 89.571024	 89.571024	 89.571024	 89.571024	 89.571024	
        99	 98.729383	 98.459011	 98.189125	 97.919969	 97.651782	 97.384802	 97.119262	 96.855394	 96.593422	 96.333568	 96.076047	 95.821068	 95.568834	  95.31954	 95.073373	 94.830514	 94.591134	 94.355396	 94.123455	 93.895453	 93.671527	 93.451802	 93.236393	 93.025406	 92.818937	  92.61707	 92.419881	 92.227436	 92.039789	 91.856986	 91.679062	 91.506043	 91.337945	 91.174776	 91.016534	 90.863208	 90.714779	 90.571221	 90.432499	 90.298571	 90.169387	 90.044891	 89.925023	 89.809713	 89.698888	  89.59247	 89.490376	 89.392518	 89.298804	 89.209141	  89.12343	 89.041571	 88.963462	 88.888997	 88.818071	 88.750576	 88.686404	 88.625446	 88.567594	 88.512739	 88.460772	 88.411586	 88.365074	 88.321129	 88.279649	 88.240529	 88.203668	 88.168968	 88.136331	 88.105662	 88.076869	  88.04986	 88.024549	  88.00085	  87.97868	 87.957959	 87.938609	 87.920558	 87.903731	 87.888061	 87.873481	 87.859928	  87.84734	 87.835659	  87.82483	   87.8148	 87.805517	 87.796935	 87.789006	 87.781689	 87.774942	 87.768726	 87.763004	 87.757743	 87.752908	 87.748471	 87.744401	 87.740671	 87.737257	 87.734134	  87.73128	 87.728675	 87.726298	 87.724131	 87.722159	 87.720364	 87.718733	 87.717252	 87.715908	  87.71469	 87.713587	 87.712589	 87.711686	 87.710871	 87.710135	 87.709472	 87.708874	 87.708337	 87.707853	 87.707419	 87.707029	 87.706679	 87.706366	 87.706086	 87.705835	 87.705611	 87.705411	 87.705232	 87.705073	 87.704932	 87.704806	 87.704694	 87.704594	 87.704506	 87.704428	 87.704359	 87.704298	 87.704244	 87.704196	 87.704154	 87.704116	 87.704084	 87.704055	 87.704029	 87.704007	 87.703988	  87.70397	 87.703955	 87.703942	 87.703931	 87.703921	 87.703912	 87.703904	 87.703898	 87.703892	 87.703887	 87.703882	 87.703879	 87.703875	 87.703872	  87.70387	 87.703868	 87.703866	 87.703864	 87.703863	 87.703862	 87.703861	  87.70386	 87.703859	 87.703859	 87.703858	 87.703857	 87.703857	 87.703857	 87.703856	 87.703856	 87.703856	 87.703856	 87.703856	 87.703855	 87.703855	 87.703855	 87.703855	 87.703855	 87.703855	 87.703855	 87.703855	 87.703855	 87.703855	 87.703855	 87.703855	 87.703855	 87.703855	 87.703855	 87.703855	 87.703855	 87.703855	 87.703855	 87.703855	
        99	 98.684894	 98.370072	 98.055817	 97.742411	 97.430134	 97.119262	 96.810068	 96.502819	 96.197779	 95.895205	 95.595347	  95.29845	 95.004748	  94.71447	 94.427833	 94.145048	 93.866314	 93.591821	 93.321747	 93.056262	 92.795523	 92.539675	 92.288852	 92.043179	 91.802766	 91.567712	 91.338106	 91.114022	 90.895526	  90.68267	 90.475495	 90.274032	 90.078299	 89.888305	 89.704047	 89.525514	 89.352684	 89.185525	 89.023997	 88.868051	 88.717629	 88.572666	 88.433091	 88.298824	  88.16978	 88.045867	 87.926988	 87.813042	 87.703922	 87.599518	 87.499717	   87.4044	 87.313449	 87.226742	 87.144156	 87.065565	 86.990843	 86.919864	 86.852501	 86.788627	 86.728117	 86.670845	 86.616686	 86.565517	 86.517217	 86.471665	 86.428745	  86.38834	 86.350338	 86.314627	   86.2811	 86.249651	 86.220179	 86.192583	 86.166768	 86.142641	 86.120111	 86.099091	 86.079499	 86.061252	 86.044276	 86.028494	 86.013837	 86.000236	 85.987626	 85.975947	 85.965138	 85.955144	 85.945913	 85.937393	 85.929536	 85.922298	 85.915636	 85.909509	  85.90388	 85.898713	 85.893974	 85.889631	 85.885656	 85.882019	 85.878696	 85.875662	 85.872895	 85.870372	 85.868076	 85.865986	 85.864087	 85.862362	 85.860797	 85.859379	 85.858094	 85.856932	 85.855881	 85.854932	 85.854075	 85.853303	 85.852607	 85.851981	 85.851418	 85.850912	 85.850458	 85.850051	 85.849687	  85.84936	 85.849068	 85.848807	 85.848574	 85.848366	 85.848181	 85.848016	  85.84787	 85.847739	 85.847624	 85.847521	  85.84743	 85.847349	 85.847278	 85.847215	 85.847159	  85.84711	 85.847067	 85.847029	 85.846995	 85.846966	  85.84694	 85.846917	 85.846897	  85.84688	 85.846864	 85.846851	 85.846839	 85.846829	  85.84682	 85.846812	 85.846806	   85.8468	 85.846795	  85.84679	 85.846786	 85.846783	  85.84678	 85.846778	 85.846775	 85.846774	 85.846772	 85.846771	 85.846769	 85.846768	 85.846767	 85.846767	 85.846766	 85.846765	 85.846765	 85.846765	 85.846764	 85.846764	 85.846764	 85.846763	 85.846763	 85.846763	 85.846763	 85.846763	 85.846763	 85.846763	 85.846763	 85.846763	 85.846763	 85.846762	 85.846762	 85.846762	 85.846762	 85.846762	 85.846762	 85.846762	 85.846762	 85.846762	 85.846762	 85.846762	 85.846762	
        99	 98.640684	 98.281692	 97.923348	 97.565971	 97.209881	 96.855394	 96.502819	 96.152463	 95.804626	 95.459601	 95.117673	  94.77912	 94.444212	 94.113207	 93.786356	 93.463896	 93.146055	  92.83305	 92.525086	 92.222353	 91.925031	 91.633287	 91.347275	 91.067134	  90.79299	 90.524959	 90.263138	 90.007616	 89.758464	 89.515745	 89.279503	 89.049774	  88.82658	 88.609929	  88.39982	 88.196239	 87.999161	 87.808549	 87.624359	 87.446533	 87.275007	 87.109706	 86.950549	 86.797444	 86.650295	 86.508997	 86.373439	 86.243506	 86.119077	 86.000025	 85.886221	 85.777532	 85.673821	 85.574949	 85.480775	 85.391158	 85.305952	 85.225015	 85.148201	 85.075366	 85.006366	 84.941059	 84.879301	 84.820953	 84.765876	 84.713934	 84.664992	 84.618919	 84.575584	 84.534863	 84.496632	 84.460772	 84.427164	 84.395697	  84.36626	 84.338747	 84.313056	 84.289088	 84.266746	  84.24594	 84.226582	 84.208586	 84.191872	 84.176363	 84.161984	 84.148666	 84.136341	 84.124945	 84.114418	 84.104703	 84.095744	 84.087491	 84.079894	 84.072908	 84.066489	 84.060596	 84.055192	 84.050241	 84.045707	 84.041561	 84.037772	 84.034312	 84.031156	  84.02828	 84.025661	 84.023278	 84.021113	 84.019146	 84.017362	 84.015744	 84.014279	 84.012954	 84.011755	 84.010673	 84.009696	 84.008815	 84.008022	 84.007308	 84.006666	  84.00609	 84.005572	 84.005108	 84.004692	 84.004319	 84.003986	 84.003689	 84.003423	 84.003186	 84.002975	 84.002787	  84.00262	 84.002471	 84.002339	 84.002222	 84.002119	 84.002027	 84.001945	 84.001873	  84.00181	 84.001754	 84.001705	 84.001661	 84.001623	 84.001589	  84.00156	 84.001534	 84.001511	 84.001491	 84.001473	 84.001458	 84.001445	 84.001433	 84.001423	 84.001414	 84.001407	   84.0014	 84.001394	 84.001389	 84.001385	 84.001381	 84.001377	 84.001375	 84.001372	  84.00137	 84.001368	 84.001367	 84.001365	 84.001364	 84.001363	 84.001362	 84.001361	 84.001361	  84.00136	  84.00136	 84.001359	 84.001359	 84.001359	 84.001359	 84.001358	 84.001358	 84.001358	 84.001358	 84.001358	 84.001358	 84.001358	 84.001358	 84.001357	 84.001357	 84.001357	 84.001357	 84.001357	 84.001357	 84.001357	 84.001357	 84.001357	 84.001357	 84.001357	 84.001357	 84.001357	
        99	 98.596793	 98.193949	  97.79183	 97.390799	 96.991212	 96.593422	 96.197779	 95.804626	 95.414299	 95.027128	 94.643432	 94.263524	 93.887706	 93.516268	  93.14949	  92.78764	 92.430974	 92.079735	 91.734151	 91.394438	 91.060798	 90.733416	 90.412466	 90.098105	 89.790474	 89.489701	 89.195898	 88.909163	 88.629577	 88.357208	 88.092108	 87.834317	 87.583859	 87.340744	  87.10497	  86.87652	 86.655368	 86.441473	 86.234782	 86.035235	 85.842756	 85.657263	 85.478664	 85.306857	 85.141733	 84.983175	 84.831059	 84.685254	 84.545625	 84.412031	 84.284325	 84.162359	 84.045979	  83.93503	 83.829353	 83.728788	 83.633174	  83.54235	 83.456153	 83.374422	 83.296993	 83.223708	 83.154406	 83.088931	 83.027127	 82.968839	 82.913919	 82.862217	  82.81359	 82.767895	 82.724994	 82.684752	  82.64704	 82.611729	 82.578696	 82.547822	 82.518993	 82.492097	 82.467026	 82.443679	 82.421955	 82.401761	 82.383006	 82.365602	 82.349467	 82.334522	 82.320691	 82.307904	 82.296091	 82.285189	 82.275135	 82.265874	 82.257349	 82.249509	 82.242307	 82.235695	  82.22963	 82.224074	 82.218987	 82.214334	 82.210082	 82.206199	 82.202658	  82.19943	 82.196491	 82.193818	 82.191387	 82.189181	 82.187178	 82.185363	 82.183719	 82.182232	 82.180887	 82.179673	 82.178577	 82.177588	 82.176698	 82.175897	 82.175177	 82.174529	 82.173948	 82.173428	 82.172961	 82.172543	 82.172169	 82.171835	 82.171537	 82.171272	 82.171035	 82.170824	 82.170636	 82.170469	 82.170321	  82.17019	 82.170073	  82.16997	 82.169879	 82.169798	 82.169727	 82.169664	 82.169609	  82.16956	 82.169517	 82.169479	 82.169446	 82.169417	 82.169391	 82.169369	 82.169349	 82.169332	 82.169317	 82.169304	 82.169293	 82.169283	 82.169274	 82.169267	  82.16926	 82.169255	  82.16925	 82.169245	 82.169242	 82.169239	 82.169236	 82.169233	 82.169231	  82.16923	 82.169228	 82.169227	 82.169226	 82.169225	 82.169224	 82.169223	 82.169222	 82.169222	 82.169221	 82.169221	 82.169221	  82.16922	  82.16922	  82.16922	  82.16922	  82.16922	  82.16922	  82.16922	 82.169219	 82.169219	 82.169219	 82.169219	 82.169219	 82.169219	 82.169219	 82.169219	 82.169219	 82.169219	 82.169219	 82.169219	 82.169219	 82.169219	 82.169219	
        99	 98.553256	 98.106914	 97.661377	 97.217043	  96.77431	 96.333568	 95.895205	 95.459601	 95.027128	 94.598151	 94.173025	 93.752096	 93.335698	 92.924154	 92.517772	 92.116851	 91.721674	 91.332509	  90.94961	 90.573216	 90.203551	  89.84082	 89.485215	 89.136909	 88.796062	 88.462812	 88.137286	  87.81959	 87.509815	 87.208037	 86.914313	 86.628686	 86.351184	 86.081819	 85.820586	  85.56747	 85.322438	 85.085447	  84.85644	 84.635345	 84.422083	 84.216562	 84.018678	  83.82832	 83.645367	 83.469688	 83.301147	 83.139599	 82.984893	 82.836874	 82.695379	 82.560244	 82.431297	 82.308368	  82.19128	 82.079857	  81.97392	 81.873289	 81.777784	 81.687227	 81.601439	  81.52024	 81.443456	 81.370911	 81.302433	 81.237852	 81.177002	 81.119718	 81.065839	  81.01521	 80.967677	  80.92309	 80.881306	 80.842182	 80.805582	 80.771375	 80.739433	 80.709633	 80.681855	 80.655987	 80.631918	 80.609543	 80.588762	 80.569479	 80.551602	 80.535044	  80.51972	 80.505551	 80.492463	 80.480383	 80.469245	 80.458983	 80.449538	 80.440852	 80.432871	 80.425545	 80.418826	  80.41267	 80.407033	 80.401878	 80.397167	 80.392865	 80.388942	 80.385365	 80.382109	 80.379147	 80.376454	 80.374009	  80.37179	 80.369779	 80.367958	  80.36631	  80.36482	 80.363474	  80.36226	 80.361165	 80.360179	 80.359291	 80.358493	 80.357776	 80.357132	 80.356555	 80.356038	 80.355575	 80.355161	 80.354791	 80.354461	 80.354166	 80.353904	  80.35367	 80.353462	 80.353277	 80.353113	 80.352968	 80.352839	 80.352724	 80.352623	 80.352534	 80.352455	 80.352385	 80.352324	  80.35227	 80.352222	  80.35218	 80.352144	 80.352111	 80.352083	 80.352058	 80.352037	 80.352018	 80.352001	 80.351987	 80.351974	 80.351963	 80.351953	 80.351945	 80.351938	 80.351932	 80.351926	 80.351921	 80.351917	 80.351914	 80.351911	 80.351908	 80.351906	 80.351904	 80.351902	 80.351901	 80.351899	 80.351898	 80.351897	 80.351897	 80.351896	 80.351895	 80.351895	 80.351894	 80.351894	 80.351894	 80.351893	 80.351893	 80.351893	 80.351893	 80.351893	 80.351893	 80.351893	 80.351892	 80.351892	 80.351892	 80.351892	 80.351892	 80.351892	 80.351892	 80.351892	 80.351892	 80.351892	 80.351892	 80.351892	 80.351892	 80.351892	
        99	  98.51011	 98.020661	 97.532094	 97.044847	 96.559355	 96.076047	 95.595347	 95.117673	 94.643432	 94.173025	 93.706842	  93.24526	 92.788647	 92.337355	 91.891726	 91.452085	 91.018742	 90.591991	 90.172113	 89.759367	    89.354	 88.956237	 88.566288	 88.184344	 87.810577	 87.445143	 87.088178	 86.739799	 86.400107	 86.069183	 85.747092	  85.43388	 85.129577	 84.834196	 84.547734	 84.270172	 84.001476	 83.741597	 83.490471	 83.248024	 83.014166	 82.788795	   82.5718	 82.363058	 82.162435	 81.969789	 81.784971	  81.60782	 81.438174	 81.275859	 81.120699	 80.972512	 80.831113	 80.696311	 80.567915	  80.44573	 80.329562	 80.219212	 80.114484	 80.015181	 79.921107	 79.832067	 79.747867	 79.668316	 79.593224	 79.522406	 79.455679	 79.392862	 79.333781	 79.278262	 79.226138	 79.177245	 79.131425	 79.088523	 79.048389	 79.010878	 78.975851	 78.943172	 78.912712	 78.884345	 78.857951	 78.833416	 78.810628	 78.789483	  78.76988	 78.751722	 78.734918	 78.719381	 78.705029	 78.691782	 78.679568	 78.668315	 78.657958	 78.648433	 78.639682	 78.631648	  78.62428	 78.617529	 78.611348	 78.605695	 78.600529	 78.595812	 78.591509	 78.587588	 78.584017	 78.580769	 78.577816	 78.575135	 78.572702	 78.570497	 78.568499	 78.566692	 78.565058	 78.563583	 78.562251	  78.56105	 78.559969	 78.558995	  78.55812	 78.557334	 78.556628	 78.555995	 78.555428	  78.55492	 78.554466	 78.554061	 78.553698	 78.553375	 78.553088	 78.552831	 78.552603	 78.552401	 78.552221	 78.552061	  78.55192	 78.551794	 78.551683	 78.551585	 78.551499	 78.551422	 78.551355	 78.551296	 78.551244	 78.551198	 78.551157	 78.551122	 78.551091	 78.551064	  78.55104	 78.551019	 78.551001	 78.550985	 78.550971	 78.550959	 78.550949	  78.55094	 78.550932	 78.550925	 78.550919	 78.550914	 78.550909	 78.550905	 78.550902	 78.550899	 78.550897	 78.550894	 78.550893	 78.550891	  78.55089	 78.550888	 78.550887	 78.550887	 78.550886	 78.550885	 78.550885	 78.550884	 78.550884	 78.550883	 78.550883	 78.550883	 78.550883	 78.550883	 78.550882	 78.550882	 78.550882	 78.550882	 78.550882	 78.550882	 78.550882	 78.550882	 78.550882	 78.550882	 78.550882	 78.550882	 78.550882	 78.550882	 78.550882	 78.550882	 78.550882	
        99	 98.467389	 97.935259	 97.404087	 96.874351	 96.346522	 95.821068	  95.29845	  94.77912	 94.263524	 93.752096	  93.24526	 92.743427	 92.246995	  91.75635	  91.27186	  90.79388	 90.322748	 89.858784	 89.402291	 88.953552	 88.512835	 88.080386	 87.656432	 87.241181	 86.834821	  86.43752	 86.049426	 85.670667	 85.301353	 84.941571	 84.591392	 84.250867	 83.920028	 83.598889	 83.287447	 82.985681	 82.693553	 82.411012	 82.137988	 81.874398	 81.620146	 81.375123	 81.139205	  80.91226	 80.694142	 80.484697	 80.283761	 80.091163	 79.906723	 79.730253	 79.561563	 79.400454	 79.246724	 79.100167	 78.960575	 78.827735	 78.701436	 78.581464	 78.467603	 78.359641	 78.257363	 78.160558	 78.069016	 77.982527	 77.900888	 77.823894	 77.751348	 77.683054	  77.61882	  77.55846	  77.50179	 77.448634	 77.398818	 77.352175	 77.308541	 77.267759	 77.229678	 77.194149	 77.161033	 77.130192	 77.101497	 77.074822	 77.050048	 77.027058	 77.005745	 76.986004	 76.967735	 76.950843	 76.935239	 76.920838	 76.907558	 76.895324	 76.884064	 76.873708	 76.864194	  76.85546	 76.847449	 76.840109	  76.83339	 76.827244	 76.821627	 76.816499	 76.811821	 76.807557	 76.803675	 76.800143	 76.796933	 76.794018	 76.791373	 76.788976	 76.786804	 76.784839	 76.783063	 76.781459	 76.780011	 76.778705	  76.77753	 76.776471	  76.77552	 76.774665	 76.773897	 76.773209	 76.772593	 76.772041	 76.771547	 76.771106	 76.770713	 76.770361	 76.770048	  76.76977	 76.769522	 76.769302	 76.769106	 76.768932	 76.768779	 76.768642	 76.768522	 76.768415	 76.768321	 76.768238	 76.768165	 76.768101	 76.768044	 76.767994	  76.76795	 76.767912	 76.767878	 76.767848	 76.767822	   76.7678	  76.76778	 76.767763	 76.767748	 76.767735	 76.767723	 76.767713	 76.767705	 76.767697	 76.767691	 76.767685	  76.76768	 76.767676	 76.767672	 76.767669	 76.767666	 76.767664	 76.767662	  76.76766	 76.767659	 76.767658	 76.767657	 76.767656	 76.767655	 76.767654	 76.767653	 76.767653	 76.767653	 76.767652	 76.767652	 76.767652	 76.767651	 76.767651	 76.767651	 76.767651	 76.767651	 76.767651	 76.767651	  76.76765	  76.76765	  76.76765	  76.76765	  76.76765	  76.76765	  76.76765	  76.76765	  76.76765	  76.76765	  76.76765	  76.76765	
        99	 98.425129	 97.850776	 97.277459	  96.70569	  96.13598	 95.568834	 95.004748	 94.444212	 93.887706	 93.335698	 92.788647	 92.246995	 91.711174	 91.181598	 90.658666	 90.142761	 89.634247	 89.133469	 88.640755	 88.156411	 87.680725	 87.213963	  86.75637	 86.308171	 85.869568	 85.440743	 85.021855	 84.613044	 84.214426	 83.826097	 83.448133	 83.080589	 82.723499	 82.376879	 82.040726	 81.715015	 81.399709	 81.094749	 80.800062	 80.515558	 80.241132	 79.976667	 79.722031	 79.477078	 79.241653	  79.01559	 78.798711	 78.590831	 78.391756	 78.201285	  78.01921	 77.845318	  77.67939	 77.521204	 77.370536	 77.227156	 77.090836	 76.961344	  76.83845	 76.721921	 76.611528	 76.507042	 76.408236	 76.314885	 76.226768	 76.143666	 76.065363	  75.99165	  75.92232	  75.85717	 75.796004	 75.738631	 75.684862	 75.634518	 75.587422	 75.543404	 75.502301	 75.463953	 75.428209	 75.394922	  75.36395	 75.335158	 75.308418	 75.283605	 75.260601	 75.239293	 75.219574	 75.201342	   75.1845	 75.168956	 75.154623	 75.141418	 75.129264	 75.118087	 75.107818	 75.098391	 75.089745	 75.081822	  75.07457	 75.067936	 75.061873	 75.056338	 75.051289	 75.046687	 75.042497	 75.038685	  75.03522	 75.032074	 75.029219	 75.026631	 75.024288	 75.022167	  75.02025	 75.018518	 75.016955	 75.015546	 75.014277	 75.013135	 75.012108	 75.011185	 75.010357	 75.009614	 75.008949	 75.008353	  75.00782	 75.007344	 75.006919	  75.00654	 75.006202	 75.005902	 75.005634	 75.005396	 75.005185	 75.004998	 75.004832	 75.004685	 75.004555	  75.00444	 75.004338	 75.004249	  75.00417	   75.0041	 75.004039	 75.003985	 75.003938	 75.003896	  75.00386	 75.003828	   75.0038	 75.003775	 75.003754	 75.003735	 75.003719	 75.003705	 75.003693	 75.003682	 75.003673	 75.003665	 75.003658	 75.003652	 75.003646	 75.003642	 75.003638	 75.003634	 75.003631	 75.003629	 75.003627	 75.003625	 75.003623	 75.003622	 75.003621	  75.00362	 75.003619	 75.003618	 75.003617	 75.003617	 75.003616	 75.003616	 75.003616	 75.003615	 75.003615	 75.003615	 75.003615	 75.003615	 75.003614	 75.003614	 75.003614	 75.003614	 75.003614	 75.003614	 75.003614	 75.003614	 75.003614	 75.003614	 75.003614	 75.003614	 75.003614	 75.003614	 75.003614	
        99	 98.383361	 97.767279	 97.152306	 96.538995	 95.927893	  95.31954	  94.71447	 94.113207	 93.516268	 92.924154	 92.337355	  91.75635	 91.181598	 90.613545	 90.052619	 89.499231	  88.95377	 88.416608	 87.888095	 87.368561	 86.858313	 86.357638	 85.866799	 85.386035	 84.915565	 84.455583	 84.006261	 83.567747	 83.140167	 82.723624	 82.318199	 81.923951	 81.540917	 81.169113	 80.808536	 80.459161	 80.120945	 79.793828	  79.47773	 79.172555	 78.878192	 78.594512	 78.321374	 78.058624	 77.806095	 77.563607	 77.330971	 77.107987	 76.894448	 76.690138	 76.494834	 76.308308	 76.130324	 75.960646	  75.79903	 75.645234	 75.499009	 75.360109	 75.228285	  75.10329	 74.984877	 74.872799	 74.766814	 74.666681	 74.572162	 74.483021	  74.39903	 74.319961	 74.245593	  74.17571	 74.110101	 74.048558	 73.990883	 73.936881	 73.886363	 73.839148	 73.795058	 73.753925	 73.715583	 73.679877	 73.646655	 73.615772	 73.587089	 73.560473	 73.535797	 73.512941	  73.49179	 73.472233	 73.454168	 73.437494	  73.42212	 73.407956	 73.394918	 73.382929	 73.371914	 73.361802	 73.352528	  73.34403	  73.33625	 73.329134	 73.322631	 73.316694	 73.311278	 73.306342	 73.301847	 73.297758	 73.294042	 73.290667	 73.287605	 73.284829	 73.282315	  73.28004	 73.277984	 73.276126	  73.27445	 73.272938	 73.271577	 73.270352	  73.26925	  73.26826	 73.267372	 73.266575	 73.265862	 73.265223	 73.264651	  73.26414	 73.263685	 73.263278	 73.262916	 73.262593	 73.262306	 73.262051	 73.261825	 73.261624	 73.261446	 73.261288	 73.261148	 73.261025	 73.260916	  73.26082	 73.260735	 73.260661	 73.260595	 73.260537	 73.260486	 73.260442	 73.260403	 73.260369	 73.260339	 73.260312	  73.26029	  73.26027	 73.260252	 73.260237	 73.260224	 73.260212	 73.260202	 73.260194	 73.260186	  73.26018	 73.260174	 73.260169	 73.260165	 73.260161	 73.260158	 73.260155	 73.260153	 73.260151	 73.260149	 73.260148	 73.260146	 73.260145	 73.260144	 73.260144	 73.260143	 73.260142	 73.260142	 73.260141	 73.260141	 73.260141	  73.26014	  73.26014	  73.26014	  73.26014	  73.26014	  73.26014	  73.26014	 73.260139	 73.260139	 73.260139	 73.260139	 73.260139	 73.260139	 73.260139	 73.260139	 73.260139	 73.260139	 73.260139	 73.260139	
        99	 98.342118	 97.684828	 97.028723	 96.374391	 95.722416	 95.073373	 94.427833	 93.786356	  93.14949	 92.517772	 91.891726	  91.27186	 90.658666	 90.052619	 89.454176	 88.863774	  88.28183	  87.70874	 87.144878	 86.590595	  86.04622	 85.512058	 84.988388	 84.475469	 83.973532	 83.482784	  83.00341	 82.535566	 82.079387	 81.634984	 81.202442	 80.781825	 80.373171	   79.9765	 79.591805	 79.219063	 78.858226	  78.50923	  78.17199	 77.846403	 77.532351	 77.229698	 76.938291	 76.657968	 76.388548	 76.129841	 75.881645	 75.643747	 75.415926	 75.197951	 74.989584	 74.790582	 74.600694	 74.419667	 74.247242	 74.083159	 73.927154	 73.778964	 73.638323	 73.504968	 73.378634	 73.259061	 73.145987	 73.039157	 72.938315	 72.843213	 72.753604	 72.669246	 72.589905	 72.515348	  72.44535	 72.379691	 72.318159	 72.260544	 72.206648	 72.156274	 72.109236	 72.065351	 72.024446	 71.986351	 71.950907	 71.917958	 71.887357	  71.85896	 71.832634	  71.80825	 71.785684	 71.764819	 71.745545	 71.727757	 71.711354	 71.696243	 71.682333	 71.669542	  71.65779	 71.647002	 71.637107	 71.628041	 71.619741	 71.612149	 71.605211	 71.598877	 71.593099	 71.587833	 71.583037	 71.578675	  71.57471	 71.571109	 71.567842	 71.564881	 71.562198	 71.559772	 71.557577	 71.555596	 71.553807	 71.552195	 71.550743	 71.549435	  71.54826	 71.547204	 71.546256	 71.545406	 71.544645	 71.543963	 71.543353	 71.542809	 71.542322	 71.541888	 71.541502	 71.541158	 71.540852	 71.540579	 71.540338	 71.540123	 71.539933	 71.539765	 71.539616	 71.539485	 71.539368	 71.539266	 71.539176	 71.539096	 71.539026	 71.538964	  71.53891	 71.538863	 71.538821	 71.538784	 71.538752	 71.538724	   71.5387	 71.538679	  71.53866	 71.538644	  71.53863	 71.538618	 71.538607	 71.538598	  71.53859	 71.538583	 71.538577	 71.538571	 71.538567	 71.538563	  71.53856	 71.538557	 71.538554	 71.538552	  71.53855	 71.538549	 71.538547	 71.538546	 71.538545	 71.538544	 71.538544	 71.538543	 71.538542	 71.538542	 71.538542	 71.538541	 71.538541	 71.538541	 71.538541	  71.53854	  71.53854	  71.53854	  71.53854	  71.53854	  71.53854	  71.53854	  71.53854	  71.53854	  71.53854	  71.53854	  71.53854	  71.53854	  71.53854	  71.53854	  71.53854	
        99	 98.301428	 97.603486	 96.906801	 96.211999	 95.519699	 94.830514	 94.145048	 93.463896	  92.78764	 92.116851	 91.452085	  90.79388	 90.142761	 89.499231	 88.863774	 88.236857	  87.61892	 87.010384	 86.411648	 85.823083	 85.245039	 84.677839	 84.121781	 83.577138	 83.044156	 82.523057	 82.014033	 81.517253	 81.032861	 80.560971	 80.101677	 79.655045	 79.221117	 78.799911	 78.391424	 77.995627	 77.612473	 77.241892	 76.883794	 76.538071	 76.204595	 75.883222	 75.573793	 75.276131	 74.990048	 74.715341	 74.451794	 74.199183	 73.957271	 73.725814	  73.50456	  73.29325	 73.091618	 72.899394	 72.716305	 72.542073	  72.37642	 72.219064	 72.069725	 71.928122	 71.793975	 71.667006	 71.546939	 71.433501	 71.326423	 71.225438	 71.130287	 71.040712	 70.956463	 70.877295	 70.802968	 70.733249	  70.66791	 70.606733	 70.549503	 70.496014	 70.446066	 70.399467	 70.356032	 70.315581	 70.277945	 70.242958	 70.210464	 70.180311	 70.152357	 70.126464	 70.102503	 70.080348	 70.059882	 70.040993	 70.023576	  70.00753	  69.99276	 69.979178	 69.966699	 69.955243	 69.944737	  69.93511	 69.926297	 69.918235	 69.910868	 69.904142	 69.898007	 69.892415	 69.887323	 69.882691	  69.87848	 69.874657	 69.871188	 69.868043	 69.865195	 69.862618	 69.860289	 69.858184	 69.856285	 69.854573	 69.853031	 69.851643	 69.850395	 69.849273	 69.848267	 69.847365	 69.846556	 69.845832	 69.845185	 69.844606	  69.84409	 69.843629	 69.843219	 69.842853	 69.842528	 69.842239	 69.841983	 69.841755	 69.841553	 69.841375	 69.841217	 69.841077	 69.840953	 69.840844	 69.840748	 69.840664	 69.840589	 69.840524	 69.840467	 69.840416	 69.840372	 69.840333	 69.840299	  69.84027	 69.840244	 69.840221	 69.840201	 69.840184	 69.840169	 69.840156	 69.840145	 69.840135	 69.840126	 69.840119	 69.840113	 69.840107	 69.840102	 69.840098	 69.840095	 69.840091	 69.840089	 69.840087	 69.840085	 69.840083	 69.840081	  69.84008	 69.840079	 69.840078	 69.840077	 69.840077	 69.840076	 69.840076	 69.840075	 69.840075	 69.840075	 69.840074	 69.840074	 69.840074	 69.840074	 69.840074	 69.840074	 69.840074	 69.840074	 69.840073	 69.840073	 69.840073	 69.840073	 69.840073	 69.840073	 69.840073	 69.840073	 69.840073	 69.840073	
        99	 98.261321	 97.523309	 96.786626	 96.051934	 95.319887	 94.591134	 93.866314	 93.146055	 92.430974	 91.721674	 91.018742	 90.322748	 89.634247	  88.95377	  88.28183	  87.61892	 86.965506	 86.322033	 85.688922	 85.066566	 84.455335	 83.855571	 83.267588	 82.691676	 82.128095	 81.577078	  81.03883	 80.513529	 80.001326	 79.502345	 79.016682	 78.544407	 78.085566	 77.640179	 77.208239	 76.789719	 76.384568	  75.99271	 75.614053	 75.248481	 74.895859	 74.556036	 74.228842	 73.914091	 73.611583	 73.321104	 73.042427	 72.775313	 72.519512	 72.274767	 72.040811	 71.817369	  71.60416	 71.400901	   71.2073	 71.023066	 70.847902	 70.681512	 70.523599	 70.373866	 70.232018	 70.097759	 69.970799	 69.850848	 69.737622	  69.63084	 69.530226	 69.435509	 69.346423	  69.26271	 69.184115	 69.110393	 69.041304	 68.976614	 68.916098	 68.859538	 68.806723	 68.757449	  68.71152	 68.668747	  68.62895	 68.591955	 68.557595	 68.525711	 68.496152	 68.468773	 68.443435	 68.420008	 68.398367	 68.378394	 68.359977	  68.34301	 68.327393	 68.313031	 68.299835	 68.287722	 68.276612	 68.266433	 68.257113	 68.248589	 68.240799	 68.233687	 68.227199	 68.221286	 68.215902	 68.211004	 68.206552	 68.202509	 68.198841	 68.195515	 68.192504	 68.189779	 68.187316	  68.18509	 68.183082	 68.181272	 68.179641	 68.178173	 68.176854	 68.175668	 68.174604	  68.17365	 68.172794	 68.172029	 68.171345	 68.170733	 68.170187	   68.1697	 68.169266	 68.168879	 68.168535	  68.16823	 68.167959	 68.167718	 68.167505	 68.167316	 68.167149	 68.167001	  68.16687	 68.166755	 68.166654	 68.166564	 68.166486	 68.166416	 68.166356	 68.166302	 68.166255	 68.166214	 68.166179	 68.166147	  68.16612	 68.166096	 68.166075	 68.166057	 68.166041	 68.166027	 68.166015	 68.166005	 68.165996	 68.165988	 68.165981	 68.165975	  68.16597	 68.165966	 68.165962	 68.165959	 68.165956	 68.165954	 68.165952	  68.16595	 68.165948	 68.165947	 68.165946	 68.165945	 68.165944	 68.165943	 68.165943	 68.165942	 68.165942	 68.165942	 68.165941	 68.165941	 68.165941	 68.165941	  68.16594	  68.16594	  68.16594	  68.16594	  68.16594	  68.16594	  68.16594	  68.16594	  68.16594	  68.16594	  68.16594	  68.16594	  68.16594	  68.16594	  68.16594	
