Time step 96:
        99	        99	        99	        99	        99	        99	        99	        99	        99	        99	        99	        99	        99	        99	        99	        99	        99	        99	        99	        99	        99	        99	        99	        99	        99	        99	        99	        99	        99	        99	        99	        99	        99	        99	        99	        99	        99	        99	        99	        99	        99	        99	        99	        99	        99	        99	        99	        99	        99	        99	        99	        99	        99	        99	        99	        99	        99	        99	        99	        99	        99	        99	        99	        99	        99	        99	        99	        99	        99	        99	        99	        99	        99	        99	        99	        99	        99	        99	        99	        99	        99	        99	        99	        99	        99	        99	        99	        99	        99	        99	        99	        99	        99	        99	        99	        99	        99	        99	        99	        99	        99	        99	        99	        99	        99	        99	        99	        99	        99	        99	        99	        99	        99	        99	        99	        99	        99	        99	        99	        99	        99	        99	        99	        99	        99	        99	        99	        99	        99	        99	        99	        99	        99	        99	        99	        99	        99	        99	        99	        99	        99	        99	        99	        99	        99	        99	        99	        99	        99	        99	        99	        99	        99	        99	        99	        99	        99	        99	        99	        99	        99	        99	        99	        99	        99	        99	        99	        99	        99	        99	        99	        99	        99	        99	        99	        99	        99	        99	        99	        99	        99	        99	        99	        99	        99	        99	        99	        99	        99	        99	        99	        99	        99	        99	        99	        99	        99	        99	        99	        99	
        99	 98.993387	 98.986774	 98.980163	 98.973555	  98.96695	  98.96035	 98.953755	 98.947166	 98.940583	 98.934009	 98.927443	 98.920887	 98.914341	 98.907807	 98.901284	 98.894774	 98.888278	 98.881797	 98.875331	 98.868881	 98.862447	 98.856032	 98.849635	 98.843258	 98.836901	 98.830565	  98.82425	 98.817958	 98.811689	 98.805443	 98.799223	 98.793028	 98.786859	 98.780716	 98.774601	 98.768515	 98.762457	 98.756428	  98.75043	 98.744462	 98.738526	 98.732622	  98.72675	 98.720912	 98.715107	 98.709337	 98.703601	 98.697901	 98.692237	  98.68661	 98.681019	 98.675466	 98.669951	 98.664475	 98.659037	 98.653639	  98.64828	 98.642962	 98.637684	 98.632447	 98.627252	 98.622098	 98.616986	 98.611917	  98.60689	 98.601906	 98.596966	 98.592069	 98.587216	 98.582407	 98.577643	 98.572923	 98.568248	 98.563618	 98.559033	 98.554493	 98.549999	 98.545551	 98.541148	 98.536792	 98.532481	 98.528216	 98.523998	 98.519826	   98.5157	 98.511621	 98.507588	 98.503602	 98.499662	 98.495768	 98.491921	 98.488121	 98.484366	 98.480659	 98.476997	 98.473382	 98.469813	  98.46629	 98.462813	 98.459382	 98.455997	 98.452657	 98.449363	 98.446114	 98.442911	 98.439753	  98.43664	 98.433571	 98.430547	 98.427567	 98.424632	 98.421741	 98.418893	 98.416089	 98.413329	 98.410611	 98.407937	 98.405305	 98.402716	 98.400169	 98.397664	   98.3952	 98.392778	 98.390397	 98.388057	 98.385758	 98.383499	  98.38128	   98.3791	 98.376961	  98.37486	 98.372799	 98.370776	 98.368791	 98.366845	 98.364936	 98.363065	 98.361231	 98.359434	 98.357673	 98.355949	 98.354261	 98.352608	 98.350991	 98.349409	 98.347862	 98.346349	 98.344871	 98.343426	 98.342016	 98.340638	 98.339294	 98.337983	 98.336704	 98.335457	 98.334242	 98.333059	 98.331908	 98.330788	 98.329699	  98.32864	 98.327612	 98.326614	 98.325646	 98.324708	 98.323799	  98.32292	  98.32207	 98.321248	 98.320456	 98.319691	 98.318955	 98.318247	 98.317567	 98.316915	  98.31629	 98.315692	 98.315122	 98.314578	 98.314062	 98.313572	 98.313108	 98.312672	 98.312261	 98.311877	 98.311519	 98.311187	 98.310881	   98.3106	 98.310346	 98.310117	 98.309913	 98.309736	 98.309583	 98.309456	 98.309355	 98.309279	 98.309228	 98.309203	
        99	 98.986774	  98.97355	 98.960329	 98.947113	 98.933905	 98.920705	 98.907515	 98.894338	 98.881175	 98.868027	 98.854896	 98.841785	 98.828694	 98.815625	 98.802581	 98.789562	 98.776571	 98.763609	 98.750677	 98.737778	 98.724913	 98.712083	 98.699291	 98.686537	 98.673823	 98.661151	 98.648523	 98.635939	 98.623402	 98.610912	 98.598472	 98.586083	 98.573745	 98.561461	 98.549232	  98.53706	 98.524945	 98.512888	 98.500892	 98.488958	 98.477086	 98.465279	 98.453536	  98.44186	 98.430252	 98.418712	 98.407242	 98.395843	 98.384515	 98.373261	 98.362081	 98.350976	 98.339946	 98.328994	 98.318119	 98.307323	 98.296607	 98.285971	 98.275416	 98.264943	 98.254552	 98.244245	 98.234022	 98.223884	 98.213832	 98.203865	 98.193985	 98.184192	 98.174487	  98.16487	 98.155342	 98.145902	 98.136553	 98.127293	 98.118124	 98.109045	 98.100058	 98.091162	 98.082357	 98.073644	 98.065024	 98.056495	 98.048059	 98.039715	 98.031464	 98.023306	 98.015241	 98.007269	 97.999389	 97.991603	 97.983909	 97.976309	 97.968801	 97.961386	 97.954063	 97.946833	 97.939696	  97.93265	 97.925697	 97.918835	 97.912065	 97.905386	 97.898799	 97.892302	 97.885896	 97.879579	 97.873353	 97.867217	 97.861169	  97.85521	  97.84934	 97.843558	 97.837863	 97.832256	 97.826735	 97.821301	 97.815952	 97.810689	  97.80551	 97.800416	 97.795406	  97.79048	 97.785636	 97.780874	 97.776195	 97.771596	 97.767078	 97.762641	 97.758282	 97.754003	 97.749803	  97.74568	 97.741635	 97.737666	 97.733773	 97.729956	 97.726214	 97.722546	 97.718952	 97.715431	 97.711983	 97.708607	 97.705302	 97.702068	 97.698904	  97.69581	 97.692785	 97.689828	 97.686939	 97.684118	 97.681363	 97.678675	 97.676052	 97.673495	 97.671001	 97.668572	 97.666207	 97.663904	 97.661664	 97.659485	 97.657368	 97.655312	 97.653317	 97.651381	 97.649505	 97.647688	 97.645929	 97.644229	 97.642586	 97.641001	 97.639472	    97.638	 97.636584	 97.635224	 97.633919	 97.632669	 97.631474	 97.630333	 97.629247	 97.628213	 97.627234	 97.626307	 97.625434	 97.624613	 97.623845	 97.623128	 97.622464	 97.621852	 97.621291	 97.620782	 97.620324	 97.619918	 97.619562	 97.619257	 97.619004	 97.618801	 97.618649	 97.618547	 97.618497	
        99	 98.980163	 98.960329	   98.9405	 98.920679	 98.900868	  98.88107	 98.861288	 98.841525	 98.821782	 98.802062	 98.782368	 98.762703	 98.743069	 98.723468	 98.703904	 98.684378	 98.664893	 98.645452	 98.626057	 98.606711	 98.587415	 98.568172	 98.548986	 98.529857	 98.510789	 98.491783	 98.472842	 98.453969	 98.435165	 98.416433	 98.397774	 98.379192	 98.360688	 98.342264	 98.323923	 98.305666	 98.287495	 98.269413	 98.251421	 98.233521	 98.215716	 98.198006	 98.180394	 98.162882	 98.145471	 98.128163	  98.11096	 98.093863	 98.076874	 98.059995	 98.043226	  98.02657	 98.010028	 97.993601	 97.977291	 97.961099	 97.945026	 97.929073	 97.913243	 97.897535	 97.881951	 97.866492	  97.85116	 97.835954	 97.820877	 97.805928	  97.79111	 97.776422	 97.761866	 97.747442	 97.733151	 97.718994	 97.704971	 97.691084	 97.677331	 97.663715	 97.650235	 97.636892	 97.623687	 97.610619	 97.597689	 97.584898	 97.572245	 97.559731	 97.547356	  97.53512	 97.523024	 97.511067	 97.499249	  97.48757	 97.476031	 97.464632	 97.453371	  97.44225	 97.431267	 97.420423	 97.409718	 97.399151	 97.388722	 97.378431	 97.368277	  97.35826	 97.348379	 97.338635	 97.329027	 97.319554	 97.310215	 97.301011	 97.291941	 97.283004	 97.274199	 97.265527	 97.256986	 97.248576	 97.240296	 97.232145	 97.224123	 97.216229	 97.208462	 97.200822	 97.193308	 97.185919	 97.178654	 97.171512	 97.164493	 97.157596	  97.15082	 97.144164	 97.137628	  97.13121	  97.12491	 97.118726	 97.112659	 97.106706	 97.100868	 97.095143	 97.089531	 97.084029	 97.078639	 97.073358	 97.068187	 97.063123	 97.058166	 97.053315	  97.04857	 97.043929	 97.039392	 97.034958	 97.030625	 97.026394	 97.022262	  97.01823	 97.014296	  97.01046	 97.006721	 97.003078	  96.99953	 96.996076	 96.992716	 96.989449	 96.986274	  96.98319	 96.980197	 96.977294	  96.97448	 96.971755	 96.969117	 96.966567	 96.964103	 96.961725	 96.959433	 96.957225	 96.955101	 96.953061	 96.951104	 96.949229	 96.947437	 96.945725	 96.944095	 96.942546	 96.941077	 96.939687	 96.938377	 96.937146	 96.935993	 96.934919	 96.933923	 96.933005	 96.932164	   96.9314	 96.930713	 96.930104	  96.92957	 96.929113	 96.928733	 96.928429	 96.928201	 96.928049	 96.927973	
        99	 98.973555	 98.947113	 98.920679	 98.894255	 98.867844	 98.841452	  98.81508	 98.788732	 98.762412	 98.736123	 98.709869	 98.683653	 98.657478	 98.631348	 98.605266	 98.579236	  98.55326	 98.527342	 98.501486	 98.475695	 98.449971	 98.424318	  98.39874	 98.373239	 98.347818	 98.322481	 98.297231	  98.27207	 98.247002	  98.22203	 98.197156	 98.172383	 98.147715	 98.123154	 98.098702	 98.074363	 98.050139	 98.026033	 98.002048	 97.978185	 97.954448	 97.930839	  97.90736	 97.884014	 97.860803	  97.83773	 97.814796	 97.792003	 97.769355	 97.746852	 97.724498	 97.702293	  97.68024	 97.658341	 97.636597	 97.615011	 97.593584	 97.572317	 97.551213	 97.530272	 97.509497	 97.488888	 97.468448	 97.448177	 97.428077	 97.408149	 97.388394	 97.368814	 97.349408	 97.330179	 97.311128	 97.292255	  97.27356	 97.255046	 97.236712	  97.21856	  97.20059	 97.182802	 97.165197	 97.147776	 97.130539	 97.113487	 97.096619	 97.079936	 97.063439	 97.047127	 97.031001	  97.01506	 96.999306	 96.983737	 96.968354	 96.953156	 96.938145	 96.923318	 96.908677	 96.894221	  96.87995	 96.865862	 96.851959	 96.838239	 96.824703	 96.811349	 96.798177	 96.785187	 96.772378	 96.759749	   96.7473	  96.73503	 96.722938	 96.711023	 96.699286	 96.687725	 96.676338	 96.665126	 96.654088	 96.643222	 96.632527	 96.622004	  96.61165	 96.601464	 96.591447	 96.581596	 96.571911	  96.56239	 96.553033	 96.543839	 96.534806	 96.525933	 96.517219	 96.508663	 96.500264	 96.492021	 96.483932	 96.475996	 96.468213	 96.460581	 96.453099	 96.445765	 96.438579	 96.431539	 96.424644	 96.417894	 96.411286	 96.404819	 96.398493	 96.392306	 96.386258	 96.380346	  96.37457	 96.368929	 96.363421	 96.358046	 96.352802	 96.347688	 96.342703	 96.337846	 96.333116	 96.328512	 96.324032	 96.319677	 96.315444	 96.311333	 96.307343	 96.303473	 96.299721	 96.296088	 96.292572	 96.289172	 96.285887	 96.282717	 96.279661	 96.276718	 96.273887	 96.271167	 96.268558	 96.266059	 96.263669	 96.261388	 96.259215	 96.257149	 96.255191	 96.253338	 96.251592	  96.24995	 96.248414	 96.246982	 96.245654	  96.24443	 96.243309	  96.24229	 96.241375	 96.240562	 96.239851	 96.239242	 96.238735	 96.238329	 96.238025	 96.237822	 96.237721	
        99	  98.96695	 98.933905	 98.900868	 98.867844	 98.834838	 98.801854	 98.768895	 98.735967	 98.703074	 98.670219	 98.637408	 98.604644	 98.571932	 98.539276	  98.50668	 98.474148	 98.441685	 98.409295	 98.376981	 98.344748	 98.312599	  98.28054	 98.248573	 98.216703	 98.184934	 98.153269	 98.121712	 98.090267	 98.058939	 98.027729	 97.996643	 97.965683	 97.934854	 97.904158	   97.8736	 97.843182	 97.812908	 97.782782	 97.752806	 97.722984	 97.693318	 97.663813	  97.63447	 97.605293	 97.576285	 97.547449	 97.518787	 97.490302	 97.461997	 97.433875	 97.405937	 97.378187	 97.350626	 97.323257	 97.296083	 97.269106	 97.242327	 97.215749	 97.189373	 97.163203	 97.137239	 97.111484	 97.085938	 97.060605	 97.035484	 97.010579	  96.98589	  96.96142	 96.937168	 96.913136	 96.889327	  96.86574	 96.842377	 96.819238	 96.796326	  96.77364	 96.751181	 96.728951	  96.70695	 96.685178	 96.663636	 96.642324	 96.621244	 96.600394	 96.579777	 96.559391	 96.539237	 96.519315	 96.499626	 96.480169	 96.460944	 96.441951	  96.42319	  96.40466	 96.386363	 96.368296	  96.35046	 96.332855	 96.315479	 96.298333	 96.281416	 96.264726	 96.248265	  96.23203	 96.216022	 96.200239	 96.184681	 96.169346	 96.154234	 96.139344	 96.124675	 96.110226	 96.095996	 96.081984	 96.068189	 96.054609	 96.041243	 96.028091	 96.015152	 96.002423	 95.989903	 95.977592	 95.965488	  95.95359	 95.941896	 95.930405	 95.919115	 95.908026	 95.897136	 95.886443	 95.875947	 95.865645	 95.855536	 95.845618	 95.835891	 95.826353	 95.817002	 95.807837	 95.798856	 95.790058	 95.781441	 95.773004	 95.764746	 95.756664	 95.748758	 95.741027	 95.733467	 95.726079	 95.718861	  95.71181	 95.704927	 95.698209	 95.691655	 95.685264	 95.679034	 95.672964	 95.667053	 95.661299	 95.655701	 95.650257	 95.644967	  95.63983	 95.634843	 95.630006	 95.625318	 95.620777	 95.616383	 95.612134	 95.608029	 95.604067	 95.600248	 95.596569	 95.593031	 95.589632	 95.586371	 95.583248	 95.580262	 95.577411	 95.574695	 95.572114	 95.569666	 95.567351	 95.565168	 95.563117	 95.561196	 95.559407	 95.557747	 95.556217	 95.554816	 95.553544	 95.552399	 95.551383	 95.550495	 95.549734	   95.5491	 95.548593	 95.548213	  95.54796	 95.547833	
        99	  98.96035	 98.920705	  98.88107	 98.841452	 98.801854	 98.762282	 98.722741	 98.683237	 98.643774	 98.604358	 98.564994	 98.525687	 98.486442	 98.447264	 98.408159	  98.36913	 98.330184	 98.291325	 98.252557	 98.213887	 98.175318	 98.136856	 98.098505	 98.060271	 98.022157	 97.984168	 97.946309	 97.908584	 97.870999	 97.833556	 97.796262	 97.759119	 97.722133	 97.685307	 97.648646	 97.612154	 97.575834	 97.539691	 97.503728	  97.46795	  97.43236	 97.396962	 97.361759	 97.326756	 97.291955	 97.257359	 97.222973	   97.1888	 97.154842	 97.121103	 97.087586	 97.054293	 97.021229	 96.988394	 96.955793	 96.923428	 96.891301	 96.859415	 96.827772	 96.796375	 96.765226	 96.734327	  96.70368	 96.673287	  96.64315	 96.613271	 96.583652	 96.554294	 96.525199	 96.496368	 96.467803	 96.439506	 96.411477	 96.383717	 96.356229	 96.329012	 96.302069	 96.275399	 96.249003	 96.222883	 96.197039	 96.171471	 96.146181	 96.121168	 96.096433	 96.071975	 96.047797	 96.023897	 96.000275	 95.976932	 95.953867	 95.931081	 95.908574	 95.886344	 95.864392	 95.842717	 95.821319	 95.800198	 95.779352	 95.758782	 95.738486	 95.718464	 95.698715	 95.679238	 95.660032	 95.641097	 95.622432	 95.604035	 95.585905	 95.568041	 95.550443	 95.533108	 95.516036	 95.499226	 95.482675	 95.466383	 95.450349	  95.43457	 95.419046	 95.403775	 95.388755	 95.373985	 95.359464	  95.34519	  95.33116	 95.317374	  95.30383	 95.290527	 95.277462	 95.264634	 95.252041	 95.239681	 95.227553	 95.215655	 95.203985	 95.192542	 95.181324	 95.170328	 95.159554	 95.148998	 95.138661	 95.128539	 95.118632	 95.108936	 95.099451	 95.090175	 95.081106	 95.072243	 95.063583	 95.055124	 95.046866	 95.038807	 95.030944	 95.023276	 95.015802	  95.00852	 95.001428	 94.994525	 94.987809	 94.981279	 94.974932	 94.968769	 94.962786	 94.956983	 94.951359	 94.945911	 94.940639	 94.935542	 94.930617	 94.925864	 94.921282	 94.916869	 94.912624	 94.908546	 94.904634	 94.900887	 94.897304	 94.893884	 94.890626	 94.887529	 94.884592	 94.881814	 94.879196	 94.876735	 94.874431	 94.872284	 94.870293	 94.868457	 94.866777	  94.86525	 94.863877	 94.862658	 94.861592	 94.860679	 94.859919	 94.859311	 94.858855	 94.858551	 94.858399	
        99	 98.953755	 98.907515	 98.861288	  98.81508	 98.768895	 98.722741	 98.676623	 98.630548	 98.584522	  98.53855	 98.492638	 98.446793	  98.40102	 98.355326	 98.309715	 98.264195	 98.218771	 98.173448	 98.128232	  98.08313	 98.038146	 97.993286	 97.948556	 97.903962	 97.859508	   97.8152	 97.771044	 97.727045	 97.683207	 97.639537	 97.596039	 97.552719	  97.50958	 97.466629	  97.42387	 97.381307	 97.338946	 97.296791	 97.254847	 97.213118	 97.171608	 97.130322	 97.089264	 97.048438	 97.007848	 96.967499	 96.927393	 96.887535	 96.847929	 96.808578	 96.769486	 96.730656	 96.692091	 96.653796	 96.615772	 96.578023	 96.540553	 96.503363	 96.466457	 96.429837	 96.393507	 96.357468	 96.321724	 96.286275	 96.251126	 96.216277	 96.181731	 96.147489	 96.113555	 96.079928	 96.046612	 96.013608	 95.980917	  95.94854	  95.91648	 95.884736	 95.853311	 95.822205	 95.791419	 95.760954	 95.730811	 95.700991	 95.671493	  95.64232	  95.61347	 95.584945	 95.556745	 95.528869	 95.501318	 95.474093	 95.447192	 95.420616	 95.394364	 95.368437	 95.342833	 95.317553	 95.292596	 95.267961	 95.243648	 95.219656	 95.195985	 95.172632	 95.149598	 95.126882	 95.104482	 95.082397	 95.060627	  95.03917	 95.018024	 94.997189	 94.976664	 94.956446	 94.936534	 94.916927	 94.897624	 94.878622	 94.859921	 94.841518	 94.823411	   94.8056	 94.788082	 94.770856	 94.753919	  94.73727	 94.720907	 94.704828	 94.689031	 94.673515	 94.658277	 94.643315	 94.628627	 94.614212	 94.600067	  94.58619	 94.572579	 94.559232	 94.546148	 94.533323	 94.520756	 94.508446	 94.496389	 94.484583	 94.473028	  94.46172	 94.450657	 94.439838	 94.429261	 94.418923	 94.408822	 94.398957	 94.389326	 94.379925	 94.370755	 94.361812	 94.353094	 94.344601	 94.336329	 94.328278	 94.320445	 94.312828	 94.305426	 94.298237	  94.29126	 94.284492	 94.277932	 94.271578	 94.265429	 94.259484	  94.25374	 94.248196	 94.242852	 94.237705	 94.232754	 94.227997	 94.223435	 94.219065	 94.214886	 94.210897	 94.207097	 94.203484	 94.200059	  94.19682	 94.193765	 94.190895	 94.188209	 94.185704	 94.183382	 94.181241	 94.179281	   94.1775	 94.175899	 94.174477	 94.173234	 94.172169	 94.171282	 94.170573	 94.170041	 94.169687	  94.16951	
        99	 98.947166	 98.894338	 98.841525	 98.788732	 98.735967	 98.683237	 98.630548	 98.577908	 98.525324	 98.472802	 98.420348	 98.367971	 98.315677	 98.263472	 98.211363	 98.159357	  98.10746	 98.055679	 98.004021	 97.952493	 97.901099	 97.849848	 97.798745	 97.747797	 97.697009	 97.646388	 97.595941	 97.545672	 97.495589	 97.445696	 97.396001	 97.346508	 97.297223	 97.248152	 97.199301	 97.150674	 97.102277	 97.054116	 97.006195	 96.958521	 96.911096	 96.863928	  96.81702	 96.770377	 96.724004	 96.677905	 96.632085	 96.586549	 96.541299	 96.496342	 96.451679	 96.407317	 96.363258	 96.319505	 96.276064	 96.232937	 96.190127	 96.147639	 96.105474	 96.063637	  96.02213	 95.980957	 95.940119	  95.89962	 95.859462	 95.819648	  95.78018	  95.74106	  95.70229	 95.663873	  95.62581	 95.588103	 95.550754	 95.513764	 95.477135	 95.440869	 95.404966	 95.369428	 95.334256	  95.29945	 95.265013	 95.230943	 95.197243	 95.163913	 95.130953	 95.098364	 95.066145	 95.034298	 95.002821	 94.971717	 94.940983	  94.91062	 94.880628	 94.851007	 94.821755	 94.792873	  94.76436	 94.736216	 94.708438	 94.681028	 94.653983	 94.627304	 94.600988	 94.575035	 94.549443	 94.524212	  94.49934	 94.474825	 94.450667	 94.426864	 94.403413	 94.380315	 94.357566	 94.335166	 94.313112	 94.291403	 94.270037	 94.249011	 94.228325	 94.207976	 94.187962	 94.168281	 94.148931	  94.12991	 94.111216	 94.092846	 94.074799	 94.057071	 94.039662	 94.022568	 94.005788	 93.989319	 93.973158	 93.957304	 93.941754	 93.926506	 93.911557	 93.896905	 93.882548	 93.868483	 93.854708	 93.841221	 93.828019	 93.815099	 93.802461	   93.7901	 93.778016	 93.766205	 93.754665	 93.743394	  93.73239	 93.721651	 93.711174	 93.700956	 93.690997	 93.681293	 93.671843	 93.662645	 93.653695	 93.644994	 93.636537	 93.628324	 93.620352	  93.61262	 93.605125	 93.597866	 93.590841	 93.584048	 93.577486	 93.571153	 93.565047	 93.559166	  93.55351	 93.548076	 93.542863	 93.537871	 93.533096	 93.528539	 93.524197	  93.52007	 93.516157	 93.512456	 93.508967	 93.505688	 93.502618	 93.499757	 93.497104	 93.494658	 93.492418	 93.490384	 93.488555	  93.48693	  93.48551	 93.484293	  93.48328	  93.48247	 93.481862	 93.481457	 93.481255	
        99	 98.940583	 98.881175	 98.821782	 98.762412	 98.703074	 98.643774	 98.584522	 98.525324	 98.466188	 98.407123	 98.348135	 98.289232	 98.230423	 98.171714	 98.113114	 98.054628	 97.996267	 97.938035	 97.879942	 97.821993	 97.764197	 97.706561	 97.649092	 97.591796	 97.534681	 97.477754	 97.421022	 97.364491	 97.308168	  97.25206	 97.196173	 97.140514	  97.08509	 97.029905	 96.974968	 96.920283	 96.865857	 96.811696	 96.757806	 96.704191	 96.650859	 96.597814	 96.545062	 96.492609	 96.440458	 96.388617	 96.337089	 96.285879	 96.234992	 96.184434	 96.134207	 96.084318	  96.03477	 95.985567	 95.936714	 95.888213	 95.840071	 95.792289	 95.744872	 95.697822	 95.651145	 95.604842	 95.558916	 95.513372	 95.468211	 95.423437	 95.379052	 95.335058	 95.291458	 95.248255	  95.20545	 95.163046	 95.121044	 95.079446	 95.038254	 94.997469	 94.957094	 94.917128	 94.877574	 94.838433	 94.799705	 94.761391	 94.723493	  94.68601	 94.648944	 94.612294	 94.576062	 94.540247	 94.504849	 94.469869	 94.435307	 94.401162	 94.367433	 94.334121	 94.301226	 94.268746	 94.236681	  94.20503	 94.173792	 94.142967	 94.112553	 94.082549	 94.052955	 94.023769	 93.994989	 93.966614	 93.938644	 93.911075	 93.883907	 93.857138	 93.830767	  93.80479	 93.779208	 93.754017	 93.729215	 93.704802	 93.680774	 93.657129	 93.633866	 93.610982	 93.588474	 93.566342	 93.544581	  93.52319	 93.502167	 93.481509	 93.461213	 93.441277	 93.421699	 93.402476	 93.383605	 93.365084	  93.34691	  93.32908	 93.311593	 93.294445	 93.277634	 93.261157	 93.245011	 93.229194	 93.213703	 93.198535	 93.183689	  93.16916	 93.154947	 93.141046	 93.127456	 93.114174	 93.101197	 93.088522	 93.076147	  93.06407	 93.052287	 93.040797	 93.029597	 93.018684	 93.008057	 92.997712	 92.987648	 92.977862	 92.968352	 92.959116	 92.950151	 92.941455	 92.933027	 92.924863	 92.916963	 92.909324	 92.901945	 92.894822	 92.887956	 92.881343	 92.874981	 92.868871	 92.863009	 92.857394	 92.852024	 92.846899	 92.842017	 92.837376	 92.832975	 92.828813	 92.824889	 92.821201	 92.817749	 92.814532	 92.811548	 92.808797	 92.806279	 92.803991	 92.801934	 92.800107	  92.79851	 92.797142	 92.796002	 92.795091	 92.794408	 92.793952	 92.793725	
        99	 98.934009	 98.868027	 98.802062	 98.736123	 98.670219	 98.604358	  98.53855	 98.472802	 98.407123	 98.341522	 98.276007	 98.210587	  98.14527	 98.080066	 98.014981	 97.950024	 97.885205	  97.82053	 97.756009	 97.691648	 97.627458	 97.563444	 97.499616	  97.43598	 97.372546	  97.30932	  97.24631	 97.183524	 97.120969	 97.058653	 96.996582	 96.934765	 96.873207	 96.811917	 96.750901	 96.690165	 96.629717	 96.569563	  96.50971	 96.450163	  96.39093	 96.332016	 96.273427	 96.215169	 96.157249	 96.099671	 96.042441	 95.985565	 95.929048	 95.872895	 95.817111	 95.761702	 95.706671	 95.652024	 95.597765	 95.543899	 95.490429	  95.43736	 95.384696	 95.332441	 95.280599	 95.229172	 95.178165	 95.127581	 95.077424	 95.027695	 94.978399	 94.929537	 94.881113	  94.83313	 94.785588	 94.738492	 94.691843	 94.645642	 94.599892	 94.554595	 94.509752	 94.465364	 94.421433	 94.377961	 94.334948	 94.292395	 94.250303	 94.208673	 94.167505	 94.126801	 94.086559	 94.046781	 94.007467	 93.968617	  93.93023	 93.892307	 93.854846	 93.817848	 93.781313	 93.745239	 93.709626	 93.674473	 93.639779	 93.605543	 93.571764	  93.53844	 93.505571	 93.473156	 93.441191	 93.409677	 93.378612	 93.347993	 93.317819	 93.288088	 93.258798	 93.229948	 93.201534	 93.173556	  93.14601	 93.118895	 93.092209	 93.065948	 93.040111	 93.014694	 92.989697	 92.965115	 92.940947	 92.917189	 92.893839	 92.870895	 92.848354	 92.826212	 92.804468	 92.783117	 92.762158	 92.741588	 92.721403	 92.701601	 92.682179	 92.663133	 92.644462	 92.626162	 92.608229	 92.590662	 92.573457	 92.556611	 92.540122	 92.523986	   92.5082	 92.492761	 92.477668	 92.462916	 92.448502	 92.434425	 92.420681	 92.407267	 92.394181	 92.381419	  92.36898	  92.35686	 92.345057	 92.333567	  92.32239	 92.311521	 92.300959	   92.2907	 92.280743	 92.271086	 92.261725	 92.252658	 92.243884	   92.2354	 92.227203	 92.219293	 92.211666	 92.204322	 92.197257	  92.19047	 92.183959	 92.177723	 92.171759	 92.166067	 92.160645	  92.15549	 92.150602	  92.14598	 92.141622	 92.137526	 92.133692	 92.130119	 92.126805	 92.123749	 92.120952	 92.118411	 92.116127	 92.114098	 92.112324	 92.110804	 92.109538	 92.108526	 92.107768	 92.107262	 92.107009	
        99	 98.927443	 98.854896	 98.782368	 98.709869	 98.637408	 98.564994	 98.492638	 98.420348	 98.348135	 98.276007	 98.203974	 98.132045	  98.06023	 97.988537	 97.916977	 97.845558	 97.774289	  97.70318	 97.632239	 97.561475	 97.490898	 97.420515	 97.350336	 97.280369	 97.210624	 97.141107	 97.071828	 97.002795	 96.934017	   96.8655	 96.797254	 96.729286	 96.661604	 96.594216	 96.527129	  96.46035	 96.393888	 96.327749	 96.261941	 96.196469	 96.131343	 96.066567	 96.002149	 95.938095	 95.874412	 95.811105	 95.748181	 95.685647	 95.623506	 95.561767	 95.500433	  95.43951	 95.379004	  95.31892	 95.259263	 95.200037	 95.141247	 95.082898	 95.024995	 94.967541	  94.91054	 94.853997	 94.797915	 94.742299	  94.68715	 94.632474	 94.578273	  94.52455	 94.471308	 94.418551	 94.366279	 94.314497	 94.263206	 94.212409	 94.162107	 94.112303	 94.062998	 94.014194	 93.965893	 93.918095	 93.870802	 93.824016	 93.777736	 93.731964	 93.686701	 93.641946	 93.597701	 93.553965	  93.51074	 93.468024	 93.425818	 93.384121	 93.342934	 93.302255	 93.262084	 93.222421	 93.183265	 93.144614	 93.106468	 93.068826	 93.031686	 92.995047	 92.958908	 92.923267	 92.888123	 92.853473	 92.819317	 92.785651	 92.752475	 92.719786	 92.687582	 92.655861	 92.624621	 92.593859	 92.563573	  92.53376	 92.504418	 92.475545	 92.447137	 92.419192	 92.391707	 92.364679	 92.338106	 92.311985	 92.286312	 92.261085	 92.236301	 92.211957	 92.188049	 92.164574	  92.14153	 92.118913	  92.09672	 92.074947	 92.053593	 92.032653	 92.012123	 91.992002	 91.972286	 91.952971	 91.934054	 91.915532	 91.897402	  91.87966	 91.862304	 91.845329	 91.828734	 91.812514	 91.796667	 91.781189	 91.766077	 91.751329	 91.736941	  91.72291	 91.709233	 91.695907	 91.682929	 91.670297	 91.658007	 91.646057	 91.634443	 91.623164	 91.612217	 91.601598	 91.591306	 91.581337	  91.57169	 91.562362	  91.55335	 91.544653	 91.536267	 91.528192	 91.520424	 91.512962	 91.505803	 91.498946	  91.49239	 91.486131	 91.480169	 91.474502	 91.469128	 91.464045	 91.459253	  91.45475	 91.450535	 91.446606	 91.442962	 91.439603	 91.436527	 91.433734	 91.431222	 91.428991	 91.427041	  91.42537	 91.423978	 91.422865	 91.422031	 91.421475	 91.421197	
        99	 98.920887	 98.841785	 98.762703	 98.683653	 98.604644	 98.525687	 98.446793	 98.367971	 98.289232	 98.210587	 98.132045	 98.053617	 97.975312	 97.897142	 97.819115	 97.741243	 97.663534	 97.585999	 97.508648	  97.43149	 97.354535	 97.277793	 97.201273	 97.124984	 97.048936	 96.973138	 96.897599	 96.822328	 96.747335	 96.672627	 96.598214	 96.524105	 96.450307	  96.37683	 96.303681	 96.230868	   96.1584	 96.086285	  96.01453	 95.943143	 95.872131	 95.801502	 95.731263	 95.661422	 95.591984	 95.522957	 95.454348	 95.386162	 95.318407	 95.251088	 95.184212	 95.117785	 95.051812	 94.986298	  94.92125	 94.856673	 94.792571	  94.72895	 94.665814	 94.603168	 94.541017	 94.479365	 94.418216	 94.357573	 94.297442	 94.237825	 94.178727	 94.120149	 94.062097	 94.004572	 93.947577	 93.891116	  93.83519	 93.779803	 93.724956	 93.670652	 93.616892	 93.563678	 93.511012	 93.458895	 93.407329	 93.356315	 93.305853	 93.255945	 93.206592	 93.157793	  93.10955	 93.061863	 93.014731	 92.968155	 92.922135	 92.876671	 92.831762	 92.787408	 92.743607	  92.70036	 92.657666	 92.615522	  92.57393	 92.532886	  92.49239	 92.452441	 92.413036	 92.374175	 92.335854	 92.298074	 92.260831	 92.224124	  92.18795	 92.152307	 92.117193	 92.082606	 92.048543	 92.015001	 91.981978	 91.949472	 91.917479	 91.885996	 91.855021	 91.824551	 91.794583	 91.765113	 91.736139	 91.707657	 91.679665	 91.652158	 91.625135	  91.59859	 91.572522	 91.546926	   91.5218	 91.497139	  91.47294	 91.449201	 91.425917	 91.403084	   91.3807	 91.358761	 91.337263	 91.316202	 91.295576	 91.275381	 91.255612	 91.236267	 91.217343	 91.198835	 91.180739	 91.163054	 91.145775	 91.128898	 91.112421	  91.09634	 91.080652	 91.065353	  91.05044	  91.03591	  91.02176	 91.007986	 90.994586	 90.981556	 90.968893	 90.956595	 90.944658	  90.93308	 90.921857	 90.910988	 90.900469	 90.890298	 90.880472	 90.870989	 90.861845	  90.85304	  90.84457	 90.836434	 90.828629	 90.821153	 90.814003	 90.807179	 90.800678	 90.794499	 90.788639	 90.783098	 90.777873	 90.772963	 90.768366	 90.764082	  90.76011	 90.756447	 90.753093	 90.750047	 90.747308	 90.744876	 90.742749	 90.740927	  90.73941	 90.738197	 90.737287	 90.736681	 90.736378	
        99	 98.914341	 98.828694	 98.743069	 98.657478	 98.571932	 98.486442	  98.40102	 98.315677	 98.230423	  98.14527	  98.06023	 97.975312	 97.890529	 97.805891	 97.721408	 97.637092	 97.552954	 97.469004	 97.385253	 97.301711	 97.218388	 97.135296	 97.052445	 96.969844	 96.887503	 96.805434	 96.723645	 96.642146	 96.560948	 96.480059	 96.399489	 96.319247	 96.239344	 96.159787	 96.080585	 96.001748	 95.923284	 95.845202	  95.76751	 95.690216	 95.613329	 95.536856	 95.460806	 95.385185	 95.310002	 95.235264	 95.160978	 95.087151	 95.013789	 94.940901	 94.868491	 94.796568	 94.725136	 94.654202	 94.583772	 94.513851	 94.444445	  94.37556	   94.3072	 94.239371	 94.172078	 94.105324	 94.039115	 93.973456	 93.908349	   93.8438	 93.779811	 93.716387	 93.653531	 93.591246	 93.529536	 93.468403	  93.40785	  93.34788	 93.288495	 93.229698	 93.171489	 93.113873	 93.056849	  93.00042	 92.944587	 92.889352	 92.834715	 92.780678	 92.727241	 92.674405	  92.62217	 92.570537	 92.519506	 92.469076	 92.419249	 92.370023	 92.321398	 92.273373	 92.225949	 92.179124	 92.132896	 92.087266	 92.042232	 91.997792	 91.953946	 91.910691	 91.868026	 91.825949	 91.784458	 91.743552	 91.703227	 91.663483	 91.624316	 91.585724	 91.547705	 91.510256	 91.473374	 91.437057	 91.401302	 91.366106	 91.331466	 91.297378	  91.26384	 91.230849	 91.198401	 91.166493	 91.135122	 91.104283	 91.073975	 91.044193	 91.014933	 90.986192	 90.957967	 90.930253	 90.903048	 90.876347	 90.850146	 90.824442	 90.799232	  90.77451	 90.750274	 90.726519	 90.703242	  90.68044	 90.658107	  90.63624	 90.614836	 90.593891	   90.5734	 90.553361	 90.533768	  90.51462	 90.495911	 90.477638	 90.459797	 90.442386	 90.425399	 90.408835	 90.392688	 90.376956	 90.361634	 90.346721	 90.332212	 90.318104	 90.304393	 90.291078	 90.278153	 90.265617	 90.253466	 90.241698	 90.230308	 90.219295	 90.208656	 90.198388	 90.188489	 90.178955	 90.169784	 90.160975	 90.152524	 90.144429	 90.136688	 90.129299	 90.122261	  90.11557	 90.109225	 90.103225	 90.097568	 90.092252	 90.087275	 90.082637	 90.078335	 90.074369	 90.070738	  90.06744	 90.064475	 90.061841	 90.059538	 90.057566	 90.055923	 90.054609	 90.053624	 90.052968	  90.05264	
        99	 98.907807	 98.815625	 98.723468	 98.631348	 98.539276	 98.447264	 98.355326	 98.263472	 98.171714	 98.080066	 97.988537	 97.897142	 97.805891	 97.714795	 97.623868	  97.53312	 97.442563	 97.352209	 97.262068	 97.172153	 97.082474	 96.993044	 96.903871	 96.814969	 96.726347	 96.638017	 96.549988	 96.462272	 96.374879	  96.28782	 96.201103	 96.114741	 96.028741	 95.943115	 95.857871	  95.77302	  95.68857	 95.604532	 95.520913	 95.437722	  95.35497	 95.272663	 95.190811	 95.109422	 95.028503	 94.948063	  94.86811	 94.788651	 94.709693	 94.631244	 94.553311	   94.4759	 94.399019	 94.322673	  94.24687	 94.171616	 94.096915	 94.022775	   93.9492	 93.876197	 93.803769	 93.731923	 93.660664	 93.589995	 93.519922	 93.450448	 93.381578	 93.313315	 93.245664	 93.178628	  93.11221	 93.046413	 92.981241	 92.916696	 92.852781	 92.789498	 92.726849	 92.664837	 92.603463	 92.542729	 92.482637	 92.423188	 92.364383	 92.306224	  92.24871	 92.191843	 92.135624	 92.080052	 92.025127	 91.970851	 91.917222	 91.864241	 91.811906	 91.760218	 91.709176	 91.658778	 91.609025	 91.559914	 91.511444	 91.463614	 91.416423	 91.369868	 91.323948	 91.278661	 91.234005	 91.189978	 91.146578	 91.103801	 91.061646	  91.02011	 90.979191	 90.938885	  90.89919	 90.860102	 90.821619	 90.783738	 90.746455	 90.709767	 90.673671	 90.638163	  90.60324	 90.568897	 90.535133	 90.501942	 90.469321	 90.437267	 90.405775	 90.374842	 90.344463	 90.314636	 90.285355	 90.256617	 90.228417	 90.200752	 90.173618	 90.147011	 90.120926	 90.095359	 90.070307	 90.045764	 90.021728	 89.998193	 89.975156	 89.952613	 89.930559	 89.908991	 89.887904	 89.867294	 89.847158	 89.827491	  89.80829	  89.78955	 89.771268	 89.753439	 89.736061	 89.719128	 89.702638	 89.686587	 89.670971	 89.655787	 89.641031	 89.626699	 89.612789	 89.599296	 89.586218	 89.573552	 89.561294	 89.549441	  89.53799	 89.526939	 89.516284	 89.506023	 89.496153	 89.486671	 89.477575	 89.468863	 89.460531	 89.452579	 89.445003	 89.437802	 89.430974	 89.424516	 89.418427	 89.412705	 89.407349	 89.402357	 89.397727	 89.393459	  89.38955	 89.386001	 89.382809	 89.379975	 89.377496	 89.375373	 89.373605	 89.372191	 89.371131	 89.370424	 89.370071	
        99	 98.901284	 98.802581	 98.703904	 98.605266	  98.50668	 98.408159	 98.309715	 98.211363	 98.113114	 98.014981	 97.916977	 97.819115	 97.721408	 97.623868	 97.526508	 97.429339	 97.332376	 97.235629	 97.139111	 97.042834	 96.946811	 96.851053	 96.755572	 96.660379	 96.565488	 96.470908	 96.376651	  96.28273	 96.189154	 96.095935	 96.003083	  95.91061	 95.818526	 95.726842	 95.635568	 95.544713	 95.454289	 95.364304	  95.27477	 95.185694	 95.097086	 95.008956	 94.921313	 94.834166	 94.747522	 94.661391	 94.575781	   94.4907	 94.406156	 94.322157	  94.23871	 94.155823	 94.073502	 93.991756	 93.910589	  93.83001	 93.750025	 93.670639	 93.591859	 93.513691	 93.436139	  93.35921	 93.282909	 93.207241	  93.13221	 93.057821	 92.984078	 92.910986	 92.838549	  92.76677	 92.695653	 92.625201	 92.555418	 92.486306	 92.417869	 92.350109	 92.283028	 92.216628	 92.150912	 92.085882	 92.021538	 91.957883	 91.894918	 91.832643	 91.771061	 91.710171	 91.649973	  91.59047	  91.53166	 91.473543	  91.41612	  91.35939	 91.303353	 91.248008	 91.193355	 91.139392	 91.086118	 91.033532	 90.981633	  90.93042	 90.879889	 90.830041	 90.780872	 90.732382	 90.684566	 90.637424	 90.590953	  90.54515	 90.500013	 90.455538	 90.411724	 90.368566	 90.326063	  90.28421	 90.243004	 90.202443	 90.162522	 90.123239	 90.084589	 90.046568	 90.009174	 89.972402	 89.936249	  89.90071	 89.865781	 89.831459	 89.797739	 89.764617	  89.73209	 89.700152	 89.668799	 89.638028	 89.607833	 89.578211	 89.549158	 89.520668	 89.492737	 89.465362	 89.438537	 89.412258	 89.386521	 89.361321	 89.336654	 89.312516	 89.288902	 89.265808	 89.243229	 89.221161	   89.1996	 89.178542	 89.157982	 89.137917	 89.118341	 89.099251	 89.080643	 89.062513	 89.044856	 89.027669	 89.010948	  88.99469	  88.97889	 88.963544	 88.948649	 88.934202	 88.920199	 88.906637	 88.893511	  88.88082	 88.868559	 88.856726	 88.845317	  88.83433	 88.823762	 88.813609	  88.80387	 88.794541	  88.78562	 88.777105	 88.768994	 88.761283	 88.753971	 88.747057	 88.740537	  88.73441	 88.728675	  88.72333	 88.718372	 88.713802	 88.709617	 88.705817	 88.702399	 88.699364	  88.69671	 88.694437	 88.692544	  88.69103	 88.689895	 88.689138	  88.68876	
        99	 98.894774	 98.789562	 98.684378	 98.579236	 98.474148	  98.36913	 98.264195	 98.159357	 98.054628	 97.950024	 97.845558	 97.741243	 97.637092	  97.53312	 97.429339	 97.325763	 97.222405	 97.119278	 97.016396	  96.91377	 96.811415	 96.709342	 96.607565	 96.506095	 96.404946	 96.304129	 96.203657	 96.103541	 96.003795	 95.904428	 95.805454	 95.706883	 95.608727	 95.510996	 95.413703	 95.316857	  95.22047	 95.124551	 95.029112	 94.934162	 94.839712	  94.74577	 94.652347	 94.559453	 94.467096	 94.375285	  94.28403	 94.193338	 94.103219	  94.01368	 93.924731	 93.836377	 93.748628	 93.661491	 93.574972	  93.48908	 93.403819	 93.319199	 93.235224	   93.1519	 93.069235	 92.987233	   92.9059	 92.825242	 92.745263	 92.665968	 92.587363	 92.509451	 92.432237	 92.355724	 92.279917	  92.20482	 92.130435	 92.056766	 91.983816	 91.911587	 91.840082	 91.769304	 91.699255	 91.629936	 91.561349	 91.493496	 91.426379	 91.359998	 91.294354	 91.229449	 91.165282	 91.101854	 91.039166	 90.977217	 90.916007	 90.855536	 90.795804	 90.736809	 90.678552	  90.62103	 90.564243	  90.50819	 90.452868	 90.398277	 90.344415	 90.291279	 90.238868	  90.18718	 90.136211	 90.085961	 90.036425	 89.987602	 89.939488	  89.89208	 89.845377	 89.799373	 89.754067	 89.709454	 89.665531	 89.622295	 89.579742	 89.537868	 89.496669	 89.456141	 89.416281	 89.377084	 89.338547	 89.300664	 89.263432	 89.226847	 89.190903	 89.155597	 89.120925	 89.086881	  89.05346	  89.02066	 88.988474	 88.956899	 88.925929	 88.895561	 88.865788	 88.836607	 88.808013	 88.780002	 88.752567	 88.725706	 88.699412	 88.673682	 88.648511	 88.623894	 88.599826	 88.576303	 88.553321	 88.530874	 88.508958	 88.487569	 88.466703	 88.446354	 88.426519	 88.407193	 88.388372	 88.370052	 88.352228	 88.334898	 88.318055	 88.301698	 88.285821	 88.270421	 88.255495	 88.241038	 88.227047	 88.213518	 88.200449	 88.187836	 88.175675	 88.163963	 88.152697	 88.141875	 88.131494	  88.12155	 88.112041	 88.102965	 88.094318	 88.086099	 88.078305	 88.070934	 88.063985	 88.057454	 88.051341	 88.045643	 88.040359	 88.035487	 88.031026	 88.026975	 88.023332	 88.020097	 88.017268	 88.014845	 88.012827	 88.011213	 88.010003	 88.009196	 88.008793	
        99	 98.888278	 98.776571	 98.664893	  98.55326	 98.441685	 98.330184	 98.218771	  98.10746	 97.996267	 97.885205	 97.774289	 97.663534	 97.552954	 97.442563	 97.332376	 97.222405	 97.112667	 97.003173	 96.893939	 96.784978	 96.676304	  96.56793	 96.459869	 96.352135	 96.244741	 96.137701	 96.031026	  95.92473	 95.818826	 95.713325	 95.608241	 95.503584	 95.399369	 95.295605	 95.192305	 95.089481	 94.987143	 94.885303	 94.783972	  94.68316	 94.582879	 94.483138	 94.383948	 94.285318	  94.18726	 94.089781	 93.992892	 93.896602	 93.800919	 93.705853	 93.611412	 93.517604	 93.424438	 93.331921	 93.240062	 93.148866	 93.058343	 92.968498	 92.879339	 92.790872	 92.703103	 92.616039	 92.529685	 92.444047	  92.35913	 92.274941	 92.191483	 92.108761	  92.02678	 91.945544	 91.865057	 91.785324	 91.706347	  91.62813	 91.550676	 91.473988	 91.398069	 91.322922	 91.248548	 91.174949	 91.102128	 91.030087	 90.958826	 90.888347	 90.818651	 90.749738	  90.68161	 90.614267	 90.547708	 90.481935	 90.416947	 90.352743	 90.289323	 90.226686	 90.164832	  90.10376	 90.043467	 89.983953	 89.925217	 89.867255	 89.810068	 89.753652	 89.698005	 89.643126	 89.589011	 89.535658	 89.483064	 89.431227	 89.380143	 89.329809	 89.280222	 89.231378	 89.183275	 89.135908	 89.089273	 89.043368	 88.998188	 88.953729	 88.909986	 88.866957	 88.824636	  88.78302	 88.742103	 88.701882	 88.662351	 88.623507	 88.585345	 88.547859	 88.511046	   88.4749	 88.439417	 88.404592	 88.370419	 88.336894	 88.304013	 88.271769	 88.240159	 88.209177	 88.178817	 88.149076	 88.119948	 88.091429	 88.063512	 88.036194	 88.009468	 87.983332	 87.957778	 87.932803	 87.908402	 87.884569	   87.8613	 87.838591	 87.816436	 87.794831	 87.773771	 87.753252	  87.73327	 87.713818	 87.694895	 87.676494	 87.658612	 87.641245	 87.624388	 87.608037	 87.592189	  87.57684	 87.561985	 87.547622	 87.533745	 87.520353	 87.507441	 87.495007	 87.483046	 87.471556	 87.460533	 87.449976	  87.43988	 87.430243	 87.421062	 87.412336	 87.404061	 87.396235	 87.388856	 87.381923	 87.375432	 87.369382	 87.363772	 87.358599	 87.353863	 87.349562	 87.345694	 87.342259	 87.339256	 87.336683	  87.33454	 87.332827	 87.331542	 87.330686	 87.330258	
