Time step 43:
        99	        99	        99	        99	        99	        99	        99	        99	        99	        99	        99	        99	        99	        99	        99	        99	        99	        99	        99	        99	        99	        99	        99	        99	        99	        99	        99	        99	        99	        99	        99	        99	        99	        99	        99	        99	        99	        99	        99	        99	        99	        99	        99	        99	        99	        99	        99	        99	        99	        99	        99	        99	        99	        99	        99	        99	        99	        99	        99	        99	        99	        99	        99	        99	        99	        99	        99	        99	        99	        99	        99	        99	        99	        99	        99	        99	        99	        99	        99	        99	        99	        99	        99	        99	        99	        99	        99	        99	        99	        99	        99	        99	        99	        99	        99	        99	        99	        99	        99	        99	        99	        99	        99	        99	        99	        99	        99	        99	        99	        99	        99	        99	        99	        99	        99	        99	        99	        99	        99	        99	        99	        99	        99	        99	        99	        99	        99	        99	        99	        99	        99	        99	        99	        99	        99	        99	        99	        99	        99	        99	        99	        99	        99	        99	        99	        99	        99	        99	        99	        99	        99	        99	        99	        99	        99	        99	        99	        99	        99	        99	        99	        99	        99	        99	        99	        99	        99	        99	        99	        99	        99	        99	        99	        99	        99	        99	        99	        99	        99	        99	        99	        99	        99	        99	        99	        99	        99	        99	        99	        99	        99	        99	        99	        99	        99	        99	        99	        99	        99	        99	
        99	 98.985234	 98.970473	 98.955721	 98.940981	 98.926259	 98.911558	 98.896883	 98.882239	 98.867628	 98.853056	 98.838527	 98.824045	 98.809614	 98.795238	  98.78092	 98.766666	 98.752478	 98.738362	 98.724319	 98.710355	 98.696472	 98.682675	 98.668966	  98.65535	  98.64183	 98.628408	 98.615088	 98.601874	 98.588768	 98.575773	 98.562892	 98.550127	 98.537482	 98.524959	  98.51256	 98.500288	 98.488145	 98.476134	 98.464255	 98.452512	 98.440906	 98.429439	 98.418112	 98.406928	 98.395887	 98.384991	 98.374241	 98.363639	 98.353184	  98.34288	 98.332725	 98.322721	 98.312869	 98.303169	 98.293622	 98.284227	 98.274986	 98.265898	 98.256964	 98.248183	 98.239555	 98.231081	 98.222759	  98.21459	 98.206573	 98.198708	 98.190993	 98.183429	 98.176014	 98.168748	  98.16163	 98.154659	 98.147833	 98.141152	 98.134615	  98.12822	 98.121967	 98.115853	 98.109877	 98.104039	 98.098336	 98.092767	 98.087331	 98.082025	 98.076849	   98.0718	 98.066877	 98.062079	 98.057402	 98.052847	  98.04841	  98.04409	 98.039885	 98.035794	 98.031814	 98.027943	  98.02418	 98.020522	 98.016969	 98.013517	 98.010165	 98.006911	 98.003753	 98.000689	 97.997717	 97.994835	 97.992042	 97.989335	 97.986713	 97.984173	 97.981714	 97.979334	 97.977031	 97.974802	 97.972648	 97.970565	 97.968551	 97.966606	 97.964727	 97.962912	  97.96116	  97.95947	 97.957838	 97.956265	 97.954748	 97.953286	 97.951877	 97.950519	 97.949212	 97.947953	 97.946741	 97.945575	 97.944454	 97.943375	 97.942338	 97.941342	 97.940384	 97.939465	 97.938582	 97.937734	 97.936921	  97.93614	 97.935392	 97.934674	 97.933987	 97.933328	 97.932697	 97.932092	 97.931514	  97.93096	 97.930431	 97.929925	 97.929441	 97.928978	 97.928536	 97.928114	 97.927712	 97.927327	 97.926961	 97.926611	 97.926278	 97.925961	 97.925659	 97.925372	 97.925098	 97.924838	 97.924591	 97.924357	 97.924134	 97.923923	 97.923723	 97.923533	 97.923354	 97.923185	 97.923025	 97.922874	 97.922731	 97.922598	 97.922472	 97.922354	 97.922244	 97.922141	 97.922045	 97.921956	 97.921873	 97.921797	 97.921727	 97.921663	 97.921605	 97.921552	 97.921506	 97.921464	 97.921428	 97.921398	 97.921373	 97.921352	 97.921337	 97.921327	 97.921322	
        99	 98.970473	 98.940955	 98.911454	 98.881979	 98.852539	 98.823142	 98.793797	 98.764512	 98.735295	 98.706156	 98.677102	 98.648142	 98.619284	 98.590536	 98.561905	 98.533401	  98.50503	   98.4768	 98.448719	 98.420794	 98.393033	 98.365443	  98.33803	 98.310802	 98.283764	 98.256925	  98.23029	 98.203865	 98.177656	  98.15167	 98.125911	 98.100386	   98.0751	 98.050058	 98.025264	 98.000723	 97.976441	 97.952421	 97.928668	 97.905185	 97.881977	 97.859046	 97.836396	  97.81403	 97.791951	 97.770162	 97.748666	 97.727464	 97.706559	 97.685952	 97.665646	 97.645642	  97.62594	 97.606543	 97.587451	 97.568665	 97.550185	 97.532012	 97.514146	 97.496586	 97.479334	 97.462387	 97.445746	 97.429411	 97.413379	  97.39765	 97.382224	 97.367097	  97.35227	  97.33774	 97.323506	 97.309565	 97.295916	 97.282557	 97.269484	 97.256696	 97.244191	 97.231965	 97.220016	 97.208341	 97.196936	   97.1858	 97.174929	  97.16432	 97.153968	 97.143873	 97.134028	 97.124432	 97.115081	 97.105971	 97.097099	  97.08846	 97.080052	  97.07187	 97.063911	 97.056171	 97.048646	 97.041332	 97.034226	 97.027323	  97.02062	 97.014113	 97.007798	 97.001671	 96.995728	 96.989966	  96.98438	 96.978967	 96.973723	 96.968644	 96.963727	 96.958967	 96.954361	 96.949906	 96.945597	 96.941431	 96.937405	 96.933515	 96.929757	 96.926128	 96.922625	 96.919245	 96.915983	 96.912837	 96.909803	 96.906879	 96.904061	 96.901346	 96.898732	 96.896215	 96.893792	  96.89146	 96.889218	 96.887061	 96.884987	 96.882995	  96.88108	 96.879241	 96.877475	  96.87578	 96.874153	 96.872593	 96.871096	 96.869662	 96.868286	 96.866969	 96.865707	 96.864498	 96.863342	 96.862235	 96.861176	 96.860163	 96.859196	 96.858271	 96.857387	 96.856543	 96.855738	  96.85497	 96.854237	 96.853538	 96.852872	 96.852238	 96.851634	 96.851059	 96.850512	 96.849992	 96.849498	 96.849029	 96.848584	 96.848162	 96.847761	 96.847383	 96.847024	 96.846685	 96.846365	 96.846063	 96.845779	 96.845511	  96.84526	 96.845024	 96.844804	 96.844598	 96.844406	 96.844228	 96.844062	  96.84391	  96.84377	 96.843642	 96.843526	 96.843421	 96.843328	 96.843245	 96.843174	 96.843112	 96.843062	 96.843021	 96.842991	 96.842971	 96.842961	
        99	 98.955721	 98.911454	 98.867214	 98.823012	 98.778863	 98.734778	 98.690771	 98.646854	  98.60304	 98.559342	 98.515772	 98.472342	 98.429065	 98.385954	 98.343018	 98.300272	 98.257726	 98.215392	 98.173281	 98.131404	 98.089773	 98.048397	 98.007288	 97.966455	 97.925909	  97.88566	 97.845717	 97.806089	 97.766786	 97.727816	 97.689188	  97.65091	 97.612989	 97.575435	 97.538253	 97.501452	 97.465037	 97.429016	 97.393395	  97.35818	 97.323375	 97.288987	  97.25502	  97.22148	  97.18837	 97.155695	 97.123458	 97.091663	 97.060313	  97.02941	 96.998959	 96.968959	 96.939414	 96.910326	 96.881695	 96.853523	  96.82581	 96.798557	 96.771764	 96.745431	 96.719558	 96.694145	  96.66919	 96.644692	 96.620651	 96.597063	 96.573929	 96.551245	  96.52901	  96.50722	 96.485874	 96.464968	   96.4445	 96.424465	 96.404861	 96.385684	 96.366931	 96.348596	 96.330677	 96.313168	 96.296066	 96.279366	 96.263063	 96.247153	  96.23163	  96.21649	 96.201727	 96.187337	 96.173313	 96.159652	 96.146347	 96.133392	 96.120783	 96.108513	 96.096577	  96.08497	 96.073685	 96.062717	  96.05206	 96.041709	 96.031657	 96.021899	 96.012428	  96.00324	 95.994328	 95.985687	  95.97731	 95.969192	 95.961328	 95.953712	 95.946337	   95.9392	 95.932293	 95.925611	 95.919149	 95.912902	 95.906864	  95.90103	 95.895395	 95.889953	   95.8847	  95.87963	 95.874739	 95.870021	 95.865472	 95.861087	 95.856861	  95.85279	 95.848869	 95.845094	  95.84146	 95.837964	 95.834601	 95.831366	 95.828257	 95.825269	 95.822397	  95.81964	 95.816991	  95.81445	  95.81201	  95.80967	 95.807426	 95.805274	 95.803212	 95.801236	 95.799343	 95.797531	 95.795796	 95.794136	 95.792549	  95.79103	 95.789579	 95.788192	 95.786867	 95.785602	 95.784394	 95.783242	 95.782142	 95.781095	 95.780096	 95.779145	 95.778239	 95.777377	 95.776557	 95.775777	 95.775036	 95.774333	 95.773665	 95.773032	 95.772432	 95.771864	 95.771326	 95.770818	 95.770338	 95.769885	 95.769459	 95.769058	 95.768681	 95.768327	 95.767997	 95.767688	   95.7674	 95.767132	 95.766885	 95.766656	 95.766446	 95.766254	  95.76608	 95.765923	 95.765783	 95.765659	 95.765552	  95.76546	 95.765384	 95.765323	 95.765278	 95.765248	 95.765233	
        99	 98.940981	 98.881979	 98.823012	 98.764097	 98.705251	 98.646492	 98.587835	   98.5293	 98.470901	 98.412657	 98.354583	 98.296697	 98.239015	 98.181552	 98.124324	 98.067349	  98.01064	 97.954214	 97.898085	 97.842269	 97.786779	  97.73163	 97.676837	 97.622412	  97.56837	 97.514722	 97.461483	 97.408664	 97.356278	 97.304336	 97.252849	 97.201829	 97.151286	  97.10123	 97.051672	  97.00262	 96.954084	 96.906072	 96.858594	 96.811655	 96.765265	  96.71943	 96.674157	 96.629452	  96.58532	 96.541768	 96.498801	 96.456422	 96.414636	 96.373447	 96.332858	 96.292873	 96.253493	 96.214722	  96.17656	  96.13901	 96.102072	 96.065747	 96.030036	 95.994937	 95.960452	 95.926579	 95.893317	 95.860665	  95.82862	 95.797181	 95.766346	 95.736111	 95.706474	 95.677431	  95.64898	 95.621115	 95.593833	 95.567129	    95.541	 95.515439	 95.490443	 95.466005	 95.442121	 95.418784	 95.395989	  95.37373	    95.352	 95.330794	 95.310104	 95.289924	 95.270247	 95.251066	 95.232375	 95.214166	 95.196431	 95.179164	 95.162358	 95.146004	 95.130095	 95.114624	 95.099583	 95.084964	  95.07076	 95.056962	 95.043564	 95.030558	 95.017935	 95.005688	 94.993809	 94.982291	 94.971126	 94.960307	 94.949825	 94.939673	 94.929844	  94.92033	 94.911124	 94.902218	 94.893605	 94.885279	 94.877231	 94.869455	 94.861944	 94.854691	 94.847689	 94.840931	 94.834412	 94.828123	  94.82206	 94.816215	 94.810582	 94.805156	  94.79993	 94.794899	 94.790056	 94.785395	 94.780913	 94.776602	 94.772457	 94.768474	 94.764647	 94.760971	 94.757442	 94.754053	 94.750802	 94.747683	 94.744692	 94.741824	 94.739075	 94.736441	 94.733919	 94.731503	 94.729191	 94.726979	 94.724862	 94.722839	 94.720904	 94.719055	 94.717289	 94.715603	 94.713993	 94.712457	 94.710992	 94.709595	 94.708264	 94.706996	 94.705789	  94.70464	 94.703547	 94.702508	  94.70152	 94.700583	 94.699693	 94.698849	 94.698049	 94.697292	 94.696575	 94.695898	 94.695258	 94.694655	 94.694087	 94.693552	 94.693049	 94.692578	 94.692137	 94.691726	 94.691342	 94.690985	 94.690655	 94.690351	 94.690071	 94.689815	 94.689583	 94.689374	 94.689187	 94.689022	 94.688879	 94.688756	 94.688655	 94.688574	 94.688514	 94.688474	 94.688454	
        99	 98.926259	 98.852539	 98.778863	 98.705251	 98.631726	 98.558309	 98.485021	 98.411883	 98.338918	 98.266144	 98.193584	 98.121258	 98.049187	  97.97739	 97.905887	 97.834699	 97.763844	 97.693343	 97.623213	 97.553473	 97.484141	 97.415235	 97.346774	 97.278773	 97.211249	  97.14422	   97.0777	 97.011705	 96.946251	 96.881352	 96.817022	 96.753275	 96.690124	 96.627582	 96.565661	 96.504373	  96.44373	 96.383742	  96.32442	 96.265773	 96.207811	 96.150542	 96.093976	 96.038119	 95.982979	 95.928562	 95.874876	 95.821926	 95.769717	 95.718253	  95.66754	  95.61758	 95.568377	 95.519934	 95.472253	 95.425336	 95.379184	 95.333798	 95.289178	 95.245325	 95.202237	 95.159914	 95.118355	 95.077558	 95.037519	 94.998238	 94.959711	 94.921934	 94.884904	 94.848617	 94.813067	 94.778252	 94.744164	 94.710799	 94.678152	 94.646215	 94.614984	  94.58445	 94.554608	  94.52545	 94.496969	 94.469157	 94.442007	  94.41551	 94.389659	 94.364445	  94.33986	 94.315895	 94.292541	 94.269789	 94.247631	 94.226057	 94.205058	 94.184625	 94.164747	 94.145417	 94.126624	 94.108358	 94.090611	 94.073372	 94.056631	  94.04038	 94.024609	 94.009307	 93.994465	 93.980074	 93.966124	 93.952605	 93.939509	 93.926824	 93.914543	 93.902656	 93.891154	 93.880026	 93.869265	 93.858862	 93.848806	 93.839091	 93.829706	 93.820644	 93.811895	 93.803452	 93.795306	 93.787449	 93.779873	  93.77257	 93.765532	 93.758752	 93.752223	 93.745936	 93.739885	 93.734062	 93.728461	 93.723075	 93.717897	  93.71292	 93.708138	 93.703545	 93.699135	 93.694902	  93.69084	 93.686943	 93.683205	 93.679622	 93.676187	 93.672897	 93.669745	 93.666727	 93.663838	 93.661074	 93.658429	 93.655901	 93.653483	 93.651174	 93.648967	  93.64686	 93.644849	  93.64293	 93.641099	 93.639354	 93.637691	 93.636106	 93.634598	 93.633162	 93.631797	 93.630498	 93.629265	 93.628093	 93.626981	 93.625927	 93.624927	 93.623981	 93.623086	  93.62224	  93.62144	 93.620687	 93.619976	 93.619308	 93.618681	 93.618092	 93.617541	 93.617027	 93.616547	 93.616102	 93.615689	 93.615309	 93.614959	  93.61464	  93.61435	 93.614088	 93.613855	 93.613649	  93.61347	 93.613317	  93.61319	 93.613089	 93.613014	 93.612963	 93.612938	
        99	 98.911558	 98.823142	 98.734778	 98.646492	 98.558309	 98.470256	 98.382357	  98.29464	 98.207128	 98.119846	 98.032821	 97.946077	 97.859637	 97.773527	  97.68777	  97.60239	 97.517411	 97.432854	 97.348743	   97.2651	 97.181947	 97.099305	 97.017195	 96.935638	 96.854653	 96.774261	  96.69448	 96.615329	 96.536826	 96.458989	 96.381835	 96.305379	 96.229639	 96.154629	 96.080364	 96.006858	 95.934125	 95.862178	  95.79103	 95.720691	 95.651174	 95.582489	 95.514645	 95.447653	  95.38152	 95.316256	 95.251867	 95.188361	 95.125744	 95.064021	 95.003197	 94.943278	 94.884266	 94.826166	 94.768979	 94.712709	 94.657356	 94.602922	 94.549407	 94.496812	 94.445134	 94.394374	  94.34453	 94.295599	 94.247579	 94.200467	 94.154259	 94.108952	 94.064539	 94.021018	 93.978382	 93.936625	 93.895742	 93.855726	  93.81657	 93.778267	 93.740809	 93.704188	 93.668397	 93.633426	 93.599267	 93.565911	 93.533348	 93.501569	 93.470565	 93.440324	 93.410838	 93.382095	 93.354086	 93.326798	 93.300223	 93.274348	 93.249163	 93.224656	 93.200816	 93.177632	 93.155092	 93.133185	   93.1119	 93.091224	 93.071146	 93.051655	  93.03274	 93.014387	 92.996587	 92.979327	 92.962596	 92.946382	 92.930675	 92.915462	 92.900733	 92.886476	  92.87268	 92.859334	 92.846428	  92.83395	 92.821891	 92.810238	 92.798982	 92.788113	 92.777621	 92.767494	 92.757724	 92.748301	 92.739214	 92.730456	 92.722015	 92.713884	 92.706052	 92.698512	 92.691255	 92.684272	 92.677554	 92.671094	 92.664883	 92.658914	 92.653179	 92.647671	 92.642382	 92.637305	 92.632432	 92.627758	 92.623276	 92.618978	 92.614859	 92.610912	 92.607132	 92.603512	 92.600048	 92.596732	 92.593561	 92.590528	 92.587629	 92.584859	 92.582212	 92.579685	 92.577273	 92.574971	 92.572776	 92.570683	 92.568688	 92.566788	 92.564979	 92.563257	 92.561619	 92.560062	 92.558582	 92.557177	 92.555843	 92.554579	  92.55338	 92.552245	 92.551172	 92.550156	 92.549198	 92.548294	 92.547442	 92.546641	 92.545888	 92.545182	 92.544521	 92.543904	 92.543329	 92.542795	   92.5423	 92.541844	 92.541425	 92.541042	 92.540694	  92.54038	   92.5401	 92.539853	 92.539638	 92.539455	 92.539303	 92.539182	 92.539091	 92.539031	 92.539001	
        99	 98.896883	 98.793797	 98.690771	 98.587835	 98.485021	 98.382357	 98.279874	 98.177602	 98.075569	 97.973806	 97.872341	 97.771204	 97.670422	 97.570024	 97.470038	 97.370491	 97.271411	 97.172824	 97.074757	 96.977235	 96.880285	  96.78393	 96.688196	 96.593106	 96.498684	 96.404953	 96.311934	  96.21965	 96.128122	  96.03737	 95.947413	 95.858272	 95.769964	 95.682508	  95.59592	 95.510218	 95.425417	 95.341532	 95.258578	 95.176569	 95.095517	 95.015435	 94.936335	 94.858227	 94.781121	 94.705028	 94.629955	 94.555912	 94.482904	  94.41094	 94.340024	 94.270162	 94.201359	 94.133618	 94.066943	 94.001336	 93.936799	 93.873333	 93.810939	 93.749616	 93.689364	 93.630182	 93.572067	 93.515017	  93.45903	   93.4041	 93.350225	   93.2974	 93.245619	 93.194876	 93.145165	  93.09648	 93.048814	 93.002158	 92.956505	 92.911846	 92.868173	 92.825476	 92.783746	 92.742973	 92.703146	 92.664255	 92.626289	 92.589237	 92.553088	  92.51783	 92.483451	 92.449939	 92.417282	 92.385467	 92.354482	 92.324314	  92.29495	 92.266377	 92.238581	  92.21155	  92.18527	 92.159729	 92.134911	 92.110805	 92.087396	 92.064671	 92.042617	 92.021219	 92.000465	 91.980341	 91.960834	  91.94193	 91.923617	  91.90588	 91.888706	 91.872084	 91.855999	 91.840439	 91.825391	 91.810843	 91.796782	 91.783196	 91.770073	 91.757401	 91.745167	  91.73336	 91.721969	 91.710982	 91.700388	 91.690176	 91.680335	 91.670854	 91.661724	 91.652933	 91.644471	 91.636329	 91.628496	 91.620964	 91.613723	 91.606764	 91.600078	 91.593655	 91.587489	 91.581569	 91.575888	 91.570438	 91.565212	 91.560201	 91.555399	 91.550797	  91.54639	  91.54217	  91.53813	 91.534264	 91.530567	 91.527031	 91.523651	  91.52042	 91.517335	 91.514389	 91.511576	 91.508893	 91.506333	 91.503893	 91.501567	 91.499351	 91.497242	 91.495234	 91.493325	 91.491509	 91.489784	 91.488146	 91.486591	 91.485116	 91.483719	 91.482396	 91.481144	  91.47996	 91.478843	 91.477789	 91.476796	 91.475861	 91.474984	 91.474161	  91.47339	 91.472671	    91.472	 91.471378	 91.470801	 91.470269	  91.46978	 91.469333	 91.468928	 91.468562	 91.468236	 91.467947	 91.467697	 91.467483	 91.467306	 91.467165	 91.467059	 91.466989	 91.466954	
        99	 98.882239	 98.764512	 98.646854	   98.5293	 98.411883	  98.29464	 98.177602	 98.060805	 97.944281	 97.828066	 97.712191	  97.59669	 97.481595	 97.366938	 97.252752	 97.139067	 97.025916	 96.913328	 96.801333	 96.689962	 96.579242	 96.469203	 96.359873	 96.251279	 96.143447	 96.036404	 95.930174	 95.824784	 95.720257	 95.616616	 95.513884	 95.412082	 95.311233	 95.211356	 95.112472	 95.014598	 94.917754	 94.821956	  94.72722	 94.633564	 94.541001	 94.449546	 94.359211	  94.27001	 94.181954	 94.095054	  94.00932	 93.924761	 93.841385	   93.7592	 93.678213	 93.598429	 93.519855	 93.442493	 93.366349	 93.291424	 93.217722	 93.145242	 93.073987	 93.003955	 92.935146	 92.867558	  92.80119	 92.736038	 92.672099	 92.609369	 92.547843	 92.487515	 92.428379	  92.37043	  92.31366	  92.25806	 92.203624	 92.150342	 92.098206	 92.047205	 91.997329	 91.948568	 91.900911	 91.854347	 91.808864	  91.76445	 91.721092	 91.678779	 91.637496	  91.59723	 91.557969	 91.519698	 91.482402	 91.446069	 91.410684	 91.376231	 91.342696	 91.310065	 91.278322	 91.247452	  91.21744	 91.188271	 91.159929	 91.132399	 91.105666	 91.079713	 91.054527	  91.03009	 91.006389	 90.983407	  90.96113	 90.939541	 90.918626	  90.89837	 90.878758	 90.859774	 90.841405	 90.823636	 90.806451	 90.789837	 90.773779	 90.758263	 90.743276	 90.728804	 90.714833	  90.70135	 90.688341	 90.675793	 90.663695	 90.652032	 90.640794	 90.629967	 90.619539	 90.609499	 90.599836	 90.590538	 90.581593	 90.572991	 90.564722	 90.556774	 90.549138	 90.541804	 90.534761	 90.528001	 90.521513	  90.51529	 90.509321	 90.503599	 90.498114	 90.492859	 90.487826	 90.483006	 90.478393	 90.473978	 90.469755	 90.465717	 90.461857	 90.458168	 90.454644	  90.45128	 90.448068	 90.445003	  90.44208	 90.439293	 90.436637	 90.434107	 90.431698	 90.429405	 90.427224	 90.425151	 90.423181	  90.42131	 90.419534	  90.41785	 90.416254	 90.414743	 90.413313	 90.411962	 90.410686	 90.409482	 90.408348	 90.407281	 90.406278	 90.405339	 90.404459	 90.403637	 90.402871	  90.40216	 90.401501	 90.400894	 90.400335	 90.399825	 90.399362	 90.398945	 90.398572	 90.398243	 90.397957	 90.397713	  90.39751	 90.397349	 90.397229	 90.397148	 90.397108	
        99	 98.867628	 98.735295	  98.60304	 98.470901	 98.338918	 98.207128	 98.075569	 97.944281	 97.813302	 97.682667	 97.552416	 97.422585	  97.29321	 97.164329	 97.035976	 96.908187	 96.780997	  96.65444	 96.528551	 96.403362	 96.278906	 96.155215	  96.03232	 95.910253	 95.789043	 95.668719	  95.54931	 95.430844	 95.313349	 95.196849	 95.081371	  94.96694	 94.853579	  94.74131	 94.630157	 94.520141	 94.411281	 94.303598	 94.197109	 94.091833	 93.987786	 93.884984	 93.783442	 93.683174	 93.584194	 93.486512	 93.390141	  93.29509	  93.20137	 93.108989	 93.017954	 92.928272	 92.839949	  92.75299	 92.667398	 92.583178	 92.500331	 92.418859	 92.338763	 92.260043	 92.182697	 92.106724	 92.032122	 91.958887	 91.887015	 91.816502	 91.747342	  91.67953	 91.613058	 91.547919	 91.484105	 91.421608	 91.360418	 91.300525	  91.24192	 91.184592	 91.128528	 91.073718	 91.020148	 90.967807	 90.916681	 90.866757	  90.81802	 90.770456	 90.724051	  90.67879	 90.634658	 90.591638	 90.549716	 90.508875	 90.469099	 90.430372	 90.392677	 90.355997	 90.320316	 90.285616	 90.251881	 90.219093	 90.187234	 90.156289	 90.126239	 90.097067	 90.068755	 90.041287	 90.014645	 89.988812	  89.96377	 89.939503	 89.915994	 89.893225	 89.871179	 89.849841	 89.829192	 89.809218	 89.789901	 89.771226	 89.753176	 89.735735	 89.718889	 89.702621	 89.686917	  89.67176	 89.657137	 89.643033	 89.629434	 89.616324	 89.603691	 89.591521	   89.5798	 89.568515	 89.557652	   89.5472	 89.537146	 89.527477	 89.518182	 89.509248	 89.500665	  89.49242	 89.484504	 89.476905	 89.469612	 89.462616	 89.455907	 89.449475	  89.44331	 89.437403	 89.431745	 89.426327	 89.421142	 89.416179	 89.411433	 89.406894	 89.402554	 89.398408	 89.394447	 89.390665	 89.387055	  89.38361	 89.380324	 89.377191	 89.374205	 89.371361	 89.368654	 89.366076	 89.363625	 89.361294	  89.35908	 89.356977	 89.354981	 89.353088	 89.351294	 89.349596	 89.347988	 89.346469	 89.345035	 89.343681	 89.342407	 89.341207	 89.340081	 89.339024	 89.338035	 89.337111	 89.336251	 89.335451	 89.334711	 89.334028	   89.3334	 89.332827	 89.332306	 89.331837	 89.331418	 89.331048	 89.330726	 89.330452	 89.330225	 89.330043	 89.329908	 89.329818	 89.329773	
        99	 98.853056	 98.706156	 98.559342	 98.412657	 98.266144	 98.119846	 97.973806	 97.828066	 97.682667	 97.537653	 97.393063	  97.24894	 97.105323	 96.962254	 96.819772	 96.677916	 96.536725	 96.396236	 96.256489	 96.117519	 95.979362	 95.842055	 95.705632	 95.570127	 95.435574	 95.302004	 95.169451	 95.037944	 94.907514	  94.77819	 94.650001	 94.522972	 94.397132	 94.272505	 94.149116	 94.026989	 93.906146	 93.786608	 93.668397	 93.551532	 93.436031	 93.321913	 93.209193	 93.097887	  92.98801	 92.879576	 92.772596	 92.667082	 92.563045	 92.460494	 92.359438	 92.259884	 92.161838	 92.065306	 91.970292	 91.876801	 91.784834	 91.694394	 91.605481	 91.518094	 91.432234	 91.347898	 91.265083	 91.183786	 91.104003	 91.025728	 90.948955	 90.873677	 90.799888	 90.727578	  90.65674	 90.587362	 90.519437	 90.452951	 90.387895	 90.324255	  90.26202	 90.201176	  90.14171	 90.083607	 90.026853	 89.971432	  89.91733	 89.864531	 89.813018	 89.762774	 89.713784	 89.666028	 89.619491	 89.574155	     89.53	  89.48701	 89.445165	 89.404448	 89.364838	 89.326319	  89.28887	 89.252472	 89.217107	 89.182755	 89.149397	 89.117013	 89.085585	 89.055093	 89.025519	 88.996842	 88.969043	 88.942105	 88.916007	 88.890732	  88.86626	 88.842572	 88.819651	 88.797478	 88.776034	 88.755303	 88.735266	 88.715906	 88.697205	 88.679146	 88.661713	 88.644888	 88.628656	 88.612999	 88.597902	  88.58335	 88.569326	 88.555816	 88.542805	 88.530277	 88.518219	 88.506616	 88.495455	 88.484722	 88.474403	 88.464486	 88.454958	 88.445806	 88.437018	 88.428582	 88.420487	 88.412722	 88.405274	 88.398133	  88.39129	 88.384732	 88.378452	 88.372438	 88.366681	 88.361173	 88.355903	 88.350865	 88.346048	 88.341445	 88.337048	 88.332849	 88.328842	 88.325017	  88.32137	 88.317892	 88.314578	 88.311421	 88.308415	 88.305554	 88.302833	 88.300246	 88.297787	 88.295453	 88.293237	 88.291136	 88.289145	 88.287259	 88.285475	 88.283789	 88.282196	 88.280694	 88.279279	 88.277947	 88.276697	 88.275524	 88.274426	 88.273401	 88.272445	 88.271558	 88.270736	 88.269977	 88.269281	 88.268644	 88.268066	 88.267545	  88.26708	  88.26667	 88.266313	 88.266008	 88.265756	 88.265555	 88.265404	 88.265304	 88.265254	
        99	 98.838527	 98.677102	 98.515772	 98.354583	 98.193584	 98.032821	 97.872341	 97.712191	 97.552416	 97.393063	 97.234177	 97.075804	 96.917987	 96.760772	 96.604202	  96.44832	 96.293168	 96.138789	 95.985224	 95.832513	 95.680697	 95.529813	 95.379901	 95.230998	 95.083141	 94.936365	 94.790706	 94.646196	  94.50287	 94.360759	 94.219894	 94.080306	 93.942023	 93.805074	 93.669485	 93.535282	 93.402491	 93.271134	 93.141235	 93.012815	 92.885894	 92.760492	 92.636627	 92.514316	 92.393575	 92.274419	 92.156861	 92.040915	 91.926591	 91.813901	 91.702853	 91.593455	 91.485715	 91.379638	  91.27523	 91.172495	 91.071435	 90.972052	 90.874348	 90.778321	 90.683972	 90.591297	 90.500294	 90.410959	 90.323286	 90.237272	 90.152908	 90.070187	 89.989102	 89.909643	   89.8318	 89.755563	 89.680921	 89.607862	 89.536373	 89.466441	 89.398052	 89.331193	 89.265846	 89.201999	 89.139633	 89.078733	 89.019282	 88.961262	 88.904655	 88.849444	 88.795609	 88.743132	 88.691994	 88.642174	 88.593654	 88.546413	 88.500431	 88.455688	 88.412162	 88.369834	 88.328682	 88.288686	 88.249824	 88.212075	 88.175419	 88.139833	 88.105298	 88.071791	 88.039292	  88.00778	 87.977233	 87.947631	 87.918953	 87.891178	 87.864286	 87.838257	 87.813069	 87.788704	  87.76514	 87.742359	 87.720341	 87.699067	 87.678517	 87.658672	 87.639515	 87.621027	  87.60319	 87.585985	 87.569395	 87.553404	 87.537994	 87.523148	  87.50885	 87.495084	 87.481834	 87.469084	 87.456819	 87.445024	 87.433686	 87.422788	 87.412317	 87.402261	 87.392604	 87.383334	 87.374439	 87.365905	 87.357721	 87.349874	 87.342354	 87.335148	 87.328247	 87.321638	 87.315312	 87.309259	 87.303469	 87.297932	 87.292639	 87.287581	 87.282749	 87.278135	 87.273731	 87.269529	 87.265521	 87.261699	 87.258057	 87.254588	 87.251285	 87.248141	 87.245151	 87.242308	 87.239606	 87.237041	 87.234606	 87.232297	 87.230109	 87.228037	 87.226077	 87.224224	 87.222474	 87.220823	 87.219268	 87.217805	 87.216431	 87.215142	 87.213935	 87.212809	 87.211759	 87.210783	  87.20988	 87.209047	 87.208281	 87.207582	 87.206947	 87.206374	 87.205863	 87.205412	  87.20502	 87.204685	 87.204408	 87.204187	 87.204021	 87.203912	 87.203857	
        99	 98.824045	 98.648142	 98.472342	 98.296697	 98.121258	 97.946077	 97.771204	  97.59669	 97.422585	  97.24894	 97.075804	 96.903226	 96.731255	  96.55994	 96.389327	 96.219464	 96.050397	 95.882172	 95.714834	 95.548427	 95.382994	 95.218578	 95.055221	 94.892963	 94.731845	 94.571905	 94.413182	 94.255711	  94.09953	 93.944674	 93.791175	 93.639068	 93.488383	  93.33915	 93.191401	 93.045162	  92.90046	 92.757322	 92.615773	 92.475835	 92.337531	 92.200882	 92.065907	 91.932627	 91.801057	 91.671214	 91.543113	 91.416767	  91.29219	 91.169393	 91.048385	 90.929175	 90.811772	 90.696181	 90.582409	  90.47046	 90.360336	  90.25204	 90.145573	 90.040934	 89.938122	 89.837135	  89.73797	 89.640623	 89.545088	 89.451358	 89.359428	 89.269288	 89.180931	 89.094345	 89.009521	 88.926446	  88.84511	 88.765498	 88.687597	 88.611393	 88.536871	 88.464015	 88.392808	 88.323233	 88.255274	 88.188912	 88.124129	 88.060905	 87.999222	 87.939059	 87.880396	 87.823212	 87.767487	   87.7132	 87.660328	  87.60885	 87.558744	 87.509987	 87.462558	 87.416433	 87.371591	 87.328007	  87.28566	 87.244526	 87.204581	 87.165805	 87.128172	  87.09166	 87.056246	 87.021907	 86.988621	 86.956364	 86.925114	 86.894848	 86.865544	  86.83718	 86.809734	 86.783183	 86.757506	 86.732682	 86.708689	 86.685506	 86.663113	 86.641489	 86.620614	 86.600468	  86.58103	 86.562282	 86.544205	  86.52678	 86.509987	  86.49381	  86.47823	 86.463229	  86.44879	 86.434897	 86.421532	  86.40868	 86.396324	 86.384449	 86.373039	  86.36208	 86.351557	 86.341456	 86.331763	 86.322464	 86.313546	 86.304995	 86.296801	 86.288949	 86.281428	 86.274227	 86.267334	 86.260738	 86.254428	 86.248394	 86.242627	 86.237115	  86.23185	 86.226822	 86.222023	 86.217444	 86.213077	 86.208912	 86.204944	 86.201163	 86.197564	 86.194138	  86.19088	 86.187782	 86.184838	 86.182042	  86.17939	 86.176874	 86.174489	 86.172231	 86.170095	 86.168076	 86.166169	  86.16437	 86.162675	 86.161081	 86.159584	 86.158179	 86.156864	 86.155637	 86.154493	  86.15343	 86.152446	 86.151538	 86.150704	 86.149941	 86.149249	 86.148625	 86.148068	 86.147577	 86.147149	 86.146785	 86.146483	 86.146242	 86.146062	 86.145942	 86.145882	
        99	 98.809614	 98.619284	 98.429065	 98.239015	 98.049187	 97.859637	 97.670422	 97.481595	  97.29321	 97.105323	 96.917987	 96.731255	  96.54518	 96.359814	 96.175208	 95.991414	  95.80848	 95.626458	 95.445396	  95.26534	 95.086339	 94.908438	 94.731683	 94.556117	 94.381785	 94.208727	 94.036985	   93.8666	  93.69761	 93.530052	 93.363964	 93.199381	 93.036337	 92.874866	 92.714998	 92.556765	 92.400196	 92.245318	 92.092159	 91.940744	 91.791096	  91.64324	 91.497195	 91.352983	 91.210622	  91.07013	 90.931523	 90.794815	  90.66002	 90.527151	 90.396218	 90.267232	   90.1402	 90.015129	 89.892026	 89.770894	 89.651739	  89.53456	 89.419361	  89.30614	 89.194896	 89.085626	 88.978328	 88.872997	 88.769626	 88.668209	 88.568739	 88.471207	 88.375602	 88.281915	 88.190134	 88.100246	 88.012238	 87.926097	 87.841807	 87.759353	 87.678719	 87.599887	  87.52284	 87.447559	 87.374026	 87.302222	 87.232125	 87.163716	 87.096973	 87.031876	 86.968402	 86.906528	 86.846233	 86.787493	 86.730284	 86.674584	 86.620369	 86.567613	 86.516294	 86.466386	 86.417866	 86.370708	 86.324887	 86.280379	 86.237159	 86.195202	 86.154482	 86.114976	 86.076658	 86.039503	 86.003486	 85.968584	 85.934771	 85.902023	 85.870315	 85.839625	 85.809927	 85.781199	 85.753416	 85.726556	 85.700595	 85.675511	 85.651281	 85.627884	 85.605296	 85.583498	 85.562466	 85.542181	 85.522621	 85.503766	 85.485597	 85.468092	 85.451234	 85.435003	  85.41938	 85.404347	 85.389886	  85.37598	 85.362611	 85.349762	 85.337416	 85.325559	 85.314173	 85.303243	 85.292755	 85.282693	 85.273043	 85.263792	 85.254925	 85.246429	 85.238292	   85.2305	 85.223041	 85.215904	 85.209077	 85.202549	 85.196308	 85.190344	 85.184647	 85.179207	 85.174015	  85.16906	 85.164334	 85.159828	 85.155534	 85.151444	 85.147549	 85.143843	 85.140317	 85.136965	 85.133779	 85.130755	 85.127884	 85.125162	 85.122582	 85.120139	 85.117827	 85.115642	 85.113579	 85.111633	 85.109799	 85.108074	 85.106454	 85.104934	 85.103512	 85.102183	 85.100945	 85.099795	 85.098731	 85.097748	 85.096846	 85.096021	 85.095272	 85.094597	 85.093994	 85.093462	    85.093	 85.092605	 85.092278	 85.092018	 85.091823	 85.091693	 85.091628	
        99	 98.795238	 98.590536	 98.385954	 98.181552	  97.97739	 97.773527	 97.570024	 97.366938	 97.164329	 96.962254	 96.760772	  96.55994	 96.359814	  96.16045	 95.961905	 95.764232	 95.567485	 95.371718	 95.176983	 94.983332	 94.790814	  94.59948	 94.409377	 94.220555	 94.033058	 93.846932	 93.662222	 93.478971	  93.29722	  93.11701	 92.938381	  92.76137	 92.586014	  92.41235	  92.24041	 92.070229	 91.901837	 91.735264	  91.57054	 91.407691	 91.246744	 91.087722	  90.93065	 90.775548	 90.622438	 90.471337	 90.322263	 90.175232	 90.030259	 89.887357	 89.746537	  89.60781	 89.471186	 89.336671	 89.204272	 89.073994	 88.945841	 88.819814	 88.695916	 88.574145	 88.454501	 88.336981	  88.22158	 88.108295	 87.997119	 87.888044	 87.781063	 87.676165	 87.573342	  87.47258	 87.373868	 87.277193	  87.18254	 87.089894	 86.999239	 86.910559	 86.823836	 86.739051	 86.656186	 86.575221	 86.496136	 86.418909	 86.343519	 86.269945	 86.198162	 86.128149	 86.059882	 85.993336	 85.928488	 85.865312	 85.803784	 85.743878	 85.685569	  85.62883	 85.573635	 85.519959	 85.467775	 85.417056	 85.367775	 85.319906	 85.273422	 85.228297	 85.184503	 85.142013	 85.100801	 85.060841	 85.022105	 84.984567	   84.9482	 84.912979	 84.878878	  84.84587	  84.81393	 84.783032	 84.753151	 84.724263	 84.696342	 84.669364	 84.643304	  84.61814	 84.593847	 84.570402	 84.547783	 84.525966	 84.504929	  84.48465	 84.465109	 84.446283	 84.428151	 84.410695	 84.393892	 84.377724	 84.362171	 84.347215	 84.332836	 84.319017	 84.305739	 84.292986	  84.28074	 84.268986	 84.257705	 84.246884	 84.236505	 84.226555	 84.217019	 84.207881	 84.199129	 84.190749	 84.182728	 84.175052	 84.167709	 84.160687	 84.153975	 84.147561	 84.141434	 84.135584	 84.129999	  84.12467	 84.119587	 84.114741	 84.110123	 84.105724	 84.101535	 84.097548	 84.093756	 84.090151	 84.086725	 84.083472	 84.080385	 84.077457	 84.074682	 84.072055	 84.069569	 84.067219	    84.065	 84.062906	 84.060934	 84.059079	 84.057336	 84.055702	 84.054172	 84.052743	 84.051412	 84.050175	  84.04903	 84.047973	 84.047003	 84.046116	  84.04531	 84.044584	 84.043936	 84.043364	 84.042866	 84.042442	 84.042091	  84.04181	 84.041601	 84.041461	 84.041391	
        99	  98.78092	 98.561905	 98.343018	 98.124324	 97.905887	  97.68777	 97.470038	 97.252752	 97.035976	 96.819772	 96.604202	 96.389327	 96.175208	 95.961905	 95.749477	 95.537982	 95.327479	 95.118023	 94.909672	  94.70248	 94.496501	 94.291789	 94.088394	 93.886369	 93.685762	 93.486622	 93.288997	 93.092932	 92.898473	 92.705663	 92.514543	 92.325155	 92.137539	 91.951731	  91.76777	 91.585689	 91.405522	 91.227303	 91.051061	 90.876825	 90.704624	 90.534484	 90.366429	 90.200482	 90.036666	 89.874999	 89.715502	 89.558191	 89.403081	 89.250187	 89.099521	 88.951094	 88.804917	 88.660996	  88.51934	 88.379953	 88.242839	    88.108	 87.975439	 87.845154	 87.717144	 87.591406	 87.467937	 87.346731	 87.227781	 87.111079	 86.996618	 86.884386	 86.774372	 86.666565	 86.560952	 86.457517	 86.356245	 86.257121	 86.160128	 86.065247	  85.97246	 85.881747	 85.793088	 85.706462	 85.621847	  85.53922	 85.458559	  85.37984	 85.303039	  85.22813	 85.155089	 85.083891	 85.014508	 84.946915	 84.881085	  84.81699	 84.754603	 84.693897	 84.634844	 84.577414	 84.521581	 84.467316	 84.414589	 84.363373	 84.313639	 84.265359	 84.218502	 84.173042	 84.128949	 84.086194	 84.044749	 84.004586	 83.965677	 83.927994	 83.891508	 83.856192	 83.822018	  83.78896	  83.75699	 83.726082	 83.696208	 83.667344	 83.639463	 83.612539	 83.586547	 83.561463	 83.537262	 83.513919	 83.491412	 83.469715	 83.448807	 83.428665	 83.409266	 83.390588	 83.372611	 83.355312	 83.338672	  83.32267	 83.307286	   83.2925	 83.278294	  83.26465	 83.251548	 83.238971	 83.226902	 83.215324	  83.20422	 83.193574	 83.183371	 83.173594	  83.16423	 83.155264	 83.146682	 83.138469	 83.130613	   83.1231	 83.115919	 83.109057	 83.102501	 83.096241	 83.090266	 83.084565	 83.079127	 83.073942	 83.069001	 83.064294	 83.059812	 83.055547	 83.051489	 83.047632	 83.043967	 83.040486	 83.037183	 83.034051	 83.031082	  83.02827	 83.025611	 83.023096	 83.020722	 83.018482	 83.016373	 83.014388	 83.012523	 83.010774	 83.009137	 83.007609	 83.006184	 83.004861	 83.003636	 83.002505	 83.001467	 83.000518	 82.999656	 82.998879	 82.998186	 82.997573	 82.997041	 82.996587	 82.996211	 82.995911	 82.995687	 82.995538	 82.995463	
        99	 98.766666	 98.533401	 98.300272	 98.067349	 97.834699	  97.60239	 97.370491	 97.139067	 96.908187	 96.677916	  96.44832	 96.219464	 95.991414	 95.764232	 95.537982	 95.312726	 95.088527	 94.865443	 94.643536	 94.422863	 94.203482	  93.98545	 93.768821	 93.553651	 93.339992	 93.127895	 92.917412	  92.70859	 92.501478	 92.296123	 92.092568	 91.890858	 91.691034	 91.493137	 91.297206	 91.103278	 90.911389	 90.721574	 90.533865	 90.348293	 90.164887	 89.983677	 89.804687	 89.627943	 89.453468	 89.281283	 89.111408	 88.943861	 88.778659	 88.615817	 88.455348	 88.297264	 88.141576	 87.988291	 87.837418	 87.688961	 87.542926	 87.399314	 87.258128	 87.119366	 86.983027	 86.849108	 86.717606	 86.588513	 86.461824	 86.337529	  86.21562	 86.096086	 85.978914	 85.864093	 85.751607	 85.641442	 85.533582	 85.428009	 85.324704	  85.22365	 85.124826	 85.028211	 84.933783	 84.841521	   84.7514	 84.663397	 84.577488	 84.493647	 84.411849	 84.332066	 84.254273	 84.178442	 84.104545	 84.032554	  83.96244	 83.894175	  83.82773	 83.763074	 83.700178	 83.639012	 83.579546	 83.521749	 83.465593	 83.411044	 83.358074	 83.306652	 83.256747	 83.208329	 83.161367	  83.11583	 83.071689	 83.028913	 82.987472	 82.947337	 82.908477	 82.870863	 82.834466	 82.799257	 82.765207	 82.732287	  82.70047	 82.669728	 82.640033	 82.611357	 82.583674	 82.556958	 82.531182	 82.506321	 82.482348	  82.45924	 82.436972	 82.415519	 82.394858	 82.374965	 82.355818	 82.337394	 82.319671	 82.302628	 82.286243	 82.270495	 82.255365	 82.240832	 82.226878	 82.213483	 82.200629	 82.188297	 82.176471	 82.165132	 82.154265	 82.143853	 82.133879	  82.12433	 82.115189	 82.106442	 82.098075	 82.090073	 82.082425	 82.075116	 82.068134	 82.061467	 82.055103	  82.04903	 82.043238	 82.037716	 82.032454	  82.02744	 82.022667	 82.018124	 82.013803	 82.009695	 82.005791	 82.002084	 81.998566	 81.995229	 81.992067	 81.989073	  81.98624	 81.983562	 81.981034	 81.978648	 81.976401	 81.974287	 81.972301	 81.970439	 81.968695	 81.967067	  81.96555	 81.964141	 81.962836	 81.961631	 81.960525	 81.959515	 81.958597	  81.95777	 81.957031	 81.956379	 81.955812	 81.955329	 81.954928	 81.954608	  81.95437	 81.954211	 81.954131	
        99	 98.752478	  98.50503	 98.257726	  98.01064	 97.763844	 97.517411	 97.271411	 97.025916	 96.780997	 96.536725	 96.293168	 96.050397	  95.80848	 95.567485	 95.327479	 95.088527	 94.850695	 94.614047	 94.378647	 94.144556	 93.911836	 93.680547	 93.450747	 93.222493	 92.995843	  92.77085	 92.547568	 92.326049	 92.106344	 91.888502	 91.672571	 91.458596	 91.246622	 91.036692	 90.828848	 90.623128	 90.419572	 90.218215	 90.019092	 89.822237	  89.62768	 89.435451	 89.245578	 89.058088	 88.873004	  88.69035	 88.510146	 88.332411	 88.157164	 87.984421	 87.814195	 87.646499	 87.481344	 87.318739	 87.158692	 87.001209	 86.846294	  86.69395	 86.544179	  86.39698	 86.252351	  86.11029	 85.970791	 85.833849	 85.699457	 85.567605	 85.438283	 85.311481	 85.187185	 85.065382	 84.946057	 84.829193	 84.714774	 84.602782	 84.493196	 84.385998	 84.281165	 84.178675	 84.078506	 83.980633	 83.885033	 83.791679	 83.700547	 83.611608	 83.524836	 83.440202	 83.357679	 83.277237	 83.198847	 83.122479	 83.048102	 82.975686	   82.9052	 82.836613	 82.769892	 82.705007	 82.641926	 82.580615	 82.521044	 82.463179	 82.406988	 82.352439	   82.2995	 82.248138	  82.19832	 82.150015	 82.103189	 82.057813	 82.013852	 81.971276	 81.930053	 81.890153	 81.851543	 81.814193	 81.778072	 81.743151	 81.709399	 81.676788	 81.645287	 81.614868	 81.585502	 81.557161	 81.529818	 81.503445	 81.478015	 81.453502	  81.42988	 81.407122	 81.385205	 81.364103	 81.343791	 81.324247	 81.305446	 81.287367	 81.269985	  81.25328	  81.23723	 81.221814	 81.207011	 81.192801	 81.179165	 81.166084	 81.153539	 81.141511	 81.129983	 81.118937	 81.108358	 81.098227	 81.088531	 81.079252	 81.070376	 81.061888	 81.053774	 81.046021	 81.038615	 81.031542	 81.024791	 81.018349	 81.012205	 81.006347	 81.000765	 80.995447	 80.990383	 80.985564	  80.98098	 80.976622	 80.972481	 80.968549	 80.964817	 80.961277	 80.957923	 80.954747	 80.951742	 80.948901	 80.946218	 80.943688	 80.941304	 80.939062	 80.936955	 80.934979	  80.93313	 80.931403	 80.929794	 80.928298	 80.926914	 80.925637	 80.924463	 80.923391	 80.922417	  80.92154	 80.920756	 80.920065	 80.919463	 80.918951	 80.918525	 80.918187	 80.917933	 80.917764	  80.91768	
