Time step 87:
        99	        99	        99	        99	        99	        99	        99	        99	        99	        99	        99	        99	        99	        99	        99	        99	        99	        99	        99	        99	        99	        99	        99	        99	        99	        99	        99	        99	        99	        99	        99	        99	        99	        99	        99	        99	        99	        99	        99	        99	        99	        99	        99	        99	        99	        99	        99	        99	        99	        99	        99	        99	        99	        99	        99	        99	        99	        99	        99	        99	        99	        99	        99	        99	        99	        99	        99	        99	        99	        99	        99	        99	        99	        99	        99	        99	        99	        99	        99	        99	        99	        99	        99	        99	        99	        99	        99	        99	        99	        99	        99	        99	        99	        99	        99	        99	        99	        99	        99	        99	        99	        99	        99	        99	        99	        99	        99	        99	        99	        99	        99	        99	        99	        99	        99	        99	        99	        99	        99	        99	        99	        99	        99	        99	        99	        99	        99	        99	        99	        99	        99	        99	        99	        99	        99	        99	        99	        99	        99	        99	        99	        99	        99	        99	        99	        99	        99	        99	        99	        99	        99	        99	        99	        99	        99	        99	        99	        99	        99	        99	        99	        99	        99	        99	        99	        99	        99	        99	        99	        99	        99	        99	        99	        99	        99	        99	        99	        99	        99	        99	        99	        99	        99	        99	        99	        99	        99	        99	        99	        99	        99	        99	        99	        99	        99	        99	        99	        99	        99	        99	
        99	 98.992702	 98.985405	  98.97811	 98.970818	 98.963531	 98.956249	 98.948973	 98.941704	 98.934444	 98.927194	 98.919953	 98.912725	 98.905509	 98.898307	 98.891119	 98.883947	 98.876792	 98.869654	 98.862535	 98.855435	 98.848356	 98.841299	 98.834264	 98.827253	 98.820266	 98.813304	 98.806369	  98.79946	  98.79258	 98.785729	 98.778907	 98.772116	 98.765357	  98.75863	 98.751936	 98.745276	  98.73865	  98.73206	 98.725507	  98.71899	 98.712512	 98.706071	  98.69967	 98.693309	 98.686988	 98.680709	 98.674471	 98.668276	 98.662124	 98.656015	 98.649951	 98.643931	 98.637957	 98.632029	 98.626147	 98.620312	 98.614524	 98.608784	 98.603092	 98.597449	 98.591855	  98.58631	 98.580815	  98.57537	 98.569975	 98.564632	 98.559339	 98.554098	 98.548908	 98.543771	 98.538685	 98.533652	 98.528671	 98.523743	 98.518867	 98.514045	 98.509276	  98.50456	 98.499897	 98.495288	 98.490732	 98.486229	 98.481781	 98.477385	 98.473044	 98.468756	 98.464521	  98.46034	 98.456212	 98.452138	 98.448117	 98.444149	 98.440235	 98.436373	 98.432564	 98.428808	 98.425104	 98.421452	 98.417853	 98.414306	  98.41081	 98.407366	 98.403973	 98.400631	  98.39734	   98.3941	  98.39091	  98.38777	  98.38468	 98.381639	 98.378647	 98.375704	  98.37281	 98.369964	 98.367165	 98.364414	 98.361711	 98.359054	 98.356444	 98.353879	 98.351361	 98.348888	  98.34646	 98.344076	 98.341737	 98.339441	 98.337189	 98.334981	 98.332814	  98.33069	 98.328608	 98.326568	 98.324569	  98.32261	 98.320691	 98.318813	 98.316974	 98.315174	 98.313412	 98.311689	 98.310004	 98.308356	 98.306746	 98.305172	 98.303634	 98.302132	 98.300666	 98.299235	 98.297838	 98.296476	 98.295148	 98.293854	 98.292592	 98.291364	 98.290168	 98.289005	 98.287873	 98.286772	 98.285703	 98.284664	 98.283656	 98.282678	  98.28173	 98.280812	 98.279922	 98.279062	  98.27823	 98.277426	 98.276651	 98.275903	 98.275183	  98.27449	 98.273824	 98.273184	 98.272572	 98.271985	 98.271425	 98.270891	 98.270382	 98.269899	 98.269441	 98.269008	   98.2686	 98.268217	 98.267859	 98.267525	 98.267216	 98.266931	  98.26667	 98.266433	  98.26622	 98.266031	 98.265865	 98.265724	 98.265606	 98.265512	 98.265441	 98.265394	  98.26537	
        99	 98.985405	 98.970812	 98.956223	 98.941641	 98.927067	 98.912503	 98.897953	 98.883417	 98.868898	 98.854398	 98.839919	 98.825463	 98.811032	 98.796628	 98.782254	 98.767911	 98.753601	 98.739327	  98.72509	 98.710892	 98.696735	 98.682621	 98.668552	 98.654531	 98.640558	 98.626635	 98.612765	  98.59895	  98.58519	 98.571488	 98.557846	 98.544265	 98.530748	 98.517294	 98.503907	 98.490588	 98.477338	  98.46416	 98.451054	 98.438022	 98.425065	 98.412185	 98.399384	 98.386663	 98.374022	 98.361464	  98.34899	   98.3366	 98.324297	  98.31208	 98.299953	 98.287915	 98.275967	 98.264111	 98.252348	 98.240679	 98.229104	 98.217625	 98.206242	 98.194956	 98.183768	  98.17268	  98.16169	 98.150801	 98.140013	 98.129327	 98.118742	 98.108261	 98.097882	 98.087607	 98.077437	 98.067371	  98.05741	 98.047554	 98.037804	  98.02816	 98.018622	 98.009191	 97.999866	 97.990648	 97.981537	 97.972533	 97.963636	 97.954847	 97.946164	 97.937588	  97.92912	 97.920758	 97.912504	 97.904356	 97.896314	 97.888379	  97.88055	 97.872827	  97.86521	 97.857698	 97.850291	 97.842988	  97.83579	 97.828696	 97.821705	 97.814818	 97.808033	  97.80135	 97.794768	 97.788288	 97.781909	 97.775629	 97.769449	 97.763367	 97.757384	 97.751499	 97.745711	 97.740019	 97.734422	 97.728921	 97.723514	 97.718201	 97.712981	 97.707852	 97.702816	  97.69787	 97.693014	 97.688247	 97.683569	 97.678979	 97.674475	 97.670058	 97.665726	 97.661478	 97.657314	 97.653234	 97.649235	 97.645318	 97.641481	 97.637724	 97.634046	 97.630447	 97.626924	 97.623478	 97.620108	 97.616813	 97.613592	 97.610444	 97.607369	 97.604366	 97.601433	 97.598571	 97.595779	 97.593055	 97.590399	  97.58781	 97.585288	 97.582831	 97.580439	 97.578112	 97.575849	 97.573648	 97.571509	 97.569433	 97.567417	 97.565461	 97.563565	 97.561728	 97.559949	 97.558228	 97.556564	 97.554957	 97.553406	 97.551911	  97.55047	 97.549085	 97.547753	 97.546474	 97.545249	 97.544076	 97.542956	 97.541887	  97.54087	 97.539904	 97.538988	 97.538122	 97.537307	 97.536541	 97.535824	 97.535157	 97.534538	 97.533968	 97.533446	 97.532972	 97.532546	 97.532168	 97.531837	 97.531554	 97.531319	  97.53113	 97.530989	 97.530895	 97.530848	
        99	  98.97811	 98.956223	 98.934343	 98.912472	 98.890613	 98.868771	 98.846948	 98.825146	  98.80337	 98.781623	 98.759907	 98.738226	 98.716582	 98.694979	 98.673421	 98.651909	 98.630447	 98.609038	 98.587684	  98.56639	 98.545157	 98.523989	 98.502889	 98.481859	 98.460902	 98.440021	 98.419218	 98.398497	 98.377861	  98.35731	  98.33685	 98.316481	 98.296206	 98.276029	 98.255951	 98.235975	 98.216103	 98.196337	  98.17668	 98.157134	 98.137702	 98.118385	 98.099185	 98.080105	 98.061147	 98.042312	 98.023602	  98.00502	 97.986567	 97.968245	 97.950056	 97.932001	 97.914082	   97.8963	 97.878658	 97.861156	 97.843796	 97.826579	 97.809507	  97.79258	 97.775801	  97.75917	 97.742688	 97.726356	 97.710176	 97.694148	 97.678273	 97.662553	 97.646987	 97.631577	 97.616323	 97.601225	 97.586286	 97.571504	 97.556881	 97.542417	 97.528112	 97.513966	 97.499981	 97.486156	 97.472491	 97.458986	 97.445643	  97.43246	 97.419437	 97.406575	 97.393874	 97.381333	 97.368953	 97.356732	 97.344672	 97.332771	 97.321029	 97.309446	 97.298021	 97.286754	 97.275645	 97.264693	 97.253897	 97.243257	 97.232772	 97.222442	 97.212265	 97.202242	 97.192371	 97.182652	 97.173084	 97.163666	 97.154396	 97.145276	 97.136302	 97.127475	 97.118794	 97.110257	 97.101863	 97.093612	 97.085503	 97.077534	 97.069704	 97.062013	 97.054459	 97.047041	 97.039758	 97.032609	 97.025593	 97.018708	 97.011953	 97.005328	  96.99883	  96.99246	 96.986215	 96.980095	 96.974098	 96.968223	 96.962468	 96.956834	 96.951318	 96.945919	 96.940636	 96.935467	 96.930413	  96.92547	 96.920639	 96.915919	 96.911306	 96.906802	 96.902404	 96.898111	 96.893923	 96.889837	 96.885854	 96.881971	 96.878188	 96.874504	 96.870917	 96.867426	 96.864031	 96.860731	 96.857523	 96.854408	 96.851385	 96.848451	 96.845608	 96.842852	 96.840185	 96.837604	 96.835108	 96.832698	 96.830372	 96.828129	 96.825969	  96.82389	 96.821893	 96.819975	 96.818138	 96.816379	 96.814698	 96.813095	  96.81157	  96.81012	 96.808747	 96.807449	 96.806226	 96.805077	 96.804002	 96.803001	 96.802073	 96.801218	 96.800435	 96.799724	 96.799085	 96.798518	 96.798023	 96.797598	 96.797244	 96.796962	  96.79675	 96.796609	 96.796538	
        99	 98.970818	 98.941641	 98.912472	 98.883315	 98.854176	 98.825058	 98.795965	 98.766901	 98.737872	  98.70888	  98.67993	 98.651027	 98.622174	 98.593375	 98.564635	 98.535957	 98.507346	 98.478805	 98.450339	 98.421951	 98.393646	 98.365426	 98.337297	 98.309262	 98.281324	 98.253487	 98.225756	 98.198132	 98.170621	 98.143226	 98.115949	 98.088795	 98.061767	 98.034869	 98.008102	 97.981472	  97.95498	 97.928631	 97.902426	  97.87637	 97.850464	 97.824712	 97.799117	 97.773681	 97.748408	 97.723299	 97.698357	 97.673585	 97.648985	  97.62456	 97.600312	 97.576243	 97.552355	  97.52865	  97.50513	 97.481798	 97.458655	 97.435703	 97.412944	 97.390379	 97.368011	  97.34584	 97.323867	 97.302096	 97.280526	 97.259159	 97.237996	 97.217039	 97.196288	 97.175744	 97.155409	 97.135283	 97.115367	 97.095661	 97.076167	 97.056885	 97.037814	 97.018957	 97.000313	 96.981883	 96.963666	 96.945663	 96.927875	   96.9103	  96.89294	 96.875794	 96.858862	 96.842143	 96.825639	 96.809348	  96.79327	 96.777404	 96.761751	 96.746309	 96.731079	 96.716059	 96.701249	 96.686649	 96.672257	 96.658072	 96.644095	 96.630324	 96.616757	 96.603395	 96.590237	  96.57728	 96.564524	 96.551969	 96.539612	 96.527453	  96.51549	 96.503723	  96.49215	 96.480769	  96.46958	  96.45858	 96.447769	 96.437146	 96.426708	 96.416455	 96.406385	 96.396496	 96.386787	 96.377256	 96.367902	 96.358724	  96.34972	 96.340887	 96.332226	 96.323733	 96.315408	 96.307249	 96.299254	 96.291422	 96.283751	  96.27624	 96.268886	 96.261688	 96.254646	 96.247756	 96.241018	 96.234429	 96.227989	 96.221695	 96.215547	 96.209542	 96.203679	 96.197956	 96.192373	 96.186926	 96.181616	  96.17644	 96.171397	 96.166485	 96.161703	  96.15705	 96.152524	 96.148124	 96.143848	 96.139696	 96.135665	 96.131754	 96.127963	  96.12429	 96.120734	 96.117293	 96.113966	 96.110753	 96.107652	 96.104662	 96.101782	 96.099011	 96.096348	 96.093793	 96.091343	 96.088998	 96.086758	 96.084621	 96.082587	 96.080655	 96.078824	 96.077093	 96.075463	 96.073931	 96.072499	 96.071164	 96.069927	 96.068787	 96.067743	 96.066796	 96.065944	 96.065188	 96.064527	 96.063961	  96.06349	 96.063113	 96.062831	 96.062642	 96.062548	
        99	 98.963531	 98.927067	 98.890613	 98.854176	 98.817759	  98.78137	 98.745011	  98.70869	 98.672411	 98.636179	      98.6	 98.563878	  98.52782	 98.491829	 98.455912	 98.420072	 98.384316	 98.348648	 98.313073	 98.277596	 98.242222	 98.206956	 98.171802	 98.136765	 98.101851	 98.067062	 98.032405	 97.997884	 97.963502	 97.929265	 97.895177	 97.861242	 97.827465	 97.793849	 97.760398	 97.727117	  97.69401	  97.66108	 97.628331	 97.595768	 97.563393	  97.53121	 97.499223	 97.467435	  97.43585	 97.404471	 97.373301	 97.342342	 97.311599	 97.281075	 97.250771	 97.220691	 97.190837	 97.161213	  97.13182	 97.102661	 97.073739	 97.045055	 97.016612	 96.988412	 96.960457	  96.93275	  96.90529	 96.878082	 96.851125	 96.824422	 96.797975	 96.771784	 96.745851	 96.720177	 96.694763	 96.669611	 96.644721	 96.620095	 96.595732	 96.571634	 96.547802	 96.524236	 96.500936	 96.477902	 96.455137	 96.432638	 96.410407	 96.388444	 96.366748	  96.34532	  96.32416	 96.303266	  96.28264	 96.262281	 96.242187	  96.22236	 96.202797	   96.1835	 96.164466	 96.145695	 96.127187	  96.10894	 96.090954	 96.073228	  96.05576	 96.038549	 96.021595	 96.004896	 95.988451	 95.972259	 95.956318	 95.940627	 95.925184	 95.909989	 95.895039	 95.880333	 95.865869	 95.851647	 95.837663	 95.823917	 95.810406	  95.79713	 95.784086	 95.771272	 95.758687	 95.746328	 95.734194	 95.722284	 95.710594	 95.699124	 95.687871	 95.676833	 95.666008	 95.655395	 95.644991	 95.634794	 95.624803	 95.615015	 95.605428	 95.596041	 95.586851	 95.577856	 95.569054	 95.560444	 95.552023	 95.543789	  95.53574	 95.527875	 95.520191	 95.512686	 95.505359	 95.498208	  95.49123	 95.484423	 95.477787	 95.471318	 95.465015	 95.458877	 95.452901	 95.447086	  95.44143	 95.435931	 95.430587	 95.425398	  95.42036	 95.415473	 95.410736	 95.406145	 95.401701	 95.397401	 95.393243	 95.389228	 95.385352	 95.381616	 95.378017	 95.374554	 95.371226	 95.368031	  95.36497	  95.36204	  95.35924	  95.35657	 95.354028	 95.351613	 95.349325	 95.347162	 95.345124	  95.34321	  95.34142	 95.339752	 95.338206	 95.336781	 95.335477	 95.334293	 95.333229	 95.332284	 95.331458	  95.33075	 95.330161	  95.32969	 95.329337	 95.329102	 95.328985	
        99	 98.956249	 98.912503	 98.868771	 98.825058	  98.78137	 98.737713	 98.694095	 98.650521	 98.606998	 98.563531	 98.520127	 98.476793	 98.433534	 98.390357	 98.347268	 98.304272	 98.261376	 98.218586	 98.175907	 98.133346	 98.090908	   98.0486	 98.006427	 97.964394	 97.922507	 97.880773	 97.839195	  97.79778	 97.756533	  97.71546	 97.674565	 97.633854	 97.593332	 97.553003	 97.512873	 97.472947	 97.433229	 97.393723	 97.354435	 97.315369	  97.27653	 97.237921	 97.199547	 97.161412	 97.123519	 97.085874	  97.04848	  97.01134	 96.974458	 96.937838	 96.901483	 96.865397	 96.829582	 96.794042	  96.75878	 96.723799	 96.689101	  96.65469	 96.620568	 96.586737	   96.5532	 96.519959	 96.487017	 96.454375	 96.422036	 96.390001	 96.358273	 96.326852	 96.295741	  96.26494	 96.234452	 96.204277	 96.174417	 96.144873	 96.115646	 96.086736	 96.058145	 96.029873	  96.00192	 95.974288	 95.946976	 95.919985	 95.893315	 95.866966	 95.840938	 95.815231	 95.789846	  95.76478	 95.740036	 95.715611	 95.691505	 95.667718	  95.64425	 95.621099	 95.598264	 95.575745	 95.553541	 95.531651	 95.510074	 95.488807	 95.467851	 95.447204	 95.426865	 95.406832	 95.387103	 95.367677	 95.348553	 95.329729	 95.311203	 95.292973	 95.275038	 95.257395	 95.240044	 95.222981	 95.206205	 95.189714	 95.173506	 95.157578	 95.141929	 95.126557	 95.111458	 95.096632	 95.082076	 95.067787	 95.053763	 95.040002	 95.026502	  95.01326	 95.000274	 94.987541	  94.97506	 94.962827	 94.950841	 94.939098	 94.927597	 94.916335	  94.90531	 94.894519	  94.88396	  94.87363	 94.863528	  94.85365	 94.843994	 94.834558	  94.82534	 94.816337	 94.807547	 94.798967	 94.790595	  94.78243	 94.774468	 94.766708	 94.759147	 94.751783	 94.744614	 94.737637	 94.730852	 94.724255	 94.717844	 94.711618	 94.705575	 94.699712	 94.694028	 94.688521	 94.683189	 94.678031	 94.673043	 94.668226	 94.663577	 94.659094	 94.654776	 94.650622	 94.646629	 94.642797	 94.639124	 94.635609	  94.63225	 94.629046	 94.625997	   94.6231	 94.620355	  94.61776	 94.615316	  94.61302	 94.610872	 94.608871	 94.607016	 94.605306	 94.603742	 94.602321	 94.601045	 94.599911	  94.59892	 94.598072	 94.597365	   94.5968	 94.596377	 94.596094	 94.595953	
        99	 98.948973	 98.897953	 98.846948	 98.795965	 98.745011	 98.694095	 98.643223	 98.592403	 98.541641	 98.490946	 98.440325	 98.389784	 98.339331	 98.288974	 98.238718	 98.188572	 98.138543	 98.088636	  98.03886	 97.989221	 97.939726	 97.890382	 97.841195	 97.792173	  97.74332	 97.694645	 97.646153	 97.597851	 97.549745	 97.501841	 97.454145	 97.406664	 97.359403	 97.312368	 97.265564	 97.218998	 97.172674	 97.126599	 97.080778	 97.035215	 96.989917	 96.944887	 96.900131	 96.855654	 96.811461	 96.767555	 96.723942	 96.680626	 96.637611	 96.594901	   96.5525	 96.510412	 96.468641	 96.427191	 96.386065	 96.345266	 96.304799	 96.264665	 96.224868	 96.185411	 96.146297	 96.107529	 96.069108	 96.031038	 95.993321	 95.955958	 95.918953	 95.882307	 95.846022	   95.8101	 95.774541	 95.739349	 95.704523	 95.670066	 95.635978	 95.602261	 95.568915	 95.535941	  95.50334	 95.471112	 95.439258	 95.407779	 95.376673	 95.345942	 95.315586	 95.285604	 95.255997	 95.226763	 95.197903	 95.169417	 95.141302	  95.11356	 95.086189	 95.059187	 95.032556	 95.006292	 94.980395	 94.954865	 94.929699	 94.904896	 94.880455	 94.856375	 94.832653	 94.809288	 94.786278	 94.763622	 94.741318	 94.719363	 94.697756	 94.676494	 94.655577	    94.635	 94.614763	 94.594863	 94.575297	 94.556063	  94.53716	 94.518583	 94.500332	 94.482403	 94.464794	 94.447502	 94.430525	  94.41386	 94.397504	 94.381455	 94.365709	 94.350265	 94.335119	 94.320269	 94.305712	 94.291445	 94.277465	  94.26377	 94.250357	 94.237222	 94.224363	 94.211778	 94.199463	 94.187415	 94.175632	 94.164112	  94.15285	 94.141845	 94.131094	 94.120594	 94.110342	 94.100335	 94.090571	 94.081048	 94.071762	 94.062711	 94.053893	 94.045304	 94.036943	 94.028806	 94.020892	 94.013198	 94.005722	  93.99846	 93.991412	 93.984574	 93.977945	 93.971522	 93.965304	 93.959287	  93.95347	 93.947852	 93.942429	 93.937201	 93.932165	  93.92732	 93.922664	 93.918194	  93.91391	 93.909811	 93.905893	 93.902157	   93.8986	 93.895221	  93.89202	 93.888994	 93.886143	 93.883465	  93.88096	 93.878626	 93.876462	 93.874469	 93.872644	 93.870987	 93.869498	 93.868176	 93.867021	 93.866031	 93.865207	 93.864548	 93.864054	 93.863725	  93.86356	
        99	 98.941704	 98.883417	 98.825146	 98.766901	  98.70869	 98.650521	 98.592403	 98.534343	 98.476351	 98.418435	 98.360603	 98.302863	 98.245224	 98.187693	 98.130279	  98.07299	 98.015834	 97.958819	 97.901953	 97.845243	 97.788698	 97.732325	 97.676132	 97.620126	 97.564315	 97.508707	 97.453307	 97.398125	 97.343167	 97.288439	  97.23395	 97.179705	 97.125712	 97.071976	 97.018506	 96.965307	 96.912385	 96.859747	 96.807398	 96.755346	 96.703595	 96.652151	  96.60102	 96.550208	 96.499719	 96.449559	 96.399734	 96.350248	 96.301105	 96.252311	 96.203871	 96.155788	 96.108068	 96.060713	 96.013729	 95.967119	 95.920887	 95.875036	  95.82957	 95.784493	 95.739808	 95.695517	 95.651623	 95.608131	 95.565041	 95.522357	  95.48008	 95.438214	 95.396761	 95.355721	 95.315098	 95.274892	 95.235106	 95.195741	 95.156797	 95.118277	 95.080181	  95.04251	 95.005266	 94.968447	 94.932056	 94.896092	 94.860556	 94.825448	 94.790768	 94.756515	 94.722691	 94.689293	 94.656322	 94.623778	 94.591659	 94.559964	 94.528694	 94.497847	 94.467421	 94.437417	 94.407831	 94.378664	 94.349914	 94.321578	 94.293656	 94.266145	 94.239044	 94.212351	 94.186064	  94.16018	 94.134699	 94.109617	 94.084932	 94.060642	 94.036745	 94.013237	 93.990117	 93.967382	  93.94503	 93.923056	  93.90146	 93.880238	 93.859387	 93.838904	 93.818786	 93.799031	 93.779636	 93.760597	 93.741911	 93.723576	 93.705588	 93.687944	 93.670641	 93.653675	 93.637045	 93.620745	 93.604774	 93.589128	 93.573804	 93.558798	 93.544108	  93.52973	  93.51566	 93.501897	 93.488436	 93.475274	 93.462409	 93.449836	 93.437553	 93.425557	 93.413845	 93.402413	 93.391259	 93.380379	  93.36977	  93.35943	 93.349355	 93.339543	 93.329991	 93.320695	 93.311654	 93.302864	 93.294322	 93.286027	 93.277975	 93.270163	  93.26259	 93.255252	 93.248147	 93.241274	 93.234628	  93.22821	 93.222015	 93.216042	 93.210289	 93.204753	 93.199433	 93.194327	 93.189433	  93.18475	 93.180274	 93.176006	 93.171942	 93.168082	 93.164425	 93.160968	  93.15771	 93.154651	 93.151789	 93.149123	 93.146651	 93.144373	 93.142289	 93.140396	 93.138695	 93.137185	 93.135865	 93.134734	 93.133792	  93.13304	 93.132475	 93.132099	 93.131911	
        99	 98.934444	 98.868898	  98.80337	 98.737872	 98.672411	 98.606998	 98.541641	 98.476351	 98.411137	 98.346008	 98.280974	 98.216043	 98.151225	  98.08653	 98.021966	 97.957542	 97.893268	 97.829153	 97.765204	 97.701432	 97.637845	 97.574452	  97.51126	  97.44828	 97.385518	 97.322984	 97.260685	 97.198631	 97.136828	 97.075285	 97.014009	 96.953009	 96.892292	 96.831864	 96.771735	  96.71191	 96.652398	 96.593204	 96.534336	 96.475801	 96.417605	 96.359755	 96.302256	 96.245116	 96.188339	 96.131933	 96.075902	 96.020253	  95.96499	  95.91012	 95.855647	 95.801576	 95.747912	  95.69466	 95.641825	  95.58941	  95.53742	 95.485859	 95.434732	 95.384041	  95.33379	 95.283983	 95.234624	 95.185714	 95.137258	 95.089258	 95.041717	 94.994637	 94.948021	  94.90187	 94.856188	 94.810975	 94.766234	 94.721966	 94.678173	 94.634855	 94.592015	 94.549653	  94.50777	 94.466366	 94.425443	    94.385	 94.345039	 94.305558	 94.266559	 94.228041	 94.190003	 94.152446	 94.115369	 94.078772	 94.042653	 94.007011	 93.971847	 93.937158	 93.902944	 93.869202	 93.835932	 93.803133	 93.770801	 93.738937	 93.707537	   93.6766	 93.646124	 93.616107	 93.586546	 93.557439	 93.528784	 93.500579	  93.47282	 93.445505	 93.418631	 93.392196	 93.366197	  93.34063	 93.315494	 93.290784	 93.266498	 93.242633	 93.219185	 93.196151	 93.173529	 93.151314	 93.129503	 93.108092	  93.08708	 93.066461	 93.046233	 93.026391	 93.006933	 92.987855	 92.969153	 92.950824	 92.932864	 92.915269	 92.898037	 92.881162	 92.864642	 92.848473	 92.832652	 92.817174	 92.802037	 92.787236	 92.772768	  92.75863	 92.744818	 92.731328	 92.718157	 92.705301	 92.692758	 92.680523	 92.668593	 92.656965	 92.645636	 92.634602	  92.62386	 92.613407	 92.603239	 92.593354	 92.583749	  92.57442	 92.565365	 92.556581	 92.548064	 92.539813	 92.531823	 92.524094	 92.516621	 92.509403	 92.502436	  92.49572	  92.48925	 92.483025	 92.477043	 92.471301	 92.465797	  92.46053	 92.455498	 92.450697	 92.446128	 92.441787	 92.437674	 92.433787	 92.430124	 92.426684	 92.423465	 92.420466	 92.417687	 92.415126	 92.412782	 92.410653	  92.40874	 92.407042	 92.405557	 92.404286	 92.403227	  92.40238	 92.401746	 92.401323	 92.401112	
        99	 98.927194	 98.854398	 98.781623	  98.70888	 98.636179	 98.563531	 98.490946	 98.418435	 98.346008	 98.273676	 98.201448	 98.129336	  98.05735	 97.985499	 97.913794	 97.842245	 97.770862	 97.699655	 97.628634	 97.557809	 97.487189	 97.416784	 97.346604	 97.276657	 97.206954	 97.137504	 97.068315	 96.999397	 96.930759	 96.862409	 96.794356	 96.726609	 96.659176	 96.592066	 96.525286	 96.458845	  96.39275	  96.32701	 96.261631	 96.196622	 96.131989	  96.06774	 96.003882	 95.940422	 95.877366	 95.814721	 95.752493	 95.690689	 95.629314	 95.568375	 95.507877	 95.447826	 95.388227	 95.329086	 95.270406	 95.212194	 95.154454	 95.097191	 95.040408	 94.984111	 94.928303	 94.872987	 94.818168	 94.763849	 94.710034	 94.656725	 94.603926	 94.551639	 94.499867	 94.448612	 94.397877	 94.347664	 94.297974	  94.24881	 94.200173	 94.152065	 94.104486	 94.057439	 94.010923	  93.96494	 93.919491	 93.874575	 93.830194	 93.786347	 93.743034	 93.700256	 93.658012	 93.616301	 93.575123	 93.534478	 93.494364	 93.454781	 93.415727	 93.377201	 93.339203	 93.301729	  93.26478	 93.228353	 93.192445	 93.157057	 93.122184	 93.087826	 93.053979	 93.020642	 92.987811	 92.955485	 92.923661	 92.892336	 92.861506	  92.83117	 92.801325	 92.771966	 92.743091	 92.714697	  92.68678	 92.659338	 92.632366	 92.605861	  92.57982	 92.554239	 92.529114	 92.504441	 92.480218	  92.45644	 92.433103	 92.410204	 92.387739	 92.365703	 92.344093	 92.322904	 92.302134	 92.281778	 92.261831	 92.242291	 92.223152	 92.204411	 92.186064	 92.168107	 92.150536	 92.133346	 92.116534	 92.100097	 92.084029	 92.068327	 92.052987	 92.038005	 92.023377	 92.009099	 91.995169	  91.98158	 91.968331	 91.955417	 91.942835	 91.930581	 91.918651	 91.907041	 91.895749	 91.884771	 91.874104	 91.863743	 91.853687	 91.843931	 91.834472	 91.825308	 91.816435	  91.80785	 91.799551	 91.791535	 91.783798	 91.776338	 91.769153	 91.762239	 91.755595	 91.749219	 91.743106	 91.737257	 91.731667	 91.726336	 91.721261	 91.716441	 91.711873	 91.707555	 91.703487	 91.699667	 91.696092	 91.692762	 91.689675	 91.686831	 91.684227	 91.681863	 91.679739	 91.677853	 91.676204	 91.674791	 91.673616	 91.672675	 91.671971	 91.671501	 91.671266	
        99	 98.919953	 98.839919	 98.759907	  98.67993	      98.6	 98.520127	 98.440325	 98.360603	 98.280974	 98.201448	 98.122039	 98.042756	  97.96361	 97.884615	 97.805779	 97.727115	 97.648634	 97.570346	 97.492263	 97.414394	 97.336752	 97.259345	 97.182186	 97.105284	  97.02865	 96.952293	 96.876224	 96.800452	 96.724989	 96.649842	 96.575022	 96.500538	 96.426399	 96.352615	 96.279195	 96.206146	 96.133479	 96.061201	 95.989321	 95.917847	 95.846787	 95.776149	 95.705941	  95.63617	 95.566844	 95.497969	 95.429554	 95.361603	 95.294126	 95.227127	 95.160613	  95.09459	 95.029064	 94.964041	 94.899527	 94.835526	 94.772044	 94.709087	 94.646657	 94.584762	 94.523403	 94.462587	 94.402317	 94.342597	  94.28343	  94.22482	  94.16677	 94.109283	 94.052363	 93.996011	 93.940231	 93.885024	 93.830394	 93.776341	 93.722867	 93.669975	 93.617665	 93.565939	 93.514798	 93.464242	 93.414273	 93.364891	 93.316096	 93.267889	 93.220269	 93.173237	 93.126792	 93.080933	 93.035661	 92.990973	 92.946871	 92.903351	 92.860414	 92.818057	  92.77628	  92.73508	 92.694456	 92.654406	 92.614929	 92.576021	  92.53768	 92.499905	 92.462693	  92.42604	 92.389945	 92.354405	 92.319416	 92.284975	  92.25108	 92.217728	 92.184914	 92.152636	  92.12089	 92.089672	 92.058979	 92.028808	 91.999153	 91.970013	 91.941382	 91.913257	 91.885634	 91.858508	 91.831876	 91.805733	 91.780076	 91.754899	   91.7302	 91.705973	 91.682214	 91.658918	 91.636083	 91.613702	 91.591772	 91.570288	 91.549246	 91.528642	  91.50847	 91.488728	 91.469409	  91.45051	 91.432027	 91.413954	 91.396288	 91.379025	 91.362159	 91.345688	 91.329605	 91.313908	 91.298592	 91.283652	 91.269086	 91.254888	 91.241054	 91.227581	 91.214465	 91.201701	 91.189286	 91.177216	 91.165488	 91.154097	 91.143041	 91.132314	 91.121915	  91.11184	 91.102084	 91.092646	 91.083522	 91.074708	 91.066202	    91.058	   91.0501	   91.0425	 91.035195	 91.028184	 91.021464	 91.015033	 91.008888	 91.003026	 90.997447	 90.992147	 90.987124	 90.982378	 90.977905	 90.973704	 90.969774	 90.966113	 90.962719	 90.959592	 90.956729	 90.954131	 90.951795	 90.949721	 90.947908	 90.946356	 90.945063	 90.944029	 90.943254	 90.942738	  90.94248	
        99	 98.912725	 98.825463	 98.738226	 98.651027	 98.563878	 98.476793	 98.389784	 98.302863	 98.216043	 98.129336	 98.042756	 97.956313	 97.870021	 97.783891	 97.697937	 97.612169	 97.526601	 97.441243	 97.356108	 97.271208	 97.186554	 97.102158	 97.018031	 96.934184	  96.85063	 96.767377	 96.684439	 96.601825	 96.519547	 96.437614	 96.356038	 96.274827	 96.193994	 96.113547	 96.033496	 95.953851	 95.874622	 95.795817	 95.717446	 95.639518	 95.562041	 95.485024	 95.408476	 95.332404	 95.256817	 95.181723	 95.107129	 95.033043	 94.959472	 94.886422	 94.813902	 94.741917	 94.670474	  94.59958	 94.529239	 94.459459	 94.390245	 94.321601	 94.253535	 94.186049	 94.119151	 94.052842	  93.98713	 93.922016	 93.857506	 93.793604	 93.730312	 93.667634	 93.605573	 93.544133	 93.483315	 93.423123	 93.363559	 93.304625	 93.246323	 93.188654	 93.131621	 93.075224	 93.019464	 92.964343	 92.909862	  92.85602	 92.802819	 92.750259	 92.698339	 92.647059	  92.59642	  92.54642	 92.497059	 92.448337	 92.400251	 92.352802	 92.305987	 92.259805	 92.214255	 92.169335	 92.125043	 92.081376	 92.038334	 91.995912	 91.954109	 91.912923	  91.87235	 91.832388	 91.793033	 91.754283	 91.716135	 91.678584	 91.641628	 91.605264	 91.569487	 91.534294	 91.499681	 91.465644	  91.43218	 91.399284	 91.366952	  91.33518	 91.303963	 91.273298	 91.243181	 91.213605	 91.184568	 91.156065	  91.12809	 91.100641	  91.07371	 91.047295	 91.021391	 90.995992	 90.971094	 90.946692	 90.922782	 90.899358	 90.876416	 90.853951	 90.831958	 90.810432	 90.789369	 90.768764	 90.748611	 90.728907	 90.709646	 90.690823	 90.672435	 90.654475	 90.636941	 90.619826	 90.603127	 90.586838	 90.570956	 90.555476	 90.540393	 90.525703	 90.511403	 90.497486	  90.48395	 90.470791	 90.458003	 90.445584	 90.433529	 90.421834	 90.410496	  90.39951	 90.388874	 90.378583	 90.368635	 90.359025	 90.349751	 90.340809	 90.332196	 90.323908	 90.315944	   90.3083	 90.300973	 90.293961	 90.287261	  90.28087	 90.274787	 90.269009	 90.263533	 90.258357	 90.253481	 90.248901	 90.244616	 90.240624	 90.236924	 90.233514	 90.230393	  90.22756	 90.225013	 90.222752	 90.220775	 90.219082	 90.217673	 90.216546	 90.215701	 90.215138	 90.214856	
        99	 98.905509	 98.811032	 98.716582	 98.622174	  98.52782	 98.433534	 98.339331	 98.245224	 98.151225	  98.05735	  97.96361	 97.870021	 97.776594	 97.683343	 97.590282	 97.497423	  97.40478	 97.312365	 97.220191	 97.128272	 97.036618	 96.945244	 96.854161	 96.763382	 96.672919	 96.582784	 96.492988	 96.403544	 96.314463	 96.225756	 96.137434	  96.04951	 95.961993	 95.874895	 95.788225	 95.701995	 95.616215	 95.530895	 95.446044	 95.361672	  95.27779	 95.194405	 95.111528	 95.029167	 94.947331	 94.866028	 94.785266	 94.705055	   94.6254	 94.546311	 94.467795	 94.389858	 94.312509	 94.235752	 94.159596	 94.084047	  94.00911	 93.934791	 93.861096	 93.788032	 93.715601	 93.643811	 93.572665	 93.502168	 93.432324	 93.363138	 93.294613	 93.226753	 93.159561	 93.093041	 93.027195	 92.962027	 92.897538	 92.833731	 92.770608	 92.708171	 92.646422	 92.585362	 92.524993	 92.465315	 92.406329	 92.348035	 92.290436	 92.233529	 92.177317	 92.121797	 92.066971	 92.012837	 91.959395	 91.906644	 91.854583	  91.80321	 91.752525	 91.702525	 91.653209	 91.604575	  91.55662	 91.509344	 91.462742	 91.416813	 91.371554	 91.326963	 91.283035	 91.239769	  91.19716	 91.155206	 91.113904	 91.073249	 91.033237	 90.993866	 90.955131	 90.917028	 90.879554	 90.842703	 90.806472	 90.770856	  90.73585	 90.701451	 90.667654	 90.634454	 90.601846	 90.569825	 90.538387	 90.507527	  90.47724	 90.447521	 90.418364	 90.389765	 90.361719	  90.33422	 90.307263	 90.280844	 90.254957	 90.229596	 90.204757	 90.180435	 90.156623	 90.133318	 90.110513	 90.088204	 90.066385	 90.045052	 90.024198	 90.003819	 89.983911	 89.964466	 89.945482	 89.926952	 89.908872	 89.891237	 89.874042	 89.857282	 89.840952	 89.825048	 89.809564	 89.794498	 89.779842	 89.765595	  89.75175	 89.738304	 89.725252	  89.71259	 89.700314	 89.688421	 89.676905	 89.665764	 89.654993	 89.644588	 89.634547	 89.624866	 89.615541	 89.606568	 89.597945	 89.589669	 89.581737	 89.574145	 89.566891	 89.559972	 89.553385	 89.547129	 89.541201	 89.535597	 89.530317	 89.525359	 89.520719	 89.516398	 89.512392	   89.5087	 89.505321	 89.502253	 89.499496	 89.497048	 89.494908	 89.493075	 89.491549	 89.490329	 89.489414	 89.488805	   89.4885	
        99	 98.898307	 98.796628	 98.694979	 98.593375	 98.491829	 98.390357	 98.288974	 98.187693	  98.08653	 97.985499	 97.884615	 97.783891	 97.683343	 97.582985	  97.48283	 97.382894	 97.283189	  97.18373	  97.08453	 96.985604	 96.886965	 96.788626	 96.690601	 96.592903	 96.495544	 96.398539	 96.301898	 96.205637	 96.109765	 96.014297	 95.919244	 95.824617	  95.73043	 95.636692	 95.543417	 95.450614	 95.358296	 95.266472	 95.175154	 95.084351	 94.994075	 94.904335	  94.81514	 94.726502	 94.638428	 94.550927	  94.46401	 94.377685	 94.291959	 94.206842	 94.122341	 94.038463	 93.955218	 93.872611	  93.79065	 93.709342	 93.628693	  93.54871	 93.469398	 93.390764	 93.312813	 93.235551	 93.158982	 93.083111	 93.007944	 92.933484	 92.859736	 92.786704	 92.714391	   92.6428	 92.571935	 92.501799	 92.432395	 92.363725	 92.295791	 92.228595	 92.162139	 92.096425	 92.031454	 91.967227	 91.903745	 91.841008	 91.779018	 91.717774	 91.657277	 91.597526	 91.538521	 91.480261	 91.422745	 91.365973	 91.309944	 91.254656	 91.200107	 91.146296	 91.093221	  91.04088	  90.98927	  90.93839	 90.888236	 90.838806	 90.790098	 90.742107	 90.694831	 90.648267	 90.602411	 90.557259	 90.512809	 90.469055	 90.425994	 90.383622	 90.341934	 90.300927	 90.260596	 90.220936	 90.181943	 90.143612	 90.105939	 90.068918	 90.032545	 89.996814	  89.96172	 89.927259	 89.893425	 89.860213	 89.827617	 89.795632	 89.764253	 89.733474	  89.70329	 89.673695	 89.644684	 89.616251	 89.588391	 89.561097	 89.534365	 89.508189	 89.482562	 89.457481	 89.432938	 89.408928	 89.385446	 89.362486	 89.340043	 89.318111	 89.296685	 89.275759	 89.255327	 89.235385	 89.215927	 89.196948	 89.178442	 89.160404	  89.14283	 89.125713	  89.10905	 89.092834	 89.077062	 89.061729	 89.046828	 89.032357	 89.018311	 89.004684	 88.991473	 88.978672	 88.966279	 88.954288	 88.942696	 88.931499	 88.920692	 88.910273	 88.900237	 88.890581	 88.881301	 88.872394	 88.863857	 88.855686	 88.847879	 88.840433	 88.833344	 88.826611	 88.820231	   88.8142	 88.808518	 88.803181	 88.798188	 88.793537	 88.789226	 88.785253	 88.781616	 88.778315	 88.775347	 88.772712	 88.770409	 88.768437	 88.766794	 88.765481	 88.764497	 88.763841	 88.763513	
        99	 98.891119	 98.782254	 98.673421	 98.564635	 98.455912	 98.347268	 98.238718	 98.130279	 98.021966	 97.913794	 97.805779	 97.697937	 97.590282	  97.48283	 97.375597	 97.268597	 97.161845	 97.055356	 96.949145	 96.843227	 96.737616	 96.632326	 96.527373	 96.422769	 96.318529	 96.214667	 96.111197	 96.008131	 95.905484	 95.803267	 95.701496	 95.600181	 95.499336	 95.398974	 95.299106	 95.199744	   95.1009	 95.002586	 94.904814	 94.807593	 94.710936	 94.614853	 94.519355	 94.424451	 94.330152	 94.236467	 94.143407	 94.050979	 93.959195	 93.868061	 93.777588	 93.687782	 93.598653	 93.510207	 93.422454	 93.335398	 93.249049	 93.163413	 93.078495	 92.994303	 92.910843	 92.828119	 92.746139	 92.664906	 92.584426	 92.504703	 92.425743	 92.347548	 92.270124	 92.193473	   92.1176	 92.042507	 91.968197	 91.894673	 91.821937	 91.749992	 91.678839	  91.60848	 91.538917	 91.470151	 91.402182	 91.335011	 91.268639	 91.203067	 91.138294	 91.074319	 91.011143	 90.948766	 90.887185	 90.826401	 90.766411	 90.707215	 90.648811	 90.591196	  90.53437	 90.478329	 90.423072	 90.368595	 90.314897	 90.261973	 90.209822	  90.15844	 90.107822	 90.057967	  90.00887	 89.960527	 89.912934	 89.866088	 89.819983	 89.774616	 89.729982	 89.686077	 89.642895	 89.600432	 89.558683	 89.517643	 89.477307	  89.43767	 89.398725	 89.360469	 89.322895	 89.285998	 89.249773	 89.214213	 89.179313	 89.145068	 89.111471	 89.078517	 89.046199	 89.014512	 88.983451	 88.953008	 88.923178	 88.893956	 88.865334	 88.837308	  88.80987	 88.783015	 88.756738	 88.731031	  88.70589	 88.681307	 88.657278	 88.633796	 88.610855	  88.58845	 88.566574	 88.545222	 88.524389	 88.504068	 88.484254	 88.464942	 88.446125	 88.427799	 88.409958	 88.392596	 88.375709	 88.359292	 88.343339	 88.327845	 88.312805	 88.298215	  88.28407	 88.270365	 88.257096	 88.244258	 88.231846	 88.219858	 88.208287	 88.197131	 88.186386	 88.176047	 88.166111	 88.156575	 88.147434	 88.138686	 88.130327	 88.122355	 88.114765	 88.107556	 88.100725	 88.094268	 88.088184	  88.08247	 88.077125	 88.072145	 88.067528	 88.063274	 88.059381	 88.055846	 88.052669	 88.049848	 88.047382	  88.04527	 88.043512	 88.042106	 88.041052	 88.040349	 88.039998	
        99	 98.883947	 98.767911	 98.651909	 98.535957	 98.420072	 98.304272	 98.188572	  98.07299	 97.957542	 97.842245	 97.727115	 97.612169	 97.497423	 97.382894	 97.268597	 97.154548	 97.040764	 96.927261	 96.814054	 96.701159	 96.588592	 96.476367	   96.3645	 96.253006	   96.1419	 96.031196	  95.92091	 95.811055	 95.701646	 95.592697	 95.484222	 95.376233	 95.268746	 95.161772	 95.055326	 94.949419	 94.844065	 94.739275	 94.635062	 94.531438	 94.428414	 94.326002	 94.224212	 94.123057	 94.022547	 93.922691	   93.8235	 93.724985	 93.627155	 93.530018	 93.433585	 93.337864	 93.242863	 93.148592	 93.055058	 92.962268	 92.870231	 92.778954	 92.688443	 92.598705	 92.509747	 92.421575	 92.334194	  92.24761	 92.161829	 92.076855	 91.992693	 91.909348	 91.826824	 91.745124	 91.664253	 91.584213	 91.505009	 91.426641	 91.349115	  91.27243	 91.196591	 91.121597	 91.047452	 90.974156	  90.90171	 90.830115	 90.759371	 90.689479	 90.620439	 90.552251	 90.484914	 90.418427	  90.35279	 90.288002	 90.224061	 90.160965	 90.098714	 90.037304	 89.976735	 89.917003	 89.858106	 89.800041	 89.742805	 89.686395	 89.630809	 89.576042	  89.52209	 89.468951	  89.41662	 89.365092	 89.314365	 89.264432	 89.215291	 89.166936	 89.119362	 89.072564	 89.026538	 88.981278	 88.936779	 88.893036	 88.850043	 88.807794	 88.766285	 88.725508	  88.68546	 88.646132	 88.607521	 88.569618	  88.53242	 88.495919	 88.460109	 88.424984	 88.390537	 88.356764	 88.323656	 88.291208	 88.259413	 88.228266	 88.197759	 88.167886	 88.138641	 88.110018	 88.082009	 88.054609	 88.027812	  88.00161	 87.975998	 87.950969	 87.926517	 87.902636	 87.879319	 87.856561	 87.834355	 87.812696	 87.791577	 87.770992	 87.750936	 87.731403	 87.712386	 87.693881	 87.675882	 87.658383	 87.641379	 87.624865	 87.608834	 87.593283	 87.578207	 87.563599	 87.549455	 87.535772	 87.522543	 87.509764	 87.497432	 87.485541	 87.474088	 87.463068	 87.452478	 87.442313	  87.43257	 87.423246	 87.414337	 87.405839	  87.39775	 87.390066	 87.382784	 87.375902	 87.369418	 87.363328	 87.357629	 87.352321	 87.347401	 87.342867	 87.338717	 87.334949	 87.331563	 87.328556	 87.325928	 87.323677	 87.321803	 87.320304	 87.319181	 87.318432	 87.318058	
        99	 98.876792	 98.753601	 98.630447	 98.507346	 98.384316	 98.261376	 98.138543	 98.015834	 97.893268	 97.770862	 97.648634	 97.526601	  97.40478	 97.283189	 97.161845	 97.040764	 96.919965	 96.799464	 96.679277	 96.559421	 96.439913	 96.320769	 96.202004	 96.083636	  95.96568	 95.848151	 95.731065	 95.614437	 95.498282	 95.382615	 95.267452	 95.152805	 95.038691	 94.925122	 94.812112	 94.699675	 94.587825	 94.476574	 94.365936	 94.255923	 94.146547	  94.03782	 93.929755	 93.822363	 93.715655	 93.609643	 93.504337	 93.399747	 93.295885	 93.192759	  93.09038	 92.988757	   92.8879	 92.787816	 92.688515	 92.590004	 92.492293	 92.395387	 92.299296	 92.204025	 92.109582	 92.015973	 91.923205	 91.831283	 91.740212	 91.649999	 91.560649	 91.472165	 91.384552	 91.297815	 91.211958	 91.126983	 91.042895	 90.959696	 90.877389	 90.795977	 90.715461	 90.635844	 90.557127	 90.479312	 90.402399	  90.32639	 90.251284	 90.177083	 90.103786	 90.031394	 89.959905	 89.889319	 89.819635	 89.750852	 89.682969	 89.615983	 89.549893	 89.484698	 89.420394	 89.356979	  89.29445	 89.232805	 89.172041	 89.112153	 89.053139	 88.994995	 88.937717	 88.881302	 88.825744	  88.77104	 88.717184	 88.664173	 88.612002	 88.560665	 88.510158	 88.460475	 88.411611	 88.363561	 88.316318	 88.269878	 88.224234	 88.179381	 88.135312	 88.092021	 88.049503	 88.007751	 87.966759	  87.92652	 87.887028	 87.848276	 87.810258	 87.772967	 87.736397	 87.700541	 87.665392	 87.630943	 87.597189	 87.564121	 87.531733	 87.500018	  87.46897	 87.438582	 87.408846	 87.379757	 87.351307	  87.32349	 87.296299	 87.269726	 87.243767	 87.218413	 87.193659	 87.169498	 87.145923	 87.122928	 87.100507	 87.078653	 87.057361	 87.036623	 87.016434	 86.996788	 86.977679	 86.959101	 86.941049	 86.923516	 86.906497	 86.889988	 86.873981	 86.858473	 86.843457	  86.82893	 86.814885	 86.801319	 86.788226	 86.775602	 86.763443	 86.751744	   86.7405	 86.729709	 86.719366	 86.709466	 86.700008	 86.690986	 86.682398	  86.67424	  86.66651	 86.659204	 86.652319	 86.645853	 86.639804	 86.634169	 86.628945	 86.624131	 86.619725	 86.615726	  86.61213	 86.608938	 86.606148	 86.603758	 86.601768	 86.600177	 86.598985	  86.59819	 86.597792	
