Time step 98:
        99	        99	        99	        99	        99	        99	        99	        99	        99	        99	        99	        99	        99	        99	        99	        99	        99	        99	        99	        99	        99	        99	        99	        99	        99	        99	        99	        99	        99	        99	        99	        99	        99	        99	        99	        99	        99	        99	        99	        99	        99	        99	        99	        99	        99	        99	        99	        99	        99	        99	        99	        99	        99	        99	        99	        99	        99	        99	        99	        99	        99	        99	        99	        99	        99	        99	        99	        99	        99	        99	        99	        99	        99	        99	        99	        99	        99	        99	        99	        99	        99	        99	        99	        99	        99	        99	        99	        99	        99	        99	        99	        99	        99	        99	        99	        99	        99	        99	        99	        99	        99	        99	        99	        99	        99	        99	        99	        99	        99	        99	        99	        99	        99	        99	        99	        99	        99	        99	        99	        99	        99	        99	        99	        99	        99	        99	        99	        99	        99	        99	        99	        99	        99	        99	        99	        99	        99	        99	        99	        99	        99	        99	        99	        99	        99	        99	        99	        99	        99	        99	        99	        99	        99	        99	        99	        99	        99	        99	        99	        99	        99	        99	        99	        99	        99	        99	        99	        99	        99	        99	        99	        99	        99	        99	        99	        99	        99	        99	        99	        99	        99	        99	        99	        99	        99	        99	        99	        99	        99	        99	        99	        99	        99	        99	        99	        99	        99	        99	        99	        99	
        99	 98.993522	 98.987044	 98.980568	 98.974095	 98.967625	 98.961159	 98.954699	 98.948244	 98.941795	 98.935355	 98.928922	 98.922499	 98.916085	 98.909683	 98.903292	 98.896913	 98.890547	 98.884196	 98.877859	 98.871537	 98.865232	 98.858944	 98.852674	 98.846422	  98.84019	 98.833978	 98.827786	 98.821617	 98.815469	 98.809344	 98.803243	 98.797167	 98.791115	  98.78509	  98.77909	 98.773118	 98.767173	 98.761257	  98.75537	 98.749512	 98.743684	 98.737888	 98.732122	 98.726389	 98.720688	  98.71502	 98.709386	 98.703785	  98.69822	  98.69269	 98.687195	 98.681736	 98.676314	 98.670929	 98.665582	 98.660272	 98.655001	 98.649769	 98.644575	 98.639421	 98.634307	 98.629234	 98.624201	 98.619209	 98.614258	 98.609348	 98.604481	 98.599655	 98.594872	 98.590132	 98.585434	 98.580779	 98.576168	 98.571601	 98.567077	 98.562597	 98.558161	 98.553769	 98.549421	 98.545118	  98.54086	 98.536646	 98.532477	 98.528353	 98.524274	  98.52024	 98.516251	 98.512307	 98.508408	 98.504555	 98.500746	 98.496983	 98.493264	 98.489591	 98.485963	  98.48238	 98.478841	 98.475348	 98.471899	 98.468495	 98.465136	 98.461821	 98.458551	 98.455325	 98.452143	 98.449005	 98.445911	 98.442861	 98.439854	 98.436891	 98.433971	 98.431093	 98.428259	 98.425468	 98.422719	 98.420012	 98.417347	 98.414724	 98.412143	 98.409603	 98.407104	 98.404646	 98.402229	 98.399852	 98.397516	 98.395219	 98.392962	 98.390745	 98.388567	 98.386427	 98.384327	 98.382264	  98.38024	 98.378254	 98.376305	 98.374394	 98.372519	 98.370682	  98.36888	 98.367115	 98.365386	 98.363693	 98.362035	 98.360412	 98.358824	 98.357271	 98.355752	 98.354266	 98.352815	 98.351397	 98.350012	 98.348661	 98.347341	 98.346055	   98.3448	 98.343578	 98.342387	 98.341228	 98.340099	 98.339002	 98.337935	 98.336899	 98.335893	 98.334918	 98.333972	 98.333055	 98.332168	  98.33131	 98.330481	 98.329681	 98.328909	 98.328166	 98.327451	 98.326764	 98.326105	 98.325473	 98.324869	 98.324293	 98.323743	 98.323221	 98.322726	 98.322258	 98.321816	 98.321401	 98.321012	  98.32065	 98.320314	 98.320004	  98.31972	 98.319463	 98.319231	 98.319025	 98.318845	 98.318691	 98.318563	  98.31846	 98.318383	 98.318332	 98.318306	
        99	 98.987044	  98.97409	 98.961139	 98.948194	 98.935255	 98.922324	 98.909403	 98.896494	 98.883598	 98.870718	 98.857854	 98.845008	 98.832182	 98.819377	 98.806596	 98.793839	 98.781109	 98.768406	 98.755733	 98.743091	 98.730482	 98.717906	 98.705367	 98.692864	 98.680401	 98.667977	 98.655595	 98.643256	 98.630962	 98.618713	 98.606512	  98.59436	 98.582258	 98.570207	 98.558209	 98.546265	 98.534376	 98.522545	 98.510771	 98.499056	 98.487402	 98.475809	 98.464279	 98.452813	 98.441412	 98.430077	 98.418809	 98.407609	 98.396479	 98.385419	  98.37443	 98.363514	  98.35267	 98.341901	 98.331207	 98.320588	 98.310047	 98.299582	 98.289196	 98.278889	 98.268662	 98.258515	  98.24845	 98.238466	 98.228565	 98.218747	 98.209012	 98.199362	 98.189796	 98.180316	 98.170921	 98.161613	 98.152391	 98.143257	 98.134209	  98.12525	 98.116378	 98.107595	 98.098901	 98.090295	 98.081779	 98.073352	 98.065015	 98.056767	  98.04861	 98.040542	 98.032565	 98.024677	  98.01688	 98.009173	 98.001557	  97.99403	 97.986594	 97.979248	 97.971992	 97.964826	  97.95775	 97.950764	 97.943867	  97.93706	 97.930341	 97.923712	 97.917172	  97.91072	 97.904357	 97.898081	 97.891894	 97.885793	  97.87978	 97.873854	 97.868014	  97.86226	 97.856592	 97.851009	 97.845512	 97.840098	 97.834769	 97.829524	 97.824361	 97.819282	 97.814284	 97.809369	 97.804535	 97.799782	 97.795109	 97.790516	 97.786003	 97.781568	 97.777212	 97.772934	 97.768733	 97.764608	  97.76056	 97.756588	  97.75269	 97.748868	 97.745119	 97.741444	 97.737842	 97.734312	 97.730855	 97.727468	 97.724152	 97.720907	 97.717731	 97.714624	 97.711586	 97.708616	 97.705713	 97.702878	 97.700108	 97.697405	 97.694767	 97.692194	 97.689685	  97.68724	 97.684859	  97.68254	 97.680284	 97.678089	 97.675956	 97.673884	 97.671873	 97.669921	 97.668029	 97.666196	 97.664422	 97.662706	 97.661048	 97.659448	 97.657905	 97.656418	 97.654988	 97.653615	 97.652296	 97.651033	 97.649826	 97.648673	 97.647574	  97.64653	 97.645539	 97.644603	 97.643719	 97.642889	 97.642112	 97.641387	 97.640715	 97.640096	 97.639528	 97.639013	  97.63855	 97.638138	 97.637778	  97.63747	 97.637213	 97.637008	 97.636854	 97.636752	   97.6367	
        99	 98.980568	 98.961139	 98.941715	 98.922299	 98.902892	 98.883498	 98.864119	 98.844758	 98.825416	 98.806097	 98.786803	 98.767536	 98.748299	 98.729095	 98.709925	 98.690792	 98.671698	 98.652646	 98.633639	 98.614678	 98.595766	 98.576905	 98.558098	 98.539346	 98.520652	 98.502019	 98.483448	 98.464942	 98.446502	 98.428131	 98.409832	 98.391605	 98.373454	 98.355379	 98.337384	  98.31947	  98.30164	 98.283894	 98.266235	 98.248665	 98.231185	 98.213798	 98.196505	 98.179307	 98.162207	 98.145207	 98.128307	 98.111509	 98.094816	 98.078227	 98.061746	 98.045373	  98.02911	 98.012958	 97.996918	 97.980992	 97.965181	 97.949486	 97.933909	  97.91845	 97.903111	 97.887893	 97.872796	 97.857822	 97.842972	 97.828246	 97.813646	 97.799172	 97.784825	 97.770606	 97.756516	 97.742555	 97.728724	 97.715023	 97.701453	 97.688016	  97.67471	 97.661537	 97.648496	  97.63559	 97.622817	 97.610178	 97.597673	 97.585303	 97.573068	 97.560968	 97.549003	 97.537173	 97.525479	  97.51392	 97.502496	 97.491208	 97.480054	 97.469037	 97.458154	 97.447406	 97.436793	 97.426315	 97.415971	 97.405761	 97.395685	 97.385742	 97.375933	 97.366256	 97.356712	   97.3473	 97.338019	  97.32887	 97.319851	 97.310963	 97.302204	 97.293574	 97.285073	   97.2767	 97.268454	 97.260335	 97.252342	 97.244474	 97.236731	 97.229113	 97.221618	 97.214246	 97.206995	 97.199866	 97.192858	 97.185969	   97.1792	 97.172549	 97.166015	 97.159598	 97.153297	 97.147112	  97.14104	 97.135082	 97.129237	 97.123504	 97.117881	 97.112369	 97.106967	 97.101673	 97.096487	 97.091407	 97.086434	 97.081567	 97.076803	 97.072144	 97.067587	 97.063132	 97.058779	 97.054526	 97.050372	 97.046318	 97.042361	 97.038502	 97.034739	 97.031072	   97.0275	 97.024023	 97.020639	 97.017347	 97.014148	  97.01104	 97.008023	 97.005096	 97.002258	 96.999509	 96.996848	 96.994275	 96.991788	 96.989388	 96.987074	 96.984844	   96.9827	 96.980639	 96.978662	 96.976768	 96.974956	 96.973227	 96.971579	 96.970013	 96.968527	 96.967122	 96.965797	 96.964552	 96.963386	   96.9623	 96.961292	 96.960363	 96.959512	 96.958739	 96.958044	 96.957427	 96.956887	 96.956425	  96.95604	 96.955732	 96.955501	 96.955347	  96.95527	
        99	 98.974095	 98.948194	 98.922299	 98.896414	 98.870543	 98.844688	 98.818853	 98.793042	 98.767257	 98.741502	  98.71578	 98.690095	  98.66445	 98.638847	 98.613291	 98.587784	  98.56233	 98.536932	 98.511592	 98.486315	 98.461102	 98.435958	 98.410886	 98.385887	 98.360966	 98.336125	 98.311368	 98.286696	 98.262114	 98.237623	 98.213227	 98.188929	 98.164731	 98.140635	 98.116645	 98.092764	 98.068993	 98.045335	 98.021794	  97.99837	 97.975068	 97.951888	 97.928834	 97.905908	 97.883111	 97.860447	 97.837917	 97.815524	 97.793269	 97.771155	 97.749183	 97.727356	 97.705675	 97.684142	 97.662759	 97.641527	 97.620449	 97.599526	 97.578759	 97.558151	 97.537702	 97.517413	 97.497288	 97.477325	 97.457528	 97.437897	 97.418433	 97.399137	 97.380011	 97.361055	 97.342271	 97.323659	  97.30522	 97.286955	 97.268865	 97.250951	 97.233212	 97.215651	 97.198266	  97.18106	 97.164032	 97.147183	 97.130512	 97.114022	 97.097711	 97.081579	 97.065628	 97.049858	 97.034267	 97.018858	 97.003628	 96.988579	 96.973711	 96.959023	 96.944514	 96.930186	 96.916038	 96.902069	 96.888279	 96.874667	 96.861235	  96.84798	 96.834903	 96.822003	 96.809279	 96.796731	 96.784359	 96.772162	 96.760139	 96.748289	 96.736612	 96.725108	 96.713774	 96.702612	 96.691619	 96.680795	 96.670139	 96.659651	 96.649329	 96.639172	 96.629181	 96.619352	 96.609687	 96.600183	  96.59084	 96.581657	 96.572632	 96.563765	 96.555055	   96.5465	   96.5381	 96.529854	  96.52176	 96.513817	 96.506025	 96.498381	 96.490886	 96.483538	 96.476336	 96.469278	 96.462364	 96.455593	 96.448963	 96.442474	 96.436124	 96.429912	 96.423837	 96.417898	 96.412095	 96.406425	 96.400888	 96.395482	 96.390208	 96.385063	 96.380047	 96.375158	 96.370396	  96.36576	 96.361248	 96.356861	 96.352596	 96.348453	  96.34443	 96.340528	 96.336745	  96.33308	 96.329533	 96.326102	 96.322788	 96.319588	 96.316502	  96.31353	 96.310671	 96.307924	 96.305288	 96.302763	 96.300348	 96.298043	 96.295846	 96.293758	 96.291777	 96.289904	 96.288138	 96.286478	 96.284924	 96.283475	 96.282132	 96.280893	 96.279759	 96.278729	 96.277802	 96.276979	  96.27626	 96.275643	  96.27513	 96.274719	 96.274412	 96.274207	 96.274104	
        99	 98.967625	 98.935255	 98.902892	 98.870543	  98.83821	 98.805897	  98.77361	 98.741352	 98.709127	  98.67694	 98.644794	 98.612694	 98.580643	 98.548647	 98.516707	  98.48483	 98.453018	 98.421277	 98.389608	 98.358018	 98.326508	 98.295084	  98.26375	 98.232508	 98.201362	 98.170317	 98.139376	 98.108543	 98.077821	 98.047213	 98.016724	 97.986357	 97.956115	 97.926002	  97.89602	 97.866174	 97.836466	   97.8069	 97.777479	 97.748205	 97.719083	 97.690114	 97.661302	 97.632649	 97.604159	 97.575834	 97.547678	 97.519691	 97.491878	 97.464241	 97.436781	 97.409502	 97.382406	 97.355495	 97.328772	 97.302238	 97.275895	 97.249746	 97.223793	 97.198037	 97.172481	 97.147125	 97.121973	 97.097025	 97.072283	 97.047748	 97.023423	 96.999308	 96.975405	 96.951715	 96.928239	 96.904979	 96.881935	 96.859108	   96.8365	 96.814111	 96.791943	 96.769995	 96.748269	 96.726765	 96.705484	 96.684426	 96.663593	 96.642983	 96.622598	 96.602438	 96.582503	 96.562794	  96.54331	 96.524051	 96.505018	 96.486211	 96.467629	 96.449272	  96.43114	 96.413233	 96.395551	 96.378093	 96.360859	 96.343848	 96.327061	 96.310495	 96.294152	  96.27803	 96.262128	 96.246447	 96.230985	 96.215741	 96.200715	 96.185906	 96.171313	 96.156935	 96.142771	  96.12882	 96.115082	 96.101555	 96.088238	  96.07513	  96.06223	 96.049536	 96.037049	 96.024766	 96.012687	 96.000809	 95.989132	 95.977656	 95.966377	 95.955296	  95.94441	 95.933719	 95.923221	 95.912915	 95.902799	 95.892872	 95.883134	 95.873581	 95.864214	 95.855031	  95.84603	 95.837209	 95.828569	 95.820106	 95.811821	 95.803711	 95.795775	 95.788011	 95.780419	 95.772997	 95.765744	 95.758658	 95.751738	 95.744983	 95.738391	 95.731961	 95.725692	 95.719582	 95.713631	 95.707837	 95.702199	 95.696715	 95.691385	 95.686207	  95.68118	 95.676303	 95.671575	 95.666995	 95.662562	 95.658275	 95.654132	 95.650133	 95.646277	 95.642562	 95.638989	 95.635556	 95.632262	 95.629106	 95.626088	 95.623207	 95.620461	 95.617852	 95.615377	 95.613036	 95.610828	 95.608754	 95.606812	 95.605001	 95.603322	 95.601774	 95.600356	 95.599069	 95.597911	 95.596883	 95.595983	 95.595213	 95.594571	 95.594058	 95.593674	 95.593417	 95.593289	
        99	 98.961159	 98.922324	 98.883498	 98.844688	 98.805897	 98.767132	 98.728397	 98.689696	 98.651035	  98.61242	 98.573854	 98.535343	 98.496891	 98.458504	 98.420186	 98.381942	 98.343777	 98.305696	 98.267703	 98.229803	 98.192001	 98.154301	 98.116708	 98.079227	 98.041861	 98.004616	 97.967496	 97.930504	 97.893646	 97.856926	 97.820348	 97.783916	 97.747634	 97.711507	 97.675538	 97.639731	  97.60409	 97.568619	 97.533321	 97.498201	 97.463262	 97.428508	 97.393942	 97.359567	 97.325387	 97.291405	 97.257625	 97.224049	 97.190682	 97.157524	 97.124581	 97.091854	 97.059346	 97.027061	    96.995	 96.963167	 96.931563	 96.900192	 96.869055	 96.838156	 96.807495	 96.777076	   96.7469	  96.71697	 96.687286	 96.657852	 96.628668	 96.599737	  96.57106	 96.542639	 96.514475	 96.486569	 96.458922	 96.431537	 96.404414	 96.377554	 96.350957	 96.324626	 96.298561	 96.272763	 96.247232	 96.221968	 96.196974	 96.172248	 96.147792	 96.123606	  96.09969	 96.076044	 96.052669	 96.029564	  96.00673	 95.984166	 95.961873	  95.93985	 95.918097	 95.896614	   95.8754	 95.854455	 95.833779	 95.813371	 95.793231	 95.773357	  95.75375	 95.734408	 95.715331	 95.696517	 95.677967	 95.659679	 95.641652	 95.623885	 95.606378	 95.589128	 95.572136	 95.555399	 95.538917	 95.522688	 95.506711	 95.490985	 95.475509	 95.460281	 95.445299	 95.430563	 95.416071	 95.401822	 95.387813	 95.374044	 95.360513	 95.347218	 95.334159	 95.321332	 95.308738	 95.296373	 95.284237	 95.272328	 95.260645	 95.249185	 95.237947	 95.226929	  95.21613	 95.205549	 95.195182	  95.18503	 95.175089	  95.16536	 95.155838	 95.146525	 95.137416	 95.128512	  95.11981	 95.111309	 95.103007	 95.094903	 95.086994	  95.07928	 95.071759	 95.064429	  95.05729	 95.050338	 95.043574	 95.036995	   95.0306	 95.024388	 95.018358	 95.012507	 95.006835	  95.00134	 94.996021	 94.990878	 94.985907	  94.98111	 94.976483	 94.972027	  94.96774	 94.963621	 94.959669	 94.955883	 94.952262	 94.948806	 94.945512	 94.942381	 94.939412	 94.936604	 94.933955	 94.931466	 94.929136	 94.926964	  94.92495	 94.923093	 94.921392	 94.919847	 94.918458	 94.917224	 94.916146	 94.915221	 94.914452	 94.913836	 94.913375	 94.913067	 94.912913	
        99	 98.954699	 98.909403	 98.864119	 98.818853	  98.77361	 98.728397	 98.683218	  98.63808	 98.592988	 98.547949	 98.502968	 98.458051	 98.413204	 98.368431	 98.323739	 98.279134	 98.234621	 98.190205	 98.145892	 98.101688	 98.057598	 98.013627	 97.969781	 97.926065	 97.882484	 97.839043	 97.795748	 97.752604	 97.709615	 97.666787	 97.624124	 97.581632	 97.539315	 97.497178	 97.455226	 97.413462	 97.371893	 97.330522	 97.289353	 97.248391	  97.20764	 97.167105	 97.126789	 97.086696	 97.046831	 97.007196	 96.967797	 96.928636	 96.889718	 96.851045	 96.812622	 96.774451	 96.736536	  96.69888	 96.661487	 96.624358	 96.587498	 96.550908	 96.514592	 96.478553	 96.442792	 96.407313	 96.372118	 96.337208	 96.302588	 96.268257	 96.234219	 96.200476	 96.167029	  96.13388	  96.10103	 96.068483	 96.036238	 96.004297	 95.972662	 95.941334	 95.910314	 95.879603	 95.849202	 95.819112	 95.789334	 95.759868	 95.730716	 95.701878	 95.673354	 95.645144	  95.61725	 95.589671	 95.562407	 95.535459	 95.508827	  95.48251	 95.456508	 95.430822	 95.405451	 95.380394	 95.355652	 95.331223	 95.307108	 95.283305	 95.259814	 95.236635	 95.213766	 95.191207	 95.168956	 95.147014	 95.125378	 95.104047	 95.083022	   95.0623	  95.04188	 95.021761	 95.001942	 94.982421	 94.963197	 94.944269	 94.925635	 94.907293	 94.889242	 94.871481	 94.854008	  94.83682	 94.819918	 94.803298	 94.786959	   94.7709	 94.755118	 94.739612	  94.72438	  94.70942	  94.69473	 94.680309	 94.666154	 94.652264	 94.638637	 94.625271	 94.612164	 94.599313	 94.586718	 94.574376	 94.562286	 94.550445	 94.538851	 94.527502	 94.516398	 94.505534	 94.494911	 94.484526	 94.474376	 94.464461	 94.454778	 94.445326	 94.436102	 94.427104	 94.418332	 94.409783	 94.401456	 94.393348	 94.385459	 94.377786	 94.370327	 94.363082	 94.356048	 94.349224	 94.342608	   94.3362	 94.329996	 94.323997	   94.3182	 94.312604	 94.307208	 94.302011	 94.297011	 94.292207	 94.287597	 94.283182	 94.278959	 94.274927	 94.271086	 94.267434	 94.263971	 94.260695	 94.257606	 94.254703	 94.251986	 94.249452	 94.247103	 94.244937	 94.242953	 94.241151	 94.239531	 94.238092	 94.236834	 94.235756	 94.234858	  94.23414	 94.233602	 94.233243	 94.233064	
        99	 98.948244	 98.896494	 98.844758	 98.793042	 98.741352	 98.689696	  98.63808	  98.58651	 98.534994	 98.483537	 98.432147	 98.380829	 98.329592	 98.278439	  98.22738	 98.176419	 98.125563	 98.074818	 98.024191	 97.973689	 97.923316	  97.87308	 97.822986	 97.773041	  97.72325	 97.673619	 97.624155	 97.574863	 97.525749	 97.476819	 97.428077	  97.37953	 97.331184	 97.283043	 97.235112	 97.187398	 97.139906	 97.092639	 97.045605	 96.998806	 96.952249	 96.905937	 96.859877	 96.814071	 96.768526	 96.723244	 96.678231	  96.63349	 96.589026	 96.544843	 96.500945	 96.457335	 96.414018	 96.370996	 96.328275	 96.285856	 96.243743	  96.20194	 96.160449	 96.119275	 96.078418	 96.037884	 95.997674	  95.95779	 95.918236	 95.879014	 95.840126	 95.801575	 95.763362	 95.725489	 95.687959	 95.650774	 95.613934	 95.577442	   95.5413	 95.505508	 95.470068	 95.434981	 95.400248	 95.365871	  95.33185	 95.298186	  95.26488	 95.231932	 95.199343	 95.167114	 95.135245	 95.103737	 95.072588	   95.0418	 95.011373	 94.981306	   94.9516	 94.922254	 94.893267	  94.86464	 94.836372	 94.808463	 94.780912	 94.753717	 94.726879	 94.700397	  94.67427	 94.648496	 94.623075	 94.598006	 94.573287	 94.548917	 94.524896	 94.501221	 94.477892	 94.454906	 94.432263	 94.409961	 94.387998	 94.366372	 94.345083	 94.324128	 94.303505	 94.283213	  94.26325	 94.243613	 94.224302	 94.205314	 94.186647	   94.1683	 94.150269	 94.132554	 94.115151	  94.09806	 94.081277	 94.064801	 94.048629	  94.03276	 94.017191	 94.001921	 93.986946	 93.972264	 93.957875	 93.943774	 93.929961	 93.916432	 93.903186	 93.890221	 93.877534	 93.865123	 93.852986	 93.841121	 93.829525	 93.818197	 93.807134	 93.796335	 93.785797	 93.775518	 93.765496	 93.755729	 93.746215	 93.736952	 93.727938	 93.719171	  93.71065	 93.702372	 93.694336	  93.68654	 93.678982	  93.67166	 93.664573	 93.657718	 93.651095	 93.644702	 93.638538	   93.6326	 93.626887	 93.621398	 93.616132	 93.611087	 93.606262	 93.601656	 93.597268	 93.593096	 93.589139	 93.585397	 93.581868	 93.578551	 93.575446	 93.572552	 93.569868	 93.567393	 93.565127	 93.563068	 93.561217	 93.559573	 93.558136	 93.556904	 93.555878	 93.555058	 93.554443	 93.554033	 93.553828	
        99	 98.941795	 98.883598	 98.825416	 98.767257	 98.709127	 98.651035	 98.592988	 98.534994	 98.477059	 98.419191	 98.361398	 98.303687	 98.246066	 98.188541	 98.131119	 98.073809	 98.016617	  97.95955	 97.902616	 97.845821	 97.789173	 97.732678	 97.676343	 97.620175	  97.56418	 97.508367	  97.45274	 97.397307	 97.342073	 97.287046	 97.232232	 97.177637	 97.123267	 97.069128	 97.015226	 96.961568	 96.908158	 96.855003	 96.802108	 96.749479	 96.697121	  96.64504	  96.59324	 96.541728	 96.490508	 96.439584	 96.388963	 96.338648	 96.288645	 96.238957	 96.189589	 96.140546	 96.091832	 96.043451	 95.995406	 95.947702	 95.900343	 95.853331	 95.806672	 95.760367	 95.714421	 95.668836	 95.623616	 95.578763	 95.534281	 95.490173	  95.44644	 95.403085	 95.360111	  95.31752	 95.275315	 95.233496	 95.192067	 95.151028	 95.110383	 95.070131	 95.030276	 94.990817	 94.951757	 94.913097	 94.874837	 94.836979	 94.799523	 94.762471	 94.725822	 94.689578	 94.653738	 94.618304	 94.583275	 94.548651	 94.514433	  94.48062	 94.447212	  94.41421	 94.381612	 94.349419	 94.317629	 94.286242	 94.255258	 94.224676	 94.194494	 94.164713	  94.13533	 94.106345	 94.077757	 94.049564	 94.021766	  93.99436	 93.967346	 93.940721	 93.914485	 93.888636	 93.863172	 93.838091	 93.813391	 93.789072	  93.76513	 93.741564	 93.718372	 93.695552	 93.673101	 93.651018	 93.629301	 93.607948	 93.586955	 93.566321	 93.546044	 93.526122	 93.506551	  93.48733	 93.468457	 93.449928	 93.431741	 93.413895	 93.396387	 93.379213	 93.362373	 93.345862	  93.32968	 93.313822	 93.298288	 93.283074	 93.268178	 93.253597	 93.239329	 93.225372	 93.211723	  93.19838	 93.185339	   93.1726	 93.160159	 93.148014	 93.136163	 93.124603	 93.113332	 93.102348	 93.091649	 93.081232	 93.071095	 93.061237	 93.051654	 93.042345	 93.033307	  93.02454	  93.01604	 93.007806	 92.999835	 92.992127	 92.984679	  92.97749	 92.970557	 92.963879	 92.957455	 92.951282	  92.94536	 92.939686	  92.93426	  92.92908	 92.924145	 92.919453	 92.915004	 92.910795	 92.906826	 92.903097	 92.899605	  92.89635	 92.893331	 92.890548	 92.887999	 92.885685	 92.883603	 92.881754	 92.880137	 92.878753	 92.877599	 92.876677	 92.875985	 92.875524	 92.875294	
        99	 98.935355	 98.870718	 98.806097	 98.741502	  98.67694	  98.61242	 98.547949	 98.483537	 98.419191	  98.35492	 98.290732	 98.226635	 98.162637	 98.098746	 98.034971	 97.971319	 97.907798	 97.844416	 97.781182	 97.718102	 97.655185	 97.592438	  97.52987	 97.467486	 97.405296	 97.343306	 97.281523	 97.219956	 97.158611	 97.097494	 97.036615	 96.975978	 96.915592	 96.855462	 96.795595	 96.735999	 96.676679	 96.617642	 96.558894	 96.500441	 96.442289	 96.384445	 96.326913	 96.269701	 96.212812	 96.156254	 96.100031	 96.044149	 95.988612	 95.933426	 95.878595	 95.824125	  95.77002	 95.716285	 95.662924	 95.609941	 95.557341	 95.505127	 95.453305	 95.401876	 95.350845	 95.300216	 95.249992	 95.200176	 95.150772	 95.101782	  95.05321	 95.005058	 94.957329	 94.910025	 94.863149	 94.816703	 94.770689	 94.725109	 94.679966	  94.63526	 94.590994	  94.54717	 94.503787	 94.460849	 94.418355	 94.376308	 94.334707	 94.293555	 94.252851	 94.212596	  94.17279	 94.133434	 94.094529	 94.056074	 94.018069	 93.980515	  93.94341	 93.906756	 93.870551	 93.834795	 93.799487	 93.764628	 93.730215	 93.696248	 93.662727	  93.62965	 93.597016	 93.564823	 93.533072	 93.501759	 93.470885	 93.440446	 93.410443	 93.380872	 93.351733	 93.323023	 93.294741	 93.266885	 93.239452	 93.212441	  93.18585	 93.159676	 93.133918	 93.108572	 93.083638	 93.059111	 93.034991	 93.011274	 92.987959	 92.965042	 92.942521	 92.920394	 92.898658	  92.87731	 92.856347	 92.835768	  92.81557	 92.795749	 92.776303	 92.757229	 92.738525	 92.720187	 92.702214	 92.684602	 92.667348	 92.650451	 92.633906	 92.617712	 92.601866	 92.586364	 92.571204	 92.556384	 92.541901	 92.527752	 92.513934	 92.500445	 92.487283	 92.474444	 92.461926	 92.449726	 92.437843	 92.426274	 92.415015	 92.404065	 92.393422	 92.383083	 92.373045	 92.363308	 92.353867	 92.344722	  92.33587	 92.327308	 92.319036	 92.311051	 92.303351	 92.295934	 92.288799	 92.281944	 92.275366	 92.269065	 92.263038	 92.257285	 92.251804	 92.246593	 92.241651	 92.236976	 92.232568	 92.228426	 92.224548	 92.220933	  92.21758	 92.214489	 92.211658	 92.209087	 92.206775	 92.204722	 92.202926	 92.201388	 92.200107	 92.199083	 92.198314	 92.197802	 92.197546	
        99	 98.928922	 98.857854	 98.786803	  98.71578	 98.644794	 98.573854	 98.502968	 98.432147	 98.361398	 98.290732	 98.220157	 98.149682	 98.079316	 98.009068	 97.938946	 97.868961	 97.799119	 97.729431	 97.659904	 97.590548	  97.52137	  97.45238	 97.383585	 97.314994	 97.246616	 97.178457	 97.110527	 97.042834	 96.975384	 96.908187	 96.841249	 96.774579	 96.708184	 96.642071	 96.576248	 96.510721	 96.445498	 96.380587	 96.315993	 96.251724	 96.187786	 96.124186	  96.06093	 95.998024	 95.935475	 95.873289	 95.811472	 95.750029	 95.688966	 95.628288	 95.568002	 95.508112	 95.448624	 95.389541	 95.330871	 95.272616	 95.214782	 95.157373	 95.100393	 95.043847	 94.987739	 94.932072	  94.87685	 94.822078	 94.767758	 94.713893	 94.660488	 94.607544	 94.555065	 94.503055	 94.451514	 94.400447	 94.349854	 94.299739	 94.250104	  94.20095	 94.152279	 94.104094	 94.056395	 94.009184	 93.962462	 93.916231	 93.870491	 93.825243	 93.780489	 93.736228	 93.692462	  93.64919	 93.606414	 93.564132	 93.522346	 93.481054	 93.440258	 93.399956	 93.360149	 93.320835	 93.282014	 93.243686	 93.205849	 93.168502	 93.131645	 93.095277	 93.059395	    93.024	 92.989089	 92.954661	 92.920714	 92.887247	 92.854258	 92.821745	 92.789706	  92.75814	 92.727043	 92.696415	 92.666253	 92.636554	 92.607317	 92.578539	 92.550217	  92.52235	 92.494934	 92.467967	 92.441447	  92.41537	 92.389735	 92.364538	 92.339776	 92.315447	 92.291548	 92.268076	 92.245028	 92.222401	 92.200192	 92.178399	 92.157018	 92.136046	 92.115481	 92.095319	 92.075557	 92.056193	 92.037222	 92.018643	 92.000453	 91.982647	 91.965224	  91.94818	 91.931512	 91.915217	 91.899292	 91.883735	 91.868543	 91.853712	 91.839239	 91.825123	 91.811359	 91.797946	  91.78488	  91.77216	 91.759781	 91.747742	 91.736039	 91.724671	 91.713635	 91.702928	 91.692548	 91.682493	  91.67276	 91.663347	 91.654252	 91.645472	 91.637006	 91.628851	 91.621006	 91.613468	 91.606236	 91.599308	 91.592682	 91.586356	 91.580329	   91.5746	 91.569166	 91.564026	  91.55918	 91.554625	 91.550361	 91.546387	   91.5427	 91.539301	 91.536189	 91.533362	  91.53082	 91.528562	 91.526588	 91.524897	 91.523488	 91.522362	 91.521517	 91.520955	 91.520673	
        99	 98.922499	 98.845008	 98.767536	 98.690095	 98.612694	 98.535343	 98.458051	 98.380829	 98.303687	 98.226635	 98.149682	 98.072838	 97.996113	 97.919516	 97.843058	 97.766748	 97.690595	 97.614608	 97.538799	 97.463174	 97.387745	  97.31252	 97.237508	 97.162719	 97.088161	 97.013843	 96.939774	 96.865963	 96.792418	 96.719148	 96.646161	 96.573466	  96.50107	 96.428983	 96.357211	 96.285763	 96.214646	 96.143868	 96.073437	  96.00336	 95.933644	 95.864296	 95.795323	 95.726733	 95.658532	 95.590726	 95.523322	 95.456326	 95.389745	 95.323584	 95.257849	 95.192547	 95.127683	 95.063261	 94.999288	 94.935769	 94.872708	 94.810111	 94.747982	 94.686326	 94.625147	  94.56445	 94.504238	 94.444515	 94.385286	 94.326554	 94.268322	 94.210594	 94.153373	 94.096662	 94.040464	 93.984781	 93.929616	 93.874973	 93.820852	 93.767256	 93.714187	 93.661646	 93.609637	 93.558159	 93.507215	 93.456806	 93.406933	 93.357596	 93.308797	 93.260537	 93.212815	 93.165633	  93.11899	 93.072888	 93.027325	 92.982303	 92.937819	 92.893876	 92.850471	 92.807604	 92.765275	 92.723483	 92.682226	 92.641505	 92.601317	 92.561662	 92.522538	 92.483944	 92.445878	 92.408338	 92.371324	 92.334832	 92.298862	  92.26341	 92.228476	 92.194057	 92.160151	 92.126755	 92.093867	 92.061484	 92.029605	 91.998226	 91.967345	 91.936959	 91.907066	 91.877662	 91.848745	 91.820312	 91.792359	 91.764885	 91.737886	 91.711358	 91.685299	 91.659706	 91.634575	 91.609903	 91.585688	 91.561925	 91.538612	 91.515745	 91.493321	 91.471337	 91.449789	 91.428675	  91.40799	 91.387732	 91.367898	 91.348483	 91.329485	   91.3109	 91.292726	 91.274959	 91.257595	 91.240632	 91.224067	 91.207895	 91.192115	 91.176723	 91.161716	  91.14709	 91.132844	 91.118973	 91.105476	 91.092349	 91.079589	 91.067193	  91.05516	 91.043485	 91.032168	 91.021204	 91.010591	 91.000327	  90.99041	 90.980837	 90.971606	 90.962714	  90.95416	 90.945941	 90.938055	 90.930501	 90.923276	 90.916379	 90.909807	  90.90356	 90.897635	 90.892031	 90.886747	  90.88178	 90.877131	 90.872797	 90.868778	 90.865072	 90.861678	 90.858596	 90.855824	 90.853362	  90.85121	 90.849366	  90.84783	 90.846601	 90.845681	 90.845067	  90.84476	
        99	 98.916085	 98.832182	 98.748299	  98.66445	 98.580643	 98.496891	 98.413204	 98.329592	 98.246066	 98.162637	 98.079316	 97.996113	 97.913038	 97.830103	 97.747318	 97.664693	 97.582238	 97.499964	  97.41788	 97.335998	 97.254327	 97.172877	 97.091658	 97.010679	 96.929951	 96.849483	 96.769285	 96.689366	 96.609735	 96.530402	 96.451375	 96.372664	 96.294278	 96.216224	 96.138513	 96.061152	 95.984151	 95.907516	 95.831256	  95.75538	 95.679895	 95.604808	 95.530128	 95.455862	 95.382016	 95.308599	 95.235617	 95.163078	 95.090987	 95.019351	 94.948177	  94.87747	 94.807238	 94.737486	 94.668219	 94.599443	 94.531164	 94.463387	 94.396117	 94.329358	 94.263117	 94.197396	 94.132202	 94.067537	 94.003406	 93.939814	 93.876763	 93.814258	 93.752302	 93.690898	 93.630049	 93.569758	 93.510029	 93.450863	 93.392263	 93.334232	 93.276772	 93.219884	  93.16357	 93.107833	 93.052673	 92.998092	 92.944092	 92.890672	 92.837835	 92.785581	  92.73391	 92.682824	 92.632322	 92.582404	 92.533071	 92.484322	 92.436158	 92.388578	 92.341581	 92.295167	 92.249335	 92.204084	 92.159414	 92.115323	 92.071809	 92.028873	 91.986511	 91.944723	 91.903507	 91.862861	 91.822783	 91.783272	 91.744325	  91.70594	 91.668115	 91.630848	 91.594135	 91.557976	 91.522366	 91.487304	 91.452786	 91.418811	 91.385374	 91.352474	 91.320107	  91.28827	  91.25696	 91.226174	 91.195908	  91.16616	 91.136927	 91.108204	 91.079988	 91.052277	 91.025067	 90.998353	 90.972134	 90.946405	 90.921162	 90.896403	 90.872124	  90.84832	  90.82499	 90.802128	 90.779732	 90.757797	 90.736321	   90.7153	  90.69473	 90.674607	 90.654929	 90.635691	 90.616891	 90.598524	 90.580588	 90.563078	 90.545992	 90.529326	 90.513077	 90.497241	 90.481816	 90.466798	 90.452183	  90.43797	 90.424154	 90.410733	 90.397704	 90.385063	 90.372809	 90.360937	 90.349446	 90.338333	 90.327595	  90.31723	 90.307235	 90.297607	 90.288345	 90.279446	 90.270908	 90.262729	 90.254906	 90.247438	 90.240322	 90.233558	 90.227143	 90.221075	 90.215354	 90.209976	 90.204942	  90.20025	 90.195898	 90.191885	  90.18821	 90.184873	 90.181872	 90.179206	 90.176876	 90.174879	 90.173216	 90.171886	 90.170889	 90.170225	 90.169892	
        99	 98.909683	 98.819377	 98.729095	 98.638847	 98.548647	 98.458504	 98.368431	 98.278439	 98.188541	 98.098746	 98.009068	 97.919516	 97.830103	  97.74084	 97.651738	 97.562809	 97.474063	 97.385511	 97.297165	 97.209035	 97.121132	 97.033467	 96.946051	 96.858894	 96.772007	 96.685399	 96.599082	 96.513065	 96.427358	 96.341971	 96.256915	 96.172198	 96.087831	 96.003823	 95.920182	 95.836919	 95.754042	  95.67156	 95.589481	 95.507816	 95.426571	 95.345755	 95.265377	 95.185444	 95.105965	 95.026946	 94.948395	 94.870321	 94.792729	 94.715628	 94.639023	 94.562922	 94.487331	 94.412256	 94.337704	 94.263681	 94.190192	 94.117244	 94.044841	 93.972989	 93.901693	 93.830958	 93.760789	  93.69119	 93.622167	 93.553722	 93.485861	 93.418586	 93.351903	 93.285814	 93.220322	 93.155431	 93.091145	 93.027464	 92.964394	 92.901935	  92.84009	 92.778861	 92.718251	 92.658261	 92.598892	 92.540147	 92.482026	 92.424531	 92.367663	 92.311421	 92.255808	 92.200824	 92.146468	 92.092742	 92.039645	 91.987177	 91.935338	 91.884127	 91.833544	 91.783589	  91.73426	 91.685557	 91.637478	 91.590022	 91.543189	 91.496976	 91.451382	 91.406406	 91.362045	 91.318298	 91.275162	 91.232636	 91.190718	 91.149404	 91.108693	 91.068582	 91.029068	  90.99015	 90.951823	 90.914086	 90.876935	 90.840367	 90.804379	 90.768968	 90.734132	 90.699866	 90.666167	 90.633032	 90.600457	 90.568439	 90.536975	  90.50606	 90.475692	 90.445867	  90.41658	 90.387829	 90.359609	 90.331916	 90.304748	 90.278099	 90.251967	 90.226348	 90.201237	 90.176631	 90.152526	 90.128918	 90.105803	 90.083178	 90.061038	 90.039381	 90.018201	 89.997496	 89.977261	 89.957493	 89.938188	 89.919342	 89.900952	 89.883015	 89.865526	 89.848482	 89.831879	 89.815715	 89.799986	 89.784688	 89.769818	 89.755373	 89.741349	 89.727744	 89.714555	 89.701778	  89.68941	 89.677449	 89.665892	 89.654736	 89.643978	 89.633616	 89.623647	 89.614069	 89.604879	 89.596076	 89.587656	 89.579618	  89.57196	 89.564679	 89.557775	 89.551244	 89.545086	 89.539298	  89.53388	  89.52883	 89.524146	 89.519827	 89.515872	  89.51228	  89.50905	 89.506181	 89.503672	 89.501523	 89.499733	 89.498302	 89.497229	 89.496514	 89.496156	
        99	 98.903292	 98.806596	 98.709925	 98.613291	 98.516707	 98.420186	 98.323739	  98.22738	 98.131119	 98.034971	 97.938946	 97.843058	 97.747318	 97.651738	 97.556331	 97.461109	 97.366083	 97.271265	 97.176667	 97.082301	 96.988178	  96.89431	 96.800708	 96.707383	 96.614347	 96.521611	 96.429186	 96.337082	  96.24531	 96.153881	 96.062806	 95.972095	 95.881757	 95.791804	 95.702245	  95.61309	 95.524348	 95.436029	 95.348143	 95.260698	 95.173704	  95.08717	 95.001104	 94.915515	 94.830411	 94.745801	 94.661692	 94.578092	  94.49501	 94.412453	 94.330427	 94.248941	 94.168001	 94.087614	 94.007786	 93.928525	 93.849836	 93.771725	 93.694199	 93.617262	 93.540921	 93.465181	 93.390047	 93.315523	 93.241615	 93.168327	 93.095664	 93.023629	 92.952227	 92.881461	 92.811335	 92.741852	 92.673016	  92.60483	 92.537296	 92.470417	 92.404196	 92.338635	 92.273736	 92.209501	 92.145931	 92.083029	 92.020795	 91.959231	 91.898339	 91.838118	 91.778569	 91.719694	 91.661492	 91.603964	 91.547109	 91.490928	 91.435421	 91.380586	 91.326424	 91.272934	 91.220114	 91.167965	 91.116484	  91.06567	 91.015523	  90.96604	  90.91722	 90.869061	 90.821561	 90.774718	  90.72853	 90.682994	  90.63811	 90.593872	  90.55028	 90.507331	 90.465022	 90.423349	  90.38231	 90.341902	 90.302122	 90.262967	 90.224433	 90.186516	 90.149214	 90.112523	  90.07644	  90.04096	  90.00608	 89.971797	 89.938106	 89.905004	 89.872487	 89.840551	 89.809192	 89.778406	 89.748189	 89.718537	 89.689446	 89.660912	 89.632931	 89.605498	  89.57861	 89.552263	 89.526452	 89.501174	 89.476423	 89.452197	 89.428491	 89.405301	 89.382622	 89.360452	 89.338785	 89.317618	 89.296947	 89.276768	 89.257077	  89.23787	 89.219143	 89.200893	 89.183116	 89.165808	 89.148965	 89.132585	 89.116663	 89.101195	 89.086179	 89.071612	 89.057489	 89.043808	 89.030565	 89.017758	 89.005382	 88.993437	 88.981918	 88.970823	 88.960148	 88.949892	 88.940052	 88.930626	  88.92161	 88.913004	 88.904804	 88.897008	 88.889615	 88.882622	 88.876028	 88.869831	 88.864029	 88.858621	 88.853606	 88.848981	 88.844746	   88.8409	 88.837442	  88.83437	 88.831684	 88.829383	 88.827466	 88.825934	 88.824785	 88.824019	 88.823636	
        99	 98.896913	 98.793839	 98.690792	 98.587784	  98.48483	 98.381942	 98.279134	 98.176419	 98.073809	 97.971319	 97.868961	 97.766748	 97.664693	 97.562809	 97.461109	 97.359606	 97.258312	  97.15724	 97.056402	 96.955812	 96.855481	 96.755421	 96.655645	 96.556165	 96.456993	  96.35814	 96.259618	 96.161439	 96.063614	 95.966155	 95.869073	 95.772378	 95.676082	 95.580196	 95.484729	 95.389693	 95.295098	 95.200954	 95.107271	 95.014059	 94.921327	 94.829085	 94.737342	 94.646107	  94.55539	 94.465199	 94.375543	 94.286429	 94.197867	 94.109864	 94.022428	 93.935567	 93.849288	 93.763599	 93.678506	 93.594017	 93.510138	 93.426875	 93.344235	 93.262224	 93.180848	 93.100112	 93.020022	 92.940583	   92.8618	 92.783678	 92.706222	 92.629435	 92.553323	  92.47789	 92.403139	 92.329073	 92.255697	 92.183013	 92.111025	 92.039735	 91.969146	  91.89926	  91.83008	 91.761608	 91.693845	 91.626794	 91.560456	 91.494831	 91.429922	 91.365729	 91.302253	 91.239494	 91.177453	 91.116131	 91.055526	  90.99564	 90.936471	  90.87802	 90.820285	 90.763267	 90.706963	 90.651374	 90.596497	 90.542332	 90.488877	  90.43613	  90.38409	 90.332754	 90.282121	 90.232189	 90.182954	 90.134416	  90.08657	 90.039415	 89.992948	 89.947166	 89.902065	 89.857644	 89.813899	 89.770825	 89.728422	 89.686683	 89.645607	  89.60519	 89.565428	 89.526317	 89.487853	 89.450033	 89.412853	 89.376308	 89.340395	  89.30511	 89.270448	 89.236405	 89.202978	 89.170161	 89.137951	 89.106343	 89.075334	 89.044918	 89.015091	 88.985849	 88.957188	 88.929103	 88.901589	 88.874643	 88.848261	 88.822436	 88.797166	 88.772447	 88.748272	 88.724639	 88.701544	  88.67898	 88.656946	 88.635436	 88.614446	 88.593972	  88.57401	 88.554557	 88.535607	 88.517157	 88.499204	 88.481743	  88.46477	 88.448283	 88.432277	 88.416748	 88.401694	  88.38711	 88.372994	 88.359342	  88.34615	 88.333417	 88.321138	 88.309311	 88.297933	    88.287	 88.276511	 88.266463	 88.256853	 88.247679	 88.238938	 88.230628	 88.222747	 88.215293	 88.208264	 88.201658	 88.195474	 88.189709	 88.184363	 88.179433	 88.174919	 88.170819	 88.167133	 88.163858	 88.160995	 88.158542	 88.156499	 88.154865	  88.15364	 88.152824	 88.152416	
        99	 98.890547	 98.781109	 98.671698	  98.56233	 98.453018	 98.343777	 98.234621	 98.125563	 98.016617	 97.907798	 97.799119	 97.690595	 97.582238	 97.474063	 97.366083	 97.258312	 97.150763	  97.04345	 96.936386	 96.829584	 96.723057	 96.616819	 96.510882	 96.405259	 96.299963	 96.195006	   96.0904	 95.986159	 95.882293	 95.778816	 95.675739	 95.573073	 95.470831	 95.369024	 95.267662	 95.166758	 95.066322	 94.966364	 94.866896	 94.767928	  94.66947	 94.571532	 94.474124	 94.377256	 94.280937	 94.185176	 94.089984	 93.995367	 93.901336	 93.807899	 93.715064	  93.62284	 93.531233	 93.440253	 93.349906	 93.260199	  93.17114	 93.082736	 92.994993	 92.907918	 92.821517	 92.735795	  92.65076	 92.566415	 92.482767	 92.399822	 92.317582	 92.236055	 92.155243	 92.075151	 91.995784	 91.917145	 91.839238	 91.762066	 91.685632	  91.60994	 91.534992	 91.460791	  91.38734	 91.314639	 91.242692	 91.171501	 91.101066	 91.031389	 90.962472	 90.894315	 90.826919	 90.760285	 90.694413	 90.629304	 90.564957	 90.501373	  90.43855	  90.37649	  90.31519	 90.254651	  90.19487	 90.135848	 90.077583	 90.020073	 89.963317	 89.907314	  89.85206	 89.797554	 89.743795	 89.690779	 89.638504	 89.586968	 89.536168	 89.486101	 89.436765	 89.388156	  89.34027	 89.293106	 89.246659	 89.200926	 89.155904	 89.111589	 89.067976	 89.025063	 88.982846	 88.941319	 88.900481	 88.860325	 88.820849	 88.782048	 88.743917	 88.706453	 88.669651	 88.633506	 88.598014	 88.563171	 88.528972	 88.495413	 88.462488	 88.430194	 88.398525	 88.367478	 88.337047	 88.307227	 88.278015	 88.249405	 88.221393	 88.193975	 88.167144	 88.140898	 88.115231	 88.090139	 88.065617	  88.04166	 88.018265	 87.995427	 87.973141	 87.951403	 87.930208	 87.909553	 87.889434	 87.869845	 87.850783	 87.832243	 87.814223	 87.796717	 87.779723	 87.763235	 87.747251	 87.731767	 87.716779	 87.702284	 87.688278	 87.674758	 87.661721	 87.649164	 87.637083	 87.625476	 87.614339	  87.60367	 87.593467	 87.583726	 87.574445	 87.565622	 87.557254	  87.54934	 87.541877	 87.534863	 87.528297	 87.522177	   87.5165	 87.511266	 87.506473	  87.50212	 87.498206	 87.494729	 87.491689	 87.489085	 87.486916	 87.485181	 87.483881	 87.483014	 87.482581	
