Time step 94:
        99	        99	        99	        99	        99	        99	        99	        99	        99	        99	        99	        99	        99	        99	        99	        99	        99	        99	        99	        99	        99	        99	        99	        99	        99	        99	        99	        99	        99	        99	        99	        99	        99	        99	        99	        99	        99	        99	        99	        99	        99	        99	        99	        99	        99	        99	        99	        99	        99	        99	        99	        99	        99	        99	        99	        99	        99	        99	        99	        99	        99	        99	        99	        99	        99	        99	        99	        99	        99	        99	        99	        99	        99	        99	        99	        99	        99	        99	        99	        99	        99	        99	        99	        99	        99	        99	        99	        99	        99	        99	        99	        99	        99	        99	        99	        99	        99	        99	        99	        99	        99	        99	        99	        99	        99	        99	        99	        99	        99	        99	        99	        99	        99	        99	        99	        99	        99	        99	        99	        99	        99	        99	        99	        99	        99	        99	        99	        99	        99	        99	        99	        99	        99	        99	        99	        99	        99	        99	        99	        99	        99	        99	        99	        99	        99	        99	        99	        99	        99	        99	        99	        99	        99	        99	        99	        99	        99	        99	        99	        99	        99	        99	        99	        99	        99	        99	        99	        99	        99	        99	        99	        99	        99	        99	        99	        99	        99	        99	        99	        99	        99	        99	        99	        99	        99	        99	        99	        99	        99	        99	        99	        99	        99	        99	        99	        99	        99	        99	        99	        99	
        99	 98.993246	 98.986492	 98.979741	 98.972992	 98.966247	 98.959506	 98.952771	 98.946042	  98.93932	 98.932607	 98.925902	 98.919207	 98.912524	 98.905851	 98.899192	 98.892546	 98.885914	 98.879297	 98.872696	 98.866112	 98.859546	 98.852998	  98.84647	 98.839962	 98.833475	 98.827009	 98.820566	 98.814147	 98.807751	 98.801381	 98.795036	 98.788717	 98.782426	 98.776163	 98.769928	 98.763722	 98.757547	 98.751402	 98.745288	 98.739207	 98.733158	 98.727142	  98.72116	 98.715213	 98.709301	 98.703425	 98.697585	 98.691781	 98.686015	 98.680287	 98.674598	 98.668947	 98.663336	 98.657765	 98.652234	 98.646744	 98.641295	 98.635888	 98.630524	 98.625201	 98.619922	 98.614685	 98.609493	 98.604344	 98.599239	 98.594179	 98.589164	 98.584195	  98.57927	 98.574391	 98.569558	 98.564772	 98.560031	 98.555337	  98.55069	  98.54609	 98.541537	 98.537031	 98.532572	 98.528161	 98.523797	 98.519481	 98.515212	 98.510992	 98.506819	 98.502694	 98.498617	 98.494587	 98.490606	 98.486673	 98.482787	 98.478949	 98.475159	 98.471417	 98.467722	 98.464075	 98.460475	 98.456923	 98.453418	  98.44996	  98.44655	 98.443186	 98.439869	 98.436598	 98.433374	 98.430196	 98.427064	 98.423978	 98.420937	 98.417943	 98.414993	 98.412088	 98.409228	 98.406413	 98.403642	 98.400915	 98.398232	 98.395592	 98.392996	 98.390443	 98.387932	 98.385464	 98.383039	 98.380655	 98.378312	 98.376011	 98.373751	 98.371532	 98.369353	 98.367215	 98.365116	 98.363056	 98.361036	 98.359055	 98.357112	 98.355207	 98.353341	 98.351511	  98.34972	 98.347965	 98.346247	 98.344565	 98.342919	 98.341309	 98.339734	 98.338195	  98.33669	 98.335219	 98.333783	 98.332381	 98.331012	 98.329676	 98.328374	 98.327104	 98.325866	 98.324661	 98.323487	 98.322344	 98.321233	 98.320153	 98.319104	 98.318085	 98.317096	 98.316137	 98.315208	 98.314308	 98.313438	 98.312596	 98.311783	 98.310999	 98.310243	 98.309514	 98.308814	 98.308142	 98.307497	 98.306879	 98.306288	 98.305725	 98.305188	 98.304677	 98.304193	 98.303736	 98.303305	 98.302899	  98.30252	 98.302166	 98.301839	 98.301536	  98.30126	 98.301008	 98.300783	 98.300582	 98.300406	 98.300256	 98.300131	 98.300031	 98.299956	 98.299906	 98.299881	
        99	 98.986492	 98.972986	 98.959484	 98.945987	 98.932498	 98.919017	 98.905548	 98.892091	 98.878649	 98.865222	 98.851814	 98.838426	 98.825059	 98.811716	 98.798397	 98.785106	 98.771843	  98.75861	  98.74541	 98.732243	 98.719111	 98.706017	 98.692961	 98.679945	 98.666972	 98.654041	 98.641157	 98.628318	 98.615528	 98.602788	 98.590099	 98.577463	 98.564882	 98.552355	 98.539887	 98.527476	 98.515126	 98.502837	 98.490611	 98.478448	 98.466351	 98.454321	 98.442358	 98.430465	 98.418641	 98.406889	  98.39521	 98.383604	 98.372073	 98.360618	  98.34924	 98.337939	 98.326718	 98.315576	 98.304515	 98.293536	 98.282639	 98.271826	 98.261097	 98.250453	 98.239894	 98.229422	 98.219038	 98.208741	 98.198533	 98.188413	 98.178384	 98.168445	 98.158597	  98.14884	 98.139175	 98.129602	 98.120121	 98.110734	 98.101441	 98.092241	 98.083135	 98.074123	 98.065207	 98.056385	 98.047658	 98.039026	  98.03049	 98.022049	 98.013704	 98.005454	 97.997301	 97.989243	  97.98128	 97.973414	 97.965643	 97.957968	 97.950389	 97.942905	 97.935516	 97.928222	 97.921023	 97.913919	  97.90691	 97.899995	 97.893174	 97.886446	 97.879812	 97.873272	 97.866824	 97.860468	 97.854205	 97.848033	 97.841953	 97.835963	 97.830064	 97.824256	 97.818536	 97.812906	 97.807364	 97.801911	 97.796545	 97.791266	 97.786074	 97.780968	 97.775947	 97.771012	  97.76616	 97.761393	 97.756708	 97.752107	 97.747587	 97.743149	 97.738791	 97.734514	 97.730317	 97.726198	 97.722158	 97.718195	  97.71431	 97.710501	 97.706768	  97.70311	 97.699527	 97.696017	 97.692581	 97.689218	 97.685927	 97.682707	 97.679557	 97.676478	 97.673469	 97.670528	 97.667656	 97.664851	 97.662114	 97.659443	 97.656838	 97.654298	 97.651823	 97.649412	 97.647064	  97.64478	 97.642558	 97.640398	 97.638299	 97.636262	 97.634284	 97.632367	 97.630508	 97.628709	 97.626968	 97.625285	 97.623659	  97.62209	 97.620578	 97.619122	 97.617721	 97.616377	 97.615086	 97.613851	  97.61267	 97.611542	 97.610469	 97.609448	 97.608481	 97.607566	 97.606703	 97.605892	 97.605134	 97.604427	 97.603771	 97.603167	 97.602613	 97.602111	 97.601659	 97.601258	 97.600907	 97.600606	 97.600356	 97.600156	 97.600006	 97.599906	 97.599856	
        99	 98.979741	 98.959484	 98.939233	  98.91899	 98.898758	  98.87854	 98.858338	 98.838155	 98.817993	 98.797856	 98.777746	 98.757666	 98.737618	 98.717605	  98.69763	 98.677695	 98.657803	 98.637956	 98.618157	 98.598409	 98.578714	 98.559074	 98.539493	 98.519971	 98.500513	  98.48112	 98.461795	  98.44254	 98.423357	 98.404249	 98.385218	 98.366266	 98.347395	 98.328608	 98.309907	 98.291294	  98.27277	 98.254339	 98.236002	  98.21776	 98.199617	 98.181573	 98.163631	 98.145792	 98.128059	 98.110433	 98.092916	  98.07551	 98.058215	 98.041034	 98.023969	  98.00702	  97.99019	 97.973479	  97.95689	 97.940423	 97.924079	 97.907861	 97.891769	 97.875805	 97.859969	 97.844263	 97.828688	 97.813244	 97.797934	 97.782757	 97.767714	 97.752807	 97.738036	 97.723403	 97.708906	 97.694549	  97.68033	 97.666251	 97.652312	 97.638514	 97.624856	 97.611341	 97.597967	 97.584735	 97.571646	   97.5587	 97.545897	 97.533238	 97.520721	 97.508349	 97.496119	 97.484034	 97.472092	 97.460294	 97.448639	 97.437127	 97.425759	 97.414535	 97.403453	 97.392513	 97.381716	 97.371062	 97.360549	 97.350177	 97.339946	 97.329857	 97.319907	 97.310097	 97.300426	 97.290894	   97.2815	 97.272243	 97.263124	 97.254141	 97.245293	 97.236581	 97.228003	 97.219558	 97.211247	 97.203068	  97.19502	 97.187102	 97.179315	 97.171657	 97.164127	 97.156724	 97.149448	 97.142297	 97.135272	  97.12837	 97.121591	 97.114935	 97.108399	 97.101984	 97.095688	 97.089511	 97.083452	 97.077509	 97.071681	 97.065968	 97.060369	 97.054883	 97.049509	 97.044245	 97.039092	 97.034047	 97.029111	 97.024281	 97.019558	  97.01494	 97.010426	 97.006016	 97.001708	 96.997502	 96.993396	  96.98939	 96.985482	 96.981673	 96.977961	 96.974345	 96.970824	 96.967398	 96.964065	 96.960826	 96.957678	 96.954622	 96.951656	  96.94878	 96.945993	 96.943294	 96.940682	 96.938158	  96.93572	 96.933367	 96.931099	 96.928915	 96.926815	 96.924797	 96.922862	 96.921009	 96.919238	 96.917547	 96.915937	 96.914406	 96.912955	 96.911582	 96.910289	 96.909073	 96.907935	 96.906875	 96.905891	 96.904985	 96.904155	 96.903401	 96.902724	 96.902122	 96.901596	 96.901145	  96.90077	 96.900469	 96.900244	 96.900094	 96.900019	
        99	 98.972992	 98.945987	  98.91899	 98.892004	 98.865032	 98.838078	 98.811147	  98.78424	 98.757362	 98.730517	 98.703708	 98.676938	 98.650212	 98.623533	 98.596903	 98.570327	 98.543809	  98.51735	 98.490956	 98.464629	 98.438373	 98.412191	 98.386086	 98.360062	 98.334122	 98.308269	 98.282506	 98.256836	 98.231263	  98.20579	 98.180419	 98.155154	 98.129997	 98.104952	 98.080021	 98.055207	 98.030513	 98.005941	 97.981495	 97.957177	 97.932989	 97.908935	 97.885016	 97.861235	 97.837595	 97.814097	 97.790745	 97.767539	 97.744484	 97.721579	 97.698829	 97.676234	 97.653797	  97.63152	 97.609404	 97.587452	 97.565664	 97.544043	 97.522591	 97.501308	 97.480197	 97.459259	 97.438495	 97.417907	 97.397496	 97.377263	  97.35721	 97.337337	 97.317646	 97.298137	 97.278812	 97.259671	 97.240716	 97.221947	 97.203364	 97.184969	 97.166763	 97.148744	 97.130916	 97.113276	 97.095827	 97.078569	 97.061501	 97.044624	 97.027938	 97.011443	  96.99514	 96.979029	 96.963109	  96.94738	 96.931843	 96.916497	 96.901342	 96.886378	 96.871604	  96.85702	 96.842627	 96.828423	 96.814407	 96.800581	 96.786942	 96.773491	 96.760227	 96.747149	 96.734257	 96.721549	 96.709026	 96.696686	 96.684528	 96.672553	 96.660758	 96.649143	 96.637708	  96.62645	  96.61537	 96.604466	 96.593737	 96.583182	 96.572801	 96.562591	 96.552553	 96.542684	 96.532984	 96.523451	 96.514085	 96.504884	 96.495848	 96.486973	 96.478261	 96.469709	 96.461316	 96.453081	 96.445003	  96.43708	 96.429311	 96.421696	 96.414231	 96.406918	 96.399753	 96.392736	 96.385866	 96.379141	  96.37256	 96.366122	 96.359825	 96.353668	 96.347651	 96.341771	 96.336028	 96.330421	 96.324947	 96.319607	 96.314398	 96.309319	 96.304371	  96.29955	 96.294856	 96.290289	 96.285846	 96.281527	 96.277331	 96.273257	 96.269303	 96.265469	 96.261753	 96.258155	 96.254674	 96.251308	 96.248058	 96.244921	 96.241897	 96.238986	 96.236186	 96.233497	 96.230918	 96.228447	 96.226086	 96.223831	 96.221684	 96.219644	 96.217709	  96.21588	 96.214155	 96.212534	 96.211017	 96.209604	 96.208293	 96.207085	 96.205978	 96.204973	  96.20407	 96.203268	 96.202566	 96.201965	 96.201465	 96.201065	 96.200765	 96.200565	 96.200465	
        99	 98.966247	 98.932498	 98.898758	 98.865032	 98.831324	 98.797639	 98.763981	 98.730354	 98.696764	 98.663214	  98.62971	 98.596255	 98.562853	 98.529511	  98.49623	 98.463017	 98.429876	  98.39681	 98.363824	 98.330922	 98.298108	 98.265387	 98.232763	 98.200239	  98.16782	  98.13551	 98.103313	 98.071233	 98.039273	 98.007438	  97.97573	 97.944155	 97.912715	 97.881415	 97.850257	 97.819246	 97.788385	 97.757677	 97.727126	 97.696734	 97.666506	 97.636444	 97.606551	 97.576831	 97.547286	  97.51792	 97.488735	 97.459735	 97.430921	 97.402296	 97.373864	 97.345627	 97.317586	 97.289745	 97.262106	  97.23467	 97.207441	 97.180421	 97.153611	 97.127013	 97.100629	 97.074462	 97.048513	 97.022783	 96.997274	 96.971988	 96.946926	  96.92209	 96.897481	   96.8731	 96.848949	 96.825028	 96.801338	 96.777881	 96.754658	 96.731669	 96.708915	 96.686397	 96.664115	 96.642071	 96.620264	 96.598695	 96.577364	 96.556272	 96.535419	 96.514805	 96.494431	 96.474295	 96.454399	 96.434742	 96.415325	 96.396146	 96.377206	 96.358504	 96.340041	 96.321815	 96.303827	 96.286075	  96.26856	  96.25128	 96.234236	 96.217425	 96.200848	 96.184504	 96.168392	  96.15251	 96.136859	 96.121438	 96.106244	 96.091277	 96.076537	 96.062021	  96.04773	 96.033661	 96.019813	 96.006186	 95.992778	 95.979587	 95.966613	 95.953853	 95.941308	 95.928974	 95.916851	 95.904938	 95.893233	 95.881734	  95.87044	  95.85935	 95.848462	 95.837774	 95.827285	 95.816993	 95.806897	 95.796996	 95.787287	 95.777769	 95.768441	   95.7593	 95.750346	 95.741577	 95.732991	 95.724586	 95.716362	 95.708316	 95.700446	 95.692752	 95.685232	 95.677884	 95.670707	 95.663699	 95.656858	 95.650184	 95.643674	 95.637327	 95.631142	 95.625118	 95.619252	 95.613544	 95.607992	 95.602594	  95.59735	 95.592258	 95.587317	 95.582525	 95.577881	 95.573385	 95.569034	 95.564828	 95.560765	 95.556845	 95.553067	 95.549428	 95.545929	 95.542568	 95.539345	 95.536258	 95.533306	 95.530489	 95.527806	 95.525255	 95.522838	 95.520551	 95.518396	  95.51637	 95.514475	 95.512708	  95.51107	 95.509559	 95.508177	 95.506921	 95.505792	 95.504789	 95.503913	 95.503162	 95.502536	 95.502036	 95.501661	 95.501411	 95.501287	
        99	 98.959506	 98.919017	  98.87854	 98.838078	 98.797639	 98.757226	 98.716847	 98.676505	 98.636206	 98.595957	 98.555761	 98.515625	 98.475553	 98.435552	 98.395625	  98.35578	 98.316019	  98.27635	 98.236776	 98.197304	 98.157937	 98.118682	 98.079542	 98.040523	  98.00163	 97.962868	 97.924241	 97.885754	 97.847412	 97.809218	 97.771179	 97.733298	  97.69558	 97.658029	 97.620649	 97.583445	  97.54642	  97.50958	 97.472927	 97.436466	 97.400201	 97.364135	 97.328273	 97.292618	 97.257173	 97.221942	 97.186929	 97.152137	 97.117569	 97.083228	 97.049118	 97.015241	   96.9816	 96.948199	  96.91504	 96.882126	  96.84946	 96.817043	 96.784879	 96.752969	 96.721317	 96.689924	 96.658792	 96.627924	 96.597321	 96.566985	 96.536918	 96.507122	 96.477599	 96.448349	 96.419374	 96.390676	 96.362256	 96.334114	 96.306253	 96.278673	 96.251375	  96.22436	 96.197629	 96.171182	  96.14502	 96.119144	 96.093553	 96.068249	 96.043232	 96.018501	 95.994057	 95.969901	 95.946031	 95.922449	 95.899154	 95.876145	 95.853422	 95.830986	 95.808836	  95.78697	 95.765389	 95.744093	 95.723079	 95.702349	   95.6819	 95.661733	 95.641845	 95.622237	 95.602907	 95.583854	 95.565078	 95.546576	 95.528348	 95.510393	 95.492708	 95.475294	 95.458148	  95.44127	 95.424657	 95.408308	 95.392222	 95.376397	 95.360832	 95.345524	 95.330473	 95.315677	 95.301133	 95.286841	 95.272798	 95.259003	 95.245454	 95.232148	 95.219086	 95.206263	  95.19368	 95.181333	 95.169221	 95.157342	 95.145694	 95.134275	 95.123084	 95.112118	 95.101376	 95.090856	 95.080555	 95.070472	 95.060605	 95.050952	 95.041511	  95.03228	 95.023258	 95.014443	 95.005832	 94.997425	 94.989218	 94.981211	 94.973401	 94.965787	 94.958367	 94.951139	 94.944102	 94.937254	 94.930592	 94.924117	 94.917826	 94.911717	 94.905789	  94.90004	 94.894469	 94.889074	 94.883855	 94.878809	 94.873935	 94.869232	 94.864699	 94.860334	 94.856136	 94.852104	 94.848237	 94.844533	 94.840992	 94.837612	 94.834393	 94.831334	 94.828433	  94.82569	 94.823104	 94.820674	   94.8184	  94.81628	 94.814315	 94.812503	 94.810844	 94.809338	 94.807983	  94.80678	 94.805729	 94.804828	 94.804077	 94.803477	 94.803028	 94.802728	 94.802578	
        99	 98.952771	 98.905548	 98.858338	 98.811147	 98.763981	 98.716847	 98.669751	 98.622699	 98.575698	 98.528753	 98.481872	  98.43506	 98.388324	 98.341669	 98.295102	 98.248628	 98.202255	 98.155987	 98.109832	 98.063794	 98.017879	 97.972095	 97.926445	 97.880936	 97.835575	 97.790365	 97.745313	 97.700425	 97.655705	 97.611159	 97.566793	 97.522611	 97.478619	 97.434822	 97.391225	 97.347833	  97.30465	 97.261682	 97.218933	 97.176408	 97.134111	 97.092047	  97.05022	 97.008634	 96.967294	 96.926203	 96.885367	 96.844787	  96.80447	 96.764417	 96.724633	 96.685122	 96.645886	 96.606929	 96.568255	 96.529866	 96.491766	 96.453958	 96.416444	 96.379227	  96.34231	 96.305695	 96.269386	 96.233383	  96.19769	 96.162309	 96.127241	 96.092489	 96.058055	  96.02394	 95.990146	 95.956675	 95.923527	 95.890705	  95.85821	 95.826043	 95.794205	 95.762696	 95.731519	 95.700673	  95.67016	 95.639979	 95.610132	 95.580619	 95.551441	 95.522597	 95.494088	 95.465913	 95.438074	 95.410569	 95.383399	 95.356563	 95.330061	 95.303893	 95.278058	 95.252556	 95.227386	 95.202547	 95.178039	  95.15386	  95.13001	 95.106488	 95.083293	 95.060423	 95.037878	 95.015657	 94.993757	 94.972178	 94.950918	 94.929976	 94.909351	  94.88904	 94.869042	 94.849356	  94.82998	 94.810912	 94.792151	 94.773694	 94.755539	 94.737686	 94.720131	 94.702874	 94.685911	 94.669242	 94.652863	 94.636774	 94.620971	 94.605453	 94.590217	 94.575262	 94.560585	 94.546185	 94.532058	 94.518204	 94.504618	 94.491301	 94.478248	 94.465458	 94.452929	 94.440659	 94.428645	 94.416885	 94.405376	 94.394118	 94.383107	 94.372341	 94.361819	 94.351537	 94.341494	 94.331688	 94.322116	 94.312777	 94.303668	 94.294788	 94.286134	 94.277704	 94.269496	 94.261509	  94.25374	 94.246187	 94.238849	 94.231724	  94.22481	 94.218105	 94.211608	 94.205316	 94.199228	 94.193343	 94.187659	 94.182174	 94.176886	 94.171795	 94.166899	 94.162196	 94.157686	 94.153366	 94.149236	 94.145294	  94.14154	 94.137971	 94.134588	 94.131389	 94.128373	 94.125539	 94.122886	 94.120414	 94.118122	 94.116009	 94.114074	 94.112317	 94.110737	 94.109334	 94.108108	 94.107057	 94.106182	 94.105482	 94.104957	 94.104608	 94.104433	
        99	 98.946042	 98.892091	 98.838155	  98.78424	 98.730354	 98.676505	 98.622699	 98.568943	 98.515246	 98.461613	 98.408053	 98.354571	 98.301176	 98.247874	 98.194672	 98.141578	 98.088597	 98.035738	 97.983006	 97.930409	 97.877953	 97.825645	 97.773492	   97.7215	 97.669675	 97.618024	 97.566554	  97.51527	 97.464179	 97.413286	 97.362599	 97.312123	 97.261863	 97.211826	 97.162018	 97.112443	 97.063108	 97.014018	 96.965178	 96.916595	 96.868271	 96.820214	 96.772428	 96.724917	 96.677687	 96.630742	 96.584087	 96.537727	 96.491665	 96.445906	 96.400454	 96.355313	 96.310487	  96.26598	 96.221796	 96.177938	  96.13441	 96.091215	 96.048356	 96.005836	  95.96366	 95.921829	 95.880346	 95.839214	 95.798435	 95.758013	 95.717949	 95.678246	 95.638906	 95.599931	 95.561322	 95.523082	 95.485212	 95.447714	 95.410589	 95.373838	 95.337464	 95.301466	 95.265847	 95.230607	 95.195746	 95.161265	 95.127166	 95.093448	 95.060113	 95.027159	 94.994588	   94.9624	 94.930594	  94.89917	 94.868129	  94.83747	 94.807193	 94.777296	 94.747781	 94.718645	 94.689889	 94.661511	 94.633511	 94.605887	  94.57864	 94.551766	 94.525266	 94.499138	 94.473381	 94.447994	 94.422974	  94.39832	 94.374031	 94.350106	 94.326542	 94.303337	 94.280491	    94.258	 94.235863	 94.214078	 94.192644	 94.171557	 94.150816	 94.130419	 94.110364	 94.090647	 94.071268	 94.052224	 94.033512	  94.01513	 93.997075	 93.979346	  93.96194	 93.944854	 93.928087	 93.911635	 93.895495	 93.879667	 93.864146	 93.848931	 93.834018	 93.819406	 93.805092	 93.791074	 93.777348	 93.763912	 93.750765	 93.737902	 93.725322	 93.713023	 93.701001	 93.689254	 93.677781	 93.666577	 93.655642	 93.644972	 93.634566	  93.62442	 93.614533	 93.604902	 93.595525	 93.586399	 93.577524	 93.568895	 93.560512	 93.552372	 93.544473	 93.536812	 93.529389	 93.522201	 93.515246	 93.508522	 93.502028	 93.495761	 93.489721	 93.483904	 93.478311	 93.472938	 93.467785	 93.462849	 93.458131	 93.453628	 93.449338	 93.445262	 93.441396	 93.437741	 93.434295	 93.431058	 93.428027	 93.425203	 93.422584	  93.42017	 93.417959	 93.415952	 93.414147	 93.412544	 93.411143	 93.409942	 93.408943	 93.408143	 93.407544	 93.407144	 93.406945	
        99	  98.93932	 98.878649	 98.817993	 98.757362	 98.696764	 98.636206	 98.575698	 98.515246	 98.454859	 98.394545	 98.334312	 98.274169	 98.214122	  98.15418	 98.094351	 98.034642	 97.975062	 97.915618	 97.856317	 97.797168	 97.738178	 97.679354	 97.620703	 97.562234	 97.503954	 97.445868	 97.387986	 97.330314	 97.272858	 97.215626	 97.158625	  97.10186	  97.04534	  96.98907	 96.933056	 96.877306	 96.821826	  96.76662	 96.711697	  96.65706	 96.602718	 96.548674	 96.494934	 96.441505	 96.388392	 96.335599	 96.283132	 96.230996	 96.179196	 96.127737	 96.076623	 96.025859	 95.975449	 95.925398	 95.875709	 95.826388	 95.777437	 95.728861	 95.680663	 95.632847	 95.585417	 95.538374	 95.491724	 95.445468	  95.39961	 95.354152	 95.309098	 95.264449	 95.220208	 95.176377	 95.132959	 95.089955	 95.047367	 95.005198	 94.963448	  94.92212	 94.881214	 94.840733	 94.800676	 94.761045	 94.721842	 94.683066	 94.644719	 94.606801	 94.569313	 94.532254	 94.495626	 94.459427	 94.423659	 94.388321	 94.353413	 94.318935	 94.284886	 94.251265	 94.218073	 94.185308	 94.152969	 94.121056	 94.089568	 94.058504	 94.027861	 93.997641	 93.967839	 93.938457	 93.909491	 93.880941	 93.852804	 93.825079	 93.797765	 93.770859	 93.744359	 93.718264	 93.692572	 93.667279	 93.642385	 93.617886	 93.593782	 93.570068	 93.546744	 93.523806	 93.501252	 93.479079	 93.457286	 93.435869	 93.414826	 93.394154	 93.373851	 93.353913	 93.334339	 93.315125	 93.296268	 93.277766	 93.259617	 93.241816	 93.224362	 93.207251	 93.190481	 93.174049	 93.157952	 93.142187	 93.126751	 93.111642	 93.096856	 93.082392	 93.068245	 93.054413	 93.040894	 93.027684	 93.014781	 93.002182	 92.989884	 92.977885	 92.966182	 92.954773	 92.943654	 92.932823	 92.922278	 92.912016	 92.902035	 92.892331	 92.882904	 92.873749	 92.864866	 92.856252	 92.847904	  92.83982	 92.831999	 92.824438	 92.817134	 92.810087	 92.803294	 92.796753	 92.790462	  92.78442	 92.778625	 92.773075	 92.767769	 92.762705	 92.757881	 92.753296	  92.74895	 92.744839	 92.740964	 92.737323	 92.733915	 92.730739	 92.727794	 92.725079	 92.722593	 92.720336	 92.718306	 92.716503	 92.714927	 92.713577	 92.712453	 92.711554	  92.71088	 92.710431	 92.710206	
        99	 98.932607	 98.865222	 98.797856	 98.730517	 98.663214	 98.595957	 98.528753	 98.461613	 98.394545	 98.327558	 98.260661	 98.193864	 98.127173	 98.060599	 97.994151	 97.927836	 97.861664	 97.795643	 97.729781	 97.664088	 97.598571	 97.533239	 97.468099	 97.403161	 97.338433	 97.273921	 97.209635	 97.145581	 97.081769	 97.018205	 96.954897	 96.891852	 96.829078	 96.766583	 96.704372	 96.642454	 96.580835	 96.519522	 96.458521	  96.39784	 96.337485	 96.277462	 96.217777	 96.158436	 96.099446	 96.040813	 95.982541	 95.924637	 95.867106	 95.809953	 95.753184	 95.696803	 95.640816	 95.585227	 95.530041	 95.475263	 95.420896	 95.366946	 95.313416	 95.260309	 95.207631	 95.155384	 95.103572	 95.052199	 95.001267	  94.95078	  94.90074	 94.851151	 94.802016	 94.753335	 94.705113	 94.657352	 94.610052	 94.563217	 94.516849	 94.470948	 94.425516	 94.380556	 94.336067	 94.292052	 94.248511	 94.205446	 94.162856	 94.120743	 94.079106	 94.037948	 93.997267	 93.957063	 93.917338	  93.87809	  93.83932	 93.801027	 93.763211	 93.725871	 93.689006	 93.652616	 93.616699	 93.581255	 93.546283	 93.511782	  93.47775	 93.444185	 93.411087	 93.378453	 93.346283	 93.314574	 93.283324	 93.252532	 93.222196	 93.192313	 93.162881	 93.133899	 93.105364	 93.077273	 93.049624	 93.022415	 92.995644	 92.969306	 92.943401	 92.917925	 92.892876	 92.868251	 92.844046	  92.82026	 92.796888	 92.773929	  92.75138	 92.729236	 92.707496	 92.686156	 92.665213	 92.644665	 92.624507	 92.604737	 92.585352	 92.566348	 92.547723	 92.529472	 92.511594	 92.494085	 92.476942	 92.460161	 92.443739	 92.427674	 92.411962	   92.3966	 92.381585	 92.366913	 92.352583	  92.33859	 92.324932	 92.311605	 92.298607	 92.285936	 92.273587	 92.261557	 92.249846	 92.238448	 92.227362	 92.216586	 92.206115	 92.195948	 92.186082	 92.176514	 92.167243	 92.158265	 92.149578	  92.14118	 92.133069	 92.125242	 92.117697	 92.110432	 92.103446	 92.096735	 92.090299	 92.084135	 92.078242	 92.072617	  92.06726	 92.062168	  92.05734	 92.052775	 92.048471	 92.044427	 92.040642	 92.037115	 92.033844	 92.030828	 92.028068	  92.02556	 92.023306	 92.021304	 92.019554	 92.018055	 92.016806	 92.015807	 92.015059	  92.01456	  92.01431	
        99	 98.925902	 98.851814	 98.777746	 98.703708	  98.62971	 98.555761	 98.481872	 98.408053	 98.334312	 98.260661	  98.18711	 98.113666	 98.040341	 97.967145	 97.894085	 97.821173	 97.748418	 97.675829	 97.603415	 97.531187	 97.459152	  97.38732	 97.315701	 97.244302	 97.173134	 97.102205	 97.031523	 96.961097	 96.890937	 96.821049	 96.751443	 96.682126	 96.613108	 96.544394	 96.475995	 96.407917	 96.340168	 96.272755	 96.205686	 96.138968	 96.072608	 96.006614	 95.940991	 95.875748	 95.810889	 95.746422	 95.682354	 95.618689	 95.555434	 95.492596	 95.430179	 95.368189	 95.306633	 95.245514	 95.184838	  95.12461	 95.064835	 95.005517	 94.946661	 94.888272	 94.830353	 94.772908	 94.715942	 94.659457	 94.603459	 94.547949	 94.492932	 94.438409	 94.384385	 94.330862	 94.277843	  94.22533	 94.173325	 94.121831	 94.070849	 94.020382	 93.970431	 93.920997	 93.872083	 93.823689	 93.775817	 93.728466	  93.68164	 93.635337	 93.589559	 93.544305	 93.499577	 93.455375	 93.411697	 93.368545	 93.325918	 93.283815	 93.242237	 93.201182	 93.160649	 93.120639	  93.08115	  93.04218	 93.003729	 92.965795	 92.928377	 92.891473	 92.855082	 92.819202	 92.783831	 92.748968	 92.714609	 92.680754	 92.647399	 92.614544	 92.582184	 92.550319	 92.518944	 92.488059	  92.45766	 92.427744	 92.398309	 92.369352	  92.34087	 92.312859	 92.285318	 92.258243	  92.23163	 92.205478	 92.179781	 92.154538	 92.129745	 92.105399	 92.081496	 92.058033	 92.035007	 92.012414	 91.990251	 91.968514	   91.9472	 91.926306	 91.905828	 91.885762	 91.866105	 91.846854	 91.828005	 91.809555	 91.791499	 91.773836	 91.756561	  91.73967	 91.723162	 91.707031	 91.691274	 91.675889	 91.660873	  91.64622	  91.63193	 91.617997	 91.604419	 91.591194	 91.578317	 91.565785	 91.553597	 91.541748	 91.530235	 91.519057	 91.508209	  91.49769	 91.487496	 91.477625	 91.468074	 91.458841	 91.449922	 91.441317	 91.433022	 91.425034	 91.417353	 91.409975	 91.402898	 91.396121	 91.389641	 91.383457	 91.377566	 91.371968	  91.36666	 91.361641	 91.356909	 91.352463	 91.348301	 91.344423	 91.340826	 91.337511	 91.334475	 91.331719	  91.32924	 91.327039	 91.325115	 91.323466	 91.322093	 91.320995	 91.320172	 91.319624	  91.31935	
        99	 98.919207	 98.838426	 98.757666	 98.676938	 98.596255	 98.515625	  98.43506	 98.354571	 98.274169	 98.193864	 98.113666	 98.033587	 97.953638	 97.873828	 97.794168	 97.714669	  97.63534	 97.556193	 97.477236	 97.398482	 97.319939	 97.241617	 97.163527	 97.085678	  97.00808	 96.930742	 96.853674	 96.776886	 96.700386	 96.624185	  96.54829	  96.47271	 96.397456	 96.322535	 96.247955	 96.173727	 96.099856	 96.026353	 95.953225	 95.880479	 95.808124	 95.736167	 95.664615	 95.593477	 95.522758	 95.452467	  95.38261	 95.313193	 95.244224	 95.175708	 95.107652	 95.040062	 94.972943	 94.906302	 94.840144	 94.774475	 94.709299	 94.644622	 94.580449	 94.516784	 94.453632	 94.390997	 94.328884	 94.267297	 94.206239	 94.145714	 94.085726	 94.026277	 93.967372	 93.909014	 93.851204	 93.793947	 93.737243	 93.681096	 93.625509	 93.570482	 93.516018	 93.462118	 93.408784	 93.356018	  93.30382	 93.252192	 93.201135	 93.150649	 93.100735	 93.051393	 93.002623	 92.954427	 92.906803	 92.859753	 92.813274	 92.767368	 92.722033	 92.677268	 92.633074	 92.589449	 92.546391	 92.503901	 92.461976	 92.420615	 92.379816	 92.339578	 92.299899	 92.260778	 92.222211	 92.184197	 92.146735	 92.109821	 92.073453	 92.037628	 92.002345	 91.967601	 91.933392	 91.899716	 91.866571	 91.833952	 91.801858	 91.770284	 91.739229	 91.708688	 91.678658	 91.649137	  91.62012	 91.591604	 91.563586	 91.536062	 91.509029	 91.482483	 91.456421	 91.430838	 91.405731	 91.381097	 91.356932	 91.333231	 91.309992	  91.28721	 91.264881	 91.243002	  91.22157	 91.200579	 91.180027	  91.15991	 91.140224	 91.120964	 91.102128	 91.083712	 91.065712	 91.048123	 91.030943	 91.014169	 90.997795	 90.981819	 90.966237	 90.951046	 90.936241	 90.921821	  90.90778	 90.894117	 90.880827	 90.867907	 90.855355	 90.843167	 90.831339	 90.819869	 90.808754	 90.797991	 90.787577	  90.77751	 90.767786	 90.758403	 90.749358	 90.740649	 90.732273	 90.724229	 90.716513	 90.709123	 90.702058	 90.695315	 90.688893	 90.682788	 90.677001	 90.671528	 90.666369	 90.661521	 90.656983	 90.652754	 90.648833	 90.645218	 90.641908	 90.638903	   90.6362	   90.6338	 90.631702	 90.629904	 90.628408	 90.627211	 90.626313	 90.625715	 90.625416	
        99	 98.912524	 98.825059	 98.737618	 98.650212	 98.562853	 98.475553	 98.388324	 98.301176	 98.214122	 98.127173	 98.040341	 97.953638	 97.867074	 97.780662	 97.694412	 97.608335	 97.522444	 97.436749	 97.351261	 97.265991	  97.18095	 97.096149	 97.011599	 96.927309	 96.843292	 96.759556	 96.676113	 96.592972	 96.510143	 96.427637	 96.345464	 96.263632	 96.182152	 96.101033	 96.020284	 95.939914	 95.859932	 95.780348	  95.70117	 95.622406	 95.544065	 95.466155	 95.388685	 95.311661	 95.235092	 95.158986	 95.083349	  95.00819	 94.933515	 94.859331	 94.785645	 94.712463	 94.639792	 94.567638	 94.496007	 94.424905	 94.354337	 94.284309	 94.214827	 94.145895	 94.077519	 94.009703	 93.942451	 93.875768	 93.809659	 93.744127	 93.679176	  93.61481	 93.551032	 93.487845	 93.425253	 93.363259	 93.301864	 93.241073	 93.180886	 93.121307	 93.062337	 93.003979	 92.946233	 92.889101	 92.832585	 92.776686	 92.721405	 92.666742	 92.612698	 92.559275	 92.506471	 92.454287	 92.402724	  92.35178	 92.301457	 92.251753	 92.202667	   92.1542	 92.106349	 92.059115	 92.012496	  91.96649	 91.921096	 91.876313	  91.83214	 91.788573	 91.745611	 91.703253	 91.661496	 91.620338	 91.579776	 91.539808	 91.500431	 91.461643	 91.423442	 91.385823	 91.348784	 91.312322	 91.276434	 91.241117	 91.206368	 91.172182	 91.138558	  91.10549	 91.072976	 91.041012	 91.009595	  90.97872	 90.948384	 90.918584	 90.889314	 90.860572	 90.832354	 90.804654	 90.777471	 90.750799	 90.724634	 90.698973	  90.67381	 90.649144	 90.624968	 90.601279	 90.578074	 90.555347	 90.533095	 90.511313	 90.489998	 90.469145	 90.448751	 90.428811	 90.409322	 90.390278	 90.371677	 90.353514	 90.335786	 90.318489	 90.301618	 90.285169	  90.26914	 90.253527	 90.238325	 90.223531	 90.209142	 90.195153	 90.181562	 90.168366	  90.15556	 90.143141	 90.131107	 90.119453	 90.108178	 90.097277	 90.086749	  90.07659	 90.066797	 90.057367	 90.048298	 90.039588	 90.031234	 90.023233	 90.015584	 90.008283	 90.001329	  89.99472	 89.988453	 89.982528	 89.976942	 89.971693	  89.96678	 89.962201	 89.957955	 89.954041	 89.950458	 89.947203	 89.944277	 89.941679	 89.939407	 89.937461	  89.93584	 89.934544	 89.933572	 89.932925	 89.932601	
        99	 98.905851	 98.811716	 98.717605	 98.623533	 98.529511	 98.435552	 98.341669	 98.247874	  98.15418	 98.060599	 97.967145	 97.873828	 97.780662	 97.687658	 97.594829	 97.502188	 97.409745	 97.317514	 97.225505	 97.133732	 97.042204	 96.950935	 96.859936	 96.769217	 96.678791	 96.588669	 96.498861	 96.409379	 96.320232	 96.231434	 96.142992	 96.054919	 95.967224	 95.879917	 95.793009	 95.706509	 95.620428	 95.534773	 95.449556	 95.364784	 95.280468	 95.196616	 95.113236	 95.030337	 94.947928	 94.866017	 94.784612	 94.703719	 94.623349	 94.543506	   94.4642	 94.385436	 94.307222	 94.229565	  94.15247	 94.075945	 93.999995	 93.924626	 93.849844	 93.775654	 93.702063	 93.629074	 93.556693	 93.484924	 93.413772	 93.343242	 93.273337	 93.204061	 93.135418	 93.067412	 93.000046	 92.933323	 92.867246	 92.801817	  92.73704	 92.672917	 92.609449	 92.546639	 92.484489	    92.423	 92.362173	  92.30201	 92.242513	  92.18368	 92.125515	 92.068016	 92.011185	 91.955021	 91.899524	 91.844696	 91.790534	 91.737038	 91.684209	 91.632044	 91.580544	 91.529707	 91.479532	 91.430017	 91.381161	 91.332963	  91.28542	  91.23853	 91.192292	 91.146703	 91.101761	 91.057463	 91.013807	 90.970791	 90.928411	 90.886664	 90.845549	  90.80506	 90.765197	 90.725954	 90.687329	 90.649318	 90.611918	 90.575125	 90.538935	 90.503346	 90.468352	  90.43395	 90.400136	 90.366907	 90.334257	 90.302183	 90.270681	 90.239747	 90.209376	 90.179564	 90.150307	 90.121601	  90.09344	 90.065822	  90.03874	 90.012192	 89.986173	 89.960677	 89.935701	 89.911241	 89.887292	 89.863849	 89.840908	 89.818465	 89.796515	 89.775054	 89.754078	 89.733582	 89.713562	 89.694014	 89.674934	 89.656317	 89.638159	 89.620456	 89.603205	   89.5864	 89.570039	 89.554116	  89.53863	 89.523574	 89.508947	 89.494743	 89.480961	 89.467595	 89.454642	   89.4421	 89.429965	 89.418233	 89.406901	 89.395967	 89.385427	 89.375278	 89.365518	 89.356144	 89.347152	 89.338541	 89.330308	 89.322451	 89.314966	 89.307853	 89.301109	 89.294731	 89.288719	  89.28307	 89.277782	 89.272854	 89.268284	 89.264072	 89.260215	 89.256712	 89.253563	 89.250766	 89.248321	 89.246227	 89.244482	 89.243087	 89.242042	 89.241345	 89.240996	
        99	 98.899192	 98.798397	  98.69763	 98.596903	  98.49623	 98.395625	 98.295102	 98.194672	 98.094351	 97.994151	 97.894085	 97.794168	 97.694412	 97.594829	 97.495434	  97.39624	 97.297258	 97.198503	 97.099986	 97.001721	 96.903719	 96.805994	 96.708558	 96.611423	   96.5146	 96.418103	 96.321943	 96.226131	 96.130679	 96.035599	 95.940901	 95.846598	   95.7527	 95.659218	 95.566162	 95.473544	 95.381373	  95.28966	 95.198415	 95.107647	 95.017366	 94.927583	 94.838305	 94.749543	 94.661305	 94.573599	 94.486436	 94.399822	 94.313766	 94.228276	 94.143359	 94.059024	 93.975278	 93.892127	 93.809579	 93.727641	 93.646319	 93.565619	 93.485547	  93.40611	 93.327312	 93.249161	  93.17166	 93.094814	  93.01863	  92.94311	  92.86826	 92.794085	 92.720586	  92.64777	 92.575639	 92.504196	 92.433445	 92.363388	 92.294029	  92.22537	 92.157413	  92.09016	 92.023614	 91.957775	 91.892646	 91.828227	 91.764521	 91.701527	 91.639247	 91.577681	  91.51683	 91.456693	 91.397272	 91.338564	 91.280571	 91.223292	 91.166725	 91.110871	 91.055728	 91.001295	 90.947571	 90.894554	 90.842242	 90.790634	 90.739728	 90.689521	 90.640013	 90.591199	 90.543078	 90.495647	 90.448903	 90.402844	 90.357466	 90.312767	 90.268743	  90.22539	 90.182707	 90.140688	 90.099331	 90.058631	 90.018586	  89.97919	 89.940441	 89.902334	 89.864865	  89.82803	 89.791824	 89.756244	 89.721285	 89.686942	 89.653212	  89.62009	  89.58757	  89.55565	 89.524323	 89.493586	 89.463434	 89.433862	 89.404865	 89.376439	 89.348578	  89.32128	 89.294537	 89.268347	 89.242703	 89.217602	 89.193038	 89.169008	 89.145505	 89.122526	 89.100067	 89.078121	 89.056685	 89.035754	 89.015324	  88.99539	 88.975948	 88.956993	 88.938521	 88.920528	 88.903009	 88.885961	 88.869379	 88.853258	 88.837596	 88.822388	  88.80763	 88.793319	 88.779451	 88.766021	 88.753027	 88.740466	 88.728333	 88.716625	 88.705339	 88.694473	 88.684022	 88.673984	 88.664357	 88.655137	 88.646321	 88.637908	 88.629894	 88.622278	 88.615056	 88.608228	  88.60179	 88.595741	  88.59008	 88.584803	  88.57991	   88.5754	  88.57127	  88.56752	 88.564148	 88.561153	 88.558535	 88.556292	 88.554425	 88.552931	 88.551811	 88.551065	 88.550692	
        99	 98.892546	 98.785106	 98.677695	 98.570327	 98.463017	  98.35578	 98.248628	 98.141578	 98.034642	 97.927836	 97.821173	 97.714669	 97.608335	 97.502188	  97.39624	 97.290505	 97.184998	 97.079732	  96.97472	 96.869976	 96.765514	 96.661346	 96.557486	 96.453946	  96.35074	 96.247881	 96.145381	 96.043252	 95.941507	 95.840158	 95.739218	 95.638697	 95.538609	 95.438963	 95.339773	 95.241048	   95.1428	 95.045041	  94.94778	 94.851028	 94.754795	 94.659092	 94.563928	 94.469314	 94.375258	 94.281771	  94.18886	 94.096536	 94.004806	  93.91368	 93.823165	  93.73327	 93.644003	  93.55537	  93.46738	 93.380039	 93.293355	 93.207335	 93.121984	  93.03731	 92.953317	 92.870013	 92.787402	 92.705491	 92.624283	 92.543785	    92.464	 92.384934	  92.30659	 92.228973	 92.152086	 92.075933	 92.000518	 91.925843	 91.851911	 91.778725	 91.706287	 91.634601	 91.563667	 91.493487	 91.424064	 91.355399	 91.287492	 91.220346	  91.15396	 91.088335	 91.023471	  90.95937	 90.896031	 90.833453	 90.771636	 90.710581	 90.650285	 90.590748	  90.53197	 90.473948	 90.416682	 90.360169	 90.304408	 90.249398	 90.195136	 90.141619	 90.088846	 90.036814	 89.985521	 89.934962	 89.885137	 89.836041	 89.787672	 89.740025	 89.693099	 89.646888	 89.601391	 89.556602	 89.512518	 89.469135	 89.426449	 89.384457	 89.343153	 89.302533	 89.262594	  89.22333	 89.184737	 89.146811	 89.109548	 89.072941	 89.036987	 89.001681	 88.967017	 88.932992	   88.8996	 88.866837	 88.834697	 88.803175	 88.772266	 88.741966	 88.712269	  88.68317	 88.654665	 88.626748	 88.599414	 88.572657	 88.546474	 88.520859	 88.495808	 88.471314	 88.447373	 88.423981	 88.401131	 88.378821	 88.357044	 88.335795	 88.315071	 88.294867	 88.275177	 88.255998	 88.237324	 88.219152	 88.201476	 88.184293	 88.167598	 88.151387	 88.135657	 88.120402	 88.105619	 88.091304	 88.077454	 88.064064	 88.051131	 88.038651	 88.026622	 88.015039	 88.003899	   87.9932	 87.982937	 87.973109	 87.963713	 87.954745	 87.946203	 87.938084	 87.930387	 87.923108	 87.916246	 87.909798	 87.903763	 87.898139	 87.892923	 87.888115	 87.883713	 87.879716	 87.876122	  87.87293	 87.870139	 87.867748	 87.865757	 87.864165	 87.862972	 87.862176	 87.861779	
        99	 98.885914	 98.771843	 98.657803	 98.543809	 98.429876	 98.316019	 98.202255	 98.088597	 97.975062	 97.861664	 97.748418	  97.63534	 97.522444	 97.409745	 97.297258	 97.184998	 97.072979	 96.961216	 96.849723	 96.738515	 96.627605	 96.517008	 96.406738	 96.296808	 96.187232	 96.078025	 95.969198	 95.860766	 95.752742	 95.645138	 95.537968	 95.431243	 95.324977	 95.219182	 95.113869	 95.009052	  94.90474	 94.800947	 94.697683	  94.59496	 94.492788	 94.391178	 94.290141	 94.189688	 94.089827	 93.990569	 93.891925	 93.793902	 93.696511	 93.599761	  93.50366	 93.408216	 93.313439	 93.219336	 93.125916	 93.033184	 92.941151	 92.849821	 92.759203	 92.669302	 92.580126	  92.49168	 92.403971	 92.317004	 92.230785	 92.145318	 92.060609	 91.976663	 91.893484	 91.811077	 91.729444	 91.648591	 91.568521	 91.489237	 91.410742	  91.33304	 91.256131	  91.18002	 91.104708	 91.030198	  90.95649	 90.883587	 90.811489	 90.740198	 90.669715	  90.60004	 90.531173	 90.463116	 90.395867	 90.329427	 90.263795	 90.198971	 90.134954	 90.071743	 90.009337	 89.947734	 89.886933	 89.826933	 89.767731	 89.709325	 89.651714	 89.594895	 89.538864	 89.483621	 89.429162	 89.375483	 89.322583	 89.270457	 89.219102	 89.168515	 89.118692	  89.06963	 89.021324	 88.973771	 88.926966	 88.880906	 88.835586	 88.791001	 88.747148	 88.704021	 88.661617	  88.61993	 88.578956	 88.538689	 88.499125	 88.460259	 88.422086	 88.384601	 88.347798	 88.311673	  88.27622	 88.241435	 88.207311	 88.173843	 88.141027	 88.108857	 88.077327	 88.046433	 88.016168	 87.986528	 87.957506	 87.929099	   87.9013	 87.874104	 87.847506	   87.8215	 87.796082	 87.771246	 87.746987	 87.723299	 87.700178	 87.677618	 87.655615	 87.634164	 87.613259	 87.592896	 87.573069	 87.553775	 87.535009	 87.516765	  87.49904	 87.481829	 87.465127	 87.448931	 87.433236	 87.418038	 87.403332	 87.389116	 87.375385	 87.362135	 87.349363	 87.337065	 87.325238	 87.313878	 87.302982	 87.292548	 87.282571	  87.27305	  87.26398	 87.255361	 87.247188	  87.23946	 87.232175	 87.225329	 87.218922	  87.21295	 87.207413	 87.202308	 87.197634	  87.19339	 87.189574	 87.186185	 87.183222	 87.180684	  87.17857	  87.17688	 87.175613	 87.174768	 87.174346	
