Time step 12:
        99	        99	        99	        99	        99	        99	        99	        99	        99	        99	        99	        99	        99	        99	        99	        99	        99	        99	        99	        99	        99	        99	        99	        99	        99	        99	        99	        99	        99	        99	        99	        99	        99	        99	        99	        99	        99	        99	        99	        99	        99	        99	        99	        99	        99	        99	        99	        99	        99	        99	        99	        99	        99	        99	        99	        99	        99	        99	        99	        99	        99	        99	        99	        99	        99	        99	        99	        99	        99	        99	        99	        99	        99	        99	        99	        99	        99	        99	        99	        99	        99	        99	        99	        99	        99	        99	        99	        99	        99	        99	        99	        99	        99	        99	        99	        99	        99	        99	        99	        99	        99	        99	        99	        99	        99	        99	        99	        99	        99	        99	        99	        99	        99	        99	        99	        99	        99	        99	        99	        99	        99	        99	        99	        99	        99	        99	        99	        99	        99	        99	        99	        99	        99	        99	        99	        99	        99	        99	        99	        99	        99	        99	        99	        99	        99	        99	        99	        99	        99	        99	        99	        99	        99	        99	        99	        99	        99	        99	        99	        99	        99	        99	        99	        99	        99	        99	        99	        99	        99	        99	        99	        99	        99	        99	        99	        99	        99	        99	        99	        99	        99	        99	        99	        99	        99	        99	        99	        99	        99	        99	        99	        99	        99	        99	        99	        99	        99	        99	        99	        99	
        99	 98.947106	 98.894268	 98.841541	 98.788981	 98.736641	 98.684575	 98.632838	  98.58148	 98.530552	 98.480104	 98.430185	  98.38084	 98.332114	  98.28405	 98.236688	 98.190069	 98.144227	 98.099198	 98.055014	 98.011705	 97.969297	 97.927816	 97.887284	 97.847721	 97.809144	 97.771569	 97.735008	 97.699471	 97.664965	 97.631496	 97.599067	 97.567679	 97.537329	 97.508016	 97.479732	  97.45247	 97.426222	 97.400976	 97.376719	 97.353437	 97.331115	 97.309734	 97.289278	 97.269726	 97.251059	 97.233255	 97.216292	 97.200146	 97.184796	 97.170217	 97.156385	 97.143275	 97.130863	 97.119124	 97.108033	 97.097566	 97.087697	 97.078402	 97.069657	 97.061439	 97.053723	 97.046486	 97.039706	 97.033361	 97.027429	 97.021889	  97.01672	 97.011903	 97.007418	 97.003247	 96.999372	 96.995776	 96.992442	 96.989354	 96.986497	 96.983857	  96.98142	 96.979172	 96.977102	 96.975196	 96.973444	 96.971835	 96.970359	 96.969006	 96.967767	 96.966635	   96.9656	 96.964655	 96.963795	 96.963011	 96.962297	 96.961649	 96.961061	 96.960527	 96.960043	 96.959606	  96.95921	 96.958853	 96.958531	  96.95824	 96.957979	 96.957744	 96.957533	 96.957343	 96.957173	 96.957021	 96.956885	 96.956763	 96.956654	 96.956557	 96.956471	 96.956394	 96.956326	 96.956265	 96.956211	 96.956164	 96.956122	 96.956084	 96.956051	 96.956022	 96.955997	 96.955974	 96.955954	 96.955937	 96.955921	 96.955908	 96.955896	 96.955886	 96.955877	 96.955869	 96.955862	 96.955856	 96.955851	 96.955846	 96.955842	 96.955839	 96.955836	 96.955833	 96.955831	 96.955829	 96.955827	 96.955826	 96.955825	 96.955824	 96.955823	 96.955822	 96.955821	 96.955821	  96.95582	  96.95582	  96.95582	 96.955819	 96.955819	 96.955819	 96.955819	 96.955818	 96.955818	 96.955818	 96.955818	 96.955818	 96.955818	 96.955818	 96.955818	 96.955818	 96.955818	 96.955818	 96.955818	 96.955818	 96.955818	 96.955818	 96.955818	 96.955818	 96.955818	 96.955818	 96.955818	 96.955818	 96.955818	 96.955818	 96.955818	 96.955817	 96.955817	 96.955817	 96.955817	 96.955817	 96.955817	 96.955817	 96.955817	 96.955817	 96.955817	 96.955817	 96.955817	 96.955817	 96.955817	 96.955817	 96.955817	 96.955817	 96.955817	 96.955817	 96.955817	
        99	 98.894268	 98.788648	  98.68325	 98.578183	 98.473558	 98.369482	 98.266061	 98.163399	 98.061598	 97.960756	 97.860969	 97.762331	  97.66493	 97.568852	 97.474179	 97.380989	 97.289354	 97.199344	 97.111022	 97.024448	 96.939677	 96.856759	 96.775737	 96.696653	 96.619541	  96.54443	 96.471346	 96.400309	 96.331334	 96.264432	 96.199608	 96.136864	 96.076197	   96.0176	 95.961062	 95.906568	 95.854099	 95.803634	 95.755145	 95.708606	 95.663984	 95.621246	 95.580355	 95.541273	 95.503958	 95.468368	 95.434459	 95.402186	 95.371501	 95.342359	 95.314709	 95.288503	 95.263692	 95.240226	 95.218056	 95.197132	 95.177404	 95.158825	 95.141345	 95.124916	 95.109492	 95.095027	 95.081474	 95.068791	 95.056933	 95.045858	 95.035526	 95.025896	 95.016931	 95.008594	 95.000848	 94.993659	 94.986995	 94.980823	 94.975112	 94.969835	 94.964963	  94.96047	 94.956331	 94.952521	 94.949019	 94.945802	 94.942852	 94.940147	 94.937672	 94.935408	 94.933339	 94.931451	 94.929731	 94.928163	 94.926738	 94.925442	 94.924265	 94.923199	 94.922232	 94.921358	 94.920567	 94.919853	 94.919209	 94.918628	 94.918105	 94.917635	 94.917213	 94.916834	 94.916494	  94.91619	 94.915918	 94.915675	 94.915457	 94.915264	 94.915091	 94.914938	 94.914801	  94.91468	 94.914572	 94.914477	 94.914393	 94.914318	 94.914252	 94.914194	 94.914143	 94.914097	 94.914058	 94.914023	 94.913992	 94.913965	 94.913942	 94.913921	 94.913903	 94.913887	 94.913874	 94.913862	 94.913851	 94.913842	 94.913834	 94.913827	 94.913821	 94.913816	 94.913812	 94.913808	 94.913805	 94.913802	 94.913799	 94.913797	 94.913795	 94.913794	 94.913793	 94.913791	  94.91379	  94.91379	 94.913789	 94.913788	 94.913788	 94.913787	 94.913787	 94.913787	 94.913786	 94.913786	 94.913786	 94.913786	 94.913786	 94.913785	 94.913785	 94.913785	 94.913785	 94.913785	 94.913785	 94.913785	 94.913785	 94.913785	 94.913785	 94.913785	 94.913785	 94.913785	 94.913785	 94.913785	 94.913785	 94.913785	 94.913785	 94.913785	 94.913785	 94.913785	 94.913785	 94.913785	 94.913785	 94.913785	 94.913785	 94.913785	 94.913785	 94.913785	 94.913785	 94.913785	 94.913785	 94.913785	 94.913785	 94.913785	 94.913785	 94.913785	 94.913785	
        99	 98.841541	  98.68325	 98.525291	 98.367829	 98.211029	 98.055052	 97.900056	 97.746198	 97.593629	 97.442499	  97.29295	 97.145122	 96.999148	 96.855158	 96.713273	  96.57361	 96.436278	 96.301381	 96.169014	 96.039268	 95.912222	 95.787954	 95.666528	 95.548005	 95.432438	 95.319871	 95.210341	 95.103879	 95.000507	 94.900241	  94.80309	 94.709057	 94.618136	 94.530318	 94.445585	 94.363916	 94.285282	 94.209649	  94.13698	 94.067232	 94.000359	 93.936308	 93.875025	 93.816452	 93.760529	 93.707191	 93.656372	 93.608005	 93.562019	 93.518343	 93.476904	  93.43763	 93.400446	 93.365278	 93.332052	 93.300693	 93.271128	 93.243283	 93.217086	 93.192465	 93.169349	  93.14767	 93.127359	  93.10835	 93.090578	 93.073981	 93.058496	 93.044065	 93.030629	 93.018134	 93.006525	 92.995752	 92.985764	 92.976513	 92.967956	 92.960047	 92.952745	 92.946011	 92.939808	 92.934098	 92.928849	 92.924029	 92.919607	 92.915554	 92.911844	 92.908451	 92.905351	 92.902522	 92.899943	 92.897594	 92.895457	 92.893515	 92.891752	 92.890153	 92.888705	 92.887394	 92.886209	 92.885139	 92.884173	 92.883303	  92.88252	 92.881816	 92.881183	 92.880615	 92.880106	  92.87965	 92.879242	 92.878877	 92.878552	 92.878261	 92.878003	 92.877773	 92.877568	 92.877386	 92.877225	 92.877082	 92.876956	 92.876844	 92.876745	 92.876658	 92.876581	 92.876513	 92.876454	 92.876402	 92.876356	 92.876315	  92.87628	 92.876249	 92.876222	 92.876198	 92.876178	  92.87616	 92.876144	 92.876131	 92.876119	 92.876109	   92.8761	 92.876092	 92.876085	  92.87608	 92.876075	  92.87607	 92.876067	 92.876064	 92.876061	 92.876058	 92.876056	 92.876055	 92.876053	 92.876052	 92.876051	  92.87605	 92.876049	 92.876049	 92.876048	 92.876047	 92.876047	 92.876047	 92.876046	 92.876046	 92.876046	 92.876046	 92.876046	 92.876046	 92.876045	 92.876045	 92.876045	 92.876045	 92.876045	 92.876045	 92.876045	 92.876045	 92.876045	 92.876045	 92.876045	 92.876045	 92.876045	 92.876045	 92.876045	 92.876045	 92.876045	 92.876045	 92.876045	 92.876045	 92.876045	 92.876045	 92.876045	 92.876045	 92.876045	 92.876045	 92.876045	 92.876045	 92.876045	 92.876045	 92.876045	 92.876045	 92.876045	 92.876045	 92.876045	
        99	 98.788981	 98.578183	 98.367829	 98.158138	 97.949327	 97.741612	 97.535205	 97.330311	 97.127136	 96.925875	 96.726721	 96.529858	 96.335465	 96.143713	 95.954765	 95.768776	 95.585891	 95.406248	 95.229976	 95.057192	 94.888006	 94.722517	 94.560814	 94.402978	 94.249077	 94.099171	  93.95331	 93.811534	 93.673873	 93.540349	 93.410974	 93.285749	 93.164671	 93.047723	 92.934885	 92.826125	 92.721408	 92.620688	 92.523915	 92.431032	 92.341976	 92.256679	 92.175069	 92.097068	 92.022595	 91.951564	 91.883889	 91.819478	 91.758239	 91.700075	 91.644892	  91.59259	 91.543072	 91.496239	 91.451992	 91.410232	  91.37086	 91.333779	 91.298892	 91.266104	 91.235321	  91.20645	 91.179402	 91.154088	 91.130422	 91.108319	 91.087698	 91.068479	 91.050587	 91.033947	 91.018488	 91.004141	  90.99084	 90.978521	 90.967125	 90.956592	 90.946869	 90.937901	  90.92964	 90.922037	 90.915047	 90.908628	 90.902739	 90.897342	 90.892401	 90.887882	 90.883754	 90.879986	 90.876552	 90.873424	 90.870578	 90.867992	 90.865645	 90.863516	 90.861587	 90.859841	 90.858263	 90.856838	 90.855552	 90.854393	  90.85335	 90.852412	 90.851569	 90.850813	 90.850135	 90.849528	 90.848984	 90.848499	 90.848066	 90.847679	 90.847335	 90.847028	 90.846756	 90.846514	 90.846299	 90.846109	  90.84594	 90.845792	  90.84566	 90.845544	 90.845441	 90.845351	 90.845272	 90.845202	 90.845141	 90.845087	  90.84504	 90.844999	 90.844963	 90.844932	 90.844904	  90.84488	  90.84486	 90.844842	 90.844826	 90.844812	   90.8448	  90.84479	 90.844781	 90.844774	 90.844767	 90.844761	 90.844756	 90.844752	 90.844749	 90.844745	 90.844743	  90.84474	 90.844738	 90.844737	 90.844735	 90.844734	 90.844733	 90.844732	 90.844731	 90.844731	  90.84473	  90.84473	 90.844729	 90.844729	 90.844729	 90.844729	 90.844728	 90.844728	 90.844728	 90.844728	 90.844728	 90.844728	 90.844728	 90.844728	 90.844728	 90.844727	 90.844727	 90.844727	 90.844727	 90.844727	 90.844727	 90.844727	 90.844727	 90.844727	 90.844727	 90.844727	 90.844727	 90.844727	 90.844727	 90.844727	 90.844727	 90.844727	 90.844727	 90.844727	 90.844727	 90.844727	 90.844727	 90.844727	 90.844727	 90.844727	 90.844727	 90.844727	 90.844727	
        99	 98.736641	 98.473558	 98.211029	 97.949327	 97.688725	 97.429489	 97.171885	 96.916172	 96.662601	 96.411421	 96.162869	 95.917178	 95.674569	 95.435256	 95.199443	 94.967321	 94.739075	 94.514875	  94.29488	  94.07924	  93.86809	 93.661555	 93.459744	 93.262759	 93.070685	 92.883597	 92.701558	 92.524617	 92.352812	 92.186169	 92.024704	  91.86842	 91.717309	 91.571355	 91.430529	 91.294793	 91.164102	 91.038401	 90.917625	 90.801703	 90.690558	 90.584105	 90.482253	 90.384905	  90.29196	 90.203311	  90.11885	 90.038463	 89.962034	 89.889444	 89.820573	 89.755299	 89.693499	  89.63505	 89.579828	  89.52771	 89.478572	 89.432294	 89.388754	 89.347833	 89.309415	 89.273384	 89.239627	 89.208034	 89.178497	 89.150912	 89.125176	 89.101191	 89.078861	 89.058094	 89.038801	 89.020895	 89.004294	 88.988921	 88.974697	 88.961553	 88.949417	 88.938226	 88.927915	 88.918426	 88.909703	 88.901691	 88.894342	 88.887606	 88.881439	   88.8758	 88.870648	 88.865946	 88.861659	 88.857756	 88.854204	 88.850977	 88.848047	  88.84539	 88.842982	 88.840804	 88.838834	 88.837056	 88.835451	 88.834005	 88.832703	 88.831532	  88.83048	 88.829536	  88.82869	 88.827932	 88.827254	 88.826648	 88.826108	 88.825625	 88.825195	 88.824813	 88.824473	 88.824171	 88.823903	 88.823666	 88.823455	 88.823269	 88.823105	  88.82296	 88.822833	  88.82272	 88.822621	 88.822534	 88.822458	 88.822391	 88.822332	 88.822281	 88.822236	 88.822196	 88.822162	 88.822132	 88.822106	 88.822084	 88.822064	 88.822047	 88.822032	  88.82202	 88.822009	 88.821999	 88.821991	 88.821984	 88.821978	 88.821972	 88.821968	 88.821964	 88.821961	 88.821958	 88.821955	 88.821953	 88.821951	  88.82195	 88.821948	 88.821947	 88.821946	 88.821946	 88.821945	 88.821944	 88.821944	 88.821943	 88.821943	 88.821943	 88.821943	 88.821942	 88.821942	 88.821942	 88.821942	 88.821942	 88.821942	 88.821942	 88.821942	 88.821941	 88.821941	 88.821941	 88.821941	 88.821941	 88.821941	 88.821941	 88.821941	 88.821941	 88.821941	 88.821941	 88.821941	 88.821941	 88.821941	 88.821941	 88.821941	 88.821941	 88.821941	 88.821941	 88.821941	 88.821941	 88.821941	 88.821941	 88.821941	 88.821941	 88.821941	 88.821941	 88.821941	
        99	 98.684575	 98.369482	 98.055052	 97.741612	 97.429489	 97.119004	 96.810472	 96.504205	 96.200504	 95.899666	 95.601977	 95.307713	 95.017141	 94.730517	 94.448083	 94.170072	 93.896702	 93.628178	 93.364692	  93.10642	 92.853527	 92.606159	 92.364452	 92.128523	 91.898477	 91.674402	 91.456374	 91.244452	 91.038682	 90.839095	 90.645708	 90.458527	 90.277543	 90.102733	 89.934066	 89.771497	 89.614968	 89.464416	 89.319763	 89.180924	 89.047806	 88.920308	 88.798319	 88.681726	 88.570406	 88.464232	 88.363073	 88.266794	 88.175255	 88.088314	 88.005828	 87.927649	 87.853632	 87.783627	 87.717488	 87.655066	 87.596214	 87.540786	 87.488639	 87.439628	 87.393615	 87.350461	  87.31003	 87.272191	 87.236815	 87.203777	 87.172953	 87.144226	 87.117482	 87.092609	 87.069501	 87.048055	 87.028173	  87.00976	 86.992725	 86.976981	 86.962447	 86.949043	 86.936694	 86.925329	 86.914881	 86.905286	 86.896483	 86.888416	  86.88103	 86.874276	 86.868105	 86.862474	  86.85734	 86.852664	 86.848411	 86.844545	 86.841036	 86.837853	  86.83497	 86.832361	 86.830002	 86.827872	  86.82595	 86.824218	 86.822659	 86.821256	 86.819997	 86.818866	 86.817853	 86.816945	 86.816133	 86.815407	 86.814759	 86.814181	 86.813667	 86.813209	 86.812801	  86.81244	 86.812119	 86.811835	 86.811583	  86.81136	 86.811163	  86.81099	 86.810837	 86.810702	 86.810583	 86.810479	 86.810388	 86.810308	 86.810237	 86.810176	 86.810122	 86.810075	 86.810034	 86.809998	 86.809967	  86.80994	 86.809917	 86.809896	 86.809879	 86.809863	  86.80985	 86.809839	 86.809829	  86.80982	 86.809813	 86.809807	 86.809801	 86.809796	 86.809792	 86.809789	 86.809786	 86.809784	 86.809781	  86.80978	 86.809778	 86.809777	 86.809776	 86.809775	 86.809774	 86.809773	 86.809772	 86.809772	 86.809772	 86.809771	 86.809771	 86.809771	  86.80977	  86.80977	  86.80977	  86.80977	  86.80977	  86.80977	  86.80977	  86.80977	  86.80977	  86.80977	 86.809769	 86.809769	 86.809769	 86.809769	 86.809769	 86.809769	 86.809769	 86.809769	 86.809769	 86.809769	 86.809769	 86.809769	 86.809769	 86.809769	 86.809769	 86.809769	 86.809769	 86.809769	 86.809769	 86.809769	 86.809769	 86.809769	 86.809769	 86.809769	 86.809769	
        99	 98.632838	 98.266061	 97.900056	 97.535205	 97.171885	 96.810472	 96.451334	  96.09483	 95.741315	 95.391132	 95.044614	 94.702084	 94.363851	 94.030212	 93.701453	 93.377841	 93.059631	 92.747062	 92.440357	 92.139723	 91.845348	 91.557406	 91.276052	 91.001425	 90.733645	 90.472817	 90.219027	 89.972344	 89.732822	 89.500498	 89.275391	 89.057507	 88.846837	 88.643354	 88.447022	 88.257786	 88.075583	 87.900336	 87.731956	 87.570345	 87.415392	  87.26698	 87.124983	 86.989265	 86.859686	 86.736097	 86.618346	 86.506274	  86.39972	 86.298519	 86.202503	 86.111501	 86.025343	 85.943856	 85.866868	 85.794207	 85.725702	 85.661183	 85.600482	 85.543433	 85.489872	 85.439639	 85.392577	 85.348532	 85.307353	 85.268895	 85.233016	 85.199577	 85.168446	 85.139493	 85.112595	 85.087632	 85.064488	 85.043055	 85.023226	   85.0049	 84.987981	 84.972379	 84.958004	 84.944775	 84.932613	 84.921444	 84.911198	 84.901807	  84.89321	 84.885348	 84.878165	  84.87161	 84.865634	 84.860191	  84.85524	 84.850741	 84.846656	 84.842951	 84.839595	 84.836558	 84.833812	 84.831332	 84.829095	 84.827079	 84.825264	 84.823632	 84.822166	  84.82085	  84.81967	 84.818613	 84.817668	 84.816823	 84.816069	 84.815397	 84.814797	 84.814264	  84.81379	 84.813369	 84.812996	 84.812665	 84.812372	 84.812113	 84.811884	 84.811682	 84.811503	 84.811347	 84.811209	 84.811087	 84.810981	 84.810887	 84.810806	 84.810734	 84.810671	 84.810617	 84.810569	 84.810527	 84.810491	  84.81046	 84.810432	 84.810409	 84.810388	  84.81037	 84.810355	 84.810341	  84.81033	  84.81032	 84.810311	 84.810304	 84.810298	 84.810292	 84.810288	 84.810284	  84.81028	 84.810277	 84.810275	 84.810273	 84.810271	 84.810269	 84.810268	 84.810267	 84.810266	 84.810265	 84.810264	 84.810264	 84.810263	 84.810263	 84.810263	 84.810262	 84.810262	 84.810262	 84.810262	 84.810262	 84.810261	 84.810261	 84.810261	 84.810261	 84.810261	 84.810261	 84.810261	 84.810261	 84.810261	 84.810261	 84.810261	 84.810261	 84.810261	 84.810261	 84.810261	 84.810261	 84.810261	 84.810261	 84.810261	 84.810261	 84.810261	 84.810261	 84.810261	 84.810261	 84.810261	 84.810261	 84.810261	 84.810261	 84.810261	 84.810261	 84.810261	
        99	  98.58148	 98.163399	 97.746198	 97.330311	 96.916172	 96.504205	  96.09483	  95.68846	 95.285496	  94.88633	 94.491342	 94.100898	 93.715354	 93.335047	 92.960301	 92.591423	 92.228702	 91.872412	 91.522806	 91.180119	 90.844567	 90.516348	 90.195639	 89.882598	 89.577362	 89.280049	 88.990759	 88.709571	 88.436545	 88.171723	 87.915129	 87.666769	  87.42663	 87.194684	 86.970889	 86.755184	 86.547495	 86.347734	 86.155802	 85.971584	 85.794957	 85.625786	 85.463926	 85.309224	  85.16152	 85.020643	 84.886421	 84.758674	 84.637215	 84.521858	 84.412411	  84.30868	  84.21047	 84.117585	 84.029829	 83.947004	 83.868917	 83.795373	 83.726181	 83.661152	 83.600099	  83.54284	 83.489195	 83.438988	  83.39205	 83.348212	 83.307314	 83.269198	 83.233712	  83.20071	 83.170049	 83.141594	 83.115214	 83.090782	 83.068179	  83.04729	 83.028005	  83.01022	 82.993835	 82.978756	 82.964893	 82.952161	 82.940481	 82.929777	 82.919977	 82.911015	 82.902828	 82.895356	 82.888544	  82.88234	 82.876697	 82.871568	 82.866911	 82.862689	 82.858863	 82.855401	 82.852271	 82.849445	 82.846895	 82.844596	 82.842528	 82.840667	 82.838995	 82.837495	 82.836151	 82.834946	 82.833869	 82.832906	 82.832046	  82.83128	 82.830597	 82.829989	 82.829449	 82.828969	 82.828543	 82.828166	 82.827832	 82.827536	 82.827275	 82.827045	 82.826842	 82.826663	 82.826506	 82.826368	 82.826246	  82.82614	 82.826046	 82.825965	 82.825893	 82.825831	 82.825777	 82.825729	 82.825688	 82.825652	 82.825621	 82.825594	 82.825571	  82.82555	 82.825533	 82.825517	 82.825504	 82.825493	 82.825483	 82.825475	 82.825468	 82.825461	 82.825456	 82.825452	 82.825448	 82.825444	 82.825442	 82.825439	 82.825437	 82.825435	 82.825434	 82.825432	 82.825431	  82.82543	  82.82543	 82.825429	 82.825428	 82.825428	 82.825428	 82.825427	 82.825427	 82.825427	 82.825427	 82.825426	 82.825426	 82.825426	 82.825426	 82.825426	 82.825426	 82.825426	 82.825426	 82.825426	 82.825426	 82.825426	 82.825426	 82.825426	 82.825426	 82.825426	 82.825426	 82.825426	 82.825426	 82.825426	 82.825426	 82.825426	 82.825426	 82.825426	 82.825426	 82.825426	 82.825426	 82.825426	 82.825426	 82.825426	 82.825426	 82.825426	 82.825426	
        99	 98.530552	 98.061598	 97.593629	 97.127136	 96.662601	 96.200504	 95.741315	 95.285496	 94.833497	 94.385759	 93.942706	 93.504752	 93.072293	 92.645708	 92.225361	 91.811596	 91.404738	 91.005093	 90.612945	 90.228558	 89.852175	 89.484017	 89.124283	 88.773149	  88.43077	 88.097279	 87.772787	 87.457382	 87.151134	 86.854087	 86.566269	 86.287687	 86.018327	 85.758158	  85.50713	 85.265176	 85.032215	 84.808147	 84.592859	 84.386225	 84.188105	 83.998348	 83.816793	 83.643266	 83.477588	 83.319569	 83.169014	 83.025722	 82.889484	  82.76009	 82.637325	 82.520971	 82.410811	 82.306623	 82.208188	 82.115285	 82.027695	 81.945202	 81.867591	 81.794648	 81.726167	  81.66194	 81.601767	 81.545451	 81.492801	  81.44363	 81.397755	 81.355001	 81.315197	 81.278178	 81.243787	 81.211869	 81.182278	 81.154874	 81.129521	  81.10609	 81.084458	 81.064509	  81.04613	 81.029216	 81.013666	 80.999385	 80.986284	 80.974277	 80.963285	 80.953232	 80.944049	 80.935667	 80.928027	 80.921068	 80.914738	 80.908985	 80.903762	 80.899025	 80.894734	 80.890851	  80.88734	  80.88417	 80.881309	 80.878732	 80.876411	 80.874324	 80.872449	 80.870766	 80.869258	 80.867907	 80.866699	 80.865619	 80.864654	 80.863794	 80.863028	 80.862347	  80.86174	 80.861202	 80.860725	 80.860301	 80.859927	 80.859595	 80.859303	 80.859044	 80.858817	 80.858616	  80.85844	 80.858284	 80.858148	 80.858029	 80.857924	 80.857833	 80.857753	 80.857683	 80.857622	 80.857569	 80.857522	 80.857482	 80.857447	 80.857417	  80.85739	 80.857368	 80.857348	 80.857331	 80.857316	 80.857304	 80.857293	 80.857283	 80.857275	 80.857268	 80.857262	 80.857257	 80.857253	 80.857249	 80.857246	 80.857243	 80.857241	 80.857239	 80.857237	 80.857236	 80.857234	 80.857233	 80.857232	 80.857232	 80.857231	 80.857231	  80.85723	  80.85723	 80.857229	 80.857229	 80.857229	 80.857229	 80.857229	 80.857228	 80.857228	 80.857228	 80.857228	 80.857228	 80.857228	 80.857228	 80.857228	 80.857228	 80.857228	 80.857228	 80.857228	 80.857228	 80.857228	 80.857228	 80.857228	 80.857228	 80.857228	 80.857228	 80.857228	 80.857228	 80.857228	 80.857228	 80.857228	 80.857228	 80.857228	 80.857228	 80.857228	 80.857228	 80.857228	
        99	 98.480104	 97.960756	 97.442499	 96.925875	 96.411421	 95.899666	 95.391132	  94.88633	 94.385759	 93.889905	 93.399242	 92.914224	 92.435292	 91.962866	 91.497348	 91.039119	  90.58854	 90.145948	 89.711659	 89.285966	 88.869136	 88.461415	 88.063023	 87.674156	 87.294985	 86.925656	 86.566294	 86.216996	 85.877837	 85.548869	 85.230122	 84.921603	 84.623297	  84.33517	 84.057166	 83.789212	 83.531216	 83.283069	 83.044647	 82.815807	 82.596397	 82.386249	 82.185183	 81.993009	 81.809527	 81.634528	 81.467794	 81.309103	 81.158225	 81.014926	 80.878968	 80.750112	 80.628113	 80.512729	 80.403716	 80.300829	 80.203827	  80.11247	 80.026518	 79.945737	 79.869896	 79.798768	 79.732129	 79.669761	 79.611453	 79.556997	 79.506193	 79.458844	 79.414763	 79.373767	 79.335679	 79.300332	 79.267561	 79.237212	 79.209134	 79.183186	 79.159229	 79.137136	 79.116782	  79.09805	 79.080829	 79.065014	 79.050505	 79.037208	 79.025035	 79.013902	 79.003731	  78.99445	 78.985988	 78.978281	 78.971271	 78.964899	 78.959115	  78.95387	 78.949117	 78.944817	 78.940929	 78.937418	  78.93425	 78.931395	 78.928825	 78.926514	 78.924438	 78.922574	 78.920904	 78.919408	 78.918069	 78.916873	 78.915805	 78.914853	 78.914005	  78.91325	 78.912578	 78.911982	 78.911453	 78.910985	  78.91057	 78.910203	 78.909879	 78.909592	  78.90934	 78.909118	 78.908923	 78.908751	   78.9086	 78.908468	 78.908352	 78.908251	 78.908162	 78.908085	 78.908017	 78.907958	 78.907907	 78.907862	 78.907824	  78.90779	 78.907761	 78.907736	 78.907714	 78.907695	 78.907679	 78.907665	 78.907652	 78.907642	 78.907633	 78.907625	 78.907619	 78.907613	 78.907608	 78.907604	 78.907601	 78.907598	 78.907595	 78.907593	 78.907591	 78.907589	 78.907588	 78.907587	 78.907586	 78.907585	 78.907584	 78.907584	 78.907583	 78.907583	 78.907583	 78.907582	 78.907582	 78.907582	 78.907582	 78.907581	 78.907581	 78.907581	 78.907581	 78.907581	 78.907581	 78.907581	 78.907581	 78.907581	 78.907581	 78.907581	 78.907581	 78.907581	 78.907581	 78.907581	 78.907581	 78.907581	 78.907581	 78.907581	 78.907581	 78.907581	 78.907581	 78.907581	 78.907581	 78.907581	 78.907581	 78.907581	 78.907581	 78.907581	 78.907581	
        99	 98.430185	 97.860969	  97.29295	 96.726721	 96.162869	 95.601977	 95.044614	 94.491342	 93.942706	 93.399242	 92.861466	 92.329878	 91.804959	 91.287172	 90.776955	 90.274728	 89.780884	 89.295796	 88.819807	 88.353239	 87.896386	 87.449517	 87.012872	 86.586666	 86.171087	 85.766297	 85.372429	 84.989591	 84.617867	 84.257313	  83.90796	 83.569818	 83.242869	 82.927076	 82.622379	 82.328696	 82.045928	 81.773955	 81.512639	 81.261827	 81.021349	 80.791023	 80.570651	 80.360025	 80.158926	 79.967123	  79.78438	 79.610451	 79.445086	 79.288028	 79.139016	 78.997787	 78.864074	 78.737611	 78.618131	 78.505365	  78.39905	  78.29892	 78.204715	 78.116178	 78.033055	 77.955097	 77.882059	 77.813704	 77.749797	 77.690112	  77.63443	 77.582535	 77.534221	 77.489288	 77.447544	 77.408802	 77.372885	 77.339622	 77.308848	 77.280408	 77.254152	 77.229937	 77.207629	 77.187098	 77.168224	  77.15089	 77.134988	 77.120414	 77.107072	  77.09487	 77.083723	  77.07355	 77.064276	  77.05583	 77.048146	 77.041163	 77.034823	 77.029074	 77.023865	 77.019152	  77.01489	 77.011042	  77.00757	 77.004441	 77.001625	 76.999092	 76.996816	 76.994773	 76.992943	 76.991303	 76.989836	 76.988525	 76.987355	 76.986311	 76.985381	 76.984553	 76.983818	 76.983164	 76.982585	 76.982071	 76.981616	 76.981214	 76.980859	 76.980545	 76.980269	 76.980025	 76.979811	 76.979623	 76.979458	 76.979313	 76.979186	 76.979075	 76.978977	 76.978893	 76.978819	 76.978754	 76.978698	 76.978649	 76.978607	  76.97857	 76.978538	  76.97851	 76.978486	 76.978466	 76.978448	 76.978432	 76.978419	 76.978408	 76.978398	 76.978389	 76.978382	 76.978376	 76.978371	 76.978366	 76.978362	 76.978359	 76.978356	 76.978354	 76.978352	  76.97835	 76.978348	 76.978347	 76.978346	 76.978345	 76.978344	 76.978344	 76.978343	 76.978343	 76.978342	 76.978342	 76.978342	 76.978342	 76.978341	 76.978341	 76.978341	 76.978341	 76.978341	 76.978341	 76.978341	 76.978341	 76.978341	 76.978341	 76.978341	  76.97834	  76.97834	  76.97834	  76.97834	  76.97834	  76.97834	  76.97834	  76.97834	  76.97834	  76.97834	  76.97834	  76.97834	  76.97834	  76.97834	  76.97834	  76.97834	  76.97834	  76.97834	  76.97834	  76.97834	
        99	  98.38084	 97.762331	 97.145122	 96.529858	 95.917178	 95.307713	 94.702084	 94.100898	 93.504752	 92.914224	 92.329878	 91.752255	 91.181879	 90.619252	 90.064852	 89.519132	 88.982523	 88.455426	 87.938217	 87.431245	  86.93483	 86.449262	 85.974804	  85.51169	 85.060123	 84.620278	 84.192302	 83.776311	 83.372396	 82.980618	 82.601013	 82.233587	 81.878325	 81.535185	 81.204102	 80.884987	 80.577731	 80.282206	  79.99826	 79.725728	 79.464426	 79.214154	 78.974698	 78.745832	 78.527318	 78.318905	 78.120337	 77.931347	 77.751661	 77.581002	 77.419086	 77.265627	 77.120335	 76.982921	 76.853093	 76.730562	  76.61504	 76.506239	 76.403877	 76.307672	 76.217351	 76.132642	 76.053279	 75.979004	 75.909563	  75.84471	 75.784206	 75.727817	 75.675319	 75.626495	 75.581136	  75.53904	 75.500012	 75.463868	  75.43043	 75.399527	 75.370996	 75.344685	 75.320445	 75.298137	 75.277628	 75.258793	 75.241513	 75.225678	  75.21118	 75.197922	 75.185809	 75.174755	 75.164678	   75.1555	 75.147151	 75.139563	 75.132675	 75.126428	 75.120768	 75.115646	 75.111016	 75.106834	 75.103062	 75.099662	 75.096601	 75.093849	 75.091376	 75.089157	 75.087167	 75.085386	 75.083792	 75.082367	 75.081096	 75.079961	 75.078951	 75.078052	 75.077252	 75.076543	 75.075913	 75.075355	  75.07486	 75.074423	 75.074037	 75.073697	 75.073396	 75.073132	 75.072899	 75.072694	 75.072515	 75.072357	 75.072219	 75.072099	 75.071993	 75.071901	  75.07182	  75.07175	 75.071689	 75.071636	  75.07159	  75.07155	 75.071515	 75.071485	 75.071459	 75.071437	 75.071417	 75.071401	 75.071386	 75.071374	 75.071363	 75.071354	 75.071346	 75.071339	 75.071334	 75.071329	 75.071324	 75.071321	 75.071318	 75.071315	 75.071313	 75.071311	 75.071309	 75.071308	 75.071307	 75.071306	 75.071305	 75.071304	 75.071304	 75.071303	 75.071303	 75.071303	 75.071302	 75.071302	 75.071302	 75.071302	 75.071301	 75.071301	 75.071301	 75.071301	 75.071301	 75.071301	 75.071301	 75.071301	 75.071301	 75.071301	 75.071301	 75.071301	 75.071301	 75.071301	 75.071301	 75.071301	 75.071301	 75.071301	 75.071301	 75.071301	 75.071301	 75.071301	 75.071301	 75.071301	 75.071301	 75.071301	 75.071301	 75.071301	 75.071301	
        99	 98.332114	  97.66493	 96.999148	 96.335465	 95.674569	 95.017141	 94.363851	 93.715354	 93.072293	 92.435292	 91.804959	 91.181879	 90.566617	 89.959712	 89.361683	 88.773017	 88.194178	   87.6256	 87.067689	  86.52082	 85.985338	 85.461557	 84.949761	 84.450201	 83.963097	 83.488638	 83.026981	 82.578253	 82.142552	 81.719942	 81.310463	 80.914122	 80.530902	 80.160758	 79.803619	 79.459391	 79.127956	 78.809173	 78.502882	 78.208903	 77.927037	 77.657069	 77.398769	 77.151892	 76.916181	 76.691368	 76.477173	  76.27331	 76.079484	 75.895394	 75.720736	   75.5552	 75.398474	 75.250246	 75.110201	 74.978028	 74.853414	 74.736051	 74.625633	 74.521858	 74.424428	 74.333053	 74.247445	 74.167325	 74.092419	 74.022463	 73.957196	  73.89637	 73.839741	 73.787075	 73.738146	 73.692737	 73.650638	  73.61165	  73.57558	 73.542244	 73.511469	 73.483087	 73.456939	 73.432875	 73.410753	 73.390435	 73.371796	 73.354714	 73.339076	 73.324774	 73.311708	 73.299785	 73.288914	 73.279014	 73.270008	 73.261823	 73.254392	 73.247654	 73.241549	 73.236024	 73.231029	 73.226519	 73.222449	 73.218782	  73.21548	 73.212511	 73.209844	  73.20745	 73.205304	 73.203382	 73.201663	 73.200126	 73.198754	 73.197531	 73.196441	 73.195471	 73.194609	 73.193843	 73.193164	 73.192562	 73.192029	 73.191557	 73.191141	 73.190773	 73.190449	 73.190164	 73.189913	 73.189692	 73.189498	 73.189328	  73.18918	 73.189049	 73.188935	 73.188836	 73.188749	 73.188674	 73.188608	  73.18855	 73.188501	 73.188458	  73.18842	 73.188388	  73.18836	 73.188335	 73.188314	 73.188296	 73.188281	 73.188267	 73.188256	 73.188246	 73.188238	  73.18823	 73.188224	 73.188219	 73.188214	  73.18821	 73.188207	 73.188204	 73.188202	   73.1882	 73.188198	 73.188197	 73.188195	 73.188194	 73.188193	 73.188193	 73.188192	 73.188191	 73.188191	 73.188191	  73.18819	  73.18819	  73.18819	  73.18819	 73.188189	 73.188189	 73.188189	 73.188189	 73.188189	 73.188189	 73.188189	 73.188189	 73.188189	 73.188189	 73.188189	 73.188189	 73.188189	 73.188189	 73.188189	 73.188189	 73.188189	 73.188189	 73.188189	 73.188189	 73.188189	 73.188189	 73.188189	 73.188189	 73.188189	 73.188189	 73.188189	 73.188189	 73.188189	
        99	  98.28405	 97.568852	 96.855158	 96.143713	 95.435256	 94.730517	 94.030212	 93.335047	 92.645708	 91.962866	 91.287172	 90.619252	 89.959712	 89.309133	 88.668066	 88.037037	 87.416542	 86.807047	 86.208986	 85.622762	 85.048744	  84.48727	 83.938643	 83.403132	 82.880974	 82.372371	 81.877491	 81.396471	 80.929415	 80.476392	 80.037445	 79.612582	 79.201784	 78.805002	 78.422162	 78.053162	 77.697875	 77.356152	 77.027819	 76.712684	 76.410534	 76.121138	  75.84425	 75.579606	 75.326933	  75.08594	 74.856331	 74.637797	 74.430023	 74.232685	 74.045458	 73.868009	 73.700005	 73.541109	 73.390987	 73.249302	  73.11572	 72.989911	 72.871547	 72.760304	 72.655863	 72.557912	 72.466143	 72.380257	 72.299961	  72.22497	 72.155007	 72.089804	 72.029099	 71.972643	 71.920193	 71.871516	 71.826388	 71.784594	 71.745928	 71.710194	 71.677204	  71.64678	  71.61875	 71.592955	  71.56924	  71.54746	  71.52748	 71.509169	 71.492405	 71.477074	 71.463068	 71.450286	 71.438633	 71.428021	 71.418367	 71.409593	 71.401627	 71.394404	  71.38786	 71.381937	 71.376583	 71.371748	 71.367386	 71.363454	 71.359915	 71.356732	 71.353873	 71.351307	 71.349006	 71.346946	 71.345103	 71.343456	 71.341985	 71.340674	 71.339506	 71.338466	 71.337542	 71.336721	 71.335992	 71.335347	 71.334776	  71.33427	 71.333824	  71.33343	 71.333083	 71.332777	 71.332508	 71.332271	 71.332063	 71.331881	 71.331722	 71.331582	  71.33146	 71.331353	  71.33126	 71.331179	 71.331109	 71.331047	 71.330994	 71.330948	 71.330908	 71.330873	 71.330843	 71.330817	 71.330794	 71.330775	 71.330758	 71.330744	 71.330732	 71.330721	 71.330712	 71.330704	 71.330697	 71.330692	 71.330687	 71.330683	 71.330679	 71.330676	 71.330674	 71.330671	  71.33067	 71.330668	 71.330667	 71.330666	 71.330665	 71.330664	 71.330663	 71.330663	 71.330662	 71.330662	 71.330661	 71.330661	 71.330661	 71.330661	  71.33066	  71.33066	  71.33066	  71.33066	  71.33066	  71.33066	  71.33066	  71.33066	  71.33066	  71.33066	  71.33066	  71.33066	  71.33066	  71.33066	  71.33066	  71.33066	  71.33066	  71.33066	  71.33066	  71.33066	  71.33066	  71.33066	  71.33066	  71.33066	  71.33066	  71.33066	  71.33066	  71.33066	  71.33066	
        99	 98.236688	 97.474179	 96.713273	 95.954765	 95.199443	 94.448083	 93.701453	 92.960301	 92.225361	 91.497348	 90.776955	 90.064852	 89.361683	 88.668066	 87.984591	 87.311819	 86.650277	 86.000463	 85.362839	 84.737836	 84.125846	 83.527229	  82.94231	 82.371374	 81.814674	 81.272426	 80.744809	 80.231969	 79.734016	 79.251026	 78.783041	 78.330073	   77.8921	 77.469071	 77.060906	 76.667496	 76.288706	 75.924377	 75.574324	 75.238343	 74.916205	 74.607665	 74.312461	 74.030311	 73.760922	 73.503988	  73.25919	   73.0262	 72.804681	 72.594289	 72.394677	 72.205489	 72.026371	 71.856965	 71.696912	 71.545854	 71.403436	 71.269305	 71.143111	 71.024509	 70.913159	 70.808728	 70.710889	 70.619322	 70.533714	 70.453762	 70.379171	 70.309654	 70.244934	 70.184744	 70.128824	 70.076927	 70.028813	 69.984255	 69.943031	 69.904933	 69.869761	 69.837324	  69.80744	 69.779938	 69.754655	 69.731435	 69.710132	  69.69061	 69.672737	 69.656392	  69.64146	 69.627832	 69.615409	 69.604094	 69.593801	 69.584447	 69.575955	 69.568253	 69.561276	 69.554962	 69.549254	 69.544099	 69.539448	 69.535257	 69.531483	  69.52809	 69.525042	 69.522306	 69.519853	 69.517657	 69.515691	 69.513935	 69.512368	 69.510969	 69.509724	 69.508615	  69.50763	 69.506755	 69.505978	  69.50529	 69.504681	 69.504142	 69.503666	 69.503246	 69.502876	  69.50255	 69.502263	 69.502011	 69.501789	 69.501595	 69.501425	 69.501276	 69.501146	 69.501032	 69.500933	 69.500847	 69.500771	 69.500706	 69.500649	   69.5006	 69.500557	  69.50052	 69.500488	  69.50046	 69.500436	 69.500416	 69.500398	 69.500382	 69.500369	 69.500358	 69.500348	  69.50034	 69.500333	 69.500327	 69.500322	 69.500317	 69.500313	  69.50031	 69.500307	 69.500305	 69.500303	 69.500301	   69.5003	 69.500299	 69.500298	 69.500297	 69.500296	 69.500296	 69.500295	 69.500295	 69.500294	 69.500294	 69.500294	 69.500294	 69.500293	 69.500293	 69.500293	 69.500293	 69.500293	 69.500293	 69.500293	 69.500293	 69.500293	 69.500293	 69.500293	 69.500293	 69.500293	 69.500293	 69.500293	 69.500293	 69.500293	 69.500292	 69.500292	 69.500292	 69.500292	 69.500292	 69.500292	 69.500292	 69.500292	 69.500292	 69.500292	 69.500292	 69.500292	
        99	 98.190069	 97.380989	  96.57361	 95.768776	 94.967321	 94.170072	 93.377841	 92.591423	 91.811596	 91.039119	 90.274728	 89.519132	 88.773017	 88.037037	 87.311819	 86.597957	 85.896011	 85.206509	 84.529942	 83.866766	 83.217399	 82.582221	 81.961577	 81.355772	 80.765071	 80.189705	 79.629864	 79.085702	 78.557336	 78.044847	  77.54828	 77.067646	 76.602924	 76.154059	 75.720964	 75.303527	 74.901602	 74.515022	  74.14359	 73.787088	 73.445275	 73.117892	 72.804657	 72.505275	 72.219434	 71.946807	 71.687058	 71.439838	  71.20479	 70.981549	 70.769745	 70.569003	 70.378945	 70.199192	 70.029363	  69.86908	 69.717964	 69.575641	 69.441739	 69.315894	 69.197743	 69.086934	  68.98312	  68.88596	 68.795124	 68.710289	 68.631142	  68.55738	 68.488707	  68.42484	 68.365505	 68.310439	 68.259387	 68.212107	 68.168365	 68.127941	  68.09062	 68.056202	 68.024493	 67.995312	 67.968484	 67.943846	 67.921243	 67.900528	 67.881564	  67.86422	 67.848376	 67.833916	 67.820734	 67.808728	 67.797807	 67.787881	  67.77887	 67.770698	 67.763295	 67.756595	 67.750538	 67.745068	 67.740134	 67.735686	 67.731683	 67.728082	 67.724847	 67.721945	 67.719342	 67.717011	 67.714926	 67.713063	   67.7114	 67.709916	 67.708594	 67.707418	 67.706372	 67.705444	  67.70462	  67.70389	 67.703243	 67.702672	 67.702167	 67.701721	 67.701328	 67.700982	 67.700677	  67.70041	 67.700175	 67.699969	 67.699788	 67.699631	 67.699492	 67.699372	 67.699267	 67.699175	 67.699095	 67.699026	 67.698965	 67.698913	 67.698868	 67.698828	 67.698794	 67.698765	 67.698739	 67.698718	 67.698699	 67.698682	 67.698668	 67.698656	 67.698646	 67.698637	  67.69863	 67.698623	 67.698618	 67.698613	 67.698609	 67.698606	 67.698603	   67.6986	 67.698598	 67.698596	 67.698595	 67.698594	 67.698593	 67.698592	 67.698591	  67.69859	  67.69859	 67.698589	 67.698589	 67.698589	 67.698588	 67.698588	 67.698588	 67.698588	 67.698588	 67.698587	 67.698587	 67.698587	 67.698587	 67.698587	 67.698587	 67.698587	 67.698587	 67.698587	 67.698587	 67.698587	 67.698587	 67.698587	 67.698587	 67.698587	 67.698587	 67.698587	 67.698587	 67.698587	 67.698587	 67.698587	 67.698587	 67.698587	 67.698587	 67.698587	 67.698587	
        99	 98.144227	 97.289354	 96.436278	 95.585891	 94.739075	 93.896702	 93.059631	 92.228702	 91.404738	  90.58854	 89.780884	 88.982523	 88.194178	 87.416542	 86.650277	 85.896011	 85.154336	 84.425809	 83.710949	 83.010237	 82.324116	 81.652989	 80.997217	 80.357123	 79.732989	 79.125058	  78.53353	 77.958569	 77.400299	 76.858803	 76.334131	 75.826294	 75.335269	 74.860998	 74.403391	 73.962327	 73.537654	 73.129194	 72.736739	 72.360059	 71.998901	 71.652988	 71.322024	 71.005698	 70.703678	 70.415622	 70.141171	 69.879958	 69.631607	  69.39573	 69.171939	 68.959835	  68.75902	 68.569094	 68.389653	 68.220298	 68.060629	  67.91025	  67.76877	 67.635802	 67.510965	 67.393884	 67.284194	 67.181535	 67.085558	 66.995921	 66.912295	 66.834357	 66.761798	 66.694317	 66.631623	  66.57344	 66.519499	 66.469543	 66.423326	 66.380613	  66.34118	 66.304814	 66.271311	 66.240478	 66.212131	 66.186099	 66.162216	 66.140329	 66.120292	 66.101967	 66.085226	 66.069947	 66.056019	 66.043334	 66.031794	 66.021307	 66.011786	 66.003152	  65.99533	  65.98825	 65.981851	 65.976071	 65.970857	 65.966158	 65.961928	 65.958124	 65.954706	 65.951639	 65.948889	 65.946426	 65.944223	 65.942254	 65.940497	 65.938929	 65.937533	  65.93629	 65.935185	 65.934204	 65.933333	 65.932562	 65.931879	 65.931275	 65.930741	  65.93027	 65.929855	  65.92949	 65.929168	 65.928885	 65.928637	 65.928419	 65.928229	 65.928062	 65.927916	 65.927788	 65.927677	  65.92758	 65.927496	 65.927423	 65.927359	 65.927303	 65.927256	 65.927214	 65.927178	 65.927147	  65.92712	 65.927097	 65.927077	  65.92706	 65.927045	 65.927033	 65.927022	 65.927012	 65.927004	 65.926998	 65.926992	 65.926987	 65.926983	 65.926979	 65.926976	 65.926973	 65.926971	 65.926969	 65.926968	 65.926966	 65.926965	 65.926964	 65.926963	 65.926963	 65.926962	 65.926962	 65.926961	 65.926961	  65.92696	  65.92696	  65.92696	  65.92696	  65.92696	  65.92696	  65.92696	 65.926959	 65.926959	 65.926959	 65.926959	 65.926959	 65.926959	 65.926959	 65.926959	 65.926959	 65.926959	 65.926959	 65.926959	 65.926959	 65.926959	 65.926959	 65.926959	 65.926959	 65.926959	 65.926959	 65.926959	 65.926959	 65.926959	 65.926959	 65.926959	
