Time step 52:
        99	        99	        99	        99	        99	        99	        99	        99	        99	        99	        99	        99	        99	        99	        99	        99	        99	        99	        99	        99	        99	        99	        99	        99	        99	        99	        99	        99	        99	        99	        99	        99	        99	        99	        99	        99	        99	        99	        99	        99	        99	        99	        99	        99	        99	        99	        99	        99	        99	        99	        99	        99	        99	        99	        99	        99	        99	        99	        99	        99	        99	        99	        99	        99	        99	        99	        99	        99	        99	        99	        99	        99	        99	        99	        99	        99	        99	        99	        99	        99	        99	        99	        99	        99	        99	        99	        99	        99	        99	        99	        99	        99	        99	        99	        99	        99	        99	        99	        99	        99	        99	        99	        99	        99	        99	        99	        99	        99	        99	        99	        99	        99	        99	        99	        99	        99	        99	        99	        99	        99	        99	        99	        99	        99	        99	        99	        99	        99	        99	        99	        99	        99	        99	        99	        99	        99	        99	        99	        99	        99	        99	        99	        99	        99	        99	        99	        99	        99	        99	        99	        99	        99	        99	        99	        99	        99	        99	        99	        99	        99	        99	        99	        99	        99	        99	        99	        99	        99	        99	        99	        99	        99	        99	        99	        99	        99	        99	        99	        99	        99	        99	        99	        99	        99	        99	        99	        99	        99	        99	        99	        99	        99	        99	        99	        99	        99	        99	        99	        99	        99	
        99	  98.98779	 98.975582	 98.963381	 98.951189	 98.939008	 98.926842	 98.914694	 98.902566	 98.890462	 98.878385	 98.866337	  98.85432	 98.842339	 98.830396	 98.818493	 98.806633	  98.79482	 98.783055	 98.771341	 98.759681	 98.748078	 98.736534	 98.725051	 98.713632	  98.70228	 98.690996	 98.679783	 98.668644	  98.65758	 98.646594	 98.635687	 98.624862	 98.614121	 98.603466	 98.592898	  98.58242	 98.572032	 98.561738	 98.551539	 98.541435	 98.531429	 98.521522	 98.511716	 98.502012	  98.49241	 98.482913	 98.473522	 98.464237	  98.45506	 98.445991	 98.437031	 98.428182	 98.419444	 98.410818	 98.402304	 98.393903	 98.385615	 98.377442	 98.369382	 98.361437	 98.353608	 98.345893	 98.338293	 98.330809	 98.323441	 98.316187	 98.309049	 98.302026	 98.295119	 98.288326	 98.281647	 98.275082	 98.268632	 98.262294	  98.25607	 98.249958	 98.243957	 98.238068	 98.232289	  98.22662	  98.22106	 98.215609	 98.210264	 98.205027	 98.199895	 98.194868	 98.189945	 98.185125	 98.180406	 98.175789	 98.171271	 98.166852	 98.162531	 98.158306	 98.154177	 98.150142	 98.146199	 98.142349	 98.138589	 98.134918	 98.131336	  98.12784	  98.12443	 98.121104	 98.117861	   98.1147	 98.111619	 98.108617	 98.105692	 98.102845	 98.100072	 98.097373	 98.094746	 98.092191	 98.089706	 98.087289	 98.084939	 98.082655	 98.080435	 98.078279	 98.076185	 98.074152	 98.072178	 98.070262	 98.068403	   98.0666	 98.064852	 98.063156	 98.061513	  98.05992	 98.058378	 98.056883	 98.055436	 98.054035	 98.052679	 98.051368	 98.050099	 98.048871	 98.047685	 98.046538	  98.04543	  98.04436	 98.043326	 98.042328	 98.041364	 98.040435	 98.039538	 98.038673	  98.03784	 98.037036	 98.036262	 98.035516	 98.034799	 98.034108	 98.033443	 98.032803	 98.032189	 98.031598	  98.03103	 98.030485	 98.029962	  98.02946	 98.028979	 98.028518	 98.028076	 98.027653	 98.027248	 98.026861	 98.026492	 98.026139	 98.025802	 98.025481	 98.025176	 98.024885	 98.024609	 98.024347	 98.024099	 98.023864	 98.023642	 98.023433	 98.023236	 98.023051	 98.022878	 98.022717	 98.022567	 98.022428	   98.0223	 98.022182	 98.022075	 98.021978	 98.021891	 98.021814	 98.021747	  98.02169	 98.021643	 98.021605	 98.021577	 98.021558	 98.021548	
        99	 98.975582	 98.951171	 98.926771	 98.902389	 98.878031	 98.853702	 98.829409	 98.805157	 98.780952	 98.756799	 98.732706	 98.708676	 98.684717	 98.660833	  98.63703	 98.613314	 98.589689	 98.566162	 98.542738	 98.519421	 98.496217	 98.473132	 98.450169	 98.427334	 98.404632	 98.382067	 98.359644	 98.337368	 98.315243	 98.293273	 98.271462	 98.249815	 98.228336	 98.207028	 98.185895	 98.164941	 98.144169	 98.123583	 98.103186	 98.082981	 98.062972	 98.043161	 98.023551	 98.004144	 97.984944	 97.965952	 97.947172	 97.928604	 97.910252	 97.892116	   97.8742	 97.856504	 97.839029	 97.821779	 97.804753	 97.787953	  97.77138	 97.755034	 97.738918	  97.72303	 97.707372	 97.691945	 97.676748	 97.661781	 97.647045	 97.632541	 97.618266	 97.604222	 97.590408	 97.576824	 97.563468	 97.550341	 97.537441	 97.524768	  97.51232	 97.500098	 97.488098	 97.476321	 97.464765	 97.453428	  97.44231	 97.431408	 97.420721	 97.410247	 97.399984	 97.389931	 97.380086	 97.370447	 97.361012	 97.351778	 97.342744	 97.333907	 97.325266	 97.316817	 97.308559	  97.30049	 97.292606	 97.284906	 97.277387	 97.270047	 97.262883	 97.255892	 97.249072	 97.242421	 97.235936	 97.229614	 97.223453	  97.21745	 97.211602	 97.205907	 97.200362	 97.194965	 97.189713	 97.184603	 97.179632	 97.174799	   97.1701	 97.165532	 97.161094	 97.156782	 97.152595	 97.148529	 97.144581	  97.14075	 97.137033	 97.133427	  97.12993	  97.12654	 97.123254	 97.120069	 97.116984	 97.113995	 97.111101	   97.1083	 97.105589	 97.102965	 97.100428	 97.097974	 97.095601	 97.093308	 97.091092	 97.088951	 97.086884	 97.084888	 97.082962	 97.081103	 97.079309	  97.07758	 97.075913	 97.074306	 97.072758	 97.071267	 97.069831	  97.06845	  97.06712	 97.065842	 97.064612	 97.063431	 97.062296	 97.061206	  97.06016	 97.059156	 97.058194	 97.057271	 97.056388	 97.055542	 97.054733	 97.053959	  97.05322	 97.052514	 97.051841	 97.051199	 97.050588	 97.050007	 97.049455	 97.048931	 97.048435	 97.047965	 97.047521	 97.047103	 97.046709	  97.04634	 97.045994	 97.045671	 97.045371	 97.045093	 97.044837	 97.044601	 97.044387	 97.044193	  97.04402	 97.043866	 97.043732	 97.043618	 97.043523	 97.043447	 97.043391	 97.043353	 97.043334	
        99	 98.963381	 98.926771	 98.890179	 98.853613	 98.817083	 98.780597	 98.744165	 98.707794	 98.671494	 98.635273	  98.59914	 98.563103	 98.527171	 98.491352	 98.455655	 98.420088	 98.384658	 98.349375	 98.314245	 98.279277	 98.244479	 98.209857	  98.17542	 98.141175	 98.107129	 98.073288	 98.039661	 98.006253	 97.973072	 97.940124	 97.907414	  97.87495	 97.842738	 97.810782	 97.779089	 97.747664	 97.716513	  97.68564	 97.655051	  97.62475	 97.594742	 97.565031	 97.535622	 97.506518	 97.477724	 97.449242	 97.421077	 97.393231	 97.365708	  97.33851	 97.311641	 97.285102	 97.258896	 97.233026	 97.207492	 97.182297	 97.157442	 97.132929	 97.108759	 97.084932	 97.061451	 97.038314	 97.015523	 96.993078	 96.970979	 96.949226	 96.927819	 96.906757	  96.88604	 96.865668	 96.845638	 96.825951	 96.806605	   96.7876	 96.768932	 96.750601	 96.732606	 96.714944	 96.697613	 96.680612	 96.663937	 96.647587	  96.63156	 96.615852	 96.600462	 96.585386	 96.570621	 96.556165	 96.542015	 96.528167	 96.514619	 96.501366	 96.488407	 96.475736	 96.463352	  96.45125	 96.439427	  96.42788	 96.416603	 96.405595	 96.394851	 96.384367	  96.37414	 96.364165	 96.354439	 96.344958	 96.335718	 96.326715	 96.317946	 96.309405	 96.301089	 96.292995	 96.285118	 96.277455	 96.270001	 96.262752	 96.255705	 96.248855	 96.242199	 96.235733	 96.229453	 96.223355	 96.217435	 96.211689	 96.206115	 96.200707	 96.195463	 96.190379	  96.18545	 96.180674	 96.176047	 96.171565	 96.167225	 96.163024	 96.158958	 96.155024	 96.151218	 96.147538	  96.14398	 96.140541	 96.137217	 96.134007	 96.130907	 96.127913	 96.125024	 96.122236	 96.119547	 96.116953	 96.114453	 96.112043	 96.109722	 96.107486	 96.105333	 96.103261	 96.101267	 96.099349	 96.097505	 96.095734	 96.094031	 96.092397	 96.090828	 96.089323	  96.08788	 96.086496	 96.085171	 96.083903	 96.082689	 96.081529	  96.08042	 96.079362	 96.078352	  96.07739	 96.076474	 96.075602	 96.074774	 96.073989	 96.073244	  96.07254	 96.071874	 96.071247	 96.070657	 96.070103	 96.069584	   96.0691	  96.06865	 96.068233	 96.067848	 96.067495	 96.067174	 96.066883	 96.066623	 96.066393	 96.066192	 96.066021	 96.065878	 96.065765	  96.06568	 96.065623	 96.065595	
        99	 98.951189	 98.902389	 98.853613	 98.804873	  98.75618	 98.707546	 98.658983	 98.610502	 98.562116	 98.513835	 98.465671	 98.417635	  98.36974	 98.321995	 98.274412	 98.227003	 98.179777	 98.132746	 98.085919	 98.039309	 97.992924	 97.946775	 97.900872	 97.855224	 97.809842	 97.764734	  97.71991	  97.67538	  97.63115	 97.587232	 97.543632	 97.500358	  97.45742	 97.414825	 97.372579	 97.330692	 97.289168	 97.248016	 97.207242	 97.166853	 97.126853	  97.08725	 97.048049	 97.009255	 96.970873	 96.932908	 96.895365	 96.858248	 96.821561	 96.785308	 96.749492	 96.714117	 96.679186	 96.644701	 96.610666	 96.577082	 96.543952	 96.511277	 96.479059	   96.4473	 96.415999	 96.385159	  96.35478	 96.324861	 96.295404	 96.266409	 96.237874	   96.2098	 96.182185	 96.155029	 96.128331	 96.102089	 96.076302	 96.050968	 96.026085	 96.001651	 95.977664	 95.954121	  95.93102	 95.908358	 95.886131	 95.864338	 95.842974	 95.822037	 95.801522	 95.781426	 95.761745	 95.742476	 95.723614	 95.705156	 95.687096	 95.669432	 95.652157	 95.635268	 95.618761	 95.602629	  95.58687	 95.571477	 95.556446	 95.541773	 95.527451	 95.513477	 95.499844	 95.486548	 95.473584	 95.460947	  95.44863	  95.43663	  95.42494	 95.413556	 95.402471	 95.391682	 95.381183	 95.370968	 95.361031	 95.351369	 95.341976	 95.332845	 95.323973	 95.315354	 95.306983	 95.298854	 95.290963	 95.283305	 95.275875	 95.268667	 95.261676	 95.254899	 95.248329	 95.241963	 95.235795	 95.229821	 95.224036	 95.218436	 95.213017	 95.207772	   95.2027	 95.197794	 95.193051	 95.188467	 95.184037	 95.179758	 95.175625	 95.171635	 95.167784	 95.164068	 95.160483	 95.157026	 95.153694	 95.150482	 95.147387	 95.144406	 95.141536	 95.138774	 95.136117	 95.133561	 95.131103	 95.128741	 95.126472	 95.124293	 95.122202	 95.120196	 95.118272	 95.116428	 95.114662	 95.112971	 95.111354	 95.109807	 95.108329	 95.106919	 95.105573	  95.10429	 95.103069	 95.101907	 95.100804	 95.099756	 95.098764	 95.097825	 95.096938	 95.096102	 95.095315	 95.094576	 95.093885	  95.09324	  95.09264	 95.092084	 95.091571	 95.091101	 95.090672	 95.090285	 95.089938	 95.089631	 95.089364	 95.089135	 95.088946	 95.088794	 95.088681	 95.088605	 95.088567	
        99	 98.939008	 98.878031	 98.817083	  98.75618	 98.695336	 98.634566	 98.573884	 98.513305	 98.452844	 98.392515	 98.332332	 98.272309	 98.212461	 98.152802	 98.093346	 98.034105	 97.975094	 97.916326	 97.857815	 97.799573	 97.741613	 97.683947	 97.626589	 97.569551	 97.512844	  97.45648	  97.40047	 97.344827	 97.289561	 97.234682	 97.180202	  97.12613	 97.072477	 97.019252	 96.966465	 96.914124	 96.862239	 96.810817	 96.759869	   96.7094	 96.659419	 96.609933	 96.560949	 96.512474	 96.464514	 96.417076	 96.370164	 96.323784	 96.277942	 96.232642	 96.187889	 96.143686	 96.100038	 96.056948	  96.01442	 95.972455	 95.931057	 95.890229	 95.849971	 95.810286	 95.771174	 95.732638	 95.694678	 95.657293	 95.620486	 95.584254	 95.548599	 95.513519	 95.479013	 95.445081	  95.41172	  95.37893	 95.346707	 95.315051	 95.283959	 95.253428	 95.223455	 95.194037	 95.165171	 95.136854	 95.109081	 95.081849	 95.055154	 95.028991	 95.003357	 94.978246	 94.953655	 94.929577	 94.906008	 94.882944	 94.860378	 94.838305	 94.816719	 94.795616	 94.774989	 94.754832	  94.73514	 94.715906	 94.697125	 94.678789	 94.660894	 94.643432	 94.626398	 94.609784	 94.593585	 94.577793	 94.562403	 94.547408	 94.532801	 94.518576	 94.504726	 94.491244	 94.478125	  94.46536	 94.452945	 94.440871	 94.429133	 94.417725	 94.406639	 94.395869	 94.385408	 94.375252	 94.365392	 94.355822	 94.346537	  94.33753	 94.328796	 94.320327	 94.312118	 94.304163	 94.296456	 94.288992	 94.281763	 94.274766	 94.267993	 94.261441	 94.255102	 94.248972	 94.243046	 94.237317	 94.231782	 94.226435	 94.221271	 94.216286	 94.211473	  94.20683	 94.202351	 94.198031	 94.193867	 94.189853	 94.185986	 94.182262	 94.178676	 94.175224	 94.171903	 94.168709	 94.165639	 94.162687	 94.159852	  94.15713	 94.154517	  94.15201	 94.149606	 94.147302	 94.145095	 94.142982	 94.140961	 94.139028	 94.137182	 94.135419	 94.133738	 94.132135	 94.130609	 94.129157	 94.127778	  94.12647	 94.125229	 94.124056	 94.122948	 94.121903	  94.12092	 94.119997	 94.119133	 94.118327	 94.117577	 94.116882	 94.116242	 94.115654	 94.115119	 94.114635	 94.114201	 94.113818	 94.113484	 94.113198	 94.112961	 94.112772	  94.11263	 94.112536	 94.112489	
        99	 98.926842	 98.853702	 98.780597	 98.707546	 98.634566	 98.561674	 98.488888	 98.416226	 98.343704	 98.271342	 98.199154	 98.127159	 98.055374	 97.983815	 97.912498	 97.841441	  97.77066	  97.70017	 97.629987	 97.560128	 97.490607	 97.421439	  97.35264	 97.284224	 97.216206	 97.148599	 97.081418	 97.014676	 96.948385	 96.882561	 96.817213	 96.752356	 96.688001	 96.624159	 96.560842	 96.498062	 96.435827	 96.374149	 96.313037	 96.252502	 96.192551	 96.133195	  96.07444	 96.016296	  95.95877	 95.901869	   95.8456	 95.789969	 95.734983	 95.680647	 95.626967	 95.573947	 95.521593	 95.469908	 95.418896	 95.368561	 95.318906	 95.269934	 95.221646	 95.174045	 95.127132	 95.080909	 95.035377	 94.990536	 94.946386	 94.902927	  94.86016	 94.818083	 94.776694	 94.735993	 94.695978	 94.656648	 94.617998	 94.580028	 94.542734	 94.506112	 94.470161	 94.434875	 94.400251	 94.366285	 94.332973	 94.300309	 94.268289	 94.236908	 94.206161	 94.176042	 94.146545	 94.117664	 94.089395	 94.061729	 94.034662	 94.008186	 93.982295	 93.956982	 93.932241	 93.908063	 93.884443	 93.861373	 93.838845	 93.816853	 93.795388	 93.774443	 93.754011	 93.734083	 93.714652	 93.695711	 93.677251	 93.659265	 93.641745	 93.624682	 93.608069	 93.591899	 93.576162	 93.560852	  93.54596	 93.531478	 93.517399	 93.503715	 93.490417	 93.477499	 93.464952	 93.452769	 93.440943	 93.429465	 93.418328	 93.407524	 93.397047	 93.386889	 93.377043	 93.367501	 93.358257	 93.349303	 93.340633	  93.33224	 93.324117	 93.316257	 93.308654	 93.301301	 93.294193	 93.287322	 93.280683	 93.274269	 93.268075	 93.262095	 93.256323	 93.250753	 93.245381	 93.240199	 93.235204	  93.23039	 93.225752	 93.221285	 93.216983	 93.212843	  93.20886	 93.205029	 93.201346	 93.197806	 93.194405	  93.19114	 93.188005	 93.184998	 93.182115	 93.179352	 93.176704	  93.17417	 93.171746	 93.169428	 93.167213	 93.165098	 93.163081	 93.161159	 93.159329	 93.157588	 93.155933	 93.154364	 93.152876	 93.151469	  93.15014	 93.148886	 93.147707	   93.1466	 93.145564	 93.144597	 93.143697	 93.142864	 93.142096	 93.141391	 93.140749	 93.140168	 93.139649	 93.139189	 93.138788	 93.138445	 93.138161	 93.137934	 93.137764	  93.13765	 93.137594	
        99	 98.914694	 98.829409	 98.744165	 98.658983	 98.573884	 98.488888	 98.404016	 98.319288	 98.234724	 98.150345	 98.066171	 97.982221	 97.898515	 97.815073	 97.731915	 97.649058	 97.566523	 97.484328	 97.402491	 97.321031	 97.239966	 97.159313	  97.07909	 96.999313	     96.92	 96.841167	  96.76283	 96.685005	 96.607707	 96.530951	 96.454753	 96.379126	 96.304084	 96.229642	 96.155811	 96.082605	 96.010036	 95.938116	 95.866857	 95.796269	 95.726364	 95.657151	  95.58864	 95.520841	 95.453762	 95.387412	 95.321799	 95.256931	 95.192814	 95.129455	 95.066862	 95.005038	  94.94399	 94.883723	  94.82424	 94.765547	 94.707646	 94.650542	 94.594235	  94.53873	 94.484027	 94.430129	 94.377036	 94.324748	 94.273267	 94.222593	 94.172723	 94.123659	 94.075398	 94.027938	 93.981279	 93.935417	  93.89035	 93.846074	 93.802587	 93.759885	 93.717963	 93.676818	 93.636445	 93.596839	 93.557995	 93.519907	  93.48257	 93.445978	 93.410125	 93.375004	 93.340609	 93.306933	 93.273969	  93.24171	 93.210148	 93.179276	 93.149086	  93.11957	  93.09072	 93.062528	 93.034985	 93.008084	 92.981815	 92.956171	 92.931142	 92.906719	 92.882894	 92.859657	    92.837	 92.814913	 92.793388	 92.772415	 92.751986	  92.73209	 92.712718	 92.693862	 92.675513	  92.65766	 92.640295	 92.623409	 92.606992	 92.591035	 92.575529	 92.560466	 92.545836	  92.53163	  92.51784	 92.504455	 92.491469	 92.478872	 92.466655	  92.45481	 92.443329	 92.432203	 92.421424	 92.410983	 92.400873	 92.391086	 92.381614	 92.372449	 92.363584	  92.35501	 92.346721	  92.33871	 92.330968	 92.323489	 92.316267	 92.309294	 92.302563	 92.296069	 92.289804	 92.283762	 92.277937	 92.272324	 92.266915	 92.261706	 92.256691	 92.251864	 92.247219	 92.242752	 92.238457	 92.234329	 92.230364	 92.226556	 92.222901	 92.219395	 92.216033	  92.21281	 92.209724	 92.206769	 92.203941	 92.201238	 92.198656	  92.19619	 92.193838	 92.191597	 92.189462	 92.187432	 92.185503	 92.183673	 92.181939	 92.180298	 92.178748	 92.177286	 92.175911	  92.17462	 92.173412	 92.172284	 92.171235	 92.170264	 92.169368	 92.168546	 92.167797	 92.167121	 92.166514	 92.165978	 92.165511	 92.165111	 92.164779	 92.164515	 92.164316	 92.164185	 92.164119	
        99	 98.902566	 98.805157	 98.707794	 98.610502	 98.513305	 98.416226	 98.319288	 98.222514	 98.125929	 98.029554	 97.933413	 97.837528	 97.741923	 97.646618	 97.551637	 97.457002	 97.362733	 97.268853	 97.175382	 97.082341	 96.989751	 96.897632	 96.806004	 96.714886	 96.624297	 96.534257	 96.444783	 96.355894	 96.267607	 96.179939	 96.092908	  96.00653	  95.92082	 95.835794	 95.751467	 95.667854	 95.584968	 95.502824	 95.421434	 95.340811	 95.260968	 95.181915	 95.103664	 95.026226	 94.949611	 94.873829	 94.798888	 94.724798	 94.651566	   94.5792	 94.507707	 94.437095	 94.367368	 94.298533	 94.230594	 94.163557	 94.097424	 94.032201	  93.96789	 93.904494	 93.842014	 93.780454	 93.719812	 93.660092	 93.601292	 93.543413	 93.486454	 93.430414	 93.375292	 93.321086	 93.267793	 93.215411	 93.163937	 93.113367	 93.063698	 93.014925	 92.967043	 92.920049	 92.873936	 92.828699	 92.784333	  92.74083	 92.698186	 92.656392	 92.615441	 92.575328	 92.536043	 92.497579	 92.459929	 92.423083	 92.387035	 92.351773	 92.317291	 92.283579	 92.250628	 92.218428	  92.18697	 92.156244	 92.126241	 92.096951	 92.068363	 92.040468	 92.013256	 91.986716	 91.960838	 91.935611	 91.911026	 91.887072	 91.863737	 91.841013	 91.818888	 91.797351	 91.776393	 91.756002	 91.736168	 91.716881	  91.69813	 91.679905	 91.662195	 91.644991	 91.628281	 91.612055	 91.596304	 91.581017	 91.566185	 91.551797	 91.537843	 91.524314	 91.511201	 91.498493	 91.486181	 91.474257	  91.46271	 91.451531	 91.440712	 91.430244	 91.420119	 91.410326	 91.400859	 91.391708	 91.382866	 91.374324	 91.366075	  91.35811	 91.350423	 91.343005	 91.335849	 91.328949	 91.322296	 91.315885	 91.309707	 91.303758	 91.298029	 91.292516	 91.287211	 91.282108	 91.277203	 91.272488	 91.267959	  91.26361	 91.259436	 91.255431	 91.251591	  91.24791	 91.244385	  91.24101	 91.237781	 91.234693	 91.231744	 91.228928	 91.226241	 91.223681	 91.221243	 91.218924	 91.216721	 91.214631	  91.21265	 91.210776	 91.209005	 91.207336	 91.205765	 91.204291	 91.202911	 91.201623	 91.200425	 91.199315	 91.198292	 91.197353	 91.196498	 91.195725	 91.195033	  91.19442	 91.193886	  91.19343	 91.193051	 91.192749	 91.192522	 91.192372	 91.192296	
        99	 98.890462	 98.780952	 98.671494	 98.562116	 98.452844	 98.343704	 98.234724	 98.125929	 98.017344	 97.908997	 97.800913	 97.693117	 97.585634	  97.47849	  97.37171	 97.265318	 97.159338	 97.053796	 96.948713	 96.844114	 96.740022	 96.636459	 96.533448	  96.43101	 96.329168	 96.227942	 96.127353	 96.027421	 95.928167	 95.829609	 95.731766	 95.634657	 95.538299	 95.442711	 95.347908	 95.253908	 95.160725	 95.068376	 94.976875	 94.886237	 94.796475	 94.707601	  94.61963	 94.532572	 94.446439	 94.361242	 94.276992	 94.193697	 94.111368	 94.030012	 93.949638	 93.870254	 93.791865	 93.714478	   93.6381	 93.562734	 93.488387	 93.415061	 93.342761	 93.271489	 93.201248	 93.132039	 93.063865	 92.996725	 92.930621	 92.865552	 92.801517	 92.738515	 92.676545	 92.615605	 92.555692	 92.496803	 92.438934	 92.382082	 92.326242	  92.27141	  92.21758	 92.164748	 92.112907	  92.06205	 92.012172	 91.963266	 91.915323	 91.868337	   91.8223	 91.777203	 91.733038	 91.689796	 91.647468	 91.606046	 91.565518	 91.525877	 91.487111	 91.449211	 91.412166	 91.375966	   91.3406	 91.306057	 91.272327	 91.239398	 91.207259	 91.175899	 91.145306	 91.115469	 91.086376	 91.058016	 91.030376	 91.003446	 90.977213	 90.951666	 90.926792	  90.90258	 90.879018	 90.856094	 90.833796	 90.812113	 90.791033	 90.770544	 90.750634	 90.731292	 90.712506	 90.694265	 90.676557	 90.659371	 90.642696	  90.62652	 90.610833	 90.595624	 90.580881	 90.566595	 90.552754	 90.539348	 90.526366	 90.513799	 90.501636	 90.489868	 90.478484	 90.467475	 90.456832	 90.446544	 90.436604	 90.427001	 90.417727	 90.408773	  90.40013	 90.391791	 90.383747	 90.375989	  90.36851	 90.361302	 90.354357	 90.347668	 90.341228	 90.335029	 90.329065	 90.323329	 90.317814	 90.312514	 90.307422	 90.302533	  90.29784	 90.293338	 90.289021	 90.284883	 90.280919	 90.277125	 90.273495	 90.270024	 90.266708	 90.263542	 90.260522	 90.257644	 90.254903	 90.252296	 90.249819	 90.247469	 90.245242	 90.243135	 90.241144	 90.239268	 90.237502	 90.235845	 90.234293	 90.232845	 90.231499	 90.230251	   90.2291	 90.228045	 90.227084	 90.226215	 90.225436	 90.224748	 90.224147	 90.223635	 90.223209	 90.222869	 90.222614	 90.222445	  90.22236	
        99	 98.878385	 98.756799	 98.635273	 98.513835	 98.392515	 98.271342	 98.150345	 98.029554	 97.908997	 97.788704	 97.668702	  97.54902	 97.429687	 97.310729	 97.192175	 97.074053	 96.956388	 96.839208	 96.722539	 96.606407	 96.490837	 96.375856	 96.261487	 96.147754	 96.034683	 95.922296	 95.810616	 95.699666	 95.589468	 95.480043	 95.371412	 95.263595	 95.156613	 95.050485	  94.94523	 94.840865	 94.737408	 94.634877	 94.533287	 94.432655	 94.332996	 94.234323	 94.136652	 94.039995	 93.944365	 93.849775	 93.756235	 93.663756	 93.572349	 93.482024	 93.392788	  93.30465	 93.217618	 93.131699	 93.046899	 92.963224	 92.880678	 92.799268	 92.718996	 92.639866	  92.56188	  92.48504	 92.409349	 92.334807	 92.261414	  92.18917	 92.118075	 92.048127	 91.979324	 91.911664	 91.845145	 91.779763	 91.715513	 91.652393	 91.590396	 91.529518	 91.469754	 91.411096	 91.353539	 91.297075	 91.241697	 91.187398	 91.134169	 91.082003	 91.030889	  90.98082	 90.931785	 90.883776	 90.836781	 90.790791	 90.745795	 90.701783	 90.658743	 90.616664	 90.575534	 90.535343	 90.496077	 90.457726	 90.420277	 90.383717	 90.348035	 90.313217	 90.279251	 90.246124	 90.213823	 90.182336	 90.151649	 90.121749	 90.092624	 90.064259	 90.036643	 90.009761	 89.983601	  89.95815	 89.933394	  89.90932	 89.885916	 89.863167	 89.841062	 89.819587	  89.79873	 89.778478	 89.758817	 89.739737	 89.721223	 89.703264	 89.685847	 89.668961	 89.652593	 89.636731	 89.621364	  89.60648	 89.592067	 89.578114	  89.56461	 89.551544	 89.538905	 89.526683	 89.514866	 89.503444	 89.492407	 89.481746	 89.471449	 89.461508	 89.451912	 89.442654	 89.433722	 89.425109	 89.416805	 89.408802	 89.401092	 89.393665	 89.386515	 89.379633	 89.373012	 89.366643	  89.36052	 89.354635	 89.348982	 89.343554	 89.338344	 89.333345	 89.328552	 89.323958	 89.319557	 89.315344	 89.311314	  89.30746	 89.303779	 89.300264	 89.296911	 89.293715	 89.290672	 89.287778	 89.285028	 89.282419	 89.279946	 89.277607	 89.275397	 89.273313	 89.271353	 89.269513	  89.26779	 89.266183	 89.264687	 89.263302	 89.262025	 89.260853	 89.259786	 89.258821	 89.257957	 89.257192	 89.256526	 89.255956	 89.255483	 89.255106	 89.254823	 89.254635	 89.254541	
        99	 98.866337	 98.732706	  98.59914	 98.465671	 98.332332	 98.199154	 98.066171	 97.933413	 97.800913	 97.668702	 97.536812	 97.405273	 97.274117	 97.143375	 97.013076	 96.883251	 96.753929	 96.625141	 96.496913	 96.369276	 96.242257	 96.115885	 95.990185	 95.865185	 95.740912	 95.617391	 95.494647	 95.372706	  95.25159	 95.131324	 95.011931	 94.893434	 94.775853	 94.659211	 94.543528	 94.428824	 94.315118	 94.202429	 94.090775	 93.980173	 93.870641	 93.762193	 93.654845	 93.548613	 93.443509	 93.339548	 93.236741	 93.135101	 93.034638	 92.935364	 92.837287	 92.740418	 92.644764	 92.550332	 92.457131	 92.365167	 92.274444	 92.184968	 92.096744	 92.009774	 91.924062	  91.83961	  91.75642	 91.674493	 91.593829	 91.514428	  91.43629	 91.359412	 91.283793	 91.209431	 91.136321	 91.064462	 90.993847	 90.924473	 90.856335	 90.789426	  90.72374	 90.659271	 90.596012	 90.533954	 90.473091	 90.413412	  90.35491	 90.297576	 90.241398	 90.186369	 90.132476	  90.07971	  90.02806	 89.977514	  89.92806	 89.879688	 89.832384	 89.786136	 89.740932	 89.696758	 89.653603	 89.611452	 89.570293	 89.530111	 89.490894	 89.452626	 89.415295	 89.378887	 89.343386	 89.308779	 89.275052	 89.242191	  89.21018	 89.179005	 89.148653	 89.119108	 89.090357	 89.062384	 89.035175	 89.008716	 88.982993	 88.957991	 88.933696	 88.910094	  88.88717	 88.864912	 88.843304	 88.822333	 88.801985	 88.782246	 88.763104	 88.744545	 88.726555	 88.709122	 88.692233	 88.675874	 88.660033	 88.644698	 88.629857	 88.615496	 88.601605	 88.588172	 88.575184	 88.562631	   88.5505	 88.538783	 88.527466	  88.51654	 88.505994	 88.495818	 88.486001	 88.476535	 88.467408	 88.458613	 88.450138	 88.441977	 88.434118	 88.426554	 88.419277	 88.412277	 88.405547	  88.39908	 88.392867	   88.3869	 88.381174	  88.37568	 88.370412	 88.365363	 88.360526	 88.355896	 88.351467	 88.347231	 88.343185	 88.339322	 88.335636	 88.332124	  88.32878	 88.325599	 88.322576	 88.319709	 88.316991	  88.31442	 88.311991	 88.309701	 88.307546	 88.305524	 88.303631	 88.301864	 88.300221	 88.298698	 88.297294	 88.296007	 88.294834	 88.293773	 88.292823	 88.291983	  88.29125	 88.290625	 88.290105	  88.28969	 88.289379	 88.289173	 88.289069	
        99	  98.85432	 98.708676	 98.563103	 98.417635	 98.272309	 98.127159	 97.982221	 97.837528	 97.693117	  97.54902	 97.405273	  97.26191	 97.118963	 96.976467	 96.834455	 96.692959	 96.552011	 96.411644	 96.271889	 96.132778	  95.99434	 95.856607	 95.719607	  95.58337	 95.447925	   95.3133	 95.179521	 95.046617	 94.914613	 94.783536	  94.65341	  94.52426	 94.396109	 94.268981	 94.142898	 94.017882	 93.893954	 93.771135	 93.649443	 93.528898	 93.409519	 93.291322	 93.174324	 93.058541	 92.943989	 92.830681	 92.718632	 92.607855	 92.498361	 92.390162	 92.283268	 92.177691	 92.073437	 91.970517	 91.868937	 91.768705	 91.669827	 91.572307	 91.476151	 91.381363	 91.287946	 91.195902	 91.105233	 91.015941	 90.928026	 90.841487	 90.756324	 90.672535	 90.590118	  90.50907	 90.429388	 90.351069	 90.274106	 90.198496	 90.124231	 90.051308	 89.979717	 89.909452	 89.840506	  89.77287	 89.706534	 89.641491	  89.57773	 89.515241	 89.454013	 89.394036	 89.335299	  89.27779	 89.221496	 89.166406	 89.112507	 89.059785	 89.008229	 88.957823	 88.908555	 88.860411	 88.813376	 88.767436	 88.722576	 88.678783	 88.636039	 88.594332	 88.553645	 88.513963	 88.475271	 88.437553	 88.400794	 88.364978	  88.33009	 88.296113	 88.263032	 88.230831	 88.199495	 88.169007	 88.139352	 88.110515	 88.082479	  88.05523	 88.028751	 88.003027	 87.978042	 87.953782	 87.930232	 87.907375	 87.885198	 87.863686	 87.842823	 87.822595	 87.802988	 87.783988	  87.76558	  87.74775	 87.730486	 87.713772	 87.697596	 87.681945	 87.666805	 87.652164	 87.638008	 87.624327	 87.611106	 87.598335	 87.586001	 87.574092	 87.562598	 87.551507	 87.540809	 87.530491	 87.520544	 87.510958	 87.501722	 87.492826	 87.484261	 87.476017	 87.468085	 87.460457	 87.453122	 87.446073	 87.439301	 87.432799	 87.426557	 87.420569	 87.414828	 87.409325	 87.404054	 87.399007	 87.394179	 87.389563	 87.385153	 87.380942	 87.376926	 87.373098	 87.369453	 87.365986	 87.362692	 87.359566	 87.356605	 87.353802	 87.351155	 87.348659	 87.346311	 87.344107	 87.342043	 87.340118	 87.338326	 87.336667	 87.335137	 87.333734	 87.332455	 87.331299	 87.330264	 87.329348	  87.32855	 87.327868	 87.327301	 87.326849	 87.326511	 87.326285	 87.326173	
        99	 98.842339	 98.684717	 98.527171	  98.36974	 98.212461	 98.055374	 97.898515	 97.741923	 97.585634	 97.429687	 97.274117	 97.118963	  96.96426	 96.810045	 96.656353	  96.50322	  96.35068	 96.198769	  96.04752	 95.896968	 95.747145	 95.598083	 95.449816	 95.302375	  95.15579	 95.010093	 94.865312	 94.721477	 94.578617	  94.43676	 94.295932	  94.15616	 94.017469	 93.879886	 93.743433	 93.608136	 93.474016	 93.341095	 93.209395	 93.078936	 92.949739	 92.821821	   92.6952	 92.569895	 92.445922	 92.323296	 92.202031	 92.082143	 91.963644	 91.846546	 91.730862	 91.616601	 91.503773	 91.392388	 91.282454	 91.173979	 91.066968	 90.961428	 90.857364	  90.75478	  90.65368	 90.554066	 90.455941	 90.359305	 90.264159	 90.170503	 90.078336	 89.987656	 89.898461	 89.810747	 89.724512	 89.639751	 89.556459	  89.47463	 89.394258	 89.315337	 89.237858	 89.161815	 89.087198	 89.013999	 88.942208	 88.871815	  88.80281	 88.735182	 88.668919	 88.604009	 88.540441	 88.478202	 88.417279	 88.357658	 88.299326	 88.242268	 88.186471	  88.13192	 88.078601	 88.026497	 87.975593	 87.925875	 87.877326	 87.829931	 87.783672	 87.738534	 87.694501	 87.651556	 87.609682	 87.568862	 87.529079	 87.490318	  87.45256	 87.415789	 87.379987	 87.345138	 87.311225	 87.278229	 87.246136	 87.214927	 87.184585	 87.155095	 87.126438	 87.098598	 87.071559	 87.045304	 87.019817	  86.99508	 86.971079	 86.947797	 86.925219	 86.903327	 86.882108	 86.861545	 86.841623	 86.822327	 86.803643	 86.785554	 86.768048	  86.75111	 86.734725	 86.718879	  86.70356	 86.688753	 86.674445	 86.660623	 86.647275	 86.634387	 86.621948	 86.609945	 86.598366	   86.5872	 86.576435	  86.56606	 86.556064	 86.546437	 86.537168	 86.528246	 86.519662	 86.511405	 86.503468	 86.495839	  86.48851	 86.481473	 86.474718	 86.468238	 86.462024	 86.456068	 86.450364	 86.444902	 86.439677	 86.434682	 86.429909	 86.425352	 86.421005	 86.416862	 86.412917	 86.409165	   86.4056	 86.402218	 86.399012	 86.395979	 86.393114	 86.390413	 86.387872	 86.385487	 86.383254	 86.381169	 86.379231	 86.377435	 86.375779	  86.37426	 86.372877	 86.371626	 86.370505	 86.369514	  86.36865	 86.367912	 86.367299	  86.36681	 86.366443	 86.366199	 86.366078	
        99	 98.830396	 98.660833	 98.491352	 98.321995	 98.152802	 97.983815	 97.815073	 97.646618	  97.47849	 97.310729	 97.143375	 96.976467	 96.810045	 96.644147	 96.478812	 96.314079	 96.149984	 95.986565	 95.823858	 95.661901	 95.500728	 95.340375	 95.180876	 95.022265	 94.864576	 94.707842	 94.552093	 94.397363	  94.24368	 94.091076	  93.93958	 93.789219	 93.640023	 93.492017	 93.345228	 93.199681	   93.0554	 92.912411	 92.770734	 92.630392	 92.491407	 92.353799	 92.217587	  92.08279	 91.949425	 91.817509	 91.687059	 91.558088	 91.430612	 91.304644	 91.180196	 91.057279	 90.935904	 90.816082	  90.69782	 90.581127	  90.46601	 90.352475	 90.240528	 90.130173	 90.021414	 89.914254	 89.808695	 89.704738	 89.602385	 89.501634	 89.402484	 89.304935	 89.208983	 89.114625	 89.021858	 88.930675	 88.841073	 88.753046	 88.666585	 88.581685	 88.498338	 88.416534	 88.336264	  88.25752	 88.180291	 88.104565	 88.030333	 87.957581	 87.886299	 87.816472	 87.748089	 87.681134	 87.615596	 87.551458	 87.488707	 87.427328	 87.367304	 87.308621	 87.251262	 87.195211	 87.140451	 87.086967	  87.03474	 86.983754	 86.933991	 86.885434	 86.838065	 86.791866	  86.74682	 86.702908	 86.660112	 86.618414	 86.577796	 86.538239	 86.499725	 86.462236	 86.425754	 86.390259	 86.355734	 86.322161	 86.289521	 86.257796	 86.226969	  86.19702	 86.167933	 86.139689	  86.11227	  86.08566	 86.059841	 86.034796	 86.010506	 85.986957	  85.96413	 85.942009	 85.920578	  85.89982	  85.87972	 85.860262	  85.84143	 85.823208	 85.805582	 85.788536	 85.772056	 85.756127	 85.740736	 85.725867	 85.711507	 85.697643	 85.684262	 85.671349	 85.658893	 85.646881	 85.635301	  85.62414	 85.613387	 85.603031	 85.593059	 85.583461	 85.574227	 85.565345	 85.556806	 85.548599	 85.540716	 85.533145	 85.525879	 85.518908	 85.512223	 85.505816	 85.499679	 85.493804	 85.488183	 85.482809	 85.477675	 85.472773	 85.468097	  85.46364	 85.459396	  85.45536	 85.451525	 85.447886	 85.444438	 85.441175	 85.438093	 85.435188	 85.432454	 85.429888	 85.427485	 85.425243	 85.423158	 85.421226	 85.419445	 85.417811	 85.416322	 85.414977	 85.413772	 85.412705	 85.411776	 85.410982	 85.410322	 85.409796	 85.409402	 85.409139	 85.409008	
        99	 98.818493	  98.63703	 98.455655	 98.274412	 98.093346	 97.912498	 97.731915	 97.551637	  97.37171	 97.192175	 97.013076	 96.834455	 96.656353	 96.478812	 96.301874	  96.12558	 95.949968	 95.775081	 95.600955	 95.427632	 95.255148	 95.083541	 94.912848	 94.743106	 94.574351	 94.406616	 94.239937	 94.074347	  93.90988	 93.746566	 93.584437	 93.423525	 93.263857	 93.105464	 92.948373	 92.792612	 92.638206	 92.485181	 92.333561	 92.183371	 92.034632	 91.887366	 91.741594	 91.597337	 91.454612	 91.313439	 91.173833	 91.035812	 90.899389	 90.764581	 90.631399	 90.499855	 90.369963	 90.241731	 90.115169	 89.990287	 89.867091	 89.745588	 89.625784	 89.507684	 89.391293	 89.276612	 89.163645	 89.052393	 88.942856	 88.835034	 88.728927	 88.624531	 88.521845	 88.420865	 88.321587	 88.224006	 88.128116	  88.03391	 87.941382	 87.850524	 87.761326	 87.673781	 87.587879	 87.503608	 87.420959	 87.339919	 87.260477	  87.18262	 87.106334	 87.031607	 86.958425	 86.886772	 86.816634	 86.747995	  86.68084	 86.615153	 86.550916	 86.488115	  86.42673	 86.366746	 86.308143	 86.250905	 86.195013	 86.140449	 86.087193	 86.035229	 85.984535	 85.935094	 85.886887	 85.839893	 85.794094	 85.749469	    85.706	 85.663667	 85.622451	 85.582331	 85.543288	 85.505302	 85.468355	 85.432425	 85.397495	 85.363543	 85.330552	 85.298502	 85.267373	 85.237147	 85.207804	 85.179327	 85.151696	 85.124892	 85.098898	 85.073696	 85.049267	 85.025594	 85.002659	 84.980444	 84.958934	  84.93811	 84.917956	 84.898455	 84.879592	  84.86135	 84.843713	 84.826667	 84.810195	 84.794283	 84.778915	 84.764078	 84.749757	 84.735939	 84.722609	 84.709754	 84.697361	 84.685417	 84.673909	 84.662826	 84.652154	 84.641883	 84.632001	 84.622496	 84.613357	 84.604575	 84.596137	 84.588036	 84.580259	 84.572799	 84.565645	 84.558789	 84.552221	 84.545934	 84.539918	 84.534167	 84.528672	 84.523426	 84.518422	 84.513653	 84.509111	 84.504792	 84.500688	 84.496793	 84.493103	 84.489611	 84.486313	 84.483203	 84.480278	 84.477532	 84.474961	 84.472561	  84.47033	 84.468262	 84.466356	 84.464607	 84.463014	 84.461574	 84.460284	 84.459143	 84.458148	 84.457299	 84.456593	  84.45603	 84.455608	 84.455327	 84.455187	
        99	 98.806633	 98.613314	 98.420088	 98.227003	 98.034105	 97.841441	 97.649058	 97.457002	 97.265318	 97.074053	 96.883251	 96.692959	  96.50322	 96.314079	  96.12558	 95.937766	  95.75068	 95.564365	 95.378863	 95.194214	  95.01046	  94.82764	 94.645795	 94.464962	  94.28518	 94.106486	 93.928916	 93.752507	 93.577293	 93.403308	 93.230586	 93.059159	 92.889059	 92.720317	 92.552962	 92.387023	 92.222528	 92.059504	 91.897978	 91.737974	 91.579516	 91.422628	 91.267332	 91.113649	 90.961599	 90.811201	 90.662474	 90.515434	 90.370098	 90.226481	 90.084596	 89.944458	 89.806079	 89.669468	 89.534637	 89.401595	 89.270349	 89.140907	 89.013275	 88.887459	 88.763462	 88.641289	  88.52094	 88.402419	 88.285725	 88.170858	 88.057818	 87.946601	 87.837206	 87.729628	 87.623863	 87.519906	  87.41775	 87.317389	 87.218815	  87.12202	 87.026995	  86.93373	 86.842214	 86.752437	 86.664388	 86.578053	  86.49342	 86.410476	 86.329206	 86.249596	 86.171632	 86.095297	 86.020576	 85.947452	  85.87591	  85.80593	 85.737497	 85.670592	 85.605196	 85.541292	 85.478861	 85.417883	 85.358339	 85.300209	 85.243474	 85.188114	 85.134109	 85.081437	  85.03008	 84.980015	 84.931223	 84.883683	 84.837374	 84.792275	 84.748366	 84.705624	  84.66403	 84.623563	 84.584201	 84.545924	 84.508711	 84.472541	 84.437394	  84.40325	 84.370087	 84.337886	 84.306626	 84.276288	 84.246851	 84.218297	 84.190604	 84.163755	  84.13773	  84.11251	 84.088077	 84.064411	 84.041495	  84.01931	 83.997839	 83.977064	 83.956969	 83.937535	 83.918746	 83.900585	 83.883037	 83.866085	 83.849714	 83.833907	 83.818651	 83.803929	 83.789728	 83.776033	 83.762831	 83.750106	 83.737847	 83.726039	  83.71467	 83.703728	   83.6932	 83.683074	 83.673338	 83.663982	 83.654993	 83.646362	 83.638078	  83.63013	 83.622509	 83.615204	 83.608207	 83.601509	 83.595101	 83.588974	  83.58312	 83.577531	   83.5722	 83.567119	 83.562281	 83.557679	 83.553307	 83.549158	 83.545226	 83.541507	 83.537993	  83.53468	 83.531563	 83.528638	 83.525899	 83.523343	 83.520965	 83.518763	 83.516732	 83.514869	 83.513172	 83.511638	 83.510264	 83.509048	 83.507988	 83.507083	 83.506331	 83.505731	 83.505282	 83.504982	 83.504833	
        99	  98.79482	 98.589689	 98.384658	 98.179777	 97.975094	  97.77066	 97.566523	 97.362733	 97.159338	 96.956388	 96.753929	 96.552011	  96.35068	 96.149984	 95.949968	  95.75068	 95.552165	 95.354467	 95.157631	 94.961702	 94.766721	 94.572732	 94.379777	 94.187896	  93.99713	 93.807519	 93.619101	 93.431914	 93.245995	 93.061381	 92.878107	 92.696207	 92.515715	 92.336663	 92.159083	 91.983007	 91.808462	 91.635479	 91.464084	 91.294304	 91.126166	 90.959693	 90.794909	 90.631837	 90.470497	 90.310911	 90.153097	 89.997074	 89.842858	 89.690467	 89.539915	 89.391215	 89.244381	 89.099424	 88.956356	 88.815185	 88.675921	 88.538571	 88.403142	 88.269639	 88.138067	 88.008429	 87.880728	 87.754965	 87.631142	 87.509258	 87.389311	   87.2713	 87.155221	  87.04107	 86.928844	 86.818535	 86.710138	 86.603646	  86.49905	 86.396341	  86.29551	 86.196547	 86.099441	 86.004179	  85.91075	 85.819141	 85.729337	 85.641325	  85.55509	 85.470617	 85.387889	 85.306891	 85.227605	 85.150014	   85.0741	 84.999846	 84.927231	 84.856239	 84.786848	  84.71904	 84.652794	 84.588091	 84.524909	 84.463228	 84.403027	 84.344284	 84.286979	  84.23109	 84.176595	 84.123472	 84.071699	 84.021255	 83.972116	 83.924262	  83.87767	 83.832317	 83.788182	 83.745242	 83.703475	  83.66286	 83.623373	 83.584994	   83.5477	 83.511469	  83.47628	 83.442112	 83.408942	 83.376751	 83.345516	 83.315216	 83.285832	 83.257343	 83.229728	 83.202967	 83.177041	 83.151929	 83.127613	 83.104073	  83.08129	 83.059246	 83.037923	 83.017301	 82.997365	 82.978095	 82.959474	 82.941487	 82.924115	 82.907343	 82.891154	 82.875534	 82.860465	 82.845933	 82.831924	 82.818422	 82.805414	 82.792884	 82.780821	  82.76921	 82.758039	 82.747294	 82.736964	 82.727036	 82.717498	  82.70834	 82.699549	 82.691116	 82.683029	 82.675278	 82.667854	 82.660747	 82.653947	 82.647446	 82.641234	 82.635304	 82.629647	 82.624255	 82.619122	 82.614239	 82.609599	 82.605197	 82.601025	 82.597078	  82.59335	 82.589835	 82.586527	 82.583423	 82.580517	 82.577805	 82.575282	 82.572945	  82.57079	 82.568813	 82.567012	 82.565384	 82.563926	 82.562636	 82.561512	 82.560552	 82.559754	 82.559117	  82.55864	 82.558323	 82.558164	
