Time step 9:
        99	        99	        99	        99	        99	        99	        99	        99	        99	        99	        99	        99	        99	        99	        99	        99	        99	        99	        99	        99	        99	        99	        99	        99	        99	        99	        99	        99	        99	        99	        99	        99	        99	        99	        99	        99	        99	        99	        99	        99	        99	        99	        99	        99	        99	        99	        99	        99	        99	        99	        99	        99	        99	        99	        99	        99	        99	        99	        99	        99	        99	        99	        99	        99	        99	        99	        99	        99	        99	        99	        99	        99	        99	        99	        99	        99	        99	        99	        99	        99	        99	        99	        99	        99	        99	        99	        99	        99	        99	        99	        99	        99	        99	        99	        99	        99	        99	        99	        99	        99	        99	        99	        99	        99	        99	        99	        99	        99	        99	        99	        99	        99	        99	        99	        99	        99	        99	        99	        99	        99	        99	        99	        99	        99	        99	        99	        99	        99	        99	        99	        99	        99	        99	        99	        99	        99	        99	        99	        99	        99	        99	        99	        99	        99	        99	        99	        99	        99	        99	        99	        99	        99	        99	        99	        99	        99	        99	        99	        99	        99	        99	        99	        99	        99	        99	        99	        99	        99	        99	        99	        99	        99	        99	        99	        99	        99	        99	        99	        99	        99	        99	        99	        99	        99	        99	        99	        99	        99	        99	        99	        99	        99	        99	        99	        99	        99	        99	        99	        99	        99	
        99	 98.929485	 98.859069	 98.788851	 98.718927	 98.649395	 98.580349	 98.511881	 98.444082	 98.377041	  98.31084	 98.245561	 98.181282	 98.118077	 98.056013	 97.995156	 97.935567	   97.8773	 97.820407	 97.764931	 97.710915	 97.658394	 97.607397	 97.557949	 97.510072	 97.463779	 97.419082	 97.375985	  97.33449	 97.294593	 97.256287	 97.219558	 97.184393	 97.150771	 97.118669	 97.088063	 97.058922	 97.031217	 97.004912	 96.979972	  96.95636	 96.934036	 96.912959	 96.893087	 96.874379	 96.856789	 96.840276	 96.824793	 96.810299	 96.796747	 96.784096	 96.772301	 96.761319	  96.75111	 96.741632	 96.732845	  96.72471	 96.717189	 96.710246	 96.703845	 96.697952	 96.692534	  96.68756	 96.683001	 96.678826	  96.67501	 96.671526	 96.668349	 96.665458	 96.662829	 96.660442	 96.658279	  96.65632	 96.654549	 96.652951	  96.65151	 96.650212	 96.649046	 96.647999	  96.64706	  96.64622	 96.645468	 96.644798	   96.6442	 96.643667	 96.643194	 96.642774	 96.642401	 96.642072	  96.64178	 96.641523	 96.641296	 96.641096	  96.64092	 96.640766	 96.640631	 96.640513	 96.640409	 96.640319	  96.64024	 96.640172	 96.640112	  96.64006	 96.640015	 96.639976	 96.639943	 96.639914	 96.639889	 96.639867	 96.639849	 96.639833	 96.639819	 96.639808	 96.639798	 96.639789	 96.639782	 96.639776	  96.63977	 96.639766	 96.639762	 96.639759	 96.639756	 96.639754	 96.639752	  96.63975	 96.639749	 96.639748	 96.639747	 96.639746	 96.639745	 96.639745	 96.639744	 96.639744	 96.639744	 96.639743	 96.639743	 96.639743	 96.639743	 96.639743	 96.639743	 96.639743	 96.639743	 96.639742	 96.639742	 96.639742	 96.639742	 96.639742	 96.639742	 96.639742	 96.639742	 96.639742	 96.639742	 96.639742	 96.639742	 96.639742	 96.639742	 96.639742	 96.639742	 96.639742	 96.639742	 96.639742	 96.639742	 96.639742	 96.639742	 96.639742	 96.639742	 96.639742	 96.639742	 96.639742	 96.639742	 96.639742	 96.639742	 96.639742	 96.639742	 96.639742	 96.639742	 96.639742	 96.639742	 96.639742	 96.639742	 96.639742	 96.639742	 96.639742	 96.639742	 96.639742	 96.639742	 96.639742	 96.639742	 96.639742	 96.639742	 96.639742	 96.639742	 96.639742	 96.639742	 96.639742	 96.639742	 96.639742	 96.639742	 96.639742	 96.639742	
        99	 98.859069	 98.718336	 98.577998	 98.438248	 98.299281	 98.161285	 98.024446	 97.888944	 97.754954	 97.622646	  97.49218	 97.363713	  97.23739	 97.113349	 96.991722	 96.872626	 96.756174	 96.642467	 96.531594	 96.423638	 96.318668	 96.216745	  96.11792	 96.022232	 95.929712	  95.84038	 95.754247	 95.671316	 95.591578	 95.515018	 95.441613	 95.371331	 95.304134	 95.239976	 95.178806	 95.120566	 95.065193	 95.012621	 94.962776	 94.915585	 94.870967	 94.828843	 94.789128	 94.751737	 94.716583	 94.683579	 94.652637	 94.623667	 94.596584	 94.571298	 94.547724	 94.525777	 94.505373	 94.486431	 94.468869	  94.45261	 94.437579	 94.423702	 94.410909	 94.399131	 94.388303	 94.378363	  94.36925	 94.360906	 94.353279	 94.346316	 94.339968	 94.334189	 94.328935	 94.324165	 94.319841	 94.315926	 94.312387	 94.309192	 94.306312	 94.303719	 94.301388	 94.299295	 94.297419	 94.295739	 94.294238	 94.292897	 94.291702	 94.290638	 94.289692	 94.288852	 94.288108	 94.287449	 94.286866	 94.286352	 94.285898	 94.285499	 94.285148	  94.28484	  94.28457	 94.284333	 94.284126	 94.283946	 94.283789	 94.283651	 94.283532	 94.283429	 94.283339	 94.283262	 94.283194	 94.283137	 94.283087	 94.283044	 94.283007	 94.282975	 94.282948	 94.282924	 94.282904	 94.282887	 94.282873	  94.28286	  94.28285	 94.282841	 94.282833	 94.282827	 94.282822	 94.282817	 94.282813	  94.28281	 94.282807	 94.282805	 94.282803	 94.282801	   94.2828	 94.282799	 94.282798	 94.282797	 94.282797	 94.282796	 94.282796	 94.282795	 94.282795	 94.282795	 94.282794	 94.282794	 94.282794	 94.282794	 94.282794	 94.282794	 94.282794	 94.282794	 94.282794	 94.282794	 94.282794	 94.282794	 94.282794	 94.282794	 94.282794	 94.282794	 94.282794	 94.282794	 94.282794	 94.282794	 94.282794	 94.282793	 94.282793	 94.282793	 94.282793	 94.282793	 94.282793	 94.282793	 94.282793	 94.282793	 94.282793	 94.282793	 94.282793	 94.282793	 94.282793	 94.282793	 94.282793	 94.282793	 94.282793	 94.282793	 94.282793	 94.282793	 94.282793	 94.282793	 94.282793	 94.282793	 94.282793	 94.282793	 94.282793	 94.282793	 94.282793	 94.282793	 94.282793	 94.282793	 94.282793	 94.282793	 94.282793	 94.282793	 94.282793	 94.282793	 94.282793	
        99	 98.788851	 98.577998	 98.367735	 98.158356	 97.950149	 97.743396	 97.538377	 97.335361	 97.134611	  96.93638	  96.74091	 96.548434	  96.35917	 96.173327	 95.991098	 95.812664	  95.63819	 95.467828	 95.301713	 95.139967	 94.982696	 94.829991	 94.681926	 94.538562	 94.399943	 94.266102	 94.137053	 94.012801	 93.893334	 93.778628	 93.668649	  93.56335	 93.462672	 93.366547	 93.274899	 93.187641	 93.104679	 93.025912	 92.951232	 92.880528	  92.81368	 92.750567	 92.691064	 92.635043	 92.582374	 92.532926	 92.486566	 92.443163	 92.402585	 92.364701	 92.329381	 92.296499	 92.265929	 92.237548	 92.211236	 92.186877	 92.164356	 92.143565	 92.124398	 92.106752	 92.090529	 92.075636	 92.061982	 92.049482	 92.038054	 92.027621	  92.01811	 92.009452	  92.00158	 91.994434	 91.987955	  91.98209	 91.976788	 91.972001	 91.967686	 91.963801	 91.960308	 91.957172	 91.954361	 91.951845	 91.949595	 91.947587	 91.945796	 91.944202	 91.942785	 91.941527	 91.940411	 91.939424	 91.938551	  91.93778	 91.937101	 91.936503	 91.935977	 91.935515	  91.93511	 91.934756	 91.934446	 91.934176	  91.93394	 91.933735	 91.933556	 91.933401	 91.933267	  91.93315	  91.93305	 91.932963	 91.932888	 91.932824	 91.932768	 91.932721	  91.93268	 91.932645	 91.932615	  91.93259	 91.932568	 91.932549	 91.932534	  91.93252	 91.932509	 91.932499	 91.932491	 91.932484	 91.932479	 91.932474	  91.93247	 91.932466	 91.932463	 91.932461	 91.932459	 91.932457	 91.932456	 91.932455	 91.932454	 91.932453	 91.932452	 91.932452	 91.932451	 91.932451	  91.93245	  91.93245	  91.93245	  91.93245	  91.93245	  91.93245	 91.932449	 91.932449	 91.932449	 91.932449	 91.932449	 91.932449	 91.932449	 91.932449	 91.932449	 91.932449	 91.932449	 91.932449	 91.932449	 91.932449	 91.932449	 91.932449	 91.932449	 91.932449	 91.932449	 91.932449	 91.932449	 91.932449	 91.932449	 91.932449	 91.932449	 91.932449	 91.932449	 91.932449	 91.932449	 91.932449	 91.932449	 91.932449	 91.932449	 91.932449	 91.932449	 91.932449	 91.932449	 91.932449	 91.932449	 91.932449	 91.932449	 91.932449	 91.932449	 91.932449	 91.932449	 91.932449	 91.932449	 91.932449	 91.932449	 91.932449	 91.932449	 91.932449	 91.932449	 91.932449	 91.932449	
        99	 98.718927	 98.438248	 98.158356	 97.879639	 97.602482	 97.327262	  97.05435	 96.784104	 96.516874	 96.252997	 95.992795	 95.736579	 95.484639	 95.237253	 94.994678	 94.757153	 94.524901	 94.298122	 94.076997	 93.861688	 93.652336	 93.449061	 93.251963	 93.061122	 92.876599	 92.698435	 92.526651	 92.361252	 92.202222	 92.049531	 91.903132	 91.762962	 91.628943	 91.500987	 91.378988	 91.262834	 91.152398	 91.047547	 90.948137	 90.854018	 90.765033	  90.68102	 90.601813	  90.52724	 90.457129	 90.391305	 90.329593	 90.271817	 90.217801	 90.167371	 90.120355	 90.076584	 90.035891	 89.998111	 89.963086	 89.930659	 89.900681	 89.873005	  89.84749	 89.824001	 89.802406	  89.78258	 89.764405	 89.747765	 89.732553	 89.718666	 89.706005	 89.694479	    89.684	 89.674488	 89.665864	 89.658056	 89.650998	 89.644626	 89.638882	  89.63371	 89.629061	 89.624887	 89.621145	 89.617795	   89.6148	 89.612127	 89.609743	 89.607621	 89.605735	  89.60406	 89.602575	 89.601261	 89.600099	 89.599073	 89.598169	 89.597372	 89.596672	 89.596058	 89.595519	 89.595047	 89.594635	 89.594275	 89.593961	 89.593687	  89.59345	 89.593244	 89.593065	  89.59291	 89.592776	  89.59266	 89.592561	 89.592475	 89.592401	 89.592338	 89.592284	 89.592237	 89.592197	 89.592163	 89.592134	  89.59211	 89.592089	 89.592071	 89.592056	 89.592043	 89.592032	 89.592023	 89.592016	 89.592009	 89.592004	 89.591999	 89.591995	 89.591992	 89.591989	 89.591987	 89.591985	 89.591984	 89.591982	 89.591981	  89.59198	  89.59198	 89.591979	 89.591979	 89.591978	 89.591978	 89.591977	 89.591977	 89.591977	 89.591977	 89.591977	 89.591977	 89.591977	 89.591977	 89.591976	 89.591976	 89.591976	 89.591976	 89.591976	 89.591976	 89.591976	 89.591976	 89.591976	 89.591976	 89.591976	 89.591976	 89.591976	 89.591976	 89.591976	 89.591976	 89.591976	 89.591976	 89.591976	 89.591976	 89.591976	 89.591976	 89.591976	 89.591976	 89.591976	 89.591976	 89.591976	 89.591976	 89.591976	 89.591976	 89.591976	 89.591976	 89.591976	 89.591976	 89.591976	 89.591976	 89.591976	 89.591976	 89.591976	 89.591976	 89.591976	 89.591976	 89.591976	 89.591976	 89.591976	 89.591976	 89.591976	 89.591976	 89.591976	 89.591976	 89.591976	
        99	 98.649395	 98.299281	 97.950149	 97.602482	 97.256761	 96.913457	 96.573031	 96.235931	 95.902593	 95.573437	 95.248867	 94.929267	 94.615002	 94.306417	 94.003833	 93.707549	 93.417842	 93.134961	 92.859134	 92.590562	  92.32942	 92.075858	 91.830001	 91.591951	  91.36178	 91.139541	 90.925261	 90.718945	 90.520574	  90.33011	 90.147495	 89.972649	 89.805477	 89.645866	 89.493687	 89.348798	 89.211043	 89.080253	 88.956251	 88.838849	 88.727851	 88.623055	 88.524252	 88.431231	 88.343776	 88.261669	  88.18469	 88.112621	 88.045243	 87.982338	 87.923692	 87.869092	 87.818332	 87.771206	 87.727516	 87.687068	 87.649674	 87.615152	 87.583325	 87.554024	 87.527087	 87.502357	 87.479685	 87.458929	 87.439954	 87.422631	 87.406838	 87.392461	  87.37939	 87.367524	 87.356767	 87.347028	 87.338224	 87.330276	  87.32311	 87.316659	  87.31086	 87.305653	 87.300986	 87.296807	 87.293072	 87.289737	 87.286763	 87.284117	 87.281763	 87.279674	 87.277822	 87.276183	 87.274733	 87.273454	 87.272325	 87.271332	 87.270459	 87.269692	  87.26902	 87.268432	 87.267917	 87.267468	 87.267077	 87.266736	 87.266439	 87.266182	 87.265959	 87.265766	 87.265599	 87.265455	  87.26533	 87.265223	 87.265131	 87.265052	 87.264985	 87.264927	 87.264877	 87.264835	 87.264799	 87.264768	 87.264742	 87.264719	 87.264701	 87.264685	 87.264671	  87.26466	  87.26465	 87.264642	 87.264635	  87.26463	 87.264625	 87.264621	 87.264618	 87.264615	 87.264612	  87.26461	 87.264609	 87.264608	 87.264606	 87.264605	 87.264605	 87.264604	 87.264604	 87.264603	 87.264603	 87.264602	 87.264602	 87.264602	 87.264602	 87.264602	 87.264602	 87.264602	 87.264602	 87.264601	 87.264601	 87.264601	 87.264601	 87.264601	 87.264601	 87.264601	 87.264601	 87.264601	 87.264601	 87.264601	 87.264601	 87.264601	 87.264601	 87.264601	 87.264601	 87.264601	 87.264601	 87.264601	 87.264601	 87.264601	 87.264601	 87.264601	 87.264601	 87.264601	 87.264601	 87.264601	 87.264601	 87.264601	 87.264601	 87.264601	 87.264601	 87.264601	 87.264601	 87.264601	 87.264601	 87.264601	 87.264601	 87.264601	 87.264601	 87.264601	 87.264601	 87.264601	 87.264601	 87.264601	 87.264601	 87.264601	 87.264601	 87.264601	 87.264601	
        99	 98.580349	 98.161285	 97.743396	 97.327262	 96.913457	 96.502544	 96.095076	 95.691589	 95.292606	 94.898628	 94.510139	 94.127598	 93.751444	 93.382087	 93.019914	 92.665282	 92.318521	 91.979932	 91.649785	 91.328321	 91.015751	 90.712254	  90.41798	 90.133048	  89.85755	 89.591544	 89.335065	 89.088118	 88.850681	 88.622708	 88.404129	  88.19485	 87.994756	 87.803712	 87.621564	 87.448142	 87.283258	 87.126711	 86.978289	 86.837766	 86.704909	 86.579474	 86.461215	 86.349875	 86.245197	  86.14692	 86.054781	 85.968519	 85.887872	 85.812579	 85.742383	 85.677031	 85.616274	 85.559868	 85.507574	  85.45916	 85.414402	 85.373081	 85.334986	 85.299915	 85.267673	 85.238073	 85.210936	 85.186093	 85.163381	 85.142647	 85.123744	 85.106535	  85.09089	 85.076688	 85.063812	 85.052155	 85.041617	 85.032103	 85.023526	 85.015805	 85.008864	 85.002632	 84.997045	 84.992044	 84.987572	 84.983581	 84.980022	 84.976854	 84.974037	 84.971537	  84.96932	 84.967358	 84.965623	 84.964091	 84.962741	 84.961552	 84.960507	 84.959589	 84.958785	  84.95808	 84.957464	 84.956927	 84.956458	  84.95605	 84.955695	 84.955387	  84.95512	 84.954889	 84.954689	 84.954517	 84.954368	  84.95424	  84.95413	 84.954035	 84.953954	 84.953885	 84.953825	 84.953775	 84.953731	 84.953695	 84.953663	 84.953637	 84.953614	 84.953595	 84.953579	 84.953565	 84.953554	 84.953544	 84.953536	 84.953529	 84.953524	 84.953519	 84.953515	 84.953512	 84.953509	 84.953506	 84.953504	 84.953503	 84.953502	   84.9535	   84.9535	 84.953499	 84.953498	 84.953498	 84.953497	 84.953497	 84.953497	 84.953496	 84.953496	 84.953496	 84.953496	 84.953496	 84.953496	 84.953496	 84.953496	 84.953496	 84.953495	 84.953495	 84.953495	 84.953495	 84.953495	 84.953495	 84.953495	 84.953495	 84.953495	 84.953495	 84.953495	 84.953495	 84.953495	 84.953495	 84.953495	 84.953495	 84.953495	 84.953495	 84.953495	 84.953495	 84.953495	 84.953495	 84.953495	 84.953495	 84.953495	 84.953495	 84.953495	 84.953495	 84.953495	 84.953495	 84.953495	 84.953495	 84.953495	 84.953495	 84.953495	 84.953495	 84.953495	 84.953495	 84.953495	 84.953495	 84.953495	 84.953495	 84.953495	 84.953495	 84.953495	 84.953495	 84.953495	
        99	 98.511881	 98.024446	 97.538377	  97.05435	 96.573031	 96.095076	 95.621127	 95.151811	 94.687731	 94.229475	 93.777602	 93.332649	 92.895124	 92.465505	 92.044242	 91.631751	 91.228415	 90.834583	 90.450572	  90.07666	 89.713093	  89.36008	 89.017794	 88.686375	 88.365928	 88.056523	 87.758198	 87.470961	 87.194785	 86.929618	 86.675377	 86.431953	 86.199214	    85.977	 85.765134	 85.563417	 85.371632	 85.189544	 85.016906	 84.853457	 84.698923	 84.553024	  84.41547	 84.285965	 84.164208	 84.049897	 83.942726	  83.84239	 83.748584	 83.661007	 83.579359	 83.503345	 83.432675	 83.367066	  83.30624	 83.249928	 83.197867	 83.149804	 83.105494	 83.064701	 83.027199	 82.992769	 82.961205	 82.932309	 82.905891	 82.881774	 82.859787	 82.839771	 82.821574	 82.805053	 82.790077	 82.776518	 82.764261	 82.753195	 82.743219	 82.734238	 82.726164	 82.718916	 82.712417	   82.7066	 82.701399	 82.696756	 82.692617	 82.688932	 82.685656	 82.682747	 82.680169	 82.677886	 82.675868	 82.674087	 82.672516	 82.671133	 82.669917	  82.66885	 82.667914	 82.667095	 82.666379	 82.665754	 82.665209	 82.664734	 82.664321	 82.663963	 82.663653	 82.663384	 82.663151	  82.66295	 82.662777	 82.662628	   82.6625	  82.66239	 82.662296	 82.662215	 82.662146	 82.662087	 82.662037	 82.661994	 82.661958	 82.661927	 82.661901	 82.661878	  82.66186	 82.661844	 82.661831	 82.661819	  82.66181	 82.661802	 82.661795	  82.66179	 82.661785	 82.661781	 82.661778	 82.661775	 82.661773	 82.661771	 82.661769	 82.661768	 82.661767	 82.661766	 82.661766	 82.661765	 82.661764	 82.661764	 82.661764	 82.661763	 82.661763	 82.661763	 82.661763	 82.661763	 82.661763	 82.661763	 82.661763	 82.661763	 82.661762	 82.661762	 82.661762	 82.661762	 82.661762	 82.661762	 82.661762	 82.661762	 82.661762	 82.661762	 82.661762	 82.661762	 82.661762	 82.661762	 82.661762	 82.661762	 82.661762	 82.661762	 82.661762	 82.661762	 82.661762	 82.661762	 82.661762	 82.661762	 82.661762	 82.661762	 82.661762	 82.661762	 82.661762	 82.661762	 82.661762	 82.661762	 82.661762	 82.661762	 82.661762	 82.661762	 82.661762	 82.661762	 82.661762	 82.661762	 82.661762	 82.661762	 82.661762	 82.661762	 82.661762	 82.661762	 82.661762	
        99	 98.444082	 97.888944	 97.335361	 96.784104	 96.235931	 95.691589	 95.151811	 94.617307	 94.088768	 93.566861	 93.052224	 92.545468	 92.047172	 91.557881	 91.078105	  90.60832	 90.148961	 89.700428	 89.263078	 88.837231	 88.423166	 88.021119	 87.631291	 87.253839	 86.888882	 86.536502	 86.196741	 85.869607	 85.555071	 85.253073	 84.963519	 84.686284	 84.421218	 84.168139	 83.926846	 83.697111	 83.478687	 83.271308	 83.074691	 82.888539	 82.712541	 82.546377	 82.389717	 82.242224	 82.103556	 81.973367	 81.851311	 81.737038	 81.630203	 81.530462	 81.437473	 81.350901	 81.270415	 81.195693	 81.126419	 81.062285	 81.002993	 80.948255	  80.89779	 80.851331	  80.80862	 80.769408	  80.73346	  80.70055	 80.670463	 80.642996	 80.617955	 80.595159	 80.574434	 80.555619	 80.538563	 80.523121	 80.509161	 80.496558	 80.485196	 80.474968	 80.465772	 80.457517	 80.450117	 80.443491	 80.437568	  80.43228	 80.427566	 80.423369	 80.419638	 80.416326	 80.413389	 80.410789	 80.408491	 80.406462	 80.404673	 80.403098	 80.401714	 80.400498	 80.399432	 80.398499	 80.397684	 80.396972	 80.396351	  80.39581	  80.39534	 80.394932	 80.394579	 80.394272	 80.394007	 80.393779	 80.393582	 80.393412	 80.393266	 80.393141	 80.393033	 80.392942	 80.392863	 80.392796	 80.392739	  80.39269	 80.392648	 80.392613	 80.392583	 80.392558	 80.392537	 80.392519	 80.392503	 80.392491	  80.39248	 80.392471	 80.392463	 80.392457	 80.392452	 80.392447	 80.392443	  80.39244	 80.392438	 80.392436	 80.392434	 80.392432	 80.392431	  80.39243	 80.392429	 80.392429	 80.392428	 80.392428	 80.392427	 80.392427	 80.392427	 80.392427	 80.392426	 80.392426	 80.392426	 80.392426	 80.392426	 80.392426	 80.392426	 80.392426	 80.392426	 80.392426	 80.392426	 80.392426	 80.392426	 80.392426	 80.392426	 80.392426	 80.392426	 80.392426	 80.392426	 80.392426	 80.392426	 80.392426	 80.392426	 80.392426	 80.392426	 80.392426	 80.392426	 80.392426	 80.392426	 80.392426	 80.392426	 80.392426	 80.392426	 80.392426	 80.392426	 80.392426	 80.392426	 80.392426	 80.392426	 80.392426	 80.392426	 80.392426	 80.392426	 80.392426	 80.392426	 80.392426	 80.392426	 80.392426	 80.392426	 80.392426	 80.392426	 80.392426	 80.392426	
        99	 98.377041	 97.754954	 97.134611	 96.516874	 95.902593	 95.292606	 94.687731	 94.088768	  93.49649	 92.911642	 92.334942	 91.767073	 91.208684	 90.660385	  90.12275	  89.59631	 89.081555	  88.57893	 88.088837	 87.611635	 87.147634	 86.697103	 86.260262	 85.837291	 85.428322	 85.033445	  84.65271	 84.286125	 83.933658	 83.595239	 83.270766	 82.960098	 82.663065	 82.379467	 82.109074	 81.851634	 81.606869	 81.374481	 81.154153	 80.945551	 80.748329	 80.562126	 80.386574	 80.221293	 80.065902	 79.920013	 79.783237	 79.655184	 79.535465	 79.423695	 79.319492	  79.22248	 79.132288	 79.048555	 78.970926	 78.899058	 78.832616	 78.771276	 78.714726	 78.662664	 78.614802	 78.570862	 78.530579	   78.4937	 78.459984	 78.429205	 78.401144	 78.375599	 78.352375	 78.331291	 78.312177	 78.294873	  78.27923	 78.265107	 78.252375	 78.240913	 78.230609	 78.221358	 78.213065	 78.205641	 78.199003	 78.193078	 78.187795	 78.183092	 78.178911	 78.175199	 78.171908	 78.168995	  78.16642	 78.164146	 78.162141	 78.160376	 78.158825	 78.157463	 78.156269	 78.155223	 78.154309	 78.153511	 78.152815	  78.15221	 78.151683	 78.151226	 78.150829	 78.150486	  78.15019	 78.149933	 78.149713	 78.149522	 78.149359	 78.149218	 78.149098	 78.148995	 78.148907	 78.148832	 78.148768	 78.148713	 78.148667	 78.148627	 78.148594	 78.148565	 78.148541	 78.148521	 78.148504	  78.14849	 78.148478	 78.148468	 78.148459	 78.148452	 78.148446	 78.148441	 78.148437	 78.148433	 78.148431	 78.148428	 78.148426	 78.148425	 78.148423	 78.148422	 78.148421	  78.14842	  78.14842	 78.148419	 78.148419	 78.148419	 78.148418	 78.148418	 78.148418	 78.148418	 78.148418	 78.148417	 78.148417	 78.148417	 78.148417	 78.148417	 78.148417	 78.148417	 78.148417	 78.148417	 78.148417	 78.148417	 78.148417	 78.148417	 78.148417	 78.148417	 78.148417	 78.148417	 78.148417	 78.148417	 78.148417	 78.148417	 78.148417	 78.148417	 78.148417	 78.148417	 78.148417	 78.148417	 78.148417	 78.148417	 78.148417	 78.148417	 78.148417	 78.148417	 78.148417	 78.148417	 78.148417	 78.148417	 78.148417	 78.148417	 78.148417	 78.148417	 78.148417	 78.148417	 78.148417	 78.148417	 78.148417	 78.148417	 78.148417	 78.148417	 78.148417	
        99	  98.31084	 97.622646	  96.93638	 96.252997	 95.573437	 94.898628	 94.229475	 93.566861	 92.911642	 92.264644	 91.626659	 90.998444	 90.380715	  89.77415	 89.179382	 88.596998	 88.027541	 87.471503	 86.929329	 86.401415	 85.888106	 85.389698	 84.906435	 84.438516	 83.986086	 83.549247	 83.128052	 82.722511	 82.332587	 81.958206	 81.599252	  81.25557	 80.926972	 80.613236	  80.31411	 80.029312	 79.758536	 79.501453	 79.257711	 79.026942	 78.808761	 78.602771	 78.408563	 78.225719	 78.053815	 77.892423	 77.741112	 77.599451	  77.46701	 77.343362	 77.228086	 77.120764	 77.020988	 76.928357	 76.842479	 76.762974	 76.689471	 76.621613	 76.559053	 76.501459	 76.448511	 76.399901	 76.355337	 76.314539	 76.277241	 76.243191	 76.212148	 76.183888	 76.158196	 76.134872	 76.113727	 76.094584	 76.077278	 76.061655	  76.04757	  76.03489	 76.023491	 76.013257	 76.004082	 75.995869	 75.988526	 75.981971	 75.976127	 75.970924	 75.966299	 75.962192	 75.958552	 75.955329	  75.95248	 75.949965	 75.947747	 75.945795	 75.944078	 75.942571	  75.94125	 75.940094	 75.939083	   75.9382	  75.93743	  75.93676	 75.936178	 75.935672	 75.935233	 75.934854	 75.934525	 75.934242	 75.933998	 75.933787	 75.933606	 75.933451	 75.933318	 75.933204	 75.933106	 75.933023	 75.932952	 75.932892	  75.93284	 75.932797	  75.93276	 75.932729	 75.932702	  75.93268	 75.932661	 75.932645	 75.932632	  75.93262	 75.932611	 75.932603	 75.932597	 75.932591	 75.932586	 75.932583	 75.932579	 75.932577	 75.932575	 75.932573	 75.932571	  75.93257	 75.932569	 75.932568	 75.932568	 75.932567	 75.932567	 75.932566	 75.932566	 75.932566	 75.932565	 75.932565	 75.932565	 75.932565	 75.932565	 75.932565	 75.932565	 75.932565	 75.932565	 75.932565	 75.932565	 75.932565	 75.932565	 75.932565	 75.932565	 75.932565	 75.932565	 75.932565	 75.932565	 75.932565	 75.932564	 75.932564	 75.932564	 75.932564	 75.932564	 75.932564	 75.932564	 75.932564	 75.932564	 75.932564	 75.932564	 75.932564	 75.932564	 75.932564	 75.932564	 75.932564	 75.932564	 75.932564	 75.932564	 75.932564	 75.932564	 75.932564	 75.932564	 75.932564	 75.932564	 75.932564	 75.932564	 75.932564	 75.932564	 75.932564	 75.932564	 75.932564	 75.932564	
        99	 98.245561	  97.49218	  96.74091	 95.992795	 95.248867	 94.510139	 93.777602	 93.052224	 92.334942	 91.626659	 90.928243	 90.240522	 89.564281	 88.900262	 88.249156	 87.611608	  86.98821	 86.379503	 85.785974	 85.208055	 84.646125	 84.100506	 83.571469	 83.059227	 82.563942	 82.085725	 81.624634	 81.180679	 80.753822	 80.343979	 79.951023	 79.574788	 79.215064	 78.871611	 78.544151	 78.232377	 77.935953	 77.654518	 77.387689	 77.135061	 76.896214	 76.670713	 76.458109	 76.257945	 76.069758	 75.893079	 75.727436	 75.572357	 75.427371	 75.292011	 75.165816	 75.048328	 74.939101	 74.837696	 74.743684	 74.656648	 74.576183	 74.501897	 74.433412	 74.370362	 74.312399	 74.259184	 74.210399	 74.165737	 74.124906	 74.087631	 74.053648	 74.022711	 73.994585	 73.969052	 73.945904	 73.924948	 73.906003	   73.8889	 73.873481	   73.8596	 73.847121	 73.835918	 73.825874	 73.816883	 73.808844	 73.801668	 73.795271	 73.789575	 73.784512	 73.780016	 73.776031	 73.772503	 73.769384	  73.76663	 73.764203	 73.762066	 73.760187	 73.758537	 73.757091	 73.755825	 73.754718	 73.753751	 73.752909	 73.752175	 73.751537	 73.750984	 73.750504	 73.750088	 73.749729	 73.749419	 73.749151	 73.748921	 73.748723	 73.748553	 73.748407	 73.748282	 73.748175	 73.748084	 73.748007	 73.747941	 73.747884	 73.747837	 73.747796	 73.747762	 73.747733	 73.747708	 73.747688	  73.74767	 73.747656	 73.747643	 73.747633	 73.747624	 73.747617	 73.747611	 73.747606	 73.747602	 73.747599	 73.747596	 73.747593	 73.747591	  73.74759	 73.747588	 73.747587	 73.747586	 73.747586	 73.747585	 73.747584	 73.747584	 73.747584	 73.747583	 73.747583	 73.747583	 73.747583	 73.747583	 73.747583	 73.747583	 73.747582	 73.747582	 73.747582	 73.747582	 73.747582	 73.747582	 73.747582	 73.747582	 73.747582	 73.747582	 73.747582	 73.747582	 73.747582	 73.747582	 73.747582	 73.747582	 73.747582	 73.747582	 73.747582	 73.747582	 73.747582	 73.747582	 73.747582	 73.747582	 73.747582	 73.747582	 73.747582	 73.747582	 73.747582	 73.747582	 73.747582	 73.747582	 73.747582	 73.747582	 73.747582	 73.747582	 73.747582	 73.747582	 73.747582	 73.747582	 73.747582	 73.747582	 73.747582	 73.747582	 73.747582	 73.747582	 73.747582	
        99	 98.181282	 97.363713	 96.548434	 95.736579	 94.929267	 94.127598	 93.332649	 92.545468	 91.767073	 90.998444	 90.240522	 89.494206	  88.76035	 88.039755	 87.333174	 86.641307	 85.964795	 85.304226	 84.660128	  84.03297	 83.423162	 82.831057	 82.256944	 81.701059	 81.163576	 80.644615	 80.144238	 79.662458	 79.199232	  78.75447	 78.328035	 77.919744	 77.529372	 77.156656	 76.801297	 76.462959	  76.14128	 75.835867	 75.546303	 75.272152	 75.012955	 74.768241	 74.537523	 74.320306	 74.116085	 73.924353	 73.744597	 73.576304	 73.418966	 73.272074	 73.135127	 73.007629	 72.889096	 72.779051	 72.677029	 72.582578	 72.495257	 72.414642	 72.340322	 72.271901	 72.208998	 72.151251	 72.098309	 72.049842	 72.005532	  71.96508	 71.928203	 71.894629	 71.864108	 71.836399	 71.811279	 71.788538	 71.767978	 71.749418	 71.732685	 71.717622	  71.70408	 71.691922	 71.681023	 71.671265	 71.662542	 71.654755	 71.647812	 71.641631	 71.636136	 71.631258	 71.626933	 71.623105	  71.61972	 71.616732	 71.614097	 71.611778	 71.609739	 71.607949	 71.606379	 71.605005	 71.603804	 71.602755	 71.601841	 71.601045	 71.600353	 71.599752	 71.599231	  71.59878	  71.59839	 71.598053	 71.597763	 71.597513	 71.597298	 71.597114	 71.596956	  71.59682	 71.596704	 71.596605	 71.596521	 71.596449	 71.596388	 71.596337	 71.596293	 71.596255	 71.596224	 71.596197	 71.596175	 71.596156	  71.59614	 71.596127	 71.596116	 71.596106	 71.596099	 71.596092	 71.596087	 71.596082	 71.596078	 71.596075	 71.596073	  71.59607	 71.596069	 71.596067	 71.596066	 71.596065	 71.596064	 71.596063	 71.596063	 71.596062	 71.596062	 71.596062	 71.596062	 71.596061	 71.596061	 71.596061	 71.596061	 71.596061	 71.596061	 71.596061	 71.596061	 71.596061	 71.596061	 71.596061	 71.596061	 71.596061	 71.596061	 71.596061	 71.596061	 71.596061	  71.59606	  71.59606	  71.59606	  71.59606	  71.59606	  71.59606	  71.59606	  71.59606	  71.59606	  71.59606	  71.59606	  71.59606	  71.59606	  71.59606	  71.59606	  71.59606	  71.59606	  71.59606	  71.59606	  71.59606	  71.59606	  71.59606	  71.59606	  71.59606	  71.59606	  71.59606	  71.59606	  71.59606	  71.59606	  71.59606	  71.59606	  71.59606	  71.59606	  71.59606	  71.59606	
        99	 98.118077	  97.23739	  96.35917	 95.484639	 94.615002	 93.751444	 92.895124	 92.047172	 91.208684	 90.380715	 89.564281	  88.76035	 87.969838	 87.193613	 86.432484	 85.687203	 84.958464	 84.246899	 83.553075	   82.8775	 82.220615	 81.582798	 80.964364	 80.365564	 79.786587	 79.227561	 78.688556	 78.169582	 77.670595	 77.191497	  76.73214	 76.292329	  75.87182	 75.470331	 75.087537	  74.72308	 74.376567	 74.047575	 73.735658	 73.440342	 73.161135	 72.897528	 72.648999	 72.415013	 72.195026	 71.988492	 71.794859	 71.613575	  71.44409	 71.285857	 71.138338	 71.000998	 70.873314	 70.754773	 70.644875	 70.543132	 70.449071	 70.362232	 70.282175	 70.208471	 70.140713	 70.078507	 70.021478	 69.969269	 69.921539	 69.877965	  69.83824	 69.802075	 69.769197	 69.739349	  69.71229	 69.687793	 69.665647	 69.645653	 69.627629	 69.611403	 69.596815	 69.583719	 69.571978	 69.561467	 69.552071	 69.543682	 69.536203	 69.529545	 69.523626	 69.518372	 69.513713	 69.509589	 69.505943	 69.502724	 69.499886	 69.497388	 69.495191	 69.493263	 69.491572	 69.490092	 69.488798	 69.487668	 69.486684	 69.485826	 69.485081	 69.484433	 69.483872	 69.483386	 69.482966	 69.482604	 69.482291	 69.482022	  69.48179	 69.481591	 69.481421	 69.481275	  69.48115	 69.481044	 69.480953	 69.480876	  69.48081	 69.480754	 69.480707	 69.480667	 69.480633	 69.480604	  69.48058	  69.48056	 69.480543	 69.480528	 69.480516	 69.480506	 69.480498	 69.480491	 69.480485	  69.48048	 69.480476	 69.480473	  69.48047	 69.480468	 69.480466	 69.480464	 69.480463	 69.480462	 69.480461	  69.48046	  69.48046	 69.480459	 69.480459	 69.480458	 69.480458	 69.480458	 69.480458	 69.480458	 69.480457	 69.480457	 69.480457	 69.480457	 69.480457	 69.480457	 69.480457	 69.480457	 69.480457	 69.480457	 69.480457	 69.480457	 69.480457	 69.480457	 69.480457	 69.480457	 69.480457	 69.480457	 69.480457	 69.480457	 69.480457	 69.480457	 69.480457	 69.480457	 69.480457	 69.480457	 69.480457	 69.480457	 69.480457	 69.480457	 69.480457	 69.480457	 69.480457	 69.480457	 69.480457	 69.480457	 69.480457	 69.480457	 69.480457	 69.480457	 69.480457	 69.480457	 69.480457	 69.480457	 69.480457	 69.480457	 69.480457	 69.480457	 69.480457	
        99	 98.056013	 97.113349	 96.173327	 95.237253	 94.306417	 93.382087	 92.465505	 91.557881	 90.660385	  89.77415	 88.900262	 88.039755	 87.193613	 86.362762	  85.54807	 84.750342	  83.97032	 83.208679	 82.466029	 81.742912	   81.0398	 80.357099	 79.695144	 79.054204	 78.434483	 77.836117	  77.25918	 76.703685	 76.169583	  75.65677	 75.165087	 74.694325	 74.244224	  73.81448	 73.404749	 73.014644	 72.643746	 72.291603	 71.957735	 71.641636	 71.342781	 71.060624	 70.794605	 70.544153	 70.308686	 70.087617	 69.880357	 69.686316	 69.504904	 69.335537	 69.177636	 69.030631	 68.893962	 68.767079	 68.649448	 68.540545	 68.439864	 68.346915	 68.261223	 68.182333	 68.109807	 68.043223	 67.982181	 67.926298	 67.875209	 67.828569	 67.786048	 67.747338	 67.712147	 67.680199	 67.651235	 67.625014	 67.601309	 67.579909	 67.560617	 67.543248	 67.527634	 67.513616	 67.501049	 67.489799	 67.479741	 67.470762	 67.462757	 67.455631	 67.449295	 67.443671	 67.438684	  67.43427	 67.430367	 67.426922	 67.423884	  67.42121	 67.418859	 67.416795	 67.414986	 67.413401	 67.412016	 67.410807	 67.409753	 67.408835	 67.408037	 67.407344	 67.406744	 67.406224	 67.405774	 67.405386	 67.405051	 67.404763	 67.404515	 67.404302	  67.40412	 67.403964	  67.40383	 67.403716	 67.403619	 67.403536	 67.403466	 67.403406	 67.403356	 67.403313	 67.403277	 67.403246	  67.40322	 67.403198	  67.40318	 67.403165	 67.403152	 67.403141	 67.403132	 67.403124	 67.403118	 67.403113	 67.403109	 67.403105	 67.403102	   67.4031	 67.403097	 67.403096	 67.403094	 67.403093	 67.403092	 67.403091	 67.403091	  67.40309	  67.40309	  67.40309	 67.403089	 67.403089	 67.403089	 67.403089	 67.403089	 67.403088	 67.403088	 67.403088	 67.403088	 67.403088	 67.403088	 67.403088	 67.403088	 67.403088	 67.403088	 67.403088	 67.403088	 67.403088	 67.403088	 67.403088	 67.403088	 67.403088	 67.403088	 67.403088	 67.403088	 67.403088	 67.403088	 67.403088	 67.403088	 67.403088	 67.403088	 67.403088	 67.403088	 67.403088	 67.403088	 67.403088	 67.403088	 67.403088	 67.403088	 67.403088	 67.403088	 67.403088	 67.403088	 67.403088	 67.403088	 67.403088	 67.403088	 67.403088	 67.403088	 67.403088	 67.403088	 67.403088	 67.403088	
        99	 97.995156	 96.991722	 95.991098	 94.994678	 94.003833	 93.019914	 92.044242	 91.078105	  90.12275	 89.179382	 88.249156	 87.333174	 86.432484	  85.54807	 84.680857	 83.831701	 83.001393	 82.190651	 81.400125	  80.63039	 79.881951	 79.155237	 78.450607	 77.768348	 77.108675	 76.471735	 75.857604	 75.266297	 74.697763	  74.15189	  73.62851	 73.127399	 72.648282	 72.190834	 71.754688	 71.339434	 70.944626	 70.569781	  70.21439	 69.877914	 69.559792	 69.259446	 68.976277	 68.709679	 68.459032	 68.223712	 68.003091	  67.79654	 67.603433	 67.423148	 67.255067	 67.098586	 66.953106	 66.818044	 66.692829	 66.576906	 66.469734	 66.370793	 66.279577	 66.195602	   66.1184	 66.047524	 65.982547	 65.923061	 65.868679	 65.819031	  65.77377	 65.732565	 65.695104	 65.661097	 65.630266	 65.602355	 65.577122	 65.554342	 65.533806	 65.515318	 65.498697	 65.483776	 65.470399	 65.458423	 65.447717	 65.438159	 65.429638	 65.422052	 65.415308	 65.409321	 65.404013	 65.399314	  65.39516	 65.391493	 65.388259	 65.385413	  65.38291	 65.380713	 65.378787	   65.3771	 65.375626	 65.374339	 65.373217	  65.37224	  65.37139	 65.370653	 65.370014	  65.36946	 65.368981	 65.368568	 65.368212	 65.367905	 65.367642	 65.367415	 65.367221	 65.367055	 65.366913	 65.366791	 65.366688	   65.3666	 65.366525	 65.366461	 65.366407	 65.366362	 65.366323	  65.36629	 65.366263	  65.36624	  65.36622	 65.366204	  65.36619	 65.366179	 65.366169	 65.366161	 65.366154	 65.366149	 65.366144	  65.36614	 65.366137	 65.366135	 65.366132	 65.366131	 65.366129	 65.366128	 65.366127	 65.366126	 65.366125	 65.366125	 65.366124	 65.366124	 65.366124	 65.366123	 65.366123	 65.366123	 65.366123	 65.366123	 65.366123	 65.366123	 65.366123	 65.366123	 65.366123	 65.366123	 65.366122	 65.366122	 65.366122	 65.366122	 65.366122	 65.366122	 65.366122	 65.366122	 65.366122	 65.366122	 65.366122	 65.366122	 65.366122	 65.366122	 65.366122	 65.366122	 65.366122	 65.366122	 65.366122	 65.366122	 65.366122	 65.366122	 65.366122	 65.366122	 65.366122	 65.366122	 65.366122	 65.366122	 65.366122	 65.366122	 65.366122	 65.366122	 65.366122	 65.366122	 65.366122	 65.366122	 65.366122	 65.366122	 65.366122	 65.366122	 65.366122	
        99	 97.935567	 96.872626	 95.812664	 94.757153	 93.707549	 92.665282	 91.631751	  90.60832	  89.59631	 88.596998	 87.611608	 86.641307	 85.687203	 84.750342	 83.831701	 82.932189	 82.052642	 81.193821	 80.356415	 79.541034	  78.74821	 77.978401	 77.231986	 76.509268	 75.810475	 75.135762	 74.485213	  73.85884	 73.256591	 72.678347	  72.12393	 71.593102	 71.085572	 70.600997	 70.138987	 69.699108	 69.280887	 68.883813	 68.507347	 68.150917	 67.813931	 67.495773	 67.195813	 66.913405	 66.647894	  66.39862	 66.164916	 65.946116	 65.741558	 65.550581	 65.372534	 65.206772	 65.052666	 64.909594	 64.776954	 64.654156	  64.54063	 64.435821	 64.339196	 64.250241	 64.168461	 64.093382	 64.024552	 63.961539	 63.903932	  63.85134	 63.803394	 63.759746	 63.720064	  63.68404	 63.651381	 63.621815	 63.595085	 63.570955	 63.549201	 63.529616	  63.51201	 63.496204	 63.482034	 63.469348	 63.458007	 63.447882	 63.438856	  63.43082	 63.423677	 63.417334	 63.411712	 63.406734	 63.402334	 63.398448	 63.395023	 63.392008	 63.389357	  63.38703	 63.384989	 63.383203	 63.381641	 63.380278	 63.379089	 63.378054	 63.377154	 63.376373	 63.375696	 63.375109	 63.374602	 63.374165	 63.373787	 63.373462	 63.373183	 63.372943	 63.372738	 63.372562	 63.372411	 63.372282	 63.372173	  63.37208	    63.372	 63.371933	 63.371876	 63.371827	 63.371786	 63.371752	 63.371723	 63.371698	 63.371678	  63.37166	 63.371646	 63.371634	 63.371623	 63.371615	 63.371608	 63.371602	 63.371597	 63.371593	  63.37159	 63.371587	 63.371585	 63.371583	 63.371581	  63.37158	 63.371579	 63.371578	 63.371577	 63.371576	 63.371576	 63.371576	 63.371575	 63.371575	 63.371575	 63.371575	 63.371575	 63.371574	 63.371574	 63.371574	 63.371574	 63.371574	 63.371574	 63.371574	 63.371574	 63.371574	 63.371574	 63.371574	 63.371574	 63.371574	 63.371574	 63.371574	 63.371574	 63.371574	 63.371574	 63.371574	 63.371574	 63.371574	 63.371574	 63.371574	 63.371574	 63.371574	 63.371574	 63.371574	 63.371574	 63.371574	 63.371574	 63.371574	 63.371574	 63.371574	 63.371574	 63.371574	 63.371574	 63.371574	 63.371574	 63.371574	 63.371574	 63.371574	 63.371574	 63.371574	 63.371574	 63.371574	 63.371574	 63.371574	 63.371574	
        99	   97.8773	 96.756174	  95.63819	 94.524901	 93.417842	 92.318521	 91.228415	 90.148961	 89.081555	 88.027541	  86.98821	 85.964795	 84.958464	  83.97032	 83.001393	 82.052642	 81.124948	 80.219117	 79.335871	 78.475856	 77.639634	 76.827686	 76.040412	 75.278133	 74.541088	 73.829442	 73.143282	 72.482622	 71.847406	  71.23751	 70.652745	  70.09286	 69.557548	 69.046448	 68.559148	  68.09519	 67.654076	 67.235267	 66.838193	 66.462253	  66.10682	 65.771247	 65.454867	    65.157	 64.876956	 64.614037	  64.36754	 64.136764	 63.921008	 63.719578	 63.531784	  63.35695	 63.194407	 63.043505	 62.903604	 62.774084	 62.654344	 62.543798	 62.441884	  62.34806	 62.261803	 62.182615	 62.110017	 62.043555	 61.982794	 61.927324	 61.876754	 61.830716	 61.788862	 61.750866	  61.71642	 61.685235	 61.657043	 61.631591	 61.608646	  61.58799	  61.56942	 61.552749	 61.537803	 61.524423	 61.512461	 61.501782	 61.492262	 61.483786	 61.476251	 61.469562	 61.463632	 61.458382	  61.45374	 61.449643	  61.44603	  61.44285	 61.440053	 61.437599	 61.435447	 61.433563	 61.431915	 61.430477	 61.429223	 61.428132	 61.427183	 61.426359	 61.425645	 61.425026	 61.424491	  61.42403	 61.423632	 61.423289	 61.422994	 61.422741	 61.422524	 61.422339	  61.42218	 61.422044	 61.421929	  61.42183	 61.421747	 61.421676	 61.421615	 61.421564	 61.421521	 61.421485	 61.421454	 61.421428	 61.421406	 61.421388	 61.421373	  61.42136	 61.421349	  61.42134	 61.421333	 61.421327	 61.421321	 61.421317	 61.421314	 61.421311	 61.421308	 61.421306	 61.421305	 61.421303	 61.421302	 61.421301	   61.4213	   61.4213	 61.421299	 61.421299	 61.421298	 61.421298	 61.421298	 61.421298	 61.421298	 61.421297	 61.421297	 61.421297	 61.421297	 61.421297	 61.421297	 61.421297	 61.421297	 61.421297	 61.421297	 61.421297	 61.421297	 61.421297	 61.421297	 61.421297	 61.421297	 61.421297	 61.421297	 61.421297	 61.421297	 61.421297	 61.421297	 61.421297	 61.421297	 61.421297	 61.421297	 61.421297	 61.421297	 61.421297	 61.421297	 61.421297	 61.421297	 61.421297	 61.421297	 61.421297	 61.421297	 61.421297	 61.421297	 61.421297	 61.421297	 61.421297	 61.421297	 61.421297	 61.421297	 61.421297	 61.421297	 61.421297	 61.421297	
