Time step 18:
        99	        99	        99	        99	        99	        99	        99	        99	        99	        99	        99	        99	        99	        99	        99	        99	        99	        99	        99	        99	        99	        99	        99	        99	        99	        99	        99	        99	        99	        99	        99	        99	        99	        99	        99	        99	        99	        99	        99	        99	        99	        99	        99	        99	        99	        99	        99	        99	        99	        99	        99	        99	        99	        99	        99	        99	        99	        99	        99	        99	        99	        99	        99	        99	        99	        99	        99	        99	        99	        99	        99	        99	        99	        99	        99	        99	        99	        99	        99	        99	        99	        99	        99	        99	        99	        99	        99	        99	        99	        99	        99	        99	        99	        99	        99	        99	        99	        99	        99	        99	        99	        99	        99	        99	        99	        99	        99	        99	        99	        99	        99	        99	        99	        99	        99	        99	        99	        99	        99	        99	        99	        99	        99	        99	        99	        99	        99	        99	        99	        99	        99	        99	        99	        99	        99	        99	        99	        99	        99	        99	        99	        99	        99	        99	        99	        99	        99	        99	        99	        99	        99	        99	        99	        99	        99	        99	        99	        99	        99	        99	        99	        99	        99	        99	        99	        99	        99	        99	        99	        99	        99	        99	        99	        99	        99	        99	        99	        99	        99	        99	        99	        99	        99	        99	        99	        99	        99	        99	        99	        99	        99	        99	        99	        99	        99	        99	        99	        99	        99	        99	
        99	 98.964733	  98.92949	 98.894296	 98.859177	 98.824156	 98.789258	 98.754506	 98.719925	 98.685537	 98.651365	 98.617432	  98.58376	  98.55037	 98.517284	 98.484521	   98.4521	 98.420042	 98.388363	 98.357082	 98.326215	 98.295778	 98.265786	 98.236253	 98.207193	 98.178618	  98.15054	 98.122969	 98.095916	 98.069388	 98.043395	 98.017943	 97.993038	 97.968686	 97.944892	 97.921658	 97.898987	 97.876882	 97.855343	  97.83437	 97.813964	 97.794122	 97.774842	 97.756122	 97.737958	 97.720347	 97.703282	 97.686759	 97.670772	 97.655314	 97.640378	 97.625957	 97.612043	 97.598627	   97.5857	 97.573254	 97.561279	 97.549765	 97.538702	 97.528081	 97.517889	 97.508118	 97.498756	 97.489792	 97.481215	 97.473015	 97.465181	   97.4577	 97.450563	 97.443759	 97.437275	 97.431103	  97.42523	 97.419646	 97.414341	 97.409304	 97.404525	 97.399995	 97.395702	 97.391638	 97.387792	 97.384157	 97.380722	 97.377479	  97.37442	 97.371535	 97.368818	 97.366259	 97.363852	 97.361589	 97.359463	 97.357466	 97.355594	 97.353838	 97.352193	 97.350652	 97.349212	 97.347864	 97.346606	 97.345431	 97.344335	 97.343313	  97.34236	 97.341474	 97.340649	 97.339883	  97.33917	 97.338509	 97.337895	 97.337327	   97.3368	 97.336312	 97.335861	 97.335443	 97.335058	 97.334702	 97.334374	 97.334071	 97.333792	 97.333535	 97.333299	 97.333082	 97.332882	 97.332699	 97.332531	 97.332377	 97.332236	 97.332107	 97.331989	 97.331881	 97.331782	 97.331692	  97.33161	 97.331535	 97.331467	 97.331404	 97.331348	 97.331296	  97.33125	 97.331207	 97.331169	 97.331134	 97.331102	 97.331074	 97.331048	 97.331025	 97.331003	 97.330984	 97.330967	 97.330952	 97.330938	 97.330925	 97.330914	 97.330904	 97.330894	 97.330886	 97.330879	 97.330872	 97.330866	 97.330861	 97.330856	 97.330852	 97.330848	 97.330845	 97.330842	 97.330839	 97.330837	 97.330835	 97.330833	 97.330831	  97.33083	 97.330828	 97.330827	 97.330826	 97.330825	 97.330824	 97.330824	 97.330823	 97.330822	 97.330822	 97.330821	 97.330821	 97.330821	  97.33082	  97.33082	  97.33082	  97.33082	 97.330819	 97.330819	 97.330819	 97.330819	 97.330819	 97.330819	 97.330819	 97.330819	 97.330819	 97.330819	 97.330819	 97.330819	 97.330819	
        99	  98.92949	 98.859029	 98.788667	 98.718453	 98.648436	 98.578664	 98.509184	 98.440046	 98.371294	 98.302974	 98.235133	 98.167812	 98.101056	 98.034906	 97.969403	 97.904584	  97.84049	 97.777155	 97.714615	 97.652902	  97.59205	 97.532087	 97.473042	 97.414942	 97.357813	 97.301676	 97.246553	 97.192465	 97.139429	 97.087461	 97.036574	 96.986782	 96.938096	 96.890523	 96.844072	 96.798746	 96.754551	 96.711488	 96.669558	 96.628759	 96.589089	 96.550543	 96.513117	 96.476802	  96.44159	 96.407473	 96.374439	 96.342476	 96.311571	  96.28171	 96.252878	 96.225059	 96.198237	 96.172393	 96.147509	 96.123567	 96.100547	  96.07843	 96.057193	 96.036818	 96.017282	 95.998564	 95.980643	 95.963496	 95.947101	 95.931438	 95.916482	 95.902213	 95.888609	 95.875647	 95.863306	 95.851564	   95.8404	 95.829794	 95.819724	 95.810169	 95.801111	 95.792529	 95.784403	 95.776715	 95.769447	  95.76258	 95.756097	  95.74998	 95.744213	  95.73878	 95.733664	 95.728851	 95.724327	 95.720076	 95.716085	  95.71234	  95.70883	 95.705541	 95.702461	 95.699581	 95.696887	 95.694371	 95.692022	  95.68983	 95.687787	 95.685883	 95.684111	 95.682462	 95.680929	 95.679505	 95.678183	 95.676956	 95.675819	 95.674766	  95.67379	 95.672888	 95.672054	 95.671283	 95.670572	 95.669915	  95.66931	 95.668752	 95.668239	 95.667767	 95.667333	 95.666934	 95.666568	 95.666232	 95.665924	 95.665642	 95.665384	 95.665147	 95.664931	 95.664734	 95.664554	 95.664389	  95.66424	 95.664103	 95.663979	 95.663866	 95.663763	  95.66367	 95.663585	 95.663508	 95.663438	 95.663375	 95.663318	 95.663266	 95.663219	 95.663177	 95.663139	 95.663105	 95.663074	 95.663046	  95.66302	 95.662998	 95.662977	 95.662959	 95.662943	 95.662928	 95.662915	 95.662903	 95.662892	 95.662883	 95.662874	 95.662867	  95.66286	 95.662854	 95.662849	 95.662844	  95.66284	 95.662836	 95.662833	  95.66283	 95.662827	 95.662825	 95.662822	 95.662821	 95.662819	 95.662818	 95.662816	 95.662815	 95.662814	 95.662813	 95.662812	 95.662812	 95.662811	 95.662811	  95.66281	  95.66281	 95.662809	 95.662809	 95.662809	 95.662809	 95.662808	 95.662808	 95.662808	 95.662808	 95.662808	 95.662808	 95.662808	 95.662808	 95.662808	
        99	 98.894296	 98.788667	 98.683186	 98.577926	 98.472962	 98.368364	 98.264207	 98.160559	 98.057491	 97.955072	 97.853369	 97.752447	 97.652372	 97.553205	 97.455007	 97.357836	 97.261751	 97.166804	 97.073048	 96.980534	 96.889308	 96.799416	 96.710901	 96.623802	 96.538158	 96.454002	 96.371366	 96.290281	 96.210773	 96.132866	 96.056582	 95.981937	  95.90895	 95.837633	 95.767996	 95.700048	 95.633794	 95.569238	 95.506379	 95.445216	 95.385746	 95.327961	 95.271854	 95.217413	 95.164627	 95.113481	 95.063959	 95.016042	 94.969712	 94.924946	 94.881724	  94.84002	 94.799809	 94.761066	 94.723763	 94.687871	 94.653361	 94.620204	 94.588368	 94.557823	 94.528536	 94.500476	 94.473609	 94.447904	 94.423327	 94.399845	 94.377425	 94.356034	 94.335639	 94.316207	 94.297706	 94.280104	 94.263369	 94.247468	 94.232372	 94.218049	 94.204469	 94.191603	 94.179422	 94.167897	 94.157001	 94.146706	 94.136987	 94.127817	 94.119172	 94.111026	 94.103358	 94.096143	  94.08936	 94.082987	 94.077004	  94.07139	 94.066128	 94.061197	 94.056581	 94.052262	 94.048225	 94.044453	 94.040931	 94.037645	 94.034582	 94.031728	 94.029072	   94.0266	 94.024302	 94.022167	 94.020185	 94.018346	 94.016641	 94.015062	   94.0136	 94.012247	 94.010996	 94.009841	 94.008774	  94.00779	 94.006883	 94.006047	 94.005278	  94.00457	 94.003919	 94.003321	 94.002772	 94.002269	 94.001807	 94.001384	 94.000997	 94.000643	 94.000319	 94.000023	 93.999753	 93.999506	 93.999282	 93.999077	 93.998891	 93.998721	 93.998567	 93.998427	   93.9983	 93.998185	  93.99808	 93.997986	   93.9979	 93.997822	 93.997752	 93.997689	 93.997632	  93.99758	 93.997534	 93.997492	 93.997454	  93.99742	  93.99739	 93.997362	 93.997338	 93.997316	 93.997296	 93.997278	 93.997262	 93.997248	 93.997235	 93.997224	 93.997214	 93.997205	 93.997197	  93.99719	 93.997183	 93.997178	 93.997173	 93.997168	 93.997164	 93.997161	 93.997157	 93.997155	 93.997152	  93.99715	 93.997148	 93.997146	 93.997145	 93.997144	 93.997142	 93.997141	  93.99714	  93.99714	 93.997139	 93.997138	 93.997138	 93.997137	 93.997137	 93.997137	 93.997136	 93.997136	 93.997136	 93.997136	 93.997136	 93.997136	 93.997135	 93.997135	 93.997135	
        99	 98.859177	 98.718453	 98.577926	 98.437695	 98.297856	 98.158507	 98.019744	  97.88166	 97.744348	 97.607901	 97.472408	 97.337956	 97.204631	 97.072516	 96.941692	 96.812238	 96.684228	 96.557735	  96.43283	 96.309578	 96.188044	 96.068286	 95.950362	 95.834325	 95.720226	 95.608109	 95.498019	 95.389994	  95.28407	 95.180279	 95.078649	 94.979205	 94.881968	 94.786956	 94.694183	 94.603659	 94.515393	 94.429388	 94.345645	 94.264161	 94.184932	 94.107949	   94.0332	 93.960672	 93.890348	 93.822209	 93.756233	 93.692396	 93.630673	 93.571035	 93.513452	 93.457892	 93.404322	 93.352707	 93.303009	 93.255193	 93.209217	 93.165044	 93.122631	 93.081937	  93.04292	 93.005536	 92.969744	 92.935498	 92.902755	 92.871471	 92.841602	 92.813104	 92.785934	 92.760046	 92.735398	 92.711948	 92.689652	 92.668469	 92.648357	 92.629275	 92.611183	 92.594043	 92.577814	 92.562461	 92.547944	 92.534229	 92.521281	 92.509064	 92.497547	 92.486695	 92.476479	 92.466867	  92.45783	  92.44934	 92.441369	  92.43389	 92.426879	  92.42031	 92.414161	 92.408407	 92.403028	 92.398003	 92.393311	 92.388934	 92.384853	 92.381051	 92.377511	 92.374218	 92.371157	 92.368313	 92.365672	 92.363222	 92.360951	 92.358847	 92.356899	 92.355097	 92.353431	 92.351891	  92.35047	 92.349159	 92.347951	 92.346837	 92.345812	 92.344869	 92.344002	 92.343205	 92.342474	 92.341803	 92.341188	 92.340625	 92.340109	 92.339637	 92.339206	 92.338811	 92.338452	 92.338123	 92.337824	 92.337551	 92.337303	 92.337077	 92.336872	 92.336686	 92.336516	 92.336363	 92.336224	 92.336097	 92.335983	  92.33588	 92.335786	 92.335702	 92.335626	 92.335557	 92.335495	 92.335439	 92.335389	 92.335344	 92.335303	 92.335267	 92.335234	 92.335205	 92.335178	 92.335155	 92.335134	 92.335115	 92.335098	 92.335083	 92.335069	 92.335057	 92.335046	 92.335037	 92.335028	 92.335021	 92.335014	 92.335008	 92.335003	 92.334998	 92.334994	  92.33499	 92.334987	 92.334984	 92.334981	 92.334979	 92.334977	 92.334975	 92.334974	 92.334973	 92.334971	  92.33497	 92.334969	 92.334969	 92.334968	 92.334967	 92.334967	 92.334966	 92.334966	 92.334966	 92.334965	 92.334965	 92.334965	 92.334965	 92.334965	 92.334965	 92.334964	
        99	 98.824156	 98.648436	 98.472962	 98.297856	 98.123242	 97.949238	 97.775966	 97.603542	 97.432083	 97.261703	 97.092514	 96.924625	 96.758144	 96.593174	 96.429816	 96.268168	 96.108323	 95.950374	 95.794406	 95.640503	 95.488744	 95.339204	 95.191954	  95.04706	 94.904585	 94.764587	 94.627119	 94.492229	 94.359963	  94.23036	 94.103456	 93.979282	 93.857863	 93.739223	 93.623378	 93.510342	 93.400125	 93.292732	 93.188163	 93.086415	 92.987483	 92.891355	 92.798017	 92.707452	 92.619639	 92.534555	 92.452172	  92.37246	 92.295387	 92.220917	 92.149014	 92.079637	 92.012745	 91.948293	 91.886237	 91.826528	  91.76912	  91.71396	    91.661	 91.610186	 91.561466	 91.514786	 91.470092	  91.42733	 91.386444	  91.34738	 91.310084	 91.274498	  91.24057	 91.208245	 91.177468	 91.148186	 91.120345	 91.093894	  91.06878	 91.044953	 91.022362	 91.000959	 90.980695	 90.961523	 90.943396	 90.926271	 90.910102	 90.894847	 90.880465	 90.866915	 90.854158	 90.842156	 90.830871	  90.82027	 90.810317	 90.800978	 90.792224	 90.784021	 90.776342	 90.769158	 90.762441	 90.756166	 90.750307	 90.744842	 90.739746	 90.734998	 90.730579	 90.726467	 90.722644	 90.719092	 90.715795	 90.712736	   90.7099	 90.707273	  90.70484	  90.70259	 90.700509	 90.698587	 90.696813	 90.695176	 90.693666	 90.692276	 90.690996	 90.689818	 90.688736	 90.687741	 90.686828	  90.68599	 90.685222	 90.684519	 90.683875	 90.683285	 90.682747	 90.682255	 90.681805	 90.681395	 90.681022	 90.680681	 90.680371	 90.680089	 90.679833	   90.6796	 90.679389	 90.679197	 90.679023	 90.678866	 90.678723	 90.678594	 90.678477	 90.678372	 90.678277	 90.678191	 90.678114	 90.678044	 90.677981	 90.677925	 90.677874	 90.677828	 90.677788	 90.677751	 90.677718	 90.677688	 90.677662	 90.677638	 90.677617	 90.677598	 90.677582	 90.677567	 90.677553	 90.677541	 90.677531	 90.677521	 90.677513	 90.677505	 90.677499	 90.677493	 90.677488	 90.677483	 90.677479	 90.677475	 90.677472	 90.677469	 90.677467	 90.677465	 90.677463	 90.677461	 90.677459	 90.677458	 90.677457	 90.677456	 90.677455	 90.677454	 90.677454	 90.677453	 90.677453	 90.677452	 90.677452	 90.677452	 90.677451	 90.677451	 90.677451	 90.677451	 90.677451	
        99	 98.789258	 98.578664	 98.368364	 98.158507	 97.949238	 97.740702	 97.533041	 97.326398	 97.120911	 96.916717	  96.71395	 96.512742	 96.313221	  96.11551	 95.919732	 95.726002	 95.534435	 95.345139	 95.158217	  94.97377	 94.791893	 94.612675	 94.436201	 94.262551	 94.091801	 93.924018	 93.759267	 93.597608	 93.439092	 93.283768	 93.131678	 92.982859	 92.837344	 92.695158	 92.556322	 92.420853	 92.288763	 92.160055	 92.034733	 91.912793	 91.794226	  91.67902	 91.567158	  91.45862	  91.35338	 91.251409	 91.152676	 91.057144	 90.964775	 90.875526	 90.789353	 90.706207	 90.626039	 90.548797	 90.474424	 90.402866	 90.334064	 90.267958	 90.204487	 90.143588	 90.085199	 90.029254	 89.975691	 89.924442	 89.875442	 89.828626	 89.783927	 89.741279	 89.700618	 89.661877	 89.624992	 89.589898	 89.556532	 89.524831	 89.494734	 89.466178	 89.439104	 89.413452	 89.389167	  89.36619	 89.344466	 89.323942	 89.304564	 89.286282	 89.269045	 89.252806	 89.237517	 89.223133	 89.209609	 89.196904	 89.184975	 89.173784	 89.163291	 89.153461	 89.144258	 89.135648	 89.127598	 89.120078	 89.113056	 89.106506	 89.100399	 89.094709	 89.089412	 89.084484	 89.079903	 89.075646	 89.071694	 89.068028	 89.064629	 89.061481	 89.058565	 89.055868	 89.053375	 89.051072	 89.048945	 89.046983	 89.045174	 89.043508	 89.041974	 89.040563	 89.039265	 89.038073	 89.036979	 89.035975	 89.035054	 89.034211	 89.033439	 89.032733	 89.032087	 89.031498	 89.030959	 89.030468	  89.03002	 89.029612	 89.029241	 89.028903	 89.028595	 89.028316	 89.028063	 89.027833	 89.027625	 89.027436	 89.027265	 89.027111	 89.026971	 89.026844	  89.02673	 89.026628	 89.026535	 89.026451	 89.026376	 89.026309	 89.026248	 89.026193	 89.026144	   89.0261	 89.026061	 89.026025	 89.025994	 89.025965	  89.02594	 89.025917	 89.025897	 89.025879	 89.025863	 89.025849	 89.025836	 89.025825	 89.025815	 89.025806	 89.025798	 89.025791	 89.025785	 89.025779	 89.025774	  89.02577	 89.025766	 89.025763	  89.02576	 89.025757	 89.025755	 89.025753	 89.025751	 89.025749	 89.025748	 89.025747	 89.025746	 89.025745	 89.025744	 89.025743	 89.025743	 89.025742	 89.025742	 89.025741	 89.025741	 89.025741	 89.025741	 89.025741	 89.025741	
        99	 98.754506	 98.509184	 98.264207	 98.019744	 97.775966	 97.533041	 97.291137	 97.050418	 96.811046	  96.57318	 96.336977	 96.102589	 95.870166	 95.639853	  95.41179	 95.186114	 94.962957	 94.742445	   94.5247	 94.309837	 94.097968	 93.889197	 93.683622	 93.481337	  93.28243	 93.086979	 92.895061	 92.706743	 92.522088	 92.341151	 92.163981	 91.990622	  91.82111	 91.655478	 91.493748	  91.33594	 91.182067	 91.032136	 90.886148	   90.7441	 90.605981	 90.471777	 90.341469	 90.215033	 90.092438	 89.973652	 89.858638	 89.747353	 89.639752	 89.535786	 89.435402	 89.338546	 89.245158	 89.155178	 89.068542	 88.985183	 88.905035	 88.828028	 88.754091	  88.68315	 88.615132	 88.549962	 88.487566	 88.427866	 88.370786	 88.316249	  88.26418	   88.2145	 88.167133	 88.122004	 88.079036	 88.038155	 87.999288	 87.962359	 87.927298	 87.894033	 87.862494	 87.832614	 87.804323	 87.777557	 87.752251	 87.728342	 87.705769	 87.684472	 87.664394	 87.645476	 87.627666	  87.61091	 87.595156	 87.580356	  87.56646	 87.553423	   87.5412	 87.529749	 87.519029	 87.508999	 87.499621	 87.490861	 87.482682	 87.475051	 87.467937	 87.461309	 87.455138	 87.449398	 87.444061	 87.439102	 87.434499	 87.430228	 87.426269	 87.422601	 87.419205	 87.416063	 87.413159	 87.410476	 87.407998	 87.405713	 87.403606	 87.401665	 87.399878	 87.398234	 87.396722	 87.395334	 87.394059	 87.392889	 87.391817	 87.390835	 87.389936	 87.389113	 87.388361	 87.387674	 87.387046	 87.386474	 87.385953	 87.385477	 87.385045	 87.384651	 87.384293	 87.383968	 87.383673	 87.383405	 87.383162	 87.382942	 87.382743	 87.382563	   87.3824	 87.382253	  87.38212	 87.382001	 87.381893	 87.381795	 87.381708	 87.381629	 87.381558	 87.381494	 87.381437	 87.381386	  87.38134	 87.381299	 87.381262	 87.381229	   87.3812	 87.381173	  87.38115	 87.381129	  87.38111	 87.381093	 87.381079	 87.381065	 87.381054	 87.381043	 87.381034	 87.381026	 87.381019	 87.381012	 87.381006	 87.381001	 87.380997	 87.380993	  87.38099	 87.380986	 87.380984	 87.380981	 87.380979	 87.380977	 87.380976	 87.380974	 87.380973	 87.380972	 87.380971	 87.380971	  87.38097	 87.380969	 87.380969	 87.380968	 87.380968	 87.380968	 87.380968	 87.380967	 87.380967	
        99	 98.719925	 98.440046	 98.160559	  97.88166	 97.603542	 97.326398	 97.050418	  96.77579	 96.502698	 96.231325	 95.961849	 95.694445	 95.429281	 95.166525	 94.906336	  94.64887	 94.394278	 94.142704	 93.894286	 93.649157	 93.407442	 93.169262	 92.934729	  92.70395	 92.477023	  92.25404	 92.035088	 91.820242	 91.609576	  91.40315	 91.201024	 91.003244	 90.809855	  90.62089	 90.436378	 90.256341	 90.080793	 89.909741	 89.743189	 89.581131	 89.423556	 89.270447	 89.121784	 88.977536	 88.837673	 88.702154	 88.570938	 88.443977	 88.321219	 88.202608	 88.088084	 87.977583	 87.871041	 87.768385	 87.669545	 87.574444	 87.483007	 87.395152	 87.310799	 87.229865	 87.152266	 87.077916	  87.00673	  86.93862	   86.8735	 86.811281	 86.751876	 86.695198	 86.641159	 86.589673	 86.540653	 86.494013	  86.44967	  86.40754	  86.36754	 86.329589	 86.293608	 86.259518	 86.227242	 86.196706	 86.167835	 86.140558	 86.114806	 86.090509	 86.067602	  86.04602	 86.025701	 86.006584	 85.988611	 85.971726	 85.955872	 85.940999	 85.927055	 85.913991	  85.90176	 85.890317	 85.879619	 85.869624	 85.860293	 85.851587	 85.843471	 85.835909	  85.82887	  85.82232	 85.816232	 85.810575	 85.805323	 85.800451	 85.795934	 85.791749	 85.787875	  85.78429	 85.780977	 85.777915	 85.775089	 85.772482	 85.770078	 85.767863	 85.765825	 85.763949	 85.762225	  85.76064	 85.759186	 85.757852	 85.756629	 85.755508	 85.754482	 85.753544	 85.752686	 85.751902	 85.751186	 85.750533	 85.749938	 85.749396	 85.748902	 85.748453	 85.748045	 85.747674	 85.747337	 85.747032	 85.746755	 85.746504	 85.746277	 85.746071	 85.745885	 85.745718	 85.745566	 85.745429	 85.745306	 85.745195	 85.745095	 85.745005	 85.744925	 85.744852	 85.744787	 85.744728	 85.744676	 85.744629	 85.744587	 85.744549	 85.744516	 85.744486	 85.744459	 85.744435	 85.744413	 85.744394	 85.744378	 85.744362	 85.744349	 85.744337	 85.744327	 85.744317	 85.744309	 85.744302	 85.744295	 85.744289	 85.744284	  85.74428	 85.744276	 85.744272	 85.744269	 85.744267	 85.744264	 85.744262	  85.74426	 85.744259	 85.744257	 85.744256	 85.744255	 85.744254	 85.744253	 85.744253	 85.744252	 85.744252	 85.744251	 85.744251	 85.744251	 85.744251	 85.744251	
        99	 98.685537	 98.371294	 98.057491	 97.744348	 97.432083	 97.120911	 96.811046	 96.502698	 96.196076	 95.891384	 95.588821	 95.288584	 94.990863	 94.695845	  94.40371	 94.114633	 93.828782	 93.546319	   93.2674	 92.992173	 92.720781	 92.453357	 92.190028	 91.930913	 91.676123	 91.425763	 91.179927	 90.938702	 90.702169	 90.470399	 90.243455	 90.021392	 89.804258	 89.592092	 89.384926	 89.182783	 88.985681	 88.793628	 88.606626	  88.42467	 88.247747	  88.07584	 87.908923	 87.746965	 87.589929	 87.437771	 87.290444	 87.147895	 87.010064	  86.87689	 86.748304	 86.624237	 86.504612	 86.389353	 86.278377	   86.1716	 86.068935	 85.970293	 85.875584	 85.784712	 85.697585	 85.614107	 85.534181	 85.457708	 85.384593	 85.314735	 85.248036	 85.184399	 85.123725	 85.065917	 85.010878	 84.958512	 84.908725	 84.861422	  84.81651	   84.7739	 84.733501	 84.695225	 84.658987	 84.624701	 84.592285	  84.56166	 84.532745	 84.505465	 84.479745	 84.455513	   84.4327	 84.411236	 84.391056	 84.372097	 84.354298	 84.337598	 84.321942	 84.307274	 84.293541	 84.280693	 84.268682	  84.25746	 84.246983	 84.237208	 84.228096	 84.219606	 84.211702	 84.204348	 84.197512	  84.19116	 84.185264	 84.179793	 84.174722	 84.170023	 84.165673	 84.161649	 84.157928	 84.154491	 84.151318	  84.14839	 84.145691	 84.143205	 84.140916	  84.13881	 84.136874	 84.135095	 84.133462	 84.131964	 84.130591	 84.129333	 84.128181	 84.127127	 84.126163	 84.125283	  84.12448	 84.123747	 84.123079	  84.12247	 84.121916	 84.121411	 84.120953	 84.120536	 84.120158	 84.119815	 84.119504	 84.119223	 84.118968	 84.118737	 84.118528	  84.11834	  84.11817	 84.118016	 84.117878	 84.117754	 84.117641	  84.11754	  84.11745	 84.117368	 84.117295	 84.117229	  84.11717	 84.117118	  84.11707	 84.117028	  84.11699	 84.116957	 84.116927	   84.1169	 84.116876	 84.116854	 84.116835	 84.116819	 84.116804	  84.11679	 84.116778	 84.116768	 84.116758	  84.11675	 84.116743	 84.116736	 84.116731	 84.116726	 84.116721	 84.116717	 84.116714	 84.116711	 84.116708	 84.116706	 84.116704	 84.116702	   84.1167	 84.116699	 84.116698	 84.116697	 84.116696	 84.116695	 84.116695	 84.116694	 84.116694	 84.116693	 84.116693	 84.116693	 84.116693	
        99	 98.651365	 98.302974	 97.955072	 97.607901	 97.261703	 96.916717	  96.57318	 96.231325	 95.891384	 95.553582	  95.21814	 94.885278	 94.555205	 94.228128	 93.904248	 93.583757	 93.266844	 92.953687	 92.644458	 92.339324	  92.03844	 91.741956	 91.450012	  91.16274	 90.880264	 90.602697	 90.330147	  90.06271	 89.800474	 89.543518	 89.291913	 89.045719	  88.80499	 88.569768	  88.34009	 88.115981	  87.89746	 87.684538	 87.477215	 87.275486	 87.079339	 86.888751	 86.703696	 86.524138	 86.350037	 86.181345	 86.018009	 85.859969	 85.707161	 85.559515	 85.416956	 85.279407	 85.146784	 85.018999	 84.895964	 84.777584	 84.663763	 84.554402	   84.4494	 84.348655	  84.25206	  84.15951	 84.070899	 83.986116	 83.905055	 83.827606	  83.75366	 83.683107	  83.61584	 83.551751	 83.490731	 83.432675	 83.377477	 83.325033	 83.275242	 83.228001	 83.183212	 83.140777	 83.100601	 83.062589	 83.026651	 82.992697	 82.960641	 82.930396	 82.901882	 82.875017	 82.849724	 82.825928	 82.803555	 82.782536	 82.762802	 82.744288	 82.726931	 82.710669	 82.695444	   82.6812	 82.667883	 82.655441	 82.643826	 82.632989	 82.622886	 82.613474	 82.604711	 82.596558	 82.588979	 82.581937	   82.5754	 82.569335	 82.563712	 82.558503	 82.553681	 82.549219	 82.545094	 82.541283	 82.537765	  82.53452	 82.531528	 82.528771	 82.526233	 82.523898	 82.521752	  82.51978	 82.517969	 82.516309	 82.514786	 82.513391	 82.512114	 82.510946	 82.509878	 82.508902	 82.508011	 82.507198	 82.506457	 82.505783	 82.505168	 82.504609	 82.504101	 82.503639	  82.50322	  82.50284	 82.502495	 82.502183	   82.5019	 82.501644	 82.501413	 82.501204	 82.501015	 82.500845	 82.500692	 82.500554	 82.500429	 82.500317	 82.500217	 82.500126	 82.500045	 82.499972	 82.499907	 82.499849	 82.499796	  82.49975	 82.499708	  82.49967	 82.499637	 82.499607	 82.499581	 82.499557	 82.499536	 82.499517	 82.499501	 82.499486	 82.499473	 82.499461	 82.499451	 82.499441	 82.499433	 82.499426	  82.49942	 82.499414	 82.499409	 82.499405	 82.499401	 82.499398	 82.499395	 82.499392	  82.49939	 82.499388	 82.499386	 82.499385	 82.499383	 82.499382	 82.499381	 82.499381	  82.49938	 82.499379	 82.499379	 82.499378	 82.499378	 82.499378	 82.499378	
        99	 98.617432	 98.235133	 97.853369	 97.472408	 97.092514	  96.71395	 96.336977	 95.961849	 95.588821	  95.21814	 94.850051	  94.48479	 94.122592	  93.76368	 93.408277	 93.056593	 92.708834	 92.365197	 92.025871	 91.691038	 91.360869	 91.035528	 90.715169	 90.399937	 90.089967	 89.785385	 89.486308	 89.192841	 88.905081	 88.623116	 88.347021	 88.076866	 87.812706	  87.55459	 87.302557	 87.056636	 86.816847	   86.5832	 86.355699	 86.134336	 85.919097	 85.709959	 85.506893	 85.309859	 85.118813	 84.933702	 84.754468	 84.581046	 84.413365	 84.251348	 84.094915	 83.943978	 83.798446	 83.658224	 83.523214	 83.393312	 83.268413	 83.148408	 83.033186	 82.922635	 82.816639	 82.715081	 82.617845	 82.524811	  82.43586	 82.350873	 82.269729	  82.19231	 82.118496	 82.048168	 81.981209	 81.917502	 81.856932	 81.799384	 81.744747	 81.692908	  81.64376	 81.597194	 81.553108	 81.511396	 81.471961	 81.434702	 81.399525	 81.366337	 81.335047	 81.305568	 81.277813	 81.251701	 81.227151	 81.204086	 81.182432	 81.162115	 81.143068	 81.125224	 81.108517	 81.092886	 81.078273	 81.064621	 81.051875	 81.039984	 81.028897	 81.018569	 81.008953	 81.000007	  80.99169	 80.983963	  80.97679	 80.970134	 80.963964	 80.958248	 80.952956	  80.94806	 80.943534	 80.939352	 80.935492	  80.93193	 80.928647	 80.925622	 80.922837	 80.920275	  80.91792	 80.915756	 80.913769	 80.911947	 80.910276	 80.908745	 80.907344	 80.906062	  80.90489	 80.903819	 80.902841	  80.90195	 80.901137	 80.900396	 80.899722	 80.899108	 80.898551	 80.898044	 80.897584	 80.897167	 80.896789	 80.896446	 80.896136	 80.895855	 80.895601	 80.895372	 80.895165	 80.894978	  80.89481	 80.894658	 80.894522	 80.894399	 80.894289	 80.894189	   80.8941	 80.894021	 80.893949	 80.893885	 80.893827	 80.893776	  80.89373	 80.893689	 80.893652	  80.89362	  80.89359	 80.893565	 80.893541	 80.893521	 80.893503	 80.893486	 80.893472	 80.893459	 80.893448	 80.893438	 80.893429	 80.893421	 80.893414	 80.893408	 80.893403	 80.893398	 80.893394	  80.89339	 80.893387	 80.893384	 80.893381	 80.893379	 80.893377	 80.893376	 80.893374	 80.893373	 80.893372	 80.893371	  80.89337	  80.89337	 80.893369	 80.893369	 80.893368	 80.893368	 80.893368	
        99	  98.58376	 98.167812	 97.752447	 97.337956	 96.924625	 96.512742	 96.102589	 95.694445	 95.288584	 94.885278	  94.48479	 94.087381	 93.693303	 93.302802	 92.916118	  92.53348	 92.155113	  91.78123	 91.412039	 91.047735	 90.688507	  90.33453	 89.985975	 89.642997	 89.305745	 88.974355	 88.648954	 88.329657	  88.01657	 87.709788	 87.409393	 87.115459	 86.828049	 86.547216	    86.273	 86.005434	 85.744539	 85.490328	 85.242803	 85.001956	 84.767773	 84.540228	 84.319289	 84.104913	 83.897051	 83.695648	 83.500639	 83.311953	 83.129513	 82.953237	 82.783035	 82.618813	 82.460472	 82.307909	 82.161015	  82.01968	 81.883788	  81.75322	 81.627858	 81.507576	 81.392251	 81.281754	  81.17596	 81.074737	 80.977957	  80.88549	 80.797205	 80.712971	  80.63266	 80.556143	  80.48329	 80.413976	 80.348075	 80.285462	 80.226016	 80.169614	  80.11614	 80.065476	 80.017509	 79.972127	  79.92922	 79.888682	 79.850409	   79.8143	 79.780256	 79.748182	 79.717985	 79.689574	 79.662863	 79.637768	 79.614208	 79.592104	  79.57138	 79.551965	 79.533788	 79.516782	 79.500882	 79.486028	 79.472161	 79.459223	 79.447161	 79.435923	 79.425461	 79.415727	 79.406678	 79.398271	 79.390466	 79.383225	 79.376512	 79.370293	 79.364535	 79.359208	 79.354284	 79.349734	 79.345534	 79.341659	 79.338086	 79.334795	 79.331765	 79.328978	 79.326415	 79.324061	 79.321899	 79.319916	 79.318098	 79.316433	 79.314908	 79.313514	 79.312238	 79.311073	  79.31001	  79.30904	 79.308155	 79.307349	 79.306616	 79.305948	 79.305341	  79.30479	  79.30429	 79.303836	 79.303424	 79.303051	 79.302714	 79.302408	 79.302132	 79.301883	 79.301658	 79.301455	 79.301271	 79.301106	 79.300958	 79.300824	 79.300704	 79.300596	 79.300499	 79.300413	 79.300335	 79.300265	 79.300202	 79.300146	 79.300096	 79.300052	 79.300012	 79.299976	 79.299945	 79.299916	 79.299891	 79.299869	 79.299849	 79.299831	 79.299816	 79.299802	 79.299789	 79.299778	 79.299769	  79.29976	 79.299753	 79.299746	  79.29974	 79.299735	  79.29973	 79.299726	 79.299723	  79.29972	 79.299717	 79.299715	 79.299713	 79.299711	 79.299709	 79.299708	 79.299707	 79.299706	 79.299705	 79.299704	 79.299704	 79.299703	 79.299703	 79.299703	 79.299703	
        99	  98.55037	 98.101056	 97.652372	 97.204631	 96.758144	 96.313221	 95.870166	 95.429281	 94.990863	 94.555205	 94.122592	 93.693303	 93.267613	 92.845788	 92.428084	 92.014752	 91.606033	 91.202159	 90.803352	 90.409824	 90.021779	 89.639408	 89.262892	 88.892402	 88.528096	 88.170123	 87.818619	 87.473709	 87.135507	 86.804115	 86.479623	 86.162111	 85.851646	 85.548284	 85.252072	 84.963042	 84.681219	 84.406616	 84.139235	 83.879069	   83.6261	 83.380302	 83.141639	 82.910066	 82.685531	 82.467972	 82.257319	 82.053497	 81.856423	 81.666006	 81.482151	 81.304755	 81.133713	 80.968912	 80.810235	 80.657562	 80.510769	 80.369728	 80.234309	 80.104378	 79.979802	 79.860442	 79.746161	 79.636818	 79.532275	  79.43239	 79.337023	 79.246032	 79.159279	 79.076624	 78.997927	 78.923053	 78.851865	  78.78423	 78.720015	 78.659089	 78.601325	 78.546597	 78.494783	  78.44576	 78.399411	 78.355621	 78.314278	 78.275273	 78.238498	 78.203851	 78.171231	 78.140541	 78.111688	  78.08458	  78.05913	 78.035252	 78.012866	 77.991894	 77.972258	 77.953888	 77.936713	 77.920668	 77.905688	 77.891712	 77.878682	 77.866543	 77.855242	 77.844727	 77.834953	 77.825871	  77.81744	 77.809618	 77.802367	 77.795649	 77.789429	 77.783675	 77.778355	  77.77344	 77.768903	 77.764717	 77.760858	 77.757303	  77.75403	 77.751019	 77.748251	 77.745708	 77.743373	 77.741231	 77.739267	 77.737468	 77.735821	 77.734314	 77.732937	 77.731678	  77.73053	 77.729481	 77.728526	 77.727655	 77.726863	 77.726142	 77.725487	 77.724891	 77.724351	  77.72386	 77.723416	 77.723013	 77.722648	 77.722318	  77.72202	 77.721751	 77.721508	 77.721288	  77.72109	 77.720912	 77.720752	 77.720607	 77.720478	 77.720361	 77.720256	 77.720162	 77.720078	 77.720003	 77.719935	 77.719875	 77.719821	 77.719773	  77.71973	 77.719691	 77.719657	 77.719627	 77.719599	 77.719575	 77.719554	 77.719535	 77.719518	 77.719503	 77.719489	 77.719478	 77.719467	 77.719458	  77.71945	 77.719443	 77.719436	 77.719431	 77.719426	 77.719421	 77.719417	 77.719414	 77.719411	 77.719409	 77.719406	 77.719404	 77.719403	 77.719401	   77.7194	 77.719399	 77.719398	 77.719397	 77.719397	 77.719396	 77.719396	 77.719396	 77.719396	
        99	 98.517284	 98.034906	 97.553205	 97.072516	 96.593174	  96.11551	 95.639853	 95.166525	 94.695845	 94.228128	  93.76368	 93.302802	 92.845788	 92.392921	  91.94448	 91.500733	 91.061937	 90.628344	  90.20019	 89.777704	 89.361104	 88.950596	 88.546373	  88.14862	 87.757506	 87.373191	 86.995821	 86.625531	 86.262442	 85.906664	 85.558294	 85.217417	 84.884106	 84.558421	 84.240411	 83.930113	 83.627552	 83.332741	 83.045685	 82.766374	  82.49479	 82.230905	 81.974679	 81.726066	 81.485008	 81.251439	 81.025286	 80.806465	 80.594889	  80.39046	 80.193076	 80.002626	 79.818998	 79.642069	 79.471716	 79.307808	 79.150213	 78.998793	 78.853409	 78.713918	 78.580174	 78.452031	  78.32934	 78.211952	 78.099716	 77.992481	 77.890096	  77.79241	 77.699273	 77.610535	 77.526048	 77.445664	 77.369238	 77.296625	 77.227684	 77.162275	 77.100261	 77.041506	 76.985878	 76.933248	 76.883489	 76.836477	 76.792092	 76.750216	 76.710735	 76.673538	 76.638518	  76.60557	 76.574593	 76.545491	 76.518168	 76.492533	   76.4685	 76.445984	 76.424904	 76.405181	 76.386743	 76.369517	 76.353434	  76.33843	 76.324442	 76.311409	 76.299276	 76.287988	 76.277494	 76.267745	 76.258693	 76.250296	  76.24251	 76.235298	 76.228621	 76.222443	 76.216732	 76.211456	 76.206585	 76.202091	 76.197948	 76.194131	 76.190617	 76.187384	 76.184412	 76.181682	 76.179175	 76.176876	 76.174768	 76.172836	 76.171068	  76.16945	 76.167972	 76.166621	 76.165387	 76.164262	 76.163236	 76.162302	 76.161451	 76.160677	 76.159973	 76.159334	 76.158753	 76.158227	  76.15775	 76.157317	 76.156926	 76.156572	 76.156252	 76.155962	 76.155701	 76.155466	 76.155253	 76.155062	  76.15489	 76.154735	 76.154595	  76.15447	 76.154358	 76.154257	 76.154167	 76.154086	 76.154013	 76.153948	 76.153891	 76.153839	 76.153793	 76.153751	 76.153715	 76.153682	 76.153653	 76.153627	 76.153604	 76.153583	 76.153565	 76.153549	 76.153535	 76.153522	 76.153511	 76.153501	 76.153492	 76.153484	 76.153477	 76.153471	 76.153466	 76.153461	 76.153457	 76.153454	 76.153451	 76.153448	 76.153445	 76.153443	 76.153442	  76.15344	 76.153439	 76.153438	 76.153437	 76.153436	 76.153435	 76.153435	 76.153434	 76.153434	 76.153434	
        99	 98.484521	 97.969403	 97.455007	 96.941692	 96.429816	 95.919732	  95.41179	 94.906336	  94.40371	 93.904248	 93.408277	 92.916118	 92.428084	  91.94448	 91.465602	 90.991736	 90.523159	 90.060136	 89.602922	 89.151761	 88.706885	 88.268514	 87.836856	 87.412106	 86.994447	 86.584047	 86.181064	 85.785641	 85.397908	 85.017982	 84.645968	 84.281955	 83.926021	 83.578231	 83.238637	 82.907278	 82.584181	 82.269361	 81.962821	 81.664552	 81.374535	 81.092739	 80.819124	 80.553636	 80.296217	 80.046795	 79.805292	  79.57162	 79.345683	 79.127379	 78.916597	 78.713222	  78.51713	 78.328193	 78.146277	 77.971245	 77.802953	 77.641256	 77.486005	 77.337046	 77.194224	 77.057384	 76.926366	  76.80101	 76.681156	 76.566643	 76.457308	 76.352992	 76.253534	 76.158773	 76.068551	 75.982712	 75.901098	 75.823557	 75.749937	 75.680089	 75.613866	 75.551123	  75.49172	 75.435517	 75.382381	 75.332178	  75.28478	 75.240062	 75.197901	  75.15818	 75.120783	 75.085599	  75.05252	 75.021442	 74.992264	  74.96489	 74.939226	 74.915181	  74.89267	 74.871609	  74.85192	 74.833524	  74.81635	 74.800327	  74.78539	 74.771473	 74.758516	 74.746462	 74.735256	 74.724844	 74.715179	 74.706211	 74.697898	 74.690196	 74.683065	 74.676468	 74.670369	 74.664735	 74.659533	 74.654734	  74.65031	 74.646234	 74.642482	  74.63903	 74.635856	 74.632941	 74.630264	 74.627808	 74.625557	 74.623494	 74.621606	 74.619879	   74.6183	 74.616857	  74.61554	 74.614338	 74.613243	 74.612245	 74.611336	  74.61051	 74.609758	 74.609076	 74.608456	 74.607894	 74.607384	 74.606922	 74.606504	 74.606126	 74.605784	 74.605475	 74.605196	 74.604945	 74.604718	 74.604514	  74.60433	 74.604164	 74.604016	 74.603882	 74.603762	 74.603654	 74.603558	 74.603471	 74.603394	 74.603325	 74.603263	 74.603208	 74.603158	 74.603114	 74.603075	  74.60304	 74.603009	 74.602981	 74.602957	 74.602935	 74.602915	 74.602898	 74.602883	 74.602869	 74.602857	 74.602847	 74.602837	 74.602829	 74.602822	 74.602815	  74.60281	 74.602805	   74.6028	 74.602796	 74.602793	  74.60279	 74.602788	 74.602785	 74.602783	 74.602782	  74.60278	 74.602779	 74.602778	 74.602777	 74.602777	 74.602776	 74.602776	 74.602775	 74.602775	
        99	   98.4521	 97.904584	 97.357836	 96.812238	 96.268168	 95.726002	 95.186114	  94.64887	 94.114633	 93.583757	 93.056593	  92.53348	 92.014752	 91.500733	 90.991736	 90.488067	 89.990019	 89.497875	 89.011905	 88.532369	 88.059514	 87.593572	 87.134765	 86.683301	 86.239374	 85.803162	 85.374834	 84.954542	 84.542423	 84.138602	  83.74319	 83.356283	 82.977963	   82.6083	 82.247347	 81.895148	  81.55173	  81.21711	 80.891291	 80.574263	 80.266006	 79.966487	 79.675662	 79.393478	 79.119868	  78.85476	 78.598067	 78.349699	 78.109552	 77.877518	  77.65348	 77.437313	 77.228888	 77.028068	 76.834711	  76.64867	 76.469794	 76.297928	 76.132912	 75.974584	 75.822781	 75.677334	 75.538076	 75.404836	 75.277444	 75.155728	 75.039517	 74.928641	 74.822927	 74.722206	  74.62631	 74.535072	 74.448325	 74.365908	 74.287658	 74.213416	 74.143028	 74.076339	   74.0132	 73.953463	 73.896984	 73.843624	 73.793245	 73.745714	 73.700902	 73.658683	 73.618934	 73.581537	 73.546377	 73.513345	 73.482332	 73.453236	 73.425958	 73.400401	 73.376474	 73.354089	 73.333161	 73.313608	 73.295354	 73.278324	 73.262446	 73.247654	 73.233883	 73.221071	 73.209159	 73.198093	  73.18782	 73.178288	 73.169452	 73.161265	 73.153686	 73.146675	 73.140192	 73.134204	 73.128675	 73.123574	 73.118872	 73.114539	 73.110551	 73.106882	 73.103508	 73.100409	 73.097564	 73.094954	 73.092561	 73.090369	 73.088362	 73.086526	 73.084848	 73.083314	 73.081914	 73.080637	 73.079473	 73.078412	 73.077446	 73.076568	 73.075769	 73.075044	 73.074385	 73.073787	 73.073246	 73.072755	  73.07231	 73.071908	 73.071545	 73.071217	  73.07092	 73.070653	 73.070412	 73.070195	 73.069999	 73.069823	 73.069665	 73.069523	 73.069396	 73.069281	 73.069179	 73.069087	 73.069005	 73.068931	 73.068865	 73.068806	 73.068754	 73.068707	 73.068665	 73.068628	 73.068595	 73.068566	  73.06854	 73.068516	 73.068496	 73.068477	 73.068461	 73.068447	 73.068434	 73.068423	 73.068413	 73.068404	 73.068396	 73.068389	 73.068383	 73.068378	 73.068374	 73.068369	 73.068366	 73.068363	  73.06836	 73.068358	 73.068356	 73.068354	 73.068352	 73.068351	  73.06835	 73.068349	 73.068348	 73.068348	 73.068347	 73.068347	 73.068347	
        99	 98.420042	  97.84049	 97.261751	 96.684228	 96.108323	 95.534435	 94.962957	 94.394278	 93.828782	 93.266844	 92.708834	 92.155113	 91.606033	 91.061937	 90.523159	 89.990019	  89.46283	 88.941889	 88.427485	  87.91989	 87.419367	 86.926162	  86.44051	  85.96263	 85.492727	 85.030993	 84.577602	 84.132718	 83.696485	 83.269036	 82.850488	 82.440942	 82.040486	 81.649193	 81.267121	 80.894314	 80.530802	 80.176603	 79.831719	 79.496142	 79.169848	 78.852804	 78.544962	 78.246267	 77.956648	 77.676027	 77.404316	 77.141415	 76.887217	 76.641606	 76.404459	 76.175644	 75.955024	 75.742453	 75.537783	 75.340856	 75.151514	 74.969592	  74.79492	 74.627329	 74.466643	 74.312686	 74.165279	 74.024243	 73.889397	  73.76056	  73.63755	 73.520185	 73.408286	 73.301672	 73.200165	 73.103588	 73.011766	 72.924526	 72.841698	 72.763112	 72.688605	 72.618015	 72.551181	 72.487948	 72.428165	 72.371683	 72.318356	 72.268045	  72.22061	  72.17592	 72.133846	  72.09426	 72.057044	 72.022078	 71.989251	 71.958453	 71.929578	 71.902526	   71.8772	 71.853505	 71.831352	 71.810655	 71.791333	 71.773306	   71.7565	 71.740842	 71.726265	 71.712703	 71.700095	 71.688382	 71.677507	 71.667418	 71.658064	 71.649399	 71.641376	 71.633954	 71.627093	 71.620754	 71.614901	 71.609502	 71.604524	 71.599939	 71.595717	 71.591833	 71.588262	 71.584982	 71.581971	 71.579208	 71.576675	 71.574354	  71.57223	 71.570287	  71.56851	 71.566887	 71.565405	 71.564053	  71.56282	 71.561698	 71.560675	 71.559746	   71.5589	 71.558132	 71.557435	 71.556802	 71.556229	 71.555709	 71.555239	 71.554814	 71.554429	 71.554081	 71.553768	 71.553485	 71.553229	    71.553	 71.552793	 71.552606	 71.552439	 71.552289	 71.552154	 71.552033	 71.551924	 71.551827	  71.55174	 71.551662	 71.551592	  71.55153	 71.551475	 71.551425	 71.551381	 71.551341	 71.551306	 71.551275	 71.551248	 71.551223	 71.551201	 71.551182	 71.551165	 71.551149	 71.551136	 71.551124	 71.551113	 71.551104	 71.551096	 71.551089	 71.551082	 71.551077	 71.551072	 71.551067	 71.551064	  71.55106	 71.551058	 71.551055	 71.551053	 71.551051	 71.551049	 71.551048	 71.551047	 71.551046	 71.551045	 71.551045	 71.551044	 71.551044	 71.551044	
