Time step 71:
        99	        99	        99	        99	        99	        99	        99	        99	        99	        99	        99	        99	        99	        99	        99	        99	        99	        99	        99	        99	        99	        99	        99	        99	        99	        99	        99	        99	        99	        99	        99	        99	        99	        99	        99	        99	        99	        99	        99	        99	        99	        99	        99	        99	        99	        99	        99	        99	        99	        99	        99	        99	        99	        99	        99	        99	        99	        99	        99	        99	        99	        99	        99	        99	        99	        99	        99	        99	        99	        99	        99	        99	        99	        99	        99	        99	        99	        99	        99	        99	        99	        99	        99	        99	        99	        99	        99	        99	        99	        99	        99	        99	        99	        99	        99	        99	        99	        99	        99	        99	        99	        99	        99	        99	        99	        99	        99	        99	        99	        99	        99	        99	        99	        99	        99	        99	        99	        99	        99	        99	        99	        99	        99	        99	        99	        99	        99	        99	        99	        99	        99	        99	        99	        99	        99	        99	        99	        99	        99	        99	        99	        99	        99	        99	        99	        99	        99	        99	        99	        99	        99	        99	        99	        99	        99	        99	        99	        99	        99	        99	        99	        99	        99	        99	        99	        99	        99	        99	        99	        99	        99	        99	        99	        99	        99	        99	        99	        99	        99	        99	        99	        99	        99	        99	        99	        99	        99	        99	        99	        99	        99	        99	        99	        99	        99	        99	        99	        99	        99	        99	
        99	 98.991057	 98.982116	 98.973178	 98.964244	 98.955317	 98.946398	 98.937488	  98.92859	 98.919704	 98.910832	 98.901977	 98.893138	 98.884318	 98.875519	 98.866741	 98.857987	 98.849258	 98.840555	  98.83188	 98.823234	 98.814619	 98.806036	 98.797487	 98.788972	 98.780494	 98.772053	 98.763651	  98.75529	  98.74697	 98.738693	 98.730459	 98.722272	  98.71413	 98.706036	 98.697991	 98.689996	 98.682052	  98.67416	 98.666322	 98.658537	 98.650808	 98.643134	 98.635518	  98.62796	 98.620461	 98.613022	 98.605643	 98.598325	  98.59107	 98.583878	 98.576749	 98.569685	 98.562686	 98.555753	 98.548885	 98.542085	 98.535352	 98.528687	 98.522091	 98.515563	 98.509104	 98.502716	 98.496397	 98.490149	 98.483971	 98.477865	  98.47183	 98.465866	 98.459974	 98.454154	 98.448406	  98.44273	 98.437127	 98.431595	 98.426136	  98.42075	 98.415436	 98.410194	 98.405024	 98.399927	 98.394902	 98.389948	 98.385067	 98.380257	 98.375518	 98.370851	 98.366254	 98.361729	 98.357273	 98.352888	 98.348572	 98.344326	 98.340149	 98.336041	 98.332001	 98.328028	 98.324123	 98.320286	 98.316514	 98.312809	 98.309169	 98.305594	 98.302084	 98.298637	 98.295254	 98.291934	 98.288677	  98.28548	 98.282346	 98.279271	 98.276257	 98.273302	 98.270405	 98.267567	 98.264786	 98.262061	 98.259393	 98.256781	 98.254223	 98.251719	 98.249269	 98.246872	 98.244526	 98.242233	  98.23999	 98.237797	 98.235653	 98.233558	 98.231512	 98.229512	  98.22756	 98.225653	 98.223792	 98.221975	 98.220203	 98.218473	 98.216787	 98.215142	 98.213539	 98.211976	 98.210454	  98.20897	 98.207526	  98.20612	 98.204751	 98.203419	 98.202123	 98.200863	 98.199638	 98.198447	  98.19729	 98.196167	 98.195076	 98.194018	 98.192991	 98.191995	 98.191029	 98.190094	 98.189188	 98.188311	 98.187463	 98.186642	  98.18585	 98.185084	 98.184345	 98.183632	 98.182944	 98.182283	 98.181646	 98.181033	 98.180445	  98.17988	 98.179339	 98.178821	 98.178326	 98.177853	 98.177402	 98.176973	 98.176565	 98.176179	 98.175813	 98.175468	 98.175144	  98.17484	 98.174556	 98.174292	 98.174047	 98.173822	 98.173617	  98.17343	 98.173262	 98.173114	 98.172984	 98.172873	  98.17278	 98.172707	 98.172651	 98.172614	 98.172596	
        99	 98.982116	 98.964235	  98.94636	 98.928495	 98.910642	 98.892806	 98.874988	 98.857193	 98.839422	 98.821681	  98.80397	 98.786295	 98.768657	  98.75106	 98.733506	    98.716	 98.698543	 98.681139	  98.66379	   98.6465	 98.629271	 98.612107	 98.595009	 98.577982	 98.561027	 98.544147	 98.527345	 98.510623	 98.493985	 98.477432	 98.460967	 98.444593	 98.428311	 98.412125	 98.396037	 98.380048	 98.364161	 98.348379	 98.332703	 98.317135	 98.301677	 98.286332	 98.271101	 98.255987	 98.240989	 98.226112	 98.211356	 98.196722	 98.182213	  98.16783	 98.153574	 98.139447	  98.12545	 98.111584	 98.097851	 98.084252	 98.070787	 98.057458	 98.044266	 98.031212	 98.018296	  98.00552	 97.992884	 97.980388	 97.968035	 97.955823	 97.943754	 97.931827	 97.920044	 97.908405	  97.89691	  97.88556	 97.874353	 97.863292	 97.852375	 97.841603	 97.830976	 97.820493	 97.810155	 97.799961	 97.789911	 97.780005	 97.770243	 97.760624	 97.751148	 97.741814	 97.732622	 97.723571	 97.714661	 97.705891	 97.697261	 97.688769	 97.680416	   97.6722	  97.66412	 97.656176	 97.648367	 97.640692	  97.63315	  97.62574	 97.618461	 97.611312	 97.604291	 97.597399	 97.590634	 97.583995	  97.57748	 97.571088	 97.564819	  97.55867	 97.552642	 97.546732	  97.54094	 97.535264	 97.529702	 97.524254	 97.518918	 97.513694	 97.508578	 97.503572	 97.498672	 97.493877	 97.489187	   97.4846	 97.480114	 97.475729	 97.471442	 97.467253	  97.46316	 97.459162	 97.455257	 97.451444	 97.447722	 97.444089	 97.440544	 97.437086	 97.433713	 97.430424	 97.427217	 97.424093	 97.421048	 97.418081	 97.415193	  97.41238	 97.409643	 97.406979	 97.404388	 97.401868	 97.399418	 97.397037	 97.394724	 97.392477	 97.390296	 97.388179	 97.386125	 97.384133	 97.382203	 97.380332	  97.37852	 97.376767	  97.37507	  97.37343	 97.371844	 97.370313	 97.368834	 97.367409	 97.366034	  97.36471	 97.363437	 97.362212	 97.361035	 97.359906	 97.358824	 97.357788	 97.356797	 97.355851	  97.35495	 97.354092	 97.353276	 97.352504	 97.351773	 97.351083	 97.350435	 97.349827	 97.349259	 97.348731	 97.348242	 97.347791	  97.34738	 97.347007	 97.346672	 97.346375	 97.346115	 97.345893	 97.345708	  97.34556	  97.34545	 97.345376	 97.345339	
        99	 98.973178	  98.94636	 98.919552	 98.892758	 98.865983	 98.839232	  98.81251	 98.785821	 98.759169	 98.732561	 98.705999	  98.67949	 98.653037	 98.626645	 98.600319	 98.574063	 98.547881	 98.521779	  98.49576	 98.469828	 98.443989	 98.418246	 98.392604	 98.367066	 98.341637	 98.316321	 98.291122	 98.266043	 98.241089	 98.216264	  98.19157	 98.167012	 98.142594	 98.118318	 98.094189	  98.07021	 98.046383	 98.022713	 97.999202	 97.975854	 97.952671	 97.929657	 97.906814	 97.884145	 97.861653	  97.83934	 97.817209	 97.795262	 97.773501	  97.75193	 97.730549	 97.709362	 97.688369	 97.667574	 97.646977	 97.626581	 97.606387	 97.586397	 97.566612	 97.547033	 97.527663	 97.508501	  97.48955	 97.470809	 97.452281	 97.433966	 97.415865	 97.397978	 97.380307	 97.362851	 97.345611	 97.328587	  97.31178	  97.29519	 97.278818	 97.262662	 97.246723	 97.231001	 97.215496	 97.200208	 97.185135	 97.170279	 97.155638	 97.141211	 97.126999	    97.113	 97.099214	  97.08564	 97.072277	 97.059124	 97.046181	 97.033445	 97.020917	 97.008595	 96.996477	 96.984563	 96.972851	  96.96134	 96.950029	 96.938915	 96.927998	 96.917276	 96.906747	 96.896411	 96.886264	 96.876306	 96.866535	  96.85695	 96.847547	 96.838326	 96.829285	 96.820421	 96.811734	 96.803221	  96.79488	 96.786709	 96.778707	 96.770871	 96.763199	  96.75569	 96.748341	 96.741151	 96.734117	 96.727237	 96.720509	 96.713932	 96.707503	  96.70122	 96.695082	 96.689085	 96.683229	  96.67751	 96.671928	 96.666479	 96.661163	 96.655976	 96.650917	 96.645985	 96.641176	 96.636489	 96.631922	 96.627474	 96.623141	 96.618923	 96.614818	 96.610823	 96.606936	 96.603157	 96.599483	 96.595912	 96.592442	 96.589073	 96.585801	 96.582626	 96.579546	 96.576559	 96.573664	 96.570858	 96.568141	 96.565511	 96.562966	 96.560506	 96.558128	 96.555831	 96.553614	 96.551476	 96.549414	 96.547429	 96.545519	 96.543682	 96.541917	 96.540224	 96.538601	 96.537047	 96.535561	 96.534143	  96.53279	 96.531503	  96.53028	 96.529122	 96.528025	 96.526991	 96.526019	 96.525107	 96.524255	 96.523463	 96.522729	 96.522054	 96.521437	 96.520878	 96.520375	  96.51993	  96.51954	 96.519207	  96.51893	 96.518708	 96.518542	 96.518432	 96.518376	
        99	 98.964244	 98.928495	 98.892758	  98.85704	 98.821348	 98.785687	 98.750065	 98.714487	 98.678959	 98.643488	  98.60808	 98.572742	 98.537478	 98.502297	 98.467202	 98.432201	   98.3973	 98.362504	 98.327819	 98.293251	 98.258806	 98.224489	 98.190307	 98.156263	 98.122365	 98.088617	 98.055025	 98.021594	 97.988329	 97.955235	 97.922317	  97.88958	 97.857029	 97.824668	 97.792503	 97.760537	 97.728775	 97.697221	  97.66588	 97.634755	 97.603851	 97.573172	 97.542721	 97.512502	 97.482519	 97.452774	 97.423272	 97.394016	 97.365008	 97.336252	  97.30775	 97.279506	 97.251522	   97.2238	 97.196344	 97.169155	 97.142235	 97.115587	 97.089212	 97.063113	 97.037291	 97.011747	 96.986484	 96.961502	 96.936803	 96.912388	 96.888258	 96.864414	 96.840857	 96.817587	 96.794605	 96.771912	 96.749507	 96.727392	 96.705566	 96.684029	 96.662782	 96.641824	 96.621155	 96.600775	 96.580682	 96.560878	  96.54136	 96.522129	 96.503183	 96.484522	 96.466144	 96.448049	 96.430236	 96.412702	 96.395448	 96.378471	  96.36177	 96.345344	  96.32919	 96.313308	 96.297695	 96.282351	 96.267272	 96.252457	 96.237904	 96.223611	 96.209575	 96.195796	  96.18227	 96.168996	 96.155971	 96.143192	 96.130658	 96.118366	 96.106313	 96.094498	 96.082917	 96.071569	  96.06045	 96.049558	  96.03889	 96.028444	 96.018217	 96.008207	 95.998411	 95.988825	 95.979449	 95.970278	  95.96131	 95.952542	 95.943972	 95.935596	 95.927413	 95.919419	 95.911612	 95.903989	 95.896548	 95.889284	 95.882197	 95.875283	 95.868539	 95.861964	 95.855553	 95.849306	 95.843218	 95.837288	 95.831512	  95.82589	 95.820417	 95.815091	  95.80991	 95.804872	 95.799974	 95.795214	 95.790589	 95.786097	 95.781736	 95.777503	 95.773397	 95.769415	 95.765556	 95.761816	 95.758194	 95.754688	 95.751296	 95.748016	 95.744846	 95.741784	 95.738829	 95.735978	  95.73323	 95.730584	 95.728037	 95.725588	 95.723236	 95.720979	 95.718815	 95.716744	 95.714763	 95.712872	 95.711069	 95.709353	 95.707724	 95.706179	 95.704717	 95.703339	 95.702043	 95.700827	 95.699691	 95.698635	 95.697658	 95.696758	 95.695935	 95.695189	 95.694519	 95.693925	 95.693406	 95.692962	 95.692593	 95.692297	 95.692076	 95.691928	 95.691855	
        99	 98.955317	 98.910642	 98.865983	 98.821348	 98.776744	 98.732181	 98.687664	 98.643203	 98.598806	 98.554479	 98.510231	  98.46607	 98.422002	 98.378037	  98.33418	 98.290441	 98.246826	 98.203342	 98.159998	   98.1168	 98.073755	  98.03087	 97.988153	 97.945611	 97.903249	 97.861076	 97.819097	 97.777319	 97.735748	 97.694392	 97.653255	 97.612345	 97.571667	 97.531227	 97.491031	 97.451084	 97.411392	  97.37196	 97.332794	 97.293899	  97.25528	 97.216941	 97.178887	 97.141123	 97.103654	 97.066483	 97.029615	 96.993055	 96.956805	 96.920869	 96.885252	 96.849956	 96.814985	 96.780342	 96.746031	 96.712053	 96.678413	 96.645111	 96.612152	 96.579537	 96.547267	 96.515346	 96.483776	 96.452557	 96.421691	 96.391181	 96.361026	 96.331229	  96.30179	 96.272711	 96.243991	 96.215632	 96.187634	 96.159997	 96.132722	 96.105809	 96.079257	 96.053066	 96.027237	 96.001768	 95.976659	  95.95191	  95.92752	 95.903487	 95.879811	 95.856491	 95.833525	 95.810912	 95.788651	  95.76674	 95.745178	 95.723962	 95.703092	 95.682564	 95.662378	  95.64253	  95.62302	 95.603844	    95.585	 95.566486	   95.5483	 95.530438	 95.512899	  95.49568	 95.478777	 95.462188	 95.445911	 95.429942	 95.414279	 95.398917	 95.383856	 95.369091	 95.354619	 95.340437	 95.326542	  95.31293	 95.299599	 95.286545	 95.273765	 95.261256	 95.249014	 95.237035	 95.225317	 95.213857	  95.20265	 95.191693	 95.180983	 95.170517	  95.16029	 95.150301	 95.140545	 95.131018	 95.121719	 95.112642	 95.103785	 95.095145	 95.086718	   95.0785	  95.07049	 95.062682	 95.055074	 95.047664	 95.040446	  95.03342	  95.02658	 95.019925	 95.013451	 95.007155	 95.001034	 94.995085	 94.989305	 94.983692	 94.978242	 94.972953	 94.967822	 94.962846	 94.958022	 94.953349	 94.948823	 94.944441	 94.940202	 94.936103	 94.932142	 94.928316	 94.924623	  94.92106	 94.917626	 94.914319	 94.911137	 94.908076	 94.905137	 94.902316	 94.899612	 94.897024	 94.894549	 94.892185	 94.889932	 94.887788	 94.885752	 94.883821	 94.881995	 94.880272	 94.878652	 94.877133	 94.875714	 94.874394	 94.873172	 94.872048	  94.87102	 94.870088	 94.869251	 94.868508	  94.86786	 94.867305	 94.866843	 94.866474	 94.866197	 94.866013	 94.865921	
        99	 98.946398	 98.892806	 98.839232	 98.785687	 98.732181	 98.678721	 98.625319	 98.571984	 98.518724	 98.465549	 98.412469	 98.359492	 98.306629	 98.253887	 98.201277	 98.148806	 98.096485	 98.044322	 97.992326	 97.940505	 97.888868	 97.837423	 97.786179	 97.735145	 97.684328	 97.633736	 97.583378	  97.53326	 97.483392	 97.433781	 97.384433	 97.335357	 97.286559	 97.238047	 97.189827	 97.141906	 97.094291	 97.046989	 97.000005	 96.953346	 96.907018	 96.861026	 96.815376	 96.770075	 96.725126	 96.680536	 96.636309	  96.59245	 96.548964	 96.505856	 96.463129	 96.420788	 96.378836	 96.337279	 96.296118	 96.255359	 96.215003	 96.175054	 96.135516	  96.09639	  96.05768	 96.019387	 95.981514	 95.944064	 95.907037	 95.870437	 95.834263	 95.798518	 95.763203	 95.728319	 95.693867	 95.659847	  95.62626	 95.593107	 95.560387	 95.528102	  95.49625	 95.464831	 95.433846	 95.403294	 95.373173	 95.343484	 95.314225	 95.285395	 95.256993	 95.229018	 95.201468	 95.174341	 95.147637	 95.121352	 95.095486	 95.070035	 95.044999	 95.020374	 94.996158	 94.972349	 94.948944	  94.92594	 94.903335	 94.881126	 94.859309	 94.837882	 94.816842	 94.796185	 94.775909	 94.756009	 94.736482	 94.717326	 94.698536	 94.680109	 94.662041	 94.644328	 94.626967	 94.609954	 94.593286	 94.576957	 94.560965	 94.545306	 94.529975	 94.514969	 94.500283	 94.485913	 94.471856	 94.458108	 94.444664	  94.43152	 94.418672	 94.406117	 94.393849	 94.381866	 94.370162	 94.358734	 94.347578	  94.33669	 94.326065	   94.3157	 94.305591	 94.295733	 94.286124	 94.276757	 94.267631	 94.258741	 94.250084	 94.241654	  94.23345	 94.225466	 94.217699	 94.210147	 94.202804	 94.195668	 94.188734	 94.182001	 94.175463	 94.169118	 94.162963	 94.156993	 94.151207	 94.145601	 94.140171	 94.134915	  94.12983	 94.124913	  94.12016	  94.11557	  94.11114	 94.106867	 94.102747	  94.09878	 94.094962	 94.091291	 94.087765	 94.084381	 94.081138	 94.078032	 94.075063	 94.072228	 94.069526	 94.066953	  94.06451	 94.062194	 94.060004	 94.057937	 94.055994	 94.054171	 94.052469	 94.050886	  94.04942	 94.048071	 94.046838	  94.04572	 94.044716	 94.043825	 94.043047	 94.042381	 94.041827	 94.041384	 94.041052	 94.040831	 94.040721	
        99	 98.937488	 98.874988	  98.81251	 98.750065	 98.687664	 98.625319	 98.563041	  98.50084	 98.438727	 98.376714	 98.314811	 98.253028	 98.191378	  98.12987	 98.068515	 98.007323	 97.946305	 97.885472	 97.824832	 97.764398	 97.704178	 97.644182	 97.584421	 97.524904	  97.46564	 97.406639	  97.34791	 97.289462	 97.231305	 97.173447	 97.115897	 97.058664	 97.001755	 96.945179	 96.888944	 96.833058	 96.777529	 96.722364	 96.667571	 96.613156	 96.559127	  96.50549	 96.452253	 96.399422	 96.347002	    96.295	 96.243422	 96.192273	 96.141559	 96.091285	 96.041456	 95.992077	 95.943153	 95.894687	 95.846685	 95.799151	 95.752087	 95.705498	 95.659388	 95.613759	 95.568614	 95.523956	 95.479789	 95.436113	 95.392932	 95.350248	 95.308062	 95.266375	  95.22519	 95.184508	 95.144329	 95.104655	 95.065485	 95.026821	 94.988663	 94.951011	 94.913865	 94.877224	 94.841088	 94.805457	  94.77033	 94.735706	 94.701584	 94.667962	 94.634839	 94.602214	 94.570084	 94.538449	 94.507306	 94.476652	 94.446487	 94.416806	 94.387608	  94.35889	 94.330649	 94.302882	 94.275587	 94.248759	 94.222397	 94.196496	 94.171053	 94.146065	 94.121527	 94.097437	  94.07379	 94.050583	 94.027811	  94.00547	 93.983557	 93.962066	 93.940995	 93.920338	 93.900092	 93.880251	 93.860812	  93.84177	  93.82312	 93.804857	 93.786978	 93.769477	  93.75235	 93.735592	 93.719199	 93.703165	 93.687487	 93.672158	 93.657175	 93.642532	 93.628226	  93.61425	 93.600601	 93.587274	 93.574264	 93.561566	 93.549175	 93.537087	 93.525297	 93.513801	 93.502594	 93.491671	 93.481028	  93.47066	 93.460564	 93.450733	 93.441165	 93.431854	 93.422797	 93.413988	 93.405425	 93.397103	 93.389017	 93.381164	  93.37354	  93.36614	 93.358961	    93.352	 93.345252	 93.338714	 93.332381	 93.326252	 93.320322	 93.314587	 93.309045	 93.303692	 93.298525	 93.293541	 93.288738	 93.284111	 93.279658	 93.275377	 93.271265	 93.267318	 93.263536	 93.259914	 93.256452	 93.253145	 93.249994	 93.246994	 93.244145	 93.241444	 93.238889	 93.236479	 93.234213	 93.232087	 93.230102	 93.228256	 93.226546	 93.224973	 93.223535	 93.222231	  93.22106	 93.220021	 93.219114	 93.218337	 93.217691	 93.217175	 93.216788	  93.21653	 93.216401	
        99	  98.92859	 98.857193	 98.785821	 98.714487	 98.643203	 98.571984	  98.50084	 98.429784	  98.35883	 98.287989	 98.217274	 98.146697	 98.076271	 98.006007	 97.935918	 97.866016	 97.796312	 97.726819	 97.657548	  97.58851	 97.519718	 97.451182	 97.382913	 97.314924	 97.247224	 97.179824	 97.112735	 97.045968	 96.979532	 96.913438	 96.847696	 96.782315	 96.717305	 96.652675	 96.588436	 96.524594	 96.461161	 96.398143	  96.33555	 96.273389	 96.211669	 96.150397	 96.089582	  96.02923	 95.969348	 95.909944	 95.851023	 95.792593	  95.73466	  95.67723	 95.620308	   95.5639	 95.508011	 95.452647	 95.397812	  95.34351	 95.289747	 95.236527	 95.183852	 95.131728	 95.080157	 95.029142	 94.978687	 94.928795	 94.879467	 94.830706	 94.782515	 94.734895	 94.687847	 94.641373	 94.595475	 94.550153	 94.505408	  94.46124	  94.41765	 94.374638	 94.332204	 94.290347	 94.249068	 94.208365	 94.168238	 94.128685	 94.089705	 94.051297	 94.013459	  93.97619	 93.939487	 93.903348	 93.867772	 93.832755	 93.798295	 93.764389	 93.731035	 93.698229	 93.665968	 93.634248	 93.603067	 93.572421	 93.542306	 93.512718	 93.483654	 93.455108	 93.427078	 93.399558	 93.372545	 93.346034	  93.32002	 93.294499	 93.269467	 93.244917	 93.220847	  93.19725	 93.174121	 93.151456	  93.12925	 93.107496	 93.086192	  93.06533	 93.044905	 93.024913	 93.005348	 92.986205	 92.967478	 92.949162	 92.931251	 92.913741	 92.896625	 92.879898	 92.863555	  92.84759	 92.831998	 92.816774	 92.801911	 92.787405	 92.773251	 92.759442	 92.745974	 92.732842	 92.720039	 92.707562	 92.695403	  92.68356	 92.672026	 92.660796	 92.649865	 92.639229	 92.628883	 92.618821	 92.609038	 92.599531	 92.590295	 92.581324	 92.572614	 92.564161	 92.555961	 92.548008	   92.5403	 92.532831	 92.525597	 92.518595	  92.51182	 92.505269	 92.498938	 92.492824	 92.486921	 92.481228	  92.47574	 92.470455	 92.465369	 92.460478	  92.45578	 92.451272	 92.446951	 92.442814	 92.438859	 92.435082	 92.431481	 92.428055	   92.4248	 92.421714	 92.418796	 92.416043	 92.413454	 92.411026	 92.408758	 92.406649	 92.404696	 92.402899	 92.401256	 92.399767	 92.398429	 92.397242	 92.396206	 92.395319	 92.394581	 92.393991	 92.393549	 92.393254	 92.393107	
        99	 98.919704	 98.839422	 98.759169	 98.678959	 98.598806	 98.518724	 98.438727	  98.35883	 98.279046	  98.19939	 98.119876	 98.040517	 97.961327	  97.88232	  97.80351	 97.724909	 97.646532	 97.568391	 97.490501	 97.412872	  97.33552	 97.258456	 97.181692	 97.105243	 97.029118	 96.953332	 96.877895	 96.802819	 96.728116	 96.653798	 96.579875	 96.506359	 96.433259	 96.360588	 96.288354	 96.216569	 96.145242	 96.074383	 96.004001	 95.934105	 95.864705	 95.795809	 95.727426	 95.659564	 95.592231	 95.525435	 95.459183	 95.393482	  95.32834	 95.263763	 95.199758	 95.136331	 95.073488	 95.011234	 94.949576	 94.888518	 94.828065	 94.768222	 94.708993	 94.650382	 94.592394	 94.535032	 94.478298	 94.422197	 94.366732	 94.311904	 94.257715	  94.20417	 94.151267	 94.099011	 94.047401	 93.996439	 93.946126	 93.896463	 93.847449	 93.799085	  93.75137	 93.704305	 93.657889	 93.612122	 93.567001	 93.522526	 93.478696	 93.435509	 93.392963	 93.351056	 93.309786	  93.26915	 93.229147	 93.189772	 93.151024	   93.1129	 93.075395	 93.038507	 93.002231	 92.966565	 92.931504	 92.897045	 92.863182	 92.829912	 92.797231	 92.765134	 92.733615	 92.702671	 92.672297	 92.642487	 92.613236	  92.58454	 92.556392	 92.528788	 92.501722	 92.475189	 92.449182	 92.423697	 92.398727	 92.374267	 92.350311	 92.326853	 92.303887	 92.281408	 92.259408	 92.237883	 92.216826	  92.19623	 92.176091	 92.156402	 92.137156	 92.118348	 92.099971	 92.082019	 92.064487	 92.047368	 92.030657	 92.014346	  91.99843	 91.982903	 91.967759	 91.952993	 91.938597	 91.924567	 91.910896	 91.897578	 91.884609	 91.871982	 91.859691	 91.847732	 91.836098	 91.824783	 91.813784	 91.803094	 91.792708	 91.782621	 91.772827	 91.763322	 91.754102	  91.74516	 91.736492	 91.728093	  91.71996	 91.712086	 91.704469	 91.697103	 91.689984	 91.683108	 91.676471	  91.67007	 91.663899	 91.657956	 91.652237	 91.646738	 91.641455	 91.636386	 91.631527	 91.626876	 91.622428	 91.618181	 91.614133	  91.61028	  91.60662	  91.60315	 91.599869	 91.596774	 91.593862	 91.591132	 91.588582	  91.58621	 91.584015	 91.581994	 91.580147	 91.578472	 91.576967	 91.575633	 91.574468	  91.57347	  91.57264	 91.571977	  91.57148	 91.571149	 91.570983	
        99	 98.910832	 98.821681	 98.732561	 98.643488	 98.554479	 98.465549	 98.376714	 98.287989	  98.19939	 98.110934	 98.022634	 97.934507	 97.846567	 97.758831	 97.671313	 97.584028	 97.496992	 97.410217	 97.323721	 97.237516	 97.151617	 97.066038	 96.980793	 96.895897	 96.811362	 96.727202	  96.64343	 96.560059	 96.477103	 96.394574	 96.312483	 96.230844	 96.149668	 96.068967	 95.988753	 95.909036	 95.829829	  95.75114	 95.672982	 95.595364	 95.518296	 95.441788	  95.36585	  95.29049	 95.215717	 95.141541	 95.067969	 94.995009	  94.92267	 94.850958	 94.779881	 94.709446	  94.63966	 94.570528	 94.502057	 94.434253	 94.367121	 94.300666	 94.234893	 94.169807	 94.105411	 94.041711	  93.97871	  93.91641	 93.854816	  93.79393	 93.733755	 93.674293	 93.615546	 93.557516	 93.500204	 93.443612	  93.38774	 93.332589	 93.278159	 93.224452	 93.171465	 93.119201	 93.067656	 93.016832	 92.966726	 92.917337	 92.868664	 92.820705	 92.773458	 92.726921	 92.681091	 92.635966	 92.591543	 92.547818	 92.504789	 92.462452	 92.420804	  92.37984	 92.339556	  92.29995	 92.261015	 92.222748	 92.185144	 92.148199	 92.111906	 92.076263	 92.041262	 92.006899	 91.973169	 91.940065	 91.907583	 91.875716	 91.844458	 91.813804	 91.783748	 91.754283	 91.725403	 91.697102	 91.669373	 91.642211	 91.615608	 91.589558	 91.564055	 91.539091	 91.514661	 91.490758	 91.467374	 91.444503	 91.422139	 91.400274	 91.378901	 91.358015	 91.337608	 91.317673	 91.298204	 91.279194	 91.260636	 91.242523	 91.224848	 91.207606	 91.190789	 91.174391	 91.158405	 91.142824	 91.127643	 91.112854	 91.098452	 91.084429	 91.070781	   91.0575	  91.04458	 91.032016	 91.019801	  91.00793	 90.996396	 90.985195	 90.974319	 90.963764	 90.953525	 90.943595	 90.933969	 90.924643	 90.915611	 90.906867	 90.898408	 90.890228	 90.882323	 90.874687	 90.867317	 90.860208	 90.853356	 90.846756	 90.840405	 90.834299	 90.828433	 90.822804	 90.817408	 90.812242	 90.807303	 90.802587	 90.798091	 90.793812	 90.789748	 90.785895	 90.782251	 90.778814	 90.775581	 90.772549	 90.769718	 90.767084	 90.764645	 90.762401	  90.76035	  90.75849	  90.75682	 90.755338	 90.754044	 90.752936	 90.752014	 90.751278	 90.750726	 90.750358	 90.750174	
        99	 98.901977	  98.80397	 98.705999	  98.60808	 98.510231	 98.412469	 98.314811	 98.217274	 98.119876	 98.022634	 97.925564	 97.828685	 97.732012	 97.635562	 97.539352	 97.443398	 97.347717	 97.252324	 97.157237	  97.06247	  96.96804	 96.873962	 96.780251	 96.686923	 96.593992	 96.501473	 96.409382	 96.317731	 96.226536	  96.13581	 96.045566	 95.955819	 95.866581	 95.777865	 95.689684	  95.60205	 95.514976	 95.428472	 95.342552	 95.257225	 95.172503	 95.088396	 95.004916	 94.922071	 94.839872	 94.758329	  94.67745	 94.597244	  94.51772	 94.438886	  94.36075	  94.28332	 94.206602	 94.130605	 94.055334	 93.980795	 93.906996	  93.83394	 93.761635	 93.690085	 93.619294	 93.549267	 93.480009	 93.411522	  93.34381	 93.276877	 93.210726	 93.145358	 93.080777	 93.016983	 92.953979	 92.891766	 92.830345	 92.769717	 92.709881	  92.65084	 92.592591	 92.535135	 92.478472	 92.422599	 92.367517	 92.313223	 92.259716	 92.206994	 92.155055	 92.103896	 92.053514	 92.003908	 91.955072	 91.907005	 91.859702	 91.813161	 91.767376	 91.722343	 91.678059	 91.634519	 91.591717	  91.54965	 91.508311	 91.467696	   91.4278	 91.388616	 91.350139	 91.312363	 91.275283	 91.238891	 91.203183	 91.168151	 91.133789	  91.10009	 91.067049	 91.034657	 91.002909	 90.971797	 90.941315	 90.911455	  90.88221	 90.853573	 90.825537	 90.798094	 90.771238	  90.74496	 90.719254	 90.694111	 90.669526	 90.645489	 90.621994	 90.599034	   90.5766	 90.554685	 90.533282	 90.512384	 90.491983	 90.472071	 90.452641	 90.433686	 90.415199	 90.397172	 90.379598	  90.36247	 90.345781	 90.329524	 90.313691	 90.298276	 90.283272	 90.268672	 90.254469	 90.240657	 90.227229	 90.214179	   90.2015	 90.189186	  90.17723	 90.165627	  90.15437	 90.143454	 90.132873	  90.12262	 90.112691	 90.103079	  90.09378	 90.084787	 90.076097	 90.067703	 90.059601	 90.051786	 90.044253	 90.036998	 90.030016	 90.023303	 90.016854	 90.010666	 90.004735	 89.999056	 89.993626	 89.988442	 89.983499	 89.978796	 89.974328	 89.970092	 89.966087	 89.962308	 89.958754	 89.955421	 89.952308	 89.949412	 89.946732	 89.944265	  89.94201	 89.939965	 89.938129	   89.9365	 89.935077	  89.93386	 89.932846	 89.932037	  89.93143	 89.931026	 89.930823	
        99	 98.893138	 98.786295	  98.67949	 98.572742	  98.46607	 98.359492	 98.253028	 98.146697	 98.040517	 97.934507	 97.828685	  97.72307	  97.61768	 97.512533	 97.407648	 97.303042	 97.198734	  97.09474	 96.991079	 96.887767	 96.784822	 96.682261	 96.580101	 96.478357	 96.377047	 96.276186	 96.175791	 96.075876	 95.976458	 95.877551	 95.779171	 95.681331	 95.584047	 95.487332	   95.3912	 95.295664	 95.200738	 95.106435	 95.012767	 94.919746	 94.827385	 94.735695	 94.644687	 94.554373	 94.464762	 94.375866	 94.287694	 94.200256	 94.113562	  94.02762	 93.942438	 93.858026	 93.774391	 93.691541	 93.609483	 93.528224	  93.44777	 93.368127	 93.289302	   93.2113	 93.134127	 93.057786	 92.982282	  92.90762	 92.833803	 92.760835	 92.688719	 92.617457	 92.547052	 92.477506	 92.408822	 92.340999	  92.27404	 92.207945	 92.142714	 92.078349	 92.014848	 91.952212	 91.890439	 91.829528	 91.769479	  91.71029	 91.651959	 91.594483	  91.53786	 91.482088	 91.427164	 91.373084	 91.319845	 91.267444	 91.215876	 91.165138	 91.115224	 91.066132	 91.017854	 90.970388	 90.923727	 90.877867	 90.832801	 90.788524	  90.74503	 90.702313	 90.660366	 90.619184	 90.578761	 90.539088	  90.50016	 90.461969	 90.424508	 90.387772	 90.351751	 90.316439	 90.281828	 90.247911	  90.21468	 90.182127	 90.150245	 90.119026	 90.088462	 90.058545	 90.029267	  90.00062	 89.972595	 89.945186	 89.918384	  89.89218	 89.866567	 89.841536	 89.817079	 89.793188	 89.769856	 89.747073	 89.724832	 89.703125	 89.681943	 89.661279	 89.641125	 89.621473	 89.602314	 89.583642	 89.565448	 89.547725	 89.530464	 89.513659	 89.497302	 89.481386	 89.465903	 89.450845	 89.436207	  89.42198	 89.408157	 89.394733	 89.381699	  89.36905	 89.356778	 89.344877	 89.333342	 89.322165	  89.31134	 89.300862	 89.290724	 89.280921	 89.271447	 89.262296	 89.253464	 89.244944	 89.236732	 89.228823	 89.221211	 89.213892	 89.206862	 89.200116	  89.19365	 89.187459	  89.18154	 89.175888	   89.1705	 89.165372	 89.160501	 89.155884	 89.151517	 89.147398	 89.143523	  89.13989	 89.136496	 89.133339	 89.130417	 89.127728	  89.12527	  89.12304	 89.121039	 89.119263	 89.117712	 89.116384	  89.11528	 89.114397	 89.113735	 89.113295	 89.113074	
        99	 98.884318	 98.768657	 98.653037	 98.537478	 98.422002	 98.306629	 98.191378	 98.076271	 97.961327	 97.846567	 97.732012	  97.61768	 97.503591	 97.389767	 97.276225	 97.162986	 97.050068	 96.937492	 96.825275	 96.713437	 96.601995	  96.49097	 96.380377	 96.270236	 96.160565	  96.05138	 95.942698	 95.834537	 95.726914	 95.619844	 95.513343	 95.407429	 95.302115	 95.197418	 95.093351	 94.989931	  94.88717	 94.785084	 94.683685	 94.582987	 94.483003	 94.383745	 94.285226	 94.187458	 94.090451	 93.994218	  93.89877	 93.804115	 93.710265	  93.61723	 93.525018	  93.43364	 93.343102	 93.253414	 93.164583	 93.076617	 92.989523	 92.903307	 92.817977	 92.733537	 92.649993	 92.567352	 92.485617	 92.404792	 92.324883	 92.245893	 92.167824	 92.090681	 92.014466	  91.93918	 91.864826	 91.791406	  91.71892	  91.64737	 91.576756	 91.507078	 91.438337	  91.37053	 91.303659	 91.237722	 91.172717	 91.108642	 91.045496	 90.983277	 90.921981	 90.861606	 90.802149	 90.743605	 90.685973	 90.629246	 90.573423	 90.518496	 90.464464	 90.411319	 90.359057	 90.307673	 90.257161	 90.207516	  90.15873	 90.110799	 90.063715	 90.017472	 89.972064	 89.927484	 89.883723	 89.840776	 89.798635	 89.757292	  89.71674	 89.676971	 89.637977	 89.599751	 89.562283	 89.525567	 89.489593	 89.454354	 89.419841	 89.386045	 89.352958	 89.320572	 89.288878	 89.257866	 89.227529	 89.197858	 89.168843	 89.140476	 89.112749	 89.085652	 89.059177	 89.033315	 89.008056	 88.983393	 88.959317	 88.935818	 88.912888	 88.890519	 88.868701	 88.847427	 88.826687	 88.806474	 88.786778	 88.767592	 88.748907	 88.730715	 88.713008	 88.695778	 88.679017	 88.662717	  88.64687	 88.631469	 88.616505	 88.601973	 88.587864	  88.57417	 88.560886	 88.548003	 88.535515	 88.523416	 88.511698	 88.500355	  88.48938	 88.478768	 88.468512	 88.458606	 88.449044	 88.439822	 88.430932	  88.42237	  88.41413	 88.406207	 88.398597	 88.391294	 88.384294	 88.377592	 88.371184	 88.365066	 88.359233	 88.353683	  88.34841	 88.343411	 88.338684	 88.334224	  88.33003	 88.326097	 88.322423	 88.319006	 88.315843	 88.312932	  88.31027	 88.307857	  88.30569	 88.303768	 88.302088	 88.300652	 88.299456	   88.2985	 88.297784	 88.297307	 88.297068	
        99	 98.875519	  98.75106	 98.626645	 98.502297	 98.378037	 98.253887	  98.12987	 98.006007	  97.88232	 97.758831	 97.635562	 97.512533	 97.389767	 97.267284	 97.145106	 97.023253	 96.901746	 96.780606	 96.659854	 96.539508	  96.41959	 96.300119	 96.181115	 96.062596	 95.944582	 95.827092	 95.710144	 95.593755	 95.477945	 95.362731	  95.24813	 95.134159	 95.020834	 94.908173	 94.796191	 94.684904	 94.574327	 94.464475	 94.355363	 94.247006	 94.139416	 94.032609	 93.926596	  93.82139	 93.717005	 93.613452	 93.510743	 93.408889	   93.3079	 93.207788	 93.108562	 93.010233	 92.912808	 92.816298	  92.72071	 92.626053	 92.532334	  92.43956	 92.347739	 92.256876	 92.166978	 92.078051	 91.990098	 91.903126	 91.817139	  91.73214	 91.648133	 91.565122	 91.483109	 91.402097	 91.322087	 91.243082	 91.165083	  91.08809	 91.012105	 90.937127	 90.863156	 90.790193	 90.718235	 90.647282	 90.577332	 90.508384	 90.440435	 90.373483	 90.307524	 90.242557	 90.178577	  90.11558	 90.053564	 89.992523	 89.932452	 89.873348	 89.815205	 89.758018	 89.701781	 89.646489	 89.592135	 89.538713	 89.486216	 89.434639	 89.383974	 89.334214	 89.285352	  89.23738	 89.190291	 89.144077	  89.09873	 89.054243	 89.010606	 88.967812	 88.925852	 88.884718	 88.844401	 88.804891	 88.766181	 88.728262	 88.691123	 88.654757	 88.619153	 88.584304	 88.550198	 88.516828	 88.484183	 88.452255	 88.421033	 88.390509	 88.360673	 88.331515	 88.303026	 88.275196	 88.248016	 88.221477	 88.195569	 88.170283	 88.145609	 88.121538	 88.098061	 88.075168	 88.052851	   88.0311	 88.009906	 87.989261	 87.969155	 87.949579	 87.930525	 87.911984	 87.893948	 87.876408	 87.859356	 87.842783	 87.826682	 87.811044	 87.795861	 87.781126	 87.766831	 87.752969	 87.739531	 87.726511	 87.713902	 87.701696	 87.689887	 87.678467	 87.667431	 87.656772	 87.646483	 87.636559	 87.626993	 87.617779	 87.608913	 87.600387	 87.592198	  87.58434	 87.576807	 87.569596	   87.5627	 87.556117	  87.54984	 87.543867	 87.538193	 87.532815	 87.527728	 87.522929	 87.518415	 87.514183	  87.51023	 87.506553	 87.503149	 87.500017	 87.497153	 87.494556	 87.492224	 87.490155	 87.488349	 87.486802	 87.485516	 87.484487	 87.483717	 87.483203	 87.482947	
        99	 98.866741	 98.733506	 98.600319	 98.467202	  98.33418	 98.201277	 98.068515	 97.935918	  97.80351	 97.671313	 97.539352	 97.407648	 97.276225	 97.145106	 97.014312	 96.883867	 96.753793	 96.624111	 96.494844	 96.366013	 96.237639	 96.109744	 95.982348	 95.855472	 95.729137	 95.603362	 95.478167	 95.353572	 95.229596	 95.106258	 94.983576	 94.861568	 94.740253	 94.619648	 94.499769	 94.380635	 94.262261	 94.144664	 94.027858	  93.91186	 93.796684	 93.682345	 93.568857	 93.456233	 93.344488	 93.233633	 93.123681	 93.014645	 92.906536	 92.799364	 92.693142	 92.587879	 92.483585	 92.380269	 92.277941	 92.176609	 92.076282	 91.976967	 91.878671	 91.781401	 91.685164	 91.589966	 91.495812	 91.402707	 91.310656	 91.219664	 91.129734	 91.040869	 90.953073	 90.866349	 90.780698	 90.696122	 90.612622	 90.530201	 90.448858	 90.368593	 90.289406	 90.211298	 90.134266	  90.05831	 89.983428	 89.909618	 89.836878	 89.765204	 89.694595	 89.625047	 89.556555	 89.489117	 89.422727	 89.357382	 89.293076	 89.229805	 89.167562	 89.106342	  89.04614	 88.986949	 88.928762	 88.871573	 88.815375	 88.760161	 88.705923	 88.652654	 88.600347	 88.548992	 88.498583	 88.449111	 88.400566	 88.352942	 88.306228	 88.260417	 88.215498	 88.171463	 88.128303	 88.086008	 88.044568	 88.003975	 87.964218	 87.925287	 87.887173	 87.849866	 87.813356	 87.777632	 87.742686	 87.708506	 87.675083	 87.642406	 87.610466	 87.579252	 87.548754	 87.518962	 87.489866	 87.461456	 87.433721	 87.406652	 87.380238	  87.35447	 87.329337	  87.30483	 87.280939	 87.257655	 87.234966	 87.212865	 87.191341	 87.170385	 87.149988	  87.13014	 87.110832	 87.092055	   87.0738	 87.056059	 87.038822	 87.022082	 87.005829	 86.990055	 86.974752	 86.959912	 86.945526	 86.931588	  86.91809	 86.905023	 86.892381	 86.880157	 86.868342	 86.856931	 86.845917	 86.835293	 86.825052	 86.815189	 86.805698	 86.796571	 86.787805	 86.779392	 86.771329	 86.763608	 86.756227	 86.749179	  86.74246	 86.736066	 86.729992	 86.724234	 86.718788	 86.713651	 86.708819	 86.704289	 86.700057	  86.69612	 86.692476	 86.689123	 86.686057	 86.683277	 86.680781	 86.678567	 86.676632	 86.674977	   86.6736	 86.672499	 86.671674	 86.671124	 86.670849	
        99	 98.857987	    98.716	 98.574063	 98.432201	 98.290441	 98.148806	 98.007323	 97.866016	 97.724909	 97.584028	 97.443398	 97.303042	 97.162986	 97.023253	 96.883867	 96.744853	 96.606234	 96.468033	 96.330274	 96.192979	 96.056172	 95.919875	 95.784111	   95.6489	 95.514265	 95.380228	 95.246809	 95.114029	 94.981909	 94.850468	 94.719726	 94.589704	 94.460419	 94.331891	 94.204138	 94.077177	 93.951027	 93.825704	 93.701225	 93.577607	 93.454865	 93.333014	 93.212071	 93.092049	 92.972962	 92.854825	 92.737651	 92.621451	  92.50624	 92.392028	 92.278828	  92.16665	 92.055504	 91.945402	 91.836352	 91.728363	 91.621445	 91.515606	 91.410852	 91.307193	 91.204634	 91.103182	 91.002842	 90.903621	 90.805524	 90.708554	 90.612716	 90.518013	  90.42445	 90.332028	  90.24075	 90.150618	 90.061634	 89.973798	 89.887111	 89.801573	 89.717185	 89.633945	 89.551853	 89.470907	 89.391106	 89.312447	 89.234929	 89.158547	 89.083299	 89.009182	 88.936191	 88.864322	 88.793572	 88.723934	 88.655403	 88.587975	 88.521644	 88.456402	 88.392245	 88.329165	 88.267156	  88.20621	 88.146321	 88.087479	 88.029679	  87.97291	 87.917167	 87.862439	 87.808718	 87.755995	 87.704262	 87.653509	 87.603727	 87.554906	 87.507036	 87.460109	 87.414113	  87.36904	 87.324878	 87.281618	 87.239249	  87.19776	 87.157143	 87.117385	 87.078476	 87.040406	 87.003164	 86.966739	  86.93112	 86.896297	 86.862258	 86.828994	 86.796492	 86.764743	 86.733736	 86.703459	 86.673902	 86.645055	 86.616906	 86.589445	 86.562661	 86.536544	 86.511084	  86.48627	 86.462091	 86.438538	   86.4156	 86.393267	  86.37153	 86.350378	 86.329802	 86.309791	 86.290338	 86.271431	 86.253062	 86.235221	 86.217901	  86.20109	 86.184782	 86.168967	 86.153637	 86.138783	 86.124398	 86.110473	 86.097001	 86.083973	 86.071382	 86.059222	 86.047484	 86.036162	 86.025249	 86.014738	 86.004622	 85.994897	 85.985554	 85.976589	 85.967996	 85.959768	 85.951902	 85.944391	 85.937231	 85.930416	 85.923943	 85.917807	 85.912004	 85.906529	  85.90138	 85.896552	 85.892042	 85.887847	 85.883964	  85.88039	 85.877123	  85.87416	   85.8715	  85.86914	 85.867079	 85.865315	 85.863846	 85.862673	 85.861794	 85.861208	 85.860916	
        99	 98.849258	 98.698543	 98.547881	   98.3973	 98.246826	 98.096485	 97.946305	 97.796312	 97.646532	 97.496992	 97.347717	 97.198734	 97.050068	 96.901746	 96.753793	 96.606234	 96.459094	 96.312398	 96.166171	 96.020438	 95.875221	 95.730547	 95.586437	 95.442915	 95.300004	 95.157728	 95.016108	 94.875166	 94.734925	 94.595405	 94.456627	 94.318612	  94.18138	 94.044952	 93.909346	 93.774581	 93.640677	 93.507651	  93.37552	 93.244303	 93.114017	 92.984676	 92.856299	 92.728899	 92.602493	 92.477094	 92.352717	 92.229375	 92.107082	  91.98585	 91.865691	 91.746618	 91.628641	  91.51177	 91.396017	 91.281391	 91.167901	 91.055555	 90.944363	 90.834332	 90.725469	 90.617781	 90.511274	 90.405954	 90.301826	 90.198896	 90.097167	 89.996643	 89.897329	 89.799226	 89.702337	 89.606665	 89.512211	 89.418976	 89.326961	 89.236165	  89.14659	 89.058233	 88.971095	 88.885174	 88.800467	 88.716973	  88.63469	 88.553613	  88.47374	 88.395067	 88.317589	 88.241303	 88.166203	 88.092285	 88.019542	  87.94797	 87.877561	 87.808309	 87.740208	 87.673251	  87.60743	 87.542738	 87.479167	 87.416709	 87.355356	 87.295098	 87.235928	 87.177836	 87.120813	  87.06485	 87.009936	 86.956064	 86.903221	 86.851399	 86.800588	 86.750776	 86.701953	 86.654108	 86.607232	 86.561313	 86.516339	 86.472301	 86.429187	 86.386985	 86.345685	 86.305274	 86.265743	 86.227079	 86.189271	 86.152307	 86.116176	 86.080867	 86.046368	 86.012667	 85.979754	 85.947616	 85.916242	 85.885622	 85.855742	 85.826593	 85.798164	 85.770441	 85.743416	 85.717076	 85.691412	 85.666411	 85.642063	 85.618357	 85.595284	 85.572832	 85.550991	  85.52975	 85.509101	 85.489032	 85.469534	 85.450597	 85.432211	 85.414368	 85.397057	  85.38027	 85.363998	 85.348231	 85.332961	  85.31818	  85.30388	 85.290051	 85.276687	 85.263779	  85.25132	 85.239302	 85.227718	  85.21656	 85.205823	   85.1955	 85.185583	 85.176067	 85.166945	 85.158212	 85.149862	  85.14189	 85.134289	 85.127056	 85.120185	 85.113672	 85.107512	 85.101701	 85.096234	  85.09111	 85.086322	  85.08187	 85.077748	 85.073954	 85.070487	 85.067342	 85.064518	 85.062013	 85.059825	 85.057953	 85.056394	 85.055149	 85.054216	 85.053594	 85.053283	
