Time step 77:
        99	        99	        99	        99	        99	        99	        99	        99	        99	        99	        99	        99	        99	        99	        99	        99	        99	        99	        99	        99	        99	        99	        99	        99	        99	        99	        99	        99	        99	        99	        99	        99	        99	        99	        99	        99	        99	        99	        99	        99	        99	        99	        99	        99	        99	        99	        99	        99	        99	        99	        99	        99	        99	        99	        99	        99	        99	        99	        99	        99	        99	        99	        99	        99	        99	        99	        99	        99	        99	        99	        99	        99	        99	        99	        99	        99	        99	        99	        99	        99	        99	        99	        99	        99	        99	        99	        99	        99	        99	        99	        99	        99	        99	        99	        99	        99	        99	        99	        99	        99	        99	        99	        99	        99	        99	        99	        99	        99	        99	        99	        99	        99	        99	        99	        99	        99	        99	        99	        99	        99	        99	        99	        99	        99	        99	        99	        99	        99	        99	        99	        99	        99	        99	        99	        99	        99	        99	        99	        99	        99	        99	        99	        99	        99	        99	        99	        99	        99	        99	        99	        99	        99	        99	        99	        99	        99	        99	        99	        99	        99	        99	        99	        99	        99	        99	        99	        99	        99	        99	        99	        99	        99	        99	        99	        99	        99	        99	        99	        99	        99	        99	        99	        99	        99	        99	        99	        99	        99	        99	        99	        99	        99	        99	        99	        99	        99	        99	        99	        99	        99	
        99	 98.991754	 98.983509	 98.975267	 98.967029	 98.958797	 98.950571	 98.942353	 98.934145	 98.925947	 98.917762	  98.90959	 98.901432	 98.893291	 98.885167	 98.877062	 98.868977	 98.860912	 98.852871	 98.844853	 98.836859	 98.828893	 98.820953	 98.813042	 98.805161	 98.797311	 98.789493	 98.781708	 98.773957	 98.766242	 98.758564	 98.750924	 98.743322	  98.73576	 98.728238	 98.720759	 98.713322	 98.705929	 98.698581	 98.691279	 98.684023	 98.676815	 98.669654	 98.662543	 98.655482	 98.648472	 98.641514	 98.634607	 98.627754	 98.620954	 98.614209	 98.607519	 98.600885	 98.594307	 98.587786	 98.581322	 98.574917	  98.56857	 98.562282	 98.556054	 98.549886	 98.543778	 98.537731	 98.531746	 98.525822	 98.519959	 98.514159	 98.508422	 98.502747	 98.497135	 98.491586	 98.486101	  98.48068	 98.475322	 98.470028	 98.464797	 98.459631	 98.454529	 98.449491	 98.444518	 98.439608	 98.434762	 98.429981	 98.425264	  98.42061	  98.41602	 98.411494	 98.407032	 98.402633	 98.398297	 98.394024	 98.389814	 98.385666	 98.381581	 98.377558	 98.373597	 98.369697	 98.365858	 98.362081	 98.358363	 98.354706	 98.351109	 98.347572	 98.344093	 98.340673	 98.337311	 98.334007	 98.330761	 98.327571	 98.324438	 98.321361	  98.31834	 98.315373	 98.312461	 98.309604	   98.3068	 98.304049	  98.30135	 98.298704	 98.296109	 98.293566	 98.291072	 98.288629	 98.286235	  98.28389	 98.281593	 98.279344	 98.277142	 98.274986	 98.272877	 98.270813	 98.268794	  98.26682	 98.264889	 98.263002	 98.261157	 98.259355	 98.257594	 98.255874	 98.254194	 98.252555	 98.250955	 98.249394	 98.247871	 98.246385	 98.244937	 98.243526	 98.242151	 98.240812	 98.239507	 98.238238	 98.237002	 98.235801	 98.234632	 98.233496	 98.232392	  98.23132	  98.23028	  98.22927	  98.22829	 98.227341	 98.226421	  98.22553	 98.224668	 98.223834	 98.223027	 98.222249	 98.221497	 98.220773	 98.220074	 98.219402	 98.218755	 98.218134	 98.217538	 98.216967	  98.21642	 98.215897	 98.215398	 98.214923	 98.214471	 98.214042	 98.213636	 98.213253	 98.212892	 98.212554	 98.212237	 98.211943	  98.21167	 98.211419	 98.211189	  98.21098	 98.210793	 98.210627	 98.210482	 98.210357	 98.210254	 98.210171	 98.210109	 98.210068	 98.210047	
        99	 98.983509	 98.967021	 98.950538	 98.934064	   98.9176	  98.90115	 98.884716	   98.8683	 98.851907	 98.835537	 98.819194	 98.802881	   98.7866	 98.770353	 98.754144	 98.737975	 98.721847	 98.705765	 98.689731	 98.673746	 98.657813	 98.641935	 98.626115	 98.610354	 98.594655	  98.57902	 98.563451	 98.547952	 98.532523	 98.517168	 98.501888	 98.486685	 98.471563	 98.456521	 98.441564	 98.426692	 98.411907	 98.397212	 98.382608	 98.368098	 98.353682	 98.339363	 98.325142	 98.311021	 98.297002	 98.283086	 98.269274	 98.255569	 98.241971	 98.228482	 98.215103	 98.201835	  98.18868	 98.175639	 98.162714	 98.149904	 98.137211	 98.124637	 98.112181	 98.099846	 98.087631	 98.075539	 98.063568	 98.051721	 98.039997	 98.028398	 98.016924	 98.005575	 97.994353	 97.983256	 97.972287	 97.961444	 97.950729	 97.940142	 97.929683	 97.919351	 97.909148	 97.899073	 97.889126	 97.879308	 97.869618	 97.860055	 97.850621	 97.841315	 97.832136	 97.823085	 97.814161	 97.805363	 97.796692	 97.788147	 97.779728	 97.771433	 97.763264	 97.755218	 97.747296	 97.739497	 97.731821	 97.724266	 97.716832	 97.709519	 97.702325	  97.69525	 97.688293	 97.681454	 97.674731	 97.668124	 97.661631	 97.655253	 97.648987	 97.642833	 97.636791	 97.630859	 97.625036	 97.619321	 97.613713	 97.608212	 97.602815	 97.597523	 97.592334	 97.587247	 97.582261	 97.577374	 97.572587	 97.567897	 97.563304	 97.558806	 97.554402	 97.550092	 97.545873	 97.541746	 97.537709	  97.53376	 97.529899	 97.526125	 97.522436	 97.518831	 97.515309	  97.51187	 97.508511	 97.505232	 97.502032	  97.49891	 97.495864	 97.492894	 97.489999	 97.487176	 97.484426	 97.481748	  97.47914	 97.476601	  97.47413	 97.471727	  97.46939	 97.467118	 97.464911	 97.462767	 97.460686	 97.458666	 97.456707	 97.454808	 97.452968	 97.451187	 97.449462	 97.447794	 97.446182	 97.444625	 97.443122	 97.441673	 97.440276	 97.438932	 97.437639	 97.436396	 97.435204	 97.434061	 97.432968	 97.431922	 97.430924	 97.429974	  97.42907	 97.428213	 97.427401	 97.426635	 97.425913	 97.425236	 97.424603	 97.424014	 97.423469	 97.422966	 97.422507	  97.42209	 97.421715	 97.421383	 97.421093	 97.420844	 97.420637	 97.420472	 97.420348	 97.420265	 97.420224	
        99	 98.975267	 98.950538	 98.925818	 98.901109	 98.876417	 98.851745	 98.827097	 98.802478	  98.77789	 98.753339	 98.728829	 98.704362	 98.679943	 98.655577	 98.631266	 98.607016	 98.582828	 98.558708	 98.534659	 98.510685	  98.48679	 98.462976	 98.439249	  98.41561	 98.392065	 98.368616	 98.345267	  98.32202	 98.298881	 98.275851	 98.252934	 98.230133	 98.207452	 98.184893	  98.16246	 98.140155	 98.117981	 98.095942	 98.074039	 98.052276	 98.030655	  98.00918	 97.987852	 97.966673	 97.945647	 97.924776	 97.904061	 97.883506	 97.863111	  97.84288	 97.822815	 97.802916	 97.783187	 97.763628	 97.744242	  97.72503	 97.705994	 97.687134	 97.668454	 97.649953	 97.631634	 97.613497	 97.595544	 97.577776	 97.560193	 97.542796	 97.525587	 97.508567	 97.491735	 97.475093	 97.458641	 97.442379	 97.426309	  97.41043	 97.394743	 97.379248	 97.363946	 97.348835	 97.333917	 97.319191	 97.304658	 97.290317	 97.276168	  97.26221	 97.248444	 97.234869	 97.221484	  97.20829	 97.195285	 97.182469	 97.169841	 97.157402	 97.145149	 97.133082	 97.121201	 97.109504	 97.097991	  97.08666	 97.075511	 97.064542	 97.053753	 97.043142	 97.032709	 97.022451	 97.012368	 97.002458	 96.992721	 96.983154	 96.973757	 96.964528	 96.955466	 96.946569	 96.937835	 96.929264	 96.920854	 96.912603	  96.90451	 96.896572	  96.88879	  96.88116	 96.873682	 96.866353	 96.859173	 96.852139	  96.84525	 96.838504	 96.831899	 96.825435	 96.819108	 96.812918	 96.806863	 96.800941	  96.79515	 96.789489	 96.783956	  96.77855	 96.773268	  96.76811	 96.763072	 96.758155	 96.753356	 96.748673	 96.744105	  96.73965	 96.735307	 96.731075	  96.72695	 96.722933	 96.719021	 96.715213	 96.711508	 96.707903	 96.704398	 96.700991	 96.697681	 96.694465	 96.691344	 96.688315	 96.685377	 96.682529	  96.67977	 96.677097	 96.674511	  96.67201	 96.669592	 96.667257	 96.665003	 96.662829	 96.660734	 96.658718	 96.656778	 96.654915	 96.653127	 96.651413	 96.649773	 96.648205	 96.646708	 96.645283	 96.643927	 96.642641	 96.641424	 96.640274	 96.639192	 96.638177	 96.637228	 96.636345	 96.635526	 96.634773	 96.634084	 96.633458	 96.632897	 96.632398	 96.631963	  96.63159	 96.631279	 96.631031	 96.630845	 96.630721	 96.630659	
        99	 98.967029	 98.934064	 98.901109	 98.868171	 98.835254	 98.802364	 98.769507	 98.736687	  98.70391	 98.671182	 98.638507	 98.605891	  98.57334	 98.540857	 98.508449	 98.476121	 98.443877	 98.411724	 98.379665	 98.347705	 98.315851	 98.284105	 98.252475	 98.220963	 98.189575	 98.158315	 98.127189	   98.0962	 98.065353	 98.034652	 98.004102	 97.973707	 97.943472	 97.913399	 97.883493	 97.853759	   97.8242	 97.794819	 97.765621	  97.73661	 97.707788	 97.679159	 97.650727	 97.622494	 97.594465	 97.566642	 97.539028	 97.511626	 97.484438	 97.457469	  97.43072	 97.404194	 97.377893	 97.351819	 97.325976	 97.300365	 97.274988	 97.249847	 97.224945	 97.200282	 97.175861	 97.151683	  97.12775	 97.104063	 97.080624	 97.057433	 97.034493	 97.011803	 96.989365	 96.967179	 96.945248	  96.92357	 96.902147	 96.880979	 96.860067	 96.839411	 96.819011	 96.798868	 96.778981	 96.759351	 96.739976	 96.720858	 96.701996	  96.68339	 96.665038	 96.646942	 96.629099	  96.61151	 96.594173	 96.577089	 96.560255	 96.543672	 96.527338	 96.511252	 96.495414	 96.479821	 96.464473	 96.449368	 96.434506	 96.419884	 96.405501	 96.391356	 96.377447	 96.363772	 96.350331	 96.337121	  96.32414	 96.311387	  96.29886	 96.286557	 96.274476	 96.262615	 96.250973	 96.239547	 96.228335	 96.217336	 96.206547	 96.195966	 96.185591	  96.17542	 96.165451	 96.155682	  96.14611	 96.136733	 96.127549	 96.118556	 96.109752	 96.101134	   96.0927	 96.084449	 96.076376	 96.068482	 96.060762	 96.053216	  96.04584	 96.038633	 96.031592	 96.024715	    96.018	 96.011445	 96.005047	 95.998805	 95.992715	 95.986777	 95.980987	 95.975345	 95.969847	 95.964491	 95.959277	   95.9542	 95.949261	 95.944455	 95.939783	 95.935241	 95.930828	 95.926542	 95.922381	 95.918343	 95.914426	  95.91063	 95.906951	 95.903389	 95.899941	 95.896607	 95.893383	  95.89027	 95.887265	 95.884368	 95.881575	 95.878887	 95.876302	 95.873818	 95.871434	  95.86915	 95.866963	 95.864872	 95.862878	 95.860977	  95.85917	 95.857456	 95.855833	 95.854301	 95.852858	 95.851505	  95.85024	 95.849062	 95.847971	 95.846967	 95.846048	 95.845215	 95.844466	 95.843801	 95.843221	 95.842724	  95.84231	 95.841979	 95.841731	 95.841566	 95.841483	
        99	 98.958797	   98.9176	 98.876417	 98.835254	 98.794118	 98.753016	 98.711954	  98.67094	 98.629979	 98.589079	 98.548245	 98.507485	 98.466806	 98.426213	 98.385713	 98.345312	 98.305018	 98.264835	 98.224771	 98.184832	 98.145023	 98.105352	 98.065823	 98.026443	 97.987218	 97.948153	 97.909254	 97.870528	 97.831979	 97.793612	 97.755434	  97.71745	 97.679664	 97.642082	  97.60471	 97.567551	 97.530611	 97.493895	 97.457406	 97.421151	 97.385132	 97.349355	 97.313823	 97.278541	 97.243513	 97.208743	 97.174233	 97.139989	 97.106014	  97.07231	 97.038882	 97.005732	 96.972864	 96.940281	 96.907985	 96.875979	 96.844265	 96.812847	 96.781727	 96.750906	 96.720387	 96.690172	 96.660263	 96.630662	  96.60137	 96.572389	  96.54372	 96.515364	 96.487324	 96.459599	 96.432191	   96.4051	 96.378328	 96.351875	 96.325742	 96.299928	 96.274435	 96.249262	 96.224409	 96.199877	 96.175665	 96.151773	 96.128202	 96.104949	 96.082015	   96.0594	 96.037102	 96.015121	 95.993456	 95.972105	 95.951069	 95.930345	 95.909933	  95.88983	 95.870037	 95.850551	  95.83137	 95.812494	  95.79392	 95.775647	 95.757673	 95.739996	 95.722614	 95.705526	 95.688728	 95.672219	 95.655997	  95.64006	 95.624405	  95.60903	 95.593932	  95.57911	 95.564561	 95.550282	 95.536271	 95.522525	 95.509042	 95.495819	 95.482854	 95.470144	 95.457685	 95.445476	 95.433514	 95.421796	 95.410319	 95.399081	 95.388078	 95.377308	 95.366769	 95.356457	 95.346369	 95.336503	 95.326856	 95.317426	 95.308208	 95.299201	 95.290402	 95.281808	 95.273417	 95.265225	 95.257229	 95.249428	 95.241818	 95.234397	 95.227162	  95.22011	  95.21324	 95.206547	  95.20003	 95.193686	 95.187513	 95.181508	 95.175669	 95.169993	 95.164478	 95.159122	 95.153922	 95.148876	 95.143981	 95.139237	 95.134639	 95.130188	 95.125879	 95.121712	 95.117684	 95.113793	 95.110038	 95.106417	 95.102928	 95.099568	 95.096337	 95.093233	 95.090254	 95.087399	 95.084666	 95.082054	 95.079561	 95.077186	 95.074928	 95.072786	 95.070758	 95.068843	  95.06704	 95.065349	 95.063768	 95.062296	 95.060933	 95.059678	  95.05853	 95.057488	 95.056552	 95.055722	 95.054996	 95.054375	 95.053858	 95.053444	 95.053134	 95.052928	 95.052825	
        99	 98.950571	  98.90115	 98.851745	 98.802364	 98.753016	 98.703708	 98.654449	 98.605246	 98.556108	 98.507042	 98.458057	  98.40916	 98.360359	 98.311662	 98.263077	 98.214611	 98.166272	 98.118067	 98.070005	 98.022092	 97.974336	 97.926745	 97.879324	 97.832083	 97.785026	 97.738163	 97.691499	  97.64504	 97.598795	 97.552769	  97.50697	 97.461402	 97.416073	 97.370988	 97.326155	 97.281578	 97.237263	 97.193216	 97.149444	  97.10595	  97.06274	 97.019821	 96.977196	  96.93487	 96.892849	 96.851137	 96.809738	 96.768658	 96.727899	 96.687467	 96.647365	 96.607598	 96.568168	 96.529079	 96.490336	  96.45194	 96.413895	 96.376205	 96.338871	 96.301898	 96.265286	 96.229039	 96.193159	 96.157648	 96.122509	 96.087742	 96.053349	 96.019333	 95.985694	 95.952434	 95.919555	 95.887056	 95.854939	 95.823205	 95.791854	 95.760887	 95.730304	 95.700105	 95.670291	 95.640862	 95.611816	 95.583155	 95.554877	 95.526982	  95.49947	  95.47234	 95.445591	 95.419221	 95.393231	 95.367618	 95.342382	 95.317521	 95.293033	 95.268918	 95.245173	 95.221796	 95.198787	 95.176142	  95.15386	 95.131939	 95.110377	 95.089171	 95.068319	 95.047818	 95.027667	 95.007863	 94.988402	 94.969283	 94.950503	 94.932058	 94.913947	 94.896166	 94.878712	 94.861582	 94.844774	 94.828284	 94.812109	 94.796247	 94.780693	 94.765445	 94.750499	 94.735853	 94.721503	 94.707445	 94.693677	 94.680195	 94.666996	 94.654076	 94.641432	 94.629062	  94.61696	 94.605124	 94.593552	 94.582238	 94.571181	 94.560376	  94.54982	  94.53951	 94.529444	 94.519616	 94.510024	 94.500666	 94.491537	 94.482634	 94.473955	 94.465495	 94.457253	 94.449224	 94.441406	 94.433796	  94.42639	 94.419187	 94.412182	 94.405372	 94.398756	 94.392331	 94.386092	 94.380039	 94.374168	 94.368476	 94.362961	  94.35762	 94.352452	 94.347452	  94.34262	 94.337953	 94.333448	 94.329104	 94.324918	 94.320888	 94.317012	 94.313288	 94.309715	  94.30629	 94.303011	 94.299877	 94.296887	 94.294038	 94.291329	 94.288759	 94.286326	 94.284029	 94.281866	 94.279837	  94.27794	 94.276175	  94.27454	 94.273034	 94.271656	 94.270407	 94.269284	 94.268288	 94.267417	 94.266672	 94.266052	 94.265556	 94.265184	 94.264937	 94.264813	
        99	 98.942353	 98.884716	 98.827097	 98.769507	 98.711954	 98.654449	    98.597	 98.539618	  98.48231	 98.425087	 98.367958	 98.310931	 98.254017	 98.197224	 98.140561	 98.084038	 98.027662	 97.971444	 97.915391	 97.859513	 97.803817	 97.748313	 97.693009	 97.637913	 97.583034	 97.528379	 97.473957	 97.419775	 97.365841	 97.312164	 97.258749	 97.205606	 97.152741	 97.100161	 97.047874	 96.995885	 96.944203	 96.892834	 96.841784	 96.791059	 96.740666	 96.690611	 96.640899	 96.591537	  96.54253	 96.493883	 96.445602	 96.397691	 96.350157	 96.303003	 96.256234	 96.209855	  96.16387	 96.118282	 96.073097	 96.028318	 95.983949	 95.939992	 95.896452	 95.853331	 95.810633	  95.76836	 95.726515	   95.6851	 95.644118	 95.603571	 95.563461	 95.523789	 95.484558	 95.445769	 95.407423	 95.369521	 95.332065	 95.295055	 95.258492	 95.222376	 95.186709	 95.151489	 95.116719	 95.082396	 95.048522	 95.015096	 94.982117	 94.949584	 94.917498	 94.885858	 94.854661	 94.823908	 94.793596	 94.763725	 94.734293	 94.705299	  94.67674	 94.648616	 94.620923	  94.59366	 94.566825	 94.540416	  94.51443	 94.488864	 94.463717	 94.438985	 94.414667	 94.390758	 94.367257	 94.344159	 94.321464	 94.299166	 94.277263	 94.255752	  94.23463	 94.213892	 94.193537	  94.17356	 94.153957	 94.134725	 94.115862	 94.097362	 94.079222	 94.061439	 94.044009	 94.026928	 94.010191	 93.993797	  93.97774	 93.962016	 93.946623	 93.931555	 93.916809	 93.902382	 93.888268	 93.874465	 93.860968	 93.847774	 93.834878	 93.822277	 93.809966	 93.797943	 93.786202	  93.77474	 93.763554	  93.75264	 93.741993	  93.73161	 93.721488	 93.711622	 93.702009	 93.692646	 93.683528	 93.674653	 93.666016	 93.657614	 93.649445	 93.641504	 93.633788	 93.626294	 93.619018	 93.611958	 93.605111	 93.598473	 93.592041	 93.585813	 93.579785	 93.573954	 93.568319	 93.562876	 93.557622	 93.552556	 93.547674	 93.542974	 93.538453	  93.53411	 93.529943	 93.525948	 93.522124	  93.51847	 93.514982	 93.511659	   93.5085	 93.505503	 93.502665	 93.499986	 93.497464	 93.495098	 93.492886	 93.490827	  93.48892	 93.487163	 93.485557	   93.4841	  93.48279	 93.481628	 93.480613	 93.479744	 93.479021	 93.478442	 93.478009	  93.47772	 93.477576	
        99	 98.934145	   98.8683	 98.802478	 98.736687	  98.67094	 98.605246	 98.539618	 98.474064	 98.408596	 98.343225	 98.277962	 98.212815	 98.147797	 98.082917	 98.018186	 97.953614	 97.889212	 97.824988	 97.760954	 97.697119	 97.633494	 97.570086	 97.506908	 97.443967	 97.381273	 97.318836	 97.256665	 97.194768	 97.133155	 97.071834	 97.010814	 96.950104	 96.889711	 96.829644	 96.769912	 96.710521	  96.65148	 96.592796	 96.534477	  96.47653	 96.418961	 96.361779	 96.304989	 96.248598	 96.192612	 96.137039	 96.081883	 96.027151	 95.972848	 95.918979	 95.865551	 95.812568	 95.760035	 95.707957	 95.656338	 95.605183	 95.554495	  95.50428	  95.45454	 95.405279	 95.356501	 95.308209	 95.260406	 95.213094	 95.166277	 95.119956	 95.074135	 95.028814	 94.983997	 94.939684	 94.895878	  94.85258	  94.80979	  94.76751	 94.725741	 94.684483	 94.643737	 94.603503	 94.563781	 94.524572	 94.485874	 94.447688	 94.410013	 94.372849	 94.336194	 94.300048	 94.264409	 94.229277	 94.194649	 94.160525	 94.126903	  94.09378	 94.061155	 94.029025	 93.997389	 93.966245	 93.935589	 93.905419	 93.875732	 93.846527	 93.817799	 93.789546	 93.761764	 93.734451	 93.707604	 93.681218	  93.65529	 93.629818	 93.604796	 93.580222	 93.556092	 93.532402	 93.509148	 93.486326	 93.463932	 93.441963	 93.420413	 93.399279	 93.378556	 93.358241	 93.338329	 93.318815	 93.299696	 93.280967	 93.262624	 93.244662	 93.227076	 93.209863	 93.193018	 93.176536	 93.160413	 93.144644	 93.129225	 93.114152	  93.09942	 93.085025	 93.070961	 93.057225	 93.043813	  93.03072	 93.017941	 93.005472	 92.993309	 92.981448	 92.969884	 92.958614	 92.947632	 92.936936	  92.92652	  92.91638	 92.906514	 92.896916	 92.887583	 92.878511	 92.869697	 92.861136	 92.852824	 92.844759	 92.836937	 92.829353	 92.822006	  92.81489	 92.808004	 92.801344	 92.794906	 92.788688	 92.782686	 92.776898	 92.771321	 92.765952	 92.760788	 92.755826	 92.751065	 92.746502	 92.742134	 92.737959	 92.733974	 92.730179	 92.726569	 92.723145	 92.719904	 92.716843	 92.713962	 92.711259	 92.708732	  92.70638	 92.704201	 92.702195	  92.70036	 92.698695	 92.697199	 92.695872	 92.694712	 92.693719	 92.692892	 92.692232	 92.691737	 92.691407	 92.691242	
        99	 98.925947	 98.851907	  98.77789	  98.70391	 98.629979	 98.556108	  98.48231	 98.408596	  98.33498	 98.261471	 98.188083	 98.114828	 98.041716	  97.96876	 97.895972	 97.823362	 97.750943	 97.678725	  97.60672	 97.534939	 97.463393	 97.392093	  97.32105	 97.250275	 97.179777	 97.109568	 97.039657	 96.970056	 96.900773	 96.831819	 96.763204	 96.694936	 96.627026	 96.559482	 96.492314	 96.425531	  96.35914	 96.293152	 96.227573	 96.162412	 96.097678	 96.033377	 95.969518	 95.906108	 95.843154	 95.780662	 95.718641	 95.657096	 95.596033	 95.535459	  95.47538	 95.415802	  95.35673	 95.298169	 95.240125	 95.182602	 95.125605	 95.069139	 95.013208	 94.957815	 94.902965	 94.848662	 94.794908	 94.741707	 94.689062	 94.636975	  94.58545	 94.534488	 94.484092	 94.434264	 94.385005	 94.336316	   94.2882	 94.240657	 94.193689	 94.147295	 94.101477	 94.056235	 94.011569	 93.967478	 93.923964	 93.881024	  93.83866	 93.796869	 93.755652	 93.715006	 93.674931	 93.635426	 93.596488	 93.558116	 93.520308	 93.483062	 93.446376	 93.410247	 93.374673	 93.339652	  93.30518	 93.271254	 93.237873	 93.205032	 93.172728	 93.140958	 93.109718	 93.079005	 93.048816	 93.019145	  92.98999	 92.961347	 92.933211	 92.905578	 92.878444	 92.851805	 92.825657	 92.799994	 92.774813	 92.750108	 92.725876	 92.702111	 92.678809	 92.655965	 92.633574	 92.611632	 92.590133	 92.569072	 92.548446	 92.528247	 92.508473	 92.489117	 92.470175	 92.451641	 92.433511	  92.41578	 92.398442	 92.381492	 92.364926	 92.348739	 92.332925	  92.31748	 92.302398	 92.287674	 92.273305	 92.259284	 92.245607	  92.23227	 92.219266	 92.206593	 92.194244	 92.182216	 92.170504	 92.159102	 92.148008	 92.137215	 92.126721	 92.116519	 92.106608	 92.096981	 92.087635	 92.078566	  92.06977	 92.061242	  92.05298	 92.044979	 92.037236	 92.029746	 92.022507	 92.015515	 92.008766	 92.002257	 91.995986	 91.989948	 91.984142	 91.978563	 91.973209	 91.968078	 91.963166	 91.958471	 91.953991	 91.949722	 91.945664	 91.941813	 91.938168	 91.934727	 91.931487	 91.928448	 91.925606	 91.922961	 91.920511	 91.918255	 91.916192	 91.914319	 91.912638	 91.911145	 91.909841	 91.908724	 91.907795	 91.907052	 91.906495	 91.906124	 91.905939	
        99	 98.917762	 98.835537	 98.753339	 98.671182	 98.589079	 98.507042	 98.425087	 98.343225	 98.261471	 98.179838	 98.098338	 98.016985	 97.935792	 97.854772	 97.773938	 97.693302	 97.612878	 97.532677	 97.452713	 97.372998	 97.293544	 97.214363	 97.135467	 97.056868	 96.978578	 96.900608	  96.82297	 96.745675	 96.668734	 96.592159	 96.515959	 96.440145	 96.364728	 96.289719	 96.215126	 96.140961	 96.067232	 95.993949	 95.921122	 95.848759	 95.776869	 95.705461	 95.634543	 95.564123	  95.49421	 95.424812	 95.355935	 95.287586	 95.219774	 95.152505	 95.085785	 95.019622	  94.95402	 94.888986	 94.824526	 94.760644	 94.697347	  94.63464	 94.572526	 94.511011	 94.450098	 94.389792	 94.330096	 94.271015	  94.21255	 94.154707	 94.097486	 94.040891	 93.984925	 93.929588	 93.874884	 93.820814	  93.76738	 93.714582	 93.662421	   93.6109	 93.560017	 93.509774	  93.46017	 93.411206	 93.362882	 93.315196	 93.268149	 93.221739	 93.175966	 93.130827	 93.086323	 93.042451	 92.999209	 92.956595	 92.914608	 92.873245	 92.832504	 92.792382	 92.752876	 92.713983	 92.675701	 92.638025	 92.600954	 92.564483	 92.528608	 92.493326	 92.458634	 92.424526	 92.390999	 92.358049	 92.325672	 92.293862	 92.262616	 92.231929	 92.201796	 92.172212	 92.143173	 92.114674	 92.086709	 92.059274	 92.032363	 92.005971	 91.980094	 91.954725	 91.929859	 91.905491	 91.881616	 91.858227	  91.83532	  91.81289	 91.790929	 91.769434	 91.748398	 91.727816	 91.707682	  91.68799	 91.668736	 91.649913	 91.631516	 91.613539	 91.595977	 91.578825	 91.562076	 91.545725	 91.529767	 91.514196	 91.499008	 91.484196	 91.469755	 91.455681	 91.441968	  91.42861	 91.415603	 91.402941	  91.39062	 91.378635	  91.36698	 91.355651	 91.344644	 91.333953	 91.323574	 91.313503	 91.303734	 91.294264	 91.285089	 91.276203	 91.267604	 91.259286	 91.251247	 91.243482	 91.235987	 91.228759	 91.221795	  91.21509	 91.208641	 91.202446	   91.1965	 91.190801	 91.185347	 91.180133	 91.175157	 91.170417	  91.16591	 91.161634	 91.157586	 91.153764	 91.150167	 91.146791	 91.143635	 91.140698	 91.137977	 91.135472	  91.13318	 91.131101	 91.129233	 91.127576	 91.126127	 91.124887	 91.123855	  91.12303	 91.122412	    91.122	 91.121794	
        99	  98.90959	 98.819194	 98.728829	 98.638507	 98.548245	 98.458057	 98.367958	 98.277962	 98.188083	 98.098338	 98.008739	 97.919303	 97.830041	  97.74097	 97.652104	 97.563455	 97.475039	 97.386869	 97.298959	 97.211322	 97.123973	 97.036923	 96.950188	 96.863778	 96.777709	 96.691991	 96.606638	 96.521662	 96.437076	 96.352891	 96.269119	 96.185771	 96.102861	 96.020397	 95.938393	 95.856857	 95.775802	 95.695237	 95.615173	 95.535619	 95.456585	 95.378081	 95.300116	 95.222699	 95.145839	 95.069544	 94.993823	 94.918683	 94.844132	 94.770178	 94.696829	  94.62409	 94.551969	 94.480473	 94.409607	 94.339378	 94.269792	 94.200852	 94.132566	 94.064938	 93.997973	 93.931674	 93.866046	 93.801094	  93.73682	 93.673228	 93.610322	 93.548103	 93.486575	  93.42574	   93.3656	 93.306157	 93.247412	 93.189368	 93.132024	 93.075383	 93.019444	 92.964208	 92.909676	 92.855846	  92.80272	 92.750296	 92.698573	 92.647551	 92.597229	 92.547606	 92.498679	 92.450447	 92.402908	  92.35606	 92.309901	 92.264428	 92.219638	 92.175529	 92.132097	  92.08934	 92.047253	 92.005834	 91.965079	 91.924983	 91.885544	 91.846756	 91.808616	 91.771119	 91.734261	 91.698036	 91.662441	 91.627471	  91.59312	 91.559383	 91.526256	 91.493733	 91.461808	 91.430477	 91.399733	 91.369572	 91.339987	 91.310973	 91.282523	 91.254633	 91.227297	 91.200507	 91.174259	 91.148547	 91.123364	 91.098704	 91.074562	  91.05093	 91.027804	 91.005177	 90.983042	 90.961394	 90.940226	 90.919533	 90.899307	 90.879544	 90.860237	  90.84138	 90.822967	 90.804991	 90.787447	  90.77033	 90.753632	 90.737348	 90.721473	    90.706	 90.690923	 90.676238	 90.661939	 90.648019	 90.634473	 90.621297	 90.608484	  90.59603	 90.583929	 90.572175	 90.560765	 90.549693	 90.538954	 90.528543	 90.518455	 90.508687	 90.499233	 90.490089	 90.481251	 90.472714	 90.464475	 90.456529	 90.448872	 90.441501	 90.434411	   90.4276	 90.421064	 90.414799	 90.408802	  90.40307	   90.3976	 90.392389	 90.387434	 90.382733	 90.378283	 90.374081	 90.370126	 90.366415	 90.362946	 90.359716	 90.356726	 90.353971	 90.351452	 90.349166	 90.347113	  90.34529	 90.343698	 90.342335	   90.3412	 90.340293	 90.339614	 90.339161	 90.338934	
        99	 98.901432	 98.802881	 98.704362	 98.605891	 98.507485	  98.40916	 98.310931	 98.212815	 98.114828	 98.016985	 97.919303	 97.821796	 97.724481	 97.627374	 97.530489	 97.433842	 97.337449	 97.241324	 97.145482	 97.049938	 96.954707	 96.859804	 96.765242	 96.671037	 96.577201	  96.48375	 96.390696	 96.298053	 96.205835	 96.114054	 96.022723	 95.931856	 95.841465	 95.751561	 95.662158	 95.573266	 95.484897	 95.397063	 95.309775	 95.223043	 95.136879	 95.051292	 94.966292	  94.88189	 94.798095	 94.714917	 94.632363	 94.550444	 94.469167	  94.38854	 94.308573	 94.229271	 94.150644	 94.072697	 93.995437	 93.918871	 93.843006	 93.767847	   93.6934	  93.61967	 93.546662	 93.474382	 93.402833	  93.33202	 93.261947	 93.192618	 93.124035	 93.056203	 92.989123	 92.922799	 92.857233	 92.792427	 92.728382	 92.665101	 92.602584	 92.540832	 92.479846	 92.419626	 92.360173	 92.301487	 92.243567	 92.186413	 92.130024	 92.074399	 92.019536	 91.965435	 91.912094	  91.85951	 91.807682	 91.756607	 91.706283	 91.656707	 91.607876	 91.559787	 91.512437	 91.465822	 91.419938	 91.374782	 91.330349	 91.286636	 91.243638	 91.201351	  91.15977	  91.11889	 91.078706	 91.039213	 91.000407	 90.962281	 90.924831	  90.88805	 90.851934	 90.816476	 90.781671	 90.747513	 90.713995	 90.681113	 90.648858	 90.617226	  90.58621	 90.555804	 90.526001	 90.496794	 90.468178	 90.440146	 90.412691	 90.385806	 90.359485	 90.333722	 90.308509	  90.28384	 90.259708	 90.236106	 90.213029	 90.190468	 90.168418	 90.146872	 90.125823	 90.105265	  90.08519	 90.065592	 90.046466	 90.027804	 90.009599	 89.991846	 89.974538	 89.957669	 89.941233	 89.925223	 89.909633	 89.894457	  89.87969	 89.865325	 89.851356	 89.837778	 89.824585	 89.811771	 89.799331	  89.78726	 89.775552	 89.764201	 89.753204	 89.742554	 89.732247	 89.722278	 89.712643	 89.703336	 89.694353	  89.68569	 89.677342	 89.669306	 89.661577	 89.654151	 89.647025	 89.640195	 89.633657	 89.627408	 89.621444	 89.615763	 89.610361	 89.605236	 89.600384	 89.595804	 89.591492	 89.587445	 89.583663	 89.580143	 89.576882	 89.573879	 89.571132	  89.56864	 89.566402	 89.564415	 89.562679	 89.561193	 89.559956	 89.558967	 89.558226	 89.557732	 89.557485	
        99	 98.893291	   98.7866	 98.679943	  98.57334	 98.466806	 98.360359	 98.254017	 98.147797	 98.041716	 97.935792	 97.830041	 97.724481	 97.619129	 97.514001	 97.409113	 97.304484	 97.200129	 97.096064	 96.992306	 96.888871	 96.785775	 96.683033	 96.580661	 96.478674	 96.377088	 96.275918	 96.175178	 96.074883	 95.975048	 95.875687	 95.776813	  95.67844	 95.580583	 95.483254	 95.386466	 95.290232	 95.194564	 95.099475	 95.004978	 94.911082	 94.817801	 94.725145	 94.633125	 94.541752	 94.451036	 94.360987	 94.271615	 94.182929	 94.094939	 94.007653	  93.92108	 93.835229	 93.750107	 93.665722	 93.582081	 93.499191	  93.41706	 93.335693	 93.255097	 93.175277	 93.096239	 93.017989	  92.94053	 92.863868	 92.788008	 92.712952	 92.638705	  92.56527	  92.49265	 92.420848	 92.349866	 92.279707	 92.210373	 92.141864	 92.074183	 92.007331	 91.941308	 91.876114	 91.811751	 91.748218	 91.685514	 91.623639	 91.562592	 91.502373	 91.442979	 91.384409	 91.326662	 91.269735	 91.213627	 91.158333	 91.103853	 91.050182	 90.997318	 90.945257	 90.893995	  90.84353	 90.793856	 90.744971	 90.696868	 90.649544	 90.602995	 90.557215	 90.512199	 90.467942	  90.42444	 90.381685	 90.339673	 90.298399	 90.257855	 90.218037	 90.178938	 90.140551	 90.102871	 90.065892	 90.029606	 89.994007	 89.959089	 89.924844	 89.891266	 89.858348	 89.826083	 89.794465	 89.763485	 89.733137	 89.703414	 89.674309	 89.645815	 89.617923	 89.590628	 89.563921	 89.537796	 89.512245	 89.487262	 89.462838	 89.438966	 89.415641	 89.392853	 89.370596	 89.348863	 89.327647	 89.306941	 89.286737	 89.267029	  89.24781	 89.229073	  89.21081	 89.193016	 89.175684	 89.158806	 89.142377	  89.12639	 89.110838	 89.095716	 89.081016	 89.066733	 89.052861	 89.039394	 89.026326	  89.01365	 89.001363	 88.989457	 88.977928	 88.966769	 88.955977	 88.945546	  88.93547	 88.925745	 88.916366	 88.907329	 88.898629	 88.890262	 88.882223	 88.874508	 88.867114	 88.860036	 88.853271	 88.846815	 88.840664	 88.834816	 88.829268	 88.824015	 88.819056	 88.814388	 88.810007	 88.805913	 88.802101	 88.798571	  88.79532	 88.792347	 88.789649	 88.787226	 88.785075	 88.783195	 88.781587	 88.780247	 88.779177	 88.778375	  88.77784	 88.777573	
        99	 98.885167	 98.770353	 98.655577	 98.540857	 98.426213	 98.311662	 98.197224	 98.082917	  97.96876	 97.854772	  97.74097	 97.627374	 97.514001	 97.400869	 97.287996	 97.175401	 97.063101	 96.951114	 96.839457	 96.728147	 96.617202	 96.506638	 96.396472	 96.286721	 96.177401	 96.068529	 95.960119	 95.852189	 95.744753	 95.637827	 95.531426	 95.425564	 95.320257	 95.215517	 95.111361	   95.0078	 94.904849	 94.802522	 94.700829	 94.599786	 94.499403	 94.399693	 94.300667	 94.202337	 94.104715	  94.00781	 93.911634	 93.816197	 93.721508	 93.627577	 93.534413	 93.442026	 93.350423	 93.259614	 93.169605	 93.080405	 92.992021	 92.904459	 92.817727	  92.73183	 92.646775	 92.562567	 92.479212	 92.396714	 92.315078	 92.234308	 92.154408	 92.075382	 91.997234	 91.919965	  91.84358	 91.768079	 91.693466	 91.619742	 91.546909	 91.474967	 91.403917	  91.33376	 91.264497	 91.196126	 91.128649	 91.062063	 90.996369	 90.931565	 90.867649	 90.804621	 90.742477	 90.681217	 90.620836	 90.561333	 90.502705	 90.444948	 90.388059	 90.332035	 90.276871	 90.222563	 90.169108	   90.1165	 90.064736	 90.013809	 89.963716	 89.914451	 89.866008	 89.818382	 89.771567	 89.725557	 89.680347	  89.63593	   89.5923	  89.54945	 89.507374	 89.466065	 89.425517	 89.385722	 89.346674	 89.308365	 89.270788	 89.233936	 89.197802	 89.162378	 89.127657	 89.093631	 89.060293	 89.027635	 88.995649	 88.964328	 88.933664	 88.903649	 88.874275	 88.845535	 88.817421	 88.789926	  88.76304	 88.736757	 88.711068	 88.685966	 88.661444	 88.637493	 88.614105	 88.591274	 88.568991	 88.547249	 88.526041	 88.505359	 88.485195	 88.465542	 88.446393	 88.427741	 88.409579	 88.391899	 88.374694	 88.357959	 88.341685	 88.325866	 88.310496	 88.295568	 88.281075	 88.267012	 88.253372	 88.240149	 88.227336	 88.214929	 88.202922	 88.191308	 88.180082	 88.169239	 88.158774	 88.148681	 88.138956	 88.129594	 88.120589	 88.111938	 88.103636	 88.095679	 88.088062	 88.080782	 88.073834	 88.067216	 88.060923	 88.054952	 88.049299	 88.043963	 88.038939	 88.034225	 88.029819	 88.025717	 88.021918	  88.01842	  88.01522	 88.012317	 88.009709	 88.007394	 88.005372	 88.003641	 88.002199	 88.001047	 88.000184	 87.999609	 87.999321	
        99	 98.877062	 98.754144	 98.631266	 98.508449	 98.385713	 98.263077	 98.140561	 98.018186	 97.895972	 97.773938	 97.652104	 97.530489	 97.409113	 97.287996	 97.167157	 97.046615	 96.926388	 96.806496	 96.686958	 96.567792	 96.449015	 96.330647	 96.212706	 96.095208	 95.978172	 95.861615	 95.745554	 95.630005	 95.514986	 95.400513	 95.286602	 95.173268	 95.060527	 94.948395	 94.836887	 94.726017	 94.615799	 94.506249	 94.397379	 94.289203	 94.181735	 94.074987	 93.968971	 93.863701	 93.759188	 93.655444	 93.552479	 93.450305	 93.348933	 93.248372	 93.148633	 93.049724	 92.951656	 92.854437	 92.758075	 92.662579	 92.567956	 92.474214	  92.38136	 92.289401	 92.198342	 92.108191	 92.018952	  91.93063	 91.843232	 91.756761	 91.671222	 91.586618	 91.502954	 91.420231	 91.338454	 91.257625	 91.177745	 91.098818	 91.020843	 90.943823	 90.867759	  90.79265	 90.718498	 90.645301	 90.573061	 90.501776	 90.431444	 90.362066	 90.293639	 90.226162	 90.159632	 90.094047	 90.029405	 89.965702	 89.902936	 89.841102	 89.780198	 89.720219	 89.661161	 89.603021	 89.545792	 89.489472	 89.434053	 89.379532	 89.325903	  89.27316	 89.221298	 89.170311	 89.120191	 89.070934	 89.022533	 88.974981	 88.928271	 88.882397	 88.837351	 88.793127	 88.749716	 88.707112	 88.665308	 88.624295	 88.584066	 88.544613	 88.505928	 88.468004	 88.430832	 88.394404	 88.358713	  88.32375	 88.289506	 88.255975	 88.223146	 88.191013	 88.159566	 88.128797	 88.098699	 88.069262	 88.040479	  88.01234	 87.984839	 87.957965	 87.931712	  87.90607	 87.881032	 87.856589	 87.832734	 87.809457	 87.786752	  87.76461	 87.743022	 87.721983	 87.701482	 87.681514	 87.662069	 87.643141	 87.624723	 87.606806	 87.589383	 87.572448	 87.555993	 87.540011	 87.524496	  87.50944	 87.494837	  87.48068	 87.466964	 87.453681	 87.440826	 87.428392	 87.416374	 87.404766	 87.393562	 87.382757	 87.372345	 87.362322	 87.352682	 87.343421	 87.334533	 87.326014	 87.317859	 87.310065	 87.302627	 87.295541	 87.288804	 87.282411	  87.27636	 87.270647	 87.265268	 87.260222	 87.255505	 87.251114	 87.247047	 87.243301	 87.239876	 87.236767	 87.233975	 87.231497	 87.229332	 87.227479	 87.225936	 87.224702	 87.223778	 87.223162	 87.222854	
        99	 98.868977	 98.737975	 98.607016	 98.476121	 98.345312	 98.214611	 98.084038	 97.953614	 97.823362	 97.693302	 97.563455	 97.433842	 97.304484	 97.175401	 97.046615	 96.918145	 96.790011	 96.662234	 96.534834	  96.40783	 96.281242	 96.155089	 96.029391	 95.904166	 95.779433	  95.65521	 95.531515	 95.408367	 95.285784	 95.163782	 95.042379	 94.921591	 94.801436	 94.681929	 94.563087	 94.444925	 94.327459	 94.210704	 94.094674	 93.979383	 93.864847	 93.751078	 93.638091	 93.525897	 93.414511	 93.303943	 93.194207	 93.085313	 92.977274	 92.870099	   92.7638	 92.658387	 92.553869	 92.450255	 92.347556	 92.245779	 92.144934	 92.045026	 91.946066	 91.848058	 91.751011	  91.65493	 91.559822	 91.465692	 91.372546	 91.280388	 91.189223	 91.099055	 91.009888	 90.921725	  90.83457	 90.748424	 90.663291	 90.579173	  90.49607	 90.413985	 90.332917	 90.252869	  90.17384	  90.09583	 90.018838	 89.942864	 89.867908	 89.793967	  89.72104	 89.649124	 89.578219	 89.508321	 89.439427	 89.371535	  89.30464	  89.23874	  89.17383	 89.109907	 89.046965	    88.985	 88.924008	 88.863983	  88.80492	 88.746813	 88.689657	 88.633446	 88.578173	 88.523832	 88.470416	  88.41792	 88.366335	 88.315656	 88.265874	 88.216983	 88.168974	 88.121841	 88.075576	  88.03017	 87.985616	 87.941906	 87.899031	 87.856983	 87.815754	 87.775336	 87.735719	 87.696896	 87.658857	 87.621594	 87.585099	 87.549362	 87.514374	 87.480127	 87.446612	  87.41382	 87.381742	  87.35037	 87.319693	 87.289704	 87.260394	 87.231753	 87.203773	 87.176445	  87.14976	  87.12371	 87.098285	 87.073478	 87.049279	 87.025681	 87.002674	  86.98025	 86.958402	  86.93712	 86.916396	 86.896224	 86.876594	 86.857498	  86.83893	 86.820881	 86.803344	 86.786311	 86.769775	 86.753729	 86.738165	 86.723078	 86.708459	 86.694303	 86.680602	 86.667351	 86.654542	 86.642171	  86.63023	 86.618714	 86.607618	 86.596936	 86.586662	 86.576791	 86.567318	 86.558239	 86.549548	 86.541241	 86.533314	 86.525763	 86.518582	 86.511769	  86.50532	 86.499231	 86.493499	  86.48812	 86.483093	 86.478413	 86.474079	 86.470087	 86.466436	 86.463123	 86.460148	 86.457507	 86.455199	 86.453224	 86.451579	 86.450265	  86.44928	 86.448623	 86.448295	
        99	 98.860912	 98.721847	 98.582828	 98.443877	 98.305018	 98.166272	 98.027662	 97.889212	 97.750943	 97.612878	 97.475039	 97.337449	 97.200129	 97.063101	 96.926388	 96.790011	 96.653991	  96.51835	 96.383108	 96.248288	 96.113909	 95.979991	 95.846557	 95.713624	 95.581214	 95.449345	 95.318038	 95.187311	 95.057182	 94.927671	 94.798796	 94.670574	 94.543024	 94.416162	 94.290005	 94.164571	 94.039875	 93.915933	 93.792762	 93.670376	  93.54879	 93.428019	 93.308077	 93.188978	 93.070736	 92.953363	 92.836873	 92.721277	 92.606588	 92.492817	 92.379976	 92.268074	 92.157124	 92.047133	 91.938113	 91.830072	 91.723019	 91.616963	 91.511912	 91.407872	 91.304852	 91.202857	 91.101896	 91.001972	 90.903093	 90.805263	 90.708487	 90.612769	 90.518114	 90.424525	 90.332006	 90.240558	 90.150185	  90.06089	 89.972672	 89.885534	 89.799478	 89.714503	 89.630609	 89.547798	 89.466068	 89.385418	 89.305848	 89.227356	  89.14994	 89.073599	 88.998329	 88.924129	 88.850995	 88.778924	 88.707912	 88.637956	 88.569051	 88.501193	 88.434378	 88.368599	 88.303853	 88.240134	 88.177436	 88.115753	 88.055079	 87.995407	 87.936732	 87.879047	 87.822344	 87.766616	 87.711857	 87.658058	 87.605212	 87.553312	 87.502349	 87.452315	 87.403202	 87.355001	 87.307705	 87.261304	 87.215791	 87.171155	 87.127389	 87.084483	 87.042428	 87.001215	 86.960835	 86.921279	 86.882537	   86.8446	 86.807459	 86.771105	 86.735527	 86.700717	 86.666665	 86.633361	 86.600797	 86.568962	 86.537847	 86.507444	 86.477741	 86.448731	 86.420404	  86.39275	 86.365761	 86.339427	 86.313739	 86.288688	 86.264265	 86.240461	 86.217268	 86.194676	 86.172678	 86.151263	 86.130425	 86.110155	 86.090443	 86.071283	 86.052667	 86.034585	 86.017032	 85.999998	 85.983477	 85.967461	 85.951942	 85.936914	 85.922371	 85.908304	 85.894707	 85.881574	 85.868898	 85.856674	 85.844895	 85.833555	 85.822648	  85.81217	 85.802114	 85.792476	 85.783251	 85.774433	 85.766018	 85.758001	 85.750379	 85.743146	   85.7363	 85.729837	 85.723752	 85.718042	 85.712705	 85.707737	 85.703136	 85.698899	 85.695023	 85.691507	 85.688348	 85.685544	 85.683095	 85.680998	 85.679252	 85.677857	 85.676811	 85.676114	 85.675766	
