Time step 64:
        99	        99	        99	        99	        99	        99	        99	        99	        99	        99	        99	        99	        99	        99	        99	        99	        99	        99	        99	        99	        99	        99	        99	        99	        99	        99	        99	        99	        99	        99	        99	        99	        99	        99	        99	        99	        99	        99	        99	        99	        99	        99	        99	        99	        99	        99	        99	        99	        99	        99	        99	        99	        99	        99	        99	        99	        99	        99	        99	        99	        99	        99	        99	        99	        99	        99	        99	        99	        99	        99	        99	        99	        99	        99	        99	        99	        99	        99	        99	        99	        99	        99	        99	        99	        99	        99	        99	        99	        99	        99	        99	        99	        99	        99	        99	        99	        99	        99	        99	        99	        99	        99	        99	        99	        99	        99	        99	        99	        99	        99	        99	        99	        99	        99	        99	        99	        99	        99	        99	        99	        99	        99	        99	        99	        99	        99	        99	        99	        99	        99	        99	        99	        99	        99	        99	        99	        99	        99	        99	        99	        99	        99	        99	        99	        99	        99	        99	        99	        99	        99	        99	        99	        99	        99	        99	        99	        99	        99	        99	        99	        99	        99	        99	        99	        99	        99	        99	        99	        99	        99	        99	        99	        99	        99	        99	        99	        99	        99	        99	        99	        99	        99	        99	        99	        99	        99	        99	        99	        99	        99	        99	        99	        99	        99	        99	        99	        99	        99	        99	        99	
        99	 98.990079	  98.98016	 98.970245	 98.960336	 98.950434	 98.940542	 98.930662	 98.920796	 98.910945	 98.901112	 98.891298	 98.881505	 98.871736	 98.861991	 98.852274	 98.842585	 98.832926	   98.8233	 98.813708	 98.804152	 98.794634	 98.785155	 98.775717	 98.766322	 98.756971	 98.747666	 98.738409	 98.729201	 98.720043	 98.710938	 98.701887	 98.692891	 98.683951	  98.67507	 98.666247	 98.657486	 98.648786	  98.64015	 98.631578	 98.623072	 98.614633	 98.606262	  98.59796	 98.589728	 98.581567	 98.573479	 98.565463	 98.557521	 98.549655	 98.541864	 98.534149	 98.526512	 98.518952	 98.511471	  98.50407	 98.496748	 98.489507	 98.482347	 98.475268	 98.468271	 98.461357	 98.454525	 98.447776	 98.441111	 98.434529	 98.428032	 98.421618	 98.415288	 98.409043	 98.402882	 98.396806	 98.390815	 98.384907	 98.379085	 98.373347	 98.367693	 98.362123	 98.356637	 98.351235	 98.345917	 98.340681	 98.335529	  98.33046	 98.325473	 98.320568	 98.315745	 98.311002	 98.306341	  98.30176	 98.297258	 98.292836	 98.288493	 98.284228	  98.28004	  98.27593	 98.271895	 98.267937	 98.264054	 98.260245	  98.25651	 98.252848	 98.249258	  98.24574	 98.242293	 98.238916	 98.235609	  98.23237	 98.229199	 98.226095	 98.223057	 98.220084	 98.217177	 98.214333	 98.211551	 98.208832	 98.206175	 98.203577	 98.201039	  98.19856	 98.196139	 98.193775	 98.191467	 98.189214	 98.187016	 98.184871	 98.182779	 98.180739	 98.178749	  98.17681	  98.17492	 98.173079	 98.171285	 98.169538	 98.167837	 98.166182	  98.16457	 98.163002	 98.161477	 98.159993	 98.158551	 98.157149	 98.155786	 98.154463	 98.153177	 98.151929	 98.150717	 98.149541	   98.1484	 98.147293	  98.14622	  98.14518	 98.144172	 98.143196	 98.142251	 98.141337	 98.140452	 98.139596	 98.138768	 98.137969	 98.137197	 98.136451	 98.135732	 98.135038	  98.13437	 98.133726	 98.133106	  98.13251	 98.131936	 98.131386	 98.130858	 98.130351	 98.129866	 98.129402	 98.128958	 98.128535	 98.128131	 98.127747	 98.127382	 98.127036	 98.126708	 98.126398	 98.126107	 98.125833	 98.125576	 98.125337	 98.125114	 98.124909	  98.12472	 98.124547	  98.12439	  98.12425	 98.124125	 98.124017	 98.123924	 98.123846	 98.123785	 98.123738	 98.123707	 98.123692	
        99	  98.98016	 98.960324	 98.940495	 98.920679	 98.900878	 98.881096	 98.861338	 98.841608	 98.821908	 98.802243	 98.782617	 98.763034	 98.743497	  98.72401	 98.704577	 98.685201	 98.665886	 98.646636	 98.627454	 98.608344	 98.589309	 98.570353	 98.551478	  98.53269	  98.51399	 98.495382	 98.476869	 98.458455	 98.440142	 98.421934	 98.403833	 98.385842	 98.367965	 98.350203	 98.332561	 98.315039	 98.297642	 98.280371	  98.26323	 98.246219	 98.229343	 98.212602	 98.195999	 98.179537	 98.163217	 98.147041	 98.131012	  98.11513	 98.099398	 98.083817	  98.06839	 98.053117	 98.037999	 98.023039	 98.008238	 97.993596	 97.979115	 97.964796	  97.95064	 97.936647	  97.92282	 97.909158	 97.895662	 97.882332	  97.86917	 97.856176	  97.84335	 97.830692	 97.818203	 97.805883	 97.793731	 97.781749	 97.769936	 97.758292	 97.746817	  97.73551	 97.724371	 97.713401	 97.702598	 97.691962	 97.681493	  97.67119	 97.661052	 97.651079	  97.64127	 97.631624	 97.622141	 97.612819	 97.603657	 97.594655	 97.585812	 97.577126	 97.568596	 97.560222	 97.552002	 97.543934	 97.536018	 97.528253	 97.520636	 97.513166	 97.505843	 97.498665	  97.49163	 97.484736	 97.477983	 97.471369	 97.464891	  97.45855	 97.452342	 97.446267	 97.440323	 97.434508	  97.42882	 97.423258	 97.417821	 97.412506	 97.407312	 97.402236	 97.397279	 97.392437	 97.387709	 97.383093	 97.378588	 97.374192	 97.369902	 97.365719	 97.361639	 97.357661	 97.353783	 97.350004	 97.346321	 97.342734	 97.339241	 97.335839	 97.332528	 97.329305	 97.326169	 97.323119	 97.320152	 97.317268	 97.314464	 97.311739	 97.309092	 97.306521	 97.304025	 97.301601	 97.299249	 97.296967	 97.294754	 97.292609	 97.290529	 97.288514	 97.286562	 97.284672	 97.282843	 97.281073	 97.279361	 97.277707	 97.276108	 97.274563	 97.273073	 97.271634	 97.270247	  97.26891	 97.267622	 97.266383	  97.26519	 97.264044	 97.262943	 97.261887	 97.260874	 97.259904	 97.258976	 97.258088	 97.257242	 97.256434	 97.255666	 97.254936	 97.254244	 97.253588	 97.252969	 97.252386	 97.251838	 97.251325	 97.250846	 97.250401	  97.24999	 97.249612	 97.249266	 97.248953	 97.248673	 97.248424	 97.248206	  97.24802	 97.247866	 97.247742	  97.24765	 97.247588	 97.247557	
        99	 98.970245	 98.940495	 98.910758	 98.881038	 98.851341	 98.821674	 98.792042	 98.762451	 98.732906	 98.703414	  98.67398	 98.644609	 98.615309	 98.586083	 98.556938	 98.527879	 98.498911	 98.470041	 98.441272	 98.412612	 98.384064	 98.355635	 98.327328	  98.29915	 98.271105	 98.243197	 98.215433	 98.187816	 98.160351	 98.133043	 98.105896	 98.078914	 98.052103	 98.025465	 97.999005	 97.972728	 97.946636	 97.920734	 97.895026	 97.869515	 97.844204	 97.819097	 97.794197	 97.769508	 97.745032	 97.720772	 97.696732	 97.672913	 97.649319	 97.625952	 97.602814	 97.579908	 97.557236	   97.5348	 97.512601	 97.490642	 97.468924	 97.447449	 97.426218	 97.405233	 97.384495	 97.364006	 97.343765	 97.323774	 97.304034	 97.284546	  97.26531	 97.246326	 97.227596	 97.209118	 97.190895	 97.172924	 97.155208	 97.137744	 97.120534	 97.103577	 97.086872	 97.070419	 97.054217	 97.038266	 97.022565	 97.007112	 96.991908	 96.976951	  96.96224	 96.947774	 96.933551	  96.91957	  96.90583	 96.892329	 96.879066	  96.86604	 96.853248	 96.840688	  96.82836	 96.816261	 96.804389	 96.792742	 96.781318	 96.770116	 96.759133	 96.748367	 96.737816	 96.727478	  96.71735	  96.70743	 96.697715	 96.688205	 96.678895	 96.669784	 96.660869	 96.652147	 96.643617	 96.635276	 96.627121	  96.61915	  96.61136	 96.603749	 96.596313	 96.589052	 96.581961	 96.575038	 96.568282	 96.561688	 96.555256	 96.548981	 96.542862	 96.536896	  96.53108	 96.525412	  96.51989	  96.51451	  96.50927	 96.504169	 96.499203	 96.494369	 96.489667	 96.485092	 96.480643	 96.476317	 96.472112	 96.468025	 96.464055	 96.460199	 96.456455	  96.45282	 96.449293	 96.445871	 96.442552	 96.439334	 96.436215	 96.433193	 96.430265	 96.427431	 96.424687	 96.422033	 96.419466	 96.416984	 96.414587	  96.41227	 96.410035	 96.407877	 96.405797	 96.403792	  96.40186	 96.400001	 96.398213	 96.396494	 96.394843	 96.393259	  96.39174	 96.390285	 96.388892	 96.387562	 96.386292	 96.385081	 96.383929	 96.382834	 96.381796	 96.380813	 96.379884	  96.37901	 96.378188	 96.377419	 96.376701	 96.376033	 96.375417	 96.374849	 96.374331	 96.373862	 96.373441	 96.373067	 96.372741	 96.372462	  96.37223	 96.372045	 96.371906	 96.371814	 96.371768	
        99	 98.960336	 98.920679	 98.881038	  98.84142	 98.801834	 98.762287	 98.722786	  98.68334	 98.643957	 98.604643	 98.565406	 98.526255	 98.487196	 98.448237	 98.409386	  98.37065	 98.332035	  98.29355	 98.255201	 98.216996	 98.178941	 98.141044	 98.103311	 98.065748	 98.028363	 97.991162	 97.954151	 97.917337	 97.880726	 97.844323	 97.808135	 97.772168	 97.736428	 97.700919	 97.665648	 97.630619	 97.595838	  97.56131	  97.52704	 97.493033	 97.459293	 97.425825	 97.392633	 97.359721	 97.327094	 97.294756	 97.262709	 97.230958	 97.199507	 97.168358	 97.137514	  97.10698	 97.076757	 97.046849	 97.017257	 96.987985	 96.959035	 96.930408	 96.902107	 96.874134	 96.846489	 96.819176	 96.792194	 96.765546	 96.739233	 96.713254	 96.687612	 96.662306	 96.637338	 96.612707	 96.588414	  96.56446	 96.540843	 96.517564	 96.494622	 96.472017	 96.449749	 96.427817	 96.406219	 96.384956	 96.364026	 96.343428	  96.32316	 96.303222	 96.283612	 96.264328	 96.245368	 96.226731	 96.208416	 96.190419	 96.172739	 96.155374	 96.138322	  96.12158	 96.105146	 96.089017	 96.073192	 96.057666	 96.042438	 96.027506	 96.012865	 95.998514	 95.984449	 95.970667	 95.957166	 95.943943	 95.930993	 95.918315	 95.905905	  95.89376	 95.881876	  95.87025	 95.858879	  95.84776	  95.83689	 95.826264	 95.815879	 95.805733	 95.795822	 95.786142	 95.776689	 95.767462	 95.758455	 95.749666	 95.741091	 95.732727	  95.72457	 95.716617	 95.708864	 95.701309	 95.693947	 95.686776	 95.679791	 95.672991	 95.666371	 95.659928	 95.653659	  95.64756	  95.64163	 95.635863	 95.630258	 95.624811	 95.619518	 95.614378	 95.609387	 95.604542	  95.59984	 95.595278	 95.590854	 95.586564	 95.582406	 95.578377	 95.574475	 95.570697	  95.56704	 95.563502	  95.56008	 95.556772	 95.553575	 95.550488	 95.547507	 95.544632	 95.541858	 95.539185	 95.536611	 95.534133	 95.531749	 95.529457	 95.527257	 95.525145	  95.52312	  95.52118	 95.519324	 95.517551	 95.515858	 95.514244	 95.512708	 95.511249	 95.509864	 95.508554	 95.507316	  95.50615	 95.505055	 95.504029	 95.503072	 95.502183	 95.501361	 95.500604	 95.499914	 95.499288	 95.498727	 95.498229	 95.497794	 95.497423	 95.497113	 95.496866	 95.496681	 95.496558	 95.496496	
        99	 98.950434	 98.900878	 98.851341	 98.801834	 98.752366	 98.702946	 98.653585	 98.604292	 98.555077	 98.505949	 98.456918	 98.407994	 98.359185	 98.310501	 98.261951	 98.213545	 98.165291	 98.117199	 98.069277	 98.021535	  97.97398	 97.926622	  97.87947	 97.832531	 97.785813	 97.739325	 97.693076	 97.647071	 97.601321	 97.555831	  97.51061	 97.465664	 97.421002	 97.376629	 97.332553	  97.28878	 97.245317	  97.20217	 97.159345	 97.116848	 97.074686	 97.032863	 96.991385	 96.950258	 96.909486	 96.869075	 96.829028	 96.789352	 96.750049	 96.711124	 96.672581	 96.634425	 96.596657	 96.559283	 96.522305	 96.485725	 96.449548	 96.413775	 96.378409	 96.343453	 96.308908	 96.274776	 96.241059	 96.207759	 96.174876	 96.142413	  96.11037	 96.078747	 96.047546	 96.016767	  95.98641	 95.956475	 95.926962	 95.897872	 95.869203	 95.840956	 95.813129	 95.785722	 95.758733	 95.732162	 95.706007	 95.680267	  95.65494	 95.630024	 95.605519	 95.581421	 95.557728	 95.534439	 95.511552	 95.489062	 95.466969	 95.445269	  95.42396	 95.403039	 95.382502	 95.362348	 95.342571	  95.32317	 95.304141	 95.285481	 95.267186	 95.249252	 95.231676	 95.214454	 95.197583	 95.181058	 95.164876	 95.149033	 95.133525	 95.118348	 95.103497	  95.08897	  95.07476	 95.060866	 95.047281	 95.034003	 95.021026	 95.008347	 94.995962	 94.983865	 94.972053	 94.960522	 94.949267	 94.938284	 94.927568	 94.917116	 94.906923	 94.896984	 94.887297	 94.877855	 94.868656	 94.859694	 94.850967	 94.842468	 94.834196	 94.826144	  94.81831	  94.81069	 94.803278	 94.796072	 94.789068	 94.782261	 94.775648	 94.769224	 94.762987	 94.756932	 94.751057	 94.745356	 94.739827	 94.734467	 94.729271	 94.724237	  94.71936	 94.714639	 94.710069	 94.705647	 94.701371	 94.697237	 94.693243	 94.689385	  94.68566	 94.682067	 94.678601	 94.675261	 94.672044	 94.668947	 94.665968	 94.663105	 94.660355	 94.657715	 94.655185	 94.652761	 94.650442	 94.648226	  94.64611	 94.644093	 94.642174	  94.64035	  94.63862	 94.636983	 94.635436	 94.633979	 94.632611	 94.631329	 94.630133	 94.629022	 94.627994	 94.627049	 94.626186	 94.625404	 94.624702	  94.62408	 94.623537	 94.623073	 94.622687	 94.622378	 94.622147	 94.621993	 94.621916	
        99	 98.940542	 98.881096	 98.821674	 98.762287	 98.702946	 98.643664	 98.584453	 98.525323	 98.466286	 98.407354	 98.348538	 98.289849	 98.231299	   98.1729	 98.114661	 98.056595	 97.998711	 97.941021	 97.883536	 97.826266	 97.769221	 97.712412	  97.65585	 97.599543	 97.543502	 97.487737	 97.432257	 97.377072	 97.322191	 97.267624	 97.213378	 97.159463	 97.105887	 97.052659	 96.999786	 96.947278	 96.895141	 96.843383	 96.792012	 96.741035	 96.690458	 96.640289	 96.590533	 96.541198	  96.49229	 96.443814	 96.395775	  96.34818	 96.301034	 96.254341	 96.208107	 96.162335	 96.117031	 96.072198	  96.02784	 95.983961	 95.940563	 95.897652	 95.855228	 95.813295	 95.771856	 95.730913	 95.690467	 95.650521	 95.611077	 95.572135	 95.533696	 95.495763	 95.458335	 95.421413	 95.384998	  95.34909	 95.313687	 95.278792	 95.244402	 95.210517	 95.177137	  95.14426	 95.111885	 95.080011	 95.048637	  95.01776	 94.987378	 94.957491	 94.928094	 94.899187	 94.870767	  94.84283	 94.815374	 94.788397	 94.761895	 94.735865	 94.710303	 94.685207	 94.660572	 94.636394	 94.612672	 94.589399	 94.566572	 94.544188	 94.522241	 94.500728	 94.479645	 94.458986	 94.438748	 94.418926	 94.399514	  94.38051	 94.361907	   94.3437	 94.325886	 94.308459	 94.291415	 94.274747	 94.258451	 94.242523	 94.226957	 94.211748	  94.19689	  94.18238	 94.168211	 94.154378	 94.140877	 94.127702	 94.114848	 94.102309	 94.090082	  94.07816	 94.066539	 94.055213	 94.044178	 94.033428	 94.022959	 94.012765	 94.002841	 93.993183	 93.983786	 93.974644	 93.965754	  93.95711	 93.948707	 93.940542	 93.932609	 93.924904	 93.917422	 93.910159	  93.90311	 93.896272	  93.88964	  93.88321	 93.876977	 93.870938	 93.865088	 93.859425	 93.853943	 93.848639	 93.843509	 93.838551	 93.833759	 93.829131	 93.824663	 93.820352	 93.816195	 93.812189	 93.808329	 93.804614	 93.801041	 93.797606	 93.794307	 93.791141	 93.788106	 93.785198	 93.782416	 93.779758	  93.77722	 93.774801	 93.772499	 93.770311	 93.768236	 93.766271	 93.764416	 93.762668	 93.761026	 93.759489	 93.758054	 93.756721	 93.755489	 93.754355	  93.75332	 93.752382	  93.75154	 93.750794	 93.750143	 93.749585	 93.749122	 93.748752	 93.748474	 93.748289	 93.748197	
        99	 98.930662	 98.861338	 98.792042	 98.722786	 98.653585	 98.584453	 98.515402	 98.446446	 98.377599	 98.308874	 98.240285	 98.171844	 98.103566	 98.035462	 97.967546	  97.89983	 97.832328	 97.765052	 97.698015	 97.631228	 97.564704	 97.498456	 97.432494	 97.366831	 97.301478	 97.236446	 97.171748	 97.107393	 97.043392	 96.979757	 96.916497	 96.853623	 96.791144	 96.729071	 96.667413	  96.60618	 96.545379	 96.485021	 96.425114	 96.365665	 96.306684	 96.248179	 96.190156	 96.132623	 96.075587	 96.019056	 95.963035	 95.907531	 95.852551	 95.798099	 95.744182	 95.690805	 95.637972	 95.585689	  95.53396	 95.482789	 95.432181	 95.382139	 95.332666	 95.283765	  95.23544	 95.187693	 95.140527	 95.093943	 95.047944	 95.002531	 94.957706	 94.913469	 94.869822	 94.826765	 94.784298	 94.742423	 94.701138	 94.660444	 94.620339	 94.580824	 94.541897	 94.503557	 94.465802	 94.428632	 94.392044	 94.356036	 94.320606	 94.285752	 94.251471	 94.217761	 94.184618	 94.152039	 94.120021	 94.088561	 94.057655	 94.027299	  93.99749	 93.968223	 93.939495	   93.9113	 93.883635	 93.856495	 93.829876	 93.803772	 93.778178	 93.753091	 93.728504	 93.704412	 93.680811	 93.657695	 93.635058	 93.612895	 93.591201	  93.56997	 93.549195	 93.528872	 93.508995	 93.489558	 93.470555	  93.45198	 93.433827	  93.41609	 93.398764	 93.381842	 93.365319	 93.349188	 93.333443	 93.318079	 93.303089	 93.288467	 93.274208	 93.260305	 93.246753	 93.233545	 93.220676	  93.20814	 93.195931	 93.184043	  93.17247	 93.161207	 93.150248	 93.139588	  93.12922	  93.11914	 93.109341	 93.099819	 93.090567	 93.081582	 93.072857	 93.064387	 93.056167	 93.048193	 93.040459	  93.03296	 93.025691	 93.018649	 93.011827	 93.005222	 92.998829	 92.992644	 92.986662	  92.98088	 92.975292	 92.969895	 92.964685	 92.959657	  92.95481	 92.950137	 92.945637	 92.941304	 92.937137	 92.933132	 92.929284	 92.925592	 92.922052	 92.918662	 92.915418	 92.912317	 92.909358	 92.906537	 92.903852	   92.9013	  92.89888	  92.89659	 92.894426	 92.892388	 92.890473	  92.88868	 92.887007	 92.885453	 92.884015	 92.882694	 92.881486	 92.880392	 92.879411	 92.878541	 92.877781	 92.877131	 92.876591	 92.876159	 92.875835	  92.87562	 92.875512	
        99	 98.920796	 98.841608	 98.762451	  98.68334	 98.604292	 98.525323	 98.446446	 98.367678	 98.289035	 98.210531	 98.132182	 98.054002	 97.976008	 97.898213	 97.820633	 97.743282	 97.666175	 97.589326	 97.512749	 97.436459	  97.36047	 97.284794	 97.209446	  97.13444	 97.059788	 96.985503	 96.911598	 96.838085	 96.764978	 96.692288	 96.620026	 96.548205	 96.476837	 96.405931	 96.335499	 96.265552	   96.1961	 96.127153	 96.058722	 95.990814	 95.923441	  95.85661	  95.79033	 95.724611	 95.659459	 95.594884	 95.530892	  95.46749	 95.404686	 95.342486	 95.280897	 95.219924	 95.159574	 95.099852	 95.040762	  94.98231	   94.9245	 94.867337	 94.810824	 94.754966	 94.699764	 94.645223	 94.591345	 94.538133	 94.485588	 94.433713	 94.382509	 94.331978	  94.28212	 94.232936	 94.184427	 94.136593	 94.089434	 94.042949	 93.997138	    93.952	 93.907533	 93.863738	 93.820611	 93.778152	 93.736357	 93.695226	 93.654755	 93.614941	 93.575782	 93.537275	 93.499415	 93.462201	 93.425627	  93.38969	 93.354387	 93.319711	 93.285661	 93.252229	 93.219413	 93.187206	 93.155605	 93.124603	 93.094196	 93.064377	 93.035142	 93.006485	 92.978399	  92.95088	  92.92392	 92.897515	 92.871657	  92.84634	 92.821559	 92.797306	 92.773576	 92.750361	 92.727656	 92.705453	 92.683746	 92.662527	 92.641791	 92.621531	 92.601739	  92.58241	 92.563535	 92.545108	 92.527123	 92.509573	  92.49245	 92.475748	 92.459459	 92.443578	 92.428098	 92.413011	  92.39831	  92.38399	 92.370044	 92.356464	 92.343245	 92.330379	 92.317861	 92.305684	 92.293841	 92.282326	 92.271133	 92.260256	 92.249688	 92.239424	 92.229457	 92.219782	 92.210393	 92.201284	 92.192449	 92.183883	  92.17558	 92.167536	 92.159744	 92.152199	 92.144896	 92.137831	 92.130998	 92.124392	 92.118009	 92.111844	 92.105893	  92.10015	 92.094613	 92.089275	 92.084134	 92.079186	 92.074425	  92.06985	 92.065455	 92.061238	 92.057194	 92.053321	 92.049615	 92.046074	 92.042693	 92.039471	 92.036404	 92.033489	 92.030725	 92.028108	 92.025637	 92.023309	 92.021122	 92.019074	 92.017162	 92.015387	 92.013745	 92.012235	 92.010856	 92.009606	 92.008485	 92.007491	 92.006623	 92.005881	 92.005264	  92.00477	 92.004401	 92.004155	 92.004032	
        99	 98.910945	 98.821908	 98.732906	 98.643957	 98.555077	 98.466286	 98.377599	 98.289035	  98.20061	 98.112343	 98.024249	 97.936346	 97.848651	 97.761181	 97.673952	 97.586981	 97.500284	 97.413877	 97.327776	 97.241998	 97.156557	  97.07147	 96.986751	 96.902415	 96.818478	 96.734954	 96.651858	 96.569202	 96.487002	 96.405272	 96.324023	 96.243269	 96.163024	   96.0833	 96.004109	 95.925462	 95.847372	  95.76985	 95.692907	 95.616554	 95.540801	 95.465658	 95.391136	 95.317243	 95.243988	 95.171381	  95.09943	 95.028143	 94.957528	 94.887592	 94.818343	 94.749787	 94.681931	  94.61478	 94.548341	  94.48262	  94.41762	 94.353347	 94.289806	    94.227	 94.164933	 94.103609	  94.04303	 93.983199	  93.92412	 93.865793	 93.808221	 93.751404	 93.695346	 93.640045	 93.585502	 93.531719	 93.478694	 93.426428	 93.374919	 93.324167	  93.27417	 93.224928	 93.176437	 93.128697	 93.081705	 93.035458	 92.989953	 92.945188	 92.901158	 92.857862	 92.815294	 92.773451	 92.732328	 92.691922	 92.652227	  92.61324	 92.574954	 92.537365	 92.500467	 92.464255	 92.428723	 92.393865	 92.359676	 92.326149	 92.293278	 92.261056	 92.229477	 92.198535	 92.168223	 92.138533	 92.109459	 92.080994	 92.053131	 92.025862	  91.99918	 91.973078	 91.947549	 91.922584	 91.898177	  91.87432	 91.851005	 91.828225	 91.805972	 91.784238	 91.763016	 91.742297	 91.722075	 91.702342	 91.683089	  91.66431	 91.645996	  91.62814	 91.610734	  91.59377	 91.577242	 91.561141	  91.54546	 91.530191	 91.515328	 91.500862	 91.486787	 91.473095	 91.459779	 91.446832	 91.434247	 91.422017	 91.410135	 91.398594	 91.387388	 91.376509	 91.365952	  91.35571	 91.345777	 91.336145	  91.32681	 91.317765	 91.309004	  91.30052	  91.29231	 91.284366	 91.276683	 91.269256	 91.262079	 91.255147	 91.248455	 91.241999	 91.235772	 91.229771	 91.223991	 91.218427	 91.213074	  91.20793	 91.202988	 91.198246	   91.1937	 91.189345	 91.185179	 91.181196	 91.177395	 91.173772	 91.170324	 91.167047	 91.163939	 91.160997	 91.158218	   91.1556	 91.153141	 91.150838	 91.148689	 91.146693	 91.144847	 91.143149	 91.141598	 91.140193	 91.138933	 91.137815	 91.136839	 91.136005	 91.135311	 91.134756	  91.13434	 91.134064	 91.133925	
        99	 98.901112	 98.802243	 98.703414	 98.604643	 98.505949	 98.407354	 98.308874	 98.210531	 98.112343	 98.014329	 97.916508	 97.818899	 97.721521	 97.624392	 97.527531	 97.430957	 97.334687	 97.238739	 97.143131	 97.047881	 96.953006	 96.858524	  96.76445	 96.670803	 96.577597	 96.484851	 96.392579	 96.300797	  96.20952	 96.118765	 96.028545	 95.938875	 95.849769	 95.761241	 95.673306	 95.585975	 95.499263	 95.413181	 95.327742	 95.242958	  95.15884	 95.075401	 94.992649	 94.910597	 94.829254	 94.748629	 94.668734	 94.589575	 94.511163	 94.433505	 94.356609	 94.280483	 94.205134	 94.130569	 94.056795	 93.983816	 93.911639	  93.84027	 93.769712	 93.699971	 93.631051	 93.562955	 93.495687	  93.42925	 93.363647	  93.29888	  93.23495	 93.171861	 93.109612	 93.048205	  92.98764	 92.927918	 92.869038	    92.811	 92.753804	 92.697448	 92.641931	 92.587251	 92.533407	 92.480395	 92.428214	  92.37686	 92.326331	 92.276622	 92.227731	 92.179654	 92.132386	 92.085922	 92.040259	 91.995391	 91.951314	 91.908021	 91.865508	 91.823768	 91.782796	 91.742585	  91.70313	 91.664423	 91.626459	  91.58923	 91.552729	  91.51695	 91.481884	 91.447526	 91.413866	 91.380898	 91.348614	 91.317006	 91.286066	 91.255786	 91.226158	 91.197174	 91.168825	 91.141104	 91.114002	 91.087511	 91.061621	 91.036326	 91.011615	 90.987482	 90.963916	  90.94091	 90.918455	 90.896543	 90.875165	 90.854312	 90.833975	 90.814147	 90.794819	 90.775983	 90.757629	 90.739751	 90.722338	 90.705384	 90.688879	 90.672816	 90.657187	 90.641983	 90.627196	  90.61282	 90.598845	 90.585265	 90.572071	 90.559255	 90.546812	 90.534732	  90.52301	 90.511637	 90.500606	 90.489912	 90.479545	 90.469501	 90.459773	 90.450353	 90.441236	 90.432414	 90.423883	 90.415636	 90.407667	 90.399969	 90.392539	 90.385369	 90.378455	 90.371791	 90.365373	 90.359194	 90.353251	 90.347538	 90.342052	 90.336786	 90.331738	 90.326902	 90.322275	 90.317853	 90.313633	 90.309609	  90.30578	 90.302141	  90.29869	 90.295423	 90.292338	 90.289431	   90.2867	 90.284143	 90.281757	  90.27954	  90.27749	 90.275605	 90.273883	 90.272323	 90.270923	 90.269682	 90.268598	 90.267672	 90.266901	 90.266285	 90.265824	 90.265516	 90.265363	
        99	 98.891298	 98.782617	  98.67398	 98.565406	 98.456918	 98.348538	 98.240285	 98.132182	 98.024249	 97.916508	 97.808979	 97.701683	 97.594641	 97.487873	 97.381399	 97.275241	 97.169416	 97.063946	  96.95885	 96.854147	 96.749857	 96.645997	 96.542588	 96.439646	 96.337191	  96.23524	  96.13381	  96.03292	 95.932585	 95.832822	 95.733649	  95.63508	 95.537131	 95.439818	 95.343155	 95.247158	 95.151839	 95.057215	 94.963297	 94.870098	 94.777633	 94.685912	 94.594948	 94.504752	 94.415337	 94.326711	 94.238886	 94.151872	 94.065677	 93.980313	 93.895786	 93.812105	 93.729278	 93.647313	 93.566216	 93.485995	 93.406655	 93.328203	 93.250643	 93.173981	  93.09822	 93.023367	 92.949423	 92.876393	 92.804279	 92.733084	  92.66281	 92.593459	 92.525033	 92.457531	 92.390956	 92.325307	 92.260584	 92.196786	 92.133914	 92.071965	 92.010938	 91.950831	 91.891643	  91.83337	  91.77601	  91.71956	 91.664016	 91.609375	 91.555632	 91.502783	 91.450824	 91.399749	 91.349554	 91.300234	 91.251782	 91.204193	  91.15746	 91.111578	  91.06654	 91.022338	 90.978967	 90.936419	 90.894687	 90.853764	  90.81364	  90.77431	 90.735765	 90.697996	 90.660996	 90.624756	 90.589268	 90.554523	 90.520512	 90.487227	 90.454659	 90.422798	 90.391637	 90.361164	 90.331373	 90.302252	 90.273794	 90.245988	 90.218825	 90.192296	 90.166392	 90.141103	 90.116419	 90.092332	 90.068832	  90.04591	 90.023555	  90.00176	 89.980513	 89.959808	 89.939633	 89.919979	 89.900839	 89.882202	 89.864059	 89.846402	 89.829221	 89.812509	 89.796255	 89.780452	  89.76509	 89.750162	 89.735658	 89.721571	 89.707893	 89.694615	 89.681729	 89.669227	 89.657102	 89.645346	 89.633951	  89.62291	 89.612216	 89.601861	 89.591839	 89.582142	 89.572764	 89.563699	 89.554938	 89.546477	 89.538309	 89.530428	 89.522828	 89.515503	 89.508447	 89.501656	 89.495123	 89.488843	 89.482812	 89.477023	 89.471474	 89.466159	 89.461073	 89.456212	 89.451572	  89.44715	  89.44294	 89.438941	 89.435147	 89.431556	 89.428164	 89.424969	 89.421967	 89.419156	 89.416533	 89.414096	 89.411842	  89.40977	 89.407878	 89.406163	 89.404624	  89.40326	 89.402069	  89.40105	 89.400203	 89.399526	 89.399019	 89.398681	 89.398512	
        99	 98.881505	 98.763034	 98.644609	 98.526255	 98.407994	 98.289849	 98.171844	 98.054002	 97.936346	 97.818899	 97.701683	 97.584721	 97.468036	  97.35165	 97.235584	 97.119862	 97.004504	 96.889533	 96.774969	 96.660833	 96.547148	 96.433932	 96.321206	 96.208991	 96.097306	  95.98617	 95.875603	 95.765624	  95.65625	   95.5475	 95.439392	 95.331943	  95.22517	 95.119091	  95.01372	 94.909074	 94.805169	  94.70202	 94.599641	 94.498047	 94.397251	 94.297267	 94.198109	 94.099788	 94.002317	 93.905707	  93.80997	 93.715117	 93.621158	 93.528103	 93.435961	 93.344741	 93.254453	 93.165104	 93.076702	 92.989254	 92.902766	 92.817246	 92.732699	  92.64913	 92.566545	 92.484948	 92.404343	 92.324734	 92.246123	 92.168515	  92.09191	 92.016311	  91.94172	 91.868138	 91.795565	 91.724002	 91.653448	 91.583903	 91.515367	 91.447837	 91.381312	 91.315791	 91.251271	 91.187748	 91.125221	 91.063685	 91.003138	 90.943574	 90.884989	 90.827379	 90.770739	 90.715064	 90.660347	 90.606583	 90.553766	  90.50189	 90.450947	 90.400932	 90.351836	 90.303653	 90.256375	 90.209994	 90.164502	 90.119891	 90.076154	  90.03328	 89.991262	 89.950091	 89.909758	 89.870253	 89.831568	 89.793693	 89.756618	 89.720335	 89.684833	 89.650102	 89.616133	 89.582915	  89.55044	 89.518696	 89.487674	 89.457363	 89.427753	 89.398834	 89.370596	 89.343029	 89.316122	 89.289865	 89.264248	  89.23926	 89.214892	 89.191133	 89.167973	 89.145401	 89.123409	 89.101985	  89.08112	 89.060804	 89.041027	 89.021779	 89.003051	 88.984833	 88.967115	 88.949888	 88.933142	 88.916869	 88.901059	 88.885703	 88.870792	 88.856318	 88.842271	 88.828643	 88.815426	  88.80261	 88.790189	 88.778154	 88.766496	 88.755209	 88.744284	 88.733713	 88.723491	 88.713608	 88.704059	 88.694835	 88.685932	  88.67734	 88.669056	 88.661071	 88.653379	 88.645976	 88.638854	 88.632009	 88.625434	 88.619125	 88.613075	 88.607281	 88.601737	 88.596438	 88.591381	  88.58656	 88.581971	 88.577611	 88.573476	 88.569561	 88.565864	 88.562381	 88.559108	 88.556044	 88.553185	 88.550528	 88.548072	 88.545813	  88.54375	  88.54188	 88.540203	 88.538716	 88.537417	 88.536307	 88.535383	 88.534645	 88.534093	 88.533724	  88.53354	
        99	 98.871736	 98.743497	 98.615309	 98.487196	 98.359185	 98.231299	 98.103566	 97.976008	 97.848651	 97.721521	 97.594641	 97.468036	  97.34173	 97.215748	 97.090114	  96.96485	 96.839982	 96.715531	 96.591522	 96.467976	 96.344918	 96.222368	 96.100348	 95.978881	 95.857988	  95.73769	 95.618007	  95.49896	 95.380568	 95.262852	 95.145831	 95.029523	 94.913948	 94.799122	 94.685064	  94.57179	 94.459319	 94.347665	 94.236845	 94.126875	 94.017769	 93.909542	 93.802208	 93.695781	 93.590274	 93.485699	 93.382069	 93.279395	 93.177689	 93.076962	 92.977223	 92.878483	 92.780751	 92.684035	 92.588345	 92.493687	 92.400069	 92.307498	  92.21598	 92.125521	 92.036127	 91.947803	 91.860552	 91.774379	 91.689288	  91.60528	  91.52236	 91.440528	 91.359788	 91.280139	 91.201582	 91.124119	 91.047748	  90.97247	 90.898282	 90.825185	 90.753176	 90.682252	 90.612413	 90.543653	  90.47597	 90.409361	 90.343822	 90.279347	 90.215932	 90.153573	 90.092263	 90.031997	 89.972769	 89.914572	 89.857401	 89.801247	 89.746105	 89.691966	 89.638822	 89.586666	  89.53549	 89.485286	 89.436043	 89.387755	 89.340411	 89.294003	 89.248521	 89.203955	 89.160296	 89.117535	  89.07566	 89.034662	 88.994531	 88.955256	 88.916827	 88.879232	 88.842463	 88.806507	 88.771354	 88.736993	 88.703412	 88.670602	 88.638552	 88.607249	 88.576683	 88.546843	 88.517717	 88.489295	 88.461566	 88.434518	 88.408141	 88.382423	 88.357353	 88.332921	 88.309115	 88.285925	  88.26334	 88.241349	 88.219942	 88.199107	 88.178835	 88.159114	 88.139935	 88.121288	 88.103162	 88.085547	 88.068434	 88.051812	 88.035671	 88.020004	 88.004799	 87.990047	  87.97574	 87.961868	 87.948423	 87.935395	 87.922776	 87.910558	 87.898732	 87.887291	 87.876225	 87.865528	 87.855191	 87.845207	 87.835569	  87.82627	 87.817302	 87.808659	 87.800333	  87.79232	 87.784611	 87.777201	 87.770084	 87.763255	 87.756706	 87.750434	 87.744433	 87.738698	 87.733223	 87.728005	 87.723038	 87.718318	 87.713842	 87.709604	 87.705602	 87.701832	  87.69829	 87.694973	 87.691878	 87.689003	 87.686343	 87.683898	 87.681665	 87.679641	 87.677826	 87.676216	 87.674811	 87.673609	 87.672609	  87.67181	 87.671212	 87.670813	 87.670614	
        99	 98.861991	  98.72401	 98.586083	 98.448237	 98.310501	   98.1729	 98.035462	 97.898213	 97.761181	 97.624392	 97.487873	  97.35165	 97.215748	 97.080195	 96.945016	 96.810236	 96.675881	 96.541976	 96.408545	 96.275614	 96.143206	 96.011345	 95.880056	 95.749361	 95.619283	 95.489845	  95.36107	 95.232979	 95.105593	 94.978934	 94.853022	 94.727878	 94.603522	 94.479973	 94.357249	  94.23537	 94.114354	 93.994218	 93.874979	 93.756654	 93.639259	  93.52281	 93.407322	 93.292809	 93.179286	 93.066766	 92.955263	  92.84479	 92.735357	 92.626977	 92.519661	 92.413419	 92.308262	 92.204199	 92.101238	 91.999389	 91.898659	 91.799055	 91.700584	 91.603254	 91.507068	 91.412033	 91.318154	 91.225434	 91.133878	 91.043489	 90.954269	  90.86622	 90.779346	 90.693645	 90.609121	 90.525772	   90.4436	 90.362602	 90.282779	 90.204128	 90.126648	 90.050337	 89.975191	 89.901207	 89.828383	 89.756713	 89.686195	 89.616821	 89.548589	 89.481492	 89.415524	  89.35068	 89.286952	 89.224334	 89.162819	   89.1024	 89.043068	 88.984816	 88.927635	 88.871517	 88.816453	 88.762434	  88.70945	 88.657493	 88.606553	 88.556619	 88.507681	  88.45973	 88.412754	 88.366744	 88.321688	 88.277576	 88.234396	 88.192137	 88.150788	 88.110338	 88.070774	 88.032087	 87.994263	 87.957291	  87.92116	 87.885858	 87.851372	 87.817691	 87.784802	 87.752695	 87.721357	 87.690776	  87.66094	 87.631838	 87.603456	 87.575784	  87.54881	 87.522522	 87.496908	 87.471956	 87.447655	 87.423993	 87.400959	 87.378541	 87.356729	  87.33551	 87.314875	 87.294811	 87.275307	 87.256354	 87.237941	 87.220056	  87.20269	 87.185831	 87.169471	 87.153599	 87.138205	 87.123279	 87.108812	 87.094795	 87.081217	 87.068071	 87.055347	 87.043036	  87.03113	  87.01962	 87.008498	 86.997756	 86.987385	 86.977379	  86.96773	  86.95843	 86.949472	  86.94085	 86.932555	 86.924583	 86.916925	 86.909577	 86.902531	 86.895782	 86.889325	 86.883154	 86.877264	 86.871649	 86.866305	 86.861226	  86.85641	  86.85185	 86.847544	 86.843488	 86.839677	 86.836108	 86.832778	 86.829683	 86.826822	 86.824192	 86.821789	 86.819611	 86.817657	 86.815925	 86.814414	  86.81312	 86.812044	 86.811185	 86.810541	 86.810112	 86.809898	
        99	 98.852274	 98.704577	 98.556938	 98.409386	 98.261951	 98.114661	 97.967546	 97.820633	 97.673952	 97.527531	 97.381399	 97.235584	 97.090114	 96.945016	 96.800318	 96.656048	 96.512233	 96.368899	 96.226073	 96.083781	  95.94205	 95.800905	 95.660371	 95.520473	 95.381237	 95.242685	 95.104842	 94.967731	 94.831376	 94.695798	 94.561021	 94.427065	 94.293953	 94.161704	 94.030339	 93.899878	 93.770341	 93.641746	 93.514111	 93.387454	 93.261793	 93.137144	 93.013524	 92.890948	 92.769432	 92.648989	 92.529635	 92.411382	 92.294244	 92.178233	 92.063361	 91.949638	 91.837077	 91.725686	 91.615476	 91.506455	 91.398632	 91.292015	  91.18661	 91.082426	 90.979468	 90.877741	 90.777252	 90.678003	 90.580001	 90.483246	 90.387744	 90.293496	 90.200504	  90.10877	 90.018294	 89.929076	 89.841118	 89.754417	 89.668973	 89.584784	 89.501848	 89.420164	 89.339727	 89.260534	 89.182582	 89.105866	 89.030381	 88.956123	 88.883086	 88.811265	 88.740652	 88.671242	 88.603027	    88.536	 88.470154	  88.40548	  88.34197	 88.279616	 88.218409	 88.158339	 88.099398	 88.041576	 87.984861	 87.929246	 87.874718	 87.821268	 87.768885	 87.717558	 87.667274	 87.618024	 87.569796	 87.522577	 87.476357	 87.431122	 87.386862	 87.343563	 87.301214	 87.259803	 87.219316	 87.179741	 87.141065	 87.103277	 87.066363	  87.03031	 86.995106	 86.960738	 86.927194	 86.894459	 86.862523	 86.831371	 86.800991	 86.771371	 86.742497	 86.714358	  86.68694	 86.660231	 86.634219	 86.608891	 86.584235	 86.560239	 86.536891	 86.514178	  86.49209	 86.470613	 86.449736	 86.429449	 86.409738	 86.390594	 86.372005	  86.35396	 86.336448	 86.319458	  86.30298	 86.287003	 86.271518	 86.256513	  86.24198	 86.227908	 86.214288	  86.20111	 86.188365	 86.176045	  86.16414	 86.152641	 86.141541	  86.13083	 86.120502	 86.110547	 86.100958	 86.091728	  86.08285	 86.074316	 86.066119	 86.058253	 86.050711	 86.043488	 86.036576	  86.02997	 86.023665	 86.017655	 86.011934	 86.006499	 86.001343	 85.996462	 85.991853	 85.987511	 85.983431	 85.979611	 85.976047	 85.972735	 85.969672	 85.966856	 85.964284	 85.961953	 85.959862	 85.958008	 85.956389	 85.955005	 85.953853	 85.952934	 85.952244	 85.951785	 85.951556	
        99	 98.842585	 98.685201	 98.527879	  98.37065	 98.213545	 98.056595	  97.89983	 97.743282	 97.586981	 97.430957	 97.275241	 97.119862	  96.96485	 96.810236	 96.656048	 96.502316	 96.349068	 96.196333	  96.04414	 95.892516	 95.741489	 95.591087	 95.441335	 95.292262	 95.143893	 94.996254	 94.849371	 94.703268	 94.557969	   94.4135	 94.269882	 94.127141	 93.985298	 93.844375	 93.704395	 93.565378	 93.427344	 93.290315	 93.154309	 93.019345	 92.885442	 92.752618	  92.62089	 92.490275	 92.360789	 92.232447	 92.105265	 91.979256	 91.854435	 91.730815	 91.608409	 91.487228	 91.367283	 91.248587	 91.131148	 91.014977	 90.900082	 90.786472	 90.674155	 90.563138	 90.453427	 90.345028	 90.237948	  90.13219	  90.02776	  89.92466	 89.822894	 89.722464	 89.623373	 89.525622	 89.429212	 89.334143	 89.240416	 89.148028	  89.05698	  88.96727	 88.878895	 88.791853	  88.70614	 88.621753	 88.538688	 88.456941	 88.376506	 88.297378	  88.21955	 88.143018	 88.067774	 87.993811	 87.921123	   87.8497	 87.779535	 87.710619	 87.642944	   87.5765	 87.511279	  87.44727	 87.384463	 87.322847	 87.262414	 87.203151	 87.145047	 87.088091	 87.032272	 86.977578	 86.923997	 86.871517	 86.820125	  86.76981	 86.720558	 86.672357	 86.625193	 86.579055	 86.533928	 86.489801	 86.446658	 86.404488	 86.363276	 86.323009	 86.283674	 86.245257	 86.207744	 86.171122	 86.135377	 86.100496	 86.066464	 86.033269	 86.000897	 85.969334	 85.938567	 85.908582	 85.879366	 85.850905	 85.823187	 85.796198	 85.769925	 85.744355	 85.719476	 85.695273	 85.671736	  85.64885	 85.626605	 85.604986	 85.583983	 85.563584	 85.543775	 85.524547	 85.505886	 85.487782	 85.470223	 85.453198	 85.436697	 85.420709	 85.405222	 85.390227	 85.375714	 85.361672	 85.348091	 85.334963	 85.322277	 85.310024	 85.298196	 85.286783	 85.275776	 85.265169	 85.254951	 85.245116	 85.235655	 85.226562	 85.217827	 85.209445	 85.201409	 85.193712	 85.186346	 85.179307	 85.172589	 85.166184	 85.160089	 85.154296	 85.148802	 85.143602	  85.13869	 85.134063	 85.129716	 85.125645	 85.121847	 85.118318	 85.115054	 85.112054	 85.109313	 85.106829	 85.104601	 85.102625	 85.100901	 85.099426	 85.098198	 85.097218	 85.096484	 85.095995	  85.09575	
        99	 98.832926	 98.665886	 98.498911	 98.332035	 98.165291	 97.998711	 97.832328	 97.666175	 97.500284	 97.334687	 97.169416	 97.004504	 96.839982	 96.675881	 96.512233	 96.349068	 96.186417	 96.024311	  95.86278	 95.701853	  95.54156	 95.381929	  95.22299	 95.064771	 94.907298	 94.750601	 94.594705	 94.439637	 94.285424	  94.13209	 93.979662	 93.828162	 93.677616	 93.528047	 93.379478	 93.231931	 93.085429	 92.939991	 92.795641	 92.652396	 92.510278	 92.369304	 92.229494	 92.090865	 91.953433	 91.817217	 91.682231	 91.548491	 91.416012	 91.284807	  91.15489	 91.026274	 90.898971	 90.772991	 90.648347	 90.525048	 90.403104	 90.282523	 90.163315	 90.045486	 89.929044	 89.813994	 89.700344	 89.588097	 89.477259	 89.367834	 89.259824	 89.153232	 89.048061	 88.944313	 88.841987	 88.741085	 88.641607	 88.543551	 88.446917	 88.351702	 88.257905	 88.165522	  88.07455	 87.984986	 87.896825	 87.810061	 87.724691	 87.640708	 87.558106	 87.476878	 87.397017	 87.318516	 87.241367	 87.165562	 87.091092	 87.017948	 86.946121	 86.875601	 86.806377	 86.738441	  86.67178	 86.606385	 86.542243	 86.479343	 86.417675	 86.357225	 86.297981	 86.239931	 86.183062	 86.127362	 86.072817	 86.019415	 85.967141	 85.915982	 85.865925	 85.816956	 85.769061	 85.722225	 85.676436	 85.631678	 85.587937	   85.5452	 85.503451	 85.462677	 85.422863	 85.383994	 85.346056	 85.309034	 85.272915	 85.237683	 85.203325	 85.169825	  85.13717	 85.105345	 85.074337	  85.04413	 85.014711	 84.986066	 84.958181	 84.931042	 84.904636	 84.878949	 84.853967	 84.829678	 84.806067	 84.783122	 84.760831	  84.73918	 84.718156	 84.697747	 84.677942	 84.658727	  84.64009	 84.622021	 84.604508	 84.587538	 84.571101	 84.555186	 84.539782	 84.524879	 84.510465	 84.496531	 84.483067	 84.470062	 84.457508	 84.445395	 84.433714	 84.422455	 84.411611	 84.401172	 84.391131	 84.381479	 84.372209	 84.363313	 84.354783	 84.346613	 84.338796	 84.331326	 84.324195	 84.317397	 84.310927	  84.30478	 84.298949	 84.293429	 84.288216	 84.283305	 84.278692	 84.274371	  84.27034	 84.266594	  84.26313	 84.259945	 84.257036	 84.254401	 84.252035	 84.249938	 84.248108	 84.246543	  84.24524	   84.2442	  84.24342	 84.242901	 84.242641	
