Time step 82:
        99	        99	        99	        99	        99	        99	        99	        99	        99	        99	        99	        99	        99	        99	        99	        99	        99	        99	        99	        99	        99	        99	        99	        99	        99	        99	        99	        99	        99	        99	        99	        99	        99	        99	        99	        99	        99	        99	        99	        99	        99	        99	        99	        99	        99	        99	        99	        99	        99	        99	        99	        99	        99	        99	        99	        99	        99	        99	        99	        99	        99	        99	        99	        99	        99	        99	        99	        99	        99	        99	        99	        99	        99	        99	        99	        99	        99	        99	        99	        99	        99	        99	        99	        99	        99	        99	        99	        99	        99	        99	        99	        99	        99	        99	        99	        99	        99	        99	        99	        99	        99	        99	        99	        99	        99	        99	        99	        99	        99	        99	        99	        99	        99	        99	        99	        99	        99	        99	        99	        99	        99	        99	        99	        99	        99	        99	        99	        99	        99	        99	        99	        99	        99	        99	        99	        99	        99	        99	        99	        99	        99	        99	        99	        99	        99	        99	        99	        99	        99	        99	        99	        99	        99	        99	        99	        99	        99	        99	        99	        99	        99	        99	        99	        99	        99	        99	        99	        99	        99	        99	        99	        99	        99	        99	        99	        99	        99	        99	        99	        99	        99	        99	        99	        99	        99	        99	        99	        99	        99	        99	        99	        99	        99	        99	        99	        99	        99	        99	        99	        99	
        99	 98.992257	 98.984515	 98.976775	 98.969039	 98.961308	 98.953582	 98.945864	 98.938154	 98.930454	 98.922764	 98.915086	 98.907421	 98.899771	 98.892135	 98.884516	 98.876915	 98.869332	 98.861769	 98.854227	 98.846707	  98.83921	 98.831738	 98.824291	  98.81687	 98.809476	 98.802111	 98.794775	  98.78747	 98.780196	 98.772955	 98.765746	 98.758573	 98.751434	 98.744332	 98.737267	  98.73024	 98.723252	 98.716303	 98.709395	 98.702528	 98.695704	 98.688922	 98.682185	 98.675492	 98.668843	 98.662241	 98.655686	 98.649178	 98.642718	 98.636306	 98.629944	 98.623631	 98.617369	 98.611158	 98.604998	  98.59889	 98.592835	 98.586832	 98.580884	 98.574989	 98.569148	 98.563362	 98.557631	 98.551955	 98.546335	 98.540771	 98.535264	 98.529813	 98.524419	 98.519082	 98.513803	 98.508581	 98.503416	  98.49831	 98.493261	 98.488271	 98.483339	 98.478465	 98.473649	 98.468892	 98.464194	 98.459553	 98.454972	 98.450448	 98.445983	 98.441576	 98.437228	 98.432937	 98.428705	  98.42453	 98.420414	 98.416354	 98.412353	 98.408408	 98.404521	  98.40069	 98.396916	 98.393198	 98.389537	 98.385931	 98.382381	 98.378886	 98.375447	 98.372061	 98.368731	 98.365454	 98.362231	 98.359061	 98.355944	  98.35288	 98.349868	 98.346908	 98.343999	 98.341142	 98.338335	 98.335578	 98.332871	 98.330213	 98.327604	 98.325044	 98.322532	 98.320067	  98.31765	 98.315279	 98.312955	 98.310676	 98.308442	 98.306254	 98.304109	 98.302009	 98.299952	 98.297938	 98.295967	 98.294037	 98.292149	 98.290302	 98.288496	 98.286729	 98.285002	 98.283315	 98.281666	 98.280055	 98.278482	 98.276947	 98.275448	 98.273985	 98.272559	 98.271168	 98.269812	  98.26849	 98.267203	 98.265949	 98.264729	 98.263542	 98.262387	 98.261264	 98.260172	 98.259112	 98.258083	 98.257084	 98.256116	 98.255177	 98.254267	 98.253386	 98.252534	 98.251711	 98.250915	 98.250147	 98.249406	 98.248693	 98.248006	 98.247345	 98.246711	 98.246102	  98.24552	 98.244962	  98.24443	 98.243922	 98.243439	 98.242981	 98.242547	 98.242136	  98.24175	 98.241387	 98.241048	 98.240732	 98.240439	  98.24017	 98.239923	 98.239699	 98.239498	 98.239319	 98.239163	 98.239029	 98.238918	 98.238829	 98.238762	 98.238718	 98.238696	
        99	 98.984515	 98.969032	 98.953554	 98.938083	 98.922621	 98.907172	 98.891737	 98.876318	 98.860918	  98.84554	 98.830185	 98.814857	 98.799557	 98.784287	  98.76905	 98.753848	 98.738684	 98.723559	 98.708477	 98.693438	 98.678446	 98.663502	 98.648608	 98.633767	 98.618981	 98.604252	 98.589582	 98.574972	 98.560426	 98.545944	 98.531529	 98.517183	 98.502907	 98.488704	 98.474574	 98.460521	 98.446546	  98.43265	 98.418835	 98.405103	 98.391455	 98.377893	 98.364418	 98.351033	 98.337738	 98.324535	 98.311425	  98.29841	  98.28549	 98.272668	 98.259944	  98.24732	 98.234797	 98.222375	 98.210057	 98.197842	 98.185732	 98.173729	 98.161832	 98.150043	 98.138362	 98.126791	  98.11533	 98.103979	  98.09274	 98.081614	 98.070599	 98.059699	 98.048911	 98.038239	  98.02768	 98.017237	 98.006909	 97.996697	 97.986601	 97.976621	 97.966757	  97.95701	  97.94738	 97.937867	  97.92847	  97.91919	 97.910027	 97.900981	 97.892052	 97.883239	 97.874542	 97.865962	 97.857498	 97.849149	 97.840917	 97.832799	 97.824796	 97.816908	 97.809133	 97.801473	 97.793925	  97.78649	 97.779168	 97.771957	 97.764857	 97.757868	 97.750989	 97.744219	 97.737558	 97.731005	  97.72456	 97.718221	 97.711988	  97.70586	 97.699836	 97.693916	 97.688099	 97.682385	 97.676771	 97.671258	 97.665844	 97.660529	 97.655312	 97.650192	 97.645168	 97.640239	 97.635405	 97.630664	 97.626015	 97.621458	 97.616991	 97.612614	 97.608326	 97.604126	 97.600012	 97.595984	 97.592042	 97.588183	 97.584407	 97.580713	 97.577101	 97.573568	 97.570115	  97.56674	 97.563443	 97.560222	 97.557076	 97.554005	 97.551007	 97.548083	  97.54523	 97.542448	 97.539736	 97.537093	 97.534519	 97.532012	 97.529571	 97.527197	 97.524887	 97.522641	 97.520458	 97.518338	  97.51628	 97.514283	 97.512346	 97.510468	 97.508649	 97.506888	 97.505184	 97.503537	 97.501945	  97.50041	 97.498928	 97.497501	 97.496127	 97.494806	 97.493538	 97.492321	 97.491155	  97.49004	 97.488976	 97.487961	 97.486995	 97.486078	  97.48521	 97.484389	 97.483617	 97.482891	 97.482213	 97.481581	 97.480996	 97.480457	 97.479963	 97.479515	 97.479113	 97.478756	 97.478443	 97.478176	 97.477954	 97.477776	 97.477642	 97.477553	 97.477509	
        99	 98.976775	 98.953554	  98.93034	 98.907136	 98.883947	 98.860776	 98.837626	 98.814501	 98.791404	  98.76834	 98.745311	 98.722321	 98.699373	 98.676472	 98.653619	  98.63082	 98.608076	 98.585392	 98.562771	 98.540216	  98.51773	 98.495317	  98.47298	 98.450721	 98.428545	 98.406454	 98.384452	  98.36254	 98.340723	 98.319003	 98.297384	 98.275867	 98.254456	 98.233154	 98.211963	 98.190886	 98.169925	 98.149084	 98.128364	 98.107768	 98.087299	 98.066959	  98.04675	 98.026674	 98.006734	 97.986932	  97.96727	 97.947749	 97.928373	 97.909142	 97.890059	 97.871125	 97.852342	 97.833712	 97.815237	 97.796917	 97.778755	 97.760752	 97.742909	 97.725227	 97.707709	 97.690354	 97.673165	 97.656141	 97.639285	 97.622597	 97.606078	 97.589729	  97.57355	 97.557543	 97.541708	 97.526045	 97.510555	 97.495239	 97.480096	 97.465128	 97.450335	 97.435716	 97.421273	 97.407004	 97.392911	 97.378993	 97.365251	 97.351683	 97.338291	 97.325073	  97.31203	 97.299161	 97.286467	 97.273946	 97.261598	 97.249423	  97.23742	 97.225589	 97.213929	  97.20244	  97.19112	 97.179969	 97.168987	 97.158172	 97.147524	 97.137042	 97.126724	 97.116571	 97.106581	 97.096752	 97.087085	 97.077578	 97.068229	 97.059039	 97.050004	 97.041126	 97.032402	  97.02383	 97.015411	 97.007142	 96.999023	 96.991052	 96.983227	 96.975548	 96.968013	 96.960621	  96.95337	 96.946259	 96.939287	 96.932452	 96.925753	 96.919188	 96.912757	 96.906457	 96.900288	 96.894247	 96.888333	 96.882546	 96.876883	 96.871343	 96.865925	 96.860627	 96.855448	 96.850386	  96.84544	 96.840609	 96.835892	 96.831286	  96.82679	 96.822403	 96.818125	 96.813952	 96.809885	 96.805921	  96.80206	   96.7983	  96.79464	 96.791078	 96.787614	 96.784246	 96.780972	 96.777793	 96.774706	  96.77171	 96.768805	 96.765988	  96.76326	 96.760619	 96.758064	 96.755593	 96.753207	 96.750903	 96.748681	 96.746541	  96.74448	 96.742499	 96.740597	 96.738772	 96.737023	 96.735351	 96.733754	 96.732232	 96.730784	 96.729409	 96.728106	 96.726876	 96.725717	 96.724629	 96.723612	 96.722664	 96.721786	 96.720977	 96.720237	 96.719566	 96.718962	 96.718426	 96.717958	 96.717557	 96.717223	 96.716956	 96.716756	 96.716623	 96.716556	
        99	 98.969039	 98.938083	 98.907136	 98.876204	 98.845291	 98.814401	  98.78354	 98.752712	 98.721923	 98.691175	 98.660476	 98.629828	 98.599236	 98.568706	 98.538242	 98.507848	 98.477529	 98.447289	 98.417133	 98.387065	 98.357089	  98.32721	 98.297433	  98.26776	 98.238197	 98.208748	 98.179416	 98.150206	 98.121122	 98.092168	 98.063347	 98.034663	  98.00612	 97.977722	 97.949472	 97.921375	 97.893432	 97.865649	 97.838027	 97.810571	 97.783284	 97.756169	 97.729228	 97.702466	 97.675884	 97.649486	 97.623274	 97.597251	  97.57142	 97.545784	 97.520344	 97.495104	 97.470065	 97.445229	 97.420599	 97.396178	 97.371966	 97.347966	  97.32418	 97.300609	 97.277255	 97.254119	 97.231204	  97.20851	 97.186039	 97.163793	 97.141771	 97.119976	 97.098409	 97.077069	 97.055959	 97.035079	  97.01443	 96.994012	 96.973826	 96.953872	 96.934151	 96.914663	 96.895408	 96.876387	   96.8576	 96.839046	 96.820726	 96.802639	 96.784785	 96.767165	 96.749778	 96.732622	 96.715699	 96.699008	 96.682547	 96.666316	 96.650316	 96.634544	    96.619	 96.603683	 96.588593	 96.573728	 96.559088	  96.54467	 96.530475	 96.516502	 96.502748	 96.489212	 96.475894	 96.462792	 96.449905	 96.437231	 96.424768	 96.412516	 96.400473	 96.388637	 96.377007	 96.365581	 96.354357	 96.343334	  96.33251	 96.321883	 96.311452	 96.301215	 96.291171	 96.281316	  96.27165	 96.262171	 96.252876	 96.243764	 96.234834	 96.226083	 96.217509	 96.209111	 96.200886	 96.192833	  96.18495	 96.177235	 96.169686	 96.162301	 96.155078	 96.148015	 96.141111	 96.134363	  96.12777	  96.12133	  96.11504	   96.1089	 96.102907	 96.097059	 96.091355	 96.085793	 96.080371	 96.075087	  96.06994	 96.064927	 96.060048	   96.0553	 96.050682	 96.046192	 96.041828	 96.037589	 96.033474	 96.029481	 96.025607	 96.021853	 96.018216	 96.014695	 96.011288	 96.007995	 96.004814	 96.001743	 95.998781	 95.995927	 95.993181	  95.99054	 95.988003	  95.98557	  95.98324	  95.98101	 95.978882	 95.976852	 95.974922	 95.973089	 95.971352	 95.969712	 95.968167	 95.966717	 95.965361	 95.964098	 95.962927	 95.961849	 95.960862	 95.959967	 95.959162	 95.958448	 95.957824	 95.957289	 95.956844	 95.956489	 95.956222	 95.956044	 95.955955	
        99	 98.961308	 98.922621	 98.883947	 98.845291	 98.806658	 98.768055	 98.729487	 98.690962	 98.652483	 98.614058	 98.575692	 98.537391	 98.499161	 98.461007	 98.422936	 98.384952	 98.347062	 98.309271	 98.271584	 98.234008	 98.196547	 98.159207	 98.121994	 98.084912	 98.047966	 98.011163	 97.974507	 97.938003	 97.901656	 97.865472	 97.829454	 97.793607	 97.757937	 97.722448	 97.687144	  97.65203	  97.61711	 97.582388	  97.54787	 97.513558	 97.479456	  97.44557	 97.411902	 97.378457	 97.345237	 97.312247	  97.27949	 97.246969	 97.214688	  97.18265	 97.150857	 97.119314	 97.088022	 97.056985	 97.026205	 96.995685	 96.965427	 96.935434	 96.905708	 96.876251	 96.847066	 96.818153	 96.789516	 96.761155	 96.733073	 96.705271	  96.67775	 96.650513	  96.62356	 96.596892	  96.57051	 96.544416	  96.51861	 96.493094	 96.467867	  96.44293	 96.418285	 96.393931	 96.369868	 96.346097	 96.322618	 96.299431	 96.276536	 96.253933	 96.231621	 96.209601	 96.187871	 96.166432	 96.145283	 96.124424	 96.103852	 96.083569	 96.063573	 96.043862	 96.024437	 96.005296	 95.986437	  95.96786	 95.949564	 95.931547	 95.913807	 95.896344	 95.879155	  95.86224	 95.845596	 95.829222	 95.813117	 95.797278	 95.781704	 95.766392	 95.751342	  95.73655	 95.722015	 95.707736	  95.69371	 95.679934	 95.666407	 95.653127	 95.640092	 95.627298	 95.614745	  95.60243	  95.59035	 95.578503	 95.566888	 95.555501	 95.544341	 95.533404	  95.52269	 95.512194	 95.501916	 95.491852	    95.482	 95.472358	 95.462924	 95.453695	 95.444668	 95.435842	 95.427213	 95.418781	 95.410541	 95.402493	 95.394633	  95.38696	  95.37947	 95.372162	 95.365034	 95.358083	 95.351307	 95.344703	 95.338271	 95.332006	 95.325909	 95.319975	 95.314204	 95.308592	 95.303139	 95.297842	 95.292699	 95.287708	 95.282868	 95.278176	 95.273631	  95.26923	 95.264973	 95.260857	 95.256881	 95.253044	 95.249342	 95.245776	 95.242344	 95.239043	 95.235873	 95.232833	  95.22992	 95.227134	 95.224474	 95.221938	 95.219525	 95.217234	 95.215065	 95.213015	 95.211084	 95.209272	 95.207577	 95.205998	 95.204536	 95.203188	 95.201955	 95.200836	 95.199831	 95.198938	 95.198158	  95.19749	 95.196934	 95.196489	 95.196156	 95.195934	 95.195823	
        99	 98.953582	 98.907172	 98.860776	 98.814401	 98.768055	 98.721744	 98.675477	 98.629259	 98.583098	 98.537001	 98.490975	 98.445026	 98.399163	 98.353391	 98.307718	 98.262151	 98.216695	 98.171359	 98.126148	 98.081069	 98.036128	 97.991333	 97.946689	 97.902204	 97.857882	 97.813731	 97.769756	 97.725963	  97.68236	  97.63895	 97.595741	 97.552737	 97.509945	  97.46737	 97.425017	 97.382892	    97.341	 97.299346	 97.257935	 97.216772	 97.175863	  97.13521	  97.09482	 97.054697	 97.014845	 96.975268	  96.93597	 96.896956	  96.85823	 96.819795	 96.781655	 96.743813	 96.706274	  96.66904	 96.632115	 96.595501	 96.559202	  96.52322	 96.487559	 96.452221	 96.417208	 96.382522	 96.348167	 96.314144	 96.280455	 96.247102	 96.214087	 96.181411	 96.149076	 96.117084	 96.085435	 96.054131	 96.023173	 95.992561	 95.962298	 95.932382	 95.902816	 95.873599	 95.844732	 95.816215	 95.788048	 95.760232	 95.732765	 95.705649	 95.678883	 95.652466	 95.626398	 95.600678	 95.575307	 95.550282	 95.525603	  95.50127	 95.477281	 95.453636	 95.430332	 95.407369	 95.384745	 95.362459	  95.34051	 95.318895	 95.297613	 95.276663	 95.256043	  95.23575	 95.215783	  95.19614	 95.176819	 95.157818	 95.139134	 95.120765	  95.10271	 95.084965	 95.067528	 95.050398	 95.033571	 95.017045	 95.000817	 94.984886	 94.969247	   94.9539	  94.93884	 94.924066	 94.909574	 94.895362	 94.881428	 94.867768	 94.854379	 94.841259	 94.828405	 94.815814	 94.803483	  94.79141	 94.779591	 94.768024	 94.756706	 94.745634	 94.734805	 94.724217	 94.713866	 94.703749	 94.693865	  94.68421	  94.67478	 94.665575	  94.65659	 94.647823	 94.639271	 94.630932	 94.622803	 94.614882	 94.607165	  94.59965	 94.592334	 94.585216	 94.578292	  94.57156	 94.565018	 94.558664	 94.552494	 94.546507	   94.5407	 94.535071	 94.529618	 94.524339	 94.519232	 94.514295	 94.509525	 94.504921	 94.500481	 94.496203	 94.492085	 94.488125	 94.484322	 94.480675	 94.477181	 94.473839	 94.470647	 94.467605	  94.46471	 94.461962	 94.459359	   94.4569	 94.454584	 94.452409	 94.450376	 94.448482	 94.446728	 94.445111	 94.443632	  94.44229	 94.441083	 94.440013	 94.439077	 94.438275	 94.437608	 94.437075	 94.436675	 94.436409	 94.436275	
        99	 98.945864	 98.891737	 98.837626	  98.78354	 98.729487	 98.675477	 98.621516	 98.567613	 98.513776	 98.460014	 98.406335	 98.352747	 98.299257	 98.245875	 98.192607	 98.139463	 98.086449	 98.033574	 97.980845	 97.928271	 97.875858	 97.823614	 97.771547	 97.719665	 97.667973	  97.61648	 97.565194	  97.51412	 97.463265	 97.412638	 97.362243	 97.312089	 97.262182	 97.212527	 97.163132	 97.114003	 97.065145	 97.016565	 96.968269	 96.920261	 96.872549	 96.825137	 96.778031	 96.731236	 96.684757	   96.6386	 96.592768	 96.547267	 96.502101	 96.457275	 96.412793	  96.36866	 96.324878	 96.281453	 96.238388	 96.195686	 96.153351	 96.111387	 96.069796	 96.028581	 95.987747	 95.947294	 95.907226	 95.867546	 95.828255	 95.789356	 95.750851	 95.712742	 95.675031	 95.637719	 95.600807	 95.564298	 95.528192	 95.492491	 95.457195	 95.422306	 95.387823	 95.353748	 95.320081	 95.286822	 95.253972	  95.22153	 95.189497	 95.157872	 95.126655	 95.095845	 95.065443	 95.035447	 95.005856	  94.97667	 94.947889	 94.919509	 94.891532	 94.863954	 94.836775	 94.809994	 94.783608	 94.757617	 94.732018	 94.706809	 94.681989	 94.657555	 94.633506	 94.609839	 94.586552	 94.563643	 94.541109	 94.518948	 94.497158	 94.475735	 94.454677	 94.433982	 94.413646	 94.393667	 94.374042	 94.354768	 94.335842	 94.317261	 94.299023	 94.281123	  94.26356	 94.246329	 94.229427	 94.212853	 94.196601	 94.180669	 94.165054	 94.149753	 94.134761	 94.120077	 94.105696	 94.091615	 94.077831	 94.064341	 94.051141	 94.038228	 94.025598	 94.013249	 94.001177	 93.989379	  93.97785	  93.96659	 93.955593	 93.944856	 93.934377	 93.924153	 93.914179	 93.904454	 93.894973	 93.885734	 93.876734	 93.867969	 93.859437	 93.851136	  93.84306	 93.835209	  93.82758	 93.820168	 93.812972	  93.80599	 93.799217	 93.792653	 93.786293	 93.780137	  93.77418	 93.768422	 93.762859	 93.757489	 93.752311	 93.747321	 93.742519	 93.737901	 93.733466	 93.729212	 93.725137	 93.721239	 93.717517	 93.713968	 93.710592	 93.707387	 93.704351	 93.701483	 93.698782	 93.696246	 93.693875	 93.691666	  93.68962	 93.687735	  93.68601	 93.684444	 93.683037	 93.681788	 93.680697	 93.679762	 93.678984	 93.678362	 93.677896	 93.677585	  93.67743	
        99	 98.938154	 98.876318	 98.814501	 98.752712	 98.690962	 98.629259	 98.567613	 98.506033	 98.444529	 98.383111	 98.321787	 98.260566	 98.199459	 98.138474	  98.07762	 98.016907	 97.956343	 97.895938	   97.8357	 97.775638	  97.71576	 97.656076	 97.596594	 97.537322	 97.478269	 97.419443	 97.360852	 97.302504	 97.244407	 97.186569	 97.128998	 97.071701	 97.014686	  96.95796	  96.90153	 96.845404	 96.789588	 96.734089	 96.678914	  96.62407	 96.569562	 96.515398	 96.461583	 96.408124	 96.355026	 96.302294	 96.249935	 96.197954	 96.146356	 96.095146	 96.044329	  95.99391	 95.943894	 95.894284	 95.845085	 95.796302	 95.747938	 95.699997	 95.652483	 95.605399	 95.558748	 95.512535	  95.46676	 95.421429	 95.376542	 95.332104	 95.288115	 95.244579	 95.201496	  95.15887	 95.116702	 95.074993	 95.033746	  94.99296	 94.952637	 94.912779	 94.873385	 94.834457	 94.795995	    94.758	 94.720471	 94.683409	 94.646814	 94.610685	 94.575022	 94.539824	 94.505092	 94.470824	 94.437019	 94.403677	 94.370796	 94.338375	 94.306413	 94.274908	 94.243858	 94.213263	  94.18312	 94.153426	 94.124181	 94.095383	 94.067028	 94.039114	  94.01164	 93.984603	 93.957999	 93.931828	 93.906084	 93.880767	 93.855873	 93.831399	 93.807343	   93.7837	 93.760468	 93.737644	 93.715224	 93.693205	 93.671584	 93.650357	 93.629521	 93.609072	 93.589007	 93.569322	 93.550013	 93.531078	 93.512512	 93.494311	 93.476472	 93.458992	 93.441865	 93.425089	  93.40866	 93.392574	 93.376827	 93.361416	 93.346336	 93.331584	 93.317156	 93.303048	 93.289256	 93.275777	 93.262608	 93.249743	  93.23718	 93.224914	 93.212943	 93.201262	 93.189868	 93.178758	 93.167927	 93.157372	  93.14709	 93.137077	  93.12733	 93.117846	 93.108621	 93.099652	 93.090935	 93.082468	 93.074248	 93.066271	 93.058534	 93.051034	 93.043769	 93.036736	 93.029931	 93.023352	 93.016997	 93.010863	 93.004947	 92.999247	  92.99376	 92.988485	 92.983418	 92.978558	 92.973903	  92.96945	 92.965197	 92.961144	 92.957287	 92.953625	 92.950157	 92.946881	 92.943795	 92.940898	 92.938189	 92.935666	 92.933328	 92.931174	 92.929203	 92.927415	 92.925807	 92.924381	 92.923134	 92.922066	 92.921177	 92.920466	 92.919934	 92.919579	 92.919401	
        99	 98.930454	 98.860918	 98.791404	 98.721923	 98.652483	 98.583098	 98.513776	 98.444529	 98.375368	 98.306302	 98.237342	   98.1685	 98.099784	 98.031206	 97.962775	 97.894502	 97.826398	 97.758471	 97.690733	 97.623192	  97.55586	 97.488744	 97.421856	 97.355204	 97.288798	 97.222648	 97.156762	 97.091149	 97.025818	 96.960779	  96.89604	 96.831609	 96.767495	 96.703705	  96.64025	 96.577135	 96.514369	  96.45196	 96.389916	 96.328243	 96.266949	 96.206041	 96.145525	  96.08541	   96.0257	 95.966403	 95.907525	 95.849072	 95.791049	 95.733463	 95.676319	 95.619622	 95.563378	 95.507592	 95.452267	  95.39741	 95.343024	 95.289114	 95.235684	 95.182737	 95.130278	 95.078311	 95.026837	 94.975861	 94.925386	 94.875414	 94.825948	 94.776991	 94.728545	 94.680612	 94.633193	 94.586291	 94.539908	 94.494044	   94.4487	 94.403879	 94.359581	 94.315806	 94.272555	 94.229829	 94.187627	 94.145951	 94.104799	 94.064171	 94.024068	 93.984488	 93.945431	 93.906897	 93.868883	 93.831389	 93.794414	 93.757957	 93.722015	 93.686587	 93.651672	 93.617267	  93.58337	  93.54998	 93.517094	 93.484709	 93.452824	 93.421435	  93.39054	 93.360136	  93.33022	  93.30079	 93.271841	 93.243372	 93.215379	 93.187857	 93.160805	 93.134219	 93.108094	 93.082428	 93.057217	 93.032456	 93.008143	 92.984273	 92.960843	 92.937848	 92.915284	 92.893149	 92.871436	 92.850143	 92.829265	 92.808798	 92.788738	 92.769081	 92.749822	 92.730958	 92.712483	 92.694394	 92.676687	 92.659356	 92.642399	  92.62581	 92.609585	 92.593721	 92.578212	 92.563055	 92.548245	 92.533779	 92.519651	 92.505859	 92.492397	 92.479262	 92.466449	 92.453955	 92.441776	 92.429907	 92.418345	 92.407085	 92.396125	  92.38546	 92.375086	    92.365	 92.355198	 92.345677	 92.336433	 92.327462	 92.318762	 92.310329	 92.302159	  92.29425	 92.286598	 92.279201	 92.272054	 92.265156	 92.258504	 92.252094	 92.245924	 92.239992	 92.234294	 92.228829	 92.223594	 92.218587	 92.213805	 92.209246	 92.204909	 92.200792	 92.196892	 92.193208	 92.189737	  92.18648	 92.183433	 92.180596	 92.177967	 92.175545	 92.173329	 92.171318	  92.16951	 92.167906	 92.166504	 92.165303	 92.164303	 92.163504	 92.162905	 92.162506	 92.162306	
        99	 98.922764	  98.84554	  98.76834	 98.691175	 98.614058	 98.537001	 98.460014	 98.383111	 98.306302	 98.229599	 98.153015	  98.07656	 98.000247	 97.924086	 97.848089	 97.772267	 97.696632	 97.621195	 97.545967	 97.470958	 97.396181	 97.321644	  97.24736	 97.173339	  97.09959	 97.026125	 96.952954	 96.880086	 96.807532	 96.735302	 96.663404	 96.591849	 96.520646	 96.449803	 96.379331	 96.309238	 96.239532	 96.170223	 96.101318	 96.032826	 95.964754	 95.897112	 95.829905	 95.763143	 95.696831	 95.630977	 95.565589	 95.500673	 95.436235	 95.372281	 95.308819	 95.245853	  95.18339	 95.121435	 95.059993	  94.99907	 94.938671	   94.8788	 94.819462	 94.760661	 94.702402	 94.644688	 94.587523	 94.530911	 94.474854	 94.419357	 94.364422	 94.310052	 94.256249	 94.203015	 94.150354	 94.098266	 94.046754	 93.995818	 93.945462	 93.895685	 93.846488	 93.797873	  93.74984	 93.702389	 93.655522	 93.609237	 93.563535	 93.518415	 93.473878	 93.429921	 93.386546	 93.343751	 93.301534	 93.259894	 93.218831	 93.178342	 93.138426	 93.099081	 93.060305	 93.022096	 92.984452	 92.947369	 92.910847	 92.874882	  92.83947	 92.804611	   92.7703	 92.736534	 92.703311	 92.670626	 92.638477	  92.60686	 92.575771	 92.545207	 92.515164	 92.485637	 92.456624	  92.42812	 92.400121	 92.372623	 92.345621	 92.319112	 92.293091	 92.267553	 92.242495	 92.217912	 92.193799	 92.170151	 92.146965	 92.124235	 92.101957	 92.080126	 92.058738	 92.037788	  92.01727	 91.997181	 91.977516	 91.958269	 91.939436	 91.921013	 91.902995	 91.885376	 91.868153	  91.85132	 91.834873	 91.818807	 91.803117	 91.787799	 91.772849	 91.758262	 91.744032	 91.730157	 91.716631	 91.703449	 91.690609	 91.678104	 91.665932	 91.654088	 91.642567	 91.631366	  91.62048	 91.609906	  91.59964	 91.589678	 91.580016	  91.57065	 91.561577	 91.552793	 91.544295	 91.536079	 91.528143	 91.520482	 91.513094	 91.505975	 91.499123	 91.492535	 91.486208	 91.480138	 91.474324	 91.468763	 91.463453	  91.45839	 91.453574	 91.449001	  91.44467	 91.440578	 91.436724	 91.433106	 91.429723	 91.426572	 91.423652	 91.420963	 91.418501	 91.416268	 91.414261	 91.412479	 91.410922	 91.409588	 91.408478	 91.407591	 91.406925	 91.406482	  91.40626	
        99	 98.915086	 98.830185	 98.745311	 98.660476	 98.575692	 98.490975	 98.406335	 98.321787	 98.237342	 98.153015	 98.068817	 97.984762	 97.900863	 97.817131	 97.733579	  97.65022	 97.567066	  97.48413	 97.401423	 97.318959	 97.236747	 97.154801	 97.073133	 96.991753	 96.910673	 96.829905	  96.74946	 96.669349	 96.589582	 96.510171	 96.431126	 96.352458	 96.274177	 96.196292	 96.118814	 96.041753	 95.965118	 95.888919	 95.813164	 95.737863	 95.663025	 95.588658	 95.514771	 95.441371	 95.368468	 95.296068	 95.224179	  95.15281	 95.081966	 95.011655	 94.941884	 94.872659	 94.803986	 94.735872	 94.668323	 94.601344	  94.53494	 94.469118	 94.403881	 94.339235	 94.275184	 94.211733	 94.148885	 94.086645	 94.025016	 93.964002	 93.903606	 93.843831	 93.784679	 93.726154	 93.668257	 93.610992	 93.554359	  93.49836	 93.442997	 93.388272	 93.334185	 93.280737	 93.227929	 93.175762	 93.124235	 93.073349	 93.023104	 92.973499	 92.924534	 92.876208	 92.828521	 92.781471	 92.735057	 92.689279	 92.644133	  92.59962	 92.555736	 92.512479	 92.469849	 92.427841	 92.386455	 92.345686	 92.305533	 92.265992	 92.227061	 92.188736	 92.151014	 92.113892	 92.077366	 92.041432	 92.006087	 91.971327	 91.937148	 91.903545	 91.870515	 91.838054	 91.806157	 91.774819	 91.744037	 91.713805	 91.684119	 91.654975	 91.626367	 91.598291	 91.570742	 91.543714	 91.517204	 91.491206	 91.465715	 91.440725	 91.416233	 91.392232	 91.368717	 91.345684	 91.323127	 91.301041	 91.279421	 91.258261	 91.237556	 91.217301	 91.197492	 91.178122	 91.159186	  91.14068	 91.122598	 91.104935	 91.087685	 91.070845	 91.054409	 91.038371	 91.022727	 91.007472	 90.992601	  90.97811	 90.963993	 90.950245	 90.936863	 90.923841	 90.911175	  90.89886	 90.886893	 90.875268	 90.863981	 90.853028	 90.842406	 90.832109	 90.822134	 90.812477	 90.803134	 90.794102	 90.785376	 90.776954	 90.768832	 90.761005	 90.753472	 90.746229	 90.739272	   90.7326	 90.726208	 90.720094	 90.714256	  90.70869	 90.703395	 90.698367	 90.693605	 90.689107	  90.68487	 90.680892	 90.677173	 90.673708	 90.670499	 90.667542	 90.664836	  90.66238	 90.660173	 90.658214	 90.656502	 90.655036	 90.653816	  90.65284	 90.652109	 90.651621	 90.651378	
        99	 98.907421	 98.814857	 98.722321	 98.629828	 98.537391	 98.445026	 98.352747	 98.260566	   98.1685	  98.07656	 97.984762	  97.89312	 97.801647	 97.710357	 97.619263	  97.52838	  97.43772	 97.347297	 97.257125	 97.167216	 97.077584	 96.988241	   96.8992	 96.810474	 96.722076	 96.634017	 96.546311	 96.458968	 96.372001	 96.285422	 96.199242	 96.113473	 96.028125	  95.94321	 95.858738	 95.774721	 95.691169	 95.608091	 95.525498	   95.4434	 95.361806	 95.280727	  95.20017	 95.120145	  95.04066	 94.961725	 94.883347	 94.805535	 94.728297	 94.651639	  94.57557	 94.500096	 94.425225	 94.350962	 94.277315	  94.20429	 94.131893	 94.060129	 93.989003	 93.918522	 93.848689	  93.77951	  93.71099	 93.643131	  93.57594	 93.509418	  93.44357	 93.378399	 93.313908	   93.2501	 93.186977	 93.124542	 93.062797	 93.001744	 92.941384	 92.881718	 92.822749	 92.764477	 92.706902	 92.650025	 92.593847	 92.538368	 92.483587	 92.429505	  92.37612	 92.323432	  92.27144	 92.220143	  92.16954	 92.119629	 92.070409	 92.021877	 91.974031	 91.926871	 91.880392	 91.834592	  91.78947	 91.745021	 91.701244	 91.658134	 91.615689	 91.573904	 91.532777	 91.492304	 91.452481	 91.413304	 91.374768	  91.33687	 91.299605	  91.26297	 91.226958	 91.191567	  91.15679	 91.122624	 91.089063	 91.056102	 91.023737	 90.991961	 90.960771	 90.930161	 90.900125	 90.870658	 90.841755	  90.81341	 90.785618	 90.758373	 90.731669	 90.705502	 90.679865	 90.654752	 90.630159	 90.606079	 90.582507	 90.559437	 90.536864	 90.514781	 90.493183	 90.472064	  90.45142	 90.431243	 90.411528	 90.392271	 90.373465	 90.355104	 90.337184	 90.319699	 90.302643	 90.286011	 90.269798	 90.253998	 90.238607	 90.223618	 90.209028	 90.194831	 90.181021	 90.167595	 90.154547	 90.141873	 90.129567	 90.117626	 90.106044	 90.094818	 90.083943	 90.073414	 90.063228	  90.05338	 90.043867	 90.034685	 90.025829	 90.017296	 90.009083	 90.001186	 89.993602	 89.986327	 89.979358	 89.972692	 89.966327	 89.960259	 89.954485	 89.949004	 89.943812	 89.938908	 89.934288	 89.929952	 89.925896	 89.922119	  89.91862	 89.915396	 89.912446	 89.909768	 89.907362	 89.905227	  89.90336	 89.901762	 89.900431	 89.899367	  89.89857	 89.898039	 89.897773	
        99	 98.899771	 98.799557	 98.699373	 98.599236	 98.499161	 98.399163	 98.299257	 98.199459	 98.099784	 98.000247	 97.900863	 97.801647	 97.702614	  97.60378	 97.505158	 97.406764	 97.308612	 97.210717	 97.113093	 97.015754	 96.918714	 96.821988	 96.725589	 96.629531	 96.533827	 96.438491	 96.343536	 96.248976	 96.154822	 96.061088	 95.967786	 95.874928	 95.782527	 95.690595	 95.599143	 95.508182	 95.417725	 95.327782	 95.238363	 95.149481	 95.061144	 94.973364	 94.886149	 94.799511	 94.713458	    94.628	 94.543145	 94.458902	 94.375281	 94.292288	 94.209932	 94.128221	 94.047162	 93.966763	  93.88703	  93.80797	  93.72959	 93.651895	 93.574891	 93.498585	 93.422982	 93.348086	 93.273903	 93.200437	 93.127692	 93.055673	 92.984383	 92.913827	 92.844006	 92.774925	 92.706586	 92.638991	 92.572143	 92.506044	 92.440696	   92.3761	 92.312257	 92.249169	 92.186837	  92.12526	 92.064439	 92.004375	 91.945067	 91.886515	 91.828719	 91.771676	 91.715388	 91.659852	 91.605067	 91.551031	 91.497743	 91.445201	 91.393401	 91.342343	 91.292023	 91.242439	 91.193588	 91.145466	  91.09807	 91.051398	 91.005445	 90.960207	 90.915682	 90.871864	  90.82875	 90.786335	 90.744614	 90.703585	  90.66324	 90.623577	  90.58459	 90.546273	 90.508623	 90.471633	 90.435298	 90.399614	 90.364574	 90.330173	 90.296405	 90.263265	 90.230747	 90.198845	 90.167553	 90.136865	 90.106776	  90.07728	 90.048369	  90.02004	 89.992284	 89.965096	 89.938471	 89.912401	 89.886881	 89.861904	 89.837465	 89.813558	 89.790175	 89.767311	  89.74496	 89.723116	 89.701772	 89.680923	 89.660563	 89.640685	 89.621284	 89.602354	 89.583888	 89.565882	 89.548329	 89.531224	  89.51456	 89.498333	 89.482537	 89.467167	 89.452216	  89.43768	 89.423554	 89.409832	  89.39651	 89.383581	 89.371043	 89.358889	 89.347115	 89.335716	 89.324688	 89.314027	 89.303727	 89.293786	 89.284198	  89.27496	 89.266069	 89.257519	 89.249308	 89.241431	 89.233887	  89.22667	 89.219779	 89.213209	 89.206959	 89.201024	 89.195404	 89.190094	 89.185093	 89.180398	 89.176007	 89.171918	 89.168129	 89.164639	 89.161445	 89.158546	 89.155942	 89.153629	 89.151609	 89.149878	 89.148438	 89.147286	 89.146423	 89.145847	  89.14556	
        99	 98.892135	 98.784287	 98.676472	 98.568706	 98.461007	 98.353391	 98.245875	 98.138474	 98.031206	 97.924086	 97.817131	 97.710357	  97.60378	 97.497416	 97.391281	 97.285392	 97.179763	  97.07441	 96.969348	 96.864594	 96.760162	 96.656067	 96.552325	 96.448949	 96.345955	 96.243356	 96.141168	 96.039403	 95.938077	 95.837202	 95.736792	 95.636861	 95.537421	 95.438485	 95.340066	 95.242176	 95.144828	 95.048033	 94.951803	 94.856149	 94.761083	 94.666616	 94.572757	 94.479519	  94.38691	 94.294942	 94.203623	 94.112963	 94.022971	 93.933656	 93.845026	  93.75709	 93.669857	 93.583332	 93.497525	 93.412443	 93.328091	 93.244477	 93.161608	 93.079489	 92.998126	 92.917525	  92.83769	 92.758628	 92.680341	 92.602836	 92.526115	 92.450184	 92.375044	   92.3007	 92.227155	 92.154411	 92.082471	 92.011336	  91.94101	 91.871493	 91.802787	 91.734893	 91.667811	 91.601544	  91.53609	  91.47145	 91.407624	 91.344612	 91.282412	 91.221025	 91.160448	 91.100681	 91.041723	 90.983571	 90.926223	 90.869678	 90.813933	 90.758985	 90.704832	  90.65147	 90.598897	 90.547109	 90.496103	 90.445875	 90.396422	 90.347738	  90.29982	 90.252665	 90.206266	  90.16062	 90.115721	 90.071566	 90.028148	 89.985463	 89.943506	 89.902271	 89.861752	 89.821944	 89.782842	 89.744439	 89.706729	 89.669707	 89.633367	 89.597702	 89.562707	 89.528375	 89.494699	 89.461674	 89.429293	 89.397549	 89.366437	 89.335948	 89.306078	  89.27682	 89.248166	  89.22011	 89.192646	 89.165767	 89.139466	 89.113737	 89.088573	 89.063967	 89.039913	 89.016405	 88.993436	 88.970998	 88.949087	 88.927695	 88.906816	 88.886443	 88.866571	 88.847193	 88.828303	 88.809895	 88.791962	 88.774499	 88.757499	 88.740958	 88.724868	 88.709225	 88.694023	 88.679256	 88.664918	 88.651005	 88.637511	 88.624431	  88.61176	 88.599493	 88.587625	 88.576152	 88.565068	 88.554369	 88.544051	 88.534109	  88.52454	 88.515339	 88.506502	 88.498026	 88.489907	  88.48214	 88.474724	 88.467654	 88.460927	 88.454541	 88.448492	 88.442778	 88.437396	 88.432343	 88.427618	 88.423217	  88.41914	 88.415384	 88.411947	 88.408827	 88.406024	 88.403535	 88.401361	 88.399499	 88.397948	 88.396709	  88.39578	  88.39516	 88.394851	
        99	 98.884516	  98.76905	 98.653619	 98.538242	 98.422936	 98.307718	 98.192607	  98.07762	 97.962775	 97.848089	 97.733579	 97.619263	 97.505158	 97.391281	  97.27765	 97.164281	 97.051191	 96.938396	 96.825914	  96.71376	 96.601952	 96.490504	 96.379434	 96.268756	 96.158487	 96.048641	 95.939235	 95.830282	 95.721799	 95.613799	 95.506297	 95.399307	 95.292843	 95.186919	 95.081548	 94.976744	 94.872519	 94.768887	 94.665859	 94.563449	 94.461668	 94.360528	  94.26004	 94.160216	 94.061066	 93.962601	 93.864832	 93.767768	  93.67142	 93.575796	 93.480906	 93.386759	 93.293363	 93.200728	  93.10886	 93.017767	 92.927457	 92.837938	 92.749215	 92.661295	 92.574185	 92.487891	 92.402417	  92.31777	 92.233954	 92.150974	 92.068834	 91.987539	 91.907092	 91.827497	 91.748757	 91.670875	 91.593853	 91.517694	   91.4424	 91.367973	 91.294414	 91.221724	 91.149904	 91.078956	 91.008879	 90.939673	 90.871339	 90.803875	 90.737282	 90.671559	 90.606704	 90.542715	 90.479592	 90.417332	 90.355934	 90.295395	 90.235712	 90.176883	 90.118905	 90.061774	 90.005488	 89.950042	 89.895433	 89.841657	  89.78871	 89.736588	 89.685286	 89.634799	 89.585123	 89.536252	 89.488183	 89.440908	 89.394424	 89.348724	 89.303803	 89.259655	 89.216274	 89.173655	  89.13179	 89.090675	 89.050302	 89.010665	 88.971758	 88.933574	 88.896107	 88.859349	 88.823295	 88.787937	 88.753269	 88.719283	 88.685972	 88.653331	 88.621351	 88.590025	 88.559348	  88.52931	 88.499906	 88.471128	  88.44297	 88.415423	 88.388482	 88.362138	 88.336385	 88.311217	 88.286625	 88.262603	 88.239144	  88.21624	 88.193887	 88.172075	 88.150799	 88.130053	 88.109828	 88.090119	  88.07092	 88.052223	 88.034023	 88.016313	 87.999087	 87.982339	 87.966063	 87.950253	 87.934903	 87.920007	  87.90556	 87.891556	  87.87799	 87.864856	  87.85215	 87.839866	 87.827999	 87.816545	 87.805498	 87.794854	 87.784609	 87.774758	 87.765297	 87.756222	 87.747529	 87.739214	 87.731274	 87.723705	 87.716503	 87.709665	 87.703189	 87.697072	 87.691309	   87.6859	  87.68084	 87.676129	 87.671764	 87.667742	 87.664062	 87.660723	 87.657721	 87.655057	 87.652729	 87.650735	 87.649075	 87.647748	 87.646753	 87.646091	 87.645759	
        99	 98.876915	 98.753848	  98.63082	 98.507848	 98.384952	 98.262151	 98.139463	 98.016907	 97.894502	 97.772267	  97.65022	  97.52838	 97.406764	 97.285392	 97.164281	 97.043449	 96.922915	 96.802696	  96.68281	 96.563275	 96.444107	 96.325323	 96.206942	 96.088979	 95.971452	 95.854376	 95.737768	 95.621644	  95.50602	 95.390911	 95.276333	   95.1623	 95.048829	 94.935933	 94.823626	 94.711923	 94.600838	 94.490385	 94.380576	 94.271425	 94.162944	 94.055147	 93.948045	  93.84165	 93.735974	 93.631028	 93.526823	  93.42337	  93.32068	 93.218762	 93.117626	 93.017282	 92.917739	 92.819006	 92.721091	 92.624002	 92.527748	 92.432336	 92.337773	 92.244067	 92.151223	 92.059248	 91.968149	  91.87793	 91.788597	 91.700155	 91.612608	 91.525962	  91.44022	 91.355386	 91.271463	 91.188454	 91.106363	 91.025191	 90.944941	 90.865615	 90.787214	 90.709739	 90.633192	 90.557574	 90.482884	 90.409123	 90.336291	 90.264387	 90.193411	 90.123361	 90.054237	 89.986037	 89.918759	 89.852401	 89.786961	 89.722437	 89.658826	 89.596124	  89.53433	 89.473439	 89.413447	 89.354352	 89.296149	 89.238833	 89.182401	 89.126848	 89.072169	 89.018359	 88.965413	 88.913326	 88.862092	 88.811706	 88.762162	 88.713454	 88.665576	 88.618522	 88.572286	 88.526861	 88.482241	 88.438419	 88.395389	 88.353143	 88.311675	 88.270978	 88.231044	 88.191867	  88.15344	 88.115755	 88.078804	 88.042581	 88.007079	 87.972288	 87.938203	 87.904816	 87.872119	 87.840104	 87.808765	 87.778093	 87.748081	 87.718721	 87.690006	 87.661929	 87.634481	 87.607656	 87.581445	 87.555842	 87.530838	 87.506428	 87.482603	 87.459355	 87.436679	 87.414567	 87.393011	 87.372005	 87.351542	 87.331615	 87.312216	 87.293341	 87.274981	  87.25713	 87.239783	 87.222932	 87.206572	 87.190695	 87.175297	 87.160372	 87.145913	 87.131915	 87.118372	  87.10528	 87.092632	 87.080423	 87.068649	 87.057305	 87.046385	 87.035886	 87.025802	  87.01613	 87.006865	 86.998003	  86.98954	 86.981472	 86.973796	 86.966509	 86.959606	 86.953086	 86.946944	 86.941179	 86.935786	 86.930765	 86.926112	 86.921826	 86.917904	 86.914344	 86.911146	 86.908306	 86.905824	 86.903699	  86.90193	 86.900516	 86.899456	 86.898749	 86.898396	
        99	 98.869332	 98.738684	 98.608076	 98.477529	 98.347062	 98.216695	 98.086449	 97.956343	 97.826398	 97.696632	 97.567066	  97.43772	 97.308612	 97.179763	 97.051191	 96.922915	 96.794956	 96.667331	 96.540059	 96.413159	  96.28665	 96.160549	 96.034875	 95.909645	 95.784877	 95.660589	 95.536797	 95.413519	 95.290772	 95.168572	 95.046935	 94.925878	 94.805415	 94.685564	 94.566339	 94.447755	 94.329826	 94.212568	 94.095995	 93.980119	 93.864956	 93.750518	 93.636817	 93.523868	 93.411682	  93.30027	 93.189646	  93.07982	 92.970803	 92.862606	  92.75524	 92.648715	 92.543039	 92.438223	 92.334276	 92.231207	 92.129023	 92.027733	 91.927344	 91.827865	 91.729302	 91.631661	 91.534949	 91.439172	 91.344336	 91.250445	 91.157505	 91.065521	 90.974497	 90.884437	 90.795344	 90.707221	 90.620072	   90.5339	 90.448706	 90.364493	 90.281262	 90.199015	 90.117752	 90.037475	 89.958184	 89.879879	  89.80256	 89.726226	 89.650878	 89.576512	  89.50313	 89.430728	 89.359305	  89.28886	 89.219388	 89.150889	 89.083359	 89.016795	 88.951194	 88.886551	 88.822864	 88.760128	 88.698339	 88.637493	 88.577585	 88.518609	 88.460561	 88.403436	 88.347229	 88.291933	 88.237543	 88.184053	 88.131456	 88.079748	  88.02892	 87.978968	 87.929883	  87.88166	 87.834291	 87.787769	 87.742088	 87.697239	 87.653217	 87.610012	 87.567619	 87.526028	 87.485234	 87.445227	    87.406	 87.367546	 87.329856	 87.292922	 87.256737	 87.221293	 87.186582	 87.152595	 87.119325	 87.086763	 87.054902	 87.023734	  86.99325	 86.963443	 86.934304	 86.905826	 86.878001	  86.85082	 86.824276	 86.798362	 86.773069	  86.74839	 86.724317	 86.700842	 86.677958	 86.655658	 86.633934	 86.612779	 86.592186	 86.572148	 86.552657	 86.533707	 86.515291	 86.497401	 86.480033	 86.463179	 86.446832	 86.430987	 86.415637	 86.400777	   86.3864	 86.372501	 86.359074	 86.346113	 86.333614	 86.321571	 86.309979	 86.298832	 86.288127	 86.277859	 86.268023	 86.258615	 86.249631	 86.241066	 86.232918	 86.225181	 86.217854	 86.210931	 86.204411	 86.198291	 86.192566	 86.187236	 86.182296	 86.177746	 86.173582	 86.169803	 86.166407	 86.163393	 86.160758	 86.158502	 86.156624	 86.155123	 86.153997	 86.153247	 86.152872	
