Time step 25:
        99	        99	        99	        99	        99	        99	        99	        99	        99	        99	        99	        99	        99	        99	        99	        99	        99	        99	        99	        99	        99	        99	        99	        99	        99	        99	        99	        99	        99	        99	        99	        99	        99	        99	        99	        99	        99	        99	        99	        99	        99	        99	        99	        99	        99	        99	        99	        99	        99	        99	        99	        99	        99	        99	        99	        99	        99	        99	        99	        99	        99	        99	        99	        99	        99	        99	        99	        99	        99	        99	        99	        99	        99	        99	        99	        99	        99	        99	        99	        99	        99	        99	        99	        99	        99	        99	        99	        99	        99	        99	        99	        99	        99	        99	        99	        99	        99	        99	        99	        99	        99	        99	        99	        99	        99	        99	        99	        99	        99	        99	        99	        99	        99	        99	        99	        99	        99	        99	        99	        99	        99	        99	        99	        99	        99	        99	        99	        99	        99	        99	        99	        99	        99	        99	        99	        99	        99	        99	        99	        99	        99	        99	        99	        99	        99	        99	        99	        99	        99	        99	        99	        99	        99	        99	        99	        99	        99	        99	        99	        99	        99	        99	        99	        99	        99	        99	        99	        99	        99	        99	        99	        99	        99	        99	        99	        99	        99	        99	        99	        99	        99	        99	        99	        99	        99	        99	        99	        99	        99	        99	        99	        99	        99	        99	        99	        99	        99	        99	        99	        99	
        99	 98.974605	 98.949224	 98.923867	  98.89855	 98.873283	  98.84808	 98.822953	 98.797915	 98.772978	 98.748154	 98.723455	 98.698893	  98.67448	 98.650226	 98.626143	 98.602241	 98.578532	 98.555026	 98.531733	 98.508662	 98.485822	 98.463224	 98.440876	 98.418785	 98.396961	  98.37541	 98.354141	 98.333159	 98.312473	 98.292087	 98.272007	  98.25224	 98.232789	  98.21366	 98.194856	 98.176382	 98.158241	 98.140436	 98.122969	 98.105843	 98.089059	 98.072619	 98.056524	 98.040775	 98.025372	 98.010315	 97.995604	 97.981238	 97.967216	 97.953536	 97.940198	 97.927199	 97.914537	 97.902209	 97.890213	 97.878545	 97.867203	 97.856183	  97.84548	 97.835092	 97.825014	 97.815242	  97.80577	 97.796596	 97.787713	 97.779117	 97.770803	 97.762765	 97.754999	 97.747498	 97.740258	 97.733273	 97.726538	 97.720046	 97.713792	 97.707771	 97.701976	 97.696403	 97.691044	 97.685896	 97.680951	 97.676204	 97.671649	 97.667282	 97.663096	 97.659086	 97.655246	 97.651571	 97.648056	 97.644696	 97.641485	 97.638417	  97.63549	 97.632696	 97.630032	 97.627493	 97.625074	  97.62277	 97.620578	 97.618492	 97.616509	 97.614625	 97.612836	 97.611137	 97.609525	 97.607996	 97.606547	 97.605174	 97.603874	 97.602643	 97.601479	 97.600379	 97.599338	 97.598356	 97.597429	 97.596553	 97.595728	  97.59495	 97.594217	 97.593527	 97.592877	 97.592266	 97.591691	 97.591151	 97.590644	 97.590167	  97.58972	 97.589301	 97.588908	  97.58854	 97.588195	 97.587872	  97.58757	 97.587288	 97.587024	 97.586777	 97.586547	 97.586333	 97.586132	 97.585945	 97.585771	 97.585609	 97.585459	 97.585318	 97.585188	 97.585066	 97.584954	 97.584849	 97.584752	 97.584662	 97.584578	 97.584501	 97.584429	 97.584363	 97.584302	 97.584245	 97.584193	 97.584144	 97.584099	 97.584058	  97.58402	 97.583985	 97.583953	 97.583923	 97.583895	  97.58387	 97.583847	 97.583826	 97.583806	 97.583788	 97.583772	 97.583756	 97.583743	  97.58373	 97.583718	 97.583708	 97.583698	 97.583689	 97.583681	 97.583674	 97.583667	 97.583661	 97.583656	 97.583651	 97.583646	 97.583642	 97.583639	 97.583635	 97.583632	  97.58363	 97.583628	 97.583626	 97.583624	 97.583623	 97.583621	 97.583621	  97.58362	 97.583619	 97.583619	
        99	 98.949224	 98.898473	 98.847773	 98.797151	  98.74663	 98.696237	 98.645996	 98.595933	 98.546071	 98.496436	  98.44705	 98.397939	 98.349124	 98.300628	 98.252474	 98.204684	 98.157278	 98.110277	 98.063702	 98.017571	 97.971904	 97.926719	 97.882033	 97.837864	 97.794226	 97.751136	 97.708608	 97.666656	 97.625293	 97.584531	 97.544382	 97.504857	 97.465966	 97.427717	 97.390119	 97.353181	 97.316907	 97.281306	 97.246381	 97.212137	 97.178577	 97.145706	 97.113525	 97.082034	 97.051236	  97.02113	 96.991715	  96.96299	 96.934953	 96.907601	 96.880931	  96.85494	 96.829622	 96.804972	 96.780986	 96.757657	 96.734978	 96.712943	 96.691544	 96.670773	 96.650621	 96.631082	 96.612144	 96.593799	 96.576038	  96.55885	 96.542226	 96.526155	 96.510626	 96.495629	 96.481153	 96.467186	 96.453719	 96.440738	 96.428234	 96.416195	 96.404608	 96.393464	  96.38275	 96.372455	 96.362567	 96.353076	  96.34397	 96.335237	 96.326867	 96.318849	 96.311171	 96.303824	 96.296795	 96.290076	 96.283655	 96.277522	 96.271668	 96.266083	 96.260756	 96.255678	 96.250841	 96.246235	 96.241852	 96.237682	 96.233717	  96.22995	 96.226372	 96.222975	 96.219751	 96.216694	 96.213797	 96.211052	 96.208452	 96.205992	 96.203664	 96.201464	 96.199384	  96.19742	 96.195565	 96.193816	 96.192165	  96.19061	 96.189144	 96.187764	 96.186464	 96.185242	 96.184093	 96.183013	 96.181999	 96.181046	 96.180153	 96.179314	 96.178529	 96.177792	 96.177103	 96.176457	 96.175854	 96.175289	 96.174761	 96.174269	 96.173808	 96.173379	 96.172978	 96.172605	 96.172257	 96.171933	 96.171631	 96.171351	  96.17109	 96.170847	 96.170622	 96.170413	 96.170219	 96.170039	 96.169872	 96.169717	 96.169574	 96.169441	 96.169318	 96.169205	   96.1691	 96.169003	 96.168914	 96.168831	 96.168755	 96.168685	  96.16862	 96.168561	 96.168506	 96.168455	 96.168409	 96.168366	 96.168327	 96.168291	 96.168258	 96.168228	   96.1682	 96.168175	 96.168152	 96.168131	 96.168111	 96.168094	 96.168078	 96.168063	  96.16805	 96.168037	 96.168027	 96.168017	 96.168008	    96.168	 96.167992	 96.167986	  96.16798	 96.167975	  96.16797	 96.167967	 96.167963	  96.16796	 96.167958	 96.167956	 96.167955	 96.167954	 96.167954	
        99	 98.923867	 98.847773	 98.771756	 98.695854	 98.620105	 98.544547	 98.469217	 98.394154	 98.319393	 98.244971	 98.170924	 98.097288	 98.024096	 97.951383	 97.879183	 97.807527	 97.736448	 97.665977	 97.596143	 97.526977	 97.458505	 97.390756	 97.323755	 97.257529	   97.1921	 97.127492	 97.063726	 97.000825	 96.938806	 96.877689	 96.817492	 96.758229	 96.699916	 96.642567	 96.586195	  96.53081	 96.476423	 96.423043	 96.370677	 96.319333	 96.269015	 96.219729	 96.171477	 96.124262	 96.078084	 96.032943	 95.988839	  95.94577	 95.903732	 95.862722	 95.822734	 95.783763	 95.745802	 95.708843	 95.672879	   95.6379	 95.603896	 95.570857	 95.538772	 95.507628	 95.477414	 95.448117	 95.419723	 95.392217	 95.365587	 95.339816	  95.31489	 95.290793	  95.26751	 95.245024	 95.223318	 95.202378	 95.182185	 95.162722	 95.143974	 95.125922	  95.10855	  95.09184	 95.075776	  95.06034	 95.045515	 95.031284	  95.01763	 95.004537	 94.991987	 94.979965	 94.968453	 94.957437	 94.946899	 94.936824	 94.927196	 94.918001	 94.909224	 94.900849	 94.892862	 94.885249	 94.877996	 94.871091	 94.864518	 94.858266	 94.852321	 94.846673	 94.841307	 94.836214	 94.831381	 94.826798	 94.822453	 94.818337	  94.81444	 94.810751	 94.807261	 94.803961	 94.800843	 94.797898	 94.795118	 94.792494	 94.790019	 94.787687	 94.785489	  94.78342	 94.781472	 94.779639	 94.777916	 94.776297	 94.774776	 94.773348	 94.772008	 94.770751	 94.769573	 94.768469	 94.767435	 94.766468	 94.765562	 94.764716	 94.763925	 94.763186	 94.762496	 94.761852	 94.761251	 94.760691	  94.76017	 94.759684	 94.759232	 94.758811	 94.758419	 94.758056	 94.757718	 94.757404	 94.757113	 94.756843	 94.756593	 94.756361	 94.756146	 94.755947	 94.755763	 94.755593	 94.755436	 94.755291	 94.755157	 94.755033	 94.754919	 94.754814	 94.754717	 94.754627	 94.754545	 94.754469	   94.7544	 94.754336	 94.754277	 94.754223	 94.754174	 94.754129	 94.754087	 94.754049	 94.754015	 94.753983	 94.753954	 94.753927	 94.753903	 94.753881	 94.753861	 94.753843	 94.753827	 94.753812	 94.753798	 94.753786	 94.753775	 94.753766	 94.753757	 94.753749	 94.753743	 94.753737	 94.753732	 94.753727	 94.753724	 94.753721	 94.753719	 94.753718	 94.753717	
        99	  98.89855	 98.797151	 98.695854	  98.59471	 98.493771	 98.393087	 98.292707	 98.192681	 98.093058	 97.993888	 97.895216	 97.797092	  97.69956	 97.602667	 97.506456	 97.410972	 97.316256	 97.222349	 97.129293	 97.037125	 96.945883	 96.855604	 96.766323	 96.678072	 96.590885	 96.504792	 96.419821	 96.336002	 96.253359	 96.171918	 96.091702	 96.012731	 95.935027	 95.858607	 95.783487	 95.709684	 95.637211	 95.566079	   95.4963	 95.427881	  95.36083	 95.295154	 95.230856	 95.167939	 95.106404	 95.046253	 94.987482	  94.93009	 94.874073	 94.819425	 94.766139	 94.714208	 94.663623	 94.614374	  94.56645	 94.519839	 94.474527	 94.430501	 94.387746	 94.346245	 94.305984	 94.266943	 94.229106	 94.192454	 94.156968	 94.122627	 94.089412	 94.057302	 94.026275	 93.996312	 93.967388	 93.939484	 93.912576	 93.886641	 93.861658	 93.837603	 93.814454	 93.792187	 93.770781	 93.750212	 93.730456	 93.711493	 93.693299	 93.675851	 93.659128	 93.643108	 93.627768	 93.613088	 93.599046	  93.58562	 93.572791	 93.560539	 93.548842	 93.537682	 93.527039	 93.516895	  93.50723	 93.498028	 93.489269	 93.480938	 93.473017	  93.46549	  93.45834	 93.451553	 93.445113	 93.439005	 93.433216	 93.427731	 93.422537	 93.417622	 93.412972	 93.408575	  93.40442	 93.400495	  93.39679	 93.393294	 93.389996	 93.386888	  93.38396	 93.381202	 93.378606	 93.376164	 93.373868	 93.371711	 93.369684	 93.367781	 93.365995	  93.36432	 93.362751	 93.361279	 93.359902	 93.358612	 93.357406	 93.356278	 93.355224	 93.354239	  93.35332	 93.352462	 93.351661	 93.350915	  93.35022	 93.349573	  93.34897	 93.348409	 93.347888	 93.347403	 93.346953	 93.346535	 93.346147	 93.345788	 93.345454	 93.345145	 93.344859	 93.344594	 93.344349	 93.344122	 93.343912	 93.343719	  93.34354	 93.343375	 93.343223	 93.343083	 93.342954	 93.342835	 93.342725	 93.342624	 93.342532	 93.342447	 93.342368	 93.342297	 93.342231	  93.34217	 93.342115	 93.342065	 93.342018	 93.341976	 93.341937	 93.341902	  93.34187	  93.34184	 93.341814	  93.34179	 93.341768	 93.341748	  93.34173	 93.341714	 93.341699	 93.341686	 93.341675	 93.341665	 93.341656	 93.341648	 93.341641	 93.341636	 93.341631	 93.341627	 93.341625	 93.341623	 93.341622	
        99	 98.873283	  98.74663	 98.620105	 98.493771	 98.367693	 98.241932	 98.116552	 97.991614	  97.86718	 97.743311	 97.620065	 97.497502	  97.37568	 97.254655	 97.134482	 97.015217	 96.896911	 96.779617	 96.663385	 96.548262	 96.434296	 96.321532	 96.210015	 96.099785	 95.990884	 95.883348	 95.777216	  95.67252	 95.569295	 95.467571	 95.367376	 95.268738	 95.171681	 95.076228	   94.9824	 94.890216	 94.799693	 94.710845	 94.623687	 94.538228	 94.454478	 94.372445	 94.292133	 94.213546	 94.136686	 94.061554	 93.988146	  93.91646	 93.846492	 93.778233	 93.711676	 93.646812	 93.583628	 93.522113	 93.462254	 93.404033	 93.347437	 93.292446	 93.239042	 93.187206	 93.136917	 93.088154	 93.040893	 92.995112	 92.950788	 92.907894	 92.866407	   92.8263	 92.787546	  92.75012	 92.713993	 92.679139	 92.645529	 92.613135	  92.58193	 92.551884	 92.522969	 92.495157	  92.46842	 92.442727	 92.418052	 92.394366	  92.37164	 92.349847	  92.32896	 92.308949	 92.289789	 92.271453	 92.253913	 92.237144	  92.22112	 92.205815	 92.191206	 92.177266	 92.163973	 92.151302	  92.13923	 92.127736	 92.116796	  92.10639	 92.096496	 92.087094	 92.078164	 92.069686	 92.061642	 92.054014	 92.046783	 92.039932	 92.033444	 92.027304	 92.021496	 92.016004	 92.010814	 92.005912	 92.001284	 91.996917	 91.992799	 91.988917	 91.985259	 91.981814	 91.978572	 91.975522	 91.972654	 91.969959	 91.967427	 91.965051	  91.96282	 91.960728	 91.958767	  91.95693	 91.955209	 91.953599	 91.952092	 91.950683	 91.949366	 91.948136	 91.946988	 91.945916	 91.944916	 91.943984	 91.943116	 91.942307	 91.941555	 91.940854	 91.940203	 91.939598	 91.939036	 91.938514	 91.938029	  91.93758	 91.937163	 91.936777	  91.93642	 91.936089	 91.935782	 91.935499	 91.935238	 91.934996	 91.934773	 91.934567	 91.934377	 91.934201	  91.93404	 91.933891	 91.933754	 91.933629	 91.933513	 91.933407	 91.933309	 91.933219	 91.933137	 91.933062	 91.932993	 91.932929	 91.932872	 91.932819	  91.93277	 91.932726	 91.932686	  91.93265	 91.932616	 91.932586	 91.932559	 91.932534	 91.932511	 91.932491	 91.932473	 91.932457	 91.932443	  91.93243	 91.932419	 91.932409	 91.932401	 91.932394	 91.932388	 91.932383	  91.93238	 91.932378	 91.932377	
        99	  98.84808	 98.696237	 98.544547	 98.393087	 98.241932	 98.091159	 97.940841	 97.791055	 97.641872	 97.493366	 97.345607	 97.198668	 97.052616	  96.90752	 96.763447	  96.62046	 96.478625	 96.338002	 96.198651	 96.060631	 95.923999	 95.788808	  95.65511	 95.522957	 95.392395	 95.263472	 95.136231	 95.010713	 94.886957	    94.765	 94.644878	 94.526621	  94.41026	 94.295822	 94.183333	 94.072814	 93.964287	 93.857768	 93.753275	 93.650819	 93.550412	 93.452062	 93.355777	  93.26156	 93.169414	 93.079338	  92.99133	 92.905387	 92.821502	 92.739667	 92.659873	 92.582107	 92.506357	 92.432608	 92.360842	 92.291042	 92.223189	 92.157261	 92.093236	  92.03109	 91.970799	 91.912337	 91.855676	 91.800791	  91.74765	 91.696225	 91.646486	 91.598402	 91.551941	 91.507071	 91.463759	 91.421972	 91.381678	 91.342841	 91.305429	 91.269408	 91.234742	 91.201399	 91.169343	 91.138541	 91.108958	  91.08056	 91.053315	 91.027188	 91.002145	 90.978155	 90.955184	 90.933201	 90.912172	 90.892068	 90.872857	 90.854509	 90.836993	 90.820281	 90.804344	 90.789153	  90.77468	   90.7609	 90.747784	 90.735309	 90.723447	 90.712175	 90.701469	 90.691305	 90.681661	 90.672515	 90.663846	 90.655632	 90.647855	 90.640494	  90.63353	 90.626946	 90.620724	 90.614847	 90.609298	 90.604063	 90.599125	 90.594471	 90.590085	 90.585956	 90.582069	 90.578412	 90.574974	 90.571743	 90.568708	 90.565858	 90.563184	 90.560676	 90.558325	 90.556122	 90.554059	 90.552128	 90.550322	 90.548633	 90.547054	 90.545579	 90.544203	 90.542918	 90.541719	 90.540602	 90.539561	 90.538591	 90.537689	 90.536849	 90.536069	 90.535343	 90.534669	 90.534043	 90.533462	 90.532923	 90.532424	 90.531961	 90.531533	 90.531136	 90.530769	 90.530429	 90.530115	 90.529826	 90.529558	 90.529311	 90.529083	 90.528873	  90.52868	 90.528501	 90.528337	 90.528186	 90.528048	  90.52792	 90.527803	 90.527696	 90.527597	 90.527507	 90.527424	 90.527348	 90.527279	 90.527215	 90.527157	 90.527105	 90.527056	 90.527013	 90.526973	 90.526936	 90.526904	 90.526874	 90.526847	 90.526823	 90.526801	 90.526782	 90.526765	 90.526749	 90.526736	 90.526724	 90.526714	 90.526706	 90.526699	 90.526694	  90.52669	 90.526687	 90.526686	
        99	 98.822953	 98.645996	 98.469217	 98.292707	 98.116552	 97.940841	 97.765662	 97.591102	 97.417245	 97.244177	  97.07198	 96.900738	  96.73053	 96.561436	 96.393533	 96.226898	 96.061604	 95.897722	 95.735324	 95.574477	 95.415246	 95.257695	 95.101884	 94.947874	 94.795718	 94.645472	 94.497185	 94.350907	 94.206683	 94.064556	 93.924565	  93.78675	 93.651143	 93.517778	 93.386684	 93.257886	 93.131408	 93.007272	 92.885496	 92.766095	 92.649081	 92.534465	 92.422255	 92.312455	 92.205068	 92.100094	  91.99753	 91.897372	 91.799613	 91.704243	 91.611251	 91.520624	 91.432345	 91.346398	 91.262763	 91.181419	 91.102343	 91.025511	 90.950896	 90.878472	 90.808209	 90.740077	 90.674046	 90.610082	 90.548153	 90.488223	 90.430257	  90.37422	 90.320074	 90.267783	 90.217307	  90.16861	  90.12165	 90.076391	 90.032791	 89.990812	 89.950413	 89.911554	 89.874197	   89.8383	 89.803824	  89.77073	 89.738978	  89.70853	 89.679346	 89.651388	 89.624618	 89.598998	 89.574492	 89.551063	 89.528674	 89.507291	 89.486879	 89.467402	 89.448829	 89.431125	 89.414259	   89.3982	 89.382915	 89.368376	 89.354552	 89.341416	 89.328939	 89.317094	 89.305855	 89.295197	 89.285093	 89.275522	 89.266458	 89.257879	 89.249764	 89.242091	 89.234839	  89.22799	 89.221524	 89.215423	 89.209668	 89.204244	 89.199133	 89.194321	 89.189791	 89.185529	 89.181523	 89.177757	  89.17422	 89.170899	 89.167783	  89.16486	  89.16212	 89.159553	 89.157149	 89.154899	 89.152793	 89.150825	 89.148985	 89.147266	 89.145662	 89.144164	 89.142768	 89.141466	 89.140253	 89.139123	 89.138071	 89.137093	 89.136183	 89.135337	 89.134551	 89.133822	 89.133145	 89.132517	 89.131935	 89.131396	 89.130896	 89.130434	 89.130006	  89.12961	 89.129245	 89.128907	 89.128595	 89.128307	 89.128042	 89.127797	 89.127571	 89.127364	 89.127173	 89.126997	 89.126835	 89.126687	  89.12655	 89.126425	  89.12631	 89.126205	 89.126108	  89.12602	 89.125939	 89.125865	 89.125798	 89.125736	  89.12568	 89.125629	 89.125582	  89.12554	 89.125502	 89.125467	 89.125436	 89.125408	 89.125382	  89.12536	  89.12534	 89.125322	 89.125306	 89.125293	 89.125281	 89.125271	 89.125263	 89.125257	 89.125252	 89.125249	 89.125248	
        99	 98.797915	 98.595933	 98.394154	 98.192681	 97.991614	 97.791055	 97.591102	 97.391855	 97.193411	 96.995867	 96.799319	 96.603859	  96.40958	 96.216573	 96.024926	 95.834724	 95.646054	 95.458997	 95.273632	 95.090037	 94.908288	 94.728456	 94.550611	  94.37482	 94.201147	 94.029652	 93.860395	  93.69343	  93.52881	 93.366583	 93.206795	 93.049489	 92.894705	  92.74248	 92.592846	 92.445833	 92.301469	 92.159778	  92.02078	 91.884493	 91.750931	 91.620106	 91.492027	 91.366699	 91.244125	 91.124306	 91.007238	 90.892915	 90.781331	 90.672474	 90.566331	 90.462887	 90.362124	 90.264022	 90.168559	 90.075711	 89.985452	 89.897754	 89.812588	 89.729921	 89.649722	 89.571955	 89.496586	 89.423576	 89.352888	 89.284483	  89.21832	 89.154358	 89.092555	 89.032869	 88.975255	  88.91967	  88.86607	  88.81441	 88.764644	 88.716728	 88.670616	 88.626262	 88.583621	 88.542648	 88.503297	 88.465522	  88.42928	 88.394526	 88.361214	 88.329302	 88.298747	 88.269504	 88.241532	 88.214789	 88.189235	 88.164828	 88.141528	 88.119298	 88.098098	 88.077891	  88.05864	 88.040308	 88.022862	 88.006267	 87.990488	 87.975494	 87.961253	 87.947733	 87.934905	 87.922739	 87.911207	 87.900281	 87.889935	 87.880143	 87.870881	 87.862122	 87.853846	 87.846028	 87.838647	 87.831683	 87.825115	 87.818924	  87.81309	 87.807597	 87.802426	 87.797562	 87.792989	 87.788691	 87.784653	 87.780863	 87.777306	  87.77397	 87.770842	 87.767912	 87.765168	   87.7626	 87.760197	  87.75795	  87.75585	 87.753888	 87.752057	 87.750348	 87.748753	 87.747267	 87.745882	 87.744593	 87.743392	 87.742276	 87.741237	 87.740272	 87.739375	 87.738543	  87.73777	 87.737053	 87.736389	 87.735773	 87.735203	 87.734675	 87.734187	 87.733735	 87.733318	 87.732932	 87.732576	 87.732248	 87.731945	 87.731665	 87.731408	 87.731171	 87.730953	 87.730752	 87.730567	 87.730398	 87.730242	 87.730099	 87.729968	 87.729848	 87.729738	 87.729637	 87.729545	  87.72946	 87.729383	 87.729313	 87.729249	 87.729191	 87.729138	 87.729089	 87.729046	 87.729006	  87.72897	 87.728938	 87.728909	 87.728884	 87.728861	  87.72884	 87.728823	 87.728807	 87.728794	 87.728783	 87.728773	 87.728766	 87.728761	 87.728757	 87.728756	
        99	 98.772978	 98.546071	 98.319393	 98.093058	  97.86718	 97.641872	 97.417245	 97.193411	  96.97048	 96.748559	 96.527757	 96.308177	 96.089925	 95.873101	 95.657804	 95.444132	  95.23218	  95.02204	 94.813801	 94.607552	 94.403374	 94.201351	  94.00156	 93.804077	 93.608972	 93.416316	 93.226172	 93.038604	  92.85367	 92.671424	 92.491918	 92.315202	 92.141317	 91.970307	 91.802208	 91.637055	 91.474877	 91.315701	  91.15955	 91.006445	 90.856402	 90.709434	  90.56555	 90.424757	 90.287058	 90.152452	 90.020938	 89.892509	 89.767155	 89.644865	 89.525624	 89.409415	 89.296218	  89.18601	 89.078768	 88.974462	 88.873065	 88.774546	  88.67887	 88.586002	 88.495906	 88.408543	 88.323873	 88.241854	 88.162443	 88.085597	  88.01127	 87.939415	 87.869986	 87.802934	  87.73821	 87.675767	 87.615552	 87.557517	  87.50161	 87.447781	 87.395979	 87.346152	  87.29825	  87.25222	 87.208013	 87.165578	 87.124863	  87.08582	 87.048398	 87.012548	 86.978222	 86.945371	 86.913947	 86.883904	 86.855196	 86.827777	 86.801603	 86.776629	 86.752813	 86.730112	 86.708486	 86.687893	 86.668294	  86.64965	 86.631925	  86.61508	 86.599082	 86.583893	 86.569482	 86.555815	  86.54286	 86.530586	 86.518964	 86.507963	 86.497558	 86.487719	 86.478421	 86.469638	 86.461347	 86.453523	 86.446145	 86.439189	 86.432636	 86.426465	 86.420656	 86.415192	 86.410054	 86.405226	  86.40069	 86.396432	 86.392436	 86.388688	 86.385175	 86.381883	   86.3788	 86.375915	 86.373215	 86.370691	 86.368332	 86.366128	 86.364071	 86.362151	  86.36036	  86.35869	 86.357135	 86.355686	 86.354338	 86.353083	 86.351916	 86.350832	 86.349824	 86.348889	 86.348021	 86.347216	  86.34647	 86.345778	 86.345137	 86.344545	 86.343996	 86.343489	  86.34302	 86.342587	 86.342187	 86.341818	 86.341477	 86.341163	 86.340874	 86.340608	 86.340363	 86.340137	  86.33993	 86.339739	 86.339564	 86.339404	 86.339257	 86.339122	 86.338998	 86.338885	 86.338781	 86.338686	   86.3386	 86.338521	 86.338449	 86.338383	 86.338324	 86.338269	  86.33822	 86.338176	 86.338136	   86.3381	 86.338067	 86.338038	 86.338013	  86.33799	  86.33797	 86.337952	 86.337937	 86.337925	 86.337915	 86.337906	   86.3379	 86.337896	 86.337894	
        99	 98.748154	 98.496436	 98.244971	 97.993888	 97.743311	 97.493366	 97.244177	 96.995867	 96.748559	 96.502373	 96.257426	 96.013837	 95.771719	 95.531186	 95.292347	 95.055312	 94.820183	 94.587065	 94.356056	 94.127254	 93.900751	 93.676637	    93.455	 93.235922	 93.019484	 92.805761	 92.594826	 92.386748	 92.181591	 91.979418	 91.780284	 91.584244	 91.391346	 91.201637	 91.015157	 90.831944	 90.652033	 90.475451	 90.302227	  90.13238	  89.96593	 89.802892	 89.643274	 89.487086	  89.33433	 89.185006	 89.039111	 88.896639	 88.757578	 88.621916	 88.489637	 88.360721	 88.235146	 88.112888	 87.993918	 87.878207	 87.765723	 87.656431	 87.550293	 87.447271	 87.347323	 87.250407	 87.156479	 87.065491	 86.977397	 86.892148	 86.809693	 86.729982	  86.65296	 86.578577	 86.506776	 86.437504	 86.370706	 86.306325	 86.244305	  86.18459	 86.127123	 86.071848	 86.018707	 85.967645	 85.918604	 85.871528	 85.826362	 85.783049	 85.741535	 85.701766	 85.663686	 85.627242	 85.592383	 85.559055	 85.527208	 85.496791	 85.467754	  85.44005	  85.41363	 85.388447	 85.364455	  85.34161	 85.319868	 85.299186	 85.279522	 85.260836	 85.243088	 85.226239	 85.210252	  85.19509	 85.180719	 85.167103	  85.15421	 85.142006	 85.130463	 85.119548	 85.109233	  85.09949	 85.090293	 85.081613	 85.073428	 85.065712	 85.058442	 85.051596	 85.045153	 85.039091	 85.033391	 85.028035	 85.023003	 85.018279	 85.013846	 85.009689	 85.005791	  85.00214	  84.99872	 84.995519	 84.992524	 84.989724	 84.987107	 84.984662	  84.98238	  84.98025	 84.978263	 84.976411	 84.974685	 84.973078	 84.971582	  84.97019	 84.968896	 84.967693	 84.966576	 84.965538	 84.964575	 84.963682	 84.962854	 84.962087	 84.961376	 84.960718	  84.96011	 84.959547	 84.959027	 84.958546	 84.958103	 84.957693	 84.957316	 84.956967	 84.956647	 84.956351	 84.956079	 84.955829	 84.955599	 84.955388	 84.955194	 84.955016	 84.954852	 84.954702	 84.954565	 84.954439	 84.954325	 84.954219	 84.954123	 84.954036	 84.953956	 84.953883	 84.953817	 84.953757	 84.953703	 84.953653	 84.953609	 84.953569	 84.953533	 84.953501	 84.953472	 84.953447	 84.953425	 84.953405	 84.953389	 84.953375	 84.953363	 84.953354	 84.953348	 84.953343	 84.953341	
        99	 98.723455	  98.44705	 98.170924	 97.895216	 97.620065	 97.345607	  97.07198	 96.799319	 96.527757	 96.257426	 95.988457	 95.720979	 95.455116	 95.190994	 94.928732	 94.668449	 94.410262	 94.154281	 93.900617	 93.649376	 93.400659	 93.154566	 92.911192	 92.670629	 92.432965	 92.198282	  91.96666	 91.738175	 91.512899	 91.290898	 91.072235	 90.856969	 90.645153	 90.436839	  90.23207	  90.03089	 89.833334	 89.639435	 89.449222	 89.262718	 89.079944	 88.900916	 88.725645	 88.554139	 88.386402	 88.222434	 88.062231	 87.905786	 87.753087	  87.60412	 87.458868	 87.317309	 87.179419	 87.045171	 86.914534	 86.787475	  86.66396	 86.543948	 86.427401	 86.314276	 86.204526	 86.098105	 85.994965	 85.895055	 85.798321	 85.704712	  85.61417	 85.526641	 85.442066	 85.360388	 85.281546	  85.20548	  85.13213	 85.061435	 84.993333	 84.927762	 84.864659	 84.803963	 84.745611	 84.689541	  84.63569	 84.583998	 84.534402	 84.486842	 84.441256	 84.397586	 84.355772	 84.315754	 84.277476	  84.24088	 84.205909	 84.172509	 84.140625	 84.110204	 84.081192	  84.05354	 84.027195	  84.00211	 83.978236	 83.955525	 83.933933	 83.913414	 83.893926	 83.875424	 83.857869	 83.841221	  83.82544	 83.810488	 83.796331	 83.782931	 83.770255	  83.75827	 83.746943	 83.736245	 83.726145	 83.716615	 83.707627	 83.699154	 83.691171	 83.683654	 83.676578	 83.669922	 83.663663	 83.657782	 83.652257	 83.647069	 83.642202	 83.637637	 83.633357	 83.629347	 83.625592	 83.622077	 83.618789	 83.615714	  83.61284	 83.610156	 83.607649	  83.60531	 83.603129	 83.601095	   83.5992	 83.597435	 83.595793	 83.594264	 83.592843	 83.591522	 83.590295	 83.589156	 83.588099	 83.587118	 83.586209	 83.585366	 83.584586	 83.583864	 83.583195	 83.582577	 83.582006	 83.581479	 83.580991	 83.580542	 83.580127	 83.579745	 83.579393	 83.579068	  83.57877	 83.578495	 83.578242	  83.57801	 83.577797	 83.577602	 83.577422	 83.577258	 83.577107	 83.576969	 83.576843	 83.576727	 83.576622	 83.576526	 83.576438	 83.576358	 83.576286	  83.57622	  83.57616	 83.576106	 83.576057	 83.576013	 83.575973	 83.575938	 83.575907	 83.575879	 83.575854	 83.575833	 83.575815	   83.5758	 83.575787	 83.575777	  83.57577	 83.575765	 83.575763	
        99	 98.698893	 98.397939	 98.097288	 97.797092	 97.497502	 97.198668	 96.900738	 96.603859	 96.308177	 96.013837	 95.720979	 95.429743	 95.140268	 94.852686	 94.567131	 94.283731	 94.002611	 93.723895	 93.447701	 93.174145	 92.903338	 92.635388	 92.370398	 92.108469	 91.849695	 91.594168	 91.341974	 91.093196	 90.847911	 90.606192	 90.368108	 90.133722	 89.903094	 89.676277	 89.453322	 89.234273	 89.019171	  88.80805	 88.600943	 88.397874	 88.198867	 88.003938	   87.8131	 87.626361	 87.443726	 87.265194	 87.090762	 86.920422	 86.754161	 86.591963	  86.43381	 86.279678	 86.129541	 85.983369	 85.841129	 85.702786	   85.5683	 85.437629	 85.310731	 85.187558	  85.06806	 84.952188	 84.839887	 84.731102	 84.625777	 84.523854	 84.425271	 84.329967	 84.237881	 84.148947	 84.063103	 83.980281	 83.900417	 83.823443	 83.749292	 83.677897	  83.60919	 83.543103	 83.479568	 83.418517	 83.359884	 83.303601	   83.2496	 83.197815	 83.148181	 83.100632	 83.055104	 83.011532	 82.969854	 82.930008	 82.891931	 82.855565	 82.820849	 82.787725	 82.756137	 82.726028	 82.697344	 82.670031	 82.644036	 82.619309	 82.595799	 82.573457	 82.552238	 82.532093	 82.512979	 82.494852	 82.477669	  82.46139	 82.445975	 82.431385	 82.417583	 82.404533	 82.392201	 82.380552	 82.369555	 82.359179	 82.349392	 82.340167	 82.331475	  82.32329	 82.315586	 82.308339	 82.301524	  82.29512	 82.289104	 82.283456	 82.278156	 82.273186	 82.268526	  82.26416	 82.260071	 82.256244	 82.252664	 82.249316	 82.246187	 82.243264	 82.240535	 82.237989	 82.235613	 82.233399	 82.231336	 82.229414	 82.227625	 82.225961	 82.224414	 82.222976	  82.22164	 82.220399	 82.219248	  82.21818	  82.21719	 82.216273	 82.215423	 82.214637	 82.213909	 82.213236	 82.212614	  82.21204	 82.211509	  82.21102	 82.210568	 82.210152	 82.209769	 82.209415	  82.20909	 82.208791	 82.208516	 82.208264	 82.208031	 82.207818	 82.207623	 82.207444	  82.20728	  82.20713	 82.206992	 82.206867	 82.206752	 82.206647	 82.206552	 82.206465	 82.206386	 82.206314	 82.206249	  82.20619	 82.206137	 82.206089	 82.206046	 82.206007	 82.205973	 82.205943	 82.205916	 82.205893	 82.205873	 82.205857	 82.205843	 82.205832	 82.205824	 82.205819	 82.205816	
        99	  98.67448	 98.349124	 98.024096	  97.69956	  97.37568	 97.052616	  96.73053	  96.40958	 96.089925	 95.771719	 95.455116	 95.140268	 94.827321	 94.516423	 94.207715	 93.901336	 93.597424	 93.296109	 92.997522	 92.701786	 92.409021	 92.119346	 91.832871	 91.549705	 91.269949	 90.993704	 90.721063	 90.452114	 90.186941	 89.925624	 89.668236	 89.414846	 89.165519	 88.920312	 88.679279	  88.44247	 88.209927	 87.981689	 87.757789	 87.538256	 87.323113	 87.112379	 86.906068	 86.704188	 86.506745	 86.313738	 86.125164	 85.941012	 85.761271	 85.585922	 85.414946	 85.248317	 85.086007	 84.927983	 84.774211	  84.62465	  84.47926	 84.337995	 84.200808	 84.067647	 83.938461	 83.813194	 83.691788	 83.574183	 83.460318	  83.35013	 83.243554	 83.140524	 83.040971	 82.944827	 82.852022	 82.762486	 82.676146	 82.592931	 82.512768	 82.435584	 82.361306	  82.28986	 82.221174	 82.155174	 82.091787	  82.03094	  81.97256	 81.916577	 81.862919	 81.811515	 81.762295	 81.715191	 81.670133	 81.627056	 81.585892	 81.546577	 81.509047	 81.473237	 81.439088	 81.406538	 81.375528	    81.346	 81.317898	 81.291166	 81.265749	 81.241597	 81.218657	 81.196879	 81.176215	 81.156618	 81.138042	 81.120443	 81.103778	 81.088005	 81.073084	 81.058976	 81.045644	 81.033051	 81.021163	 81.009944	 80.999364	 80.989391	 80.979995	 80.971146	 80.962818	 80.954982	 80.947615	 80.940692	 80.934188	 80.928083	 80.922353	 80.916979	 80.911942	 80.907222	 80.902801	 80.898664	 80.894793	 80.891174	 80.887791	 80.884632	 80.881681	 80.878928	  80.87636	 80.873966	 80.871736	 80.869659	 80.867725	 80.865926	 80.864253	 80.862698	 80.861254	 80.859913	 80.858668	 80.857514	 80.856443	 80.855452	 80.854533	 80.853683	 80.852896	 80.852169	 80.851497	 80.850876	 80.850302	 80.849773	 80.849285	 80.848835	  80.84842	 80.848038	 80.847687	 80.847364	 80.847066	 80.846793	 80.846542	 80.846312	 80.846101	 80.845907	  80.84573	 80.845567	 80.845419	 80.845283	 80.845159	 80.845046	 80.844942	 80.844848	 80.844763	 80.844685	 80.844615	 80.844551	 80.844494	 80.844442	 80.844395	 80.844354	 80.844317	 80.844284	 80.844256	 80.844231	 80.844209	 80.844191	 80.844177	 80.844165	 80.844156	 80.844151	 80.844148	
        99	 98.650226	 98.300628	 97.951383	 97.602667	 97.254655	  96.90752	 96.561436	 96.216573	 95.873101	 95.531186	 95.190994	 94.852686	 94.516423	  94.18236	  93.85065	 93.521444	 93.194888	 92.871123	 92.550288	 92.232517	  91.91794	 91.606681	 91.298862	 90.994597	 90.693998	  90.39717	 90.104215	 89.815227	 89.530297	 89.249509	 88.972944	 88.700674	  88.43277	 88.169293	 87.910302	 87.655848	 87.405979	 87.160735	 86.920153	 86.684263	  86.45309	 86.226655	 86.004971	  85.78805	 85.575896	 85.368509	 85.165884	 84.968011	 84.774878	 84.586465	 84.402749	 84.223705	 84.049301	 83.879504	 83.714274	  83.55357	 83.397347	 83.245557	 83.098148	 82.955066	 82.816254	 82.681654	 82.551202	 82.424834	 82.302486	 82.184088	 82.069571	 81.958864	 81.851894	 81.748586	 81.648867	 81.552659	 81.459886	 81.370471	 81.284335	 81.201401	 81.121588	  81.04482	 80.971016	 80.900098	 80.831988	 80.766607	 80.703878	 80.643724	 80.586068	 80.530833	 80.477946	 80.427332	 80.378918	 80.332631	   80.2884	 80.246156	 80.205829	 80.167352	 80.130658	 80.095683	 80.062362	 80.030634	 80.000438	 79.971714	 79.944404	 79.918452	 79.893803	 79.870402	 79.848199	 79.827141	 79.807181	 79.788271	 79.770364	 79.753416	 79.737384	 79.722225	 79.707899	 79.694368	 79.681594	  79.66954	 79.658171	 79.647455	 79.637359	 79.627851	 79.618902	 79.610483	 79.602567	 79.595127	 79.588139	 79.581578	 79.575422	 79.569648	 79.564235	 79.559163	 79.554414	 79.549968	 79.545809	  79.54192	 79.538285	  79.53489	  79.53172	 79.528762	 79.526003	  79.52343	 79.521034	 79.518801	 79.516724	 79.514791	 79.512993	 79.511322	  79.50977	 79.508329	 79.506992	 79.505752	 79.504602	 79.503536	 79.502549	 79.501636	  79.50079	 79.500009	 79.499286	 79.498619	 79.498003	 79.497434	  79.49691	 79.496426	 79.495981	  79.49557	 79.495193	 79.494845	 79.494526	 79.494232	 79.493963	 79.493715	 79.493489	  79.49328	  79.49309	 79.492915	 79.492756	  79.49261	 79.492476	 79.492355	 79.492244	 79.492143	 79.492051	 79.491968	 79.491892	 79.491823	 79.491762	 79.491706	 79.491656	 79.491611	 79.491572	 79.491537	 79.491506	 79.491479	 79.491456	 79.491437	 79.491421	 79.491408	 79.491399	 79.491393	  79.49139	
        99	 98.626143	 98.252474	 97.879183	 97.506456	 97.134482	 96.763447	 96.393533	 96.024926	 95.657804	 95.292347	 94.928732	 94.567131	 94.207715	  93.85065	 93.496102	 93.144229	 92.795188	 92.449131	 92.106206	 91.766555	 91.430318	 91.097629	 90.768615	   90.4434	 90.122104	 89.804839	 89.491713	 89.182827	 88.878279	 88.578158	  88.28255	 87.991534	 87.705184	 87.423566	 87.146742	 86.874768	 86.607695	 86.345566	 86.088419	 85.836287	 85.589197	 85.347171	 85.110224	 84.878367	 84.651606	 84.429939	 84.213363	 84.001866	 83.795435	 83.594049	 83.397684	 83.206312	   83.0199	 82.838412	 82.661805	 82.490036	 82.323057	 82.160815	 82.003257	 81.850323	 81.701954	 81.558086	 81.418652	 81.283584	 81.152811	 81.026262	  80.90386	  80.78553	 80.671195	 80.560774	 80.454189	 80.351357	 80.252196	 80.156625	 80.064558	 79.975913	 79.890605	 79.808551	 79.729666	 79.653865	 79.581065	 79.511183	 79.444135	 79.379839	 79.318213	 79.259175	 79.202647	 79.148548	   79.0968	 79.047326	  79.00005	 78.954897	 78.911793	 78.870667	 78.831447	 78.794063	 78.758449	 78.724536	 78.692261	 78.661559	 78.632369	  78.60463	 78.578283	 78.553271	 78.529539	 78.507032	 78.485698	 78.465486	 78.446346	 78.428231	 78.411094	 78.394892	  78.37958	 78.365117	 78.351463	 78.338579	 78.326428	 78.314974	 78.304182	  78.29402	 78.284454	 78.275456	 78.266995	 78.259043	 78.251574	 78.244562	 78.237981	 78.231809	 78.226024	 78.220603	 78.215526	 78.210775	 78.206329	 78.202172	 78.198288	 78.194658	  78.19127	 78.188108	 78.185159	  78.18241	 78.179848	 78.177462	 78.175241	 78.173175	 78.171254	 78.169468	 78.167809	 78.166269	  78.16484	 78.163514	 78.162285	 78.161146	 78.160091	 78.159114	 78.158211	 78.157376	 78.156603	  78.15589	 78.155232	 78.154624	 78.154063	 78.153546	  78.15307	 78.152632	 78.152228	 78.151857	 78.151515	 78.151202	 78.150913	 78.150649	 78.150406	 78.150184	  78.14998	 78.149794	 78.149623	 78.149467	 78.149325	 78.149194	 78.149076	 78.148968	  78.14887	 78.148781	   78.1487	 78.148627	 78.148561	 78.148501	 78.148448	   78.1484	 78.148358	  78.14832	 78.148287	 78.148258	 78.148234	 78.148213	 78.148196	 78.148183	 78.148173	 78.148166	 78.148163	
        99	 98.602241	 98.204684	 97.807527	 97.410972	 97.015217	  96.62046	 96.226898	 95.834724	 95.444132	 95.055312	 94.668449	 94.283731	 93.901336	 93.521444	 93.144229	 92.769861	 92.398505	 92.030324	 91.665475	  91.30411	 90.946377	 90.592418	 90.242369	 89.896364	 89.554527	 89.216978	 88.883833	   88.5552	 88.231181	 87.911874	 87.597367	 87.287746	 86.983089	 86.683466	 86.388945	 86.099584	 85.815436	 85.536548	 85.262961	  84.99471	 84.731824	 84.474324	 84.222229	  83.97555	 83.734291	 83.498453	  83.26803	 83.043012	 82.823383	 82.609122	 82.400204	 82.196597	 81.998268	 81.805176	 81.617279	 81.434529	 81.256874	  81.08426	 80.916629	 80.753918	 80.596064	 80.442998	 80.294649	 80.150946	 80.011813	 79.877173	 79.746946	 79.621051	 79.499406	 79.381926	 79.268527	 79.159121	 79.053621	 78.951939	 78.853986	 78.759674	 78.668913	 78.581613	 78.497684	 78.417037	 78.339583	 78.265233	 78.193899	 78.125492	 78.059926	 77.997115	 77.936972	 77.879415	 77.824358	 77.771721	 77.721423	 77.673383	 77.627524	 77.583768	 77.542041	 77.502267	 77.464376	 77.428295	 77.393956	 77.361292	 77.330235	 77.300723	 77.272692	 77.246081	 77.220832	 77.196886	 77.174188	 77.152683	  77.13232	 77.113047	 77.094815	 77.077576	 77.061285	 77.045898	 77.031371	 77.017663	 77.004736	 76.992549	 76.981067	 76.970255	 76.960078	 76.950505	 76.941503	 76.933043	 76.925096	 76.917635	 76.910634	 76.904068	 76.897912	 76.892145	 76.886744	 76.881688	 76.876959	 76.872536	 76.868403	 76.864542	 76.860937	 76.857573	 76.854435	  76.85151	 76.848784	 76.846246	 76.843883	 76.841685	 76.839641	 76.837741	 76.835976	 76.834337	 76.832817	 76.831406	 76.830098	 76.828886	 76.827764	 76.826725	 76.825764	 76.824875	 76.824054	 76.823295	 76.822594	 76.821948	 76.821351	 76.820801	 76.820295	 76.819828	 76.819399	 76.819004	  76.81864	 76.818307	    76.818	 76.817719	 76.817461	 76.817224	 76.817007	 76.816809	 76.816627	 76.816461	  76.81631	 76.816171	 76.816045	  76.81593	 76.815826	 76.815731	 76.815645	 76.815567	 76.815497	 76.815434	 76.815377	 76.815326	 76.815281	 76.815241	 76.815206	 76.815175	 76.815149	 76.815127	 76.815109	 76.815095	 76.815084	 76.815077	 76.815074	
        99	 98.578532	 98.157278	 97.736448	 97.316256	 96.896911	 96.478625	 96.061604	 95.646054	  95.23218	 94.820183	 94.410262	 94.002611	 93.597424	 93.194888	 92.795188	 92.398505	 92.005014	 91.614887	 91.228291	 90.845387	  90.46633	 90.091273	 89.720359	  89.35373	 88.991517	 88.633848	 88.280846	 87.932624	 87.589292	 87.250951	 86.917698	 86.589622	 86.266805	 85.949323	 85.637247	 85.330638	 85.029553	 84.734041	 84.444147	 84.159907	 83.881351	 83.608503	 83.341381	 83.079998	 82.824358	 82.574463	 82.330306	 82.091875	 81.859155	 81.632123	 81.410752	 81.195009	 80.984858	 80.780257	  80.58116	 80.387516	 80.199273	  80.01637	 79.838747	 79.666337	 79.499074	 79.336884	 79.179693	 79.027424	 78.879998	 78.737333	 78.599343	 78.465944	 78.337048	 78.212566	 78.092407	  77.97648	 77.864691	 77.756949	 77.653158	 77.553224	 77.457053	 77.364549	 77.275617	 77.190163	 77.108093	 77.029311	 76.953725	 76.881241	 76.811766	 76.745211	 76.681484	 76.620495	 76.562157	 76.506383	 76.453086	 76.402183	  76.35359	 76.307227	 76.263012	 76.220868	 76.180718	 76.142487	 76.106101	 76.071489	 76.038582	  76.00731	 75.977608	 75.949411	 75.922657	 75.897284	 75.873233	 75.850446	 75.828869	 75.808447	 75.789129	 75.770863	 75.753601	 75.737296	 75.721903	 75.707379	  75.69368	 75.680767	 75.668601	 75.657145	 75.646361	 75.636217	 75.626678	 75.617714	 75.609294	 75.601388	  75.59397	 75.587012	  75.58049	 75.574379	 75.568656	 75.563299	 75.558287	 75.553601	 75.549221	  75.54513	  75.54131	 75.537746	 75.534421	 75.531321	 75.528433	 75.525744	  75.52324	 75.520911	 75.518745	 75.516732	 75.514862	 75.513125	 75.511514	 75.510019	 75.508634	  75.50735	  75.50616	  75.50506	 75.504041	 75.503099	 75.502229	 75.501425	 75.500682	 75.499997	 75.499365	 75.498782	 75.498246	 75.497751	 75.497296	 75.496877	 75.496493	 75.496139	 75.495814	 75.495516	 75.495242	 75.494992	 75.494762	 75.494552	 75.494359	 75.494184	 75.494023	 75.493876	 75.493743	 75.493621	  75.49351	  75.49341	 75.493319	 75.493236	 75.493162	 75.493095	 75.493034	 75.492981	 75.492933	 75.492891	 75.492853	 75.492821	 75.492793	  75.49277	 75.492751	 75.492736	 75.492725	 75.492717	 75.492714	
