Time step 19:
        99	        99	        99	        99	        99	        99	        99	        99	        99	        99	        99	        99	        99	        99	        99	        99	        99	        99	        99	        99	        99	        99	        99	        99	        99	        99	        99	        99	        99	        99	        99	        99	        99	        99	        99	        99	        99	        99	        99	        99	        99	        99	        99	        99	        99	        99	        99	        99	        99	        99	        99	        99	        99	        99	        99	        99	        99	        99	        99	        99	        99	        99	        99	        99	        99	        99	        99	        99	        99	        99	        99	        99	        99	        99	        99	        99	        99	        99	        99	        99	        99	        99	        99	        99	        99	        99	        99	        99	        99	        99	        99	        99	        99	        99	        99	        99	        99	        99	        99	        99	        99	        99	        99	        99	        99	        99	        99	        99	        99	        99	        99	        99	        99	        99	        99	        99	        99	        99	        99	        99	        99	        99	        99	        99	        99	        99	        99	        99	        99	        99	        99	        99	        99	        99	        99	        99	        99	        99	        99	        99	        99	        99	        99	        99	        99	        99	        99	        99	        99	        99	        99	        99	        99	        99	        99	        99	        99	        99	        99	        99	        99	        99	        99	        99	        99	        99	        99	        99	        99	        99	        99	        99	        99	        99	        99	        99	        99	        99	        99	        99	        99	        99	        99	        99	        99	        99	        99	        99	        99	        99	        99	        99	        99	        99	        99	        99	        99	        99	        99	        99	
        99	 98.966588	 98.933199	 98.899853	 98.866575	 98.833384	 98.800304	 98.767355	 98.734559	 98.701937	  98.66951	 98.637297	 98.605319	 98.573595	 98.542144	 98.510984	 98.480133	 98.449608	 98.419427	 98.389604	 98.360155	 98.331095	 98.302438	 98.274197	 98.246384	 98.219011	 98.192089	 98.165628	 98.139638	 98.114127	 98.089102	 98.064572	 98.040542	 98.017017	 97.994003	 97.971503	  97.94952	 97.928056	 97.907114	 97.886694	 97.866797	 97.847421	 97.828566	  97.81023	  97.79241	 97.775104	 97.758308	 97.742017	 97.726227	 97.710933	 97.696129	 97.681808	 97.667965	 97.654591	 97.641681	 97.629225	 97.617217	 97.605647	 97.594507	 97.583788	 97.573481	 97.563577	 97.554066	 97.544939	 97.536187	 97.527798	 97.519764	 97.512075	 97.504721	 97.497691	 97.490976	 97.484567	 97.478453	 97.472624	 97.467071	 97.461785	 97.456756	 97.451974	  97.44743	 97.443116	 97.439023	 97.435142	 97.431463	  97.42798	 97.424684	 97.421566	  97.41862	 97.415837	 97.413211	 97.410734	 97.408398	 97.406199	 97.404128	  97.40218	 97.400349	 97.398629	 97.397014	 97.395498	 97.394077	 97.392746	   97.3915	 97.390333	 97.389242	 97.388223	 97.387271	 97.386383	 97.385554	 97.384782	 97.384062	 97.383393	  97.38277	 97.382191	 97.381654	 97.381154	 97.380691	 97.380262	 97.379864	 97.379496	 97.379155	  97.37884	 97.378549	  97.37828	 97.378032	 97.377803	 97.377592	 97.377398	 97.377219	 97.377055	 97.376904	 97.376765	 97.376638	 97.376521	 97.376414	 97.376316	 97.376226	 97.376144	 97.376068	    97.376	 97.375937	  97.37588	 97.375828	  97.37578	 97.375737	 97.375697	 97.375662	 97.375629	   97.3756	 97.375573	 97.375548	 97.375526	 97.375506	 97.375488	 97.375472	 97.375457	 97.375444	 97.375432	 97.375421	 97.375411	 97.375402	 97.375394	 97.375387	  97.37538	 97.375375	 97.375369	 97.375365	 97.375361	 97.375357	 97.375353	  97.37535	 97.375348	 97.375345	 97.375343	 97.375341	  97.37534	 97.375338	 97.375337	 97.375335	 97.375334	 97.375333	 97.375333	 97.375332	 97.375331	 97.375331	  97.37533	  97.37533	 97.375329	 97.375329	 97.375329	 97.375328	 97.375328	 97.375328	 97.375328	 97.375327	 97.375327	 97.375327	 97.375327	 97.375327	 97.375327	 97.375327	 97.375327	
        99	 98.933199	 98.866442	 98.799773	 98.733238	 98.666879	  98.60074	 98.534864	 98.469295	 98.404072	 98.339239	 98.274835	   98.2109	 98.147473	 98.084592	 98.022292	 97.960611	 97.899582	 97.839239	 97.779613	 97.720735	 97.662635	 97.605339	 97.548876	 97.493268	 97.438541	 97.384715	 97.331811	 97.279847	 97.228842	  97.17881	 97.129766	 97.081721	 97.034688	 96.988674	 96.943689	 96.899737	 96.856825	 96.814954	 96.774128	 96.734346	 96.695607	  96.65791	  96.62125	 96.585623	 96.551022	  96.51744	  96.48487	 96.453301	 96.422722	 96.393124	 96.364492	 96.336814	 96.310077	 96.284264	 96.259361	 96.235352	  96.21222	 96.189947	 96.168517	  96.14791	 96.128108	 96.109093	 96.090845	 96.073346	 96.056574	 96.040512	 96.025139	 96.010435	  95.99638	 95.982955	 95.970141	 95.957916	 95.946263	 95.935161	 95.924592	 95.914536	 95.904976	 95.895892	 95.887267	 95.879083	 95.871323	 95.863969	 95.857005	 95.850414	 95.844181	 95.838291	 95.832727	 95.827476	 95.822523	 95.817854	 95.813456	 95.809317	 95.805422	 95.801761	 95.798321	 95.795092	 95.792062	 95.789222	  95.78656	 95.784068	 95.781735	 95.779555	 95.777517	 95.775613	 95.773837	  95.77218	 95.770636	 95.769198	  95.76786	 95.766615	 95.765457	 95.764382	 95.763384	 95.762458	   95.7616	 95.760804	 95.760068	 95.759387	 95.758757	 95.758175	 95.757637	 95.757141	 95.756684	 95.756262	 95.755874	 95.755517	 95.755188	 95.754886	 95.754608	 95.754354	  95.75412	 95.753906	  95.75371	  95.75353	 95.753366	 95.753216	 95.753078	 95.752953	 95.752839	 95.752734	 95.752639	 95.752553	 95.752474	 95.752402	 95.752337	 95.752278	 95.752225	 95.752176	 95.752132	 95.752092	 95.752056	 95.752023	 95.751993	 95.751967	 95.751942	 95.751921	 95.751901	 95.751883	 95.751867	 95.751853	  95.75184	 95.751829	 95.751818	 95.751809	   95.7518	 95.751793	 95.751786	  95.75178	 95.751775	  95.75177	 95.751766	 95.751762	 95.751758	 95.751755	 95.751753	  95.75175	 95.751748	 95.751746	 95.751745	 95.751743	 95.751742	  95.75174	 95.751739	 95.751739	 95.751738	 95.751737	 95.751736	 95.751736	 95.751735	 95.751735	 95.751735	 95.751734	 95.751734	 95.751734	 95.751734	 95.751734	 95.751733	 95.751733	 95.751733	
        99	 98.899853	 98.799773	 98.699826	 98.600078	 98.500595	 98.401441	 98.302683	 98.204382	 98.106603	 98.009407	 97.912854	 97.817005	 97.721917	 97.627647	  97.53425	  97.44178	 97.350287	 97.259822	 97.170432	 97.082165	 96.995062	 96.909167	 96.824518	 96.741153	 96.659107	 96.578413	   96.4991	 96.421199	 96.344733	 96.269727	 96.196201	 96.124174	 96.053663	 95.984681	  95.91724	 95.851349	 95.787016	 95.724245	 95.663039	 95.603399	 95.545324	 95.488809	 95.433849	 95.380438	 95.328566	 95.278221	 95.229392	 95.182065	 95.136223	 95.091849	 95.048925	 95.007432	 94.967348	  94.92865	 94.891317	 94.855323	 94.820644	 94.787253	 94.755125	 94.724232	 94.694546	 94.666039	 94.638683	 94.612448	 94.587305	 94.563224	 94.540177	 94.518133	 94.497063	 94.476937	 94.457726	 94.439399	 94.421929	 94.405285	  94.38944	 94.374365	 94.360033	 94.346415	 94.333484	 94.321215	 94.309581	 94.298556	 94.288116	 94.278236	 94.268892	  94.26006	  94.25172	 94.243847	 94.236422	 94.229423	  94.22283	 94.216623	 94.210785	 94.205296	  94.20014	 94.195298	 94.190756	 94.186498	 94.182507	 94.178771	 94.175274	 94.172005	  94.16895	 94.166096	 94.163433	  94.16095	 94.158635	 94.156479	 94.154472	 94.152606	 94.150871	 94.149259	 94.147763	 94.146374	 94.145088	 94.143895	 94.142791	  94.14177	 94.140826	 94.139953	 94.139147	 94.138403	 94.137718	 94.137086	 94.136504	 94.135968	 94.135475	 94.135022	 94.134606	 94.134225	 94.133874	 94.133553	 94.133259	  94.13299	 94.132744	 94.132518	 94.132313	 94.132125	 94.131953	 94.131797	 94.131654	 94.131525	 94.131407	 94.131299	 94.131202	 94.131113	 94.131032	  94.13096	 94.130893	 94.130833	 94.130779	  94.13073	 94.130686	 94.130646	  94.13061	 94.130577	 94.130547	 94.130521	 94.130497	 94.130476	 94.130456	 94.130439	 94.130423	 94.130409	 94.130397	 94.130385	 94.130375	 94.130366	 94.130358	 94.130351	 94.130345	 94.130339	 94.130334	 94.130329	 94.130325	 94.130322	 94.130318	 94.130315	 94.130313	 94.130311	 94.130309	 94.130307	 94.130305	 94.130304	 94.130303	 94.130302	 94.130301	   94.1303	 94.130299	 94.130299	 94.130298	 94.130298	 94.130297	 94.130297	 94.130297	 94.130296	 94.130296	 94.130296	 94.130296	
        99	 98.866575	 98.733238	 98.600078	 98.467184	 98.334642	  98.20254	 98.070963	 97.939998	 97.809726	 97.680232	 97.551595	 97.423895	 97.297209	 97.171613	  97.04718	 96.923981	 96.802085	 96.681559	 96.562465	 96.444866	 96.328819	  96.21438	 96.101603	 95.990535	 95.881225	 95.773716	 95.668049	  95.56426	 95.462385	 95.362454	 95.264495	 95.168534	 95.074592	 94.982687	 94.892835	 94.805049	 94.719338	 94.635708	 94.554164	 94.474705	 94.397331	 94.322036	 94.248814	 94.177654	 94.108544	  94.04147	 93.976415	  93.91336	 93.852285	 93.793166	 93.735979	 93.680697	 93.627293	 93.575736	 93.525997	 93.478042	 93.431839	 93.387353	 93.344548	 93.303389	 93.263839	 93.225859	 93.189412	 93.154459	 93.120961	 93.088879	 93.058173	 93.028804	 93.000732	 92.973918	 92.948323	 92.923907	 92.900631	 92.878457	 92.857346	 92.837262	 92.818167	 92.800023	 92.782796	  92.76645	  92.75095	 92.736261	 92.722352	 92.709188	 92.696739	 92.684973	 92.673861	 92.663373	  92.65348	 92.644155	 92.635371	 92.627102	 92.619323	 92.612011	 92.605141	 92.598691	 92.592639	 92.586965	 92.581649	 92.576671	 92.572013	 92.567657	 92.563586	 92.559785	 92.556237	 92.552928	 92.549844	 92.546972	 92.544298	 92.541811	   92.5395	 92.537352	 92.535359	 92.533509	 92.531795	 92.530206	 92.528736	 92.527375	 92.526117	 92.524954	  92.52388	  92.52289	 92.521976	 92.521134	 92.520359	 92.519645	 92.518988	 92.518385	 92.517831	 92.517322	 92.516856	 92.516428	 92.516036	 92.515677	 92.515349	 92.515049	 92.514775	 92.514524	 92.514296	 92.514088	 92.513898	 92.513725	 92.513568	 92.513425	 92.513295	 92.513177	 92.513069	 92.512972	 92.512884	 92.512804	 92.512732	 92.512667	 92.512607	 92.512554	 92.512506	 92.512462	 92.512423	 92.512388	 92.512356	 92.512327	 92.512302	 92.512278	 92.512258	 92.512239	 92.512222	 92.512207	 92.512194	 92.512182	 92.512171	 92.512162	 92.512153	 92.512145	 92.512138	 92.512132	 92.512127	 92.512122	 92.512118	 92.512114	 92.512111	 92.512108	 92.512105	 92.512103	   92.5121	 92.512099	 92.512097	 92.512096	 92.512094	 92.512093	 92.512092	 92.512091	 92.512091	  92.51209	  92.51209	 92.512089	 92.512089	 92.512089	 92.512088	 92.512088	 92.512088	
        99	 98.833384	 98.666879	 98.500595	 98.334642	  98.16913	 98.004166	 97.839859	 97.676315	 97.513638	  97.35193	 97.191294	 97.031828	 96.873628	 96.716789	 96.561403	 96.407557	 96.255339	  96.10483	 95.956112	 95.809259	 95.664344	 95.521438	 95.380606	  95.24191	 95.105409	 94.971156	 94.839203	 94.709597	 94.582379	 94.457589	 94.335263	 94.215431	 94.098119	 93.983353	  93.87115	 93.761526	 93.654494	 93.550061	 93.448232	 93.349007	 93.252386	 93.158361	 93.066924	 92.978062	 92.891761	 92.808002	 92.726764	 92.648024	 92.571756	 92.497931	 92.426518	 92.357485	 92.290796	 92.226414	 92.164301	 92.104418	 92.046721	 91.991169	 91.937716	 91.886319	  91.83693	 91.789502	 91.743989	 91.700341	  91.65851	 91.618447	 91.580103	 91.543429	 91.508374	  91.47489	 91.442927	 91.412437	 91.383371	 91.355681	  91.32932	 91.304239	 91.280394	 91.257737	 91.236225	 91.215812	 91.196456	 91.178114	 91.160744	 91.144306	  91.12876	 91.114068	 91.100191	 91.087093	  91.07474	 91.063095	 91.052126	   91.0418	 91.032087	 91.022955	 91.014376	 91.006322	 90.998765	  90.99168	 90.985041	 90.978824	 90.973007	 90.967568	 90.962485	 90.957738	 90.953307	 90.949175	 90.945324	 90.941737	 90.938399	 90.935293	 90.932406	 90.929725	 90.927235	 90.924926	 90.922785	 90.920801	 90.918965	 90.917265	 90.915694	 90.914242	 90.912902	 90.911664	 90.910523	 90.909472	 90.908504	 90.907612	 90.906793	 90.906039	 90.905347	 90.904712	 90.904129	 90.903595	 90.903106	 90.902658	 90.902248	 90.901873	 90.901531	 90.901218	 90.900933	 90.900673	 90.900436	  90.90022	 90.900024	 90.899845	 90.899683	 90.899535	 90.899401	  90.89928	  90.89917	  90.89907	  90.89898	 90.898898	 90.898824	 90.898758	 90.898698	 90.898643	 90.898594	  90.89855	  90.89851	 90.898475	 90.898443	 90.898414	 90.898388	 90.898364	 90.898344	 90.898325	 90.898308	 90.898293	  90.89828	 90.898268	 90.898257	 90.898247	 90.898239	 90.898231	 90.898224	 90.898218	 90.898213	 90.898208	 90.898204	   90.8982	 90.898197	 90.898194	 90.898191	 90.898189	 90.898187	 90.898185	 90.898184	 90.898182	 90.898181	  90.89818	 90.898179	 90.898179	 90.898178	 90.898177	 90.898177	 90.898177	 90.898176	 90.898176	 90.898176	
        99	 98.800304	  98.60074	 98.401441	  98.20254	 98.004166	 97.806451	 97.609522	 97.413507	 97.218531	 97.024718	 96.832189	 96.641062	 96.451452	 96.263474	 96.077237	 95.892846	 95.710406	 95.530015	 95.351769	  95.17576	 95.002074	 94.830795	 94.662002	 94.495769	 94.332166	 94.171258	 94.013107	 93.857768	 93.705292	 93.555727	 93.409113	 93.265489	 93.124886	 92.987334	 92.852853	 92.721465	 92.593182	 92.468015	 92.345968	 92.227044	 92.111238	 91.998546	 91.888954	  91.78245	 91.679014	 91.578625	 91.481259	 91.386885	 91.295475	 91.206992	 91.121401	 91.038661	 90.958731	 90.881567	 90.807123	  90.73535	 90.666198	 90.599616	 90.535551	 90.473949	 90.414754	  90.35791	  90.30336	 90.251047	 90.200911	 90.152894	 90.106937	  90.06298	 90.020966	 89.980834	 89.942525	 89.905981	 89.871145	 89.837957	 89.806361	 89.776302	 89.747722	 89.720567	 89.694783	 89.670318	 89.647119	 89.625135	 89.604316	 89.584615	 89.565982	 89.548373	 89.531741	 89.516043	 89.501236	  89.48728	 89.474133	 89.461757	 89.450115	 89.439171	 89.428888	 89.419235	 89.410178	 89.401686	 89.393729	 89.386278	 89.379306	 89.372787	 89.366694	 89.361005	 89.355695	 89.350742	 89.346127	 89.341828	 89.337826	 89.334104	 89.330644	  89.32743	 89.324447	 89.321679	 89.319112	 89.316735	 89.314534	 89.312497	 89.310614	 89.308874	 89.307267	 89.305784	 89.304417	 89.303156	 89.301996	 89.300928	 89.299945	 89.299042	 89.298213	 89.297451	 89.296753	 89.296113	 89.295526	 89.294989	 89.294498	 89.294049	 89.293639	 89.293264	 89.292922	  89.29261	 89.292326	 89.292067	 89.291832	 89.291618	 89.291423	 89.291247	 89.291086	 89.290941	 89.290809	 89.290689	 89.290581	 89.290483	 89.290395	 89.290315	 89.290243	 89.290178	 89.290119	 89.290066	 89.290018	 89.289976	 89.289937	 89.289902	 89.289871	 89.289843	 89.289818	 89.289796	 89.289776	 89.289758	 89.289742	 89.289727	 89.289715	 89.289703	 89.289693	 89.289684	 89.289676	 89.289668	 89.289662	 89.289656	 89.289651	 89.289647	 89.289643	 89.289639	 89.289636	 89.289633	 89.289631	 89.289629	 89.289627	 89.289625	 89.289624	 89.289623	 89.289622	 89.289621	  89.28962	 89.289619	 89.289619	 89.289618	 89.289618	 89.289618	 89.289618	
        99	 98.767355	 98.534864	 98.302683	 98.070963	 97.839859	 97.609522	 97.380101	 97.151744	 96.924599	 96.698808	 96.474512	  96.25185	 96.030957	 95.811963	 95.594997	 95.380184	 95.167642	 94.957488	 94.749832	 94.544782	 94.342439	   94.1429	 93.946257	 93.752596	    93.562	 93.374544	 93.190298	 93.009329	 92.831696	 92.657453	 92.486649	 92.319327	 92.155526	 91.995278	 91.838609	 91.685542	 91.536093	 91.390274	 91.248091	 91.109544	 90.974632	 90.843346	 90.715672	 90.591595	 90.471093	 90.354141	 90.240709	 90.130765	 90.024272	  89.92119	 89.821477	 89.725086	 89.631968	 89.542072	 89.455345	  89.37173	 89.291168	 89.213601	 89.138965	 89.067199	 88.998237	 88.932015	 88.868464	 88.807519	 88.749111	 88.693172	 88.639632	 88.588423	 88.539476	 88.492723	 88.448093	  88.40552	 88.364936	 88.326272	 88.289464	 88.254444	 88.221149	 88.189513	 88.159476	 88.130974	 88.103947	 88.078336	 88.054082	  88.03113	 88.009423	 87.988908	 87.969532	 87.951245	 87.933995	 87.917735	  87.90242	 87.888002	 87.874439	 87.861689	  87.84971	 87.838464	 87.827912	 87.818019	 87.808749	 87.800069	 87.791947	 87.784352	 87.777254	 87.770626	  87.76444	  87.75867	 87.753293	 87.748285	 87.743623	 87.739287	 87.735256	 87.731512	 87.728036	 87.724811	 87.721821	 87.719052	 87.716487	 87.714114	 87.711921	 87.709893	 87.708021	 87.706294	 87.704701	 87.703233	 87.701881	 87.700636	 87.699492	  87.69844	 87.697473	 87.696586	 87.695773	 87.695027	 87.694344	 87.693718	 87.693146	 87.692623	 87.692145	 87.691708	  87.69131	 87.690947	 87.690616	 87.690314	  87.69004	  87.68979	 87.689564	 87.689358	 87.689171	 87.689001	 87.688848	 87.688709	 87.688583	 87.688469	 87.688366	 87.688273	 87.688188	 87.688113	 87.688044	 87.687983	 87.687927	 87.687877	 87.687832	 87.687792	 87.687756	 87.687723	 87.687694	 87.687668	 87.687645	 87.687624	 87.687605	 87.687588	 87.687573	  87.68756	 87.687548	 87.687537	 87.687528	 87.687519	 87.687512	 87.687505	 87.687499	 87.687494	 87.687489	 87.687485	 87.687482	 87.687478	 87.687476	 87.687473	 87.687471	 87.687469	 87.687467	 87.687466	 87.687465	 87.687464	 87.687463	 87.687462	 87.687461	 87.687461	 87.687461	  87.68746	  87.68746	
        99	 98.734559	 98.469295	 98.204382	 97.939998	 97.676315	 97.413507	 97.151744	 96.891197	 96.632031	  96.37441	 96.118496	 95.864445	 95.612412	 95.362547	 95.114996	   94.8699	 94.627397	 94.387617	 94.150688	 93.916732	 93.685865	 93.458197	 93.233834	 93.012873	 92.795408	 92.581526	 92.371308	 92.164827	 91.962153	 91.763347	 91.568465	 91.377557	 91.190665	 91.007826	 90.829072	 90.654427	 90.483911	 90.317535	 90.155308	 89.997231	 89.843301	 89.693507	 89.547835	 89.406267	 89.268778	 89.135339	 89.005917	 88.880474	 88.758969	 88.641356	 88.527586	 88.417606	 88.311362	 88.208794	 88.109841	 88.014438	  87.92252	 87.834018	 87.748861	 87.666978	 87.588295	 87.512737	 87.440228	 87.370691	 87.304049	 87.240224	 87.179137	 87.120709	 87.064863	 87.011518	 86.960597	 86.912023	 86.865717	 86.821603	 86.779606	  86.73965	  86.70166	 86.665566	 86.631294	 86.598774	 86.567937	 86.538715	 86.511043	 86.484855	 86.460089	 86.436682	 86.414574	 86.393708	 86.374027	 86.355475	    86.338	  86.32155	 86.306075	 86.291528	  86.27786	 86.265028	 86.252989	 86.241702	 86.231125	 86.221222	 86.211954	 86.203289	  86.19519	 86.187628	 86.180569	 86.173987	 86.167852	 86.162137	 86.156818	 86.151871	 86.147272	    86.143	 86.139034	 86.135354	 86.131943	 86.128783	 86.125857	  86.12315	 86.120647	 86.118334	 86.116198	 86.114227	 86.112409	 86.110734	 86.109192	 86.107772	 86.106466	 86.105266	 86.104163	 86.103151	 86.102223	 86.101372	 86.100592	 86.099879	 86.099226	 86.098629	 86.098083	 86.097585	 86.097131	 86.096716	 86.096339	 86.095995	 86.095682	 86.095397	 86.095139	 86.094904	  86.09469	 86.094497	 86.094322	 86.094163	 86.094019	 86.093889	 86.093771	 86.093665	 86.093569	 86.093483	 86.093405	 86.093334	 86.093271	 86.093214	 86.093163	 86.093117	 86.093076	 86.093039	 86.093005	 86.092975	 86.092949	 86.092925	 86.092903	 86.092884	 86.092867	 86.092852	 86.092838	 86.092826	 86.092816	 86.092806	 86.092797	  86.09279	 86.092783	 86.092777	 86.092772	 86.092767	 86.092763	 86.092759	 86.092756	 86.092753	 86.092751	 86.092749	 86.092747	 86.092745	 86.092744	 86.092742	 86.092741	 86.092741	  86.09274	 86.092739	 86.092739	 86.092739	 86.092739	
        99	 98.701937	 98.404072	 98.106603	 97.809726	 97.513638	 97.218531	 96.924599	 96.632031	 96.341014	 96.051732	 95.764367	 95.479094	 95.196087	 94.915514	  94.63754	 94.362322	 94.090016	 93.820768	 93.554721	 93.292013	 93.032773	 92.777125	 92.525188	 92.277071	 92.032881	 91.792713	  91.55666	 91.324804	 91.097221	 90.873983	  90.65515	 90.440779	 90.230919	  90.02561	 89.824888	  89.62878	 89.437307	 89.250485	  89.06832	 88.890816	 88.717968	 88.549765	 88.386191	 88.227224	 88.072838	    87.923	 87.777672	 87.636812	 87.500374	 87.368307	 87.240555	  87.11706	 86.997758	 86.882585	  86.77147	 86.664343	 86.561128	 86.461749	 86.366127	 86.274181	 86.185828	 86.100984	 86.019564	 85.941482	  85.86665	  85.79498	 85.726386	 85.660778	 85.598068	 85.538167	 85.480989	 85.426444	 85.374448	 85.324912	 85.277754	 85.232887	 85.190229	 85.149698	 85.111214	 85.074698	 85.040071	 85.007258	 84.976185	 84.946779	 84.918969	 84.892685	 84.867861	  84.84443	  84.82233	 84.801499	 84.781876	 84.763404	 84.746028	 84.729692	 84.714345	 84.699936	 84.686418	 84.673743	 84.661866	 84.650746	  84.64034	 84.630609	 84.621515	 84.613023	 84.605097	 84.597706	 84.590817	   84.5844	 84.578427	 84.572872	 84.567708	  84.56291	 84.558457	 84.554326	 84.550495	 84.546947	 84.543661	 84.540621	 84.537811	 84.535213	 84.532815	 84.530602	 84.528561	  84.52668	 84.524947	 84.523353	 84.521887	 84.520539	 84.519301	 84.518165	 84.517122	 84.516167	 84.515291	  84.51449	 84.513757	 84.513086	 84.512474	 84.511914	 84.511404	 84.510939	 84.510515	 84.510129	 84.509777	 84.509458	 84.509167	 84.508903	 84.508664	 84.508447	  84.50825	 84.508072	  84.50791	 84.507764	 84.507632	 84.507513	 84.507405	 84.507308	  84.50722	 84.507142	  84.50707	 84.507007	 84.506949	 84.506897	 84.506851	 84.506809	 84.506772	 84.506738	 84.506708	 84.506682	 84.506658	 84.506636	 84.506617	   84.5066	 84.506585	 84.506571	 84.506559	 84.506548	 84.506538	  84.50653	 84.506522	 84.506516	  84.50651	 84.506504	   84.5065	 84.506496	 84.506492	 84.506489	 84.506486	 84.506484	 84.506481	  84.50648	 84.506478	 84.506477	 84.506476	 84.506475	 84.506474	 84.506473	 84.506473	 84.506472	 84.506472	
        99	  98.66951	 98.339239	 98.009407	 97.680232	  97.35193	 97.024718	 96.698808	  96.37441	 96.051732	 95.730979	 95.412349	 95.096041	 94.782244	 94.471147	 94.162931	 93.857771	 93.555839	 93.257299	 92.962308	 92.671019	 92.383575	 92.100114	 91.820767	 91.545658	 91.274901	 91.008604	  90.74687	 90.489789	 90.237447	 89.989921	 89.747281	 89.509588	 89.276896	 89.049251	 88.826691	 88.609248	 88.396944	 88.189797	 87.987814	 87.790998	 87.599345	 87.412842	 87.231473	 87.055212	 86.884029	 86.717889	 86.556751	 86.400567	 86.249285	  86.10285	 85.961199	 85.824268	 85.691987	 85.564284	 85.441081	 85.322299	 85.207855	 85.097664	 84.991639	 84.889689	 84.791724	  84.69765	 84.607372	 84.520794	 84.437821	 84.358355	 84.282298	 84.209552	 84.140019	 84.073602	 84.010202	 83.949724	 83.892071	 83.837146	 83.784857	 83.735109	  83.68781	  83.64287	 83.600199	  83.55971	 83.521316	 83.484933	  83.45048	 83.417874	 83.387038	 83.357895	  83.33037	 83.304391	 83.279886	 83.256788	 83.235031	  83.21455	 83.195283	  83.17717	 83.160153	 83.144177	 83.129187	 83.115133	 83.101965	 83.089634	 83.078096	 83.067307	 83.057224	 83.047808	  83.03902	 83.030824	 83.023185	 83.016071	 83.009448	 83.003288	 82.997562	 82.992243	 82.987305	 82.982725	 82.978478	 82.974543	   82.9709	 82.967529	 82.964413	 82.961533	 82.958874	  82.95642	 82.954157	 82.952071	  82.95015	 82.948382	 82.946757	 82.945262	 82.943889	 82.942629	 82.941474	 82.940414	 82.939443	 82.938555	 82.937742	 82.936999	 82.936319	 82.935699	 82.935134	 82.934618	 82.934147	 82.933719	  82.93333	 82.932975	 82.932653	 82.932361	 82.932095	 82.931854	 82.931636	 82.931438	 82.931259	 82.931098	 82.930951	 82.930819	   82.9307	 82.930592	 82.930495	 82.930407	 82.930328	 82.930257	 82.930194	 82.930136	 82.930085	 82.930039	 82.929997	  82.92996	 82.929927	 82.929897	  82.92987	 82.929847	 82.929825	 82.929806	 82.929789	 82.929774	 82.929761	 82.929749	 82.929738	 82.929729	 82.929721	 82.929713	 82.929706	 82.929701	 82.929695	 82.929691	 82.929687	 82.929683	  82.92968	 82.929678	 82.929675	 82.929673	 82.929671	  82.92967	 82.929669	 82.929668	 82.929667	 82.929666	 82.929666	 82.929665	 82.929665	
        99	 98.637297	 98.274835	 97.912854	 97.551595	 97.191294	 96.832189	 96.474512	 96.118496	 95.764367	 95.412349	 95.062663	 94.715524	 94.371143	 94.029723	 93.691465	 93.356562	 93.025201	 92.697562	 92.373819	 92.054137	 91.738676	 91.427587	 91.121013	 90.819088	 90.521941	 90.229689	 89.942443	 89.660304	 89.383367	 89.111715	 88.845425	 88.584564	 88.329192	 88.079358	 87.835106	 87.596468	 87.363472	 87.136134	 86.914464	 86.698465	 86.488131	  86.28345	 86.084403	 85.890962	 85.703094	 85.520761	 85.343916	 85.172509	 85.006482	 84.845774	 84.690317	 84.540039	 84.394865	 84.254714	 84.119503	 83.989143	 83.863544	 83.742614	 83.626254	 83.514368	 83.406854	  83.30361	 83.204533	 83.109517	 83.018456	 82.931244	 82.847774	 82.767938	 82.691628	 82.618737	 82.549158	 82.482785	 82.419512	 82.359234	 82.301848	 82.247251	 82.195342	 82.146022	 82.099192	 82.054756	  82.01262	 81.972691	  81.93488	 81.899096	 81.865254	 81.833271	 81.803063	 81.774551	 81.747658	 81.722309	 81.698431	 81.675954	 81.654809	  81.63493	 81.616255	 81.598721	 81.582271	 81.566847	 81.552395	 81.538863	   81.5262	 81.514359	 81.503293	 81.492959	 81.483315	 81.474321	 81.465937	 81.458129	 81.450861	 81.444101	 81.437817	 81.431979	  81.42656	 81.421533	 81.416872	 81.412554	 81.408556	 81.404857	 81.401436	 81.398276	 81.395357	 81.392664	  81.39018	 81.387891	 81.385783	 81.383843	 81.382059	 81.380419	 81.378912	  81.37753	 81.376261	 81.375098	 81.374033	 81.373058	 81.372166	  81.37135	 81.370605	 81.369924	 81.369303	 81.368737	 81.368221	 81.367751	 81.367323	 81.366935	 81.366581	  81.36626	 81.365969	 81.365704	 81.365465	 81.365248	 81.365051	 81.364874	 81.364713	 81.364568	 81.364437	 81.364319	 81.364212	 81.364116	  81.36403	 81.363952	 81.363882	 81.363819	 81.363762	 81.363712	 81.363666	 81.363625	 81.363589	 81.363556	 81.363527	 81.363501	 81.363478	 81.363457	 81.363438	 81.363422	 81.363407	 81.363394	 81.363382	 81.363372	 81.363363	 81.363354	 81.363347	 81.363341	 81.363335	  81.36333	 81.363326	 81.363322	 81.363318	 81.363315	 81.363313	 81.363311	 81.363309	 81.363307	 81.363306	 81.363304	 81.363304	 81.363303	 81.363302	 81.363302	 81.363302	
        99	 98.605319	   98.2109	 97.817005	 97.423895	 97.031828	 96.641062	  96.25185	 95.864445	 95.479094	 95.096041	 94.715524	 94.337779	 93.963035	 93.591514	 93.223433	 92.859003	 92.498427	 92.141901	 91.789615	 91.441749	 91.098475	 90.759958	 90.426354	  90.09781	 89.774464	 89.456446	 89.143875	 88.836861	 88.535507	 88.239905	 87.950138	 87.666278	  87.38839	  87.11653	 86.850743	 86.591065	 86.337526	 86.090145	 85.848931	 85.613889	 85.385011	 85.162284	 84.945687	 84.735191	  84.53076	 84.332351	 84.139915	 83.953395	 83.772731	 83.597853	  83.42869	 83.265163	  83.10719	 82.954682	  82.80755	 82.665697	 82.529025	 82.397432	 82.270814	 82.149063	  82.03207	 81.919723	 81.811911	 81.708518	 81.609429	 81.514528	 81.423698	 81.336823	 81.253785	 81.174468	 81.098755	  81.02653	 80.957678	 80.892086	  80.82964	  80.77023	 80.713744	 80.660076	 80.609117	 80.560763	 80.514912	 80.471464	 80.430318	  80.39138	 80.354554	 80.319751	  80.28688	 80.255854	  80.22659	 80.199006	 80.173023	 80.148564	 80.125554	 80.103923	 80.083601	 80.064522	 80.046621	 80.029838	 80.014112	 79.999386	 79.985607	 79.972722	 79.960681	 79.949436	 79.938941	 79.929153	 79.920031	 79.911534	 79.903626	  79.89627	 79.889431	 79.883079	 79.877182	 79.871712	  79.86664	 79.861941	  79.85759	 79.853565	 79.849843	 79.846404	 79.843228	 79.840298	 79.837595	 79.835104	 79.832811	 79.830699	 79.828758	 79.826973	 79.825334	 79.823829	 79.822449	 79.821183	 79.820024	 79.818963	 79.817992	 79.817104	 79.816293	 79.815553	 79.814877	 79.814261	   79.8137	 79.813188	 79.812723	   79.8123	 79.811915	 79.811566	 79.811249	 79.810961	 79.810701	 79.810464	 79.810251	 79.810057	 79.809882	 79.809725	 79.809582	 79.809453	 79.809337	 79.809233	 79.809139	 79.809054	 79.808978	 79.808909	 79.808848	 79.808793	 79.808743	 79.808699	 79.808659	 79.808624	 79.808592	 79.808563	 79.808538	 79.808515	 79.808495	 79.808477	 79.808461	 79.808447	 79.808434	 79.808423	 79.808413	 79.808404	 79.808396	 79.808389	 79.808383	 79.808377	 79.808373	 79.808368	 79.808365	 79.808362	 79.808359	 79.808356	 79.808354	 79.808352	 79.808351	  79.80835	 79.808349	 79.808348	 79.808347	 79.808347	 79.808347	
        99	 98.573595	 98.147473	 97.721917	 97.297209	 96.873628	 96.451452	 96.030957	 95.612412	 95.196087	 94.782244	 94.371143	 93.963035	 93.558169	 93.156785	 92.759118	 92.365395	 91.975837	 91.590654	 91.210051	 90.834224	 90.463358	 90.097632	 89.737213	 89.382261	 89.032925	 88.689345	 88.351649	 88.019958	 87.694382	  87.37502	 87.061961	 86.755285	 86.455061	 86.161349	 85.874198	 85.593648	  85.31973	 85.052464	 84.791862	 84.537927	 84.290652	 84.050022	 83.816016	   83.5886	 83.367737	 83.153381	 82.945477	 82.743965	 82.548778	 82.359845	 82.177084	 82.000413	 81.829742	 81.664976	 81.506018	 81.352763	 81.205105	 81.062935	 80.926139	 80.794602	 80.668205	 80.546829	  80.43035	 80.318647	 80.211593	 80.109064	 80.010934	 79.917075	 79.827363	  79.74167	 79.659871	 79.581841	 79.507455	 79.436591	 79.369126	  79.30494	 79.243914	 79.185932	 79.130877	 79.078637	 79.029101	 78.982159	 78.937707	 78.895638	 78.855853	 78.818252	 78.782739	  78.74922	 78.717604	 78.687803	 78.659731	 78.633305	 78.608447	 78.585077	 78.563121	 78.542509	 78.523169	 78.505036	 78.488046	 78.472137	 78.457251	  78.44333	 78.430321	 78.418172	 78.406834	 78.396259	 78.386404	 78.377224	  78.36868	 78.360732	 78.353344	 78.346482	 78.340111	   78.3342	 78.328721	 78.323644	 78.318944	 78.314595	 78.310574	 78.306859	 78.303427	 78.300261	 78.297341	 78.294651	 78.292172	 78.289892	 78.287794	 78.285866	 78.284095	 78.282469	 78.280978	 78.279611	 78.278358	 78.277212	 78.276163	 78.275204	 78.274328	 78.273528	 78.272798	 78.272132	 78.271525	 78.270973	  78.27047	 78.270013	 78.269598	  78.26922	 78.268878	 78.268567	 78.268285	  78.26803	 78.267799	  78.26759	 78.267401	 78.267231	 78.267077	 78.266938	 78.266812	   78.2667	 78.266598	 78.266506	 78.266424	  78.26635	 78.266284	 78.266224	 78.266171	 78.266123	  78.26608	 78.266041	 78.266007	 78.265976	 78.265949	 78.265925	 78.265903	 78.265883	 78.265866	  78.26585	 78.265837	 78.265825	 78.265814	 78.265804	 78.265796	 78.265788	 78.265781	 78.265776	  78.26577	 78.265766	 78.265762	 78.265758	 78.265755	 78.265753	  78.26575	 78.265748	 78.265747	 78.265745	 78.265744	 78.265743	 78.265743	 78.265742	 78.265742	
        99	 98.542144	 98.084592	 97.627647	 97.171613	 96.716789	 96.263474	 95.811963	 95.362547	 94.915514	 94.471147	 94.029723	 93.591514	 93.156785	 92.725796	 92.298797	 91.876034	 91.457742	 91.044149	 90.635473	 90.231925	 89.833704	 89.441003	    89.054	 88.672867	 88.297764	 87.928842	 87.566238	 87.210082	 86.860492	 86.517574	 86.181424	 85.852128	  85.52976	 85.214383	 84.906053	  84.60481	 84.310688	 84.023709	 83.743885	  83.47122	 83.205706	 82.947328	 82.696062	 82.451872	 82.214719	 81.984551	 81.761312	 81.544937	 81.335354	 81.132485	 80.936244	 80.746542	 80.563283	 80.386364	 80.215681	 80.051122	 79.892573	 79.739917	 79.593031	 79.451792	 79.316072	 79.185743	 79.060674	 78.940731	 78.825781	  78.71569	 78.610321	  78.50954	 78.413211	 78.321197	 78.233365	 78.149579	 78.069707	 77.993616	 77.921175	 77.852255	 77.786728	 77.724468	 77.665353	  77.60926	  77.55607	 77.505666	 77.457934	 77.412763	 77.370044	 77.329669	 77.291536	 77.255545	 77.221597	 77.189598	 77.159455	 77.131081	 77.104389	 77.079295	  77.05572	 77.033587	 77.012821	 76.993351	 76.975108	 76.958025	 76.942041	 76.927093	 76.913124	 76.900079	 76.887905	 76.876551	 76.865968	 76.856112	 76.846937	 76.838403	 76.830471	 76.823102	 76.816261	 76.809914	 76.804031	  76.79858	 76.793533	 76.788863	 76.784546	 76.780556	 76.776872	 76.773472	 76.770337	 76.767448	 76.764787	 76.762338	 76.760085	 76.758015	 76.756113	 76.754367	 76.752766	 76.751298	 76.749954	 76.748723	 76.747596	 76.746567	 76.745626	 76.744767	 76.743983	 76.743268	 76.742617	 76.742024	 76.741484	 76.740993	 76.740547	 76.740141	 76.739774	  76.73944	 76.739138	 76.738864	 76.738616	 76.738391	 76.738189	 76.738005	  76.73784	 76.737691	 76.737556	 76.737435	 76.737326	 76.737228	 76.737139	  76.73706	 76.736988	 76.736924	 76.736867	 76.736816	  76.73677	 76.736728	 76.736691	 76.736658	 76.736629	 76.736603	 76.736579	 76.736558	  76.73654	 76.736523	 76.736508	 76.736495	 76.736484	 76.736473	 76.736464	 76.736456	 76.736449	 76.736443	 76.736437	 76.736432	 76.736428	 76.736424	 76.736421	 76.736418	 76.736416	 76.736414	 76.736412	  76.73641	 76.736409	 76.736408	 76.736408	 76.736407	 76.736407	
        99	 98.510984	 98.022292	  97.53425	  97.04718	 96.561403	 96.077237	 95.594997	 95.114996	  94.63754	 94.162931	 93.691465	 93.223433	 92.759118	 92.298797	 91.842739	 91.391204	 90.944445	 90.502704	 90.066215	 89.635203	 89.209882	 88.790454	 88.377113	 87.970042	 87.569411	 87.175381	   86.7881	 86.407706	 86.034324	 85.668068	 85.309041	 84.957334	 84.613027	 84.276187	 83.946873	 83.625129	  83.31099	  83.00448	 82.705613	 82.414391	 82.130807	 81.854845	 81.586478	 81.325671	 81.072377	 80.826546	 80.588114	 80.357013	 80.133167	 79.916491	 79.706895	 79.504283	 79.308551	 79.119592	 78.937293	 78.761535	 78.592196	  78.42915	 78.272268	 78.121417	 77.976461	 77.837262	  77.70368	 77.575575	 77.452802	 77.335218	 77.222679	 77.115039	 77.012154	 76.913878	 76.820069	 76.730581	 76.645273	 76.564003	 76.486632	 76.413021	 76.343035	 76.276539	   76.2134	 76.153489	 76.096679	 76.042845	 75.991865	  75.94362	 75.897993	 75.854871	 75.814143	 75.775702	 75.739444	 75.705267	 75.673073	 75.642768	 75.614259	 75.587458	 75.562278	 75.538639	  75.51646	 75.495665	  75.47618	 75.457935	 75.440862	 75.424897	 75.409978	 75.396045	 75.383042	 75.370915	 75.359613	 75.349085	 75.339286	 75.330172	 75.321699	 75.313829	 75.306522	 75.299744	  75.29346	 75.287638	 75.282248	  75.27726	 75.272649	 75.268388	 75.264453	 75.260822	 75.257473	 75.254387	 75.251545	 75.248929	 75.246524	 75.244312	 75.242281	 75.240417	 75.238707	 75.237139	 75.235703	 75.234388	 75.233185	 75.232085	  75.23108	 75.230163	 75.229325	 75.228562	 75.227866	 75.227233	 75.226656	 75.226132	 75.225655	 75.225223	  75.22483	 75.224473	  75.22415	 75.223858	 75.223593	 75.223353	 75.223137	 75.222941	 75.222765	 75.222605	 75.222461	 75.222332	 75.222215	  75.22211	 75.222016	 75.221931	 75.221855	 75.221787	 75.221725	  75.22167	 75.221621	 75.221577	 75.221538	 75.221503	 75.221471	 75.221443	 75.221418	 75.221396	 75.221376	 75.221358	 75.221342	 75.221328	 75.221316	 75.221305	 75.221295	 75.221287	 75.221279	 75.221272	 75.221266	 75.221261	 75.221256	 75.221252	 75.221249	 75.221246	 75.221243	 75.221241	 75.221239	 75.221238	 75.221236	 75.221235	 75.221235	 75.221234	 75.221234	
        99	 98.480133	 97.960611	  97.44178	 96.923981	 96.407557	 95.892846	 95.380184	   94.8699	 94.362322	 93.857771	 93.356562	 92.859003	 92.365395	 91.876034	 91.391204	 90.911183	 90.436239	  89.96663	 89.502604	   89.0444	 88.592246	 88.146358	  87.70694	 87.274188	 86.848282	 86.429394	  86.01768	 85.613288	  85.21635	 84.826987	  84.44531	 84.071415	 83.705386	 83.347297	 82.997206	 82.655164	 82.321207	  81.99536	 81.677638	 81.368044	  81.06657	 80.773198	   80.4879	 80.210639	 79.941366	 79.680025	 79.426552	 79.180871	 78.942903	 78.712558	 78.489739	 78.274344	 78.066264	 77.865385	 77.671584	 77.484738	 77.304716	 77.131384	 76.964605	 76.804237	 76.650136	 76.502155	 76.360146	 76.223959	 76.093441	 75.968439	   75.8488	 75.734369	 75.624993	 75.520518	  75.42079	 75.325657	 75.234967	  75.14857	 75.066318	 74.988063	 74.913662	  74.84297	 74.775848	 74.712158	 74.651764	 74.594534	 74.540338	 74.489049	 74.440543	 74.394701	 74.351403	 74.310537	 74.271992	 74.235658	 74.201434	 74.169216	 74.138909	 74.110417	 74.083649	 74.058518	  74.03494	 74.012833	 73.992119	 73.972723	 73.954573	 73.937601	 73.921741	 73.906929	 73.893106	 73.880214	 73.868198	 73.857006	 73.846589	 73.836899	 73.827892	 73.819525	 73.811758	 73.804552	 73.797872	 73.791683	 73.785952	  73.78065	 73.775748	 73.771218	 73.767035	 73.763174	 73.759615	 73.756334	 73.753313	 73.750532	 73.747974	 73.745624	 73.743464	 73.741482	 73.739664	 73.737998	 73.736471	 73.735073	 73.733794	 73.732625	 73.731557	 73.730581	 73.729691	  73.72888	  73.72814	 73.727467	 73.726854	 73.726296	  73.72579	  73.72533	 73.724912	 73.724533	  73.72419	 73.723879	 73.723597	 73.723343	 73.723112	 73.722904	 73.722716	 73.722547	 73.722394	 73.722257	 73.722133	 73.722021	 73.721921	 73.721831	  73.72175	 73.721677	 73.721612	 73.721553	 73.721501	 73.721454	 73.721412	 73.721375	 73.721341	 73.721312	 73.721285	 73.721261	  73.72124	 73.721221	 73.721205	  73.72119	 73.721176	 73.721165	 73.721154	 73.721145	 73.721137	  73.72113	 73.721124	 73.721118	 73.721113	 73.721109	 73.721105	 73.721102	 73.721099	 73.721097	 73.721095	 73.721093	 73.721092	 73.721091	  73.72109	  73.72109	 73.721089	
        99	 98.449608	 97.899582	 97.350287	 96.802085	 96.255339	 95.710406	 95.167642	 94.627397	 94.090016	 93.555839	 93.025201	 92.498427	 91.975837	 91.457742	 90.944445	 90.436239	 89.933407	 89.436225	 88.944953	 88.459846	 87.981142	 87.509073	 87.043855	 86.585693	  86.13478	 85.691296	 85.255408	 84.827271	 84.407026	 83.994803	 83.590715	 83.194866	 82.807345	  82.42823	 82.057584	 81.695458	 81.341892	 80.996913	 80.660536	 80.332763	 80.013588	 79.702991	 79.400941	   79.1074	 78.822317	 78.545631	 78.277274	 78.017169	 77.765228	 77.521357	 77.285456	 77.057414	 76.837116	 76.624442	 76.419262	 76.221445	 76.030853	 75.847344	 75.670772	 75.500987	 75.337838	 75.181169	 75.030822	 74.886638	 74.748456	 74.616115	 74.489451	 74.368302	 74.252504	 74.141894	  74.03631	 73.935591	 73.839576	 73.748107	 73.661025	 73.578176	 73.499406	 73.424563	   73.3535	  73.28607	  73.22213	  73.16154	 73.104162	 73.049861	 72.998508	 72.949973	 72.904134	 72.860868	 72.820059	 72.781593	 72.745359	  72.71125	 72.679163	 72.648998	 72.620658	 72.594052	 72.569089	 72.545684	 72.523754	 72.503219	 72.484004	 72.466035	 72.449243	 72.433562	 72.418927	 72.405278	 72.392557	 72.380708	 72.369679	 72.359421	 72.349885	 72.341026	 72.332803	 72.325174	 72.318102	 72.311549	 72.305482	 72.299869	 72.294678	 72.289882	 72.285453	 72.281367	 72.277598	 72.274125	 72.270926	 72.267982	 72.265274	 72.262785	 72.260499	 72.258401	 72.256476	 72.254712	 72.253095	 72.251615	 72.250261	 72.249023	 72.247892	  72.24686	 72.245917	 72.245058	 72.244275	 72.243562	 72.242913	 72.242323	 72.241787	   72.2413	 72.240858	 72.240457	 72.240093	 72.239764	 72.239466	 72.239196	 72.238952	 72.238732	 72.238533	 72.238354	 72.238192	 72.238046	 72.237915	 72.237797	 72.237691	 72.237595	  72.23751	 72.237433	 72.237364	 72.237302	 72.237246	 72.237197	 72.237153	 72.237113	 72.237078	 72.237046	 72.237018	 72.236993	  72.23697	  72.23695	 72.236933	 72.236917	 72.236903	  72.23689	 72.236879	  72.23687	 72.236861	 72.236854	 72.236847	 72.236841	 72.236836	 72.236831	 72.236827	 72.236824	 72.236821	 72.236819	 72.236816	 72.236815	 72.236813	 72.236812	 72.236811	 72.236811	 72.236811	
