Time step 16:
        99	        99	        99	        99	        99	        99	        99	        99	        99	        99	        99	        99	        99	        99	        99	        99	        99	        99	        99	        99	        99	        99	        99	        99	        99	        99	        99	        99	        99	        99	        99	        99	        99	        99	        99	        99	        99	        99	        99	        99	        99	        99	        99	        99	        99	        99	        99	        99	        99	        99	        99	        99	        99	        99	        99	        99	        99	        99	        99	        99	        99	        99	        99	        99	        99	        99	        99	        99	        99	        99	        99	        99	        99	        99	        99	        99	        99	        99	        99	        99	        99	        99	        99	        99	        99	        99	        99	        99	        99	        99	        99	        99	        99	        99	        99	        99	        99	        99	        99	        99	        99	        99	        99	        99	        99	        99	        99	        99	        99	        99	        99	        99	        99	        99	        99	        99	        99	        99	        99	        99	        99	        99	        99	        99	        99	        99	        99	        99	        99	        99	        99	        99	        99	        99	        99	        99	        99	        99	        99	        99	        99	        99	        99	        99	        99	        99	        99	        99	        99	        99	        99	        99	        99	        99	        99	        99	        99	        99	        99	        99	        99	        99	        99	        99	        99	        99	        99	        99	        99	        99	        99	        99	        99	        99	        99	        99	        99	        99	        99	        99	        99	        99	        99	        99	        99	        99	        99	        99	        99	        99	        99	        99	        99	        99	        99	        99	        99	        99	        99	        99	
        99	 98.960326	 98.920682	 98.881102	 98.841615	 98.802252	 98.763044	 98.724022	 98.685215	 98.646651	 98.608361	 98.570372	 98.532711	 98.495405	 98.458479	  98.42196	  98.38587	 98.350233	  98.31507	 98.280404	 98.246254	 98.212638	 98.179575	  98.14708	 98.115171	 98.083859	  98.05316	 98.023084	 97.993642	 97.964843	 97.936696	 97.909207	 97.882382	 97.856227	 97.830743	 97.805935	 97.781802	 97.758345	 97.735562	 97.713453	 97.692014	 97.671241	 97.651129	 97.631672	 97.612865	 97.594699	 97.577167	  97.56026	 97.543969	 97.528282	 97.513191	 97.498684	 97.484748	 97.471373	 97.458545	 97.446253	 97.434482	 97.423221	 97.412454	 97.402169	 97.392352	 97.382988	 97.374065	 97.365567	 97.357482	 97.349794	 97.342491	 97.335558	 97.328983	  97.32275	 97.316848	 97.311263	 97.305982	 97.300993	 97.296282	 97.291839	 97.287651	 97.283707	 97.279995	 97.276505	 97.273226	 97.270147	 97.267258	 97.264551	 97.262015	 97.259641	 97.257422	 97.255348	 97.253412	 97.251605	 97.249921	 97.248352	 97.246892	 97.245534	 97.244272	 97.243101	 97.242013	 97.241005	 97.240072	 97.239208	 97.238408	 97.237669	 97.236987	 97.236358	 97.235777	 97.235243	  97.23475	 97.234298	 97.233882	 97.233499	 97.233149	 97.232827	 97.232533	 97.232263	 97.232016	 97.231791	 97.231585	 97.231397	 97.231225	 97.231069	 97.230927	 97.230798	  97.23068	 97.230573	 97.230476	 97.230388	 97.230309	 97.230236	 97.230171	 97.230112	 97.230059	 97.230011	 97.229967	 97.229928	 97.229893	 97.229861	 97.229833	 97.229807	 97.229784	 97.229764	 97.229745	 97.229729	 97.229714	 97.229701	 97.229689	 97.229678	 97.229669	  97.22966	 97.229653	 97.229646	  97.22964	 97.229635	  97.22963	 97.229626	 97.229623	 97.229619	 97.229617	 97.229614	 97.229612	  97.22961	 97.229608	 97.229606	 97.229605	 97.229604	 97.229603	 97.229602	 97.229601	   97.2296	   97.2296	 97.229599	 97.229599	 97.229598	 97.229598	 97.229598	 97.229597	 97.229597	 97.229597	 97.229597	 97.229597	 97.229596	 97.229596	 97.229596	 97.229596	 97.229596	 97.229596	 97.229596	 97.229596	 97.229596	 97.229596	 97.229596	 97.229596	 97.229596	 97.229596	 97.229596	 97.229596	 97.229596	 97.229596	 97.229596	 97.229596	 97.229596	
        99	 98.920682	 98.841427	 98.762297	 98.683354	  98.60466	 98.526276	 98.448262	 98.370677	 98.293581	 98.217031	 98.141082	  98.06579	 97.991207	 97.917386	 97.844375	 97.772224	 97.700978	 97.630681	 97.561376	 97.493102	 97.425897	 97.359796	 97.294834	 97.231039	 97.168442	 97.107067	 97.046938	 96.988077	 96.930502	  96.87423	 96.819274	 96.765647	 96.713356	 96.662409	 96.612811	 96.564564	 96.517668	 96.472122	 96.427921	 96.385059	 96.343529	 96.303321	 96.264424	 96.226824	 96.190507	 96.155457	 96.121656	 96.089086	 96.057726	 96.027555	 95.998551	 95.970692	 95.943952	 95.918307	 95.893731	   95.8702	 95.847685	  95.82616	 95.805598	 95.785972	 95.767252	 95.749412	 95.732424	 95.716259	  95.70089	  95.68629	  95.67243	 95.659283	 95.646823	 95.635024	 95.623858	   95.6133	 95.603325	 95.593909	 95.585026	 95.576654	 95.568768	 95.561348	  95.55437	 95.547813	 95.541658	 95.535883	 95.530471	 95.525401	 95.520656	 95.516219	 95.512072	 95.508201	 95.504589	 95.501222	 95.498086	 95.495167	 95.492452	  95.48993	 95.487587	 95.485413	 95.483398	 95.481532	 95.479804	 95.478206	 95.476729	 95.475365	 95.474107	 95.472946	 95.471877	 95.470893	 95.469988	 95.469156	 95.468392	 95.467691	 95.467049	  95.46646	  95.46592	 95.465427	 95.464976	 95.464564	 95.464189	 95.463846	 95.463534	 95.463249	 95.462991	 95.462756	 95.462542	 95.462348	 95.462172	 95.462013	 95.461869	 95.461738	 95.461621	 95.461514	 95.461418	 95.461331	 95.461253	 95.461182	 95.461119	 95.461062	 95.461011	 95.460965	 95.460924	 95.460887	 95.460854	 95.460824	 95.460798	 95.460774	 95.460753	 95.460734	 95.460717	 95.460702	 95.460689	 95.460677	 95.460667	 95.460658	 95.460649	 95.460642	 95.460635	  95.46063	 95.460625	  95.46062	 95.460616	 95.460613	 95.460609	 95.460607	 95.460604	 95.460602	   95.4606	 95.460599	 95.460597	 95.460596	 95.460595	 95.460594	 95.460593	 95.460592	 95.460592	 95.460591	 95.460591	  95.46059	  95.46059	  95.46059	 95.460589	 95.460589	 95.460589	 95.460589	 95.460589	 95.460588	 95.460588	 95.460588	 95.460588	 95.460588	 95.460588	 95.460588	 95.460588	 95.460588	 95.460588	 95.460588	 95.460588	 95.460588	 95.460588	 95.460588	 95.460588	
        99	 98.881102	 98.762297	  98.64368	 98.525343	  98.40738	  98.28988	 98.172936	 98.056636	 97.941068	 97.826318	  97.71247	 97.599605	 97.487805	 97.377145	 97.267702	 97.159546	 97.052747	 96.947371	 96.843481	 96.741138	 96.640396	 96.541311	 96.443931	 96.348302	 96.254467	 96.162465	 96.072332	 95.984099	 95.897793	  95.81344	 95.731061	 95.650672	 95.572287	 95.495918	 95.421569	 95.349246	 95.278949	 95.210674	 95.144416	 95.080166	 95.017912	 94.957639	 94.899331	 94.842969	 94.788529	 94.735989	 94.685321	 94.636497	 94.589488	 94.544262	 94.500785	 94.459023	 94.418939	 94.380497	 94.343658	 94.308384	 94.274634	 94.242368	 94.211546	 94.182125	 94.154064	 94.127322	 94.101856	 94.077625	 94.054587	   94.0327	 94.011924	 93.992217	  93.97354	 93.955852	 93.939114	 93.923288	 93.908335	  93.89422	 93.880904	 93.868354	 93.856534	  93.84541	  93.83495	 93.825122	 93.815895	 93.807239	 93.799125	 93.791525	 93.784413	 93.777761	 93.771546	 93.765743	 93.760329	 93.755282	  93.75058	 93.746205	 93.742135	 93.738353	 93.734842	 93.731584	 93.728563	 93.725765	 93.723175	  93.72078	 93.718566	 93.716521	 93.714635	 93.712896	 93.711293	 93.709818	 93.708461	 93.707214	 93.706069	 93.705018	 93.704055	 93.703172	 93.702363	 93.701624	 93.700948	 93.700331	 93.699767	 93.699254	 93.698786	  93.69836	 93.697972	 93.697619	 93.697299	 93.697009	 93.696745	 93.696507	  93.69629	 93.696095	 93.695918	 93.695758	 93.695614	 93.695484	 93.695367	 93.695261	 93.695166	 93.695081	 93.695004	 93.694935	 93.694874	 93.694818	 93.694769	 93.694724	 93.694685	 93.694649	 93.694618	 93.694589	 93.694564	 93.694542	 93.694522	 93.694504	 93.694488	 93.694474	 93.694462	 93.694451	 93.694441	 93.694433	 93.694425	 93.694418	 93.694412	 93.694407	 93.694402	 93.694398	 93.694395	 93.694392	 93.694389	 93.694386	 93.694384	 93.694382	 93.694381	 93.694379	 93.694378	 93.694377	 93.694376	 93.694375	 93.694374	 93.694374	 93.694373	 93.694373	 93.694372	 93.694372	 93.694372	 93.694371	 93.694371	 93.694371	 93.694371	 93.694371	  93.69437	  93.69437	  93.69437	  93.69437	  93.69437	  93.69437	  93.69437	  93.69437	  93.69437	  93.69437	  93.69437	  93.69437	  93.69437	
        99	 98.841615	 98.683354	 98.525343	 98.367706	 98.210566	 98.054044	 97.898262	 97.743338	 97.589389	 97.436529	 97.284871	 97.134523	 96.985593	 96.838182	 96.692392	 96.548316	 96.406048	 96.265677	 96.127284	 95.990952	 95.856753	 95.724761	  95.59504	 95.467652	 95.342654	 95.220098	  95.10003	 94.982494	 94.867526	 94.755159	  94.64542	 94.538334	 94.433917	 94.332184	 94.233144	 94.136802	 94.043159	 93.952209	 93.863946	 93.778358	 93.695429	 93.615139	 93.537467	 93.462386	 93.389867	 93.319877	 93.252382	 93.187344	 93.124723	 93.064476	  93.00656	 92.950928	 92.897533	 92.846324	 92.797251	 92.750261	 92.705303	 92.662321	 92.621262	  92.58207	  92.54469	 92.509067	 92.475144	 92.442865	 92.412176	 92.383021	 92.355344	 92.329093	 92.304213	  92.28065	 92.258354	 92.237272	 92.217354	  92.19855	 92.180813	 92.164094	 92.148348	  92.13353	 92.119597	 92.106504	 92.094213	 92.082682	 92.071874	  92.06175	 92.052275	 92.043415	 92.035135	 92.027405	 92.020193	 92.013469	 92.007207	 92.001378	 91.995957	 91.990919	 91.986242	 91.981901	 91.977878	  91.97415	   91.9707	 91.967509	  91.96456	 91.961837	 91.959324	 91.957007	 91.954872	 91.952907	   91.9511	 91.949439	 91.947913	 91.946513	 91.945229	 91.944053	 91.942977	 91.941992	 91.941091	 91.940269	 91.939519	 91.938834	 91.938211	 91.937643	 91.937127	 91.936657	 91.936231	 91.935844	 91.935493	 91.935175	 91.934887	 91.934626	 91.934391	 91.934178	 91.933986	 91.933812	 91.933656	 91.933516	 91.933389	 91.933275	 91.933173	 91.933082	 91.932999	 91.932926	  91.93286	   91.9328	 91.932748	   91.9327	 91.932658	 91.932621	 91.932587	 91.932557	 91.932531	 91.932507	 91.932486	 91.932468	 91.932451	 91.932436	 91.932423	 91.932412	 91.932402	 91.932393	 91.932385	 91.932378	 91.932372	 91.932366	 91.932361	 91.932357	 91.932354	  91.93235	 91.932347	 91.932345	 91.932343	 91.932341	 91.932339	 91.932338	 91.932336	 91.932335	 91.932334	 91.932334	 91.932333	 91.932332	 91.932332	 91.932331	 91.932331	  91.93233	  91.93233	  91.93233	 91.932329	 91.932329	 91.932329	 91.932329	 91.932329	 91.932329	 91.932329	 91.932329	 91.932328	 91.932328	 91.932328	 91.932328	 91.932328	 91.932328	 91.932328	
        99	 98.802252	  98.60466	  98.40738	 98.210566	 98.014372	 97.818951	 97.624453	 97.431027	 97.238817	 97.047968	 96.858619	 96.670907	 96.484964	 96.300918	 96.118895	 95.939013	 95.761388	 95.586131	 95.413345	  95.24313	  95.07558	 94.910784	 94.748825	 94.589778	 94.433715	   94.2807	 94.130793	 93.984046	 93.840505	 93.700212	 93.563201	 93.429501	 93.299134	 93.172118	 93.048465	  92.92818	 92.811263	  92.69771	 92.587512	 92.480653	 92.377114	 92.276871	 92.179895	 92.086154	 91.995612	 91.908228	 91.823959	 91.742757	 91.664573	 91.589354	 91.517045	 91.447587	 91.380921	 91.316986	 91.255717	 91.197049	 91.140918	 91.087254	 91.035991	 90.987059	 90.940389	 90.895912	 90.853558	 90.813258	 90.774941	  90.73854	 90.703986	  90.67121	 90.640147	 90.610729	 90.582891	 90.556569	 90.531701	 90.508224	 90.486079	 90.465205	 90.445546	 90.427046	 90.409649	 90.393303	 90.377957	 90.363561	 90.350066	 90.337426	 90.325596	 90.314534	 90.304197	 90.294545	 90.285541	 90.277147	 90.269328	  90.26205	 90.255282	 90.248992	 90.243152	 90.237733	  90.23271	 90.228056	 90.223748	 90.219764	 90.216082	 90.212682	 90.209544	 90.206652	 90.203987	 90.201533	 90.199277	 90.197203	 90.195298	  90.19355	 90.191947	 90.190479	 90.189135	 90.187905	 90.186781	 90.185754	 90.184817	 90.183963	 90.183185	 90.182476	 90.181831	 90.181245	 90.180712	 90.180229	 90.179791	 90.179394	 90.179034	 90.178709	 90.178415	 90.178149	 90.177909	 90.177693	 90.177498	 90.177323	 90.177165	 90.177023	 90.176895	 90.176781	 90.176678	 90.176586	 90.176503	  90.17643	 90.176364	 90.176305	 90.176252	 90.176205	 90.176163	 90.176126	 90.176093	 90.176063	 90.176037	 90.176014	 90.175993	 90.175975	 90.175959	 90.175944	 90.175932	 90.175921	 90.175911	 90.175902	 90.175894	 90.175887	 90.175882	 90.175876	 90.175872	 90.175868	 90.175864	 90.175861	 90.175858	 90.175856	 90.175854	 90.175852	  90.17585	 90.175849	 90.175848	 90.175847	 90.175846	 90.175845	 90.175844	 90.175844	 90.175843	 90.175843	 90.175842	 90.175842	 90.175842	 90.175841	 90.175841	 90.175841	 90.175841	 90.175841	 90.175841	  90.17584	  90.17584	  90.17584	  90.17584	  90.17584	  90.17584	  90.17584	  90.17584	
        99	 98.763044	 98.526276	  98.28988	 98.054044	 97.818951	 97.584784	 97.351723	 97.119945	 96.889626	 96.660938	 96.434046	 96.209116	 95.986306	 95.765769	 95.547656	 95.332109	 95.119267	 94.909261	 94.702216	 94.498253	 94.297483	 94.100013	 93.905941	  93.71536	 93.528355	 93.345002	 93.165372	 92.989529	 92.817529	  92.64942	 92.485244	 92.325035	  92.16882	 92.016621	  91.86845	 91.724316	 91.584218	 91.448152	 91.316104	 91.188058	  91.06399	 90.943872	 90.827669	 90.715342	 90.606848	 90.502138	 90.401161	 90.303859	 90.210174	 90.120041	 90.033395	 89.950166	 89.870282	  89.79367	 89.720253	 89.649954	 89.582693	 89.518389	 89.456962	 89.398328	 89.342405	  89.28911	 89.238358	 89.190067	 89.144154	 89.100536	  89.05913	 89.019857	 88.982634	 88.947383	 88.914026	 88.882486	 88.852687	 88.824555	 88.798019	 88.773007	  88.74945	 88.727281	 88.706435	 88.686849	  88.66846	 88.651209	 88.635038	 88.619892	 88.605717	 88.592462	 88.580075	  88.56851	  88.55772	 88.547662	 88.538292	 88.529572	 88.521462	 88.513925	 88.506927	 88.500434	 88.494414	 88.488838	 88.483676	 88.478902	  88.47449	 88.470415	 88.466656	 88.463189	 88.459996	 88.457056	 88.454352	 88.451867	 88.449585	  88.44749	  88.44557	  88.44381	   88.4422	 88.440726	 88.439379	 88.438149	 88.437026	 88.436002	  88.43507	  88.43422	 88.433448	 88.432745	 88.432107	 88.431528	 88.431003	 88.430527	 88.430096	 88.429707	 88.429354	 88.429036	 88.428748	 88.428489	 88.428256	 88.428045	 88.427856	 88.427686	 88.427533	 88.427396	 88.427273	 88.427163	 88.427064	 88.426975	 88.426896	 88.426826	 88.426763	 88.426706	 88.426656	 88.426612	 88.426572	 88.426537	 88.426505	 88.426477	 88.426453	 88.426431	 88.426411	 88.426394	 88.426379	 88.426365	 88.426354	 88.426343	 88.426334	 88.426326	 88.426319	 88.426312	 88.426307	 88.426302	 88.426298	 88.426294	 88.426291	 88.426288	 88.426285	 88.426283	 88.426281	 88.426279	 88.426278	 88.426277	 88.426276	 88.426275	 88.426274	 88.426273	 88.426273	 88.426272	 88.426272	 88.426271	 88.426271	  88.42627	  88.42627	  88.42627	  88.42627	  88.42627	 88.426269	 88.426269	 88.426269	 88.426269	 88.426269	 88.426269	 88.426269	 88.426269	 88.426269	
        99	 98.724022	 98.448262	 98.172936	 97.898262	 97.624453	 97.351723	  97.08028	 96.810333	 96.542085	 96.275735	 96.011479	 95.749507	 95.490003	 95.233149	 94.979116	 94.728072	 94.480178	 94.235588	 93.994447	 93.756894	 93.523061	 93.293071	  93.06704	 92.845073	 92.627271	 92.413723	 92.204512	 91.999711	 91.799385	 91.603591	 91.412378	 91.225785	 91.043845	 90.866581	  90.69401	 90.526139	  90.36297	 90.204495	 90.050702	 89.901569	 89.757069	 89.617169	  89.48183	 89.351005	 89.224643	  89.10269	 88.985083	 88.871758	 88.762644	 88.657668	 88.556753	 88.459818	 88.366779	  88.27755	 88.192042	 88.110166	 88.031828	 87.956935	 87.885392	 87.817102	  87.75197	 87.689898	 87.630788	 87.574545	  87.52107	 87.470269	 87.422045	 87.376303	  87.33295	 87.291894	 87.253044	  87.21631	 87.181603	 87.148839	 87.117933	 87.088801	 87.061365	 87.035546	 87.011267	 86.988455	 86.967037	 86.946946	 86.928112	 86.910472	 86.893963	 86.878524	 86.864097	 86.850628	 86.838061	 86.826346	 86.815434	 86.805277	 86.795832	 86.787054	 86.778903	 86.771341	  86.76433	 86.757835	 86.751823	 86.746263	 86.741124	 86.736379	    86.732	 86.727963	 86.724244	  86.72082	 86.717671	 86.714776	 86.712118	 86.709678	 86.707442	 86.705392	 86.703516	   86.7018	 86.700231	 86.698799	 86.697491	 86.696299	 86.695212	 86.694223	 86.693323	 86.692505	 86.691762	 86.691088	 86.690476	 86.689922	  86.68942	 86.688966	 86.688556	 86.688185	  86.68785	 86.687548	 86.687276	 86.687031	 86.686811	 86.686613	 86.686435	 86.686275	 86.686132	 86.686003	 86.685888	 86.685785	 86.685693	 86.685611	 86.685537	 86.685472	 86.685413	 86.685361	 86.685315	 86.685274	 86.685237	 86.685205	 86.685176	 86.685151	 86.685128	 86.685108	  86.68509	 86.685075	 86.685061	 86.685049	 86.685038	 86.685028	  86.68502	 86.685013	 86.685006	 86.685001	 86.684996	 86.684991	 86.684988	 86.684984	 86.684981	 86.684979	 86.684977	 86.684975	 86.684973	 86.684971	  86.68497	 86.684969	 86.684968	 86.684967	 86.684966	 86.684966	 86.684965	 86.684965	 86.684964	 86.684964	 86.684964	 86.684963	 86.684963	 86.684963	 86.684963	 86.684963	 86.684963	 86.684963	 86.684962	 86.684962	 86.684962	 86.684962	 86.684962	
        99	 98.685215	 98.370677	 98.056636	 97.743338	 97.431027	 97.119945	 96.810333	 96.502427	 96.196458	 95.892655	  95.59124	 95.292429	 94.996435	 94.703462	 94.413708	 94.127363	 93.844611	 93.565626	 93.290576	  93.01962	 92.752906	 92.490575	 92.232759	  91.97958	 91.731151	 91.487575	 91.248945	 91.015345	  90.78685	 90.563524	 90.345423	 90.132592	 89.925067	 89.722877	 89.526039	 89.334563	 89.148449	  88.96769	  88.79227	 88.622167	 88.457348	 88.297775	 88.143405	 87.994183	 87.850053	 87.710951	 87.576807	 87.447546	 87.323089	 87.203352	 87.088246	 86.977679	 86.871557	 86.769781	  86.67225	 86.578861	 86.489507	 86.404083	 86.322479	 86.244587	 86.170296	 86.099495	 86.032074	 85.967922	 85.906928	 85.848983	 85.793977	 85.741804	 85.692355	 85.645526	 85.601212	 85.559312	 85.519726	 85.482354	 85.447102	 85.413874	  85.38258	  85.35313	 85.325437	 85.299417	 85.274988	 85.252071	 85.230589	 85.210469	 85.191638	 85.174028	 85.157573	 85.142209	 85.127875	 85.114513	 85.102066	 85.090482	 85.079708	 85.069696	 85.060399	 85.051773	 85.043776	 85.036368	 85.029511	 85.023169	 85.017307	 85.011895	   85.0069	 85.002295	 84.998053	 84.994148	 84.990556	 84.987254	 84.984222	  84.98144	 84.978889	 84.976551	 84.974411	 84.972454	 84.970664	  84.96903	 84.967539	 84.966179	 84.964939	 84.963811	 84.962785	 84.961852	 84.961004	 84.960235	 84.959537	 84.958905	 84.958333	 84.957815	 84.957347	 84.956924	 84.956542	 84.956198	 84.955888	 84.955608	 84.955357	 84.955131	 84.954928	 84.954745	 84.954582	 84.954435	 84.954304	 84.954187	 84.954082	 84.953988	 84.953904	 84.953829	 84.953763	 84.953703	 84.953651	 84.953604	 84.953562	 84.953525	 84.953492	 84.953463	 84.953437	 84.953414	 84.953394	 84.953376	 84.953361	 84.953347	 84.953334	 84.953324	 84.953314	 84.953306	 84.953298	 84.953292	 84.953286	 84.953281	 84.953277	 84.953273	  84.95327	 84.953267	 84.953264	 84.953262	  84.95326	 84.953259	 84.953257	 84.953256	 84.953255	 84.953254	 84.953253	 84.953252	 84.953252	 84.953251	 84.953251	  84.95325	  84.95325	  84.95325	 84.953249	 84.953249	 84.953249	 84.953249	 84.953249	 84.953248	 84.953248	 84.953248	 84.953248	 84.953248	 84.953248	
        99	 98.646651	 98.293581	 97.941068	 97.589389	 97.238817	 96.889626	 96.542085	 96.196458	 95.853006	 95.511985	 95.173645	 94.838228	 94.505973	 94.177108	 93.851857	 93.530434	 93.213042	 92.899881	 92.591136	 92.286985	 91.987597	 91.693129	 91.403729	 91.119534	 90.840671	 90.567255	 90.299391	 90.037174	 89.780686	 89.530002	 89.285182	 89.046278	  88.81333	  88.58637	 88.365418	 88.150485	 87.941571	 87.738668	 87.541758	 87.350816	 87.165806	 86.986685	 86.813403	 86.645901	 86.484114	 86.327971	 86.177393	 86.032297	 85.892593	 85.758187	  85.62898	 85.504869	 85.385746	 85.271502	 85.162023	 85.057192	 84.956892	 84.861003	 84.769403	 84.681968	 84.598576	 84.519101	 84.443421	 84.371409	 84.302943	   84.2379	 84.176156	  84.11759	 84.062084	 84.009518	 83.959776	 83.912743	 83.868307	 83.826357	 83.786786	 83.749488	  83.71436	 83.681302	 83.650216	 83.621009	 83.593587	 83.567863	 83.543749	 83.521164	 83.500026	 83.480259	 83.461788	 83.444542	 83.428452	 83.413453	 83.399482	 83.386478	 83.374384	 83.363145	 83.352709	 83.343027	  83.33405	 83.325735	 83.318038	 83.310918	 83.304339	 83.298263	 83.292657	 83.287488	 83.282726	 83.278342	  83.27431	 83.270604	 83.267201	 83.264078	 83.261214	  83.25859	 83.256188	 83.253991	 83.251982	 83.250148	 83.248473	 83.246947	 83.245556	 83.244289	 83.243137	  83.24209	 83.241138	 83.240275	 83.239492	 83.238782	  83.23814	 83.237559	 83.237033	 83.236558	  83.23613	 83.235743	 83.235395	 83.235081	 83.234799	 83.234545	 83.234317	 83.234113	 83.233929	 83.233765	 83.233618	 83.233486	 83.233368	 83.233263	 83.233169	 83.233085	  83.23301	 83.232943	 83.232884	 83.232831	 83.232785	 83.232743	 83.232706	 83.232673	 83.232644	 83.232619	 83.232596	 83.232576	 83.232558	 83.232543	 83.232529	 83.232517	 83.232506	 83.232497	 83.232489	 83.232481	 83.232475	 83.232469	 83.232465	  83.23246	 83.232457	 83.232453	  83.23245	 83.232448	 83.232446	 83.232444	 83.232442	 83.232441	  83.23244	 83.232439	 83.232438	 83.232437	 83.232436	 83.232435	 83.232435	 83.232434	 83.232434	 83.232434	 83.232433	 83.232433	 83.232433	 83.232433	 83.232433	 83.232433	 83.232433	 83.232432	 83.232432	 83.232432	 83.232432	
        99	 98.608361	 98.217031	 97.826318	 97.436529	 97.047968	 96.660938	 96.275735	 95.892655	 95.511985	  95.13401	 94.759005	 94.387241	 94.018981	  93.65448	 93.293983	 92.937729	 92.585944	 92.238847	 91.896645	 91.559535	 91.227704	 90.901326	 90.580566	 90.265574	 89.956492	 89.653448	 89.356557	 89.065925	 88.781644	 88.503794	 88.232444	 87.967651	 87.709461	 87.457907	 87.213012	 86.974787	 86.743234	 86.518344	 86.300096	 86.088463	 85.883404	 85.684873	 85.492813	  85.30716	 85.127841	 84.954778	 84.787883	 84.627064	 84.472221	  84.32325	 84.180042	 84.042481	  83.91045	 83.783826	 83.662483	 83.546293	 83.435124	 83.328844	 83.227317	 83.130408	 83.037979	 82.949892	  82.86601	 82.786196	  82.71031	 82.638218	 82.569784	 82.504872	 82.443351	 82.385088	 82.329956	 82.277826	 82.228575	 82.182079	  82.13822	  82.09688	 82.057946	 82.021305	 81.986851	 81.954479	 81.924086	 81.895574	 81.868847	 81.843814	 81.820386	 81.798477	 81.778004	  81.75889	 81.741056	 81.724432	 81.708946	 81.694533	 81.681129	 81.668672	 81.657106	 81.646374	 81.636425	 81.627208	 81.618677	 81.610786	 81.603494	  81.59676	 81.590546	 81.584817	 81.579539	  81.57468	 81.570211	 81.566103	 81.562331	 81.558869	 81.555695	 81.552787	 81.550125	 81.547689	 81.545463	  81.54343	 81.541574	 81.539882	 81.538341	 81.536937	  81.53566	 81.534499	 81.533444	 81.532487	  81.53162	 81.530833	 81.530121	 81.529477	 81.528894	 81.528368	 81.527893	 81.527465	 81.527079	 81.526731	 81.526418	 81.526137	 81.525884	 81.525658	 81.525454	 81.525272	 81.525109	 81.524962	 81.524832	 81.524715	 81.524611	 81.524518	 81.524435	 81.524361	 81.524296	 81.524237	 81.524185	 81.524139	 81.524098	 81.524062	  81.52403	 81.524002	 81.523977	 81.523954	 81.523935	 81.523917	 81.523902	 81.523889	 81.523877	 81.523867	 81.523857	 81.523849	 81.523842	 81.523836	 81.523831	 81.523826	 81.523822	 81.523818	 81.523815	 81.523812	  81.52381	 81.523808	 81.523806	 81.523804	 81.523803	 81.523802	 81.523801	   81.5238	 81.523799	 81.523798	 81.523798	 81.523797	 81.523797	 81.523797	 81.523796	 81.523796	 81.523796	 81.523796	 81.523795	 81.523795	 81.523795	 81.523795	 81.523795	 81.523795	 81.523795	
        99	 98.570372	 98.141082	  97.71247	 97.284871	 96.858619	 96.434046	 96.011479	  95.59124	 95.173645	 94.759005	 94.347624	 93.939799	 93.535818	  93.13596	 92.740495	 92.349683	 91.963774	 91.583008	 91.207612	 90.837803	 90.473784	 90.115747	 89.763873	 89.418327	 89.079264	 88.746823	 88.421134	  88.10231	 87.790454	 87.485652	 87.187981	 86.897503	 86.614268	 86.338313	 86.069663	  85.80833	 85.554317	 85.307612	 85.068194	 84.836032	 84.611082	 84.393293	 84.182604	 83.978942	  83.78223	 83.592379	 83.409295	 83.232876	 83.063013	 82.899592	 82.742493	 82.591589	  82.44675	 82.307843	  82.17473	 82.047269	 81.925317	 81.808728	 81.697353	 81.591043	 81.489648	 81.393017	 81.300999	 81.213442	 81.130196	 81.051111	 80.976038	  80.90483	 80.837341	 80.773427	 80.712947	 80.655761	 80.601732	 80.550726	 80.502613	 80.457263	 80.414552	 80.374357	 80.336561	 80.301049	 80.267707	  80.23643	 80.207111	 80.179649	 80.153949	 80.129914	 80.107456	 80.086487	 80.066924	 80.048687	 80.031699	 80.015888	 80.001183	 79.987519	  79.97483	 79.963057	 79.952143	 79.942032	 79.932673	 79.924017	 79.916018	  79.90863	 79.901814	 79.895529	 79.889739	 79.884409	 79.879507	 79.875001	 79.870862	 79.867065	 79.863583	 79.860393	 79.857472	   79.8548	 79.852358	 79.850128	 79.848092	 79.846236	 79.844545	 79.843005	 79.841604	  79.84033	 79.839174	 79.838124	 79.837172	 79.836309	 79.835528	 79.834821	 79.834182	 79.833605	 79.833084	 79.832614	  79.83219	 79.831809	 79.831466	 79.831157	  79.83088	 79.830632	 79.830408	 79.830208	 79.830029	 79.829869	 79.829726	 79.829598	 79.829483	 79.829381	  79.82929	 79.829209	 79.829137	 79.829073	 79.829016	 79.828966	 79.828921	 79.828881	 79.828846	 79.828815	 79.828787	 79.828763	 79.828742	 79.828723	 79.828706	 79.828691	 79.828678	 79.828667	 79.828657	 79.828648	  79.82864	 79.828633	 79.828627	 79.828622	 79.828618	 79.828614	  79.82861	 79.828607	 79.828605	 79.828602	   79.8286	 79.828599	 79.828597	 79.828596	 79.828595	 79.828594	 79.828593	 79.828592	 79.828591	 79.828591	  79.82859	  79.82859	  79.82859	 79.828589	 79.828589	 79.828589	 79.828589	 79.828589	 79.828588	 79.828588	 79.828588	 79.828588	 79.828588	
        99	 98.532711	  98.06579	 97.599605	 97.134523	 96.670907	 96.209116	 95.749507	 95.292429	 94.838228	 94.387241	 93.939799	 93.496225	  93.05683	 92.621921	 92.191789	 91.766719	 91.346982	 90.932838	 90.524536	 90.122309	  89.72638	 89.336958	 88.954238	 88.578402	 88.209617	 87.848035	 87.493796	 87.147024	  86.80783	  86.47631	 86.152545	 85.836604	 85.528541	 85.228396	 84.936196	 84.651955	 84.375675	 84.107344	 83.846939	 83.594425	 83.349757	 83.112877	 82.883718	 82.662204	 82.448248	 82.241755	 82.042622	 81.850738	 81.665986	 81.488239	 81.317368	 81.153236	 80.995701	 80.844618	 80.699836	 80.561202	  80.42856	  80.30175	 80.180612	 80.064983	   79.9547	 79.849599	 79.749514	 79.654282	 79.563739	 79.477721	 79.396068	 79.318618	 79.245212	 79.175696	 79.109914	 79.047715	  78.98895	 78.933473	 78.881142	 78.831817	 78.785362	 78.741644	 78.700535	 78.661909	 78.625645	 78.591625	 78.559736	 78.529868	 78.501914	 78.475773	 78.451346	 78.428539	 78.407261	 78.387425	 78.368949	 78.351752	 78.335758	 78.320895	 78.307094	  78.29429	 78.282419	 78.271422	 78.261242	 78.251828	 78.243127	 78.235092	 78.227678	 78.220842	 78.214544	 78.208747	 78.203415	 78.198514	 78.194013	 78.189883	 78.186095	 78.182626	 78.179449	 78.176543	 78.173887	 78.171461	 78.169247	 78.167228	 78.165388	 78.163714	  78.16219	 78.160805	 78.159547	 78.158405	 78.157369	 78.156431	 78.155581	 78.154812	 78.154117	  78.15349	 78.152923	 78.152412	 78.151951	 78.151536	 78.151163	 78.150828	 78.150526	 78.150256	 78.150013	 78.149795	 78.149601	 78.149426	  78.14927	 78.149131	 78.149007	 78.148896	 78.148797	 78.148709	 78.148631	 78.148561	 78.148499	 78.148444	 78.148395	 78.148352	 78.148314	  78.14828	  78.14825	 78.148223	   78.1482	 78.148179	 78.148161	 78.148145	 78.148131	 78.148119	 78.148108	 78.148098	  78.14809	 78.148082	 78.148076	  78.14807	 78.148065	 78.148061	 78.148057	 78.148054	 78.148051	 78.148049	 78.148046	 78.148044	 78.148043	 78.148041	  78.14804	 78.148039	 78.148038	 78.148037	 78.148037	 78.148036	 78.148036	 78.148035	 78.148035	 78.148034	 78.148034	 78.148034	 78.148034	 78.148034	 78.148033	 78.148033	 78.148033	 78.148033	 78.148033	
        99	 98.495405	 97.991207	 97.487805	 96.985593	 96.484964	 95.986306	 95.490003	 94.996435	 94.505973	 94.018981	 93.535818	  93.05683	 92.582357	 92.112726	 91.648255	  91.18925	 90.736003	 90.288796	 89.847896	 89.413558	  88.98602	 88.565509	 88.152235	 87.746394	 87.348166	 86.957717	 86.575198	 86.200742	 85.834468	 85.476481	 85.126869	 84.785704	 84.453047	 84.128939	 83.813412	 83.506479	 83.208142	 82.918388	 82.637194	 82.364521	  82.10032	 81.844528	 81.597075	 81.357876	 81.126838	  80.90386	 80.688829	 80.481627	 80.282124	 80.090188	 79.905675	 79.728439	 79.558328	 79.395183	 79.238842	 79.089141	 78.945909	 78.808975	 78.678166	 78.553307	 78.434219	 78.320727	 78.212652	 78.109817	 78.012045	 77.919161	 77.830988	 77.747355	 77.668089	 77.593023	 77.521989	 77.454825	 77.391368	 77.331463	 77.274954	  77.22169	 77.171527	 77.124319	 77.079928	 77.038218	 76.999059	 76.962324	 76.927889	 76.895636	  76.86545	 76.837222	 76.810845	 76.786217	 76.763241	 76.741821	  76.72187	   76.7033	 76.686029	  76.66998	 76.655077	  76.64125	 76.628431	 76.616556	 76.605565	 76.595398	 76.586003	 76.577326	  76.56932	 76.561939	 76.555139	 76.548879	 76.543121	 76.537828	 76.532968	 76.528508	 76.524418	 76.520671	 76.517241	 76.514103	 76.511235	 76.508615	 76.506225	 76.504045	 76.502058	  76.50025	 76.498604	 76.497109	  76.49575	 76.494517	 76.493399	 76.492385	 76.491468	 76.490638	 76.489887	 76.489209	 76.488597	 76.488046	 76.487548	   76.4871	 76.486697	 76.486335	  76.48601	 76.485717	 76.485455	  76.48522	  76.48501	 76.484822	 76.484653	 76.484503	 76.484369	 76.484249	 76.484142	 76.484047	 76.483963	 76.483887	  76.48382	 76.483761	 76.483708	 76.483662	  76.48362	 76.483584	 76.483551	 76.483523	 76.483498	 76.483475	 76.483456	 76.483438	 76.483423	  76.48341	 76.483398	 76.483388	 76.483378	 76.483371	 76.483364	 76.483357	 76.483352	 76.483347	 76.483343	  76.48334	 76.483337	 76.483334	 76.483332	  76.48333	 76.483328	 76.483326	 76.483325	 76.483324	 76.483323	 76.483322	 76.483321	 76.483321	  76.48332	  76.48332	 76.483319	 76.483319	 76.483318	 76.483318	 76.483318	 76.483318	 76.483318	 76.483318	 76.483318	 76.483318	 76.483317	
        99	 98.458479	 97.917386	 97.377145	 96.838182	 96.300918	 95.765769	 95.233149	 94.703462	 94.177108	  93.65448	  93.13596	 92.621921	 92.112726	 91.608729	 91.110269	 90.617674	  90.13126	 89.651327	 89.178163	  88.71204	 88.253216	 87.801933	 87.358416	 86.922876	 86.495507	 86.076487	 85.665975	 85.264117	  84.87104	 84.486856	  84.11166	  83.74553	 83.388529	 83.040704	 82.702087	 82.372693	 82.052524	 81.741568	 81.439796	 81.147169	 80.863634	 80.589125	 80.323563	  80.06686	 79.818916	  79.57962	 79.348854	 79.126489	 78.912387	 78.706405	  78.50839	 78.318185	 78.135625	 77.960541	  77.79276	 77.632104	  77.47839	 77.331437	 77.191055	 77.057058	 76.929256	 76.807459	 76.691476	 76.581115	 76.476189	 76.376507	 76.281882	 76.192129	 76.107063	 76.026504	 75.950272	 75.878192	 75.810092	 75.745803	 75.685158	 75.627998	 75.574163	   75.5235	 75.475861	 75.431099	 75.389075	 75.349651	 75.312696	 75.278083	 75.245689	 75.215395	 75.187088	 75.160658	    75.136	 75.113013	 75.091601	 75.071672	 75.053138	 75.035914	 75.019921	 75.005082	 74.991325	 74.978582	 74.966785	 74.955875	 74.945792	 74.936481	 74.927889	 74.919967	 74.912669	 74.905951	 74.899772	 74.894092	 74.888876	  74.88409	 74.879701	  74.87568	 74.871999	 74.868631	 74.865553	 74.862742	 74.860176	 74.857836	 74.855705	 74.853764	 74.851998	 74.850393	 74.848935	 74.847612	 74.846412	 74.845324	 74.844339	 74.843449	 74.842643	 74.841916	 74.841259	 74.840667	 74.840133	 74.839652	  74.83922	 74.838831	 74.838482	 74.838168	 74.837887	 74.837635	 74.837409	 74.837207	 74.837026	 74.836865	 74.836721	 74.836592	 74.836478	 74.836376	 74.836285	 74.836204	 74.836132	 74.836069	 74.836012	 74.835962	 74.835918	 74.835878	 74.835844	 74.835813	 74.835786	 74.835762	 74.835741	 74.835722	 74.835706	 74.835691	 74.835679	 74.835668	 74.835658	 74.835649	 74.835642	 74.835635	  74.83563	 74.835625	  74.83562	 74.835617	 74.835613	  74.83561	 74.835608	 74.835606	 74.835604	 74.835602	 74.835601	 74.835599	 74.835598	 74.835597	 74.835597	 74.835596	 74.835595	 74.835595	 74.835594	 74.835594	 74.835594	 74.835593	 74.835593	 74.835593	 74.835593	 74.835593	 74.835593	 74.835593	 74.835593	
        99	  98.42196	 97.844375	 97.267702	 96.692392	 96.118895	 95.547656	 94.979116	 94.413708	 93.851857	 93.293983	 92.740495	 92.191789	 91.648255	 91.110269	 90.578193	 90.052378	 89.533161	 89.020862	 88.515788	 88.018231	 87.528464	 87.046746	 86.573319	 86.108407	 85.652217	 85.204938	 84.766742	 84.337783	 83.918197	 83.508104	 83.107605	 82.716784	 82.335707	 81.964426	 81.602972	 81.251364	 80.909604	 80.577677	 80.255554	 79.943193	 79.640536	 79.347514	 79.064043	 78.790028	 78.525363	  78.26993	 78.023601	  77.78624	   77.5577	 77.337826	 77.126457	 76.923425	 76.728553	 76.541662	 76.362566	 76.191075	 76.026996	 75.870131	 75.720283	  75.57725	 75.440829	 75.310818	 75.187012	  75.06921	 74.957207	 74.850803	 74.749797	  74.65399	 74.563188	 74.477196	 74.395823	 74.318882	  74.24619	 74.177565	 74.112831	 74.051815	  73.99435	 73.940271	 73.889418	 73.841638	 73.796779	 73.754697	  73.71525	 73.678303	 73.643724	 73.611387	 73.581171	 73.552958	 73.526637	 73.502101	 73.479245	 73.457972	 73.438188	 73.419802	 73.402731	 73.386891	 73.372207	 73.358603	 73.346012	 73.334365	 73.323602	 73.313663	 73.304492	 73.296036	 73.288246	 73.281075	 73.274479	 73.268416	 73.262849	 73.257739	 73.253055	 73.248762	 73.244833	 73.241238	 73.237952	 73.234952	 73.232213	 73.229715	  73.22744	 73.225368	 73.223483	  73.22177	 73.220214	 73.218801	  73.21752	 73.216359	 73.215308	 73.214357	 73.213498	 73.212721	  73.21202	 73.211388	 73.210818	 73.210305	 73.209843	 73.209428	 73.209055	 73.208721	  73.20842	 73.208151	  73.20791	 73.207695	 73.207502	  73.20733	 73.207176	 73.207039	 73.206916	 73.206807	  73.20671	 73.206624	 73.206548	  73.20648	 73.206419	 73.206366	 73.206318	 73.206277	 73.206239	 73.206207	 73.206178	 73.206152	  73.20613	  73.20611	 73.206092	 73.206077	 73.206064	 73.206052	 73.206041	 73.206032	 73.206024	 73.206017	 73.206011	 73.206006	 73.206001	 73.205997	 73.205994	  73.20599	 73.205988	 73.205985	 73.205983	 73.205982	  73.20598	 73.205979	 73.205978	 73.205977	 73.205976	 73.205975	 73.205974	 73.205974	 73.205973	 73.205973	 73.205973	 73.205972	 73.205972	 73.205972	 73.205972	 73.205972	 73.205972	 73.205971	 73.205971	
        99	  98.38587	 97.772224	 97.159546	 96.548316	 95.939013	 95.332109	 94.728072	 94.127363	 93.530434	 92.937729	 92.349683	 91.766719	  91.18925	 90.617674	 90.052378	 89.493734	 88.942099	 88.397815	 87.861207	 87.332585	  86.81224	 86.300446	 85.797461	 85.303522	 84.818849	 84.343644	 83.878089	 83.422349	 82.976566	 82.540869	 82.115365	 81.700143	 81.295274	 80.900811	 80.516791	  80.14323	 79.780132	 79.427481	 79.085247	 78.753383	 78.431831	 78.120514	 77.819344	 77.528221	 77.247032	 76.975651	 76.713943	 76.461762	 76.218953	 75.985351	 75.760786	 75.545077	 75.338039	 75.139479	 74.949201	 74.767003	  74.59268	 74.426022	 74.266818	 74.114854	 73.969916	 73.831787	 73.700252	 73.575095	 73.456099	 73.343052	 73.235739	 73.133952	  73.03748	 72.946119	 72.859666	 72.777921	  72.70069	  72.62778	 72.559005	  72.49418	 72.433127	 72.375671	 72.321644	  72.27088	 72.223221	 72.178511	 72.136602	 72.097348	  72.06061	 72.026254	 71.994151	 71.964177	 71.936213	 71.910144	 71.885862	  71.86326	 71.842241	 71.822708	  71.80457	 71.787742	 71.772141	 71.757688	  71.74431	 71.731937	 71.720502	 71.709942	 71.700198	 71.691214	 71.682938	 71.675319	 71.668311	  71.66187	 71.655955	 71.650527	 71.645549	 71.640989	 71.636814	 71.632995	 71.629504	 71.626316	 71.623406	 71.620753	 71.618335	 71.616134	 71.614132	 71.612311	 71.610658	 71.609157	 71.607796	 71.606563	 71.605446	 71.604436	 71.603523	 71.602698	 71.601953	 71.601281	 71.600676	 71.600131	  71.59964	 71.599199	 71.598803	 71.598447	 71.598128	 71.597843	 71.597587	 71.597357	 71.597153	  71.59697	 71.596806	  71.59666	  71.59653	 71.596415	 71.596312	  71.59622	 71.596139	 71.596067	 71.596002	 71.595946	 71.595895	 71.595851	 71.595811	 71.595777	 71.595746	 71.595719	 71.595695	 71.595674	 71.595655	 71.595639	 71.595625	 71.595612	 71.595601	 71.595591	 71.595583	 71.595575	 71.595569	 71.595563	 71.595558	 71.595554	  71.59555	 71.595547	 71.595544	 71.595541	 71.595539	 71.595537	 71.595536	 71.595534	 71.595533	 71.595532	 71.595531	  71.59553	  71.59553	 71.595529	 71.595529	 71.595528	 71.595528	 71.595528	 71.595527	 71.595527	 71.595527	 71.595527	 71.595527	 71.595527	 71.595527	
        99	 98.350233	 97.700978	 97.052747	 96.406048	 95.761388	 95.119267	 94.480178	 93.844611	 93.213042	 92.585944	 91.963774	 91.346982	 90.736003	  90.13126	 89.533161	 88.942099	 88.358454	 87.782586	 87.214839	 86.655542	 86.105001	 85.563509	 85.031336	 84.508735	 83.995938	 83.493157	 83.000587	   82.5184	  82.04675	  81.58577	 81.135574	 80.696258	 80.267895	 79.850542	 79.444237	    79.049	 78.664831	 78.291716	 77.929623	 77.578502	  77.23829	 76.908908	 76.590262	 76.282246	 75.984739	  75.69761	 75.420716	 75.153901	 74.897002	 74.649846	 74.412249	 74.184023	 73.964971	 73.754889	  73.55357	 73.360799	  73.17636	 73.000031	 72.831588	 72.670807	 72.517458	 72.371314	 72.232146	 72.099726	 71.973826	 71.854218	 71.740679	 71.632984	 71.530914	 71.434252	 71.342782	 71.256294	 71.174581	 71.097441	 71.024674	 70.956088	 70.891492	 70.830702	  70.77354	 70.719831	 70.669406	 70.622102	  70.57776	 70.536228	 70.497359	 70.461009	 70.427044	  70.39533	 70.365743	 70.338162	  70.31247	 70.288558	 70.266318	 70.245652	 70.226462	 70.208657	  70.19215	 70.176859	 70.162705	 70.149613	 70.137515	 70.126342	 70.116033	 70.106528	 70.097771	  70.08971	 70.082296	 70.075481	 70.069222	 70.063479	 70.058213	 70.053388	 70.048971	  70.04493	 70.041237	 70.037864	 70.034785	 70.031978	  70.02942	 70.027091	 70.024972	 70.023046	 70.021297	 70.019709	 70.018269	 70.016965	 70.015783	 70.014714	 70.013748	 70.012875	 70.012087	 70.011376	 70.010736	 70.010159	  70.00964	 70.009173	 70.008754	 70.008378	 70.008041	 70.007738	 70.007467	 70.007225	 70.007008	 70.006814	 70.006642	 70.006487	  70.00635	 70.006227	 70.006118	 70.006022	 70.005935	 70.005859	 70.005791	 70.005731	 70.005678	 70.005631	 70.005589	 70.005552	  70.00552	 70.005491	 70.005466	 70.005443	 70.005424	 70.005407	 70.005391	 70.005378	 70.005366	 70.005356	 70.005347	 70.005339	 70.005332	 70.005326	 70.005321	 70.005317	 70.005313	 70.005309	 70.005306	 70.005303	 70.005301	 70.005299	 70.005297	 70.005296	 70.005295	 70.005294	 70.005293	 70.005292	 70.005291	  70.00529	  70.00529	 70.005289	 70.005289	 70.005289	 70.005289	 70.005288	 70.005288	 70.005288	 70.005288	 70.005288	 70.005288	
