Time step 32:
        99	        99	        99	        99	        99	        99	        99	        99	        99	        99	        99	        99	        99	        99	        99	        99	        99	        99	        99	        99	        99	        99	        99	        99	        99	        99	        99	        99	        99	        99	        99	        99	        99	        99	        99	        99	        99	        99	        99	        99	        99	        99	        99	        99	        99	        99	        99	        99	        99	        99	        99	        99	        99	        99	        99	        99	        99	        99	        99	        99	        99	        99	        99	        99	        99	        99	        99	        99	        99	        99	        99	        99	        99	        99	        99	        99	        99	        99	        99	        99	        99	        99	        99	        99	        99	        99	        99	        99	        99	        99	        99	        99	        99	        99	        99	        99	        99	        99	        99	        99	        99	        99	        99	        99	        99	        99	        99	        99	        99	        99	        99	        99	        99	        99	        99	        99	        99	        99	        99	        99	        99	        99	        99	        99	        99	        99	        99	        99	        99	        99	        99	        99	        99	        99	        99	        99	        99	        99	        99	        99	        99	        99	        99	        99	        99	        99	        99	        99	        99	        99	        99	        99	        99	        99	        99	        99	        99	        99	        99	        99	        99	        99	        99	        99	        99	        99	        99	        99	        99	        99	        99	        99	        99	        99	        99	        99	        99	        99	        99	        99	        99	        99	        99	        99	        99	        99	        99	        99	        99	        99	        99	        99	        99	        99	        99	        99	        99	        99	        99	        99	
        99	  98.98016	 98.960327	  98.94051	 98.920716	 98.900954	 98.881231	 98.861554	 98.841932	 98.822371	  98.80288	 98.783465	 98.764135	 98.744896	 98.725755	  98.70672	 98.687797	 98.668993	 98.650315	 98.631769	 98.613361	 98.595099	 98.576987	 98.559031	 98.541238	 98.523612	  98.50616	 98.488885	 98.471794	  98.45489	 98.438179	 98.421664	  98.40535	 98.389241	  98.37334	 98.357651	 98.342177	 98.326921	 98.311887	 98.297076	 98.282491	 98.268135	 98.254009	 98.240116	 98.226456	 98.213031	 98.199842	  98.18689	 98.174177	 98.161702	 98.149466	 98.137469	 98.125711	 98.114191	  98.10291	 98.091867	 98.081061	 98.070491	 98.060156	 98.050055	 98.040186	 98.030548	  98.02114	 98.011958	 98.003002	  97.99427	 97.985758	 97.977465	 97.969389	 97.961526	 97.953875	 97.946432	 97.939194	  97.93216	 97.925325	 97.918686	 97.912241	 97.905987	 97.899919	 97.894036	 97.888333	 97.882807	 97.877455	 97.872274	 97.867259	 97.862408	 97.857717	 97.853182	   97.8488	 97.844568	 97.840482	 97.836538	 97.832733	 97.829064	 97.825527	 97.822119	 97.818837	 97.815676	 97.812634	 97.809707	 97.806892	 97.804187	 97.801587	 97.799089	 97.796691	 97.794389	 97.792181	 97.790063	 97.788033	 97.786087	 97.784223	 97.782439	 97.780731	 97.779096	 97.777533	 97.776039	 97.774611	 97.773246	 97.771944	   97.7707	 97.769514	 97.768382	 97.767304	 97.766275	 97.765296	 97.764363	 97.763475	 97.762631	 97.761827	 97.761063	 97.760337	 97.759647	 97.758992	 97.758371	 97.757781	 97.757221	  97.75669	 97.756188	 97.755711	  97.75526	 97.754833	 97.754429	 97.754046	 97.753685	 97.753343	 97.753021	 97.752716	 97.752428	 97.752156	   97.7519	 97.751659	 97.751431	 97.751217	 97.751015	 97.750825	 97.750646	 97.750478	 97.750319	 97.750171	 97.750031	   97.7499	 97.749777	 97.749662	 97.749553	 97.749452	 97.749357	 97.749268	 97.749185	 97.749107	 97.749034	 97.748966	 97.748902	 97.748843	 97.748788	 97.748736	 97.748688	 97.748644	 97.748602	 97.748564	 97.748528	 97.748495	 97.748464	 97.748436	  97.74841	 97.748387	 97.748365	 97.748345	 97.748327	  97.74831	 97.748295	 97.748282	 97.748271	  97.74826	 97.748251	 97.748244	 97.748238	 97.748233	 97.748229	 97.748227	 97.748225	
        99	 98.960327	  98.92067	 98.881043	 98.841464	 98.801947	 98.762509	 98.723163	 98.683926	 98.644812	 98.605837	 98.567016	 98.528363	 98.489892	 98.451618	 98.413555	 98.375717	 98.338117	 98.300768	 98.263683	 98.226875	 98.190357	  98.15414	 98.118236	 98.082657	 98.047412	 98.012514	 97.977972	 97.943796	 97.909995	 97.876579	 97.843556	 97.810934	 97.778722	 97.746927	 97.715555	 97.684613	 97.654108	 97.624045	 97.594429	 97.565266	 97.536559	 97.508313	 97.480531	 97.453216	 97.426372	      97.4	 97.374102	  97.34868	 97.323735	 97.299267	 97.275278	 97.251766	 97.228732	 97.206174	 97.184092	 97.162484	 97.141348	 97.120683	 97.100484	 97.080751	 97.061479	 97.042665	 97.024306	 97.006398	 96.988936	 96.971916	 96.955334	 96.939185	 96.923462	 96.908162	 96.893279	 96.878807	  96.86474	 96.851073	 96.837799	 96.824912	 96.812405	 96.800273	 96.788508	 96.777105	 96.766055	 96.755353	 96.744992	 96.734965	 96.725264	 96.715884	 96.706816	 96.698054	 96.689591	 96.681421	 96.673535	 96.665927	  96.65859	 96.651518	 96.644703	 96.638139	 96.631819	 96.625736	 96.619883	 96.614255	 96.608845	 96.603646	 96.598652	 96.593857	 96.589254	 96.584838	 96.580603	 96.576544	 96.572653	 96.568926	 96.565358	 96.561942	 96.558674	 96.555548	  96.55256	 96.549705	 96.546977	 96.544372	 96.541886	 96.539513	 96.537251	 96.535093	 96.533037	 96.531079	 96.529214	 96.527439	 96.525749	 96.524143	 96.522615	 96.521163	 96.519784	 96.518474	 96.517231	 96.516051	 96.514932	 96.513871	 96.512866	 96.511913	 96.511011	 96.510157	 96.509349	 96.508584	 96.507861	 96.507178	 96.506533	 96.505923	 96.505348	 96.504805	 96.504293	  96.50381	 96.503355	 96.502926	 96.502522	 96.502142	 96.501785	 96.501448	 96.501132	 96.500835	 96.500555	 96.500293	 96.500047	 96.499816	   96.4996	 96.499397	 96.499207	 96.499029	 96.498863	 96.498707	 96.498561	 96.498425	 96.498298	 96.498179	 96.498069	 96.497966	  96.49787	 96.497781	 96.497698	 96.497621	  96.49755	 96.497484	 96.497423	 96.497366	 96.497314	 96.497267	 96.497223	 96.497183	 96.497147	 96.497114	 96.497085	 96.497058	 96.497035	 96.497014	 96.496997	 96.496981	 96.496969	 96.496959	 96.496952	 96.496947	 96.496944	
        99	  98.94051	 98.881043	 98.821624	 98.762275	 98.703019	  98.64388	 98.584881	 98.526044	 98.467393	  98.40895	 98.350737	 98.292777	  98.23509	 98.177698	 98.120622	 98.063883	 98.007501	 97.951496	 97.895888	 97.840694	 97.785935	 97.731627	 97.677789	 97.624437	 97.571588	 97.519258	 97.467461	 97.416214	  97.36553	 97.315422	 97.265904	 97.216988	 97.168685	 97.121008	 97.073966	 97.027568	 96.981826	 96.936746	 96.892337	 96.848606	  96.80556	 96.763205	 96.721545	 96.680587	 96.640333	 96.600788	 96.561954	 96.523834	 96.486428	 96.449739	 96.413767	 96.378511	 96.343971	 96.310146	 96.277034	 96.244632	 96.212939	  96.18195	 96.151663	 96.122072	 96.093174	 96.064963	 96.037433	  96.01058	 95.984396	 95.958874	 95.934009	 95.909793	 95.886217	 95.863275	 95.840958	 95.819257	 95.798163	 95.777669	 95.757764	  95.73844	 95.719686	 95.701494	 95.683853	 95.666753	 95.650184	 95.634137	   95.6186	 95.603564	 95.589018	 95.574952	 95.561354	 95.548216	 95.535526	 95.523274	 95.511449	 95.500041	  95.48904	 95.478435	 95.468216	 95.458373	 95.448896	 95.439774	 95.430999	 95.422559	 95.414446	  95.40665	 95.399161	 95.391971	  95.38507	 95.378448	 95.372098	  95.36601	 95.360176	 95.354588	 95.349237	 95.344115	 95.339215	 95.334528	 95.330047	 95.325765	 95.321675	 95.317769	  95.31404	 95.310483	  95.30709	 95.303855	 95.300772	 95.297836	 95.295039	 95.292377	 95.289844	 95.287435	 95.285144	 95.282967	 95.280899	 95.278935	 95.277071	 95.275302	 95.273624	 95.272033	 95.270525	 95.269096	 95.267743	 95.266463	 95.265251	 95.264105	 95.263021	 95.261996	 95.261029	 95.260115	 95.259252	 95.258438	  95.25767	 95.256946	 95.256263	  95.25562	 95.255015	 95.254445	 95.253908	 95.253404	  95.25293	 95.252484	 95.252065	 95.251672	 95.251303	 95.250957	 95.250633	 95.250328	 95.250043	 95.249777	 95.249527	 95.249293	 95.249075	 95.248871	  95.24868	 95.248502	 95.248337	 95.248182	 95.248038	 95.247905	  95.24778	 95.247665	 95.247558	 95.247459	 95.247368	 95.247283	 95.247205	 95.247134	 95.247068	 95.247009	 95.246954	 95.246905	 95.246861	 95.246821	 95.246786	 95.246755	 95.246729	 95.246706	 95.246687	 95.246673	 95.246662	 95.246654	 95.246651	
        99	 98.920716	 98.841464	 98.762275	 98.683178	 98.604207	 98.525392	 98.446762	  98.36835	 98.290184	 98.212296	 98.134715	 98.057469	 97.980589	 97.904101	 97.828035	 97.752418	 97.677277	 97.602638	 97.528527	  97.45497	 97.381991	 97.309614	 97.237863	  97.16676	 97.096327	 97.026585	 96.957555	 96.889257	 96.821709	 96.754929	 96.688935	 96.623744	  96.55937	 96.495829	 96.433135	 96.371301	 96.310339	  96.25026	 96.191075	 96.132794	 96.075426	 96.018978	 95.963458	 95.908871	 95.855225	 95.802522	 95.750767	 95.699963	 95.650112	 95.601216	 95.553275	 95.506289	 95.460257	 95.415177	 95.371048	 95.327866	 95.285628	 95.244329	 95.203964	 95.164528	 95.126015	 95.088417	 95.051728	  95.01594	 94.981043	 94.947031	 94.913893	 94.881619	 94.850199	 94.819624	 94.789881	 94.760959	 94.732848	 94.705535	 94.679007	 94.653253	  94.62826	 94.604015	 94.580504	 94.557715	 94.535633	 94.514246	  94.49354	 94.473502	 94.454116	 94.435369	 94.417248	 94.399738	 94.382826	 94.366497	 94.350738	 94.335534	 94.320873	 94.306739	  94.29312	 94.280002	 94.267372	 94.255215	  94.24352	 94.232273	  94.22146	  94.21107	  94.20109	 94.191507	  94.18231	 94.173485	 94.165022	 94.156909	 94.149134	 94.141686	 94.134555	 94.127729	 94.121198	 94.114952	  94.10898	 94.103273	 94.097822	 94.092616	 94.087647	 94.082906	 94.078385	 94.074074	 94.069965	 94.066051	 94.062324	 94.058776	   94.0554	  94.05219	 94.049137	 94.046236	 94.043479	 94.040862	 94.038377	  94.03602	 94.033783	 94.031663	 94.029653	  94.02775	 94.025947	  94.02424	 94.022625	 94.021097	 94.019653	 94.018288	 94.016998	  94.01578	  94.01463	 94.013545	 94.012521	 94.011556	 94.010647	  94.00979	 94.008983	 94.008223	 94.007509	 94.006836	 94.006204	  94.00561	 94.005052	 94.004528	 94.004037	 94.003575	 94.003143	 94.002737	 94.002357	 94.002002	 94.001669	 94.001358	 94.001067	 94.000795	 94.000541	 94.000304	 94.000083	 93.999877	 93.999685	 93.999507	 93.999342	 93.999188	 93.999045	 93.998913	 93.998791	 93.998679	 93.998575	  93.99848	 93.998393	 93.998313	 93.998241	 93.998175	 93.998116	 93.998063	 93.998016	 93.997975	  93.99794	  93.99791	 93.997885	 93.997865	 93.997851	 93.997841	 93.997836	
        99	 98.900954	 98.801947	 98.703019	 98.604207	 98.505551	  98.40709	 98.308862	 98.210904	 98.113255	 98.015952	 97.919033	 97.822533	 97.726489	 97.630936	  97.53591	 97.441444	 97.347573	  97.25433	 97.161746	 97.069854	 96.978684	 96.888266	  96.79863	 96.709804	 96.621815	 96.534689	 96.448453	  96.36313	 96.278745	  96.19532	 96.112876	 96.031435	 95.951016	 95.871637	 95.793315	 95.716068	  95.63991	 95.564856	 95.490919	 95.418111	 95.346443	 95.275925	 95.206565	 95.138373	 95.071354	 95.005515	  94.94086	 94.877392	 94.815116	 94.754031	  94.69414	 94.635442	 94.577936	  94.52162	 94.466491	 94.412546	 94.359779	 94.308186	  94.25776	 94.208494	  94.16038	 94.113411	 94.067577	 94.022868	 93.979274	 93.936783	 93.895385	 93.855066	 93.815815	 93.777618	 93.740461	 93.704331	 93.669213	 93.635091	 93.601952	 93.569778	 93.538555	 93.508266	 93.478895	 93.450425	  93.42284	 93.396122	 93.370255	 93.345221	 93.321003	 93.297584	 93.274946	 93.253072	 93.231944	 93.211545	 93.191857	 93.172864	 93.154548	 93.136892	 93.119878	  93.10349	 93.087711	 93.072525	 93.057914	 93.043863	 93.030356	 93.017376	 93.004908	 92.992937	 92.981446	 92.970422	  92.95985	 92.949714	 92.940001	 92.930697	 92.921788	 92.913261	 92.905102	 92.897299	 92.889839	 92.882709	 92.875899	 92.869396	 92.863189	 92.857266	 92.851617	 92.846231	 92.841099	 92.836209	 92.831553	 92.827121	 92.822904	 92.818893	 92.815079	 92.811454	 92.808011	 92.804741	 92.801637	 92.798692	 92.795898	 92.793249	 92.790739	 92.788361	 92.786108	 92.783976	 92.781958	  92.78005	 92.778245	  92.77654	 92.774929	 92.773407	 92.771971	 92.770615	 92.769337	 92.768131	 92.766995	 92.765924	 92.764916	 92.763967	 92.763074	 92.762234	 92.761445	 92.760703	 92.760006	 92.759351	 92.758737	 92.758161	  92.75762	 92.757114	 92.756639	 92.756195	 92.755779	  92.75539	 92.755027	 92.754687	  92.75437	 92.754074	 92.753798	 92.753541	 92.753301	 92.753078	 92.752872	  92.75268	 92.752501	 92.752337	 92.752184	 92.752044	 92.751914	 92.751795	 92.751686	 92.751587	 92.751496	 92.751414	 92.751341	 92.751275	 92.751216	 92.751165	 92.751121	 92.751083	 92.751052	 92.751027	 92.751009	 92.750997	 92.750991	
        99	 98.881231	 98.762509	  98.64388	 98.525392	  98.40709	 98.289022	 98.171233	 98.053768	 97.936674	 97.819995	 97.703776	  97.58806	  97.47289	  97.35831	  97.24436	 97.131083	  97.01852	 96.906708	 96.795688	 96.685497	 96.576172	 96.467749	 96.360264	 96.253749	 96.148238	 96.043763	 95.940354	 95.838041	 95.736852	 95.636814	 95.537953	 95.440294	 95.343861	 95.248674	 95.154757	 95.062127	 94.970803	 94.880804	 94.792143	 94.704836	 94.618897	 94.534336	 94.451165	 94.369393	 94.289029	 94.210079	 94.132548	 94.056442	 93.981764	 93.908516	 93.836699	 93.766312	 93.697354	 93.629824	 93.563717	 93.499029	 93.435755	 93.373888	  93.31342	 93.254344	 93.196649	 93.140327	 93.085366	 93.031753	 92.979478	 92.928526	 92.878884	 92.830537	 92.783469	 92.737666	  92.69311	 92.649785	 92.607674	 92.566757	 92.527019	 92.488438	 92.450998	 92.414677	 92.379457	 92.345318	  92.31224	 92.280202	 92.249184	 92.219165	 92.190124	 92.162041	 92.134895	 92.108665	  92.08333	 92.058869	 92.035261	 92.012485	 91.990522	 91.969349	 91.948948	 91.929297	 91.910376	 91.892165	 91.874645	 91.857796	 91.841599	 91.826035	 91.811084	 91.796728	  91.78295	 91.769731	 91.757053	 91.744899	 91.733252	 91.722095	 91.711412	 91.701186	 91.691403	 91.682046	   91.6731	 91.664551	 91.656385	 91.648587	 91.641143	 91.634041	 91.627267	 91.620809	 91.614654	 91.608791	 91.603208	 91.597893	 91.592836	 91.588026	 91.583453	 91.579107	 91.574978	 91.571057	 91.567335	 91.563803	 91.560453	 91.557277	 91.554266	 91.551414	 91.548713	 91.546157	 91.543737	 91.541449	 91.539285	  91.53724	 91.535308	 91.533483	 91.531761	 91.530135	 91.528602	 91.527156	 91.525794	  91.52451	 91.523301	 91.522163	 91.521093	 91.520086	 91.519139	 91.518249	 91.517413	 91.516628	 91.515892	 91.515201	 91.514553	 91.513945	 91.513376	 91.512843	 91.512345	 91.511878	 91.511442	 91.511035	 91.510655	   91.5103	 91.509969	  91.50966	 91.509373	 91.509106	 91.508858	 91.508628	 91.508414	 91.508217	 91.508034	 91.507865	  91.50771	 91.507568	 91.507437	 91.507318	 91.507209	 91.507111	 91.507022	 91.506943	 91.506873	 91.506812	 91.506759	 91.506714	 91.506676	 91.506647	 91.506625	  91.50661	 91.506603	
        99	 98.861554	 98.723163	 98.584881	 98.446762	 98.308862	 98.171233	 98.033929	 97.897004	 97.760511	 97.624502	 97.489028	 97.354141	 97.219891	 97.086327	   96.9535	 96.821457	 96.690244	 96.559908	 96.430495	 96.302049	 96.174612	 96.048226	 95.922933	 95.798772	 95.675781	 95.553997	 95.433456	 95.314193	  95.19624	 95.079628	 94.964389	 94.850551	 94.738141	 94.627185	 94.517708	 94.409732	 94.303279	 94.198368	 94.095019	 93.993248	 93.893071	 93.794501	 93.697551	 93.602232	 93.508553	 93.416523	 93.326148	 93.237434	 93.150384	    93.065	 92.981285	 92.899237	 92.818855	 92.740137	 92.663078	 92.587673	 92.513916	 92.441799	 92.371313	  92.30245	 92.235197	 92.169544	 92.105477	 92.042983	 91.982047	 91.922654	 91.864787	  91.80843	 91.753565	 91.700173	 91.648236	 91.597733	 91.548645	  91.50095	 91.454627	 91.409655	 91.366012	 91.323674	 91.282619	 91.242824	 91.204266	  91.16692	 91.130763	 91.095771	 91.061919	 91.029183	  90.99754	 90.966964	 90.937432	 90.908918	 90.881399	 90.854851	 90.829248	 90.804568	 90.780787	  90.75788	 90.735824	 90.714597	 90.694174	 90.674534	 90.655653	  90.63751	 90.620082	 90.603349	 90.587288	 90.571878	   90.5571	 90.542932	 90.529355	  90.51635	 90.503897	 90.491978	 90.480573	 90.469666	 90.459238	 90.449273	 90.439754	 90.430664	 90.421987	 90.413708	 90.405812	 90.398284	  90.39111	 90.384275	 90.377767	 90.371572	 90.365677	  90.36007	  90.35474	 90.349673	  90.34486	  90.34029	 90.335951	 90.331834	 90.327929	 90.324226	 90.320717	 90.317393	 90.314245	 90.311264	 90.308444	 90.305776	 90.303254	  90.30087	 90.298618	 90.296491	 90.294483	 90.292588	 90.290801	 90.289116	 90.287528	 90.286032	 90.284622	 90.283296	 90.282048	 90.280874	  90.27977	 90.278733	 90.277759	 90.276844	 90.275985	  90.27518	 90.274424	 90.273716	 90.273053	 90.272432	 90.271851	 90.271307	 90.270799	 90.270324	 90.269881	 90.269467	 90.269081	 90.268722	 90.268387	 90.268076	 90.267787	 90.267518	 90.267269	 90.267039	 90.266826	 90.266629	 90.266448	 90.266282	  90.26613	 90.265991	 90.265864	  90.26575	 90.265647	 90.265554	 90.265473	 90.265401	 90.265339	 90.265286	 90.265243	 90.265209	 90.265183	 90.265166	 90.265157	
        99	 98.841932	 98.683926	 98.526044	  98.36835	 98.210904	 98.053768	 97.897004	 97.740673	 97.584834	 97.429547	 97.274872	 97.120867	 96.967589	 96.815096	 96.663442	 96.512684	 96.362874	 96.214065	  96.06631	 95.919658	 95.774159	 95.629861	 95.486809	  95.34505	 95.204627	 95.065583	 94.927957	  94.79179	 94.657119	  94.52398	 94.392407	 94.262434	 94.134092	  94.00741	 93.882416	 93.759136	 93.637595	 93.517816	 93.399818	 93.283623	 93.169247	 93.056706	 92.946015	 92.837186	  92.73023	 92.625156	 92.521972	 92.420684	 92.321296	 92.223811	  92.12823	 92.034553	 91.942779	 91.852903	 91.764922	  91.67883	 91.594619	 91.512281	 91.431805	 91.353181	 91.276397	 91.201438	 91.128291	 91.056939	 90.987366	 90.919555	 90.853487	 90.789142	 90.726501	 90.665542	 90.606243	 90.548582	 90.492537	 90.438082	 90.385194	 90.333848	 90.284019	  90.23568	 90.188807	 90.143371	 90.099348	 90.056709	 90.015427	 89.975475	 89.936825	  89.89945	 89.863322	 89.828413	 89.794694	 89.762139	  89.73072	 89.700409	 89.671178	    89.643	 89.615847	 89.589694	 89.564512	 89.540276	 89.516959	 89.494535	 89.472978	 89.452264	 89.432366	  89.41326	 89.394923	 89.377329	 89.360457	 89.344281	  89.32878	 89.313931	 89.299713	 89.286104	 89.273084	 89.260631	 89.248725	 89.237347	 89.226479	   89.2161	 89.206194	 89.196742	 89.187727	 89.179132	  89.17094	 89.163137	 89.155706	 89.148633	 89.141903	 89.135501	 89.129415	 89.123631	 89.118136	 89.112917	 89.107964	 89.103263	 89.098805	 89.094577	 89.090571	 89.086775	 89.083181	 89.079778	 89.076558	 89.073512	 89.070632	 89.067911	 89.065339	 89.062911	 89.060618	 89.058455	 89.056414	 89.054491	 89.052677	 89.050969	  89.04936	 89.047846	 89.046421	  89.04508	  89.04382	 89.042636	 89.041523	 89.040479	 89.039498	 89.038579	 89.037716	 89.036908	 89.036151	 89.035442	 89.034778	 89.034157	 89.033577	 89.033035	 89.032529	 89.032056	 89.031616	 89.031206	 89.030823	 89.030468	 89.030138	 89.029831	 89.029547	 89.029284	 89.029041	 89.028817	  89.02861	  89.02842	 89.028246	 89.028088	 89.027943	 89.027812	 89.027695	 89.027589	 89.027496	 89.027414	 89.027343	 89.027283	 89.027234	 89.027195	 89.027165	 89.027146	 89.027136	
        99	 98.822371	 98.644812	 98.467393	 98.290184	 98.113255	 97.936674	 97.760511	 97.584834	  97.40971	 97.235207	 97.061391	 96.888328	 96.716083	 96.544719	 96.374298	 96.204884	 96.036535	 95.869312	 95.703272	 95.538473	 95.374969	 95.212813	  95.05206	 94.892758	 94.734958	 94.578707	 94.424051	 94.271033	 94.119697	 93.970082	 93.822228	 93.676171	 93.531947	 93.389588	 93.249126	 93.110591	  92.97401	 92.839407	 92.706808	 92.576234	 92.447704	 92.321237	 92.196848	 92.074552	  91.95436	 91.836284	 91.720331	 91.606508	 91.494821	 91.385272	 91.277864	 91.172594	 91.069463	 90.968466	 90.869598	 90.772852	  90.67822	 90.585692	 90.495258	 90.406905	 90.320618	 90.236383	 90.154184	 90.074003	 89.995821	 89.919618	 89.845374	 89.773067	 89.702674	 89.634171	 89.567535	 89.502738	 89.439757	 89.378564	 89.319131	 89.261431	 89.205435	 89.151115	 89.098441	 89.047383	 88.997912	 88.949996	 88.903606	  88.85871	 88.815278	 88.773278	 88.732678	 88.693449	 88.655558	 88.618975	 88.583667	 88.549605	 88.516757	 88.485092	 88.454579	 88.425189	 88.396892	 88.369656	 88.343454	 88.318255	 88.294031	 88.270753	 88.248393	 88.226923	 88.206316	 88.186546	 88.167585	 88.149407	 88.131988	 88.115302	 88.099325	 88.084032	   88.0694	 88.055405	 88.042027	 88.029241	 88.017027	 88.005365	 87.994232	 87.983611	  87.97348	 87.963821	 87.954616	 87.945847	 87.937497	 87.929549	 87.921985	 87.914792	 87.907952	 87.901452	 87.895277	 87.889413	 87.883846	 87.878564	 87.873554	 87.868803	 87.864301	 87.860036	 87.855996	 87.852173	 87.848554	 87.845132	 87.841895	 87.838837	 87.835947	 87.833218	 87.830642	 87.828211	 87.825918	 87.823756	 87.821718	 87.819799	 87.817991	 87.816289	 87.814687	 87.813181	 87.811765	 87.810434	 87.809184	  87.80801	 87.806909	 87.805875	 87.804906	 87.803998	 87.803147	  87.80235	 87.801604	 87.800907	 87.800255	 87.799645	 87.799076	 87.798546	 87.798051	  87.79759	  87.79716	 87.796761	  87.79639	 87.796045	 87.795726	  87.79543	 87.795157	 87.794905	 87.794673	 87.794459	 87.794264	 87.794086	 87.793923	 87.793776	 87.793644	 87.793526	 87.793421	 87.793329	  87.79325	 87.793182	 87.793127	 87.793082	 87.793049	 87.793027	 87.793017	
        99	  98.80288	 98.605837	  98.40895	 98.212296	 98.015952	 97.819995	 97.624502	 97.429547	 97.235207	 97.041556	 96.848667	 96.656614	 96.465468	   96.2753	 96.086179	 95.898175	 95.711353	 95.525781	 95.341522	 95.158639	 94.977193	 94.797245	 94.618851	  94.44207	 94.266954	 94.093558	 93.921931	 93.752122	  93.58418	 93.418148	  93.25407	 93.091986	 92.931936	 92.773956	 92.618082	 92.464345	 92.312776	 92.163404	 92.016255	 91.871353	 91.728719	 91.588375	 91.450337	 91.314621	  91.18124	 91.050207	 90.921531	 90.795219	 90.671276	 90.549707	 90.430512	 90.313691	 90.199243	 90.087164	 89.977447	 89.870085	 89.765069	 89.662388	 89.562031	 89.463982	 89.368227	  89.27475	 89.183531	 89.094551	  89.00779	 88.923226	 88.840835	 88.760594	 88.682476	 88.606457	 88.532508	 88.460602	 88.390709	 88.322801	 88.256847	 88.192815	 88.130675	 88.070395	 88.011941	  87.95528	  87.90038	 87.847207	 87.795726	 87.745904	 87.697706	 87.651097	 87.606043	 87.562509	  87.52046	 87.479862	 87.440681	 87.402881	 87.366428	 87.331288	 87.297428	 87.264813	  87.23341	 87.203186	 87.174108	 87.146144	 87.119262	  87.09343	 87.068616	 87.044791	 87.021923	 86.999983	 86.978941	 86.958769	 86.939439	 86.920922	 86.903191	  86.88622	 86.869982	 86.854452	 86.839606	 86.825417	 86.811863	 86.798921	 86.786567	  86.77478	 86.763537	 86.752819	 86.742604	 86.732873	 86.723606	 86.714785	 86.706392	 86.698409	 86.690819	 86.683606	 86.676753	 86.670246	 86.664068	 86.658206	 86.652646	 86.647375	 86.642378	 86.637645	 86.633162	 86.628919	 86.624903	 86.621105	 86.617514	  86.61412	 86.610913	 86.607885	 86.605026	 86.602328	 86.599783	 86.597384	 86.595123	 86.592992	 86.590986	 86.589098	 86.587321	 86.585649	 86.584078	 86.582601	 86.581213	 86.579911	 86.578688	 86.577541	 86.576466	 86.575458	 86.574513	 86.573629	 86.572802	 86.572028	 86.571304	 86.570628	 86.569997	 86.569408	 86.568858	 86.568346	  86.56787	 86.567427	 86.567015	 86.566633	 86.566278	  86.56595	 86.565647	 86.565367	  86.56511	 86.564873	 86.564656	 86.564458	 86.564278	 86.564115	 86.563968	 86.563837	 86.563721	 86.563619	  86.56353	 86.563456	 86.563394	 86.563345	 86.563308	 86.563284	 86.563272	
        99	 98.783465	 98.567016	 98.350737	 98.134715	 97.919033	 97.703776	 97.489028	 97.274872	 97.061391	 96.848667	 96.636781	 96.425812	  96.21584	 96.006942	 95.799195	 95.592674	 95.387452	 95.183602	 94.981195	   94.7803	 94.580984	 94.383312	 94.187349	 93.993156	 93.800793	 93.610319	 93.421788	 93.235255	 93.050772	 92.868387	 92.688149	 92.510101	 92.334288	 92.160749	 91.989522	 91.820643	 91.654147	 91.490063	 91.328421	 91.169247	 91.012566	 90.858398	 90.706765	 90.557682	 90.411165	 90.267226	 90.125877	 89.987124	 89.850974	 89.717431	 89.586497	 89.458171	  89.33245	 89.209332	 89.088809	 88.970873	 88.855514	  88.74272	 88.632478	 88.524773	 88.419587	 88.316903	   88.2167	 88.118956	  88.02365	 87.930757	 87.840252	 87.752107	 87.666296	 87.582789	 87.501557	 87.422569	 87.345793	 87.271196	 87.198746	 87.128408	 87.060148	  86.99393	 86.929719	 86.867478	 86.807171	 86.748761	 86.692209	  86.63748	 86.584535	 86.533335	 86.483844	 86.436022	 86.389832	 86.345236	 86.302195	 86.260672	 86.220629	 86.182029	 86.144833	 86.109006	  86.07451	  86.04131	 86.009368	  85.97865	  85.94912	 85.920743	 85.893486	 85.867313	 85.842193	 85.818092	 85.794978	  85.77282	 85.751585	 85.731245	 85.711768	 85.693125	 85.675288	 85.658229	  85.64192	 85.626334	 85.611445	 85.597228	 85.583657	 85.570709	 85.558359	 85.546585	 85.535364	 85.524675	 85.514495	 85.504806	 85.495586	 85.486817	  85.47848	 85.470556	 85.463028	 85.455879	 85.449093	 85.442654	 85.436547	 85.430756	 85.425267	 85.420068	 85.415144	 85.410482	 85.406071	 85.401899	 85.397954	 85.394226	 85.390703	 85.387376	 85.384236	 85.381273	 85.378477	 85.375842	 85.373358	 85.371017	 85.368814	 85.366739	 85.364787	 85.362951	 85.361225	 85.359602	 85.358078	 85.356647	 85.355304	 85.354044	 85.352863	 85.351756	 85.350718	 85.349747	 85.348838	 85.347988	 85.347193	  85.34645	 85.345757	  85.34511	 85.344506	 85.343944	 85.343421	 85.342934	 85.342482	 85.342062	 85.341672	 85.341312	 85.340979	 85.340672	 85.340388	 85.340128	  85.33989	 85.339673	 85.339475	 85.339296	 85.339135	  85.33899	 85.338863	  85.33875	 85.338654	 85.338571	 85.338504	  85.33845	 85.338409	 85.338383	 85.338369	
        99	 98.764135	 98.528363	 98.292777	 98.057469	 97.822533	  97.58806	 97.354141	 97.120867	 96.888328	 96.656614	 96.425812	  96.19601	 95.967293	 95.739747	 95.513454	 95.288496	 95.064954	 94.842906	  94.62243	   94.4036	  94.18649	 93.971172	 93.757715	 93.546186	 93.336651	 93.129172	 92.923811	 92.720626	 92.519674	 92.321007	 92.124679	 91.930737	 91.739228	 91.550197	 91.363684	  91.17973	 90.998369	 90.819638	 90.643565	 90.470182	 90.299513	 90.131583	 89.966413	 89.804021	 89.644425	 89.487636	 89.333668	 89.182529	 89.034224	  88.88876	 88.746137	 88.606355	 88.469411	 88.335302	 88.204019	 88.075555	 87.949898	 87.827035	 87.706951	 87.589631	 87.475055	 87.363204	 87.254056	 87.147587	 87.043772	 86.942586	 86.844001	 86.747988	 86.654516	 86.563555	 86.475071	 86.389031	 86.305401	 86.224145	 86.145227	  86.06861	 85.994256	 85.922127	 85.852184	 85.784387	 85.718696	 85.655071	 85.593472	 85.533857	 85.476185	 85.420415	 85.366505	 85.314414	 85.264101	 85.215523	  85.16864	  85.12341	 85.079792	 85.037746	  84.99723	 84.958205	 84.920629	 84.884465	 84.849672	 84.816211	 84.784045	 84.753135	 84.723444	 84.694936	 84.667573	 84.641321	 84.616143	 84.592006	 84.568876	  84.54672	 84.525504	 84.505197	 84.485768	 84.467186	 84.449421	 84.432443	 84.416226	 84.400739	 84.385957	 84.371853	 84.358401	 84.345575	 84.333353	 84.321709	 84.310621	 84.300067	 84.290024	 84.280472	  84.27139	 84.262759	 84.254559	 84.246772	  84.23938	 84.232367	 84.225714	 84.219406	 84.213428	 84.207764	   84.2024	 84.197323	 84.192518	 84.187973	 84.183676	 84.179615	 84.175778	 84.172154	 84.168733	 84.165505	  84.16246	  84.15959	 84.156884	 84.154335	 84.151934	 84.149674	 84.147548	 84.145548	 84.143668	   84.1419	  84.14024	 84.138682	 84.137219	 84.135846	  84.13456	 84.133353	 84.132223	 84.131165	 84.130175	 84.129249	 84.128383	 84.127574	 84.126819	 84.126114	 84.125457	 84.124844	 84.124274	 84.123744	 84.123251	 84.122794	  84.12237	 84.121977	 84.121614	  84.12128	 84.120971	 84.120688	 84.120429	 84.120192	 84.119976	 84.119781	 84.119605	 84.119448	 84.119309	 84.119187	 84.119082	 84.118992	 84.118918	 84.118859	 84.118816	 84.118787	 84.118772	
        99	 98.744896	 98.489892	  98.23509	 97.980589	 97.726489	  97.47289	 97.219891	 96.967589	 96.716083	 96.465468	  96.21584	 95.967293	 95.719921	 95.473813	 95.229062	 94.985755	 94.743979	 94.503819	 94.265359	 94.028679	  93.79386	 93.560979	 93.330111	 93.101328	 92.874701	 92.650299	 92.428187	 92.208428	 91.991084	 91.776213	  91.56387	 91.354109	 91.146979	 90.942529	 90.740803	 90.541843	  90.34569	 90.152379	 89.961945	 89.774419	 89.589829	 89.408201	 89.229559	 89.053921	 88.881306	 88.711729	 88.545202	 88.381734	 88.221333	 88.064003	 87.909746	 87.758563	 87.610449	   87.4654	 87.323409	 87.184466	 87.048559	 86.915675	 86.785796	 86.658906	 86.534985	  86.41401	 86.295959	 86.180805	 86.068523	 85.959084	 85.852457	 85.748612	 85.647516	 85.549135	 85.453434	 85.360376	 85.269924	  85.18204	 85.096685	 85.013819	   84.9334	 84.855387	 84.779739	 84.706411	 84.635362	 84.566548	 84.499924	 84.435446	  84.37307	 84.312751	 84.254444	 84.198104	 84.143687	 84.091147	 84.040439	  83.99152	 83.944345	 83.898869	 83.855048	 83.812839	 83.772199	 83.733085	 83.695453	 83.659264	 83.624474	 83.591043	  83.55893	 83.528096	 83.498501	 83.470107	 83.442876	 83.416771	 83.391754	  83.36779	 83.344844	 83.322881	 83.301867	 83.281769	 83.262555	 83.244193	 83.226652	 83.209902	 83.193914	  83.17866	  83.16411	 83.150239	 83.137019	 83.124426	 83.112433	 83.101018	 83.090156	 83.079825	 83.070002	 83.060667	 83.051798	 83.043376	 83.035382	 83.027796	   83.0206	 83.013778	 83.007312	 83.001186	 82.995385	 82.989893	 82.984697	 82.979781	 82.975134	 82.970741	 82.966591	 82.962672	 82.958972	 82.955481	 82.952188	 82.949083	 82.946156	 82.943399	 82.940803	 82.938358	 82.936059	 82.933895	 82.931862	  82.92995	 82.928155	 82.926469	 82.924887	 82.923403	 82.922011	 82.920706	 82.919484	  82.91834	 82.917269	 82.916267	 82.915331	 82.914456	 82.913639	 82.912876	 82.912166	 82.911503	 82.910887	 82.910313	  82.90978	 82.909285	 82.908827	 82.908402	  82.90801	 82.907648	 82.907314	 82.907008	 82.906727	 82.906471	 82.906238	 82.906027	 82.905837	 82.905667	 82.905517	 82.905384	  82.90527	 82.905174	 82.905094	  82.90503	 82.904983	 82.904951	 82.904936	
        99	 98.725755	 98.451618	 98.177698	 97.904101	 97.630936	  97.35831	 97.086327	 96.815096	 96.544719	   96.2753	 96.006942	 95.739747	 95.473813	  95.20924	 94.946125	 94.684562	 94.424646	 94.166466	 93.910114	 93.655677	 93.403239	 93.152885	 92.904694	 92.658745	 92.415114	 92.173875	 91.935098	 91.698851	 91.465199	 91.234206	 91.005931	 90.780431	  90.55776	  90.33797	 90.121108	  89.90722	 89.696349	 89.488534	 89.283812	 89.082216	 88.883776	  88.68852	 88.496474	 88.307658	 88.122092	 87.939791	 87.760769	 87.585036	   87.4126	 87.243466	 87.077635	 86.915108	 86.755881	 86.599949	 86.447305	 86.297937	 86.151833	 86.008978	 85.869354	 85.732944	 85.599724	 85.469673	 85.342764	  85.21897	 85.098263	 84.980612	 84.865986	 84.754349	 84.645668	 84.539905	 84.437023	 84.336983	 84.239745	 84.145267	 84.053508	 83.964424	 83.877971	 83.794105	  83.71278	 83.633951	 83.557571	 83.483594	 83.411971	 83.342655	 83.275599	 83.210754	 83.148072	 83.087505	 83.029005	 82.972523	 82.918011	 82.865421	 82.814706	 82.765818	 82.718709	 82.673334	 82.629644	 82.587595	  82.54714	 82.508235	 82.470835	 82.434895	 82.400373	 82.367226	 82.335411	 82.304887	 82.275612	 82.247548	 82.220654	 82.194892	 82.170224	 82.146613	 82.124023	 82.102417	 82.081761	 82.062021	 82.043164	 82.025158	 82.007971	 81.991571	  81.97593	 81.961018	 81.946807	 81.933268	 81.920376	 81.908104	 81.896427	 81.885321	 81.874761	 81.864726	 81.855192	 81.846138	 81.837543	 81.829388	 81.821653	 81.814318	 81.807367	 81.800782	 81.794545	 81.788642	 81.783055	 81.777771	 81.772774	 81.768052	 81.763591	 81.759378	   81.7554	 81.751647	 81.748107	 81.744769	 81.741623	 81.738659	 81.735868	  81.73324	 81.730768	 81.728442	 81.726256	 81.724201	 81.722271	 81.720459	 81.718758	 81.717162	 81.715666	 81.714263	  81.71295	 81.711719	 81.710568	 81.709491	 81.708484	 81.707544	 81.706666	 81.705846	 81.705082	  81.70437	 81.703707	  81.70309	 81.702517	 81.701986	 81.701493	 81.701036	 81.700614	 81.700225	 81.699867	 81.699537	 81.699236	  81.69896	  81.69871	 81.698483	 81.698278	 81.698096	 81.697934	 81.697792	 81.697669	 81.697565	 81.697479	 81.697411	  81.69736	 81.697326	  81.69731	
        99	  98.70672	 98.413555	 98.120622	 97.828035	  97.53591	  97.24436	   96.9535	 96.663442	 96.374298	 96.086179	 95.799195	 95.513454	 95.229062	 94.946125	 94.664747	 94.385029	 94.107072	 93.830972	 93.556827	 93.284729	  93.01477	 92.747038	 92.481621	 92.218601	  91.95806	 91.700076	 91.444725	  91.19208	 90.942211	 90.695185	 90.451065	 90.209913	 89.971787	 89.736741	 89.504827	 89.276094	 89.050586	 88.828347	 88.609415	 88.393826	 88.181612	 87.972804	 87.767428	 87.565506	  87.36706	 87.172106	 86.980658	 86.792727	 86.608323	 86.427449	 86.250108	   86.0763	 85.906021	 85.739266	 85.576026	 85.416291	 85.260046	 85.107275	  84.95796	 84.812082	 84.669615	 84.530537	 84.394819	 84.262433	 84.133348	 84.007531	 83.884948	 83.765563	 83.649338	 83.536235	 83.426212	 83.319228	 83.215241	 83.114205	 83.016077	 82.920809	 82.828356	 82.738669	   82.6517	 82.567399	 82.485718	 82.406605	 82.330011	 82.255884	 82.184174	 82.114828	 82.047795	 81.983024	 81.920463	 81.860061	 81.801765	 81.745526	  81.69129	 81.639009	 81.588631	 81.540105	 81.493383	 81.448416	 81.405153	 81.363547	 81.323551	 81.285117	 81.248199	 81.212751	 81.178727	 81.146084	 81.114778	 81.084766	 81.056006	 81.028456	 81.002076	 80.976825	 80.952667	 80.929561	 80.907472	 80.886362	 80.866196	  80.84694	  80.82856	 80.811022	 80.794295	 80.778348	  80.76315	 80.748672	 80.734885	 80.721761	 80.709274	 80.697397	 80.686104	 80.675372	 80.665176	 80.655494	 80.646303	 80.637582	 80.629309	 80.621466	 80.614033	  80.60699	 80.600321	 80.594007	 80.588033	 80.582382	 80.577039	 80.571989	 80.567218	 80.562712	 80.558459	 80.554445	 80.550659	 80.547089	 80.543725	 80.540555	  80.53757	  80.53476	 80.532116	 80.529629	 80.527291	 80.525094	  80.52303	 80.521092	 80.519273	 80.517566	 80.515966	 80.514467	 80.513061	 80.511746	 80.510515	 80.509363	 80.508286	  80.50728	 80.506341	 80.505465	 80.504648	 80.503886	 80.503177	 80.502518	 80.501905	 80.501337	 80.500809	 80.500321	  80.49987	 80.499454	  80.49907	 80.498718	 80.498396	 80.498101	 80.497833	  80.49759	 80.497372	 80.497177	 80.497004	 80.496852	 80.496721	 80.496609	 80.496517	 80.496444	  80.49639	 80.496354	 80.496336	
        99	 98.687797	 98.375717	 98.063883	 97.752418	 97.441444	 97.131083	 96.821457	 96.512684	 96.204884	 95.898175	 95.592674	 95.288496	 94.985755	 94.684562	 94.385029	 94.087264	 93.791372	 93.497458	 93.205624	  92.91597	 92.628593	 92.343587	 92.061044	 91.781054	 91.503702	 91.229073	 90.957246	   90.6883	 90.422309	 90.159344	 89.899474	 89.642762	 89.389271	  89.13906	 88.892182	 88.648691	 88.408633	 88.172055	 87.938997	 87.709498	 87.483592	 87.261311	 87.042683	 86.827734	 86.616483	  86.40895	  86.20515	 86.005094	 85.808791	 85.616247	 85.427463	 85.242441	 85.061176	 84.883661	 84.709889	 84.539847	 84.373521	 84.210893	 84.051945	 83.896654	 83.744995	 83.596943	 83.452469	 83.311541	 83.174127	 83.040193	   82.9097	 82.782612	 82.658888	 82.538487	 82.421365	 82.307479	 82.196782	 82.089227	 81.984768	 81.883353	 81.784935	 81.689461	  81.59688	 81.507141	 81.420189	 81.335972	 81.254436	 81.175526	 81.099189	 81.025369	 80.954011	 80.885061	 80.818464	 80.754164	 80.692107	 80.632239	 80.574504	 80.518849	  80.46522	 80.413564	 80.363828	 80.315958	 80.269904	 80.225614	 80.183038	 80.142124	 80.102824	 80.065088	  80.02887	 79.994121	 79.960794	 79.928846	  79.89823	 79.868902	  79.84082	 79.813941	 79.788223	 79.763627	 79.740112	  79.71764	 79.696173	 79.675675	 79.656108	 79.637439	 79.619633	 79.602657	 79.586479	 79.571067	  79.55639	 79.542419	 79.529126	 79.516483	 79.504462	 79.493037	 79.482183	 79.471876	 79.462092	 79.452808	 79.444002	 79.435653	  79.42774	 79.420243	 79.413143	 79.406422	 79.400063	 79.394047	 79.388359	 79.382983	 79.377904	 79.373108	  79.36858	 79.364307	 79.360277	 79.356477	 79.352896	 79.349521	 79.346344	 79.343353	 79.340538	 79.337891	 79.335402	 79.333063	 79.330866	 79.328802	 79.326866	  79.32505	 79.323346	  79.32175	 79.320254	 79.318853	 79.317543	 79.316317	 79.315171	   79.3141	   79.3131	 79.312167	 79.311297	 79.310487	 79.309732	  79.30903	 79.308378	 79.307773	 79.307211	 79.306692	 79.306211	 79.305768	  79.30536	 79.304985	 79.304642	 79.304328	 79.304043	 79.303785	 79.303552	 79.303344	  79.30316	 79.302998	 79.302859	  79.30274	 79.302642	 79.302565	 79.302507	 79.302468	 79.302449	
        99	 98.668993	 98.338117	 98.007501	 97.677277	 97.347573	  97.01852	 96.690244	 96.362874	 96.036535	 95.711353	 95.387452	 95.064954	 94.743979	 94.424646	 94.107072	 93.791372	 93.477659	 93.166043	 92.856632	 92.549532	 92.244846	 91.942674	 91.643114	  91.34626	 91.052204	 90.761034	 90.472835	 90.187691	 89.905679	 89.626876	 89.351353	  89.07918	 88.810422	  88.54514	 88.283394	 88.025237	  87.77072	 87.519893	 87.272798	 87.029476	 86.789964	 86.554295	   86.3225	 86.094604	  85.87063	 85.650597	 85.434522	 85.222417	 85.014291	  84.81015	 84.609996	  84.41383	 84.221647	 84.033441	 83.849203	 83.668919	 83.492575	 83.320153	 83.151631	 82.986986	 82.826194	 82.669225	 82.516049	 82.366633	 82.220943	 82.078941	 81.940589	 81.805847	 81.674671	 81.547018	 81.422842	 81.302097	 81.184732	   81.0707	 80.959949	 80.852426	  80.74808	 80.646856	 80.548699	 80.453554	 80.361366	 80.272076	 80.185629	 80.101967	 80.021032	 79.942766	  79.86711	 79.794007	 79.723399	 79.655226	 79.589432	 79.525958	 79.464746	 79.405739	  79.34888	 79.294112	  79.24138	 79.190628	   79.1418	 79.094843	 79.049702	 79.006324	 78.964656	 78.924648	 78.886248	 78.849406	 78.814073	   78.7802	  78.74774	 78.716646	 78.686872	 78.658374	 78.631108	  78.60503	 78.580099	 78.556273	 78.533514	 78.511781	 78.491036	 78.471242	 78.452364	 78.434365	 78.417212	 78.400872	 78.385311	 78.370499	 78.356406	    78.343	 78.330255	 78.318143	 78.306635	 78.295708	 78.285334	 78.275491	 78.266155	 78.257302	 78.248913	 78.240964	 78.233437	 78.226311	 78.219568	  78.21319	  78.20716	  78.20146	 78.196076	  78.19099	  78.18619	  78.18166	 78.177387	 78.173358	 78.169561	 78.165983	 78.162614	 78.159443	 78.156459	 78.153652	 78.151013	 78.148533	 78.146204	 78.144016	 78.141963	 78.140037	 78.138231	 78.136539	 78.134953	 78.133468	 78.132079	 78.130779	 78.129564	 78.128428	 78.127368	 78.126379	 78.125457	 78.124597	 78.123797	 78.123053	 78.122362	  78.12172	 78.121125	 78.120574	 78.120065	 78.119595	 78.119162	 78.118765	 78.118401	 78.118068	 78.117766	 78.117492	 78.117245	 78.117025	 78.116829	 78.116658	  78.11651	 78.116384	 78.116281	 78.116198	 78.116137	 78.116096	 78.116076	
