Time step 2:
        99	        99	        99	        99	        99	        99	        99	        99	        99	        99	        99	        99	        99	        99	        99	        99	        99	        99	        99	        99	        99	        99	        99	        99	        99	        99	        99	        99	        99	        99	        99	        99	        99	        99	        99	        99	        99	        99	        99	        99	        99	        99	        99	        99	        99	        99	        99	        99	        99	        99	        99	        99	        99	        99	        99	        99	        99	        99	        99	        99	        99	        99	        99	        99	        99	        99	        99	        99	        99	        99	        99	        99	        99	        99	        99	        99	        99	        99	        99	        99	        99	        99	        99	        99	        99	        99	        99	        99	        99	        99	        99	        99	        99	        99	        99	        99	        99	        99	        99	        99	        99	        99	        99	        99	        99	        99	        99	        99	        99	        99	        99	        99	        99	        99	        99	        99	        99	        99	        99	        99	        99	        99	        99	        99	        99	        99	        99	        99	        99	        99	        99	        99	        99	        99	        99	        99	        99	        99	        99	        99	        99	        99	        99	        99	        99	        99	        99	        99	        99	        99	        99	        99	        99	        99	        99	        99	        99	        99	        99	        99	        99	        99	        99	        99	        99	        99	        99	        99	        99	        99	        99	        99	        99	        99	        99	        99	        99	        99	        99	        99	        99	        99	        99	        99	        99	        99	        99	        99	        99	        99	        99	        99	        99	        99	        99	        99	        99	        99	        99	        99	
        99	 98.683319	 98.368632	 98.057893	 97.752983	 97.455677	 97.167609	 96.890246	 96.624872	 96.372564	 96.134187	 95.910388	 95.701595	 95.508025	 95.329696	 95.166437	 95.017915	 94.883644	  94.76302	 94.655333	 94.559798	 94.475575	 94.401787	 94.337547	 94.281967	 94.234181	 94.193352	 94.158685	 94.129432	 94.104903	 94.084461	 94.067532	 94.053599	 94.042204	  94.03294	 94.025457	  94.01945	 94.014656	 94.010856	  94.00786	 94.005515	 94.003689	 94.002276	  94.00119	  94.00036	  93.99973	 93.999254	 93.998897	 93.998631	 93.998433	 93.998288	 93.998182	 93.998104	 93.998048	 93.998008	 93.997979	 93.997959	 93.997944	 93.997934	 93.997927	 93.997922	 93.997919	 93.997917	 93.997915	 93.997914	 93.997913	 93.997913	 93.997913	 93.997912	 93.997912	 93.997912	 93.997912	 93.997912	 93.997912	 93.997912	 93.997912	 93.997912	 93.997912	 93.997912	 93.997912	 93.997912	 93.997912	 93.997912	 93.997912	 93.997912	 93.997912	 93.997912	 93.997912	 93.997912	 93.997912	 93.997912	 93.997912	 93.997912	 93.997912	 93.997912	 93.997912	 93.997912	 93.997912	 93.997912	 93.997912	 93.997912	 93.997912	 93.997912	 93.997912	 93.997912	 93.997912	 93.997912	 93.997912	 93.997912	 93.997912	 93.997912	 93.997912	 93.997912	 93.997912	 93.997912	 93.997912	 93.997912	 93.997912	 93.997912	 93.997912	 93.997912	 93.997912	 93.997912	 93.997912	 93.997912	 93.997912	 93.997912	 93.997912	 93.997912	 93.997912	 93.997912	 93.997912	 93.997912	 93.997912	 93.997912	 93.997912	 93.997912	 93.997912	 93.997912	 93.997912	 93.997912	 93.997912	 93.997912	 93.997912	 93.997912	 93.997912	 93.997912	 93.997912	 93.997912	 93.997912	 93.997912	 93.997912	 93.997912	 93.997912	 93.997912	 93.997912	 93.997912	 93.997912	 93.997912	 93.997912	 93.997912	 93.997912	 93.997912	 93.997912	 93.997912	 93.997912	 93.997912	 93.997912	 93.997912	 93.997912	 93.997912	 93.997912	 93.997912	 93.997912	 93.997912	 93.997912	 93.997912	 93.997912	 93.997912	 93.997912	 93.997912	 93.997912	 93.997912	 93.997912	 93.997912	 93.997912	 93.997912	 93.997912	 93.997912	 93.997912	 93.997912	 93.997912	 93.997912	 93.997912	 93.997912	 93.997912	 93.997912	 93.997912	 93.997912	 93.997912	
        99	 98.368632	 97.741237	 97.121715	 96.513815	 95.921074	  95.34675	 94.793771	 94.264692	 93.761665	 93.286412	 92.840222	  92.42395	 92.038029	 91.682492	 91.357004	 91.060893	 90.793198	 90.552709	 90.338013	 90.147545	 89.979628	 89.832518	 89.704442	 89.593633	 89.498362	 89.416962	 89.347845	 89.289525	  89.24062	 89.199866	 89.166114	 89.138337	 89.115616	 89.097148	  89.08223	 89.070252	 89.060696	 89.053119	 89.047147	  89.04247	 89.038829	 89.036013	 89.033848	 89.032193	 89.030936	 89.029988	 89.029276	 89.028746	 89.028352	 89.028063	 89.027851	 89.027696	 89.027585	 89.027504	 89.027447	 89.027406	 89.027377	 89.027357	 89.027343	 89.027333	 89.027327	 89.027322	 89.027319	 89.027317	 89.027315	 89.027314	 89.027314	 89.027313	 89.027313	 89.027313	 89.027313	 89.027313	 89.027313	 89.027313	 89.027313	 89.027313	 89.027313	 89.027313	 89.027313	 89.027313	 89.027313	 89.027313	 89.027313	 89.027313	 89.027313	 89.027313	 89.027313	 89.027313	 89.027313	 89.027313	 89.027313	 89.027313	 89.027313	 89.027313	 89.027313	 89.027313	 89.027313	 89.027313	 89.027313	 89.027313	 89.027313	 89.027313	 89.027313	 89.027313	 89.027313	 89.027313	 89.027313	 89.027313	 89.027313	 89.027313	 89.027313	 89.027313	 89.027313	 89.027313	 89.027313	 89.027313	 89.027313	 89.027313	 89.027313	 89.027313	 89.027313	 89.027313	 89.027313	 89.027313	 89.027313	 89.027313	 89.027313	 89.027313	 89.027313	 89.027313	 89.027313	 89.027313	 89.027313	 89.027313	 89.027313	 89.027313	 89.027313	 89.027313	 89.027313	 89.027313	 89.027313	 89.027313	 89.027313	 89.027313	 89.027313	 89.027313	 89.027313	 89.027313	 89.027313	 89.027313	 89.027313	 89.027313	 89.027313	 89.027313	 89.027313	 89.027313	 89.027313	 89.027313	 89.027313	 89.027313	 89.027313	 89.027313	 89.027313	 89.027313	 89.027313	 89.027313	 89.027313	 89.027313	 89.027313	 89.027313	 89.027313	 89.027313	 89.027313	 89.027313	 89.027313	 89.027313	 89.027313	 89.027313	 89.027313	 89.027313	 89.027313	 89.027313	 89.027313	 89.027313	 89.027313	 89.027313	 89.027313	 89.027313	 89.027313	 89.027313	 89.027313	 89.027313	 89.027313	 89.027313	 89.027313	 89.027313	 89.027313	 89.027313	 89.027313	
        99	 98.057893	 97.121715	 96.197283	 95.290195	 94.405726	 93.548738	 92.723601	 91.934128	 91.183526	  90.47437	  89.80858	 89.187433	 88.611575	 88.081056	 87.595373	 87.153528	 86.754083	 86.395233	 86.074872	 85.790663	 85.540103	 85.320591	  85.12948	 84.964136	 84.821977	 84.700514	 84.597381	 84.510357	 84.437384	 84.376572	  84.32621	 84.284761	 84.250859	 84.223302	 84.201041	 84.183169	  84.16891	 84.157603	 84.148692	 84.141713	 84.136281	 84.132079	 84.128848	 84.126379	 84.124504	 84.123088	 84.122026	 84.121235	 84.120648	 84.120216	 84.119899	 84.119669	 84.119502	 84.119383	 84.119297	 84.119236	 84.119193	 84.119163	 84.119142	 84.119128	 84.119118	 84.119111	 84.119106	 84.119103	 84.119101	 84.119099	 84.119098	 84.119098	 84.119097	 84.119097	 84.119097	 84.119097	 84.119097	 84.119097	 84.119097	 84.119097	 84.119097	 84.119097	 84.119097	 84.119097	 84.119097	 84.119097	 84.119097	 84.119097	 84.119097	 84.119097	 84.119097	 84.119097	 84.119097	 84.119097	 84.119097	 84.119097	 84.119097	 84.119097	 84.119097	 84.119097	 84.119097	 84.119097	 84.119097	 84.119097	 84.119097	 84.119097	 84.119097	 84.119097	 84.119097	 84.119097	 84.119097	 84.119097	 84.119097	 84.119097	 84.119097	 84.119097	 84.119097	 84.119097	 84.119097	 84.119097	 84.119097	 84.119097	 84.119097	 84.119097	 84.119097	 84.119097	 84.119097	 84.119097	 84.119097	 84.119097	 84.119097	 84.119097	 84.119097	 84.119097	 84.119097	 84.119097	 84.119097	 84.119097	 84.119097	 84.119097	 84.119097	 84.119097	 84.119097	 84.119097	 84.119097	 84.119097	 84.119097	 84.119097	 84.119097	 84.119097	 84.119097	 84.119097	 84.119097	 84.119097	 84.119097	 84.119097	 84.119097	 84.119097	 84.119097	 84.119097	 84.119097	 84.119097	 84.119097	 84.119097	 84.119097	 84.119097	 84.119097	 84.119097	 84.119097	 84.119097	 84.119097	 84.119097	 84.119097	 84.119097	 84.119097	 84.119097	 84.119097	 84.119097	 84.119097	 84.119097	 84.119097	 84.119097	 84.119097	 84.119097	 84.119097	 84.119097	 84.119097	 84.119097	 84.119097	 84.119097	 84.119097	 84.119097	 84.119097	 84.119097	 84.119097	 84.119097	 84.119097	 84.119097	 84.119097	 84.119097	 84.119097	 84.119097	 84.119097	
        99	 97.752983	 96.513815	 95.290195	 94.089532	 92.918809	 91.784461	 90.692271	 89.647289	 88.653759	 87.715088	 86.833819	 86.011642	 85.249411	 84.547193	 83.904323	 83.319477	 82.790755	 82.315766	 81.891724	 81.515533	 81.183883	 80.893327	 80.640366	  80.42151	 80.233343	  80.07257	  79.93606	 79.820873	 79.724282	  79.64379	 79.577129	 79.522266	 79.477392	 79.440917	 79.411451	 79.387796	 79.368922	 79.353955	 79.342161	 79.332924	 79.325734	 79.320172	 79.315895	 79.312627	 79.310145	 79.308271	 79.306866	 79.305818	 79.305041	 79.304469	  79.30405	 79.303745	 79.303525	 79.303367	 79.303253	 79.303173	 79.303116	 79.303076	 79.303048	 79.303029	 79.303016	 79.303007	 79.303001	 79.302996	 79.302994	 79.302992	  79.30299	  79.30299	 79.302989	 79.302989	 79.302988	 79.302988	 79.302988	 79.302988	 79.302988	 79.302988	 79.302988	 79.302988	 79.302988	 79.302988	 79.302988	 79.302988	 79.302988	 79.302988	 79.302988	 79.302988	 79.302988	 79.302988	 79.302988	 79.302988	 79.302988	 79.302988	 79.302988	 79.302988	 79.302988	 79.302988	 79.302988	 79.302988	 79.302988	 79.302988	 79.302988	 79.302988	 79.302988	 79.302988	 79.302988	 79.302988	 79.302988	 79.302988	 79.302988	 79.302988	 79.302988	 79.302988	 79.302988	 79.302988	 79.302988	 79.302988	 79.302988	 79.302988	 79.302988	 79.302988	 79.302988	 79.302988	 79.302988	 79.302988	 79.302988	 79.302988	 79.302988	 79.302988	 79.302988	 79.302988	 79.302988	 79.302988	 79.302988	 79.302988	 79.302988	 79.302988	 79.302988	 79.302988	 79.302988	 79.302988	 79.302988	 79.302988	 79.302988	 79.302988	 79.302988	 79.302988	 79.302988	 79.302988	 79.302988	 79.302988	 79.302988	 79.302988	 79.302988	 79.302988	 79.302988	 79.302988	 79.302988	 79.302988	 79.302988	 79.302988	 79.302988	 79.302988	 79.302988	 79.302988	 79.302988	 79.302988	 79.302988	 79.302988	 79.302988	 79.302988	 79.302988	 79.302988	 79.302988	 79.302988	 79.302988	 79.302988	 79.302988	 79.302988	 79.302988	 79.302988	 79.302988	 79.302988	 79.302988	 79.302988	 79.302988	 79.302988	 79.302988	 79.302988	 79.302988	 79.302988	 79.302988	 79.302988	 79.302988	 79.302988	 79.302988	 79.302988	 79.302988	 79.302988	 79.302988	
        99	 97.455677	 95.921074	 94.405726	 92.918809	 91.468969	 90.064177	 88.711596	 87.417476	 86.187076	 85.024614	  83.93324	 82.915046	 81.971091	 81.101457	  80.30532	 79.581041	 78.926267	 78.338037	   77.8129	 77.347022	 76.936304	 76.576479	  76.26321	 75.992178	 75.759151	  75.56005	 75.390996	 75.248348	  75.12873	 75.029048	 74.946496	 74.878554	 74.822983	 74.777812	 74.741322	 74.712027	 74.688653	 74.670119	 74.655514	 74.644074	  74.63517	 74.628282	 74.622986	 74.618939	 74.615865	 74.613545	 74.611804	 74.610507	 74.609545	 74.608836	 74.608318	  74.60794	 74.607667	 74.607471	 74.607331	 74.607231	 74.607161	 74.607111	 74.607077	 74.607053	 74.607037	 74.607025	 74.607018	 74.607012	 74.607009	 74.607007	 74.607005	 74.607004	 74.607003	 74.607003	 74.607003	 74.607002	 74.607002	 74.607002	 74.607002	 74.607002	 74.607002	 74.607002	 74.607002	 74.607002	 74.607002	 74.607002	 74.607002	 74.607002	 74.607002	 74.607002	 74.607002	 74.607002	 74.607002	 74.607002	 74.607002	 74.607002	 74.607002	 74.607002	 74.607002	 74.607002	 74.607002	 74.607002	 74.607002	 74.607002	 74.607002	 74.607002	 74.607002	 74.607002	 74.607002	 74.607002	 74.607002	 74.607002	 74.607002	 74.607002	 74.607002	 74.607002	 74.607002	 74.607002	 74.607002	 74.607002	 74.607002	 74.607002	 74.607002	 74.607002	 74.607002	 74.607002	 74.607002	 74.607002	 74.607002	 74.607002	 74.607002	 74.607002	 74.607002	 74.607002	 74.607002	 74.607002	 74.607002	 74.607002	 74.607002	 74.607002	 74.607002	 74.607002	 74.607002	 74.607002	 74.607002	 74.607002	 74.607002	 74.607002	 74.607002	 74.607002	 74.607002	 74.607002	 74.607002	 74.607002	 74.607002	 74.607002	 74.607002	 74.607002	 74.607002	 74.607002	 74.607002	 74.607002	 74.607002	 74.607002	 74.607002	 74.607002	 74.607002	 74.607002	 74.607002	 74.607002	 74.607002	 74.607002	 74.607002	 74.607002	 74.607002	 74.607002	 74.607002	 74.607002	 74.607002	 74.607002	 74.607002	 74.607002	 74.607002	 74.607002	 74.607002	 74.607002	 74.607002	 74.607002	 74.607002	 74.607002	 74.607002	 74.607002	 74.607002	 74.607002	 74.607002	 74.607002	 74.607002	 74.607002	 74.607002	 74.607002	 74.607002	 74.607002	 74.607002	
        99	 97.167609	  95.34675	 93.548738	 91.784461	 90.064177	 88.397344	 86.792462	 85.256946	 83.797037	 82.417738	 81.122789	  79.91467	 78.794638	 77.762791	  76.81815	 75.958773	 75.181865	 74.483914	 73.860824	 73.308048	 72.820721	 72.393779	 72.022079	 71.700493	 71.424002	 71.187764	 70.987178	 70.817923	 70.675995	 70.557721	 70.459771	 70.379156	 70.313221	 70.259625	 70.216329	  70.18157	 70.153838	 70.131847	 70.114517	 70.100945	  70.09038	 70.082207	 70.075923	 70.071121	 70.067474	 70.064722	 70.062656	 70.061117	 70.059975	 70.059135	 70.058519	 70.058071	 70.057748	 70.057515	 70.057348	  70.05723	 70.057147	 70.057088	 70.057047	 70.057019	 70.056999	 70.056986	 70.056977	 70.056971	 70.056967	 70.056964	 70.056962	 70.056961	  70.05696	 70.056959	 70.056959	 70.056959	 70.056959	 70.056959	 70.056959	 70.056959	 70.056959	 70.056959	 70.056959	 70.056958	 70.056958	 70.056958	 70.056958	 70.056958	 70.056958	 70.056958	 70.056958	 70.056958	 70.056958	 70.056958	 70.056958	 70.056958	 70.056958	 70.056958	 70.056958	 70.056958	 70.056958	 70.056958	 70.056958	 70.056958	 70.056958	 70.056958	 70.056958	 70.056958	 70.056958	 70.056958	 70.056958	 70.056958	 70.056958	 70.056958	 70.056958	 70.056958	 70.056958	 70.056958	 70.056958	 70.056958	 70.056958	 70.056958	 70.056958	 70.056958	 70.056958	 70.056958	 70.056958	 70.056958	 70.056958	 70.056958	 70.056958	 70.056958	 70.056958	 70.056958	 70.056958	 70.056958	 70.056958	 70.056958	 70.056958	 70.056958	 70.056958	 70.056958	 70.056958	 70.056958	 70.056958	 70.056958	 70.056958	 70.056958	 70.056958	 70.056958	 70.056958	 70.056958	 70.056958	 70.056958	 70.056958	 70.056958	 70.056958	 70.056958	 70.056958	 70.056958	 70.056958	 70.056958	 70.056958	 70.056958	 70.056958	 70.056958	 70.056958	 70.056958	 70.056958	 70.056958	 70.056958	 70.056958	 70.056958	 70.056958	 70.056958	 70.056958	 70.056958	 70.056958	 70.056958	 70.056958	 70.056958	 70.056958	 70.056958	 70.056958	 70.056958	 70.056958	 70.056958	 70.056958	 70.056958	 70.056958	 70.056958	 70.056958	 70.056958	 70.056958	 70.056958	 70.056958	 70.056958	 70.056958	 70.056958	 70.056958	 70.056958	 70.056958	 70.056958	
        99	 96.890246	 94.793771	 92.723601	 90.692271	 88.711596	 86.792462	 84.944656	 83.176716	 81.495829	 79.907753	 78.416796	 77.025812	 75.736249	 74.548219	 73.460596	 72.471143	 71.576642	  70.77305	  70.05565	 69.419207	 68.858119	 68.366558	 67.938599	  67.56834	 67.250001	 66.978008	 66.747063	 66.552192	 66.388783	 66.252609	 66.139835	  66.04702	 65.971105	 65.909398	  65.85955	 65.819531	 65.787601	 65.762283	 65.742331	 65.726704	  65.71454	 65.705131	 65.697896	 65.692367	 65.688169	    65.685	 65.682622	 65.680849	 65.679535	 65.678567	 65.677859	 65.677343	  65.67697	 65.676702	 65.676511	 65.676374	 65.676278	 65.676211	 65.676164	 65.676131	 65.676109	 65.676093	 65.676083	 65.676076	 65.676071	 65.676068	 65.676066	 65.676064	 65.676063	 65.676063	 65.676062	 65.676062	 65.676062	 65.676062	 65.676062	 65.676062	 65.676062	 65.676062	 65.676062	 65.676062	 65.676062	 65.676062	 65.676062	 65.676062	 65.676062	 65.676062	 65.676062	 65.676062	 65.676062	 65.676062	 65.676062	 65.676062	 65.676062	 65.676062	 65.676062	 65.676062	 65.676062	 65.676062	 65.676062	 65.676062	 65.676062	 65.676062	 65.676062	 65.676062	 65.676062	 65.676062	 65.676062	 65.676062	 65.676062	 65.676062	 65.676062	 65.676062	 65.676062	 65.676062	 65.676062	 65.676062	 65.676062	 65.676062	 65.676062	 65.676062	 65.676062	 65.676062	 65.676062	 65.676062	 65.676062	 65.676062	 65.676062	 65.676062	 65.676062	 65.676062	 65.676062	 65.676062	 65.676062	 65.676062	 65.676062	 65.676062	 65.676062	 65.676062	 65.676062	 65.676062	 65.676062	 65.676062	 65.676062	 65.676062	 65.676062	 65.676062	 65.676062	 65.676062	 65.676062	 65.676062	 65.676062	 65.676062	 65.676062	 65.676062	 65.676062	 65.676062	 65.676062	 65.676062	 65.676062	 65.676062	 65.676062	 65.676062	 65.676062	 65.676062	 65.676062	 65.676062	 65.676062	 65.676062	 65.676062	 65.676062	 65.676062	 65.676062	 65.676062	 65.676062	 65.676062	 65.676062	 65.676062	 65.676062	 65.676062	 65.676062	 65.676062	 65.676062	 65.676062	 65.676062	 65.676062	 65.676062	 65.676062	 65.676062	 65.676062	 65.676062	 65.676062	 65.676062	 65.676062	 65.676062	 65.676062	 65.676062	 65.676062	 65.676062	 65.676062	
        99	 96.624872	 94.264692	 91.934128	 89.647289	 87.417476	 85.256946	 83.176716	   81.1864	 79.294086	 77.506259	 75.827766	 74.261822	 72.810058	 71.472597	 70.248175	 69.134269	  68.12726	 67.222594	 66.414963	 65.698472	 65.066814	 64.513427	 64.031643	 63.614816	  63.25644	  62.95024	 62.690249	  62.47087	  62.28691	  62.13361	 62.006654	 61.902167	 61.816705	 61.747238	 61.691122	  61.64607	 61.610125	 61.581623	 61.559162	  61.54157	 61.527877	 61.517284	 61.509139	 61.502916	 61.498189	 61.494622	 61.491945	 61.489949	  61.48847	 61.487381	 61.486583	 61.486003	 61.485583	 61.485281	 61.485065	 61.484912	 61.484804	 61.484728	 61.484675	 61.484638	 61.484613	 61.484596	 61.484584	 61.484576	 61.484571	 61.484567	 61.484565	 61.484563	 61.484562	 61.484561	 61.484561	 61.484561	  61.48456	  61.48456	  61.48456	  61.48456	  61.48456	  61.48456	  61.48456	  61.48456	  61.48456	  61.48456	  61.48456	  61.48456	  61.48456	  61.48456	  61.48456	  61.48456	  61.48456	  61.48456	  61.48456	  61.48456	  61.48456	  61.48456	  61.48456	  61.48456	  61.48456	  61.48456	  61.48456	  61.48456	  61.48456	  61.48456	  61.48456	  61.48456	  61.48456	  61.48456	  61.48456	  61.48456	  61.48456	  61.48456	  61.48456	  61.48456	  61.48456	  61.48456	  61.48456	  61.48456	  61.48456	  61.48456	  61.48456	  61.48456	  61.48456	  61.48456	  61.48456	  61.48456	  61.48456	  61.48456	  61.48456	  61.48456	  61.48456	  61.48456	  61.48456	  61.48456	  61.48456	  61.48456	  61.48456	  61.48456	  61.48456	  61.48456	  61.48456	  61.48456	  61.48456	  61.48456	  61.48456	  61.48456	  61.48456	  61.48456	  61.48456	  61.48456	  61.48456	  61.48456	  61.48456	  61.48456	  61.48456	  61.48456	  61.48456	  61.48456	  61.48456	  61.48456	  61.48456	  61.48456	  61.48456	  61.48456	  61.48456	  61.48456	  61.48456	  61.48456	  61.48456	  61.48456	  61.48456	  61.48456	  61.48456	  61.48456	  61.48456	  61.48456	  61.48456	  61.48456	  61.48456	  61.48456	  61.48456	  61.48456	  61.48456	  61.48456	  61.48456	  61.48456	  61.48456	  61.48456	  61.48456	  61.48456	  61.48456	  61.48456	  61.48456	  61.48456	  61.48456	  61.48456	  61.48456	  61.48456	  61.48456	  61.48456	  61.48456	
        99	 96.372564	 93.761665	 91.183526	 88.653759	 86.187076	 83.797037	 81.495829	 79.294086	 77.200756	 75.223014	 73.366222	 71.633935	 70.027957	 68.548425	 67.193941	 65.961713	 64.847738	 63.846978	  62.95356	 62.160964	 61.462213	 60.850048	 60.317091	 59.855991	 59.459551	 59.120829	 58.833225	 58.590545	 58.387048	 58.217467	 58.077027	 57.961443	 57.866905	 57.790061	 57.727985	 57.678149	 57.638387	 57.606858	 57.582012	 57.562552	 57.547405	 57.535687	 57.526678	 57.519794	 57.514565	 57.510619	 57.507658	  57.50545	 57.503814	 57.502609	 57.501727	 57.501085	  57.50062	 57.500287	 57.500048	 57.499879	 57.499759	 57.499675	 57.499617	 57.499576	 57.499548	 57.499529	 57.499516	 57.499507	 57.499501	 57.499497	 57.499494	 57.499493	 57.499491	 57.499491	  57.49949	  57.49949	  57.49949	  57.49949	 57.499489	 57.499489	 57.499489	 57.499489	 57.499489	 57.499489	 57.499489	 57.499489	 57.499489	 57.499489	 57.499489	 57.499489	 57.499489	 57.499489	 57.499489	 57.499489	 57.499489	 57.499489	 57.499489	 57.499489	 57.499489	 57.499489	 57.499489	 57.499489	 57.499489	 57.499489	 57.499489	 57.499489	 57.499489	 57.499489	 57.499489	 57.499489	 57.499489	 57.499489	 57.499489	 57.499489	 57.499489	 57.499489	 57.499489	 57.499489	 57.499489	 57.499489	 57.499489	 57.499489	 57.499489	 57.499489	 57.499489	 57.499489	 57.499489	 57.499489	 57.499489	 57.499489	 57.499489	 57.499489	 57.499489	 57.499489	 57.499489	 57.499489	 57.499489	 57.499489	 57.499489	 57.499489	 57.499489	 57.499489	 57.499489	 57.499489	 57.499489	 57.499489	 57.499489	 57.499489	 57.499489	 57.499489	 57.499489	 57.499489	 57.499489	 57.499489	 57.499489	 57.499489	 57.499489	 57.499489	 57.499489	 57.499489	 57.499489	 57.499489	 57.499489	 57.499489	 57.499489	 57.499489	 57.499489	 57.499489	 57.499489	 57.499489	 57.499489	 57.499489	 57.499489	 57.499489	 57.499489	 57.499489	 57.499489	 57.499489	 57.499489	 57.499489	 57.499489	 57.499489	 57.499489	 57.499489	 57.499489	 57.499489	 57.499489	 57.499489	 57.499489	 57.499489	 57.499489	 57.499489	 57.499489	 57.499489	 57.499489	 57.499489	 57.499489	 57.499489	 57.499489	 57.499489	 57.499489	 57.499489	 57.499489	
        99	 96.134187	 93.286412	  90.47437	 87.715088	 85.024614	 82.417738	 79.907753	 77.506259	 75.223014	 73.065845	 71.040599	 69.151156	 67.399481	 65.785725	 64.308362	 62.964348	 61.749315	 60.657769	 59.683304	 58.818809	 58.056671	 57.388975	 56.807672	 56.304747	 55.872346	 55.502899	 55.189208	 54.924517	 54.702561	 54.517599	 54.364422	 54.238355	 54.135243	 54.051429	 53.983724	 53.929368	    53.886	 53.851612	 53.824513	 53.803288	 53.786768	 53.773988	 53.764161	 53.756653	  53.75095	 53.746646	 53.743417	 53.741009	 53.739225	  53.73791	 53.736948	 53.736248	 53.735741	 53.735377	 53.735117	 53.734932	 53.734802	  53.73471	 53.734646	 53.734602	 53.734571	 53.734551	 53.734536	 53.734527	  53.73452	 53.734516	 53.734513	 53.734511	  53.73451	 53.734509	 53.734508	 53.734508	 53.734508	 53.734508	 53.734508	 53.734508	 53.734508	 53.734508	 53.734508	 53.734508	 53.734508	 53.734508	 53.734508	 53.734508	 53.734508	 53.734508	 53.734508	 53.734508	 53.734508	 53.734508	 53.734508	 53.734508	 53.734508	 53.734508	 53.734508	 53.734508	 53.734508	 53.734508	 53.734508	 53.734508	 53.734508	 53.734508	 53.734508	 53.734508	 53.734508	 53.734508	 53.734508	 53.734508	 53.734508	 53.734508	 53.734508	 53.734508	 53.734508	 53.734508	 53.734508	 53.734508	 53.734508	 53.734508	 53.734508	 53.734508	 53.734508	 53.734508	 53.734508	 53.734508	 53.734508	 53.734508	 53.734508	 53.734508	 53.734508	 53.734508	 53.734508	 53.734508	 53.734508	 53.734508	 53.734508	 53.734508	 53.734508	 53.734508	 53.734508	 53.734508	 53.734508	 53.734508	 53.734508	 53.734508	 53.734508	 53.734508	 53.734508	 53.734508	 53.734508	 53.734508	 53.734508	 53.734508	 53.734508	 53.734508	 53.734508	 53.734508	 53.734508	 53.734508	 53.734508	 53.734508	 53.734508	 53.734508	 53.734508	 53.734508	 53.734508	 53.734508	 53.734508	 53.734508	 53.734508	 53.734508	 53.734508	 53.734508	 53.734508	 53.734508	 53.734508	 53.734508	 53.734508	 53.734508	 53.734508	 53.734508	 53.734508	 53.734508	 53.734508	 53.734508	 53.734508	 53.734508	 53.734508	 53.734508	 53.734508	 53.734508	 53.734508	 53.734508	 53.734508	 53.734508	 53.734508	 53.734508	 53.734508	 53.734508	 53.734508	
        99	 95.910388	 92.840222	  89.80858	 86.833819	  83.93324	 81.122789	 78.416796	 75.827766	 73.366222	 71.040599	 68.857203	 66.820215	 64.931755	 63.191987	 61.599262	   60.1503	 58.840392	 57.663615	 56.613061	 55.681065	  54.85942	 54.139591	 53.512902	  52.97071	  52.50455	 52.106259	 51.768078	 51.482722	 51.243439	 51.044038	 50.878903	 50.742995	 50.631834	 50.541478	 50.468487	 50.409889	 50.363136	 50.326064	  50.29685	 50.273969	 50.256159	 50.242382	 50.231789	 50.223694	 50.217547	 50.212907	 50.209425	  50.20683	 50.204906	 50.203489	 50.202452	 50.201697	 50.201151	 50.200758	 50.200478	 50.200279	 50.200138	 50.200039	 50.199971	 50.199923	  50.19989	 50.199867	 50.199852	 50.199842	 50.199835	  50.19983	 50.199827	 50.199825	 50.199823	 50.199823	 50.199822	 50.199822	 50.199821	 50.199821	 50.199821	 50.199821	 50.199821	 50.199821	 50.199821	 50.199821	 50.199821	 50.199821	 50.199821	 50.199821	 50.199821	 50.199821	 50.199821	 50.199821	 50.199821	 50.199821	 50.199821	 50.199821	 50.199821	 50.199821	 50.199821	 50.199821	 50.199821	 50.199821	 50.199821	 50.199821	 50.199821	 50.199821	 50.199821	 50.199821	 50.199821	 50.199821	 50.199821	 50.199821	 50.199821	 50.199821	 50.199821	 50.199821	 50.199821	 50.199821	 50.199821	 50.199821	 50.199821	 50.199821	 50.199821	 50.199821	 50.199821	 50.199821	 50.199821	 50.199821	 50.199821	 50.199821	 50.199821	 50.199821	 50.199821	 50.199821	 50.199821	 50.199821	 50.199821	 50.199821	 50.199821	 50.199821	 50.199821	 50.199821	 50.199821	 50.199821	 50.199821	 50.199821	 50.199821	 50.199821	 50.199821	 50.199821	 50.199821	 50.199821	 50.199821	 50.199821	 50.199821	 50.199821	 50.199821	 50.199821	 50.199821	 50.199821	 50.199821	 50.199821	 50.199821	 50.199821	 50.199821	 50.199821	 50.199821	 50.199821	 50.199821	 50.199821	 50.199821	 50.199821	 50.199821	 50.199821	 50.199821	 50.199821	 50.199821	 50.199821	 50.199821	 50.199821	 50.199821	 50.199821	 50.199821	 50.199821	 50.199821	 50.199821	 50.199821	 50.199821	 50.199821	 50.199821	 50.199821	 50.199821	 50.199821	 50.199821	 50.199821	 50.199821	 50.199821	 50.199821	 50.199821	 50.199821	 50.199821	 50.199821	 50.199821	
        99	 95.701595	  92.42395	 89.187433	 86.011642	 82.915046	  79.91467	 77.025812	 74.261822	 71.633935	 69.151156	 66.820215	 64.645578	 62.629508	 60.772177	 59.071828	 57.524958	 56.126539	 54.870248	 53.748711	 52.753742	 51.876582	 51.108118	 50.439089	 49.860266	 49.362612	 48.937413	 48.576386	 48.271753	 48.016306	 47.803435	 47.627145	 47.482056	 47.363387	 47.266929	 47.189008	 47.126452	 47.076542	 47.036966	 47.005779	 46.981353	  46.96234	 46.947632	 46.936324	 46.927683	 46.921121	 46.916167	 46.912451	  46.90968	 46.907627	 46.906114	 46.905007	 46.904201	 46.903618	 46.903199	   46.9029	 46.902687	 46.902537	 46.902431	 46.902358	 46.902307	 46.902272	 46.902248	 46.902231	  46.90222	 46.902213	 46.902208	 46.902205	 46.902202	 46.902201	   46.9022	 46.902199	 46.902199	 46.902199	 46.902199	 46.902198	 46.902198	 46.902198	 46.902198	 46.902198	 46.902198	 46.902198	 46.902198	 46.902198	 46.902198	 46.902198	 46.902198	 46.902198	 46.902198	 46.902198	 46.902198	 46.902198	 46.902198	 46.902198	 46.902198	 46.902198	 46.902198	 46.902198	 46.902198	 46.902198	 46.902198	 46.902198	 46.902198	 46.902198	 46.902198	 46.902198	 46.902198	 46.902198	 46.902198	 46.902198	 46.902198	 46.902198	 46.902198	 46.902198	 46.902198	 46.902198	 46.902198	 46.902198	 46.902198	 46.902198	 46.902198	 46.902198	 46.902198	 46.902198	 46.902198	 46.902198	 46.902198	 46.902198	 46.902198	 46.902198	 46.902198	 46.902198	 46.902198	 46.902198	 46.902198	 46.902198	 46.902198	 46.902198	 46.902198	 46.902198	 46.902198	 46.902198	 46.902198	 46.902198	 46.902198	 46.902198	 46.902198	 46.902198	 46.902198	 46.902198	 46.902198	 46.902198	 46.902198	 46.902198	 46.902198	 46.902198	 46.902198	 46.902198	 46.902198	 46.902198	 46.902198	 46.902198	 46.902198	 46.902198	 46.902198	 46.902198	 46.902198	 46.902198	 46.902198	 46.902198	 46.902198	 46.902198	 46.902198	 46.902198	 46.902198	 46.902198	 46.902198	 46.902198	 46.902198	 46.902198	 46.902198	 46.902198	 46.902198	 46.902198	 46.902198	 46.902198	 46.902198	 46.902198	 46.902198	 46.902198	 46.902198	 46.902198	 46.902198	 46.902198	 46.902198	 46.902198	 46.902198	 46.902198	 46.902198	 46.902198	
        99	 95.508025	 92.038029	 88.611575	 85.249411	 81.971091	 78.794638	 75.736249	 72.810058	 70.027957	 67.399481	 64.931755	 62.629508	 60.495133	 58.528815	 56.728691	 55.091054	  53.61058	 52.280575	 51.093232	 50.039885	 49.111261	 48.297711	  47.58943	 46.976649	 46.449799	 45.999657	  45.61745	 45.294948	 45.024517	 44.799159	 44.612529	  44.45893	 44.333301	 44.231185	 44.148695	 44.082471	 44.029634	 43.987737	 43.954721	 43.928863	 43.908736	 43.893165	 43.881194	 43.872047	 43.865099	 43.859856	 43.855922	 43.852988	 43.850814	 43.849213	 43.848041	 43.847188	 43.846571	 43.846127	  43.84581	 43.845585	 43.845426	 43.845315	 43.845237	 43.845183	 43.845146	  43.84512	 43.845103	 43.845091	 43.845083	 43.845078	 43.845075	 43.845072	 43.845071	  43.84507	 43.845069	 43.845069	 43.845068	 43.845068	 43.845068	 43.845068	 43.845068	 43.845068	 43.845068	 43.845068	 43.845068	 43.845068	 43.845068	 43.845068	 43.845068	 43.845068	 43.845068	 43.845068	 43.845068	 43.845068	 43.845068	 43.845068	 43.845068	 43.845068	 43.845068	 43.845068	 43.845068	 43.845068	 43.845068	 43.845068	 43.845068	 43.845068	 43.845068	 43.845068	 43.845068	 43.845068	 43.845068	 43.845068	 43.845068	 43.845068	 43.845068	 43.845068	 43.845068	 43.845068	 43.845068	 43.845068	 43.845068	 43.845068	 43.845068	 43.845068	 43.845068	 43.845068	 43.845068	 43.845068	 43.845068	 43.845068	 43.845068	 43.845068	 43.845068	 43.845068	 43.845068	 43.845068	 43.845068	 43.845068	 43.845068	 43.845068	 43.845068	 43.845068	 43.845068	 43.845068	 43.845068	 43.845068	 43.845068	 43.845068	 43.845068	 43.845068	 43.845068	 43.845068	 43.845068	 43.845068	 43.845068	 43.845068	 43.845068	 43.845068	 43.845068	 43.845068	 43.845068	 43.845068	 43.845068	 43.845068	 43.845068	 43.845068	 43.845068	 43.845068	 43.845068	 43.845068	 43.845068	 43.845068	 43.845068	 43.845068	 43.845068	 43.845068	 43.845068	 43.845068	 43.845068	 43.845068	 43.845068	 43.845068	 43.845068	 43.845068	 43.845068	 43.845068	 43.845068	 43.845068	 43.845068	 43.845068	 43.845068	 43.845068	 43.845068	 43.845068	 43.845068	 43.845068	 43.845068	 43.845068	 43.845068	 43.845068	 43.845068	 43.845068	 43.845068	
        99	 95.329696	 91.682492	 88.081056	 84.547193	 81.101457	 77.762791	 74.548219	 71.472597	 68.548425	 65.785725	 63.191987	 60.772177	 58.528815	 56.462092	 54.570051	 52.848796	  51.29273	 49.894818	 48.646853	 47.539728	 46.563693	 45.708609	 44.964169	 44.320106	 43.766362	 43.293241	 42.891525	 42.552561	 42.268327	 42.031467	 41.835312	 41.673875	 41.541834	 41.434507	 41.347808	 41.278204	 41.222671	 41.178637	 41.143936	 41.116759	 41.095605	 41.079241	 41.066659	 41.057045	 41.049743	 41.044232	 41.040097	 41.037014	  41.03473	 41.033047	 41.031815	 41.030918	  41.03027	 41.029804	 41.029471	 41.029234	 41.029067	  41.02895	 41.028868	 41.028811	 41.028772	 41.028745	 41.028727	 41.028715	 41.028707	 41.028701	 41.028697	 41.028695	 41.028693	 41.028692	 41.028692	 41.028691	 41.028691	 41.028691	 41.028691	 41.028691	  41.02869	  41.02869	  41.02869	  41.02869	  41.02869	  41.02869	  41.02869	  41.02869	  41.02869	  41.02869	  41.02869	  41.02869	  41.02869	  41.02869	  41.02869	  41.02869	  41.02869	  41.02869	  41.02869	  41.02869	  41.02869	  41.02869	  41.02869	  41.02869	  41.02869	  41.02869	  41.02869	  41.02869	  41.02869	  41.02869	  41.02869	  41.02869	  41.02869	  41.02869	  41.02869	  41.02869	  41.02869	  41.02869	  41.02869	  41.02869	  41.02869	  41.02869	  41.02869	  41.02869	  41.02869	  41.02869	  41.02869	  41.02869	  41.02869	  41.02869	  41.02869	  41.02869	  41.02869	  41.02869	  41.02869	  41.02869	  41.02869	  41.02869	  41.02869	  41.02869	  41.02869	  41.02869	  41.02869	  41.02869	  41.02869	  41.02869	  41.02869	  41.02869	  41.02869	  41.02869	  41.02869	  41.02869	  41.02869	  41.02869	  41.02869	  41.02869	  41.02869	  41.02869	  41.02869	  41.02869	  41.02869	  41.02869	  41.02869	  41.02869	  41.02869	  41.02869	  41.02869	  41.02869	  41.02869	  41.02869	  41.02869	  41.02869	  41.02869	  41.02869	  41.02869	  41.02869	  41.02869	  41.02869	  41.02869	  41.02869	  41.02869	  41.02869	  41.02869	  41.02869	  41.02869	  41.02869	  41.02869	  41.02869	  41.02869	  41.02869	  41.02869	  41.02869	  41.02869	  41.02869	  41.02869	  41.02869	  41.02869	  41.02869	  41.02869	  41.02869	  41.02869	  41.02869	  41.02869	
        99	 95.166437	 91.357004	 87.595373	 83.904323	  80.30532	  76.81815	 73.460596	 70.248175	 67.193941	 64.308362	 61.599262	 59.071828	 56.728691	 54.570051	 52.593865	 50.796061	 49.170795	 47.710717	 46.407256	 45.250899	 44.231464	 43.338358	 42.560818	 41.888118	 41.309755	   40.8156	 40.396025	 40.041992	 39.745123	 39.497734	  39.29286	 39.124248	 38.986339	 38.874242	 38.783689	 38.710993	 38.652992	 38.607002	 38.570759	 38.542375	 38.520281	 38.503189	 38.490049	 38.480007	 38.472382	 38.466625	 38.462307	 38.459087	 38.456701	 38.454944	 38.453657	 38.452721	 38.452043	 38.451557	 38.451209	 38.450962	 38.450787	 38.450665	 38.450579	  38.45052	 38.450479	 38.450451	 38.450432	  38.45042	 38.450411	 38.450405	 38.450401	 38.450399	 38.450397	 38.450396	 38.450395	 38.450395	 38.450394	 38.450394	 38.450394	 38.450394	 38.450394	 38.450394	 38.450394	 38.450394	 38.450394	 38.450394	 38.450394	 38.450394	 38.450394	 38.450394	 38.450394	 38.450394	 38.450394	 38.450394	 38.450394	 38.450394	 38.450394	 38.450394	 38.450394	 38.450394	 38.450394	 38.450394	 38.450394	 38.450394	 38.450394	 38.450394	 38.450394	 38.450394	 38.450394	 38.450394	 38.450394	 38.450394	 38.450394	 38.450394	 38.450394	 38.450394	 38.450394	 38.450394	 38.450394	 38.450394	 38.450394	 38.450394	 38.450394	 38.450394	 38.450394	 38.450394	 38.450394	 38.450394	 38.450394	 38.450394	 38.450394	 38.450394	 38.450394	 38.450394	 38.450394	 38.450394	 38.450394	 38.450394	 38.450394	 38.450394	 38.450394	 38.450394	 38.450394	 38.450394	 38.450394	 38.450394	 38.450394	 38.450394	 38.450394	 38.450394	 38.450394	 38.450394	 38.450394	 38.450394	 38.450394	 38.450394	 38.450394	 38.450394	 38.450394	 38.450394	 38.450394	 38.450394	 38.450394	 38.450394	 38.450394	 38.450394	 38.450394	 38.450394	 38.450394	 38.450394	 38.450394	 38.450394	 38.450394	 38.450394	 38.450394	 38.450394	 38.450394	 38.450394	 38.450394	 38.450394	 38.450394	 38.450394	 38.450394	 38.450394	 38.450394	 38.450394	 38.450394	 38.450394	 38.450394	 38.450394	 38.450394	 38.450394	 38.450394	 38.450394	 38.450394	 38.450394	 38.450394	 38.450394	 38.450394	 38.450394	 38.450394	 38.450394	 38.450394	
        99	 95.017915	 91.060893	 87.153528	 83.319477	 79.581041	 75.958773	 72.471143	 69.134269	 65.961713	 62.964348	   60.1503	 57.524958	 55.091054	 52.848796	 50.796061	  48.92862	 47.240402	 45.723772	 44.369827	 43.168684	 42.109768	 41.182075	 40.374425	 39.675675	 39.074916	 38.561627	 38.125807	 37.758067	 37.449704	 37.192739	 36.979934	 36.804794	 36.661548	 36.545112	 36.451055	 36.375545	   36.3153	  36.26753	 36.229885	 36.200402	 36.177454	 36.159701	 36.146052	 36.135622	 36.127702	 36.121723	 36.117238	 36.113893	 36.111415	 36.109589	 36.108253	  36.10728	 36.106577	 36.106071	  36.10571	 36.105453	 36.105272	 36.105145	 36.105057	 36.104995	 36.104953	 36.104924	 36.104904	 36.104891	 36.104882	 36.104875	 36.104871	 36.104869	 36.104867	 36.104866	 36.104865	 36.104865	 36.104864	 36.104864	 36.104864	 36.104864	 36.104864	 36.104864	 36.104864	 36.104864	 36.104864	 36.104864	 36.104864	 36.104864	 36.104864	 36.104864	 36.104864	 36.104864	 36.104864	 36.104864	 36.104864	 36.104864	 36.104864	 36.104864	 36.104864	 36.104864	 36.104864	 36.104864	 36.104864	 36.104864	 36.104864	 36.104864	 36.104864	 36.104864	 36.104864	 36.104864	 36.104864	 36.104864	 36.104864	 36.104864	 36.104864	 36.104864	 36.104864	 36.104864	 36.104864	 36.104864	 36.104864	 36.104864	 36.104864	 36.104864	 36.104864	 36.104864	 36.104864	 36.104864	 36.104864	 36.104864	 36.104864	 36.104864	 36.104864	 36.104864	 36.104864	 36.104864	 36.104864	 36.104864	 36.104864	 36.104864	 36.104864	 36.104864	 36.104864	 36.104864	 36.104864	 36.104864	 36.104864	 36.104864	 36.104864	 36.104864	 36.104864	 36.104864	 36.104864	 36.104864	 36.104864	 36.104864	 36.104864	 36.104864	 36.104864	 36.104864	 36.104864	 36.104864	 36.104864	 36.104864	 36.104864	 36.104864	 36.104864	 36.104864	 36.104864	 36.104864	 36.104864	 36.104864	 36.104864	 36.104864	 36.104864	 36.104864	 36.104864	 36.104864	 36.104864	 36.104864	 36.104864	 36.104864	 36.104864	 36.104864	 36.104864	 36.104864	 36.104864	 36.104864	 36.104864	 36.104864	 36.104864	 36.104864	 36.104864	 36.104864	 36.104864	 36.104864	 36.104864	 36.104864	 36.104864	 36.104864	 36.104864	 36.104864	 36.104864	
        99	 94.883644	 90.793198	 86.754083	 82.790755	 78.926267	 75.181865	 71.576642	  68.12726	 64.847738	 61.749315	 58.840392	 56.126539	  53.61058	  51.29273	 49.170795	 47.240402	 45.495275	 43.927522	  42.52794	 41.286312	 40.191705	 39.232747	 38.397878	  37.67558	 37.054577	 36.523992	 36.073487	 35.693357	 35.374605	 35.108982	 34.889009	  34.70797	 34.559898	 34.439541	 34.342316	 34.264263	 34.201989	 34.152611	 34.113699	 34.083223	 34.059502	 34.041152	 34.027044	 34.016263	 34.008076	 34.001896	  33.99726	 33.993803	 33.991241	 33.989354	 33.987973	 33.986968	 33.986241	 33.985718	 33.985344	 33.985079	 33.984892	 33.984761	 33.984669	 33.984605	 33.984562	 33.984532	 33.984511	 33.984497	 33.984488	 33.984482	 33.984478	 33.984475	 33.984473	 33.984472	 33.984471	 33.984471	  33.98447	  33.98447	  33.98447	  33.98447	  33.98447	  33.98447	  33.98447	  33.98447	  33.98447	  33.98447	  33.98447	  33.98447	  33.98447	  33.98447	  33.98447	  33.98447	  33.98447	  33.98447	  33.98447	  33.98447	  33.98447	  33.98447	  33.98447	  33.98447	  33.98447	  33.98447	  33.98447	  33.98447	  33.98447	  33.98447	  33.98447	  33.98447	  33.98447	  33.98447	  33.98447	  33.98447	  33.98447	  33.98447	  33.98447	  33.98447	  33.98447	  33.98447	  33.98447	  33.98447	  33.98447	  33.98447	  33.98447	  33.98447	  33.98447	  33.98447	  33.98447	  33.98447	  33.98447	  33.98447	  33.98447	  33.98447	  33.98447	  33.98447	  33.98447	  33.98447	  33.98447	  33.98447	  33.98447	  33.98447	  33.98447	  33.98447	  33.98447	  33.98447	  33.98447	  33.98447	  33.98447	  33.98447	  33.98447	  33.98447	  33.98447	  33.98447	  33.98447	  33.98447	  33.98447	  33.98447	  33.98447	  33.98447	  33.98447	  33.98447	  33.98447	  33.98447	  33.98447	  33.98447	  33.98447	  33.98447	  33.98447	  33.98447	  33.98447	  33.98447	  33.98447	  33.98447	  33.98447	  33.98447	  33.98447	  33.98447	  33.98447	  33.98447	  33.98447	  33.98447	  33.98447	  33.98447	  33.98447	  33.98447	  33.98447	  33.98447	  33.98447	  33.98447	  33.98447	  33.98447	  33.98447	  33.98447	  33.98447	  33.98447	  33.98447	  33.98447	  33.98447	  33.98447	  33.98447	  33.98447	  33.98447	  33.98447	  33.98447	
