Time step 74:
        99	        99	        99	        99	        99	        99	        99	        99	        99	        99	        99	        99	        99	        99	        99	        99	        99	        99	        99	        99	        99	        99	        99	        99	        99	        99	        99	        99	        99	        99	        99	        99	        99	        99	        99	        99	        99	        99	        99	        99	        99	        99	        99	        99	        99	        99	        99	        99	        99	        99	        99	        99	        99	        99	        99	        99	        99	        99	        99	        99	        99	        99	        99	        99	        99	        99	        99	        99	        99	        99	        99	        99	        99	        99	        99	        99	        99	        99	        99	        99	        99	        99	        99	        99	        99	        99	        99	        99	        99	        99	        99	        99	        99	        99	        99	        99	        99	        99	        99	        99	        99	        99	        99	        99	        99	        99	        99	        99	        99	        99	        99	        99	        99	        99	        99	        99	        99	        99	        99	        99	        99	        99	        99	        99	        99	        99	        99	        99	        99	        99	        99	        99	        99	        99	        99	        99	        99	        99	        99	        99	        99	        99	        99	        99	        99	        99	        99	        99	        99	        99	        99	        99	        99	        99	        99	        99	        99	        99	        99	        99	        99	        99	        99	        99	        99	        99	        99	        99	        99	        99	        99	        99	        99	        99	        99	        99	        99	        99	        99	        99	        99	        99	        99	        99	        99	        99	        99	        99	        99	        99	        99	        99	        99	        99	        99	        99	        99	        99	        99	        99	
        99	  98.99142	 98.982841	 98.974265	 98.965693	 98.957127	 98.948569	 98.940019	  98.93148	 98.922952	 98.914437	 98.905937	 98.897453	 98.888986	 98.880537	 98.872109	 98.863703	 98.855319	  98.84696	 98.838626	  98.83032	 98.822041	 98.813793	 98.805575	 98.797389	 98.789237	 98.781119	 98.773038	 98.764993	 98.756987	 98.749021	 98.741095	 98.733211	  98.72537	 98.717573	 98.709821	 98.702115	 98.694456	 98.686846	 98.679285	 98.671774	 98.664314	 98.656906	 98.649551	 98.642249	 98.635003	 98.627811	 98.620676	 98.613598	 98.606578	 98.599616	 98.592714	 98.585871	 98.579089	 98.572367	 98.565708	  98.55911	 98.552576	 98.546104	 98.539697	 98.533353	 98.527075	 98.520861	 98.514713	  98.50863	 98.502614	 98.496664	 98.490781	 98.484964	 98.479215	 98.473533	 98.467918	 98.462372	 98.456893	 98.451482	 98.446139	 98.440863	 98.435656	 98.430517	 98.425446	 98.420443	 98.415508	 98.410641	 98.405841	  98.40111	 98.396445	 98.391848	 98.387318	 98.382855	 98.378458	 98.374128	 98.369864	 98.365666	 98.361533	 98.357466	 98.353464	 98.349526	 98.345652	 98.341843	 98.338096	 98.334413	 98.330792	 98.327234	 98.323737	 98.320301	 98.316926	 98.313612	 98.310357	 98.307161	 98.304025	 98.300946	 98.297925	 98.294962	 98.292055	 98.289204	 98.286408	 98.283668	 98.280981	 98.278349	  98.27577	 98.273243	 98.270768	 98.268344	 98.265972	 98.263649	 98.261376	 98.259152	 98.256976	 98.254848	 98.252767	 98.250732	 98.248744	   98.2468	 98.244901	 98.243046	 98.241235	 98.239466	 98.237739	 98.236054	  98.23441	 98.232806	 98.231242	 98.229717	  98.22823	 98.226782	 98.225371	 98.223997	 98.222659	 98.221356	 98.220089	 98.218857	 98.217658	 98.216494	 98.215362	 98.214262	 98.213195	 98.212159	 98.211153	 98.210179	 98.209234	 98.208319	 98.207433	 98.206575	 98.205746	 98.204944	  98.20417	 98.203423	 98.202702	 98.202007	 98.201338	 98.200694	 98.200075	 98.199481	 98.198911	 98.198365	 98.197843	 98.197344	 98.196868	 98.196414	 98.195984	 98.195575	 98.195189	 98.194824	 98.194481	 98.194159	 98.193858	 98.193578	 98.193318	  98.19308	 98.192861	 98.192663	 98.192486	 98.192328	  98.19219	 98.192072	 98.191974	 98.191895	 98.191837	 98.191797	 98.191778	
        99	 98.982841	 98.965684	 98.948534	 98.931392	 98.914262	 98.897147	 98.880049	 98.862971	 98.845917	 98.828889	  98.81189	 98.794923	  98.77799	 98.761095	 98.744241	 98.727429	 98.710663	 98.693946	  98.67728	 98.660669	 98.644113	 98.627617	 98.611183	 98.594813	  98.57851	 98.562276	 98.546114	 98.530027	 98.514016	 98.498084	 98.482234	 98.466467	 98.450786	 98.435194	 98.419691	 98.404281	 98.388965	 98.373745	 98.358624	 98.343603	 98.328684	  98.31387	 98.299161	  98.28456	 98.270067	 98.255686	 98.241417	 98.227263	 98.213223	 98.199301	 98.185497	 98.171813	 98.158249	 98.144808	  98.13149	 98.118296	 98.105228	 98.092286	 98.079472	 98.066787	  98.05423	 98.041804	 98.029508	 98.017344	 98.005313	 97.993414	 97.981648	 97.970016	 97.958519	 97.947156	 97.935928	 97.924835	 97.913878	 97.903057	 97.892372	 97.881822	 97.871409	 97.861132	 97.850991	 97.840986	 97.831116	 97.821382	 97.811784	 97.802321	 97.792993	   97.7838	  97.77474	 97.765815	 97.757022	 97.748363	 97.739836	  97.73144	 97.723176	 97.715042	 97.707038	 97.699163	 97.691416	 97.683798	 97.676306	  97.66894	 97.661699	 97.654582	 97.647589	 97.640718	 97.633969	 97.627341	 97.620832	 97.614441	 97.608168	 97.602012	 97.595971	 97.590044	  97.58423	 97.578529	 97.572938	 97.567458	 97.562086	 97.556821	 97.551663	  97.54661	  97.54166	 97.536814	 97.532069	 97.527424	 97.522878	  97.51843	 97.514079	 97.509823	 97.505661	 97.501593	 97.497615	 97.493729	 97.489931	 97.486221	 97.482598	 97.479061	 97.475608	 97.472238	  97.46895	 97.465742	 97.462614	 97.459565	 97.456592	 97.453696	 97.450874	 97.448126	  97.44545	 97.442846	 97.440312	 97.437847	  97.43545	 97.433121	 97.430857	 97.428658	 97.426523	 97.424452	 97.422441	 97.420492	 97.418603	 97.416773	 97.415001	 97.413286	 97.411628	 97.410025	 97.408476	 97.406981	  97.40554	  97.40415	 97.402812	 97.401524	 97.400287	 97.399098	 97.397959	 97.396867	 97.395822	 97.394824	 97.393872	 97.392966	 97.392105	 97.391288	 97.390515	 97.389785	 97.389098	 97.388455	 97.387853	 97.387293	 97.386774	 97.386297	 97.385861	 97.385465	 97.385109	 97.384793	 97.384518	 97.384282	 97.384085	 97.383929	 97.383811	 97.383733	 97.383693	
        99	 98.974265	 98.948534	 98.922812	 98.897103	 98.871411	 98.845742	 98.820098	 98.794486	 98.768908	  98.74337	 98.717875	 98.692428	 98.667033	 98.641694	 98.616415	 98.591202	 98.566057	 98.540985	 98.515989	 98.491075	 98.466246	 98.441505	 98.416857	 98.392306	 98.367855	 98.343508	 98.319269	 98.295141	 98.271128	 98.247234	 98.223462	 98.199815	 98.176297	 98.152911	  98.12966	 98.106548	 98.083577	 98.060751	 98.038073	 98.015545	  97.99317	 97.970951	 97.948891	 97.926992	 97.905257	 97.883688	 97.862288	 97.841059	 97.820003	 97.799122	 97.778419	 97.757895	 97.737553	 97.717394	  97.69742	 97.677632	 97.658033	 97.638623	 97.619405	 97.600379	 97.581547	  97.56291	 97.544469	 97.526226	 97.508181	 97.490335	 97.472689	 97.455244	    97.438	 97.420958	 97.404119	 97.387482	 97.371049	 97.354819	 97.338794	 97.322972	 97.307354	 97.291941	 97.276731	 97.261725	 97.246924	 97.232325	  97.21793	 97.203737	 97.189747	 97.175959	 97.162371	 97.148985	 97.135798	 97.122811	 97.110022	 97.097431	 97.085036	 97.072837	 97.060832	 97.049022	 97.037404	 97.025977	 97.014741	 97.003693	 96.992833	  96.98216	 96.971672	 96.961367	 96.951245	 96.941304	 96.931542	 96.921957	 96.912549	 96.903316	 96.894255	 96.885367	 96.876647	 96.868096	 96.859712	 96.851492	 96.843435	 96.835539	 96.827803	 96.820224	 96.812801	 96.805533	 96.798416	  96.79145	 96.784632	 96.777962	 96.771436	 96.765053	 96.758811	 96.752708	 96.746743	 96.740914	 96.735219	 96.729655	 96.724221	 96.718916	 96.713737	 96.708683	 96.703751	 96.698941	  96.69425	 96.689676	 96.685218	 96.680873	 96.676641	  96.67252	 96.668507	 96.664601	   96.6608	 96.657104	 96.653509	 96.650015	  96.64662	 96.643323	 96.640121	 96.637013	 96.633999	 96.631075	 96.628242	 96.625497	  96.62284	 96.620268	  96.61778	 96.615376	 96.613054	 96.610812	 96.608649	 96.606565	 96.604558	 96.602627	 96.600771	 96.598989	  96.59728	 96.595642	 96.594075	 96.592579	 96.591151	 96.589792	   96.5885	 96.587275	 96.586115	 96.585021	 96.583991	 96.583025	 96.582123	 96.581283	 96.580506	  96.57979	 96.579135	 96.578541	 96.578008	 96.577535	 96.577121	 96.576767	 96.576473	 96.576237	 96.576061	 96.575943	 96.575885	
        99	 98.965693	 98.931392	 98.897103	 98.862831	 98.828582	 98.794363	 98.760179	 98.726036	 98.691939	 98.657894	 98.623908	 98.589985	 98.556132	 98.522353	 98.488656	 98.455044	 98.421524	 98.388101	 98.354781	 98.321569	 98.288469	 98.255488	 98.222631	 98.189902	 98.157307	 98.124851	 98.092539	 98.060375	 98.028364	 97.996511	 97.964821	 97.933299	 97.901948	 97.870772	 97.839778	 97.808968	 97.778346	 97.747917	 97.717685	 97.687654	 97.657827	 97.628208	   97.5988	 97.569607	 97.540633	  97.51188	 97.483352	 97.455053	 97.426984	 97.399148	  97.37155	  97.34419	 97.317072	 97.290199	 97.263572	 97.237194	 97.211066	 97.185192	 97.159573	  97.13421	 97.109106	 97.084261	 97.059679	 97.035359	 97.011304	 96.987514	 96.963991	 96.940735	 96.917748	  96.89503	 96.872581	 96.850404	 96.828497	 96.806862	 96.785499	 96.764407	 96.743588	 96.723041	 96.702765	 96.682762	  96.66303	 96.643569	 96.624379	  96.60546	  96.58681	 96.568429	 96.550316	 96.532471	 96.514892	 96.497579	 96.480531	 96.463746	 96.447223	  96.43096	 96.414958	 96.399213	 96.383726	 96.368493	 96.353514	 96.338787	  96.32431	 96.310082	 96.296101	 96.282364	  96.26887	 96.255618	 96.242604	 96.229828	 96.217286	 96.204977	 96.192899	  96.18105	 96.169427	 96.158028	  96.14685	 96.135893	 96.125152	 96.114627	 96.104314	 96.094211	 96.084316	 96.074626	 96.065139	 96.055853	 96.046764	 96.037872	 96.029172	 96.020663	 96.012342	 96.004208	 95.996256	 95.988485	 95.980892	 95.973476	 95.966232	  95.95916	 95.952256	 95.945518	 95.938944	 95.932532	 95.926278	 95.920181	 95.914238	 95.908446	 95.902805	  95.89731	 95.891961	 95.886754	 95.881688	  95.87676	 95.871968	 95.867311	 95.862785	 95.858389	  95.85412	 95.849978	 95.845959	 95.842062	 95.838285	 95.834626	 95.831083	 95.827655	 95.824339	 95.821134	 95.818038	  95.81505	 95.812167	 95.809389	 95.806713	 95.804139	 95.801665	 95.799289	  95.79701	 95.794827	 95.792739	 95.790744	 95.788841	 95.787029	 95.785306	 95.783673	 95.782127	 95.780669	 95.779296	 95.778009	 95.776805	 95.775686	 95.774649	 95.773695	 95.772822	 95.772031	  95.77132	 95.770689	 95.770138	 95.769666	 95.769273	  95.76896	 95.768725	 95.768568	 95.768489	
        99	 98.957127	 98.914262	 98.871411	 98.828582	 98.785783	  98.74302	   98.7003	 98.657632	 98.615022	 98.572477	 98.530005	 98.487613	 98.445307	 98.403095	 98.360983	 98.318979	  98.27709	 98.235322	 98.193683	 98.152178	 98.110814	 98.069598	 98.028537	 97.987637	 97.946904	 97.906344	 97.865963	 97.825769	 97.785766	  97.74596	 97.706358	 97.666964	 97.627786	 97.588827	 97.550093	  97.51159	 97.473323	 97.435297	 97.397517	 97.359987	 97.322713	 97.285698	 97.248948	 97.212466	 97.176258	 97.140326	 97.104676	  97.06931	 97.034233	 96.999447	 96.964958	 96.930767	 96.896879	 96.863295	  96.83002	 96.797056	 96.764405	  96.73207	 96.700054	 96.668359	 96.636987	 96.605939	 96.575219	 96.544827	 96.514766	 96.485036	 96.455639	 96.426577	  96.39785	  96.36946	 96.341407	 96.313692	 96.286316	 96.259279	 96.232582	 96.206224	 96.180207	 96.154529	 96.129191	 96.104193	 96.079535	 96.055215	 96.031234	  96.00759	 95.984284	 95.961314	 95.938679	 95.916378	  95.89441	 95.872774	 95.851469	 95.830493	 95.809844	 95.789522	 95.769524	 95.749848	 95.730494	 95.711458	 95.692739	 95.674335	 95.656244	 95.638463	  95.62099	 95.603824	 95.586961	   95.5704	 95.554137	  95.53817	 95.522497	 95.507115	 95.492022	 95.477214	 95.462688	 95.448443	 95.434475	 95.420782	 95.407359	 95.394206	 95.381318	 95.368693	 95.356327	 95.344218	 95.332362	 95.320757	   95.3094	 95.298287	 95.287415	 95.276782	 95.266383	 95.256217	  95.24628	 95.236569	 95.227081	 95.217812	  95.20876	 95.199922	 95.191295	 95.182875	 95.174659	 95.166645	  95.15883	 95.151211	 95.143784	 95.136546	 95.129496	  95.12263	 95.115945	 95.109438	 95.103107	 95.096949	 95.090961	  95.08514	 95.079484	  95.07399	 95.068657	  95.06348	 95.058458	 95.053588	 95.048868	 95.044295	 95.039868	 95.035583	 95.031439	 95.027434	 95.023565	  95.01983	 95.016228	 95.012756	 95.009413	 95.006196	 95.003104	 95.000135	 94.997287	 94.994559	 94.991949	 94.989456	 94.987078	 94.984813	 94.982661	  94.98062	 94.978688	 94.976865	  94.97515	 94.973541	 94.972037	 94.970638	 94.969343	  94.96815	  94.96706	 94.966071	 94.965182	 94.964394	 94.963705	 94.963116	 94.962625	 94.962233	 94.961939	 94.961743	 94.961645	
        99	 98.948569	 98.897147	 98.845742	 98.794363	  98.74302	  98.69172	 98.640473	 98.589287	 98.538171	 98.487133	 98.436182	 98.385327	 98.334576	 98.283937	  98.23342	 98.183031	 98.132779	 98.082674	 98.032722	 97.982931	  97.93331	 97.883867	 97.834609	 97.785544	 97.736679	 97.688023	 97.639582	 97.591363	 97.543374	 97.495623	 97.448115	 97.400857	 97.353857	 97.307121	 97.260656	 97.214467	 97.168561	 97.122944	 97.077621	   97.0326	 96.987884	 96.943481	 96.899394	  96.85563	 96.812193	 96.769089	 96.726322	 96.683896	 96.641816	 96.600087	 96.558713	 96.517697	 96.477043	 96.436756	 96.396838	 96.357293	 96.318124	 96.279335	 96.240928	 96.202905	  96.16527	 96.128025	 96.091172	 96.054714	 96.018651	 95.982986	 95.947722	 95.912858	 95.878396	 95.844339	 95.810686	 95.777438	 95.744597	 95.712163	 95.680136	 95.648517	 95.617305	 95.586502	 95.556106	 95.526118	 95.496537	 95.467362	 95.438594	 95.410231	 95.382272	 95.354716	 95.327563	  95.30081	 95.274457	 95.248502	 95.222944	  95.19778	  95.17301	 95.148631	  95.12464	 95.101037	 95.077819	 95.054983	 95.032527	 95.010449	 94.988747	 94.967416	 94.946456	 94.925863	 94.905634	 94.885766	 94.866257	 94.847103	 94.828301	 94.809849	 94.791742	 94.773978	 94.756553	 94.739464	 94.722708	  94.70628	 94.690179	   94.6744	 94.658939	 94.643793	 94.628959	 94.614432	  94.60021	 94.586289	 94.572664	 94.559333	 94.546291	 94.533534	  94.52106	 94.508865	 94.496944	 94.485294	 94.473912	 94.462793	 94.451934	 94.441332	 94.430982	 94.420881	 94.411026	 94.401412	 94.392037	 94.382896	 94.373987	 94.365305	 94.356847	  94.34861	 94.340591	 94.332785	  94.32519	 94.317802	 94.310619	 94.303636	 94.296851	 94.290261	 94.283862	 94.277652	 94.271628	 94.265785	 94.260123	 94.254638	 94.249326	 94.244187	 94.239216	 94.234411	  94.22977	 94.225289	 94.220968	 94.216803	 94.212792	 94.208933	 94.205224	 94.201662	 94.198246	 94.194973	 94.191842	 94.188851	 94.185998	 94.183282	   94.1807	 94.178251	 94.175934	 94.173747	  94.17169	 94.169759	 94.167956	 94.166277	 94.164723	 94.163293	 94.161984	 94.160798	 94.159732	 94.158786	  94.15796	 94.157253	 94.156664	 94.156194	 94.155841	 94.155606	 94.155489	
        99	 98.940019	 98.880049	 98.820098	 98.760179	   98.7003	 98.640473	 98.580707	 98.521012	 98.461398	 98.401876	 98.342456	 98.283147	 98.223959	 98.164902	 98.105986	 98.047221	 97.988616	 97.930181	 97.871925	 97.813858	 97.755988	 97.698326	 97.640879	 97.583658	  97.52667	 97.469925	 97.413431	 97.357197	 97.301231	 97.245541	 97.190136	 97.135022	 97.080209	 97.025704	 96.971514	 96.917647	  96.86411	 96.810909	 96.758053	 96.705547	 96.653399	 96.601613	 96.550198	 96.499159	 96.448501	 96.398232	 96.348355	 96.298876	 96.249802	 96.201136	 96.152883	 96.105049	 96.057637	 96.010653	 95.964099	  95.91798	 95.872301	 95.827063	 95.782271	 95.737928	 95.694037	   95.6506	 95.607621	 95.565101	 95.523044	 95.481451	 95.440323	 95.399664	 95.359474	 95.319755	 95.280507	 95.241733	 95.203433	 95.165607	 95.128256	  95.09138	  95.05498	 95.019056	 94.983608	 94.948634	 94.914136	 94.880111	 94.846561	 94.813482	 94.780876	 94.748739	 94.717072	 94.685872	 94.655138	 94.624869	 94.595062	 94.565715	 94.536827	 94.508395	 94.480417	  94.45289	 94.425812	  94.39918	 94.372991	 94.347243	 94.321932	 94.297056	 94.272612	 94.248595	 94.225003	 94.201833	 94.179081	 94.156743	 94.134815	 94.113295	 94.092178	 94.071461	  94.05114	  94.03121	 94.011668	  93.99251	 93.973732	  93.95533	 93.937299	 93.919635	 93.902335	 93.885394	 93.868808	 93.852572	 93.836682	 93.821134	 93.805924	 93.791048	   93.7765	 93.762277	 93.748375	 93.734789	 93.721514	 93.708547	 93.695883	 93.683518	 93.671448	 93.659668	 93.648174	 93.636962	 93.626028	 93.615368	 93.604978	 93.594852	 93.584989	 93.575383	  93.56603	 93.556927	 93.548069	 93.539453	 93.531076	 93.522932	  93.51502	 93.507334	 93.499871	 93.492629	 93.485603	 93.478789	 93.472186	 93.465789	 93.459594	   93.4536	 93.447803	 93.442199	 93.436786	 93.431561	 93.426522	 93.421664	 93.416987	 93.412486	  93.40816	 93.404007	 93.400022	 93.396206	 93.392554	 93.389066	 93.385739	 93.382571	 93.379559	 93.376704	 93.374001	 93.371451	 93.369051	   93.3668	 93.364697	  93.36274	 93.360927	 93.359259	 93.357733	 93.356349	 93.355106	 93.354003	 93.353039	 93.352215	 93.351528	  93.35098	 93.350568	 93.350294	 93.350158	
        99	  98.93148	 98.862971	 98.794486	 98.726036	 98.657632	 98.589287	 98.521012	 98.452818	 98.384717	 98.316721	 98.248841	 98.181088	 98.113474	 98.046009	 97.978705	 97.911574	 97.844625	 97.777871	 97.711321	 97.644986	 97.578878	 97.513006	 97.447381	 97.382013	 97.316912	 97.252088	 97.187551	 97.123311	 97.059377	 96.995758	 96.932465	 96.869505	 96.806888	 96.744623	 96.682718	 96.621182	 96.560022	 96.499248	 96.438866	 96.378885	 96.319312	 96.260154	 96.201419	 96.143113	 96.085244	 96.027817	 95.970839	 95.914316	 95.858255	  95.80266	 95.747538	 95.692894	 95.638732	 95.585058	 95.531877	 95.479192	 95.427009	 95.375331	 95.324162	 95.273506	 95.223366	 95.173745	 95.124647	 95.076074	 95.028029	 94.980514	 94.933531	 94.887083	 94.841171	 94.795797	 94.750962	 94.706667	 94.662914	 94.619703	 94.577034	 94.534909	 94.493327	 94.452288	 94.411793	  94.37184	  94.33243	 94.293561	 94.255234	 94.217446	 94.180197	 94.143486	  94.10731	 94.071668	 94.036559	  94.00198	 93.967929	 93.934405	 93.901404	 93.868924	 93.836962	 93.805516	 93.774583	 93.744159	 93.714242	 93.684828	 93.655914	 93.627497	 93.599572	 93.572136	 93.545185	 93.518716	 93.492725	 93.467206	 93.442157	 93.417573	  93.39345	 93.369784	 93.346569	 93.323802	 93.301478	 93.279592	 93.258141	 93.237118	  93.21652	 93.196342	 93.176579	 93.157226	 93.138278	 93.119731	 93.101579	 93.083818	 93.066442	 93.049448	 93.032829	 93.016581	 93.000699	 92.985179	 92.970014	 92.955201	 92.940734	 92.926609	  92.91282	 92.899363	 92.886233	 92.873425	 92.860934	 92.848756	 92.836886	  92.82532	 92.814052	 92.803078	 92.792394	 92.781994	 92.771876	 92.762033	 92.752463	  92.74316	 92.734121	 92.725341	 92.716816	 92.708542	 92.700516	 92.692733	 92.685189	 92.677881	 92.670805	 92.663957	 92.657334	 92.650933	  92.64475	 92.638781	 92.633024	 92.627475	 92.622131	  92.61699	 92.612048	 92.607303	 92.602752	 92.598392	  92.59422	 92.590236	 92.586434	 92.582815	 92.579375	 92.576113	 92.573026	 92.570113	 92.567371	   92.5648	 92.562397	 92.560161	  92.55809	 92.556184	 92.554441	  92.55286	  92.55144	  92.55018	  92.54908	 92.548138	 92.547353	 92.546727	 92.546257	 92.545944	 92.545788	
        99	 98.922952	 98.845917	 98.768908	 98.691939	 98.615022	 98.538171	 98.461398	 98.384717	 98.308141	 98.231682	 98.155354	 98.079168	 98.003139	 97.927278	 97.851598	 97.776111	 97.700831	 97.625768	 97.550935	 97.476345	 97.402009	 97.327939	 97.254146	 97.180642	 97.107439	 97.034548	 96.961979	 96.889743	 96.817852	 96.746316	 96.675145	  96.60435	  96.53394	 96.463925	 96.394316	 96.325121	  96.25635	 96.188011	 96.120115	 96.052669	 95.985681	 95.919161	 95.853116	 95.787553	 95.722482	 95.657908	 95.593838	 95.530281	 95.467242	 95.404729	 95.342746	 95.281301	 95.220398	 95.160044	 95.100244	 95.041003	 94.982325	 94.924215	 94.866678	 94.809717	 94.753336	  94.69754	 94.642331	 94.587713	 94.533688	  94.48026	  94.42743	 94.375201	 94.323575	 94.272554	 94.222139	 94.172331	 94.123133	 94.074543	 94.026565	 93.979196	 93.932439	 93.886293	 93.840757	 93.795832	 93.751517	 93.707812	 93.664714	 93.622223	 93.580339	 93.539058	  93.49838	 93.458302	 93.418823	 93.379941	 93.341652	 93.303955	 93.266847	 93.230325	 93.194385	 93.159026	 93.124243	 93.090033	 93.056392	 93.023317	 92.990805	  92.95885	  92.92745	   92.8966	 92.866295	 92.836531	 92.807305	 92.778611	 92.750444	 92.722801	 92.695675	 92.669063	 92.642959	 92.617359	 92.592256	 92.567647	 92.543525	 92.519887	 92.496725	 92.474036	 92.451813	 92.430051	 92.408745	 92.387889	 92.367478	 92.347507	 92.327969	 92.308859	 92.290172	 92.271902	 92.254044	 92.236591	 92.219539	 92.202883	 92.186615	 92.170732	 92.155227	 92.140095	 92.125331	 92.110929	 92.096884	  92.08319	 92.069843	 92.056837	 92.044167	 92.031827	 92.019813	 92.008119	 91.996741	 91.985674	 91.974913	 91.964452	 91.954288	 91.944415	 91.934829	 91.925526	   91.9165	 91.907748	 91.899266	 91.891048	 91.883091	 91.875392	 91.867945	 91.860746	 91.853793	 91.847082	 91.840608	 91.834369	  91.82836	 91.822579	 91.817022	 91.811686	 91.806569	 91.801666	 91.796976	 91.792495	 91.788221	 91.784151	 91.780283	 91.776614	 91.773143	 91.769867	 91.766785	 91.763893	 91.761191	 91.758677	 91.756349	 91.754206	 91.752246	 91.750468	 91.748871	 91.747454	 91.746217	 91.745157	 91.744276	 91.743571	 91.743043	 91.742691	 91.742515	
        99	 98.914437	 98.828889	  98.74337	 98.657894	 98.572477	 98.487133	 98.401876	 98.316721	 98.231682	 98.146774	  98.06201	 97.977405	 97.892974	 97.808729	 97.724686	 97.640857	 97.557257	 97.473899	 97.390796	 97.307963	 97.225412	 97.143156	 97.061208	 96.979581	 96.898288	 96.817341	 96.736753	 96.656534	 96.576698	 96.497257	  96.41822	 96.339601	  96.26141	 96.183658	 96.106356	 96.029514	 95.953143	 95.877253	 95.801853	 95.726953	 95.652563	 95.578691	 95.505347	 95.432539	 95.360276	 95.288566	 95.217416	 95.146835	  95.07683	 95.007408	 94.938575	  94.87034	 94.802707	 94.735683	 94.669274	 94.603485	 94.538323	 94.473791	 94.409895	  94.34664	 94.284029	 94.222066	 94.160756	 94.100102	 94.040107	 93.980774	 93.922106	 93.864105	 93.806774	 93.750114	 93.694127	 93.638816	  93.58418	 93.530221	  93.47694	 93.424337	 93.372412	 93.321166	 93.270599	 93.220709	 93.171497	 93.122961	   93.0751	 93.027914	   92.9814	 92.935558	 92.890384	 92.845877	 92.802036	 92.758856	 92.716336	 92.674473	 92.633264	 92.592706	 92.552794	 92.513527	   92.4749	 92.436909	 92.399551	 92.362822	 92.326716	  92.29123	  92.25636	   92.2221	 92.188446	 92.155394	 92.122937	 92.091072	 92.059793	 92.029094	 91.998971	 91.969418	 91.940429	 91.911999	 91.884123	 91.856794	 91.830007	 91.803756	 91.778034	 91.752837	 91.728159	 91.703992	 91.680331	 91.657171	 91.634504	 91.612325	 91.590628	 91.569407	 91.548655	 91.528366	 91.508534	 91.489153	 91.470216	 91.451719	 91.433654	 91.416015	 91.398797	 91.381992	 91.365597	 91.349603	 91.334006	 91.318799	 91.303977	 91.289533	 91.275463	 91.261759	 91.248418	 91.235432	 91.222796	 91.210506	 91.198555	 91.186939	 91.175651	 91.164687	 91.154042	 91.143711	 91.133688	 91.123969	 91.114549	 91.105423	 91.096587	 91.088036	 91.079766	 91.071772	 91.064051	 91.056598	 91.049409	  91.04248	 91.035807	 91.029387	 91.023216	 91.017291	 91.011607	 91.006163	 91.000954	 90.995978	 90.991232	 90.986712	 90.982417	 90.978343	 90.974488	  90.97085	 90.967427	 90.964216	 90.961215	 90.958423	 90.955838	 90.953458	 90.951281	 90.949307	 90.947534	  90.94596	 90.944586	 90.943409	  90.94243	 90.941647	 90.941061	  90.94067	 90.940475	
        99	 98.905937	  98.81189	 98.717875	 98.623908	 98.530005	 98.436182	 98.342456	 98.248841	 98.155354	  98.06201	 97.968826	 97.875816	 97.782996	 97.690382	  97.59799	 97.505833	 97.413928	 97.322288	  97.23093	 97.139868	 97.049115	 96.958688	 96.868599	 96.778863	 96.689494	 96.600505	 96.511911	 96.423723	 96.335956	 96.248622	 96.161734	 96.075304	 95.989345	 95.903869	 95.818887	 95.734412	 95.650454	 95.567024	 95.484133	 95.401792	 95.320012	 95.238801	 95.158171	  95.07813	 94.998688	 94.919854	 94.841636	 94.764043	 94.687083	 94.610764	 94.535094	 94.460079	 94.385727	 94.312045	 94.239038	 94.166714	 94.095078	 94.024136	 93.953892	 93.884352	 93.815521	 93.747403	 93.680002	 93.613322	 93.547367	 93.482139	 93.417643	  93.35388	 93.290853	 93.228564	 93.167016	 93.106209	 93.046146	 92.986826	 92.928252	 92.870423	  92.81334	 92.757003	 92.701412	 92.646566	 92.592464	 92.539107	 92.486492	 92.434618	 92.383483	 92.333086	 92.283425	 92.234497	   92.1863	  92.13883	 92.092086	 92.046064	 92.000761	 91.956174	 91.912297	 91.869129	 91.826665	   91.7849	  91.74383	 91.703452	 91.663759	 91.624748	 91.586413	  91.54875	 91.511753	 91.475417	 91.439736	 91.404705	 91.370318	  91.33657	 91.303454	 91.270965	 91.239097	 91.207843	 91.177197	 91.147153	 91.117705	 91.088845	 91.060569	 91.032869	 91.005738	 90.979171	  90.95316	 90.927698	  90.90278	 90.878398	 90.854545	 90.831215	 90.808401	 90.786097	 90.764295	 90.742988	 90.722171	 90.701836	 90.681976	 90.662585	 90.643656	 90.625182	 90.607158	 90.589575	 90.572428	 90.555711	 90.539416	 90.523538	 90.508069	 90.493005	 90.478337	 90.464062	 90.450171	  90.43666	 90.423522	 90.410751	 90.398342	 90.386289	 90.374586	 90.363228	  90.35221	 90.341525	 90.331169	 90.321137	 90.311423	 90.302023	 90.292931	 90.284143	 90.275655	 90.267461	 90.259558	 90.251941	 90.244605	 90.237547	 90.230763	 90.224249	 90.218001	 90.212016	  90.20629	 90.200819	 90.195601	 90.190633	 90.185911	 90.181432	 90.177195	 90.173195	 90.169432	 90.165902	 90.162603	 90.159533	 90.156691	 90.154075	 90.151682	 90.149512	 90.147562	 90.145833	 90.144322	 90.143028	 90.141952	 90.141091	 90.140447	 90.140017	 90.139802	
        99	 98.897453	 98.794923	 98.692428	 98.589985	 98.487613	 98.385327	 98.283147	 98.181088	 98.079168	 97.977405	 97.875816	 97.774417	 97.673225	 97.572258	 97.471531	 97.371062	 97.270867	 97.170962	 97.071364	 96.972088	  96.87315	 96.774566	 96.676351	 96.578521	 96.481091	 96.384076	  96.28749	 96.191348	 96.095665	 96.000453	 95.905728	 95.811503	 95.717791	 95.624605	 95.531958	 95.439863	 95.348331	 95.257376	 95.167009	 95.077242	 94.988085	 94.899549	 94.811646	 94.724386	 94.637778	 94.551833	  94.46656	 94.381969	 94.298067	 94.214864	 94.132368	 94.050587	 93.969529	 93.889201	  93.80961	 93.730762	 93.652664	 93.575323	 93.498744	 93.422931	 93.347892	  93.27363	 93.200149	 93.127455	 93.055551	  92.98444	 92.914126	 92.844612	   92.7759	 92.707993	 92.640893	 92.574602	  92.50912	 92.444451	 92.380593	 92.317548	 92.255316	 92.193898	 92.133292	 92.073499	 92.014518	 91.956348	 91.898987	 91.842434	 91.786687	 91.731745	 91.677604	 91.624263	 91.571718	 91.519967	 91.469007	 91.418834	 91.369445	 91.320835	 91.273002	  91.22594	 91.179645	 91.134113	 91.089339	 91.045318	 91.002046	 90.959516	 90.917723	 90.876663	 90.836329	 90.796715	 90.757816	 90.719625	 90.682137	 90.645345	 90.609242	 90.573823	  90.53908	 90.505006	 90.471596	 90.438843	 90.406738	 90.375276	 90.344449	  90.31425	 90.284673	 90.255709	 90.227352	 90.199594	 90.172428	 90.145846	 90.119842	 90.094408	 90.069536	  90.04522	 90.021451	 89.998223	 89.975528	 89.953359	 89.931707	 89.910567	 89.889931	 89.869791	 89.850141	 89.830973	 89.812279	 89.794054	 89.776289	 89.758979	 89.742115	 89.725691	 89.709701	 89.694138	 89.678994	 89.664264	 89.649941	 89.636019	 89.622491	  89.60935	 89.596592	  89.58421	 89.572197	 89.560549	 89.549259	 89.538322	 89.527732	 89.517484	 89.507572	 89.497991	 89.488737	 89.479805	 89.471189	 89.462884	 89.454887	 89.447193	 89.439797	 89.432695	 89.425883	 89.419358	 89.413116	 89.407152	 89.401463	 89.396046	 89.390898	 89.386016	 89.381396	 89.377036	 89.372933	 89.369085	 89.365488	 89.362142	 89.359043	 89.356191	 89.353582	 89.351216	 89.349091	 89.347205	 89.345558	 89.344148	 89.342974	 89.342036	 89.341333	 89.340865	 89.340631	
        99	 98.888986	  98.77799	 98.667033	 98.556132	 98.445307	 98.334576	 98.223959	 98.113474	 98.003139	 97.892974	 97.782996	 97.673225	 97.563679	 97.454375	 97.345332	 97.236567	 97.128099	 97.019946	 96.912124	 96.804651	 96.697544	  96.59082	 96.484497	 96.378589	 96.273115	 96.168089	 96.063529	 95.959449	 95.855865	 95.752792	 95.650246	 95.548241	 95.446791	 95.345911	 95.245615	 95.145916	 95.046827	 94.948363	 94.850534	 94.753355	 94.656836	 94.560991	  94.46583	 94.371365	 94.277606	 94.184565	 94.092252	 94.000676	 93.909847	 93.819774	 93.730467	 93.641934	 93.554183	 93.467222	 93.381059	 93.295701	 93.211156	 93.127429	 93.044526	 92.962455	 92.881219	 92.800826	 92.721278	 92.642582	 92.564741	 92.487759	 92.411639	 92.336385	    92.262	 92.188487	 92.115846	 92.044082	 91.973194	 91.903184	 91.834054	 91.765804	 91.698434	 91.631944	 91.566335	 91.501605	 91.437754	 91.374781	 91.312684	 91.251462	 91.191112	 91.131633	 91.073022	 91.015277	 90.958394	  90.90237	 90.847202	 90.792887	 90.739419	 90.686796	 90.635013	 90.584066	 90.533949	 90.484657	 90.436187	 90.388531	 90.341686	 90.295644	 90.250401	 90.205951	 90.162286	 90.119402	 90.077291	 90.035947	 89.995364	 89.955533	  89.91645	 89.878106	 89.840494	 89.803608	 89.767439	 89.731981	 89.697226	 89.663166	 89.629794	 89.597102	 89.565082	 89.533727	 89.503028	 89.472978	 89.443569	 89.414793	 89.386642	 89.359108	 89.332183	 89.305859	 89.280128	 89.254982	 89.230413	 89.206413	 89.182974	 89.160088	 89.137748	 89.115946	 89.094673	 89.073922	 89.053685	 89.033955	 89.014723	 88.995983	 88.977727	 88.959948	 88.942638	 88.925789	 88.909395	 88.893449	 88.877943	 88.862871	 88.848226	 88.834001	 88.820189	 88.806785	  88.79378	  88.78117	 88.768948	 88.757108	 88.745643	 88.734549	 88.723819	 88.713448	  88.70343	 88.693759	 88.684432	 88.675442	 88.666784	 88.658454	 88.650448	  88.64276	 88.635386	 88.628322	 88.621564	 88.615108	 88.608949	 88.603085	 88.597512	 88.592227	 88.587225	 88.582505	 88.578064	 88.573897	 88.570004	 88.566382	 88.563027	 88.559939	 88.557115	 88.554554	 88.552253	 88.550212	 88.548428	 88.546902	 88.545631	 88.544616	 88.543855	 88.543348	 88.543094	
        99	 98.880537	 98.761095	 98.641694	 98.522353	 98.403095	 98.283937	 98.164902	 98.046009	 97.927278	 97.808729	 97.690382	 97.572258	 97.454375	 97.336753	 97.219411	  97.10237	 96.985648	 96.869264	 96.753237	 96.637585	 96.522327	 96.407482	 96.293067	   96.1791	 96.065599	 95.952581	 95.840064	 95.728063	 95.616597	  95.50568	  95.39533	 95.285563	 95.176393	 95.067836	 94.959907	 94.852621	 94.745991	 94.640033	  94.53476	 94.430185	 94.326322	 94.223183	  94.12078	 94.019126	 93.918233	 93.818111	 93.718773	 93.620228	 93.522487	 93.425559	 93.329456	 93.234185	 93.139757	 93.046178	 92.953458	 92.861605	 92.770625	 92.680526	 92.591315	 92.502998	 92.415581	 92.329069	 92.243468	 92.158783	 92.075018	 91.992178	 91.910265	 91.829285	 91.749239	 91.670131	 91.591963	 91.514737	 91.438455	 91.363117	 91.288726	 91.215282	 91.142786	 91.071236	 91.000634	 90.930978	 90.862268	 90.794503	  90.72768	 90.661799	 90.596856	 90.532851	  90.46978	  90.40764	 90.346428	 90.286141	 90.226775	 90.168326	  90.11079	 90.054163	 89.998439	 89.943614	 89.889683	 89.836641	 89.784481	   89.7332	 89.682789	 89.633244	 89.584558	 89.536725	 89.489737	 89.443589	 89.398274	 89.353784	 89.310112	 89.267251	 89.225193	 89.183931	 89.143457	 89.103763	 89.064842	 89.026686	 88.989286	 88.952634	 88.916722	 88.881542	 88.847086	 88.813344	  88.78031	 88.747973	 88.716326	  88.68536	 88.655067	 88.625437	 88.596463	 88.568136	 88.540446	 88.513387	 88.486948	 88.461122	 88.435899	 88.411272	 88.387232	  88.36377	 88.340878	 88.318548	 88.296771	  88.27554	 88.254845	 88.234679	 88.215034	 88.195901	 88.177273	 88.159143	 88.141501	 88.124342	 88.107656	 88.091437	 88.075677	  88.06037	 88.045507	 88.031082	 88.017088	 88.003518	 87.990366	 87.977625	 87.965288	 87.953349	 87.941803	 87.930642	 87.919862	 87.909456	 87.899418	 87.889744	 87.880428	 87.871464	 87.862848	 87.854575	  87.84664	 87.839038	 87.831766	 87.824818	 87.818191	 87.811881	 87.805884	 87.800196	 87.794814	 87.789735	 87.784955	 87.780472	 87.776283	 87.772384	 87.768775	 87.765452	 87.762413	 87.759656	 87.757181	 87.754984	 87.753065	 87.751422	 87.750055	 87.748962	 87.748143	 87.747598	 87.747325	
        99	 98.872109	 98.744241	 98.616415	 98.488656	 98.360983	  98.23342	 98.105986	 97.978705	 97.851598	 97.724686	  97.59799	 97.471531	 97.345332	 97.219411	 97.093792	 96.968493	 96.843536	 96.718941	 96.594729	 96.470918	 96.347529	 96.224581	 96.102094	 95.980087	 95.858579	 95.737587	 95.617132	  95.49723	 95.377899	 95.259158	 95.141023	 95.023511	 94.906639	 94.790423	  94.67488	 94.560025	 94.445873	  94.33244	  94.21974	 94.107787	 93.996596	 93.886181	 93.776554	 93.667728	 93.559717	 93.452532	 93.346185	 93.240687	 93.136051	 93.032285	 92.929402	  92.82741	  92.72632	 92.626139	 92.526878	 92.428544	 92.331146	 92.234691	 92.139186	 92.044638	 91.951053	 91.858438	 91.766798	 91.676139	 91.586464	 91.497779	 91.410088	 91.323395	 91.237702	 91.153013	  91.06933	 90.986655	 90.904991	 90.824339	   90.7447	 90.666074	 90.588463	 90.511866	 90.436283	 90.361713	 90.288155	 90.215609	 90.144072	 90.073543	 90.004019	 89.935498	 89.867977	 89.801453	 89.735923	 89.671383	 89.607829	 89.545256	 89.483661	 89.423038	 89.363383	 89.304691	 89.246955	  89.19017	 89.134331	 89.079431	 89.025464	 88.972424	 88.920303	 88.869095	 88.818793	 88.769389	 88.720877	 88.673248	 88.626495	  88.58061	 88.535585	 88.491412	 88.448083	 88.405589	 88.363922	 88.323074	 88.283035	 88.243797	 88.205352	  88.16769	 88.130803	 88.094681	 88.059316	 88.024698	 87.990818	 87.957667	 87.925237	 87.893517	 87.862499	 87.832173	  87.80253	 87.773561	 87.745257	 87.717609	 87.690607	 87.664243	 87.638507	 87.613389	 87.588883	 87.564977	 87.541664	 87.518934	  87.49678	 87.475191	  87.45416	 87.433677	 87.413735	 87.394326	  87.37544	 87.357069	 87.339207	 87.321843	 87.304972	 87.288584	 87.272673	  87.25723	 87.242249	 87.227722	 87.213642	 87.200002	 87.186795	 87.174014	 87.161653	 87.149705	 87.138163	 87.127023	 87.116278	 87.105921	 87.095947	 87.086351	 87.077128	 87.068271	 87.059776	 87.051638	 87.043853	 87.036415	  87.02932	 87.022565	 87.016145	 87.010056	 87.004294	 86.998857	  86.99374	  86.98894	 86.984455	 86.980282	 86.976417	  86.97286	 86.969607	 86.966656	 86.964005	 86.961654	 86.959599	 86.957841	 86.956377	 86.955207	 86.954331	 86.953746	 86.953455	
        99	 98.863703	 98.727429	 98.591202	 98.455044	 98.318979	 98.183031	 98.047221	 97.911574	 97.776111	 97.640857	 97.505833	 97.371062	 97.236567	  97.10237	 96.968493	 96.834959	 96.701788	 96.569003	 96.436626	 96.304677	 96.173177	 96.042148	  95.91161	 95.781583	 95.652087	 95.523143	 95.394769	 95.266986	 95.139812	 95.013265	 94.887365	 94.762129	 94.637575	  94.51372	 94.390582	 94.268177	 94.146522	 94.025633	 93.905525	 93.786213	 93.667714	  93.55004	 93.433207	 93.317228	 93.202117	 93.087886	 92.974549	 92.862117	 92.750603	 92.640017	 92.530371	 92.421675	 92.313939	 92.207174	 92.101388	 91.996591	  91.89279	 91.789995	 91.688212	 91.587449	 91.487713	  91.38901	 91.291347	 91.194728	 91.099159	 91.004645	  90.91119	 90.818797	 90.727472	 90.637216	 90.548032	 90.459924	 90.372892	 90.286938	 90.202064	  90.11827	 90.035558	 89.953925	 89.873374	 89.793902	  89.71551	 89.638195	 89.561956	  89.48679	 89.412697	 89.339672	 89.267713	 89.196816	 89.126979	 89.058196	 88.990464	 88.923779	 88.858135	 88.793527	 88.729951	   88.6674	 88.605869	 88.545352	 88.485843	 88.427334	  88.36982	 88.313293	 88.257746	 88.203172	 88.149564	 88.096913	 88.045212	 87.994452	 87.944626	 87.895725	  87.84774	 87.800664	 87.754486	 87.709199	 87.664793	  87.62126	 87.578589	 87.536773	   87.4958	 87.455663	 87.416351	 87.377855	 87.340165	 87.303271	 87.267164	 87.231835	 87.197272	 87.163468	 87.130411	 87.098091	   87.0665	 87.035627	 87.005463	 86.975997	  86.94722	 86.919123	 86.891695	 86.864927	 86.838809	 86.813332	 86.788487	 86.764263	 86.740652	 86.717644	 86.695231	 86.673402	 86.652149	 86.631464	 86.611336	 86.591758	 86.572722	 86.554217	 86.536236	 86.518772	 86.501815	 86.485357	 86.469391	 86.453909	 86.438903	 86.424367	 86.410291	  86.39667	 86.383497	 86.370763	 86.358463	 86.346591	 86.335139	 86.324102	 86.313472	 86.303246	 86.293416	 86.283977	 86.274923	 86.266251	 86.257954	 86.250027	 86.242466	 86.235267	 86.228424	 86.221935	 86.215795	     86.21	 86.204546	 86.199431	 86.194652	 86.190204	 86.186086	 86.182294	 86.178827	 86.175682	 86.172858	 86.170351	 86.168162	 86.166288	 86.164728	 86.163481	 86.162547	 86.161924	 86.161613	
        99	 98.855319	 98.710663	 98.566057	 98.421524	  98.27709	 98.132779	 97.988616	 97.844625	 97.700831	 97.557257	 97.413928	 97.270867	 97.128099	 96.985648	 96.843536	 96.701788	 96.560426	 96.419474	 96.278954	 96.138889	 95.999301	 95.860212	 95.721644	  95.58362	 95.446159	 95.309283	 95.173014	  95.03737	 94.902374	 94.768043	 94.634399	  94.50146	 94.369244	 94.237772	 94.107059	 93.977125	 93.847987	 93.719662	 93.592166	 93.465516	 93.339727	 93.214816	 93.090797	 92.967684	 92.845492	 92.724235	 92.603927	 92.484579	 92.366206	 92.248818	 92.132427	 92.017045	 91.902683	 91.789351	 91.677058	 91.565815	 91.455629	 91.346511	 91.238468	 91.131507	 91.025636	 90.920862	 90.817192	  90.71463	 90.613182	 90.512855	 90.413651	 90.315576	 90.218633	 90.122825	 90.028156	 89.934628	 89.842243	 89.751002	 89.660908	  89.57196	 89.484159	 89.397506	    89.312	  89.22764	 89.144426	 89.062355	 88.981427	 88.901638	 88.822987	  88.74547	 88.669085	 88.593828	 88.519694	 88.446681	 88.374783	 88.303996	 88.234314	 88.165733	 88.098246	 88.031848	 87.966532	 87.902293	 87.839123	 87.777015	 87.715963	  87.65596	 87.596996	 87.539065	 87.482159	  87.42627	 87.371388	 87.317506	 87.264615	 87.212706	  87.16177	 87.111798	 87.062781	 87.014708	 86.967571	  86.92136	 86.876065	 86.831676	 86.788183	 86.745577	 86.703847	 86.662983	 86.622974	 86.583812	 86.545484	 86.507981	 86.471293	 86.435409	 86.400318	 86.366011	 86.332477	 86.299705	 86.267685	 86.236407	  86.20586	 86.176035	  86.14692	 86.118505	 86.090781	 86.063737	 86.037363	  86.01165	 85.986586	 85.962163	 85.938371	   85.9152	  85.89264	 85.870682	 85.849316	 85.828534	 85.808326	 85.788684	 85.769597	 85.751058	 85.733058	 85.715588	  85.69864	 85.682206	 85.666277	 85.650846	 85.635905	 85.621446	 85.607462	 85.593946	 85.580889	 85.568286	  85.55613	 85.544414	 85.533131	 85.522275	  85.51184	 85.501821	 85.492211	 85.483005	 85.474197	 85.465783	 85.457757	 85.450115	 85.442852	 85.435963	 85.429445	 85.423294	 85.417505	 85.412075	 85.407001	  85.40228	 85.397909	 85.393884	 85.390204	 85.386865	 85.383867	 85.381207	 85.378882	 85.376893	 85.375237	 85.373914	 85.372922	 85.372261	 85.371931	
