Time step 99:
        99	        99	        99	        99	        99	        99	        99	        99	        99	        99	        99	        99	        99	        99	        99	        99	        99	        99	        99	        99	        99	        99	        99	        99	        99	        99	        99	        99	        99	        99	        99	        99	        99	        99	        99	        99	        99	        99	        99	        99	        99	        99	        99	        99	        99	        99	        99	        99	        99	        99	        99	        99	        99	        99	        99	        99	        99	        99	        99	        99	        99	        99	        99	        99	        99	        99	        99	        99	        99	        99	        99	        99	        99	        99	        99	        99	        99	        99	        99	        99	        99	        99	        99	        99	        99	        99	        99	        99	        99	        99	        99	        99	        99	        99	        99	        99	        99	        99	        99	        99	        99	        99	        99	        99	        99	        99	        99	        99	        99	        99	        99	        99	        99	        99	        99	        99	        99	        99	        99	        99	        99	        99	        99	        99	        99	        99	        99	        99	        99	        99	        99	        99	        99	        99	        99	        99	        99	        99	        99	        99	        99	        99	        99	        99	        99	        99	        99	        99	        99	        99	        99	        99	        99	        99	        99	        99	        99	        99	        99	        99	        99	        99	        99	        99	        99	        99	        99	        99	        99	        99	        99	        99	        99	        99	        99	        99	        99	        99	        99	        99	        99	        99	        99	        99	        99	        99	        99	        99	        99	        99	        99	        99	        99	        99	        99	        99	        99	        99	        99	        99	
        99	 98.993587	 98.987175	 98.980765	 98.974357	 98.967953	 98.961552	 98.955156	 98.948767	 98.942383	 98.936007	 98.929639	  98.92328	 98.916931	 98.910593	 98.904265	  98.89795	 98.891648	 98.885359	 98.879085	 98.872826	 98.866583	 98.860357	 98.854148	 98.847957	 98.841786	 98.835634	 98.829502	 98.823392	 98.817303	 98.811237	 98.805194	 98.799175	 98.793181	 98.787212	 98.781269	 98.775352	 98.769463	 98.763601	 98.757768	 98.751963	 98.746189	 98.740444	  98.73473	 98.729048	 98.723398	  98.71778	 98.712195	 98.706643	 98.701126	 98.695643	 98.690195	 98.684782	 98.679406	 98.674065	 98.668762	 98.663496	 98.658267	 98.653077	 98.647925	 98.642812	 98.637738	 98.632703	 98.627709	 98.622754	  98.61784	 98.612967	 98.608135	 98.603345	 98.598596	 98.593889	 98.589224	 98.584602	 98.580022	 98.575485	 98.570991	 98.566541	 98.562133	 98.557769	 98.553449	 98.549173	  98.54494	 98.540752	 98.536607	 98.532507	 98.528451	 98.524439	 98.520472	 98.516549	 98.512671	 98.508837	 98.505048	 98.501303	 98.497602	 98.493946	 98.490335	 98.486768	 98.483245	 98.479766	 98.476332	 98.472942	 98.469596	 98.466293	 98.463035	  98.45982	 98.456649	 98.453522	 98.450438	 98.447397	 98.444399	 98.441444	 98.438532	 98.435662	 98.432835	  98.43005	 98.427307	 98.424605	 98.421946	 98.419328	 98.416751	 98.414215	  98.41172	 98.409265	 98.406851	 98.404477	 98.402142	 98.399847	 98.397592	 98.395376	 98.393199	  98.39106	 98.388959	 98.386897	 98.384873	 98.382886	 98.380937	 98.379024	 98.377149	  98.37531	 98.373507	  98.37174	 98.370009	 98.368314	 98.366654	 98.365029	 98.363438	 98.361882	  98.36036	 98.358872	 98.357417	 98.355996	 98.354608	 98.353253	 98.351931	 98.350641	 98.349383	 98.348157	 98.346962	 98.345799	 98.344667	 98.343567	 98.342496	 98.341457	 98.340447	 98.339468	 98.338518	 98.337598	 98.336707	 98.335846	 98.335013	  98.33421	 98.333435	 98.332688	  98.33197	  98.33128	 98.330617	 98.329983	 98.329376	 98.328797	 98.328245	  98.32772	 98.327222	 98.326751	 98.326307	  98.32589	 98.325499	 98.325135	 98.324797	 98.324486	 98.324201	 98.323942	 98.323709	 98.323502	 98.323321	 98.323166	 98.323037	 98.322934	 98.322856	 98.322805	 98.322779	
        99	 98.987175	 98.974352	 98.961532	 98.948718	 98.935909	 98.923109	 98.910319	  98.89754	 98.884774	 98.872023	 98.859288	 98.846571	 98.833873	 98.821197	 98.808543	 98.795913	 98.783309	 98.770733	 98.758185	 98.745668	 98.733183	 98.720731	 98.708314	 98.695934	 98.683592	 98.671289	 98.659026	 98.646806	  98.63463	 98.622499	 98.610414	 98.598377	 98.586389	 98.574451	 98.562565	 98.550733	 98.538954	 98.527232	 98.515566	 98.503958	  98.49241	 98.480921	 98.469495	 98.458131	 98.446831	 98.435596	 98.424426	 98.413324	  98.40229	 98.391324	 98.380429	 98.369605	 98.358852	 98.348172	 98.337566	 98.327035	 98.316578	 98.306198	 98.295894	 98.285669	 98.275521	 98.265453	 98.255465	 98.245557	 98.235729	 98.225984	 98.216321	 98.206741	 98.197244	  98.18783	 98.178501	 98.169257	 98.160098	 98.151025	 98.142038	 98.133137	 98.124323	 98.115595	 98.106955	 98.098403	 98.089938	 98.081562	 98.073273	 98.065073	 98.056962	 98.048939	 98.041005	  98.03316	 98.025404	 98.017737	 98.010158	 98.002669	 97.995269	 97.987957	 97.980734	 97.973601	 97.966555	 97.959599	 97.952731	 97.945951	 97.939259	 97.932655	 97.926139	  97.91971	 97.913368	 97.907113	 97.900946	 97.894864	 97.888869	 97.882959	 97.877135	 97.871396	 97.865742	 97.860172	 97.854686	 97.849284	 97.843965	 97.838729	 97.833576	 97.828504	 97.823514	 97.818605	 97.813777	 97.809029	 97.804361	 97.799772	 97.795261	 97.790829	 97.786475	 97.782197	 97.777997	 97.773873	 97.769824	 97.765851	 97.761952	 97.758128	 97.754377	 97.750699	 97.747094	 97.743561	 97.740099	 97.736709	 97.733389	 97.730138	 97.726957	 97.723845	 97.720801	 97.717825	 97.714917	 97.712075	 97.709299	 97.706589	 97.703944	 97.701365	 97.698849	 97.696397	 97.694008	 97.691682	 97.689419	 97.687217	 97.685077	 97.682997	 97.680978	 97.679019	  97.67712	  97.67528	 97.673499	 97.671776	 97.670111	 97.668504	 97.666954	 97.665461	 97.664025	 97.662645	  97.66132	 97.660052	 97.658838	 97.657679	 97.656575	 97.655526	  97.65453	 97.653589	 97.652701	 97.651866	 97.651085	 97.650357	 97.649681	 97.649058	 97.648488	  97.64797	 97.647504	  97.64709	 97.646728	 97.646418	  97.64616	 97.645954	 97.645799	 97.645696	 97.645644	
        99	 98.980765	 98.961532	 98.942305	 98.923084	 98.903874	 98.884676	 98.865492	 98.846326	 98.827179	 98.808054	 98.788954	 98.769881	 98.750836	 98.731824	 98.712845	 98.693902	 98.674999	 98.656136	 98.637317	 98.618543	 98.599817	 98.581141	 98.562518	  98.54395	 98.525438	 98.506985	 98.488594	 98.470266	 98.452003	 98.433808	 98.415683	 98.397629	 98.379649	 98.361745	 98.343918	 98.326171	 98.308505	 98.290923	 98.273426	 98.256016	 98.238695	 98.221465	 98.204327	 98.187283	 98.170334	 98.153483	 98.136731	  98.12008	  98.10353	 98.087084	 98.070743	 98.054508	 98.038381	 98.022363	 98.006455	 97.990659	 97.974976	 97.959408	 97.943954	 97.928617	 97.913398	 97.898297	 97.883316	 97.868455	 97.853716	   97.8391	 97.824606	 97.810237	 97.795993	 97.781875	 97.767883	 97.754019	 97.740282	 97.726673	 97.713194	 97.699844	 97.686624	 97.673534	 97.660576	 97.647748	 97.635053	 97.622489	 97.610058	 97.597759	 97.585594	 97.573561	 97.561661	 97.549895	 97.538261	 97.526762	 97.515395	 97.504163	 97.493063	 97.482097	 97.471264	 97.460565	 97.449998	 97.439564	 97.429263	 97.419094	 97.409058	 97.399153	 97.389379	 97.379737	 97.370226	 97.360845	 97.351594	 97.342473	  97.33348	 97.324617	 97.315882	 97.307274	 97.298794	  97.29044	 97.282212	  97.27411	 97.266133	  97.25828	  97.25055	 97.242944	 97.235459	 97.228097	 97.220855	 97.213734	 97.206732	 97.199849	 97.193084	 97.186436	 97.179906	 97.173491	 97.167191	 97.161005	 97.154933	 97.148974	 97.143126	  97.13739	 97.131765	 97.126249	 97.120841	 97.115542	  97.11035	 97.105265	 97.100285	  97.09541	 97.090639	 97.085971	 97.081406	 97.076943	  97.07258	 97.068318	 97.064155	  97.06009	 97.056124	 97.052254	 97.048481	 97.044803	 97.041221	 97.037732	 97.034337	 97.031035	 97.027825	 97.024706	 97.021678	  97.01874	 97.015891	 97.013132	  97.01046	 97.007876	 97.005379	 97.002969	 97.000644	 96.998405	 96.996251	 96.994181	 96.992194	 96.990291	 96.988471	 96.986733	 96.985078	 96.983503	  96.98201	 96.980598	 96.979266	 96.978015	 96.976843	 96.975751	 96.974737	 96.973803	 96.972948	 96.972171	 96.971472	 96.970851	 96.970309	 96.969844	 96.969456	 96.969147	 96.968915	  96.96876	 96.968683	
        99	 98.974357	 98.948718	 98.923084	 98.897461	 98.871851	 98.846257	 98.820683	 98.795132	 98.769607	 98.744111	 98.718647	  98.69322	 98.667831	 98.642485	 98.617183	 98.591931	 98.566729	 98.541583	 98.516494	 98.491466	 98.466502	 98.441605	 98.416778	 98.392023	 98.367345	 98.342745	 98.318227	 98.293793	 98.269446	  98.24519	 98.221026	 98.196958	 98.172988	  98.14912	 98.125354	 98.101695	 98.078144	 98.054705	 98.031379	  98.00817	 97.985078	 97.962108	 97.939261	 97.916539	 97.893944	 97.871479	 97.849147	 97.826948	 97.804885	  97.78296	 97.761175	 97.739531	 97.718032	 97.696678	 97.675471	 97.654413	 97.633505	  97.61275	 97.592149	 97.571702	 97.551413	 97.531281	  97.51131	 97.491498	 97.471849	 97.452363	 97.433042	 97.413886	 97.394897	 97.376075	 97.357422	 97.338939	 97.320626	 97.302484	 97.284514	 97.266716	 97.249092	 97.231642	 97.214367	 97.197266	 97.180342	 97.163593	  97.14702	 97.130625	 97.114406	 97.098364	   97.0825	 97.066814	 97.051306	 97.035975	 97.020822	 97.005847	  96.99105	 96.976431	  96.96199	 96.947726	 96.933639	 96.919729	 96.905996	  96.89244	 96.879059	 96.865855	 96.852826	 96.839971	 96.827291	 96.814785	 96.802453	 96.790293	 96.778305	 96.766489	 96.754844	 96.743369	 96.732063	 96.720926	 96.709958	 96.699156	 96.688521	 96.678052	 96.667748	 96.657607	  96.64763	 96.637814	  96.62816	 96.618667	 96.609332	 96.600156	 96.591138	 96.582276	 96.573569	 96.565017	 96.556618	 96.548372	 96.540277	 96.532332	 96.524537	  96.51689	 96.509391	 96.502037	 96.494828	 96.487764	 96.480842	 96.474063	 96.467424	 96.460925	 96.454565	 96.448342	 96.442256	 96.436306	  96.43049	 96.424807	 96.419257	 96.413839	 96.408551	 96.403392	 96.398362	  96.39346	 96.388683	 96.384033	 96.379507	 96.375104	 96.370825	 96.366667	  96.36263	 96.358714	 96.354916	 96.351237	 96.347676	 96.344231	 96.340902	 96.337689	  96.33459	 96.331605	 96.328732	 96.325973	 96.323325	 96.320788	 96.318361	 96.316044	 96.313837	 96.311738	 96.309748	 96.307865	  96.30609	 96.304421	 96.302859	 96.301403	 96.300052	 96.298807	 96.297666	  96.29663	 96.295699	 96.294872	 96.294148	 96.293528	 96.293012	 96.292599	  96.29229	 96.292083	  96.29198	
        99	 98.967953	 98.935909	 98.903874	 98.871851	 98.839845	 98.807858	 98.775897	 98.743964	 98.712063	   98.6802	 98.648377	 98.616598	 98.584868	 98.553191	 98.521571	 98.490011	 98.458516	 98.427088	 98.395733	 98.364455	 98.333255	  98.30214	 98.271112	 98.240175	 98.209332	 98.178588	 98.147947	  98.11741	 98.086983	 98.056668	 98.026469	  97.99639	 97.966434	 97.936603	 97.906902	 97.877334	 97.847901	 97.818608	 97.789456	  97.76045	 97.731591	 97.702883	  97.67433	 97.645933	 97.617695	 97.589619	 97.561709	 97.533965	 97.506392	 97.478991	 97.451765	 97.424716	 97.397847	 97.371159	 97.344656	 97.318338	 97.292209	  97.26627	 97.240523	  97.21497	 97.189613	 97.164453	 97.139493	 97.114734	 97.090177	 97.065825	 97.041678	 97.017738	 96.994006	 96.970483	 96.947171	 96.924071	 96.901184	 96.878511	 96.856053	  96.83381	 96.811785	 96.789976	 96.768386	 96.747015	 96.725863	 96.704931	 96.684219	 96.663728	 96.643459	 96.623411	 96.603585	  96.58398	 96.564599	 96.545439	 96.526502	 96.507787	 96.489294	 96.471023	 96.452975	 96.435148	 96.417543	 96.400159	 96.382997	 96.366054	 96.349332	 96.332829	 96.316546	 96.300481	 96.284634	 96.269005	 96.253592	 96.238395	 96.223413	 96.208646	 96.194092	 96.179751	 96.165622	 96.151704	 96.137995	 96.124496	 96.111205	 96.098121	 96.085243	  96.07257	   96.0601	 96.047833	 96.035768	 96.023903	 96.012237	  96.00077	 95.989499	 95.978423	 95.967542	 95.956854	 95.946358	 95.936052	 95.925935	 95.916006	 95.906264	 95.896707	 95.887334	 95.878144	 95.869135	 95.860306	 95.851656	 95.843183	 95.834886	 95.826764	 95.818815	 95.811039	 95.803432	 95.795996	 95.788727	 95.781626	  95.77469	 95.767918	 95.761309	 95.754862	 95.748576	 95.742448	 95.736479	 95.730667	 95.725011	 95.719509	  95.71416	 95.708964	 95.703919	 95.699024	 95.694278	  95.68968	 95.685229	 95.680924	 95.676764	 95.672748	 95.668875	 95.665145	 95.661555	 95.658106	 95.654797	 95.651626	 95.648593	 95.645698	 95.642939	 95.640317	 95.637829	 95.635476	 95.633257	 95.631172	  95.62922	   95.6274	 95.625712	 95.624155	  95.62273	 95.621435	 95.620271	 95.619237	 95.618333	 95.617558	 95.616913	 95.616397	  95.61601	 95.615752	 95.615624	
        99	 98.961552	 98.923109	 98.884676	 98.846257	 98.807858	 98.769484	 98.731139	 98.692829	 98.654557	 98.616329	 98.578151	 98.540026	 98.501959	 98.463955	  98.42602	 98.388156	 98.350371	 98.312667	  98.27505	 98.237524	 98.200094	 98.162764	 98.125539	 98.088423	 98.051421	 98.014537	 97.977775	  97.94114	 97.904636	 97.868267	 97.832037	  97.79595	 97.760011	 97.724222	  97.68859	 97.653116	 97.617805	 97.582661	 97.547687	 97.512888	 97.478265	 97.443824	 97.409568	 97.375499	 97.341622	 97.307939	 97.274454	  97.24117	  97.20809	 97.175216	 97.142553	 97.110102	 97.077866	 97.045848	 97.014052	 96.982478	  96.95113	 96.920011	 96.889122	 96.858465	 96.828044	  96.79786	 96.767914	  96.73821	 96.708749	 96.679533	 96.650563	 96.621842	  96.59337	  96.56515	 96.537182	 96.509469	 96.482011	 96.454809	 96.427866	 96.401181	 96.374756	 96.348592	  96.32269	  96.29705	 96.271674	 96.246561	 96.221713	  96.19713	 96.172812	  96.14876	 96.124975	 96.101455	 96.078202	 96.055216	 96.032497	 96.010044	 95.987858	 95.965938	 95.944285	 95.922898	 95.901777	 95.880921	 95.860331	 95.840005	 95.819943	 95.800144	 95.780609	 95.761335	 95.742324	 95.723573	 95.705081	 95.686849	 95.668875	 95.651159	 95.633698	 95.616493	 95.599542	 95.582844	 95.566398	 95.550203	 95.534258	  95.51856	  95.50311	 95.487906	 95.472946	 95.458229	 95.443754	  95.42952	 95.415524	 95.401766	 95.388244	 95.374957	 95.361902	 95.349079	 95.336487	 95.324123	 95.311986	 95.300074	 95.288386	  95.27692	 95.265676	  95.25465	 95.243842	 95.233249	 95.222872	 95.212706	 95.202753	 95.193008	 95.183472	 95.174142	 95.165017	 95.156095	 95.147375	 95.138855	 95.130533	 95.122409	 95.114481	 95.106746	 95.099204	 95.091853	 95.084692	 95.077719	 95.070933	 95.064332	 95.057915	 95.051681	 95.045629	 95.039756	 95.034062	 95.028546	 95.023206	 95.018041	 95.013051	 95.008232	 95.003586	  94.99911	 94.994804	 94.990666	 94.986695	 94.982891	 94.979253	  94.97578	  94.97247	 94.969324	 94.966339	 94.963516	 94.960854	 94.958353	  94.95601	 94.953827	 94.951802	 94.949934	 94.948224	 94.946671	 94.945274	 94.944034	 94.942949	  94.94202	 94.941246	 94.940627	 94.940163	 94.939853	 94.939699	
        99	 98.955156	 98.910319	 98.865492	 98.820683	 98.775897	 98.731139	 98.686416	 98.641732	 98.597095	 98.552508	 98.507979	 98.463511	 98.419113	 98.374787	 98.330541	  98.28638	 98.242309	 98.198333	 98.154459	 98.110691	 98.067034	 98.023495	 97.980078	 97.936788	 97.893631	 97.850611	 97.807734	 97.765005	 97.722428	 97.680009	 97.637753	 97.595663	 97.553746	 97.512005	 97.470444	  97.42907	 97.387885	 97.346895	 97.306104	 97.265515	 97.225134	 97.184964	 97.145009	 97.105273	 97.065761	 97.026475	  96.98742	 96.948599	 96.910016	 96.871675	 96.833577	 96.795728	  96.75813	 96.720787	 96.683701	 96.646875	 96.610313	 96.574017	  96.53799	 96.502234	 96.466752	 96.431547	  96.39662	 96.361975	 96.327613	 96.293537	 96.259749	 96.226249	 96.193042	 96.160127	 96.127507	 96.095184	 96.063158	 96.031432	 96.000006	 95.968883	 95.938063	 95.907546	 95.877336	 95.847431	 95.817833	 95.788543	 95.759562	 95.730889	 95.702526	 95.674474	 95.646731	 95.619299	 95.592179	 95.565369	  95.53887	 95.512683	 95.486806	  95.46124	 95.435985	 95.411041	 95.386406	 95.362081	 95.338066	 95.314358	 95.290959	 95.267867	 95.245082	 95.222603	 95.200429	 95.178558	 95.156991	 95.135726	 95.114763	 95.094099	 95.073734	 95.053667	 95.033896	 95.014421	 94.995239	  94.97635	 94.957752	 94.939444	 94.921423	  94.90369	 94.886242	 94.869077	 94.852194	 94.835592	 94.819268	 94.803221	  94.78745	 94.771952	 94.756726	 94.741771	 94.727083	 94.712662	 94.698506	 94.684613	 94.670981	 94.657608	 94.644493	 94.631633	 94.619027	 94.606673	 94.594569	 94.582713	 94.571103	 94.559738	 94.548615	 94.537733	  94.52709	 94.516684	 94.506514	 94.496576	 94.486871	 94.477395	 94.468148	 94.459126	  94.45033	 94.441756	 94.433404	 94.425271	 94.417356	 94.409657	 94.402173	 94.394902	 94.387843	 94.380993	 94.374352	 94.367919	  94.36169	 94.355666	 94.349845	 94.344226	 94.338806	 94.333586	 94.328563	 94.323737	 94.319106	 94.314669	 94.310426	 94.306375	 94.302514	 94.298844	 94.295364	 94.292071	 94.288967	 94.286049	 94.283317	  94.28077	 94.278408	  94.27623	 94.274235	 94.272424	 94.270795	 94.269348	 94.268083	 94.266999	 94.266096	 94.265374	 94.264833	 94.264472	 94.264292	
        99	 98.948767	  98.89754	 98.846326	 98.795132	 98.743964	 98.692829	 98.641732	 98.590682	 98.539684	 98.488744	 98.437869	 98.387066	  98.33634	 98.285699	 98.235148	 98.184694	 98.134343	 98.084102	 98.033975	 97.983971	 97.934093	  97.88435	 97.834746	 97.785288	 97.735981	 97.686832	 97.637845	 97.589027	 97.540384	 97.491921	 97.443643	 97.395556	 97.347665	 97.299976	 97.252494	 97.205224	 97.158171	  97.11134	 97.064736	 97.018364	 96.972229	 96.926335	 96.880687	 96.835289	 96.790146	 96.745263	 96.700642	  96.65629	 96.612209	 96.568404	 96.524878	 96.481636	 96.438681	 96.396016	 96.353646	 96.311573	   96.2698	 96.228332	 96.187171	 96.146321	 96.105783	 96.065561	 96.025658	 95.986076	 95.946818	 95.907886	 95.869283	  95.83101	 95.793071	 95.755466	 95.718198	 95.681269	  95.64468	 95.608433	  95.57253	 95.536971	 95.501759	 95.466895	 95.432379	 95.398213	 95.364398	 95.330934	 95.297823	 95.265065	 95.232661	 95.200611	 95.168915	 95.137575	 95.106589	 95.075959	 95.045685	 95.015766	 94.986202	 94.956993	  94.92814	 94.899641	 94.871496	 94.843705	 94.816267	 94.789182	 94.762448	 94.736066	 94.710034	 94.684352	 94.659018	 94.634031	 94.609391	 94.585096	 94.561145	 94.537537	  94.51427	 94.491344	 94.468756	 94.446505	  94.42459	  94.40301	 94.381762	 94.360844	 94.340257	 94.319996	 94.300062	 94.280451	 94.261162	 94.242194	 94.223545	 94.205211	 94.187193	 94.169487	 94.152091	 94.135005	 94.118224	 94.101749	 94.085575	 94.069703	 94.054128	  94.03885	 94.023866	 94.009173	 93.994771	 93.980656	 93.966828	 93.953282	 93.940018	 93.927033	 93.914326	 93.901893	 93.889734	 93.877845	 93.866225	 93.854872	 93.843783	 93.832957	 93.822392	 93.812086	 93.802036	  93.79224	 93.782698	 93.773406	 93.764363	 93.755567	 93.747017	  93.73871	 93.730644	 93.722819	 93.715232	 93.707881	 93.700766	 93.693883	 93.687233	 93.680812	 93.674621	 93.668656	 93.662918	 93.657404	 93.652113	 93.647045	 93.642196	 93.637568	 93.633158	 93.628965	 93.624988	 93.621227	 93.617679	 93.614346	 93.611224	 93.608315	 93.605616	 93.603128	 93.600849	  93.59878	 93.596918	 93.595265	  93.59382	 93.592582	  93.59155	 93.590725	 93.590107	 93.589695	 93.589489	
        99	 98.942383	 98.884774	 98.827179	 98.769607	 98.712063	 98.654557	 98.597095	 98.539684	 98.482331	 98.425045	 98.367831	 98.310698	 98.253653	 98.196702	 98.139853	 98.083113	 98.026488	 97.969987	 97.913615	  97.85738	 97.801289	 97.745347	 97.689563	 97.633943	 97.578493	 97.523219	  97.46813	 97.413229	 97.358525	 97.304024	 97.249731	 97.195653	 97.141795	 97.088164	 97.034766	 96.981607	 96.928691	 96.876025	 96.823615	 96.771465	 96.719582	  96.66797	 96.616634	  96.56558	 96.514813	 96.464337	 96.414158	 96.364279	 96.314706	 96.265443	 96.216494	 96.167864	 96.119557	 96.071577	 96.023927	 95.976612	 95.929636	 95.883001	 95.836711	 95.790771	 95.745183	 95.699949	 95.655075	 95.610561	 95.566412	 95.522629	 95.479216	 95.436175	 95.393509	 95.351218	 95.309307	 95.267777	 95.226629	 95.185866	 95.145489	 95.105501	 95.065901	 95.026693	 94.987877	 94.949454	 94.911426	 94.873793	 94.836557	 94.799717	 94.763275	 94.727232	 94.691587	 94.656342	 94.621496	  94.58705	 94.553003	 94.519356	 94.486109	 94.453261	 94.420813	 94.388763	 94.357112	 94.325858	 94.295002	 94.264542	 94.234478	 94.204808	 94.175533	 94.146651	  94.11816	  94.09006	  94.06235	 94.035028	 94.008093	 93.981544	 93.955378	 93.929595	 93.904193	  93.87917	 93.854525	 93.830255	  93.80636	 93.782836	 93.759683	 93.736899	  93.71448	 93.692426	 93.670735	 93.649403	  93.62843	 93.607812	 93.587549	 93.567637	 93.548074	 93.528858	 93.509987	 93.491459	 93.473271	  93.45542	 93.437905	 93.420723	 93.403872	 93.387349	 93.371153	 93.355279	 93.339727	 93.324494	 93.309578	 93.294975	 93.280684	 93.266703	 93.253028	 93.239658	 93.226591	 93.213823	 93.201353	 93.189178	 93.177296	 93.165706	 93.154403	 93.143388	 93.132656	 93.122207	 93.112037	 93.102146	  93.09253	 93.083188	 93.074118	 93.065317	 93.056785	 93.048518	 93.040516	 93.032776	 93.025297	 93.018077	 93.011114	 93.004406	 92.997953	 92.991752	 92.985802	 92.980102	  92.97465	 92.969444	 92.964485	 92.959769	 92.955297	 92.951067	 92.947078	 92.943329	 92.939818	 92.936546	 92.933511	 92.930713	 92.928151	 92.925823	  92.92373	 92.921871	 92.920245	 92.918853	 92.917693	 92.916765	  92.91607	 92.915606	 92.915375	
        99	 98.936007	 98.872023	 98.808054	 98.744111	   98.6802	 98.616329	 98.552508	 98.488744	 98.425045	 98.361419	 98.297874	 98.234419	  98.17106	 98.107807	 98.044667	 97.981648	 97.918757	 97.856003	 97.793393	 97.730935	 97.668636	 97.606504	 97.544547	 97.482772	 97.421185	 97.359795	 97.298609	 97.237634	 97.176876	 97.116343	 97.056042	 96.995979	 96.936162	 96.876596	 96.817289	 96.758246	 96.699475	 96.640981	 96.582771	  96.52485	 96.467225	 96.409902	 96.352885	 96.296181	 96.239796	 96.183735	 96.128002	 96.072604	 96.017545	  95.96283	 95.908465	 95.854453	   95.8008	  95.74751	 95.694588	 95.642037	 95.589862	 95.538066	 95.486654	  95.43563	 95.384997	 95.334758	 95.284917	 95.235478	 95.186443	 95.137815	 95.089598	 95.041794	 94.994406	 94.947435	 94.900886	  94.85476	 94.809059	 94.763785	  94.71894	 94.674526	 94.630545	 94.586997	 94.543886	 94.501211	 94.458974	 94.417177	  94.37582	 94.334904	 94.294429	 94.254397	 94.214808	 94.175662	  94.13696	 94.098702	 94.060888	 94.023517	 93.986591	 93.950108	 93.914069	 93.878472	 93.843318	 93.808606	 93.774335	 93.740504	 93.707113	 93.674161	 93.641646	 93.609567	 93.577924	 93.546715	 93.515938	 93.485592	 93.455677	 93.426189	 93.397128	 93.368492	 93.340279	 93.312487	 93.285114	 93.258159	 93.231619	 93.205492	 93.179777	 93.154471	 93.129572	 93.105077	 93.080985	 93.057293	 93.033999	   93.0111	 92.988594	 92.966478	 92.944751	 92.923408	 92.902449	  92.88187	 92.861669	 92.841843	  92.82239	 92.803307	 92.784591	  92.76624	 92.748251	 92.730621	 92.713348	 92.696429	 92.679862	 92.663643	 92.647771	 92.632242	 92.617054	 92.602205	 92.587691	  92.57351	  92.55966	 92.546138	 92.532942	 92.520068	 92.507516	 92.495281	 92.483362	 92.471756	 92.460461	 92.449475	 92.438795	 92.428419	 92.418345	 92.408571	 92.399094	 92.389913	 92.381025	 92.372429	 92.364122	 92.356103	 92.348369	 92.340919	 92.333752	 92.326865	 92.320256	 92.313925	  92.30787	 92.302088	  92.29658	 92.291343	 92.286376	 92.281677	 92.277247	 92.273083	 92.269184	  92.26555	 92.262179	 92.259071	 92.256225	  92.25364	 92.251315	 92.249251	 92.247445	 92.245898	  92.24461	  92.24358	 92.242807	 92.242293	 92.242035	
        99	 98.929639	 98.859288	 98.788954	 98.718647	 98.648377	 98.578151	 98.507979	 98.437869	 98.367831	 98.297874	 98.228006	 98.158236	 98.088573	 98.019026	 97.949603	 97.880312	 97.811164	 97.742165	 97.673325	 97.604651	 97.536153	 97.467839	 97.399716	 97.331793	 97.264079	  97.19658	 97.129305	 97.062262	 96.995458	 96.928902	   96.8626	 96.796561	 96.730791	 96.665298	 96.600089	 96.535171	 96.470552	 96.406237	 96.342234	  96.27855	 96.215191	 96.152163	 96.089473	 96.027127	  95.96513	  95.90349	 95.842212	 95.781301	 95.720763	 95.660604	 95.600829	 95.541443	 95.482451	 95.423858	 95.365669	 95.307888	 95.250521	 95.193572	 95.137044	 95.080942	  95.02527	 94.970033	 94.915232	 94.860873	 94.806959	 94.753492	 94.700477	 94.647916	 94.595812	 94.544168	 94.492987	  94.44227	 94.392021	 94.342242	 94.292935	 94.244101	 94.195743	 94.147863	 94.100461	  94.05354	 94.007101	 93.961144	 93.915671	 93.870683	 93.826181	 93.782166	 93.738637	 93.695596	 93.653043	 93.610978	 93.569401	 93.528312	 93.487711	 93.447598	 93.407972	 93.368833	 93.330181	 93.292015	 93.254333	 93.217136	 93.180422	 93.144191	  93.10844	 93.073169	 93.038377	 93.004062	 92.970223	 92.936858	 92.903965	 92.871544	 92.839591	 92.808105	 92.777084	 92.746526	  92.71643	 92.686792	 92.657612	 92.628885	 92.600611	 92.572787	  92.54541	 92.518478	 92.491989	 92.465939	 92.440327	 92.415149	 92.390403	 92.366087	 92.342197	 92.318732	 92.295687	  92.27306	 92.250849	  92.22905	 92.207661	 92.186679	   92.1661	 92.145923	 92.126144	  92.10676	 92.087768	 92.069166	  92.05095	 92.033117	 92.015666	 91.998592	 91.981892	 91.965565	 91.949607	 91.934016	 91.918787	  91.90392	  91.88941	 91.875256	 91.861454	 91.848001	 91.834896	 91.822135	 91.809717	 91.797637	 91.785894	 91.774486	  91.76341	 91.752663	 91.742243	 91.732148	 91.722376	 91.712924	 91.703791	 91.694974	  91.68647	 91.678279	 91.670399	 91.662826	  91.65556	 91.648599	 91.641941	 91.635584	 91.629528	 91.623769	 91.618308	 91.613142	 91.608271	 91.603692	 91.599406	  91.59541	 91.591704	 91.588287	 91.585157	 91.582315	 91.579759	 91.577489	 91.575504	 91.573803	 91.572387	 91.571254	 91.570405	 91.569838	 91.569556	
        99	  98.92328	 98.846571	 98.769881	  98.69322	 98.616598	 98.540026	 98.463511	 98.387066	 98.310698	 98.234419	 98.158236	 98.082161	 98.006202	 97.930369	 97.854672	 97.779119	 97.703721	 97.628486	 97.553425	 97.478545	 97.403856	 97.329368	 97.255089	 97.181027	 97.107193	 97.033594	 96.960239	 96.887136	 96.814295	 96.741724	  96.66943	 96.597422	 96.525708	 96.454296	 96.383194	 96.312409	  96.24195	 96.171823	 96.102036	 96.032596	  95.96351	 95.894786	  95.82643	 95.758449	  95.69085	 95.623639	 95.556823	 95.490407	 95.424398	 95.358802	 95.293625	 95.228871	 95.164548	  95.10066	 95.037212	 94.974209	 94.911658	 94.849561	 94.787925	 94.726753	 94.666049	 94.605819	 94.546066	 94.486794	 94.428007	 94.369709	 94.311902	 94.254591	 94.197778	 94.141467	  94.08566	  94.03036	  93.97557	 93.921292	 93.867528	 93.814281	 93.761553	 93.709345	  93.65766	 93.606498	 93.555861	 93.505751	 93.456169	 93.407115	 93.358591	 93.310598	 93.263135	 93.216204	 93.169805	 93.123938	 93.078604	 93.033801	 92.989531	 92.945792	 92.902585	  92.85991	 92.817764	 92.776148	 92.735062	 92.694503	 92.654471	 92.614965	 92.575983	 92.537525	 92.499588	 92.462172	 92.425275	 92.388894	 92.353029	 92.317677	 92.282836	 92.248505	  92.21468	 92.181361	 92.148545	 92.116229	 92.084411	 92.053088	 92.022259	  91.99192	 91.962069	 91.932703	 91.903819	 91.875415	 91.847488	 91.820035	 91.793053	 91.766539	  91.74049	 91.714904	 91.689776	 91.665105	 91.640886	 91.617117	 91.593795	 91.570917	 91.548478	 91.526478	 91.504911	 91.483775	 91.463067	 91.442783	 91.422921	 91.403477	 91.384448	 91.365831	 91.347622	  91.32982	 91.312419	 91.295419	 91.278814	 91.262603	 91.246782	 91.231348	 91.216299	 91.201631	 91.187341	 91.173427	 91.159886	 91.146715	 91.133911	 91.121472	 91.109394	 91.097676	 91.086315	 91.075307	 91.064652	 91.054346	 91.044387	 91.034773	 91.025501	  91.01657	 91.007977	  90.99972	 90.991797	 90.984207	 90.976947	 90.970016	 90.963412	 90.957134	 90.951179	 90.945546	 90.940234	 90.935242	 90.930568	 90.926211	  90.92217	 90.918444	 90.915032	 90.911933	 90.909146	  90.90667	 90.904506	 90.902651	 90.901107	 90.899872	 90.898946	 90.898329	  90.89802	
        99	 98.916931	 98.833873	 98.750836	 98.667831	 98.584868	 98.501959	 98.419113	  98.33634	 98.253653	  98.17106	 98.088573	 98.006202	 97.923957	 97.841848	 97.759886	 97.678081	 97.596443	 97.514982	 97.433708	 97.352632	 97.271762	 97.191109	 97.110682	 97.030492	 96.950547	 96.870857	 96.791431	 96.712279	  96.63341	 96.554833	 96.476556	 96.398589	  96.32094	 96.243618	 96.166631	 96.089989	 96.013698	 95.937767	 95.862205	 95.787018	 95.712215	 95.637804	 95.563791	 95.490184	  95.41699	 95.344217	 95.271871	 95.199959	 95.128487	 95.057462	 94.986891	 94.916779	 94.847132	 94.777956	 94.709258	 94.641041	 94.573313	 94.506078	  94.43934	 94.373106	 94.307379	 94.242164	 94.177466	 94.113289	 94.049637	 93.986513	 93.923923	 93.861869	 93.800354	 93.739382	 93.678957	  93.61908	 93.559756	 93.500986	 93.442773	  93.38512	 93.328028	 93.271499	 93.215536	  93.16014	 93.105313	 93.051056	  92.99737	 92.944257	 92.891717	 92.839752	 92.788362	 92.737547	 92.687308	 92.637645	 92.588558	 92.540048	 92.492114	 92.444756	 92.397973	 92.351766	 92.306132	 92.261072	 92.216585	  92.17267	 92.129325	  92.08655	 92.044342	 92.002701	 91.961625	 91.921112	 91.881161	  91.84177	 91.802936	 91.764659	 91.726934	 91.689762	 91.653138	 91.617062	 91.581529	 91.546539	 91.512088	 91.478173	 91.444792	 91.411942	 91.379621	 91.347825	 91.316551	 91.285796	 91.255558	 91.225833	 91.196618	  91.16791	 91.139705	 91.112001	 91.084794	 91.058081	 91.031858	 91.006122	  90.98087	 90.956098	 90.931803	 90.907981	 90.884629	 90.861744	 90.839322	  90.81736	 90.795854	 90.774801	 90.754197	 90.734039	 90.714324	 90.695048	 90.676208	   90.6578	 90.639821	 90.622268	 90.605138	 90.588427	 90.572132	  90.55625	 90.540778	 90.525713	 90.511051	  90.49679	 90.482926	 90.469457	  90.45638	 90.443692	 90.431391	 90.419473	 90.407935	 90.396777	 90.385993	 90.375584	 90.365545	 90.355874	  90.34657	  90.33763	 90.329052	 90.320833	 90.312973	 90.305468	 90.298317	 90.291519	 90.285071	 90.278972	 90.273221	 90.267816	 90.262755	 90.258037	 90.253662	 90.249627	 90.245933	 90.242577	  90.23956	 90.236879	 90.234536	 90.232528	 90.230856	 90.229518	 90.228516	 90.227847	 90.227513	
        99	 98.910593	 98.821197	 98.731824	 98.642485	 98.553191	 98.463955	 98.374787	 98.285699	 98.196702	 98.107807	 98.019026	 97.930369	 97.841848	 97.753474	 97.665258	 97.577211	 97.489343	 97.401666	 97.314191	 97.226928	 97.139887	  97.05308	 96.966516	 96.880206	 96.794161	  96.70839	 96.622904	 96.537712	 96.452825	 96.368251	 96.284002	 96.200085	 96.116511	 96.033289	 95.950428	 95.867937	 95.785825	   95.7041	 95.622772	 95.541848	 95.461337	 95.381248	 95.301587	 95.222364	 95.143585	 95.065259	 94.987392	 94.909993	 94.833067	 94.756623	 94.680666	 94.605204	 94.530243	 94.455789	 94.381848	 94.308426	  94.23553	 94.163164	 94.091334	 94.020045	 93.949303	 93.879112	 93.809477	 93.740403	 93.671894	 93.603954	 93.536587	 93.469798	 93.403589	 93.337965	 93.272929	 93.208484	 93.144632	 93.081378	 93.018723	  92.95667	 92.895222	  92.83438	 92.774146	 92.714523	 92.655513	 92.597115	 92.539333	 92.482167	 92.425618	 92.369688	 92.314376	 92.259683	 92.205611	 92.152158	 92.099326	 92.047114	 91.995523	 91.944551	 91.894198	 91.844465	 91.795349	 91.746851	  91.69897	 91.651703	 91.605051	 91.559011	 91.513583	 91.468764	 91.424554	  91.38095	  91.33795	 91.295553	 91.253757	 91.212558	 91.171955	 91.131946	 91.092528	 91.053699	 91.015455	 90.977794	 90.940714	 90.904212	 90.868284	 90.832927	 90.798139	 90.763917	 90.730257	 90.697155	  90.66461	 90.632617	 90.601172	 90.570274	 90.539917	 90.510099	 90.480815	 90.452064	  90.42384	  90.39614	 90.368961	 90.342299	  90.31615	 90.290511	 90.265377	 90.240746	 90.216613	 90.192975	 90.169828	 90.147168	 90.124992	 90.103296	 90.082077	  90.06133	 90.041052	 90.021239	 90.001889	 89.982996	 89.964559	 89.946573	 89.929035	 89.911941	 89.895288	 89.879073	 89.863292	 89.847943	 89.833021	 89.818525	  89.80445	 89.790794	 89.777554	 89.764726	 89.752309	 89.740298	 89.728692	 89.717488	 89.706683	 89.696275	 89.686261	 89.676638	 89.667405	  89.65856	   89.6501	 89.642022	 89.634326	 89.627009	 89.620069	 89.613505	 89.607315	 89.601497	  89.59605	 89.590972	 89.586263	 89.581921	 89.577944	 89.574333	 89.571085	   89.5682	 89.565677	 89.563517	 89.561717	 89.560277	 89.559198	 89.558479	 89.558119	
        99	 98.904265	 98.808543	 98.712845	 98.617183	 98.521571	  98.42602	 98.330541	 98.235148	 98.139853	 98.044667	 97.949603	 97.854672	 97.759886	 97.665258	 97.570799	  97.47652	 97.382435	 97.288553	 97.194887	 97.101448	 97.008248	 96.915297	 96.822607	  96.73019	 96.638055	 96.546214	 96.454678	 96.363457	 96.272562	 96.182004	 96.091792	 96.001936	 95.912448	 95.823336	 95.734611	 95.646282	 95.558359	 95.470851	 95.383767	 95.297116	 95.210908	  95.12515	 95.039852	 94.955022	 94.870668	 94.786799	 94.703422	 94.620545	 94.538175	 94.456321	 94.374989	 94.294186	  94.21392	 94.134197	 94.055023	 93.976406	  93.89835	 93.820863	  93.74395	 93.667616	 93.591867	 93.516709	 93.442146	 93.368184	 93.294826	 93.222078	 93.149944	 93.078428	 93.007534	 92.937265	 92.867626	  92.79862	  92.73025	 92.662519	  92.59543	 92.528986	 92.463189	 92.398041	 92.333545	 92.269703	 92.206516	 92.143986	 92.082114	 92.020903	 91.960352	 91.900463	 91.841237	 91.782674	 91.724775	  91.66754	 91.610969	 91.555062	 91.499819	  91.44524	 91.391324	 91.338071	 91.285479	 91.233549	 91.182279	 91.131667	 91.081713	 91.032416	 90.983772	 90.935782	 90.888443	 90.841753	  90.79571	 90.750313	 90.705558	 90.661444	 90.617968	 90.575127	  90.53292	 90.491342	 90.450392	 90.410066	 90.370362	 90.331276	 90.292806	 90.254947	 90.217697	 90.181053	 90.145011	 90.109567	 90.074718	  90.04046	 90.006791	 89.973705	   89.9412	 89.909272	 89.877916	  89.84713	 89.816909	 89.787249	 89.758146	 89.729597	 89.701598	 89.674144	 89.647232	 89.620857	 89.595016	 89.569705	  89.54492	 89.520657	 89.496912	  89.47368	 89.450959	 89.428744	 89.407031	 89.385816	 89.365096	 89.344867	 89.325125	 89.305866	 89.287086	 89.268783	 89.250951	 89.233589	 89.216691	 89.200256	 89.184278	 89.168756	 89.153685	 89.139062	 89.124885	  89.11115	 89.097853	 89.084993	 89.072566	 89.060569	 89.048999	 89.037854	 89.027131	 89.016828	 89.006942	  88.99747	 88.988411	 88.979762	 88.971521	 88.963686	 88.956255	 88.949227	 88.942598	 88.936369	 88.930536	 88.925099	 88.920057	 88.915407	 88.911149	 88.907282	 88.903804	 88.900715	 88.898014	 88.895701	 88.893773	 88.892232	 88.891076	 88.890306	 88.889921	
        99	  98.89795	 98.795913	 98.693902	 98.591931	 98.490011	 98.388156	  98.28638	 98.184694	 98.083113	 97.981648	 97.880312	 97.779119	 97.678081	 97.577211	  97.47652	 97.376023	 97.275731	 97.175656	 97.075811	 96.976209	  96.87686	 96.777778	 96.678974	  96.58046	 96.482247	 96.384348	 96.286774	 96.189536	 96.092645	 95.996112	  95.89995	 95.804167	 95.708775	 95.613785	 95.519207	 95.425052	 95.331329	 95.238048	 95.145219	 95.052853	 94.960957	 94.869543	 94.778618	 94.688192	 94.598274	 94.508872	 94.419995	 94.331651	 94.243848	 94.156594	 94.069897	 93.983764	 93.898203	 93.813221	 93.728824	 93.645021	 93.561816	 93.479217	 93.397231	 93.315861	 93.235116	    93.155	 93.075518	 92.996677	  92.91848	 92.840933	 92.764041	 92.687807	 92.612236	 92.537333	   92.4631	 92.389542	 92.316662	 92.244463	 92.172948	 92.102121	 92.031983	 91.962538	 91.893788	 91.825734	 91.758379	 91.691724	 91.625771	 91.560522	 91.495977	 91.432137	 91.369004	 91.306578	 91.244859	 91.183848	 91.123546	 91.063951	 91.005064	 90.946885	 90.889412	 90.832646	 90.776585	 90.721229	 90.666577	 90.612627	 90.559378	 90.506828	 90.454976	  90.40382	 90.353358	 90.303588	 90.254509	 90.206116	 90.158409	 90.111385	 90.065041	 90.019374	 89.974383	 89.930062	 89.886411	 89.843425	 89.801102	 89.759438	 89.718429	 89.678073	 89.638366	 89.599305	 89.560885	 89.523103	 89.485955	 89.449438	 89.413547	 89.378279	  89.34363	 89.309595	 89.276171	 89.243354	 89.211139	 89.179523	 89.148501	 89.118068	 89.088222	 89.058957	 89.030269	 89.002155	  88.97461	 88.947629	 88.921209	 88.895345	 88.870034	  88.84527	 88.821049	 88.797369	 88.774224	  88.75161	 88.729523	 88.707959	 88.686914	 88.666385	 88.646367	 88.626856	 88.607848	  88.58934	 88.571328	 88.553808	 88.536777	 88.520231	 88.504166	 88.488579	 88.473466	 88.458825	 88.444651	 88.430942	 88.417695	 88.404907	 88.392574	 88.380694	 88.369264	 88.358281	 88.347742	 88.337646	 88.327989	  88.31877	 88.309985	 88.301634	 88.293712	  88.28622	 88.279155	 88.272514	 88.266297	 88.260501	 88.255126	  88.25017	 88.245631	 88.241509	 88.237802	 88.234509	  88.23163	 88.229163	 88.227109	 88.225466	 88.224234	 88.223413	 88.223003	
        99	 98.891648	 98.783309	 98.674999	 98.566729	 98.458516	 98.350371	 98.242309	 98.134343	 98.026488	 97.918757	 97.811164	 97.703721	 97.596443	 97.489343	 97.382435	 97.275731	 97.169245	  97.06299	 96.956979	 96.851225	 96.745741	  96.64054	 96.535634	 96.431036	 96.326758	 96.222813	 96.119213	 96.015969	 95.913095	 95.810601	 95.708499	 95.606801	 95.505519	 95.404662	 95.304244	 95.204273	 95.104762	  95.00572	 94.907159	 94.809088	 94.711517	 94.614457	 94.517917	 94.421907	 94.326436	 94.231513	 94.137147	 94.043347	 93.950121	 93.857479	 93.765427	 93.673975	  93.58313	   93.4929	 93.403292	 93.314312	 93.225969	  93.13827	 93.051219	 92.964825	 92.879093	 92.794029	 92.709639	 92.625929	 92.542903	 92.460567	 92.378925	 92.297984	 92.217746	 92.138217	   92.0594	 91.981299	 91.903918	  91.82726	 91.751329	 91.676128	 91.601658	 91.527925	 91.454928	 91.382672	 91.311157	 91.240386	  91.17036	  91.10108	 91.032549	 90.964767	 90.897735	 90.831454	 90.765924	 90.701145	 90.637118	 90.573843	 90.511319	 90.449547	 90.388525	 90.328253	 90.268731	 90.209956	 90.151929	 90.094647	 90.038109	 89.982314	  89.92726	 89.872944	 89.819366	 89.766523	 89.714412	 89.663031	 89.612378	 89.562449	 89.513243	 89.464757	 89.416986	 89.369929	 89.323582	 89.277941	 89.233004	 89.188767	 89.145226	 89.102378	 89.060218	 89.018744	 88.977952	 88.937837	 88.898395	 88.859622	 88.821515	 88.784069	  88.74728	 88.711144	 88.675655	 88.640811	 88.606607	 88.573038	   88.5401	 88.507788	 88.476098	 88.445026	 88.414567	 88.384717	  88.35547	 88.326823	 88.298772	 88.271311	 88.244436	 88.218142	 88.192426	 88.167283	 88.142709	 88.118698	 88.095247	 88.072352	 88.050008	  88.02821	 88.006956	  87.98624	 87.966058	 87.946408	 87.927283	 87.908681	 87.890598	  87.87303	 87.855973	 87.839423	 87.823377	 87.807831	 87.792783	 87.778227	 87.764162	 87.750584	 87.737489	 87.724876	  87.71274	 87.701078	 87.689889	 87.679169	 87.668916	 87.659127	   87.6498	 87.640933	 87.632523	 87.624567	 87.617066	 87.610015	 87.603414	  87.59726	 87.591553	 87.586291	 87.581472	 87.577095	 87.573159	 87.569663	 87.566606	 87.563987	 87.561806	 87.560061	 87.558753	 87.557882	 87.557446	
