Time step 97:
        99	        99	        99	        99	        99	        99	        99	        99	        99	        99	        99	        99	        99	        99	        99	        99	        99	        99	        99	        99	        99	        99	        99	        99	        99	        99	        99	        99	        99	        99	        99	        99	        99	        99	        99	        99	        99	        99	        99	        99	        99	        99	        99	        99	        99	        99	        99	        99	        99	        99	        99	        99	        99	        99	        99	        99	        99	        99	        99	        99	        99	        99	        99	        99	        99	        99	        99	        99	        99	        99	        99	        99	        99	        99	        99	        99	        99	        99	        99	        99	        99	        99	        99	        99	        99	        99	        99	        99	        99	        99	        99	        99	        99	        99	        99	        99	        99	        99	        99	        99	        99	        99	        99	        99	        99	        99	        99	        99	        99	        99	        99	        99	        99	        99	        99	        99	        99	        99	        99	        99	        99	        99	        99	        99	        99	        99	        99	        99	        99	        99	        99	        99	        99	        99	        99	        99	        99	        99	        99	        99	        99	        99	        99	        99	        99	        99	        99	        99	        99	        99	        99	        99	        99	        99	        99	        99	        99	        99	        99	        99	        99	        99	        99	        99	        99	        99	        99	        99	        99	        99	        99	        99	        99	        99	        99	        99	        99	        99	        99	        99	        99	        99	        99	        99	        99	        99	        99	        99	        99	        99	        99	        99	        99	        99	        99	        99	        99	        99	        99	        99	
        99	 98.993455	 98.986911	 98.980368	 98.973828	 98.967291	 98.960759	 98.954232	  98.94771	 98.941196	 98.934689	  98.92819	 98.921701	 98.915222	 98.908754	 98.902298	 98.895854	 98.889424	 98.883008	 98.876607	 98.870222	 98.863854	 98.857503	  98.85117	 98.844856	 98.838562	 98.832288	 98.826036	 98.819806	 98.813598	 98.807413	 98.801253	 98.795118	 98.789008	 98.782925	 98.776868	 98.770839	 98.764838	 98.758866	 98.752924	 98.747012	 98.741131	 98.735281	 98.729463	 98.723677	 98.717925	 98.712206	 98.706522	 98.700872	 98.695258	 98.689679	 98.684137	 98.678632	 98.673163	 98.667733	 98.662341	 98.656987	 98.651673	 98.646398	 98.641162	 98.635967	 98.630813	 98.625699	 98.620627	 98.615597	 98.610608	 98.605662	 98.600758	 98.595897	 98.591079	 98.586305	 98.581574	 98.576887	 98.572244	 98.567645	 98.563091	 98.558582	 98.554117	 98.549697	 98.545322	 98.540992	 98.536708	 98.532469	 98.528275	 98.524127	 98.520025	 98.515968	 98.511957	 98.507992	 98.504073	 98.500199	 98.496371	 98.492589	 98.488853	 98.485163	 98.481518	 98.477918	 98.474365	 98.470857	 98.467394	 98.463976	 98.460604	 98.457277	 98.453994	 98.450757	 98.447564	 98.444416	 98.441312	 98.438253	 98.435237	 98.432266	 98.429338	 98.426454	 98.423613	 98.420815	  98.41806	 98.415348	 98.412678	  98.41005	 98.407465	 98.404921	 98.402419	 98.399958	 98.397539	  98.39516	 98.392821	 98.390523	 98.388265	 98.386047	 98.383868	 98.381728	 98.379627	 98.377565	 98.375542	 98.373556	 98.371608	 98.369698	 98.367825	 98.365989	  98.36419	 98.362427	   98.3607	 98.359009	 98.357354	 98.355734	 98.354148	 98.352598	 98.351082	   98.3496	 98.348152	 98.346737	 98.345356	 98.344008	 98.342693	  98.34141	 98.340159	  98.33894	 98.337753	 98.336598	 98.335473	  98.33438	 98.333317	 98.332285	 98.331283	 98.330311	 98.329369	 98.328456	 98.327573	 98.326718	 98.325893	 98.325097	 98.324329	 98.323589	 98.322877	 98.322193	 98.321538	 98.320909	 98.320308	 98.319735	 98.319188	 98.318669	 98.318176	  98.31771	 98.317271	 98.316858	 98.316472	 98.316111	 98.315777	 98.315469	 98.315187	 98.314931	 98.314701	 98.314496	 98.314317	 98.314164	 98.314036	 98.313934	 98.313858	 98.313807	 98.313781	
        99	 98.986911	 98.973823	 98.960738	 98.947659	 98.934587	 98.921523	 98.908469	 98.895427	 98.882399	 98.869386	  98.85639	 98.843413	 98.830456	  98.81752	 98.804609	 98.791722	 98.778863	 98.766032	 98.753231	 98.740462	 98.727726	 98.715024	  98.70236	 98.689733	 98.677145	 98.664599	 98.652095	 98.639635	  98.62722	 98.614852	 98.602532	 98.590263	 98.578044	 98.565878	 98.553765	 98.541708	 98.529707	 98.517764	  98.50588	 98.494057	 98.482295	 98.470596	  98.45896	  98.44739	 98.435886	  98.42445	 98.413082	 98.401783	 98.390555	 98.379399	 98.368315	 98.357305	  98.34637	 98.335509	 98.324726	 98.314019	 98.303391	 98.292841	 98.282371	 98.271982	 98.261674	 98.251447	 98.241304	 98.231243	 98.221267	 98.211375	 98.201568	 98.191847	 98.182212	 98.172664	 98.163203	 98.153829	 98.144544	 98.135347	 98.126239	 98.117221	 98.108291	 98.099452	 98.090703	 98.082044	 98.073475	 98.064998	 98.056611	 98.048316	 98.040112	 98.031999	 98.023978	 98.016048	  98.00821	 98.000463	 97.992808	 97.985245	 97.977773	 97.970392	 97.963103	 97.955905	 97.948798	 97.941782	 97.934857	 97.928022	 97.921278	 97.914624	  97.90806	 97.901586	 97.895201	 97.888905	 97.882698	 97.876579	 97.870548	 97.864606	  97.85875	 97.852982	 97.847301	 97.841705	 97.836196	 97.830772	 97.825432	 97.820178	 97.815007	  97.80992	 97.804916	 97.799995	 97.795156	 97.790398	 97.785722	 97.781126	  97.77661	 97.772173	 97.767816	 97.763537	 97.759336	 97.755212	 97.751165	 97.747194	 97.743298	 97.739478	 97.735733	 97.732061	 97.728462	 97.724937	 97.721484	 97.718102	 97.714791	 97.711551	 97.708381	  97.70528	 97.702248	 97.699285	 97.696389	  97.69356	 97.690798	 97.688101	 97.685471	 97.682905	 97.680404	 97.677966	 97.675593	 97.673282	 97.671033	 97.668846	 97.666721	 97.664657	 97.662653	 97.660709	 97.658825	    97.657	 97.655233	 97.653525	 97.651874	 97.650281	 97.648745	 97.647266	 97.645842	 97.644475	 97.643163	 97.641907	 97.640705	 97.639558	 97.638465	 97.637426	 97.636441	  97.63551	 97.634631	 97.633805	 97.633032	 97.632312	 97.631644	 97.631028	 97.630464	 97.629951	 97.629491	 97.629082	 97.628724	 97.628417	 97.628162	 97.627958	 97.627805	 97.627703	 97.627652	
        99	 98.980368	 98.960738	 98.941114	 98.921497	 98.901891	 98.882297	 98.862718	 98.843158	 98.823618	   98.8041	 98.784608	 98.765144	 98.745711	  98.72631	 98.706945	 98.687618	  98.66833	 98.649086	 98.629887	 98.610735	 98.591633	 98.572583	 98.553588	  98.53465	  98.51577	 98.496953	 98.478199	 98.459511	  98.44089	 98.422341	 98.403863	 98.385461	 98.367135	 98.348887	 98.330721	 98.312637	 98.294638	 98.276725	 98.258901	 98.241168	 98.223527	  98.20598	 98.188529	 98.171175	 98.153921	 98.136768	 98.119718	 98.102772	 98.085932	 98.069199	 98.052576	 98.036062	 98.019661	 98.003372	 97.987198	  97.97114	 97.955199	 97.939377	 97.923674	 97.908091	 97.892631	 97.877293	 97.862079	  97.84699	 97.832027	 97.817191	 97.802482	 97.787902	 97.773451	 97.759131	 97.744941	 97.730882	 97.716956	 97.703162	 97.689501	 97.675975	 97.662582	 97.649325	 97.636202	 97.623215	 97.610364	 97.597649	 97.585071	 97.572629	 97.560324	 97.548157	 97.536126	 97.524233	 97.512477	 97.500858	 97.489376	 97.478032	 97.466826	 97.455756	 97.444823	 97.434027	 97.423368	 97.412845	 97.402459	 97.392208	 97.382093	 97.372113	 97.362268	 97.352557	 97.342981	 97.333538	 97.324228	 97.315051	 97.306007	 97.297093	 97.288312	  97.27966	 97.271139	 97.262747	 97.254483	 97.246348	  97.23834	 97.230459	 97.222704	 97.215074	 97.207569	 97.200188	  97.19293	 97.185794	  97.17878	 97.171887	 97.165114	  97.15846	 97.151924	 97.145506	 97.139205	  97.13302	  97.12695	 97.120995	 97.115152	 97.109423	 97.103805	 97.098298	 97.092901	 97.087613	 97.082434	 97.077362	 97.072396	 97.067537	 97.062782	 97.058131	 97.053584	 97.049139	 97.044795	 97.040552	  97.03641	 97.032366	  97.02842	 97.024572	 97.020821	 97.017165	 97.013605	 97.010139	 97.006766	 97.003486	 97.000299	 96.997203	 96.994197	 96.991282	 96.988456	 96.985718	 96.983069	 96.980506	 96.978031	 96.975642	 96.973338	 96.971119	 96.968984	 96.966934	 96.964966	 96.963082	 96.961279	 96.959559	  96.95792	 96.956362	 96.954884	 96.953487	 96.952169	 96.950931	 96.949771	 96.948691	 96.947689	 96.946765	 96.945919	  96.94515	 96.944459	 96.943846	 96.943309	 96.942849	 96.942467	  96.94216	 96.941931	 96.941778	 96.941701	
        99	 98.973828	 98.947659	 98.921497	 98.895345	 98.869207	 98.843086	 98.816986	 98.790909	 98.764859	  98.73884	 98.712855	 98.686907	 98.660999	 98.635136	 98.609319	 98.583554	 98.557841	 98.532186	 98.506591	 98.481059	 98.455593	 98.430197	 98.404874	 98.379627	 98.354459	 98.329372	 98.304371	 98.279457	 98.254634	 98.229905	 98.205272	 98.180739	 98.156308	 98.131982	 98.107763	 98.083655	  98.05966	  98.03578	 98.012019	 97.988378	  97.96486	 97.941467	 97.918203	 97.895068	 97.872067	 97.849199	 97.826469	 97.803878	 97.781428	 97.759121	  97.73696	 97.714945	  97.69308	 97.671365	 97.649803	 97.628396	 97.607144	 97.586051	 97.565117	 97.544343	 97.523732	 97.503285	 97.483003	 97.462887	  97.44294	 97.423161	 97.403553	 97.384115	  97.36485	 97.345759	 97.326842	   97.3081	 97.289534	 97.271145	 97.252934	 97.234901	 97.217047	 97.199373	 97.181879	 97.164566	 97.147434	 97.130483	 97.113715	 97.097128	 97.080724	 97.064503	 97.048465	 97.032609	 97.016937	 97.001448	 96.986142	 96.971018	 96.956078	 96.941321	 96.926746	 96.912354	 96.898144	 96.884116	 96.870269	 96.856603	 96.843118	 96.829814	 96.816689	 96.803744	 96.790977	 96.778388	 96.765977	 96.753743	 96.741685	 96.729803	 96.718096	 96.706562	 96.695202	 96.684014	 96.672998	 96.662153	 96.651477	  96.64097	 96.630632	 96.620461	 96.610455	 96.600615	 96.590939	 96.581427	 96.572076	 96.562886	 96.553857	 96.544986	 96.536274	 96.527718	 96.519318	 96.511072	  96.50298	  96.49504	 96.487252	 96.479614	 96.472124	 96.464783	 96.457588	 96.450538	 96.443633	 96.436872	 96.430252	 96.423774	 96.417435	 96.411235	 96.405173	 96.399247	 96.393457	   96.3878	 96.382277	 96.376886	 96.371626	 96.366496	 96.361495	 96.356622	 96.351875	 96.347255	 96.342759	 96.338387	 96.334137	  96.33001	 96.326003	 96.322116	 96.318349	 96.314699	 96.311167	 96.307751	 96.304451	 96.301266	 96.298194	 96.295236	 96.292391	 96.289657	 96.287034	 96.284522	 96.282119	 96.279825	  96.27764	 96.275563	 96.273593	  96.27173	 96.269974	 96.268323	 96.266777	 96.265337	 96.264001	 96.262769	 96.261641	 96.260617	 96.259696	 96.258878	 96.258162	  96.25755	 96.257039	 96.256631	 96.256325	 96.256121	 96.256019	
        99	 98.967291	 98.934587	 98.901891	 98.869207	 98.836541	 98.803896	 98.771277	 98.738687	 98.706131	 98.673614	 98.641139	  98.60871	 98.576332	 98.544009	 98.511745	 98.479544	  98.44741	 98.415347	 98.383359	  98.35145	 98.319624	 98.287886	 98.256238	 98.224685	 98.193231	 98.161879	 98.130633	 98.099497	 98.068475	 98.037569	 98.006784	 97.976124	 97.945591	 97.915189	 97.884922	 97.854793	 97.824804	 97.794961	 97.765264	 97.735719	 97.706327	 97.677093	 97.648018	 97.619105	 97.590359	  97.56178	 97.533373	  97.50514	 97.477083	 97.449205	 97.421508	 97.393995	 97.366669	 97.339531	 97.312584	  97.28583	 97.259271	 97.232909	 97.206746	 97.180785	 97.155026	 97.129472	 97.104124	 97.078985	 97.054055	 97.029337	 97.004831	 96.980539	 96.956462	 96.932603	 96.908961	 96.885538	 96.862335	 96.839354	 96.816594	 96.794058	 96.771745	 96.749656	 96.727793	 96.706156	 96.684745	 96.663561	 96.642604	 96.621875	 96.601374	 96.581101	 96.561057	 96.541242	 96.521655	 96.502298	 96.483169	 96.464269	 96.445597	 96.427154	 96.408939	 96.390952	 96.373193	 96.355661	 96.338356	 96.321278	 96.304425	 96.287797	 96.271395	 96.255216	 96.239261	 96.223528	 96.208017	 96.192728	 96.177658	 96.162808	 96.148177	 96.133763	 96.119565	 96.105583	 96.091816	 96.078262	  96.06492	 96.051789	 96.038869	 96.026157	 96.013653	 96.001355	 95.989263	 95.977374	 95.965688	 95.954203	 95.942919	 95.931833	 95.920944	 95.910251	 95.899753	 95.889448	 95.879335	 95.869412	 95.859679	 95.850133	 95.840773	 95.831597	 95.822606	 95.813796	 95.805166	 95.796716	 95.788443	 95.780347	 95.772425	 95.764676	   95.7571	 95.749694	 95.742457	 95.735389	 95.728486	 95.721749	 95.715175	 95.708764	 95.702514	 95.696423	 95.690491	 95.684716	 95.679098	 95.673633	 95.668323	 95.663164	 95.658157	 95.653299	 95.648591	  95.64403	 95.639615	 95.635347	 95.631222	 95.627241	 95.623403	 95.619706	  95.61615	 95.612733	 95.609455	 95.606315	 95.603313	 95.600446	 95.597715	 95.595119	 95.592658	 95.590329	 95.588134	 95.586071	 95.584139	 95.582339	 95.580669	  95.57913	  95.57772	  95.57644	 95.575289	 95.574267	 95.573373	 95.572607	 95.571969	 95.571459	 95.571077	 95.570822	 95.570694	
        99	 98.960759	 98.921523	 98.882297	 98.843086	 98.803896	 98.764732	 98.725598	 98.686499	 98.647442	  98.60843	 98.569469	 98.530564	  98.49172	 98.452941	 98.414234	 98.375601	  98.33705	 98.298583	 98.260207	 98.221926	 98.183744	 98.145667	 98.107699	 98.069845	 98.032108	 97.994495	 97.957009	 97.919655	 97.882436	 97.845359	 97.808426	 97.771642	 97.735011	 97.698538	 97.662226	 97.626079	 97.590102	 97.554298	 97.518671	 97.483225	 97.447964	  97.41289	 97.378009	 97.343322	 97.308834	 97.274549	 97.240468	 97.206596	 97.172936	  97.13949	 97.106262	 97.073255	 97.040471	 97.007913	 96.975584	 96.943487	 96.911624	 96.879997	 96.848609	 96.817463	  96.78656	 96.755902	 96.725492	 96.695332	 96.665424	 96.635769	 96.606368	 96.577225	 96.548341	 96.519716	 96.491352	 96.463252	 96.435415	 96.407844	 96.380539	 96.353501	 96.326732	 96.300233	 96.274003	 96.248044	 96.222357	 96.196942	   96.1718	 96.146932	 96.122336	 96.098015	 96.073968	 96.050195	 96.026697	 96.003473	 95.980524	 95.957849	 95.935449	 95.913322	  95.89147	 95.869891	 95.848585	 95.827551	  95.80679	 95.786301	 95.766082	 95.746134	 95.726456	 95.707046	 95.687904	 95.669029	 95.650421	 95.632078	 95.613999	 95.596183	  95.57863	 95.561337	 95.544304	 95.527529	 95.511012	 95.494751	 95.478745	 95.462992	 95.447491	 95.432241	 95.417239	 95.402485	 95.387978	 95.373715	 95.359695	 95.345917	 95.332378	 95.319078	 95.306015	 95.293187	 95.280592	 95.268229	 95.256096	 95.244192	 95.232514	 95.221062	 95.209832	 95.198825	 95.188037	 95.177468	 95.167115	 95.156977	 95.147052	 95.137338	 95.127835	 95.118539	 95.109449	 95.100564	 95.091882	 95.083402	 95.075121	 95.067038	 95.059151	  95.05146	 95.043961	 95.036655	 95.029538	  95.02261	 95.015869	 95.009313	 95.002942	 94.996753	 94.990746	 94.984918	 94.979269	 94.973798	 94.968502	  94.96338	 94.958432	 94.953656	 94.949051	 94.944616	 94.940349	  94.93625	 94.932318	 94.928551	 94.924948	  94.92151	 94.918233	 94.915119	 94.912165	 94.909372	 94.906738	 94.904263	 94.901946	 94.899786	 94.897783	 94.895936	 94.894245	 94.892709	 94.891328	 94.890102	 94.889029	  94.88811	 94.887345	 94.886733	 94.886274	 94.885969	 94.885816	
        99	 98.954232	 98.908469	 98.862718	 98.816986	 98.771277	 98.725598	 98.679954	 98.634353	 98.588798	 98.543297	 98.497856	 98.452479	 98.407174	 98.361945	 98.316799	 98.271741	 98.226776	 98.181912	 98.137152	 98.092503	  98.04797	  98.00356	 97.959276	 97.915125	 97.871112	 97.827242	  97.78352	 97.739953	 97.696544	 97.653299	 97.610222	  97.56732	 97.524596	 97.482056	 97.439704	 97.397545	 97.355583	 97.313824	 97.272271	 97.230929	 97.189802	 97.148894	 97.108211	 97.067755	  97.02753	 96.987541	 96.947792	 96.908286	 96.869026	 96.830017	 96.791262	 96.752765	 96.714527	 96.676554	 96.638848	 96.601412	 96.564248	 96.527361	 96.490752	 96.454425	 96.418382	 96.382625	 96.347157	  96.31198	 96.277096	 96.242508	 96.208218	 96.174227	 96.140538	 96.107151	  96.07407	 96.041295	 96.008829	 95.976671	 95.944824	 95.913289	 95.882068	  95.85116	 95.820568	 95.790291	 95.760331	 95.730689	 95.701365	 95.672359	 95.643673	 95.615306	 95.587259	 95.559532	 95.532125	 95.505038	 95.478272	 95.451825	 95.425699	 95.399892	 95.374405	 95.349236	 95.324386	 95.299854	  95.27564	 95.251742	 95.228161	 95.204894	 95.181942	 95.159304	 95.136978	 95.114964	  95.09326	 95.071866	  95.05078	 95.030001	 95.009527	 94.989358	 94.969492	 94.949927	 94.930663	 94.911697	 94.893028	 94.874655	 94.856576	 94.838788	 94.821292	 94.804084	 94.787163	 94.770528	 94.754176	 94.738106	 94.722315	 94.706803	 94.691567	 94.676605	 94.661915	 94.647496	 94.633345	  94.61946	  94.60584	 94.592483	 94.579386	 94.566547	 94.553965	 94.541637	 94.529563	 94.517738	 94.506162	 94.494833	 94.483748	 94.472906	 94.462305	 94.451942	 94.441816	 94.431925	 94.422266	 94.412839	 94.403641	  94.39467	 94.385924	 94.377402	 94.369101	 94.361021	 94.353158	 94.345512	 94.338081	 94.330863	 94.323857	  94.31706	 94.310471	 94.304089	 94.297912	 94.291939	 94.286168	 94.280598	 94.275227	 94.270054	 94.265077	 94.260296	  94.25571	 94.251316	 94.247115	 94.243104	 94.239283	  94.23565	 94.232205	 94.228947	 94.225875	 94.222988	 94.220286	 94.217767	 94.215431	 94.213277	 94.211304	 94.209513	 94.207902	 94.206471	 94.205221	 94.204149	 94.203256	 94.202543	 94.202008	 94.201651	 94.201473	
        99	  98.94771	 98.895427	 98.843158	 98.790909	 98.738687	 98.686499	 98.634353	 98.582253	 98.530208	 98.478224	 98.426308	 98.374466	 98.322705	 98.271032	 98.219453	 98.167974	 98.116603	 98.065346	 98.014209	 97.963198	  97.91232	 97.861582	 97.810988	 97.760546	 97.710262	 97.660141	  97.61019	 97.560415	  97.51082	 97.461414	   97.4122	 97.363184	 97.314373	 97.265771	 97.217385	 97.169219	 97.121278	 97.073569	 97.026095	 96.978862	 96.931875	 96.885139	 96.838659	 96.792438	 96.746482	 96.700796	 96.655383	 96.610247	 96.565394	 96.520827	  96.47655	 96.432567	 96.388882	 96.345498	 96.302419	 96.259648	  96.21719	 96.175047	 96.133222	 96.091718	 96.050539	 96.009688	 95.969166	 95.928977	 95.889123	 95.849607	  95.81043	 95.771596	 95.733107	 95.694963	 95.657169	 95.619724	 95.582631	 95.545891	 95.509507	 95.473479	 95.437809	 95.402497	 95.367546	 95.332955	 95.298726	 95.264861	 95.231358	  95.19822	 95.165446	 95.133037	 95.100994	 95.069316	 95.038004	 95.007058	 94.976478	 94.946263	 94.916414	  94.88693	 94.857811	 94.829056	 94.800666	 94.772638	 94.744974	 94.717671	 94.690729	 94.664148	 94.637926	 94.612062	 94.586555	 94.561404	 94.536608	 94.512165	 94.488075	 94.464335	 94.440944	 94.417901	 94.395204	 94.372852	 94.350843	 94.329175	 94.307846	 94.286855	 94.266199	 94.245877	 94.225888	 94.206228	 94.186896	 94.167891	 94.149209	 94.130849	 94.112809	 94.095086	 94.077679	 94.060585	 94.043802	 94.027328	 94.011161	 93.995298	 93.979738	 93.964477	 93.949514	 93.934846	 93.920471	 93.906387	 93.892592	 93.879082	 93.865857	 93.852914	 93.840249	 93.827863	  93.81575	 93.803911	 93.792342	 93.781042	 93.770007	 93.759236	 93.748728	 93.738478	 93.728486	  93.71875	 93.709267	 93.700035	 93.691052	 93.682317	 93.673827	 93.665581	 93.657576	  93.64981	 93.642283	 93.634991	 93.627934	  93.62111	 93.614517	 93.608153	 93.602016	 93.596106	 93.590421	 93.584959	 93.579719	 93.574699	 93.569899	 93.565317	 93.560951	 93.556801	 93.552865	 93.549143	 93.545633	 93.542335	 93.539247	 93.536369	   93.5337	 93.531239	 93.528986	 93.526939	 93.525099	 93.523465	 93.522036	 93.520811	 93.519792	 93.518976	 93.518365	 93.517957	 93.517754	
        99	 98.941196	 98.882399	 98.823618	 98.764859	 98.706131	 98.647442	 98.588798	 98.530208	 98.471679	 98.413219	 98.354834	 98.296534	 98.238324	 98.180213	 98.122208	 98.064316	 98.006545	 97.948902	 97.891394	 97.834028	 97.776812	 97.719752	 97.662855	 97.606129	  97.54958	 97.493215	  97.43704	 97.381064	 97.325291	 97.269729	 97.214383	 97.159261	 97.104369	 97.049712	 96.995297	  96.94113	 96.887217	 96.833564	 96.780176	 96.727058	 96.674218	 96.621659	 96.569388	 96.517409	 96.465728	 96.414349	 96.363278	  96.31252	 96.262079	 96.211959	 96.162166	 96.112703	 96.063575	 96.014786	  95.96634	 95.918241	 95.870493	   95.8231	 95.776064	  95.72939	  95.68308	 95.637139	 95.591569	 95.546373	 95.501554	 95.457114	 95.413057	 95.369385	   95.3261	 95.283205	 95.240701	 95.198592	 95.156878	 95.115561	 95.074643	 95.034127	 94.994012	 94.954302	 94.914996	 94.876096	 94.837603	 94.799518	 94.761841	 94.724575	 94.687718	 94.651271	 94.615236	 94.579611	 94.544398	 94.509597	 94.475207	 94.441228	  94.40766	 94.374503	 94.341756	 94.309419	 94.277491	 94.245972	 94.214861	 94.184157	 94.153858	 94.123965	 94.094476	  94.06539	 94.036705	 94.008421	 93.980536	 93.953048	 93.925956	 93.899258	 93.872954	  93.84704	 93.821515	 93.796378	 93.771627	 93.747259	 93.723273	 93.699667	 93.676438	 93.653584	 93.631104	 93.608995	 93.587255	 93.565882	 93.544872	 93.524225	 93.503937	 93.484007	 93.464431	 93.445207	 93.426334	 93.407807	 93.389626	 93.371787	 93.354287	 93.337125	 93.320298	 93.303803	 93.287637	 93.271798	 93.256284	 93.241092	 93.226219	 93.211663	 93.197421	 93.183491	  93.16987	 93.156556	 93.143546	 93.130837	 93.118428	 93.106315	 93.094497	 93.082971	 93.071734	 93.060785	  93.05012	 93.039738	 93.029636	 93.019813	 93.010265	 93.000991	 92.991989	 92.983256	 92.974791	 92.966591	 92.958655	  92.95098	 92.943565	 92.936409	 92.929508	 92.922861	 92.916468	 92.910325	 92.904432	 92.898788	 92.893389	 92.888236	 92.883326	 92.878659	 92.874233	 92.870047	   92.8661	 92.862391	 92.858919	 92.855682	 92.852681	 92.849913	 92.847379	 92.845077	 92.843008	  92.84117	 92.839563	 92.838186	 92.837039	 92.836122	 92.835435	 92.834976	 92.834747	
        99	 98.934689	 98.869386	   98.8041	  98.73884	 98.673614	  98.60843	 98.543297	 98.478224	 98.413219	 98.348289	 98.283445	 98.218693	 98.154042	 98.089501	 98.025078	  97.96078	 97.896616	 97.832595	 97.768723	 97.705009	 97.641462	 97.578088	 97.514895	 97.451892	 97.389086	 97.326484	 97.264094	 97.201923	 97.139979	 97.078268	 97.016799	 96.955577	 96.894611	 96.833906	  96.77347	  96.71331	 96.653431	  96.59384	 96.534545	  96.47555	 96.416862	 96.358488	 96.300432	 96.242702	 96.185302	 96.128238	 96.071516	 96.015141	 95.959118	 95.903453	  95.84815	 95.793214	  95.73865	 95.684462	 95.630656	 95.577235	 95.524203	 95.471565	 95.419325	 95.367486	 95.316052	 95.265027	 95.214415	 95.164217	 95.114439	 95.065082	  95.01615	 94.967646	 94.919571	 94.871929	 94.824723	 94.777953	 94.731623	 94.685735	  94.64029	  94.59529	 94.550737	 94.506632	 94.462976	 94.419772	  94.37702	  94.33472	 94.292875	 94.251485	 94.210549	  94.17007	 94.130047	 94.090481	 94.051371	 94.012719	 93.974523	 93.936784	 93.899502	 93.862676	 93.826306	  93.79039	  93.75493	 93.719923	 93.685369	 93.651267	 93.617617	 93.584416	 93.551664	 93.519359	   93.4875	 93.456086	 93.425115	 93.394586	 93.364496	 93.334844	 93.305629	 93.276848	 93.248499	  93.22058	  93.19309	 93.166026	 93.139386	 93.113167	 93.087368	 93.061986	 93.037018	 93.012463	 92.988317	 92.964578	 92.941244	 92.918312	  92.89578	 92.873644	 92.851902	 92.830551	 92.809589	 92.789013	 92.768819	 92.749006	 92.729571	 92.710509	  92.69182	   92.6735	 92.655545	 92.637954	 92.620723	  92.60385	 92.587331	 92.571164	 92.555347	 92.539875	 92.524747	 92.509959	 92.495509	 92.481395	 92.467612	 92.454159	 92.441034	 92.428232	 92.415752	 92.403591	 92.391746	 92.380215	 92.368996	 92.358085	 92.347481	 92.337181	 92.327182	 92.317483	 92.308081	 92.298974	  92.29016	 92.281636	 92.273401	 92.265452	 92.257788	 92.250406	 92.243305	 92.236483	 92.229938	 92.223668	 92.217672	 92.211949	 92.206496	 92.201312	 92.196397	 92.191748	 92.187364	 92.183244	 92.179388	 92.175793	 92.172459	 92.169386	 92.166571	 92.164015	 92.161716	 92.159675	  92.15789	 92.156361	 92.155087	 92.154069	 92.153305	 92.152796	 92.152542	
        99	  98.92819	  98.85639	 98.784608	 98.712855	 98.641139	 98.569469	 98.497856	 98.426308	 98.354834	 98.283445	 98.212148	 98.140953	  98.06987	 97.998907	 97.928073	 97.857378	  97.78683	 97.716439	 97.646212	 97.576159	 97.506288	 97.436609	 97.367129	 97.297857	 97.228801	  97.15997	 97.091372	 97.023016	 96.954908	 96.887057	 96.819472	 96.752159	 96.685126	 96.618382	 96.551932	 96.485786	 96.419949	 96.354429	 96.289234	 96.224369	 96.159842	 96.095659	 96.031827	 95.968353	 95.905242	   95.8425	 95.780134	  95.71815	 95.656553	 95.595349	 95.534543	 95.474141	 95.414148	 95.354569	 95.295408	 95.236672	 95.178364	 95.120488	  95.06305	 95.006053	 94.949502	   94.8934	 94.837752	  94.78256	 94.727828	 94.673561	  94.61976	 94.566429	 94.513571	 94.461189	 94.409286	 94.357863	 94.306923	 94.256469	 94.206502	 94.157024	 94.108038	 94.059545	 94.011546	 93.964043	 93.917037	 93.870529	  93.82452	 93.779011	 93.734003	 93.689496	  93.64549	 93.601987	 93.558986	 93.516488	 93.474492	 93.432998	 93.392006	 93.351516	 93.311527	 93.272038	 93.233049	 93.194559	 93.156567	 93.119073	 93.082074	 93.045569	 93.009558	 92.974039	 92.939011	 92.904471	 92.870418	 92.836851	 92.803768	 92.771166	 92.739043	 92.707398	 92.676229	 92.645532	 92.615307	  92.58555	 92.556259	 92.527432	 92.499065	 92.471158	 92.443706	 92.416707	 92.390159	 92.364058	 92.338403	 92.313189	 92.288414	 92.264076	 92.240171	 92.216696	 92.193648	 92.171024	 92.148822	 92.127037	 92.105668	  92.08471	 92.064161	 92.044017	 92.024277	 92.004935	  91.98599	 91.967438	 91.949275	   91.9315	 91.914108	 91.897097	 91.880464	 91.864205	 91.848317	 91.832798	 91.817645	 91.802853	 91.788421	 91.774346	 91.760624	 91.747253	  91.73423	 91.721552	 91.709216	  91.69722	  91.68556	 91.674235	 91.663242	 91.652578	 91.642241	 91.632227	 91.622536	 91.613164	 91.604109	  91.59537	 91.586943	 91.578826	 91.571019	 91.563518	 91.556321	 91.549428	 91.542836	 91.536543	 91.530547	 91.524848	 91.519443	 91.514332	 91.509512	 91.504982	 91.500742	  91.49679	 91.493124	 91.489745	  91.48665	 91.483839	 91.481312	 91.479068	 91.477105	 91.475424	 91.474023	 91.472904	 91.472064	 91.471504	 91.471225	
        99	 98.921701	 98.843413	 98.765144	 98.686907	  98.60871	 98.530564	 98.452479	 98.374466	 98.296534	 98.218693	 98.140953	 98.063325	 97.985818	 97.908443	 97.831208	 97.754125	 97.677202	 97.600449	 97.523876	 97.447493	 97.371308	 97.295332	 97.219574	 97.144042	 97.068746	 96.993695	 96.918898	 96.844365	 96.770102	 96.696121	 96.622427	 96.549032	 96.475942	 96.403166	 96.330712	 96.258588	 96.186802	 96.115361	 96.044274	 95.973548	  95.90319	 95.833207	 95.763607	 95.694397	 95.625583	 95.557171	  95.48917	 95.421584	 95.354421	 95.287686	 95.221386	 95.155525	 95.090111	 95.025148	 94.960642	 94.896597	  94.83302	 94.769915	 94.707286	 94.645139	 94.583477	 94.522306	 94.461628	 94.401449	 94.341772	   94.2826	 94.223938	 94.165788	 94.108154	 94.051038	 93.994444	 93.938374	 93.882831	 93.827817	 93.773335	 93.719387	 93.665974	 93.613099	 93.560762	 93.508966	 93.457713	 93.407002	 93.356835	 93.307214	 93.258138	  93.20961	 93.161628	 93.114194	 93.067307	 93.020968	 92.975177	 92.929934	 92.885238	 92.841088	 92.797486	 92.754428	 92.711916	 92.669948	 92.628523	  92.58764	 92.547298	 92.507495	  92.46823	 92.429501	 92.391307	 92.353646	 92.316516	 92.279916	 92.243843	 92.208294	 92.173269	 92.138765	 92.104779	 92.071308	 92.038351	 92.005905	 91.973968	 91.942535	 91.911606	 91.881176	 91.851244	 91.821805	 91.792858	 91.764399	 91.736425	 91.708933	 91.681919	 91.655381	 91.629316	  91.60372	 91.578589	 91.553921	 91.529712	 91.505959	 91.482658	 91.459807	 91.437401	 91.415437	 91.393913	 91.372823	 91.352166	 91.331937	 91.312134	 91.292752	 91.273789	 91.255241	 91.237104	 91.219376	 91.202053	 91.185131	 91.168608	  91.15248	 91.136744	 91.121397	 91.106435	 91.091855	 91.077655	 91.063832	 91.050381	 91.037301	 91.024588	  91.01224	 91.000253	 90.988625	 90.977354	 90.966436	 90.955868	  90.94565	 90.935777	 90.926247	 90.917059	 90.908209	 90.899696	 90.891517	  90.88367	 90.876154	 90.868966	 90.862104	 90.855567	 90.849353	  90.84346	 90.837886	 90.832631	 90.827692	 90.823068	 90.818759	 90.814762	 90.811077	 90.807703	 90.804638	 90.801883	 90.799435	 90.797295	 90.795462	 90.793935	 90.792714	 90.791799	 90.791189	 90.790884	
        99	 98.915222	 98.830456	 98.745711	 98.660999	 98.576332	  98.49172	 98.407174	 98.322705	 98.238324	 98.154042	  98.06987	 97.985818	 97.901898	  97.81812	 97.734495	 97.651033	 97.567745	 97.484641	 97.401732	 97.319028	 97.236539	 97.154276	 97.072249	 96.990467	 96.908941	  96.82768	 96.746694	 96.665993	 96.585586	 96.505482	 96.425691	 96.346222	 96.267084	 96.188286	 96.109837	 96.031745	 95.954019	 95.876667	 95.799698	 95.723119	 95.646939	 95.571166	 95.495806	 95.420869	  95.34636	 95.272289	  95.19866	 95.125482	 95.052761	 94.980504	 94.908718	 94.837408	  94.76658	 94.696242	 94.626398	 94.557054	 94.488216	 94.419889	 94.352078	 94.284788	 94.218024	 94.151791	 94.086093	 94.020934	 93.956319	 93.892251	 93.828734	 93.765773	 93.703369	 93.641527	  93.58025	 93.519541	 93.459402	 93.399836	 93.340846	 93.282433	 93.224601	  93.16735	 93.110683	 93.054601	 92.999106	 92.944199	 92.889882	 92.836154	 92.783018	 92.730474	 92.678522	 92.627162	 92.576396	 92.526223	 92.476643	 92.427656	 92.379261	 92.331459	 92.284248	 92.237628	 92.191598	 92.146157	 92.101304	 92.057038	 92.013358	 91.970261	 91.927747	 91.885814	 91.844459	 91.803682	  91.76348	 91.723851	 91.684793	 91.646303	  91.60838	  91.57102	 91.534222	 91.497982	 91.462298	 91.427167	 91.392586	 91.358553	 91.325064	 91.292117	 91.259708	 91.227833	 91.196491	 91.165677	 91.135388	 91.105621	 91.076372	 91.047638	 91.019416	 90.991702	 90.964491	 90.937782	  90.91157	 90.885852	 90.860623	  90.83588	 90.811621	  90.78784	 90.764534	 90.741699	 90.719333	  90.69743	 90.675988	 90.655003	  90.63447	 90.614387	  90.59475	 90.575555	 90.556798	 90.538476	 90.520586	 90.503123	 90.486085	 90.469468	 90.453268	 90.437482	 90.422107	  90.40714	 90.392576	 90.378414	 90.364649	 90.351279	   90.3383	  90.32571	 90.313506	 90.301684	 90.290243	 90.279178	 90.268489	  90.25817	 90.248222	  90.23864	 90.229422	 90.220567	 90.212071	 90.203932	  90.19615	  90.18872	 90.181642	 90.174914	 90.168533	 90.162498	 90.156808	  90.15146	 90.146454	 90.141788	 90.137461	 90.133471	 90.129817	 90.126499	 90.123515	 90.120866	 90.118548	 90.116564	  90.11491	 90.113588	 90.112597	 90.111937	 90.111606	
        99	 98.908754	  98.81752	  98.72631	 98.635136	 98.544009	 98.452941	 98.361945	 98.271032	 98.180213	 98.089501	 97.998907	 97.908443	  97.81812	  97.72795	 97.637945	 97.548115	 97.458473	 97.369029	 97.279794	 97.190781	 97.101999	  97.01346	 96.925174	 96.837153	 96.749407	 96.661946	 96.574781	 96.487923	 96.401381	 96.315166	 96.229288	 96.143756	  96.05858	  95.97377	 95.889336	 95.805286	  95.72163	 95.638377	 95.555535	 95.473114	 95.391122	 95.309568	 95.228459	 95.147804	 95.067611	 94.987888	 94.908642	 94.829881	 94.751612	 94.673843	 94.596579	 94.519828	 94.443598	 94.367893	  94.29272	 94.218086	 94.143996	 94.070456	 93.997471	 93.925048	  93.85319	 93.781904	 93.711193	 93.641063	 93.571518	 93.502562	   93.4342	 93.366435	  93.29927	  93.23271	 93.166758	 93.101417	  93.03669	  92.97258	 92.909089	  92.84622	 92.783975	 92.722356	 92.661366	 92.601006	 92.541277	 92.482181	 92.423719	 92.365893	 92.308702	 92.252149	 92.196233	 92.140956	 92.086316	 92.032315	 91.978952	 91.926228	 91.874141	 91.822692	 91.771879	 91.721702	 91.672161	 91.623253	 91.574978	 91.527335	 91.480322	 91.433937	 91.388179	 91.343047	 91.298537	 91.254649	  91.21138	 91.168727	 91.126689	 91.085263	 91.044446	 91.004236	 90.964631	 90.925626	 90.887219	 90.849408	  90.81219	  90.77556	 90.739516	 90.704055	 90.669173	 90.634867	 90.601133	 90.567968	 90.535368	  90.50333	  90.47185	 90.440924	 90.410549	  90.38072	 90.351434	 90.322687	 90.294475	 90.266794	 90.239641	  90.21301	   90.1869	 90.161304	  90.13622	 90.111644	 90.087571	 90.063997	 90.040919	 90.018333	 89.996234	 89.974619	 89.953483	 89.932824	 89.912636	 89.892916	 89.873661	 89.854866	 89.836528	 89.818643	 89.801207	 89.784217	 89.767669	 89.751559	 89.735885	 89.720642	 89.705827	 89.691437	 89.677468	 89.663917	 89.650782	 89.638059	 89.625744	 89.613836	  89.60233	 89.591225	 89.580517	 89.570204	 89.560283	 89.550752	 89.541608	 89.532849	 89.524472	 89.516476	 89.508858	 89.501616	 89.494749	 89.488253	 89.482129	 89.476373	 89.470985	 89.465963	 89.461306	 89.457011	 89.453079	 89.449508	 89.446297	 89.443444	 89.440951	 89.438814	 89.437035	 89.435612	 89.434545	 89.433834	 89.433479	
        99	 98.902298	 98.804609	 98.706945	 98.609319	 98.511745	 98.414234	 98.316799	 98.219453	 98.122208	 98.025078	 97.928073	 97.831208	 97.734495	 97.637945	 97.541571	 97.445385	   97.3494	 97.253627	 97.158079	 97.062767	 96.967703	 96.872899	 96.778367	 96.684118	 96.590163	 96.496514	 96.403182	 96.310178	 96.217513	 96.125198	 96.033243	 95.941659	 95.850457	 95.759646	 95.669237	  95.57924	 95.489665	 95.400521	 95.311818	 95.223565	 95.135771	 95.048446	 94.961599	 94.875237	  94.78937	 94.704006	 94.619153	 94.534819	 94.451012	  94.36774	  94.28501	 94.202828	 94.121204	 94.040142	 93.959651	 93.879735	 93.800403	  93.72166	 93.643511	 93.565963	 93.489021	 93.412691	 93.336977	 93.261885	 93.187419	 93.113584	 93.040385	 92.967825	 92.895908	 92.824639	  92.75402	 92.684056	 92.614749	 92.546102	 92.478119	 92.410801	 92.344152	 92.278174	 92.212868	 92.148237	 92.084282	 92.021004	 91.958406	 91.896488	 91.835251	 91.774697	 91.714824	 91.655636	  91.59713	 91.539308	 91.482169	 91.425714	 91.369942	 91.314852	 91.260444	 91.206717	  91.15367	 91.101302	 91.049611	 90.998597	 90.948258	 90.898591	 90.849596	  90.80127	 90.753611	 90.706617	 90.660286	 90.614616	 90.569603	 90.525246	 90.481541	 90.438486	 90.396078	 90.354314	  90.31319	 90.272703	 90.232851	 90.193629	 90.155035	 90.117065	 90.079715	 90.042981	 90.006861	 89.971349	 89.936443	 89.902138	  89.86843	 89.835316	 89.802791	 89.770852	 89.739494	 89.708713	 89.678505	 89.648865	 89.619791	 89.591276	 89.563318	 89.535911	 89.509053	 89.482737	 89.456961	 89.431719	 89.407008	 89.382824	 89.359161	 89.336017	 89.313386	 89.291264	 89.269648	 89.248533	 89.227916	 89.207791	 89.188155	 89.169005	 89.150335	 89.132143	 89.114424	 89.097175	 89.080391	 89.064069	 89.048206	 89.032798	 89.017841	 89.003331	 88.989267	 88.975643	 88.962457	 88.949706	 88.937386	 88.925495	  88.91403	 88.902987	 88.892364	 88.882159	 88.872368	 88.862989	  88.85402	 88.845458	   88.8373	 88.829546	 88.822193	 88.815238	  88.80868	 88.802517	 88.796748	 88.791371	 88.786384	 88.781785	 88.777575	 88.773751	 88.770313	 88.767259	 88.764588	 88.762301	 88.760396	 88.758872	  88.75773	 88.756968	 88.756588	
        99	 98.895854	 98.791722	 98.687618	 98.583554	 98.479544	 98.375601	 98.271741	 98.167974	 98.064316	  97.96078	 97.857378	 97.754125	 97.651033	 97.548115	 97.445385	 97.342856	  97.24054	 97.138451	 97.036601	 96.935003	  96.83367	 96.732614	 96.631847	 96.531382	 96.431231	 96.331405	 96.231918	  96.13278	 96.034004	   95.9356	  95.83758	 95.739957	 95.642739	  95.54594	 95.449568	 95.353636	 95.258153	  95.16313	 95.068576	 94.974503	  94.88092	 94.787835	  94.69526	 94.603203	 94.511673	 94.420679	  94.33023	 94.240334	    94.151	 94.062235	 93.974049	 93.886448	  93.79944	 93.713032	 93.627232	 93.542046	 93.457482	 93.373545	 93.290243	  93.20758	 93.125564	 93.044199	 92.963492	 92.883448	 92.804071	 92.725366	 92.647339	 92.569994	 92.493334	 92.417364	 92.342088	 92.267509	 92.193631	 92.120458	 92.047991	 91.976234	 91.905189	 91.834859	 91.765246	 91.696352	 91.628179	 91.560729	 91.494002	 91.428001	 91.362725	 91.298177	 91.234356	 91.171263	 91.108899	 91.047264	 90.986357	 90.926178	 90.866728	 90.808005	 90.750009	 90.692738	 90.636193	 90.580371	 90.525271	 90.470892	 90.417233	 90.364291	 90.312064	 90.260551	 90.209749	 90.159656	 90.110269	 90.061587	 90.013606	 89.966323	 89.919736	 89.873841	 89.828636	 89.784117	 89.740281	 89.697125	 89.654644	 89.612836	 89.571696	 89.531222	 89.491408	 89.452252	 89.413749	 89.375896	 89.338687	  89.30212	 89.266189	 89.230891	 89.196221	 89.162175	 89.128749	 89.095938	 89.063738	 89.032144	 89.001151	 88.970756	 88.940954	  88.91174	  88.88311	 88.855059	 88.827583	 88.800677	 88.774336	 88.748556	 88.723333	 88.698662	 88.674539	 88.650958	 88.627917	 88.605409	 88.583432	  88.56198	 88.541049	 88.520636	 88.500735	 88.481343	 88.462455	 88.444068	 88.426177	 88.408779	  88.39187	 88.375445	 88.359502	 88.344036	 88.329043	 88.314521	 88.300466	 88.286874	 88.273742	 88.261066	 88.248845	 88.237074	  88.22575	 88.214872	 88.204435	 88.194437	 88.184877	  88.17575	 88.167055	 88.158789	 88.150951	 88.143537	 88.136547	 88.129978	 88.123828	 88.118096	  88.11278	 88.107878	  88.10339	 88.099314	 88.095649	 88.092394	 88.089547	 88.087109	 88.085078	 88.083454	 88.082236	 88.081425	 88.081019	
        99	 98.889424	 98.778863	  98.66833	 98.557841	  98.44741	  98.33705	 98.226776	 98.116603	 98.006545	 97.896616	  97.78683	 97.677202	 97.567745	 97.458473	   97.3494	  97.24054	 97.131908	 97.023515	 96.915377	 96.807506	 96.699916	 96.592621	 96.485632	 96.378964	 96.272629	 96.166641	 96.061011	 95.955752	 95.850877	 95.746397	 95.642326	 95.538675	 95.435455	 95.332678	 95.230357	 95.128501	 95.027123	 94.926233	 94.825842	  94.72596	 94.626599	 94.527767	 94.429476	 94.331735	 94.234554	 94.137942	 94.041908	 93.946462	 93.851612	 93.757367	 93.663736	 93.570726	 93.478346	 93.386603	 93.295506	  93.20506	 93.115275	 93.026156	  92.93771	 92.849944	 92.762864	 92.676476	 92.590785	 92.505799	 92.421521	 92.337957	 92.255112	 92.172991	 92.091598	 92.010938	 91.931014	 91.851831	 91.773392	   91.6957	 91.618759	 91.542571	  91.46714	 91.392468	 91.318557	  91.24541	 91.173027	 91.101412	 91.030566	 90.960489	 90.891183	  90.82265	 90.754888	   90.6879	 90.621686	 90.556245	 90.491577	 90.427683	 90.364562	 90.302214	 90.240637	  90.17983	 90.119793	 90.060525	 90.002023	 89.944287	 89.887314	 89.831103	 89.775652	 89.720958	  89.66702	 89.613834	 89.561398	  89.50971	 89.458767	 89.408564	 89.359101	 89.310373	 89.262376	 89.215109	 89.168566	 89.122745	 89.077642	 89.033252	 88.989573	 88.946599	 88.904328	 88.862754	 88.821874	 88.781683	 88.742177	 88.703352	 88.665203	 88.627725	 88.590915	 88.554767	 88.519277	  88.48444	 88.450252	 88.416707	 88.383801	 88.351529	 88.319887	  88.28887	 88.258472	 88.228689	 88.199516	 88.170948	 88.142981	  88.11561	  88.08883	 88.062635	 88.037023	 88.011986	 87.987522	 87.963625	  87.94029	 87.917514	 87.895291	 87.873617	 87.852488	 87.831898	 87.811845	 87.792322	 87.773327	 87.754855	 87.736901	 87.719463	 87.702535	 87.686114	 87.670196	 87.654777	 87.639854	 87.625422	 87.611479	 87.598022	 87.585045	 87.572548	 87.560525	 87.548975	 87.537894	 87.527279	 87.517128	 87.507437	 87.498206	  87.48943	 87.481107	 87.473236	 87.465814	 87.458839	  87.45231	 87.446224	  87.44058	 87.435376	  87.43061	 87.426283	 87.422391	 87.418935	 87.415912	 87.413324	 87.411167	 87.409443	  87.40815	 87.407289	 87.406858	
