Time step 59:
        99	        99	        99	        99	        99	        99	        99	        99	        99	        99	        99	        99	        99	        99	        99	        99	        99	        99	        99	        99	        99	        99	        99	        99	        99	        99	        99	        99	        99	        99	        99	        99	        99	        99	        99	        99	        99	        99	        99	        99	        99	        99	        99	        99	        99	        99	        99	        99	        99	        99	        99	        99	        99	        99	        99	        99	        99	        99	        99	        99	        99	        99	        99	        99	        99	        99	        99	        99	        99	        99	        99	        99	        99	        99	        99	        99	        99	        99	        99	        99	        99	        99	        99	        99	        99	        99	        99	        99	        99	        99	        99	        99	        99	        99	        99	        99	        99	        99	        99	        99	        99	        99	        99	        99	        99	        99	        99	        99	        99	        99	        99	        99	        99	        99	        99	        99	        99	        99	        99	        99	        99	        99	        99	        99	        99	        99	        99	        99	        99	        99	        99	        99	        99	        99	        99	        99	        99	        99	        99	        99	        99	        99	        99	        99	        99	        99	        99	        99	        99	        99	        99	        99	        99	        99	        99	        99	        99	        99	        99	        99	        99	        99	        99	        99	        99	        99	        99	        99	        99	        99	        99	        99	        99	        99	        99	        99	        99	        99	        99	        99	        99	        99	        99	        99	        99	        99	        99	        99	        99	        99	        99	        99	        99	        99	        99	        99	        99	        99	        99	        99	
        99	 98.989238	 98.978479	 98.967724	 98.956976	 98.946238	  98.93551	 98.924797	 98.914099	  98.90342	 98.892762	 98.882126	 98.871515	 98.860932	 98.850377	 98.839855	 98.829366	 98.818913	 98.808498	 98.798123	  98.78779	 98.777501	 98.767259	 98.757064	  98.74692	 98.736827	 98.726788	 98.716805	  98.70688	 98.697014	 98.687209	 98.677466	 98.667788	 98.658177	 98.648632	 98.639157	 98.629753	 98.620421	 98.611162	 98.601978	 98.592871	 98.583842	 98.574891	  98.56602	 98.557231	 98.548524	   98.5399	 98.531361	 98.522907	  98.51454	  98.50626	 98.498068	 98.489965	 98.481952	 98.474029	 98.466197	 98.458457	 98.450809	 98.443253	 98.435791	 98.428423	 98.421148	 98.413968	 98.406883	 98.399892	 98.392997	 98.386196	 98.379491	 98.372882	 98.366368	  98.35995	 98.353627	 98.347399	 98.341267	 98.335229	 98.329287	 98.323439	 98.317685	 98.312026	  98.30646	 98.300987	 98.295608	 98.290321	 98.285126	 98.280022	 98.275009	 98.270087	 98.265254	 98.260511	 98.255856	 98.251289	 98.246809	 98.242416	 98.238108	 98.233885	 98.229746	 98.225691	 98.221718	 98.217827	 98.214017	 98.210286	 98.206635	 98.203062	 98.199565	 98.196146	 98.192801	 98.189531	 98.186335	 98.183211	 98.180158	 98.177176	 98.174263	 98.171419	 98.168642	 98.165932	 98.163287	 98.160707	  98.15819	 98.155736	 98.153343	  98.15101	 98.148737	 98.146522	 98.144364	 98.142263	 98.140217	 98.138225	 98.136286	   98.1344	 98.132565	 98.130781	 98.129046	 98.127359	 98.125719	 98.124127	 98.122579	 98.121076	 98.119617	 98.118201	 98.116826	 98.115493	 98.114199	 98.112945	 98.111728	  98.11055	 98.109408	 98.108302	  98.10723	 98.106193	  98.10519	 98.104219	 98.103279	 98.102371	 98.101494	 98.100646	 98.099827	 98.099036	 98.098273	 98.097536	 98.096826	 98.096142	 98.095483	 98.094848	 98.094237	 98.093649	 98.093084	 98.092541	  98.09202	  98.09152	 98.091041	 98.090582	 98.090142	 98.089722	  98.08932	 98.088937	 98.088572	 98.088225	 98.087895	 98.087582	 98.087285	 98.087004	  98.08674	 98.086491	 98.086257	 98.086039	 98.085835	 98.085646	 98.085472	 98.085311	 98.085165	 98.085032	 98.084914	 98.084808	 98.084716	 98.084638	 98.084573	  98.08452	 98.084481	 98.084455	 98.084442	
        99	 98.978479	 98.956962	 98.935455	 98.913962	 98.892487	 98.871034	  98.84961	 98.828217	 98.806861	 98.785546	 98.764277	 98.743058	 98.721893	 98.700787	 98.679744	 98.658769	 98.637865	 98.617037	 98.596289	 98.575626	  98.55505	 98.534567	  98.51418	 98.493893	 98.473711	 98.453635	 98.433672	 98.413823	 98.394093	 98.374484	 98.355002	 98.335648	 98.316426	  98.29734	 98.278392	 98.259585	 98.240923	 98.222407	 98.204042	  98.18583	 98.167772	 98.149873	 98.132133	 98.114556	 98.097144	 98.079898	 98.062822	 98.045916	 98.029184	 98.012625	 97.996243	 97.980039	 97.964014	  97.94817	 97.932508	 97.917029	 97.901735	 97.886626	 97.871703	 97.856968	  97.84242	 97.828062	 97.813892	 97.799913	 97.786123	 97.772524	 97.759116	 97.745898	 97.732872	 97.720036	 97.707392	 97.694938	 97.682674	 97.670601	 97.658717	 97.647022	 97.635516	 97.624199	 97.613068	 97.602124	 97.591366	 97.580793	 97.570404	 97.560198	 97.550174	  97.54033	 97.530666	  97.52118	 97.511872	 97.502738	  97.49378	 97.484994	 97.476379	 97.467934	 97.459658	 97.451548	 97.443603	 97.435821	 97.428202	 97.420741	 97.413439	 97.406294	 97.399302	 97.392463	 97.385775	 97.379236	 97.372843	 97.366596	 97.360491	 97.354528	 97.348703	 97.343015	 97.337462	 97.332042	 97.326754	 97.321593	  97.31656	 97.311652	 97.306866	 97.302201	 97.297655	 97.293226	 97.288911	 97.284709	 97.280617	 97.276634	 97.272757	 97.268986	 97.265316	 97.261748	 97.258278	 97.254904	 97.251626	  97.24844	 97.245346	 97.242341	 97.239423	  97.23659	 97.233841	 97.231174	 97.228587	 97.226079	 97.223647	  97.22129	 97.219006	 97.216794	 97.214652	 97.212578	 97.210571	 97.208629	 97.206751	 97.204935	  97.20318	 97.201484	 97.199846	 97.198265	 97.196738	 97.195266	 97.193846	 97.192478	 97.191159	  97.18989	 97.188668	 97.187492	 97.186363	 97.185277	 97.184235	 97.183235	 97.182276	 97.181358	 97.180479	 97.179638	 97.178836	  97.17807	  97.17734	 97.176645	 97.175985	 97.175358	 97.174765	 97.174204	 97.173675	 97.173177	  97.17271	 97.172273	 97.171866	 97.171488	 97.171139	 97.170818	 97.170526	 97.170261	 97.170023	 97.169812	 97.169629	 97.169472	 97.169341	 97.169237	 97.169158	 97.169106	  97.16908	
        99	 98.967724	 98.935455	   98.9032	 98.870965	 98.838759	 98.806586	 98.774455	 98.742372	 98.710344	 98.678377	 98.646479	 98.614656	 98.582914	  98.55126	 98.519702	 98.488244	 98.456894	 98.425658	 98.394542	 98.363552	 98.332694	 98.301975	   98.2714	 98.240975	 98.210707	 98.180599	 98.150659	 98.120891	 98.091301	 98.061894	 98.032675	  98.00365	 97.974822	 97.946198	  97.91778	 97.889575	 97.861587	 97.833819	 97.806276	 97.778962	 97.751881	 97.725036	 97.698432	 97.672071	 97.645957	 97.620094	 97.594484	  97.56913	 97.544035	 97.519202	 97.494634	 97.470332	 97.446299	 97.422537	 97.399048	 97.375834	 97.352896	 97.330237	 97.307857	 97.285758	  97.26394	 97.242406	 97.221156	  97.20019	 97.179509	 97.159114	 97.139005	 97.119183	 97.099647	 97.080397	 97.061433	 97.042755	 97.024363	 97.006256	 96.988434	 96.970895	  96.95364	 96.936666	 96.919973	 96.903561	 96.887426	  96.87157	 96.855989	 96.840682	 96.825648	 96.810885	 96.796392	 96.782166	 96.768205	 96.754508	 96.741072	 96.727896	 96.714976	 96.702311	 96.689899	 96.677736	 96.665821	 96.654151	 96.642723	 96.631534	 96.620583	 96.609867	 96.599381	 96.589125	 96.579095	 96.569287	   96.5597	 96.550331	 96.541175	 96.532231	 96.523496	 96.514966	 96.506638	  96.49851	 96.490578	 96.482839	 96.475291	 96.467929	 96.460752	 96.453756	 96.446938	 96.440295	 96.433824	 96.427522	 96.421385	 96.415412	 96.409598	 96.403941	 96.398438	 96.393086	 96.387882	 96.382823	 96.377906	 96.373129	 96.368488	 96.363981	 96.359605	 96.355357	 96.351234	 96.347235	 96.343355	 96.339593	 96.335946	 96.332411	 96.328986	 96.325668	 96.322455	 96.319345	 96.316335	 96.313422	 96.310606	 96.307882	  96.30525	 96.302707	  96.30025	 96.297879	  96.29559	 96.293382	 96.291252	   96.2892	 96.287223	 96.285319	 96.283486	 96.281723	 96.280029	 96.278401	 96.276838	 96.275338	   96.2739	 96.272523	 96.271205	 96.269944	 96.268741	 96.267592	 96.266497	 96.265455	 96.264465	 96.263526	 96.262636	 96.261795	 96.261001	 96.260255	 96.259554	 96.258899	 96.258288	 96.257721	 96.257198	 96.256717	 96.256278	  96.25588	 96.255524	 96.255208	 96.254932	 96.254697	 96.254501	 96.254345	 96.254227	 96.254149	  96.25411	
        99	 98.956976	 98.913962	 98.870965	 98.827997	 98.785065	 98.742179	 98.699348	 98.656581	 98.613888	 98.571276	 98.528756	 98.486336	 98.444024	  98.40183	 98.359762	 98.317829	 98.276039	 98.234402	 98.192924	 98.151614	 98.110481	 98.069532	 98.028776	  97.98822	 97.947871	 97.907738	 97.867828	 97.828147	 97.788704	 97.749504	 97.710556	 97.671864	 97.633437	 97.595281	 97.557401	 97.519803	 97.482495	  97.44548	 97.408765	 97.372356	 97.336256	 97.300472	 97.265009	  97.22987	  97.19506	 97.160584	 97.126446	 97.092649	 97.059198	 97.026096	 96.993346	 96.960951	 96.928915	  96.89724	  96.86593	 96.834985	 96.804409	 96.774204	 96.744372	 96.714914	 96.685831	 96.657126	 96.628799	 96.600852	 96.573285	 96.546098	 96.519293	 96.492869	 96.466828	 96.441168	 96.415889	 96.390992	 96.366475	 96.342339	 96.318581	 96.295202	   96.2722	 96.249574	 96.227323	 96.205445	 96.183938	 96.162801	 96.142032	 96.121628	 96.101588	 96.081909	 96.062589	 96.043626	 96.025016	 96.006758	 95.988848	 95.971284	 95.954062	 95.937179	 95.920633	 95.904421	 95.888538	 95.872981	 95.857748	 95.842834	 95.828236	 95.813951	 95.799974	 95.786302	 95.772932	 95.759859	 95.747079	 95.734589	 95.722385	 95.710463	 95.698818	 95.687448	 95.676347	 95.665512	 95.654939	 95.644623	 95.634561	 95.624748	 95.615181	 95.605856	 95.596767	 95.587912	 95.579286	 95.570885	 95.562705	 95.554742	 95.546993	 95.539452	 95.532117	 95.524982	 95.518045	 95.511302	 95.504748	  95.49838	 95.492193	 95.486185	 95.480352	 95.474689	 95.469194	 95.463862	 95.458691	 95.453676	 95.448814	 95.444102	 95.439536	 95.435114	 95.430831	 95.426685	 95.422673	 95.418791	 95.415036	 95.411406	 95.407897	 95.404507	 95.401232	 95.398071	  95.39502	 95.392076	 95.389238	 95.386502	 95.383866	 95.381328	 95.378885	 95.376536	 95.374277	 95.372107	 95.370023	 95.368024	 95.366107	 95.364272	 95.362514	 95.360834	  95.35923	 95.357698	 95.356239	  95.35485	  95.35353	 95.352278	 95.351092	 95.349971	 95.348913	 95.347918	 95.346984	 95.346111	 95.345297	 95.344541	 95.343843	 95.343202	 95.342617	 95.342087	 95.341611	 95.341191	 95.340823	 95.340509	 95.340248	  95.34004	 95.339883	 95.339779	 95.339727	
        99	 98.946238	 98.892487	 98.838759	 98.785065	 98.731417	 98.677827	 98.624306	 98.570865	 98.517515	 98.464267	 98.411134	 98.358125	 98.305253	 98.252527	 98.199959	  98.14756	  98.09534	 98.043309	 97.991478	 97.939858	 97.888458	 97.837289	 97.786359	  97.73568	 97.685261	 97.635111	 97.585239	 97.535654	 97.486365	 97.437382	 97.388711	 97.340363	 97.292345	 97.244664	 97.197329	 97.150348	 97.103727	 97.057473	 97.011595	 96.966097	 96.920988	 96.876272	 96.831956	 96.788047	 96.744549	 96.701468	 96.658809	 96.616576	 96.574776	 96.533411	 96.492487	 96.452007	 96.411974	 96.372394	 96.333268	   96.2946	 96.256392	 96.218648	 96.181369	 96.144558	 96.108217	 96.072347	  96.03695	 96.002027	 95.967579	 95.933607	 95.900111	 95.867092	  95.83455	 95.802485	 95.770897	 95.739786	  95.70915	 95.678989	 95.649302	 95.620087	 95.591344	 95.563071	 95.535266	 95.507927	 95.481052	 95.454639	 95.428685	 95.403189	 95.378147	 95.353556	 95.329414	 95.305718	 95.282463	 95.259648	 95.237267	 95.215319	 95.193799	 95.172702	 95.152027	 95.131767	  95.11192	  95.09248	 95.073445	 95.054808	 95.036567	 95.018716	 95.001251	 94.984166	 94.967459	 94.951122	 94.935153	 94.919546	 94.904296	 94.889398	 94.874847	 94.860638	 94.846766	 94.833227	 94.820015	 94.807124	 94.794551	 94.782289	 94.770334	  94.75868	 94.747323	 94.736258	 94.725479	 94.714981	  94.70476	 94.694809	 94.685125	 94.675703	 94.666536	 94.657621	 94.648953	 94.640526	 94.632336	 94.624378	 94.616648	 94.609141	 94.601851	 94.594775	 94.587908	 94.581246	 94.574783	 94.568516	 94.562441	 94.556553	 94.550848	 94.545321	  94.53997	 94.534789	 94.529775	 94.524924	 94.520232	 94.515696	 94.511311	 94.507075	 94.502983	 94.499033	  94.49522	 94.491542	 94.487995	 94.484576	 94.481283	 94.478111	 94.475059	 94.472123	   94.4693	 94.466588	 94.463984	 94.461486	 94.459091	 94.456797	 94.454602	 94.452502	 94.450497	 94.448583	  94.44676	 94.445024	 94.443375	  94.44181	 94.440328	 94.438927	 94.437605	 94.436362	 94.435195	 94.434104	 94.433086	 94.432142	  94.43127	 94.430468	 94.429737	 94.429075	 94.428481	 94.427955	 94.427496	 94.427104	 94.426778	 94.426517	 94.426322	 94.426192	 94.426127	
        99	  98.93551	 98.871034	 98.806586	 98.742179	 98.677827	 98.613544	 98.549344	 98.485239	 98.421244	 98.357373	 98.293638	 98.230052	  98.16663	 98.103384	 98.040327	 97.977473	 97.914833	 97.852421	 97.790248	 97.728328	 97.666672	 97.605293	 97.544202	 97.483411	 97.422932	 97.362775	 97.302952	 97.243473	  97.18435	 97.125593	 97.067211	 97.009216	 96.951617	 96.894423	 96.837643	 96.781287	 96.725364	 96.669882	 96.614849	 96.560273	 96.506163	 96.452525	 96.399367	 96.346697	 96.294519	 96.242842	 96.191671	 96.141013	 96.090871	 96.041253	 95.992163	 95.943606	 95.895586	 95.848108	 95.801175	 95.754792	 95.708961	 95.663686	 95.618969	 95.574813	 95.531221	 95.488194	 95.445734	 95.403842	 95.362521	  95.32177	 95.281591	 95.241984	 95.202949	 95.164486	 95.126596	 95.089276	 95.052528	 95.016348	 94.980738	 94.945694	 94.911216	 94.877302	 94.843948	 94.811154	 94.778917	 94.747234	 94.716102	 94.685518	  94.65548	 94.625983	 94.597023	 94.568599	 94.540704	 94.513336	  94.48649	 94.460163	 94.434348	 94.409043	 94.384242	  94.35994	 94.336132	 94.312814	  94.28998	 94.267626	 94.245744	 94.224332	 94.203381	 94.182888	 94.162847	 94.143251	 94.124096	 94.105374	 94.087081	  94.06921	 94.051756	 94.034712	 94.018073	 94.001832	 93.985983	 93.970521	 93.955439	  93.94073	  93.92639	 93.912411	 93.898788	 93.885515	 93.872585	 93.859993	 93.847732	 93.835796	  93.82418	 93.812877	 93.801882	 93.791188	  93.78079	 93.770682	 93.760858	 93.751312	 93.742039	 93.733034	  93.72429	 93.715802	 93.707565	 93.699573	 93.691821	 93.684304	 93.677016	 93.669953	  93.66311	 93.656481	 93.650061	 93.643847	 93.637833	 93.632014	 93.626386	 93.620944	 93.615685	 93.610603	 93.605695	 93.600956	 93.596383	 93.591971	 93.587716	 93.583615	 93.579664	  93.57586	 93.572199	 93.568677	 93.565291	 93.562038	 93.558915	 93.555918	 93.553045	 93.550293	  93.54766	 93.545141	 93.542736	  93.54044	 93.538253	 93.536171	 93.534193	 93.532316	 93.530538	 93.528857	 93.527272	  93.52578	 93.524381	 93.523072	 93.521851	 93.520719	 93.519673	 93.518711	 93.517834	  93.51704	 93.516328	 93.515697	 93.515146	 93.514675	 93.514284	 93.513971	 93.513737	 93.513581	 93.513503	
        99	 98.924797	  98.84961	 98.774455	 98.699348	 98.624306	 98.549344	 98.474478	 98.399724	 98.325098	 98.250615	 98.176292	 98.102144	 98.028185	 97.954433	   97.8809	 97.807604	 97.734558	 97.661777	 97.589276	  97.51707	 97.445171	 97.373595	 97.302356	 97.231466	 97.160939	 97.090788	 97.021027	 96.951668	 96.882723	 96.814204	 96.746124	 96.678494	 96.611326	  96.54463	 96.478418	   96.4127	 96.347487	 96.282787	 96.218612	  96.15497	  96.09187	 96.029322	 95.967333	 95.905913	 95.845067	 95.784805	 95.725134	 95.666059	 95.607588	 95.549727	 95.492482	 95.435858	 95.379861	 95.324495	 95.269766	 95.215677	 95.162232	 95.109435	  95.05729	 95.005799	 94.954964	 94.904789	 94.855276	 94.806425	 94.758239	 94.710719	 94.663865	 94.617678	 94.572158	 94.527306	 94.483121	 94.439601	 94.396748	 94.354558	 94.313032	 94.272167	 94.231961	 94.192412	 94.153518	 94.115276	 94.077684	 94.040737	 94.004433	 93.968769	  93.93374	 93.899342	 93.865572	 93.832425	 93.799897	 93.767982	 93.736677	 93.705975	 93.675873	 93.646363	 93.617442	 93.589103	  93.56134	 93.534148	 93.507521	 93.481453	 93.455937	 93.430966	 93.406536	 93.382639	 93.359268	 93.336417	 93.314079	 93.292247	 93.270915	 93.250076	 93.229722	 93.209847	 93.190443	 93.171504	 93.153022	 93.134991	 93.117403	 93.100252	 93.083529	 93.067228	 93.051342	 93.035863	 93.020786	 93.006101	 92.991803	 92.977885	 92.964339	 92.951158	 92.938336	 92.925866	 92.913741	 92.901953	 92.890497	 92.879366	 92.868553	 92.858051	 92.847854	 92.837957	 92.828351	 92.819031	 92.809992	 92.801226	 92.792728	 92.784491	 92.776511	 92.768781	 92.761295	 92.754048	 92.747035	 92.740249	 92.733686	 92.727341	 92.721207	 92.715281	 92.709558	 92.704032	 92.698699	 92.693554	 92.688592	  92.68381	 92.679203	 92.674767	 92.670497	  92.66639	 92.662442	 92.658648	 92.655006	 92.651512	 92.648162	 92.644953	 92.641882	 92.638945	  92.63614	 92.633463	 92.630912	 92.628485	 92.626178	 92.623989	 92.621915	 92.619955	 92.618107	 92.616367	 92.614735	 92.613209	 92.611786	 92.610465	 92.609245	 92.608124	 92.607101	 92.606175	 92.605344	 92.604608	 92.603966	 92.603418	 92.602961	 92.602597	 92.602324	 92.602142	 92.602051	
        99	 98.914099	 98.828217	 98.742372	 98.656581	 98.570865	 98.485239	 98.399724	 98.314336	 98.229095	 98.144018	 98.059122	 97.974427	 97.889948	 97.805704	 97.721712	 97.637989	 97.554553	 97.471419	 97.388605	 97.306127	 97.224002	 97.142244	 97.060871	 96.979897	 96.899338	 96.819209	 96.739524	 96.660299	 96.581546	 96.503281	 96.425517	 96.348267	 96.271545	 96.195362	 96.119731	 96.044665	 95.970175	 95.896272	 95.822968	 95.750273	 95.678198	 95.606752	 95.535946	 95.465788	 95.396288	 95.327454	 95.259294	 95.191816	 95.125028	 95.058937	 94.993549	  94.92887	 94.864908	 94.801667	 94.739152	 94.677369	 94.616322	 94.556015	 94.496452	 94.437636	 94.379571	 94.322259	 94.265702	 94.209902	 94.154862	 94.100582	 94.047063	 93.994306	 93.942312	 93.891079	 93.840609	 93.790899	  93.74195	 93.693759	 93.646325	 93.599647	 93.553722	 93.508548	 93.464121	  93.42044	   93.3775	 93.335297	  93.29383	 93.253092	  93.21308	  93.17379	 93.135216	 93.097354	 93.060199	 93.023744	 92.987986	 92.952917	 92.918532	 92.884825	  92.85179	  92.81942	 92.787708	 92.756648	 92.726234	 92.696457	 92.667311	 92.638789	 92.610883	 92.583587	 92.556891	  92.53079	 92.505274	 92.480337	 92.455971	 92.432167	 92.408918	 92.386215	 92.364052	 92.342419	 92.321308	 92.300712	 92.280622	 92.261031	 92.241929	  92.22331	 92.205164	 92.187484	 92.170261	 92.153488	 92.137156	 92.121258	 92.105785	  92.09073	 92.076084	  92.06184	 92.047989	 92.034525	  92.02144	 92.008725	 91.996374	 91.984378	 91.972731	 91.961425	 91.950453	 91.939808	 91.929483	  91.91947	 91.909763	 91.900355	 91.891239	 91.882409	 91.873859	 91.865581	  91.85757	 91.849819	 91.842323	 91.835075	 91.828069	   91.8213	 91.814762	  91.80845	 91.802358	 91.796482	 91.790814	 91.785352	  91.78009	 91.775022	 91.770145	 91.765454	 91.760944	 91.756611	 91.752451	 91.748459	 91.744633	 91.740967	 91.737459	 91.734105	   91.7309	 91.727843	  91.72493	 91.722157	 91.719521	 91.717021	 91.714653	 91.712414	 91.710303	 91.708316	 91.706452	 91.704708	 91.703083	 91.701574	  91.70018	   91.6989	 91.697731	 91.696673	 91.695725	 91.694884	 91.694151	 91.693524	 91.693003	 91.692586	 91.692274	 91.692067	 91.691963	
        99	  98.90342	 98.806861	 98.710344	 98.613888	 98.517515	 98.421244	 98.325098	 98.229095	 98.133257	 98.037603	 97.942153	 97.846928	 97.751947	  97.65723	 97.562796	 97.468665	 97.374856	 97.281387	 97.188278	 97.095546	 97.003211	 96.911289	 96.819799	 96.728759	 96.638185	 96.548094	 96.458503	 96.369428	 96.280886	 96.192891	 96.105459	 96.018605	 95.932344	 95.846691	 95.761658	 95.677259	 95.593509	 95.510418	 95.428001	 95.346269	 95.265233	 95.184906	 95.105297	 95.026417	 94.948277	 94.870885	 94.794252	 94.718385	 94.643294	 94.568986	 94.495469	  94.42275	 94.350835	 94.279732	 94.209446	 94.139982	 94.071345	 94.003541	 93.936573	 93.870445	 93.805162	 93.740724	 93.677136	   93.6144	 93.552517	 93.491489	 93.431317	 93.372001	 93.313543	 93.255941	 93.199196	 93.143306	 93.088272	  93.03409	 92.980759	 92.928278	 92.876644	 92.825853	 92.775904	 92.726792	 92.678513	 92.631065	 92.584442	 92.538639	 92.493653	 92.449479	 92.406109	  92.36354	 92.321766	  92.28078	 92.240575	 92.201147	 92.162487	  92.12459	 92.087448	 92.051053	 92.015399	 91.980478	 91.946282	 91.912804	 91.880035	 91.847967	 91.816592	 91.785901	 91.755887	 91.726541	 91.697853	 91.669816	  91.64242	 91.615657	 91.589518	 91.563993	 91.539074	 91.514752	 91.491017	  91.46786	 91.445273	 91.423246	  91.40177	 91.380835	 91.360434	 91.340555	 91.321192	 91.302333	 91.283971	 91.266096	   91.2487	 91.231773	 91.215306	 91.199291	 91.183719	 91.168581	 91.153869	 91.139573	 91.125687	   91.1122	 91.099105	 91.086393	 91.074057	 91.062089	  91.05048	 91.039222	 91.028308	 91.017731	 91.007482	 90.997554	 90.987941	 90.978634	 90.969627	 90.960912	 90.952484	 90.944335	 90.936458	 90.928848	 90.921497	 90.914401	 90.907551	 90.900944	 90.894572	 90.888431	 90.882514	 90.876817	 90.871333	 90.866059	 90.860988	 90.856117	 90.851439	 90.846952	  90.84265	 90.838528	 90.834584	 90.830812	  90.82721	 90.823772	 90.820497	 90.817379	 90.814416	 90.811605	 90.808942	 90.806425	 90.804051	 90.801817	 90.799721	 90.797761	 90.795934	 90.794237	  90.79267	 90.791231	 90.789917	 90.788728	 90.787661	 90.786716	 90.785892	 90.785187	 90.784601	 90.784132	 90.783782	 90.783548	 90.783432	
        99	 98.892762	 98.785546	 98.678377	 98.571276	 98.464267	 98.357373	 98.250615	 98.144018	 98.037603	 97.931392	 97.825409	 97.719674	 97.614211	 97.509041	 97.404186	 97.299666	 97.195504	  97.09172	 96.988335	  96.88537	 96.782844	 96.680778	 96.579192	 96.478104	 96.377534	 96.277501	 96.178023	 96.079117	 95.980803	 95.883097	 95.786017	 95.689578	 95.593797	  95.49869	 95.404273	 95.310561	 95.217567	 95.125307	 95.033794	 94.943042	 94.853063	 94.763871	 94.675476	 94.587891	 94.501127	 94.415195	 94.330104	 94.245864	 94.162486	 94.079978	 93.998347	 93.917603	 93.837752	 93.758802	 93.680758	 93.603628	 93.527417	  93.45213	 93.377772	 93.304346	 93.231857	 93.160309	 93.089703	 93.020043	 92.951331	 92.883568	 92.816755	 92.750893	 92.685983	 92.622025	 92.559017	  92.49696	 92.435851	  92.37569	 92.316474	 92.258201	 92.200868	 92.144473	 92.089011	 92.034478	 91.980872	 91.928187	 91.876418	 91.825562	 91.775611	 91.726561	 91.678405	 91.631139	 91.584754	 91.539244	 91.494603	 91.450823	 91.407897	 91.365818	 91.324576	 91.284165	 91.244576	 91.205801	 91.167832	 91.130658	 91.094273	 91.058666	 91.023828	 90.989751	 90.956425	  90.92384	 90.891986	 90.860855	 90.830436	 90.800719	 90.771695	 90.743353	 90.715684	 90.688677	 90.662323	 90.636611	 90.611531	 90.587073	 90.563226	 90.539982	 90.517328	 90.495257	 90.473756	 90.452816	 90.432428	  90.41258	 90.393264	 90.374469	 90.356185	 90.338402	 90.321112	 90.304303	 90.287967	 90.272094	 90.256675	   90.2417	 90.227159	 90.213045	 90.199348	 90.186058	 90.173168	 90.160668	  90.14855	 90.136805	 90.125425	 90.114402	 90.103727	 90.093393	 90.083392	 90.073716	 90.064357	 90.055309	 90.046563	 90.038113	 90.029951	 90.022071	 90.014466	 90.007129	 90.000055	 89.993236	 89.986666	  89.98034	 89.974251	 89.968394	 89.962764	 89.957355	 89.952161	 89.947179	 89.942402	 89.937826	 89.933446	 89.929258	 89.925258	 89.921441	 89.917804	 89.914342	 89.911053	 89.907931	 89.904975	  89.90218	 89.899544	 89.897063	 89.894736	 89.892559	  89.89053	 89.888647	 89.886907	 89.885308	  89.88385	 89.882529	 89.881345	 89.880295	  89.87938	 89.878597	 89.877946	 89.877427	 89.877037	 89.876778	 89.876649	
        99	 98.882126	 98.764277	 98.646479	 98.528756	 98.411134	 98.293638	 98.176292	 98.059122	 97.942153	 97.825409	 97.708914	 97.592693	  97.47677	 97.361169	 97.245914	 97.131029	 97.016536	 96.902459	  96.78882	 96.675643	 96.562949	  96.45076	 96.339098	 96.227985	 96.117441	 96.007486	 95.898142	 95.789427	 95.681362	 95.573966	 95.467257	 95.361253	 95.255973	 95.151434	 95.047653	 94.944646	 94.842429	 94.741019	  94.64043	 94.540677	 94.441774	 94.343736	 94.246574	 94.150303	 94.054933	 93.960478	 93.866948	 93.774354	 93.682706	 93.592015	 93.502288	 93.413536	 93.325765	 93.238985	 93.153201	 93.068422	 92.984652	 92.901898	 92.820165	 92.739457	 92.659779	 92.581134	 92.503526	 92.426957	  92.35143	 92.276946	 92.203507	 92.131113	 92.059766	 91.989464	 91.920207	 91.851995	 91.784826	 91.718698	 91.653609	 91.589556	 91.526537	 91.464548	 91.403586	 91.343645	 91.284722	 91.226812	 91.169909	 91.114008	 91.059103	 91.005189	 90.952257	 90.900302	 90.849317	 90.799294	 90.750225	 90.702104	  90.65492	 90.608667	 90.563335	 90.518917	 90.475401	 90.432781	 90.391045	 90.350185	 90.310191	 90.271052	  90.23276	 90.195303	 90.158671	 90.122854	 90.087842	 90.053623	 90.020187	 89.987523	  89.95562	 89.924467	 89.894054	 89.864369	 89.835401	 89.807138	 89.779571	 89.752687	 89.726476	 89.700926	 89.676026	 89.651765	 89.628132	 89.605115	 89.582705	 89.560889	 89.539657	 89.518997	   89.4989	 89.479354	 89.460348	 89.441873	 89.423917	 89.406469	 89.389521	  89.37306	 89.357078	 89.341564	 89.326508	 89.311901	 89.297732	 89.283992	 89.270672	 89.257762	 89.245254	 89.233137	 89.221404	 89.210045	 89.199052	 89.188416	  89.17813	 89.168184	  89.15857	 89.149282	 89.140311	 89.131649	  89.12329	 89.115226	 89.107449	 89.099954	 89.092733	 89.085779	 89.079086	 89.072649	  89.06646	 89.060515	 89.054806	 89.049329	 89.044078	 89.039048	 89.034234	 89.029631	 89.025234	 89.021039	 89.017041	 89.013236	  89.00962	 89.006189	 89.002939	 88.999867	  88.99697	 88.994243	 88.991685	 88.989292	 88.987062	 88.984992	  88.98308	 88.981323	 88.979719	 88.978267	 88.976966	 88.975812	 88.974806	 88.973946	  88.97323	 88.972659	 88.972231	 88.971946	 88.971804	
        99	 98.871515	 98.743058	 98.614656	 98.486336	 98.358125	 98.230052	 98.102144	 97.974427	 97.846928	 97.719674	 97.592693	  97.46601	 97.339652	 97.213645	 97.088015	 96.962788	 96.837989	 96.713643	 96.589775	 96.466409	 96.343571	 96.221283	  96.09957	 95.978454	 95.857959	 95.738106	 95.618919	 95.500418	 95.382626	 95.265562	 95.149247	 95.033701	 94.918944	 94.804994	 94.691871	 94.579591	 94.468173	 94.357634	 94.247991	 94.139258	 94.031452	 93.924589	 93.818681	 93.713743	 93.609789	 93.506831	 93.404882	 93.303952	 93.204055	 93.105199	 93.007396	 92.910654	 92.814983	  92.72039	 92.626885	 92.534473	 92.443163	  92.35296	 92.263869	 92.175896	 92.089045	 92.003321	 91.918727	 91.835266	  91.75294	 91.671751	 91.591701	 91.512791	  91.43502	  91.35839	 91.282899	 91.208546	 91.135331	  91.06325	 90.992302	 90.922484	 90.853792	 90.786223	 90.719772	 90.654436	 90.590209	 90.527085	  90.46506	 90.404128	  90.34428	 90.285512	 90.227816	 90.171185	  90.11561	 90.061084	 90.007598	 89.955144	 89.903714	 89.853297	 89.803885	 89.755467	 89.708035	 89.661578	 89.616085	 89.571547	 89.527952	 89.485291	 89.443551	 89.402722	 89.362793	 89.323752	 89.285588	 89.248288	 89.211843	 89.176238	 89.141464	 89.107507	 89.074356	 89.041998	 89.010423	 88.979616	 88.949567	 88.920263	 88.891693	 88.863843	 88.836701	 88.810256	 88.784496	 88.759408	  88.73498	   88.7112	 88.688056	 88.665537	 88.643631	 88.622325	 88.601609	  88.58147	 88.561898	  88.54288	 88.524405	 88.506463	 88.489042	 88.472132	 88.455721	 88.439798	 88.424354	 88.409377	 88.394858	 88.380786	 88.367152	 88.353945	 88.341155	 88.328774	 88.316791	 88.305198	 88.293985	 88.283144	 88.272666	 88.262541	 88.252762	 88.243321	 88.234209	 88.225419	 88.216943	 88.208772	 88.200901	 88.193322	 88.186027	  88.17901	 88.172264	 88.165783	 88.159561	 88.153591	 88.147867	 88.142385	 88.137137	  88.13212	 88.127327	 88.122754	 88.118396	 88.114249	 88.110307	 88.106567	 88.103025	 88.099676	 88.096518	 88.093546	 88.090758	  88.08815	 88.085719	 88.083462	 88.081377	 88.079462	 88.077715	 88.076132	 88.074713	 88.073456	 88.072359	 88.071421	 88.070642	 88.070019	 88.069553	 88.069242	 88.069087	
        99	 98.860932	 98.721893	 98.582914	 98.444024	 98.305253	  98.16663	 98.028185	 97.889948	 97.751947	 97.614211	  97.47677	 97.339652	 97.202886	   97.0665	 96.930521	 96.794979	 96.659899	 96.525311	 96.391239	 96.257712	 96.124755	 95.992394	 95.860655	 95.729563	 95.599142	 95.469417	 95.340412	  95.21215	 95.084655	 94.957948	 94.832052	 94.706989	 94.582779	 94.459443	 94.337001	 94.215473	 94.094877	 93.975233	 93.856558	 93.738869	 93.622183	 93.506516	 93.391885	 93.278303	 93.165786	 93.054347	    92.944	 92.834757	 92.726631	 92.619632	 92.513772	 92.409062	  92.30551	 92.203126	 92.101918	 92.001895	 91.903063	 91.805429	    91.709	  91.61378	 91.519776	  91.42699	 91.335428	 91.245092	 91.155984	 91.068108	 90.981464	 90.896054	 90.811877	 90.728935	 90.647225	 90.566748	 90.487502	 90.409484	 90.332691	 90.257122	 90.182772	 90.109637	 90.037713	 89.966994	 89.897477	 89.829154	  89.76202	 89.696068	 89.631291	 89.567682	 89.505233	 89.443937	 89.383784	 89.324767	 89.266875	 89.210101	 89.154434	 89.099864	 89.046381	 88.993976	 88.942636	 88.892352	 88.843113	 88.794906	  88.74772	 88.701545	 88.656367	 88.612175	 88.568956	 88.526699	 88.485391	  88.44502	 88.405572	 88.367035	 88.329396	 88.292642	  88.25676	 88.221737	  88.18756	 88.154216	 88.121692	 88.089975	  88.05905	 88.028906	 87.999529	 87.970906	 87.943024	 87.915869	 87.889429	  87.86369	  87.83864	 87.814266	 87.790555	 87.767495	 87.745072	 87.723274	  87.70209	 87.681505	 87.661509	 87.642089	 87.623233	  87.60493	 87.587167	 87.569933	 87.553216	 87.537006	 87.521291	  87.50606	 87.491302	 87.477007	 87.463164	 87.449763	 87.436793	 87.424245	 87.412109	 87.400374	 87.389033	 87.378074	  87.36749	 87.357271	 87.347409	 87.337895	  87.32872	 87.319877	 87.311357	 87.303153	 87.295257	 87.287662	 87.280361	 87.273346	 87.266611	 87.260149	 87.253955	  87.24802	 87.242341	  87.23691	 87.231722	 87.226773	 87.222056	 87.217567	   87.2133	 87.209252	 87.205418	 87.201794	 87.198376	 87.195159	 87.192141	 87.189318	 87.186687	 87.184244	 87.181988	 87.179915	 87.178023	 87.176311	 87.174775	 87.173414	 87.172227	 87.171212	 87.170368	 87.169694	 87.169189	 87.168853	 87.168685	
        99	 98.850377	 98.700787	  98.55126	  98.40183	 98.252527	 98.103384	 97.954433	 97.805704	  97.65723	 97.509041	 97.361169	 97.213645	   97.0665	 96.919763	 96.773465	 96.627635	 96.482305	 96.337502	 96.193256	 96.049595	 95.906547	 95.764142	 95.622404	 95.481363	 95.341045	 95.201475	 95.062679	 94.924684	 94.787512	 94.651189	 94.515739	 94.381184	 94.247548	 94.114851	 93.983117	 93.852366	 93.722619	 93.593894	 93.466212	 93.339592	  93.21405	 93.089606	 92.966274	 92.844073	 92.723017	 92.603121	 92.484399	 92.366865	 92.250533	 92.135414	 92.021521	 91.908863	 91.797453	 91.687298	  91.57841	 91.470795	 91.364463	  91.25942	 91.155672	 91.053226	 90.952088	 90.852261	 90.753749	 90.656557	 90.560687	 90.466142	 90.372922	  90.28103	 90.190465	 90.101228	 90.013318	 89.926733	 89.841472	 89.757533	 89.674913	 89.593609	 89.513616	 89.434931	 89.357548	 89.281463	 89.206669	 89.133161	 89.060932	 88.989975	 88.920282	 88.851846	 88.784658	 88.718709	 88.653991	 88.590495	  88.52821	 88.467127	 88.407235	 88.348524	 88.290983	   88.2346	 88.179364	 88.125264	 88.072287	 88.020422	 87.969656	 87.919976	 87.871369	 87.823823	 87.777325	 87.731861	 87.687418	 87.643983	 87.601541	 87.560079	 87.519584	  87.48004	 87.441435	 87.403755	 87.366984	  87.33111	 87.296117	 87.261993	 87.228721	  87.19629	 87.164683	 87.133888	 87.103889	 87.074673	 87.046227	 87.018535	 86.991584	  86.96536	  86.93985	 86.915039	 86.890915	 86.867463	  86.84467	 86.822524	  86.80101	 86.780116	 86.759829	 86.740136	 86.721025	 86.702483	 86.684498	 86.667058	  86.65015	 86.633763	 86.617886	 86.602506	 86.587612	 86.573194	  86.55924	  86.54574	 86.532682	 86.520057	 86.507855	 86.496065	 86.484677	 86.473683	 86.463072	 86.452836	 86.442965	  86.43345	 86.424284	 86.415458	 86.406963	 86.398791	 86.390936	 86.383389	 86.376142	  86.36919	 86.362525	 86.356141	  86.35003	 86.344187	 86.338606	 86.333281	 86.328206	 86.323376	 86.318786	 86.314431	 86.310306	 86.306406	 86.302728	 86.299268	 86.296021	 86.292983	 86.290152	 86.287525	 86.285097	 86.282867	 86.280832	 86.278989	 86.277336	 86.275872	 86.274595	 86.273503	 86.272595	  86.27187	 86.271327	 86.270965	 86.270784	
        99	 98.839855	 98.679744	 98.519702	 98.359762	 98.199959	 98.040327	   97.8809	 97.721712	 97.562796	 97.404186	 97.245914	 97.088015	 96.930521	 96.773465	 96.616878	 96.460793	 96.305241	 96.150255	 95.995864	   95.8421	 95.688993	 95.536572	 95.384866	 95.233906	 95.083719	 94.934334	 94.785777	 94.638077	 94.491258	 94.345348	 94.200372	 94.056354	 93.913319	 93.771291	 93.630292	 93.490346	 93.351473	 93.213696	 93.077035	 92.941509	 92.807139	 92.673942	 92.541937	 92.411142	 92.281572	 92.153244	 92.026173	 91.900373	  91.77586	 91.652645	 91.530741	 91.410161	 91.290915	 91.173014	 91.056468	 90.941285	 90.827474	 90.715044	    90.604	 90.494349	 90.386098	  90.27925	 90.173811	 90.069784	 89.967171	 89.865977	 89.766201	 89.667846	 89.570912	 89.475399	 89.381306	 89.288632	 89.197376	 89.107533	 89.019103	  88.93208	 88.846462	 88.762243	 88.679418	 88.597982	 88.517929	 88.439251	 88.361942	 88.285995	   88.2114	 88.138151	 88.066238	 87.995651	 87.926382	  87.85842	 87.791755	 87.726376	 87.662272	 87.599432	 87.537844	 87.477496	 87.418376	 87.360471	 87.303768	 87.248255	 87.193919	 87.140745	  87.08872	  87.03783	 86.988062	 86.939401	 86.891832	 86.845342	 86.799915	 86.755538	 86.712194	  86.66987	  86.62855	 86.588219	 86.548863	 86.510465	 86.473012	 86.436487	 86.400876	 86.366164	 86.332334	 86.299373	 86.267265	 86.235995	 86.205547	 86.175908	 86.147062	 86.118994	 86.091689	 86.065134	 86.039312	 86.014211	 85.989816	 85.966112	 85.943085	 85.920722	 85.899008	  85.87793	 85.857475	 85.837629	 85.818379	 85.799713	 85.781616	 85.764076	 85.747082	 85.730621	  85.71468	 85.699247	 85.684312	 85.669862	 85.655886	 85.642374	 85.629313	 85.616694	 85.604506	 85.592738	 85.581381	 85.570425	 85.559859	 85.549676	 85.539865	 85.530418	 85.521325	 85.512579	 85.504171	 85.496093	 85.488338	 85.480897	 85.473763	 85.466929	 85.460389	 85.454135	 85.448161	 85.442462	  85.43703	  85.43186	 85.426947	 85.422286	 85.417871	 85.413697	 85.409761	 85.406057	 85.402581	  85.39933	   85.3963	 85.393488	 85.390889	 85.388502	 85.386324	 85.384351	 85.382583	 85.381016	 85.379649	  85.37848	 85.377508	 85.376732	 85.376151	 85.375763	  85.37557	
        99	 98.829366	 98.658769	 98.488244	 98.317829	  98.14756	 97.977473	 97.807604	 97.637989	 97.468665	 97.299666	 97.131029	 96.962788	 96.794979	 96.627635	 96.460793	 96.294485	 96.128746	 95.963608	 95.799105	  95.63527	 95.472135	 95.309731	  95.14809	 94.987242	 94.827219	 94.668049	 94.509763	 94.352388	 94.195954	 94.040487	 93.886015	 93.732565	 93.580162	 93.428832	 93.278598	 93.129486	 92.981517	 92.834716	 92.689104	 92.544702	 92.401531	 92.259611	  92.11896	 91.979598	 91.841542	 91.704809	 91.569415	 91.435376	 91.302707	 91.171422	 91.041535	 90.913057	 90.786001	 90.660378	 90.536198	 90.413471	 90.292207	 90.172412	 90.054096	 89.937263	 89.821922	 89.708076	 89.595731	  89.48489	 89.375557	 89.267735	 89.161425	 89.056628	 88.953345	 88.851576	 88.751321	 88.652577	 88.555343	 88.459617	 88.365394	 88.272672	 88.181446	 88.091711	 88.003462	 87.916692	 87.831395	 87.747564	 87.665192	  87.58427	  87.50479	 87.426744	  87.35012	 87.274911	 87.201105	 87.128692	  87.05766	 86.987999	 86.919697	 86.852741	 86.787119	 86.722818	 86.659826	 86.598128	 86.537712	 86.478563	 86.420668	 86.364011	 86.308579	 86.254356	 86.201328	  86.14948	 86.098796	 86.049261	 86.000859	 85.953575	 85.907392	 85.862296	  85.81827	 85.775298	 85.733363	 85.692451	 85.652545	 85.613628	 85.575684	 85.538698	 85.502653	 85.467533	 85.433322	 85.400004	 85.367562	 85.335981	 85.305246	 85.275339	 85.246247	 85.217952	  85.19044	 85.163694	 85.137701	 85.112444	  85.08791	 85.064082	 85.040946	 85.018488	 84.996693	 84.975547	 84.955036	 84.935147	 84.915865	 84.897177	 84.879069	  84.86153	 84.844545	 84.828102	 84.812188	 84.796792	 84.781901	 84.767503	 84.753587	 84.740141	 84.727155	 84.714616	 84.702515	 84.690841	 84.679584	 84.668734	  84.65828	 84.648214	 84.638526	 84.629208	 84.620249	 84.611642	 84.603378	  84.59545	 84.587849	 84.580568	 84.573599	 84.566935	  84.56057	 84.554497	  84.54871	 84.543202	 84.537967	    84.533	 84.528296	 84.523849	 84.519655	 84.515708	 84.512005	 84.508541	 84.505312	 84.502316	 84.499547	 84.497004	 84.494683	 84.492581	 84.490697	 84.489027	 84.487571	 84.486325	  84.48529	 84.484463	 84.483843	 84.483431	 84.483225	
        99	 98.818913	 98.637865	 98.456894	 98.276039	  98.09534	 97.914833	 97.734558	 97.554553	 97.374856	 97.195504	 97.016536	 96.837989	 96.659899	 96.482305	 96.305241	 96.128746	 95.952853	 95.777599	 95.603019	 95.429147	 95.256018	 95.083666	 94.912122	 94.741421	 94.571595	 94.402675	 94.234691	 94.067676	 93.901659	 93.736668	 93.572734	 93.409883	 93.248144	 93.087543	 92.928106	 92.769859	 92.612826	 92.457032	   92.3025	 92.149252	  91.99731	 91.846696	 91.697429	 91.549529	 91.403016	 91.257906	 91.114219	 90.971969	 90.831173	 90.691845	 90.554001	 90.417652	 90.282813	 90.149494	 90.017707	 89.887462	 89.758769	 89.631636	 89.506071	 89.382082	 89.259674	 89.138854	 89.019627	 88.901996	 88.785966	 88.671538	 88.558715	 88.447498	 88.337889	 88.229885	 88.123488	 88.018695	 87.915505	 87.813914	  87.71392	 87.615518	 87.518703	 87.423471	 87.329815	  87.23773	 87.147208	 87.058242	 86.970824	 86.884945	 86.800596	 86.717768	 86.636451	 86.556634	 86.478306	 86.401457	 86.326074	 86.252146	 86.179659	 86.108602	  86.03896	  85.97072	 85.903869	 85.838392	 85.774275	 85.711502	  85.65006	 85.589933	 85.531105	  85.47356	 85.417284	 85.362259	  85.30847	 85.255901	 85.204534	 85.154353	 85.105341	 85.057482	 85.010759	 84.965155	 84.920652	 84.877233	 84.834882	 84.793581	 84.753313	 84.714061	 84.675808	 84.638536	 84.602229	  84.56687	 84.532441	 84.498926	 84.466308	 84.434569	 84.403694	 84.373666	 84.344468	 84.316085	 84.288499	 84.261695	 84.235657	  84.21037	 84.185817	 84.161983	 84.138853	 84.116412	 84.094644	 84.073536	 84.053073	  84.03324	 84.014024	 83.995409	 83.977384	 83.959934	 83.943045	 83.926706	 83.910902	 83.895623	 83.880854	 83.866585	 83.852803	 83.839496	 83.826654	 83.814265	 83.802318	 83.790803	 83.779709	 83.769026	 83.758745	 83.748855	 83.739348	 83.730214	 83.721444	  83.71303	 83.704963	 83.697236	  83.68984	 83.682768	 83.676013	 83.669568	 83.663426	 83.657581	 83.652025	 83.646754	 83.641762	 83.637043	 83.632591	 83.628403	 83.624473	 83.620797	  83.61737	  83.61419	 83.611252	 83.608553	  83.60609	 83.603859	 83.601859	 83.600088	 83.598542	  83.59722	 83.596121	 83.595243	 83.594586	 83.594148	 83.593929	
