Time step 83:
        99	        99	        99	        99	        99	        99	        99	        99	        99	        99	        99	        99	        99	        99	        99	        99	        99	        99	        99	        99	        99	        99	        99	        99	        99	        99	        99	        99	        99	        99	        99	        99	        99	        99	        99	        99	        99	        99	        99	        99	        99	        99	        99	        99	        99	        99	        99	        99	        99	        99	        99	        99	        99	        99	        99	        99	        99	        99	        99	        99	        99	        99	        99	        99	        99	        99	        99	        99	        99	        99	        99	        99	        99	        99	        99	        99	        99	        99	        99	        99	        99	        99	        99	        99	        99	        99	        99	        99	        99	        99	        99	        99	        99	        99	        99	        99	        99	        99	        99	        99	        99	        99	        99	        99	        99	        99	        99	        99	        99	        99	        99	        99	        99	        99	        99	        99	        99	        99	        99	        99	        99	        99	        99	        99	        99	        99	        99	        99	        99	        99	        99	        99	        99	        99	        99	        99	        99	        99	        99	        99	        99	        99	        99	        99	        99	        99	        99	        99	        99	        99	        99	        99	        99	        99	        99	        99	        99	        99	        99	        99	        99	        99	        99	        99	        99	        99	        99	        99	        99	        99	        99	        99	        99	        99	        99	        99	        99	        99	        99	        99	        99	        99	        99	        99	        99	        99	        99	        99	        99	        99	        99	        99	        99	        99	        99	        99	        99	        99	        99	        99	
        99	  98.99235	 98.984701	 98.977055	 98.969412	 98.961774	 98.954141	 98.946516	 98.938898	  98.93129	 98.923693	 98.916106	 98.908533	 98.900973	 98.893429	   98.8859	 98.878388	 98.870895	 98.863421	 98.855968	 98.848536	 98.841127	 98.833741	  98.82638	 98.819045	 98.811736	 98.804455	 98.797203	 98.789981	 98.782789	 98.775629	 98.768502	 98.761408	 98.754349	 98.747325	 98.740338	 98.733387	 98.726474	 98.719601	 98.712767	 98.705973	  98.69922	  98.69251	 98.685842	 98.679218	 98.672638	 98.666103	 98.659614	 98.653171	 98.646775	 98.640426	 98.634125	 98.627874	 98.621671	 98.615518	 98.609416	 98.603365	 98.597365	 98.591417	 98.585521	 98.579678	 98.573888	 98.568152	 98.562469	 98.556841	 98.551268	 98.545749	 98.540286	 98.534878	 98.529526	  98.52423	  98.51899	 98.513807	  98.50868	  98.50361	 98.498597	 98.493641	 98.488742	   98.4839	 98.479115	 98.474388	 98.469718	 98.465106	 98.460551	 98.456053	 98.451613	  98.44723	 98.442904	 98.438636	 98.434424	  98.43027	 98.426172	 98.422131	 98.418146	 98.414218	 98.410346	  98.40653	  98.40277	 98.399065	 98.395415	 98.391821	 98.388281	 98.384796	 98.381365	 98.377988	 98.374664	 98.371394	 98.368177	 98.365012	   98.3619	  98.35884	 98.355831	 98.352874	 98.349967	 98.347111	 98.344305	 98.341548	 98.338841	 98.336183	 98.333573	 98.331011	 98.328496	 98.326029	 98.323609	 98.321234	 98.318906	 98.316623	 98.314385	 98.312191	 98.310042	 98.307935	 98.305873	 98.303852	 98.301874	 98.299938	 98.298043	 98.296188	 98.294374	   98.2926	 98.290866	  98.28917	 98.287513	 98.285894	 98.284313	 98.282768	 98.281261	  98.27979	 98.278354	 98.276954	 98.275589	 98.274259	 98.272963	   98.2717	 98.270471	 98.269274	  98.26811	 98.266978	 98.265878	 98.264809	 98.263771	 98.262764	 98.261786	 98.260839	 98.259921	 98.259032	 98.258172	  98.25734	 98.256537	 98.255761	 98.255013	 98.254292	 98.253598	  98.25293	 98.252289	 98.251674	 98.251085	 98.250521	 98.249982	 98.249469	 98.248981	 98.248517	 98.248077	 98.247662	 98.247271	 98.246904	 98.246561	 98.246241	 98.245945	 98.245672	 98.245422	 98.245196	 98.244992	 98.244811	 98.244653	 98.244517	 98.244405	 98.244315	 98.244247	 98.244202	  98.24418	
        99	 98.984701	 98.969405	 98.954113	 98.938829	 98.923553	 98.908289	  98.89304	 98.877806	 98.862591	 98.847397	 98.832225	  98.81708	 98.801962	 98.786873	 98.771817	 98.756795	  98.74181	 98.726863	 98.711958	 98.697095	 98.682277	 98.667507	 98.652786	 98.638117	 98.623501	  98.60894	 98.594437	 98.579994	 98.565612	 98.551293	  98.53704	 98.522853	 98.508736	 98.494689	 98.480715	 98.466814	  98.45299	 98.439244	 98.425577	  98.41199	 98.398487	 98.385067	 98.371733	 98.358485	 98.345326	 98.332257	  98.31928	 98.306394	 98.293603	 98.280906	 98.268306	 98.255804	   98.2434	 98.231095	 98.218892	  98.20679	 98.194791	 98.182896	 98.171105	  98.15942	 98.147841	 98.136369	 98.125005	  98.11375	 98.102604	 98.091568	 98.080642	 98.069827	 98.059124	 98.048532	 98.038053	 98.027687	 98.017435	 98.007295	  97.99727	 97.987358	 97.977561	 97.967878	  97.95831	 97.948856	 97.939517	 97.930293	 97.921184	 97.912189	  97.90331	 97.894544	 97.885894	 97.877357	 97.868935	 97.860626	 97.852431	  97.84435	 97.836381	 97.828525	 97.820782	  97.81315	  97.80563	 97.798221	 97.790923	 97.783734	 97.776655	 97.769685	 97.762824	  97.75607	 97.749424	 97.742884	  97.73645	 97.730122	 97.723898	 97.717778	 97.711761	 97.705846	 97.700033	 97.694321	 97.688709	 97.683197	 97.677783	 97.672466	 97.667247	 97.662123	 97.657095	 97.652161	  97.64732	 97.642572	 97.637916	  97.63335	 97.628874	 97.624487	 97.620188	 97.615976	 97.611851	  97.60781	 97.603855	 97.599982	 97.596192	 97.592484	 97.588856	 97.585309	  97.58184	 97.578449	 97.575135	 97.571897	 97.568734	 97.565646	 97.562631	 97.559689	 97.556818	 97.554019	 97.551289	 97.548628	 97.546036	 97.543511	 97.541052	 97.538659	 97.536332	 97.534068	 97.531868	  97.52973	 97.527654	  97.52564	 97.523685	  97.52179	 97.519955	 97.518177	 97.516457	 97.514794	 97.513187	 97.511635	 97.510139	 97.508697	 97.507309	 97.505974	 97.504692	 97.503462	 97.502283	 97.501156	 97.500079	 97.499052	 97.498075	 97.497148	 97.496269	 97.495439	 97.494657	 97.493923	 97.493237	 97.492597	 97.492005	 97.491459	 97.490959	 97.490506	 97.490098	 97.489737	 97.489421	  97.48915	 97.488924	 97.488744	 97.488609	 97.488519	 97.488474	
        99	 98.977055	 98.954113	 98.931179	 98.908255	 98.885344	 98.862452	  98.83958	 98.816732	 98.793912	 98.771124	  98.74837	 98.725654	  98.70298	  98.68035	 98.657769	 98.635239	 98.612764	 98.590347	 98.567991	   98.5457	 98.523477	 98.501324	 98.479245	 98.457244	 98.435323	 98.413485	 98.391733	 98.370071	   98.3485	 98.327025	 98.305647	  98.28437	 98.263197	 98.242129	 98.221171	 98.200323	  98.17959	 98.158973	 98.138474	 98.118097	 98.097844	 98.077717	 98.057718	  98.03785	 98.018114	 97.998513	 97.979049	 97.959723	 97.940538	 97.921496	 97.902599	 97.883847	 97.865243	 97.846789	 97.828486	 97.810336	  97.79234	 97.774499	 97.756815	  97.73929	 97.721923	 97.704718	 97.687674	 97.670793	 97.654076	 97.637524	 97.621137	 97.604917	 97.588864	 97.572979	 97.557263	 97.541716	 97.526339	 97.511132	 97.496095	  97.48123	 97.466536	 97.452013	 97.437663	 97.423484	 97.409478	 97.395643	 97.381981	 97.368491	 97.355173	 97.342027	 97.329052	 97.316249	 97.303617	 97.291156	 97.278865	 97.266745	 97.254793	 97.243011	 97.231397	 97.219951	 97.208672	  97.19756	 97.186614	 97.175832	 97.165215	 97.154762	 97.144471	 97.134342	 97.124374	 97.114565	 97.104916	 97.095424	 97.086089	  97.07691	 97.067886	 97.059015	 97.050297	  97.04173	 97.033313	 97.025046	 97.016926	 97.008952	 97.001124	  96.99344	 96.985898	 96.978498	 96.971238	 96.964116	 96.957132	 96.950285	 96.943572	 96.936992	 96.930545	 96.924228	  96.91804	  96.91198	 96.906047	 96.900239	 96.894555	 96.888994	 96.883553	 96.878232	 96.873029	 96.867943	 96.862973	 96.858117	 96.853374	 96.848742	  96.84422	 96.839807	 96.835502	 96.831303	 96.827209	 96.823218	  96.81933	 96.815543	 96.811856	 96.808267	 96.804776	 96.801381	 96.798081	 96.794875	 96.791761	  96.78874	 96.785809	 96.782967	 96.780213	 96.777547	 96.774968	 96.772473	 96.770063	 96.767736	 96.765492	 96.763329	 96.761247	 96.759245	 96.757322	 96.755477	 96.753709	 96.752018	 96.750404	 96.748864	 96.747399	 96.746008	  96.74469	 96.743445	 96.742272	 96.741171	 96.740142	 96.739183	 96.738294	 96.737475	 96.736726	 96.736046	 96.735435	 96.734892	 96.734418	 96.734012	 96.733674	 96.733404	 96.733201	 96.733066	 96.732999	
        99	 98.969412	 98.938829	 98.908255	 98.877694	 98.847153	 98.816635	 98.786144	 98.755686	 98.725265	 98.694886	 98.664553	 98.634271	 98.604044	 98.573876	 98.543773	 98.513738	 98.483777	 98.453893	  98.42409	 98.394374	 98.364748	 98.335217	 98.305784	 98.276454	 98.247231	 98.218119	 98.189122	 98.160243	 98.131488	 98.102859	 98.074361	 98.045997	  98.01777	 97.989685	 97.961745	 97.933953	 97.906314	 97.878829	 97.851503	 97.824339	 97.797339	 97.770508	 97.743847	 97.717361	 97.691051	 97.664921	 97.638973	  97.61321	 97.587635	  97.56225	 97.537058	  97.51206	  97.48726	 97.462658	 97.438259	 97.414062	 97.390072	 97.366288	 97.342714	 97.319351	   97.2962	 97.273264	 97.250543	 97.228039	 97.205754	 97.183688	 97.161843	  97.14022	  97.11882	 97.097644	 97.076692	 97.055966	 97.035467	 97.015194	 96.995149	 96.975332	 96.955744	 96.936384	 96.917253	 96.898352	  96.87968	 96.861237	 96.843024	 96.825041	 96.807287	 96.789761	 96.772465	 96.755397	 96.738558	 96.721946	 96.705561	 96.689403	 96.673471	 96.657764	 96.642281	 96.627023	 96.611987	 96.597173	 96.582581	 96.568208	 96.554055	 96.540119	   96.5264	 96.512897	 96.499609	 96.486533	 96.473669	 96.461016	 96.448572	 96.436335	 96.424305	  96.41248	 96.400857	 96.389437	 96.378217	 96.367195	  96.35637	 96.345741	 96.335305	 96.325061	 96.315007	 96.305142	 96.295464	  96.28597	  96.27666	 96.267531	 96.258582	 96.249811	 96.241216	 96.232795	 96.224546	 96.216468	 96.208559	 96.200816	 96.193239	 96.185824	 96.178571	 96.171478	 96.164542	 96.157762	 96.151136	 96.144663	 96.138339	 96.132165	 96.126137	 96.120254	 96.114515	 96.108917	 96.103459	 96.098139	 96.092956	 96.087907	 96.082992	 96.078208	 96.073554	 96.069028	 96.064629	 96.060355	 96.056204	 96.052176	 96.048269	  96.04448	  96.04081	 96.037256	 96.033817	 96.030491	 96.027278	 96.024176	 96.021185	 96.018302	 96.015526	 96.012857	 96.010293	 96.007834	 96.005477	 96.003223	  96.00107	 95.999018	 95.997065	  95.99521	 95.993454	 95.991794	 95.990231	 95.988763	  95.98739	 95.986112	 95.984927	 95.983836	 95.982837	  95.98193	 95.981115	 95.980392	  95.97976	 95.979219	 95.978768	 95.978408	 95.978138	 95.977958	 95.977868	
        99	 98.961774	 98.923553	 98.885344	 98.847153	 98.808985	 98.770846	 98.732741	 98.694678	  98.65666	 98.618695	 98.580787	 98.542943	 98.505167	 98.467467	 98.429846	 98.392312	 98.354868	 98.317522	 98.280277	  98.24314	 98.206116	  98.16921	 98.132428	 98.095774	 98.059253	 98.022871	 97.986633	 97.950544	 97.914608	  97.87883	 97.843215	 97.807768	 97.772493	 97.737394	 97.702477	 97.667746	 97.633204	 97.598856	 97.564706	 97.530759	 97.497017	 97.463485	 97.430167	 97.397067	 97.364187	 97.331532	 97.299105	 97.266909	 97.234947	 97.203223	 97.171739	 97.140499	 97.109506	 97.078761	 97.048269	  97.01803	 96.988049	 96.958326	 96.928865	 96.899668	 96.870736	 96.842072	 96.813678	 96.785554	 96.757704	 96.730128	 96.702828	 96.675805	 96.649061	 96.622597	 96.596414	 96.570512	 96.544894	 96.519559	 96.494508	 96.469743	 96.445263	 96.421068	  96.39716	 96.373539	 96.350204	 96.327157	 96.304396	 96.281921	 96.259734	 96.237832	 96.216217	 96.194887	 96.173842	 96.153082	 96.132606	 96.112412	 96.092502	 96.072873	 96.053524	 96.034455	 96.015665	 95.997152	 95.978915	 95.960954	 95.943266	  95.92585	 95.908706	 95.891831	 95.875224	 95.858883	 95.842807	 95.826994	 95.811442	  95.79615	 95.781116	 95.766337	 95.751813	 95.737541	 95.723518	 95.709744	 95.696217	 95.682933	 95.669891	 95.657089	 95.644525	 95.632196	 95.620101	 95.608237	 95.596602	 95.585193	 95.574009	 95.563048	 95.552306	 95.541782	 95.531474	 95.521379	 95.511494	 95.501818	 95.492349	 95.483083	 95.474019	 95.465154	 95.456486	 95.448013	 95.439733	 95.431642	  95.42374	 95.416024	 95.408491	 95.401139	 95.393966	 95.386971	  95.38015	 95.373502	 95.367024	 95.360715	 95.354572	 95.348593	 95.342777	 95.337121	 95.331623	 95.326282	 95.321095	 95.316061	 95.311178	 95.306443	 95.301856	 95.297414	 95.293116	 95.288961	 95.284946	 95.281069	  95.27733	 95.273727	 95.270259	 95.266923	 95.263719	 95.260645	   95.2577	 95.254883	 95.252193	 95.249628	 95.247187	  95.24487	 95.242674	   95.2406	 95.238647	 95.236812	 95.235097	 95.233499	 95.232019	 95.230655	 95.229406	 95.228273	 95.227255	 95.226351	 95.225561	 95.224885	 95.224322	 95.223872	 95.223534	 95.223309	 95.223197	
        99	 98.954141	 98.908289	 98.862452	 98.816635	 98.770846	 98.725091	 98.679379	 98.633715	 98.588107	 98.542561	 98.497085	 98.451684	 98.406366	 98.361138	 98.316006	 98.270977	 98.226058	 98.181254	 98.136574	 98.092022	 98.047605	  98.00333	 97.959204	 97.915231	 97.871419	 97.827773	 97.784299	 97.741004	 97.697892	 97.654971	 97.612245	  97.56972	 97.527402	 97.485296	 97.443407	  97.40174	 97.360302	 97.319096	 97.278128	 97.237402	 97.196923	 97.156696	 97.116726	 97.077016	 97.037572	 96.998396	 96.959495	  96.92087	 96.882527	 96.844468	 96.806699	 96.769221	 96.732039	 96.695156	 96.658575	 96.622299	 96.586332	 96.550675	 96.515331	 96.480304	 96.445596	 96.411209	 96.377144	 96.343406	 96.309995	 96.276913	 96.244162	 96.211744	  96.17966	 96.147912	   96.1165	 96.085427	 96.054694	   96.0243	 95.994248	 95.964538	  95.93517	 95.906145	 95.877463	 95.849125	 95.821132	 95.793482	 95.766176	 95.739215	 95.712597	 95.686322	 95.660391	 95.634803	 95.609556	 95.584651	 95.560086	 95.535861	 95.511975	 95.488426	 95.465214	 95.442338	 95.419796	 95.397587	 95.375709	 95.354161	 95.332942	 95.312049	 95.291481	 95.271237	 95.251314	  95.23171	 95.212424	 95.193454	 95.174797	 95.156452	 95.138416	 95.120686	 95.103262	  95.08614	 95.069318	 95.052794	 95.036565	 95.020629	 95.004983	 94.989625	 94.974552	 94.959762	 94.945251	 94.931018	  94.91706	 94.903374	 94.889957	 94.876807	 94.863921	 94.851296	 94.838929	 94.826818	  94.81496	 94.803352	 94.791992	 94.780876	 94.770002	 94.759367	 94.748969	 94.738804	  94.72887	 94.719165	 94.709685	 94.700427	  94.69139	 94.682571	 94.673966	 94.665574	 94.657391	 94.649415	 94.641644	 94.634075	 94.626706	 94.619533	 94.612556	  94.60577	 94.599175	 94.592767	 94.586545	 94.580505	 94.574647	 94.568967	 94.563464	 94.558136	  94.55298	 94.547994	 94.543177	 94.538527	 94.534042	 94.529719	 94.525558	 94.521556	 94.517713	 94.514025	 94.510492	 94.507113	 94.503885	 94.500808	  94.49788	   94.4951	 94.492466	 94.489978	 94.487634	 94.485434	 94.483376	 94.481459	 94.479683	 94.478046	 94.476549	  94.47519	 94.473968	 94.472884	 94.471936	 94.471125	 94.470449	 94.469909	 94.469504	 94.469234	 94.469099	
        99	 98.946516	  98.89304	  98.83958	 98.786144	 98.732741	 98.679379	 98.626065	 98.572809	 98.519616	 98.466497	 98.413459	 98.360509	 98.307656	 98.254907	  98.20227	 98.149754	 98.097365	 98.045111	 97.993001	 97.941041	 97.889239	 97.837602	 97.786137	 97.734853	 97.683755	 97.632852	 97.582149	 97.531655	 97.481375	 97.431316	 97.381486	  97.33189	 97.282535	 97.233427	 97.184573	 97.135978	 97.087649	 97.039591	  96.99181	 96.944313	 96.897103	 96.850187	  96.80357	 96.757258	 96.711254	 96.665565	 96.620194	 96.575147	 96.530428	 96.486041	 96.441991	 96.398282	 96.354917	 96.311901	 96.269237	  96.22693	 96.184981	 96.143395	 96.102175	 96.061323	 96.020843	 95.980738	  95.94101	 95.901661	 95.862694	 95.824111	 95.785914	 95.748106	 95.710687	 95.673659	 95.637025	 95.600785	 95.564941	 95.529494	 95.494444	 95.459794	 95.425542	 95.391691	  95.35824	  95.32519	 95.292542	 95.260294	 95.228448	 95.197003	  95.16596	 95.135316	 95.105073	 95.075229	 95.045785	 95.016738	 94.988089	 94.959835	 94.931977	 94.904513	 94.877442	 94.850761	 94.824471	 94.798569	 94.773053	 94.747922	 94.723174	 94.698807	  94.67482	 94.651209	 94.627973	  94.60511	 94.582617	 94.560492	 94.538733	 94.517337	 94.496302	 94.475625	 94.455303	 94.435334	 94.415715	 94.396443	 94.377515	 94.358929	 94.340682	  94.32277	 94.305191	 94.287941	 94.271018	 94.254418	 94.238139	 94.222177	 94.206529	 94.191193	 94.176164	 94.161439	 94.147016	 94.132891	 94.119061	 94.105523	 94.092274	  94.07931	 94.066627	 94.054224	 94.042097	 94.030242	 94.018656	 94.007337	  93.99628	 93.985484	 93.974944	 93.964658	 93.954623	 93.944835	 93.935291	 93.925989	 93.916926	 93.908098	 93.899504	 93.891139	 93.883001	 93.875087	 93.867395	 93.859922	 93.852665	 93.845621	 93.838789	 93.832164	 93.825746	 93.819532	 93.813518	 93.807704	 93.802086	 93.796663	 93.791431	  93.78639	 93.781537	  93.77687	 93.772387	 93.768086	 93.763966	 93.760025	  93.75626	 93.752672	 93.749257	 93.746014	 93.742943	 93.740041	 93.737307	 93.734741	  93.73234	 93.730105	 93.728033	 93.726125	 93.724378	 93.722793	 93.721369	 93.720104	 93.718999	 93.718052	 93.717264	 93.716634	 93.716162	 93.715848	  93.71569	
        99	 98.938898	 98.877806	 98.816732	 98.755686	 98.694678	 98.633715	 98.572809	 98.511967	 98.451199	 98.390514	 98.329922	 98.269431	  98.20905	 98.148788	 98.088655	 98.028659	 97.968809	 97.909113	 97.849581	 97.790221	 97.731041	 97.672049	 97.613255	 97.554667	 97.496292	 97.438138	 97.380215	 97.322528	 97.265087	   97.2079	 97.150972	 97.094312	 97.037928	 96.981826	 96.926014	 96.870498	 96.815286	 96.760384	 96.705798	 96.651536	 96.597602	 96.544005	 96.490748	  96.43784	 96.385284	 96.333088	 96.281255	 96.229792	 96.178704	 96.127996	 96.077672	 96.027738	 95.978197	 95.929054	 95.880314	 95.831981	 95.784058	 95.736549	 95.689458	 95.642788	 95.596543	 95.550726	 95.505339	 95.460386	 95.415869	 95.371791	 95.328155	 95.284961	 95.242213	 95.199912	  95.15806	 95.116659	  95.07571	 95.035214	 94.995173	 94.955587	 94.916457	 94.877785	  94.83957	 94.801813	 94.764515	 94.727674	 94.691293	 94.655369	 94.619904	 94.584896	 94.550346	 94.516252	 94.482613	  94.44943	   94.4167	 94.384423	 94.352597	 94.321222	 94.290295	 94.259815	  94.22978	 94.200188	 94.171039	 94.142329	 94.114056	 94.086219	 94.058815	 94.031841	 94.005296	 93.979176	  93.95348	 93.928204	 93.903346	 93.878903	 93.854872	  93.83125	 93.808034	 93.785221	 93.762807	 93.740791	 93.719167	 93.697934	 93.677088	 93.656625	 93.636542	 93.616836	 93.597502	 93.578539	 93.559941	 93.541706	 93.523829	 93.506308	 93.489138	 93.472317	  93.45584	 93.439703	 93.423904	 93.408437	 93.393301	  93.37849	 93.364002	 93.349832	 93.335978	 93.322434	 93.309199	 93.296267	 93.283636	 93.271302	 93.259261	  93.24751	 93.236045	 93.224863	  93.21396	 93.203334	  93.19298	 93.182895	 93.173076	 93.163519	 93.154222	 93.145182	 93.136394	 93.127857	 93.119566	 93.111519	 93.103714	 93.096146	 93.088814	 93.081714	 93.074844	 93.068202	 93.061784	 93.055588	 93.049611	 93.043852	 93.038308	 93.032976	 93.027855	 93.022942	 93.018235	 93.013732	 93.009432	 93.005332	  93.00143	 92.997726	 92.994217	 92.990902	 92.987779	 92.984847	 92.982105	 92.979551	 92.977184	 92.975004	 92.973009	 92.971198	  92.96957	 92.968126	 92.966863	 92.965782	 92.964882	 92.964162	 92.963622	 92.963263	 92.963083	
        99	  98.93129	 98.862591	 98.793912	 98.725265	  98.65666	 98.588107	 98.519616	 98.451199	 98.382864	 98.314623	 98.246486	 98.178463	 98.110564	 98.042799	 97.975178	 97.907712	 97.840409	 97.773281	 97.706336	 97.639584	 97.573035	 97.506699	 97.440584	   97.3747	 97.309056	 97.243662	 97.178526	 97.113657	 97.049063	 96.984755	 96.920739	 96.857024	 96.793619	 96.730532	  96.66777	 96.605342	 96.543255	 96.481516	 96.420134	 96.359115	 96.298466	 96.238194	 96.178307	  96.11881	 96.059711	 96.001015	 95.942729	 95.884858	 95.827408	 95.770386	 95.713796	 95.657644	 95.601935	 95.546673	 95.491864	 95.437512	 95.383622	 95.330197	 95.277243	 95.224762	 95.172759	 95.121237	 95.070199	 95.019648	 94.969589	 94.920022	 94.870952	  94.82238	 94.774309	 94.726741	 94.679678	 94.633122	 94.587074	 94.541536	 94.496508	 94.451994	 94.407992	 94.364504	 94.321531	 94.279073	  94.23713	 94.195702	 94.154791	 94.114394	 94.074513	 94.035146	 93.996294	 93.957954	 93.920128	 93.882812	 93.846007	 93.809711	 93.773922	  93.73864	 93.703862	 93.669587	 93.635812	 93.602536	 93.569757	 93.537472	 93.505679	 93.474375	 93.443559	 93.413227	 93.383376	 93.354005	 93.325109	 93.296686	 93.268732	 93.241246	 93.214222	 93.187659	 93.161552	 93.135898	 93.110694	 93.085936	  93.06162	 93.037743	 93.014301	  92.99129	 92.968707	 92.946547	 92.924806	 92.903481	 92.882568	 92.862062	 92.841959	 92.822257	 92.802949	 92.784033	 92.765504	 92.747358	 92.729591	 92.712199	 92.695178	 92.678523	 92.662231	 92.646297	 92.630717	 92.615488	 92.600604	 92.586062	 92.571858	 92.557988	 92.544448	 92.531234	 92.518342	 92.505767	 92.493507	 92.481557	 92.469914	 92.458573	 92.447532	 92.436785	 92.426331	 92.416164	 92.406283	 92.396682	 92.387359	  92.37831	 92.369533	 92.361023	 92.352778	 92.344794	 92.337069	 92.329599	 92.322382	 92.315415	 92.308694	 92.302218	 92.295983	 92.289987	 92.284228	 92.278703	  92.27341	 92.268347	 92.263511	 92.258901	 92.254514	 92.250348	 92.246402	 92.242674	 92.239162	 92.235865	 92.232782	  92.22991	 92.227249	 92.224797	 92.222553	 92.220517	 92.218687	 92.217062	 92.215642	 92.214426	 92.213414	 92.212605	 92.211998	 92.211594	 92.211392	
        99	 98.923693	 98.847397	 98.771124	 98.694886	 98.618695	 98.542561	 98.466497	 98.390514	 98.314623	 98.238837	 98.163165	  98.08762	 98.012213	 97.936955	 97.861857	  97.78693	 97.712185	 97.637634	 97.563286	 97.489154	 97.415246	 97.341574	 97.268149	 97.194979	 97.122077	 97.049452	 96.977113	 96.905071	 96.833335	 96.761915	 96.690821	 96.620061	 96.549645	 96.479581	  96.40988	 96.340548	 96.271596	  96.20303	  96.13486	 96.067094	 95.999739	 95.932803	 95.866293	 95.800218	 95.734583	 95.669397	 95.604665	 95.540395	 95.476593	 95.413266	 95.350418	 95.288057	 95.226187	 95.164815	 95.103945	 95.043584	 94.983734	 94.924402	 94.865592	 94.807308	 94.749555	 94.692335	 94.635654	 94.579514	 94.523918	 94.468871	 94.414375	 94.360432	 94.307046	 94.254218	 94.201951	 94.150246	 94.099106	 94.048533	 93.998527	 93.949089	 93.900222	 93.851925	   93.8042	 93.757047	 93.710467	 93.664458	 93.619023	 93.574159	 93.529868	 93.486149	    93.443	 93.400421	 93.358411	  93.31697	 93.276095	 93.235785	 93.196039	 93.156855	 93.118232	 93.080166	 93.042657	 93.005702	 92.969298	 92.933443	 92.898134	 92.863369	 92.829145	 92.795459	 92.762308	 92.729688	 92.697597	 92.666031	 92.634987	 92.604461	 92.574449	 92.544949	 92.515955	 92.487464	 92.459473	 92.431978	 92.404973	 92.378456	 92.352422	 92.326866	 92.301785	 92.277175	  92.25303	 92.229347	 92.206121	 92.183348	 92.161023	 92.139141	 92.117699	 92.096691	 92.076113	 92.055961	  92.03623	 92.016914	 91.998011	 91.979515	 91.961421	 91.943725	 91.926422	 91.909508	 91.892979	 91.876829	 91.861055	 91.845651	 91.830614	 91.815938	  91.80162	 91.787656	  91.77404	 91.760769	 91.747838	 91.735243	 91.722981	 91.711046	 91.699435	 91.688145	  91.67717	 91.666508	 91.656154	 91.646105	 91.636357	 91.626906	 91.617749	 91.608883	 91.600303	 91.592007	 91.583992	 91.576254	 91.568791	 91.561598	 91.554674	 91.548015	  91.54162	 91.535484	 91.529605	 91.523982	 91.518612	 91.513491	 91.508619	 91.503993	 91.499611	  91.49547	  91.49157	 91.487909	 91.484484	 91.481295	 91.478339	 91.475616	 91.473125	 91.470863	 91.468831	 91.467026	 91.465449	 91.464099	 91.462975	 91.462076	 91.461402	 91.460953	 91.460729	
        99	 98.916106	 98.832225	  98.74837	 98.664553	 98.580787	 98.497085	 98.413459	 98.329922	 98.246486	 98.163165	 98.079971	 97.996915	 97.914012	 97.831272	 97.748708	 97.666332	 97.584157	 97.502194	 97.420455	 97.338952	 97.257697	 97.176701	 97.095975	 97.015532	 96.935382	 96.855537	 96.776006	 96.696802	 96.617935	 96.539415	 96.461252	 96.383458	 96.306041	 96.229012	 96.152381	 96.076157	  96.00035	 95.924968	 95.850021	 95.775517	 95.701466	 95.627875	 95.554754	 95.482109	  95.40995	 95.338283	 95.267116	 95.196457	 95.126312	 95.056688	 94.987593	 94.919032	 94.851011	 94.783538	 94.716617	 94.650254	 94.584455	 94.519224	 94.454568	 94.390489	 94.326994	 94.264086	 94.201769	 94.140048	 94.078926	 94.018406	 93.958492	 93.899187	 93.840493	 93.782413	 93.724949	 93.668105	 93.611881	 93.556279	 93.501302	  93.44695	 93.393224	 93.340126	 93.287657	 93.235816	 93.184604	 93.134022	  93.08407	 93.034746	 92.986052	 92.937985	 92.890547	 92.843735	 92.797549	 92.751988	 92.707049	 92.662732	 92.619035	 92.575956	 92.533492	 92.491642	 92.450404	 92.409775	 92.369752	 92.330332	 92.291513	 92.253292	 92.215666	 92.178631	 92.142184	 92.106321	  92.07104	 92.036336	 92.002205	 91.968644	 91.935649	 91.903215	 91.871339	 91.840017	 91.809243	 91.779013	 91.749324	 91.720171	 91.691548	 91.663452	 91.635878	 91.608821	 91.582276	 91.556238	 91.530703	 91.505666	 91.481121	 91.457065	 91.433491	 91.410394	 91.387771	 91.365615	 91.343922	 91.322687	 91.301904	 91.281569	 91.261676	 91.242221	 91.223198	 91.204603	  91.18643	 91.168675	 91.151332	 91.134397	 91.117865	  91.10173	 91.085989	 91.070636	 91.055666	 91.041076	 91.026859	 91.013013	 90.999531	  90.98641	 90.973645	 90.961232	 90.949167	 90.937444	 90.926061	 90.915013	 90.904295	 90.893905	 90.883838	  90.87409	 90.864658	 90.855537	 90.846725	 90.838218	 90.830012	 90.822105	 90.814492	 90.807172	  90.80014	 90.793394	 90.786932	 90.780749	 90.774845	 90.769215	 90.763859	 90.758773	 90.753955	 90.749403	 90.745115	  90.74109	 90.737324	 90.733818	 90.730569	 90.727575	 90.724835	 90.722349	 90.720115	 90.718131	 90.716397	 90.714913	 90.713677	 90.712689	 90.711948	 90.711454	 90.711207	
        99	 98.908533	  98.81708	 98.725654	 98.634271	 98.542943	 98.451684	 98.360509	 98.269431	 98.178463	  98.08762	 97.996915	 97.906362	 97.815974	 97.725765	 97.635748	 97.545936	 97.456342	  97.36698	 97.277862	 97.189001	 97.100411	 97.012103	  96.92409	 96.836385	    96.749	 96.661946	 96.575236	 96.488882	 96.402895	 96.317286	 96.232068	  96.14725	 96.062845	 95.978862	 95.895313	 95.812208	 95.729557	  95.64737	 95.565657	 95.484428	 95.403692	 95.323458	 95.243735	 95.164533	 95.085859	 95.007722	 94.930131	 94.853093	 94.776616	 94.700707	 94.625374	 94.550623	 94.476463	 94.402898	 94.329936	 94.257582	 94.185843	 94.114724	  94.04423	 93.974367	  93.90514	 93.836553	 93.768611	 93.701318	 93.634678	 93.568694	 93.503372	 93.438712	  93.37472	 93.311397	 93.248746	  93.18677	  93.12547	 93.064849	 93.004909	  92.94565	 92.887075	 92.829183	 92.771977	 92.715456	 92.659621	 92.604473	 92.550011	 92.496235	 92.443144	 92.390739	 92.339018	 92.287981	 92.237625	  92.18795	 92.138955	 92.090637	 92.042995	 91.996027	  91.94973	 91.904103	 91.859141	 91.814844	 91.771208	  91.72823	 91.685907	 91.644235	 91.603212	 91.562834	 91.523097	 91.483997	  91.44553	 91.407693	 91.370482	 91.333891	 91.297917	 91.262556	 91.227802	 91.193652	   91.1601	 91.127141	 91.094772	 91.062987	  91.03178	 91.001148	 90.971085	 90.941585	 90.912644	 90.884255	 90.856415	 90.829118	 90.802357	 90.776129	 90.750427	 90.725245	 90.700579	 90.676424	 90.652772	  90.62962	 90.606961	  90.58479	 90.563101	  90.54189	  90.52115	 90.500876	 90.481063	 90.461704	 90.442796	 90.424332	 90.406308	 90.388717	 90.371554	 90.354815	 90.338494	 90.322587	 90.307087	  90.29199	 90.277291	 90.262986	 90.249069	 90.235535	  90.22238	   90.2096	 90.197189	 90.185143	 90.173458	  90.16213	 90.151154	 90.140526	 90.130242	 90.120299	 90.110691	 90.101416	 90.092469	 90.083848	 90.075548	 90.067567	   90.0599	 90.052546	   90.0455	 90.038759	 90.032322	 90.026184	 90.020344	 90.014799	 90.009546	 90.004583	 89.999908	 89.995519	 89.991414	 89.987591	 89.984049	 89.980785	 89.977798	 89.975087	 89.972651	 89.970488	 89.968598	 89.966979	 89.965632	 89.964554	 89.963747	 89.963209	  89.96294	
        99	 98.900973	 98.801962	  98.70298	 98.604044	 98.505167	 98.406366	 98.307656	  98.20905	 98.110564	 98.012213	 97.914012	 97.815974	 97.718116	 97.620451	 97.522994	 97.425759	  97.32876	 97.232012	 97.135529	 97.039324	 96.943412	 96.847805	 96.752519	 96.657565	 96.562957	 96.468708	 96.374832	 96.281341	 96.188247	 96.095563	 96.003301	 95.911474	 95.820092	 95.729169	 95.638714	 95.548741	 95.459259	 95.370279	 95.281813	  95.19387	 95.106461	 95.019596	 94.933284	 94.847536	  94.76236	 94.677765	 94.593761	 94.510356	 94.427558	 94.345375	 94.263816	 94.182888	 94.102597	 94.022953	  93.94396	 93.865627	 93.787958	 93.710961	 93.634641	 93.559004	 93.484056	   93.4098	 93.336242	 93.263388	  93.19124	 93.119803	 93.049081	 92.979078	 92.909797	  92.84124	 92.773411	 92.706313	 92.639947	 92.574316	 92.509421	 92.445265	 92.381848	 92.319172	 92.257238	 92.196046	 92.135596	  92.07589	 92.016927	 91.958706	 91.901228	 91.844491	 91.788496	  91.73324	 91.678722	 91.624942	 91.571898	 91.519586	 91.468007	 91.417157	 91.367033	 91.317635	 91.268958	 91.220999	 91.173757	 91.127226	 91.081405	  91.03629	 90.991876	 90.948161	 90.905139	 90.862808	 90.821162	 90.780198	 90.739911	 90.700296	 90.661349	 90.623065	 90.585439	 90.548466	 90.512141	 90.476458	 90.441414	 90.407002	 90.373216	 90.340052	 90.307504	 90.275566	 90.244233	 90.213498	 90.183357	 90.153804	 90.124831	 90.096435	 90.068609	 90.041346	 90.014642	 89.988489	 89.962883	 89.937817	 89.913286	 89.889282	 89.865801	 89.842837	 89.820382	 89.798433	 89.776982	 89.756024	 89.735553	 89.715563	 89.696049	 89.677004	 89.658423	   89.6403	 89.622631	 89.605408	 89.588627	 89.572283	 89.556369	 89.540882	 89.525814	 89.511162	  89.49692	 89.483083	 89.469647	 89.456605	 89.443955	  89.43169	 89.419807	 89.408301	 89.397167	 89.386401	    89.376	 89.365958	 89.356272	 89.346938	 89.337953	 89.329311	 89.321011	 89.313049	  89.30542	 89.298123	 89.291153	 89.284508	 89.278185	 89.272182	 89.266495	 89.261122	 89.256061	 89.251309	 89.246865	 89.242726	  89.23889	 89.235357	 89.232123	 89.229188	 89.226551	 89.224209	 89.222163	  89.22041	 89.218951	 89.217785	 89.216911	 89.216328	 89.216037	
        99	 98.893429	 98.786873	  98.68035	 98.573876	 98.467467	 98.361138	 98.254907	 98.148788	 98.042799	 97.936955	 97.831272	 97.725765	 97.620451	 97.515345	 97.410463	 97.305819	 97.201431	 97.097312	 96.993477	 96.889943	 96.786723	 96.683833	 96.581286	 96.479098	 96.377282	 96.275853	 96.174824	  96.07421	 95.974023	 95.874278	 95.774987	 95.676163	 95.577819	 95.479969	 95.382623	 95.285794	 95.189494	 95.093736	 94.998529	 94.903886	 94.809818	 94.716334	 94.623447	 94.531165	   94.4395	  94.34846	 94.258056	 94.168296	  94.07919	 93.990746	 93.902973	 93.815878	 93.729471	 93.643758	 93.558747	 93.474446	  93.39086	 93.307997	 93.225862	 93.144462	 93.063803	  92.98389	 92.904729	 92.826323	 92.748678	 92.671799	 92.595689	 92.520352	 92.445792	 92.372013	 92.299016	 92.226805	 92.155383	 92.084752	 92.014913	 91.945869	  91.87762	 91.810169	 91.743516	 91.677662	 91.612607	 91.548351	 91.484896	 91.422239	 91.360382	 91.299323	 91.239061	 91.179595	 91.120924	 91.063047	 91.005961	 90.949664	 90.894155	  90.83943	 90.785488	 90.732326	  90.67994	 90.628328	 90.577486	 90.527411	 90.478098	 90.429546	 90.381748	 90.334702	 90.288403	 90.242846	 90.198028	 90.153942	 90.110586	 90.067953	 90.026038	 89.984837	 89.944345	 89.904555	 89.865462	 89.827062	 89.789347	 89.752313	 89.715953	 89.680262	 89.645234	 89.610863	 89.577143	 89.544067	 89.511629	 89.479824	 89.448644	 89.418085	 89.388138	 89.358798	 89.330059	 89.301915	 89.274358	 89.247382	 89.220981	 89.195149	 89.169879	 89.145165	    89.121	 89.097378	 89.074293	 89.051738	 89.029707	 89.008194	 88.987193	 88.966697	 88.946701	 88.927198	 88.908182	 88.889647	 88.871588	 88.853998	 88.836872	 88.820204	 88.803989	  88.78822	 88.772893	 88.758002	 88.743542	 88.729507	 88.715893	 88.702694	 88.689905	 88.677522	  88.66554	 88.653954	  88.64276	 88.631953	  88.62153	 88.611485	 88.601814	 88.592515	 88.583582	 88.575013	 88.566803	  88.55895	 88.551449	 88.544298	 88.537494	 88.531033	 88.524912	  88.51913	 88.513683	  88.50857	 88.503787	 88.499332	 88.495205	 88.491402	 88.487922	 88.484763	 88.481925	 88.479405	 88.477203	 88.475317	 88.473747	 88.472491	  88.47155	 88.470923	  88.47061	
        99	   98.8859	 98.771817	 98.657769	 98.543773	 98.429846	 98.316006	  98.20227	 98.088655	 97.975178	 97.861857	 97.748708	 97.635748	 97.522994	 97.410463	 97.298171	 97.186135	 97.074372	 96.962898	 96.851728	  96.74088	 96.630368	 96.520209	 96.410418	 96.301011	 96.192002	 96.083408	 95.975242	  95.86752	 95.760255	 95.653464	 95.547158	 95.441353	 95.336062	 95.231299	 95.127076	 95.023407	 94.920304	 94.817781	 94.715848	 94.614519	 94.513805	 94.413718	 94.314269	 94.215468	 94.117327	 94.019856	 93.923065	 93.826964	 93.731563	 93.636871	 93.542897	  93.44965	 93.357139	 93.265371	 93.174354	 93.084097	 92.994607	 92.905889	 92.817953	 92.730802	 92.644445	 92.558887	 92.474133	 92.390188	 92.307059	 92.224748	 92.143262	 92.062603	 91.982776	 91.903784	  91.82563	 91.748318	 91.671851	  91.59623	 91.521457	 91.447535	 91.374465	 91.302249	 91.230887	 91.160381	  91.09073	 91.021936	 90.953997	 90.886914	 90.820687	 90.755314	 90.690795	 90.627129	 90.564313	 90.502347	 90.441228	 90.380954	 90.321523	 90.262933	  90.20518	 90.148262	 90.092176	 90.036918	 89.982484	 89.928871	 89.876075	 89.824093	 89.772919	 89.722549	 89.672979	 89.624204	 89.576219	  89.52902	   89.4826	 89.436955	  89.39208	 89.347968	 89.304615	 89.262014	  89.22016	 89.179046	 89.138668	 89.099017	 89.060089	 89.021877	 88.984374	 88.947575	 88.911472	  88.87606	 88.841331	 88.807279	 88.773896	 88.741178	 88.709116	 88.677703	 88.646934	 88.616801	 88.587297	 88.558416	  88.53015	 88.502493	 88.475438	 88.448978	 88.423106	 88.397815	 88.373099	 88.348951	 88.325364	 88.302331	 88.279846	 88.257903	 88.236493	 88.215613	 88.195253	 88.175409	 88.156074	 88.137242	 88.118906	 88.101061	   88.0837	 88.066817	 88.050407	 88.034464	 88.018983	 88.003956	  87.98938	 87.975249	 87.961557	 87.948299	  87.93547	 87.923066	 87.911081	 87.899511	 87.888351	 87.877596	 87.867243	 87.857286	 87.847723	 87.838548	 87.829758	  87.82135	  87.81332	 87.805663	 87.798378	 87.791461	 87.784908	 87.778717	 87.772886	 87.767411	  87.76229	 87.757521	 87.753102	  87.74903	 87.745304	 87.741923	 87.738884	 87.736186	 87.733828	 87.731809	 87.730128	 87.728784	 87.727776	 87.727105	 87.726769	
        99	 98.878388	 98.756795	 98.635239	 98.513738	 98.392312	 98.270977	 98.149754	 98.028659	 97.907712	  97.78693	 97.666332	 97.545936	 97.425759	 97.305819	 97.186135	 97.066724	 96.947603	  96.82879	 96.710302	 96.592156	 96.474369	 96.356958	 96.239939	 96.123329	 96.007145	 95.891401	 95.776114	 95.661301	 95.546975	 95.433153	 95.319849	 95.207079	 95.094856	 94.983196	 94.872112	 94.761618	 94.651728	 94.542455	 94.433812	 94.325812	 94.218468	 94.111792	 94.005795	  93.90049	 93.795888	    93.692	 93.588838	  93.48641	 93.384729	 93.283803	 93.183642	 93.084257	 92.985655	 92.887846	 92.790838	 92.694639	 92.599257	 92.504699	 92.410973	 92.318086	 92.226043	 92.134852	 92.044519	 91.955048	 91.866446	 91.778717	 91.691866	 91.605897	 91.520814	 91.436622	 91.353324	 91.270922	 91.189421	 91.108821	 91.029126	 90.950338	 90.872458	 90.795487	 90.719427	 90.644279	 90.570043	  90.49672	 90.424309	  90.35281	 90.282223	 90.212546	  90.14378	 90.075922	 90.008971	 89.942925	 89.877783	 89.813541	 89.750198	  89.68775	 89.626196	 89.565531	 89.505752	 89.446856	 89.388839	 89.331696	 89.275425	  89.22002	 89.165477	 89.111791	 89.058958	 89.006972	 88.955828	 88.905522	 88.856046	 88.807396	 88.759567	 88.712551	 88.666344	 88.620939	 88.576329	 88.532509	 88.489472	 88.447211	  88.40572	 88.364992	 88.325021	 88.285799	  88.24732	 88.209576	  88.17256	 88.136267	 88.100687	 88.065814	 88.031641	 87.998161	 87.965366	 87.933249	 87.901803	 87.871021	 87.840894	 87.811416	  87.78258	 87.754378	 87.726803	 87.699847	 87.673504	 87.647766	 87.622626	 87.598077	 87.574112	 87.550724	 87.527905	  87.50565	  87.48395	   87.4628	 87.442192	  87.42212	 87.402577	 87.383557	 87.365053	 87.347059	 87.329569	 87.312576	 87.296075	  87.28006	 87.264524	 87.249462	 87.234869	 87.220738	 87.207065	 87.193844	  87.18107	 87.168738	 87.156843	 87.145381	 87.134346	 87.123734	 87.113541	 87.103762	 87.094394	 87.085432	 87.076873	 87.068713	 87.060948	 87.053575	 87.046591	 87.039993	 87.033777	 87.027942	 87.022484	 87.017401	 87.012691	 87.008351	  87.00438	 87.000776	 86.997537	 86.994661	 86.992148	 86.989996	 86.988204	 86.986772	 86.985698	 86.984983	 86.984625	
        99	 98.870895	  98.74181	 98.612764	 98.483777	 98.354868	 98.226058	 98.097365	 97.968809	 97.840409	 97.712185	 97.584157	 97.456342	  97.32876	 97.201431	 97.074372	 96.947603	 96.821143	 96.695009	  96.56922	 96.443794	  96.31875	 96.194104	 96.069875	  95.94608	 95.822737	 95.699861	 95.577471	 95.455583	 95.334213	 95.213378	 95.093093	 94.973374	 94.854237	 94.735696	 94.617768	 94.500466	 94.383804	 94.267799	 94.152462	 94.037807	 93.923849	   93.8106	 93.698072	 93.586279	 93.475231	 93.364942	 93.255423	 93.146685	 93.038738	 92.931593	 92.825261	 92.719752	 92.615075	 92.511239	 92.408254	 92.306127	 92.204868	 92.104484	 92.004983	 91.906373	 91.808659	 91.711849	  91.61595	 91.520966	 91.426904	  91.33377	 91.241567	 91.150301	 91.059977	 90.970597	 90.882166	 90.794687	 90.708163	 90.622598	 90.537992	 90.454349	 90.371671	 90.289957	 90.209211	 90.129433	 90.050623	 89.972781	 89.895909	 89.820004	 89.745068	 89.671098	 89.598095	 89.526056	 89.454979	 89.384864	 89.315708	 89.247508	 89.180262	 89.113966	 89.048619	 88.984216	 88.920754	 88.858229	 88.796637	 88.735974	 88.676235	 88.617416	 88.559513	 88.502519	  88.44643	 88.391241	 88.336946	  88.28354	 88.231016	 88.179368	 88.128592	 88.078679	 88.029625	 87.981422	 87.934064	 87.887543	 87.841855	  87.79699	 87.752943	 87.709705	 87.667271	 87.625632	 87.584782	 87.544713	 87.505416	 87.466886	 87.429114	 87.392093	 87.355814	 87.320271	 87.285456	  87.25136	 87.217976	 87.185297	 87.153314	  87.12202	 87.091407	 87.061467	 87.032193	 87.003576	  86.97561	 86.948286	 86.921597	 86.895536	 86.870094	 86.845265	  86.82104	 86.797413	 86.774377	 86.751923	 86.730045	 86.708736	 86.687989	 86.667797	 86.648153	 86.629051	 86.610483	 86.592443	 86.574925	 86.557923	  86.54143	  86.52544	 86.509948	 86.494947	 86.480431	 86.466396	 86.452835	 86.439743	 86.427115	 86.414946	 86.403231	 86.391965	 86.381144	 86.370763	 86.360818	 86.351304	 86.342217	 86.333554	 86.325311	 86.317483	 86.310069	 86.303064	 86.296466	 86.290271	 86.284477	 86.279081	  86.27408	 86.269473	 86.265257	 86.261431	 86.257992	  86.25494	 86.252272	 86.249987	 86.248085	 86.246564	 86.245424	 86.244665	 86.244285	
