Time step 44:
        99	        99	        99	        99	        99	        99	        99	        99	        99	        99	        99	        99	        99	        99	        99	        99	        99	        99	        99	        99	        99	        99	        99	        99	        99	        99	        99	        99	        99	        99	        99	        99	        99	        99	        99	        99	        99	        99	        99	        99	        99	        99	        99	        99	        99	        99	        99	        99	        99	        99	        99	        99	        99	        99	        99	        99	        99	        99	        99	        99	        99	        99	        99	        99	        99	        99	        99	        99	        99	        99	        99	        99	        99	        99	        99	        99	        99	        99	        99	        99	        99	        99	        99	        99	        99	        99	        99	        99	        99	        99	        99	        99	        99	        99	        99	        99	        99	        99	        99	        99	        99	        99	        99	        99	        99	        99	        99	        99	        99	        99	        99	        99	        99	        99	        99	        99	        99	        99	        99	        99	        99	        99	        99	        99	        99	        99	        99	        99	        99	        99	        99	        99	        99	        99	        99	        99	        99	        99	        99	        99	        99	        99	        99	        99	        99	        99	        99	        99	        99	        99	        99	        99	        99	        99	        99	        99	        99	        99	        99	        99	        99	        99	        99	        99	        99	        99	        99	        99	        99	        99	        99	        99	        99	        99	        99	        99	        99	        99	        99	        99	        99	        99	        99	        99	        99	        99	        99	        99	        99	        99	        99	        99	        99	        99	        99	        99	        99	        99	        99	        99	
        99	  98.98557	 98.971144	 98.956726	 98.942321	 98.927933	 98.913564	 98.899221	 98.884907	 98.870625	  98.85638	 98.842176	 98.828017	 98.813906	 98.799848	 98.785846	 98.771904	 98.758027	 98.744216	 98.730477	 98.716813	 98.703227	 98.689722	 98.676303	 98.662972	 98.649732	 98.636587	 98.623539	 98.610592	 98.597749	 98.585013	 98.572385	 98.559869	 98.547468	 98.535184	 98.523019	 98.510975	 98.499055	 98.487261	 98.475595	 98.464059	 98.452654	 98.441383	 98.430247	 98.419248	 98.408386	 98.397664	 98.387082	 98.376642	 98.366345	 98.356192	 98.346183	  98.33632	 98.326603	 98.317032	 98.307609	 98.298333	 98.289205	 98.280225	 98.271394	  98.26271	 98.254175	 98.245788	 98.237549	 98.229457	 98.221513	 98.213715	 98.206064	 98.198559	 98.191198	 98.183982	 98.176909	 98.169979	 98.163191	 98.156543	 98.150035	 98.143665	 98.137433	 98.131337	 98.125376	 98.119549	 98.113854	  98.10829	 98.102855	 98.097548	 98.092367	 98.087311	 98.082379	 98.077568	 98.072877	 98.068304	 98.063848	 98.059507	 98.055279	 98.051162	 98.047155	 98.043255	 98.039461	 98.035772	 98.032185	 98.028698	  98.02531	 98.022019	 98.018822	 98.015719	 98.012707	 98.009785	 98.006949	   98.0042	 98.001535	 97.998951	 97.996448	 97.994024	 97.991676	 97.989403	 97.987203	 97.985074	 97.983016	 97.981025	   97.9791	  97.97724	 97.975443	 97.973708	 97.972032	 97.970414	 97.968853	 97.967347	 97.965895	 97.964494	 97.963144	 97.961843	  97.96059	 97.959383	 97.958221	 97.957102	 97.956026	 97.954991	 97.953995	 97.953038	 97.952118	 97.951234	 97.950385	  97.94957	 97.948788	 97.948037	 97.947317	 97.946626	 97.945963	 97.945329	  97.94472	 97.944138	  97.94358	 97.943046	 97.942535	 97.942047	 97.941579	 97.941133	 97.940706	 97.940298	 97.939909	 97.939538	 97.939184	 97.938846	 97.938524	 97.938217	 97.937925	 97.937647	 97.937383	 97.937132	 97.936893	 97.936667	 97.936452	 97.936248	 97.936055	 97.935873	 97.935701	 97.935538	 97.935384	  97.93524	 97.935104	 97.934976	 97.934857	 97.934745	 97.934641	 97.934545	 97.934455	 97.934372	 97.934296	 97.934227	 97.934163	 97.934106	 97.934056	 97.934011	 97.933971	 97.933938	 97.933911	 97.933888	 97.933872	 97.933861	 97.933856	
        99	 98.971144	 98.942296	 98.913465	 98.884659	 98.855886	 98.827154	 98.798471	 98.769846	 98.741287	 98.712801	 98.684397	 98.656082	 98.627865	 98.599753	 98.571753	 98.543874	 98.516123	 98.488506	 98.461032	 98.433707	 98.406539	 98.379534	 98.352698	  98.32604	 98.299564	 98.273277	 98.247186	 98.221297	 98.195614	 98.170144	 98.144893	 98.119865	 98.095066	 98.070501	 98.046174	  98.02209	 97.998254	 97.974669	 97.951341	 97.928272	 97.905466	 97.882927	 97.860658	 97.838662	 97.816942	   97.7955	  97.77434	 97.753464	 97.732872	 97.712569	 97.692554	 97.672831	 97.653399	 97.634261	 97.615417	 97.596868	 97.578615	 97.560657	 97.542997	 97.525632	 97.508564	 97.491793	 97.475317	 97.459136	 97.443249	 97.427657	 97.412356	 97.397347	 97.382628	 97.368198	 97.354054	 97.340196	 97.326621	 97.313328	 97.300314	 97.287577	 97.275114	 97.262924	 97.251004	 97.239351	 97.227962	 97.216835	 97.205967	 97.195355	 97.184995	 97.174885	 97.165021	 97.155401	  97.14602	 97.136876	 97.127965	 97.119284	 97.110828	 97.102596	 97.094582	 97.086785	 97.079198	 97.071821	 97.064647	 97.057675	   97.0509	 97.044318	 97.037926	 97.031721	 97.025698	 97.019853	 97.014184	 97.008686	 97.003356	  96.99819	 96.993184	 96.988336	 96.983641	 96.979095	 96.974696	  96.97044	 96.966323	 96.962342	 96.958493	 96.954774	 96.951181	  96.94771	 96.944359	 96.941124	 96.938002	 96.934991	 96.932086	 96.929285	 96.926585	 96.923984	 96.921478	 96.919064	  96.91674	 96.914504	 96.912352	 96.910281	 96.908291	 96.906377	 96.904537	  96.90277	 96.901072	 96.899442	 96.897877	 96.896376	 96.894935	 96.893554	 96.892229	  96.89096	 96.889744	 96.888579	 96.887463	 96.886395	 96.885374	 96.884397	 96.883462	 96.882569	 96.881716	 96.880901	 96.880123	  96.87938	 96.878672	 96.877996	 96.877352	 96.876739	 96.876155	   96.8756	 96.875071	 96.874569	 96.874092	 96.873639	 96.873209	 96.872802	 96.872416	 96.872051	 96.871706	 96.871381	 96.871074	 96.870785	 96.870513	 96.870258	  96.87002	 96.869796	 96.869588	 96.869395	 96.869216	  96.86905	 96.868898	 96.868759	 96.868633	 96.868519	 96.868417	 96.868327	 96.868249	 96.868182	 96.868127	 96.868083	  96.86805	 96.868028	 96.868017	
        99	 98.956726	 98.913465	 98.870229	  98.82703	  98.78388	 98.740793	 98.697779	 98.654852	 98.612023	 98.569305	 98.526709	 98.484247	 98.441931	 98.399773	 98.357784	 98.315975	 98.274358	 98.232943	 98.191741	 98.150764	 98.110021	 98.069523	  98.02928	 97.989301	 97.949597	 97.910177	 97.871049	 97.832224	 97.793709	 97.755514	 97.717646	 97.680113	 97.642923	 97.606084	 97.569603	 97.533486	  97.49774	 97.462372	 97.427387	 97.392792	 97.358591	 97.324791	 97.291395	 97.258409	 97.225837	 97.193683	  97.16195	 97.130642	 97.099763	 97.069315	   97.0393	 97.009722	 96.980581	 96.951881	 96.923622	 96.895805	 96.868431	 96.841502	 96.815017	 96.788977	 96.763381	  96.73823	 96.713522	 96.689256	 96.665432	 96.642049	 96.619104	 96.596596	 96.574522	 96.552882	 96.531672	 96.510889	 96.490532	 96.470597	  96.45108	 96.431979	  96.41329	 96.395009	 96.377133	 96.359658	 96.342579	 96.325892	 96.309594	 96.293679	 96.278143	 96.262982	  96.24819	 96.233762	 96.219695	 96.205982	 96.192619	   96.1796	  96.16692	 96.154574	 96.142557	 96.130863	 96.119486	 96.108422	 96.097665	 96.087209	 96.077049	 96.067179	 96.057593	 96.048287	 96.039254	  96.03049	 96.021988	 96.013743	  96.00575	 95.998003	 95.990496	 95.983225	 95.976184	 95.969367	  95.96277	 95.956387	 95.950214	 95.944243	 95.938472	 95.932895	 95.927506	 95.922301	 95.917276	 95.912425	 95.907743	 95.903226	  95.89887	  95.89467	 95.890622	  95.88672	 95.882962	 95.879342	 95.875858	 95.872503	 95.869276	 95.866171	 95.863186	 95.860316	 95.857557	 95.854907	 95.852361	 95.849916	  95.84757	 95.845318	 95.843158	 95.841086	   95.8391	 95.837196	 95.835372	 95.833625	 95.831952	 95.830351	 95.828819	 95.827354	 95.825952	 95.824613	 95.823333	 95.822111	 95.820944	  95.81983	 95.818768	 95.817755	  95.81679	  95.81587	 95.814994	 95.814161	 95.813369	 95.812615	   95.8119	  95.81122	 95.810576	 95.809965	 95.809387	  95.80884	 95.808323	 95.807835	 95.807374	 95.806941	 95.806534	 95.806151	 95.805793	 95.805458	 95.805146	 95.804856	 95.804587	 95.804339	 95.804111	 95.803903	 95.803713	 95.803542	  95.80339	 95.803255	 95.803138	 95.803038	 95.802955	 95.802889	 95.802839	 95.802806	  95.80279	
        99	 98.942321	 98.884659	  98.82703	  98.76945	 98.711937	 98.654506	 98.597174	 98.539956	  98.48287	 98.425932	 98.369156	 98.312559	 98.256157	 98.199965	 98.143998	 98.088272	 98.032801	 97.977599	 97.922683	 97.868064	 97.813759	 97.759779	 97.706139	 97.652853	 97.599931	 97.547389	 97.495236	 97.443486	 97.392151	  97.34124	 97.290767	  97.24074	  97.19117	 97.142068	 97.093442	 97.045302	 96.997657	 96.950515	 96.903884	 96.857773	 96.812187	 96.767135	 96.722622	 96.678656	 96.635241	 96.592383	 96.550086	 96.508357	 96.467198	 96.426614	 96.386608	 96.347184	 96.308343	 96.270088	 96.232422	 96.195345	 96.158859	 96.122966	 96.087665	 96.052956	  96.01884	 95.985315	 95.952382	 95.920039	 95.888285	 95.857117	 95.826534	 95.796533	 95.767112	 95.738268	 95.709997	 95.682296	 95.655162	  95.62859	 95.602577	 95.577117	 95.552207	 95.527841	 95.504014	 95.480721	 95.457957	 95.435716	 95.413992	 95.392779	 95.372072	 95.351863	 95.332147	 95.312917	 95.294167	 95.275889	 95.258077	 95.240724	 95.223824	 95.207368	 95.191351	 95.175764	   95.1606	 95.145853	 95.131515	 95.117578	 95.104035	  95.09088	 95.078104	 95.065699	  95.05366	 95.041978	 95.030646	 95.019656	 95.009002	 94.998676	 94.988671	 94.978979	 94.969594	 94.960508	 94.951715	 94.943208	 94.934979	 94.927021	 94.919329	 94.911895	 94.904712	 94.897775	 94.891076	  94.88461	  94.87837	  94.87235	 94.866544	 94.860945	 94.855549	 94.850349	  94.84534	 94.840515	 94.835871	   94.8314	 94.827098	  94.82296	  94.81898	 94.815155	 94.811478	 94.807945	 94.804552	 94.801294	 94.798166	 94.795165	 94.792285	 94.789524	 94.786876	 94.784339	 94.781908	 94.779579	  94.77735	 94.775215	 94.773173	  94.77122	 94.769352	 94.767567	 94.765861	 94.764232	 94.762677	 94.761193	 94.759777	 94.758426	  94.75714	 94.755914	 94.754747	 94.753636	  94.75258	 94.751575	 94.750622	 94.749716	 94.748858	 94.748044	 94.747273	 94.746544	 94.745854	 94.745204	  94.74459	 94.744013	  94.74347	  94.74296	 94.742482	 94.742036	  94.74162	 94.741234	 94.740875	 94.740544	  94.74024	 94.739962	  94.73971	 94.739482	 94.739279	 94.739099	 94.738943	  94.73881	 94.738699	 94.738611	 94.738545	 94.738501	  94.73848	
        99	 98.927933	 98.855886	  98.78388	 98.711937	 98.640076	 98.568318	 98.496683	 98.425193	 98.353866	 98.282723	 98.211784	 98.141069	 98.070596	 98.000386	 97.930458	  97.86083	 97.791521	 97.722549	 97.653932	 97.585689	 97.517836	 97.450391	  97.38337	  97.31679	 97.250667	 97.185016	 97.119854	 97.055195	 96.991053	 96.927442	 96.864377	  96.80187	 96.739935	 96.678583	 96.617827	 96.557678	 96.498148	 96.439246	 96.380982	 96.323367	  96.26641	 96.210119	 96.154502	 96.099567	 96.045322	 95.991772	 95.938925	 95.886785	 95.835359	 95.784651	 95.734665	 95.685405	 95.636875	 95.589078	 95.542015	 95.495689	 95.450102	 95.405254	 95.361146	 95.317779	 95.275152	 95.233265	 95.192116	 95.151704	 95.112028	 95.073085	 95.034873	 94.997388	 94.960627	 94.924588	 94.889264	 94.854654	 94.820751	  94.78755	 94.755047	 94.723237	 94.692112	 94.661667	 94.631897	 94.602793	  94.57435	 94.546561	 94.519417	 94.492913	  94.46704	  94.44179	 94.417155	 94.393128	   94.3697	 94.346863	 94.324608	 94.302926	  94.28181	 94.261249	 94.241235	  94.22176	 94.202814	 94.184388	 94.166473	 94.149059	 94.132138	 94.115701	 94.099737	 94.084239	 94.069196	   94.0546	 94.040441	  94.02671	 94.013398	 94.000496	 93.987994	 93.975885	 93.964159	 93.952807	  93.94182	  93.93119	 93.920908	 93.910966	 93.901354	 93.892066	 93.883091	 93.874424	 93.866054	 93.857975	 93.850178	 93.842656	 93.835402	 93.828407	 93.821664	 93.815167	 93.808908	  93.80288	 93.797076	  93.79149	 93.786115	 93.780945	 93.775973	 93.771193	 93.766599	 93.762185	 93.757945	 93.753874	 93.749966	 93.746216	 93.742618	 93.739168	  93.73586	  93.73269	 93.729652	 93.726743	 93.723957	  93.72129	 93.718739	 93.716298	 93.713964	 93.711734	 93.709603	 93.707567	 93.705624	 93.703769	    93.702	 93.700313	 93.698705	 93.697174	 93.695715	 93.694327	 93.693008	 93.691753	 93.690561	  93.68943	 93.688357	  93.68734	 93.686377	 93.685466	 93.684605	 93.683792	 93.683025	 93.682303	 93.681625	 93.680988	 93.680392	 93.679834	 93.679314	 93.678831	 93.678383	  93.67797	  93.67759	 93.677243	 93.676927	 93.676643	 93.676389	 93.676164	 93.675969	 93.675803	 93.675665	 93.675555	 93.675472	 93.675417	  93.67539	
        99	 98.913564	 98.827154	 98.740793	 98.654506	 98.568318	 98.482254	 98.396337	 98.310594	 98.225046	  98.13972	 98.054638	 97.969824	 97.885301	 97.801094	 97.717224	 97.633714	 97.550587	 97.467864	 97.385567	 97.303718	 97.222337	 97.141446	 97.061063	 96.981209	 96.901903	 96.823164	  96.74501	  96.66746	  96.59053	 96.514237	 96.438599	  96.36363	 96.289347	 96.215763	 96.142894	 96.070754	 95.999354	 95.928709	  95.85883	 95.789728	 95.721415	 95.653902	 95.587196	 95.521309	 95.456249	 95.392023	  95.32864	 95.266105	 95.204426	 95.143608	 95.083657	 95.024576	  94.96637	 94.909043	 94.852598	 94.797036	  94.74236	 94.688571	 94.635669	 94.583656	 94.532531	 94.482292	  94.43294	 94.384471	 94.336885	 94.290178	 94.244347	 94.199389	 94.155299	 94.112074	 94.069709	 94.028198	 93.987535	 93.947716	 93.908733	  93.87058	  93.83325	 93.796736	  93.76103	 93.726124	  93.69201	  93.65868	 93.626126	 93.594337	 93.563305	 93.533021	 93.503475	 93.474658	 93.446559	 93.419169	 93.392477	 93.366473	 93.341146	 93.316486	 93.292483	 93.269124	 93.246401	 93.224301	 93.202814	 93.181929	 93.161635	  93.14192	 93.122774	 93.104186	 93.086144	 93.068637	 93.051655	 93.035187	 93.019221	 93.003747	 92.988753	  92.97423	 92.960165	  92.94655	 92.933373	 92.920624	 92.908292	 92.896367	 92.884839	 92.873699	 92.862935	 92.852539	 92.842501	 92.832811	  92.82346	 92.814439	 92.805738	 92.797348	 92.789262	 92.781469	 92.773962	 92.766732	 92.759772	 92.753072	 92.746625	 92.740424	 92.734461	 92.728728	 92.723218	 92.717924	 92.712839	 92.707956	 92.703269	 92.698771	 92.694456	 92.690318	 92.686351	 92.682548	 92.678905	 92.675415	 92.672074	 92.668876	 92.665816	 92.662889	  92.66009	 92.657415	 92.654858	 92.652417	 92.650086	 92.647862	  92.64574	 92.643717	 92.641788	 92.639951	 92.638202	 92.636538	 92.634955	  92.63345	 92.632021	 92.630664	 92.629377	 92.628157	 92.627002	 92.625909	 92.624876	 92.623901	 92.622982	 92.622116	 92.621303	 92.620539	 92.619824	 92.619155	 92.618532	 92.617952	 92.617415	 92.616919	 92.616464	 92.616047	 92.615669	 92.615327	 92.615023	 92.614753	 92.614519	  92.61432	 92.614154	 92.614022	 92.613923	 92.613858	 92.613825	
        99	 98.899221	 98.798471	 98.697779	 98.597174	 98.496683	 98.396337	 98.296164	 98.196192	 98.096448	 97.996963	 97.897762	 97.798874	 97.700325	 97.602144	 97.504356	 97.406989	 97.310067	 97.213617	 97.117664	 97.022233	 96.927347	 96.833032	  96.73931	 96.646205	 96.553739	 96.461934	 96.370811	 96.280392	 96.190696	 96.101743	 96.013553	 95.926144	 95.839533	 95.753739	 95.668779	 95.584667	 95.501419	 95.419051	 95.337576	 95.257007	 95.177358	 95.098641	 95.020867	 94.944046	 94.868189	 94.793306	 94.719404	 94.646493	 94.574578	 94.503668	 94.433768	 94.364883	 94.297019	 94.230179	 94.164367	 94.099585	 94.035835	  93.97312	  93.91144	 93.850796	 93.791187	 93.732612	 93.675069	 93.618558	 93.563075	 93.508617	 93.455181	 93.402763	 93.351357	 93.300959	 93.251563	 93.203163	 93.155753	 93.109326	 93.063874	  93.01939	 92.975866	 92.933292	 92.891661	 92.850963	 92.811188	 92.772327	  92.73437	 92.697307	 92.661125	 92.625816	 92.591367	 92.557768	 92.525006	 92.493071	 92.461949	  92.43163	   92.4021	 92.373349	 92.345362	 92.318128	 92.291633	 92.265866	 92.240814	 92.216463	 92.192801	 92.169815	 92.147492	 92.125818	 92.104783	 92.084371	 92.064571	  92.04537	 92.026754	 92.008712	 91.991231	 91.974297	 91.957899	 91.942024	 91.926661	 91.911796	 91.897417	 91.883514	 91.870073	 91.857084	 91.844534	 91.832413	 91.820709	 91.809411	 91.798509	  91.78799	 91.777845	 91.768064	 91.758635	 91.749549	 91.740797	 91.732367	 91.724252	  91.71644	 91.708924	 91.701693	  91.69474	 91.688056	 91.681631	 91.675459	  91.66953	 91.663837	 91.658373	 91.653128	 91.648097	 91.643273	 91.638647	 91.634213	 91.629965	 91.625897	 91.622001	 91.618272	 91.614704	 91.611291	 91.608028	 91.604909	 91.601929	 91.599082	 91.596364	 91.593771	 91.591297	 91.588938	 91.586689	 91.584548	 91.582508	 91.580568	 91.578722	 91.576968	 91.575301	 91.573719	 91.572219	 91.570796	  91.56945	 91.568175	 91.566971	 91.565834	 91.564763	 91.563753	 91.562804	 91.561914	  91.56108	   91.5603	 91.559574	 91.558898	 91.558272	 91.557694	 91.557162	 91.556677	 91.556236	 91.555838	 91.555482	 91.555169	 91.554896	 91.554663	  91.55447	 91.554316	 91.554201	 91.554124	 91.554086	
        99	 98.884907	 98.769846	 98.654852	 98.539956	 98.425193	 98.310594	 98.196192	 98.082019	 97.968109	 97.854492	 97.741201	 97.628266	  97.51572	 97.403594	 97.291916	 97.180718	  97.07003	  96.95988	 96.850298	 96.741312	 96.632949	 96.525237	 96.418204	 96.311874	 96.206274	 96.101429	 95.997363	   95.8941	 95.791664	 95.690076	  95.58936	 95.489535	 95.390623	 95.292643	 95.195614	 95.099555	 95.004483	 94.910415	 94.817367	 94.725355	 94.634393	 94.544495	 94.455673	 94.367941	  94.28131	  94.19579	 94.111391	 94.028123	 93.945994	 93.865012	 93.785184	 93.706515	 93.629011	 93.552677	 93.477516	 93.403533	 93.330729	 93.259106	 93.188665	 93.119407	  93.05133	 92.984435	  92.91872	 92.854182	 92.790818	 92.728625	 92.667599	 92.607735	 92.549027	 92.491471	 92.435059	 92.379785	 92.325641	 92.272619	 92.220711	 92.169908	 92.120202	 92.071581	 92.024037	 91.977558	 91.932134	 91.887753	 91.844405	 91.802076	 91.760756	 91.720431	  91.68109	 91.642718	 91.605303	 91.568831	 91.533289	 91.498663	 91.464939	 91.432103	 91.400142	 91.369039	 91.338782	 91.309355	 91.280744	 91.252934	 91.225911	  91.19966	 91.174166	 91.149414	 91.125391	  91.10208	 91.079467	 91.057539	 91.036279	 91.015674	  90.99571	 90.976371	 90.957644	 90.939514	 90.921968	 90.904992	 90.888571	 90.872693	 90.857343	 90.842509	 90.828177	 90.814334	 90.800968	 90.788065	 90.775614	 90.763601	 90.752015	 90.740844	 90.730077	   90.7197	 90.709705	 90.700078	 90.690809	 90.681888	 90.673304	 90.665047	 90.657106	 90.649472	 90.642135	 90.635086	 90.628315	 90.621814	 90.615573	 90.609584	 90.603838	 90.598328	 90.593045	 90.587982	 90.583131	 90.578484	 90.574035	 90.569777	 90.565702	 90.561804	 90.558077	 90.554515	 90.551112	 90.547861	 90.544757	 90.541795	  90.53897	 90.536276	 90.533708	 90.531262	 90.528933	 90.526717	 90.524609	 90.522605	 90.520702	 90.518895	 90.517182	 90.515557	 90.514019	 90.512564	 90.511189	 90.509891	 90.508667	 90.507514	  90.50643	 90.505413	 90.504461	 90.503571	  90.50274	 90.501969	 90.501254	 90.500594	 90.499987	 90.499432	 90.498928	 90.498474	 90.498068	  90.49771	 90.497398	 90.497132	 90.496912	 90.496736	 90.496604	 90.496517	 90.496473	
        99	 98.870625	 98.741287	 98.612023	  98.48287	 98.353866	 98.225046	 98.096448	 97.968109	 97.840063	 97.712348	 97.584998	  97.45805	 97.331539	 97.205498	 97.079963	 96.954967	 96.830544	 96.706726	 96.583546	 96.461035	 96.339226	 96.218149	 96.097833	 95.978309	 95.859605	  95.74175	 95.624771	 95.508695	 95.393547	 95.279354	  95.16614	 95.053928	 94.942742	 94.832604	 94.723535	 94.615556	 94.508686	 94.402946	 94.298352	 94.194922	 94.092673	 93.991619	 93.891776	 93.793157	 93.695776	 93.599644	 93.504773	 93.411172	 93.318852	 93.227821	 93.138086	 93.049655	 92.962534	 92.876728	 92.792241	 92.709077	 92.627239	 92.546729	 92.467547	 92.389694	 92.313171	 92.237975	 92.164105	 92.091558	 92.020332	 91.950421	 91.881823	  91.81453	 91.748538	 91.683839	 91.620427	 91.558294	 91.497431	  91.43783	 91.379481	 91.322375	   91.2665	 91.211846	 91.158402	 91.106155	 91.055095	 91.005207	  90.95648	 90.908899	 90.862451	 90.817123	 90.772899	 90.729766	 90.687708	  90.64671	 90.606758	 90.567836	 90.529927	 90.493017	 90.457089	 90.422127	 90.388115	 90.355036	 90.322875	 90.291614	 90.261238	  90.23173	 90.203072	 90.175249	 90.148244	 90.122041	 90.096623	 90.071973	 90.048075	 90.024914	 90.002472	 89.980733	 89.959682	 89.939303	  89.91958	 89.900497	 89.882039	  89.86419	 89.846936	 89.830261	  89.81415	  89.79859	 89.783565	 89.769061	 89.755064	 89.741561	 89.728538	 89.715981	 89.703877	 89.692213	 89.680977	 89.670155	 89.659737	 89.649709	  89.64006	 89.630778	 89.621852	  89.61327	 89.605023	 89.597099	 89.589488	  89.58218	 89.575164	 89.568432	 89.561974	  89.55578	 89.549841	  89.54415	 89.538697	 89.533474	 89.528472	 89.523685	 89.519105	 89.514724	 89.510534	  89.50653	 89.502704	  89.49905	 89.495561	 89.492232	 89.489056	 89.486027	 89.483141	 89.480391	 89.477773	 89.475282	 89.472913	  89.47066	 89.468521	  89.46649	 89.464564	 89.462738	 89.461009	 89.459374	 89.457828	 89.456368	 89.454992	 89.453697	 89.452479	 89.451335	 89.450265	 89.449264	 89.448331	 89.447463	  89.44666	 89.445918	 89.445236	 89.444612	 89.444046	 89.443535	 89.443079	 89.442676	 89.442325	 89.442027	 89.441779	 89.441581	 89.441433	 89.441335	 89.441286	
        99	  98.85638	 98.712801	 98.569305	 98.425932	 98.282723	  98.13972	 97.996963	 97.854492	 97.712348	  97.57057	 97.429199	 97.288274	 97.147832	 97.007914	 96.868557	 96.729798	 96.591675	 96.454224	 96.317481	 96.181482	  96.04626	 95.911852	 95.778289	 95.645605	 95.513831	 95.382999	  95.25314	 95.124283	 94.996457	 94.869691	 94.744011	 94.619444	 94.496016	 94.373751	 94.252673	 94.132805	 94.014169	 93.896785	 93.780675	 93.665857	 93.552349	 93.440169	 93.329333	 93.219856	 93.111752	 93.005036	 92.899718	 92.795812	 92.693327	 92.592273	 92.492658	 92.394491	 92.297777	 92.202523	 92.108734	 92.016413	 91.925564	 91.836189	 91.748289	 91.661864	 91.576915	 91.493439	 91.411436	 91.330902	 91.251833	 91.174225	 91.098073	 91.023371	 90.950113	 90.878291	 90.807897	 90.738922	 90.671358	 90.605195	 90.540421	 90.477027	    90.415	 90.354328	    90.295	 90.237001	 90.180318	 90.124938	 90.070845	 90.018025	 89.966463	 89.916144	 89.867051	 89.819168	  89.77248	 89.726968	 89.682617	 89.639409	 89.597327	 89.556352	 89.516468	 89.477657	   89.4399	 89.403179	 89.367477	 89.332774	 89.299054	 89.266296	 89.234483	 89.203597	 89.173619	  89.14453	 89.116313	 89.088949	  89.06242	 89.036708	 89.011796	 88.987664	 88.964295	 88.941672	 88.919777	 88.898593	 88.878102	 88.858288	 88.839134	 88.820623	 88.802739	 88.785465	 88.768786	 88.752685	 88.737147	 88.722157	   88.7077	  88.69376	 88.680323	 88.667376	 88.654902	 88.642889	 88.631324	 88.620191	  88.60948	 88.599176	 88.589267	 88.579741	 88.570586	 88.561789	  88.55334	 88.545227	 88.537439	 88.529966	 88.522796	  88.51592	 88.509328	  88.50301	 88.496956	 88.491158	 88.485606	 88.480292	 88.475208	 88.470344	 88.465693	 88.461248	 88.457001	 88.452944	 88.449072	 88.445375	  88.44185	 88.438488	 88.435284	 88.432231	 88.429325	  88.42656	 88.423929	 88.421429	 88.419054	   88.4168	 88.414661	 88.412635	 88.410715	 88.408899	 88.407183	 88.405563	 88.404036	 88.402597	 88.401245	 88.399976	 88.398787	 88.397677	 88.396641	 88.395678	 88.394785	 88.393962	 88.393205	 88.392513	 88.391884	 88.391317	  88.39081	 88.390363	 88.389974	 88.389642	 88.389367	 88.389148	 88.388984	 88.388875	  88.38882	
        99	 98.842176	 98.684397	 98.526709	 98.369156	 98.211784	 98.054638	 97.897762	 97.741201	 97.584998	 97.429199	 97.273846	 97.118983	 96.964652	 96.810896	 96.657756	 96.505274	  96.35349	 96.202445	 96.052179	 95.902729	 95.754134	 95.606433	  95.45966	 95.313854	 95.169047	 95.025276	 94.882574	 94.740973	 94.600505	 94.461202	 94.323092	 94.186205	  94.05057	 93.916213	  93.78316	 93.651437	 93.521068	 93.392075	 93.264482	 93.138308	 93.013574	   92.8903	 92.768502	 92.648197	 92.529402	 92.412131	 92.296398	 92.182215	 92.069594	 91.958546	 91.849079	 91.741203	 91.634924	  91.53025	 91.427185	 91.325733	 91.225899	 91.127685	 91.031091	 90.936119	 90.842768	 90.751037	 90.660924	 90.572425	 90.485536	 90.400253	 90.316569	 90.234479	 90.153976	  90.07505	 89.997694	 89.921898	 89.847652	 89.774945	 89.703765	 89.634101	  89.56594	 89.499268	 89.434072	 89.370337	 89.308048	  89.24719	 89.187748	 89.129704	 89.073043	 89.017747	 88.963799	  88.91118	 88.859874	 88.809862	 88.761124	 88.713643	 88.667398	 88.622372	 88.578543	 88.535893	 88.494402	  88.45405	 88.414816	 88.376682	 88.339626	 88.303629	  88.26867	 88.234729	 88.201786	  88.16982	 88.138812	 88.108742	  88.07959	 88.051335	 88.023958	 87.997439	  87.97176	 87.946899	 87.922839	 87.899559	 87.877042	 87.855269	  87.83422	 87.813879	 87.794226	 87.775243	 87.756914	 87.739221	 87.722147	 87.705674	 87.689787	 87.674469	 87.659703	 87.645475	 87.631768	 87.618567	 87.605857	 87.593624	 87.581853	  87.57053	 87.559641	 87.549173	 87.539112	 87.529446	 87.520161	 87.511246	 87.502688	 87.494475	 87.486597	 87.479041	 87.471797	 87.464853	 87.458201	 87.451829	 87.445729	 87.439889	 87.434301	 87.428957	 87.423846	 87.418961	 87.414294	 87.409836	  87.40558	 87.401519	 87.397644	  87.39395	 87.390429	 87.387075	 87.383881	 87.380842	 87.377952	 87.375204	 87.372594	 87.370117	 87.367767	  87.36554	 87.363431	 87.361435	 87.359549	 87.357769	  87.35609	  87.35451	 87.353024	  87.35163	 87.350323	 87.349102	 87.347964	 87.346906	 87.345926	  87.34502	 87.344188	 87.343428	 87.342737	 87.342114	 87.341557	 87.341066	 87.340638	 87.340274	 87.339971	  87.33973	  87.33955	  87.33943	  87.33937	
        99	 98.828017	 98.656082	 98.484247	 98.312559	 98.141069	 97.969824	 97.798874	 97.628266	  97.45805	 97.288274	 97.118983	 96.950226	 96.782049	 96.614499	  96.44762	 96.281458	 96.116057	 95.951461	 95.787713	 95.624855	 95.462929	 95.301976	 95.142036	 94.983148	 94.825351	 94.668681	 94.513176	 94.358871	 94.205801	    94.054	 93.903499	 93.754332	 93.606528	 93.460117	 93.315127	 93.171587	 93.029521	 92.888956	 92.749915	 92.612422	 92.476498	 92.342163	 92.209438	  92.07834	 91.948887	 91.821095	 91.694979	 91.570552	 91.447828	 91.326816	 91.207529	 91.089974	 90.974161	 90.860095	 90.747784	  90.63723	  90.52844	 90.421414	 90.316154	 90.212662	 90.110936	 90.010975	 89.912777	 89.816338	 89.721654	 89.628719	 89.537528	 89.448074	 89.360348	 89.274341	 89.190045	 89.107449	 89.026542	 88.947312	 88.869746	 88.793832	 88.719556	 88.646902	 88.575857	 88.506404	 88.438527	 88.372209	 88.307434	 88.244183	 88.182438	 88.122181	 88.063393	 88.006054	 87.950145	 87.895645	 87.842535	 87.790794	 87.740401	 87.691334	 87.643574	 87.597098	 87.551884	 87.507912	 87.465158	 87.423603	 87.383222	 87.343995	   87.3059	 87.268914	 87.233015	 87.198182	 87.164392	 87.131625	 87.099857	 87.069067	 87.039234	 87.010336	 86.982352	 86.955261	 86.929042	 86.903675	 86.879137	 86.855411	 86.832474	 86.810307	 86.788891	 86.768205	 86.748232	 86.728952	 86.710345	 86.692395	 86.675083	  86.65839	   86.6423	 86.626795	 86.611858	 86.597473	 86.583623	 86.570292	 86.557465	 86.545126	 86.533261	 86.521853	  86.51089	 86.500356	 86.490238	 86.480523	 86.471197	 86.462248	 86.453663	 86.445429	 86.437535	 86.429969	  86.42272	 86.415776	 86.409128	 86.402765	 86.396676	 86.390851	 86.385282	 86.379959	 86.374873	 86.370016	 86.365378	 86.360952	  86.35673	 86.352704	 86.348867	 86.345212	 86.341732	  86.33842	  86.33527	 86.332276	 86.329432	 86.326733	 86.324172	 86.321745	 86.319447	 86.317272	 86.315217	 86.313277	 86.311448	 86.309726	 86.308106	 86.306587	 86.305163	 86.303833	 86.302593	  86.30144	 86.300371	 86.299385	 86.298478	 86.297649	 86.296896	 86.296217	 86.295611	 86.295075	  86.29461	 86.294212	 86.293883	  86.29362	 86.293424	 86.293293	 86.293228	
        99	 98.813906	 98.627865	 98.441931	 98.256157	 98.070596	 97.885301	 97.700325	  97.51572	 97.331539	 97.147832	 96.964652	 96.782049	 96.600074	 96.418777	 96.238206	 96.058411	 95.879439	 95.701339	 95.524155	 95.347936	 95.172725	 94.998566	 94.825503	 94.653579	 94.482835	 94.313311	 94.145048	 93.978083	 93.812454	 93.648198	 93.485349	 93.323943	 93.164012	 93.005589	 92.848703	 92.693385	 92.539664	 92.387566	 92.237117	 92.088343	 91.941267	 91.795911	 91.652296	 91.510442	 91.370368	 91.232091	 91.095628	 90.960992	 90.828198	 90.697258	 90.568184	 90.440984	 90.315669	 90.192244	 90.070718	 89.951094	 89.833378	 89.717571	 89.603675	 89.491691	 89.381619	 89.273457	 89.167202	  89.06285	 88.960398	 88.859838	 88.761165	 88.664371	 88.569448	 88.476385	 88.385172	   88.2958	 88.208254	 88.122524	 88.038594	 87.956452	 87.876081	 87.797467	 87.720592	 87.645441	 87.571995	 87.500236	 87.430146	 87.361705	 87.294895	 87.229694	 87.166082	 87.104039	 87.043543	 86.984572	 86.927104	 86.871118	  86.81659	 86.763498	 86.711819	 86.661529	 86.612606	 86.565026	 86.518765	 86.473799	 86.430106	 86.387661	  86.34644	 86.306419	 86.267575	 86.229884	 86.193322	 86.157866	 86.123491	 86.090175	 86.057895	 86.026626	 85.996346	 85.967033	 85.938662	 85.911213	 85.884663	 85.858989	 85.834171	 85.810185	 85.787012	 85.764629	 85.743017	 85.722155	 85.702022	 85.682599	 85.663866	 85.645804	 85.628393	 85.611616	 85.595454	 85.579888	 85.564902	 85.550478	 85.536598	 85.523247	 85.510408	 85.498065	 85.486202	 85.474804	 85.463856	 85.453344	 85.443253	 85.433569	 85.424279	  85.41537	 85.406828	 85.398641	 85.390798	 85.383285	 85.376091	 85.369205	 85.362617	 85.356315	 85.350289	 85.344529	 85.339026	  85.33377	 85.328751	 85.323962	 85.319394	 85.315038	 85.310886	 85.306931	 85.303165	 85.299582	 85.296173	 85.292934	 85.289857	 85.286935	 85.284165	 85.281538	 85.279052	 85.276699	 85.274475	 85.272376	 85.270396	 85.268533	 85.266781	 85.265136	 85.263596	 85.262157	 85.260815	 85.259567	 85.258411	 85.257343	 85.256363	 85.255466	 85.254651	 85.253916	  85.25326	 85.252681	 85.252177	 85.251747	  85.25139	 85.251106	 85.250893	 85.250752	 85.250681	
        99	 98.799848	 98.599753	 98.399773	 98.199965	 98.000386	 97.801094	 97.602144	 97.403594	 97.205498	 97.007914	 96.810896	 96.614499	 96.418777	 96.223783	 96.029572	 95.836194	 95.643703	 95.452148	  95.26158	 95.072048	 94.883601	 94.696286	 94.510149	 94.325238	 94.141595	 93.959265	  93.77829	 93.598712	 93.420571	 93.243906	 93.068756	 92.895157	 92.723144	 92.552753	 92.384016	 92.216965	 92.051631	 91.888043	 91.726229	 91.566216	 91.408029	 91.251692	 91.097228	 90.944658	 90.794003	  90.64528	 90.498508	 90.353701	 90.210876	 90.070044	 89.931219	  89.79441	 89.659628	  89.52688	 89.396173	 89.267513	 89.140904	 89.016348	 88.893848	 88.773405	 88.655018	 88.538685	 88.424403	 88.312168	 88.201976	  88.09382	 87.987693	 87.883587	 87.781492	 87.681399	 87.583297	 87.487172	 87.393014	 87.300807	 87.210537	 87.122189	 87.035747	 86.951194	 86.868512	 86.787683	 86.708689	 86.631509	 86.556125	 86.482514	 86.410656	  86.34053	 86.272113	 86.205383	 86.140316	  86.07689	 86.015082	 85.954866	 85.896219	 85.839116	 85.783533	 85.729444	 85.676825	 85.625651	 85.575895	 85.527533	 85.480539	 85.434887	 85.390552	 85.347508	  85.30573	 85.265191	 85.225867	 85.187733	 85.150761	 85.114929	 85.080209	 85.046578	 85.014011	 84.982483	  84.95197	 84.922447	 84.893891	 84.866278	 84.839585	 84.813787	 84.788863	  84.76479	 84.741545	 84.719107	 84.697453	 84.676563	 84.656415	 84.636988	 84.618262	 84.600218	 84.582835	 84.566093	 84.549975	 84.534461	 84.519533	 84.505173	 84.491364	 84.478088	 84.465329	  84.45307	 84.441296	 84.429989	 84.419136	 84.408721	 84.398729	 84.389147	 84.379959	 84.371154	 84.362718	 84.354637	   84.3469	 84.339494	 84.332408	  84.32563	 84.319149	 84.312954	 84.307035	 84.301382	 84.295984	 84.290834	  84.28592	 84.281235	 84.276769	 84.272516	 84.268465	 84.264611	 84.260946	 84.257461	 84.254151	  84.25101	  84.24803	 84.245205	  84.24253	     84.24	 84.237608	  84.23535	 84.233221	 84.231217	 84.229333	 84.227564	 84.225907	 84.224359	 84.222916	 84.221574	  84.22033	 84.219182	 84.218127	 84.217163	 84.216286	 84.215496	  84.21479	 84.214167	 84.213625	 84.213163	 84.212779	 84.212474	 84.212245	 84.212093	 84.212017	
        99	 98.785846	 98.571753	 98.357784	 98.143998	 97.930458	 97.717224	 97.504356	 97.291916	 97.079963	 96.868557	 96.657756	  96.44762	 96.238206	 96.029572	 95.821774	 95.614869	 95.408911	 95.203956	 95.000057	 94.797266	 94.595636	 94.395217	  94.19606	 93.998212	 93.801723	 93.606638	 93.413003	 93.220862	 93.030259	 92.841236	 92.653833	 92.468089	 92.284044	 92.101733	 91.921191	 91.742455	 91.565554	 91.390523	 91.217389	 91.046182	 90.876929	 90.709656	 90.544386	 90.381143	 90.219948	 90.060822	 89.903782	 89.748845	 89.596028	 89.445345	 89.296808	 89.150429	 89.006218	 88.864184	 88.724333	 88.586672	 88.451206	 88.317937	 88.186868	 88.057999	  87.93133	 87.806859	 87.684582	 87.564496	 87.446595	 87.330873	 87.217322	 87.105933	 86.996697	 86.889601	 86.784636	 86.681787	 86.581041	 86.482384	   86.3858	 86.291271	 86.198782	 86.108314	 86.019848	 85.933365	 85.848845	 85.766266	 85.685608	 85.606847	 85.529963	 85.454931	 85.381728	 85.310329	 85.240711	 85.172848	 85.106716	 85.042287	 84.979538	  84.91844	 84.858969	 84.801096	 84.744796	 84.690042	 84.636806	  84.58506	 84.534779	 84.485933	 84.438497	 84.392442	 84.347741	 84.304366	 84.262292	 84.221489	 84.181931	 84.143592	 84.106444	  84.07046	 84.035615	 84.001881	 83.969234	 83.937646	 83.907092	 83.877547	 83.848986	 83.821384	 83.794717	 83.768959	 83.744089	  83.72008	 83.696912	  83.67456	 83.653003	 83.632217	 83.612181	 83.592874	 83.574275	 83.556363	 83.539117	 83.522518	 83.506545	 83.491181	 83.476406	 83.462201	  83.44855	 83.435433	 83.422835	 83.410737	 83.399125	 83.387981	  83.37729	 83.367038	 83.357208	 83.347787	  83.33876	 83.330114	 83.321836	 83.313912	  83.30633	 83.299078	 83.292143	 83.285515	 83.279182	 83.273133	 83.267358	 83.261847	  83.25659	 83.251577	 83.246799	 83.242248	 83.237914	  83.23379	 83.229868	  83.22614	 83.222599	 83.219237	 83.216049	 83.213027	 83.210165	 83.207457	 83.204898	 83.202482	 83.200205	  83.19806	 83.196044	 83.194152	 83.192379	 83.190723	 83.189178	 83.187742	 83.186412	 83.185183	 83.184055	 83.183023	 83.182085	  83.18124	 83.180484	 83.179817	 83.179237	 83.178743	 83.178332	 83.178005	 83.177761	 83.177598	 83.177517	
        99	 98.771904	 98.543874	 98.315975	 98.088272	  97.86083	 97.633714	 97.406989	 97.180718	 96.954967	 96.729798	 96.505274	 96.281458	 96.058411	 95.836194	 95.614869	 95.394494	 95.175128	  94.95683	 94.739657	 94.523665	 94.308908	 94.095442	 93.883319	 93.672592	 93.463311	 93.255525	 93.049285	 92.844636	 92.641624	 92.440295	 92.240692	 92.042857	 91.846829	  91.65265	 91.460355	 91.269982	 91.081566	 90.895139	 90.710734	 90.528382	  90.34811	 90.169947	 89.993918	 89.820048	  89.64836	 89.478874	  89.31161	 89.146587	 88.983822	 88.823329	 88.665122	 88.509214	 88.355614	 88.204333	 88.055378	 87.908756	  87.76447	 87.622526	 87.482924	 87.345666	  87.21075	 87.078176	 86.947939	 86.820035	 86.694459	 86.571203	  86.45026	 86.331619	 86.215271	 86.101204	 85.989405	 85.879861	 85.772557	 85.667477	 85.564604	 85.463922	 85.365412	 85.269054	 85.174829	 85.082716	 84.992693	 84.904739	 84.818829	 84.734942	 84.653052	 84.573135	 84.495167	  84.41912	  84.34497	 84.272689	 84.202251	 84.133629	 84.066794	 84.001719	 83.938376	 83.876736	 83.816771	 83.758452	  83.70175	 83.646636	 83.593081	 83.541055	 83.490531	 83.441477	 83.393866	 83.347668	 83.302854	 83.259396	 83.217263	 83.176428	 83.136861	 83.098535	 83.061421	 83.025491	 82.990718	 82.957074	 82.924531	 82.893063	 82.862642	 82.833244	  82.80484	 82.777406	 82.750916	 82.725345	 82.700668	 82.676861	   82.6539	 82.631761	 82.610422	 82.589858	 82.570048	 82.550969	   82.5326	 82.514921	 82.497909	 82.481544	 82.465807	 82.450678	 82.436137	 82.422167	 82.408748	 82.395863	 82.383495	 82.371626	 82.360239	 82.349319	 82.338849	 82.328815	   82.3192	 82.309992	 82.301174	 82.292735	 82.284659	 82.276935	 82.269549	 82.262489	 82.255744	 82.249301	  82.24315	  82.23728	 82.231681	 82.226341	 82.221253	 82.216405	 82.211789	 82.207397	  82.20322	 82.199249	 82.195477	 82.191897	   82.1885	 82.185282	 82.182233	 82.179349	 82.176624	 82.174051	 82.171625	 82.169341	 82.167193	 82.165178	  82.16329	 82.161525	  82.15988	 82.158351	 82.156934	 82.155626	 82.154423	 82.153324	 82.152326	 82.151425	 82.150621	  82.14991	 82.149293	 82.148766	 82.148329	  82.14798	  82.14772	 82.147546	  82.14746	
        99	 98.758027	 98.516123	 98.274358	 98.032801	 97.791521	 97.550587	 97.310067	  97.07003	 96.830544	 96.591675	  96.35349	 96.116057	 95.879439	 95.643703	 95.408911	 95.175128	 94.942416	 94.710837	  94.48045	 94.251316	 94.023494	  93.79704	 93.572011	 93.348463	 93.126449	 92.906021	 92.687232	 92.470132	 92.254769	 92.041191	 91.829444	 91.619572	 91.411618	 91.205624	  91.00163	 90.799674	 90.599794	 90.402025	 90.206401	 90.012953	 89.821714	 89.632711	 89.445972	 89.261524	 89.079389	 88.899591	 88.722151	 88.547088	  88.37442	 88.204162	  88.03633	 87.870936	 87.707991	 87.547506	 87.389488	 87.233945	 87.080881	   86.9303	 86.782204	 86.636595	 86.493471	 86.352831	  86.21467	 86.078985	 85.945768	 85.815013	 85.686711	 85.560853	 85.437426	 85.316419	 85.197818	 85.081609	 84.967776	 84.856302	 84.747171	 84.640363	 84.535859	 84.433639	 84.333681	 84.235964	 84.140464	 84.047158	 83.956022	  83.86703	 83.780158	 83.695379	 83.612667	 83.531994	 83.453332	 83.376653	  83.30193	 83.229132	 83.158231	 83.089197	    83.022	  82.95661	 82.892996	 82.831129	 82.770977	  82.71251	 82.655696	 82.600506	 82.546907	 82.494869	 82.444362	 82.395353	 82.347812	 82.301709	 82.257013	 82.213693	  82.17172	 82.131062	  82.09169	 82.053574	 82.016685	 81.980994	 81.946471	 81.913088	 81.880817	 81.849629	 81.819498	 81.790395	 81.762293	 81.735166	 81.708988	 81.683733	 81.659375	 81.635889	 81.613251	 81.591436	  81.57042	 81.550181	 81.530695	 81.511939	 81.493892	 81.476532	 81.459837	 81.443788	 81.428363	 81.413542	 81.399307	 81.385638	 81.372517	 81.359926	 81.347846	 81.336262	 81.325155	  81.31451	 81.304311	 81.294542	 81.285188	 81.276235	 81.267668	 81.259474	 81.251639	 81.244149	 81.236994	 81.230159	 81.223634	 81.217407	 81.211466	 81.205802	 81.200404	 81.195261	 81.190365	 81.185705	 81.181274	 81.177061	  81.17306	 81.169262	 81.165659	 81.162244	 81.159011	 81.155951	  81.15306	  81.15033	 81.147757	 81.145333	 81.143055	 81.140917	 81.138915	 81.137043	 81.135298	 81.133675	 81.132172	 81.130784	 81.129509	 81.128343	 81.127283	 81.126328	 81.125475	 81.124721	 81.124066	 81.123507	 81.123043	 81.122674	 81.122397	 81.122213	 81.122121	
