Time step 1:
        99	        99	        99	        99	        99	        99	        99	        99	        99	        99	        99	        99	        99	        99	        99	        99	        99	        99	        99	        99	        99	        99	        99	        99	        99	        99	        99	        99	        99	        99	        99	        99	        99	        99	        99	        99	        99	        99	        99	        99	        99	        99	        99	        99	        99	        99	        99	        99	        99	        99	        99	        99	        99	        99	        99	        99	        99	        99	        99	        99	        99	        99	        99	        99	        99	        99	        99	        99	        99	        99	        99	        99	        99	        99	        99	        99	        99	        99	        99	        99	        99	        99	        99	        99	        99	        99	        99	        99	        99	        99	        99	        99	        99	        99	        99	        99	        99	        99	        99	        99	        99	        99	        99	        99	        99	        99	        99	        99	        99	        99	        99	        99	        99	        99	        99	        99	        99	        99	        99	        99	        99	        99	        99	        99	        99	        99	        99	        99	        99	        99	        99	        99	        99	        99	        99	        99	        99	        99	        99	        99	        99	        99	        99	        99	        99	        99	        99	        99	        99	        99	        99	        99	        99	        99	        99	        99	        99	        99	        99	        99	        99	        99	        99	        99	        99	        99	        99	        99	        99	        99	        99	        99	        99	        99	        99	        99	        99	        99	        99	        99	        99	        99	        99	        99	        99	        99	        99	        99	        99	        99	        99	        99	        99	        99	        99	        99	        99	        99	        99	        99	
        99	 98.368269	 97.744465	 97.136217	 96.550578	 95.993776	 95.471027	 94.986395	 94.542725	 94.141633	 93.783565	 93.467893	 93.193067	 92.956781	 92.756154	  92.58792	 92.448597	 92.334642	 92.242589	 92.169143	 92.111263	 92.066211	 92.031572	 92.005265	 91.985529	 91.970902	 91.960194	 91.952448	 91.946913	 91.943006	  91.94028	 91.938402	 91.937123	 91.936262	 91.935689	 91.935313	 91.935069	 91.934912	 91.934812	  91.93475	 91.934711	 91.934688	 91.934673	 91.934665	  91.93466	 91.934657	 91.934655	 91.934654	 91.934653	 91.934653	 91.934653	 91.934653	 91.934653	 91.934653	 91.934653	 91.934653	 91.934653	 91.934653	 91.934653	 91.934653	 91.934653	 91.934653	 91.934653	 91.934653	 91.934653	 91.934653	 91.934653	 91.934653	 91.934653	 91.934653	 91.934653	 91.934653	 91.934653	 91.934653	 91.934653	 91.934653	 91.934653	 91.934653	 91.934653	 91.934653	 91.934653	 91.934653	 91.934653	 91.934653	 91.934653	 91.934653	 91.934653	 91.934653	 91.934653	 91.934653	 91.934653	 91.934653	 91.934653	 91.934653	 91.934653	 91.934653	 91.934653	 91.934653	 91.934653	 91.934653	 91.934653	 91.934653	 91.934653	 91.934653	 91.934653	 91.934653	 91.934653	 91.934653	 91.934653	 91.934653	 91.934653	 91.934653	 91.934653	 91.934653	 91.934653	 91.934653	 91.934653	 91.934653	 91.934653	 91.934653	 91.934653	 91.934653	 91.934653	 91.934653	 91.934653	 91.934653	 91.934653	 91.934653	 91.934653	 91.934653	 91.934653	 91.934653	 91.934653	 91.934653	 91.934653	 91.934653	 91.934653	 91.934653	 91.934653	 91.934653	 91.934653	 91.934653	 91.934653	 91.934653	 91.934653	 91.934653	 91.934653	 91.934653	 91.934653	 91.934653	 91.934653	 91.934653	 91.934653	 91.934653	 91.934653	 91.934653	 91.934653	 91.934653	 91.934653	 91.934653	 91.934653	 91.934653	 91.934653	 91.934653	 91.934653	 91.934653	 91.934653	 91.934653	 91.934653	 91.934653	 91.934653	 91.934653	 91.934653	 91.934653	 91.934653	 91.934653	 91.934653	 91.934653	 91.934653	 91.934653	 91.934653	 91.934653	 91.934653	 91.934653	 91.934653	 91.934653	 91.934653	 91.934653	 91.934653	 91.934653	 91.934653	 91.934653	 91.934653	 91.934653	 91.934653	 91.934653	 91.934653	 91.934653	 91.934653	 91.934653	
        99	 97.744465	 96.504685	 95.295823	 94.131892	 93.025277	  91.98634	 91.023159	 90.141388	  89.34424	 88.632598	 88.005219	 87.459019	 86.989414	 86.590681	 86.256327	 85.979431	 85.752955	 85.570005	 85.424036	 85.309006	 85.219468	 85.150626	 85.098343	 85.059119	  85.03005	 85.008768	 84.993374	 84.982375	 84.974609	 84.969192	 84.965459	 84.962917	 84.961206	 84.960068	  84.95932	 84.958835	 84.958523	 84.958325	 84.958201	 84.958125	 84.958077	 84.958049	 84.958032	 84.958022	 84.958016	 84.958012	 84.958011	 84.958009	 84.958009	 84.958008	 84.958008	 84.958008	 84.958008	 84.958008	 84.958008	 84.958008	 84.958008	 84.958008	 84.958008	 84.958008	 84.958008	 84.958008	 84.958008	 84.958008	 84.958008	 84.958008	 84.958008	 84.958008	 84.958008	 84.958008	 84.958008	 84.958008	 84.958008	 84.958008	 84.958008	 84.958008	 84.958008	 84.958008	 84.958008	 84.958008	 84.958008	 84.958008	 84.958008	 84.958008	 84.958008	 84.958008	 84.958008	 84.958008	 84.958008	 84.958008	 84.958008	 84.958008	 84.958008	 84.958008	 84.958008	 84.958008	 84.958008	 84.958008	 84.958008	 84.958008	 84.958008	 84.958008	 84.958008	 84.958008	 84.958008	 84.958008	 84.958008	 84.958008	 84.958008	 84.958008	 84.958008	 84.958008	 84.958008	 84.958008	 84.958008	 84.958008	 84.958008	 84.958008	 84.958008	 84.958008	 84.958008	 84.958008	 84.958008	 84.958008	 84.958008	 84.958008	 84.958008	 84.958008	 84.958008	 84.958008	 84.958008	 84.958008	 84.958008	 84.958008	 84.958008	 84.958008	 84.958008	 84.958008	 84.958008	 84.958008	 84.958008	 84.958008	 84.958008	 84.958008	 84.958008	 84.958008	 84.958008	 84.958008	 84.958008	 84.958008	 84.958008	 84.958008	 84.958008	 84.958008	 84.958008	 84.958008	 84.958008	 84.958008	 84.958008	 84.958008	 84.958008	 84.958008	 84.958008	 84.958008	 84.958008	 84.958008	 84.958008	 84.958008	 84.958008	 84.958008	 84.958008	 84.958008	 84.958008	 84.958008	 84.958008	 84.958008	 84.958008	 84.958008	 84.958008	 84.958008	 84.958008	 84.958008	 84.958008	 84.958008	 84.958008	 84.958008	 84.958008	 84.958008	 84.958008	 84.958008	 84.958008	 84.958008	 84.958008	 84.958008	 84.958008	 84.958008	 84.958008	 84.958008	 84.958008	
        99	 97.136217	 95.295823	 93.501324	 91.773526	 90.130809	 88.588559	 87.158767	 85.849824	 84.666501	 83.610108	 82.678799	 81.867998	 81.170899	 80.579006	  80.08268	 79.671647	  79.33546	 79.063885	 78.847206	 78.676453	 78.543542	 78.441352	 78.363743	 78.305519	 78.262369	 78.230778	 78.207928	 78.191601	 78.180073	 78.172033	 78.166491	 78.162717	 78.160178	 78.158489	 78.157379	 78.156658	 78.156196	 78.155902	 78.155718	 78.155604	 78.155534	 78.155492	 78.155467	 78.155452	 78.155443	 78.155438	 78.155435	 78.155433	 78.155432	 78.155432	 78.155432	 78.155431	 78.155431	 78.155431	 78.155431	 78.155431	 78.155431	 78.155431	 78.155431	 78.155431	 78.155431	 78.155431	 78.155431	 78.155431	 78.155431	 78.155431	 78.155431	 78.155431	 78.155431	 78.155431	 78.155431	 78.155431	 78.155431	 78.155431	 78.155431	 78.155431	 78.155431	 78.155431	 78.155431	 78.155431	 78.155431	 78.155431	 78.155431	 78.155431	 78.155431	 78.155431	 78.155431	 78.155431	 78.155431	 78.155431	 78.155431	 78.155431	 78.155431	 78.155431	 78.155431	 78.155431	 78.155431	 78.155431	 78.155431	 78.155431	 78.155431	 78.155431	 78.155431	 78.155431	 78.155431	 78.155431	 78.155431	 78.155431	 78.155431	 78.155431	 78.155431	 78.155431	 78.155431	 78.155431	 78.155431	 78.155431	 78.155431	 78.155431	 78.155431	 78.155431	 78.155431	 78.155431	 78.155431	 78.155431	 78.155431	 78.155431	 78.155431	 78.155431	 78.155431	 78.155431	 78.155431	 78.155431	 78.155431	 78.155431	 78.155431	 78.155431	 78.155431	 78.155431	 78.155431	 78.155431	 78.155431	 78.155431	 78.155431	 78.155431	 78.155431	 78.155431	 78.155431	 78.155431	 78.155431	 78.155431	 78.155431	 78.155431	 78.155431	 78.155431	 78.155431	 78.155431	 78.155431	 78.155431	 78.155431	 78.155431	 78.155431	 78.155431	 78.155431	 78.155431	 78.155431	 78.155431	 78.155431	 78.155431	 78.155431	 78.155431	 78.155431	 78.155431	 78.155431	 78.155431	 78.155431	 78.155431	 78.155431	 78.155431	 78.155431	 78.155431	 78.155431	 78.155431	 78.155431	 78.155431	 78.155431	 78.155431	 78.155431	 78.155431	 78.155431	 78.155431	 78.155431	 78.155431	 78.155431	 78.155431	 78.155431	 78.155431	 78.155431	 78.155431	 78.155431	
        99	 96.550578	 94.131892	 91.773526	 89.502819	  87.34393	 85.317078	 83.438022	  81.71779	 80.162653	  78.77433	 77.550397	 76.484837	 75.568707	 74.790842	 74.138572	 73.598395	 73.156581	 72.799681	 72.514926	 72.290526	 72.115858	 71.981564	 71.879573	 71.803057	 71.746352	 71.704836	 71.674809	 71.653352	 71.638204	 71.627638	 71.620356	 71.615396	 71.612059	  71.60984	 71.608381	 71.607434	 71.606826	  71.60644	 71.606199	 71.606049	 71.605957	 71.605901	 71.605868	 71.605848	 71.605837	  71.60583	 71.605826	 71.605824	 71.605823	 71.605822	 71.605822	 71.605822	 71.605822	 71.605822	 71.605822	 71.605822	 71.605822	 71.605822	 71.605822	 71.605822	 71.605822	 71.605822	 71.605822	 71.605822	 71.605822	 71.605822	 71.605822	 71.605822	 71.605822	 71.605822	 71.605822	 71.605822	 71.605822	 71.605822	 71.605822	 71.605822	 71.605822	 71.605822	 71.605822	 71.605822	 71.605822	 71.605822	 71.605822	 71.605822	 71.605822	 71.605822	 71.605822	 71.605822	 71.605822	 71.605822	 71.605822	 71.605822	 71.605822	 71.605822	 71.605822	 71.605822	 71.605822	 71.605822	 71.605822	 71.605822	 71.605822	 71.605822	 71.605822	 71.605822	 71.605822	 71.605822	 71.605822	 71.605822	 71.605822	 71.605822	 71.605822	 71.605822	 71.605822	 71.605822	 71.605822	 71.605822	 71.605822	 71.605822	 71.605822	 71.605822	 71.605822	 71.605822	 71.605822	 71.605822	 71.605822	 71.605822	 71.605822	 71.605822	 71.605822	 71.605822	 71.605822	 71.605822	 71.605822	 71.605822	 71.605822	 71.605822	 71.605822	 71.605822	 71.605822	 71.605822	 71.605822	 71.605822	 71.605822	 71.605822	 71.605822	 71.605822	 71.605822	 71.605822	 71.605822	 71.605822	 71.605822	 71.605822	 71.605822	 71.605822	 71.605822	 71.605822	 71.605822	 71.605822	 71.605822	 71.605822	 71.605822	 71.605822	 71.605822	 71.605822	 71.605822	 71.605822	 71.605822	 71.605822	 71.605822	 71.605822	 71.605822	 71.605822	 71.605822	 71.605822	 71.605822	 71.605822	 71.605822	 71.605822	 71.605822	 71.605822	 71.605822	 71.605822	 71.605822	 71.605822	 71.605822	 71.605822	 71.605822	 71.605822	 71.605822	 71.605822	 71.605822	 71.605822	 71.605822	 71.605822	 71.605822	 71.605822	 71.605822	 71.605822	 71.605822	
        99	 95.993776	 93.025277	 90.130809	  87.34393	 84.694289	 82.206702	  79.90051	 77.789249	 75.880614	 74.176715	 72.674576	 71.366813	 70.242448	 69.287779	 68.487253	 67.824302	 67.282072	 66.844056	 66.494584	 66.219185	 66.004821	 65.840008	 65.714839	 65.620936	 65.551344	 65.500395	 65.463545	 65.437213	 65.418623	 65.405656	 65.396719	 65.390633	 65.386538	 65.383814	 65.382025	 65.380862	 65.380116	 65.379643	 65.379346	 65.379163	  65.37905	 65.378982	 65.378941	 65.378917	 65.378902	 65.378894	  65.37889	 65.378887	 65.378885	 65.378885	 65.378884	 65.378884	 65.378884	 65.378884	 65.378884	 65.378884	 65.378884	 65.378884	 65.378884	 65.378884	 65.378884	 65.378884	 65.378884	 65.378884	 65.378884	 65.378884	 65.378884	 65.378884	 65.378884	 65.378884	 65.378884	 65.378884	 65.378884	 65.378884	 65.378884	 65.378884	 65.378884	 65.378884	 65.378884	 65.378884	 65.378884	 65.378884	 65.378884	 65.378884	 65.378884	 65.378884	 65.378884	 65.378884	 65.378884	 65.378884	 65.378884	 65.378884	 65.378884	 65.378884	 65.378884	 65.378884	 65.378884	 65.378884	 65.378884	 65.378884	 65.378884	 65.378884	 65.378884	 65.378884	 65.378884	 65.378884	 65.378884	 65.378884	 65.378884	 65.378884	 65.378884	 65.378884	 65.378884	 65.378884	 65.378884	 65.378884	 65.378884	 65.378884	 65.378884	 65.378884	 65.378884	 65.378884	 65.378884	 65.378884	 65.378884	 65.378884	 65.378884	 65.378884	 65.378884	 65.378884	 65.378884	 65.378884	 65.378884	 65.378884	 65.378884	 65.378884	 65.378884	 65.378884	 65.378884	 65.378884	 65.378884	 65.378884	 65.378884	 65.378884	 65.378884	 65.378884	 65.378884	 65.378884	 65.378884	 65.378884	 65.378884	 65.378884	 65.378884	 65.378884	 65.378884	 65.378884	 65.378884	 65.378884	 65.378884	 65.378884	 65.378884	 65.378884	 65.378884	 65.378884	 65.378884	 65.378884	 65.378884	 65.378884	 65.378884	 65.378884	 65.378884	 65.378884	 65.378884	 65.378884	 65.378884	 65.378884	 65.378884	 65.378884	 65.378884	 65.378884	 65.378884	 65.378884	 65.378884	 65.378884	 65.378884	 65.378884	 65.378884	 65.378884	 65.378884	 65.378884	 65.378884	 65.378884	 65.378884	 65.378884	 65.378884	 65.378884	 65.378884	 65.378884	 65.378884	
        99	 95.471027	  91.98634	 88.588559	 85.317078	 82.206702	 79.286562	 76.579365	 74.100997	 71.860492	 69.860329	  68.09701	 66.561868	 65.242015	 64.121366	 63.181664	 62.403457	 61.766962	   61.2528	 60.842577	 60.519306	  60.26768	  60.07422	 59.927295	 59.817071	 59.735385	 59.675581	 59.632327	 59.601419	 59.579599	 59.564379	 59.553889	 59.546746	 59.541939	 59.538742	 59.536642	 59.535278	 59.534402	 59.533847	 59.533498	 59.533283	  59.53315	  59.53307	 59.533022	 59.532994	 59.532977	 59.532968	 59.532962	 59.532959	 59.532957	 59.532956	 59.532956	 59.532956	 59.532955	 59.532955	 59.532955	 59.532955	 59.532955	 59.532955	 59.532955	 59.532955	 59.532955	 59.532955	 59.532955	 59.532955	 59.532955	 59.532955	 59.532955	 59.532955	 59.532955	 59.532955	 59.532955	 59.532955	 59.532955	 59.532955	 59.532955	 59.532955	 59.532955	 59.532955	 59.532955	 59.532955	 59.532955	 59.532955	 59.532955	 59.532955	 59.532955	 59.532955	 59.532955	 59.532955	 59.532955	 59.532955	 59.532955	 59.532955	 59.532955	 59.532955	 59.532955	 59.532955	 59.532955	 59.532955	 59.532955	 59.532955	 59.532955	 59.532955	 59.532955	 59.532955	 59.532955	 59.532955	 59.532955	 59.532955	 59.532955	 59.532955	 59.532955	 59.532955	 59.532955	 59.532955	 59.532955	 59.532955	 59.532955	 59.532955	 59.532955	 59.532955	 59.532955	 59.532955	 59.532955	 59.532955	 59.532955	 59.532955	 59.532955	 59.532955	 59.532955	 59.532955	 59.532955	 59.532955	 59.532955	 59.532955	 59.532955	 59.532955	 59.532955	 59.532955	 59.532955	 59.532955	 59.532955	 59.532955	 59.532955	 59.532955	 59.532955	 59.532955	 59.532955	 59.532955	 59.532955	 59.532955	 59.532955	 59.532955	 59.532955	 59.532955	 59.532955	 59.532955	 59.532955	 59.532955	 59.532955	 59.532955	 59.532955	 59.532955	 59.532955	 59.532955	 59.532955	 59.532955	 59.532955	 59.532955	 59.532955	 59.532955	 59.532955	 59.532955	 59.532955	 59.532955	 59.532955	 59.532955	 59.532955	 59.532955	 59.532955	 59.532955	 59.532955	 59.532955	 59.532955	 59.532955	 59.532955	 59.532955	 59.532955	 59.532955	 59.532955	 59.532955	 59.532955	 59.532955	 59.532955	 59.532955	 59.532955	 59.532955	 59.532955	 59.532955	 59.532955	
        99	 94.986395	 91.023159	 87.158767	 83.438022	  79.90051	 76.579365	 73.500409	 70.681712	 68.133548	 65.858734	 63.853292	 62.107365	 60.606292	 59.331779	 58.263062	 57.378016	 56.654141	 56.069396	 55.602861	 55.235215	 54.949052	 54.729039	 54.561949	 54.436599	 54.343703	 54.275693	 54.226503	 54.191355	 54.166541	 54.149233	 54.137305	 54.129182	 54.123715	  54.12008	 54.117692	 54.116141	 54.115145	 54.114513	 54.114117	 54.113872	 54.113722	  54.11363	 54.113576	 54.113544	 54.113525	 54.113514	 54.113508	 54.113504	 54.113502	 54.113501	   54.1135	   54.1135	   54.1135	   54.1135	   54.1135	   54.1135	   54.1135	   54.1135	   54.1135	   54.1135	   54.1135	   54.1135	   54.1135	   54.1135	   54.1135	   54.1135	   54.1135	   54.1135	   54.1135	   54.1135	   54.1135	   54.1135	   54.1135	   54.1135	   54.1135	   54.1135	   54.1135	   54.1135	   54.1135	   54.1135	   54.1135	   54.1135	   54.1135	   54.1135	   54.1135	   54.1135	   54.1135	   54.1135	   54.1135	   54.1135	   54.1135	   54.1135	   54.1135	   54.1135	   54.1135	   54.1135	   54.1135	   54.1135	   54.1135	   54.1135	   54.1135	   54.1135	   54.1135	   54.1135	   54.1135	   54.1135	   54.1135	   54.1135	   54.1135	   54.1135	   54.1135	   54.1135	   54.1135	   54.1135	   54.1135	   54.1135	   54.1135	   54.1135	   54.1135	   54.1135	   54.1135	   54.1135	   54.1135	   54.1135	   54.1135	   54.1135	   54.1135	   54.1135	   54.1135	   54.1135	   54.1135	   54.1135	   54.1135	   54.1135	   54.1135	   54.1135	   54.1135	   54.1135	   54.1135	   54.1135	   54.1135	   54.1135	   54.1135	   54.1135	   54.1135	   54.1135	   54.1135	   54.1135	   54.1135	   54.1135	   54.1135	   54.1135	   54.1135	   54.1135	   54.1135	   54.1135	   54.1135	   54.1135	   54.1135	   54.1135	   54.1135	   54.1135	   54.1135	   54.1135	   54.1135	   54.1135	   54.1135	   54.1135	   54.1135	   54.1135	   54.1135	   54.1135	   54.1135	   54.1135	   54.1135	   54.1135	   54.1135	   54.1135	   54.1135	   54.1135	   54.1135	   54.1135	   54.1135	   54.1135	   54.1135	   54.1135	   54.1135	   54.1135	   54.1135	   54.1135	   54.1135	   54.1135	   54.1135	   54.1135	   54.1135	   54.1135	   54.1135	   54.1135	   54.1135	
        99	 94.542725	 90.141388	 85.849824	  81.71779	 77.789249	 74.100997	 70.681712	 67.551461	 64.721652	 62.195413	 59.968327	 58.029444	 56.362483	 54.947125	 53.760311	 52.777469	 51.973611	  51.32426	 50.806182	 50.397921	 50.080147	 49.835831	 49.650287	 49.511092	 49.407937	 49.332417	 49.277796	 49.238767	 49.211214	 49.191996	 49.178751	 49.169731	 49.163661	 49.159625	 49.156973	 49.155251	 49.154145	 49.153444	 49.153004	 49.152732	 49.152565	 49.152464	 49.152403	 49.152367	 49.152347	 49.152334	 49.152327	 49.152324	 49.152321	  49.15232	 49.152319	 49.152319	 49.152319	 49.152319	 49.152319	 49.152319	 49.152319	 49.152319	 49.152319	 49.152319	 49.152319	 49.152319	 49.152319	 49.152319	 49.152319	 49.152319	 49.152319	 49.152319	 49.152319	 49.152319	 49.152319	 49.152319	 49.152319	 49.152319	 49.152319	 49.152319	 49.152319	 49.152319	 49.152319	 49.152319	 49.152319	 49.152319	 49.152319	 49.152319	 49.152319	 49.152319	 49.152319	 49.152319	 49.152319	 49.152319	 49.152319	 49.152319	 49.152319	 49.152319	 49.152319	 49.152319	 49.152319	 49.152319	 49.152319	 49.152319	 49.152319	 49.152319	 49.152319	 49.152319	 49.152319	 49.152319	 49.152319	 49.152319	 49.152319	 49.152319	 49.152319	 49.152319	 49.152319	 49.152319	 49.152319	 49.152319	 49.152319	 49.152319	 49.152319	 49.152319	 49.152319	 49.152319	 49.152319	 49.152319	 49.152319	 49.152319	 49.152319	 49.152319	 49.152319	 49.152319	 49.152319	 49.152319	 49.152319	 49.152319	 49.152319	 49.152319	 49.152319	 49.152319	 49.152319	 49.152319	 49.152319	 49.152319	 49.152319	 49.152319	 49.152319	 49.152319	 49.152319	 49.152319	 49.152319	 49.152319	 49.152319	 49.152319	 49.152319	 49.152319	 49.152319	 49.152319	 49.152319	 49.152319	 49.152319	 49.152319	 49.152319	 49.152319	 49.152319	 49.152319	 49.152319	 49.152319	 49.152319	 49.152319	 49.152319	 49.152319	 49.152319	 49.152319	 49.152319	 49.152319	 49.152319	 49.152319	 49.152319	 49.152319	 49.152319	 49.152319	 49.152319	 49.152319	 49.152319	 49.152319	 49.152319	 49.152319	 49.152319	 49.152319	 49.152319	 49.152319	 49.152319	 49.152319	 49.152319	 49.152319	 49.152319	 49.152319	 49.152319	 49.152319	 49.152319	
        99	 94.141633	  89.34424	 84.666501	 80.162653	 75.880614	 71.860492	 68.133548	 64.721652	 61.637239	 58.883718	 56.456272	 54.342965	 52.526051	  50.98338	 49.689817	 48.618577	 47.742425	 47.034679	 46.470015	 46.025046	 45.678702	 45.412422	 45.210199	 45.058493	 44.946067	 44.863761	 44.804232	 44.761697	 44.731669	 44.710724	 44.696289	 44.686459	 44.679845	 44.675446	 44.672556	 44.670679	 44.669474	  44.66871	 44.668231	 44.667934	 44.667752	 44.667642	 44.667576	 44.667537	 44.667514	 44.667501	 44.667494	 44.667489	 44.667487	 44.667486	 44.667485	 44.667485	 44.667484	 44.667484	 44.667484	 44.667484	 44.667484	 44.667484	 44.667484	 44.667484	 44.667484	 44.667484	 44.667484	 44.667484	 44.667484	 44.667484	 44.667484	 44.667484	 44.667484	 44.667484	 44.667484	 44.667484	 44.667484	 44.667484	 44.667484	 44.667484	 44.667484	 44.667484	 44.667484	 44.667484	 44.667484	 44.667484	 44.667484	 44.667484	 44.667484	 44.667484	 44.667484	 44.667484	 44.667484	 44.667484	 44.667484	 44.667484	 44.667484	 44.667484	 44.667484	 44.667484	 44.667484	 44.667484	 44.667484	 44.667484	 44.667484	 44.667484	 44.667484	 44.667484	 44.667484	 44.667484	 44.667484	 44.667484	 44.667484	 44.667484	 44.667484	 44.667484	 44.667484	 44.667484	 44.667484	 44.667484	 44.667484	 44.667484	 44.667484	 44.667484	 44.667484	 44.667484	 44.667484	 44.667484	 44.667484	 44.667484	 44.667484	 44.667484	 44.667484	 44.667484	 44.667484	 44.667484	 44.667484	 44.667484	 44.667484	 44.667484	 44.667484	 44.667484	 44.667484	 44.667484	 44.667484	 44.667484	 44.667484	 44.667484	 44.667484	 44.667484	 44.667484	 44.667484	 44.667484	 44.667484	 44.667484	 44.667484	 44.667484	 44.667484	 44.667484	 44.667484	 44.667484	 44.667484	 44.667484	 44.667484	 44.667484	 44.667484	 44.667484	 44.667484	 44.667484	 44.667484	 44.667484	 44.667484	 44.667484	 44.667484	 44.667484	 44.667484	 44.667484	 44.667484	 44.667484	 44.667484	 44.667484	 44.667484	 44.667484	 44.667484	 44.667484	 44.667484	 44.667484	 44.667484	 44.667484	 44.667484	 44.667484	 44.667484	 44.667484	 44.667484	 44.667484	 44.667484	 44.667484	 44.667484	 44.667484	 44.667484	 44.667484	 44.667484	 44.667484	
        99	 93.783565	 88.632598	 83.610108	  78.77433	 74.176715	 69.860329	 65.858734	 62.195413	 58.883718	 55.927306	 53.321006	    51.052	 49.101232	 47.444919	 46.056071	  44.90593	  43.96525	 43.205384	 42.599141	  42.12141	 41.749568	 41.463687	 41.246579	 41.083708	  40.96301	 40.874647	  40.81074	 40.765075	 40.732839	 40.710354	 40.694858	 40.684305	 40.677204	 40.672483	  40.66938	 40.667365	 40.666072	 40.665252	 40.664738	 40.664419	 40.664224	 40.664106	 40.664035	 40.663993	 40.663968	 40.663954	 40.663946	 40.663941	 40.663939	 40.663937	 40.663937	 40.663936	 40.663936	 40.663936	 40.663936	 40.663936	 40.663936	 40.663936	 40.663936	 40.663936	 40.663936	 40.663936	 40.663936	 40.663936	 40.663936	 40.663936	 40.663936	 40.663936	 40.663936	 40.663936	 40.663936	 40.663936	 40.663936	 40.663936	 40.663936	 40.663936	 40.663936	 40.663936	 40.663936	 40.663936	 40.663936	 40.663936	 40.663936	 40.663936	 40.663936	 40.663936	 40.663936	 40.663936	 40.663936	 40.663936	 40.663936	 40.663936	 40.663936	 40.663936	 40.663936	 40.663936	 40.663936	 40.663936	 40.663936	 40.663936	 40.663936	 40.663936	 40.663936	 40.663936	 40.663936	 40.663936	 40.663936	 40.663936	 40.663936	 40.663936	 40.663936	 40.663936	 40.663936	 40.663936	 40.663936	 40.663936	 40.663936	 40.663936	 40.663936	 40.663936	 40.663936	 40.663936	 40.663936	 40.663936	 40.663936	 40.663936	 40.663936	 40.663936	 40.663936	 40.663936	 40.663936	 40.663936	 40.663936	 40.663936	 40.663936	 40.663936	 40.663936	 40.663936	 40.663936	 40.663936	 40.663936	 40.663936	 40.663936	 40.663936	 40.663936	 40.663936	 40.663936	 40.663936	 40.663936	 40.663936	 40.663936	 40.663936	 40.663936	 40.663936	 40.663936	 40.663936	 40.663936	 40.663936	 40.663936	 40.663936	 40.663936	 40.663936	 40.663936	 40.663936	 40.663936	 40.663936	 40.663936	 40.663936	 40.663936	 40.663936	 40.663936	 40.663936	 40.663936	 40.663936	 40.663936	 40.663936	 40.663936	 40.663936	 40.663936	 40.663936	 40.663936	 40.663936	 40.663936	 40.663936	 40.663936	 40.663936	 40.663936	 40.663936	 40.663936	 40.663936	 40.663936	 40.663936	 40.663936	 40.663936	 40.663936	 40.663936	 40.663936	 40.663936	 40.663936	
        99	 93.467893	 88.005219	 82.678799	 77.550397	 72.674576	  68.09701	 63.853292	 59.968327	 56.456272	 53.321006	 50.557043	 48.150788	 46.082029	 44.325543	 42.852707	  41.63302	 40.635465	 39.829662	 39.186773	 38.680167	 38.285854	 37.982699	 37.752474	 37.579765	 37.451776	 37.358078	 37.290311	  37.24189	 37.207708	 37.183866	 37.167435	 37.156246	 37.148717	 37.143711	 37.140421	 37.138285	 37.136914	 37.136044	 37.135499	 37.135161	 37.134954	 37.134829	 37.134754	 37.134709	 37.134683	 37.134668	 37.134659	 37.134655	 37.134652	  37.13465	  37.13465	 37.134649	 37.134649	 37.134649	 37.134649	 37.134649	 37.134649	 37.134649	 37.134649	 37.134649	 37.134649	 37.134649	 37.134649	 37.134649	 37.134649	 37.134649	 37.134649	 37.134649	 37.134649	 37.134649	 37.134649	 37.134649	 37.134649	 37.134649	 37.134649	 37.134649	 37.134649	 37.134649	 37.134649	 37.134649	 37.134649	 37.134649	 37.134649	 37.134649	 37.134649	 37.134649	 37.134649	 37.134649	 37.134649	 37.134649	 37.134649	 37.134649	 37.134649	 37.134649	 37.134649	 37.134649	 37.134649	 37.134649	 37.134649	 37.134649	 37.134649	 37.134649	 37.134649	 37.134649	 37.134649	 37.134649	 37.134649	 37.134649	 37.134649	 37.134649	 37.134649	 37.134649	 37.134649	 37.134649	 37.134649	 37.134649	 37.134649	 37.134649	 37.134649	 37.134649	 37.134649	 37.134649	 37.134649	 37.134649	 37.134649	 37.134649	 37.134649	 37.134649	 37.134649	 37.134649	 37.134649	 37.134649	 37.134649	 37.134649	 37.134649	 37.134649	 37.134649	 37.134649	 37.134649	 37.134649	 37.134649	 37.134649	 37.134649	 37.134649	 37.134649	 37.134649	 37.134649	 37.134649	 37.134649	 37.134649	 37.134649	 37.134649	 37.134649	 37.134649	 37.134649	 37.134649	 37.134649	 37.134649	 37.134649	 37.134649	 37.134649	 37.134649	 37.134649	 37.134649	 37.134649	 37.134649	 37.134649	 37.134649	 37.134649	 37.134649	 37.134649	 37.134649	 37.134649	 37.134649	 37.134649	 37.134649	 37.134649	 37.134649	 37.134649	 37.134649	 37.134649	 37.134649	 37.134649	 37.134649	 37.134649	 37.134649	 37.134649	 37.134649	 37.134649	 37.134649	 37.134649	 37.134649	 37.134649	 37.134649	 37.134649	 37.134649	 37.134649	 37.134649	 37.134649	
        99	 93.193067	 87.459019	 81.867998	 76.484837	 71.366813	 66.561868	 62.107365	 58.029444	 54.342965	    51.052	 48.150788	 45.625056	 43.453588	 41.609906	 40.063962	  38.78374	 37.736681	 36.890895	 36.216111	 35.684376	 35.270506	 34.952318	 34.710679	 34.529408	 34.395076	 34.296734	 34.225611	 34.174791	 34.138916	 34.113894	 34.096649	 34.084907	 34.077005	 34.071751	 34.068299	 34.066057	 34.064618	 34.063705	 34.063133	 34.062779	 34.062561	  34.06243	 34.062351	 34.062305	 34.062277	 34.062261	 34.062252	 34.062247	 34.062244	 34.062243	 34.062242	 34.062242	 34.062241	 34.062241	 34.062241	 34.062241	 34.062241	 34.062241	 34.062241	 34.062241	 34.062241	 34.062241	 34.062241	 34.062241	 34.062241	 34.062241	 34.062241	 34.062241	 34.062241	 34.062241	 34.062241	 34.062241	 34.062241	 34.062241	 34.062241	 34.062241	 34.062241	 34.062241	 34.062241	 34.062241	 34.062241	 34.062241	 34.062241	 34.062241	 34.062241	 34.062241	 34.062241	 34.062241	 34.062241	 34.062241	 34.062241	 34.062241	 34.062241	 34.062241	 34.062241	 34.062241	 34.062241	 34.062241	 34.062241	 34.062241	 34.062241	 34.062241	 34.062241	 34.062241	 34.062241	 34.062241	 34.062241	 34.062241	 34.062241	 34.062241	 34.062241	 34.062241	 34.062241	 34.062241	 34.062241	 34.062241	 34.062241	 34.062241	 34.062241	 34.062241	 34.062241	 34.062241	 34.062241	 34.062241	 34.062241	 34.062241	 34.062241	 34.062241	 34.062241	 34.062241	 34.062241	 34.062241	 34.062241	 34.062241	 34.062241	 34.062241	 34.062241	 34.062241	 34.062241	 34.062241	 34.062241	 34.062241	 34.062241	 34.062241	 34.062241	 34.062241	 34.062241	 34.062241	 34.062241	 34.062241	 34.062241	 34.062241	 34.062241	 34.062241	 34.062241	 34.062241	 34.062241	 34.062241	 34.062241	 34.062241	 34.062241	 34.062241	 34.062241	 34.062241	 34.062241	 34.062241	 34.062241	 34.062241	 34.062241	 34.062241	 34.062241	 34.062241	 34.062241	 34.062241	 34.062241	 34.062241	 34.062241	 34.062241	 34.062241	 34.062241	 34.062241	 34.062241	 34.062241	 34.062241	 34.062241	 34.062241	 34.062241	 34.062241	 34.062241	 34.062241	 34.062241	 34.062241	 34.062241	 34.062241	 34.062241	 34.062241	 34.062241	 34.062241	 34.062241	
        99	 92.956781	 86.989414	 81.170899	 75.568707	 70.242448	 65.242015	 60.606292	 56.362483	 52.526051	 49.101232	 46.082029	 43.453588	 41.193827	 39.275189	 37.666402	 36.334145	 35.244536	 34.364384	 33.662187	 33.108853	 32.678176	 32.347068	  32.09562	 31.906992	 31.767209	 31.664878	  31.59087	  31.53799	  31.50066	 31.474624	 31.456681	 31.444462	 31.436241	 31.430774	 31.427182	  31.42485	 31.423353	 31.422403	 31.421808	 31.421439	 31.421213	 31.421076	 31.420994	 31.420946	 31.420917	 31.420901	 31.420891	 31.420886	 31.420883	 31.420882	 31.420881	  31.42088	  31.42088	  31.42088	  31.42088	  31.42088	  31.42088	  31.42088	  31.42088	  31.42088	  31.42088	  31.42088	  31.42088	  31.42088	  31.42088	  31.42088	  31.42088	  31.42088	  31.42088	  31.42088	  31.42088	  31.42088	  31.42088	  31.42088	  31.42088	  31.42088	  31.42088	  31.42088	  31.42088	  31.42088	  31.42088	  31.42088	  31.42088	  31.42088	  31.42088	  31.42088	  31.42088	  31.42088	  31.42088	  31.42088	  31.42088	  31.42088	  31.42088	  31.42088	  31.42088	  31.42088	  31.42088	  31.42088	  31.42088	  31.42088	  31.42088	  31.42088	  31.42088	  31.42088	  31.42088	  31.42088	  31.42088	  31.42088	  31.42088	  31.42088	  31.42088	  31.42088	  31.42088	  31.42088	  31.42088	  31.42088	  31.42088	  31.42088	  31.42088	  31.42088	  31.42088	  31.42088	  31.42088	  31.42088	  31.42088	  31.42088	  31.42088	  31.42088	  31.42088	  31.42088	  31.42088	  31.42088	  31.42088	  31.42088	  31.42088	  31.42088	  31.42088	  31.42088	  31.42088	  31.42088	  31.42088	  31.42088	  31.42088	  31.42088	  31.42088	  31.42088	  31.42088	  31.42088	  31.42088	  31.42088	  31.42088	  31.42088	  31.42088	  31.42088	  31.42088	  31.42088	  31.42088	  31.42088	  31.42088	  31.42088	  31.42088	  31.42088	  31.42088	  31.42088	  31.42088	  31.42088	  31.42088	  31.42088	  31.42088	  31.42088	  31.42088	  31.42088	  31.42088	  31.42088	  31.42088	  31.42088	  31.42088	  31.42088	  31.42088	  31.42088	  31.42088	  31.42088	  31.42088	  31.42088	  31.42088	  31.42088	  31.42088	  31.42088	  31.42088	  31.42088	  31.42088	  31.42088	  31.42088	  31.42088	  31.42088	  31.42088	  31.42088	  31.42088	  31.42088	
        99	 92.756154	 86.590681	 80.579006	 74.790842	 69.287779	 64.121366	 59.331779	 54.947125	  50.98338	 47.444919	 44.325543	 41.609906	 39.275189	 37.292919	 35.630784	 34.254357	 33.128629	 32.219306	 31.493841	 30.922176	 30.477233	 30.135162	 29.875389	 29.680518	 29.536109	 29.430393	 29.353937	 29.299309	 29.260746	 29.233849	 29.215313	 29.202691	 29.194199	 29.188552	 29.184841	 29.182432	 29.180885	 29.179904	 29.179289	 29.178908	 29.178675	 29.178534	 29.178449	 29.178399	  29.17837	 29.178353	 29.178343	 29.178337	 29.178334	 29.178333	 29.178332	 29.178331	 29.178331	 29.178331	 29.178331	 29.178331	 29.178331	 29.178331	 29.178331	 29.178331	 29.178331	 29.178331	 29.178331	 29.178331	 29.178331	 29.178331	 29.178331	 29.178331	 29.178331	 29.178331	 29.178331	 29.178331	 29.178331	 29.178331	 29.178331	 29.178331	 29.178331	 29.178331	 29.178331	 29.178331	 29.178331	 29.178331	 29.178331	 29.178331	 29.178331	 29.178331	 29.178331	 29.178331	 29.178331	 29.178331	 29.178331	 29.178331	 29.178331	 29.178331	 29.178331	 29.178331	 29.178331	 29.178331	 29.178331	 29.178331	 29.178331	 29.178331	 29.178331	 29.178331	 29.178331	 29.178331	 29.178331	 29.178331	 29.178331	 29.178331	 29.178331	 29.178331	 29.178331	 29.178331	 29.178331	 29.178331	 29.178331	 29.178331	 29.178331	 29.178331	 29.178331	 29.178331	 29.178331	 29.178331	 29.178331	 29.178331	 29.178331	 29.178331	 29.178331	 29.178331	 29.178331	 29.178331	 29.178331	 29.178331	 29.178331	 29.178331	 29.178331	 29.178331	 29.178331	 29.178331	 29.178331	 29.178331	 29.178331	 29.178331	 29.178331	 29.178331	 29.178331	 29.178331	 29.178331	 29.178331	 29.178331	 29.178331	 29.178331	 29.178331	 29.178331	 29.178331	 29.178331	 29.178331	 29.178331	 29.178331	 29.178331	 29.178331	 29.178331	 29.178331	 29.178331	 29.178331	 29.178331	 29.178331	 29.178331	 29.178331	 29.178331	 29.178331	 29.178331	 29.178331	 29.178331	 29.178331	 29.178331	 29.178331	 29.178331	 29.178331	 29.178331	 29.178331	 29.178331	 29.178331	 29.178331	 29.178331	 29.178331	 29.178331	 29.178331	 29.178331	 29.178331	 29.178331	 29.178331	 29.178331	 29.178331	 29.178331	 29.178331	 29.178331	 29.178331	
        99	  92.58792	 86.256327	  80.08268	 74.138572	 68.487253	 63.181664	 58.263062	 53.760311	 49.689817	 46.056071	 42.852707	 40.063962	 37.666402	 35.630784	 33.923926	  32.51047	 31.354463	 30.420688	 29.675719	 29.088689	  28.63179	 28.280529	 28.013779	 27.813676	 27.665392	 27.556839	 27.478332	 27.422239	 27.382642	 27.355024	 27.335992	 27.323032	 27.314312	 27.308514	 27.304705	 27.302231	 27.300643	 27.299636	 27.299004	 27.298613	 27.298374	 27.298228	 27.298142	  27.29809	  27.29806	 27.298043	 27.298033	 27.298027	 27.298024	 27.298022	 27.298021	 27.298021	  27.29802	  27.29802	  27.29802	  27.29802	  27.29802	  27.29802	  27.29802	  27.29802	  27.29802	  27.29802	  27.29802	  27.29802	  27.29802	  27.29802	  27.29802	  27.29802	  27.29802	  27.29802	  27.29802	  27.29802	  27.29802	  27.29802	  27.29802	  27.29802	  27.29802	  27.29802	  27.29802	  27.29802	  27.29802	  27.29802	  27.29802	  27.29802	  27.29802	  27.29802	  27.29802	  27.29802	  27.29802	  27.29802	  27.29802	  27.29802	  27.29802	  27.29802	  27.29802	  27.29802	  27.29802	  27.29802	  27.29802	  27.29802	  27.29802	  27.29802	  27.29802	  27.29802	  27.29802	  27.29802	  27.29802	  27.29802	  27.29802	  27.29802	  27.29802	  27.29802	  27.29802	  27.29802	  27.29802	  27.29802	  27.29802	  27.29802	  27.29802	  27.29802	  27.29802	  27.29802	  27.29802	  27.29802	  27.29802	  27.29802	  27.29802	  27.29802	  27.29802	  27.29802	  27.29802	  27.29802	  27.29802	  27.29802	  27.29802	  27.29802	  27.29802	  27.29802	  27.29802	  27.29802	  27.29802	  27.29802	  27.29802	  27.29802	  27.29802	  27.29802	  27.29802	  27.29802	  27.29802	  27.29802	  27.29802	  27.29802	  27.29802	  27.29802	  27.29802	  27.29802	  27.29802	  27.29802	  27.29802	  27.29802	  27.29802	  27.29802	  27.29802	  27.29802	  27.29802	  27.29802	  27.29802	  27.29802	  27.29802	  27.29802	  27.29802	  27.29802	  27.29802	  27.29802	  27.29802	  27.29802	  27.29802	  27.29802	  27.29802	  27.29802	  27.29802	  27.29802	  27.29802	  27.29802	  27.29802	  27.29802	  27.29802	  27.29802	  27.29802	  27.29802	  27.29802	  27.29802	  27.29802	  27.29802	  27.29802	  27.29802	  27.29802	  27.29802	  27.29802	
        99	 92.448597	 85.979431	 79.671647	 73.598395	 67.824302	 62.403457	 57.378016	 52.777469	 48.618577	  44.90593	  41.63302	  38.78374	 36.334145	 34.254357	  32.51047	 31.066357	 29.885283	 28.931265	  28.17015	 27.570401	 27.103605	 26.744737	 26.472213	  26.26778	 26.116288	 26.005388	 25.925184	 25.867879	 25.827427	 25.799213	  25.77977	 25.766531	 25.757623	   25.7517	 25.747808	 25.745281	 25.743659	  25.74263	 25.741985	 25.741586	 25.741341	 25.741192	 25.741104	 25.741051	 25.741021	 25.741003	 25.740993	 25.740987	 25.740984	 25.740982	 25.740981	  25.74098	  25.74098	  25.74098	  25.74098	  25.74098	  25.74098	  25.74098	  25.74098	  25.74098	  25.74098	  25.74098	  25.74098	  25.74098	  25.74098	  25.74098	  25.74098	  25.74098	  25.74098	  25.74098	  25.74098	  25.74098	  25.74098	  25.74098	  25.74098	  25.74098	  25.74098	  25.74098	  25.74098	  25.74098	  25.74098	  25.74098	  25.74098	  25.74098	  25.74098	  25.74098	  25.74098	  25.74098	  25.74098	  25.74098	  25.74098	  25.74098	  25.74098	  25.74098	  25.74098	  25.74098	  25.74098	  25.74098	  25.74098	  25.74098	  25.74098	  25.74098	  25.74098	  25.74098	  25.74098	  25.74098	  25.74098	  25.74098	  25.74098	  25.74098	  25.74098	  25.74098	  25.74098	  25.74098	  25.74098	  25.74098	  25.74098	  25.74098	  25.74098	  25.74098	  25.74098	  25.74098	  25.74098	  25.74098	  25.74098	  25.74098	  25.74098	  25.74098	  25.74098	  25.74098	  25.74098	  25.74098	  25.74098	  25.74098	  25.74098	  25.74098	  25.74098	  25.74098	  25.74098	  25.74098	  25.74098	  25.74098	  25.74098	  25.74098	  25.74098	  25.74098	  25.74098	  25.74098	  25.74098	  25.74098	  25.74098	  25.74098	  25.74098	  25.74098	  25.74098	  25.74098	  25.74098	  25.74098	  25.74098	  25.74098	  25.74098	  25.74098	  25.74098	  25.74098	  25.74098	  25.74098	  25.74098	  25.74098	  25.74098	  25.74098	  25.74098	  25.74098	  25.74098	  25.74098	  25.74098	  25.74098	  25.74098	  25.74098	  25.74098	  25.74098	  25.74098	  25.74098	  25.74098	  25.74098	  25.74098	  25.74098	  25.74098	  25.74098	  25.74098	  25.74098	  25.74098	  25.74098	  25.74098	  25.74098	  25.74098	  25.74098	  25.74098	  25.74098	  25.74098	
        99	 92.334642	 85.752955	  79.33546	 73.156581	 67.282072	 61.766962	 56.654141	 51.973611	 47.742425	  43.96525	 40.635465	 37.736681	 35.244536	 33.128629	 31.354463	 29.885283	 28.683713	 27.713144	 26.938829	 26.328682	 25.853795	  25.48871	 25.211467	 25.003494	  24.84938	 24.736562	 24.654971	 24.596676	 24.555525	 24.526824	 24.507045	 24.493577	 24.484516	 24.478491	 24.474532	 24.471961	 24.470311	 24.469265	 24.468609	 24.468202	 24.467953	 24.467803	 24.467712	 24.467659	 24.467628	  24.46761	 24.467599	 24.467594	  24.46759	 24.467588	 24.467587	 24.467587	 24.467587	 24.467586	 24.467586	 24.467586	 24.467586	 24.467586	 24.467586	 24.467586	 24.467586	 24.467586	 24.467586	 24.467586	 24.467586	 24.467586	 24.467586	 24.467586	 24.467586	 24.467586	 24.467586	 24.467586	 24.467586	 24.467586	 24.467586	 24.467586	 24.467586	 24.467586	 24.467586	 24.467586	 24.467586	 24.467586	 24.467586	 24.467586	 24.467586	 24.467586	 24.467586	 24.467586	 24.467586	 24.467586	 24.467586	 24.467586	 24.467586	 24.467586	 24.467586	 24.467586	 24.467586	 24.467586	 24.467586	 24.467586	 24.467586	 24.467586	 24.467586	 24.467586	 24.467586	 24.467586	 24.467586	 24.467586	 24.467586	 24.467586	 24.467586	 24.467586	 24.467586	 24.467586	 24.467586	 24.467586	 24.467586	 24.467586	 24.467586	 24.467586	 24.467586	 24.467586	 24.467586	 24.467586	 24.467586	 24.467586	 24.467586	 24.467586	 24.467586	 24.467586	 24.467586	 24.467586	 24.467586	 24.467586	 24.467586	 24.467586	 24.467586	 24.467586	 24.467586	 24.467586	 24.467586	 24.467586	 24.467586	 24.467586	 24.467586	 24.467586	 24.467586	 24.467586	 24.467586	 24.467586	 24.467586	 24.467586	 24.467586	 24.467586	 24.467586	 24.467586	 24.467586	 24.467586	 24.467586	 24.467586	 24.467586	 24.467586	 24.467586	 24.467586	 24.467586	 24.467586	 24.467586	 24.467586	 24.467586	 24.467586	 24.467586	 24.467586	 24.467586	 24.467586	 24.467586	 24.467586	 24.467586	 24.467586	 24.467586	 24.467586	 24.467586	 24.467586	 24.467586	 24.467586	 24.467586	 24.467586	 24.467586	 24.467586	 24.467586	 24.467586	 24.467586	 24.467586	 24.467586	 24.467586	 24.467586	 24.467586	 24.467586	 24.467586	 24.467586	
