Time step 30:
        99	        99	        99	        99	        99	        99	        99	        99	        99	        99	        99	        99	        99	        99	        99	        99	        99	        99	        99	        99	        99	        99	        99	        99	        99	        99	        99	        99	        99	        99	        99	        99	        99	        99	        99	        99	        99	        99	        99	        99	        99	        99	        99	        99	        99	        99	        99	        99	        99	        99	        99	        99	        99	        99	        99	        99	        99	        99	        99	        99	        99	        99	        99	        99	        99	        99	        99	        99	        99	        99	        99	        99	        99	        99	        99	        99	        99	        99	        99	        99	        99	        99	        99	        99	        99	        99	        99	        99	        99	        99	        99	        99	        99	        99	        99	        99	        99	        99	        99	        99	        99	        99	        99	        99	        99	        99	        99	        99	        99	        99	        99	        99	        99	        99	        99	        99	        99	        99	        99	        99	        99	        99	        99	        99	        99	        99	        99	        99	        99	        99	        99	        99	        99	        99	        99	        99	        99	        99	        99	        99	        99	        99	        99	        99	        99	        99	        99	        99	        99	        99	        99	        99	        99	        99	        99	        99	        99	        99	        99	        99	        99	        99	        99	        99	        99	        99	        99	        99	        99	        99	        99	        99	        99	        99	        99	        99	        99	        99	        99	        99	        99	        99	        99	        99	        99	        99	        99	        99	        99	        99	        99	        99	        99	        99	        99	        99	        99	        99	        99	        99	
        99	 98.978837	 98.957683	 98.936547	 98.915437	 98.894363	 98.873334	 98.852357	 98.831442	 98.810597	 98.789831	 98.769153	  98.74857	  98.72809	 98.707722	 98.687474	 98.667354	 98.647368	 98.627525	 98.607832	 98.588295	 98.568922	  98.54972	 98.530695	 98.511853	   98.4932	 98.474743	 98.456486	 98.438436	 98.420597	 98.402974	 98.385573	 98.368397	 98.351451	 98.334739	 98.318264	  98.30203	  98.28604	 98.270297	 98.254804	 98.239563	 98.224577	 98.209847	 98.195375	 98.181162	 98.167211	 98.153521	 98.140093	 98.126929	 98.114028	  98.10139	 98.089015	 98.076903	 98.065053	 98.053465	 98.042137	 98.031068	 98.020257	 98.009702	 97.999402	 97.989354	 97.979557	 97.970008	 97.960705	 97.951645	 97.942826	 97.934246	   97.9259	 97.917786	 97.909901	 97.902242	 97.894805	 97.887587	 97.880584	 97.873794	 97.867211	 97.860833	 97.854656	 97.848676	 97.842888	  97.83729	 97.831878	 97.826647	 97.821593	 97.816712	 97.812001	 97.807456	 97.803072	 97.798846	 97.794773	 97.790851	 97.787073	 97.783438	 97.779941	 97.776578	 97.773346	  97.77024	 97.767257	 97.764393	 97.761645	 97.759009	 97.756482	  97.75406	  97.75174	 97.749518	 97.747391	 97.745356	  97.74341	  97.74155	 97.739772	 97.738074	 97.736453	 97.734906	 97.733429	 97.732022	  97.73068	 97.729402	 97.728185	 97.727026	 97.725923	 97.724874	 97.723877	 97.722929	 97.722029	 97.721174	 97.720362	 97.719593	 97.718862	  97.71817	 97.717514	 97.716893	 97.716305	 97.715748	 97.715222	 97.714724	 97.714253	 97.713809	 97.713389	 97.712992	 97.712618	 97.712266	 97.711933	  97.71162	 97.711324	 97.711046	 97.710785	 97.710538	 97.710307	 97.710089	 97.709885	 97.709693	 97.709512	 97.709343	 97.709185	 97.709036	 97.708896	 97.708766	 97.708643	 97.708529	 97.708422	 97.708322	 97.708228	  97.70814	 97.708059	 97.707982	 97.707911	 97.707845	 97.707783	 97.707726	 97.707672	 97.707622	 97.707576	 97.707533	 97.707493	 97.707455	 97.707421	 97.707389	  97.70736	 97.707332	 97.707307	 97.707284	 97.707262	 97.707243	 97.707225	 97.707208	 97.707193	 97.707179	 97.707167	 97.707155	 97.707145	 97.707136	 97.707128	 97.707121	 97.707115	  97.70711	 97.707106	 97.707103	   97.7071	 97.707099	 97.707098	
        99	 98.957683	 98.915384	 98.873121	  98.83091	 98.788771	 98.746721	 98.704776	 98.662955	 98.621274	 98.579751	 98.538403	 98.497245	 98.456295	 98.415568	  98.37508	 98.334848	 98.294885	 98.255207	 98.215828	 98.176764	 98.138026	  98.09963	 98.061587	 98.023911	 97.986613	 97.949706	 97.913201	 97.877108	 97.841438	   97.8062	 97.771405	  97.73706	 97.703175	 97.669758	 97.636815	 97.604354	 97.572381	 97.540902	 97.509922	 97.479447	  97.44948	 97.420026	 97.391088	 97.362669	 97.334772	 97.307398	 97.280548	 97.254225	 97.228428	 97.203157	 97.178413	 97.154194	   97.1305	 97.107328	 97.084676	 97.062543	 97.040926	  97.01982	 96.999224	 96.979133	 96.959543	 96.940449	 96.921847	 96.903732	 96.886098	  96.86894	 96.852251	 96.836027	 96.820261	 96.804946	 96.790075	 96.775642	  96.76164	 96.748061	 96.734899	 96.722146	 96.709794	 96.697836	 96.686264	  96.67507	 96.664247	 96.653787	 96.643681	 96.633923	 96.624503	 96.615414	 96.606648	 96.598197	 96.590054	  96.58221	 96.574657	 96.567388	 96.560395	 96.553671	 96.547207	 96.540997	 96.535032	 96.529306	 96.523812	 96.518541	 96.513488	 96.508645	 96.504005	 96.499562	  96.49531	 96.491241	 96.487349	 96.483629	 96.480075	 96.476679	 96.473437	 96.470343	 96.467392	 96.464577	 96.461895	 96.459339	 96.456905	 96.454587	 96.452382	 96.450285	 96.448291	 96.446396	 96.444595	 96.442886	 96.441263	 96.439724	 96.438264	  96.43688	 96.435568	 96.434326	  96.43315	 96.432037	 96.430984	 96.429989	 96.429048	 96.428159	 96.427319	 96.426526	 96.425778	 96.425073	 96.424408	 96.423781	 96.423191	 96.422635	 96.422112	 96.421619	 96.421157	 96.420721	 96.420312	 96.419928	 96.419568	  96.41923	 96.418912	 96.418615	 96.418336	 96.418075	  96.41783	 96.417601	 96.417387	 96.417187	 96.416999	 96.416824	 96.416661	 96.416509	 96.416366	 96.416234	  96.41611	 96.415995	 96.415888	 96.415788	 96.415695	 96.415609	 96.415529	 96.415455	 96.415386	 96.415322	 96.415263	 96.415208	 96.415158	 96.415111	 96.415069	 96.415029	 96.414993	  96.41496	  96.41493	 96.414902	 96.414877	 96.414855	 96.414835	 96.414817	 96.414801	 96.414787	 96.414775	 96.414764	 96.414756	 96.414749	 96.414744	 96.414741	 96.414739	
        99	 98.936547	 98.873121	 98.809747	 98.746454	 98.683268	 98.620214	 98.557319	  98.49461	 98.432111	 98.369848	 98.307847	 98.246132	 98.184728	 98.123659	 98.062949	 98.002621	 97.942698	 97.883202	 97.824155	 97.765578	 97.707493	 97.649918	 97.592874	  97.53638	 97.480453	 97.425112	 97.370373	 97.316252	 97.262765	 97.209928	 97.157753	 97.106254	 97.055445	 97.005336	 96.955939	 96.907264	 96.859322	  96.81212	 96.765667	  96.71997	 96.675036	  96.63087	 96.587479	 96.544865	 96.503034	 96.461987	 96.421727	 96.382256	 96.343574	 96.305681	 96.268578	 96.232262	 96.196732	 96.161987	 96.128021	 96.094833	 96.062418	 96.030772	 95.999888	 95.969762	 95.940387	 95.911756	 95.883863	   95.8567	 95.830258	  95.80453	 95.779507	 95.755179	 95.731537	 95.708573	 95.686275	 95.664633	 95.643637	 95.623276	  95.60354	 95.584416	 95.565895	 95.547964	 95.530612	 95.513828	 95.497599	 95.481914	 95.466761	 95.452128	 95.438003	 95.424375	 95.411231	 95.398559	 95.386348	 95.374586	 95.363261	 95.352362	 95.341876	 95.331793	 95.322101	 95.312788	 95.303845	 95.295259	 95.287019	 95.279116	 95.271539	 95.264277	  95.25732	 95.250658	 95.244281	  95.23818	 95.232345	 95.226767	 95.221437	 95.216346	 95.211484	 95.206845	 95.202419	 95.198199	 95.194177	 95.190344	 95.186694	 95.183219	 95.179913	 95.176768	 95.173778	 95.170936	 95.168237	 95.165673	  95.16324	 95.160932	 95.158743	 95.156667	 95.154701	 95.152838	 95.151075	 95.149406	 95.147827	 95.146334	 95.144923	  95.14359	 95.142331	 95.141143	 95.140021	 95.138964	 95.137966	 95.137027	 95.136141	 95.135308	 95.134523	 95.133785	 95.133091	 95.132438	 95.131825	 95.131249	 95.130709	 95.130201	 95.129726	 95.129279	 95.128861	  95.12847	 95.128103	 95.127759	 95.127438	 95.127138	 95.126857	 95.126595	  95.12635	 95.126121	 95.125908	 95.125709	 95.125524	 95.125351	  95.12519	 95.125041	 95.124902	 95.124773	 95.124653	 95.124541	 95.124438	 95.124342	 95.124254	 95.124172	 95.124096	 95.124026	 95.123962	 95.123903	 95.123849	 95.123799	 95.123754	 95.123713	 95.123675	 95.123642	 95.123611	 95.123584	  95.12356	 95.123539	 95.123521	 95.123506	 95.123493	 95.123483	 95.123476	 95.123471	 95.123469	
        99	 98.915437	  98.83091	 98.746454	 98.662105	 98.577898	 98.493867	 98.410049	 98.326477	 98.243186	 98.160209	 98.077582	 97.995336	 97.913504	 97.832119	 97.751212	 97.670814	 97.590956	 97.511666	 97.432976	 97.354912	 97.277502	 97.200774	 97.124753	 97.049464	 96.974931	 96.901179	 96.828229	 96.756104	 96.684824	 96.614408	 96.544876	 96.476245	 96.408532	 96.341753	 96.275922	 96.211055	 96.147162	 96.084257	  96.02235	 95.961451	 95.901568	  95.84271	 95.784883	 95.728093	 95.672345	 95.617642	 95.563989	 95.511386	 95.459836	 95.409337	  95.35989	 95.311493	 95.264143	 95.217838	 95.172574	 95.128345	 95.085146	 95.042971	 95.001813	 94.961665	 94.922517	 94.884362	 94.847189	 94.810989	 94.775751	 94.741463	 94.708115	 94.675694	 94.644188	 94.613583	 94.583867	 94.555025	 94.527044	  94.49991	 94.473608	 94.448123	 94.423439	 94.399543	 94.376419	 94.354051	 94.332423	  94.31152	 94.291325	 94.271825	 94.253001	 94.234838	 94.217322	 94.200434	 94.184161	 94.168486	 94.153394	 94.138868	 94.124894	 94.111456	  94.09854	 94.086129	  94.07421	 94.062768	 94.051788	 94.041256	 94.031157	 94.021479	 94.012208	  94.00333	 93.994832	 93.986701	 93.978925	 93.971491	 93.964387	 93.957602	 93.951124	 93.944941	 93.939043	 93.933419	 93.928058	 93.922951	 93.918086	 93.913456	 93.909049	 93.904858	 93.900873	 93.897086	 93.893489	 93.890073	  93.88683	 93.883754	 93.880836	  93.87807	  93.87545	 93.872967	 93.870617	 93.868393	 93.866289	   93.8643	 93.862419	 93.860643	 93.858965	 93.857381	 93.855886	 93.854477	 93.853148	 93.851895	 93.850716	 93.849605	 93.848559	 93.847575	  93.84665	 93.845781	 93.844964	 93.844196	 93.843476	   93.8428	 93.842166	 93.841571	 93.841014	 93.840492	 93.840003	 93.839545	 93.839117	 93.838717	 93.838343	 93.837993	 93.837667	 93.837362	 93.837078	 93.836813	 93.836566	 93.836336	 93.836122	 93.835922	 93.835737	 93.835565	 93.835405	 93.835256	 93.835119	 93.834991	 93.834873	 93.834764	 93.834663	  93.83457	 93.834485	 93.834406	 93.834334	 93.834268	 93.834207	 93.834152	 93.834103	 93.834058	 93.834017	 93.833981	 93.833949	 93.833921	 93.833897	 93.833877	  93.83386	 93.833847	 93.833837	  93.83383	 93.833827	
        99	 98.894363	 98.788771	 98.683268	 98.577898	 98.472705	 98.367733	 98.263026	 98.158627	 98.054578	 97.950924	 97.847704	 97.744961	 97.642736	 97.541069	 97.439999	 97.339565	 97.239805	 97.140756	 97.042455	 96.944936	 96.848235	 96.752385	 96.657418	 96.563367	  96.47026	 96.378128	 96.286998	 96.196898	 96.107854	  96.01989	 95.933029	 95.847294	 95.762707	 95.679285	  95.59705	 95.516016	 95.436201	 95.357619	 95.280284	 95.204208	 95.129402	 95.055875	 94.983637	 94.912694	 94.843053	 94.774718	 94.707694	 94.641982	 94.577584	 94.514501	 94.452731	 94.392273	 94.333123	 94.275278	 94.218733	 94.163482	 94.109517	 94.056832	 94.005417	 93.955263	 93.906359	 93.858695	 93.812259	 93.767037	 93.723017	 93.680185	 93.638526	 93.598025	 93.558667	 93.520435	 93.483313	 93.447284	  93.41233	 93.378434	 93.345576	  93.31374	 93.282906	 93.253054	 93.224167	 93.196224	 93.169206	 93.143094	 93.117867	 93.093506	 93.069992	 93.047303	 93.025421	 93.004325	 92.983996	 92.964415	 92.945561	 92.927416	 92.909959	 92.893173	 92.877037	 92.861534	 92.846645	 92.832351	 92.818634	 92.805477	 92.792862	 92.780772	  92.76919	   92.7581	 92.747484	 92.737327	 92.727613	 92.718326	 92.709452	 92.700976	 92.692884	  92.68516	 92.677792	 92.670766	  92.66407	 92.657689	 92.651613	 92.645828	 92.640323	 92.635088	  92.63011	 92.625379	 92.620885	 92.616617	 92.612567	 92.608724	 92.605079	 92.601624	  92.59835	 92.595249	 92.592314	 92.589535	 92.586907	 92.584422	 92.582072	 92.579853	 92.577757	 92.575779	 92.573912	 92.572151	 92.570491	 92.568926	 92.567452	 92.566064	 92.564758	 92.563529	 92.562374	 92.561288	 92.560267	 92.559308	 92.558408	 92.557564	 92.556771	 92.556029	 92.555333	  92.55468	  92.55407	 92.553498	 92.552964	 92.552464	 92.551996	  92.55156	 92.551152	 92.550771	 92.550416	 92.550085	 92.549776	 92.549489	 92.549221	 92.548972	 92.548741	 92.548526	 92.548326	  92.54814	 92.547969	 92.547809	 92.547662	 92.547525	   92.5474	 92.547283	 92.547177	 92.547078	 92.546988	 92.546905	  92.54683	 92.546761	 92.546699	 92.546643	 92.546592	 92.546547	 92.546507	 92.546473	 92.546443	 92.546417	 92.546396	 92.546379	 92.546367	 92.546359	 92.546355	
        99	 98.873334	 98.746721	 98.620214	 98.493867	 98.367733	 98.241864	 98.116312	 97.991129	 97.866368	 97.742078	  97.61831	 97.495113	 97.372538	 97.250631	  97.12944	 97.009012	 96.889392	 96.770625	 96.652754	 96.535822	 96.419871	 96.304939	 96.191067	 96.078291	 95.966649	 95.856176	 95.746905	 95.638868	 95.532097	 95.426621	 95.322469	 95.219666	 95.118239	 95.018211	 94.919604	 94.822438	 94.726734	 94.632509	 94.539778	 94.448557	 94.358858	 94.270695	 94.184075	  94.09901	 94.015505	 93.933566	 93.853199	 93.774405	 93.697187	 93.621545	 93.547479	 93.474985	  93.40406	   93.3347	 93.266898	 93.200647	  93.13594	 93.072766	 93.011116	 92.950977	 92.892338	 92.835185	 92.779504	  92.72528	 92.672496	 92.621137	 92.571185	 92.522622	 92.475428	 92.429586	 92.385074	 92.341872	 92.299959	 92.259315	 92.219916	 92.181742	 92.144769	 92.108976	 92.074337	 92.040832	 92.008435	 91.977125	 91.946876	 91.917665	 91.889469	 91.862264	 91.836026	  91.81073	 91.786355	 91.762875	 91.740268	  91.71851	 91.697578	  91.67745	 91.658102	 91.639513	 91.621659	  91.60452	 91.588072	 91.572296	  91.55717	 91.542674	 91.528786	 91.515487	 91.502758	 91.490579	 91.478931	 91.467796	 91.457155	 91.446992	 91.437288	 91.428027	 91.419192	 91.410768	 91.402738	 91.395087	 91.387801	 91.380865	 91.374264	 91.367987	 91.362018	 91.356345	 91.350956	 91.345839	 91.340982	 91.336374	 91.332004	 91.327861	 91.323936	 91.320217	 91.316697	 91.313366	 91.310214	 91.307234	 91.304417	 91.301756	 91.299243	  91.29687	 91.294632	  91.29252	  91.29053	 91.288654	 91.286886	 91.285222	 91.283656	 91.282183	 91.280797	 91.279495	 91.278271	 91.277121	 91.276042	 91.275029	 91.274079	 91.273189	 91.272354	 91.271572	  91.27084	 91.270155	 91.269513	 91.268914	 91.268353	  91.26783	 91.267341	 91.266885	 91.266459	 91.266062	 91.265692	 91.265347	 91.265026	 91.264728	  91.26445	 91.264192	 91.263952	  91.26373	 91.263524	 91.263333	 91.263156	 91.262993	 91.262842	 91.262703	 91.262574	 91.262456	 91.262348	 91.262249	 91.262159	 91.262076	 91.262002	 91.261934	 91.261874	  91.26182	 91.261772	  91.26173	 91.261694	 91.261664	 91.261639	 91.261619	 91.261604	 91.261594	 91.261589	
        99	 98.852357	 98.704776	 98.557319	 98.410049	 98.263026	 98.116312	 97.969968	 97.824055	 97.678632	 97.533758	 97.389494	 97.245895	  97.10302	 96.960925	 96.819664	 96.679293	 96.539863	 96.401428	 96.264037	  96.12774	 95.992586	 95.858621	 95.725891	 95.594439	 95.464309	  95.33554	 95.208173	 95.082245	 94.957792	 94.834849	 94.713448	 94.593621	 94.475397	 94.358804	 94.243867	  94.13061	 94.019057	 93.909227	 93.801139	 93.694811	 93.590259	 93.487494	 93.386531	 93.287377	 93.190043	 93.094535	 93.000858	 92.909016	 92.819011	 92.730842	  92.64451	  92.56001	  92.47734	 92.396493	 92.317463	 92.240241	 92.164817	 92.091182	 92.019322	 91.949224	 91.880874	 91.814256	 91.749354	  91.68615	 91.624625	 91.564761	 91.506536	 91.449931	 91.394922	 91.341487	 91.289604	 91.239247	 91.190394	 91.143018	 91.097095	 91.052599	 91.009504	 90.967782	 90.927408	 90.888353	 90.850592	 90.814096	 90.778838	  90.74479	 90.711924	 90.680214	  90.64963	 90.620146	 90.591733	 90.564365	 90.538014	 90.512653	 90.488255	 90.464793	 90.442242	 90.420574	 90.399763	 90.379785	 90.360614	 90.342226	 90.324595	 90.307697	  90.29151	 90.276009	 90.261171	 90.246975	 90.233398	 90.220419	 90.208017	  90.19617	 90.184859	 90.174065	 90.163767	 90.153947	 90.144587	  90.13567	 90.127177	 90.119092	 90.111399	 90.104081	 90.097124	 90.090512	  90.08423	 90.078266	 90.072605	 90.067234	  90.06214	 90.057311	 90.052735	 90.048401	 90.044298	 90.040415	 90.036741	 90.033267	 90.029984	 90.026882	 90.023953	 90.021188	 90.018578	 90.016117	 90.013797	  90.01161	  90.00955	 90.007611	 90.005785	 90.004068	 90.002453	 90.000934	 89.999508	 89.998168	  89.99691	  89.99573	 89.994622	 89.993584	 89.992611	   89.9917	 89.990846	 89.990048	   89.9893	 89.988601	 89.987948	 89.987338	 89.986768	 89.986236	  89.98574	 89.985277	 89.984846	 89.984444	  89.98407	 89.983722	 89.983398	 89.983098	 89.982818	 89.982559	 89.982319	 89.982096	  89.98189	   89.9817	 89.981524	 89.981361	 89.981212	 89.981075	 89.980949	 89.980833	 89.980728	 89.980632	 89.980545	 89.980466	 89.980396	 89.980333	 89.980277	 89.980228	 89.980186	 89.980151	 89.980121	 89.980098	 89.980081	 89.980069	 89.980063	
        99	 98.831442	 98.662955	  98.49461	 98.326477	 98.158627	 97.991129	 97.824055	 97.657471	 97.491448	 97.326052	 97.161351	 96.997411	 96.834296	 96.672072	   96.5108	 96.350544	 96.191363	 96.033316	 95.876463	 95.720859	 95.566559	 95.413617	 95.262084	 95.112011	 94.963446	 94.816436	 94.671027	  94.52726	 94.385177	 94.244818	  94.10622	 93.969418	 93.834446	 93.701336	 93.570117	 93.440817	 93.313461	 93.188073	 93.064674	 92.943283	  92.82392	 92.706598	 92.591332	 92.478133	  92.36701	 92.257973	 92.151026	 92.046173	 91.943418	 91.842759	 91.744197	 91.647727	 91.553346	 91.461047	 91.370821	  91.28266	 91.196552	 91.112485	 91.030445	 90.950417	 90.872385	  90.79633	 90.722234	 90.650077	 90.579837	 90.511492	 90.445019	 90.380395	 90.317594	 90.256589	 90.197356	 90.139866	 90.084092	 90.030006	 89.977578	 89.926778	 89.877578	 89.829946	 89.783852	 89.739265	 89.696155	 89.654489	 89.614236	 89.575365	 89.537843	 89.501641	 89.466725	 89.433064	 89.400626	 89.369381	 89.339297	 89.310344	  89.28249	 89.255704	 89.229958	  89.20522	 89.181462	 89.158654	 89.136767	 89.115774	 89.095645	 89.076354	 89.057873	 89.040176	 89.023237	  89.00703	  88.99153	 88.976712	 88.962553	 88.949028	 88.936115	 88.923791	 88.912035	 88.900824	 88.890138	 88.879957	 88.870261	 88.861031	 88.852248	 88.843894	 88.835951	 88.828402	 88.821231	 88.814422	 88.807958	 88.801826	 88.796011	 88.790498	 88.785274	 88.780326	 88.775642	 88.771208	 88.767014	 88.763049	   88.7593	 88.755759	 88.752415	 88.749258	 88.746279	 88.743469	  88.74082	 88.738323	 88.735972	 88.733757	 88.731673	 88.729713	 88.727869	 88.726135	 88.724507	 88.722977	 88.721541	 88.720193	 88.718929	 88.717744	 88.716633	 88.715593	 88.714618	 88.713706	 88.712853	 88.712055	  88.71131	 88.710613	 88.709962	 88.709355	 88.708788	  88.70826	 88.707768	 88.707309	 88.706882	 88.706485	 88.706115	 88.705772	 88.705453	 88.705157	 88.704883	 88.704629	 88.704393	 88.704176	 88.703975	  88.70379	 88.703619	 88.703462	 88.703318	 88.703187	 88.703066	 88.702957	 88.702857	 88.702768	 88.702687	 88.702615	 88.702552	 88.702496	 88.702448	 88.702407	 88.702374	 88.702347	 88.702327	 88.702314	 88.702308	
        99	 98.810597	 98.621274	 98.432111	 98.243186	 98.054578	 97.866368	 97.678632	 97.491448	 97.304893	 97.119044	 96.933975	 96.749761	 96.566475	 96.384189	 96.202974	 96.022899	 95.844033	 95.666442	 95.490192	 95.315345	 95.141963	 94.970108	 94.799836	 94.631204	 94.464267	 94.299077	 94.135685	  93.97414	 93.814486	  93.65677	 93.501032	 93.347313	  93.19565	 93.046079	 92.898632	 92.753342	 92.610237	 92.469342	 92.330683	 92.194282	 92.060157	 91.928326	 91.798806	 91.671608	 91.546744	 91.424222	  91.30405	 91.186231	 91.070768	 90.957662	  90.84691	 90.738511	 90.632458	 90.528744	 90.427361	 90.328297	 90.231541	 90.137078	 90.044893	 89.954968	 89.867286	 89.781826	 89.698567	 89.617486	  89.53856	 89.461763	 89.387071	 89.314454	 89.243887	 89.175338	  89.10878	 89.044181	  88.98151	 88.920734	 88.861823	 88.804741	 88.749456	 88.695934	  88.64414	  88.59404	 88.545598	 88.498779	 88.453548	  88.40987	 88.367709	 88.327029	 88.287795	 88.249972	 88.213523	 88.178414	  88.14461	 88.112076	 88.080777	 88.050679	 88.021749	 87.993952	 87.967256	 87.941627	 87.917034	 87.893444	 87.870826	  87.84915	 87.828383	 87.808498	 87.789464	 87.771253	 87.753836	 87.737186	 87.721275	 87.706078	 87.691568	  87.67772	  87.66451	 87.651913	 87.639906	 87.628466	 87.617571	 87.607199	  87.59733	 87.587942	 87.579017	 87.570535	 87.562477	 87.554826	 87.547563	 87.540673	 87.534138	 87.527943	 87.522073	 87.516514	  87.51125	 87.506268	 87.501556	   87.4971	 87.492888	 87.488909	 87.485151	 87.481603	 87.478256	 87.475099	 87.472122	 87.469317	 87.466674	 87.464186	 87.461844	 87.459641	 87.457569	 87.455621	 87.453791	 87.452072	 87.450459	 87.448944	 87.447524	 87.446192	 87.444944	 87.443775	  87.44268	 87.441655	 87.440697	   87.4398	 87.438962	 87.438179	 87.437448	 87.436766	 87.436129	 87.435535	 87.434982	 87.434467	 87.433987	 87.433541	 87.433125	  87.43274	 87.432381	 87.432049	 87.431741	 87.431455	 87.431191	 87.430946	 87.430721	 87.430512	 87.430321	 87.430144	 87.429983	 87.429835	 87.429699	 87.429576	 87.429465	 87.429364	 87.429273	 87.429193	 87.429121	 87.429059	 87.429005	 87.428959	 87.428921	 87.428892	 87.428869	 87.428855	 87.428847	
        99	 98.789831	 98.579751	 98.369848	 98.160209	 97.950924	 97.742078	 97.533758	 97.326052	 97.119044	 96.912818	 96.707459	 96.503048	 96.299666	 96.097395	 95.896312	 95.696494	 95.498017	 95.300955	 95.105381	 94.911364	 94.718973	 94.528275	 94.339335	 94.152215	 93.966975	 93.783674	 93.602368	 93.423111	 93.245953	 93.070945	 92.898132	 92.727559	 92.559268	 92.393298	 92.229686	 92.068467	 91.909671	  91.75333	 91.599468	 91.448111	 91.299281	 91.152997	 91.009276	 90.868133	 90.729578	 90.593624	 90.460275	 90.329539	 90.201417	  90.07591	 89.953016	 89.832732	 89.715052	 89.599967	 89.487468	 89.377543	 89.270179	 89.165359	 89.063067	 88.963283	 88.865987	 88.771157	  88.67877	 88.588799	  88.50122	 88.416004	 88.333121	 88.252544	 88.174239	 88.098175	  88.02432	 87.952638	 87.883095	 87.815657	 87.750286	 87.686946	   87.6256	  87.56621	 87.508737	 87.453144	 87.399391	 87.347439	 87.297249	 87.248782	 87.201998	 87.156859	 87.113323	 87.071352	 87.030908	 86.991949	 86.954439	 86.918338	 86.883607	  86.85021	 86.818108	 86.787263	  86.75764	 86.729202	 86.701912	 86.675736	 86.650638	 86.626585	 86.603542	 86.581476	 86.560356	 86.540148	 86.520821	 86.502345	 86.484691	 86.467827	 86.451726	  86.43636	 86.421701	 86.407723	   86.3944	 86.381705	 86.369616	 86.358107	 86.347156	 86.336739	 86.326835	 86.317423	 86.308482	 86.299992	 86.291933	 86.284287	 86.277036	 86.270162	 86.263649	 86.257479	 86.251638	  86.24611	 86.240881	 86.235937	 86.231263	 86.226848	 86.222678	 86.218741	 86.215027	 86.211523	  86.20822	 86.205108	 86.202175	 86.199415	 86.196816	 86.194371	 86.192072	 86.189911	  86.18788	 86.185973	 86.184182	 86.182502	 86.180926	 86.179448	 86.178063	 86.176766	 86.175551	 86.174414	  86.17335	 86.172355	 86.171425	 86.170556	 86.169745	 86.168988	 86.168281	 86.167623	 86.167009	 86.166437	 86.165904	 86.165409	 86.164948	  86.16452	 86.164123	 86.163754	 86.163412	 86.163095	 86.162802	  86.16253	  86.16228	 86.162049	 86.161836	 86.161641	 86.161461	 86.161297	 86.161147	  86.16101	 86.160886	 86.160774	 86.160674	 86.160584	 86.160505	 86.160436	 86.160376	 86.160325	 86.160283	  86.16025	 86.160226	 86.160209	 86.160201	
        99	 98.769153	 98.538403	 98.307847	 98.077582	 97.847704	  97.61831	 97.389494	 97.161351	 96.933975	 96.707459	 96.481894	 96.257371	 96.033978	 95.811805	 95.590937	 95.371459	 95.153454	 94.937003	 94.722186	  94.50908	 94.297759	 94.088299	 93.880768	 93.675237	 93.471772	 93.270436	 93.071291	 92.874396	 92.679808	  92.48758	 92.297764	 92.110409	 91.925559	  91.74326	  91.56355	 91.386468	 91.212048	 91.040324	 90.871324	 90.705075	 90.541601	 90.380924	 90.223062	 90.068032	 89.915845	 89.766514	 89.620045	 89.476445	 89.335717	 89.197862	 89.062876	 88.930757	 88.801498	  88.67509	 88.551522	 88.430782	 88.312854	 88.197721	 88.085364	 87.975762	 87.868894	 87.764733	 87.663256	 87.564433	 87.468237	 87.374636	 87.283599	 87.195093	 87.109084	 87.025536	 86.944414	 86.865679	 86.789294	  86.71522	 86.643418	 86.573846	 86.506464	  86.44123	 86.378102	 86.317039	 86.257997	 86.200934	 86.145806	 86.092571	 86.041184	 85.991602	 85.943783	 85.897683	 85.853259	 85.810468	 85.769267	 85.729613	 85.691466	 85.654782	 85.619522	 85.585642	 85.553105	 85.521868	 85.491893	 85.463142	 85.435575	 85.409155	 85.383845	 85.359608	 85.336409	 85.314213	 85.292985	 85.272691	 85.253299	 85.234777	 85.217092	 85.200214	 85.184113	 85.168759	 85.154125	 85.140181	 85.126902	 85.114261	 85.102232	 85.090791	 85.079913	 85.069574	 85.059753	 85.050428	 85.041576	 85.033178	 85.025213	 85.017663	 85.010509	 85.003733	 84.997317	 84.991245	 84.985501	  84.98007	 84.974937	 84.970087	 84.965507	 84.961183	 84.957103	 84.953255	 84.949627	 84.946208	 84.942987	 84.939955	 84.937101	 84.934415	  84.93189	 84.929516	 84.927285	  84.92519	 84.923224	 84.921378	 84.919647	 84.918024	 84.916502	 84.915077	 84.913743	 84.912494	 84.911325	 84.910233	 84.909211	 84.908257	 84.907366	 84.906534	 84.905758	 84.905035	 84.904361	 84.903732	 84.903148	 84.902604	 84.902098	 84.901627	 84.901191	 84.900786	  84.90041	 84.900062	  84.89974	 84.899442	 84.899167	 84.898913	 84.898679	 84.898464	 84.898267	 84.898087	 84.897922	 84.897772	 84.897636	 84.897513	 84.897403	 84.897304	 84.897217	 84.897141	 84.897075	  84.89702	 84.896974	 84.896937	  84.89691	 84.896892	 84.896883	
        99	  98.74857	 98.497245	 98.246132	 97.995336	 97.744961	 97.495113	 97.245895	 96.997411	 96.749761	 96.503048	 96.257371	 96.012828	 95.769518	 95.527535	 95.286973	 95.047926	 94.810483	 94.574732	 94.340761	 94.108653	 93.878491	 93.650354	  93.42432	 93.200463	 92.978856	 92.759568	 92.542666	 92.328216	 92.116277	  91.90691	 91.700169	 91.496109	 91.294778	 91.096223	  90.90049	 90.707618	 90.517647	 90.330611	 90.146543	 89.965471	 89.787421	 89.612417	  89.44048	 89.271626	  89.10587	 88.943224	 88.783696	 88.627292	 88.474016	 88.323869	 88.176848	 88.032948	 87.892164	 87.754485	   87.6199	 87.488394	 87.359951	 87.234552	 87.112177	 86.992803	 86.876405	 86.762958	 86.652432	 86.544798	 86.440024	 86.338078	 86.238924	 86.142526	 86.048848	 85.957851	 85.869496	 85.783741	 85.700545	 85.619867	 85.541662	 85.465887	 85.392496	 85.321446	  85.25269	 85.186182	 85.121876	 85.059725	 84.999682	 84.941699	 84.885731	 84.831729	 84.779646	 84.729435	  84.68105	 84.634443	 84.589569	  84.54638	 84.504831	 84.464877	 84.426472	 84.389572	 84.354133	 84.320111	 84.287464	 84.256148	 84.226124	 84.197348	 84.169781	 84.143383	 84.118116	 84.093941	  84.07082	 84.048717	 84.027596	 84.007422	  83.98816	 83.969777	  83.95224	 83.935518	 83.919578	 83.904392	 83.889929	 83.876161	 83.863059	 83.850597	 83.838749	 83.827489	 83.816793	 83.806636	 83.796995	 83.787848	 83.779173	  83.77095	 83.763157	 83.755777	 83.748789	 83.742176	  83.73592	 83.730005	 83.724414	 83.719131	 83.714143	 83.709433	  83.70499	 83.700799	 83.696847	 83.693123	 83.689616	 83.686313	 83.683204	 83.680279	 83.677528	 83.674943	 83.672513	 83.670232	  83.66809	 83.666079	 83.664194	 83.662426	 83.660769	 83.659217	 83.657763	 83.656403	  83.65513	  83.65394	 83.652828	 83.651789	 83.650818	 83.649912	 83.649067	 83.648279	 83.647545	  83.64686	 83.646223	 83.645631	  83.64508	 83.644568	 83.644092	 83.643651	 83.643242	 83.642862	 83.642512	 83.642187	 83.641887	 83.641611	 83.641357	 83.641123	 83.640908	 83.640711	 83.640532	 83.640368	  83.64022	 83.640086	 83.639966	 83.639859	 83.639764	 83.639681	  83.63961	 83.639549	 83.639499	 83.639459	  83.63943	  83.63941	   83.6394	
        99	  98.72809	 98.456295	 98.184728	 97.913504	 97.642736	 97.372538	  97.10302	 96.834296	 96.566475	 96.299666	 96.033978	 95.769518	 95.506389	 95.244696	 94.984541	 94.726022	 94.469239	 94.214286	 93.961258	 93.710245	 93.461335	 93.214616	 92.970171	  92.72808	 92.488423	 92.251273	 92.016705	 91.784787	 91.555586	 91.329165	 91.105585	 90.884903	 90.667173	 90.452446	  90.24077	 90.032189	 89.826744	 89.624474	 89.425413	 89.229592	  89.03704	 88.847782	  88.66184	 88.479233	 88.299976	 88.124081	 87.951559	 87.782416	 87.616656	 87.454279	 87.295283	 87.139663	 86.987411	 86.838518	  86.69297	 86.550753	 86.411848	 86.276235	 86.143892	 86.014795	 85.888917	 85.766229	 85.646701	   85.5303	 85.416992	 85.306742	 85.199511	 85.095262	 84.993954	 84.895545	 84.799993	 84.707253	 84.617281	 84.530031	 84.445456	 84.363509	 84.284141	 84.207304	 84.132947	 84.061022	 83.991478	 83.924265	 83.859331	 83.796626	 83.736098	 83.677698	 83.621373	 83.567072	 83.514746	 83.464343	 83.415813	 83.369107	 83.324174	 83.280965	 83.239432	 83.199527	 83.161201	 83.124408	 83.089102	 83.055236	 83.022765	 82.991646	 82.961834	 82.933286	  82.90596	 82.879816	 82.854812	 82.830909	 82.808067	  82.78625	 82.765419	 82.745539	 82.726574	 82.708489	 82.691251	 82.674828	 82.659187	 82.644297	 82.630129	 82.616652	 82.603839	 82.591662	 82.580094	 82.569109	 82.558683	 82.548791	  82.53941	 82.530517	  82.52209	 82.514108	 82.506551	 82.499399	 82.492634	 82.486237	  82.48019	 82.474478	 82.469083	  82.46399	 82.459184	 82.454652	 82.450378	 82.446351	 82.442558	 82.438986	 82.435624	 82.432461	 82.429486	  82.42669	 82.424063	 82.421595	 82.419278	 82.417105	 82.415065	 82.413154	 82.411362	 82.409683	 82.408111	  82.40664	 82.405264	 82.403977	 82.402774	  82.40165	   82.4006	 82.399621	 82.398707	 82.397854	  82.39706	  82.39632	 82.395631	  82.39499	 82.394394	 82.393841	 82.393326	 82.392849	 82.392407	 82.391997	 82.391617	 82.391266	 82.390942	 82.390643	 82.390368	 82.390115	 82.389883	  82.38967	 82.389476	 82.389299	 82.389139	 82.388994	 82.388864	 82.388748	 82.388646	 82.388556	 82.388479	 82.388413	 82.388359	 82.388316	 82.388284	 82.388263	 82.388253	
        99	 98.707722	 98.415568	 98.123659	 97.832119	 97.541069	 97.250631	 96.960925	 96.672072	 96.384189	 96.097395	 95.811805	 95.527535	 95.244696	 94.963401	 94.683758	 94.405875	 94.129857	 93.855807	 93.583825	 93.314009	 93.046455	 92.781255	   92.5185	 92.258275	 92.000666	 91.745752	 91.493614	 91.244323	 90.997954	 90.754573	 90.514245	 90.277033	 90.042994	 89.812182	  89.58465	 89.360445	 89.139611	  88.92219	 88.708218	 88.497729	 88.290753	 88.087319	 87.887449	 87.691163	 87.498478	 87.309408	 87.123964	 86.942151	 86.763974	 86.589434	 86.418528	 86.251251	 86.087595	 85.927549	 85.771099	 85.618228	 85.468918	 85.323147	 85.180891	 85.042124	 84.906817	 84.774939	 84.646457	 84.521337	 84.399542	 84.281033	  84.16577	 84.053712	 83.944815	 83.839035	 83.736325	 83.636639	 83.539928	 83.446142	 83.355232	 83.267146	 83.181833	  83.09924	 83.019314	 82.942002	 82.867248	    82.795	 82.725202	   82.6578	 82.592739	 82.529964	  82.46942	 82.411052	 82.354806	 82.300628	 82.248463	 82.198257	 82.149959	 82.103513	 82.058869	 82.015975	 81.974778	 81.935229	 81.897278	 81.860876	 81.825973	 81.792522	 81.760477	 81.729791	 81.700419	 81.672316	 81.645439	 81.619745	 81.595193	 81.571741	  81.54935	  81.52798	 81.507595	 81.488156	 81.469627	 81.451973	  81.43516	 81.419155	 81.403925	 81.389439	 81.375666	 81.362577	 81.350143	 81.338335	 81.327128	 81.316495	 81.306411	 81.296852	 81.287794	 81.279214	 81.271091	 81.263404	 81.256132	 81.249255	 81.242756	 81.236615	 81.230816	 81.225342	 81.220176	 81.215304	 81.210711	 81.206382	 81.202304	 81.198465	 81.194851	 81.191451	 81.188254	 81.185248	 81.182424	 81.179771	 81.177281	 81.174945	 81.172753	 81.170698	 81.168772	 81.166967	 81.165278	 81.163696	 81.162217	 81.160833	  81.15954	 81.158332	 81.157204	 81.156151	 81.155169	 81.154252	 81.153399	 81.152603	 81.151863	 81.151174	 81.150533	 81.149938	 81.149385	 81.148872	 81.148397	 81.147956	 81.147548	 81.147171	 81.146823	 81.146501	 81.146205	 81.145933	 81.145684	 81.145455	 81.145247	 81.145057	 81.144884	 81.144729	 81.144589	 81.144464	 81.144354	 81.144258	 81.144175	 81.144104	 81.144046	    81.144	 81.143966	 81.143943	 81.143931	
        99	 98.687474	  98.37508	 98.062949	 97.751212	 97.439999	  97.12944	 96.819664	   96.5108	 96.202974	 95.896312	 95.590937	 95.286973	 94.984541	 94.683758	 94.384743	 94.087609	 93.792469	 93.499434	  93.20861	 92.920102	 92.634013	 92.350441	 92.069482	  91.79123	 91.515774	 91.243201	 90.973595	 90.707035	 90.443597	 90.183356	 89.926379	 89.672733	 89.422481	  89.17568	 88.932385	 88.692648	 88.456515	 88.224031	 87.995236	 87.770165	 87.548851	 87.331323	 87.117607	 86.907723	  86.70169	 86.499522	  86.30123	 86.106822	 85.916301	 85.729669	 85.546923	 85.368058	 85.193065	 85.021931	 84.854643	 84.691182	 84.531528	 84.375659	 84.223548	 84.075167	 83.930486	 83.789472	  83.65209	 83.518302	 83.388069	  83.26135	 83.138103	 83.018281	 82.901841	 82.788732	 82.678907	 82.572315	 82.468903	 82.368621	 82.271413	 82.177225	 82.086002	 81.997687	 81.912224	 81.829555	 81.749623	  81.67237	 81.597737	 81.525665	 81.456097	 81.388973	 81.324234	 81.261823	 81.201681	 81.143749	  81.08797	 81.034287	 80.982642	 80.932979	 80.885242	 80.839376	 80.795326	 80.753037	 80.712457	 80.673532	 80.636211	 80.600444	 80.566178	 80.533366	 80.501959	  80.47191	 80.443171	 80.415697	 80.389444	 80.364367	 80.340425	 80.317575	 80.295777	 80.274991	 80.255179	 80.236302	 80.218325	 80.201211	 80.184926	 80.169436	 80.154709	 80.140713	 80.127417	 80.114792	 80.102809	 80.091439	 80.080656	 80.070435	 80.060749	 80.051575	  80.04289	  80.03467	 80.026894	 80.019541	 80.012591	 80.006025	 79.999824	 79.993971	 79.988448	 79.983238	 79.978326	 79.973698	 79.969337	 79.965232	 79.961368	 79.957732	 79.954313	 79.951099	  79.94808	 79.945243	 79.942581	 79.940082	 79.937738	 79.935541	 79.933482	 79.931552	 79.929746	 79.928055	 79.926473	 79.924994	 79.923611	 79.922319	 79.921113	 79.919987	 79.918936	 79.917957	 79.917044	 79.916193	 79.915401	 79.914665	  79.91398	 79.913343	 79.912752	 79.912204	 79.911695	 79.911224	 79.910788	 79.910384	 79.910012	 79.909668	 79.909352	 79.909061	 79.908794	  79.90855	 79.908327	 79.908124	 79.907939	 79.907773	 79.907624	  79.90749	 79.907373	  79.90727	 79.907181	 79.907105	 79.907043	 79.906994	 79.906957	 79.906933	 79.906921	
        99	 98.667354	 98.334848	 98.002621	 97.670814	 97.339565	 97.009012	 96.679293	 96.350544	 96.022899	 95.696494	 95.371459	 95.047926	 94.726022	 94.405875	 94.087609	 93.771346	 93.457205	 93.145303	 92.835756	 92.528674	 92.224166	 91.922337	  91.62329	 91.327124	 91.033934	 90.743813	 90.456849	 90.173128	  89.89273	 89.615734	 89.342213	 89.072237	 88.805873	 88.543183	 88.284224	 88.029053	 87.777718	 87.530266	 87.286741	  87.04718	 86.811617	 86.580085	 86.352609	 86.129213	 85.909915	 85.694732	 85.483674	 85.276749	 85.073963	 84.875316	 84.680804	 84.490424	 84.304164	 84.122013	 83.943954	 83.769969	 83.600037	 83.434133	 83.272229	 83.114295	   82.9603	 82.810207	  82.66398	 82.521578	 82.382961	 82.248084	 82.116902	 81.989367	 81.865429	 81.745039	 81.628143	 81.514688	 81.404619	  81.29788	 81.194414	 81.094162	 80.997066	 80.903065	   80.8121	 80.724109	 80.639031	 80.556804	 80.477366	 80.400655	 80.326607	 80.255162	 80.186256	 80.119826	 80.055812	  79.99415	  79.93478	 79.877641	 79.822671	 79.769811	 79.719001	 79.670182	 79.623296	 79.578284	 79.535091	 79.493661	 79.453937	 79.415867	 79.379396	 79.344471	 79.311042	 79.279058	 79.248469	 79.219226	 79.191283	 79.164592	 79.139108	 79.114787	 79.091586	 79.069462	 79.048374	 79.028282	 79.009147	 78.990931	 78.973598	 78.957111	 78.941436	 78.926539	 78.912387	 78.898949	 78.886194	 78.874092	 78.862615	 78.851736	 78.841427	 78.831662	 78.822417	 78.813668	 78.805391	 78.797565	 78.790168	  78.78318	 78.776579	 78.770349	  78.76447	 78.758925	 78.753697	 78.748771	  78.74413	  78.73976	 78.735647	 78.731777	 78.728138	 78.724717	 78.721503	 78.718485	 78.715651	 78.712991	 78.710496	 78.708157	 78.705965	 78.703912	 78.701989	 78.700189	 78.698505	 78.696931	 78.695459	 78.694084	   78.6928	 78.691602	 78.690484	 78.689441	 78.688469	 78.687564	 78.686721	 78.685937	 78.685208	 78.684531	 78.683902	 78.683318	 78.682776	 78.682275	  78.68181	 78.681381	 78.680985	 78.680619	 78.680282	 78.679973	 78.679689	 78.679429	 78.679191	 78.678975	 78.678779	 78.678602	 78.678443	 78.678301	 78.678176	 78.678066	 78.677971	 78.677891	 78.677825	 78.677772	 78.677733	 78.677707	 78.677694	
        99	 98.647368	 98.294885	 97.942698	 97.590956	 97.239805	 96.889392	 96.539863	 96.191363	 95.844033	 95.498017	 95.153454	 94.810483	 94.469239	 94.129857	 93.792469	 93.457205	  93.12419	 92.793549	 92.465404	 92.139872	 91.817069	 91.497106	 91.180093	 90.866132	 90.555328	 90.247776	 89.943571	 89.642803	 89.345559	 89.051921	 88.761967	 88.475771	 88.193403	  87.91493	 87.640414	 87.369911	 87.103476	 86.841157	 86.583001	 86.329047	 86.079332	 85.833889	 85.592746	 85.355928	 85.123455	 84.895343	 84.671604	 84.452248	 84.237278	 84.026696	 83.820498	 83.618679	 83.421229	 83.228134	 83.039377	  82.85494	 82.674798	 82.498926	 82.327295	 82.159872	 81.996625	 81.837514	 81.682502	 81.531545	 81.384599	 81.241619	 81.102555	 80.967357	 80.835973	  80.70835	 80.584431	  80.46416	 80.347478	 80.234326	 80.124643	 80.018368	 79.915439	  79.81579	  79.71936	 79.626083	 79.535893	 79.448726	 79.364515	 79.283195	 79.204698	  79.12896	 79.055914	 78.985494	 78.917633	 78.852267	  78.78933	 78.728758	 78.670486	  78.61445	 78.560587	 78.508835	 78.459131	 78.411416	 78.365628	 78.321708	 78.279598	  78.23924	 78.200578	 78.163555	 78.128117	 78.094211	 78.061784	 78.030785	 78.001163	 77.972868	 77.945854	 77.920071	 77.895476	 77.872023	 77.849668	 77.828369	 77.808085	 77.788774	   77.7704	 77.752922	 77.736305	 77.720513	 77.705511	 77.691265	 77.677744	 77.664915	 77.652749	 77.641216	 77.630287	 77.619936	 77.610136	 77.600861	 77.592087	 77.583791	 77.575949	 77.568541	 77.561544	 77.554939	 77.548707	 77.542829	 77.537287	 77.532065	 77.527145	 77.522512	 77.518152	  77.51405	 77.510192	 77.506566	 77.503159	 77.499959	 77.496955	 77.494135	 77.491491	 77.489011	 77.486688	 77.484511	 77.482472	 77.480564	 77.478779	  77.47711	  77.47555	 77.474093	 77.472731	 77.471461	 77.470276	  77.46917	  77.46814	 77.467181	 77.466287	 77.465456	 77.464683	 77.463965	 77.463298	 77.462679	 77.462105	 77.461573	 77.461081	 77.460626	 77.460206	 77.459819	 77.459462	 77.459133	 77.458832	 77.458556	 77.458305	 77.458075	 77.457868	  77.45768	 77.457511	 77.457361	 77.457228	 77.457112	 77.457011	 77.456926	 77.456856	 77.456801	 77.456759	 77.456732	 77.456718	
