Time step 90:
        99	        99	        99	        99	        99	        99	        99	        99	        99	        99	        99	        99	        99	        99	        99	        99	        99	        99	        99	        99	        99	        99	        99	        99	        99	        99	        99	        99	        99	        99	        99	        99	        99	        99	        99	        99	        99	        99	        99	        99	        99	        99	        99	        99	        99	        99	        99	        99	        99	        99	        99	        99	        99	        99	        99	        99	        99	        99	        99	        99	        99	        99	        99	        99	        99	        99	        99	        99	        99	        99	        99	        99	        99	        99	        99	        99	        99	        99	        99	        99	        99	        99	        99	        99	        99	        99	        99	        99	        99	        99	        99	        99	        99	        99	        99	        99	        99	        99	        99	        99	        99	        99	        99	        99	        99	        99	        99	        99	        99	        99	        99	        99	        99	        99	        99	        99	        99	        99	        99	        99	        99	        99	        99	        99	        99	        99	        99	        99	        99	        99	        99	        99	        99	        99	        99	        99	        99	        99	        99	        99	        99	        99	        99	        99	        99	        99	        99	        99	        99	        99	        99	        99	        99	        99	        99	        99	        99	        99	        99	        99	        99	        99	        99	        99	        99	        99	        99	        99	        99	        99	        99	        99	        99	        99	        99	        99	        99	        99	        99	        99	        99	        99	        99	        99	        99	        99	        99	        99	        99	        99	        99	        99	        99	        99	        99	        99	        99	        99	        99	        99	
        99	 98.992945	 98.985892	  98.97884	 98.971791	 98.964746	 98.957706	 98.950672	 98.943645	 98.936626	 98.929616	 98.922616	 98.915626	 98.908648	 98.901683	 98.894731	 98.887794	 98.880873	 98.873968	 98.867081	 98.860212	 98.853362	 98.846533	 98.839724	 98.832938	 98.826174	 98.819434	 98.812718	 98.806028	 98.799364	 98.792728	 98.786119	 98.779539	 98.772988	 98.766468	 98.759978	 98.753521	 98.747096	 98.740704	 98.734347	 98.728024	 98.721737	 98.715485	 98.709271	 98.703094	 98.696955	 98.690854	 98.684793	 98.678772	 98.672791	 98.666852	 98.660954	 98.655098	 98.649285	 98.643515	 98.637788	 98.632106	 98.626468	 98.620875	 98.615328	 98.609826	 98.604371	 98.598963	 98.593601	 98.588287	  98.58302	 98.577801	 98.572631	 98.567509	 98.562436	 98.557412	 98.552437	 98.547512	 98.542636	 98.537811	 98.533035	  98.52831	 98.523635	  98.51901	 98.514436	 98.509913	 98.505441	 98.501019	 98.496649	 98.492329	 98.488061	 98.483843	 98.479676	 98.475561	 98.471496	 98.467482	 98.463519	 98.459607	 98.455745	 98.451934	 98.448174	 98.444464	 98.440804	 98.437194	 98.433635	 98.430125	 98.426665	 98.423254	 98.419892	  98.41658	 98.413316	 98.410101	 98.406934	 98.403816	 98.400746	 98.397723	 98.394747	 98.391819	 98.388938	 98.386103	 98.383314	 98.380572	 98.377875	 98.375223	 98.372617	 98.370055	 98.367538	 98.365065	 98.362636	  98.36025	 98.357907	 98.355607	 98.353349	 98.351133	 98.348959	 98.346827	 98.344735	 98.342684	 98.340673	 98.338703	 98.336771	 98.334879	 98.333026	 98.331211	 98.329434	 98.327695	 98.325994	 98.324329	 98.322701	 98.321109	 98.319553	 98.318033	 98.316548	 98.315098	 98.313682	   98.3123	 98.310953	 98.309638	 98.308357	 98.307109	 98.305893	  98.30471	 98.303558	 98.302437	 98.301348	  98.30029	 98.299262	 98.298265	 98.297298	  98.29636	 98.295452	 98.294573	 98.293723	 98.292901	 98.292108	 98.291343	 98.290606	 98.289897	 98.289215	  98.28856	 98.287932	 98.287331	 98.286756	 98.286208	 98.285687	 98.285191	 98.284721	 98.284276	 98.283858	 98.283464	 98.283096	 98.282753	 98.282435	 98.282142	 98.281874	  98.28163	 98.281411	 98.281217	 98.281047	 98.280901	  98.28078	 98.280683	  98.28061	 98.280562	 98.280538	
        99	 98.985892	 98.971785	 98.957683	 98.943586	 98.929497	 98.915419	 98.901352	 98.887299	 98.873261	 98.859242	 98.845242	 98.831264	 98.817309	 98.803379	 98.789477	 98.775605	 98.761763	 98.747954	 98.734181	 98.720444	 98.706745	 98.693087	 98.679471	 98.665899	 98.652372	 98.638893	 98.625463	 98.612084	 98.598757	 98.585484	 98.572268	 98.559108	 98.546008	 98.532968	  98.51999	 98.507076	 98.494227	 98.481445	 98.468731	 98.456086	 98.443512	  98.43101	 98.418582	 98.406229	 98.393952	 98.381752	 98.369631	 98.357589	 98.345629	  98.33375	 98.321955	 98.310244	 98.298619	 98.287079	 98.275627	 98.264263	 98.252989	 98.241804	  98.23071	 98.219708	 98.208798	 98.197981	 98.187259	 98.176631	 98.166098	 98.155662	 98.145321	 98.135078	 98.124933	 98.114885	 98.104937	 98.095087	 98.085336	 98.075686	 98.066135	 98.056685	 98.047336	 98.038088	 98.028941	 98.019895	 98.010951	 98.002109	 97.993368	  97.98473	 97.976193	 97.967758	 97.959426	 97.951195	 97.943066	 97.935039	 97.927113	 97.919289	 97.911567	 97.903946	 97.896425	 97.889006	 97.881687	 97.874468	 97.867349	  97.86033	  97.85341	 97.846588	 97.839866	 97.833241	 97.826714	 97.820285	 97.813952	 97.807716	 97.801575	  97.79553	  97.78958	 97.783723	 97.777961	 97.772292	 97.766715	  97.76123	 97.755837	 97.750534	 97.745322	 97.740199	 97.735165	 97.730219	 97.725361	 97.720589	 97.715904	 97.711304	 97.706789	 97.702358	  97.69801	 97.693745	 97.689562	 97.685461	 97.681439	 97.677498	 97.673636	 97.669852	 97.666145	 97.662516	 97.658963	 97.655485	 97.652082	 97.648753	 97.645497	 97.642314	 97.639202	 97.636162	 97.633192	 97.630292	  97.62746	 97.624697	 97.622002	 97.619374	 97.616812	 97.614315	 97.611884	 97.609517	 97.607213	 97.604973	 97.602795	 97.600678	 97.598623	 97.596629	 97.594694	 97.592819	 97.591003	 97.589245	 97.587545	 97.585902	 97.584316	 97.582786	 97.581312	 97.579893	 97.578529	  97.57722	 97.575964	 97.574762	 97.573613	 97.572517	 97.571473	 97.570482	 97.569542	 97.568653	 97.567816	 97.567029	 97.566293	 97.565607	 97.564971	 97.564385	 97.563848	 97.563361	 97.562923	 97.562534	 97.562194	 97.561903	 97.561661	 97.561467	 97.561321	 97.561225	 97.561176	
        99	  98.97884	 98.957683	 98.936531	 98.915389	 98.894259	 98.873143	 98.852045	 98.830968	 98.809914	 98.788887	  98.76789	 98.746925	 98.725995	 98.705104	 98.684253	 98.663446	 98.642686	 98.621976	 98.601318	 98.580715	 98.560169	 98.539684	 98.519262	 98.498906	 98.478619	 98.458403	  98.43826	 98.418193	 98.398206	 98.378299	 98.358476	  98.33874	 98.319091	 98.299534	  98.28007	 98.260701	  98.24143	 98.222259	  98.20319	 98.184225	 98.165366	 98.146616	 98.127975	 98.109448	 98.091034	 98.072736	 98.054557	 98.036497	 98.018558	 98.000743	 97.983052	 97.965488	 97.948051	 97.930744	 97.913568	 97.896524	 97.879614	 97.862839	   97.8462	 97.829698	 97.813336	 97.797113	 97.781031	 97.765091	 97.749294	 97.733641	 97.718132	 97.702769	 97.687553	 97.672483	 97.657562	 97.642789	 97.628165	 97.613691	 97.599367	 97.585194	 97.571172	 97.557301	 97.543582	 97.530015	 97.516601	 97.503339	 97.490229	 97.477273	 97.464469	 97.451819	 97.439321	 97.426976	 97.414784	 97.402745	 97.390858	 97.379124	 97.367541	 97.356111	 97.344832	 97.333703	 97.322726	 97.311899	 97.301222	 97.290694	 97.280315	 97.270085	 97.260002	 97.250067	 97.240278	 97.230634	 97.221136	 97.211783	 97.202573	 97.193506	 97.184582	 97.175799	 97.167156	 97.158653	 97.150289	 97.142063	 97.133974	 97.126021	 97.118203	 97.110519	 97.102969	 97.095551	 97.088264	 97.081108	 97.074081	 97.067182	  97.06041	 97.053764	 97.047244	 97.040847	 97.034573	 97.028422	  97.02239	 97.016479	 97.010686	 97.005011	 96.999452	 96.994009	 96.988679	 96.983463	 96.978359	 96.973366	 96.968483	 96.963709	 96.959042	 96.954482	 96.950028	 96.945678	 96.941431	 96.937287	 96.933245	 96.929303	  96.92546	 96.921716	 96.918069	 96.914519	 96.911064	 96.907704	 96.904437	 96.901263	  96.89818	 96.895189	 96.892288	 96.889475	 96.886751	 96.884115	 96.881565	 96.879101	 96.876722	 96.874427	 96.872217	 96.870089	 96.868043	 96.866079	 96.864196	 96.862393	  96.86067	 96.859026	 96.857461	 96.855973	 96.854564	 96.853231	 96.851975	 96.850795	 96.849691	 96.848662	 96.847708	 96.846829	 96.846024	 96.845294	 96.844637	 96.844054	 96.843544	 96.843107	 96.842743	 96.842453	 96.842235	 96.842089	 96.842017	
        99	 98.971791	 98.943586	 98.915389	 98.887204	 98.859034	 98.830885	 98.802759	 98.774661	 98.746594	 98.718563	 98.690571	 98.662622	  98.63472	 98.606869	 98.579073	 98.551335	  98.52366	  98.49605	 98.468511	 98.441044	 98.413655	 98.386346	 98.359121	 98.331985	 98.304939	 98.277988	 98.251136	 98.224385	 98.197739	 98.171201	 98.144775	 98.118464	 98.092271	 98.066198	  98.04025	 98.014429	 97.988739	 97.963181	  97.93776	 97.912478	 97.887337	  97.86234	 97.837491	 97.812791	 97.788244	 97.763851	 97.739615	 97.715539	 97.691625	 97.667875	 97.644291	 97.620876	 97.597631	 97.574559	 97.551661	  97.52894	 97.506396	 97.484033	 97.461852	 97.439853	  97.41804	 97.396413	 97.374974	 97.353724	 97.332665	 97.311797	 97.291123	 97.270642	 97.250357	 97.230268	 97.210376	 97.190682	 97.171186	 97.151891	 97.132795	 97.113901	 97.095207	 97.076716	 97.058427	 97.040341	 97.022458	 97.004778	 96.987302	  96.97003	 96.952961	 96.936096	 96.919436	 96.902979	 96.886725	 96.870676	 96.854829	 96.839186	 96.823745	 96.808507	  96.79347	 96.778635	 96.764001	 96.749567	 96.735334	 96.721299	 96.707463	 96.693824	 96.680383	 96.667138	 96.654088	 96.641232	  96.62857	 96.616101	 96.603823	 96.591736	 96.579839	  96.56813	 96.556608	 96.545273	 96.534122	 96.523156	 96.512372	  96.50177	 96.491348	 96.481105	  96.47104	 96.461151	 96.451437	 96.441896	 96.432528	 96.423331	 96.414303	 96.405444	 96.396751	 96.388224	  96.37986	 96.371659	 96.363619	 96.355738	 96.348016	  96.34045	  96.33304	 96.325783	 96.318678	 96.311725	  96.30492	 96.298264	 96.291754	 96.285389	 96.279168	 96.273089	 96.267151	 96.261352	 96.255691	 96.250167	 96.244778	 96.239523	   96.2344	 96.229409	 96.224547	 96.219814	 96.215208	 96.210728	 96.206373	 96.202142	 96.198033	 96.194045	 96.190177	 96.186428	 96.182796	 96.179281	 96.175882	 96.172597	 96.169426	 96.166367	  96.16342	 96.160583	 96.157856	 96.155238	 96.152727	 96.150324	 96.148027	 96.145835	 96.143749	 96.141766	 96.139886	  96.13811	 96.136435	 96.134862	  96.13339	 96.132019	 96.130748	 96.129576	 96.128503	 96.127529	 96.126653	 96.125876	 96.125196	 96.124614	 96.124129	 96.123741	  96.12345	 96.123257	  96.12316	
        99	 98.964746	 98.929497	 98.894259	 98.859034	  98.82383	 98.788651	 98.753501	 98.718385	 98.683309	 98.648277	 98.613295	 98.578366	 98.543496	  98.50869	 98.473952	 98.439287	   98.4047	 98.370196	 98.335778	 98.301452	 98.267223	 98.233094	  98.19907	 98.165156	 98.131357	 98.097675	 98.064117	 98.030685	 97.997385	  97.96422	 97.931194	 97.898312	 97.865577	 97.832994	 97.800565	 97.768296	  97.73619	  97.70425	  97.67248	 97.640883	 97.609464	 97.578225	  97.54717	 97.516301	 97.485624	 97.455139	 97.424851	 97.394762	 97.364876	 97.335194	 97.305721	 97.276458	 97.247408	 97.218573	 97.189957	 97.161562	 97.133388	  97.10544	 97.077719	 97.050227	 97.022966	 96.995938	 96.969145	 96.942588	  96.91627	 96.890191	 96.864353	 96.838758	 96.813406	   96.7883	  96.76344	 96.738828	 96.714464	  96.69035	 96.666485	 96.642872	  96.61951	 96.596401	 96.573545	 96.550942	 96.528593	 96.506498	 96.484657	 96.463071	  96.44174	 96.420663	 96.399842	 96.379275	 96.358963	 96.338905	 96.319101	  96.29955	 96.280254	  96.26121	 96.242418	 96.223878	  96.20559	 96.187551	 96.169763	 96.152223	 96.134931	 96.117887	 96.101089	 96.084536	 96.068227	 96.052161	 96.036337	 96.020753	 96.005409	 95.990304	 95.975435	 95.960802	 95.946403	 95.932237	 95.918302	 95.904597	  95.89112	  95.87787	 95.864845	 95.852044	 95.839465	 95.827106	 95.814966	 95.803043	 95.791336	 95.779842	 95.768559	 95.757487	 95.746624	 95.735967	 95.725515	 95.715265	 95.705217	 95.695369	 95.685718	 95.676263	 95.667001	 95.657932	 95.649053	 95.640363	 95.631859	 95.623541	 95.615405	 95.607451	 95.599676	 95.592079	 95.584658	 95.577411	 95.570336	 95.563432	 95.556697	  95.55013	 95.543728	  95.53749	 95.531414	 95.525499	 95.519743	 95.514144	 95.508702	 95.503413	 95.498278	 95.493294	  95.48846	 95.483775	 95.479236	 95.474844	 95.470596	  95.46649	 95.462527	 95.458704	 95.455021	 95.451476	 95.448068	 95.444796	 95.441658	 95.438655	 95.435784	 95.433045	 95.430437	 95.427959	 95.425611	  95.42339	 95.421298	 95.419332	 95.417492	 95.415778	 95.414189	 95.412725	 95.411384	 95.410167	 95.409072	 95.408101	 95.407251	 95.406523	 95.405918	 95.405433	  95.40507	 95.404828	 95.404707	
        99	 98.957706	 98.915419	 98.873143	 98.830885	 98.788651	 98.746446	 98.704277	 98.662149	 98.620069	 98.578041	 98.536073	  98.49417	 98.452337	  98.41058	 98.368905	 98.327318	 98.285824	 98.244429	 98.203139	 98.161958	 98.120893	 98.079949	 98.039132	 97.998445	 97.957896	 97.917489	 97.877229	 97.837121	 97.797171	 97.757383	 97.717763	 97.678314	 97.639042	 97.599952	 97.561049	 97.522335	 97.483818	 97.445499	 97.407385	 97.369479	 97.331786	 97.294309	 97.257052	  97.22002	 97.183216	 97.146644	 97.110307	  97.07421	 97.038355	 97.002747	 96.967388	 96.932281	  96.89743	 96.862838	 96.828507	 96.794441	 96.760642	 96.727113	 96.693856	 96.660874	  96.62817	 96.595745	 96.563601	 96.531741	 96.500167	  96.46888	 96.437883	 96.407176	 96.376763	 96.346643	 96.316819	 96.287292	 96.258062	 96.229132	 96.200502	 96.172174	 96.144147	 96.116423	 96.089002	 96.061886	 96.035074	 96.008567	 95.982365	 95.956468	 95.930877	 95.905592	 95.880613	 95.855939	  95.83157	 95.807507	 95.783748	 95.760294	 95.737144	 95.714297	 95.691753	 95.669511	  95.64757	  95.62593	 95.604589	 95.583547	 95.562802	 95.542354	 95.522201	 95.502343	 95.482777	 95.463503	 95.444519	 95.425823	 95.407415	 95.389293	 95.371455	   95.3539	 95.336626	 95.319631	 95.302913	 95.286471	 95.270303	 95.254407	 95.238782	 95.223424	 95.208333	 95.193507	 95.178942	 95.164639	 95.150593	 95.136804	 95.123269	 95.109986	 95.096953	 95.084168	 95.071628	 95.059332	 95.047278	 95.035462	 95.023884	 95.012541	  95.00143	  94.99055	 94.979898	 94.969473	 94.959271	 94.949291	 94.939531	 94.929988	  94.92066	 94.911546	 94.902643	 94.893949	 94.885462	 94.877179	 94.869099	  94.86122	  94.85354	 94.846056	 94.838767	 94.831671	 94.824765	 94.818049	 94.811519	 94.805175	 94.799014	 94.793035	 94.787236	 94.781615	  94.77617	 94.770901	 94.765804	 94.760879	 94.756124	 94.751538	 94.747119	 94.742866	 94.738778	 94.734852	 94.731088	 94.727485	 94.724041	 94.720755	 94.717626	 94.714653	 94.711836	 94.709172	 94.706662	 94.704303	 94.702096	  94.70004	 94.698134	 94.696377	 94.694768	 94.693308	 94.691995	 94.690829	  94.68981	 94.688937	  94.68821	 94.687629	 94.687193	 94.686903	 94.686758	
        99	 98.950672	 98.901352	 98.852045	 98.802759	 98.753501	 98.704277	 98.655094	  98.60596	 98.556882	 98.507865	 98.458916	 98.410044	 98.361253	 98.312552	 98.263946	 98.215443	 98.167048	 98.118769	 98.070611	 98.022582	 97.974687	 97.926934	 97.879328	 97.831875	 97.784582	 97.737454	 97.690498	  97.64372	 97.597126	 97.550721	 97.504511	 97.458502	 97.412699	 97.367107	 97.321733	 97.276582	 97.231658	 97.186967	 97.142514	 97.098304	 97.054341	 97.010631	 96.967178	 96.923987	 96.881062	 96.838408	 96.796028	 96.753928	  96.71211	 96.670579	  96.62934	 96.588394	 96.547747	 96.507402	 96.467362	  96.42763	  96.38821	 96.349104	 96.310317	 96.271849	 96.233706	 96.195888	 96.158398	  96.12124	 96.084414	 96.047924	 96.011771	 95.975958	 95.940486	 95.905357	 95.870573	 95.836135	 95.802045	 95.768303	 95.734912	 95.701872	 95.669184	 95.636849	 95.604868	 95.573242	 95.541971	 95.511055	 95.480495	 95.450292	 95.420445	 95.390955	 95.361821	 95.333043	 95.304622	 95.276556	 95.248846	 95.221492	 95.194491	 95.167844	 95.141551	  95.11561	  95.09002	 95.064781	 95.039891	 95.015349	 94.991154	 94.967305	 94.943801	  94.92064	  94.89782	  94.87534	 94.853199	 94.831394	 94.809925	 94.788789	 94.767984	 94.747509	 94.727362	  94.70754	 94.688043	 94.668866	 94.650009	  94.63147	 94.613245	 94.595334	 94.577733	 94.560441	 94.543454	 94.526771	  94.51039	 94.494307	 94.478521	 94.463029	 94.447828	 94.432917	 94.418292	 94.403951	 94.389892	 94.376112	 94.362608	 94.349378	 94.336419	  94.32373	 94.311306	 94.299147	 94.287248	 94.275609	 94.264225	 94.253095	 94.242217	 94.231587	 94.221203	 94.211063	 94.201164	 94.191504	  94.18208	 94.172891	 94.163933	 94.155205	 94.146703	 94.138427	 94.130373	  94.12254	 94.114924	 94.107525	  94.10034	 94.093366	 94.086602	 94.080046	 94.073696	  94.06755	 94.061606	 94.055862	 94.050316	 94.044967	 94.039814	 94.034853	 94.030084	 94.025506	 94.021116	 94.016913	 94.012897	 94.009064	 94.005415	 94.001948	 93.998662	 93.995555	 93.992627	 93.989877	 93.987303	 93.984905	 93.982681	 93.980632	 93.978756	 93.977053	 93.975521	 93.974162	 93.972973	 93.971955	 93.971107	 93.970429	 93.969921	 93.969582	 93.969413	
        99	 98.943645	 98.887299	 98.830968	 98.774661	 98.718385	 98.662149	  98.60596	 98.549827	 98.493756	 98.437757	 98.381836	 98.326001	  98.27026	 98.214621	 98.159091	 98.103677	 98.048388	 97.993231	 97.938214	 97.883342	 97.828625	 97.774068	  97.71968	 97.665468	 97.611437	 97.557596	 97.503951	  97.45051	 97.397277	 97.344262	 97.291469	 97.238905	 97.186577	 97.134491	 97.082653	  97.03107	 96.979746	 96.928689	 96.877903	 96.827395	 96.777169	 96.727233	  96.67759	 96.628246	 96.579206	 96.530475	 96.482058	  96.43396	 96.386185	 96.338738	 96.291623	 96.244845	 96.198408	 96.152315	 96.106571	 96.061179	 96.016143	 95.971467	 95.927154	 95.883207	 95.839629	 95.796423	 95.753593	 95.711141	  95.66907	 95.627381	 95.586079	 95.545164	 95.504639	 95.464505	 95.424766	 95.385422	 95.346475	 95.307927	 95.269779	 95.232032	 95.194687	 95.157746	 95.121209	 95.085078	 95.049352	 95.014032	 94.979119	 94.944613	 94.910514	 94.876822	 94.843538	 94.810661	 94.778191	 94.746127	  94.71447	 94.683218	 94.652371	 94.621929	  94.59189	 94.562253	 94.533018	 94.504183	 94.475747	 94.447709	 94.420068	 94.392822	 94.365969	 94.339508	 94.313437	 94.287755	  94.26246	 94.237549	 94.213021	 94.188874	 94.165106	 94.141714	 94.118697	 94.096052	 94.073776	 94.051868	 94.030325	 94.009144	 93.988323	  93.96786	 93.947752	 93.927996	  93.90859	 93.889531	 93.870815	 93.852442	 93.834407	 93.816708	 93.799342	 93.782306	 93.765598	 93.749214	 93.733152	 93.717408	 93.701981	 93.686866	 93.672062	 93.657564	 93.643371	  93.62948	 93.615886	 93.602588	 93.589583	 93.576868	 93.564439	 93.552295	 93.540432	 93.528847	 93.517538	 93.506502	 93.495736	 93.485238	 93.475004	 93.465032	  93.45532	 93.445864	 93.436663	 93.427713	 93.419013	  93.41056	 93.402351	 93.394384	 93.386656	 93.379167	 93.371912	  93.36489	 93.358099	 93.351537	 93.345201	 93.339091	 93.333203	 93.327536	 93.322087	 93.316857	 93.311841	  93.30704	 93.302451	 93.298073	 93.293904	 93.289943	 93.286189	 93.282639	 93.279294	 93.276152	 93.273211	 93.270471	 93.267931	  93.26559	 93.263447	 93.261501	 93.259752	 93.258198	  93.25684	 93.255677	 93.254709	 93.253934	 93.253353	 93.252967	 93.252773	
        99	 98.936626	 98.873261	 98.809914	 98.746594	 98.683309	 98.620069	 98.556882	 98.493756	 98.430702	 98.367727	 98.304841	 98.242052	 98.179368	 98.116799	 98.054353	 97.992037	 97.929862	 97.867835	 97.805965	 97.744259	 97.682726	 97.621375	 97.560212	 97.499247	 97.438487	  97.37794	 97.317614	 97.257516	 97.197653	 97.138034	 97.078666	 97.019555	 96.960709	 96.902136	 96.843842	 96.785833	 96.728117	   96.6707	 96.613589	  96.55679	 96.500309	 96.444152	 96.388326	 96.332836	 96.277688	 96.222888	  96.16844	 96.114351	 96.060626	 96.007269	 95.954286	 95.901682	  95.84946	 95.797627	 95.746185	 95.695139	 95.644494	 95.594253	 95.544421	    95.495	 95.445994	 95.397408	 95.349243	 95.301503	 95.254192	 95.207311	 95.160864	 95.114853	  95.06928	 95.024148	 94.979459	 94.935214	 94.891417	 94.848067	 94.805168	 94.762719	 94.720723	 94.679181	 94.638093	 94.597461	 94.557286	 94.517567	 94.478305	 94.439501	 94.401155	 94.363267	 94.325837	 94.288865	 94.252351	 94.216294	 94.180693	 94.145549	  94.11086	 94.076626	 94.042845	 94.009517	 93.976641	 93.944214	 93.912237	 93.880707	 93.849623	 93.818983	 93.788785	 93.759029	 93.729711	  93.70083	 93.672384	 93.644371	 93.616788	 93.589633	 93.562904	 93.536599	 93.510715	 93.485249	 93.460199	 93.435562	 93.411336	 93.387517	 93.364103	 93.341091	 93.318478	 93.296262	 93.274438	 93.253005	 93.231959	 93.211297	 93.191016	 93.171112	 93.151583	 93.132425	 93.113636	 93.095212	 93.077149	 93.059445	 93.042095	 93.025098	  93.00845	 92.992147	 92.976186	 92.960564	 92.945277	 92.930323	 92.915698	 92.901399	 92.887423	 92.873766	 92.860425	 92.847397	  92.83468	 92.822269	 92.810162	 92.798356	 92.786848	 92.775634	 92.764712	 92.754079	 92.743731	 92.733667	 92.723883	 92.714377	 92.705145	 92.696186	 92.687496	 92.679074	 92.670915	 92.663019	 92.655382	 92.648003	 92.640878	 92.634006	 92.627385	 92.621012	 92.614885	 92.609003	 92.603363	 92.597964	 92.592803	  92.58788	 92.583191	 92.578737	 92.574515	 92.570524	 92.566762	 92.563228	 92.559921	  92.55684	 92.553984	 92.551351	 92.548941	 92.546752	 92.544785	 92.543038	 92.541511	 92.540203	 92.539114	 92.538243	  92.53759	 92.537155	 92.536937	
        99	 98.929616	 98.859242	 98.788887	 98.718563	 98.648277	 98.578041	 98.507865	 98.437757	 98.367727	 98.297787	 98.227944	 98.158209	 98.088592	 98.019101	 97.949747	 97.880539	 97.811486	 97.742597	 97.673883	 97.605351	 97.537012	 97.468874	 97.400946	 97.333237	 97.265756	 97.198511	 97.131511	 97.064765	 96.998281	 96.932067	 96.866131	 96.800482	 96.735127	 96.670074	 96.605331	 96.540906	 96.476806	 96.413037	 96.349609	 96.286526	 96.223798	 96.161429	 96.099427	 96.037799	 95.976551	 95.915689	 95.855218	 95.795146	 95.735478	 95.676219	 95.617375	 95.558952	 95.500954	 95.443386	 95.386254	 95.329562	 95.273314	 95.217516	 95.162171	 95.107283	 95.052857	 94.998896	 94.945403	 94.892382	 94.839837	 94.787771	 94.736186	 94.685085	 94.634471	 94.584347	 94.534714	 94.485576	 94.436933	 94.388788	 94.341143	 94.293999	 94.247358	  94.20122	 94.155588	 94.110461	 94.065841	 94.021728	 93.978124	 93.935027	  93.89244	 93.850361	  93.80879	 93.767729	 93.727175	 93.687129	 93.647591	 93.608559	 93.570033	 93.532012	 93.494494	 93.457479	 93.420966	 93.384953	 93.349438	  93.31442	 93.279897	 93.245868	  93.21233	 93.179282	 93.146721	 93.114646	 93.083053	 93.051941	 93.021307	 92.991149	 92.961463	 92.932248	   92.9035	 92.875217	 92.847396	 92.820034	 92.793128	 92.766674	 92.740671	 92.715113	 92.689999	 92.665325	 92.641088	 92.617283	 92.593909	 92.570961	 92.548437	 92.526331	 92.504642	 92.483365	 92.462498	 92.442035	 92.421974	 92.402311	 92.383043	 92.364166	 92.345676	 92.327569	 92.309843	 92.292493	 92.275515	 92.258907	 92.242664	 92.226783	 92.211261	 92.196093	 92.181277	 92.166808	 92.152684	   92.1389	 92.125454	 92.112342	  92.09956	 92.087106	 92.074976	 92.063166	 92.051675	 92.040497	 92.029631	 92.019073	 92.008821	  91.99887	 91.989219	 91.979865	 91.970804	 91.962034	 91.953552	 91.945357	 91.937444	 91.929812	 91.922458	  91.91538	 91.908576	 91.902043	 91.895779	 91.889782	 91.884051	 91.878583	 91.873376	 91.868429	  91.86374	 91.859307	 91.855129	 91.851204	 91.847532	  91.84411	 91.840937	 91.838013	 91.835337	 91.832906	 91.830721	 91.828781	 91.827085	 91.825633	 91.824423	 91.823456	  91.82273	 91.822247	 91.822006	
        99	 98.922616	 98.845242	  98.76789	 98.690571	 98.613295	 98.536073	 98.458916	 98.381836	 98.304841	 98.227944	 98.151155	 98.074484	 97.997942	  97.92154	 97.845288	 97.769196	 97.693275	 97.617535	 97.541986	 97.466638	 97.391502	 97.316587	 97.241903	 97.167459	 97.093266	 97.019333	  96.94567	 96.872285	 96.799188	 96.726389	 96.653895	 96.581716	 96.509861	 96.438338	 96.367156	 96.296323	 96.225847	 96.155736	 96.085999	 96.016642	 95.947674	 95.879103	 95.810934	 95.743177	 95.675836	 95.608921	 95.542436	 95.476389	 95.410786	 95.345633	 95.280937	 95.216702	 95.152936	 95.089642	 95.026828	 94.964497	 94.902655	 94.841307	 94.780458	 94.720111	 94.660271	 94.600943	  94.54213	 94.483836	 94.426064	 94.368819	 94.312103	  94.25592	 94.200272	 94.145162	 94.090593	 94.036567	 93.983087	 93.930154	  93.87777	 93.825937	 93.774656	  93.72393	 93.673759	 93.624143	 93.575086	 93.526586	 93.478644	 93.431261	 93.384438	 93.338174	 93.292469	 93.247323	 93.202736	 93.158707	 93.115236	 93.072322	 93.029964	 92.988161	 92.946912	 92.906216	 92.866071	 92.826476	 92.787429	 92.748928	 92.710972	 92.673558	 92.636684	 92.600349	  92.56455	 92.529284	 92.494549	 92.460342	 92.426661	 92.393503	 92.360866	 92.328745	 92.297138	 92.266042	 92.235454	  92.20537	 92.175788	 92.146703	 92.118113	 92.090013	 92.062402	 92.035273	 92.008625	 91.982453	 91.956754	 91.931524	 91.906759	 91.882455	 91.858609	 91.835216	 91.812272	 91.789775	 91.767719	   91.7461	 91.724916	 91.704161	 91.683832	 91.663924	 91.644435	 91.625359	 91.606693	 91.588433	 91.570574	 91.553114	 91.536048	 91.519371	 91.503081	 91.487174	 91.471644	  91.45649	 91.441706	  91.42729	 91.413237	 91.399544	 91.386208	 91.373224	 91.360589	   91.3483	 91.336353	 91.324745	 91.313472	 91.302532	 91.291921	 91.281636	 91.271674	 91.262032	 91.252707	 91.243696	 91.234997	 91.226605	  91.21852	 91.210738	 91.203257	 91.196074	 91.189188	 91.182595	 91.176293	 91.170281	 91.164557	 91.159117	 91.153962	 91.149088	 91.144495	  91.14018	 91.136142	 91.132379	 91.128891	 91.125676	 91.122734	 91.120061	 91.117659	 91.115526	 91.113661	 91.112064	 91.110734	 91.109671	 91.108874	 91.108342	 91.108077	
        99	 98.915626	 98.831264	 98.746925	 98.662622	 98.578366	  98.49417	 98.410044	 98.326001	 98.242052	 98.158209	 98.074484	 97.990888	 97.907433	 97.824129	  97.74099	 97.658025	 97.575247	 97.492666	 97.410293	  97.32814	 97.246217	 97.164535	 97.083105	 97.001938	 96.921043	 96.840432	 96.760115	 96.680102	 96.600403	 96.521028	 96.441986	 96.363288	 96.284943	 96.206959	 96.129348	 96.052117	 95.975275	 95.898832	 95.822795	 95.747174	 95.671977	 95.597212	 95.522886	 95.449008	 95.375586	 95.302626	 95.230136	 95.158124	 95.086595	 95.015558	 94.945017	 94.874981	 94.805455	 94.736445	 94.667957	 94.599996	 94.532568	 94.465679	 94.399333	 94.333536	 94.268291	 94.203604	 94.139479	 94.075919	  94.01293	 93.950514	 93.888675	 93.827417	 93.766743	 93.706656	 93.647158	 93.588252	 93.529941	 93.472226	 93.415111	 93.358596	 93.302684	 93.247376	 93.192673	 93.138576	 93.085087	 93.032207	 92.979935	 92.928273	  92.87722	 92.826777	 92.776944	  92.72772	 92.679106	   92.6311	 92.583703	 92.536912	 92.490729	  92.44515	 92.400175	 92.355803	 92.312032	 92.268861	 92.226287	 92.184308	 92.142924	  92.10213	 92.061926	 92.022309	 91.983276	 91.944825	 91.906953	 91.869657	 91.832934	 91.796781	 91.761195	 91.726172	 91.691711	 91.657806	 91.624455	 91.591654	   91.5594	 91.527688	 91.496516	 91.465878	 91.435772	 91.406194	 91.377139	 91.348603	 91.320583	 91.293074	 91.266072	 91.239573	 91.213572	 91.188066	 91.163051	 91.138521	 91.114473	 91.090902	 91.067803	 91.045174	 91.023009	 91.001303	 90.980053	 90.959254	 90.938902	 90.918993	 90.899522	 90.880484	 90.861876	 90.843694	 90.825932	 90.808588	 90.791656	 90.775133	 90.759014	 90.743295	 90.727973	 90.713043	 90.698502	 90.684345	 90.670569	  90.65717	 90.644144	 90.631488	 90.619197	 90.607269	   90.5957	 90.584486	 90.573624	 90.563111	 90.552944	 90.543119	 90.533633	 90.524484	 90.515669	 90.507184	 90.499027	 90.491195	 90.483687	 90.476498	 90.469627	 90.463072	 90.456831	   90.4509	 90.445279	 90.439965	 90.434957	 90.430252	 90.425849	 90.421747	 90.417944	 90.414439	  90.41123	 90.408317	 90.405698	 90.403372	 90.401339	 90.399597	 90.398147	 90.396988	 90.396118	 90.395539	 90.395249	
        99	 98.908648	 98.817309	 98.725995	  98.63472	 98.543496	 98.452337	 98.361253	  98.27026	 98.179368	 98.088592	 97.997942	 97.907433	 97.817075	 97.726883	 97.636868	 97.547042	 97.457417	 97.368006	 97.278821	 97.189874	 97.101176	 97.012739	 96.924574	 96.836694	  96.74911	 96.661833	 96.574873	 96.488243	 96.401952	 96.316013	 96.230434	 96.145227	 96.060403	  95.97597	  95.89194	 95.808322	 95.725125	  95.64236	 95.560035	  95.47816	 95.396744	 95.315795	 95.235323	 95.155335	 95.075841	 94.996847	 94.918362	 94.840394	  94.76295	 94.686037	 94.609663	 94.533835	 94.458559	 94.383841	 94.309689	 94.236108	 94.163104	 94.090683	  94.01885	 93.947611	 93.876971	 93.806934	 93.737505	 93.668689	 93.600491	 93.532913	  93.46596	 93.399636	 93.333944	 93.268887	 93.204469	 93.140691	 93.077558	  93.01507	 92.953231	 92.892043	 92.831506	 92.771624	 92.712397	 92.653827	 92.595914	  92.53866	 92.482065	  92.42613	 92.370855	 92.316241	 92.262286	 92.208992	 92.156357	 92.104381	 92.053064	 92.002404	 91.952401	 91.903053	 91.854359	 91.806317	 91.758926	 91.712184	 91.666089	 91.620639	 91.575832	 91.531665	 91.488136	 91.445242	 91.402981	  91.36135	 91.320346	 91.279965	 91.240205	 91.201062	 91.162533	 91.124615	 91.087303	 91.050594	 91.014485	 90.978972	  90.94405	 90.909715	 90.875965	 90.842794	 90.810198	 90.778173	 90.746715	 90.715819	 90.685482	 90.655698	 90.626463	 90.597772	 90.569622	 90.542006	 90.514922	 90.488363	 90.462326	 90.436806	 90.411797	 90.387296	 90.363298	 90.339797	  90.31679	 90.294271	 90.272236	  90.25068	 90.229598	 90.208986	  90.18884	 90.169153	 90.149923	 90.131144	 90.112812	 90.094922	  90.07747	 90.060452	 90.043863	 90.027698	 90.011954	 89.996627	 89.981711	 89.967204	 89.953101	 89.939398	 89.926091	 89.913176	  89.90065	 89.888508	 89.876748	 89.865366	 89.854358	  89.84372	  89.83345	 89.823545	    89.814	 89.804813	 89.795982	 89.787503	 89.779373	  89.77159	 89.764151	 89.757054	 89.750296	 89.743875	 89.737789	 89.732036	 89.726613	 89.721519	 89.716753	 89.712311	 89.708194	 89.704398	 89.700924	  89.69777	 89.694934	 89.692416	 89.690215	 89.688329	 89.686759	 89.685504	 89.684563	 89.683935	 89.683622	
        99	 98.901683	 98.803379	 98.705104	 98.606869	  98.50869	  98.41058	 98.312552	 98.214621	 98.116799	 98.019101	  97.92154	 97.824129	 97.726883	 97.629814	 97.532935	  97.43626	 97.339803	 97.243575	  97.14759	  97.05186	 96.956399	 96.861219	 96.766333	 96.671753	  96.57749	 96.483558	 96.389969	 96.296733	 96.203863	 96.111371	 96.019268	 95.927564	 95.836272	 95.745402	 95.654965	 95.564971	 95.475431	 95.386356	 95.297754	 95.209637	 95.122013	 95.034892	 94.948284	 94.862198	 94.776642	 94.691625	 94.607156	 94.523244	 94.439895	 94.357118	 94.274921	 94.193311	 94.112295	 94.031881	 93.952075	 93.872884	 93.794314	 93.716371	 93.639061	  93.56239	 93.486364	 93.410987	 93.336265	 93.262202	 93.188803	 93.116073	 93.044016	 92.972635	 92.901934	 92.831917	 92.762587	 92.693947	 92.625999	 92.558748	 92.492194	  92.42634	 92.361188	  92.29674	 92.232997	 92.169961	 92.107633	 92.046013	 91.985104	 91.924904	 91.865414	 91.806636	 91.748567	 91.691209	 91.634562	 91.578623	 91.523393	  91.46887	 91.415055	 91.361944	 91.309537	 91.257832	 91.206828	 91.156522	 91.106913	 91.057997	 91.009774	  90.96224	 90.915392	 90.869228	 90.823745	 90.778939	 90.734808	 90.691349	 90.648557	  90.60643	 90.564963	 90.524154	 90.483997	  90.44449	 90.405627	 90.367406	 90.329821	 90.292869	 90.256545	 90.220845	 90.185764	 90.151298	 90.117441	  90.08419	 90.051539	 90.019484	  89.98802	 89.957142	 89.926845	 89.897124	 89.867974	 89.839391	 89.811369	 89.783903	 89.756987	 89.730618	  89.70479	 89.679498	 89.654736	   89.6305	 89.606785	 89.583586	 89.560896	 89.538713	  89.51703	 89.495843	 89.475146	 89.454936	 89.435206	 89.415952	 89.397169	 89.378853	 89.360999	 89.343602	 89.326658	 89.310162	 89.294109	 89.278496	 89.263317	 89.248569	 89.234248	 89.220348	 89.206867	   89.1938	 89.181143	 89.168893	 89.157046	 89.145597	 89.134544	 89.123883	 89.113611	 89.103724	 89.094219	 89.085093	 89.076344	 89.067967	 89.059961	 89.052323	  89.04505	 89.038139	 89.031589	 89.025397	 89.019561	 89.014079	 89.008949	 89.004169	 88.999737	 88.995653	 88.991914	 88.988519	 88.985467	 88.982757	 88.980388	 88.978358	 88.976669	 88.975317	 88.974305	 88.973629	 88.973292	
        99	 98.894731	 98.789477	 98.684253	 98.579073	 98.473952	 98.368905	 98.263946	 98.159091	 98.054353	 97.949747	 97.845288	  97.74099	 97.636868	 97.532935	 97.429207	 97.325697	 97.222419	 97.119387	 97.016615	 96.914118	 96.811907	 96.709998	 96.608402	 96.507135	 96.406207	 96.305634	 96.205427	 96.105599	 96.006163	 95.907132	 95.808516	 95.710329	 95.612582	 95.515287	 95.418455	 95.322099	 95.226228	 95.130854	 95.035988	  94.94164	 94.847821	  94.75454	 94.661809	 94.569636	 94.478031	 94.387003	 94.296562	 94.206716	 94.117474	 94.028845	 93.940836	 93.853456	 93.766712	 93.680612	 93.595163	 93.510373	 93.426247	 93.342793	 93.260017	 93.177926	 93.096524	 93.015817	 92.935812	 92.856513	 92.777925	 92.700052	   92.6229	 92.546472	 92.470772	 92.395805	 92.321572	 92.248079	 92.175328	 92.103321	 92.032061	 91.961551	 91.891793	 91.822788	 91.754538	 91.687045	  91.62031	 91.554334	 91.489118	 91.424661	 91.360966	 91.298031	 91.235857	 91.174444	 91.113791	 91.053897	 90.994762	 90.936384	 90.878763	 90.821898	 90.765785	 90.710425	 90.655814	 90.601952	 90.548835	 90.496461	 90.444828	 90.393932	 90.343772	 90.294344	 90.245645	 90.197672	 90.150421	 90.103888	 90.058071	 90.012965	 89.968567	 89.924872	 89.881876	 89.839575	 89.797965	 89.757041	 89.716799	 89.677234	 89.638342	 89.600118	 89.562556	 89.525653	 89.489403	   89.4538	 89.418841	  89.38452	 89.350831	 89.317769	  89.28533	 89.253508	 89.222298	 89.191693	 89.161689	 89.132281	 89.103463	  89.07523	 89.047575	 89.020495	 88.993982	 88.968033	 88.942641	 88.917801	 88.893508	 88.869756	  88.84654	 88.823855	 88.801695	 88.780055	  88.75893	 88.738315	 88.718204	 88.698593	 88.679477	  88.66085	 88.642707	 88.625045	 88.607857	  88.59114	 88.574888	 88.559098	 88.543763	 88.528881	 88.514447	 88.500456	 88.486904	 88.473788	 88.461103	 88.448845	  88.43701	 88.425595	 88.414597	 88.404011	 88.393834	 88.384063	 88.374695	 88.365726	 88.357154	 88.348976	 88.341188	 88.333789	 88.326776	 88.320146	 88.313897	 88.308027	 88.302535	 88.297417	 88.292672	 88.288298	 88.284295	  88.28066	 88.277392	 88.274491	 88.271954	 88.269781	 88.267972	 88.266525	 88.265441	 88.264718	 88.264357	
        99	 98.887794	 98.775605	 98.663446	 98.551335	 98.439287	 98.327318	 98.215443	 98.103677	 97.992037	 97.880539	 97.769196	 97.658025	 97.547042	  97.43626	 97.325697	 97.215366	 97.105282	 96.995461	 96.885917	 96.776665	 96.667719	 96.559094	 96.450804	 96.342863	 96.235285	 96.128084	 96.021274	 95.914868	 95.808879	 95.703322	 95.598208	  95.49355	 95.389362	 95.285656	 95.182443	 95.079737	 94.977549	  94.87589	 94.774772	 94.674207	 94.574206	 94.474779	 94.375936	 94.277689	 94.180048	 94.083022	  93.98662	 93.890854	 93.795731	 93.701262	 93.607453	 93.514315	 93.421855	 93.330082	 93.239002	 93.148624	 93.058955	 92.970002	 92.881771	  92.79427	 92.707504	 92.621479	 92.536202	 92.451677	  92.36791	 92.284906	  92.20267	 92.121205	 92.040517	  91.96061	 91.881486	  91.80315	 91.725604	 91.648852	 91.572897	  91.49774	 91.423385	 91.349833	 91.277086	 91.205145	 91.134013	 91.063689	 90.994175	 90.925471	 90.857578	 90.790496	 90.724225	 90.658765	 90.594115	 90.530274	 90.467243	 90.405018	   90.3436	 90.282987	 90.223177	 90.164169	  90.10596	 90.048548	  89.99193	 89.936105	  89.88107	  89.82682	 89.773355	  89.72067	 89.668762	 89.617627	 89.567262	 89.517664	 89.468827	 89.420749	 89.373425	  89.32685	 89.281021	 89.235933	 89.191581	  89.14796	 89.105066	 89.062895	 89.021439	 88.980696	  88.94066	 88.901324	 88.862685	 88.824737	 88.787474	 88.750891	 88.714982	 88.679742	 88.645165	 88.611246	 88.577979	 88.545358	 88.513377	 88.482031	 88.451314	  88.42122	 88.391743	 88.362878	 88.334618	 88.306959	 88.279894	 88.253417	 88.227523	 88.202206	  88.17746	  88.15328	  88.12966	 88.106594	 88.084077	 88.062103	 88.040667	 88.019764	 87.999388	 87.979534	 87.960196	 87.941369	 87.923049	  87.90523	 87.887907	 87.871076	 87.854731	 87.838869	 87.823483	  87.80857	 87.794126	 87.780145	 87.766624	 87.753558	 87.740944	 87.728777	 87.717053	  87.70577	 87.694922	 87.684507	 87.674522	 87.664962	 87.655825	 87.647108	 87.638807	 87.630921	 87.623445	 87.616379	 87.609718	 87.603461	 87.597606	 87.592151	 87.587094	 87.582432	 87.578165	 87.574291	 87.570808	 87.567715	 87.565011	 87.562695	 87.560767	 87.559225	 87.558069	 87.557298	 87.556913	
        99	 98.880873	 98.761763	 98.642686	  98.52366	   98.4047	 98.285824	 98.167048	 98.048388	 97.929862	 97.811486	 97.693275	 97.575247	 97.457417	 97.339803	 97.222419	 97.105282	 96.988408	 96.871813	 96.755512	  96.63952	 96.523854	 96.408529	 96.293559	  96.17896	 96.064746	 95.950933	 95.837534	 95.724564	 95.612038	 95.499969	 95.388371	 95.277258	 95.166643	  95.05654	 94.946961	 94.837919	 94.729427	 94.621498	 94.514143	 94.407375	 94.301205	 94.195644	 94.090705	 93.986398	 93.882733	 93.779722	 93.677375	 93.575701	 93.474711	 93.374414	 93.274819	 93.175935	 93.077772	 92.980338	  92.88364	 92.787687	 92.692487	 92.598047	 92.504374	 92.411475	 92.319357	 92.228026	 92.137488	  92.04775	 91.958816	 91.870692	 91.783382	 91.696893	 91.611228	 91.526391	 91.442387	 91.359218	 91.276889	 91.195403	 91.114763	  91.03497	 90.956028	 90.877939	 90.800705	 90.724327	 90.648806	 90.574145	 90.500343	 90.427401	  90.35532	 90.284101	 90.213742	 90.144244	 90.075606	 90.007827	 89.940907	 89.874845	 89.809638	 89.745286	 89.681787	 89.619139	 89.557339	 89.496385	 89.436276	 89.377007	 89.318576	 89.260981	 89.204218	 89.148283	 89.093173	 89.038884	 88.985412	 88.932754	 88.880905	 88.829861	 88.779618	 88.730171	 88.681515	 88.633645	 88.586557	 88.540246	 88.494706	 88.449933	 88.405921	 88.362664	 88.320158	 88.278397	 88.237374	 88.197085	 88.157523	 88.118684	  88.08056	 88.043146	 88.006437	 87.970425	 87.935106	 87.900472	 87.866519	 87.833239	 87.800627	 87.768677	 87.737382	 87.706736	 87.676734	 87.647368	 87.618634	 87.590524	 87.563032	 87.536153	 87.509881	  87.48421	 87.459132	 87.434644	 87.410738	 87.387409	 87.364651	 87.342458	 87.320825	 87.299746	 87.279215	 87.259227	 87.239777	 87.220859	 87.202468	 87.184598	 87.167246	 87.150404	  87.13407	 87.118237	 87.102901	 87.088058	 87.073703	 87.059831	 87.046439	 87.033521	 87.021075	 87.009095	 86.997579	 86.986521	  86.97592	  86.96577	  86.95607	 86.946815	 86.938002	 86.929629	 86.921693	  86.91419	 86.907119	 86.900476	  86.89426	 86.888468	 86.883099	  86.87815	 86.873619	 86.869506	 86.865808	 86.862524	 86.859654	 86.857195	 86.855148	 86.853511	 86.852283	 86.851465	 86.851056	
