Time step 6:
        99	        99	        99	        99	        99	        99	        99	        99	        99	        99	        99	        99	        99	        99	        99	        99	        99	        99	        99	        99	        99	        99	        99	        99	        99	        99	        99	        99	        99	        99	        99	        99	        99	        99	        99	        99	        99	        99	        99	        99	        99	        99	        99	        99	        99	        99	        99	        99	        99	        99	        99	        99	        99	        99	        99	        99	        99	        99	        99	        99	        99	        99	        99	        99	        99	        99	        99	        99	        99	        99	        99	        99	        99	        99	        99	        99	        99	        99	        99	        99	        99	        99	        99	        99	        99	        99	        99	        99	        99	        99	        99	        99	        99	        99	        99	        99	        99	        99	        99	        99	        99	        99	        99	        99	        99	        99	        99	        99	        99	        99	        99	        99	        99	        99	        99	        99	        99	        99	        99	        99	        99	        99	        99	        99	        99	        99	        99	        99	        99	        99	        99	        99	        99	        99	        99	        99	        99	        99	        99	        99	        99	        99	        99	        99	        99	        99	        99	        99	        99	        99	        99	        99	        99	        99	        99	        99	        99	        99	        99	        99	        99	        99	        99	        99	        99	        99	        99	        99	        99	        99	        99	        99	        99	        99	        99	        99	        99	        99	        99	        99	        99	        99	        99	        99	        99	        99	        99	        99	        99	        99	        99	        99	        99	        99	        99	        99	        99	        99	        99	        99	
        99	 98.894258	 98.788739	 98.683662	 98.579247	 98.475708	 98.373251	 98.272081	 98.172389	 98.074362	 97.978174	 97.883989	 97.791959	 97.702224	  97.61491	  97.53013	 97.447985	 97.368559	 97.291923	 97.218136	  97.14724	 97.079266	 97.014229	 96.952134	 96.892972	 96.836723	 96.783355	 96.732828	 96.685091	 96.640084	  96.59774	 96.557986	 96.520741	  96.48592	 96.453433	 96.423189	 96.395091	 96.369041	 96.344941	 96.322692	 96.302194	  96.28335	 96.266062	 96.250235	 96.235776	 96.222594	 96.210603	 96.199716	 96.189853	 96.180937	 96.172893	 96.165651	 96.159145	 96.153313	 96.148095	 96.143437	 96.139288	 96.135598	 96.132325	 96.129428	 96.126868	 96.124611	 96.122626	 96.120883	 96.119356	  96.11802	 96.116856	 96.115842	 96.114961	 96.114197	 96.113536	 96.112965	 96.112474	 96.112051	 96.111688	 96.111378	 96.111112	 96.110886	 96.110694	  96.11053	 96.110392	 96.110275	 96.110176	 96.110093	 96.110023	 96.109964	 96.109915	 96.109874	  96.10984	 96.109812	 96.109788	 96.109769	 96.109753	 96.109739	 96.109728	 96.109719	 96.109712	 96.109706	 96.109701	 96.109697	 96.109694	 96.109691	 96.109689	 96.109687	 96.109686	 96.109685	 96.109684	 96.109683	 96.109683	 96.109682	 96.109682	 96.109681	 96.109681	 96.109681	 96.109681	 96.109681	 96.109681	 96.109681	 96.109681	  96.10968	  96.10968	  96.10968	  96.10968	  96.10968	  96.10968	  96.10968	  96.10968	  96.10968	  96.10968	  96.10968	  96.10968	  96.10968	  96.10968	  96.10968	  96.10968	  96.10968	  96.10968	  96.10968	  96.10968	  96.10968	  96.10968	  96.10968	  96.10968	  96.10968	  96.10968	  96.10968	  96.10968	  96.10968	  96.10968	  96.10968	  96.10968	  96.10968	  96.10968	  96.10968	  96.10968	  96.10968	  96.10968	  96.10968	  96.10968	  96.10968	  96.10968	  96.10968	  96.10968	  96.10968	  96.10968	  96.10968	  96.10968	  96.10968	  96.10968	  96.10968	  96.10968	  96.10968	  96.10968	  96.10968	  96.10968	  96.10968	  96.10968	  96.10968	  96.10968	  96.10968	  96.10968	  96.10968	  96.10968	  96.10968	  96.10968	  96.10968	  96.10968	  96.10968	  96.10968	  96.10968	  96.10968	  96.10968	  96.10968	  96.10968	  96.10968	  96.10968	  96.10968	  96.10968	  96.10968	  96.10968	
        99	 98.788739	 98.577922	  98.36799	 98.159379	 97.952517	  97.74782	 97.545692	 97.346519	 97.150671	 96.958497	 96.770324	 96.586458	 96.407175	 96.232731	  96.06335	 95.899232	 95.740547	 95.587437	 95.440018	 95.298375	 95.162569	 95.032633	 94.908573	 94.790373	 94.677993	  94.57137	 94.470422	 94.375048	 94.285128	  94.20053	 94.121105	 94.046693	 93.977124	  93.91222	 93.851795	 93.795657	 93.743612	 93.695463	 93.651012	  93.61006	 93.572411	 93.537872	 93.506251	 93.477363	 93.451028	 93.427069	 93.405319	 93.385614	   93.3678	 93.351729	 93.337261	 93.324263	 93.312611	 93.302187	  93.29288	 93.284589	 93.277219	  93.27068	 93.264891	 93.259776	 93.255267	 93.251301	 93.247818	 93.244767	   93.2421	 93.239773	 93.237747	 93.235986	  93.23446	  93.23314	    93.232	 93.231018	 93.230173	 93.229449	 93.228828	 93.228298	 93.227846	 93.227462	 93.227135	 93.226859	 93.226625	 93.226427	 93.226261	 93.226122	 93.226004	 93.225906	 93.225825	 93.225756	   93.2257	 93.225653	 93.225614	 93.225581	 93.225555	 93.225533	 93.225515	   93.2255	 93.225488	 93.225478	  93.22547	 93.225464	 93.225459	 93.225454	 93.225451	 93.225448	 93.225446	 93.225444	 93.225443	 93.225441	 93.225441	  93.22544	 93.225439	 93.225439	 93.225438	 93.225438	 93.225438	 93.225438	 93.225438	 93.225437	 93.225437	 93.225437	 93.225437	 93.225437	 93.225437	 93.225437	 93.225437	 93.225437	 93.225437	 93.225437	 93.225437	 93.225437	 93.225437	 93.225437	 93.225437	 93.225437	 93.225437	 93.225437	 93.225437	 93.225437	 93.225437	 93.225437	 93.225437	 93.225437	 93.225437	 93.225437	 93.225437	 93.225437	 93.225437	 93.225437	 93.225437	 93.225437	 93.225437	 93.225437	 93.225437	 93.225437	 93.225437	 93.225437	 93.225437	 93.225437	 93.225437	 93.225437	 93.225437	 93.225437	 93.225437	 93.225437	 93.225437	 93.225437	 93.225437	 93.225437	 93.225437	 93.225437	 93.225437	 93.225437	 93.225437	 93.225437	 93.225437	 93.225437	 93.225437	 93.225437	 93.225437	 93.225437	 93.225437	 93.225437	 93.225437	 93.225437	 93.225437	 93.225437	 93.225437	 93.225437	 93.225437	 93.225437	 93.225437	 93.225437	 93.225437	 93.225437	 93.225437	 93.225437	 93.225437	 93.225437	 93.225437	
        99	 98.683662	  98.36799	 98.053643	 97.741275	 97.431524	 97.125016	 96.822354	 96.524117	 96.230858	 95.943102	 95.661337	 95.386019	 95.117566	 94.856357	 94.602731	 94.356984	 94.119373	  93.89011	 93.669368	 93.457276	 93.253923	 93.059359	 92.873595	 92.696605	  92.52833	 92.368675	 92.217518	 92.074707	 91.940064	 91.813389	 91.694459	 91.583037	 91.478866	 91.381681	 91.291201	 91.207142	 91.129211	 91.057114	 90.990553	 90.929233	 90.872859	  90.82114	 90.773792	 90.730537	 90.691102	 90.655227	 90.622658	 90.593153	 90.566479	 90.542415	 90.520751	 90.501288	  90.48384	 90.468231	 90.454296	 90.441881	 90.430845	 90.421053	 90.412385	 90.404727	 90.397976	 90.392036	 90.386821	 90.382253	 90.378259	 90.374774	  90.37174	 90.369105	  90.36682	 90.364842	 90.363135	 90.361665	   90.3604	 90.359315	 90.358387	 90.357593	 90.356916	  90.35634	 90.355851	 90.355437	 90.355087	 90.354791	 90.354542	 90.354333	 90.354158	 90.354011	 90.353889	 90.353787	 90.353702	 90.353631	 90.353573	 90.353524	 90.353485	 90.353452	 90.353425	 90.353403	 90.353385	  90.35337	 90.353358	 90.353349	 90.353341	 90.353334	 90.353329	 90.353325	 90.353322	 90.353319	 90.353317	 90.353315	 90.353314	 90.353313	 90.353312	 90.353311	  90.35331	  90.35331	  90.35331	 90.353309	 90.353309	 90.353309	 90.353309	 90.353309	 90.353309	 90.353309	 90.353309	 90.353309	 90.353309	 90.353308	 90.353308	 90.353308	 90.353308	 90.353308	 90.353308	 90.353308	 90.353308	 90.353308	 90.353308	 90.353308	 90.353308	 90.353308	 90.353308	 90.353308	 90.353308	 90.353308	 90.353308	 90.353308	 90.353308	 90.353308	 90.353308	 90.353308	 90.353308	 90.353308	 90.353308	 90.353308	 90.353308	 90.353308	 90.353308	 90.353308	 90.353308	 90.353308	 90.353308	 90.353308	 90.353308	 90.353308	 90.353308	 90.353308	 90.353308	 90.353308	 90.353308	 90.353308	 90.353308	 90.353308	 90.353308	 90.353308	 90.353308	 90.353308	 90.353308	 90.353308	 90.353308	 90.353308	 90.353308	 90.353308	 90.353308	 90.353308	 90.353308	 90.353308	 90.353308	 90.353308	 90.353308	 90.353308	 90.353308	 90.353308	 90.353308	 90.353308	 90.353308	 90.353308	 90.353308	 90.353308	 90.353308	 90.353308	 90.353308	
        99	 98.579247	 98.159379	 97.741275	 97.325801	  96.91381	 96.506131	 96.103567	  95.70689	 95.316835	 94.934097	 94.559329	 94.193135	 93.836073	 93.488645	 93.151303	 92.824442	 92.508401	 92.203465	 91.909861	 91.627763	 91.357288	 91.098504	 90.851424	 90.616014	 90.392195	 90.179843	 89.978793	 89.788844	 89.609758	 89.441271	 89.283086	 89.134886	 88.996331	 88.867067	 88.746722	 88.634918	 88.531264	 88.435369	 88.346839	 88.265278	 88.190296	 88.121506	  88.05853	 88.000997	 87.948547	  87.90083	 87.857511	 87.818267	 87.782788	 87.750781	 87.721967	  87.69608	 87.672873	 87.652112	 87.633577	 87.617065	 87.602385	 87.589362	 87.577832	 87.567647	 87.558667	 87.550766	 87.543831	 87.537754	 87.532442	 87.527807	 87.523772	 87.520266	 87.517227	 87.514597	 87.512327	 87.510371	 87.508689	 87.507246	  87.50601	 87.504955	 87.504055	 87.503289	 87.502639	 87.502088	 87.501622	 87.501229	 87.500898	 87.500619	 87.500386	 87.500191	 87.500028	 87.499892	 87.499779	 87.499685	 87.499608	 87.499544	 87.499491	 87.499447	 87.499411	 87.499382	 87.499358	 87.499338	 87.499323	  87.49931	 87.499299	 87.499291	 87.499284	 87.499278	 87.499274	  87.49927	 87.499267	 87.499265	 87.499263	 87.499262	  87.49926	  87.49926	 87.499259	 87.499258	 87.499258	 87.499257	 87.499257	 87.499257	 87.499257	 87.499257	 87.499257	 87.499256	 87.499256	 87.499256	 87.499256	 87.499256	 87.499256	 87.499256	 87.499256	 87.499256	 87.499256	 87.499256	 87.499256	 87.499256	 87.499256	 87.499256	 87.499256	 87.499256	 87.499256	 87.499256	 87.499256	 87.499256	 87.499256	 87.499256	 87.499256	 87.499256	 87.499256	 87.499256	 87.499256	 87.499256	 87.499256	 87.499256	 87.499256	 87.499256	 87.499256	 87.499256	 87.499256	 87.499256	 87.499256	 87.499256	 87.499256	 87.499256	 87.499256	 87.499256	 87.499256	 87.499256	 87.499256	 87.499256	 87.499256	 87.499256	 87.499256	 87.499256	 87.499256	 87.499256	 87.499256	 87.499256	 87.499256	 87.499256	 87.499256	 87.499256	 87.499256	 87.499256	 87.499256	 87.499256	 87.499256	 87.499256	 87.499256	 87.499256	 87.499256	 87.499256	 87.499256	 87.499256	 87.499256	 87.499256	 87.499256	 87.499256	 87.499256	 87.499256	 87.499256	
        99	 98.475708	 97.952517	 97.431524	  96.91381	 96.400435	 95.892434	 95.390806	 94.896514	 94.410472	  93.93355	 93.466557	 93.010251	 92.565321	 92.132398	 91.712042	 91.304746	 90.910933	 90.530957	 90.165103	 89.813585	 89.476552	 89.154085	 88.846203	 88.552864	 88.273967	 88.009359	 87.758834	 87.522141	 87.298986	 87.089037	 86.891925	 86.707256	 86.534606	 86.373532	 86.223573	 86.084255	 85.955094	 85.835602	 85.725285	 85.623654	  85.53022	 85.444503	  85.36603	 85.294339	 85.228981	 85.169523	 85.115543	 85.066642	 85.022433	 84.982549	 84.946644	 84.914387	  84.88547	 84.859599	 84.836503	 84.815928	 84.797636	 84.781408	 84.767041	 84.754349	 84.743159	 84.733315	 84.724672	 84.717101	 84.710481	 84.704706	 84.699678	 84.695309	 84.691522	 84.688245	 84.685416	 84.682979	 84.680883	 84.679085	 84.677545	  84.67623	 84.675108	 84.674154	 84.673344	 84.672657	 84.672077	 84.671587	 84.671174	 84.670828	 84.670537	 84.670294	 84.670091	 84.669921	 84.669781	 84.669664	 84.669567	 84.669487	 84.669421	 84.669367	 84.669322	 84.669286	 84.669256	 84.669231	 84.669212	 84.669195	 84.669182	 84.669172	 84.669163	 84.669156	 84.669151	 84.669146	 84.669143	  84.66914	 84.669138	 84.669136	 84.669134	 84.669133	 84.669132	 84.669131	 84.669131	  84.66913	  84.66913	  84.66913	  84.66913	 84.669129	 84.669129	 84.669129	 84.669129	 84.669129	 84.669129	 84.669129	 84.669129	 84.669129	 84.669129	 84.669129	 84.669129	 84.669129	 84.669129	 84.669129	 84.669129	 84.669129	 84.669129	 84.669129	 84.669129	 84.669129	 84.669129	 84.669129	 84.669129	 84.669129	 84.669129	 84.669129	 84.669129	 84.669129	 84.669129	 84.669129	 84.669129	 84.669129	 84.669129	 84.669129	 84.669129	 84.669129	 84.669129	 84.669129	 84.669129	 84.669129	 84.669129	 84.669129	 84.669129	 84.669129	 84.669129	 84.669129	 84.669129	 84.669129	 84.669129	 84.669129	 84.669129	 84.669129	 84.669129	 84.669129	 84.669129	 84.669129	 84.669129	 84.669129	 84.669129	 84.669129	 84.669129	 84.669129	 84.669129	 84.669129	 84.669129	 84.669129	 84.669129	 84.669129	 84.669129	 84.669129	 84.669129	 84.669129	 84.669129	 84.669129	 84.669129	 84.669129	 84.669129	 84.669129	 84.669129	
        99	 98.373251	  97.74782	 97.125016	 96.506131	 95.892434	  95.28516	 94.685505	 94.094619	 93.513597	 92.943475	 92.385224	 91.839747	  91.30787	 90.790346	 90.287845	 89.800956	 89.330185	 88.875956	 88.438607	 88.018397	 87.615501	 87.230018	 86.861971	 86.511308	  86.17791	 85.861592	 85.562111	 85.279164	 85.012401	 84.761424	 84.525794	 84.305037	 84.098648	 83.906097	 83.726834	 83.560291	  83.40589	 83.263046	 83.131172	  83.00968	 82.897988	  82.79552	 82.701712	 82.616012	 82.537882	 82.466804	 82.402277	 82.343819	  82.29097	 82.243293	 82.200372	 82.161812	 82.127243	 82.096317	 82.068708	 82.044111	 82.022245	 82.002846	 81.985671	 81.970499	 81.957123	 81.945355	 81.935023	 81.925972	 81.918059	 81.911155	 81.905144	 81.899922	 81.895395	 81.891478	 81.888096	 81.885182	 81.882677	 81.880527	 81.878687	 81.877114	 81.875774	 81.874633	 81.873664	 81.872844	  81.87215	 81.871564	 81.871071	 81.870657	 81.870309	 81.870018	 81.869775	 81.869573	 81.869405	 81.869265	  81.86915	 81.869054	 81.868975	  81.86891	 81.868857	 81.868813	 81.868778	 81.868748	 81.868725	 81.868705	  81.86869	 81.868677	 81.868667	 81.868659	 81.868652	 81.868647	 81.868642	 81.868639	 81.868636	 81.868634	 81.868632	 81.868631	  81.86863	 81.868629	 81.868628	 81.868628	 81.868627	 81.868627	 81.868627	 81.868627	 81.868626	 81.868626	 81.868626	 81.868626	 81.868626	 81.868626	 81.868626	 81.868626	 81.868626	 81.868626	 81.868626	 81.868626	 81.868626	 81.868626	 81.868626	 81.868626	 81.868626	 81.868626	 81.868626	 81.868626	 81.868626	 81.868626	 81.868626	 81.868626	 81.868626	 81.868626	 81.868626	 81.868626	 81.868626	 81.868626	 81.868626	 81.868626	 81.868626	 81.868626	 81.868626	 81.868626	 81.868626	 81.868626	 81.868626	 81.868626	 81.868626	 81.868626	 81.868626	 81.868626	 81.868626	 81.868626	 81.868626	 81.868626	 81.868626	 81.868626	 81.868626	 81.868626	 81.868626	 81.868626	 81.868626	 81.868626	 81.868626	 81.868626	 81.868626	 81.868626	 81.868626	 81.868626	 81.868626	 81.868626	 81.868626	 81.868626	 81.868626	 81.868626	 81.868626	 81.868626	 81.868626	 81.868626	 81.868626	 81.868626	 81.868626	 81.868626	 81.868626	 81.868626	 81.868626	
        99	 98.272081	 97.545692	 96.822354	 96.103567	 95.390806	 94.685505	 93.989054	 93.302786	 92.627974	 91.965822	 91.317458	 90.683929	 90.066196	 89.465133	 88.881517	 88.316034	 87.769271	 87.241719	 86.733773	 86.245732	 85.777801	 85.330093	 84.902635	 84.495367	 84.108152	 83.740774	  83.39295	  83.06433	 82.754506	 82.463016	  82.18935	 81.932958	 81.693254	 81.469622	 81.261422	 81.067995	 80.888671	  80.72277	 80.569608	 80.428505	 80.298784	 80.179775	 80.070825	  79.97129	 79.880549	 79.797998	 79.723055	 79.655161	 79.593781	 79.538408	 79.488558	 79.443774	 79.403625	 79.367707	 79.335641	 79.307075	 79.281678	 79.259148	 79.239201	  79.22158	 79.206044	 79.192377	 79.180378	 79.169865	 79.160675	 79.152656	 79.145676	 79.139611	 79.134352	 79.129803	 79.125875	 79.122491	 79.119582	 79.117085	 79.114948	 79.113121	 79.111564	 79.110239	 79.109114	 79.108161	 79.107355	 79.106675	 79.106102	 79.105621	 79.105218	  79.10488	 79.104598	 79.104363	 79.104167	 79.104005	 79.103871	  79.10376	 79.103668	 79.103593	 79.103531	  79.10348	 79.103439	 79.103405	 79.103377	 79.103355	 79.103337	 79.103322	  79.10331	 79.103301	 79.103293	 79.103287	 79.103282	 79.103278	 79.103275	 79.103272	  79.10327	 79.103269	 79.103267	 79.103266	 79.103265	 79.103265	 79.103264	 79.103264	 79.103264	 79.103263	 79.103263	 79.103263	 79.103263	 79.103263	 79.103263	 79.103263	 79.103263	 79.103263	 79.103263	 79.103263	 79.103263	 79.103263	 79.103263	 79.103263	 79.103263	 79.103263	 79.103263	 79.103263	 79.103263	 79.103263	 79.103263	 79.103263	 79.103263	 79.103263	 79.103263	 79.103263	 79.103263	 79.103263	 79.103263	 79.103263	 79.103263	 79.103263	 79.103263	 79.103263	 79.103263	 79.103263	 79.103263	 79.103263	 79.103263	 79.103263	 79.103263	 79.103263	 79.103263	 79.103263	 79.103263	 79.103263	 79.103263	 79.103263	 79.103263	 79.103263	 79.103263	 79.103263	 79.103263	 79.103263	 79.103263	 79.103263	 79.103263	 79.103263	 79.103263	 79.103263	 79.103263	 79.103263	 79.103263	 79.103263	 79.103263	 79.103263	 79.103263	 79.103263	 79.103263	 79.103263	 79.103263	 79.103263	 79.103263	 79.103263	 79.103263	 79.103263	 79.103263	 79.103263	 79.103263	
        99	 98.172389	 97.346519	 96.524117	  95.70689	 94.896514	 94.094619	 93.302786	 92.522531	 91.755301	 91.002465	 90.265305	 89.545012	 88.842679	 88.159297	 87.495753	 86.852825	 86.231181	 85.631379	 85.053868	 84.498988	 83.966972	 83.457949	 82.971949	 82.508905	 82.068659	 81.650968	 81.255509	 80.881883	 80.529628	 80.198217	 79.887072	 79.595567	 79.323034	 79.068775	 78.832061	 78.612144	 78.408261	  78.21964	 78.045503	 77.885075	 77.737588	 77.602281	 77.478409	 77.365244	 77.262076	 77.168219	 77.083012	 77.005819	 76.936034	 76.873078	 76.816401	 76.765483	 76.719836	 76.678999	 76.642542	 76.610063	 76.581188	 76.555572	 76.532894	 76.512859	 76.495196	 76.479657	 76.466015	 76.454063	 76.443613	 76.434497	  76.42656	 76.419665	 76.413686	 76.408514	 76.404048	 76.400201	 76.396892	 76.394054	 76.391624	 76.389548	 76.387777	 76.386271	 76.384992	 76.383908	 76.382992	 76.382218	 76.381567	  76.38102	 76.380561	 76.380177	 76.379857	  76.37959	 76.379367	 76.379183	  76.37903	 76.378904	   76.3788	 76.378714	 76.378644	 76.378586	 76.378539	 76.378501	 76.378469	 76.378444	 76.378423	 76.378406	 76.378393	 76.378382	 76.378373	 76.378366	  76.37836	 76.378356	 76.378352	 76.378349	 76.378347	 76.378345	 76.378344	 76.378343	 76.378342	 76.378341	 76.378341	  76.37834	  76.37834	  76.37834	 76.378339	 76.378339	 76.378339	 76.378339	 76.378339	 76.378339	 76.378339	 76.378339	 76.378339	 76.378339	 76.378339	 76.378339	 76.378339	 76.378339	 76.378339	 76.378339	 76.378339	 76.378339	 76.378339	 76.378339	 76.378339	 76.378339	 76.378339	 76.378339	 76.378339	 76.378339	 76.378339	 76.378339	 76.378339	 76.378339	 76.378339	 76.378339	 76.378339	 76.378339	 76.378339	 76.378339	 76.378339	 76.378339	 76.378339	 76.378339	 76.378339	 76.378339	 76.378339	 76.378339	 76.378339	 76.378339	 76.378339	 76.378339	 76.378339	 76.378339	 76.378339	 76.378339	 76.378339	 76.378339	 76.378339	 76.378339	 76.378339	 76.378339	 76.378339	 76.378339	 76.378339	 76.378339	 76.378339	 76.378339	 76.378339	 76.378339	 76.378339	 76.378339	 76.378339	 76.378339	 76.378339	 76.378339	 76.378339	 76.378339	 76.378339	 76.378339	 76.378339	 76.378339	 76.378339	
        99	 98.074362	 97.150671	 96.230858	 95.316835	 94.410472	 93.513597	 92.627974	 91.755301	 90.897196	  90.05519	 89.230716	 88.425107	 87.639586	 86.875261	 86.133123	 85.414043	 84.718767	 84.047922	 83.402007	 82.781404	 82.186373	 81.617059	 81.073495	 80.555605	 80.063214	  79.59605	  79.15375	  78.73587	 78.341892	 77.971227	 77.623229	 77.297196	 76.992384	 76.708009	 76.443258	 76.197293	 75.969261	 75.758298	 75.563535	 75.384106	  75.21915	 75.067817	 74.929273	 74.802704	 74.687316	 74.582343	 74.487043	 74.400708	 74.322657	 74.252244	 74.188854	 74.131906	 74.080852	 74.035178	 73.994403	 73.958077	 73.925783	 73.897132	 73.871768	  73.84936	 73.829605	 73.812226	 73.796967	   73.7836	 73.771913	 73.761717	  73.75284	 73.745128	 73.738441	 73.732656	 73.727661	 73.723358	 73.719658	 73.716484	 73.713766	 73.711444	 73.709464	 73.707779	 73.706348	 73.705136	 73.704111	 73.703246	 73.702518	 73.701906	 73.701393	 73.700964	 73.700605	 73.700306	 73.700058	 73.699851	 73.699681	 73.699539	 73.699423	 73.699327	 73.699248	 73.699184	 73.699131	 73.699088	 73.699053	 73.699025	 73.699001	 73.698983	 73.698968	 73.698955	 73.698946	 73.698938	 73.698931	 73.698926	 73.698922	 73.698919	 73.698917	 73.698915	 73.698913	 73.698912	 73.698911	  73.69891	 73.698909	 73.698909	 73.698908	 73.698908	 73.698908	 73.698908	 73.698908	 73.698908	 73.698907	 73.698907	 73.698907	 73.698907	 73.698907	 73.698907	 73.698907	 73.698907	 73.698907	 73.698907	 73.698907	 73.698907	 73.698907	 73.698907	 73.698907	 73.698907	 73.698907	 73.698907	 73.698907	 73.698907	 73.698907	 73.698907	 73.698907	 73.698907	 73.698907	 73.698907	 73.698907	 73.698907	 73.698907	 73.698907	 73.698907	 73.698907	 73.698907	 73.698907	 73.698907	 73.698907	 73.698907	 73.698907	 73.698907	 73.698907	 73.698907	 73.698907	 73.698907	 73.698907	 73.698907	 73.698907	 73.698907	 73.698907	 73.698907	 73.698907	 73.698907	 73.698907	 73.698907	 73.698907	 73.698907	 73.698907	 73.698907	 73.698907	 73.698907	 73.698907	 73.698907	 73.698907	 73.698907	 73.698907	 73.698907	 73.698907	 73.698907	 73.698907	 73.698907	 73.698907	 73.698907	 73.698907	 73.698907	 73.698907	 73.698907	
        99	 97.978174	 96.958497	 95.943102	 94.934097	  93.93355	 92.943475	 91.965822	 91.002465	  90.05519	 89.125686	 88.215537	 87.326213	 86.459064	 85.615314	 84.796056	 84.002253	 83.234728	 82.494171	 81.781137	 81.096043	  80.43918	 79.810706	 79.210657	 78.638951	 78.095393	 77.579684	 77.091422	 76.630119	   76.1952	 75.786018	 75.401858	 75.041946	 74.705459	 74.391533	 74.099271	 73.827747	 73.576019	 73.343134	 73.128133	 72.930059	 72.747962	 72.580903	 72.427963	 72.288241	 72.160863	 72.044982	  71.93978	 71.844473	 71.758312	 71.680582	 71.610604	 71.547739	  71.49138	  71.44096	 71.395948	 71.355847	 71.320197	  71.28857	  71.26057	 71.235834	 71.214026	  71.19484	 71.177996	  71.16324	 71.150338	 71.139083	 71.129284	  71.12077	 71.113389	 71.107003	 71.101489	 71.096738	 71.092654	  71.08915	 71.086149	 71.083586	   71.0814	  71.07954	 71.077961	 71.076623	 71.075492	 71.074537	 71.073733	 71.073057	 71.072491	 71.072017	 71.071621	 71.071291	 71.071017	 71.070789	 71.070601	 71.070445	 71.070316	  71.07021	 71.070124	 71.070052	 71.069994	 71.069947	 71.069908	 71.069876	 71.069851	  71.06983	 71.069814	   71.0698	 71.069789	 71.069781	 71.069774	 71.069768	 71.069764	  71.06976	 71.069757	 71.069755	 71.069753	 71.069752	 71.069751	  71.06975	 71.069749	 71.069749	 71.069748	 71.069748	 71.069748	 71.069747	 71.069747	 71.069747	 71.069747	 71.069747	 71.069747	 71.069747	 71.069747	 71.069747	 71.069747	 71.069747	 71.069747	 71.069747	 71.069747	 71.069747	 71.069747	 71.069747	 71.069747	 71.069747	 71.069747	 71.069747	 71.069747	 71.069747	 71.069747	 71.069747	 71.069747	 71.069747	 71.069747	 71.069747	 71.069747	 71.069747	 71.069747	 71.069747	 71.069747	 71.069747	 71.069747	 71.069747	 71.069747	 71.069747	 71.069747	 71.069747	 71.069747	 71.069747	 71.069747	 71.069747	 71.069747	 71.069747	 71.069747	 71.069747	 71.069747	 71.069747	 71.069747	 71.069747	 71.069747	 71.069747	 71.069747	 71.069747	 71.069747	 71.069747	 71.069747	 71.069747	 71.069747	 71.069747	 71.069747	 71.069747	 71.069747	 71.069747	 71.069747	 71.069747	 71.069747	 71.069747	 71.069747	 71.069747	 71.069747	 71.069747	 71.069747	 71.069747	 71.069747	
        99	 97.883989	 96.770324	 95.661337	 94.559329	 93.466557	 92.385224	 91.317458	 90.265305	 89.230716	 88.215537	 87.221496	 86.250201	 85.303124	 84.381602	 83.486832	 82.619861	  81.78159	 80.972775	 80.194017	 79.445777	 78.728369	 78.041966	 77.386609	 76.762208	 76.168549	 75.605305	 75.072039	 74.568216	  74.09321	 73.646313	 73.226744	 72.833658	 72.466156	 72.123296	 71.804095	 71.507544	 71.232614	 70.978264	 70.743446	 70.527115	 70.328233	 70.145777	  69.97874	  69.82614	 69.687022	 69.560459	 69.445561	  69.34147	 69.247367	 69.162472	 69.086045	 69.017385	 68.955831	 68.900764	 68.851603	 68.807807	 68.768871	 68.734329	 68.703748	 68.676732	 68.652914	  68.63196	 68.613564	 68.597447	 68.583357	 68.571064	 68.560361	 68.551063	 68.543001	 68.536027	 68.530005	 68.524817	 68.520356	 68.516529	 68.513252	 68.510452	 68.508065	 68.506033	 68.504309	 68.502847	 68.501611	 68.500569	 68.499691	 68.498953	 68.498334	 68.497817	 68.497384	 68.497024	 68.496724	 68.496476	  68.49627	   68.4961	 68.495959	 68.495844	 68.495749	 68.495671	 68.495607	 68.495556	 68.495513	 68.495479	 68.495451	 68.495428	  68.49541	 68.495395	 68.495384	 68.495374	 68.495367	  68.49536	 68.495356	 68.495352	 68.495349	 68.495346	 68.495344	 68.495343	 68.495342	 68.495341	  68.49534	 68.495339	 68.495339	 68.495339	 68.495338	 68.495338	 68.495338	 68.495338	 68.495338	 68.495338	 68.495338	 68.495337	 68.495337	 68.495337	 68.495337	 68.495337	 68.495337	 68.495337	 68.495337	 68.495337	 68.495337	 68.495337	 68.495337	 68.495337	 68.495337	 68.495337	 68.495337	 68.495337	 68.495337	 68.495337	 68.495337	 68.495337	 68.495337	 68.495337	 68.495337	 68.495337	 68.495337	 68.495337	 68.495337	 68.495337	 68.495337	 68.495337	 68.495337	 68.495337	 68.495337	 68.495337	 68.495337	 68.495337	 68.495337	 68.495337	 68.495337	 68.495337	 68.495337	 68.495337	 68.495337	 68.495337	 68.495337	 68.495337	 68.495337	 68.495337	 68.495337	 68.495337	 68.495337	 68.495337	 68.495337	 68.495337	 68.495337	 68.495337	 68.495337	 68.495337	 68.495337	 68.495337	 68.495337	 68.495337	 68.495337	 68.495337	 68.495337	 68.495337	 68.495337	 68.495337	 68.495337	 68.495337	 68.495337	
        99	 97.791959	 96.586458	 95.386019	 94.193135	 93.010251	 91.839747	 90.683929	 89.545012	 88.425107	 87.326213	 86.250201	 85.198809	 84.173633	  83.17612	 82.207563	 81.269099	 80.361703	 79.486189	 78.643213	 77.833271	 77.056703	 76.313698	 75.604298	 74.928407	 74.285794	 73.676103	 73.098863	 72.553494	 72.039318	 71.555568	   71.1014	 70.675899	 70.278093	  69.90696	 69.561437	 69.240432	 68.942831	 68.667507	 68.413325	 68.179155	 67.963874	 67.766372	 67.585561	 67.420378	 67.269787	 67.132788	 67.008415	 66.895741	 66.793878	 66.701983	 66.619254	 66.544932	 66.478303	 66.418695	  66.36548	 66.318072	 66.275926	 66.238535	 66.205433	 66.176189	 66.150407	 66.127725	 66.107812	 66.090366	 66.075114	 66.061808	 66.050223	 66.040158	 66.031431	 66.023882	 66.017363	 66.011747	 66.006919	 66.002776	 65.999229	 65.996198	 65.993614	 65.991415	 65.989548	 65.987966	 65.986629	   65.9855	 65.984549	 65.983751	 65.983081	 65.982521	 65.982053	 65.981663	 65.981338	 65.981069	 65.980846	 65.980662	  65.98051	 65.980385	 65.980283	 65.980198	 65.980129	 65.980073	 65.980028	  65.97999	  65.97996	 65.979936	 65.979916	   65.9799	 65.979887	 65.979877	 65.979869	 65.979862	 65.979857	 65.979853	 65.979849	 65.979847	 65.979845	 65.979843	 65.979842	 65.979841	  65.97984	 65.979839	 65.979839	 65.979838	 65.979838	 65.979838	 65.979838	 65.979838	 65.979837	 65.979837	 65.979837	 65.979837	 65.979837	 65.979837	 65.979837	 65.979837	 65.979837	 65.979837	 65.979837	 65.979837	 65.979837	 65.979837	 65.979837	 65.979837	 65.979837	 65.979837	 65.979837	 65.979837	 65.979837	 65.979837	 65.979837	 65.979837	 65.979837	 65.979837	 65.979837	 65.979837	 65.979837	 65.979837	 65.979837	 65.979837	 65.979837	 65.979837	 65.979837	 65.979837	 65.979837	 65.979837	 65.979837	 65.979837	 65.979837	 65.979837	 65.979837	 65.979837	 65.979837	 65.979837	 65.979837	 65.979837	 65.979837	 65.979837	 65.979837	 65.979837	 65.979837	 65.979837	 65.979837	 65.979837	 65.979837	 65.979837	 65.979837	 65.979837	 65.979837	 65.979837	 65.979837	 65.979837	 65.979837	 65.979837	 65.979837	 65.979837	 65.979837	 65.979837	 65.979837	 65.979837	 65.979837	 65.979837	 65.979837	
        99	 97.702224	 96.407175	 95.117566	 93.836073	 92.565321	  91.30787	 90.066196	 88.842679	 87.639586	 86.459064	 85.303124	 84.173633	 83.072305	 82.000695	 80.960193	 79.952018	 78.977219	 78.036672	 77.131079	 76.260973	  75.42672	 74.628524	 73.866429	 73.140332	 72.449985	 71.795006	 71.174888	 70.589009	 70.036639	 69.516957	 69.029053	 68.571946	 68.144591	 67.745889	 67.374701	 67.029852	 66.710145	  66.41437	 66.141308	 65.889744	 65.658471	 65.446299	 65.252058	 65.074605	 64.912829	 64.765654	 64.632042	 64.510999	  64.40157	 64.302849	 64.213975	 64.134133	 64.062554	 63.998519	 63.941352	 63.890422	 63.845145	 63.804977	 63.769417	    63.738	 63.710304	 63.685937	 63.664545	 63.645803	 63.629418	 63.615123	 63.602678	 63.591865	 63.582491	  63.57438	 63.567378	 63.561345	 63.556157	 63.551707	 63.547896	  63.54464	 63.541864	 63.539502	 63.537497	 63.535797	  63.53436	 63.533148	 63.532127	 63.531269	 63.530549	 63.529947	 63.529445	 63.529026	 63.528677	 63.528388	 63.528149	 63.527951	 63.527788	 63.527653	 63.527543	 63.527453	 63.527379	 63.527318	 63.527269	 63.527229	 63.527197	  63.52717	 63.527149	 63.527132	 63.527118	 63.527107	 63.527098	 63.527091	 63.527086	 63.527081	 63.527078	 63.527075	 63.527073	 63.527071	 63.527069	 63.527068	 63.527068	 63.527067	 63.527066	 63.527066	 63.527066	 63.527065	 63.527065	 63.527065	 63.527065	 63.527065	 63.527065	 63.527065	 63.527065	 63.527065	 63.527065	 63.527065	 63.527065	 63.527065	 63.527065	 63.527065	 63.527065	 63.527065	 63.527065	 63.527065	 63.527065	 63.527065	 63.527065	 63.527065	 63.527065	 63.527065	 63.527065	 63.527065	 63.527065	 63.527065	 63.527065	 63.527065	 63.527065	 63.527065	 63.527065	 63.527065	 63.527065	 63.527065	 63.527065	 63.527065	 63.527065	 63.527065	 63.527065	 63.527065	 63.527065	 63.527065	 63.527065	 63.527065	 63.527065	 63.527065	 63.527065	 63.527065	 63.527065	 63.527065	 63.527065	 63.527065	 63.527065	 63.527065	 63.527065	 63.527065	 63.527065	 63.527065	 63.527065	 63.527065	 63.527065	 63.527065	 63.527065	 63.527065	 63.527065	 63.527065	 63.527065	 63.527065	 63.527065	 63.527065	 63.527065	 63.527065	 63.527065	 63.527065	 63.527065	
        99	  97.61491	 96.232731	 94.856357	 93.488645	 92.132398	 90.790346	 89.465133	 88.159297	 86.875261	 85.615314	 84.381602	  83.17612	 82.000695	 80.856988	 79.746482	 78.670478	 77.630095	 76.626268	 75.659747	 74.731102	 73.840721	 72.988823	 72.175456	 71.400508	 70.663715	  69.96467	 69.302831	 68.677534	 68.088002	 67.533356	 67.012627	 66.524767	  66.06866	 65.643135	 65.246974	 64.878924	 64.537708	 64.222034	 63.930601	 63.662113	 63.415281	 63.188834	 62.981525	 62.792134	 62.619474	 62.462397	 62.319797	  62.19061	 62.073819	 61.968457	 61.873604	  61.78839	 61.711996	 61.643653	  61.58264	 61.528284	 61.479961	 61.437091	 61.399138	 61.365608	 61.336048	 61.310042	 61.287211	 61.267209	 61.249721	 61.234465	 61.221182	 61.209642	 61.199637	 61.190981	 61.183507	 61.177068	 61.171532	 61.166782	 61.162715	  61.15924	 61.156277	 61.153756	 61.151616	 61.149802	 61.148269	 61.146975	 61.145885	 61.144969	 61.144201	 61.143559	 61.143022	 61.142575	 61.142203	 61.141895	 61.141639	 61.141428	 61.141254	  61.14111	 61.140993	 61.140896	 61.140817	 61.140753	   61.1407	 61.140658	 61.140623	 61.140595	 61.140572	 61.140554	 61.140539	 61.140528	 61.140518	 61.140511	 61.140505	   61.1405	 61.140496	 61.140493	 61.140491	 61.140489	 61.140487	 61.140486	 61.140485	 61.140484	 61.140484	 61.140483	 61.140483	 61.140483	 61.140483	 61.140482	 61.140482	 61.140482	 61.140482	 61.140482	 61.140482	 61.140482	 61.140482	 61.140482	 61.140482	 61.140482	 61.140482	 61.140482	 61.140482	 61.140482	 61.140482	 61.140482	 61.140482	 61.140482	 61.140482	 61.140482	 61.140482	 61.140482	 61.140482	 61.140482	 61.140482	 61.140482	 61.140482	 61.140482	 61.140482	 61.140482	 61.140482	 61.140482	 61.140482	 61.140482	 61.140482	 61.140482	 61.140482	 61.140482	 61.140482	 61.140482	 61.140482	 61.140482	 61.140482	 61.140482	 61.140482	 61.140482	 61.140482	 61.140482	 61.140482	 61.140482	 61.140482	 61.140482	 61.140482	 61.140482	 61.140482	 61.140482	 61.140482	 61.140482	 61.140482	 61.140482	 61.140482	 61.140482	 61.140482	 61.140482	 61.140482	 61.140482	 61.140482	 61.140482	 61.140482	 61.140482	 61.140482	 61.140482	 61.140482	 61.140482	 61.140482	
        99	  97.53013	  96.06335	 94.602731	 93.151303	 91.712042	 90.287845	 88.881517	 87.495753	 86.133123	 84.796056	 83.486832	 82.207563	 80.960193	 79.746482	 78.568003	 77.426139	 76.322076	 75.256807	 74.231127	 73.245641	 72.300762	 71.396721	  70.53357	 69.711189	 68.929298	 68.187466	 67.485118	 66.821549	 66.195933	 65.607339	 65.054738	 64.537017	 64.052993	 63.601423	 63.181014	 62.790438	 62.428337	 62.093342	 61.784071	  61.49915	  61.23721	 60.996904	 60.776906	 60.575923	 60.392695	 60.226005	 60.074677	 59.937583	 59.813644	 59.701834	 59.601175	 59.510745	 59.429676	  59.35715	 59.292402	  59.23472	 59.183439	 59.137946	  59.09767	 59.062088	 59.030719	 59.003121	 58.978893	 58.957666	 58.939108	 58.922918	 58.908823	 58.896576	 58.885959	 58.876773	 58.868842	 58.862009	 58.856134	 58.851093	 58.846777	  58.84309	 58.839946	 58.837271	 58.834999	 58.833074	 58.831447	 58.830074	 58.828917	 58.827946	 58.827131	 58.826449	 58.825879	 58.825405	  58.82501	 58.824683	 58.824412	 58.824188	 58.824003	 58.823851	 58.823726	 58.823623	 58.823539	 58.823471	 58.823415	  58.82337	 58.823333	 58.823304	  58.82328	  58.82326	 58.823245	 58.823232	 58.823222	 58.823214	 58.823208	 58.823203	 58.823199	 58.823195	 58.823193	 58.823191	 58.823189	 58.823188	 58.823187	 58.823186	 58.823186	 58.823185	 58.823185	 58.823185	 58.823184	 58.823184	 58.823184	 58.823184	 58.823184	 58.823184	 58.823184	 58.823184	 58.823184	 58.823184	 58.823184	 58.823184	 58.823184	 58.823184	 58.823184	 58.823184	 58.823184	 58.823184	 58.823184	 58.823184	 58.823184	 58.823184	 58.823184	 58.823184	 58.823184	 58.823184	 58.823184	 58.823184	 58.823184	 58.823184	 58.823184	 58.823184	 58.823184	 58.823184	 58.823184	 58.823184	 58.823184	 58.823184	 58.823184	 58.823184	 58.823184	 58.823184	 58.823184	 58.823184	 58.823184	 58.823184	 58.823184	 58.823184	 58.823184	 58.823184	 58.823184	 58.823184	 58.823184	 58.823184	 58.823184	 58.823184	 58.823184	 58.823184	 58.823184	 58.823184	 58.823184	 58.823184	 58.823184	 58.823184	 58.823184	 58.823184	 58.823184	 58.823184	 58.823184	 58.823184	 58.823184	 58.823184	 58.823184	 58.823184	 58.823184	 58.823184	 58.823184	
        99	 97.447985	 95.899232	 94.356984	 92.824442	 91.304746	 89.800956	 88.316034	 86.852825	 85.414043	 84.002253	 82.619861	 81.269099	 79.952018	 78.670478	 77.426139	  76.22046	 75.054696	 73.929894	 72.846893	 71.806333	 70.808649	 69.854085	 68.942696	 68.074356	  67.24877	 66.465481	 65.723882	 65.023229	 64.362651	 63.741163	  63.15768	 62.611027	 62.099954	 61.623148	 61.179245	 60.766841	 60.384505	 60.030789	 59.704235	 59.403391	 59.126814	 58.873079	 58.640787	 58.428572	 58.235105	   58.0591	 57.899315	  57.75456	 57.623695	 57.505636	 57.399352	  57.30387	  57.21827	 57.141691	 57.073325	  57.01242	 56.958274	 56.910237	 56.867711	 56.830141	 56.797019	 56.767879	 56.742297	 56.719884	 56.700289	 56.683194	 56.668311	 56.655381	  56.64417	 56.634471	 56.626097	 56.618882	 56.612678	 56.607356	 56.602799	 56.598906	 56.595586	 56.592761	 56.590363	  56.58833	 56.586612	 56.585162	 56.583941	 56.582915	 56.582055	 56.581335	 56.580733	 56.580232	 56.579816	  56.57947	 56.579184	 56.578947	 56.578752	 56.578591	 56.578459	 56.578351	 56.578263	 56.578191	 56.578132	 56.578084	 56.578045	 56.578014	 56.577988	 56.577968	 56.577952	 56.577938	 56.577928	 56.577919	 56.577913	 56.577907	 56.577903	   56.5779	 56.577897	 56.577895	 56.577893	 56.577892	 56.577891	  56.57789	 56.577889	 56.577889	 56.577888	 56.577888	 56.577888	 56.577888	 56.577888	 56.577887	 56.577887	 56.577887	 56.577887	 56.577887	 56.577887	 56.577887	 56.577887	 56.577887	 56.577887	 56.577887	 56.577887	 56.577887	 56.577887	 56.577887	 56.577887	 56.577887	 56.577887	 56.577887	 56.577887	 56.577887	 56.577887	 56.577887	 56.577887	 56.577887	 56.577887	 56.577887	 56.577887	 56.577887	 56.577887	 56.577887	 56.577887	 56.577887	 56.577887	 56.577887	 56.577887	 56.577887	 56.577887	 56.577887	 56.577887	 56.577887	 56.577887	 56.577887	 56.577887	 56.577887	 56.577887	 56.577887	 56.577887	 56.577887	 56.577887	 56.577887	 56.577887	 56.577887	 56.577887	 56.577887	 56.577887	 56.577887	 56.577887	 56.577887	 56.577887	 56.577887	 56.577887	 56.577887	 56.577887	 56.577887	 56.577887	 56.577887	 56.577887	 56.577887	 56.577887	 56.577887	 56.577887	 56.577887	 56.577887	
        99	 97.368559	 95.740547	 94.119373	 92.508401	 90.910933	 89.330185	 87.769271	 86.231181	 84.718767	 83.234728	  81.78159	 80.361703	 78.977219	 77.630095	 76.322076	 75.054696	 73.829273	 72.646908	 71.508485	 70.414674	 69.365933	  68.36252	  67.40449	 66.491712	 65.623877	 64.800503	 64.020953	 63.284444	 62.590062	 61.936769	 61.323427	 60.748799	 60.211572	 59.710366	 59.243747	 58.810239	 58.408338	  58.03652	 57.693256	 57.377017	 57.086286	 56.819566	 56.575387	 56.352313	 56.148946	 55.963934	 55.795973	  55.64381	 55.506249	 55.382149	 55.270426	 55.170058	 55.080078	  54.99958	 54.927716	 54.863694	 54.806777	 54.756283	  54.71158	 54.672088	 54.637271	  54.60664	 54.579749	 54.556189	 54.535592	 54.517622	 54.501977	 54.488385	 54.476601	 54.466405	 54.457603	 54.450019	 54.443498	 54.437904	 54.433113	 54.429021	 54.425531	 54.422562	 54.420041	 54.417904	 54.416098	 54.414574	  54.41329	 54.412212	 54.411308	 54.410551	 54.409919	 54.409392	 54.408954	 54.408591	  54.40829	 54.408041	 54.407836	 54.407667	 54.407528	 54.407415	 54.407322	 54.407246	 54.407184	 54.407134	 54.407093	  54.40706	 54.407033	 54.407012	 54.406994	 54.406981	 54.406969	 54.406961	 54.406954	 54.406948	 54.406943	  54.40694	 54.406937	 54.406935	 54.406933	 54.406932	 54.406931	  54.40693	 54.406929	 54.406929	 54.406928	 54.406928	 54.406928	 54.406927	 54.406927	 54.406927	 54.406927	 54.406927	 54.406927	 54.406927	 54.406927	 54.406927	 54.406927	 54.406927	 54.406927	 54.406927	 54.406927	 54.406927	 54.406927	 54.406927	 54.406927	 54.406927	 54.406927	 54.406927	 54.406927	 54.406927	 54.406927	 54.406927	 54.406927	 54.406927	 54.406927	 54.406927	 54.406927	 54.406927	 54.406927	 54.406927	 54.406927	 54.406927	 54.406927	 54.406927	 54.406927	 54.406927	 54.406927	 54.406927	 54.406927	 54.406927	 54.406927	 54.406927	 54.406927	 54.406927	 54.406927	 54.406927	 54.406927	 54.406927	 54.406927	 54.406927	 54.406927	 54.406927	 54.406927	 54.406927	 54.406927	 54.406927	 54.406927	 54.406927	 54.406927	 54.406927	 54.406927	 54.406927	 54.406927	 54.406927	 54.406927	 54.406927	 54.406927	 54.406927	 54.406927	 54.406927	 54.406927	 54.406927	 54.406927	
