Time step 45:
        99	        99	        99	        99	        99	        99	        99	        99	        99	        99	        99	        99	        99	        99	        99	        99	        99	        99	        99	        99	        99	        99	        99	        99	        99	        99	        99	        99	        99	        99	        99	        99	        99	        99	        99	        99	        99	        99	        99	        99	        99	        99	        99	        99	        99	        99	        99	        99	        99	        99	        99	        99	        99	        99	        99	        99	        99	        99	        99	        99	        99	        99	        99	        99	        99	        99	        99	        99	        99	        99	        99	        99	        99	        99	        99	        99	        99	        99	        99	        99	        99	        99	        99	        99	        99	        99	        99	        99	        99	        99	        99	        99	        99	        99	        99	        99	        99	        99	        99	        99	        99	        99	        99	        99	        99	        99	        99	        99	        99	        99	        99	        99	        99	        99	        99	        99	        99	        99	        99	        99	        99	        99	        99	        99	        99	        99	        99	        99	        99	        99	        99	        99	        99	        99	        99	        99	        99	        99	        99	        99	        99	        99	        99	        99	        99	        99	        99	        99	        99	        99	        99	        99	        99	        99	        99	        99	        99	        99	        99	        99	        99	        99	        99	        99	        99	        99	        99	        99	        99	        99	        99	        99	        99	        99	        99	        99	        99	        99	        99	        99	        99	        99	        99	        99	        99	        99	        99	        99	        99	        99	        99	        99	        99	        99	        99	        99	        99	        99	        99	        99	
        99	 98.985891	 98.971785	 98.957688	 98.943602	 98.929532	 98.915482	 98.901455	 98.887456	 98.873489	 98.859556	 98.845663	 98.831813	 98.818009	 98.804255	 98.790555	 98.776913	 98.763332	 98.749815	 98.736367	  98.72299	 98.709688	 98.696464	 98.683321	 98.670263	 98.657293	 98.644413	 98.631627	 98.618937	 98.606347	 98.593859	 98.581475	 98.569199	 98.557032	 98.544978	 98.533037	 98.521214	  98.50951	 98.497926	 98.486465	 98.475129	 98.463919	 98.452838	 98.441886	 98.431066	 98.420379	 98.409825	 98.399407	 98.389126	 98.378982	 98.368976	  98.35911	 98.349384	 98.339799	 98.330355	 98.321054	 98.311894	 98.302878	 98.294005	 98.285274	 98.276688	 98.268244	 98.259944	 98.251787	 98.243773	 98.235901	 98.228172	 98.220584	 98.213138	 98.205833	 98.198667	 98.191641	 98.184754	 98.178004	 98.171391	 98.164914	 98.158572	 98.152364	 98.146288	 98.140344	  98.13453	 98.128845	 98.123288	 98.117857	 98.112552	  98.10737	  98.10231	  98.09737	  98.09255	 98.087847	 98.083261	 98.078788	 98.074429	  98.07018	 98.066041	  98.06201	 98.058084	 98.054263	 98.050545	 98.046927	 98.043409	 98.039987	 98.036662	  98.03343	  98.03029	 98.027241	  98.02428	 98.021406	 98.018617	 98.015911	 98.013287	 98.010742	 98.008275	 98.005885	 98.003569	 98.001327	 97.999155	 97.997053	 97.995019	 97.993051	 97.991148	 97.989308	 97.987529	  97.98581	  97.98415	 97.982546	 97.980998	 97.979503	 97.978061	  97.97667	 97.975328	 97.974034	 97.972787	 97.971586	 97.970428	 97.969314	 97.968241	 97.967208	 97.966214	 97.965258	 97.964339	 97.963455	 97.962605	 97.961789	 97.961006	 97.960253	  97.95953	 97.958837	 97.958172	 97.957534	 97.956923	 97.956337	 97.955776	 97.955238	 97.954723	 97.954231	 97.953759	 97.953309	 97.952878	 97.952466	 97.952073	 97.951697	 97.951339	 97.950997	 97.950671	  97.95036	 97.950064	 97.949782	 97.949514	  97.94926	 97.949018	 97.948788	  97.94857	 97.948363	 97.948167	 97.947982	 97.947808	 97.947643	 97.947487	 97.947341	 97.947204	 97.947075	 97.946955	 97.946842	 97.946738	 97.946641	 97.946551	 97.946469	 97.946394	 97.946325	 97.946264	 97.946209	  97.94616	 97.946118	 97.946081	 97.946051	 97.946027	  97.94601	 97.945998	 97.945992	
        99	 98.971785	 98.943578	 98.915387	  98.88722	 98.859084	 98.830988	 98.802938	 98.774944	 98.747013	 98.719152	 98.691369	 98.663672	 98.636068	 98.608565	 98.581169	 98.553888	  98.52673	   98.4997	 98.472807	 98.446057	 98.419457	 98.393013	 98.366731	 98.340619	 98.314682	 98.288926	 98.263357	 98.237981	 98.212804	 98.187831	 98.163068	 98.138518	 98.114188	 98.090083	 98.066206	 98.042562	 98.019157	 97.995993	 97.973074	 97.950405	 97.927989	 97.905829	 97.883929	 97.862292	  97.84092	 97.819816	 97.798983	 97.778423	 97.758137	 97.738129	   97.7184	  97.69895	 97.679783	 97.660898	 97.642298	 97.623982	 97.605951	 97.588207	 97.570749	 97.553578	 97.536693	 97.520095	 97.503784	 97.487758	 97.472017	  97.45656	 97.441387	 97.426497	 97.411888	  97.39756	 97.383509	 97.369736	 97.356239	 97.343015	 97.330063	  97.31738	 97.304965	 97.292816	 97.280929	 97.269303	 97.257935	 97.246822	 97.235962	 97.225353	  97.21499	 97.204871	 97.194994	 97.185355	 97.175951	 97.166778	 97.157835	 97.149117	 97.140621	 97.132344	 97.124282	 97.116433	 97.108792	 97.101356	 97.094121	 97.087085	 97.080244	 97.073594	 97.067131	 97.060853	 97.054755	 97.048834	 97.043086	 97.037509	 97.032098	  97.02685	 97.021761	 97.016829	 97.012049	 97.007419	 97.002934	 96.998591	 96.994388	  96.99032	 96.986385	 96.982579	 96.978899	 96.975343	 96.971905	 96.968585	 96.965378	 96.962282	 96.959293	 96.956409	 96.953627	 96.950943	 96.948356	 96.945863	  96.94346	 96.941146	 96.938917	 96.936771	 96.934705	 96.932718	 96.930806	 96.928968	   96.9272	 96.925502	  96.92387	 96.922303	 96.920798	 96.919353	 96.917967	 96.916637	 96.915361	 96.914139	 96.912967	 96.911844	 96.910769	  96.90974	 96.908755	 96.907812	 96.906911	 96.906049	 96.905226	 96.904439	 96.903688	 96.902971	 96.902288	 96.901636	 96.901014	 96.900423	 96.899859	 96.899323	 96.898814	  96.89833	  96.89787	 96.897434	 96.897021	  96.89663	  96.89626	  96.89591	 96.895581	  96.89527	 96.894977	 96.894703	 96.894445	 96.894204	  96.89398	 96.893771	 96.893577	 96.893398	 96.893234	 96.893083	 96.892946	 96.892823	 96.892713	 96.892615	 96.892531	 96.892458	 96.892398	 96.892351	 96.892315	 96.892291	 96.892279	
        99	 98.957688	 98.915387	  98.87311	 98.830869	 98.788675	 98.746541	 98.704477	 98.662495	 98.620608	 98.578827	 98.537162	 98.495626	  98.45423	 98.412984	   98.3719	 98.330989	  98.29026	 98.249726	 98.209396	  98.16928	 98.129389	 98.089732	 98.050319	 98.011159	 97.972263	 97.933638	 97.895294	 97.857239	 97.819482	 97.782032	 97.744895	 97.708079	 97.671593	 97.635443	 97.599636	 97.564179	 97.529079	 97.494341	 97.459971	 97.425976	 97.392359	 97.359128	 97.326285	 97.293837	 97.261786	 97.230138	 97.198895	 97.168062	 97.137641	 97.107636	 97.078049	 97.048882	 97.020137	 96.991817	 96.963922	 96.936455	 96.909416	 96.882806	 96.856625	 96.830874	 96.805553	 96.780662	   96.7562	 96.732166	 96.708561	 96.685382	 96.662628	 96.640297	 96.618389	 96.596901	 96.575831	 96.555176	 96.534935	 96.515103	  96.49568	  96.47666	 96.458042	 96.439822	 96.421996	 96.404561	 96.387513	 96.370848	 96.354562	 96.338651	  96.32311	 96.307936	 96.293124	 96.278668	 96.264565	  96.25081	 96.237398	 96.224324	 96.211583	 96.199171	 96.187081	 96.175309	  96.16385	 96.152699	  96.14185	 96.131299	 96.121039	 96.111066	 96.101374	 96.091959	 96.082814	 96.073935	 96.065316	 96.056951	 96.048837	 96.040967	 96.033336	 96.025939	 96.018771	 96.011826	 96.005101	 95.998588	 95.992285	 95.986185	 95.980284	 95.974576	 95.969058	 95.963724	 95.958569	 95.953589	  95.94878	 95.944137	 95.939655	  95.93533	 95.931157	 95.927134	 95.923254	 95.919515	 95.915911	  95.91244	 95.909098	 95.905879	 95.902782	 95.899801	 95.896935	 95.894178	 95.891527	  95.88898	 95.886533	 95.884182	 95.881925	 95.879759	  95.87768	 95.875686	 95.873773	 95.871939	 95.870182	 95.868499	 95.866886	 95.865343	 95.863865	 95.862452	   95.8611	 95.859808	 95.858573	 95.857393	 95.856267	 95.855192	 95.854167	 95.853189	 95.852258	  95.85137	 95.850525	 95.849722	 95.848958	 95.848232	 95.847542	 95.846889	 95.846269	 95.845682	 95.845128	 95.844603	 95.844109	 95.843642	 95.843204	 95.842792	 95.842406	 95.842045	 95.841708	 95.841395	 95.841104	 95.840836	 95.840589	 95.840364	 95.840158	 95.839973	 95.839808	 95.839662	 95.839535	 95.839426	 95.839337	 95.839265	 95.839211	 95.839175	 95.839158	
        99	 98.943602	  98.88722	 98.830869	 98.774566	 98.718326	 98.662165	 98.606098	 98.550141	  98.49431	 98.438619	 98.383085	 98.327722	 98.272544	 98.217568	 98.162807	 98.108277	  98.05399	 97.999962	 97.946206	 97.892736	 97.839564	 97.786706	 97.734172	 97.681977	 97.630132	 97.578649	  97.52754	 97.476818	 97.426492	 97.376573	 97.327074	 97.278003	  97.22937	 97.181186	 97.133459	 97.086199	 97.039413	 96.993111	   96.9473	 96.901987	  96.85718	 96.812886	  96.76911	  96.72586	  96.68314	 96.640956	 96.599313	 96.558215	 96.517668	 96.477674	 96.438237	  96.39936	 96.361046	 96.323298	 96.286118	 96.249507	 96.213466	 96.177998	 96.143102	 96.108778	 96.075028	 96.041851	 96.009245	 95.977211	 95.945747	 95.914852	 95.884523	 95.854759	 95.825558	 95.796916	 95.768832	 95.741301	 95.714321	 95.687888	 95.661998	 95.636648	 95.611832	 95.587546	 95.563786	 95.540547	 95.517824	 95.495611	 95.473903	 95.452695	 95.431982	 95.411756	 95.392012	 95.372745	 95.353947	 95.335613	 95.317736	  95.30031	 95.283327	 95.266782	 95.250668	 95.234978	 95.219704	 95.204841	 95.190381	 95.176316	 95.162641	 95.149348	  95.13643	  95.12388	 95.111691	 95.099856	 95.088368	 95.077219	 95.066403	 95.055913	 95.045742	 95.035882	 95.026328	 95.017072	 95.008107	 94.999427	 94.991025	 94.982895	 94.975029	 94.967421	 94.960066	 94.952956	 94.946085	 94.939448	 94.933038	 94.926849	 94.920875	  94.91511	 94.909548	 94.904185	 94.899014	  94.89403	 94.889227	 94.884601	 94.880145	 94.875855	 94.871727	 94.867754	 94.863933	 94.860258	 94.856726	  94.85333	 94.850069	 94.846935	 94.843927	 94.841039	 94.838268	  94.83561	 94.833061	 94.830617	 94.828275	 94.826031	 94.823882	 94.821824	 94.819855	 94.817971	 94.816169	 94.814447	 94.812801	 94.811229	 94.809728	 94.808295	 94.806928	 94.805625	 94.804383	   94.8032	 94.802074	 94.801003	 94.799985	 94.799017	 94.798098	 94.797227	 94.796401	 94.795619	  94.79488	 94.794181	 94.793521	   94.7929	 94.792316	 94.791767	 94.791252	 94.790771	 94.790322	 94.789904	 94.789517	 94.789159	  94.78883	  94.78853	 94.788256	  94.78801	 94.787789	 94.787594	 94.787425	 94.787281	 94.787161	 94.787065	 94.786994	 94.786946	 94.786922	
        99	 98.929532	 98.859084	 98.788675	 98.718326	 98.648055	 98.577883	 98.507829	 98.437913	 98.368153	 98.298569	  98.22918	 98.160005	 98.091063	 98.022371	 97.953949	 97.885814	 97.817985	 97.750478	 97.683311	 97.616501	 97.550065	  97.48402	 97.418381	 97.353164	 97.288385	 97.224058	 97.160199	 97.096822	 97.033941	  96.97157	 96.909721	 96.848408	 96.787643	 96.727438	 96.667805	 96.608754	 96.550297	 96.492444	 96.435204	 96.378587	 96.322602	 96.267257	 96.212561	  96.15852	 96.105143	 96.052435	 96.000403	 95.949053	 95.898389	 95.848418	 95.799142	 95.750567	 95.702695	  95.65553	 95.609074	 95.563329	 95.518297	  95.47398	 95.430379	 95.387493	 95.345323	 95.303868	 95.263129	 95.223103	 95.183789	 95.145186	 95.107291	 95.070102	 95.033616	 94.997829	 94.962738	 94.928339	 94.894629	 94.861601	 94.829252	 94.797577	  94.76657	 94.736226	 94.706539	 94.677502	  94.64911	 94.621355	 94.594232	 94.567734	 94.541852	 94.516581	 94.491911	 94.467837	  94.44435	 94.421442	 94.399105	 94.377331	 94.356113	  94.33544	 94.315306	 94.295701	 94.276617	 94.258046	 94.239978	 94.222405	 94.205318	 94.188709	 94.172569	 94.156888	 94.141658	  94.12687	 94.112515	 94.098585	 94.085071	 94.071964	 94.059255	 94.046936	 94.034999	 94.023433	 94.012232	 94.001387	 93.990888	 93.980729	 93.970901	 93.961396	 93.952206	 93.943322	 93.934737	 93.926444	 93.918435	 93.910702	 93.903237	 93.896034	 93.889085	 93.882384	 93.875923	 93.869695	 93.863694	 93.857914	 93.852347	 93.846987	 93.841828	 93.836865	  93.83209	 93.827499	 93.823085	 93.818842	 93.814767	 93.810852	 93.807093	 93.803485	 93.800023	 93.796701	 93.793516	 93.790463	 93.787536	 93.784732	 93.782047	 93.779476	 93.777016	 93.774662	 93.772411	 93.770259	 93.768202	 93.766237	 93.764362	 93.762572	 93.760864	 93.759236	 93.757684	 93.756206	 93.754799	 93.753461	 93.752188	 93.750979	 93.749831	 93.748743	 93.747711	 93.746734	  93.74581	 93.744936	 93.744113	 93.743336	 93.742606	  93.74192	 93.741277	 93.740676	 93.740115	 93.739593	 93.739109	 93.738662	 93.738251	 93.737876	 93.737534	 93.737226	  93.73695	 93.736707	 93.736495	 93.736315	 93.736165	 93.736046	 93.735956	 93.735897	 93.735867	
        99	 98.915482	 98.830988	 98.746541	 98.662165	 98.577883	  98.49372	 98.409699	 98.325842	 98.242173	 98.158716	 98.075492	 97.992524	 97.909836	 97.827448	 97.745384	 97.663664	  97.58231	 97.501344	 97.420785	 97.340654	 97.260972	 97.181758	 97.103032	 97.024812	 96.947117	 96.869965	 96.793373	  96.71736	 96.641942	 96.567134	 96.492954	 96.419416	 96.346536	 96.274327	 96.202804	 96.131979	 96.061867	 95.992478	 95.923826	  95.85592	 95.788773	 95.722393	 95.656791	 95.591976	 95.527955	 95.464739	 95.402332	 95.340744	 95.279979	 95.220044	 95.160944	 95.102683	 95.045266	 94.988697	 94.932979	 94.878113	 94.824103	  94.77095	 94.718655	 94.667218	  94.61664	  94.56692	 94.518058	 94.470051	 94.422899	   94.3766	 94.331149	 94.286545	 94.242784	 94.199862	 94.157774	 94.116517	 94.076085	 94.036472	 93.997674	 93.959683	 93.922494	   93.8861	 93.850493	 93.815667	 93.781614	 93.748326	 93.715795	 93.684013	 93.652971	  93.62266	 93.593073	 93.564198	 93.536028	 93.508553	 93.481762	 93.455647	 93.430198	 93.405404	 93.381255	 93.357741	 93.334852	 93.312578	 93.290908	 93.269831	 93.249338	 93.229417	 93.210058	 93.191251	 93.172984	 93.155248	 93.138031	 93.121324	 93.105115	 93.089395	 93.074152	 93.059377	 93.045059	 93.031188	 93.017753	 93.004745	 92.992154	 92.979969	 92.968182	 92.956781	 92.945758	 92.935103	 92.924807	 92.914861	 92.905254	 92.895979	 92.887026	 92.878387	 92.870053	 92.862016	 92.854266	 92.846797	 92.839599	 92.832666	 92.825989	 92.819561	 92.813374	  92.80742	 92.801694	 92.796187	 92.790893	 92.785805	 92.780916	 92.776221	 92.771713	 92.767385	 92.763233	 92.759249	 92.755429	 92.751766	 92.748256	 92.744894	 92.741673	  92.73859	 92.735639	 92.732815	 92.730115	 92.727534	 92.725067	 92.722711	 92.720462	 92.718314	 92.716266	 92.714313	 92.712452	  92.71068	 92.708992	 92.707387	 92.705861	 92.704411	 92.703034	 92.701728	 92.700491	 92.699319	  92.69821	 92.697163	 92.696175	 92.695244	 92.694368	 92.693545	 92.692774	 92.692053	  92.69138	 92.690754	 92.690174	 92.689638	 92.689145	 92.688694	 92.688285	 92.687915	 92.687585	 92.687293	 92.687039	 92.686823	 92.686643	   92.6865	 92.686392	 92.686321	 92.686286	
        99	 98.901455	 98.802938	 98.704477	 98.606098	 98.507829	 98.409699	 98.311733	 98.213959	 98.116405	 98.019097	 97.922061	 97.825325	 97.728914	 97.632853	 97.537169	 97.441887	 97.347032	 97.252629	   97.1587	 97.065272	 96.972366	 96.880005	 96.788213	 96.697012	 96.606423	 96.516467	 96.427164	 96.338536	 96.250601	 96.163379	 96.076888	 95.991146	  95.90617	 95.821978	 95.738584	 95.656006	 95.574258	 95.493354	 95.413308	 95.334133	 95.255841	 95.178445	 95.101956	 95.026384	 94.951739	 94.878031	 94.805268	 94.733458	 94.662609	 94.592727	 94.523819	 94.455889	 94.388944	 94.322986	 94.258021	  94.19405	 94.131077	 94.069102	 94.008128	 93.948155	 93.889183	 93.831212	  93.77424	 93.718267	  93.66329	 93.609306	 93.556312	 93.504306	 93.453282	 93.403237	 93.354165	 93.306061	 93.258918	 93.212732	 93.167494	 93.123199	 93.079837	 93.037403	 92.995887	 92.955281	 92.915577	 92.876764	 92.838835	 92.801778	 92.765584	 92.730244	 92.695746	 92.662079	 92.629234	 92.597199	 92.565963	 92.535513	  92.50584	 92.476931	 92.448775	 92.421359	 92.394671	 92.368701	 92.343434	  92.31886	 92.294965	 92.271738	 92.249166	 92.227238	  92.20594	  92.18526	 92.165186	 92.145706	 92.126808	 92.108478	 92.090706	 92.073479	 92.056784	 92.040611	 92.024947	  92.00978	 91.995099	 91.980893	 91.967149	 91.953856	 91.941004	 91.928581	 91.916576	 91.904979	 91.893778	 91.882963	 91.872525	 91.862452	 91.852735	 91.843363	 91.834328	 91.825619	 91.817227	 91.809143	 91.801358	 91.793863	 91.786649	 91.779707	  91.77303	  91.76661	 91.760437	 91.754505	 91.748805	 91.743331	 91.738074	 91.733029	 91.728187	 91.723542	 91.719088	 91.714817	 91.710725	 91.706804	 91.703049	 91.699454	 91.696013	 91.692721	 91.689573	 91.686563	 91.683687	  91.68094	 91.678317	 91.675814	 91.673426	 91.671149	 91.668979	 91.666912	 91.664945	 91.663073	 91.661293	 91.659603	 91.657997	 91.656475	 91.655032	 91.653666	 91.652373	 91.651152	     91.65	 91.648914	 91.647893	 91.646934	 91.646035	 91.645194	 91.644409	  91.64368	 91.643003	 91.642378	 91.641804	 91.641278	   91.6408	 91.640369	 91.639984	 91.639644	 91.639348	 91.639096	 91.638886	 91.638719	 91.638594	 91.638511	 91.638469	
        99	 98.887456	 98.774944	 98.662495	 98.550141	 98.437913	 98.325842	 98.213959	 98.102297	 97.990884	 97.879752	 97.768932	 97.658454	 97.548346	  97.43864	 97.329363	 97.220546	 97.112216	 97.004401	  96.89713	 96.790429	 96.684325	 96.578844	 96.474013	 96.369855	 96.266397	 96.163662	 96.061674	 95.960455	 95.860029	 95.760416	 95.661638	 95.563716	 95.466669	 95.370516	 95.275276	 95.180967	 95.087606	 94.995208	 94.903791	 94.813369	 94.723956	 94.635565	  94.54821	 94.461902	 94.376654	 94.292475	 94.209375	 94.127364	  94.04645	 93.966641	 93.887944	 93.810365	 93.733909	 93.658582	 93.584387	 93.511329	  93.43941	 93.368631	 93.298995	 93.230503	 93.163153	 93.096947	 93.031882	 92.967957	  92.90517	 92.843518	 92.782996	 92.723602	  92.66533	 92.608175	 92.552132	 92.497194	 92.443355	 92.390607	 92.338943	 92.288355	 92.238834	 92.190372	 92.142958	 92.096584	 92.051239	 92.006913	 91.963595	 91.921274	 91.879939	 91.839578	 91.800179	 91.761731	  91.72422	 91.687633	  91.65196	 91.617185	 91.583297	 91.550281	 91.518124	 91.486814	 91.456335	 91.426675	 91.397819	 91.369754	 91.342465	 91.315938	  91.29016	 91.265117	 91.240793	 91.217175	  91.19425	 91.172003	 91.150419	 91.129486	 91.109189	 91.089515	 91.070449	 91.051978	 91.034089	 91.016767	 91.000001	 90.983776	  90.96808	 90.952899	 90.938221	 90.924033	 90.910323	 90.897078	 90.884286	 90.871935	 90.860014	  90.84851	 90.837413	  90.82671	 90.816391	 90.806445	 90.796861	 90.787628	 90.778737	 90.770177	 90.761938	 90.754011	 90.746386	 90.739053	 90.732003	 90.725228	 90.718719	 90.712467	 90.706464	 90.700701	 90.695172	 90.689867	  90.68478	 90.679903	 90.675229	 90.670751	 90.666463	 90.662357	 90.658427	 90.654668	 90.651072	 90.647635	 90.644351	 90.641213	 90.638218	 90.635359	 90.632631	 90.630031	 90.627553	 90.625192	 90.622945	 90.620808	 90.618775	 90.616844	 90.615011	 90.613273	 90.611625	 90.610064	 90.608588	 90.607194	 90.605878	 90.604638	 90.603472	 90.602376	 90.601349	 90.600389	 90.599493	  90.59866	 90.597887	 90.597173	 90.596517	 90.595917	 90.595371	 90.594879	 90.594439	 90.594051	 90.593713	 90.593424	 90.593185	 90.592994	 90.592852	 90.592757	 90.592709	
        99	 98.873489	 98.747013	 98.620608	  98.49431	 98.368153	 98.242173	 98.116405	 97.990884	 97.865644	  97.74072	 97.616146	 97.491956	 97.368184	 97.244862	 97.122023	 96.999701	 96.877926	 96.756731	 96.636146	 96.516203	  96.39693	 96.278358	 96.160516	 96.043432	 95.927134	 95.811649	 95.697003	 95.583222	 95.470332	 95.358356	 95.247319	 95.137244	 95.028153	 94.920066	 94.813007	 94.706993	 94.602045	  94.49818	 94.395417	 94.293773	 94.193262	 94.093902	 93.995705	 93.898686	 93.802858	 93.708231	 93.614818	 93.522629	 93.431673	 93.341959	 93.253495	 93.166287	 93.080343	 92.995667	 92.912264	 92.830139	 92.749294	 92.669731	 92.591453	  92.51446	 92.438752	 92.364328	 92.291188	  92.21933	  92.14875	 92.079446	 92.011414	 91.944648	 91.879144	 91.814896	 91.751897	 91.690141	  91.62962	 91.570326	  91.51225	 91.455384	 91.399717	  91.34524	 91.291942	 91.239812	  91.18884	 91.139012	 91.090318	 91.042745	  90.99628	  90.95091	 90.906621	 90.863401	 90.821234	 90.780107	 90.740006	 90.700916	 90.662821	 90.625708	 90.589561	 90.554364	 90.520103	 90.486762	 90.454325	 90.422776	   90.3921	 90.362282	 90.333304	 90.305152	  90.27781	 90.251262	 90.225491	 90.200482	  90.17622	 90.152689	 90.129873	 90.107757	 90.086325	 90.065562	 90.045452	 90.025981	 90.007134	 89.988895	 89.971251	 89.954186	 89.937686	 89.921738	 89.906326	 89.891437	 89.877058	 89.863174	 89.849773	 89.836842	 89.824367	 89.812336	 89.800736	 89.789556	 89.778782	 89.768404	 89.758409	 89.748787	 89.739526	 89.730615	 89.722043	   89.7138	 89.705875	 89.698259	 89.690942	 89.683914	 89.677166	 89.670689	 89.664473	  89.65851	 89.652791	 89.647309	 89.642055	 89.637021	 89.632201	 89.627585	 89.623168	 89.618942	   89.6149	 89.611037	 89.607344	 89.603818	  89.60045	 89.597236	 89.594171	 89.591247	 89.588462	 89.585808	 89.583282	 89.580879	 89.578595	 89.576424	 89.574364	 89.572409	 89.570557	 89.568803	 89.567143	 89.565576	 89.564097	 89.562703	 89.561392	  89.56016	 89.559006	 89.557927	  89.55692	 89.555983	 89.555114	 89.554312	 89.553574	 89.552899	 89.552286	 89.551733	 89.551238	 89.550802	 89.550422	 89.550098	 89.549829	 89.549614	 89.549454	 89.549347	 89.549294	
        99	 98.859556	 98.719152	 98.578827	 98.438619	 98.298569	 98.158716	 98.019097	 97.879752	  97.74072	 97.602039	 97.463746	 97.325879	 97.188476	 97.051573	 96.915206	 96.779412	 96.644227	 96.509685	  96.37582	 96.242668	  96.11026	 95.978631	 95.847811	 95.717833	 95.588727	 95.460523	 95.333252	  95.20694	 95.081618	 94.957311	 94.834045	 94.711848	 94.590742	 94.470753	 94.351903	 94.234214	 94.117708	 94.002405	 93.888325	 93.775487	 93.663908	 93.553605	 93.444594	 93.336891	 93.230508	 93.125461	 93.021761	 92.919419	 92.818446	 92.718852	 92.620646	 92.523834	 92.428425	 92.334424	 92.241836	 92.150667	 92.060918	 91.972594	 91.885695	 91.800222	 91.716177	 91.633557	 91.552363	 91.472591	 91.394238	 91.317302	 91.241777	 91.167659	 91.094941	 91.023617	 90.953681	 90.885124	 90.817937	 90.752113	 90.687642	 90.624513	 90.562715	 90.502239	 90.443071	 90.385201	 90.328615	   90.2733	 90.219244	 90.166431	 90.114849	 90.064482	 90.015317	 89.967336	 89.920526	  89.87487	 89.830352	 89.786957	 89.744667	 89.703467	 89.663339	 89.624266	 89.586232	 89.549219	  89.51321	 89.478187	 89.444133	  89.41103	 89.378862	 89.347609	 89.317256	 89.287784	 89.259175	 89.231412	 89.204478	 89.178356	 89.153027	 89.128475	 89.104683	 89.081633	 89.059309	 89.037694	 89.016771	 88.996524	 88.976936	 88.957992	 88.939675	  88.92197	 88.904861	 88.888333	  88.87237	 88.856957	  88.84208	 88.827725	 88.813876	  88.80052	 88.787643	 88.775231	 88.763271	  88.75175	 88.740655	 88.729973	 88.719692	 88.709799	 88.700283	 88.691132	 88.682335	 88.673881	 88.665758	 88.657956	 88.650464	 88.643273	 88.636373	 88.629753	 88.623405	 88.617319	 88.611487	 88.605899	 88.600547	 88.595423	  88.59052	 88.585828	 88.581341	 88.577052	 88.572954	 88.569038	   88.5653	 88.561732	 88.558329	 88.555084	 88.551991	 88.549046	 88.546242	 88.543574	 88.541038	 88.538628	 88.536341	 88.534171	 88.532114	 88.530167	 88.528325	 88.526585	 88.524943	 88.523396	  88.52194	 88.520573	 88.519292	 88.518094	 88.516976	 88.515936	 88.514971	 88.514081	 88.513262	 88.512513	 88.511832	 88.511218	 88.510669	 88.510184	 88.509762	 88.509402	 88.509104	 88.508866	 88.508688	 88.508569	  88.50851	
        99	 98.845663	 98.691369	 98.537162	 98.383085	  98.22918	 98.075492	 97.922061	 97.768932	 97.616146	 97.463746	 97.311772	 97.160267	 97.009271	 96.858825	 96.708968	 96.559741	 96.411183	 96.263331	 96.116224	 95.969899	 95.824393	 95.679742	 95.535981	 95.393145	 95.251267	 95.110381	 94.970519	 94.831713	 94.693993	 94.557389	  94.42193	 94.287643	 94.154558	 94.022698	 93.892091	  93.76276	 93.634729	  93.50802	 93.382654	 93.258653	 93.136036	 93.014822	 92.895027	 92.776669	 92.659763	 92.544324	 92.430365	 92.317899	 92.206938	 92.097491	  91.98957	 91.883181	 91.778334	 91.675034	 91.573287	 91.473098	 91.374471	 91.277409	 91.181914	 91.087986	 90.995626	 90.904834	 90.815607	 90.727944	  90.64184	 90.557293	 90.474297	 90.392846	 90.312935	 90.234556	 90.157701	 90.082362	 90.008529	 89.936193	 89.865344	  89.79597	 89.728059	   89.6616	  89.59658	 89.532984	   89.4708	 89.410014	  89.35061	 89.292573	 89.235888	 89.180539	 89.126509	 89.073782	 89.022341	 88.972169	 88.923247	 88.875559	 88.829086	  88.78381	 88.739712	 88.696774	 88.654978	 88.614303	 88.574731	 88.536244	 88.498821	 88.462444	 88.427093	 88.392749	 88.359393	 88.327005	 88.295566	 88.265057	 88.235459	 88.206752	 88.178918	 88.151937	 88.125791	 88.100461	 88.075929	 88.052175	 88.029183	 88.006933	 87.985407	 87.964589	  87.94446	 87.925004	 87.906202	 87.888039	 87.870497	 87.853559	 87.837211	 87.821435	 87.806217	 87.791539	 87.777388	 87.763749	 87.750606	 87.737945	 87.725752	 87.714013	 87.702715	 87.691844	 87.681387	 87.671331	 87.661663	 87.652372	 87.643446	 87.634872	  87.62664	 87.618737	 87.611154	  87.60388	 87.596903	 87.590215	 87.583806	 87.577665	 87.571784	 87.566153	 87.560765	 87.555609	 87.550679	 87.545965	 87.541461	 87.537158	  87.53305	 87.529129	 87.525389	 87.521823	 87.518425	 87.515188	 87.512106	 87.509175	 87.506388	  87.50374	 87.501226	 87.498842	 87.496582	 87.494442	 87.492418	 87.490505	 87.488701	 87.487001	 87.485401	 87.483899	 87.482491	 87.481174	 87.479945	 87.478802	 87.477743	 87.476764	 87.475864	 87.475041	 87.474293	 87.473618	 87.473014	 87.472482	 87.472018	 87.471623	 87.471295	 87.471033	 87.470837	 87.470707	 87.470642	
        99	 98.831813	 98.663672	 98.495626	 98.327722	 98.160005	 97.992524	 97.825325	 97.658454	 97.491956	 97.325879	 97.160267	 96.995165	 96.830619	 96.666671	 96.503366	 96.340747	 96.178857	 96.017736	 95.857428	 95.697972	 95.539408	 95.381775	 95.225113	 95.069458	 94.914848	 94.761319	 94.608905	 94.457642	 94.307562	 94.158699	 94.011084	 93.864746	 93.719717	 93.576025	 93.433696	 93.292759	 93.153238	 93.015157	 92.878542	 92.743412	 92.609791	 92.477699	 92.347153	 92.218174	 92.090776	 91.964978	 91.840792	 91.718233	 91.597314	 91.478045	 91.360438	 91.244502	 91.130246	 91.017675	 90.906798	 90.797618	  90.69014	 90.584367	 90.480302	 90.377945	 90.277297	 90.178356	 90.081122	 89.985592	 89.891761	 89.799626	 89.709182	 89.620422	 89.533339	 89.447926	 89.364174	 89.282073	 89.201615	 89.122788	  89.04558	  88.96998	 88.895975	 88.823552	 88.752696	 88.683394	 88.615629	 88.549388	 88.484653	 88.421407	 88.359635	 88.299319	 88.240441	 88.182982	 88.126925	  88.07225	 88.018938	  87.96697	 87.916326	 87.866987	 87.818932	 87.772141	 87.726593	 87.682268	 87.639145	 87.597204	 87.556423	 87.516781	 87.478258	 87.440832	 87.404482	 87.369188	 87.334927	  87.30168	 87.269426	 87.238143	 87.207811	 87.178409	 87.149916	 87.122313	 87.095579	 87.069694	 87.044638	 87.020391	 86.996934	 86.974248	 86.952312	  86.93111	 86.910621	 86.890827	 86.871711	 86.853254	 86.835438	 86.818247	 86.801662	 86.785668	 86.770247	 86.755383	 86.741061	 86.727264	 86.713977	 86.701184	 86.688872	 86.677025	  86.66563	 86.654671	 86.644136	 86.634012	 86.624284	 86.614941	  86.60597	 86.597358	 86.589094	 86.581167	 86.573565	 86.566277	 86.559292	   86.5526	 86.546191	 86.540055	 86.534183	 86.528565	 86.523192	 86.518055	 86.513147	 86.508458	 86.503981	 86.499709	 86.495633	 86.491747	 86.488043	 86.484516	 86.481158	 86.477963	 86.474926	 86.472041	 86.469301	 86.466703	  86.46424	 86.461908	 86.459702	 86.457618	 86.455652	 86.453799	 86.452056	 86.450419	 86.448885	 86.447449	 86.446111	 86.444865	  86.44371	 86.442644	 86.441663	 86.440766	 86.439951	 86.439215	 86.438558	 86.437977	 86.437472	 86.437041	 86.436684	 86.436399	 86.436185	 86.436044	 86.435973	
        99	 98.818009	 98.636068	  98.45423	 98.272544	 98.091063	 97.909836	 97.728914	 97.548346	 97.368184	 97.188476	 97.009271	 96.830619	 96.652567	 96.475163	 96.298455	 96.122489	 95.947312	 95.772967	 95.599501	 95.426958	  95.25538	  95.08481	 94.915289	 94.746859	 94.579559	 94.413429	 94.248506	 94.084828	 93.922431	  93.76135	 93.601619	 93.443271	 93.286338	 93.130852	 92.976842	 92.824337	 92.673365	 92.523952	 92.376123	 92.229903	 92.085315	 91.942381	 91.801122	 91.661556	 91.523702	 91.387579	   91.2532	 91.120582	 90.989739	 90.860681	 90.733422	  90.60797	 90.484336	 90.362526	 90.242548	 90.124408	 90.008109	 89.893655	 89.781048	  89.67029	 89.561381	 89.454321	 89.349106	 89.245735	 89.144203	 89.044506	 88.946639	 88.850593	 88.756363	  88.66394	 88.573314	 88.484475	 88.397413	 88.312116	 88.228572	 88.146767	 88.066688	 87.988321	 87.911649	 87.836659	 87.763333	 87.691654	 87.621606	  87.55317	 87.486328	 87.421061	 87.357351	 87.295176	 87.234518	 87.175355	 87.117668	 87.061435	 87.006635	 86.953246	 86.901247	 86.850615	 86.801329	 86.753366	 86.706704	  86.66132	 86.617192	 86.574297	 86.532611	 86.492114	 86.452781	 86.414589	 86.377517	 86.341542	  86.30664	 86.272789	 86.239968	 86.208152	 86.177321	 86.147453	 86.118524	 86.090515	 86.063402	 86.037165	 86.011783	 85.987235	 85.963499	 85.940556	 85.918386	 85.896968	 85.876282	  85.85631	 85.837033	  85.81843	 85.800485	 85.783177	 85.766491	 85.750407	 85.734909	  85.71998	 85.705602	  85.69176	 85.678437	 85.665618	 85.653287	 85.641429	  85.63003	 85.619074	 85.608548	 85.598438	  85.58873	 85.579412	  85.57047	 85.561892	 85.553666	  85.54578	 85.538222	 85.530981	 85.524046	 85.517406	 85.511052	 85.504973	 85.499159	 85.493601	 85.488289	 85.483216	 85.478372	 85.473748	 85.469338	 85.465133	 85.461125	 85.457308	 85.453675	 85.450218	 85.446932	 85.443809	 85.440845	 85.438033	 85.435368	 85.432845	 85.430458	 85.428203	 85.426076	 85.424071	 85.422185	 85.420413	 85.418753	   85.4172	 85.415751	 85.414403	 85.413154	    85.412	 85.410939	 85.409968	 85.409086	  85.40829	 85.407578	  85.40695	 85.406404	 85.405937	  85.40555	 85.405242	 85.405011	 85.404858	 85.404781	
        99	 98.804255	 98.608565	 98.412984	 98.217568	 98.022371	 97.827448	 97.632853	  97.43864	 97.244862	 97.051573	 96.858825	 96.666671	 96.475163	 96.284353	  96.09429	 95.905026	 95.716609	 95.529089	 95.342514	 95.156931	 94.972386	 94.788925	 94.606594	 94.425435	 94.245492	 94.066806	  93.88942	 93.713372	 93.538702	 93.365447	 93.193644	  93.02333	 92.854537	   92.6873	 92.521651	 92.357621	 92.195239	 92.034535	 91.875534	 91.718264	 91.562749	 91.409013	 91.257078	 91.106964	 90.958693	 90.812282	 90.667748	 90.525108	 90.384376	 90.245565	 90.108688	 89.973756	 89.840778	 89.709763	 89.580718	 89.453649	 89.328561	 89.205457	  89.08434	 88.965212	 88.848073	 88.732921	 88.619755	 88.508571	 88.399367	 88.292135	 88.186872	 88.083568	 87.982217	 87.882808	 87.785333	 87.689781	 87.596139	 87.504396	 87.414538	 87.326551	  87.24042	  87.15613	 87.073665	 86.993007	  86.91414	 86.837044	 86.761702	 86.688094	 86.616201	 86.546001	 86.477476	 86.410602	  86.34536	 86.281726	 86.219679	 86.159197	 86.100255	 86.042831	 85.986902	 85.932444	 85.879434	 85.827846	 85.777657	 85.728844	 85.681381	 85.635244	 85.590408	  85.54685	 85.504544	 85.463467	 85.423593	 85.384899	 85.347359	  85.31095	 85.275648	 85.241429	 85.208268	 85.176142	 85.145027	 85.114901	 85.085739	  85.05752	 85.030219	 85.003816	 84.978286	  84.95361	 84.929764	 84.906727	 84.884478	 84.862997	 84.842262	 84.822254	 84.802952	 84.784337	 84.766389	  84.74909	 84.732421	 84.716363	 84.700899	 84.686011	 84.671681	 84.657893	  84.64463	 84.631876	 84.619615	 84.607832	  84.59651	 84.585636	 84.575195	 84.565172	 84.555555	 84.546329	 84.537481	 84.528998	 84.520869	 84.513081	 84.505622	 84.498481	 84.491646	 84.485107	 84.478854	 84.472876	 84.467163	 84.461706	 84.456496	 84.451523	  84.44678	 84.442257	 84.437946	 84.433841	 84.429933	 84.426215	  84.42268	 84.419322	 84.416134	 84.413109	 84.410243	 84.407529	 84.404962	 84.402536	 84.400248	 84.398091	 84.396063	 84.394157	 84.392371	 84.390701	 84.389143	 84.387693	 84.386349	 84.385108	 84.383967	 84.382923	 84.381974	 84.381118	 84.380353	 84.379677	 84.379089	 84.378588	 84.378171	  84.37784	 84.377592	 84.377426	 84.377344	
        99	 98.790555	 98.581169	   98.3719	 98.162807	 97.953949	 97.745384	 97.537169	 97.329363	 97.122023	 96.915206	 96.708968	 96.503366	 96.298455	  96.09429	 95.890926	 95.688415	 95.486812	 95.286168	 95.086534	 94.887962	 94.690502	 94.494201	 94.299108	  94.10527	 93.912733	 93.721542	 93.531741	 93.343372	 93.156477	 92.971096	  92.78727	 92.605035	 92.424429	 92.245488	 92.068245	 91.892735	 91.718988	 91.547036	 91.376908	  91.20863	 91.042231	 90.877735	 90.715166	 90.554547	 90.395899	  90.23924	 90.084591	 89.931968	 89.781386	  89.63286	 89.486404	 89.342028	 89.199743	 89.059559	 88.921482	 88.785519	 88.651677	 88.519957	 88.390364	 88.262898	  88.13756	 88.014349	 87.893263	 87.774298	  87.65745	 87.542714	 87.430083	  87.31955	 87.211105	 87.104739	 87.000442	 86.898202	 86.798007	 86.699843	 86.603696	 86.509551	 86.417392	 86.327202	 86.238965	 86.152663	 86.068275	 85.985784	 85.905169	 85.826409	 85.749484	 85.674372	  85.60105	 85.529497	 85.459688	 85.391601	 85.325211	 85.260495	 85.197429	 85.135986	 85.076143	 85.017873	 84.961152	 84.905954	 84.852253	 84.800023	 84.749238	 84.699872	 84.651899	 84.605292	 84.560026	 84.516073	 84.473409	 84.432006	 84.391839	 84.352882	 84.315109	 84.278495	 84.243013	 84.208639	 84.175347	 84.143112	 84.111909	 84.081715	 84.052503	 84.024252	 83.996936	 83.970532	 83.945017	 83.920368	 83.896562	 83.873578	 83.851392	 83.829983	  83.80933	 83.789412	 83.770209	 83.751699	 83.733863	 83.716681	 83.700135	 83.684205	 83.668872	 83.654119	 83.639928	 83.626281	 83.613162	 83.600554	  83.58844	 83.576805	 83.565633	 83.554909	 83.544618	 83.534746	 83.525279	 83.516203	 83.507505	 83.499172	  83.49119	 83.483549	 83.476237	  83.46924	 83.462549	 83.456153	  83.45004	 83.444201	 83.438626	 83.433306	  83.42823	 83.423391	 83.418779	 83.414386	 83.410204	 83.406226	 83.402444	 83.398851	 83.395439	 83.392203	 83.389136	 83.386232	 83.383485	  83.38089	 83.378442	 83.376134	 83.373964	 83.371925	 83.370014	 83.368227	  83.36656	 83.365009	 83.363571	 83.362242	 83.361021	 83.359904	 83.358889	 83.357973	 83.357154	 83.356431	 83.355802	 83.355265	  83.35482	 83.354465	   83.3542	 83.354023	 83.353935	
        99	 98.776913	 98.553888	 98.330989	 98.108277	 97.885814	 97.663664	 97.441887	 97.220546	 96.999701	 96.779412	 96.559741	 96.340747	 96.122489	 95.905026	 95.688415	 95.472714	 95.257979	 95.044266	 94.831629	 94.620123	 94.409801	 94.200714	 93.992914	 93.786451	 93.581373	 93.377728	 93.175564	 92.974925	 92.775857	 92.578402	 92.382601	 92.188497	 91.996127	  91.80553	 91.616743	 91.429801	 91.244737	 91.061585	 90.880375	 90.701137	   90.5239	 90.348689	 90.175531	  90.00445	 89.835468	 89.668606	 89.503883	 89.341319	 89.180929	 89.022729	 88.866733	 88.712953	   88.5614	 88.412085	 88.265014	 88.120196	 87.977635	 87.837336	 87.699302	 87.563534	 87.430032	 87.298796	 87.169822	 87.043109	  86.91865	 86.796441	 86.676473	  86.55874	 86.443232	 86.329938	 86.218847	 86.109948	 86.003226	 85.898668	 85.796259	 85.695982	  85.59782	 85.501756	 85.407772	 85.315847	 85.225963	 85.138099	 85.052233	 84.968344	 84.886408	 84.806403	 84.728306	 84.652091	 84.577736	 84.505214	   84.4345	 84.365569	 84.298394	 84.232949	 84.169208	 84.107143	 84.046728	 83.987934	 83.930736	 83.875104	 83.821011	 83.768429	 83.717331	 83.667688	 83.619474	 83.572658	 83.527215	 83.483116	 83.440332	 83.398838	 83.358605	 83.319605	 83.281812	 83.245199	 83.209738	 83.175404	 83.142169	 83.110008	 83.078894	 83.048802	 83.019707	 82.991583	 82.964406	 82.938152	 82.912795	 82.888314	 82.864683	 82.841879	 82.819881	 82.798666	 82.778212	 82.758496	 82.739499	 82.721198	 82.703574	 82.686606	 82.670275	 82.654561	 82.639445	  82.62491	 82.610936	 82.597506	 82.584604	 82.572211	 82.560311	 82.548888	 82.537927	 82.527412	 82.517329	 82.507661	 82.498397	 82.489521	  82.48102	 82.472881	 82.465092	  82.45764	 82.450513	   82.4437	 82.437189	  82.43097	 82.425032	 82.419365	 82.413958	 82.408804	 82.403891	 82.399212	 82.394758	 82.390521	 82.386493	 82.382665	 82.379032	 82.375585	 82.372318	 82.369225	 82.366299	 82.363535	 82.360927	 82.358469	 82.356157	 82.353986	  82.35195	 82.350047	 82.348271	 82.346619	 82.345087	 82.343672	 82.342372	 82.341182	   82.3401	 82.339125	 82.338253	 82.337483	 82.336813	 82.336241	 82.335767	 82.335389	 82.335106	 82.334918	 82.334824	
        99	 98.763332	  98.52673	  98.29026	  98.05399	 97.817985	  97.58231	 97.347032	 97.112216	 96.877926	 96.644227	 96.411183	 96.178857	 95.947312	 95.716609	 95.486812	 95.257979	 95.030172	 94.803448	 94.577866	 94.353484	 94.130358	 93.908542	 93.688092	 93.469059	 93.251496	 93.035454	 92.820983	  92.60813	 92.396942	 92.187466	 91.979746	 91.773825	 91.569744	 91.367544	 91.167264	 90.968941	 90.772611	 90.578308	 90.386067	 90.195917	  90.00789	 89.822013	 89.638313	 89.456817	 89.277547	 89.100527	 88.925776	 88.753315	 88.583161	  88.41533	 88.249837	 88.086696	 87.925917	 87.767511	 87.611488	 87.457853	 87.306613	 87.157773	 87.011336	 86.867302	 86.725673	 86.586447	 86.449622	 86.315194	 86.183159	 86.053509	 85.926239	 85.801338	 85.678798	 85.558607	 85.440754	 85.325225	 85.212006	 85.101083	 84.992438	 84.886056	 84.781919	 84.680007	 84.580301	 84.482781	 84.387425	 84.294211	 84.203118	 84.114121	 84.027198	 83.942322	  83.85947	 83.778616	 83.699734	 83.622797	 83.547778	 83.474651	 83.403386	 83.333958	 83.266336	 83.200493	 83.136399	 83.074027	 83.013346	 82.954327	 82.896941	 82.841158	 82.786949	 82.734285	 82.683134	 82.633469	 82.585259	 82.538475	 82.493088	 82.449067	 82.406385	 82.365011	 82.324917	 82.286075	 82.248455	 82.212031	 82.176772	 82.142653	 82.109645	 82.077722	 82.046855	 82.017019	 81.988188	 81.960335	 81.933435	 81.907463	 81.882393	 81.858202	 81.834865	 81.812358	 81.790658	 81.769742	 81.749588	 81.730173	 81.711476	 81.693475	  81.67615	  81.65948	 81.643444	 81.628024	 81.613199	 81.598952	 81.585264	 81.572116	 81.559492	 81.547374	 81.535746	 81.524591	 81.513893	 81.503637	 81.493809	 81.484392	 81.475374	 81.466739	 81.458476	  81.45057	  81.44301	 81.435782	 81.428875	 81.422277	 81.415977	 81.409965	  81.40423	 81.398761	  81.39355	 81.388586	 81.383861	 81.379366	 81.375092	 81.371031	 81.367177	  81.36352	 81.360054	 81.356773	 81.353669	 81.350737	  81.34797	 81.345363	  81.34291	 81.340606	 81.338447	 81.336427	 81.334543	 81.332791	 81.331166	 81.329665	 81.328285	 81.327023	 81.325875	  81.32484	 81.323915	 81.323098	 81.322388	 81.321781	 81.321278	 81.320877	 81.320577	 81.320377	 81.320278	
