Time step 13:
        99	        99	        99	        99	        99	        99	        99	        99	        99	        99	        99	        99	        99	        99	        99	        99	        99	        99	        99	        99	        99	        99	        99	        99	        99	        99	        99	        99	        99	        99	        99	        99	        99	        99	        99	        99	        99	        99	        99	        99	        99	        99	        99	        99	        99	        99	        99	        99	        99	        99	        99	        99	        99	        99	        99	        99	        99	        99	        99	        99	        99	        99	        99	        99	        99	        99	        99	        99	        99	        99	        99	        99	        99	        99	        99	        99	        99	        99	        99	        99	        99	        99	        99	        99	        99	        99	        99	        99	        99	        99	        99	        99	        99	        99	        99	        99	        99	        99	        99	        99	        99	        99	        99	        99	        99	        99	        99	        99	        99	        99	        99	        99	        99	        99	        99	        99	        99	        99	        99	        99	        99	        99	        99	        99	        99	        99	        99	        99	        99	        99	        99	        99	        99	        99	        99	        99	        99	        99	        99	        99	        99	        99	        99	        99	        99	        99	        99	        99	        99	        99	        99	        99	        99	        99	        99	        99	        99	        99	        99	        99	        99	        99	        99	        99	        99	        99	        99	        99	        99	        99	        99	        99	        99	        99	        99	        99	        99	        99	        99	        99	        99	        99	        99	        99	        99	        99	        99	        99	        99	        99	        99	        99	        99	        99	        99	        99	        99	        99	        99	        99	
        99	 98.951174	 98.902394	  98.85371	 98.805167	 98.756813	 98.708692	 98.660852	 98.613335	 98.566186	 98.519448	 98.473161	 98.427366	 98.382102	 98.337406	 98.293313	 98.249858	 98.207073	 98.164989	 98.123634	 98.083035	 98.043217	 98.004203	 97.966013	 97.928668	 97.892182	 97.856572	  97.82185	 97.788026	  97.75511	 97.723107	 97.692024	 97.661862	 97.632624	 97.604307	  97.57691	 97.550429	 97.524858	 97.500189	 97.476413	 97.453521	 97.431502	 97.410341	 97.390027	 97.370543	 97.351874	 97.334003	 97.316913	 97.300585	 97.285001	 97.270141	 97.255985	 97.242513	 97.229704	 97.217538	 97.205993	 97.195049	 97.184683	 97.174876	 97.165606	 97.156851	 97.148592	 97.140808	 97.133479	 97.126584	 97.120105	 97.114022	 97.108317	  97.10297	 97.097966	 97.093285	 97.088912	  97.08483	 97.081024	 97.077478	 97.074178	 97.071109	 97.068259	 97.065614	 97.063162	  97.06089	 97.058789	 97.056846	 97.055052	 97.053397	 97.051871	 97.050466	 97.049174	 97.047986	 97.046895	 97.045895	 97.044978	 97.044139	 97.043372	  97.04267	  97.04203	 97.041446	 97.040914	  97.04043	  97.03999	  97.03959	 97.039227	 97.038898	   97.0386	  97.03833	 97.038087	 97.037866	 97.037668	 97.037488	 97.037327	 97.037182	 97.037052	 97.036934	 97.036829	 97.036735	 97.036651	 97.036575	 97.036508	 97.036448	 97.036394	 97.036346	 97.036304	 97.036266	 97.036232	 97.036203	 97.036176	 97.036153	 97.036132	 97.036114	 97.036097	 97.036083	  97.03607	 97.036059	  97.03605	 97.036041	 97.036033	 97.036027	 97.036021	 97.036016	 97.036011	 97.036008	 97.036004	 97.036001	 97.035999	 97.035996	 97.035994	 97.035993	 97.035991	  97.03599	 97.035989	 97.035988	 97.035987	 97.035986	 97.035986	 97.035985	 97.035985	 97.035984	 97.035984	 97.035984	 97.035984	 97.035983	 97.035983	 97.035983	 97.035983	 97.035983	 97.035983	 97.035983	 97.035982	 97.035982	 97.035982	 97.035982	 97.035982	 97.035982	 97.035982	 97.035982	 97.035982	 97.035982	 97.035982	 97.035982	 97.035982	 97.035982	 97.035982	 97.035982	 97.035982	 97.035982	 97.035982	 97.035982	 97.035982	 97.035982	 97.035982	 97.035982	 97.035982	 97.035982	 97.035982	 97.035982	 97.035982	 97.035982	 97.035982	 97.035982	 97.035982	
        99	 98.902394	 98.804884	 98.707562	 98.610524	 98.513861	 98.417668	 98.322033	 98.227046	 98.132794	 98.039362	 97.946834	 97.855288	 97.764804	 97.675455	 97.587312	 97.500444	 97.414916	 97.330788	 97.248118	  97.16696	 97.087362	 97.009372	  96.93303	 96.858375	  96.78544	 96.714254	 96.644843	 96.577228	 96.511428	 96.447454	 96.385318	 96.325024	 96.266575	 96.209969	 96.155202	 96.102265	 96.051147	 96.001833	 95.954305	 95.908544	 95.864526	 95.822226	 95.781617	 95.742668	 95.705348	 95.669624	  95.63546	 95.602821	 95.571667	 95.541962	 95.513664	 95.486733	 95.461128	 95.436807	 95.413728	  95.39185	 95.371129	 95.351524	 95.332992	 95.315492	 95.298982	 95.283421	  95.26877	 95.254987	 95.242035	 95.229875	  95.21847	 95.207782	 95.197778	 95.188421	 95.179679	  95.17152	 95.163911	 95.156822	 95.150225	 95.144091	 95.138393	 95.133106	 95.128203	 95.123663	 95.119462	 95.115579	 95.111992	 95.108683	 95.105633	 95.102825	 95.100241	 95.097867	 95.095687	 95.093687	 95.091855	 95.090177	 95.088643	 95.087241	 95.085961	 95.084794	 95.083731	 95.082763	 95.081883	 95.081084	 95.080358	   95.0797	 95.079104	 95.078565	 95.078078	 95.077637	  95.07724	 95.076882	  95.07656	  95.07627	 95.076009	 95.075775	 95.075565	 95.075376	 95.075208	 95.075057	 95.074922	 95.074802	 95.074695	 95.074599	 95.074514	 95.074438	 95.074371	 95.074312	 95.074259	 95.074212	  95.07417	 95.074134	 95.074101	 95.074073	 95.074047	 95.074025	 95.074006	 95.073989	 95.073973	  95.07396	 95.073949	 95.073938	  95.07393	 95.073922	 95.073915	 95.073909	 95.073904	   95.0739	 95.073896	 95.073892	 95.073889	 95.073887	 95.073885	 95.073883	 95.073881	  95.07388	 95.073878	 95.073877	 95.073876	 95.073875	 95.073875	 95.073874	 95.073874	 95.073873	 95.073873	 95.073873	 95.073872	 95.073872	 95.073872	 95.073872	 95.073872	 95.073872	 95.073871	 95.073871	 95.073871	 95.073871	 95.073871	 95.073871	 95.073871	 95.073871	 95.073871	 95.073871	 95.073871	 95.073871	 95.073871	 95.073871	 95.073871	 95.073871	 95.073871	 95.073871	 95.073871	 95.073871	 95.073871	 95.073871	 95.073871	 95.073871	 95.073871	 95.073871	 95.073871	 95.073871	 95.073871	 95.073871	 95.073871	
        99	  98.85371	 98.707562	 98.561698	 98.416258	 98.271382	 98.127207	 97.983871	 97.841506	 97.700242	 97.560208	 97.421528	 97.284321	 97.148704	 97.014788	 96.882681	 96.752485	 96.624296	 96.498206	 96.374301	 96.252662	 96.133363	 96.016472	 95.902052	  95.79016	 95.680845	 95.574153	  95.47012	  95.36878	 95.270159	 95.174277	 95.081147	  94.99078	 94.903177	 94.818337	 94.736253	 94.656912	 94.580297	 94.506385	 94.435151	 94.366565	 94.300591	 94.237193	 94.176328	 94.117952	 94.062018	 94.008475	 93.957271	 93.908351	 93.861659	 93.817136	 93.774723	 93.734359	 93.695983	 93.659531	 93.624941	  93.59215	 93.561094	  93.53171	 93.503935	 93.477706	 93.452961	 93.429639	  93.40768	 93.387023	  93.36761	 93.349385	  93.33229	 93.316272	 93.301277	 93.287254	 93.274152	 93.261922	 93.250518	 93.239894	 93.230006	 93.220812	 93.212272	 93.204348	    93.197	 93.190196	 93.183899	 93.178078	 93.172703	 93.167744	 93.163173	 93.158964	 93.155091	 93.151533	 93.148265	 93.145268	 93.142522	 93.140007	 93.137708	 93.135606	 93.133688	 93.131939	 93.130345	 93.128895	 93.127576	 93.126378	  93.12529	 93.124304	 93.123411	 93.122603	 93.121873	 93.121213	 93.120617	 93.120081	 93.119597	 93.119163	 93.118772	 93.118421	 93.118106	 93.117824	 93.117571	 93.117345	 93.117143	 93.116963	 93.116802	 93.116659	 93.116532	 93.116418	 93.116317	 93.116228	 93.116149	 93.116078	 93.116016	 93.115961	 93.115913	  93.11587	 93.115832	 93.115799	  93.11577	 93.115744	 93.115721	 93.115701	 93.115684	 93.115669	 93.115655	 93.115644	 93.115634	 93.115625	 93.115617	  93.11561	 93.115605	 93.115599	 93.115595	 93.115591	 93.115588	 93.115585	 93.115583	  93.11558	 93.115579	 93.115577	 93.115576	 93.115574	 93.115573	 93.115572	 93.115572	 93.115571	 93.115571	  93.11557	  93.11557	 93.115569	 93.115569	 93.115569	 93.115569	 93.115568	 93.115568	 93.115568	 93.115568	 93.115568	 93.115568	 93.115568	 93.115568	 93.115568	 93.115568	 93.115568	 93.115568	 93.115568	 93.115568	 93.115567	 93.115567	 93.115567	 93.115567	 93.115567	 93.115567	 93.115567	 93.115567	 93.115567	 93.115567	 93.115567	 93.115567	 93.115567	 93.115567	 93.115567	 93.115567	 93.115567	 93.115567	
        99	 98.805167	 98.610524	 98.416258	 98.222557	 98.029607	 97.837592	 97.646693	 97.457087	 97.268949	 97.082448	  96.89775	 96.715014	 96.534396	 96.356044	   96.1801	 96.006702	 95.835976	 95.668047	 95.503027	 95.341025	 95.182139	 95.026461	 94.874073	 94.725052	 94.579464	 94.437368	 94.298816	 94.163849	 94.032502	 93.904803	 93.780771	 93.660417	 93.543746	 93.430754	 93.321433	 93.215764	 93.113726	 93.015288	 92.920418	 92.829072	 92.741207	 92.656771	  92.57571	 92.497963	 92.423468	 92.352158	 92.283964	 92.218811	 92.156625	 92.097329	 92.040842	 91.987085	 91.935974	 91.887426	 91.841359	 91.797687	 91.756326	 91.717191	 91.680199	 91.645267	 91.612311	 91.581251	 91.552004	 91.524493	 91.498639	 91.474366	 91.451599	 91.430266	 91.410295	 91.391618	 91.374168	 91.357881	 91.342692	 91.328543	 91.315374	  91.30313	 91.291756	 91.281201	 91.271416	 91.262353	 91.253968	 91.246216	 91.239057	 91.232452	 91.226364	 91.220758	 91.215601	 91.210861	  91.20651	 91.202518	  91.19886	 91.195511	 91.192449	  91.18965	 91.187096	 91.184766	 91.182644	 91.180712	 91.178955	 91.177359	 91.175911	 91.174598	 91.173409	 91.172332	 91.171359	  91.17048	 91.169688	 91.168973	 91.168329	  91.16775	 91.167229	 91.166762	 91.166343	 91.165967	 91.165631	  91.16533	 91.165061	 91.164821	 91.164607	 91.164416	 91.164246	 91.164095	 91.163961	 91.163842	 91.163736	 91.163642	  91.16356	 91.163486	 91.163422	 91.163365	 91.163314	  91.16327	 91.163231	 91.163197	 91.163167	  91.16314	 91.163117	 91.163097	 91.163079	 91.163064	  91.16305	 91.163038	 91.163028	 91.163019	 91.163011	 91.163004	 91.162999	 91.162993	 91.162989	 91.162985	 91.162982	 91.162979	 91.162977	 91.162975	 91.162973	 91.162971	  91.16297	 91.162969	 91.162968	 91.162967	 91.162966	 91.162965	 91.162965	 91.162964	 91.162964	 91.162964	 91.162963	 91.162963	 91.162963	 91.162963	 91.162963	 91.162962	 91.162962	 91.162962	 91.162962	 91.162962	 91.162962	 91.162962	 91.162962	 91.162962	 91.162962	 91.162962	 91.162962	 91.162962	 91.162962	 91.162962	 91.162962	 91.162962	 91.162962	 91.162962	 91.162962	 91.162962	 91.162962	 91.162962	 91.162962	 91.162962	 91.162962	 91.162962	 91.162962	
        99	 98.756813	 98.513861	 98.271382	 98.029607	  97.78877	   97.5491	 97.310823	  97.07416	 96.839328	 96.606541	 96.376003	 96.147915	  95.92247	 95.699854	 95.480244	  95.26381	 95.050713	 94.841106	 94.635131	 94.432923	 94.234603	 94.040288	 93.850081	 93.664074	 93.482354	 93.304992	 93.132052	 92.963589	 92.799644	 92.640252	 92.485437	 92.335213	 92.189586	 92.048552	 91.912098	 91.780204	 91.652841	 91.529973	 91.411557	 91.297541	 91.187869	 91.082478	 90.981298	 90.884256	 90.791272	 90.702264	 90.617145	 90.535822	 90.458203	  90.38419	 90.313684	 90.246585	 90.182789	 90.122193	 90.064692	 90.010181	 89.958555	 89.909708	 89.863536	 89.819934	 89.778799	 89.740029	 89.703524	 89.669185	 89.636914	 89.606617	   89.5782	 89.551572	 89.526645	 89.503333	 89.481552	 89.461222	 89.442264	 89.424603	 89.408166	 89.392883	 89.378687	 89.365512	 89.353299	 89.341987	 89.331519	 89.321844	 89.312908	 89.304664	 89.297065	 89.290068	 89.283631	 89.277715	 89.272283	 89.267301	 89.262735	 89.258556	 89.254733	  89.25124	 89.248051	 89.245143	 89.242494	 89.240083	  89.23789	 89.235898	 89.234091	 89.232452	 89.230967	 89.229624	 89.228409	 89.227312	 89.226323	  89.22543	 89.224627	 89.223904	 89.223254	 89.222671	 89.222148	 89.221679	 89.221259	 89.220883	 89.220547	 89.220248	  89.21998	 89.219742	  89.21953	 89.219342	 89.219174	 89.219026	 89.218894	 89.218777	 89.218674	 89.218582	 89.218502	  89.21843	 89.218368	 89.218312	 89.218264	 89.218221	 89.218183	  89.21815	 89.218121	 89.218096	 89.218074	 89.218055	 89.218038	 89.218023	  89.21801	 89.217999	 89.217989	 89.217981	 89.217973	 89.217967	 89.217962	 89.217957	 89.217953	 89.217949	 89.217946	 89.217943	 89.217941	 89.217939	 89.217937	 89.217936	 89.217935	 89.217934	 89.217933	 89.217932	 89.217931	 89.217931	  89.21793	  89.21793	 89.217929	 89.217929	 89.217929	 89.217929	 89.217929	 89.217928	 89.217928	 89.217928	 89.217928	 89.217928	 89.217928	 89.217928	 89.217928	 89.217928	 89.217928	 89.217928	 89.217928	 89.217928	 89.217928	 89.217928	 89.217928	 89.217928	 89.217928	 89.217928	 89.217928	 89.217928	 89.217928	 89.217928	 89.217928	 89.217928	 89.217928	 89.217928	 89.217928	
        99	 98.708692	 98.417668	 98.127207	 97.837592	   97.5491	 97.262006	  96.97658	 96.693087	 96.411789	 96.132939	 95.856784	 95.583564	 95.313509	 95.046843	 94.783778	 94.524517	 94.269254	 94.018172	  93.77144	 93.529219	 93.291658	 93.058893	 92.831048	 92.608237	 92.390558	 92.178101	 91.970942	 91.769143	 91.572759	 91.381827	 91.196379	 91.016429	 90.841986	 90.673045	 90.509591	 90.351598	 90.199034	 90.051854	 89.910006	 89.773429	 89.642056	 89.515811	  89.39461	 89.278366	 89.166984	 89.060363	 88.958401	 88.860987	 88.768009	  88.67935	 88.594894	 88.514517	 88.438098	 88.365512	 88.296633	 88.231336	 88.169494	 88.110981	 88.055673	 88.003443	 87.954169	 87.907728	 87.863999	 87.822865	 87.784209	 87.747917	 87.713876	  87.68198	  87.65212	 87.624196	 87.598105	 87.573752	 87.551043	 87.529887	 87.510198	  87.49189	 87.474885	 87.459104	 87.444474	 87.430923	 87.418385	 87.406794	 87.396091	 87.386215	 87.377113	 87.368731	  87.36102	 87.353934	 87.347427	 87.341459	  87.33599	 87.330983	 87.326404	  87.32222	   87.3184	 87.314917	 87.311744	 87.308855	 87.306229	 87.303843	 87.301677	 87.299714	 87.297936	 87.296327	 87.294872	 87.293558	 87.292372	 87.291304	 87.290341	 87.289475	 87.288697	 87.287998	 87.287371	 87.286809	 87.286306	 87.285857	 87.285454	 87.285095	 87.284775	  87.28449	 87.284236	  87.28401	  87.28381	 87.283632	 87.283474	 87.283334	  87.28321	 87.283101	 87.283004	 87.282919	 87.282843	 87.282777	 87.282719	 87.282667	 87.282622	 87.282583	 87.282548	 87.282518	 87.282492	 87.282468	 87.282448	 87.282431	 87.282415	 87.282402	  87.28239	  87.28238	 87.282371	 87.282364	 87.282357	 87.282351	 87.282346	 87.282342	 87.282338	 87.282335	 87.282332	  87.28233	 87.282328	 87.282326	 87.282325	 87.282324	 87.282322	 87.282322	 87.282321	  87.28232	 87.282319	 87.282319	 87.282319	 87.282318	 87.282318	 87.282318	 87.282317	 87.282317	 87.282317	 87.282317	 87.282317	 87.282317	 87.282317	 87.282317	 87.282316	 87.282316	 87.282316	 87.282316	 87.282316	 87.282316	 87.282316	 87.282316	 87.282316	 87.282316	 87.282316	 87.282316	 87.282316	 87.282316	 87.282316	 87.282316	 87.282316	 87.282316	 87.282316	 87.282316	 87.282316	
        99	 98.660852	 98.322033	 97.983871	 97.646693	 97.310823	  96.97658	 96.644278	 96.314229	 95.986734	 95.662089	 95.340582	 95.022491	 94.708086	 94.397626	 94.091358	  93.78952	 93.492336	 93.200019	 92.912767	 92.630767	 92.354192	   92.0832	 91.817937	 91.558534	 91.305107	 91.057758	 90.816578	 90.581639	 90.353002	 90.130715	  89.91481	 89.705308	 89.502217	 89.305531	 89.115233	 88.931294	 88.753674	 88.582323	  88.41718	 88.258174	 88.105225	 87.958247	 87.817142	 87.681807	 87.552133	 87.428003	 87.309295	 87.195883	 87.087635	 86.984417	  86.88609	 86.792514	 86.703544	 86.619037	 86.538847	 86.462826	 86.390828	 86.322706	 86.258314	 86.197507	 86.140141	 86.086073	 86.035163	 85.987274	 85.942269	 85.900017	 85.860386	 85.823251	 85.788488	 85.755977	 85.725602	  85.69725	 85.670811	 85.646181	 85.623258	 85.601944	 85.582146	 85.563773	  85.54674	 85.530964	 85.516367	 85.502873	 85.490411	 85.478914	 85.468317	 85.458558	 85.449581	 85.441331	 85.433756	 85.426808	 85.420441	 85.414612	  85.40928	 85.404409	 85.399962	 85.395907	 85.392212	  85.38885	 85.385792	 85.383014	 85.380493	 85.378207	 85.376137	 85.374263	  85.37257	  85.37104	  85.36966	 85.368415	 85.367295	 85.366287	 85.365381	 85.364567	 85.363837	 85.363183	 85.362598	 85.362074	 85.361606	 85.361188	 85.360815	 85.360483	 85.360187	 85.359924	 85.359691	 85.359483	   85.3593	 85.359137	 85.358993	 85.358865	 85.358753	 85.358653	 85.358566	 85.358489	 85.358421	 85.358361	 85.358309	 85.358263	 85.358222	 85.358187	 85.358156	 85.358129	 85.358106	 85.358085	 85.358067	 85.358052	 85.358038	 85.358026	 85.358016	 85.358007	    85.358	 85.357993	 85.357987	 85.357982	 85.357978	 85.357974	 85.357971	 85.357968	 85.357966	 85.357964	 85.357962	 85.357961	 85.357959	 85.357958	 85.357957	 85.357957	 85.357956	 85.357955	 85.357955	 85.357954	 85.357954	 85.357954	 85.357953	 85.357953	 85.357953	 85.357953	 85.357953	 85.357953	 85.357953	 85.357952	 85.357952	 85.357952	 85.357952	 85.357952	 85.357952	 85.357952	 85.357952	 85.357952	 85.357952	 85.357952	 85.357952	 85.357952	 85.357952	 85.357952	 85.357952	 85.357952	 85.357952	 85.357952	 85.357952	 85.357952	 85.357952	
        99	 98.613335	 98.227046	 97.841506	 97.457087	  97.07416	 96.693087	 96.314229	 95.937937	 95.564558	 95.194429	 94.827877	  94.46522	 94.106765	 93.752808	  93.40363	 93.059503	 92.720682	 92.387409	 92.059912	 91.738402	 91.423077	 91.114119	 90.811691	 90.515943	  90.22701	 89.945007	 89.670035	  89.40218	  89.14151	 88.888079	 88.641925	 88.403071	 88.171525	 87.947282	 87.730322	 87.520613	 87.318108	 87.122749	 86.934469	 86.753185	 86.578808	 86.411237	 86.250362	 86.096066	 85.948224	 85.806703	 85.671363	 85.542062	 85.418648	 85.300968	 85.188865	 85.082178	 84.980744	 84.884397	 84.792971	   84.7063	 84.624214	 84.546548	 84.473135	 84.403808	 84.338404	 84.276761	 84.218719	  84.16412	  84.11281	 84.064637	 84.019455	 83.977117	 83.937483	 83.900418	 83.865787	 83.833462	 83.803319	 83.775238	 83.749103	 83.724803	 83.702231	 83.681285	 83.661865	 83.643879	 83.627237	 83.611852	 83.597644	 83.584536	 83.572454	 83.561329	 83.551094	 83.541688	 83.533052	  83.52513	 83.517871	 83.511225	 83.505147	 83.499593	 83.494523	   83.4899	 83.485687	 83.481853	 83.478367	   83.4752	 83.472326	  83.46972	  83.46736	 83.465224	 83.463293	 83.461549	 83.459975	 83.458556	 83.457279	  83.45613	 83.455097	 83.454169	 83.453337	 83.452591	 83.451923	 83.451326	 83.450793	 83.450316	 83.449891	 83.449513	 83.449175	 83.448876	 83.448609	 83.448373	 83.448163	 83.447978	 83.447813	 83.447668	  83.44754	 83.447427	 83.447327	 83.447239	 83.447161	 83.447093	 83.447034	 83.446981	 83.446935	 83.446895	  83.44686	 83.446829	 83.446802	 83.446779	 83.446758	 83.446741	 83.446725	 83.446712	   83.4467	  83.44669	 83.446681	 83.446674	 83.446667	 83.446661	 83.446656	 83.446652	 83.446649	 83.446646	 83.446643	 83.446641	 83.446639	 83.446637	 83.446635	 83.446634	 83.446633	 83.446632	 83.446631	 83.446631	  83.44663	  83.44663	 83.446629	 83.446629	 83.446629	 83.446628	 83.446628	 83.446628	 83.446628	 83.446628	 83.446628	 83.446628	 83.446627	 83.446627	 83.446627	 83.446627	 83.446627	 83.446627	 83.446627	 83.446627	 83.446627	 83.446627	 83.446627	 83.446627	 83.446627	 83.446627	 83.446627	 83.446627	 83.446627	 83.446627	 83.446627	 83.446627	 83.446627	
        99	 98.566186	 98.132794	 97.700242	 97.268949	 96.839328	 96.411789	 95.986734	 95.564558	 95.145651	 94.730389	  94.31914	 93.912262	 93.510098	  93.11298	 92.721225	 92.335136	    91.955	 91.581089	 91.213658	 90.852944	  90.49917	 90.152537	 89.813232	 89.481422	 89.157257	 88.840867	 88.532366	  88.23185	 87.939395	 87.655061	 87.378892	 87.110912	 86.851133	 86.599546	 86.356131	  86.12085	 85.893652	 85.674472	 85.463233	 85.259845	 85.064204	   84.8762	 84.695709	 84.522599	 84.356729	 84.197951	 84.046109	 83.901041	 83.762578	 83.630549	 83.504777	  83.38508	 83.271277	 83.163182	 83.060609	 82.963369	 82.871274	 82.784138	 82.701772	 82.623992	 82.550613	 82.481453	 82.416334	 82.355077	 82.297511	 82.243464	 82.192772	 82.145271	 82.100805	  82.05922	 82.020366	   81.9841	 81.950281	 81.918776	 81.889455	 81.862192	 81.836868	 81.813367	 81.791579	   81.7714	 81.752728	 81.735468	 81.719528	 81.704821	 81.691266	 81.678784	 81.667301	 81.656748	 81.647059	 81.638171	 81.630027	  81.62257	 81.615751	  81.60952	 81.603832	 81.598645	 81.593919	 81.589618	 81.585706	 81.582153	 81.578928	 81.576005	 81.573356	  81.57096	 81.568794	 81.566837	 81.565071	  81.56348	 81.562047	 81.560757	 81.559598	 81.558557	 81.557624	 81.556787	 81.556038	 81.555368	 81.554769	 81.554235	 81.553758	 81.553333	 81.552955	 81.552619	  81.55232	 81.552055	  81.55182	 81.551611	 81.551427	 81.551264	  81.55112	 81.550993	 81.550881	 81.550782	 81.550695	 81.550619	 81.550552	 81.550493	 81.550442	 81.550396	 81.550357	 81.550322	 81.550292	 81.550266	 81.550243	 81.550223	 81.550206	 81.550191	 81.550178	 81.550166	 81.550157	 81.550148	 81.550141	 81.550134	 81.550129	 81.550124	  81.55012	 81.550117	 81.550113	 81.550111	 81.550109	 81.550107	 81.550105	 81.550104	 81.550103	 81.550102	 81.550101	   81.5501	 81.550099	 81.550099	 81.550098	 81.550098	 81.550098	 81.550097	 81.550097	 81.550097	 81.550097	 81.550097	 81.550096	 81.550096	 81.550096	 81.550096	 81.550096	 81.550096	 81.550096	 81.550096	 81.550096	 81.550096	 81.550096	 81.550096	 81.550096	 81.550096	 81.550096	 81.550096	 81.550096	 81.550096	 81.550096	 81.550096	 81.550096	 81.550096	 81.550096	
        99	 98.519448	 98.039362	 97.560208	 97.082448	 96.606541	 96.132939	 95.662089	 95.194429	 94.730389	 94.270387	 93.814831	 93.364117	 92.918624	 92.478721	 92.044759	 91.617074	 91.195982	 90.781787	 90.374769	 89.975192	 89.583303	 89.199325	 88.823463	 88.455905	 88.096814	 87.746337	 87.404599	 87.071705	 86.747741	 86.432774	 86.126851	     85.83	 85.542232	  85.26354	   84.9939	  84.73327	 84.481594	   84.2388	 84.004802	 83.779501	 83.562783	 83.354523	 83.154586	 82.962826	 82.779085	 82.603201	 82.434999	 82.274302	 82.120921	 81.974668	 81.835345	 81.702753	 81.576689	 81.456948	 81.343323	 81.235606	  81.13359	 81.037066	 80.945826	 80.859666	 80.778382	 80.701771	 80.629635	 80.561779	  80.49801	 80.438141	 80.381987	 80.329369	 80.280112	 80.234046	 80.191007	 80.150833	 80.113371	 80.078472	 80.045991	 80.015791	 79.987739	 79.961706	 79.937571	 79.915218	 79.894534	 79.875414	 79.857757	 79.841466	  79.82645	 79.812623	 79.799903	 79.788213	  79.77748	 79.767635	 79.758613	 79.750353	 79.742799	 79.735897	 79.729596	  79.72385	 79.718615	  79.71385	 79.709518	 79.705582	  79.70201	 79.698771	 79.695837	 79.693183	 79.690783	 79.688615	 79.686659	 79.684897	 79.683309	 79.681881	 79.680597	 79.679444	  79.67841	 79.677483	 79.676653	 79.675911	 79.675248	 79.674655	 79.674127	 79.673657	 79.673238	 79.672865	 79.672534	 79.672241	  79.67198	 79.671749	 79.671545	 79.671364	 79.671205	 79.671064	  79.67094	 79.670831	 79.670735	  79.67065	 79.670576	 79.670511	 79.670454	 79.670404	  79.67036	 79.670322	 79.670288	 79.670259	 79.670234	 79.670212	 79.670193	 79.670176	 79.670161	 79.670149	 79.670138	 79.670128	  79.67012	 79.670113	 79.670107	 79.670102	 79.670097	 79.670094	  79.67009	 79.670087	 79.670085	 79.670083	 79.670081	 79.670079	 79.670078	 79.670077	 79.670076	 79.670075	 79.670074	 79.670074	 79.670073	 79.670073	 79.670073	 79.670072	 79.670072	 79.670072	 79.670072	 79.670071	 79.670071	 79.670071	 79.670071	 79.670071	 79.670071	 79.670071	 79.670071	 79.670071	 79.670071	 79.670071	 79.670071	 79.670071	 79.670071	 79.670071	 79.670071	 79.670071	 79.670071	 79.670071	 79.670071	 79.670071	 79.670071	 79.670071	 79.670071	
        99	 98.473161	 97.946834	 97.421528	  96.89775	 96.376003	 95.856784	 95.340582	 94.827877	  94.31914	 93.814831	 93.315396	 92.821269	 92.332867	 91.850593	 91.374832	 90.905951	 90.444301	  89.99021	 89.543988	 89.105924	 88.676288	 88.255325	 87.843261	 87.440299	 87.046621	 86.662386	 86.287732	 85.922774	 85.567606	 85.222301	 84.886911	 84.561468	 84.245982	 83.940447	 83.644834	 83.359101	 83.083184	 82.817004	 82.560468	 82.313465	 82.075873	 81.847554	 81.628359	 81.418128	  81.21669	 81.023864	 80.839462	 80.663286	 80.495132	 80.334791	 80.182049	 80.036686	 79.898479	 79.767205	 79.642636	 79.524544	 79.412701	  79.30688	 79.206852	 79.112394	  79.02328	  78.93929	 78.860206	 78.785814	 78.715903	 78.650267	 78.588705	 78.531019	 78.477017	 78.426515	 78.379329	 78.335286	 78.294216	 78.255955	 78.220346	 78.187237	 78.156482	 78.127942	 78.101483	 78.076976	   78.0543	 78.033339	 78.013981	 77.996121	 77.979659	   77.9645	 77.950555	 77.937739	 77.925972	 77.915179	 77.905288	 77.896233	 77.887951	 77.880384	 77.873476	 77.867177	 77.861437	 77.856214	 77.851463	 77.847148	 77.843232	 77.839682	 77.836466	 77.833555	 77.830924	 77.828548	 77.826404	 77.824471	  77.82273	 77.821164	 77.819757	 77.818493	 77.817359	 77.816343	 77.815434	  77.81462	 77.813893	 77.813243	 77.812664	 77.812149	 77.811689	 77.811281	 77.810918	 77.810596	  77.81031	 77.810057	 77.809834	 77.809636	 77.809461	 77.809306	  77.80917	 77.809051	 77.808945	 77.808852	 77.808771	   77.8087	 77.808637	 77.808582	 77.808534	 77.808492	 77.808456	 77.808424	 77.808396	 77.808372	 77.808351	 77.808332	 77.808317	 77.808303	 77.808291	  77.80828	 77.808272	 77.808264	 77.808257	 77.808251	 77.808246	 77.808242	 77.808239	 77.808235	 77.808233	  77.80823	 77.808228	 77.808227	 77.808225	 77.808224	 77.808223	 77.808222	 77.808221	 77.808221	  77.80822	  77.80822	 77.808219	 77.808219	 77.808219	 77.808218	 77.808218	 77.808218	 77.808218	 77.808218	 77.808218	 77.808218	 77.808217	 77.808217	 77.808217	 77.808217	 77.808217	 77.808217	 77.808217	 77.808217	 77.808217	 77.808217	 77.808217	 77.808217	 77.808217	 77.808217	 77.808217	 77.808217	 77.808217	 77.808217	 77.808217	
        99	 98.427366	 97.855288	 97.284321	 96.715014	 96.147915	 95.583564	 95.022491	  94.46522	 93.912262	 93.364117	 92.821269	  92.28419	 91.753334	 91.229139	 90.712023	 90.202386	 89.700607	 89.207044	 88.722035	 88.245894	 87.778911	 87.321357	 86.873475	 86.435486	 86.007588	 85.589954	 85.182733	 84.786052	 84.400011	 84.024691	 83.660148	 83.306416	 82.963507	 82.631413	 82.310105	 81.999535	 81.699634	 81.410317	 81.131482	 80.863009	 80.604764	 80.356599	 80.118351	 79.889846	 79.670898	 79.461311	  79.26088	  79.06939	  78.88662	 78.712342	 78.546322	 78.388324	 78.238104	 78.095419	 77.960022	 77.831665	 77.710101	 77.595081	 77.486359	 77.383689	 77.286829	 77.195538	  77.10958	 77.028722	 76.952734	 76.881393	 76.814479	 76.751779	 76.693084	 76.638191	 76.586904	 76.539033	 76.494393	 76.452806	 76.414102	 76.378115	 76.344687	 76.313666	 76.284907	  76.25827	 76.233623	 76.210839	 76.189799	 76.170386	 76.152493	 76.136017	  76.12086	  76.10693	  76.09414	 76.082408	 76.071658	 76.061815	 76.052814	 76.044589	 76.037081	 76.030234	 76.023996	 76.018318	 76.013155	 76.008465	 76.004208	 76.000349	 75.996853	  75.99369	  75.99083	 75.988247	 75.985917	 75.983816	 75.981924	 75.980222	 75.978692	 75.977319	 75.976086	 75.974982	 75.973993	 75.973109	 75.972318	 75.971613	 75.970983	 75.970423	 75.969923	  75.96948	 75.969085	 75.968735	 75.968425	  75.96815	 75.967906	 75.967691	 75.967501	 75.967333	 75.967186	 75.967055	 75.966941	  75.96684	 75.966752	 75.966674	 75.966606	 75.966546	 75.966494	 75.966449	 75.966409	 75.966374	 75.966344	 75.966318	 75.966295	 75.966275	 75.966258	 75.966243	  75.96623	 75.966218	 75.966209	   75.9662	 75.966193	 75.966187	 75.966181	 75.966177	 75.966173	 75.966169	 75.966166	 75.966164	 75.966162	  75.96616	 75.966158	 75.966157	 75.966156	 75.966155	 75.966154	 75.966153	 75.966153	 75.966152	 75.966152	 75.966151	 75.966151	 75.966151	 75.966151	  75.96615	  75.96615	  75.96615	  75.96615	  75.96615	  75.96615	  75.96615	  75.96615	  75.96615	  75.96615	  75.96615	  75.96615	  75.96615	  75.96615	  75.96615	 75.966149	 75.966149	 75.966149	 75.966149	 75.966149	 75.966149	 75.966149	 75.966149	 75.966149	
        99	 98.382102	 97.764804	 97.148704	 96.534396	  95.92247	 95.313509	 94.708086	 94.106765	 93.510098	 92.918624	 92.332867	 91.753334	 91.180517	 90.614886	 90.056894	 89.506972	  88.96553	 88.432953	 87.909606	 87.395828	 86.891933	 86.398211	 85.914926	 85.442316	 84.980594	 84.529948	 84.090538	 83.662501	 83.245946	 82.840958	   82.4476	 82.065906	 81.695892	 81.337548	 80.990842	 80.655722	 80.332116	  80.01993	 79.719054	 79.429359	 79.150701	  78.88292	 78.625839	 78.379272	 78.143018	 77.916864	 77.700589	 77.493963	 77.296746	 77.108692	 76.929549	 76.759062	 76.596968	 76.443004	 76.296904	 76.158402	 76.027228	 75.903117	   75.7858	 75.675015	 75.570499	 75.471992	  75.37924	  75.29199	 75.209996	 75.133015	 75.060812	 74.993156	 74.929821	  74.87059	 74.815249	 74.763593	 74.715425	 74.670551	 74.628787	 74.589956	 74.553885	 74.520412	  74.48938	 74.460638	 74.434043	 74.409458	 74.386754	 74.365807	   74.3465	 74.328721	 74.312366	 74.297335	 74.283534	 74.270875	 74.259275	 74.248655	 74.238941	 74.230066	 74.221965	 74.214576	 74.207845	 74.201719	 74.196148	 74.191087	 74.186494	  74.18233	 74.178558	 74.175144	 74.172058	 74.169271	 74.166757	  74.16449	 74.162448	 74.160612	 74.158961	 74.157479	 74.156149	 74.154957	  74.15389	 74.152936	 74.152083	 74.151322	 74.150643	 74.150038	 74.149499	  74.14902	 74.148594	 74.148217	 74.147882	 74.147585	 74.147322	  74.14709	 74.146885	 74.146704	 74.146545	 74.146404	  74.14628	 74.146172	 74.146076	 74.145993	 74.145919	 74.145855	 74.145799	  74.14575	 74.145707	 74.145669	 74.145637	 74.145608	 74.145583	 74.145562	 74.145543	 74.145527	 74.145513	 74.145501	 74.145491	 74.145481	 74.145474	 74.145467	 74.145461	 74.145456	 74.145452	 74.145448	 74.145445	 74.145442	  74.14544	 74.145438	 74.145436	 74.145435	 74.145434	 74.145433	 74.145432	 74.145431	  74.14543	  74.14543	 74.145429	 74.145429	 74.145428	 74.145428	 74.145428	 74.145428	 74.145428	 74.145427	 74.145427	 74.145427	 74.145427	 74.145427	 74.145427	 74.145427	 74.145427	 74.145427	 74.145427	 74.145427	 74.145427	 74.145427	 74.145427	 74.145427	 74.145427	 74.145427	 74.145427	 74.145427	 74.145427	 74.145427	 74.145427	
        99	 98.337406	 97.675455	 97.014788	 96.356044	 95.699854	 95.046843	 94.397626	 93.752808	  93.11298	 92.478721	 91.850593	 91.229139	 90.614886	  90.00834	 89.409985	 88.820284	 88.239676	 87.668575	 87.107371	 86.556428	 86.016083	 85.486647	 84.968403	 84.461607	 83.966486	 83.483242	 83.012047	 82.553047	  82.10636	 81.672077	 81.250264	 80.840961	 80.444182	 80.059916	 79.688131	  79.32877	 78.981755	 78.646987	 78.324347	 78.013697	 77.714882	  77.42773	 77.152054	 76.887651	 76.634307	 76.391794	 76.159875	 75.938303	 75.726819	 75.525162	 75.333062	 75.150241	 74.976422	 74.811322	 74.654654	 74.506133	 74.365471	 74.232381	 74.106579	  73.98778	 73.875703	 73.770071	 73.670609	 73.577048	 73.489123	 73.406574	 73.329149	 73.256598	 73.188682	 73.125166	 73.065822	  73.01043	 72.958777	 72.910658	 72.865873	 72.824232	 72.785553	 72.749659	 72.716381	  72.68556	 72.657041	 72.630678	 72.606332	  72.58387	 72.563166	 72.544102	 72.526563	 72.510445	 72.495646	 72.482071	 72.469632	 72.458243	 72.447827	  72.43831	 72.429623	   72.4217	 72.414482	 72.407912	 72.401938	 72.396511	 72.391586	 72.387121	 72.383076	 72.379416	 72.376106	 72.373118	 72.370421	  72.36799	 72.365801	 72.363832	 72.362062	 72.360472	 72.359046	 72.357769	 72.356624	 72.355601	 72.354686	  72.35387	 72.353142	 72.352493	 72.351915	 72.351402	 72.350945	  72.35054	 72.350181	 72.349863	 72.349581	 72.349332	 72.349112	 72.348918	 72.348747	 72.348597	 72.348464	 72.348347	 72.348245	 72.348155	 72.348077	 72.348008	 72.347947	 72.347895	 72.347849	 72.347808	 72.347773	 72.347743	 72.347717	 72.347693	 72.347674	 72.347656	 72.347641	 72.347628	 72.347617	 72.347607	 72.347599	 72.347592	 72.347585	  72.34758	 72.347575	 72.347571	 72.347568	 72.347565	 72.347563	 72.347561	 72.347559	 72.347557	 72.347556	 72.347555	 72.347554	 72.347553	 72.347552	 72.347552	 72.347551	 72.347551	  72.34755	  72.34755	  72.34755	  72.34755	 72.347549	 72.347549	 72.347549	 72.347549	 72.347549	 72.347549	 72.347549	 72.347549	 72.347549	 72.347549	 72.347549	 72.347549	 72.347549	 72.347548	 72.347548	 72.347548	 72.347548	 72.347548	 72.347548	 72.347548	 72.347548	 72.347548	 72.347548	
        99	 98.293313	 97.587312	 96.882681	   96.1801	 95.480244	 94.783778	 94.091358	  93.40363	 92.721225	 92.044759	 91.374832	 90.712023	 90.056894	 89.409985	 88.771812	 88.142869	 87.523624	 86.914519	  86.31597	 85.728364	 85.152062	 84.587394	 84.034663	 83.494142	 82.966073	 82.450671	 81.948121	 81.458576	 80.982164	 80.518982	   80.0691	 79.632559	 79.209376	 78.799539	 78.403014	 78.019739	 77.649632	 77.292586	 76.948476	 76.617154	 76.298454	 75.992194	 75.698172	 75.416175	 75.145972	 74.887321	 74.639969	 74.403652	 74.178095	 73.963019	 73.758135	 73.563149	 73.377763	 73.201676	 73.034583	 72.876178	 72.726155	  72.58421	 72.450036	 72.323332	 72.203797	 72.091135	 71.985055	 71.885268	 71.791492	  71.70345	 71.620872	 71.543493	 71.471058	 71.403315	 71.340022	 71.280944	 71.225854	 71.174532	 71.126767	 71.082356	 71.041103	  71.00282	 70.967328	 70.934456	 70.904039	 70.875922	 70.849956	 70.825999	 70.803917	 70.783584	 70.764879	 70.747688	 70.731904	 70.717426	 70.704158	 70.692012	 70.680903	 70.670753	 70.661487	 70.653037	 70.645339	 70.638332	 70.631961	 70.626173	  70.62092	 70.616157	 70.611843	 70.607939	  70.60441	 70.601222	 70.598346	 70.595754	 70.593419	 70.591319	 70.589431	 70.587735	 70.586215	 70.584852	 70.583631	  70.58254	 70.581564	 70.580694	 70.579917	 70.579225	 70.578609	 70.578061	 70.577574	 70.577142	 70.576759	  70.57642	  70.57612	 70.575854	  70.57562	 70.575413	  70.57523	 70.575069	 70.574928	 70.574804	 70.574694	 70.574599	 70.574515	 70.574441	 70.574377	 70.574321	 70.574272	 70.574229	 70.574191	 70.574159	 70.574131	 70.574106	 70.574085	 70.574066	  70.57405	 70.574036	 70.574024	 70.574014	 70.574005	 70.573997	 70.573991	 70.573985	  70.57398	 70.573976	 70.573972	 70.573969	 70.573967	 70.573964	 70.573962	 70.573961	 70.573959	 70.573958	 70.573957	 70.573956	 70.573955	 70.573955	 70.573954	 70.573954	 70.573953	 70.573953	 70.573953	 70.573953	 70.573952	 70.573952	 70.573952	 70.573952	 70.573952	 70.573952	 70.573952	 70.573952	 70.573952	 70.573952	 70.573952	 70.573952	 70.573952	 70.573951	 70.573951	 70.573951	 70.573951	 70.573951	 70.573951	 70.573951	 70.573951	 70.573951	 70.573951	
        99	 98.249858	 97.500444	 96.752485	 96.006702	  95.26381	 94.524517	  93.78952	 93.059503	 92.335136	 91.617074	 90.905951	 90.202386	 89.506972	 88.820284	 88.142869	 87.475252	 86.817929	 86.171369	 85.536014	 84.912276	 84.300536	 83.701147	 83.114428	 82.540669	 81.980129	 81.433035	 80.899581	 80.379934	 79.874227	 79.382564	 78.905018	 78.441634	 77.992429	 77.557391	 77.136483	  76.72964	 76.336774	 75.957774	 75.592504	 75.240808	 74.902512	 74.577419	 74.265318	  73.96598	 73.679162	 73.404607	 73.142045	 72.891196	  72.65177	 72.423469	 72.205986	 71.999011	 71.802225	  71.61531	 71.437942	 71.269797	  71.11055	 70.959876	 70.817452	 70.682956	 70.556071	 70.436482	 70.323878	 70.217955	 70.118413	 70.024957	 69.937302	 69.855165	 69.778276	 69.706367	 69.639182	 69.576472	 69.517994	 69.463517	 69.412815	 69.365672	 69.321882	 69.281245	 69.243571	 69.208678	 69.176391	 69.146545	 69.118982	 69.093552	 69.070112	 69.048529	 69.028673	 69.010425	 68.993671	 68.978303	  68.96422	 68.951327	 68.939535	  68.92876	 68.918925	 68.909955	 68.901783	 68.894346	 68.887582	 68.881438	 68.875862	 68.870807	 68.866228	 68.862084	 68.858337	 68.854954	 68.851901	 68.849149	 68.846671	 68.844441	 68.842437	 68.840638	 68.839023	 68.837577	 68.836281	 68.835123	 68.834087	 68.833163	 68.832338	 68.831604	  68.83095	 68.830369	 68.829852	 68.829393	 68.828987	 68.828627	 68.828308	 68.828026	 68.827777	 68.827557	 68.827363	 68.827193	 68.827043	 68.826911	 68.826795	 68.826693	 68.826604	 68.826526	 68.826458	 68.826398	 68.826346	 68.826301	 68.826261	 68.826226	 68.826196	  68.82617	 68.826148	 68.826128	 68.826111	 68.826096	 68.826084	 68.826073	 68.826063	 68.826055	 68.826048	 68.826042	 68.826037	 68.826032	 68.826028	 68.826025	 68.826022	  68.82602	 68.826018	 68.826016	 68.826015	 68.826013	 68.826012	 68.826011	  68.82601	  68.82601	 68.826009	 68.826009	 68.826008	 68.826008	 68.826008	 68.826007	 68.826007	 68.826007	 68.826007	 68.826007	 68.826007	 68.826007	 68.826007	 68.826006	 68.826006	 68.826006	 68.826006	 68.826006	 68.826006	 68.826006	 68.826006	 68.826006	 68.826006	 68.826006	 68.826006	 68.826006	 68.826006	 68.826006	 68.826006	
        99	 98.207073	 97.414916	 96.624296	 95.835976	 95.050713	 94.269254	 93.492336	 92.720682	    91.955	 91.195982	 90.444301	 89.700607	  88.96553	 88.239676	 87.523624	 86.817929	 86.123115	 85.439678	 84.768085	 84.108772	 83.462141	 82.828564	 82.208382	 81.601898	 81.009387	 80.431089	  79.86721	 79.317925	 78.783374	 78.263668	 77.758885	 77.269072	 76.794246	 76.334396	  75.88948	 75.459433	  75.04416	 74.643543	  74.25744	 73.885685	 73.528094	 73.184459	 72.854558	 72.538147	  72.23497	 71.944756	 71.667218	 71.402062	 71.148981	 70.907658	 70.677771	  70.45899	 70.250981	 70.053405	 69.865921	 69.688186	 69.519856	 69.360588	 69.210041	 69.067875	 68.933753	 68.807343	 68.688317	 68.576352	 68.471133	 68.372347	 68.279692	 68.192871	 68.111596	 68.035586	 67.964569	 67.898282	 67.836469	 67.778884	 67.725291	  67.67546	 67.629172	 67.586217	 67.546395	 67.509511	 67.475383	 67.443834	 67.414699	 67.387819	 67.363043	 67.340228	  67.31924	 67.299951	 67.282241	 67.265996	  67.25111	 67.237482	 67.225017	 67.213628	 67.203232	 67.193751	 67.185113	 67.177251	 67.170102	 67.163608	 67.157714	  67.15237	 67.147529	 67.143149	 67.139189	 67.135613	 67.132386	 67.129477	 67.126857	   67.1245	 67.122382	  67.12048	 67.118773	 67.117244	 67.115875	  67.11465	 67.113556	 67.112579	 67.111707	 67.110931	  67.11024	 67.109625	 67.109079	 67.108594	 67.108164	 67.107784	 67.107447	 67.107149	 67.106886	 67.106653	 67.106449	 67.106268	  67.10611	  67.10597	 67.105848	  67.10574	 67.105646	 67.105563	 67.105491	 67.105428	 67.105373	 67.105325	 67.105283	 67.105247	 67.105215	 67.105188	 67.105164	 67.105143	 67.105125	 67.105109	 67.105096	 67.105084	 67.105074	 67.105066	 67.105058	 67.105052	 67.105046	 67.105042	 67.105037	 67.105034	 67.105031	 67.105028	 67.105026	 67.105024	 67.105023	 67.105021	  67.10502	 67.105019	 67.105018	 67.105018	 67.105017	 67.105017	 67.105016	 67.105016	 67.105016	 67.105015	 67.105015	 67.105015	 67.105015	 67.105015	 67.105014	 67.105014	 67.105014	 67.105014	 67.105014	 67.105014	 67.105014	 67.105014	 67.105014	 67.105014	 67.105014	 67.105014	 67.105014	 67.105014	 67.105014	 67.105014	 67.105014	 67.105014	 67.105014	
