Time step 63:
        99	        99	        99	        99	        99	        99	        99	        99	        99	        99	        99	        99	        99	        99	        99	        99	        99	        99	        99	        99	        99	        99	        99	        99	        99	        99	        99	        99	        99	        99	        99	        99	        99	        99	        99	        99	        99	        99	        99	        99	        99	        99	        99	        99	        99	        99	        99	        99	        99	        99	        99	        99	        99	        99	        99	        99	        99	        99	        99	        99	        99	        99	        99	        99	        99	        99	        99	        99	        99	        99	        99	        99	        99	        99	        99	        99	        99	        99	        99	        99	        99	        99	        99	        99	        99	        99	        99	        99	        99	        99	        99	        99	        99	        99	        99	        99	        99	        99	        99	        99	        99	        99	        99	        99	        99	        99	        99	        99	        99	        99	        99	        99	        99	        99	        99	        99	        99	        99	        99	        99	        99	        99	        99	        99	        99	        99	        99	        99	        99	        99	        99	        99	        99	        99	        99	        99	        99	        99	        99	        99	        99	        99	        99	        99	        99	        99	        99	        99	        99	        99	        99	        99	        99	        99	        99	        99	        99	        99	        99	        99	        99	        99	        99	        99	        99	        99	        99	        99	        99	        99	        99	        99	        99	        99	        99	        99	        99	        99	        99	        99	        99	        99	        99	        99	        99	        99	        99	        99	        99	        99	        99	        99	        99	        99	        99	        99	        99	        99	        99	        99	
        99	 98.989922	 98.979845	 98.969773	 98.959706	 98.949648	   98.9396	 98.929564	 98.919542	 98.909536	 98.899548	  98.88958	 98.879634	 98.869711	 98.859815	 98.849946	 98.840107	   98.8303	 98.820526	 98.810787	 98.801085	 98.791422	 98.781799	 98.772219	 98.762683	 98.753193	  98.74375	 98.734356	 98.725013	 98.715722	 98.706485	 98.697303	 98.688178	 98.679112	 98.670105	  98.66116	 98.652277	 98.643457	 98.634703	 98.626016	 98.617396	 98.608845	 98.600364	 98.591954	 98.583616	 98.575351	 98.567161	 98.559045	 98.551006	 98.543044	 98.535159	 98.527354	 98.519627	 98.511981	 98.504415	 98.496931	 98.489529	  98.48221	 98.474973	 98.467821	 98.460752	 98.453768	 98.446869	 98.440055	 98.433326	 98.426683	 98.420127	 98.413656	 98.407272	 98.400974	 98.394762	 98.388638	 98.382599	 98.376647	 98.370782	 98.365003	 98.359311	 98.353704	 98.348183	 98.342748	 98.337398	 98.332134	 98.326954	 98.321859	 98.316847	  98.31192	 98.307076	 98.302314	 98.297635	 98.293038	 98.288522	 98.284087	 98.279732	 98.275456	  98.27126	 98.267142	 98.263102	 98.259139	 98.255252	 98.251441	 98.247705	 98.244043	 98.240454	 98.236939	 98.233495	 98.230122	  98.22682	 98.223587	 98.220424	 98.217328	 98.214299	 98.211336	 98.208438	 98.205606	 98.202836	  98.20013	 98.197486	 98.194902	 98.192379	 98.189915	 98.187509	 98.185161	 98.182869	 98.180633	 98.178452	 98.176325	 98.174251	 98.172229	 98.170258	 98.168338	 98.166468	 98.164646	 98.162871	 98.161144	 98.159463	 98.157827	 98.156235	 98.154688	 98.153182	 98.151719	 98.150297	 98.148915	 98.147573	 98.146269	 98.145003	 98.143775	 98.142583	 98.141426	 98.140305	 98.139217	 98.138164	 98.137143	 98.136154	 98.135196	  98.13427	 98.133373	 98.132506	 98.131667	 98.130857	 98.130075	 98.129319	  98.12859	 98.127887	 98.127209	 98.126556	 98.125927	 98.125322	  98.12474	 98.124181	 98.123644	 98.123129	 98.122636	 98.122163	 98.121711	 98.121279	 98.120867	 98.120474	   98.1201	 98.119745	 98.119408	  98.11909	 98.118789	 98.118506	 98.118239	  98.11799	 98.117758	 98.117542	 98.117342	 98.117159	 98.116991	 98.116839	 98.116703	 98.116582	 98.116477	 98.116386	 98.116311	 98.116251	 98.116207	 98.116177	 98.116162	
        99	 98.979845	 98.959694	 98.939551	 98.919421	 98.899306	 98.879212	 98.859141	 98.839099	 98.819089	 98.799115	 98.779181	 98.759291	 98.739449	 98.719658	 98.699923	 98.680247	 98.660634	 98.641088	 98.621612	  98.60221	 98.582886	 98.563642	 98.544484	 98.525414	 98.506435	 98.487551	 98.468765	 98.450081	 98.431501	 98.413028	 98.394667	 98.376419	 98.358288	 98.340276	 98.322387	 98.304623	 98.286986	  98.26948	 98.252107	 98.234869	 98.217768	 98.200807	 98.183989	 98.167315	 98.150787	 98.134408	 98.118179	 98.102102	 98.086179	 98.070412	 98.054802	  98.03935	 98.024059	  98.00893	 97.993963	  97.97916	 97.964523	 97.950052	 97.935748	 97.921612	 97.907645	 97.893848	 97.880221	 97.866766	 97.853481	 97.840369	 97.827429	 97.814662	 97.802067	 97.789646	 97.777398	 97.765322	  97.75342	  97.74169	 97.730134	 97.718749	 97.707537	 97.696497	 97.685628	 97.674929	 97.664401	 97.654043	 97.643853	 97.633832	 97.623978	  97.61429	 97.604768	 97.595411	 97.586217	 97.577186	 97.568317	 97.559608	 97.551058	 97.542666	 97.534431	 97.526351	 97.518426	 97.510653	 97.503032	  97.49556	 97.488237	 97.481061	  97.47403	 97.467143	 97.460399	 97.453795	 97.447331	 97.441003	 97.434812	 97.428755	  97.42283	 97.417036	  97.41137	 97.405833	  97.40042	 97.395132	 97.389965	 97.384919	 97.379992	 97.375181	 97.370485	 97.365902	 97.361431	 97.357069	 97.352815	 97.348667	 97.344624	 97.340683	 97.336843	 97.333102	 97.329458	  97.32591	 97.322456	 97.319094	 97.315823	  97.31264	 97.309544	 97.306534	 97.303608	 97.300764	    97.298	 97.295316	 97.292709	 97.290178	 97.287721	 97.285337	 97.283024	 97.280781	 97.278607	   97.2765	 97.274458	  97.27248	 97.270566	 97.268713	 97.266919	 97.265185	 97.263509	 97.261889	 97.260324	 97.258813	 97.257355	 97.255949	 97.254593	 97.253287	  97.25203	 97.250819	 97.249656	 97.248538	 97.247464	 97.246434	 97.245447	 97.244502	 97.243598	 97.242734	  97.24191	 97.241124	 97.240377	 97.239667	 97.238993	 97.238356	 97.237754	 97.237188	 97.236655	 97.236157	 97.235692	  97.23526	 97.234861	 97.234494	 97.234159	 97.233855	 97.233583	 97.233341	  97.23313	  97.23295	   97.2328	  97.23268	  97.23259	 97.232531	 97.232501	
        99	 98.969773	 98.939551	 98.909342	 98.879151	 98.848984	 98.818848	 98.788747	 98.758689	 98.728679	 98.698723	 98.668827	 98.638997	 98.609239	 98.579557	  98.54996	 98.520451	 98.491036	 98.461721	 98.432512	 98.403414	 98.374433	 98.345573	  98.31684	 98.288239	 98.259776	 98.231455	 98.203281	 98.175259	 98.147393	  98.11969	 98.092152	 98.064785	 98.037593	  98.01058	  97.98375	 97.957108	 97.930658	 97.904403	 97.878347	 97.852494	 97.826848	 97.801411	 97.776188	 97.751181	 97.726394	 97.701829	 97.677489	 97.653378	 97.629498	 97.605851	 97.582439	 97.559266	 97.536333	 97.513643	 97.491196	 97.468996	 97.447044	  97.42534	 97.403888	 97.382688	 97.361741	 97.341049	 97.320613	 97.300432	 97.280509	 97.260844	 97.241438	  97.22229	 97.203401	 97.184772	 97.166403	 97.148293	 97.130442	 97.112851	 97.095519	 97.078445	  97.06163	 97.045072	 97.028771	 97.012726	 96.996937	 96.981401	 96.966119	  96.95109	 96.936311	 96.921782	 96.907501	 96.893468	  96.87968	 96.866136	 96.852834	 96.839772	  96.82695	 96.814364	 96.802013	 96.789896	  96.77801	 96.766353	 96.754922	 96.743717	 96.732734	 96.721972	 96.711428	 96.701099	 96.690984	  96.68108	 96.671385	 96.661895	  96.65261	 96.643525	  96.63464	  96.62595	 96.617454	 96.609148	 96.601031	   96.5931	 96.585351	 96.577783	 96.570393	 96.563178	 96.556135	 96.549262	 96.542556	 96.536015	 96.529635	 96.523415	  96.51735	  96.51144	 96.505681	 96.500071	 96.494606	 96.489285	 96.484104	 96.479062	 96.474156	 96.469383	  96.46474	 96.460226	 96.455837	 96.451571	 96.447427	 96.443401	 96.439491	 96.435695	  96.43201	 96.428435	 96.424966	 96.421603	 96.418342	 96.415181	 96.412119	 96.409153	 96.406282	 96.403502	 96.400813	 96.398213	 96.395698	 96.393269	 96.390922	 96.388656	 96.386469	  96.38436	 96.382327	 96.380368	 96.378482	 96.376667	 96.374922	 96.373245	 96.371635	  96.37009	  96.36861	 96.367192	 96.365836	 96.364541	 96.363305	 96.362127	 96.361006	 96.359941	 96.358931	 96.357975	 96.357073	 96.356223	 96.355425	 96.354677	  96.35398	 96.353333	 96.352734	 96.352183	  96.35168	 96.351225	 96.350816	 96.350454	 96.350138	 96.349867	 96.349642	 96.349463	 96.349328	 96.349238	 96.349194	
        99	 98.959706	 98.919421	 98.879151	 98.838906	 98.798693	  98.75852	 98.718396	 98.678327	 98.638323	 98.598391	 98.558539	 98.518775	 98.479106	 98.439541	 98.400086	  98.36075	  98.32154	 98.282463	 98.243527	 98.204738	 98.166105	 98.127635	 98.089333	 98.051208	 98.013265	 97.975512	 97.937956	 97.900602	 97.863457	 97.826527	 97.789819	 97.753338	  97.71709	 97.681081	 97.645317	 97.609803	 97.574544	 97.539546	 97.504813	  97.47035	 97.436163	 97.402255	 97.368632	 97.335297	 97.302255	 97.269509	 97.237064	 97.204924	 97.173091	 97.141569	 97.110361	 97.079471	   97.0489	 97.018653	 96.988732	 96.959138	 96.929875	 96.900945	 96.872348	 96.844088	 96.816166	 96.788582	  96.76134	 96.734439	 96.707882	 96.681668	 96.655798	 96.630274	 96.605095	 96.580262	 96.555775	 96.531634	 96.507839	 96.484389	 96.461285	 96.438526	  96.41611	 96.394038	 96.372309	 96.350921	 96.329873	 96.309164	 96.288793	 96.268758	 96.249058	  96.22969	 96.210654	 96.191947	 96.173567	 96.155512	 96.137781	 96.120369	 96.103277	   96.0865	 96.070036	 96.053883	 96.038039	 96.022499	 96.007263	 95.992326	 95.977685	 95.963339	 95.949283	 95.935515	 95.922032	 95.908829	 95.895905	 95.883256	 95.870878	 95.858768	 95.846923	  95.83534	 95.824014	 95.812943	 95.802122	  95.79155	 95.781221	 95.771133	 95.761281	 95.751663	 95.742275	 95.733113	 95.724174	 95.715454	  95.70695	 95.698658	 95.690574	 95.682696	 95.675019	  95.66754	 95.660255	 95.653162	 95.646257	 95.639535	 95.632995	 95.626632	 95.620443	 95.614426	 95.608575	 95.602889	 95.597365	 95.591998	 95.586786	 95.581725	 95.576814	 95.572048	 95.567424	 95.562941	 95.558594	 95.554381	 95.550299	 95.546345	 95.542517	 95.538812	 95.535228	 95.531761	 95.528409	  95.52517	 95.522042	 95.519022	 95.516107	 95.513295	 95.510585	 95.507974	  95.50546	 95.503041	 95.500714	 95.498479	 95.496333	 95.494273	   95.4923	  95.49041	 95.488603	 95.486876	 95.485228	 95.483657	 95.482163	 95.480744	 95.479398	 95.478124	 95.476921	 95.475788	 95.474724	 95.473728	 95.472798	 95.471935	 95.471137	 95.470403	 95.469733	 95.469125	 95.468581	 95.468098	 95.467676	 95.467316	 95.467016	 95.466776	 95.466597	 95.466477	 95.466418	
        99	 98.949648	 98.899306	 98.848984	 98.798693	 98.748442	 98.698241	   98.6481	  98.59803	  98.54804	  98.49814	  98.44834	  98.39865	 98.349079	 98.299637	 98.250333	 98.201178	  98.15218	 98.103348	 98.054692	 98.006222	 97.957945	 97.909871	 97.862008	 97.814366	 97.766952	 97.719775	 97.672843	 97.626165	 97.579748	   97.5336	 97.487728	 97.442141	 97.396845	 97.351847	 97.307155	 97.262776	 97.218715	  97.17498	 97.131577	 97.088512	 97.045791	 97.003419	 96.961403	 96.919747	 96.878456	 96.837537	 96.796993	 96.756829	 96.717049	 96.677659	 96.638661	 96.600059	 96.561858	 96.524061	  96.48667	  96.44969	 96.413122	 96.376969	 96.341234	  96.30592	 96.271027	 96.236559	 96.202516	   96.1689	 96.135713	 96.102955	 96.070628	 96.038732	 96.007268	 95.976236	 95.945636	 95.915469	 95.885734	 95.856431	  95.82756	 95.799119	 95.771108	 95.743526	 95.716373	 95.689646	 95.663344	 95.637466	 95.612009	 95.586973	 95.562355	 95.538153	 95.514365	 95.490988	  95.46802	 95.445459	   95.4233	 95.401543	 95.380183	 95.359219	 95.338645	 95.318461	 95.298661	 95.279242	 95.260202	 95.241537	 95.223242	 95.205314	  95.18775	 95.170545	 95.153695	 95.137198	 95.121047	  95.10524	 95.089772	  95.07464	 95.059838	 95.045363	  95.03121	 95.017375	 95.003854	 94.990642	 94.977735	 94.965128	 94.952818	 94.940799	 94.929067	 94.917619	 94.906448	 94.895551	 94.884924	 94.874562	 94.864461	 94.854615	 94.845022	 94.835676	 94.826573	  94.81771	  94.80908	 94.800681	 94.792508	 94.784557	 94.776823	 94.769303	 94.761993	 94.754887	 94.747984	 94.741277	 94.734764	  94.72844	 94.722303	 94.716347	 94.710569	 94.704966	 94.699534	  94.69427	 94.689169	 94.684228	 94.679445	 94.674815	 94.670336	 94.666003	 94.661815	 94.657768	 94.653859	 94.650084	 94.646442	 94.642929	 94.639542	 94.636279	 94.633137	 94.630114	 94.627207	 94.624413	 94.621731	 94.619158	 94.616692	 94.614331	 94.612072	 94.609914	 94.607855	 94.605892	 94.604025	 94.602251	 94.600569	 94.598977	 94.597474	 94.596058	 94.594729	 94.593484	 94.592322	 94.591243	 94.590246	 94.589329	 94.588491	 94.587733	 94.587052	 94.586448	 94.585922	 94.585471	 94.585097	 94.584797	 94.584573	 94.584424	 94.584349	
        99	   98.9396	 98.879212	 98.818848	  98.75852	 98.698241	 98.638022	 98.577875	 98.517813	 98.457847	 98.397989	 98.338251	 98.278645	 98.219181	 98.159873	  98.10073	 98.041765	 97.982989	 97.924413	 97.866047	 97.807904	 97.749993	 97.692325	 97.634911	 97.577761	 97.520886	 97.464294	 97.407997	 97.352003	 97.296323	 97.240965	  97.18594	 97.131255	  97.07692	 97.022943	 96.969332	 96.916096	 96.863243	  96.81078	 96.758716	 96.707056	  96.65581	 96.604982	 96.554581	 96.504612	 96.455082	 96.405997	 96.357361	 96.309182	 96.261465	 96.214213	 96.167433	 96.121128	 96.075304	 96.029964	 95.985111	 95.940751	 95.896885	 95.853518	 95.810652	  95.76829	 95.726435	 95.685087	 95.644251	 95.603927	 95.564117	 95.524822	 95.486044	 95.447783	  95.41004	 95.372815	 95.336109	 95.299922	 95.264253	 95.229102	 95.194469	 95.160353	 95.126752	 95.093666	 95.061094	 95.029033	 94.997482	  94.96644	 94.935904	 94.905871	  94.87634	 94.847309	 94.818773	 94.790731	  94.76318	 94.736116	 94.709536	 94.683437	 94.657815	 94.632666	 94.607987	 94.583774	 94.560023	  94.53673	  94.51389	 94.491499	 94.469554	 94.448048	 94.426979	 94.406341	 94.386129	 94.366338	 94.346965	 94.328004	 94.309449	 94.291297	 94.273541	 94.256177	   94.2392	 94.222604	 94.206385	 94.190536	 94.175054	 94.159931	 94.145164	 94.130747	 94.116674	  94.10294	 94.089541	  94.07647	 94.063722	 94.051292	 94.039174	 94.027364	 94.015857	 94.004646	 93.993726	 93.983094	 93.972742	 93.962667	 93.952863	 93.943325	 93.934048	 93.925027	 93.916258	 93.907735	 93.899453	 93.891408	 93.883596	  93.87601	 93.868648	 93.861503	 93.854573	 93.847852	 93.841336	  93.83502	 93.828901	 93.822975	 93.817237	 93.811683	  93.80631	 93.801113	 93.796089	 93.791234	 93.786545	 93.782017	 93.777648	 93.773433	 93.769371	 93.765457	 93.761688	 93.758062	 93.754574	 93.751223	 93.748006	  93.74492	 93.741961	 93.739129	 93.736419	  93.73383	  93.73136	 93.729006	 93.726766	 93.724638	 93.722621	 93.720711	 93.718908	  93.71721	 93.715615	 93.714121	 93.712728	 93.711434	 93.710238	 93.709137	 93.708133	 93.707223	 93.706406	 93.705682	  93.70505	  93.70451	 93.704061	 93.703701	 93.703432	 93.703253	 93.703164	
        99	 98.929564	 98.859141	 98.788747	 98.718396	   98.6481	 98.577875	 98.507735	 98.437693	 98.367763	 98.297959	 98.228294	 98.158784	  98.08944	 98.020276	 97.951307	 97.882544	 97.814002	 97.745692	 97.677629	 97.609824	 97.542291	 97.475041	 97.408087	 97.341441	 97.275115	  97.20912	 97.143468	 97.078171	 97.013239	 96.948683	 96.884514	 96.820743	 96.757379	 96.694433	 96.631915	 96.569833	 96.508198	 96.447018	 96.386302	 96.326059	 96.266297	 96.207024	 96.148248	 96.089977	 96.032216	 95.974975	 95.918259	 95.862074	 95.806428	 95.751325	 95.696772	 95.642773	 95.589334	  95.53646	 95.484155	 95.432424	 95.381269	 95.330696	 95.280708	 95.231307	 95.182496	 95.134279	 95.086657	 95.039633	 94.993208	 94.947384	 94.902162	 94.857544	 94.813529	 94.770119	 94.727314	 94.685114	 94.643518	 94.602527	 94.562139	 94.522354	  94.48317	 94.444587	 94.406602	 94.369214	 94.332421	 94.296221	  94.26061	 94.225588	  94.19115	 94.157295	 94.124018	 94.091316	 94.059187	 94.027626	 93.996629	 93.966193	 93.936314	 93.906987	 93.878207	 93.849971	 93.822273	 93.795109	 93.768475	 93.742364	 93.716771	 93.691693	 93.667122	 93.643055	 93.619484	 93.596406	 93.573813	 93.551701	 93.530064	 93.508895	 93.488189	  93.46794	 93.448142	 93.428789	 93.409874	 93.391392	 93.373337	 93.355702	 93.338481	 93.321668	 93.305257	 93.289241	 93.273615	 93.258372	 93.243506	 93.229011	  93.21488	 93.201108	 93.187688	 93.174614	  93.16188	 93.149481	 93.137409	  93.12566	 93.114227	 93.103104	 93.092286	 93.081766	  93.07154	   93.0616	 93.051943	 93.042561	  93.03345	 93.024604	 93.016018	 93.007687	 92.999605	 92.991767	 92.984168	 92.976803	 92.969668	 92.962757	 92.956065	 92.949589	 92.943323	 92.937262	 92.931403	 92.925742	 92.920273	 92.914993	 92.909898	 92.904983	 92.900246	 92.895681	 92.891286	 92.887057	  92.88299	 92.879083	 92.875331	 92.871732	 92.868282	 92.864979	 92.861819	   92.8588	 92.855919	 92.853174	 92.850562	  92.84808	 92.845727	 92.843501	 92.841398	 92.839418	 92.837557	 92.835816	 92.834191	 92.832682	 92.831287	 92.830004	 92.828832	 92.827771	 92.826819	 92.825974	 92.825238	 92.824607	 92.824083	 92.823665	 92.823351	 92.823142	 92.823037	
        99	 98.919542	 98.839099	 98.758689	 98.678327	  98.59803	 98.517813	 98.437693	 98.357684	 98.277804	 98.198068	 98.118492	 98.039091	  97.95988	 97.880876	 97.802093	 97.723546	 97.645251	 97.567222	 97.489475	 97.412022	  97.33488	 97.258061	 97.181581	 97.105452	 97.029689	 96.954304	 96.879311	 96.804722	 96.730551	  96.65681	 96.583511	 96.510666	 96.438287	 96.366384	  96.29497	 96.224056	  96.15365	 96.083766	 96.014411	 95.945596	 95.877331	 95.809624	 95.742485	 95.675922	 95.609944	 95.544558	 95.479772	 95.415593	 95.352029	 95.289085	  95.22677	 95.165088	 95.104046	 95.043648	 94.983901	 94.924809	 94.866377	 94.808608	 94.751506	 94.695076	 94.639321	 94.584243	 94.529845	  94.47613	   94.4231	 94.370756	 94.319099	 94.268132	 94.217855	 94.168268	 94.119373	 94.071168	 94.023654	  93.97683	 93.930696	  93.88525	 93.840491	 93.796418	 93.753028	  93.71032	 93.668292	 93.626941	 93.586264	 93.546258	  93.50692	 93.468248	 93.430236	 93.392882	 93.356181	 93.320129	 93.284722	 93.249956	 93.215825	 93.182325	  93.14945	 93.117196	 93.085558	 93.054529	 93.024104	 92.994278	 92.965044	 92.936397	 92.908331	 92.880839	 92.853915	 92.827553	 92.801746	 92.776487	 92.751771	 92.727591	 92.703938	 92.680808	 92.658193	 92.636086	  92.61448	 92.593369	 92.572744	   92.5526	 92.532929	 92.513724	 92.494978	 92.476683	 92.458834	 92.441422	  92.42444	 92.407882	 92.391741	 92.376009	  92.36068	 92.345746	   92.3312	 92.317037	 92.303248	 92.289827	 92.276767	 92.264061	 92.251704	 92.239687	 92.228006	 92.216652	  92.20562	 92.194904	 92.184496	 92.174392	 92.164584	 92.155067	 92.145835	 92.136882	 92.128202	  92.11979	 92.111639	 92.103744	 92.096101	 92.088703	 92.081545	 92.074622	  92.06793	 92.061463	 92.055216	 92.049185	 92.043364	 92.037751	 92.032339	 92.027125	 92.022105	 92.017274	 92.012629	 92.008165	 92.003879	 91.999768	 91.995827	 91.992054	 91.988444	 91.984996	 91.981705	  91.97857	 91.975586	 91.972751	 91.970063	  91.96752	 91.965118	 91.962856	 91.960731	 91.958742	 91.956886	 91.955162	 91.953568	 91.952103	 91.950764	 91.949552	 91.948464	   91.9475	 91.946658	 91.945939	  91.94534	 91.944861	 91.944503	 91.944264	 91.944145	
        99	 98.909536	 98.819089	 98.728679	 98.638323	  98.54804	 98.457847	 98.367763	 98.277804	  98.18799	 98.098338	 98.008865	 97.919589	 97.830528	 97.741699	 97.653118	 97.564803	 97.476771	 97.389039	 97.301622	 97.214537	 97.127801	 97.041429	 96.955438	 96.869841	 96.784656	 96.699896	 96.615576	 96.531712	 96.448317	 96.365405	  96.28299	 96.201086	 96.119705	 96.038861	 95.958566	 95.878832	 95.799671	 95.721095	 95.643115	 95.565743	 95.488988	 95.412861	 95.337372	 95.262532	 95.188348	  95.11483	 95.041987	 94.969827	 94.898357	 94.827586	 94.757521	 94.688169	 94.619535	 94.551626	 94.484449	 94.418008	 94.352308	 94.287355	 94.223153	 94.159705	 94.097016	 94.035088	 93.973925	  93.91353	 93.853904	 93.795051	  93.73697	 93.679665	 93.623135	 93.567382	 93.512405	 93.458206	 93.404783	 93.352136	 93.300264	 93.249166	 93.198841	 93.149287	 93.100501	 93.052482	 93.005227	 92.958733	 92.912998	 92.868017	 92.823787	 92.780305	 92.737566	 92.695566	 92.654301	 92.613766	 92.573955	 92.534865	  92.49649	 92.458823	 92.421861	 92.385596	 92.350022	 92.315135	 92.280926	 92.247391	 92.214522	 92.182312	 92.150755	 92.119844	 92.089572	 92.059931	 92.030915	 92.002515	 91.974725	 91.947537	 91.920944	 91.894937	  91.86951	 91.844653	 91.820361	 91.796624	 91.773434	 91.750785	 91.728667	 91.707074	 91.685996	 91.665427	 91.645357	  91.62578	 91.606687	  91.58807	 91.569921	 91.552233	 91.534997	 91.518206	 91.501851	 91.485926	 91.470422	 91.455332	 91.440648	 91.426363	 91.412468	 91.398957	 91.385823	 91.373057	 91.360653	 91.348604	 91.336903	 91.325542	 91.314514	 91.303814	 91.293434	 91.283367	 91.273608	 91.264149	 91.254985	 91.246108	 91.237514	 91.229196	 91.221148	 91.213365	  91.20584	 91.198568	 91.191545	 91.184763	 91.178219	 91.171907	 91.165823	  91.15996	 91.154316	 91.148884	 91.143661	 91.138642	 91.133824	 91.129201	  91.12477	 91.120527	 91.116469	 91.112592	 91.108892	 91.105366	 91.102011	 91.098824	 91.095802	 91.092942	 91.090242	 91.087698	 91.085309	 91.083073	 91.080986	 91.079048	 91.077256	 91.075608	 91.074103	  91.07274	 91.071517	 91.070433	 91.069487	 91.068677	 91.068004	 91.067466	 91.067063	 91.066795	 91.066661	
        99	 98.899548	 98.799115	 98.698723	 98.598391	  98.49814	 98.397989	 98.297959	 98.198068	 98.098338	 97.998787	 97.899436	 97.800304	 97.701409	 97.602772	 97.504412	 97.406346	 97.308595	 97.211176	 97.114107	 97.017408	 96.921096	 96.825188	 96.729702	 96.634655	 96.540064	 96.445946	 96.352317	 96.259194	 96.166591	 96.074525	 95.983011	 95.892064	 95.801698	 95.711928	 95.622768	  95.53423	  95.44633	 95.359078	 95.272489	 95.186574	 95.101344	 95.016813	  94.93299	 94.849886	 94.767511	 94.685877	 94.604991	 94.524864	 94.445504	 94.366919	 94.289118	 94.212108	 94.135897	 94.060491	 93.985897	  93.91212	 93.839167	 93.767042	 93.695751	 93.625298	 93.555688	 93.486923	 93.419007	 93.351944	 93.285735	 93.220383	 93.155891	 93.092258	 93.029487	 92.967578	 92.906532	 92.846348	 92.787027	 92.728567	 92.670968	 92.614229	 92.558347	 92.503322	  92.44915	 92.395829	 92.343357	  92.29173	 92.240945	 92.190997	 92.141884	 92.093601	 92.046144	 91.999507	 91.953686	 91.908675	  91.86447	 91.821063	 91.778451	 91.736626	 91.695582	 91.655313	 91.615813	 91.577073	 91.539088	  91.50185	 91.465352	 91.429586	 91.394545	 91.360221	 91.326606	 91.293693	 91.261473	 91.229938	  91.19908	  91.16889	 91.139361	 91.110483	 91.082248	 91.054647	 91.027672	 91.001314	 90.975565	 90.950414	 90.925855	 90.901877	 90.878473	 90.855632	 90.833347	 90.811608	 90.790407	 90.769734	 90.749582	 90.729941	 90.710802	 90.692157	 90.673997	 90.656313	 90.639098	 90.622341	 90.606036	 90.590173	 90.574745	 90.559742	 90.545158	 90.530983	 90.517209	  90.50383	 90.490836	 90.478221	 90.465976	 90.454094	 90.442568	  90.43139	 90.420553	  90.41005	 90.399874	 90.390018	 90.380475	 90.371238	 90.362302	 90.353659	 90.345303	 90.337229	  90.32943	   90.3219	 90.314633	 90.307624	 90.300868	 90.294358	  90.28809	 90.282059	 90.276259	 90.270687	 90.265336	 90.260203	 90.255283	 90.250572	 90.246066	  90.24176	 90.237652	 90.233737	 90.230011	 90.226473	 90.223117	 90.219941	 90.216943	 90.214118	 90.211465	 90.208982	 90.206665	 90.204512	 90.202522	 90.200693	 90.199022	 90.197508	  90.19615	 90.194946	 90.193896	 90.192997	 90.192249	 90.191652	 90.191205	 90.190907	 90.190758	
        99	  98.88958	 98.779181	 98.668827	 98.558539	  98.44834	 98.338251	 98.228294	 98.118492	 98.008865	 97.899436	 97.790226	 97.681257	 97.572549	 97.464124	 97.356003	 97.248206	 97.140755	 97.033669	 96.926969	 96.820674	 96.714804	 96.609379	 96.504418	  96.39994	 96.295962	 96.192505	 96.089585	 95.987221	 95.885429	 95.784228	 95.683633	 95.583661	 95.484328	  95.38565	 95.287642	 95.190319	 95.093696	 94.997786	 94.902604	 94.808164	 94.714477	 94.621557	 94.529416	 94.438066	 94.347517	 94.257782	  94.16887	 94.080792	 93.993557	 93.907174	 93.821653	 93.737001	 93.653228	 93.570339	 93.488342	 93.407245	 93.327052	 93.247771	 93.169406	 93.091962	 93.015443	 92.939855	   92.8652	 92.791482	 92.718703	 92.646867	 92.575974	 92.506027	 92.437027	 92.368975	 92.301871	 92.235715	 92.170508	 92.106247	 92.042932	 91.980563	 91.919136	  91.85865	 91.799103	 91.740491	 91.682812	 91.626062	 91.570237	 91.515334	 91.461347	 91.408273	 91.356106	 91.304841	 91.254473	 91.204996	 91.156404	 91.108691	  91.06185	 91.015875	 90.970758	 90.926493	 90.883073	 90.840489	 90.798734	 90.757801	 90.717681	 90.678366	 90.639848	 90.602118	 90.565168	 90.528989	 90.493572	 90.458907	 90.424987	 90.391802	 90.359342	 90.327598	 90.296562	 90.266222	  90.23657	 90.207597	 90.179292	 90.151646	  90.12465	 90.098293	 90.072566	 90.047459	 90.022962	 89.999066	 89.975761	 89.953037	 89.930885	 89.909295	 89.888257	 89.867762	   89.8478	 89.828361	 89.809437	 89.791019	 89.773095	 89.755659	 89.738699	 89.722208	 89.706176	 89.690594	 89.675454	 89.660747	 89.646464	 89.632597	 89.619137	 89.606076	 89.593406	 89.581119	 89.569207	 89.557661	 89.546475	 89.535641	 89.525151	 89.514998	 89.505175	 89.495674	  89.48649	 89.477614	 89.469041	 89.460764	 89.452776	 89.445072	 89.437645	 89.430489	 89.423599	  89.41697	 89.410595	 89.404469	 89.398587	 89.392944	 89.387536	 89.382358	 89.377404	 89.372672	 89.368156	 89.363852	 89.359757	 89.355867	 89.352179	 89.348688	 89.345392	 89.342287	 89.339371	 89.336641	 89.334094	 89.331728	  89.32954	 89.327529	 89.325693	 89.324029	 89.322536	 89.321213	 89.320058	  89.31907	 89.318248	 89.317591	   89.3171	 89.316772	 89.316608	
        99	 98.879634	 98.759291	 98.638997	 98.518775	  98.39865	 98.278645	 98.158784	 98.039091	 97.919589	 97.800304	 97.681257	 97.562472	 97.443972	 97.325781	 97.207921	 97.090415	 96.973285	 96.856553	 96.740242	 96.624373	 96.508967	 96.394046	  96.27963	 96.165741	 96.052398	 95.939622	 95.827432	 95.715847	 95.604887	 95.494569	 95.384913	 95.275936	 95.167656	  95.06009	 94.953254	 94.847165	 94.741838	  94.63729	 94.533535	 94.430587	 94.328462	 94.227172	 94.126732	 94.027153	 93.928449	  93.83063	  93.73371	 93.637698	 93.542605	 93.448442	 93.355217	 93.262941	 93.171621	 93.081266	 92.991884	 92.903481	 92.816066	 92.729643	 92.644219	 92.559799	 92.476389	 92.393992	 92.312612	 92.232254	  92.15292	 92.074613	 91.997335	 91.921087	 91.845872	  91.77169	 91.698542	 91.626427	 91.555346	 91.485297	  91.41628	 91.348292	 91.281332	 91.215398	 91.150487	 91.086596	 91.023722	  90.96186	 90.901007	 90.841158	 90.782309	 90.724454	 90.667588	 90.611706	 90.556801	 90.502867	 90.449898	 90.397887	 90.346827	  90.29671	  90.24753	 90.199278	 90.151946	 90.105527	 90.060012	 90.015391	 89.971658	 89.928801	 89.886814	 89.845685	 89.805407	 89.765969	 89.727361	 89.689575	 89.652599	 89.616425	 89.581041	 89.546438	 89.512606	 89.479534	 89.447211	 89.415628	 89.384774	 89.354638	 89.325209	 89.296478	 89.268434	 89.241065	 89.214362	 89.188314	 89.162909	 89.138139	 89.113991	 89.090456	 89.067523	 89.045182	 89.023422	 89.002233	 88.981604	 88.961526	 88.941989	 88.922981	 88.904494	 88.886518	 88.869042	 88.852056	 88.835553	 88.819521	 88.803951	 88.788835	 88.774163	 88.759925	 88.746114	  88.73272	 88.719735	  88.70715	 88.694956	 88.683146	 88.671711	 88.660644	 88.649936	 88.639579	 88.629567	 88.619892	 88.610547	 88.601524	 88.592817	 88.584419	 88.576323	 88.568523	 88.561012	 88.553785	 88.546836	 88.540158	 88.533747	 88.527596	 88.521701	 88.516056	 88.510656	 88.505497	 88.500575	 88.495883	  88.49142	 88.487179	 88.483158	 88.479353	  88.47576	 88.472376	 88.469197	 88.466221	 88.463445	 88.460865	 88.458481	 88.456289	 88.454287	 88.452473	 88.450846	 88.449403	 88.448144	 88.447067	 88.446171	 88.445456	  88.44492	 88.444563	 88.444384	
        99	 98.869711	 98.739449	 98.609239	 98.479106	 98.349079	 98.219181	  98.08944	  97.95988	 97.830528	 97.701409	 97.572549	 97.443972	 97.315705	 97.187771	 97.060195	 96.933002	 96.806217	 96.679863	 96.553964	 96.428543	 96.303624	  96.17923	 96.055383	 95.932105	 95.809419	 95.687346	 95.565908	 95.445125	 95.325018	 95.205607	 95.086911	 94.968951	 94.851745	 94.735312	 94.619669	 94.504835	 94.390826	 94.277659	 94.165351	 94.053918	 93.943374	 93.833735	 93.725014	 93.617227	 93.510386	 93.404505	 93.299595	 93.195668	 93.092737	 92.990811	 92.889902	 92.790019	 92.691171	 92.593368	 92.496618	 92.400928	 92.306307	  92.21276	 92.120294	 92.028915	 91.938629	  91.84944	 91.761352	  91.67437	 91.588496	 91.503734	 91.420085	 91.337553	 91.256138	 91.175841	 91.096662	 91.018603	 90.941662	 90.865839	 90.791132	  90.71754	 90.645061	 90.573692	  90.50343	 90.434272	 90.366215	 90.299253	 90.233384	 90.168602	 90.104901	 90.042277	 89.980724	 89.920235	 89.860804	 89.802424	 89.745089	 89.688791	 89.633521	 89.579274	 89.526039	  89.47381	 89.422576	 89.372331	 89.323063	 89.274765	 89.227426	 89.181037	 89.135588	 89.091069	 89.047471	 89.004782	 88.962992	  88.92209	 88.882067	  88.84291	  88.80461	 88.767154	 88.730533	 88.694735	 88.659748	 88.625561	 88.592163	 88.559543	 88.527689	  88.49659	 88.466233	 88.436609	 88.407704	 88.379509	  88.35201	 88.325198	  88.29906	 88.273585	 88.248761	 88.224578	 88.201025	 88.178089	  88.15576	 88.134027	 88.112878	 88.092304	 88.072293	 88.052835	 88.033918	 88.015533	 87.997669	 87.980315	 87.963462	   87.9471	 87.931218	 87.915807	 87.900858	  87.88636	 87.872304	 87.858681	 87.845482	 87.832699	 87.820321	 87.808341	 87.796751	 87.785541	 87.774703	 87.764231	 87.754115	 87.744348	 87.734923	 87.725833	  87.71707	 87.708627	 87.700497	 87.692674	 87.685152	 87.677924	 87.670984	 87.664326	 87.657945	 87.651835	  87.64599	 87.640406	 87.635077	 87.629999	 87.625168	 87.620578	 87.616225	 87.612106	 87.608217	 87.604554	 87.601113	 87.597892	 87.594887	 87.592095	 87.589514	 87.587141	 87.584974	 87.583011	 87.581249	 87.579688	 87.578325	 87.577159	 87.576189	 87.575415	 87.574835	 87.574448	 87.574255	
        99	 98.859815	 98.719658	 98.579557	 98.439541	 98.299637	 98.159873	 98.020276	 97.880876	 97.741699	 97.602772	 97.464124	 97.325781	 97.187771	 97.050119	 96.912853	 96.775999	 96.639584	 96.503632	  96.36817	 96.233223	 96.098815	 95.964972	 95.831718	 95.699077	 95.567072	 95.435727	 95.305065	 95.175107	 95.045877	 94.917396	 94.789685	 94.662765	 94.536656	 94.411379	 94.286952	 94.163395	 94.040727	 93.918964	 93.798126	 93.678228	 93.559288	 93.441321	 93.324342	 93.208368	 93.093412	 92.979488	 92.866609	 92.754789	 92.644039	 92.534371	 92.425797	 92.318327	 92.211972	  92.10674	 92.002641	 91.899683	 91.797874	 91.697222	 91.597732	 91.499413	 91.402269	 91.306305	 91.211526	 91.117937	  91.02554	  90.93434	 90.844338	 90.755536	 90.667937	 90.581541	 90.496349	  90.41236	 90.329575	 90.247993	 90.167611	  90.08843	 90.010445	 89.933655	 89.858056	 89.783645	 89.710418	 89.638371	 89.567498	 89.497795	 89.429256	 89.361875	 89.295647	 89.230563	 89.166618	 89.103804	 89.042114	 88.981539	 88.922072	 88.863704	 88.806426	 88.750229	 88.695104	 88.641042	 88.588032	 88.536065	 88.485131	 88.435218	 88.386317	 88.338417	 88.291507	 88.245575	 88.200611	 88.156603	 88.113539	 88.071408	 88.030199	 87.989898	 87.950495	 87.911978	 87.874333	  87.83755	 87.801616	 87.766518	 87.732244	 87.698782	  87.66612	 87.634245	 87.603146	 87.572808	 87.543221	 87.514372	 87.486249	 87.458839	  87.43213	  87.40611	 87.380767	 87.356089	 87.332064	  87.30868	 87.285926	 87.263789	 87.242258	 87.221321	 87.200968	 87.181186	 87.161965	 87.143293	  87.12516	 87.107555	 87.090467	 87.073885	   87.0578	 87.042201	 87.027078	  87.01242	 86.998219	 86.984464	 86.971147	 86.958257	 86.945786	 86.933724	 86.922064	 86.910796	 86.899911	 86.889403	 86.879262	 86.869481	 86.860052	 86.850968	 86.842221	 86.833804	  86.82571	 86.817933	 86.810466	 86.803303	 86.796437	 86.789862	 86.783574	 86.777565	 86.771832	 86.766369	  86.76117	 86.756231	 86.751548	 86.747116	 86.742932	  86.73899	 86.735288	 86.731822	 86.728589	 86.725585	 86.722808	 86.720255	 86.717923	 86.715811	 86.713915	 86.712235	 86.710769	 86.709515	 86.708471	 86.707638	 86.707014	 86.706598	  86.70639	
        99	 98.849946	 98.699923	  98.54996	 98.400086	 98.250333	  98.10073	 97.951307	 97.802093	 97.653118	 97.504412	 97.356003	 97.207921	 97.060195	 96.912853	 96.765924	 96.619436	 96.473418	 96.327895	 96.182897	  96.03845	 95.894581	 95.751315	 95.608681	 95.466702	 95.325404	 95.184813	 95.044952	 94.905846	 94.767519	 94.629993	 94.493291	 94.357436	  94.22245	 94.088354	 93.955168	 93.822913	 93.691609	 93.561275	 93.431929	 93.303591	 93.176278	 93.050006	 92.924793	 92.800654	 92.677606	 92.555661	 92.434836	 92.315144	 92.196598	  92.07921	 91.962993	 91.847957	 91.734115	 91.621475	 91.510047	 91.399841	 91.290866	 91.183128	 91.076635	 90.971394	 90.867411	 90.764692	 90.663241	 90.563063	 90.464162	 90.366541	 90.270204	 90.175151	 90.081385	 89.988907	 89.897717	 89.807816	 89.719203	 89.631877	 89.545838	 89.461082	 89.377607	 89.295411	 89.214491	 89.134841	 89.056459	  88.97934	 88.903478	 88.828868	 88.755504	  88.68338	 88.612489	 88.542824	 88.474377	 88.407142	 88.341108	 88.276269	 88.212616	 88.150139	 88.088829	 88.028676	  87.96967	 87.911802	 87.855061	 87.799435	 87.744915	 87.691489	 87.639146	 87.587873	 87.537661	 87.488496	 87.440366	  87.39326	 87.347165	 87.302068	 87.257957	  87.21482	 87.172643	 87.131414	  87.09112	 87.051747	 87.013283	 86.975714	 86.939028	  86.90321	 86.868249	  86.83413	 86.800841	 86.768368	 86.736698	 86.705818	 86.675715	 86.646375	 86.617786	 86.589935	 86.562808	 86.536392	 86.510676	 86.485646	  86.46129	 86.437594	 86.414548	 86.392137	 86.370351	 86.349177	 86.328602	 86.308616	 86.289207	 86.270362	 86.252071	 86.234323	 86.217105	 86.200408	  86.18422	  86.16853	 86.153329	 86.138606	 86.124351	 86.110554	 86.097205	 86.084294	 86.071813	 86.059752	 86.048101	 86.036853	 86.025999	 86.015529	 86.005436	 85.995712	  85.98635	  85.97734	 85.968677	 85.960352	 85.952359	 85.944692	 85.937342	 85.930305	 85.923574	 85.917143	 85.911006	 85.905157	 85.899593	 85.894306	 85.889294	  85.88455	 85.880071	 85.875852	 85.871889	 85.868179	 85.864718	 85.861503	  85.85853	 85.855797	 85.853301	  85.85104	 85.849012	 85.847213	 85.845644	 85.844301	 85.843184	 85.842292	 85.841624	 85.841179	 85.840956	
        99	 98.840107	 98.680247	 98.520451	  98.36075	 98.201178	 98.041765	 97.882544	 97.723546	 97.564803	 97.406346	 97.248206	 97.090415	 96.933002	 96.775999	 96.619436	 96.463343	  96.30775	 96.152686	  95.99818	 95.844262	 95.690959	   95.5383	 95.386313	 95.235024	 95.084462	 94.934652	  94.78562	 94.637393	 94.489996	 94.343452	 94.197787	 94.053025	 93.909187	 93.766298	 93.624379	 93.483452	 93.343539	 93.204659	 93.066832	 92.930079	 92.794418	 92.659866	 92.526443	 92.394165	 92.263047	 92.133108	  92.00436	  91.87682	   91.7505	 91.625415	 91.501578	    91.379	 91.257692	 91.137666	 91.018933	 90.901501	 90.785379	 90.670577	 90.557102	  90.44496	 90.334159	 90.224704	 90.116601	 90.009855	 89.904469	 89.800447	 89.697793	 89.596507	 89.496593	 89.398051	 89.300882	 89.205086	 89.110663	 89.017612	  88.92593	 88.835617	 88.746669	 88.659083	 88.572857	 88.487985	 88.404464	 88.322288	 88.241451	 88.161949	 88.083775	 88.006922	 87.931382	 87.857149	 87.784215	  87.71257	 87.642207	 87.573117	 87.505289	 87.438716	 87.373385	 87.309288	 87.246414	 87.184751	 87.124289	 87.065017	 87.006922	 86.949992	 86.894217	 86.839583	 86.786078	 86.733689	 86.682403	 86.632208	 86.583091	 86.535037	 86.488034	 86.442068	 86.397126	 86.353193	 86.310257	 86.268302	 86.227316	 86.187284	 86.148192	 86.110026	 86.072773	 86.036417	 86.000945	 85.966343	 85.932596	 85.899691	 85.867614	 85.836351	 85.805887	 85.776209	 85.747304	 85.719156	 85.691754	 85.665083	 85.639129	  85.61388	 85.589322	 85.565442	 85.542228	 85.519665	 85.497742	 85.476445	 85.455763	 85.435683	 85.416192	  85.39728	 85.378933	 85.361141	 85.343892	 85.327174	 85.310976	 85.295287	 85.280098	 85.265396	 85.251171	 85.237414	 85.224115	 85.211262	 85.198848	 85.186862	 85.175296	  85.16414	 85.153386	 85.143024	 85.133047	 85.123447	 85.114216	 85.105345	 85.096829	 85.088658	 85.080827	 85.073328	 85.066155	 85.059302	 85.052763	 85.046531	 85.040602	 85.034969	 85.029628	 85.024573	   85.0198	 85.015304	 85.011082	 85.007128	  85.00344	 85.000014	 84.996847	 84.993935	 84.991275	 84.988866	 84.986704	 84.984788	 84.983115	 84.981685	 84.980495	 84.979544	 84.978832	 84.978358	 84.978121	
        99	   98.8303	 98.660634	 98.491036	  98.32154	  98.15218	 97.982989	 97.814002	 97.645251	 97.476771	 97.308595	 97.140755	 96.973285	 96.806217	 96.639584	 96.473418	  96.30775	 96.142613	 95.978038	 95.814055	 95.650695	 95.487989	 95.325966	 95.164656	 95.004088	 94.844291	 94.685292	 94.527119	   94.3698	 94.213361	 94.057829	 93.903229	 93.749587	 93.596927	 93.445273	  93.29465	 93.145079	 92.996583	 92.849184	 92.702904	 92.557762	  92.41378	 92.270976	 92.129368	 91.988976	 91.849817	 91.711906	 91.575262	 91.439898	 91.305831	 91.173074	  91.04164	 90.911543	 90.782795	 90.655407	  90.52939	 90.404755	 90.281511	 90.159667	 90.039231	 89.920211	 89.802614	 89.686446	 89.571712	 89.458418	 89.346568	 89.236166	 89.127214	 89.019716	 88.913673	 88.809087	 88.705958	 88.604286	 88.504072	 88.405312	 88.308007	 88.212154	 88.117751	 88.024793	 87.933277	   87.8432	 87.754555	 87.667339	 87.581544	 87.497165	 87.414196	 87.332629	 87.252456	  87.17367	 87.096261	 87.020222	 86.945543	 86.872215	 86.800227	  86.72957	 86.660233	 86.592204	 86.525473	 86.460028	 86.395858	 86.332949	 86.271291	  86.21087	 86.151673	 86.093688	 86.036901	 85.981298	 85.926867	 85.873593	 85.821463	 85.770462	 85.720576	 85.671791	 85.624092	 85.577464	 85.531894	 85.487366	 85.443866	 85.401378	 85.359889	 85.319382	 85.279843	 85.241257	 85.203609	 85.166885	 85.131068	 85.096145	 85.062101	 85.028919	 84.996587	 84.965089	  84.93441	 84.904537	 84.875453	 84.847146	 84.819601	 84.792803	 84.766739	 84.741394	 84.716755	 84.692809	 84.669541	 84.646938	 84.624987	 84.603675	  84.58299	 84.562917	 84.543445	 84.524562	 84.506254	 84.488511	 84.471319	 84.454669	 84.438547	 84.422943	 84.407846	 84.393246	  84.37913	  84.36549	 84.352314	 84.339593	 84.327317	 84.315477	 84.304063	 84.293066	 84.282477	 84.272288	  84.26249	 84.253076	 84.244037	 84.235365	 84.227053	 84.219095	 84.211482	 84.204209	 84.197268	 84.190654	 84.184361	 84.178383	 84.172714	 84.167349	 84.162283	 84.157512	  84.15303	 84.148834	  84.14492	 84.141284	 84.137922	 84.134831	 84.132009	 84.129452	 84.127157	 84.125124	 84.123348	  84.12183	 84.120567	 84.119558	 84.118803	 84.118299	 84.118048	
