Time step 56:
        99	        99	        99	        99	        99	        99	        99	        99	        99	        99	        99	        99	        99	        99	        99	        99	        99	        99	        99	        99	        99	        99	        99	        99	        99	        99	        99	        99	        99	        99	        99	        99	        99	        99	        99	        99	        99	        99	        99	        99	        99	        99	        99	        99	        99	        99	        99	        99	        99	        99	        99	        99	        99	        99	        99	        99	        99	        99	        99	        99	        99	        99	        99	        99	        99	        99	        99	        99	        99	        99	        99	        99	        99	        99	        99	        99	        99	        99	        99	        99	        99	        99	        99	        99	        99	        99	        99	        99	        99	        99	        99	        99	        99	        99	        99	        99	        99	        99	        99	        99	        99	        99	        99	        99	        99	        99	        99	        99	        99	        99	        99	        99	        99	        99	        99	        99	        99	        99	        99	        99	        99	        99	        99	        99	        99	        99	        99	        99	        99	        99	        99	        99	        99	        99	        99	        99	        99	        99	        99	        99	        99	        99	        99	        99	        99	        99	        99	        99	        99	        99	        99	        99	        99	        99	        99	        99	        99	        99	        99	        99	        99	        99	        99	        99	        99	        99	        99	        99	        99	        99	        99	        99	        99	        99	        99	        99	        99	        99	        99	        99	        99	        99	        99	        99	        99	        99	        99	        99	        99	        99	        99	        99	        99	        99	        99	        99	        99	        99	        99	        99	
        99	 98.988662	 98.977326	 98.965996	 98.954673	  98.94336	  98.93206	 98.920776	 98.909509	 98.898262	 98.887039	  98.87584	  98.86467	 98.853529	 98.842421	 98.831348	 98.820313	 98.809317	 98.798363	 98.787454	 98.776591	 98.765777	 98.755014	 98.744305	 98.733651	 98.723054	 98.712517	 98.702042	  98.69163	 98.681283	 98.671004	 98.660795	 98.650656	 98.640591	 98.630599	 98.620685	 98.610848	 98.601091	 98.591414	 98.581821	 98.572311	 98.562887	 98.553549	 98.544299	 98.535139	 98.526069	 98.517091	 98.508205	 98.499413	 98.490715	 98.482113	 98.473608	   98.4652	  98.45689	 98.448678	 98.440566	 98.432554	 98.424642	 98.416831	 98.409122	 98.401515	  98.39401	 98.386607	 98.379308	 98.372111	 98.365017	 98.358027	 98.351139	 98.344355	 98.337674	 98.331097	 98.324622	  98.31825	 98.311981	 98.305814	 98.299749	 98.293786	 98.287924	 98.282163	 98.276503	 98.270942	 98.265481	 98.260119	 98.254855	 98.249688	 98.244619	 98.239645	 98.234767	 98.229984	 98.225295	 98.220699	 98.216196	 98.211784	 98.207462	  98.20323	 98.199087	 98.195032	 98.191064	 98.187181	 98.183384	  98.17967	 98.176039	  98.17249	 98.169022	 98.165633	 98.162323	  98.15909	 98.155934	 98.152853	 98.149846	 98.146912	 98.144051	  98.14126	 98.138538	 98.135886	   98.1333	 98.130781	 98.128328	 98.125938	 98.123611	 98.121345	 98.119141	 98.116996	 98.114909	 98.112879	 98.110906	 98.108988	 98.107123	 98.105312	 98.103552	 98.101843	 98.100184	 98.098573	  98.09701	 98.095493	 98.094022	 98.092595	 98.091212	 98.089871	 98.088572	 98.087313	 98.086094	 98.084914	 98.083772	 98.082666	 98.081596	 98.080562	 98.079561	 98.078594	  98.07766	 98.076757	 98.075886	 98.075044	 98.074232	 98.073448	 98.072693	 98.071964	 98.071262	 98.070586	 98.069935	 98.069308	 98.068705	 98.068125	 98.067568	 98.067033	 98.066519	 98.066026	 98.065554	 98.065101	 98.064667	 98.064253	 98.063856	 98.063477	 98.063116	 98.062772	 98.062444	 98.062133	 98.061837	 98.061557	 98.061292	 98.061041	 98.060805	 98.060583	 98.060375	 98.060181	     98.06	 98.059832	 98.059677	 98.059535	 98.059405	 98.059288	 98.059182	 98.059089	 98.059008	 98.058938	 98.058881	 98.058835	   98.0588	 98.058777	 98.058766	
        99	 98.977326	 98.954658	 98.931999	 98.909356	 98.886733	 98.864136	 98.841569	 98.819038	 98.796548	 98.774103	 98.751708	  98.72937	 98.707091	 98.684878	 98.662734	 98.640666	 98.618677	 98.596772	 98.574956	 98.553233	 98.531607	 98.510084	 98.488668	 98.467362	 98.446171	 98.425099	  98.40415	 98.383329	 98.362639	 98.342083	 98.321666	 98.301391	 98.281262	 98.261282	 98.241455	 98.221784	 98.202271	 98.182921	 98.163736	 98.144718	 98.125872	 98.107199	 98.088701	 98.070383	 98.052245	  98.03429	 98.016521	 97.998939	 97.981546	 97.964344	 97.947335	  97.93052	 97.913902	  97.89748	 97.881258	 97.865235	 97.849414	 97.833794	 97.818378	 97.803165	 97.788157	 97.773353	 97.758755	 97.744363	 97.730177	 97.716198	 97.702425	 97.688858	 97.675498	 97.662344	 97.649397	 97.636654	 97.624117	 97.611785	 97.599656	 97.587732	 97.576009	 97.564489	 97.553169	 97.542049	 97.531128	 97.520404	 97.509877	 97.499545	 97.489407	 97.479462	 97.469707	 97.460142	 97.450765	 97.441574	 97.432568	 97.423745	 97.415103	 97.406641	 97.398355	 97.390246	  97.38231	 97.374546	 97.366952	 97.359525	 97.352264	 97.345167	 97.338231	 97.331454	 97.324834	  97.31837	 97.312058	 97.305897	 97.299884	 97.294017	 97.288294	 97.282713	 97.277271	 97.271966	 97.266796	 97.261759	 97.256852	 97.252072	 97.247419	 97.242889	  97.23848	  97.23419	 97.230017	 97.225959	 97.222012	 97.218176	 97.214448	 97.210825	 97.207306	 97.203889	  97.20057	 97.197349	 97.194223	  97.19119	 97.188248	 97.185395	 97.182629	 97.179947	 97.177349	 97.174833	 97.172395	 97.170035	  97.16775	 97.165539	   97.1634	 97.161331	  97.15933	 97.157396	 97.155528	 97.153723	  97.15198	 97.150297	 97.148672	 97.147105	 97.145594	 97.144137	 97.142734	 97.141381	 97.140079	 97.138826	  97.13762	 97.136461	 97.135347	 97.134276	 97.133249	 97.132263	 97.131318	 97.130412	 97.129545	 97.128716	 97.127923	 97.127166	 97.126444	 97.125755	   97.1251	 97.124477	 97.123886	 97.123325	 97.122795	 97.122294	 97.121822	 97.121379	 97.120963	 97.120574	 97.120212	 97.119876	 97.119566	 97.119282	 97.119022	 97.118787	 97.118577	 97.118391	 97.118228	 97.118089	 97.117974	 97.117881	 97.117812	 97.117766	 97.117743	
        99	 98.965996	 98.931999	 98.898018	 98.864059	 98.830132	 98.796242	 98.762399	 98.728608	 98.694879	 98.661218	 98.627633	 98.594131	 98.560719	 98.527405	 98.494197	   98.4611	 98.428123	 98.395271	 98.362553	 98.329975	 98.297543	 98.265264	 98.233145	 98.201193	 98.169412	 98.137811	 98.106394	 98.075167	 98.044137	  98.01331	  97.98269	 97.952284	 97.922096	 97.892132	 97.862396	 97.832895	 97.803631	 97.774611	 97.745839	 97.717318	 97.689054	 97.661049	 97.633309	 97.605836	 97.578634	 97.551707	 97.525058	  97.49869	 97.472605	 97.446807	 97.421299	 97.396082	 97.371158	 97.346531	 97.322202	 97.298173	 97.274445	  97.25102	   97.2279	 97.205085	 97.182576	 97.160375	 97.138483	 97.116899	 97.095624	 97.074658	 97.054003	 97.033657	 97.013621	 96.993894	 96.974475	 96.955366	 96.936564	 96.918068	 96.899879	 96.881995	 96.864415	 96.847137	 96.830161	 96.813484	 96.797105	 96.781023	 96.765236	 96.749741	 96.734537	 96.719621	 96.704992	 96.690647	 96.676584	 96.662801	 96.649294	 96.636062	 96.623101	  96.61041	 96.597984	 96.585822	 96.573921	 96.562277	 96.550888	  96.53975	  96.52886	 96.518216	 96.507814	 96.497651	 96.487723	 96.478028	 96.468563	 96.459322	 96.450305	 96.441506	 96.432924	 96.424553	 96.416392	 96.408436	 96.400683	 96.393128	 96.385768	 96.378601	 96.371622	 96.364828	 96.358216	 96.351783	 96.345525	 96.339438	  96.33352	 96.327766	 96.322175	 96.316742	 96.311464	 96.306339	 96.301362	 96.296531	 96.291843	 96.287294	 96.282882	 96.278603	 96.274455	 96.270434	 96.266538	 96.262763	 96.259107	 96.255567	 96.252141	 96.248825	 96.245617	 96.242514	 96.239514	 96.236614	 96.233812	 96.231104	  96.22849	 96.225966	  96.22353	  96.22118	 96.218914	 96.216729	 96.214624	 96.212595	 96.210643	 96.208763	 96.206955	 96.205216	 96.203545	  96.20194	 96.200399	 96.198921	 96.197504	 96.196146	 96.194845	 96.193601	 96.192412	 96.191277	 96.190193	 96.189161	 96.188178	 96.187244	 96.186357	 96.185517	 96.184721	  96.18397	 96.183263	 96.182597	 96.181974	 96.181391	 96.180848	 96.180344	 96.179879	 96.179453	 96.179063	 96.178711	 96.178396	 96.178116	 96.177872	 96.177664	 96.177491	 96.177352	 96.177249	  96.17718	 96.177145	
        99	 98.954673	 98.909356	 98.864059	 98.818794	 98.773569	 98.728394	 98.683281	  98.63824	 98.593279	 98.548409	 98.503641	 98.458983	 98.414446	 98.370039	 98.325773	 98.281656	 98.237697	 98.193907	 98.150294	 98.106868	 98.063637	  98.02061	 97.977796	 97.935204	 97.892841	 97.850716	 97.808838	 97.767214	 97.725852	 97.684759	 97.643943	 97.603412	 97.563172	  97.52323	 97.483594	 97.444269	 97.405261	 97.366578	 97.328225	 97.290208	 97.252531	 97.215202	 97.178224	 97.141604	 97.105344	 97.069451	 97.033928	 96.998779	 96.964009	 96.929621	 96.895618	 96.862004	 96.828782	 96.795955	 96.763524	 96.731494	 96.699865	  96.66864	 96.637821	 96.607409	 96.577406	 96.547812	 96.518629	 96.489858	 96.461499	 96.433553	 96.406019	 96.378899	  96.35219	 96.325895	 96.300011	 96.274538	 96.249475	 96.224821	 96.200575	 96.176736	 96.153302	 96.130271	 96.107642	 96.085412	  96.06358	 96.042142	 96.021098	 96.000443	 95.980176	 95.960294	 95.940794	 95.921673	 95.902927	 95.884554	  95.86655	 95.848911	 95.831635	 95.814717	 95.798155	 95.781943	 95.766078	 95.750557	 95.735375	 95.720529	 95.706013	 95.691825	 95.677959	 95.664412	 95.651179	 95.638255	 95.625637	 95.613321	   95.6013	 95.589572	 95.578132	 95.566974	 95.556095	  95.54549	 95.535155	 95.525084	 95.515274	  95.50572	 95.496418	 95.487362	 95.478548	 95.469972	  95.46163	 95.453516	 95.445627	 95.437958	 95.430505	 95.423263	 95.416228	 95.409396	 95.402762	 95.396323	 95.390074	  95.38401	 95.378129	 95.372425	 95.366895	 95.361536	 95.356342	  95.35131	 95.346437	 95.341719	 95.337151	 95.332731	 95.328455	 95.324319	  95.32032	 95.316454	 95.312718	  95.30911	 95.305625	 95.302261	 95.299014	 95.295881	  95.29286	 95.289948	 95.287141	 95.284438	 95.281835	 95.279329	 95.276919	 95.274601	 95.272374	 95.270234	 95.268181	  95.26621	 95.264321	  95.26251	 95.260777	 95.259119	 95.257534	  95.25602	 95.254576	   95.2532	  95.25189	 95.250645	 95.249463	 95.248342	 95.247282	 95.246281	 95.245338	 95.244451	 95.243619	 95.242842	 95.242119	 95.241447	 95.240828	 95.240259	  95.23974	 95.239271	  95.23885	 95.238477	 95.238152	 95.237875	 95.237644	 95.237459	 95.237321	 95.237229	 95.237184	
        99	  98.94336	 98.886733	 98.830132	 98.773569	 98.717056	 98.660608	 98.604236	 98.547952	  98.49177	 98.435702	 98.379761	 98.323957	 98.268305	 98.212815	 98.157501	 98.102373	 98.047444	 97.992724	 97.938227	 97.883962	 97.829941	 97.776176	 97.722677	 97.669454	 97.616519	 97.563881	 97.511551	 97.459538	 97.407853	 97.356504	 97.305502	 97.254855	 97.204572	 97.154662	 97.105133	 97.055993	  97.00725	 96.958913	 96.910987	 96.863482	 96.816402	 96.769756	  96.72355	  96.67779	 96.632481	 96.587629	  96.54324	  96.49932	 96.455871	 96.412901	 96.370412	 96.328408	 96.286895	 96.245874	  96.20535	 96.165325	 96.125803	 96.086785	 96.048274	 96.010272	  95.97278	 95.935801	 95.899335	 95.863383	 95.827946	 95.793025	  95.75862	  95.72473	 95.691357	 95.658498	 95.626154	 95.594323	 95.563005	 95.532199	 95.501902	 95.472113	  95.44283	 95.414051	 95.385774	 95.357996	 95.330715	 95.303927	  95.27763	 95.251821	 95.226496	 95.201652	 95.177285	 95.153391	 95.129967	 95.107008	 95.084511	  95.06247	 95.040882	 95.019742	 94.999046	 94.978788	 94.958964	 94.939569	 94.920598	 94.902046	 94.883908	 94.866178	 94.848852	 94.831924	 94.815388	 94.799239	 94.783472	 94.768081	 94.753061	 94.738406	  94.72411	 94.710168	 94.696574	 94.683322	 94.670407	 94.657823	 94.645565	 94.633626	 94.622002	 94.610686	 94.599673	 94.588957	 94.578532	 94.568394	 94.558536	 94.548953	 94.539639	  94.53059	 94.521799	 94.513262	 94.504973	 94.496926	 94.489117	  94.48154	 94.474191	 94.467064	 94.460154	 94.453456	 94.446966	 94.440679	  94.43459	 94.428694	 94.422986	 94.417463	 94.412119	 94.406951	 94.401954	 94.397123	 94.392456	 94.387946	 94.383592	 94.379388	  94.37533	 94.371416	 94.367641	 94.364002	 94.360495	 94.357117	 94.353864	 94.350733	 94.347721	 94.344825	 94.342042	 94.339369	 94.336802	  94.33434	 94.331979	 94.329717	 94.327551	 94.325479	 94.323498	 94.321607	 94.319802	 94.318083	 94.316446	  94.31489	 94.313413	 94.312012	 94.310688	 94.309437	 94.308258	  94.30715	 94.306111	  94.30514	 94.304236	 94.303397	 94.302623	 94.301912	 94.301264	 94.300677	 94.300151	 94.299686	  94.29928	 94.298932	 94.298644	 94.298414	 94.298241	 94.298126	 94.298069	
        99	  98.93206	 98.864136	 98.796242	 98.728394	 98.660608	 98.592898	 98.525279	 98.457767	 98.390376	 98.323122	  98.25602	 98.189084	 98.122329	 98.055769	 97.989418	 97.923292	 97.857404	 97.791768	 97.726398	 97.661307	  97.59651	 97.532018	 97.467845	 97.404004	 97.340508	 97.277369	 97.214598	 97.152209	 97.090212	  97.02862	 96.967442	 96.906691	 96.846376	 96.786508	 96.727098	 96.668155	 96.609688	 96.551707	  96.49422	 96.437237	 96.380765	 96.324813	 96.269388	 96.214498	  96.16015	  96.10635	 96.053106	 96.000423	 95.948306	 95.896763	 95.845797	 95.795414	 95.745618	 95.696414	 95.647805	 95.599795	 95.552387	 95.505585	 95.459391	 95.413807	 95.368836	 95.324479	 95.280738	 95.237614	 95.195107	 95.153219	  95.11195	 95.071299	 95.031267	 94.991853	 94.953056	 94.914875	 94.877309	 94.840356	 94.804015	 94.768283	 94.733158	 94.698638	  94.66472	   94.6314	 94.598676	 94.566544	 94.535001	 94.504043	 94.473665	 94.443864	 94.414636	 94.385975	 94.357878	 94.330339	 94.303353	 94.276915	  94.25102	 94.225663	 94.200837	 94.176538	 94.152759	 94.129495	 94.106739	 94.084486	 94.062729	 94.041462	 94.020679	 94.000374	 93.980539	 93.961168	 93.942256	 93.923794	 93.905778	 93.888198	  93.87105	 93.854327	 93.838021	 93.822125	 93.806634	 93.791539	 93.776836	 93.762515	 93.748571	 93.734998	 93.721787	 93.708933	 93.696429	 93.684268	 93.672444	 93.660949	 93.649777	 93.638922	 93.628378	 93.618137	 93.608194	 93.598542	 93.589175	 93.580087	 93.571272	 93.562723	 93.554434	   93.5464	 93.538616	 93.531074	  93.52377	 93.516697	 93.509851	 93.503226	 93.496816	 93.490617	 93.484623	 93.478829	  93.47323	 93.467821	 93.462597	 93.457555	 93.452688	 93.447993	 93.443465	 93.439099	 93.434893	 93.430841	 93.426939	 93.423183	 93.419571	 93.416097	 93.412758	 93.409552	 93.406473	 93.403519	 93.400687	 93.397974	 93.395376	 93.392891	 93.390515	 93.388246	 93.386082	 93.384019	 93.382056	 93.380189	 93.378417	 93.376738	 93.375149	 93.373648	 93.372234	 93.370905	 93.369659	 93.368494	  93.36741	 93.366404	 93.365475	 93.364622	 93.363845	 93.363141	  93.36251	 93.361952	 93.361465	 93.361048	 93.360702	 93.360426	 93.360219	 93.360081	 93.360012	
        99	 98.920776	 98.841569	 98.762399	 98.683281	 98.604236	 98.525279	 98.446429	 98.367703	 98.289119	 98.210695	 98.132447	 98.054393	 97.976549	 97.898934	 97.821563	 97.744454	 97.667622	 97.591084	 97.514856	 97.438954	 97.363393	 97.288189	 97.213358	 97.138913	  97.06487	 96.991244	 96.918047	 96.845295	 96.773001	 96.701178	 96.629839	 96.558997	 96.488664	 96.418853	 96.349575	 96.280841	 96.212663	 96.145051	 96.078016	 96.011568	 95.945716	 95.880471	  95.81584	 95.751833	 95.688458	 95.625722	 95.563634	   95.5022	 95.441427	 95.381323	 95.321891	  95.26314	 95.205073	 95.147696	 95.091013	 95.035029	 94.979747	 94.925171	 94.871304	 94.818149	 94.765709	 94.713984	 94.662978	 94.612691	 94.563124	 94.514278	 94.466154	 94.418752	  94.37207	  94.32611	 94.280868	 94.236346	  94.19254	  94.14945	 94.107072	 94.065405	 94.024446	 93.984192	  93.94464	 93.905786	 93.867626	 93.830158	 93.793375	 93.757275	 93.721852	 93.687101	 93.653018	 93.619597	 93.586833	 93.554719	 93.523251	 93.492422	 93.462226	 93.432657	 93.403708	 93.375372	 93.347644	 93.320516	  93.29398	 93.268031	  93.24266	 93.217861	 93.193626	 93.169948	 93.146818	 93.124231	 93.102177	 93.080649	 93.059639	 93.039141	 93.019144	 92.999643	 92.980628	 92.962093	 92.944028	 92.926427	  92.90928	 92.892581	 92.876322	 92.860494	 92.845089	   92.8301	 92.815519	 92.801338	 92.787549	 92.774145	 92.761118	  92.74846	 92.736165	 92.724223	 92.712628	 92.701373	  92.69045	 92.679853	 92.669573	 92.659604	 92.649939	 92.640571	 92.631493	 92.622698	 92.614181	 92.605934	 92.597951	 92.590225	 92.582751	 92.575522	 92.568532	 92.561775	 92.555246	 92.548939	 92.542848	 92.536968	 92.531293	 92.525818	 92.520538	 92.515447	 92.510542	 92.505817	 92.501267	 92.496888	 92.492675	 92.488624	 92.484731	 92.480991	 92.477402	 92.473957	 92.470655	 92.467491	 92.464461	 92.461563	 92.458793	 92.456147	 92.453623	 92.451218	 92.448929	 92.446752	 92.444686	 92.442727	 92.440875	 92.439125	 92.437476	 92.435926	 92.434473	 92.433115	  92.43185	 92.430677	 92.429594	   92.4286	 92.427693	 92.426872	 92.426137	 92.425485	 92.424917	 92.424432	 92.424028	 92.423706	 92.423465	 92.423304	 92.423224	
        99	 98.909509	 98.819038	 98.728608	  98.63824	 98.547952	 98.457767	 98.367703	 98.277781	 98.188022	 98.098444	 98.009068	 97.919914	    97.831	 97.742347	 97.653973	 97.565897	 97.478139	 97.390716	 97.303647	 97.216951	 97.130644	 97.044746	 96.959272	  96.87424	 96.789667	  96.70557	 96.621964	 96.538866	  96.45629	 96.374253	 96.292769	 96.211852	 96.131517	 96.051777	 95.972646	 95.894138	 95.816264	 95.739036	 95.662468	  95.58657	 95.511354	 95.436829	 95.363007	 95.289897	 95.217509	 95.145852	 95.074934	 95.004763	 94.935348	 94.866695	 94.798812	 94.731705	  94.66538	 94.599844	   94.5351	 94.471154	  94.40801	 94.345673	 94.284145	 94.223431	 94.163532	 94.104452	 94.046191	 93.988753	 93.932137	 93.876345	 93.821377	 93.767233	 93.713913	 93.661416	 93.609741	 93.558887	 93.508851	 93.459632	 93.411228	 93.363636	 93.316852	 93.270873	 93.225696	 93.181316	  93.13773	 93.094933	 93.052919	 93.011685	 92.971224	 92.931531	 92.892601	 92.854427	 92.817003	 92.780323	 92.744379	 92.709166	 92.674676	 92.640901	 92.607835	  92.57547	 92.543799	 92.512812	 92.482503	 92.452863	 92.423885	 92.395559	 92.367877	 92.340831	 92.314413	 92.288613	 92.263422	 92.238833	 92.214836	 92.191422	 92.168582	 92.146307	 92.124588	 92.103416	 92.082783	 92.062678	 92.043094	  92.02402	 92.005448	 91.987369	 91.969773	 91.952652	 91.935998	   91.9198	  91.90405	  91.88874	  91.87386	 91.859403	 91.845358	 91.831718	 91.818475	 91.805619	 91.793143	 91.781038	 91.769296	 91.757909	  91.74687	 91.736169	 91.725801	 91.715756	 91.706027	 91.696607	 91.687488	 91.678664	 91.670127	  91.66187	 91.653886	 91.646168	 91.638711	 91.631507	 91.624549	 91.617833	 91.611351	 91.605097	 91.599066	 91.593252	 91.587649	 91.582251	 91.577054	 91.572053	 91.567241	 91.562614	 91.558167	 91.553896	 91.549795	 91.545861	 91.542089	 91.538475	 91.535015	 91.531705	  91.52854	 91.525519	 91.522636	 91.519888	 91.517273	 91.514787	 91.512427	  91.51019	 91.508074	 91.506075	 91.504192	 91.502421	 91.500761	  91.49921	 91.497766	 91.496426	 91.495189	 91.494053	 91.493017	  91.49208	  91.49124	 91.490496	 91.489847	 91.489293	 91.488832	 91.488464	 91.488188	 91.488005	 91.487913	
        99	 98.898262	 98.796548	 98.694879	 98.593279	  98.49177	 98.390376	 98.289119	 98.188022	 98.087107	 97.986396	 97.885912	 97.785677	 97.685713	 97.586042	 97.486684	 97.387662	 97.288997	 97.190709	 97.092819	 96.995348	 96.898315	 96.801741	 96.705644	 96.610044	  96.51496	 96.420411	 96.326414	 96.232988	  96.14015	 96.047917	 95.956305	 95.865332	 95.775013	 95.685363	 95.596397	 95.508131	 95.420579	 95.333754	 95.247669	 95.162339	 95.077774	 94.993987	  94.91099	 94.828794	 94.747409	 94.666846	 94.587114	 94.508222	  94.43018	 94.352995	 94.276675	 94.201228	  94.12666	 94.052978	 93.980188	 93.908295	 93.837303	 93.767218	 93.698044	 93.629784	 93.562441	 93.496018	 93.430517	 93.365939	 93.302287	 93.239561	 93.177761	 93.116888	 93.056941	  92.99792	 92.939823	 92.882648	 92.826394	 92.771058	 92.716638	 92.663131	 92.610532	 92.558839	 92.508047	 92.458152	 92.409149	 92.361032	 92.313797	 92.267438	 92.221949	 92.177323	 92.133555	 92.090636	 92.048561	 92.007322	 91.966911	 91.927322	 91.888545	 91.850573	 91.813397	  91.77701	 91.741402	 91.706564	 91.672488	 91.639165	 91.606585	 91.574738	 91.543616	 91.513209	 91.483507	 91.454501	  91.42618	 91.398534	 91.371554	  91.34523	 91.319552	 91.294508	  91.27009	 91.246287	  91.22309	 91.200486	 91.178468	 91.157023	 91.136143	 91.115817	 91.096035	 91.076786	 91.058062	 91.039851	 91.022144	 91.004931	 90.988202	 90.971947	 90.956157	 90.940822	 90.925932	 90.911479	 90.897452	 90.883843	 90.870642	  90.85784	 90.845428	 90.833398	  90.82174	 90.810447	 90.799509	 90.788918	 90.778666	 90.768745	 90.759147	 90.749864	 90.740888	 90.732211	 90.723827	 90.715727	 90.707905	 90.700354	 90.693066	 90.686035	 90.679255	 90.672718	 90.666419	 90.660351	 90.654508	 90.648884	 90.643474	 90.638272	 90.633273	 90.628471	 90.623861	 90.619438	 90.615197	 90.611134	 90.607243	 90.603522	 90.599964	 90.596567	 90.593326	 90.590237	 90.587297	 90.584501	 90.581848	 90.579333	 90.576954	 90.574707	 90.572589	 90.570599	 90.568733	 90.566989	 90.565365	 90.563858	 90.562467	 90.561191	 90.560026	 90.558972	 90.558028	 90.557191	 90.556462	 90.555839	  90.55532	 90.554907	 90.554597	 90.554391	 90.554287	
        99	 98.887039	 98.774103	 98.661218	 98.548409	 98.435702	 98.323122	 98.210695	 98.098444	 97.986396	 97.874575	 97.763006	 97.651713	 97.540721	 97.430053	 97.319735	 97.209789	 97.100239	 96.991108	 96.882419	 96.774194	 96.666457	 96.559228	  96.45253	 96.346384	  96.24081	  96.13583	 96.031464	 95.927731	 95.824651	 95.722242	 95.620524	 95.519515	 95.419231	 95.319691	 95.220911	 95.122908	 95.025696	 94.929293	 94.833711	 94.738967	 94.645073	 94.552043	  94.45989	 94.368626	 94.278263	 94.188812	 94.100283	 94.012689	 93.926036	 93.840336	 93.755597	 93.671827	 93.589032	 93.507222	 93.426401	 93.346576	 93.267753	 93.189937	 93.113131	  93.03734	 92.962568	 92.888817	  92.81609	 92.744388	 92.673714	 92.604068	 92.535451	 92.467862	 92.401302	 92.335769	 92.271263	  92.20778	  92.14532	  92.08388	 92.023456	 91.964046	 91.905645	 91.848249	 91.791854	 91.736454	 91.682045	  91.62862	 91.576174	 91.524701	 91.474193	 91.424644	 91.376047	 91.328394	 91.281677	 91.235888	  91.19102	 91.147062	 91.104008	 91.061846	  91.02057	 90.980168	 90.940632	 90.901951	 90.864115	 90.827116	 90.790941	 90.755582	 90.721026	 90.687265	 90.654286	 90.622079	 90.590634	 90.559939	 90.529983	 90.500754	 90.472243	 90.444437	 90.417325	 90.390896	 90.365139	 90.340042	 90.315594	 90.291784	 90.268601	 90.246032	 90.224067	 90.202695	 90.181905	 90.161685	 90.142025	 90.122913	 90.104338	  90.08629	 90.068758	 90.051732	 90.035199	 90.019151	 90.003577	 89.988466	 89.973809	 89.959595	 89.945814	 89.932457	 89.919513	 89.906974	 89.894829	  89.88307	 89.871687	 89.860672	 89.850014	 89.839707	 89.829741	 89.820107	 89.810798	 89.801804	  89.79312	 89.784735	 89.776643	 89.768837	 89.761308	  89.75405	 89.747056	 89.740318	 89.733831	 89.727587	  89.72158	 89.715805	 89.710254	 89.704922	 89.699803	 89.694892	 89.690184	 89.685672	 89.681353	  89.67722	  89.67327	 89.669498	 89.665899	  89.66247	 89.659205	 89.656102	 89.653156	 89.650363	 89.647721	 89.645226	 89.642875	 89.640665	 89.638593	 89.636657	 89.634854	 89.633181	 89.631637	 89.630219	 89.628926	 89.627756	 89.626707	 89.625779	 89.624969	 89.624277	 89.623701	 89.623242	 89.622898	 89.622669	 89.622555	
        99	  98.87584	 98.751708	 98.627633	 98.503641	 98.379761	  98.25602	 98.132447	 98.009068	 97.885912	 97.763006	 97.640376	  97.51805	 97.396055	 97.274417	 97.153162	 97.032316	 96.911906	 96.791956	 96.672492	 96.553539	  96.43512	 96.317262	 96.199986	 96.083317	 95.967278	  95.85189	 95.737178	 95.623161	 95.509862	 95.397301	 95.285499	 95.174476	 95.064251	 94.954843	 94.846271	 94.738551	 94.631703	 94.525742	 94.420686	 94.316549	 94.213346	 94.111094	 94.009805	 93.909494	 93.810172	 93.711854	 93.614549	 93.518271	 93.423028	 93.328832	 93.235692	 93.143617	 93.052615	 92.962694	 92.873861	 92.786123	 92.699486	 92.613955	 92.529535	 92.446231	 92.364046	 92.282984	 92.203047	 92.124237	 92.046557	 91.970006	 91.894587	 91.820298	 91.747139	 91.675109	 91.604208	 91.534433	 91.465781	 91.398249	 91.331836	 91.266535	 91.202345	 91.139259	 91.077273	 91.016381	 90.956578	 90.897857	 90.840212	 90.783636	 90.728121	  90.67366	 90.620245	 90.567868	  90.51652	 90.466192	 90.416875	  90.36856	 90.321237	 90.274896	 90.229528	 90.185121	 90.141665	 90.099149	 90.057563	 90.016895	 89.977135	  89.93827	 89.900289	  89.86318	 89.826932	 89.791533	  89.75697	 89.723232	 89.690306	  89.65818	 89.626842	  89.59628	  89.56648	 89.537431	 89.509121	 89.481536	 89.454664	 89.428494	 89.403012	 89.378206	 89.354064	 89.330573	 89.307722	 89.285497	 89.263888	 89.242881	 89.222465	 89.202628	 89.183358	 89.164643	 89.146472	 89.128834	 89.111715	 89.095107	 89.078996	 89.063373	 89.048226	 89.033544	 89.019317	 89.005535	 88.992186	 88.979262	  88.96675	 88.954643	 88.942929	   88.9316	 88.920646	 88.910057	 88.899825	  88.88994	 88.880394	 88.871178	 88.862284	 88.853704	 88.845429	 88.837452	 88.829764	 88.822358	 88.815228	 88.808365	 88.801763	 88.795414	 88.789313	 88.783453	 88.777827	 88.772429	 88.767254	 88.762295	 88.757547	 88.753005	 88.748663	 88.744517	 88.740562	 88.736792	 88.733204	 88.729793	 88.726555	 88.723486	 88.720582	 88.717839	 88.715255	 88.712826	 88.710549	  88.70842	 88.706438	   88.7046	 88.702903	 88.701344	 88.699923	 88.698637	 88.697485	 88.696464	 88.695574	 88.694813	 88.694181	 88.693676	 88.693298	 88.693046	  88.69292	
        99	  98.86467	  98.72937	 98.594131	 98.458983	 98.323957	 98.189084	 98.054393	 97.919914	 97.785677	 97.651713	  97.51805	 97.384719	 97.251747	 97.119165	 96.987001	 96.855283	 96.724039	 96.593297	 96.463085	 96.333429	 96.204357	 96.075895	 95.948068	 95.820902	 95.694422	 95.568654	  95.44362	 95.319346	 95.195853	 95.073165	 94.951304	 94.830292	  94.71015	 94.590899	 94.472558	 94.355147	 94.238686	 94.123192	 94.008683	 93.895177	 93.782689	 93.671237	 93.560836	 93.451499	 93.343242	 93.236077	 93.130018	 93.025077	 92.921266	 92.818595	 92.717075	 92.616716	 92.517527	 92.419516	  92.32269	 92.227059	 92.132627	   92.0394	 91.947385	 91.856586	 91.767007	 91.678652	 91.591523	 91.505622	 91.420953	 91.337515	  91.25531	 91.174337	 91.094596	 91.016086	 90.938806	 90.862753	 90.787924	 90.714317	 90.641928	 90.570753	 90.500787	 90.432025	 90.364462	 90.298092	 90.232908	 90.168904	 90.106073	 90.044406	 89.983897	 89.924536	 89.866315	 89.809226	 89.753258	 89.698402	 89.644648	 89.591986	 89.540405	 89.489895	 89.440445	 89.392043	 89.344677	 89.298336	 89.253009	 89.208682	 89.165344	 89.122983	 89.081584	 89.041137	 89.001628	 88.963044	 88.925371	 88.888598	 88.852709	 88.817693	 88.783536	 88.750223	 88.717743	  88.68608	 88.655223	 88.625156	 88.595867	 88.567342	 88.539567	  88.51253	 88.486215	 88.460611	 88.435704	  88.41148	 88.387926	  88.36503	 88.342777	 88.321155	 88.300151	 88.279753	 88.259947	 88.240721	 88.222063	  88.20396	   88.1864	 88.169371	 88.152861	 88.136859	 88.121352	 88.106329	  88.09178	 88.077692	 88.064055	 88.050858	 88.038091	 88.025742	 88.013802	 88.002261	 87.991108	 87.980334	 87.969929	 87.959885	  87.95019	 87.940838	 87.931819	 87.923123	 87.914744	 87.906672	   87.8989	  87.89142	 87.884224	 87.877304	 87.870654	 87.864266	 87.858134	 87.852251	  87.84661	 87.841205	  87.83603	 87.831079	 87.826347	 87.821828	 87.817516	 87.813408	 87.809497	 87.805779	 87.802249	 87.798904	 87.795739	  87.79275	 87.789933	 87.787285	 87.784803	 87.782483	 87.780323	 87.778319	 87.776469	 87.774771	 87.773221	  87.77182	 87.770563	 87.769451	 87.768481	 87.767651	 87.766962	 87.766412	    87.766	 87.765725	 87.765588	
        99	 98.853529	 98.707091	 98.560719	 98.414446	 98.268305	 98.122329	 97.976549	    97.831	 97.685713	 97.540721	 97.396055	 97.251747	  97.10783	 96.964333	 96.821289	 96.678728	  96.53668	 96.395175	 96.254244	 96.113915	 95.974218	  95.83518	  95.69683	 95.559196	 95.422304	 95.286182	 95.150856	 95.016351	 94.882692	 94.749905	 94.618012	 94.487038	 94.357006	 94.227938	 94.099855	 93.972779	  93.84673	 93.721729	 93.597794	 93.474943	 93.353196	 93.232569	 93.113079	 92.994742	 92.877572	 92.761586	 92.646796	 92.533217	  92.42086	 92.309737	  92.19986	 92.091239	 91.983884	 91.877805	 91.773009	 91.669504	 91.567299	 91.466398	 91.366808	 91.268534	 91.171581	 91.075952	  90.98165	 90.888679	 90.797039	 90.706733	  90.61776	 90.530122	 90.443817	 90.358844	 90.275202	 90.192888	 90.111899	 90.032233	 89.953884	  89.87685	 89.801124	 89.726702	 89.653577	 89.581743	 89.511194	 89.441921	 89.373917	 89.307174	 89.241684	 89.177436	 89.114423	 89.052633	 88.992058	 88.932686	 88.874508	  88.81751	 88.761684	 88.707016	 88.653494	 88.601107	 88.549843	 88.499687	 88.450628	 88.402653	 88.355747	 88.309898	 88.265092	 88.221315	 88.178554	 88.136793	 88.096019	 88.056218	 88.017376	 87.979477	 87.942508	 87.906453	 87.871299	  87.83703	 87.803632	  87.77109	  87.73939	 87.708517	 87.678456	 87.649192	 87.620712	    87.593	 87.566042	 87.539824	 87.514332	  87.48955	 87.465465	 87.442064	 87.419331	 87.397253	 87.375817	 87.355008	 87.334814	 87.315221	 87.296215	 87.277784	 87.259915	 87.242596	 87.225812	 87.209553	 87.193806	 87.178558	 87.163799	 87.149516	 87.135697	 87.122332	 87.109409	 87.096918	 87.084847	 87.073186	 87.061925	 87.051053	 87.040561	 87.030439	 87.020677	 87.011266	 87.002196	  86.99346	 86.985048	 86.976952	 86.969164	 86.961674	 86.954477	 86.947563	 86.940926	 86.934558	 86.928453	 86.922603	 86.917002	 86.911644	 86.906522	 86.901631	 86.896965	 86.892518	 86.888285	 86.884261	 86.880441	  86.87682	 86.873394	 86.870159	 86.867111	 86.864245	 86.861559	 86.859048	  86.85671	 86.854541	 86.852538	   86.8507	 86.849024	 86.847507	 86.846147	 86.844943	 86.843893	 86.842995	 86.842249	 86.841653	 86.841207	  86.84091	 86.840762	
        99	 98.842421	 98.684878	 98.527405	 98.370039	 98.212815	 98.055769	 97.898934	 97.742347	 97.586042	 97.430053	 97.274417	 97.119165	 96.964333	 96.809955	 96.656062	  96.50269	 96.349869	 96.197633	 96.046014	 95.895043	 95.744751	  95.59517	 95.446328	 95.298256	 95.150983	 95.004538	 94.858949	 94.714243	 94.570448	  94.42759	 94.285696	 94.144789	 94.004896	 93.866039	 93.728243	  93.59153	 93.455922	 93.321441	 93.188107	  93.05594	  92.92496	 92.795185	 92.666633	 92.539321	 92.413266	 92.288484	 92.164989	 92.042796	 91.921918	 91.802368	 91.684158	   91.5673	 91.451803	 91.337679	 91.224936	 91.113582	 91.003625	 90.895072	  90.78793	 90.682203	 90.577898	 90.475016	 90.373563	 90.273541	 90.174952	 90.077797	 89.982077	 89.887792	 89.794942	 89.703525	 89.613539	 89.524983	 89.437853	 89.352144	 89.267855	 89.184978	  89.10351	 89.023443	 88.944773	 88.867492	 88.791592	 88.717065	 88.643904	   88.5721	 88.501643	 88.432523	 88.364731	 88.298255	 88.233086	 88.169212	 88.106621	 88.045302	 87.985241	 87.926427	 87.868847	 87.812487	 87.757335	 87.703376	 87.650596	 87.598982	  87.54852	 87.499193	  87.45099	 87.403893	 87.357888	 87.312961	 87.269095	 87.226275	 87.184487	 87.143714	 87.103941	 87.065152	 87.027332	 86.990464	 86.954534	 86.919524	  86.88542	 86.852205	 86.819864	 86.788382	 86.757741	 86.727928	 86.698926	 86.670719	 86.643293	 86.616633	 86.590721	 86.565545	 86.541088	 86.517336	 86.494274	 86.471888	 86.450162	 86.429083	 86.408636	 86.388807	 86.369583	  86.35095	 86.332894	 86.315402	  86.29846	 86.282056	 86.266178	 86.250811	 86.235945	 86.221566	 86.207663	 86.194224	 86.181238	 86.168693	 86.156577	 86.144881	 86.133593	 86.122704	 86.112201	 86.102077	  86.09232	 86.082921	 86.073871	 86.065161	 86.056782	 86.048725	 86.040981	 86.033543	 86.026403	 86.019552	 86.012984	  86.00669	 86.000665	   85.9949	  85.98939	 85.984128	 85.979108	 85.974323	 85.969769	  85.96544	  85.96133	 85.957435	  85.95375	 85.950269	  85.94699	 85.943907	 85.941016	 85.938315	 85.935799	 85.933466	 85.931312	 85.929334	 85.927531	 85.925899	 85.924436	  85.92314	 85.922011	 85.921045	 85.920242	 85.919602	 85.919122	 85.918802	 85.918642	
        99	 98.831348	 98.662734	 98.494197	 98.325773	 98.157501	 97.989418	 97.821563	 97.653973	 97.486684	 97.319735	 97.153162	 96.987001	 96.821289	 96.656062	 96.491356	 96.327206	 96.163647	 96.000714	 95.838441	 95.676861	 95.516008	 95.355916	 95.196615	 95.038138	 94.880516	 94.723781	 94.567961	 94.413087	 94.259188	 94.106292	 93.954426	 93.803619	 93.653895	 93.505281	 93.357802	 93.211482	 93.066345	 92.922414	 92.779711	 92.638257	 92.498073	 92.359179	 92.221594	 92.085336	 91.950423	 91.816872	   91.6847	  91.55392	 91.424548	 91.296597	 91.170081	 91.045011	 90.921399	 90.799256	  90.67859	 90.559411	 90.441728	 90.325548	 90.210876	 90.097721	 89.986085	 89.875975	 89.767392	 89.660342	 89.554825	 89.450843	 89.348397	 89.247487	 89.148112	 89.050271	 88.953963	 88.859183	  88.76593	   88.6742	 88.583987	 88.495287	 88.408094	 88.322401	 88.238203	 88.155491	 88.074257	 87.994494	 87.916192	 87.839342	 87.763934	 87.689957	 87.617401	 87.546255	 87.476506	 87.408144	 87.341155	 87.275526	 87.211245	 87.148299	 87.086672	 87.026352	 86.967324	 86.909573	 86.853085	 86.797845	 86.743836	 86.691044	 86.639453	 86.589046	 86.539809	 86.491724	 86.444776	 86.398948	 86.354223	 86.310585	 86.268018	 86.226503	 86.186025	 86.146567	 86.108111	 86.070641	 86.034141	 85.998592	 85.963979	 85.930284	 85.897491	 85.865582	 85.834542	 85.804354	 85.775001	 85.746466	 85.718734	 85.691789	 85.665613	 85.640192	  85.61551	  85.59155	 85.568298	 85.545737	 85.523854	 85.502632	 85.482057	 85.462114	 85.442789	 85.424068	 85.405936	  85.38838	 85.371385	 85.354939	 85.339028	 85.323639	 85.308759	 85.294376	 85.280477	  85.26705	 85.254084	 85.241565	 85.229484	 85.217829	 85.206589	 85.195753	  85.18531	 85.175251	 85.165565	 85.156243	 85.147275	 85.138652	 85.130364	 85.122404	 85.114762	  85.10743	   85.1004	 85.093664	 85.087215	 85.081045	 85.075148	 85.069516	 85.064143	 85.059023	 85.054149	 85.049515	 85.045117	 85.040948	 85.037003	 85.033278	 85.029768	 85.026469	 85.023375	 85.020484	 85.017792	 85.015294	 85.012989	 85.010872	 85.008942	 85.007195	 85.005629	 85.004243	 85.003034	    85.002	 85.001141	 85.000456	 84.999942	   84.9996	 84.999429	
        99	 98.820313	 98.640666	   98.4611	 98.281656	 98.102373	 97.923292	 97.744454	 97.565897	 97.387662	 97.209789	 97.032316	 96.855283	 96.678728	  96.50269	 96.327206	 96.152315	 95.978054	  95.80446	 95.631568	 95.459416	 95.288038	 95.117469	 94.947745	 94.778899	 94.610963	 94.443972	 94.277956	 94.112949	 93.948979	 93.786078	 93.624276	   93.4636	 93.304079	 93.145741	 92.988612	 92.832718	 92.678084	 92.524735	 92.372694	 92.221984	 92.072627	 91.924645	 91.778057	 91.632883	 91.489143	 91.346853	 91.206032	 91.066695	 90.928858	 90.792535	  90.65774	 90.524487	 90.392786	  90.26265	 90.134089	 90.007112	 89.881728	 89.757946	 89.635771	 89.515211	 89.396271	 89.278955	 89.163268	 89.049213	 88.936791	 88.826006	 88.716856	 88.609343	 88.503466	 88.399223	 88.296613	 88.195632	 88.096277	 87.998544	 87.902428	 87.807924	 87.715025	 87.623726	 87.534018	 87.445894	 87.359345	 87.274363	 87.190937	 87.109058	 87.028716	 86.949899	 86.872595	 86.796793	 86.722481	 86.649645	 86.578273	  86.50835	 86.439863	 86.372797	 86.307139	 86.242872	 86.179981	 86.118451	 86.058267	 85.999412	 85.941869	 85.885623	 85.830656	 85.776951	 85.724492	 85.673261	 85.623241	 85.574414	 85.526763	 85.480269	 85.434916	 85.390685	 85.347559	 85.305518	 85.264546	 85.224625	 85.185736	 85.147861	 85.110983	 85.075083	 85.040144	 85.006148	 84.973077	 84.940913	 84.909639	 84.879238	 84.849691	 84.820983	 84.793094	  84.76601	 84.739712	 84.714185	 84.689411	 84.665374	 84.642059	 84.619448	 84.597527	  84.57628	  84.55569	 84.535744	 84.516426	  84.49772	 84.479614	 84.462091	 84.445139	 84.428743	  84.41289	 84.397565	 84.382757	 84.368452	 84.354637	   84.3413	 84.328428	  84.31601	 84.304034	 84.292489	 84.281363	 84.270646	 84.260327	 84.250394	 84.240839	 84.231652	 84.222822	 84.214341	 84.206198	 84.198387	 84.190897	  84.18372	 84.176849	 84.170276	 84.163993	 84.157992	 84.152268	 84.146812	 84.141619	 84.136683	 84.131996	 84.127555	 84.123352	 84.119383	 84.115644	 84.112128	 84.108832	 84.105752	 84.102883	 84.100223	 84.097766	 84.095511	 84.093455	 84.091593	 84.089925	 84.088448	  84.08716	 84.086059	 84.085144	 84.084413	 84.083866	 84.083501	 84.083319	
        99	 98.809317	 98.618677	 98.428123	 98.237697	 98.047444	 97.857404	 97.667622	 97.478139	 97.288997	 97.100239	 96.911906	 96.724039	  96.53668	 96.349869	 96.163647	 95.978054	 95.793129	 95.608912	  95.42544	 95.242753	 95.060888	 94.879882	 94.699771	 94.520593	 94.342381	  94.16517	 93.988996	  93.81389	 93.639887	 93.467018	 93.295314	 93.124805	 92.955523	 92.787496	 92.620751	 92.455317	 92.291221	 92.128488	 91.967143	  91.80721	 91.648714	 91.491676	 91.336117	  91.18206	 91.029524	 90.878527	 90.729088	 90.581224	 90.434952	 90.290287	 90.147244	 90.005836	 89.866076	 89.727977	 89.591548	 89.456801	 89.323745	 89.192387	 89.062737	 88.934799	  88.80858	 88.684086	 88.561319	 88.440285	 88.320984	 88.203418	  88.08759	 87.973497	 87.861141	 87.750519	  87.64163	 87.534469	 87.429035	 87.325321	 87.223323	 87.123036	 87.024453	 86.927566	 86.832369	 86.738852	 86.647007	 86.556824	 86.468293	 86.381404	 86.296145	 86.212505	 86.130471	 86.050031	 85.971171	 85.893878	 85.818138	 85.743936	 85.671258	 85.600089	 85.530412	 85.462212	 85.395473	 85.330178	 85.266311	 85.203854	  85.14279	 85.083102	 85.024771	  84.96778	 84.912111	 84.857745	 84.804664	 84.752849	 84.702282	 84.652943	 84.604815	 84.557877	 84.512111	 84.467498	 84.424019	 84.381655	 84.340386	 84.300194	 84.261059	 84.222962	 84.185885	 84.149808	 84.114714	 84.080582	 84.047394	 84.015132	 83.983778	 83.953312	 83.923717	 83.894976	 83.867069	 83.839979	 83.813689	 83.788182	 83.763439	 83.739445	 83.716183	 83.693635	 83.671786	 83.650619	 83.630118	 83.610268	 83.591054	 83.572459	 83.554469	  83.53707	 83.520246	 83.503984	  83.48827	 83.473089	 83.458429	 83.444275	 83.430616	 83.417439	  83.40473	 83.392478	 83.380672	 83.369298	 83.358347	 83.347807	 83.337668	 83.327918	 83.318548	 83.309547	 83.300907	 83.292617	 83.284669	 83.277053	 83.269762	 83.262786	 83.256118	 83.249751	 83.243676	 83.237887	 83.232376	 83.227137	 83.222164	 83.217451	 83.212991	 83.208779	 83.204811	  83.20108	 83.197582	 83.194314	  83.19127	 83.188446	 83.185839	 83.183446	 83.181264	 83.179289	 83.177519	 83.175951	 83.174584	 83.173416	 83.172444	 83.171669	 83.171088	 83.170701	 83.170508	
