Time step 41:
        99	        99	        99	        99	        99	        99	        99	        99	        99	        99	        99	        99	        99	        99	        99	        99	        99	        99	        99	        99	        99	        99	        99	        99	        99	        99	        99	        99	        99	        99	        99	        99	        99	        99	        99	        99	        99	        99	        99	        99	        99	        99	        99	        99	        99	        99	        99	        99	        99	        99	        99	        99	        99	        99	        99	        99	        99	        99	        99	        99	        99	        99	        99	        99	        99	        99	        99	        99	        99	        99	        99	        99	        99	        99	        99	        99	        99	        99	        99	        99	        99	        99	        99	        99	        99	        99	        99	        99	        99	        99	        99	        99	        99	        99	        99	        99	        99	        99	        99	        99	        99	        99	        99	        99	        99	        99	        99	        99	        99	        99	        99	        99	        99	        99	        99	        99	        99	        99	        99	        99	        99	        99	        99	        99	        99	        99	        99	        99	        99	        99	        99	        99	        99	        99	        99	        99	        99	        99	        99	        99	        99	        99	        99	        99	        99	        99	        99	        99	        99	        99	        99	        99	        99	        99	        99	        99	        99	        99	        99	        99	        99	        99	        99	        99	        99	        99	        99	        99	        99	        99	        99	        99	        99	        99	        99	        99	        99	        99	        99	        99	        99	        99	        99	        99	        99	        99	        99	        99	        99	        99	        99	        99	        99	        99	        99	        99	        99	        99	        99	        99	
        99	 98.984514	 98.969033	 98.953562	 98.938105	 98.922666	 98.907252	 98.891866	 98.876513	 98.861198	 98.845926	   98.8307	 98.815526	 98.800408	  98.78535	 98.770357	 98.755433	 98.740582	 98.725809	 98.711118	 98.696512	 98.681996	 98.667574	 98.653249	 98.639025	 98.624905	 98.610894	 98.596995	 98.583211	 98.569545	 98.556001	 98.542581	 98.529289	 98.516127	 98.503099	 98.490205	 98.477451	 98.464836	 98.452365	 98.440039	  98.42786	  98.41583	 98.403951	 98.392224	 98.380652	 98.369236	 98.357976	 98.346875	 98.335934	 98.325153	 98.314534	 98.304076	 98.293782	 98.283651	 98.273685	 98.263882	 98.254245	 98.244772	 98.235464	  98.22632	 98.217341	 98.208527	 98.199877	  98.19139	 98.183066	 98.174905	 98.166905	 98.159067	 98.151388	 98.143869	 98.136508	 98.129303	 98.122255	 98.115361	  98.10862	 98.102031	 98.095593	 98.089303	 98.083161	 98.077164	 98.071312	 98.065602	 98.060033	 98.054603	 98.049309	 98.044151	 98.039126	 98.034233	 98.029468	 98.024832	  98.02032	 98.015932	 98.011665	 98.007517	 98.003486	 97.999571	 97.995768	 97.992076	 97.988493	 97.985016	 97.981643	 97.978373	 97.975203	 97.972131	 97.969155	 97.966272	 97.963482	 97.960781	 97.958167	 97.955639	 97.953194	 97.950831	 97.948548	 97.946341	  97.94421	 97.942153	 97.940167	 97.938251	 97.936403	  97.93462	 97.932902	 97.931246	 97.929651	 97.928114	 97.926635	 97.925211	 97.923841	 97.922523	 97.921256	 97.920037	 97.918866	 97.917741	 97.916661	 97.915623	 97.914628	 97.913672	 97.912755	 97.911877	 97.911034	 97.910227	 97.909453	 97.908712	 97.908003	 97.907324	 97.906674	 97.906053	 97.905459	 97.904891	 97.904348	  97.90383	 97.903335	 97.902862	 97.902411	 97.901981	 97.901571	  97.90118	 97.900807	 97.900452	 97.900114	 97.899792	 97.899486	 97.899195	 97.898919	 97.898656	 97.898406	 97.898169	 97.897944	 97.897731	 97.897529	 97.897338	 97.897156	 97.896985	 97.896823	  97.89667	 97.896526	  97.89639	 97.896262	 97.896142	 97.896028	 97.895922	 97.895823	  97.89573	 97.895644	 97.895563	 97.895489	  97.89542	 97.895356	 97.895298	 97.895244	 97.895196	 97.895153	 97.895114	  97.89508	  97.89505	 97.895024	 97.895003	 97.894987	 97.894974	 97.894966	 97.894962	
        99	 98.969033	 98.938076	 98.907138	 98.876228	 98.845357	 98.814533	 98.783766	 98.753065	 98.722439	 98.691899	 98.661452	 98.631108	 98.600877	 98.570766	 98.540784	 98.510941	 98.481244	 98.451703	 98.422324	 98.393117	  98.36409	  98.33525	 98.306604	  98.27816	 98.249926	 98.221909	 98.194115	 98.166551	 98.139223	 98.112139	 98.085304	 98.058723	 98.032404	  98.00635	 97.980568	 97.955062	 97.929837	 97.904899	  97.88025	 97.855895	 97.831839	 97.808085	 97.784635	 97.761495	 97.738665	  97.71615	 97.693952	 97.672072	 97.650514	 97.629278	 97.608367	 97.587782	 97.567523	 97.547593	 97.527991	 97.508719	 97.489776	 97.471162	 97.452879	 97.434924	 97.417298	      97.4	 97.383029	 97.366384	 97.350064	 97.334067	 97.318393	 97.303038	 97.288001	 97.273281	 97.258875	  97.24478	 97.230994	 97.217514	 97.204339	 97.191464	 97.178886	 97.166604	 97.154613	  97.14291	 97.131492	 97.120356	 97.109497	 97.098912	 97.088597	 97.078548	 97.068763	 97.059236	 97.049963	 97.040942	 97.032167	 97.023634	  97.01534	  97.00728	  96.99945	 96.991845	 96.984462	 96.977296	 96.970344	   96.9636	  96.95706	 96.950721	 96.944578	 96.938627	 96.932863	 96.927282	 96.921881	 96.916655	   96.9116	 96.906711	 96.901986	 96.897419	 96.893007	 96.888746	 96.884632	 96.880661	 96.876829	 96.873133	 96.869569	 96.866133	 96.862822	 96.859632	 96.856559	 96.853601	 96.850753	 96.848013	 96.845378	 96.842843	 96.840407	 96.838065	 96.835816	 96.833655	  96.83158	 96.829589	 96.827679	 96.825846	 96.824088	 96.822403	 96.820789	 96.819242	  96.81776	 96.816342	 96.814984	 96.813685	 96.812442	 96.811254	 96.810119	 96.809033	 96.807997	 96.807007	 96.806062	  96.80516	   96.8043	  96.80348	 96.802698	 96.801953	 96.801243	 96.800567	 96.799924	 96.799312	  96.79873	 96.798176	 96.797651	 96.797151	 96.796677	 96.796228	 96.795801	 96.795397	 96.795015	 96.794652	  96.79431	 96.793986	  96.79368	 96.793392	  96.79312	 96.792864	 96.792623	 96.792397	 96.792185	 96.791986	 96.791801	 96.791628	 96.791467	 96.791318	 96.791179	 96.791052	 96.790936	 96.790829	 96.790732	 96.790645	 96.790568	 96.790499	  96.79044	 96.790389	 96.790347	 96.790314	 96.790289	 96.790272	 96.790264	
        99	 98.953562	 98.907138	 98.860743	  98.81439	 98.768095	  98.72187	 98.675732	 98.629692	 98.583766	 98.537967	 98.492308	 98.446804	 98.401468	 98.356313	 98.311353	 98.266599	 98.222066	 98.177765	 98.133709	  98.08991	  98.04638	  98.00313	 97.960173	 97.917518	 97.875178	 97.833163	 97.791482	 97.750147	 97.709166	  97.66855	 97.628308	 97.588447	 97.548978	 97.509908	 97.471244	 97.432995	 97.395168	 97.357769	 97.320806	 97.284283	 97.248208	 97.212586	 97.177421	 97.142719	 97.108483	 97.074719	  97.04143	 97.008619	  96.97629	 96.944445	 96.913086	 96.882216	 96.851836	 96.821948	 96.792553	 96.763652	 96.735245	 96.707332	 96.679913	 96.652988	 96.626556	 96.600615	 96.575166	 96.550205	 96.525731	 96.501742	 96.478236	  96.45521	 96.432661	 96.410586	 96.388982	 96.367845	 96.347171	 96.326957	 96.307199	 96.287891	 96.269031	 96.250612	  96.23263	  96.21508	 96.197957	 96.181257	 96.164972	 96.149099	 96.133631	 96.118562	 96.103887	   96.0896	 96.075696	 96.062167	 96.049007	 96.036212	 96.023773	 96.011686	 95.999944	  95.98854	 95.977469	 95.966723	 95.956297	 95.946183	 95.936377	  95.92687	 95.917658	 95.908733	  95.90009	 95.891721	 95.883621	 95.875784	 95.868203	 95.860872	 95.853786	 95.846937	 95.840321	 95.833931	 95.827761	 95.821806	  95.81606	 95.810518	 95.805173	  95.80002	 95.795055	 95.790271	 95.785663	 95.781227	 95.776957	 95.772848	 95.768896	 95.765095	 95.761441	  95.75793	 95.754556	 95.751316	 95.748205	 95.745219	 95.742354	 95.739605	  95.73697	 95.734443	 95.732021	 95.729702	  95.72748	 95.725353	 95.723317	 95.721369	 95.719505	 95.717724	 95.716021	 95.714393	 95.712839	 95.711354	 95.709937	 95.708585	 95.707295	 95.706065	 95.704892	 95.703775	  95.70271	 95.701697	 95.700732	 95.699814	 95.698941	 95.698112	 95.697323	 95.696575	 95.695864	  95.69519	  95.69455	 95.693944	  95.69337	 95.692827	 95.692313	 95.691828	 95.691369	 95.690937	 95.690529	 95.690145	 95.689784	 95.689445	 95.689127	 95.688829	 95.688551	 95.688292	  95.68805	 95.687826	 95.687619	 95.687428	 95.687253	 95.687094	 95.686949	 95.686818	 95.686702	 95.686599	  95.68651	 95.686434	 95.686371	 95.686321	 95.686283	 95.686258	 95.686246	
        99	 98.938105	 98.876228	  98.81439	 98.752609	 98.690904	 98.629294	 98.567797	 98.506433	  98.44522	 98.384177	 98.323321	 98.262671	 98.202244	 98.142059	 98.082133	 98.022484	 97.963127	  97.90408	  97.84536	 97.786982	 97.728963	 97.671317	 97.614061	 97.557209	 97.500776	 97.444775	 97.389221	 97.334127	 97.279506	 97.225371	 97.171733	 97.118605	 97.065998	 97.013923	 96.962391	  96.91141	 96.860992	 96.811145	 96.761878	 96.713199	 96.665116	 96.617637	 96.570767	 96.524514	 96.478883	 96.433881	 96.389511	 96.345779	 96.302689	 96.260244	 96.218447	 96.177302	  96.13681	 96.096974	 96.057795	 96.019273	 95.981411	 95.944207	 95.907662	 95.871774	 95.836544	 95.801969	 95.768048	 95.734779	 95.702159	 95.670186	 95.638855	 95.608165	  95.57811	 95.548688	 95.519892	  95.49172	 95.464165	 95.437223	 95.410888	 95.385154	 95.360015	 95.335465	 95.311498	 95.288107	 95.265285	 95.243025	  95.22132	 95.200163	 95.179546	 95.159462	 95.139903	 95.120861	 95.102327	 95.084295	 95.066756	 95.049701	 95.033123	 95.017012	 95.001362	 94.986162	 94.971405	 94.957083	 94.943186	 94.929706	 94.916636	 94.903965	 94.891686	 94.879791	  94.86827	 94.857116	  94.84632	 94.835874	  94.82577	 94.815999	 94.806554	 94.797426	 94.788607	  94.78009	 94.771867	  94.76393	 94.756272	 94.748884	  94.74176	 94.734892	 94.728274	 94.721898	 94.715757	 94.709844	 94.704152	 94.698676	 94.693408	 94.688342	 94.683472	 94.678792	 94.674295	 94.669977	  94.66583	  94.66185	 94.658031	 94.654368	 94.650855	 94.647487	  94.64426	 94.641168	 94.638207	 94.635371	 94.632658	 94.630061	 94.627578	 94.625203	 94.622933	 94.620764	 94.618692	 94.616713	 94.614825	 94.613022	 94.611303	 94.609663	   94.6081	 94.606611	 94.605192	 94.603841	 94.602556	 94.601332	 94.600169	 94.599063	 94.598012	 94.597014	 94.596067	 94.595168	 94.594316	 94.593508	 94.592743	 94.592019	 94.591335	 94.590687	 94.590076	   94.5895	 94.588956	 94.588444	 94.587963	 94.587511	 94.587087	 94.586691	  94.58632	 94.585974	 94.585652	 94.585354	 94.585078	 94.584824	  94.58459	 94.584377	 94.584184	  94.58401	 94.583855	 94.583718	 94.583599	 94.583498	 94.583414	 94.583347	 94.583297	 94.583264	 94.583247	
        99	 98.922666	 98.845357	 98.768095	 98.690904	 98.613808	 98.536831	 98.459996	 98.383326	 98.306845	 98.230576	 98.154541	 98.078764	 98.003266	 97.928069	 97.853196	 97.778668	 97.704507	 97.630732	 97.557366	 97.484427	 97.411936	 97.339913	 97.268376	 97.197344	 97.126835	 97.056866	 96.987456	  96.91862	 96.850375	 96.782737	 96.715721	 96.649342	 96.583614	  96.51855	 96.454164	 96.390468	 96.327474	 96.265194	 96.203639	 96.142818	 96.082742	  96.02342	  95.96486	  95.90707	 95.850058	 95.793831	 95.738395	 95.683755	 95.629917	 95.576885	 95.524663	 95.473255	 95.422664	 95.372892	  95.32394	 95.275811	 95.228505	 95.182021	 95.136361	 95.091522	 95.047505	 95.004306	 94.961925	 94.920357	 94.879601	 94.839653	 94.800508	 94.762163	 94.724612	  94.68785	 94.651873	 94.616673	 94.582246	 94.548584	  94.51568	 94.483527	 94.452118	 94.421445	   94.3915	 94.362274	  94.33376	 94.305948	  94.27883	 94.252396	 94.226637	 94.201543	 94.177105	 94.153313	 94.130157	 94.107627	 94.085713	 94.064405	 94.043691	 94.023563	 94.004009	 93.985018	  93.96658	 93.948686	 93.931323	 93.914481	  93.89815	 93.882319	 93.866978	 93.852115	 93.837721	 93.823785	 93.810296	 93.797245	  93.78462	 93.772412	 93.760611	 93.749206	 93.738188	 93.727547	 93.717273	 93.707356	 93.697787	 93.688557	 93.679656	 93.671076	 93.662807	  93.65484	 93.647167	 93.639779	 93.632668	 93.625826	 93.619244	 93.612915	  93.60683	 93.600982	 93.595364	 93.589968	 93.584788	 93.579815	 93.575043	 93.570466	 93.566077	  93.56187	 93.557837	 93.553974	 93.550274	 93.546732	 93.543341	 93.540097	 93.536994	 93.534027	 93.531191	 93.528481	 93.525892	  93.52342	  93.52106	 93.518808	  93.51666	 93.514611	 93.512658	 93.510798	 93.509025	 93.507337	 93.505731	 93.504202	 93.502749	 93.501367	 93.500054	 93.498808	 93.497624	 93.496501	 93.495436	 93.494427	 93.493471	 93.492567	 93.491711	 93.490903	 93.490139	 93.489419	 93.488739	   93.4881	 93.487499	 93.486934	 93.486405	 93.485909	 93.485446	 93.485014	 93.484612	 93.484239	 93.483894	 93.483576	 93.483285	 93.483019	 93.482777	  93.48256	 93.482366	 93.482195	 93.482047	  93.48192	 93.481815	 93.481732	 93.481669	 93.481627	 93.481607	
        99	 98.907252	 98.814533	  98.72187	 98.629294	 98.536831	  98.44451	  98.35236	 98.260409	 98.168683	 98.077212	 97.986022	  97.89514	 97.804593	 97.714408	 97.624611	 97.535228	 97.446284	 97.357805	 97.269815	 97.182338	 97.095398	 97.009019	 96.923223	 96.838032	 96.753469	 96.669554	 96.586308	 96.503752	 96.421904	 96.340785	 96.260411	 96.180801	 96.101971	 96.023938	 95.946719	 95.870327	 95.794777	 95.720083	 95.646258	 95.573315	 95.501264	 95.430117	 95.359885	 95.290577	 95.222201	 95.154766	  95.08828	 95.022749	  94.95818	 94.894577	 94.831947	 94.770292	 94.709617	 94.649924	 94.591215	 94.533493	 94.476757	 94.421008	 94.366246	 94.312471	 94.259679	  94.20787	 94.157041	 94.107188	 94.058309	 94.010398	  93.96345	 93.917462	 93.872426	 93.828337	 93.785189	 93.742973	 93.701684	 93.661312	 93.621849	 93.583288	 93.545618	 93.508831	 93.472917	 93.437867	 93.403669	 93.370313	  93.33779	 93.306087	 93.275193	 93.245098	 93.215789	 93.187254	 93.159483	 93.132463	  93.10618	 93.080625	 93.055783	 93.031642	  93.00819	 92.985414	 92.963301	  92.94184	 92.921016	 92.900817	 92.881231	 92.862245	 92.843845	  92.82602	 92.808757	 92.792043	 92.775866	 92.760213	 92.745072	 92.730431	 92.716278	   92.7026	 92.689385	 92.676623	 92.664301	 92.652408	 92.640931	 92.629862	 92.619187	 92.608896	 92.598978	 92.589424	 92.580221	 92.571361	 92.562833	 92.554627	 92.546733	 92.539142	 92.531844	 92.524831	 92.518093	 92.511622	 92.505409	 92.499445	 92.493722	 92.488233	 92.482969	 92.477922	 92.473086	 92.468453	 92.464016	 92.459767	 92.455701	  92.45181	 92.448089	  92.44453	 92.441129	 92.437879	 92.434774	 92.431809	 92.428979	 92.426278	 92.423701	 92.421244	 92.418902	  92.41667	 92.414545	  92.41252	 92.410594	 92.408761	 92.407018	  92.40536	 92.403786	  92.40229	 92.400871	 92.399524	 92.398247	 92.397037	 92.395891	 92.394806	  92.39378	  92.39281	 92.391894	  92.39103	 92.390216	 92.389449	 92.388728	 92.388051	 92.387416	 92.386821	 92.386265	 92.385747	 92.385265	 92.384818	 92.384404	 92.384023	 92.383674	 92.383355	 92.383065	 92.382804	 92.382572	 92.382367	 92.382189	 92.382037	 92.381911	 92.381811	 92.381736	 92.381686	 92.381661	
        99	 98.891866	 98.783766	 98.675732	 98.567797	 98.459996	  98.35236	 98.244924	 98.137718	 98.030776	 97.924131	 97.817813	 97.711855	 97.606287	 97.501141	 97.396448	 97.292237	 97.188539	 97.085382	 96.982795	 96.880806	 96.779444	 96.678735	 96.578706	 96.479383	 96.380792	 96.282957	 96.185901	  96.08965	 95.994225	 95.899648	 95.805941	 95.713124	 95.621217	  95.53024	  95.44021	 95.351146	 95.263063	 95.175978	 95.089906	 95.004862	 94.920859	  94.83791	 94.756027	 94.675221	 94.595502	 94.516881	 94.439365	 94.362964	 94.287683	 94.213529	 94.140509	 94.068627	 93.997886	  93.92829	 93.859843	 93.792544	 93.726397	   93.6614	 93.597554	 93.534857	 93.473308	 93.412905	 93.353643	 93.295521	 93.238532	 93.182673	 93.127938	  93.07432	 93.021814	 92.970411	 92.920105	 92.870886	 92.822747	 92.775677	 92.729669	  92.68471	 92.640792	 92.597902	 92.556031	 92.515165	 92.475294	 92.436406	 92.398486	 92.361524	 92.325506	 92.290418	 92.256247	 92.222979	 92.190601	 92.159098	 92.128456	  92.09866	 92.069697	 92.041552	  92.01421	 91.987655	 91.961875	 91.936853	 91.912574	 91.889025	  91.86619	 91.844054	 91.822602	  91.80182	 91.781693	 91.762207	 91.743346	 91.725096	 91.707443	 91.690374	 91.673872	 91.657925	 91.642519	 91.627639	 91.613273	 91.599407	 91.586027	  91.57312	 91.560675	 91.548677	 91.537114	 91.525974	 91.515245	 91.504915	 91.494972	 91.485405	 91.476201	 91.467351	 91.458843	 91.450667	 91.442811	 91.435266	 91.428022	 91.421069	 91.414397	 91.407997	 91.401859	 91.395976	 91.390337	 91.384936	 91.379762	 91.374809	 91.370068	 91.365532	 91.361193	 91.357045	 91.353079	 91.349289	 91.345669	 91.342213	 91.338913	 91.335764	  91.33276	 91.329896	 91.327165	 91.324563	 91.322085	 91.319725	 91.317478	 91.315341	 91.313309	 91.311377	 91.309541	 91.307798	 91.306143	 91.304572	 91.303084	 91.301673	 91.300336	 91.299071	 91.297875	 91.296744	 91.295676	 91.294669	  91.29372	 91.292826	 91.291985	 91.291195	 91.290455	 91.289762	 91.289114	  91.28851	 91.287948	 91.287427	 91.286944	   91.2865	 91.286092	  91.28572	 91.285383	 91.285079	 91.284808	 91.284569	 91.284361	 91.284184	 91.284037	 91.283921	 91.283833	 91.283775	 91.283746	
        99	 98.876513	 98.753065	 98.629692	 98.506433	 98.383326	 98.260409	 98.137718	 98.015292	 97.893166	 97.771379	 97.649966	 97.528964	 97.408408	 97.288334	 97.168776	  97.04977	 96.931348	 96.813545	 96.696393	 96.579924	  96.46417	 96.349163	 96.234932	 96.121507	 96.008918	 95.897192	 95.786357	 95.676439	 95.567466	 95.459461	 95.352449	 95.246455	 95.141499	 95.037605	 94.934793	 94.833083	 94.732494	 94.633045	 94.534753	 94.437634	 94.341704	 94.246978	 94.153469	  94.06119	 93.970153	 93.880369	 93.791848	 93.704599	  93.61863	 93.533948	  93.45056	 93.368472	 93.287688	 93.208211	 93.130045	 93.053192	 92.977652	 92.903427	 92.830516	 92.758918	 92.688631	 92.619651	 92.551976	 92.485601	 92.420521	 92.356731	 92.294225	 92.232995	 92.173033	 92.114332	 92.056883	 92.000677	 91.945703	  91.89195	 91.839409	 91.788068	 91.737914	 91.688935	 91.641118	 91.594451	 91.548919	 91.504509	 91.461206	 91.418996	 91.377864	 91.337794	 91.298771	  91.26078	 91.223805	 91.187829	 91.152836	 91.118811	 91.085736	 91.053594	  91.02237	 90.992045	 90.962604	 90.934029	 90.906304	 90.879411	 90.853334	 90.828055	 90.803558	 90.779825	 90.756841	 90.734587	 90.713049	 90.692208	 90.672049	 90.652555	 90.633711	   90.6155	 90.597906	 90.580914	 90.564508	 90.548673	 90.533394	 90.518655	 90.504442	 90.490741	 90.477536	 90.464815	 90.452563	 90.440766	 90.429411	 90.418485	 90.407975	 90.397869	 90.388152	 90.378815	 90.369844	 90.361228	 90.352955	 90.345015	 90.337396	 90.330087	 90.323078	 90.316359	  90.30992	 90.303752	 90.297844	 90.292187	 90.286773	 90.281593	 90.276638	 90.271901	 90.267372	 90.263044	  90.25891	 90.254963	 90.251195	 90.247599	 90.244168	 90.240897	 90.237779	 90.234807	 90.231977	 90.229282	 90.226717	 90.224276	 90.221955	 90.219749	 90.217653	 90.215662	 90.213772	 90.211979	 90.210278	 90.208667	 90.207141	 90.205696	  90.20433	 90.203039	  90.20182	 90.200669	 90.199585	 90.198564	 90.197604	 90.196702	 90.195857	 90.195065	 90.194325	 90.193635	 90.192994	 90.192398	 90.191848	  90.19134	 90.190875	  90.19045	 90.190064	 90.189717	 90.189408	 90.189135	 90.188898	 90.188696	 90.188528	 90.188395	 90.188295	 90.188228	 90.188195	
        99	 98.861198	 98.722439	 98.583766	  98.44522	 98.306845	 98.168683	 98.030776	 97.893166	 97.755895	 97.619003	 97.482533	 97.346524	 97.211016	  97.07605	 96.941665	 96.807899	  96.67479	 96.542377	 96.410695	 96.279782	 96.149672	 96.020401	 95.892003	 95.764512	 95.637959	 95.512376	 95.387795	 95.264246	 95.141757	 95.020357	 94.900074	 94.780933	 94.662961	 94.546182	 94.430619	 94.316294	  94.20323	 94.091448	 93.980965	 93.871802	 93.763974	   93.6575	 93.552394	 93.448671	 93.346343	 93.245424	 93.145924	 93.047854	 92.951223	 92.856039	 92.762309	  92.67004	 92.579237	 92.489903	 92.402043	 92.315658	 92.230751	  92.14732	 92.065366	 91.984888	 91.905884	 91.828349	 91.752281	 91.677674	 91.604523	 91.532822	 91.462563	 91.393739	 91.326341	  91.26036	 91.195786	 91.132609	 91.070817	 91.010398	 90.951341	 90.893631	 90.837257	 90.782204	 90.728457	 90.676002	 90.624823	 90.574905	 90.526232	 90.478787	 90.432553	 90.387514	 90.343652	 90.300949	 90.259388	  90.21895	 90.179618	 90.141372	 90.104195	 90.068067	  90.03297	 89.998885	 89.965793	 89.933674	  89.90251	 89.872282	  89.84297	 89.814556	 89.787021	 89.760345	  89.73451	 89.709497	 89.685287	 89.661861	 89.639202	 89.617291	  89.59611	  89.57564	 89.555864	 89.536765	 89.518324	 89.500525	  89.48335	 89.466784	 89.450808	 89.435408	 89.420566	 89.406267	 89.392495	 89.379235	 89.366472	 89.354191	 89.342378	 89.331017	 89.320096	 89.309601	 89.299517	 89.289833	 89.280534	 89.271609	 89.263044	 89.254829	 89.246951	 89.239399	 89.232162	 89.225228	 89.218587	 89.212229	 89.206144	 89.200321	 89.194752	 89.189427	 89.184336	 89.179472	 89.174826	 89.170388	 89.166153	 89.162111	 89.158255	 89.154578	 89.151073	 89.147733	 89.144552	 89.141522	 89.138639	 89.135896	 89.133287	 89.130807	 89.128451	 89.126213	 89.124089	 89.122073	 89.120162	 89.118351	 89.116635	 89.115012	 89.113476	 89.112025	 89.110654	 89.109361	 89.108142	 89.106995	 89.105916	 89.104902	 89.103952	 89.103062	  89.10223	 89.101455	 89.100734	 89.100064	 89.099445	 89.098875	 89.098352	 89.097874	 89.097441	 89.097051	 89.096703	 89.096396	  89.09613	 89.095902	 89.095714	 89.095564	 89.095452	 89.095377	  89.09534	
        99	 98.845926	 98.691899	 98.537967	 98.384177	 98.230576	 98.077212	 97.924131	 97.771379	 97.619003	 97.467049	 97.315563	 97.164588	 97.014171	 96.864354	 96.715182	 96.566697	 96.418943	 96.271959	 96.125789	  95.98047	 95.836045	  95.69255	 95.550024	 95.408504	 95.268026	 95.128625	 94.990337	 94.853193	 94.717226	 94.582469	  94.44895	 94.316701	 94.185748	 94.056119	  93.92784	 93.800936	 93.675432	 93.551349	  93.42871	 93.307535	 93.187844	 93.069654	 92.952983	 92.837846	  92.72426	 92.612236	 92.501788	 92.392927	 92.285663	 92.180006	 92.075963	 91.973541	 91.872747	 91.773584	 91.676056	 91.580166	 91.485916	 91.393305	 91.302334	 91.213001	 91.125303	 91.039237	 90.954799	 90.871983	 90.790783	 90.711192	 90.633203	 90.556806	 90.481992	 90.408751	 90.337072	 90.266943	 90.198352	 90.131285	  90.06573	 90.001671	 89.939093	 89.877982	 89.818322	 89.760095	 89.703285	 89.647874	 89.593845	  89.54118	 89.489859	 89.439864	 89.391176	 89.343774	  89.29764	 89.252753	 89.209093	 89.166639	 89.125371	 89.085268	 89.046309	 89.008473	  88.97174	 88.936087	 88.901494	  88.86794	 88.835403	 88.803863	 88.773297	 88.743686	 88.715009	 88.687243	 88.660369	 88.634366	 88.609214	 88.584892	  88.56138	 88.538658	 88.516706	 88.495505	 88.475035	 88.455278	 88.436214	 88.417824	 88.400091	 88.382996	 88.366521	 88.350648	 88.335361	 88.320642	 88.306475	 88.292843	 88.279729	 88.267119	 88.254996	 88.243346	 88.232153	 88.221403	 88.211081	 88.201173	 88.191667	 88.182548	 88.173803	  88.16542	 88.157386	  88.14969	 88.142318	 88.135261	 88.128506	 88.122042	  88.11586	 88.109949	 88.104298	 88.098899	 88.093741	 88.088816	 88.084114	 88.079627	 88.075347	 88.071266	 88.067375	 88.063668	 88.060136	 88.056774	 88.053573	 88.050528	 88.047632	 88.044879	 88.042264	  88.03978	 88.037421	 88.035184	 88.033063	 88.031052	 88.029148	 88.027346	 88.025641	  88.02403	 88.022509	 88.021073	 88.019721	 88.018447	 88.017249	 88.016124	 88.015069	 88.014081	 88.013158	 88.012297	 88.011497	 88.010754	 88.010067	 88.009434	 88.008853	 88.008323	 88.007842	 88.007409	 88.007023	 88.006682	 88.006386	 88.006134	 88.005925	 88.005758	 88.005634	 88.005551	  88.00551	
        99	   98.8307	 98.661452	 98.492308	 98.323321	 98.154541	 97.986022	 97.817813	 97.649966	 97.482533	 97.315563	 97.149106	 96.983212	  96.81793	 96.653309	 96.489395	 96.326238	 96.163882	 96.002373	 95.841758	 95.682079	 95.523381	 95.365706	 95.209096	 95.053591	 94.899231	 94.746055	   94.5941	 94.443404	 94.294001	 94.145927	 93.999214	 93.853895	 93.710001	 93.567563	 93.426607	 93.287163	 93.149256	 93.012912	 92.878153	 92.745004	 92.613484	 92.483615	 92.355414	   92.2289	 92.104089	 91.980995	 91.859632	 91.740014	  91.62215	 91.506052	 91.391727	 91.279184	 91.168429	 91.059467	 90.952301	 90.846936	 90.743371	 90.641609	 90.541648	 90.443487	 90.347123	 90.252552	 90.159769	 90.068769	 89.979545	  89.89209	 89.806393	 89.722447	  89.64024	 89.559761	 89.480999	 89.403939	  89.32857	 89.254876	 89.182842	 89.112453	 89.043691	 88.976541	 88.910985	 88.847004	  88.78458	 88.723694	 88.664326	 88.606456	 88.550063	 88.495128	 88.441628	 88.389542	 88.338849	 88.289526	 88.241552	 88.194903	 88.149557	 88.105491	 88.062682	 88.021107	 87.980744	 87.941568	 87.903556	 87.866686	 87.830934	 87.796277	 87.762691	 87.730154	 87.698642	 87.668133	 87.638603	 87.610031	 87.582393	 87.555667	 87.529832	 87.504864	 87.480743	 87.457447	 87.434955	 87.413245	 87.392297	  87.37209	 87.352604	 87.333819	 87.315716	 87.298275	 87.281478	 87.265304	 87.249737	 87.234758	 87.220348	 87.206492	 87.193171	  87.18037	  87.16807	 87.156258	 87.144916	  87.13403	 87.123584	 87.113563	 87.103955	 87.094743	 87.085915	 87.077458	 87.069358	 87.061603	 87.054181	 87.047079	 87.040286	  87.03379	 87.027581	 87.021648	 87.015981	 87.010569	 87.005402	 87.000472	 86.995769	 86.991285	 86.987009	 86.982936	 86.979055	  86.97536	 86.971843	 86.968497	 86.965315	  86.96229	 86.959416	 86.956687	 86.954096	 86.951637	 86.949306	 86.947097	 86.945005	 86.943024	 86.941151	 86.939381	 86.937709	 86.936132	 86.934645	 86.933246	  86.93193	 86.930693	 86.929534	 86.928449	 86.927435	 86.926489	 86.925609	 86.924793	 86.924038	 86.923342	 86.922704	 86.922121	 86.921593	 86.921117	 86.920693	 86.920319	 86.919993	 86.919716	 86.919487	 86.919304	 86.919167	 86.919076	  86.91903	
        99	 98.815526	 98.631108	 98.446804	 98.262671	 98.078764	  97.89514	 97.711855	 97.528964	 97.346524	 97.164588	 96.983212	  96.80245	 96.622354	 96.442977	 96.264372	 96.086591	 95.909683	 95.733699	 95.558688	 95.384698	 95.211776	 95.039968	 94.869321	 94.699878	 94.531683	 94.364778	 94.199204	    94.035	 93.872207	 93.710861	 93.550999	 93.392655	 93.235864	 93.080659	  92.92707	 92.775127	  92.62486	 92.476295	 92.329458	 92.184375	 92.041067	 91.899558	 91.759867	 91.622013	 91.486015	 91.351888	 91.219648	 91.089308	 90.960881	 90.834377	 90.709805	 90.587175	 90.466493	 90.347765	 90.230994	 90.116185	 90.003338	 89.892455	 89.783535	 89.676575	 89.571574	 89.468527	 89.367428	 89.268272	 89.171051	 89.075757	 88.982379	 88.890909	 88.801334	 88.713642	  88.62782	 88.543854	 88.461729	  88.38143	  88.30294	 88.226242	 88.151317	 88.078149	 88.006717	 87.937001	 87.868982	 87.802639	  87.73795	 87.674893	 87.613446	 87.553587	 87.495292	 87.438538	 87.383301	 87.329557	 87.277283	 87.226453	 87.177042	 87.129027	 87.082381	  87.03708	 86.993099	 86.950412	 86.908993	 86.868819	 86.829862	 86.792098	 86.755502	 86.720049	 86.685713	 86.652469	 86.620293	 86.589159	 86.559044	 86.529923	 86.501772	 86.474567	 86.448284	   86.4229	 86.398391	 86.374735	  86.35191	 86.329892	  86.30866	 86.288191	 86.268466	 86.249462	 86.231158	 86.213535	 86.196573	 86.180251	  86.16455	 86.149452	 86.134937	 86.120988	 86.107587	 86.094715	 86.082357	 86.070495	 86.059112	 86.048194	 86.037724	 86.027687	 86.018068	 86.008853	 86.000027	 85.991577	 85.983489	  85.97575	 85.968349	 85.961271	 85.954505	 85.948041	 85.941865	 85.935968	 85.930339	 85.924967	 85.919842	 85.914955	 85.910297	 85.905858	  85.90163	 85.897604	 85.893772	 85.890126	 85.886659	 85.883363	 85.880231	 85.877257	 85.874433	 85.871755	 85.869215	 85.866807	 85.864527	  85.86237	 85.860329	   85.8584	 85.856578	  85.85486	  85.85324	 85.851715	 85.850281	 85.848934	 85.847671	 85.846488	 85.845383	 85.844352	 85.843393	 85.842504	 85.841681	 85.840923	 85.840228	 85.839593	 85.839018	 85.838499	 85.838037	 85.837629	 85.837275	 85.836973	 85.836722	 85.836523	 85.836374	 85.836275	 85.836225	
        99	 98.800408	 98.600877	 98.401468	 98.202244	 98.003266	 97.804593	 97.606287	 97.408408	 97.211016	 97.014171	  96.81793	 96.622354	 96.427498	 96.233421	  96.04018	 95.847828	 95.656422	 95.466016	 95.276662	 95.088413	 94.901319	 94.715432	 94.530799	  94.34747	 94.165491	 93.984907	 93.805764	 93.628104	 93.451969	   93.2774	 93.104436	 92.933116	 92.763476	 92.595551	 92.429375	  92.26498	 92.102398	 91.941657	 91.782787	 91.625813	 91.470762	 91.317655	 91.166516	 91.017365	 90.870221	 90.725102	 90.582025	 90.441003	 90.302051	 90.165179	 90.030399	 89.897719	 89.767146	 89.638688	 89.512347	 89.388129	 89.266034	 89.146064	 89.028217	 88.912492	 88.798886	 88.687394	  88.57801	 88.470728	 88.365539	 88.262435	 88.161405	 88.062438	 87.965522	 87.870644	 87.777788	 87.686941	 87.598086	 87.511206	 87.426283	 87.343299	 87.262235	  87.18307	 87.105784	 87.030355	 86.956762	 86.884981	 86.814991	 86.746766	 86.680284	 86.615519	 86.552446	 86.491041	 86.431277	 86.373129	 86.316571	 86.261575	 86.208115	 86.156165	 86.105696	 86.056683	 86.009097	 85.962911	 85.918099	 85.874632	 85.832482	 85.791624	 85.752029	  85.71367	  85.67652	 85.640551	 85.605738	 85.572053	  85.53947	 85.507963	 85.477505	  85.44807	 85.419633	 85.392168	 85.365651	 85.340057	 85.315361	 85.291538	 85.268566	  85.24642	 85.225078	 85.204516	 85.184713	 85.165646	 85.147293	 85.129634	 85.112646	  85.09631	 85.080606	 85.065514	 85.051014	 85.037088	 85.023717	 85.010883	 84.998568	 84.986754	 84.975426	 84.964567	 84.954159	 84.944189	  84.93464	 84.925497	 84.916747	 84.908374	 84.900365	 84.892708	 84.885388	 84.878393	 84.871712	 84.865331	  84.85924	 84.853428	 84.847884	 84.842597	 84.837556	 84.832754	 84.828179	 84.823823	 84.819677	 84.815732	 84.811981	 84.808415	 84.805026	 84.801808	 84.798753	 84.795855	 84.793107	 84.790503	 84.788036	 84.785701	 84.783493	 84.781406	 84.779435	 84.777576	 84.775823	 84.774173	 84.772621	 84.771164	 84.769797	 84.768518	 84.767322	 84.766207	  84.76517	 84.764207	 84.763317	 84.762497	 84.761745	 84.761058	 84.760435	 84.759875	 84.759374	 84.758933	 84.758549	 84.758223	 84.757952	 84.757736	 84.757575	 84.757468	 84.757414	
        99	  98.78535	 98.570766	 98.356313	 98.142059	 97.928069	 97.714408	 97.501141	 97.288334	  97.07605	 96.864354	 96.653309	 96.442977	 96.233421	 96.024703	 95.816882	 95.610019	 95.404173	 95.199402	 94.995763	 94.793311	 94.592103	 94.392192	  94.19363	  93.99647	 93.800762	 93.606555	 93.413896	 93.222833	  93.03341	 92.845671	 92.659658	 92.475413	 92.292975	 92.112381	 91.933668	 91.756871	 91.582023	 91.409156	   91.2383	 91.069484	 90.902734	 90.738077	 90.575536	 90.415132	 90.256888	 90.100821	 89.946949	 89.795288	 89.645853	 89.498655	 89.353707	 89.211017	 89.070594	 88.932444	 88.796572	 88.662982	 88.531676	 88.402655	 88.275918	 88.151462	 88.029285	 87.909382	 87.791745	  87.67637	 87.563245	 87.452363	 87.343711	 87.237278	  87.13305	 87.031014	 86.931153	 86.833452	 86.737894	 86.644459	 86.553129	 86.463885	 86.376705	 86.291567	 86.208451	 86.127331	 86.048186	  85.97099	 85.895719	 85.822347	 85.750849	 85.681198	 85.613367	  85.54733	 85.483057	 85.420523	 85.359697	 85.300552	 85.243059	 85.187189	 85.132913	 85.080202	 85.029026	 84.979357	 84.931163	 84.884417	 84.839088	 84.795147	 84.752564	 84.711312	 84.671359	 84.632677	 84.595237	 84.559011	  84.52397	 84.490085	 84.457329	 84.425674	 84.395092	 84.365555	 84.337038	 84.309512	 84.282953	 84.257333	 84.232628	 84.208811	 84.185859	 84.163746	 84.142449	 84.121943	 84.102206	 84.083214	 84.064945	 84.047377	 84.030488	 84.014257	 83.998663	 83.983687	 83.969307	 83.955504	  83.94226	 83.929556	 83.917373	 83.905694	 83.894502	 83.883779	 83.873509	 83.863677	 83.854266	 83.845262	 83.836649	 83.828414	 83.820542	 83.813019	 83.805834	 83.798972	 83.792422	 83.786171	 83.780208	 83.774522	 83.769102	 83.763937	 83.759017	 83.754332	 83.749873	 83.745631	 83.741597	 83.737761	 83.734117	 83.730657	 83.727371	 83.724255	 83.721299	 83.718498	 83.715845	 83.713334	  83.71096	 83.708715	 83.706596	 83.704596	 83.702711	 83.700937	 83.699268	 83.697701	 83.696231	 83.694855	 83.693569	  83.69237	 83.691254	 83.690219	 83.689262	  83.68838	 83.687571	 83.686832	 83.686163	 83.685559	 83.685021	 83.684547	 83.684134	 83.683783	 83.683492	  83.68326	 83.683086	 83.682971	 83.682913	
        99	 98.770357	 98.540784	 98.311353	 98.082133	 97.853196	 97.624611	 97.396448	 97.168776	 96.941665	 96.715182	 96.489395	 96.264372	  96.04018	 95.816882	 95.594546	 95.373234	  95.15301	 94.933935	 94.716072	  94.49948	 94.284217	 94.070342	 93.857912	  93.64698	 93.437602	  93.22983	 93.023714	 92.819305	 92.616651	 92.415799	 92.216794	 92.019679	 91.824498	  91.63129	 91.440094	 91.250948	 91.063887	 90.878946	 90.696156	 90.515548	 90.337151	 90.160993	 89.987098	  89.81549	 89.646193	 89.479225	 89.314605	 89.152351	 88.992478	 88.834999	 88.679926	 88.527269	 88.377038	 88.229238	 88.083876	 87.940955	 87.800478	 87.662444	 87.526855	 87.393706	 87.262995	 87.134716	 87.008864	 86.885429	 86.764403	 86.645775	 86.529534	 86.415667	 86.304159	 86.194996	  86.08816	 85.983635	 85.881401	 85.781441	 85.683732	 85.588254	 85.494984	   85.4039	 85.314978	 85.228192	 85.143519	 85.060931	 84.980402	 84.901906	 84.825414	 84.750897	 84.678329	 84.607678	 84.538917	 84.472014	  84.40694	 84.343664	 84.282155	 84.222383	 84.164316	 84.107923	 84.053172	 84.000033	 83.948473	 83.898462	 83.849967	 83.802957	   83.7574	 83.713265	 83.670522	 83.629138	 83.589084	 83.550327	 83.512839	 83.476587	 83.441543	 83.407677	 83.374958	 83.343359	 83.312849	 83.283401	 83.254986	 83.227577	 83.201146	 83.175666	 83.151111	 83.127454	 83.104669	 83.082731	 83.061615	 83.041296	 83.021751	 83.002956	 82.984887	 82.967523	  82.95084	 82.934817	 82.919433	 82.904666	 82.890497	 82.876905	 82.863871	 82.851377	 82.839403	 82.827931	 82.816944	 82.806425	 82.796357	 82.786723	 82.777509	 82.768699	 82.760277	 82.752229	 82.744541	   82.7372	 82.730193	 82.723505	 82.717126	 82.711043	 82.705244	 82.699718	 82.694454	 82.689442	 82.684672	 82.680134	 82.675817	 82.671714	 82.667816	 82.664113	 82.660599	 82.657264	 82.654102	 82.651105	 82.648267	 82.645581	  82.64304	 82.640639	 82.638372	 82.636232	 82.634216	 82.632317	 82.630532	 82.628855	 82.627283	 82.625811	 82.624435	 82.623152	 82.621958	 82.620851	 82.619827	 82.618884	 82.618018	 82.617228	 82.616511	 82.615866	  82.61529	 82.614783	 82.614341	 82.613966	 82.613654	 82.613406	  82.61322	 82.613097	 82.613035	
        99	 98.755433	 98.510941	 98.266599	 98.022484	 97.778668	 97.535228	 97.292237	  97.04977	 96.807899	 96.566697	 96.326238	 96.086591	 95.847828	 95.610019	 95.373234	 95.137539	 94.903003	 94.669692	  94.43767	 94.207002	  93.97775	 93.749976	  93.52374	 93.299101	 93.076116	 92.854841	  92.63533	 92.417637	 92.201813	 91.987908	  91.77597	 91.566046	  91.35818	 91.152416	 90.948795	 90.747356	 90.548139	 90.351179	  90.15651	 89.964165	 89.774174	 89.586568	 89.401372	 89.218612	 89.038312	 88.860493	 88.685176	 88.512377	 88.342114	 88.174401	  88.00925	 87.846673	 87.686678	 87.529273	 87.374464	 87.222255	 87.072649	 86.925645	 86.781244	 86.639442	 86.500237	 86.363621	  86.22959	 86.098133	 85.969242	 85.842905	  85.71911	 85.597843	 85.479088	 85.362831	 85.249052	 85.137734	 85.028857	   84.9224	 84.818341	 84.716658	 84.617327	 84.520324	 84.425622	 84.333197	 84.243021	 84.155066	 84.069304	 83.985706	 83.904243	 83.824884	 83.747599	 83.672358	 83.599127	 83.527877	 83.458573	 83.391185	 83.325679	 83.262023	 83.200182	 83.140124	 83.081816	 83.025223	 82.970313	 82.917051	 82.865404	 82.815339	 82.766822	 82.719819	 82.674298	 82.630225	 82.587567	 82.546292	 82.506367	  82.46776	 82.430438	 82.394371	 82.359526	 82.325873	 82.293381	 82.262019	 82.231758	 82.202567	 82.174419	 82.147283	 82.121132	 82.095937	 82.071671	 82.048307	 82.025819	  82.00418	 81.983365	 81.963348	 81.944106	 81.925613	 81.907846	 81.890781	 81.874397	 81.858671	 81.843581	 81.829106	 81.815225	 81.801918	 81.789166	 81.776949	 81.765248	 81.754045	 81.743323	 81.733064	  81.72325	 81.713867	 81.704898	 81.696327	  81.68814	 81.680322	 81.672859	 81.665737	 81.658943	 81.652464	 81.646289	 81.640404	 81.634798	  81.62946	  81.62438	 81.619547	  81.61495	  81.61058	 81.606428	 81.602485	 81.598742	 81.595191	 81.591823	 81.588632	 81.585609	 81.582749	 81.580043	 81.577486	 81.575071	 81.572792	 81.570645	 81.568623	 81.566722	 81.564936	 81.563261	 81.561693	 81.560228	 81.558862	 81.557591	 81.556412	 81.555321	 81.554316	 81.553394	 81.552553	  81.55179	 81.551102	 81.550489	 81.549949	 81.549479	 81.549078	 81.548747	 81.548482	 81.548285	 81.548153	 81.548088	
        99	 98.740582	 98.481244	 98.222066	 97.963127	 97.704507	 97.446284	 97.188539	 96.931348	  96.67479	 96.418943	 96.163882	 95.909683	 95.656422	 95.404173	  95.15301	 94.903003	 94.654226	 94.406747	 94.160637	 93.915962	  93.67279	 93.431185	 93.191211	 92.952931	 92.716406	 92.481695	 92.248855	 92.017944	 91.789014	 91.562121	 91.337313	 91.114642	 90.894154	 90.675895	  90.45991	  90.24624	 90.034926	 89.826006	 89.619516	 89.415491	 89.213964	 89.014966	 88.818525	 88.624668	 88.433419	 88.244803	  88.05884	 87.875549	 87.694947	  87.51705	 87.341871	 87.169421	 86.999711	 86.832749	  86.66854	 86.507088	 86.348397	 86.192467	 86.039298	 85.888886	 85.741227	 85.596316	 85.454146	 85.314707	  85.17799	 85.043981	 84.912669	 84.784038	 84.658073	 84.534756	 84.414068	 84.295991	 84.180502	 84.067581	 83.957204	 83.849346	 83.743984	  83.64109	 83.540639	 83.442601	 83.346949	 83.253653	 83.162684	  83.07401	   82.9876	 82.903422	 82.821445	 82.741634	 82.663957	  82.58838	 82.514868	 82.443388	 82.373905	 82.306383	 82.240787	 82.177082	 82.115233	 82.055204	  81.99696	 81.940464	 81.885681	 81.832576	 81.781112	 81.731256	  81.68297	 81.636221	 81.590973	 81.547192	 81.504842	 81.463891	 81.424303	 81.386045	 81.349085	 81.313388	 81.278923	 81.245657	 81.213558	 81.182595	 81.152737	 81.123954	 81.096215	  81.06949	 81.043751	 81.018968	 80.995115	 80.972162	 80.950083	 80.928851	 80.908439	 80.888823	 80.869978	 80.851877	 80.834498	 80.817817	 80.801811	 80.786457	 80.771733	 80.757618	 80.744092	 80.731133	 80.718721	 80.706838	 80.695465	 80.684582	 80.674173	  80.66422	 80.654707	 80.645615	 80.636931	 80.628638	 80.620722	 80.613168	 80.605961	 80.599089	 80.592538	 80.586296	  80.58035	 80.574688	   80.5693	 80.564173	 80.559297	 80.554662	 80.550258	 80.546075	 80.542105	 80.538338	 80.534766	 80.531381	 80.528175	  80.52514	  80.52227	 80.519557	 80.516996	 80.514579	 80.512301	 80.510157	  80.50814	 80.506246	  80.50447	 80.502806	 80.501252	 80.499803	 80.498455	 80.497204	 80.496047	 80.494981	 80.494003	 80.493111	 80.492301	 80.491572	 80.490922	 80.490348	  80.48985	 80.489426	 80.489074	 80.488793	 80.488584	 80.488444	 80.488374	
