Time step 53:
        99	        99	        99	        99	        99	        99	        99	        99	        99	        99	        99	        99	        99	        99	        99	        99	        99	        99	        99	        99	        99	        99	        99	        99	        99	        99	        99	        99	        99	        99	        99	        99	        99	        99	        99	        99	        99	        99	        99	        99	        99	        99	        99	        99	        99	        99	        99	        99	        99	        99	        99	        99	        99	        99	        99	        99	        99	        99	        99	        99	        99	        99	        99	        99	        99	        99	        99	        99	        99	        99	        99	        99	        99	        99	        99	        99	        99	        99	        99	        99	        99	        99	        99	        99	        99	        99	        99	        99	        99	        99	        99	        99	        99	        99	        99	        99	        99	        99	        99	        99	        99	        99	        99	        99	        99	        99	        99	        99	        99	        99	        99	        99	        99	        99	        99	        99	        99	        99	        99	        99	        99	        99	        99	        99	        99	        99	        99	        99	        99	        99	        99	        99	        99	        99	        99	        99	        99	        99	        99	        99	        99	        99	        99	        99	        99	        99	        99	        99	        99	        99	        99	        99	        99	        99	        99	        99	        99	        99	        99	        99	        99	        99	        99	        99	        99	        99	        99	        99	        99	        99	        99	        99	        99	        99	        99	        99	        99	        99	        99	        99	        99	        99	        99	        99	        99	        99	        99	        99	        99	        99	        99	        99	        99	        99	        99	        99	        99	        99	        99	        99	
        99	  98.98802	 98.976043	 98.964072	 98.952109	 98.940158	  98.92822	   98.9163	   98.9044	 98.892522	  98.88067	 98.868846	 98.857053	 98.845294	 98.833571	 98.821887	 98.810245	 98.798647	 98.787096	 98.775594	 98.764144	 98.752749	 98.741411	 98.730131	 98.718914	  98.70776	 98.696673	 98.685654	 98.674706	  98.66383	  98.65303	 98.642306	 98.631661	 98.621097	 98.610616	 98.600219	 98.589909	 98.579687	 98.569554	 98.559513	 98.549564	  98.53971	 98.529952	 98.520291	 98.510728	 98.501265	 98.491903	 98.482643	 98.473486	 98.464433	 98.455486	 98.446644	 98.437909	 98.429281	 98.420762	 98.412351	 98.404051	  98.39586	 98.387779	  98.37981	 98.371951	 98.364205	  98.35657	 98.349046	 98.341635	 98.334336	  98.32715	 98.320075	 98.313112	 98.306262	 98.299523	 98.292895	 98.286379	 98.279973	 98.273678	 98.267493	 98.261417	  98.25545	 98.249592	 98.243842	 98.238199	 98.232662	 98.227231	 98.221905	 98.216684	 98.211566	  98.20655	 98.201637	 98.196824	 98.192111	 98.187497	  98.18298	 98.178561	 98.174237	 98.170008	 98.165873	 98.161831	 98.157879	 98.154018	 98.150247	 98.146563	 98.142965	 98.139454	 98.136026	 98.132682	  98.12942	 98.126238	 98.123136	 98.120112	 98.117164	 98.114292	 98.111495	 98.108771	 98.106118	 98.103536	 98.101023	 98.098578	   98.0962	 98.093887	 98.091639	 98.089453	 98.087329	 98.085266	 98.083262	 98.081315	 98.079426	 98.077592	 98.075813	 98.074086	 98.072412	 98.070789	 98.069215	  98.06769	 98.066212	 98.064781	 98.063395	 98.062052	 98.060754	 98.059497	 98.058281	 98.057105	 98.055968	 98.054869	 98.053806	  98.05278	 98.051789	 98.050833	 98.049909	 98.049018	 98.048158	 98.047329	  98.04653	 98.045759	 98.045017	 98.044302	 98.043614	 98.042952	 98.042315	 98.041702	 98.041113	 98.040547	 98.040004	 98.039482	 98.038981	 98.038501	 98.038041	   98.0376	 98.037179	 98.036775	 98.036389	  98.03602	 98.035669	 98.035333	 98.035014	 98.034709	  98.03442	 98.034146	 98.033886	 98.033639	 98.033407	 98.033187	  98.03298	 98.032786	 98.032604	 98.032435	 98.032277	 98.032131	 98.031996	 98.031872	 98.031759	 98.031657	 98.031566	 98.031485	 98.031414	 98.031354	 98.031304	 98.031264	 98.031234	 98.031214	 98.031204	
        99	 98.976043	 98.952092	 98.928152	 98.904229	 98.880329	 98.856458	 98.832621	 98.808823	 98.785071	 98.761369	 98.737724	 98.714141	 98.690625	 98.667182	 98.643817	 98.620535	 98.597342	 98.574242	 98.551242	 98.528345	 98.505557	 98.482883	 98.460327	 98.437895	  98.41559	 98.393418	 98.371383	 98.349489	 98.327741	 98.306142	 98.284697	  98.26341	 98.242285	 98.221325	 98.200534	 98.179916	 98.159473	 98.139211	 98.119131	 98.099236	  98.07953	 98.060016	 98.040696	 98.021573	 98.002649	 97.983927	 97.965409	 97.947098	 97.928994	 97.911101	 97.893419	 97.875951	 97.858698	 97.841662	 97.824843	 97.808243	 97.791863	 97.775704	 97.759767	 97.744052	 97.728561	 97.713292	 97.698248	 97.683428	 97.668831	  97.65446	 97.640312	 97.626389	 97.612689	 97.599212	 97.585959	 97.572927	 97.560117	 97.547529	  97.53516	  97.52301	 97.511078	 97.499363	 97.487863	 97.476579	 97.465507	 97.454646	 97.443996	 97.433554	  97.42332	  97.41329	 97.403464	 97.393839	 97.384414	 97.375187	 97.366155	 97.357318	 97.348671	 97.340215	 97.331945	 97.323861	 97.315959	 97.308238	 97.300695	 97.293328	 97.286135	 97.279113	 97.272259	 97.265571	 97.259047	 97.252684	 97.246481	 97.240433	 97.234539	 97.228796	 97.223202	 97.217753	 97.212449	 97.207285	  97.20226	 97.197371	 97.192615	  97.18799	 97.183494	 97.179123	 97.174876	 97.170749	 97.166742	  97.16285	 97.159071	 97.155404	 97.151845	 97.148393	 97.145045	 97.141799	 97.138652	 97.135602	 97.132647	 97.129784	 97.127012	 97.124328	 97.121731	 97.119217	 97.116786	 97.114434	  97.11216	 97.109962	 97.107838	 97.105786	 97.103805	 97.101891	 97.100044	 97.098262	 97.096543	 97.094885	 97.093286	 97.091746	 97.090262	 97.088832	 97.087456	 97.086132	 97.084858	 97.083633	 97.082455	 97.081323	 97.080236	 97.079193	 97.078192	 97.077232	 97.076312	  97.07543	 97.074586	 97.073779	 97.073008	 97.072271	 97.071567	 97.070896	 97.070257	 97.069649	 97.069071	 97.068522	 97.068001	 97.067509	 97.067043	 97.066604	 97.066191	 97.065803	 97.065439	   97.0651	 97.064784	 97.064492	 97.064222	 97.063974	 97.063749	 97.063544	 97.063362	   97.0632	 97.063059	 97.062938	 97.062838	 97.062758	 97.062699	 97.062659	 97.062639	
        99	 98.964072	 98.928152	 98.892249	 98.856372	  98.82053	  98.78473	 98.748981	 98.713291	  98.67767	 98.642125	 98.606664	 98.571296	 98.536029	 98.500872	 98.465831	 98.430915	 98.396132	  98.36149	 98.326996	 98.292658	 98.258483	 98.224478	 98.190651	 98.157009	 98.123559	 98.090308	 98.057261	 98.024427	 97.991811	 97.959419	 97.927259	 97.895334	 97.863653	 97.832219	 97.801039	 97.770118	  97.73946	 97.709072	 97.678958	 97.649122	 97.619569	 97.590304	  97.56133	 97.532651	 97.504271	 97.476193	 97.448422	  97.42096	  97.39381	 97.366975	 97.340458	 97.314261	 97.288387	 97.262837	 97.237614	 97.212719	 97.188154	 97.163921	  97.14002	 97.116452	 97.093219	 97.070321	 97.047759	 97.025533	 97.003644	  96.98209	 96.960873	 96.939992	 96.919446	 96.899235	 96.879359	 96.859816	 96.840605	 96.821725	 96.803176	 96.784954	  96.76706	 96.749491	 96.732245	 96.715321	 96.698717	  96.68243	 96.666457	 96.650798	 96.635449	 96.620407	 96.605671	 96.591237	 96.577102	 96.563264	 96.549719	 96.536465	 96.523499	 96.510816	 96.498414	  96.48629	  96.47444	 96.462861	 96.451549	 96.440501	 96.429713	 96.419181	 96.408902	 96.398873	 96.389089	 96.379547	 96.370243	 96.361173	 96.352334	 96.343721	 96.335331	 96.327161	 96.319205	 96.311462	 96.303925	 96.296593	 96.289461	 96.282525	 96.275781	 96.269227	 96.262857	 96.256669	 96.250658	 96.244821	 96.239155	 96.233655	 96.228318	 96.223141	  96.21812	 96.213251	 96.208531	 96.203957	 96.199526	 96.195233	 96.191076	 96.187051	 96.183155	 96.179386	 96.175739	 96.172212	 96.168802	 96.165506	 96.162321	 96.159244	 96.156272	 96.153402	 96.150632	 96.147959	 96.145381	 96.142894	 96.140497	 96.138187	 96.135961	 96.133818	 96.131754	 96.129768	 96.127857	 96.126019	 96.124253	 96.122556	 96.120926	 96.119361	  96.11786	  96.11642	  96.11504	 96.113718	 96.112453	 96.111242	 96.110085	  96.10898	 96.107925	 96.106919	  96.10596	 96.105048	 96.104181	 96.103358	 96.102577	 96.101838	  96.10114	 96.100482	 96.099862	  96.09928	 96.098735	 96.098226	 96.097752	 96.097314	 96.096909	 96.096538	 96.096199	 96.095893	 96.095619	 96.095376	 96.095165	 96.094984	 96.094834	 96.094714	 96.094625	 96.094565	 96.094535	
        99	 98.952109	 98.904229	 98.856372	  98.80855	 98.760773	 98.713053	   98.6654	 98.617828	 98.570346	 98.522965	 98.475698	 98.428554	 98.381544	  98.33468	 98.287972	 98.241431	 98.195067	  98.14889	  98.10291	 98.057139	 98.011585	 97.966258	 97.921168	 97.876325	 97.831737	 97.787414	 97.743364	 97.699597	 97.656121	 97.612945	 97.570075	 97.527522	 97.485291	 97.443391	 97.401829	 97.360612	 97.319747	 97.279241	   97.2391	  97.19933	 97.159937	 97.120927	 97.082306	 97.044078	 97.006248	 96.968822	 96.931804	 96.895198	 96.859008	 96.823239	 96.787892	 96.752973	 96.718483	 96.684427	 96.650805	 96.617621	 96.584877	 96.552575	 96.520715	 96.489301	 96.458332	  96.42781	 96.397736	 96.368109	 96.338931	 96.310201	 96.281919	 96.254085	 96.226699	 96.199758	 96.173264	 96.147213	 96.121606	  96.09644	 96.071714	 96.047426	 96.023574	 96.000155	 95.977167	 95.954608	 95.932475	 95.910764	 95.889474	 95.868601	 95.848141	 95.828091	 95.808448	 95.789208	 95.770367	 95.751921	 95.733867	   95.7162	 95.698915	  95.68201	 95.665479	 95.649318	 95.633522	 95.618088	 95.603009	 95.588282	 95.573902	 95.559864	 95.546163	 95.532794	 95.519752	 95.507033	 95.494631	 95.482541	 95.470759	 95.459279	 95.448095	 95.437204	   95.4266	 95.416278	 95.406232	 95.396459	 95.386952	 95.377706	 95.368718	  95.35998	  95.35149	 95.343241	 95.335229	 95.327449	 95.319896	 95.312565	 95.305451	  95.29855	 95.291857	 95.285367	 95.279076	 95.272979	 95.267072	 95.261349	 95.255808	 95.250443	 95.245251	 95.240226	 95.235365	 95.230664	 95.226118	 95.221725	 95.217479	 95.213377	 95.209415	  95.20559	 95.201898	 95.198335	 95.194899	 95.191584	 95.188389	 95.185309	 95.182342	 95.179485	 95.176734	 95.174087	  95.17154	  95.16909	 95.166736	 95.164473	 95.162301	 95.160215	 95.158214	 95.156295	 95.154455	 95.152693	 95.151007	 95.149393	 95.147851	 95.146377	 95.144971	  95.14363	 95.142352	 95.141136	  95.13998	 95.138883	 95.137843	 95.136858	 95.135927	  95.13505	 95.134224	 95.133448	 95.132721	 95.132043	 95.131412	 95.130827	 95.130287	 95.129792	 95.129341	 95.128933	 95.128568	 95.128244	 95.127963	 95.127722	 95.127522	 95.127362	 95.127242	 95.127163	 95.127123	
        99	 98.940158	 98.880329	  98.82053	 98.760773	 98.701073	 98.641444	   98.5819	 98.522455	 98.463124	  98.40392	 98.344856	 98.285947	 98.227206	 98.168647	 98.110283	 98.052127	 97.994193	 97.936492	 97.879038	 97.821844	 97.764922	 97.708284	 97.651941	 97.595907	 97.540192	 97.484808	 97.429766	 97.375077	 97.320751	   97.2668	 97.213232	 97.160059	  97.10729	 97.054934	    97.003	 96.951497	 96.900434	 96.849819	 96.799661	 96.749966	 96.700743	 96.651998	 96.603738	  96.55597	   96.5087	 96.461934	 96.415678	 96.369937	 96.324716	  96.28002	 96.235853	 96.192219	 96.149122	 96.106567	 96.064555	  96.02309	 95.982174	 95.941811	 95.902001	 95.862746	 95.824049	 95.785911	 95.748331	 95.711311	 95.674851	 95.638952	 95.603612	 95.568832	 95.534611	 95.500948	 95.467841	  95.43529	 95.403292	 95.371846	  95.34095	   95.3106	 95.280796	 95.251532	 95.222808	 95.194619	 95.166962	 95.139834	 95.113231	 95.087149	 95.061583	  95.03653	 95.011984	 94.987943	   94.9644	 94.941351	 94.918791	 94.896715	 94.875118	 94.853993	 94.833337	 94.813143	 94.793406	 94.774119	 94.755278	 94.736876	 94.718907	 94.701365	 94.684245	  94.66754	 94.651244	  94.63535	 94.619853	 94.604747	 94.590024	 94.575679	 94.561705	 94.548096	 94.534845	 94.521947	 94.509395	 94.497182	 94.485302	  94.47375	 94.462518	   94.4516	 94.440991	 94.430683	 94.420672	  94.41095	 94.401512	 94.392351	 94.383462	 94.374839	 94.366476	 94.358367	 94.350505	 94.342887	 94.335505	 94.328355	 94.321431	 94.314727	 94.308239	  94.30196	 94.295886	 94.290012	 94.284332	 94.278842	 94.273537	 94.268411	 94.263461	 94.258681	 94.254068	 94.249616	 94.245321	  94.24118	 94.237187	 94.233339	 94.229632	 94.226061	 94.222624	 94.219316	 94.216133	 94.213073	 94.210131	 94.207304	 94.204589	 94.201983	 94.199482	 94.197084	 94.194785	 94.192584	 94.190476	  94.18846	 94.186532	 94.184691	 94.182934	 94.181258	 94.179662	 94.178142	 94.176698	 94.175327	 94.174027	 94.172797	 94.171634	 94.170537	 94.169505	 94.168535	 94.167627	  94.16678	 94.165991	  94.16526	 94.164586	 94.163968	 94.163404	 94.162894	 94.162438	 94.162034	 94.161681	  94.16138	  94.16113	 94.160931	 94.160781	 94.160682	 94.160632	
        99	  98.92822	 98.856458	  98.78473	 98.713053	 98.641444	  98.56992	 98.498499	 98.427196	  98.35603	 98.285016	  98.21417	  98.14351	 98.073052	 98.002812	 97.932806	 97.863049	 97.793558	 97.724347	 97.655433	  97.58683	 97.518553	 97.450617	 97.383035	 97.315824	 97.248995	 97.182563	 97.116541	 97.050943	 96.985781	 96.921067	 96.856814	 96.793034	 96.729739	 96.666938	 96.604645	 96.542869	  96.48162	 96.420909	 96.360745	 96.301137	 96.242095	 96.183626	  96.12574	 96.068443	 96.011744	  95.95565	 95.900167	 95.845301	  95.79106	 95.737447	  95.68447	 95.632133	 95.580439	 95.529395	 95.479002	 95.429266	 95.380189	 95.331774	 95.284023	 95.236938	 95.190522	 95.144775	 95.099699	 95.055295	 95.011562	 94.968501	 94.926112	 94.884395	 94.843347	 94.802969	 94.763259	 94.724214	 94.685834	 94.648115	 94.611055	 94.574652	 94.538902	 94.503801	 94.469347	 94.435535	 94.402362	 94.369822	 94.337912	 94.306627	 94.275961	  94.24591	 94.216469	 94.187632	 94.159393	 94.131746	 94.104686	 94.078206	   94.0523	 94.026962	 94.002186	 93.977963	 93.954289	 93.931155	 93.908555	 93.886482	 93.864929	 93.843889	 93.823353	 93.803316	 93.783769	 93.764705	 93.746117	 93.727997	 93.710337	  93.69313	 93.676369	 93.660045	 93.644152	  93.62868	 93.613624	 93.598975	 93.584726	 93.570869	 93.557397	 93.544301	 93.531576	 93.519212	 93.507204	 93.495542	 93.484222	 93.473234	 93.462572	 93.452228	 93.442197	  93.43247	 93.423041	 93.413902	 93.405048	 93.396472	 93.388167	 93.380126	 93.372343	 93.364812	 93.357526	  93.35048	 93.343667	 93.337082	 93.330718	  93.32457	 93.318633	   93.3129	 93.307366	 93.302026	 93.296875	 93.291907	 93.287118	 93.282502	 93.278056	 93.273773	  93.26965	 93.265682	 93.261864	 93.258193	 93.254664	 93.251273	 93.248017	 93.244891	 93.241891	 93.239015	 93.236258	 93.233617	 93.231089	 93.228671	 93.226359	  93.22415	 93.222042	 93.220032	 93.218117	 93.216295	 93.214563	 93.212918	 93.211359	 93.209883	 93.208488	 93.207173	 93.205934	 93.204772	 93.203683	 93.202666	  93.20172	 93.200843	 93.200035	 93.199293	 93.198617	 93.198005	 93.197458	 93.196973	  93.19655	  93.19619	  93.19589	  93.19565	 93.195471	 93.195352	 93.195292	
        99	   98.9163	 98.832621	 98.748981	   98.6654	   98.5819	 98.498499	 98.415217	 98.332073	 98.249089	 98.166281	 98.083671	 98.001277	 97.919118	 97.837214	 97.755582	 97.674241	 97.593209	 97.512505	 97.432147	 97.352151	 97.272536	 97.193318	 97.114514	  97.03614	 96.958213	  96.88075	 96.803764	 96.727272	 96.651288	 96.575828	 96.500905	 96.426533	 96.352727	 96.279498	 96.206859	 96.134824	 96.063404	 95.992611	 95.922456	 95.852949	 95.784102	 95.715924	 95.648425	 95.581613	 95.515498	 95.450088	 95.385391	 95.321415	 95.258165	  95.19565	 95.133875	 95.072846	 95.012568	 94.953047	 94.894286	 94.836291	 94.779063	 94.722608	 94.666927	 94.612024	 94.557899	 94.504556	 94.451994	 94.400215	  94.34922	 94.299009	  94.24958	 94.200935	 94.153071	 94.105987	 94.059682	 94.014154	   93.9694	 93.925417	 93.882203	 93.839755	 93.798067	 93.757138	 93.716962	 93.677535	 93.638853	 93.600909	   93.5637	 93.527219	 93.491462	  93.45642	  93.42209	 93.388464	 93.355535	 93.323297	 93.291743	 93.260866	 93.230658	 93.201113	 93.172221	 93.143977	  93.11637	 93.089395	 93.063042	 93.037304	 93.012172	 92.987637	 92.963691	 92.940326	 92.917533	 92.895304	 92.873629	 92.852499	 92.831907	 92.811843	 92.792298	 92.773263	  92.75473	  92.73669	 92.719133	 92.702052	 92.685436	 92.669278	 92.653568	 92.638298	 92.623459	 92.609043	  92.59504	 92.581442	 92.568241	 92.555429	 92.542996	 92.530935	 92.519238	 92.507895	   92.4969	 92.486245	  92.47592	  92.46592	 92.456235	 92.446859	 92.437784	 92.429002	 92.420506	  92.41229	 92.404346	 92.396667	 92.389247	 92.382078	 92.375154	 92.368469	 92.362016	  92.35579	 92.349783	  92.34399	 92.338406	 92.333024	 92.327838	 92.322844	 92.318037	 92.313409	 92.308958	 92.304677	 92.300562	 92.296609	 92.292811	 92.289166	 92.285669	 92.282314	   92.2791	  92.27602	 92.273072	 92.270252	 92.267557	 92.264981	 92.262523	  92.26018	 92.257947	 92.255822	 92.253802	 92.251884	 92.250066	 92.248345	 92.246718	 92.245184	  92.24374	 92.242384	 92.241115	 92.239929	 92.238826	 92.237804	 92.236861	 92.235996	 92.235207	 92.234494	 92.233856	 92.233291	 92.232798	 92.232377	 92.232027	 92.231748	 92.231539	   92.2314	 92.231331	
        99	   98.9044	 98.808823	 98.713291	 98.617828	 98.522455	 98.427196	 98.332073	 98.237109	 98.142326	 98.047745	 97.953389	 97.859281	 97.765441	 97.671891	 97.578653	 97.485747	 97.393195	 97.301017	 97.209233	 97.117863	 97.026928	 96.936447	 96.846439	 96.756923	 96.667917	 96.579439	 96.491508	  96.40414	 96.317354	 96.231164	 96.145589	 96.060643	 95.976343	 95.892702	 95.809736	  95.72746	 95.645885	 95.565027	 95.484897	 95.405508	 95.326872	 95.249001	 95.171905	 95.095594	 95.020079	 94.945369	 94.871474	 94.798401	 94.726159	 94.654756	 94.584198	 94.514492	 94.445644	  94.37766	 94.310545	 94.244303	 94.178939	 94.114457	  94.05086	  93.98815	 93.926331	 93.865403	 93.805368	 93.746228	 93.687982	 93.630632	 93.574176	 93.518614	 93.463945	 93.410167	 93.357278	 93.305277	  93.25416	 93.203924	 93.154566	 93.106082	 93.058468	 93.011719	 92.965831	 92.920798	 92.876616	 92.833278	 92.790778	 92.749111	 92.708269	 92.668246	 92.629034	 92.590627	 92.553017	 92.516196	 92.480155	 92.444888	 92.410386	 92.376639	  92.34364	 92.311379	 92.279848	 92.249038	 92.218938	  92.18954	 92.160835	 92.132812	 92.105462	 92.078775	 92.052741	 92.027351	 92.002594	 91.978461	  91.95494	 91.932023	   91.9097	 91.887959	 91.866791	 91.846186	 91.826133	 91.806623	 91.787645	 91.769189	 91.751246	 91.733805	 91.716856	  91.70039	 91.684396	 91.668865	 91.653788	 91.639153	 91.624953	 91.611177	 91.597816	 91.584862	 91.572303	 91.560133	  91.54834	 91.536918	 91.525856	 91.515147	 91.504781	 91.494751	 91.485048	 91.475663	  91.46659	 91.457819	 91.449344	 91.441156	 91.433247	 91.425612	 91.418242	  91.41113	 91.404269	 91.397653	 91.391274	 91.385127	 91.379204	 91.373501	 91.368009	 91.362724	  91.35764	  91.35275	  91.34805	 91.343534	 91.339197	 91.335034	 91.331039	 91.327208	 91.323536	 91.320019	 91.316652	 91.313431	 91.310352	  91.30741	 91.304603	 91.301926	 91.299376	 91.296949	 91.294641	 91.292451	 91.290374	 91.288409	 91.286551	 91.284799	  91.28315	 91.281601	 91.280151	 91.278796	 91.277536	 91.276369	 91.275292	 91.274304	 91.273403	 91.272589	  91.27186	 91.271214	 91.270652	 91.270171	 91.269771	 91.269452	 91.269214	 91.269055	 91.268975	
        99	 98.892522	 98.785071	  98.67767	 98.570346	 98.463124	  98.35603	 98.249089	 98.142326	 98.035766	 97.929434	 97.823356	 97.717555	 97.612056	 97.506883	 97.402061	 97.297612	 97.193561	  97.08993	 96.986743	 96.884022	 96.781789	 96.680066	 96.578875	 96.478237	 96.378172	 96.278702	 96.179846	 96.081624	 95.984055	 95.887157	  95.79095	  95.69545	 95.600676	 95.506643	  95.41337	  95.32087	 95.229161	 95.138257	 95.048171	 94.958919	 94.870513	 94.782967	 94.696292	   94.6105	 94.525603	 94.441611	 94.358535	 94.276383	 94.195166	 94.114891	 94.035567	   93.9572	 93.879799	 93.803368	 93.727914	 93.653443	 93.579958	 93.507465	 93.435966	 93.365465	 93.295964	 93.227467	 93.159973	 93.093485	 93.028003	 92.963527	 92.900057	 92.837592	 92.776131	 92.715671	 92.656212	 92.597749	 92.540281	 92.483804	 92.428313	 92.373806	 92.320276	 92.267719	  92.21613	 92.165502	 92.115831	 92.067108	 92.019328	 91.972484	 91.926568	 91.881572	 91.837489	  91.79431	 91.752027	 91.710631	 91.670113	 91.630464	 91.591675	 91.553735	 91.516636	 91.480368	 91.444919	  91.41028	 91.376441	 91.343391	 91.311119	 91.279614	 91.248866	 91.218863	 91.189595	 91.161051	 91.133218	 91.106086	 91.079644	 91.053879	 91.028782	  91.00434	 90.980542	 90.957377	 90.934833	 90.912898	 90.891563	 90.870814	 90.850642	 90.831034	 90.811979	 90.793467	 90.775486	 90.758026	 90.741075	 90.724622	 90.708658	  90.69317	  90.67815	 90.663585	 90.649467	 90.635784	 90.622527	 90.609685	 90.597249	 90.585209	 90.573556	 90.562279	  90.55137	  90.54082	 90.530619	 90.520759	  90.51123	 90.502025	 90.493134	  90.48455	 90.476264	 90.468268	 90.460555	 90.453117	 90.445946	 90.439035	 90.432377	 90.425964	  90.41979	 90.413849	 90.408133	 90.402636	 90.397352	 90.392275	 90.387399	 90.382718	 90.378227	  90.37392	 90.369792	 90.365838	 90.362053	 90.358431	  90.35497	 90.351663	 90.348507	 90.345497	  90.34263	 90.339901	 90.337307	 90.334845	  90.33251	   90.3303	 90.328212	 90.326242	 90.324388	 90.322647	 90.321016	 90.319494	 90.318077	 90.316765	 90.315554	 90.314443	 90.313431	 90.312515	 90.311695	 90.310969	 90.310337	 90.309796	 90.309347	 90.308989	 90.308721	 90.308542	 90.308453	
        99	  98.88067	 98.761369	 98.642125	 98.522965	  98.40392	 98.285016	 98.166281	 98.047745	 97.929434	 97.811377	 97.693601	 97.576132	    97.459	 97.342229	 97.225847	  97.10988	 96.994355	 96.879296	  96.76473	 96.650681	 96.537174	 96.424234	 96.311884	 96.200148	 96.089049	 95.978609	 95.868852	 95.759798	 95.651469	 95.543886	  95.43707	 95.331039	 95.225813	 95.121411	 95.017852	 94.915152	  94.81333	 94.712401	 94.612381	 94.513286	 94.415132	 94.317931	 94.221698	 94.126445	 94.032186	 93.938932	 93.846695	 93.755484	  93.66531	 93.576183	 93.488111	 93.401102	 93.315165	 93.230306	 93.146532	 93.063848	  92.98226	 92.901772	 92.822388	 92.744113	 92.666948	 92.590897	 92.515961	 92.442141	 92.369438	 92.297851	 92.227382	 92.158029	  92.08979	 92.022663	 91.956647	 91.891737	 91.827932	 91.765226	 91.703617	 91.643098	 91.583665	 91.525313	 91.468034	 91.411824	 91.356675	 91.302579	 91.249531	  91.19752	 91.146541	 91.096583	 91.047638	 90.999698	 90.952752	 90.906791	 90.861805	 90.817784	 90.774717	 90.732594	 90.691404	 90.651136	 90.611778	 90.573319	 90.535749	 90.499054	 90.463223	 90.428244	 90.394105	 90.360794	 90.328298	 90.296606	 90.265704	  90.23558	 90.206222	 90.177616	 90.149751	 90.122614	 90.096192	 90.070472	 90.045442	 90.021088	   89.9974	 89.974363	 89.951966	 89.930196	  89.90904	 89.888487	 89.868523	 89.849137	 89.830317	  89.81205	 89.794325	  89.77713	 89.760453	 89.744282	 89.728607	 89.713415	 89.698696	 89.684438	  89.67063	 89.657263	 89.644324	 89.631804	 89.619693	 89.607979	 89.596653	 89.585705	 89.575126	 89.564905	 89.555034	 89.545504	 89.536304	 89.527427	 89.518863	 89.510604	 89.502643	 89.494969	 89.487577	 89.480457	 89.473603	 89.467006	 89.460659	 89.454556	  89.44869	 89.443053	 89.437639	 89.432442	 89.427456	 89.422674	 89.418091	   89.4137	 89.409498	 89.405477	 89.401634	 89.397962	 89.394458	 89.391116	 89.387933	 89.384903	 89.382024	  89.37929	 89.376698	 89.374244	 89.371925	 89.369738	 89.367679	 89.365746	 89.363936	 89.362246	 89.360673	 89.359215	 89.357871	 89.356638	 89.355514	 89.354498	 89.353587	 89.352781	 89.352079	 89.351479	  89.35098	 89.350582	 89.350284	 89.350086	 89.349987	
        99	 98.868846	 98.737724	 98.606664	 98.475698	 98.344856	  98.21417	 98.083671	 97.953389	 97.823356	 97.693601	 97.564154	 97.435046	 97.306307	 97.177966	 97.050053	 96.922595	 96.795623	 96.669163	 96.543245	 96.417895	 96.293142	  96.16901	 96.045528	  95.92272	 95.800613	 95.679231	 95.558598	 95.438738	 95.319675	 95.201432	 95.084032	 94.967494	 94.851842	 94.737096	 94.623275	 94.510399	 94.398487	 94.287558	 94.177628	 94.068714	 93.960834	 93.854001	 93.748233	 93.643542	 93.539944	 93.437449	 93.336072	 93.235823	 93.136715	 93.038756	 92.941958	 92.846328	 92.751875	 92.658608	 92.566533	 92.475656	 92.385983	  92.29752	 92.210271	  92.12424	 92.039429	 91.955842	 91.873481	 91.792346	 91.712439	  91.63376	 91.556308	 91.480082	 91.405082	 91.331304	 91.258746	 91.187405	 91.117277	 91.048359	 90.980644	 90.914129	 90.848807	 90.784673	 90.721719	 90.659939	 90.599325	  90.53987	 90.481564	 90.424401	  90.36837	 90.313462	 90.259668	 90.206977	 90.155379	 90.104864	  90.05542	 90.007037	 89.959703	 89.913406	 89.868135	 89.823877	 89.780619	  89.73835	 89.697056	 89.656725	 89.617344	 89.578899	 89.541378	 89.504766	 89.469051	 89.434218	 89.400254	 89.367145	 89.334878	 89.303438	 89.272812	 89.242986	 89.213945	 89.185677	 89.158167	   89.1314	 89.105365	 89.080045	 89.055429	 89.031502	  89.00825	  88.98566	 88.963718	 88.942411	 88.921726	 88.901649	 88.882168	 88.863269	 88.844939	 88.827166	 88.809938	  88.79324	 88.777063	 88.761392	 88.746217	 88.731525	 88.717304	 88.703544	 88.690232	 88.677357	 88.664909	 88.652877	 88.641249	 88.630016	 88.619167	 88.608691	  88.59858	 88.588823	 88.579411	 88.570334	 88.561584	  88.55315	 88.545025	   88.5372	 88.529666	 88.522416	  88.51544	 88.508733	 88.502285	 88.496089	 88.490139	 88.484427	 88.478947	 88.473691	 88.468654	 88.463829	 88.459209	 88.454791	 88.450566	 88.446531	  88.44268	 88.439007	 88.435508	 88.432178	 88.429013	 88.426008	 88.423159	 88.420462	 88.417914	  88.41551	 88.413247	 88.411123	 88.409133	 88.407275	 88.405547	 88.403945	 88.402467	 88.401112	 88.399877	 88.398759	 88.397759	 88.396873	 88.396101	 88.395442	 88.394894	 88.394456	 88.394129	 88.393911	 88.393802	
        99	 98.857053	 98.714141	 98.571296	 98.428554	 98.285947	  98.14351	 98.001277	 97.859281	 97.717555	 97.576132	 97.435046	  97.29433	 97.154015	 97.014134	 96.874718	   96.7358	 96.597411	  96.45958	  96.32234	 96.185719	 96.049748	 95.914455	 95.779869	 95.646019	 95.512932	 95.380635	 95.249155	 95.118518	  94.98875	 94.859875	 94.731918	 94.604902	  94.47885	 94.353786	 94.229731	 94.106706	 93.984731	 93.863827	 93.744012	 93.625305	 93.507724	 93.391286	 93.276007	 93.161903	 93.048989	 92.937279	 92.826786	 92.717523	 92.609503	 92.502736	 92.397234	 92.293005	  92.19006	 92.088406	 91.988051	 91.889003	 91.791268	  91.69485	 91.599756	 91.505989	 91.413552	 91.322449	 91.232682	 91.144252	  91.05716	 90.971406	  90.88699	  90.80391	 90.722166	 90.641754	 90.562672	 90.484916	 90.408483	 90.333367	 90.259564	 90.187068	 90.115872	 90.045971	 89.977357	 89.910022	 89.843957	 89.779156	 89.715608	 89.653304	 89.592235	  89.53239	 89.473759	  89.41633	 89.360093	 89.305036	 89.251146	 89.198413	 89.146822	 89.096363	 89.047021	 88.998783	 88.951636	 88.905566	 88.860559	 88.816602	 88.773679	 88.731778	 88.690882	 88.650979	 88.612052	 88.574087	 88.537069	 88.500983	 88.465814	 88.431547	 88.398168	 88.365659	 88.334008	 88.303198	 88.273214	 88.244041	 88.215664	 88.188068	 88.161238	 88.135159	 88.109817	 88.085195	 88.061281	 88.038058	 88.015513	 87.993631	 87.972398	 87.951799	 87.931822	 87.912451	 87.893673	 87.875474	 87.857842	 87.840762	 87.824222	 87.808209	  87.79271	 87.777712	 87.763203	 87.749171	 87.735604	 87.722489	 87.709816	 87.697573	 87.685748	 87.674331	 87.663311	 87.652677	 87.642418	 87.632525	 87.622987	 87.613796	  87.60494	 87.596411	   87.5882	 87.580298	 87.572695	 87.565384	 87.558357	 87.551604	 87.545119	 87.538894	  87.53292	 87.527192	 87.521702	 87.516443	 87.511408	 87.506592	 87.501988	  87.49759	 87.493392	 87.489389	 87.485575	 87.481946	 87.478496	 87.475221	 87.472116	 87.469177	 87.466399	 87.463779	 87.461313	 87.458998	 87.456829	 87.454804	  87.45292	 87.451174	 87.449564	 87.448087	  87.44674	 87.445523	 87.444432	 87.443467	 87.442625	 87.441907	 87.441309	 87.440833	 87.440476	 87.440238	 87.440119	
        99	 98.845294	 98.690625	 98.536029	 98.381544	 98.227206	 98.073052	 97.919118	 97.765441	 97.612056	    97.459	 97.306307	 97.154015	 97.002157	 96.850769	 96.699884	 96.549538	 96.399764	 96.250596	 96.102065	 95.954206	 95.807049	 95.660626	 95.514969	 95.370108	 95.226072	 95.082892	 94.940596	 94.799213	 94.658769	 94.519292	 94.380809	 94.243344	 94.106923	 93.971571	  93.83731	 93.704164	 93.572156	 93.441305	 93.311634	 93.183162	 93.055909	 92.929892	  92.80513	 92.681639	 92.559436	 92.438536	 92.318953	 92.200702	 92.083796	 91.968246	 91.854065	 91.741262	 91.629848	 91.519832	 91.411222	 91.304025	  91.19825	   91.0939	 90.990983	 90.889502	 90.789462	 90.690864	 90.593712	 90.498008	 90.403751	 90.310943	 90.219582	 90.129668	 90.041199	 89.954172	 89.868585	 89.784433	 89.701712	 89.620417	 89.540542	 89.462082	  89.38503	 89.309378	 89.235119	 89.162245	 89.090746	 89.020614	 88.951838	 88.884409	 88.818316	 88.753548	 88.690094	 88.627941	 88.567077	 88.507491	 88.449168	 88.392097	 88.336262	 88.281651	  88.22825	 88.176044	 88.125018	 88.075159	  88.02645	 87.978876	 87.932423	 87.887074	 87.842815	 87.799628	 87.757499	 87.716411	 87.676348	 87.637293	 87.599232	 87.562146	  87.52602	 87.490838	 87.456582	 87.423238	 87.390787	 87.359214	 87.328503	 87.298637	   87.2696	 87.241376	 87.213948	 87.187302	  87.16142	 87.136286	 87.111887	 87.088205	 87.065225	 87.042932	 87.021311	 87.000346	 86.980024	 86.960328	 86.941245	 86.922761	  86.90486	  86.88753	 86.870755	 86.854524	 86.838821	 86.823635	 86.808951	 86.794758	 86.781042	 86.767792	 86.754994	 86.742638	 86.730711	 86.719202	   86.7081	 86.697393	 86.687071	 86.677123	 86.667539	 86.658308	 86.649422	 86.640869	 86.632641	 86.624729	 86.617123	 86.609815	 86.602797	 86.596059	 86.589594	 86.583395	 86.577453	 86.571761	 86.566312	   86.5611	 86.556117	 86.551357	 86.546814	 86.542482	 86.538355	 86.534427	 86.530693	 86.527149	 86.523788	 86.520607	 86.517601	 86.514766	 86.512097	  86.50959	 86.507243	 86.505052	 86.503013	 86.501124	 86.499381	 86.497782	 86.496325	 86.495007	 86.493827	 86.492782	 86.491871	 86.491093	 86.490447	 86.489931	 86.489545	 86.489288	 86.489159	
        99	 98.833571	 98.667182	 98.500872	  98.33468	 98.168647	 98.002812	 97.837214	 97.671891	 97.506883	 97.342229	 97.177966	 97.014134	 96.850769	 96.687909	 96.525591	 96.363853	 96.202729	 96.042257	 95.882472	 95.723408	   95.5651	 95.407582	 95.250888	  95.09505	   94.9401	  94.78607	 94.632992	 94.480894	 94.329808	 94.179763	 94.030785	 93.882904	 93.736146	 93.590537	 93.446103	 93.302868	 93.160856	  93.02009	 92.880593	 92.742386	  92.60549	 92.469924	 92.335708	  92.20286	 92.071397	 91.941335	 91.812691	  91.68548	 91.559715	 91.435409	 91.312575	 91.191225	 91.071368	 90.953015	 90.836175	 90.720856	 90.607065	 90.494809	 90.384093	 90.274922	 90.167301	 90.061232	 89.956719	 89.853762	 89.752363	 89.652522	 89.554239	 89.457511	 89.362338	 89.268717	 89.176644	 89.086115	 88.997126	 88.909671	 88.823744	 88.739338	 88.656447	 88.575063	 88.495177	 88.416781	 88.339864	 88.264417	  88.19043	 88.117892	 88.046791	 87.977115	 87.908852	 87.841989	 87.776513	 87.712412	  87.64967	 87.588274	 87.528208	 87.469459	 87.412012	 87.355849	 87.300957	 87.247319	 87.194919	 87.143741	 87.093768	 87.044983	 86.997369	  86.95091	 86.905589	 86.861387	 86.818288	 86.776275	 86.735329	 86.695433	 86.656569	 86.618721	  86.58187	 86.545998	 86.511089	 86.477124	 86.444085	 86.411956	 86.380719	 86.350356	  86.32085	 86.292184	 86.264341	 86.237303	 86.211055	 86.185578	 86.160857	 86.136875	 86.113615	 86.091062	   86.0692	 86.048012	 86.027483	 86.007598	 85.988341	 85.969697	 85.951651	  85.93419	 85.917298	  85.90096	 85.885164	 85.869895	  85.85514	 85.840886	 85.827119	 85.813826	 85.800995	 85.788614	  85.77667	 85.765152	 85.754048	 85.743346	 85.733036	 85.723106	 85.713546	 85.704345	 85.695494	 85.686982	   85.6788	 85.670938	 85.663388	  85.65614	 85.649185	 85.642516	 85.636124	 85.630001	 85.624139	 85.618532	 85.613171	 85.608051	 85.603163	 85.598503	 85.594063	 85.589837	 85.585821	 85.582008	 85.578393	 85.574971	 85.571737	 85.568686	 85.565815	 85.563119	 85.560594	 85.558237	 85.556043	  85.55401	 85.552136	 85.550416	 85.548848	  85.54743	 85.546161	 85.545037	 85.544057	  85.54322	 85.542525	  85.54197	 85.541554	 85.541278	 85.541139	
        99	 98.821887	 98.643817	 98.465831	 98.287972	 98.110283	 97.932806	 97.755582	 97.578653	 97.402061	 97.225847	 97.050053	 96.874718	 96.699884	 96.525591	 96.351878	 96.178785	  96.00635	 95.834612	 95.663609	 95.493379	 95.323957	 95.155381	 94.987686	 94.820907	 94.655079	 94.490236	 94.326411	 94.163636	 94.001943	 93.841364	 93.681928	 93.523665	 93.366604	 93.210772	 93.056198	 92.902908	 92.750926	 92.600278	 92.450988	 92.303078	 92.156571	 92.011488	 91.867849	 91.725675	 91.584982	  91.44579	 91.308115	 91.171973	 91.037378	 90.904346	 90.772889	 90.643019	 90.514748	 90.388086	 90.263044	 90.139629	 90.017849	 89.897712	 89.779224	 89.662389	 89.547212	 89.433697	 89.321846	 89.211661	 89.103144	 88.996294	  88.89111	 88.787592	 88.685738	 88.585544	 88.487007	 88.390123	 88.294886	 88.201291	 88.109332	 88.019001	 87.930291	 87.843193	 87.757699	 87.673798	 87.591482	 87.510739	 87.431557	 87.353926	 87.277834	 87.203266	 87.130211	 87.058654	 86.988582	  86.91998	 86.852833	 86.787127	 86.722845	 86.659972	 86.598491	 86.538386	  86.47964	 86.422237	 86.366158	 86.311387	 86.257905	 86.205695	 86.154739	 86.105019	 86.056515	  86.00921	 85.963086	 85.918123	 85.874302	 85.831605	 85.790014	 85.749508	  85.71007	  85.67168	  85.63432	  85.59797	 85.562612	 85.528228	 85.494797	 85.462303	 85.430726	 85.400047	 85.370249	 85.341314	 85.313222	 85.285957	   85.2595	 85.233835	 85.208942	 85.184806	 85.161408	 85.138733	 85.116763	 85.095482	 85.074873	  85.05492	 85.035608	  85.01692	 84.998842	 84.981358	 84.964453	 84.948112	 84.932321	 84.917066	 84.902332	 84.888107	 84.874375	 84.861125	 84.848343	 84.836016	 84.824132	 84.812679	 84.801645	 84.791018	 84.780786	  84.77094	 84.761467	 84.752358	 84.743601	 84.735188	 84.727107	  84.71935	 84.711907	  84.70477	 84.697929	 84.691376	 84.685103	 84.679102	 84.673365	 84.667885	 84.662654	 84.657667	 84.652915	 84.648393	 84.644095	 84.640014	 84.636145	 84.632483	 84.629022	 84.625757	 84.622684	 84.619799	 84.617097	 84.614574	 84.612226	 84.610051	 84.608044	 84.606204	 84.604526	 84.603009	  84.60165	 84.600447	 84.599399	 84.598503	 84.597759	 84.597165	  84.59672	 84.596424	 84.596276	
        99	 98.810245	 98.620535	 98.430915	 98.241431	 98.052127	 97.863049	 97.674241	 97.485747	 97.297612	  97.10988	 96.922595	   96.7358	 96.549538	 96.363853	 96.178785	 95.994378	 95.810672	 95.627708	 95.445528	  95.26417	 95.083674	 94.904079	 94.725423	 94.547743	 94.371076	 94.195458	 94.020924	 93.847509	 93.675248	 93.504172	 93.334314	 93.165706	 92.998379	 92.832362	 92.667684	 92.504374	 92.342458	 92.181963	 92.022914	 91.865337	 91.709253	 91.554687	  91.40166	 91.250192	 91.100303	 90.952013	 90.805338	 90.660297	 90.516905	 90.375177	 90.235127	 90.096769	 89.960113	 89.825173	 89.691957	 89.560475	 89.430735	 89.302745	 89.176512	  89.05204	 88.929335	   88.8084	 88.689238	 88.571851	  88.45624	 88.342406	 88.230347	 88.120063	 88.011551	 87.904808	  87.79983	 87.696613	 87.595151	 87.495438	 87.397468	 87.301233	 87.206724	 87.113933	 87.022851	 86.933466	 86.845769	 86.759748	 86.675391	 86.592686	  86.51162	 86.432178	 86.354347	 86.278114	 86.203461	 86.130375	 86.058839	 85.988838	 85.920354	 85.853371	 85.787872	 85.723838	 85.661253	 85.600097	 85.540353	 85.482001	 85.425024	 85.369401	 85.315115	 85.262144	  85.21047	 85.160073	 85.110934	 85.063032	 85.016347	 84.970859	 84.926549	 84.883396	  84.84138	 84.800481	 84.760678	 84.721953	 84.684284	 84.647652	 84.612036	 84.577418	 84.543776	 84.511093	 84.479347	  84.44852	 84.418592	 84.389545	 84.361359	 84.334015	 84.307496	 84.281782	 84.256855	 84.232698	 84.209291	 84.186619	 84.164663	 84.143406	 84.122832	 84.102923	 84.083663	 84.065036	 84.047026	 84.029617	 84.012794	 83.996542	 83.980845	 83.965689	  83.95106	 83.936944	 83.923326	 83.910193	 83.897533	 83.885331	 83.873576	 83.862254	 83.851354	 83.840864	 83.830772	 83.821067	 83.811738	 83.802775	 83.794166	 83.785902	 83.777973	 83.770369	 83.763081	 83.756099	 83.749416	 83.743023	 83.736911	 83.731073	   83.7255	 83.720187	 83.715125	 83.710307	 83.705728	  83.70138	 83.697258	 83.693356	 83.689669	 83.686191	 83.682918	 83.679844	 83.676965	 83.674277	 83.671776	 83.669459	 83.667321	  83.66536	 83.663573	 83.661956	 83.660509	 83.659227	  83.65811	 83.657156	 83.656363	  83.65573	 83.655257	 83.654941	 83.654784	
        99	 98.798647	 98.597342	 98.396132	 98.195067	 97.994193	 97.793558	 97.593209	 97.393195	 97.193561	 96.994355	 96.795623	 96.597411	 96.399764	 96.202729	  96.00635	 95.810672	 95.615738	 95.421591	 95.228276	 95.035833	 94.844305	 94.653733	 94.464157	 94.275617	 94.088152	   93.9018	 93.716599	 93.532585	 93.349795	 93.168263	 92.988023	  92.80911	 92.631556	 92.455392	 92.280649	 92.107356	 91.935544	  91.76524	  91.59647	 91.429261	 91.263637	 91.099624	 90.937243	 90.776517	 90.617468	 90.460114	 90.304475	 90.150568	 89.998412	 89.848022	 89.699412	 89.552597	 89.407589	   89.2644	 89.123042	 88.983524	 88.845855	 88.710042	 88.576093	 88.444013	 88.313808	 88.185482	 88.059036	 87.934475	 87.811798	 87.691006	 87.572098	 87.455073	 87.339929	 87.226661	 87.115267	 87.005741	 86.898078	 86.792271	 86.688313	 86.586195	  86.48591	 86.387448	 86.290798	 86.195951	 86.102894	 86.011615	 85.922102	 85.834342	  85.74832	 85.664023	 85.581436	 85.500542	 85.421327	 85.343774	 85.267866	 85.193586	 85.120917	  85.04984	 84.980337	 84.912389	 84.845978	 84.781085	 84.717689	 84.655771	 84.595311	 84.536289	 84.478684	 84.422476	 84.367644	 84.314167	 84.262024	 84.211194	 84.161656	 84.113388	 84.066369	 84.020579	 83.975995	 83.932596	  83.89036	 83.849268	 83.809297	 83.770425	 83.732633	 83.695899	 83.660201	  83.62552	 83.591834	 83.559123	 83.527366	 83.496543	 83.466634	  83.43762	 83.409479	 83.382194	 83.355743	 83.330109	 83.305272	 83.281214	 83.257916	  83.23536	 83.213528	 83.192402	 83.171965	   83.1522	 83.133089	 83.114616	 83.096765	 83.079519	 83.062863	 83.046781	 83.031258	 83.016279	 83.001829	 82.987893	 82.974459	 82.961511	 82.949037	 82.937024	 82.925458	 82.914326	 82.903618	  82.89332	 82.883421	 82.873909	 82.864774	 82.856005	 82.847591	 82.839522	 82.831789	 82.824381	 82.817289	 82.810505	  82.80402	 82.797825	 82.791912	 82.786273	 82.780902	  82.77579	  82.77093	 82.766317	 82.761943	 82.757803	 82.753891	   82.7502	 82.746726	 82.743465	  82.74041	 82.737558	 82.734904	 82.732445	 82.730176	 82.728095	 82.726199	 82.724484	 82.722948	 82.721588	 82.720403	  82.71939	 82.718549	 82.717877	 82.717375	  82.71704	 82.716873	
