Time step 23:
        99	        99	        99	        99	        99	        99	        99	        99	        99	        99	        99	        99	        99	        99	        99	        99	        99	        99	        99	        99	        99	        99	        99	        99	        99	        99	        99	        99	        99	        99	        99	        99	        99	        99	        99	        99	        99	        99	        99	        99	        99	        99	        99	        99	        99	        99	        99	        99	        99	        99	        99	        99	        99	        99	        99	        99	        99	        99	        99	        99	        99	        99	        99	        99	        99	        99	        99	        99	        99	        99	        99	        99	        99	        99	        99	        99	        99	        99	        99	        99	        99	        99	        99	        99	        99	        99	        99	        99	        99	        99	        99	        99	        99	        99	        99	        99	        99	        99	        99	        99	        99	        99	        99	        99	        99	        99	        99	        99	        99	        99	        99	        99	        99	        99	        99	        99	        99	        99	        99	        99	        99	        99	        99	        99	        99	        99	        99	        99	        99	        99	        99	        99	        99	        99	        99	        99	        99	        99	        99	        99	        99	        99	        99	        99	        99	        99	        99	        99	        99	        99	        99	        99	        99	        99	        99	        99	        99	        99	        99	        99	        99	        99	        99	        99	        99	        99	        99	        99	        99	        99	        99	        99	        99	        99	        99	        99	        99	        99	        99	        99	        99	        99	        99	        99	        99	        99	        99	        99	        99	        99	        99	        99	        99	        99	        99	        99	        99	        99	        99	        99	
        99	 98.972398	  98.94481	 98.917254	 98.889742	 98.862291	 98.834915	 98.807629	 98.780447	 98.753385	 98.726456	 98.699675	 98.673055	 98.646609	 98.620352	 98.594296	 98.568453	 98.542837	 98.517458	 98.492329	  98.46746	 98.442863	 98.418548	 98.394525	 98.370804	 98.347392	   98.3243	 98.301535	 98.279105	 98.257018	 98.235279	 98.213895	 98.192872	 98.172215	 98.151928	 98.132017	 98.112485	 98.093335	  98.07457	 98.056192	 98.038204	 98.020606	   98.0034	 97.986586	 97.970164	 97.954135	 97.938496	 97.923247	 97.908387	 97.893913	 97.879823	 97.866114	 97.852784	 97.839829	 97.827246	  97.81503	 97.803177	 97.791683	 97.780543	 97.769752	 97.759306	 97.749197	 97.739421	 97.729973	 97.720845	 97.712033	 97.703529	 97.695328	 97.687423	 97.679808	 97.672476	  97.66542	 97.658634	  97.65211	 97.645843	 97.639825	  97.63405	 97.628511	 97.623201	 97.618114	 97.613243	  97.60858	 97.604121	 97.599858	 97.595784	 97.591894	 97.588182	  97.58464	 97.581264	 97.578047	 97.574983	 97.572067	 97.569292	 97.566655	 97.564149	 97.561768	 97.559509	 97.557365	 97.555333	 97.553407	 97.551583	 97.549856	 97.548223	 97.546678	 97.545218	  97.54384	 97.542538	  97.54131	 97.540152	 97.539061	 97.538033	 97.537065	 97.536154	 97.535298	 97.534493	 97.533737	 97.533027	 97.532361	 97.531736	 97.531151	 97.530602	 97.530089	 97.529608	 97.529159	 97.528739	 97.528346	  97.52798	 97.527638	 97.527319	 97.527021	 97.526744	 97.526486	 97.526246	 97.526023	 97.525815	 97.525622	 97.525443	 97.525277	 97.525123	  97.52498	 97.524847	 97.524725	 97.524611	 97.524506	 97.524409	 97.524319	 97.524237	  97.52416	 97.524089	 97.524024	 97.523964	 97.523909	 97.523858	 97.523812	 97.523769	 97.523729	 97.523693	  97.52366	 97.523629	 97.523601	 97.523575	 97.523552	  97.52353	  97.52351	 97.523492	 97.523476	 97.523461	 97.523447	 97.523435	 97.523423	 97.523413	 97.523403	 97.523395	 97.523387	  97.52338	 97.523373	 97.523367	 97.523362	 97.523357	 97.523353	 97.523349	 97.523345	 97.523342	 97.523339	 97.523337	 97.523334	 97.523332	  97.52333	 97.523329	 97.523327	 97.523326	 97.523325	 97.523324	 97.523323	 97.523322	 97.523322	 97.523321	 97.523321	 97.523321	  97.52332	
        99	  98.94481	 98.889651	 98.834553	 98.779544	 98.724657	  98.66992	 98.615363	 98.561015	 98.506906	 98.453063	 98.399515	 98.346289	 98.293413	 98.240913	 98.188814	 98.137143	 98.085924	 98.035181	 97.984936	 97.935213	 97.886032	 97.837416	 97.789383	 97.741953	 97.695143	 97.648971	 97.603454	 97.558607	 97.514443	 97.470977	 97.428221	 97.386186	 97.344883	 97.304322	 97.264511	 97.225457	 97.187167	 97.149648	 97.112903	 97.076936	  97.04175	 97.007347	 96.973729	 96.940894	 96.908843	 96.877574	 96.847085	 96.817372	 96.788432	  96.76026	 96.732851	 96.706198	 96.680295	 96.655135	  96.63071	 96.607011	 96.584029	 96.561756	  96.54018	 96.519292	  96.49908	 96.479535	 96.460643	 96.442393	 96.424773	  96.40777	 96.391373	 96.375567	 96.360341	  96.34568	 96.331572	 96.318003	  96.30496	 96.292429	 96.280397	 96.268851	 96.257775	 96.247159	 96.236987	 96.227246	 96.217924	 96.209008	 96.200483	 96.192339	 96.184561	 96.177138	 96.170057	 96.163306	 96.156873	 96.150747	 96.144917	  96.13937	 96.134096	 96.129085	 96.124326	 96.119808	 96.115523	 96.111459	 96.107608	 96.103961	 96.100509	 96.097243	 96.094154	 96.091235	 96.088478	 96.085876	 96.083421	 96.081105	 96.078923	 96.076867	 96.074932	 96.073112	 96.071399	  96.06979	 96.068278	 96.066859	 96.065527	 96.064278	 96.063107	 96.062011	 96.060984	 96.060023	 96.059125	 96.058285	   96.0575	 96.056767	 96.056083	 96.055445	 96.054851	 96.054297	 96.053781	 96.053301	 96.052855	  96.05244	 96.052054	 96.051696	 96.051364	 96.051055	 96.050769	 96.050505	 96.050259	 96.050032	 96.049822	 96.049628	 96.049449	 96.049283	  96.04913	 96.048989	 96.048859	 96.048739	 96.048629	 96.048527	 96.048433	 96.048347	 96.048268	 96.048196	 96.048129	 96.048068	 96.048012	 96.047961	 96.047914	 96.047871	 96.047831	 96.047795	 96.047762	 96.047732	 96.047705	  96.04768	 96.047657	 96.047636	 96.047617	   96.0476	 96.047584	  96.04757	 96.047557	 96.047545	 96.047534	 96.047525	 96.047516	 96.047508	 96.047501	 96.047495	 96.047489	 96.047484	 96.047479	 96.047475	 96.047471	 96.047468	 96.047465	 96.047462	  96.04746	 96.047458	 96.047456	 96.047455	 96.047454	 96.047453	 96.047452	 96.047452	 96.047451	
        99	 98.917254	 98.834553	 98.751942	 98.669468	 98.587174	 98.505107	 98.423309	 98.341824	 98.260697	  98.17997	 98.099684	 98.019882	 97.940604	  97.86189	 97.783778	 97.706307	 97.629513	 97.553432	   97.4781	 97.403549	 97.329813	 97.256921	 97.184904	 97.113791	 97.043609	 96.974384	 96.906139	 96.838898	 96.772683	 96.707514	 96.643409	 96.580386	  96.51846	 96.457646	 96.397956	 96.339402	 96.281994	 96.225741	 96.170648	 96.116722	 96.063968	 96.012387	 95.961982	 95.912753	 95.864699	 95.817817	 95.772104	 95.727555	 95.684165	 95.641926	 95.600831	  95.56087	 95.522034	 95.484311	  95.44769	 95.412158	 95.377701	 95.344306	 95.311957	 95.280639	 95.250336	  95.22103	 95.192705	 95.165343	 95.138925	 95.113433	 95.088848	 95.065151	 95.042321	 95.020341	 94.999188	 94.978844	 94.959289	 94.940501	 94.922461	 94.905149	 94.888544	 94.872626	 94.857375	 94.842771	 94.828794	 94.815426	 94.802645	 94.790434	 94.778772	 94.767643	 94.757026	 94.746904	  94.73726	 94.728075	 94.719333	 94.711017	  94.70311	 94.695597	 94.688461	 94.681688	 94.675262	  94.66917	 94.663396	 94.657928	 94.652752	 94.647854	 94.643224	 94.638848	 94.634714	 94.630812	 94.627131	 94.623659	 94.620388	 94.617306	 94.614404	 94.611674	 94.609107	 94.606694	 94.604428	   94.6023	 94.600303	  94.59843	 94.596675	 94.595031	 94.593491	 94.592051	 94.590704	 94.589444	 94.588268	 94.587169	 94.586144	 94.585187	 94.584296	 94.583466	 94.582692	 94.581973	 94.581303	 94.580681	 94.580103	 94.579566	 94.579067	 94.578605	 94.578177	  94.57778	 94.577412	 94.577071	 94.576757	 94.576465	 94.576196	 94.575948	 94.575719	 94.575507	 94.575312	 94.575132	 94.574967	 94.574814	 94.574674	 94.574545	 94.574427	 94.574318	 94.574218	 94.574126	 94.574042	 94.573965	 94.573895	  94.57383	 94.573771	 94.573717	 94.573668	 94.573623	 94.573582	 94.573544	  94.57351	 94.573479	  94.57345	 94.573424	 94.573401	 94.573379	  94.57336	 94.573342	 94.573326	 94.573312	 94.573299	 94.573287	 94.573276	 94.573267	 94.573258	  94.57325	 94.573243	 94.573237	 94.573231	 94.573226	 94.573222	 94.573218	 94.573214	 94.573212	 94.573209	 94.573207	 94.573205	 94.573204	 94.573203	 94.573202	 94.573202	
        99	 98.889742	 98.779544	 98.669468	 98.559572	 98.449918	 98.340564	  98.23157	 98.122994	 98.014893	 97.907326	 97.800347	 97.694012	 97.588376	  97.48349	 97.379408	 97.276179	 97.173853	 97.072477	 96.972098	 96.872761	 96.774508	 96.677381	 96.581421	 96.486664	 96.393148	 96.300906	 96.209971	 96.120374	 96.032144	 95.945307	 95.859889	 95.775911	 95.693397	 95.612363	 95.532828	 95.454806	 95.378311	 95.303354	 95.229944	 95.158089	 95.087795	 95.019064	 94.951901	 94.886304	 94.822273	 94.759803	 94.698892	 94.639531	 94.581715	 94.525432	 94.470674	 94.417427	 94.365678	 94.315413	 94.266616	  94.21927	 94.173358	 94.128859	 94.085755	 94.044024	 94.003646	 93.964597	 93.926854	 93.890394	 93.855193	 93.821226	 93.788467	  93.75689	 93.726471	 93.697182	 93.668997	 93.641889	 93.615831	 93.590797	 93.566759	 93.543691	 93.521565	 93.500355	 93.480033	 93.460574	  93.44195	 93.424136	 93.407107	 93.390835	 93.375297	 93.360467	  93.34632	 93.332833	 93.319982	 93.307744	 93.296095	 93.285014	 93.274478	 93.264467	 93.254959	 93.245934	 93.237372	 93.229253	  93.22156	 93.214274	 93.207377	 93.200851	 93.194681	  93.18885	 93.183342	 93.178143	 93.173238	 93.168612	 93.164252	 93.160146	  93.15628	 93.152642	 93.149221	 93.146006	 93.142986	 93.140151	  93.13749	 93.134995	 93.132656	 93.130465	 93.128414	 93.126494	 93.124699	 93.123021	 93.121453	 93.119989	 93.118623	 93.117349	 93.116161	 93.115055	 93.114024	 93.113065	 93.112173	 93.111344	 93.110573	 93.109858	 93.109194	 93.108578	 93.108007	 93.107478	 93.106988	 93.106534	 93.106115	 93.105727	 93.105368	 93.105037	 93.104732	  93.10445	  93.10419	 93.103951	  93.10373	 93.103527	  93.10334	 93.103168	 93.103011	 93.102866	 93.102732	  93.10261	 93.102498	 93.102396	 93.102302	 93.102216	 93.102137	 93.102065	 93.101999	 93.101939	 93.101884	 93.101834	 93.101789	 93.101747	 93.101709	 93.101675	 93.101643	 93.101615	 93.101589	 93.101565	 93.101544	 93.101525	 93.101507	 93.101492	 93.101477	 93.101464	 93.101453	 93.101442	 93.101433	 93.101425	 93.101417	 93.101411	 93.101405	   93.1014	 93.101395	 93.101391	 93.101388	 93.101385	 93.101383	 93.101381	  93.10138	 93.101379	 93.101378	
        99	 98.862291	 98.724657	 98.587174	 98.449918	 98.312963	 98.176383	 98.040252	 97.904643	 97.769629	  97.63528	 97.501666	 97.368857	  97.23692	 97.105921	 96.975925	 96.846995	 96.719192	 96.592577	 96.467206	 96.343136	 96.220421	 96.099113	 95.979261	 95.860912	 95.744113	 95.628905	  95.51533	 95.403426	 95.293229	 95.184772	 95.078087	 94.973202	 94.870143	 94.768934	 94.669597	  94.57215	 94.476609	  94.38299	 94.291303	 94.201558	 94.113762	 94.027921	 93.944035	 93.862106	 93.782133	  93.70411	 93.628033	 93.553894	 93.481683	 93.411387	 93.342995	 93.276491	 93.211859	 93.149079	 93.088133	 93.028999	 92.971656	 92.916078	 92.862243	 92.810122	 92.759691	 92.710919	  92.66378	 92.618243	 92.574277	 92.531853	 92.490937	   92.4515	 92.413506	 92.376925	 92.341723	 92.307866	 92.275321	 92.244054	 92.214031	 92.185219	 92.157585	 92.131093	 92.105712	 92.081408	 92.058148	 92.035899	  92.01463	 91.994307	   91.9749	 91.956377	 91.938709	 91.921864	 91.905813	 91.890528	 91.875979	 91.862139	  91.84898	 91.836476	 91.824601	 91.813329	 91.802635	 91.792496	 91.782887	 91.773787	 91.765172	 91.757022	 91.749316	 91.742033	 91.735154	  91.72866	 91.722533	 91.716756	 91.711311	 91.706182	 91.701353	  91.69681	 91.692538	 91.688522	  91.68475	 91.681209	 91.677886	 91.674769	 91.671848	 91.669112	  91.66655	 91.664152	  91.66191	 91.659814	 91.657856	 91.656027	 91.654321	  91.65273	 91.651246	 91.649864	 91.648577	  91.64738	 91.646266	  91.64523	 91.644268	 91.643374	 91.642545	 91.641775	 91.641062	 91.640401	 91.639789	 91.639223	 91.638699	 91.638214	 91.637767	 91.637353	 91.636972	  91.63662	 91.636295	 91.635996	  91.63572	 91.635467	 91.635233	 91.635019	 91.634822	 91.634641	 91.634474	 91.634322	 91.634182	 91.634054	 91.633936	 91.633829	 91.633731	 91.633641	 91.633559	 91.633483	 91.633415	 91.633352	 91.633295	 91.633244	 91.633196	 91.633153	 91.633114	 91.633078	 91.633046	 91.633017	  91.63299	 91.632966	 91.632944	 91.632925	 91.632907	 91.632891	 91.632876	 91.632863	 91.632851	 91.632841	 91.632832	 91.632823	 91.632816	  91.63281	 91.632804	 91.632799	 91.632795	 91.632792	 91.632789	 91.632786	 91.632785	 91.632784	 91.632783	
        99	 98.834915	  98.66992	 98.505107	 98.340564	 98.176383	 98.012651	 97.849458	 97.686891	 97.525036	 97.363979	 97.203804	 97.044593	 96.886427	 96.729386	 96.573547	 96.418987	 96.265778	 96.113992	 95.963698	 95.814964	 95.667854	  95.52243	 95.378751	 95.236876	 95.096857	 94.958747	 94.822593	 94.688443	  94.55634	 94.426322	 94.298428	 94.172692	 94.049146	 93.927817	 93.808732	 93.691913	 93.577379	 93.465149	 93.355235	 93.247649	   93.1424	 93.039493	 92.938932	 92.840716	 92.744844	 92.651311	  92.56011	 92.471233	 92.384666	 92.300396	 92.218408	 92.138683	 92.061202	 91.985942	  91.91288	 91.841991	 91.773248	 91.706622	 91.642084	 91.579602	 91.519145	 91.460678	 91.404168	 91.349578	 91.296872	 91.246014	 91.196965	 91.149687	 91.104141	 91.060288	 91.018087	   90.9775	 90.938485	 90.901002	 90.865011	 90.830472	 90.797343	 90.765586	 90.735159	 90.706023	 90.678139	 90.651467	 90.625969	 90.601607	 90.578342	 90.556137	 90.534956	 90.514762	 90.495521	 90.477197	 90.459756	 90.443164	 90.427389	   90.4124	 90.398164	 90.384651	 90.371831	 90.359676	 90.348157	 90.337248	 90.326921	 90.317151	 90.307912	 90.299182	 90.290935	 90.283151	 90.275806	  90.26888	 90.262352	 90.256204	 90.250415	 90.244969	 90.239847	 90.235033	 90.230511	 90.226266	 90.222282	 90.218546	 90.215045	 90.211764	 90.208693	 90.205819	 90.203131	 90.200618	  90.19827	 90.196079	 90.194033	 90.192126	 90.190347	  90.18869	 90.187148	 90.185712	 90.184376	 90.183135	 90.181981	  90.18091	 90.179916	 90.178993	 90.178138	 90.177346	 90.176612	 90.175933	 90.175305	 90.174724	 90.174188	 90.173692	 90.173235	 90.172813	 90.172424	 90.172065	 90.171735	 90.171431	 90.171151	 90.170894	 90.170657	  90.17044	 90.170241	 90.170058	  90.16989	 90.169737	 90.169596	 90.169467	 90.169349	 90.169242	 90.169143	 90.169053	 90.168971	 90.168896	 90.168828	 90.168765	 90.168709	 90.168657	  90.16861	 90.168567	 90.168529	 90.168494	 90.168462	 90.168433	 90.168407	 90.168383	 90.168362	 90.168342	 90.168325	 90.168309	 90.168295	 90.168283	 90.168272	 90.168262	 90.168253	 90.168245	 90.168239	 90.168233	 90.168228	 90.168224	  90.16822	 90.168217	 90.168215	 90.168214	 90.168213	
        99	 98.807629	 98.615363	 98.423309	  98.23157	 98.040252	 97.849458	 97.659292	 97.469855	 97.281248	 97.093571	 96.906921	 96.721395	 96.537087	  96.35409	 96.172493	 95.992386	 95.813854	  95.63698	 95.461846	 95.288528	 95.117103	 94.947643	 94.780216	 94.614891	 94.451729	 94.290792	 94.132135	 93.975812	 93.821873	 93.670366	 93.521333	 93.374815	 93.230848	 93.089466	 92.950698	  92.81457	 92.681106	 92.550326	 92.422245	 92.296877	 92.174232	 92.054317	 91.937134	 91.822685	 91.710966	 91.601974	 91.495699	 91.392131	 91.291256	 91.193058	 91.097519	 91.004617	 90.914329	  90.82663	 90.741492	 90.658886	 90.578781	 90.501143	 90.425938	 90.353129	 90.282679	 90.214548	 90.148698	 90.085085	 90.023668	 89.964404	 89.907248	 89.852155	 89.799081	  89.74798	 89.698804	 89.651508	 89.606045	 89.562366	 89.520427	 89.480179	 89.441575	 89.404568	 89.369112	 89.335161	 89.302668	 89.271588	 89.241875	 89.213486	 89.186376	 89.160501	 89.135819	 89.112288	 89.089866	 89.068513	 89.048189	 89.028855	 89.010474	 88.993006	 88.976417	 88.960671	 88.945732	 88.931568	 88.918146	 88.905433	 88.893399	 88.882014	 88.871249	 88.861075	 88.851466	 88.842394	 88.833835	 88.825765	 88.818158	 88.810993	 88.804248	 88.797902	 88.791933	 88.786324	 88.781055	 88.776107	 88.771465	 88.767112	 88.763031	 88.759209	  88.75563	  88.75228	 88.749148	  88.74622	 88.743485	 88.740931	 88.738547	 88.736324	 88.734252	 88.732321	 88.730523	  88.72885	 88.727294	 88.725847	 88.724503	 88.723255	 88.722096	 88.721022	 88.720025	 88.719102	 88.718247	 88.717456	 88.716724	 88.716047	 88.715422	 88.714844	 88.714311	 88.713819	 88.713366	 88.712948	 88.712563	 88.712209	 88.711883	 88.711583	 88.711308	 88.711055	 88.710823	 88.710609	 88.710414	 88.710235	 88.710071	 88.709921	 88.709784	 88.709658	 88.709543	 88.709438	 88.709343	 88.709255	 88.709176	 88.709103	 88.709037	 88.708977	 88.708922	 88.708872	 88.708827	 88.708786	 88.708749	 88.708716	 88.708685	 88.708657	 88.708633	  88.70861	  88.70859	 88.708572	 88.708555	 88.708541	 88.708528	 88.708516	 88.708506	 88.708497	 88.708489	 88.708482	 88.708477	 88.708472	 88.708468	 88.708465	 88.708462	 88.708461	  88.70846	
        99	 98.780447	 98.561015	 98.341824	 98.122994	 97.904643	 97.686891	 97.469855	 97.253652	 97.038395	   96.8242	 96.611177	 96.399437	 96.189087	 95.980233	 95.772978	 95.567422	 95.363664	 95.161798	 94.961918	 94.764111	 94.568464	  94.37506	 94.183977	 93.995292	 93.809076	 93.625399	 93.444324	 93.265913	 93.090224	 92.917309	 92.747218	 92.579998	 92.415689	  92.25433	 92.095955	 91.940593	 91.788271	 91.639012	 91.492834	 91.349752	 91.209778	 91.072918	 90.939178	 90.808557	 90.681054	 90.556661	  90.43537	 90.317169	  90.20204	 90.089968	 89.980929	   89.8749	 89.771855	 89.671764	 89.574597	 89.480319	 89.388895	 89.300287	 89.214456	 89.131359	 89.050955	 88.973198	 88.898043	 88.825442	 88.755347	 88.687709	 88.622477	   88.5596	 88.499027	 88.440705	 88.384581	 88.330602	 88.278715	 88.228865	    88.181	 88.135065	 88.091006	 88.048771	 88.008305	 87.969556	 87.932472	 87.897001	  87.86309	 87.830689	 87.799748	 87.770218	 87.742048	 87.715192	 87.689602	 87.665232	 87.642037	 87.619971	 87.598992	 87.579057	 87.560123	 87.542152	 87.525103	 87.508938	 87.493619	  87.47911	 87.465376	 87.452382	 87.440095	 87.428484	 87.417517	 87.407164	 87.397396	 87.388185	 87.379503	 87.371326	 87.363628	 87.356385	 87.349573	 87.343171	 87.337157	 87.331511	 87.326213	 87.321244	 87.316587	 87.312225	  87.30814	 87.304317	 87.300742	 87.297401	 87.294279	 87.291364	 87.288644	 87.286107	 87.283741	 87.281538	 87.279486	 87.277577	   87.2758	 87.274149	 87.272615	  87.27119	 87.269868	 87.268642	 87.267505	 87.266451	 87.265475	 87.264572	 87.263737	 87.262964	 87.262251	 87.261591	 87.260983	 87.260422	 87.259904	 87.259427	 87.258988	 87.258584	 87.258212	  87.25787	 87.257555	 87.257267	 87.257002	 87.256758	 87.256535	 87.256331	 87.256144	 87.255973	 87.255816	 87.255672	 87.255541	 87.255422	 87.255312	 87.255213	 87.255122	 87.255039	 87.254964	 87.254895	 87.254833	 87.254776	 87.254724	 87.254678	 87.254635	 87.254597	 87.254562	 87.254531	 87.254502	 87.254477	 87.254453	 87.254433	 87.254414	 87.254397	 87.254383	 87.254369	 87.254358	 87.254347	 87.254338	 87.254331	 87.254324	 87.254318	 87.254314	  87.25431	 87.254308	 87.254306	 87.254305	
        99	 98.753385	 98.506906	 98.260697	 98.014893	 97.769629	 97.525036	 97.281248	 97.038395	 96.796606	 96.556009	 96.316729	  96.07889	 95.842612	 95.608014	 95.375212	  95.14432	 94.915446	 94.688699	 94.464181	 94.241992	  94.02223	 93.804986	 93.590351	 93.378408	 93.169239	 92.962921	 92.759527	 92.559125	  92.36178	 92.167552	 91.976496	 91.788664	 91.604102	 91.422854	 91.244957	 91.070445	 90.899348	 90.731691	 90.567495	 90.406777	 90.249549	  90.09582	 89.945595	 89.798874	 89.655655	 89.515929	 89.379688	 89.246917	 89.117598	 88.991711	 88.869231	 88.750134	 88.634387	 88.521959	 88.412815	 88.306916	 88.204223	 88.104694	 88.008282	 87.914943	 87.824628	 87.737287	 87.652868	 87.571318	 87.492584	 87.416608	 87.343336	 87.272709	  87.20467	 87.139159	 87.076117	 87.015485	 86.957202	 86.901208	 86.847442	 86.795845	 86.746356	 86.698914	 86.653461	 86.609936	 86.568281	 86.528437	 86.490346	 86.453952	 86.419197	 86.386027	 86.354385	 86.324219	 86.295475	 86.268101	 86.242046	 86.217261	 86.193696	 86.171303	 86.150036	  86.12985	 86.110699	 86.092541	 86.075334	 86.059037	  86.04361	 86.029014	 86.015213	 86.002171	 85.989852	 85.978223	 85.967251	 85.956904	 85.947153	 85.937968	 85.929321	 85.921185	 85.913533	 85.906342	 85.899587	 85.893245	 85.887294	 85.881713	 85.876482	 85.871581	 85.866993	 85.862699	 85.858684	  85.85493	 85.851424	 85.848149	 85.845094	 85.842244	 85.839587	 85.837112	 85.834807	 85.832662	 85.830667	 85.828813	 85.827089	 85.825489	 85.824004	 85.822626	 85.821349	 85.820166	  85.81907	 85.818055	 85.817117	 85.816249	 85.815447	 85.814707	 85.814024	 85.813393	 85.812812	 85.812276	 85.811783	 85.811328	 85.810911	 85.810526	 85.810173	 85.809849	 85.809551	 85.809278	 85.809028	 85.808798	 85.808588	 85.808395	 85.808219	 85.808058	 85.807911	 85.807777	 85.807654	 85.807542	  85.80744	 85.807347	 85.807262	 85.807185	 85.807115	 85.807051	 85.806994	 85.806941	 85.806893	  85.80685	 85.806811	 85.806776	 85.806744	 85.806715	 85.806689	 85.806666	 85.806645	 85.806626	  85.80661	 85.806595	 85.806582	  85.80657	  85.80656	 85.806551	 85.806544	 85.806538	 85.806532	 85.806528	 85.806525	 85.806523	 85.806523	
        99	 98.726456	 98.453063	  98.17997	 97.907326	  97.63528	 97.363979	 97.093571	   96.8242	 96.556009	  96.28914	 96.023732	 95.759922	 95.497844	  95.23763	 94.979408	 94.723303	 94.469438	 94.217931	 93.968897	 93.722447	 93.478688	 93.237723	  92.99965	 92.764564	 92.532555	 92.303709	 92.078105	 91.855821	 91.636927	  91.42149	 91.209572	  91.00123	 90.796515	 90.595476	 90.398153	 90.204586	 90.014806	 89.828842	 89.646717	 89.468449	 89.294053	 89.123538	 88.956909	 88.794167	 88.635309	 88.480327	 88.329208	 88.181939	 88.038499	 87.898866	 87.763013	 87.630911	 87.502525	 87.377821	 87.256759	 87.139297	  87.02539	 86.914992	 86.808054	 86.704523	 86.604346	 86.507467	  86.41383	 86.323376	 86.236044	 86.151772	 86.070499	  85.99216	 85.916691	 85.844027	 85.774102	 85.706849	 85.642201	 85.580093	 85.520457	 85.463226	 85.408332	 85.355711	 85.305294	 85.257017	 85.210813	 85.166618	 85.124369	    85.084	 85.045451	 85.008658	 84.973561	 84.940101	 84.908218	 84.877855	 84.848956	 84.821464	 84.795326	 84.770488	 84.746899	 84.724508	 84.703266	 84.683126	 84.664039	 84.645963	 84.628851	 84.612662	 84.597354	 84.582887	 84.569223	 84.556324	 84.544154	 84.532678	 84.521862	 84.511674	 84.502082	 84.493058	 84.484571	 84.476595	 84.469102	 84.462067	 84.455466	 84.449276	 84.443474	 84.438038	 84.432949	 84.428186	 84.423732	 84.419569	 84.415679	 84.412048	 84.408658	 84.405497	 84.402551	 84.399805	 84.397249	  84.39487	 84.392657	 84.390599	 84.388688	 84.386913	 84.385266	 84.383738	 84.382321	 84.381008	 84.379792	 84.378667	 84.377626	 84.376664	 84.375775	 84.374954	 84.374196	 84.373496	 84.372851	 84.372257	  84.37171	 84.371206	 84.370743	 84.370317	 84.369925	 84.369565	 84.369235	 84.368932	 84.368654	   84.3684	 84.368166	 84.367953	 84.367758	 84.367579	 84.367416	 84.367267	 84.367131	 84.367006	 84.366893	  84.36679	 84.366696	 84.366611	 84.366533	 84.366462	 84.366398	  84.36634	 84.366287	 84.366239	 84.366196	 84.366156	 84.366121	 84.366089	  84.36606	 84.366034	 84.366011	 84.365991	 84.365972	 84.365956	 84.365941	 84.365928	 84.365917	 84.365907	 84.365899	 84.365892	 84.365886	 84.365882	 84.365879	 84.365876	 84.365875	
        99	 98.699675	 98.399515	 98.099684	 97.800347	 97.501666	 97.203804	 96.906921	 96.611177	 96.316729	 96.023732	  95.73234	 95.442701	 95.154964	 94.869273	  94.58577	 94.304591	 94.025871	  93.74974	 93.476325	 93.205746	 92.938121	 92.673564	 92.412183	 92.154081	 91.899357	 91.648106	 91.400414	 91.156367	 90.916042	 90.679513	 90.446847	 90.218106	 89.993349	 89.772627	 89.555986	 89.343467	 89.135107	 88.930936	 88.730979	 88.535258	 88.343788	 88.156579	 87.973636	 87.794961	 87.620549	 87.450393	  87.28448	 87.122792	 86.965309	 86.812005	 86.662851	 86.517815	  86.37686	 86.239946	 86.107031	 85.978069	 85.853011	 85.731804	 85.614396	 85.500729	 85.390744	 85.284381	 85.181576	 85.082266	 84.986383	 84.893861	 84.804631	 84.718622	 84.635764	 84.555986	 84.479214	 84.405377	   84.3344	 84.266211	 84.200736	 84.137902	 84.077634	 84.019861	 83.964508	 83.911504	 83.860777	 83.812255	 83.765869	 83.721548	 83.679224	 83.638829	 83.600297	 83.563561	 83.528556	 83.495221	 83.463492	 83.433308	 83.404611	 83.377341	 83.351443	  83.32686	 83.303538	 83.281426	 83.260471	 83.240624	 83.221838	 83.204063	 83.187257	 83.171374	 83.156372	  83.14221	 83.128848	 83.116248	 83.104373	 83.093188	 83.082658	  83.07275	 83.063432	 83.054675	 83.046448	 83.038725	 83.031478	 83.024681	 83.018311	 83.012343	 83.006755	 83.001527	 82.996637	 82.992066	 82.987795	 82.983808	 82.980087	 82.976616	 82.973381	 82.970367	  82.96756	 82.964948	 82.962519	  82.96026	 82.958161	 82.956213	 82.954404	 82.952726	 82.951171	  82.94973	 82.948395	  82.94716	 82.946017	  82.94496	 82.943984	 82.943082	  82.94225	 82.941482	 82.940774	 82.940122	 82.939521	 82.938968	 82.938459	 82.937991	 82.937561	 82.937166	 82.936804	 82.936471	 82.936166	 82.935887	 82.935631	 82.935396	 82.935182	 82.934986	 82.934806	 82.934643	 82.934493	 82.934357	 82.934233	 82.934119	 82.934016	 82.933922	 82.933837	 82.933759	 82.933689	 82.933625	 82.933567	 82.933514	 82.933467	 82.933424	 82.933385	  82.93335	 82.933318	  82.93329	 82.933265	 82.933242	 82.933221	 82.933203	 82.933187	 82.933173	 82.933161	  82.93315	 82.933141	 82.933134	 82.933127	 82.933123	 82.933119	 82.933117	 82.933115	
        99	 98.673055	 98.346289	 98.019882	 97.694012	 97.368857	 97.044593	 96.721395	 96.399437	  96.07889	 95.759922	 95.442701	 95.127389	 94.814148	 94.503134	 94.194502	   93.8884	 93.584975	 93.284368	 92.986718	 92.692155	 92.400809	 92.112802	 91.828253	 91.547273	 91.269971	 90.996449	 90.726803	 90.461124	 90.199497	 89.942002	 89.688713	 89.439698	 89.195019	 88.954732	 88.718888	 88.487532	 88.260703	 88.038435	 87.820755	 87.607686	 87.399244	 87.195441	 86.996282	  86.80177	 86.611899	  86.42666	 86.246041	 86.070021	 85.898579	 85.731687	 85.569312	  85.41142	 85.257971	 85.108922	 84.964226	 84.823833	 84.687689	  84.55574	 84.427924	 84.304182	 84.184448	 84.068657	  83.95674	 83.848627	 83.744246	 83.643523	 83.546383	 83.452751	 83.362549	 83.275699	 83.192123	  83.11174	 83.034473	  82.96024	 82.888961	 82.820557	 82.754948	 82.692053	 82.631794	 82.574092	 82.518868	 82.466046	 82.415548	 82.367299	 82.321223	 82.277248	   82.2353	 82.195308	 82.157201	  82.12091	 82.086369	  82.05351	 82.022269	 81.992582	 81.964388	 81.937626	 81.912238	 81.888165	 81.865353	 81.843747	 81.823295	 81.803945	 81.785649	 81.768358	 81.752027	 81.736609	 81.722063	 81.708347	 81.695419	 81.683242	 81.671778	 81.660992	 81.650849	 81.641315	 81.632359	 81.623952	 81.616062	 81.608663	 81.601728	 81.595231	 81.589149	 81.583456	 81.578133	 81.573157	 81.568508	 81.564167	 81.560116	 81.556338	 81.552816	 81.549535	 81.546479	 81.543636	 81.540991	 81.538532	 81.536247	 81.534126	 81.532157	  81.53033	 81.528637	 81.527068	 81.525615	  81.52427	 81.523026	 81.521876	 81.520813	 81.519832	 81.518925	  81.51809	 81.517319	 81.516609	 81.515955	 81.515353	 81.514799	 81.514289	 81.513821	 81.513391	 81.512997	 81.512634	 81.512302	 81.511998	 81.511719	 81.511464	 81.511231	 81.511017	 81.510822	 81.510644	 81.510481	 81.510333	 81.510198	 81.510074	 81.509962	  81.50986	 81.509767	 81.509682	 81.509606	 81.509536	 81.509473	 81.509416	 81.509364	 81.509317	 81.509275	 81.509236	 81.509202	 81.509171	 81.509143	 81.509119	 81.509097	 81.509077	 81.509059	 81.509044	 81.509031	 81.509019	 81.509009	 81.509001	 81.508994	 81.508989	 81.508985	 81.508982	 81.508981	
        99	 98.646609	 98.293413	 97.940604	 97.588376	  97.23692	 96.886427	 96.537087	 96.189087	 95.842612	 95.497844	 95.154964	 94.814148	  94.47557	 94.139399	 93.805802	 93.474941	 93.146973	 92.822052	 92.500325	 92.181937	 91.867025	 91.555722	 91.248156	 90.944449	 90.644718	 90.349071	 90.057614	 89.770445	 89.487657	 89.209334	 88.935557	   88.6664	  88.40193	 88.142207	 87.887287	 87.637217	 87.392041	 87.151794	 86.916507	 86.686203	 86.460901	 86.240613	 86.025346	   85.8151	 85.609871	 85.409649	  85.21442	 85.024163	 84.838854	 84.658462	 84.482953	  84.31229	 84.146429	 83.985324	 83.828924	 83.677175	  83.53002	 83.387397	 83.249243	 83.115491	 82.986073	 82.860916	 82.739946	 82.623088	 82.510264	 82.401394	 82.296397	 82.195192	 82.097693	 82.003819	 81.913482	 81.826598	  81.74308	 81.662843	 81.585799	 81.511862	 81.440945	 81.372964	  81.30783	 81.245461	 81.185771	 81.128676	 81.074093	 81.021941	 80.972139	 80.924607	 80.879265	 80.836038	 80.794849	 80.755623	 80.718288	 80.682771	 80.649003	 80.616915	 80.586441	 80.557514	 80.530072	 80.504052	 80.479395	 80.456042	 80.433935	  80.41302	 80.393244	 80.374555	 80.356902	 80.340238	 80.324515	 80.309689	 80.295716	 80.282554	 80.270163	 80.258504	  80.24754	 80.237236	 80.227556	 80.218468	  80.20994	 80.201943	 80.194447	 80.187424	 80.180849	 80.174697	 80.168943	 80.163564	 80.158539	 80.153847	 80.149469	 80.145385	 80.141578	 80.138031	 80.134729	 80.131655	 80.128796	 80.126139	 80.123669	 80.121376	 80.119248	 80.117274	 80.115443	 80.113748	 80.112177	 80.110723	 80.109379	 80.108136	 80.106987	 80.105926	 80.104946	 80.104043	  80.10321	 80.102442	 80.101735	 80.101084	 80.100486	 80.099935	 80.099429	 80.098964	 80.098538	 80.098146	 80.097788	 80.097459	 80.097157	 80.096882	 80.096629	 80.096398	 80.096188	 80.095995	 80.095819	 80.095659	 80.095512	 80.095379	 80.095258	 80.095147	 80.095047	 80.094956	 80.094873	 80.094797	 80.094729	 80.094667	 80.094611	 80.094561	 80.094515	 80.094474	 80.094437	 80.094403	 80.094373	 80.094346	 80.094322	 80.094301	 80.094282	 80.094266	 80.094251	 80.094239	 80.094228	 80.094219	 80.094212	 80.094206	 80.094202	 80.094199	 80.094198	
        99	 98.620352	 98.240913	  97.86189	  97.48349	 97.105921	 96.729386	  96.35409	 95.980233	 95.608014	  95.23763	 94.869273	 94.503134	 94.139399	 93.778251	 93.419867	 93.064423	 92.712086	 92.363023	 92.017392	 91.675346	 91.337036	 91.002603	 90.672185	 90.345912	  90.02391	 89.706297	 89.393184	 89.084679	 88.780878	 88.481876	 88.187757	 87.898602	 87.614481	  87.33546	 87.061599	 86.792949	 86.529556	 86.271459	 86.018689	 85.771274	 85.529231	 85.292576	 85.061314	 84.835446	 84.614968	  84.39987	 84.190135	 83.985742	 83.786664	 83.592868	  83.40432	 83.220976	 83.042792	 82.869716	 82.701695	 82.538671	 82.380582	 82.227362	 82.078943	 81.935254	  81.79622	 81.661763	 81.531806	 81.406265	 81.285058	 81.168098	   81.0553	 80.946575	 80.841832	 80.740983	 80.643934	 80.550594	 80.460871	 80.374672	 80.291904	 80.212473	 80.136287	 80.063254	 79.993282	 79.926278	 79.862153	 79.800816	 79.742178	 79.686151	 79.632648	 79.581584	 79.532874	 79.486435	 79.442185	 79.400045	 79.359936	  79.32178	 79.285503	 79.251031	 79.218292	 79.187216	 79.157735	 79.129782	 79.103293	 79.078204	 79.054455	 79.031987	 79.010741	 78.990663	 78.971699	 78.953796	 78.936905	 78.920977	 78.905966	 78.891826	 78.878515	  78.86599	 78.854211	 78.843141	 78.832742	 78.822978	 78.813817	 78.805225	 78.797172	 78.789628	 78.782565	 78.775955	 78.769774	 78.763995	 78.758597	 78.753557	 78.748853	 78.744466	 78.740376	 78.736566	 78.733018	 78.729716	 78.726644	 78.723789	 78.721136	 78.718673	 78.716386	 78.714266	 78.712299	 78.710477	  78.70879	 78.707229	 78.705784	 78.704448	 78.703214	 78.702074	 78.701022	 78.700052	 78.699157	 78.698332	 78.697573	 78.696873	  78.69623	 78.695639	 78.695095	 78.694596	 78.694138	 78.693717	 78.693332	 78.692978	 78.692655	 78.692358	 78.692087	 78.691839	 78.691613	 78.691406	 78.691217	 78.691045	 78.690887	 78.690744	 78.690614	 78.690495	 78.690387	 78.690289	   78.6902	 78.690119	 78.690046	 78.689979	 78.689919	 78.689865	 78.689816	 78.689771	 78.689732	 78.689696	 78.689664	 78.689635	 78.689609	 78.689586	 78.689566	 78.689548	 78.689533	 78.689519	 78.689508	 78.689498	  78.68949	 78.689484	 78.689479	 78.689476	 78.689475	
        99	 98.594296	 98.188814	 97.783778	 97.379408	 96.975925	 96.573547	 96.172493	 95.772978	 95.375212	 94.979408	  94.58577	 94.194502	 93.805802	 93.419867	 93.036887	 92.657047	 92.280529	 91.907508	 91.538155	 91.172635	 90.811105	 90.453719	 90.100623	 89.751958	 89.407856	 89.068444	 88.733841	 88.404162	 88.079511	 87.759987	 87.445682	 87.136681	  86.83306	  86.53489	 86.242233	 85.955145	 85.673674	 85.397863	 85.127745	 84.863349	 84.604694	 84.351796	 84.104662	 83.863293	 83.627683	 83.397822	 83.173692	 82.955271	 82.742529	 82.535433	 82.333944	 82.138017	 81.947603	 81.762649	 81.583097	 81.408884	 81.239944	 81.076209	 80.917603	 80.764052	 80.615476	 80.471791	 80.332914	 80.198757	 80.069231	 79.944245	 79.823705	 79.707517	 79.595586	 79.487815	 79.384105	  79.28436	 79.188479	 79.096363	 79.007914	 78.923032	 78.841618	 78.763572	 78.688797	 78.617195	 78.548669	 78.483122	 78.420459	 78.360587	 78.303412	 78.248844	 78.196791	 78.147164	 78.099878	 78.054845	 78.011983	 77.971209	 77.932442	 77.895604	 77.860618	 77.827409	 77.795905	 77.766033	 77.737726	 77.710916	 77.685537	 77.661526	 77.638822	 77.617366	   77.5971	 77.577969	 77.559919	 77.542898	 77.526856	 77.511746	 77.497521	 77.484136	 77.471549	 77.459719	 77.448606	 77.438173	 77.428383	 77.419202	 77.410596	 77.402534	 77.394986	 77.387923	 77.381317	 77.375142	 77.369373	 77.363987	  77.35896	 77.354272	 77.349901	  77.34583	 77.342038	 77.338509	 77.335227	 77.332176	 77.329341	 77.326709	 77.324265	 77.321999	 77.319898	 77.317951	 77.316148	 77.314479	 77.312935	 77.311508	 77.310189	 77.308971	 77.307847	  77.30681	 77.305853	 77.304972	  77.30416	 77.303413	 77.302726	 77.302094	 77.301513	 77.300979	  77.30049	  77.30004	 77.299628	 77.299251	 77.298905	 77.298588	 77.298298	 77.298033	 77.297791	  77.29757	 77.297368	 77.297184	 77.297016	 77.296863	 77.296724	 77.296597	 77.296482	 77.296377	 77.296282	 77.296195	 77.296117	 77.296046	 77.295982	 77.295924	 77.295871	 77.295824	 77.295781	 77.295743	 77.295708	 77.295678	  77.29565	 77.295626	 77.295604	 77.295585	 77.295569	 77.295554	 77.295542	 77.295532	 77.295523	 77.295517	 77.295512	 77.295509	 77.295507	
        99	 98.568453	 98.137143	 97.706307	 97.276179	 96.846995	 96.418987	 95.992386	 95.567422	  95.14432	 94.723303	 94.304591	   93.8884	 93.474941	 93.064423	 92.657047	 92.253012	 91.852511	 91.455729	 91.062849	 90.674045	 90.289487	 89.909336	 89.533749	 89.162874	 88.796853	 88.435821	 88.079905	 87.729226	 87.383895	 87.044018	 86.709693	 86.381009	 86.058048	 85.740884	 85.429585	  85.12421	 84.824811	 84.531431	 84.244107	 83.962869	 83.687739	 83.418732	 83.155855	 82.899111	 82.648494	 82.403991	 82.165585	  81.93325	 81.706957	  81.48667	 81.272346	 81.063939	 80.861396	 80.664661	 80.473671	 80.288361	 80.108661	 79.934495	 79.765787	 79.602455	 79.444414	 79.291577	 79.143854	 79.001152	 78.863375	 78.730427	 78.602209	 78.478621	  78.35956	 78.244924	 78.134608	 78.028509	 77.926521	 77.828538	 77.734455	 77.644166	 77.557565	 77.474548	  77.39501	 77.318847	 77.245956	 77.176234	  77.10958	 77.045894	 76.985077	 76.927033	 76.871664	 76.818876	 76.768578	 76.720677	 76.675084	 76.631713	 76.590477	 76.551292	 76.514078	 76.478754	 76.445242	 76.413468	 76.383358	  76.35484	 76.327844	 76.302304	 76.278154	 76.255331	 76.233775	 76.213425	 76.194225	  76.17612	 76.159056	 76.142983	 76.127852	 76.113615	 76.100226	 76.087642	 76.075822	 76.064724	  76.05431	 76.044544	  76.03539	 76.026815	 76.018786	 76.011273	 76.004246	 75.997678	 75.991542	 75.985812	 75.980465	 75.975478	  75.97083	 75.966498	 75.962465	 75.958712	 75.955221	 75.951975	  75.94896	  75.94616	 75.943561	  75.94115	 75.938915	 75.936844	 75.934926	 75.933151	 75.931509	 75.929991	 75.928588	 75.927292	 75.926096	 75.924993	 75.923976	 75.923038	 75.922175	  75.92138	 75.920649	 75.919977	 75.919359	 75.918791	  75.91827	 75.917792	 75.917354	 75.916952	 75.916585	 75.916248	  75.91594	 75.915658	   75.9154	 75.915165	  75.91495	 75.914755	 75.914576	 75.914413	 75.914265	  75.91413	 75.914007	 75.913896	 75.913795	 75.913703	 75.913619	 75.913544	 75.913475	 75.913414	 75.913358	 75.913307	 75.913262	 75.913221	 75.913185	 75.913152	 75.913123	 75.913097	 75.913074	 75.913054	 75.913036	 75.913021	 75.913008	 75.912997	 75.912988	 75.912981	 75.912975	 75.912972	  75.91297	
        99	 98.542837	 98.085924	 97.629513	 97.173853	 96.719192	 96.265778	 95.813854	 95.363664	 94.915446	 94.469438	 94.025871	 93.584975	 93.146973	 92.712086	 92.280529	 91.852511	 91.428235	 91.007901	 90.591699	 90.179816	  89.77243	 89.369714	 88.971832	 88.578941	 88.191194	 87.808731	 87.431688	 87.060192	 86.694362	  86.33431	 85.980139	 85.631944	 85.289812	 84.953822	 84.624045	 84.300543	 83.983371	 83.672576	 83.368196	 83.070264	 82.778802	 82.493827	 82.215346	 81.943362	 81.677867	 81.418851	 81.166293	 80.920167	 80.680442	 80.447078	 80.220032	 79.999253	 79.784688	 79.576274	 79.373947	 79.177637	  78.98727	 78.802766	 78.624043	 78.451016	 78.283594	 78.121685	 77.965193	 77.814019	 77.668064	 77.527225	 77.391396	 77.260471	 77.134343	 77.012902	 76.896038	  76.78364	 76.675598	 76.571799	 76.472131	 76.376483	 76.284742	 76.196797	 76.112538	 76.031853	 75.954635	 75.880774	 75.810164	 75.742698	 75.678271	 75.616781	 75.558125	 75.502204	  75.44892	 75.398176	 75.349877	 75.303931	 75.260247	 75.218736	 75.179313	 75.141892	 75.106392	 75.072731	 75.040834	 75.010622	 74.982024	 74.954968	 74.929385	 74.905207	 74.882371	 74.860813	 74.840473	 74.821294	 74.803217	 74.786191	 74.770161	 74.755079	 74.740895	 74.727564	 74.715042	 74.703285	 74.692254	 74.681908	 74.672211	 74.663126	 74.654621	 74.646662	 74.639218	  74.63226	 74.625759	  74.61969	 74.614025	 74.608742	 74.603818	 74.599229	 74.594957	 74.590981	 74.587282	 74.583844	  74.58065	 74.577683	  74.57493	 74.572376	 74.570008	 74.567815	 74.565783	 74.563902	 74.562163	 74.560555	 74.559068	 74.557696	 74.556429	  74.55526	 74.554183	  74.55319	 74.552275	 74.551433	 74.550658	 74.549946	 74.549292	 74.548691	 74.548139	 74.547632	 74.547168	 74.546743	 74.546353	 74.545996	  74.54567	 74.545371	 74.545098	 74.544849	 74.544622	 74.544414	 74.544225	 74.544052	 74.543895	 74.543753	 74.543623	 74.543504	 74.543397	   74.5433	 74.543211	 74.543131	 74.543059	 74.542994	 74.542934	 74.542881	 74.542833	  74.54279	 74.542751	 74.542716	 74.542685	 74.542658	 74.542634	 74.542612	 74.542593	 74.542577	 74.542563	 74.542552	 74.542542	 74.542535	 74.542529	 74.542526	 74.542524	
