Time step 78:
        99	        99	        99	        99	        99	        99	        99	        99	        99	        99	        99	        99	        99	        99	        99	        99	        99	        99	        99	        99	        99	        99	        99	        99	        99	        99	        99	        99	        99	        99	        99	        99	        99	        99	        99	        99	        99	        99	        99	        99	        99	        99	        99	        99	        99	        99	        99	        99	        99	        99	        99	        99	        99	        99	        99	        99	        99	        99	        99	        99	        99	        99	        99	        99	        99	        99	        99	        99	        99	        99	        99	        99	        99	        99	        99	        99	        99	        99	        99	        99	        99	        99	        99	        99	        99	        99	        99	        99	        99	        99	        99	        99	        99	        99	        99	        99	        99	        99	        99	        99	        99	        99	        99	        99	        99	        99	        99	        99	        99	        99	        99	        99	        99	        99	        99	        99	        99	        99	        99	        99	        99	        99	        99	        99	        99	        99	        99	        99	        99	        99	        99	        99	        99	        99	        99	        99	        99	        99	        99	        99	        99	        99	        99	        99	        99	        99	        99	        99	        99	        99	        99	        99	        99	        99	        99	        99	        99	        99	        99	        99	        99	        99	        99	        99	        99	        99	        99	        99	        99	        99	        99	        99	        99	        99	        99	        99	        99	        99	        99	        99	        99	        99	        99	        99	        99	        99	        99	        99	        99	        99	        99	        99	        99	        99	        99	        99	        99	        99	        99	        99	
        99	  98.99186	 98.983721	 98.975584	 98.967452	 98.959325	 98.951204	 98.943091	 98.934988	 98.926895	 98.918813	 98.910745	 98.902691	 98.894653	 98.886632	 98.878629	 98.870645	 98.862682	 98.854741	 98.846823	 98.838929	 98.831061	 98.823219	 98.815405	 98.807621	 98.799866	 98.792143	 98.784453	 98.776795	 98.769173	 98.761586	 98.754036	 98.746524	  98.73905	 98.731617	 98.724224	 98.716873	 98.709565	   98.7023	  98.69508	 98.687906	 98.680777	 98.673696	 98.666663	 98.659679	 98.652744	  98.64586	 98.639026	 98.632245	 98.625516	  98.61884	 98.612218	 98.605651	 98.599138	 98.592682	 98.586281	 98.579938	 98.573651	 98.567422	 98.561252	  98.55514	 98.549088	 98.543095	 98.537161	 98.531288	 98.525476	 98.519725	 98.514034	 98.508406	 98.502838	 98.497333	  98.49189	 98.486509	 98.481191	 98.475935	 98.470742	 98.465612	 98.460544	 98.455539	 98.450598	 98.445719	 98.440903	  98.43615	  98.43146	 98.426832	 98.422268	 98.417765	 98.413326	 98.408948	 98.404633	 98.400379	 98.396188	 98.392057	 98.387988	 98.383981	 98.380034	 98.376147	 98.372321	 98.368555	 98.364848	 98.361201	 98.357612	 98.354082	  98.35061	 98.347197	  98.34384	 98.340541	 98.337298	 98.334112	 98.330981	 98.327905	 98.324885	 98.321919	 98.319007	 98.316148	 98.313342	 98.310589	 98.307888	 98.305238	 98.302639	 98.300091	 98.297593	 98.295144	 98.292744	 98.290393	 98.288089	 98.285833	 98.283624	 98.281461	 98.279343	 98.277271	 98.275243	  98.27326	  98.27132	 98.269423	 98.267568	 98.265756	 98.263985	 98.262254	 98.260564	 98.258914	 98.257303	 98.255731	 98.254197	 98.252701	 98.251241	 98.249819	 98.248433	 98.247082	 98.245766	 98.244485	 98.243239	 98.242025	 98.240846	 98.239698	 98.238584	 98.237501	 98.236449	 98.235428	 98.234438	 98.233478	 98.232547	 98.231646	 98.230773	 98.229929	 98.229113	 98.228325	 98.227564	  98.22683	 98.226123	 98.225441	 98.224786	 98.224156	 98.223552	 98.222973	 98.222418	 98.221888	 98.221382	   98.2209	 98.220441	 98.220006	 98.219594	 98.219205	 98.218839	 98.218495	 98.218174	 98.217875	 98.217598	 98.217343	 98.217109	 98.216897	 98.216707	 98.216538	 98.216391	 98.216264	 98.216159	 98.216075	 98.216012	  98.21597	 98.215949	
        99	 98.983721	 98.967444	 98.951172	 98.934909	 98.918656	 98.902416	 98.886192	 98.869986	 98.853801	  98.83764	 98.821505	 98.805398	 98.789323	 98.773282	 98.757277	 98.741311	 98.725386	 98.709505	  98.69367	 98.677884	 98.662148	 98.646467	 98.630841	 98.615273	 98.599765	  98.58432	  98.56894	 98.553627	 98.538383	 98.523211	 98.508112	 98.493089	 98.478143	 98.463277	 98.448493	 98.433792	 98.419177	 98.404649	  98.39021	 98.375862	 98.361606	 98.347445	  98.33338	 98.319413	 98.305544	 98.291777	 98.278111	  98.26455	 98.251093	 98.237742	 98.224499	 98.211366	 98.198342	 98.185429	 98.172629	 98.159943	 98.147371	 98.134915	 98.122575	 98.110353	 98.098248	 98.086263	 98.074398	 98.062653	 98.051029	 98.039527	 98.028147	 98.016891	 98.005757	 97.994748	 97.983862	 97.973102	 97.962466	 97.951955	  97.94157	  97.93131	 97.921175	 97.911167	 97.901284	 97.891527	 97.881896	 97.872391	 97.863012	 97.853757	 97.844629	 97.835625	 97.826746	 97.817992	 97.809362	 97.800855	 97.792473	 97.784213	 97.776076	 97.768061	 97.760168	 97.752395	 97.744743	 97.737211	 97.729799	 97.722504	 97.715328	 97.708269	 97.701326	 97.694499	 97.687787	 97.681188	 97.674704	 97.668331	  97.66207	  97.65592	 97.649879	 97.643947	 97.638123	 97.632406	 97.626796	  97.62129	 97.615888	 97.610589	 97.605392	 97.600296	   97.5953	 97.590403	 97.585603	 97.580901	 97.576294	 97.571782	 97.567364	 97.563038	 97.558803	 97.554659	 97.550604	 97.546637	 97.542758	 97.538964	 97.535255	 97.531631	 97.528088	 97.524628	 97.521248	 97.517948	 97.514727	 97.511582	 97.508515	 97.505522	 97.502604	 97.499759	 97.496987	 97.494286	 97.491655	 97.489093	   97.4866	 97.484174	 97.481814	  97.47952	  97.47729	 97.475125	 97.473021	  97.47098	    97.469	 97.467079	 97.465218	 97.463416	 97.461671	 97.459983	 97.458351	 97.456775	 97.455253	 97.453785	  97.45237	 97.451008	 97.449698	 97.448438	  97.44723	 97.446071	 97.444962	 97.443902	  97.44289	 97.441925	 97.441008	 97.440138	 97.439314	 97.438537	 97.437804	 97.437117	 97.436474	 97.435876	 97.435322	 97.434812	 97.434345	 97.433922	 97.433541	 97.433204	 97.432908	 97.432656	 97.432446	 97.432277	 97.432151	 97.432067	 97.432026	
        99	 98.975584	 98.951172	 98.926768	 98.902376	    98.878	 98.853643	 98.829311	 98.805005	 98.780731	 98.756493	 98.732293	 98.708137	 98.684028	 98.659969	 98.635965	 98.612019	 98.588135	 98.564316	 98.540567	 98.516891	 98.493291	 98.469772	 98.446336	 98.422987	 98.399728	 98.376564	 98.353497	 98.330531	 98.307668	 98.284913	 98.262268	 98.239736	  98.21732	 98.195025	 98.172851	 98.150803	 98.128883	 98.107094	 98.085438	 98.063919	 98.042539	   98.0213	 98.000205	 97.979257	 97.958457	 97.937808	 97.917313	 97.896973	 97.876791	 97.856768	 97.836906	 97.817208	 97.797675	 97.778309	 97.759112	 97.740085	 97.721229	 97.702547	  97.68404	 97.665709	 97.647555	  97.62958	 97.611784	 97.594169	 97.576736	 97.559485	 97.542418	 97.525535	 97.508837	 97.492325	 97.475999	  97.45986	 97.443909	 97.428144	 97.412568	 97.397181	 97.381981	 97.366971	 97.352149	 97.337516	 97.323071	 97.308815	 97.294747	 97.280868	 97.267177	 97.253673	 97.240357	 97.227227	 97.214283	 97.201526	 97.188953	 97.176566	 97.164362	 97.152341	 97.140502	 97.128845	 97.117369	 97.106073	 97.094955	 97.084015	 97.073252	 97.062665	 97.052252	 97.042013	 97.031945	  97.02205	 97.012323	 97.002766	 96.993376	 96.984151	 96.975092	 96.966195	 96.957461	 96.948886	 96.940471	 96.932213	 96.924111	 96.916164	  96.90837	 96.900727	 96.893234	 96.885889	 96.878691	 96.871639	 96.864729	 96.857962	 96.851335	 96.844847	 96.838496	 96.832281	 96.826199	  96.82025	 96.814431	 96.808742	 96.803179	 96.797743	  96.79243	 96.787241	 96.782172	 96.777222	  96.77239	 96.767675	 96.763074	 96.758586	 96.754209	 96.749942	 96.745784	 96.741733	 96.737787	 96.733945	 96.730206	 96.726567	 96.723028	 96.719588	 96.716244	 96.712995	 96.709841	 96.706779	 96.703809	 96.700929	 96.698138	 96.695435	 96.692818	 96.690286	 96.687839	 96.685475	 96.683192	 96.680991	 96.678869	 96.676826	  96.67486	 96.672972	 96.671159	 96.669421	 96.667758	 96.666167	 96.664649	 96.663203	 96.661828	 96.660523	 96.659287	 96.658121	 96.657022	 96.655992	 96.655028	 96.654131	   96.6533	 96.652535	 96.651835	 96.651199	 96.650629	 96.650122	  96.64968	 96.649301	 96.648985	 96.648733	 96.648544	 96.648418	 96.648356	
        99	 98.967452	 98.934909	 98.902376	  98.86986	 98.837364	 98.804895	 98.772457	 98.740056	 98.707697	 98.675385	 98.643125	 98.610923	 98.578783	 98.546711	 98.514711	 98.482789	  98.45095	 98.419198	 98.387538	 98.355976	 98.324516	 98.293162	  98.26192	 98.230794	 98.199789	 98.168909	 98.138159	 98.107543	 98.077065	  98.04673	 98.016543	 97.986506	 97.956624	 97.926902	 97.897343	 97.867951	  97.83873	 97.809683	 97.780814	 97.752128	 97.723626	 97.695313	 97.667192	 97.639266	 97.611538	 97.584012	  97.55669	 97.529575	  97.50267	 97.475978	 97.449501	 97.423242	 97.397203	 97.371386	 97.345795	  97.32043	 97.295294	  97.27039	 97.245718	 97.221281	  97.19708	 97.173118	 97.149395	 97.125912	 97.102672	 97.079676	 97.056924	 97.034418	 97.012158	 96.990146	 96.968383	 96.946868	 96.925603	 96.904588	 96.883824	 96.863311	 96.843049	 96.823039	  96.80328	 96.783773	 96.764517	 96.745512	 96.726759	 96.708257	 96.690005	 96.672004	 96.654252	 96.636749	 96.619494	 96.602487	 96.585727	 96.569213	 96.552944	  96.53692	 96.521138	 96.505598	   96.4903	  96.47524	  96.46042	 96.445836	 96.431488	 96.417374	 96.403493	 96.389843	 96.376423	 96.363231	 96.350265	 96.337524	 96.325006	 96.312709	 96.300632	 96.288772	 96.277128	 96.265698	  96.25448	 96.243472	 96.232671	 96.222077	 96.211686	 96.201498	 96.191509	 96.181718	 96.172122	  96.16272	  96.15351	 96.144489	 96.135655	 96.127005	 96.118539	 96.110253	 96.102146	 96.094215	 96.086459	 96.078874	 96.071459	 96.064212	  96.05713	 96.050211	 96.043454	 96.036856	 96.030415	 96.024128	 96.017995	 96.012012	 96.006178	  96.00049	 95.994947	 95.989546	 95.984286	 95.979164	 95.974179	 95.969329	 95.964611	 95.960024	 95.955567	 95.951236	 95.947031	  95.94295	  95.93899	 95.935151	  95.93143	 95.927827	 95.924338	 95.920963	 95.917701	 95.914549	 95.911506	 95.908571	 95.905742	 95.903019	 95.900399	 95.897881	 95.895465	 95.893148	 95.890931	 95.888811	 95.886787	 95.884859	 95.883026	 95.881286	 95.879639	 95.878084	  95.87662	 95.875245	 95.873961	 95.872765	 95.871657	 95.870637	 95.869704	 95.868857	 95.868096	 95.867421	 95.866831	 95.866326	 95.865906	  95.86557	 95.865318	  95.86515	 95.865066	
        99	 98.959325	 98.918656	    98.878	 98.837364	 98.796754	 98.756178	  98.71564	 98.675149	  98.63471	  98.59433	 98.554015	 98.513772	 98.473607	 98.433526	 98.393536	 98.353643	 98.313854	 98.274173	 98.234609	 98.195165	  98.15585	 98.116667	 98.077624	 98.038726	 97.999979	 97.961389	  97.92296	 97.884699	 97.846612	 97.808702	 97.770977	  97.73344	 97.696097	 97.658953	 97.622013	 97.585282	 97.548764	 97.512465	 97.476388	 97.440538	  97.40492	 97.369537	 97.334394	 97.299495	 97.264844	 97.230445	   97.1963	 97.162415	 97.128792	 97.095435	 97.062346	  97.02953	  96.99699	 96.964727	 96.932745	 96.901047	 96.869635	 96.838512	  96.80768	 96.777141	 96.746897	 96.716951	 96.687305	 96.657959	 96.628916	 96.600177	 96.571744	 96.543619	 96.515801	 96.488293	 96.461095	 96.434208	 96.407633	 96.381371	 96.355422	 96.329787	 96.304466	 96.279459	 96.254766	 96.230388	 96.206324	 96.182574	 96.159139	 96.136016	 96.113207	 96.090711	 96.068526	 96.046653	  96.02509	 96.003836	 95.982891	 95.962254	 95.941923	 95.921897	 95.902174	 95.882755	 95.863636	 95.844816	 95.826295	  95.80807	 95.790139	 95.772501	 95.755154	 95.738096	 95.721324	 95.704838	 95.688635	 95.672713	 95.657069	 95.641702	 95.626609	 95.611788	 95.597237	 95.582952	 95.568933	 95.555176	 95.541679	 95.528439	 95.515454	 95.502721	 95.490238	 95.478002	 95.466011	 95.454261	 95.442751	 95.431477	 95.420437	 95.409628	 95.399048	 95.388693	 95.378562	 95.368651	 95.358957	 95.349478	 95.340212	 95.331155	 95.322305	 95.313659	 95.305215	 95.296969	 95.288919	 95.281063	 95.273398	 95.265921	  95.25863	 95.251522	 95.244595	 95.237846	 95.231272	 95.224871	 95.218642	  95.21258	 95.206685	 95.200953	 95.195382	  95.18997	 95.184715	 95.179615	 95.174667	 95.169869	 95.165219	 95.160715	 95.156356	 95.152138	 95.148061	 95.144122	  95.14032	 95.136652	 95.133117	 95.129713	 95.126439	 95.123293	 95.120273	 95.117378	 95.114607	 95.111957	 95.109429	 95.107019	 95.104728	 95.102554	 95.100496	 95.098552	 95.096722	 95.095005	 95.093399	 95.091905	 95.090521	 95.089246	  95.08808	 95.087021	 95.086071	 95.085227	  95.08449	 95.083859	 95.083333	 95.082913	 95.082598	 95.082389	 95.082284	
        99	 98.951204	 98.902416	 98.853643	 98.804895	 98.756178	   98.7075	  98.65887	 98.610294	 98.561782	  98.51334	 98.464976	 98.416699	 98.368515	 98.320433	 98.272459	 98.224602	 98.176869	 98.129266	 98.081803	 98.034485	  97.98732	 97.940315	 97.893477	 97.846814	 97.800331	 97.754036	 97.707935	 97.662036	 97.616344	 97.570867	 97.525609	 97.480578	  97.43578	 97.391221	 97.346906	 97.302842	 97.259034	 97.215487	 97.172208	 97.129201	 97.086472	 97.044025	 97.001866	     96.96	 96.918431	 96.877163	 96.836202	 96.795552	 96.755216	 96.715199	 96.675505	 96.636138	   96.5971	 96.558397	  96.52003	 96.482003	  96.44432	 96.406984	 96.369996	  96.33336	 96.297079	 96.261154	 96.225589	 96.190384	 96.155543	 96.121067	 96.086957	 96.053216	 96.019845	 95.986845	 95.954217	 95.921963	 95.890082	 95.858577	 95.827448	 95.796695	 95.766318	 95.736319	 95.706696	 95.677451	 95.648583	 95.620092	 95.591977	 95.564239	 95.536876	 95.509888	 95.483275	 95.457034	 95.431167	  95.40567	 95.380543	 95.355786	 95.331396	 95.307372	 95.283712	 95.260415	 95.237479	 95.214903	 95.192683	  95.17082	 95.149309	  95.12815	 95.107339	 95.086876	 95.066756	 95.046979	 95.027541	  95.00844	 94.989673	 94.971238	 94.953131	 94.935351	 94.917895	 94.900759	 94.883941	 94.867437	 94.851245	 94.835362	 94.819785	  94.80451	 94.789535	 94.774856	 94.760471	 94.746376	 94.732567	 94.719043	 94.705799	 94.692832	 94.680139	 94.667717	 94.655563	 94.643673	 94.632044	 94.620673	 94.609557	 94.598692	 94.588075	 94.577703	 94.567572	  94.55768	 94.548024	 94.538599	 94.529404	 94.520434	 94.511688	 94.503161	  94.49485	 94.486754	 94.478868	 94.471189	 94.463716	 94.456444	 94.449371	 94.442495	 94.435812	  94.42932	 94.423016	 94.416897	 94.410961	 94.405206	 94.399628	 94.394225	 94.388995	 94.383936	 94.379044	 94.374319	 94.369757	 94.365357	 94.361116	 94.357033	 94.353105	 94.349331	 94.345708	 94.342235	 94.338911	 94.335732	 94.332699	 94.329809	  94.32706	 94.324452	 94.321982	 94.319651	 94.317455	 94.315395	  94.31347	 94.311677	 94.310016	 94.308487	 94.307088	 94.305818	 94.304678	 94.303666	 94.302781	 94.302024	 94.301394	  94.30089	 94.300512	  94.30026	 94.300135	
        99	 98.943091	 98.886192	 98.829311	 98.772457	  98.71564	  98.65887	 98.602154	 98.545503	 98.488924	 98.432429	 98.376025	 98.319721	 98.263526	 98.207449	   98.1515	 98.095686	 98.040017	   97.9845	 97.929145	  97.87396	 97.818954	 97.764134	 97.709509	 97.655087	 97.600876	 97.546885	  97.49312	 97.439589	 97.386301	 97.333262	  97.28048	 97.227963	 97.175716	 97.123749	 97.072066	 97.020676	 96.969584	 96.918798	 96.868323	 96.818166	 96.768332	 96.718829	 96.669661	 96.620834	 96.572353	 96.524225	 96.476454	 96.429045	 96.382003	 96.335333	  96.28904	 96.243127	 96.197599	 96.152461	 96.107715	 96.063367	 96.019418	 95.975874	 95.932737	  95.89001	 95.847697	 95.805799	 95.764321	 95.723263	  95.68263	 95.642422	 95.602641	  95.56329	 95.524371	 95.485884	 95.447832	 95.410215	 95.373034	 95.336291	 95.299986	  95.26412	 95.228693	 95.193706	 95.159159	 95.125051	 95.091384	 95.058156	 95.025367	 94.993017	 94.961105	  94.92963	 94.898591	 94.867989	  94.83782	 94.808084	  94.77878	 94.749907	 94.721461	 94.693443	  94.66585	  94.63868	  94.61193	   94.5856	 94.559687	 94.534188	 94.509101	 94.484424	 94.460154	 94.436288	 94.412823	 94.389758	 94.367088	 94.344811	 94.322924	 94.301424	 94.280308	 94.259572	 94.239213	 94.219228	 94.199613	 94.180366	 94.161482	 94.142958	 94.124791	 94.106977	 94.089512	 94.072393	 94.055616	 94.039177	 94.023073	   94.0073	 93.991854	 93.976731	 93.961928	 93.947441	 93.933266	   93.9194	 93.905837	 93.892576	 93.879611	  93.86694	 93.854558	 93.842461	 93.830646	  93.81911	 93.807848	 93.796856	 93.786132	 93.775671	  93.76547	 93.755526	 93.745834	 93.736391	 93.727194	 93.718239	 93.709523	 93.701042	 93.692794	 93.684774	  93.67698	 93.669409	 93.662056	  93.65492	 93.647998	 93.641285	 93.634779	 93.628478	 93.622379	 93.616478	 93.610774	 93.605263	 93.599943	 93.594811	 93.589865	 93.585103	 93.580522	 93.576121	 93.571896	 93.567845	 93.563968	 93.560261	 93.556723	 93.553352	 93.550147	 93.547105	 93.544225	 93.541506	 93.538946	 93.536543	 93.534297	 93.532206	 93.530269	 93.528486	 93.526854	 93.525374	 93.524043	 93.522863	 93.521831	 93.520948	 93.520213	 93.519626	 93.519185	 93.518892	 93.518745	
        99	 98.934988	 98.869986	 98.805005	 98.740056	 98.675149	 98.610294	 98.545503	 98.480784	  98.41615	 98.351609	 98.287173	 98.222852	 98.158656	 98.094594	 98.030677	 97.966916	 97.903319	 97.839898	 97.776661	 97.713618	 97.650778	 97.588153	 97.525749	 97.463578	 97.401648	 97.339968	 97.278547	 97.217394	 97.156518	 97.095926	 97.035629	 96.975633	 96.915947	  96.85658	 96.797538	  96.73883	 96.680463	 96.622445	 96.564782	 96.507483	 96.450553	 96.394001	 96.337831	 96.282052	 96.226668	 96.171686	 96.117113	 96.062953	 96.009213	 95.955897	 95.903012	 95.850561	 95.798551	 95.746985	 95.695868	 95.645204	 95.594998	 95.545253	 95.495973	 95.447163	 95.398824	  95.35096	 95.303576	 95.256672	 95.210252	 95.164318	 95.118873	 95.073919	 95.029458	 94.985491	  94.94202	 94.899046	 94.856572	 94.814596	 94.773122	 94.732149	 94.691677	 94.651708	 94.612241	 94.573277	 94.534815	 94.496856	 94.459398	 94.422441	 94.385985	 94.350028	  94.31457	  94.27961	 94.245145	 94.211175	 94.177699	 94.144713	 94.112218	  94.08021	 94.048687	 94.017648	  93.98709	 93.957011	 93.927408	 93.898278	 93.869619	 93.841427	 93.813701	 93.786437	 93.759631	 93.733281	 93.707383	 93.681934	 93.656931	 93.632369	 93.608246	 93.584557	 93.561299	 93.538469	 93.516061	 93.494073	   93.4725	 93.451339	 93.430584	 93.410234	 93.390282	 93.370725	 93.351559	 93.332779	 93.314382	 93.296363	 93.278718	 93.261442	 93.244531	 93.227981	 93.211788	 93.195946	 93.180453	 93.165303	 93.150492	 93.136016	 93.121871	 93.108052	 93.094555	 93.081376	  93.06851	 93.055954	 93.043702	 93.031752	 93.020098	 93.008738	 92.997665	 92.986878	 92.976371	 92.966141	 92.956184	 92.946496	 92.937073	 92.927911	 92.919007	 92.910358	 92.901959	 92.893806	 92.885898	 92.878229	 92.870798	 92.863599	 92.856631	 92.849891	 92.843374	 92.837078	    92.831	 92.825138	 92.819488	 92.814048	 92.808815	 92.803786	 92.798959	 92.794332	 92.789903	 92.785668	 92.781627	 92.777776	 92.774114	 92.770639	 92.767349	 92.764242	 92.761317	 92.758573	 92.756007	 92.753618	 92.751406	 92.749368	 92.747504	 92.745813	 92.744293	 92.742945	 92.741766	 92.740758	 92.739918	 92.739246	 92.738743	 92.738408	  92.73824	
        99	 98.926895	 98.853801	 98.780731	 98.707697	  98.63471	 98.561782	 98.488924	  98.41615	 98.343469	 98.270895	 98.198437	 98.126109	 98.053921	 97.981885	 97.910011	 97.838313	 97.766799	 97.695483	 97.624373	 97.553482	 97.482821	 97.412399	 97.342227	 97.272317	 97.202677	 97.133319	 97.064252	 96.995486	 96.927032	 96.858898	 96.791094	  96.72363	 96.656514	 96.589756	 96.523365	 96.457348	 96.391716	 96.326475	 96.261634	 96.197202	 96.133186	 96.069593	 96.006432	 95.943708	  95.88143	 95.819604	 95.758237	 95.697335	 95.636905	 95.576953	 95.517484	 95.458504	 95.400019	 95.342033	 95.284553	 95.227583	 95.171126	 95.115189	 95.059775	 95.004888	 94.950532	  94.89671	 94.843427	 94.790684	 94.738486	 94.686834	 94.635732	 94.585182	 94.535185	 94.485745	 94.436863	  94.38854	 94.340777	 94.293577	 94.246939	 94.200866	 94.155356	 94.110411	 94.066032	 94.022217	 93.978967	 93.936282	 93.894162	 93.852604	  93.81161	 93.771177	 93.731305	 93.691993	 93.653238	 93.615039	 93.577395	 93.540304	 93.503763	  93.46777	 93.432324	 93.397421	 93.363059	 93.329235	 93.295946	  93.26319	 93.230964	 93.199263	 93.168085	 93.137427	 93.107285	 93.077654	 93.048533	 93.019916	   92.9918	  92.96418	 92.937054	 92.910416	 92.884263	  92.85859	 92.833394	 92.808668	  92.78441	 92.760614	 92.737276	 92.714392	 92.691957	 92.669965	 92.648413	 92.627296	 92.606609	 92.586346	 92.566504	 92.547078	 92.528062	 92.509452	 92.491243	 92.473429	 92.456007	 92.438971	 92.422317	 92.406039	 92.390133	 92.374594	 92.359416	 92.344597	 92.330129	  92.31601	 92.302233	 92.288795	 92.275691	 92.262916	 92.250466	 92.238335	  92.22652	 92.215017	  92.20382	 92.192926	  92.18233	 92.172028	 92.162016	 92.152289	 92.142845	 92.133678	 92.124785	 92.116161	 92.107805	  92.09971	 92.091875	 92.084295	 92.076967	 92.069887	 92.063053	 92.056461	 92.050108	  92.04399	 92.038106	 92.032451	 92.027024	 92.021821	  92.01684	 92.012078	 92.007533	 92.003203	 91.999085	 91.995177	 91.991478	 91.987985	 91.984696	 91.981609	 91.978724	 91.976038	  91.97355	 91.971259	 91.969163	 91.967261	 91.965552	 91.964036	 91.962711	 91.961576	 91.960632	 91.959877	 91.959311	 91.958934	 91.958746	
        99	 98.918813	  98.83764	 98.756493	 98.675385	  98.59433	  98.51334	 98.432429	 98.351609	 98.270895	 98.190297	  98.10983	 98.029507	 97.949339	 97.869339	 97.789521	 97.709897	 97.630478	 97.551278	 97.472308	  97.39358	 97.315108	 97.236901	 97.158973	 97.081334	 97.003996	 96.926971	 96.850269	 96.773902	  96.69788	 96.622215	 96.546916	 96.471994	 96.397459	 96.323321	 96.249591	 96.176277	 96.103389	 96.030936	 95.958928	 95.887373	  95.81628	 95.745658	 95.675514	 95.605857	 95.536695	 95.468035	 95.399884	  95.33225	  95.26514	  95.19856	 95.132517	 95.067017	 95.002067	 94.937672	 94.873837	 94.810569	 94.747872	 94.685752	 94.624212	 94.563257	 94.502893	 94.443121	 94.383948	 94.325375	 94.267406	 94.210045	 94.153294	 94.097156	 94.041633	 93.986727	 93.932441	 93.878776	 93.825734	 93.773316	 93.721523	 93.670356	 93.619816	 93.569903	 93.520617	 93.471959	 93.423929	 93.376525	 93.329748	 93.283597	 93.238071	 93.193169	 93.148889	 93.105231	 93.062192	 93.019771	 92.977966	 92.936774	 92.896194	 92.856222	 92.816858	 92.778096	 92.739936	 92.702373	 92.665405	 92.629028	 92.593239	 92.558034	  92.52341	 92.489362	 92.455888	 92.422982	 92.390641	 92.358861	 92.327637	 92.296964	 92.266839	 92.237257	 92.208213	 92.179702	  92.15172	 92.124261	 92.097321	 92.070895	 92.044978	 92.019564	 91.994648	 91.970226	 91.946292	  91.92284	 91.899866	 91.877364	 91.855328	 91.833754	 91.812636	 91.791969	 91.771747	 91.751964	 91.732616	 91.713697	 91.695202	 91.677124	  91.65946	 91.642203	 91.625348	  91.60889	 91.592823	 91.577143	 91.561844	  91.54692	 91.532367	  91.51818	 91.504354	 91.490882	 91.477762	 91.464986	 91.452552	 91.440453	 91.428686	 91.417245	 91.406126	 91.395325	 91.384836	 91.374656	 91.364779	 91.355203	 91.345922	 91.336933	 91.328232	 91.319814	 91.311676	 91.303814	 91.296224	 91.288903	 91.281848	 91.275054	 91.268519	 91.262239	 91.256212	 91.250434	 91.244902	 91.239614	 91.234567	 91.229758	 91.225185	 91.220845	 91.216737	 91.212857	 91.209205	 91.205777	 91.202573	  91.19959	 91.196827	 91.194283	 91.191955	 91.189843	 91.187945	 91.186261	  91.18479	  91.18353	 91.182481	 91.181643	 91.181015	 91.180596	 91.180387	
        99	 98.910745	 98.821505	 98.732293	 98.643125	 98.554015	 98.464976	 98.376025	 98.287173	 98.198437	  98.10983	 98.021367	  97.93306	 97.844926	 97.756976	 97.669226	 97.581688	 97.494377	 97.407306	 97.320488	 97.233937	 97.147666	 97.061687	 96.976014	  96.89066	 96.805637	 96.720957	 96.636632	 96.552676	 96.469099	 96.385914	 96.303132	 96.220764	 96.138823	 96.057317	 95.976259	  95.89566	 95.815528	 95.735875	 95.656711	 95.578046	 95.499888	 95.422247	 95.345132	 95.268553	 95.192517	 95.117034	  95.04211	 94.967755	 94.893975	 94.820779	 94.748173	 94.676164	 94.604759	 94.533964	 94.463786	  94.39423	 94.325303	 94.257009	 94.189353	 94.122341	 94.055977	 93.990266	 93.925212	 93.860818	 93.797089	 93.734027	 93.671636	 93.609919	 93.548878	 93.488516	 93.428835	 93.369837	 93.311524	 93.253897	 93.196957	 93.140705	 93.085142	 93.030269	 92.976085	 92.922592	 92.869788	 92.817674	 92.766248	 92.715511	  92.66546	 92.616096	 92.567416	 92.519418	 92.472102	 92.425466	 92.379506	  92.33422	 92.289607	 92.245664	 92.202387	 92.159774	 92.117821	 92.076525	 92.035883	 91.995891	 91.956545	 91.917842	 91.879777	 91.842346	 91.805545	 91.769369	 91.733814	 91.698875	 91.664548	 91.630828	 91.597709	 91.565187	 91.533256	 91.501912	 91.471149	 91.440962	 91.411345	 91.382292	 91.353799	  91.32586	 91.298468	 91.271619	 91.245306	 91.219523	 91.194266	 91.169528	 91.145303	 91.121585	 91.098368	 91.075647	 91.053415	 91.031666	 91.010396	 90.989596	 90.969263	 90.949389	 90.929969	 90.910997	 90.892467	 90.874374	  90.85671	 90.839472	 90.822652	 90.806245	 90.790246	 90.774649	 90.759448	 90.744638	 90.730214	 90.716169	 90.702499	 90.689198	 90.676261	 90.663684	  90.65146	 90.639585	 90.628053	 90.616861	 90.606004	 90.595476	 90.585273	  90.57539	 90.565824	  90.55657	 90.547623	  90.53898	 90.530636	 90.522587	  90.51483	 90.507362	 90.500177	 90.493273	 90.486647	 90.480294	 90.474213	 90.468399	 90.462851	 90.457564	 90.452536	 90.447766	 90.443249	 90.438984	 90.434968	   90.4312	 90.427678	 90.424398	 90.421361	 90.418563	 90.416004	 90.413682	 90.411596	 90.409745	 90.408127	 90.406742	 90.405589	 90.404667	 90.403977	 90.403516	 90.403286	
        99	 98.902691	 98.805398	 98.708137	 98.610923	 98.513772	 98.416699	 98.319721	 98.222852	 98.126109	 98.029507	  97.93306	 97.836786	 97.740698	 97.644813	 97.549144	 97.453708	 97.358518	  97.26359	 97.168939	 97.074578	 96.980522	 96.886785	 96.793382	 96.700325	  96.60763	 96.515309	 96.423376	 96.331844	 96.240726	 96.150034	 96.059782	 95.969982	 95.880646	 95.791787	 95.703414	 95.615542	  95.52818	  95.44134	 95.355032	 95.269268	 95.184058	 95.099411	 95.015338	 94.931849	 94.848952	 94.766657	 94.684973	 94.603908	 94.523471	  94.44367	 94.364512	 94.286006	 94.208158	 94.130975	 94.054464	 93.978632	 93.903485	 93.829028	 93.755268	 93.682209	 93.609857	 93.538217	 93.467292	 93.397088	 93.327608	 93.258856	 93.190835	 93.123549	    93.057	 92.991192	 92.926126	 92.861804	 92.798229	 92.735402	 92.673324	 92.611996	 92.551419	 92.491595	 92.432522	 92.374202	 92.316633	 92.259816	  92.20375	 92.148435	 92.093868	 92.040049	 91.986976	 91.934648	 91.883063	 91.832218	 91.782111	 91.732739	   91.6841	 91.636192	  91.58901	 91.542551	 91.496813	 91.451791	 91.407482	 91.363881	 91.320985	 91.278789	 91.237289	  91.19648	 91.156358	 91.116918	 91.078155	 91.040064	 91.002639	 90.965876	 90.929769	 90.894312	 90.859501	 90.825328	 90.791789	 90.758878	 90.726588	 90.694914	  90.66385	 90.633389	 90.603526	 90.574254	 90.545567	 90.517458	 90.489922	 90.462951	  90.43654	 90.410682	  90.38537	 90.360599	 90.336361	  90.31265	  90.28946	 90.266784	 90.244616	 90.222949	 90.201776	 90.181092	  90.16089	 90.141164	 90.121907	 90.103113	 90.084775	 90.066888	 90.049446	 90.032441	 90.015869	 89.999722	 89.983996	 89.968684	  89.95378	 89.939279	 89.925175	 89.911463	 89.898136	 89.885189	 89.872617	 89.860416	 89.848578	   89.8371	 89.825977	 89.815202	 89.804773	 89.794683	 89.784929	 89.775506	 89.766409	 89.757635	 89.749178	 89.741035	 89.733202	 89.725675	 89.718451	 89.711526	 89.704895	 89.698557	 89.692508	 89.686744	 89.681263	 89.676061	 89.671137	 89.666487	  89.66211	 89.658001	 89.654161	 89.650586	 89.647274	 89.644224	 89.641434	 89.638903	 89.636628	  89.63461	 89.632846	 89.631336	 89.630079	 89.629074	 89.628321	 89.627819	 89.627569	
        99	 98.894653	 98.789323	 98.684028	 98.578783	 98.473607	 98.368515	 98.263526	 98.158656	 98.053921	 97.949339	 97.844926	 97.740698	 97.636674	 97.532867	 97.429296	 97.325976	 97.222923	 97.120154	 97.017683	 96.915528	 96.813702	 96.712222	 96.611103	  96.51036	 96.410008	  96.31006	 96.210533	  96.11144	 96.012795	 95.914612	 95.816905	 95.719687	 95.622971	 95.526771	 95.431099	 95.335968	 95.241389	 95.147376	 95.053939	  94.96109	 94.868841	 94.777202	 94.686184	 94.595798	 94.506054	 94.416961	 94.328529	 94.240768	 94.153686	 94.067293	 93.981597	 93.896605	 93.812326	 93.728768	 93.645937	 93.563841	 93.482486	 93.401879	 93.322026	 93.242932	 93.164603	 93.087045	 93.010262	 92.934258	 92.859039	 92.784607	 92.710968	 92.638123	 92.566077	 92.494833	 92.424392	 92.354757	  92.28593	 92.217913	 92.150707	 92.084313	 92.018733	 91.953966	 91.890014	 91.826876	 91.764552	 91.703042	 91.642344	 91.582459	 91.523385	  91.46512	 91.407664	 91.351013	 91.295166	 91.240121	 91.185875	 91.132425	 91.079769	 91.027902	 90.976823	 90.926527	  90.87701	 90.828269	   90.7803	 90.733097	 90.686658	 90.640976	 90.596048	 90.551869	 90.508432	 90.465734	 90.423769	 90.382531	 90.342015	 90.302215	 90.263126	  90.22474	 90.187053	 90.150057	 90.113748	 90.078118	 90.043161	 90.008871	  89.97524	 89.942263	 89.909933	 89.878243	 89.847186	 89.816756	 89.786945	 89.757746	 89.729153	 89.701159	 89.673757	 89.646939	 89.620699	 89.595029	 89.569924	 89.545374	 89.521375	 89.497918	 89.474997	 89.452604	 89.430734	 89.409378	  89.38853	 89.368183	 89.348331	 89.328966	 89.310083	 89.291674	 89.273732	 89.256252	 89.239227	  89.22265	 89.206515	 89.190816	 89.175547	 89.160702	 89.146274	 89.132258	 89.118648	 89.105438	 89.092623	 89.080196	 89.068154	  89.05649	 89.045199	 89.034276	 89.023716	 89.013514	 89.003666	 88.994167	 88.985011	 88.976196	 88.967716	 88.959567	 88.951746	 88.944249	 88.937071	 88.930209	  88.92366	  88.91742	 88.911486	 88.905855	 88.900524	  88.89549	 88.890751	 88.886303	 88.882145	 88.878275	  88.87469	 88.871388	 88.868367	 88.865627	 88.863165	 88.860979	  88.85907	 88.857435	 88.856074	 88.854987	 88.854171	 88.853628	 88.853356	
        99	 98.886632	 98.773282	 98.659969	 98.546711	 98.433526	 98.320433	 98.207449	 98.094594	 97.981885	 97.869339	 97.756976	 97.644813	 97.532867	 97.421157	   97.3097	 97.198513	 97.087613	 96.977019	 96.866746	 96.756812	 96.647233	 96.538027	 96.429208	 96.320794	 96.212801	 96.105243	 95.998138	   95.8915	 95.785344	 95.679685	 95.574538	 95.469918	 95.365838	 95.262313	 95.159356	 95.056981	 94.955202	  94.85403	 94.753478	  94.65356	 94.554287	  94.45567	 94.357722	 94.260454	 94.163876	    94.068	 93.972835	 93.878391	 93.784679	 93.691708	 93.599486	 93.508023	 93.417327	 93.327406	 93.238269	 93.149922	 93.062372	 92.975628	 92.889694	 92.804578	 92.720285	 92.636821	 92.554192	 92.472401	 92.391454	 92.311356	 92.232109	 92.153718	 92.076187	 91.999517	 91.923713	 91.848776	 91.774708	 91.701512	 91.629189	  91.55774	 91.487166	 91.417468	 91.348646	 91.280701	 91.213631	 91.147437	 91.082119	 91.017674	 90.954102	 90.891401	 90.829569	 90.768605	 90.708506	 90.649269	 90.590893	 90.533373	 90.476707	 90.420892	 90.365923	 90.311797	 90.258511	 90.206058	 90.154436	  90.10364	 90.053664	 90.004505	 89.956156	 89.908612	 89.861869	 89.815919	 89.770759	 89.726381	  89.68278	  89.63995	 89.597884	 89.556575	 89.516018	 89.476206	 89.437132	 89.398789	  89.36117	 89.324269	 89.288078	  89.25259	 89.217799	 89.183696	 89.150274	 89.117526	 89.085445	 89.054024	 89.023254	 88.993128	 88.963639	 88.934779	 88.906541	 88.878917	   88.8519	 88.825482	 88.799655	 88.774412	 88.749745	 88.725648	 88.702112	  88.67913	 88.656695	 88.634799	 88.613435	 88.592596	 88.572275	 88.552464	 88.533156	 88.514345	 88.496023	 88.478184	 88.460821	 88.443927	 88.427495	 88.411519	 88.395993	 88.380909	 88.366263	 88.352047	 88.338256	 88.324884	 88.311925	 88.299372	 88.287222	 88.275467	 88.264103	 88.253125	 88.242526	 88.232304	 88.222451	 88.212965	 88.203839	  88.19507	 88.186654	 88.178585	 88.170861	 88.163476	 88.156429	 88.149714	 88.143328	 88.137268	 88.131531	 88.126114	 88.121014	 88.116228	 88.111753	 88.107588	  88.10373	 88.100176	 88.096926	 88.093977	 88.091327	 88.088975	 88.086921	 88.085161	 88.083697	 88.082526	 88.081649	 88.081064	 88.080772	
        99	 98.878629	 98.757277	 98.635965	 98.514711	 98.393536	 98.272459	   98.1515	 98.030677	 97.910011	 97.789521	 97.669226	 97.549144	 97.429296	   97.3097	 97.190374	 97.071338	  96.95261	 96.834208	 96.716151	 96.598456	 96.481142	 96.364225	 96.247725	 96.131658	  96.01604	  95.90089	 95.786224	 95.672057	 95.558407	  95.44529	  95.33272	 95.220714	 95.109287	 94.998454	 94.888229	 94.778627	 94.669662	 94.561348	 94.453698	 94.346726	 94.240445	 94.134866	 94.030004	 93.925869	 93.822473	 93.719828	 93.617945	 93.516835	 93.416507	 93.316972	 93.218241	 93.120321	 93.023222	 92.926954	 92.831523	 92.736939	  92.64321	 92.550341	 92.458341	 92.367216	 92.276973	 92.187617	 92.099154	  92.01159	 91.924929	 91.839175	 91.754334	  91.67041	 91.587405	 91.505323	 91.424167	  91.34394	 91.264644	  91.18628	 91.108851	 91.032359	 90.956803	 90.882184	 90.808504	 90.735762	 90.663958	 90.593091	 90.523161	 90.454167	 90.386107	  90.31898	 90.252783	 90.187515	 90.123173	 90.059755	 89.997258	 89.935678	 89.875012	 89.815256	 89.756407	  89.69846	 89.641411	 89.585256	  89.52999	 89.475607	 89.422104	 89.369474	 89.317712	 89.266812	 89.216769	 89.167576	 89.119227	 89.071717	 89.025038	 88.979184	 88.934148	 88.889923	 88.846503	 88.803881	 88.762048	 88.720998	 88.680724	 88.641218	 88.602472	 88.564479	 88.527231	  88.49072	 88.454939	  88.41988	 88.385534	 88.351894	 88.318952	   88.2867	 88.255129	 88.224232	 88.194001	 88.164426	 88.135502	 88.107218	 88.079568	 88.052543	 88.026136	 88.000337	 87.975139	 87.950535	 87.926516	 87.903075	 87.880203	 87.857892	 87.836137	 87.814927	 87.794257	 87.774117	 87.754502	 87.735404	 87.716815	 87.698728	 87.681136	 87.664033	  87.64741	 87.631262	 87.615582	 87.600363	 87.585598	 87.571282	 87.557407	 87.543969	 87.530961	 87.518376	  87.50621	 87.494456	  87.48311	 87.472166	 87.461618	 87.451461	 87.441692	 87.432304	 87.423293	 87.414655	 87.406385	  87.39848	 87.390934	 87.383745	 87.376909	 87.370421	 87.364279	 87.358479	 87.353019	 87.347895	 87.343105	 87.338646	 87.334515	 87.330711	 87.327231	 87.324074	 87.321237	 87.318719	 87.316519	 87.314636	 87.313068	 87.311815	 87.310876	  87.31025	 87.309937	
        99	 98.870645	 98.741311	 98.612019	 98.482789	 98.353643	 98.224602	 98.095686	 97.966916	 97.838313	 97.709897	 97.581688	 97.453708	 97.325976	 97.198513	 97.071338	 96.944472	 96.817934	 96.691743	  96.56592	 96.440484	 96.315452	 96.190846	 96.066682	  95.94298	 95.819757	 95.697032	 95.574823	 95.453147	 95.332021	 95.211463	 95.091488	 94.972115	 94.853358	 94.735234	 94.617759	 94.500947	 94.384815	 94.269376	 94.154645	 94.040636	 93.927364	 93.814841	  93.70308	 93.592095	 93.481899	 93.372502	 93.263917	 93.156155	 93.049228	 92.943146	  92.83792	 92.733559	 92.630073	 92.527472	 92.425765	 92.324959	 92.225064	 92.126086	 92.028035	 91.930916	 91.834736	 91.739502	 91.645221	 91.551896	 91.459534	  91.36814	 91.277719	 91.188273	 91.099809	 91.012327	 90.925833	 90.840329	 90.755816	 90.672298	 90.589776	 90.508252	 90.427726	 90.348199	 90.269672	 90.192145	 90.115618	  90.04009	  89.96556	 89.892027	  89.81949	 89.747947	 89.677396	 89.607835	 89.539261	 89.471671	 89.405063	 89.339432	 89.274775	 89.211089	 89.148368	  89.08661	 89.025809	  88.96596	 88.907058	 88.849098	 88.792075	 88.735983	 88.680816	 88.626568	 88.573233	 88.520804	 88.469276	  88.41864	  88.36889	  88.32002	 88.272022	 88.224888	 88.178612	 88.133186	 88.088601	 88.044851	 88.001928	 87.959823	 87.918528	 87.878036	 87.838338	 87.799426	 87.761291	 87.723926	 87.687321	 87.651468	 87.616359	 87.581985	 87.548338	 87.515408	 87.483188	 87.451669	 87.420841	 87.390698	 87.361229	 87.332426	 87.304281	 87.276785	  87.24993	 87.223708	 87.198109	 87.173125	 87.148749	 87.124971	 87.101784	 87.079179	 87.057149	 87.035685	  87.01478	 86.994425	 86.974613	 86.955337	 86.936588	 86.918359	 86.900643	 86.883433	 86.866721	 86.850501	 86.834765	 86.819507	  86.80472	 86.790398	 86.776534	 86.763122	 86.750155	 86.737628	 86.725536	 86.713871	  86.70263	 86.691805	 86.681393	 86.671387	 86.661784	 86.652578	 86.643764	 86.635338	 86.627297	 86.619635	 86.612348	 86.605434	 86.598888	 86.592707	 86.586887	 86.581426	 86.576321	 86.571568	 86.567166	 86.563112	 86.559403	 86.556038	 86.553014	 86.550331	 86.547987	 86.545979	 86.544308	 86.542973	 86.541972	 86.541305	 86.540971	
        99	 98.862682	 98.725386	 98.588135	  98.45095	 98.313854	 98.176869	 98.040017	 97.903319	 97.766799	 97.630478	 97.494377	 97.358518	 97.222923	 97.087613	  96.95261	 96.817934	 96.683606	 96.549647	 96.416079	  96.28292	 96.150192	 96.017914	 95.886107	  95.75479	 95.623982	 95.493702	  95.36397	 95.234803	 95.106221	 94.978241	 94.850881	 94.724159	 94.598091	 94.472696	 94.347989	 94.223986	 94.100704	 93.978159	 93.856365	 93.735338	 93.615093	 93.495643	 93.377003	 93.259185	 93.142205	 93.026074	 92.910804	 92.796409	 92.682899	 92.570287	 92.458583	 92.347798	 92.237941	 92.129024	 92.021055	 91.914044	 91.807999	 91.702929	 91.598841	 91.495744	 91.393643	 91.292547	 91.192461	 91.093392	 90.995344	 90.898324	 90.802336	 90.707385	 90.613474	 90.520607	 90.428788	  90.33802	 90.248305	 90.159646	 90.072044	 89.985501	 89.900018	 89.815595	 89.732234	 89.649935	 89.568696	 89.488519	 89.409401	 89.331341	 89.254339	 89.178392	 89.103498	 89.029654	 88.956859	 88.885108	 88.814399	 88.744728	 88.676091	 88.608484	 88.541903	 88.476343	 88.411799	 88.348265	 88.285738	  88.22421	 88.163677	 88.104132	 88.045569	 87.987981	 87.931363	 87.875706	 87.821005	 87.767253	  87.71444	 87.662562	 87.611609	 87.561574	 87.512449	 87.464226	 87.416897	 87.370454	 87.324888	 87.280191	 87.236354	  87.19337	 87.151228	  87.10992	 87.069438	 87.029772	 86.990914	 86.952854	 86.915583	 86.879093	 86.843375	 86.808418	 86.774215	 86.740755	  86.70803	  86.67603	 86.644747	 86.614172	 86.584294	 86.555106	 86.526598	 86.498761	 86.471586	 86.445064	 86.419187	 86.393946	 86.369331	 86.345335	 86.321949	 86.299164	 86.276971	 86.255364	 86.234332	 86.213869	 86.193966	 86.174615	 86.155808	 86.137539	 86.119798	 86.102579	 86.085875	 86.069678	  86.05398	 86.038776	 86.024059	 86.009821	 85.996056	 85.982758	 85.969921	 85.957539	 85.945605	 85.934114	 85.923061	 85.912439	 85.902245	 85.892472	 85.883115	 85.874171	 85.865634	 85.857501	 85.849766	 85.842426	 85.835477	 85.828916	 85.822738	 85.816941	 85.811521	 85.806476	 85.801802	 85.797498	 85.793561	 85.789989	  85.78678	 85.783931	 85.781442	 85.779311	 85.777538	  85.77612	 85.775057	 85.774349	 85.773995	
