Time step 70:
        99	        99	        99	        99	        99	        99	        99	        99	        99	        99	        99	        99	        99	        99	        99	        99	        99	        99	        99	        99	        99	        99	        99	        99	        99	        99	        99	        99	        99	        99	        99	        99	        99	        99	        99	        99	        99	        99	        99	        99	        99	        99	        99	        99	        99	        99	        99	        99	        99	        99	        99	        99	        99	        99	        99	        99	        99	        99	        99	        99	        99	        99	        99	        99	        99	        99	        99	        99	        99	        99	        99	        99	        99	        99	        99	        99	        99	        99	        99	        99	        99	        99	        99	        99	        99	        99	        99	        99	        99	        99	        99	        99	        99	        99	        99	        99	        99	        99	        99	        99	        99	        99	        99	        99	        99	        99	        99	        99	        99	        99	        99	        99	        99	        99	        99	        99	        99	        99	        99	        99	        99	        99	        99	        99	        99	        99	        99	        99	        99	        99	        99	        99	        99	        99	        99	        99	        99	        99	        99	        99	        99	        99	        99	        99	        99	        99	        99	        99	        99	        99	        99	        99	        99	        99	        99	        99	        99	        99	        99	        99	        99	        99	        99	        99	        99	        99	        99	        99	        99	        99	        99	        99	        99	        99	        99	        99	        99	        99	        99	        99	        99	        99	        99	        99	        99	        99	        99	        99	        99	        99	        99	        99	        99	        99	        99	        99	        99	        99	        99	        99	
        99	 98.990929	  98.98186	 98.972794	 98.963734	 98.954679	 98.945633	 98.936597	 98.927572	  98.91856	 98.909562	 98.900581	 98.891618	 98.882674	 98.873751	  98.86485	 98.855974	 98.847123	 98.838299	 98.829504	 98.820739	 98.812006	 98.803305	 98.794639	 98.786009	 98.777416	 98.768862	 98.760348	 98.751875	 98.743445	 98.735058	 98.726718	 98.718423	 98.710177	 98.701979	 98.693831	 98.685735	 98.677691	 98.669701	 98.661765	 98.653885	 98.646061	 98.638295	 98.630588	  98.62294	 98.615353	 98.607827	 98.600363	 98.592963	 98.585626	 98.578354	 98.571147	 98.564006	 98.556931	 98.549924	 98.542985	 98.536115	 98.529313	 98.522581	 98.515919	 98.509328	 98.502808	 98.496359	 98.489981	 98.483676	 98.477443	 98.471283	 98.465196	 98.459182	 98.453242	 98.447374	 98.441581	 98.435861	 98.430215	 98.424643	 98.419145	 98.413721	 98.408371	 98.403094	 98.397892	 98.392763	 98.387707	 98.382725	 98.377816	 98.372981	 98.368218	 98.363527	 98.358909	 98.354363	 98.349888	 98.345485	 98.341153	 98.336892	   98.3327	 98.328579	 98.324527	 98.320544	  98.31663	 98.312784	 98.309005	 98.305293	 98.301648	 98.298069	 98.294555	 98.291107	 98.287722	 98.284402	 98.281144	 98.277949	 98.274816	 98.271745	 98.268734	 98.265783	 98.262891	 98.260059	 98.257284	 98.254567	 98.251906	 98.249302	 98.246753	 98.244258	 98.241818	  98.23943	 98.237096	 98.234813	 98.232582	 98.230401	 98.228269	 98.226187	 98.224153	 98.222167	 98.220228	 98.218335	 98.216488	 98.214686	 98.212927	 98.211213	 98.209541	 98.207911	 98.206323	 98.204775	 98.203268	   98.2018	  98.20037	 98.198979	 98.197626	 98.196309	 98.195028	 98.193784	 98.192574	 98.191398	 98.190256	 98.189148	 98.188072	 98.187028	 98.186015	 98.185034	 98.184083	 98.183161	 98.182269	 98.181406	 98.180571	 98.179764	 98.178984	 98.178231	 98.177504	 98.176803	 98.176128	 98.175478	 98.174852	 98.174251	 98.173673	 98.173119	 98.172588	  98.17208	 98.171594	  98.17113	 98.170688	 98.170268	 98.169868	  98.16949	 98.169131	 98.168794	 98.168476	 98.168178	   98.1679	 98.167642	 98.167402	 98.167182	 98.166981	 98.166798	 98.166634	 98.166489	 98.166362	 98.166253	 98.166163	 98.166091	 98.166036	    98.166	 98.165982	
        99	  98.98186	 98.963724	 98.945594	 98.927474	 98.909367	 98.891276	 98.873205	 98.855157	 98.837134	 98.819141	  98.80118	 98.783255	 98.765369	 98.747525	 98.729725	 98.711974	 98.694274	 98.676628	 98.659039	 98.641511	 98.624045	 98.606646	 98.589315	 98.572056	 98.554872	 98.537765	 98.520738	 98.503794	 98.486935	 98.470165	 98.453484	 98.436897	 98.420405	 98.404011	 98.387718	 98.371527	  98.35544	 98.339461	 98.323591	 98.307832	 98.292186	 98.276656	 98.261243	 98.245949	 98.230776	 98.215725	 98.200799	 98.185999	 98.171327	 98.156783	  98.14237	  98.12809	 98.113942	  98.09993	 98.086053	 98.072313	 98.058711	 98.045248	 98.031926	 98.018744	 98.005705	 97.992808	 97.980055	 97.967446	 97.954981	 97.942662	 97.930489	 97.918462	 97.906582	 97.894848	 97.883262	 97.871824	 97.860533	  97.84939	 97.838395	 97.827548	 97.816848	 97.806296	 97.795892	 97.785635	 97.775525	 97.765562	 97.755745	 97.746074	 97.736549	 97.727169	 97.717933	 97.708842	 97.699894	 97.691088	 97.682425	 97.673903	 97.665521	 97.657279	 97.649176	 97.641211	 97.633383	 97.625691	 97.618135	 97.610712	 97.603422	 97.596265	 97.589238	 97.582341	 97.575573	 97.568933	 97.562418	 97.556029	 97.549764	 97.543621	   97.5376	 97.531698	 97.525916	 97.520251	 97.514702	 97.509268	 97.503947	 97.498739	 97.493641	 97.488652	 97.483772	 97.478998	 97.474329	 97.469764	 97.465302	  97.46094	 97.456678	 97.452514	 97.448447	 97.444475	 97.440597	 97.436812	 97.433118	 97.429513	 97.425997	 97.422568	 97.419224	 97.415965	 97.412789	 97.409694	 97.406679	 97.403743	 97.400885	 97.398103	 97.395396	 97.392763	 97.390202	 97.387713	 97.385293	 97.382942	 97.380659	 97.378442	  97.37629	 97.374202	 97.372178	 97.370215	 97.368312	  97.36647	 97.364686	  97.36296	  97.36129	 97.359676	 97.358116	  97.35661	 97.355157	 97.353755	 97.352405	 97.351104	 97.349853	 97.348651	 97.347496	 97.346388	 97.345326	 97.344309	 97.343338	  97.34241	 97.341526	 97.340685	 97.339886	 97.339129	 97.338413	 97.337737	 97.337102	 97.336507	 97.335951	 97.335434	 97.334955	 97.334515	 97.334112	 97.333747	 97.333419	 97.333128	 97.332874	 97.332657	 97.332476	 97.332332	 97.332223	 97.332151	 97.332115	
        99	 98.972794	 98.945594	 98.918403	 98.891227	 98.864071	 98.836939	 98.809836	 98.782767	 98.755738	 98.728752	 98.701816	 98.674932	 98.648107	 98.621344	 98.594649	 98.568026	  98.54148	 98.515015	 98.488636	 98.462347	 98.436152	 98.410057	 98.384065	 98.358181	 98.332409	 98.306752	 98.281216	 98.255803	 98.230519	 98.205366	  98.18035	 98.155473	 98.130739	 98.106151	 98.081715	 98.057431	 98.033306	  98.00934	 97.985538	 97.961904	 97.938439	 97.915147	 97.892031	 97.869093	 97.846337	 97.823764	 97.801379	 97.779182	 97.757177	 97.735365	 97.713749	 97.692331	 97.671113	 97.650097	 97.629285	 97.608678	 97.588279	 97.568088	 97.548107	 97.528338	 97.508781	 97.489439	 97.470312	 97.451401	 97.432707	 97.414232	 97.395974	 97.377937	 97.360119	 97.342522	 97.325145	  97.30799	 97.291057	 97.274345	 97.257854	 97.241586	 97.225539	 97.209713	 97.194109	 97.178726	 97.163563	 97.148621	 97.133898	 97.119394	 97.105108	  97.09104	 97.077189	 97.063554	 97.050134	 97.036928	 97.023935	 97.011153	 96.998583	 96.986222	 96.974069	 96.962123	 96.950383	 96.938847	 96.927513	 96.916381	 96.905448	 96.894714	 96.884175	 96.873832	 96.863681	 96.853722	 96.843951	 96.834369	 96.824972	  96.81576	 96.806729	 96.797879	 96.789206	  96.78071	 96.772388	 96.764238	 96.756258	 96.748447	 96.740801	 96.733319	    96.726	  96.71884	 96.711838	 96.704991	 96.698299	 96.691757	 96.685365	  96.67912	  96.67302	 96.667063	 96.661247	  96.65557	 96.650029	 96.644624	  96.63935	 96.634207	 96.629193	 96.624304	 96.619541	 96.614899	 96.610378	 96.605975	 96.601688	 96.597516	 96.593456	 96.589507	 96.585666	 96.581932	 96.578303	 96.574778	 96.571353	 96.568028	 96.564801	  96.56167	 96.558633	 96.555689	 96.552837	 96.550073	 96.547398	 96.544808	 96.542304	 96.539883	 96.537544	 96.535285	 96.533106	 96.531004	 96.528978	 96.527028	 96.525152	 96.523348	 96.521616	 96.519954	 96.518362	 96.516837	  96.51538	 96.513989	 96.512663	 96.511401	 96.510203	 96.509068	 96.507994	 96.506981	 96.506028	 96.505135	 96.504301	 96.503526	 96.502808	 96.502147	 96.501543	 96.500996	 96.500504	 96.500068	 96.499687	 96.499361	  96.49909	 96.498873	 96.498711	 96.498603	 96.498549	
        99	 98.963734	 98.927474	 98.891227	    98.855	 98.818799	  98.78263	 98.746501	 98.710418	 98.674386	 98.638413	 98.602504	 98.566667	 98.530907	 98.495231	 98.459645	 98.424156	 98.388768	 98.353489	 98.318324	  98.28328	 98.248361	 98.213575	 98.178926	 98.144421	 98.110065	 98.075864	 98.041822	 98.007946	 97.974241	 97.940712	 97.907363	   97.8742	 97.841229	 97.808453	 97.775877	 97.743506	 97.711345	 97.679398	 97.647669	 97.616163	 97.584883	 97.553833	 97.523018	 97.492441	 97.462106	 97.432016	 97.402174	 97.372585	 97.343251	 97.314175	 97.285359	 97.256808	 97.228524	 97.200508	 97.172764	 97.145295	 97.118101	 97.091185	  97.06455	 97.038196	 97.012127	 96.986343	 96.960845	 96.935636	 96.910716	 96.886087	 96.861749	 96.837704	 96.813952	 96.790494	  96.76733	 96.744462	 96.721888	  96.69961	 96.677628	 96.655941	 96.634549	 96.613453	 96.592652	 96.572145	 96.551933	 96.532014	 96.512387	 96.493053	 96.474009	 96.455256	 96.436792	 96.418615	 96.400725	 96.383121	   96.3658	 96.348762	 96.332005	 96.315527	 96.299327	 96.283403	 96.267752	 96.252374	 96.237266	 96.222426	 96.207852	 96.193542	 96.179494	 96.165705	 96.152174	 96.138897	 96.125873	   96.1131	 96.100573	 96.088292	 96.076254	 96.064456	 96.052895	 96.041569	 96.030475	 96.019611	 96.008974	  95.99856	 95.988368	 95.978395	 95.968638	 95.959093	 95.949759	 95.940632	  95.93171	  95.92299	 95.914469	 95.906144	 95.898013	 95.890072	 95.882319	 95.874751	 95.867365	 95.860159	 95.853129	 95.846273	 95.839588	 95.833072	 95.826722	 95.820534	 95.814507	 95.808638	 95.802923	 95.797362	  95.79195	 95.786685	 95.781565	 95.776588	  95.77175	  95.76705	 95.762485	 95.758053	 95.753751	 95.749577	 95.745529	 95.741605	 95.737802	 95.734118	 95.730551	   95.7271	 95.723761	 95.720534	 95.717416	 95.714405	   95.7115	 95.708698	 95.705998	 95.703398	 95.700897	 95.698492	 95.696183	 95.693968	 95.691845	 95.689813	  95.68787	 95.686016	 95.684248	 95.682567	 95.680969	 95.679455	 95.678024	 95.676674	 95.675404	 95.674214	 95.673102	 95.672068	 95.671111	  95.67023	 95.669425	 95.668695	  95.66804	 95.667459	 95.666951	 95.666517	 95.666155	 95.665866	  95.66565	 95.665505	 95.665433	
        99	 98.954679	 98.909367	 98.864071	 98.818799	  98.77356	 98.728362	 98.683212	  98.63812	 98.593092	 98.548138	 98.503265	  98.45848	 98.413793	  98.36921	  98.32474	 98.280389	 98.236167	  98.19208	 98.148136	 98.104342	 98.060706	 98.017235	 97.973936	 97.930816	 97.887882	 97.845142	 97.802602	 97.760268	 97.718148	 97.676247	 97.634573	 97.593131	 97.551927	 97.510968	  97.47026	 97.429808	 97.389617	 97.349694	 97.310044	 97.270671	 97.231582	  97.19278	 97.154272	 97.116061	 97.078152	  97.04055	 97.003258	 96.966281	 96.929623	 96.893288	 96.857279	   96.8216	 96.786253	 96.751244	 96.716573	 96.682245	 96.648262	 96.614627	 96.581342	 96.548409	 96.515831	 96.483609	 96.451746	 96.420243	 96.389101	 96.358323	 96.327909	 96.297861	 96.268179	 96.238864	 96.209918	 96.181339	  96.15313	  96.12529	  96.09782	 96.070718	 96.043986	 96.017623	 95.991629	 95.966002	 95.940743	 95.915851	 95.891325	 95.867163	 95.843365	  95.81993	 95.796856	 95.774141	 95.751785	 95.729786	 95.708141	 95.686849	 95.665908	 95.645316	 95.625072	 95.605171	 95.585614	 95.566396	 95.547516	 95.528971	 95.510759	 95.492876	 95.475321	  95.45809	  95.44118	 95.424589	 95.408313	  95.39235	 95.376697	  95.36135	 95.346306	 95.331562	 95.317115	 95.302961	 95.289098	 95.275521	 95.262228	 95.249215	 95.236478	 95.224015	 95.211821	 95.199894	  95.18823	 95.176824	 95.165675	 95.154778	 95.144129	 95.133726	 95.123564	 95.113641	 95.103952	 95.094495	 95.085265	  95.07626	 95.067475	 95.058907	 95.050554	 95.042411	 95.034475	 95.026743	 95.019211	 95.011876	 95.004735	 94.997784	 94.991021	 94.984442	 94.978045	 94.971825	 94.965779	 94.959906	 94.954201	 94.948662	 94.943286	  94.93807	 94.933012	 94.928107	 94.923355	 94.918751	 94.914294	 94.909981	 94.905809	 94.901776	 94.897879	 94.894117	 94.890486	 94.886985	 94.883611	 94.880362	 94.877236	 94.874231	 94.871346	 94.868577	 94.865924	 94.863385	 94.860957	  94.85864	 94.856431	 94.854329	 94.852333	 94.850442	 94.848653	 94.846966	 94.845379	 94.843891	 94.842502	  94.84121	 94.840014	 94.838913	 94.837907	 94.836995	 94.836176	  94.83545	 94.834815	 94.834272	 94.833821	  94.83346	 94.833189	 94.833009	 94.832919	
        99	 98.945633	 98.891276	 98.836939	  98.78263	 98.728362	 98.674142	  98.61998	 98.565887	 98.511872	 98.457945	 98.404115	 98.350391	 98.296784	 98.243302	 98.189955	 98.136752	 98.083703	 98.030816	   97.9781	 97.925565	 97.873219	 97.821071	 97.769129	 97.717403	   97.6659	 97.614628	 97.563597	 97.512814	 97.462286	 97.412022	 97.362029	 97.312315	 97.262887	 97.213753	 97.164918	 97.116392	 97.068179	 97.020287	 96.972722	 96.925491	 96.878599	 96.832053	 96.785858	  96.74002	 96.694544	 96.649437	 96.604701	 96.560344	 96.516369	 96.472781	 96.429584	 96.386783	 96.344382	 96.302384	 96.260793	 96.219613	 96.178847	 96.138498	 96.098569	 96.059062	 96.019982	 95.981328	 95.943105	 95.905314	 95.867957	 95.831035	  95.79455	 95.758504	 95.722898	 95.687732	 95.653007	 95.618725	 95.584885	 95.551488	 95.518534	 95.486023	 95.453956	  95.42233	 95.391147	 95.360406	 95.330105	 95.300244	 95.270822	 95.241838	  95.21329	 95.185177	 95.157497	 95.130249	  95.10343	 95.077039	 95.051074	 95.025532	 95.000412	  94.97571	 94.951424	 94.927552	  94.90409	 94.881037	 94.858388	 94.836142	 94.814294	 94.792842	 94.771782	 94.751112	 94.730827	 94.710924	   94.6914	 94.672251	 94.653473	 94.635062	 94.617016	 94.599329	 94.581998	 94.565019	 94.548389	 94.532102	 94.516155	 94.500545	 94.485266	 94.470315	 94.455688	  94.44138	 94.427387	 94.413705	  94.40033	 94.387258	 94.374484	 94.362004	 94.349814	  94.33791	 94.326288	 94.314942	  94.30387	 94.293067	 94.282529	 94.272251	  94.26223	 94.252462	 94.242942	 94.233666	 94.224631	 94.215832	 94.207266	 94.198928	 94.190815	 94.182923	 94.175248	 94.167787	 94.160535	 94.153489	 94.146645	 94.140001	 94.133552	 94.127295	 94.121226	 94.115343	 94.109642	  94.10412	 94.098773	 94.093599	 94.088594	 94.083756	 94.079082	 94.074568	 94.070212	 94.066012	 94.061965	 94.058067	 94.054318	 94.050713	 94.047252	 94.043931	 94.040748	 94.037702	  94.03479	  94.03201	  94.02936	 94.026839	 94.024445	 94.022175	 94.020029	 94.018005	 94.016102	 94.014317	 94.012651	 94.011101	 94.009666	 94.008346	 94.007139	 94.006045	 94.005062	 94.004191	  94.00343	 94.002779	 94.002237	 94.001803	 94.001479	 94.001263	 94.001155	
        99	 98.936597	 98.873205	 98.809836	 98.746501	 98.683212	  98.61998	 98.556817	 98.493733	  98.43074	 98.367849	 98.305072	 98.242419	 98.179901	  98.11753	 98.055317	 97.993271	 97.931404	 97.869727	 97.808249	 97.746982	 97.685936	  97.62512	 97.564545	 97.504221	 97.444157	 97.384364	 97.324851	 97.265626	   97.2067	 97.148082	  97.08978	 97.031803	 96.974159	 96.916858	 96.859907	 96.803315	 96.747089	 96.691236	 96.635766	 96.580684	 96.525998	 96.471716	 96.417843	 96.364386	 96.311352	 96.258746	 96.206576	 96.154846	 96.103561	 96.052729	 96.002352	 95.952437	 95.902988	  95.85401	 95.805506	 95.757481	 95.709939	 95.662884	 95.616318	 95.570246	 95.524669	 95.479591	 95.435015	 95.390942	 95.347376	 95.304317	 95.261769	 95.219731	 95.178206	 95.137196	 95.096699	 95.056719	 95.017254	 94.978307	 94.939875	 94.901961	 94.864563	 94.827681	 94.791315	 94.755464	 94.720127	 94.685303	 94.650991	 94.617189	 94.583896	  94.55111	  94.51883	 94.487053	 94.455776	 94.424999	 94.394718	 94.364931	 94.335635	 94.306827	 94.278505	 94.250665	 94.223304	 94.196419	 94.170006	 94.144061	 94.118582	 94.093565	 94.069005	 94.044899	 94.021242	 93.998031	 93.975262	  93.95293	 93.931031	  93.90956	 93.888514	 93.867888	 93.847676	 93.827875	 93.808481	 93.789487	  93.77089	 93.752685	 93.734867	 93.717431	 93.700372	 93.683686	 93.667367	 93.651411	 93.635813	 93.620568	 93.605671	 93.591117	 93.576901	 93.563018	 93.549464	 93.536233	 93.523321	 93.510722	 93.498432	 93.486446	  93.47476	 93.463368	 93.452265	 93.441448	 93.430911	  93.42065	  93.41066	 93.400936	 93.391475	 93.382271	  93.37332	 93.364618	 93.356161	 93.347944	 93.339963	 93.332214	 93.324693	 93.317396	 93.310319	 93.303458	  93.29681	 93.290369	 93.284134	   93.2781	 93.272263	 93.266621	  93.26117	 93.255906	 93.250826	 93.245928	 93.241208	 93.236663	  93.23229	 93.228086	 93.224049	 93.220176	 93.216465	 93.212912	 93.209516	 93.206274	 93.203184	 93.200244	 93.197451	 93.194805	 93.192302	 93.189942	 93.187722	 93.185641	 93.183697	 93.181889	 93.180216	 93.178677	 93.177269	 93.175993	 93.174848	 93.173831	 93.172944	 93.172184	 93.171552	 93.171047	 93.170668	 93.170416	  93.17029	
        99	 98.927572	 98.855157	 98.782767	 98.710418	  98.63812	 98.565887	 98.493733	 98.421669	  98.34971	 98.277867	 98.206154	 98.134583	 98.063166	 97.991917	 97.920848	  97.84997	 97.779297	 97.708841	 97.638612	 97.568624	 97.498888	 97.429416	 97.360219	 97.291308	 97.222695	  97.15439	 97.086406	 97.018751	 96.951438	 96.884475	 96.817874	 96.751644	 96.685796	 96.620338	 96.555281	 96.490633	 96.426403	 96.362601	 96.299235	 96.236312	 96.173843	 96.111833	 96.050292	 95.989226	 95.928643	 95.868549	 95.808953	 95.749859	 95.691275	 95.633206	 95.575659	 95.518639	 95.462151	 95.406201	 95.350794	 95.295933	 95.241624	  95.18787	 95.134676	 95.082045	 95.029981	 94.978487	 94.927566	  94.87722	 94.827452	 94.778264	 94.729659	 94.681638	 94.634202	 94.587354	 94.541094	 94.495422	  94.45034	 94.405848	 94.361947	 94.318635	 94.275914	 94.233783	  94.19224	 94.151286	 94.110919	 94.071138	 94.031942	 93.993329	 93.955297	 93.917844	 93.880968	 93.844668	  93.80894	 93.773782	  93.73919	 93.705163	 93.671697	 93.638789	 93.606435	 93.574632	 93.543377	 93.512664	 93.482492	 93.452855	 93.423749	  93.39517	 93.367114	 93.339577	 93.312553	 93.286038	 93.260028	 93.234517	 93.209501	 93.184974	 93.160932	 93.137369	 93.114281	 93.091662	 93.069506	 93.047809	 93.026565	 93.005768	 92.985414	 92.965496	 92.946009	 92.926948	 92.908306	 92.890079	 92.872261	 92.854846	 92.837828	 92.821203	 92.804963	 92.789104	 92.773621	 92.758506	 92.743756	 92.729364	 92.715325	 92.701633	 92.688283	 92.675269	 92.662586	 92.650229	 92.638192	 92.626471	 92.615058	 92.603951	 92.593143	 92.582629	 92.572404	 92.562463	 92.552802	 92.543416	 92.534299	 92.525447	 92.516856	  92.50852	 92.500435	 92.492598	 92.485003	 92.477646	 92.470523	  92.46363	 92.456962	 92.450517	  92.44429	 92.438277	 92.432474	 92.426878	 92.421486	 92.416294	 92.411299	 92.406497	 92.401885	 92.397461	 92.393221	 92.389163	 92.385283	  92.38158	  92.37805	 92.374691	 92.371501	 92.368478	 92.365619	 92.362923	 92.360387	  92.35801	 92.355789	 92.353724	 92.351813	 92.350054	 92.348447	 92.346989	  92.34568	 92.344519	 92.343505	 92.342638	 92.341916	 92.341339	 92.340906	 92.340618	 92.340474	
        99	  98.91856	 98.837134	 98.755738	 98.674386	 98.593092	 98.511872	  98.43074	  98.34971	 98.268797	 98.188015	 98.107379	 98.026902	   97.9466	 97.866485	 97.786573	 97.706877	  97.62741	 97.548187	  97.46922	 97.390524	 97.312111	 97.233994	 97.156187	 97.078702	 97.001551	 96.924748	 96.848304	 96.772232	 96.696543	 96.621248	  96.54636	  96.47189	 96.397848	 96.324246	 96.251094	 96.178402	 96.106181	  96.03444	 95.963189	 95.892437	 95.822195	  95.75247	 95.683271	 95.614607	 95.546485	 95.478915	 95.411903	 95.345456	 95.279583	 95.214289	 95.149582	 95.085467	  95.02195	 94.959039	 94.896737	  94.83505	 94.773983	 94.713541	 94.653729	 94.594549	 94.536007	 94.478106	 94.420848	 94.364238	 94.308278	  94.25297	 94.198317	 94.144321	 94.090983	 94.038305	 93.986289	 93.934935	 93.884243	 93.834216	 93.784851	 93.736151	 93.688114	 93.640741	 93.594029	 93.547979	 93.502589	 93.457859	 93.413785	 93.370367	 93.327603	 93.285491	 93.244027	  93.20321	 93.163036	 93.123503	 93.084608	 93.046347	 93.008717	 92.971714	 92.935335	 92.899575	  92.86443	 92.829896	 92.795969	 92.762644	 92.729917	 92.697783	 92.666236	 92.635272	 92.604886	 92.575072	 92.545825	  92.51714	 92.489011	 92.461433	 92.434399	 92.407905	 92.381944	  92.35651	 92.331598	 92.307201	 92.283313	 92.259929	 92.237042	 92.214646	 92.192734	 92.171301	  92.15034	 92.129845	  92.10981	 92.090228	 92.071093	 92.052398	 92.034138	 92.016306	 91.998896	 91.981901	 91.965315	 91.949133	 91.933347	 91.917951	  91.90294	 91.888307	 91.874046	 91.860152	 91.846617	 91.833437	 91.820604	 91.808115	 91.795962	  91.78414	 91.772643	 91.761465	 91.750602	 91.740048	 91.729796	 91.719843	 91.710183	  91.70081	 91.691719	 91.682907	 91.674366	 91.666094	 91.658085	 91.650334	 91.642837	  91.63559	 91.628588	 91.621826	 91.615302	  91.60901	 91.602947	 91.597109	 91.591492	 91.586092	 91.580907	 91.575932	 91.571165	 91.566602	 91.562239	 91.558075	 91.554106	 91.550329	 91.546743	 91.543343	 91.540129	 91.537097	 91.534245	 91.531572	 91.529076	 91.526754	 91.524605	 91.522627	 91.520819	  91.51918	 91.517709	 91.516403	 91.515263	 91.514287	 91.513476	 91.512827	 91.512341	 91.512017	 91.511855	
        99	 98.909562	 98.819141	 98.728752	 98.638413	 98.548138	 98.457945	 98.367849	 98.277867	 98.188015	 98.098308	 98.008764	 97.919396	 97.830222	 97.741257	 97.652516	 97.564015	 97.475769	 97.387793	 97.300102	 97.212712	 97.125636	 97.038889	 96.952486	 96.866441	 96.780767	 96.695479	 96.610589	 96.526113	 96.442061	 96.358449	 96.275287	  96.19259	 96.110368	 96.028634	   95.9474	 95.866677	 95.786477	  95.70681	 95.627688	  95.54912	 95.471117	 95.393689	 95.316845	 95.240595	 95.164948	 95.089912	 95.015497	  94.94171	 94.868559	 94.796051	 94.724195	 94.652997	 94.582464	 94.512601	 94.443416	 94.374915	 94.307101	 94.239982	 94.173561	 94.107844	 94.042834	 93.978536	 93.914953	 93.852088	 93.789946	 93.728528	 93.667837	 93.607875	 93.548645	 93.490147	 93.432384	 93.375356	 93.319065	  93.26351	 93.208692	 93.154612	 93.101268	  93.04866	 92.996788	 92.945651	 92.895246	 92.845574	 92.796631	 92.748417	 92.700928	 92.654163	 92.608118	 92.562792	  92.51818	  92.47428	 92.431087	 92.388599	 92.346812	 92.305721	 92.265323	 92.225612	 92.186584	 92.148235	  92.11056	 92.073554	 92.037211	 92.001526	 91.966494	 91.932109	 91.898366	 91.865258	 91.832781	 91.800926	  91.76969	 91.739065	 91.709045	 91.679623	 91.650794	  91.62255	 91.594886	 91.567794	 91.541267	 91.515299	 91.489884	 91.465013	 91.440681	  91.41688	 91.393603	 91.370844	 91.348596	  91.32685	 91.305601	 91.284841	 91.264564	 91.244762	 91.225428	 91.206556	 91.188138	 91.170167	 91.152637	 91.135541	 91.118871	 91.102621	 91.086785	 91.071355	 91.056326	 91.041689	 91.027439	  91.01357	 91.000074	 90.986946	 90.974179	 90.961766	 90.949703	 90.937983	 90.926599	 90.915546	 90.904818	  90.89441	 90.884315	 90.874529	 90.865045	 90.855859	 90.846965	 90.838358	 90.830033	 90.821985	 90.814209	   90.8067	 90.799455	 90.792468	 90.785735	 90.779252	 90.773015	 90.767019	 90.761261	 90.755736	 90.750442	 90.745375	  90.74053	 90.735906	 90.731499	 90.727305	 90.723322	 90.719547	 90.715977	  90.71261	 90.709444	 90.706475	 90.703703	 90.701124	 90.698738	 90.696542	 90.694535	 90.692714	  90.69108	  90.68963	 90.688364	 90.687281	 90.686379	 90.685659	 90.685119	 90.684759	 90.684579	
        99	 98.900581	  98.80118	 98.701816	 98.602504	 98.503265	 98.404115	 98.305072	 98.206154	 98.107379	 98.008764	 97.910326	 97.812084	 97.714054	 97.616254	 97.518701	 97.421411	 97.324401	 97.227689	  97.13129	 97.035221	 96.939497	 96.844136	 96.749152	 96.654562	  96.56038	 96.466622	 96.373303	 96.280437	 96.188039	 96.096123	 96.004703	 95.913792	 95.823405	 95.733555	 95.644254	 95.555515	  95.46735	 95.379772	 95.292792	 95.206421	 95.120672	 95.035555	  94.95108	 94.867258	 94.784098	 94.701611	 94.619805	 94.538691	 94.458275	 94.378567	 94.299575	 94.221306	 94.143769	 94.066969	 93.990913	 93.915609	 93.841061	 93.767276	 93.694259	 93.622016	  93.55055	 93.479866	 93.409969	 93.340861	 93.272548	  93.20503	 93.138312	 93.072396	 93.007284	 92.942977	 92.879477	 92.816786	 92.754905	 92.693833	 92.633571	  92.57412	 92.515479	 92.457647	 92.400624	 92.344408	 92.288998	 92.234393	  92.18059	 92.127587	 92.075383	 92.023973	 91.973356	 91.923528	 91.874486	 91.826226	 91.778744	 91.732037	   91.6861	 91.640928	 91.596518	 91.552864	  91.50996	 91.467803	 91.426387	 91.385705	 91.345753	 91.306525	 91.268014	 91.230214	  91.19312	 91.156724	 91.121021	 91.086004	 91.051665	 91.017999	 90.984997	 90.952654	 90.920962	 90.889914	 90.859502	 90.829719	 90.800558	 90.772012	 90.744072	 90.716732	 90.689983	 90.663819	 90.638231	 90.613211	 90.588753	 90.564848	 90.541489	 90.518667	 90.496376	 90.474608	 90.453354	 90.432607	  90.41236	 90.392605	 90.373334	  90.35454	 90.336215	 90.318352	 90.300943	 90.283981	 90.267458	 90.251368	 90.235703	 90.220457	 90.205621	 90.191189	 90.177154	 90.163509	 90.150248	 90.137363	 90.124849	 90.112698	 90.100905	 90.089463	 90.078366	 90.067608	 90.057182	 90.047084	 90.037306	 90.027845	 90.018693	 90.009846	 90.001298	 89.993044	 89.985079	 89.977398	 89.969996	 89.962869	 89.956013	 89.949421	 89.943091	 89.937018	 89.931198	 89.925628	 89.920302	 89.915219	 89.910374	 89.905763	 89.901385	 89.897235	 89.893311	 89.889609	 89.886129	 89.882865	 89.879818	 89.876983	  89.87436	 89.871946	 89.869739	 89.867738	 89.865941	 89.864348	 89.862956	 89.861765	 89.860774	 89.859982	 89.859388	 89.858993	 89.858795	
        99	 98.891618	 98.783255	 98.674932	 98.566667	  98.45848	 98.350391	 98.242419	 98.134583	 98.026902	 97.919396	 97.812084	 97.704985	 97.598117	 97.491499	 97.385151	 97.279089	 97.173334	 97.067902	 96.962812	 96.858081	 96.753728	 96.649769	 96.546222	 96.443103	  96.34043	 96.238219	 96.136486	 96.035248	 95.934519	 95.834316	 95.734654	 95.635548	 95.537012	 95.439061	 95.341708	 95.244969	 95.148855	 95.053381	 94.958559	 94.864402	 94.770922	 94.678131	  94.58604	  94.49466	 94.404003	 94.314079	 94.224898	  94.13647	 94.048805	 93.961911	 93.875797	 93.790472	 93.705943	 93.622219	 93.539307	 93.457213	 93.375944	 93.295507	 93.215907	  93.13715	 93.059241	 92.982185	 92.905986	 92.830648	 92.756175	 92.682571	 92.609837	 92.537978	 92.466996	 92.396891	 92.327667	 92.259324	 92.191863	 92.125285	 92.059591	 91.994779	 91.930851	 91.867805	 91.805641	 91.744357	 91.683951	 91.624423	 91.565769	 91.507988	 91.451077	 91.395033	 91.339852	 91.285532	 91.232068	 91.179457	 91.127695	 91.076776	 91.026698	 90.977453	 90.929039	 90.881449	 90.834678	  90.78872	 90.743569	  90.69922	 90.655666	 90.612901	 90.570918	  90.52971	 90.489272	 90.449595	 90.410673	 90.372498	 90.335064	 90.298362	 90.262385	 90.227126	 90.192577	 90.158729	 90.125575	 90.093108	 90.061318	 90.030197	 89.999739	 89.969934	 89.940773	  89.91225	 89.884355	  89.85708	 89.830417	 89.804356	 89.778891	 89.754012	 89.729711	  89.70598	  89.68281	 89.660193	 89.638121	 89.616585	 89.595576	 89.575088	  89.55511	 89.535637	 89.516658	 89.498167	 89.480155	 89.462614	 89.445537	 89.428915	 89.412742	 89.397009	 89.381708	 89.366834	 89.352377	 89.338331	 89.324688	 89.311442	 89.298586	 89.286112	 89.274015	 89.262286	 89.250921	 89.239912	 89.229253	 89.218938	 89.208961	 89.199316	 89.189998	    89.181	 89.172317	 89.163943	 89.155875	 89.148105	  89.14063	 89.133444	 89.126543	 89.119923	 89.113578	 89.107506	   89.1017	 89.096158	 89.090876	  89.08585	 89.081077	 89.076553	 89.072275	  89.06824	 89.064445	 89.060888	 89.057565	 89.054475	 89.051615	 89.048984	 89.046578	 89.044397	 89.042438	 89.040701	 89.039183	 89.037885	 89.036805	 89.035941	 89.035294	 89.034863	 89.034648	
        99	 98.882674	 98.765369	 98.648107	 98.530907	 98.413793	 98.296784	 98.179901	 98.063166	   97.9466	 97.830222	 97.714054	 97.598117	  97.48243	 97.367014	 97.251889	 97.137075	 97.022593	  96.90846	 96.794698	 96.681325	  96.56836	 96.455822	  96.34373	 96.232102	 96.120956	  96.01031	 95.900182	 95.790589	 95.681548	 95.573076	  95.46519	 95.357905	 95.251237	 95.145203	 95.039817	 94.935094	 94.831049	 94.727696	  94.62505	 94.523122	 94.421928	 94.321479	 94.221789	 94.122868	  94.02473	 93.927385	 93.830845	  93.73512	  93.64022	 93.546155	 93.452935	 93.360569	 93.269065	 93.178431	 93.088677	 92.999808	 92.911833	 92.824758	  92.73859	 92.653333	 92.568995	  92.48558	 92.403093	 92.321538	 92.240919	 92.161241	 92.082505	 92.004716	 91.927876	 91.851986	 91.777049	 91.703066	 91.630039	 91.557967	 91.486851	 91.416691	 91.347487	 91.279239	 91.211945	 91.145603	 91.080213	 91.015772	 90.952278	 90.889729	 90.828121	 90.767452	 90.707717	 90.648915	 90.591039	 90.534086	 90.478052	 90.422932	 90.368721	 90.315413	 90.263003	 90.211486	 90.160855	 90.111105	 90.062228	 90.014219	 89.967071	 89.920776	 89.875329	 89.830721	 89.786945	 89.743994	  89.70186	 89.660535	 89.620012	 89.580281	 89.541336	 89.503167	 89.465766	 89.429125	 89.393236	 89.358089	 89.323675	 89.289987	 89.257015	  89.22475	 89.193184	 89.162306	 89.132109	 89.102583	  89.07372	 89.045509	 89.017942	  88.99101	 88.964704	 88.939015	 88.913933	 88.889449	 88.865555	 88.842242	   88.8195	  88.79732	 88.775695	 88.754614	 88.734069	 88.714052	 88.694554	 88.675566	 88.657079	 88.639086	 88.621578	 88.604546	 88.587983	 88.571881	 88.556231	 88.541026	 88.526257	 88.511918	 88.498001	 88.484498	 88.471402	 88.458706	 88.446403	 88.434485	 88.422947	 88.411781	  88.40098	  88.39054	 88.380452	 88.370711	 88.361312	 88.352248	 88.343513	 88.335102	  88.32701	 88.319232	 88.311761	 88.304595	 88.297726	 88.291152	 88.284868	 88.278869	 88.273151	  88.26771	 88.262543	 88.257646	 88.253015	 88.248647	 88.244539	 88.240688	 88.237091	 88.233746	  88.23065	 88.227801	 88.225197	 88.222836	 88.220715	 88.218835	 88.217192	 88.215787	 88.214617	 88.213682	 88.212982	 88.212515	 88.212282	
        99	 98.873751	 98.747525	 98.621344	 98.495231	  98.36921	 98.243302	  98.11753	 97.991917	 97.866485	 97.741257	 97.616254	 97.491499	 97.367014	  97.24282	  97.11894	 96.995394	 96.872205	 96.749392	 96.626978	 96.504982	 96.383426	 96.262329	 96.141712	 96.021594	 95.901996	 95.782935	 95.664431	 95.546503	  95.42917	 95.312448	 95.196356	 95.080912	 94.966132	 94.852034	 94.738633	 94.625945	 94.513988	 94.402774	 94.292321	 94.182642	 94.073751	 93.965663	 93.858391	 93.751947	 93.646346	 93.541597	 93.437715	 93.334709	 93.232592	 93.131373	 93.031063	 92.931672	 92.833209	 92.735683	 92.639102	 92.543475	 92.448809	 92.355112	  92.26239	  92.17065	 92.079897	 91.990138	 91.901377	  91.81362	  91.72687	 91.641132	 91.556408	 91.472703	 91.390019	 91.308358	 91.227722	 91.148112	  91.06953	 90.991977	 90.915452	 90.839957	  90.76549	 90.692051	 90.619639	 90.548252	 90.477888	 90.408547	 90.340224	 90.272917	 90.206624	 90.141341	 90.077064	 90.013789	 89.951511	 89.890227	 89.829932	  89.77062	 89.712285	 89.654923	 89.598528	 89.543092	 89.488611	 89.435076	 89.382483	 89.330822	 89.280088	 89.230273	 89.181369	 89.133369	 89.086264	 89.040046	 88.994708	  88.95024	 88.906634	 88.863882	 88.821975	 88.780903	 88.740658	 88.701231	 88.662612	 88.624791	 88.587761	 88.551511	 88.516031	 88.481312	 88.447345	 88.414119	 88.381626	 88.349854	 88.318795	 88.288439	 88.258776	 88.229796	 88.201489	 88.173846	 88.146856	 88.120511	 88.094799	 88.069713	 88.045241	 88.021375	 87.998105	 87.975421	 87.953313	 87.931774	 87.910793	  87.89036	 87.870468	 87.851106	 87.832266	  87.81394	 87.796117	  87.77879	  87.76195	 87.745588	 87.729697	 87.714267	 87.699291	 87.684762	  87.67067	 87.657008	 87.643769	 87.630945	 87.618529	 87.606514	 87.594892	 87.583657	 87.572802	 87.562321	 87.552207	 87.542453	 87.533054	 87.524004	 87.515296	 87.506926	 87.498888	 87.491176	 87.483785	 87.476711	 87.469949	 87.463493	 87.457341	 87.451486	 87.445926	 87.440656	 87.435673	 87.430973	 87.426553	 87.422409	 87.418538	 87.414939	 87.411608	 87.408542	  87.40574	 87.403199	 87.400917	 87.398894	 87.397126	 87.395614	 87.394355	 87.393349	 87.392596	 87.392093	 87.391843	
        99	  98.86485	 98.729725	 98.594649	 98.459645	  98.32474	 98.189955	 98.055317	 97.920848	 97.786573	 97.652516	 97.518701	 97.385151	 97.251889	  97.11894	 96.986326	  96.85407	 96.722196	 96.590725	 96.459681	 96.329084	 96.198959	 96.069325	 95.940204	 95.811618	 95.683588	 95.556133	 95.429275	 95.303033	 95.177428	 95.052477	 94.928201	 94.804618	 94.681746	 94.559604	 94.438208	 94.317576	 94.197726	 94.078672	 93.960432	  93.84302	 93.726453	 93.610745	  93.49591	 93.381962	 93.268915	 93.156782	 93.045576	 92.935309	 92.825992	 92.717638	 92.610256	 92.503858	 92.398453	 92.294051	 92.190662	 92.088293	 91.986953	  91.88665	 91.787391	 91.689183	 91.592033	 91.495946	 91.400928	 91.306983	 91.214118	 91.122335	 91.031638	 90.942032	 90.853518	   90.7661	 90.679779	 90.594557	 90.510435	 90.427415	 90.345495	 90.264677	 90.184961	 90.106344	 90.028827	 89.952407	 89.877083	 89.802853	 89.729713	 89.657662	 89.586695	 89.516809	    89.448	 89.380264	 89.313597	 89.247992	 89.183446	 89.119952	 89.057505	 88.996099	 88.935728	 88.876384	 88.818062	 88.760753	 88.704452	 88.649149	 88.594839	 88.541512	  88.48916	 88.437775	  88.38735	 88.337874	 88.289339	 88.241736	 88.195056	  88.14929	 88.104428	 88.060461	 88.017379	 87.975172	  87.93383	 87.893344	 87.853702	 87.814896	 87.776915	 87.739749	 87.703387	 87.667819	 87.633035	 87.599023	 87.565775	 87.533279	 87.501524	 87.470501	 87.440198	 87.410606	 87.381714	 87.353511	 87.325987	 87.299132	 87.272935	 87.247387	 87.222476	 87.198192	 87.174527	 87.151469	 87.129008	 87.107135	  87.08584	 87.065114	 87.044946	 87.025327	 87.006248	 86.987699	 86.969672	 86.952157	 86.935145	 86.918628	 86.902596	 86.887042	 86.871957	 86.857332	 86.843159	 86.829431	  86.81614	 86.803278	 86.790837	  86.77881	  86.76719	 86.755969	 86.745142	 86.734701	 86.724639	 86.714951	 86.705629	 86.696669	 86.688064	 86.679809	 86.671897	 86.664324	 86.657085	 86.650175	 86.643588	 86.637321	 86.631369	 86.625727	 86.620393	 86.615361	 86.610629	 86.606193	  86.60205	 86.598197	 86.594631	 86.591349	 86.588349	 86.585629	 86.583187	 86.581021	 86.579129	 86.577509	 86.576162	 86.575085	 86.574279	 86.573741	 86.573472	
        99	 98.855974	 98.711974	 98.568026	 98.424156	 98.280389	 98.136752	 97.993271	  97.84997	 97.706877	 97.564015	 97.421411	 97.279089	 97.137075	 96.995394	  96.85407	 96.713128	 96.572593	 96.432487	 96.292836	 96.153662	  96.01499	 95.876841	  95.73924	 95.602209	  95.46577	 95.329944	 95.194754	 95.060221	 94.926366	 94.793209	  94.66077	 94.529071	 94.398129	 94.267964	 94.138595	 94.010041	 93.882318	 93.755445	 93.629439	 93.504316	 93.380093	 93.256785	 93.134408	 93.012976	 92.892505	 92.773007	 92.654497	 92.536987	 92.420491	  92.30502	 92.190585	 92.077199	 91.964871	 91.853613	 91.743433	  91.63434	 91.526345	 91.419454	 91.313676	 91.209018	 91.105487	 91.003089	  90.90183	 90.801715	  90.70275	 90.604939	 90.508286	 90.412795	 90.318468	 90.225308	 90.133317	 90.042498	 89.952851	 89.864378	 89.777078	 89.690952	    89.606	  89.52222	 89.439611	 89.358172	 89.277901	 89.198796	 89.120852	 89.044069	 88.968441	 88.893965	 88.820637	 88.748452	 88.677406	 88.607492	 88.538707	 88.471043	 88.404495	 88.339055	 88.274719	 88.211478	 88.149325	 88.088252	 88.028253	 87.969318	 87.911441	 87.854611	 87.798821	 87.744062	 87.690324	 87.637598	 87.585876	 87.535147	 87.485401	 87.436629	 87.388821	 87.341966	 87.296054	 87.251075	 87.207018	 87.163872	 87.121627	 87.080273	 87.039797	  87.00019	 86.961439	 86.923535	 86.886466	 86.850221	 86.814789	 86.780159	 86.746318	 86.713258	 86.680965	 86.649429	 86.618639	 86.588584	 86.559253	 86.530634	 86.502716	 86.475489	 86.448942	 86.423064	 86.397844	 86.373272	 86.349336	 86.326027	 86.303333	 86.281245	 86.259753	 86.238845	 86.218513	 86.198746	 86.179535	  86.16087	  86.14274	 86.125138	 86.108054	 86.091478	 86.075402	 86.059816	 86.044713	 86.030084	 86.015919	 86.002212	 85.988954	 85.976137	 85.963754	 85.951797	 85.940258	 85.929131	 85.918409	 85.908084	  85.89815	 85.888602	 85.879431	 85.870634	 85.862203	 85.854132	 85.846418	 85.839053	 85.832034	 85.825355	 85.819012	    85.813	 85.807316	 85.801954	 85.796911	 85.792184	 85.787768	 85.783662	 85.779862	 85.776364	 85.773167	 85.770269	 85.767666	 85.765357	 85.763341	 85.761616	  85.76018	 85.759032	 85.758173	   85.7576	 85.757313	
        99	 98.847123	 98.694274	  98.54148	 98.388768	 98.236167	 98.083703	 97.931404	 97.779297	  97.62741	 97.475769	 97.324401	 97.173334	 97.022593	 96.872205	 96.722196	 96.572593	  96.42342	 96.274705	 96.126471	 95.978745	 95.831551	 95.684913	 95.538856	 95.393404	  95.24858	 95.104407	 94.960909	 94.818109	 94.676028	 94.534688	  94.39411	 94.254317	 94.115329	 93.977165	 93.839846	 93.703391	  93.56782	  93.43315	   93.2994	 93.166588	 93.034731	 92.903845	 92.773948	 92.645054	 92.517179	 92.390338	 92.264545	 92.139814	 92.016158	 91.893591	 91.772124	  91.65177	  91.53254	 91.414444	 91.297493	 91.181696	 91.067064	 90.953604	 90.841326	 90.730236	 90.620343	 90.511652	  90.40417	 90.297904	 90.192857	 90.089035	 89.986442	 89.885082	 89.784959	 89.686074	  89.58843	  89.49203	 89.396874	 89.302964	 89.210299	  89.11888	 89.028707	 88.939779	 88.852094	  88.76565	 88.680446	 88.596479	 88.513746	 88.432244	 88.351968	 88.272916	 88.195081	 88.118461	 88.043048	 87.968838	 87.895826	 87.824004	 87.753366	 87.683905	 87.615615	 87.548487	 87.482515	 87.417689	 87.354003	 87.291447	 87.230012	  87.16969	 87.110471	 87.052347	 86.995307	 86.939341	  86.88444	 86.830594	 86.777791	 86.726022	 86.675275	 86.625541	 86.576808	 86.529064	   86.4823	 86.436503	 86.391662	 86.347766	 86.304803	 86.262762	  86.22163	 86.181397	  86.14205	 86.103577	 86.065968	 86.029209	 85.993289	 85.958197	  85.92392	 85.890446	 85.857764	 85.825862	 85.794728	  85.76435	 85.734717	 85.705817	 85.677638	  85.65017	   85.6234	 85.597318	 85.571911	 85.547169	 85.523081	 85.499636	 85.476822	  85.45463	 85.433049	 85.412067	 85.391675	 85.371863	 85.352619	 85.333935	 85.315801	 85.298207	 85.281143	 85.264599	 85.248568	 85.233039	 85.218005	 85.203455	 85.189382	 85.175778	 85.162634	 85.149941	 85.137694	 85.125883	 85.114502	 85.103543	 85.092999	 85.082863	 85.073129	 85.063791	 85.054842	 85.046275	 85.038087	  85.03027	 85.022819	  85.01573	 85.008997	 85.002616	 84.996582	  84.99089	 84.985537	  84.98052	 84.975833	 84.971474	  84.96744	 84.963728	 84.960335	 84.957258	 84.954495	 84.952045	 84.949905	 84.948073	 84.946549	 84.945331	 84.944419	  84.94381	 84.943507	
