Time step 50:
        99	        99	        99	        99	        99	        99	        99	        99	        99	        99	        99	        99	        99	        99	        99	        99	        99	        99	        99	        99	        99	        99	        99	        99	        99	        99	        99	        99	        99	        99	        99	        99	        99	        99	        99	        99	        99	        99	        99	        99	        99	        99	        99	        99	        99	        99	        99	        99	        99	        99	        99	        99	        99	        99	        99	        99	        99	        99	        99	        99	        99	        99	        99	        99	        99	        99	        99	        99	        99	        99	        99	        99	        99	        99	        99	        99	        99	        99	        99	        99	        99	        99	        99	        99	        99	        99	        99	        99	        99	        99	        99	        99	        99	        99	        99	        99	        99	        99	        99	        99	        99	        99	        99	        99	        99	        99	        99	        99	        99	        99	        99	        99	        99	        99	        99	        99	        99	        99	        99	        99	        99	        99	        99	        99	        99	        99	        99	        99	        99	        99	        99	        99	        99	        99	        99	        99	        99	        99	        99	        99	        99	        99	        99	        99	        99	        99	        99	        99	        99	        99	        99	        99	        99	        99	        99	        99	        99	        99	        99	        99	        99	        99	        99	        99	        99	        99	        99	        99	        99	        99	        99	        99	        99	        99	        99	        99	        99	        99	        99	        99	        99	        99	        99	        99	        99	        99	        99	        99	        99	        99	        99	        99	        99	        99	        99	        99	        99	        99	        99	        99	
        99	 98.987301	 98.974606	 98.961917	 98.949238	 98.936571	  98.92392	 98.911289	  98.89868	 98.886096	 98.873541	 98.861018	 98.848529	 98.836078	 98.823668	 98.811301	 98.798982	 98.786712	 98.774495	 98.762333	 98.750229	 98.738186	 98.726207	 98.714294	 98.702451	 98.690678	  98.67898	 98.667359	 98.655816	 98.644355	 98.632977	 98.621686	 98.610482	 98.599369	 98.588347	  98.57742	 98.566589	 98.555856	 98.545223	 98.534692	 98.524263	  98.51394	 98.503722	 98.493613	 98.483613	 98.473723	 98.463945	  98.45428	 98.444729	 98.435293	 98.425973	  98.41677	 98.407685	 98.398718	  98.38987	 98.381143	 98.372535	 98.364049	 98.355683	  98.34744	 98.339318	 98.331319	 98.323441	 98.315686	 98.308054	 98.300544	 98.293156	  98.28589	 98.278746	 98.271724	 98.264823	 98.258043	 98.251383	 98.244843	 98.238423	 98.232122	 98.225939	 98.219873	 98.213924	 98.208091	 98.202374	 98.196771	 98.191281	 98.185904	 98.180638	 98.175483	 98.170437	 98.165499	 98.160669	 98.155945	 98.151326	 98.146811	 98.142399	 98.138087	 98.133876	 98.129764	 98.125749	  98.12183	 98.118006	 98.114276	 98.110637	  98.10709	 98.103632	 98.100261	 98.096977	 98.093779	 98.090664	 98.087631	 98.084679	 98.081807	 98.079013	 98.076295	 98.073652	 98.071084	 98.068587	 98.066161	 98.063805	 98.061517	 98.059295	 98.057139	 98.055047	 98.053017	 98.051048	 98.049139	 98.047289	 98.045496	 98.043758	 98.042075	 98.040445	 98.038867	  98.03734	 98.035863	 98.034433	 98.033051	 98.031714	 98.030422	 98.029174	 98.027967	 98.026803	 98.025678	 98.024592	 98.023544	 98.022533	 98.021558	 98.020618	 98.019712	 98.018839	 98.017998	 98.017187	 98.016407	 98.015657	 98.014934	 98.014239	 98.013571	 98.012929	 98.012312	  98.01172	  98.01115	 98.010604	  98.01008	 98.009578	 98.009096	 98.008635	 98.008193	  98.00777	 98.007365	 98.006978	 98.006608	 98.006255	 98.005918	 98.005597	 98.005291	    98.005	 98.004722	 98.004459	 98.004209	 98.003972	 98.003748	 98.003536	 98.003336	 98.003148	 98.002971	 98.002805	 98.002649	 98.002504	  98.00237	 98.002245	  98.00213	 98.002025	 98.001929	 98.001843	 98.001765	 98.001696	 98.001637	 98.001586	 98.001543	  98.00151	 98.001484	 98.001467	 98.001459	
        99	 98.974606	 98.949218	 98.923844	 98.898488	 98.873158	  98.84786	   98.8226	 98.797385	 98.772221	 98.747114	  98.72207	 98.697096	 98.672197	  98.64738	  98.62265	 98.598014	 98.573478	 98.549046	 98.524725	 98.500521	 98.476438	 98.452483	 98.428661	 98.404976	 98.381435	 98.358042	 98.334802	 98.311719	   98.2888	 98.266048	 98.243467	 98.221062	 98.198838	 98.176798	 98.154947	 98.133288	 98.111825	 98.090561	 98.069501	 98.048647	 98.028002	  98.00757	 97.987354	 97.967356	 97.947579	 97.928025	 97.908698	 97.889598	 97.870728	 97.852091	 97.833687	 97.815519	 97.797587	 97.779895	 97.762441	 97.745229	 97.728258	  97.71153	 97.695044	 97.678803	 97.662806	 97.647053	 97.631546	 97.616282	 97.601264	  97.58649	  97.57196	 97.557674	 97.543631	 97.529831	 97.516273	 97.502955	 97.489877	 97.477039	 97.464437	 97.452073	 97.439943	 97.428047	 97.416383	 97.404949	 97.393744	 97.382766	 97.372013	 97.361483	 97.351173	 97.341083	  97.33121	 97.321551	 97.312104	 97.302867	 97.293838	 97.285014	 97.276392	 97.267971	 97.259747	 97.251719	 97.243882	 97.236235	 97.228775	 97.221499	 97.214405	 97.207489	  97.20075	 97.194183	 97.187786	 97.181557	 97.175493	  97.16959	 97.163846	 97.158258	 97.152823	 97.147539	 97.142402	 97.137409	 97.132558	 97.127846	 97.123271	 97.118828	 97.114516	 97.110332	 97.106273	 97.102336	 97.098519	 97.094818	 97.091232	 97.087758	 97.084392	 97.081133	 97.077978	 97.074924	 97.071969	  97.06911	 97.066346	 97.063673	 97.061089	 97.058592	  97.05618	 97.053851	 97.051601	  97.04943	 97.047335	 97.045313	 97.043364	 97.041484	 97.039672	 97.037925	 97.036243	 97.034623	 97.033063	 97.031562	 97.030117	 97.028728	 97.027392	 97.026108	 97.024874	 97.023689	 97.022551	 97.021458	 97.020411	 97.019406	 97.018443	  97.01752	 97.016636	  97.01579	 97.014981	 97.014207	 97.013467	 97.012761	 97.012088	 97.011445	 97.010833	  97.01025	 97.009696	  97.00917	  97.00867	 97.008196	 97.007748	 97.007324	 97.006924	 97.006547	 97.006193	 97.005861	  97.00555	 97.005261	 97.004991	 97.004742	 97.004513	 97.004302	  97.00411	 97.003937	 97.003782	 97.003645	 97.003526	 97.003424	 97.003339	 97.003271	 97.003221	 97.003187	  97.00317	
        99	 98.961917	 98.923844	 98.885789	 98.847764	 98.809777	 98.771838	 98.733956	 98.696142	 98.658403	 98.620751	 98.583193	 98.545739	 98.508399	 98.471181	 98.434095	 98.397148	 98.360351	 98.323711	 98.287238	 98.250939	 98.214823	 98.178898	 98.143171	 98.107652	 98.072348	 98.037265	 98.002412	 97.967796	 97.933424	 97.899303	 97.865439	 97.831839	  97.79851	 97.765457	 97.732687	 97.700205	 97.668017	 97.636129	 97.604545	  97.57327	  97.54231	 97.511669	  97.48135	  97.45136	   97.4217	 97.392376	 97.363391	 97.334747	 97.306449	 97.278498	 97.250898	 97.223652	 97.196761	 97.170227	 97.144052	 97.118239	 97.092788	 97.067701	 97.042979	 97.018622	 96.994631	 96.971007	  96.94775	  96.92486	 96.902337	 96.880181	 96.858391	 96.836966	 96.815906	  96.79521	 96.774877	 96.754905	 96.735293	 96.716038	 96.697141	 96.678598	 96.660407	 96.642567	 96.625074	 96.607927	 96.591123	 96.574659	 96.558533	 96.542741	  96.52728	 96.512148	 96.497341	 96.482856	 96.468688	 96.454836	 96.441295	 96.428062	 96.415133	 96.402503	  96.39017	  96.37813	 96.366377	 96.354909	 96.343722	  96.33281	 96.322171	   96.3118	 96.301692	 96.291844	 96.282252	  96.27291	 96.263815	 96.254963	 96.246349	 96.237968	 96.229818	 96.221893	 96.214189	 96.206701	 96.199427	  96.19236	 96.185498	 96.178836	 96.172369	 96.166094	 96.160007	 96.154103	 96.148378	 96.142829	  96.13745	  96.13224	 96.127192	 96.122305	 96.117573	 96.112993	 96.108561	 96.104275	 96.100129	  96.09612	 96.092245	 96.088501	 96.084884	  96.08139	 96.078017	 96.074761	 96.071618	 96.068587	 96.065663	 96.062844	 96.060126	 96.057507	 96.054984	 96.052554	 96.050215	 96.047964	 96.045797	 96.043714	  96.04171	 96.039784	 96.037934	 96.036157	  96.03445	 96.032812	 96.031241	 96.029734	 96.028289	 96.026905	  96.02558	 96.024311	 96.023097	 96.021937	 96.020828	 96.019769	 96.018759	 96.017795	 96.016877	 96.016003	 96.015172	 96.014383	 96.013633	 96.012923	  96.01225	 96.011615	 96.011015	  96.01045	 96.009919	 96.009421	 96.008955	  96.00852	 96.008117	 96.007743	 96.007398	 96.007083	 96.006795	 96.006536	 96.006303	 96.006097	 96.005918	 96.005765	 96.005638	 96.005537	 96.005461	 96.005411	 96.005385	
        99	 98.949238	 98.898488	 98.847764	 98.797079	 98.746444	 98.695874	  98.64538	 98.594975	 98.544672	 98.494483	 98.444421	 98.394497	 98.344725	 98.295116	 98.245682	 98.196434	 98.147386	 98.098547	  98.04993	 98.001546	 97.953405	 97.905519	 97.857898	 97.810553	 97.763494	 97.716732	 97.670275	 97.624134	 97.578318	 97.532836	 97.487698	 97.442911	 97.398485	 97.354428	 97.310747	 97.267451	 97.224546	  97.18204	 97.139941	 97.098254	 97.056985	 97.016142	  96.97573	 96.935754	  96.89622	 96.857133	 96.818497	 96.780317	 96.742597	  96.70534	 96.668551	 96.632233	 96.596389	 96.561021	 96.526132	 96.491724	   96.4578	  96.42436	 96.391406	  96.35894	 96.326962	 96.295473	 96.264473	 96.233962	  96.20394	 96.174407	 96.145362	 96.116804	 96.088733	 96.061146	 96.034043	 96.007421	 95.981279	 95.955615	 95.930425	 95.905708	 95.881461	 95.857681	 95.834364	 95.811509	  95.78911	 95.767164	 95.745669	 95.724619	 95.704011	 95.683841	 95.664104	 95.644796	 95.625912	 95.607448	 95.589398	 95.571759	 95.554525	 95.537691	 95.521252	 95.505202	 95.489537	 95.474251	 95.459338	 95.444794	 95.430613	 95.416788	 95.403316	 95.390189	 95.377402	 95.364951	 95.352828	 95.341028	 95.329546	 95.318376	 95.307511	 95.296948	 95.286678	 95.276698	 95.267002	 95.257583	 95.248436	 95.239555	 95.230936	 95.222572	 95.214457	 95.206588	 95.198957	  95.19156	 95.184391	 95.177445	 95.170718	 95.164203	 95.157895	 95.151791	 95.145884	  95.14017	 95.134643	   95.1293	 95.124135	 95.119144	 95.114323	 95.109666	  95.10517	 95.100829	 95.096641	   95.0926	 95.088702	 95.084944	 95.081322	 95.077831	 95.074468	  95.07123	 95.068112	 95.065111	 95.062223	 95.059446	 95.056775	 95.054208	 95.051741	 95.049372	 95.047098	 95.044914	  95.04282	 95.040811	 95.038886	 95.037041	 95.035274	 95.033583	 95.031965	 95.030418	  95.02894	 95.027529	 95.026182	 95.024898	 95.023674	 95.022509	 95.021402	 95.020349	  95.01935	 95.018403	 95.017507	 95.016659	  95.01586	 95.015107	 95.014399	 95.013735	 95.013114	 95.012535	 95.011997	 95.011499	  95.01104	 95.010619	 95.010236	 95.009889	 95.009579	 95.009305	 95.009067	 95.008863	 95.008693	 95.008558	 95.008457	  95.00839	 95.008356	
        99	 98.936571	 98.873158	 98.809777	 98.746444	 98.683175	 98.619986	 98.556892	  98.49391	 98.431055	 98.368343	 98.305789	 98.243408	 98.181216	 98.119228	 98.057459	 97.995923	 97.934636	  97.87361	 97.812862	 97.752405	 97.692251	 97.632417	 97.572913	 97.513754	 97.454953	 97.396522	 97.338473	 97.280818	  97.22357	 97.166739	 97.110337	 97.054376	 96.998864	 96.943813	 96.889233	 96.835133	 96.781522	 96.728411	 96.675806	 96.623717	 96.572151	 96.521116	  96.47062	 96.420669	 96.371271	  96.32243	 96.274153	 96.226446	 96.179314	 96.132761	 96.086792	 96.041412	 95.996623	  95.95243	 95.908835	 95.865842	 95.823452	 95.781668	 95.740492	 95.699924	 95.659967	  95.62062	 95.581885	 95.543761	 95.506248	 95.469345	 95.433053	 95.397369	 95.362293	 95.327823	 95.293957	 95.260692	 95.228027	 95.195958	 95.164483	 95.133599	 95.103302	 95.073588	 95.044453	 95.015894	 94.987906	 94.960485	 94.933626	 94.907323	 94.881573	  94.85637	 94.831708	 94.807582	 94.783986	 94.760914	 94.738361	 94.716321	 94.694786	 94.673751	  94.65321	 94.633156	 94.613582	 94.594481	 94.575848	 94.557675	 94.539955	 94.522681	 94.505846	 94.489444	 94.473467	 94.457908	  94.44276	 94.428016	 94.413669	 94.399711	 94.386136	 94.372936	 94.360105	 94.347634	 94.335518	 94.323749	 94.312319	 94.301223	 94.290453	 94.280002	 94.269863	 94.260029	 94.250494	 94.241251	 94.232294	 94.223615	 94.215209	 94.207068	 94.199187	 94.191559	 94.184178	 94.177038	 94.170133	 94.163456	 94.157003	 94.150767	 94.144742	 94.138923	 94.133305	 94.127881	 94.122648	 94.117598	 94.112728	 94.108033	 94.103506	 94.099145	 94.094943	 94.090896	    94.087	  94.08325	 94.079642	 94.076171	 94.072834	 94.069627	 94.066545	 94.063584	 94.060742	 94.058014	 94.055397	 94.052887	 94.050481	 94.048176	 94.045968	 94.043855	 94.041834	 94.039901	 94.038054	 94.036291	 94.034608	 94.033003	 94.031474	 94.030018	 94.028634	 94.027319	 94.026071	 94.024887	 94.023767	 94.022709	  94.02171	 94.020769	 94.019884	 94.019055	 94.018279	 94.017555	 94.016883	  94.01626	 94.015686	 94.015161	 94.014682	 94.014249	 94.013862	  94.01352	 94.013221	 94.012966	 94.012755	 94.012586	  94.01246	 94.012376	 94.012333	
        99	  98.92392	  98.84786	 98.771838	 98.695874	 98.619986	 98.544194	 98.468517	 98.392973	 98.317582	 98.242362	 98.167332	  98.09251	 98.017914	 97.943563	 97.869474	 97.795665	 97.722154	 97.648958	 97.576093	 97.503578	 97.431427	 97.359659	 97.288288	  97.21733	 97.146801	 97.076716	 97.007089	 96.937936	 96.869269	 96.801104	 96.733453	  96.66633	 96.599747	 96.533717	 96.468251	 96.403361	 96.339058	 96.275353	 96.212257	 96.149779	 96.087928	 96.026715	 95.966148	 95.906235	 95.846983	 95.788401	 95.730496	 95.673274	 95.616741	 95.560904	 95.505767	 95.451335	 95.397614	 95.344607	 95.292317	 95.240749	 95.189905	 95.139788	 95.090399	  95.04174	 94.993814	 94.946619	 94.900158	  94.85443	 94.809436	 94.765173	 94.721643	 94.678842	  94.63677	 94.595425	 94.554804	 94.514905	 94.475725	 94.437261	 94.399508	 94.362464	 94.326124	 94.290484	 94.255539	 94.221284	 94.187714	 94.154823	 94.122607	 94.091059	 94.060173	 94.029943	 94.000362	 93.971424	 93.943122	 93.915449	 93.888398	 93.861962	 93.836132	 93.810902	 93.786264	  93.76221	 93.738732	 93.715822	 93.693472	 93.671674	  93.65042	 93.629701	 93.609509	 93.589835	 93.570672	  93.55201	  93.53384	 93.516156	 93.498947	 93.482206	 93.465923	 93.450091	   93.4347	 93.419743	  93.40521	 93.391093	 93.377384	 93.364075	 93.351157	 93.338621	  93.32646	 93.314665	 93.303228	 93.292142	 93.281398	 93.270988	 93.260905	 93.251141	 93.241688	 93.232539	 93.223686	 93.215122	 93.206839	 93.198831	 93.191091	 93.183611	 93.176384	 93.169405	 93.162666	 93.156161	 93.149883	 93.143827	 93.137986	 93.132354	 93.126925	 93.121693	 93.116653	 93.111799	 93.107126	 93.102628	   93.0983	 93.094137	 93.090135	 93.086288	 93.082591	  93.07904	 93.075631	 93.072359	  93.06922	 93.066209	 93.063323	 93.060558	 93.057911	 93.055376	 93.052951	 93.050633	 93.048418	 93.046303	 93.044284	 93.042359	 93.040526	  93.03878	 93.037119	 93.035542	 93.034045	 93.032625	 93.031282	 93.030012	 93.028814	 93.027685	 93.026624	 93.025629	 93.024699	 93.023831	 93.023024	 93.022277	 93.021589	 93.020959	 93.020384	 93.019866	 93.019401	  93.01899	 93.018632	 93.018327	 93.018073	 93.017871	 93.017719	 93.017618	 93.017568	
        99	 98.911289	   98.8226	 98.733956	  98.64538	 98.556892	 98.468517	 98.380275	 98.292189	 98.204281	 98.116572	 98.029084	  97.94184	 97.854859	 97.768163	 97.681773	  97.59571	 97.509994	 97.424645	 97.339683	 97.255128	 97.170998	 97.087314	 97.004093	 96.921354	 96.839115	 96.757394	 96.676207	 96.595572	 96.515505	 96.436023	  96.35714	 96.278872	 96.201235	 96.124241	 96.047906	 95.972242	 95.897263	 95.822981	 95.749409	 95.676558	 95.604439	 95.533062	 95.462439	 95.392578	  95.32349	 95.255182	 95.187662	  95.12094	 95.055021	 94.989913	 94.925621	 94.862153	 94.799512	 94.737704	 94.676733	 94.616603	 94.557317	 94.498879	  94.44129	 94.384553	 94.328669	 94.273639	 94.219464	 94.166144	 94.113679	 94.062067	 94.011309	 93.961403	 93.912346	 93.864136	 93.816771	 93.770248	 93.724563	 93.679712	 93.635691	 93.592497	 93.550123	 93.508565	 93.467818	 93.427876	 93.388732	 93.350381	 93.312816	  93.27603	 93.240016	 93.204767	 93.170275	 93.136533	 93.103532	 93.071264	 93.039722	 93.008896	 92.978778	 92.949359	  92.92063	 92.892583	 92.865207	 92.838493	 92.812433	 92.787016	 92.762232	 92.738073	 92.714529	 92.691589	 92.669243	 92.647483	 92.626297	 92.605676	 92.585611	  92.56609	 92.547104	 92.528643	 92.510697	 92.493256	  92.47631	  92.45985	 92.443865	 92.428346	 92.413282	 92.398665	 92.384485	 92.370732	 92.357397	  92.34447	 92.331942	 92.319804	 92.308047	 92.296661	 92.285639	 92.274971	 92.264648	 92.254662	 92.245004	 92.235666	 92.226641	 92.217919	 92.209493	 92.201355	 92.193497	 92.185912	 92.178592	  92.17153	 92.164719	 92.158152	 92.151821	 92.145721	 92.139844	 92.134184	 92.128735	  92.12349	 92.118444	  92.11359	 92.108923	 92.104437	 92.100127	 92.095987	 92.092011	 92.088196	 92.084536	 92.081025	  92.07766	 92.074436	 92.071349	 92.068394	 92.065566	 92.062863	  92.06028	 92.057814	  92.05546	 92.053216	 92.051078	 92.049042	 92.047106	 92.045266	  92.04352	 92.041866	 92.040299	 92.038819	 92.037421	 92.036105	 92.034868	 92.033708	 92.032623	 92.031611	  92.03067	   92.0298	 92.028997	 92.028262	 92.027592	 92.026987	 92.026446	 92.025967	 92.025549	 92.025193	 92.024897	 92.024661	 92.024484	 92.024367	 92.024308	
        99	  98.89868	 98.797385	 98.696142	 98.594975	  98.49391	 98.392973	 98.292189	 98.191583	 98.091179	 97.991004	 97.891081	 97.791436	 97.692092	 97.593073	 97.494404	 97.396108	 97.298208	 97.200728	  97.10369	 97.007116	 96.911029	  96.81545	   96.7204	 96.625901	 96.531973	 96.438636	  96.34591	 96.253814	 96.162366	 96.071586	 95.981491	 95.892099	 95.803426	 95.715489	 95.628303	 95.541885	 95.456249	 95.371409	 95.287379	 95.204173	 95.121803	 95.040281	  94.95962	 94.879829	 94.800921	 94.722903	 94.645787	 94.569581	 94.494292	  94.41993	   94.3465	  94.27401	 94.202466	 94.131873	 94.062236	 93.993559	 93.925847	 93.859102	 93.793328	 93.728526	 93.664699	 93.601847	 93.539972	 93.479073	  93.41915	 93.360203	 93.302231	  93.24523	 93.189201	 93.134139	 93.080041	 93.026905	 92.974726	 92.923501	 92.873223	 92.823889	 92.775493	 92.728028	 92.681489	  92.63587	 92.591162	  92.54736	 92.504456	 92.462441	 92.421308	 92.381049	 92.341654	 92.303116	 92.265424	  92.22857	 92.192544	 92.157337	 92.122938	 92.089338	 92.056526	 92.024491	 91.993224	 91.962714	 91.932949	 91.903919	 91.875613	  91.84802	 91.821129	 91.794929	 91.769407	 91.744554	 91.720357	 91.696805	 91.673887	 91.651591	 91.629907	 91.608822	 91.588325	 91.568405	 91.549051	 91.530251	 91.511994	 91.494269	 91.477064	  91.46037	 91.444174	 91.428466	 91.413236	 91.398471	 91.384163	 91.370299	 91.356871	 91.343867	 91.331278	 91.319093	 91.307303	 91.295898	 91.284867	 91.274203	 91.263894	 91.253932	 91.244309	 91.235014	 91.226039	 91.217376	 91.209016	  91.20095	 91.193171	  91.18567	  91.17844	 91.171473	 91.164761	 91.158296	 91.152073	 91.146082	 91.140319	 91.134775	 91.129445	 91.124321	 91.119398	 91.114669	 91.110129	 91.105771	 91.101591	 91.097581	 91.093738	 91.090056	  91.08653	 91.083154	 91.079925	 91.076838	 91.073888	 91.071071	 91.068383	 91.065819	 91.063377	 91.061052	 91.058841	  91.05674	 91.054746	 91.052856	 91.051067	 91.049375	  91.04778	 91.046277	 91.044864	 91.043539	 91.042299	 91.041143	 91.040069	 91.039075	 91.038158	 91.037318	 91.036554	 91.035863	 91.035244	 91.034697	  91.03422	 91.033813	 91.033475	 91.033206	 91.033004	 91.032869	 91.032802	
        99	 98.886096	 98.772221	 98.658403	 98.544672	 98.431055	 98.317582	 98.204281	 98.091179	 97.978306	 97.865689	 97.753356	 97.641335	 97.529653	 97.418337	 97.307413	 97.196909	  97.08685	 96.977263	 96.868173	 96.759605	 96.651584	 96.544135	  96.43728	 96.331044	 96.225451	 96.120521	 96.016279	 95.912745	  95.80994	 95.707885	 95.606601	 95.506106	  95.40642	 95.307561	 95.209547	 95.112396	 95.016124	 94.920747	 94.826282	 94.732741	 94.640141	 94.548495	 94.457816	 94.368115	 94.279406	 94.191699	 94.105006	 94.019335	 93.934696	 93.851097	 93.768548	 93.687055	 93.606625	 93.527265	 93.448979	 93.371773	  93.29565	 93.220616	 93.146673	 93.073823	 93.002069	 92.931411	 92.861851	 92.793389	 92.726024	 92.659756	 92.594583	 92.530503	 92.467515	 92.405614	 92.344798	 92.285063	 92.226404	 92.168816	 92.112294	 92.056833	 92.002426	 91.949066	 91.896747	 91.845462	 91.795202	  91.74596	 91.697726	 91.650494	 91.604252	 91.558993	 91.514706	 91.471381	 91.429008	 91.387577	 91.347077	 91.307497	 91.268826	 91.231052	 91.194165	 91.158152	 91.123001	 91.088702	  91.05524	 91.022605	 90.990784	 90.959764	 90.929533	 90.900078	 90.871387	 90.843447	 90.816244	 90.789768	 90.764003	 90.738939	 90.714561	 90.690857	 90.667815	 90.645421	 90.623663	 90.602528	 90.582004	 90.562077	 90.542736	 90.523968	 90.505761	 90.488102	  90.47098	 90.454382	 90.438296	 90.422711	 90.407615	 90.392996	 90.378844	 90.365145	 90.351891	 90.339069	 90.326669	 90.314679	  90.30309	 90.291892	 90.281073	 90.270623	 90.260534	 90.250795	 90.241396	 90.232329	 90.223584	 90.215151	 90.207023	 90.199191	 90.191645	 90.184378	 90.177381	 90.170647	 90.164168	 90.157935	 90.151943	 90.146183	 90.140648	 90.135332	 90.130228	 90.125329	 90.120629	 90.116122	 90.111802	 90.107662	 90.103698	 90.099903	 90.096273	 90.092802	 90.089486	 90.086319	 90.083297	 90.080415	  90.07767	 90.075056	  90.07257	 90.070208	 90.067966	 90.065842	  90.06383	 90.061929	 90.060135	 90.058445	 90.056857	 90.055367	 90.053974	 90.052675	 90.051467	 90.050349	 90.049319	 90.048375	 90.047515	 90.046738	 90.046043	 90.045428	 90.044892	 90.044434	 90.044054	 90.043751	 90.043524	 90.043373	 90.043298	
        99	 98.873541	 98.747114	 98.620751	 98.494483	 98.368343	 98.242362	 98.116572	 97.991004	 97.865689	 97.740659	 97.615944	 97.491575	 97.367583	 97.243997	 97.120847	 96.998162	 96.875972	 96.754306	 96.633191	 96.512656	 96.392729	 96.273435	 96.154803	 96.036857	 95.919624	 95.803129	 95.687396	  95.57245	 95.458313	  95.34501	 95.232561	 95.120989	 95.010315	  94.90056	 94.791742	 94.683883	 94.576999	 94.471109	 94.366231	  94.26238	 94.159573	 94.057825	  93.95715	 93.857563	 93.759076	 93.661701	 93.565452	 93.470337	 93.376369	 93.283556	 93.191908	 93.101432	 93.012137	 92.924029	 92.837114	 92.751398	 92.666885	  92.58358	 92.501486	 92.420606	 92.340943	 92.262497	 92.185269	 92.109261	 92.034471	 91.960898	 91.888542	 91.817399	 91.747467	 91.678744	 91.611224	 91.544904	  91.47978	 91.415844	 91.353092	 91.291518	 91.231113	 91.171872	 91.113787	 91.056848	 91.001048	 90.946378	 90.892829	  90.84039	 90.789051	 90.738803	 90.689634	 90.641534	  90.59449	 90.548493	 90.503528	 90.459586	 90.416652	 90.374715	 90.333761	 90.293779	 90.254754	 90.216674	 90.179524	 90.143291	 90.107963	 90.073524	  90.03996	 90.007259	 89.975405	 89.944385	 89.914185	 89.884789	 89.856185	 89.828358	 89.801293	 89.774977	 89.749394	 89.724532	 89.700376	 89.676911	 89.654124	 89.632002	 89.610529	 89.589692	 89.569478	 89.549873	 89.530863	 89.512435	 89.494577	 89.477274	 89.460514	 89.444284	 89.428571	 89.413363	 89.398648	 89.384412	 89.370645	 89.357334	 89.344468	 89.332035	 89.320023	 89.308422	 89.297221	 89.286408	 89.275974	 89.265907	 89.256198	 89.246836	 89.237812	 89.229116	 89.220738	  89.21267	 89.204902	 89.197426	 89.190232	 89.183313	  89.17666	 89.170265	 89.164121	 89.158219	 89.152552	 89.147113	 89.141895	 89.136891	 89.132094	 89.127498	 89.123097	 89.118884	 89.114854	 89.111001	 89.107319	 89.103803	 89.100448	 89.097248	   89.0942	 89.091298	 89.088538	 89.085916	 89.083427	 89.081068	 89.078835	 89.076725	 89.074733	 89.072857	 89.071093	 89.069439	 89.067893	  89.06645	 89.065109	 89.063868	 89.062724	 89.061676	 89.060721	 89.059859	 89.059087	 89.058404	 89.057809	 89.057301	 89.056879	 89.056543	 89.056291	 89.056123	 89.056039	
        99	 98.861018	  98.72207	 98.583193	 98.444421	 98.305789	 98.167332	 98.029084	 97.891081	 97.753356	 97.615944	 97.478879	 97.342193	 97.205922	 97.070096	 96.934751	 96.799916	 96.665626	 96.531911	 96.398802	  96.26633	 96.134526	 96.003419	 95.873038	 95.743412	 95.614569	 95.486537	 95.359343	 95.233013	 95.107574	 94.983049	 94.859464	 94.736843	 94.615209	 94.494584	 94.374991	  94.25645	 94.138981	 94.022605	  93.90734	 93.793205	 93.680217	 93.568392	 93.457748	 93.348298	 93.240057	  93.13304	 93.027258	 92.922725	 92.819451	 92.717447	 92.616722	 92.517287	 92.419148	 92.322314	 92.226792	 92.132587	 92.039705	  91.94815	 91.857926	 91.769037	 91.681484	  91.59527	 91.510394	 91.426858	 91.344662	 91.263803	 91.184281	 91.106093	 91.029236	 90.953707	   90.8795	 90.806613	 90.735038	 90.664771	 90.595805	 90.528133	 90.461746	 90.396639	 90.332801	 90.270223	 90.208898	 90.148813	 90.089961	 90.032329	 89.975906	 89.920682	 89.866643	  89.81378	 89.762078	 89.711524	 89.662107	 89.613813	 89.566627	 89.520537	 89.475528	 89.431586	 89.388697	 89.346845	 89.306016	 89.266196	 89.227368	 89.189518	 89.152631	 89.116691	 89.081683	 89.047591	   89.0144	 88.982094	 88.950657	 88.920074	 88.890328	 88.861406	  88.83329	 88.805966	 88.779417	 88.753629	 88.728585	 88.704272	 88.680672	 88.657772	 88.635556	 88.614009	 88.593117	 88.572865	 88.553237	 88.534221	 88.515801	 88.497964	 88.480695	 88.463981	 88.447808	 88.432163	 88.417033	 88.402404	 88.388263	 88.374599	 88.361398	 88.348648	 88.336337	 88.324454	 88.312986	 88.301922	 88.291251	 88.280962	 88.271045	 88.261487	  88.25228	 88.243413	 88.234876	 88.226659	 88.218753	 88.211149	 88.203837	 88.196809	 88.190056	 88.183569	 88.177341	 88.171364	 88.165629	 88.160129	 88.154858	 88.149807	  88.14497	  88.14034	  88.13591	 88.131675	 88.127629	 88.123764	 88.120077	 88.116561	 88.113211	 88.110021	 88.106988	 88.104106	 88.101371	 88.098779	 88.096324	 88.094005	 88.091816	 88.089754	 88.087816	 88.085998	 88.084298	 88.082712	 88.081239	 88.079875	 88.078618	 88.077466	 88.076417	 88.075469	  88.07462	  88.07387	 88.073216	 88.072658	 88.072194	 88.071824	 88.071547	 88.071363	 88.071271	
        99	 98.848529	 98.697096	 98.545739	 98.394497	 98.243408	  98.09251	  97.94184	 97.791436	 97.641335	 97.491575	 97.342193	 97.193226	 97.044709	 96.896679	 96.749171	 96.602221	 96.455863	 96.310132	 96.165063	 96.020687	 95.877039	 95.734151	 95.592054	  95.45078	  95.31036	 95.170823	   95.0322	 94.894518	 94.757807	 94.622093	 94.487403	 94.353764	   94.2212	 94.089736	 93.959395	 93.830202	 93.702178	 93.575345	 93.449722	 93.325331	  93.20219	 93.080317	  92.95973	 92.840446	 92.722479	 92.605845	 92.490558	 92.376631	 92.264077	 92.152907	 92.043132	 91.934761	 91.827804	 91.722269	 91.618163	 91.515493	 91.414265	 91.314483	 91.216152	 91.119275	 91.023855	 90.929893	 90.837391	 90.746349	 90.656766	 90.568642	 90.481974	  90.39676	 90.312997	  90.23068	 90.149806	 90.070369	 89.992363	 89.915782	 89.840618	 89.766865	 89.694514	 89.623555	 89.553981	 89.485781	 89.418944	 89.353461	  89.28932	 89.226509	 89.165016	  89.10483	 89.045936	 88.988322	 88.931974	 88.876878	  88.82302	 88.770386	 88.718961	 88.668729	 88.619676	 88.571785	 88.525041	 88.479429	 88.434931	 88.391533	 88.349216	 88.307965	 88.267764	 88.228594	  88.19044	 88.153285	 88.117111	 88.081902	  88.04764	 88.014309	 87.981891	 87.950369	 87.919727	 87.889947	 87.861013	 87.832908	 87.805614	 87.779115	 87.753395	 87.728437	 87.704225	 87.680742	 87.657972	   87.6359	 87.614509	 87.593784	 87.573709	 87.554269	 87.535448	 87.517232	 87.499606	 87.482556	 87.466065	 87.450122	 87.434711	 87.419818	 87.405431	 87.391536	 87.378119	 87.365167	 87.352669	 87.340611	 87.328981	 87.317768	 87.306959	 87.296543	 87.286508	 87.276845	  87.26754	 87.258585	 87.249969	 87.241681	 87.233712	 87.226053	 87.218693	 87.211623	 87.204836	 87.198321	 87.192071	 87.186077	 87.180332	 87.174827	 87.169555	 87.164509	 87.159682	 87.155066	 87.150656	 87.146445	 87.142426	 87.138594	 87.134942	 87.131467	 87.128161	  87.12502	 87.122039	 87.119214	 87.116539	 87.114011	 87.111625	 87.109378	 87.107266	 87.105285	 87.103432	 87.101704	 87.100098	 87.098611	 87.097241	 87.095986	 87.094842	 87.093809	 87.092885	 87.092067	 87.091354	 87.090746	  87.09024	 87.089837	 87.089535	 87.089335	 87.089234	
        99	 98.836078	 98.672197	 98.508399	 98.344725	 98.181216	 98.017914	 97.854859	 97.692092	 97.529653	 97.367583	 97.205922	 97.044709	 96.883984	 96.723785	 96.564153	 96.405123	 96.246735	 96.089025	 95.932031	 95.775788	 95.620332	 95.465698	 95.311921	 95.159034	 95.007071	 94.856065	 94.706047	 94.557048	 94.409098	 94.262229	 94.116467	 93.971843	 93.828382	 93.686112	 93.545058	 93.405245	 93.266697	 93.129438	 92.993489	 92.858873	  92.72561	 92.593719	  92.46322	  92.33413	 92.206466	 92.080245	 91.955482	  91.83219	 91.710384	 91.590076	 91.471277	 91.353998	 91.238249	 91.124039	 91.011376	 90.900266	 90.790717	 90.682733	 90.576319	 90.471479	 90.368215	  90.26653	 90.166424	 90.067898	 89.970952	 89.875584	 89.781792	 89.689573	 89.598925	 89.509842	  89.42232	 89.336353	 89.251935	 89.169059	 89.087717	 89.007901	 88.929602	 88.852811	 88.777518	 88.703711	 88.631381	 88.560515	 88.491101	 88.423128	  88.35658	 88.291446	 88.227711	 88.165361	 88.104381	 88.044757	 87.986472	 87.929511	 87.873859	 87.819498	 87.766412	 87.714585	 87.663999	 87.614637	 87.566482	 87.519516	 87.473721	  87.42908	 87.385573	 87.343184	 87.301894	 87.261684	 87.222537	 87.184434	 87.147355	 87.111284	 87.076202	 87.042089	 87.008928	 86.976701	 86.945388	 86.914972	 86.885435	 86.856758	 86.828924	 86.801914	 86.775712	 86.750299	 86.725657	 86.701771	 86.678621	 86.656193	 86.634467	 86.613429	 86.593062	 86.573348	 86.554274	 86.535821	 86.517975	 86.500721	 86.484043	 86.467927	 86.452357	 86.437319	 86.422799	 86.408784	 86.395258	 86.382209	 86.369623	 86.357488	 86.345791	 86.334518	 86.323659	 86.313201	 86.303132	  86.29344	 86.284116	 86.275147	 86.266523	 86.258234	 86.250269	 86.242618	 86.235273	 86.228223	 86.221459	 86.214972	 86.208755	 86.202797	 86.197092	 86.191631	 86.186407	 86.181412	  86.17664	 86.172082	 86.167733	 86.163586	 86.159634	 86.155873	 86.152295	 86.148896	  86.14567	 86.142612	 86.139718	 86.136982	   86.1344	 86.131968	 86.129682	 86.127539	 86.125533	 86.123663	 86.121925	 86.120317	 86.118834	 86.117475	 86.116238	  86.11512	 86.114119	 86.113234	 86.112463	 86.111805	 86.111258	 86.110821	 86.110495	 86.110277	 86.110169	
        99	 98.823668	  98.64738	 98.471181	 98.295116	 98.119228	 97.943563	 97.768163	 97.593073	 97.418337	 97.243997	 97.070096	 96.896679	 96.723785	 96.551459	 96.379741	 96.208671	 96.038292	 95.868643	 95.699762	 95.531691	 95.364465	 95.198125	 95.032706	 94.868244	 94.704777	 94.542338	 94.380962	 94.220683	 94.061533	 93.903544	 93.746747	 93.591173	 93.436852	  93.28381	 93.132078	  92.98168	 92.832643	 92.684992	 92.538752	 92.393944	 92.250592	 92.108716	 91.968337	 91.829474	 91.692145	 91.556368	 91.422159	 91.289533	 91.158505	 91.029089	 90.901296	 90.775138	 90.650626	  90.52777	 90.406577	 90.287056	 90.169213	 90.053054	 89.938584	 89.825806	 89.714725	 89.605341	 89.497656	 89.391671	 89.287385	 89.184797	 89.083904	 88.984704	 88.887193	 88.791366	 88.697218	 88.604743	 88.513933	 88.424783	 88.337283	 88.251424	 88.167198	 88.084593	 88.003599	 87.924205	 87.846399	 87.770168	 87.695499	 87.622379	 87.550794	 87.480728	 87.412168	 87.345098	 87.279502	 87.215363	 87.152666	 87.091393	 87.031527	  86.97305	 86.915946	 86.860195	 86.805779	  86.75268	 86.700879	 86.650358	 86.601096	 86.553074	 86.506274	 86.460676	  86.41626	 86.373006	 86.330895	 86.289907	 86.250022	  86.21122	 86.173481	 86.136786	 86.101114	 86.066447	 86.032764	 86.000045	 85.968271	 85.937424	 85.907482	 85.878428	 85.850242	 85.822905	 85.796398	 85.770703	 85.745801	 85.721674	 85.698304	 85.675673	 85.653764	 85.632558	 85.612039	 85.592189	 85.572993	 85.554432	 85.536492	 85.519155	 85.502407	  85.48623	 85.470611	 85.455534	 85.440985	 85.426948	 85.413409	 85.400355	 85.387772	 85.375647	 85.363965	 85.352715	 85.341884	 85.331459	 85.321428	  85.31178	 85.302504	 85.293587	 85.285019	 85.276789	 85.268887	 85.261304	 85.254028	  85.24705	 85.240362	 85.233953	 85.227816	 85.221942	 85.216322	 85.210949	 85.205815	 85.200913	 85.196234	 85.191773	 85.187523	 85.183476	 85.179628	 85.175971	 85.172501	 85.169212	 85.166098	 85.163155	 85.160378	 85.157762	 85.155303	 85.152997	  85.15084	 85.148828	 85.146959	 85.145228	 85.143633	 85.142172	 85.140841	 85.139638	 85.138562	  85.13761	  85.13678	 85.136072	 85.135484	 85.135014	 85.134663	 85.134429	 85.134312	
        99	 98.811301	  98.62265	 98.434095	 98.245682	 98.057459	 97.869474	 97.681773	 97.494404	 97.307413	 97.120847	 96.934751	 96.749171	 96.564153	 96.379741	  96.19598	 96.012913	 95.830585	 95.649038	 95.468314	 95.288455	 95.109502	 94.931496	 94.754476	 94.578481	 94.403549	 94.229718	 94.057025	 93.885505	 93.715194	 93.546125	 93.378332	 93.211848	 93.046703	 92.882929	 92.720555	  92.55961	 92.400121	 92.242115	 92.085618	 91.930655	  91.77725	 91.625424	   91.4752	 91.326598	 91.179639	 91.034339	 90.890718	 90.748791	 90.608574	 90.470082	 90.333327	 90.198322	 90.065078	 89.933605	 89.803913	 89.676009	 89.549902	 89.425596	 89.303098	 89.182412	  89.06354	 88.946485	 88.831249	 88.717831	 88.606231	 88.496448	  88.38848	 88.282323	 88.177973	 88.075425	 87.974675	 87.875714	 87.778536	 87.683134	 87.589497	 87.497617	 87.407484	 87.319086	 87.232412	  87.14745	 87.064187	  86.98261	 86.902705	 86.824457	 86.747851	 86.672872	 86.599503	 86.527729	 86.457533	 86.388896	 86.321802	 86.256231	 86.192167	  86.12959	  86.06848	  86.00882	 85.950588	 85.893765	 85.838331	 85.784266	  85.73155	 85.680161	 85.630078	 85.581282	 85.533751	 85.487464	   85.4424	 85.398537	 85.355854	 85.314331	 85.273946	 85.234677	 85.196504	 85.159405	  85.12336	 85.088347	 85.054345	 85.021334	 84.989293	 84.958201	 84.928038	 84.898783	 84.870418	  84.84292	 84.816272	 84.790453	 84.765444	 84.741226	  84.71778	 84.695088	 84.673129	 84.651888	 84.631345	 84.611483	 84.592284	 84.573732	 84.555809	 84.538498	 84.521783	 84.505649	 84.490079	 84.475058	  84.46057	   84.4466	 84.433135	 84.420159	 84.407658	 84.395619	 84.384028	 84.372872	 84.362138	 84.351814	 84.341886	 84.332344	 84.323175	 84.314368	 84.305913	 84.297797	 84.290011	 84.282544	 84.275386	 84.268528	 84.261961	 84.255675	 84.249661	 84.243911	 84.238417	 84.233171	 84.228164	  84.22339	 84.218841	 84.214511	 84.210393	  84.20648	 84.202767	 84.199247	 84.195915	 84.192765	 84.189793	 84.186994	 84.184362	 84.181895	 84.179586	 84.177434	 84.175433	 84.173581	 84.171874	  84.17031	 84.168886	 84.167599	 84.166447	 84.165428	  84.16454	 84.163782	 84.163153	 84.162651	 84.162275	 84.162024	 84.161899	
        99	 98.798982	 98.598014	 98.397148	 98.196434	 97.995923	 97.795665	  97.59571	 97.396108	 97.196909	 96.998162	 96.799916	 96.602221	 96.405123	 96.208671	 96.012913	 95.817895	 95.623663	 95.430263	  95.23774	 95.046139	 94.855503	 94.665875	 94.477298	 94.289812	  94.10346	  93.91828	 93.734312	 93.551594	 93.370164	 93.190057	  93.01131	 92.833956	  92.65803	 92.483563	 92.310588	 92.139135	 91.969234	 91.800912	 91.634199	 91.469118	 91.305697	 91.143959	 90.983928	 90.825624	  90.66907	 90.514285	 90.361287	 90.210094	 90.060723	 89.913188	 89.767505	 89.623685	 89.481742	 89.341686	 89.203527	 89.067273	 88.932932	 88.800511	 88.670016	  88.54145	 88.414817	  88.29012	  88.16736	 88.046538	 87.927652	 87.810702	 87.695684	 87.582597	 87.471434	 87.362192	 87.254863	 87.149442	  87.04592	 86.944288	 86.844538	  86.74666	 86.650642	 86.556473	  86.46414	 86.373631	 86.284932	 86.198029	 86.112907	 86.029551	 85.947944	 85.868069	 85.789911	 85.713451	 85.638671	 85.565554	 85.494079	 85.424228	 85.355981	 85.289318	 85.224219	 85.160663	 85.098629	 85.038097	 84.979044	 84.921449	 84.865291	 84.810547	 84.757195	 84.705213	 84.654579	  84.60527	 84.557263	 84.510537	 84.465068	 84.420834	 84.377812	 84.335979	 84.295314	 84.255793	 84.217394	 84.180095	 84.143874	 84.108707	 84.074574	 84.041452	  84.00932	 83.978156	 83.947938	 83.918646	 83.890258	 83.862753	 83.836112	 83.810313	 83.785336	 83.761161	  83.73777	 83.715141	 83.693257	 83.672099	 83.651646	 83.631883	 83.612789	 83.594348	 83.576543	 83.559355	 83.542768	 83.526766	 83.511333	 83.496451	 83.482107	 83.468283	 83.454967	 83.442141	 83.429794	 83.417909	 83.406475	 83.395476	 83.384901	 83.374735	 83.364968	 83.355586	 83.346578	 83.337933	 83.329638	 83.321684	 83.314059	 83.306753	 83.299757	 83.293061	 83.286654	 83.280529	 83.274676	 83.269087	 83.263754	 83.258668	 83.253823	  83.24921	 83.244823	 83.240654	 83.236698	 83.232949	 83.229399	 83.226044	 83.222878	 83.219896	 83.217092	 83.214464	 83.212005	 83.209711	  83.20758	 83.205607	 83.203789	 83.202123	 83.200606	 83.199234	 83.198007	 83.196922	 83.195976	 83.195169	 83.194498	 83.193963	 83.193563	 83.193296	 83.193163	
        99	 98.786712	 98.573478	 98.360351	 98.147386	 97.934636	 97.722154	 97.509994	 97.298208	  97.08685	 96.875972	 96.665626	 96.455863	 96.246735	 96.038292	 95.830585	 95.623663	 95.417575	 95.212371	 95.008096	   94.8048	 94.602528	 94.401325	 94.201237	 94.002308	 93.804581	 93.608098	 93.412901	  93.21903	 93.026525	 92.835425	 92.645767	 92.457588	 92.270923	 92.085808	 91.902274	 91.720356	 91.540084	 91.361489	 91.184599	 91.009442	 90.836046	 90.664436	 90.494636	  90.32667	  90.16056	 89.996327	  89.83399	 89.673569	  89.51508	  89.35854	 89.203964	 89.051366	 88.900759	 88.752154	 88.605562	 88.460991	 88.318451	 88.177947	 88.039486	 87.903073	  87.76871	 87.636402	 87.506149	 87.377951	 87.251809	  87.12772	 87.005683	 86.885692	 86.767744	 86.651834	 86.537954	 86.426098	 86.316257	 86.208422	 86.102584	 85.998731	 85.896852	 85.796935	 85.698966	 85.602933	  85.50882	 85.416612	 85.326295	  85.23785	 85.151262	 85.066512	 84.983583	 84.902456	 84.823112	 84.745531	 84.669694	 84.595579	 84.523166	 84.452434	 84.383362	 84.315927	 84.250106	 84.185879	 84.123222	 84.062112	 84.002525	  83.94444	 83.887831	 83.832677	 83.778952	 83.726633	 83.675696	 83.626117	 83.577873	 83.530939	 83.485291	 83.440905	 83.397758	 83.355824	 83.315082	 83.275506	 83.237074	 83.199761	 83.163544	 83.128401	 83.094307	 83.061241	 83.029178	 82.998098	 82.967977	 82.938794	 82.910526	 82.883152	 82.856651	 82.831001	 82.806182	 82.782172	 82.758952	 82.736502	 82.714801	 82.693831	 82.673572	 82.654006	 82.635113	 82.616877	 82.599278	 82.582299	 82.565923	 82.550133	 82.534913	 82.520246	 82.506116	 82.492509	 82.479407	 82.466797	 82.454665	 82.442995	 82.431774	 82.420988	 82.410624	  82.40067	 82.391112	 82.381939	 82.373138	 82.364698	 82.356608	 82.348857	 82.341433	 82.334328	 82.327531	 82.321031	 82.314821	 82.308891	 82.303232	 82.297836	 82.292695	   82.2878	 82.283146	 82.278723	 82.274525	 82.270547	 82.266781	 82.263221	 82.259861	 82.256697	 82.253723	 82.250933	 82.248324	 82.245891	  82.24363	 82.241536	 82.239607	 82.237839	  82.23623	 82.234775	 82.233473	 82.232321	 82.231318	 82.230461	  82.22975	 82.229182	 82.228757	 82.228474	 82.228333	
