Time step 3:
        99	        99	        99	        99	        99	        99	        99	        99	        99	        99	        99	        99	        99	        99	        99	        99	        99	        99	        99	        99	        99	        99	        99	        99	        99	        99	        99	        99	        99	        99	        99	        99	        99	        99	        99	        99	        99	        99	        99	        99	        99	        99	        99	        99	        99	        99	        99	        99	        99	        99	        99	        99	        99	        99	        99	        99	        99	        99	        99	        99	        99	        99	        99	        99	        99	        99	        99	        99	        99	        99	        99	        99	        99	        99	        99	        99	        99	        99	        99	        99	        99	        99	        99	        99	        99	        99	        99	        99	        99	        99	        99	        99	        99	        99	        99	        99	        99	        99	        99	        99	        99	        99	        99	        99	        99	        99	        99	        99	        99	        99	        99	        99	        99	        99	        99	        99	        99	        99	        99	        99	        99	        99	        99	        99	        99	        99	        99	        99	        99	        99	        99	        99	        99	        99	        99	        99	        99	        99	        99	        99	        99	        99	        99	        99	        99	        99	        99	        99	        99	        99	        99	        99	        99	        99	        99	        99	        99	        99	        99	        99	        99	        99	        99	        99	        99	        99	        99	        99	        99	        99	        99	        99	        99	        99	        99	        99	        99	        99	        99	        99	        99	        99	        99	        99	        99	        99	        99	        99	        99	        99	        99	        99	        99	        99	        99	        99	        99	        99	        99	        99	
        99	 98.788698	 98.578284	 98.369633	   98.1636	 97.961007	 97.762632	 97.569204	 97.381391	 97.199796	  97.02495	 96.857308	 96.697249	  96.54507	 96.400992	 96.265154	 96.137623	 96.018392	  95.90739	 95.804481	 95.709474	 95.622131	  95.54217	 95.469272	 95.403093	 95.343265	 95.289404	 95.241118	 95.198011	 95.159688	  95.12576	  95.09585	  95.06959	 95.046633	 95.026646	 95.009317	 94.994356	 94.981493	 94.970479	 94.961089	 94.953115	 94.946373	 94.940696	 94.935935	  94.93196	 94.928654	 94.925916	 94.923658	 94.921803	 94.920286	 94.919051	 94.918048	 94.917239	 94.916587	 94.916066	 94.915649	 94.915318	 94.915057	  94.91485	 94.914688	 94.914562	 94.914463	 94.914387	 94.914328	 94.914283	 94.914248	 94.914221	 94.914201	 94.914186	 94.914175	 94.914166	  94.91416	 94.914155	 94.914151	 94.914149	 94.914147	 94.914145	 94.914144	 94.914144	 94.914143	 94.914143	 94.914142	 94.914142	 94.914142	 94.914142	 94.914142	 94.914142	 94.914142	 94.914142	 94.914142	 94.914142	 94.914142	 94.914142	 94.914142	 94.914142	 94.914142	 94.914142	 94.914142	 94.914142	 94.914142	 94.914142	 94.914142	 94.914142	 94.914142	 94.914142	 94.914142	 94.914142	 94.914142	 94.914142	 94.914142	 94.914142	 94.914142	 94.914142	 94.914142	 94.914142	 94.914142	 94.914142	 94.914142	 94.914142	 94.914142	 94.914142	 94.914142	 94.914142	 94.914142	 94.914142	 94.914142	 94.914142	 94.914142	 94.914142	 94.914142	 94.914142	 94.914142	 94.914142	 94.914142	 94.914142	 94.914142	 94.914142	 94.914142	 94.914142	 94.914142	 94.914142	 94.914142	 94.914142	 94.914142	 94.914142	 94.914142	 94.914142	 94.914142	 94.914142	 94.914142	 94.914142	 94.914142	 94.914142	 94.914142	 94.914142	 94.914142	 94.914142	 94.914142	 94.914142	 94.914142	 94.914142	 94.914142	 94.914142	 94.914142	 94.914142	 94.914142	 94.914142	 94.914142	 94.914142	 94.914142	 94.914142	 94.914142	 94.914142	 94.914142	 94.914142	 94.914142	 94.914142	 94.914142	 94.914142	 94.914142	 94.914142	 94.914142	 94.914142	 94.914142	 94.914142	 94.914142	 94.914142	 94.914142	 94.914142	 94.914142	 94.914142	 94.914142	 94.914142	 94.914142	 94.914142	 94.914142	 94.914142	 94.914142	 94.914142	 94.914142	
        99	 98.578284	 98.158339	 97.741914	 97.330713	 96.926378	 96.530462	 96.144418	 95.769581	 95.407153	 95.058195	 94.723615	 94.404169	 94.100452	   93.8129	 93.541795	 93.287268	 93.049308	  92.82777	 92.622383	 92.432769	  92.25845	 92.098863	 91.953375	 91.821295	  91.70189	 91.594394	 91.498025	 91.411992	 91.335507	 91.267794	 91.208099	 91.155691	 91.109872	 91.069982	 91.035398	 91.005538	 90.979866	 90.957885	 90.939143	  90.92323	 90.909774	 90.898444	 90.888943	 90.881008	  90.87441	 90.868946	 90.864439	 90.860738	  90.85771	 90.855244	 90.853244	 90.851628	 90.850328	 90.849287	 90.848456	 90.847795	 90.847273	 90.846861	 90.846538	 90.846285	 90.846089	 90.845936	 90.845819	 90.845728	 90.845659	 90.845606	 90.845566	 90.845536	 90.845513	 90.845496	 90.845483	 90.845473	 90.845466	 90.845461	 90.845457	 90.845454	 90.845452	 90.845451	  90.84545	 90.845449	 90.845448	 90.845448	 90.845448	 90.845448	 90.845447	 90.845447	 90.845447	 90.845447	 90.845447	 90.845447	 90.845447	 90.845447	 90.845447	 90.845447	 90.845447	 90.845447	 90.845447	 90.845447	 90.845447	 90.845447	 90.845447	 90.845447	 90.845447	 90.845447	 90.845447	 90.845447	 90.845447	 90.845447	 90.845447	 90.845447	 90.845447	 90.845447	 90.845447	 90.845447	 90.845447	 90.845447	 90.845447	 90.845447	 90.845447	 90.845447	 90.845447	 90.845447	 90.845447	 90.845447	 90.845447	 90.845447	 90.845447	 90.845447	 90.845447	 90.845447	 90.845447	 90.845447	 90.845447	 90.845447	 90.845447	 90.845447	 90.845447	 90.845447	 90.845447	 90.845447	 90.845447	 90.845447	 90.845447	 90.845447	 90.845447	 90.845447	 90.845447	 90.845447	 90.845447	 90.845447	 90.845447	 90.845447	 90.845447	 90.845447	 90.845447	 90.845447	 90.845447	 90.845447	 90.845447	 90.845447	 90.845447	 90.845447	 90.845447	 90.845447	 90.845447	 90.845447	 90.845447	 90.845447	 90.845447	 90.845447	 90.845447	 90.845447	 90.845447	 90.845447	 90.845447	 90.845447	 90.845447	 90.845447	 90.845447	 90.845447	 90.845447	 90.845447	 90.845447	 90.845447	 90.845447	 90.845447	 90.845447	 90.845447	 90.845447	 90.845447	 90.845447	 90.845447	 90.845447	 90.845447	 90.845447	 90.845447	 90.845447	 90.845447	 90.845447	
        99	 98.369633	 97.741914	 97.119456	 96.504808	 95.900421	  95.30862	 94.731575	 94.171282	 93.629537	 93.107926	 92.607809	 92.130312	 91.676325	 91.246503	 90.841265	 90.460808	 90.105114	 89.773966	 89.466961	 89.183533	 88.922967	 88.684422	 88.466952	 88.269524	 88.091041	  87.93036	 87.786311	 87.657712	 87.543385	 87.442172	 87.352941	 87.274603	 87.206116	 87.146489	 87.094794	 87.050161	 87.011787	 86.978931	 86.950917	  86.92713	 86.907017	  86.89008	 86.875878	 86.864019	 86.854156	 86.845988	 86.839252	 86.833719	 86.829194	 86.825508	 86.822518	 86.820102	 86.818159	 86.816602	  86.81536	 86.814373	 86.813592	 86.812977	 86.812494	 86.812116	 86.811822	 86.811595	 86.811419	 86.811283	  86.81118	 86.811101	 86.811041	 86.810996	 86.810961	 86.810936	 86.810917	 86.810902	 86.810892	 86.810884	 86.810878	 86.810874	 86.810871	 86.810869	 86.810867	 86.810866	 86.810865	 86.810865	 86.810864	 86.810864	 86.810864	 86.810864	 86.810863	 86.810863	 86.810863	 86.810863	 86.810863	 86.810863	 86.810863	 86.810863	 86.810863	 86.810863	 86.810863	 86.810863	 86.810863	 86.810863	 86.810863	 86.810863	 86.810863	 86.810863	 86.810863	 86.810863	 86.810863	 86.810863	 86.810863	 86.810863	 86.810863	 86.810863	 86.810863	 86.810863	 86.810863	 86.810863	 86.810863	 86.810863	 86.810863	 86.810863	 86.810863	 86.810863	 86.810863	 86.810863	 86.810863	 86.810863	 86.810863	 86.810863	 86.810863	 86.810863	 86.810863	 86.810863	 86.810863	 86.810863	 86.810863	 86.810863	 86.810863	 86.810863	 86.810863	 86.810863	 86.810863	 86.810863	 86.810863	 86.810863	 86.810863	 86.810863	 86.810863	 86.810863	 86.810863	 86.810863	 86.810863	 86.810863	 86.810863	 86.810863	 86.810863	 86.810863	 86.810863	 86.810863	 86.810863	 86.810863	 86.810863	 86.810863	 86.810863	 86.810863	 86.810863	 86.810863	 86.810863	 86.810863	 86.810863	 86.810863	 86.810863	 86.810863	 86.810863	 86.810863	 86.810863	 86.810863	 86.810863	 86.810863	 86.810863	 86.810863	 86.810863	 86.810863	 86.810863	 86.810863	 86.810863	 86.810863	 86.810863	 86.810863	 86.810863	 86.810863	 86.810863	 86.810863	 86.810863	 86.810863	 86.810863	 86.810863	 86.810863	 86.810863	 86.810863	
        99	   98.1636	 97.330713	 96.504808	 95.689266	 94.887338	 94.102109	 93.336459	 92.593036	 91.874225	 91.182128	  90.51855	 89.884985	 89.282616	 88.712308	  88.17462	 87.669812	 87.197862	  86.75848	 86.351133	 85.975068	 85.629338	 85.312826	 85.024277	  84.76232	 84.525502	 84.312304	 84.121173	 83.950542	 83.798849	 83.664555	  83.54616	 83.442218	 83.351346	 83.272231	 83.203639	 83.144419	 83.093503	 83.049908	 83.012738	 82.981176	  82.95449	 82.932018	 82.913174	 82.897438	 82.884352	 82.873515	 82.864577	 82.857236	 82.851231	  82.84634	 82.842373	 82.839168	  82.83659	 82.834525	 82.832876	 82.831567	 82.830531	 82.829714	 82.829073	 82.828572	 82.828182	  82.82788	 82.827647	 82.827467	  82.82733	 82.827225	 82.827145	 82.827085	  82.82704	 82.827006	  82.82698	 82.826962	 82.826948	 82.826937	  82.82693	 82.826924	  82.82692	 82.826917	 82.826915	 82.826913	 82.826912	 82.826911	 82.826911	  82.82691	  82.82691	  82.82691	  82.82691	  82.82691	  82.82691	  82.82691	  82.82691	  82.82691	  82.82691	  82.82691	  82.82691	  82.82691	  82.82691	  82.82691	  82.82691	  82.82691	  82.82691	  82.82691	  82.82691	  82.82691	  82.82691	  82.82691	  82.82691	  82.82691	  82.82691	  82.82691	  82.82691	  82.82691	  82.82691	  82.82691	  82.82691	  82.82691	  82.82691	  82.82691	  82.82691	  82.82691	  82.82691	  82.82691	  82.82691	  82.82691	  82.82691	  82.82691	  82.82691	  82.82691	  82.82691	  82.82691	  82.82691	  82.82691	  82.82691	  82.82691	  82.82691	  82.82691	  82.82691	  82.82691	  82.82691	  82.82691	  82.82691	  82.82691	  82.82691	  82.82691	  82.82691	  82.82691	  82.82691	  82.82691	  82.82691	  82.82691	  82.82691	  82.82691	  82.82691	  82.82691	  82.82691	  82.82691	  82.82691	  82.82691	  82.82691	  82.82691	  82.82691	  82.82691	  82.82691	  82.82691	  82.82691	  82.82691	  82.82691	  82.82691	  82.82691	  82.82691	  82.82691	  82.82691	  82.82691	  82.82691	  82.82691	  82.82691	  82.82691	  82.82691	  82.82691	  82.82691	  82.82691	  82.82691	  82.82691	  82.82691	  82.82691	  82.82691	  82.82691	  82.82691	  82.82691	  82.82691	  82.82691	  82.82691	  82.82691	  82.82691	  82.82691	  82.82691	  82.82691	  82.82691	  82.82691	
        99	 97.961007	 96.926378	 95.900421	 94.887338	 93.891166	 92.915739	 91.964634	 91.041139	 90.148216	  89.28848	  88.46417	 87.677143	 86.928868	  86.22042	 85.552494	 84.925412	 84.339146	 83.793338	 83.287324	 82.820169	 82.390696	  81.99752	 81.639079	 81.313672	 81.019492	 80.754654	 80.517228	 80.305268	 80.116832	 79.950009	 79.802937	 79.673819	 79.560936	 79.462658	 79.377453	 79.303889	  79.24064	 79.186486	 79.140312	 79.101107	 79.067956	 79.040041	 79.016633	 78.997086	  78.98083	 78.967368	 78.956265	 78.947146	 78.939687	 78.933612	 78.928684	 78.924703	   78.9215	 78.918934	 78.916887	  78.91526	 78.913973	 78.912958	 78.912162	  78.91154	 78.911056	  78.91068	  78.91039	 78.910167	 78.909997	 78.909867	 78.909768	 78.909693	 78.909637	 78.909594	 78.909563	 78.909539	 78.909522	 78.909509	   78.9095	 78.909493	 78.909488	 78.909484	 78.909481	  78.90948	 78.909478	 78.909477	 78.909477	 78.909476	 78.909476	 78.909475	 78.909475	 78.909475	 78.909475	 78.909475	 78.909475	 78.909475	 78.909475	 78.909475	 78.909475	 78.909475	 78.909475	 78.909475	 78.909475	 78.909475	 78.909475	 78.909475	 78.909475	 78.909475	 78.909475	 78.909475	 78.909475	 78.909475	 78.909475	 78.909475	 78.909475	 78.909475	 78.909475	 78.909475	 78.909475	 78.909475	 78.909475	 78.909475	 78.909475	 78.909475	 78.909475	 78.909475	 78.909475	 78.909475	 78.909475	 78.909475	 78.909475	 78.909475	 78.909475	 78.909475	 78.909475	 78.909475	 78.909475	 78.909475	 78.909475	 78.909475	 78.909475	 78.909475	 78.909475	 78.909475	 78.909475	 78.909475	 78.909475	 78.909475	 78.909475	 78.909475	 78.909475	 78.909475	 78.909475	 78.909475	 78.909475	 78.909475	 78.909475	 78.909475	 78.909475	 78.909475	 78.909475	 78.909475	 78.909475	 78.909475	 78.909475	 78.909475	 78.909475	 78.909475	 78.909475	 78.909475	 78.909475	 78.909475	 78.909475	 78.909475	 78.909475	 78.909475	 78.909475	 78.909475	 78.909475	 78.909475	 78.909475	 78.909475	 78.909475	 78.909475	 78.909475	 78.909475	 78.909475	 78.909475	 78.909475	 78.909475	 78.909475	 78.909475	 78.909475	 78.909475	 78.909475	 78.909475	 78.909475	 78.909475	 78.909475	 78.909475	 78.909475	 78.909475	 78.909475	
        99	 97.762632	 96.530462	  95.30862	 94.102109	 92.915739	 91.754073	 90.621374	 89.521557	  88.45815	 87.434264	  86.45257	 85.515278	 84.624135	 83.780424	 82.984971	 82.238162	 81.539962	 80.889943	 80.287317	  79.73097	   79.2195	 78.751255	 78.324378	 77.936843	 77.586496	 77.271093	 76.988337	 76.735908	 76.511495	 76.312822	 76.137671	 75.983901	 75.849466	 75.732425	 75.630952	 75.543342	 75.468018	 75.403525	 75.348536	 75.301845	 75.262365	 75.229121	 75.201244	 75.177965	 75.158606	 75.142573	 75.129351	 75.118491	 75.109608	 75.102373	 75.096504	 75.091763	 75.087949	 75.084893	 75.082455	 75.080517	 75.078984	 75.077776	 75.076828	 75.076087	  75.07551	 75.075063	 75.074718	 75.074452	 75.074249	 75.074094	 75.073976	 75.073887	  75.07382	  75.07377	 75.073732	 75.073704	 75.073684	 75.073668	 75.073657	 75.073649	 75.073643	 75.073639	 75.073635	 75.073633	 75.073632	  75.07363	  75.07363	 75.073629	 75.073629	 75.073628	 75.073628	 75.073628	 75.073628	 75.073628	 75.073628	 75.073628	 75.073628	 75.073628	 75.073628	 75.073628	 75.073628	 75.073628	 75.073628	 75.073628	 75.073628	 75.073628	 75.073628	 75.073628	 75.073628	 75.073628	 75.073628	 75.073628	 75.073628	 75.073628	 75.073628	 75.073628	 75.073628	 75.073628	 75.073628	 75.073628	 75.073628	 75.073628	 75.073628	 75.073628	 75.073628	 75.073628	 75.073628	 75.073628	 75.073628	 75.073628	 75.073628	 75.073628	 75.073628	 75.073628	 75.073628	 75.073628	 75.073628	 75.073628	 75.073628	 75.073628	 75.073628	 75.073628	 75.073628	 75.073628	 75.073628	 75.073628	 75.073628	 75.073628	 75.073628	 75.073628	 75.073628	 75.073628	 75.073628	 75.073628	 75.073628	 75.073628	 75.073628	 75.073628	 75.073628	 75.073628	 75.073628	 75.073628	 75.073628	 75.073628	 75.073628	 75.073628	 75.073628	 75.073628	 75.073628	 75.073628	 75.073628	 75.073628	 75.073628	 75.073628	 75.073628	 75.073628	 75.073628	 75.073628	 75.073628	 75.073628	 75.073628	 75.073628	 75.073628	 75.073628	 75.073628	 75.073628	 75.073628	 75.073628	 75.073628	 75.073628	 75.073628	 75.073628	 75.073628	 75.073628	 75.073628	 75.073628	 75.073628	 75.073628	 75.073628	 75.073628	 75.073628	 75.073628	 75.073628	
        99	 97.569204	 96.144418	 94.731575	 93.336459	 91.964634	 90.621374	  89.31161	 88.039867	 86.810226	 85.626285	  84.49113	 83.407319	 82.376872	 81.401272	 80.481473	 79.617923	 78.810579	  78.05895	 77.362121	 76.718806	 76.127383	 75.585943	 75.092337	 74.644223	  74.23911	 73.874405	 73.547449	 73.255561	 72.996068	 72.766339	 72.563809	 72.386003	 72.230554	 72.095218	 71.977883	 71.876579	  71.78948	 71.714906	 71.651322	 71.597333	 71.551682	 71.513241	 71.481007	 71.454089	 71.431704	 71.413165	 71.397876	 71.385318	 71.375047	 71.366681	 71.359895	 71.354413	 71.350002	 71.346469	  71.34365	  71.34141	 71.339637	  71.33824	 71.337144	 71.336287	  71.33562	 71.335103	 71.334704	 71.334397	 71.334162	 71.333983	 71.333846	 71.333743	 71.333666	 71.333608	 71.333564	 71.333532	 71.333508	  71.33349	 71.333477	 71.333468	 71.333461	 71.333456	 71.333452	 71.333449	 71.333448	 71.333446	 71.333445	 71.333445	 71.333444	 71.333444	 71.333444	 71.333443	 71.333443	 71.333443	 71.333443	 71.333443	 71.333443	 71.333443	 71.333443	 71.333443	 71.333443	 71.333443	 71.333443	 71.333443	 71.333443	 71.333443	 71.333443	 71.333443	 71.333443	 71.333443	 71.333443	 71.333443	 71.333443	 71.333443	 71.333443	 71.333443	 71.333443	 71.333443	 71.333443	 71.333443	 71.333443	 71.333443	 71.333443	 71.333443	 71.333443	 71.333443	 71.333443	 71.333443	 71.333443	 71.333443	 71.333443	 71.333443	 71.333443	 71.333443	 71.333443	 71.333443	 71.333443	 71.333443	 71.333443	 71.333443	 71.333443	 71.333443	 71.333443	 71.333443	 71.333443	 71.333443	 71.333443	 71.333443	 71.333443	 71.333443	 71.333443	 71.333443	 71.333443	 71.333443	 71.333443	 71.333443	 71.333443	 71.333443	 71.333443	 71.333443	 71.333443	 71.333443	 71.333443	 71.333443	 71.333443	 71.333443	 71.333443	 71.333443	 71.333443	 71.333443	 71.333443	 71.333443	 71.333443	 71.333443	 71.333443	 71.333443	 71.333443	 71.333443	 71.333443	 71.333443	 71.333443	 71.333443	 71.333443	 71.333443	 71.333443	 71.333443	 71.333443	 71.333443	 71.333443	 71.333443	 71.333443	 71.333443	 71.333443	 71.333443	 71.333443	 71.333443	 71.333443	 71.333443	 71.333443	 71.333443	 71.333443	 71.333443	 71.333443	
        99	 97.381391	 95.769581	 94.171282	 92.593036	 91.041139	 89.521557	 88.039867	 86.601189	 85.210141	 83.870791	 82.586631	 81.360555	 80.194848	 79.091187	 78.050653	  77.07375	 76.160433	 75.310142	 74.521847	 73.794089	 73.125035	 72.512525	 71.954128	 71.447194	 70.988906	  70.57633	 70.206458	 69.876257	 69.582704	 69.322821	 69.093707	 68.892563	  68.71671	  68.56361	 68.430874	 68.316274	 68.217743	 68.133381	 68.061451	 68.000376	 67.948733	 67.905247	 67.868782	 67.838331	 67.813008	 67.792036	  67.77474	 67.760534	 67.748915	 67.739451	 67.731774	 67.725572	 67.720583	 67.716586	 67.713397	 67.710863	 67.708858	 67.707277	 67.706037	 67.705068	 67.704313	 67.703728	 67.703277	  67.70293	 67.702664	 67.702461	 67.702307	 67.702191	 67.702103	 67.702037	 67.701988	 67.701951	 67.701924	 67.701904	 67.701889	 67.701879	 67.701871	 67.701865	 67.701861	 67.701858	 67.701856	 67.701854	 67.701853	 67.701852	 67.701852	 67.701851	 67.701851	 67.701851	 67.701851	 67.701851	 67.701851	 67.701851	 67.701851	 67.701851	 67.701851	 67.701851	 67.701851	 67.701851	 67.701851	 67.701851	 67.701851	 67.701851	 67.701851	 67.701851	 67.701851	 67.701851	 67.701851	 67.701851	 67.701851	 67.701851	 67.701851	 67.701851	 67.701851	 67.701851	 67.701851	 67.701851	 67.701851	 67.701851	 67.701851	 67.701851	 67.701851	 67.701851	 67.701851	 67.701851	 67.701851	 67.701851	 67.701851	 67.701851	 67.701851	 67.701851	 67.701851	 67.701851	 67.701851	 67.701851	 67.701851	 67.701851	 67.701851	 67.701851	 67.701851	 67.701851	 67.701851	 67.701851	 67.701851	 67.701851	 67.701851	 67.701851	 67.701851	 67.701851	 67.701851	 67.701851	 67.701851	 67.701851	 67.701851	 67.701851	 67.701851	 67.701851	 67.701851	 67.701851	 67.701851	 67.701851	 67.701851	 67.701851	 67.701851	 67.701851	 67.701851	 67.701851	 67.701851	 67.701851	 67.701851	 67.701851	 67.701851	 67.701851	 67.701851	 67.701851	 67.701851	 67.701851	 67.701851	 67.701851	 67.701851	 67.701851	 67.701851	 67.701851	 67.701851	 67.701851	 67.701851	 67.701851	 67.701851	 67.701851	 67.701851	 67.701851	 67.701851	 67.701851	 67.701851	 67.701851	 67.701851	 67.701851	 67.701851	 67.701851	 67.701851	
        99	 97.199796	 95.407153	 93.629537	 91.874225	 90.148216	  88.45815	 86.810226	 85.210141	 83.663028	 82.173415	 80.745184	 79.381553	 78.085064	 76.857582	  75.70031	 74.613809	 73.598026	 72.652342	 71.775609	 70.966204	  70.22209	 69.540863	  68.91982	 68.356015	 67.846313	 67.387451	 66.976085	  66.60884	 66.282355	 65.993317	   65.7385	 65.514791	  65.31921	 65.148935	 65.001309	 64.873852	 64.764268	 64.670442	 64.590443	 64.522517	 64.465081	 64.416717	 64.376161	 64.342294	  64.31413	 64.290806	  64.27157	  64.25577	 64.242848	 64.232322	 64.223784	 64.216887	 64.211338	 64.206893	 64.203346	 64.200527	 64.198297	  64.19654	  64.19516	 64.194082	 64.193243	 64.192593	  64.19209	 64.191704	 64.191409	 64.191183	 64.191012	 64.190882	 64.190785	 64.190712	 64.190657	 64.190616	 64.190586	 64.190564	 64.190547	 64.190535	 64.190527	  64.19052	 64.190516	 64.190513	  64.19051	 64.190508	 64.190507	 64.190506	 64.190506	 64.190505	 64.190505	 64.190505	 64.190505	 64.190505	 64.190505	 64.190504	 64.190504	 64.190504	 64.190504	 64.190504	 64.190504	 64.190504	 64.190504	 64.190504	 64.190504	 64.190504	 64.190504	 64.190504	 64.190504	 64.190504	 64.190504	 64.190504	 64.190504	 64.190504	 64.190504	 64.190504	 64.190504	 64.190504	 64.190504	 64.190504	 64.190504	 64.190504	 64.190504	 64.190504	 64.190504	 64.190504	 64.190504	 64.190504	 64.190504	 64.190504	 64.190504	 64.190504	 64.190504	 64.190504	 64.190504	 64.190504	 64.190504	 64.190504	 64.190504	 64.190504	 64.190504	 64.190504	 64.190504	 64.190504	 64.190504	 64.190504	 64.190504	 64.190504	 64.190504	 64.190504	 64.190504	 64.190504	 64.190504	 64.190504	 64.190504	 64.190504	 64.190504	 64.190504	 64.190504	 64.190504	 64.190504	 64.190504	 64.190504	 64.190504	 64.190504	 64.190504	 64.190504	 64.190504	 64.190504	 64.190504	 64.190504	 64.190504	 64.190504	 64.190504	 64.190504	 64.190504	 64.190504	 64.190504	 64.190504	 64.190504	 64.190504	 64.190504	 64.190504	 64.190504	 64.190504	 64.190504	 64.190504	 64.190504	 64.190504	 64.190504	 64.190504	 64.190504	 64.190504	 64.190504	 64.190504	 64.190504	 64.190504	 64.190504	 64.190504	 64.190504	 64.190504	 64.190504	 64.190504	
        99	  97.02495	 95.058195	 93.107926	 91.182128	  89.28848	 87.434264	 85.626285	 83.870791	 82.173415	 80.539123	 78.972175	 77.476102	 76.053692	 74.706992	 73.437322	 72.245295	 71.130856	 70.093324	  69.13144	 68.243425	  67.42704	 66.679651	 65.998292	  65.37973	 64.820526	 64.317099	 63.865781	  63.46287	 63.104677	 62.787568	 62.508004	 62.262569	 62.047994	 61.861183	  61.69922	 61.559385	 61.439159	 61.336222	 61.248454	 61.173931	 61.110917	 61.057856	 61.013362	 60.976207	 60.945308	 60.919719	 60.898614	 60.881281	 60.867104	 60.855556	 60.846189	 60.838622	 60.832534	 60.827657	 60.823766	 60.820674	 60.818227	 60.816299	 60.814786	 60.813603	 60.812682	 60.811969	 60.811418	 60.810994	  60.81067	 60.810422	 60.810234	 60.810092	 60.809985	 60.809905	 60.809845	   60.8098	 60.809767	 60.809743	 60.809725	 60.809712	 60.809702	 60.809695	  60.80969	 60.809687	 60.809684	 60.809682	 60.809681	  60.80968	 60.809679	 60.809679	 60.809678	 60.809678	 60.809678	 60.809678	 60.809678	 60.809678	 60.809678	 60.809678	 60.809678	 60.809678	 60.809678	 60.809678	 60.809678	 60.809678	 60.809678	 60.809678	 60.809678	 60.809678	 60.809678	 60.809678	 60.809678	 60.809678	 60.809678	 60.809678	 60.809678	 60.809678	 60.809678	 60.809678	 60.809678	 60.809678	 60.809678	 60.809678	 60.809678	 60.809678	 60.809678	 60.809678	 60.809678	 60.809678	 60.809678	 60.809678	 60.809678	 60.809678	 60.809678	 60.809678	 60.809678	 60.809678	 60.809678	 60.809678	 60.809678	 60.809678	 60.809678	 60.809678	 60.809678	 60.809678	 60.809678	 60.809678	 60.809678	 60.809678	 60.809678	 60.809678	 60.809678	 60.809678	 60.809678	 60.809678	 60.809678	 60.809678	 60.809678	 60.809678	 60.809678	 60.809678	 60.809678	 60.809678	 60.809678	 60.809678	 60.809678	 60.809678	 60.809678	 60.809678	 60.809678	 60.809678	 60.809678	 60.809678	 60.809678	 60.809678	 60.809678	 60.809678	 60.809678	 60.809678	 60.809678	 60.809678	 60.809678	 60.809678	 60.809678	 60.809678	 60.809678	 60.809678	 60.809678	 60.809678	 60.809678	 60.809678	 60.809678	 60.809678	 60.809678	 60.809678	 60.809678	 60.809678	 60.809678	 60.809678	 60.809678	 60.809678	 60.809678	 60.809678	 60.809678	
        99	 96.857308	 94.723615	 92.607809	  90.51855	  88.46417	  86.45257	  84.49113	 82.586631	 80.745184	 78.972175	 77.272227	 75.649169	 74.106028	 72.645023	 71.267586	 69.974383	 68.765354	  67.63976	 66.596235	 65.632848	 64.747172	 63.936349	  63.19716	 62.526097	 61.919432	 61.373277	 60.883655	 60.446548	 60.057954	 59.713932	 59.410642	 59.144376	 58.911591	 58.708925	 58.533216	 58.381515	 58.251085	 58.139412	 58.044195	 57.963348	 57.894987	 57.837423	 57.789153	 57.748845	 57.715324	 57.687563	 57.664668	 57.645864	 57.630483	 57.617956	 57.607794	 57.599584	  57.59298	 57.587689	 57.583468	 57.580114	 57.577459	 57.575367	 57.573726	 57.572443	 57.571444	  57.57067	 57.570072	 57.569613	 57.569261	 57.568992	 57.568788	 57.568634	 57.568518	 57.568431	 57.568366	 57.568318	 57.568282	 57.568255	 57.568236	 57.568221	 57.568211	 57.568204	 57.568198	 57.568194	 57.568191	 57.568189	 57.568188	 57.568187	 57.568186	 57.568186	 57.568185	 57.568185	 57.568185	 57.568185	 57.568185	 57.568185	 57.568185	 57.568184	 57.568184	 57.568184	 57.568184	 57.568184	 57.568184	 57.568184	 57.568184	 57.568184	 57.568184	 57.568184	 57.568184	 57.568184	 57.568184	 57.568184	 57.568184	 57.568184	 57.568184	 57.568184	 57.568184	 57.568184	 57.568184	 57.568184	 57.568184	 57.568184	 57.568184	 57.568184	 57.568184	 57.568184	 57.568184	 57.568184	 57.568184	 57.568184	 57.568184	 57.568184	 57.568184	 57.568184	 57.568184	 57.568184	 57.568184	 57.568184	 57.568184	 57.568184	 57.568184	 57.568184	 57.568184	 57.568184	 57.568184	 57.568184	 57.568184	 57.568184	 57.568184	 57.568184	 57.568184	 57.568184	 57.568184	 57.568184	 57.568184	 57.568184	 57.568184	 57.568184	 57.568184	 57.568184	 57.568184	 57.568184	 57.568184	 57.568184	 57.568184	 57.568184	 57.568184	 57.568184	 57.568184	 57.568184	 57.568184	 57.568184	 57.568184	 57.568184	 57.568184	 57.568184	 57.568184	 57.568184	 57.568184	 57.568184	 57.568184	 57.568184	 57.568184	 57.568184	 57.568184	 57.568184	 57.568184	 57.568184	 57.568184	 57.568184	 57.568184	 57.568184	 57.568184	 57.568184	 57.568184	 57.568184	 57.568184	 57.568184	 57.568184	 57.568184	 57.568184	 57.568184	 57.568184	
        99	 96.697249	 94.404169	 92.130312	 89.884985	 87.677143	 85.515278	 83.407319	 81.360555	 79.381553	 77.476102	 75.649169	 73.904872	  72.24646	 70.676321	 69.195992	  67.80619	 66.506851	 65.297178	 64.175705	 63.140357	 62.188525	 61.317137	 60.522734	 59.801547	 59.149567	 58.562619	 58.036425	  57.56667	 57.149051	 56.779334	 56.453391	 56.167238	 55.917066	 55.699263	 55.510431	   55.3474	 55.207229	 55.087215	 54.984887	 54.898002	 54.824535	 54.762673	 54.710798	 54.667479	 54.631455	 54.601621	 54.577016	 54.556808	 54.540279	 54.526816	 54.515895	 54.507073	 54.499976	  54.49429	 54.489753	 54.486148	 54.483296	 54.481048	 54.479283	 54.477904	 54.476831	 54.475999	 54.475357	 54.474863	 54.474485	 54.474196	 54.473977	 54.473812	 54.473687	 54.473593	 54.473523	 54.473471	 54.473433	 54.473404	 54.473383	 54.473368	 54.473357	 54.473349	 54.473343	 54.473339	 54.473336	 54.473333	 54.473332	 54.473331	  54.47333	 54.473329	 54.473329	 54.473329	 54.473329	 54.473329	 54.473328	 54.473328	 54.473328	 54.473328	 54.473328	 54.473328	 54.473328	 54.473328	 54.473328	 54.473328	 54.473328	 54.473328	 54.473328	 54.473328	 54.473328	 54.473328	 54.473328	 54.473328	 54.473328	 54.473328	 54.473328	 54.473328	 54.473328	 54.473328	 54.473328	 54.473328	 54.473328	 54.473328	 54.473328	 54.473328	 54.473328	 54.473328	 54.473328	 54.473328	 54.473328	 54.473328	 54.473328	 54.473328	 54.473328	 54.473328	 54.473328	 54.473328	 54.473328	 54.473328	 54.473328	 54.473328	 54.473328	 54.473328	 54.473328	 54.473328	 54.473328	 54.473328	 54.473328	 54.473328	 54.473328	 54.473328	 54.473328	 54.473328	 54.473328	 54.473328	 54.473328	 54.473328	 54.473328	 54.473328	 54.473328	 54.473328	 54.473328	 54.473328	 54.473328	 54.473328	 54.473328	 54.473328	 54.473328	 54.473328	 54.473328	 54.473328	 54.473328	 54.473328	 54.473328	 54.473328	 54.473328	 54.473328	 54.473328	 54.473328	 54.473328	 54.473328	 54.473328	 54.473328	 54.473328	 54.473328	 54.473328	 54.473328	 54.473328	 54.473328	 54.473328	 54.473328	 54.473328	 54.473328	 54.473328	 54.473328	 54.473328	 54.473328	 54.473328	 54.473328	 54.473328	 54.473328	 54.473328	 54.473328	 54.473328	
        99	  96.54507	 94.100452	 91.676325	 89.282616	 86.928868	 84.624135	 82.376872	 80.194848	 78.085064	 76.053692	 74.106028	  72.24646	 70.478454	 68.804555	 67.226401	 65.744757	 64.359554	 63.069943	 61.874361	 60.770596	 59.755867	 58.826897	     57.98	 57.211157	 56.516095	 55.890362	 55.329399	 54.828603	  54.38339	 53.989243	 53.641763	 53.336703	 53.070001	 52.837807	 52.636499	 52.462695	 52.313263	  52.18532	 52.076232	 51.983606	 51.905286	 51.839336	 51.784034	 51.737854	 51.699449	 51.667645	 51.641414	 51.619871	  51.60225	 51.587898	 51.576255	  51.56685	 51.559284	 51.553223	 51.548386	 51.544543	 51.541503	 51.539106	 51.537225	 51.535755	 51.534611	 51.533724	 51.533039	 51.532513	  51.53211	 51.531802	 51.531569	 51.531392	 51.531259	  51.53116	 51.531085	 51.531029	 51.530988	 51.530958	 51.530936	 51.530919	 51.530907	 51.530899	 51.530893	 51.530888	 51.530885	 51.530883	 51.530881	  51.53088	 51.530879	 51.530878	 51.530878	 51.530878	 51.530877	 51.530877	 51.530877	 51.530877	 51.530877	 51.530877	 51.530877	 51.530877	 51.530877	 51.530877	 51.530877	 51.530877	 51.530877	 51.530877	 51.530877	 51.530877	 51.530877	 51.530877	 51.530877	 51.530877	 51.530877	 51.530877	 51.530877	 51.530877	 51.530877	 51.530877	 51.530877	 51.530877	 51.530877	 51.530877	 51.530877	 51.530877	 51.530877	 51.530877	 51.530877	 51.530877	 51.530877	 51.530877	 51.530877	 51.530877	 51.530877	 51.530877	 51.530877	 51.530877	 51.530877	 51.530877	 51.530877	 51.530877	 51.530877	 51.530877	 51.530877	 51.530877	 51.530877	 51.530877	 51.530877	 51.530877	 51.530877	 51.530877	 51.530877	 51.530877	 51.530877	 51.530877	 51.530877	 51.530877	 51.530877	 51.530877	 51.530877	 51.530877	 51.530877	 51.530877	 51.530877	 51.530877	 51.530877	 51.530877	 51.530877	 51.530877	 51.530877	 51.530877	 51.530877	 51.530877	 51.530877	 51.530877	 51.530877	 51.530877	 51.530877	 51.530877	 51.530877	 51.530877	 51.530877	 51.530877	 51.530877	 51.530877	 51.530877	 51.530877	 51.530877	 51.530877	 51.530877	 51.530877	 51.530877	 51.530877	 51.530877	 51.530877	 51.530877	 51.530877	 51.530877	 51.530877	 51.530877	 51.530877	 51.530877	 51.530877	 51.530877	
        99	 96.400992	   93.8129	 91.246503	 88.712308	  86.22042	 83.780424	 81.401272	 79.091187	 76.857582	 74.706992	 72.645023	 70.676321	 68.804555	 67.032419	 65.361648	 63.793051	 62.326555	 60.961262	 59.695516	 58.526977	 57.452698	 56.469212	 55.572617	 54.758656	 54.022805	 53.360353	 52.766472	 52.236289	  51.76495	 51.347675	 50.979805	 50.656844	 50.374493	 50.128675	 49.915555	 49.731553	 49.573353	 49.437903	 49.322414	 49.224354	 49.141438	  49.07162	 49.013073	 48.964183	 48.923526	 48.889855	 48.862086	 48.839279	 48.820625	  48.80543	 48.793105	 48.783148	 48.775138	 48.768721	 48.763601	 48.759533	 48.756314	 48.753777	 48.751786	 48.750229	 48.749018	 48.748079	 48.747354	 48.746797	  48.74637	 48.746045	 48.745797	  48.74561	  48.74547	 48.745364	 48.745285	 48.745226	 48.745183	 48.745151	 48.745127	  48.74511	 48.745097	 48.745088	 48.745081	 48.745077	 48.745073	 48.745071	 48.745069	 48.745068	 48.745067	 48.745066	 48.745066	 48.745065	 48.745065	 48.745065	 48.745065	 48.745065	 48.745065	 48.745065	 48.745065	 48.745065	 48.745065	 48.745065	 48.745065	 48.745065	 48.745065	 48.745065	 48.745065	 48.745065	 48.745065	 48.745065	 48.745065	 48.745065	 48.745065	 48.745065	 48.745065	 48.745065	 48.745065	 48.745065	 48.745065	 48.745065	 48.745065	 48.745065	 48.745065	 48.745065	 48.745065	 48.745065	 48.745065	 48.745065	 48.745065	 48.745065	 48.745065	 48.745065	 48.745065	 48.745065	 48.745065	 48.745065	 48.745065	 48.745065	 48.745065	 48.745065	 48.745065	 48.745065	 48.745065	 48.745065	 48.745065	 48.745065	 48.745065	 48.745065	 48.745065	 48.745065	 48.745065	 48.745065	 48.745065	 48.745065	 48.745065	 48.745065	 48.745065	 48.745065	 48.745065	 48.745065	 48.745065	 48.745065	 48.745065	 48.745065	 48.745065	 48.745065	 48.745065	 48.745065	 48.745065	 48.745065	 48.745065	 48.745065	 48.745065	 48.745065	 48.745065	 48.745065	 48.745065	 48.745065	 48.745065	 48.745065	 48.745065	 48.745065	 48.745065	 48.745065	 48.745065	 48.745065	 48.745065	 48.745065	 48.745065	 48.745065	 48.745065	 48.745065	 48.745065	 48.745065	 48.745065	 48.745065	 48.745065	 48.745065	 48.745065	 48.745065	 48.745065	 48.745065	 48.745065	
        99	 96.265154	 93.541795	 90.841265	  88.17462	 85.552494	 82.984971	 80.481473	 78.050653	  75.70031	 73.437322	 71.267586	 69.195992	 67.226401	 65.361648	 63.603558	 61.952982	 60.409844	 58.973199	 57.641304	 56.411695	 55.281274	 54.246392	 53.302941	 52.446443	 51.672139	 50.975068	 50.350152	 49.792264	 49.296295	 48.857215	 48.470122	 48.130286	 47.833181	 47.574518	 47.350262	 47.156647	 46.990181	 46.847654	 46.726131	 46.622947	 46.535699	 46.462233	 46.400628	 46.349184	 46.306402	 46.270973	 46.241753	 46.217754	 46.198126	 46.182137	 46.169168	 46.158692	 46.150263	 46.143511	 46.138123	 46.133843	 46.130455	 46.127786	 46.125691	 46.124053	 46.122779	 46.121791	 46.121028	 46.120441	 46.119992	  46.11965	  46.11939	 46.119193	 46.119045	 46.118934	 46.118851	 46.118789	 46.118743	 46.118709	 46.118684	 46.118666	 46.118653	 46.118643	 46.118636	 46.118631	 46.118628	 46.118625	 46.118623	 46.118622	 46.118621	  46.11862	  46.11862	  46.11862	  46.11862	 46.118619	 46.118619	 46.118619	 46.118619	 46.118619	 46.118619	 46.118619	 46.118619	 46.118619	 46.118619	 46.118619	 46.118619	 46.118619	 46.118619	 46.118619	 46.118619	 46.118619	 46.118619	 46.118619	 46.118619	 46.118619	 46.118619	 46.118619	 46.118619	 46.118619	 46.118619	 46.118619	 46.118619	 46.118619	 46.118619	 46.118619	 46.118619	 46.118619	 46.118619	 46.118619	 46.118619	 46.118619	 46.118619	 46.118619	 46.118619	 46.118619	 46.118619	 46.118619	 46.118619	 46.118619	 46.118619	 46.118619	 46.118619	 46.118619	 46.118619	 46.118619	 46.118619	 46.118619	 46.118619	 46.118619	 46.118619	 46.118619	 46.118619	 46.118619	 46.118619	 46.118619	 46.118619	 46.118619	 46.118619	 46.118619	 46.118619	 46.118619	 46.118619	 46.118619	 46.118619	 46.118619	 46.118619	 46.118619	 46.118619	 46.118619	 46.118619	 46.118619	 46.118619	 46.118619	 46.118619	 46.118619	 46.118619	 46.118619	 46.118619	 46.118619	 46.118619	 46.118619	 46.118619	 46.118619	 46.118619	 46.118619	 46.118619	 46.118619	 46.118619	 46.118619	 46.118619	 46.118619	 46.118619	 46.118619	 46.118619	 46.118619	 46.118619	 46.118619	 46.118619	 46.118619	 46.118619	 46.118619	 46.118619	 46.118619	 46.118619	
        99	 96.137623	 93.287268	 90.460808	 87.669812	 84.925412	 82.238162	 79.617923	  77.07375	 74.613809	 72.245295	 69.974383	  67.80619	 65.744757	 63.793051	 61.952982	 60.225441	 58.610349	 57.106716	 55.712717	 54.425776	 53.242646	 52.159511	 51.172071	 50.275639	 49.465233	 48.735662	  48.08161	 47.497711	 46.978619	 46.519069	  46.11393	  45.75825	 45.447294	 45.176573	 44.941863	 44.739221	 44.564995	 44.415825	 44.288637	 44.180643	 44.089329	 44.012438	 43.947962	  43.89412	 43.849344	 43.812263	 43.781682	 43.756565	 43.736021	 43.719288	 43.705714	  43.69475	 43.685929	 43.678861	 43.673223	 43.668743	 43.665197	 43.662404	 43.660211	 43.658497	 43.657163	 43.656129	 43.655331	 43.654717	 43.654247	 43.653889	 43.653617	 43.653411	 43.653256	 43.653139	 43.653052	 43.652988	  43.65294	 43.652904	 43.652878	 43.652859	 43.652845	 43.652835	 43.652828	 43.652823	 43.652819	 43.652816	 43.652814	 43.652813	 43.652812	 43.652811	 43.652811	 43.652811	  43.65281	  43.65281	  43.65281	  43.65281	  43.65281	  43.65281	  43.65281	  43.65281	  43.65281	  43.65281	  43.65281	  43.65281	  43.65281	  43.65281	  43.65281	  43.65281	  43.65281	  43.65281	  43.65281	  43.65281	  43.65281	  43.65281	  43.65281	  43.65281	  43.65281	  43.65281	  43.65281	  43.65281	  43.65281	  43.65281	  43.65281	  43.65281	  43.65281	  43.65281	  43.65281	  43.65281	  43.65281	  43.65281	  43.65281	  43.65281	  43.65281	  43.65281	  43.65281	  43.65281	  43.65281	  43.65281	  43.65281	  43.65281	  43.65281	  43.65281	  43.65281	  43.65281	  43.65281	  43.65281	  43.65281	  43.65281	  43.65281	  43.65281	  43.65281	  43.65281	  43.65281	  43.65281	  43.65281	  43.65281	  43.65281	  43.65281	  43.65281	  43.65281	  43.65281	  43.65281	  43.65281	  43.65281	  43.65281	  43.65281	  43.65281	  43.65281	  43.65281	  43.65281	  43.65281	  43.65281	  43.65281	  43.65281	  43.65281	  43.65281	  43.65281	  43.65281	  43.65281	  43.65281	  43.65281	  43.65281	  43.65281	  43.65281	  43.65281	  43.65281	  43.65281	  43.65281	  43.65281	  43.65281	  43.65281	  43.65281	  43.65281	  43.65281	  43.65281	  43.65281	  43.65281	  43.65281	  43.65281	  43.65281	  43.65281	  43.65281	  43.65281	
        99	 96.018392	 93.049308	 90.105114	 87.197862	 84.339146	 81.539962	 78.810579	 76.160433	 73.598026	 71.130856	 68.765354	 66.506851	 64.359554	 62.326555	 60.409844	 58.610349	 56.927986	 55.361726	 53.909667	 52.569125	 51.336719	 50.208473	 49.179907	 48.246141	 47.401984	 46.642029	 45.960739	 45.352524	 44.811814	 44.333127	 43.911116	 43.540625	 43.216721	 42.934727	 42.690243	 42.479164	 42.297684	 42.142302	 42.009818	 41.897328	 41.802212	  41.72212	  41.65496	 41.598876	 41.552237	 41.513612	 41.481757	 41.455595	 41.434196	 41.416766	 41.402628	 41.391207	 41.382018	 41.374657	 41.368784	 41.364117	 41.360424	 41.357514	  41.35523	 41.353445	 41.352056	 41.350979	 41.350147	 41.349508	 41.349019	 41.348645	 41.348362	 41.348147	 41.347986	 41.347865	 41.347774	 41.347707	 41.347657	  41.34762	 41.347593	 41.347573	 41.347558	 41.347548	  41.34754	 41.347535	 41.347531	 41.347528	 41.347526	 41.347525	 41.347524	 41.347523	 41.347523	 41.347522	 41.347522	 41.347522	 41.347522	 41.347522	 41.347522	 41.347522	 41.347522	 41.347521	 41.347521	 41.347521	 41.347521	 41.347521	 41.347521	 41.347521	 41.347521	 41.347521	 41.347521	 41.347521	 41.347521	 41.347521	 41.347521	 41.347521	 41.347521	 41.347521	 41.347521	 41.347521	 41.347521	 41.347521	 41.347521	 41.347521	 41.347521	 41.347521	 41.347521	 41.347521	 41.347521	 41.347521	 41.347521	 41.347521	 41.347521	 41.347521	 41.347521	 41.347521	 41.347521	 41.347521	 41.347521	 41.347521	 41.347521	 41.347521	 41.347521	 41.347521	 41.347521	 41.347521	 41.347521	 41.347521	 41.347521	 41.347521	 41.347521	 41.347521	 41.347521	 41.347521	 41.347521	 41.347521	 41.347521	 41.347521	 41.347521	 41.347521	 41.347521	 41.347521	 41.347521	 41.347521	 41.347521	 41.347521	 41.347521	 41.347521	 41.347521	 41.347521	 41.347521	 41.347521	 41.347521	 41.347521	 41.347521	 41.347521	 41.347521	 41.347521	 41.347521	 41.347521	 41.347521	 41.347521	 41.347521	 41.347521	 41.347521	 41.347521	 41.347521	 41.347521	 41.347521	 41.347521	 41.347521	 41.347521	 41.347521	 41.347521	 41.347521	 41.347521	 41.347521	 41.347521	 41.347521	 41.347521	 41.347521	 41.347521	 41.347521	 41.347521	 41.347521	
