Time step 39:
        99	        99	        99	        99	        99	        99	        99	        99	        99	        99	        99	        99	        99	        99	        99	        99	        99	        99	        99	        99	        99	        99	        99	        99	        99	        99	        99	        99	        99	        99	        99	        99	        99	        99	        99	        99	        99	        99	        99	        99	        99	        99	        99	        99	        99	        99	        99	        99	        99	        99	        99	        99	        99	        99	        99	        99	        99	        99	        99	        99	        99	        99	        99	        99	        99	        99	        99	        99	        99	        99	        99	        99	        99	        99	        99	        99	        99	        99	        99	        99	        99	        99	        99	        99	        99	        99	        99	        99	        99	        99	        99	        99	        99	        99	        99	        99	        99	        99	        99	        99	        99	        99	        99	        99	        99	        99	        99	        99	        99	        99	        99	        99	        99	        99	        99	        99	        99	        99	        99	        99	        99	        99	        99	        99	        99	        99	        99	        99	        99	        99	        99	        99	        99	        99	        99	        99	        99	        99	        99	        99	        99	        99	        99	        99	        99	        99	        99	        99	        99	        99	        99	        99	        99	        99	        99	        99	        99	        99	        99	        99	        99	        99	        99	        99	        99	        99	        99	        99	        99	        99	        99	        99	        99	        99	        99	        99	        99	        99	        99	        99	        99	        99	        99	        99	        99	        99	        99	        99	        99	        99	        99	        99	        99	        99	        99	        99	        99	        99	        99	        99	
        99	  98.98372	 98.967446	 98.951182	 98.934933	 98.918706	 98.902505	 98.886336	 98.870203	 98.854112	 98.838067	 98.822075	 98.806139	 98.790265	 98.774458	 98.758723	 98.743063	 98.727485	 98.711992	 98.696588	  98.68128	  98.66607	 98.650963	 98.635964	 98.621076	 98.606303	 98.591649	 98.577118	 98.562713	 98.548438	 98.534297	 98.520292	 98.506428	 98.492706	  98.47913	 98.465702	 98.452426	 98.439304	 98.426338	  98.41353	 98.400883	 98.388399	  98.37608	 98.363927	 98.351941	 98.340126	 98.328481	 98.317008	 98.305709	 98.294584	 98.283634	  98.27286	 98.262262	 98.251841	 98.241597	 98.231531	 98.221643	 98.211932	 98.202399	 98.193043	 98.183864	 98.174861	 98.166035	 98.157384	 98.148908	 98.140605	 98.132476	 98.124518	 98.116731	 98.109113	 98.101664	 98.094382	 98.087265	 98.080312	 98.073521	 98.066892	 98.060421	 98.054107	 98.047949	 98.041945	 98.036092	 98.030389	 98.024833	 98.019423	 98.014156	 98.009031	 98.004044	 97.999195	  97.99448	 97.989898	 97.985446	 97.981121	 97.976922	 97.972847	 97.968892	 97.965056	 97.961336	 97.957729	 97.954235	 97.950849	  97.94757	 97.944396	 97.941323	 97.938351	 97.935476	 97.932696	 97.930009	 97.927413	 97.924905	 97.922483	 97.920145	 97.917889	 97.915712	 97.913613	  97.91159	  97.90964	 97.907761	 97.905951	 97.904208	 97.902531	 97.900918	 97.899365	 97.897873	 97.896438	 97.895059	 97.893734	 97.892462	 97.891241	 97.890069	 97.888945	 97.887866	 97.886832	 97.885841	 97.884891	 97.883982	 97.883111	 97.882277	  97.88148	 97.880716	 97.879987	 97.879289	 97.878623	 97.877986	 97.877377	 97.876797	 97.876243	 97.875714	  97.87521	 97.874729	 97.874271	 97.873834	 97.873419	 97.873023	 97.872646	 97.872288	 97.871947	 97.871623	 97.871315	 97.871022	 97.870745	 97.870481	 97.870231	 97.869994	 97.869769	 97.869556	 97.869354	 97.869163	 97.868982	 97.868811	  97.86865	 97.868497	 97.868353	 97.868218	  97.86809	  97.86797	 97.867856	  97.86775	  97.86765	 97.867557	 97.867469	 97.867387	 97.867311	  97.86724	 97.867174	 97.867113	 97.867056	 97.867004	 97.866957	 97.866913	 97.866874	 97.866839	 97.866807	  97.86678	 97.866755	 97.866735	 97.866718	 97.866704	 97.866694	 97.866688	 97.866684	
        99	 98.967446	 98.934902	 98.902379	 98.869888	 98.837439	 98.805042	 98.772709	 98.740448	 98.708271	 98.676187	 98.644208	 98.612341	 98.580599	  98.54899	 98.517523	 98.486209	 98.455057	 98.424076	 98.393275	 98.362663	 98.332248	  98.30204	 98.272046	 98.242274	 98.212733	 98.183429	 98.154372	 98.125567	 98.097023	 98.068745	  98.04074	 98.013015	 97.985576	 97.958428	 97.931578	  97.90503	 97.878789	 97.852861	  97.82725	 97.801961	 97.776997	 97.752361	 97.728059	 97.704093	 97.680465	  97.65718	 97.634238	 97.611643	 97.589396	   97.5675	 97.545955	 97.524762	 97.503924	  97.48344	 97.463311	 97.443537	 97.424119	 97.405055	 97.386346	 97.367991	  97.34999	  97.33234	 97.315041	 97.298091	 97.281488	 97.265232	 97.249319	 97.233747	 97.218515	 97.203619	 97.189056	 97.174825	 97.160922	 97.147343	 97.134085	 97.121146	 97.108521	 97.096207	   97.0842	 97.072496	 97.061091	 97.049982	 97.039163	 97.028631	 97.018382	 97.008411	 96.998714	 96.989286	 96.980123	  96.97122	 96.962572	 96.954176	 96.946026	 96.938118	 96.930446	 96.923008	 96.915796	 96.908808	 96.902038	 96.895481	 96.889133	 96.882989	 96.877045	 96.871296	 96.865737	 96.860364	 96.855172	 96.850157	 96.845314	 96.840639	 96.836128	 96.831776	 96.827579	 96.823532	 96.819632	 96.815875	 96.812256	 96.808772	 96.805418	 96.802191	 96.799087	 96.796102	 96.793233	 96.790475	 96.787827	 96.785283	 96.782841	 96.780497	 96.778249	 96.776092	 96.774024	 96.772043	 96.770144	 96.768325	 96.766583	 96.764916	 96.763321	 96.761795	 96.760336	 96.758941	 96.757608	 96.756335	 96.755118	 96.753957	 96.752849	 96.751792	 96.750784	 96.749822	 96.748906	 96.748033	 96.747202	  96.74641	 96.745657	  96.74494	 96.744259	 96.743611	 96.742995	  96.74241	 96.741855	 96.741328	 96.740827	 96.740353	 96.739903	 96.739477	 96.739074	 96.738692	  96.73833	 96.737989	 96.737666	 96.737361	 96.737073	 96.736802	 96.736546	 96.736305	 96.736079	 96.735866	 96.735667	  96.73548	 96.735305	 96.735141	 96.734988	 96.734846	 96.734714	 96.734592	 96.734479	 96.734375	  96.73428	 96.734194	 96.734115	 96.734044	 96.733981	 96.733926	 96.733878	 96.733837	 96.733803	 96.733776	 96.733756	 96.733742	 96.733735	
        99	 98.951182	 98.902379	 98.853608	 98.804885	 98.756224	 98.707642	 98.659155	 98.610777	 98.562524	 98.514412	 98.466455	 98.418669	 98.371068	 98.323667	  98.27648	 98.229522	 98.182806	 98.136347	 98.090158	 98.044252	 97.998643	 97.953342	 97.908363	 97.863717	 97.819417	 97.775475	   97.7319	 97.688705	 97.645899	 97.603494	 97.561498	 97.519922	 97.478774	 97.438063	 97.397799	 97.357987	 97.318637	 97.279756	  97.24135	 97.203426	  97.16599	 97.129047	 97.092603	 97.056663	 97.021232	 96.986313	  96.95191	 96.918026	 96.884665	 96.851829	  96.81952	  96.78774	 96.756491	 96.725773	 96.695588	 96.665935	 96.636816	 96.608228	 96.580172	 96.552647	 96.525652	 96.499184	 96.473243	 96.447825	 96.422928	 96.398549	 96.374686	 96.351335	 96.328493	 96.306155	 96.284317	 96.262976	 96.242126	 96.221764	 96.201883	 96.182479	 96.163547	  96.14508	 96.127075	 96.109524	 96.092421	 96.075761	 96.059538	 96.043745	 96.028375	 96.013422	  95.99888	 95.984742	 95.971001	  95.95765	 95.944683	 95.932092	  95.91987	 95.908011	 95.896507	 95.885351	 95.874537	 95.864058	 95.853905	 95.844073	 95.834554	 95.825341	 95.816427	 95.807805	 95.799469	 95.791412	 95.783626	 95.776105	 95.768843	 95.761833	 95.755067	 95.748541	 95.742247	 95.736179	  95.73033	 95.724696	 95.719269	 95.714044	 95.709015	 95.704175	  95.69952	 95.695044	 95.690742	 95.686607	 95.682635	  95.67882	 95.675158	 95.671644	 95.668272	 95.665038	 95.661937	 95.658965	 95.656118	  95.65339	 95.650779	 95.648279	 95.645887	 95.643598	  95.64141	 95.639318	 95.637319	 95.635409	 95.633586	 95.631844	 95.630183	 95.628597	 95.627085	 95.625644	  95.62427	 95.622961	 95.621714	 95.620527	 95.619398	 95.618323	 95.617301	 95.616329	 95.615406	 95.614529	 95.613696	 95.612905	 95.612155	 95.611444	 95.610769	  95.61013	 95.609525	 95.608952	  95.60841	 95.607898	 95.607414	 95.606957	 95.606525	 95.606118	 95.605735	 95.605374	 95.605034	 95.604716	 95.604416	 95.604136	 95.603873	 95.603628	 95.603399	 95.603186	 95.602988	 95.602804	 95.602635	  95.60248	 95.602337	 95.602207	 95.602089	 95.601983	 95.601889	 95.601806	 95.601733	 95.601672	 95.601621	  95.60158	  95.60155	  95.60153	  95.60152	
        99	 98.934933	 98.869888	 98.804885	 98.739944	 98.675088	 98.610337	 98.545711	 98.481232	 98.416919	 98.352794	 98.288875	 98.225184	  98.16174	 98.098563	 98.035671	 97.973084	  97.91082	 97.848898	 97.787335	 97.726151	 97.665361	 97.604983	 97.545033	 97.485528	 97.426484	 97.367916	 97.309838	 97.252266	 97.195214	 97.138694	 97.082721	 97.027307	 96.972464	 96.918204	 96.864538	 96.811476	 96.759029	 96.707207	 96.656018	 96.605472	 96.555576	 96.506337	 96.457764	 96.409862	 96.362638	 96.316097	 96.270243	 96.225082	 96.180618	 96.136853	 96.093791	 96.051434	 96.009784	 95.968842	 95.928611	 95.889089	 95.850277	 95.812174	 95.774781	 95.738095	 95.702114	 95.666838	 95.632262	 95.598384	 95.565201	 95.532708	 95.500903	  95.46978	 95.439335	 95.409562	 95.380456	 95.352012	 95.324223	 95.297083	 95.270585	 95.244723	  95.21949	 95.194877	 95.170879	 95.147486	 95.124691	 95.102487	 95.080864	 95.059814	 95.039329	 95.019399	 95.000017	 94.981174	 94.962859	 94.945065	 94.927781	 94.910999	  94.89471	 94.878904	 94.863571	 94.848703	 94.834289	 94.820322	  94.80679	 94.793685	 94.780998	 94.768718	 94.756838	 94.745347	 94.734236	 94.723497	  94.71312	 94.703096	 94.693417	 94.684073	 94.675056	 94.666357	 94.657968	 94.649881	 94.642086	 94.634576	 94.627343	 94.620379	 94.613676	 94.607226	 94.601022	 94.595056	 94.589321	  94.58381	 94.578516	 94.573432	 94.568551	 94.563866	 94.559372	 94.555062	 94.550929	 94.546968	 94.543173	 94.539538	 94.536057	 94.532725	 94.529537	 94.526487	  94.52357	 94.520782	 94.518118	 94.515572	 94.513142	 94.510821	 94.508606	 94.506493	 94.504478	 94.502556	 94.500725	 94.498981	 94.497319	 94.495737	 94.494231	 94.492799	 94.491437	 94.490142	 94.488911	 94.487742	 94.486632	 94.485578	 94.484578	  94.48363	 94.482731	  94.48188	 94.481073	  94.48031	 94.479587	 94.478904	 94.478259	  94.47765	 94.477075	 94.476532	 94.476021	  94.47554	 94.475088	 94.474663	 94.474264	  94.47389	  94.47354	 94.473213	 94.472908	 94.472624	  94.47236	 94.472116	  94.47189	 94.471683	 94.471492	 94.471319	 94.471162	 94.471021	 94.470895	 94.470784	 94.470688	 94.470606	 94.470538	 94.470484	 94.470444	 94.470417	 94.470403	
        99	 98.918706	 98.837439	 98.756224	 98.675088	 98.594057	 98.513157	 98.432414	 98.351854	 98.271503	 98.191385	 98.111526	  98.03195	 97.952684	  97.87375	 97.795173	 97.716977	 97.639185	  97.56182	 97.484905	 97.408461	  97.33251	 97.257074	 97.182173	 97.107829	 97.034059	 96.960884	 96.888323	 96.816392	 96.745111	 96.674497	 96.604564	  96.53533	  96.46681	 96.399017	 96.331967	 96.265672	 96.200145	 96.135399	 96.071444	 96.008292	 95.945952	 95.884434	 95.823747	 95.763899	 95.704897	 95.646748	 95.589459	 95.533036	 95.477482	 95.422802	 95.369001	  95.31608	 95.264043	 95.212891	 95.162626	 95.113247	 95.064756	 95.017151	 94.970432	 94.924596	 94.879643	 94.835568	 94.792369	 94.750042	 94.708584	 94.667988	 94.628251	 94.589366	 94.551328	  94.51413	 94.477765	 94.442227	 94.407508	 94.373599	 94.340493	 94.308181	 94.276654	 94.245904	  94.21592	 94.186694	 94.158214	 94.130472	 94.103456	 94.077156	 94.051562	 94.026663	 94.002447	 93.978904	 93.956022	 93.933789	 93.912196	 93.891229	 93.870877	 93.851128	 93.831972	 93.813396	 93.795388	 93.777936	  93.76103	 93.744657	 93.728805	 93.713464	  93.69862	 93.684263	 93.670382	 93.656964	 93.643999	 93.631476	 93.619382	 93.607708	 93.596443	 93.585575	 93.575093	 93.564989	  93.55525	 93.545867	  93.53683	 93.528129	 93.519754	 93.511696	 93.503944	 93.496491	 93.489326	  93.48244	 93.475826	 93.469474	 93.463376	 93.457523	 93.451908	 93.446523	  93.44136	 93.436411	 93.431669	 93.427127	 93.422778	 93.418615	 93.414632	 93.410821	 93.407177	 93.403694	 93.400365	 93.397185	 93.394148	 93.391248	 93.388481	 93.385841	 93.383323	 93.380923	 93.378635	 93.376455	 93.374379	 93.372402	 93.370521	 93.368732	  93.36703	 93.365412	 93.363874	 93.362413	 93.361026	  93.35971	 93.358461	 93.357276	 93.356153	 93.355089	 93.354081	 93.353128	 93.352225	 93.351372	 93.350566	 93.349804	 93.349086	 93.348408	  93.34777	 93.347169	 93.346604	 93.346072	 93.345574	 93.345107	 93.344669	 93.344261	  93.34388	 93.343525	 93.343195	  93.34289	 93.342608	 93.342349	 93.342111	 93.341895	 93.341699	 93.341522	 93.341365	 93.341227	 93.341106	 93.341004	 93.340919	 93.340852	 93.340801	 93.340768	 93.340751	
        99	 98.902505	 98.805042	 98.707642	 98.610337	 98.513157	 98.416135	 98.319301	 98.222686	 98.126321	 98.030236	 97.934462	 97.839029	 97.743965	 97.649301	 97.555065	 97.461285	  97.36799	 97.275207	 97.182963	 97.091284	 97.000198	 96.909728	 96.819901	  96.73074	 96.642269	 96.554511	 96.467489	 96.381224	 96.295737	  96.21105	  96.12718	 96.044149	 95.961973	  95.88067	 95.800258	 95.720751	 95.642166	 95.564516	 95.487816	 95.412077	 95.337314	 95.263536	 95.190755	 95.118979	 95.048219	 94.978483	 94.909777	 94.842108	 94.775483	 94.709907	 94.645383	 94.581916	 94.519508	 94.458162	 94.397879	  94.33866	 94.280505	 94.223413	 94.167384	 94.112414	 94.058501	 94.005643	 93.953835	 93.903073	 93.853352	 93.804666	  93.75701	 93.710375	 93.664757	 93.620146	 93.576534	 93.533914	 93.492275	 93.451609	 93.411905	 93.373154	 93.335344	 93.298465	 93.262506	 93.227455	   93.1933	 93.160029	 93.127629	 93.096088	 93.065394	 93.035532	  93.00649	 92.978255	 92.950813	  92.92415	 92.898253	 92.873107	 92.848699	 92.825015	 92.802041	 92.779763	 92.758166	 92.737237	 92.716962	 92.697326	 92.678315	 92.659916	 92.642114	 92.624896	 92.608248	 92.592157	 92.576608	 92.561589	 92.547085	 92.533085	 92.519574	  92.50654	  92.49397	 92.481851	 92.470172	 92.458919	 92.448081	 92.437646	 92.427602	 92.417938	 92.408642	 92.399702	 92.391109	 92.382852	 92.374919	 92.367301	 92.359988	 92.352969	 92.346235	 92.339776	 92.333584	 92.327649	 92.321962	 92.316515	   92.3113	 92.306307	  92.30153	  92.29696	  92.29259	 92.288412	  92.28442	 92.280606	 92.276964	 92.273486	 92.270168	 92.267001	 92.263982	 92.261103	 92.258359	 92.255745	 92.253255	 92.250885	 92.248629	 92.246483	 92.244441	 92.242501	 92.240657	 92.238905	 92.237242	 92.235663	 92.234165	 92.232744	 92.231397	 92.230121	 92.228913	 92.227769	 92.226686	 92.225663	 92.224696	 92.223783	 92.222921	 92.222109	 92.221343	 92.220622	 92.219944	 92.219307	  92.21871	 92.218149	 92.217625	 92.217135	 92.216678	 92.216252	 92.215857	 92.215491	 92.215153	 92.214842	 92.214557	 92.214298	 92.214062	 92.213851	 92.213662	 92.213496	 92.213352	 92.213229	 92.213127	 92.213046	 92.212986	 92.212945	 92.212925	
        99	 98.886336	 98.772709	 98.659155	 98.545711	 98.432414	 98.319301	 98.206407	 98.093768	 97.981421	 97.869401	 97.757743	 97.646482	 97.535652	 97.425288	 97.315422	 97.206089	 97.097321	  96.98915	 96.881607	 96.774724	  96.66853	 96.563057	 96.458331	 96.354383	 96.251239	 96.148926	 96.047471	   95.9469	 95.847235	 95.748502	 95.650723	 95.553921	 95.458116	 95.363329	  95.26958	 95.176887	 95.085268	 94.994741	 94.905319	  94.81702	 94.729857	 94.643843	 94.558991	 94.475312	 94.392816	 94.311514	 94.231413	 94.152521	 94.074847	 93.998394	 93.923169	 93.849176	 93.776418	 93.704898	 93.634617	 93.565577	 93.497777	 93.431216	 93.365894	 93.301807	 93.238953	 93.177329	 93.116928	 93.057747	  92.99978	  92.94302	 92.887459	 92.833091	 92.779906	 92.727896	 92.677052	 92.627363	 92.578818	 92.531407	 92.485119	 92.439941	 92.395861	 92.352866	 92.310943	 92.270078	 92.230258	 92.191469	 92.153696	 92.116924	 92.081139	 92.046325	 92.012466	 91.979548	 91.947555	  91.91647	 91.886277	 91.856961	 91.828506	 91.800894	 91.774109	 91.748136	 91.722958	 91.698558	 91.674919	 91.652027	 91.629863	 91.608412	 91.587658	 91.567585	 91.548176	 91.529416	 91.511288	 91.493778	 91.476869	 91.460546	 91.444795	 91.429599	 91.414944	 91.400816	 91.387199	 91.374081	 91.361445	 91.349279	  91.33757	 91.326302	 91.315464	 91.305043	 91.295024	 91.285397	 91.276149	 91.267268	 91.258741	 91.250558	 91.242708	 91.235178	 91.227959	 91.221039	 91.214409	 91.208059	 91.201978	 91.196158	 91.190588	  91.18526	 91.180165	 91.175295	  91.17064	 91.166194	 91.161947	 91.157893	 91.154024	 91.150333	 91.146813	 91.143456	 91.140257	  91.13721	 91.134307	 91.131544	 91.128914	 91.126411	 91.124032	 91.121769	 91.119619	 91.117577	 91.115638	 91.113797	  91.11205	 91.110394	 91.108824	 91.107336	 91.105927	 91.104594	 91.103332	 91.102139	 91.101012	 91.099947	 91.098943	 91.097995	 91.097103	 91.096262	 91.095472	 91.094729	 91.094032	 91.093379	 91.092767	 91.092196	 91.091663	 91.091167	 91.090706	  91.09028	 91.089886	 91.089523	 91.089191	 91.088888	 91.088614	 91.088367	 91.088148	 91.087954	 91.087786	 91.087643	 91.087524	 91.087429	 91.087359	 91.087312	 91.087289	
        99	 98.870203	 98.740448	 98.610777	 98.481232	 98.351854	 98.222686	 98.093768	 97.965143	  97.83685	  97.70893	 97.581423	  97.45437	  97.32781	 97.201781	 97.076322	 96.951471	 96.827265	  96.70374	 96.580933	  96.45888	 96.337614	  96.21717	  96.09758	 95.978878	 95.861094	  95.74426	 95.628405	 95.513558	 95.399748	 95.287001	 95.175344	 95.064802	 94.955399	 94.847159	 94.740104	 94.634255	 94.529632	 94.426255	 94.324142	  94.22331	 94.123775	 94.025553	 93.928658	 93.833101	 93.738897	 93.646054	 93.554584	 93.464496	 93.375796	 93.288492	 93.202591	 93.118095	 93.035011	 92.953339	 92.873083	 92.794243	  92.71682	 92.640812	 92.566218	 92.493036	 92.421261	 92.350889	 92.281916	 92.214335	  92.14814	 92.083324	 92.019877	 91.957792	 91.897059	 91.837667	 91.779606	 91.722864	 91.667429	 91.613289	 91.560431	  91.50884	 91.458504	 91.409406	 91.361533	 91.314868	 91.269397	 91.225102	 91.181967	 91.139976	 91.099112	 91.059356	 91.020692	 90.983102	 90.946568	 90.911071	 90.876593	 90.843116	 90.810621	  90.77909	 90.748504	 90.718845	 90.690093	 90.662229	 90.635236	 90.609094	 90.583784	 90.559289	 90.535589	 90.512667	 90.490503	  90.46908	  90.44838	 90.428384	 90.409075	 90.390436	 90.372448	 90.355096	 90.338361	 90.322228	 90.306678	 90.291698	 90.277269	 90.263376	 90.250004	 90.237138	 90.224762	 90.212861	 90.201421	 90.190427	 90.179866	 90.169724	 90.159988	 90.150643	 90.141678	  90.13308	 90.124836	 90.116934	 90.109364	 90.102112	 90.095168	 90.088521	 90.082161	 90.076077	 90.070259	 90.064697	 90.059382	 90.054305	 90.049455	 90.044826	 90.040408	 90.036193	 90.032172	  90.02834	 90.024687	 90.021207	 90.017892	 90.014736	 90.011733	 90.008875	 90.006158	 90.003575	 90.001119	 89.998787	 89.996573	 89.994471	 89.992476	 89.990585	 89.988792	 89.987093	 89.985484	 89.983961	  89.98252	 89.981158	 89.979871	 89.978655	 89.977508	 89.976426	 89.975407	 89.974447	 89.973544	 89.972696	 89.971901	 89.971155	 89.970456	 89.969804	 89.969195	 89.968629	 89.968103	 89.967615	 89.967165	 89.966752	 89.966372	 89.966027	 89.965713	 89.965432	 89.965181	  89.96496	 89.964768	 89.964604	 89.964469	 89.964361	  89.96428	 89.964227	   89.9642	
        99	 98.854112	 98.708271	 98.562524	 98.416919	 98.271503	 98.126321	 97.981421	  97.83685	 97.692652	 97.548874	  97.40556	 97.262756	 97.120506	 96.978853	  96.83784	 96.697511	 96.557907	 96.419069	 96.281038	 96.143853	 96.007553	 95.872177	 95.737762	 95.604344	 95.471959	  95.34064	 95.210423	 95.081338	 94.953419	 94.826694	 94.701195	 94.576949	 94.453983	 94.332324	 94.211997	 94.093026	 93.975433	  93.85924	 93.744468	 93.631135	 93.519261	 93.408862	 93.299954	 93.192552	 93.086669	 92.982316	 92.879507	  92.77825	 92.678554	 92.580427	 92.483876	 92.388905	  92.29552	 92.203724	 92.113519	 92.024905	 91.937883	 91.852453	 91.768611	 91.686356	 91.605683	 91.526587	 91.449063	 91.373105	 91.298703	 91.225851	 91.154539	 91.084757	 91.016495	  90.94974	 90.884481	 90.820705	 90.758398	 90.697546	 90.638135	 90.580148	 90.523571	 90.468387	 90.414579	 90.362129	  90.31102	 90.261234	 90.212752	 90.165556	 90.119625	 90.074941	 90.031484	 89.989234	  89.94817	 89.908272	  89.86952	 89.831893	  89.79537	  89.75993	 89.725552	 89.692216	 89.659899	 89.628581	 89.598241	 89.568859	 89.540412	  89.51288	 89.486242	 89.460477	 89.435566	 89.411487	  89.38822	 89.365746	 89.344043	 89.323093	 89.302876	 89.283372	 89.264563	 89.246429	 89.228952	 89.212114	 89.195897	 89.180282	 89.165252	 89.150791	  89.13688	 89.123504	 89.110646	 89.098289	 89.086419	  89.07502	 89.064076	 89.053573	 89.043497	 89.033832	 89.024567	 89.015685	 89.007176	 88.999025	 88.991221	  88.98375	 88.976601	 88.969763	 88.963224	 88.956972	 88.950998	 88.945291	 88.939841	 88.934638	 88.929672	 88.924934	 88.920415	 88.916108	 88.912002	  88.90809	 88.904365	 88.900818	 88.897442	  88.89423	 88.891176	 88.888272	 88.885513	 88.882891	 88.880402	  88.87804	 88.875798	 88.873672	 88.871657	 88.869747	 88.867939	 88.866227	 88.864608	 88.863077	  88.86163	 88.860263	 88.858974	 88.857758	 88.856612	 88.855534	 88.854519	 88.853566	 88.852672	 88.851833	 88.851048	 88.850315	 88.849631	 88.848994	 88.848403	 88.847855	 88.847349	 88.846884	 88.846458	 88.846069	 88.845717	 88.845401	 88.845119	  88.84487	 88.844654	  88.84447	 88.844318	 88.844197	 88.844106	 88.844046	 88.844016	
        99	 98.838067	 98.676187	 98.514412	 98.352794	 98.191385	 98.030236	 97.869401	  97.70893	 97.548874	 97.389283	 97.230208	 97.071699	 96.913805	 96.756573	 96.600053	  96.44429	 96.289333	 96.135226	 95.982014	 95.829742	 95.678453	 95.528189	 95.378991	   95.2309	 95.083955	 94.938195	 94.793656	 94.650376	 94.508388	 94.367727	 94.228425	 94.090515	 93.954026	 93.818987	 93.685427	 93.553371	 93.422846	 93.293874	  93.16648	 93.040684	 92.916506	 92.793966	 92.673081	 92.553866	 92.436338	  92.32051	 92.206393	    92.094	  91.98334	 91.874422	 91.767252	 91.661837	 91.558182	  91.45629	 91.356164	 91.257805	 91.161213	 91.066387	 90.973325	 90.882023	 90.792478	 90.704684	 90.618634	 90.534321	 90.451738	 90.370874	 90.291719	 90.214263	 90.138493	 90.064397	 89.991961	  89.92117	 89.852011	 89.784467	 89.718522	 89.654158	 89.591359	 89.530106	  89.47038	 89.412162	 89.355432	 89.300171	 89.246357	  89.19397	 89.142988	  89.09339	 89.045153	 88.998257	 88.952677	 88.908391	 88.865377	 88.823612	 88.783072	 88.743735	 88.705576	 88.668573	 88.632703	 88.597941	 88.564264	  88.53165	 88.500074	 88.469515	 88.439947	 88.411349	 88.383698	 88.356971	 88.331146	 88.306199	  88.28211	 88.258856	 88.236415	 88.214767	 88.193889	 88.173761	 88.154362	 88.135672	 88.117671	 88.100339	 88.083656	 88.067604	 88.052164	 88.037316	 88.023044	 88.009329	 87.996153	   87.9835	 87.971353	 87.959695	  87.94851	 87.937783	 87.927498	 87.917641	 87.908195	 87.899148	 87.890485	 87.882193	 87.874258	 87.866668	 87.859409	 87.852471	 87.845839	 87.839505	 87.833455	 87.827679	 87.822167	 87.816908	 87.811893	 87.807111	 87.802554	 87.798212	 87.794077	  87.79014	 87.786393	 87.782828	 87.779438	 87.776215	 87.773152	 87.770242	 87.767479	 87.764857	 87.762369	 87.760009	 87.757772	 87.755653	 87.753645	 87.751745	 87.749948	 87.748248	 87.746642	 87.745126	 87.743694	 87.742345	 87.741073	 87.739876	  87.73875	 87.737692	 87.736699	 87.735768	 87.734897	 87.734083	 87.733324	 87.732617	 87.731961	 87.731353	 87.730791	 87.730275	 87.729802	 87.729371	  87.72898	 87.728628	 87.728315	 87.728039	   87.7278	 87.727596	 87.727427	 87.727292	 87.727192	 87.727125	 87.727092	
        99	 98.822075	 98.644208	 98.466455	 98.288875	 98.111526	 97.934462	 97.757743	 97.581423	  97.40556	 97.230208	 97.055423	  96.88126	 96.707771	 96.535012	 96.363033	 96.191888	 96.021627	   95.8523	 95.683957	 95.516647	 95.350416	 95.185312	 95.021379	 94.858663	 94.697206	  94.53705	 94.378237	 94.220806	 94.064795	 93.910243	 93.757184	 93.605653	 93.455685	  93.30731	 93.160559	 93.015461	 92.872045	 92.730336	  92.59036	 92.452141	 92.315699	 92.181057	 92.048233	 91.917245	  91.78811	 91.660842	 91.535456	 91.411962	 91.290374	 91.170698	 91.052944	 90.937119	 90.823227	 90.711272	 90.601257	 90.493184	 90.387053	 90.282862	 90.180609	  90.08029	 89.981902	 89.885437	 89.790889	 89.698249	  89.60751	  89.51866	 89.431688	 89.346582	 89.263329	 89.181915	 89.102325	 89.024544	 88.948554	 88.874339	 88.801881	 88.731161	  88.66216	 88.594857	 88.529233	 88.465265	 88.402933	 88.342214	 88.283086	 88.225525	 88.169508	 88.115011	 88.062011	 88.010483	 87.960401	 87.911742	  87.86448	  87.81859	 87.774047	 87.730824	 87.688897	  87.64824	 87.608827	 87.570632	 87.533629	 87.497794	   87.4631	 87.429522	 87.397034	 87.365612	  87.33523	 87.305864	 87.277488	 87.250078	 87.223609	 87.198059	 87.173402	 87.149615	 87.126675	 87.104559	 87.083245	 87.062709	  87.04293	 87.023886	 87.005556	 86.987919	 86.970954	  86.95464	 86.938958	 86.923888	 86.909411	 86.895509	 86.882162	 86.869353	 86.857063	 86.845277	 86.833976	 86.823145	 86.812767	 86.802826	 86.793308	 86.784197	 86.775478	 86.767138	 86.759163	 86.751539	 86.744253	 86.737292	 86.730645	 86.724299	 86.718243	 86.712464	 86.706954	   86.7017	 86.696692	 86.691922	 86.687378	 86.683052	 86.678935	 86.675018	 86.671293	 86.667752	 86.664386	 86.661189	 86.658154	 86.655272	 86.652538	 86.649945	 86.647488	 86.645159	 86.642953	 86.640866	 86.638891	 86.637023	 86.635259	 86.633592	  86.63202	 86.630537	 86.629139	 86.627824	 86.626587	 86.625424	 86.624333	 86.623311	 86.622354	 86.621459	 86.620625	 86.619848	 86.619127	 86.618459	 86.617842	 86.617275	 86.616755	 86.616281	 86.615852	 86.615466	 86.615122	 86.614819	 86.614555	 86.614331	 86.614146	 86.613998	 86.613887	 86.613814	 86.613777	
        99	 98.806139	 98.612341	 98.418669	 98.225184	  98.03195	 97.839029	 97.646482	  97.45437	 97.262756	 97.071699	  96.88126	 96.691497	 96.502471	 96.314238	 96.126857	 95.940383	 95.754873	  95.57038	  95.38696	 95.204665	 95.023546	 94.843654	 94.665039	 94.487749	 94.311831	 94.137331	 93.964294	 93.792763	  93.62278	 93.454385	 93.287617	 93.122515	 92.959115	 92.797451	 92.637556	 92.479463	 92.323202	 92.168802	 92.016289	  91.86569	 91.717028	 91.570327	 91.425606	 91.282887	 91.142186	 91.003519	 90.866903	 90.732349	  90.59987	 90.469476	 90.341176	 90.214977	 90.090884	 89.968902	 89.849034	 89.731282	 89.615645	 89.502122	 89.390711	 89.281407	 89.174207	 89.069102	 88.966086	  88.86515	 88.766283	 88.669475	 88.574713	 88.481985	 88.391276	  88.30257	 88.215852	 88.131104	 88.048309	 87.967447	 87.888499	 87.811446	 87.736264	 87.662934	 87.591432	 87.521735	  87.45382	 87.387663	 87.323238	 87.260522	 87.199488	 87.140111	 87.082364	  87.02622	 86.971653	 86.918636	 86.867141	 86.817141	 86.768608	 86.721515	 86.675832	 86.631533	  86.58859	 86.546974	 86.506658	 86.467613	 86.429812	 86.393226	 86.357829	 86.323593	  86.29049	 86.258493	 86.227576	 86.197711	 86.168872	 86.141032	 86.114167	  86.08825	 86.063256	 86.039159	 86.015935	  85.99356	  85.97201	 85.951261	 85.931289	 85.912072	 85.893587	 85.875812	 85.858726	 85.842306	 85.826533	 85.811385	 85.796843	 85.782886	 85.769496	 85.756654	 85.744341	  85.73254	 85.721232	 85.710401	  85.70003	 85.690103	 85.680604	 85.671517	 85.662827	  85.65452	 85.646582	 85.638998	 85.631755	 85.624841	 85.618242	 85.611946	 85.605942	 85.600218	 85.594762	 85.589564	 85.584613	   85.5799	 85.575414	 85.571146	 85.567088	 85.563229	 85.559562	 85.556079	 85.552771	 85.549632	 85.546653	 85.543828	  85.54115	 85.538613	  85.53621	 85.533935	 85.531783	 85.529749	 85.527826	  85.52601	 85.524297	 85.522681	 85.521159	 85.519725	 85.518377	 85.517111	 85.515922	 85.514808	 85.513765	 85.512791	 85.511882	 85.511036	  85.51025	 85.509522	  85.50885	 85.508232	 85.507665	 85.507149	 85.506681	  85.50626	 85.505885	 85.505555	 85.505268	 85.505024	 85.504822	 85.504661	  85.50454	  85.50446	  85.50442	
        99	 98.790265	 98.580599	 98.371068	  98.16174	 97.952684	 97.743965	 97.535652	  97.32781	 97.120506	 96.913805	 96.707771	 96.502471	 96.297966	  96.09432	 95.891596	 95.689853	 95.489152	 95.289554	 95.091114	 94.893892	 94.697943	 94.503321	  94.31008	 94.118273	 93.927951	 93.739163	 93.551957	  93.36638	 93.182478	 93.000294	 92.819872	 92.641251	  92.46447	 92.289569	 92.116582	 91.945544	 91.776487	 91.609444	 91.444443	 91.281513	 91.120678	 90.961964	 90.805394	 90.650988	 90.498766	 90.348745	 90.200942	 90.055371	 89.912044	 89.770973	 89.632168	 89.495635	 89.361381	 89.229411	 89.099728	 88.972333	 88.847228	 88.724409	 88.603876	 88.485622	 88.369644	 88.255933	 88.144481	  88.03528	 87.928318	 87.823583	 87.721062	 87.620741	 87.522604	 87.426635	 87.332816	 87.241129	 87.151554	 87.064071	 86.978659	 86.895296	 86.813958	 86.734623	 86.657266	 86.581863	 86.508387	 86.436812	 86.367113	 86.299261	  86.23323	  86.16899	 86.106515	 86.045774	 85.986739	 85.929381	 85.873669	 85.819575	 85.767068	 85.716118	 85.666695	 85.618769	  85.57231	 85.527286	 85.483668	 85.441426	  85.40053	 85.360949	 85.322653	 85.285614	   85.2498	 85.215183	 85.181734	 85.149424	 85.118223	 85.088105	  85.05904	    85.031	 85.003959	  84.97789	 84.952764	 84.928557	 84.905242	 84.882794	 84.861187	 84.840396	 84.820398	 84.801167	 84.782682	 84.764918	 84.747853	 84.731465	 84.715732	 84.700632	 84.686146	 84.672252	 84.658931	 84.646164	  84.63393	 84.622212	 84.610992	 84.600252	 84.589975	 84.580144	 84.570743	 84.561756	 84.553167	 84.544962	 84.537127	 84.529646	 84.522507	 84.515696	   84.5092	 84.503007	 84.497104	  84.49148	 84.486124	 84.481025	 84.476172	 84.471555	 84.467164	 84.462989	 84.459022	 84.455254	 84.451675	 84.448279	 84.445056	    84.442	 84.439102	 84.436357	 84.433757	 84.431297	 84.428969	 84.426767	 84.424687	 84.422723	 84.420869	 84.419121	 84.417474	 84.415923	 84.414465	 84.413095	 84.411809	 84.410603	 84.409475	 84.408421	 84.407437	 84.406522	 84.405672	 84.404884	 84.404157	 84.403488	 84.402876	 84.402317	 84.401811	 84.401356	  84.40095	 84.400593	 84.400282	 84.400018	 84.399799	 84.399625	 84.399495	 84.399408	 84.399365	
        99	 98.774458	  98.54899	 98.323667	 98.098563	  97.87375	 97.649301	 97.425288	 97.201781	 96.978853	 96.756573	 96.535012	 96.314238	  96.09432	 95.875326	 95.657323	 95.440375	 95.224548	 95.009906	 94.796511	 94.584425	 94.373707	 94.164417	 93.956613	  93.75035	 93.545683	 93.342666	 93.141351	 92.941788	 92.744026	 92.548111	  92.35409	 92.162007	 91.971903	  91.78382	 91.597795	 91.413866	 91.232069	 91.052436	 90.874999	 90.699789	 90.526833	 90.356157	 90.187786	 90.021743	 89.858049	 89.696721	 89.537779	 89.381236	 89.227107	 89.075404	 88.926137	 88.779314	 88.634941	 88.493025	 88.353568	 88.216573	 88.082038	 87.949963	 87.820345	 87.693179	 87.568459	 87.446178	 87.326327	 87.208896	 87.093872	 86.981244	 86.870996	 86.763114	 86.657581	 86.554378	 86.453489	 86.354891	 86.258565	 86.164489	  86.07264	 85.982994	 85.895526	 85.810212	 85.727025	 85.645938	 85.566924	 85.489956	 85.415003	 85.342037	 85.271029	 85.201948	 85.134764	 85.069445	 85.005961	  84.94428	  84.88437	 84.826198	 84.769734	 84.714944	 84.661797	 84.610259	 84.560297	  84.51188	 84.464975	  84.41955	 84.375571	 84.333007	 84.291825	 84.251994	 84.213481	 84.176255	 84.140285	  84.10554	 84.071988	 84.039599	 84.008343	 83.978191	 83.949112	 83.921077	 83.894058	 83.868027	 83.842955	 83.818814	 83.795579	 83.773221	 83.751716	 83.731036	 83.711157	 83.692055	 83.673703	  83.65608	 83.639161	 83.622924	 83.607346	 83.592405	  83.57808	  83.56435	 83.551195	 83.538594	 83.526528	 83.514978	 83.503927	 83.493355	 83.483245	  83.47358	 83.464345	 83.455521	 83.447095	 83.439051	 83.431374	 83.424049	 83.417064	 83.410404	 83.404056	 83.398009	 83.392249	 83.386766	 83.381547	 83.376582	 83.371859	  83.36737	 83.363104	 83.359052	 83.355204	 83.351551	 83.348085	 83.344799	 83.341683	 83.338731	 83.335935	 83.333289	 83.330786	 83.328418	 83.326182	 83.324069	 83.322076	 83.320196	 83.318425	 83.316757	 83.315189	 83.313715	 83.312332	 83.311036	 83.309823	 83.308689	 83.307632	 83.306647	 83.305733	 83.304886	 83.304104	 83.303385	 83.302726	 83.302125	 83.301581	 83.301092	 83.300655	 83.300271	 83.299937	 83.299653	 83.299418	 83.299231	 83.299091	 83.298998	 83.298951	
        99	 98.758723	 98.517523	  98.27648	 98.035671	 97.795173	 97.555065	 97.315422	 97.076322	  96.83784	 96.600053	 96.363033	 96.126857	 95.891596	 95.657323	 95.424109	 95.192026	 94.961141	 94.731523	  94.50324	 94.276357	 94.050938	 93.827046	 93.604743	 93.384089	 93.165144	 92.947963	 92.732602	 92.519116	 92.307556	 92.097973	 91.890415	 91.684931	 91.481564	 91.280358	 91.081355	 90.884594	 90.690112	 90.497947	  90.30813	 90.120696	 89.935673	 89.753089	 89.572972	 89.395344	 89.220229	 89.047646	 88.877614	  88.71015	 88.545268	  88.38298	 88.223299	 88.066232	 87.911787	  87.75997	 87.610783	 87.464229	 87.320308	 87.179019	 87.040358	  86.90432	 86.770898	 86.640086	 86.511873	 86.386249	   86.2632	 86.142713	 86.024774	 85.909365	 85.796469	 85.686067	 85.578138	 85.472661	 85.369615	 85.268975	 85.170718	 85.074817	 84.981247	 84.889981	  84.80099	 84.714246	 84.629719	 84.547381	 84.467199	 84.389142	  84.31318	 84.239279	 84.167408	 84.097532	 84.029619	 83.963634	 83.899544	 83.837314	  83.77691	 83.718298	 83.661442	 83.606308	 83.552862	 83.501067	 83.450889	 83.402294	 83.355247	 83.309713	 83.265658	 83.223048	 83.181848	 83.142025	 83.103546	 83.066376	 83.030483	 82.995835	 82.962399	 82.930142	 82.899035	 82.869044	  82.84014	 82.812293	 82.785471	 82.759647	  82.73479	 82.710873	 82.687866	 82.665744	 82.644478	 82.624043	 82.604411	 82.585559	 82.567459	 82.550089	 82.533424	 82.517441	 82.502117	 82.487429	 82.473355	 82.459875	 82.446968	 82.434612	 82.422789	  82.41148	 82.400665	 82.390326	 82.380446	 82.371007	 82.361993	 82.353388	 82.345175	 82.337339	 82.329866	 82.322742	 82.315951	 82.309482	  82.30332	 82.297454	 82.291871	  82.28656	 82.281508	 82.276706	 82.272142	 82.267807	  82.26369	 82.259783	 82.256075	 82.252559	 82.249227	 82.246069	 82.243078	 82.240247	 82.237569	 82.235036	 82.232643	 82.230384	 82.228251	  82.22624	 82.224345	 82.222562	 82.220884	 82.219307	 82.217828	 82.216441	 82.215143	 82.213931	 82.212799	 82.211746	 82.210768	 82.209862	 82.209026	 82.208256	 82.207551	 82.206909	 82.206327	 82.205803	 82.205336	 82.204925	 82.204568	 82.204265	 82.204013	 82.203812	 82.203663	 82.203563	 82.203513	
        99	 98.743063	 98.486209	 98.229522	 97.973084	 97.716977	 97.461285	 97.206089	 96.951471	 96.697511	  96.44429	 96.191888	 95.940383	 95.689853	 95.440375	 95.192026	 94.944879	 94.699009	 94.454489	  94.21139	 93.969781	 93.729732	 93.491309	 93.254578	 93.019604	 92.786448	 92.555171	 92.325833	 92.098491	   91.8732	 91.650015	 91.428987	 91.210166	   90.9936	 90.779335	 90.567416	 90.357885	 90.150781	 89.946143	 89.744008	 89.544408	 89.347377	 89.152943	 88.961135	 88.771979	 88.585498	 88.401715	 88.220647	 88.042314	 87.866731	 87.693911	 87.523866	 87.356605	 87.192136	 87.030465	 86.871596	 86.715531	 86.562269	  86.41181	 86.264149	 86.119282	 85.977201	 85.837899	 85.701364	 85.567587	 85.436552	 85.308245	 85.182651	 85.059752	 84.939529	 84.821961	 84.707028	 84.594706	 84.484971	   84.3778	 84.273165	  84.17104	 84.071397	 83.974207	 83.879441	 83.787067	 83.697054	 83.609372	 83.523986	 83.440864	 83.359971	 83.281274	 83.204738	 83.130327	 83.058006	 82.987739	 82.919489	  82.85322	 82.788896	  82.72648	 82.665934	 82.607222	 82.550306	  82.49515	 82.441716	 82.389967	 82.339866	 82.291377	 82.244463	 82.199087	 82.155213	 82.112806	 82.071829	 82.032247	 81.994024	 81.957127	 81.921521	 81.887171	 81.854044	 81.822107	 81.791328	 81.761673	  81.73311	  81.70561	  81.67914	  81.65367	 81.629171	 81.605613	 81.582967	 81.561205	   81.5403	 81.520223	 81.500949	 81.482452	 81.464705	 81.447684	 81.431365	 81.415724	 81.400737	 81.386383	 81.372637	  81.35948	  81.34689	 81.334846	 81.323329	  81.31232	 81.301798	 81.291747	 81.282148	 81.272984	 81.264238	 81.255894	 81.247936	 81.240349	 81.233118	 81.226228	 81.219667	  81.21342	 81.207475	 81.201819	 81.196439	 81.191325	 81.186465	 81.181849	 81.177465	 81.173304	 81.169356	 81.165612	 81.162062	 81.158699	 81.155515	   81.1525	 81.149648	 81.146951	 81.144403	 81.141997	 81.139726	 81.137584	 81.135566	 81.133667	  81.13188	 81.130201	 81.128626	 81.127149	 81.125767	 81.124476	 81.123271	 81.122149	 81.121108	 81.120143	 81.119253	 81.118433	 81.117682	 81.116998	 81.116378	 81.115821	 81.115324	 81.114886	 81.114506	 81.114182	 81.113914	 81.113701	 81.113541	 81.113435	 81.113382	
        99	 98.727485	 98.455057	 98.182806	  97.91082	 97.639185	  97.36799	 97.097321	 96.827265	 96.557907	 96.289333	 96.021627	 95.754873	 95.489152	 95.224548	 94.961141	 94.699009	 94.438232	 94.178886	 93.921047	  93.66479	 93.410186	 93.157307	 92.906223	 92.657001	 92.409708	 92.164409	 91.921166	  91.68004	 91.441089	 91.204372	 90.969942	 90.737853	 90.508157	 90.280901	 90.056133	 89.833897	 89.614236	 89.397191	   89.1828	 88.971098	  88.76212	 88.555898	  88.35246	 88.151835	 87.954048	 87.759121	 87.567075	 87.377929	   87.1917	 87.008401	 86.828046	 86.650644	 86.476203	  86.30473	 86.136228	   85.9707	 85.808146	 85.648564	  85.49195	 85.338299	 85.187604	 85.039856	 84.895043	 84.753154	 84.614175	 84.478089	  84.34488	 84.214529	 84.087016	  83.96232	 83.840418	 83.721286	 83.604898	 83.491228	 83.380249	 83.271933	 83.166248	 83.063165	 82.962653	 82.864678	 82.769208	 82.676209	 82.585646	 82.497484	 82.411687	 82.328218	 82.247042	 82.168119	 82.091413	 82.016885	 81.944497	 81.874211	 81.805987	 81.739786	 81.675569	 81.613297	 81.552931	  81.49443	 81.437756	 81.382869	 81.329731	 81.278302	 81.228543	 81.180416	 81.133883	 81.088904	 81.045442	  81.00346	  80.96292	 80.923786	 80.886021	 80.849588	 80.814453	  80.78058	 80.747934	 80.716481	 80.686187	 80.657019	 80.628944	  80.60193	 80.575945	 80.550959	  80.52694	 80.503858	 80.481685	 80.460392	 80.439949	  80.42033	 80.401508	 80.383455	 80.366146	 80.349557	 80.333661	 80.318436	 80.303857	 80.289902	 80.276549	 80.263775	  80.25156	 80.239883	 80.228723	 80.218062	 80.207881	 80.198162	 80.188885	 80.180035	 80.171595	 80.163548	 80.155879	 80.148572	 80.141612	 80.134987	 80.128681	 80.122682	 80.116976	 80.111552	 80.106398	 80.101501	 80.096851	 80.092438	 80.088251	 80.084279	 80.080515	 80.076948	  80.07357	 80.070373	 80.067348	 80.064488	 80.061785	 80.059233	 80.056824	 80.054553	 80.052413	 80.050398	 80.048503	 80.046722	 80.045051	 80.043485	 80.042019	 80.040649	 80.039372	 80.038182	 80.037078	 80.036054	  80.03511	 80.034241	 80.033444	 80.032719	 80.032061	  80.03147	 80.030943	 80.030478	 80.030075	 80.029732	 80.029447	 80.029221	 80.029052	 80.028939	 80.028883	
