Time step 68:
        99	        99	        99	        99	        99	        99	        99	        99	        99	        99	        99	        99	        99	        99	        99	        99	        99	        99	        99	        99	        99	        99	        99	        99	        99	        99	        99	        99	        99	        99	        99	        99	        99	        99	        99	        99	        99	        99	        99	        99	        99	        99	        99	        99	        99	        99	        99	        99	        99	        99	        99	        99	        99	        99	        99	        99	        99	        99	        99	        99	        99	        99	        99	        99	        99	        99	        99	        99	        99	        99	        99	        99	        99	        99	        99	        99	        99	        99	        99	        99	        99	        99	        99	        99	        99	        99	        99	        99	        99	        99	        99	        99	        99	        99	        99	        99	        99	        99	        99	        99	        99	        99	        99	        99	        99	        99	        99	        99	        99	        99	        99	        99	        99	        99	        99	        99	        99	        99	        99	        99	        99	        99	        99	        99	        99	        99	        99	        99	        99	        99	        99	        99	        99	        99	        99	        99	        99	        99	        99	        99	        99	        99	        99	        99	        99	        99	        99	        99	        99	        99	        99	        99	        99	        99	        99	        99	        99	        99	        99	        99	        99	        99	        99	        99	        99	        99	        99	        99	        99	        99	        99	        99	        99	        99	        99	        99	        99	        99	        99	        99	        99	        99	        99	        99	        99	        99	        99	        99	        99	        99	        99	        99	        99	        99	        99	        99	        99	        99	        99	        99	
        99	 98.990663	 98.981327	 98.971995	 98.962668	 98.953347	 98.944036	 98.934735	 98.925446	  98.91617	 98.906911	 98.897668	 98.888444	 98.879241	  98.87006	 98.860903	 98.851771	 98.842667	 98.833591	 98.824545	 98.815531	 98.806551	 98.797606	 98.788697	 98.779826	 98.770994	 98.762203	 98.753455	 98.744751	 98.736091	 98.727478	 98.718913	 98.710397	 98.701932	 98.693518	 98.685157	 98.676851	 98.668599	 98.660405	 98.652268	 98.644189	  98.63617	 98.628213	 98.620316	 98.612483	 98.604714	 98.597009	  98.58937	 98.581797	 98.574291	 98.566853	 98.559484	 98.552185	 98.544955	 98.537797	 98.530709	 98.523694	 98.516752	 98.509882	 98.503086	 98.496365	 98.489717	 98.483145	 98.476648	 98.470226	  98.46388	 98.457611	 98.451417	 98.445301	 98.439261	 98.433298	 98.427412	 98.421603	 98.415872	 98.410217	  98.40464	  98.39914	 98.393717	 98.388371	 98.383102	  98.37791	 98.372794	 98.367755	 98.362792	 98.357905	 98.353093	 98.348357	 98.343696	  98.33911	 98.334599	 98.330161	 98.325797	 98.321506	 98.317288	 98.313142	 98.309069	 98.305066	 98.301134	 98.297273	 98.293482	 98.289759	 98.286106	  98.28252	 98.279002	  98.27555	 98.272165	 98.268846	 98.265591	 98.262401	 98.259274	  98.25621	 98.253209	 98.250269	 98.247389	  98.24457	 98.241811	  98.23911	 98.236467	 98.233881	 98.231351	 98.228878	 98.226459	 98.224095	 98.221784	 98.219526	  98.21732	 98.215165	 98.213061	 98.211006	 98.209001	 98.207043	 98.205133	  98.20327	 98.201453	 98.199681	 98.197954	 98.196271	 98.194631	 98.193033	 98.191476	 98.189961	 98.188486	  98.18705	 98.185653	 98.184295	 98.182973	 98.181689	 98.180441	 98.179228	  98.17805	 98.176907	 98.175796	 98.174719	 98.173674	 98.172661	 98.171679	 98.170728	 98.169807	 98.168915	 98.168052	 98.167217	  98.16641	 98.165631	 98.164878	 98.164151	 98.163451	 98.162776	 98.162125	 98.161499	 98.160897	 98.160319	 98.159764	 98.159232	 98.158722	 98.158234	 98.157768	 98.157324	   98.1569	 98.156497	 98.156114	 98.155752	 98.155409	 98.155086	 98.154783	 98.154498	 98.154232	 98.153985	 98.153756	 98.153546	 98.153354	  98.15318	 98.153023	 98.152885	 98.152763	  98.15266	 98.152573	 98.152505	 98.152453	 98.152418	 98.152401	
        99	 98.981327	 98.962657	 98.943994	 98.925342	 98.906703	 98.888082	 98.869482	 98.850905	 98.832357	 98.813839	 98.795355	  98.77691	 98.758505	 98.740145	 98.721832	  98.70357	 98.685363	 98.667213	 98.649123	 98.631097	 98.613138	 98.595249	 98.577433	 98.559692	 98.542031	 98.524451	 98.506956	 98.489549	 98.472231	 98.455007	 98.437879	 98.420848	 98.403919	 98.387093	 98.370373	 98.353761	  98.33726	 98.320872	   98.3046	 98.288444	 98.272408	 98.256494	 98.240703	 98.225038	 98.209501	 98.194093	 98.178815	 98.163671	 98.148661	 98.133787	  98.11905	 98.104452	 98.089995	 98.075679	 98.061506	 98.047477	 98.033593	 98.019856	 98.006265	 97.992823	 97.979529	 97.966386	 97.953392	  97.94055	  97.92786	 97.915322	 97.902937	 97.890704	 97.878626	 97.866701	  97.85493	 97.843314	 97.831851	 97.820544	  97.80939	 97.798391	 97.787546	 97.776855	 97.766318	 97.755935	 97.745704	 97.735627	 97.725702	 97.715928	 97.706307	 97.696836	 97.687515	 97.678343	 97.669321	 97.660446	 97.651719	 97.643138	 97.634703	 97.626412	 97.618265	 97.610261	 97.602399	 97.594677	 97.587094	  97.57965	 97.572344	 97.565173	 97.558137	 97.551235	 97.544466	 97.537827	 97.531319	 97.524939	 97.518686	 97.512559	 97.506556	 97.500676	 97.494919	 97.489281	 97.483762	 97.478361	 97.473075	 97.467904	 97.462846	 97.457899	 97.453062	 97.448334	 97.443713	 97.439197	 97.434785	 97.430476	 97.426267	 97.422159	 97.418148	 97.414234	 97.410414	 97.406689	 97.403055	 97.399512	 97.396057	 97.392691	 97.389411	 97.386215	 97.383103	 97.380072	 97.377122	 97.374251	 97.371458	 97.368741	 97.366099	  97.36353	 97.361034	 97.358609	 97.356253	 97.353966	 97.351746	 97.349592	 97.347502	 97.345476	 97.343513	  97.34161	 97.339768	 97.337984	 97.336258	 97.334589	 97.332975	 97.331416	 97.329911	 97.328458	 97.327057	 97.325706	 97.324406	 97.323154	 97.321951	 97.320794	 97.319684	  97.31862	   97.3176	 97.316625	 97.315693	 97.314803	 97.313956	  97.31315	 97.312385	  97.31166	 97.310975	 97.310329	 97.309722	 97.309153	 97.308621	 97.308127	  97.30767	 97.307249	 97.306865	 97.306517	 97.306204	 97.305926	 97.305684	 97.305477	 97.305304	 97.305166	 97.305063	 97.304994	  97.30496	
        99	 98.971995	 98.943994	 98.916004	  98.88803	 98.860077	 98.832149	 98.804253	 98.776393	 98.748574	 98.720801	  98.69308	 98.665416	 98.637813	 98.610277	 98.582812	 98.555424	 98.528117	 98.500896	 98.473766	 98.446731	 98.419797	 98.392967	 98.366247	 98.339641	 98.313152	 98.286787	 98.260549	 98.234441	  98.20847	 98.182637	 98.156948	 98.131407	 98.106017	 98.080782	 98.055706	 98.030792	 98.006044	 97.981466	 97.957061	 97.932831	 97.908781	 97.884914	 97.861231	 97.837737	 97.814435	 97.791326	 97.768414	   97.7457	 97.723189	 97.700881	  97.67878	 97.656886	 97.635204	 97.613733	 97.592477	 97.571437	 97.550614	 97.530011	 97.509628	 97.489468	 97.469531	 97.449818	 97.430331	 97.411071	 97.392039	 97.373234	 97.354659	 97.336314	 97.318199	 97.300314	 97.282661	 97.265239	 97.248048	 97.231089	 97.214362	 97.197865	 97.181601	 97.165567	 97.149764	 97.134191	 97.118848	 97.103734	 97.088848	 97.074191	  97.05976	 97.045556	 97.031577	 97.017822	  97.00429	  96.99098	 96.977892	 96.965022	 96.952371	 96.939937	 96.927719	 96.915714	 96.903922	 96.892341	 96.880969	 96.869805	 96.858847	 96.848093	 96.837541	 96.827189	 96.817036	  96.80708	 96.797319	  96.78775	 96.778372	 96.769183	 96.760181	 96.751363	 96.742727	 96.734272	 96.725995	 96.717894	 96.709967	 96.702211	 96.694625	 96.687206	 96.679952	 96.672861	  96.66593	 96.659157	 96.652541	 96.646078	 96.639766	 96.633604	 96.627589	 96.621718	  96.61599	 96.610403	 96.604953	 96.599639	 96.594458	 96.589409	  96.58449	 96.579697	 96.575029	 96.570484	  96.56606	 96.561754	 96.557565	  96.55349	 96.549527	 96.545675	 96.541931	 96.538294	 96.534761	 96.531331	 96.528001	 96.524771	 96.521637	 96.518599	 96.515653	   96.5128	 96.510037	 96.507361	 96.504773	 96.502269	 96.499849	 96.497511	 96.495254	 96.493075	 96.490974	 96.488948	 96.486998	  96.48512	 96.483315	 96.481581	 96.479916	  96.47832	 96.476791	 96.475328	  96.47393	 96.472596	 96.471326	 96.470117	  96.46897	 96.467882	 96.466855	 96.465886	 96.464975	 96.464122	 96.463325	 96.462583	 96.461898	 96.461267	  96.46069	 96.460168	 96.459699	 96.459283	 96.458919	 96.458608	  96.45835	 96.458143	 96.457988	 96.457885	 96.457833	
        99	 98.962668	 98.925342	  98.88803	 98.850739	 98.813476	 98.776247	  98.73906	 98.701921	 98.664838	 98.627816	 98.590863	 98.553985	 98.517189	 98.480482	  98.44387	  98.40736	 98.370959	 98.334672	 98.298506	 98.262468	 98.226563	 98.190798	 98.155179	 98.119711	 98.084402	 98.049255	 98.014278	 97.979476	 97.944855	 97.910419	 97.876175	 97.842127	 97.808281	 97.774641	 97.741214	 97.708003	 97.675013	 97.642249	 97.609715	 97.577417	 97.545357	  97.51354	 97.481971	 97.450652	 97.419589	 97.388784	  97.35824	 97.327963	 97.297954	 97.268217	 97.238754	  97.20957	 97.180665	 97.152044	 97.123709	 97.095661	 97.067904	 97.040439	 97.013268	 96.986393	 96.959816	 96.933538	 96.907562	 96.881887	 96.856516	 96.831449	 96.806688	 96.782232	 96.758084	 96.734243	 96.710711	 96.687486	  96.66457	 96.641963	 96.619664	 96.597674	 96.575992	 96.554619	 96.533552	 96.512793	  96.49234	 96.472192	 96.452349	  96.43281	 96.413574	 96.394639	 96.376004	 96.357668	  96.33963	 96.321887	 96.304439	 96.287284	  96.27042	 96.253845	 96.237557	 96.221554	 96.205835	 96.190397	 96.175238	 96.160355	 96.145747	 96.131411	 96.117345	 96.103546	 96.090012	  96.07674	 96.063728	 96.050972	 96.038471	 96.026222	 96.014221	 96.002466	 95.990955	 95.979683	  95.96865	 95.957851	 95.947283	 95.936945	 95.926832	 95.916942	 95.907273	  95.89782	  95.88858	 95.879552	 95.870732	 95.862117	 95.853703	 95.845489	  95.83747	 95.829645	 95.822009	  95.81456	 95.807295	 95.800211	 95.793306	 95.786575	 95.780017	 95.773628	 95.767406	 95.761347	 95.755449	 95.749709	 95.744125	 95.738693	  95.73341	 95.728275	 95.723285	 95.718436	 95.713727	 95.709154	 95.704716	 95.700409	 95.696232	 95.692181	 95.688255	 95.684452	 95.680768	 95.677202	 95.673751	 95.670414	 95.667188	 95.664071	 95.661061	 95.658157	 95.655356	 95.652656	 95.650056	 95.647553	 95.645147	 95.642835	 95.640616	 95.638488	  95.63645	   95.6345	 95.632636	 95.630858	 95.629164	 95.627553	 95.626023	 95.624574	 95.623205	 95.621913	 95.620699	 95.619561	 95.618498	 95.617511	 95.616596	 95.615756	 95.614987	  95.61429	 95.613665	  95.61311	 95.612626	 95.612212	 95.611867	 95.611591	 95.611385	 95.611247	 95.611178	
        99	 98.953347	 98.906703	 98.860077	 98.813476	  98.76691	 98.720387	 98.673916	 98.627505	 98.581164	 98.534899	  98.48872	 98.442636	 98.396654	 98.350783	 98.305031	 98.259407	 98.213918	 98.168572	 98.123377	 98.078342	 98.033473	 97.988779	 97.944267	 97.899945	 97.855821	   97.8119	 97.768191	   97.7247	 97.681436	 97.638403	 97.595609	 97.553062	 97.510766	 97.468728	 97.426955	 97.385453	 97.344227	 97.303284	 97.262628	 97.222266	 97.182202	 97.142442	 97.102991	 97.063854	 97.025036	  96.98654	 96.948372	 96.910535	 96.873034	 96.835873	 96.799056	 96.762585	 96.726465	 96.690698	 96.655289	 96.620239	 96.585552	  96.55123	 96.517276	 96.483692	  96.45048	 96.417642	  96.38518	 96.353096	  96.32139	 96.290066	 96.259123	 96.228562	 96.198385	 96.168593	 96.139185	 96.110162	 96.081525	 96.053274	 96.025409	 95.997929	 95.970834	 95.944124	 95.917799	 95.891856	 95.866297	  95.84112	 95.816323	 95.791906	 95.767867	 95.744205	 95.720918	 95.698004	 95.675463	 95.653291	 95.631487	 95.610049	 95.588974	 95.568261	 95.547907	  95.52791	 95.508266	 95.488974	  95.47003	 95.451432	 95.433177	 95.415262	 95.397684	 95.380441	 95.363528	 95.346942	 95.330681	 95.314741	 95.299119	 95.283812	 95.268815	 95.254126	  95.23974	 95.225655	 95.211867	 95.198372	 95.185167	 95.172247	  95.15961	 95.147251	 95.135167	 95.123354	 95.111808	 95.100526	 95.089504	 95.078738	 95.068224	 95.057959	 95.047938	 95.038159	 95.028617	 95.019308	  95.01023	 95.001377	 94.992748	 94.984337	 94.976141	 94.968157	 94.960382	  94.95281	  94.94544	 94.938267	 94.931289	   94.9245	   94.9179	 94.911483	 94.905246	 94.899187	 94.893302	 94.887588	 94.882041	 94.876659	 94.871439	 94.866377	 94.861471	 94.856718	 94.852115	 94.847658	 94.843346	 94.839176	 94.835144	 94.831249	 94.827488	 94.823859	 94.820358	 94.816985	 94.813735	 94.810608	 94.807601	 94.804712	 94.801939	  94.79928	 94.796732	 94.794295	 94.791967	 94.789745	 94.787628	 94.785615	 94.783703	 94.781892	 94.780181	 94.778567	 94.777049	 94.775627	   94.7743	 94.773065	 94.771923	 94.770872	 94.769912	 94.769041	 94.768259	 94.767566	 94.766961	 94.766443	 94.766012	 94.765668	  94.76541	 94.765238	 94.765152	
        99	 98.944036	 98.888082	 98.832149	 98.776247	 98.720387	 98.664579	 98.608832	 98.553158	 98.497567	 98.442069	 98.386673	 98.331391	 98.276231	 98.221205	 98.166321	  98.11159	 98.057022	 98.002625	  97.94841	 97.894386	 97.840562	 97.786948	 97.733552	 97.680384	 97.627452	 97.574765	 97.522332	 97.470161	 97.418261	 97.366639	 97.315304	 97.264264	 97.213527	 97.163099	 97.112988	 97.063202	 97.013748	 96.964633	 96.915863	 96.867444	 96.819384	 96.771689	 96.724364	 96.677415	 96.630849	  96.58467	 96.538883	 96.493495	 96.448509	 96.403931	 96.359765	 96.316015	 96.272686	 96.229781	 96.187304	 96.145258	 96.103648	 96.062476	 96.021745	 95.981457	 95.941616	 95.902224	 95.863283	 95.824795	 95.786762	 95.749185	 95.712066	 95.675406	 95.639206	 95.603467	 95.568189	 95.533374	 95.499022	 95.465132	 95.431704	  95.39874	 95.366237	 95.334196	 95.302616	 95.271496	 95.240836	 95.210633	 95.180887	 95.151596	 95.122759	 95.094374	 95.066439	 95.038953	 95.011912	 94.985315	 94.959159	 94.933442	 94.908161	 94.883314	 94.858897	 94.834908	 94.811344	 94.788201	 94.765477	 94.743167	 94.721268	 94.699778	 94.678692	 94.658006	 94.637717	 94.617822	 94.598315	 94.579194	 94.560454	 94.542091	 94.524101	 94.506479	 94.489223	 94.472327	 94.455786	 94.439598	 94.423757	 94.408259	 94.393099	 94.378273	 94.363777	 94.349607	 94.335757	 94.322223	 94.309001	 94.296086	 94.283473	 94.271159	 94.259139	 94.247407	 94.235961	 94.224795	 94.213904	 94.203285	 94.192933	 94.182843	 94.173012	 94.163434	 94.154107	 94.145024	 94.136183	 94.127578	 94.119207	 94.111064	 94.103145	 94.095448	 94.087967	 94.080698	 94.073638	 94.066784	  94.06013	 94.053674	 94.047412	  94.04134	 94.035455	 94.029753	  94.02423	 94.018884	 94.013712	 94.008709	 94.003873	 93.999201	 93.994689	 93.990335	 93.986136	 93.982089	 93.978191	  93.97444	 93.970832	 93.967367	  93.96404	  93.96085	 93.957794	 93.954871	 93.952078	 93.949412	 93.946873	 93.944458	 93.942165	 93.939992	 93.937939	 93.936003	 93.934183	 93.932477	 93.930884	 93.929403	 93.928033	 93.926772	  93.92562	 93.924576	 93.923638	 93.922807	 93.922081	  93.92146	 93.920943	  93.92053	  93.92022	 93.920014	 93.919911	
        99	 98.934735	 98.869482	 98.804253	  98.73906	 98.673916	 98.608832	 98.543821	 98.478894	 98.414064	 98.349342	  98.28474	 98.220269	 98.155943	 98.091771	 98.027766	 97.963939	 97.900301	 97.836864	 97.773638	 97.710635	 97.647866	 97.585341	 97.523071	 97.461066	 97.399337	 97.337894	 97.276747	 97.215905	 97.155379	 97.095178	 97.035312	 96.975789	 96.916618	  96.85781	 96.799371	 96.741311	 96.683638	 96.626359	 96.569483	 96.513018	 96.456971	 96.401348	 96.346158	 96.291407	 96.237101	 96.183247	 96.129851	 96.076919	 96.024457	  95.97247	 95.920964	 95.869943	 95.819412	 95.769376	 95.719839	 95.670806	  95.62228	 95.574265	 95.526765	 95.479782	  95.43332	 95.387381	 95.341968	 95.297083	 95.252728	 95.208906	 95.165618	 95.122865	 95.080649	  95.03897	  94.99783	 94.957228	 94.917166	 94.877644	 94.838661	 94.800218	 94.762313	 94.724947	 94.688119	 94.651827	  94.61607	 94.580848	 94.546159	    94.512	  94.47837	 94.445268	  94.41269	 94.380635	   94.3491	 94.318083	  94.28758	 94.257589	 94.228106	  94.19913	 94.170655	 94.142679	 94.115198	 94.088209	 94.061708	  94.03569	 94.010152	  93.98509	 93.960499	 93.936376	 93.912715	 93.889513	 93.866764	 93.844465	  93.82261	 93.801196	 93.780216	 93.759666	 93.739541	 93.719837	 93.700548	 93.681669	 93.663195	 93.645121	 93.627442	 93.610152	 93.593247	 93.576721	 93.560569	 93.544786	 93.529366	 93.514305	 93.499597	 93.485236	 93.471218	 93.457537	 93.444188	 93.431165	 93.418465	 93.406081	 93.394008	 93.382242	 93.370777	 93.359607	 93.348729	 93.338137	 93.327827	 93.317792	 93.308029	 93.298533	 93.289299	 93.280321	 93.271597	  93.26312	 93.254887	 93.246893	 93.239134	 93.231605	 93.224302	 93.217221	 93.210358	 93.203708	 93.197268	 93.191034	 93.185001	 93.179167	 93.173527	 93.168078	 93.162817	 93.157739	 93.152842	 93.148123	 93.143577	 93.139202	 93.134995	 93.130954	 93.127074	 93.123354	  93.11979	 93.116381	 93.113123	 93.110015	 93.107054	 93.104237	 93.101563	  93.09903	 93.096635	 93.094377	 93.092254	 93.090265	 93.088408	 93.086681	 93.085083	 93.083613	 93.082269	 93.081051	 93.079958	 93.078988	 93.078141	 93.077417	 93.076814	 93.076332	 93.075971	 93.075731	 93.075611	
        99	 98.925446	 98.850905	 98.776393	 98.701921	 98.627505	 98.553158	 98.478894	 98.404727	 98.330669	 98.256735	 98.182938	 98.109292	  98.03581	 97.962505	  97.88939	 97.816479	 97.743783	 97.671317	 97.599093	 97.527123	  97.45542	 97.383996	 97.312863	 97.242033	 97.171519	  97.10133	  97.03148	 96.961979	 96.892839	  96.82407	 96.755682	 96.687688	 96.620096	 96.552917	 96.486161	 96.419837	 96.353955	 96.288525	 96.223554	 96.159052	 96.095028	 96.031489	 95.968443	 95.905899	 95.843864	 95.782346	  95.72135	 95.660885	 95.600956	 95.541569	 95.482732	 95.424449	 95.366727	 95.309569	 95.252982	  95.19697	 95.141538	 95.086689	 95.032428	 94.978758	 94.925683	 94.873206	 94.821329	 94.770056	 94.719389	 94.669329	  94.61988	 94.571042	 94.522817	 94.475206	 94.428211	 94.381831	 94.336067	 94.290919	 94.246388	 94.202473	 94.159174	  94.11649	  94.07442	 94.032962	 93.992117	 93.951881	 93.912254	 93.873234	 93.834818	 93.797004	  93.75979	 93.723172	 93.687149	 93.651717	 93.616873	 93.582613	 93.548935	 93.515834	 93.483306	 93.451349	 93.419957	 93.389126	 93.358853	 93.329132	  93.29996	  93.27133	  93.24324	 93.215683	 93.188655	  93.16215	 93.136164	 93.110691	 93.085726	 93.061263	 93.037297	 93.013822	 92.990833	 92.968325	  92.94629	 92.924724	 92.903621	 92.882974	 92.862779	 92.843029	 92.823718	  92.80484	 92.786389	 92.768359	 92.750745	  92.73354	 92.716738	 92.700333	  92.68432	 92.668692	 92.653443	 92.638567	 92.624059	 92.609913	 92.596122	 92.582681	 92.569583	 92.556825	 92.544398	 92.532299	 92.520521	 92.509058	 92.497905	 92.487058	 92.476509	 92.466254	 92.456288	 92.446605	   92.4372	 92.428068	 92.419205	 92.410604	 92.402262	 92.394173	 92.386332	 92.378736	  92.37138	 92.364258	 92.357367	 92.350703	  92.34426	 92.338036	 92.332025	 92.326225	 92.320631	  92.31524	 92.310047	  92.30505	 92.300244	 92.295627	 92.291195	 92.286946	 92.282875	  92.27898	 92.275259	 92.271708	 92.268326	 92.265108	 92.262054	  92.25916	 92.256424	 92.253845	  92.25142	 92.249147	 92.247026	 92.245053	 92.243228	 92.241548	 92.240013	 92.238622	 92.237373	 92.236265	 92.235298	 92.234471	 92.233782	 92.233232	 92.232819	 92.232545	 92.232407	
        99	  98.91617	 98.832357	 98.748574	 98.664838	 98.581164	 98.497567	 98.414064	 98.330669	 98.247398	 98.164266	 98.081288	  97.99848	 97.915856	 97.833431	  97.75122	 97.669238	 97.587498	 97.506017	 97.424807	 97.343884	  97.26326	  97.18295	 97.102968	 97.023326	 96.944038	 96.865118	 96.786578	  96.70843	 96.630688	 96.553364	 96.476468	 96.400015	 96.324014	 96.248477	 96.173416	 96.098841	 96.024763	 95.951192	 95.878138	 95.805612	 95.733622	 95.662178	 95.591289	 95.520964	 95.451212	 95.382039	 95.313455	 95.245467	 95.178083	 95.111308	 95.045151	 94.979617	 94.914714	 94.850445	 94.786818	 94.723838	 94.661509	 94.599837	 94.538825	 94.478478	   94.4188	 94.359794	 94.301463	 94.243811	 94.186841	 94.130553	 94.074952	 94.020038	 93.965814	  93.91228	 93.859437	 93.807287	  93.75583	 93.705066	 93.654995	 93.605616	  93.55693	 93.508935	 93.461631	 93.415016	 93.369089	 93.323848	 93.279291	 93.235416	 93.192221	 93.149703	 93.107859	 93.066686	 93.026181	 92.986341	 92.947162	  92.90864	 92.870771	 92.833552	 92.796978	 92.761045	 92.725747	 92.691081	 92.657042	 92.623623	 92.590821	  92.55863	 92.527045	  92.49606	 92.465669	 92.435867	 92.406648	 92.378006	 92.349935	 92.322428	 92.295481	 92.269086	 92.243237	 92.217928	 92.193152	 92.168903	 92.145174	 92.121959	 92.099251	 92.077044	  92.05533	 92.034104	 92.013357	 91.993085	 91.973279	 91.953934	 91.935041	 91.916596	  91.89859	 91.881018	 91.863872	 91.847146	 91.830833	 91.814926	 91.799419	 91.784306	  91.76958	 91.755233	 91.741261	 91.727656	 91.714413	 91.701524	 91.688984	 91.676787	 91.664926	 91.653395	 91.642189	 91.631301	 91.620726	 91.610459	 91.600492	 91.590822	 91.581441	 91.572346	  91.56353	 91.554989	 91.546717	  91.53871	 91.530961	 91.523468	 91.516224	 91.509225	 91.502467	 91.495945	 91.489655	 91.483593	 91.477754	 91.472135	 91.466732	  91.46154	 91.456557	 91.451779	 91.447202	 91.442823	 91.438639	 91.434646	 91.430842	 91.427225	  91.42379	 91.420536	  91.41746	  91.41456	 91.411834	 91.409278	 91.406893	 91.404674	 91.402622	 91.400734	 91.399008	 91.397443	 91.396039	 91.394794	 91.393706	 91.392775	 91.392001	 91.391382	 91.390919	  91.39061	 91.390456	
        99	 98.906911	 98.813839	 98.720801	 98.627816	 98.534899	 98.442069	 98.349342	 98.256735	 98.164266	 98.071951	 97.979808	 97.887853	 97.796102	 97.704572	  97.61328	 97.522242	 97.431474	 97.340992	 97.250812	  97.16095	 97.071421	  96.98224	 96.893422	 96.804984	 96.716938	   96.6293	 96.542085	 96.455305	 96.368975	 96.283109	 96.197721	 96.112822	 96.028426	 95.944545	 95.861193	 95.778381	  95.69612	 95.614422	 95.533299	 95.452761	  95.37282	 95.293484	 95.214765	 95.136672	 95.059214	 94.982401	 94.906242	 94.830744	 94.755916	 94.681766	 94.608301	 94.535528	 94.463455	 94.392088	 94.321433	 94.251496	 94.182282	 94.113797	 94.046046	 93.979033	 93.912763	 93.847239	 93.782466	 93.718445	 93.655182	 93.592677	 93.530934	 93.469955	 93.409741	 93.350293	 93.291614	 93.233703	 93.176562	  93.12019	 93.064588	 93.009756	 92.955692	 92.902396	 92.849866	 92.798102	 92.747102	 92.696864	 92.647385	 92.598664	 92.550697	 92.503482	 92.457016	 92.411295	 92.366316	 92.322075	 92.278568	 92.235792	  92.19374	  92.15241	 92.111796	 92.071893	 92.032697	 91.994202	 91.956402	 91.919292	 91.882867	  91.84712	 91.812046	 91.777638	 91.743891	 91.710797	  91.67835	 91.646544	 91.615372	 91.584828	 91.554903	 91.525593	 91.496889	 91.468784	 91.441271	 91.414344	 91.387994	 91.362215	 91.336999	 91.312338	 91.288226	 91.264655	 91.241617	 91.219105	 91.197112	 91.175629	  91.15465	 91.134167	 91.114173	 91.094659	 91.075619	 91.057045	  91.03893	 91.021267	 91.004047	 90.987265	 90.970911	 90.954981	 90.939465	 90.924357	 90.909651	 90.895339	 90.881413	 90.867869	 90.854697	 90.841893	 90.829449	 90.817359	 90.805616	 90.794214	 90.783147	 90.772408	 90.761992	 90.751892	 90.742102	 90.732618	 90.723432	  90.71454	 90.705936	 90.697614	  90.68957	 90.681798	 90.674294	 90.667052	 90.660067	 90.653335	 90.646851	 90.640611	 90.634611	 90.628846	 90.623313	 90.618007	 90.612924	 90.608061	 90.603415	 90.598981	 90.594758	  90.59074	 90.586926	 90.583313	 90.579897	 90.576677	 90.573649	 90.570812	 90.568162	 90.565699	  90.56342	 90.561323	 90.559407	 90.557669	  90.55611	 90.554727	 90.553519	 90.552486	 90.551626	 90.550939	 90.550424	 90.550081	  90.54991	
        99	 98.897668	 98.795355	  98.69308	 98.590863	  98.48872	 98.386673	  98.28474	 98.182938	 98.081288	 97.979808	 97.878516	  97.77743	  97.67657	 97.575953	 97.475597	  97.37552	  97.27574	 97.176274	  97.07714	 96.978356	 96.879937	 96.781902	 96.684266	 96.587046	 96.490259	  96.39392	 96.298045	 96.202649	 96.107748	 96.013357	  95.91949	 95.826162	 95.733386	 95.641178	 95.549549	 95.458515	 95.368086	 95.278277	   95.1891	 95.100566	 95.012687	 94.925474	 94.838939	 94.753093	 94.667945	 94.583505	 94.499783	  94.41679	 94.334532	  94.25302	 94.172261	 94.092263	 94.013034	 93.934581	  93.85691	 93.780029	 93.703944	 93.628659	 93.554181	 93.480515	 93.407665	 93.335635	 93.264431	 93.194054	 93.124509	 93.055799	 92.987925	 92.920891	 92.854699	 92.789349	 92.724844	 92.661183	 92.598368	   92.5364	 92.475277	    92.415	 92.355569	 92.296981	 92.239236	 92.182333	 92.126269	 92.071042	 92.016651	 91.963092	 91.910363	 91.858461	 91.807381	  91.75712	 91.707676	 91.659042	 91.611216	 91.564192	 91.517965	 91.472531	 91.427885	  91.38402	 91.340932	 91.298615	 91.257062	 91.216268	 91.176226	  91.13693	 91.098374	 91.060549	 91.023451	 90.987071	 90.951403	 90.916439	 90.882172	 90.848595	   90.8157	 90.783479	 90.751925	  90.72103	 90.690786	 90.661184	 90.632218	  90.60388	  90.57616	 90.549051	 90.522545	 90.496633	 90.471308	 90.446561	 90.422384	 90.398768	 90.375706	  90.35319	  90.33121	 90.309759	 90.288829	 90.268411	 90.248497	  90.22908	 90.210151	 90.191702	 90.173725	 90.156212	 90.139156	 90.122549	 90.106382	 90.090649	 90.075341	 90.060451	 90.045972	 90.031897	 90.018217	 90.004927	 89.992018	 89.979484	 89.967318	 89.955513	 89.944062	 89.932959	 89.922198	 89.911771	 89.901674	 89.891899	  89.88244	 89.873293	  89.86445	 89.855907	 89.847657	 89.839696	 89.832017	 89.824617	  89.81749	  89.81063	 89.804034	 89.797697	 89.791614	 89.785781	 89.780194	 89.774848	 89.769741	 89.764867	 89.760224	 89.755807	 89.751615	 89.747643	 89.743888	 89.740348	 89.737019	   89.7339	 89.730988	  89.72828	 89.725775	 89.723469	 89.721363	 89.719453	 89.717739	 89.716218	 89.714891	 89.713755	  89.71281	 89.712054	 89.711488	 89.711111	 89.710923	
        99	 98.888444	  98.77691	 98.665416	 98.553985	 98.442636	 98.331391	 98.220269	 98.109292	  97.99848	 97.887853	  97.77743	 97.667234	 97.557282	 97.447596	 97.338194	 97.229096	 97.120323	 97.011892	 96.903822	 96.796134	 96.688845	 96.581973	 96.475536	 96.369554	 96.264043	  96.15902	 96.054503	 95.950509	 95.847054	 95.744154	 95.641827	 95.540086	 95.438949	 95.338429	 95.238542	 95.139301	 95.040722	 94.942818	 94.845603	 94.749089	 94.653289	 94.558215	  94.46388	 94.370296	 94.277473	 94.185422	 94.094155	  94.00368	 93.914008	 93.825149	  93.73711	 93.649902	 93.563532	 93.478007	 93.393336	 93.309525	 93.226582	 93.144511	  93.06332	 92.983014	 92.903597	 92.825076	 92.747453	 92.670733	 92.594919	 92.520016	 92.446024	 92.372948	 92.300789	 92.229549	  92.15923	 92.089831	 92.021355	 91.953801	 91.887169	 91.821459	  91.75667	 91.692801	 91.629852	 91.567819	 91.506702	 91.446498	 91.387204	 91.328818	 91.271336	 91.214755	 91.159071	 91.104281	 91.050379	 90.997362	 90.945224	 90.893962	 90.843569	  90.79404	 90.745369	 90.697551	 90.650579	 90.604447	 90.559149	 90.514678	 90.471027	 90.428189	 90.386157	 90.344924	 90.304481	 90.264823	 90.225939	 90.187824	 90.150469	 90.113865	 90.078005	  90.04288	 90.008481	 89.974801	 89.941831	 89.909562	 89.877985	 89.847092	 89.816874	 89.787321	 89.758426	 89.730179	 89.702571	 89.675593	 89.649237	 89.623493	 89.598352	 89.573806	 89.549845	 89.526461	 89.503644	 89.481385	 89.459677	 89.438509	 89.417874	 89.397762	 89.378165	 89.359074	  89.34048	 89.322376	 89.304752	 89.287601	 89.270913	 89.254681	 89.238897	 89.223553	 89.208641	 89.194152	  89.18008	 89.166416	 89.153153	 89.140284	 89.127801	 89.115698	 89.103966	   89.0926	 89.081592	 89.070936	 89.060626	 89.050653	 89.041014	   89.0317	 89.022707	 89.014028	 89.005657	  88.99759	  88.98982	 88.982343	 88.975152	 88.968244	 88.961613	 88.955254	 88.949163	 88.943336	 88.937767	 88.932454	 88.927393	 88.922578	 88.918008	 88.913678	 88.909584	 88.905725	 88.902097	 88.898696	 88.895522	  88.89257	 88.889838	 88.887326	 88.885029	 88.882947	 88.881078	 88.879421	 88.877974	 88.876735	 88.875705	 88.874882	 88.874265	 88.873854	 88.873648	
        99	 98.879241	 98.758505	 98.637813	 98.517189	 98.396654	 98.276231	 98.155943	  98.03581	 97.915856	 97.796102	  97.67657	 97.557282	  97.43826	 97.319524	 97.201097	 97.082999	 96.965252	 96.847875	  96.73089	 96.614318	 96.498177	 96.382488	 96.267271	 96.152545	 96.038329	 95.924643	 95.811503	 95.698929	  95.58694	 95.475551	 95.364782	 95.254648	 95.145166	 95.036354	 94.928226	 94.820799	 94.714087	 94.608106	  94.50287	 94.398394	  94.29469	 94.191774	 94.089656	 93.988351	  93.88787	 93.788226	 93.689429	  93.59149	  93.49442	  93.39823	 93.302929	 93.208526	  93.11503	  93.02245	 92.930793	 92.840068	 92.750282	 92.661441	 92.573552	  92.48662	 92.400652	 92.315652	 92.231625	 92.148576	 92.066508	 91.985425	  91.90533	 91.826225	 91.748113	 91.670996	 91.594875	 91.519751	 91.445625	 91.372498	 91.300369	 91.229238	 91.159104	 91.089967	 91.021824	 90.954674	 90.888514	 90.823344	 90.759158	 90.695955	 90.633731	 90.572482	 90.512204	 90.452894	 90.394545	 90.337154	 90.280716	 90.225224	 90.170673	 90.117058	 90.064372	 90.012609	 89.961762	 89.911825	  89.86279	  89.81465	 89.767398	 89.721026	 89.675526	 89.630891	 89.587112	 89.544181	 89.502091	 89.460831	 89.420393	  89.38077	 89.341951	 89.303928	 89.266692	 89.230234	 89.194544	 89.159612	  89.12543	 89.091988	 89.059277	 89.027287	 88.996008	  88.96543	 88.935545	 88.906341	 88.877811	 88.849943	 88.822728	 88.796157	 88.770219	 88.744906	 88.720206	 88.696112	 88.672612	 88.649698	 88.627361	  88.60559	 88.584376	  88.56371	 88.543582	 88.523984	 88.504906	  88.48634	 88.468276	 88.450705	 88.433619	 88.417009	 88.400866	 88.385182	 88.369948	 88.355157	 88.340801	  88.32687	 88.313357	 88.300255	 88.287556	 88.275252	 88.263336	 88.251801	  88.24064	 88.229845	  88.21941	 88.209328	 88.199593	 88.190198	 88.181137	 88.172404	 88.163993	 88.155899	 88.148115	 88.140637	 88.133458	 88.126575	 88.119982	 88.113673	 88.107646	 88.101895	 88.096415	 88.091204	 88.086256	 88.081569	 88.077138	  88.07296	 88.069032	 88.065352	 88.061915	 88.058719	 88.055763	 88.053043	 88.050557	 88.048303	  88.04628	 88.044486	 88.042919	 88.041579	 88.040463	 88.039572	 88.038904	 88.038459	 88.038237	
        99	  98.87006	 98.740145	 98.610277	 98.480482	 98.350783	 98.221205	 98.091771	 97.962505	 97.833431	 97.704572	 97.575953	 97.447596	 97.319524	 97.191761	 97.064331	 96.937254	 96.810554	 96.684254	 96.558375	  96.43294	 96.307969	 96.183485	 96.059508	  95.93606	 95.813161	  95.69083	 95.569089	 95.447957	 95.327453	 95.207596	 95.088404	 94.969897	 94.852092	 94.735007	 94.618658	 94.503064	 94.388239	 94.274201	 94.160964	 94.048544	 93.936957	 93.826215	 93.716334	 93.607327	 93.499207	 93.391987	 93.285678	 93.180294	 93.075844	 92.972341	 92.869794	 92.768213	 92.667609	  92.56799	 92.469366	 92.371743	  92.27513	 92.179535	 92.084964	 91.991423	 91.898919	 91.807457	 91.717042	 91.627678	 91.539371	 91.452123	 91.365939	  91.28082	 91.196769	 91.113789	  91.03188	 90.951045	 90.871284	 90.792597	 90.714984	 90.638445	 90.562979	 90.488585	 90.415262	 90.343006	 90.271817	 90.201691	 90.132626	 90.064618	 89.997663	 89.931758	 89.866897	 89.803077	 89.740293	 89.678538	 89.617809	 89.558098	   89.4994	 89.441709	 89.385017	 89.329319	 89.274606	 89.220872	 89.168109	 89.116309	 89.065464	 89.015567	 88.966608	  88.91858	 88.871472	 88.825278	 88.779987	  88.73559	 88.692078	 88.649442	 88.607673	 88.566759	 88.526692	 88.487461	 88.449058	 88.411471	  88.37469	 88.338706	 88.303507	 88.269085	 88.235428	 88.202525	 88.170368	 88.138944	 88.108244	 88.078258	 88.048974	 88.020383	 87.992473	 87.965235	 87.938658	 87.912731	 87.887445	 87.862789	 87.838753	 87.815327	   87.7925	 87.770263	 87.748605	 87.727517	 87.706989	 87.687011	 87.667573	 87.648667	 87.630282	 87.612409	 87.595038	 87.578162	 87.561771	 87.545855	 87.530407	 87.515417	 87.500877	 87.486779	 87.473114	 87.459875	 87.447053	 87.434641	 87.422631	 87.411015	 87.399787	 87.388938	 87.378463	 87.368354	 87.358604	 87.349207	 87.340157	 87.331447	 87.323072	 87.315025	 87.307301	 87.299894	 87.292799	 87.286012	 87.279526	 87.273337	 87.267441	 87.261834	  87.25651	 87.251466	 87.246698	 87.242203	 87.237977	 87.234016	 87.230318	  87.22688	 87.223698	 87.220771	 87.218096	 87.215671	 87.213495	 87.211564	 87.209878	 87.208436	 87.207235	 87.206276	 87.205558	 87.205079	  87.20484	
        99	 98.860903	 98.721832	 98.582812	  98.44387	 98.305031	 98.166321	 98.027766	  97.88939	  97.75122	  97.61328	 97.475597	 97.338194	 97.201097	 97.064331	 96.927919	 96.791887	 96.656259	 96.521058	 96.386308	 96.252033	 96.118255	 95.984999	 95.852285	 95.720137	 95.588576	 95.457625	 95.327305	 95.197636	 95.068639	 94.940336	 94.812745	 94.685886	 94.559779	 94.434443	 94.309895	 94.186154	 94.063237	 93.941162	 93.819945	 93.699603	 93.580152	 93.461606	 93.343982	 93.227293	 93.111553	 92.996776	 92.882976	 92.770165	 92.658354	 92.547557	 92.437783	 92.329044	  92.22135	 92.114711	 92.009136	 91.904634	 91.801212	  91.69888	 91.597644	 91.497512	 91.398488	 91.300581	 91.203794	 91.108133	 91.013602	 90.920206	 90.827948	  90.73683	 90.646856	 90.558028	 90.470348	 90.383816	 90.298434	 90.214201	 90.131119	 90.049186	 89.968402	 89.888765	 89.810274	 89.732927	 89.656721	 89.581653	 89.507721	  89.43492	 89.363247	 89.292697	 89.223265	 89.154948	 89.087739	 89.021632	 88.956623	 88.892705	  88.82987	 88.768113	 88.707426	 88.647803	 88.589234	 88.531713	 88.475232	 88.419781	 88.365354	  88.31194	 88.259531	 88.208117	  88.15769	  88.10824	 88.059758	 88.012232	 87.965654	 87.920014	   87.8753	 87.831503	 87.788612	 87.746617	 87.705507	 87.665271	 87.625899	 87.587378	   87.5497	 87.512851	 87.476822	 87.441601	 87.407177	 87.373539	 87.340676	 87.308576	 87.277229	 87.246622	 87.216746	 87.187588	 87.159138	 87.131385	 87.104317	 87.077923	 87.052193	 87.027116	 87.002681	 86.978876	 86.955692	 86.933118	 86.911143	 86.889757	  86.86895	 86.848711	  86.82903	 86.809897	 86.791303	 86.773238	 86.755691	 86.738654	 86.722117	  86.70607	 86.690506	 86.675414	 86.660787	 86.646614	 86.632889	 86.619602	 86.606746	 86.594311	 86.582292	 86.570679	 86.559465	 86.548644	 86.538207	 86.528148	  86.51846	 86.509136	  86.50017	 86.491556	 86.483288	 86.475359	 86.467765	 86.460498	 86.453556	 86.446931	  86.44062	 86.434617	 86.428918	 86.423518	 86.418415	 86.413603	 86.409078	 86.404839	  86.40088	 86.397199	 86.393794	  86.39066	 86.387797	 86.385201	 86.382871	 86.380804	    86.379	 86.377456	 86.376171	 86.375144	 86.374375	 86.373862	 86.373606	
        99	 98.851771	  98.70357	 98.555424	  98.40736	 98.259407	  98.11159	 97.963939	 97.816479	 97.669238	 97.522242	  97.37552	 97.229096	 97.082999	 96.937254	 96.791887	 96.646925	 96.502393	 96.358316	  96.21472	 96.071629	 95.929069	 95.787064	 95.645638	 95.504814	 95.364617	 95.225068	 95.086192	 94.948011	 94.810546	 94.673819	 94.537852	 94.402665	 94.268279	 94.134714	  94.00199	 93.870125	 93.739139	  93.60905	 93.479875	 93.351633	 93.224339	 93.098011	 92.972665	 92.848315	 92.724977	 92.602665	 92.481394	 92.361177	 92.242026	 92.123954	 92.006974	 91.891097	 91.776333	 91.662693	 91.550186	 91.438824	 91.328613	 91.219562	  91.11168	 91.004974	  90.89945	 90.795115	 90.691974	 90.590033	 90.489296	 90.389768	 90.291453	 90.194354	 90.098473	 90.003814	 89.910377	 89.818164	 89.727177	 89.637414	 89.548878	 89.461566	 89.375479	 89.290614	  89.20697	 89.124545	 89.043336	  88.96334	 88.884554	 88.806973	 88.730595	 88.655413	 88.581424	 88.508621	    88.437	 88.366554	 88.297276	 88.229162	 88.162202	 88.096391	  88.03172	 87.968182	 87.905768	 87.844471	 87.784282	 87.725191	  87.66719	  87.61027	  87.55442	 87.499631	 87.445894	 87.393197	 87.341532	 87.290886	 87.241251	 87.192614	 87.144965	 87.098292	 87.052586	 87.007834	 86.964025	 86.921147	  86.87919	 86.838141	 86.797988	 86.758721	 86.720327	 86.682793	  86.64611	 86.610263	 86.575243	 86.541035	  86.50763	 86.475014	 86.443176	 86.412104	 86.381787	 86.352211	 86.323366	  86.29524	 86.267821	 86.241097	 86.215058	 86.189691	 86.164985	 86.140929	 86.117511	 86.094721	 86.072548	  86.05098	 86.030007	 86.009618	 85.989803	 85.970552	 85.951853	 85.933698	 85.916075	 85.898975	 85.882389	 85.866306	 85.850718	 85.835616	 85.820989	  85.80683	  85.79313	 85.779879	  85.76707	 85.754695	 85.742745	 85.731213	 85.720091	 85.709372	 85.699048	 85.689112	 85.679558	 85.670378	 85.661567	 85.653118	 85.645024	 85.637281	 85.629883	 85.622823	 85.616097	   85.6097	 85.603627	 85.597874	 85.592435	 85.587307	 85.582486	 85.577968	 85.573749	 85.569827	 85.566198	 85.562859	 85.559807	 85.557041	 85.554558	 85.552356	 85.550432	 85.548787	 85.547418	 85.546324	 85.545504	 85.544958	 85.544685	
        99	 98.842667	 98.685363	 98.528117	 98.370959	 98.213918	 98.057022	 97.900301	 97.743783	 97.587498	 97.431474	  97.27574	 97.120323	 96.965252	 96.810554	 96.656259	 96.502393	 96.348983	 96.196056	  96.04364	 95.891761	 95.740444	 95.589717	 95.439603	  95.29013	 95.141321	 94.993202	 94.845796	 94.699127	 94.553218	 94.408093	 94.263774	 94.120284	 93.977644	 93.835875	 93.694998	 93.555034	 93.416002	 93.277923	 93.140814	 93.004694	 92.869582	 92.735495	 92.602449	 92.470461	 92.339548	 92.209723	 92.081003	 91.953402	 91.826932	 91.701609	 91.577443	 91.454448	 91.332635	 91.212015	 91.092598	 90.974395	 90.857415	 90.741666	 90.627158	 90.513897	 90.401892	 90.291148	 90.181672	 90.073469	 89.966545	 89.860904	  89.75655	 89.653487	 89.551717	 89.451243	 89.352067	 89.254191	 89.157614	 89.062339	 88.968364	 88.875689	 88.784314	 88.694236	 88.605455	 88.517967	  88.43177	  88.34686	 88.263235	 88.180889	 88.099819	  88.02002	 87.941486	 87.864212	 87.788191	 87.713418	 87.639886	 87.567587	 87.496515	 87.426661	 87.358018	 87.290577	  87.22433	 87.159268	 87.095381	 87.032661	 86.971098	 86.910681	 86.851401	 86.793247	 86.736209	 86.680276	 86.625437	  86.57168	 86.518996	 86.467371	 86.416796	 86.367257	 86.318743	 86.271242	 86.224742	 86.179231	 86.134696	 86.091126	 86.048507	 86.006828	 85.966075	 85.926237	   85.8873	 85.849252	  85.81208	 85.775771	 85.740314	 85.705695	 85.671902	 85.638921	 85.606741	 85.575349	 85.544732	 85.514879	 85.485775	  85.45741	 85.429771	 85.402846	 85.376623	 85.351089	 85.326233	 85.302043	 85.278508	 85.255615	 85.233354	 85.211713	 85.190681	 85.170247	   85.1504	 85.131129	 85.112424	 85.094274	 85.076669	 85.059599	 85.043053	 85.027023	 85.011498	 84.996469	 84.981927	 84.967863	 84.954267	 84.941132	 84.928448	 84.916208	 84.904403	 84.893025	 84.882067	 84.871521	 84.861379	 84.851636	 84.842284	 84.833315	 84.824725	 84.816506	 84.808653	  84.80116	 84.794021	 84.787231	 84.780785	 84.774678	 84.768905	 84.763462	 84.758345	 84.753549	 84.749072	 84.744908	 84.741056	 84.737512	 84.734274	 84.731337	 84.728702	 84.726364	 84.724323	 84.722576	 84.721123	 84.719962	 84.719092	 84.718512	 84.718222	
