Time step 91:
        99	        99	        99	        99	        99	        99	        99	        99	        99	        99	        99	        99	        99	        99	        99	        99	        99	        99	        99	        99	        99	        99	        99	        99	        99	        99	        99	        99	        99	        99	        99	        99	        99	        99	        99	        99	        99	        99	        99	        99	        99	        99	        99	        99	        99	        99	        99	        99	        99	        99	        99	        99	        99	        99	        99	        99	        99	        99	        99	        99	        99	        99	        99	        99	        99	        99	        99	        99	        99	        99	        99	        99	        99	        99	        99	        99	        99	        99	        99	        99	        99	        99	        99	        99	        99	        99	        99	        99	        99	        99	        99	        99	        99	        99	        99	        99	        99	        99	        99	        99	        99	        99	        99	        99	        99	        99	        99	        99	        99	        99	        99	        99	        99	        99	        99	        99	        99	        99	        99	        99	        99	        99	        99	        99	        99	        99	        99	        99	        99	        99	        99	        99	        99	        99	        99	        99	        99	        99	        99	        99	        99	        99	        99	        99	        99	        99	        99	        99	        99	        99	        99	        99	        99	        99	        99	        99	        99	        99	        99	        99	        99	        99	        99	        99	        99	        99	        99	        99	        99	        99	        99	        99	        99	        99	        99	        99	        99	        99	        99	        99	        99	        99	        99	        99	        99	        99	        99	        99	        99	        99	        99	        99	        99	        99	        99	        99	        99	        99	        99	        99	
        99	 98.993023	 98.986047	 98.979072	 98.972101	 98.965134	 98.958171	 98.951214	 98.944264	 98.937322	 98.930388	 98.923464	 98.916551	 98.909649	 98.902759	 98.895883	 98.889021	 98.882174	 98.875344	 98.868531	 98.861735	 98.854958	 98.848202	 98.841465	 98.834751	 98.828058	 98.821389	 98.814744	 98.808123	 98.801529	  98.79496	  98.78842	 98.781907	 98.775423	 98.768969	 98.762545	 98.756152	 98.749792	 98.743464	 98.737169	 98.730908	 98.724682	 98.718491	 98.712337	 98.706219	 98.700138	 98.694095	 98.688091	 98.682126	   98.6762	 98.670315	  98.66447	 98.658667	 98.652906	 98.647186	  98.64151	 98.635877	 98.630288	 98.624742	 98.619242	 98.613786	 98.608376	 98.603011	 98.597693	 98.592421	 98.587195	 98.582017	 98.576886	 98.571803	 98.566768	 98.561781	 98.556842	 98.551952	 98.547111	 98.542319	 98.537576	 98.532882	 98.528238	 98.523644	 98.519099	 98.514604	 98.510159	 98.505764	  98.50142	 98.497125	  98.49288	 98.488686	 98.484542	 98.480448	 98.476404	  98.47241	 98.468467	 98.464573	 98.460729	 98.456936	 98.453192	 98.449497	 98.445852	 98.442257	 98.438711	 98.435213	 98.431765	 98.428366	 98.425015	 98.421713	 98.418459	 98.415253	 98.412095	 98.408984	 98.405921	 98.402904	 98.399935	 98.397012	 98.394136	 98.391305	 98.388521	 98.385782	 98.383088	 98.380439	 98.377834	 98.375274	 98.372758	 98.370286	 98.367857	 98.365471	 98.363128	 98.360827	 98.358568	 98.356351	 98.354175	  98.35204	 98.349946	 98.347893	 98.345879	 98.343905	  98.34197	 98.340075	 98.338217	 98.336398	 98.334617	 98.332874	 98.331167	 98.329498	 98.327865	 98.326268	 98.324707	 98.323181	 98.321691	 98.320235	 98.318813	 98.317426	 98.316073	 98.314752	 98.313465	 98.312211	 98.310989	   98.3098	 98.308642	 98.307516	 98.306421	 98.305356	 98.304323	  98.30332	 98.302347	 98.301403	 98.300489	 98.299605	 98.298749	 98.297922	 98.297124	 98.296354	 98.295611	 98.294897	  98.29421	  98.29355	 98.292918	 98.292312	 98.291734	 98.291181	 98.290656	 98.290156	 98.289682	 98.289234	 98.288812	 98.288416	 98.288044	 98.287699	 98.287378	 98.287083	 98.286812	 98.286566	 98.286346	 98.286149	 98.285978	 98.285831	 98.285709	 98.285611	 98.285538	 98.285489	 98.285464	
        99	 98.986047	 98.972095	 98.958148	 98.944206	 98.930272	 98.916348	 98.902435	 98.888536	 98.874652	 98.860786	 98.846939	 98.833113	  98.81931	 98.805532	  98.79178	 98.778058	 98.764365	 98.750705	 98.737079	 98.723489	 98.709937	 98.696424	 98.682953	 98.669524	  98.65614	 98.642802	 98.629513	 98.616273	 98.603085	 98.589949	 98.576869	 98.563844	 98.550877	  98.53797	 98.525123	 98.512339	 98.499618	 98.486963	 98.474374	 98.461853	 98.449402	 98.437022	 98.424713	 98.412478	 98.400317	 98.388233	 98.376225	 98.364295	 98.352445	 98.340675	 98.328987	 98.317381	 98.305859	 98.294422	  98.28307	 98.271805	 98.260627	 98.249537	 98.238537	 98.227626	 98.216806	 98.206078	 98.195441	 98.184898	 98.174448	 98.164092	 98.153831	 98.143666	 98.133596	 98.123623	 98.113746	 98.103967	 98.094285	 98.084701	 98.075216	 98.065829	 98.056542	 98.047354	 98.038265	 98.029276	 98.020387	 98.011598	 98.002909	  97.99432	 97.985831	 97.977443	 97.969156	 97.960968	 97.952881	 97.944894	 97.937007	 97.929221	 97.921534	 97.913947	 97.906459	 97.899071	 97.891781	 97.884591	 97.877499	 97.870505	 97.863609	 97.856811	  97.85011	 97.843506	 97.836999	 97.830587	 97.824271	  97.81805	 97.811924	 97.805892	 97.799953	 97.794108	 97.788356	 97.782695	 97.777126	 97.771648	 97.766261	 97.760963	 97.755755	 97.750635	 97.745604	 97.740659	 97.735801	  97.73103	 97.726344	 97.721742	 97.717225	 97.712791	  97.70844	 97.704171	 97.699983	 97.695876	 97.691849	 97.687901	 97.684032	 97.680241	 97.676526	 97.672889	 97.669327	  97.66584	 97.662428	 97.659089	 97.655823	 97.652629	 97.649507	 97.646456	 97.643475	 97.640564	 97.637721	 97.634947	  97.63224	   97.6296	 97.627026	 97.624518	 97.622074	 97.619695	  97.61738	 97.615127	 97.612937	 97.610809	 97.608742	 97.606736	  97.60479	 97.602903	 97.601076	 97.599307	 97.597596	 97.595942	 97.594345	 97.592805	 97.591321	 97.589892	 97.588518	 97.587199	 97.585934	 97.584723	 97.583566	 97.582461	  97.58141	  97.58041	 97.579463	 97.578567	 97.577723	  97.57693	 97.576188	 97.575496	 97.574855	 97.574264	 97.573723	 97.573232	  97.57279	 97.572398	 97.572055	 97.571761	 97.571517	 97.571321	 97.571175	 97.571077	 97.571028	
        99	 98.979072	 98.958148	 98.937229	 98.916319	  98.89542	 98.874536	  98.85367	 98.832823	    98.812	 98.791203	 98.770435	 98.749698	 98.728996	 98.708331	 98.687707	 98.667125	 98.646589	 98.626101	 98.605665	 98.585282	 98.564956	 98.544689	 98.524484	 98.504343	  98.48427	 98.464266	 98.444334	 98.424476	 98.404696	 98.384995	 98.365376	 98.345842	 98.326394	 98.307035	 98.287767	 98.268593	 98.249514	 98.230533	 98.211652	 98.192874	 98.174199	  98.15563	  98.13717	 98.118819	  98.10058	 98.082455	 98.064446	 98.046553	  98.02878	 98.011127	 97.993597	 97.976191	 97.958909	 97.941755	 97.924729	 97.907833	 97.891068	 97.874436	 97.857937	 97.841573	 97.825345	 97.809254	 97.793302	 97.777488	 97.761815	 97.746284	 97.730894	 97.715647	 97.700544	 97.685586	 97.670773	 97.656105	 97.641584	 97.627211	 97.612984	 97.598906	 97.584977	 97.571196	 97.557564	 97.544082	  97.53075	 97.517568	 97.504536	 97.491654	 97.478923	 97.466342	 97.453912	 97.441632	 97.429503	 97.417524	 97.405695	 97.394017	 97.382488	 97.371108	 97.359878	 97.348797	 97.337864	  97.32708	 97.316443	 97.305954	 97.295611	 97.285415	 97.275365	  97.26546	   97.2557	 97.246083	  97.23661	  97.22728	 97.218092	 97.209045	 97.200138	 97.191371	 97.182744	 97.174254	 97.165902	 97.157686	 97.149606	  97.14166	 97.133848	  97.12617	 97.118623	 97.111207	 97.103922	 97.096765	 97.089737	 97.082835	  97.07606	  97.06941	 97.062884	 97.056481	   97.0502	  97.04404	    97.038	 97.032079	 97.026276	  97.02059	 97.015019	 97.009563	 97.004221	 96.998992	 96.993873	 96.988866	 96.983968	 96.979178	 96.974495	 96.969919	 96.965448	 96.961082	 96.956818	 96.952657	 96.948597	 96.944638	 96.940777	 96.937015	 96.933351	 96.929783	  96.92631	 96.922931	 96.919647	 96.916455	 96.913355	 96.910346	 96.907427	 96.904598	 96.901856	 96.899203	 96.896637	 96.894156	 96.891762	 96.889451	 96.887225	 96.885082	 96.883022	 96.881044	 96.879147	  96.87733	 96.875594	 96.873938	  96.87236	 96.870862	 96.869441	 96.868097	 96.866831	 96.865642	 96.864529	 96.863492	  96.86253	 96.861644	 96.860832	 96.860095	 96.859433	 96.858845	  96.85833	  96.85789	 96.857523	  96.85723	  96.85701	 96.856863	  96.85679	
        99	 98.972101	 98.944206	 98.916319	 98.888443	 98.860583	 98.832742	 98.804925	 98.777134	 98.749374	 98.721649	 98.693963	 98.666318	  98.63872	 98.611171	 98.583676	 98.556238	 98.528861	 98.501549	 98.474305	 98.447132	 98.420035	 98.393017	 98.366081	 98.339231	 98.312471	 98.285803	 98.259231	 98.232759	  98.20639	 98.180126	 98.153972	  98.12793	 98.102004	 98.076196	  98.05051	 98.024948	 97.999514	 97.974211	  97.94904	 97.924006	  97.89911	 97.874356	 97.849746	 97.825282	 97.800968	 97.776805	 97.752796	 97.728944	  97.70525	 97.681717	 97.658347	 97.635142	 97.612104	 97.589236	 97.566538	 97.544014	 97.521664	 97.499491	 97.477496	 97.455681	 97.434047	 97.412596	 97.391329	 97.370248	 97.349355	 97.328649	 97.308133	 97.287807	 97.267673	 97.247732	 97.227984	 97.208431	 97.189073	 97.169911	 97.150945	 97.132178	 97.113608	 97.095236	 97.077064	 97.059091	 97.041317	 97.023744	 97.006371	 96.989198	 96.972226	 96.955454	 96.938883	 96.922513	 96.906343	 96.890374	 96.874605	 96.859036	 96.843666	 96.828496	 96.813525	 96.798752	 96.784178	 96.769801	 96.755621	 96.741638	  96.72785	 96.714257	 96.700859	 96.687655	 96.674643	 96.661823	 96.649194	 96.636756	 96.624507	 96.612446	 96.600573	 96.588886	 96.577384	 96.566066	 96.554931	 96.543979	 96.533207	 96.522615	 96.512201	 96.501964	 96.491903	 96.482017	 96.472305	 96.462764	 96.453395	 96.444194	 96.435162	 96.426297	 96.417597	 96.409061	 96.400688	 96.392476	 96.384424	 96.376531	 96.368795	 96.361214	 96.353788	 96.346514	 96.339393	 96.332421	 96.325598	 96.318922	 96.312392	 96.306007	 96.299764	 96.293664	 96.287704	 96.281882	 96.276199	 96.270652	 96.265239	 96.259961	 96.254815	 96.249799	 96.244914	 96.240157	 96.235527	 96.231024	 96.226645	  96.22239	 96.218257	 96.214246	 96.210355	 96.206582	 96.202928	 96.199391	  96.19597	 96.192663	 96.189471	 96.186391	 96.183423	 96.180566	  96.17782	 96.175182	 96.172654	 96.170232	 96.167918	  96.16571	 96.163607	 96.161608	 96.159714	 96.157924	 96.156236	  96.15465	 96.153166	 96.151783	 96.150501	  96.14932	 96.148238	 96.147256	 96.146373	 96.145589	 96.144903	 96.144316	 96.143827	 96.143436	 96.143143	 96.142947	  96.14285	
        99	 98.965134	 98.930272	  98.89542	 98.860583	 98.825765	 98.790971	 98.756207	 98.721476	 98.686783	 98.652134	 98.617533	 98.582985	 98.548494	 98.514065	 98.479704	 98.445413	 98.411199	 98.377066	 98.343018	 98.309059	 98.275195	 98.241429	 98.207767	 98.174211	 98.140768	  98.10744	 98.074232	 98.041149	 98.008194	 97.975371	 97.942685	  97.91014	 97.877739	 97.845486	 97.813385	 97.781439	 97.749653	  97.71803	 97.686574	 97.655287	 97.624174	 97.593238	 97.562481	 97.531908	 97.501522	 97.471324	  97.44132	  97.41151	 97.381899	 97.352489	 97.323282	 97.294282	 97.265491	 97.236912	 97.208546	 97.180396	 97.152465	 97.124754	 97.097266	 97.070003	 97.042966	 97.016158	  96.98958	 96.963235	 96.937123	 96.911246	 96.885606	 96.860204	 96.835042	 96.810121	 96.785441	 96.761005	 96.736812	 96.712865	 96.689163	 96.665708	   96.6425	 96.619541	  96.59683	 96.574368	 96.552156	 96.530194	 96.508482	 96.487021	  96.46581	  96.44485	 96.424141	 96.403682	 96.383474	 96.363516	 96.343809	 96.324352	 96.305144	 96.286185	 96.267475	 96.249013	 96.230799	 96.212832	  96.19511	 96.177635	 96.160404	 96.143416	 96.126672	  96.11017	 96.093909	 96.077887	 96.062105	  96.04656	 96.031252	 96.016179	  96.00134	 95.986734	  95.97236	 95.958216	 95.944301	 95.930613	 95.917151	 95.903913	 95.890898	 95.878105	 95.865532	 95.853177	 95.841039	 95.829116	 95.817406	 95.805908	  95.79462	 95.783541	 95.772668	 95.762001	 95.751536	 95.741274	 95.731211	 95.721346	 95.711678	 95.702204	 95.692923	 95.683833	 95.674933	  95.66622	 95.657693	  95.64935	 95.641189	 95.633209	 95.625408	 95.617784	 95.610335	  95.60306	 95.595957	 95.589025	 95.582261	 95.575664	 95.569233	 95.562965	 95.556859	 95.550914	 95.545129	   95.5395	 95.534028	  95.52871	 95.523545	 95.518532	 95.513669	 95.508955	 95.504388	 95.499968	 95.495692	  95.49156	  95.48757	 95.483721	 95.480012	 95.476442	 95.473009	 95.469713	 95.466553	 95.463527	 95.460634	 95.457874	 95.455246	 95.452749	 95.450382	 95.448144	 95.446035	 95.444053	 95.442198	  95.44047	 95.438868	 95.437391	  95.43604	 95.434812	 95.433708	 95.432728	 95.431872	 95.431138	 95.430527	 95.430038	 95.429672	 95.429428	 95.429306	
        99	 98.958171	 98.916348	 98.874536	 98.832742	 98.790971	 98.749229	 98.707522	 98.665856	 98.624235	 98.582667	 98.541156	 98.499709	  98.45833	 98.417027	 98.375803	 98.334665	 98.293619	 98.252669	 98.211822	 98.171082	 98.130455	 98.089947	 98.049562	 98.009306	 97.969183	   97.9292	 97.889361	 97.849671	 97.810135	 97.770758	 97.731545	   97.6925	 97.653629	 97.614935	 97.576424	 97.538099	 97.499966	 97.462028	 97.424289	 97.386755	 97.349429	 97.312315	 97.275417	 97.238738	 97.202283	 97.166056	 97.130059	 97.094297	 97.058773	  97.02349	 96.988451	  96.95366	 96.919119	 96.884832	 96.850802	 96.817031	 96.783522	 96.750277	   96.7173	 96.684592	 96.652157	 96.619995	  96.58811	 96.556503	 96.525177	 96.494133	 96.463373	 96.432899	 96.402711	 96.372813	 96.343205	 96.313889	 96.284865	 96.256136	 96.227701	 96.199562	  96.17172	 96.144176	  96.11693	 96.089982	 96.063335	 96.036987	 96.010939	 95.985192	 95.959746	   95.9346	 95.909755	 95.885211	 95.860968	 95.837025	 95.813382	 95.790039	 95.766995	 95.744251	 95.721804	 95.699656	 95.677804	 95.656249	 95.634989	 95.614023	 95.593351	 95.572972	 95.552884	 95.533086	 95.513577	 95.494357	 95.475422	 95.456773	 95.438408	 95.420326	 95.402524	 95.385001	 95.367756	 95.350788	 95.334093	 95.317672	 95.301522	 95.285641	 95.270027	 95.254679	 95.239595	 95.224773	 95.210211	 95.195907	 95.181858	 95.168064	 95.154523	 95.141231	 95.128187	 95.115389	 95.102835	 95.090523	 95.078451	 95.066616	 95.055017	 95.043652	 95.032517	 95.021612	 95.010935	 95.000482	 94.990252	 94.980243	 94.970453	 94.960879	  94.95152	 94.942373	 94.933437	 94.924709	 94.916188	 94.907871	 94.899756	 94.891842	 94.884126	 94.876607	 94.869282	  94.86215	 94.855209	 94.848457	 94.841891	 94.835512	 94.829316	 94.823301	 94.817467	 94.811812	 94.806333	  94.80103	   94.7959	 94.790942	 94.786156	 94.781538	 94.777089	 94.772805	 94.768687	 94.764733	 94.760942	 94.757312	 94.753842	 94.750531	 94.747378	 94.744382	 94.741542	 94.738857	 94.736326	 94.733949	 94.731724	 94.729651	 94.727729	 94.725957	 94.724335	 94.722863	 94.721539	 94.720363	 94.719335	 94.718455	 94.717722	 94.717135	 94.716696	 94.716403	 94.716257	
        99	 98.951214	 98.902435	  98.85367	 98.804925	 98.756207	 98.707522	 98.658879	 98.610282	  98.56174	 98.513258	 98.464843	 98.416502	 98.368242	 98.320069	 98.271989	  98.22401	 98.176136	 98.128376	 98.080735	  98.03322	 97.985836	  97.93859	 97.891489	 97.844537	 97.797742	 97.751109	 97.704644	 97.658353	 97.612242	 97.566316	 97.520581	 97.475042	 97.429706	 97.384577	  97.33966	 97.294961	 97.250486	 97.206238	 97.162223	 97.118447	 97.074913	 97.031626	 96.988591	 96.945812	 96.903294	 96.861042	 96.819058	 96.777348	 96.735916	 96.694764	 96.653898	  96.61332	 96.573035	 96.533046	 96.493356	 96.453968	 96.414886	 96.376112	  96.33765	 96.299503	 96.261673	 96.224162	 96.186974	 96.150111	 96.113574	 96.077367	 96.041491	 96.005948	 95.970741	  95.93587	 95.901338	 95.867146	 95.833295	 95.799787	 95.766623	 95.733804	 95.701332	 95.669206	 95.637429	    95.606	  95.57492	  95.54419	  95.51381	 95.483781	 95.454102	 95.424775	 95.395798	 95.367172	 95.338896	 95.310971	 95.283396	 95.256171	 95.229295	 95.202767	 95.176588	 95.150756	  95.12527	 95.100129	 95.075333	 95.050881	 95.026771	 95.003002	 94.979573	 94.956483	 94.933729	 94.911312	 94.889229	 94.867478	 94.846059	 94.824968	 94.804206	 94.783769	 94.763656	 94.743865	 94.724395	 94.705242	 94.686406	 94.667883	 94.649673	 94.631772	  94.61418	 94.596892	 94.579908	 94.563225	  94.54684	 94.530752	 94.514958	 94.499456	 94.484242	 94.469316	 94.454674	 94.440315	 94.426234	 94.412432	 94.398903	 94.385648	 94.372662	 94.359943	 94.347489	 94.335298	 94.323367	 94.311693	 94.300274	 94.289108	 94.278193	 94.267525	 94.257103	 94.246923	 94.236985	 94.227284	  94.21782	  94.20859	 94.199591	 94.190821	 94.182278	 94.173959	 94.165864	 94.157988	 94.150331	 94.142891	 94.135664	 94.128649	 94.121845	 94.115249	 94.108859	 94.102674	 94.096691	 94.090909	 94.085326	 94.079941	 94.074751	 94.069755	 94.064952	 94.060341	 94.055918	 94.051684	 94.047637	 94.043776	 94.040099	 94.036604	 94.033292	 94.030161	 94.027209	 94.024436	 94.021841	 94.019424	 94.017182	 94.015115	 94.013224	 94.011506	 94.009962	 94.008591	 94.007392	 94.006365	  94.00551	 94.004826	 94.004314	 94.003972	 94.003802	
        99	 98.944264	 98.888536	 98.832823	 98.777134	 98.721476	 98.665856	 98.610282	 98.554763	 98.499305	 98.443916	 98.388604	 98.333377	 98.278241	 98.223205	 98.168276	 98.113461	 98.058768	 98.004204	 97.949776	 97.895491	 97.841357	 97.787381	 97.733569	 97.679929	 97.626467	 97.573191	 97.520107	 97.467221	  97.41454	 97.362072	 97.309821	 97.257795	    97.206	 97.154442	 97.103127	  97.05206	 97.001248	 96.950697	 96.900412	 96.850399	 96.800663	 96.751209	 96.702043	 96.653171	 96.604596	 96.556324	 96.508359	 96.460707	 96.413372	 96.366358	  96.31967	 96.273312	 96.227288	 96.181601	 96.136257	 96.091258	 96.046608	 96.002311	  95.95837	 95.914788	 95.871568	 95.828714	 95.786228	 95.744113	 95.702371	 95.661006	 95.620019	 95.579413	  95.53919	 95.499351	   95.4599	 95.420836	 95.382163	 95.343882	 95.305993	 95.268499	 95.231401	 95.194698	 95.158394	 95.122488	  95.08698	 95.051872	 95.017165	 94.982857	 94.948951	 94.915445	  94.88234	 94.849636	 94.817332	 94.785429	 94.753925	 94.722822	 94.692117	  94.66181	 94.631901	 94.602389	 94.573272	  94.54455	 94.516222	 94.488286	 94.460741	 94.433586	 94.406819	 94.380439	 94.354445	 94.328834	 94.303604	 94.278755	 94.254284	 94.230189	 94.206469	 94.183121	 94.160143	 94.137532	 94.115288	 94.093407	 94.071887	 94.050726	 94.029921	 94.009471	 93.989372	 93.969622	 93.950218	 93.931158	 93.912439	 93.894059	 93.876015	 93.858304	 93.840923	 93.823871	 93.807143	 93.790738	 93.774652	 93.758882	 93.743427	 93.728283	 93.713447	 93.698916	 93.684688	  93.67076	 93.657129	 93.643792	 93.630747	 93.617991	  93.60552	 93.593332	 93.581425	 93.569796	 93.558441	 93.547359	 93.536547	 93.526001	  93.51572	 93.505701	 93.495941	 93.486437	 93.477188	 93.468191	 93.459443	 93.450942	 93.442686	 93.434672	 93.426899	 93.419363	 93.412063	 93.404996	 93.398161	 93.391555	 93.385177	 93.379024	 93.373095	 93.367388	 93.361901	 93.356632	  93.35158	 93.346743	 93.342119	 93.337708	 93.333506	 93.329515	  93.32573	 93.322153	 93.318781	 93.315613	 93.312648	 93.309886	 93.307325	 93.304964	 93.302803	 93.300841	 93.299077	  93.29751	 93.296141	 93.294967	 93.293991	 93.293209	 93.292624	 93.292234	 93.292039	
        99	 98.937322	 98.874652	    98.812	 98.749374	 98.686783	 98.624235	  98.56174	 98.499305	 98.436939	 98.374651	  98.31245	 98.250343	  98.18834	 98.126449	 98.064678	 98.003036	  97.94153	 97.880169	 97.818962	 97.757916	 97.697039	 97.636339	 97.575825	 97.515503	 97.455383	  97.39547	 97.335774	 97.276301	 97.217059	 97.158055	 97.099296	  97.04079	 96.982543	 96.924563	 96.866856	 96.809428	 96.752288	  96.69544	 96.638891	 96.582649	 96.526718	 96.471104	 96.415814	 96.360854	 96.306229	 96.251944	 96.198005	 96.144418	 96.091187	 96.038317	 95.985813	 95.933681	 95.881924	 95.830547	 95.779554	  95.72895	 95.678739	 95.628924	  95.57951	 95.530499	 95.481897	 95.433704	 95.385927	 95.338566	 95.291625	 95.245107	 95.199015	 95.153351	 95.108118	 95.063317	 95.018951	 94.975022	 94.931532	 94.888483	 94.845875	  94.80371	 94.761991	 94.720717	 94.679891	 94.639512	 94.599582	 94.560101	  94.52107	  94.48249	  94.44436	  94.40668	 94.369452	 94.332674	 94.296347	  94.26047	 94.225042	 94.190064	 94.155535	 94.121453	 94.087819	 94.054631	 94.021887	 93.989588	 93.957731	 93.926315	  93.89534	 93.864802	 93.834701	 93.805036	 93.775803	 93.747002	  93.71863	 93.690686	 93.663167	 93.636071	 93.609396	 93.583139	 93.557299	 93.531873	 93.506857	 93.482251	 93.458051	 93.434254	 93.410858	  93.38786	 93.365257	 93.343047	 93.321227	 93.299793	 93.278742	 93.258073	 93.237781	 93.217864	 93.198319	 93.179142	 93.160331	 93.141882	 93.123792	 93.106059	 93.088678	 93.071648	 93.054964	 93.038623	 93.022623	  93.00696	 92.991631	 92.976633	 92.961963	 92.947618	 92.933594	 92.919888	 92.906498	  92.89342	 92.880651	 92.868188	 92.856029	  92.84417	 92.832608	 92.821341	 92.810365	 92.799678	 92.789277	 92.779159	 92.769322	 92.759762	 92.750478	 92.741466	 92.732724	 92.724249	  92.71604	 92.708093	 92.700406	 92.692978	 92.685805	 92.678886	 92.672219	 92.665801	  92.65963	 92.653705	 92.648024	 92.642584	 92.637384	 92.632423	 92.627699	  92.62321	 92.618954	 92.614931	 92.611139	 92.607577	 92.604243	 92.601136	 92.598256	 92.595601	 92.593171	 92.590964	  92.58898	 92.587219	 92.585679	 92.584359	 92.583261	 92.582383	 92.581724	 92.581285	 92.581066	
        99	 98.930388	 98.860786	 98.791203	 98.721649	 98.652134	 98.582667	 98.513258	 98.443916	 98.374651	 98.305473	 98.236391	 98.167414	 98.098552	 98.029814	  97.96121	 97.892748	 97.824438	  97.75629	 97.688311	 97.620512	 97.552901	 97.485486	 97.418278	 97.351283	 97.284512	 97.217972	 97.151671	 97.085619	 97.019823	 96.954292	 96.889033	 96.824055	 96.759365	 96.694971	  96.63088	   96.5671	 96.503638	 96.440501	 96.377697	 96.315233	 96.253114	 96.191349	 96.129943	 96.068903	 96.008234	 95.947944	 95.888039	 95.828523	 95.769404	 95.710685	 95.652373	 95.594474	 95.536991	 95.479931	 95.423297	 95.367095	  95.31133	 95.256004	 95.201123	 95.146691	 95.092712	 95.039188	 94.986125	 94.933525	 94.881392	 94.829728	 94.778537	 94.727822	 94.677584	 94.627828	 94.578554	 94.529765	 94.481464	 94.433652	 94.386331	 94.339502	 94.293168	 94.247328	 94.201985	  94.15714	 94.112792	 94.068944	 94.025595	 93.982747	 93.940399	 93.898551	 93.857204	 93.816358	 93.776012	 93.736166	  93.69682	 93.657972	 93.619623	 93.581772	 93.544416	 93.507557	 93.471191	 93.435318	 93.399937	 93.365047	 93.330644	 93.296729	 93.263298	 93.230351	 93.197884	 93.165897	 93.134387	 93.103351	 93.072788	 93.042694	 93.013068	 92.983907	 92.955208	 92.926969	 92.899187	 92.871858	 92.844981	 92.818552	 92.792567	 92.767025	 92.741922	 92.717255	 92.693021	 92.669216	 92.645837	 92.622881	 92.600344	 92.578224	 92.556516	 92.535218	 92.514326	 92.493836	 92.473746	  92.45405	 92.434747	 92.415833	 92.397303	 92.379155	 92.361385	 92.343989	 92.326965	 92.310308	 92.294014	 92.278082	 92.262507	 92.247285	 92.232413	 92.217889	 92.203707	 92.189866	 92.176362	 92.163191	  92.15035	 92.137836	 92.125646	 92.113777	 92.102225	 92.090988	 92.080063	 92.069445	 92.059134	 92.049125	 92.039416	 92.030004	 92.020886	  92.01206	 92.003523	 91.995273	 91.987307	 91.979623	 91.972218	  91.96509	 91.958236	 91.951656	 91.945346	 91.939304	  91.93353	  91.92802	 91.922773	 91.917787	 91.913061	 91.908592	 91.904381	 91.900424	 91.896722	 91.893272	 91.890073	 91.887124	 91.884425	 91.881974	 91.879771	 91.877815	 91.876104	 91.874639	 91.873419	 91.872443	 91.871712	 91.871224	 91.870981	
        99	 98.923464	 98.846939	 98.770435	 98.693963	 98.617533	 98.541156	 98.464843	 98.388604	  98.31245	 98.236391	 98.160437	 98.084599	 98.008888	 97.933313	 97.857885	 97.782613	 97.707509	 97.632582	 97.557842	 97.483299	 97.408963	 97.334843	 97.260949	 97.187291	 97.113878	 97.040719	 96.967824	 96.895202	 96.822862	 96.750812	 96.679063	 96.607621	 96.536496	 96.465697	 96.395231	 96.325107	 96.255333	 96.185917	 96.116866	 96.048188	 95.979891	 95.911982	 95.844468	 95.777356	 95.710653	 95.644367	 95.578502	 95.513067	 95.448067	 95.383508	 95.319396	 95.255737	 95.192537	 95.129801	 95.067535	 95.005743	  94.94443	 94.883601	 94.823262	 94.763415	 94.704067	  94.64522	 94.586878	 94.529046	 94.471728	 94.414925	 94.358642	 94.302882	 94.247648	 94.192942	 94.138767	 94.085126	 94.032021	 93.979453	 93.927425	 93.875938	 93.824995	 93.774596	 93.724743	 93.675436	 93.626678	 93.578468	 93.530808	 93.483698	 93.437137	 93.391127	 93.345668	 93.300759	   93.2564	  93.21259	  93.16933	 93.126619	 93.084455	 93.042839	 93.001768	 92.961242	 92.921259	 92.881818	 92.842918	 92.804557	 92.766732	 92.729443	 92.692688	 92.656463	 92.620767	 92.585598	 92.550954	 92.516831	 92.483228	 92.450141	 92.417568	 92.385507	 92.353953	 92.322905	 92.292359	 92.262313	 92.232762	 92.203704	 92.175135	 92.147052	 92.119452	 92.092332	 92.065687	 92.039514	 92.013809	  91.98857	 91.963792	 91.939471	 91.915605	 91.892188	 91.869218	  91.84669	 91.824601	 91.802947	 91.781724	 91.760928	 91.740555	 91.720602	 91.701064	 91.681938	  91.66322	 91.644906	 91.626993	 91.609475	 91.592351	 91.575615	 91.559264	 91.543295	 91.527703	 91.512485	 91.497637	 91.483156	 91.469038	  91.45528	 91.441877	 91.428828	 91.416127	 91.403772	  91.39176	 91.380086	 91.368749	 91.357744	  91.34707	 91.336721	 91.326697	 91.316993	 91.307607	 91.298536	 91.289778	 91.281329	 91.273188	 91.265351	 91.257816	 91.250581	 91.243643	 91.237001	 91.230652	 91.224593	 91.218825	 91.213343	 91.208147	 91.203234	 91.198603	 91.194253	 91.190182	 91.186389	 91.182872	 91.179631	 91.176663	 91.173968	 91.171546	 91.169395	 91.167514	 91.165903	 91.164562	 91.163489	 91.162685	 91.162149	 91.161881	
        99	 98.916551	 98.833113	 98.749698	 98.666318	 98.582985	 98.499709	 98.416502	 98.333377	 98.250343	 98.167414	 98.084599	 98.001911	 97.919361	 97.836959	 97.754717	 97.672647	 97.590759	 97.509063	 97.427572	 97.346295	 97.265244	 97.184429	  97.10386	 97.023549	 96.943504	 96.863737	 96.784258	 96.705076	 96.626201	 96.547643	 96.469412	 96.391518	 96.313968	 96.236773	 96.159942	 96.083484	 96.007407	  95.93172	 95.856432	 95.781551	 95.707084	 95.633041	 95.559428	 95.486255	 95.413527	 95.341252	 95.269439	 95.198092	 95.127221	  95.05683	 94.986927	 94.917518	 94.848609	 94.780206	 94.712315	 94.644941	  94.57809	 94.511767	 94.445977	 94.380725	 94.316015	 94.251852	 94.188241	 94.125185	 94.062689	 94.000755	 93.939388	 93.878592	 93.818368	 93.758721	 93.699652	 93.641165	 93.583263	 93.525947	 93.469219	 93.413082	 93.357536	 93.302585	 93.248229	 93.194469	 93.141306	 93.088741	 93.036776	  92.98541	 92.934644	 92.884478	 92.834912	 92.785946	  92.73758	 92.689814	 92.642646	 92.596076	 92.550104	 92.504728	 92.459947	  92.41576	 92.372166	 92.329163	 92.286749	 92.244922	 92.203681	 92.163024	 92.122948	 92.083451	 92.044531	 92.006185	 91.968411	 91.931206	 91.894568	 91.858492	 91.822977	 91.788019	 91.753616	 91.719763	 91.686458	 91.653697	 91.621477	 91.589794	 91.558645	 91.528025	 91.497932	 91.468362	  91.43931	 91.410773	 91.382747	 91.355228	 91.328211	 91.301694	 91.275671	 91.250139	 91.225094	 91.200531	 91.176447	 91.152837	 91.129696	 91.107022	 91.084809	 91.063053	 91.041751	 91.020897	 91.000489	 90.980521	 90.960989	 90.941889	 90.923218	  90.90497	 90.887142	  90.86973	  90.85273	 90.836137	 90.819949	  90.80416	 90.788766	 90.773765	 90.759152	 90.744924	 90.731076	 90.717605	 90.704507	 90.691779	 90.679418	 90.667419	  90.65578	 90.644497	 90.633567	 90.622987	 90.612753	 90.602863	 90.593314	 90.584102	 90.575225	  90.56668	 90.558464	 90.550575	 90.543011	 90.535769	 90.528846	 90.522241	 90.515951	 90.509974	 90.504308	 90.498952	 90.493903	  90.48916	 90.484722	 90.480586	 90.476751	 90.473216	 90.469981	 90.467043	 90.464401	 90.462056	 90.460005	 90.458249	 90.456786	 90.455617	  90.45474	 90.454156	 90.453864	
        99	 98.909649	  98.81931	 98.728996	  98.63872	 98.548494	  98.45833	 98.368242	 98.278241	  98.18834	 98.098552	 98.008888	 97.919361	 97.829982	 97.740766	 97.651722	 97.562863	 97.474202	  97.38575	 97.297519	  97.20952	 97.121765	 97.034266	 96.947033	 96.860079	 96.773414	  96.68705	 96.600997	 96.515266	 96.429867	 96.344812	 96.260111	 96.175774	  96.09181	 96.008231	 95.925045	 95.842263	 95.759894	 95.677947	 95.596432	 95.515357	 95.434732	 95.354565	 95.274864	 95.195638	 95.116895	 95.038643	 94.960889	 94.883642	 94.806909	 94.730696	 94.655012	 94.579862	 94.505254	 94.431193	 94.357687	  94.28474	  94.21236	 94.140552	  94.06932	 93.998671	 93.928609	  93.85914	 93.790267	 93.721996	 93.654331	 93.587275	 93.520832	 93.455007	 93.389803	 93.325222	 93.261268	 93.197944	 93.135252	 93.073196	 93.011776	 92.950996	 92.890856	  92.83136	 92.772508	 92.714301	 92.656742	  92.59983	 92.543566	 92.487952	 92.432987	 92.378672	 92.325006	 92.271991	 92.219624	 92.167907	 92.116838	 92.066417	 92.016642	 91.967513	 91.919029	 91.871187	 91.823987	 91.777427	 91.731505	 91.686219	 91.641567	 91.597547	 91.554157	 91.511393	 91.469254	 91.427737	 91.386839	 91.346557	 91.306888	 91.267828	 91.229376	 91.191527	 91.154278	 91.117625	 91.081565	 91.046095	  91.01121	 90.976907	 90.943181	 90.910029	 90.877447	 90.845431	 90.813976	 90.783079	 90.752735	 90.722939	 90.693689	 90.664978	 90.636803	 90.609159	 90.582043	 90.555449	 90.529372	 90.503809	 90.478755	 90.454205	 90.430155	   90.4066	 90.383536	 90.360957	 90.338861	 90.317241	 90.296094	 90.275414	 90.255198	 90.235442	 90.216139	 90.197287	 90.178881	 90.160916	 90.143388	 90.126293	 90.109627	 90.093385	 90.077563	 90.062158	 90.047165	  90.03258	 90.018399	 90.004618	 89.991235	 89.978244	 89.965642	 89.953426	 89.941592	 89.930136	 89.919056	 89.908348	 89.898009	 89.888035	 89.878423	 89.869172	 89.860277	 89.851736	 89.843546	 89.835704	 89.828209	 89.821058	 89.814247	 89.807776	 89.801642	 89.795842	 89.790376	 89.785241	 89.780435	 89.775957	 89.771805	 89.767978	 89.764475	 89.761294	 89.758434	 89.755895	 89.753675	 89.751773	 89.750189	 89.748923	 89.747974	 89.747341	 89.747025	
        99	 98.902759	 98.805532	 98.708331	 98.611171	 98.514065	 98.417027	 98.320069	 98.223205	 98.126449	 98.029814	 97.933313	 97.836959	 97.740766	 97.644746	 97.548912	 97.453278	 97.357856	 97.262659	   97.1677	 97.072991	 96.978545	 96.884373	 96.790489	 96.696905	 96.603631	 96.510681	 96.418066	 96.325798	 96.233888	 96.142347	 96.051187	 95.960419	 95.870053	 95.780101	 95.690572	 95.601477	 95.512828	 95.424632	 95.336901	 95.249644	 95.162871	  95.07659	 94.990812	 94.905545	 94.820798	 94.736579	 94.652896	 94.569759	 94.487174	  94.40515	 94.323695	 94.242815	 94.162517	 94.082809	 94.003698	 93.925189	  93.84729	 93.770006	 93.693343	 93.617306	 93.541902	 93.467136	 93.393011	 93.319534	 93.246709	  93.17454	 93.103031	 93.032187	  92.96201	 92.892505	 92.823674	 92.755522	  92.68805	 92.621261	 92.555158	 92.489743	 92.425018	 92.360985	 92.297645	    92.235	 92.173051	   92.1118	 92.051246	 91.991391	 91.932235	 91.873778	  91.81602	 91.758962	 91.702603	 91.646942	 91.591979	 91.537713	 91.484143	 91.431268	 91.379086	 91.327597	 91.276797	 91.226687	 91.177263	 91.128524	 91.080467	 91.033091	 90.986391	 90.940367	 90.895015	 90.850332	 90.806315	 90.762961	 90.720267	  90.67823	 90.636845	  90.59611	 90.556021	 90.516573	 90.477764	 90.439589	 90.402043	 90.365124	 90.328827	 90.293147	 90.258081	 90.223623	  90.18977	 90.156517	 90.123859	 90.091791	  90.06031	  90.02941	 89.999087	 89.969336	 89.940151	 89.911529	 89.883464	 89.855952	 89.828987	 89.802565	 89.776681	  89.75133	 89.726507	 89.702207	 89.678426	 89.655157	 89.632398	 89.610141	 89.588384	 89.567121	 89.546347	 89.526057	 89.506247	 89.486912	 89.468048	  89.44965	 89.431712	 89.414232	 89.397204	 89.380624	 89.364487	  89.34879	 89.333528	 89.318697	 89.304292	 89.290311	 89.276748	   89.2636	 89.250864	 89.238535	  89.22661	 89.215085	 89.203958	 89.193223	 89.182879	 89.172922	 89.163349	 89.154156	 89.145342	 89.136902	 89.128836	 89.121139	 89.113809	 89.106845	 89.100243	 89.094001	 89.088118	 89.082591	 89.077419	 89.072599	 89.068131	 89.064012	 89.060242	 89.056818	  89.05374	 89.051007	 89.048618	 89.046571	 89.044867	 89.043504	 89.042482	 89.041802	 89.041461	
        99	 98.895883	  98.79178	 98.687707	 98.583676	 98.479704	 98.375803	 98.271989	 98.168276	 98.064678	  97.96121	 97.857885	 97.754717	 97.651722	 97.548912	 97.446302	 97.343905	 97.241736	 97.139807	 97.038133	 96.936727	 96.835602	 96.734772	 96.634249	 96.534047	 96.434178	 96.334655	 96.235491	 96.136699	 96.038289	 95.940275	 95.842669	 95.745482	 95.648727	 95.552413	 95.456554	 95.361159	 95.266241	 95.171809	 95.077874	 94.984447	 94.891538	 94.799156	 94.707312	 94.616016	 94.525276	 94.435101	 94.345501	 94.256485	 94.168061	 94.080237	 93.993021	 93.906422	 93.820447	 93.735102	 93.650397	 93.566337	 93.482929	  93.40018	 93.318095	 93.236682	 93.155946	 93.075893	 92.996527	 92.917854	 92.839879	 92.762607	 92.686042	 92.610187	 92.535048	 92.460628	 92.386931	 92.313959	 92.241716	 92.170204	 92.099427	 92.029386	 91.960084	 91.891523	 91.823704	  91.75663	   91.6903	 91.624717	 91.559882	 91.495794	 91.432455	 91.369864	 91.308023	  91.24693	 91.186585	 91.126988	 91.068139	 91.010035	 90.952677	 90.896063	 90.840192	 90.785061	  90.73067	 90.677016	 90.624098	 90.571912	 90.520457	  90.46973	 90.419729	  90.37045	 90.321891	 90.274048	 90.226919	 90.180499	 90.134786	 90.089776	 90.045465	  90.00185	 89.958925	 89.916688	 89.875135	  89.83426	  89.79406	  89.75453	 89.715666	 89.677464	 89.639918	 89.603023	 89.566776	 89.531172	 89.496204	 89.461869	 89.428162	 89.395077	  89.36261	 89.330754	 89.299506	  89.26886	 89.238811	 89.209353	 89.180482	 89.152191	 89.124477	 89.097333	 89.070755	 89.044737	 89.019273	  88.99436	 88.969991	 88.946161	 88.922865	 88.900098	 88.877855	  88.85613	  88.83492	 88.814218	  88.79402	  88.77432	 88.755114	 88.736398	 88.718166	 88.700413	 88.683136	 88.666328	 88.649987	 88.634107	 88.618684	 88.603714	 88.589192	 88.575115	 88.561478	 88.548277	 88.535509	 88.523169	 88.511254	 88.499761	 88.488685	 88.478024	 88.467774	 88.457931	 88.448494	 88.439458	 88.430821	 88.422579	 88.414731	 88.407274	 88.400205	 88.393523	 88.387223	 88.381306	 88.375768	 88.370608	 88.365823	 88.361413	 88.357376	 88.353711	 88.350415	 88.347489	  88.34493	 88.342739	 88.340914	 88.339455	 88.338361	 88.337632	 88.337267	
        99	 98.889021	 98.778058	 98.667125	 98.556238	 98.445413	 98.334665	  98.22401	 98.113461	 98.003036	 97.892748	 97.782613	 97.672647	 97.562863	 97.453278	 97.343905	  97.23476	 97.125857	 97.017211	 96.908836	 96.800747	 96.692958	 96.585482	 96.478334	 96.371528	 96.265077	 96.158996	 96.053296	 95.947992	 95.843097	 95.738624	 95.634585	 95.530993	 95.427861	   95.3252	 95.223023	 95.121341	 95.020167	 94.919511	 94.819386	 94.719801	 94.620769	 94.522299	 94.424402	 94.327089	 94.230368	 94.134251	 94.038746	 93.943863	 93.849611	 93.755999	 93.663036	 93.570729	 93.479088	 93.388119	 93.297831	 93.208231	 93.119326	 93.031123	 92.943629	  92.85685	 92.770793	 92.685464	 92.600867	  92.51701	 92.433896	 92.351531	  92.26992	 92.189066	 92.108975	  92.02965	 91.951096	 91.873315	  91.79631	 91.720086	 91.644644	 91.569987	 91.496118	 91.423038	  91.35075	 91.279255	 91.208554	 91.138649	  91.06954	 91.001229	 90.933715	    90.867	 90.801082	 90.735963	 90.671641	 90.608117	 90.545389	 90.483456	 90.422318	 90.361973	 90.302419	 90.243655	 90.185679	 90.128489	 90.072083	 90.016458	 89.961612	 89.907542	 89.854245	 89.801719	 89.749959	 89.698963	 89.648728	 89.599249	 89.550524	 89.502547	 89.455316	 89.408826	 89.363072	 89.318052	  89.27376	 89.230191	 89.187342	 89.145207	 89.103781	 89.063061	  89.02304	 88.983715	 88.945079	 88.907128	 88.869856	 88.833258	 88.797329	 88.762064	 88.727456	 88.693502	 88.660194	 88.627528	 88.595499	   88.5641	 88.533325	 88.503171	  88.47363	 88.444697	 88.416367	 88.388634	 88.361493	 88.334937	 88.308962	 88.283561	  88.25873	 88.234463	 88.210754	 88.187598	 88.164989	 88.142923	 88.121393	 88.100396	 88.079924	 88.059974	  88.04054	 88.021618	 88.003202	 87.985287	 87.967868	 87.950942	 87.934502	 87.918546	 87.903067	 87.888062	 87.873526	 87.859455	 87.845845	 87.832693	 87.819993	 87.807742	 87.795936	 87.784572	 87.773646	 87.763155	 87.753096	 87.743464	 87.734258	 87.725473	 87.717108	  87.70916	 87.701625	 87.694502	 87.687787	  87.68148	 87.675577	 87.670076	 87.664977	 87.660276	 87.655973	 87.652066	 87.648553	 87.645434	 87.642707	 87.640371	 87.638426	 87.636871	 87.635705	 87.634928	 87.634539	
        99	 98.882174	 98.764365	 98.646589	 98.528861	 98.411199	 98.293619	 98.176136	 98.058768	  97.94153	 97.824438	 97.707509	 97.590759	 97.474202	 97.357856	 97.241736	 97.125857	 97.010236	 96.894887	 96.779826	 96.665069	 96.550629	 96.436523	 96.322765	  96.20937	 96.096352	 95.983726	 95.871505	 95.759705	 95.648339	  95.53742	 95.426963	  95.31698	 95.207485	  95.09849	  94.99001	 94.882055	 94.774639	 94.667774	 94.561471	 94.455743	 94.350601	 94.246057	  94.14212	 94.038803	 93.936116	 93.834069	 93.732672	 93.631935	 93.531869	 93.432482	 93.333783	 93.235781	 93.138486	 93.041905	 92.946047	 92.850919	 92.756529	 92.662885	 92.569994	 92.477861	 92.386495	 92.295901	 92.206086	 92.117055	 92.028814	 91.941367	 91.854721	  91.76888	 91.683847	 91.599629	 91.516228	 91.433648	 91.351893	 91.270966	  91.19087	 91.111608	 91.033181	 90.955593	 90.878845	 90.802939	 90.727877	 90.653659	 90.580287	 90.507761	 90.436082	 90.365251	 90.295267	  90.22613	  90.15784	 90.090397	 90.023799	 89.958045	 89.893135	 89.829067	 89.765839	  89.70345	 89.641898	 89.581179	 89.521293	 89.462237	 89.404007	 89.346601	 89.290017	 89.234249	 89.179297	 89.125155	  89.07182	 89.019289	 88.967557	 88.916621	 88.866476	 88.817118	 88.768542	 88.720744	 88.673719	 88.627463	  88.58197	 88.537235	 88.493254	 88.450022	 88.407532	  88.36578	 88.324761	 88.284468	 88.244897	 88.206042	 88.167896	 88.130455	 88.093713	 88.057663	 88.022301	  87.98762	 87.953614	 87.920278	 87.887605	  87.85559	 87.824227	 87.793509	 87.763432	 87.733988	 87.705172	 87.676978	   87.6494	 87.622433	  87.59607	 87.570305	 87.545133	 87.520549	 87.496545	 87.473118	  87.45026	 87.427967	 87.406233	 87.385052	 87.364419	 87.344329	 87.324777	 87.305757	 87.287264	 87.269293	 87.251839	 87.234898	 87.218464	 87.202533	 87.187101	 87.172162	 87.157713	 87.143748	 87.130265	 87.117258	 87.104724	 87.092659	  87.08106	 87.069921	 87.059241	 87.049015	 87.039241	 87.029915	 87.021033	 87.012594	 87.004595	 86.997032	 86.989903	 86.983207	  86.97694	   86.9711	 86.965686	 86.960695	 86.956126	 86.951978	 86.948249	 86.944937	 86.942042	 86.939562	 86.937497	 86.935846	 86.934608	 86.933783	  86.93337	
