Time step 93:
        99	        99	        99	        99	        99	        99	        99	        99	        99	        99	        99	        99	        99	        99	        99	        99	        99	        99	        99	        99	        99	        99	        99	        99	        99	        99	        99	        99	        99	        99	        99	        99	        99	        99	        99	        99	        99	        99	        99	        99	        99	        99	        99	        99	        99	        99	        99	        99	        99	        99	        99	        99	        99	        99	        99	        99	        99	        99	        99	        99	        99	        99	        99	        99	        99	        99	        99	        99	        99	        99	        99	        99	        99	        99	        99	        99	        99	        99	        99	        99	        99	        99	        99	        99	        99	        99	        99	        99	        99	        99	        99	        99	        99	        99	        99	        99	        99	        99	        99	        99	        99	        99	        99	        99	        99	        99	        99	        99	        99	        99	        99	        99	        99	        99	        99	        99	        99	        99	        99	        99	        99	        99	        99	        99	        99	        99	        99	        99	        99	        99	        99	        99	        99	        99	        99	        99	        99	        99	        99	        99	        99	        99	        99	        99	        99	        99	        99	        99	        99	        99	        99	        99	        99	        99	        99	        99	        99	        99	        99	        99	        99	        99	        99	        99	        99	        99	        99	        99	        99	        99	        99	        99	        99	        99	        99	        99	        99	        99	        99	        99	        99	        99	        99	        99	        99	        99	        99	        99	        99	        99	        99	        99	        99	        99	        99	        99	        99	        99	        99	        99	
        99	 98.993173	 98.986347	 98.979523	 98.972701	 98.965884	 98.959071	 98.952263	 98.945462	 98.938668	 98.931883	 98.925107	 98.918341	 98.911586	 98.904843	 98.898112	 98.891396	 98.884694	 98.878007	 98.871337	 98.864684	 98.858049	 98.851433	 98.844837	 98.838261	 98.831707	 98.825175	 98.818666	 98.812181	 98.805721	 98.799286	 98.792877	 98.786495	 98.780141	 98.773815	 98.767518	 98.761251	 98.755015	 98.748811	 98.742638	 98.736498	 98.730391	 98.724318	 98.718279	 98.712276	 98.706309	 98.700378	 98.694484	 98.688628	  98.68281	  98.67703	  98.67129	  98.66559	 98.659929	 98.654309	 98.648731	 98.643194	 98.637699	 98.632247	 98.626837	 98.621471	 98.616149	  98.61087	 98.605636	 98.600447	 98.595303	 98.590204	 98.585151	 98.580144	 98.575183	 98.570268	   98.5654	  98.56058	 98.555806	  98.55108	 98.546401	  98.54177	 98.537187	 98.532651	 98.528164	 98.523725	 98.519335	 98.514993	 98.510699	 98.506454	 98.502257	 98.498109	  98.49401	 98.489959	 98.485957	 98.482003	 98.478098	 98.474242	 98.470434	 98.466674	 98.462963	   98.4593	 98.455685	 98.452119	   98.4486	 98.445129	 98.441706	  98.43833	 98.435001	  98.43172	 98.428485	 98.425298	 98.422157	 98.419063	 98.416014	 98.413012	 98.410056	 98.407145	 98.404279	 98.401458	 98.398682	 98.395951	 98.393264	 98.390621	 98.388022	 98.385466	 98.382953	 98.380484	 98.378056	 98.375671	 98.373328	 98.371027	 98.368767	 98.366548	  98.36437	 98.362232	 98.360135	 98.358077	 98.356058	 98.354079	 98.352139	 98.350237	 98.348373	 98.346547	 98.344758	 98.343007	 98.341292	 98.339614	 98.337972	 98.336366	 98.334796	  98.33326	  98.33176	 98.330294	 98.328862	 98.327465	   98.3261	  98.32477	 98.323472	 98.322207	 98.320974	 98.319774	 98.318605	 98.317468	 98.316362	 98.315286	 98.314242	 98.313228	 98.312244	  98.31129	 98.310366	 98.309471	 98.308605	 98.307768	  98.30696	  98.30618	 98.305428	 98.304704	 98.304008	  98.30334	 98.302699	 98.302085	 98.301498	 98.300938	 98.300405	 98.299898	 98.299417	 98.298963	 98.298534	 98.298132	 98.297755	 98.297404	 98.297078	 98.296778	 98.296503	 98.296254	  98.29603	 98.295831	 98.295656	 98.295507	 98.295383	 98.295284	 98.295209	 98.295159	 98.295135	
        99	 98.986347	 98.972696	 98.959048	 98.945406	 98.931772	 98.918147	 98.904533	 98.890931	 98.877345	 98.863775	 98.850224	 98.836693	 98.823184	 98.809698	 98.796239	 98.782806	 98.769403	 98.756031	 98.742692	 98.729387	 98.716118	 98.702887	 98.689695	 98.676545	 98.663437	 98.650374	 98.637357	 98.624388	 98.611468	 98.598598	 98.585781	 98.573019	 98.560311	  98.54766	 98.535068	 98.522535	 98.510064	 98.497655	  98.48531	 98.473031	 98.460818	 98.448673	 98.436597	 98.424592	 98.412658	 98.400797	  98.38901	 98.377298	 98.365663	 98.354105	 98.342625	 98.331224	 98.319904	 98.308666	  98.29751	 98.286436	 98.275447	 98.264543	 98.253725	 98.242994	 98.232349	 98.221793	 98.211326	 98.200948	  98.19066	 98.180464	 98.170358	 98.160344	 98.150423	 98.140595	  98.13086	 98.121219	 98.111672	 98.102221	 98.092864	 98.083602	 98.074436	 98.065366	 98.056393	 98.047516	 98.038735	 98.030051	 98.021464	 98.012974	 98.004582	 97.996286	 97.988088	 97.979987	 97.971983	 97.964077	 97.956268	 97.948555	  97.94094	 97.933421	 97.925999	 97.918674	 97.911445	 97.904312	 97.897275	 97.890333	 97.883487	 97.876736	 97.870079	 97.863517	 97.857049	 97.850674	 97.844393	 97.838204	 97.832108	 97.826104	 97.820191	  97.81437	 97.808639	 97.802998	 97.797447	 97.791984	 97.786611	 97.781325	 97.776127	 97.771016	 97.765991	 97.761051	 97.756197	 97.751428	 97.746742	  97.74214	  97.73762	 97.733183	 97.728827	 97.724551	 97.720356	 97.716241	 97.712204	 97.708246	 97.704365	 97.700562	 97.696834	 97.693182	 97.689605	 97.686103	 97.682674	 97.679318	 97.676034	 97.672822	 97.669681	 97.666611	  97.66361	 97.660679	 97.657816	 97.655021	 97.652293	 97.649631	 97.647036	 97.644506	 97.642041	  97.63964	 97.637302	 97.635028	 97.632816	 97.630666	 97.628577	 97.626549	 97.624582	 97.622674	 97.620825	 97.619036	 97.617304	  97.61563	 97.614014	 97.612454	  97.61095	 97.609503	 97.608111	 97.606774	 97.605492	 97.604265	 97.603091	 97.601971	 97.600904	  97.59989	 97.598929	  97.59802	 97.597164	 97.596359	 97.595605	 97.594903	 97.594252	 97.593652	 97.593103	 97.592604	 97.592155	 97.591757	 97.591408	  97.59111	 97.590862	 97.590663	 97.590514	 97.590415	 97.590365	
        99	 98.979523	 98.959048	 98.938579	 98.918119	 98.897669	 98.877234	 98.856815	 98.836416	 98.816038	 98.795686	 98.775361	 98.755067	 98.734805	  98.71458	 98.694393	 98.674247	 98.654144	 98.634088	 98.614082	 98.594126	 98.574225	 98.554381	 98.534596	 98.514872	 98.495213	 98.475621	 98.456097	 98.436645	 98.417267	 98.397966	 98.378743	   98.3596	 98.340541	 98.321567	 98.302681	 98.283884	 98.265179	 98.246568	 98.228053	 98.209636	 98.191319	 98.173103	 98.154991	 98.136985	 98.119087	 98.101297	 98.083619	 98.066053	 98.048602	 98.031267	 98.014049	  97.99695	 97.979972	 97.963116	 97.946384	 97.929776	 97.913294	  97.89694	 97.880715	 97.864619	 97.848655	 97.832822	 97.817123	 97.801558	 97.786128	 97.770834	 97.755678	 97.740659	 97.725779	 97.711038	 97.696438	 97.681978	  97.66766	 97.653483	 97.639449	 97.625559	 97.611812	 97.598208	 97.584749	 97.571435	 97.558266	 97.545241	 97.532363	 97.519629	 97.507042	   97.4946	 97.482304	 97.470154	  97.45815	 97.446291	 97.434579	 97.423011	  97.41159	 97.400313	 97.389181	 97.378195	 97.367352	 97.356654	 97.346099	 97.335688	  97.32542	 97.315294	  97.30531	 97.295468	 97.285767	 97.276206	 97.266785	 97.257503	  97.24836	 97.239355	 97.230487	 97.221756	  97.21316	   97.2047	 97.196374	 97.188182	 97.180122	 97.172195	 97.164398	 97.156732	 97.149195	 97.141787	 97.134507	 97.127354	 97.120326	 97.113423	 97.106645	 97.099989	 97.093456	 97.087044	 97.080752	  97.07458	 97.068525	 97.062589	 97.056768	 97.051063	 97.045472	 97.039995	  97.03463	 97.029377	 97.024234	 97.019201	 97.014276	 97.009459	 97.004748	 97.000143	 96.995642	 96.991246	 96.986952	 96.982759	 96.978668	 96.974676	 96.970783	 96.966989	 96.963292	  96.95969	 96.956185	 96.952774	 96.949456	 96.946232	 96.943099	 96.940057	 96.937106	 96.934245	 96.931472	 96.928788	 96.926191	  96.92368	 96.921256	 96.918916	 96.916662	 96.914491	 96.912403	 96.910398	 96.908475	 96.906634	 96.904874	 96.903194	 96.901594	 96.900073	 96.898632	 96.897269	 96.895984	 96.894776	 96.893646	 96.892593	 96.891617	 96.890717	 96.889893	 96.889144	 96.888472	 96.887874	 96.887352	 96.886904	 96.886532	 96.886234	  96.88601	 96.885862	 96.885787	
        99	 98.972701	 98.945406	 98.918119	 98.890842	 98.863581	 98.836338	 98.809117	 98.781922	 98.754757	 98.727624	 98.700529	 98.673474	 98.646463	   98.6195	 98.592588	 98.565731	 98.538932	 98.512195	 98.485524	 98.458921	  98.43239	 98.405935	 98.379559	 98.353265	 98.327057	 98.300938	 98.274911	  98.24898	 98.223146	 98.197415	 98.171788	 98.146269	 98.120861	 98.095566	 98.070388	  98.04533	 98.020394	 97.995583	   97.9709	 97.946348	 97.921929	 97.897646	   97.8735	 97.849496	 97.825635	  97.80192	 97.778352	 97.754935	 97.731671	  97.70856	 97.685607	 97.662812	 97.640178	 97.617707	 97.595401	 97.573261	 97.551289	 97.529487	 97.507856	 97.486399	 97.465116	 97.444009	 97.423081	  97.40233	 97.381761	 97.361372	 97.341167	 97.321145	 97.301308	 97.281657	 97.262192	 97.242916	 97.223828	 97.204929	  97.18622	 97.167702	 97.149375	 97.131241	 97.113298	 97.095549	 97.077992	 97.060629	  97.04346	 97.026485	 97.009704	 96.993118	 96.976726	 96.960528	 96.944525	 96.928717	 96.913102	 96.897682	 96.882455	 96.867422	 96.852582	 96.837936	 96.823481	 96.809219	 96.795149	 96.781269	  96.76758	 96.754082	 96.740772	 96.727651	 96.714718	 96.701972	 96.689413	 96.677039	 96.664851	 96.652846	 96.641024	 96.629384	 96.617925	 96.606646	 96.595547	 96.584625	 96.573881	 96.563312	 96.552919	 96.542699	 96.532652	 96.522776	  96.51307	 96.503534	 96.494165	 96.484963	 96.475926	 96.467054	 96.458344	 96.449796	 96.441408	  96.43318	 96.425109	 96.417194	 96.409435	 96.401829	 96.394376	 96.387074	 96.379923	 96.372919	 96.366063	 96.359353	 96.352788	 96.346366	 96.340086	 96.333947	 96.327947	 96.322085	 96.316361	 96.310772	 96.305317	 96.299996	 96.294807	 96.289748	 96.284819	 96.280018	 96.275345	 96.270797	 96.266375	 96.262076	   96.2579	 96.253845	 96.249911	 96.246097	   96.2424	 96.238822	 96.235359	 96.232012	  96.22878	 96.225662	 96.222656	 96.219762	 96.216979	 96.214306	 96.211742	 96.209288	 96.206941	 96.204702	 96.202569	 96.200541	  96.19862	 96.196802	 96.195089	  96.19348	 96.191974	  96.19057	 96.189268	 96.188068	  96.18697	 96.185972	 96.185075	 96.184279	 96.183582	 96.182986	 96.182489	 96.182092	 96.181794	 96.181595	 96.181496	
        99	 98.965884	 98.931772	 98.897669	 98.863581	 98.829511	 98.795464	 98.761445	 98.727458	 98.693508	   98.6596	 98.625737	 98.591926	 98.558169	 98.524472	 98.490839	 98.457274	 98.423783	 98.390368	 98.357036	 98.323789	 98.290632	  98.25757	 98.224607	 98.191746	 98.158993	 98.126351	 98.093824	 98.061416	 98.029131	 97.996973	 97.964946	 97.933054	   97.9013	 97.869688	 97.838222	 97.806906	 97.775742	 97.744735	 97.713888	 97.683203	 97.652686	 97.622338	 97.592162	 97.562163	 97.532343	 97.502705	 97.473252	 97.443986	 97.414911	 97.386029	 97.357343	 97.328856	 97.300569	 97.272486	 97.244609	 97.216939	  97.18948	 97.162233	   97.1352	 97.108384	 97.081786	 97.055408	 97.029252	  97.00332	 96.977613	 96.952133	 96.926881	 96.901859	 96.877067	 96.852508	 96.828183	 96.804092	 96.780237	 96.756618	 96.733237	 96.710094	 96.687191	 96.664527	 96.642103	 96.619921	  96.59798	  96.57628	 96.554824	 96.533609	 96.512637	 96.491909	 96.471423	  96.45118	  96.43118	 96.411423	 96.391909	 96.372637	 96.353608	 96.334821	 96.316275	  96.29797	 96.279906	 96.262082	 96.244497	 96.227152	 96.210044	 96.193174	  96.17654	 96.160143	  96.14398	 96.128051	 96.112355	 96.096891	 96.081658	 96.066655	  96.05188	 96.037333	 96.023013	 96.008917	 95.995046	 95.981397	 95.967969	 95.954761	 95.941772	    95.929	 95.916443	 95.904101	 95.891971	 95.880053	 95.868345	 95.856844	 95.845551	 95.834462	 95.823577	 95.812894	 95.802412	 95.792128	 95.782041	  95.77215	 95.762453	 95.752948	 95.743634	 95.734508	  95.72557	 95.716818	  95.70825	 95.699864	 95.691659	 95.683633	 95.675785	 95.668112	 95.660614	 95.653289	 95.646134	  95.63915	 95.632333	 95.625683	 95.619197	 95.612875	 95.606715	 95.600716	 95.594875	 95.589192	 95.583665	 95.578292	 95.573073	 95.568006	 95.563089	 95.558322	 95.553703	  95.54923	 95.544903	  95.54072	 95.536681	 95.532783	 95.529027	  95.52541	 95.521932	 95.518592	 95.515388	  95.51232	 95.509388	 95.506589	 95.503923	  95.50139	 95.498988	 95.496717	 95.494576	 95.492565	 95.490682	 95.488928	 95.487301	 95.485801	 95.484428	 95.483182	 95.482061	 95.481065	 95.480195	  95.47945	 95.478829	 95.478332	  95.47796	 95.477712	 95.477588	
        99	 98.959071	 98.918147	 98.877234	 98.836338	 98.795464	 98.754618	 98.713805	 98.673031	 98.632301	 98.591621	 98.550997	 98.510433	 98.469935	 98.429508	 98.389159	 98.348891	 98.308711	 98.268624	 98.228635	 98.188749	 98.148971	 98.109306	  98.06976	 98.030337	 97.991043	 97.951882	 97.912859	 97.873979	 97.835247	 97.796667	 97.758244	 97.719983	 97.681888	 97.643963	 97.606214	 97.568643	 97.531256	 97.494057	 97.457049	 97.420237	 97.383625	 97.347217	 97.311016	 97.275025	  97.23925	 97.203693	 97.168358	 97.133248	 97.098367	 97.063717	 97.029303	 96.995126	 96.961191	 96.927499	 96.894055	  96.86086	 96.827917	 96.795228	 96.762797	 96.730626	 96.698716	 96.667071	 96.635691	  96.60458	  96.57374	 96.543171	 96.512876	 96.482857	 96.453115	 96.423652	 96.394468	 96.365567	 96.336947	 96.308612	 96.280562	 96.252797	  96.22532	  96.19813	 96.171228	 96.144616	 96.118293	 96.092261	 96.066519	 96.041068	 96.015908	  95.99104	 95.966463	 95.942177	 95.918184	 95.894481	  95.87107	  95.84795	  95.82512	 95.802581	 95.780332	 95.758371	   95.7367	 95.715316	  95.69422	  95.67341	 95.652886	 95.632647	 95.612692	  95.59302	 95.573629	 95.554519	 95.535688	 95.517136	 95.498861	 95.480862	 95.463137	 95.445685	 95.428505	 95.411594	 95.394953	 95.378578	 95.362469	 95.346623	  95.33104	 95.315717	 95.300653	 95.285846	 95.271294	 95.256996	 95.242949	 95.229152	 95.215603	   95.2023	 95.189242	 95.176425	  95.16385	 95.151512	 95.139411	 95.127545	 95.115911	 95.104508	 95.093333	 95.082386	 95.071663	 95.061163	 95.050883	 95.040823	 95.030979	  95.02135	 95.011935	  95.00273	 94.993734	 94.984946	 94.976363	 94.967984	 94.959806	 94.951827	 94.944047	 94.936462	 94.929072	 94.921874	 94.914867	 94.908049	 94.901418	 94.894973	 94.888711	 94.882632	 94.876734	 94.871015	 94.865473	 94.860107	 94.854916	 94.849898	 94.845052	 94.840376	 94.835869	  94.83153	 94.827357	  94.82335	 94.819507	 94.815826	 94.812308	  94.80895	 94.805752	 94.802713	 94.799831	 94.797107	 94.794539	 94.792125	 94.789867	 94.787762	 94.785811	 94.784011	 94.782364	 94.780869	 94.779524	  94.77833	 94.777286	 94.776391	 94.775646	 94.775051	 94.774604	 94.774307	 94.774158	
        99	 98.952263	 98.904533	 98.856815	 98.809117	 98.761445	 98.713805	 98.666204	 98.618648	 98.571144	 98.523698	 98.476317	 98.429006	 98.381772	 98.334622	 98.287561	 98.240597	 98.193734	 98.146979	 98.100339	 98.053818	 98.007424	 97.961163	 97.915039	  97.86906	  97.82323	 97.777555	 97.732042	 97.686695	 97.641521	 97.596525	 97.551711	 97.507086	 97.462655	 97.418423	 97.374394	 97.330575	  97.28697	 97.243583	  97.20042	 97.157486	 97.114784	  97.07232	 97.030098	 96.988122	 96.946396	 96.904925	 96.863713	 96.822764	 96.782081	 96.741668	  96.70153	 96.661669	 96.622089	 96.582794	 96.543787	  96.50507	 96.466648	 96.428523	 96.390698	 96.353175	 96.315959	  96.27905	 96.242451	 96.206166	 96.170196	 96.134543	 96.099209	 96.064197	 96.029508	 95.995144	 95.961107	 95.927398	 95.894019	 95.860971	 95.828255	 95.795873	 95.763825	 95.732113	 95.700737	 95.669698	 95.638998	 95.608635	 95.578612	 95.548928	 95.519583	 95.490579	 95.461914	  95.43359	 95.405605	 95.377961	 95.350656	  95.32369	 95.297063	 95.270775	 95.244825	 95.219212	 95.193936	 95.168996	 95.144391	  95.12012	 95.096183	 95.072577	 95.049303	 95.026359	 95.003743	 94.981454	 94.959492	 94.937854	  94.91654	 94.895547	 94.874874	 94.854519	 94.834481	 94.814758	 94.795348	  94.77625	 94.757462	 94.738981	 94.720805	 94.702934	 94.685365	 94.668095	 94.651123	 94.634446	 94.618063	 94.601972	 94.586169	 94.570654	 94.555423	 94.540475	 94.525808	 94.511418	 94.497305	 94.483464	 94.469896	 94.456596	 94.443563	 94.430794	 94.418288	 94.406041	 94.394052	 94.382318	 94.370838	 94.359607	 94.348626	  94.33789	 94.327398	 94.317148	 94.307138	 94.297365	 94.287826	 94.278521	 94.269446	 94.260601	 94.251981	 94.243586	 94.235414	 94.227462	 94.219728	  94.21221	 94.204908	 94.197817	 94.190938	 94.184267	 94.177804	 94.171546	 94.165491	 94.159639	 94.153986	 94.148533	 94.143276	 94.138216	 94.133349	 94.128675	 94.124193	   94.1199	 94.115796	  94.11188	  94.10815	 94.104605	 94.101245	 94.098067	 94.095072	 94.092257	 94.089623	 94.087168	 94.084892	 94.082794	 94.080872	 94.079128	  94.07756	 94.076167	 94.074949	 94.073906	 94.073037	 94.072342	 94.071822	 94.071475	 94.071301	
        99	 98.945462	 98.890931	 98.836416	 98.781922	 98.727458	 98.673031	 98.618648	 98.564317	 98.510046	  98.45584	 98.401708	 98.347657	 98.293694	 98.239826	 98.186061	 98.132405	 98.078865	  98.02545	 97.972164	 97.919016	 97.866013	  97.81316	 97.760465	 97.707935	 97.655576	 97.603394	 97.551397	  97.49959	  97.44798	 97.396572	 97.345374	 97.294392	 97.243631	 97.193096	 97.142795	 97.092733	 97.042915	 96.993348	 96.944035	 96.894984	 96.846199	 96.797685	 96.749447	 96.701491	  96.65382	 96.606441	 96.559358	 96.512574	 96.466095	 96.419925	 96.374068	 96.328528	  96.28331	 96.238416	 96.193851	 96.149619	 96.105723	 96.062166	 96.018952	 95.976084	 95.933565	 95.891398	 95.849585	  95.80813	 95.767035	 95.726303	 95.685935	 95.645935	 95.606304	 95.567045	 95.528158	 95.489647	 95.451512	 95.413756	 95.376379	 95.339383	 95.302769	 95.266539	 95.230693	 95.195232	 95.160158	  95.12547	 95.091169	 95.057256	 95.023731	 94.990594	 94.957845	 94.925485	 94.893514	 94.861931	 94.830736	 94.799928	 94.769508	 94.739475	 94.709828	 94.680566	 94.651689	 94.623196	 94.595085	 94.567356	 94.540008	  94.51304	  94.48645	 94.460237	 94.434399	 94.408935	 94.383844	 94.359123	 94.334772	 94.310788	 94.287169	 94.263915	 94.241022	 94.218489	 94.196314	 94.174495	  94.15303	 94.131916	 94.111151	 94.090734	 94.070661	 94.050931	 94.031541	 94.012488	 93.993771	 93.975387	 93.957333	 93.939608	 93.922207	  93.90513	 93.888372	 93.871933	 93.855808	 93.839997	 93.824495	   93.8093	  93.79441	 93.779823	 93.765534	 93.751543	 93.737846	  93.72444	 93.711324	 93.698494	 93.685947	 93.673682	 93.661696	 93.649985	 93.638549	 93.627383	 93.616486	 93.605855	 93.595488	 93.585381	 93.575534	 93.565943	 93.556606	 93.547521	 93.538685	 93.530097	 93.521754	 93.513654	 93.505794	 93.498173	 93.490789	 93.483639	 93.476722	 93.470035	 93.463578	 93.457347	 93.451342	  93.44556	     93.44	 93.434661	 93.429539	 93.424635	 93.419947	 93.415473	 93.411211	 93.407162	 93.403322	 93.399692	  93.39627	 93.393054	 93.390045	  93.38724	  93.38464	 93.382242	 93.380047	 93.378054	 93.376263	 93.374671	  93.37328	 93.372088	 93.371096	 93.370302	 93.369707	 93.369311	 93.369113	
        99	 98.938668	 98.877345	 98.816038	 98.754757	 98.693508	 98.632301	 98.571144	 98.510046	 98.449013	 98.388055	  98.32718	 98.266396	 98.205711	 98.145133	  98.08467	 98.024331	 97.964122	 97.904052	 97.844129	 97.784361	 97.724755	 97.665319	  97.60606	 97.546986	 97.488104	 97.429423	 97.370948	 97.312687	 97.254648	 97.196837	 97.139262	 97.081928	 97.024844	 96.968015	 96.911448	  96.85515	 96.799126	 96.743384	 96.687929	 96.632767	 96.577905	 96.523348	 96.469101	 96.415171	 96.361563	 96.308282	 96.255333	 96.202722	 96.150453	 96.098532	 96.046962	  95.99575	 95.944898	 95.894413	 95.844297	 95.794554	  95.74519	 95.696208	  95.64761	 95.599402	 95.551587	 95.504167	 95.457146	 95.410527	 95.364313	 95.318507	 95.273111	 95.228128	  95.18356	  95.13941	 95.095679	 95.052371	 95.009486	 94.967026	 94.924993	 94.883389	 94.842214	 94.801471	  94.76116	 94.721282	 94.681838	 94.642829	 94.604255	 94.566118	 94.528417	 94.491152	 94.454324	 94.417933	 94.381979	 94.346462	 94.311381	 94.276736	 94.242526	 94.208752	 94.175412	 94.142505	 94.110031	 94.077988	 94.046376	 94.015193	 93.984438	 93.954111	 93.924208	 93.894729	 93.865673	 93.837037	  93.80882	  93.78102	 93.753636	 93.726664	 93.700104	 93.673953	 93.648208	 93.622869	 93.597931	 93.573394	 93.549255	 93.525511	  93.50216	 93.479199	 93.456626	 93.434438	 93.412632	 93.391207	 93.370158	 93.349484	 93.329181	 93.309247	 93.289679	 93.270474	  93.25163	 93.233142	 93.215009	 93.197228	 93.179795	 93.162708	 93.145963	 93.129558	  93.11349	 93.097756	 93.082352	 93.067277	 93.052526	 93.038098	 93.023989	 93.010196	 92.996717	 92.983547	 92.970686	  92.95813	 92.945875	  92.93392	 92.922261	 92.910896	 92.899822	 92.889036	 92.878536	 92.868319	 92.858383	 92.848725	 92.839342	 92.830233	 92.821394	 92.812824	  92.80452	 92.796479	 92.788701	 92.781181	  92.77392	 92.766913	  92.76016	 92.753658	 92.747405	   92.7414	 92.735641	 92.730126	 92.724854	 92.719822	  92.71503	 92.710476	 92.706158	 92.702075	 92.698227	 92.694611	 92.691226	 92.688072	 92.685148	 92.682452	 92.679984	 92.677743	 92.675728	 92.673938	 92.672374	 92.671033	 92.669917	 92.669025	 92.668356	  92.66791	 92.667687	
        99	 98.931883	 98.863775	 98.795686	 98.727624	   98.6596	 98.591621	 98.523698	  98.45584	 98.388055	 98.320354	 98.252744	 98.185235	 98.117836	 98.050556	 97.983404	 97.916389	 97.849519	 97.782803	 97.716251	  97.64987	  97.58367	 97.517658	 97.451843	 97.386233	 97.320838	 97.255664	  97.19072	 97.126014	 97.061553	 96.997347	 96.933401	 96.869725	 96.806325	 96.743209	 96.680383	 96.617857	 96.555635	 96.493726	 96.432136	 96.370871	 96.309939	 96.249346	 96.189098	 96.129201	 96.069662	 96.010486	  95.95168	 95.893248	 95.835196	 95.777531	 95.720256	 95.663378	 95.606901	 95.550829	 95.495169	 95.439924	 95.385098	 95.330696	 95.276723	 95.223181	 95.170075	 95.117409	 95.065186	  95.01341	 94.962083	 94.911209	  94.86079	 94.810831	 94.761332	 94.712298	 94.663729	 94.615629	    94.568	 94.520842	 94.474159	 94.427952	 94.382223	 94.336972	 94.292201	 94.247911	 94.204103	 94.160778	 94.117937	  94.07558	 94.033708	 93.992321	 93.951419	 93.911002	  93.87107	 93.831623	 93.792661	 93.754183	 93.716189	 93.678678	 93.641649	 93.605101	 93.569034	 93.533447	 93.498337	 93.463705	 93.429547	 93.395864	 93.362654	 93.329914	 93.297643	 93.265839	   93.2345	 93.203625	  93.17321	 93.143255	 93.113756	 93.084711	 93.056119	 93.027976	 93.000279	 92.973028	 92.946218	 92.919847	 92.893912	 92.868411	 92.843341	 92.818698	  92.79448	 92.770684	 92.747307	 92.724345	 92.701796	 92.679657	 92.657924	 92.636595	 92.615665	 92.595132	 92.574993	 92.555245	 92.535883	 92.516905	 92.498308	 92.480088	 92.462243	 92.444768	  92.42766	 92.410917	 92.394534	  92.37851	  92.36284	 92.347521	  92.33255	 92.317924	  92.30364	 92.289694	 92.276084	 92.262806	 92.249857	 92.237235	 92.224935	 92.212956	 92.201295	 92.189948	 92.178912	 92.168186	 92.157765	 92.147648	 92.137831	 92.128313	  92.11909	  92.11016	 92.101521	 92.093169	 92.085104	 92.077322	 92.069822	   92.0626	 92.055656	 92.048987	 92.042591	 92.036466	  92.03061	 92.025022	 92.019699	 92.014641	 92.009846	 92.005312	 92.001037	 91.997021	 91.993262	 91.989759	 91.986511	 91.983517	 91.980776	 91.978287	 91.976049	 91.974061	 91.972324	 91.970835	 91.969596	 91.968605	 91.967861	 91.967366	 91.967119	
        99	 98.925107	 98.850224	 98.775361	 98.700529	 98.625737	 98.550997	 98.476317	 98.401708	  98.32718	 98.252744	 98.178408	 98.104184	  98.03008	 97.956107	 97.882275	 97.808593	 97.735071	 97.661719	 97.588546	 97.515562	 97.442776	 97.370197	 97.297835	 97.225699	 97.153798	 97.082141	 97.010736	 96.939593	  96.86872	 96.798127	  96.72782	 96.657809	 96.588102	 96.518707	 96.449633	 96.380886	 96.312475	 96.244407	  96.17669	 96.109331	 96.042337	 95.975717	 95.909475	  95.84362	 95.778158	 95.713095	 95.648439	 95.584194	 95.520368	 95.456966	 95.393994	 95.331457	 95.269362	 95.207713	 95.146515	 95.085774	 95.025495	 94.965681	 94.906338	 94.847471	 94.789082	 94.731177	 94.673759	 94.616831	 94.560399	 94.504464	  94.44903	 94.394101	 94.339678	 94.285766	 94.232366	 94.179481	 94.127113	 94.075265	 94.023938	 93.973134	 93.922855	 93.873103	 93.823878	 93.775183	 93.727017	 93.679382	 93.632279	 93.585709	 93.539671	 93.494167	 93.449196	 93.404758	 93.360854	 93.317483	 93.274645	 93.232339	 93.190566	 93.149323	 93.108611	 93.068427	 93.028773	 92.989645	 92.951043	 92.912965	  92.87541	 92.838376	 92.801862	 92.765865	 92.730383	 92.695416	  92.66096	 92.627013	 92.593573	 92.560637	 92.528204	  92.49627	 92.464833	 92.433891	 92.403439	 92.373477	    92.344	 92.315005	 92.286491	 92.258453	 92.230889	 92.203794	 92.177167	 92.151004	 92.125301	 92.100056	 92.075264	 92.050922	 92.027027	 92.003576	 91.980564	 91.957989	 91.935846	 91.914133	 91.892846	  91.87198	 91.851533	 91.831501	 91.811879	 91.792666	 91.773857	 91.755448	 91.737436	 91.719817	 91.702588	 91.685745	 91.669285	 91.653204	 91.637499	 91.622166	 91.607202	 91.592603	 91.578366	 91.564488	 91.550965	 91.537795	 91.524973	 91.512497	 91.500364	  91.48857	 91.477113	 91.465989	 91.455196	 91.444731	 91.434591	 91.424772	 91.415274	 91.406092	 91.397224	 91.388668	 91.380422	 91.372482	 91.364847	 91.357514	 91.350482	 91.343747	 91.337309	 91.331165	 91.325313	 91.319752	 91.314479	 91.309494	 91.304794	 91.300379	 91.296246	 91.292395	 91.288824	 91.285532	 91.282518	 91.279781	  91.27732	 91.275135	 91.273224	 91.271588	 91.270225	 91.269135	 91.268318	 91.267774	 91.267502	
        99	 98.918341	 98.836693	 98.755067	 98.673474	 98.591926	 98.510433	 98.429006	 98.347657	 98.266396	 98.185235	 98.104184	 98.023253	 97.942455	 97.861799	 97.781297	 97.700959	 97.620795	 97.540816	 97.461032	 97.381454	 97.302093	 97.222957	 97.144058	 97.065405	 96.987008	 96.908877	 96.831021	 96.753451	 96.676176	 96.599204	 96.522546	  96.44621	 96.370206	 96.294542	 96.219226	 96.144269	 96.069677	  95.99546	 95.921625	 95.848181	 95.775135	 95.702496	  95.63027	 95.558465	 95.487089	 95.416149	 95.345651	 95.275602	  95.20601	  95.13688	 95.068219	 95.000033	 94.932327	 94.865109	 94.798382	 94.732154	 94.666429	 94.601211	 94.536507	 94.472321	 94.408658	 94.345521	 94.282916	 94.220846	 94.159315	 94.098327	 94.037885	 93.977993	 93.918654	 93.859871	 93.801647	 93.743984	 93.686885	 93.630353	 93.574389	 93.518995	 93.464174	 93.409927	 93.356255	  93.30316	 93.250643	 93.198705	 93.147347	 93.096569	 93.046372	 92.996757	 92.947723	 92.899271	   92.8514	 92.804111	 92.757403	 92.711276	 92.665728	 92.620759	 92.576369	 92.532555	 92.489318	 92.446655	 92.404566	 92.363048	   92.3221	 92.281721	 92.241907	 92.202658	 92.163972	 92.125845	 92.088276	 92.051262	 92.014801	  91.97889	 91.943527	 91.908708	 91.874431	 91.840693	 91.807491	 91.774821	 91.742681	 91.711067	 91.679977	 91.649406	 91.619351	 91.589809	 91.560777	  91.53225	 91.504225	 91.476698	 91.449667	 91.423126	 91.397073	 91.371502	 91.346412	 91.321797	 91.297654	 91.273979	 91.250769	 91.228018	 91.205724	 91.183881	 91.162488	 91.141539	  91.12103	 91.100958	 91.081319	 91.062108	 91.043323	 91.024959	 91.007011	 90.989478	 90.972354	 90.955635	 90.939319	 90.923402	 90.907879	 90.892747	 90.878002	 90.863642	 90.849662	 90.836059	 90.822829	  90.80997	 90.797478	 90.785349	 90.773581	  90.76217	 90.751114	 90.740409	 90.730052	  90.72004	 90.710372	 90.701043	 90.692051	 90.683394	 90.675069	 90.667074	 90.659406	 90.652063	 90.645044	 90.638344	 90.631964	   90.6259	 90.620151	 90.614716	 90.609591	 90.604777	 90.600271	 90.596072	 90.592178	 90.588589	 90.585302	 90.582318	 90.579635	 90.577253	  90.57517	 90.573385	 90.571899	 90.570711	  90.56982	 90.569226	  90.56893	
        99	 98.911586	 98.823184	 98.734805	 98.646463	 98.558169	 98.469935	 98.381772	 98.293694	 98.205711	 98.117836	  98.03008	 97.942455	 97.854973	 97.767645	 97.680484	 97.593499	 97.506704	 97.420109	 97.333726	 97.247565	 97.161638	 97.075957	 96.990531	 96.905371	 96.820489	 96.735895	 96.651599	 96.567612	 96.483945	 96.400606	 96.317606	 96.234956	 96.152664	 96.070741	 95.989196	 95.908037	 95.827275	 95.746919	 95.666976	 95.587457	 95.508368	  95.42972	  95.35152	 95.273775	 95.196495	 95.119686	 95.043356	 94.967513	 94.892164	 94.817316	 94.742975	 94.669148	 94.595842	 94.523063	 94.450817	  94.37911	 94.307948	 94.237336	 94.167279	 94.097783	 94.028854	 93.960494	  93.89271	 93.825505	 93.758884	 93.692851	 93.627409	 93.562563	 93.498315	  93.43467	 93.371629	 93.309196	 93.247374	 93.186165	 93.125572	 93.065596	  93.00624	 92.947506	 92.889394	 92.831907	 92.775046	 92.718811	 92.663205	 92.608226	 92.553877	 92.500157	 92.447067	 92.394607	 92.342777	 92.291576	 92.241004	 92.191061	 92.141745	 92.093057	 92.044994	 91.997556	 91.950742	  91.90455	 91.858979	 91.814027	 91.769692	 91.725972	 91.682865	  91.64037	 91.598483	 91.557202	 91.516525	  91.47645	 91.436973	 91.398091	 91.359802	 91.322103	 91.284991	 91.248462	 91.212513	 91.177141	 91.142342	 91.108113	 91.074451	 91.041351	  91.00881	 90.976825	  90.94539	 90.914504	  90.88416	 90.854357	 90.825089	 90.796353	 90.768144	 90.740459	 90.713293	 90.686642	 90.660502	 90.634869	 90.609738	 90.585105	 90.560967	 90.537318	 90.514154	 90.491472	 90.469267	 90.447535	 90.426271	 90.405471	 90.385132	 90.365248	 90.345817	 90.326833	 90.308292	 90.290191	 90.272525	  90.25529	 90.238483	   90.2221	 90.206136	 90.190587	 90.175451	 90.160722	 90.146399	 90.132476	  90.11895	 90.105818	 90.093077	 90.080722	 90.068751	  90.05716	 90.045946	 90.035107	 90.024638	 90.014538	 90.004802	 89.995429	 89.986415	 89.977759	 89.969457	 89.961507	 89.953906	 89.946653	 89.939744	 89.933179	 89.926955	 89.921069	 89.915521	 89.910309	  89.90543	 89.900883	 89.896667	 89.892781	 89.889223	 89.885992	 89.883087	 89.880507	 89.878252	  89.87632	 89.874711	 89.873425	  89.87246	 89.871817	 89.871496	
        99	 98.904843	 98.809698	  98.71458	   98.6195	 98.524472	 98.429508	 98.334622	 98.239826	 98.145133	 98.050556	 97.956107	 97.861799	 97.767645	 97.673657	 97.579848	  97.48623	 97.392815	 97.299616	 97.206644	 97.113912	 97.021432	 96.929216	 96.837275	  96.74562	 96.654265	 96.563219	 96.472494	 96.382102	 96.292053	 96.202358	 96.113029	 96.024075	 95.935507	 95.847336	 95.759571	 95.672223	 95.585302	 95.498816	 95.412777	 95.327193	 95.242073	 95.157426	 95.073261	 94.989588	 94.906413	 94.823746	 94.741595	 94.659968	 94.578872	 94.498315	 94.418304	 94.338847	  94.25995	 94.181621	 94.103865	 94.026689	 93.950099	 93.874102	 93.798702	 93.723907	  93.64972	 93.576147	 93.503193	 93.430863	 93.359161	 93.288091	 93.217659	 93.147867	 93.078719	 93.010219	 92.942371	 92.875176	 92.808639	 92.742762	 92.677548	 92.612998	 92.549115	 92.485901	 92.423357	 92.361486	 92.300288	 92.239765	 92.179917	 92.120746	 92.062251	 92.004435	 91.947296	 91.890834	 91.835051	 91.779945	 91.725516	 91.671764	 91.618687	 91.566285	 91.514557	 91.463502	 91.413117	 91.363402	 91.314356	 91.265975	 91.218259	 91.171204	  91.12481	 91.079073	 91.033992	 90.989563	 90.945784	 90.902652	 90.860164	 90.818317	 90.777108	 90.736534	 90.696591	 90.657276	 90.618585	 90.580516	 90.543063	 90.506224	 90.469994	  90.43437	 90.399347	 90.364922	  90.33109	 90.297848	 90.265191	 90.233114	 90.201614	 90.170686	 90.140326	 90.110529	 90.081291	 90.052608	 90.024474	 89.996886	 89.969838	 89.943327	 89.917348	 89.891895	 89.866965	 89.842553	 89.818655	 89.795265	 89.772379	 89.749993	 89.728103	 89.706703	 89.685789	 89.665357	 89.645402	  89.62592	 89.606907	 89.588358	 89.570269	 89.552636	 89.535455	 89.518721	  89.50243	 89.486578	 89.471162	 89.456177	  89.44162	 89.427486	 89.413773	 89.400476	 89.387592	 89.375117	 89.363048	 89.351382	 89.340115	 89.329244	 89.318766	 89.308678	 89.298977	  89.28966	 89.280725	 89.272169	 89.263988	 89.256182	 89.248747	 89.241681	 89.234982	 89.228648	 89.222676	 89.217066	 89.211815	 89.206922	 89.202384	 89.198202	 89.194372	 89.190895	 89.187768	 89.184992	 89.182564	 89.180485	 89.178754	 89.177369	 89.176331	 89.175639	 89.175293	
        99	 98.898112	 98.796239	 98.694393	 98.592588	 98.490839	 98.389159	 98.287561	 98.186061	  98.08467	 97.983404	 97.882275	 97.781297	 97.680484	 97.579848	 97.479404	 97.379164	 97.279143	 97.179352	 97.079804	 96.980514	 96.881493	 96.782754	  96.68431	 96.586173	 96.488356	 96.390871	 96.293729	 96.196944	 96.100526	 96.004487	  95.90884	 95.813594	 95.718762	 95.624355	 95.530383	 95.436857	 95.343788	 95.251185	 95.159061	 95.067423	 94.976283	 94.885649	 94.795532	  94.70594	 94.616883	 94.528369	 94.440408	 94.353007	 94.266176	 94.179921	 94.094251	 94.009174	 93.924697	 93.840827	 93.757572	 93.674938	 93.592931	 93.511559	 93.430826	  93.35074	 93.271306	  93.19253	 93.114416	  93.03697	 92.960197	 92.884101	 92.808687	 92.733958	  92.65992	 92.586575	 92.513928	 92.441981	 92.370738	 92.300202	 92.230375	 92.161259	 92.092858	 92.025173	 91.958206	 91.891959	 91.826432	 91.761628	 91.697548	 91.634191	  91.57156	 91.509654	 91.448474	 91.388019	  91.32829	 91.269287	 91.211008	 91.153454	 91.096623	 91.040515	 90.985129	 90.930462	 90.876514	 90.823283	 90.770767	 90.718965	 90.667874	 90.617491	 90.567816	 90.518844	 90.470574	 90.423003	 90.376127	 90.329944	 90.284451	 90.239645	 90.195521	 90.152077	 90.109309	 90.067214	 90.025787	 89.985024	 89.944923	 89.905478	 89.866686	 89.828542	 89.791042	 89.754182	 89.717958	 89.682364	 89.647397	 89.613052	 89.579324	 89.546209	 89.513701	 89.481797	 89.450491	 89.419779	 89.389655	 89.360116	 89.331155	 89.302769	 89.274952	 89.247699	 89.221006	 89.194867	 89.169279	 89.144234	  89.11973	 89.095761	 89.072322	 89.049409	 89.027016	 89.005139	 88.983772	 88.962913	 88.942555	 88.922694	 88.903326	 88.884445	 88.866049	 88.848131	 88.830688	 88.813715	 88.797209	 88.781164	 88.765577	 88.750444	 88.735761	 88.721523	 88.707728	 88.694371	 88.681448	 88.668957	 88.656893	 88.645253	 88.634034	 88.623233	 88.612846	  88.60287	 88.593303	 88.584141	 88.575382	 88.567024	 88.559063	 88.551497	 88.544324	 88.537542	 88.531148	 88.525141	 88.519519	 88.514279	 88.509421	 88.504942	 88.500842	 88.497119	 88.493771	 88.490798	 88.488199	 88.485973	 88.484119	 88.482636	 88.481525	 88.480784	 88.480414	
        99	 98.891396	 98.782806	 98.674247	 98.565731	 98.457274	 98.348891	 98.240597	 98.132405	 98.024331	 97.916389	 97.808593	 97.700959	 97.593499	  97.48623	 97.379164	 97.272317	 97.165701	 97.059332	 96.953223	 96.847387	 96.741838	  96.63659	 96.531657	 96.427051	 96.322785	 96.218873	 96.115328	 96.012163	 95.909389	 95.807019	 95.705066	 95.603542	 95.502459	 95.401828	 95.301661	  95.20197	 95.102765	 95.004059	 94.905861	 94.808183	 94.711034	 94.614426	 94.518368	  94.42287	 94.327942	 94.233594	 94.139834	 94.046672	 93.954116	 93.862175	 93.770858	 93.680173	 93.590127	 93.500728	 93.411984	 93.323903	  93.23649	 93.149753	 93.063699	 92.978334	 92.893664	 92.809694	 92.726431	 92.643879	 92.562045	 92.480933	 92.400547	 92.320893	 92.241974	 92.163794	 92.086358	 92.009668	 91.933729	 91.858543	 91.784112	 91.710441	 91.637531	 91.565384	 91.494002	 91.423387	 91.353542	 91.284466	 91.216161	 91.148628	 91.081868	 91.015881	 90.950667	 90.886228	 90.822561	 90.759668	 90.697548	   90.6362	 90.575623	 90.515816	 90.456778	 90.398508	 90.341004	 90.284263	 90.228286	 90.173068	 90.118609	 90.064906	 90.011955	 89.959756	 89.908303	 89.857596	 89.807631	 89.758403	 89.709911	 89.662151	 89.615119	 89.568811	 89.523224	 89.478353	 89.434195	 89.390746	 89.348001	 89.305955	 89.264606	 89.223948	 89.183976	 89.144686	 89.106074	 89.068134	 89.030862	 88.994252	 88.958301	 88.923003	 88.888352	 88.854345	 88.820975	 88.788239	 88.756129	 88.724642	 88.693773	 88.663515	 88.633864	 88.604815	 88.576362	 88.548501	 88.521225	  88.49453	  88.46841	 88.442861	 88.417877	 88.393453	 88.369584	 88.346265	  88.32349	 88.301255	 88.279555	 88.258385	  88.23774	 88.217615	 88.198006	 88.178907	 88.160314	 88.142222	 88.124628	 88.107525	 88.090911	  88.07478	 88.059129	 88.043953	 88.029248	 88.015011	 88.001236	 87.987922	 87.975062	 87.962655	 87.950697	 87.939183	 87.928111	 87.917478	  87.90728	 87.897514	 87.888178	 87.879269	 87.870783	 87.862718	 87.855073	 87.847843	 87.841028	 87.834625	 87.828632	 87.823047	 87.817869	 87.813095	 87.808724	 87.804756	 87.801187	 87.798019	 87.795248	 87.792875	 87.790899	 87.789318	 87.788134	 87.787344	 87.786949	
        99	 98.884694	 98.769403	 98.654144	 98.538932	 98.423783	 98.308711	 98.193734	 98.078865	 97.964122	 97.849519	 97.735071	 97.620795	 97.506704	 97.392815	 97.279143	 97.165701	 97.052507	 96.939573	 96.826916	 96.714549	 96.602487	 96.490744	 96.379335	 96.268274	 96.157574	  96.04725	 95.937315	 95.827783	 95.718667	  95.60998	 95.501736	 95.393947	 95.286625	 95.179784	 95.073436	 94.967593	 94.862267	 94.757469	 94.653211	 94.549505	 94.446362	 94.343792	 94.241806	 94.140415	 94.039629	 93.939459	 93.839913	 93.741001	 93.642734	  93.54512	 93.448167	 93.351886	 93.256283	 93.161368	 93.067148	  92.97363	 92.880824	 92.788734	  92.69737	 92.606736	 92.516841	  92.42769	 92.339288	 92.251643	 92.164758	 92.078641	 91.993295	 91.908725	 91.824936	 91.741932	 91.659717	 91.578295	 91.497669	 91.417843	 91.338819	 91.260602	 91.183192	 91.106593	 91.030806	 90.955834	 90.881678	 90.808339	 90.735819	 90.664119	 90.593239	  90.52318	 90.453942	 90.385526	 90.317931	 90.251157	 90.185203	 90.120069	 90.055754	 89.992256	 89.929575	 89.867709	 89.806656	 89.746415	 89.686983	 89.628358	 89.570538	  89.51352	 89.457302	 89.401881	 89.347254	 89.293418	 89.240369	 89.188104	 89.136619	 89.085912	 89.035977	 88.986812	 88.938411	 88.890772	 88.843889	 88.797758	 88.752375	 88.707735	 88.663834	 88.620667	 88.578228	 88.536514	 88.495519	 88.455237	 88.415665	 88.376797	 88.338627	  88.30115	 88.264362	 88.228256	 88.192827	  88.15807	 88.123979	 88.090549	 88.057775	  88.02565	 87.994169	 87.963328	 87.933119	 87.903538	 87.874579	 87.846236	 87.818505	 87.791379	 87.764853	 87.738922	  87.71358	 87.688822	 87.664642	 87.641035	 87.617996	 87.595519	   87.5736	 87.552233	 87.531414	 87.511136	 87.491396	 87.472188	 87.453508	  87.43535	  87.41771	 87.400584	 87.383967	 87.367855	 87.352242	 87.337126	 87.322502	 87.308365	 87.294713	  87.28154	 87.268843	 87.256619	 87.244864	 87.233575	 87.222747	 87.212379	 87.202467	 87.193007	 87.183998	 87.175436	 87.167318	 87.159643	 87.152407	 87.145609	 87.139246	 87.133317	 87.127819	  87.12275	  87.11811	 87.113896	 87.110108	 87.106743	 87.103802	 87.101282	 87.099184	 87.097506	 87.096248	  87.09541	 87.094991	
