Time step 28:
        99	        99	        99	        99	        99	        99	        99	        99	        99	        99	        99	        99	        99	        99	        99	        99	        99	        99	        99	        99	        99	        99	        99	        99	        99	        99	        99	        99	        99	        99	        99	        99	        99	        99	        99	        99	        99	        99	        99	        99	        99	        99	        99	        99	        99	        99	        99	        99	        99	        99	        99	        99	        99	        99	        99	        99	        99	        99	        99	        99	        99	        99	        99	        99	        99	        99	        99	        99	        99	        99	        99	        99	        99	        99	        99	        99	        99	        99	        99	        99	        99	        99	        99	        99	        99	        99	        99	        99	        99	        99	        99	        99	        99	        99	        99	        99	        99	        99	        99	        99	        99	        99	        99	        99	        99	        99	        99	        99	        99	        99	        99	        99	        99	        99	        99	        99	        99	        99	        99	        99	        99	        99	        99	        99	        99	        99	        99	        99	        99	        99	        99	        99	        99	        99	        99	        99	        99	        99	        99	        99	        99	        99	        99	        99	        99	        99	        99	        99	        99	        99	        99	        99	        99	        99	        99	        99	        99	        99	        99	        99	        99	        99	        99	        99	        99	        99	        99	        99	        99	        99	        99	        99	        99	        99	        99	        99	        99	        99	        99	        99	        99	        99	        99	        99	        99	        99	        99	        99	        99	        99	        99	        99	        99	        99	        99	        99	        99	        99	        99	        99	
        99	 98.977326	 98.954662	 98.932018	 98.909405	 98.886833	 98.864311	 98.841851	 98.819461	 98.797152	 98.774933	 98.752814	 98.730805	 98.708914	 98.687152	 98.665526	 98.644046	 98.622721	 98.601558	 98.580566	 98.559754	 98.539128	 98.518697	 98.498467	 98.478446	 98.458641	 98.439058	 98.419703	 98.400582	 98.381701	 98.363065	  98.34468	  98.32655	 98.308679	 98.291073	 98.273734	 98.256667	 98.239875	 98.223361	 98.207127	 98.191176	  98.17551	 98.160132	 98.145041	 98.130241	 98.115731	 98.101513	 98.087586	 98.073952	 98.060609	 98.047558	 98.034798	 98.022329	 98.010148	 97.998254	 97.986647	 97.975324	 97.964284	 97.953523	  97.94304	 97.932833	 97.922898	 97.913232	 97.903833	 97.894698	 97.885822	 97.877202	 97.868835	 97.860717	 97.852844	 97.845213	 97.837818	 97.830657	 97.823724	 97.817015	 97.810527	 97.804255	 97.798193	 97.792339	 97.786687	 97.781232	 97.775971	 97.770899	 97.766011	 97.761302	 97.756768	 97.752405	 97.748207	 97.744171	 97.740292	 97.736566	 97.732988	 97.729553	 97.726258	 97.723099	  97.72007	 97.717169	  97.71439	  97.71173	 97.709186	 97.706752	 97.704425	 97.702203	  97.70008	 97.698053	 97.696119	 97.694275	 97.692516	 97.690841	 97.689245	 97.687725	 97.686279	 97.684904	 97.683596	 97.682354	 97.681173	 97.680053	 97.678989	  97.67798	 97.677023	 97.676116	 97.675257	 97.674444	 97.673674	 97.672945	 97.672256	 97.671605	  97.67099	 97.670409	 97.669861	 97.669344	 97.668856	 97.668396	 97.667962	 97.667554	  97.66717	 97.666808	 97.666468	 97.666149	 97.665848	 97.665566	 97.665301	 97.665052	 97.664819	 97.664601	 97.664396	 97.664204	 97.664024	 97.663856	 97.663699	 97.663551	 97.663414	 97.663286	 97.663166	 97.663054	 97.662949	 97.662852	 97.662761	 97.662677	 97.662598	 97.662525	 97.662456	 97.662393	 97.662334	 97.662279	 97.662228	 97.662181	 97.662138	 97.662097	 97.662059	 97.662025	 97.661993	 97.661963	 97.661935	  97.66191	 97.661886	 97.661865	 97.661845	 97.661826	  97.66181	 97.661794	  97.66178	 97.661767	 97.661755	 97.661744	 97.661734	 97.661725	 97.661717	  97.66171	 97.661704	 97.661698	 97.661693	 97.661688	 97.661684	 97.661681	 97.661679	 97.661676	 97.661675	 97.661674	 97.661673	
        99	 98.954662	 98.909344	 98.864067	 98.818851	 98.773717	 98.728684	 98.683773	 98.639004	 98.594395	 98.549968	  98.50574	 98.461731	  98.41796	 98.374444	 98.331203	 98.288253	 98.245611	 98.203295	 98.161322	 98.119706	 98.078464	 98.037611	 97.997161	 97.957128	 97.917526	 97.878368	 97.839667	 97.801434	  97.76368	 97.726417	 97.689655	 97.653403	  97.61767	 97.582466	 97.547796	  97.51367	 97.480093	 97.447072	 97.414611	 97.382717	 97.351392	 97.320642	 97.290468	 97.260874	 97.231861	  97.20343	 97.175584	 97.148321	 97.121642	 97.095546	 97.070032	 97.045098	 97.020741	  96.99696	 96.973751	  96.95111	 96.929034	 96.907518	 96.886557	 96.866147	 96.846281	 96.826955	 96.808161	 96.789893	 96.772145	  96.75491	  96.73818	 96.721948	 96.706206	 96.690946	  96.67616	  96.66184	 96.647978	 96.634564	  96.62159	 96.609048	 96.596928	 96.585222	 96.573921	 96.563014	 96.552495	 96.542352	 96.532577	 96.523162	 96.514096	 96.505372	 96.496979	 96.488909	 96.481152	 96.473701	 96.466546	 96.459679	 96.453091	 96.446773	 96.440718	 96.434916	  96.42936	 96.424042	 96.418953	 96.414087	 96.409435	  96.40499	 96.400745	 96.396693	 96.392826	 96.389138	 96.385622	 96.382272	  96.37908	 96.376042	 96.373151	 96.370401	 96.367786	 96.365302	 96.362941	   96.3607	 96.358573	 96.356556	 96.354642	 96.352829	 96.351111	 96.349485	 96.347945	 96.346489	 96.345111	  96.34381	  96.34258	 96.341418	 96.340322	 96.339287	 96.338311	 96.337392	 96.336525	 96.335709	 96.334941	 96.334218	 96.333538	 96.332898	 96.332298	 96.331734	 96.331204	 96.330707	  96.33024	 96.329803	 96.329394	  96.32901	  96.32865	 96.328314	    96.328	 96.327705	 96.327431	 96.327174	 96.326934	  96.32671	 96.326501	 96.326307	 96.326125	 96.325956	 96.325799	 96.325652	 96.325516	 96.325389	 96.325271	 96.325162	  96.32506	 96.324966	 96.324878	 96.324797	 96.324722	 96.324653	 96.324588	 96.324529	 96.324474	 96.324423	 96.324376	 96.324333	 96.324293	 96.324256	 96.324222	 96.324192	 96.324163	 96.324137	 96.324113	 96.324092	 96.324072	 96.324054	 96.324038	 96.324024	 96.324011	 96.323999	 96.323989	  96.32398	 96.323972	 96.323966	  96.32396	 96.323956	 96.323953	 96.323951	  96.32395	
        99	 98.932018	 98.864067	 98.796177	 98.728379	 98.660703	 98.593179	 98.525838	 98.458709	 98.391822	 98.325205	 98.258889	   98.1929	 98.127268	 98.062019	 97.997181	  97.93278	 97.868842	 97.805392	 97.742455	 97.680055	 97.618215	 97.556958	 97.496306	  97.43628	 97.376899	 97.318184	 97.260154	 97.202826	 97.146217	 97.090344	 97.035221	 96.980863	 96.927284	 96.874497	 96.822513	 96.771342	 96.720996	 96.671482	  96.62281	 96.574986	 96.528017	 96.481909	 96.436665	  96.39229	 96.348787	 96.306158	 96.264404	 96.223525	 96.183521	 96.144392	 96.106135	 96.068748	 96.032227	 95.996569	 95.961768	  95.92782	 95.894718	 95.862456	 95.831027	 95.800423	 95.770636	 95.741656	 95.713476	 95.686085	 95.659473	  95.63363	 95.608544	 95.584205	 95.560601	  95.53772	 95.515549	 95.494078	 95.473292	 95.453179	 95.433725	 95.414919	 95.396747	 95.379194	 95.362248	 95.345895	 95.330121	 95.314912	 95.300256	 95.286138	 95.272545	 95.259463	 95.246878	 95.234778	 95.223148	 95.211975	 95.201247	  95.19095	 95.181071	 95.171598	 95.162518	 95.153819	 95.145488	 95.137514	 95.129884	 95.122587	 95.115612	 95.108947	 95.102582	 95.096506	 95.090708	 95.085178	 95.079906	 95.074882	 95.070097	 95.065542	 95.061207	 95.057083	 95.053163	 95.049437	 95.045897	 95.042537	 95.039348	 95.036323	 95.033454	 95.030735	 95.028159	  95.02572	 95.023412	 95.021228	 95.019163	 95.017211	 95.015366	 95.013625	 95.011981	 95.010429	 95.008967	 95.007588	 95.006288	 95.005064	 95.003912	 95.002828	 95.001809	  95.00085	  94.99995	 94.999104	 94.998309	 94.997564	 94.996865	 94.996209	 94.995595	 94.995019	 94.994481	 94.993976	 94.993505	 94.993064	 94.992651	 94.992266	 94.991907	 94.991571	 94.991258	 94.990966	 94.990694	  94.99044	 94.990204	 94.989985	  94.98978	  94.98959	 94.989414	 94.989249	 94.989097	 94.988956	 94.988825	 94.988703	  94.98859	 94.988486	  94.98839	   94.9883	 94.988218	 94.988142	 94.988071	 94.988006	 94.987947	 94.987892	 94.987841	 94.987795	 94.987752	 94.987713	 94.987678	 94.987645	 94.987616	 94.987589	 94.987565	 94.987543	 94.987523	 94.987506	 94.987491	 94.987477	 94.987466	 94.987456	 94.987448	 94.987442	 94.987437	 94.987434	 94.987432	
        99	 98.909405	 98.818851	 98.728379	 98.638029	 98.547841	 98.457857	 98.368116	 98.278658	 98.189522	 98.100747	 98.012371	 97.924433	 97.836969	 97.750016	 97.663611	 97.577788	 97.492582	 97.408026	 97.324155	 97.240998	 97.158589	 97.076956	 96.996128	 96.916135	 96.837003	 96.758758	 96.681425	 96.605027	 96.529588	  96.45513	 96.381671	 96.309233	 96.237832	 96.167485	 96.098209	 96.030018	 95.962925	 95.896942	 95.832079	 95.768348	 95.705755	  95.64431	 95.584016	 95.524881	 95.466907	 95.410098	 95.354455	 95.299979	 95.246669	 95.194524	 95.143542	 95.093718	 95.045049	  94.99753	 94.951153	 94.905913	   94.8618	 94.818807	 94.776923	 94.736139	 94.696444	 94.657825	 94.620271	 94.583769	 94.548305	 94.513866	 94.480436	 94.448001	 94.416545	 94.386053	 94.356508	 94.327894	 94.300193	  94.27339	 94.247466	 94.222405	 94.198187	 94.174796	 94.152213	  94.13042	 94.109399	 94.089132	 94.069601	 94.050787	 94.032672	 94.015238	 93.998468	 93.982342	 93.966844	 93.951955	 93.937658	 93.923936	 93.910771	 93.898147	 93.886047	 93.874454	 93.863352	 93.852725	 93.842557	 93.832833	 93.823538	 93.814656	 93.806174	 93.798077	  93.79035	 93.782981	 93.775955	  93.76926	 93.762884	 93.756813	 93.751036	  93.74554	 93.740316	 93.735351	 93.730634	 93.726156	 93.721906	 93.717874	 93.714051	 93.710428	 93.706996	 93.703746	 93.700669	 93.697759	 93.695007	 93.692405	 93.689948	 93.687627	 93.685436	 93.683368	 93.681419	 93.679581	  93.67785	 93.676219	 93.674684	 93.673239	  93.67188	 93.670603	 93.669403	 93.668275	 93.667217	 93.666223	 93.665292	 93.664418	 93.663599	 93.662833	 93.662114	 93.661443	 93.660814	 93.660226	 93.659677	 93.659164	 93.658684	 93.658237	  93.65782	 93.657431	 93.657068	  93.65673	 93.656416	 93.656123	 93.655851	 93.655597	 93.655362	 93.655143	  93.65494	 93.654752	 93.654577	 93.654415	 93.654265	 93.654126	 93.653997	 93.653878	 93.653768	 93.653667	 93.653573	 93.653487	 93.653407	 93.653334	 93.653267	 93.653205	 93.653148	 93.653096	 93.653049	 93.653005	 93.652966	  93.65293	 93.652898	 93.652869	 93.652843	  93.65282	 93.652799	 93.652782	 93.652766	 93.652753	 93.652743	 93.652734	 93.652728	 93.652724	 93.652722	
        99	 98.886833	 98.773717	 98.660703	 98.547841	 98.435183	 98.322779	 98.210678	 98.098931	 97.987586	 97.876692	 97.766297	 97.656449	 97.547193	 97.438575	 97.330642	 97.223435	    97.117	 97.011377	 96.906608	 96.802733	  96.69979	 96.597818	 96.496852	 96.396928	  96.29808	 96.200339	 96.103738	 96.008306	 95.914071	  95.82106	   95.7293	 95.638812	 95.549622	 95.461748	 95.375212	  95.29003	  95.20622	 95.123797	 95.042774	 94.963163	 94.884975	  94.80822	 94.732904	 94.659035	 94.586617	 94.515653	 94.446146	 94.378097	 94.311505	 94.246368	 94.182683	 94.120445	  94.05965	 94.000291	 93.942359	 93.885847	 93.830743	 93.777038	 93.724719	 93.673774	 93.624188	 93.575947	 93.529036	  93.48344	  93.43914	 93.396119	  93.35436	 93.313843	  93.27455	 93.236461	 93.199555	 93.163811	 93.129209	 93.095728	 93.063345	 93.032039	 93.001788	 92.972568	 92.944359	 92.917136	 92.890878	 92.865561	 92.841164	 92.817662	 92.795034	 92.773256	 92.752307	 92.732164	 92.712804	 92.694205	 92.676346	 92.659205	  92.64276	 92.626991	 92.611876	 92.597394	 92.583526	 92.570251	  92.55755	 92.545404	 92.533792	 92.522698	 92.512102	 92.501987	 92.492335	  92.48313	 92.474354	 92.465991	 92.458026	 92.450442	 92.443226	 92.436361	 92.429835	 92.423633	 92.417741	 92.412147	 92.406838	 92.401802	 92.397027	 92.392501	 92.388213	 92.384153	  92.38031	 92.376675	 92.373237	 92.369987	 92.366917	 92.364018	 92.361281	 92.358699	 92.356264	 92.353968	 92.351805	 92.349768	  92.34785	 92.346046	 92.344348	 92.342753	 92.341253	 92.339845	 92.338523	 92.337282	 92.336118	 92.335027	 92.334004	 92.333046	 92.332149	  92.33131	 92.330525	 92.329791	 92.329104	 92.328463	 92.327865	 92.327306	 92.326785	 92.326299	 92.325846	 92.325424	 92.325031	 92.324665	 92.324325	 92.324008	 92.323714	 92.323441	 92.323188	 92.322952	 92.322734	 92.322532	 92.322344	 92.322171	  92.32201	 92.321861	 92.321724	 92.321597	  92.32148	 92.321372	 92.321273	 92.321181	 92.321097	  92.32102	 92.320949	 92.320884	 92.320825	 92.320771	 92.320721	 92.320677	 92.320637	   92.3206	 92.320568	 92.320539	 92.320513	 92.320491	 92.320472	 92.320456	 92.320443	 92.320432	 92.320424	 92.320419	 92.320416	
        99	 98.864311	 98.728684	 98.593179	 98.457857	 98.322779	 98.188005	 98.053595	 97.919609	 97.786106	 97.653143	 97.520778	 97.389068	 97.258069	 97.127836	 96.998422	 96.869881	 96.742264	 96.615621	 96.490002	 96.365455	 96.242025	 96.119759	   95.9987	 95.878891	  95.76037	 95.643179	 95.527353	 95.412929	  95.29994	 95.188419	 95.078397	 94.969902	 94.862961	   94.7576	 94.653842	 94.551708	 94.451219	 94.352393	 94.255245	 94.159791	 94.066044	 93.974013	 93.883709	 93.795139	 93.708309	 93.623223	 93.539883	 93.458292	 93.378447	 93.300347	 93.223988	 93.149364	 93.076471	 93.005298	 92.935838	 92.868079	 92.802009	 92.737616	 92.674885	   92.6138	 92.554347	 92.496506	 92.440259	 92.385588	 92.332472	  92.28089	  92.23082	 92.182241	 92.135128	 92.089458	 92.045207	  92.00235	 91.960863	 91.920718	 91.881891	 91.844354	 91.808082	 91.773048	 91.739225	 91.706584	 91.675101	 91.644746	 91.615493	 91.587314	 91.560183	 91.534071	 91.508953	 91.484801	 91.461588	 91.439288	 91.417875	 91.397323	 91.377605	 91.358697	 91.340574	 91.323211	 91.306583	 91.290666	 91.275437	 91.260874	 91.246952	 91.233649	 91.220945	 91.208817	 91.197244	 91.186207	 91.175684	 91.165657	 91.156107	 91.147014	 91.138361	 91.130131	 91.122306	 91.114869	 91.107805	 91.101098	 91.094732	 91.088694	 91.082968	 91.077542	 91.072401	 91.067533	 91.062925	 91.058566	 91.054444	 91.050548	 91.046867	  91.04339	 91.040109	 91.037013	 91.034093	  91.03134	 91.028747	 91.026304	 91.024005	 91.021841	 91.019806	 91.017893	 91.016095	 91.014407	 91.012821	 91.011334	 91.009938	  91.00863	 91.007404	 91.006255	  91.00518	 91.004173	 91.003232	 91.002351	 91.001529	  91.00076	 91.000042	 90.999372	 90.998747	 90.998165	 90.997622	 90.997116	 90.996644	 90.996206	 90.995798	 90.995419	 90.995066	 90.994738	 90.994434	 90.994152	  90.99389	 90.993648	 90.993423	 90.993215	 90.993022	 90.992844	 90.992679	 90.992527	 90.992387	 90.992257	 90.992138	 90.992028	 90.991928	 90.991835	  90.99175	 90.991672	 90.991601	 90.991536	 90.991477	 90.991424	 90.991376	 90.991332	 90.991293	 90.991259	 90.991228	 90.991201	 90.991178	 90.991159	 90.991143	  90.99113	 90.991121	 90.991115	 90.991112	
        99	 98.841851	 98.683773	 98.525838	 98.368116	 98.210678	 98.053595	 97.896937	 97.740772	  97.58517	 97.430197	 97.275922	  97.12241	 96.969727	 96.817936	 96.667101	 96.517282	  96.36854	 96.220934	 96.074521	 95.929358	 95.785497	 95.642993	 95.501895	 95.362253	 95.224114	 95.087523	 94.952525	  94.81916	 94.687468	 94.557487	 94.429253	 94.302799	 94.178156	 94.055355	 93.934421	 93.815382	 93.698259	 93.583073	 93.469845	 93.358591	 93.249325	  93.14206	 93.036808	 92.933577	 92.832374	 92.733204	 92.636069	 92.540971	  92.44791	 92.356882	 92.267883	 92.180907	 92.095947	 92.012994	 91.932035	  91.85306	 91.776054	 91.701002	 91.627887	 91.556691	 91.487396	 91.419981	 91.354424	 91.290703	 91.228795	 91.168674	 91.110317	 91.053695	 90.998784	 90.945554	 90.893979	 90.844028	 90.795673	 90.748883	 90.703628	 90.659879	 90.617603	 90.576769	 90.537347	 90.499304	 90.462608	 90.427229	 90.393134	  90.36029	 90.328668	 90.298234	 90.268958	 90.240808	 90.213753	 90.187762	 90.162804	  90.13885	 90.115868	 90.093831	 90.072708	  90.05247	  90.03309	 90.014538	 89.996789	 89.979814	 89.963588	 89.948084	 89.933276	 89.919141	 89.905652	 89.892788	 89.880523	 89.868837	 89.857705	 89.847108	 89.837023	  89.82743	 89.818309	 89.809642	 89.801408	 89.793591	 89.786172	 89.779134	  89.77246	 89.766135	 89.760143	  89.75447	 89.749099	 89.744019	 89.739214	 89.734673	 89.730383	 89.726331	 89.722506	 89.718898	 89.715494	 89.712286	 89.709264	 89.706417	 89.703737	 89.701215	 89.698843	 89.696613	 89.694518	  89.69255	 89.690702	 89.688968	 89.687341	 89.685816	 89.684387	 89.683049	 89.681795	 89.680622	 89.679525	 89.678499	  89.67754	 89.676644	 89.675807	 89.675027	 89.674298	 89.673619	 89.672986	 89.672396	 89.671847	 89.671336	 89.670861	 89.670418	 89.670007	 89.669626	 89.669271	 89.668942	 89.668637	 89.668355	 89.668093	  89.66785	 89.667625	 89.667418	 89.667226	 89.667049	 89.666885	 89.666734	 89.666595	 89.666467	  89.66635	 89.666242	 89.666143	 89.666052	 89.665969	 89.665894	 89.665825	 89.665763	 89.665706	 89.665656	  89.66561	  89.66557	 89.665534	 89.665503	 89.665476	 89.665454	 89.665435	  89.66542	  89.66541	 89.665402	 89.665399	
        99	 98.819461	 98.639004	 98.458709	 98.278658	 98.098931	 97.919609	 97.740772	 97.562498	 97.384867	 97.207954	 97.031838	 96.856593	 96.682294	 96.509013	 96.336823	 96.165794	 95.995994	 95.827491	  95.66035	 95.494635	 95.330408	 95.167728	 95.006655	 94.847243	 94.689547	 94.533619	 94.379508	 94.227262	 94.076927	 93.928544	 93.782155	 93.637798	 93.495509	 93.355322	 93.217268	 93.081375	 92.947671	 92.816178	  92.68692	 92.559915	  92.43518	 92.312729	 92.192576	  92.07473	   91.9592	 91.845989	 91.735103	 91.626542	 91.520305	  91.41639	 91.314791	 91.215502	 91.118514	 91.023817	 90.931397	 90.841241	 90.753333	 90.667655	 90.584189	 90.502914	 90.423808	 90.346849	 90.272011	 90.199268	 90.128595	 90.059964	 89.993344	 89.928707	 89.866021	 89.805256	 89.746378	 89.689356	 89.634155	 89.580741	 89.529079	 89.479136	 89.430875	  89.38426	 89.339257	 89.295828	 89.253937	 89.213549	 89.174627	 89.137134	 89.101034	 89.066292	 89.032871	 89.000736	  88.96985	  88.94018	 88.911689	 88.884343	 88.858108	 88.832951	 88.808837	 88.785734	  88.76361	 88.742432	  88.72217	 88.702792	 88.684269	 88.666569	 88.649666	 88.633529	 88.618131	 88.603445	 88.589445	 88.576103	 88.563396	 88.551298	 88.539785	 88.528834	 88.518422	 88.508528	 88.499129	 88.490205	 88.481735	 88.473701	 88.466082	 88.458862	 88.452022	 88.445545	 88.439414	 88.433614	  88.42813	 88.422946	 88.418048	 88.413422	 88.409056	 88.404937	 88.401052	  88.39739	 88.393939	 88.390689	 88.387629	 88.384751	 88.382043	 88.379497	 88.377105	 88.374859	 88.372749	  88.37077	 88.368913	 88.367172	 88.365541	 88.364013	 88.362582	 88.361242	  88.35999	 88.358818	 88.357724	 88.356701	 88.355746	 88.354855	 88.354023	 88.353248	 88.352525	 88.351852	 88.351225	 88.350642	 88.350099	 88.349594	 88.349125	 88.348689	 88.348285	 88.347909	 88.347561	 88.347238	 88.346939	 88.346662	 88.346406	 88.346169	  88.34595	 88.345747	  88.34556	 88.345388	  88.34523	 88.345084	 88.344949	 88.344826	 88.344713	 88.344609	 88.344515	 88.344429	  88.34435	 88.344279	 88.344215	 88.344157	 88.344105	 88.344059	 88.344018	 88.343983	 88.343952	 88.343927	 88.343905	 88.343889	 88.343876	 88.343868	 88.343864	
        99	 98.797152	 98.594395	 98.391822	 98.189522	 97.987586	 97.786106	  97.58517	 97.384867	 97.185285	 96.986512	 96.788633	 96.591733	 96.395895	 96.201203	 96.007735	 95.815572	  95.62479	 95.435465	  95.24767	 95.061478	 94.876957	 94.694175	 94.513198	 94.334088	 94.156905	 93.981709	 93.808555	 93.637496	 93.468583	 93.301865	 93.137387	 92.975192	 92.815321	 92.657811	 92.502697	 92.350012	 92.199786	 92.052045	 91.906814	 91.764115	 91.623966	 91.486385	 91.351385	 91.218977	  91.08917	  90.96197	 90.837381	 90.715405	 90.596041	 90.479285	 90.365132	 90.253574	 90.144601	 90.038202	 89.934361	 89.833065	 89.734294	 89.638029	 89.544249	 89.452931	  89.36405	 89.277581	 89.193495	 89.111764	 89.032358	 88.955245	 88.880394	 88.807769	 88.737338	 88.669064	 88.602911	 88.538842	 88.476819	 88.416805	  88.35876	 88.302645	  88.24842	 88.196046	 88.145481	 88.096686	 88.049619	  88.00424	 87.960508	 87.918382	 87.877822	 87.838786	 87.801236	 87.765129	 87.730427	  87.69709	 87.665078	 87.634354	 87.604877	 87.576611	 87.549517	  87.52356	 87.498702	 87.474907	 87.452141	 87.430369	 87.409556	  87.38967	 87.370677	 87.352546	 87.335246	 87.318745	 87.303015	 87.288025	 87.273747	 87.260154	 87.247219	 87.234915	 87.223216	 87.212099	 87.201539	 87.191512	 87.181996	 87.172968	 87.164409	 87.156296	 87.148611	 87.141333	 87.134445	 87.127929	 87.121766	 87.115942	 87.110438	 87.105242	 87.100336	 87.095707	 87.091342	 87.087228	  87.08335	 87.079699	 87.076261	 87.073027	 87.069985	 87.067124	 87.064437	 87.061913	 87.059542	 87.057318	 87.055232	 87.053276	 87.051443	 87.049726	 87.048118	 87.046614	 87.045206	  87.04389	  87.04266	 87.041511	 87.040438	 87.039437	 87.038503	 87.037631	 87.036819	 87.036063	 87.035359	 87.034703	 87.034093	 87.033526	 87.032999	 87.032509	 87.032055	 87.031633	 87.031242	 87.030879	 87.030543	 87.030232	 87.029944	 87.029677	 87.029431	 87.029204	 87.028994	   87.0288	 87.028622	 87.028458	 87.028307	 87.028169	 87.028042	 87.027926	 87.027819	 87.027722	 87.027634	 87.027554	 87.027482	 87.027417	 87.027359	 87.027307	 87.027261	 87.027222	 87.027187	 87.027158	 87.027134	 87.027116	 87.027102	 87.027092	 87.027088	
        99	 98.774933	 98.549968	 98.325205	 98.100747	 97.876692	 97.653143	 97.430197	 97.207954	 96.986512	 96.765966	 96.546412	 96.327945	 96.110657	 95.894639	  95.67998	 95.466768	 95.255089	 95.045026	 94.836662	 94.630075	 94.425343	  94.22254	 94.021739	 93.823011	 93.626421	 93.432035	 93.239914	 93.050119	 92.862704	 92.677725	 92.495231	  92.31527	 92.137887	 91.963124	  91.79102	 91.621611	  91.45493	 91.291006	 91.129868	 90.971538	 90.816038	 90.663387	   90.5136	 90.366688	 90.222663	 90.081531	 89.943296	 89.807959	  89.67552	 89.545976	 89.419319	 89.295541	 89.174632	 89.056578	 88.941364	 88.828972	 88.719382	 88.612573	 88.508521	 88.407201	 88.308584	 88.212643	 88.119347	 88.028664	 87.940561	 87.855001	 87.771951	 87.691372	 87.613225	 87.537473	 87.464074	 87.392987	 87.324171	 87.257584	 87.193181	 87.130919	 87.070755	 87.012644	  86.95654	   86.9024	 86.850178	 86.799828	 86.751306	 86.704566	 86.659563	 86.616252	 86.574588	 86.534527	 86.496024	 86.459035	 86.423517	 86.389427	 86.356722	 86.325359	 86.295298	 86.266498	 86.238917	 86.212516	 86.187256	 86.163099	 86.140007	 86.117942	 86.096869	 86.076752	 86.057557	 86.039249	 86.021795	 86.005163	 85.989322	  85.97424	 85.959888	 85.946236	 85.933256	 85.920921	 85.909204	 85.898079	  85.88752	 85.877504	 85.868007	 85.859006	 85.850479	 85.842404	 85.834762	 85.827531	 85.820694	 85.814231	 85.808125	 85.802359	 85.796916	 85.791781	 85.786938	 85.782372	  85.77807	 85.774019	 85.770205	 85.766616	  85.76324	 85.760067	 85.757085	 85.754284	 85.751654	 85.749187	 85.746872	 85.744702	 85.742668	 85.740763	 85.738979	  85.73731	 85.735748	 85.734288	 85.732923	 85.731648	 85.730458	 85.729347	  85.72831	 85.727343	 85.726443	 85.725603	 85.724822	 85.724094	 85.723418	 85.722788	 85.722204	  85.72166	 85.721156	 85.720688	 85.720254	 85.719851	 85.719478	 85.719133	 85.718814	 85.718518	 85.718245	 85.717993	  85.71776	 85.717545	 85.717347	 85.717165	 85.716998	 85.716844	 85.716703	 85.716574	 85.716456	 85.716349	 85.716251	 85.716163	 85.716082	  85.71601	 85.715946	 85.715888	 85.715838	 85.715793	 85.715755	 85.715723	 85.715697	 85.715676	  85.71566	  85.71565	 85.715645	
        99	 98.752814	  98.50574	 98.258889	 98.012371	 97.766297	 97.520778	 97.275922	 97.031838	 96.788633	 96.546412	 96.305282	 96.065344	 95.826702	 95.589454	 95.353699	 95.119533	 94.887051	 94.656345	 94.427503	 94.200613	 93.975761	 93.753027	 93.532492	 93.314233	 93.098323	 92.884833	 92.673832	 92.465384	 92.259551	 92.056392	 91.855963	 91.658316	 91.463501	 91.271563	 91.082545	 90.896487	 90.713425	 90.533392	 90.356417	 90.182527	 90.011746	 89.844092	 89.679584	 89.518235	 89.360055	 89.205053	 89.053233	 88.904596	 88.759141	 88.616865	 88.477761	 88.341819	 88.209027	 88.079372	 87.952834	 87.829397	 87.709037	 87.591731	 87.477453	 87.366175	 87.257867	 87.152498	 87.050033	 86.950438	 86.853675	 86.759708	 86.668495	 86.579997	 86.494171	 86.410974	 86.330361	 86.252289	  86.17671	 86.103578	 86.032845	 85.964465	 85.898388	 85.834566	 85.772949	 85.713488	 85.656133	 85.600836	 85.547545	 85.496211	 85.446786	 85.399218	  85.35346	 85.309461	 85.267174	 85.226551	 85.187542	 85.150102	 85.114182	 85.079738	 85.046722	 85.015091	   84.9848	 84.955804	 84.928062	 84.901531	 84.876169	 84.851936	 84.828792	 84.806698	 84.785616	 84.765509	  84.74634	 84.728074	 84.710676	 84.694111	 84.678349	 84.663355	   84.6491	 84.635553	 84.622684	 84.610465	 84.598869	 84.587869	 84.577438	 84.567553	 84.558187	 84.549319	 84.540926	 84.532985	 84.525475	 84.518377	 84.511672	 84.505339	 84.499361	 84.493721	 84.488401	 84.483387	 84.478663	 84.474213	 84.470024	 84.466083	 84.462375	  84.45889	 84.455615	 84.452539	 84.449651	 84.446941	 84.444399	 84.442015	 84.439781	 84.437689	  84.43573	 84.433896	 84.432181	 84.430578	 84.429079	 84.427678	 84.426371	 84.425151	 84.424012	 84.422951	 84.421961	  84.42104	 84.420181	 84.419382	 84.418639	 84.417948	 84.417306	 84.416709	 84.416155	 84.415641	 84.415164	 84.414722	 84.414313	 84.413934	 84.413583	 84.413258	 84.412958	 84.412681	 84.412425	 84.412189	 84.411972	 84.411772	 84.411589	  84.41142	 84.411265	 84.411123	 84.410994	 84.410876	 84.410768	 84.410671	 84.410583	 84.410504	 84.410433	  84.41037	 84.410314	 84.410266	 84.410224	 84.410188	 84.410159	 84.410136	 84.410119	 84.410108	 84.410102	
        99	 98.730805	 98.461731	   98.1929	 97.924433	 97.656449	 97.389068	  97.12241	 96.856593	 96.591733	 96.327945	 96.065344	 95.804043	 95.544151	 95.285779	 95.029033	 94.774017	 94.520835	 94.269586	 94.020368	 93.773276	 93.528403	 93.285837	 93.045666	 92.807973	 92.572838	 92.340339	  92.11055	 91.883542	 91.659382	 91.438134	 91.219859	 91.004614	 90.792452	 90.583424	 90.377576	 90.174951	 89.975589	 89.779526	 89.586793	  89.39742	 89.211432	 89.028851	 88.849695	  88.67398	 88.501716	 88.332912	 88.167573	 88.005702	 87.847296	 87.692352	 87.540862	 87.392816	   87.2482	    87.107	 86.969196	 86.834768	 86.703691	  86.57594	 86.451487	 86.330301	 86.212349	 86.097597	 85.986009	 85.877546	 85.772168	 85.669834	 85.570499	 85.474121	 85.380653	 85.290048	 85.202258	 85.117234	 85.034925	 84.955282	 84.878252	 84.803783	 84.731822	 84.662317	 84.595214	 84.530458	 84.467997	 84.407776	  84.34974	 84.293836	 84.240009	 84.188206	 84.138374	 84.090457	 84.044405	 84.000164	 83.957682	 83.916908	 83.877791	 83.840279	 83.804324	 83.769876	 83.736888	 83.705311	 83.675098	 83.646205	 83.618585	 83.592194	 83.566989	 83.542928	 83.519969	 83.498072	 83.477196	 83.457303	 83.438356	 83.420317	 83.403151	 83.386822	 83.371298	 83.356544	  83.34253	 83.329223	 83.316594	 83.304615	 83.293255	 83.282489	  83.27229	 83.262632	 83.253491	 83.244843	 83.236666	 83.228936	 83.221633	 83.214736	 83.208226	 83.202083	 83.196291	  83.19083	 83.185685	 83.180839	 83.176277	 83.171984	 83.167947	 83.164152	 83.160585	 83.157235	  83.15409	 83.151138	  83.14837	 83.145774	 83.143341	 83.141063	 83.138929	 83.136932	 83.135065	 83.133318	 83.131686	 83.130161	 83.128737	 83.127408	 83.126168	 83.125012	 83.123935	 83.122931	 83.121996	 83.121126	 83.120317	 83.119564	 83.118865	 83.118215	 83.117612	 83.117052	 83.116532	 83.116051	 83.115605	 83.115192	  83.11481	 83.114456	  83.11413	 83.113828	 83.113549	 83.113293	 83.113056	 83.112838	 83.112638	 83.112454	 83.112286	 83.112132	 83.111991	 83.111862	 83.111745	 83.111639	 83.111543	 83.111457	  83.11138	 83.111311	  83.11125	 83.111198	 83.111152	 83.111114	 83.111082	 83.111057	 83.111038	 83.111026	  83.11102	
        99	 98.708914	  98.41796	 98.127268	 97.836969	 97.547193	 97.258069	 96.969727	 96.682294	 96.395895	 96.110657	 95.826702	 95.544151	 95.263126	 94.983743	 94.706118	 94.430365	 94.156595	 93.884914	  93.61543	 93.348245	 93.083459	 92.821168	 92.561467	 92.304445	 92.050189	 91.798784	 91.550309	 91.304841	 91.062452	 90.823212	 90.587187	 90.354439	 90.125024	 89.898998	 89.676411	 89.457309	 89.241735	 89.029728	 88.821323	  88.61655	 88.415438	  88.21801	 88.024285	  87.83428	 87.648008	 87.465478	 87.286694	 87.111659	 86.940372	 86.772828	 86.609019	 86.448934	 86.292559	 86.139876	 85.990866	 85.845506	  85.70377	 85.565631	 85.431057	 85.300016	 85.172473	  85.04839	 84.927727	 84.810444	 84.696497	 84.585841	 84.478429	 84.374214	 84.273145	 84.175172	 84.080243	 83.988304	 83.899303	 83.813183	 83.729888	 83.649364	 83.571552	 83.496394	 83.423834	 83.353813	 83.286273	 83.221154	 83.158399	 83.097949	 83.039745	  82.98373	 82.929845	 82.878032	 82.828235	 82.780396	  82.73446	  82.69037	 82.648071	  82.60751	 82.568631	 82.531382	 82.495711	 82.461566	 82.428896	 82.397653	 82.367787	 82.339251	 82.311996	 82.285979	 82.261153	 82.237474	 82.214901	 82.193391	 82.172902	 82.153397	 82.134834	 82.117178	 82.100391	 82.084438	 82.069284	 82.054895	 82.041239	 82.028285	 82.016002	 82.004361	 81.993332	 81.982889	 81.973005	 81.963654	 81.954811	 81.946452	 81.938555	 81.931098	 81.924058	 81.917417	 81.911153	 81.905248	 81.899684	 81.894444	 81.889512	  81.88487	 81.880504	   81.8764	 81.872544	 81.868921	  81.86552	 81.862329	 81.859335	 81.856528	 81.853898	 81.851434	 81.849127	 81.846968	 81.844948	 81.843059	 81.841294	 81.839645	 81.838106	 81.836669	 81.835328	 81.834078	 81.832913	 81.831827	 81.830817	 81.829876	 81.829001	 81.828187	 81.827431	 81.826728	 81.826076	  81.82547	 81.824909	 81.824388	 81.823906	 81.823459	 81.823046	 81.822664	 81.822311	 81.821984	 81.821683	 81.821406	  81.82115	 81.820914	 81.820698	 81.820499	 81.820317	  81.82015	 81.819998	 81.819859	 81.819732	 81.819617	 81.819514	  81.81942	 81.819337	 81.819263	 81.819197	  81.81914	 81.819091	 81.819049	 81.819015	 81.818988	 81.818968	 81.818954	 81.818948	
        99	 98.687152	 98.374444	 98.062019	 97.750016	 97.438575	 97.127836	 96.817936	 96.509013	 96.201203	 95.894639	 95.589454	 95.285779	 94.983743	 94.683473	 94.385092	 94.088722	 93.794483	 93.502491	  93.21286	 92.925699	 92.641116	 92.359216	 92.080098	  91.80386	 91.530595	 91.260394	 90.993342	 90.729521	 90.469011	 90.211885	 89.958214	 89.708064	 89.461498	 89.218573	 88.979344	 88.743862	 88.512171	 88.284313	 88.060327	 87.840244	 87.624096	 87.411907	 87.203699	 86.999489	  86.79929	 86.603113	 86.410963	 86.222842	 86.038749	 85.858679	 85.682623	 85.510569	 85.342502	 85.178405	 85.018254	 84.862026	 84.709694	 84.561227	 84.416592	 84.275754	 84.138675	 84.005315	 83.875631	  83.74958	 83.627113	 83.508184	 83.392742	 83.280735	  83.17211	 83.066812	 82.964786	 82.865974	 82.770318	 82.677759	 82.588237	 82.501692	 82.418063	 82.337287	 82.259302	 82.184045	 82.111455	 82.041468	 81.974021	 81.909052	 81.846496	 81.786293	 81.728379	 81.672693	 81.619173	 81.567758	 81.518387	 81.471001	  81.42554	 81.381945	  81.34016	 81.300126	 81.261788	  81.22509	 81.189979	 81.156399	 81.124301	  81.09363	 81.064339	 81.036376	 81.009694	 80.984245	 80.959984	 80.936866	 80.914846	 80.893881	 80.873931	 80.854955	 80.836913	 80.819767	  80.80348	 80.788015	 80.773339	 80.759416	 80.746215	 80.733703	  80.72185	 80.710626	 80.700003	 80.689953	 80.680449	 80.671465	 80.662978	 80.654963	 80.647397	 80.640259	 80.633526	  80.62718	 80.621201	 80.615569	 80.610267	 80.605279	 80.600587	 80.596176	 80.592031	 80.588138	 80.584482	 80.581052	 80.577835	 80.574818	 80.571991	 80.569343	 80.566863	 80.564543	 80.562372	 80.560342	 80.558445	 80.556673	 80.555018	 80.553474	 80.552033	 80.550689	 80.549437	 80.548271	 80.547184	 80.546173	 80.545232	 80.544358	 80.543545	  80.54279	 80.542089	 80.541438	 80.540835	 80.540275	 80.539757	 80.539277	 80.538833	 80.538422	 80.538042	 80.537692	 80.537368	  80.53707	 80.536795	 80.536542	 80.536309	 80.536095	 80.535899	  80.53572	 80.535556	 80.535407	 80.535271	 80.535148	 80.535036	 80.534936	 80.534846	 80.534766	 80.534696	 80.534635	 80.534582	 80.534537	   80.5345	 80.534471	 80.534449	 80.534435	 80.534428	
        99	 98.665526	 98.331203	 97.997181	 97.663611	 97.330642	 96.998422	 96.667101	 96.336823	 96.007735	  95.67998	 95.353699	 95.029033	 94.706118	 94.385092	 94.066085	 93.749229	 93.434651	 93.122475	 92.812822	 92.505811	 92.201557	  91.90017	 91.601758	 91.306425	 91.014271	 90.725392	  90.43988	 90.157823	 89.879304	 89.604404	 89.333198	 89.065757	 88.802146	  88.54243	 88.286664	 88.034904	 87.787197	 87.543589	 87.304119	 87.068824	 86.837735	 86.610878	 86.388277	 86.169951	 85.955914	 85.746176	 85.540743	 85.339618	   85.1428	 84.950282	 84.762056	 84.578109	 84.398425	 84.222984	 84.051763	 83.884736	 83.721874	 83.563144	 83.408511	 83.257937	 83.111383	 82.968804	 82.830156	 82.695391	 82.564459	 82.437309	 82.313887	 82.194137	 82.078004	 81.965427	 81.856348	 81.750706	 81.648438	 81.549481	 81.453771	 81.361244	 81.271833	 81.185473	 81.102098	 81.021639	 80.944031	 80.869206	 80.797097	 80.727636	 80.660757	 80.596392	 80.534475	  80.47494	  80.41772	 80.362751	 80.309967	 80.259305	 80.210702	 80.164094	  80.11942	 80.076619	 80.035631	 79.996396	 79.958857	 79.922957	 79.888639	 79.855849	 79.824533	 79.794637	  79.76611	 79.738903	 79.712965	 79.688248	 79.664706	 79.642292	 79.620963	 79.600675	 79.581386	 79.563055	 79.545642	 79.529109	 79.513418	 79.498533	 79.484419	 79.471042	  79.45837	  79.44637	 79.435012	 79.424267	 79.414106	 79.404502	 79.395428	 79.386859	  79.37877	 79.371138	 79.363941	 79.357156	 79.350763	 79.344742	 79.339074	  79.33374	 79.328724	 79.324008	 79.319577	 79.315414	 79.311506	 79.307839	 79.304399	 79.301174	 79.298151	  79.29532	 79.292669	 79.290188	 79.287868	 79.285697	 79.283669	 79.281775	 79.280005	 79.278354	 79.276814	 79.275377	 79.274039	 79.272791	  79.27163	 79.270549	 79.269543	 79.268608	 79.267739	 79.266932	 79.266182	 79.265487	 79.264841	 79.264243	 79.263689	 79.263176	 79.262701	 79.262262	 79.261856	 79.261481	 79.261135	 79.260816	 79.260522	 79.260252	 79.260003	 79.259775	 79.259565	 79.259373	 79.259198	 79.259038	 79.258893	 79.258761	 79.258642	 79.258535	 79.258439	 79.258354	 79.258279	 79.258213	 79.258156	 79.258108	 79.258069	 79.258038	 79.258015	 79.257999	 79.257992	
        99	 98.644046	 98.288253	  97.93278	 97.577788	 97.223435	 96.869881	 96.517282	 96.165794	 95.815572	 95.466768	 95.119533	 94.774017	 94.430365	 94.088722	 93.749229	 93.412024	 93.077244	  92.74502	 92.415482	 92.088755	 91.764961	 91.444219	 91.126643	 90.812344	 90.501427	 90.193996	 89.890149	 89.589978	 89.293573	 89.001019	 88.712396	 88.427779	  88.14724	 87.870844	 87.598654	 87.330725	 87.067111	 86.807858	  86.55301	 86.302604	 86.056674	 85.815248	 85.578352	 85.346005	 85.118222	 84.895015	 84.676389	 84.462348	  84.25289	 84.048009	 83.847695	 83.651935	 83.460712	 83.274004	 83.091787	 82.914034	 82.740712	 82.571789	 82.407225	 82.246982	 82.091016	 81.939281	 81.791729	 81.648309	 81.508969	 81.373653	 81.242305	 81.114865	 80.991273	 80.871467	 80.755383	 80.642956	  80.53412	 80.428809	 80.326952	 80.228483	  80.13333	 80.041424	 79.952694	 79.867069	 79.784477	 79.704847	 79.628107	 79.554185	 79.483011	 79.414513	 79.348619	 79.285261	 79.224366	 79.165867	 79.109694	 79.055778	 79.004053	 78.954452	 78.906909	  78.86136	 78.817739	 78.775985	 78.736036	  78.69783	 78.661308	 78.626412	 78.593084	 78.561269	  78.53091	 78.501955	 78.474352	 78.448048	 78.422994	 78.399141	 78.376442	 78.354851	 78.334323	 78.314815	 78.296283	 78.278688	  78.26199	 78.246149	 78.231129	 78.216893	 78.203407	 78.190636	 78.178549	 78.167114	 78.156301	 78.146079	 78.136423	 78.127303	 78.118695	 78.110573	 78.102913	 78.095693	 78.088889	 78.082482	  78.07645	 78.070774	 78.065435	 78.060416	   78.0557	  78.05127	 78.047112	 78.043209	 78.039548	 78.036116	 78.032899	 78.029886	 78.027065	 78.024425	 78.021955	 78.019645	 78.017487	 78.015471	 78.013588	 78.011831	 78.010191	 78.008663	 78.007238	  78.00591	 78.004674	 78.003524	 78.002454	 78.001459	 78.000534	 77.999675	 77.998877	 77.998137	  77.99745	 77.996813	 77.996224	 77.995678	 77.995172	 77.994705	 77.994273	 77.993874	 77.993506	 77.993166	 77.992853	 77.992565	 77.992301	 77.992058	 77.991835	 77.991631	 77.991444	 77.991274	  77.99112	 77.990979	 77.990853	 77.990739	 77.990636	 77.990546	 77.990466	 77.990396	 77.990335	 77.990285	 77.990243	  77.99021	 77.990185	 77.990169	  77.99016	
        99	 98.622721	 98.245611	 97.868842	 97.492582	    97.117	 96.742264	  96.36854	 95.995994	  95.62479	 95.255089	 94.887051	 94.520835	 94.156595	 93.794483	 93.434651	 93.077244	 92.722406	 92.370279	 92.020997	 91.674696	 91.331503	 90.991545	 90.654943	 90.321814	  89.99227	 89.666421	  89.34437	 89.026215	 88.712053	 88.401972	 88.096057	 87.794389	 87.497042	 87.204087	 86.915589	 86.631609	 86.352201	 86.077416	   85.8073	 85.541892	 85.281228	 85.025339	  84.77425	 84.527983	 84.286553	 84.049973	  83.81825	 83.591385	 83.369378	 83.152222	 82.939907	 82.732419	  82.52974	 82.331846	 82.138712	  81.95031	 81.766604	  81.58756	 81.413138	 81.243294	 81.077984	 80.917159	 80.760767	 80.608755	 80.461066	 80.317644	 80.178426	 80.043351	 79.912355	 79.785371	 79.662332	  79.54317	 79.427814	 79.316193	 79.208234	 79.103865	 79.003012	   78.9056	 78.811554	 78.720799	 78.633259	 78.548858	  78.46752	  78.38917	 78.313732	  78.24113	 78.171289	 78.104134	 78.039591	 77.977587	 77.918049	 77.860903	 77.806079	 77.753507	 77.703115	 77.654837	 77.608603	 77.564347	 77.522004	  77.48151	   77.4428	 77.405813	 77.370489	 77.336767	  77.30459	   77.2739	 77.244643	 77.216763	 77.190208	 77.164926	 77.140867	 77.117983	 77.096225	 77.075548	 77.055906	 77.037257	 77.019558	 77.002768	 76.986848	 76.971759	 76.957465	  76.94393	 76.931119	 76.918998	 76.907537	 76.896704	 76.886468	 76.876803	 76.867679	  76.85907	 76.850951	 76.843298	 76.836087	 76.829296	 76.822902	 76.816886	 76.811228	 76.805908	  76.80091	 76.796215	 76.791807	  76.78767	  76.78379	 76.780152	 76.776743	 76.773549	 76.770559	 76.767761	 76.765143	 76.762695	 76.760407	  76.75827	 76.756274	 76.754412	 76.752674	 76.751054	 76.749544	 76.748137	 76.746827	 76.745608	 76.744473	 76.743419	 76.742438	 76.741528	 76.740682	 76.739897	  76.73917	 76.738495	  76.73787	 76.737291	 76.736756	  76.73626	 76.735802	 76.735379	 76.734989	 76.734629	 76.734298	 76.733993	 76.733712	 76.733454	 76.733218	 76.733002	 76.732804	 76.732624	  76.73246	 76.732312	 76.732177	 76.732056	 76.731948	 76.731852	 76.731767	 76.731693	 76.731629	 76.731575	 76.731531	 76.731496	 76.731469	 76.731452	 76.731443	
