Time step 49:
        99	        99	        99	        99	        99	        99	        99	        99	        99	        99	        99	        99	        99	        99	        99	        99	        99	        99	        99	        99	        99	        99	        99	        99	        99	        99	        99	        99	        99	        99	        99	        99	        99	        99	        99	        99	        99	        99	        99	        99	        99	        99	        99	        99	        99	        99	        99	        99	        99	        99	        99	        99	        99	        99	        99	        99	        99	        99	        99	        99	        99	        99	        99	        99	        99	        99	        99	        99	        99	        99	        99	        99	        99	        99	        99	        99	        99	        99	        99	        99	        99	        99	        99	        99	        99	        99	        99	        99	        99	        99	        99	        99	        99	        99	        99	        99	        99	        99	        99	        99	        99	        99	        99	        99	        99	        99	        99	        99	        99	        99	        99	        99	        99	        99	        99	        99	        99	        99	        99	        99	        99	        99	        99	        99	        99	        99	        99	        99	        99	        99	        99	        99	        99	        99	        99	        99	        99	        99	        99	        99	        99	        99	        99	        99	        99	        99	        99	        99	        99	        99	        99	        99	        99	        99	        99	        99	        99	        99	        99	        99	        99	        99	        99	        99	        99	        99	        99	        99	        99	        99	        99	        99	        99	        99	        99	        99	        99	        99	        99	        99	        99	        99	        99	        99	        99	        99	        99	        99	        99	        99	        99	        99	        99	        99	        99	        99	        99	        99	        99	        99	
        99	 98.987042	 98.974088	  98.96114	 98.948202	 98.935278	  98.92237	 98.909482	 98.896618	  98.88378	 98.870971	 98.858196	 98.845457	 98.832757	 98.820099	 98.807488	 98.794924	 98.782413	 98.769956	 98.757557	 98.745218	 98.732943	 98.720734	 98.708594	 98.696526	 98.684532	 98.672615	 98.660778	 98.649023	 98.637352	 98.625768	 98.614274	 98.602871	 98.591561	 98.580347	 98.569231	 98.558215	 98.547301	  98.53649	 98.525785	 98.515186	 98.504696	 98.494317	 98.484049	 98.473894	 98.463854	  98.45393	 98.444122	 98.434432	 98.424862	 98.415412	 98.406082	 98.396875	  98.38779	 98.378828	  98.36999	 98.361277	 98.352688	 98.344224	 98.335886	 98.327674	 98.319588	 98.311628	 98.303794	 98.296086	 98.288505	 98.281049	 98.273719	 98.266514	 98.259435	  98.25248	 98.245649	 98.238943	 98.232359	 98.225899	  98.21956	 98.213343	 98.207246	 98.201269	 98.195411	 98.189671	 98.184048	 98.178541	  98.17315	 98.167872	 98.162707	 98.157655	 98.152713	  98.14788	 98.143156	 98.138539	 98.134028	 98.129622	 98.125318	 98.121117	 98.117016	 98.113014	  98.10911	 98.105303	  98.10159	 98.097971	 98.094444	 98.091008	  98.08766	 98.084401	 98.081227	 98.078139	 98.075133	 98.072209	 98.069366	 98.066601	 98.063914	 98.061302	 98.058765	 98.056301	 98.053908	 98.051584	  98.04933	 98.047142	  98.04502	 98.042962	 98.040966	 98.039032	 98.037158	 98.035343	 98.033584	 98.031882	 98.030234	 98.028639	 98.027095	 98.025603	  98.02416	 98.022764	 98.021416	 98.020113	 98.018854	 98.017639	 98.016466	 98.015333	 98.014241	 98.013186	  98.01217	  98.01119	 98.010246	 98.009335	 98.008459	 98.007615	 98.006802	  98.00602	 98.005268	 98.004544	 98.003848	 98.003179	 98.002537	  98.00192	 98.001327	 98.000758	 98.000212	 97.999689	 97.999187	 97.998706	 97.998245	 97.997804	 97.997382	 97.996979	 97.996593	 97.996224	 97.995872	 97.995536	 97.995215	  97.99491	 97.994619	 97.994342	  97.99408	  97.99383	 97.993593	 97.993369	 97.993157	 97.992956	 97.992767	 97.992589	 97.992422	 97.992265	 97.992118	 97.991982	 97.991855	 97.991737	 97.991629	  97.99153	  97.99144	 97.991358	 97.991285	 97.991221	 97.991165	 97.991117	 97.991077	 97.991045	 97.991021	 97.991005	 97.990998	
        99	 98.974088	 98.948182	  98.92229	 98.896418	 98.870573	 98.844761	 98.818988	 98.793262	 98.767589	 98.741976	 98.716429	 98.690953	 98.665557	 98.640245	 98.615025	 98.589902	 98.564882	 98.539971	 98.515176	 98.490502	 98.465955	  98.44154	 98.417263	  98.39313	 98.369145	 98.345315	 98.321643	 98.298136	 98.274798	 98.251633	 98.228647	 98.205844	 98.183227	 98.160803	 98.138574	 98.116544	 98.094718	   98.0731	 98.051691	 98.030497	  98.00952	 97.988764	 97.968231	 97.947924	 97.927846	    97.908	 97.888387	 97.869011	 97.849872	 97.830974	 97.812318	 97.793905	 97.775738	 97.757816	 97.740143	 97.722718	 97.705543	 97.688618	 97.671944	 97.655522	 97.639351	 97.623433	 97.607767	 97.592354	 97.577192	 97.562283	 97.547624	 97.533217	  97.51906	 97.505152	 97.491493	 97.478082	 97.464917	 97.451997	 97.439321	 97.426888	 97.414696	 97.402744	 97.391029	 97.379551	 97.368306	 97.357294	 97.346512	 97.335958	 97.325631	 97.315527	 97.305644	  97.29598	 97.286534	 97.277301	  97.26828	 97.259468	 97.250862	  97.24246	  97.23426	 97.226257	  97.21845	 97.210836	 97.203412	 97.196175	 97.189121	 97.182249	 97.175556	 97.169037	 97.162691	 97.156515	 97.150505	 97.144658	 97.138972	 97.133443	 97.128069	 97.122847	 97.117773	 97.112844	 97.108059	 97.103413	 97.098904	 97.094529	 97.090286	  97.08617	  97.08218	 97.078312	 97.074565	 97.070934	 97.067418	 97.064013	 97.060717	 97.057528	 97.054442	 97.051457	 97.048571	  97.04578	 97.043084	 97.040478	 97.037962	 97.035531	 97.033185	  97.03092	 97.028735	 97.026627	 97.024594	 97.022635	 97.020746	 97.018926	 97.017173	 97.015485	  97.01386	 97.012296	 97.010791	 97.009344	 97.007953	 97.006615	  97.00533	 97.004096	 97.002911	 97.001774	 97.000682	 96.999635	 96.998632	  96.99767	 96.996749	 96.995867	 96.995023	 96.994216	 96.993444	 96.992706	 96.992002	  96.99133	 96.990689	 96.990079	 96.989497	 96.988944	 96.988418	 96.987919	 96.987445	 96.986997	 96.986572	 96.986171	 96.985793	 96.985437	 96.985103	 96.984789	 96.984496	 96.984223	 96.983969	 96.983734	 96.983518	  96.98332	 96.983139	 96.982976	  96.98283	 96.982701	 96.982589	 96.982493	 96.982414	  96.98235	 96.982302	 96.982271	 96.982255	
        99	  98.96114	  98.92229	  98.88346	 98.844661	 98.805901	 98.767191	 98.728541	  98.68996	 98.651459	 98.613047	 98.574734	  98.53653	 98.498443	 98.460484	 98.422661	 98.384984	 98.347463	 98.310105	  98.27292	 98.235917	 98.199104	  98.16249	 98.126082	  98.08989	 98.053921	 98.018183	 97.982683	  97.94743	  97.91243	 97.877691	 97.843219	 97.809021	 97.775104	 97.741475	 97.708138	 97.675101	 97.642369	 97.609948	 97.577842	 97.546058	 97.514599	 97.483471	 97.452678	 97.422225	 97.392114	 97.362351	 97.332939	  97.30388	 97.275179	 97.246838	 97.218859	 97.191246	 97.164001	 97.137125	  97.11062	 97.084488	 97.058731	 97.033349	 97.008344	 96.983716	 96.959465	 96.935593	   96.9121	 96.888984	 96.866247	 96.843887	 96.821904	 96.800298	 96.779067	  96.75821	 96.737725	 96.717612	 96.697869	 96.678494	 96.659484	 96.640839	 96.622555	  96.60463	 96.587062	 96.569848	 96.552985	  96.53647	 96.520301	 96.504474	 96.488985	 96.473832	 96.459012	 96.444519	 96.430352	 96.416506	 96.402977	 96.389762	 96.376856	 96.364257	 96.351958	 96.339957	 96.328249	  96.31683	 96.305696	 96.294843	 96.284265	 96.273959	 96.263921	 96.254146	 96.244629	 96.235366	 96.226352	 96.217584	 96.209057	 96.200766	 96.192706	 96.184874	 96.177265	 96.169874	 96.162697	  96.15573	 96.148968	 96.142408	 96.136043	 96.129871	 96.123887	 96.118087	 96.112467	 96.107022	 96.101749	 96.096643	   96.0917	 96.086917	 96.082289	 96.077813	 96.073484	   96.0693	 96.065256	 96.061348	 96.057574	 96.053929	  96.05041	 96.047014	 96.043737	 96.040576	 96.037528	 96.034589	 96.031756	 96.029027	 96.026398	 96.023867	  96.02143	 96.019084	 96.016828	 96.014657	 96.012571	 96.010565	 96.008638	 96.006787	  96.00501	 96.003304	 96.001667	 96.000097	 95.998592	  95.99715	 95.995769	 95.994446	  95.99318	 95.991969	 95.990812	 95.989706	  95.98865	 95.987642	 95.986681	 95.985765	 95.984893	 95.984064	 95.983275	 95.982526	 95.981816	 95.981143	 95.980507	 95.979906	 95.979339	 95.978805	 95.978303	 95.977833	 95.977393	 95.976984	 95.976603	 95.976251	 95.975926	 95.975629	 95.975358	 95.975114	 95.974895	 95.974702	 95.974533	 95.974389	  95.97427	 95.974175	 95.974103	 95.974056	 95.974032	
        99	 98.948202	 98.896418	 98.844661	 98.792943	 98.741279	 98.689681	 98.638163	 98.586738	 98.535418	 98.484218	 98.433149	 98.382225	 98.331458	 98.280861	 98.230446	 98.180225	 98.130212	 98.080416	 98.030852	 97.981529	  97.93246	 97.883655	 97.835127	 97.786885	  97.73894	 97.691304	 97.643985	 97.596995	 97.550342	 97.504037	 97.458088	 97.412505	 97.367296	  97.32247	 97.278035	 97.233999	 97.190369	 97.147154	 97.104359	 97.061993	 97.020061	 96.978569	 96.937524	 96.896932	 96.856797	 96.817124	 96.777919	 96.739186	  96.70093	 96.663153	 96.625859	 96.589053	 96.552736	 96.516912	 96.481583	 96.446752	 96.412419	 96.378586	 96.345256	 96.312429	 96.280105	 96.248285	 96.216969	 96.186158	  96.15585	 96.126046	 96.096745	 96.067945	 96.039645	 96.011844	  95.98454	 95.957731	 95.931414	 95.905588	  95.88025	 95.855397	 95.831026	 95.807133	 95.783716	 95.760771	 95.738293	  95.71628	 95.694728	 95.673631	 95.652986	 95.632788	 95.613033	 95.593716	 95.574832	 95.556376	 95.538343	 95.520728	 95.503526	 95.486731	 95.470338	 95.454342	 95.438736	 95.423515	 95.408674	 95.394207	 95.380108	 95.366371	 95.352991	 95.339961	 95.327275	 95.314928	 95.302914	 95.291227	 95.279861	 95.268809	 95.258066	 95.247627	 95.237484	 95.227633	 95.218067	  95.20878	 95.199767	 95.191021	 95.182538	 95.174311	 95.166335	 95.158604	 95.151113	 95.143855	 95.136826	  95.13002	 95.123432	 95.117056	 95.110887	 95.104921	 95.099151	 95.093574	 95.088184	 95.082975	 95.077944	 95.073086	 95.068396	 95.063869	 95.059501	 95.055287	 95.051224	 95.047307	 95.043531	 95.039893	 95.036389	 95.033014	 95.029766	  95.02664	 95.023632	 95.020739	 95.017958	 95.015284	 95.012716	 95.010248	 95.007879	 95.005606	 95.003424	 95.001331	 94.999325	 94.997403	 94.995562	 94.993799	 94.992111	 94.990497	 94.988955	  94.98748	 94.986073	 94.984729	 94.983448	 94.982228	 94.981065	  94.97996	 94.978909	 94.977911	 94.976964	 94.976067	 94.975219	 94.974417	 94.973662	  94.97295	 94.972281	 94.971655	 94.971069	 94.970522	 94.970015	 94.969546	 94.969113	 94.968717	 94.968356	  94.96803	 94.967739	 94.967481	 94.967256	 94.967065	 94.966905	 94.966778	 94.966683	  94.96662	 94.966588	
        99	 98.935278	 98.870573	 98.805901	 98.741279	 98.676723	 98.612251	 98.547878	 98.483622	 98.419497	 98.355521	  98.29171	 98.228079	 98.164645	 98.101423	 98.038429	 97.975678	 97.913184	 97.850964	 97.789032	 97.727403	  97.66609	 97.605108	  97.54447	 97.484191	 97.424284	 97.364761	 97.305636	 97.246921	 97.188628	 97.130768	 97.073355	 97.016398	 96.959908	 96.903898	 96.848375	 96.793351	 96.738835	 96.684837	 96.631364	 96.578427	 96.526032	 96.474187	 96.422901	  96.37218	  96.32203	 96.272459	 96.223472	 96.175074	 96.127272	 96.080069	  96.03347	  95.98748	 95.942102	 95.897339	 95.853195	 95.809672	 95.766773	 95.724499	 95.682852	 95.641833	 95.601444	 95.561684	 95.522555	 95.484056	 95.446186	 95.408945	 95.372333	 95.336346	 95.300985	 95.266248	 95.232131	 95.198632	 95.165749	 95.133479	 95.101819	 95.070764	 95.040312	 95.010458	 94.981197	 94.952527	 94.924441	 94.896936	 94.870005	 94.843645	 94.817848	 94.792611	 94.767927	  94.74379	 94.720194	 94.697133	   94.6746	  94.65259	 94.631096	  94.61011	 94.589627	 94.569639	 94.550139	 94.531121	 94.512577	   94.4945	 94.476883	 94.459718	 94.442999	 94.426718	 94.410867	 94.395439	 94.380428	 94.365824	 94.351622	 94.337812	 94.324389	 94.311345	 94.298671	 94.286362	 94.274409	 94.262805	 94.251543	 94.240616	 94.230016	 94.219736	  94.20977	  94.20011	 94.190749	  94.18168	 94.172897	 94.164393	 94.156161	 94.148194	 94.140487	 94.133031	 94.125822	 94.118853	 94.112118	  94.10561	 94.099324	 94.093253	 94.087392	 94.081736	 94.076278	 94.071013	 94.065936	 94.061041	 94.056324	 94.051778	 94.047399	 94.043183	 94.039124	 94.035218	 94.031459	 94.027845	 94.024369	 94.021029	 94.017819	 94.014736	 94.011776	 94.008935	 94.006209	 94.003595	 94.001088	 93.998686	 93.996385	 93.994182	 93.992074	 93.990057	 93.988129	 93.986287	 93.984529	  93.98285	 93.981249	 93.979724	 93.978272	  93.97689	 93.975577	  93.97433	 93.973147	 93.972027	 93.970966	 93.969965	  93.96902	 93.968131	 93.967296	 93.966513	 93.965781	 93.965098	 93.964464	 93.963878	 93.963337	 93.962842	 93.962391	 93.961984	  93.96162	 93.961298	 93.961017	 93.960778	 93.960579	  93.96042	 93.960301	 93.960222	 93.960183	
        99	  98.92237	 98.844761	 98.767191	 98.689681	 98.612251	 98.534921	  98.45771	 98.380638	 98.303725	  98.22699	 98.150453	 98.074132	 97.998047	 97.922217	 97.846659	 97.771393	 97.696437	 97.621808	 97.547524	 97.473604	 97.400063	 97.326919	 97.254189	 97.181888	 97.110033	  97.03864	 96.967723	 96.897298	 96.827379	  96.75798	 96.689116	   96.6208	 96.553045	 96.485864	 96.419268	 96.353271	 96.287883	 96.223115	 96.158978	 96.095483	 96.032639	 95.970455	  95.90894	 95.848103	 95.787953	 95.728495	 95.669738	 95.611689	 95.554353	 95.497736	 95.441844	 95.386682	 95.332254	 95.278564	 95.225616	 95.173413	 95.121958	 95.071253	   95.0213	 94.972101	 94.923657	 94.875968	 94.829035	 94.782857	 94.737435	 94.692767	 94.648853	  94.60569	 94.563277	 94.521611	  94.48069	 94.440511	  94.40107	 94.362364	 94.324389	 94.287141	 94.250616	 94.214808	 94.179712	 94.145324	 94.111637	 94.078646	 94.046344	 94.014727	 93.983786	 93.953515	 93.923908	 93.894957	 93.866655	 93.838995	 93.811969	 93.785569	 93.759788	 93.734617	 93.710049	 93.686075	 93.662686	 93.639875	 93.617633	  93.59595	  93.57482	 93.554232	 93.534179	  93.51465	 93.495639	 93.477134	 93.459129	 93.441613	 93.424578	 93.408014	 93.391914	 93.376268	 93.361067	 93.346303	 93.331966	 93.318048	  93.30454	 93.291433	 93.278719	  93.26639	 93.254436	 93.242849	 93.231621	 93.220744	  93.21021	  93.20001	 93.190136	  93.18058	 93.171335	 93.162393	 93.153746	 93.145387	 93.137309	 93.129503	 93.121963	 93.114682	 93.107652	 93.100868	 93.094321	 93.088006	 93.081917	 93.076046	 93.070387	 93.064935	 93.059683	 93.054626	 93.049757	 93.045072	 93.040564	 93.036229	  93.03206	 93.028054	 93.024204	 93.020506	 93.016956	 93.013548	 93.010278	 93.007142	 93.004136	 93.001255	 92.998495	 92.995853	 92.993324	 92.990905	 92.988593	 92.986383	 92.984274	 92.982261	 92.980341	 92.978511	 92.976769	 92.975112	 92.973537	 92.972041	 92.970622	 92.969279	 92.968007	 92.966806	 92.965673	 92.964606	 92.963604	 92.962665	 92.961787	 92.960968	 92.960208	 92.959504	 92.958856	 92.958262	 92.957722	 92.957233	 92.956796	  92.95641	 92.956073	 92.955786	 92.955547	 92.955357	 92.955215	  92.95512	 92.955072	
        99	 98.909482	 98.818988	 98.728541	 98.638163	 98.547878	  98.45771	 98.367681	 98.277814	 98.188132	 98.098658	 98.009414	 97.920423	 97.831707	 97.743287	 97.655186	 97.567424	 97.480024	 97.393005	 97.306389	 97.220197	 97.134447	  97.04916	 96.964355	 96.880051	 96.796267	 96.713021	 96.630331	 96.548214	 96.466688	 96.385768	 96.305472	 96.225814	  96.14681	 96.068476	 95.990824	  95.91387	 95.837627	 95.762106	 95.687322	 95.613285	 95.540008	   95.4675	 95.395773	 95.324837	   95.2547	 95.185372	  95.11686	 95.049173	 94.982318	 94.916302	 94.851132	 94.786811	 94.723347	 94.660744	 94.599006	 94.538136	 94.478139	 94.419016	  94.36077	 94.303403	 94.246916	  94.19131	 94.136586	 94.082742	 94.029779	 93.977696	 93.926491	 93.876162	 93.826708	 93.778125	  93.73041	 93.683561	 93.637572	  93.59244	 93.548161	 93.504729	  93.46214	 93.420387	 93.379465	 93.339368	 93.300088	  93.26162	 93.223956	 93.187089	 93.151012	 93.115716	 93.081193	 93.047436	 93.014436	 92.982184	 92.950671	 92.919888	 92.889827	 92.860477	  92.83183	 92.803876	 92.776604	 92.750006	 92.724071	 92.698789	 92.674151	 92.650145	 92.626762	 92.603992	 92.581824	 92.560248	 92.539253	 92.518829	 92.498966	 92.479653	  92.46088	 92.442636	 92.424912	 92.407696	 92.390979	  92.37475	    92.359	 92.343717	 92.328893	 92.314516	 92.300578	 92.287068	 92.273976	 92.261293	 92.249009	 92.237116	 92.225603	 92.214461	 92.203681	 92.193255	 92.183172	 92.173425	 92.164005	 92.154904	 92.146112	 92.137622	 92.129426	 92.121515	 92.113881	 92.106518	 92.099418	 92.092572	 92.085974	 92.079617	 92.073493	 92.067596	 92.061919	 92.056456	   92.0512	 92.046145	 92.041284	 92.036612	 92.032124	 92.027812	 92.023672	 92.019698	 92.015886	 92.012229	 92.008724	 92.005364	 92.002146	 91.999065	 91.996117	 91.993297	   91.9906	 91.988024	 91.985564	 91.983217	 91.980978	 91.978845	 91.976814	 91.974882	 91.973045	 91.971301	 91.969647	  91.96808	 91.966597	 91.965196	 91.963876	 91.962632	 91.961464	 91.960368	 91.959344	  91.95839	 91.957503	 91.956683	 91.955927	 91.955235	 91.954604	 91.954035	 91.953525	 91.953075	 91.952682	 91.952347	 91.952069	 91.951847	 91.951681	  91.95157	 91.951515	
        99	 98.896618	 98.793262	  98.68996	 98.586738	 98.483622	 98.380638	 98.277814	 98.175175	 98.072747	 97.970557	  97.86863	 97.766991	 97.665666	  97.56468	 97.464057	 97.363823	 97.264001	 97.164615	 97.065689	 96.967246	  96.86931	 96.771902	 96.675044	 96.578759	 96.483067	  96.38799	 96.293548	  96.19976	 96.106647	 96.014227	 95.922518	  95.83154	 95.741308	  95.65184	 95.563153	 95.475262	 95.388182	 95.301929	 95.216516	 95.131957	 95.048265	 94.965452	 94.883531	 94.802513	 94.722408	 94.643227	 94.564978	 94.487672	 94.411315	 94.335917	 94.261484	 94.188022	 94.115538	 94.044038	 93.973525	 93.904005	  93.83548	 93.767955	 93.701431	 93.635911	 93.571396	 93.507887	 93.445385	 93.383889	 93.323399	 93.263913	 93.205431	 93.147949	 93.091466	 93.035978	 92.981482	 92.927974	  92.87545	 92.823904	 92.773332	 92.723727	 92.675085	 92.627398	  92.58066	 92.534864	 92.490002	 92.446067	  92.40305	 92.360943	 92.319738	 92.279426	 92.239997	 92.201442	 92.163752	 92.126916	 92.090924	 92.055767	 92.021433	 91.987912	 91.955194	 91.923266	 91.892119	 91.861741	  91.83212	 91.803245	 91.775105	 91.747688	 91.720982	 91.694975	 91.669656	 91.645014	 91.621035	 91.597708	 91.575022	 91.552964	 91.531523	 91.510687	 91.490443	 91.470781	 91.451688	 91.433153	 91.415164	 91.397709	 91.380778	 91.364358	 91.348439	 91.333008	 91.318056	 91.303571	 91.289541	 91.275957	 91.262808	 91.250083	 91.237771	 91.225862	 91.214347	 91.203215	 91.192456	 91.182061	  91.17202	 91.162323	 91.152962	 91.143927	 91.135209	 91.126799	 91.118689	  91.11087	 91.103335	 91.096074	  91.08908	 91.082345	 91.075862	 91.069622	 91.063619	 91.057845	 91.052294	 91.046958	 91.041831	 91.036907	 91.032178	  91.02764	 91.023286	 91.019109	 91.015106	 91.011269	 91.007593	 91.004075	 91.000707	 90.997486	 90.994406	 90.991464	 90.988655	 90.985974	 90.983417	 90.980981	 90.978661	 90.976454	 90.974356	 90.972364	 90.970475	 90.968685	 90.966992	 90.965392	 90.963883	 90.962463	 90.961129	 90.959878	 90.958708	 90.957618	 90.956606	 90.955668	 90.954805	 90.954014	 90.953294	 90.952644	 90.952062	 90.951548	 90.951099	 90.950717	 90.950399	 90.950145	 90.949956	 90.949829	 90.949766	
        99	  98.88378	 98.767589	 98.651459	 98.535418	 98.419497	 98.303725	 98.188132	 98.072747	   97.9576	  97.84272	 97.728135	 97.613875	 97.499967	  97.38644	 97.273322	 97.160641	 97.048423	 96.936695	 96.825484	 96.714817	 96.604719	 96.495214	 96.386329	 96.278087	 96.170512	 96.063628	 95.957458	 95.852024	 95.747348	 95.643451	 95.540354	 95.438077	  95.33664	 95.236062	 95.136362	 95.037556	 94.939663	 94.842698	 94.746679	 94.651619	 94.557534	 94.464438	 94.372344	 94.281265	 94.191213	 94.102198	 94.014233	 93.927326	 93.841488	 93.756726	  93.67305	 93.590466	 93.508981	 93.428601	 93.349332	 93.271179	 93.194145	 93.118234	 93.043449	 92.969793	 92.897267	 92.825871	 92.755607	 92.686475	 92.618473	   92.5516	 92.485855	 92.421236	 92.357739	  92.29536	 92.234097	 92.173944	 92.114897	  92.05695	 92.000098	 91.944334	 91.889651	 91.836042	   91.7835	 91.732017	 91.681584	 91.632193	 91.583834	 91.536499	 91.490177	 91.444859	 91.400533	 91.357191	  91.31482	  91.27341	 91.232949	 91.193425	 91.154828	 91.117145	 91.080363	 91.044471	 91.009455	 90.975305	 90.942005	 90.909545	  90.87791	 90.847088	 90.817066	  90.78783	 90.759367	 90.731664	 90.704708	 90.678484	 90.652981	 90.628184	  90.60408	 90.580657	 90.557899	 90.535795	 90.514331	 90.493494	 90.473271	 90.453649	 90.434615	 90.416156	  90.39826	 90.380914	 90.364105	  90.34782	 90.332049	 90.316778	 90.301996	  90.28769	  90.27385	 90.260462	 90.247517	 90.235003	 90.222908	 90.211222	 90.199934	 90.189033	 90.178509	 90.168352	 90.158551	 90.149097	  90.13998	 90.131191	 90.122719	 90.114557	 90.106694	 90.099123	 90.091834	  90.08482	 90.078071	  90.07158	  90.06534	 90.059341	 90.053578	 90.048042	 90.042726	 90.037624	 90.032729	 90.028035	 90.023534	  90.01922	 90.015089	 90.011133	 90.007347	 90.003726	 90.000264	 89.996956	 89.993798	 89.990784	  89.98791	 89.985171	 89.982563	 89.980082	 89.977724	 89.975484	  89.97336	 89.971348	 89.969445	 89.967647	 89.965951	 89.964354	 89.962854	 89.961448	 89.960133	 89.958907	 89.957769	 89.956715	 89.955745	 89.954856	 89.954047	 89.953315	 89.952661	 89.952083	 89.951579	 89.951149	 89.950792	 89.950507	 89.950293	 89.950151	  89.95008	
        99	 98.870971	 98.741976	 98.613047	 98.484218	 98.355521	  98.22699	 98.098658	 97.970557	  97.84272	 97.715179	 97.587966	 97.461113	 97.334652	 97.208614	 97.083029	 96.957929	 96.833344	 96.709303	 96.585836	 96.462972	  96.34074	 96.219168	 96.098282	 95.978111	 95.858681	 95.740018	 95.622147	 95.505093	  95.38888	 95.273533	 95.159074	 95.045526	  94.93291	 94.821247	 94.710559	 94.600864	 94.492183	 94.384532	  94.27793	 94.172394	 94.067941	 93.964585	 93.862341	 93.761224	 93.661247	 93.562423	 93.464763	 93.368279	  93.27298	 93.178878	 93.085979	 92.994294	 92.903829	 92.814591	 92.726586	 92.639819	 92.554295	 92.470019	 92.386992	 92.305218	 92.224699	 92.145435	 92.067427	 91.990676	  91.91518	 91.840937	 91.767947	 91.696206	 91.625711	 91.556458	 91.488443	 91.421661	 91.356106	 91.291773	 91.228655	 91.166745	 91.106036	 91.046519	 90.988187	  90.93103	 90.875039	 90.820204	 90.766516	 90.713964	 90.662537	 90.612224	 90.563014	 90.514895	 90.467854	  90.42188	  90.37696	 90.333081	  90.29023	 90.248394	 90.207558	 90.167711	 90.128836	 90.090922	 90.053953	 90.017915	 89.982794	 89.948575	 89.915244	 89.882786	 89.851186	  89.82043	 89.790503	  89.76139	 89.733076	 89.705546	 89.678786	 89.652781	 89.627515	 89.602975	 89.579146	 89.556012	 89.533561	 89.511776	 89.490644	 89.470151	 89.450283	 89.431024	 89.412363	 89.394284	 89.376774	 89.359821	 89.343409	 89.327527	 89.312161	 89.297298	 89.282927	 89.269033	 89.255605	 89.242631	 89.230099	 89.217997	 89.206313	 89.195036	 89.184156	  89.17366	 89.163538	  89.15378	 89.144375	 89.135313	 89.126584	 89.118178	 89.110086	 89.102299	 89.094806	   89.0876	 89.080672	 89.074012	 89.067614	 89.061468	 89.055566	 89.049902	 89.044468	 89.039255	 89.034258	  89.02947	 89.024883	 89.020491	 89.016288	 89.012268	 89.008424	 89.004752	 89.001246	   88.9979	 88.994709	 88.991668	 88.988772	 88.986018	   88.9834	 88.980914	 88.978556	 88.976322	 88.974209	 88.972212	 88.970329	 88.968557	 88.966891	  88.96533	  88.96387	  88.96251	 88.961246	 88.960076	 88.958999	 88.958012	 88.957113	 88.956302	 88.955575	 88.954933	 88.954374	 88.953896	   88.9535	 88.953183	 88.952946	 88.952789	  88.95271	
        99	 98.858196	 98.716429	 98.574734	 98.433149	  98.29171	 98.150453	 98.009414	  97.86863	 97.728135	 97.587966	 97.448157	 97.308745	 97.169762	 97.031244	 96.893226	 96.755739	 96.618818	 96.482496	 96.346805	 96.211776	 96.077441	 95.943831	 95.810977	 95.678907	 95.547652	  95.41724	 95.287698	 95.159054	 95.031336	 94.904568	 94.778776	 94.653985	 94.530219	   94.4075	 94.285852	 94.165297	 94.045854	 93.927545	 93.810388	 93.694403	 93.579607	 93.466018	 93.353651	 93.242522	 93.132646	 93.024037	 92.916707	  92.81067	 92.705936	 92.602516	 92.500419	 92.399656	 92.300234	  92.20216	 92.105442	 92.010084	 91.916092	 91.823471	 91.732224	 91.642353	 91.553862	  91.46675	 91.381018	 91.296668	 91.213696	 91.132103	 91.051886	 90.973041	 90.895566	 90.819457	 90.744707	 90.671313	 90.599268	 90.528565	 90.459198	 90.391158	 90.324438	 90.259028	  90.19492	 90.132104	 90.070569	 90.010305	 89.951301	 89.893546	 89.837027	 89.781733	  89.72765	 89.674766	 89.623068	 89.572542	 89.523175	 89.474951	 89.427857	 89.381878	    89.337	 89.293207	 89.250484	 89.208815	 89.168186	 89.128579	 89.089981	 89.052374	 89.015743	 88.980071	 88.945343	 88.911541	 88.878651	 88.846655	 88.815538	 88.785282	 88.755873	 88.727292	 88.699525	 88.672556	 88.646367	 88.620943	 88.596268	 88.572327	 88.549103	 88.526581	 88.504745	  88.48358	  88.46307	 88.443202	 88.423958	 88.405326	  88.38729	 88.369835	 88.352947	 88.336613	 88.320818	 88.305549	 88.290792	 88.276533	  88.26276	  88.24946	 88.236619	 88.224226	 88.212268	 88.200733	 88.189609	 88.178885	 88.168549	 88.158589	 88.148996	 88.139758	 88.130865	 88.122306	 88.114072	 88.106152	 88.098538	 88.091219	 88.084187	 88.077432	 88.070947	 88.064722	 88.058749	 88.053021	 88.047529	 88.042266	 88.037225	 88.032398	 88.027779	 88.023361	 88.019137	 88.015101	 88.011248	  88.00757	 88.004063	 88.000722	 87.997539	 87.994512	 87.991635	 87.988903	 87.986311	 87.983856	 87.981534	  87.97934	  87.97727	 87.975322	 87.973492	 87.971776	 87.970172	 87.968677	 87.967287	 87.966002	 87.964818	 87.963733	 87.962746	 87.961854	 87.961056	  87.96035	 87.959735	  87.95921	 87.958774	 87.958426	 87.958166	 87.957993	 87.957906	
        99	 98.845457	 98.690953	  98.53653	 98.382225	 98.228079	 98.074132	 97.920423	 97.766991	 97.613875	 97.461113	 97.308745	 97.156807	 97.005339	 96.854378	 96.703959	 96.554122	   96.4049	 96.256331	  96.10845	  95.96129	 95.814887	 95.669275	 95.524485	 95.380551	 95.237504	 95.095375	 94.954196	 94.813996	 94.674803	 94.536647	 94.399554	 94.263552	 94.128667	 93.994924	 93.862348	 93.730962	 93.600788	 93.471851	 93.344169	 93.217764	 93.092655	 92.968861	   92.8464	 92.725288	 92.605541	 92.487175	 92.370203	 92.254639	 92.140496	 92.027785	 91.916517	 91.806701	 91.698347	 91.591463	 91.486055	 91.382131	 91.279696	 91.178754	 91.079309	 90.981365	 90.884923	 90.789986	 90.696552	 90.604624	 90.514199	 90.425275	 90.337852	 90.251924	 90.167489	 90.084542	 90.003077	 89.923089	 89.844572	 89.767517	 89.691918	 89.617766	 89.545052	 89.473766	 89.403899	 89.335439	 89.268376	 89.202698	 89.138394	  89.07545	 89.013853	 88.953592	  88.89465	 88.837016	 88.780673	 88.725608	 88.671806	  88.61925	 88.567925	 88.517816	 88.468906	 88.421178	 88.374617	 88.329205	 88.284925	 88.241761	 88.199695	  88.15871	 88.118788	 88.079911	 88.042063	 88.005225	  87.96938	  87.93451	 87.900597	 87.867623	 87.835571	 87.804424	 87.774162	  87.74477	 87.716228	  87.68852	 87.661629	 87.635537	 87.610226	 87.585681	 87.561883	 87.538817	 87.516465	 87.494811	 87.473839	 87.453533	 87.433876	 87.414853	 87.396449	 87.378647	 87.361433	 87.344792	 87.328709	  87.31317	 87.298159	 87.283664	  87.26967	 87.256164	 87.243131	  87.23056	 87.218437	 87.206749	 87.195484	  87.18463	 87.174175	 87.164107	 87.154415	 87.145087	 87.136113	 87.127482	 87.119184	 87.111208	 87.103544	 87.096182	 87.089114	  87.08233	 87.075821	 87.069578	 87.063593	 87.057857	 87.052363	 87.047103	 87.042068	 87.037253	  87.03265	 87.028252	 87.024052	 87.020044	 87.016222	  87.01258	 87.009112	 87.005813	 87.002677	 86.999699	 86.996875	   86.9942	 86.991668	 86.989277	 86.987022	 86.984899	 86.982904	 86.981034	 86.979286	 86.977656	 86.976142	 86.974741	 86.973451	 86.972269	 86.971193	  86.97022	 86.969351	 86.968581	 86.967911	 86.967339	 86.966864	 86.966485	 86.966202	 86.966013	 86.965919	
        99	 98.832757	 98.665557	 98.498443	 98.331458	 98.164645	 97.998047	 97.831707	 97.665666	 97.499967	 97.334652	 97.169762	 97.005339	 96.841424	 96.678057	 96.515278	 96.353127	 96.191643	 96.030865	 95.870831	 95.711578	 95.553144	 95.395565	 95.238877	 95.083115	 94.928313	 94.774505	 94.621724	 94.470002	 94.319371	 94.169861	 94.021503	 93.874325	 93.728355	 93.583622	  93.44015	 93.297967	 93.157097	 93.017564	  92.87939	 92.742597	 92.607207	  92.47324	 92.340715	  92.20965	 92.080063	  91.95197	 91.825386	 91.700326	 91.576802	 91.454829	 91.334417	 91.215577	 91.098319	 90.982651	 90.868582	 90.756117	 90.645264	 90.536027	  90.42841	 90.322417	  90.21805	 90.115311	   90.0142	 89.914716	  89.81686	  89.72063	 89.626022	 89.533033	 89.441659	 89.351896	 89.263736	 89.177176	 89.092206	 89.008819	 88.927008	 88.846762	 88.768072	 88.690928	 88.615319	 88.541234	  88.46866	 88.397585	 88.327996	 88.259879	 88.193221	 88.128007	 88.064223	 88.001852	 87.940879	 87.881289	 87.823065	  87.76619	 87.710648	 87.656421	 87.603491	 87.551842	 87.501454	  87.45231	 87.404392	 87.357681	 87.312158	 87.267805	 87.224602	 87.182531	 87.141572	 87.101707	 87.062916	  87.02518	 86.988481	 86.952797	 86.918112	 86.884404	 86.851656	 86.819848	 86.788961	 86.758976	 86.729875	 86.701639	 86.674248	 86.647686	 86.621932	  86.59697	 86.572782	 86.549349	 86.526653	 86.504678	 86.483406	  86.46282	 86.442903	 86.423639	  86.40501	 86.387002	 86.369597	 86.352781	 86.336537	  86.32085	 86.305706	  86.29109	 86.276986	 86.263382	 86.250262	 86.237614	 86.225424	 86.213678	 86.202364	 86.191468	  86.18098	 86.170886	 86.161174	 86.151834	 86.142853	 86.134222	 86.125928	 86.117962	 86.110313	 86.102971	 86.095927	 86.089171	 86.082694	 86.076487	 86.070541	 86.064849	 86.059401	  86.05419	 86.049208	 86.044449	 86.039904	 86.035567	 86.031431	 86.027489	 86.023736	 86.020166	 86.016772	  86.01355	 86.010494	 86.007598	 86.004859	 86.002271	 85.999831	 85.997533	 85.995374	 85.993351	 85.991459	 85.989696	 85.988057	 85.986541	 85.985145	 85.983865	 85.982701	 85.981649	 85.980707	 85.979875	  85.97915	 85.978531	 85.978017	 85.977607	   85.9773	 85.977095	 85.976993	
        99	 98.820099	 98.640245	 98.460484	 98.280861	 98.101423	 97.922217	 97.743287	  97.56468	  97.38644	 97.208614	 97.031244	 96.854378	 96.678057	 96.502325	 96.327227	 96.152804	 95.979098	 95.806152	 95.634006	 95.462701	 95.292276	 95.122771	 94.954225	 94.786674	 94.620156	 94.454707	 94.290363	 94.127159	 93.965128	 93.804303	 93.644716	 93.486399	 93.329382	 93.173695	 93.019365	 92.866421	  92.71489	 92.564796	 92.416164	 92.269019	 92.123382	 91.979276	 91.836722	 91.695737	 91.556343	 91.418555	 91.282391	 91.147865	 91.014994	 90.883789	 90.754264	  90.62643	 90.500297	 90.375875	 90.253173	 90.132197	 90.012954	 89.895449	 89.779688	 89.665673	 89.553407	 89.442892	 89.334129	 89.227116	 89.121854	 89.018341	 88.916572	 88.816546	 88.718257	 88.621699	 88.526868	 88.433756	 88.342356	 88.252658	 88.164655	 88.078336	 87.993691	 87.910708	 87.829377	 87.749685	 87.671618	 87.595164	 87.520308	 87.447037	 87.375334	 87.305184	 87.236572	 87.169481	 87.103894	 87.039793	 86.977163	 86.915984	 86.856238	 86.797906	 86.740971	 86.685412	 86.631211	 86.578348	 86.526804	 86.476557	 86.427589	 86.379879	 86.333406	 86.288151	 86.244093	  86.20121	 86.159484	 86.118892	 86.079415	 86.041031	  86.00372	 85.967461	 85.932235	 85.898019	 85.864795	 85.832541	 85.801237	 85.770864	   85.7414	 85.712827	 85.685125	 85.658274	 85.632255	 85.607048	 85.582635	 85.558997	 85.536115	 85.513971	 85.492546	 85.471824	 85.451786	 85.432414	 85.413692	 85.395603	  85.37813	 85.361256	 85.344966	 85.329243	 85.314073	 85.299438	 85.285326	 85.271721	 85.258607	 85.245973	 85.233802	 85.222082	   85.2108	 85.199942	 85.189495	 85.179448	 85.169788	 85.160503	 85.151581	 85.143012	 85.134784	 85.126887	  85.11931	 85.112043	 85.105075	 85.098399	 85.092003	  85.08588	  85.08002	 85.074414	 85.069056	 85.063936	 85.059047	 85.054381	 85.049932	 85.045693	 85.041656	 85.037815	 85.034165	 85.030699	 85.027411	 85.024296	  85.02135	 85.018566	 85.015941	 85.013469	 85.011147	 85.008971	 85.006936	 85.005039	 85.003276	 85.001646	 85.000144	 84.998767	 84.997515	 84.996383	  84.99537	 84.994475	 84.993695	 84.993029	 84.992476	 84.992035	 84.991705	 84.991485	 84.991375	
        99	 98.807488	 98.615025	 98.422661	 98.230446	 98.038429	 97.846659	 97.655186	 97.464057	 97.273322	 97.083029	 96.893226	 96.703959	 96.515278	 96.327227	 96.139853	 95.953202	 95.767319	 95.582249	 95.398035	  95.21472	 95.032348	  94.85096	 94.670597	   94.4913	 94.313109	 94.136061	 93.960196	  93.78555	  93.61216	  93.44006	 93.269286	  93.09987	 92.931846	 92.765244	 92.600095	 92.436429	 92.274274	 92.113658	 91.954607	 91.797146	   91.6413	 91.487091	 91.334543	 91.183675	 91.034508	 90.887061	 90.741351	 90.597395	 90.455208	 90.314805	   90.1762	 90.039404	 89.904429	 89.771284	  89.63998	 89.510523	  89.38292	 89.257178	 89.133301	 89.011294	 88.891157	 88.772895	 88.656506	 88.541992	 88.429351	  88.31858	 88.209678	 88.102639	 87.997459	 87.894133	 87.792654	 87.693014	 87.595206	  87.49922	 87.405047	 87.312677	 87.222098	 87.133298	 87.046265	 86.960986	 86.877446	 86.795632	 86.715529	 86.637121	 86.560391	 86.485324	 86.411901	 86.340107	 86.269922	 86.201328	 86.134306	 86.068838	 86.004904	 85.942483	 85.881557	 85.822103	 85.764102	 85.707533	 85.652375	 85.598606	 85.546205	  85.49515	  85.44542	 85.396992	 85.349845	 85.303956	 85.259304	 85.215867	 85.173622	 85.132547	 85.092621	 85.053821	 85.016124	  84.97951	 84.943956	 84.909441	 84.875943	  84.84344	 84.811911	 84.781335	 84.751691	 84.722958	 84.695114	  84.66814	 84.642016	  84.61672	 84.592234	 84.568538	 84.545612	 84.523437	 84.501994	 84.481264	  84.46123	 84.441872	 84.423174	 84.405117	 84.387685	  84.37086	 84.354626	 84.338966	 84.323864	 84.309305	 84.295273	 84.281752	 84.268728	 84.256187	 84.244114	 84.232494	 84.221316	 84.210564	 84.200227	 84.190291	 84.180744	 84.171574	 84.162769	 84.154318	  84.14621	 84.138433	 84.130977	 84.123832	 84.116989	 84.110436	 84.104165	 84.098167	 84.092433	 84.086954	 84.081722	 84.076729	 84.071968	 84.067432	 84.063112	 84.059002	 84.055095	 84.051386	 84.047868	 84.044535	 84.041382	 84.038404	 84.035594	 84.032949	 84.030464	 84.028135	 84.025958	 84.023928	 84.022042	 84.020297	 84.018689	 84.017217	 84.015876	 84.014665	 84.013581	 84.012623	 84.011788	 84.011076	 84.010484	 84.010012	 84.009659	 84.009424	 84.009306	
        99	 98.794924	 98.589902	 98.384984	 98.180225	 97.975678	 97.771393	 97.567424	 97.363823	 97.160641	 96.957929	 96.755739	 96.554122	 96.353127	 96.152804	 95.953202	 95.754371	 95.556357	 95.359209	 95.162973	 94.967696	 94.773422	 94.580197	 94.388064	 94.197066	 94.007246	 93.818645	 93.631303	 93.445259	 93.260554	 93.077223	 92.895304	 92.714832	 92.535843	 92.358369	 92.182442	 92.008096	 91.835359	 91.664261	  91.49483	 91.327094	 91.161077	 90.996805	 90.834301	 90.673588	 90.514686	 90.357617	 90.202398	 90.049047	 89.897582	 89.748016	 89.600366	 89.454643	 89.310859	 89.169026	 89.029152	 88.891247	 88.755317	  88.62137	 88.489409	 88.359439	 88.231462	 88.105482	 87.981498	 87.859511	 87.739519	 87.621519	  87.50551	 87.391486	 87.279442	 87.169373	 87.061271	 86.955129	 86.850938	 86.748688	  86.64837	 86.549971	 86.453481	 86.358886	 86.266174	 86.175329	 86.086338	 85.999185	 85.913854	 85.830329	 85.748592	 85.668626	 85.590412	 85.513932	 85.439167	 85.366097	 85.294702	 85.224961	 85.156854	  85.09036	 85.025458	 84.962124	 84.900338	 84.840078	  84.78132	 84.724042	 84.668221	 84.613834	 84.560859	  84.50927	 84.459047	 84.410164	 84.362598	 84.316326	 84.271324	 84.227569	 84.185037	 84.143704	 84.103548	 84.064544	  84.02667	 83.989903	 83.954219	 83.919595	 83.886008	 83.853437	 83.821858	 83.791249	 83.761589	 83.732855	 83.705025	 83.678079	 83.651995	 83.626752	  83.60233	 83.578708	 83.555865	 83.533783	 83.512441	 83.491821	 83.471902	 83.452667	 83.434097	 83.416175	 83.398881	 83.382199	 83.366112	 83.350602	 83.335654	 83.321251	 83.307377	 83.294018	 83.281156	 83.268779	 83.256871	 83.245417	 83.234405	 83.223821	 83.213651	 83.203883	 83.194503	 83.185501	 83.176863	 83.168579	 83.160637	 83.153026	 83.145735	 83.138755	 83.132075	 83.125685	 83.119577	  83.11374	 83.108167	 83.102849	 83.097777	 83.092944	 83.088342	 83.083964	 83.079803	 83.075852	 83.072104	 83.068554	 83.065195	 83.062022	 83.059029	 83.056212	 83.053565	 83.051083	 83.048764	 83.046601	 83.044592	 83.042733	 83.041021	 83.039452	 83.038024	 83.036734	  83.03558	 83.034559	  83.03367	 83.032911	  83.03228	 83.031778	 83.031401	 83.031151	 83.031026	
        99	 98.782413	 98.564882	 98.347463	 98.130212	 97.913184	 97.696437	 97.480024	 97.264001	 97.048423	 96.833344	 96.618818	   96.4049	 96.191643	 95.979098	 95.767319	 95.556357	 95.346263	 95.137087	 94.928879	 94.721688	 94.515562	 94.310548	 94.106693	 93.904043	 93.702642	 93.502534	 93.303762	 93.106369	 92.910394	 92.715879	 92.522861	 92.331379	 92.141469	 91.953167	 91.766508	 91.581525	 91.398249	 91.216713	 91.036945	 90.858975	  90.68283	 90.508536	 90.336118	 90.165599	 89.997003	 89.830351	 89.665662	 89.502956	  89.34225	  89.18356	 89.026901	 88.872287	 88.719732	 88.569245	 88.420838	 88.274519	 88.130297	 87.988177	 87.848165	 87.710266	 87.574482	 87.440815	 87.309267	 87.179838	 87.052525	 86.927326	 86.804239	 86.683259	 86.564379	 86.447595	 86.332898	  86.22028	 86.109732	 86.001245	 85.894806	 85.790404	 85.688027	 85.587661	 85.489292	 85.392905	 85.298485	 85.206015	 85.115478	 85.026857	 84.940133	 84.855288	 84.772303	 84.691157	  84.61183	 84.534302	 84.458551	 84.384556	 84.312294	 84.241743	 84.172881	 84.105684	 84.040128	 83.976191	 83.913848	 83.853076	  83.79385	 83.736145	 83.679937	 83.625202	 83.571914	 83.520048	  83.46958	 83.420485	 83.372738	 83.326313	 83.281186	 83.237332	 83.194726	 83.153343	 83.113158	 83.074148	 83.036286	  82.99955	 82.963914	 82.929356	  82.89585	 82.863374	 82.831904	 82.801417	  82.77189	   82.7433	 82.715625	 82.688842	 82.662929	 82.637866	  82.61363	   82.5902	 82.567557	 82.545678	 82.524544	 82.504136	 82.484433	 82.465417	 82.447068	 82.429368	 82.412299	 82.395844	 82.379984	 82.364702	 82.349982	 82.335807	 82.322161	 82.309028	 82.296394	 82.284242	 82.272558	 82.261328	 82.250537	 82.240173	 82.230222	  82.22067	 82.211505	 82.202716	 82.194289	 82.186213	 82.178478	 82.171072	 82.163984	 82.157205	 82.150724	 82.144531	 82.138618	 82.132975	 82.127594	 82.122466	 82.117584	 82.112939	 82.108523	 82.104331	 82.100355	 82.096588	 82.093024	 82.089657	 82.086482	 82.083493	 82.080684	 82.078052	  82.07559	 82.073296	 82.071165	 82.069192	 82.067375	 82.065711	 82.064196	 82.062827	 82.061602	 82.060519	 82.059576	  82.05877	 82.058102	 82.057568	 82.057169	 82.056903	  82.05677	
