Time step 88:
        99	        99	        99	        99	        99	        99	        99	        99	        99	        99	        99	        99	        99	        99	        99	        99	        99	        99	        99	        99	        99	        99	        99	        99	        99	        99	        99	        99	        99	        99	        99	        99	        99	        99	        99	        99	        99	        99	        99	        99	        99	        99	        99	        99	        99	        99	        99	        99	        99	        99	        99	        99	        99	        99	        99	        99	        99	        99	        99	        99	        99	        99	        99	        99	        99	        99	        99	        99	        99	        99	        99	        99	        99	        99	        99	        99	        99	        99	        99	        99	        99	        99	        99	        99	        99	        99	        99	        99	        99	        99	        99	        99	        99	        99	        99	        99	        99	        99	        99	        99	        99	        99	        99	        99	        99	        99	        99	        99	        99	        99	        99	        99	        99	        99	        99	        99	        99	        99	        99	        99	        99	        99	        99	        99	        99	        99	        99	        99	        99	        99	        99	        99	        99	        99	        99	        99	        99	        99	        99	        99	        99	        99	        99	        99	        99	        99	        99	        99	        99	        99	        99	        99	        99	        99	        99	        99	        99	        99	        99	        99	        99	        99	        99	        99	        99	        99	        99	        99	        99	        99	        99	        99	        99	        99	        99	        99	        99	        99	        99	        99	        99	        99	        99	        99	        99	        99	        99	        99	        99	        99	        99	        99	        99	        99	        99	        99	        99	        99	        99	        99	
        99	 98.992785	 98.985571	 98.978359	  98.97115	 98.963945	 98.956745	 98.949552	 98.942366	 98.935188	 98.928019	 98.920861	 98.913714	 98.906579	 98.899458	  98.89235	 98.885258	 98.878183	 98.871124	 98.864084	 98.857063	 98.850062	 98.843083	 98.836125	  98.82919	 98.822279	 98.815393	 98.808532	 98.801698	 98.794892	 98.788113	 98.781364	 98.774645	 98.767957	   98.7613	 98.754676	 98.748084	 98.741527	 98.735005	 98.728518	 98.722067	 98.715654	 98.709278	  98.70294	 98.696641	 98.690382	 98.684163	 98.677986	  98.67185	 98.665756	 98.659705	 98.653697	 98.647733	 98.641813	 98.635938	 98.630109	 98.624326	 98.618589	 98.612899	 98.607256	  98.60166	 98.596113	 98.590615	 98.585165	 98.579764	 98.574413	 98.569111	  98.56386	 98.558659	 98.553509	 98.548409	 98.543361	 98.538364	 98.533419	 98.528525	 98.523683	 98.518894	 98.514156	 98.509471	 98.504838	 98.500258	  98.49573	 98.491255	 98.486832	 98.482462	 98.478145	 98.473881	 98.469669	 98.465509	 98.461403	 98.457349	 98.453347	 98.449398	 98.445501	 98.441656	 98.437863	 98.434122	 98.430432	 98.426795	 98.423209	 98.419673	 98.416189	 98.412756	 98.409374	 98.406041	 98.402759	 98.399527	 98.396345	 98.393212	 98.390128	 98.387092	 98.384106	 98.381167	 98.378277	 98.375434	 98.372639	  98.36989	 98.367189	 98.364533	 98.361924	  98.35936	 98.356842	 98.354368	 98.351939	 98.349554	 98.347214	 98.344916	 98.342662	  98.34045	 98.338281	 98.336154	 98.334068	 98.332024	  98.33002	 98.328057	 98.326134	  98.32425	 98.322406	 98.320601	 98.318834	 98.317105	 98.315414	  98.31376	 98.312143	 98.310563	 98.309019	 98.307511	 98.306038	   98.3046	 98.303196	 98.301827	 98.300492	 98.299191	 98.297923	 98.296687	 98.295484	 98.294314	 98.293175	 98.292067	 98.290991	 98.289946	 98.288931	 98.287946	 98.286991	 98.286066	  98.28517	 98.284303	 98.283465	 98.282655	 98.281873	  98.28112	 98.280393	 98.279695	 98.279023	 98.278379	 98.277761	 98.277169	 98.276604	 98.276065	 98.275551	 98.275064	 98.274602	 98.274165	 98.273753	 98.273367	 98.273005	 98.272668	 98.272356	 98.272068	 98.271804	 98.271565	  98.27135	 98.271159	 98.270992	 98.270849	  98.27073	 98.270635	 98.270564	 98.270516	 98.270492	
        99	 98.985571	 98.971144	 98.956721	 98.942304	 98.927895	 98.913497	 98.899111	  98.88474	 98.870385	 98.856049	 98.841733	  98.82744	 98.813171	  98.79893	 98.784716	 98.770533	 98.756383	 98.742267	 98.728188	 98.714147	 98.700146	 98.686188	 98.672273	 98.658405	 98.644584	 98.630812	 98.617092	 98.603425	 98.589813	 98.576257	  98.56276	 98.549322	 98.535947	 98.522634	 98.509386	 98.496205	 98.483092	 98.470048	 98.457075	 98.444174	 98.431348	 98.418597	 98.405922	 98.393326	 98.380809	 98.368372	 98.356018	 98.343746	 98.331559	 98.319458	 98.307443	 98.295516	 98.283678	 98.271929	 98.260271	 98.248705	 98.237232	 98.225853	 98.214568	 98.203378	 98.192285	 98.181288	 98.170389	 98.159588	 98.148886	 98.138284	 98.127782	 98.117381	 98.107081	 98.096883	 98.086788	 98.076794	 98.066904	 98.057118	 98.047435	 98.037856	 98.028382	 98.019012	 98.009747	 98.000587	 97.991532	 97.982582	 97.973738	 97.964999	 97.956365	 97.947837	 97.939413	 97.931096	 97.922883	 97.914775	 97.906772	 97.898874	 97.891081	 97.883391	 97.875806	 97.868325	 97.860947	 97.853672	   97.8465	  97.83943	 97.832463	 97.825597	 97.818832	 97.812168	 97.805604	 97.799141	 97.792776	  97.78651	 97.780343	 97.774273	   97.7683	 97.762424	 97.756643	 97.750958	 97.745368	 97.739871	 97.734468	 97.729158	 97.723939	 97.718812	 97.713776	 97.708829	 97.703971	 97.699202	 97.694521	 97.689926	 97.685418	 97.680995	 97.676657	 97.672403	 97.668232	 97.664144	 97.660137	 97.656211	 97.652365	 97.648598	  97.64491	 97.641299	 97.637766	 97.634308	 97.630926	 97.627619	 97.624385	 97.621225	 97.618137	  97.61512	 97.612175	 97.609299	 97.606493	 97.603755	 97.601085	 97.598483	 97.595946	 97.593476	  97.59107	 97.588729	 97.586451	 97.584237	 97.582084	 97.579993	 97.577964	 97.575994	 97.574085	 97.572235	 97.570443	 97.568709	 97.567032	 97.565413	  97.56385	 97.562342	  97.56089	 97.559493	  97.55815	 97.556861	 97.555625	 97.554442	 97.553312	 97.552233	 97.551207	 97.550232	 97.549308	 97.548434	 97.547611	 97.546838	 97.546114	 97.545441	 97.544816	  97.54424	 97.543713	 97.543235	 97.542805	 97.542423	 97.542089	 97.541803	 97.541565	 97.541375	 97.541232	 97.541137	 97.541089	
        99	 98.978359	 98.956721	 98.935089	 98.913466	 98.891856	 98.870261	 98.848685	 98.827131	 98.805601	 98.784099	 98.762628	 98.741191	 98.719791	  98.69843	 98.677113	 98.655841	 98.634618	 98.613447	 98.592331	 98.571272	 98.550273	 98.529338	 98.508469	 98.487668	 98.466939	 98.446285	 98.425707	 98.405209	 98.384793	 98.364462	 98.344218	 98.324064	 98.304003	 98.284037	 98.264167	 98.244398	  98.22473	 98.205167	  98.18571	 98.166361	 98.147124	 98.127999	  98.10899	 98.090098	 98.071324	 98.052672	 98.034142	 98.015737	 97.997459	 97.979309	 97.961289	   97.9434	 97.925645	 97.908024	  97.89054	 97.873193	 97.855985	 97.838918	 97.821993	  97.80521	 97.788572	 97.772079	 97.755732	 97.739533	 97.723482	 97.707581	  97.69183	  97.67623	 97.660782	 97.645487	 97.630345	 97.615357	 97.600524	 97.585846	 97.571324	 97.556957	 97.542747	 97.528694	 97.514798	  97.50106	 97.487479	 97.474056	 97.460791	 97.447684	 97.434735	 97.421944	  97.40931	 97.396835	 97.384517	 97.372357	 97.360355	 97.348509	  97.33682	 97.325287	 97.313911	  97.30269	 97.291624	 97.280713	 97.269957	 97.259354	 97.248903	 97.238606	  97.22846	 97.218465	 97.208621	 97.198926	 97.189381	 97.179983	 97.170733	 97.161629	 97.152671	 97.143858	 97.135188	 97.126662	 97.118277	 97.110033	 97.101929	 97.093965	 97.086138	 97.078448	 97.070894	 97.063475	 97.056189	 97.049037	 97.042015	 97.035125	 97.028363	  97.02173	 97.015223	 97.008843	 97.002587	 96.996455	 96.990445	 96.984557	 96.978789	 96.973139	 96.967607	 96.962192	 96.956893	 96.951707	 96.946635	 96.941674	 96.936825	 96.932085	 96.927453	 96.922929	 96.918511	 96.914198	 96.909989	 96.905883	 96.901879	 96.897975	 96.894171	 96.890466	 96.886858	 96.883346	  96.87993	 96.876609	 96.873381	 96.870245	 96.867201	 96.864247	 96.861383	 96.858608	 96.855921	  96.85332	 96.850806	 96.848377	 96.846032	 96.843771	 96.841594	 96.839498	 96.837483	  96.83555	 96.833696	 96.831922	 96.830227	  96.82861	  96.82707	 96.825608	 96.824222	 96.822912	 96.821677	 96.820518	 96.819433	 96.818422	 96.817485	 96.816621	 96.815831	 96.815113	 96.814468	 96.813896	 96.813395	 96.812966	 96.812609	 96.812324	  96.81211	 96.811967	 96.811896	
        99	  98.97115	 98.942304	 98.913466	 98.884641	 98.855832	 98.827044	 98.798281	 98.769546	 98.740845	  98.71218	 98.683557	 98.654979	  98.62645	 98.597974	 98.569556	 98.541198	 98.512906	 98.484683	 98.456532	 98.428458	 98.400465	 98.372556	 98.344735	 98.317005	 98.289371	 98.261836	 98.234404	 98.207078	 98.179861	 98.152758	 98.125771	 98.098903	  98.07216	 98.045542	 98.019054	 97.992699	  97.96648	   97.9404	 97.914461	 97.888668	 97.863022	 97.837527	 97.812185	    97.787	 97.761973	 97.737107	 97.712405	  97.68787	 97.663503	 97.639306	 97.615284	 97.591436	 97.567766	 97.544276	 97.520967	 97.497842	 97.474902	  97.45215	 97.429586	 97.407213	 97.385033	 97.363046	 97.341254	 97.319659	 97.298261	 97.277063	 97.256065	 97.235269	 97.214675	 97.194285	 97.174099	 97.154119	 97.134344	 97.114777	 97.095417	 97.076265	 97.057322	 97.038588	 97.020063	 97.001748	 96.983643	 96.965749	 96.948065	 96.930592	 96.913329	 96.896277	 96.879436	 96.862805	 96.846384	 96.830173	 96.814172	  96.79838	 96.782798	 96.767424	 96.752258	 96.737299	 96.722547	 96.708002	 96.693662	 96.679527	 96.665595	 96.651868	 96.638342	 96.625018	 96.611895	 96.598971	 96.586245	 96.573717	 96.561386	 96.549249	 96.537307	 96.525558	 96.514001	 96.502634	 96.491456	 96.480466	 96.469663	 96.459045	 96.448611	  96.43836	 96.428289	 96.418399	 96.408687	 96.399151	 96.389791	 96.380605	 96.371591	 96.362748	 96.354074	 96.345568	 96.337229	 96.329054	 96.321042	 96.313193	 96.305503	 96.297971	 96.290597	 96.283378	 96.276313	   96.2694	 96.262638	 96.256025	  96.24956	 96.243241	 96.237067	 96.231036	 96.225146	 96.219397	 96.213786	 96.208312	 96.202974	  96.19777	 96.192698	 96.187759	 96.182949	 96.178268	 96.173714	 96.169286	 96.164982	 96.160802	 96.156744	 96.152806	 96.148988	 96.145289	 96.141706	 96.138239	 96.134888	 96.131649	 96.128524	  96.12551	 96.122607	 96.119813	 96.117127	  96.11455	 96.112079	 96.109714	 96.107454	 96.105298	 96.103246	 96.101296	 96.099448	 96.097702	 96.096056	  96.09451	 96.093064	 96.091716	 96.090467	 96.089316	 96.088262	 96.087306	 96.086446	 96.085682	 96.085015	 96.084443	 96.083967	 96.083586	 96.083301	 96.083111	 96.083016	
        99	 98.963945	 98.927895	 98.891856	 98.855832	 98.819829	 98.783851	 98.747905	 98.711995	 98.676126	 98.640303	 98.604532	 98.568817	 98.533163	 98.497576	 98.462061	 98.426622	 98.391264	 98.355992	 98.320811	 98.285727	 98.250742	 98.215864	 98.181095	  98.14644	 98.111905	 98.077494	 98.043211	 98.009061	 97.975047	 97.941175	 97.907448	 97.873872	 97.840449	 97.807184	 97.774082	 97.741145	 97.708378	 97.675785	 97.643369	 97.611134	 97.579084	 97.547222	 97.515551	 97.484076	 97.452799	 97.421724	 97.390853	  97.36019	 97.329738	 97.299499	 97.269477	 97.239674	 97.210093	 97.180737	 97.151607	 97.122707	 97.094038	 97.065604	 97.037405	 97.009445	 96.981725	 96.954247	 96.927014	 96.900025	 96.873284	 96.846792	 96.820551	 96.794561	 96.768824	 96.743342	 96.718115	 96.693145	 96.668433	 96.643978	 96.619784	 96.595849	 96.572175	 96.548762	 96.525611	 96.502723	 96.480096	 96.457733	 96.435633	 96.413796	 96.392223	 96.370912	 96.349865	 96.329081	 96.308559	   96.2883	 96.268303	 96.248568	 96.229094	  96.20988	 96.190927	 96.172232	 96.153797	 96.135619	 96.117698	 96.100032	 96.082622	 96.065466	 96.048563	 96.031912	 96.015511	 95.999359	 95.983456	 95.967799	 95.952388	 95.937221	 95.922297	 95.907613	 95.893169	 95.878964	 95.864995	  95.85126	 95.837759	  95.82449	  95.81145	 95.798639	 95.786054	 95.773693	 95.761555	 95.749639	 95.737941	 95.726461	 95.715196	 95.704144	 95.693305	 95.682675	 95.672252	 95.662036	 95.652024	 95.642213	 95.632603	 95.623191	 95.613975	 95.604953	 95.596124	 95.587485	 95.579034	  95.57077	  95.56269	 95.554793	 95.547077	  95.53954	 95.532179	 95.524994	 95.517982	 95.511141	 95.504469	 95.497966	 95.491628	 95.485455	 95.479444	 95.473594	 95.467903	 95.462369	  95.45699	 95.451766	 95.446695	 95.441774	 95.437002	 95.432379	 95.427901	 95.423569	  95.41938	 95.415333	 95.411427	 95.407661	 95.404032	 95.400541	 95.397185	 95.393963	 95.390875	  95.38792	 95.385095	 95.382401	 95.379836	   95.3774	  95.37509	 95.372908	 95.370851	 95.368919	 95.367111	 95.365427	 95.363866	 95.362428	 95.361111	 95.359915	 95.358841	 95.357887	 95.357053	 95.356338	 95.355743	 95.355268	 95.354911	 95.354673	 95.354555	
        99	 98.956745	 98.913497	 98.870261	 98.827044	 98.783851	  98.74069	 98.697566	 98.654485	 98.611453	 98.568477	 98.525563	 98.482716	 98.439943	  98.39725	 98.354643	 98.312127	 98.269709	 98.227394	 98.185188	 98.143097	 98.101127	 98.059284	 98.017572	 97.975998	 97.934567	 97.893284	 97.852155	 97.811185	  97.77038	 97.729744	 97.689283	 97.649002	 97.608905	 97.568998	 97.529285	 97.489771	 97.450461	 97.411359	 97.372471	 97.333799	 97.295349	 97.257125	  97.21913	  97.18137	 97.143847	 97.106567	 97.069531	 97.032745	 96.996212	 96.959936	 96.923919	 96.888164	 96.852677	 96.817458	 96.782512	 96.747841	 96.713447	 96.679335	 96.645506	 96.611962	 96.578707	 96.545743	  96.51307	 96.480693	 96.448612	  96.41683	 96.385349	 96.354169	 96.323293	 96.292723	 96.262459	 96.232502	 96.202855	 96.173518	 96.144491	 96.115777	 96.087376	 96.059288	 96.031514	 96.004055	 95.976911	 95.950082	 95.923569	 95.897372	  95.87149	 95.845924	 95.820674	  95.79574	  95.77112	 95.746816	 95.722826	  95.69915	 95.675787	 95.652737	 95.629998	 95.607571	 95.585454	 95.563646	 95.542147	 95.520954	 95.500068	 95.479486	 95.459207	 95.439231	 95.419555	 95.400178	 95.381099	 95.362316	 95.343827	 95.325632	 95.307727	 95.290112	 95.272784	 95.255742	 95.238983	 95.222506	 95.206309	  95.19039	 95.174746	 95.159377	 95.144279	  95.12945	 95.114888	 95.100592	 95.086559	 95.072786	 95.059271	 95.046013	 95.033009	 95.020256	 95.007753	 94.995497	 94.983485	 94.971716	 94.960187	 94.948895	 94.937839	 94.927016	 94.916423	 94.906059	 94.895921	 94.886006	 94.876313	 94.866839	 94.857582	  94.84854	 94.839709	 94.831089	 94.822677	  94.81447	 94.806466	 94.798664	 94.791061	 94.783655	 94.776444	 94.769425	 94.762598	 94.755959	 94.749507	 94.743239	 94.737155	 94.731252	 94.725527	  94.71998	 94.714609	 94.709412	 94.704386	 94.699531	 94.694845	 94.690327	 94.685974	 94.681785	 94.677759	 94.673894	  94.67019	 94.666644	 94.663255	 94.660023	 94.656946	 94.654023	 94.651252	 94.648634	 94.646166	 94.643849	  94.64168	  94.63966	 94.637787	 94.636061	 94.634482	 94.633047	 94.631758	 94.630613	 94.629613	 94.628756	 94.628042	 94.627471	 94.627044	 94.626759	 94.626616	
        99	 98.949552	 98.899111	 98.848685	 98.798281	 98.747905	 98.697566	  98.64727	 98.597024	 98.546836	 98.496713	 98.446662	  98.39669	 98.346803	  98.29701	 98.247317	 98.197731	 98.148258	 98.098906	 98.049681	 98.000591	 97.951641	 97.902839	  97.85419	 97.805702	 97.757381	 97.709233	 97.661264	 97.613481	 97.565889	 97.518495	 97.471305	 97.424325	  97.37756	 97.331016	 97.284699	 97.238614	 97.192766	 97.147162	 97.101806	 97.056703	 97.011858	 96.967277	 96.922964	 96.878924	 96.835161	 96.791681	 96.748486	 96.705583	 96.662974	 96.620664	 96.578658	 96.536957	 96.495568	 96.454492	 96.413734	 96.373297	 96.333184	 96.293399	 96.253944	 96.214822	 96.176036	 96.137589	 96.099484	 96.061722	 96.024306	 95.987239	 95.950521	 95.914157	 95.878146	 95.842491	 95.807194	 95.772256	 95.737678	 95.703462	 95.669609	 95.636119	 95.602994	 95.570235	 95.537843	 95.505817	 95.474159	 95.442868	 95.411946	 95.381392	 95.351206	 95.321388	 95.291939	 95.262858	 95.234144	 95.205798	 95.177818	 95.150205	 95.122957	 95.096073	 95.069553	 95.043396	 95.017601	 94.992167	 94.967091	 94.942374	 94.918014	 94.894009	 94.870358	  94.84706	 94.824112	 94.801513	 94.779261	 94.757354	 94.735791	 94.714569	 94.693687	 94.673142	 94.652932	 94.633056	  94.61351	 94.594293	 94.575403	 94.556836	 94.538591	 94.520665	 94.503056	 94.485761	 94.468778	 94.452104	 94.435737	 94.419674	 94.403912	 94.388449	 94.373282	 94.358409	 94.343826	 94.329531	 94.315522	 94.301795	 94.288349	 94.275179	 94.262284	 94.249661	 94.237307	 94.225219	 94.213395	 94.201832	 94.190527	 94.179478	 94.168681	 94.158135	 94.147836	 94.137782	 94.127971	 94.118399	 94.109064	 94.099965	 94.091097	 94.082459	 94.074049	 94.065863	   94.0579	 94.050157	 94.042632	 94.035322	 94.028226	 94.021341	 94.014665	 94.008195	 94.001931	 93.995869	 93.990008	 93.984346	  93.97888	  93.97361	 93.968533	 93.963648	 93.958952	 93.954445	 93.950124	 93.945989	 93.942037	 93.938267	 93.934678	 93.931269	 93.928038	 93.924984	 93.922106	 93.919403	 93.916874	 93.914517	 93.912333	  93.91032	 93.908478	 93.906805	 93.905301	 93.903966	 93.902799	   93.9018	 93.900967	 93.900302	 93.899803	  93.89947	 93.899304	
        99	 98.942366	  98.88474	 98.827131	 98.769546	 98.711995	 98.654485	 98.597024	 98.539621	 98.482284	 98.425021	  98.36784	  98.31075	 98.253757	 98.196871	 98.140099	 98.083449	  98.02693	 97.970547	 97.914311	 97.858228	 97.802305	 97.746551	 97.690972	 97.635577	 97.580373	 97.525366	 97.470564	 97.415974	 97.361603	 97.307459	 97.253547	 97.199874	 97.146447	 97.093273	 97.040358	 96.987709	  96.93533	  96.88323	 96.831413	 96.779885	 96.728652	 96.677721	 96.627096	 96.576782	 96.526785	 96.477111	 96.427764	 96.378749	 96.330071	 96.281734	 96.233743	 96.186103	 96.138818	 96.091891	 96.045327	  95.99913	 95.953303	  95.90785	 95.862775	  95.81808	  95.77377	 95.729846	 95.686312	 95.643171	 95.600426	 95.558078	 95.516131	 95.474586	 95.433446	 95.392712	 95.352387	 95.312472	 95.272968	 95.233878	 95.195203	 95.156943	 95.119099	 95.081674	 95.044667	 95.008079	 94.971911	 94.936164	 94.900836	  94.86593	 94.831444	 94.797379	 94.763735	 94.730511	 94.697708	 94.665323	 94.633358	 94.601811	 94.570681	 94.539968	 94.509671	 94.479788	 94.450318	 94.421261	 94.392614	 94.364376	 94.336546	 94.309121	 94.282101	 94.255484	 94.229267	 94.203449	 94.178027	    94.153	 94.128365	  94.10412	 94.080263	 94.056792	 94.033703	 94.010995	 93.988666	 93.966711	  93.94513	 93.923918	 93.903074	 93.882595	 93.862478	 93.842719	 93.823317	 93.804268	 93.785569	 93.767218	 93.749211	 93.731545	 93.714218	 93.697225	 93.680565	 93.664235	  93.64823	 93.632548	 93.617186	  93.60214	 93.587409	 93.572987	 93.558873	 93.545064	 93.531555	 93.518345	  93.50543	 93.492806	 93.480472	 93.468423	 93.456657	 93.445171	 93.433962	 93.423027	 93.412363	 93.401967	 93.391836	 93.381968	  93.37236	 93.363008	  93.35391	 93.345064	 93.336467	 93.328116	 93.320009	 93.312143	 93.304516	 93.297125	 93.289968	 93.283043	 93.276347	 93.269878	 93.263634	 93.257613	 93.251813	 93.246232	 93.240867	 93.235718	 93.230782	 93.226057	 93.221542	 93.217236	 93.213136	 93.209241	 93.205549	  93.20206	 93.198772	 93.195684	 93.192795	 93.190103	 93.187608	 93.185308	 93.183203	 93.181292	 93.179574	 93.178049	 93.176716	 93.175574	 93.174623	 93.173862	 93.173292	 93.172913	 93.172723	
        99	 98.935188	 98.870385	 98.805601	 98.740845	 98.676126	 98.611453	 98.546836	 98.482284	 98.417806	 98.353411	 98.289109	 98.224908	 98.160818	 98.096847	 98.033004	 97.969299	  97.90574	 97.842336	 97.779096	 97.716028	  97.65314	 97.590442	 97.527942	 97.465648	 97.403568	  97.34171	 97.280083	 97.218695	 97.157552	 97.096664	 97.036038	  96.97568	   96.9156	 96.855804	 96.796298	 96.737091	  96.67819	   96.6196	  96.56133	 96.503385	 96.445772	 96.388497	 96.331567	 96.274987	 96.218764	 96.162903	  96.10741	  96.05229	 95.997549	 95.943193	 95.889225	 95.835652	 95.782477	 95.729706	 95.677343	 95.625392	 95.573858	 95.522744	 95.472055	 95.421794	 95.371965	 95.322571	 95.273615	 95.225101	 95.177032	  95.12941	 95.082239	  95.03552	 94.989256	 94.943449	 94.898101	 94.853215	 94.808792	 94.764834	 94.721341	 94.678316	  94.63576	 94.593673	 94.552057	 94.510913	 94.470241	 94.430041	 94.390314	  94.35106	 94.312279	 94.273972	 94.236137	 94.198776	 94.161887	 94.125469	 94.089523	 94.054047	  94.01904	 93.984502	 93.950431	 93.916826	 93.883687	  93.85101	 93.818795	 93.787041	 93.755744	 93.724904	 93.694519	 93.664587	 93.635105	 93.606071	 93.577483	 93.549339	 93.521636	 93.494372	 93.467544	 93.441149	 93.415185	 93.389649	 93.364538	  93.33985	  93.31558	 93.291727	 93.268287	 93.245257	 93.222634	 93.200415	 93.178596	 93.157175	 93.136147	 93.115511	 93.095261	 93.075395	  93.05591	 93.036801	 93.018066	 92.999702	 92.981703	 92.964069	 92.946793	 92.929874	 92.913307	  92.89709	 92.881218	 92.865689	 92.850498	 92.835642	 92.821118	 92.806923	 92.793052	 92.779503	 92.766272	 92.753355	  92.74075	 92.728453	 92.716461	  92.70477	 92.693378	 92.682281	 92.671475	 92.660959	 92.650729	 92.640781	 92.631113	 92.621722	 92.612605	  92.60376	 92.595183	 92.586871	 92.578823	 92.571035	 92.563505	 92.556231	 92.549209	 92.542438	 92.535916	 92.529639	 92.523607	 92.517816	 92.512265	 92.506952	 92.501875	 92.497032	 92.492421	 92.488041	  92.48389	 92.479967	 92.476269	 92.472797	 92.469547	  92.46652	 92.463714	 92.461128	 92.458761	 92.456612	  92.45468	 92.452965	 92.451465	 92.450181	 92.449112	 92.448257	 92.447616	 92.447189	 92.446975	
        99	 98.928019	 98.856049	 98.784099	  98.71218	 98.640303	 98.568477	 98.496713	 98.425021	 98.353411	 98.281894	 98.210479	 98.139178	 98.067998	 97.996952	 97.926048	 97.855296	 97.784707	  97.71429	 97.644055	 97.574011	 97.504168	 97.434535	 97.365122	 97.295938	 97.226991	 97.158292	 97.089848	  97.02167	 96.953765	 96.886142	  96.81881	 96.751777	 96.685051	  96.61864	 96.552553	 96.486798	 96.421381	 96.356311	 96.291596	 96.227242	 96.163256	 96.099646	 96.036419	 95.973581	 95.911139	   95.8491	 95.787469	 95.726253	 95.665457	 95.605088	 95.545151	 95.485652	 95.426596	 95.367988	 95.309834	 95.252137	 95.194902	 95.138135	 95.081839	 95.026019	 94.970679	 94.915821	 94.861451	 94.807571	 94.754185	 94.701296	 94.648907	  94.59702	 94.545639	 94.494766	 94.444403	 94.394552	 94.345215	 94.296394	 94.248091	 94.200308	 94.153044	 94.106303	 94.060084	 94.014389	 93.969217	 93.924571	  93.88045	 93.836855	 93.793784	  93.75124	 93.709221	 93.667727	 93.626757	 93.586312	 93.546389	 93.506989	 93.468111	 93.429753	 93.391913	 93.354592	 93.317786	 93.281496	 93.245718	 93.210451	 93.175693	 93.141442	 93.107696	 93.074453	  93.04171	 93.009465	 92.977715	 92.946458	 92.915691	 92.885411	 92.855615	 92.826301	 92.797465	 92.769105	 92.741217	 92.713797	 92.686844	 92.660352	  92.63432	 92.608742	 92.583617	  92.55894	 92.534708	 92.510918	 92.487564	 92.464645	 92.442155	 92.420092	 92.398452	  92.37723	 92.356423	 92.336027	 92.316038	 92.296452	 92.277266	 92.258476	 92.240077	 92.222066	 92.204438	 92.187191	  92.17032	 92.153821	 92.137691	 92.121925	  92.10652	 92.091472	 92.076778	 92.062433	 92.048433	 92.034776	 92.021458	 92.008474	 91.995821	 91.983497	 91.971496	 91.959817	 91.948455	 91.937407	  91.92667	  91.91624	 91.906115	 91.896291	 91.886765	 91.877534	 91.868596	 91.859947	 91.851584	 91.843505	 91.835707	 91.828187	 91.820943	 91.813972	 91.807272	 91.800841	 91.794676	 91.788776	 91.783137	 91.777758	 91.772637	 91.767773	 91.763163	 91.758805	 91.754699	 91.750842	 91.747233	 91.743872	 91.740755	 91.737883	 91.735254	 91.732867	 91.730722	 91.728817	 91.727152	 91.725725	 91.724538	 91.723588	 91.722876	 91.722402	 91.722165	
        99	 98.920861	 98.841733	 98.762628	 98.683557	 98.604532	 98.525563	 98.446662	  98.36784	 98.289109	 98.210479	 98.131963	  98.05357	 97.975312	   97.8972	 97.819245	 97.741457	 97.663848	 97.586428	 97.509208	 97.432199	  97.35541	 97.278852	 97.202536	 97.126471	 97.050668	 96.975137	 96.899887	 96.824928	  96.75027	 96.675922	 96.601893	 96.528194	 96.454832	 96.381817	 96.309158	 96.236863	 96.164941	   96.0934	 96.022249	 95.951495	 95.881146	  95.81121	 95.741695	 95.672608	 95.603956	 95.535747	 95.467987	 95.400683	 95.333841	 95.267469	 95.201572	 95.136155	 95.071226	  95.00679	 94.942852	 94.879417	 94.816491	 94.754078	 94.692184	 94.630812	 94.569968	 94.509655	 94.449878	  94.39064	 94.331945	 94.273796	 94.216197	  94.15915	 94.102659	 94.046727	 93.991355	 93.936546	 93.882303	 93.828627	 93.775521	 93.722985	 93.671021	 93.619631	 93.568816	 93.518576	 93.468913	 93.419827	 93.371318	 93.323387	 93.276034	 93.229258	  93.18306	  93.13744	 93.092396	 93.047928	 93.004035	 92.960717	 92.917972	 92.875799	 92.834197	 92.793164	 92.752698	 92.712798	 92.673462	 92.634688	 92.596473	 92.558816	 92.521714	 92.485165	 92.449166	 92.413714	 92.378807	 92.344441	 92.310614	 92.277323	 92.244565	 92.212335	 92.180632	 92.149451	 92.118789	 92.088643	 92.059009	 92.029883	 92.001261	 91.973141	 91.945517	 91.918386	 91.891744	 91.865587	 91.839912	 91.814713	 91.789987	 91.765729	 91.741937	 91.718604	 91.695728	 91.673304	 91.651327	 91.629794	 91.608699	  91.58804	 91.567812	 91.548009	 91.528629	 91.509667	 91.491118	 91.472978	 91.455244	  91.43791	 91.420973	 91.404429	 91.388273	 91.372501	  91.35711	 91.342094	 91.327451	 91.313176	 91.299265	 91.285715	 91.272521	  91.25968	 91.247188	 91.235042	 91.223237	  91.21177	 91.200638	 91.189837	 91.179364	 91.169215	 91.159387	 91.149878	 91.140684	 91.131801	 91.123227	  91.11496	 91.106995	 91.099332	 91.091966	 91.084895	 91.078117	 91.071629	  91.06543	 91.059516	 91.053886	 91.048538	 91.043469	 91.038678	 91.034164	 91.029923	 91.025956	  91.02226	 91.018833	 91.015675	 91.012785	 91.010161	 91.007802	 91.005708	 91.003877	 91.002309	 91.001003	 90.999959	 90.999176	 90.998655	 90.998394	
        99	 98.913714	  98.82744	 98.741191	 98.654979	 98.568817	 98.482716	  98.39669	  98.31075	 98.224908	 98.139178	  98.05357	 97.968097	 97.882772	 97.797606	  97.71261	 97.627798	  97.54318	 97.458768	 97.374574	  97.29061	 97.206886	 97.123414	 97.040206	 96.957272	 96.874623	  96.79227	 96.710224	 96.628496	 96.547095	 96.466033	 96.385319	 96.304964	 96.224977	 96.145368	 96.066147	 95.987323	 95.908906	 95.830904	 95.753327	 95.676183	 95.599481	 95.523229	 95.447436	  95.37211	 95.297258	 95.222889	 95.149009	 95.075627	 95.002749	 94.930382	 94.858534	  94.78721	 94.716417	 94.646161	 94.576449	 94.507285	 94.438676	 94.370627	 94.303143	 94.236229	  94.16989	  94.10413	 94.038954	 93.974367	 93.910371	  93.84697	 93.784169	 93.721971	 93.660378	 93.599394	 93.539022	 93.479264	 93.420122	 93.361598	 93.303696	 93.246415	 93.189759	 93.133728	 93.078323	 93.023546	 92.969398	 92.915879	 92.862989	 92.810729	 92.759099	   92.7081	  92.65773	 92.607989	 92.558877	 92.510393	 92.462537	 92.415307	 92.368701	  92.32272	  92.27736	 92.232622	 92.188501	 92.144998	  92.10211	 92.059834	 92.018168	  91.97711	 91.936658	 91.896807	 91.857557	 91.818904	 91.780844	 91.743375	 91.706493	 91.670195	 91.634478	 91.599338	 91.564772	 91.530775	 91.497344	 91.464475	 91.432165	 91.400408	 91.369202	 91.338542	 91.308423	 91.278842	 91.249794	 91.221275	 91.193281	 91.165806	 91.138847	 91.112399	 91.086458	 91.061018	 91.036076	 91.011626	 90.987665	 90.964187	 90.941188	 90.918663	 90.896607	 90.875017	 90.853886	 90.833211	 90.812987	 90.793209	 90.773873	 90.754974	 90.736508	 90.718469	 90.700854	 90.683658	 90.666877	 90.650505	  90.63454	 90.618975	 90.603808	 90.589034	 90.574649	 90.560648	 90.547028	 90.533785	 90.520914	 90.508411	 90.496274	 90.484497	 90.473078	 90.462013	 90.451298	  90.44093	 90.430905	  90.42122	 90.411872	 90.402858	 90.394175	 90.385819	 90.377787	 90.370078	 90.362688	 90.355614	 90.348855	 90.342407	 90.336269	 90.330438	 90.324911	 90.319688	 90.314765	 90.310142	 90.305816	 90.301786	  90.29805	 90.294607	 90.291456	 90.288595	 90.286023	 90.283739	 90.281743	 90.280034	  90.27861	 90.277472	 90.276618	  90.27605	 90.275765	
        99	 98.906579	 98.813171	 98.719791	  98.62645	 98.533163	 98.439943	 98.346803	 98.253757	 98.160818	 98.067998	 97.975312	 97.882772	 97.790391	 97.698183	 97.606159	 97.514334	 97.422719	 97.331328	 97.240172	 97.149265	 97.058618	 96.968244	 96.878156	 96.788364	 96.698881	 96.609719	 96.520889	 96.432402	 96.344271	 96.256506	 96.169118	 96.082118	 95.995517	 95.909326	 95.823554	 95.738213	 95.653311	 95.568859	 95.484867	 95.401345	   95.3183	 95.235744	 95.153683	 95.072129	 94.991088	 94.910569	  94.83058	  94.75113	 94.672226	 94.593876	 94.516086	 94.438865	 94.362218	 94.286153	 94.210676	 94.135794	 94.061512	 93.987836	 93.914772	 93.842325	   93.7705	 93.699303	 93.628738	  93.55881	 93.489522	 93.420879	 93.352885	 93.285544	 93.218858	 93.152832	 93.087467	 93.022768	 92.958736	 92.895373	 92.832683	 92.770666	 92.709325	  92.64866	 92.588675	 92.529369	 92.470743	 92.412798	 92.355535	 92.298954	 92.243055	 92.187838	 92.133303	  92.07945	 92.026277	 91.973784	 91.921971	 91.870835	 91.820376	 91.770592	 91.721482	 91.673044	 91.625276	 91.578175	  91.53174	 91.485969	 91.440858	 91.396405	 91.352608	 91.309462	 91.266967	 91.225117	  91.18391	 91.143343	 91.103411	 91.064112	 91.025442	 90.987396	 90.949971	 90.913163	 90.876968	 90.841382	   90.8064	 90.772017	 90.738231	 90.705035	 90.672426	 90.640399	 90.608949	 90.578072	 90.547763	 90.518016	 90.488828	 90.460193	 90.432107	 90.404564	 90.377559	 90.351088	 90.325145	 90.299726	 90.274825	 90.250437	 90.226558	 90.203182	 90.180304	  90.15792	 90.136024	 90.114611	 90.093676	 90.073214	  90.05322	  90.03369	 90.014619	 89.996001	 89.977832	 89.960107	 89.942821	  89.92597	 89.909549	 89.893553	 89.877978	  89.86282	 89.848073	 89.833735	 89.819799	 89.806263	 89.793122	 89.780372	 89.768009	 89.756029	 89.744428	 89.733202	 89.722348	 89.711863	 89.701742	 89.691982	 89.682581	 89.673534	 89.664838	 89.656492	  89.64849	 89.640832	 89.633514	 89.626533	 89.619887	 89.613573	  89.60759	 89.601935	 89.596605	   89.5916	 89.586916	 89.582553	 89.578508	  89.57478	 89.571368	 89.568271	 89.565486	 89.563014	 89.560853	 89.559002	  89.55746	 89.556228	 89.555304	 89.554688	 89.554381	
        99	 98.899458	  98.79893	  98.69843	 98.597974	 98.497576	  98.39725	  98.29701	 98.196871	 98.096847	 97.996952	   97.8972	 97.797606	 97.698183	 97.598945	 97.499907	 97.401081	 97.302483	 97.204125	  97.10602	 97.008183	 96.910626	 96.813363	 96.716407	 96.619771	 96.523466	 96.427507	 96.331906	 96.236674	 96.141825	 96.047369	  95.95332	 95.859688	 95.766485	 95.673724	 95.581414	 95.489566	 95.398193	 95.307303	 95.216909	 95.127019	 95.037644	 94.948794	 94.860479	 94.772707	 94.685488	 94.598831	 94.512745	 94.427239	  94.34232	 94.257997	 94.174277	 94.091169	  94.00868	 93.926817	 93.845586	 93.764995	 93.685051	 93.605758	 93.527125	 93.449155	 93.371855	 93.295231	 93.219287	 93.144027	 93.069458	 92.995583	 92.922406	 92.849931	 92.778162	 92.707102	 92.636755	 92.567123	  92.49821	 92.430017	 92.362548	 92.295803	 92.229786	 92.164498	 92.099939	 92.036112	 91.973017	 91.910655	 91.849027	 91.788133	 91.727973	 91.668547	 91.609855	 91.551896	  91.49467	 91.438176	 91.382412	 91.327379	 91.273073	 91.219494	 91.166641	  91.11451	   91.0631	 91.012409	 90.962435	 90.913174	 90.864624	 90.816783	 90.769647	 90.723212	 90.677477	 90.632437	 90.588089	 90.544429	 90.501454	 90.459159	 90.417541	 90.376595	 90.336317	 90.296704	 90.257749	  90.21945	 90.181801	 90.144798	 90.108436	  90.07271	 90.037615	 90.003146	 89.969299	 89.936068	 89.903448	 89.871434	 89.840021	 89.809203	 89.778976	 89.749333	  89.72027	 89.691781	 89.663861	 89.636504	 89.609704	 89.583458	 89.557758	   89.5326	 89.507979	 89.483888	 89.460322	 89.437277	 89.414746	 89.392725	 89.371207	 89.350188	 89.329663	 89.309626	 89.290071	 89.270995	 89.252392	 89.234256	 89.216583	 89.199368	 89.182606	 89.166292	 89.150422	  89.13499	 89.119992	 89.105424	 89.091281	 89.077559	 89.064254	  89.05136	 89.038875	 89.026794	 89.015113	 89.003828	 88.992935	 88.982432	 88.972313	 88.962577	 88.953219	 88.944236	 88.935624	 88.927382	 88.919506	 88.911993	 88.904841	 88.898046	 88.891606	  88.88552	 88.879784	 88.874397	 88.869356	  88.86466	 88.860307	 88.856296	 88.852624	  88.84929	 88.846293	 88.843632	 88.841306	 88.839314	 88.837655	 88.836329	 88.835335	 88.834672	 88.834341	
        99	  98.89235	 98.784716	 98.677113	 98.569556	 98.462061	 98.354643	 98.247317	 98.140099	 98.033004	 97.926048	 97.819245	  97.71261	 97.606159	 97.499907	 97.393867	 97.288056	 97.182488	 97.077177	 96.972138	 96.867385	 96.762932	 96.658794	 96.554984	 96.451516	 96.348404	 96.245662	 96.143302	 96.041339	 95.939785	 95.838652	 95.737955	 95.637704	 95.537913	 95.438594	 95.339759	 95.241419	 95.143587	 95.046273	 94.949488	 94.853244	 94.757552	 94.662421	 94.567862	 94.473886	 94.380502	  94.28772	 94.195549	 94.103998	 94.013076	 93.922792	 93.833155	 93.744172	 93.655851	 93.568201	 93.481229	 93.394941	 93.309345	 93.224448	 93.140256	 93.056775	 92.974011	  92.89197	 92.810657	 92.730078	 92.650237	  92.57114	  92.49279	 92.415192	  92.33835	 92.262267	 92.186947	 92.112393	 92.038609	 91.965596	 91.893357	 91.821894	 91.751211	 91.681307	 91.612185	 91.543846	 91.476291	 91.409521	 91.343536	 91.278338	 91.213925	 91.150298	 91.087457	 91.025401	  90.96413	 90.903642	 90.843937	 90.785013	 90.726869	 90.669503	 90.612913	 90.557097	 90.502054	 90.447779	 90.394272	 90.341529	 90.289548	 90.238324	 90.187856	  90.13814	 90.089171	 90.040948	 89.993465	 89.946719	 89.900705	 89.855421	 89.810861	  89.76702	 89.723895	 89.681481	 89.639774	 89.598767	 89.558457	 89.518838	 89.479905	 89.441654	 89.404078	 89.367173	 89.330933	 89.295353	 89.260428	 89.226151	 89.192517	 89.159521	 89.127156	 89.095418	 89.064301	 89.033798	 89.003904	 88.974613	 88.945919	 88.917818	 88.890301	 88.863365	 88.837003	 88.811209	 88.785978	 88.761303	  88.73718	 88.713602	 88.690563	 88.668058	 88.646082	 88.624629	 88.603692	 88.583267	 88.563349	 88.543931	 88.525009	 88.506577	  88.48863	 88.471163	 88.454171	 88.437648	  88.42159	 88.405993	  88.39085	 88.376158	 88.361912	 88.348107	 88.334739	 88.321804	 88.309297	 88.297214	 88.285552	 88.274306	 88.263472	 88.253047	 88.243028	  88.23341	  88.22419	 88.215365	 88.206932	 88.198888	  88.19123	 88.183955	  88.17706	 88.170543	 88.164402	 88.158634	 88.153237	  88.14821	 88.143549	 88.139253	 88.135322	 88.131752	 88.128544	 88.125695	 88.123204	 88.121071	 88.119295	 88.117875	 88.116811	 88.116101	 88.115746	
        99	 98.885258	 98.770533	 98.655841	 98.541198	 98.426622	 98.312127	 98.197731	 98.083449	 97.969299	 97.855296	 97.741457	 97.627798	 97.514334	 97.401081	 97.288056	 97.175274	 97.062751	 96.950503	 96.838543	 96.726889	 96.615555	 96.504556	 96.393907	 96.283623	 96.173719	 96.064208	 95.955105	 95.846424	 95.738179	 95.630384	 95.523053	 95.416198	 95.309833	 95.203971	 95.098625	 94.993806	 94.889528	 94.785803	 94.682643	 94.580058	 94.478061	 94.376664	 94.275876	 94.175708	 94.076172	 93.977277	 93.879034	 93.781452	  93.68454	 93.588309	 93.492766	 93.397921	 93.303782	 93.210357	 93.117655	 93.025683	 92.934448	 92.843958	 92.754219	 92.665238	 92.577022	 92.489576	 92.402907	 92.317019	 92.231919	  92.14761	 92.064099	 91.981389	 91.899484	 91.818389	 91.738107	 91.658642	 91.579996	 91.502173	 91.425175	 91.349005	 91.273664	 91.199156	  91.12548	 91.052639	 90.980633	 90.909465	 90.839133	 90.769639	 90.700983	 90.633164	 90.566183	 90.500039	 90.434731	 90.370259	  90.30662	 90.243815	  90.18184	 90.120694	 90.060376	 90.000884	 89.942214	 89.884364	 89.827332	 89.771114	 89.715708	  89.66111	 89.607317	 89.554325	 89.502131	  89.45073	 89.400119	 89.350293	 89.301249	 89.252981	 89.205485	 89.158757	 89.112791	 89.067583	 89.023127	 88.979419	 88.936453	 88.894224	 88.852727	 88.811955	 88.771904	 88.732568	 88.693941	 88.656017	  88.61879	 88.582255	 88.546406	 88.511236	 88.476739	  88.44291	 88.409742	  88.37723	 88.345367	 88.314146	 88.283562	 88.253609	  88.22428	 88.195569	  88.16747	 88.139977	 88.113084	 88.086784	 88.061071	  88.03594	 88.011383	 87.987396	 87.963972	 87.941105	 87.918789	 87.897019	 87.875788	 87.855091	 87.834923	 87.815276	 87.796147	 87.777529	 87.759417	 87.741806	 87.724691	 87.708065	 87.691925	 87.676265	  87.66108	 87.646366	 87.632118	  87.61833	 87.604999	 87.592121	  87.57969	 87.567703	 87.556156	 87.545044	 87.534364	 87.524113	 87.514286	 87.504879	 87.495891	 87.487317	 87.479154	   87.4714	 87.464051	 87.457105	 87.450559	 87.444411	 87.438659	   87.4333	 87.428332	 87.423753	 87.419563	 87.415758	 87.412338	 87.409302	 87.406647	 87.404374	 87.402481	 87.400967	 87.399832	 87.399076	 87.398698	
        99	 98.878183	 98.756383	 98.634618	 98.512906	 98.391264	 98.269709	 98.148258	  98.02693	  97.90574	 97.784707	 97.663848	  97.54318	 97.422719	 97.302483	 97.182488	 97.062751	 96.943289	 96.824119	 96.705255	 96.586716	 96.468516	 96.350673	 96.233201	 96.116116	 95.999434	  95.88317	 95.767339	 95.651956	 95.537037	 95.422595	 95.308644	   95.1952	 95.082276	 94.969886	 94.858043	 94.746761	 94.636053	 94.525932	 94.416409	 94.307499	 94.199213	 94.091562	 93.984559	 93.878215	 93.772541	 93.667547	 93.563246	 93.459646	 93.356758	 93.254592	 93.153158	 93.052464	  92.95252	 92.853335	 92.754916	 92.657272	 92.560411	 92.464341	 92.369068	   92.2746	 92.180944	 92.088106	 91.996092	 91.904908	  91.81456	 91.725052	 91.636391	 91.548581	 91.461625	 91.375529	 91.290297	 91.205931	 91.122436	 91.039814	 90.958068	   90.8772	 90.797214	  90.71811	 90.639891	 90.562558	 90.486113	 90.410555	 90.335887	 90.262107	 90.189217	 90.117217	 90.046105	 89.975883	 89.906547	 89.838099	 89.770536	 89.703857	 89.638061	 89.573145	 89.509108	 89.445946	 89.383658	 89.322241	 89.261692	 89.202008	 89.143185	  89.08522	  89.02811	  88.97185	 88.916437	 88.861867	 88.808135	 88.755237	 88.703168	 88.651923	 88.601499	 88.551889	 88.503088	 88.455092	 88.407895	 88.361492	 88.315877	 88.271044	 88.226987	 88.183702	 88.141181	 88.099419	  88.05841	 88.018147	 87.978625	 87.939837	 87.901776	 87.864438	 87.827814	 87.791899	 87.756686	 87.722169	  87.68834	 87.655195	 87.622725	 87.590924	 87.559787	 87.529306	 87.499474	 87.470286	 87.441734	 87.413812	 87.386514	 87.359832	 87.333762	 87.308295	 87.283427	  87.25915	 87.235458	 87.212345	 87.189805	 87.167832	 87.146419	 87.125562	 87.105253	 87.085487	 87.066258	 87.047561	  87.02939	 87.011739	 86.994604	 86.977978	 86.961857	 86.946235	 86.931108	 86.916471	 86.902318	 86.888645	 86.875448	 86.862722	 86.850462	 86.838665	 86.827327	 86.816443	  86.80601	 86.796024	 86.786481	 86.777378	 86.768712	  86.76048	 86.752678	 86.745303	 86.738354	 86.731827	  86.72572	  86.72003	 86.714756	 86.709895	 86.705446	 86.701407	 86.697776	 86.694552	 86.691734	  86.68932	  86.68731	 86.685703	 86.684499	 86.683696	 86.683295	
