Time step 17:
        99	        99	        99	        99	        99	        99	        99	        99	        99	        99	        99	        99	        99	        99	        99	        99	        99	        99	        99	        99	        99	        99	        99	        99	        99	        99	        99	        99	        99	        99	        99	        99	        99	        99	        99	        99	        99	        99	        99	        99	        99	        99	        99	        99	        99	        99	        99	        99	        99	        99	        99	        99	        99	        99	        99	        99	        99	        99	        99	        99	        99	        99	        99	        99	        99	        99	        99	        99	        99	        99	        99	        99	        99	        99	        99	        99	        99	        99	        99	        99	        99	        99	        99	        99	        99	        99	        99	        99	        99	        99	        99	        99	        99	        99	        99	        99	        99	        99	        99	        99	        99	        99	        99	        99	        99	        99	        99	        99	        99	        99	        99	        99	        99	        99	        99	        99	        99	        99	        99	        99	        99	        99	        99	        99	        99	        99	        99	        99	        99	        99	        99	        99	        99	        99	        99	        99	        99	        99	        99	        99	        99	        99	        99	        99	        99	        99	        99	        99	        99	        99	        99	        99	        99	        99	        99	        99	        99	        99	        99	        99	        99	        99	        99	        99	        99	        99	        99	        99	        99	        99	        99	        99	        99	        99	        99	        99	        99	        99	        99	        99	        99	        99	        99	        99	        99	        99	        99	        99	        99	        99	        99	        99	        99	        99	        99	        99	        99	        99	        99	        99	
        99	 98.962659	 98.925345	 98.888087	 98.850911	 98.813846	 98.776919	 98.740155	 98.703582	 98.667226	 98.631112	 98.595265	  98.55971	 98.524471	  98.48957	  98.45503	 98.420872	 98.387118	 98.353788	   98.3209	 98.288473	 98.256524	  98.22507	 98.194125	 98.163705	 98.133822	 98.104488	 98.075716	 98.047515	 98.019894	 97.992861	 97.966425	  97.94059	 97.915361	 97.890744	  97.86674	 97.843352	 97.820581	 97.798428	 97.776891	 97.755968	 97.735658	 97.715957	 97.696861	 97.678365	 97.660464	 97.643151	  97.62642	 97.610262	  97.59467	 97.579635	 97.565149	   97.5512	  97.53778	 97.524878	 97.512483	 97.500584	  97.48917	 97.478229	 97.467749	 97.457718	 97.448124	 97.438955	 97.430198	 97.421842	 97.413874	 97.406281	 97.399051	 97.392172	 97.385631	 97.379418	 97.373519	 97.367922	 97.362618	 97.357593	 97.352836	 97.348337	 97.344085	  97.34007	  97.33628	 97.332706	 97.329338	 97.326167	 97.323183	 97.320377	 97.317741	 97.315266	 97.312944	 97.310768	 97.308729	  97.30682	 97.305035	 97.303366	 97.301808	 97.300353	 97.298997	 97.297732	 97.296555	  97.29546	 97.294441	 97.293495	 97.292616	 97.291801	 97.291045	 97.290345	 97.289696	 97.289097	 97.288542	  97.28803	 97.287558	 97.287122	 97.286721	 97.286351	  97.28601	 97.285697	  97.28541	 97.285146	 97.284903	 97.284681	 97.284478	 97.284291	 97.284121	 97.283965	 97.283823	 97.283693	 97.283574	 97.283466	 97.283368	 97.283278	 97.283197	 97.283123	 97.283056	 97.282995	 97.282939	 97.282889	 97.282844	 97.282803	 97.282766	 97.282732	 97.282702	 97.282675	  97.28265	 97.282628	 97.282608	  97.28259	 97.282574	  97.28256	 97.282547	 97.282535	 97.282525	 97.282515	 97.282507	 97.282499	 97.282493	 97.282487	 97.282481	 97.282477	 97.282472	 97.282469	 97.282465	 97.282462	  97.28246	 97.282457	 97.282455	 97.282454	 97.282452	  97.28245	 97.282449	 97.282448	 97.282447	 97.282446	 97.282445	 97.282445	 97.282444	 97.282444	 97.282443	 97.282443	 97.282442	 97.282442	 97.282442	 97.282442	 97.282441	 97.282441	 97.282441	 97.282441	 97.282441	 97.282441	 97.282441	  97.28244	  97.28244	  97.28244	  97.28244	  97.28244	  97.28244	  97.28244	  97.28244	  97.28244	  97.28244	  97.28244	  97.28244	
        99	 98.925345	 98.850745	 98.776256	 98.701933	 98.627831	 98.554003	 98.480503	 98.407384	 98.334699	 98.262498	 98.190831	 98.119747	 98.049294	 97.979518	 97.910464	 97.842174	 97.774692	 97.708056	 97.642305	 97.577475	 97.513601	 97.450715	 97.388849	 97.328031	 97.268286	 97.209641	 97.152118	 97.095736	 97.040515	 96.986471	 96.933617	 96.881966	 96.831528	 96.782311	 96.734322	 96.687563	 96.642039	 96.597748	 96.554689	  96.51286	 96.472255	 96.432868	  96.39469	 96.357712	 96.321923	  96.28731	 96.253859	 96.221556	 96.190384	 96.160325	 96.131363	 96.103476	 96.076646	 96.050852	 96.026071	 96.002282	 95.979462	 95.957587	 95.936635	  95.91658	   95.8974	 95.879069	 95.861562	 95.844856	 95.828925	 95.813745	  95.79929	 95.785537	 95.772461	 95.760038	 95.748245	 95.737057	 95.726451	 95.716405	 95.706895	 95.697901	   95.6894	 95.681372	 95.673795	  95.66665	 95.659917	 95.653577	 95.647611	 95.642002	 95.636731	 95.631783	 95.627141	  95.62279	 95.618713	 95.614898	 95.611328	 95.607992	 95.604876	 95.601968	 95.599256	 95.596729	 95.594375	 95.592185	 95.590148	 95.588256	 95.586499	 95.584869	 95.583358	 95.581958	 95.580662	 95.579464	 95.578356	 95.577332	 95.576387	 95.575516	 95.574713	 95.573974	 95.573293	 95.572667	 95.572092	 95.571564	  95.57108	 95.570636	 95.570229	 95.569856	 95.569515	 95.569204	 95.568919	  95.56866	 95.568423	 95.568207	  95.56801	 95.567831	 95.567668	  95.56752	 95.567386	 95.567264	 95.567154	 95.567053	 95.566963	 95.566881	 95.566807	  95.56674	 95.566679	 95.566625	 95.566576	 95.566531	 95.566491	 95.566456	 95.566423	 95.566394	 95.566368	 95.566345	 95.566324	 95.566306	 95.566289	 95.566274	 95.566261	 95.566249	 95.566238	 95.566229	  95.56622	 95.566213	 95.566206	   95.5662	 95.566195	  95.56619	 95.566186	 95.566182	 95.566179	 95.566176	 95.566174	 95.566171	 95.566169	 95.566168	 95.566166	 95.566165	 95.566163	 95.566162	 95.566161	 95.566161	  95.56616	 95.566159	 95.566159	 95.566158	 95.566158	 95.566157	 95.566157	 95.566157	 95.566157	 95.566156	 95.566156	 95.566156	 95.566156	 95.566156	 95.566156	 95.566156	 95.566156	 95.566156	 95.566155	 95.566155	 95.566155	 95.566155	 95.566155	
        99	 98.888087	 98.776256	 98.664592	 98.553176	 98.442091	 98.331418	 98.221236	 98.111626	 98.002666	 97.894431	 97.786997	 97.680437	 97.574823	 97.470224	 97.366706	 97.264335	 97.163174	 97.063282	 96.964716	 96.867532	  96.77178	  96.67751	 96.584768	 96.493597	 96.404036	 96.316123	 96.229891	 96.145371	  96.06259	 95.981574	 95.902342	 95.824914	 95.749304	 95.675524	 95.603584	  95.53349	 95.465245	  95.39885	 95.334302	 95.271597	 95.210727	 95.151683	 95.094451	 95.039019	 94.985368	 94.933481	 94.883336	 94.834911	 94.788182	 94.743122	 94.699705	 94.657901	 94.617681	 94.579013	 94.541865	 94.506203	 94.471994	 94.439203	 94.407793	 94.377731	 94.348978	 94.321498	 94.295255	 94.270211	 94.246329	 94.223572	 94.201904	 94.181287	 94.161686	 94.143063	 94.125383	 94.108611	 94.092713	 94.077653	 94.063398	 94.049915	 94.037171	 94.025136	 94.013778	 94.003067	 93.992973	 93.983469	 93.974526	 93.966117	 93.958217	 93.950799	 93.943841	 93.937317	 93.931206	 93.925486	 93.920136	 93.915135	 93.910464	 93.906104	 93.902039	  93.89825	 93.894722	 93.891438	 93.888386	 93.885549	 93.882915	 93.880472	 93.878207	 93.876108	 93.874165	 93.872368	 93.870707	 93.869173	 93.867757	 93.866451	 93.865247	 93.864138	 93.863118	  93.86218	 93.861318	 93.860527	   93.8598	 93.859135	 93.858525	 93.857966	 93.857455	 93.856988	 93.856562	 93.856172	 93.855817	 93.855493	 93.855199	  93.85493	 93.854686	 93.854464	 93.854263	  93.85408	 93.853915	 93.853765	 93.853629	 93.853506	 93.853395	 93.853294	 93.853204	 93.853122	 93.853048	 93.852982	 93.852922	 93.852868	  93.85282	 93.852777	 93.852738	 93.852703	 93.852671	 93.852643	 93.852618	 93.852596	 93.852576	 93.852558	 93.852542	 93.852528	 93.852515	 93.852504	 93.852494	 93.852485	 93.852477	  93.85247	 93.852464	 93.852458	 93.852454	 93.852449	 93.852445	 93.852442	 93.852439	 93.852436	 93.852434	 93.852432	  93.85243	 93.852429	 93.852427	 93.852426	 93.852425	 93.852424	 93.852423	 93.852423	 93.852422	 93.852421	 93.852421	  93.85242	  93.85242	  93.85242	  93.85242	 93.852419	 93.852419	 93.852419	 93.852419	 93.852419	 93.852419	 93.852418	 93.852418	 93.852418	 93.852418	 93.852418	 93.852418	
        99	 98.850911	 98.701933	 98.553176	 98.404751	 98.256765	 98.109328	 97.962547	 97.816527	 97.671371	 97.527183	 97.384062	 97.242105	 97.101408	 96.962063	 96.824159	 96.687783	 96.553017	 96.419943	 96.288636	 96.159169	  96.03161	 95.906026	 95.782477	  95.66102	 95.541709	 95.424593	 95.309716	 95.197121	 95.086842	 94.978913	 94.873362	 94.770214	 94.669488	   94.5712	 94.475363	 94.381985	 94.291071	  94.20262	 94.116631	 94.033097	 93.952007	 93.873349	 93.797107	 93.723261	 93.651788	 93.582665	 93.515863	 93.451352	 93.389101	 93.329073	 93.271234	 93.215544	 93.161963	  93.11045	 93.060962	 93.013455	 92.967882	 92.924198	 92.882355	 92.842306	 92.804002	 92.767394	 92.732433	  92.69907	 92.667255	 92.636939	 92.608073	 92.580608	 92.554495	 92.529686	 92.506134	 92.483791	 92.462611	 92.442548	 92.423558	 92.405596	  92.38862	 92.372587	 92.357456	 92.343187	  92.32974	 92.317079	 92.305165	 92.293963	 92.283438	 92.273557	 92.264287	 92.255596	 92.247456	 92.239835	 92.232707	 92.226045	 92.219822	 92.214015	 92.208599	 92.203551	 92.198851	 92.194477	  92.19041	 92.186632	 92.183123	 92.179868	  92.17685	 92.174055	 92.171467	 92.169073	  92.16686	 92.164816	 92.162929	 92.161189	 92.159586	 92.158109	  92.15675	   92.1555	 92.154352	 92.153297	  92.15233	 92.151443	  92.15063	 92.149886	 92.149206	 92.148583	 92.148015	 92.147496	 92.147023	 92.146592	 92.146199	 92.145842	 92.145517	 92.145221	 92.144953	  92.14471	 92.144489	 92.144289	 92.144108	 92.143944	 92.143796	 92.143662	 92.143542	 92.143433	 92.143334	 92.143246	 92.143166	 92.143095	 92.143031	 92.142973	 92.142921	 92.142874	 92.142833	 92.142795	 92.142762	 92.142732	 92.142706	 92.142682	 92.142661	 92.142642	 92.142625	  92.14261	 92.142596	 92.142585	 92.142574	 92.142565	 92.142556	 92.142549	 92.142542	 92.142537	 92.142532	 92.142527	 92.142523	  92.14252	 92.142517	 92.142514	 92.142511	 92.142509	 92.142508	 92.142506	 92.142504	 92.142503	 92.142502	 92.142501	   92.1425	   92.1425	 92.142499	 92.142498	 92.142498	 92.142497	 92.142497	 92.142497	 92.142497	 92.142496	 92.142496	 92.142496	 92.142496	 92.142496	 92.142496	 92.142496	 92.142495	 92.142495	 92.142495	
        99	 98.813846	 98.627831	 98.442091	 98.256765	 98.071989	 97.887898	 97.704625	 97.522302	  97.34106	 97.161025	 96.982322	 96.805073	 96.629397	 96.455409	 96.283221	  96.11294	 95.944671	 95.778513	 95.614561	 95.452907	 95.293636	  95.13683	 94.982565	 94.830913	  94.68194	 94.535707	 94.392272	 94.251683	 94.113988	 93.979227	 93.847435	 93.718643	 93.592875	 93.470152	 93.350489	 93.233896	  93.12038	 93.009939	 92.902572	  92.79827	 92.697021	 92.598808	 92.503611	 92.411406	 92.322165	 92.235856	 92.152447	 92.071898	  91.99417	 91.919219	    91.847	 91.777465	 91.710564	 91.646244	 91.584453	 91.525134	 91.468231	 91.413687	 91.361442	 91.311436	 91.263609	   91.2179	 91.174247	  91.13259	 91.092866	 91.055013	 91.018971	 90.984677	 90.952072	 90.921096	 90.891688	  90.86379	 90.837344	 90.812294	 90.788583	 90.766155	 90.744959	  90.72494	 90.706047	  90.68823	 90.671441	 90.655631	 90.640756	 90.626769	 90.613627	  90.60129	 90.589715	 90.578864	 90.568699	 90.559184	 90.550285	 90.541966	 90.534196	 90.526945	 90.520182	  90.51388	 90.508011	  90.50255	 90.497472	 90.492754	 90.488373	 90.484309	 90.480541	  90.47705	 90.473819	  90.47083	 90.468066	 90.465514	 90.463159	 90.460986	 90.458984	  90.45714	 90.455443	 90.453883	 90.452449	 90.451132	 90.449924	 90.448817	 90.447802	 90.446873	 90.446023	 90.445247	 90.444537	 90.443889	 90.443299	  90.44276	  90.44227	 90.441823	 90.441417	 90.441049	 90.440714	  90.44041	 90.440134	 90.439885	 90.439658	 90.439454	 90.439269	 90.439102	 90.438951	 90.438815	 90.438693	 90.438582	 90.438483	 90.438394	 90.438313	 90.438241	 90.438176	 90.438118	 90.438066	  90.43802	 90.437978	 90.437941	 90.437907	 90.437878	 90.437851	 90.437828	 90.437807	 90.437788	 90.437771	 90.437756	 90.437743	 90.437732	 90.437721	 90.437712	 90.437704	 90.437697	  90.43769	 90.437685	  90.43768	 90.437675	 90.437672	 90.437668	 90.437665	 90.437663	  90.43766	 90.437658	 90.437656	 90.437655	 90.437653	 90.437652	 90.437651	  90.43765	 90.437649	 90.437649	 90.437648	 90.437648	 90.437647	 90.437647	 90.437646	 90.437646	 90.437646	 90.437646	 90.437646	 90.437645	 90.437645	 90.437645	 90.437645	 90.437645	 90.437645	
        99	 98.776919	 98.554003	 98.331418	 98.109328	 97.887898	 97.667288	 97.447659	 97.229168	 97.011973	 96.796224	 96.582071	 96.369661	 96.159136	 95.950634	 95.744288	 95.540228	 95.338579	  95.13946	 94.942985	 94.749263	 94.558397	 94.370485	 94.185619	 94.003883	 93.825358	 93.650117	 93.478227	  93.30975	  93.14474	 92.983246	 92.825311	 92.670969	 92.520253	 92.373185	 92.229784	 92.090063	 91.954028	 91.821679	 91.693014	 91.568021	 91.446687	 91.328991	 91.214909	 91.104413	 90.997469	  90.89404	 90.794084	 90.697557	 90.604409	 90.514591	 90.428045	 90.344716	 90.264544	 90.187465	 90.113416	  90.04233	  89.97414	 89.908775	 89.846166	  89.78624	 89.728926	  89.67415	 89.621838	 89.571916	 89.524312	 89.478951	 89.435758	 89.394662	 89.355589	 89.318468	 89.283226	 89.249794	 89.218103	 89.188083	 89.159668	 89.132792	  89.10739	   89.0834	 89.060759	 89.039408	 89.019288	 89.000343	 88.982516	 88.965755	 88.950006	 88.935221	  88.92135	 88.908347	 88.896166	 88.884764	 88.874098	 88.864129	 88.854818	 88.846129	 88.838025	 88.830472	 88.823439	 88.816895	 88.810809	 88.805155	 88.799905	 88.795035	 88.790519	 88.786336	 88.782464	 88.778882	  88.77557	 88.772512	 88.769689	 88.767086	 88.764686	 88.762476	 88.760443	 88.758573	 88.756855	 88.755277	 88.753829	 88.752502	 88.751286	 88.750173	 88.749155	 88.748224	 88.747373	 88.746597	 88.745889	 88.745244	 88.744656	 88.744121	 88.743635	 88.743193	 88.742792	 88.742427	 88.742097	 88.741798	 88.741527	 88.741282	  88.74106	  88.74086	  88.74068	 88.740517	  88.74037	 88.740237	 88.740118	 88.740011	 88.739915	 88.739828	 88.739751	 88.739681	 88.739619	 88.739563	 88.739513	 88.739469	 88.739429	 88.739393	 88.739361	 88.739333	 88.739308	 88.739285	 88.739265	 88.739248	 88.739232	 88.739218	 88.739205	 88.739194	 88.739185	 88.739176	 88.739168	 88.739162	 88.739156	 88.739151	 88.739146	 88.739142	 88.739138	 88.739135	 88.739132	  88.73913	 88.739128	 88.739126	 88.739124	 88.739123	 88.739122	  88.73912	  88.73912	 88.739119	 88.739118	 88.739117	 88.739117	 88.739116	 88.739116	 88.739116	 88.739115	 88.739115	 88.739115	 88.739115	 88.739114	 88.739114	 88.739114	 88.739114	 88.739114	
        99	 98.740155	 98.480503	 98.221236	 97.962547	 97.704625	 97.447659	 97.191835	 96.937338	 96.684349	 96.433045	   96.1836	 95.936185	 95.690966	 95.448102	 95.207751	 94.970063	 94.735182	 94.503248	 94.274395	 94.048748	 93.826428	 93.607548	 93.392216	  93.18053	 92.972585	 92.768464	 92.568247	 92.372006	 92.179802	 91.991694	 91.807731	 91.627955	   91.4524	 91.281096	 91.114063	 90.951316	 90.792862	 90.638703	 90.488833	 90.343242	 90.201912	  90.06482	 89.931938	 89.803232	 89.678664	  89.55819	 89.441761	 89.329326	 89.220829	 89.116208	   89.0154	 88.918339	 88.824954	 88.735173	  88.64892	  88.56612	 88.486692	 88.410555	 88.337628	 88.267827	 88.201067	 88.137263	 88.076331	 88.018182	 87.962733	 87.909896	 87.859586	 87.811717	 87.766205	 87.722966	 87.681917	 87.642975	 87.606061	 87.571094	 87.537996	 87.506691	 87.477103	 87.449159	 87.422787	 87.397918	 87.374482	 87.352414	  87.33165	 87.312126	 87.293783	 87.276561	 87.260404	 87.245258	 87.231069	 87.217788	 87.205365	 87.193753	 87.182908	 87.172786	 87.163346	 87.154549	 87.146357	 87.138734	 87.131646	  87.12506	 87.118945	 87.113272	 87.108012	  87.10314	 87.098629	 87.094457	   87.0906	 87.087037	 87.083749	 87.080717	 87.077922	 87.075348	 87.072979	 87.070801	   87.0688	 87.066962	 87.065276	  87.06373	 87.062314	 87.061017	 87.059831	 87.058747	 87.057756	 87.056852	 87.056027	 87.055276	 87.054591	 87.053968	 87.053402	 87.052887	 87.052419	 87.051995	  87.05161	 87.051262	 87.050946	 87.050661	 87.050403	  87.05017	 87.049959	 87.049769	 87.049598	 87.049444	 87.049305	 87.049181	 87.049068	 87.048968	 87.048877	 87.048796	 87.048724	 87.048659	 87.048601	 87.048549	 87.048502	 87.048461	 87.048424	 87.048391	 87.048361	 87.048335	 87.048312	 87.048291	 87.048273	 87.048256	 87.048242	 87.048229	 87.048218	 87.048208	 87.048199	 87.048191	 87.048184	 87.048178	 87.048173	 87.048168	 87.048164	  87.04816	 87.048157	 87.048154	 87.048152	 87.048149	 87.048148	 87.048146	 87.048144	 87.048143	 87.048142	 87.048141	  87.04814	 87.048139	 87.048139	 87.048138	 87.048138	 87.048137	 87.048137	 87.048137	 87.048136	 87.048136	 87.048136	 87.048136	 87.048136	 87.048136	 87.048136	
        99	 98.703582	 98.407384	 98.111626	 97.816527	 97.522302	 97.229168	 96.937338	 96.647021	 96.358423	 96.071749	 95.787195	 95.504957	 95.225223	 94.948177	 94.673997	 94.402854	 94.134914	 93.870336	 93.609272	 93.351865	 93.098254	 92.848567	 92.602927	 92.361447	 92.124233	 91.891383	 91.662986	 91.439123	 91.219868	 91.005284	 90.795428	 90.590348	 90.390085	  90.19467	 90.004127	 89.818473	 89.637717	  89.46186	 89.290897	 89.124814	 88.963592	 88.807204	  88.65562	 88.508799	 88.366698	 88.229267	 88.096451	 87.968191	 87.844422	 87.725076	  87.61008	 87.499357	 87.392829	 87.290411	 87.192019	 87.097564	 87.006957	 86.920104	 86.836912	 86.757287	 86.681131	 86.608347	 86.538838	 86.472505	 86.409251	 86.348978	 86.291586	  86.23698	 86.185062	 86.135738	 86.088911	 86.044488	 86.002378	 85.962489	 85.924733	 85.889022	  85.85527	 85.823393	 85.793309	 85.764939	 85.738205	 85.713032	 85.689344	 85.667073	 85.646147	 85.626502	 85.608071	 85.590793	 85.574607	 85.559457	 85.545285	 85.532039	 85.519667	 85.508121	 85.497352	 85.487317	 85.477972	 85.469276	 85.461191	 85.453678	 85.446702	  85.44023	  85.43423	 85.428672	 85.423526	 85.418767	 85.414367	 85.410303	 85.406552	 85.403093	 85.399905	 85.396968	 85.394266	 85.391782	 85.389499	 85.387402	 85.385479	 85.383715	   85.3821	  85.38062	 85.379267	  85.37803	   85.3769	 85.375869	 85.374928	 85.374071	  85.37329	 85.372579	 85.371933	 85.371346	 85.370812	 85.370328	  85.36989	 85.369492	 85.369132	 85.368807	 85.368512	 85.368246	 85.368006	  85.36779	 85.367594	 85.367419	  85.36726	 85.367118	  85.36699	 85.366875	 85.366772	  85.36668	 85.366597	 85.366523	 85.366456	 85.366397	 85.366344	 85.366297	 85.366254	 85.366217	 85.366183	 85.366153	 85.366127	 85.366103	 85.366082	 85.366064	 85.366047	 85.366033	  85.36602	 85.366008	 85.365998	 85.365989	 85.365981	 85.365974	 85.365968	 85.365963	 85.365958	 85.365954	  85.36595	 85.365947	 85.365944	 85.365942	 85.365939	 85.365938	 85.365936	 85.365934	 85.365933	 85.365932	 85.365931	  85.36593	  85.36593	 85.365929	 85.365928	 85.365928	 85.365928	 85.365927	 85.365927	 85.365927	 85.365927	 85.365926	 85.365926	 85.365926	 85.365926	
        99	 98.667226	 98.334699	 98.002666	 97.671371	  97.34106	 97.011973	 96.684349	 96.358423	 96.034429	 95.712593	 95.393139	 95.076284	  94.76224	 94.451213	 94.143404	 93.839006	 93.538202	 93.241173	 92.948089	 92.659111	 92.374393	 92.094082	 91.818314	 91.547216	 91.280907	 91.019498	 90.763088	 90.511768	  90.26562	 90.024717	 89.789122	 89.558889	 89.334063	 89.114679	 88.900766	 88.692342	 88.489416	  88.29199	 88.100057	 87.913604	 87.732607	 87.557039	 87.386862	 87.222033	 87.062503	 86.908216	 86.759111	 86.615119	  86.47617	 86.342186	 86.213085	 86.088782	 85.969188	 85.854208	 85.743748	 85.637708	 85.535988	 85.438482	 85.345087	 85.255695	 85.170199	 85.088488	 85.010453	 84.935985	 84.864973	 84.797307	 84.732876	 84.671572	 84.613287	 84.557912	 84.505342	 84.455471	 84.408196	 84.363415	 84.321028	 84.280936	 84.243044	 84.207258	 84.173485	 84.141635	 84.111622	 84.083361	 84.056768	 84.031765	 84.008273	 83.986218	 83.965526	 83.946129	 83.927958	 83.910949	  83.89504	 83.880169	  83.86628	 83.853317	 83.841228	 83.829962	 83.819471	 83.809708	 83.800631	 83.792197	 83.784365	   83.7771	 83.770364	 83.764124	 83.758347	 83.753004	 83.748064	 83.743502	 83.739291	 83.735407	 83.731828	 83.728532	 83.725499	 83.722709	 83.720146	 83.717793	 83.715633	 83.713653	 83.711839	 83.710179	  83.70866	 83.707271	 83.706003	 83.704845	 83.703789	 83.702826	 83.701949	 83.701151	 83.700426	 83.699767	 83.699168	 83.698625	 83.698132	 83.697686	 83.697282	 83.696916	 83.696585	 83.696287	 83.696017	 83.695774	 83.695555	 83.695358	  83.69518	  83.69502	 83.694877	 83.694748	 83.694632	 83.694528	 83.694435	 83.694352	 83.694277	 83.694211	 83.694151	 83.694098	 83.694051	 83.694009	 83.693971	 83.693937	 83.693908	 83.693881	 83.693858	 83.693837	 83.693818	 83.693802	 83.693787	 83.693775	 83.693763	 83.693753	 83.693744	 83.693736	  83.69373	 83.693723	 83.693718	 83.693713	 83.693709	 83.693706	 83.693702	   83.6937	 83.693697	 83.693695	 83.693693	 83.693692	  83.69369	 83.693689	 83.693688	 83.693687	 83.693686	 83.693685	 83.693685	 83.693684	 83.693684	 83.693683	 83.693683	 83.693683	 83.693683	 83.693683	 83.693682	 83.693682	 83.693682	
        99	 98.631112	 98.262498	 97.894431	 97.527183	 97.161025	 96.796224	 96.433045	 96.071749	 95.712593	  95.35583	 95.001707	 94.650466	 94.302341	 93.957561	 93.616347	 93.278913	 92.945466	 92.616202	  92.29131	 91.970971	 91.655355	 91.344624	 91.038928	 90.738409	   90.4432	 90.153421	 89.869184	  89.59059	  89.31773	 89.050683	  88.78952	 88.534301	 88.285076	 88.041884	 87.804757	 87.573713	 87.348765	 87.129913	 86.917151	 86.710463	 86.509824	 86.315202	 86.126557	 85.943841	 85.766998	 85.595967	  85.43068	 85.271062	 85.117033	 84.968509	 84.825397	 84.687605	 84.555031	 84.427574	 84.305126	 84.187578	 84.074819	 83.966732	 83.863201	 83.764108	 83.669333	 83.578754	 83.492251	 83.409702	 83.330983	 83.255973	  83.18455	 83.116594	 83.051983	 82.990599	 82.932323	  82.87704	 82.824635	 82.774994	 82.728007	 82.683564	  82.64156	  82.60189	 82.564451	 82.529146	 82.495875	 82.464547	 82.435069	 82.407352	 82.381311	 82.356862	 82.333925	 82.312423	  82.29228	 82.273425	 82.255789	 82.239304	 82.223908	 82.209538	 82.196137	 82.183649	 82.172019	 82.161197	 82.151134	 82.141785	 82.133104	  82.12505	 82.117583	 82.110665	 82.104262	 82.098338	 82.092863	 82.087806	 82.083138	 82.078833	 82.074865	 82.071211	 82.067848	 82.064756	 82.061915	 82.059306	 82.056912	 82.054718	 82.052707	 82.050866	 82.049182	 82.047643	 82.046237	 82.044953	 82.043782	 82.042715	 82.041744	 82.040859	 82.040055	 82.039324	  82.03866	 82.038058	 82.037512	 82.037017	 82.036569	 82.036164	 82.035797	 82.035467	 82.035168	 82.034898	 82.034655	 82.034436	  82.03424	 82.034062	 82.033903	  82.03376	 82.033632	 82.033517	 82.033414	 82.033322	 82.033239	 82.033165	 82.033099	  82.03304	 82.032988	 82.032941	 82.032899	 82.032862	 82.032829	   82.0328	 82.032774	 82.032751	  82.03273	 82.032712	 82.032696	 82.032682	 82.032669	 82.032658	 82.032648	 82.032639	 82.032632	 82.032625	 82.032619	 82.032614	 82.032609	 82.032605	 82.032602	 82.032599	 82.032596	 82.032594	 82.032591	  82.03259	 82.032588	 82.032587	 82.032585	 82.032584	 82.032584	 82.032583	 82.032582	 82.032582	 82.032581	 82.032581	  82.03258	  82.03258	  82.03258	  82.03258	 82.032579	 82.032579	 82.032579	
        99	 98.595265	 98.190831	 97.786997	 97.384062	 96.982322	 96.582071	   96.1836	 95.787195	 95.393139	 95.001707	 94.613173	 94.227799	 93.845845	 93.467561	 93.093189	 92.722966	 92.357115	 91.995855	 91.639392	 91.287924	 90.941638	 90.600711	 90.265309	 89.935588	 89.611691	 89.293753	 88.981896	 88.676229	 88.376853	 88.083856	 87.797315	 87.517295	 87.243851	 86.977027	 86.716857	 86.463361	 86.216554	 85.976435	 85.742998	 85.516225	 85.296089	 85.082555	 84.875578	 84.675106	 84.481079	 84.293428	 84.112079	  83.93695	 83.767954	 83.604996	 83.447978	 83.296795	 83.151339	 83.011496	 82.877149	 82.748179	 82.624462	 82.505871	  82.39228	 82.283558	 82.179573	 82.080192	 81.985283	 81.894712	 81.808344	 81.726045	 81.647682	 81.573121	 81.502232	 81.434883	 81.370944	 81.310289	 81.252791	 81.198327	 81.146773	 81.098012	 81.051926	 81.008401	 80.967325	 80.928588	 80.892085	 80.857712	 80.825369	 80.794959	 80.766387	 80.739563	 80.714397	 80.690805	 80.668705	 80.648018	 80.628668	 80.610581	 80.593689	 80.577923	  80.56322	 80.549517	 80.536758	 80.524884	 80.513844	 80.503585	 80.494061	 80.485224	 80.477032	 80.469442	 80.462416	 80.455917	  80.44991	 80.444361	  80.43924	 80.434516	 80.430163	 80.426154	 80.422464	 80.419072	 80.415954	 80.413092	 80.410466	 80.408058	 80.405852	 80.403832	 80.401984	 80.400295	 80.398752	 80.397344	  80.39606	 80.394889	 80.393823	 80.392852	  80.39197	 80.391168	  80.39044	 80.389779	  80.38918	 80.388637	 80.388146	 80.387701	 80.387299	 80.386936	 80.386608	 80.386312	 80.386046	 80.385806	  80.38559	 80.385395	 80.385221	 80.385064	 80.384923	 80.384797	 80.384684	 80.384583	 80.384492	 80.384411	 80.384339	 80.384274	 80.384216	 80.384165	 80.384119	 80.384078	 80.384042	  80.38401	 80.383981	 80.383956	 80.383933	 80.383914	 80.383896	  80.38388	 80.383866	 80.383854	 80.383843	 80.383834	 80.383826	 80.383818	 80.383812	 80.383806	 80.383801	 80.383796	 80.383793	 80.383789	 80.383786	 80.383784	 80.383781	 80.383779	 80.383778	 80.383776	 80.383775	 80.383774	 80.383773	 80.383772	 80.383771	  80.38377	  80.38377	 80.383769	 80.383769	 80.383769	 80.383769	 80.383768	 80.383768	 80.383768	 80.383768	
        99	  98.55971	 98.119747	 97.680437	 97.242105	 96.805073	 96.369661	 95.936185	 95.504957	 95.076284	 94.650466	 94.227799	 93.808571	 93.393063	 92.981547	 92.574288	 92.171541	 91.773552	 91.380556	 90.992778	 90.610434	 90.233728	 89.862851	 89.497985	 89.139298	 88.786948	  88.44108	 88.101826	 87.769307	 87.443632	 87.124896	 86.813182	 86.508563	 86.211098	 85.920835	 85.637809	 85.362044	 85.093555	 84.832343	 84.578399	 84.331704	  84.09223	 83.859937	 83.634778	 83.416695	 83.205622	 83.001487	 82.804207	 82.613693	 82.429851	 82.252578	 82.081766	 81.917302	 81.759068	  81.60694	 81.460791	 81.320491	 81.185906	 81.056898	 80.933328	 80.815054	 80.701934	 80.593824	 80.490577	 80.392049	 80.298094	 80.208565	 80.123318	 80.042207	 79.965091	 79.891825	  79.82227	 79.756286	 79.693737	 79.634488	 79.578406	 79.525362	 79.475227	 79.427878	 79.383193	 79.341054	 79.301344	 79.263951	 79.228767	 79.195686	 79.164604	 79.135423	 79.108046	 79.082382	 79.058341	 79.035836	 79.014786	 78.995111	 78.976734	 78.959584	 78.943589	 78.928683	 78.914802	 78.901885	 78.889875	 78.878716	 78.868354	 78.858741	 78.849829	 78.841573	  78.83393	  78.82686	 78.820325	 78.814289	 78.808717	 78.803579	 78.798843	 78.794482	 78.790468	 78.786778	 78.783386	 78.780273	 78.777416	 78.774796	 78.772396	 78.770199	 78.768189	 78.766352	 78.764673	 78.763141	 78.761744	 78.760471	 78.759311	 78.758255	 78.757295	 78.756423	 78.755631	 78.754912	  78.75426	 78.753669	 78.753135	 78.752651	 78.752214	 78.751819	 78.751462	  78.75114	  78.75085	 78.750589	 78.750354	 78.750143	 78.749953	 78.749782	 78.749629	 78.749492	 78.749369	 78.749259	  78.74916	 78.749072	 78.748993	 78.748923	  78.74886	 78.748804	 78.748755	  78.74871	 78.748671	 78.748636	 78.748605	 78.748577	 78.748553	 78.748531	 78.748512	 78.748495	  78.74848	 78.748466	 78.748455	 78.748444	 78.748435	 78.748427	  78.74842	 78.748414	 78.748408	 78.748404	 78.748399	 78.748396	 78.748392	  78.74839	 78.748387	 78.748385	 78.748383	 78.748381	  78.74838	 78.748379	 78.748378	 78.748377	 78.748376	 78.748375	 78.748375	 78.748374	 78.748374	 78.748373	 78.748373	 78.748373	 78.748373	 78.748373	 78.748373	
        99	 98.524471	 98.049294	 97.574823	 97.101408	 96.629397	 96.159136	 95.690966	 95.225223	  94.76224	 94.302341	 93.845845	 93.393063	 92.944299	 92.499846	 92.059992	  91.62501	 91.195166	 90.770716	 90.351902	 89.938956	 89.532099	 89.131538	 88.737469	 88.350074	 87.969523	 87.595972	 87.229566	 86.870433	 86.518691	 86.174444	 85.837782	 85.508782	 85.187509	 84.874013	 84.568335	 84.270499	  83.98052	 83.698401	 83.424132	 83.157693	 82.899052	 82.648167	 82.404987	 82.169449	 81.941483	 81.721009	 81.507939	 81.302178	 81.103621	  80.91216	 80.727677	 80.550049	  80.37915	 80.214847	 80.057001	 79.905472	 79.760114	 79.620781	  79.48732	 79.359581	 79.237407	 79.120643	 79.009133	  78.90272	 78.801244	  78.70455	  78.61248	 78.524878	 78.441588	 78.362459	 78.287337	 78.216072	 78.148517	 78.084525	 78.023955	 77.966665	 77.912518	 77.861379	 77.813118	 77.767605	 77.724717	 77.684332	 77.646332	 77.610603	 77.577033	 77.545517	 77.515949	 77.488231	 77.462265	 77.437959	 77.415224	 77.393974	 77.374127	 77.355604	 77.338329	  77.32223	 77.307238	 77.293288	 77.280316	 77.268263	 77.257073	  77.24669	 77.237065	 77.228148	 77.219893	 77.212257	 77.205199	  77.19868	 77.192663	 77.187113	 77.181998	 77.177288	 77.172953	 77.168967	 77.165304	 77.161941	 77.158856	 77.156026	 77.153434	 77.151062	 77.148891	 77.146906	 77.145094	 77.143439	  77.14193	 77.140554	 77.139302	 77.138162	 77.137125	 77.136183	 77.135327	 77.134551	 77.133847	 77.133209	 77.132632	 77.132109	 77.131637	  77.13121	 77.130825	 77.130478	 77.130164	 77.129882	 77.129629	   77.1294	 77.129195	 77.129011	 77.128845	 77.128697	 77.128564	 77.128445	 77.128339	 77.128244	 77.128159	 77.128083	 77.128015	 77.127955	 77.127901	 77.127853	  77.12781	 77.127773	 77.127739	 77.127709	 77.127683	 77.127659	 77.127638	  77.12762	 77.127604	  77.12759	 77.127577	 77.127566	 77.127556	 77.127547	  77.12754	 77.127533	 77.127527	 77.127522	 77.127517	 77.127513	  77.12751	 77.127507	 77.127504	 77.127502	   77.1275	 77.127498	 77.127496	 77.127495	 77.127494	 77.127493	 77.127492	 77.127491	 77.127491	  77.12749	  77.12749	 77.127489	 77.127489	 77.127489	 77.127488	 77.127488	 77.127488	
        99	  98.48957	 97.979518	 97.470224	 96.962063	 96.455409	 95.950634	 95.448102	 94.948177	 94.451213	 93.957561	 93.467561	 92.981547	 92.499846	 92.022774	 91.550636	 91.083729	 90.622338	 90.166735	 89.717183	  89.27393	 88.837212	 88.407252	 87.984261	 87.568433	 87.159952	 86.758985	 86.365686	 85.980195	 85.602638	 85.233125	 84.871754	 84.518608	 84.173755	 83.837251	 83.509137	 83.189442	 82.878181	 82.575356	 82.280957	 81.994963	 81.717339	 81.448041	 81.187013	 80.934188	  80.68949	 80.452835	 80.224127	 80.003264	 79.790135	 79.584621	 79.386598	 79.195934	 79.012492	  78.83613	 78.666699	 78.504048	 78.348023	 78.198463	 78.055207	 77.918092	 77.786952	 77.661619	 77.541925	 77.427701	 77.318778	 77.214986	 77.116159	 77.022127	 76.932725	 76.847788	 76.767153	 76.690658	 76.618144	 76.549456	  76.48444	 76.422945	 76.364824	 76.309932	 76.258129	 76.209276	 76.163241	 76.119891	 76.079102	 76.040751	 76.004717	 75.970888	  75.93915	 75.909397	 75.881526	 75.855436	 75.831033	 75.808223	 75.786919	 75.767036	 75.748493	 75.731213	 75.715121	 75.700147	 75.686223	 75.673286	 75.661274	  75.65013	 75.639798	 75.630226	 75.621366	  75.61317	 75.605593	 75.598595	 75.592136	 75.586179	 75.580689	 75.575633	 75.570981	 75.566702	  75.56277	 75.559161	 75.555848	 75.552812	 75.550029	 75.547482	 75.545152	 75.543022	 75.541076	   75.5393	  75.53768	 75.536204	 75.534859	 75.533636	 75.532523	 75.531511	 75.530593	  75.52976	 75.529004	 75.528319	   75.5277	 75.527139	 75.526632	 75.526174	  75.52576	 75.525388	 75.525051	 75.524749	 75.524476	 75.524231	 75.524011	 75.523813	 75.523636	 75.523476	 75.523334	 75.523206	 75.523092	  75.52299	 75.522898	 75.522817	 75.522744	 75.522679	 75.522622	  75.52257	 75.522525	 75.522484	 75.522448	 75.522416	 75.522388	 75.522362	  75.52234	  75.52232	 75.522303	 75.522288	 75.522274	 75.522262	 75.522251	 75.522242	 75.522234	 75.522227	  75.52222	 75.522215	  75.52221	 75.522206	 75.522202	 75.522199	 75.522196	 75.522193	 75.522191	 75.522189	 75.522187	 75.522186	 75.522185	 75.522184	 75.522183	 75.522182	 75.522181	 75.522181	  75.52218	  75.52218	  75.52218	 75.522179	 75.522179	 75.522179	 75.522179	
        99	  98.45503	 97.910464	 97.366706	 96.824159	 96.283221	 95.744288	 95.207751	 94.673997	 94.143404	 93.616347	 93.093189	 92.574288	 92.059992	 91.550636	  91.04655	 90.548048	 90.055435	 89.569003	  89.08903	 88.615782	 88.149512	 87.690458	 87.238844	 86.794878	 86.358755	 85.930656	 85.510743	 85.099167	  84.69606	 84.301543	 83.915719	 83.538676	 83.170487	 82.811212	 82.460896	 82.119568	 81.787244	 81.463927	 81.149607	  80.84426	  80.54785	 80.260329	 79.981637	 79.711704	 79.450449	 79.197779	 78.953595	 78.717787	 78.490235	 78.270815	 78.059392	 77.855826	 77.659971	 77.471674	 77.290778	 77.117122	 76.950538	 76.790858	 76.637908	 76.491515	 76.351501	 76.217686	 76.089893	  75.96794	 75.851646	 75.740831	 75.635316	 75.534922	  75.43947	 75.348786	 75.262694	 75.181022	 75.103602	 75.030266	 74.960851	 74.895195	  74.83314	 74.774534	 74.719225	 74.667067	 74.617916	 74.571633	 74.528084	 74.487137	 74.448666	 74.412547	 74.378662	 74.346896	 74.317138	 74.289283	 74.263229	 74.238875	  74.21613	 74.194902	 74.175104	 74.156654	 74.139473	 74.123486	  74.10862	 74.094807	 74.081983	 74.070084	 74.059053	 74.048834	 74.039374	 74.030623	 74.022534	 74.015063	 74.008167	 74.001806	 73.995945	 73.990547	 73.985579	 73.981011	 73.976813	 73.972959	 73.969423	 73.966181	  73.96321	 73.960491	 73.958003	 73.955729	 73.953651	 73.951755	 73.950026	 73.948449	 73.947014	 73.945707	 73.944519	 73.943439	 73.942459	 73.941569	 73.940762	 73.940031	 73.939369	 73.938771	 73.938229	 73.937741	 73.937299	 73.936901	 73.936542	 73.936219	 73.935928	 73.935666	 73.935431	  73.93522	  73.93503	  73.93486	 73.934708	 73.934572	  73.93445	 73.934341	 73.934243	 73.934156	 73.934079	  73.93401	 73.933948	 73.933893	 73.933844	 73.933801	 73.933762	 73.933728	 73.933698	 73.933671	 73.933647	 73.933626	 73.933608	 73.933591	 73.933577	 73.933564	 73.933553	 73.933543	 73.933534	 73.933526	 73.933519	 73.933513	 73.933508	 73.933504	   73.9335	 73.933496	 73.933493	  73.93349	 73.933488	 73.933486	 73.933484	 73.933483	 73.933481	  73.93348	 73.933479	 73.933478	 73.933478	 73.933477	 73.933477	 73.933476	 73.933476	 73.933476	 73.933475	 73.933475	 73.933475	
        99	 98.420872	 97.842174	 97.264335	 96.687783	  96.11294	 95.540228	 94.970063	 94.402854	 93.839006	 93.278913	 92.722966	 92.171541	  91.62501	 91.083729	 90.548048	 90.018302	 89.494813	 88.977892	 88.467836	 87.964926	 87.469432	 86.981605	 86.501685	 86.029892	 85.566435	 85.111503	 84.665271	 84.227898	 83.799527	 83.380282	 82.970275	   82.5696	 82.178334	 81.796541	 81.424268	 81.061546	 80.708393	 80.364812	 80.030791	 79.706306	 79.391318	 79.085775	 78.789616	 78.502764	 78.225134	 77.956628	 77.697139	  77.44655	 77.204737	 76.971564	  76.74689	 76.530565	 76.322434	 76.122335	 75.930102	  75.74556	 75.568536	 75.398847	 75.236311	 75.080743	 74.931952	 74.789751	 74.653948	 74.524351	 74.400768	 74.283008	  74.17088	 74.064193	 73.962759	  73.86639	 73.774902	 73.688112	 73.605839	 73.527907	 73.454141	 73.384369	 73.318426	 73.256147	 73.197371	 73.141943	 73.089712	 73.040529	  72.99425	 72.950737	 72.909854	 72.871471	 72.835462	 72.801705	 72.770082	 72.740482	 72.712794	 72.686914	 72.662743	 72.640184	 72.619146	  72.59954	 72.581282	 72.564292	 72.548495	 72.533816	 72.520188	 72.507544	 72.495821	 72.484962	 72.474909	 72.465609	 72.457013	 72.449074	 72.441745	 72.434987	 72.428758	 72.423021	 72.417742	 72.412888	 72.408427	 72.404331	 72.400573	 72.397128	 72.393971	 72.391081	 72.388438	 72.386021	 72.383813	 72.381798	  72.37996	 72.378285	  72.37676	 72.375371	 72.374108	 72.372961	 72.371919	 72.370974	 72.370116	  72.36934	 72.368636	    72.368	 72.367425	 72.366905	 72.366436	 72.366013	 72.365632	 72.365288	 72.364979	 72.364701	 72.364451	 72.364227	 72.364025	 72.363845	 72.363683	 72.363538	 72.363408	 72.363292	 72.363189	 72.363096	 72.363014	 72.362941	 72.362875	 72.362817	 72.362765	 72.362719	 72.362678	 72.362642	 72.362609	 72.362581	 72.362556	 72.362533	 72.362513	 72.362496	  72.36248	 72.362467	 72.362455	 72.362444	 72.362435	 72.362427	  72.36242	 72.362413	 72.362408	 72.362403	 72.362399	 72.362395	 72.362392	 72.362389	 72.362386	 72.362384	 72.362382	 72.362381	 72.362379	 72.362378	 72.362377	 72.362376	 72.362375	 72.362375	 72.362374	 72.362374	 72.362373	 72.362373	 72.362373	 72.362373	 72.362373	
        99	 98.387118	 97.774692	 97.163174	 96.553017	 95.944671	 95.338579	 94.735182	 94.134914	 93.538202	 92.945466	 92.357115	 91.773552	 91.195166	 90.622338	 90.055435	 89.494813	 88.940813	 88.393764	  87.85398	 87.321759	 86.797385	 86.281126	 85.773234	 85.273943	 84.783474	 84.302027	 83.829787	 83.366922	 82.913583	 82.469904	    82.036	 81.611972	 81.197902	 80.793856	 80.399885	 80.016023	 79.642287	  79.27868	 78.925192	 78.581794	 78.248447	 77.925097	 77.611676	 77.308105	 77.014294	 76.730138	 76.455525	 76.190332	 75.934424	 75.687661	 75.449892	 75.220959	 75.000697	 74.788936	 74.585498	 74.390201	 74.202859	  74.02328	 73.851272	 73.686636	 73.529174	 73.378684	 73.234966	 73.097815	  72.96703	 72.842406	 72.723743	 72.610838	 72.503492	 72.401506	 72.304686	 72.212837	  72.12577	 72.043295	 71.965229	 71.891392	 71.821605	 71.755696	 71.693494	 71.634836	 71.579561	 71.527511	 71.478535	 71.432485	  71.38922	   71.3486	 71.310492	 71.274768	 71.241302	 71.209976	 71.180674	 71.153287	 71.127707	 71.103833	 71.081568	  71.06082	 71.041498	 71.023518	   71.0068	 70.991266	 70.976843	 70.963462	 70.951056	 70.939564	 70.928925	 70.919083	 70.909986	 70.901584	 70.893829	 70.886676	 70.880084	 70.874013	 70.868426	 70.863289	 70.858569	 70.854234	 70.850257	 70.846611	  70.84327	 70.840212	 70.837414	 70.834856	  70.83252	 70.830388	 70.828443	  70.82667	 70.825055	 70.823586	  70.82225	 70.821035	 70.819933	 70.818932	 70.818025	 70.817203	 70.816459	 70.815785	 70.815176	 70.814627	  70.81413	 70.813682	 70.813279	 70.812915	 70.812588	 70.812294	 70.812029	 70.811792	 70.811579	 70.811388	 70.811216	 70.811063	 70.810926	 70.810803	 70.810694	 70.810596	 70.810509	 70.810431	 70.810361	   70.8103	 70.810245	 70.810196	 70.810153	 70.810114	  70.81008	  70.81005	 70.810023	     70.81	 70.809979	  70.80996	 70.809944	  70.80993	 70.809917	 70.809906	 70.809896	 70.809887	  70.80988	 70.809873	 70.809867	 70.809862	 70.809857	 70.809853	  70.80985	 70.809847	 70.809844	 70.809842	  70.80984	 70.809838	 70.809837	 70.809835	 70.809834	 70.809833	 70.809833	 70.809832	 70.809831	 70.809831	  70.80983	  70.80983	  70.80983	  70.80983	  70.80983	
