Time step 26:
        99	        99	        99	        99	        99	        99	        99	        99	        99	        99	        99	        99	        99	        99	        99	        99	        99	        99	        99	        99	        99	        99	        99	        99	        99	        99	        99	        99	        99	        99	        99	        99	        99	        99	        99	        99	        99	        99	        99	        99	        99	        99	        99	        99	        99	        99	        99	        99	        99	        99	        99	        99	        99	        99	        99	        99	        99	        99	        99	        99	        99	        99	        99	        99	        99	        99	        99	        99	        99	        99	        99	        99	        99	        99	        99	        99	        99	        99	        99	        99	        99	        99	        99	        99	        99	        99	        99	        99	        99	        99	        99	        99	        99	        99	        99	        99	        99	        99	        99	        99	        99	        99	        99	        99	        99	        99	        99	        99	        99	        99	        99	        99	        99	        99	        99	        99	        99	        99	        99	        99	        99	        99	        99	        99	        99	        99	        99	        99	        99	        99	        99	        99	        99	        99	        99	        99	        99	        99	        99	        99	        99	        99	        99	        99	        99	        99	        99	        99	        99	        99	        99	        99	        99	        99	        99	        99	        99	        99	        99	        99	        99	        99	        99	        99	        99	        99	        99	        99	        99	        99	        99	        99	        99	        99	        99	        99	        99	        99	        99	        99	        99	        99	        99	        99	        99	        99	        99	        99	        99	        99	        99	        99	        99	        99	        99	        99	        99	        99	        99	        99	
        99	 98.975582	 98.951176	 98.926793	 98.902446	 98.878146	 98.853905	 98.829735	 98.805647	 98.781652	 98.757762	 98.733987	 98.710339	 98.686829	 98.663466	 98.640262	 98.617226	 98.594369	 98.571699	 98.549227	 98.526961	  98.50491	 98.483083	 98.461488	 98.440133	 98.419025	 98.398172	 98.377581	 98.357257	 98.337209	  98.31744	 98.297958	 98.278766	 98.259871	 98.241276	 98.222985	 98.205003	 98.187332	 98.169976	 98.152937	 98.136218	 98.119821	 98.103746	 98.087997	 98.072572	 98.057474	 98.042702	 98.028257	 98.014137	 98.000343	 97.986873	 97.973726	   97.9609	 97.948395	 97.936207	 97.924335	 97.912775	 97.901526	 97.890583	 97.879945	 97.869607	 97.859566	 97.849817	 97.840358	 97.831184	 97.822291	 97.813674	 97.805329	  97.79725	 97.789435	 97.781876	 97.774571	 97.767512	 97.760697	 97.754118	 97.747772	 97.741653	 97.735756	 97.730074	 97.724604	  97.71934	 97.714277	 97.709408	  97.70473	 97.700236	 97.695922	 97.691783	 97.687813	 97.684006	  97.68036	 97.676867	 97.673524	 97.670325	 97.667266	 97.664342	 97.661548	  97.65888	 97.656334	 97.653905	 97.651589	 97.649381	 97.647278	 97.645276	  97.64337	 97.641558	 97.639834	 97.638197	 97.636641	 97.635164	 97.633763	 97.632433	 97.631173	 97.629979	 97.628849	 97.627778	 97.626765	 97.625808	 97.624902	 97.624047	 97.623239	 97.622477	 97.621757	 97.621079	  97.62044	 97.619837	  97.61927	 97.618737	 97.618235	 97.617763	 97.617319	 97.616903	 97.616511	 97.616144	   97.6158	 97.615477	 97.615175	 97.614892	 97.614627	 97.614378	 97.614146	 97.613929	 97.613727	 97.613538	 97.613361	 97.613196	 97.613042	 97.612899	 97.612766	 97.612642	 97.612526	 97.612418	 97.612318	 97.612225	 97.612139	 97.612059	 97.611985	 97.611916	 97.611852	 97.611792	 97.611738	 97.611687	  97.61164	 97.611596	 97.611556	 97.611519	 97.611485	 97.611453	 97.611424	 97.611397	 97.611372	 97.611349	 97.611328	 97.611309	 97.611291	 97.611275	  97.61126	 97.611246	 97.611234	 97.611222	 97.611212	 97.611202	 97.611193	 97.611185	 97.611178	 97.611172	 97.611166	  97.61116	 97.611155	 97.611151	 97.611147	 97.611144	 97.611141	 97.611138	 97.611136	 97.611134	 97.611132	 97.611131	  97.61113	  97.61113	 97.611129	
        99	 98.951176	 98.902375	 98.853622	  98.80494	 98.756352	 98.707882	 98.659553	 98.611388	  98.56341	 98.515641	 98.468103	 98.420819	  98.37381	 98.327096	 98.280699	 98.234638	 98.188934	 98.143606	 98.098672	 98.054151	 98.010061	 97.966417	 97.923238	 97.880537	 97.838332	 97.796636	 97.755463	 97.714827	 97.674739	 97.635212	 97.596256	 97.557883	 97.520101	  97.48292	 97.446348	 97.410392	 97.375059	 97.340355	 97.306286	 97.272856	 97.240069	 97.207928	 97.176436	 97.145595	 97.115406	 97.085869	 97.056985	 97.028753	 97.001171	 96.974237	  96.94795	 96.922305	   96.8973	  96.87293	 96.849191	 96.826078	 96.803585	 96.781705	 96.760433	 96.739762	 96.719685	 96.700193	  96.68128	 96.662936	 96.645154	 96.627924	 96.611237	 96.595085	 96.579457	 96.564344	 96.549736	 96.535623	 96.521995	 96.508842	 96.496153	 96.483917	 96.472125	 96.460765	 96.449828	 96.439302	 96.429177	 96.419443	 96.410089	 96.401104	 96.392478	 96.384201	 96.376262	 96.368652	  96.36136	 96.354376	 96.347691	 96.341295	 96.335178	 96.329332	 96.323746	 96.318412	  96.31332	 96.308463	 96.303832	 96.299418	 96.295213	  96.29121	 96.287399	 96.283775	 96.280329	 96.277054	 96.273944	 96.270991	 96.268189	 96.265531	 96.263011	 96.260624	 96.258363	 96.256223	 96.254197	 96.252282	 96.250472	 96.248762	 96.247146	 96.245622	 96.244184	 96.242827	 96.241549	 96.240345	 96.239211	 96.238144	  96.23714	 96.236197	  96.23531	 96.234477	 96.233695	 96.232961	 96.232272	 96.231627	 96.231022	 96.230456	 96.229926	  96.22943	 96.228966	 96.228532	 96.228127	 96.227748	 96.227395	 96.227066	 96.226758	 96.226472	 96.226205	 96.225957	 96.225726	  96.22551	 96.225311	 96.225125	 96.224952	 96.224792	 96.224643	 96.224505	 96.224377	 96.224259	 96.224149	 96.224047	 96.223953	 96.223867	 96.223786	 96.223712	 96.223643	  96.22358	 96.223522	 96.223468	 96.223419	 96.223373	 96.223331	 96.223292	 96.223257	 96.223224	 96.223195	 96.223167	 96.223142	 96.223119	 96.223098	 96.223079	 96.223061	 96.223045	 96.223031	 96.223018	 96.223006	 96.222995	 96.222985	 96.222976	 96.222969	 96.222962	 96.222956	 96.222951	 96.222946	 96.222942	 96.222939	 96.222937	 96.222935	 96.222934	 96.222933	
        99	 98.926793	 98.853622	 98.780522	 98.707528	 98.634675	    98.562	 98.489536	 98.417318	  98.34538	 98.273755	 98.202478	  98.13158	 98.061094	 97.991052	 97.921484	 97.852422	 97.783893	 97.715929	 97.648555	 97.581801	 97.515691	 97.450253	 97.385509	 97.321485	 97.258203	 97.195684	  97.13395	  97.07302	 97.012913	 96.953646	 96.895236	 96.837699	  96.78105	   96.7253	 96.670464	 96.616552	 96.563574	 96.511539	 96.460456	 96.410331	 96.361171	 96.312979	  96.26576	 96.219518	 96.174252	 96.129965	 96.086656	 96.044325	 96.002968	 95.962585	 95.923169	 95.884718	 95.847226	 95.810686	 95.775092	 95.740436	 95.706709	 95.673904	 95.642009	 95.611015	 95.580911	 95.551685	 95.523326	 95.495822	 95.469159	 95.443325	 95.418305	 95.394086	 95.370654	 95.347994	 95.326091	  95.30493	 95.284496	 95.264774	 95.245748	 95.227402	 95.209721	 95.192688	 95.176289	 95.160507	 95.145326	  95.13073	 95.116704	 95.103232	 95.090299	 95.077888	 95.065985	 95.054574	 95.043641	 95.033169	 95.023146	 95.013556	 95.004384	 94.995618	 94.987242	 94.979244	 94.971611	 94.964328	 94.957384	 94.950765	 94.944461	 94.938458	 94.932745	  94.92731	 94.922143	 94.917233	  94.91257	 94.908142	  94.90394	 94.899955	 94.896178	 94.892598	 94.889208	 94.885998	 94.882962	  94.88009	 94.877376	 94.874811	  94.87239	 94.870104	 94.867947	 94.865914	 94.863997	 94.862192	 94.860492	 94.858892	 94.857387	 94.855972	 94.854642	 94.853393	  94.85222	  94.85112	 94.850088	  94.84912	 94.848213	 94.847364	 94.846569	 94.845825	 94.845129	 94.844479	 94.843872	 94.843304	 94.842775	 94.842281	  94.84182	 94.841391	 94.840991	 94.840618	 94.840271	 94.839949	 94.839649	  94.83937	 94.839112	 94.838871	 94.838648	 94.838442	  94.83825	 94.838072	 94.837908	 94.837755	 94.837614	 94.837484	 94.837364	 94.837252	  94.83715	 94.837055	 94.836967	 94.836887	 94.836812	 94.836744	 94.836681	 94.836623	  94.83657	 94.836521	 94.836476	 94.836435	 94.836398	 94.836363	 94.836332	 94.836303	 94.836277	 94.836253	 94.836231	 94.836211	 94.836193	 94.836177	 94.836163	  94.83615	 94.836138	 94.836128	 94.836119	 94.836111	 94.836104	 94.836098	 94.836094	  94.83609	 94.836087	 94.836085	 94.836084	
        99	 98.902446	  98.80494	 98.707528	 98.610258	 98.513176	  98.41633	 98.319766	  98.22353	 98.127667	 98.032222	 97.937239	 97.842762	 97.748834	 97.655497	 97.562793	 97.470761	 97.379442	 97.288874	 97.199093	 97.110138	 97.022042	  96.93484	 96.848564	 96.763247	 96.678918	 96.595607	 96.513342	 96.432147	  96.35205	 96.273072	 96.195237	 96.118564	 96.043074	 95.968784	  95.89571	 95.823868	 95.753271	  95.68393	 95.615858	 95.549063	 95.483552	 95.419333	 95.356411	 95.294788	 95.234468	 95.175453	  95.11774	  95.06133	  95.00622	 94.952405	 94.899881	 94.848642	  94.79868	 94.749988	 94.702556	 94.656374	 94.611431	 94.567715	 94.525212	  94.48391	 94.443794	 94.404849	 94.367059	 94.330407	 94.294877	  94.26045	  94.22711	 94.194836	 94.163611	 94.133414	 94.104227	 94.076028	 94.048799	 94.022517	 93.997163	 93.972716	 93.949155	 93.926458	 93.904604	 93.883573	 93.863343	 93.843893	 93.825203	  93.80725	 93.790015	 93.773477	 93.757615	  93.74241	  93.72784	 93.713886	 93.700529	 93.687749	 93.675527	 93.663845	 93.652684	 93.642027	 93.631854	 93.622149	 93.612896	 93.604076	 93.595675	 93.587675	 93.580062	  93.57282	 93.565935	 93.559392	 93.553177	 93.547277	 93.541678	 93.536368	 93.531334	 93.526563	 93.522046	 93.517769	 93.513723	 93.509896	 93.506279	 93.502861	 93.499634	 93.496588	 93.493715	 93.491005	 93.488451	 93.486045	 93.483779	 93.481647	 93.479642	 93.477756	 93.475984	  93.47432	 93.472757	  93.47129	 93.469915	 93.468625	 93.467417	 93.466286	 93.465226	 93.464235	 93.463308	 93.462442	 93.461632	 93.460876	  93.46017	 93.459512	 93.458898	 93.458326	 93.457793	 93.457296	 93.456834	 93.456405	 93.456005	 93.455634	 93.455289	 93.454969	 93.454671	 93.454396	  93.45414	 93.453904	 93.453684	 93.453481	 93.453294	  93.45312	 93.452959	 93.452811	 93.452674	 93.452548	 93.452431	 93.452324	 93.452225	 93.452134	  93.45205	 93.451973	 93.451902	 93.451837	 93.451777	 93.451722	 93.451672	 93.451626	 93.451584	 93.451546	 93.451511	 93.451479	  93.45145	 93.451424	   93.4514	 93.451378	 93.451359	 93.451341	 93.451326	 93.451312	   93.4513	  93.45129	 93.451281	 93.451273	 93.451267	 93.451262	 93.451258	 93.451256	 93.451255	
        99	 98.878146	 98.756352	 98.634675	 98.513176	 98.391913	 98.270944	 98.150326	 98.030118	 97.910376	 97.791157	 97.672514	 97.554504	  97.43718	 97.320594	 97.204798	 97.089842	 96.975776	 96.862648	 96.750504	  96.63939	  96.52935	 96.420427	 96.312661	 96.206092	 96.100758	 95.996695	 95.893937	 95.792519	 95.692469	 95.593819	 95.496595	 95.400825	  95.30653	 95.213735	 95.122459	 95.032722	  94.94454	 94.857927	 94.772899	 94.689465	 94.607637	 94.527421	 94.448825	 94.371853	 94.296509	 94.222792	 94.150704	 94.080243	 94.011405	 93.944185	 93.878578	 93.814576	  93.75217	 93.691349	 93.632102	 93.574416	 93.518278	 93.463672	 93.410583	 93.358993	 93.308885	 93.260239	 93.213035	 93.167254	 93.122873	 93.079871	 93.038226	 92.997913	  92.95891	 92.921192	 92.884734	 92.849512	 92.815499	 92.782671	 92.751002	 92.720465	 92.691035	 92.662684	 92.635387	 92.609117	 92.583848	 92.559554	 92.536208	 92.513783	 92.492255	 92.471598	 92.451785	 92.432791	 92.414592	 92.397163	 92.380479	 92.364515	 92.349249	 92.334657	 92.320716	 92.307404	 92.294697	 92.282575	 92.271017	     92.26	 92.249506	 92.239514	 92.230005	 92.220959	 92.212359	 92.204186	 92.196423	 92.189053	 92.182059	 92.175426	 92.169138	  92.16318	 92.157537	 92.152195	 92.147141	 92.142361	 92.137843	 92.133574	 92.129543	 92.125738	 92.122149	 92.118764	 92.115574	 92.112569	 92.109739	 92.107076	 92.104571	 92.102215	 92.100002	 92.097923	 92.095971	 92.094139	 92.092421	  92.09081	 92.089301	 92.087887	 92.086564	 92.085326	 92.084168	 92.083086	 92.082075	  92.08113	 92.080249	 92.079426	 92.078659	 92.077945	 92.077279	 92.076659	 92.076082	 92.075545	 92.075046	 92.074582	 92.074151	 92.073751	  92.07338	 92.073036	 92.072717	 92.072421	 92.072147	 92.071894	 92.071659	 92.071442	 92.071242	 92.071056	 92.070885	 92.070728	 92.070582	 92.070448	 92.070324	  92.07021	 92.070106	 92.070009	 92.069921	  92.06984	 92.069765	 92.069697	 92.069634	 92.069576	 92.069524	 92.069476	 92.069432	 92.069392	 92.069356	 92.069323	 92.069294	 92.069267	 92.069243	 92.069221	 92.069202	 92.069184	 92.069169	 92.069156	 92.069145	 92.069136	 92.069128	 92.069122	 92.069117	 92.069114	 92.069112	
        99	 98.853905	 98.707882	    98.562	  98.41633	 98.270944	 98.125909	 97.981297	 97.837176	 97.693613	 97.550676	 97.408432	 97.266946	 97.126282	 96.986502	  96.84767	 96.709846	 96.573088	 96.437455	 96.303002	 96.169784	 96.037854	 95.907262	 95.778058	 95.650288	    95.524	 95.399235	 95.276035	 95.154441	 95.034488	 94.916213	 94.799649	 94.684825	 94.571773	 94.460518	 94.351084	 94.243495	  94.13777	 94.033928	 93.931984	 93.831953	 93.733846	 93.637673	 93.543441	 93.451157	 93.360823	 93.272442	 93.186014	 93.101535	 93.019003	 92.938411	 92.859753	 92.783018	 92.708197	 92.635276	 92.564243	 92.495082	 92.427776	 92.362308	 92.298657	 92.236804	 92.176727	 92.118404	  92.06181	 92.006921	 91.953712	 91.902155	 91.852225	 91.803893	 91.757131	 91.711909	 91.668199	 91.625969	 91.585191	 91.545832	 91.507863	 91.471251	 91.435966	 91.401975	 91.369248	 91.337752	 91.307457	 91.278329	 91.250338	 91.223453	 91.197643	 91.172875	 91.149121	 91.126349	  91.10453	 91.083633	  91.06363	 91.044491	 91.026188	 91.008693	 90.991979	 90.976018	 90.960784	  90.94625	 90.932392	 90.919184	 90.906602	 90.894622	 90.883221	 90.872376	 90.862065	 90.852266	 90.842959	 90.834123	 90.825738	 90.817785	 90.810246	 90.803103	 90.796337	 90.789933	 90.783873	 90.778142	 90.772725	 90.767607	 90.762774	 90.758213	 90.753909	 90.749851	 90.746026	 90.742423	  90.73903	 90.735838	 90.732834	  90.73001	 90.727356	 90.724864	 90.722523	 90.720327	 90.718267	 90.716336	 90.714527	 90.712832	 90.711246	 90.709761	 90.708373	 90.707075	 90.705863	 90.704731	 90.703674	 90.702688	 90.701768	 90.700911	 90.700113	  90.69937	 90.698678	 90.698034	 90.697436	  90.69688	 90.696363	 90.695884	 90.695439	 90.695026	 90.694643	 90.694289	 90.693961	 90.693657	 90.693375	 90.693115	 90.692875	 90.692653	 90.692448	 90.692259	 90.692084	 90.691923	 90.691775	 90.691639	 90.691513	 90.691398	 90.691291	 90.691194	 90.691104	 90.691022	 90.690947	 90.690878	 90.690815	 90.690758	 90.690706	 90.690658	 90.690614	 90.690575	 90.690539	 90.690507	 90.690478	 90.690452	 90.690429	 90.690408	  90.69039	 90.690375	 90.690361	  90.69035	  90.69034	 90.690333	 90.690328	 90.690324	 90.690322	
        99	 98.829735	 98.659553	 98.489536	 98.319766	 98.150326	 97.981297	  97.81276	 97.644794	  97.47748	 97.310896	 97.145118	 96.980224	 96.816288	 96.653383	 96.491582	 96.330956	 96.171573	   96.0135	 95.856803	 95.701544	 95.547787	 95.395589	 95.245009	 95.096102	 94.948919	 94.803513	 94.659931	  94.51822	 94.378422	 94.240579	 94.104729	  93.97091	 93.839153	 93.709492	 93.581953	 93.456564	 93.333347	 93.212325	 93.093516	 92.976935	 92.862597	 92.750513	 92.640691	 92.533139	 92.427861	 92.324858	  92.22413	 92.125675	 92.029488	 91.935563	 91.843891	 91.754461	 91.667261	 91.582277	 91.499492	 91.418888	 91.340447	 91.264147	 91.189966	  91.11788	 91.047864	 90.979891	 90.913934	 90.849964	 90.787952	 90.727866	 90.669675	 90.613347	 90.558848	 90.506145	 90.455203	 90.405987	 90.358462	 90.312592	 90.268341	 90.225672	 90.184549	 90.144935	 90.106793	 90.070087	 90.034779	 90.000832	 89.968211	 89.936877	 89.906797	 89.877932	 89.850247	 89.823708	 89.798279	 89.773925	 89.750612	 89.728307	 89.706976	 89.686587	 89.667107	 89.648505	 89.630751	 89.613813	 89.597662	 89.582269	 89.567606	 89.553644	 89.540356	 89.527717	   89.5157	  89.50428	 89.493433	 89.483135	 89.473363	 89.464095	 89.455308	 89.446983	 89.439098	 89.431634	 89.424571	 89.417893	 89.411579	 89.405615	 89.399982	 89.394666	  89.38965	 89.384921	 89.380463	 89.376264	  89.37231	 89.368589	 89.365089	 89.361798	 89.358705	   89.3558	 89.353072	 89.350513	 89.348112	 89.345861	 89.343753	 89.341777	 89.339928	 89.338198	 89.336581	 89.335068	 89.333655	 89.332336	 89.331104	 89.329955	 89.328883	 89.327885	 89.326954	 89.326088	 89.325282	 89.324532	 89.323834	 89.323186	 89.322584	 89.322025	 89.321507	 89.321026	  89.32058	 89.320167	 89.319784	  89.31943	 89.319102	 89.318799	 89.318519	  89.31826	 89.318021	   89.3178	 89.317597	 89.317409	 89.317237	 89.317078	 89.316931	 89.316797	 89.316673	 89.316559	 89.316455	  89.31636	 89.316272	 89.316192	 89.316118	 89.316051	  89.31599	 89.315935	 89.315884	 89.315838	 89.315796	 89.315759	 89.315725	 89.315695	 89.315668	 89.315644	 89.315623	 89.315605	 89.315589	 89.315576	 89.315565	 89.315556	  89.31555	 89.315546	 89.315543	
        99	 98.805647	 98.611388	 98.417318	  98.22353	 98.030118	 97.837176	 97.644794	 97.453066	 97.262081	 97.071929	 96.882698	 96.694475	 96.507346	 96.321394	 96.136703	 95.953352	 95.771419	 95.590983	 95.412117	 95.234894	 95.059383	 94.885654	  94.71377	 94.543796	 94.375791	 94.209813	 94.045918	 93.884157	 93.724582	 93.567237	 93.412168	 93.259416	  93.10902	 92.961014	 92.815432	 92.672303	 92.531655	 92.393511	 92.257893	 92.124819	 91.994305	 91.866363	 91.741005	 91.618237	 91.498064	 91.380488	  91.26551	 91.153126	 91.043332	 90.936118	 90.831477	 90.729395	 90.629858	 90.532851	 90.438354	 90.346347	 90.256808	 90.169714	 90.085038	 90.002753	 89.922832	 89.845242	 89.769954	 89.696934	 89.626148	 89.557562	 89.491138	 89.426841	 89.364632	 89.304472	 89.246323	 89.190144	 89.135896	 89.083536	 89.033025	 88.984319	 88.937378	  88.89216	 88.848622	 88.806723	 88.766419	  88.72767	 88.690434	 88.654668	 88.620331	 88.587383	 88.555782	 88.525488	 88.496461	 88.468661	  88.44205	 88.416589	 88.392241	 88.368967	 88.346731	 88.325498	 88.305232	 88.285898	 88.267462	 88.249891	 88.233153	 88.217216	 88.202049	 88.187621	 88.173904	 88.160868	 88.148487	 88.136732	 88.125577	 88.114998	 88.104968	 88.095465	 88.086464	 88.077944	 88.069883	 88.062259	 88.055053	 88.048244	 88.041815	 88.035746	 88.030021	 88.024623	 88.019535	 88.014741	 88.010228	  88.00598	 88.001985	 87.998228	 87.994698	 87.991382	 87.988268	 87.985347	 87.982606	 87.980037	  87.97763	 87.975376	 87.973265	  87.97129	 87.969444	 87.967717	 87.966104	 87.964598	 87.963192	  87.96188	 87.960657	 87.959517	 87.958455	 87.957466	 87.956546	  87.95569	 87.954894	 87.954154	 87.953467	 87.952829	 87.952237	 87.951688	 87.951179	 87.950707	  87.95027	 87.949866	 87.949492	 87.949146	 87.948826	 87.948531	 87.948258	 87.948006	 87.947774	  87.94756	 87.947363	 87.947181	 87.947014	 87.946861	  87.94672	  87.94659	 87.946471	 87.946362	 87.946262	  87.94617	 87.946086	  87.94601	  87.94594	 87.945877	 87.945819	 87.945766	 87.945719	 87.945676	 87.945638	 87.945603	 87.945572	 87.945545	 87.945521	   87.9455	 87.945482	 87.945467	 87.945455	 87.945445	 87.945437	 87.945433	  87.94543	
        99	 98.781652	  98.56341	  98.34538	 98.127667	 97.910376	 97.693613	  97.47748	 97.262081	 97.047517	 96.833889	 96.621295	 96.409834	 96.199602	 95.990693	 95.783199	 95.577211	 95.372818	 95.170105	 94.969156	 94.770052	 94.572873	 94.377695	 94.184591	 93.993631	 93.804884	 93.618415	 93.434285	 93.252554	 93.073277	 92.896506	 92.722293	 92.550682	 92.381717	 92.215439	 92.051883	 91.891084	 91.733071	 91.577872	  91.42551	 91.276007	 91.129379	 90.985642	 90.844807	 90.706882	 90.571872	 90.439781	 90.310607	 90.184349	 90.060999	 89.940549	 89.822988	 89.708303	 89.596478	 89.487494	  89.38133	 89.277964	 89.177371	 89.079524	 88.984394	  88.89195	 88.802161	 88.714993	  88.63041	 88.548374	 88.468849	 88.391795	 88.317171	 88.244935	 88.175046	 88.107459	 88.042131	 87.979016	  87.91807	 87.859246	 87.802499	  87.74778	 87.695044	 87.644243	  87.59533	 87.548257	 87.502978	 87.459445	 87.417611	  87.37743	 87.338854	 87.301838	 87.266335	 87.232301	  87.19969	 87.168459	 87.138562	 87.109958	 87.082603	 87.056456	 87.031475	 87.007621	 86.984852	 86.963131	 86.942419	 86.922679	 86.903875	  86.88597	  86.86893	 86.852721	 86.837311	 86.822666	 86.808756	 86.795549	 86.783018	 86.771132	 86.759864	 86.749187	 86.739076	 86.729504	 86.720447	 86.711882	 86.703786	 86.696137	 86.688914	 86.682096	 86.675664	 86.669599	 86.663883	 86.658498	 86.653427	 86.648655	 86.644166	 86.639946	  86.63598	 86.632254	 86.628756	 86.625474	 86.622395	 86.619509	 86.616805	 86.614272	 86.611901	 86.609682	 86.607608	 86.605668	 86.603856	 86.602164	 86.600584	 86.599111	 86.597737	 86.596456	 86.595263	 86.594152	 86.593118	 86.592156	 86.591262	 86.590431	 86.589659	 86.588942	 86.588277	  86.58766	 86.587088	 86.586558	 86.586067	 86.585613	 86.585193	 86.584804	 86.584445	 86.584113	 86.583807	 86.583524	 86.583263	 86.583022	 86.582801	 86.582597	 86.582409	 86.582237	 86.582078	 86.581932	 86.581799	 86.581676	 86.581564	 86.581461	 86.581367	 86.581281	 86.581202	 86.581131	 86.581066	 86.581007	 86.580954	 86.580906	 86.580862	 86.580824	 86.580789	 86.580758	 86.580731	 86.580708	 86.580688	 86.580671	 86.580657	 86.580646	 86.580638	 86.580632	  86.58063	
        99	 98.757762	 98.515641	 98.273755	 98.032222	 97.791157	 97.550676	 97.310896	 97.071929	 96.833889	 96.596886	 96.361032	 96.126435	   95.8932	 95.661433	 95.431237	 95.202711	 94.975954	 94.751062	 94.528126	 94.307238	 94.088485	 93.871952	 93.657719	 93.445866	 93.236467	 93.029596	  92.82532	 92.623704	 92.424812	 92.228701	 92.035426	 91.845038	 91.657587	 91.473115	 91.291664	 91.113271	 90.937969	 90.765789	 90.596757	 90.430896	 90.268225	 90.108762	 89.952517	 89.799501	  89.64972	 89.503176	 89.359869	 89.219796	  89.08295	 88.949321	 88.818898	 88.691665	 88.567604	 88.446695	 88.328916	  88.21424	 88.102641	 87.994088	 87.888549	 87.785991	 87.686378	 87.589673	 87.495835	 87.404824	 87.316598	 87.231112	 87.148323	 87.068184	 86.990648	 86.915666	  86.84319	  86.77317	 86.705556	 86.640296	 86.577339	 86.516633	 86.458127	 86.401768	 86.347503	  86.29528	 86.245047	 86.196751	  86.15034	 86.105762	 86.062965	 86.021899	 85.982512	 85.944754	 85.908575	 85.873926	 85.840759	 85.809025	 85.778677	 85.749669	 85.721955	  85.69549	 85.670231	 85.646133	 85.623155	 85.601255	 85.580393	 85.560529	 85.541625	 85.523643	 85.506546	 85.490299	 85.474867	 85.460216	 85.446313	 85.433127	 85.420626	 85.408781	 85.397563	 85.386944	 85.376896	 85.367394	 85.358412	 85.349927	 85.341913	 85.334349	 85.327214	 85.320485	 85.314143	 85.308169	 85.302544	  85.29725	 85.292269	 85.287587	 85.283187	 85.279054	 85.275173	 85.271532	 85.268116	 85.264915	 85.261914	 85.259104	 85.256474	 85.254012	 85.251711	 85.249559	 85.247549	 85.245671	 85.243919	 85.242284	  85.24076	 85.239339	 85.238015	 85.236783	 85.235635	 85.234568	 85.233576	 85.232654	 85.231798	 85.231003	 85.230265	  85.22958	 85.228946	 85.228358	 85.227814	  85.22731	 85.226843	 85.226412	 85.226014	 85.225645	 85.225305	 85.224992	 85.224702	 85.224436	  85.22419	 85.223964	 85.223755	 85.223564	 85.223388	 85.223226	 85.223078	 85.222942	 85.222817	 85.222703	 85.222599	 85.222503	 85.222416	 85.222337	 85.222265	   85.2222	 85.222141	 85.222087	 85.222039	 85.221996	 85.221958	 85.221924	 85.221894	 85.221868	 85.221845	 85.221827	 85.221811	 85.221799	  85.22179	 85.221784	 85.221781	
        99	 98.733987	 98.468103	 98.202478	 97.937239	 97.672514	 97.408432	 97.145118	 96.882698	 96.621295	 96.361032	  96.10203	 95.844408	 95.588283	 95.333769	  95.08098	 94.830026	 94.581014	 94.334049	 94.089233	 93.846666	 93.606444	 93.368658	   93.1334	 92.900754	 92.670804	 92.443629	 92.219304	 91.997902	 91.779489	  91.56413	 91.351886	 91.142813	 90.936964	 90.734387	 90.535128	 90.339226	  90.14672	 89.957641	 89.772019	  89.58988	 89.411244	 89.236129	  89.06455	 88.896516	 88.732035	 88.571108	 88.413736	 88.259916	 88.109639	 87.962895	 87.819671	 87.679951	 87.543714	 87.410939	   87.2816	  87.15567	 87.033117	  86.91391	 86.798014	  86.68539	 86.576001	 86.469804	 86.366756	 86.266813	 86.169928	 86.076053	 85.985138	 85.897134	 85.811988	 85.729647	 85.650058	 85.573166	 85.498915	  85.42725	 85.358114	 85.291451	 85.227203	 85.165312	 85.105721	 85.048373	  84.99321	 84.940173	 84.889207	 84.840254	 84.793257	 84.748161	 84.704908	 84.663444	 84.623715	 84.585665	 84.549243	 84.514394	 84.481068	 84.449213	 84.418779	 84.389717	 84.361978	 84.335515	 84.310282	 84.286233	 84.263323	  84.24151	 84.220751	 84.201004	 84.182229	 84.164387	  84.14744	 84.131351	 84.116084	 84.101603	 84.087876	 84.074869	  84.06255	 84.050888	 84.039854	  84.02942	 84.019556	 84.010238	 84.001438	 83.993132	 83.985296	 83.977906	 83.970942	 83.964382	 83.958204	 83.952391	 83.946922	  83.94178	 83.936948	 83.932409	 83.928148	 83.924149	 83.920398	 83.916882	 83.913587	 83.910502	 83.907613	  83.90491	 83.902382	 83.900019	 83.897812	  83.89575	 83.893826	 83.892031	 83.890356	 83.888796	 83.887343	 83.885989	 83.884729	 83.883558	 83.882468	 83.881456	 83.880515	 83.879642	 83.878832	  83.87808	 83.877383	 83.876738	  83.87614	 83.875586	 83.875074	 83.874601	 83.874163	 83.873759	 83.873386	 83.873041	 83.872723	  83.87243	 83.872161	 83.871912	 83.871683	 83.871473	  83.87128	 83.871102	 83.870939	  83.87079	 83.870653	 83.870528	 83.870413	 83.870309	 83.870213	 83.870126	 83.870047	 83.869975	  83.86991	 83.869852	 83.869799	 83.869752	 83.869709	 83.869672	 83.869639	 83.869611	 83.869586	 83.869565	 83.869548	 83.869535	 83.869525	 83.869518	 83.869515	
        99	 98.710339	 98.420819	  98.13158	 97.842762	 97.554504	 97.266946	 96.980224	 96.694475	 96.409834	 96.126435	 95.844408	 95.563884	 95.284989	  95.00785	 94.732589	 94.459325	 94.188177	 93.919257	 93.652678	 93.388548	  93.12697	 92.868046	 92.611874	 92.358547	 92.108155	 91.860784	 91.616518	 91.375433	 91.137603	   90.9031	 90.671988	 90.444329	 90.220181	 89.999595	 89.782622	 89.569305	 89.359685	 89.153798	 88.951675	 88.753344	 88.558827	 88.368146	 88.181314	 87.998342	 87.819238	 87.644006	 87.472644	 87.305149	 87.141513	 86.981724	 86.825768	 86.673627	  86.52528	 86.380701	 86.239864	 86.102739	 85.969292	 85.839488	 85.713288	 85.590653	 85.471539	 85.355901	 85.243693	 85.134865	 85.029367	 84.927147	  84.82815	 84.732322	 84.639607	 84.549946	 84.463282	 84.379554	 84.298703	 84.220667	 84.145385	 84.072796	 84.002836	 83.935443	 83.870555	 83.808109	 83.748042	 83.690291	 83.634794	 83.581489	 83.530314	 83.481208	 83.434111	 83.388961	   83.3457	 83.304268	 83.264607	 83.226661	 83.190372	 83.155685	 83.122546	   83.0909	 83.060695	  83.03188	 83.004404	 82.978217	  82.95327	 82.929518	 82.906913	 82.885411	 82.864967	 82.845539	 82.827086	 82.809566	 82.792942	 82.777174	 82.762226	 82.748063	 82.734648	  82.72195	 82.709936	 82.698573	 82.687833	 82.677686	 82.668104	 82.659059	 82.650527	 82.642481	 82.634897	 82.627754	 82.621027	 82.614697	 82.608742	 82.603143	 82.597881	 82.592939	 82.588298	 82.583944	  82.57986	 82.576031	 82.572444	 82.569084	 82.565938	 82.562995	 82.560243	  82.55767	 82.555266	 82.553021	 82.550926	 82.548971	 82.547148	 82.545449	 82.543866	 82.542392	  82.54102	 82.539745	 82.538558	 82.537456	 82.536432	 82.535481	 82.534598	  82.53378	 82.533021	 82.532318	 82.531667	 82.531065	 82.530507	 82.529992	 82.529515	 82.529075	 82.528668	 82.528293	 82.527947	 82.527628	 82.527334	 82.527064	 82.526815	 82.526586	 82.526375	 82.526182	 82.526005	 82.525842	 82.525693	 82.525556	 82.525432	 82.525318	 82.525214	 82.525119	 82.525033	 82.524955	 82.524884	  82.52482	 82.524763	 82.524711	 82.524665	 82.524625	 82.524589	 82.524558	 82.524531	 82.524508	  82.52449	 82.524475	 82.524464	 82.524457	 82.524454	
        99	 98.686829	  98.37381	 98.061094	 97.748834	  97.43718	 97.126282	 96.816288	 96.507346	 96.199602	   95.8932	 95.588283	 95.284989	 94.983459	 94.683825	 94.386222	 94.090779	 93.797623	 93.506876	  93.21866	 92.933091	 92.650282	 92.370343	 92.093378	  91.81949	 91.548775	 91.281326	 91.017233	 90.756581	 90.499448	 90.245911	 89.996041	 89.749904	 89.507562	 89.269073	 89.034489	 88.803858	 88.577224	 88.354626	 88.136097	 87.921668	 87.711364	 87.505206	 87.303209	 87.105387	 86.911746	 86.722291	  86.53702	 86.355931	 86.179013	 86.006255	 85.837641	 85.673151	 85.512762	 85.356449	 85.204181	 85.055926	 84.911647	 84.771308	 84.634865	 84.502276	 84.373494	 84.248471	 84.127155	 84.009494	 83.895433	 83.784916	 83.677885	 83.574279	 83.474038	   83.3771	 83.283402	 83.192878	 83.105465	 83.021095	 82.939703	 82.861222	 82.785584	 82.712721	 82.642566	 82.575051	 82.510109	  82.44767	 82.387669	 82.330037	 82.274709	 82.221618	 82.170697	 82.121883	  82.07511	 82.030316	 81.987436	  81.94641	 81.907175	 81.869673	 81.833844	  81.79963	 81.766974	  81.73582	 81.706113	   81.6778	  81.65083	 81.625149	 81.600709	 81.577462	 81.555359	 81.534354	 81.514403	 81.495462	 81.477488	  81.46044	 81.444279	 81.428966	 81.414463	 81.400734	 81.387744	  81.37546	 81.363848	 81.352877	 81.342517	 81.332739	 81.323513	 81.314814	 81.306616	 81.298892	  81.29162	 81.284775	 81.278337	 81.272284	 81.266595	 81.261251	 81.256235	 81.251527	 81.247111	 81.242972	 81.239093	  81.23546	 81.232059	 81.228877	 81.225902	  81.22312	 81.220521	 81.218094	 81.215828	 81.213715	 81.211744	 81.209907	 81.208196	 81.206602	 81.205119	  81.20374	 81.202457	 81.201265	 81.200158	  81.19913	 81.198176	 81.197291	 81.196471	 81.195711	 81.195007	 81.194355	 81.193753	 81.193195	  81.19268	 81.192204	 81.191764	 81.191359	 81.190985	  81.19064	 81.190322	  81.19003	  81.18976	 81.189513	 81.189285	 81.189076	 81.188885	 81.188709	 81.188547	   81.1884	 81.188265	 81.188142	 81.188029	 81.187927	 81.187834	  81.18775	 81.187673	 81.187604	 81.187542	 81.187486	 81.187437	 81.187393	 81.187354	  81.18732	 81.187291	 81.187267	 81.187247	 81.187231	 81.187219	 81.187212	 81.187208	
        99	 98.663466	 98.327096	 97.991052	 97.655497	 97.320594	 96.986502	 96.653383	 96.321394	 95.990693	 95.661433	 95.333769	  95.00785	 94.683825	  94.36184	 94.042035	 93.724552	 93.409526	  93.09709	 92.787373	 92.480501	 92.176595	 91.875772	 91.578145	 91.283825	 90.992915	 90.705515	  90.42172	 90.141623	 89.865308	 89.592857	 89.324347	 89.059848	 88.799428	 88.543147	 88.291063	 88.043228	 87.799687	 87.560483	 87.325652	 87.095227	 86.869234	 86.647696	 86.430631	 86.218051	 86.009965	 85.806376	 85.607285	 85.412685	  85.22257	 85.036924	 84.855731	  84.67897	 84.506617	 84.338643	 84.175016	 84.015701	 83.860659	  83.70985	 83.563229	 83.420749	  83.28236	  83.14801	 83.017644	 82.891205	 82.768636	 82.649874	 82.534858	 82.423523	 82.315805	 82.211635	 82.110947	  82.01367	 81.919736	 81.829072	 81.741608	 81.657272	 81.575991	 81.497693	 81.422305	 81.349754	 81.279966	  81.21287	 81.148393	 81.086462	 81.027006	 80.969954	 80.915235	 80.862779	 80.812517	 80.764381	 80.718302	 80.674215	 80.632054	 80.591755	 80.553253	 80.516486	 80.481394	 80.447915	 80.415993	 80.385568	 80.356585	 80.328989	 80.302726	 80.277744	 80.253992	 80.231421	 80.209981	 80.189627	 80.170312	 80.151993	 80.134626	 80.118171	 80.102586	 80.087833	 80.073874	 80.060673	 80.048195	 80.036406	 80.025273	 80.014765	 80.004851	 79.995504	 79.986693	 79.978393	 79.970578	 79.963223	 79.956305	   79.9498	 79.943687	 79.937945	 79.932554	 79.927495	  79.92275	 79.918301	 79.914133	 79.910229	 79.906575	 79.903156	 79.899958	 79.896968	 79.894176	 79.891567	 79.889133	 79.886862	 79.884744	  79.88277	 79.880931	 79.879219	 79.877625	 79.876143	 79.874764	 79.873483	 79.872294	 79.871189	 79.870164	 79.869213	 79.868332	 79.867515	 79.866759	 79.866058	 79.865411	 79.864811	 79.864258	 79.863746	 79.863274	 79.862838	 79.862436	 79.862066	 79.861724	  79.86141	 79.861121	 79.860854	  79.86061	 79.860385	 79.860179	  79.85999	 79.859817	 79.859659	 79.859514	 79.859381	  79.85926	  79.85915	  79.85905	  79.85896	 79.858877	 79.858803	 79.858736	 79.858677	 79.858623	 79.858576	 79.858534	 79.858498	 79.858467	 79.858441	  79.85842	 79.858403	  79.85839	 79.858382	 79.858377	
        99	 98.640262	 98.280699	 97.921484	 97.562793	 97.204798	  96.84767	 96.491582	 96.136703	 95.783199	 95.431237	  95.08098	 94.732589	 94.386222	 94.042035	  93.70018	 93.360807	 93.024059	 92.690081	 92.359009	 92.030977	 91.706116	 91.384551	 91.066404	 90.751789	 90.440821	 90.133604	 89.830242	 89.530832	 89.235465	 88.944229	 88.657204	 88.374468	 88.096092	 87.822141	 87.552675	 87.287751	 87.027418	 86.771721	 86.520698	 86.274385	  86.03281	 85.795997	 85.563965	 85.336727	 85.114293	 84.896667	 84.683848	 84.475831	 84.272607	 84.074161	 83.880475	 83.691526	 83.507289	 83.327733	 83.152823	 82.982523	 82.816792	 82.655585	 82.498854	  82.34655	 82.198618	 82.055005	  81.91565	 81.780494	 81.649473	 81.522522	 81.399576	 81.280565	 81.165419	 81.054067	 80.946436	 80.842452	 80.742041	 80.645126	 80.551631	  80.46148	 80.374595	 80.290898	 80.210312	 80.132758	 80.058159	 79.986436	 79.917513	 79.851312	 79.787757	 79.726771	 79.668279	 79.612206	 79.558479	 79.507023	 79.457768	 79.410641	 79.365573	 79.322495	 79.281338	 79.242036	 79.204524	 79.168738	 79.134614	 79.102091	  79.07111	 79.041611	 79.013538	 78.986833	 78.961443	 78.937315	 78.914398	  78.89264	 78.871993	 78.852411	 78.833847	 78.816257	 78.799597	 78.783827	 78.768906	 78.754795	 78.741456	 78.728854	 78.716954	 78.705721	 78.695124	 78.685132	 78.675714	 78.666842	 78.658488	 78.650626	  78.64323	 78.636277	 78.629742	 78.623604	 78.617841	 78.612434	 78.607362	 78.602607	 78.598151	 78.593978	 78.590072	 78.586416	 78.582998	 78.579803	 78.576817	 78.574029	 78.571427	 78.568999	 78.566735	 78.564625	 78.562659	 78.560829	 78.559126	 78.557541	 78.556068	 78.554698	 78.553426	 78.552246	  78.55115	 78.550134	 78.549191	 78.548318	  78.54751	 78.546761	 78.546069	 78.545428	 78.544837	  78.54429	 78.543785	 78.543319	 78.542889	 78.542493	 78.542128	 78.541792	 78.541483	 78.541199	 78.540937	 78.540697	 78.540477	 78.540275	  78.54009	  78.53992	 78.539765	 78.539624	 78.539495	 78.539377	  78.53927	 78.539173	 78.539085	 78.539006	 78.538935	 78.538871	 78.538814	 78.538763	 78.538719	  78.53868	 78.538647	 78.538619	 78.538596	 78.538578	 78.538564	 78.538555	 78.538551	
        99	 98.617226	 98.234638	 97.852422	 97.470761	 97.089842	 96.709846	 96.330956	 95.953352	 95.577211	 95.202711	 94.830026	 94.459325	 94.090779	 93.724552	 93.360807	 92.999701	  92.64139	 92.286025	 91.933753	 91.584716	 91.239053	 90.896896	 90.558376	 90.223615	 89.892734	 89.565845	 89.243057	 88.924474	 88.610194	 88.300308	 87.994904	 87.694063	  87.39786	 87.106367	 86.819646	 86.537758	 86.260754	 85.988683	 85.721587	 85.459501	 85.202456	 84.950479	 84.703589	   84.4618	 84.225122	 83.993561	 83.767114	 83.545777	 83.329539	 83.118385	 82.912296	 82.711249	 82.515214	  82.32416	  82.13805	 81.956845	 81.780501	 81.608971	 81.442204	 81.280147	 81.122743	 80.969933	 80.821654	 80.677843	 80.538433	 80.403353	 80.272534	 80.145902	 80.023382	   79.9049	 79.790377	 79.679734	 79.572893	 79.469772	 79.370291	 79.274367	 79.181918	 79.092862	 79.007115	 78.924595	 78.845219	 78.768904	 78.695567	 78.625127	 78.557502	 78.492611	 78.430373	  78.37071	 78.313542	 78.258792	 78.206382	 78.156238	 78.108284	 78.062447	 78.018654	 77.976836	 77.936922	 77.898844	 77.862535	  77.82793	 77.794965	 77.763577	 77.733706	 77.705291	 77.678276	 77.652603	 77.628217	 77.605066	 77.583098	 77.562262	 77.542509	 77.523792	 77.506066	 77.489286	 77.473409	 77.458394	 77.444202	 77.430793	  77.41813	 77.406178	 77.394903	 77.384271	  77.37425	 77.364809	 77.355921	 77.347555	 77.339686	 77.332287	 77.325334	 77.318803	 77.312671	 77.306917	  77.30152	 77.296461	  77.29172	  77.28728	 77.283123	 77.279234	 77.275597	 77.272197	  77.26902	 77.266054	 77.263285	 77.260701	 77.258293	 77.256047	 77.253956	 77.252008	 77.250196	 77.248509	 77.246942	 77.245485	 77.244131	 77.242875	 77.241709	 77.240628	 77.239625	 77.238696	 77.237836	  77.23704	 77.236303	 77.235621	 77.234992	  77.23441	 77.233873	 77.233377	  77.23292	 77.232498	  77.23211	 77.231752	 77.231423	 77.231121	 77.230843	 77.230587	 77.230353	 77.230138	 77.229941	  77.22976	 77.229596	 77.229445	 77.229308	 77.229182	 77.229069	 77.228965	 77.228872	 77.228788	 77.228712	 77.228644	 77.228583	 77.228529	 77.228482	 77.228441	 77.228405	 77.228376	 77.228351	 77.228332	 77.228317	 77.228308	 77.228303	
        99	 98.594369	 98.188934	 97.783893	 97.379442	 96.975776	 96.573088	 96.171573	 95.771419	 95.372818	 94.975954	 94.581014	 94.188177	 93.797623	 93.409526	 93.024059	  92.64139	 92.261683	 91.885097	 91.511789	 91.141909	 90.775604	 90.413016	  90.05428	 89.699529	 89.348889	  89.00248	 88.660417	 88.322809	 87.989761	  87.66137	 87.337729	 87.018923	 86.705033	 86.396133	  86.09229	 85.793569	 85.500024	 85.211706	  84.92866	 84.650923	 84.378529	 84.111505	 83.849872	 83.593644	 83.342834	 83.097444	 82.857475	  82.62292	  82.39377	 82.170007	 81.951612	 81.738558	 81.530817	 81.328354	 81.131131	 80.939105	  80.75223	 80.570457	 80.393732	 80.221997	 80.055194	 79.893259	 79.736126	 79.583727	 79.435991	 79.292846	 79.154214	  79.02002	 78.890185	 78.764627	 78.643265	 78.526016	 78.412794	 78.303516	 78.198094	 78.096442	 77.998472	 77.904098	 77.813231	 77.725783	 77.641667	 77.560794	 77.483079	 77.408432	 77.336769	 77.268003	 77.202049	 77.138823	 77.078241	 77.020221	 76.964682	 76.911543	 76.860725	 76.812151	 76.765744	 76.721428	 76.679131	 76.638779	 76.600302	  76.56363	 76.528697	 76.495435	 76.463779	 76.433668	 76.405039	 76.377833	 76.351992	 76.327458	 76.304178	 76.282097	 76.261165	 76.241331	 76.222546	 76.204764	 76.187939	 76.172028	 76.156988	 76.142778	 76.129359	 76.116694	 76.104745	 76.093478	 76.082858	 76.072854	 76.063435	  76.05457	 76.046231	  76.03839	 76.031022	 76.024101	 76.017603	 76.011505	 76.005786	 76.000425	   75.9954	 75.990695	  75.98629	 75.982169	 75.978314	 75.974711	 75.971345	 75.968201	 75.965267	  75.96253	 75.959977	 75.957598	 75.955381	 75.953317	 75.951396	  75.94961	 75.947948	 75.946404	  75.94497	 75.943639	 75.942403	 75.941257	 75.940195	  75.93921	 75.938299	 75.937455	 75.936674	 75.935952	 75.935285	 75.934668	 75.934099	 75.933573	 75.933089	 75.932642	 75.932231	 75.931852	 75.931503	 75.931183	 75.930888	 75.930617	 75.930369	 75.930141	 75.929932	 75.929741	 75.929566	 75.929407	 75.929261	 75.929129	 75.929008	 75.928899	   75.9288	  75.92871	  75.92863	 75.928557	 75.928493	 75.928436	 75.928386	 75.928343	 75.928305	 75.928274	 75.928248	 75.928227	 75.928212	 75.928202	 75.928197	
