Time step 89:
        99	        99	        99	        99	        99	        99	        99	        99	        99	        99	        99	        99	        99	        99	        99	        99	        99	        99	        99	        99	        99	        99	        99	        99	        99	        99	        99	        99	        99	        99	        99	        99	        99	        99	        99	        99	        99	        99	        99	        99	        99	        99	        99	        99	        99	        99	        99	        99	        99	        99	        99	        99	        99	        99	        99	        99	        99	        99	        99	        99	        99	        99	        99	        99	        99	        99	        99	        99	        99	        99	        99	        99	        99	        99	        99	        99	        99	        99	        99	        99	        99	        99	        99	        99	        99	        99	        99	        99	        99	        99	        99	        99	        99	        99	        99	        99	        99	        99	        99	        99	        99	        99	        99	        99	        99	        99	        99	        99	        99	        99	        99	        99	        99	        99	        99	        99	        99	        99	        99	        99	        99	        99	        99	        99	        99	        99	        99	        99	        99	        99	        99	        99	        99	        99	        99	        99	        99	        99	        99	        99	        99	        99	        99	        99	        99	        99	        99	        99	        99	        99	        99	        99	        99	        99	        99	        99	        99	        99	        99	        99	        99	        99	        99	        99	        99	        99	        99	        99	        99	        99	        99	        99	        99	        99	        99	        99	        99	        99	        99	        99	        99	        99	        99	        99	        99	        99	        99	        99	        99	        99	        99	        99	        99	        99	        99	        99	        99	        99	        99	        99	
        99	 98.992866	 98.985733	 98.978602	 98.971474	  98.96435	 98.957231	 98.950119	 98.943013	 98.935915	 98.928827	 98.921748	 98.914681	 98.907625	 98.900583	 98.893554	 98.886541	 98.879543	 98.872562	 98.865599	 98.858655	 98.851731	 98.844827	 98.837944	 98.831085	 98.824248	 98.817436	 98.810648	 98.803887	 98.797153	 98.790446	 98.783768	 98.777119	   98.7705	 98.763912	 98.757356	 98.750832	 98.744342	 98.737885	 98.731464	 98.725078	 98.718728	 98.712415	 98.706139	 98.699902	 98.693703	 98.687545	 98.681426	 98.675348	 98.669311	 98.663316	 98.657363	 98.651454	 98.645588	 98.639766	 98.633989	 98.628256	 98.622569	 98.616928	 98.611333	 98.605785	 98.600285	 98.594831	 98.589426	 98.584069	  98.57876	   98.5735	 98.568289	 98.563128	 98.558017	 98.552955	 98.547944	 98.542983	 98.538073	 98.533214	 98.528405	 98.523648	 98.518942	 98.514287	 98.509684	 98.505132	 98.500632	 98.496184	 98.491787	 98.487443	  98.48315	 98.478909	 98.474719	 98.470582	 98.466496	 98.462462	  98.45848	 98.454549	  98.45067	 98.446842	 98.443065	  98.43934	 98.435665	 98.432041	 98.428468	 98.424946	 98.421473	 98.418051	 98.414679	 98.411357	 98.408084	  98.40486	 98.401685	 98.398559	 98.395482	 98.392453	 98.389472	 98.386538	 98.383652	 98.380813	 98.378021	 98.375275	 98.372576	 98.369922	 98.367314	 98.364751	 98.362233	  98.35976	  98.35733	 98.354945	 98.352603	 98.350304	 98.348048	 98.345834	 98.343662	 98.341532	 98.339443	 98.337395	 98.335388	 98.333421	 98.331493	 98.329605	 98.327756	 98.325946	 98.324174	  98.32244	 98.320743	 98.319084	 98.317461	 98.315875	 98.314325	  98.31281	 98.311331	 98.309887	 98.308477	 98.307102	  98.30576	 98.304452	 98.303177	 98.301935	 98.300726	 98.299548	 98.298403	 98.297289	 98.296206	 98.295154	 98.294132	 98.293141	  98.29218	 98.291248	 98.290346	 98.289473	 98.288629	 98.287813	 98.287025	 98.286266	 98.285534	  98.28483	 98.284153	 98.283503	  98.28288	 98.282284	 98.281714	  98.28117	 98.280652	 98.280161	 98.279694	 98.279254	 98.278839	 98.278449	 98.278084	 98.277743	 98.277428	 98.277138	 98.276872	  98.27663	 98.276413	  98.27622	 98.276052	 98.275908	 98.275788	 98.275691	 98.275619	 98.275571	 98.275547	
        99	 98.985733	 98.971468	 98.957207	 98.942952	 98.928705	 98.914469	 98.900244	 98.886034	 98.871839	 98.857663	 98.843507	 98.829373	 98.815263	 98.801179	 98.787123	 98.773097	 98.759103	 98.745143	 98.731218	  98.71733	 98.703482	 98.689676	 98.675912	 98.662193	 98.648521	 98.634897	 98.621324	 98.607802	 98.594334	 98.580921	 98.567566	 98.554269	 98.541032	 98.527857	 98.514746	   98.5017	  98.48872	 98.475808	 98.462966	 98.450195	 98.437496	  98.42487	  98.41232	 98.399846	  98.38745	 98.375133	 98.362897	 98.350741	 98.338669	  98.32668	 98.314776	 98.302957	 98.291226	 98.279583	 98.268029	 98.256565	 98.245192	 98.233911	 98.222722	 98.211627	 98.200626	  98.18972	  98.17891	 98.168196	  98.15758	 98.147061	  98.13664	 98.126319	 98.116096	 98.105974	 98.095952	 98.086031	 98.076211	 98.066493	 98.056877	 98.047363	 98.037951	 98.028643	 98.019437	 98.010334	 98.001335	 97.992439	 97.983647	 97.974958	 97.966373	 97.957891	 97.949513	 97.941239	 97.933068	 97.925001	 97.917037	 97.909176	 97.901418	 97.893762	 97.886209	 97.878759	  97.87141	 97.864163	 97.857018	 97.849973	 97.843029	 97.836185	 97.829441	 97.822797	 97.816251	 97.809805	 97.803456	 97.797204	  97.79105	 97.784992	  97.77903	 97.773164	 97.767392	 97.761714	  97.75613	 97.750639	 97.745241	 97.739934	 97.734718	 97.729593	 97.724557	  97.71961	 97.714752	 97.709981	 97.705297	   97.7007	 97.696188	 97.691761	 97.687417	 97.683157	  97.67898	 97.674885	  97.67087	 97.666936	 97.663081	 97.659306	 97.655608	 97.651987	 97.648444	 97.644976	 97.641583	 97.638264	 97.635019	 97.631847	 97.628747	 97.625718	  97.62276	 97.619871	 97.617052	 97.614301	 97.611619	 97.609003	 97.606453	 97.603969	  97.60155	 97.599196	 97.596905	 97.594677	 97.592511	 97.590407	 97.588365	 97.586382	  97.58446	 97.582597	 97.580793	 97.579047	 97.577358	 97.575727	 97.574152	 97.572633	 97.571169	 97.569761	 97.568407	 97.567108	 97.565862	 97.564669	  97.56353	 97.562442	 97.561407	 97.560423	 97.559491	  97.55861	 97.557779	 97.556999	  97.55627	 97.555589	 97.554959	 97.554378	 97.553846	 97.553363	 97.552929	 97.552544	 97.552207	 97.551918	 97.551678	 97.551486	 97.551342	 97.551246	 97.551198	
        99	 98.978602	 98.957207	 98.935818	 98.914438	 98.893071	 98.871718	 98.850384	 98.829071	 98.807782	  98.78652	 98.765288	  98.74409	 98.722928	 98.701804	 98.680723	 98.659686	 98.638697	 98.617759	 98.596874	 98.576046	 98.555276	 98.534568	 98.513925	 98.493349	 98.472844	  98.45241	 98.432052	 98.411772	 98.391573	 98.371456	 98.351425	 98.331482	  98.31163	  98.29187	 98.272205	 98.252638	 98.233171	 98.213805	 98.194544	 98.175389	 98.156343	 98.137407	 98.118584	 98.099876	 98.081284	 98.062811	 98.044458	 98.026227	  98.00812	 97.990139	 97.972285	  97.95456	 97.936965	 97.919503	 97.902174	  97.88498	 97.867922	 97.851002	 97.834221	  97.81758	 97.801081	 97.784724	  97.76851	 97.752442	 97.736519	 97.720742	 97.705113	 97.689633	 97.674301	  97.65912	 97.644089	 97.629209	 97.614481	 97.599905	 97.585483	 97.571213	 97.557098	 97.543136	 97.529329	 97.515677	  97.50218	 97.488837	  97.47565	 97.462619	 97.449743	 97.437022	 97.424457	 97.412047	 97.399792	 97.387692	 97.375747	 97.363957	 97.352321	  97.34084	 97.329512	 97.318337	 97.307315	 97.296446	 97.285729	 97.275163	 97.264749	 97.254484	  97.24437	 97.234404	 97.224587	 97.214918	 97.205396	  97.19602	 97.186789	 97.177704	 97.168762	 97.159963	 97.151306	 97.142791	 97.134416	 97.126181	 97.118084	 97.110125	 97.102302	 97.094614	 97.087062	 97.079643	 97.072356	 97.065201	 97.058176	  97.05128	 97.044513	 97.037873	 97.031359	  97.02497	 97.018704	 97.012562	 97.006541	  97.00064	 96.994859	 96.989196	  96.98365	  96.97822	 96.972905	 96.967704	 96.962615	 96.957638	 96.952771	 96.948013	 96.943363	  96.93882	 96.934384	 96.930052	 96.925824	 96.921698	 96.917674	 96.913751	 96.909927	 96.906201	 96.902574	 96.899042	 96.895606	 96.892265	 96.889017	 96.885861	 96.882798	 96.879825	 96.876941	 96.874147	 96.871441	 96.868822	  96.86629	 96.863843	 96.861481	 96.859202	 96.857008	 96.854896	 96.852865	 96.850916	 96.849047	 96.847259	 96.845549	 96.843918	 96.842366	  96.84089	 96.839492	 96.838171	 96.836925	 96.835755	  96.83466	  96.83364	 96.832695	 96.831823	 96.831026	 96.830301	  96.82965	 96.829072	 96.828567	 96.828134	 96.827774	 96.827485	 96.827269	 96.827125	 96.827053	
        99	 98.971474	 98.942952	 98.914438	 98.885937	 98.857451	 98.828986	 98.800545	 98.772132	 98.743752	 98.715407	 98.687103	 98.658843	 98.630631	 98.602471	 98.574368	 98.546323	 98.518343	  98.49043	 98.462588	 98.434821	 98.407133	 98.379527	 98.352008	 98.324578	 98.297241	 98.270001	 98.242862	 98.215826	 98.188898	 98.162081	 98.135377	 98.108791	 98.082325	 98.055983	 98.029767	 98.003682	  97.97773	 97.951914	 97.926236	 97.900701	  97.87531	 97.850067	 97.824974	 97.800033	 97.775248	 97.750621	 97.726155	 97.701851	 97.677712	 97.653741	  97.62994	  97.60631	 97.582855	 97.559575	 97.536474	 97.513552	 97.490813	 97.468256	 97.445885	 97.423701	 97.401706	   97.3799	 97.358286	 97.336864	 97.315637	 97.294606	  97.27377	 97.253133	 97.232695	 97.212456	 97.192418	 97.172581	 97.152947	 97.133516	 97.114289	 97.095267	 97.076449	 97.057837	  97.03943	  97.02123	 97.003237	  96.98545	  96.96787	 96.950498	 96.933332	 96.916374	 96.899623	 96.883079	 96.866742	 96.850612	 96.834688	 96.818971	 96.803459	 96.788152	 96.773051	 96.758154	 96.743461	 96.728971	 96.714684	 96.700599	 96.686715	 96.673031	 96.659547	 96.646262	 96.633175	 96.620285	  96.60759	 96.595091	 96.582786	 96.570674	 96.558753	 96.547024	 96.535483	 96.524132	 96.512967	 96.501988	 96.491194	 96.480583	 96.470154	 96.459907	 96.449838	 96.439947	 96.430233	 96.420695	  96.41133	 96.402137	 96.393116	 96.384264	  96.37558	 96.367062	  96.35871	 96.350521	 96.342495	 96.334628	 96.326921	 96.319372	 96.311979	  96.30474	 96.297654	  96.29072	 96.283936	 96.277301	 96.270813	  96.26447	 96.258272	 96.252216	 96.246301	 96.240526	 96.234889	 96.229389	 96.224025	 96.218795	 96.213697	 96.208731	 96.203894	 96.199187	 96.194606	 96.190151	 96.185821	 96.181615	 96.177531	 96.173567	 96.169724	 96.165999	 96.162391	   96.1589	 96.155524	 96.152262	 96.149113	 96.146076	  96.14315	 96.140334	 96.137628	 96.135029	 96.132538	 96.130153	 96.127874	   96.1257	  96.12363	 96.121664	   96.1198	 96.118038	 96.116378	 96.114818	 96.113359	 96.111999	 96.110738	 96.109577	 96.108513	 96.107548	  96.10668	 96.105909	 96.105235	 96.104658	 96.104178	 96.103793	 96.103505	 96.103314	 96.103218	
        99	  98.96435	 98.928705	 98.893071	 98.857451	 98.821852	 98.786278	 98.750734	 98.715226	 98.679758	 98.644335	 98.608962	 98.573645	 98.538387	 98.503195	 98.468073	 98.433025	 98.398057	 98.363173	 98.328378	 98.293677	 98.259074	 98.224574	 98.190182	 98.155902	 98.121738	 98.087696	 98.053779	 98.019992	 97.986338	 97.952824	 97.919451	 97.886225	  97.85315	 97.820229	 97.787467	 97.754868	 97.722434	 97.690171	 97.658081	 97.626169	 97.594437	  97.56289	  97.53153	 97.500361	 97.469386	 97.438609	 97.408032	 97.377659	 97.347492	 97.317535	 97.287789	 97.258259	 97.228946	 97.199853	 97.170982	 97.142336	 97.113917	 97.085728	  97.05777	 97.030046	 97.002557	 96.975306	 96.948294	 96.921523	 96.894995	 96.868711	 96.842672	 96.816881	 96.791338	 96.766045	 96.741003	 96.716213	 96.691675	 96.667392	 96.643363	  96.61959	 96.596073	 96.572813	 96.549809	 96.527064	 96.504577	 96.482348	 96.460379	 96.438667	 96.417215	 96.396022	 96.375088	 96.354412	 96.333995	 96.313837	 96.293936	 96.274294	 96.254908	 96.235779	 96.216906	 96.198289	 96.179926	 96.161818	 96.143963	  96.12636	 96.109009	 96.091908	 96.075057	 96.058454	 96.042098	 96.025989	 96.010124	 95.994504	 95.979126	 95.963988	 95.949091	 95.934432	  95.92001	 95.905823	  95.89187	  95.87815	  95.86466	 95.851399	 95.838366	 95.825559	 95.812976	 95.800615	 95.788475	 95.776555	 95.764851	 95.753363	 95.742088	 95.731026	 95.720173	 95.709528	  95.69909	 95.688856	 95.678825	 95.668995	 95.659363	 95.649928	 95.640689	 95.631642	 95.622787	 95.614121	 95.605643	 95.597351	 95.589242	 95.581315	 95.573569	    95.566	 95.558609	 95.551391	 95.544347	 95.537474	  95.53077	 95.524233	 95.517863	 95.511656	 95.505612	 95.499728	 95.494004	 95.488437	 95.483025	 95.477769	 95.472664	 95.467711	 95.462908	 95.458252	 95.453744	 95.449381	 95.445161	 95.441085	 95.437149	 95.433354	 95.429697	 95.426178	 95.422796	 95.419549	 95.416435	 95.413455	 95.410607	  95.40789	 95.405303	 95.402845	 95.400516	 95.398314	 95.396239	  95.39429	 95.392466	 95.390767	 95.389191	  95.38774	 95.386411	 95.385204	 95.384119	 95.383156	 95.382314	 95.381593	 95.380992	 95.380512	 95.380152	 95.379912	 95.379793	
        99	 98.957231	 98.914469	 98.871718	 98.828986	 98.786278	   98.7436	 98.700959	  98.65836	 98.615809	 98.573313	 98.530877	 98.488507	 98.446209	 98.403989	 98.361853	 98.319807	 98.277856	 98.236006	 98.194263	 98.152632	  98.11112	 98.069731	 98.028471	 97.987346	  97.94636	  97.90552	  97.86483	 97.824296	 97.783922	 97.743715	 97.703679	 97.663818	 97.624138	 97.584643	 97.545339	  97.50623	  97.46732	 97.428614	 97.390116	 97.351831	 97.313763	 97.275916	 97.238294	 97.200901	 97.163741	 97.126818	 97.090136	 97.053697	 97.017507	 96.981567	 96.945882	 96.910454	 96.875288	 96.840385	 96.805749	 96.771383	 96.737289	 96.703471	  96.66993	  96.63667	 96.603692	 96.570999	 96.538593	 96.506476	  96.47465	 96.443118	  96.41188	 96.380939	 96.350295	 96.319951	 96.289909	 96.260168	 96.230731	 96.201598	 96.172771	 96.144251	 96.116038	 96.088132	 96.060536	 96.033249	 96.006271	 95.979604	 95.953247	   95.9272	 95.901464	 95.876039	 95.850924	  95.82612	 95.801626	 95.777443	 95.753568	 95.730003	 95.706746	 95.683797	 95.661156	 95.638821	 95.616792	 95.595067	 95.573647	 95.552529	 95.531712	 95.511197	 95.490981	 95.471062	 95.451441	 95.432115	 95.413082	 95.394342	 95.375893	 95.357734	 95.339861	 95.322275	 95.304973	 95.287953	 95.271214	 95.254754	  95.23857	 95.222662	 95.207026	 95.191661	 95.176566	 95.161737	 95.147173	 95.132871	 95.118831	 95.105048	 95.091523	 95.078251	 95.065231	 95.052461	 95.039938	 95.027661	 95.015627	 95.003833	 94.992278	 94.980959	 94.969875	 94.959022	 94.948398	 94.938002	 94.927831	 94.917883	 94.908155	 94.898645	 94.889352	 94.880272	 94.871404	 94.862746	 94.854295	 94.846049	 94.838006	 94.830165	 94.822522	 94.815076	 94.807825	 94.800766	 94.793899	  94.78722	 94.780728	 94.774421	 94.768298	 94.762356	 94.756593	 94.751008	 94.745599	 94.740365	 94.735303	 94.730412	 94.725691	 94.721138	 94.716751	 94.712529	 94.708471	 94.704576	 94.700841	 94.697265	 94.693849	 94.690589	 94.687486	 94.684537	 94.681743	 94.679101	 94.676612	 94.674273	 94.672085	 94.670046	 94.668157	 94.666415	  94.66482	 94.663373	 94.662071	 94.660916	 94.659906	 94.659041	  94.65832	 94.657744	 94.657312	 94.657025	 94.656881	
        99	 98.950119	 98.900244	 98.850384	 98.800545	 98.750734	 98.700959	 98.651226	 98.601542	 98.551915	 98.502351	 98.452858	 98.403441	 98.354109	 98.304868	 98.255724	 98.206685	 98.157757	 98.108948	 98.060262	 98.011708	 97.963292	  97.91502	 97.866898	 97.818933	 97.771131	 97.723499	 97.676042	 97.628767	 97.581679	 97.534785	  97.48809	   97.4416	 97.395321	 97.349258	 97.303417	 97.257804	 97.212423	  97.16728	 97.122379	 97.077727	 97.033328	 96.989187	 96.945308	 96.901696	 96.858356	 96.815293	  96.77251	 96.730011	 96.687802	 96.645885	 96.604265	 96.562946	  96.52193	 96.481223	 96.440827	 96.400746	 96.360982	 96.321539	  96.28242	 96.243628	 96.205166	 96.167036	 96.129241	 96.091783	 96.054664	 96.017887	 95.981454	 95.945367	 95.909628	 95.874237	 95.839198	 95.804511	 95.770179	 95.736201	  95.70258	 95.669316	 95.636411	 95.603865	 95.571679	 95.539854	  95.50839	 95.477287	 95.446547	 95.416168	 95.386152	 95.356499	 95.327207	 95.298278	 95.269711	 95.241505	  95.21366	 95.186176	 95.159051	 95.132286	 95.105879	 95.079829	 95.054136	 95.028799	 95.003816	 94.979186	 94.954908	  94.93098	 94.907402	 94.884171	 94.861286	 94.838746	 94.816549	 94.794692	 94.773175	 94.751995	  94.73115	 94.710639	  94.69046	 94.670609	 94.651086	 94.631889	 94.613014	 94.594459	 94.576223	 94.558303	 94.540697	 94.523402	 94.506416	 94.489736	  94.47336	 94.457286	 94.441511	 94.426032	 94.410847	 94.395953	 94.381347	 94.367028	 94.352993	 94.339238	 94.325761	  94.31256	 94.299632	 94.286974	 94.274584	 94.262459	 94.250596	 94.238993	 94.227647	 94.216556	 94.205717	 94.195128	 94.184785	 94.174687	  94.16483	 94.155213	 94.145833	 94.136687	 94.127773	 94.119089	 94.110631	 94.102399	 94.094389	   94.0866	 94.079029	 94.071673	 94.064531	 94.057601	  94.05088	 94.044366	 94.038057	 94.031952	 94.026049	 94.020345	 94.014838	 94.009528	 94.004412	 93.999488	 93.994755	 93.990211	 93.985855	 93.981685	   93.9777	 93.973899	 93.970279	  93.96684	 93.963581	   93.9605	 93.957597	 93.954869	 93.952317	  93.94994	 93.947735	 93.945704	 93.943844	 93.942156	 93.940638	 93.939291	 93.938113	 93.937104	 93.936263	 93.935592	 93.935088	 93.934752	 93.934584	
        99	 98.943013	 98.886034	 98.829071	 98.772132	 98.715226	  98.65836	 98.601542	 98.544781	 98.488084	  98.43146	 98.374916	  98.31846	   98.2621	 98.205845	   98.1497	 98.093676	 98.037778	 97.982015	 97.926395	 97.870924	 97.815611	 97.760462	 97.705485	 97.650687	 97.596076	 97.541658	 97.487441	 97.433431	 97.379636	 97.326062	 97.272715	 97.219602	 97.166731	 97.114106	 97.061735	 97.009624	 96.957779	 96.906205	 96.854908	 96.803896	 96.753172	 96.702742	 96.652613	 96.602789	 96.553275	 96.504077	 96.455199	 96.406647	 96.358424	 96.310536	 96.262988	 96.215782	 96.168924	 96.122418	 96.076267	 96.030476	 95.985048	 95.939987	 95.895296	 95.850978	 95.807036	 95.763474	 95.720295	 95.677501	 95.635095	 95.593079	 95.551456	 95.510228	 95.469398	 95.428966	 95.388935	 95.349307	 95.310084	 95.271266	 95.232856	 95.194853	 95.157261	 95.120079	 95.083308	 95.046949	 95.011002	 94.975469	  94.94035	 94.905644	 94.871352	 94.837474	  94.80401	  94.77096	 94.738323	 94.706099	 94.674288	 94.642888	   94.6119	 94.581322	 94.551153	 94.521393	  94.49204	 94.463093	 94.434551	 94.406413	 94.378676	  94.35134	 94.324403	 94.297863	 94.271718	 94.245967	 94.220607	 94.195637	 94.171055	 94.146858	 94.123044	 94.099611	 94.076557	 94.053879	 94.031575	 94.009642	 93.988078	 93.966881	 93.946047	 93.925574	  93.90546	 93.885701	 93.866295	  93.84724	 93.828531	 93.810167	 93.792144	  93.77446	 93.757112	 93.740097	 93.723411	 93.707052	 93.691017	 93.675302	 93.659906	 93.644824	 93.630054	 93.615593	 93.601438	 93.587586	 93.574033	 93.560778	 93.547816	 93.535145	 93.522762	 93.510664	 93.498848	 93.487311	  93.47605	 93.465063	 93.454346	 93.443898	 93.433714	 93.423793	 93.414131	 93.404726	 93.395575	 93.386676	 93.378026	 93.369623	 93.361463	 93.353545	 93.345867	 93.338425	 93.331218	 93.324244	 93.317499	 93.310982	 93.304692	 93.298625	  93.29278	 93.287155	 93.281747	 93.276556	  93.27158	 93.266816	 93.262263	  93.25792	 93.253785	 93.249856	 93.246133	 93.242613	 93.239296	  93.23618	 93.233264	 93.230548	  93.22803	 93.225709	 93.223585	 93.221656	 93.219922	 93.218382	 93.217036	 93.215884	 93.214924	 93.214156	 93.213581	 93.213197	 93.213006	
        99	 98.935915	 98.871839	 98.807782	 98.743752	 98.679758	 98.615809	 98.551915	 98.488084	 98.424326	 98.360649	 98.297063	 98.233576	 98.170196	 98.106934	 98.043797	 97.980795	 97.917935	 97.855227	 97.792679	   97.7303	 97.668097	 97.606079	 97.544255	 97.482633	  97.42122	 97.360025	 97.299055	 97.238318	 97.177823	 97.117575	 97.057585	 96.997857	   96.9384	 96.879222	 96.820328	 96.761726	 96.703423	 96.645426	 96.587741	 96.530375	 96.473333	 96.416623	  96.36025	  96.30422	  96.24854	 96.193214	 96.138248	 96.083649	  96.02942	 95.975568	 95.922097	 95.869013	 95.816319	  95.76402	 95.712122	 95.660627	 95.609541	 95.558868	  95.50861	 95.458772	 95.409358	 95.360371	 95.311814	  95.26369	 95.216002	 95.168753	 95.121946	 95.075583	 95.029667	   94.9842	 94.939184	  94.89462	 94.850511	 94.806859	 94.763664	 94.720929	 94.678654	 94.636841	  94.59549	 94.554603	  94.51418	 94.474221	 94.434728	 94.395699	 94.357136	 94.319039	 94.281407	 94.244241	 94.207539	 94.171302	 94.135528	 94.100218	  94.06537	 94.030983	 93.997057	  93.96359	 93.930581	 93.898029	 93.865932	 93.834289	 93.803098	 93.772358	 93.742065	  93.71222	 93.682819	  93.65386	 93.625342	 93.597262	 93.569618	 93.542407	 93.515627	 93.489276	  93.46335	 93.437848	 93.412766	 93.388102	 93.363852	 93.340015	 93.316586	 93.293564	 93.270944	 93.248724	 93.226902	 93.205472	 93.184434	 93.163782	 93.143515	 93.123629	  93.10412	 93.084985	 93.066221	 93.047824	 93.029792	 93.012121	 92.994807	 92.977846	 92.961237	 92.944975	 92.929057	 92.913479	 92.898239	 92.883332	 92.868756	 92.854507	 92.840581	 92.826976	 92.813689	 92.800715	 92.788052	 92.775696	 92.763645	 92.751895	 92.740443	 92.729286	  92.71842	 92.707844	 92.697554	 92.687546	 92.677819	 92.668369	 92.659193	 92.650289	 92.641655	 92.633286	 92.625182	 92.617338	 92.609754	 92.602425	 92.595351	 92.588529	 92.581955	  92.57563	 92.569549	 92.563712	 92.558115	 92.552758	 92.547638	 92.542754	 92.538104	 92.533686	 92.529499	  92.52554	  92.52181	 92.518306	 92.515028	 92.511973	 92.509141	 92.506531	 92.504142	 92.501973	 92.500023	 92.498292	 92.496778	 92.495482	 92.494402	 92.493539	 92.492892	 92.492461	 92.492245	
        99	 98.928827	 98.857663	  98.78652	 98.715407	 98.644335	 98.573313	 98.502351	  98.43146	 98.360649	 98.289929	 98.219309	 98.148799	  98.07841	  98.00815	 97.938029	 97.868058	 97.798245	 97.728601	 97.659134	 97.589855	 97.520772	 97.451894	 97.383232	 97.314793	 97.246587	 97.178623	 97.110909	 97.043454	 96.976267	 96.909356	 96.842729	 96.776395	 96.710361	 96.644637	 96.579229	 96.514145	 96.449393	 96.384981	 96.320915	 96.257203	 96.193852	 96.130869	  96.06826	 96.006033	 95.944193	 95.882748	 95.821703	 95.761064	 95.700837	 95.641028	 95.581642	 95.522686	 95.464163	  95.40608	 95.348441	 95.291251	 95.234514	 95.178235	 95.122418	 95.067068	 95.012188	 94.957782	 94.903854	 94.850407	 94.797444	 94.744969	 94.692984	 94.641493	 94.590498	 94.540002	 94.490006	 94.440513	 94.391526	 94.343045	 94.295072	  94.24761	 94.200659	 94.154221	 94.108296	 94.062886	 94.017991	 93.973613	 93.929751	 93.886405	 93.843577	 93.801266	 93.759471	 93.718194	 93.677432	 93.637186	 93.597456	  93.55824	 93.519537	 93.481347	 93.443668	   93.4065	  93.36984	 93.333687	  93.29804	 93.262896	 93.228255	 93.194114	 93.160471	 93.127324	 93.094671	  93.06251	 93.030837	 92.999651	 92.968949	 92.938729	 92.908987	  92.87972	 92.850927	 92.822604	 92.794747	 92.767355	 92.740423	 92.713949	 92.687929	  92.66236	 92.637238	 92.612561	 92.588324	 92.564525	 92.541159	 92.518223	 92.495714	 92.473628	 92.451961	 92.430709	  92.40987	 92.389439	 92.369412	 92.349786	 92.330556	  92.31172	 92.293274	 92.275213	 92.257534	 92.240233	 92.223307	 92.206751	 92.190563	 92.174737	 92.159272	 92.144162	 92.129405	 92.114996	 92.100932	  92.08721	 92.073825	 92.060776	 92.048057	 92.035666	 92.023598	 92.011852	 92.000424	 91.989309	 91.978506	 91.968011	  91.95782	 91.947931	 91.938341	 91.929047	 91.920046	 91.911335	 91.902912	 91.894773	 91.886916	 91.879339	 91.872039	 91.865013	  91.85826	 91.851777	 91.845561	 91.839612	 91.833926	 91.828501	 91.823337	  91.81843	 91.813779	 91.809383	  91.80524	 91.801349	 91.797708	 91.794315	  91.79117	 91.788271	 91.785618	 91.783209	 91.781044	 91.779121	  91.77744	    91.776	 91.774801	 91.773843	 91.773124	 91.772645	 91.772406	
        99	 98.921748	 98.843507	 98.765288	 98.687103	 98.608962	 98.530877	 98.452858	 98.374916	 98.297063	 98.219309	 98.141666	 98.064143	 97.986753	 97.909505	 97.832411	 97.755481	 97.678725	 97.602154	 97.525779	 97.449609	 97.373655	 97.297928	 97.222436	 97.147191	 97.072202	 96.997478	  96.92303	 96.848866	 96.774997	 96.701431	 96.628178	 96.555247	 96.482646	 96.410385	 96.338472	 96.266915	 96.195723	 96.124904	 96.054467	 95.984419	 95.914767	  95.84552	 95.776685	 95.708268	 95.640279	 95.572722	 95.505606	 95.438936	 95.372719	 95.306962	 95.241671	  95.17685	 95.112508	 95.048648	 94.985276	 94.922398	 94.860018	 94.798142	 94.736774	 94.675919	 94.615581	 94.555764	 94.496472	  94.43771	  94.37948	 94.321786	 94.264631	 94.208019	 94.151952	 94.096434	 94.041466	 93.987051	 93.933191	 93.879888	 93.827145	 93.774962	 93.723342	 93.672285	 93.621793	 93.571867	 93.522507	 93.473715	  93.42549	 93.377834	 93.330746	 93.284227	 93.238276	 93.192893	 93.148077	 93.103829	 93.060147	 93.017031	 92.974479	 92.932491	 92.891065	 92.850199	 92.809893	 92.770145	 92.730953	 92.692314	 92.654228	 92.616691	 92.579702	 92.543259	 92.507358	 92.471998	 92.437175	 92.402888	 92.369132	 92.335906	 92.303206	 92.271029	 92.239372	 92.208232	 92.177605	 92.147489	 92.117878	 92.088771	 92.060163	 92.032051	 92.004431	 91.977299	 91.950652	 91.924486	 91.898796	 91.873579	 91.848832	 91.824549	 91.800727	 91.777362	  91.75445	 91.731987	 91.709968	  91.68839	 91.667248	 91.646539	 91.626258	 91.606401	 91.586964	 91.567942	 91.549332	  91.53113	 91.513332	 91.495933	 91.478929	 91.462316	 91.446091	 91.430249	 91.414787	   91.3997	 91.384984	 91.370637	 91.356653	 91.343029	 91.329762	 91.316848	 91.304282	 91.292063	 91.280185	 91.268646	 91.257442	 91.246569	 91.236026	 91.225807	 91.215911	 91.206334	 91.197072	 91.188124	 91.179486	 91.171155	 91.163129	 91.155405	  91.14798	 91.140852	 91.134018	 91.127477	 91.121225	 91.115261	 91.109583	 91.104188	 91.099075	 91.094242	 91.089687	 91.085409	 91.081405	 91.077675	 91.074218	 91.071031	 91.068113	 91.065465	 91.063084	  91.06097	 91.059122	 91.057539	 91.056221	 91.055167	 91.054377	  91.05385	 91.053587	
        99	 98.914681	 98.829373	  98.74409	 98.658843	 98.573645	 98.488507	 98.403441	  98.31846	 98.233576	 98.148799	 98.064143	 97.979619	 97.895239	 97.811015	 97.726958	 97.643079	 97.559391	 97.475905	 97.392631	 97.309582	 97.226769	 97.144202	 97.061892	 96.979851	 96.898088	 96.816616	 96.735444	 96.654582	 96.574041	 96.493831	 96.413962	 96.334444	 96.255286	 96.176498	  96.09809	  96.02007	 95.942449	 95.865234	 95.788435	  95.71206	 95.636118	 95.560616	 95.485564	 95.410969	 95.336838	  95.26318	 95.190002	 95.117311	 95.045114	 94.973418	 94.902229	 94.831555	   94.7614	 94.691773	 94.622678	  94.55412	 94.486107	 94.418642	 94.351732	  94.28538	 94.219593	 94.154373	 94.089727	 94.025657	 93.962168	 93.899263	 93.836946	 93.775221	 93.714091	 93.653558	 93.593625	 93.534295	 93.475571	 93.417454	 93.359947	 93.303052	 93.246769	 93.191101	 93.136048	 93.081613	 93.027796	 92.974596	 92.922017	 92.870056	 92.818716	 92.767995	 92.717893	 92.668411	 92.619549	 92.571304	 92.523677	 92.476666	 92.430271	 92.384491	 92.339323	 92.294767	 92.250821	 92.207482	  92.16475	 92.122622	 92.081096	 92.040169	 91.999839	 91.960105	 91.920961	 91.882408	  91.84444	 91.807056	 91.770251	 91.734024	 91.698371	 91.663288	 91.628772	 91.594819	 91.561426	 91.528589	 91.496305	 91.464569	 91.433377	 91.402726	 91.372611	 91.343029	 91.313975	 91.285446	 91.257436	 91.229942	 91.202959	 91.176483	 91.150509	 91.125034	 91.100053	 91.075561	 91.051553	 91.028026	 91.004975	 90.982395	 90.960283	 90.938632	 90.917439	   90.8967	  90.87641	 90.856563	 90.837157	 90.818187	 90.799647	 90.781534	 90.763844	 90.746571	 90.729712	 90.713262	 90.697218	 90.681574	 90.666328	 90.651474	 90.637008	 90.622927	 90.609227	 90.595904	 90.582953	 90.570372	 90.558156	 90.546302	 90.534806	 90.523664	 90.512874	 90.502432	 90.492334	 90.482578	  90.47316	 90.464076	 90.455325	 90.446903	 90.438808	 90.431036	 90.423585	 90.416453	 90.409637	 90.403134	 90.396943	 90.391061	 90.385487	 90.380217	 90.375251	 90.370586	 90.366221	 90.362154	 90.358384	 90.354909	 90.351728	  90.34884	 90.346245	 90.343939	 90.341924	 90.340199	 90.338761	 90.337612	 90.336751	 90.336177	  90.33589	
        99	 98.907625	 98.815263	 98.722928	 98.630631	 98.538387	 98.446209	 98.354109	   98.2621	 98.170196	  98.07841	 97.986753	 97.895239	 97.803882	 97.712692	 97.621684	 97.530869	  97.44026	  97.34987	  97.25971	 97.169794	 97.080132	 96.990737	 96.901621	 96.812795	 96.724272	 96.636062	 96.548177	 96.460628	 96.373427	 96.286584	  96.20011	 96.114016	 96.028313	  95.94301	 95.858117	 95.773646	 95.689606	 95.606006	 95.522856	 95.440165	 95.357942	 95.276198	 95.194939	 95.114175	 95.033914	 94.954165	 94.874936	 94.796233	 94.718066	 94.640441	 94.563365	 94.486846	 94.410891	 94.335505	 94.260696	  94.18647	 94.112832	 94.039788	 93.967345	 93.895507	 93.824279	 93.753666	 93.683673	 93.614305	 93.545566	 93.477459	 93.409989	  93.34316	 93.276974	 93.211435	 93.146547	 93.082311	  93.01873	 92.955808	 92.893545	 92.831944	 92.771007	 92.710736	 92.651131	 92.592194	 92.533926	 92.476328	   92.4194	 92.363143	 92.307556	 92.252641	 92.198397	 92.144823	 92.091919	 92.039685	 91.988119	 91.937221	  91.88699	 91.837423	 91.788521	  91.74028	   91.6927	 91.645777	 91.599512	   91.5539	 91.508939	 91.464628	 91.420964	 91.377943	 91.335563	 91.293821	 91.252713	 91.212237	  91.17239	 91.133167	 91.094565	 91.056581	 91.019211	  90.98245	 90.946296	 90.910744	 90.875789	 90.841429	 90.807658	 90.774472	 90.741867	 90.709839	 90.678382	 90.647493	 90.617167	 90.587399	 90.558185	  90.52952	 90.501398	 90.473817	 90.446769	 90.420252	 90.394259	 90.368787	 90.343829	 90.319382	 90.295441	    90.272	 90.249055	   90.2266	 90.204632	 90.183145	 90.162134	 90.141594	 90.121522	 90.101911	 90.082757	 90.064057	 90.045803	 90.027993	 90.010622	 89.993685	 89.977177	 89.961095	 89.945433	 89.930188	 89.915355	  89.90093	 89.886908	 89.873287	 89.860061	 89.847226	 89.834779	 89.822717	 89.811034	 89.799728	 89.788796	 89.778232	 89.768035	 89.758201	 89.748726	 89.739608	 89.730843	 89.722429	 89.714362	  89.70664	  89.69926	  89.69222	 89.685516	 89.679148	 89.673112	 89.667407	  89.66203	 89.656979	 89.652253	  89.64785	 89.643768	 89.640006	 89.636562	 89.633436	 89.630625	 89.628129	 89.625948	 89.624079	 89.622523	 89.621279	 89.620346	 89.619725	 89.619414	
        99	 98.900583	 98.801179	 98.701804	 98.602471	 98.503195	 98.403989	 98.304868	 98.205845	 98.106934	  98.00815	 97.909505	 97.811015	 97.712692	 97.614551	 97.516604	 97.418866	 97.321349	 97.224068	 97.127035	 97.030263	 96.933765	 96.837555	 96.741645	 96.646047	 96.550775	  96.45584	 96.361255	 96.267032	 96.173183	 96.079719	 95.986653	 95.893995	 95.801758	 95.709952	 95.618587	 95.527676	 95.437229	 95.347255	 95.257766	 95.168771	  95.08028	 94.992303	  94.90485	 94.817928	 94.731549	  94.64572	  94.56045	 94.475747	 94.391621	 94.308078	 94.225126	 94.142774	 94.061027	 93.979895	 93.899382	 93.819497	 93.740245	 93.661633	 93.583667	 93.506351	 93.429693	 93.353697	 93.278368	 93.203712	 93.129732	 93.056433	 92.983819	 92.911895	 92.840663	 92.770128	 92.700292	 92.631159	 92.562732	 92.495012	 92.428003	 92.361706	 92.296123	 92.231256	 92.167107	 92.103677	 92.040967	 91.978978	  91.91771	 91.857163	 91.797339	 91.738238	 91.679858	   91.6222	 91.565263	 91.509046	 91.453549	 91.398771	  91.34471	 91.291365	 91.238734	 91.186815	 91.135607	 91.085108	 91.035315	 90.986226	 90.937838	 90.890148	 90.843155	 90.796854	 90.751243	 90.706319	 90.662078	 90.618516	  90.57563	 90.533417	 90.491873	 90.450993	 90.410773	  90.37121	   90.3323	 90.294037	 90.256418	 90.219438	 90.183092	 90.147376	 90.112285	 90.077815	 90.043961	 90.010717	 89.978079	 89.946042	   89.9146	 89.883749	 89.853484	   89.8238	  89.79469	 89.766151	 89.738177	 89.710762	 89.683902	 89.657592	 89.631825	 89.606597	 89.581902	 89.557736	 89.534093	 89.510968	 89.488355	  89.46625	 89.444647	 89.423541	 89.402927	   89.3828	 89.363156	 89.343988	 89.325292	 89.307064	 89.289298	 89.271989	 89.255134	 89.238726	 89.222762	 89.207237	 89.192147	 89.177487	 89.163252	 89.149439	 89.136044	 89.123061	 89.110488	 89.098321	 89.086554	 89.075186	 89.064211	 89.053627	  89.04343	 89.033616	 89.024183	 89.015127	 89.006446	 88.998135	 88.990192	 88.982615	 88.975401	 88.968547	 88.962051	 88.955911	 88.950124	 88.944688	 88.939602	 88.934863	  88.93047	 88.926421	 88.922715	  88.91935	 88.916325	 88.913639	 88.911291	  88.90928	 88.907605	 88.906266	 88.905263	 88.904594	 88.904259	
        99	 98.893554	 98.787123	 98.680723	 98.574368	 98.468073	 98.361853	 98.255724	   98.1497	 98.043797	 97.938029	 97.832411	 97.726958	 97.621684	 97.516604	 97.411733	 97.307085	 97.202674	 97.098515	 96.994622	 96.891009	  96.78769	 96.684678	 96.581987	 96.479631	 96.377623	 96.275977	 96.174705	 96.073821	 95.973336	 95.873265	 95.773619	 95.674411	 95.575653	 95.477356	 95.379533	 95.282195	 95.185353	 95.089018	 94.993202	 94.897916	 94.803169	 94.708972	 94.615336	  94.52227	 94.429784	 94.337887	 94.246589	 94.155898	 94.065824	 93.976375	 93.887559	 93.799384	 93.711859	  93.62499	 93.538786	 93.453253	 93.368398	 93.284229	  93.20075	 93.117969	 93.035891	 92.954523	 92.873868	 92.793934	 92.714724	 92.636243	 92.558496	 92.481486	 92.405219	 92.329697	 92.254924	 92.180904	 92.107638	 92.035131	 91.963384	   91.8924	 91.822181	 91.752729	 91.684045	 91.616131	 91.548987	 91.482615	 91.417016	 91.352189	 91.288136	 91.224855	 91.162348	 91.100614	 91.039652	 90.979461	 90.920041	  90.86139	 90.803507	  90.74639	 90.690038	 90.634449	 90.579621	 90.525552	 90.472238	 90.419679	  90.36787	 90.316809	 90.266493	 90.216919	 90.168084	 90.119983	 90.072614	 90.025973	 89.980056	 89.934858	 89.890377	 89.846607	 89.803544	 89.761184	 89.719522	 89.678555	 89.638276	 89.598681	 89.559766	 89.521525	 89.483954	 89.447047	 89.410799	 89.375205	 89.340259	 89.305957	 89.272293	 89.239261	 89.206856	 89.175073	 89.143906	 89.113349	 89.083397	 89.054044	 89.025286	 88.997115	 88.969526	 88.942515	 88.916074	   88.8902	 88.864885	 88.840125	 88.815913	 88.792245	 88.769115	 88.746517	 88.724446	 88.702897	 88.681863	  88.66134	 88.641323	 88.621806	 88.602784	 88.584252	 88.566204	 88.548637	 88.531544	 88.514922	 88.498765	 88.483068	 88.467827	 88.453038	 88.438695	 88.424795	 88.411333	 88.398305	 88.385707	 88.373535	 88.361784	 88.350452	 88.339534	 88.329027	 88.318927	 88.309231	 88.299935	 88.291037	 88.282533	  88.27442	 88.266696	 88.259357	 88.252402	 88.245828	 88.239632	 88.233812	 88.228366	 88.223292	 88.218588	 88.214253	 88.210285	 88.206682	 88.203443	 88.200567	 88.198053	   88.1959	 88.194107	 88.192673	 88.191599	 88.190882	 88.190524	
        99	 98.886541	 98.773097	 98.659686	 98.546323	 98.433025	 98.319807	 98.206685	 98.093676	 97.980795	 97.868058	 97.755481	 97.643079	 97.530869	 97.418866	 97.307085	 97.195542	 97.084252	  96.97323	 96.862492	 96.752051	 96.641924	 96.532125	 96.422668	 96.313568	 96.204839	 96.096496	 95.988551	  95.88102	 95.773915	  95.66725	 95.561039	 95.455294	 95.350029	 95.245256	 95.140987	 95.037235	 94.934013	 94.831331	 94.729202	 94.627637	 94.526648	 94.426244	 94.326439	 94.227241	 94.128661	 94.030709	 93.933395	 93.836729	  93.74072	 93.645377	 93.550709	 93.456725	 93.363433	 93.270841	 93.178956	 93.087788	 92.997342	 92.907627	 92.818648	 92.730413	 92.642927	 92.556197	 92.470229	 92.385027	 92.300598	 92.216946	 92.134077	 92.051993	 91.970701	 91.890203	 91.810504	 91.731606	 91.653513	 91.576229	 91.499755	 91.424094	 91.349248	 91.275219	  91.20201	 91.129621	 91.058053	 90.987308	 90.917386	 90.848289	 90.780015	 90.712565	  90.64594	 90.580138	 90.515159	 90.451002	 90.387667	 90.325151	 90.263455	 90.202575	  90.14251	 90.083259	 90.024818	 89.967186	  89.91036	 89.854337	 89.799115	 89.744689	 89.691058	 89.638218	 89.586165	 89.534895	 89.484405	 89.434691	 89.385748	 89.337573	  89.29016	 89.243506	 89.197606	 89.152455	 89.108049	 89.064381	 89.021449	 88.979245	 88.937766	 88.897006	 88.856959	  88.81762	 88.778984	 88.741044	 88.703797	 88.667234	 88.631352	 88.596144	 88.561604	 88.527726	 88.494506	 88.461935	  88.43001	 88.398724	  88.36807	 88.338043	 88.308637	 88.279845	 88.251663	 88.224083	 88.197101	 88.170709	 88.144902	 88.119675	 88.095021	 88.070934	 88.047409	 88.024439	  88.00202	 87.980145	 87.958809	 87.938006	  87.91773	 87.897977	 87.878741	 87.860016	 87.841797	 87.824079	 87.806857	 87.790126	 87.773881	 87.758118	  87.74283	 87.728014	 87.713665	 87.699779	  87.68635	 87.673376	 87.660852	 87.648773	 87.637135	 87.625936	  87.61517	 87.604835	 87.594927	 87.585442	 87.576378	 87.567731	 87.559498	 87.551676	 87.544262	 87.537255	  87.53065	 87.524447	 87.518642	 87.513234	 87.508221	   87.5036	  87.49937	  87.49553	 87.492078	 87.489012	 87.486333	 87.484038	 87.482126	 87.480598	 87.479453	 87.478689	 87.478308	
        99	 98.879543	 98.759103	 98.638697	 98.518343	 98.398057	 98.277856	 98.157757	 98.037778	 97.917935	 97.798245	 97.678725	 97.559391	  97.44026	 97.321349	 97.202674	 97.084252	 96.966098	 96.848229	 96.730661	 96.613409	  96.49649	 96.379919	 96.263711	 96.147883	 96.032448	 95.917422	  95.80282	 95.688657	 95.574946	 95.461703	 95.348941	 95.236674	 95.124917	 95.013681	 94.902982	 94.792831	 94.683243	 94.574228	   94.4658	 94.357971	 94.250753	 94.144158	 94.038196	  93.93288	  93.82822	 93.724227	 93.620912	 93.518284	 93.416353	  93.31513	 93.214624	 93.114843	 93.015797	 92.917494	 92.819943	 92.723152	 92.627128	 92.531879	 92.437413	 92.343735	 92.250854	 92.158775	 92.067505	 91.977048	 91.887412	 91.798601	  91.71062	 91.623475	 91.537168	 91.451706	 91.367091	 91.283327	 91.200418	 91.118367	 91.037177	 90.956849	 90.877387	 90.798793	 90.721069	 90.644215	 90.568233	 90.493125	 90.418891	 90.345531	 90.273047	 90.201437	 90.130703	 90.060842	 89.991856	 89.923742	 89.856501	  89.79013	 89.724628	 89.659993	 89.596224	 89.533318	 89.471273	 89.410087	 89.349756	 89.290278	 89.231649	 89.173868	 89.116929	  89.06083	 89.005566	 88.951135	  88.89753	  88.84475	 88.792789	 88.741642	 88.691305	 88.641774	 88.593043	 88.545107	 88.497962	 88.451602	 88.406021	 88.361215	 88.317178	 88.273903	 88.231386	 88.189621	 88.148602	 88.108323	 88.068778	  88.02996	 87.991865	 87.954485	 87.917815	 87.881848	 87.846579	    87.812	 87.778105	 87.744889	 87.712345	 87.680466	 87.649246	 87.618679	 87.588759	 87.559478	 87.530831	 87.502812	 87.475414	  87.44863	 87.422456	 87.396883	 87.371907	 87.347521	 87.323719	 87.300495	 87.277843	 87.255756	 87.234231	 87.213259	 87.192836	 87.172957	 87.153614	 87.134804	  87.11652	 87.098757	  87.08151	 87.064774	 87.048543	 87.032814	  87.01758	 87.002837	 86.988581	 86.974806	 86.961509	 86.948685	  86.93633	  86.92444	  86.91301	 86.902038	 86.891519	 86.881449	 86.871826	 86.862645	 86.853904	   86.8456	 86.837729	 86.830289	 86.823278	 86.816692	 86.810529	 86.804787	 86.799465	 86.794559	 86.790068	 86.785991	 86.782326	 86.779072	 86.776227	  86.77379	 86.771761	 86.770139	 86.768922	 86.768112	 86.767707	
