Time step 62:
        99	        99	        99	        99	        99	        99	        99	        99	        99	        99	        99	        99	        99	        99	        99	        99	        99	        99	        99	        99	        99	        99	        99	        99	        99	        99	        99	        99	        99	        99	        99	        99	        99	        99	        99	        99	        99	        99	        99	        99	        99	        99	        99	        99	        99	        99	        99	        99	        99	        99	        99	        99	        99	        99	        99	        99	        99	        99	        99	        99	        99	        99	        99	        99	        99	        99	        99	        99	        99	        99	        99	        99	        99	        99	        99	        99	        99	        99	        99	        99	        99	        99	        99	        99	        99	        99	        99	        99	        99	        99	        99	        99	        99	        99	        99	        99	        99	        99	        99	        99	        99	        99	        99	        99	        99	        99	        99	        99	        99	        99	        99	        99	        99	        99	        99	        99	        99	        99	        99	        99	        99	        99	        99	        99	        99	        99	        99	        99	        99	        99	        99	        99	        99	        99	        99	        99	        99	        99	        99	        99	        99	        99	        99	        99	        99	        99	        99	        99	        99	        99	        99	        99	        99	        99	        99	        99	        99	        99	        99	        99	        99	        99	        99	        99	        99	        99	        99	        99	        99	        99	        99	        99	        99	        99	        99	        99	        99	        99	        99	        99	        99	        99	        99	        99	        99	        99	        99	        99	        99	        99	        99	        99	        99	        99	        99	        99	        99	        99	        99	        99	
        99	 98.989759	  98.97952	 98.969285	 98.959057	 98.948837	 98.938627	 98.928429	 98.918247	  98.90808	 98.897933	 98.887806	 98.877702	 98.867622	 98.857569	 98.847545	 98.837551	  98.82759	 98.817663	 98.807772	  98.79792	 98.788108	 98.778337	  98.76861	 98.758929	 98.749295	  98.73971	 98.730175	 98.720693	 98.711265	 98.701892	 98.692576	 98.683319	 98.674122	 98.664987	 98.655914	 98.646906	 98.637964	 98.629089	 98.620283	 98.611546	  98.60288	 98.594286	 98.585765	 98.577319	 98.568947	 98.560653	 98.552435	 98.544296	 98.536236	 98.528256	 98.520357	  98.51254	 98.504804	 98.497152	 98.489584	   98.4821	 98.474701	 98.467387	 98.460159	 98.453017	 98.445962	 98.438994	 98.432114	 98.425321	 98.418617	    98.412	 98.405472	 98.399032	 98.392681	 98.386419	 98.380245	  98.37416	 98.368163	 98.362255	 98.356435	 98.350704	  98.34506	 98.339504	 98.334036	 98.328656	 98.323362	 98.318155	 98.313034	 98.307999	 98.303049	 98.298184	 98.293404	 98.288708	 98.284095	 98.279565	 98.275118	 98.270752	 98.266467	 98.262263	 98.258138	 98.254093	 98.250126	 98.246236	 98.242424	 98.238688	 98.235027	 98.231441	 98.227928	 98.224489	 98.221122	 98.217826	   98.2146	 98.211445	 98.208358	 98.205339	 98.202387	 98.199501	 98.196681	 98.193924	 98.191232	 98.188601	 98.186033	 98.183525	 98.181077	 98.178688	 98.176357	 98.174083	 98.171865	 98.169702	 98.167594	 98.165538	 98.163536	 98.161585	 98.159684	 98.157834	 98.156032	 98.154278	 98.152572	 98.150911	 98.149296	 98.147725	 98.146198	 98.144714	 98.143272	  98.14187	 98.140509	 98.139188	 98.137905	  98.13666	 98.135452	  98.13428	 98.133144	 98.132043	 98.130976	 98.129942	  98.12894	 98.127971	 98.127032	 98.126124	 98.125247	 98.124398	 98.123577	 98.122785	  98.12202	 98.121282	  98.12057	 98.119883	 98.119221	 98.118584	  98.11797	  98.11738	 98.116813	 98.116268	 98.115745	 98.115244	 98.114764	 98.114304	 98.113864	 98.113444	 98.113043	 98.112661	 98.112298	 98.111953	 98.111626	 98.111317	 98.111025	  98.11075	 98.110492	  98.11025	 98.110025	 98.109815	 98.109622	 98.109444	 98.109281	 98.109134	 98.109002	 98.108885	 98.108783	 98.108696	 98.108623	 98.108565	 98.108522	 98.108493	 98.108478	
        99	  98.97952	 98.959044	 98.938577	 98.918122	 98.897684	 98.877266	 98.856874	  98.83651	  98.81618	 98.795887	 98.775635	 98.755428	 98.735271	 98.715167	  98.69512	 98.675135	 98.655214	 98.635363	 98.615584	 98.595881	 98.576258	  98.55672	 98.537268	 98.517907	 98.498641	 98.479473	 98.460406	 98.441443	 98.422588	 98.403845	 98.385215	 98.366703	 98.348311	 98.330042	 98.311899	 98.293885	 98.276002	 98.258254	 98.240643	 98.223171	 98.205841	 98.188654	 98.171615	 98.154723	 98.137983	 98.121395	 98.104962	 98.088685	 98.072567	 98.056608	 98.040812	 98.025178	  98.00971	 97.994407	 97.979272	 97.964305	 97.949508	 97.934882	 97.920427	 97.906146	 97.892037	 97.878103	 97.864344	  97.85076	 97.837352	  97.82412	 97.811065	 97.798187	 97.785486	 97.772962	 97.760616	 97.748447	 97.736455	  97.72464	 97.713001	 97.701539	 97.690254	 97.679143	 97.668208	 97.657448	 97.646861	 97.636448	 97.626207	 97.616138	  97.60624	 97.596511	 97.586952	 97.577561	 97.568336	 97.559277	 97.550383	 97.541652	 97.533084	 97.524676	 97.516428	 97.508338	 97.500404	 97.492626	 97.485002	 97.477531	  97.47021	 97.463038	 97.456014	 97.449136	 97.442402	 97.435811	 97.429361	  97.42305	 97.416877	 97.410839	 97.404936	 97.399165	 97.393525	 97.388013	 97.382628	 97.377368	 97.372232	 97.367216	 97.362321	 97.357543	 97.352881	 97.348334	 97.343898	 97.339573	 97.335357	 97.331247	 97.327242	  97.32334	  97.31954	 97.315839	 97.312236	 97.308729	 97.305316	 97.301995	 97.298765	 97.295624	  97.29257	 97.289602	 97.286718	 97.283916	 97.281194	 97.278551	 97.275986	 97.273496	  97.27108	 97.268737	 97.266465	 97.264263	 97.262128	  97.26006	 97.258058	 97.256119	 97.254242	 97.252427	 97.250671	 97.248974	 97.247333	 97.245749	 97.244219	 97.242742	 97.241318	 97.239945	 97.238622	 97.237347	  97.23612	  97.23494	 97.233806	 97.232717	 97.231671	 97.230668	 97.229707	 97.228788	 97.227908	 97.227068	 97.226267	 97.225503	 97.224777	 97.224087	 97.223434	 97.222815	 97.222231	 97.221681	 97.221165	 97.220681	 97.220231	 97.219812	 97.219425	 97.219069	 97.218744	  97.21845	 97.218186	 97.217952	 97.217748	 97.217573	 97.217428	 97.217312	 97.217225	 97.217167	 97.217138	
        99	 98.969285	 98.938577	 98.907881	 98.877204	 98.846551	  98.81593	 98.785347	 98.754807	 98.724316	 98.693882	 98.663509	 98.633205	 98.602974	 98.572823	 98.542758	 98.512785	 98.482909	 98.453137	 98.423473	 98.393924	 98.364495	 98.335192	  98.30602	 98.276984	  98.24809	 98.219342	 98.190746	 98.162307	  98.13403	 98.105919	 98.077979	 98.050215	 98.022632	 97.995233	 97.968023	 97.941007	 97.914188	  97.88757	 97.861158	 97.834954	 97.808963	 97.783188	 97.757633	   97.7323	 97.707193	 97.682316	  97.65767	 97.633259	 97.609086	 97.585153	 97.561462	 97.538016	 97.514817	 97.491866	 97.469167	 97.446721	 97.424529	 97.402594	 97.380916	 97.359497	 97.338338	  97.31744	 97.296805	 97.276432	 97.256324	 97.236479	   97.2169	 97.197586	 97.178538	 97.159756	 97.141239	 97.122988	 97.105003	 97.087284	 97.069829	  97.05264	 97.035714	 97.019051	 97.002651	 96.986513	 96.970636	 96.955019	  96.93966	 96.924559	 96.909714	 96.895124	 96.880788	 96.866703	 96.852868	 96.839283	 96.825944	  96.81285	 96.799999	 96.787389	 96.775019	 96.762886	 96.750988	 96.739323	 96.727889	 96.716683	 96.705704	 96.694948	 96.684413	 96.674098	 96.663999	 96.654114	 96.644441	 96.634976	 96.625718	 96.616664	  96.60781	 96.599155	 96.590696	 96.582429	 96.574353	 96.566465	 96.558762	  96.55124	 96.543898	 96.536733	 96.529741	 96.522921	 96.516269	 96.509782	 96.503458	 96.497295	 96.491289	 96.485437	 96.479738	 96.474187	 96.468784	 96.463524	 96.458405	 96.453425	 96.448581	  96.44387	  96.43929	 96.434839	 96.430513	  96.42631	 96.422228	 96.418265	 96.414417	 96.410683	  96.40706	 96.403546	 96.400139	 96.396836	 96.393634	 96.390533	  96.38753	 96.384622	 96.381808	 96.379085	 96.376452	 96.373906	 96.371446	  96.36907	 96.366775	 96.364561	 96.362425	 96.360365	 96.358381	 96.356469	  96.35463	  96.35286	 96.351159	 96.349525	 96.347957	 96.346452	 96.345011	 96.343632	 96.342313	 96.341053	 96.339851	 96.338706	 96.337617	 96.336583	 96.335602	 96.334675	 96.333799	 96.332974	   96.3322	 96.331475	 96.330799	 96.330171	 96.329591	 96.329057	  96.32857	 96.328129	 96.327733	 96.327382	 96.327076	 96.326814	 96.326596	 96.326422	 96.326291	 96.326205	 96.326161	
        99	 98.959057	 98.918122	 98.877204	  98.83631	 98.795451	 98.754632	 98.713864	 98.673153	 98.632509	 98.591939	 98.551452	 98.511056	 98.470758	 98.430566	 98.390489	 98.350534	 98.310709	 98.271022	  98.23148	 98.192091	 98.152862	   98.1138	 98.074913	 98.036207	 97.997691	  97.95937	 97.921251	 97.883341	 97.845647	 97.808175	 97.770931	 97.733921	 97.697152	 97.660629	 97.624358	 97.588345	 97.552594	 97.517113	 97.481904	 97.446974	 97.412328	 97.377969	 97.343904	 97.310135	 97.276667	 97.243505	 97.210652	 97.178112	 97.145888	 97.113985	 97.082405	  97.05115	 97.020226	 96.989633	 96.959375	 96.929453	 96.899871	 96.870631	 96.841734	 96.813182	 96.784977	  96.75712	 96.729612	 96.702455	  96.67565	 96.649198	 96.623098	 96.597352	 96.571961	 96.546924	 96.522241	 96.497912	 96.473938	 96.450318	  96.42705	 96.404136	 96.381574	 96.359362	 96.337501	 96.315989	 96.294824	 96.274006	 96.253533	 96.233403	 96.213614	 96.194166	 96.175055	 96.156279	 96.137838	 96.119728	 96.101947	 96.084492	 96.067362	 96.050553	 96.034063	  96.01789	  96.00203	  95.98648	 95.971238	 95.956301	 95.941665	 95.927327	 95.913284	 95.899534	 95.886072	 95.872895	     95.86	 95.847384	 95.835043	 95.822973	 95.811171	 95.799634	 95.788357	 95.777338	 95.766573	 95.756057	 95.745788	 95.735762	 95.725975	 95.716424	 95.707104	 95.698012	 95.689145	 95.680498	 95.672068	 95.663852	 95.655846	 95.648046	 95.640448	  95.63305	 95.625846	 95.618835	 95.612011	 95.605373	 95.598916	 95.592636	 95.586531	 95.580597	 95.574831	 95.569228	 95.563787	 95.558504	 95.553375	 95.548397	 95.543568	 95.538884	 95.534342	 95.529938	 95.525671	 95.521537	 95.517534	 95.513658	 95.509906	 95.506277	 95.502767	 95.499373	 95.496094	 95.492926	 95.489868	 95.486916	 95.484068	 95.481323	 95.478677	 95.476129	 95.473677	 95.471318	  95.46905	 95.466872	 95.464782	 95.462777	 95.460856	 95.459017	 95.457259	 95.455579	 95.453977	 95.452451	 95.450999	 95.449621	 95.448314	 95.447077	  95.44591	  95.44481	 95.443778	 95.442812	 95.441911	 95.441073	   95.4403	 95.439589	 95.438939	 95.438351	 95.437823	 95.437355	 95.436947	 95.436598	 95.436308	 95.436076	 95.435902	 95.435786	 95.435728	
        99	 98.948837	 98.897684	 98.846551	 98.795451	 98.744391	 98.693384	 98.642439	 98.591566	 98.540777	  98.49008	 98.439486	 98.389006	 98.338649	 98.288425	 98.238344	 98.188416	  98.13865	 98.089056	 98.039644	 97.990422	 97.941401	 97.892588	 97.843994	 97.795627	 97.747496	 97.699609	 97.651975	 97.604603	 97.557499	 97.510673	 97.464132	 97.417884	 97.371937	 97.326297	 97.280972	 97.235969	 97.191295	 97.146956	 97.102959	  97.05931	 97.016016	 96.973081	 96.930511	 96.888313	 96.846492	 96.805052	 96.763998	 96.723335	 96.683068	 96.643201	 96.603737	 96.564682	 96.526037	 96.487808	 96.449997	 96.412607	 96.375641	 96.339101	 96.302991	 96.267312	 96.232066	 96.197255	 96.162881	 96.128946	  96.09545	 96.062394	  96.02978	 95.997607	 95.965878	 95.934591	 95.903746	 95.873345	 95.843386	  95.81387	 95.784795	 95.756161	 95.727966	  95.70021	 95.672892	  95.64601	 95.619563	 95.593548	 95.567964	 95.542809	 95.518081	 95.493778	 95.469896	 95.446434	 95.423389	 95.400759	 95.378539	 95.356728	 95.335321	 95.314317	 95.293711	   95.2735	 95.253681	  95.23425	 95.215203	 95.196537	 95.178248	 95.160331	 95.142783	   95.1256	 95.108778	 95.092312	 95.076198	 95.060433	 95.045011	 95.029928	  95.01518	 95.000763	 94.986672	 94.972902	  94.95945	  94.94631	 94.933477	 94.920948	 94.908718	 94.896782	 94.885136	 94.873775	 94.862694	 94.851889	 94.841355	 94.831088	 94.821084	 94.811336	 94.801842	 94.792597	 94.783595	 94.774833	 94.766307	 94.758011	 94.749942	 94.742095	 94.734466	 94.727051	 94.719845	 94.712845	 94.706045	 94.699443	 94.693034	 94.686814	 94.680779	 94.674925	 94.669249	 94.663747	 94.658415	 94.653249	 94.648246	 94.643402	 94.638715	 94.634179	 94.629793	 94.625552	 94.621454	 94.617496	 94.613674	 94.609985	 94.606427	 94.602996	  94.59969	 94.596506	 94.593442	 94.590494	  94.58766	 94.584939	 94.582326	 94.579821	  94.57742	 94.575123	 94.572925	 94.570827	 94.568825	 94.566918	 94.565103	 94.563381	 94.561747	 94.560202	 94.558743	 94.557369	 94.556079	 94.554872	 94.553746	   94.5527	 94.551733	 94.550844	 94.550033	 94.549298	 94.548638	 94.548054	 94.547543	 94.547107	 94.546744	 94.546454	 94.546237	 94.546093	  94.54602	
        99	 98.938627	 98.877266	  98.81593	 98.754632	 98.693384	 98.632198	 98.571087	 98.510062	 98.449137	 98.388324	 98.327635	 98.267081	 98.206675	 98.146428	 98.086354	 98.026462	 97.966765	 97.907275	 97.848002	 97.788958	 97.730154	 97.671602	  97.61331	 97.555292	 97.497556	 97.440113	 97.382974	 97.326148	 97.269645	 97.213474	 97.157646	 97.102169	 97.047053	 96.992306	 96.937936	 96.883953	 96.830364	 96.777177	   96.7244	 96.672041	 96.620107	 96.568604	  96.51754	 96.466921	 96.416754	 96.367044	 96.317798	 96.269021	 96.220719	 96.172896	 96.125557	 96.078708	 96.032352	 95.986494	 95.941137	 95.896286	 95.851943	 95.808112	 95.764796	 95.721997	 95.679718	 95.637961	 95.596727	  95.55602	 95.515839	 95.476187	 95.437065	 95.398473	 95.360411	 95.322881	 95.285881	 95.249414	 95.213476	  95.17807	 95.143193	 95.108844	 95.075024	 95.041729	  95.00896	 94.976713	 94.944988	 94.913782	 94.883093	 94.852918	 94.823256	 94.794102	 94.765455	 94.737312	 94.709668	 94.682521	 94.655868	 94.629704	 94.604026	  94.57883	 94.554112	 94.529868	 94.506094	 94.482786	 94.459938	 94.437547	 94.415608	 94.394116	 94.373066	 94.352454	 94.332275	 94.312523	 94.293194	 94.274283	 94.255783	 94.237691	     94.22	 94.202706	 94.185803	 94.169285	 94.153148	 94.137386	 94.121993	 94.106964	 94.092293	 94.077975	 94.064005	 94.050377	 94.037085	 94.024124	 94.011488	 93.999172	 93.987171	 93.975478	  93.96409	 93.952999	 93.942201	 93.931691	 93.921463	 93.911512	 93.901833	  93.89242	 93.883269	 93.874374	  93.86573	 93.857332	 93.849176	 93.841256	 93.833568	 93.826107	 93.818868	 93.811846	 93.805038	 93.798437	 93.792041	 93.785844	 93.779843	 93.774033	 93.768409	 93.762969	 93.757707	 93.752621	 93.747705	 93.742957	 93.738372	 93.733947	 93.729679	 93.725563	 93.721598	 93.717779	 93.714102	 93.710566	 93.707167	 93.703902	 93.700769	 93.697763	 93.694884	 93.692128	 93.689492	 93.686975	 93.684573	 93.682285	 93.680109	 93.678042	 93.676083	 93.674229	 93.672479	 93.670832	 93.669284	 93.667836	 93.666485	  93.66523	  93.66407	 93.663004	 93.662031	 93.661149	 93.660358	 93.659657	 93.659045	 93.658522	 93.658086	 93.657739	 93.657478	 93.657305	 93.657218	
        99	 98.928429	 98.856874	 98.785347	 98.713864	 98.642439	 98.571087	 98.499821	 98.428658	  98.35761	 98.286693	 98.215919	 98.145304	 98.074862	 98.004605	 97.934549	 97.864706	 97.795091	 97.725716	 97.656595	 97.587741	 97.519166	 97.450885	 97.382908	  97.31525	 97.247921	 97.180934	   97.1143	 97.048033	 96.982142	 96.916639	 96.851534	  96.78684	 96.722566	 96.658722	 96.595319	 96.532366	 96.469873	 96.407849	 96.346304	 96.285245	 96.224681	 96.164621	 96.105073	 96.046044	 95.987541	 95.929572	 95.872143	 95.815262	 95.758934	 95.703165	 95.647961	 95.593328	  95.53927	 95.485792	   95.4329	 95.380596	 95.328886	 95.277772	 95.227258	 95.177348	 95.128044	 95.079349	 95.031265	 94.983794	 94.936937	 94.890697	 94.845074	 94.800069	 94.755684	 94.711918	 94.668771	 94.626244	 94.584336	 94.543046	 94.502374	 94.462319	 94.422879	 94.384053	 94.345838	 94.308234	 94.271237	 94.234846	 94.199058	  94.16387	 94.129279	 94.095282	 94.061875	 94.029055	 93.996818	 93.965161	 93.934079	 93.903568	 93.873623	 93.844241	 93.815416	 93.787144	  93.75942	 93.732239	 93.705595	 93.679484	 93.653899	 93.628836	 93.604289	 93.580253	 93.556721	 93.533687	 93.511146	 93.489092	 93.467519	 93.446421	 93.425791	 93.405623	 93.385911	 93.366649	 93.347831	  93.32945	 93.311499	 93.293973	 93.276865	 93.260168	 93.243877	 93.227984	 93.212483	 93.197369	 93.182634	 93.168271	 93.154276	 93.140641	  93.12736	 93.114427	 93.101835	 93.089579	 93.077651	 93.066047	 93.054759	 93.043783	 93.033111	 93.022738	 93.012658	 93.002865	 92.993353	 92.984118	 92.975152	 92.966451	 92.958009	 92.949821	 92.941881	 92.934184	 92.926725	 92.919499	   92.9125	 92.905725	 92.899167	 92.892823	 92.886687	 92.880755	 92.875023	 92.869485	 92.864139	 92.858979	 92.854001	 92.849202	 92.844578	 92.840124	 92.835837	 92.831713	 92.827749	 92.823942	 92.820288	 92.816783	 92.813425	 92.810211	 92.807137	 92.804202	 92.801401	 92.798733	 92.796195	 92.793785	   92.7915	 92.789339	 92.787298	 92.785377	 92.783572	 92.781883	 92.780308	 92.778845	 92.777492	 92.776249	 92.775113	 92.774085	 92.773163	 92.772345	 92.771631	 92.771021	 92.770514	 92.770108	 92.769804	 92.769602	 92.769501	
        99	 98.918247	  98.83651	 98.754807	 98.673153	 98.591566	 98.510062	 98.428658	 98.347369	 98.266213	 98.185206	 98.104363	 98.023701	 97.943236	 97.862984	  97.78296	 97.703181	 97.623661	 97.544415	  97.46546	 97.386809	 97.308479	 97.230482	 97.152834	 97.075549	 96.998641	 96.922124	  96.84601	 96.770314	 96.695048	 96.620225	 96.545859	  96.47196	 96.398541	 96.325614	  96.25319	  96.18128	 96.109896	 96.039048	 95.968745	 95.898999	 95.829819	 95.761214	 95.693193	 95.625765	 95.558939	 95.492723	 95.427123	 95.362149	 95.297807	 95.234103	 95.171045	 95.108639	  95.04689	 94.985804	 94.925386	  94.86564	 94.806573	 94.748187	 94.690487	 94.633476	 94.577157	 94.521533	 94.466608	 94.412383	  94.35886	  94.30604	 94.253926	 94.202519	 94.151818	 94.101825	  94.05254	 94.003962	 93.956091	 93.908927	 93.862469	 93.816714	 93.771663	 93.727313	 93.683661	 93.640707	 93.598447	 93.556878	 93.515998	 93.475803	 93.436291	 93.397456	 93.359297	 93.321807	 93.284984	 93.248823	 93.213318	 93.178466	 93.144261	 93.110699	 93.077773	 93.045478	  93.01381	 92.982761	 92.952327	   92.9225	 92.893276	 92.864647	 92.836608	 92.809151	 92.782271	  92.75596	 92.730212	 92.705021	 92.680378	 92.656278	 92.632713	 92.609676	 92.587159	 92.565157	 92.543661	 92.522665	  92.50216	 92.482141	 92.462598	 92.443526	 92.424917	 92.406763	 92.389057	 92.371792	  92.35496	 92.338555	 92.322568	 92.306993	 92.291822	 92.277049	 92.262666	 92.248666	 92.235041	 92.221786	 92.208892	 92.196354	 92.184164	 92.172315	 92.160801	 92.149614	  92.13875	   92.1282	 92.117959	  92.10802	 92.098377	 92.089024	 92.079954	 92.071162	 92.062642	 92.054388	 92.046393	 92.038654	 92.031163	 92.023916	 92.016907	 92.010131	 92.003583	 91.997258	 91.991151	 91.985257	 91.979571	 91.974089	 91.968807	 91.963719	 91.958822	 91.954112	 91.949584	 91.945235	 91.941061	 91.937058	 91.933222	  91.92955	  91.92604	 91.922686	 91.919487	  91.91644	 91.913541	 91.910788	 91.908178	 91.905709	 91.903378	 91.901183	 91.899122	 91.897192	 91.895393	 91.893721	 91.892176	 91.890756	  91.88946	 91.888285	 91.887231	 91.886297	 91.885482	 91.884785	 91.884205	 91.883742	 91.883395	 91.883164	 91.883048	
        99	  98.90808	  98.81618	 98.724316	 98.632509	 98.540777	 98.449137	  98.35761	 98.266213	 98.174965	 98.083884	 97.992989	 97.902296	 97.811825	 97.721594	 97.631619	 97.541918	  97.45251	  97.36341	 97.274636	 97.186205	 97.098134	 97.010439	 96.923135	  96.83624	 96.749768	 96.663735	 96.578156	 96.493047	 96.408422	 96.324295	  96.24068	 96.157592	 96.075043	 95.993048	 95.911618	 95.830766	 95.750505	 95.670846	 95.591802	 95.513383	   95.4356	 95.358463	 95.281984	 95.206172	 95.131035	 95.056585	 94.982828	 94.909774	 94.837431	 94.765805	 94.694906	 94.624739	 94.555311	 94.486629	 94.418698	 94.351523	  94.28511	 94.219464	 94.154589	 94.090488	 94.027166	 93.964626	  93.90287	 93.841902	 93.781723	 93.722336	 93.663741	 93.605941	 93.548935	 93.492726	 93.437312	 93.382693	  93.32887	  93.27584	 93.223605	 93.172161	 93.121507	 93.071642	 93.022562	 92.974266	 92.926751	 92.880013	  92.83405	 92.788857	 92.744431	 92.700767	 92.657862	 92.615711	 92.574308	  92.53365	 92.493731	 92.454545	 92.416087	  92.37835	  92.34133	  92.30502	 92.269413	 92.234504	 92.200284	 92.166749	  92.13389	 92.101702	 92.070175	 92.039305	 92.009082	 91.979499	  91.95055	 91.922225	 91.894518	 91.867421	 91.840926	 91.815024	 91.789708	 91.764969	 91.740801	 91.717193	 91.694139	  91.67163	 91.649657	 91.628213	  91.60729	 91.586878	 91.566971	 91.547559	 91.528634	 91.510188	 91.492214	 91.474702	 91.457645	 91.441035	 91.424863	 91.409121	 91.393803	 91.378899	 91.364402	 91.350305	 91.336599	 91.323276	  91.31033	 91.297753	 91.285537	 91.273676	 91.262161	 91.250986	 91.240144	 91.229628	  91.21943	 91.209545	 91.199965	 91.190684	 91.181696	 91.172994	 91.164572	 91.156424	 91.148543	 91.140925	 91.133563	 91.126451	 91.119584	 91.112957	 91.106564	 91.100401	 91.094462	 91.088741	 91.083236	  91.07794	 91.072849	 91.067959	 91.063265	 91.058764	 91.054452	 91.050324	 91.046376	 91.042606	 91.039009	 91.035583	 91.032323	 91.029228	 91.026293	 91.023517	 91.020896	 91.018428	 91.016111	 91.013942	 91.011918	 91.010039	 91.008302	 91.006705	 91.005247	 91.003927	 91.002742	 91.001692	 91.000775	 90.999991	 90.999339	 90.998819	 90.998429	 90.998169	 90.998039	
        99	 98.897933	 98.795887	 98.693882	 98.591939	  98.49008	 98.388324	 98.286693	 98.185206	 98.083884	 97.982748	 97.881818	 97.781114	 97.680655	 97.580462	 97.480554	 97.380951	 97.281672	 97.182736	 97.084162	 96.985969	 96.888175	 96.790798	 96.693856	 96.597368	  96.50135	 96.405819	 96.310793	 96.216288	 96.122321	 96.028906	 95.936061	   95.8438	 95.752138	  95.66109	 95.570671	 95.480893	 95.391772	 95.303319	 95.215548	 95.128472	 95.042102	  94.95645	 94.871528	 94.787346	 94.703915	 94.621245	 94.539346	 94.458227	 94.377897	 94.298365	 94.219638	 94.141725	 94.064633	 93.988368	 93.912938	 93.838347	 93.764603	 93.691709	 93.619672	 93.548495	 93.478182	 93.408738	 93.340164	 93.272465	 93.205643	   93.1397	 93.074637	 93.010455	 92.947157	 92.884742	  92.82321	 92.762562	 92.702796	 92.643913	  92.58591	 92.528787	 92.472542	 92.417171	 92.362674	 92.309046	 92.256285	 92.204388	  92.15335	 92.103168	 92.053837	 92.005353	 91.957712	 91.910907	 91.864934	 91.819787	 91.775461	 91.731949	 91.689245	 91.647343	 91.606236	 91.565917	  91.52638	 91.487616	 91.449619	 91.412382	 91.375896	 91.340153	 91.305147	 91.270868	 91.237308	  91.20446	 91.172315	 91.140863	 91.110098	 91.080009	 91.050589	 91.021827	 90.993716	 90.966247	  90.93941	 90.913196	 90.887597	 90.862603	 90.838205	 90.814394	  90.79116	 90.768495	  90.74639	 90.724835	 90.703821	 90.683339	  90.66338	 90.643935	 90.624995	 90.606551	 90.588594	 90.571115	 90.554105	 90.537556	 90.521459	 90.505805	 90.490585	 90.475792	 90.461417	 90.447452	 90.433887	 90.420716	 90.407931	 90.395522	 90.383483	 90.371806	 90.360482	 90.349506	 90.338868	 90.328563	 90.318582	  90.30892	 90.299568	  90.29052	 90.281769	  90.27331	 90.265135	 90.257238	 90.249613	 90.242255	 90.235156	 90.228312	 90.221717	 90.215366	 90.209252	 90.203371	 90.197719	 90.192289	 90.187077	 90.182079	 90.177291	 90.172707	 90.168323	 90.164137	 90.160143	 90.156339	 90.152719	 90.149282	 90.146024	 90.142941	 90.140031	  90.13729	 90.134717	 90.132308	 90.130062	 90.127975	 90.126046	 90.124273	 90.122654	 90.121188	 90.119872	 90.118706	 90.117688	 90.116818	 90.116094	 90.115516	 90.115083	 90.114794	  90.11465	
        99	 98.887806	 98.775635	 98.663509	 98.551452	 98.439486	 98.327635	 98.215919	 98.104363	 97.992989	 97.881818	 97.770874	 97.660177	 97.549751	 97.439617	 97.329797	 97.220311	 97.111182	  97.00243	 96.894075	  96.78614	 96.678642	 96.571604	 96.465044	 96.358982	 96.253437	 96.148428	 96.043974	 95.940092	 95.836801	 95.734119	 95.632061	 95.530646	  95.42989	 95.329809	 95.230418	 95.131733	 95.033769	  94.93654	 94.840061	 94.744345	 94.649405	 94.555255	 94.461907	 94.369372	 94.277664	 94.186791	 94.096766	 94.007599	 93.919299	 93.831875	 93.745338	 93.659694	 93.574953	 93.491121	 93.408207	 93.326216	 93.245154	 93.165028	 93.085843	 93.007604	 92.930315	  92.85398	 92.778604	 92.704188	 92.630735	 92.558249	  92.48673	 92.416181	 92.346602	 92.277994	 92.210358	 92.143692	 92.077997	 92.013271	 91.949514	 91.886723	 91.824896	 91.764032	 91.704127	 91.645179	 91.587183	 91.530137	 91.474035	 91.418874	 91.364649	 91.311355	 91.258986	 91.207538	 91.157003	 91.107377	 91.058653	 91.010823	 90.963882	 90.917823	 90.872637	 90.828318	 90.784858	 90.742248	 90.700481	 90.659549	 90.619443	 90.580154	 90.541674	 90.503994	 90.467105	 90.430998	 90.395663	 90.361091	 90.327273	 90.294199	 90.261859	 90.230244	 90.199344	 90.169149	  90.13965	 90.110835	 90.082696	 90.055222	 90.028403	 90.002229	 89.976691	 89.951777	 89.927478	 89.903785	 89.880686	 89.858172	 89.836233	 89.814858	 89.794039	 89.773765	 89.754026	 89.734813	 89.716115	 89.697924	  89.68023	 89.663023	 89.646293	 89.630033	 89.614231	  89.59888	  89.58397	 89.569492	 89.555438	 89.541798	 89.528564	 89.515728	 89.503282	 89.491216	 89.479523	 89.468195	 89.457225	 89.446603	 89.436323	 89.426378	 89.416759	  89.40746	 89.398474	 89.389794	 89.381413	 89.373324	 89.365521	 89.357998	 89.350749	 89.343767	 89.337047	 89.330582	 89.324369	   89.3184	 89.312672	 89.307178	 89.301914	 89.296875	 89.292057	 89.287455	 89.283065	 89.278883	 89.274905	 89.271127	 89.267545	 89.264156	 89.260957	 89.257945	 89.255116	 89.252469	 89.249999	 89.247705	 89.245585	 89.243636	 89.241857	 89.240245	 89.238798	 89.237517	 89.236398	 89.235441	 89.234646	  89.23401	 89.233534	 89.233217	 89.233058	
        99	 98.877702	 98.755428	 98.633205	 98.511056	 98.389006	 98.267081	 98.145304	 98.023701	 97.902296	 97.781114	 97.660177	 97.539512	 97.419141	 97.299088	 97.179377	 97.060031	 96.941073	 96.822527	 96.704414	 96.586757	 96.469579	 96.352901	 96.236744	  96.12113	 96.006079	 95.891613	 95.777752	 95.664514	 95.551921	 95.439991	 95.328742	 95.218193	 95.108363	 94.999268	 94.890926	 94.783353	 94.676566	 94.570581	 94.465413	 94.361077	 94.257587	 94.154957	 94.053202	 93.952334	 93.852366	  93.75331	 93.655177	 93.557979	 93.461726	  93.36643	 93.272098	 93.178742	 93.086369	 92.994987	 92.904605	  92.81523	 92.726868	 92.639526	 92.553209	 92.467924	 92.383674	 92.300465	 92.218299	 92.137181	 92.057114	 91.978099	  91.90014	 91.823237	 91.747392	 91.672605	 91.598877	 91.526207	 91.454595	  91.38404	 91.314541	 91.246095	 91.178701	 91.112355	 91.047055	 90.982797	 90.919579	 90.857394	  90.79624	 90.736111	 90.677003	 90.618909	 90.561824	 90.505742	 90.450656	 90.396561	 90.343448	 90.291311	 90.240143	 90.189935	  90.14068	 90.092369	 90.044995	 89.998548	 89.953019	 89.908401	 89.864683	 89.821856	  89.77991	 89.738837	 89.698625	 89.659266	 89.620749	 89.583064	   89.5462	 89.510147	 89.474895	 89.440433	  89.40675	 89.373835	 89.341679	 89.310269	 89.279596	 89.249648	 89.220413	 89.191882	 89.164044	 89.136886	 89.110399	 89.084572	 89.059393	 89.034851	 89.010936	 88.987637	 88.964942	 88.942842	 88.921326	 88.900382	 88.880001	 88.860171	 88.840883	 88.822127	 88.803891	 88.786165	 88.768941	 88.752207	 88.735954	 88.720172	 88.704852	 88.689984	 88.675559	 88.661567	 88.647999	 88.634847	 88.622101	 88.609753	 88.597794	 88.586216	  88.57501	 88.564169	 88.553684	 88.543548	 88.533753	 88.524291	 88.515154	 88.506337	 88.497832	 88.489631	 88.481729	 88.474118	 88.466793	 88.459746	 88.452973	 88.446467	 88.440223	 88.434234	 88.428496	 88.423004	 88.417752	 88.412735	  88.40795	 88.403391	 88.399054	 88.394936	 88.391032	 88.387338	 88.383851	 88.380567	 88.377484	 88.374598	 88.371906	 88.369405	 88.367094	  88.36497	  88.36303	 88.361273	 88.359696	 88.358299	  88.35708	 88.356037	  88.35517	 88.354477	 88.353958	 88.353612	 88.353439	
        99	 98.867622	 98.735271	 98.602974	 98.470758	 98.338649	 98.206675	 98.074862	 97.943236	 97.811825	 97.680655	 97.549751	 97.419141	 97.288849	 97.158902	 97.029324	 96.900142	  96.77138	 96.643063	 96.515216	 96.387862	 96.261026	 96.134731	 96.009001	 95.883858	 95.759325	 95.635425	 95.512179	 95.389609	 95.267736	  95.14658	 95.026163	 94.906503	 94.787621	 94.669534	 94.552263	 94.435824	 94.320236	 94.205516	  94.09168	 93.978744	 93.866725	 93.755637	 93.645495	 93.536314	 93.428106	 93.320886	 93.214665	 93.109456	 93.005271	  92.90212	 92.800014	 92.698963	 92.598977	 92.500064	 92.402233	 92.305491	 92.209847	 92.115306	 92.021875	 91.929561	 91.838367	   91.7483	 91.659363	 91.571559	 91.484893	 91.399366	 91.314981	  91.23174	 91.149643	 91.068693	 90.988888	 90.910229	 90.832715	 90.756345	 90.681118	 90.607031	 90.534082	 90.462268	 90.391586	 90.322033	 90.253603	 90.186294	   90.1201	 90.055015	 89.991035	 89.928153	 89.866363	 89.805659	 89.746033	 89.687479	 89.629989	 89.573555	  89.51817	 89.463824	 89.410509	 89.358217	 89.306938	 89.256663	 89.207382	 89.159086	 89.111765	 89.065408	 89.020006	 88.975547	 88.932021	 88.889418	 88.847726	 88.806935	 88.767033	 88.728009	 88.689851	 88.652549	  88.61609	 88.580463	 88.545656	 88.511658	 88.478456	 88.446039	 88.414396	 88.383513	  88.35338	 88.323985	 88.295315	 88.267358	 88.240104	  88.21354	 88.187653	 88.162434	 88.137869	 88.113948	 88.090658	 88.067988	 88.045927	 88.024463	 88.003586	 87.983283	 87.963544	 87.944358	 87.925714	 87.907601	 87.890008	 87.872926	 87.856343	  87.84025	 87.824635	  87.80949	 87.794804	 87.780568	 87.766772	 87.753406	 87.740461	 87.727929	   87.7158	 87.704065	 87.692716	 87.681744	 87.671142	   87.6609	 87.651011	 87.641467	  87.63226	 87.623384	  87.61483	 87.606592	 87.598663	 87.591036	 87.583705	 87.576662	 87.569903	 87.563421	  87.55721	 87.551265	  87.54558	  87.54015	  87.53497	 87.530036	 87.525342	 87.520884	 87.516658	  87.51266	 87.508885	 87.505331	 87.501993	 87.498869	 87.495956	 87.493249	 87.490748	 87.488448	 87.486348	 87.484446	  87.48274	 87.481228	 87.479908	 87.478779	  87.47784	  87.47709	 87.476528	 87.476154	 87.475967	
        99	 98.857569	 98.715167	 98.572823	 98.430566	 98.288425	 98.146428	 98.004605	 97.862984	 97.721594	 97.580462	 97.439617	 97.299088	 97.158902	 97.019086	 96.879668	 96.740676	 96.602135	 96.464074	 96.326517	 96.189492	 96.053024	 95.917138	  95.78186	 95.647213	 95.513224	 95.379914	 95.247309	 95.115431	 94.984302	 94.853946	 94.724384	 94.595637	 94.467726	 94.340672	 94.214495	 94.089214	 93.964848	 93.841415	 93.718934	 93.597422	 93.476896	 93.357372	 93.238866	 93.121393	 93.004968	 92.889605	 92.775318	  92.66212	 92.550022	 92.439038	 92.329178	 92.220453	 92.112874	 92.006449	 91.901188	   91.7971	 91.694192	 91.592472	 91.491946	 91.392621	 91.294502	 91.197595	 91.101904	 91.007432	 90.914184	 90.822162	 90.731369	 90.641806	 90.553476	 90.466378	 90.380512	  90.29588	 90.212479	  90.13031	 90.049369	 89.969656	 89.891167	   89.8139	  89.73785	 89.663015	 89.589389	 89.516968	 89.445747	  89.37572	 89.306881	 89.239223	 89.172741	 89.107427	 89.043273	 88.980273	 88.918417	 88.857697	 88.798106	 88.739633	 88.682269	 88.626006	 88.570832	 88.516739	 88.463716	 88.411752	 88.360837	  88.31096	  88.26211	 88.214275	 88.167444	 88.121606	 88.076748	 88.032859	 87.989926	 87.947939	 87.906883	 87.866748	  87.82752	 87.789188	 87.751738	 87.715157	 87.679434	 87.644556	 87.610509	 87.577282	  87.54486	 87.513232	 87.482385	 87.452306	 87.422982	   87.3944	 87.366548	 87.339413	 87.312983	 87.287245	 87.262186	 87.237795	 87.214058	 87.190965	 87.168502	 87.146657	 87.125419	 87.104776	 87.084716	 87.065228	 87.046299	 87.027919	 87.010077	 86.992762	 86.975961	 86.959666	 86.943865	 86.928548	 86.913703	 86.899323	 86.885395	 86.871911	 86.858861	 86.846235	 86.834024	 86.822219	 86.810811	 86.799792	 86.789152	 86.778883	 86.768977	 86.759427	 86.750224	  86.74136	 86.732829	 86.724622	 86.716734	 86.709157	 86.701885	  86.69491	 86.688228	 86.681831	 86.675714	 86.669872	 86.664299	  86.65899	 86.653939	 86.649143	 86.644596	 86.640294	 86.636233	 86.632409	 86.628818	 86.625456	 86.622321	  86.61941	 86.616718	 86.614244	 86.611984	 86.609938	 86.608102	 86.606475	 86.605055	  86.60384	  86.60283	 86.602023	 86.601419	 86.601016	 86.600815	
        99	 98.847545	  98.69512	 98.542758	 98.390489	 98.238344	 98.086354	 97.934549	  97.78296	 97.631619	 97.480554	 97.329797	 97.179377	 97.029324	 96.879668	 96.730438	 96.581663	 96.433372	 96.285594	 96.138356	 95.991687	 95.845614	 95.700165	 95.555365	 95.411243	 95.267823	 95.125131	 94.983193	 94.842033	 94.701676	 94.562145	 94.423464	 94.285656	 94.148742	 94.012746	 93.877689	  93.74359	 93.610471	 93.478352	 93.347251	 93.217186	 93.088178	 92.960241	 92.833395	 92.707654	 92.583035	 92.459553	 92.337222	 92.216057	  92.09607	 91.977274	 91.859682	 91.743305	 91.628154	 91.514239	 91.401571	 91.290157	 91.180006	 91.071127	 90.963526	  90.85721	 90.752186	 90.648458	 90.546032	 90.444911	   90.3451	 90.246602	 90.149419	 90.053553	 89.959005	 89.865777	 89.773869	  89.68328	 89.594009	 89.506057	  89.41942	 89.334096	 89.250083	 89.167378	 89.085976	 89.005873	 88.927066	 88.849548	 88.773314	 88.698358	 88.624674	 88.552255	 88.481094	 88.411183	 88.342514	 88.275079	  88.20887	 88.143877	 88.080091	 88.017503	 87.956102	 87.895879	 87.836823	 87.778922	 87.722167	 87.666547	 87.612048	 87.558661	 87.506372	  87.45517	 87.405044	 87.355979	 87.307964	 87.260986	 87.215032	 87.170089	 87.126144	 87.083184	 87.041196	 87.000165	 86.960079	 86.920925	 86.882688	 86.845354	 86.808912	 86.773345	 86.738642	 86.704788	  86.67177	 86.639573	 86.608185	 86.577592	  86.54778	 86.518735	 86.490445	 86.462895	 86.436073	 86.409965	 86.384558	 86.359839	 86.335795	 86.312413	  86.28968	 86.267584	 86.246113	 86.225253	 86.204992	 86.185319	 86.166221	 86.147686	 86.129704	 86.112262	 86.095348	 86.078953	 86.063064	 86.047671	 86.032763	  86.01833	 86.004362	 85.990847	 85.977777	 85.965141	  85.95293	 85.941135	 85.929746	 85.918755	 85.908152	 85.897929	 85.888078	 85.878591	 85.869459	 85.860675	 85.852232	 85.844122	 85.836337	 85.828872	 85.821719	 85.814872	 85.808325	 85.802072	 85.796107	 85.790424	 85.785018	 85.779884	 85.775017	 85.770412	 85.766065	 85.761972	 85.758128	  85.75453	 85.751174	 85.748058	 85.745177	 85.742528	  85.74011	 85.737919	 85.735954	 85.734213	 85.732693	 85.731393	 85.730311	 85.729448	 85.728801	  85.72837	 85.728154	
        99	 98.837551	 98.675135	 98.512785	 98.350534	 98.188416	 98.026462	 97.864706	 97.703181	 97.541918	 97.380951	 97.220311	 97.060031	 96.900142	 96.740676	 96.581663	 96.423136	 96.265124	 96.107659	 95.950769	 95.794486	 95.638837	 95.483853	 95.329562	 95.175992	  95.02317	 94.871125	 94.719882	 94.569469	 94.419911	 94.271233	 94.123462	  93.97662	 93.830732	 93.685821	  93.54191	 93.399021	 93.257176	 93.116395	   92.9767	  92.83811	 92.700644	 92.564322	  92.42916	 92.295177	 92.162389	 92.030812	 91.900462	 91.771354	 91.643502	 91.516919	 91.391619	 91.267613	 91.144913	 91.023531	 90.903477	 90.784759	 90.667388	 90.551371	 90.436717	 90.323432	 90.211523	 90.100996	 89.991855	 89.884106	 89.777753	 89.672797	 89.569244	 89.467093	 89.366348	 89.267008	 89.169075	 89.072548	 88.977426	 88.883708	 88.791391	 88.700475	 88.610955	 88.522828	  88.43609	 88.350736	 88.266763	 88.184163	 88.102932	 88.023063	 87.944548	 87.867382	 87.791556	 87.717062	 87.643892	 87.572037	 87.501487	 87.432234	 87.364267	 87.297576	  87.23215	 87.167979	 87.105051	 87.043356	  86.98288	 86.923613	 86.865543	 86.808655	 86.752939	 86.698381	 86.644968	 86.592687	 86.541525	 86.491468	 86.442501	 86.394612	 86.347787	 86.302011	  86.25727	 86.213549	 86.170836	 86.129114	 86.088371	  86.04859	 86.009759	 85.971861	 85.934883	  85.89881	 85.863627	  85.82932	 85.795874	 85.763276	 85.731509	 85.700561	 85.670416	  85.64106	  85.61248	  85.58466	 85.557588	 85.531249	 85.505628	 85.480714	 85.456491	 85.432946	 85.410067	 85.387839	 85.366251	 85.345288	 85.324938	 85.305189	 85.286027	 85.267442	  85.24942	  85.23195	 85.215019	 85.198617	 85.182732	 85.167353	 85.152469	 85.138068	 85.124141	 85.110677	 85.097666	 85.085098	 85.072962	  85.06125	 85.049952	  85.03906	 85.028563	 85.018454	 85.008723	 84.999364	 84.990367	 84.981725	  84.97343	 84.965475	 84.957854	 84.950558	 84.943582	 84.936918	 84.930562	 84.924507	 84.918746	 84.913276	  84.90809	 84.903183	 84.898551	  84.89419	 84.890094	  84.88626	 84.882685	 84.879363	 84.876293	 84.873472	 84.870895	 84.868561	 84.866467	 84.864611	 84.862991	 84.861606	 84.860454	 84.859534	 84.858844	 84.858385	 84.858156	
        99	  98.82759	 98.655214	 98.482909	 98.310709	  98.13865	 97.966765	 97.795091	 97.623661	  97.45251	 97.281672	 97.111182	 96.941073	  96.77138	 96.602135	 96.433372	 96.265124	 96.097423	 95.930302	 95.763792	 95.597926	 95.432733	 95.268245	 95.104493	 94.941506	 94.779313	 94.617945	 94.457428	 94.297791	 94.139063	 93.981269	 93.824435	 93.668589	 93.513756	 93.359959	 93.207223	 93.055572	 92.905029	 92.755616	 92.607355	 92.460267	 92.314372	  92.16969	  92.02624	 91.884041	 91.743111	 91.603466	 91.465123	 91.328098	 91.192406	 91.058061	 90.925078	 90.793468	 90.663245	 90.534419	 90.407003	 90.281006	 90.156437	 90.033307	 89.911622	 89.791391	 89.672619	 89.555315	 89.439482	 89.325126	  89.21225	 89.100859	 88.990956	 88.882542	 88.775619	 88.670188	 88.566249	 88.463803	 88.362848	 88.263383	 88.165406	 88.068914	 87.973905	 87.880374	 87.788317	  87.69773	 87.608607	 87.520943	 87.434731	 87.349964	 87.266635	 87.184737	 87.104262	   87.0252	 86.947543	 86.871282	 86.796406	 86.722906	 86.650771	 86.579991	 86.510553	 86.442447	 86.375661	 86.310182	 86.245998	 86.183097	 86.121465	  86.06109	 86.001957	 85.944054	 85.887366	 85.831879	 85.777579	 85.724452	 85.672483	 85.621658	 85.571961	 85.523378	 85.475893	 85.429492	  85.38416	  85.33988	 85.296638	 85.254418	 85.213205	 85.172984	 85.133738	 85.095453	 85.058113	 85.021702	 84.986206	 84.951608	 84.917894	 84.885048	 84.853054	 84.821899	 84.791566	 84.762041	 84.733308	 84.705353	 84.678162	  84.65172	 84.626012	 84.601023	 84.576741	 84.553151	 84.530238	  84.50799	 84.486392	 84.465432	 84.445095	  84.42537	 84.406243	 84.387702	 84.369733	 84.352325	 84.335466	 84.319144	 84.303347	 84.288064	 84.273283	 84.258993	 84.245184	 84.231845	 84.218965	 84.206535	 84.194544	 84.182984	 84.171843	 84.161114	 84.150787	 84.140854	 84.131305	 84.122133	  84.11333	 84.104887	 84.096798	 84.089055	 84.081651	 84.074579	 84.067833	 84.061406	 84.055293	 84.049487	 84.043983	 84.038775	  84.03386	  84.02923	 84.024884	 84.020815	  84.01702	 84.013495	 84.010237	 84.007242	 84.004507	  84.00203	 83.999808	 83.997838	 83.996119	 83.994649	 83.993426	 83.992449	 83.991718	  83.99123	 83.990987	
