Time step 4:
        99	        99	        99	        99	        99	        99	        99	        99	        99	        99	        99	        99	        99	        99	        99	        99	        99	        99	        99	        99	        99	        99	        99	        99	        99	        99	        99	        99	        99	        99	        99	        99	        99	        99	        99	        99	        99	        99	        99	        99	        99	        99	        99	        99	        99	        99	        99	        99	        99	        99	        99	        99	        99	        99	        99	        99	        99	        99	        99	        99	        99	        99	        99	        99	        99	        99	        99	        99	        99	        99	        99	        99	        99	        99	        99	        99	        99	        99	        99	        99	        99	        99	        99	        99	        99	        99	        99	        99	        99	        99	        99	        99	        99	        99	        99	        99	        99	        99	        99	        99	        99	        99	        99	        99	        99	        99	        99	        99	        99	        99	        99	        99	        99	        99	        99	        99	        99	        99	        99	        99	        99	        99	        99	        99	        99	        99	        99	        99	        99	        99	        99	        99	        99	        99	        99	        99	        99	        99	        99	        99	        99	        99	        99	        99	        99	        99	        99	        99	        99	        99	        99	        99	        99	        99	        99	        99	        99	        99	        99	        99	        99	        99	        99	        99	        99	        99	        99	        99	        99	        99	        99	        99	        99	        99	        99	        99	        99	        99	        99	        99	        99	        99	        99	        99	        99	        99	        99	        99	        99	        99	        99	        99	        99	        99	        99	        99	        99	        99	        99	        99	
        99	 98.841455	 98.683411	  98.52636	  98.37079	 98.217172	  98.06596	 97.917584	  97.77245	 97.630936	 97.493385	 97.360107	 97.231377	 97.107431	 96.988468	 96.874646	 96.766086	 96.662872	 96.565048	 96.472625	  96.38558	 96.303858	 96.227375	  96.15602	 96.089658	 96.028135	 95.971277	 95.918895	 95.870789	 95.826749	 95.786557	 95.749992	 95.716832	 95.686855	 95.659838	 95.635568	 95.613832	 95.594428	 95.577159	 95.561838	 95.548289	 95.536344	 95.525847	  95.51665	 95.508618	 95.501625	 95.495556	 95.490305	 95.485776	 95.481882	 95.478545	 95.475693	 95.473265	 95.471202	 95.469457	 95.467984	 95.466745	 95.465706	 95.464837	 95.464114	 95.463512	 95.463014	 95.462603	 95.462265	 95.461987	  95.46176	 95.461575	 95.461425	 95.461303	 95.461204	 95.461125	 95.461061	  95.46101	  95.46097	 95.460937	 95.460912	 95.460891	 95.460875	 95.460863	 95.460853	 95.460845	 95.460839	 95.460835	 95.460831	 95.460828	 95.460826	 95.460825	 95.460823	 95.460822	 95.460822	 95.460821	 95.460821	  95.46082	  95.46082	  95.46082	  95.46082	  95.46082	  95.46082	  95.46082	  95.46082	  95.46082	  95.46082	 95.460819	 95.460819	 95.460819	 95.460819	 95.460819	 95.460819	 95.460819	 95.460819	 95.460819	 95.460819	 95.460819	 95.460819	 95.460819	 95.460819	 95.460819	 95.460819	 95.460819	 95.460819	 95.460819	 95.460819	 95.460819	 95.460819	 95.460819	 95.460819	 95.460819	 95.460819	 95.460819	 95.460819	 95.460819	 95.460819	 95.460819	 95.460819	 95.460819	 95.460819	 95.460819	 95.460819	 95.460819	 95.460819	 95.460819	 95.460819	 95.460819	 95.460819	 95.460819	 95.460819	 95.460819	 95.460819	 95.460819	 95.460819	 95.460819	 95.460819	 95.460819	 95.460819	 95.460819	 95.460819	 95.460819	 95.460819	 95.460819	 95.460819	 95.460819	 95.460819	 95.460819	 95.460819	 95.460819	 95.460819	 95.460819	 95.460819	 95.460819	 95.460819	 95.460819	 95.460819	 95.460819	 95.460819	 95.460819	 95.460819	 95.460819	 95.460819	 95.460819	 95.460819	 95.460819	 95.460819	 95.460819	 95.460819	 95.460819	 95.460819	 95.460819	 95.460819	 95.460819	 95.460819	 95.460819	 95.460819	 95.460819	 95.460819	 95.460819	 95.460819	 95.460819	 95.460819	 95.460819	 95.460819	
        99	 98.683411	 98.367819	 98.054214	 97.743564	 97.436812	 97.134863	 96.838579	 96.548769	 96.266186	 95.991518	 95.725382	 95.468328	 95.220827	 94.983275	  94.75599	 94.539213	 94.333109	  94.13777	 93.953216	   93.7794	 93.616214	 93.463489	 93.321003	  93.18849	 93.065637	   92.9521	 92.847502	 92.751441	 92.663499	 92.583242	 92.510228	 92.444013	 92.384152	 92.330205	  92.28174	 92.238337	 92.199589	 92.165106	 92.134513	 92.107458	 92.083606	 92.062644	 92.044279	  92.02824	 92.014276	 92.002157	 91.991672	 91.982629	 91.974853	 91.968189	 91.962495	 91.957646	 91.953528	 91.950042	 91.947101	 91.944627	 91.942552	 91.940818	 91.939373	 91.938172	 91.937178	 91.936357	 91.935681	 91.935127	 91.934673	 91.934304	 91.934003	  91.93376	 91.933563	 91.933404	 91.933277	 91.933176	 91.933094	  91.93303	 91.932978	 91.932938	 91.932906	 91.932881	 91.932861	 91.932846	 91.932834	 91.932825	 91.932818	 91.932812	 91.932808	 91.932805	 91.932802	   91.9328	 91.932799	 91.932798	 91.932797	 91.932796	 91.932796	 91.932795	 91.932795	 91.932795	 91.932795	 91.932795	 91.932795	 91.932795	 91.932795	 91.932795	 91.932795	 91.932795	 91.932795	 91.932795	 91.932795	 91.932795	 91.932795	 91.932795	 91.932795	 91.932795	 91.932795	 91.932794	 91.932794	 91.932794	 91.932794	 91.932794	 91.932794	 91.932794	 91.932794	 91.932794	 91.932794	 91.932794	 91.932794	 91.932794	 91.932794	 91.932794	 91.932794	 91.932794	 91.932794	 91.932794	 91.932794	 91.932794	 91.932794	 91.932794	 91.932794	 91.932794	 91.932794	 91.932794	 91.932794	 91.932794	 91.932794	 91.932794	 91.932794	 91.932794	 91.932794	 91.932794	 91.932794	 91.932794	 91.932794	 91.932794	 91.932794	 91.932794	 91.932794	 91.932794	 91.932794	 91.932794	 91.932794	 91.932794	 91.932794	 91.932794	 91.932794	 91.932794	 91.932794	 91.932794	 91.932794	 91.932794	 91.932794	 91.932794	 91.932794	 91.932794	 91.932794	 91.932794	 91.932794	 91.932794	 91.932794	 91.932794	 91.932794	 91.932794	 91.932794	 91.932794	 91.932794	 91.932794	 91.932794	 91.932794	 91.932794	 91.932794	 91.932794	 91.932794	 91.932794	 91.932794	 91.932794	 91.932794	 91.932794	 91.932794	 91.932794	 91.932794	 91.932794	
        99	  98.52636	 98.054214	 97.585038	 97.120285	 96.661362	 96.209626	 95.766365	  95.33279	 94.910026	 94.499102	 94.100946	 93.716375	 93.346097	 92.990702	 92.650668	 92.326355	 92.018009	 91.725768	 91.449663	 91.189623	 90.945485	 90.716997	 90.503829	  90.30558	 90.121784	 89.951925	 89.795439	 89.651726	 89.520158	 89.400088	 89.290855	 89.191792	 89.102236	 89.021527	 88.949021	 88.884087	 88.826118	 88.774528	  88.72876	 88.688284	   88.6526	 88.621239	 88.593764	 88.569768	 88.548877	 88.530746	  88.51506	  88.50153	 88.489898	 88.479928	  88.47141	 88.464154	 88.457993	 88.452779	 88.448378	 88.444677	 88.441573	 88.438979	 88.436816	  88.43502	 88.433533	 88.432305	 88.431294	 88.430464	 88.429786	 88.429233	 88.428783	 88.428419	 88.428125	 88.427888	 88.427698	 88.427545	 88.427424	 88.427327	  88.42725	  88.42719	 88.427142	 88.427105	 88.427075	 88.427052	 88.427034	 88.427021	  88.42701	 88.427002	 88.426995	  88.42699	 88.426987	 88.426984	 88.426982	  88.42698	 88.426979	 88.426978	 88.426977	 88.426977	 88.426976	 88.426976	 88.426976	 88.426976	 88.426976	 88.426975	 88.426975	 88.426975	 88.426975	 88.426975	 88.426975	 88.426975	 88.426975	 88.426975	 88.426975	 88.426975	 88.426975	 88.426975	 88.426975	 88.426975	 88.426975	 88.426975	 88.426975	 88.426975	 88.426975	 88.426975	 88.426975	 88.426975	 88.426975	 88.426975	 88.426975	 88.426975	 88.426975	 88.426975	 88.426975	 88.426975	 88.426975	 88.426975	 88.426975	 88.426975	 88.426975	 88.426975	 88.426975	 88.426975	 88.426975	 88.426975	 88.426975	 88.426975	 88.426975	 88.426975	 88.426975	 88.426975	 88.426975	 88.426975	 88.426975	 88.426975	 88.426975	 88.426975	 88.426975	 88.426975	 88.426975	 88.426975	 88.426975	 88.426975	 88.426975	 88.426975	 88.426975	 88.426975	 88.426975	 88.426975	 88.426975	 88.426975	 88.426975	 88.426975	 88.426975	 88.426975	 88.426975	 88.426975	 88.426975	 88.426975	 88.426975	 88.426975	 88.426975	 88.426975	 88.426975	 88.426975	 88.426975	 88.426975	 88.426975	 88.426975	 88.426975	 88.426975	 88.426975	 88.426975	 88.426975	 88.426975	 88.426975	 88.426975	 88.426975	 88.426975	 88.426975	 88.426975	 88.426975	 88.426975	 88.426975	
        99	  98.37079	 97.743564	 97.120285	  96.50288	 95.893221	 95.293109	 94.704256	 94.128271	 93.566647	 93.020753	  92.49182	 91.980934	 91.489036	  91.01691	 90.565189	 90.134353	  89.72473	   89.3365	 88.969706	 88.624255	 88.299928	 87.996393	 87.713209	 87.449843	 87.205679	 86.980029	 86.772144	 86.581228	 86.406446	 86.246938	 86.101827	 85.970227	 85.851255	 85.744037	 85.647716	 85.561454	 85.484445	  85.41591	 85.355109	 85.301338	 85.253934	 85.212272	 85.175773	 85.143896	 85.116144	 85.092057	 85.071218	 85.053245	 85.037793	 85.024548	 85.013232	 85.003593	 84.995409	 84.988481	 84.982636	 84.977718	 84.973595	 84.970148	 84.967276	  84.96489	 84.962914	 84.961282	 84.959939	 84.958838	 84.957937	 84.957202	 84.956605	 84.956121	  84.95573	 84.955415	 84.955162	  84.95496	 84.954798	  84.95467	 84.954568	 84.954488	 84.954424	 84.954374	 84.954335	 84.954305	 84.954281	 84.954263	 84.954249	 84.954238	 84.954229	 84.954223	 84.954218	 84.954214	 84.954211	 84.954209	 84.954207	 84.954206	 84.954205	 84.954204	 84.954204	 84.954204	 84.954203	 84.954203	 84.954203	 84.954203	 84.954203	 84.954203	 84.954203	 84.954203	 84.954203	 84.954203	 84.954203	 84.954203	 84.954203	 84.954203	 84.954203	 84.954203	 84.954203	 84.954203	 84.954203	 84.954203	 84.954203	 84.954203	 84.954203	 84.954203	 84.954203	 84.954203	 84.954203	 84.954203	 84.954203	 84.954203	 84.954203	 84.954203	 84.954203	 84.954203	 84.954203	 84.954203	 84.954203	 84.954203	 84.954203	 84.954203	 84.954203	 84.954203	 84.954203	 84.954203	 84.954203	 84.954203	 84.954203	 84.954203	 84.954203	 84.954203	 84.954203	 84.954203	 84.954203	 84.954203	 84.954203	 84.954203	 84.954203	 84.954203	 84.954203	 84.954203	 84.954203	 84.954203	 84.954203	 84.954203	 84.954203	 84.954203	 84.954203	 84.954203	 84.954203	 84.954203	 84.954203	 84.954203	 84.954203	 84.954203	 84.954203	 84.954203	 84.954203	 84.954203	 84.954203	 84.954203	 84.954203	 84.954203	 84.954203	 84.954203	 84.954203	 84.954203	 84.954203	 84.954203	 84.954203	 84.954203	 84.954203	 84.954203	 84.954203	 84.954203	 84.954203	 84.954203	 84.954203	 84.954203	 84.954203	 84.954203	 84.954203	 84.954203	 84.954203	
        99	 98.217172	 97.436812	 96.661362	 95.893221	 95.134718	 94.388092	 93.655474	 92.938865	 92.240124	 91.560953	 90.902883	 90.267268	 89.655276	 89.067883	 88.505877	 87.969855	 87.460224	 86.977211	 86.520867	 86.091076	 85.687567	 85.309925	 84.957603	 84.629939	 84.326164	 84.045423	 83.786784	 83.549257	 83.331804	 83.133353	 82.952814	 82.789085	 82.641067	 82.507673	 82.387835	 82.280514	 82.184703	 82.099437	 82.023792	 81.956893	 81.897915	 81.846082	 81.800672	 81.761013	 81.726485	 81.696518	 81.670591	  81.64823	 81.629005	 81.612527	 81.598448	 81.586456	 81.576273	 81.567655	 81.560382	 81.554265	 81.549135	 81.544846	 81.541273	 81.538304	 81.535845	 81.533816	 81.532145	 81.530774	 81.529653	 81.528739	 81.527996	 81.527394	 81.526907	 81.526516	 81.526201	  81.52595	 81.525749	 81.525589	 81.525462	 81.525362	 81.525283	 81.525221	 81.525173	 81.525135	 81.525105	 81.525083	 81.525065	 81.525051	 81.525041	 81.525033	 81.525026	 81.525022	 81.525018	 81.525015	 81.525013	 81.525012	 81.525011	  81.52501	 81.525009	 81.525009	 81.525008	 81.525008	 81.525008	 81.525008	 81.525008	 81.525008	 81.525008	 81.525008	 81.525008	 81.525008	 81.525008	 81.525007	 81.525007	 81.525007	 81.525007	 81.525007	 81.525007	 81.525007	 81.525007	 81.525007	 81.525007	 81.525007	 81.525007	 81.525007	 81.525007	 81.525007	 81.525007	 81.525007	 81.525007	 81.525007	 81.525007	 81.525007	 81.525007	 81.525007	 81.525007	 81.525007	 81.525007	 81.525007	 81.525007	 81.525007	 81.525007	 81.525007	 81.525007	 81.525007	 81.525007	 81.525007	 81.525007	 81.525007	 81.525007	 81.525007	 81.525007	 81.525007	 81.525007	 81.525007	 81.525007	 81.525007	 81.525007	 81.525007	 81.525007	 81.525007	 81.525007	 81.525007	 81.525007	 81.525007	 81.525007	 81.525007	 81.525007	 81.525007	 81.525007	 81.525007	 81.525007	 81.525007	 81.525007	 81.525007	 81.525007	 81.525007	 81.525007	 81.525007	 81.525007	 81.525007	 81.525007	 81.525007	 81.525007	 81.525007	 81.525007	 81.525007	 81.525007	 81.525007	 81.525007	 81.525007	 81.525007	 81.525007	 81.525007	 81.525007	 81.525007	 81.525007	 81.525007	 81.525007	 81.525007	 81.525007	 81.525007	 81.525007	 81.525007	
        99	  98.06596	 97.134863	 96.209626	 95.293109	 94.388092	 93.497247	 92.623114	 91.768083	 90.934372	 90.124012	 89.338828	 88.580437	  87.85023	 87.149376	 86.478812	 85.839251	  85.23118	 84.654867	 84.110375	 83.597565	 83.116114	 82.665526	  82.24515	 81.854193	 81.491741	 81.156772	 80.848174	 80.564766	  80.30531	 80.068527	 79.853114	  79.65776	 79.481151	 79.321991	 79.179005	 79.050954	 78.936636	   78.8349	 78.744643	 78.664823	 78.594452	 78.532608	 78.478426	 78.431106	 78.389909	 78.354154	  78.32322	  78.29654	 78.273601	  78.25394	 78.237141	 78.222833	 78.210684	   78.2004	 78.191723	 78.184424	 78.178303	 78.173186	 78.168923	  78.16538	 78.162447	 78.160025	 78.158032	 78.156396	 78.155059	 78.153968	 78.153081	 78.152363	 78.151783	 78.151315	  78.15094	  78.15064	   78.1504	  78.15021	 78.150058	 78.149939	 78.149845	 78.149771	 78.149713	 78.149668	 78.149633	 78.149605	 78.149584	 78.149568	 78.149555	 78.149546	 78.149538	 78.149533	 78.149528	 78.149525	 78.149523	 78.149521	  78.14952	 78.149519	 78.149518	 78.149517	 78.149517	 78.149517	 78.149516	 78.149516	 78.149516	 78.149516	 78.149516	 78.149516	 78.149516	 78.149516	 78.149516	 78.149516	 78.149516	 78.149516	 78.149516	 78.149516	 78.149516	 78.149516	 78.149516	 78.149516	 78.149516	 78.149516	 78.149516	 78.149516	 78.149516	 78.149516	 78.149516	 78.149516	 78.149516	 78.149516	 78.149516	 78.149516	 78.149516	 78.149516	 78.149516	 78.149516	 78.149516	 78.149516	 78.149516	 78.149516	 78.149516	 78.149516	 78.149516	 78.149516	 78.149516	 78.149516	 78.149516	 78.149516	 78.149516	 78.149516	 78.149516	 78.149516	 78.149516	 78.149516	 78.149516	 78.149516	 78.149516	 78.149516	 78.149516	 78.149516	 78.149516	 78.149516	 78.149516	 78.149516	 78.149516	 78.149516	 78.149516	 78.149516	 78.149516	 78.149516	 78.149516	 78.149516	 78.149516	 78.149516	 78.149516	 78.149516	 78.149516	 78.149516	 78.149516	 78.149516	 78.149516	 78.149516	 78.149516	 78.149516	 78.149516	 78.149516	 78.149516	 78.149516	 78.149516	 78.149516	 78.149516	 78.149516	 78.149516	 78.149516	 78.149516	 78.149516	 78.149516	 78.149516	 78.149516	 78.149516	 78.149516	 78.149516	 78.149516	
        99	 97.917584	 96.838579	 95.766365	 94.704256	 93.655474	 92.623114	 91.610122	 90.619266	 89.653118	 88.714028	 87.804116	 86.925251	 86.079049	 85.266862	 84.489777	  83.74862	 83.043954	 82.376093	 81.745107	 81.150835	 80.592904	  80.07074	 79.583586	 79.130525	 78.710497	 78.322317	 77.964698	 77.636271	 77.335599	 77.061203	 76.811572	 76.585185	 76.380522	 76.196079	  76.03038	 75.881988	 75.749511	 75.631614	  75.52702	  75.43452	 75.352971	 75.281303	 75.218514	 75.163678	 75.115937	 75.074503	 75.038654	 75.007736	 74.981153	 74.958369	 74.938902	 74.922321	 74.908242	 74.896325	 74.886269	 74.877811	 74.870718	 74.864789	 74.859848	 74.855743	 74.852343	 74.849537	 74.847227	 74.845332	 74.843781	 74.842517	  74.84149	 74.840658	 74.839985	 74.839443	 74.839009	 74.838661	 74.838383	 74.838162	 74.837987	 74.837848	 74.837739	 74.837654	 74.837587	 74.837534	 74.837493	 74.837462	 74.837437	 74.837418	 74.837404	 74.837393	 74.837384	 74.837378	 74.837373	 74.837369	 74.837366	 74.837364	 74.837362	 74.837361	  74.83736	  74.83736	 74.837359	 74.837359	 74.837359	 74.837358	 74.837358	 74.837358	 74.837358	 74.837358	 74.837358	 74.837358	 74.837358	 74.837358	 74.837358	 74.837358	 74.837358	 74.837358	 74.837358	 74.837358	 74.837358	 74.837358	 74.837358	 74.837358	 74.837358	 74.837358	 74.837358	 74.837358	 74.837358	 74.837358	 74.837358	 74.837358	 74.837358	 74.837358	 74.837358	 74.837358	 74.837358	 74.837358	 74.837358	 74.837358	 74.837358	 74.837358	 74.837358	 74.837358	 74.837358	 74.837358	 74.837358	 74.837358	 74.837358	 74.837358	 74.837358	 74.837358	 74.837358	 74.837358	 74.837358	 74.837358	 74.837358	 74.837358	 74.837358	 74.837358	 74.837358	 74.837358	 74.837358	 74.837358	 74.837358	 74.837358	 74.837358	 74.837358	 74.837358	 74.837358	 74.837358	 74.837358	 74.837358	 74.837358	 74.837358	 74.837358	 74.837358	 74.837358	 74.837358	 74.837358	 74.837358	 74.837358	 74.837358	 74.837358	 74.837358	 74.837358	 74.837358	 74.837358	 74.837358	 74.837358	 74.837358	 74.837358	 74.837358	 74.837358	 74.837358	 74.837358	 74.837358	 74.837358	 74.837358	 74.837358	 74.837358	 74.837358	 74.837358	 74.837358	 74.837358	
        99	  97.77245	 96.548769	  95.33279	 94.128271	 92.938865	 91.768083	 90.619266	 89.495555	 88.399862	 87.334857	 86.302941	 85.306237	 84.346574	 83.425487	 82.544209	 81.703676	 80.904527	 80.147118	 79.431528	 78.757576	 78.124837	 77.532659	 76.980187	  76.46638	 75.990034	 75.549807	 75.144238	 74.771775	 74.430789	 74.119602	 73.836501	  73.57976	 73.347656	 73.138483	 72.950567	 72.782279	  72.63204	 72.498335	 72.379717	 72.274815	 72.182333	 72.101055	 72.029848	  71.96766	 71.913518	 71.866528	 71.825873	  71.79081	 71.760663	 71.734824	 71.712747	 71.693943	 71.677976	 71.664461	 71.653058	 71.643465	 71.635421	 71.628697	 71.623093	 71.618438	 71.614583	   71.6114	  71.60878	 71.606631	 71.604873	  71.60344	 71.602275	  71.60133	 71.600568	 71.599953	  71.59946	 71.599066	 71.598751	   71.5985	 71.598302	 71.598145	 71.598021	 71.597924	 71.597848	 71.597788	 71.597742	 71.597706	 71.597678	 71.597657	  71.59764	 71.597628	 71.597618	 71.597611	 71.597605	 71.597601	 71.597598	 71.597595	 71.597594	 71.597592	 71.597591	  71.59759	  71.59759	 71.597589	 71.597589	 71.597589	 71.597589	 71.597589	 71.597589	 71.597589	 71.597588	 71.597588	 71.597588	 71.597588	 71.597588	 71.597588	 71.597588	 71.597588	 71.597588	 71.597588	 71.597588	 71.597588	 71.597588	 71.597588	 71.597588	 71.597588	 71.597588	 71.597588	 71.597588	 71.597588	 71.597588	 71.597588	 71.597588	 71.597588	 71.597588	 71.597588	 71.597588	 71.597588	 71.597588	 71.597588	 71.597588	 71.597588	 71.597588	 71.597588	 71.597588	 71.597588	 71.597588	 71.597588	 71.597588	 71.597588	 71.597588	 71.597588	 71.597588	 71.597588	 71.597588	 71.597588	 71.597588	 71.597588	 71.597588	 71.597588	 71.597588	 71.597588	 71.597588	 71.597588	 71.597588	 71.597588	 71.597588	 71.597588	 71.597588	 71.597588	 71.597588	 71.597588	 71.597588	 71.597588	 71.597588	 71.597588	 71.597588	 71.597588	 71.597588	 71.597588	 71.597588	 71.597588	 71.597588	 71.597588	 71.597588	 71.597588	 71.597588	 71.597588	 71.597588	 71.597588	 71.597588	 71.597588	 71.597588	 71.597588	 71.597588	 71.597588	 71.597588	 71.597588	 71.597588	 71.597588	 71.597588	 71.597588	 71.597588	 71.597588	 71.597588	
        99	 97.630936	 96.266186	 94.910026	 93.566647	 92.240124	 90.934372	 89.653118	 88.399862	 87.177857	 85.990076	 84.839199	 83.727592	 82.657298	 81.630027	 80.647154	 79.709723	 78.818448	 77.973724	  77.17564	 76.423994	 75.718312	 75.057868	 74.441707	 73.868668	 73.337409	 72.846432	  72.39411	  71.97871	 71.598416	 71.251355	 70.935618	  70.64928	  70.39042	 70.157134	 69.947556	 69.759867	 69.592309	 69.443191	   69.3109	 69.193905	 69.090762	 69.000115	 68.920699	 68.851342	 68.790959	 68.738552	 68.693211	 68.654106	 68.620484	 68.591666	 68.567044	 68.546072	 68.528265	 68.513193	 68.500475	 68.489776	 68.480805	 68.473306	 68.467056	 68.461864	 68.457565	 68.454015	 68.451093	 68.448696	 68.446736	 68.445137	 68.443838	 68.442785	 68.441934	 68.441249	 68.440699	 68.440259	 68.439908	 68.439629	 68.439407	 68.439232	 68.439094	 68.438986	 68.438901	 68.438834	 68.438783	 68.438743	 68.438712	 68.438688	 68.438669	 68.438655	 68.438645	 68.438636	  68.43863	 68.438625	 68.438622	 68.438619	 68.438617	 68.438616	 68.438615	 68.438614	 68.438613	 68.438613	 68.438612	 68.438612	 68.438612	 68.438612	 68.438612	 68.438612	 68.438612	 68.438612	 68.438612	 68.438612	 68.438612	 68.438612	 68.438612	 68.438612	 68.438611	 68.438611	 68.438611	 68.438611	 68.438611	 68.438611	 68.438611	 68.438611	 68.438611	 68.438611	 68.438611	 68.438611	 68.438611	 68.438611	 68.438611	 68.438611	 68.438611	 68.438611	 68.438611	 68.438611	 68.438611	 68.438611	 68.438611	 68.438611	 68.438611	 68.438611	 68.438611	 68.438611	 68.438611	 68.438611	 68.438611	 68.438611	 68.438611	 68.438611	 68.438611	 68.438611	 68.438611	 68.438611	 68.438611	 68.438611	 68.438611	 68.438611	 68.438611	 68.438611	 68.438611	 68.438611	 68.438611	 68.438611	 68.438611	 68.438611	 68.438611	 68.438611	 68.438611	 68.438611	 68.438611	 68.438611	 68.438611	 68.438611	 68.438611	 68.438611	 68.438611	 68.438611	 68.438611	 68.438611	 68.438611	 68.438611	 68.438611	 68.438611	 68.438611	 68.438611	 68.438611	 68.438611	 68.438611	 68.438611	 68.438611	 68.438611	 68.438611	 68.438611	 68.438611	 68.438611	 68.438611	 68.438611	 68.438611	 68.438611	 68.438611	 68.438611	 68.438611	
        99	 97.493385	 95.991518	 94.499102	 93.020753	 91.560953	 90.124012	 88.714028	 87.334857	 85.990076	 84.682958	 83.416452	 82.193162	 81.015335	 79.884853	 78.803231	 77.771617	 76.790795	 75.861202	 74.982934	 74.155771	  73.37919	 72.652392	 71.974326	 71.343715	  70.75908	 70.218776	  69.72101	 69.263875	 68.845374	 68.463445	 68.115987	 67.800882	 67.516014	 67.259291	 67.028657	 66.822112	  66.63772	 66.473621	  66.32804	 66.199291	 66.085785	 65.986031	 65.898638	 65.822313	 65.755863	 65.698191	 65.648295	 65.605261	 65.568261	 65.536549	 65.509454	 65.486375	 65.466779	 65.450192	 65.436196	 65.424423	 65.414551	 65.406298	 65.399421	 65.393707	 65.388976	 65.385069	 65.381854	 65.379217	 65.377059	   65.3753	  65.37387	 65.372711	 65.371775	 65.371021	 65.370416	 65.369932	 65.369545	 65.369238	 65.368994	 65.368801	  65.36865	  65.36853	 65.368437	 65.368364	 65.368307	 65.368263	 65.368229	 65.368203	 65.368182	 65.368167	 65.368155	 65.368146	 65.368139	 65.368134	  65.36813	 65.368127	 65.368125	 65.368123	 65.368122	 65.368121	 65.368121	  65.36812	  65.36812	 65.368119	 65.368119	 65.368119	 65.368119	 65.368119	 65.368119	 65.368119	 65.368119	 65.368119	 65.368119	 65.368119	 65.368119	 65.368119	 65.368119	 65.368119	 65.368119	 65.368119	 65.368119	 65.368119	 65.368119	 65.368119	 65.368119	 65.368119	 65.368119	 65.368119	 65.368119	 65.368119	 65.368119	 65.368119	 65.368119	 65.368119	 65.368119	 65.368119	 65.368119	 65.368119	 65.368119	 65.368119	 65.368119	 65.368119	 65.368119	 65.368119	 65.368119	 65.368119	 65.368119	 65.368119	 65.368119	 65.368119	 65.368119	 65.368119	 65.368119	 65.368119	 65.368119	 65.368119	 65.368119	 65.368119	 65.368119	 65.368119	 65.368119	 65.368119	 65.368119	 65.368119	 65.368119	 65.368119	 65.368119	 65.368119	 65.368119	 65.368119	 65.368119	 65.368119	 65.368119	 65.368119	 65.368119	 65.368119	 65.368119	 65.368119	 65.368119	 65.368119	 65.368119	 65.368119	 65.368119	 65.368119	 65.368119	 65.368119	 65.368119	 65.368119	 65.368119	 65.368119	 65.368119	 65.368119	 65.368119	 65.368119	 65.368119	 65.368119	 65.368119	 65.368119	 65.368119	 65.368119	 65.368119	 65.368119	 65.368119	
        99	 97.360107	 95.725382	 94.100946	  92.49182	 90.902883	 89.338828	 87.804116	 86.302941	 84.839199	 83.416452	 82.037909	 80.706406	 79.424387	 78.193902	 77.016599	 75.893727	 74.826142	 73.814316	 72.858358	 71.958024	 71.112746	 70.321656	 69.583609	 68.897214	 68.260864	 67.672765	 67.130967	 66.633395	 66.177873	  65.76216	 65.383966	 65.040988	 64.730922	  64.45149	 64.200455	  63.97564	 63.774938	 63.596323	 63.437864	 63.297727	 63.174181	 63.065603	  62.97048	 62.887403	 62.815076	 62.752303	 62.697994	 62.651153	 62.610881	 62.576363	 62.546871	 62.521751	 62.500422	 62.482368	 62.467134	  62.45432	 62.443574	 62.434592	 62.427106	 62.420887	 62.415737	 62.411485	 62.407986	 62.405115	 62.402767	 62.400852	 62.399295	 62.398034	 62.397015	 62.396195	 62.395536	 62.395009	 62.394588	 62.394254	 62.393988	 62.393779	 62.393613	 62.393483	 62.393382	 62.393302	 62.393241	 62.393193	 62.393155	 62.393127	 62.393105	 62.393088	 62.393075	 62.393065	 62.393058	 62.393052	 62.393048	 62.393045	 62.393042	  62.39304	 62.393039	 62.393038	 62.393037	 62.393037	 62.393036	 62.393036	 62.393036	 62.393036	 62.393036	 62.393036	 62.393036	 62.393035	 62.393035	 62.393035	 62.393035	 62.393035	 62.393035	 62.393035	 62.393035	 62.393035	 62.393035	 62.393035	 62.393035	 62.393035	 62.393035	 62.393035	 62.393035	 62.393035	 62.393035	 62.393035	 62.393035	 62.393035	 62.393035	 62.393035	 62.393035	 62.393035	 62.393035	 62.393035	 62.393035	 62.393035	 62.393035	 62.393035	 62.393035	 62.393035	 62.393035	 62.393035	 62.393035	 62.393035	 62.393035	 62.393035	 62.393035	 62.393035	 62.393035	 62.393035	 62.393035	 62.393035	 62.393035	 62.393035	 62.393035	 62.393035	 62.393035	 62.393035	 62.393035	 62.393035	 62.393035	 62.393035	 62.393035	 62.393035	 62.393035	 62.393035	 62.393035	 62.393035	 62.393035	 62.393035	 62.393035	 62.393035	 62.393035	 62.393035	 62.393035	 62.393035	 62.393035	 62.393035	 62.393035	 62.393035	 62.393035	 62.393035	 62.393035	 62.393035	 62.393035	 62.393035	 62.393035	 62.393035	 62.393035	 62.393035	 62.393035	 62.393035	 62.393035	 62.393035	 62.393035	 62.393035	 62.393035	 62.393035	 62.393035	 62.393035	 62.393035	
        99	 97.231377	 95.468328	 93.716375	 91.980934	 90.267268	 88.580437	 86.925251	 85.306237	 83.727592	 82.193162	 80.706406	 79.270381	 77.887726	  76.56065	 75.290932	 74.079917	 72.928528	 71.837277	 70.806278	  69.83527	 68.923641	 68.070453	 67.274471	 66.534197	 65.847895	 65.213633	 64.629307	 64.092677	 63.601399	 63.153054	 62.745175	 62.375274	  62.04087	 61.739504	 61.468765	 61.226304	 61.009847	 60.817213	 60.646316	 60.495179	 60.361936	 60.244836	 60.142246	 60.052649	 59.974644	 59.906945	 59.848373	 59.797856	 59.754422	 59.717196	 59.685389	 59.658297	 59.635294	 59.615823	 59.599394	 59.585573	 59.573984	 59.564297	 59.556224	 59.549517	 59.543963	 59.539377	 59.535603	 59.532507	 59.529974	 59.527909	  59.52623	  59.52487	 59.523771	 59.522887	 59.522176	 59.521608	 59.521154	 59.520793	 59.520507	 59.520281	 59.520103	 59.519963	 59.519853	 59.519767	 59.519701	 59.519649	 59.519609	 59.519578	 59.519554	 59.519536	 59.519522	 59.519512	 59.519504	 59.519497	 59.519493	 59.519489	 59.519487	 59.519485	 59.519483	 59.519482	 59.519482	 59.519481	  59.51948	  59.51948	  59.51948	  59.51948	  59.51948	  59.51948	 59.519479	 59.519479	 59.519479	 59.519479	 59.519479	 59.519479	 59.519479	 59.519479	 59.519479	 59.519479	 59.519479	 59.519479	 59.519479	 59.519479	 59.519479	 59.519479	 59.519479	 59.519479	 59.519479	 59.519479	 59.519479	 59.519479	 59.519479	 59.519479	 59.519479	 59.519479	 59.519479	 59.519479	 59.519479	 59.519479	 59.519479	 59.519479	 59.519479	 59.519479	 59.519479	 59.519479	 59.519479	 59.519479	 59.519479	 59.519479	 59.519479	 59.519479	 59.519479	 59.519479	 59.519479	 59.519479	 59.519479	 59.519479	 59.519479	 59.519479	 59.519479	 59.519479	 59.519479	 59.519479	 59.519479	 59.519479	 59.519479	 59.519479	 59.519479	 59.519479	 59.519479	 59.519479	 59.519479	 59.519479	 59.519479	 59.519479	 59.519479	 59.519479	 59.519479	 59.519479	 59.519479	 59.519479	 59.519479	 59.519479	 59.519479	 59.519479	 59.519479	 59.519479	 59.519479	 59.519479	 59.519479	 59.519479	 59.519479	 59.519479	 59.519479	 59.519479	 59.519479	 59.519479	 59.519479	 59.519479	 59.519479	 59.519479	 59.519479	 59.519479	 59.519479	
        99	 97.107431	 95.220827	 93.346097	 91.489036	 89.655276	  87.85023	 86.079049	 84.346574	 82.657298	 81.015335	 79.424387	 77.887726	 76.408175	 74.988099	 73.629399	 72.333517	  71.10144	 69.933715	 68.830465	  67.79141	 66.815896	 65.902918	 65.051156	 64.259004	 63.524609	 62.845899	 62.220625	  61.64639	 61.120685	 60.640922	  60.20446	 59.808638	   59.4508	 59.128316	 58.838605	 58.579154	 58.347529	 58.141396	 57.958524	 57.796797	 57.654217	 57.528912	 57.419133	 57.323258	 57.239787	 57.167344	 57.104668	 57.050611	 57.004134	 56.964299	 56.930264	 56.901274	 56.876659	 56.855824	 56.838243	 56.823455	 56.811054	 56.800687	 56.792049	 56.784872	 56.778929	 56.774022	 56.769983	  56.76667	  56.76396	  56.76175	 56.759954	 56.758498	 56.757323	 56.756376	 56.755616	 56.755007	 56.754522	 56.754136	 56.753829	 56.753587	 56.753397	 56.753247	 56.753129	 56.753038	 56.752967	 56.752911	 56.752868	 56.752835	  56.75281	  56.75279	 56.752776	 56.752764	 56.752756	 56.752749	 56.752744	 56.752741	 56.752738	 56.752736	 56.752734	 56.752733	 56.752732	 56.752732	 56.752731	 56.752731	  56.75273	  56.75273	  56.75273	  56.75273	  56.75273	  56.75273	  56.75273	  56.75273	  56.75273	  56.75273	  56.75273	  56.75273	  56.75273	  56.75273	  56.75273	  56.75273	  56.75273	  56.75273	  56.75273	  56.75273	  56.75273	  56.75273	  56.75273	  56.75273	  56.75273	  56.75273	  56.75273	  56.75273	  56.75273	  56.75273	  56.75273	  56.75273	  56.75273	  56.75273	  56.75273	  56.75273	  56.75273	  56.75273	  56.75273	  56.75273	  56.75273	  56.75273	  56.75273	  56.75273	  56.75273	  56.75273	  56.75273	  56.75273	  56.75273	  56.75273	  56.75273	  56.75273	  56.75273	  56.75273	  56.75273	  56.75273	  56.75273	  56.75273	  56.75273	  56.75273	  56.75273	  56.75273	  56.75273	  56.75273	  56.75273	  56.75273	  56.75273	  56.75273	  56.75273	  56.75273	  56.75273	  56.75273	  56.75273	  56.75273	  56.75273	  56.75273	  56.75273	  56.75273	  56.75273	  56.75273	  56.75273	  56.75273	  56.75273	  56.75273	  56.75273	  56.75273	  56.75273	  56.75273	  56.75273	  56.75273	  56.75273	  56.75273	  56.75273	  56.75273	  56.75273	  56.75273	  56.75273	  56.75273	  56.75273	
        99	 96.988468	 94.983275	 92.990702	  91.01691	 89.067883	 87.149376	 85.266862	 83.425487	 81.630027	 79.884853	 78.193902	  76.56065	 74.988099	  73.47876	 72.034656	 70.657319	 69.347798	 68.106673	 66.934077	 65.829711	  64.79288	 63.822516	 62.917215	 62.075273	 61.294716	 60.573347	 59.908771	 59.298443	 58.739696	 58.229777	 57.765882	 57.345182	 56.964853	   56.6221	  56.31418	 56.038421	 55.792239	  55.57315	 55.378784	 55.206892	 55.055351	 54.922171	 54.805492	 54.703592	 54.614875	 54.537879	 54.471264	  54.41381	 54.364412	 54.322074	 54.285899	 54.255088	 54.228926	 54.206781	 54.188096	 54.172378	 54.159198	  54.14818	 54.138998	 54.131371	 54.125054	 54.119839	 54.115546	 54.112025	 54.109144	 54.106796	 54.104887	  54.10334	  54.10209	 54.101084	 54.100276	 54.099629	 54.099113	 54.098703	 54.098377	  54.09812	 54.097917	 54.097758	 54.097634	 54.097536	  54.09746	 54.097401	 54.097356	 54.097321	 54.097294	 54.097273	 54.097257	 54.097245	 54.097236	 54.097229	 54.097224	  54.09722	 54.097217	 54.097215	 54.097213	 54.097212	 54.097211	 54.097211	  54.09721	  54.09721	 54.097209	 54.097209	 54.097209	 54.097209	 54.097209	 54.097209	 54.097209	 54.097209	 54.097209	 54.097209	 54.097209	 54.097209	 54.097209	 54.097209	 54.097209	 54.097209	 54.097209	 54.097209	 54.097209	 54.097209	 54.097209	 54.097209	 54.097209	 54.097209	 54.097209	 54.097209	 54.097209	 54.097209	 54.097209	 54.097209	 54.097209	 54.097209	 54.097209	 54.097209	 54.097209	 54.097209	 54.097209	 54.097209	 54.097209	 54.097209	 54.097209	 54.097209	 54.097209	 54.097209	 54.097209	 54.097209	 54.097209	 54.097209	 54.097209	 54.097209	 54.097209	 54.097209	 54.097209	 54.097209	 54.097209	 54.097209	 54.097209	 54.097209	 54.097209	 54.097209	 54.097209	 54.097209	 54.097209	 54.097209	 54.097209	 54.097209	 54.097209	 54.097209	 54.097209	 54.097209	 54.097209	 54.097209	 54.097209	 54.097209	 54.097209	 54.097209	 54.097209	 54.097209	 54.097209	 54.097209	 54.097209	 54.097209	 54.097209	 54.097209	 54.097209	 54.097209	 54.097209	 54.097209	 54.097209	 54.097209	 54.097209	 54.097209	 54.097209	 54.097209	 54.097209	 54.097209	 54.097209	 54.097209	 54.097209	
        99	 96.874646	  94.75599	 92.650668	 90.565189	 88.505877	 86.478812	 84.489777	 82.544209	 80.647154	 78.803231	 77.016599	 75.290932	 73.629399	 72.034656	  70.50884	 69.053568	  67.66995	 66.358599	 65.119653	   63.9528	 62.857302	 61.832032	 60.875508	 59.985927	 59.161206	  58.39902	 57.696842	 57.051981	  56.46162	  55.92285	 55.432708	 54.988205	 54.586357	 54.224211	  53.89887	 53.607509	 53.347398	 53.115914	 52.910552	 52.728935	  52.56882	 52.428105	 52.304825	  52.19716	 52.103424	 52.022072	 51.951688	 51.890984	 51.838791	 51.794058	 51.755837	 51.723282	  51.69564	 51.672243	 51.652501	 51.635894	 51.621968	 51.610327	 51.600626	 51.592567	 51.585893	 51.580382	 51.575847	 51.572127	 51.569083	 51.566602	 51.564585	  51.56295	  51.56163	 51.560567	 51.559713	  51.55903	 51.558485	 51.558051	 51.557707	 51.557436	 51.557222	 51.557053	 51.556921	 51.556819	 51.556738	 51.556676	 51.556628	 51.556591	 51.556563	 51.556541	 51.556524	 51.556511	 51.556502	 51.556494	 51.556489	 51.556485	 51.556482	 51.556479	 51.556478	 51.556476	 51.556475	 51.556475	 51.556474	 51.556474	 51.556473	 51.556473	 51.556473	 51.556473	 51.556473	 51.556473	 51.556473	 51.556473	 51.556473	 51.556473	 51.556473	 51.556473	 51.556473	 51.556473	 51.556473	 51.556473	 51.556473	 51.556473	 51.556473	 51.556473	 51.556473	 51.556473	 51.556473	 51.556473	 51.556473	 51.556473	 51.556473	 51.556473	 51.556473	 51.556473	 51.556473	 51.556473	 51.556473	 51.556473	 51.556473	 51.556473	 51.556473	 51.556473	 51.556473	 51.556473	 51.556473	 51.556473	 51.556473	 51.556473	 51.556473	 51.556473	 51.556473	 51.556473	 51.556473	 51.556473	 51.556473	 51.556473	 51.556473	 51.556473	 51.556473	 51.556473	 51.556473	 51.556473	 51.556473	 51.556473	 51.556473	 51.556473	 51.556473	 51.556473	 51.556473	 51.556473	 51.556473	 51.556473	 51.556473	 51.556473	 51.556473	 51.556473	 51.556473	 51.556473	 51.556473	 51.556473	 51.556473	 51.556473	 51.556473	 51.556473	 51.556473	 51.556473	 51.556473	 51.556473	 51.556473	 51.556473	 51.556473	 51.556473	 51.556473	 51.556473	 51.556473	 51.556473	 51.556473	 51.556473	 51.556473	 51.556473	 51.556473	 51.556473	 51.556473	
        99	 96.766086	 94.539213	 92.326355	 90.134353	 87.969855	 85.839251	  83.74862	 81.703676	 79.709723	 77.771617	 75.893727	 74.079917	 72.333517	 70.657319	 69.053568	 67.523965	 66.069676	 64.691346	 63.389119	 62.162667	 61.011215	 59.933579	   58.9282	 57.993183	 57.126339	 56.325225	 55.587184	 54.909387	 54.288873	 53.722587	 53.207411	 52.740206	 52.317835	 51.937194	 51.595237	 51.288996	 51.015601	 50.772294	 50.556444	 50.365552	  50.19726	 50.049359	 49.919784	  49.80662	 49.708097	 49.622591	 49.548613	 49.484808	 49.429951	 49.382933	  49.34276	 49.308543	  49.27949	 49.254898	 49.234147	 49.216692	 49.202056	  49.18982	 49.179624	 49.171153	 49.164138	 49.158347	  49.15358	 49.149669	 49.146471	 49.143863	 49.141743	 49.140025	 49.138637	 49.137519	 49.136622	 49.135904	 49.135331	 49.134875	 49.134514	 49.134228	 49.134003	 49.133826	 49.133688	  49.13358	 49.133496	  49.13343	  49.13338	 49.133341	 49.133311	 49.133288	  49.13327	 49.133257	 49.133247	 49.133239	 49.133233	 49.133229	 49.133226	 49.133223	 49.133221	  49.13322	 49.133219	 49.133218	 49.133218	 49.133217	 49.133217	 49.133217	 49.133217	 49.133217	 49.133216	 49.133216	 49.133216	 49.133216	 49.133216	 49.133216	 49.133216	 49.133216	 49.133216	 49.133216	 49.133216	 49.133216	 49.133216	 49.133216	 49.133216	 49.133216	 49.133216	 49.133216	 49.133216	 49.133216	 49.133216	 49.133216	 49.133216	 49.133216	 49.133216	 49.133216	 49.133216	 49.133216	 49.133216	 49.133216	 49.133216	 49.133216	 49.133216	 49.133216	 49.133216	 49.133216	 49.133216	 49.133216	 49.133216	 49.133216	 49.133216	 49.133216	 49.133216	 49.133216	 49.133216	 49.133216	 49.133216	 49.133216	 49.133216	 49.133216	 49.133216	 49.133216	 49.133216	 49.133216	 49.133216	 49.133216	 49.133216	 49.133216	 49.133216	 49.133216	 49.133216	 49.133216	 49.133216	 49.133216	 49.133216	 49.133216	 49.133216	 49.133216	 49.133216	 49.133216	 49.133216	 49.133216	 49.133216	 49.133216	 49.133216	 49.133216	 49.133216	 49.133216	 49.133216	 49.133216	 49.133216	 49.133216	 49.133216	 49.133216	 49.133216	 49.133216	 49.133216	 49.133216	 49.133216	 49.133216	 49.133216	 49.133216	 49.133216	 49.133216	 49.133216	
        99	 96.662872	 94.333109	 92.018009	  89.72473	 87.460224	  85.23118	 83.043954	 80.904527	 78.818448	 76.790795	 74.826142	 72.928528	  71.10144	 69.347798	  67.66995	 66.069676	 64.548196	 63.106184	 61.743793	 60.460677	 59.256027	 58.128603	 57.076775	  56.09856	 55.191667	 54.353542	 53.581403	 52.872293	 52.223112	 51.630664	 51.091688	 50.602899	 50.161016	  49.76279	 49.405035	 49.084647	 48.798623	 48.544077	 48.318255	 48.118544	 47.942479	 47.787745	 47.652185	 47.533793	  47.43072	 47.341264	 47.263868	 47.197117	 47.139725	 47.090536	 47.048508	  47.01271	 46.982315	 46.956587	 46.934878	 46.916617	 46.901304	 46.888504	 46.877836	 46.868975	 46.861636	 46.855577	  46.85059	 46.846499	 46.843152	 46.840424	 46.838206	 46.836409	 46.834957	 46.833788	 46.832849	 46.832098	 46.831498	 46.831022	 46.830643	 46.830345	 46.830109	 46.829924	 46.829779	 46.829666	 46.829578	  46.82951	 46.829457	 46.829416	 46.829385	 46.829361	 46.829342	 46.829328	 46.829318	  46.82931	 46.829304	 46.829299	 46.829296	 46.829293	 46.829291	  46.82929	 46.829289	 46.829288	 46.829287	 46.829287	 46.829287	 46.829286	 46.829286	 46.829286	 46.829286	 46.829286	 46.829286	 46.829286	 46.829286	 46.829286	 46.829286	 46.829286	 46.829286	 46.829286	 46.829286	 46.829286	 46.829286	 46.829286	 46.829286	 46.829286	 46.829286	 46.829286	 46.829286	 46.829286	 46.829286	 46.829286	 46.829286	 46.829286	 46.829286	 46.829286	 46.829286	 46.829286	 46.829286	 46.829286	 46.829286	 46.829286	 46.829286	 46.829286	 46.829286	 46.829286	 46.829286	 46.829286	 46.829286	 46.829286	 46.829286	 46.829286	 46.829286	 46.829286	 46.829286	 46.829286	 46.829286	 46.829286	 46.829286	 46.829286	 46.829286	 46.829286	 46.829286	 46.829286	 46.829286	 46.829286	 46.829286	 46.829286	 46.829286	 46.829286	 46.829286	 46.829286	 46.829286	 46.829286	 46.829286	 46.829286	 46.829286	 46.829286	 46.829286	 46.829286	 46.829286	 46.829286	 46.829286	 46.829286	 46.829286	 46.829286	 46.829286	 46.829286	 46.829286	 46.829286	 46.829286	 46.829286	 46.829286	 46.829286	 46.829286	 46.829286	 46.829286	 46.829286	 46.829286	 46.829286	 46.829286	 46.829286	 46.829286	 46.829286	 46.829286	
