Time step 10:
        99	        99	        99	        99	        99	        99	        99	        99	        99	        99	        99	        99	        99	        99	        99	        99	        99	        99	        99	        99	        99	        99	        99	        99	        99	        99	        99	        99	        99	        99	        99	        99	        99	        99	        99	        99	        99	        99	        99	        99	        99	        99	        99	        99	        99	        99	        99	        99	        99	        99	        99	        99	        99	        99	        99	        99	        99	        99	        99	        99	        99	        99	        99	        99	        99	        99	        99	        99	        99	        99	        99	        99	        99	        99	        99	        99	        99	        99	        99	        99	        99	        99	        99	        99	        99	        99	        99	        99	        99	        99	        99	        99	        99	        99	        99	        99	        99	        99	        99	        99	        99	        99	        99	        99	        99	        99	        99	        99	        99	        99	        99	        99	        99	        99	        99	        99	        99	        99	        99	        99	        99	        99	        99	        99	        99	        99	        99	        99	        99	        99	        99	        99	        99	        99	        99	        99	        99	        99	        99	        99	        99	        99	        99	        99	        99	        99	        99	        99	        99	        99	        99	        99	        99	        99	        99	        99	        99	        99	        99	        99	        99	        99	        99	        99	        99	        99	        99	        99	        99	        99	        99	        99	        99	        99	        99	        99	        99	        99	        99	        99	        99	        99	        99	        99	        99	        99	        99	        99	        99	        99	        99	        99	        99	        99	        99	        99	        99	        99	        99	        99	
        99	 98.936533	 98.873146	 98.809919	 98.746932	 98.684261	 98.621985	 98.560179	 98.498916	  98.43827	 98.378308	 98.319099	 98.260707	 98.203192	 98.146614	 98.091027	 98.036483	  97.98303	 97.930712	 97.879569	 97.829639	 97.780953	 97.733542	 97.687429	 97.642636	 97.599179	 97.557073	 97.516326	 97.476945	 97.438932	 97.402285	    97.367	 97.333069	 97.300482	 97.269224	 97.239279	 97.210628	 97.183251	 97.157122	 97.132217	 97.108509	 97.085968	 97.064563	 97.044264	 97.025037	 97.006849	 96.989664	 96.973449	 96.958168	 96.943786	 96.930265	 96.917571	 96.905669	 96.894523	 96.884097	 96.874359	 96.865273	 96.856807	 96.848929	 96.841606	 96.834809	 96.828508	 96.822673	 96.817277	 96.812294	 96.807697	 96.803462	 96.799565	 96.795984	 96.792698	 96.789685	 96.786927	 96.784406	 96.782103	 96.780002	 96.778089	 96.776349	 96.774768	 96.773333	 96.772032	 96.770855	  96.76979	 96.768829	 96.767963	 96.767182	  96.76648	  96.76585	 96.765284	 96.764777	 96.764323	 96.763917	 96.763555	 96.763232	 96.762944	 96.762689	 96.762461	  96.76226	 96.762081	 96.761923	 96.761783	  96.76166	 96.761551	 96.761456	 96.761372	 96.761298	 96.761233	 96.761176	 96.761126	 96.761083	 96.761045	 96.761012	 96.760983	 96.760958	 96.760936	 96.760918	 96.760901	 96.760887	 96.760875	 96.760864	 96.760855	 96.760847	 96.760841	 96.760835	  96.76083	 96.760826	 96.760822	 96.760819	 96.760816	 96.760814	 96.760812	 96.760811	 96.760809	 96.760808	 96.760807	 96.760806	 96.760806	 96.760805	 96.760804	 96.760804	 96.760804	 96.760803	 96.760803	 96.760803	 96.760803	 96.760803	 96.760802	 96.760802	 96.760802	 96.760802	 96.760802	 96.760802	 96.760802	 96.760802	 96.760802	 96.760802	 96.760802	 96.760802	 96.760802	 96.760802	 96.760802	 96.760802	 96.760802	 96.760802	 96.760802	 96.760802	 96.760802	 96.760802	 96.760802	 96.760802	 96.760802	 96.760802	 96.760802	 96.760802	 96.760802	 96.760802	 96.760802	 96.760802	 96.760802	 96.760802	 96.760802	 96.760802	 96.760802	 96.760802	 96.760802	 96.760802	 96.760802	 96.760802	 96.760802	 96.760802	 96.760802	 96.760802	 96.760802	 96.760802	 96.760802	 96.760802	 96.760802	 96.760802	 96.760802	 96.760802	 96.760802	
        99	 98.873146	 98.746453	 98.620079	 98.494182	  98.36892	 98.244447	 98.120912	 97.998465	 97.877248	 97.757401	 97.639057	 97.522346	  97.40739	 97.294305	 97.183201	 97.074182	 96.967343	 96.862773	 96.760552	 96.660754	 96.563445	 96.468681	 96.376514	 96.286984	 96.200126	 96.115967	 96.034525	 95.955812	 95.879833	 95.806586	  95.73606	 95.668242	 95.603108	 95.540631	  95.48078	 95.423515	 95.368794	  95.31657	 95.266791	 95.219404	  95.17435	 95.131568	 95.090995	 95.052566	 95.016212	 94.981865	 94.949456	 94.918913	 94.890166	 94.863142	 94.837771	 94.813981	 94.791702	 94.770864	   94.7514	  94.73324	 94.716319	 94.700572	 94.685936	 94.672351	 94.659756	 94.648094	 94.637309	 94.627348	  94.61816	 94.609696	 94.601907	  94.59475	 94.588181	  94.58216	 94.576647	 94.571607	 94.567004	 94.562806	 94.558983	 94.555504	 94.552343	 94.549475	 94.546875	 94.544522	 94.542395	 94.540474	 94.538742	 94.537182	 94.535779	 94.534518	 94.533387	 94.532374	 94.531467	 94.530656	 94.529932	 94.529286	 94.528711	   94.5282	 94.527746	 94.527343	 94.526986	 94.526671	 94.526391	 94.526145	 94.525928	 94.525736	 94.525568	  94.52542	 94.525291	 94.525177	 94.525078	 94.524991	 94.524915	 94.524849	 94.524792	 94.524742	 94.524698	 94.524661	 94.524628	   94.5246	 94.524575	 94.524554	 94.524536	  94.52452	 94.524507	 94.524495	 94.524486	 94.524477	  94.52447	 94.524464	 94.524458	 94.524454	  94.52445	 94.524447	 94.524444	 94.524442	  94.52444	 94.524438	 94.524437	 94.524435	 94.524434	 94.524434	 94.524433	 94.524432	 94.524432	 94.524431	 94.524431	 94.524431	  94.52443	  94.52443	  94.52443	  94.52443	  94.52443	  94.52443	  94.52443	  94.52443	 94.524429	 94.524429	 94.524429	 94.524429	 94.524429	 94.524429	 94.524429	 94.524429	 94.524429	 94.524429	 94.524429	 94.524429	 94.524429	 94.524429	 94.524429	 94.524429	 94.524429	 94.524429	 94.524429	 94.524429	 94.524429	 94.524429	 94.524429	 94.524429	 94.524429	 94.524429	 94.524429	 94.524429	 94.524429	 94.524429	 94.524429	 94.524429	 94.524429	 94.524429	 94.524429	 94.524429	 94.524429	 94.524429	 94.524429	 94.524429	 94.524429	 94.524429	 94.524429	 94.524429	 94.524429	 94.524429	 94.524429	
        99	 98.809919	 98.620079	 98.430717	 98.242071	 98.054375	  97.86786	 97.682754	 97.499275	 97.317641	 97.138059	 96.960731	 96.785848	 96.613595	 96.444146	 96.277665	 96.114308	 95.954218	 95.797527	 95.644357	 95.494818	 95.349007	 95.207011	 95.068905	 94.934751	 94.804601	 94.678495	 94.556461	 94.438516	 94.324667	 94.214911	 94.109234	 94.007613	 93.910015	 93.816399	 93.726715	 93.640908	 93.558913	 93.480659	  93.40607	 93.335064	 93.267554	 93.203449	 93.142654	  93.08507	 93.030596	 92.979131	 92.930568	 92.884801	 92.841725	 92.801232	 92.763215	 92.727568	 92.694185	 92.662962	 92.633795	 92.606584	 92.581229	 92.557634	 92.535703	 92.515346	 92.496474	 92.478999	 92.462839	 92.447914	 92.434146	 92.421462	 92.409792	 92.399067	 92.389224	 92.380202	 92.371942	 92.364389	 92.357493	 92.351202	 92.345473	  92.34026	 92.335524	 92.331226	 92.327331	 92.323805	 92.320617	 92.317739	 92.315144	 92.312806	 92.310704	 92.308815	  92.30712	 92.305601	 92.304242	 92.303027	 92.301942	 92.300975	 92.300114	 92.299348	 92.298667	 92.298064	 92.297529	 92.297056	 92.296637	 92.296268	 92.295942	 92.295656	 92.295404	 92.295182	 92.294988	 92.294818	 92.294669	 92.294539	 92.294425	 92.294326	  92.29424	 92.294165	   92.2941	 92.294044	 92.293995	 92.293953	 92.293916	 92.293884	 92.293857	 92.293834	 92.293814	 92.293796	 92.293782	 92.293769	 92.293758	 92.293749	 92.293741	 92.293734	 92.293728	 92.293723	 92.293719	 92.293716	 92.293713	  92.29371	 92.293708	 92.293706	 92.293705	 92.293704	 92.293703	 92.293702	 92.293701	   92.2937	   92.2937	 92.293699	 92.293699	 92.293699	 92.293698	 92.293698	 92.293698	 92.293698	 92.293698	 92.293698	 92.293698	 92.293697	 92.293697	 92.293697	 92.293697	 92.293697	 92.293697	 92.293697	 92.293697	 92.293697	 92.293697	 92.293697	 92.293697	 92.293697	 92.293697	 92.293697	 92.293697	 92.293697	 92.293697	 92.293697	 92.293697	 92.293697	 92.293697	 92.293697	 92.293697	 92.293697	 92.293697	 92.293697	 92.293697	 92.293697	 92.293697	 92.293697	 92.293697	 92.293697	 92.293697	 92.293697	 92.293697	 92.293697	 92.293697	 92.293697	 92.293697	 92.293697	 92.293697	 92.293697	 92.293697	 92.293697	 92.293697	
        99	 98.746932	 98.494182	 98.242071	 97.990912	 97.741019	 97.492698	 97.246251	 97.001973	  96.76015	  96.52106	 96.284969	 96.052134	   95.8228	   95.5972	 95.375553	 95.158063	 94.944923	 94.736309	 94.532382	 94.333289	  94.13916	 93.950111	  93.76624	 93.587631	 93.414353	 93.246458	 93.083984	 92.926956	 92.775381	 92.629254	 92.488559	 92.353263	 92.223323	 92.098685	 91.979283	 91.865041	 91.755875	  91.65169	 91.552384	 91.457849	 91.367968	 91.282619	 91.201678	 91.125012	 91.052488	 90.983967	 90.919312	  90.85838	  90.80103	 90.747118	 90.696504	 90.649044	 90.604598	 90.563028	 90.524196	 90.487968	 90.454211	 90.422797	   90.3936	 90.366497	 90.341371	 90.318105	  90.29659	 90.276719	 90.258389	 90.241503	 90.225965	 90.211686	 90.198582	 90.186569	 90.175572	 90.165517	 90.156335	  90.14796	 90.140332	 90.133392	 90.127086	 90.121364	 90.116178	 90.111484	  90.10724	 90.103408	 90.099953	 90.096841	 90.094041	 90.091526	  90.08927	 90.087248	 90.085438	 90.083821	 90.082376	 90.081089	 90.079942	 90.078922	 90.078016	 90.077213	 90.076501	  90.07587	 90.075313	 90.074822	 90.074388	 90.074007	 90.073671	 90.073376	 90.073118	 90.072891	 90.072693	  90.07252	 90.072369	 90.072237	 90.072122	 90.072022	 90.071936	 90.071861	 90.071796	 90.071739	 90.071691	 90.071649	 90.071612	 90.071581	 90.071554	 90.071531	 90.071512	 90.071495	  90.07148	 90.071468	 90.071457	 90.071448	 90.071441	 90.071434	 90.071429	 90.071424	  90.07142	 90.071417	 90.071414	 90.071411	 90.071409	 90.071408	 90.071406	 90.071405	 90.071404	 90.071403	 90.071403	 90.071402	 90.071402	 90.071401	 90.071401	   90.0714	   90.0714	   90.0714	   90.0714	   90.0714	   90.0714	   90.0714	 90.071399	 90.071399	 90.071399	 90.071399	 90.071399	 90.071399	 90.071399	 90.071399	 90.071399	 90.071399	 90.071399	 90.071399	 90.071399	 90.071399	 90.071399	 90.071399	 90.071399	 90.071399	 90.071399	 90.071399	 90.071399	 90.071399	 90.071399	 90.071399	 90.071399	 90.071399	 90.071399	 90.071399	 90.071399	 90.071399	 90.071399	 90.071399	 90.071399	 90.071399	 90.071399	 90.071399	 90.071399	 90.071399	 90.071399	 90.071399	 90.071399	 90.071399	 90.071399	 90.071399	 90.071399	
        99	 98.684261	  98.36892	 98.054375	 97.741019	 97.429241	 97.119426	 96.811948	 96.507177	 96.205468	 95.907168	 95.612611	 95.322116	  95.03599	 94.754522	 94.477985	 94.206636	 93.940713	 93.680437	 93.426009	 93.177612	 92.935409	 92.699542	 92.470137	 92.247297	 92.031108	 91.821635	 91.618926	 91.423011	 91.233899	 91.051586	 90.876048	 90.707247	 90.545128	 90.389624	 90.240654	 90.098121	  89.96192	 89.831935	 89.708037	  89.59009	 89.477951	 89.371467	  89.27048	 89.174829	 89.084344	 88.998856	 88.918189	 88.842168	 88.770615	 88.703353	 88.640204	 88.580991	 88.525539	 88.473674	 88.425226	 88.380026	  88.33791	 88.298716	 88.262288	 88.228474	 88.197125	 88.168098	 88.141255	 88.116463	 88.093594	 88.072525	  88.05314	 88.035325	 88.018975	 88.003988	 87.990267	 87.977722	 87.966266	 87.955818	   87.9463	 87.937642	 87.929775	 87.922635	 87.916165	 87.910308	 87.905013	 87.900233	 87.895922	 87.892039	 87.888546	 87.885409	 87.882593	 87.880071	 87.877813	 87.875795	 87.873993	 87.872386	 87.870956	 87.869683	 87.868553	  87.86755	 87.866662	 87.865876	 87.865181	 87.864567	 87.864027	  87.86355	 87.863132	 87.862764	 87.862441	 87.862159	 87.861911	 87.861695	 87.861507	 87.861342	 87.861199	 87.861075	 87.860967	 87.860873	 87.860792	 87.860721	 87.860661	 87.860608	 87.860563	 87.860524	 87.860491	 87.860462	 87.860437	 87.860416	 87.860398	 87.860383	  87.86037	 87.860358	 87.860349	 87.860341	 87.860334	 87.860328	 87.860323	 87.860319	 87.860315	 87.860312	  87.86031	 87.860308	 87.860306	 87.860304	 87.860303	 87.860302	 87.860301	 87.860301	   87.8603	 87.860299	 87.860299	 87.860299	 87.860298	 87.860298	 87.860298	 87.860298	 87.860298	 87.860297	 87.860297	 87.860297	 87.860297	 87.860297	 87.860297	 87.860297	 87.860297	 87.860297	 87.860297	 87.860297	 87.860297	 87.860297	 87.860297	 87.860297	 87.860297	 87.860297	 87.860297	 87.860297	 87.860297	 87.860297	 87.860297	 87.860297	 87.860297	 87.860297	 87.860297	 87.860297	 87.860297	 87.860297	 87.860297	 87.860297	 87.860297	 87.860297	 87.860297	 87.860297	 87.860297	 87.860297	 87.860297	 87.860297	 87.860297	 87.860297	 87.860297	 87.860297	 87.860297	 87.860297	 87.860297	
        99	 98.621985	 98.244447	  97.86786	 97.492698	 97.119426	 96.748502	 96.380378	 96.015494	 95.654276	  95.29714	 94.944484	 94.596693	 94.254131	 93.917146	 93.586065	 93.261195	 92.942822	  92.63121	 92.326599	 92.029208	 91.739233	 91.456844	 91.182191	 90.915398	 90.656568	 90.405779	 90.163088	  89.92853	 89.702119	 89.483846	 89.273685	 89.071589	 88.877495	  88.69132	 88.512966	  88.34232	 88.179256	 88.023632	 87.875296	 87.734086	 87.599828	 87.472341	 87.351437	 87.236919	 87.128587	 87.026237	  86.92966	 86.838644	 86.752978	 86.672449	 86.596845	 86.525953	 86.459564	 86.397469	 86.339465	  86.28535	 86.234927	 86.188003	  86.14439	 86.103906	 86.066373	 86.031621	 85.999484	 85.969802	 85.942422	 85.917198	 85.893989	 85.872661	 85.853086	 85.835143	 85.818716	 85.803696	 85.789981	 85.777471	 85.766077	  85.75571	 85.746291	 85.737744	 85.729998	 85.722986	 85.716647	 85.710923	 85.705762	 85.701113	 85.696932	 85.693175	 85.689805	 85.686784	 85.684081	 85.681665	 85.679507	 85.677584	 85.675871	 85.674348	 85.672995	 85.671794	  85.67073	 85.669789	 85.668957	 85.668223	 85.667575	 85.667005	 85.666504	 85.666064	 85.665678	 85.665339	 85.665043	 85.664784	 85.664559	 85.664362	  85.66419	 85.664041	 85.663912	   85.6638	 85.663702	 85.663618	 85.663546	 85.663483	 85.663429	 85.663382	 85.663342	 85.663308	 85.663278	 85.663253	 85.663232	 85.663213	 85.663197	 85.663184	 85.663172	 85.663163	 85.663154	 85.663147	 85.663142	 85.663137	 85.663132	 85.663129	 85.663126	 85.663123	 85.663121	 85.663119	 85.663118	 85.663117	 85.663115	 85.663115	 85.663114	 85.663113	 85.663113	 85.663112	 85.663112	 85.663112	 85.663111	 85.663111	 85.663111	 85.663111	 85.663111	 85.663111	 85.663111	 85.663111	 85.663111	 85.663111	  85.66311	  85.66311	  85.66311	  85.66311	  85.66311	  85.66311	  85.66311	  85.66311	  85.66311	  85.66311	  85.66311	  85.66311	  85.66311	  85.66311	  85.66311	  85.66311	  85.66311	  85.66311	  85.66311	  85.66311	  85.66311	  85.66311	  85.66311	  85.66311	  85.66311	  85.66311	  85.66311	  85.66311	  85.66311	  85.66311	  85.66311	  85.66311	  85.66311	  85.66311	  85.66311	  85.66311	  85.66311	  85.66311	  85.66311	
        99	 98.560179	 98.120912	 97.682754	 97.246251	 96.811948	 96.380378	 95.952066	 95.527521	 95.107244	 94.691715	   94.2814	 93.876744	 93.478173	  93.08609	 92.700877	  92.32289	 91.952463	 91.589901	 91.235486	 90.889471	 90.552084	 90.223525	 89.903965	 89.593551	 89.292402	 89.000608	 88.718237	 88.445329	 88.181898	 87.927938	 87.683415	 87.448277	 87.222447	 87.005832	 86.798317	 86.599771	 86.410045	 86.228976	 86.056388	 85.892089	  85.73588	 85.587549	 85.446876	 85.313635	 85.187591	 85.068506	 84.956138	 84.850241	 84.750569	 84.656874	 84.568908	 84.486425	 84.409181	 84.336934	 84.269446	 84.206483	 84.147816	 84.093219	 84.042476	 83.995373	 83.951704	 83.911269	 83.873877	 83.839342	 83.807486	 83.778138	 83.751134	 83.726319	 83.703543	 83.682667	 83.663554	 83.646079	  83.63012	 83.615566	 83.602308	 83.590247	 83.579288	 83.569343	  83.56033	 83.552172	 83.544796	 83.538137	 83.532131	 83.526723	 83.521858	 83.517487	 83.513565	 83.510051	 83.506906	 83.504095	 83.501585	 83.499347	 83.497354	 83.495581	 83.494007	  83.49261	 83.491373	 83.490278	  83.48931	 83.488455	 83.487702	 83.487039	 83.486455	 83.485943	 83.485494	   83.4851	 83.484756	 83.484455	 83.484192	 83.483963	 83.483763	  83.48359	 83.483439	 83.483309	 83.483196	 83.483098	 83.483013	  83.48294	 83.482877	 83.482823	 83.482776	 83.482736	 83.482702	 83.482673	 83.482648	 83.482626	 83.482608	 83.482592	 83.482579	 83.482568	 83.482558	  83.48255	 83.482543	 83.482537	 83.482532	 83.482528	 83.482525	 83.482522	 83.482519	 83.482517	 83.482515	 83.482514	 83.482513	 83.482512	 83.482511	  83.48251	  83.48251	 83.482509	 83.482509	 83.482508	 83.482508	 83.482508	 83.482508	 83.482507	 83.482507	 83.482507	 83.482507	 83.482507	 83.482507	 83.482507	 83.482507	 83.482507	 83.482507	 83.482507	 83.482507	 83.482507	 83.482507	 83.482507	 83.482507	 83.482507	 83.482507	 83.482507	 83.482507	 83.482507	 83.482507	 83.482507	 83.482507	 83.482507	 83.482507	 83.482507	 83.482507	 83.482507	 83.482507	 83.482507	 83.482507	 83.482507	 83.482507	 83.482507	 83.482507	 83.482507	 83.482507	 83.482507	 83.482507	 83.482507	 83.482507	 83.482507	 83.482507	 83.482507	 83.482507	
        99	 98.498916	 97.998465	 97.499275	 97.001973	 96.507177	 96.015494	 95.527521	 95.043843	 94.565026	 94.091618	 93.624151	 93.163131	 92.709043	 92.262347	 91.823478	 91.392842	 90.970818	 90.557755	 90.153974	 89.759763	 89.375382	 89.001058	 88.636987	 88.283336	  87.94024	 87.607803	   87.2861	 86.975179	 86.675055	 86.385721	 86.107139	 85.839248	 85.581964	 85.335176	 85.098757	 84.872555	 84.656403	 84.450113	 84.253485	 84.066301	 83.888334	 83.719342	 83.559075	 83.407275	 83.263674	 83.128002	 82.999983	 82.879336	  82.76578	 82.659034	 82.558816	 82.464844	 82.376841	 82.294531	 82.217642	 82.145909	  82.07907	 82.016869	 81.959058	 81.905394	 81.855642	 81.809576	 81.766976	  81.72763	 81.691337	 81.657901	 81.627136	 81.598864	 81.572916	 81.549131	 81.527357	 81.507447	 81.489266	 81.472684	  81.45758	 81.443839	 81.431353	 81.420024	 81.409755	  81.40046	 81.392057	  81.38447	 81.377628	 81.371467	 81.365924	 81.360944	 81.356476	 81.352473	 81.348889	 81.345686	 81.342827	 81.340277	 81.338007	 81.335988	 81.334194	 81.332603	 81.331193	 81.329945	 81.328842	 81.327869	 81.327011	 81.326255	  81.32559	 81.325007	 81.324495	 81.324046	 81.323654	 81.323311	 81.323012	 81.322751	 81.322523	 81.322326	 81.322154	 81.322005	 81.321877	 81.321765	 81.321669	 81.321586	 81.321514	 81.321452	 81.321399	 81.321354	 81.321314	 81.321281	 81.321252	 81.321228	 81.321207	 81.321189	 81.321174	 81.321161	  81.32115	 81.321141	 81.321133	 81.321126	 81.321121	 81.321116	 81.321112	 81.321109	 81.321106	 81.321104	 81.321102	   81.3211	 81.321099	 81.321097	 81.321096	 81.321096	 81.321095	 81.321094	 81.321094	 81.321094	 81.321093	 81.321093	 81.321093	 81.321093	 81.321092	 81.321092	 81.321092	 81.321092	 81.321092	 81.321092	 81.321092	 81.321092	 81.321092	 81.321092	 81.321092	 81.321092	 81.321092	 81.321092	 81.321092	 81.321092	 81.321092	 81.321092	 81.321092	 81.321092	 81.321092	 81.321092	 81.321092	 81.321092	 81.321092	 81.321092	 81.321092	 81.321092	 81.321092	 81.321092	 81.321092	 81.321092	 81.321092	 81.321092	 81.321092	 81.321092	 81.321092	 81.321092	 81.321092	 81.321092	 81.321092	 81.321092	 81.321092	 81.321092	 81.321092	
        99	  98.43827	 97.877248	 97.317641	  96.76015	 96.205468	 95.654276	 95.107244	 94.565026	 94.028256	 93.497552	 92.973507	 92.456689	 91.947642	 91.446883	 90.954897	  90.47214	 89.999039	 89.535983	 89.083331	 88.641409	 88.210506	 87.790876	 87.382742	 86.986288	 86.601667	 86.228995	 85.868356	 85.519804	 85.183356	 84.859003	 84.546704	 84.246391	 83.957967	 83.681311	 83.416277	 83.162698	 82.920385	 82.689128	 82.468701	 82.258863	 82.059356	 81.869911	 81.690247	 81.520074	 81.359094	 81.207001	 81.063487	 80.928238	 80.800939	 80.681274	 80.568926	  80.46358	 80.364926	 80.272654	  80.18646	 80.106045	 80.031116	 79.961387	 79.896579	  79.83642	 79.780647	 79.729005	 79.681249	 79.637142	 79.596456	 79.558973	 79.524484	 79.492791	 79.463703	 79.437039	 79.412629	  79.39031	 79.369928	 79.351339	 79.334407	 79.319003	 79.305007	 79.292305	 79.280794	 79.270374	 79.260954	 79.252449	 79.244779	 79.237872	 79.231658	 79.226076	 79.221067	 79.216579	 79.212562	 79.208971	 79.205766	 79.202908	 79.200362	 79.198099	 79.196088	 79.194304	 79.192723	 79.191325	 79.190088	 79.188997	 79.188035	 79.187188	 79.186443	 79.185789	 79.185215	 79.184712	 79.184272	 79.183888	 79.183552	  79.18326	 79.183005	 79.182783	 79.182591	 79.182424	  79.18228	 79.182155	 79.182047	 79.181953	 79.181873	 79.181804	 79.181744	 79.181693	  79.18165	 79.181612	  79.18158	 79.181553	 79.181529	 79.181509	 79.181492	 79.181478	 79.181466	 79.181455	 79.181446	 79.181439	 79.181433	 79.181427	 79.181423	 79.181419	 79.181416	 79.181413	 79.181411	 79.181409	 79.181408	 79.181406	 79.181405	 79.181404	 79.181404	 79.181403	 79.181402	 79.181402	 79.181402	 79.181401	 79.181401	 79.181401	 79.181401	 79.181401	   79.1814	   79.1814	   79.1814	   79.1814	   79.1814	   79.1814	   79.1814	   79.1814	   79.1814	   79.1814	   79.1814	   79.1814	   79.1814	   79.1814	   79.1814	   79.1814	   79.1814	   79.1814	   79.1814	   79.1814	   79.1814	   79.1814	   79.1814	   79.1814	   79.1814	   79.1814	   79.1814	   79.1814	   79.1814	   79.1814	   79.1814	   79.1814	   79.1814	   79.1814	   79.1814	   79.1814	   79.1814	   79.1814	   79.1814	   79.1814	   79.1814	   79.1814	   79.1814	
        99	 98.378308	 97.757401	 97.138059	  96.52106	 95.907168	  95.29714	 94.691715	 94.091618	 93.497552	 92.910199	 92.330214	 91.758229	 91.194845	 90.640632	  90.09613	 89.561842	 89.038239	 88.525755	 88.024786	 87.535691	 87.058791	 86.594369	 86.142669	 85.703896	 85.278219	 84.865766	 84.466632	 84.080873	 83.708512	 83.349536	 83.003902	 82.671531	  82.35232	 82.046132	 81.752808	 81.472161	 81.203982	  80.94804	 80.704085	 80.471847	 80.251044	 80.041377	 79.842535	 79.654197	 79.476033	 79.307706	 79.148873	 78.999187	   78.8583	 78.725861	  78.60152	  78.48493	 78.375745	 78.273624	 78.178229	  78.08923	 78.006303	 77.929131	 77.857405	 77.790824	 77.729098	 77.671944	  77.61909	 77.570275	 77.525246	 77.483762	 77.445592	 77.410515	 77.378322	 77.348812	 77.321797	 77.297095	 77.274538	 77.253965	 77.235225	 77.218177	 77.202686	  77.18863	  77.17589	 77.164357	 77.153932	 77.144519	  77.13603	 77.128385	 77.121508	  77.11533	 77.109787	  77.10482	 77.100374	   77.0964	 77.092852	 77.089689	 77.086872	 77.084367	 77.082142	 77.080167	 77.078418	  77.07687	 77.075502	 77.074294	 77.073229	 77.072292	 77.071467	 77.070743	 77.070108	 77.069551	 77.069065	 77.068639	 77.068268	 77.067944	 77.067662	 77.067417	 77.067204	 77.067019	  77.06686	 77.066721	 77.066602	 77.066498	 77.066409	 77.066333	 77.066267	 77.066211	 77.066162	 77.066121	 77.066085	 77.066055	 77.066029	 77.066007	 77.065988	 77.065972	 77.065958	 77.065947	 77.065937	 77.065929	 77.065922	 77.065916	 77.065911	 77.065907	 77.065903	   77.0659	 77.065898	 77.065896	 77.065894	 77.065893	 77.065892	 77.065891	  77.06589	 77.065889	 77.065888	 77.065888	 77.065888	 77.065887	 77.065887	 77.065887	 77.065887	 77.065886	 77.065886	 77.065886	 77.065886	 77.065886	 77.065886	 77.065886	 77.065886	 77.065886	 77.065886	 77.065886	 77.065886	 77.065886	 77.065886	 77.065886	 77.065886	 77.065886	 77.065886	 77.065886	 77.065886	 77.065886	 77.065886	 77.065886	 77.065886	 77.065886	 77.065886	 77.065886	 77.065886	 77.065886	 77.065886	 77.065886	 77.065886	 77.065886	 77.065886	 77.065886	 77.065886	 77.065886	 77.065886	 77.065886	 77.065886	 77.065886	 77.065886	 77.065886	 77.065886	
        99	 98.319099	 97.639057	 96.960731	 96.284969	 95.612611	 94.944484	   94.2814	 93.624151	 92.973507	 92.330214	 91.694993	 91.068533	 90.451492	 89.844497	 89.248137	 88.662965	 88.089495	 87.528202	 86.979522	 86.443846	 85.921527	 85.412874	 84.918155	 84.437594	 83.971375	 83.519641	 83.082494	 82.659997	 82.252172	 81.859008	 81.480456	 81.116431	 80.766818	  80.43147	 80.110211	 79.802835	 79.509115	 79.228798	 78.961608	 78.707253	 78.465421	 78.235786	 78.018007	 77.811732	   77.6166	 77.432241	 77.258281	  77.09434	 76.940034	 76.794982	   76.6588	 76.531106	 76.411522	 76.299675	 76.195195	  76.09772	 76.006896	 75.922374	 75.843817	 75.770895	  75.70329	 75.640693	 75.582805	 75.529341	 75.480023	 75.434588	 75.392783	 75.354366	 75.319107	 75.286787	 75.257198	 75.230144	 75.205439	 75.182907	 75.162382	  75.14371	 75.126744	 75.111349	 75.097395	 75.084765	 75.073347	 75.063037	  75.05374	 75.045367	 75.037835	 75.031069	 75.024998	 75.019557	 75.014688	 75.010336	  75.00645	 75.002986	   74.9999	 74.997156	 74.994719	 74.992557	 74.990641	 74.988945	 74.987447	 74.986124	 74.984958	 74.983931	 74.983028	 74.982235	  74.98154	  74.98093	 74.980397	 74.979931	 74.979524	 74.979169	 74.978861	 74.978592	 74.978359	 74.978157	 74.977982	  74.97783	 74.977699	 74.977586	 74.977489	 74.977405	 74.977333	 74.977271	 74.977218	 74.977172	 74.977134	   74.9771	 74.977072	 74.977048	 74.977027	  74.97701	 74.976995	 74.976982	 74.976972	 74.976962	 74.976955	 74.976948	 74.976943	 74.976938	 74.976935	 74.976931	 74.976929	 74.976926	 74.976925	 74.976923	 74.976922	 74.976921	  74.97692	 74.976919	 74.976918	 74.976918	 74.976917	 74.976917	 74.976917	 74.976916	 74.976916	 74.976916	 74.976916	 74.976916	 74.976916	 74.976916	 74.976916	 74.976915	 74.976915	 74.976915	 74.976915	 74.976915	 74.976915	 74.976915	 74.976915	 74.976915	 74.976915	 74.976915	 74.976915	 74.976915	 74.976915	 74.976915	 74.976915	 74.976915	 74.976915	 74.976915	 74.976915	 74.976915	 74.976915	 74.976915	 74.976915	 74.976915	 74.976915	 74.976915	 74.976915	 74.976915	 74.976915	 74.976915	 74.976915	 74.976915	 74.976915	 74.976915	 74.976915	 74.976915	 74.976915	
        99	 98.260707	 97.522346	 96.785848	 96.052134	 95.322116	 94.596693	 93.876744	 93.163131	 92.456689	 91.758229	 91.068533	 90.388349	 89.718393	 89.059343	 88.411841	 87.776485	 87.153836	 86.544408	 85.948674	  85.36706	 84.799949	 84.247675	 83.710529	 83.188757	 82.682557	 82.192083	 81.717448	 81.258718	 80.815919	 80.389039	 79.978023	  79.58278	 79.203185	 78.839079	 78.490269	 78.156534	 77.837625	 77.533268	 77.243165	 76.966998	 76.704427	 76.455099	 76.218643	 75.994679	 75.782813	 75.582645	 75.393766	 75.215765	 75.048227	 74.890736	 74.742875	  74.60423	 74.474392	 74.352953	 74.239513	 74.133679	 74.035066	 73.943296	 73.858002	 73.778826	 73.705424	 73.637458	 73.574607	 73.516557	  73.46301	 73.413679	 73.368289	 73.326578	 73.288295	 73.253203	 73.221077	 73.191703	 73.164879	 73.140414	  73.11813	 73.097856	 73.079436	  73.06272	  73.04757	 73.033857	 73.021459	 73.010265	 73.000171	  72.99108	 72.982902	 72.975556	 72.968964	 72.963057	  72.95777	 72.953045	 72.948826	 72.945064	 72.941714	 72.938735	 72.936089	 72.933741	 72.931661	  72.92982	 72.928193	 72.926757	 72.925491	 72.924376	 72.923395	 72.922534	 72.921779	 72.921117	 72.920538	 72.920032	  72.91959	 72.919206	  72.91887	 72.918579	 72.918326	 72.918106	 72.917916	 72.917752	 72.917609	 72.917487	 72.917381	  72.91729	 72.917212	 72.917144	 72.917087	 72.917037	 72.916995	 72.916959	 72.916928	 72.916902	  72.91688	 72.916861	 72.916844	 72.916831	 72.916819	 72.916809	 72.916801	 72.916794	 72.916788	 72.916783	 72.916779	 72.916776	 72.916773	  72.91677	 72.916768	 72.916766	 72.916765	 72.916764	 72.916763	 72.916762	 72.916761	 72.916761	  72.91676	  72.91676	  72.91676	 72.916759	 72.916759	 72.916759	 72.916759	 72.916759	 72.916759	 72.916758	 72.916758	 72.916758	 72.916758	 72.916758	 72.916758	 72.916758	 72.916758	 72.916758	 72.916758	 72.916758	 72.916758	 72.916758	 72.916758	 72.916758	 72.916758	 72.916758	 72.916758	 72.916758	 72.916758	 72.916758	 72.916758	 72.916758	 72.916758	 72.916758	 72.916758	 72.916758	 72.916758	 72.916758	 72.916758	 72.916758	 72.916758	 72.916758	 72.916758	 72.916758	 72.916758	 72.916758	 72.916758	 72.916758	 72.916758	
        99	 98.203192	  97.40739	 96.613595	   95.8228	  95.03599	 94.254131	 93.478173	 92.709043	 91.947642	 91.194845	 90.451492	 89.718393	 88.996316	 88.285995	 87.588119	 86.903336	 86.232246	 85.575407	 84.933327	 84.306466	 83.695235	 83.099997	 82.521063	 81.958699	 81.413118	 80.884488	 80.372927	  79.87851	 79.401263	 78.941173	 78.498181	  78.07219	 77.663065	 77.270632	 76.894686	 76.534988	 76.191269	 75.863235	 75.550563	 75.252911	 74.969913	 74.701188	 74.446337	 74.204949	 73.976601	  73.76086	 73.557288	  73.36544	 73.184868	 73.015124	  72.85576	  72.70633	  72.56639	 72.435504	 72.313239	 72.199172	 72.092887	 71.993977	 71.902048	 71.816713	   71.7376	 71.664347	 71.596606	 71.534041	 71.476328	 71.423159	 71.374238	 71.329282	 71.288021	 71.250199	 71.215574	 71.183915	 71.155004	 71.128636	 71.104618	 71.082767	 71.062914	 71.044897	 71.028569	 71.013789	 71.000427	 70.988362	 70.977483	 70.967684	  70.95887	 70.950952	 70.943848	 70.937481	 70.931783	  70.92669	 70.922143	 70.918089	 70.914478	 70.911267	 70.908415	 70.905885	 70.903643	 70.901658	 70.899905	 70.898357	 70.896992	 70.895791	 70.894734	 70.893806	 70.892992	 70.892279	 70.891655	 70.891109	 70.890633	 70.890218	 70.889857	 70.889543	  70.88927	 70.889034	 70.888829	 70.888651	 70.888498	 70.888366	 70.888252	 70.888154	 70.888069	 70.887997	 70.887935	 70.887881	 70.887836	 70.887797	 70.887764	 70.887736	 70.887711	 70.887691	 70.887674	 70.887659	 70.887646	 70.887636	 70.887627	 70.887619	 70.887613	 70.887608	 70.887603	 70.887599	 70.887596	 70.887594	 70.887591	  70.88759	 70.887588	 70.887587	 70.887586	 70.887585	 70.887584	 70.887583	 70.887583	 70.887582	 70.887582	 70.887582	 70.887582	 70.887581	 70.887581	 70.887581	 70.887581	 70.887581	 70.887581	 70.887581	 70.887581	 70.887581	 70.887581	 70.887581	 70.887581	 70.887581	 70.887581	 70.887581	 70.887581	 70.887581	 70.887581	 70.887581	 70.887581	 70.887581	 70.887581	 70.887581	 70.887581	 70.887581	 70.887581	 70.887581	 70.887581	 70.887581	 70.887581	 70.887581	 70.887581	 70.887581	 70.887581	 70.887581	 70.887581	 70.887581	 70.887581	 70.887581	 70.887581	 70.887581	 70.887581	 70.887581	 70.887581	
        99	 98.146614	 97.294305	 96.444146	   95.5972	 94.754522	 93.917146	  93.08609	 92.262347	 91.446883	 90.640632	 89.844497	 89.059343	 88.285995	 87.525237	 86.777808	   86.0444	  85.32566	 84.622181	  83.93451	 83.263138	 82.608506	 81.971002	 81.350961	 80.748665	 80.164345	 79.598179	 79.050295	 78.520771	 78.009637	 77.516878	 77.042431	 76.586193	 76.148017	  75.72772	 75.325079	  74.93984	 74.571716	 74.220389	 73.885516	 73.566729	 73.263637	 72.975831	 72.702884	 72.444357	 72.199794	 71.968735	 71.750708	 71.545237	 71.351844	 71.170048	 70.999368	 70.839327	 70.689451	 70.549271	 70.418325	 70.296159	 70.182327	 70.076394	 69.977937	 69.886544	 69.801813	 69.723359	 69.650808	   69.5838	  69.52199	 69.465046	 69.412651	 69.364502	 69.320311	 69.279804	  69.24272	 69.208813	  69.17785	  69.14961	 69.123886	 69.100484	 69.079221	 69.059925	 69.042437	 69.026608	 69.012297	 68.999376	 68.987724	  68.97723	  68.96779	  68.95931	 68.951701	 68.944882	  68.93878	 68.933325	 68.928455	 68.924113	 68.920246	 68.916807	 68.913752	 68.911042	 68.908641	 68.906516	 68.904638	  68.90298	 68.901519	 68.900232	   68.8991	 68.898106	 68.897234	  68.89647	 68.895802	 68.895218	 68.894708	 68.894264	 68.893877	  68.89354	 68.893248	 68.892995	 68.892775	 68.892585	 68.892421	 68.892279	 68.892157	 68.892052	 68.891962	 68.891884	 68.891818	 68.891761	 68.891712	  68.89167	 68.891635	 68.891605	 68.891579	 68.891557	 68.891538	 68.891522	 68.891509	 68.891498	 68.891488	  68.89148	 68.891473	 68.891468	 68.891463	 68.891459	 68.891455	 68.891453	  68.89145	 68.891448	 68.891447	 68.891445	 68.891444	 68.891443	 68.891442	 68.891442	 68.891441	 68.891441	  68.89144	  68.89144	  68.89144	 68.891439	 68.891439	 68.891439	 68.891439	 68.891439	 68.891439	 68.891439	 68.891439	 68.891439	 68.891439	 68.891439	 68.891439	 68.891439	 68.891439	 68.891439	 68.891439	 68.891439	 68.891439	 68.891439	 68.891439	 68.891439	 68.891439	 68.891439	 68.891439	 68.891439	 68.891439	 68.891439	 68.891439	 68.891439	 68.891439	 68.891439	 68.891439	 68.891439	 68.891439	 68.891439	 68.891439	 68.891439	 68.891439	 68.891439	 68.891439	 68.891439	 68.891439	 68.891439	 68.891439	
        99	 98.091027	 97.183201	 96.277665	 95.375553	 94.477985	 93.586065	 92.700877	 91.823478	 90.954897	  90.09613	 89.248137	 88.411841	 87.588119	 86.777808	 85.981693	 85.200514	 84.434957	 83.685657	 82.953192	 82.238089	 81.540817	 80.861788	  80.20136	 79.559833	 78.937452	 78.334408	 77.750836	 77.186821	 76.642394	 76.117538	 75.612188	 75.126231	 74.659514	  74.21184	 73.782973	 73.372641	 72.980539	 72.606328	 72.249642	  71.91009	 71.587256	 71.280703	 70.989978	 70.714611	 70.454119	 70.208009	 69.975781	 69.756927	 69.550937	 69.357299	 69.175502	 69.005037	 68.845399	 68.696088	 68.556612	 68.426488	 68.305242	  68.19241	  68.08754	 67.990193	 67.899944	 67.816379	 67.739103	  67.66773	 67.601894	 67.541241	 67.485433	 67.434148	 67.387079	 67.343934	 67.304434	 67.268319	 67.235338	 67.205259	 67.177859	 67.152933	 67.130285	 67.109733	 67.091106	 67.074245	 67.059002	 67.045239	 67.032829	 67.021651	 67.011596	 67.002564	 66.994459	 66.987196	 66.980696	 66.974886	 66.969699	 66.965074	 66.960956	 66.957293	 66.954039	 66.951152	 66.948595	 66.946331	 66.944331	 66.942565	 66.941008	 66.939638	 66.938432	 66.937374	 66.936445	 66.935631	 66.934919	 66.934297	 66.933754	 66.933281	 66.932869	  66.93251	 66.932199	 66.931929	 66.931696	 66.931493	 66.931318	 66.931168	 66.931038	 66.930926	 66.930829	 66.930747	 66.930676	 66.930615	 66.930563	 66.930519	 66.930481	 66.930449	 66.930421	 66.930398	 66.930378	 66.930361	 66.930347	 66.930335	 66.930325	 66.930316	 66.930309	 66.930303	 66.930298	 66.930293	  66.93029	 66.930287	 66.930284	 66.930282	  66.93028	 66.930279	 66.930278	 66.930277	 66.930276	 66.930275	 66.930274	 66.930274	 66.930274	 66.930273	 66.930273	 66.930273	 66.930273	 66.930272	 66.930272	 66.930272	 66.930272	 66.930272	 66.930272	 66.930272	 66.930272	 66.930272	 66.930272	 66.930272	 66.930272	 66.930272	 66.930272	 66.930272	 66.930272	 66.930272	 66.930272	 66.930272	 66.930272	 66.930272	 66.930272	 66.930272	 66.930272	 66.930272	 66.930272	 66.930272	 66.930272	 66.930272	 66.930272	 66.930272	 66.930272	 66.930272	 66.930272	 66.930272	 66.930272	 66.930272	 66.930272	 66.930272	 66.930272	 66.930272	 66.930272	
        99	 98.036483	 97.074182	 96.114308	 95.158063	 94.206636	 93.261195	  92.32289	 91.392842	  90.47214	 89.561842	 88.662965	 87.776485	 86.903336	   86.0444	 85.200514	  84.37246	 83.560965	 82.766701	 81.990285	 81.232271	 80.493158	 79.773384	 79.073326	 78.393303	 77.733576	 77.094345	 76.475756	 75.877896	 75.300801	  74.74445	 74.208776	 73.693659	 73.198937	 72.724399	 72.269798	 71.834844	 71.419213	 71.022547	 70.644458	 70.284531	 69.942325	 69.617378	 69.309208	 69.017317	 68.741194	 68.480316	 68.234153	 68.002166	 67.783816	 67.578559	 67.385853	 67.205159	 67.035942	 66.877672	 66.729827	 66.591895	 66.463373	  66.34377	 66.232608	  66.12942	 66.033755	 65.945176	 65.863263	 65.787607	 65.717821	 65.653528	 65.594372	  65.54001	 65.490116	 65.444382	 65.402512	 65.364229	  65.32927	 65.297386	 65.268342	  65.24192	 65.217913	 65.196128	 65.176383	 65.158511	 65.142353	 65.127765	 65.114609	 65.102761	 65.092103	 65.082528	 65.073937	 65.066239	 65.059349	  65.05319	 65.047692	 65.042789	 65.038424	 65.034541	 65.031092	 65.028032	 65.025321	 65.022922	 65.020801	  65.01893	 65.017279	 65.015827	 65.014549	 65.013427	 65.012442	  65.01158	 65.010825	 65.010166	  65.00959	 65.009088	 65.008651	 65.008272	 65.007942	 65.007656	 65.007408	 65.007193	 65.007008	 65.006848	  65.00671	 65.006592	  65.00649	 65.006402	 65.006327	 65.006263	 65.006208	 65.006161	  65.00612	 65.006086	 65.006057	 65.006032	 65.006011	 65.005993	 65.005978	 65.005966	 65.005955	 65.005946	 65.005938	 65.005932	 65.005926	 65.005922	 65.005918	 65.005915	 65.005912	  65.00591	 65.005908	 65.005906	 65.005905	 65.005904	 65.005903	 65.005902	 65.005902	 65.005901	 65.005901	   65.0059	   65.0059	   65.0059	   65.0059	 65.005899	 65.005899	 65.005899	 65.005899	 65.005899	 65.005899	 65.005899	 65.005899	 65.005899	 65.005899	 65.005899	 65.005899	 65.005899	 65.005899	 65.005899	 65.005899	 65.005899	 65.005899	 65.005899	 65.005899	 65.005899	 65.005899	 65.005899	 65.005899	 65.005899	 65.005899	 65.005899	 65.005899	 65.005899	 65.005899	 65.005899	 65.005899	 65.005899	 65.005899	 65.005899	 65.005899	 65.005899	 65.005899	 65.005899	 65.005899	 65.005899	 65.005899	
        99	  97.98303	 96.967343	 95.954218	 94.944923	 93.940713	 92.942822	 91.952463	 90.970818	 89.999039	 89.038239	 88.089495	 87.153836	 86.232246	  85.32566	 84.434957	 83.560965	  82.70445	 81.866124	 81.046634	 80.246568	 79.466451	 78.706745	  77.96785	 77.250102	 76.553775	 75.879082	 75.226175	 74.595148	 73.986037	 73.398822	  72.83343	 72.289737	 71.767568	 71.266705	 70.786884	   70.3278	 69.889111	  69.47044	 69.071376	 68.691481	 68.330291	 67.987317	  67.66205	 67.353967	 67.062525	 66.787175	 66.527355	 66.282499	 66.052035	 65.835391	 65.631995	 65.441277	 65.262672	 65.095622	 64.939575	 64.793991	  64.65834	 64.532102	 64.414772	  64.30586	 64.204888	 64.111395	 64.024937	 63.945085	 63.871427	 63.803568	  63.74113	 63.683752	 63.631091	 63.582819	 63.538627	  63.49822	 63.461321	 63.427668	 63.397014	 63.369126	 63.343787	 63.320793	 63.299953	 63.281089	 63.264036	 63.248638	 63.234752	 63.222247	 63.210998	 63.200892	 63.191824	 63.183699	 63.176427	 63.169926	 63.164123	 63.158948	  63.15434	 63.150242	 63.146602	 63.143372	 63.140511	 63.137979	 63.135741	 63.133765	 63.132023	  63.13049	 63.129141	 63.127957	 63.126918	 63.126008	 63.125211	 63.124515	 63.123907	 63.123378	 63.122917	 63.122516	 63.122168	 63.121866	 63.121604	 63.121378	 63.121182	 63.121013	 63.120868	 63.120743	 63.120635	 63.120543	 63.120463	 63.120395	 63.120337	 63.120288	 63.120245	 63.120209	 63.120178	 63.120152	  63.12013	 63.120111	 63.120095	 63.120082	 63.120071	 63.120061	 63.120053	 63.120046	  63.12004	 63.120035	 63.120031	 63.120028	 63.120025	 63.120023	 63.120021	 63.120019	 63.120018	 63.120017	 63.120016	 63.120015	 63.120014	 63.120014	 63.120013	 63.120013	 63.120013	 63.120012	 63.120012	 63.120012	 63.120012	 63.120012	 63.120012	 63.120012	 63.120012	 63.120012	 63.120012	 63.120011	 63.120011	 63.120011	 63.120011	 63.120011	 63.120011	 63.120011	 63.120011	 63.120011	 63.120011	 63.120011	 63.120011	 63.120011	 63.120011	 63.120011	 63.120011	 63.120011	 63.120011	 63.120011	 63.120011	 63.120011	 63.120011	 63.120011	 63.120011	 63.120011	 63.120011	 63.120011	 63.120011	 63.120011	 63.120011	 63.120011	 63.120011	 63.120011	 63.120011	
