Time step 21:
        99	        99	        99	        99	        99	        99	        99	        99	        99	        99	        99	        99	        99	        99	        99	        99	        99	        99	        99	        99	        99	        99	        99	        99	        99	        99	        99	        99	        99	        99	        99	        99	        99	        99	        99	        99	        99	        99	        99	        99	        99	        99	        99	        99	        99	        99	        99	        99	        99	        99	        99	        99	        99	        99	        99	        99	        99	        99	        99	        99	        99	        99	        99	        99	        99	        99	        99	        99	        99	        99	        99	        99	        99	        99	        99	        99	        99	        99	        99	        99	        99	        99	        99	        99	        99	        99	        99	        99	        99	        99	        99	        99	        99	        99	        99	        99	        99	        99	        99	        99	        99	        99	        99	        99	        99	        99	        99	        99	        99	        99	        99	        99	        99	        99	        99	        99	        99	        99	        99	        99	        99	        99	        99	        99	        99	        99	        99	        99	        99	        99	        99	        99	        99	        99	        99	        99	        99	        99	        99	        99	        99	        99	        99	        99	        99	        99	        99	        99	        99	        99	        99	        99	        99	        99	        99	        99	        99	        99	        99	        99	        99	        99	        99	        99	        99	        99	        99	        99	        99	        99	        99	        99	        99	        99	        99	        99	        99	        99	        99	        99	        99	        99	        99	        99	        99	        99	        99	        99	        99	        99	        99	        99	        99	        99	        99	        99	        99	        99	        99	        99	
        99	  98.96977	 98.939557	 98.909381	  98.87926	  98.84921	 98.819251	   98.7894	 98.759674	 98.730091	 98.700667	  98.67142	 98.642366	  98.61352	 98.584899	 98.556518	 98.528392	 98.500535	 98.472962	 98.445685	 98.418718	 98.392073	 98.365762	 98.339798	  98.31419	 98.288948	 98.264084	 98.239604	  98.21552	 98.191837	 98.168563	 98.145706	  98.12327	 98.101262	 98.079687	 98.058547	 98.037849	 98.017593	 97.997783	  97.97842	 97.959506	 97.941042	 97.923027	 97.905461	 97.888343	 97.871673	 97.855447	 97.839664	  97.82432	 97.809413	 97.794939	 97.780893	 97.767272	 97.754069	 97.741281	 97.728901	 97.716924	 97.705343	 97.694153	 97.683345	 97.672915	 97.662854	 97.653155	 97.643811	 97.634814	 97.626157	 97.617832	  97.60983	 97.602144	 97.594766	 97.587688	 97.580901	 97.574398	 97.568171	 97.562211	  97.55651	  97.55106	 97.545854	 97.540883	  97.53614	 97.531617	 97.527306	   97.5232	 97.519292	 97.515573	 97.512038	 97.508679	 97.505489	 97.502462	  97.49959	 97.496868	  97.49429	 97.491848	 97.489538	 97.487354	  97.48529	  97.48334	 97.481499	 97.479763	 97.478126	 97.476583	 97.475131	 97.473764	 97.472478	  97.47127	 97.470134	 97.469068	 97.468068	  97.46713	 97.466252	 97.465428	 97.464658	 97.463937	 97.463263	 97.462633	 97.462046	 97.461497	 97.460985	 97.460508	 97.460064	  97.45965	 97.459265	 97.458907	 97.458574	 97.458266	 97.457979	 97.457713	 97.457466	 97.457238	 97.457026	  97.45683	 97.456649	 97.456482	 97.456327	 97.456184	 97.456053	 97.455931	 97.455819	 97.455716	 97.455621	 97.455534	 97.455454	  97.45538	 97.455312	  97.45525	 97.455193	 97.455141	 97.455093	 97.455049	 97.455009	 97.454973	 97.454939	 97.454909	 97.454881	 97.454855	 97.454832	 97.454811	 97.454792	 97.454774	 97.454758	 97.454744	  97.45473	 97.454719	 97.454708	 97.454698	 97.454689	 97.454681	 97.454674	 97.454667	 97.454661	 97.454656	 97.454651	 97.454646	 97.454642	 97.454639	 97.454636	 97.454633	  97.45463	 97.454628	 97.454626	 97.454624	 97.454622	 97.454621	 97.454619	 97.454618	 97.454617	 97.454616	 97.454615	 97.454615	 97.454614	 97.454613	 97.454613	 97.454612	 97.454612	 97.454612	 97.454611	 97.454611	 97.454611	 97.454611	 97.454611	
        99	 98.939557	 98.879151	 98.818817	 98.758592	 98.698511	 98.638611	 98.578927	 98.519493	 98.460344	 98.401515	 98.343038	 98.284947	 98.227273	 98.170048	 98.113303	 98.057068	 98.001371	  97.94624	 97.891703	 97.837785	 97.784511	 97.731906	 97.679992	 97.628791	 97.578324	 97.528609	 97.479666	 97.431511	 97.384159	 97.337626	 97.291925	 97.247067	 97.203065	 97.159926	 97.117661	 97.076275	 97.035776	 96.996168	 96.957454	 96.919638	  96.88272	   96.8467	 96.811579	 96.777355	 96.744023	 96.711582	 96.680025	 96.649347	 96.619542	 96.590602	 96.562519	 96.535284	 96.508888	 96.483319	 96.458566	 96.434619	 96.411465	  96.38909	 96.367482	 96.346627	 96.326511	 96.307119	 96.288437	 96.270449	  96.25314	 96.236494	 96.220495	 96.205128	 96.190377	 96.176225	 96.162656	 96.149654	 96.137203	 96.125286	 96.113887	 96.102991	 96.092582	 96.082643	  96.07316	 96.064117	 96.055498	 96.047288	 96.039473	 96.032039	 96.024971	 96.018255	 96.011877	 96.005824	 96.000082	  95.99464	 95.989485	 95.984603	 95.979985	 95.975617	  95.97149	 95.967591	 95.963911	 95.960439	 95.957166	 95.954082	 95.951178	 95.948445	 95.945874	 95.943458	 95.941188	 95.939057	 95.937057	 95.935182	 95.933425	 95.931779	 95.930239	 95.928797	  95.92745	 95.926191	 95.925015	 95.923918	 95.922895	 95.921941	 95.921053	 95.920226	 95.919456	  95.91874	 95.918075	 95.917458	 95.916884	 95.916352	 95.915859	 95.915403	 95.914979	 95.914588	 95.914226	 95.913891	 95.913582	 95.913297	 95.913033	  95.91279	 95.912567	 95.912361	 95.912171	 95.911996	 95.911836	 95.911688	 95.911553	 95.911429	 95.911315	 95.911211	 95.911115	 95.911027	 95.910947	 95.910874	 95.910807	 95.910746	  95.91069	 95.910639	 95.910593	  95.91055	 95.910512	 95.910477	 95.910445	 95.910416	  95.91039	 95.910366	 95.910344	 95.910325	 95.910307	 95.910291	 95.910276	 95.910263	 95.910251	  95.91024	  95.91023	 95.910222	 95.910214	 95.910207	   95.9102	 95.910194	 95.910189	 95.910184	  95.91018	 95.910177	 95.910173	  95.91017	 95.910168	 95.910165	 95.910163	 95.910161	 95.910159	 95.910158	 95.910157	 95.910155	 95.910155	 95.910154	 95.910153	 95.910152	 95.910152	 95.910151	 95.910151	 95.910151	 95.910151	
        99	 98.909381	 98.818817	 98.728361	 98.638069	 98.547993	 98.458188	 98.368706	   98.2796	 98.190922	 98.102722	  98.01505	 97.927957	  97.84149	 97.755696	 97.670621	  97.58631	 97.502806	 97.420151	 97.338386	  97.25755	  97.17768	 97.098811	  97.02098	 96.944217	 96.868554	 96.794019	 96.720641	 96.648444	 96.577452	 96.507687	  96.43917	 96.371917	 96.305946	 96.241271	 96.177905	 96.115858	 96.055139	 95.995757	 95.937715	 95.881019	 95.825669	 95.771668	 95.719013	 95.667701	 95.617729	 95.569091	  95.52178	 95.475786	 95.431101	 95.387713	  95.34561	 95.304778	 95.265202	 95.226868	 95.189758	 95.153855	 95.119141	 95.085596	   95.0532	 95.021934	 94.991775	 94.962702	 94.934692	 94.907723	 94.881773	 94.856816	 94.832831	 94.809792	 94.787676	 94.766458	 94.746115	 94.726621	 94.707954	 94.690088	 94.672999	 94.656663	 94.641057	 94.626156	 94.611938	  94.59838	 94.585458	  94.57315	 94.561434	 94.550288	 94.539691	 94.529621	 94.520059	 94.510984	 94.502377	 94.494217	 94.486488	  94.47917	 94.472245	 94.465697	 94.459509	 94.453664	 94.448147	 94.442942	 94.438035	 94.433411	 94.429057	 94.424959	 94.421105	 94.417483	 94.414079	 94.410884	 94.407886	 94.405075	 94.402441	 94.399973	 94.397663	 94.395503	 94.393483	 94.391595	 94.389833	 94.388188	 94.386654	 94.385224	 94.383892	 94.382652	 94.381498	 94.380425	 94.379428	 94.378502	 94.377642	 94.376845	 94.376105	  94.37542	 94.374786	 94.374199	 94.373656	 94.373155	 94.372691	 94.372263	 94.371868	 94.371504	 94.371169	  94.37086	 94.370575	 94.370314	 94.370073	 94.369852	 94.369649	 94.369463	 94.369292	 94.369136	 94.368992	 94.368861	 94.368741	 94.368631	 94.368531	 94.368439	 94.368355	 94.368279	 94.368209	 94.368146	 94.368088	 94.368036	 94.367988	 94.367944	 94.367905	 94.367869	 94.367837	 94.367807	 94.367781	 94.367756	 94.367734	 94.367715	 94.367697	 94.367681	 94.367666	 94.367653	 94.367641	  94.36763	 94.367621	 94.367612	 94.367604	 94.367597	 94.367591	 94.367585	  94.36758	 94.367576	 94.367572	 94.367568	 94.367565	 94.367562	  94.36756	 94.367557	 94.367555	 94.367554	 94.367552	 94.367551	  94.36755	 94.367549	 94.367548	 94.367548	 94.367547	 94.367547	 94.367547	
        99	  98.87926	 98.758592	 98.638069	 98.517763	 98.397747	  98.27809	 98.158865	  98.04014	 97.921985	 97.804467	 97.687654	 97.571611	 97.456402	  97.34209	 97.228736	   97.1164	  97.00514	 96.895011	 96.786067	 96.678361	 96.571942	 96.466858	 96.363155	 96.260876	 96.160062	 96.060753	 95.962983	 95.866788	 95.772199	 95.679244	 95.587952	 95.498344	 95.410445	 95.324272	 95.239843	 95.157171	  95.07627	 94.997148	 94.919814	 94.844272	 94.770524	 94.698573	 94.628415	 94.560047	 94.493465	 94.428659	 94.365622	  94.30434	 94.244802	 94.186991	 94.130893	 94.076488	 94.023758	 93.972682	 93.923237	   93.8754	 93.829146	 93.784451	 93.741287	 93.699627	 93.659444	 93.620706	 93.583387	 93.547454	 93.512877	 93.479625	 93.447666	  93.41697	 93.387502	 93.359232	 93.332126	 93.306154	 93.281281	 93.257476	 93.234706	 93.212941	 93.192147	 93.172294	  93.15335	 93.135284	 93.118067	 93.101668	 93.086057	 93.071207	 93.057087	  93.04367	  93.03093	 93.018838	  93.00737	 92.996499	   92.9862	 92.976449	 92.967223	 92.958498	 92.950253	 92.942465	 92.935114	 92.928179	 92.921641	  92.91548	 92.909679	 92.904219	 92.899084	 92.894257	 92.889723	 92.885465	 92.881471	 92.877725	 92.874215	 92.870927	  92.86785	 92.864971	  92.86228	 92.859765	 92.857416	 92.855225	 92.853181	 92.851276	 92.849501	 92.847848	 92.846311	 92.844881	 92.843553	 92.842319	 92.841174	 92.840111	 92.839126	 92.838214	 92.837368	 92.836586	 92.835863	 92.835195	 92.834577	 92.834007	 92.833481	 92.832996	 92.832549	 92.832137	 92.831758	 92.831409	 92.831089	 92.830794	 92.830524	 92.830276	 92.830048	  92.82984	 92.829649	 92.829474	 92.829314	 92.829167	 92.829033	 92.828911	   92.8288	 92.828698	 92.828605	 92.828521	 92.828444	 92.828374	  92.82831	 92.828253	   92.8282	 92.828152	 92.828109	  92.82807	 92.828034	 92.828002	 92.827973	 92.827946	 92.827923	 92.827901	 92.827882	 92.827864	 92.827848	 92.827834	 92.827821	  92.82781	 92.827799	  92.82779	 92.827782	 92.827774	 92.827767	 92.827761	 92.827756	 92.827751	 92.827747	 92.827743	  92.82774	 92.827737	 92.827734	 92.827732	  92.82773	 92.827728	 92.827727	 92.827726	 92.827725	 92.827724	 92.827723	 92.827723	 92.827723	
        99	  98.84921	 98.698511	 98.547993	 98.397747	 98.247861	 98.098425	 97.949527	 97.801254	 97.653694	 97.506929	 97.361044	 97.216121	 97.072239	 96.929478	 96.787913	  96.64762	 96.508669	 96.371132	 96.235074	 96.100563	 95.967659	 95.836422	  95.70691	 95.579176	 95.453273	 95.329247	 95.207146	  95.08701	  94.96888	 94.852792	 94.738778	  94.62687	 94.517094	 94.409475	 94.304033	 94.200787	 94.099752	 94.000939	 93.904358	 93.810015	 93.717914	 93.628055	 93.540437	 93.455054	 93.371901	 93.290967	 93.212241	 93.135708	 93.061352	 92.989154	 92.919094	  92.85115	 92.785296	 92.721508	 92.659757	 92.600015	  92.54225	 92.486431	 92.432525	 92.380497	 92.330313	 92.281935	 92.235327	 92.190451	 92.147269	 92.105742	  92.06583	 92.027493	 91.990692	 91.955386	 91.921535	 91.889098	 91.858035	 91.828305	 91.799869	 91.772687	 91.746718	 91.721924	 91.698265	 91.675704	 91.654201	 91.633721	 91.614225	 91.595678	 91.578045	 91.561289	 91.545378	 91.530277	 91.515954	 91.502377	 91.489516	 91.477338	 91.465816	  91.45492	 91.444622	 91.434896	 91.425716	 91.417055	 91.408889	 91.401195	  91.39395	 91.387132	 91.380719	 91.374691	 91.369028	 91.363711	 91.358722	 91.354045	 91.349661	 91.345555	 91.341711	 91.338116	 91.334755	 91.331614	 91.328681	 91.325944	 91.323392	 91.321012	 91.318796	 91.316732	 91.314812	 91.313027	 91.311367	 91.309826	 91.308396	 91.307069	 91.305839	 91.304699	 91.303644	 91.302667	 91.301764	 91.300929	 91.300158	 91.299445	 91.298788	 91.298183	 91.297624	  91.29711	 91.296637	 91.296202	 91.295801	 91.295434	 91.295096	 91.294786	 91.294502	 91.294241	 91.294003	 91.293784	 91.293584	 91.293402	 91.293234	 91.293082	 91.292943	 91.292816	   91.2927	 91.292594	 91.292498	 91.292411	 91.292331	 91.292259	 91.292194	 91.292134	  91.29208	 91.292031	 91.291986	 91.291946	  91.29191	 91.291877	 91.291847	  91.29182	 91.291796	 91.291774	 91.291754	 91.291737	 91.291721	 91.291706	 91.291693	 91.291682	 91.291671	 91.291662	 91.291653	 91.291646	 91.291639	 91.291633	 91.291628	 91.291623	 91.291619	 91.291615	 91.291612	 91.291609	 91.291607	 91.291605	 91.291603	 91.291601	   91.2916	 91.291599	 91.291598	 91.291598	 91.291598	
        99	 98.819251	 98.638611	 98.458188	  98.27809	 98.098425	 97.919299	 97.740818	 97.563086	 97.386208	 97.210284	 97.035414	 96.861697	 96.689229	 96.518104	 96.348413	 96.180246	 96.013689	 95.848825	 95.685736	 95.524499	 95.365189	 95.207879	 95.052635	 94.899523	 94.748605	 94.599938	 94.453577	 94.309573	 94.167972	 94.028819	 93.892154	 93.758012	 93.626425	 93.497424	 93.371033	 93.247274	 93.126165	  93.00772	  92.89195	 92.778863	 92.668463	 92.560751	 92.455724	 92.353378	 92.253704	  92.15669	 92.062322	 91.970584	 91.881454	 91.794912	 91.710933	 91.629489	 91.550552	  91.47409	 91.400071	 91.328459	 91.259217	 91.192308	 91.127692	 91.065327	 91.005172	 90.947182	 90.891314	 90.837522	 90.785761	 90.735983	 90.688141	 90.642187	 90.598075	 90.555754	 90.515177	 90.476296	 90.439061	 90.403425	 90.369339	 90.336756	 90.305627	 90.275907	 90.247548	 90.220504	  90.19473	  90.17018	 90.146811	 90.124579	 90.103442	 90.083358	 90.064285	 90.046184	 90.029016	 90.012741	 89.997324	 89.982727	 89.968916	 89.955855	 89.943511	 89.931853	 89.920848	 89.910466	 89.900679	 89.891456	 89.882772	 89.874598	 89.866911	 89.859685	 89.852897	 89.846524	 89.840545	 89.834937	 89.829683	 89.824761	 89.820154	 89.815844	 89.811815	  89.80805	 89.804535	 89.801254	 89.798194	 89.795342	 89.792685	 89.790212	  89.78791	  89.78577	 89.783781	 89.781934	 89.780219	 89.778629	 89.777154	 89.775788	 89.774523	 89.773352	  89.77227	 89.771269	 89.770344	 89.769491	 89.768703	 89.767977	 89.767308	 89.766691	 89.766124	 89.765602	 89.765122	 89.764682	 89.764277	 89.763905	 89.763565	 89.763252	 89.762966	 89.762704	 89.762465	 89.762246	 89.762046	 89.761863	 89.761696	 89.761544	 89.761405	 89.761278	 89.761163	 89.761058	 89.760963	 89.760877	 89.760798	 89.760726	 89.760662	 89.760603	  89.76055	 89.760501	 89.760458	 89.760418	 89.760383	  89.76035	 89.760321	 89.760295	 89.760271	  89.76025	 89.760231	 89.760214	 89.760198	 89.760184	 89.760172	  89.76016	  89.76015	 89.760141	 89.760133	 89.760126	  89.76012	 89.760114	 89.760109	 89.760105	 89.760101	 89.760097	 89.760094	 89.760092	  89.76009	 89.760088	 89.760086	 89.760085	 89.760084	 89.760084	 89.760084	
        99	   98.7894	 98.578927	 98.368706	 98.158865	 97.949527	 97.740818	  97.53286	 97.325776	 97.119685	 96.914707	 96.710957	  96.50855	 96.307599	 96.108212	 95.910496	 95.714555	  95.52049	 95.328399	 95.138375	  94.95051	  94.76489	 94.581599	 94.400716	 94.222317	 94.046475	 93.873255	 93.702722	 93.534935	 93.369949	 93.207814	 93.048578	 92.892282	 92.738964	 92.588658	 92.441393	 92.297195	 92.156084	 92.018077	 91.883187	 91.751423	 91.622791	  91.49729	 91.374918	 91.255669	 91.139533	 91.026497	 90.916544	 90.809655	 90.705806	 90.604971	 90.507122	 90.412227	 90.320254	 90.231164	  90.14492	 90.061481	 89.980804	 89.902845	 89.827557	 89.754893	 89.684802	 89.617236	 89.552141	 89.489465	 89.429155	 89.371156	 89.315413	  89.26187	 89.210472	 89.161162	 89.113884	 89.068581	 89.025197	 88.983675	  88.94396	 88.905996	 88.869726	 88.835098	 88.802055	 88.770545	 88.740513	 88.711909	 88.684681	 88.658778	  88.63415	 88.610748	 88.588526	 88.567435	 88.547431	 88.528469	 88.510506	 88.493498	 88.477406	 88.462188	 88.447806	 88.434222	   88.4214	 88.409304	 88.397899	 88.387154	 88.377035	 88.367512	 88.358555	 88.350136	 88.342227	 88.334801	 88.327834	 88.321301	 88.315178	 88.309443	 88.304076	 88.299054	 88.294359	 88.289973	 88.285877	 88.282054	 88.278489	 88.275166	  88.27207	 88.269188	 88.266507	 88.264013	 88.261696	 88.259544	 88.257546	 88.255693	 88.253975	 88.252383	 88.250909	 88.249545	 88.248283	 88.247117	  88.24604	 88.245045	 88.244127	 88.243281	 88.242502	 88.241783	 88.241122	 88.240514	 88.239955	 88.239442	  88.23897	 88.238537	  88.23814	 88.237777	 88.237443	 88.237138	 88.236859	 88.236604	 88.236371	 88.236157	 88.235963	 88.235786	 88.235624	 88.235477	 88.235342	  88.23522	 88.235109	 88.235008	 88.234917	 88.234834	 88.234758	  88.23469	 88.234627	 88.234571	  88.23452	 88.234474	 88.234433	 88.234395	 88.234361	 88.234331	 88.234303	 88.234278	 88.234256	 88.234236	 88.234218	 88.234202	 88.234187	 88.234174	 88.234162	 88.234152	 88.234142	 88.234134	 88.234127	  88.23412	 88.234114	 88.234109	 88.234105	 88.234101	 88.234097	 88.234094	 88.234092	  88.23409	 88.234088	 88.234087	 88.234086	 88.234085	 88.234085	
        99	 98.759674	 98.519493	   98.2796	  98.04014	 97.801254	 97.563086	 97.325776	 97.089462	 96.854282	 96.620371	 96.387863	 96.156887	 95.927571	 95.700041	 95.474418	  95.25082	 95.029364	 94.810159	 94.593314	 94.378931	 94.167111	 93.957949	 93.751535	 93.547956	 93.347293	 93.149624	  92.95502	  92.76355	 92.575277	 92.390257	 92.208545	 92.030188	 91.855229	 91.683708	 91.515657	 91.351105	 91.190077	  91.03259	 90.878661	 90.728299	  90.58151	 90.438295	 90.298651	  90.16257	 90.030042	 89.901051	 89.775579	 89.653602	 89.535094	 89.420027	 89.308367	 89.200078	 89.095123	 88.993458	 88.895041	 88.799825	  88.70776	 88.618797	 88.532883	 88.449962	 88.369978	 88.292875	 88.218592	  88.14707	 88.078247	 88.012062	  87.94845	  87.88735	 87.828697	 87.772427	 87.718476	 87.666778	 87.617271	 87.569889	 87.524568	 87.481245	 87.439856	  87.40034	 87.362633	 87.326675	 87.292405	 87.259763	 87.228692	 87.199132	 87.171028	 87.144324	 87.118964	 87.094897	  87.07207	 87.050431	 87.029932	 87.010524	  86.99216	 86.974794	 86.958382	 86.942881	 86.928249	 86.914445	 86.901431	 86.889169	 86.877622	 86.866755	 86.856534	 86.846926	 86.837901	 86.829427	 86.821477	 86.814021	 86.807034	  86.80049	 86.794365	 86.788634	 86.783277	 86.778272	 86.773597	 86.769235	 86.765167	 86.761375	 86.757842	 86.754553	 86.751493	 86.748647	 86.746003	 86.743547	 86.741267	 86.739153	 86.737192	 86.735375	 86.733693	 86.732137	 86.730697	 86.729366	 86.728137	 86.727002	 86.725955	 86.724989	   86.7241	  86.72328	 86.722526	 86.721832	 86.721194	 86.720608	  86.72007	 86.719576	 86.719123	 86.718708	 86.718327	 86.717979	 86.717661	 86.717369	 86.717103	  86.71686	 86.716638	 86.716436	 86.716251	 86.716083	  86.71593	 86.715791	 86.715664	 86.715549	 86.715444	 86.715349	 86.715263	 86.715185	 86.715114	  86.71505	 86.714992	  86.71494	 86.714892	 86.714849	 86.714811	 86.714776	 86.714744	 86.714716	  86.71469	 86.714667	 86.714647	 86.714628	 86.714611	 86.714597	 86.714583	 86.714571	 86.714561	 86.714551	 86.714543	 86.714535	 86.714528	 86.714523	 86.714517	 86.714513	 86.714509	 86.714506	 86.714503	   86.7145	 86.714498	 86.714497	 86.714496	 86.714495	 86.714495	
        99	 98.730091	 98.460344	 98.190922	 97.921985	 97.653694	 97.386208	 97.119685	 96.854282	 96.590152	 96.327448	 96.066318	  95.80691	 95.549367	 95.293828	 95.040432	 94.789311	 94.540593	 94.294405	 94.050867	 93.810095	 93.572201	 93.337292	 93.105469	  92.87683	 92.651466	 92.429465	 92.210906	 91.995867	 91.784418	 91.576623	 91.372543	 91.172231	 90.975735	   90.7831	 90.594363	 90.409555	 90.228705	 90.051833	 89.878956	 89.710085	 89.545226	 89.384382	 89.227548	 89.074717	 88.925875	 88.781006	 88.640088	 88.503096	 88.370001	 88.240769	 88.115364	 87.993746	  87.87587	 87.761691	 87.651159	 87.544222	 87.440825	 87.340911	 87.244421	 87.151293	 87.061464	 86.974869	 86.891442	 86.811116	 86.733821	 86.659489	 86.588047	 86.519426	 86.453553	 86.390356	 86.329764	 86.271702	 86.216101	 86.162886	 86.111986	  86.06333	 86.016847	 85.972466	 85.930118	 85.889733	 85.851245	 85.814586	 85.779689	 85.746491	 85.714927	 85.684935	 85.656455	 85.629425	 85.603787	 85.579485	 85.556463	 85.534666	 85.514041	 85.494538	 85.476105	 85.458696	 85.442263	  85.42676	 85.412144	 85.398372	 85.385404	 85.373199	  85.36172	  85.35093	 85.340793	 85.331277	 85.322347	 85.313974	 85.306127	 85.298777	 85.291898	 85.285462	 85.279446	 85.273824	 85.268574	 85.263675	 85.259106	 85.254847	  85.25088	 85.247186	 85.243749	 85.240553	 85.237583	 85.234825	 85.232265	  85.22989	 85.227688	 85.225648	 85.223758	  85.22201	 85.220393	 85.218899	 85.217518	 85.216243	 85.215067	 85.213983	 85.212984	 85.212063	 85.211216	 85.210437	  85.20972	 85.209062	 85.208458	 85.207903	 85.207394	 85.206928	 85.206501	  85.20611	 85.205752	 85.205425	 85.205126	 85.204853	 85.204604	 85.204376	 85.204169	  85.20398	 85.203808	 85.203652	  85.20351	  85.20338	 85.203263	 85.203156	 85.203059	 85.202972	 85.202892	  85.20282	 85.202755	 85.202696	 85.202643	 85.202595	 85.202551	 85.202512	 85.202477	 85.202445	 85.202416	  85.20239	 85.202367	 85.202346	 85.202328	 85.202311	 85.202296	 85.202282	  85.20227	  85.20226	  85.20225	 85.202242	 85.202234	 85.202228	 85.202222	 85.202217	 85.202212	 85.202209	 85.202205	 85.202203	 85.202201	 85.202199	 85.202198	 85.202197	 85.202196	
        99	 98.700667	 98.401515	 98.102722	 97.804467	 97.506929	 97.210284	 96.914707	 96.620371	 96.327448	 96.036106	  95.74651	 95.458822	 95.173203	 94.889808	 94.608788	 94.330292	 94.054461	 93.781435	 93.511348	 93.244329	 92.980502	 92.719984	  92.46289	 92.209326	 91.959395	 91.713192	 91.470808	 91.232327	 90.997827	  90.76738	 90.541052	 90.318903	 90.100988	 89.887353	 89.678041	 89.473087	 89.272521	 89.076368	 88.884645	 88.697365	 88.514535	 88.336156	 88.162226	 87.992733	 87.827666	 87.667004	 87.510725	 87.358799	 87.211195	 87.067875	 86.928799	 86.793923	 86.663198	 86.536572	  86.41399	 86.295396	 86.180727	 86.069921	 85.962912	 85.859632	  85.76001	 85.663976	 85.571454	 85.482372	 85.396651	 85.314215	 85.234985	 85.158883	  85.08583	 85.015744	 84.948546	 84.884155	 84.822492	 84.763476	 84.707028	 84.653068	 84.601517	 84.552298	 84.505333	 84.460547	 84.417863	 84.377207	 84.338506	 84.301689	 84.266684	 84.233423	 84.201837	 84.171861	 84.143429	 84.116478	 84.090945	 84.066772	 84.043899	  84.02227	 84.001828	 83.982521	 83.964296	 83.947104	 83.930894	 83.915621	 83.901239	 83.887704	 83.874973	 83.863007	 83.851765	 83.841211	 83.831308	 83.822022	  83.81332	 83.805169	  83.79754	 83.790402	  83.78373	 83.777495	 83.771673	  83.76624	 83.761173	  83.75645	  83.75205	 83.747953	 83.744142	 83.740598	 83.737304	 83.734245	 83.731406	 83.728772	  83.72633	 83.724067	 83.721972	 83.720033	  83.71824	 83.716582	 83.715051	 83.713638	 83.712334	 83.711131	 83.710023	 83.709002	 83.708063	 83.707198	 83.706404	 83.705674	 83.705003	 83.704388	 83.703824	 83.703307	 83.702833	   83.7024	 83.702003	  83.70164	 83.701308	 83.701006	 83.700729	 83.700477	 83.700247	 83.700038	 83.699847	 83.699674	 83.699516	 83.699372	 83.699242	 83.699124	 83.699017	 83.698919	 83.698831	 83.698751	 83.698679	 83.698614	 83.698554	 83.698501	 83.698453	 83.698409	  83.69837	 83.698335	 83.698303	 83.698274	 83.698249	 83.698226	 83.698205	 83.698186	  83.69817	 83.698155	 83.698142	  83.69813	 83.698119	  83.69811	 83.698101	 83.698094	 83.698088	 83.698082	 83.698077	 83.698073	 83.698069	 83.698066	 83.698064	 83.698062	 83.698061	  83.69806	 83.698059	
        99	  98.67142	 98.343038	  98.01505	 97.687654	 97.361044	 97.035414	 96.710957	 96.387863	 96.066318	  95.74651	 95.428618	 95.112821	 94.799295	  94.48821	 94.179732	 93.874024	 93.571243	  93.27154	 92.975063	 92.681954	 92.392349	 92.106377	 91.824162	 91.545823	 91.271472	 91.001213	 90.735146	 90.473364	 90.215951	 89.962988	 89.714546	 89.470691	 89.231484	 88.996975	 88.767211	 88.542232	 88.322069	  88.10675	 87.896295	 87.690716	 87.490022	 87.294214	 87.103289	 86.917236	  86.73604	 86.559681	 86.388131	 86.221361	 86.059335	 85.902012	 85.749347	 85.601292	 85.457794	 85.318796	 85.184237	 85.054055	 84.928183	  84.80655	 84.689085	 84.575714	 84.466358	  84.36094	 84.259379	 84.161592	 84.067496	 83.977005	 83.890034	 83.806497	 83.726305	 83.649371	 83.575607	 83.504925	 83.437237	 83.372455	 83.310491	 83.251259	 83.194671	 83.140643	  83.08909	 83.039927	 82.993072	 82.948444	 82.905962	 82.865548	 82.827123	 82.790612	  82.75594	 82.723035	 82.691824	  82.66224	 82.634213	 82.607678	  82.58257	 82.558827	 82.536388	 82.515195	 82.495189	 82.476317	 82.458523	 82.441758	 82.425971	 82.411113	 82.397138	 82.384003	 82.371663	 82.360078	 82.349207	 82.339014	 82.329461	 82.320514	 82.312139	 82.304305	  82.29698	 82.290136	 82.283746	 82.277782	 82.272219	 82.267034	 82.262205	 82.257708	 82.253524	 82.249634	 82.246018	  82.24266	 82.239543	 82.236652	 82.233971	 82.231488	 82.229188	  82.22706	 82.225091	 82.223272	 82.221591	  82.22004	 82.218608	 82.217288	 82.216071	 82.214951	 82.213919	 82.212971	 82.212099	 82.211297	 82.210561	 82.209886	 82.209267	 82.208699	 82.208179	 82.207703	 82.207268	 82.206869	 82.206505	 82.206173	  82.20587	 82.205593	 82.205341	 82.205111	 82.204901	 82.204711	 82.204538	  82.20438	 82.204237	 82.204107	  82.20399	 82.203883	 82.203786	 82.203698	 82.203619	 82.203547	 82.203482	 82.203424	 82.203371	 82.203323	  82.20328	 82.203241	 82.203206	 82.203175	 82.203147	 82.203121	 82.203099	 82.203078	  82.20306	 82.203044	 82.203029	 82.203016	 82.203005	 82.202994	 82.202985	 82.202977	  82.20297	 82.202964	 82.202959	 82.202954	  82.20295	 82.202947	 82.202944	 82.202942	  82.20294	 82.202939	 82.202939	
        99	 98.642366	 98.284947	 97.927957	 97.571611	 97.216121	 96.861697	  96.50855	 96.156887	  95.80691	 95.458822	 95.112821	 94.769101	 94.427851	 94.089259	 93.753504	 93.420764	 93.091209	 92.765006	 92.442314	 92.123287	 91.808073	 91.496814	 91.189645	 90.886694	 90.588083	 90.293927	 90.004334	 89.719403	 89.439229	 89.163898	 88.893487	 88.628071	 88.367711	 88.112466	 87.862386	 87.617513	 87.377883	 87.143524	 86.914459	 86.690702	 86.472262	 86.259141	 86.051333	 85.848828	 85.651611	 85.459656	 85.272938	 85.091422	 84.915068	 84.743834	  84.57767	 84.416524	 84.260337	 84.109048	 83.962591	 83.820897	 83.683895	 83.551507	 83.423655	 83.300259	 83.181234	 83.066495	 82.955953	 82.849519	 82.747103	  82.64861	 82.553949	 82.463025	 82.375742	 82.292006	 82.211719	 82.134787	 82.061114	 81.990604	 81.923161	 81.858691	   81.7971	 81.738294	 81.682182	 81.628672	 81.577674	   81.5291	 81.482862	 81.438873	 81.397051	 81.357311	 81.319574	 81.283759	 81.249789	 81.217588	 81.187083	 81.158202	 81.130874	 81.105031	 81.080608	 81.057541	 81.035766	 81.015225	 80.995858	 80.977611	 80.960427	 80.944256	 80.929045	 80.914748	 80.901317	 80.888708	 80.876876	 80.865782	 80.855384	 80.845646	  80.83653	 80.828003	 80.820031	 80.812582	 80.805626	 80.799135	 80.793081	 80.787437	  80.78218	 80.777286	 80.772732	 80.768498	 80.764563	 80.760908	 80.757515	 80.754368	 80.751451	 80.748748	 80.746244	 80.743928	 80.741785	 80.739805	 80.737976	 80.736287	 80.734729	 80.733292	 80.731968	 80.730748	 80.729626	 80.728593	 80.727644	 80.726772	 80.725971	 80.725236	 80.724562	 80.723944	 80.723378	  80.72286	 80.722386	 80.721952	 80.721556	 80.721194	 80.720864	 80.720563	 80.720288	 80.720038	  80.71981	 80.719603	 80.719414	 80.719243	 80.719087	 80.718946	 80.718818	 80.718702	 80.718596	 80.718501	 80.718414	 80.718336	 80.718266	 80.718202	 80.718144	 80.718092	 80.718046	 80.718003	 80.717965	 80.717931	 80.717901	 80.717873	 80.717848	 80.717826	 80.717806	 80.717788	 80.717772	 80.717758	 80.717746	 80.717734	 80.717725	 80.717716	 80.717708	 80.717701	 80.717696	 80.717691	 80.717686	 80.717683	  80.71768	 80.717678	 80.717676	 80.717675	 80.717674	
        99	  98.61352	 98.227273	  97.84149	 97.456402	 97.072239	 96.689229	 96.307599	 95.927571	 95.549367	 95.173203	 94.799295	 94.427851	 94.059078	 93.693176	  93.33034	 92.970762	 92.614627	 92.262113	 91.913394	 91.568635	 91.227997	 90.891633	 90.559689	 90.232303	 89.909608	 89.591726	 89.278775	 88.970863	 88.668091	 88.370552	 88.078332	 87.791507	 87.510148	 87.234316	 86.964065	 86.699442	 86.440484	 86.187223	 85.939682	 85.697878	 85.461819	 85.231508	 85.006939	 84.788101	 84.574977	  84.36754	 84.165762	 83.969605	 83.779027	 83.593982	 83.414416	 83.240272	 83.071487	 82.907996	 82.749727	 82.596605	 82.448552	 82.305486	 82.167323	 82.033974	 81.905349	 81.781355	 81.661897	 81.546879	 81.436202	 81.329765	 81.227469	 81.129211	 81.034889	 80.944398	 80.857636	 80.774499	 80.694884	 80.618686	 80.545803	 80.476134	 80.409575	 80.346026	 80.285388	 80.227563	 80.172452	 80.119959	 80.069992	 80.022455	  79.97726	 79.934315	 79.893534	  79.85483	  79.81812	 79.783322	 79.750357	 79.719146	 79.689614	 79.661687	 79.635294	 79.610366	 79.586835	 79.564637	 79.543709	 79.523989	  79.50542	 79.487944	 79.471507	 79.456056	 79.441542	 79.427916	  79.41513	  79.40314	 79.391904	  79.38138	  79.37153	 79.362315	 79.353699	  79.34565	 79.338133	 79.331118	 79.324576	 79.318477	 79.312796	 79.307507	 79.302586	  79.29801	 79.293757	 79.289808	 79.286142	 79.282741	 79.279588	 79.276667	 79.273962	 79.271458	 79.269143	 79.267003	 79.265026	 79.263201	 79.261517	 79.259964	 79.258534	 79.257216	 79.256003	 79.254887	 79.253861	 79.252918	 79.252053	 79.251259	  79.25053	 79.249863	 79.249251	 79.248691	 79.248179	  79.24771	 79.247282	 79.246891	 79.246534	 79.246209	 79.245912	 79.245642	 79.245396	 79.245171	 79.244968	 79.244783	 79.244614	 79.244462	 79.244323	 79.244197	 79.244084	  79.24398	 79.243887	 79.243803	 79.243726	 79.243657	 79.243595	 79.243539	 79.243489	 79.243443	 79.243402	 79.243365	 79.243332	 79.243302	 79.243275	 79.243251	  79.24323	  79.24321	 79.243193	 79.243178	 79.243164	 79.243152	 79.243142	 79.243132	 79.243124	 79.243117	  79.24311	 79.243105	   79.2431	 79.243096	 79.243093	 79.243091	 79.243089	 79.243088	 79.243087	
        99	 98.584899	 98.170048	 97.755696	  97.34209	 96.929478	 96.518104	 96.108212	 95.700041	 95.293828	 94.889808	  94.48821	 94.089259	 93.693176	 93.300176	 92.910471	 92.524264	 92.141755	 91.763136	 91.388592	 91.018302	 90.652438	 90.291164	 89.934638	 89.583007	 89.236414	 88.894992	 88.558865	 88.228151	 87.902957	 87.583383	 87.269523	 86.961457	 86.659262	 86.363003	 86.072739	 85.788518	 85.510383	 85.238367	 84.972494	 84.712783	 84.459243	 84.211876	 83.970677	 83.735633	 83.506725	 83.283927	 83.067205	 82.856522	 82.651831	 82.453082	 82.260219	 82.073178	 81.891894	 81.716296	 81.546306	 81.381844	 81.222827	 81.069167	 80.920771	 80.777547	 80.639397	  80.50622	 80.377916	  80.25438	 80.135507	 80.021188	 79.911317	 79.805782	 79.704474	 79.607283	 79.514096	 79.424802	  79.33929	  79.25745	  79.17917	 79.104341	 79.032853	 78.964598	  78.89947	 78.837362	 78.778169	  78.72179	 78.668122	 78.617065	 78.568523	 78.522398	 78.478596	 78.437026	 78.397598	 78.360223	 78.324816	 78.291294	 78.259575	  78.22958	 78.201233	 78.174458	 78.149185	 78.125343	 78.102865	 78.081685	  78.06174	  78.04297	 78.025316	 78.008722	 77.993133	 77.978497	 77.964764	 77.951887	 77.939818	 77.928515	 77.917935	 77.908038	 77.898785	 77.890139	 77.882065	 77.874531	 77.867504	 77.860954	 77.854852	 77.849171	 77.843886	 77.838971	 77.834404	 77.830161	 77.826224	 77.822571	 77.819185	 77.816047	 77.813142	 77.810453	 77.807966	 77.805668	 77.803545	 77.801584	 77.799776	 77.798108	 77.796571	 77.795156	 77.793853	 77.792654	 77.791553	  77.79054	 77.789611	 77.788758	 77.787975	 77.787258	 77.786601	    77.786	  77.78545	 77.784946	 77.784487	 77.784067	 77.783683	 77.783334	 77.783015	 77.782725	  77.78246	  77.78222	 77.782001	 77.781802	 77.781621	 77.781457	 77.781308	 77.781173	 77.781051	  77.78094	  77.78084	 77.780749	 77.780667	 77.780593	 77.780527	 77.780466	 77.780412	 77.780363	 77.780319	 77.780279	 77.780244	 77.780212	 77.780183	 77.780157	 77.780134	 77.780113	 77.780095	 77.780078	 77.780064	 77.780051	 77.780039	 77.780029	  77.78002	 77.780012	 77.780006	     77.78	 77.779995	 77.779991	 77.779987	 77.779985	 77.779983	 77.779982	 77.779981	
        99	 98.556518	 98.113303	 97.670621	 97.228736	 96.787913	 96.348413	 95.910496	 95.474418	 95.040432	 94.608788	 94.179732	 93.753504	  93.33034	 92.910471	 92.494121	 92.081509	 91.672847	 91.268341	 90.868189	 90.472582	 90.081703	 89.695729	 89.314826	 88.939154	 88.568864	 88.204098	  87.84499	 87.491664	 87.144236	 86.802813	 86.467493	 86.138364	 85.815508	 85.498993	 85.188883	  84.88523	 84.588078	 84.297464	 84.013413	 83.735945	  83.46507	  83.20079	   82.9431	 82.691986	 82.447427	 82.209396	 81.977857	 81.752769	 81.534084	 81.321746	 81.115696	 80.915867	 80.722189	 80.534584	 80.352971	 80.177266	 80.007376	  79.84321	 79.684669	 79.531652	 79.384056	 79.241774	 79.104698	 78.972716	 78.845715	  78.72358	 78.606196	 78.493446	 78.385212	 78.281375	 78.181817	 78.086418	  77.99506	 77.907624	 77.823992	 77.744046	 77.667671	  77.59475	 77.525168	 77.458814	 77.395574	  77.33534	 77.278003	 77.223455	 77.171594	 77.122315	 77.075519	 77.031107	 76.988983	 76.949053	 76.911225	 76.875411	 76.841523	 76.809477	 76.779192	 76.750587	 76.723586	 76.698114	 76.674098	  76.65147	 76.630162	 76.610109	 76.591248	 76.573519	 76.556864	 76.541227	 76.526556	 76.512798	 76.499904	 76.487829	 76.476525	 76.465951	 76.456065	 76.446828	 76.438203	 76.430153	 76.422646	 76.415648	 76.409129	  76.40306	 76.397413	 76.392162	 76.387282	  76.38275	 76.378543	 76.374641	 76.371023	 76.367671	 76.364567	 76.361694	 76.359037	 76.356582	 76.354313	 76.352219	 76.350287	 76.348505	 76.346863	 76.345351	 76.343959	 76.342679	 76.341501	  76.34042	 76.339427	 76.338515	 76.337679	 76.336913	 76.336212	 76.335569	 76.334981	 76.334444	 76.333952	 76.333504	 76.333094	 76.332721	  76.33238	  76.33207	 76.331787	  76.33153	 76.331297	 76.331084	 76.330891	 76.330716	 76.330557	 76.330413	 76.330282	 76.330164	 76.330057	  76.32996	 76.329872	 76.329793	 76.329722	 76.329657	 76.329599	 76.329547	   76.3295	 76.329457	 76.329419	 76.329385	 76.329354	 76.329327	 76.329302	  76.32928	  76.32926	 76.329243	 76.329227	 76.329213	 76.329201	  76.32919	 76.329181	 76.329172	 76.329165	 76.329159	 76.329154	 76.329149	 76.329146	 76.329143	 76.329141	 76.329139	 76.329139	
        99	 98.528392	 98.057068	  97.58631	   97.1164	  96.64762	 96.180246	 95.714555	  95.25082	 94.789311	 94.330292	 93.874024	 93.420764	 92.970762	 92.524264	 92.081509	 91.642728	 91.208149	 90.777988	 90.352458	 89.931761	 89.516092	 89.105639	 88.700578	 88.301081	 87.907307	 87.519407	 87.137523	 86.761789	 86.392326	  86.02925	 85.672664	 85.322662	 84.979329	  84.64274	 84.312963	 83.990051	 83.674054	 83.365008	 83.062943	 82.767878	 82.479823	 82.198783	 81.924749	 81.657709	  81.39764	 81.144513	  80.89829	 80.658926	 80.426371	 80.200567	 79.981448	 79.768946	 79.562985	 79.363482	 79.170351	 78.983502	 78.802838	  78.62826	 78.459664	 78.296943	 78.139986	 77.988681	 77.842911	 77.702558	 77.567502	 77.437622	 77.312793	 77.192893	 77.077794	 76.967372	 76.861499	  76.76005	 76.662898	 76.569917	 76.480981	 76.395965	 76.314746	   76.2372	 76.163205	 76.092642	 76.025392	 75.961338	 75.900364	 75.842357	 75.787207	 75.734803	 75.685039	  75.63781	 75.593014	 75.550552	 75.510325	 75.472239	 75.436202	 75.402124	 75.369918	 75.339499	 75.310786	 75.283698	  75.25816	 75.234097	 75.211437	 75.190112	 75.170054	 75.151201	  75.13349	 75.116862	  75.10126	 75.086629	 75.072918	 75.060076	 75.048056	 75.036811	 75.026298	 75.016476	 75.007303	 74.998743	  74.99076	 74.983318	 74.976385	 74.969932	 74.963927	 74.958343	 74.953153	 74.948334	  74.94386	  74.93971	 74.935863	 74.932298	 74.928997	 74.925943	 74.923117	 74.920506	 74.918094	 74.915867	 74.913812	 74.911917	 74.910171	 74.908563	 74.907083	 74.905721	 74.904469	 74.903319	 74.902263	 74.901294	 74.900405	  74.89959	 74.898844	  74.89816	 74.897535	 74.896964	 74.896441	 74.895964	 74.895529	 74.895132	 74.894769	 74.894439	 74.894139	 74.893866	 74.893617	 74.893391	 74.893186	 74.892999	  74.89283	 74.892677	 74.892538	 74.892412	 74.892298	 74.892195	 74.892102	 74.892018	 74.891942	 74.891874	 74.891812	 74.891756	 74.891706	 74.891661	 74.891621	 74.891584	 74.891552	 74.891522	 74.891496	 74.891473	 74.891452	 74.891433	 74.891416	 74.891402	 74.891389	 74.891377	 74.891367	 74.891358	  74.89135	 74.891344	 74.891338	 74.891333	  74.89133	 74.891327	 74.891324	 74.891323	 74.891322	
        99	 98.500535	 98.001371	 97.502806	  97.00514	 96.508669	 96.013689	  95.52049	 95.029364	 94.540593	 94.054461	 93.571243	 93.091209	 92.614627	 92.141755	 91.672847	 91.208149	 90.747899	  90.29233	 89.841664	 89.396117	 88.955896	 88.521198	 88.092212	 87.669117	 87.252083	  86.84127	  86.43683	 86.038901	 85.647616	 85.263093	 84.885444	 84.514768	 84.151155	 83.794685	 83.445428	 83.103443	 82.768781	  82.44148	 82.121572	 81.809078	 81.504009	 81.206368	 80.916148	 80.633334	 80.357903	 80.089824	 79.829057	 79.575555	 79.329263	 79.090121	  78.85806	 78.633006	 78.414879	 78.203591	 77.999053	 77.801167	 77.609832	 77.424942	 77.246387	 77.074054	 76.907826	 76.747584	 76.593203	  76.44456	 76.301527	 76.163975	 76.031773	  75.90479	 75.782893	 75.665948	 75.553822	 75.446381	  75.34349	 75.245016	 75.150827	  75.06079	 74.974773	 74.892646	 74.814281	 74.739551	 74.668328	  74.60049	 74.535915	 74.474482	 74.416073	 74.360574	 74.307871	 74.257852	  74.21041	  74.16544	 74.122837	 74.082502	 74.044336	 74.008245	 73.974137	 73.941921	 73.911511	 73.882824	 73.855777	 73.830292	 73.806294	 73.783709	 73.762467	   73.7425	 73.723743	 73.706133	 73.689609	 73.674115	 73.659594	 73.645993	 73.633263	 73.621354	  73.61022	 73.599817	 73.590103	 73.581037	 73.572582	 73.564701	 73.557359	 73.550524	 73.544164	  73.53825	 73.532755	  73.52765	 73.522912	 73.518517	 73.514443	 73.510667	 73.507172	 73.503936	 73.500944	 73.498179	 73.495624	 73.493265	 73.491089	 73.489083	 73.487233	  73.48553	 73.483962	  73.48252	 73.481195	 73.479977	 73.478858	 73.477832	  73.47689	 73.476027	 73.475237	 73.474513	 73.473851	 73.473246	 73.472693	 73.472187	 73.471726	 73.471306	 73.470922	 73.470573	 73.470254	 73.469965	 73.469702	 73.469462	 73.469245	 73.469047	 73.468868	 73.468706	 73.468559	 73.468426	 73.468305	 73.468196	 73.468097	 73.468008	 73.467928	 73.467855	  73.46779	 73.467731	 73.467678	  73.46763	 73.467587	 73.467549	 73.467514	 73.467483	 73.467455	 73.467431	 73.467408	 73.467389	 73.467371	 73.467355	 73.467342	 73.467329	 73.467319	 73.467309	 73.467301	 73.467294	 73.467288	 73.467283	 73.467279	 73.467276	 73.467274	 73.467272	 73.467271	
