Time step 2:
        99	        99	        99	        99	        99	        99	        99	        99	        99	        99	        99	        99	        99	        99	        99	        99	        99	        99	        99	        99	        99	        99	        99	        99	        99	        99	        99	        99	        99	        99	        99	        99	        99	        99	        99	        99	        99	        99	        99	        99	        99	        99	        99	        99	        99	        99	        99	        99	        99	        99	        99	        99	        99	        99	        99	        99	        99	        99	        99	        99	        99	        99	        99	        99	        99	        99	        99	        99	        99	        99	        99	        99	        99	        99	        99	        99	        99	        99	        99	        99	        99	        99	        99	        99	        99	        99	        99	        99	        99	        99	        99	        99	        99	        99	        99	        99	        99	        99	        99	        99	        99	        99	        99	        99	        99	        99	        99	        99	        99	        99	        99	        99	        99	        99	        99	        99	        99	        99	        99	        99	        99	        99	        99	        99	        99	        99	        99	        99	        99	        99	        99	        99	        99	        99	        99	        99	        99	        99	        99	        99	        99	        99	        99	        99	        99	        99	        99	        99	        99	        99	        99	        99	        99	        99	        99	        99	        99	        99	        99	        99	        99	        99	        99	        99	        99	        99	        99	        99	        99	        99	        99	        99	        99	        99	        99	        99	        99	        99	        99	        99	        99	        99	        99	        99	        99	        99	        99	        99	        99	        99	        99	        99	        99	        99	        99	        99	        99	        99	        99	        99	
        99	2.7698519e+62	-5.4283741e+62	7.8716584e+62	-1.000995e+63	1.1773086e+63	-1.3114172e+63	1.4011268e+63	-1.4467016e+63	1.4506417e+63	-1.417309e+63	1.3524506e+63	-1.2626718e+63	1.1549101e+63	-1.0359586e+63	9.1206896e+62	-7.8865951e+62	6.7013323e+62	-5.5980304e+62	4.5991007e+62	-3.7171496e+62	2.9563931e+62	-2.3143466e+62	1.7835862e+62	-1.3534225e+62	1.0113719e+62	-7.4436014e+61	5.3963463e+61	-3.8539392e+61	2.7116713e+61	-1.8798828e+61	1.2841525e+61	-8.6441385e+60	5.7341667e+60	-3.7487281e+60	2.4153596e+60	-1.5338431e+60	9.6005596e+59	-5.9230043e+59	3.6018807e+59	-2.1590804e+59	1.2757619e+59	-7.4308712e+58	4.266639e+58	-2.414982e+58	1.3474993e+58	-7.4119721e+57	4.0191351e+57	-2.1484602e+57	1.1321902e+57	-5.8817916e+56	3.0122994e+56	-1.5208429e+56	7.5694981e+55	-3.7140226e+55	1.7964468e+55	-8.5659115e+54	4.0264166e+54	-1.8657167e+54	8.5221661e+53	-3.8373066e+53	1.7032156e+53	-7.4520068e+52	3.2138883e+52	-1.3662656e+52	5.7250428e+51	-2.3645772e+51	9.6261111e+50	-3.8624404e+50	1.5274843e+50	-5.9536831e+49	2.2870632e+49	-8.6585092e+48	3.230495e+48	-1.1878019e+48	4.3038332e+47	-1.5367044e+47	5.406736e+46	-1.8744588e+46	6.4032126e+45	-2.1551928e+45	7.1470175e+44	-2.335059e+44	7.5160278e+43	-2.3833018e+43	7.444781e+42	-2.2908069e+42	6.943358e+41	-2.072886e+41	6.0951674e+40	-1.7651402e+40	5.034246e+39	-1.4139334e+39	3.9105665e+38	-1.0649835e+38	2.8557099e+37	-7.5392487e+36	1.9595613e+36	-5.0139467e+35	1.262883e+35	-3.1309827e+34	7.6401734e+33	-1.8348506e+33	4.3365288e+32	-1.0085466e+32	2.3079644e+31	-5.1964647e+30	1.1510598e+30	-2.5082055e+29	5.3760947e+28	-1.1333694e+28	2.3498377e+27	-4.7909986e+26	9.6049423e+25	-1.8932222e+25	3.6686207e+24	-6.9880095e+23	1.3082998e+23	-2.4072241e+22	4.3524332e+21	-7.7322069e+20	1.3495174e+20	-2.3136813e+19	3.8960389e+18	-6.4428909e+17	1.0462061e+17	-1.6679084e+16	2.6102563e+15	-4.0094586e+14	6.043848e+13	-8.9391868e+12	1.297085e+12	-1.8460855e+11	2.5767525e+10	-3.5265757e+09	4.7316539e+08	 -62225416	 8019346.3	-1012464.3	 125331.59	-15075.859	 1893.1491	-114.85161	 117.74798	 91.379574	 94.304238	 93.986941	 94.020602	 94.017111	 94.017465	  94.01743	 94.017433	 94.017433	 94.017433	 94.017433	 94.017433	 94.017433	 94.017433	 94.017433	 94.017433	 94.017433	 94.017433	 94.017433	 94.017433	 94.017433	 94.017433	 94.017433	 94.017433	 94.017433	 94.017433	 94.017433	 94.017433	 94.017433	 94.017433	 94.017433	 94.017433	 94.017433	 94.017433	 94.017433	 94.017433	 94.017433	 94.017433	 94.017433	 94.017433	 94.017433	 94.017433	 94.017433	 94.017433	 94.017433	 94.017433	 94.017433	 94.017433	 94.017433	 94.017433	 94.017433	 94.017433	 94.017433	 94.017433	 94.017433	 94.017433	
        99	-5.4283741e+62	1.0638542e+63	-1.5426843e+63	1.9617365e+63	-2.3072591e+63	2.5700625e+63	-2.7458472e+63	2.8351329e+63	-2.842821e+63	2.7774627e+63	-2.6503232e+63	2.4743493e+63	-2.2631391e+63	2.0300061e+63	-1.7872032e+63	1.5453486e+63	-1.3130708e+63	1.0968613e+63	-9.011108e+62	7.2828861e+62	-5.7921959e+62	4.5341555e+62	-3.4942055e+62	2.6513888e+62	-1.9812347e+62	1.4581176e+62	-1.0570439e+62	7.5488562e+61	-5.3112382e+61	3.681894e+61	-2.5150013e+61	1.6928706e+61	-1.1229285e+61	7.3408242e+60	-4.7295635e+60	3.0032943e+60	-1.8797084e+60	1.1596108e+60	-7.051396e+59	4.2265833e+59	-2.4972635e+59	1.4544802e+59	-8.3507718e+58	4.7263567e+58	-2.6370129e+58	1.4504001e+58	-7.8642297e+57	4.2035833e+57	-2.2150305e+57	1.1506337e+57	-5.8923962e+56	2.9747033e+56	-1.4804408e+56	7.2632719e+55	-3.5128941e+55	1.6748902e+55	-7.8721367e+54	3.6473705e+54	-1.6658792e+54	7.5002964e+53	-3.3287333e+53	1.4562607e+53	-6.2798922e+52	2.6693841e+52	-1.1184284e+52	4.6188667e+51	-1.8801142e+51	7.5430246e+50	-2.9827013e+50	1.1624303e+50	-4.4648454e+49	1.690119e+49	-6.3050419e+48	2.3179628e+48	-8.3976975e+47	2.9980317e+47	-1.0546805e+47	3.6559493e+46	-1.2487038e+46	4.2022657e+45	-1.3933388e+45	4.5515871e+44	-1.4648227e+44	4.6441467e+43	-1.4504659e+43	4.4624281e+42	-1.3523152e+42	4.0365261e+41	-1.1866984e+41	3.4360113e+40	-9.7978037e+39	2.7513156e+39	-7.6079298e+38	2.0714917e+38	-5.5534898e+37	1.4658502e+37	-3.8091492e+36	9.744384e+35	-2.4538115e+35	6.0821903e+34	-1.4838212e+34	3.5626713e+33	-8.418052e+32	1.9572992e+32	-4.4779551e+31	1.0079649e+31	-2.2321298e+30	4.8625721e+29	-1.0419537e+29	2.1959811e+28	-4.551637e+27	9.2773792e+26	-1.8593465e+26	3.6637864e+25	-7.0972636e+24	1.3514427e+24	-2.52932e+23	4.6522344e+22	-8.4085635e+21	1.4932542e+21	-2.6052243e+20	4.4648014e+19	-7.5153526e+18	1.2423089e+18	-2.0164338e+17	3.2133031e+16	-5.026552e+15	7.7174675e+14	-1.1627837e+14	1.7189919e+13	-2.4930355e+12	3.5464152e+11	-4.9474509e+10	6.7674652e+09	-9.0749096e+08	1.192744e+08	 -15362107	 1938616.9	-239523.97	 29094.036	-3348.5569	  487.8741	  43.78844	  94.09508	 88.519504	 89.123927	 89.059857	 89.066496	 89.065824	  89.06589	 89.065884	 89.065885	 89.065885	 89.065885	 89.065885	 89.065885	 89.065885	 89.065885	 89.065885	 89.065885	 89.065885	 89.065885	 89.065885	 89.065885	 89.065885	 89.065885	 89.065885	 89.065885	 89.065885	 89.065885	 89.065885	 89.065885	 89.065885	 89.065885	 89.065885	 89.065885	 89.065885	 89.065885	 89.065885	 89.065885	 89.065885	 89.065885	 89.065885	 89.065885	 89.065885	 89.065885	 89.065885	 89.065885	 89.065885	 89.065885	 89.065885	 89.065885	 89.065885	 89.065885	 89.065885	 89.065885	 89.065885	 89.065885	 89.065885	
        99	7.8716584e+62	-1.5426843e+63	2.2370185e+63	-2.8446557e+63	3.3456533e+63	-3.7266858e+63	3.9815209e+63	-4.1109159e+63	4.1219834e+63	-4.0271285e+63	3.8426926e+63	-3.5874539e+63	3.2811349e+63	-2.9430436e+63	2.5909484e+63	-2.2402463e+63	1.9034475e+63	-1.5899624e+63	1.306155e+63	-1.0556025e+63	8.3949752e+62	-6.571293e+62	5.0638409e+62	-3.8422106e+62	2.8709045e+62	-2.1127561e+62	1.5315202e+62	-1.0936609e+62	7.6942808e+61	-5.3335105e+61	3.6429114e+61	-2.4518931e+61	1.6262831e+61	-1.0630507e+61	6.8484797e+60	-4.3484433e+60	2.7213728e+60	-1.6786891e+60	1.0206865e+60	-6.11737e+59	3.6140697e+59	-2.1047261e+59	1.2082832e+59	-6.837884e+58	3.8146907e+58	-2.0979031e+58	1.1373734e+58	-6.0787524e+57	3.2027356e+57	-1.6635036e+57	8.5177021e+56	-4.2994871e+56	2.1394647e+56	-1.0495087e+56	5.075245e+55	-2.419441e+55	1.1369899e+55	-5.2671732e+54	2.4053233e+54	-1.082777e+54	4.8047267e+53	-2.1016302e+53	9.0613979e+52	-3.8510422e+52	1.6132359e+52	-6.6610994e+51	2.7109016e+51	-1.0874075e+51	4.2990452e+50	-1.6751078e+50	6.4327108e+49	-2.4345277e+49	9.0801554e+48	-3.3374723e+48	1.208858e+48	-4.3147248e+47	1.5175306e+47	-5.2591346e+46	1.7958452e+46	-6.0420746e+45	2.0028579e+45	-6.5410088e+44	2.1045198e+44	-6.6704867e+43	2.0827649e+43	-6.4059354e+42	1.9407304e+42	-5.7911968e+41	1.7020466e+41	-4.9266693e+40	1.4044051e+40	-3.9424481e+39	1.0898104e+39	-2.9663569e+38	7.9498469e+37	-2.0976435e+37	5.4489905e+36	-1.3934294e+36	3.5076056e+35	-8.690903e+34	2.119425e+34	-5.0867456e+33	1.2014333e+33	-2.7923189e+32	6.3856203e+31	-1.436746e+31	3.1802468e+30	-6.9248384e+29	1.4831651e+29	-3.1243689e+28	6.4727513e+27	-1.3186484e+27	2.6414422e+26	-5.2021448e+25	1.0071845e+25	-1.9167949e+24	3.5853831e+23	-6.590841e+22	1.1905344e+22	-2.1129441e+21	3.6840583e+20	-6.3096216e+19	1.0613601e+19	-1.7532643e+18	2.8437931e+17	-4.528491e+16	7.0786586e+15	-1.085989e+15	1.6349703e+14	-2.4151e+13	3.4996919e+12	-4.9741652e+11	6.9331432e+10	-9.475039e+09	1.2693794e+09	-1.6667751e+08	  21446340	-2703401.5	 333895.94	 -40279.19	 4862.5569	-469.52774	 146.96254	 77.210514	 84.931532	 84.095622	  84.18411	 84.174954	 84.175879	 84.175788	 84.175797	 84.175796	 84.175796	 84.175796	 84.175796	 84.175796	 84.175796	 84.175796	 84.175796	 84.175796	 84.175796	 84.175796	 84.175796	 84.175796	 84.175796	 84.175796	 84.175796	 84.175796	 84.175796	 84.175796	 84.175796	 84.175796	 84.175796	 84.175796	 84.175796	 84.175796	 84.175796	 84.175796	 84.175796	 84.175796	 84.175796	 84.175796	 84.175796	 84.175796	 84.175796	 84.175796	 84.175796	 84.175796	 84.175796	 84.175796	 84.175796	 84.175796	 84.175796	 84.175796	 84.175796	 84.175796	 84.175796	 84.175796	 84.175796	
        99	-1.000995e+63	1.9617365e+63	-2.8446557e+63	3.6173037e+63	-4.254318e+63	4.7387537e+63	-5.0626898e+63	5.2270959e+63	-5.2410255e+63	5.1202631e+63	-4.8855985e+63	4.5609194e+63	-4.171312e+63	3.7413331e+63	-3.2935793e+63	2.8476289e+63	-2.4193869e+63	2.0208154e+63	-1.6600014e+63	1.3414874e+63	-1.0667843e+63	8.3498288e+62	-6.4339081e+62	4.8813791e+62	-3.6470793e+62	2.6837335e+62	-1.9452473e+62	1.3889778e+62	-9.7710147e+61	6.7723946e+61	-4.6252328e+61	3.1127258e+61	-2.0643732e+61	1.3492648e+61	-8.6913437e+60	5.5179083e+60	-3.4528283e+60	2.1296186e+60	-1.2946933e+60	7.7585493e+59	-4.5830211e+59	2.6686324e+59	-1.5317857e+59	8.6673295e+58	-4.8345433e+58	2.6583509e+58	-1.440983e+58	7.7001171e+57	-4.0562917e+57	2.1064693e+57	-1.0783885e+57	5.4423807e+56	-2.7076647e+56	1.3279793e+56	-6.4206018e+55	3.0601674e+55	-1.437792e+55	6.6592344e+54	-3.0403616e+54	1.368339e+54	-6.0704942e+53	2.6546672e+53	-1.1443138e+53	4.8620794e+52	-2.0362595e+52	8.4056289e+51	-3.4199887e+51	1.3714733e+51	-5.420616e+50	2.1115356e+50	-8.1063632e+49	3.0670472e+49	-1.1435891e+49	4.2020632e+48	-1.5215477e+48	5.429075e+47	-1.9088409e+47	6.6130689e+46	-2.2574133e+46	7.592391e+45	-2.5158787e+45	8.2134967e+44	-2.6416594e+44	8.3698631e+43	-2.6123694e+43	8.031688e+42	-2.4322922e+42	7.2550662e+41	-2.1313911e+41	6.1667997e+40	-1.7571528e+40	4.9304852e+39	-1.3623131e+39	3.7063579e+38	-9.9283304e+37	2.6184125e+37	-6.7983989e+36	1.7376206e+36	-4.3717486e+35	1.0826265e+35	-2.6387359e+34	6.3296047e+33	-1.4941335e+33	3.4705813e+32	-7.9319852e+31	1.7835872e+31	-3.9455222e+30	8.5857101e+29	-1.8376904e+29	3.8686071e+28	-8.0090989e+27	1.6304929e+27	-3.263763e+26	6.4230283e+25	-1.2426199e+25	2.3630258e+24	-4.4165526e+23	8.1121281e+22	-1.4641072e+22	2.596249e+21	-4.5227479e+20	7.7390304e+19	-1.300597e+19	2.146412e+18	-3.4780673e+17	5.5329394e+16	-8.639795e+15	1.3240827e+15	-1.9912391e+14	2.9380462e+13	-4.2525435e+12	6.0369766e+11	-8.4041542e+10	1.147078e+10	-1.5347379e+09	2.0124874e+08	 -25858304	 3255059.8	-401230.41	 48529.811	-5647.2726	 741.87168	 4.3811804	 87.681465	 78.477024	 79.471715	 79.366618	 79.377471	 79.376376	 79.376484	 79.376473	 79.376474	 79.376474	 79.376474	 79.376474	 79.376474	 79.376474	 79.376474	 79.376474	 79.376474	 79.376474	 79.376474	 79.376474	 79.376474	 79.376474	 79.376474	 79.376474	 79.376474	 79.376474	 79.376474	 79.376474	 79.376474	 79.376474	 79.376474	 79.376474	 79.376474	 79.376474	 79.376474	 79.376474	 79.376474	 79.376474	 79.376474	 79.376474	 79.376474	 79.376474	 79.376474	 79.376474	 79.376474	 79.376474	 79.376474	 79.376474	 79.376474	 79.376474	 79.376474	 79.376474	 79.376474	 79.376474	 79.376474	 79.376474	
        99	1.1773086e+63	-2.3072591e+63	3.3456533e+63	-4.254318e+63	5.003419e+63	-5.573028e+63	5.9538347e+63	-6.1469898e+63	6.1631545e+63	-6.0209085e+63	5.7447174e+63	-5.3626893e+63	4.9043384e+63	-4.398553e+63	3.8719116e+63	-3.3474394e+63	2.8438379e+63	-2.3751689e+63	1.9509348e+63	-1.5764691e+63	1.2535401e+63	-9.8107e+62	7.5588583e+62	-5.7343064e+62	4.2838933e+62	-3.1519984e+62	2.2844025e+62	-1.6309565e+62	1.1471864e+62	-7.9502696e+61	5.428958e+61	-3.653129e+61	2.4224319e+61	-1.5830612e+61	1.0195829e+61	-6.4720687e+60	4.0492493e+60	-2.4970667e+60	1.5178254e+60	-9.0941037e+59	5.3709794e+59	-3.1268743e+59	1.7944752e+59	-1.0151736e+59	5.6613982e+58	-3.1123718e+58	1.686734e+58	-9.0113796e+57	4.7459913e+57	-2.4640769e+57	1.261169e+57	-6.3633138e+56	3.165069e+56	-1.5519256e+56	7.5014297e+55	-3.5743704e+55	1.6789348e+55	-7.7739673e+54	3.5483099e+54	-1.596486e+54	7.0805617e+53	-3.0954451e+53	1.333904e+53	-5.6658478e+52	2.3721184e+52	-9.7888291e+51	3.9814324e+51	-1.5960739e+51	6.3061161e+50	-2.4555914e+50	9.4237709e+49	-3.5641556e+49	1.3284348e+49	-4.8793646e+48	1.7660909e+48	-6.2990696e+47	2.2138061e+47	-7.6663438e+46	2.6158195e+46	-8.7939228e+45	2.9127087e+45	-9.5046142e+44	3.0554695e+44	-9.6763111e+43	3.0186439e+43	-9.2760978e+42	2.8077001e+42	-8.3704344e+41	2.457743e+41	-7.1071386e+40	2.0239553e+40	-5.6758661e+39	1.5673467e+39	-4.261628e+38	1.1408767e+38	-3.0069691e+37	7.8022507e+36	-1.9928947e+36	5.0106531e+35	-1.2399981e+35	3.0201932e+34	-7.2394389e+33	1.7076549e+33	-3.9635829e+32	9.051803e+31	-2.0337953e+31	4.4954073e+30	-9.7742662e+29	2.0903315e+29	-4.3966664e+28	9.0943058e+27	-1.8497474e+27	3.6992196e+26	-7.2730958e+25	1.405709e+25	-2.6704998e+24	4.9861279e+23	-9.1486981e+22	1.6494153e+22	-2.921621e+21	5.0837898e+20	-8.6889291e+19	1.4584893e+19	-2.404032e+18	3.8906041e+17	-6.1811822e+16	9.6391721e+15	-1.4752157e+15	2.2153925e+14	-3.2640351e+13	4.7173182e+12	-6.6864657e+11	9.2935473e+10	-1.2663961e+10	1.6915227e+09	-2.2142169e+08	  28399408	-3568125.5	 439159.09	-52831.365	 6315.1829	-645.71502	 156.06821	 65.704802	 75.666999	 74.592955	  74.70616	 74.694498	 74.695672	 74.695557	 74.695568	 74.695567	 74.695567	 74.695567	 74.695567	 74.695567	 74.695567	 74.695567	 74.695567	 74.695567	 74.695567	 74.695567	 74.695567	 74.695567	 74.695567	 74.695567	 74.695567	 74.695567	 74.695567	 74.695567	 74.695567	 74.695567	 74.695567	 74.695567	 74.695567	 74.695567	 74.695567	 74.695567	 74.695567	 74.695567	 74.695567	 74.695567	 74.695567	 74.695567	 74.695567	 74.695567	 74.695567	 74.695567	 74.695567	 74.695567	 74.695567	 74.695567	 74.695567	 74.695567	 74.695567	 74.695567	 74.695567	 74.695567	 74.695567	
        99	-1.3114172e+63	2.5700625e+63	-3.7266858e+63	4.7387537e+63	-5.573028e+63	6.2073115e+63	-6.6312418e+63	6.8461146e+63	-6.8638234e+63	6.7050842e+63	-6.3971692e+63	5.9714051e+63	-5.4606815e+63	4.8971851e+63	-4.310525e+63	3.7263466e+63	-3.165475e+63	2.6435639e+63	-2.1711862e+63	1.7542702e+63	-1.3947734e+63	1.0914844e+63	-8.4085962e+62	6.3781632e+62	-4.764293e+62	3.505004e+62	-2.5398934e+62	1.8131059e+62	-1.2751178e+62	8.8355031e+61	-6.0324891e+61	4.0585719e+61	-2.6908253e+61	1.7581455e+61	-1.1321404e+61	7.1852011e+60	-4.494546e+60	2.7711138e+60	-1.6840551e+60	1.0087929e+60	-5.9566285e+59	3.4670466e+59	-1.9892355e+59	1.1250861e+59	-6.2728234e+58	3.4476399e+58	-1.86795e+58	9.976891e+57	-5.2530707e+57	2.7265907e+57	-1.3951321e+57	7.037181e+56	-3.4992001e+56	1.7152348e+56	-8.2882075e+55	3.9479967e+55	-1.8538238e+55	8.5808715e+54	-3.9152627e+54	1.7609691e+54	-7.8072503e+53	3.4118799e+53	-1.4697106e+53	6.2402953e+52	-2.6115952e+52	1.0772729e+52	-4.3798168e+51	1.7550411e+51	-6.9312248e+50	2.6978251e+50	-1.0348751e+50	3.9122012e+49	-1.4574772e+49	5.3507842e+48	-1.9357773e+48	6.9008463e+47	-2.4240662e+47	8.3901055e+46	-2.8612531e+46	9.6138111e+45	-3.1825069e+45	1.0379132e+45	-3.3346742e+44	1.0554285e+44	-3.290553e+43	1.0105428e+43	-3.0567976e+42	9.107195e+41	-2.6723155e+41	7.7224384e+40	-2.1976708e+40	6.1587048e+39	-1.6994608e+39	4.6174652e+38	-1.2352127e+38	3.2531176e+37	-8.4343388e+36	2.1526242e+36	-5.407831e+35	1.3371701e+35	-3.2540857e+34	7.7932622e+33	-1.8366477e+33	4.2590829e+32	-9.7175407e+31	2.1812834e+31	-4.8166786e+30	1.0462282e+30	-2.2351703e+29	4.6963601e+28	-9.7037306e+27	1.9715212e+27	-3.9382847e+26	7.7341402e+25	-1.4930393e+25	2.8329464e+24	-5.2828183e+23	9.6806383e+22	-1.7430211e+22	3.0832547e+21	-5.3576018e+20	9.1438744e+19	-1.53261e+19	2.5224097e+18	-4.0758795e+17	6.4652599e+16	-1.0065719e+16	1.5379098e+15	-2.3055534e+14	3.3908334e+13	-4.8916005e+12	6.9204236e+11	-9.6000356e+10	1.3055398e+10	-1.7402044e+09	2.2730886e+08	 -29090198	 3646780.1	-447622.24	 53882.581	-6261.3178	 799.17631	-11.965042	 79.207083	 69.183738	 70.261254	 70.148023	 70.159651	 70.158484	 70.158598	 70.158587	 70.158588	 70.158588	 70.158588	 70.158588	 70.158588	 70.158588	 70.158588	 70.158588	 70.158588	 70.158588	 70.158588	 70.158588	 70.158588	 70.158588	 70.158588	 70.158588	 70.158588	 70.158588	 70.158588	 70.158588	 70.158588	 70.158588	 70.158588	 70.158588	 70.158588	 70.158588	 70.158588	 70.158588	 70.158588	 70.158588	 70.158588	 70.158588	 70.158588	 70.158588	 70.158588	 70.158588	 70.158588	 70.158588	 70.158588	 70.158588	 70.158588	 70.158588	 70.158588	 70.158588	 70.158588	 70.158588	 70.158588	 70.158588	
        99	1.4011268e+63	-2.7458472e+63	3.9815209e+63	-5.0626898e+63	5.9538347e+63	-6.6312418e+63	7.0838502e+63	-7.3130618e+63	7.3316068e+63	-7.1616429e+63	6.8323328e+63	-6.3771678e+63	5.8313035e+63	-5.2291389e+63	4.6023117e+63	-3.9782188e+63	3.3791011e+63	-2.8216706e+63	2.3172083e+63	-1.8720322e+63	1.488218e+63	-1.1644579e+63	8.969544e+62	-6.8026847e+62	5.0806378e+62	-3.7371503e+62	2.7076778e+62	-1.9325524e+62	1.3588834e+62	-9.4142134e+61	6.4263931e+61	-4.3227393e+61	2.8653879e+61	-1.8718105e+61	1.2050734e+61	-7.6463697e+60	4.7819197e+60	-2.947595e+60	1.7908683e+60	-1.0725069e+60	6.3312025e+59	-3.6840859e+59	2.1131844e+59	-1.1948539e+59	6.659884e+58	-3.6592889e+58	1.9820191e+58	-1.0582839e+58	5.5703322e+57	-2.890315e+57	1.4784082e+57	-7.4546617e+56	3.7054804e+56	-1.8156918e+56	8.7703759e+55	-4.1760876e+55	1.9601649e+55	-9.0694921e+54	4.1365273e+54	-1.8597137e+54	8.241527e+53	-3.6000984e+53	1.5500984e+53	-6.5786236e+52	2.7519075e+52	-1.1346118e+52	4.6106967e+51	-1.8466402e+51	7.2892808e+50	-2.8357201e+50	1.0871951e+50	-4.1077664e+49	1.5294886e+49	-5.6119869e+48	2.0291028e+48	-7.2292804e+47	2.5379073e+47	-8.7787289e+46	2.9919043e+46	-1.0046351e+46	3.323514e+45	-1.0831745e+45	3.4777138e+44	-1.0999321e+44	3.4268574e+43	-1.0516355e+43	3.1787312e+42	-9.4632719e+41	2.774641e+41	-8.0117718e+40	2.2781602e+40	-6.3789738e+39	1.7587515e+39	-4.774421e+38	1.2760694e+38	-3.357679e+37	8.6973826e+36	-2.2176595e+36	5.5658257e+35	-1.3748759e+35	3.3424611e+34	-7.9966326e+33	1.8825818e+33	-4.3608742e+32	9.9387631e+31	-2.2284109e+31	4.9150327e+30	-1.0663229e+30	2.2753285e+29	-4.7747794e+28	9.8531685e+27	-1.9992646e+27	3.9883526e+26	-7.8217073e+25	1.5078177e+25	-2.8568573e+24	5.3195191e+23	-9.7330867e+22	1.7497336e+22	-3.0901783e+21	5.3608166e+20	-9.1339365e+19	1.5282933e+19	-2.5108303e+18	4.0497508e+17	-6.4117398e+16	9.9630993e+15	-1.5192043e+15	2.2728515e+14	-3.335698e+13	4.8016267e+12	-6.7779569e+11	9.3807599e+10	-1.2726921e+10	1.6922684e+09	-2.2048897e+08	  28144004	-3518515.9	 430826.91	-51562.633	 6122.2361	-629.41612	 143.85361	 57.215577	 66.708968	 65.691918	 65.798416	  65.78752	 65.788608	 65.788502	 65.788512	 65.788511	 65.788511	 65.788511	 65.788511	 65.788511	 65.788511	 65.788511	 65.788511	 65.788511	 65.788511	 65.788511	 65.788511	 65.788511	 65.788511	 65.788511	 65.788511	 65.788511	 65.788511	 65.788511	 65.788511	 65.788511	 65.788511	 65.788511	 65.788511	 65.788511	 65.788511	 65.788511	 65.788511	 65.788511	 65.788511	 65.788511	 65.788511	 65.788511	 65.788511	 65.788511	 65.788511	 65.788511	 65.788511	 65.788511	 65.788511	 65.788511	 65.788511	 65.788511	 65.788511	 65.788511	 65.788511	 65.788511	 65.788511	
        99	-1.4467016e+63	2.8351329e+63	-4.1109159e+63	5.2270959e+63	-6.1469898e+63	6.8461146e+63	-7.3130618e+63	7.5493003e+63	-7.5680012e+63	7.3920731e+63	-7.0516564e+63	6.5813575e+63	-6.0174952e+63	5.3955997e+63	-4.7483414e+63	4.1040049e+63	-3.4855444e+63	2.9102002e+63	-2.3896024e+63	1.9302554e+63	-1.534284e+63	1.2003215e+63	-9.2443336e+62	7.0099322e+62	-5.2345186e+62	3.8496467e+62	-2.7886617e+62	1.9899649e+62	-1.3989697e+62	9.6898887e+61	-6.6131344e+61	4.4473473e+61	-2.9472974e+61	1.9248528e+61	-1.238913e+61	7.8590624e+60	-4.913629e+60	3.0279519e+60	-1.8391718e+60	1.1011148e+60	-6.4981378e+59	3.7800623e+59	-2.1675512e+59	1.2251965e+59	-6.8267303e+58	3.7496787e+58	-2.0302642e+58	1.0836531e+58	-5.7017552e+57	2.9573856e+57	-1.5121272e+57	7.6216484e+56	-3.7869387e+56	1.8548311e+56	-8.955598e+55	4.2624148e+55	-1.999788e+55	9.2485794e+54	-4.2162276e+54	1.8946354e+54	-8.3921624e+53	3.6640582e+53	-1.5768274e+53	6.6885475e+52	-2.7963879e+52	1.1523184e+52	-4.6800247e+51	1.8733327e+51	-7.3903135e+50	2.8733038e+50	-1.1009309e+50	4.1570657e+49	-1.5468568e+49	5.6720135e+48	-2.0494404e+48	7.2967709e+47	-2.55982e+47	8.8482394e+46	-3.0134074e+46	1.011106e+46	-3.3423896e+45	1.0884843e+45	-3.4920024e+44	1.1035605e+44	-3.435329e+43	1.0533479e+43	-3.1811692e+42	9.46221e+41	-2.7718394e+41	7.9963414e+40	-2.2716416e+40	6.3546296e+39	-1.7503247e+39	4.7467919e+38	-1.2673877e+38	3.3313494e+37	-8.61996e+36	2.1955169e+36	-5.5040967e+35	1.3580741e+35	-3.2977562e+34	7.8802482e+33	-1.8529137e+33	4.2867797e+32	-9.7573865e+31	2.1848767e+31	-4.8125481e+30	1.0426548e+30	-2.2216964e+29	4.6555173e+28	-9.5928866e+27	1.9435097e+27	-3.871121e+26	7.5797471e+25	-1.4587961e+25	2.7593633e+24	-5.1291894e+23	9.3683632e+22	-1.6811323e+22	2.9635324e+21	-5.1313524e+20	8.7259239e+19	-1.4571009e+19	2.3889433e+18	-3.84501e+17	6.0743514e+16	-9.4177347e+15	1.4327426e+15	-2.1384246e+14	3.1307627e+13	-4.4953213e+12	6.3291746e+11	-8.7363048e+10	1.1820031e+10	-1.5672288e+09	2.0360053e+08	 -25909738	 3229232.9	-393995.34	 47133.632	 -5441.321	 691.02126	-8.8113226	 69.308867	 60.781608	 61.691527	  61.59664	 61.606307	 61.605345	 61.605438	 61.605429	  61.60543	  61.60543	  61.60543	  61.60543	  61.60543	  61.60543	  61.60543	  61.60543	  61.60543	  61.60543	  61.60543	  61.60543	  61.60543	  61.60543	  61.60543	  61.60543	  61.60543	  61.60543	  61.60543	  61.60543	  61.60543	  61.60543	  61.60543	  61.60543	  61.60543	  61.60543	  61.60543	  61.60543	  61.60543	  61.60543	  61.60543	  61.60543	  61.60543	  61.60543	  61.60543	  61.60543	  61.60543	  61.60543	  61.60543	  61.60543	  61.60543	  61.60543	  61.60543	  61.60543	  61.60543	  61.60543	  61.60543	  61.60543	
        99	1.4506417e+63	-2.842821e+63	4.1219834e+63	-5.2410255e+63	6.1631545e+63	-6.8638234e+63	7.3316068e+63	-7.5680012e+63	7.5862447e+63	-7.4093422e+63	7.0675496e+63	-6.5955966e+63	6.0299235e+63	-5.4061706e+63	4.7571023e+63	-4.1110755e+63	3.4910956e+63	-2.9144327e+63	2.3927279e+63	-1.9324818e+63	1.535804e+63	-1.2013055e+63	9.250255e+62	-7.013108e+62	5.2358648e+62	-3.8498505e+62	2.7882162e+62	-1.9892067e+62	1.3981153e+62	-9.681661e+61	6.6058854e+61	-4.4413347e+61	2.942533e+61	-1.9212149e+61	1.2362216e+61	-7.8396994e+60	4.9000464e+60	-3.0186441e+60	1.8329317e+60	-1.0970175e+60	6.4717634e+59	-3.7634075e+59	2.1572277e+59	-1.2189122e+59	6.7891454e+58	-3.7275865e+58	2.0174979e+58	-1.0763988e+58	5.6612101e+57	-2.9350929e+57	1.5000673e+57	-7.5574469e+56	3.7533014e+56	-1.8374844e+56	8.8675379e+55	-4.2184057e+55	1.9781339e+55	-9.1436727e+54	4.1661834e+54	-1.8711273e+54	8.2834177e+53	-3.6145191e+53	1.554602e+53	-6.5903443e+52	2.7536526e+52	-1.134002e+52	4.6027046e+51	-1.8411849e+51	7.2586643e+50	-2.8202036e+50	1.0798355e+50	-4.0745206e+49	1.5150437e+49	-5.5512517e+48	2.0042904e+48	-7.1305113e+47	2.499521e+47	-8.6328512e+46	2.9376344e+46	-9.8485296e+45	3.2528104e+45	-1.0583829e+45	3.3923912e+44	-1.0710997e+44	3.3311628e+43	-1.0204327e+43	3.0787564e+42	-9.1484593e+41	2.6772002e+41	-7.715283e+40	2.189466e+40	-6.1180971e+39	1.6833021e+39	-4.5598474e+38	1.2160608e+38	-3.1926441e+37	8.2510368e+36	-2.0989455e+36	5.2553224e+35	-1.2950102e+35	3.1404496e+34	-7.4941693e+33	1.7596873e+33	-4.0653145e+32	9.2398462e+31	-2.0659107e+31	4.5435755e+30	-9.8284595e+29	2.0909113e+29	-4.3742942e+28	8.9983145e+27	-1.8199207e+27	3.6185775e+26	-7.0724862e+25	1.3586527e+25	-2.5650675e+24	4.7587568e+23	-8.67444e+22	1.5534235e+22	-2.7326523e+21	4.7213791e+20	-8.0109769e+19	1.3346717e+19	-2.1831028e+18	3.505266e+17	-5.5239423e+16	8.5426133e+15	-1.2962109e+15	1.9294406e+14	-2.8169751e+13	4.0332293e+12	-5.6618833e+11	7.7915521e+10	-1.0508873e+10	1.3888914e+09	-1.7983241e+08	  22806618	  -2832273	 344421.24	-40922.406	 4829.5905	-485.96835	  118.1861	 51.030057	 58.328538	 57.553262	 57.633729	 57.625571	 57.626379	   57.6263	 57.626308	 57.626307	 57.626307	 57.626307	 57.626307	 57.626307	 57.626307	 57.626307	 57.626307	 57.626307	 57.626307	 57.626307	 57.626307	 57.626307	 57.626307	 57.626307	 57.626307	 57.626307	 57.626307	 57.626307	 57.626307	 57.626307	 57.626307	 57.626307	 57.626307	 57.626307	 57.626307	 57.626307	 57.626307	 57.626307	 57.626307	 57.626307	 57.626307	 57.626307	 57.626307	 57.626307	 57.626307	 57.626307	 57.626307	 57.626307	 57.626307	 57.626307	 57.626307	 57.626307	 57.626307	 57.626307	 57.626307	 57.626307	 57.626307	
        99	-1.417309e+63	2.7774627e+63	-4.0271285e+63	5.1202631e+63	-6.0209085e+63	6.7050842e+63	-7.1616429e+63	7.3920731e+63	-7.4093422e+63	7.2359637e+63	-6.9015348e+63	6.4400191e+63	-5.8870438e+63	5.2774454e+63	-4.6432401e+63	4.0121288e+63	-3.4065754e+63	2.8434344e+63	-2.3340571e+63	1.884771e+63	-1.4976145e+63	1.1712099e+63	-9.0167076e+62	6.8346105e+62	-5.1014844e+62	3.7501858e+62	-2.7153889e+62	1.9367699e+62	-1.36091e+62	9.4215081e+61	-6.4266028e+61	4.3195601e+61	-2.8610051e+61	1.867412e+61	-1.2012214e+61	7.6152518e+60	-4.7581561e+60	2.9302154e+60	-1.7786008e+60	1.064108e+60	-6.2752365e+59	3.6477018e+59	-2.0900657e+59	1.1804768e+59	-6.5722841e+58	3.606951e+58	-1.9513353e+58	1.0406227e+58	-5.4704815e+57	2.8348439e+57	-1.4481176e+57	7.292034e+56	-3.619613e+56	1.7710957e+56	-8.5425112e+55	4.0615274e+55	-1.9034855e+55	8.7934975e+54	-4.0042443e+54	1.7973009e+54	-7.9516311e+53	3.4675303e+53	-1.4904101e+53	6.3140082e+52	-2.6363934e+52	1.0849565e+52	-4.4005034e+51	1.7590194e+51	-6.9295807e+50	2.6902998e+50	-1.0292967e+50	3.8807438e+49	-1.4418219e+49	5.2785877e+48	-1.904233e+48	6.7686928e+47	-2.3705959e+47	8.1801892e+46	-2.781037e+46	9.3147615e+45	-3.0735595e+45	9.990776e+44	-3.1990918e+44	1.0090336e+44	-3.1348513e+43	9.5927025e+42	-2.8910618e+42	8.5811433e+41	-2.5083182e+41	7.2201699e+40	-2.0465222e+40	5.7117073e+39	-1.5695361e+39	4.2462668e+38	-1.1309613e+38	2.9652805e+37	-7.6530357e+36	1.9441198e+36	-4.8607605e+35	1.1960436e+35	-2.8961442e+34	6.9006746e+33	-1.6178117e+33	3.731602e+32	-8.4675625e+31	1.8900837e+31	-4.1497876e+30	8.9609586e+29	-1.9029494e+29	3.973776e+28	-8.1590734e+27	1.6470102e+27	-3.2683241e+26	6.3750158e+25	-1.2221298e+25	2.3024193e+24	-4.2621829e+23	7.7519036e+22	-1.3850314e+22	2.4306954e+21	-4.1895179e+20	7.0908976e+19	-1.1783688e+19	1.9223893e+18	-3.0783404e+17	4.8377139e+16	-7.4600669e+15	1.1286329e+15	-1.6749279e+14	2.4377908e+13	-3.4791604e+12	4.867973e+11	-6.6762513e+10	8.9730485e+09	-1.181623e+09	1.524246e+08	 -19256108	   2381942	-288351.81	 34228.719	-3908.1393	 503.13587	 4.0496376	 59.264175	 53.292914	 53.923982	 53.858828	 53.865397	  53.86475	 53.864812	 53.864807	 53.864807	 53.864807	 53.864807	 53.864807	 53.864807	 53.864807	 53.864807	 53.864807	 53.864807	 53.864807	 53.864807	 53.864807	 53.864807	 53.864807	 53.864807	 53.864807	 53.864807	 53.864807	 53.864807	 53.864807	 53.864807	 53.864807	 53.864807	 53.864807	 53.864807	 53.864807	 53.864807	 53.864807	 53.864807	 53.864807	 53.864807	 53.864807	 53.864807	 53.864807	 53.864807	 53.864807	 53.864807	 53.864807	 53.864807	 53.864807	 53.864807	 53.864807	 53.864807	 53.864807	 53.864807	 53.864807	 53.864807	 53.864807	
        99	1.3524506e+63	-2.6503232e+63	3.8426926e+63	-4.8855985e+63	5.7447174e+63	-6.3971692e+63	6.8323328e+63	-7.0516564e+63	7.0675496e+63	-6.9015348e+63	6.5818934e+63	-6.1410682e+63	5.6130818e+63	-5.0311923e+63	4.4259559e+63	-3.8238009e+63	3.2461498e+63	-2.7090659e+63	2.2233574e+63	-1.7950372e+63	1.4260263e+63	-1.1149887e+63	8.5819795e+62	-6.503581e+62	4.8532217e+62	-3.5667823e+62	2.5819126e+62	-1.8410629e+62	1.2932917e+62	-8.9507472e+61	6.1036192e+61	-4.1011709e+61	2.7154673e+61	-1.771817e+61	1.1393305e+61	-7.2202782e+60	4.5096872e+60	-2.7761336e+60	1.6844082e+60	-1.0073433e+60	5.9379934e+59	-3.4501784e+59	1.9760117e+59	-1.11555e+59	6.2078981e+58	-3.4053339e+58	1.8413531e+58	-9.8147355e+57	5.1568603e+57	-2.6709007e+57	1.3636264e+57	-6.8627375e+56	3.4045681e+56	-1.6648958e+56	8.0254542e+55	-3.8133465e+55	1.7860474e+55	-8.2456558e+54	3.752302e+54	-1.6830812e+54	7.4411638e+53	-3.242638e+53	1.3927419e+53	-5.8958932e+52	2.4599549e+52	-1.0115665e+52	4.0996074e+51	-1.6374226e+51	6.4452489e+50	-2.5001622e+50	9.5572928e+49	-3.6002111e+49	1.3363956e+49	-4.8881346e+48	1.7617281e+48	-6.2561652e+47	2.1889538e+47	-7.5458632e+46	2.5627694e+46	-8.5747633e+45	2.826376e+45	-9.1773115e+44	2.9353555e+44	-9.2479822e+43	2.8698223e+43	-8.7713177e+42	2.6403159e+42	-7.8272083e+41	2.2850509e+41	-6.5690143e+40	1.8595013e+40	-5.1827543e+39	1.4222231e+39	-3.8423078e+38	1.0218978e+38	-2.675386e+37	6.8944711e+36	-1.7487272e+36	4.3653589e+35	-1.0724175e+35	2.5925202e+34	-6.1668327e+33	1.443279e+33	-3.3231647e+32	7.5271616e+31	-1.6770717e+31	3.6751506e+30	-7.9206849e+29	1.6787043e+29	-3.4983889e+28	7.1680607e+27	-1.4438794e+27	2.8589755e+26	-5.5640809e+25	1.0642206e+25	-2.0002091e+24	3.6937994e+23	-6.7015066e+22	1.1943132e+22	-2.0905197e+21	3.5935392e+20	-6.0654435e+19	1.005108e+19	-1.6349666e+18	2.6102661e+17	-4.0895172e+16	6.2863696e+15	-9.479715e+14	1.4021112e+14	-2.0336825e+13	2.8921198e+12	-4.0317895e+11	5.5085952e+10	-7.3748821e+09	9.6726832e+08	-1.242565e+08	  15630492	-1924804.2	 232051.49	-27310.815	 3206.8741	-305.79044	  89.61059	 46.096991	 50.777165	 50.285345	 50.335824	 50.330766	  50.33126	 50.331213	 50.331218	 50.331217	 50.331217	 50.331217	 50.331217	 50.331217	 50.331217	 50.331217	 50.331217	 50.331217	 50.331217	 50.331217	 50.331217	 50.331217	 50.331217	 50.331217	 50.331217	 50.331217	 50.331217	 50.331217	 50.331217	 50.331217	 50.331217	 50.331217	 50.331217	 50.331217	 50.331217	 50.331217	 50.331217	 50.331217	 50.331217	 50.331217	 50.331217	 50.331217	 50.331217	 50.331217	 50.331217	 50.331217	 50.331217	 50.331217	 50.331217	 50.331217	 50.331217	 50.331217	 50.331217	 50.331217	 50.331217	 50.331217	 50.331217	
        99	-1.2626718e+63	2.4743493e+63	-3.5874539e+63	4.5609194e+63	-5.3626893e+63	5.9714051e+63	-6.3771678e+63	6.5813575e+63	-6.5955966e+63	6.4400191e+63	-6.1410682e+63	5.7290675e+63	-5.2358074e+63	4.6923542e+63	-4.127241e+63	3.5651367e+63	-3.0260276e+63	2.5248905e+63	-2.0717919e+63	1.6723199e+63	-1.3282435e+63	1.0382932e+63	-7.9897194e+62	6.0532164e+62	-4.5159428e+62	3.3179863e+62	-2.4011219e+62	1.7116341e+62	-1.2019969e+62	8.3162131e+61	-5.6690207e+61	3.8078303e+61	-2.5203344e+61	1.6438836e+61	-1.0566598e+61	6.693716e+60	-4.179095e+60	2.5715394e+60	-1.5595942e+60	9.3228282e+59	-5.4930065e+59	3.1901161e+59	-1.8261785e+59	1.0304471e+59	-5.7313677e+58	3.142277e+58	-1.6981924e+58	9.0466405e+57	-4.7505822e+57	2.4590405e+57	-1.2547103e+57	6.3107232e+56	-3.1287504e+56	1.5290317e+56	-7.3656809e+55	3.4974908e+55	-1.6369802e+55	7.5521176e+54	-3.4342136e+54	1.5392649e+54	-6.8001824e+53	2.9610252e+53	-1.2707808e+53	5.3752449e+52	-2.2408696e+52	9.2069697e+51	-3.7281142e+51	1.4877301e+51	-5.8507433e+50	2.2674564e+50	-8.6595701e+49	3.2589011e+49	-1.2085119e+49	4.4159332e+48	-1.5899088e+48	5.6400883e+47	-1.9712823e+47	6.7880594e+46	-2.3028225e+46	7.6962089e+45	-2.5338314e+45	8.2176071e+44	-2.6251949e+44	8.2605192e+43	-2.5601368e+43	7.8146378e+42	-2.3492189e+42	6.9548139e+41	-2.0275552e+41	5.820523e+40	-1.645242e+40	4.5787989e+39	-1.2545909e+39	3.3841955e+38	-8.9863784e+37	2.3488877e+37	-6.0430971e+36	1.5301968e+36	-3.8132488e+35	9.3512983e+34	-2.2565524e+34	5.3577515e+33	-1.2515528e+33	2.8761401e+32	-6.5017299e+31	1.4456676e+31	-3.1614774e+30	6.7991429e+29	-1.4378705e+29	2.9898178e+28	-6.1120312e+27	1.2282803e+27	-2.4262427e+26	4.7102961e+25	-8.9864931e+24	1.6846498e+24	-3.1028022e+23	5.6139639e+22	-9.9770125e+21	1.7413629e+21	-2.984534e+20	5.0222801e+19	-8.2965802e+18	1.3452581e+18	-2.1406849e+17	3.3424931e+16	-5.1201957e+15	7.6935356e+14	-1.1337341e+14	1.6381815e+13	-2.320573e+12	3.2219935e+11	-4.3839029e+10	5.8440151e+09	-7.6309671e+08	  97581166	 -12216992	 1497220.1	-179497.14	 21111.303	-2369.9568	 318.19382	 17.297235	 50.218583	 46.698985	 47.066534	 47.029055	 47.032785	 47.032423	 47.032457	 47.032454	 47.032454	 47.032454	 47.032454	 47.032454	 47.032454	 47.032454	 47.032454	 47.032454	 47.032454	 47.032454	 47.032454	 47.032454	 47.032454	 47.032454	 47.032454	 47.032454	 47.032454	 47.032454	 47.032454	 47.032454	 47.032454	 47.032454	 47.032454	 47.032454	 47.032454	 47.032454	 47.032454	 47.032454	 47.032454	 47.032454	 47.032454	 47.032454	 47.032454	 47.032454	 47.032454	 47.032454	 47.032454	 47.032454	 47.032454	 47.032454	 47.032454	 47.032454	 47.032454	 47.032454	 47.032454	 47.032454	 47.032454	 47.032454	
        99	1.1549101e+63	-2.2631391e+63	3.2811349e+63	-4.171312e+63	4.9043384e+63	-5.4606815e+63	5.8313035e+63	-6.0174952e+63	6.0299235e+63	-5.8870438e+63	5.6130818e+63	-5.2358074e+63	4.7843239e+63	-4.2870622e+63	3.7701254e+63	-3.2560718e+63	2.7631683e+63	-2.3050933e+63	1.8910298e+63	-1.5260637e+63	1.2117884e+63	-9.4702103e+62	7.2854496e+62	-5.5181169e+62	4.1155474e+62	-3.0228935e+62	2.1868858e+62	-1.5584073e+62	1.0940219e+62	-7.5665053e+61	5.1560751e+61	-3.4619802e+61	2.2905262e+61	-1.4933875e+61	9.5952258e+60	-6.0757518e+60	3.7915938e+60	-2.3320271e+60	1.4136662e+60	-8.4464008e+59	4.9741255e+59	-2.8872841e+59	1.651948e+59	-9.3162819e+58	5.178841e+58	-2.8377206e+58	1.5326972e+58	-8.1600805e+57	4.2823765e+57	-2.2152757e+57	1.1295949e+57	-5.677649e+56	2.8129589e+56	-1.3737408e+56	6.6128665e+55	-3.1377228e+55	1.4674896e+55	-6.7649768e+54	3.073853e+54	-1.3766372e+54	6.0767174e+53	-2.6437769e+53	1.1336507e+53	-4.7909808e+52	1.9955001e+52	-8.1912877e+51	3.3137224e+51	-1.3210933e+51	5.1903142e+50	-2.0094882e+50	7.6665017e+49	-2.8821513e+49	1.0676559e+49	-3.8969746e+48	1.4014955e+48	-4.9660297e+47	1.733666e+47	-5.962721e+46	2.0203677e+46	-6.7438275e+45	2.2174575e+45	-7.1822258e+44	2.2913906e+44	-7.200395e+43	2.2284906e+43	-6.7926946e+42	2.0390551e+42	-6.0276708e+41	1.7546125e+41	-5.0292206e+40	1.4193317e+40	-3.9437192e+39	1.0788011e+39	-2.9051169e+38	7.7009706e+37	-2.0093651e+37	5.1602985e+36	-1.304258e+36	3.2440992e+35	-7.9402648e+34	1.9122883e+34	-4.5312246e+33	1.0562991e+33	-2.4223202e+32	5.4640238e+31	-1.2122495e+31	2.64503e+30	-5.6752886e+29	1.1973536e+29	-2.4836536e+28	5.0646505e+27	-1.0152012e+27	2.0001005e+26	-3.8725763e+25	7.3679467e+24	-1.3773349e+24	2.5294485e+23	-4.562997e+22	8.0845471e+21	-1.406642e+21	2.4031073e+20	-4.0305254e+19	6.6356622e+18	-1.0721954e+18	1.7000487e+17	-2.6446901e+16	4.0358967e+15	-6.0406026e+14	8.8657581e+13	-1.2757467e+13	1.7994529e+12	-2.4874557e+11	3.3691247e+10	-4.4702335e+09	5.8089222e+08	 -73911095	 9205939.3	-1122109.3	 133873.48	-15567.486	 1824.7091	-154.58588	 65.607633	 41.669175	  44.21154	 43.947862	 43.974557	  43.97192	 43.972174	  43.97215	 43.972152	 43.972152	 43.972152	 43.972152	 43.972152	 43.972152	 43.972152	 43.972152	 43.972152	 43.972152	 43.972152	 43.972152	 43.972152	 43.972152	 43.972152	 43.972152	 43.972152	 43.972152	 43.972152	 43.972152	 43.972152	 43.972152	 43.972152	 43.972152	 43.972152	 43.972152	 43.972152	 43.972152	 43.972152	 43.972152	 43.972152	 43.972152	 43.972152	 43.972152	 43.972152	 43.972152	 43.972152	 43.972152	 43.972152	 43.972152	 43.972152	 43.972152	 43.972152	 43.972152	 43.972152	 43.972152	 43.972152	 43.972152	 43.972152	
        99	-1.0359586e+63	2.0300061e+63	-2.9430436e+63	3.7413331e+63	-4.398553e+63	4.8971851e+63	-5.2291389e+63	5.3955997e+63	-5.4061706e+63	5.2774454e+63	-5.0311923e+63	4.6923542e+63	-4.2870622e+63	3.8408343e+63	-3.3770899e+63	2.9160588e+63	-2.4741131e+63	2.0635025e+63	-1.692441e+63	1.3654659e+63	-1.0839827e+63	8.4690907e+62	-6.5134247e+62	4.9318975e+62	-3.6771813e+62	2.7000308e+62	-1.9526505e+62	1.3909964e+62	-9.7613909e+61	6.7486308e+61	-4.5969326e+61	3.0852896e+61	-2.0404357e+61	1.3297508e+61	-8.5399778e+60	5.4050418e+60	-3.3714128e+60	2.072566e+60	-1.2557402e+60	7.4988762e+59	-4.4137341e+59	2.5605729e+59	-1.4641832e+59	8.2525133e+58	-4.5847303e+58	2.5106227e+58	-1.3551633e+58	7.2101782e+57	-3.781337e+57	1.9547441e+57	-9.9604506e+56	5.0027792e+56	-2.4767663e+56	1.2086415e+56	-5.8136061e+55	2.756294e+55	-1.2880508e+55	5.932845e+54	-2.6934575e+54	1.2052255e+54	-5.3153396e+53	2.310421e+53	-9.8978528e+52	4.1790008e+52	-1.7389089e+52	7.1309087e+51	-2.8818201e+51	1.1477109e+51	-4.5043387e+50	1.7420118e+50	-6.6386656e+49	2.4929166e+49	-9.2239937e+48	3.3628e+48	-1.2079245e+48	4.2748478e+47	-1.4904878e+47	5.1197326e+46	-1.7324507e+46	5.7750035e+45	-1.8962858e+45	6.1333436e+44	-1.9539521e+44	6.1310402e+43	-1.8946887e+43	5.7663925e+42	-1.7282702e+42	5.1007958e+41	-1.4823821e+41	4.2418428e+40	-1.1950794e+40	3.3148314e+39	-9.0515429e+38	2.4330633e+38	-6.4376315e+37	1.6765333e+37	-4.2971661e+36	1.083941e+36	-2.6906138e+35	6.5718407e+34	-1.5793535e+34	3.7341697e+33	-8.6855185e+32	1.9872293e+32	-4.4721171e+31	9.8981166e+30	-2.1543993e+30	4.6109765e+29	-9.7030925e+28	2.0074013e+28	-4.0824397e+27	8.1605666e+26	-1.6032e+26	3.0950829e+25	-5.8711459e+24	1.0941745e+24	-2.0031286e+23	3.601913e+22	-6.3606507e+21	1.1029444e+21	-1.8777048e+20	3.1380389e+19	-5.1473086e+18	8.2856048e+17	-1.3086371e+17	2.0276435e+16	-3.0815211e+15	4.5926239e+14	-6.7111502e+13	9.6136554e+12	-1.3497323e+12	1.8568761e+11	-2.5026466e+10	3.3036873e+09	-4.2704987e+08	  54042121	-6693379.8	 811209.71	-96120.108	 11188.944	-1222.2613	 181.08688	  26.00836	 42.751083	  40.98572	 41.167444	 41.149188	 41.150977	 41.150806	 41.150822	 41.150821	 41.150821	 41.150821	 41.150821	 41.150821	 41.150821	 41.150821	 41.150821	 41.150821	 41.150821	 41.150821	 41.150821	 41.150821	 41.150821	 41.150821	 41.150821	 41.150821	 41.150821	 41.150821	 41.150821	 41.150821	 41.150821	 41.150821	 41.150821	 41.150821	 41.150821	 41.150821	 41.150821	 41.150821	 41.150821	 41.150821	 41.150821	 41.150821	 41.150821	 41.150821	 41.150821	 41.150821	 41.150821	 41.150821	 41.150821	 41.150821	 41.150821	 41.150821	 41.150821	 41.150821	 41.150821	 41.150821	 41.150821	 41.150821	
