Time step 42:
        99	        99	        99	        99	        99	        99	        99	        99	        99	        99	        99	        99	        99	        99	        99	        99	        99	        99	        99	        99	        99	        99	        99	        99	        99	        99	        99	        99	        99	        99	        99	        99	        99	        99	        99	        99	        99	        99	        99	        99	        99	        99	        99	        99	        99	        99	        99	        99	        99	        99	        99	        99	        99	        99	        99	        99	        99	        99	        99	        99	        99	        99	        99	        99	        99	        99	        99	        99	        99	        99	        99	        99	        99	        99	        99	        99	        99	        99	        99	        99	        99	        99	        99	        99	        99	        99	        99	        99	        99	        99	        99	        99	        99	        99	        99	        99	        99	        99	        99	        99	        99	        99	        99	        99	        99	        99	        99	        99	        99	        99	        99	        99	        99	        99	        99	        99	        99	        99	        99	        99	        99	        99	        99	        99	        99	        99	        99	        99	        99	        99	        99	        99	        99	        99	        99	        99	        99	        99	        99	        99	        99	        99	        99	        99	        99	        99	        99	        99	        99	        99	        99	        99	        99	        99	        99	        99	        99	        99	        99	        99	        99	        99	        99	        99	        99	        99	        99	        99	        99	        99	        99	        99	        99	        99	        99	        99	        99	        99	        99	        99	        99	        99	        99	        99	        99	        99	        99	        99	        99	        99	        99	        99	        99	        99	        99	        99	        99	        99	        99	        99	
        99	 98.984882	 98.969769	 98.954665	 98.939574	 98.924502	 98.909452	 98.894429	 98.879438	 98.864483	 98.849568	 98.834698	 98.819878	  98.80511	   98.7904	 98.775752	  98.76117	 98.746658	  98.73222	  98.71786	 98.703581	 98.689388	 98.675285	 98.661274	  98.64736	 98.633546	 98.619836	 98.606232	 98.592738	 98.579357	 98.566093	 98.552947	 98.539924	 98.527025	 98.514253	 98.501612	 98.489102	 98.476728	  98.46449	 98.452391	 98.440434	 98.428619	 98.416949	 98.405425	 98.394049	 98.382823	 98.371748	 98.360825	 98.350055	 98.339439	 98.328979	 98.318675	 98.308527	 98.298537	 98.288705	 98.279031	 98.269515	 98.260159	 98.250961	 98.241923	 98.233043	 98.224323	  98.21576	 98.207356	 98.199109	  98.19102	 98.183087	  98.17531	 98.167688	  98.16022	 98.152906	 98.145743	 98.138733	 98.131872	  98.12516	 98.118596	 98.112178	 98.105905	 98.099775	 98.093788	 98.087941	 98.082233	 98.076663	 98.071228	 98.065927	 98.060758	  98.05572	  98.05081	 98.046027	 98.041368	 98.036833	 98.032419	 98.028124	 98.023946	 98.019883	 98.015934	 98.012095	 98.008366	 98.004744	 98.001227	 97.997813	 97.994501	 97.991287	  97.98817	 97.985149	  97.98222	 97.979383	 97.976634	 97.973972	 97.971396	 97.968902	  97.96649	 97.964156	   97.9619	 97.959719	 97.957612	 97.955576	  97.95361	 97.951712	 97.949881	 97.948113	 97.946408	 97.944764	 97.943179	 97.941652	  97.94018	 97.938763	 97.937398	 97.936085	 97.934821	 97.933605	 97.932435	 97.931311	  97.93023	 97.929192	 97.928195	 97.927237	 97.926318	 97.925435	 97.924589	 97.923777	 97.922998	 97.922252	 97.921536	 97.920851	 97.920195	 97.919566	 97.918965	 97.918389	 97.917838	 97.917311	 97.916808	 97.916326	 97.915866	 97.915426	 97.915006	 97.914605	 97.914222	 97.913856	 97.913507	 97.913175	 97.912857	 97.912554	 97.912265	  97.91199	 97.911727	 97.911477	 97.911238	 97.911011	 97.910794	 97.910587	  97.91039	 97.910202	 97.910023	 97.909852	  97.90969	 97.909534	 97.909386	 97.909244	 97.909109	 97.908979	 97.908855	 97.908737	 97.908623	 97.908514	 97.908409	 97.908308	 97.908211	 97.908117	 97.908027	 97.907939	 97.907853	  97.90777	 97.907689	  97.90761	 97.907532	 97.907455	  97.90738	 97.907305	  97.90723	
        99	 98.969769	 98.939547	 98.909343	 98.879166	 98.849026	 98.818931	  98.78889	 98.758913	 98.729007	 98.699182	 98.669447	  98.63981	 98.610279	 98.580864	 98.551572	 98.522412	 98.493392	  98.46452	 98.435804	 98.407251	  98.37887	 98.350667	  98.32265	 98.294826	 98.267202	 98.239785	 98.212582	 98.185598	 98.158841	 98.132316	 98.106029	 98.079986	 98.054192	 98.028653	 98.003373	 97.978358	 97.953613	 97.929141	 97.904947	 97.881035	 97.857409	 97.834073	 97.811029	 97.788281	 97.765832	 97.743685	 97.721842	 97.700305	 97.679077	 97.658159	 97.637554	 97.617262	 97.597284	 97.577623	 97.558278	  97.53925	  97.52054	 97.502148	 97.484074	 97.466317	 97.448878	 97.431756	  97.41495	 97.398459	 97.382283	 97.366419	 97.350868	 97.335626	 97.320693	 97.306066	 97.291744	 97.277724	 97.264004	 97.250583	 97.237456	 97.224622	 97.212078	 97.199822	 97.187849	 97.176157	 97.164743	 97.153603	 97.142735	 97.132135	 97.121799	 97.111723	 97.101905	  97.09234	 97.083025	 97.073956	 97.065129	  97.05654	 97.048185	 97.040061	 97.032163	 97.024487	  97.01703	 97.009787	 97.002754	 96.995928	 96.989303	 96.982877	 96.976645	 96.970603	 96.964746	 96.959072	 96.953575	 96.948253	 96.943101	 96.938114	  96.93329	 96.928624	 96.924112	 96.919752	 96.915538	 96.911467	 96.907536	  96.90374	 96.900077	 96.896542	 96.893133	 96.889845	 96.886676	 96.883622	 96.880679	 96.877845	 96.875116	 96.872489	 96.869962	  96.86753	 96.865192	 96.862943	 96.860783	 96.858706	 96.856712	 96.854797	 96.852958	 96.851194	 96.849501	 96.847877	  96.84632	 96.844827	 96.843397	 96.842027	 96.840714	 96.839457	 96.838254	 96.837103	 96.836002	 96.834948	 96.833941	 96.832978	 96.832058	 96.831178	 96.830338	 96.829536	  96.82877	 96.828039	 96.827341	 96.826676	 96.826041	 96.825435	 96.824857	 96.824306	 96.823781	 96.823281	 96.822803	 96.822348	 96.821915	 96.821502	 96.821108	 96.820732	 96.820374	 96.820033	 96.819707	 96.819396	 96.819099	 96.818816	 96.818545	 96.818286	 96.818039	 96.817802	 96.817574	 96.817356	 96.817147	 96.816945	  96.81675	 96.816563	 96.816381	 96.816206	 96.816035	 96.815869	 96.815707	 96.815548	 96.815392	 96.815239	 96.815088	 96.814938	 96.814789	
        99	 98.954665	 98.909343	 98.864049	 98.818795	 98.773596	 98.728465	 98.683415	 98.638459	 98.593612	 98.548886	 98.504294	  98.45985	 98.415565	 98.371453	 98.327527	 98.283798	 98.240279	 98.196982	 98.153918	   98.1111	 98.068538	 98.026245	  97.98423	 97.942504	 97.901079	 97.859964	 97.819169	 97.778703	 97.738577	   97.6988	 97.659379	 97.620324	 97.581643	 97.543344	 97.505434	 97.467921	 97.430812	 97.394114	 97.357832	 97.321973	 97.286543	 97.251547	  97.21699	 97.182877	 97.149212	 97.115999	 97.083243	 97.050946	 97.019112	 96.987743	 96.956843	 96.926412	 96.896454	 96.866969	 96.837959	 96.809424	 96.781366	 96.753785	  96.72668	 96.700052	   96.6739	 96.648223	  96.62302	 96.598291	 96.574032	 96.550243	 96.526921	 96.504064	  96.48167	 96.459735	 96.438257	 96.417233	 96.396659	 96.376531	 96.356846	 96.337601	 96.318789	 96.300409	 96.282454	  96.26492	 96.247804	 96.231099	   96.2148	 96.198904	 96.183403	 96.168294	  96.15357	 96.139227	 96.125258	 96.111657	  96.09842	  96.08554	 96.073011	 96.060828	 96.048984	 96.037473	  96.02629	 96.015428	 96.004882	 95.994645	  95.98471	 95.975073	 95.965727	 95.956666	 95.947884	 95.939375	 95.931132	  95.92315	 95.915423	 95.907946	 95.900711	 95.893714	 95.886948	 95.880409	  95.87409	 95.867985	 95.862089	 95.856397	 95.850904	 95.845603	 95.840491	  95.83556	 95.830808	 95.826227	 95.821815	 95.817564	 95.813472	 95.809533	 95.805743	 95.802096	 95.798589	 95.795218	 95.791977	 95.788864	 95.785873	 95.783001	 95.780244	 95.777598	 95.775059	 95.772624	 95.770289	 95.768051	 95.765906	 95.763851	 95.761882	 95.759998	 95.758194	 95.756467	 95.754815	 95.753236	 95.751725	 95.750281	 95.748901	 95.747582	 95.746323	  95.74512	 95.743971	 95.742875	 95.741828	  95.74083	 95.739878	 95.738969	 95.738103	 95.737277	 95.736489	 95.735739	 95.735023	 95.734341	 95.733691	 95.733071	  95.73248	 95.731917	  95.73138	 95.730868	 95.730379	 95.729913	 95.729468	 95.729043	 95.728637	 95.728249	 95.727878	 95.727522	 95.727181	 95.726854	  95.72654	 95.726237	 95.725946	 95.725665	 95.725392	 95.725129	 95.724873	 95.724624	  95.72438	 95.724142	 95.723909	 95.723679	 95.723452	 95.723228	 95.723005	
        99	 98.939574	 98.879166	 98.818795	 98.758478	 98.698234	  98.63808	 98.578034	 98.518115	 98.458339	 98.398726	 98.339291	 98.280052	 98.221027	 98.162231	 98.103683	 98.045399	 97.987393	 97.929684	 97.872286	 97.815215	 97.758486	 97.702115	 97.646114	   97.5905	 97.535286	 97.480484	  97.42611	 97.372175	 97.318693	 97.265674	 97.213132	 97.161077	  97.10952	 97.058473	 97.007944	 96.957944	 96.908483	 96.859569	  96.81121	 96.763415	 96.716192	 96.669546	 96.623486	 96.578018	 96.533147	 96.488879	  96.44522	 96.402172	 96.359742	 96.317931	 96.276745	 96.236185	 96.196255	 96.156955	 96.118289	 96.080256	 96.042859	 96.006096	 95.969969	 95.934478	 95.899621	 95.865397	 95.831805	 95.798843	  95.76651	 95.734802	 95.703717	 95.673252	 95.643403	 95.614167	  95.58554	 95.557518	 95.530095	 95.503268	 95.477031	 95.451378	 95.426306	 95.401806	 95.377875	 95.354505	 95.331691	 95.309426	 95.287702	 95.266514	 95.245854	 95.225716	 95.206091	 95.186973	 95.168354	 95.150226	 95.132583	 95.115415	 95.098716	 95.082477	 95.066691	 95.051349	 95.036443	 95.021966	 95.007909	 94.994264	 94.981023	 94.968178	 94.955721	 94.943644	 94.931938	 94.920596	  94.90961	 94.898972	 94.888673	 94.878706	 94.869063	 94.859737	  94.85072	 94.842003	  94.83358	 94.825444	 94.817586	 94.809999	 94.802677	 94.795612	 94.788797	 94.782226	 94.775891	 94.769786	 94.763905	  94.75824	 94.752785	 94.747535	 94.742483	 94.737623	 94.732949	 94.728455	 94.724136	 94.719986	    94.716	 94.712171	 94.708497	  94.70497	 94.701586	  94.69834	 94.695228	 94.692245	 94.689386	 94.686647	 94.684023	 94.681511	 94.679107	 94.676805	 94.674604	 94.672498	 94.670485	  94.66856	  94.66672	 94.664963	 94.663284	 94.661681	  94.66015	 94.658689	 94.657294	 94.655963	 94.654694	 94.653483	 94.652328	 94.651227	 94.650178	 94.649177	 94.648223	 94.647314	 94.646447	 94.645621	 94.644834	 94.644083	 94.643367	 94.642685	 94.642034	 94.641413	  94.64082	 94.640253	 94.639712	 94.639195	   94.6387	 94.638226	 94.637771	 94.637335	 94.636916	 94.636513	 94.636125	  94.63575	 94.635387	 94.635036	 94.634694	 94.634362	 94.634038	 94.633721	  94.63341	 94.633103	 94.632801	 94.632502	 94.632204	
        99	 98.924502	 98.849026	 98.773596	 98.698234	 98.622962	 98.547803	  98.47278	 98.397915	 98.323229	 98.248745	 98.174485	  98.10047	 98.026722	 97.953261	 97.880109	 97.807286	 97.734812	 97.662708	 97.590993	 97.519686	 97.448807	 97.378374	 97.308405	 97.238919	 97.169932	 97.101461	 97.033524	 96.966136	 96.899313	 96.833069	 96.767421	 96.702382	 96.637965	 96.574184	 96.511052	 96.448581	 96.386782	 96.325666	 96.265245	 96.205528	 96.146525	 96.088245	 96.030696	 95.973887	 95.917823	 95.862513	 95.807963	 95.754178	 95.701164	 95.648925	 95.597465	 95.546788	 95.496897	 95.447795	 95.399484	 95.351964	 95.305238	 95.259306	 95.214168	 95.169824	 95.126272	 95.083511	  95.04154	 95.000357	 94.959958	 94.920341	 94.881502	 94.843438	 94.806144	 94.769616	 94.733848	 94.698835	 94.664573	 94.631054	 94.598272	 94.566221	 94.534894	 94.504284	 94.474384	 94.445185	  94.41668	  94.38886	 94.361718	 94.335245	 94.309432	  94.28427	  94.25975	 94.235863	   94.2126	 94.189951	 94.167906	 94.146457	 94.125592	 94.105303	 94.085578	  94.06641	 94.047786	 94.029698	 94.012134	 93.995086	 93.978542	 93.962493	 93.946929	 93.931839	 93.917214	 93.903043	 93.889316	 93.876024	 93.863156	 93.850703	 93.838655	 93.827003	 93.815736	 93.804845	 93.794322	 93.784155	 93.774337	 93.764858	  93.75571	 93.746883	 93.738368	 93.730158	 93.722243	 93.714615	 93.707266	 93.700188	 93.693373	 93.686814	 93.680501	 93.674429	 93.668589	 93.662974	 93.657578	 93.652393	 93.647412	 93.642629	 93.638037	 93.633631	 93.629403	 93.625348	 93.621459	 93.617732	 93.614159	 93.610737	 93.607459	 93.604321	 93.601316	 93.598441	 93.595691	  93.59306	 93.590544	 93.588139	 93.585841	 93.583645	 93.581547	 93.579544	 93.577631	 93.575805	 93.574063	   93.5724	 93.570814	 93.569302	 93.567859	 93.566483	 93.565172	 93.563921	 93.562729	 93.561593	 93.560511	 93.559479	 93.558495	 93.557557	 93.556663	  93.55581	 93.554996	  93.55422	 93.553479	 93.552772	 93.552096	 93.551449	 93.550831	 93.550238	 93.549671	 93.549126	 93.548602	 93.548099	 93.547613	 93.547145	 93.546692	 93.546253	 93.545826	 93.545411	 93.545006	  93.54461	 93.544221	 93.543838	 93.543461	 93.543087	 93.542715	
        99	 98.909452	 98.818931	 98.728465	  98.63808	 98.547803	 98.457663	 98.367685	 98.277895	 98.188322	 98.098991	 98.009928	 97.921158	 97.832709	 97.744605	  97.65687	 97.569531	  97.48261	 97.396133	 97.310122	 97.224601	 97.139593	  97.05512	 96.971204	 96.887866	 96.805127	 96.723007	 96.641527	 96.560706	 96.480562	 96.401114	  96.32238	 96.244375	 96.167118	 96.090623	 96.014906	 95.939982	 95.865864	 95.792566	   95.7201	  95.64848	 95.577715	 95.507817	 95.438797	 95.370662	 95.303424	 95.237088	 95.171664	 95.107157	 95.043575	 94.980923	 94.919205	 94.858426	  94.79859	   94.7397	 94.681758	 94.624766	 94.568726	 94.513638	 94.459502	 94.406318	 94.354084	   94.3028	 94.252463	  94.20307	 94.154618	 94.107104	 94.060523	 94.014871	 93.970143	 93.926333	 93.883435	 93.841443	 93.800351	  93.76015	 93.720833	 93.682394	 93.644822	  93.60811	 93.572249	  93.53723	 93.503043	 93.469678	 93.437125	 93.405375	 93.374416	 93.344238	 93.314831	 93.286182	 93.258282	 93.231118	 93.204679	 93.178954	  93.15393	 93.129596	  93.10594	  93.08295	 93.060614	  93.03892	 93.017855	 92.997408	 92.977567	 92.958319	 92.939652	 92.921554	 92.904013	 92.887018	 92.870555	 92.854613	  92.83918	 92.824245	 92.809795	  92.79582	 92.782307	 92.769246	 92.756624	 92.744431	 92.732656	 92.721288	 92.710315	 92.699729	 92.689517	  92.67967	 92.670177	 92.661029	 92.652215	 92.643726	 92.635553	 92.627685	 92.620115	 92.612832	 92.605828	 92.599094	 92.592622	 92.586403	 92.580429	 92.574693	 92.569186	 92.563901	  92.55883	 92.553967	 92.549303	 92.544833	 92.540548	 92.536444	 92.532513	 92.528748	 92.525145	 92.521697	 92.518398	 92.515242	 92.512225	 92.509341	 92.506585	 92.503951	 92.501435	 92.499032	 92.496739	 92.494549	 92.492459	 92.490465	 92.488563	 92.486748	 92.485018	 92.483368	 92.481795	 92.480296	 92.478866	 92.477504	 92.476205	 92.474967	 92.473787	 92.472662	  92.47159	 92.470567	 92.469592	 92.468661	 92.467772	 92.466924	 92.466113	 92.465338	 92.464596	 92.463885	 92.463204	 92.462551	 92.461923	 92.461319	 92.460737	 92.460175	 92.459631	 92.459105	 92.458593	 92.458096	  92.45761	 92.457135	 92.456668	 92.456209	 92.455756	 92.455308	 92.454862	
        99	 98.894429	  98.78889	 98.683415	 98.578034	  98.47278	 98.367685	 98.262778	 98.158092	 98.053658	 97.949506	 97.845666	  97.74217	 97.639046	 97.536324	 97.434034	 97.332204	 97.230863	 97.130038	 97.029757	 96.930048	 96.830936	 96.732448	  96.63461	 96.537445	 96.440979	 96.345236	 96.250237	 96.156007	 96.062567	 95.969938	  95.87814	 95.787195	 95.697119	 95.607933	 95.519654	 95.432299	 95.345885	 95.260426	 95.175938	 95.092435	  95.00993	 94.928436	 94.847964	 94.768525	 94.690131	  94.61279	 94.536511	 94.461303	 94.387172	 94.314125	 94.242167	 94.171305	 94.101542	 94.032881	 93.965326	 93.898879	 93.833541	 93.769314	 93.706196	 93.644188	 93.583289	 93.523496	 93.464807	 93.407219	 93.350729	 93.295332	 93.241023	 93.187797	 93.135648	 93.084569	 93.034555	 92.985596	 92.937686	 92.890815	 92.844976	 92.800159	 92.756354	 92.713551	 92.671741	 92.630911	 92.591052	 92.552152	 92.514198	  92.47718	 92.441085	 92.405901	 92.371614	 92.338213	 92.305684	 92.274013	 92.243188	 92.213194	 92.184019	 92.155647	 92.128067	 92.101262	 92.075221	 92.049927	 92.025368	 92.001529	 91.978396	 91.955954	  91.93419	  91.91309	 91.892639	 91.872823	 91.853629	 91.835042	 91.817049	 91.799636	 91.782789	 91.766495	 91.750741	 91.735512	 91.720796	 91.706581	 91.692852	 91.679598	 91.666805	 91.654462	 91.642556	 91.631075	 91.620007	 91.609341	 91.599065	 91.589168	 91.579639	 91.570466	 91.561639	 91.553148	 91.544982	 91.537131	 91.529585	 91.522334	  91.51537	 91.508682	 91.502261	 91.496099	 91.490187	 91.484517	 91.479079	 91.473867	 91.468872	 91.464087	 91.459503	 91.455114	 91.450913	 91.446893	 91.443047	 91.439368	  91.43585	 91.432487	 91.429273	 91.426203	  91.42327	 91.420468	 91.417794	 91.415241	 91.412804	  91.41048	 91.408262	 91.406146	 91.404129	 91.402205	 91.400371	 91.398623	 91.396957	 91.395368	 91.393854	 91.392411	 91.391035	 91.389723	 91.388473	 91.387281	 91.386143	 91.385058	 91.384022	 91.383032	 91.382087	 91.381183	 91.380318	  91.37949	 91.378696	 91.377934	 91.377202	 91.376498	 91.375819	 91.375164	  91.37453	 91.373916	  91.37332	  91.37274	 91.372174	 91.371619	 91.371076	 91.370541	 91.370012	 91.369489	  91.36897	
        99	 98.879438	 98.758913	 98.638459	 98.518115	 98.397915	 98.277895	 98.158092	 98.038541	 97.919277	 97.800335	 97.681751	 97.563557	  97.44579	 97.328482	 97.211666	 97.095376	 96.979644	 96.864502	 96.749982	 96.636114	 96.522928	 96.410455	 96.298723	 96.187761	 96.077597	 95.968258	  95.85977	 95.752159	  95.64545	 95.539668	 95.434835	 95.330975	 95.228109	 95.126259	 95.025444	 94.925684	 94.826999	 94.729405	  94.63292	 94.537559	 94.443338	 94.350272	 94.258373	 94.167654	 94.078128	 93.989805	 93.902694	 93.816806	 93.732148	 93.648728	 93.566553	 93.485628	 93.405959	 93.327548	 93.250401	 93.174518	 93.099902	 93.026554	 92.954474	 92.883661	 92.814113	  92.74583	 92.678807	 92.613042	  92.54853	 92.485266	 92.423246	 92.362462	 92.302907	 92.244576	 92.187459	 92.131548	 92.076835	 92.023309	  91.97096	 91.919779	 91.869754	 91.820873	 91.773125	 91.726498	 91.680979	 91.636554	 91.593212	 91.550937	 91.509717	 91.469536	 91.430381	 91.392236	 91.355088	  91.31892	 91.283717	 91.249465	 91.216146	 91.183746	 91.152249	 91.121639	 91.091899	 91.063014	 91.034967	 91.007743	 90.981325	 90.955697	 90.930842	 90.906746	 90.883391	 90.860761	 90.838842	 90.817615	 90.797067	 90.777182	 90.757942	 90.739335	 90.721343	 90.703952	 90.687146	 90.670912	 90.655234	 90.640097	 90.625488	 90.611392	 90.597796	 90.584684	 90.572045	 90.559865	  90.54813	 90.536827	 90.525944	 90.515469	 90.505389	 90.495692	 90.486366	   90.4774	 90.468783	 90.460503	 90.452549	 90.444911	 90.437579	 90.430542	 90.423791	 90.417315	 90.411106	 90.405153	 90.399449	 90.393984	 90.388749	 90.383738	  90.37894	 90.374349	 90.369956	 90.365755	 90.361738	 90.357897	 90.354227	  90.35072	 90.347371	 90.344172	 90.341117	 90.338202	 90.335419	 90.332765	 90.330232	 90.327816	 90.325512	 90.323315	 90.321221	 90.319224	 90.317321	 90.315507	 90.313778	  90.31213	 90.310559	 90.309061	 90.307633	 90.306271	 90.304972	 90.303733	  90.30255	  90.30142	  90.30034	 90.299308	  90.29832	 90.297375	 90.296468	 90.295598	 90.294762	 90.293957	 90.293182	 90.292434	 90.291711	 90.291009	 90.290329	 90.289666	 90.289019	 90.288386	 90.287765	 90.287154	 90.286551	 90.285954	  90.28536	
        99	 98.864483	 98.729007	 98.593612	 98.458339	 98.323229	 98.188322	 98.053658	 97.919277	 97.785219	 97.651523	 97.518228	 97.385374	 97.252998	 97.121138	 96.989832	 96.859117	  96.72903	 96.599605	 96.470879	 96.342886	  96.21566	 96.089235	 95.963644	 95.838918	 95.715088	 95.592186	 95.470241	 95.349281	 95.229336	 95.110431	 94.992595	 94.875851	 94.760225	 94.645741	 94.532421	 94.420287	  94.30936	  94.19966	 94.091206	 93.984016	 93.878108	 93.773497	 93.670198	 93.568227	 93.467595	 93.368315	 93.270399	 93.173857	 93.078698	 92.984931	 92.892562	 92.801599	 92.712046	  92.62391	 92.537192	 92.451897	 92.368025	 92.285579	 92.204557	  92.12496	 92.046786	 91.970032	 91.894696	 91.820773	 91.748258	 91.677147	 91.607433	 91.539109	 91.472167	   91.4066	 91.342398	 91.279552	 91.218052	 91.157886	 91.099044	 91.041514	 90.985283	 90.930339	 90.876669	 90.824257	 90.773092	 90.723157	 90.674438	 90.626919	 90.580585	 90.535421	 90.491408	 90.448532	 90.406776	 90.366121	 90.326552	 90.288051	 90.250599	  90.21418	 90.178776	 90.144369	  90.11094	 90.078472	 90.046946	 90.016345	 89.986649	 89.957842	 89.929905	 89.902819	 89.876567	  89.85113	 89.826492	 89.802633	 89.779536	 89.757183	 89.735558	 89.714641	 89.694418	 89.674869	  89.65598	 89.637731	 89.620108	 89.603094	 89.586673	 89.570829	 89.555545	 89.540808	 89.526601	 89.512909	 89.499718	 89.487014	 89.474781	 89.463006	 89.451676	 89.440776	 89.430293	 89.420215	 89.410529	 89.401222	 89.392281	 89.383696	 89.375455	 89.367545	 89.359956	 89.352677	 89.345697	 89.339007	 89.332595	 89.326452	 89.320568	 89.314934	 89.309542	 89.304381	 89.299443	 89.294721	 89.290205	 89.285889	 89.281763	 89.277822	 89.274056	 89.270461	 89.267027	  89.26375	 89.260623	 89.257638	 89.254791	 89.252076	 89.249486	 89.247017	 89.244663	 89.242419	 89.240279	  89.23824	 89.236297	 89.234444	 89.232678	 89.230995	 89.229389	 89.227859	 89.226399	 89.225005	 89.223676	 89.222406	 89.221192	 89.220032	 89.218922	 89.217858	 89.216839	 89.215861	 89.214922	 89.214017	 89.213146	 89.212305	 89.211492	 89.210704	 89.209938	 89.209194	 89.208467	 89.207755	 89.207057	  89.20637	 89.205692	 89.205021	 89.204354	
        99	 98.849568	 98.699182	 98.548886	 98.398726	 98.248745	 98.098991	 97.949506	 97.800335	 97.651523	 97.503113	 97.355148	 97.207672	 97.060727	 96.914355	 96.768598	 96.623497	 96.479092	 96.335423	  96.19253	  96.05045	 95.909222	 95.768883	  95.62947	 95.491016	 95.353559	  95.21713	 95.081764	 94.947492	 94.814345	 94.682355	 94.551549	 94.421957	 94.293606	 94.166521	 94.040729	 93.916254	 93.793119	 93.671346	 93.550956	 93.431969	 93.314404	  93.19828	 93.083613	 92.970419	 92.858712	 92.748506	 92.639813	 92.532646	 92.427014	 92.322927	 92.220392	 92.119418	 92.020009	 91.922172	 91.825911	 91.731228	 91.638126	 91.546605	 91.456667	  91.36831	 91.281532	 91.196331	 91.112703	 91.030644	 90.950149	 90.871211	 90.793825	 90.717981	 90.643672	 90.570889	 90.499621	 90.429858	 90.361589	 90.294802	 90.229484	 90.165622	 90.103203	 90.042212	 89.982634	 89.924455	 89.867658	 89.812227	 89.758146	 89.705398	 89.653965	 89.603829	 89.554973	 89.507378	 89.461026	 89.415897	 89.371973	 89.329234	 89.287661	 89.247234	 89.207933	 89.169739	 89.132631	  89.09659	 89.061594	 89.027625	 88.994662	 88.962684	 88.931672	 88.901605	 88.872464	 88.844228	 88.816877	 88.790392	 88.764753	 88.739941	 88.715935	 88.692717	 88.670268	 88.648568	 88.627599	 88.607342	  88.58778	 88.568893	 88.550665	 88.533076	 88.516111	 88.499752	 88.483981	 88.468783	  88.45414	 88.440037	 88.426458	 88.413388	  88.40081	 88.388711	 88.377074	 88.365887	 88.355135	 88.344803	 88.334879	 88.325349	   88.3162	  88.30742	 88.298996	 88.290916	 88.283168	 88.275741	 88.268623	 88.261804	 88.255273	 88.249019	 88.243033	 88.237304	 88.231823	 88.226581	 88.221569	 88.216777	 88.212197	 88.207822	 88.203642	 88.199651	  88.19584	 88.192202	  88.18873	 88.185417	 88.182257	 88.179243	 88.176368	 88.173627	 88.171014	 88.168523	 88.166148	 88.163884	 88.161727	  88.15967	  88.15771	 88.155841	 88.154059	  88.15236	 88.150739	 88.149193	 88.147717	 88.146307	  88.14496	 88.143672	  88.14244	 88.141259	 88.140128	 88.139042	 88.137999	 88.136996	 88.136028	 88.135095	 88.134192	 88.133317	 88.132468	 88.131641	 88.130834	 88.130044	 88.129269	 88.128507	 88.127754	 88.127009	 88.126269	
        99	 98.834698	 98.669447	 98.504294	 98.339291	 98.174485	 98.009928	 97.845666	 97.681751	 97.518228	 97.355148	 97.192558	 97.030504	 96.869033	 96.708193	 96.548028	 96.388584	 96.229905	 96.072034	 95.915016	 95.758892	 95.603704	 95.449493	 95.296299	  95.14416	 94.993114	   94.8432	 94.694453	 94.546909	 94.400601	 94.255563	 94.111828	 93.969426	 93.828387	 93.688741	 93.550514	 93.413735	 93.278428	 93.144618	 93.012327	 92.881579	 92.752393	 92.624791	 92.498789	 92.374405	 92.251656	 92.130557	  92.01112	 91.893359	 91.777286	  91.66291	  91.55024	 91.439284	  91.33005	 91.222542	 91.116765	 91.012723	 90.910418	 90.809851	 90.711022	 90.613931	 90.518575	 90.424952	 90.333058	 90.242887	 90.154435	 90.067695	 89.982659	 89.899318	 89.817664	 89.737686	 89.659373	 89.582715	 89.507697	 89.434308	 89.362534	 89.292359	  89.22377	  89.15675	 89.091283	 89.027353	 88.964942	 88.904032	 88.844605	 88.786643	 88.730126	 88.675034	 88.621349	 88.569049	 88.518115	 88.468526	  88.42026	 88.373296	 88.327614	  88.28319	 88.240005	 88.198035	 88.157259	 88.117655	   88.0792	 88.041873	 88.005652	 87.970513	 87.936435	 87.903397	 87.871375	 87.840348	 87.810294	 87.781191	 87.753017	 87.725752	 87.699374	  87.67386	 87.649192	 87.625347	 87.602306	 87.580047	  87.55855	 87.537797	 87.517766	  87.49844	 87.479797	 87.461821	 87.444491	  87.42779	   87.4117	 87.396204	 87.381282	  87.36692	 87.353099	 87.339803	 87.327017	 87.314724	 87.302908	 87.291556	 87.280651	 87.270179	 87.260125	 87.250477	  87.24122	 87.232342	 87.223828	 87.215667	 87.207845	 87.200352	 87.193176	 87.186304	 87.179726	 87.173431	 87.167408	 87.161648	  87.15614	 87.150874	 87.145842	 87.141034	 87.136441	 87.132055	 87.127868	  87.12387	 87.120055	 87.116415	 87.112942	  87.10963	 87.106471	 87.103459	 87.100588	  87.09785	 87.095241	 87.092754	 87.090383	 87.088123	 87.085969	 87.083915	 87.081957	  87.08009	 87.078309	  87.07661	 87.074988	 87.073439	 87.071958	 87.070543	 87.069189	 87.067892	 87.066649	 87.065456	  87.06431	 87.063207	 87.062144	 87.061118	 87.060126	 87.059165	 87.058231	 87.057323	 87.056436	 87.055568	 87.054717	 87.053879	 87.053052	 87.052233	  87.05142	
        99	 98.819878	  98.63981	  98.45985	 98.280052	  98.10047	 97.921158	  97.74217	 97.563557	 97.385374	 97.207672	 97.030504	  96.85392	 96.677973	 96.502711	 96.328186	 96.154446	  95.98154	 95.809515	 95.638419	 95.468297	 95.299195	 95.131158	 94.964228	 94.798448	  94.63386	 94.470505	 94.308421	 94.147648	 93.988222	 93.830181	 93.673558	 93.518388	 93.364704	 93.212537	 93.061918	 92.912875	 92.765436	 92.619629	 92.475477	 92.333006	 92.192238	 92.053194	 91.915895	  91.78036	 91.646605	 91.514648	 91.384503	 91.256184	 91.129703	 91.005072	   90.8823	 90.761396	 90.642368	 90.525221	  90.40996	  90.29659	 90.185112	 90.075528	 89.967839	 89.862042	 89.758137	  89.65612	 89.555986	 89.457731	 89.361349	 89.266832	 89.174171	 89.083358	 88.994383	 88.907234	   88.8219	 88.738368	 88.656625	 88.576656	 88.498446	  88.42198	 88.347241	 88.274212	 88.202876	 88.133213	 88.065206	 87.998835	  87.93408	 87.870921	 87.809337	 87.749306	 87.690807	 87.633819	 87.578318	 87.524282	 87.471688	 87.420514	 87.370736	  87.32233	 87.275272	 87.229539	 87.185107	 87.141952	  87.10005	 87.059376	 87.019907	 86.981618	 86.944485	 86.908484	 86.873591	 86.839782	 86.807033	 86.775321	 86.744622	 86.714912	 86.686168	 86.658368	 86.631487	 86.605505	 86.580397	 86.556143	 86.532719	 86.510105	 86.488278	 86.467219	 86.446905	 86.427317	 86.408433	 86.390235	 86.372703	 86.355816	 86.339557	 86.323907	 86.308847	 86.294359	 86.280426	 86.267031	 86.254156	 86.241786	 86.229903	 86.218492	 86.207537	 86.197024	 86.186937	 86.177263	 86.167986	 86.159093	  86.15057	 86.142405	 86.134585	 86.127097	 86.119929	  86.11307	 86.106507	  86.10023	 86.094229	 86.088491	 86.083008	 86.077769	 86.072764	 86.067985	 86.063422	 86.059066	 86.054909	 86.050942	 86.047158	 86.043549	 86.040107	 86.036825	 86.033696	 86.030713	 86.027869	 86.025159	 86.022576	 86.020113	 86.017766	 86.015528	 86.013395	  86.01136	  86.00942	 86.007568	   86.0058	 86.004112	 86.002499	 86.000957	 85.999482	 85.998069	 85.996714	 85.995414	 85.994165	 85.992963	 85.991805	 85.990687	 85.989606	 85.988559	 85.987542	 85.986552	 85.985585	  85.98464	 85.983712	 85.982799	 85.981898	 85.981006	 85.980119	
        99	  98.80511	 98.610279	 98.415565	 98.221027	 98.026722	 97.832709	 97.639046	  97.44579	 97.252998	 97.060727	 96.869033	 96.677973	   96.4876	  96.29797	 96.109136	 95.921152	  95.73407	 95.547942	 95.362818	 95.178749	 94.995783	 94.813968	 94.633352	 94.453981	   94.2759	 94.099151	 93.923779	 93.749825	 93.577329	  93.40633	 93.236867	 93.068975	 92.902691	 92.738049	 92.575081	 92.413818	 92.254292	  92.09653	  91.94056	 91.786409	   91.6341	 91.483656	 91.335101	 91.188453	 91.043733	 90.900957	 90.760142	 90.621302	 90.484452	 90.349603	 90.216766	  90.08595	 89.957163	 89.830411	 89.705701	 89.583036	 89.462418	  89.34385	 89.227332	 89.112861	 89.000437	 88.890056	 88.781713	 88.675403	 88.571119	 88.468852	 88.368595	 88.270337	 88.174067	 88.079773	 87.987443	 87.897062	 87.808617	 87.722092	  87.63747	 87.554735	 87.473868	 87.394852	 87.317667	 87.242294	 87.168711	 87.096899	 87.026835	 86.958497	 86.891864	 86.826911	 86.763617	 86.701956	 86.641904	 86.583439	 86.526533	 86.471163	 86.417304	 86.364929	 86.314013	 86.264531	 86.216457	 86.169763	 86.124426	 86.080417	 86.037712	 85.996284	 85.956106	 85.917154	   85.8794	 85.842819	 85.807386	 85.773074	 85.739857	 85.707712	 85.676612	 85.646532	 85.617448	 85.589335	 85.562169	 85.535926	 85.510582	 85.486113	 85.462498	 85.439711	 85.417732	 85.396538	 85.376106	 85.356416	 85.337446	 85.319176	 85.301584	  85.28465	 85.268355	  85.25268	 85.237605	 85.223111	 85.209181	 85.195796	 85.182939	 85.170593	  85.15874	 85.147365	 85.136451	 85.125983	 85.115945	 85.106323	 85.097102	 85.088268	 85.079806	 85.071705	 85.063949	 85.056527	 85.049427	 85.042635	 85.036141	 85.029934	 85.024001	 85.018332	 85.012917	 85.007746	 85.002809	 84.998096	 84.993598	 84.989306	 84.985212	 84.981307	 84.977583	 84.974032	 84.970646	 84.967418	 84.964342	 84.961409	 84.958614	  84.95595	  84.95341	 84.950989	 84.948681	 84.946479	 84.944379	 84.942376	 84.940463	 84.938637	 84.936892	 84.935223	 84.933627	 84.932098	 84.930632	 84.929226	 84.927874	 84.926574	 84.925321	 84.924111	 84.922942	 84.921808	 84.920708	 84.919637	 84.918591	 84.917568	 84.916564	 84.915577	 84.914601	 84.913636	 84.912677	
        99	   98.7904	 98.580864	 98.371453	 98.162231	 97.953261	 97.744605	 97.536324	 97.328482	 97.121138	 96.914355	 96.708193	 96.502711	  96.29797	 96.094027	  95.89094	 95.688768	 95.487565	 95.287388	 95.088292	 94.890329	 94.693554	 94.498016	 94.303768	 94.110858	 93.919335	 93.729247	 93.540638	 93.353554	 93.168038	 92.984133	 92.801879	 92.621315	  92.44248	 92.265411	 92.090143	 91.916708	 91.745141	 91.575472	  91.40773	 91.241943	 91.078138	  90.91634	 90.756572	 90.598856	 90.443212	  90.28966	 90.138216	 89.988898	 89.841718	 89.696691	 89.553827	 89.413138	  89.27463	 89.138312	 89.004189	 88.872265	 88.742544	 88.615026	 88.489713	 88.366603	 88.245693	 88.126981	 88.010461	 87.896126	 87.783971	 87.673985	 87.566161	 87.460486	  87.35695	 87.255539	  87.15624	 87.059038	 86.963917	 86.870861	 86.779852	 86.690873	 86.603902	 86.518922	 86.435912	 86.354849	 86.275713	  86.19848	 86.123128	 86.049632	  85.97797	 85.908115	 85.840043	 85.773728	 85.709144	 85.646265	 85.585065	 85.525516	 85.467591	 85.411263	 85.356504	 85.303287	 85.251584	 85.201367	 85.152607	 85.105277	 85.059348	 85.014793	 84.971583	 84.929691	 84.889088	 84.849746	 84.811638	 84.774736	 84.739012	  84.70444	 84.670993	 84.638643	 84.607364	 84.577129	 84.547912	 84.519688	 84.492432	 84.466116	 84.440718	 84.416212	 84.392574	  84.36978	 84.347806	  84.32663	 84.306228	 84.286578	 84.267659	 84.249447	 84.231922	 84.215064	 84.198851	 84.183263	 84.168282	 84.153887	 84.140059	 84.126781	 84.114034	   84.1018	 84.090062	 84.078804	 84.068009	 84.057661	 84.047743	 84.038242	 84.029142	 84.020429	 84.012088	 84.004106	  83.99647	 83.989166	 83.982182	 83.975505	 83.969124	 83.963028	 83.957204	 83.951643	 83.946333	 83.941264	 83.936427	 83.931811	 83.927408	 83.923208	 83.919203	 83.915384	 83.911743	 83.908271	 83.904963	 83.901809	 83.898803	 83.895937	 83.893206	 83.890602	 83.888119	 83.885752	 83.883494	 83.881339	 83.879282	 83.877318	 83.875441	 83.873646	 83.871929	 83.870285	 83.868709	 83.867196	 83.865743	 83.864344	 83.862997	 83.861696	 83.860438	 83.859219	 83.858035	 83.856883	 83.855759	 83.854659	 83.853579	 83.852517	 83.851468	  83.85043	 83.849398	
        99	 98.775752	 98.551572	 98.327527	 98.103683	 97.880109	  97.65687	 97.434034	 97.211666	 96.989832	 96.768598	 96.548028	 96.328186	 96.109136	  95.89094	 95.673661	 95.457359	 95.242095	 95.027929	 94.814919	 94.603121	 94.392594	 94.183391	 93.975568	 93.769176	 93.564269	 93.360895	 93.159106	 92.958947	 92.760466	 92.563709	 92.368718	 92.175535	 91.984203	 91.794759	 91.607241	 91.421687	 91.238129	 91.056603	 90.877138	 90.699765	 90.524512	 90.351407	 90.180473	 90.011734	 89.845213	  89.68093	 89.518903	 89.359149	 89.201684	 89.046521	 88.893674	 88.743152	 88.594964	 88.449119	 88.305623	  88.16448	 88.025693	 87.889264	 87.755193	 87.623479	 87.494119	 87.367111	 87.242447	 87.120123	 87.000129	 86.882457	 86.767097	 86.654038	 86.543266	 86.434768	 86.328529	 86.224534	 86.122766	 86.023206	 85.925837	 85.830639	  85.73759	 85.646671	 85.557859	 85.471132	 85.386465	 85.303835	 85.223216	 85.144585	 85.067914	 84.993177	 84.920348	 84.849398	 84.780301	 84.713028	  84.64755	  84.58384	 84.521867	 84.461602	 84.403017	 84.346081	 84.290764	 84.237037	  84.18487	 84.134232	 84.085094	 84.037425	 83.991196	 83.946375	 83.902934	 83.860843	 83.820072	 83.780591	 83.742371	 83.705383	 83.669598	 83.634987	 83.601522	 83.569174	 83.537916	 83.507719	 83.478558	 83.450403	  83.42323	 83.397011	 83.371721	 83.347334	 83.323825	 83.301169	 83.279341	 83.258318	 83.238076	 83.218592	 83.199843	 83.181806	  83.16446	 83.147783	 83.131754	 83.116353	 83.101559	 83.087353	 83.073715	 83.060626	 83.048069	 83.036024	 83.024474	 83.013402	 83.002792	 82.992627	 82.982891	 82.973569	 82.964645	 82.956105	 82.947935	 82.940121	 82.932649	 82.925505	 82.918679	 82.912156	 82.905926	 82.899976	 82.894295	 82.888872	 82.883696	 82.878758	 82.874047	 82.869554	 82.865268	 82.861182	 82.857287	 82.853573	 82.850033	 82.846659	 82.843443	 82.840377	 82.837455	 82.834669	 82.832013	  82.82948	 82.827064	 82.824758	 82.822558	 82.820456	 82.818448	 82.816528	 82.814691	 82.812932	 82.811245	 82.809627	 82.808072	 82.806576	 82.805134	 82.803742	 82.802397	 82.801093	 82.799826	 82.798593	  82.79739	 82.796213	 82.795058	 82.793922	   82.7928	 82.791689	 82.790585	
        99	  98.76117	 98.522412	 98.283798	 98.045399	 97.807286	 97.569531	 97.332204	 97.095376	 96.859117	 96.623497	 96.388584	 96.154446	 95.921152	 95.688768	 95.457359	 95.226992	  94.99773	 94.769637	 94.542776	 94.317206	 94.092988	 93.870182	 93.648844	 93.429032	   93.2108	 92.994202	  92.77929	 92.566116	 92.354729	 92.145176	 91.937506	 91.731761	 91.527987	 91.326224	 91.126513	 90.928892	 90.733399	 90.540068	 90.348933	 90.160026	 89.973377	 89.789015	 89.606966	 89.427255	 89.249906	 89.074939	 88.902376	 88.732234	 88.564529	 88.399277	  88.23649	  88.07618	 87.918356	 87.763028	   87.6102	 87.459879	 87.312067	 87.166766	 87.023977	 86.883698	 86.745927	 86.610659	 86.477889	  86.34761	 86.219814	  86.09449	 85.971629	 85.851217	 85.733242	 85.617689	 85.504542	 85.393784	 85.285398	 85.179365	 85.075664	 84.974275	 84.875176	 84.778345	 84.683758	 84.591391	 84.501218	 84.413215	 84.327354	 84.243609	 84.161953	 84.082356	 84.004791	 83.929228	 83.855637	  83.78399	 83.714254	 83.646401	 83.580398	 83.516215	  83.45382	 83.393181	 83.334268	 83.277047	 83.221488	 83.167557	 83.115223	 83.064455	 83.015219	 82.967484	 82.921218	  82.87639	 82.832967	 82.790919	 82.750214	 82.710821	 82.672709	 82.635847	 82.600206	 82.565754	 82.532464	 82.500304	 82.469246	 82.439261	  82.41032	 82.382397	 82.355462	 82.329489	 82.304451	 82.280322	 82.257075	 82.234685	 82.213127	 82.192375	 82.172407	 82.153197	 82.134723	 82.116962	 82.099891	 82.083488	 82.067732	 82.052602	 82.038077	 82.024138	 82.010763	 81.997935	 81.985634	 81.973843	 81.962543	 81.951717	 81.941347	 81.931419	 81.921915	  81.91282	 81.904118	 81.895796	 81.887838	  81.88023	  81.87296	 81.866013	 81.859377	  81.85304	  81.84699	 81.841214	 81.835702	 81.830443	 81.825425	  81.82064	 81.816076	 81.811724	 81.807575	  81.80362	  81.79985	 81.796256	 81.792831	 81.789566	 81.786454	 81.783487	 81.780658	  81.77796	 81.775387	 81.772932	 81.770588	  81.76835	 81.766211	 81.764166	  81.76221	 81.760336	  81.75854	 81.756816	  81.75516	 81.753567	 81.752031	 81.750549	 81.749116	 81.747727	 81.746378	 81.745065	 81.743784	 81.742531	 81.741301	  81.74009	 81.738895	 81.737712	 81.736536	
        99	 98.746658	 98.493392	 98.240279	 97.987393	 97.734812	  97.48261	 97.230863	 96.979644	  96.72903	 96.479092	 96.229905	  95.98154	  95.73407	 95.487565	 95.242095	  94.99773	 94.754538	 94.512585	 94.271938	 94.032662	  93.79482	 93.558475	 93.323689	  93.09052	 92.859027	 92.629268	 92.401297	  92.17517	 91.950938	 91.728652	 91.508363	 91.290117	  91.07396	 90.859937	 90.648091	 90.438462	  90.23109	 90.026012	 89.823263	 89.622877	 89.424887	 89.229322	 89.036211	  88.84558	 88.657454	 88.471857	 88.288808	 88.108327	 87.930432	 87.755139	  87.58246	 87.412409	 87.244996	 87.080228	 86.918115	 86.758659	 86.601866	 86.447736	 86.296271	 86.147468	 86.001325	 85.857838	 85.717001	 85.578805	 85.443243	 85.310305	 85.179978	  85.05225	 84.927106	 84.804531	 84.684509	 84.567021	 84.452049	 84.339573	 84.229571	 84.122021	 84.016901	 83.914186	 83.813851	 83.715871	  83.62022	 83.526869	 83.435791	 83.346958	 83.260339	 83.175906	 83.093627	 83.013473	 82.935411	  82.85941	 82.785437	  82.71346	 82.643447	 82.575364	 82.509177	 82.444854	 82.382361	 82.321663	 82.262728	  82.20552	 82.150007	 82.096153	 82.043925	  81.99329	 81.944213	 81.896661	   81.8506	 81.805997	 81.762818	 81.721031	 81.680603	 81.641502	 81.603695	  81.56715	 81.531836	 81.497722	 81.464777	  81.43297	 81.402271	 81.372651	  81.34408	 81.316529	 81.289969	 81.264374	 81.239714	 81.215963	 81.193095	 81.171083	 81.149901	 81.129524	 81.109928	 81.091087	 81.072979	  81.05558	 81.038866	 81.022817	 81.007409	 80.992623	 80.978435	 80.964828	  80.95178	 80.939272	 80.927285	 80.915801	 80.904802	  80.89427	 80.884188	 80.874541	 80.865311	 80.856482	 80.848041	 80.839971	 80.832259	  80.82489	 80.817851	 80.811129	  80.80471	 80.798584	 80.792737	 80.787158	 80.781836	  80.77676	 80.771918	 80.767302	 80.762901	 80.758706	 80.754706	 80.750894	 80.747261	 80.743798	 80.740496	 80.737349	 80.734348	 80.731487	 80.728757	 80.726152	 80.723666	 80.721292	 80.719024	 80.716855	 80.714779	 80.712792	 80.710886	 80.709058	 80.707301	 80.705611	 80.703982	  80.70241	  80.70089	 80.699416	 80.697986	 80.696593	 80.695234	 80.693904	 80.692599	 80.691315	 80.690048	 80.688793	 80.687546	
