Time step 35:
        99	        99	        99	        99	        99	        99	        99	        99	        99	        99	        99	        99	        99	        99	        99	        99	        99	        99	        99	        99	        99	        99	        99	        99	        99	        99	        99	        99	        99	        99	        99	        99	        99	        99	        99	        99	        99	        99	        99	        99	        99	        99	        99	        99	        99	        99	        99	        99	        99	        99	        99	        99	        99	        99	        99	        99	        99	        99	        99	        99	        99	        99	        99	        99	        99	        99	        99	        99	        99	        99	        99	        99	        99	        99	        99	        99	        99	        99	        99	        99	        99	        99	        99	        99	        99	        99	        99	        99	        99	        99	        99	        99	        99	        99	        99	        99	        99	        99	        99	        99	        99	        99	        99	        99	        99	        99	        99	        99	        99	        99	        99	        99	        99	        99	        99	        99	        99	        99	        99	        99	        99	        99	        99	        99	        99	        99	        99	        99	        99	        99	        99	        99	        99	        99	        99	        99	        99	        99	        99	        99	        99	        99	        99	        99	        99	        99	        99	        99	        99	        99	        99	        99	        99	        99	        99	        99	        99	        99	        99	        99	        99	        99	        99	        99	        99	        99	        99	        99	        99	        99	        99	        99	        99	        99	        99	        99	        99	        99	        99	        99	        99	        99	        99	        99	        99	        99	        99	        99	        99	        99	        99	        99	        99	        99	        99	        99	        99	        99	        99	        99	
        99	 98.981859	 98.963724	 98.945603	 98.927501	 98.909425	 98.891382	 98.873378	 98.855419	 98.837512	 98.819663	 98.801878	 98.784164	 98.766526	 98.748971	 98.731504	 98.714132	 98.696859	 98.679693	 98.662637	 98.645697	  98.62888	 98.612189	 98.595631	 98.579209	 98.562929	 98.546795	 98.530812	 98.514983	 98.499314	 98.483807	 98.468468	 98.453299	 98.438305	 98.423487	 98.408851	 98.394398	 98.380131	 98.366054	 98.352169	 98.338477	 98.324982	 98.311684	 98.298587	 98.285691	 98.272999	  98.26051	 98.248228	 98.236151	 98.224283	 98.212622	 98.201169	 98.189925	 98.178891	 98.168065	 98.157448	  98.14704	 98.136839	 98.126847	 98.117061	 98.107482	 98.098107	 98.088937	 98.079969	 98.071203	 98.062637	 98.054269	 98.046099	 98.038123	 98.030341	  98.02275	 98.015348	 98.008134	 98.001104	 97.994257	 97.987591	 97.981102	 97.974789	 97.968649	 97.962679	 97.956877	  97.95124	 97.945766	 97.940451	 97.935292	 97.930288	 97.925434	 97.920729	  97.91617	 97.911753	 97.907475	 97.903334	 97.899327	  97.89545	 97.891701	 97.888078	 97.884576	 97.881194	 97.877928	 97.874775	 97.871733	 97.868799	 97.865969	 97.863242	 97.860614	 97.858083	 97.855647	 97.853301	 97.851044	 97.848874	 97.846787	 97.844782	 97.842855	 97.841004	 97.839227	 97.837522	 97.835886	 97.834317	 97.832813	 97.831372	 97.829991	 97.828669	 97.827403	 97.826192	 97.825033	 97.823925	 97.822866	 97.821853	 97.820886	 97.819963	 97.819082	 97.818241	 97.817439	 97.816674	 97.815945	  97.81525	 97.814588	 97.813958	 97.813359	 97.812788	 97.812245	 97.811729	 97.811239	 97.810773	 97.810331	  97.80991	 97.809512	 97.809133	 97.808774	 97.808434	 97.808112	 97.807806	 97.807517	 97.807243	 97.806984	 97.806738	 97.806506	 97.806287	 97.806079	 97.805883	 97.805698	 97.805523	 97.805358	 97.805203	 97.805056	 97.804917	 97.804786	 97.804663	 97.804547	 97.804437	 97.804334	 97.804237	 97.804145	 97.804058	 97.803977	   97.8039	 97.803828	  97.80376	 97.803696	 97.803635	 97.803578	 97.803524	 97.803473	 97.803424	 97.803379	 97.803335	 97.803294	 97.803255	 97.803218	 97.803182	 97.803148	 97.803115	 97.803084	 97.803053	 97.803024	 97.802995	 97.802967	 97.802939	 97.802912	 97.802885	
        99	 98.963724	 98.927462	 98.891225	 98.855028	 98.818883	 98.782803	 98.746801	  98.71089	 98.675083	 98.639391	 98.603828	 98.568406	 98.533137	 98.498033	 98.463106	 98.428367	 98.393828	 98.359501	 98.325395	 98.291523	 98.257894	 98.224519	 98.191408	  98.15857	 98.126015	 98.093753	 98.061792	 98.030141	 97.998808	 97.967801	 97.937128	 97.906796	 97.876812	 97.847183	 97.817915	 97.789014	 97.760487	 97.732337	 97.704571	 97.677193	 97.650207	 97.623617	 97.597427	  97.57164	  97.54626	 97.521288	 97.496727	 97.472578	 97.448845	 97.425527	 97.402626	 97.380143	 97.358078	  97.33643	   97.3152	 97.294387	  97.27399	 97.254009	 97.234441	 97.215285	  97.19654	 97.178202	  97.16027	 97.142741	 97.125612	  97.10888	 97.092542	 97.076593	 97.061032	 97.045853	 97.031052	 97.016625	 97.002569	 96.988878	 96.975547	 96.962572	 96.949948	  96.93767	 96.925733	 96.914131	 96.902859	 96.891912	 96.881283	 96.870968	 96.860961	 96.851257	 96.841848	  96.83273	 96.823898	 96.815344	 96.807063	  96.79905	 96.791298	 96.783803	 96.776557	 96.769555	 96.762791	  96.75626	 96.749956	 96.743873	 96.738005	 96.732347	 96.726894	  96.72164	 96.716579	 96.711706	 96.707016	 96.702503	 96.698163	  96.69399	  96.68998	 96.686127	 96.682426	 96.678873	 96.675464	 96.672193	 96.669055	 96.666048	 96.663166	 96.660405	 96.657761	 96.655229	 96.652807	  96.65049	 96.648274	 96.646156	 96.644132	 96.642198	 96.640352	  96.63859	 96.636908	 96.635304	 96.633774	 96.632316	 96.630927	 96.629604	 96.628344	 96.627145	 96.626004	 96.624919	 96.623887	 96.622907	 96.621975	  96.62109	  96.62025	 96.619453	 96.618696	 96.617979	 96.617298	 96.616653	 96.616043	 96.615464	 96.614916	 96.614398	 96.613907	 96.613443	 96.613004	  96.61259	 96.612198	 96.611827	 96.611478	 96.611148	 96.610836	 96.610542	 96.610265	 96.610004	 96.609757	 96.609525	 96.609305	 96.609099	 96.608904	 96.608721	 96.608548	 96.608385	 96.608232	 96.608088	 96.607951	 96.607823	 96.607702	 96.607587	 96.607479	 96.607377	 96.607281	 96.607189	 96.607102	  96.60702	 96.606942	 96.606867	 96.606796	 96.606728	 96.606662	 96.606599	 96.606538	 96.606479	 96.606422	 96.606366	 96.606311	 96.606256	 96.606202	
        99	 98.945603	 98.891225	 98.836887	 98.782607	 98.728406	 98.674303	 98.620316	 98.566466	  98.51277	 98.459249	 98.405921	 98.352804	 98.299916	 98.247276	   98.1949	 98.142808	 98.091015	  98.03954	 97.988397	 97.937604	 97.887175	 97.837128	 97.787476	 97.738234	 97.689417	 97.641038	 97.593111	 97.545649	 97.498663	 97.452167	 97.406171	 97.360686	 97.315724	 97.271294	 97.227405	 97.184067	 97.141289	 97.099077	  97.05744	 97.016385	 96.975919	 96.936046	 96.896773	 96.858104	 96.820045	 96.782598	 96.745767	 96.709556	 96.673967	 96.639001	  96.60466	 96.570945	 96.537856	 96.505395	 96.473559	 96.442349	 96.411763	   96.3818	 96.352457	 96.323732	 96.295622	 96.268124	 96.241234	 96.214949	 96.189263	 96.164172	 96.139672	 96.115757	 96.092422	  96.06966	 96.047465	 96.025832	 96.004754	 95.984223	 95.964233	 95.944777	 95.925847	 95.907435	 95.889535	 95.872137	 95.855234	 95.838818	  95.82288	 95.807412	 95.792406	 95.777853	 95.763745	 95.750073	 95.736827	    95.724	 95.711583	 95.699567	 95.687943	 95.676703	 95.665837	 95.655337	 95.645195	 95.635401	 95.625948	 95.616826	 95.608027	 95.599543	 95.591366	 95.583487	 95.575898	  95.56859	 95.561557	 95.554791	 95.548282	 95.542025	 95.536011	 95.530233	 95.524684	 95.519356	 95.514243	 95.509338	 95.504634	 95.500124	 95.495802	 95.491662	 95.487697	 95.483901	 95.480268	 95.476794	 95.473471	 95.470295	 95.467259	  95.46436	 95.461591	 95.458949	 95.456427	 95.454022	 95.451728	 95.449542	 95.447459	 95.445475	 95.443586	 95.441788	 95.440077	 95.438449	 95.436902	 95.435432	 95.434035	 95.432708	 95.431448	 95.430252	 95.429118	 95.428042	 95.427021	 95.426054	 95.425138	 95.424271	 95.423449	 95.422672	 95.421936	  95.42124	 95.420582	  95.41996	 95.419373	 95.418818	 95.418293	 95.417798	 95.417331	 95.416891	 95.416475	 95.416083	 95.415713	 95.415364	 95.415036	 95.414726	 95.414434	 95.414159	   95.4139	 95.413656	 95.413426	  95.41321	 95.413005	 95.412813	 95.412631	 95.412459	 95.412297	 95.412144	 95.411999	 95.411862	 95.411732	 95.411609	 95.411491	 95.411379	 95.411273	  95.41117	 95.411072	 95.410978	 95.410886	 95.410798	 95.410712	 95.410627	 95.410545	 95.410463	 95.410383	
        99	 98.927501	 98.855028	 98.782607	 98.710265	 98.638027	 98.565919	 98.493968	 98.422197	 98.350634	 98.279302	 98.208227	 98.137434	 98.066947	 97.996789	 97.926985	 97.857558	  97.78853	 97.719925	 97.651763	 97.584067	 97.516858	 97.450156	 97.383981	 97.318353	 97.253291	 97.188813	 97.124937	 97.061681	  96.99906	  96.93709	 96.875788	 96.815168	 96.755243	 96.696028	 96.637534	 96.579775	  96.52276	 96.466502	  96.41101	 96.356293	  96.30236	 96.249219	 96.196876	  96.14534	 96.094615	 96.044707	 95.995621	 95.947359	 95.899926	 95.853325	 95.807556	 95.762622	 95.718523	 95.675259	 95.632829	 95.591233	 95.550469	 95.510535	 95.471428	 95.433144	  95.39568	 95.359031	 95.323193	  95.28816	 95.253927	 95.220487	 95.187834	  95.15596	 95.124859	 95.094523	 95.064943	 95.036111	 95.008018	 94.980655	 94.954013	 94.928083	 94.902853	 94.878315	 94.854457	  94.83127	 94.808742	 94.786863	 94.765621	 94.745007	 94.725007	 94.705611	 94.686808	 94.668586	 94.650933	 94.633838	 94.617288	 94.601274	 94.585782	 94.570801	 94.556319	 94.542325	 94.528808	 94.515755	 94.503156	 94.490999	 94.479272	 94.467965	 94.457066	 94.446565	  94.43645	 94.426711	 94.417338	 94.408319	 94.399645	 94.391306	 94.383291	  94.37559	 94.368194	 94.361094	 94.354279	 94.347742	 94.341472	 94.335461	 94.329701	 94.324183	 94.318898	  94.31384	 94.308998	 94.304367	 94.299939	 94.295706	  94.29166	 94.287796	 94.284106	 94.280584	 94.277223	 94.274017	 94.270961	 94.268047	 94.265271	 94.262626	 94.260109	 94.257712	 94.255432	 94.253263	 94.251201	 94.249241	 94.247379	 94.245611	 94.243932	 94.242338	 94.240826	 94.239392	 94.238032	 94.236743	 94.235523	 94.234366	 94.233271	 94.232235	 94.231255	 94.230327	  94.22945	 94.228621	 94.227838	 94.227098	   94.2264	  94.22574	 94.225118	  94.22453	 94.223976	 94.223453	  94.22296	 94.222496	 94.222058	 94.221645	 94.221256	  94.22089	 94.220545	 94.220219	 94.219913	 94.219624	 94.219352	 94.219095	 94.218853	 94.218624	 94.218408	 94.218204	 94.218011	 94.217828	 94.217655	 94.217491	 94.217334	 94.217185	 94.217043	 94.216906	 94.216775	 94.216649	 94.216528	  94.21641	 94.216295	 94.216183	 94.216073	 94.215964	 94.215857	
        99	 98.909425	 98.818883	 98.728406	 98.638027	 98.547779	 98.457693	 98.367801	 98.278137	 98.188731	 98.099615	 98.010819	 97.922376	 97.834314	 97.746665	 97.659457	 97.572719	 97.486481	 97.400771	 97.315615	 97.231041	 97.147074	 97.063742	 96.981068	 96.899078	 96.817794	  96.73724	 96.657438	  96.57841	 96.500176	 96.422757	  96.34617	 96.270436	 96.195571	 96.121591	 96.048514	 95.976354	 95.905124	 95.834839	 95.765511	 95.697152	 95.629772	 95.563382	 95.497989	 95.433604	 95.370232	 95.307881	 95.246556	 95.186262	 95.127003	 95.068782	 95.011602	 94.955465	  94.90037	 94.846319	 94.793311	 94.741345	 94.690417	 94.640526	 94.591669	  94.54384	 94.497035	 94.451249	 94.406475	 94.362708	 94.319939	 94.278162	 94.237368	 94.197548	 94.158692	 94.120792	 94.083837	 94.047817	  94.01272	 93.978535	  93.94525	 93.912854	 93.881334	 93.850678	 93.820872	 93.791904	 93.763759	 93.736425	 93.709888	 93.684133	 93.659147	 93.634916	 93.611424	 93.588659	 93.566604	 93.545247	 93.524572	 93.504564	 93.485209	 93.466493	 93.448401	 93.430918	 93.414031	 93.397724	 93.381983	 93.366795	 93.352144	 93.338018	 93.324402	 93.311282	 93.298646	 93.286479	 93.274769	 93.263502	 93.252665	 93.242246	 93.232232	 93.222612	 93.213372	 93.204501	 93.195988	  93.18782	 93.179987	 93.172478	 93.165282	 93.158388	 93.151786	 93.145465	 93.139417	 93.133632	 93.128099	  93.12281	 93.117756	 93.112929	 93.108319	 93.103919	  93.09972	 93.095715	 93.091896	 93.088256	 93.084787	 93.081484	 93.078338	 93.075344	 93.072495	 93.069786	  93.06721	 93.064761	 93.062435	 93.060225	 93.058128	 93.056137	 93.054248	 93.052456	 93.050757	 93.049147	 93.047622	 93.046177	  93.04481	 93.043515	  93.04229	 93.041132	 93.040036	 93.039001	 93.038022	 93.037098	 93.036225	 93.035401	 93.034623	 93.033889	 93.033197	 93.032544	 93.031928	 93.031348	 93.030801	 93.030285	 93.029799	 93.029341	  93.02891	 93.028504	 93.028121	  93.02776	  93.02742	 93.027099	 93.026796	 93.026511	 93.026241	 93.025986	 93.025745	 93.025516	   93.0253	 93.025094	 93.024899	 93.024713	 93.024535	 93.024364	 93.024201	 93.024044	 93.023891	 93.023744	 93.023601	  93.02346	 93.023323	 93.023187	 93.023053	
        99	 98.891382	 98.782803	 98.674303	 98.565919	 98.457693	 98.349661	 98.241863	 98.134336	  98.02712	 97.920251	 97.813767	 97.707705	 97.602101	 97.496991	  97.39241	 97.288394	 97.184977	 97.082192	 96.980072	  96.87865	 96.777957	 96.678024	 96.578881	 96.480558	 96.383082	 96.286481	 96.190782	 96.096011	 96.002192	  95.90935	 95.817507	 95.726686	 95.636907	  95.54819	 95.460555	  95.37402	 95.288601	 95.204315	 95.121176	 95.039199	 94.958397	 94.878781	 94.800362	  94.72315	 94.647154	 94.572382	 94.498841	 94.426536	 94.355472	 94.285653	 94.217082	 94.149762	 94.083693	 94.018874	 93.955307	 93.892988	 93.831915	 93.772086	 93.713495	 93.656138	 93.600009	 93.545102	  93.49141	 93.438924	 93.387635	 93.337536	 93.288615	 93.240862	 93.194267	 93.148816	   93.1045	 93.061304	 93.019215	  92.97822	 92.938305	 92.899456	 92.861657	 92.824893	  92.78915	 92.754411	  92.72066	  92.68788	 92.656057	 92.625171	 92.595208	 92.566149	 92.537978	 92.510678	  92.48423	 92.458618	 92.433824	 92.409831	 92.386621	 92.364176	  92.34248	 92.321515	 92.301263	 92.281707	 92.262831	 92.244617	 92.227048	 92.210107	 92.193779	 92.178046	 92.162892	 92.148302	 92.134259	 92.120747	 92.107751	 92.095257	 92.083249	 92.071712	 92.060631	 92.049993	 92.039784	 92.029989	 92.020596	 92.011591	 92.002961	 91.994694	 91.986776	 91.979197	 91.971944	 91.965006	 91.958371	 91.952029	 91.945968	 91.940179	 91.934651	 91.929374	 91.924339	 91.919536	 91.914956	 91.910591	 91.906431	  91.90247	 91.898697	 91.895107	 91.891691	 91.888442	 91.885352	 91.882416	 91.879626	 91.876977	 91.874461	 91.872073	 91.869808	 91.867659	 91.865622	 91.863692	 91.861863	  91.86013	  91.85849	 91.856937	 91.855468	 91.854079	 91.852765	 91.851524	  91.85035	 91.849242	 91.848195	 91.847207	 91.846274	 91.845394	 91.844564	  91.84378	 91.843042	 91.842346	  91.84169	 91.841072	 91.840489	  91.83994	 91.839423	 91.838936	 91.838476	 91.838044	 91.837636	 91.837251	 91.836888	 91.836545	 91.836222	 91.835916	 91.835627	 91.835353	 91.835094	 91.834847	 91.834613	 91.834389	 91.834176	 91.833972	 91.833776	 91.833587	 91.833405	 91.833228	 91.833056	 91.832888	 91.832723	  91.83256	 91.832399	
        99	 98.873378	 98.746801	 98.620316	 98.493968	 98.367801	 98.241863	 98.116196	 97.990846	 97.865858	 97.741275	 97.617141	 97.493498	 97.370389	 97.247856	 97.125941	 97.004684	 96.884124	 96.764302	 96.645255	 96.527022	 96.409638	 96.293141	 96.177564	 96.062943	  95.94931	 95.836697	 95.725135	 95.614655	 95.505285	 95.397053	 95.289987	 95.184111	 95.079451	 94.976029	 94.873868	 94.772989	 94.673411	 94.575154	 94.478235	 94.382669	 94.288473	  94.19566	 94.104243	 94.014233	  93.92564	 93.838474	 93.752742	 93.668452	 93.585609	 93.504217	 93.424281	 93.345802	 93.268781	 93.193218	 93.119114	 93.046465	  92.97527	 92.905523	  92.83722	 92.770356	 92.704924	 92.640915	 92.578323	 92.517137	 92.457347	 92.398943	 92.341913	 92.286245	 92.231926	 92.178942	  92.12728	 92.076924	 92.027859	 91.980069	 91.933537	 91.888248	 91.844184	 91.801327	 91.759659	 91.719161	 91.679815	 91.641603	 91.604504	   91.5685	  91.53357	 91.499694	 91.466854	 91.435028	 91.404196	 91.374339	 91.345435	 91.317465	 91.290407	 91.264243	  91.23895	  91.21451	 91.190901	 91.168104	 91.146099	 91.124865	 91.104384	 91.084636	 91.065601	  91.04726	 91.029595	 91.012585	 90.996214	 90.980463	 90.965314	 90.950748	 90.936749	   90.9233	 90.910383	 90.897982	  90.88608	 90.874662	 90.863712	 90.853214	 90.843153	 90.833516	 90.824286	 90.815451	 90.806995	 90.798907	 90.791173	 90.783779	 90.776714	 90.769965	  90.76352	 90.757369	 90.751499	   90.7459	 90.740561	 90.735472	 90.730623	 90.726005	 90.721608	 90.717422	  90.71344	 90.709652	  90.70605	 90.702627	 90.699375	 90.696286	 90.693354	  90.69057	 90.687929	 90.685425	  90.68305	 90.680799	 90.678667	 90.676647	 90.674735	 90.672925	 90.671213	 90.669593	 90.668062	 90.666614	 90.665246	 90.663954	 90.662734	 90.661582	 90.660494	 90.659468	 90.658501	 90.657588	 90.656727	 90.655916	 90.655151	  90.65443	 90.653751	 90.653111	 90.652508	  90.65194	 90.651404	   90.6509	 90.650424	 90.649976	 90.649553	 90.649153	 90.648776	  90.64842	 90.648083	 90.647764	 90.647461	 90.647174	   90.6469	  90.64664	 90.646391	 90.646153	 90.645925	 90.645705	 90.645492	 90.645286	 90.645085	 90.644889	 90.644697	 90.644508	  90.64432	
        99	 98.855419	  98.71089	 98.566466	 98.422197	 98.278137	 98.134336	 97.990846	 97.847719	 97.705003	 97.562751	  97.42101	 97.279831	 97.139262	 96.999351	 96.860144	 96.721689	  96.58403	 96.447214	 96.311283	  96.17628	 96.042248	 95.909228	 95.777259	 95.646381	 95.516631	 95.388047	 95.260662	 95.134513	 95.009631	 94.886049	 94.763797	 94.642905	 94.523401	 94.405311	  94.28866	 94.173473	 94.059773	  93.94758	 93.836915	 93.727795	 93.620239	 93.514263	  93.40988	 93.307103	 93.205946	 93.106417	 93.008526	 92.912281	 92.817688	 92.724753	 92.633479	 92.543869	 92.455924	 92.369645	  92.28503	 92.202078	 92.120784	 92.041146	 91.963156	 91.886808	 91.812096	 91.739009	 91.667539	 91.597675	 91.529405	 91.462718	 91.397599	 91.334036	 91.272013	 91.211515	 91.152525	 91.095027	 91.039003	 90.984435	 90.931304	 90.879592	 90.829278	 90.780342	 90.732764	 90.686523	 90.641597	 90.597964	 90.555604	 90.514493	 90.474609	 90.435929	 90.398431	 90.362091	 90.326887	 90.292795	 90.259791	 90.227854	 90.196959	 90.167083	 90.138203	 90.110297	 90.083339	 90.057309	 90.032183	 90.007938	 89.984552	 89.962003	 89.940268	 89.919326	 89.899155	 89.879734	 89.861041	 89.843056	 89.825757	 89.809126	 89.793142	 89.777785	 89.763036	 89.748876	 89.735286	 89.722248	 89.709745	 89.697758	 89.686271	 89.675266	 89.664728	 89.654639	 89.644985	 89.635749	 89.626918	 89.618476	 89.610408	 89.602702	 89.595344	  89.58832	 89.581617	 89.575224	 89.569128	 89.563318	 89.557781	 89.552508	 89.547486	 89.542707	  89.53816	 89.533835	 89.529723	 89.525814	 89.522101	 89.518574	 89.515225	 89.512047	 89.509032	 89.506172	 89.503461	 89.500891	 89.498456	  89.49615	 89.493966	   89.4919	 89.489945	 89.488095	 89.486346	 89.484694	 89.483132	 89.481656	 89.480263	 89.478947	 89.477706	 89.476534	 89.475429	 89.474387	 89.473404	 89.472478	 89.471604	 89.470781	 89.470006	 89.469275	 89.468587	 89.467938	 89.467327	  89.46675	 89.466207	 89.465695	 89.465212	 89.464756	 89.464326	 89.463919	 89.463534	 89.463169	 89.462824	 89.462496	 89.462184	 89.461886	 89.461602	  89.46133	  89.46107	 89.460818	 89.460576	  89.46034	 89.460111	 89.459888	 89.459668	 89.459451	 89.459237	
        99	 98.837512	 98.675083	  98.51277	 98.350634	 98.188731	  98.02712	 97.865858	 97.705003	 97.544612	 97.384741	 97.225445	  97.06678	 96.908801	 96.751561	 96.595113	 96.439509	 96.284802	  96.13104	 95.978273	  95.82655	 95.675917	 95.526422	 95.378108	  95.23102	   95.0852	  94.94069	 94.797528	 94.655754	 94.515405	 94.376517	 94.239124	 94.103259	 93.968953	 93.836237	 93.705139	 93.575686	 93.447903	 93.321814	 93.197443	 93.074809	 92.953931	 92.834829	 92.717518	 92.602012	 92.488325	 92.376469	 92.266454	 92.158289	 92.051981	 91.947535	 91.844956	 91.744247	  91.64541	 91.548445	  91.45335	 91.360124	 91.268762	  91.17926	  91.09161	 91.005807	 90.921841	 90.839702	  90.75938	 90.680863	 90.604138	 90.529191	 90.456007	 90.384571	 90.314866	 90.246875	 90.180579	 90.115959	 90.052996	  89.99167	 89.931959	 89.873842	 89.817296	   89.7623	 89.708829	  89.65686	  89.60637	 89.557334	 89.509727	 89.463524	   89.4187	  89.37523	 89.333087	 89.292246	 89.252682	 89.214367	 89.177276	 89.141383	 89.106662	 89.073086	 89.040629	 89.009266	  88.97897	 88.949716	 88.921478	  88.89423	 88.867948	 88.842606	 88.818179	 88.794643	 88.771974	 88.750147	 88.729139	 88.708926	 88.689485	 88.670794	  88.65283	 88.635571	 88.618995	 88.603081	 88.587809	 88.573156	 88.559104	 88.545633	 88.532723	 88.520355	 88.508512	 88.497173	 88.486323	 88.475944	 88.466019	 88.456531	 88.447464	 88.438804	 88.430534	  88.42264	 88.415107	 88.407922	 88.401071	 88.394541	 88.388319	 88.382392	 88.376749	 88.371378	 88.366268	 88.361407	 88.356786	 88.352393	  88.34822	 88.344256	 88.340493	 88.336921	 88.333532	 88.330318	 88.327271	 88.324382	 88.321646	 88.319054	   88.3166	 88.314278	 88.312081	 88.310002	 88.308037	 88.306179	 88.304424	 88.302766	   88.3012	 88.299721	 88.298326	 88.297009	 88.295767	 88.294596	 88.293491	  88.29245	 88.291469	 88.290544	 88.289672	 88.288851	 88.288077	 88.287348	 88.286661	 88.286014	 88.285403	 88.284828	 88.284285	 88.283773	 88.283289	 88.282831	 88.282399	 88.281989	 88.281601	 88.281232	 88.280881	 88.280547	 88.280228	 88.279923	 88.279629	 88.279347	 88.279074	  88.27881	 88.278552	 88.278301	 88.278054	 88.277811	  88.27757	
        99	 98.819663	 98.639391	 98.459249	 98.279302	 98.099615	 97.920251	 97.741275	 97.562751	 97.384741	 97.207308	 97.030514	  96.85442	 96.679087	 96.504575	 96.330941	 96.158245	 95.986543	  95.81589	 95.646342	 95.477953	 95.310774	 95.144857	 94.980251	 94.817006	 94.655168	 94.494783	 94.335895	 94.178548	 94.022782	 93.868637	 93.716152	 93.565362	 93.416303	 93.269009	  93.12351	 92.979836	 92.838017	 92.698078	 92.560044	 92.423939	 92.289783	 92.157598	   92.0274	 91.899206	 91.773031	 91.648888	 91.526788	 91.406741	 91.288755	 91.172836	 91.058989	 90.947218	 90.837524	 90.729907	 90.624367	 90.520899	 90.419502	 90.320167	  90.22289	 90.127661	 90.034472	  89.94331	 89.854165	 89.767023	  89.68187	  89.59869	 89.517467	 89.438184	 89.360822	 89.285362	 89.211784	 89.140066	 89.070187	 89.002124	 88.935853	 88.871352	 88.808595	 88.747557	 88.688213	 88.630536	 88.574499	 88.520077	  88.46724	 88.415962	 88.366214	 88.317969	 88.271197	  88.22587	 88.181959	 88.139436	 88.098271	 88.058435	 88.019899	 87.982635	 87.946613	 87.911805	 87.878181	 87.845713	 87.814373	 87.784132	 87.754963	 87.726837	 87.699727	 87.673606	 87.648446	 87.624222	 87.600906	 87.578473	 87.556897	 87.536153	 87.516215	  87.49706	 87.478664	 87.461002	 87.444051	 87.427789	 87.412194	 87.397243	 87.382915	 87.369188	 87.356043	  87.34346	 87.331418	 87.319898	 87.308883	 87.298353	  87.28829	 87.278678	   87.2695	 87.260739	 87.252379	 87.244405	 87.236801	 87.229554	 87.222648	  87.21607	 87.209807	 87.203846	 87.198174	  87.19278	 87.187651	 87.182776	 87.178144	 87.173745	 87.169568	 87.165604	 87.161843	 87.158275	 87.154893	 87.151688	 87.148651	 87.145775	 87.143051	 87.140474	 87.138035	 87.135728	 87.133547	 87.131485	 87.129537	 87.127697	 87.125959	 87.124318	 87.122769	 87.121308	  87.11993	 87.118629	 87.117404	 87.116248	 87.115159	 87.114132	 87.113165	 87.112254	 87.111395	 87.110586	 87.109823	 87.109105	 87.108427	 87.107788	 87.107186	 87.106617	  87.10608	 87.105573	 87.105093	 87.104638	 87.104207	 87.103798	 87.103409	 87.103038	 87.102683	 87.102344	 87.102019	 87.101705	 87.101403	 87.101109	 87.100824	 87.100544	 87.100271	 87.100001	 87.099733	
        99	 98.801878	 98.603828	 98.405921	 98.208227	 98.010819	 97.813767	 97.617141	  97.42101	 97.225445	 97.030514	 96.836285	 96.642825	 96.450201	 96.258478	 96.067721	 95.877993	 95.689358	 95.501876	 95.315607	 95.130611	 94.946945	 94.764665	 94.583827	 94.404482	 94.226684	 94.050482	 93.875925	  93.70306	 93.531933	 93.362586	 93.195063	 93.029402	 92.865644	 92.703823	 92.543975	 92.386132	 92.230327	 92.076587	  91.92494	 91.775413	 91.628027	 91.482805	 91.339768	 91.198932	 91.060313	 90.923927	 90.789786	   90.6579	 90.528278	 90.400927	 90.275853	 90.153059	 90.032547	 89.914317	 89.798368	 89.684697	   89.5733	 89.464169	 89.357298	 89.252678	 89.150298	 89.050147	  88.95221	 88.856474	 88.762923	  88.67154	 88.582308	 88.495206	 88.410214	 88.327312	 88.246478	 88.167687	 88.090916	 88.016141	 87.943335	 87.872473	 87.803527	 87.736469	 87.671273	 87.607907	 87.546345	 87.486555	 87.428507	 87.372172	 87.317518	 87.264515	  87.21313	 87.163333	 87.115092	 87.068375	 87.023151	 86.979386	  86.93705	 86.896111	 86.856537	 86.818295	 86.781356	 86.745686	 86.711255	 86.678032	 86.645986	 86.615087	 86.585303	 86.556606	 86.528965	 86.502352	 86.476736	 86.452091	 86.428387	 86.405597	 86.383693	 86.362649	 86.342438	 86.323035	 86.304412	 86.286547	 86.269413	 86.252988	 86.237247	 86.222167	 86.207725	 86.193901	 86.180671	 86.168016	 86.155914	 86.144345	 86.133291	 86.122731	 86.112647	 86.103022	 86.093838	 86.085077	 86.076724	 86.068761	 86.061175	 86.053948	 86.047068	 86.040519	 86.034288	 86.028361	 86.022726	  86.01737	 86.012282	 86.007449	  86.00286	 85.998505	 85.994373	 85.990454	 85.986738	 85.983217	  85.97988	  85.97672	 85.973728	 85.970896	 85.968217	 85.965683	 85.963287	 85.961021	 85.958881	 85.956859	  85.95495	 85.953147	 85.951446	 85.949841	 85.948326	 85.946898	 85.945551	 85.944282	 85.943085	 85.941957	 85.940895	 85.939893	  85.93895	 85.938061	 85.937223	 85.936434	  85.93569	 85.934988	 85.934326	 85.933701	 85.933111	 85.932554	 85.932026	 85.931527	 85.931053	 85.930604	 85.930176	 85.929768	 85.929379	 85.929007	 85.928649	 85.928305	 85.927972	  85.92765	 85.927336	 85.927029	 85.926729	 85.926432	 85.926138	
        99	 98.784164	 98.568406	 98.352804	 98.137434	 97.922376	 97.707705	 97.493498	 97.279831	  97.06678	  96.85442	 96.642825	 96.432067	 96.222221	 96.013355	 95.805543	 95.598852	  95.39335	 95.189105	 94.986182	 94.784645	 94.584558	  94.38598	 94.188972	 93.993592	 93.799897	  93.60794	 93.417776	 93.229455	 93.043027	  92.85854	 92.676038	 92.495565	 92.317165	 92.140875	 91.966735	  91.79478	 91.625044	 91.457558	 91.292352	 91.129455	 90.968892	 90.810686	 90.654859	  90.50143	 90.350418	 90.201838	 90.055703	 89.912025	 89.770813	 89.632076	 89.495819	 89.362045	 89.230758	 89.101957	 88.975641	 88.851807	 88.730449	 88.611561	 88.495135	 88.381161	 88.269627	  88.16052	 88.053827	 87.949531	 87.847616	 87.748063	 87.650851	 87.555962	 87.463371	 87.373057	 87.284995	 87.199159	 87.115524	 87.034063	 86.954748	  86.87755	 86.802439	 86.729386	  86.65836	 86.589329	 86.522262	 86.457126	 86.393889	 86.332517	 86.272976	 86.215234	 86.159255	 86.105005	 86.052451	 86.001557	 85.952289	 85.904611	  85.85849	 85.813891	 85.770778	 85.729117	 85.688875	 85.650016	 85.612506	 85.576313	 85.541402	 85.507739	 85.475293	  85.44403	 85.413918	 85.384925	 85.357019	  85.33017	 85.304347	 85.279519	 85.255657	 85.232731	 85.210713	 85.189575	 85.169288	 85.149825	 85.131159	 85.113265	 85.096116	 85.079688	 85.063956	 85.048895	 85.034483	 85.020696	 85.007512	 84.994909	 84.982865	 84.971361	 84.960376	 84.949891	 84.939885	 84.930341	 84.921241	 84.912567	 84.904302	 84.896429	 84.888933	 84.881799	 84.875011	 84.868554	 84.862415	 84.856581	 84.851037	 84.845772	 84.840773	 84.836028	 84.831527	 84.827258	  84.82321	 84.819373	 84.815739	 84.812296	 84.809036	 84.805951	 84.803033	 84.800272	 84.797661	 84.795194	 84.792862	 84.790659	 84.788579	 84.786615	 84.784762	 84.783013	 84.781363	 84.779807	  84.77834	 84.776957	 84.775654	 84.774425	 84.773267	 84.772176	 84.771149	  84.77018	 84.769268	 84.768407	 84.767597	 84.766832	 84.766111	  84.76543	 84.764788	  84.76418	 84.763606	 84.763062	 84.762546	 84.762056	  84.76159	 84.761146	 84.760722	 84.760316	 84.759927	 84.759552	 84.759189	 84.758838	 84.758496	 84.758162	 84.757835	 84.757511	 84.757191	
        99	 98.766526	 98.533137	 98.299916	 98.066947	 97.834314	 97.602101	 97.370389	 97.139262	 96.908801	 96.679087	 96.450201	 96.222221	 95.995225	 95.769292	 95.544497	 95.320916	 95.098621	 94.877685	  94.65818	 94.440174	 94.223735	  94.00893	 93.795823	 93.584477	 93.374954	 93.167311	 92.961607	 92.757897	 92.556234	  92.35667	 92.159255	 91.964035	 91.771055	  91.58036	 91.391989	 91.205982	 91.022375	 90.841203	 90.662497	 90.486288	 90.312604	 90.141469	 89.972909	 89.806942	  89.64359	 89.482868	 89.324791	 89.169371	  89.01662	 88.866546	 88.719154	 88.574449	 88.432433	 88.293107	 88.156468	 88.022515	  87.89124	 87.762636	 87.636696	 87.513408	  87.39276	 87.274737	 87.159325	 87.046507	 86.936263	 86.828574	 86.723419	 86.620775	 86.520618	 86.422924	 86.327665	 86.234815	 86.144346	 86.056228	 85.970431	 85.886925	 85.805676	 85.726653	 85.649823	 85.575151	 85.502603	 85.432145	  85.36374	 85.297352	 85.232946	 85.170485	 85.109932	 85.051249	   84.9944	 84.939347	 84.886053	 84.834479	 84.784589	 84.736345	 84.689709	 84.644644	 84.601113	 84.559079	 84.518504	 84.479353	 84.441589	 84.405176	 84.370078	  84.33626	 84.303687	 84.272325	 84.242139	 84.213096	 84.185162	 84.158306	 84.132494	 84.107694	 84.083877	 84.061011	 84.039066	 84.018013	 83.997822	 83.978466	 83.959916	 83.942145	 83.925127	 83.908835	 83.893245	 83.878332	  83.86407	 83.850437	  83.83741	 83.824966	 83.813083	 83.801741	 83.790917	 83.780594	  83.77075	 83.761366	 83.752426	  83.74391	 83.735802	 83.728084	 83.720741	 83.713757	 83.707117	 83.700805	 83.694809	 83.689113	 83.683706	 83.678574	 83.673704	 83.669086	 83.664708	 83.660558	 83.656626	 83.652902	 83.649376	 83.646039	 83.642882	 83.639895	 83.637071	 83.634402	  83.63188	 83.629497	 83.627247	 83.625123	 83.623118	 83.621226	 83.619442	 83.617758	 83.616171	 83.614675	 83.613265	 83.611936	 83.610684	 83.609504	 83.608392	 83.607344	 83.606357	 83.605427	  83.60455	 83.603723	 83.602943	 83.602207	 83.601511	 83.600854	 83.600233	 83.599644	 83.599086	 83.598556	 83.598053	 83.597572	 83.597114	 83.596675	 83.596253	 83.595848	 83.595456	 83.595076	 83.594706	 83.594345	  83.59399	  83.59364	 83.593294	
        99	 98.748971	 98.498033	 98.247276	 97.996789	 97.746665	 97.496991	 97.247856	 96.999351	 96.751561	 96.504575	 96.258478	 96.013355	 95.769292	 95.526371	 95.284673	  95.04428	 94.805271	 94.567723	 94.331713	 94.097315	 93.864602	 93.633645	 93.404514	 93.177277	 92.951999	 92.728743	 92.507572	 92.288545	 92.071719	 91.857149	  91.64489	 91.434991	 91.227501	 91.022467	 90.819933	 90.619939	 90.422527	 90.227732	 90.035589	 89.846131	 89.659387	 89.475384	 89.294149	 89.115704	 88.940069	 88.767262	 88.597299	 88.430193	 88.265956	 88.104597	 87.946123	 87.790537	 87.637843	 87.488041	 87.341129	 87.197102	 87.055957	 86.917684	 86.782274	 86.649715	 86.519995	 86.393099	 86.269009	 86.147707	 86.029174	 85.913388	 85.800326	 85.689964	 85.582277	 85.477236	 85.374815	 85.274984	 85.177712	 85.082968	  84.99072	 84.900935	 84.813577	 84.728612	 84.646005	 84.565719	 84.487716	 84.411959	 84.338411	 84.267032	 84.197783	 84.130625	 84.065519	 84.002424	   83.9413	 83.882108	 83.824806	 83.769355	 83.715713	 83.663842	 83.613699	 83.565246	 83.518441	 83.473246	 83.429621	 83.387526	 83.346922	 83.307771	 83.270034	 83.233673	 83.198651	 83.164931	 83.132475	 83.101248	 83.071214	 83.042338	 83.014586	 82.987922	 82.962314	 82.937728	 82.914133	 82.891497	 82.869788	 82.848976	 82.829031	 82.809924	 82.791627	  82.77411	 82.757348	 82.741313	 82.725979	 82.711321	 82.697314	 82.683935	 82.671158	 82.658963	 82.647326	 82.636226	 82.625642	 82.615553	  82.60594	 82.596784	 82.588066	 82.579768	 82.571873	 82.564364	 82.557224	 82.550438	 82.543991	 82.537867	 82.532053	 82.526535	 82.521299	 82.516334	 82.511626	 82.507164	 82.502937	 82.498933	 82.495142	 82.491554	 82.488159	 82.484948	 82.481912	 82.479042	  82.47633	 82.473768	 82.471349	 82.469065	 82.466909	 82.464875	 82.462956	 82.461147	  82.45944	 82.457832	 82.456316	 82.454887	  82.45354	 82.452272	 82.451076	  82.44995	 82.448888	 82.447888	 82.446945	 82.446056	 82.445217	 82.444426	 82.443678	 82.442972	 82.442303	 82.441671	 82.441071	 82.440501	 82.439959	 82.439443	  82.43895	 82.438478	 82.438025	 82.437588	 82.437167	 82.436759	 82.436361	 82.435972	 82.435591	 82.435215	 82.434843	
        99	 98.731504	 98.463106	   98.1949	 97.926985	 97.659457	  97.39241	 97.125941	 96.860144	 96.595113	 96.330941	 96.067721	 95.805543	 95.544497	 95.284673	 95.026159	 94.769039	 94.513399	 94.259322	  94.00689	 93.756182	 93.507277	  93.26025	 93.015177	 92.772128	 92.531175	 92.292385	 92.055824	 91.821557	 91.589644	 91.360145	 91.133116	 90.908612	 90.686685	 90.467385	 90.250758	 90.036849	   89.8257	 89.617351	 89.411839	 89.209198	  89.00946	 88.812655	  88.61881	 88.427948	 88.240092	 88.055261	 87.873472	 87.694739	 87.519074	 87.346488	 87.176987	 87.010575	 86.847257	 86.687031	 86.529897	 86.375849	 86.224882	 86.076988	 85.932156	 85.790374	 85.651628	 85.515902	 85.383178	 85.253436	 85.126655	 85.002813	 84.881884	 84.763843	 84.648662	 84.536313	 84.426766	 84.319988	 84.215948	 84.114612	 84.015945	 83.919912	 83.826476	   83.7356	 83.647244	 83.561372	 83.477941	 83.396914	 83.318248	 83.241902	 83.167835	 83.096004	 83.026368	 82.958882	 82.893506	 82.830195	 82.768906	 82.709596	 82.652222	 82.596741	  82.54311	 82.491285	 82.441224	 82.392884	 82.346223	 82.301199	  82.25777	 82.215895	 82.175532	 82.136642	 82.099183	 82.063116	 82.028402	 81.995002	 81.962879	 81.931994	  81.90231	 81.873791	 81.846401	 81.820105	 81.794868	 81.770656	 81.747437	 81.725177	 81.703844	 81.683408	 81.663837	 81.645102	 81.627173	 81.610022	 81.593622	 81.577944	 81.562962	 81.548652	 81.534987	 81.521942	 81.509496	 81.497623	 81.486303	 81.475512	 81.465231	 81.455437	 81.446113	 81.437238	 81.428793	 81.420761	 81.413125	 81.405867	  81.39897	 81.392421	 81.386202	   81.3803	   81.3747	 81.369389	 81.364354	 81.359582	  81.35506	 81.350777	 81.346723	 81.342885	 81.339254	 81.335819	 81.332572	 81.329502	 81.326602	 81.323862	 81.321274	 81.318831	 81.316526	  81.31435	 81.312298	 81.310362	 81.308537	 81.306817	 81.305195	 81.303667	 81.302227	  81.30087	 81.299591	 81.298386	 81.297251	 81.296181	 81.295172	 81.294221	 81.293324	 81.292478	 81.291678	 81.290923	 81.290208	 81.289531	 81.288889	  81.28828	   81.2877	 81.287148	 81.286621	 81.286116	 81.285631	 81.285165	 81.284714	 81.284277	 81.283852	 81.283436	 81.283028	 81.282626	 81.282228	
        99	 98.714132	 98.428367	 98.142808	 97.857558	 97.572719	 97.288394	 97.004684	 96.721689	 96.439509	 96.158245	 95.877993	 95.598852	 95.320916	  95.04428	 94.769039	 94.495283	 94.223102	 93.952586	 93.683821	 93.416891	 93.151881	 92.888871	  92.62794	 92.369166	 92.112622	 91.858382	 91.606515	  91.35709	 91.110171	 90.865823	 90.624105	 90.385075	 90.148789	 89.915299	 89.684655	 89.456906	 89.232095	 89.010265	 88.791456	 88.575703	 88.363042	 88.153503	 87.947115	 87.743904	 87.543893	 87.347103	 87.153551	 86.963254	 86.776223	  86.59247	 86.412001	 86.234823	 86.060937	 85.890344	 85.723043	 85.559028	 85.398293	  85.24083	 85.086627	 84.935671	 84.787948	  84.64344	 84.502128	 84.363991	 84.229008	 84.097152	 83.968399	  83.84272	 83.720087	 83.600468	 83.483833	 83.370146	 83.259374	 83.151482	 83.046431	 82.944184	 82.844703	 82.747946	 82.653874	 82.562445	 82.473617	 82.387346	  82.30359	 82.222305	 82.143445	 82.066967	 81.992825	 81.920973	 81.851366	 81.783959	 81.718704	 81.655557	 81.594471	   81.5354	 81.478299	 81.423121	 81.369821	 81.318353	 81.268673	 81.220736	 81.174497	 81.129912	 81.086938	 81.045531	 81.005648	 80.967248	 80.930288	 80.894727	 80.860525	 80.827641	 80.796037	 80.765672	  80.73651	 80.708513	 80.681643	 80.655865	 80.631143	 80.607443	  80.58473	 80.562971	 80.542134	 80.522187	 80.503098	 80.484838	 80.467376	 80.450683	 80.434733	 80.419496	 80.404947	 80.391059	 80.377806	 80.365166	 80.353113	 80.341624	 80.330677	  80.32025	 80.310323	 80.300873	 80.291882	 80.283331	   80.2752	 80.267472	  80.26013	 80.253156	 80.246535	 80.240251	 80.234289	 80.228635	 80.223274	 80.218192	 80.213378	 80.208819	 80.204502	 80.200416	  80.19655	 80.192893	 80.189435	 80.186167	 80.183079	 80.180162	 80.177407	 80.174806	 80.172351	 80.170034	 80.167849	 80.165788	 80.163845	 80.162014	 80.160287	  80.15866	 80.157126	 80.155682	  80.15432	 80.153038	 80.151829	  80.15069	 80.149616	 80.148603	 80.147648	 80.146747	 80.145895	 80.145091	  80.14433	 80.143609	 80.142926	 80.142277	  80.14166	 80.141072	 80.140511	 80.139973	 80.139457	 80.138961	 80.138481	 80.138015	 80.137563	  80.13712	 80.136686	 80.136258	 80.135834	
        99	 98.696859	 98.393828	 98.091015	  97.78853	 97.486481	 97.184977	 96.884124	  96.58403	 96.284802	 95.986543	 95.689358	  95.39335	 95.098621	 94.805271	 94.513399	 94.223102	 93.934476	 93.647615	 93.362611	 93.079553	 92.798531	 92.519629	 92.242933	 91.968523	 91.696478	 91.426876	 91.159792	 90.895296	 90.633458	 90.374346	 90.118023	 89.864551	 89.613988	  89.36639	 89.121811	   88.8803	 88.641906	 88.406673	 88.174643	 87.945855	 87.720344	 87.498144	 87.279286	 87.063797	 86.851701	  86.64302	 86.437774	 86.235979	 86.037648	 85.842792	 85.651419	 85.463535	 85.279143	 85.098243	 84.920833	 84.746908	 84.576461	 84.409484	 84.245964	 84.085887	 83.929238	 83.775999	 83.626149	 83.479666	 83.336526	 83.196704	 83.060171	 82.926899	 82.796856	  82.67001	 82.546327	 82.425771	 82.308307	 82.193895	 82.082497	 81.974072	  81.86858	 81.765977	 81.666221	 81.569268	 81.475073	 81.383589	 81.294773	 81.208576	 81.124952	 81.043852	  80.96523	 80.889037	 80.815225	 80.743745	 80.674547	 80.607585	 80.542808	 80.480168	 80.419616	 80.361104	 80.304584	 80.250006	 80.197325	 80.146491	 80.097458	  80.05018	 80.004609	   79.9607	 79.918408	 79.877687	 79.838494	 79.800784	 79.764516	 79.729645	 79.696131	 79.663932	 79.633008	 79.603319	 79.574826	  79.54749	 79.521275	 79.496142	 79.472057	 79.448984	 79.426888	 79.405735	 79.385493	 79.366129	 79.347612	 79.329911	 79.312997	 79.296839	 79.281411	 79.266684	 79.252631	 79.239226	 79.226445	 79.214262	 79.202654	 79.191597	 79.181069	 79.171049	 79.161515	 79.152447	 79.143825	  79.13563	 79.127844	 79.120449	 79.113428	 79.106765	 79.100442	 79.094446	 79.088761	 79.083373	 79.078268	 79.073433	 79.068855	 79.064522	 79.060422	 79.056545	 79.052878	 79.049412	 79.046138	 79.043044	 79.040123	 79.037364	 79.034761	 79.032305	 79.029988	 79.027803	 79.025742	 79.023799	 79.021969	 79.020243	 79.018617	 79.017085	 79.015641	 79.014281	 79.012999	 79.011791	 79.010653	 79.009579	 79.008566	  79.00761	 79.006708	 79.005854	 79.005047	 79.004283	 79.003559	 79.002871	 79.002217	 79.001593	 79.000998	 79.000428	  78.99988	 78.999354	 78.998845	 78.998351	 78.997871	 78.997402	 78.996942	 78.996488	 78.996038	
