Time step 55:
        99	        99	        99	        99	        99	        99	        99	        99	        99	        99	        99	        99	        99	        99	        99	        99	        99	        99	        99	        99	        99	        99	        99	        99	        99	        99	        99	        99	        99	        99	        99	        99	        99	        99	        99	        99	        99	        99	        99	        99	        99	        99	        99	        99	        99	        99	        99	        99	        99	        99	        99	        99	        99	        99	        99	        99	        99	        99	        99	        99	        99	        99	        99	        99	        99	        99	        99	        99	        99	        99	        99	        99	        99	        99	        99	        99	        99	        99	        99	        99	        99	        99	        99	        99	        99	        99	        99	        99	        99	        99	        99	        99	        99	        99	        99	        99	        99	        99	        99	        99	        99	        99	        99	        99	        99	        99	        99	        99	        99	        99	        99	        99	        99	        99	        99	        99	        99	        99	        99	        99	        99	        99	        99	        99	        99	        99	        99	        99	        99	        99	        99	        99	        99	        99	        99	        99	        99	        99	        99	        99	        99	        99	        99	        99	        99	        99	        99	        99	        99	        99	        99	        99	        99	        99	        99	        99	        99	        99	        99	        99	        99	        99	        99	        99	        99	        99	        99	        99	        99	        99	        99	        99	        99	        99	        99	        99	        99	        99	        99	        99	        99	        99	        99	        99	        99	        99	        99	        99	        99	        99	        99	        99	        99	        99	        99	        99	        99	        99	        99	        99	
        99	 98.988455	 98.976913	 98.965376	 98.953848	 98.942329	 98.930824	 98.919335	 98.907864	 98.896415	 98.884989	 98.873589	 98.862218	 98.850878	 98.839572	 98.828302	 98.817071	 98.805881	 98.794735	 98.783635	 98.772583	 98.761581	 98.750633	  98.73974	 98.728904	 98.718127	 98.707413	 98.696762	 98.686177	 98.675659	 98.665212	 98.654836	 98.644534	 98.634307	 98.624157	 98.614087	 98.604096	 98.594189	 98.584364	 98.574626	 98.564974	  98.55541	 98.545936	 98.536553	 98.527262	 98.518064	 98.508961	 98.499953	 98.491042	 98.482229	 98.473515	 98.464899	 98.456385	 98.447971	 98.439659	 98.431449	 98.423342	 98.415339	  98.40744	 98.399645	 98.391956	 98.384371	 98.376892	 98.369519	 98.362251	  98.35509	 98.348034	 98.341085	 98.334241	 98.327504	 98.320873	 98.314347	 98.307927	 98.301612	 98.295402	 98.289296	 98.283295	 98.277398	 98.271603	 98.265912	 98.260323	 98.254836	  98.24945	 98.244164	 98.238978	 98.233891	 98.228902	 98.224011	 98.219216	 98.214518	 98.209914	 98.205404	 98.200988	 98.196664	 98.192431	 98.188289	 98.184236	 98.180271	 98.176394	 98.172602	 98.168896	 98.165274	 98.161735	 98.158278	 98.154902	 98.151605	 98.148386	 98.145245	  98.14218	 98.139191	 98.136274	 98.133431	 98.130659	 98.127957	 98.125325	  98.12276	 98.120262	  98.11783	 98.115462	 98.113157	 98.110914	 98.108732	 98.106609	 98.104545	 98.102539	 98.100588	 98.098692	 98.096851	 98.095062	 98.093324	 98.091637	     98.09	  98.08841	 98.086868	 98.085372	 98.083921	 98.082514	  98.08115	 98.079827	 98.078546	 98.077304	 98.076101	 98.074936	 98.073808	 98.072715	 98.071658	 98.070635	 98.069644	 98.068686	 98.067759	 98.066863	 98.065996	 98.065158	 98.064348	 98.063564	 98.062807	 98.062076	 98.061368	 98.060685	 98.060025	 98.059387	 98.058771	 98.058176	   98.0576	 98.057045	 98.056508	 98.055989	 98.055487	 98.055003	 98.054534	 98.054082	 98.053644	  98.05322	  98.05281	 98.052413	 98.052029	 98.051657	 98.051296	 98.050947	 98.050607	 98.050278	 98.049957	 98.049646	 98.049343	 98.049047	 98.048759	 98.048478	 98.048203	 98.047934	 98.047671	 98.047412	 98.047158	 98.046907	 98.046661	 98.046417	 98.046176	 98.045937	 98.045701	 98.045465	  98.04523	
        99	 98.976913	 98.953832	 98.930761	 98.907706	 98.884672	 98.861665	 98.838689	  98.81575	 98.792853	 98.770004	 98.747206	 98.724467	  98.70179	  98.67918	 98.656643	 98.634184	 98.611807	 98.589517	 98.567319	 98.545217	 98.523217	 98.501323	 98.479539	  98.45787	 98.436319	 98.414892	 98.393593	 98.372425	 98.351393	   98.3305	 98.309751	 98.289149	 98.268698	 98.248401	 98.228262	 98.208284	  98.18847	 98.168824	 98.149349	 98.130047	 98.110922	 98.091976	 98.073212	 98.054632	 98.036238	 98.018034	 98.000021	 97.982202	 97.964577	  97.94715	 97.929922	 97.912894	 97.896068	 97.879446	 97.863028	 97.846817	 97.830812	 97.815016	 97.799429	 97.784051	 97.768883	 97.753927	 97.739182	 97.724649	 97.710327	 97.696218	 97.682321	 97.668636	 97.655163	 97.641901	 97.628851	 97.616012	 97.603384	 97.590965	 97.578756	 97.566755	 97.554961	 97.543374	 97.531993	 97.520816	 97.509843	 97.499071	 97.488501	  97.47813	 97.467957	 97.457981	   97.4482	 97.438612	 97.429215	 97.420009	 97.410991	  97.40216	 97.393512	 97.385048	 97.376764	 97.368659	  97.36073	 97.352976	 97.345395	 97.337983	  97.33074	 97.323663	 97.316749	 97.309997	 97.303404	 97.296968	 97.290687	 97.284558	 97.278579	 97.272747	 97.267061	 97.261518	 97.256115	  97.25085	 97.245722	 97.240726	 97.235862	 97.231126	 97.226517	 97.222032	 97.217668	 97.213424	 97.209296	 97.205283	 97.201382	 97.197592	 97.193909	 97.190331	 97.186857	 97.183483	 97.180208	  97.17703	 97.173946	 97.170954	 97.168052	 97.165238	  97.16251	 97.159866	 97.157303	  97.15482	 97.152414	 97.150084	 97.147828	 97.145644	 97.143529	 97.141483	 97.139502	 97.137586	 97.135733	  97.13394	 97.132207	 97.130531	  97.12891	 97.127344	  97.12583	 97.124366	 97.122952	 97.121586	 97.120266	  97.11899	 97.117758	 97.116567	 97.115417	 97.114306	 97.113232	 97.112194	 97.111192	 97.110223	 97.109286	  97.10838	 97.107505	 97.106657	 97.105838	 97.105044	 97.104276	 97.103532	 97.102811	 97.102111	 97.101432	 97.100773	 97.100133	  97.09951	 97.098904	 97.098313	 97.097737	 97.097175	 97.096625	 97.096087	  97.09556	 97.095042	 97.094534	 97.094034	  97.09354	 97.093053	 97.092571	 97.092094	  97.09162	 97.091149	 97.090679	
        99	 98.965376	 98.930761	 98.896161	 98.861585	 98.827041	 98.792536	 98.758079	 98.723678	 98.689339	 98.655071	 98.620882	 98.586779	  98.55277	 98.518863	 98.485064	 98.451381	 98.417822	 98.384393	 98.351102	 98.317957	 98.284963	 98.252127	 98.219458	  98.18696	 98.154641	 98.122506	 98.090563	 98.058818	 98.027275	 97.995943	 97.964825	 97.933927	 97.903256	 97.872817	 97.842614	 97.812653	 97.782938	 97.753475	 97.724268	 97.695321	 97.666638	 97.638224	 97.610083	 97.582219	 97.554634	 97.527333	 97.500319	 97.473594	 97.447163	 97.421027	 97.395189	 97.369653	 97.344419	  97.31949	 97.294869	 97.270556	 97.246554	 97.222864	 97.199487	 97.176425	 97.153678	 97.131248	 97.109135	 97.087339	 97.065861	 97.044701	 97.023859	 97.003335	  96.98313	 96.963242	  96.94367	 96.924416	 96.905476	 96.886852	 96.868541	 96.850543	 96.832856	 96.815479	  96.79841	 96.781649	 96.765192	 96.749038	 96.733185	 96.717632	 96.702375	 96.687414	 96.672745	 96.658365	 96.644274	 96.630467	 96.616943	 96.603698	 96.590729	 96.578035	 96.565612	 96.553456	 96.541566	 96.529937	 96.518567	 96.507452	 96.496589	 96.485975	 96.475607	 96.465481	 96.455593	 96.445941	 96.436521	 96.427329	 96.418362	 96.409616	 96.401089	 96.392775	 96.384673	 96.376777	 96.369086	 96.361594	 96.354299	 96.347197	 96.340284	 96.333558	 96.327013	 96.320648	 96.314458	  96.30844	  96.30259	 96.296905	 96.291381	 96.286016	 96.280805	 96.275746	 96.270835	 96.266068	 96.261443	 96.256956	 96.252604	 96.248384	 96.244292	 96.240326	 96.236483	 96.232759	 96.229151	 96.225657	 96.222273	 96.218997	 96.215826	 96.212757	 96.209787	 96.206914	 96.204134	 96.201446	 96.198846	 96.196332	 96.193902	 96.191553	 96.189282	 96.187088	 96.184967	 96.182918	 96.180938	 96.179025	 96.177177	 96.175391	 96.173666	 96.171999	 96.170389	 96.168833	 96.167329	 96.165876	 96.164471	 96.163113	   96.1618	 96.160529	   96.1593	  96.15811	 96.156958	 96.155842	  96.15476	 96.153711	 96.152693	 96.151705	 96.150744	  96.14981	 96.148901	 96.148015	 96.147151	 96.146308	 96.145484	 96.144677	 96.143886	  96.14311	 96.142348	 96.141597	 96.140857	 96.140127	 96.139404	 96.138688	 96.137978	 96.137271	 96.136567	
        99	 98.953848	 98.907706	 98.861585	 98.815496	  98.76945	 98.723456	 98.677526	 98.631669	 98.585896	 98.540218	 98.494645	 98.449187	 98.403853	 98.358655	 98.313602	 98.268704	  98.22397	 98.179411	 98.135035	 98.090852	 98.046872	 98.003104	 97.959555	 97.916237	 97.873156	 97.830322	 97.787742	 97.745426	 97.703381	 97.661615	 97.620136	  97.57895	 97.538067	 97.497491	 97.457232	 97.417294	 97.377685	 97.338411	 97.299479	 97.260893	  97.22266	 97.184785	 97.147274	 97.110131	 97.073361	  97.03697	  97.00096	 96.965337	 96.930105	 96.895266	 96.860825	 96.826785	 96.793149	  96.75992	   96.7271	 96.694692	 96.662698	  96.63112	 96.599959	 96.569218	 96.538897	 96.508998	 96.479521	 96.450468	 96.421838	 96.393632	 96.365851	 96.338493	  96.31156	 96.285049	 96.258961	 96.233295	  96.20805	 96.183224	 96.158816	 96.134825	 96.111248	 96.088085	 96.065333	  96.04299	 96.021053	  95.99952	 95.978389	 95.957657	 95.937321	 95.917377	 95.897823	 95.878656	 95.859872	 95.841468	 95.823441	 95.805786	 95.788499	 95.771578	 95.755018	 95.738815	 95.722965	 95.707464	 95.692308	 95.677492	 95.663012	 95.648864	 95.635044	 95.621546	 95.608366	   95.5955	 95.582943	  95.57069	 95.558737	  95.54708	 95.535713	 95.524631	  95.51383	 95.503306	 95.493053	 95.483067	 95.473343	 95.463876	 95.454662	 95.445695	 95.436972	 95.428487	 95.420236	 95.412213	 95.404416	 95.396838	 95.389475	 95.382323	 95.375378	 95.368634	 95.362087	 95.355733	 95.349568	 95.343587	 95.337786	 95.332161	 95.326707	  95.32142	 95.316297	 95.311333	 95.306524	 95.301866	 95.297356	 95.292989	 95.288762	 95.284671	 95.280712	 95.276882	 95.273177	 95.269593	 95.266128	 95.262777	 95.259538	 95.256406	 95.253379	 95.250454	 95.247628	 95.244896	 95.242257	 95.239707	 95.237243	 95.234863	 95.232564	 95.230342	 95.228195	 95.226121	 95.224117	  95.22218	 95.220307	 95.218497	 95.216746	 95.215053	 95.213414	 95.211828	 95.210292	 95.208804	 95.207363	 95.205964	 95.204607	  95.20329	 95.202009	 95.200764	 95.199552	 95.198372	  95.19722	 95.196096	 95.194997	 95.193921	 95.192868	 95.191833	 95.190817	 95.189817	  95.18883	 95.187857	 95.186893	 95.185939	 95.184992	  95.18405	 95.183111	
        99	 98.942329	 98.884672	 98.827041	  98.76945	 98.711911	 98.654439	 98.597046	 98.539745	 98.482549	 98.425471	 98.368524	  98.31172	 98.255073	 98.198595	 98.142298	 98.086194	 98.030296	 97.974616	 97.919166	 97.863956	    97.809	 97.754308	 97.699892	 97.645762	  97.59193	 97.538405	 97.485199	 97.432322	 97.379784	 97.327595	 97.275763	 97.224299	 97.173212	 97.122511	 97.072203	 97.022298	 96.972804	 96.923729	  96.87508	 96.826864	  96.77909	 96.731762	 96.684889	 96.638477	  96.59253	 96.547056	  96.50206	 96.457547	 96.413521	 96.369988	 96.326952	 96.284416	 96.242386	 96.200864	 96.159853	 96.119357	 96.079378	 96.039918	 96.000981	 95.962568	  95.92468	 95.887319	 95.850485	 95.814181	 95.778406	 95.743162	 95.708447	 95.674261	 95.640606	 95.607479	  95.57488	 95.542809	 95.511263	 95.480241	 95.449742	 95.419763	 95.390303	 95.361359	 95.332929	 95.305009	 95.277598	 95.250691	 95.224286	  95.19838	 95.172968	 95.148047	 95.123614	 95.099663	 95.076191	 95.053194	 95.030667	 95.008606	 94.987005	 94.965861	 94.945168	 94.924921	 94.905116	 94.885746	 94.866808	 94.848294	 94.830201	 94.812522	 94.795252	 94.778385	 94.761916	 94.745839	 94.730148	 94.714838	 94.699902	 94.685335	 94.671131	 94.657284	 94.643788	 94.630637	 94.617825	 94.605347	 94.593196	 94.581366	 94.569852	 94.558648	 94.547747	 94.537145	 94.526834	  94.51681	 94.507066	 94.497597	 94.488397	  94.47946	 94.470781	 94.462354	 94.454173	 94.446234	  94.43853	 94.431056	 94.423808	 94.416778	 94.409963	 94.403357	 94.396955	 94.390752	 94.384743	 94.378923	 94.373287	 94.367831	 94.362549	 94.357437	  94.35249	 94.347704	 94.343074	 94.338596	 94.334266	 94.330079	 94.326031	 94.322118	 94.318336	 94.314681	 94.311148	 94.307735	 94.304437	 94.301251	 94.298173	 94.295198	 94.292325	 94.289549	 94.286867	 94.284275	  94.28177	  94.27935	  94.27701	 94.274747	  94.27256	 94.270444	 94.268396	 94.266414	 94.264495	 94.262636	 94.260834	 94.259087	 94.257392	 94.255745	 94.254145	  94.25259	 94.251075	   94.2496	 94.248161	 94.246756	 94.245383	 94.244039	 94.242722	  94.24143	  94.24016	  94.23891	 94.237677	  94.23646	 94.235257	 94.234064	 94.232881	 94.231703	 94.230531	
        99	 98.930824	 98.861665	 98.792536	 98.723456	 98.654439	 98.585501	 98.516658	 98.447926	 98.379319	 98.310855	 98.242547	 98.174411	 98.106463	 98.038718	  97.97119	 97.903894	 97.836845	 97.770057	 97.703544	 97.637321	 97.571401	 97.505798	 97.440526	 97.375598	 97.311026	 97.246824	 97.183004	 97.119578	 97.056558	 96.993957	 96.931786	 96.870055	 96.808776	  96.74796	 96.687616	 96.627756	 96.568388	 96.509522	 96.451168	 96.393334	 96.336028	 96.279259	 96.223035	 96.167363	 96.112251	 96.057705	 96.003732	 95.950339	  95.89753	 95.845313	 95.793691	  95.74267	 95.692254	 95.642448	 95.593256	 95.544681	 95.496727	 95.449396	  95.40269	 95.356614	 95.311167	 95.266353	 95.222172	 95.178625	 95.135713	 95.093437	 95.051796	 95.010792	 94.970422	 94.930686	 94.891584	 94.853115	 94.815275	 94.778065	 94.741481	 94.705522	 94.670185	 94.635467	 94.601364	 94.567875	 94.534995	 94.502721	 94.471048	 94.439974	 94.409492	   94.3796	 94.350292	 94.321563	 94.293409	 94.265824	 94.238803	 94.212341	 94.186431	 94.161069	 94.136247	 94.111962	 94.088205	 94.064971	 94.042254	 94.020047	 93.998344	 93.977139	 93.956423	 93.936192	 93.916437	 93.897153	 93.878332	 93.859967	 93.842052	 93.824579	 93.807541	 93.790931	 93.774743	 93.758968	 93.743601	 93.728633	 93.714058	 93.699869	 93.686058	 93.672618	 93.659543	 93.646825	 93.634458	 93.622434	 93.610746	 93.599388	 93.588352	 93.577633	 93.567222	 93.557114	 93.547302	 93.537778	 93.528537	 93.519573	 93.510878	 93.502446	 93.494272	 93.486348	 93.478669	 93.471228	  93.46402	 93.457039	 93.450279	 93.443734	 93.437398	 93.431266	 93.425332	 93.419592	 93.414038	 93.408667	 93.403473	 93.398451	 93.393595	 93.388902	 93.384365	  93.37998	 93.375744	 93.371649	 93.367694	 93.363872	 93.360179	 93.356612	 93.353165	 93.349835	 93.346618	 93.343509	 93.340505	 93.337601	 93.334794	 93.332081	 93.329457	 93.326918	 93.324462	 93.322085	 93.319783	 93.317553	 93.315392	 93.313296	 93.311263	 93.309288	 93.307369	 93.305503	 93.303686	 93.301916	  93.30019	 93.298505	 93.296858	 93.295246	 93.293666	 93.292116	 93.290593	 93.289093	 93.287615	 93.286156	 93.284712	 93.283282	 93.281862	  93.28045	 93.279043	
        99	 98.919335	 98.838689	 98.758079	 98.677526	 98.597046	 98.516658	 98.436381	 98.356233	 98.276232	 98.196396	 98.116744	 98.037292	 97.958058	 97.879061	 97.800318	 97.721845	 97.643659	 97.565779	 97.488219	 97.410997	 97.334129	  97.25763	 97.181517	 97.105805	 97.030509	 96.955643	 96.881224	 96.807264	 96.733778	 96.660779	 96.588282	 96.516298	 96.444842	 96.373925	 96.303559	 96.233756	 96.164528	 96.095886	 96.027839	   95.9604	 95.893576	 95.827379	 95.761817	 95.696899	 95.632633	 95.569028	 95.506091	 95.443829	  95.38225	 95.321359	 95.261164	 95.201669	  95.14288	 95.084802	  95.02744	 94.970797	 94.914878	 94.859685	 94.805223	 94.751494	 94.698499	 94.646242	 94.594722	 94.543943	 94.493904	 94.444607	  94.39605	 94.348235	  94.30116	 94.254825	 94.209229	  94.16437	 94.120246	 94.076855	 94.034196	 93.992264	 93.951058	 93.910573	 93.870807	 93.831756	 93.793415	  93.75578	 93.718847	 93.682612	 93.647068	 93.612211	 93.578035	 93.544535	 93.511704	 93.479538	 93.448029	 93.417172	 93.386959	 93.357384	  93.32844	 93.300121	 93.272419	 93.245326	 93.218836	 93.192941	 93.167633	 93.142905	  93.11875	 93.095158	 93.072122	 93.049635	 93.027688	 93.006273	 92.985382	 92.965007	  92.94514	 92.925771	 92.906894	   92.8885	  92.87058	 92.853126	 92.836131	 92.819584	  92.80348	 92.787808	 92.772561	 92.757731	  92.74331	 92.729289	  92.71566	 92.702415	 92.689547	 92.677047	 92.664907	  92.65312	 92.641678	 92.630573	 92.619797	 92.609344	 92.599205	 92.589373	  92.57984	 92.570601	 92.561646	  92.55297	 92.544565	 92.536424	 92.528541	 92.520909	 92.513521	  92.50637	 92.499451	 92.492757	 92.486281	 92.480018	 92.473961	 92.468105	 92.462443	  92.45697	  92.45168	 92.446567	 92.441626	 92.436852	 92.432239	 92.427783	 92.423477	 92.419317	 92.415298	 92.411415	 92.407663	 92.404038	 92.400535	 92.397149	 92.393876	 92.390712	 92.387652	 92.384692	 92.381828	 92.379056	 92.376372	 92.373772	 92.371251	 92.368807	 92.366436	 92.364133	 92.361895	 92.359719	 92.357601	 92.355537	 92.353525	  92.35156	 92.349639	 92.347759	 92.345917	  92.34411	 92.342333	 92.340585	 92.338861	 92.337159	 92.335476	 92.333808	 92.332152	 92.330505	 92.328865	
        99	 98.907864	  98.81575	 98.723678	 98.631669	 98.539745	 98.447926	 98.356233	 98.264688	 98.173311	 98.082122	 97.991142	 97.900392	 97.809892	 97.719661	  97.62972	 97.540088	 97.450784	 97.361829	  97.27324	 97.185037	 97.097238	 97.009861	 96.922925	 96.836446	 96.750442	 96.664931	 96.579928	 96.495451	 96.411515	 96.328136	 96.245329	  96.16311	 96.081492	  96.00049	 95.920118	  95.84039	 95.761317	 95.682913	 95.605191	 95.528161	 95.451835	 95.376224	 95.301339	 95.227189	 95.153785	 95.081135	 95.009248	 94.938133	 94.867797	 94.798247	 94.729492	 94.661537	 94.594388	 94.528051	 94.462531	 94.397834	 94.333963	 94.270922	 94.208715	 94.147345	 94.086815	 94.027126	 93.968281	 93.910281	 93.853126	 93.796818	 93.741357	 93.686742	 93.632973	  93.58005	 93.527969	 93.476731	 93.426333	 93.376772	 93.328046	 93.280151	 93.233085	 93.186844	 93.141423	 93.096818	 93.053025	 93.010039	 92.967854	 92.926466	 92.885867	 92.846053	 92.807018	 92.768754	 92.731255	 92.694514	 92.658525	 92.623279	  92.58877	  92.55499	  92.52193	 92.489584	 92.457942	 92.426997	  92.39674	 92.367162	 92.338256	 92.310012	 92.282421	 92.255474	 92.229163	 92.203478	  92.17841	  92.15395	 92.130089	 92.106816	 92.084123	 92.062001	 92.040439	 92.019429	 91.998961	 91.979025	 91.959613	 91.940714	 91.922319	 91.904419	 91.887004	 91.870065	 91.853593	 91.837578	 91.822011	 91.806883	 91.792184	 91.777907	 91.764041	 91.750578	 91.737508	 91.724824	 91.712516	 91.700576	 91.688995	 91.677765	 91.666877	 91.656324	 91.646096	 91.636186	 91.626586	 91.617287	 91.608283	 91.599566	 91.591127	  91.58296	 91.575057	 91.567411	 91.560014	  91.55286	 91.545942	 91.539253	 91.532786	 91.526534	 91.520492	 91.514652	 91.509009	 91.503556	 91.498287	 91.493197	 91.488279	 91.483527	 91.478937	 91.474501	 91.470216	 91.466075	 91.462074	 91.458207	 91.454468	 91.450854	 91.447359	 91.443979	 91.440707	 91.437541	 91.434475	 91.431505	 91.428627	 91.425835	 91.423126	 91.420496	  91.41794	 91.415455	 91.413035	 91.410678	 91.408379	 91.406135	 91.403941	 91.401794	  91.39969	 91.397625	 91.395596	 91.393599	  91.39163	 91.389686	 91.387763	 91.385858	 91.383967	 91.382087	 91.380213	
        99	 98.896415	 98.792853	 98.689339	 98.585896	 98.482549	 98.379319	 98.276232	 98.173311	 98.070578	 97.968057	 97.865772	 97.763744	 97.661997	 97.560553	 97.459435	 97.358664	 97.258263	 97.158253	 97.058656	 96.959491	 96.860782	 96.762546	 96.664806	 96.567581	 96.470889	 96.374752	 96.279186	  96.18421	 96.089844	 95.996103	 95.903006	 95.810569	 95.718809	 95.627741	 95.537381	 95.447745	 95.358846	 95.270699	 95.183317	 95.096715	 95.010904	 94.925897	 94.841706	 94.758342	 94.675815	 94.594137	 94.513317	 94.433364	 94.354287	 94.276095	 94.198795	 94.122395	 94.046902	 93.972321	  93.89866	 93.825922	 93.754114	 93.683239	 93.613302	 93.544306	 93.476253	 93.409147	 93.342989	 93.277781	 93.213524	 93.150218	 93.087865	 93.026463	 92.966013	 92.906512	  92.84796	 92.790354	 92.733693	 92.677973	 92.623192	 92.569345	  92.51643	 92.464443	 92.413377	  92.36323	 92.313994	 92.265666	 92.218239	 92.171707	 92.126064	 92.081302	 92.037415	 91.994396	 91.952237	 91.910931	 91.870469	 91.830844	 91.792046	 91.754068	   91.7169	 91.680534	  91.64496	 91.610169	 91.576152	 91.542899	 91.510401	 91.478647	 91.447627	 91.417332	 91.387751	 91.358874	 91.330691	 91.303191	 91.276364	   91.2502	 91.224687	 91.199815	 91.175574	 91.151953	 91.128941	 91.106528	 91.084703	 91.063456	 91.042775	  91.02265	 91.003071	 90.984027	 90.965508	 90.947503	 90.930001	 90.912993	 90.896469	 90.880417	 90.864828	 90.849692	 90.834998	 90.820738	   90.8069	 90.793476	 90.780456	 90.767831	  90.75559	 90.743724	 90.732226	 90.721084	 90.710291	 90.699837	 90.689714	 90.679913	 90.670426	 90.661244	 90.652359	 90.643762	 90.635446	 90.627404	 90.619626	 90.612105	 90.604834	 90.597806	 90.591013	 90.584448	 90.578103	 90.571972	 90.566049	 90.560326	 90.554797	 90.549454	 90.544293	 90.539307	 90.534489	 90.529834	 90.525335	 90.520987	 90.516785	 90.512721	 90.508792	 90.504991	 90.501314	 90.497754	 90.494307	 90.490968	 90.487732	 90.484593	 90.481548	  90.47859	 90.475717	 90.472922	 90.470202	 90.467552	 90.464968	 90.462445	 90.459978	 90.457564	 90.455199	 90.452877	 90.450596	 90.448351	 90.446138	 90.443952	  90.44179	 90.439648	 90.437522	 90.435408	 90.433302	
        99	 98.884989	 98.770004	 98.655071	 98.540218	 98.425471	 98.310855	 98.196396	 98.082122	 97.968057	 97.854228	 97.740659	 97.627378	 97.514407	 97.401774	 97.289502	 97.177615	 97.066139	 96.955098	 96.844514	 96.734411	 96.624813	 96.515742	 96.407221	 96.299271	 96.191914	 96.085171	 95.979064	 95.873612	 95.768836	 95.664756	  95.56139	 95.458756	 95.356874	 95.255761	 95.155434	  95.05591	 94.957205	 94.859335	 94.762315	  94.66616	 94.570884	   94.4765	 94.383022	 94.290462	 94.198832	 94.108145	 94.018409	 93.929637	 93.841838	 93.755021	 93.669194	 93.584367	 93.500546	 93.417739	 93.335952	 93.255191	 93.175462	  93.09677	 93.019118	 92.942511	 92.866951	 92.792443	 92.718987	 92.646586	 92.575241	 92.504953	 92.435722	 92.367547	 92.300428	 92.234364	 92.169354	 92.105394	 92.042482	 91.980616	 91.919792	 91.860007	 91.801255	 91.743532	 91.686834	 91.631155	 91.576489	  91.52283	 91.470171	 91.418506	 91.367828	 91.318129	 91.269401	 91.221637	 91.174828	 91.128965	  91.08404	 91.040044	 90.996967	 90.954799	 90.913531	 90.873154	 90.833656	 90.795028	 90.757258	 90.720337	 90.684254	 90.648997	 90.614556	 90.580919	 90.548075	 90.516013	 90.484721	 90.454188	 90.424402	 90.395351	 90.367024	 90.339409	 90.312494	 90.286268	 90.260717	 90.235832	   90.2116	 90.188008	 90.165046	 90.142702	 90.120963	 90.099819	 90.079256	 90.059265	 90.039833	 90.020949	 90.002602	 89.984779	 89.967471	 89.950665	 89.934351	 89.918517	 89.903153	 89.888249	 89.873793	 89.859774	 89.846183	 89.833009	 89.820242	 89.807871	 89.795887	 89.784281	 89.773041	 89.762159	 89.751625	  89.74143	 89.731565	  89.72202	 89.712787	 89.703857	 89.695221	 89.686871	 89.678799	 89.670995	 89.663452	 89.656163	 89.649119	 89.642312	 89.635735	  89.62938	 89.623241	  89.61731	 89.611579	 89.606043	 89.600694	 89.595525	  89.59053	 89.585703	 89.581036	 89.576525	 89.572162	 89.567942	 89.563859	 89.559906	 89.556079	 89.552372	 89.548778	 89.545294	 89.541912	 89.538629	 89.535439	 89.532336	 89.529316	 89.526373	 89.523504	 89.520702	 89.517964	 89.515284	 89.512657	  89.51008	 89.507547	 89.505054	 89.502596	  89.50017	  89.49777	 89.495391	 89.493031	 89.490683	 89.488344	
        99	 98.873589	 98.747206	 98.620882	 98.494645	 98.368524	 98.242547	 98.116744	 97.991142	 97.865772	 97.740659	 97.615834	 97.491324	 97.367156	 97.243358	 97.119958	 96.996982	 96.874456	 96.752408	 96.630863	 96.509847	 96.389386	 96.269504	 96.150226	 96.031576	 95.913578	 95.796255	  95.67963	 95.563727	 95.448565	 95.334168	 95.220556	  95.10775	 94.995769	 94.884634	 94.774363	 94.664974	 94.556485	 94.448915	 94.342278	 94.236592	 94.131872	 94.028133	 93.925389	 93.823655	 93.722943	 93.623267	 93.524637	 93.427066	 93.330564	 93.235141	 93.140808	 93.047572	 92.955443	 92.864428	 92.774535	 92.685769	 92.598137	 92.511645	 92.426296	 92.342096	 92.259047	 92.177153	 92.096417	  92.01684	 91.938423	 91.861168	 91.785074	 91.710142	 91.636371	 91.563758	 91.492304	 91.422004	 91.352857	 91.284859	 91.218006	 91.152294	 91.087719	 91.024275	 90.961957	 90.900759	 90.840674	 90.781697	 90.723819	 90.667033	 90.611331	 90.556706	 90.503149	  90.45065	 90.399201	 90.348793	 90.299415	 90.251057	  90.20371	 90.157363	 90.112005	 90.067625	 90.024212	 89.981755	 89.940242	 89.899662	 89.860002	  89.82125	 89.783395	 89.746424	 89.710325	 89.675085	 89.640691	 89.607132	 89.574393	 89.542463	 89.511328	 89.480976	 89.451393	 89.422567	 89.394485	 89.367133	 89.340498	 89.314569	 89.289331	 89.264771	 89.240878	 89.217637	 89.195037	 89.173064	 89.151706	 89.130951	 89.110784	 89.091195	 89.072171	   89.0537	 89.035768	 89.018365	 89.001479	 88.985097	 88.969208	   88.9538	 88.938862	 88.924382	 88.910349	 88.896752	 88.883581	 88.870824	  88.85847	 88.846509	 88.834931	 88.823726	 88.812883	 88.802392	 88.792244	 88.782429	 88.772937	 88.763759	 88.754886	 88.746309	 88.738019	 88.730007	 88.722264	 88.714783	 88.707554	  88.70057	 88.693822	 88.687303	 88.681004	 88.674919	  88.66904	 88.663359	 88.657869	 88.652563	 88.647434	 88.642475	  88.63768	 88.633041	 88.628553	 88.624209	 88.620003	 88.615928	 88.611979	 88.608148	 88.604432	 88.600823	 88.597316	 88.593906	 88.590587	 88.587353	 88.584199	 88.581119	 88.578109	 88.575164	 88.572277	 88.569444	  88.56666	  88.56392	 88.561219	 88.558552	 88.555914	   88.5533	 88.550705	 88.548125	 88.545554	
        99	 98.862218	 98.724467	 98.586779	 98.449187	  98.31172	 98.174411	 98.037292	 97.900392	 97.763744	 97.627378	 97.491324	 97.355614	 97.220276	 97.085343	 96.950842	 96.816804	 96.683257	  96.55023	 96.417752	  96.28585	 96.154553	 96.023887	 95.893879	 95.764556	 95.635944	 95.508067	 95.380952	 95.254622	 95.129102	 95.004414	 94.880583	 94.757629	 94.635576	 94.514443	 94.394253	 94.275024	 94.156776	 94.039529	   93.9233	 93.808107	 93.693968	 93.580897	 93.468911	 93.358026	 93.248254	 93.139611	  93.03211	 92.925762	 92.820579	 92.716573	 92.613754	 92.512132	 92.411715	 92.312513	 92.214533	 92.117783	 92.022268	 91.927995	 91.834969	 91.743195	 91.652676	 91.563415	 91.475416	 91.388681	  91.30321	 91.219006	 91.136068	 91.054395	 90.973988	 90.894844	 90.816961	 90.740338	 90.664971	 90.590856	  90.51799	 90.446367	 90.375983	 90.306832	 90.238908	 90.172205	 90.106716	 90.042433	 89.979348	 89.917455	 89.856743	 89.797204	 89.738828	 89.681607	 89.625531	 89.570588	 89.516768	 89.464061	 89.412455	 89.361938	   89.3125	 89.264128	  89.21681	 89.170534	 89.125287	 89.081056	 89.037828	 88.995591	 88.954331	 88.914034	 88.874688	 88.836278	  88.79879	 88.762212	 88.726529	 88.691726	 88.657791	 88.624708	 88.592464	 88.561045	 88.530436	 88.500624	 88.471594	 88.443332	 88.415823	 88.389055	 88.363012	 88.337681	 88.313048	 88.289099	  88.26582	 88.243197	 88.221216	 88.199865	  88.17913	 88.158997	 88.139452	 88.120484	 88.102079	 88.084223	 88.066905	 88.050111	 88.033829	 88.018046	 88.002751	 87.987932	 87.973575	  87.95967	 87.946205	 87.933169	 87.920549	 87.908336	 87.896517	 87.885083	 87.874022	 87.863324	 87.852978	 87.842975	 87.833304	 87.823955	 87.814919	 87.806187	 87.797748	 87.789593	 87.781714	 87.774102	 87.766747	 87.759641	 87.752776	 87.746144	 87.739735	 87.733543	 87.727559	 87.721776	 87.716186	 87.710781	 87.705555	 87.700499	 87.695607	 87.690872	 87.686288	 87.681846	 87.677541	 87.673367	 87.669316	 87.665383	  87.66156	 87.657843	 87.654225	   87.6507	 87.647263	 87.643906	 87.640626	 87.637415	 87.634268	 87.631181	 87.628146	  87.62516	 87.622216	 87.619309	 87.616433	 87.613584	 87.610756	 87.607944	 87.605142	
        99	 98.850878	  98.70179	  98.55277	 98.403853	 98.255073	 98.106463	 97.958058	 97.809892	 97.661997	 97.514407	 97.367156	 97.220276	 97.073801	 96.927762	 96.782191	 96.637121	 96.492583	 96.348608	 96.205226	 96.062469	 95.920365	 95.778945	 95.638238	 95.498271	 95.359074	 95.220673	 95.083096	 94.946368	 94.810517	 94.675568	 94.541544	 94.408472	 94.276373	 94.145271	 94.015188	 93.886147	 93.758167	  93.63127	 93.505475	 93.380802	 93.257268	 93.134891	 93.013689	 92.893677	 92.774872	 92.657287	 92.540938	 92.425837	 92.311997	 92.199431	  92.08815	 91.978164	 91.869483	 91.762117	 91.656073	 91.551359	 91.447984	 91.345952	  91.24527	 91.145942	 91.047973	 90.951366	 90.856124	  90.76225	 90.669746	 90.578611	 90.488846	 90.400452	 90.313427	 90.227769	 90.143477	 90.060547	 89.978977	 89.898763	 89.819899	 89.742382	 89.666205	 89.591363	 89.517849	 89.445656	 89.374776	 89.305203	 89.236926	 89.169938	  89.10423	 89.039791	 88.976611	 88.914681	 88.853988	 88.794524	 88.736274	 88.679229	 88.623376	 88.568702	 88.515195	 88.462842	  88.41163	 88.361545	 88.312573	 88.264702	 88.217917	 88.172204	 88.127547	 88.083934	 88.041349	 87.999778	 87.959206	 87.919617	 87.880996	  87.84333	 87.806601	 87.770796	 87.735898	 87.701893	 87.668765	 87.636499	  87.60508	 87.574492	 87.544719	 87.515748	 87.487562	 87.460146	 87.433485	 87.407565	  87.38237	 87.357885	 87.334096	 87.310987	 87.288545	 87.266755	 87.245602	 87.225073	 87.205153	 87.185828	 87.167084	 87.148908	 87.131286	 87.114204	  87.09765	 87.081611	 87.066073	 87.051024	 87.036451	 87.022341	 87.008683	 86.995465	 86.982673	 86.970298	 86.958326	 86.946748	 86.935551	 86.924724	 86.914257	 86.904139	  86.89436	 86.884908	 86.875774	 86.866949	 86.858421	 86.850182	 86.842222	 86.834532	 86.827102	 86.819923	 86.812988	 86.806286	  86.79981	  86.79355	   86.7875	  86.78165	 86.775994	 86.770522	 86.765228	 86.760103	 86.755141	 86.750334	 86.745675	 86.741157	 86.736772	 86.732515	 86.728379	 86.724356	  86.72044	 86.716625	 86.712904	 86.709272	 86.705721	 86.702246	  86.69884	 86.695499	 86.692215	 86.688982	 86.685796	  86.68265	 86.679537	 86.676454	 86.673393	 86.670349	 86.667317	
        99	 98.839572	  98.67918	 98.518863	 98.358655	 98.198595	 98.038718	 97.879061	 97.719661	 97.560553	 97.401774	 97.243358	 97.085343	 96.927762	  96.77065	 96.614043	 96.457974	 96.302477	 96.147586	 95.993334	 95.839753	 95.686876	 95.534734	 95.383358	  95.23278	 95.083029	 94.934134	 94.786127	 94.639033	 94.492882	 94.347701	 94.203517	 94.060354	  93.91824	 93.777198	 93.637253	 93.498428	 93.360746	 93.224228	 93.088895	  92.95477	  92.82187	 92.690215	 92.559823	 92.430712	 92.302899	   92.1764	 92.051229	 91.927402	 91.804931	 91.683831	 91.564112	 91.445788	 91.328867	  91.21336	 91.099276	 90.986624	  90.87541	 90.765643	 90.657327	 90.550468	 90.445072	  90.34114	 90.238678	 90.137687	 90.038168	 89.940124	 89.843554	 89.748458	 89.654835	 89.562683	    89.472	 89.382782	 89.295028	 89.208732	 89.123889	 89.040494	 88.958542	 88.878026	 88.798938	 88.721271	 88.645018	  88.57017	 88.496717	  88.42465	  88.35396	 88.284635	 88.216665	 88.150039	 88.084746	 88.020772	 87.958107	 87.896736	 87.836648	 87.777829	 87.720266	 87.663943	 87.608848	 87.554966	 87.502282	 87.450781	 87.400449	  87.35127	 87.303228	 87.256308	 87.210495	 87.165771	 87.122123	 87.079532	 87.037984	 86.997461	 86.957948	 86.919428	 86.881885	 86.845302	 86.809662	  86.77495	 86.741148	 86.708241	 86.676211	 86.645043	  86.61472	 86.585226	 86.556544	 86.528658	 86.501553	 86.475212	 86.449619	 86.424758	 86.400615	 86.377173	 86.354416	  86.33233	   86.3109	 86.290109	 86.269944	  86.25039	 86.231432	 86.213056	 86.195247	 86.177991	 86.161275	 86.145085	 86.129407	 86.114228	 86.099534	 86.085313	 86.071552	 86.058239	  86.04536	 86.032903	 86.020857	  86.00921	 85.997949	 85.987064	 85.976543	 85.966375	 85.956549	 85.947054	  85.93788	 85.929016	 85.920453	 85.912179	 85.904186	 85.896463	 85.889002	 85.881792	 85.874824	 85.868091	 85.861582	 85.855289	 85.849203	 85.843316	 85.837621	 85.832108	 85.826769	 85.821598	 85.816585	 85.811725	 85.807008	 85.802428	 85.797978	  85.79365	 85.789437	 85.785333	  85.78133	 85.777422	 85.773602	 85.769864	   85.7662	 85.762605	 85.759072	 85.755595	 85.752167	 85.748782	 85.745434	 85.742116	 85.738823	 85.735549	 85.732287	
        99	 98.828302	 98.656643	 98.485064	 98.313602	 98.142298	  97.97119	 97.800318	  97.62972	 97.459435	 97.289502	 97.119958	 96.950842	 96.782191	 96.614043	 96.446434	 96.279402	 96.112982	  95.94721	 95.782122	 95.617752	 95.454135	 95.291306	 95.129296	  94.96814	 94.807869	 94.648516	  94.49011	 94.332684	 94.176266	 94.020887	 93.866573	 93.713354	 93.561257	 93.410307	 93.260531	 93.111954	 92.964599	 92.818491	 92.673652	 92.530104	 92.387868	 92.246965	 92.107414	 91.969233	 91.832442	 91.697056	 91.563092	 91.430566	 91.299492	 91.169885	 91.041756	 90.915119	 90.789985	 90.666364	 90.544266	   90.4237	 90.304675	 90.187196	 90.071271	 89.956906	 89.844105	 89.732873	 89.623213	 89.515127	 89.408618	 89.303686	 89.200332	 89.098556	 88.998356	  88.89973	 88.802677	 88.707192	 88.613273	 88.520915	 88.430112	 88.340859	  88.25315	 88.166977	 88.082334	 87.999212	 87.917602	 87.837495	 87.758882	 87.681753	 87.606097	 87.531902	 87.459158	 87.387852	 87.317971	 87.249504	 87.182436	 87.116755	 87.052446	 86.989495	 86.927887	 86.867608	 86.808643	 86.750976	 86.694591	 86.639472	 86.585604	  86.53297	 86.481553	 86.431338	 86.382306	 86.334441	 86.287726	 86.242144	 86.197676	 86.154307	 86.112018	 86.070792	 86.030612	 85.991459	 85.953316	 85.916165	 85.879989	  85.84477	  85.81049	 85.777133	 85.744679	 85.713113	 85.682416	 85.652572	 85.623562	 85.595371	  85.56798	 85.541373	 85.515534	 85.490445	  85.46609	 85.442452	 85.419516	 85.397265	 85.375684	 85.354756	 85.334466	 85.314799	 85.295739	 85.277271	 85.259381	 85.242053	 85.225274	 85.209028	 85.193303	 85.178083	 85.163355	 85.149106	 85.135322	 85.121991	 85.109099	 85.096633	 85.084581	 85.072932	 85.061671	 85.050789	 85.040273	 85.030111	 85.020293	 85.010806	 85.001641	 84.992786	 84.984232	 84.975966	 84.967981	 84.960264	 84.952807	 84.945601	 84.938634	 84.931899	 84.925386	 84.919086	  84.91299	  84.90709	 84.901376	 84.895842	 84.890477	 84.885275	 84.880227	 84.875326	 84.870563	 84.865931	 84.861422	 84.857029	 84.852745	 84.848563	 84.844475	 84.840473	 84.836553	 84.832705	 84.828924	 84.825202	 84.821533	 84.817911	 84.814327	 84.810777	 84.807253	 84.803748	 84.800257	
        99	 98.817071	 98.634184	 98.451381	 98.268704	 98.086194	 97.903894	 97.721845	 97.540088	 97.358664	 97.177615	 96.996982	 96.816804	 96.637121	 96.457974	 96.279402	 96.101444	 95.924138	 95.747523	 95.571636	 95.396514	 95.222195	 95.048715	 94.876108	  94.70441	 94.533656	 94.363879	 94.195112	 94.027388	 93.860739	 93.695196	 93.530788	 93.367547	 93.205501	 93.044677	 92.885104	 92.726808	 92.569815	  92.41415	 92.259837	 92.106899	 91.955359	 91.805239	  91.65656	 91.509341	 91.363601	 91.219359	 91.076633	 90.935438	 90.795791	 90.657705	 90.521196	 90.386276	 90.252956	 90.121249	 89.991165	 89.862712	 89.735901	 89.610738	  89.48723	 89.365384	 89.245205	 89.126697	 89.009864	 88.894708	 88.781232	 88.669436	 88.559322	 88.450888	 88.344133	 88.239057	 88.135655	 88.033925	 87.933862	 87.835463	  87.73872	 87.643629	 87.550183	 87.458374	 87.368194	 87.279634	 87.192686	  87.10734	 87.023585	  86.94141	 86.860805	 86.781757	 86.704254	 86.628284	 86.553833	 86.480887	 86.409432	 86.339454	 86.270939	  86.20387	 86.138233	 86.074011	 86.011188	 85.949749	 85.889676	 85.830952	  85.77356	 85.717483	 85.662703	 85.609203	 85.556964	 85.505968	 85.456198	 85.407634	 85.360258	 85.314052	 85.268997	 85.225074	 85.182265	 85.140551	 85.099913	 85.060332	  85.02179	 84.984267	 84.947745	 84.912206	  84.87763	 84.843998	 84.811294	 84.779497	  84.74859	 84.718554	 84.689372	 84.661025	 84.633495	 84.606765	 84.580817	 84.555633	 84.531197	  84.50749	 84.484497	 84.462201	 84.440584	  84.41963	 84.399323	 84.379647	 84.360587	 84.342126	 84.324249	 84.306941	 84.290187	 84.273971	  84.25828	 84.243099	 84.228414	  84.21421	 84.200475	 84.187194	 84.174354	 84.161942	 84.149945	 84.138351	 84.127147	  84.11632	 84.105859	 84.095753	 84.085988	 84.076554	  84.06744	 84.058634	 84.050126	 84.041905	  84.03396	 84.026282	  84.01886	 84.011684	 84.004745	 83.998033	 83.991538	 83.985252	 83.979165	 83.973268	 83.967553	  83.96201	 83.956632	  83.95141	 83.946335	   83.9414	 83.936597	 83.931917	 83.927353	 83.922897	 83.918541	 83.914278	 83.910101	 83.906002	 83.901973	 83.898008	 83.894099	 83.890239	 83.886422	 83.882639	 83.878884	 83.875151	 83.871431	
        99	 98.805881	 98.611807	 98.417822	  98.22397	 98.030296	 97.836845	 97.643659	 97.450784	 97.258263	 97.066139	 96.874456	 96.683257	 96.492583	 96.302477	 96.112982	 95.924138	 95.735986	 95.548567	 95.361921	 95.176088	 94.991106	 94.807013	 94.623848	 94.441647	 94.260448	 94.080285	 93.901195	 93.723212	 93.546368	 93.370699	 93.196235	 93.023008	 92.851049	 92.680388	 92.511054	 92.343075	 92.176478	 92.011291	 91.847538	 91.685245	 91.524436	 91.365133	 91.207359	 91.051134	  90.89648	 90.743415	 90.591958	 90.442126	 90.293936	 90.147404	 90.002544	 89.859371	 89.717896	 89.578132	 89.440091	 89.303781	 89.169212	 89.036393	  88.90533	 88.776031	   88.6485	 88.522743	 88.398763	 88.276563	 88.156146	 88.037512	 87.920661	 87.805595	  87.69231	 87.580806	 87.471079	 87.363126	 87.256943	 87.152524	 87.049864	 86.948956	 86.849793	 86.752368	 86.656672	 86.562695	 86.470428	 86.379861	 86.290983	 86.203782	 86.118246	 86.034363	 85.952119	 85.871501	 85.792496	 85.715088	 85.639262	 85.565004	 85.492297	 85.421126	 85.351473	 85.283323	 85.216658	  85.15146	 85.087712	 85.025396	 84.964494	 84.904987	 84.846856	 84.790083	 84.734648	 84.680533	 84.627718	 84.576183	  84.52591	 84.476877	 84.429066	 84.382457	 84.337029	 84.292763	 84.249639	 84.207637	 84.166737	 84.126919	 84.088163	  84.05045	 84.013759	  83.97807	 83.943365	 83.909623	 83.876826	 83.844953	 83.813985	 83.783904	  83.75469	 83.726325	  83.69879	 83.672066	 83.646135	 83.620978	 83.596579	 83.572918	 83.549978	 83.527743	 83.506194	 83.485315	 83.465088	 83.445498	 83.426528	 83.408161	 83.390382	 83.373174	 83.356523	 83.340414	  83.32483	 83.309758	 83.295182	 83.281088	 83.267463	 83.254292	 83.241562	 83.229258	 83.217369	  83.20588	 83.194779	 83.184054	 83.173692	 83.163681	 83.154009	 83.144665	 83.135636	 83.126912	 83.118482	 83.110334	 83.102458	 83.094843	  83.08748	 83.080357	 83.073465	 83.066794	 83.060335	 83.054077	 83.048012	 83.042131	 83.036424	 83.030882	 83.025497	  83.02026	 83.015163	 83.010197	 83.005353	 83.000624	 82.996002	 82.991479	 82.987046	 82.982696	 82.978421	 82.974213	 82.970065	  82.96597	 82.961918	 82.957904	  82.95392	 82.949958	  82.94601	
