Time step 53:
        99	        99	        99	        99	        99	        99	        99	        99	        99	        99	        99	        99	        99	        99	        99	        99	        99	        99	        99	        99	        99	        99	        99	        99	        99	        99	        99	        99	        99	        99	        99	        99	        99	        99	        99	        99	        99	        99	        99	        99	        99	        99	        99	        99	        99	        99	        99	        99	        99	        99	        99	        99	        99	        99	        99	        99	        99	        99	        99	        99	        99	        99	        99	        99	        99	        99	        99	        99	        99	        99	        99	        99	        99	        99	        99	        99	        99	        99	        99	        99	        99	        99	        99	        99	        99	        99	        99	        99	        99	        99	        99	        99	        99	        99	        99	        99	        99	        99	        99	        99	        99	        99	        99	        99	        99	        99	        99	        99	        99	        99	        99	        99	        99	        99	        99	        99	        99	        99	        99	        99	        99	        99	        99	        99	        99	        99	        99	        99	        99	        99	        99	        99	        99	        99	        99	        99	        99	        99	        99	        99	        99	        99	        99	        99	        99	        99	        99	        99	        99	        99	        99	        99	        99	        99	        99	        99	        99	        99	        99	        99	        99	        99	        99	        99	        99	        99	        99	        99	        99	        99	        99	        99	        99	        99	        99	        99	        99	        99	        99	        99	        99	        99	        99	        99	        99	        99	        99	        99	        99	        99	        99	        99	        99	        99	        99	        99	        99	        99	        99	        99	
        99	  98.98802	 98.976042	  98.96407	 98.952107	 98.940155	 98.928218	 98.916297	 98.904396	 98.892518	 98.880666	 98.868841	 98.857048	 98.845288	 98.833565	  98.82188	 98.810238	 98.798639	 98.787088	 98.775586	 98.764136	  98.75274	 98.741401	 98.730121	 98.718904	  98.70775	 98.696662	 98.685643	 98.674694	 98.663818	 98.653017	 98.642293	 98.631648	 98.621084	 98.610602	 98.600205	 98.589895	 98.579672	 98.569539	 98.559498	 98.549549	 98.539694	 98.529936	 98.520274	 98.510712	 98.501248	 98.491886	 98.482626	 98.473469	 98.464416	 98.455468	 98.446626	  98.43789	 98.429263	 98.420743	 98.412333	 98.404031	  98.39584	  98.38776	  98.37979	 98.371932	 98.364185	  98.35655	 98.349026	 98.341615	 98.334316	 98.327129	 98.320054	 98.313092	 98.306241	 98.299502	 98.292874	 98.286357	 98.279952	 98.273656	 98.267471	 98.261395	 98.255429	  98.24957	  98.24382	 98.238176	  98.23264	 98.227209	 98.221883	 98.216661	 98.211543	 98.206528	 98.201614	 98.196801	 98.192087	 98.187473	 98.182956	 98.178537	 98.174213	 98.169984	 98.165848	 98.161805	 98.157853	 98.153992	  98.15022	 98.146535	 98.142938	 98.139426	 98.135998	 98.132653	  98.12939	 98.126207	 98.123104	 98.120079	 98.117131	 98.114258	 98.111459	 98.108734	  98.10608	 98.103496	 98.100982	 98.098536	 98.096156	 98.093841	 98.091591	 98.089403	 98.087277	 98.085211	 98.083205	 98.081256	 98.079364	 98.077527	 98.075744	 98.074014	 98.072336	 98.070709	 98.069131	 98.067601	 98.066118	 98.064682	  98.06329	 98.061942	 98.060637	 98.059373	  98.05815	 98.056967	 98.055821	 98.054714	 98.053643	 98.052607	 98.051605	 98.050638	 98.049702	 98.048799	 98.047926	 98.047083	 98.046268	 98.045482	 98.044723	 98.043991	 98.043284	 98.042602	 98.041943	 98.041308	 98.040696	 98.040105	 98.039535	 98.038985	 98.038454	 98.037943	 98.037449	 98.036973	 98.036514	 98.036071	 98.035643	 98.035231	 98.034832	 98.034448	 98.034077	 98.033718	 98.033371	 98.033036	 98.032711	 98.032397	 98.032093	 98.031798	 98.031512	 98.031235	 98.030965	 98.030703	 98.030447	 98.030199	 98.029956	 98.029718	 98.029486	 98.029259	 98.029035	 98.028816	   98.0286	 98.028386	 98.028176	 98.027967	  98.02776	 98.027554	 98.027349	
        99	 98.976042	  98.95209	 98.928149	 98.904226	 98.880325	 98.856452	 98.832614	 98.808816	 98.785062	  98.76136	 98.737714	  98.71413	 98.690613	 98.667169	 98.643803	 98.620521	 98.597327	 98.574226	 98.551225	 98.528327	 98.505539	 98.482864	 98.460307	 98.437874	 98.415569	 98.393396	  98.37136	 98.349465	 98.327716	 98.306117	 98.284671	 98.263384	 98.242258	 98.221297	 98.200506	 98.179887	 98.159444	 98.139181	   98.1191	 98.099205	 98.079499	 98.059984	 98.040663	  98.02154	 98.002615	 97.983893	 97.965375	 97.947063	 97.928959	 97.911065	 97.893383	 97.875914	 97.858661	 97.841624	 97.824805	 97.808205	 97.791825	 97.775666	 97.759728	 97.744013	 97.728521	 97.713252	 97.698208	 97.683387	 97.668791	 97.654419	 97.640271	 97.626347	 97.612647	  97.59917	 97.585916	 97.572885	 97.560075	 97.547486	 97.535117	 97.522967	 97.511034	 97.499319	  97.48782	 97.476534	 97.465462	 97.454602	 97.443951	 97.433509	 97.423274	 97.413244	 97.403417	 97.393792	 97.384367	 97.375139	 97.366107	 97.357269	 97.348622	 97.340165	 97.331895	  97.32381	 97.315908	 97.308186	 97.300642	 97.293274	  97.28608	 97.279056	 97.272201	 97.265512	 97.258987	 97.252623	 97.246417	 97.240368	 97.234472	 97.228727	  97.22313	  97.21768	 97.212373	 97.207207	 97.202179	 97.197286	 97.192527	 97.187899	 97.183398	 97.179024	 97.174772	 97.170641	 97.166628	 97.162731	 97.158946	 97.155273	 97.151708	 97.148249	 97.144893	 97.141639	 97.138483	 97.135424	 97.132459	 97.129586	 97.126803	 97.124108	 97.121497	 97.118971	 97.116525	 97.114158	 97.111868	 97.109653	  97.10751	 97.105439	 97.103437	 97.101501	 97.099631	 97.097824	 97.096078	 97.094392	 97.092764	 97.091192	 97.089674	  97.08821	 97.086796	 97.085432	 97.084115	 97.082845	  97.08162	 97.080438	 97.079298	 97.078198	 97.077138	 97.076114	 97.075128	 97.074176	 97.073257	 97.072371	 97.071516	 97.070691	 97.069895	 97.069126	 97.068383	 97.067666	 97.066972	 97.066301	 97.065653	 97.065025	 97.064416	 97.063827	 97.063255	   97.0627	 97.062161	 97.061636	 97.061126	 97.060628	 97.060142	 97.059668	 97.059204	 97.058748	 97.058302	 97.057863	 97.057431	 97.057004	 97.056583	 97.056165	 97.055751	  97.05534	  97.05493	
        99	  98.96407	 98.928149	 98.892245	 98.856367	 98.820523	 98.784721	 98.748971	  98.71328	 98.677658	 98.642111	 98.606649	  98.57128	 98.536012	 98.500853	 98.465811	 98.430894	  98.39611	 98.361466	 98.326971	 98.292631	 98.258455	 98.224449	 98.190622	 98.156978	 98.123527	 98.090274	 98.057227	 98.024392	 97.991775	 97.959382	  97.92722	 97.895295	 97.863612	 97.832178	 97.800997	 97.770074	 97.739416	 97.709027	 97.678912	 97.649076	 97.619522	 97.590256	 97.561281	 97.532601	  97.50422	 97.476142	  97.44837	 97.420907	 97.393757	 97.366921	 97.340404	 97.314206	 97.288331	 97.262781	 97.237558	 97.212662	 97.188097	 97.163863	 97.139961	 97.116393	  97.09316	 97.070262	 97.047699	 97.025473	 97.003582	 96.982029	 96.960811	  96.93993	 96.919384	 96.899172	 96.879296	 96.859752	 96.840541	 96.821661	 96.803111	  96.78489	 96.766995	 96.749426	  96.73218	 96.715255	  96.69865	 96.682363	  96.66639	  96.65073	  96.63538	 96.620339	 96.605602	 96.591167	 96.577032	 96.563193	 96.549647	 96.536393	 96.523425	 96.510742	 96.498339	 96.486214	 96.474363	 96.462782	 96.451469	 96.440419	  96.42963	 96.419096	 96.408816	 96.398785	 96.388999	 96.379454	 96.370148	 96.361075	 96.352233	 96.343618	 96.335225	  96.32705	 96.319091	 96.311344	 96.303803	 96.296466	 96.289329	 96.282388	 96.275638	 96.269078	 96.262701	 96.256506	 96.250488	 96.244643	 96.238968	 96.233459	 96.228112	 96.222924	 96.217892	 96.213011	 96.208279	 96.203691	 96.199245	 96.194936	 96.190762	  96.18672	 96.182806	 96.179016	 96.175348	 96.171798	 96.168364	 96.165042	 96.161829	 96.158723	  96.15572	 96.152817	 96.150012	 96.147302	 96.144684	 96.142156	 96.139714	 96.137356	  96.13508	 96.132884	 96.130763	 96.128717	 96.126743	 96.124838	 96.123001	 96.121228	 96.119519	 96.117869	 96.116279	 96.114744	 96.113264	 96.111837	  96.11046	 96.109131	 96.107849	 96.106611	 96.105417	 96.104264	  96.10315	 96.102074	 96.101034	 96.100028	 96.099055	 96.098113	 96.097201	 96.096317	 96.095459	 96.094627	 96.093818	 96.093032	 96.092266	  96.09152	 96.090791	 96.090079	 96.089383	 96.088701	 96.088031	 96.087372	 96.086724	 96.086085	 96.085453	 96.084827	 96.084206	 96.083589	 96.082974	
        99	 98.952107	 98.904226	 98.856367	 98.808543	 98.760764	 98.713042	 98.665388	 98.617813	  98.57033	 98.522947	 98.475678	 98.428532	 98.381521	 98.334656	 98.287946	 98.241403	 98.195037	 98.148858	 98.102877	 98.057104	 98.011548	  97.96622	 97.921128	 97.876283	 97.831694	  97.78737	 97.743319	  97.69955	 97.656073	 97.612895	 97.570024	 97.527469	 97.485237	 97.443336	 97.401773	 97.360555	 97.319689	 97.279181	 97.239039	 97.199268	 97.159874	 97.120863	  97.08224	 97.044011	 97.006181	 96.968754	 96.931735	 96.895128	 96.858937	 96.823167	  96.78782	   96.7529	 96.718409	 96.684352	  96.65073	 96.617545	   96.5848	 96.552497	 96.520637	 96.489222	 96.458253	  96.42773	 96.397655	 96.368028	 96.338849	 96.310119	 96.281837	 96.254003	 96.226615	 96.199675	  96.17318	 96.147129	 96.121521	 96.096355	 96.071629	  96.04734	 96.023487	 96.000068	 95.977079	  95.95452	 95.932386	 95.910675	 95.889384	  95.86851	  95.84805	 95.827999	 95.808356	 95.789115	 95.770273	 95.751826	 95.733771	 95.716103	 95.698817	 95.681911	 95.665379	 95.649216	 95.633419	 95.617983	 95.602903	 95.588174	 95.573792	 95.559751	 95.546048	 95.532676	 95.519632	  95.50691	 95.494504	 95.482411	 95.470625	 95.459141	 95.447953	 95.437057	 95.426448	 95.416121	 95.406069	 95.396289	 95.386776	 95.377523	 95.368527	 95.359782	 95.351282	 95.343024	 95.335002	 95.327211	 95.319646	 95.312303	 95.305176	 95.298261	 95.291553	 95.285047	 95.278739	 95.272624	 95.266697	 95.260954	  95.25539	 95.250002	 95.244784	 95.239733	 95.234843	 95.230112	 95.225534	 95.221106	 95.216823	 95.212683	  95.20868	 95.204811	 95.201072	 95.197459	  95.19397	 95.190599	 95.187345	 95.184202	 95.181168	  95.17824	 95.175414	 95.172687	 95.170055	 95.167516	 95.165067	 95.162704	 95.160425	 95.158227	 95.156106	 95.154061	 95.152089	 95.150186	  95.14835	 95.146579	  95.14487	  95.14322	 95.141628	 95.140091	 95.138606	 95.137172	 95.135785	 95.134445	 95.133148	 95.131892	 95.130676	 95.129498	 95.128355	 95.127245	 95.126167	 95.125119	 95.124098	 95.123103	 95.122133	 95.121184	 95.120256	 95.119346	 95.118453	 95.117576	 95.116711	 95.115859	 95.115016	 95.114182	 95.113355	 95.112532	 95.111713	
        99	 98.940155	 98.880325	 98.820523	 98.760764	 98.701061	  98.64143	 98.581884	 98.522437	 98.463104	 98.403897	 98.344832	  98.28592	 98.227178	 98.168616	  98.11025	 98.052092	 97.994155	 97.936453	 97.878997	 97.821801	 97.764877	 97.708236	 97.651892	 97.595856	 97.540139	 97.484753	 97.429709	 97.375018	 97.320691	 97.266738	 97.213169	 97.159994	 97.107223	 97.054865	 97.002929	 96.951425	 96.900361	 96.849745	 96.799585	 96.749888	 96.700664	 96.651917	 96.603656	 96.555887	 96.508616	 96.461849	 96.415592	  96.36985	 96.324627	  96.27993	 96.235762	 96.192127	  96.14903	 96.106473	 96.064461	 96.022995	 95.982078	 95.941714	 95.901903	 95.862648	  95.82395	 95.785811	 95.748231	  95.71121	  95.67475	 95.638849	 95.603509	 95.568729	 95.534507	 95.500843	 95.467736	 95.435185	 95.403186	  95.37174	 95.340843	 95.310493	 95.280687	 95.251424	 95.222699	 95.194509	 95.166852	 95.139723	 95.113119	 95.087036	 95.061469	 95.036415	 95.011869	 94.987826	 94.964283	 94.941233	 94.918671	 94.896594	 94.874995	 94.853869	 94.833212	 94.813016	 94.793276	 94.773988	 94.755144	  94.73674	 94.718769	 94.701224	 94.684101	 94.667393	 94.651093	 94.635196	 94.619695	 94.604584	 94.589856	 94.575506	 94.561527	 94.547912	 94.534655	  94.52175	 94.509191	  94.49697	 94.485082	 94.473521	  94.46228	 94.451352	 94.440731	 94.430412	 94.420388	 94.410653	 94.401201	 94.392025	 94.383119	 94.374478	 94.366096	 94.357967	 94.350085	 94.342443	 94.335037	 94.327861	 94.320909	 94.314176	 94.307656	 94.301344	 94.295235	 94.289322	 94.283602	 94.278069	 94.272718	 94.267544	 94.262542	 94.257707	 94.253035	 94.248522	 94.244161	  94.23995	 94.235883	 94.231956	 94.228165	 94.224506	 94.220974	 94.217567	 94.214278	 94.211106	 94.208045	 94.205093	 94.202245	 94.199498	 94.196849	 94.194293	 94.191828	  94.18945	 94.187156	 94.184943	 94.182808	 94.180747	 94.178757	 94.176836	 94.174981	 94.173189	 94.171456	 94.169781	 94.168161	 94.166592	 94.165073	   94.1636	 94.162172	 94.160785	 94.159438	 94.158128	 94.156853	  94.15561	 94.154396	 94.153211	 94.152051	 94.150914	 94.149799	 94.148702	 94.147622	 94.146557	 94.145504	 94.144462	 94.143428	   94.1424	 94.141377	
        99	 98.928218	 98.856452	 98.784721	 98.713042	  98.64143	 98.569904	  98.49848	 98.427175	 98.356006	 98.284989	 98.214141	 98.143478	 98.073018	 98.002775	 97.932766	 97.863007	 97.793513	   97.7243	 97.655383	 97.586778	 97.518498	  97.45056	 97.382976	 97.315762	 97.248931	 97.182497	 97.116473	 97.050873	 96.985708	 96.920993	 96.856738	 96.792956	 96.729658	 96.666856	 96.604561	 96.542783	 96.481532	 96.420819	 96.360654	 96.301044	    96.242	  96.18353	 96.125642	 96.068344	 96.011644	 95.955548	 95.900063	 95.845196	 95.790953	  95.73734	 95.684362	 95.632023	 95.580328	 95.529283	 95.478889	 95.429152	 95.380074	 95.331658	 95.283906	  95.23682	 95.190403	 95.144656	 95.099579	 95.055174	  95.01144	 94.968379	 94.925989	 94.884271	 94.843223	 94.802844	 94.763133	 94.724088	 94.685707	 94.647987	 94.610927	 94.574523	 94.538772	 94.503671	 94.469216	 94.435403	 94.402229	 94.369688	 94.337777	 94.306491	 94.275825	 94.245773	 94.216331	 94.187492	 94.159252	 94.131604	 94.104542	 94.078061	 94.052154	 94.026814	 94.002035	 93.977811	 93.954134	 93.930998	 93.908396	  93.88632	 93.864764	  93.84372	 93.823181	  93.80314	 93.783589	  93.76452	 93.745927	 93.727802	 93.710136	 93.692924	 93.676156	 93.659825	 93.643924	 93.628445	  93.61338	 93.598722	 93.584463	 93.570595	 93.557111	 93.544003	 93.531265	 93.518887	 93.506863	 93.495186	 93.483848	 93.472842	  93.46216	 93.451796	 93.441742	 93.431991	 93.422536	  93.41337	 93.404487	  93.39588	 93.387541	 93.379465	 93.371644	 93.364073	 93.356745	 93.349653	 93.342792	 93.336155	 93.329736	  93.32353	  93.31753	 93.311731	 93.306128	 93.300713	 93.295483	 93.290431	 93.285553	 93.280843	 93.276296	 93.271907	 93.267671	 93.263584	 93.259639	 93.255834	 93.252163	 93.248622	 93.245206	 93.241911	 93.238733	 93.235668	 93.232711	 93.229859	 93.227107	 93.224453	 93.221891	 93.219419	 93.217033	 93.214729	 93.212503	 93.210353	 93.208275	 93.206266	 93.204322	 93.202441	 93.200618	 93.198852	 93.197139	 93.195476	  93.19386	 93.192289	 93.190759	 93.189268	 93.187813	 93.186391	 93.184999	 93.183636	 93.182298	 93.180982	 93.179687	 93.178409	 93.177147	 93.175897	 93.174656	 93.173424	 93.172196	
        99	 98.916297	 98.832614	 98.748971	 98.665388	 98.581884	  98.49848	 98.415195	 98.332048	  98.24906	  98.16625	 98.083637	  98.00124	 97.919078	  97.83717	 97.755535	 97.674191	 97.593157	  97.51245	 97.432089	  97.35209	 97.272472	 97.193251	 97.114445	 97.036069	 96.958139	 96.880673	 96.803685	  96.72719	 96.651204	 96.575741	 96.500816	 96.426442	 96.352633	 96.279402	 96.206761	 96.134724	 96.063302	 95.992507	 95.922349	 95.852841	 95.783992	 95.715812	 95.648311	 95.581497	 95.515381	 95.449969	 95.385271	 95.321293	 95.258042	 95.195525	 95.133749	 95.072718	 95.012439	 94.952917	 94.894155	 94.836158	 94.778929	 94.722473	 94.666791	 94.611886	 94.557761	 94.504416	 94.451854	 94.400075	 94.349079	 94.298866	 94.249437	 94.200791	 94.152926	 94.105841	 94.059536	 94.014007	 93.969252	 93.925268	 93.882054	 93.839604	 93.797916	 93.756986	 93.716809	 93.677382	 93.638698	 93.600754	 93.563544	 93.527062	 93.491303	 93.456261	 93.421929	 93.388301	 93.355371	 93.323132	 93.291576	 93.260697	 93.230488	  93.20094	 93.172046	 93.143799	  93.11619	 93.089212	 93.062856	 93.037114	 93.011979	  92.98744	  92.96349	 92.940121	 92.917323	 92.895088	 92.873407	 92.852272	 92.831673	 92.811602	 92.792049	 92.773007	 92.754465	 92.736415	 92.718849	 92.701756	 92.685129	 92.668959	 92.653235	 92.637951	 92.623097	 92.608664	 92.594644	 92.581027	 92.567806	 92.554972	 92.542516	 92.530431	 92.518707	 92.507337	 92.496312	 92.485624	 92.475266	 92.465229	 92.455506	 92.446088	 92.436969	  92.42814	 92.419595	 92.411326	 92.403325	 92.395586	 92.388102	 92.380865	 92.373869	 92.367107	 92.360572	 92.354259	  92.34816	  92.34227	 92.336581	 92.331089	 92.325787	 92.320669	  92.31573	 92.310963	 92.306364	 92.301927	 92.297646	 92.293517	 92.289534	 92.285692	 92.281986	 92.278412	 92.274964	 92.271638	  92.26843	 92.265334	 92.262347	 92.259465	 92.256682	 92.253995	   92.2514	 92.248893	  92.24647	 92.244127	 92.241861	 92.239667	 92.237542	 92.235482	 92.233484	 92.231545	 92.229661	 92.227829	 92.226045	 92.224306	 92.222609	 92.220951	 92.219329	 92.217739	 92.216179	 92.214645	 92.213135	 92.211645	 92.210172	 92.208714	 92.207268	 92.205831	 92.204399	
        99	 98.904396	 98.808816	  98.71328	 98.617813	 98.522437	 98.427175	 98.332048	  98.23708	 98.142293	 98.047709	  97.95335	 97.859238	 97.765395	 97.671842	   97.5786	 97.485691	 97.393135	 97.300954	 97.209167	 97.117794	 97.026856	 96.936372	  96.84636	 96.756841	 96.667832	 96.579351	 96.491417	 96.404047	 96.317257	 96.231065	 96.145487	 96.060539	 95.976236	 95.892593	 95.809624	 95.727345	 95.645768	 95.564908	 95.484776	 95.405385	 95.326747	 95.248873	 95.171775	 95.095462	 95.019945	 94.945234	 94.871336	 94.798262	 94.726018	 94.654613	 94.584053	 94.514346	 94.445496	 94.377511	 94.310394	 94.244152	 94.178787	 94.114303	 94.050705	 93.987994	 93.926173	 93.865244	 93.805208	 93.746067	  93.68782	 93.630469	 93.574012	 93.518449	 93.463779	     93.41	 93.357111	 93.305109	 93.253991	 93.203754	 93.154395	  93.10591	 93.058295	 93.011545	 92.965656	 92.920623	  92.87644	 92.833101	   92.7906	 92.748931	 92.708088	 92.668063	  92.62885	 92.590442	  92.55283	 92.516007	 92.479965	 92.444695	 92.410191	 92.376442	  92.34344	 92.311177	 92.279643	 92.248829	 92.218726	 92.189324	 92.160614	 92.132587	 92.105232	  92.07854	 92.052501	 92.027105	 92.002342	 91.978201	 91.954674	 91.931749	 91.909416	 91.887666	 91.866488	 91.845872	 91.825808	 91.806285	 91.787294	 91.768825	 91.750866	 91.733409	 91.716442	 91.699957	 91.683944	 91.668391	 91.653291	 91.638632	 91.624405	 91.610601	 91.597211	 91.584224	 91.571631	 91.559424	 91.547593	 91.536129	 91.525023	 91.514267	 91.503851	 91.493767	 91.484007	 91.474562	 91.465424	 91.456585	 91.448036	  91.43977	  91.43178	 91.424056	 91.416593	 91.409382	 91.402416	 91.395688	 91.389191	 91.382918	 91.376862	 91.371016	 91.365374	  91.35993	 91.354677	 91.349609	  91.34472	 91.340003	 91.335454	 91.331066	 91.326833	  91.32275	 91.318812	 91.315014	 91.311349	 91.307814	 91.304402	  91.30111	 91.297931	 91.294863	 91.291899	 91.289035	 91.286268	 91.283592	 91.281003	 91.278497	  91.27607	 91.273717	 91.271436	 91.269221	 91.267069	 91.264976	 91.262938	 91.260952	 91.259014	 91.257121	 91.255267	 91.253452	 91.251669	 91.249918	 91.248192	 91.246491	 91.244809	 91.243144	 91.241492	  91.23985	 91.238215	
        99	 98.892518	 98.785062	 98.677658	  98.57033	 98.463104	 98.356006	  98.24906	 98.142293	  98.03573	 97.929394	 97.823312	 97.717507	 97.612004	 97.506828	 97.402001	 97.297549	 97.193494	  97.08986	 96.986669	 96.883944	 96.781708	 96.679981	 96.578787	 96.478145	 96.378077	 96.278604	 96.179744	 96.081519	 95.983946	 95.887046	 95.790835	 95.695333	 95.600555	  95.50652	 95.413244	 95.320742	  95.22903	 95.138123	 95.048035	  94.95878	 94.870372	 94.782823	 94.696146	 94.610352	 94.525453	 94.441459	  94.35838	 94.276227	 94.195008	 94.114731	 94.035405	 93.957036	 93.879633	 93.803201	 93.727746	 93.653273	 93.579787	 93.507292	 93.435791	 93.365289	 93.295788	 93.227289	 93.159794	 93.093305	 93.027822	 92.963344	 92.899873	 92.837407	 92.775945	 92.715484	 92.656024	 92.597561	 92.540092	 92.483613	 92.428122	 92.373613	 92.320082	 92.267524	 92.215934	 92.165305	 92.115633	 92.066909	 92.019128	 91.972282	 91.926364	 91.881367	 91.837282	 91.794102	 91.751817	 91.710419	 91.669899	 91.630247	 91.591456	 91.553514	 91.516412	  91.48014	 91.444688	 91.410046	 91.376203	 91.343148	 91.310871	 91.279362	 91.248608	   91.2186	 91.189326	 91.160774	 91.132934	 91.105795	 91.079344	 91.053571	 91.028464	 91.004011	 90.980202	 90.957025	 90.934468	  90.91252	 90.891169	 90.870404	 90.850215	 90.830588	 90.811514	 90.792981	 90.774978	 90.757493	 90.740516	 90.724036	 90.708042	 90.692523	 90.677469	 90.662868	 90.648712	 90.634988	 90.621687	 90.608798	 90.596313	  90.58422	  90.57251	 90.561173	 90.550201	 90.539582	 90.529309	 90.519371	  90.50976	 90.500468	 90.491484	 90.482801	  90.47441	 90.466304	 90.458472	 90.450908	 90.443604	 90.436551	 90.429743	 90.423171	 90.416829	 90.410708	 90.404803	 90.399105	 90.393608	 90.388306	 90.383191	 90.378257	 90.373499	 90.368909	 90.364482	 90.360211	 90.356091	 90.352116	 90.348281	 90.344579	 90.341006	 90.337556	 90.334224	 90.331005	 90.327894	 90.324885	 90.321974	 90.319157	 90.316428	 90.313784	 90.311219	 90.308729	 90.306309	 90.303956	 90.301666	 90.299433	 90.297254	 90.295125	 90.293042	    90.291	 90.288997	 90.287027	 90.285088	 90.283175	 90.281284	 90.279412	 90.277555	 90.275709	 90.273871	
        99	 98.880666	  98.76136	 98.642111	 98.522947	 98.403897	 98.284989	  98.16625	 98.047709	 97.929394	 97.811333	 97.693552	 97.576079	 97.458942	 97.342167	 97.225781	  97.10981	 96.994281	 96.879218	 96.764648	 96.650595	 96.537084	  96.42414	 96.311786	 96.200046	 96.088943	   95.9785	 95.868739	 95.759682	 95.651349	 95.543763	 95.436943	 95.330909	  95.22568	 95.121275	 95.017712	  94.91501	 94.813184	 94.712252	  94.61223	 94.513132	 94.414975	 94.317772	 94.221536	 94.126281	  94.03202	 93.938763	 93.846523	  93.75531	 93.665134	 93.576005	 93.487931	 93.400921	 93.314982	 93.230121	 93.146345	 93.063659	 92.982069	  92.90158	 92.822195	 92.743918	 92.666752	   92.5907	 92.515762	 92.441941	 92.369236	 92.297649	 92.227178	 92.157824	 92.089584	 92.022456	 91.956438	 91.891528	 91.827721	 91.765015	 91.703404	 91.642884	  91.58345	 91.525097	 91.467817	 91.411606	 91.356455	 91.302358	 91.249308	 91.197297	 91.146315	 91.096356	  91.04741	 90.999467	 90.952519	 90.906556	 90.861567	 90.817544	 90.774474	 90.732348	 90.691155	 90.650883	 90.611522	 90.573059	 90.535484	 90.498784	 90.462948	 90.427964	 90.393819	 90.360502	 90.327999	 90.296299	 90.265389	 90.235257	 90.205889	 90.177274	 90.149398	 90.122249	 90.095814	 90.070081	 90.045037	 90.020668	 89.996963	 89.973909	 89.951493	 89.929702	 89.908524	 89.887947	 89.867959	 89.848546	 89.829697	   89.8114	 89.793642	 89.776412	 89.759697	 89.743487	 89.727768	 89.712531	 89.697763	 89.683454	 89.669591	 89.656165	 89.643164	 89.630577	 89.618394	 89.606605	 89.595198	 89.584165	 89.573494	 89.563177	 89.553203	 89.543562	 89.534246	 89.525245	  89.51655	 89.508152	 89.500043	 89.492212	 89.484653	 89.477357	 89.470315	 89.463519	 89.456962	 89.450636	 89.444533	 89.438646	 89.432967	  89.42749	 89.422206	  89.41711	 89.412195	 89.407453	 89.402879	 89.398466	 89.394208	 89.390098	 89.386131	   89.3823	 89.378601	 89.375027	 89.371572	 89.368232	    89.365	 89.361872	 89.358843	 89.355906	 89.353058	 89.350294	 89.347608	 89.344995	 89.342452	 89.339973	 89.337554	  89.33519	 89.332877	  89.33061	 89.328386	 89.326199	 89.324046	 89.321922	 89.319823	 89.317744	 89.315682	 89.313633	 89.311592	
        99	 98.868841	 98.737714	 98.606649	 98.475678	 98.344832	 98.214141	 98.083637	  97.95335	 97.823312	 97.693552	 97.564101	 97.434988	 97.306244	 97.177899	  97.04998	 96.922518	 96.795541	 96.669078	 96.543155	 96.417801	 96.293043	 96.168907	 96.045421	 95.922609	 95.800497	 95.679111	 95.558474	  95.43861	 95.319544	 95.201297	 95.083893	 94.967352	 94.851696	 94.736946	 94.623122	 94.510243	 94.398328	 94.287395	 94.177462	 94.068545	 93.960662	 93.853827	 93.748055	 93.643362	 93.539761	 93.437264	 93.335884	 93.235633	 93.136522	 93.038561	  92.94176	 92.846128	 92.751674	 92.658405	 92.566327	 92.475449	 92.385775	  92.29731	 92.210059	 92.124026	 92.039214	 91.955625	 91.873262	 91.792126	 91.712218	 91.633537	 91.556084	 91.479857	 91.404856	 91.331076	 91.258517	 91.187175	 91.117047	 91.048127	 90.980411	 90.913895	 90.848572	 90.784436	 90.721481	 90.659699	 90.599084	 90.539627	  90.48132	 90.424155	 90.368122	 90.313213	 90.259416	 90.206723	 90.155123	 90.104606	  90.05516	 90.006774	 89.959437	 89.913137	 89.867862	   89.8236	 89.780338	 89.738064	 89.696766	  89.65643	 89.617043	 89.578592	 89.541064	 89.504445	 89.468722	 89.433881	 89.399908	  89.36679	 89.334513	 89.303062	 89.272424	 89.242585	 89.213531	 89.185248	 89.157722	 89.130939	 89.104885	 89.079546	 89.054909	 89.030959	 89.007683	 88.985067	 88.963098	 88.941762	 88.921045	 88.900935	 88.881417	  88.86248	 88.844109	 88.826292	 88.809017	  88.79227	 88.776039	 88.760311	 88.745075	 88.730318	 88.716029	 88.702195	 88.688805	 88.675847	 88.663311	 88.651184	 88.639456	 88.628116	 88.617154	 88.606558	 88.596319	 88.586426	  88.57687	  88.56764	 88.558726	  88.55012	 88.541812	 88.533793	 88.526053	 88.518584	 88.511377	 88.504424	 88.497717	 88.491246	 88.485005	 88.478985	 88.473178	 88.467577	 88.462174	 88.456963	 88.451936	 88.447085	 88.442405	 88.437888	 88.433528	 88.429318	 88.425252	 88.421323	 88.417526	 88.413855	 88.410303	 88.406865	 88.403536	 88.400308	 88.397178	  88.39414	 88.391187	 88.388316	 88.385521	 88.382796	 88.380137	 88.377539	 88.374997	 88.372506	 88.370061	 88.367658	 88.365291	 88.362956	 88.360649	 88.358365	 88.356099	 88.353846	 88.351603	
        99	 98.857048	  98.71413	  98.57128	 98.428532	  98.28592	 98.143478	  98.00124	 97.859238	 97.717507	 97.576079	 97.434988	 97.294266	 97.153946	  97.01406	  96.87464	 96.735717	 96.597322	 96.459487	 96.322242	 96.185616	  96.04964	 95.914343	 95.779752	 95.645898	 95.512806	 95.380505	 95.249021	 95.118379	 94.988607	 94.859728	 94.731766	 94.604746	 94.478691	 94.353623	 94.229564	 94.106535	 93.984557	 93.863649	 93.743831	 93.625121	 93.507537	 93.391096	 93.275814	 93.161707	  93.04879	 92.937077	 92.826581	 92.717316	 92.609293	 92.502524	 92.397019	 92.292788	 92.189841	 92.088185	 91.987828	 91.888778	  91.79104	 91.694621	 91.599525	 91.505756	 91.413318	 91.322213	 91.232444	 91.144013	 91.056919	 90.971164	 90.886746	 90.803665	  90.72192	 90.641507	 90.562423	 90.484666	 90.408232	 90.333115	  90.25931	 90.186813	 90.115616	 90.045713	 89.977097	 89.909761	 89.843695	 89.778892	 89.715343	 89.653037	 89.591966	 89.532119	 89.473485	 89.416055	 89.359815	 89.304755	 89.250863	 89.198126	 89.146533	 89.096069	 89.046723	 88.998481	  88.95133	 88.905255	 88.860243	  88.81628	 88.773352	 88.731443	 88.690541	 88.650629	 88.611694	  88.57372	 88.536693	 88.500597	 88.465417	 88.431138	 88.397745	 88.365223	 88.333557	 88.302731	  88.27273	 88.243538	 88.215142	 88.187524	 88.160672	 88.134569	   88.1092	  88.08455	 88.060606	 88.037351	 88.014771	 87.992853	  87.97158	  87.95094	 87.930917	 87.911499	  87.89267	 87.874417	 87.856726	 87.839585	 87.822979	 87.806895	 87.791321	 87.776243	 87.761649	 87.747526	 87.733862	 87.720645	 87.707863	 87.695503	 87.683555	 87.672007	 87.660847	 87.650065	 87.639649	 87.629589	 87.619874	 87.610494	 87.601439	 87.592698	 87.584262	 87.576122	 87.568267	 87.560689	 87.553378	 87.546326	 87.539523	 87.532962	 87.526633	 87.520528	  87.51464	  87.50896	 87.503481	 87.498194	 87.493093	  87.48817	 87.483418	 87.478829	 87.474397	 87.470116	 87.465977	 87.461976	 87.458105	 87.454358	 87.450729	 87.447211	   87.4438	 87.440488	  87.43727	 87.434141	 87.431094	 87.428124	 87.425226	 87.422395	 87.419624	 87.416909	 87.414244	 87.411625	 87.409045	 87.406501	 87.403986	 87.401496	 87.399026	 87.396571	 87.394126	
        99	 98.845288	 98.690613	 98.536012	 98.381521	 98.227178	 98.073018	 97.919078	 97.765395	 97.612004	 97.458942	 97.306244	 97.153946	 97.002083	 96.850689	 96.699799	 96.549448	 96.399669	 96.250495	 96.101959	 95.954094	 95.806932	 95.660505	 95.514843	 95.369976	 95.225936	 95.082751	 94.940451	 94.799063	 94.658614	 94.519133	 94.380645	 94.243176	 94.106751	 93.971395	  93.83713	  93.70398	 93.571968	 93.441114	 93.311439	 93.182963	 93.055706	 92.929686	 92.804921	 92.681427	 92.559221	 92.438318	 92.318732	 92.200479	 92.083569	 91.968017	 91.853833	 91.741027	 91.629611	 91.519592	  91.41098	 91.303782	 91.198004	 91.093653	 90.990734	 90.889251	 90.789209	 90.690609	 90.593456	 90.497749	 90.403491	 90.310681	 90.219319	 90.129404	 90.040933	 89.953905	 89.868316	 89.784163	  89.70144	 89.620144	 89.540268	 89.461807	 89.384753	   89.3091	 89.234839	 89.161963	 89.090463	 89.020329	 88.951551	 88.884121	 88.818025	 88.753255	 88.689798	 88.627643	 88.566777	 88.507187	 88.448862	 88.391787	 88.335949	 88.281334	 88.227929	 88.175718	 88.124688	 88.074823	 88.026108	 87.978529	 87.932069	 87.886713	 87.842446	 87.799251	 87.757113	 87.716015	 87.675942	 87.636876	 87.598802	 87.561704	 87.525564	 87.490366	 87.456095	 87.422733	 87.390264	 87.358671	 87.327938	 87.298049	 87.268988	 87.240737	 87.213281	 87.186604	  87.16069	 87.135522	 87.111085	 87.087363	 87.064341	 87.042002	 87.020333	 86.999317	 86.978939	 86.959184	 86.940038	 86.921487	 86.903515	 86.886108	 86.869252	 86.852934	  86.83714	 86.821855	 86.807067	 86.792763	 86.778929	 86.765553	 86.752621	 86.740123	 86.728045	 86.716376	 86.705103	 86.694215	 86.683701	  86.67355	  86.66375	  86.65429	 86.645161	  86.63635	  86.62785	 86.619648	 86.611736	 86.604103	 86.596741	  86.58964	  86.58279	 86.576184	 86.569811	 86.563664	 86.557733	 86.552012	 86.546491	 86.541163	  86.53602	 86.531054	 86.526258	 86.521624	 86.517145	 86.512814	 86.508625	 86.504569	 86.500642	 86.496835	 86.493143	 86.489558	 86.486076	 86.482689	 86.479392	 86.476178	 86.473042	 86.469977	 86.466978	  86.46404	 86.461156	 86.458321	 86.455529	 86.452775	 86.450054	 86.447359	 86.444686	 86.442029	 86.439383	
        99	 98.833565	 98.667169	 98.500853	 98.334656	 98.168616	 98.002775	  97.83717	 97.671842	 97.506828	 97.342167	 97.177899	  97.01406	 96.850689	 96.687823	   96.5255	 96.363756	 96.202627	 96.042149	 95.882358	 95.723288	 95.564975	 95.407452	 95.250752	 95.094909	 94.939954	 94.785919	 94.632835	 94.480733	 94.329642	 94.179592	  94.03061	 93.882724	 93.735961	 93.590348	  93.44591	  93.30267	 93.160654	 93.019885	 92.880384	 92.742173	 92.605273	 92.469703	 92.335484	 92.202632	 92.071165	 91.941101	 91.812454	 91.685239	 91.559471	 91.435163	 91.312326	 91.190973	 91.071114	 90.952759	 90.835916	 90.720595	 90.606802	 90.494543	 90.383825	 90.274653	 90.167029	 90.060959	 89.956443	 89.853485	 89.752084	 89.652241	 89.553956	 89.457227	 89.362053	  89.26843	 89.176355	 89.085825	 88.996834	 88.909378	 88.823449	 88.739042	  88.65615	 88.574764	 88.494876	 88.416478	  88.33956	 88.264111	 88.190122	 88.117582	 88.046478	   87.9768	 87.908534	 87.841669	 87.776191	 87.712086	 87.649341	 87.587941	 87.527872	 87.469119	 87.411667	   87.3555	 87.300602	 87.246959	 87.194553	 87.143368	 87.093387	 87.044595	 86.996973	 86.950505	 86.905174	 86.860962	 86.817852	 86.775826	 86.734867	 86.694957	 86.656079	 86.618215	 86.581346	 86.545456	 86.510527	  86.47654	 86.443478	 86.411325	 86.380061	 86.349669	 86.320133	 86.291434	 86.263556	 86.236481	 86.210193	 86.184673	 86.159907	 86.135876	 86.112564	 86.089955	 86.068033	 86.046782	 86.026185	 86.006228	 85.986894	 85.968168	 85.950035	  85.93248	 85.915489	 85.899046	 85.883138	 85.867749	 85.852867	 85.838478	 85.824567	 85.811121	 85.798128	 85.785574	 85.773447	 85.761735	 85.750424	 85.739503	  85.72896	 85.718784	 85.708963	 85.699485	  85.69034	 85.681517	 85.673005	 85.664794	 85.656874	 85.649235	 85.641866	 85.634759	 85.627903	  85.62129	 85.614911	 85.608756	 85.602817	 85.597085	 85.591552	 85.586209	  85.58105	 85.576065	 85.571247	 85.566588	 85.562081	 85.557718	 85.553493	 85.549398	 85.545426	  85.54157	 85.537823	  85.53418	 85.530633	 85.527175	 85.523801	 85.520505	 85.517279	 85.514117	 85.511015	 85.507965	 85.504962	 85.501999	 85.499072	 85.496173	 85.493297	 85.490439	 85.487592	
        99	  98.82188	 98.643803	 98.465811	 98.287946	  98.11025	 97.932766	 97.755535	   97.5786	 97.402001	 97.225781	  97.04998	  96.87464	 96.699799	   96.5255	 96.351781	 96.178681	  96.00624	 95.834497	 95.663488	 95.493251	 95.323823	 95.155241	 94.987541	 94.820757	 94.654923	 94.490075	 94.326244	 94.163464	 94.001766	 93.841181	  93.68174	 93.523472	 93.366406	  93.21057	 93.055992	 92.902697	  92.75071	 92.600058	 92.450764	  92.30285	 92.156339	 92.011252	  91.86761	 91.725431	 91.584735	  91.44554	 91.307861	 91.171716	 91.037118	 90.904083	 90.772623	  90.64275	 90.514476	 90.387812	 90.262767	  90.13935	 90.017568	 89.897428	 89.778937	 89.662101	 89.546922	 89.433405	 89.321552	 89.211365	 89.102846	 88.995994	 88.890809	 88.787289	 88.685433	 88.585237	 88.486699	 88.389813	 88.294575	 88.200978	 88.109017	 88.018685	 87.929973	 87.842873	 87.757377	 87.673475	 87.591157	 87.510412	 87.431228	 87.353595	   87.2775	  87.20293	 87.129872	 87.058313	 86.988237	 86.919632	 86.852482	 86.786772	 86.722486	 86.659608	 86.598122	 86.538012	 86.479261	 86.421851	 86.365766	 86.310988	 86.257499	 86.205281	 86.154316	 86.104586	 86.056072	 86.008756	  85.96262	 85.917643	 85.873809	 85.831097	  85.78949	 85.748967	  85.70951	   85.6711	 85.633719	 85.597346	 85.561964	 85.527552	 85.494094	 85.461569	 85.429959	 85.399246	  85.36941	 85.340435	   85.3123	  85.28499	 85.258484	 85.232766	 85.207818	 85.183622	 85.160161	 85.137417	 85.115375	 85.094016	 85.073325	 85.053285	 85.033879	 85.015092	 84.996907	  84.97931	 84.962285	 84.945816	 84.929889	 84.914489	 84.899602	 84.885213	 84.871307	 84.857872	 84.844894	 84.832359	 84.820254	 84.808567	 84.797284	 84.786393	 84.775882	 84.765739	 84.755952	  84.74651	   84.7374	 84.728613	 84.720137	 84.711961	 84.704075	 84.696469	 84.689132	 84.682055	 84.675227	  84.66864	 84.662284	  84.65615	 84.650228	 84.644511	 84.638989	 84.633654	 84.628498	 84.623512	 84.618689	  84.61402	 84.609498	 84.605115	 84.600864	 84.596738	 84.592728	 84.588829	 84.585033	 84.581333	 84.577722	 84.574194	 84.570741	 84.567358	 84.564038	 84.560774	  84.55756	 84.554389	 84.551256	 84.548154	 84.545076	 84.542017	 84.538971	
        99	 98.810238	 98.620521	 98.430894	 98.241403	 98.052092	 97.863007	 97.674191	 97.485691	 97.297549	  97.10981	 96.922518	 96.735717	 96.549448	 96.363756	 96.178681	 95.994267	 95.810555	 95.627585	 95.445398	 95.264034	 95.083532	 94.903931	 94.725269	 94.547582	  94.37091	 94.195286	 94.020746	 93.847326	 93.675059	 93.503978	 93.334115	 93.165502	 92.998169	 92.832147	 92.667465	 92.504149	 92.342229	 92.181729	 92.022676	 91.865094	 91.709007	 91.554436	 91.401405	 91.249933	  91.10004	 90.951746	 90.805069	 90.660024	 90.516629	 90.374897	 90.234844	 90.096483	 89.959825	 89.824881	 89.691662	 89.560178	 89.430436	 89.302443	 89.176208	 89.051734	 88.929026	 88.808089	 88.688925	 88.571536	 88.455923	 88.342087	 88.230027	 88.119741	 88.011227	 87.904482	 87.799502	 87.696284	  87.59482	 87.495106	 87.397134	 87.300897	 87.206386	 87.113594	 87.022509	 86.933123	 86.845424	 86.759401	 86.675042	 86.592334	 86.511265	 86.431821	 86.353987	  86.27775	 86.203095	 86.130005	 86.058466	  85.98846	 85.919972	 85.852985	  85.78748	 85.723441	 85.660849	 85.599687	 85.539936	 85.481577	 85.424592	 85.368961	 85.314664	 85.261684	 85.209999	  85.15959	 85.110438	 85.062522	 85.015822	 84.970319	 84.925992	  84.88282	 84.840784	 84.799864	 84.760039	 84.721289	 84.683593	 84.646933	 84.611287	 84.576636	  84.54296	 84.510239	 84.478454	 84.447584	 84.417611	 84.388515	 84.360277	 84.332878	 84.306299	 84.280521	 84.255527	 84.231297	 84.207814	 84.185059	 84.163015	 84.141665	 84.120991	 84.100976	 84.081603	 84.062855	 84.044717	 84.027172	 84.010204	 83.993797	 83.977937	 83.962607	 83.947793	 83.933479	 83.919653	 83.906299	 83.893403	 83.880951	 83.868931	 83.857328	  83.84613	 83.835324	 83.824897	 83.814838	 83.805133	 83.795771	 83.786741	 83.778031	  83.76963	 83.761526	  83.75371	  83.74617	 83.738896	 83.731878	 83.725107	 83.718572	 83.712263	 83.706172	 83.700289	 83.694606	 83.689112	   83.6838	 83.678662	 83.673688	  83.66887	 83.664201	 83.659672	 83.655276	 83.651004	  83.64685	 83.642806	 83.638864	 83.635017	 83.631258	  83.62758	 83.623976	 83.620439	 83.616961	 83.613537	 83.610159	 83.606821	 83.603516	 83.600238	 83.596979	 83.593733	
        99	 98.798639	 98.597327	  98.39611	 98.195037	 97.994155	 97.793513	 97.593157	 97.393135	 97.193494	 96.994281	 96.795541	 96.597322	 96.399669	 96.202627	  96.00624	 95.810555	 95.615614	 95.421461	 95.228138	 95.035689	 94.844155	 94.653576	 94.463994	 94.275448	 94.087976	 93.901618	 93.716411	 93.532391	 93.349595	 93.168057	 92.987812	 92.808893	 92.631333	 92.455164	 92.280416	 92.107119	 91.935301	 91.764992	 91.596218	 91.429004	 91.263376	 91.099358	 90.936973	 90.776244	  90.61719	 90.459832	 90.304189	 90.150279	 89.998119	 89.847725	 89.699112	 89.552294	 89.407283	 89.264092	  89.12273	 88.983209	 88.845537	 88.709722	 88.575771	 88.443689	 88.313481	 88.185153	 88.058705	 87.934141	 87.811462	 87.690668	 87.571759	 87.454732	 87.339585	 87.226316	 87.114921	 87.005393	 86.897728	 86.791919	 86.687959	  86.58584	 86.485553	 86.387089	 86.290437	 86.195587	 86.102528	 86.011247	 85.921732	 85.833969	 85.747945	 85.663645	 85.581055	 85.500158	 85.420939	 85.343383	 85.267471	 85.193186	 85.120512	  85.04943	 84.979922	 84.911969	 84.845552	 84.780651	 84.717248	 84.655322	 84.594854	 84.535822	 84.478207	 84.421989	 84.367145	 84.313655	 84.261499	 84.210654	   84.1611	 84.112815	 84.065779	 84.019969	 83.975364	 83.931942	 83.889683	 83.848564	 83.808565	 83.769664	 83.731839	 83.695071	 83.659336	 83.624616	 83.590887	 83.558131	 83.526326	 83.495451	 83.465487	 83.436414	  83.40821	 83.380857	 83.354335	 83.328624	 83.303705	  83.27956	 83.256169	 83.233513	 83.211576	 83.190337	  83.16978	 83.149887	  83.13064	 83.112023	 83.094018	 83.076608	 83.059778	 83.043511	 83.027792	 83.012604	 82.997932	 82.983761	 82.970077	 82.956865	  82.94411	 82.931798	 82.919915	 82.908449	 82.897385	  82.88671	 82.876413	 82.866479	 82.856897	 82.847654	 82.838739	  82.83014	 82.821846	 82.813845	 82.806127	 82.798681	 82.791495	  82.78456	 82.777866	 82.771403	 82.765161	  82.75913	   82.7533	 82.747664	 82.742211	 82.736933	 82.731821	 82.726867	 82.722061	 82.717396	 82.712864	 82.708455	 82.704164	 82.699981	 82.695899	  82.69191	 82.688008	 82.684183	 82.680429	  82.67674	 82.673106	 82.669522	  82.66598	 82.662473	 82.658994	 82.655536	 82.652092	
