Time step 23:
        99	        99	        99	        99	        99	        99	        99	        99	        99	        99	        99	        99	        99	        99	        99	        99	        99	        99	        99	        99	        99	        99	        99	        99	        99	        99	        99	        99	        99	        99	        99	        99	        99	        99	        99	        99	        99	        99	        99	        99	        99	        99	        99	        99	        99	        99	        99	        99	        99	        99	        99	        99	        99	        99	        99	        99	        99	        99	        99	        99	        99	        99	        99	        99	        99	        99	        99	        99	        99	        99	        99	        99	        99	        99	        99	        99	        99	        99	        99	        99	        99	        99	        99	        99	        99	        99	        99	        99	        99	        99	        99	        99	        99	        99	        99	        99	        99	        99	        99	        99	        99	        99	        99	        99	        99	        99	        99	        99	        99	        99	        99	        99	        99	        99	        99	        99	        99	        99	        99	        99	        99	        99	        99	        99	        99	        99	        99	        99	        99	        99	        99	        99	        99	        99	        99	        99	        99	        99	        99	        99	        99	        99	        99	        99	        99	        99	        99	        99	        99	        99	        99	        99	        99	        99	        99	        99	        99	        99	        99	        99	        99	        99	        99	        99	        99	        99	        99	        99	        99	        99	        99	        99	        99	        99	        99	        99	        99	        99	        99	        99	        99	        99	        99	        99	        99	        99	        99	        99	        99	        99	        99	        99	        99	        99	        99	        99	        99	        99	        99	        99	
        99	 98.972395	 98.944806	 98.917246	 98.889732	 98.862279	   98.8349	 98.807612	 98.780429	 98.753364	 98.726433	 98.699649	 98.673027	 98.646579	  98.62032	 98.594262	 98.568417	 98.542798	 98.517418	 98.492287	 98.467416	 98.442818	 98.418501	 98.394476	 98.370753	  98.34734	 98.324247	  98.30148	 98.279049	  98.25696	  98.23522	 98.213835	  98.19281	 98.172152	 98.151865	 98.131953	  98.11242	 98.093269	 98.074503	 98.056125	 98.038136	 98.020538	 98.003331	 97.986517	 97.970094	 97.954064	 97.938425	 97.923176	 97.908315	 97.893841	 97.879751	 97.866043	 97.852713	 97.839758	 97.827174	 97.814958	 97.803106	 97.791612	 97.780472	 97.769682	 97.759235	 97.749127	 97.739351	 97.729903	 97.720776	 97.711964	  97.70346	  97.69526	 97.687355	  97.67974	 97.672408	 97.665352	 97.658567	 97.652044	 97.645777	  97.63976	 97.633985	 97.628446	 97.623137	  97.61805	 97.613178	 97.608517	 97.604057	 97.599794	 97.595721	 97.591832	 97.588119	 97.584578	 97.581202	 97.577985	 97.574922	 97.572006	 97.569232	 97.566595	 97.564089	 97.561709	  97.55945	 97.557306	 97.555274	 97.553349	 97.551525	 97.549798	 97.548165	  97.54662	 97.545161	 97.543782	 97.542481	 97.541253	 97.540095	 97.539003	 97.537976	 97.537008	 97.536097	 97.535241	 97.534436	  97.53368	  97.53297	 97.532304	  97.53168	 97.531094	 97.530546	 97.530032	 97.529552	 97.529103	 97.528682	  97.52829	 97.527924	 97.527582	 97.527263	 97.526965	 97.526688	  97.52643	  97.52619	 97.525967	 97.525759	 97.525567	 97.525387	 97.525221	 97.525067	 97.524924	 97.524792	 97.524669	 97.524555	  97.52445	 97.524353	 97.524263	 97.524181	 97.524104	 97.524034	 97.523968	 97.523908	 97.523853	 97.523802	 97.523756	 97.523713	 97.523673	 97.523637	 97.523603	 97.523573	 97.523545	 97.523519	 97.523496	 97.523474	 97.523454	 97.523436	  97.52342	 97.523405	 97.523391	 97.523378	 97.523367	 97.523356	 97.523347	 97.523338	  97.52333	 97.523323	 97.523317	 97.523311	 97.523305	   97.5233	 97.523296	 97.523292	 97.523288	 97.523285	 97.523282	 97.523279	 97.523277	 97.523274	 97.523272	  97.52327	 97.523269	 97.523267	 97.523265	 97.523264	 97.523263	 97.523262	 97.523261	 97.523259	 97.523258	 97.523257	 97.523256	
        99	 98.944806	 98.889642	 98.834538	 98.779525	 98.724633	 98.669892	  98.61533	 98.560978	 98.506864	 98.453016	 98.399464	 98.346233	 98.293353	 98.240848	 98.188746	 98.137071	 98.085848	   98.0351	 97.984852	 97.935125	 97.885941	 97.837321	 97.789285	 97.741851	 97.695039	 97.648864	 97.603344	 97.558494	 97.514328	 97.470859	 97.428101	 97.386064	 97.344759	 97.304195	 97.264382	 97.225327	 97.187036	 97.149515	 97.112768	   97.0768	 97.041613	 97.007209	  96.97359	 96.940754	 96.908703	 96.877433	 96.846943	  96.81723	  96.78829	 96.760117	 96.732708	 96.706055	 96.680152	 96.654992	 96.630567	 96.606868	 96.583887	 96.561614	 96.540038	 96.519151	  96.49894	 96.479394	 96.460503	 96.442253	 96.424634	 96.407632	 96.391235	 96.375431	 96.360205	 96.345545	 96.331438	 96.317869	 96.304827	 96.292297	 96.280266	  96.26872	 96.257645	 96.247029	 96.236858	 96.227118	 96.217797	 96.208881	 96.200357	 96.192214	 96.184436	 96.177014	 96.169934	 96.163183	 96.156751	 96.150626	 96.144796	  96.13925	 96.133976	 96.128966	 96.124207	  96.11969	 96.115405	 96.111342	 96.107491	 96.103844	 96.100392	 96.097126	 96.094038	  96.09112	 96.088363	 96.085761	 96.083306	 96.080991	 96.078809	 96.076754	 96.074819	 96.072998	 96.071286	 96.069677	 96.068165	 96.066746	 96.065414	 96.064166	 96.062995	 96.061898	 96.060872	 96.059911	 96.059012	 96.058172	 96.057388	 96.056655	 96.055971	 96.055334	 96.054739	 96.054185	 96.053669	 96.053189	 96.052743	 96.052328	 96.051942	 96.051584	 96.051252	 96.050944	 96.050658	 96.050393	 96.050148	 96.049921	 96.049711	 96.049516	 96.049337	 96.049171	 96.049018	 96.048877	 96.048747	 96.048627	 96.048517	 96.048415	 96.048322	 96.048236	 96.048156	 96.048084	 96.048017	 96.047956	   96.0479	 96.047849	 96.047802	 96.047758	 96.047719	 96.047683	  96.04765	  96.04762	 96.047592	 96.047567	 96.047544	 96.047523	 96.047504	 96.047487	 96.047471	 96.047457	 96.047444	 96.047432	 96.047421	 96.047411	 96.047402	 96.047394	 96.047387	  96.04738	 96.047374	 96.047369	 96.047364	 96.047359	 96.047355	 96.047351	 96.047348	 96.047344	 96.047341	 96.047339	 96.047336	 96.047334	 96.047332	 96.047329	 96.047327	 96.047325	 96.047324	
        99	 98.917246	 98.834538	 98.751921	 98.669439	 98.587139	 98.505064	 98.423259	 98.341768	 98.260634	 98.179899	 98.099607	 98.019799	 97.940514	 97.861793	 97.783675	 97.706198	 97.629398	 97.553312	 97.477974	 97.403418	 97.329676	 97.256779	 97.184758	  97.11364	 97.043453	 96.974223	 96.905974	 96.838729	  96.77251	 96.707337	 96.643229	 96.580202	 96.518273	 96.457456	 96.397764	 96.339207	 96.281797	 96.225541	 96.170446	 96.116519	 96.063762	  96.01218	 95.961774	 95.912544	 95.864488	 95.817605	 95.771892	 95.727342	 95.683951	 95.641712	 95.600617	 95.560656	 95.521819	 95.484097	 95.447476	 95.411944	 95.377488	 95.344093	 95.311745	 95.280427	 95.250125	  95.22082	 95.192496	 95.165134	 95.138717	 95.113226	 95.088642	 95.064946	 95.042118	 95.020138	 94.998987	 94.978644	 94.959089	 94.940303	 94.922264	 94.904953	 94.888349	 94.872432	 94.857182	 94.842579	 94.828604	 94.815236	 94.802456	 94.790246	 94.778586	 94.767457	 94.756841	  94.74672	 94.737077	 94.727893	 94.719152	 94.710836	  94.70293	 94.695418	 94.688283	  94.68151	 94.675085	 94.668994	 94.663221	 94.657753	 94.652577	 94.647681	 94.643051	 94.638675	 94.634542	  94.63064	 94.626959	 94.623488	 94.620217	 94.617135	 94.614234	 94.611504	 94.608938	 94.606525	 94.604259	 94.602131	 94.600134	 94.598262	 94.596507	 94.594863	 94.593323	 94.591883	 94.590536	 94.589276	   94.5881	 94.587001	 94.585976	  94.58502	 94.584129	 94.583298	 94.582525	 94.581805	 94.581136	 94.580514	 94.579935	 94.579398	   94.5789	 94.578438	 94.578009	 94.577612	 94.577244	 94.576904	 94.576589	 94.576298	 94.576029	 94.575781	 94.575551	  94.57534	 94.575145	 94.574965	 94.574799	 94.574647	 94.574507	 94.574378	 94.574259	  94.57415	  94.57405	 94.573959	 94.573875	 94.573798	 94.573727	 94.573662	 94.573603	 94.573549	   94.5735	 94.573455	 94.573413	 94.573376	 94.573341	  94.57331	 94.573282	 94.573256	 94.573232	  94.57321	 94.573191	 94.573173	 94.573157	 94.573142	 94.573129	 94.573117	 94.573105	 94.573095	 94.573086	 94.573078	 94.573071	 94.573064	 94.573057	 94.573052	 94.573046	 94.573042	 94.573037	 94.573033	 94.573029	 94.573026	 94.573022	 94.573019	 94.573016	 94.573013	  94.57301	
        99	 98.889732	 98.779525	 98.669439	 98.559534	  98.44987	 98.340507	 98.231504	 98.122918	 98.014809	 97.907232	 97.800244	 97.693901	 97.588256	 97.483362	 97.379271	 97.276034	   97.1737	 97.072317	 96.971931	 96.872586	 96.774326	 96.677193	 96.581225	 96.486462	  96.39294	 96.300692	 96.209751	 96.120149	 96.031914	 95.945072	 95.859649	 95.775667	 95.693148	 95.612111	 95.532572	 95.454546	 95.378048	 95.303088	 95.229675	 95.157818	 95.087521	 95.018789	 94.951624	 94.886025	 94.821992	 94.759522	 94.698609	 94.639248	 94.581431	 94.525148	 94.470389	 94.417142	 94.365393	 94.315128	 94.266331	 94.218986	 94.173074	 94.128576	 94.085473	 94.043743	 94.003365	 93.964317	 93.926576	 93.890117	 93.854917	  93.82095	 93.788193	 93.756618	   93.7262	 93.696912	 93.668728	 93.641622	 93.615566	 93.590533	 93.566497	  93.54343	 93.521305	 93.500096	 93.479776	 93.460318	 93.441696	 93.423884	 93.406856	 93.390586	 93.375049	  93.36022	 93.346075	 93.332589	 93.319739	 93.307502	 93.295854	 93.284774	 93.274239	 93.264229	 93.254722	 93.245698	 93.237136	 93.229019	 93.221327	 93.214041	 93.207145	  93.20062	 93.194451	  93.18862	 93.183113	 93.177914	 93.173009	 93.168384	 93.164025	 93.159919	 93.156053	 93.152416	 93.148996	 93.145781	 93.142761	 93.139926	 93.137266	 93.134771	 93.132432	 93.130241	  93.12819	 93.126271	 93.124476	 93.122798	  93.12123	 93.119766	   93.1184	 93.117126	 93.115938	 93.114832	 93.113801	 93.112842	 93.111951	 93.111121	 93.110351	 93.109635	 93.108971	 93.108356	 93.107784	 93.107255	 93.106765	 93.106312	 93.105892	 93.105504	 93.105146	 93.104815	 93.104509	 93.104227	 93.103967	 93.103728	 93.103507	 93.103304	 93.103117	 93.102945	 93.102788	 93.102643	 93.102509	 93.102387	 93.102275	 93.102172	 93.102078	 93.101992	 93.101914	 93.101841	 93.101776	 93.101715	  93.10166	  93.10161	 93.101565	 93.101523	 93.101485	  93.10145	 93.101419	  93.10139	 93.101364	  93.10134	 93.101319	 93.101299	 93.101281	 93.101265	  93.10125	 93.101237	 93.101225	 93.101214	 93.101204	 93.101195	 93.101186	 93.101179	 93.101172	 93.101165	 93.101159	 93.101154	 93.101149	 93.101144	  93.10114	 93.101135	 93.101131	 93.101127	 93.101123	
        99	 98.862279	 98.724633	 98.587139	  98.44987	 98.312903	 98.176312	 98.040169	 97.904549	 97.769523	 97.635163	 97.501538	 97.368718	  97.23677	 97.105761	 96.975755	 96.846814	 96.719002	 96.592377	 96.466997	 96.342918	 96.220195	 96.098878	 95.979017	 95.860661	 95.743853	 95.628638	 95.515056	 95.403146	 95.292942	 95.184479	 95.077788	 94.972897	 94.869833	 94.768619	 94.669277	 94.571826	 94.476282	 94.382659	 94.290968	  94.20122	 94.113422	 94.027577	 93.943689	 93.861759	 93.781783	 93.703759	 93.627681	 93.553541	 93.481328	 93.411033	  93.34264	 93.276136	 93.211503	 93.148724	 93.087778	 93.028645	 92.971302	 92.915725	  92.86189	 92.809771	  92.75934	 92.710571	 92.663432	 92.617897	 92.573933	  92.53151	 92.490596	  92.45116	 92.413168	 92.376589	 92.341388	 92.307533	  92.27499	 92.243725	 92.213704	 92.184894	 92.157261	 92.130772	 92.105392	  92.08109	 92.057832	 92.035585	 92.014317	 91.993996	  91.97459	  91.95607	 91.938403	 91.921559	  91.90551	 91.890226	 91.875679	  91.86184	 91.848682	  91.83618	 91.824305	 91.813035	 91.802342	 91.792204	 91.782596	 91.773497	 91.764883	 91.756734	 91.749029	 91.741746	 91.734868	 91.728375	 91.722249	 91.716472	 91.711028	 91.705899	 91.701071	 91.696529	 91.692257	 91.688241	  91.68447	 91.680929	 91.677606	  91.67449	 91.671569	 91.668833	 91.666271	 91.663874	 91.661632	 91.659536	 91.657578	  91.65575	 91.654043	 91.652452	 91.650969	 91.649587	   91.6483	 91.647102	 91.645988	 91.644953	  91.64399	 91.643097	 91.642267	 91.641498	 91.640785	 91.640124	 91.639512	 91.638946	 91.638422	 91.637937	 91.637489	 91.637076	 91.636694	 91.636342	 91.636017	 91.635718	 91.635443	 91.635189	 91.634956	 91.634741	 91.634544	 91.634363	 91.634196	 91.634044	 91.633904	 91.633776	 91.633658	 91.633551	 91.633452	 91.633362	  91.63328	 91.633205	 91.633136	 91.633074	 91.633016	 91.632964	 91.632917	 91.632874	 91.632834	 91.632798	 91.632766	 91.632736	 91.632709	 91.632685	 91.632662	 91.632642	 91.632624	 91.632607	 91.632592	 91.632578	 91.632566	 91.632554	 91.632544	 91.632534	 91.632526	 91.632518	  91.63251	 91.632503	 91.632497	 91.632491	 91.632486	  91.63248	 91.632475	  91.63247	 91.632465	
        99	   98.8349	 98.669892	 98.505064	 98.340507	 98.176312	 98.012566	 97.849359	 97.686778	  97.52491	  97.36384	 97.203651	 97.044427	 96.886248	 96.729195	 96.573344	 96.418771	  96.26555	 96.113753	 95.963448	 95.814703	 95.667582	 95.522148	  95.37846	 95.236574	 95.096546	 94.958427	 94.822266	 94.688108	 94.555996	 94.425971	  94.29807	 94.172328	 94.048775	  93.92744	  93.80835	 93.691525	 93.576987	 93.464752	 93.354835	 93.247245	 93.141993	 93.039083	 92.938518	   92.8403	 92.744426	 92.650891	 92.559689	  92.47081	 92.384242	 92.299972	 92.217983	 92.138258	 92.060777	 91.985517	 91.912456	 91.841567	 91.772825	   91.7062	 91.641663	 91.579182	 91.518726	 91.460261	 91.403752	 91.349164	  91.29646	 91.245604	 91.196557	 91.149281	 91.103737	 91.059885	 91.017687	 90.977102	 90.938089	 90.900608	  90.86462	 90.830082	 90.796956	 90.765201	 90.734776	 90.705643	 90.677761	 90.651091	 90.625595	 90.601235	 90.577972	 90.555769	  90.53459	 90.514398	 90.495158	 90.476836	 90.459397	 90.442807	 90.427034	 90.412045	 90.397811	 90.384299	 90.371481	 90.359327	  90.34781	 90.336901	 90.326575	 90.316806	 90.307569	 90.298839	 90.290594	  90.28281	 90.275466	 90.268541	 90.262014	 90.255866	 90.250078	 90.244632	 90.239511	 90.234698	 90.230176	 90.225931	 90.221948	 90.218212	 90.214711	 90.211431	  90.20836	 90.205486	 90.202798	 90.200285	 90.197938	 90.195747	 90.193701	 90.191794	 90.190015	 90.188359	 90.186816	  90.18538	 90.184045	 90.182803	  90.18165	 90.180578	 90.179584	 90.178662	 90.177807	 90.177015	 90.176281	 90.175602	 90.174974	 90.174393	 90.173856	 90.173361	 90.172903	 90.172481	 90.172092	 90.171733	 90.171403	 90.171099	 90.170819	 90.170562	 90.170325	 90.170108	 90.169909	 90.169726	 90.169558	 90.169404	 90.169263	 90.169135	 90.169017	 90.168909	  90.16881	  90.16872	 90.168638	 90.168563	 90.168494	 90.168432	 90.168375	 90.168323	 90.168276	 90.168233	 90.168194	 90.168158	 90.168126	 90.168096	  90.16807	 90.168046	 90.168024	 90.168004	 90.167985	 90.167969	 90.167954	  90.16794	 90.167928	 90.167916	 90.167906	 90.167896	 90.167887	 90.167879	 90.167872	 90.167864	 90.167858	 90.167851	 90.167845	 90.167839	 90.167834	
        99	 98.807612	  98.61533	 98.423259	 98.231504	 98.040169	 97.849359	 97.659177	 97.469724	 97.281102	 97.093409	 96.906743	 96.721202	 96.536879	 96.353867	 96.172257	 95.992135	  95.81359	 95.636702	 95.461555	 95.288224	 95.116787	 94.947315	 94.779877	 94.614541	 94.451368	  94.29042	 94.131753	 93.975421	 93.821474	 93.669958	 93.520917	 93.374391	 93.230417	 93.089028	 92.950253	  92.81412	 92.680651	 92.549865	  92.42178	 92.296407	 92.173758	 92.053839	 91.936653	 91.822201	  91.71048	 91.601486	 91.495209	  91.39164	 91.290764	 91.192565	 91.097025	 91.004123	 90.913835	 90.826136	 90.740999	 90.658393	 90.578289	 90.500652	 90.425448	  90.35264	 90.282192	 90.214063	 90.148214	 90.084604	 90.023189	 89.963927	 89.906773	 89.851683	 89.798611	 89.747512	 89.698339	 89.651046	 89.605585	 89.561909	 89.519972	 89.479727	 89.441125	 89.404121	 89.368668	 89.334719	 89.302228	 89.271151	 89.241441	 89.213054	 89.185946	 89.160073	 89.135394	 89.111865	 89.089445	 89.068094	 89.047772	  89.02844	  89.01006	 88.992594	 88.976007	 88.960262	 88.945325	 88.931163	 88.917742	 88.905031	 88.892998	 88.881614	  88.87085	 88.860677	 88.851069	 88.841999	 88.833441	 88.825371	 88.817765	 88.810601	 88.803857	 88.797511	 88.791543	 88.785934	 88.780665	 88.775719	 88.771077	 88.766724	 88.762644	 88.758822	 88.755243	 88.751894	 88.748762	 88.745834	 88.743099	 88.740545	 88.738162	 88.735939	 88.733867	 88.731936	 88.730138	 88.728465	 88.726909	 88.725462	 88.724118	  88.72287	 88.721711	 88.720637	  88.71964	 88.718717	 88.717862	 88.717071	 88.716339	 88.715662	 88.715037	 88.714459	 88.713926	 88.713434	  88.71298	 88.712563	 88.712178	 88.711823	 88.711497	 88.711198	 88.710922	 88.710669	 88.710437	 88.710224	 88.710028	 88.709849	 88.709685	 88.709535	 88.709397	 88.709271	 88.709156	 88.709051	 88.708956	 88.708868	 88.708788	 88.708715	 88.708649	 88.708589	 88.708534	 88.708484	 88.708438	 88.708397	 88.708359	 88.708325	 88.708294	 88.708266	  88.70824	 88.708217	 88.708195	 88.708176	 88.708159	 88.708143	 88.708128	 88.708115	 88.708103	 88.708091	 88.708081	 88.708072	 88.708063	 88.708054	 88.708047	 88.708039	 88.708032	 88.708025	 88.708019	
        99	 98.780429	 98.560978	 98.341768	 98.122918	 97.904549	 97.686778	 97.469724	 97.253502	 97.038228	 96.824015	 96.610975	 96.399217	  96.18885	 95.979979	 95.772708	 95.567136	 95.363363	 95.161482	 94.961587	 94.763765	 94.568105	 94.374687	 94.183591	 93.994893	 93.808665	 93.624976	  93.44389	 93.265468	 93.089769	 92.916844	 92.746744	 92.579515	 92.415198	 92.253831	 92.095448	  91.94008	 91.787752	 91.638487	 91.492304	 91.349217	 91.209238	 91.072374	  90.93863	 90.808007	 90.680501	 90.556106	 90.434813	 90.316609	  90.20148	 90.089406	 89.980366	 89.874337	 89.771292	 89.671202	 89.574035	 89.479758	 89.388335	 89.299728	 89.213898	 89.130803	 89.050401	 88.972646	 88.897493	 88.824894	 88.754802	 88.687166	 88.621937	 88.559063	 88.498492	 88.440173	 88.384052	 88.330076	 88.278192	 88.228345	 88.180483	  88.13455	 88.090495	 88.048262	 88.007799	 87.969054	 87.931972	 87.896504	 87.862596	 87.830198	 87.799259	 87.769731	 87.741564	 87.714711	 87.689124	 87.664756	 87.641563	 87.619499	 87.598522	 87.578588	 87.559657	 87.541688	  87.52464	 87.508477	 87.493159	 87.478652	 87.464919	 87.451927	 87.439642	 87.428032	 87.417066	 87.406714	 87.396947	 87.387737	 87.379056	  87.37088	 87.363183	  87.35594	 87.349129	 87.342728	 87.336715	 87.331069	 87.325771	 87.320803	 87.316147	 87.311784	   87.3077	 87.303878	 87.300303	 87.296962	  87.29384	 87.290925	 87.288205	 87.285668	 87.283303	   87.2811	 87.279048	 87.277139	 87.275363	 87.273712	 87.272177	 87.270753	 87.269431	 87.268204	 87.267067	 87.266013	 87.265038	 87.264134	 87.263299	 87.262527	 87.261813	 87.261154	 87.260545	 87.259984	 87.259466	 87.258989	  87.25855	 87.258145	 87.257773	 87.257431	 87.257117	 87.256828	 87.256563	  87.25632	 87.256097	 87.255892	 87.255705	 87.255533	 87.255376	 87.255233	 87.255102	 87.254982	 87.254872	 87.254773	 87.254681	 87.254598	 87.254523	 87.254454	 87.254391	 87.254334	 87.254282	 87.254235	 87.254192	 87.254153	 87.254117	 87.254085	 87.254056	 87.254029	 87.254005	 87.253983	 87.253963	 87.253945	 87.253928	 87.253913	 87.253899	 87.253886	 87.253875	 87.253864	 87.253854	 87.253844	 87.253835	 87.253827	 87.253819	 87.253811	 87.253803	
        99	 98.753364	 98.506864	 98.260634	 98.014809	 97.769523	  97.52491	 97.281102	 97.038228	 96.796419	 96.555802	 96.316502	 96.078643	 95.842347	  95.60773	  95.37491	    95.144	 94.915109	 94.688344	  94.46381	 94.241605	 94.021827	 93.804568	 93.589918	 93.377961	 93.168778	 92.962448	 92.759041	 92.558627	 92.361271	 92.167031	 91.975965	 91.788123	 91.603552	 91.422295	  91.24439	 91.069871	 90.898767	 90.731103	 90.566901	 90.406177	 90.248944	 90.095211	 89.944982	 89.798258	 89.655035	 89.515307	 89.379063	  89.24629	  89.11697	 88.991081	 88.868602	 88.749504	 88.633757	 88.521329	 88.412186	 88.306288	 88.203596	 88.104068	 88.007658	 87.914321	 87.824008	 87.736669	 87.652253	 87.570705	 87.491973	 87.416001	 87.342731	 87.272108	 87.204071	 87.138563	 87.075525	 87.014896	 86.956616	 86.900625	 86.846863	 86.795269	 86.745783	 86.698345	 86.652895	 86.609374	 86.567722	 86.527881	 86.489794	 86.453402	  86.41865	 86.385483	 86.353844	  86.32368	 86.294939	 86.267568	 86.241516	 86.216733	  86.19317	 86.170779	 86.149515	  86.12933	 86.110182	 86.092026	  86.07482	 86.058525	 86.043099	 86.028506	 86.014706	 86.001665	 85.989348	  85.97772	 85.966749	 85.956403	 85.946653	 85.937469	 85.928823	 85.920687	 85.913037	 85.905847	 85.899092	 85.892751	   85.8868	  85.88122	 85.875989	 85.871089	 85.866501	 85.862208	 85.858193	 85.854439	 85.850933	 85.847659	 85.844604	 85.841754	 85.839097	 85.836622	 85.834318	 85.832173	 85.830178	 85.828323	   85.8266	    85.825	 85.823515	 85.822137	  85.82086	 85.819676	  85.81858	 85.817566	 85.816627	  85.81576	 85.814958	 85.814217	 85.813534	 85.812903	 85.812322	 85.811786	 85.811293	 85.810838	 85.810421	 85.810036	 85.809683	 85.809359	 85.809061	 85.808788	 85.808537	 85.808307	 85.808097	 85.807904	 85.807728	 85.807567	  85.80742	 85.807285	 85.807162	  85.80705	 85.806948	 85.806854	 85.806769	 85.806692	 85.806621	 85.806557	 85.806499	 85.806446	 85.806397	 85.806354	 85.806314	 85.806278	 85.806245	 85.806215	 85.806188	 85.806163	  85.80614	  85.80612	 85.806101	 85.806084	 85.806069	 85.806054	 85.806041	 85.806029	 85.806018	 85.806007	 85.805997	 85.805987	 85.805978	  85.80597	 85.805961	
        99	 98.726433	 98.453016	 98.179899	 97.907232	 97.635163	  97.36384	 97.093409	 96.824015	 96.555802	 96.288911	 96.023481	  95.75965	 95.497551	 95.237316	 94.979073	 94.722949	 94.469065	 94.217539	 93.968486	 93.722018	 93.478242	  93.23726	 92.999171	  92.76407	 92.532046	 92.303185	 92.077568	  91.85527	 91.636363	 91.420914	 91.208985	 91.000632	 90.795907	 90.594858	 90.397526	 90.203951	 90.014163	 89.828192	  89.64606	 89.467786	 89.293384	 89.122864	 88.956231	 88.793485	 88.634624	 88.479638	 88.328518	 88.181246	 88.037805	 87.898171	 87.762317	 87.630214	 87.501829	 87.377125	 87.256063	 87.138602	 87.024697	 86.914301	 86.807364	 86.703835	 86.603661	 86.506785	  86.41315	 86.322699	  86.23537	 86.151101	 86.069831	 85.991496	  85.91603	  85.84337	 85.773448	 85.706198	 85.641555	  85.57945	 85.519818	  85.46259	   85.4077	 85.355082	 85.304669	 85.256396	 85.210196	 85.166004	 85.123758	 85.083393	 85.044847	 85.008057	 84.972964	 84.939506	 84.907627	 84.877267	  84.84837	 84.820881	 84.794745	  84.76991	 84.746323	 84.723935	 84.702695	 84.682557	 84.663472	 84.645398	 84.628288	   84.6121	 84.596794	 84.582329	 84.568667	 84.555769	   84.5436	 84.532125	  84.52131	 84.511123	 84.501533	 84.492509	 84.484023	 84.476048	 84.468556	 84.461522	 84.454922	 84.448732	  84.44293	 84.437495	 84.432406	 84.427644	  84.42319	 84.419027	 84.415138	 84.411506	 84.408117	 84.404957	  84.40201	 84.399265	 84.396708	 84.394329	 84.392117	 84.390059	 84.388148	 84.386373	 84.384726	 84.383198	 84.381781	 84.380468	 84.379252	 84.378127	 84.377086	 84.376124	 84.375235	 84.374413	 84.373655	 84.372956	 84.372311	 84.371717	 84.371169	 84.370665	 84.370202	 84.369776	 84.369384	 84.369024	 84.368694	 84.368391	 84.368113	 84.367858	 84.367625	 84.367411	 84.367215	 84.367037	 84.366873	 84.366724	 84.366588	 84.366463	  84.36635	 84.366246	 84.366152	 84.366066	 84.365988	 84.365917	 84.365852	 84.365793	 84.365739	 84.365691	 84.365647	 84.365606	  84.36557	 84.365537	 84.365507	 84.365479	 84.365454	 84.365432	 84.365411	 84.365392	 84.365375	 84.365359	 84.365344	 84.365331	 84.365318	 84.365306	 84.365295	 84.365285	 84.365275	 84.365265	 84.365255	
        99	 98.699649	 98.399464	 98.099607	 97.800244	 97.501538	 97.203651	 96.906743	 96.610975	 96.316502	 96.023481	 95.732065	 95.442403	 95.154643	 94.868929	 94.585404	 94.304203	 94.025462	 93.749311	 93.475875	 93.205277	 92.937633	 92.673058	 92.411659	  92.15354	   91.8988	 91.647532	 91.399825	 91.155764	 90.915425	 90.678882	 90.446204	 90.217452	 89.992683	  89.77195	 89.555299	 89.342772	 89.134403	 88.930224	 88.730261	 88.534533	 88.343056	 88.155842	 87.972894	 87.794215	 87.619799	  87.44964	 87.283724	 87.122034	 86.964549	 86.811244	  86.66209	 86.517053	 86.376098	 86.239185	 86.106271	  85.97731	 85.852253	 85.731048	 85.613642	 85.499977	 85.389995	 85.283634	 85.180832	 85.081525	 84.985646	 84.893127	 84.803901	 84.717896	 84.635042	 84.555267	 84.478499	 84.404666	 84.333694	 84.265509	 84.200038	 84.137207	 84.076944	 84.019174	 83.963825	 83.910825	 83.860102	 83.811584	 83.765202	 83.720885	 83.678565	 83.638173	 83.599644	 83.562911	  83.52791	 83.494578	 83.462852	 83.432671	 83.403977	  83.37671	 83.350814	 83.326234	 83.302915	 83.280804	 83.259852	 83.240007	 83.221222	  83.20345	 83.186646	 83.170764	 83.155764	 83.141604	 83.128243	 83.115645	 83.103771	 83.092587	 83.082058	  83.07215	 83.062834	 83.054077	 83.045852	 83.038129	 83.030883	 83.024087	 83.017717	  83.01175	 83.006163	 83.000935	 82.996045	 82.991474	 82.987204	 82.983217	 82.979496	 82.976026	 82.972791	 82.969777	  82.96697	 82.964358	 82.961929	  82.95967	 82.957572	 82.955623	 82.953814	 82.952137	 82.950581	  82.94914	 82.947805	  82.94657	 82.945427	  82.94437	 82.943394	 82.942492	  82.94166	 82.940892	 82.940184	 82.939532	 82.938931	 82.938378	 82.937869	 82.937401	  82.93697	 82.936575	 82.936213	  82.93588	 82.935575	 82.935295	 82.935039	 82.934804	  82.93459	 82.934393	 82.934214	  82.93405	   82.9339	 82.933764	 82.933639	 82.933526	 82.933422	 82.933328	 82.933242	 82.933164	 82.933093	 82.933028	 82.932969	 82.932916	 82.932867	 82.932823	 82.932783	 82.932747	 82.932714	 82.932684	 82.932656	 82.932631	 82.932609	 82.932588	 82.932569	 82.932551	 82.932535	  82.93252	 82.932507	 82.932494	 82.932482	  82.93247	 82.932459	 82.932448	 82.932438	
        99	 98.673027	 98.346233	 98.019799	 97.693901	 97.368718	 97.044427	 96.721202	 96.399217	 96.078643	  95.75965	 95.442403	 95.127066	 94.813799	 94.502761	 94.194104	 93.887979	 93.584531	 93.283902	  92.98623	 92.691646	 92.400279	 92.112253	 91.827684	 91.546686	 91.269366	 90.995827	 90.726164	 90.460469	 90.198828	 89.941318	 89.688016	 89.438988	 89.194296	 88.953998	 88.718144	 88.486778	  88.25994	 88.037663	 87.819975	 87.606899	  87.39845	 87.194641	 86.995478	 86.800961	 86.611086	 86.425844	 86.245221	   86.0692	 85.897756	 85.730862	 85.568487	 85.410594	 85.257145	 85.108097	 84.963402	  84.82301	 84.686868	  84.55492	 84.427107	 84.303367	 84.183636	 84.067848	 83.955934	 83.847825	 83.743447	 83.642728	 83.545592	 83.451964	 83.361766	  83.27492	 83.191348	  83.11097	 83.033707	 82.959478	 82.888204	 82.819805	   82.7542	 82.691309	 82.631055	 82.573357	 82.518138	 82.465319	 82.414826	 82.366581	 82.320509	 82.276537	 82.234593	 82.194604	 82.156501	 82.120214	 82.085676	  82.05282	 82.021582	 81.991899	 81.963707	 81.936948	 81.911562	 81.887492	 81.864683	 81.843079	 81.822629	 81.803282	 81.784988	 81.767699	 81.751369	 81.735953	 81.721409	 81.707693	 81.694767	 81.682592	 81.671129	 81.660344	 81.650201	 81.640669	 81.631714	 81.623307	 81.615418	  81.60802	 81.601086	  81.59459	 81.588507	 81.582816	 81.577492	 81.572517	 81.567868	 81.563528	 81.559477	 81.555699	 81.552177	 81.548896	 81.545841	 81.542997	 81.540353	 81.537894	 81.535609	 81.533488	 81.531519	 81.529692	 81.527999	  81.52643	 81.524977	 81.523632	 81.522388	 81.521238	 81.520175	 81.519193	 81.518287	 81.517451	  81.51668	  81.51597	 81.515316	 81.514714	  81.51416	  81.51365	 81.513182	 81.512752	 81.512357	 81.511995	 81.511662	 81.511358	 81.511079	 81.510824	  81.51059	 81.510376	 81.510181	 81.510003	  81.50984	 81.509691	 81.509555	 81.509432	 81.509319	 81.509216	 81.509123	 81.509038	  81.50896	  81.50889	 81.508826	 81.508768	 81.508715	 81.508667	 81.508623	 81.508584	 81.508548	 81.508515	 81.508485	 81.508458	 81.508433	 81.508411	  81.50839	 81.508371	 81.508354	 81.508337	 81.508322	 81.508308	 81.508295	 81.508282	  81.50827	 81.508259	 81.508247	
        99	 98.646579	 98.293353	 97.940514	 97.588256	  97.23677	 96.886248	 96.536879	  96.18885	 95.842347	 95.497551	 95.154643	 94.813799	 94.475194	 94.138997	 93.805375	 93.474488	 93.146496	  92.82155	   92.4998	 92.181388	 91.866454	  91.55513	 91.247544	 90.943817	 90.644066	 90.348401	 90.056926	 89.769741	 89.486936	 89.208598	 88.934807	 88.665636	 88.401152	 88.141417	 87.886485	 87.636405	 87.391219	 87.150963	 86.915668	 86.685356	 86.460047	 86.239753	  86.02448	 85.814229	 85.608996	  85.40877	 85.213538	 85.023279	 84.837967	 84.657574	 84.482065	 84.311401	 84.145541	 83.984436	 83.828037	 83.676289	 83.529136	 83.386515	 83.248364	 83.114615	 82.985199	 82.860046	  82.73908	 82.622225	 82.509405	 82.400539	 82.295547	 82.194345	 82.096852	 82.002981	 81.912649	  81.82577	 81.742257	 81.662025	 81.584985	 81.511053	 81.440141	 81.372164	 81.307036	 81.244671	 81.184985	 81.127895	 81.073317	 81.021169	 80.971371	 80.923843	 80.878506	 80.835283	 80.794097	 80.754875	 80.717544	  80.68203	 80.648266	 80.616181	  80.58571	 80.556786	 80.529347	  80.50333	 80.478675	 80.455324	  80.43322	 80.412308	 80.392534	 80.373846	 80.356196	 80.339533	 80.323812	 80.308987	 80.295016	 80.281855	 80.269466	 80.257808	 80.246845	 80.236542	 80.226863	 80.217776	 80.209249	 80.201252	 80.193757	 80.186735	 80.180161	 80.174009	 80.168255	 80.162877	 80.157852	 80.153161	 80.148783	 80.144699	 80.140892	 80.137346	 80.134043	  80.13097	 80.128111	 80.125453	 80.122984	 80.120691	 80.118563	 80.116589	 80.114758	 80.113063	 80.111492	 80.110038	 80.108694	  80.10745	 80.106301	  80.10524	 80.104261	 80.103357	 80.102524	 80.101756	 80.101049	 80.100398	   80.0998	 80.099249	 80.098743	 80.098278	 80.097851	  80.09746	   80.0971	 80.096771	  80.09647	 80.096194	 80.095941	  80.09571	 80.095499	 80.095306	  80.09513	 80.094969	 80.094823	 80.094689	 80.094567	 80.094456	 80.094355	 80.094263	  80.09418	 80.094104	 80.094035	 80.093972	 80.093915	 80.093863	 80.093816	 80.093773	 80.093734	 80.093698	 80.093666	 80.093637	  80.09361	 80.093586	 80.093563	 80.093543	 80.093524	 80.093506	  80.09349	 80.093475	 80.093461	 80.093447	 80.093434	 80.093421	 80.093409	
        99	  98.62032	 98.240848	 97.861793	 97.483362	 97.105761	 96.729195	 96.353867	 95.979979	  95.60773	 95.237316	 94.868929	 94.502761	 94.138997	 93.777821	  93.41941	 93.063938	 92.711575	 92.362486	 92.016829	  91.67476	 91.336426	  91.00197	  90.67153	 90.345236	 90.023213	  89.70558	 89.392448	 89.083924	 88.780107	 88.481088	 88.186954	 87.897783	 87.613648	 87.334615	 87.060742	  86.79208	 86.528677	  86.27057	 86.017791	 85.770368	 85.528318	 85.291655	 85.060387	 84.834515	 84.614032	  84.39893	 84.189192	 83.984796	 83.785716	 83.591919	  83.40337	 83.220026	 83.041841	 82.868767	 82.700747	 82.537724	 82.379637	 82.226419	 82.078003	 81.934317	 81.795286	 81.660833	 81.530879	 81.405343	  81.28414	 81.167185	 81.054391	 80.945671	 80.840933	 80.740088	 80.643044	  80.54971	 80.459992	 80.373798	 80.291035	 80.211609	 80.135429	 80.062401	 79.992433	 79.925435	 79.861314	 79.799982	 79.741349	 79.685327	 79.631829	 79.580769	 79.532063	 79.485629	 79.441383	 79.399247	 79.359141	 79.320989	 79.284716	 79.250247	 79.217512	 79.186439	 79.156961	 79.129011	 79.102525	 79.077439	 79.053692	 79.031226	 79.009983	 78.989907	 78.970945	 78.953044	 78.936155	 78.920229	 78.905219	 78.891081	 78.877771	 78.865247	  78.85347	   78.8424	 78.832002	  78.82224	  78.81308	 78.804489	 78.796437	 78.788893	 78.781831	 78.775222	  78.76904	 78.763262	 78.757865	 78.752824	 78.748121	 78.743734	 78.739644	 78.735834	 78.732287	 78.728985	 78.725913	 78.723058	 78.720406	 78.717942	 78.715656	 78.713535	 78.711569	 78.709747	  78.70806	 78.706498	 78.705053	 78.703717	 78.702483	 78.701343	 78.700291	  78.69932	 78.698425	 78.697601	 78.696841	 78.696142	 78.695498	 78.694907	 78.694363	 78.693864	 78.693405	 78.692984	 78.692599	 78.692245	 78.691921	 78.691625	 78.691353	 78.691105	 78.690879	 78.690671	 78.690482	 78.690309	 78.690152	 78.690008	 78.689877	 78.689758	  78.68965	 78.689551	 78.689461	 78.689379	 78.689305	 78.689237	 78.689176	  78.68912	  78.68907	 78.689024	 78.688982	 78.688944	 78.688909	 78.688878	 78.688849	 78.688823	 78.688799	 78.688777	 78.688756	 78.688738	  78.68872	 78.688704	 78.688688	 78.688674	  78.68866	 78.688646	 78.688633	
        99	 98.594262	 98.188746	 97.783675	 97.379271	 96.975755	 96.573344	 96.172257	 95.772708	  95.37491	 94.979073	 94.585404	 94.194104	 93.805375	  93.41941	   93.0364	 92.656531	 92.279985	 91.906937	 91.537557	  91.17201	 90.810455	 90.453045	 90.099926	 89.751238	 89.407114	  89.06768	 88.733058	 88.403359	  88.07869	 87.759149	 87.444828	  87.13581	 86.832175	  86.53399	  86.24132	  85.95422	 85.672739	 85.396917	  85.12679	 84.862385	 84.603723	 84.350817	 84.103677	 83.862302	 83.626688	 83.396822	 83.172689	 82.954265	 82.741522	 82.534424	 82.332934	 82.137007	 81.946593	  81.76164	 81.582089	 81.407877	  81.23894	 81.075207	 80.916604	 80.763056	 80.614483	 80.470803	  80.33193	 80.197777	 80.068256	 79.943274	 79.822739	 79.706557	 79.594631	 79.486865	 79.383161	  79.28342	 79.187545	 79.095435	 79.006992	 78.922115	 78.840706	 78.762666	 78.687897	   78.6163	 78.547779	 78.482237	  78.41958	 78.359713	 78.302543	 78.247979	  78.19593	 78.146309	 78.099026	 78.053998	  78.01114	  77.97037	 77.931607	 77.894773	  77.85979	 77.826585	 77.795084	 77.765216	 77.736911	 77.710104	 77.684727	 77.660719	 77.638018	 77.616564	 77.596301	 77.577172	 77.559123	 77.542104	 77.526064	 77.510956	 77.496732	 77.483349	 77.470763	 77.458934	 77.447822	  77.43739	 77.427601	 77.418421	 77.409816	 77.401755	 77.394207	 77.387144	 77.380539	 77.374365	 77.368596	  77.36321	 77.358184	 77.353496	 77.349126	 77.345054	 77.341263	 77.337734	 77.334452	 77.331401	 77.328566	 77.325934	 77.323491	 77.321224	 77.319123	 77.317176	 77.315373	 77.313704	  77.31216	 77.310733	 77.309414	 77.308196	 77.307071	 77.306034	 77.305078	 77.304196	 77.303384	 77.302637	  77.30195	 77.301317	 77.300736	 77.300203	 77.299713	 77.299263	 77.298851	 77.298473	 77.298127	  77.29781	  77.29752	 77.297255	 77.297013	 77.296791	 77.296589	 77.296405	 77.296236	 77.296083	 77.295943	 77.295815	 77.295699	 77.295594	 77.295498	 77.295411	 77.295331	 77.295259	 77.295194	 77.295134	  77.29508	 77.295031	 77.294986	 77.294945	 77.294908	 77.294875	 77.294844	 77.294816	  77.29479	 77.294767	 77.294745	 77.294725	 77.294706	 77.294689	 77.294672	 77.294657	 77.294642	 77.294627	 77.294613	
        99	 98.568417	 98.137071	 97.706198	 97.276034	 96.846814	 96.418771	 95.992135	 95.567136	    95.144	 94.722949	 94.304203	 93.887979	 93.474488	 93.063938	 92.656531	 92.252466	 91.851934	 91.455124	 91.062215	 90.673384	 90.288799	 89.908622	  89.53301	 89.162111	 88.796067	 88.435013	 88.079076	 87.728376	 87.383026	 87.043131	 86.708788	 86.380087	  86.05711	 85.739932	  85.42862	 85.123232	 84.823821	  84.53043	 84.243096	 83.961849	 83.686711	 83.417696	 83.154813	 82.898063	  82.64744	 82.402933	 82.164524	 81.932186	 81.705891	 81.485602	 81.271278	  81.06287	 80.860328	 80.663593	 80.472605	 80.287297	 80.107598	 79.933436	 79.764731	 79.601402	 79.443365	 79.290533	 79.142814	 79.000116	 78.862344	 78.729402	 78.601189	 78.477606	  78.35855	  78.24392	  78.13361	 78.027516	 77.925534	 77.827557	  77.73348	 77.643197	 77.556602	 77.473591	 77.394059	 77.317902	 77.245016	 77.175299	 77.108651	  77.04497	 76.984159	 76.926119	 76.870755	 76.817973	 76.767679	 76.719783	 76.674195	 76.630827	 76.589595	 76.550415	 76.513204	 76.477884	 76.444376	 76.412605	 76.382498	 76.353983	  76.32699	 76.301453	 76.277306	 76.254485	 76.232931	 76.212583	 76.193385	 76.175282	 76.158221	  76.14215	  76.12702	 76.112784	 76.099397	 76.086814	 76.074995	 76.063898	 76.053485	  76.04372	 76.034567	 76.025992	 76.017964	 76.010452	 76.003426	 75.996858	 75.990722	 75.984993	 75.979646	  75.97466	 75.970011	  75.96568	 75.961647	 75.957894	 75.954403	 75.951158	 75.948142	 75.945342	 75.942743	 75.940332	 75.938097	 75.936026	 75.934109	 75.932333	 75.930691	 75.929173	  75.92777	 75.926474	 75.925278	 75.924175	 75.923157	  75.92222	 75.921356	 75.920561	  75.91983	 75.919158	  75.91854	 75.917972	 75.917451	 75.916973	 75.916534	 75.916132	 75.915764	 75.915427	 75.915119	 75.914837	 75.914579	 75.914343	 75.914128	 75.913932	 75.913753	  75.91359	 75.913441	 75.913305	 75.913182	  75.91307	 75.912968	 75.912875	  75.91279	 75.912713	 75.912644	  75.91258	 75.912523	 75.912471	 75.912423	  75.91238	  75.91234	 75.912305	 75.912272	 75.912242	 75.912215	  75.91219	 75.912167	 75.912145	 75.912126	 75.912107	 75.912089	 75.912073	 75.912057	 75.912042	 75.912026	
        99	 98.542798	 98.085848	 97.629398	   97.1737	 96.719002	  96.26555	  95.81359	 95.363363	 94.915109	 94.469065	 94.025462	 93.584531	 93.146496	 92.711575	 92.279985	 91.851934	 91.427627	 91.007262	 90.591031	 90.179119	 89.771705	 89.368961	 88.971053	 88.578137	 88.190365	 87.807879	 87.430813	 87.059296	 86.693446	 86.333375	 85.979185	 85.630973	 85.288824	 84.952819	 84.623027	 84.299512	 83.982327	 83.671521	 83.367131	 83.069189	 82.777719	 82.492735	 82.214248	 81.942257	 81.676758	 81.417737	 81.165175	 80.919046	 80.679319	 80.445953	 80.218906	 79.998128	 79.783562	  79.57515	 79.372824	 79.176517	 78.986151	 78.801651	 78.622931	 78.449908	  78.28249	 78.120585	 77.964097	 77.812929	 77.666979	 77.526145	 77.390322	 77.259403	  77.13328	 77.011845	 76.894988	 76.782597	  76.67456	 76.570767	 76.471106	 76.375464	 76.283729	  76.19579	 76.111537	 76.030859	 75.953647	 75.879792	 75.809187	 75.741727	 75.677306	 75.615821	 75.557171	 75.501255	 75.447976	 75.397236	 75.348942	    75.303	 75.259321	 75.217814	 75.178395	 75.140978	 75.105481	 75.071825	  75.03993	 75.009722	 74.981127	 74.954074	 74.928494	 74.904319	 74.881485	 74.859929	 74.839592	 74.820414	  74.80234	 74.785315	 74.769287	 74.754206	 74.740024	 74.726695	 74.714174	 74.702418	 74.691387	 74.681043	 74.671346	 74.662263	 74.653758	 74.645799	 74.638356	 74.631399	 74.624899	 74.618829	 74.613166	 74.607883	 74.602958	  74.59837	 74.594098	 74.590122	 74.586424	 74.582986	 74.579791	 74.576825	 74.574072	 74.571518	  74.56915	 74.566956	 74.564925	 74.563044	 74.561304	 74.559696	  74.55821	 74.556837	  74.55557	 74.554401	 74.553323	  74.55233	 74.551415	 74.550573	 74.549799	 74.549086	 74.548431	  74.54783	 74.547278	 74.546772	 74.546307	 74.545881	 74.545491	 74.545134	 74.544808	 74.544509	 74.544236	 74.543986	 74.543758	  74.54355	 74.543361	 74.543188	  74.54303	 74.542886	 74.542756	 74.542637	 74.542529	  74.54243	 74.542341	 74.542259	 74.542186	 74.542118	 74.542057	 74.542002	 74.541952	 74.541906	 74.541864	 74.541826	 74.541792	  74.54176	 74.541731	 74.541705	  74.54168	 74.541658	 74.541637	 74.541617	 74.541598	 74.541581	 74.541564	 74.541548	 74.541532	
