Time step 5:
        99	        99	        99	        99	        99	        99	        99	        99	        99	        99	        99	        99	        99	        99	        99	        99	        99	        99	        99	        99	        99	        99	        99	        99	        99	        99	        99	        99	        99	        99	        99	        99	        99	        99	        99	        99	        99	        99	        99	        99	        99	        99	        99	        99	        99	        99	        99	        99	        99	        99	        99	        99	        99	        99	        99	        99	        99	        99	        99	        99	        99	        99	        99	        99	        99	        99	        99	        99	        99	        99	        99	        99	        99	        99	        99	        99	        99	        99	        99	        99	        99	        99	        99	        99	        99	        99	        99	        99	        99	        99	        99	        99	        99	        99	        99	        99	        99	        99	        99	        99	        99	        99	        99	        99	        99	        99	        99	        99	        99	        99	        99	        99	        99	        99	        99	        99	        99	        99	        99	        99	        99	        99	        99	        99	        99	        99	        99	        99	        99	        99	        99	        99	        99	        99	        99	        99	        99	        99	        99	        99	        99	        99	        99	        99	        99	        99	        99	        99	        99	        99	        99	        99	        99	        99	        99	        99	        99	        99	        99	        99	        99	        99	        99	        99	        99	        99	        99	        99	        99	        99	        99	        99	        99	        99	        99	        99	        99	        99	        99	        99	        99	        99	        99	        99	        99	        99	        99	        99	        99	        99	        99	        99	        99	        99	        99	        99	        99	        99	        99	        99	
        99	 98.873081	 98.746482	 98.620522	 98.495512	  98.37176	 98.249561	 98.129201	 98.010951	 97.895067	 97.781789	 97.671337	 97.563912	 97.459694	 97.358844	 97.261499	 97.167773	  97.07776	  96.99153	 96.909133	 96.830597	  96.75593	  96.68512	 96.618136	 96.554933	 96.495446	 96.439598	 96.387299	 96.338446	 96.292928	 96.250623	 96.211403	 96.175135	 96.141682	 96.110902	 96.082653	 96.056791	 96.033176	 96.011665	 95.992121	 95.974408	 95.958395	 95.943956	 95.930967	 95.919314	 95.908884	 95.899573	 95.891281	 95.883916	  95.87739	 95.871623	 95.866538	 95.862066	 95.858144	 95.854711	 95.851716	 95.849108	 95.846842	  95.84488	 95.843185	 95.841723	 95.840466	 95.839388	 95.838466	 95.837679	 95.837009	  95.83644	 95.835959	 95.835551	 95.835208	  95.83492	 95.834678	 95.834475	 95.834307	 95.834166	 95.834049	 95.833952	 95.833873	 95.833807	 95.833753	 95.833708	 95.833672	 95.833642	 95.833618	 95.833598	 95.833583	  95.83357	 95.833559	 95.833551	 95.833544	 95.833539	 95.833535	 95.833531	 95.833529	 95.833527	 95.833525	 95.833524	 95.833523	 95.833522	 95.833521	 95.833521	  95.83352	  95.83352	  95.83352	  95.83352	 95.833519	 95.833519	 95.833519	 95.833519	 95.833519	 95.833519	 95.833519	 95.833519	 95.833519	 95.833519	 95.833519	 95.833519	 95.833519	 95.833519	 95.833519	 95.833519	 95.833519	 95.833519	 95.833519	 95.833519	 95.833519	 95.833519	 95.833519	 95.833519	 95.833519	 95.833519	 95.833519	 95.833519	 95.833519	 95.833519	 95.833519	 95.833519	 95.833519	 95.833519	 95.833519	 95.833519	 95.833519	 95.833519	 95.833519	 95.833519	 95.833519	 95.833519	 95.833519	 95.833519	 95.833519	 95.833519	 95.833519	 95.833519	 95.833519	 95.833519	 95.833519	 95.833519	 95.833519	 95.833519	 95.833519	 95.833519	 95.833519	 95.833519	 95.833519	 95.833519	 95.833519	 95.833519	 95.833519	 95.833519	 95.833519	 95.833519	 95.833519	 95.833519	 95.833519	 95.833519	 95.833519	 95.833519	 95.833519	 95.833519	 95.833519	 95.833519	 95.833519	 95.833519	 95.833519	 95.833519	 95.833519	 95.833519	 95.833519	 95.833519	 95.833519	 95.833519	 95.833519	 95.833519	 95.833519	 95.833519	 95.833519	 95.833519	 95.833519	 95.833519	 95.833519	
        99	 98.746482	 98.493604	 98.242001	 97.992298	 97.745106	 97.501017	   97.2606	 97.024399	 96.792923	 96.566652	 96.346026	 96.131447	 95.923276	 95.721831	 95.527385	  95.34017	 95.160371	 94.988129	 94.823543	 94.666669	 94.517523	 94.376081	 94.242283	 94.116036	 93.997212	 93.885657	 93.781191	 93.683609	 93.592687	 93.508184	 93.429843	   93.3574	 93.290577	 93.229094	 93.172667	  93.12101	 93.073839	 93.030872	 92.991833	 92.956452	 92.924466	 92.895623	 92.869679	 92.846402	 92.825568	  92.80697	 92.790408	 92.775696	 92.762661	  92.75114	 92.740983	 92.732051	 92.724216	  92.71736	 92.711377	 92.706167	 92.701642	 92.697723	 92.694336	 92.691416	 92.688906	 92.686753	 92.684911	 92.683339	 92.682001	 92.680864	 92.679902	 92.679089	 92.678403	 92.677827	 92.677344	 92.676939	 92.676602	 92.676321	 92.676088	 92.675895	 92.675735	 92.675604	 92.675495	 92.675407	 92.675334	 92.675275	 92.675227	 92.675188	 92.675156	  92.67513	  92.67511	 92.675093	  92.67508	 92.675069	 92.675061	 92.675054	 92.675048	 92.675044	 92.675041	 92.675038	 92.675036	 92.675034	 92.675033	 92.675032	 92.675031	 92.675031	  92.67503	  92.67503	  92.67503	 92.675029	 92.675029	 92.675029	 92.675029	 92.675029	 92.675029	 92.675029	 92.675029	 92.675029	 92.675029	 92.675029	 92.675029	 92.675029	 92.675029	 92.675029	 92.675029	 92.675029	 92.675029	 92.675029	 92.675029	 92.675029	 92.675029	 92.675029	 92.675029	 92.675029	 92.675029	 92.675029	 92.675029	 92.675029	 92.675029	 92.675029	 92.675029	 92.675029	 92.675029	 92.675029	 92.675029	 92.675029	 92.675029	 92.675029	 92.675029	 92.675029	 92.675029	 92.675029	 92.675029	 92.675029	 92.675029	 92.675029	 92.675029	 92.675029	 92.675029	 92.675029	 92.675029	 92.675029	 92.675029	 92.675029	 92.675029	 92.675029	 92.675029	 92.675029	 92.675029	 92.675029	 92.675029	 92.675029	 92.675029	 92.675029	 92.675029	 92.675029	 92.675029	 92.675029	 92.675029	 92.675029	 92.675029	 92.675029	 92.675029	 92.675029	 92.675029	 92.675029	 92.675029	 92.675029	 92.675029	 92.675029	 92.675029	 92.675029	 92.675029	 92.675029	 92.675029	 92.675029	 92.675029	 92.675029	 92.675029	 92.675029	 92.675029	 92.675029	 92.675029	
        99	 98.620522	 98.242001	 97.865388	  97.49162	  97.12161	 96.756245	 96.396378	 96.042819	 95.696335	 95.357641	 95.027396	 94.706204	 94.394602	 94.093069	 93.802013	  93.52178	 93.252647	 92.994827	 92.748466	 92.513649	   92.2904	 92.078682	 91.878407	 91.689432	 91.511571	 91.344591	  91.18822	 91.042154	 90.906058	 90.779569	 90.662305	 90.553867	 90.453844	 90.361814	 90.277351	 90.200028	 90.129419	 90.065104	 90.006668	 89.953708	 89.905831	 89.862657	 89.823823	  89.78898	 89.757795	 89.729956	 89.705165	 89.683144	 89.663632	 89.646387	 89.631184	 89.617814	 89.606086	 89.595824	 89.586867	 89.579069	 89.572296	 89.566429	 89.561359	 89.556989	 89.553232	 89.550009	 89.547252	 89.544899	 89.542896	 89.541195	 89.539754	 89.538537	 89.537511	 89.536648	 89.535925	  89.53532	 89.534815	 89.534394	 89.534045	 89.533756	 89.533517	  89.53332	 89.533159	 89.533026	 89.532917	 89.532829	 89.532756	 89.532698	  89.53265	 89.532612	 89.532581	 89.532556	 89.532536	  89.53252	 89.532508	 89.532497	 89.532489	 89.532483	 89.532478	 89.532474	 89.532471	 89.532468	 89.532467	 89.532465	 89.532464	 89.532463	 89.532462	 89.532462	 89.532461	 89.532461	 89.532461	 89.532461	  89.53246	  89.53246	  89.53246	  89.53246	  89.53246	  89.53246	  89.53246	  89.53246	  89.53246	  89.53246	  89.53246	  89.53246	  89.53246	  89.53246	  89.53246	  89.53246	  89.53246	  89.53246	  89.53246	  89.53246	  89.53246	  89.53246	  89.53246	  89.53246	  89.53246	  89.53246	  89.53246	  89.53246	  89.53246	  89.53246	  89.53246	  89.53246	  89.53246	  89.53246	  89.53246	  89.53246	  89.53246	  89.53246	  89.53246	  89.53246	  89.53246	  89.53246	  89.53246	  89.53246	  89.53246	  89.53246	  89.53246	  89.53246	  89.53246	  89.53246	  89.53246	  89.53246	  89.53246	  89.53246	  89.53246	  89.53246	  89.53246	  89.53246	  89.53246	  89.53246	  89.53246	  89.53246	  89.53246	  89.53246	  89.53246	  89.53246	  89.53246	  89.53246	  89.53246	  89.53246	  89.53246	  89.53246	  89.53246	  89.53246	  89.53246	  89.53246	  89.53246	  89.53246	  89.53246	  89.53246	  89.53246	  89.53246	  89.53246	  89.53246	  89.53246	  89.53246	  89.53246	  89.53246	  89.53246	  89.53246	  89.53246	
        99	 98.495512	 97.992298	  97.49162	 96.994723	 96.502823	 96.017098	 95.538681	 95.068652	 94.608027	 94.157759	 93.718724	 93.291723	 92.877473	 92.476606	  92.08967	 91.717121	 91.359329	 91.016577	 90.689059	 90.376888	 90.080095	 89.798632	 89.532381	 89.281154	 89.044701	 88.822713	 88.614831	 88.420647	 88.239717	 88.071559	 87.915666	 87.771507	 87.638533	 87.516186	 87.403898	 87.301103	 87.207235	 87.121732	 87.044047	  86.97364	 86.909991	 86.852595	 86.800968	 86.754646	 86.713189	 86.676179	 86.643221	 86.613945	 86.588006	  86.56508	 86.544869	 86.527095	 86.511503	  86.49786	 86.485953	 86.475586	 86.466582	 86.458782	 86.452042	 86.446233	 86.441237	 86.436953	 86.433287	 86.430159	 86.427496	 86.425235	  86.42332	 86.421702	 86.420338	 86.419191	 86.418229	 86.417425	 86.416753	 86.416194	  86.41573	 86.415346	 86.415028	 86.414767	 86.414551	 86.414375	  86.41423	 86.414113	 86.414017	 86.413939	 86.413876	 86.413825	 86.413784	 86.413751	 86.413724	 86.413703	 86.413686	 86.413673	 86.413662	 86.413653	 86.413647	 86.413641	 86.413637	 86.413634	 86.413631	 86.413629	 86.413628	 86.413627	 86.413626	 86.413625	 86.413624	 86.413624	 86.413624	 86.413623	 86.413623	 86.413623	 86.413623	 86.413623	 86.413623	 86.413623	 86.413623	 86.413623	 86.413623	 86.413623	 86.413623	 86.413623	 86.413623	 86.413623	 86.413623	 86.413623	 86.413623	 86.413623	 86.413623	 86.413623	 86.413623	 86.413623	 86.413623	 86.413623	 86.413623	 86.413623	 86.413623	 86.413623	 86.413623	 86.413623	 86.413623	 86.413623	 86.413623	 86.413623	 86.413623	 86.413623	 86.413623	 86.413623	 86.413623	 86.413623	 86.413623	 86.413623	 86.413623	 86.413623	 86.413623	 86.413623	 86.413623	 86.413623	 86.413623	 86.413623	 86.413623	 86.413623	 86.413623	 86.413623	 86.413623	 86.413623	 86.413623	 86.413623	 86.413623	 86.413623	 86.413623	 86.413623	 86.413623	 86.413623	 86.413623	 86.413623	 86.413623	 86.413623	 86.413623	 86.413623	 86.413623	 86.413623	 86.413623	 86.413623	 86.413623	 86.413623	 86.413623	 86.413623	 86.413623	 86.413623	 86.413623	 86.413623	 86.413623	 86.413623	 86.413623	 86.413623	 86.413623	 86.413623	 86.413623	 86.413623	 86.413623	
        99	  98.37176	 97.745106	  97.12161	 96.502823	 95.890258	 95.285383	  94.68961	 94.104281	 93.530664	 92.969944	 92.423213	 91.891467	 91.375599	 90.876399	 90.394546	  89.93061	 89.485051	 89.058221	 88.650362	 88.261614	 87.892016	  87.54151	 87.209947	 86.897094	 86.602638	 86.326196	 86.067319	 85.825502	 85.600189	 85.390782	 85.196647	 85.017125	 84.851533	 84.699173	 84.559342	 84.431331	 84.314436	  84.20796	 84.111217	  84.02354	 83.944277	 83.872802	  83.80851	 83.750826	 83.699199	  83.65311	 83.612068	 83.575611	 83.543309	 83.514759	  83.48959	 83.467456	 83.448039	  83.43105	 83.416221	 83.403311	 83.392099	 83.382386	 83.373993	 83.366758	 83.360537	 83.355202	 83.350637	 83.346742	 83.343426	  83.34061	 83.338225	 83.336209	 83.334511	 83.333083	 83.331885	 83.330883	 83.330047	 83.329351	 83.328773	 83.328294	 83.327899	 83.327573	 83.327305	 83.327085	 83.326905	 83.326759	 83.326639	 83.326542	 83.326464	   83.3264	 83.326349	 83.326308	 83.326275	 83.326248	 83.326227	 83.326211	 83.326197	 83.326187	 83.326178	 83.326172	 83.326167	 83.326163	 83.326159	 83.326157	 83.326155	 83.326154	 83.326152	 83.326151	 83.326151	  83.32615	  83.32615	  83.32615	 83.326149	 83.326149	 83.326149	 83.326149	 83.326149	 83.326149	 83.326149	 83.326149	 83.326149	 83.326149	 83.326149	 83.326149	 83.326149	 83.326149	 83.326149	 83.326149	 83.326149	 83.326149	 83.326149	 83.326149	 83.326149	 83.326149	 83.326149	 83.326149	 83.326149	 83.326149	 83.326149	 83.326149	 83.326149	 83.326149	 83.326149	 83.326149	 83.326149	 83.326149	 83.326149	 83.326149	 83.326149	 83.326149	 83.326149	 83.326149	 83.326149	 83.326149	 83.326149	 83.326149	 83.326149	 83.326149	 83.326149	 83.326149	 83.326149	 83.326149	 83.326149	 83.326149	 83.326149	 83.326149	 83.326149	 83.326149	 83.326149	 83.326149	 83.326149	 83.326149	 83.326149	 83.326149	 83.326149	 83.326149	 83.326149	 83.326149	 83.326149	 83.326149	 83.326149	 83.326149	 83.326149	 83.326149	 83.326149	 83.326149	 83.326149	 83.326149	 83.326149	 83.326149	 83.326149	 83.326149	 83.326149	 83.326149	 83.326149	 83.326149	 83.326149	 83.326149	 83.326149	 83.326149	 83.326149	 83.326149	 83.326149	
        99	 98.249561	 97.501017	 96.756245	 96.017098	 95.285383	 94.562855	 93.851198	 93.152017	 92.466826	  91.79704	 91.143965	 90.508789	 89.892581	 89.296281	 88.720703	 88.166527	 87.634303	  87.12445	 86.637259	 86.172896	 85.731408	 85.312725	 84.916669	 84.542963	 84.191233	  83.86102	 83.551789	 83.262936	 82.993797	 82.743659	 82.511764	 82.297323	 82.099521	 81.917526	 81.750496	 81.597586	 81.457954	 81.330767	 81.215207	 81.110475	 81.015796	 80.930418	 80.853621	 80.784716	 80.723048	 80.667994	 80.618968	  80.57542	 80.536835	 80.502732	 80.472667	 80.446228	 80.423035	 80.402741	 80.385028	 80.369606	 80.356213	 80.344611	 80.334585	 80.325943	 80.318512	 80.312139	 80.306687	 80.302034	 80.298073	 80.294709	  80.29186	 80.289453	 80.287424	 80.285718	 80.284287	  80.28309	 80.282092	  80.28126	  80.28057	 80.279998	 80.279526	 80.279137	 80.278816	 80.278554	 80.278339	 80.278164	 80.278021	 80.277905	 80.277811	 80.277736	 80.277674	 80.277625	 80.277586	 80.277554	 80.277529	 80.277509	 80.277493	 80.277481	 80.277471	 80.277463	 80.277457	 80.277452	 80.277448	 80.277445	 80.277443	 80.277441	  80.27744	 80.277438	 80.277438	 80.277437	 80.277436	 80.277436	 80.277436	 80.277436	 80.277435	 80.277435	 80.277435	 80.277435	 80.277435	 80.277435	 80.277435	 80.277435	 80.277435	 80.277435	 80.277435	 80.277435	 80.277435	 80.277435	 80.277435	 80.277435	 80.277435	 80.277435	 80.277435	 80.277435	 80.277435	 80.277435	 80.277435	 80.277435	 80.277435	 80.277435	 80.277435	 80.277435	 80.277435	 80.277435	 80.277435	 80.277435	 80.277435	 80.277435	 80.277435	 80.277435	 80.277435	 80.277435	 80.277435	 80.277435	 80.277435	 80.277435	 80.277435	 80.277435	 80.277435	 80.277435	 80.277435	 80.277435	 80.277435	 80.277435	 80.277435	 80.277435	 80.277435	 80.277435	 80.277435	 80.277435	 80.277435	 80.277435	 80.277435	 80.277435	 80.277435	 80.277435	 80.277435	 80.277435	 80.277435	 80.277435	 80.277435	 80.277435	 80.277435	 80.277435	 80.277435	 80.277435	 80.277435	 80.277435	 80.277435	 80.277435	 80.277435	 80.277435	 80.277435	 80.277435	 80.277435	 80.277435	 80.277435	 80.277435	 80.277435	 80.277435	 80.277435	 80.277435	 80.277435	
        99	 98.129201	   97.2606	 96.396378	 95.538681	  94.68961	 93.851198	   93.0254	  92.21408	 91.418994	 90.641784	 89.883964	 89.146915	 88.431875	 87.739938	 87.072045	 86.428986	 85.811401	 85.219774	 84.654444	 84.115604	 83.603307	 83.117473	 82.657896	 82.224252	 81.816109	 81.432935	 81.074108	 80.738926	 80.426622	 80.136364	 79.867276	 79.618442	 79.388915	 79.177731	 78.983912	 78.806477	 78.644449	 78.496864	  78.36277	 78.241241	 78.131375	 78.032304	  77.94319	 77.863234	 77.791675	 77.727791	 77.670902	  77.62037	 77.575596	 77.536024	 77.501136	 77.470456	 77.443544	 77.419995	 77.399441	 77.381546	 77.366005	 77.352542	 77.340908	  77.33088	 77.322257	 77.314862	 77.308535	 77.303136	 77.298539	 77.294636	  77.29133	 77.288537	 77.286182	 77.284203	 77.282543	 77.281154	 77.279995	 77.279031	  77.27823	 77.277566	 77.277018	 77.276566	 77.276195	  77.27589	 77.275641	 77.275437	 77.275272	 77.275137	 77.275029	 77.274941	  77.27487	 77.274813	 77.274767	  77.27473	 77.274701	 77.274678	 77.274659	 77.274645	 77.274633	 77.274624	 77.274617	 77.274611	 77.274607	 77.274603	 77.274601	 77.274599	 77.274597	 77.274596	 77.274595	 77.274594	 77.274593	 77.274593	 77.274593	 77.274592	 77.274592	 77.274592	 77.274592	 77.274592	 77.274592	 77.274592	 77.274592	 77.274592	 77.274592	 77.274592	 77.274592	 77.274592	 77.274592	 77.274592	 77.274592	 77.274592	 77.274592	 77.274592	 77.274592	 77.274592	 77.274592	 77.274592	 77.274592	 77.274592	 77.274592	 77.274592	 77.274592	 77.274592	 77.274592	 77.274592	 77.274592	 77.274592	 77.274592	 77.274592	 77.274592	 77.274592	 77.274592	 77.274592	 77.274592	 77.274592	 77.274592	 77.274592	 77.274592	 77.274592	 77.274592	 77.274592	 77.274592	 77.274592	 77.274592	 77.274592	 77.274592	 77.274592	 77.274592	 77.274592	 77.274592	 77.274592	 77.274592	 77.274592	 77.274592	 77.274592	 77.274592	 77.274592	 77.274592	 77.274592	 77.274592	 77.274592	 77.274592	 77.274592	 77.274592	 77.274592	 77.274592	 77.274592	 77.274592	 77.274592	 77.274592	 77.274592	 77.274592	 77.274592	 77.274592	 77.274592	 77.274592	 77.274592	 77.274592	 77.274592	 77.274592	 77.274592	 77.274592	 77.274592	 77.274592	
        99	 98.010951	 97.024399	 96.042819	 95.068652	 94.104281	 93.152017	  92.21408	 91.292587	 90.389532	 89.506781	 88.646053	 87.808916	 86.996778	 86.210879	 85.452289	 84.721907	 84.020456	 83.348489	 82.706391	 82.094379	 81.512514	 80.960706	 80.438721	 79.946191	 79.482624	 79.047416	 78.639862	 78.259165	 77.904451	 77.574778	 77.269149	 76.986525	  76.72583	 76.485967	 76.265828	 76.064299	 75.880269	 75.712642	 75.560339	 75.422306	 75.297522	 75.184997	 75.083782	 74.992968	 74.911692	 74.839133	 74.774519	 74.717124	 74.666271	 74.621325	   74.5817	 74.546854	 74.516286	  74.48954	 74.466195	  74.44587	 74.428218	 74.412927	 74.399713	 74.388323	  74.37853	  74.37013	 74.362944	 74.356812	 74.351591	 74.347158	 74.343403	  74.34023	 74.337556	 74.335308	 74.333423	 74.331845	 74.330529	 74.329433	 74.328523	  74.32777	 74.327147	 74.326634	 74.326212	 74.325866	 74.325583	 74.325352	 74.325164	 74.325011	 74.324888	 74.324788	 74.324707	 74.324642	  74.32459	 74.324549	 74.324516	 74.324489	 74.324468	 74.324452	 74.324439	 74.324428	  74.32442	 74.324414	 74.324409	 74.324405	 74.324402	 74.324399	 74.324398	 74.324396	 74.324395	 74.324394	 74.324394	 74.324393	 74.324393	 74.324392	 74.324392	 74.324392	 74.324392	 74.324392	 74.324392	 74.324392	 74.324392	 74.324392	 74.324392	 74.324392	 74.324392	 74.324392	 74.324392	 74.324392	 74.324392	 74.324392	 74.324392	 74.324392	 74.324392	 74.324392	 74.324392	 74.324392	 74.324392	 74.324392	 74.324392	 74.324392	 74.324392	 74.324392	 74.324392	 74.324392	 74.324392	 74.324392	 74.324392	 74.324392	 74.324392	 74.324392	 74.324392	 74.324392	 74.324392	 74.324392	 74.324392	 74.324392	 74.324392	 74.324392	 74.324392	 74.324392	 74.324392	 74.324392	 74.324392	 74.324392	 74.324392	 74.324392	 74.324392	 74.324392	 74.324392	 74.324392	 74.324392	 74.324392	 74.324392	 74.324392	 74.324392	 74.324392	 74.324392	 74.324392	 74.324392	 74.324392	 74.324392	 74.324392	 74.324392	 74.324392	 74.324392	 74.324392	 74.324392	 74.324392	 74.324392	 74.324392	 74.324392	 74.324392	 74.324392	 74.324392	 74.324392	 74.324392	 74.324392	 74.324392	 74.324392	 74.324392	 74.324392	 74.324392	 74.324392	
        99	 97.895067	 96.792923	 95.696335	 94.608027	 93.530664	 92.466826	 91.418994	 90.389532	  89.38067	 88.394489	 87.432912	  86.49769	 85.590396	 84.712416	 83.864944	 83.048985	 82.265348	 81.514649	 80.797317	 80.113598	 79.463558	 78.847097	 78.263952	 77.713713	 77.195832	 76.709632	 76.254326	 75.829024	 75.432749	 75.064449	 74.723011	 74.407272	 74.116032	 73.848066	 73.602134	 73.376992	   73.1714	 72.984132	 72.813984	 72.659779	 72.520374	 72.394665	 72.281591	 72.180137	 72.089337	 72.008277	 71.936092	 71.871973	 71.815161	 71.764949	 71.720681	 71.681752	 71.647603	 71.617723	 71.591643	 71.568936	 71.549217	 71.532134	 71.517372	 71.504647	 71.493706	 71.484323	 71.476295	 71.469444	 71.463611	 71.458659	 71.454464	 71.450919	 71.447932	  71.44542	 71.443314	 71.441552	 71.440081	 71.438857	 71.437841	 71.436999	 71.436303	  71.43573	 71.435259	 71.434872	 71.434556	 71.434298	 71.434088	 71.433917	 71.433779	 71.433667	 71.433577	 71.433505	 71.433447	 71.433401	 71.433364	 71.433334	 71.433311	 71.433292	 71.433277	 71.433266	 71.433257	  71.43325	 71.433244	  71.43324	 71.433236	 71.433234	 71.433232	  71.43323	 71.433229	 71.433228	 71.433227	 71.433227	 71.433226	 71.433226	 71.433226	 71.433225	 71.433225	 71.433225	 71.433225	 71.433225	 71.433225	 71.433225	 71.433225	 71.433225	 71.433225	 71.433225	 71.433225	 71.433225	 71.433225	 71.433225	 71.433225	 71.433225	 71.433225	 71.433225	 71.433225	 71.433225	 71.433225	 71.433225	 71.433225	 71.433225	 71.433225	 71.433225	 71.433225	 71.433225	 71.433225	 71.433225	 71.433225	 71.433225	 71.433225	 71.433225	 71.433225	 71.433225	 71.433225	 71.433225	 71.433225	 71.433225	 71.433225	 71.433225	 71.433225	 71.433225	 71.433225	 71.433225	 71.433225	 71.433225	 71.433225	 71.433225	 71.433225	 71.433225	 71.433225	 71.433225	 71.433225	 71.433225	 71.433225	 71.433225	 71.433225	 71.433225	 71.433225	 71.433225	 71.433225	 71.433225	 71.433225	 71.433225	 71.433225	 71.433225	 71.433225	 71.433225	 71.433225	 71.433225	 71.433225	 71.433225	 71.433225	 71.433225	 71.433225	 71.433225	 71.433225	 71.433225	 71.433225	 71.433225	 71.433225	 71.433225	 71.433225	 71.433225	 71.433225	
        99	 97.781789	 96.566652	 95.357641	 94.157759	 92.969944	  91.79704	 90.641784	 89.506781	 88.394489	 87.307204	 86.247046	 85.215944	 84.215634	 83.247642	 82.313287	 81.413676	 80.549699	 79.722038	 78.931165	  78.17735	 77.460668	 76.781006	 76.138077	 75.531428	 74.960453	 74.424408	 73.922423	 73.453519	 73.016617	 72.610559	 72.234116	 71.886007	 71.564909	 71.269471	 70.998326	 70.750102	 70.523433	 70.316966	 70.129375	  69.95936	 69.805663	 69.667066	   69.5424	 69.430545	 69.330436	 69.241065	 69.161481	 69.090788	 69.028151	 68.972791	 68.923985	 68.881065	 68.843416	 68.810472	 68.781718	 68.756684	 68.734942	 68.716108	 68.699832	 68.685803	 68.673741	 68.663395	 68.654544	 68.646991	 68.640561	   68.6351	 68.630475	 68.626568	 68.623274	 68.620505	 68.618182	  68.61624	 68.614618	 68.613269	 68.612148	  68.61122	 68.610453	 68.609821	 68.609301	 68.608875	 68.608527	 68.608242	  68.60801	 68.607822	  68.60767	 68.607547	 68.607448	 68.607368	 68.607304	 68.607253	 68.607212	 68.607179	 68.607153	 68.607133	 68.607117	 68.607104	 68.607094	 68.607086	  68.60708	 68.607075	 68.607071	 68.607068	 68.607066	 68.607064	 68.607063	 68.607062	 68.607061	 68.607061	  68.60706	  68.60706	  68.60706	 68.607059	 68.607059	 68.607059	 68.607059	 68.607059	 68.607059	 68.607059	 68.607059	 68.607059	 68.607059	 68.607059	 68.607059	 68.607059	 68.607059	 68.607059	 68.607059	 68.607059	 68.607059	 68.607059	 68.607059	 68.607059	 68.607059	 68.607059	 68.607059	 68.607059	 68.607059	 68.607059	 68.607059	 68.607059	 68.607059	 68.607059	 68.607059	 68.607059	 68.607059	 68.607059	 68.607059	 68.607059	 68.607059	 68.607059	 68.607059	 68.607059	 68.607059	 68.607059	 68.607059	 68.607059	 68.607059	 68.607059	 68.607059	 68.607059	 68.607059	 68.607059	 68.607059	 68.607059	 68.607059	 68.607059	 68.607059	 68.607059	 68.607059	 68.607059	 68.607059	 68.607059	 68.607059	 68.607059	 68.607059	 68.607059	 68.607059	 68.607059	 68.607059	 68.607059	 68.607059	 68.607059	 68.607059	 68.607059	 68.607059	 68.607059	 68.607059	 68.607059	 68.607059	 68.607059	 68.607059	 68.607059	 68.607059	 68.607059	 68.607059	 68.607059	 68.607059	 68.607059	 68.607059	
        99	 97.671337	 96.346026	 95.027396	 93.718724	 92.423213	 91.143965	 89.883964	 88.646053	 87.432912	 86.247046	 85.090765	 83.966176	  82.87517	 81.819413	 80.800342	 79.819165	 78.876853	  77.97415	 77.111571	 76.289409	 75.507747	 74.766462	  74.06524	 73.403587	 72.780843	 72.196196	 71.648698	 71.137279	 70.660765	  70.21789	 69.807316	 69.427645	 69.077434	 68.755209	  68.45948	  68.18875	 67.941529	 67.716343	 67.511742	 67.326313	 67.158681	 67.007518	 66.871548	 66.749551	 66.640366	 66.542892	 66.456092	  66.37899	 66.310674	 66.250294	 66.197063	 66.150252	 66.109189	 66.073258	 66.041897	 66.014593	  65.99088	 65.970338	 65.952587	 65.937286	  65.92413	 65.912846	 65.903193	 65.894954	 65.887941	 65.881986	 65.876942	 65.872679	 65.869087	 65.866067	 65.863534	 65.861415	 65.859647	 65.858175	 65.856953	  65.85594	 65.855104	 65.854415	 65.853848	 65.853383	 65.853003	 65.852692	  65.85244	 65.852235	 65.852068	 65.851934	 65.851826	 65.851739	 65.851669	 65.851613	 65.851569	 65.851533	 65.851505	 65.851483	 65.851465	 65.851451	  65.85144	 65.851432	 65.851425	  65.85142	 65.851416	 65.851412	  65.85141	 65.851408	 65.851407	 65.851405	 65.851405	 65.851404	 65.851403	 65.851403	 65.851403	 65.851403	 65.851402	 65.851402	 65.851402	 65.851402	 65.851402	 65.851402	 65.851402	 65.851402	 65.851402	 65.851402	 65.851402	 65.851402	 65.851402	 65.851402	 65.851402	 65.851402	 65.851402	 65.851402	 65.851402	 65.851402	 65.851402	 65.851402	 65.851402	 65.851402	 65.851402	 65.851402	 65.851402	 65.851402	 65.851402	 65.851402	 65.851402	 65.851402	 65.851402	 65.851402	 65.851402	 65.851402	 65.851402	 65.851402	 65.851402	 65.851402	 65.851402	 65.851402	 65.851402	 65.851402	 65.851402	 65.851402	 65.851402	 65.851402	 65.851402	 65.851402	 65.851402	 65.851402	 65.851402	 65.851402	 65.851402	 65.851402	 65.851402	 65.851402	 65.851402	 65.851402	 65.851402	 65.851402	 65.851402	 65.851402	 65.851402	 65.851402	 65.851402	 65.851402	 65.851402	 65.851402	 65.851402	 65.851402	 65.851402	 65.851402	 65.851402	 65.851402	 65.851402	 65.851402	 65.851402	 65.851402	 65.851402	 65.851402	 65.851402	 65.851402	 65.851402	 65.851402	 65.851402	
        99	 97.563912	 96.131447	 94.706204	 93.291723	 91.891467	 90.508789	 89.146915	 87.808916	  86.49769	 85.215944	 83.966176	 82.750662	 81.571446	 80.430329	 79.328865	 78.268357	 77.249858	 76.274169	 75.341849	 74.453214	 73.608353	 72.807133	 72.049216	 71.334067	 70.660973	 70.029056	 69.437292	 68.884524	 68.369482	 67.890801	 67.447031	 67.036663	 66.658136	 66.309859	 65.990219	   65.6976	 65.430391	 65.186998	 64.965855	 64.765434	 64.584248	 64.420863	   64.2739	  64.14204	 64.024027	 63.918672	 63.824853	 63.741517	 63.667678	 63.602417	 63.544882	 63.494286	 63.449903	 63.411067	  63.37717	 63.347658	 63.322029	 63.299826	 63.280639	 63.264101	 63.249882	 63.237686	 63.227252	 63.218347	 63.210767	  63.20433	 63.198878	 63.194271	 63.190388	 63.187124	 63.184386	 63.182096	 63.180185	 63.178594	 63.177273	 63.176179	 63.175274	 63.174529	 63.173917	 63.173414	 63.173003	 63.172668	 63.172395	 63.172173	 63.171994	 63.171848	 63.171732	 63.171637	 63.171562	 63.171502	 63.171453	 63.171415	 63.171385	 63.171361	 63.171341	 63.171326	 63.171315	 63.171305	 63.171298	 63.171292	 63.171288	 63.171285	 63.171282	  63.17128	 63.171278	 63.171277	 63.171276	 63.171275	 63.171275	 63.171274	 63.171274	 63.171274	 63.171274	 63.171274	 63.171273	 63.171273	 63.171273	 63.171273	 63.171273	 63.171273	 63.171273	 63.171273	 63.171273	 63.171273	 63.171273	 63.171273	 63.171273	 63.171273	 63.171273	 63.171273	 63.171273	 63.171273	 63.171273	 63.171273	 63.171273	 63.171273	 63.171273	 63.171273	 63.171273	 63.171273	 63.171273	 63.171273	 63.171273	 63.171273	 63.171273	 63.171273	 63.171273	 63.171273	 63.171273	 63.171273	 63.171273	 63.171273	 63.171273	 63.171273	 63.171273	 63.171273	 63.171273	 63.171273	 63.171273	 63.171273	 63.171273	 63.171273	 63.171273	 63.171273	 63.171273	 63.171273	 63.171273	 63.171273	 63.171273	 63.171273	 63.171273	 63.171273	 63.171273	 63.171273	 63.171273	 63.171273	 63.171273	 63.171273	 63.171273	 63.171273	 63.171273	 63.171273	 63.171273	 63.171273	 63.171273	 63.171273	 63.171273	 63.171273	 63.171273	 63.171273	 63.171273	 63.171273	 63.171273	 63.171273	 63.171273	 63.171273	 63.171273	 63.171273	 63.171273	
        99	 97.459694	 95.923276	 94.394602	 92.877473	 91.375599	 89.892581	 88.431875	 86.996778	 85.590396	 84.215634	  82.87517	 81.571446	 80.306654	 79.082725	 77.901328	 76.763859	 75.671447	 74.624953	 73.624974	  72.67185	 71.765678	 70.906314	 70.093394	 69.326347	 68.604406	 67.926631	 67.291922	  66.69904	 66.146622	 65.633202	 65.157228	 64.717079	 64.311083	 63.937531	 63.594696	 63.280841	  62.99424	 62.733184	 62.495993	 62.281027	 62.086693	 61.911451	 61.753823	 61.612393	 61.485816	 61.372816	 61.272189	 61.182805	 61.103607	  61.03361	   60.9719	 60.917632	 60.870028	 60.828373	 60.792017	 60.760363	 60.732874	 60.709059	 60.688481	 60.670743	 60.655491	  60.64241	 60.631219	 60.621668	 60.613538	 60.606634	 60.600786	 60.595845	  60.59168	 60.588179	 60.585243	 60.582786	 60.580736	  60.57903	 60.577613	 60.576439	  60.57547	  60.57467	 60.574013	 60.573475	 60.573034	 60.572674	 60.572381	 60.572143	 60.571951	 60.571795	  60.57167	 60.571569	 60.571488	 60.571423	 60.571371	  60.57133	 60.571298	 60.571272	 60.571251	 60.571235	 60.571222	 60.571212	 60.571205	 60.571199	 60.571194	  60.57119	 60.571187	 60.571185	 60.571183	 60.571182	 60.571181	  60.57118	  60.57118	 60.571179	 60.571179	 60.571179	 60.571179	 60.571178	 60.571178	 60.571178	 60.571178	 60.571178	 60.571178	 60.571178	 60.571178	 60.571178	 60.571178	 60.571178	 60.571178	 60.571178	 60.571178	 60.571178	 60.571178	 60.571178	 60.571178	 60.571178	 60.571178	 60.571178	 60.571178	 60.571178	 60.571178	 60.571178	 60.571178	 60.571178	 60.571178	 60.571178	 60.571178	 60.571178	 60.571178	 60.571178	 60.571178	 60.571178	 60.571178	 60.571178	 60.571178	 60.571178	 60.571178	 60.571178	 60.571178	 60.571178	 60.571178	 60.571178	 60.571178	 60.571178	 60.571178	 60.571178	 60.571178	 60.571178	 60.571178	 60.571178	 60.571178	 60.571178	 60.571178	 60.571178	 60.571178	 60.571178	 60.571178	 60.571178	 60.571178	 60.571178	 60.571178	 60.571178	 60.571178	 60.571178	 60.571178	 60.571178	 60.571178	 60.571178	 60.571178	 60.571178	 60.571178	 60.571178	 60.571178	 60.571178	 60.571178	 60.571178	 60.571178	 60.571178	 60.571178	 60.571178	 60.571178	 60.571178	 60.571178	
        99	 97.358844	 95.721831	 94.093069	 92.476606	 90.876399	 89.296281	 87.739938	 86.210879	 84.712416	 83.247642	 81.819413	 80.430329	 79.082725	 77.778661	 76.519913	  75.30797	 74.144033	 73.029021	 71.963569	 70.948041	 69.982537	 69.066907	 68.200763	 67.383494	 66.614285	 65.892133	 65.215867	 64.584167	 63.995579	 63.448544	 62.941406	 62.472439	  62.03986	 61.641851	 61.276568	 60.942164	 60.636799	  60.35865	  60.10593	 59.876889	 59.669831	 59.483115	 59.315166	 59.164477	 59.029612	 58.909213	 58.801997	 58.706761	 58.622378	 58.547798	 58.482048	 58.424226	 58.373505	 58.329124	 58.290387	 58.256661	 58.227371	 58.201998	 58.180072	 58.161172	 58.144922	 58.130985	 58.119061	 58.108885	 58.100222	 58.092866	 58.086635	 58.081371	 58.076933	 58.073203	 58.070074	 58.067457	 58.065273	 58.063455	 58.061945	 58.060695	 58.059662	  58.05881	  58.05811	 58.057536	 58.057066	 58.056683	 58.056371	 58.056117	 58.055912	 58.055746	 58.055613	 58.055505	 58.055419	  58.05535	 58.055295	 58.055251	 58.055216	 58.055189	 58.055167	  58.05515	 58.055136	 58.055126	 58.055117	 58.055111	 58.055106	 58.055102	 58.055099	 58.055096	 58.055095	 58.055093	 58.055092	 58.055091	 58.055091	  58.05509	  58.05509	  58.05509	 58.055089	 58.055089	 58.055089	 58.055089	 58.055089	 58.055089	 58.055089	 58.055089	 58.055089	 58.055089	 58.055089	 58.055089	 58.055089	 58.055089	 58.055089	 58.055089	 58.055089	 58.055089	 58.055089	 58.055089	 58.055089	 58.055089	 58.055089	 58.055089	 58.055089	 58.055089	 58.055089	 58.055089	 58.055089	 58.055089	 58.055089	 58.055089	 58.055089	 58.055089	 58.055089	 58.055089	 58.055089	 58.055089	 58.055089	 58.055089	 58.055089	 58.055089	 58.055089	 58.055089	 58.055089	 58.055089	 58.055089	 58.055089	 58.055089	 58.055089	 58.055089	 58.055089	 58.055089	 58.055089	 58.055089	 58.055089	 58.055089	 58.055089	 58.055089	 58.055089	 58.055089	 58.055089	 58.055089	 58.055089	 58.055089	 58.055089	 58.055089	 58.055089	 58.055089	 58.055089	 58.055089	 58.055089	 58.055089	 58.055089	 58.055089	 58.055089	 58.055089	 58.055089	 58.055089	 58.055089	 58.055089	 58.055089	 58.055089	 58.055089	 58.055089	 58.055089	 58.055089	
        99	 97.261499	 95.527385	 93.802013	  92.08967	 90.394546	 88.720703	 87.072045	 85.452289	 83.864944	 82.313287	 80.800342	 79.328865	 77.901328	 76.519913	 75.186502	 73.902672	 72.669696	 71.488547	 70.359897	 69.284133	  68.26136	 67.291419	 66.373899	 65.508154	 64.693319	 63.928333	 63.211954	 62.542784	 61.919285	 61.339802	 60.802583	 60.305799	 59.847562	 59.425944	 59.038995	 58.684756	 58.361277	  58.06663	 57.798919	 57.556293	 57.336953	 57.139162	 56.961251	 56.801624	  56.65876	 56.531219	 56.417644	 56.316759	 56.227371	 56.148367	 56.078716	 56.017465	 55.963736	 55.916722	 55.875687	 55.839961	 55.808934	 55.782056	 55.758829	 55.738808	 55.721594	  55.70683	 55.694199	 55.683419	 55.674243	  55.66645	  55.65985	 55.654273	 55.649573	 55.645621	 55.642307	 55.639534	 55.637221	 55.635295	 55.633695	 55.632371	 55.631276	 55.630374	 55.629633	 55.629025	 55.628527	 55.628121	  55.62779	 55.627522	 55.627305	 55.627129	 55.626987	 55.626873	 55.626782	 55.626709	 55.626651	 55.626604	 55.626567	 55.626538	 55.626515	 55.626497	 55.626483	 55.626471	 55.626463	 55.626456	  55.62645	 55.626446	 55.626443	 55.626441	 55.626439	 55.626437	 55.626436	 55.626435	 55.626434	 55.626434	 55.626434	 55.626433	 55.626433	 55.626433	 55.626433	 55.626433	 55.626433	 55.626433	 55.626433	 55.626433	 55.626432	 55.626432	 55.626432	 55.626432	 55.626432	 55.626432	 55.626432	 55.626432	 55.626432	 55.626432	 55.626432	 55.626432	 55.626432	 55.626432	 55.626432	 55.626432	 55.626432	 55.626432	 55.626432	 55.626432	 55.626432	 55.626432	 55.626432	 55.626432	 55.626432	 55.626432	 55.626432	 55.626432	 55.626432	 55.626432	 55.626432	 55.626432	 55.626432	 55.626432	 55.626432	 55.626432	 55.626432	 55.626432	 55.626432	 55.626432	 55.626432	 55.626432	 55.626432	 55.626432	 55.626432	 55.626432	 55.626432	 55.626432	 55.626432	 55.626432	 55.626432	 55.626432	 55.626432	 55.626432	 55.626432	 55.626432	 55.626432	 55.626432	 55.626432	 55.626432	 55.626432	 55.626432	 55.626432	 55.626432	 55.626432	 55.626432	 55.626432	 55.626432	 55.626432	 55.626432	 55.626432	 55.626432	 55.626432	 55.626432	 55.626432	 55.626432	 55.626432	 55.626432	 55.626432	
        99	 97.167773	  95.34017	  93.52178	 91.717121	  89.93061	 88.166527	 86.428986	 84.721907	 83.048985	 81.413676	 79.819165	 78.268357	 76.763859	  75.30797	 73.902672	 72.549628	  71.25018	 70.005353	 68.815856	 67.682095	 66.604183	 65.581951	 64.614966	 63.702546	 62.843782	 62.037554	 61.282554	 60.577307	 59.920194	  59.30947	 58.743289	 58.219722	 57.736781	 57.292433	 56.884622	 56.511286	 56.170368	 55.859836	 55.577692	 55.321986	 55.090821	 54.882367	 54.694864	 54.526631	 54.376064	 54.241648	  54.12195	 54.015626	 53.921418	 53.838155	  53.76475	 53.700197	 53.643571	 53.594022	 53.550775	 53.513123	 53.480423	 53.452096	 53.427617	 53.406517	 53.388375	 53.372815	 53.359502	 53.348142	  53.33847	 53.330258	 53.323302	 53.317424	  53.31247	 53.308306	 53.304813	 53.301891	 53.299452	 53.297423	 53.295737	 53.294341	 53.293188	 53.292237	 53.291455	 53.290814	  53.29029	 53.289862	 53.289514	 53.289231	 53.289002	 53.288817	 53.288667	 53.288547	 53.288451	 53.288374	 53.288313	 53.288264	 53.288225	 53.288194	  53.28817	 53.288151	 53.288135	 53.288124	 53.288114	 53.288107	 53.288102	 53.288097	 53.288094	 53.288091	 53.288089	 53.288088	 53.288086	 53.288085	 53.288085	 53.288084	 53.288084	 53.288083	 53.288083	 53.288083	 53.288083	 53.288083	 53.288083	 53.288083	 53.288083	 53.288083	 53.288083	 53.288083	 53.288083	 53.288083	 53.288083	 53.288083	 53.288083	 53.288083	 53.288083	 53.288083	 53.288083	 53.288083	 53.288083	 53.288083	 53.288083	 53.288083	 53.288083	 53.288083	 53.288083	 53.288083	 53.288083	 53.288083	 53.288083	 53.288083	 53.288083	 53.288083	 53.288083	 53.288083	 53.288083	 53.288083	 53.288083	 53.288083	 53.288083	 53.288083	 53.288083	 53.288083	 53.288083	 53.288083	 53.288083	 53.288083	 53.288083	 53.288083	 53.288083	 53.288083	 53.288083	 53.288083	 53.288083	 53.288083	 53.288083	 53.288083	 53.288083	 53.288083	 53.288083	 53.288083	 53.288083	 53.288083	 53.288083	 53.288083	 53.288083	 53.288083	 53.288083	 53.288083	 53.288083	 53.288083	 53.288083	 53.288083	 53.288083	 53.288083	 53.288083	 53.288083	 53.288083	 53.288083	 53.288083	 53.288083	 53.288083	 53.288083	 53.288083	 53.288083	 53.288083	
        99	  97.07776	 95.160371	 93.252647	 91.359329	 89.485051	 87.634303	 85.811401	 84.020456	 82.265348	 80.549699	 78.876853	 77.249858	 75.671447	 74.144033	 72.669696	  71.25018	 69.886894	 68.580911	 67.332976	 66.143517	 65.012649	 63.940197	 62.925706	 61.968461	 61.067508	 60.221672	  59.42958	 58.689687	 58.000291	 57.359563	 56.765567	 56.216279	 55.709611	 55.243434	 54.815588	  54.42391	 54.066244	 53.740456	 53.444452	 53.176183	 52.933661	 52.714966	 52.518252	 52.341754	  52.18379	  52.04277	 51.917192	 51.805645	 51.706809	 51.619455	 51.542443	 51.474719	 51.415311	 51.363328	 51.317957	 51.278455	 51.244148	 51.214429	 51.188748	 51.166611	 51.147578	 51.131253	 51.117287	 51.105368	 51.095222	 51.086606	 51.079308	 51.073142	 51.067945	 51.063575	 51.059911	 51.056845	 51.054287	 51.052157	 51.050389	 51.048925	 51.047714	 51.046717	 51.045897	 51.045225	 51.044674	 51.044226	  51.04386	 51.043563	 51.043323	 51.043129	 51.042972	 51.042846	 51.042745	 51.042664	   51.0426	 51.042549	 51.042508	 51.042476	  51.04245	  51.04243	 51.042414	 51.042402	 51.042392	 51.042384	 51.042378	 51.042374	  51.04237	 51.042368	 51.042365	 51.042364	 51.042363	 51.042362	 51.042361	  51.04236	  51.04236	  51.04236	 51.042359	 51.042359	 51.042359	 51.042359	 51.042359	 51.042359	 51.042359	 51.042359	 51.042359	 51.042359	 51.042359	 51.042359	 51.042359	 51.042359	 51.042359	 51.042359	 51.042359	 51.042359	 51.042359	 51.042359	 51.042359	 51.042359	 51.042359	 51.042359	 51.042359	 51.042359	 51.042359	 51.042359	 51.042359	 51.042359	 51.042359	 51.042359	 51.042359	 51.042359	 51.042359	 51.042359	 51.042359	 51.042359	 51.042359	 51.042359	 51.042359	 51.042359	 51.042359	 51.042359	 51.042359	 51.042359	 51.042359	 51.042359	 51.042359	 51.042359	 51.042359	 51.042359	 51.042359	 51.042359	 51.042359	 51.042359	 51.042359	 51.042359	 51.042359	 51.042359	 51.042359	 51.042359	 51.042359	 51.042359	 51.042359	 51.042359	 51.042359	 51.042359	 51.042359	 51.042359	 51.042359	 51.042359	 51.042359	 51.042359	 51.042359	 51.042359	 51.042359	 51.042359	 51.042359	 51.042359	 51.042359	 51.042359	 51.042359	 51.042359	 51.042359	 51.042359	 51.042359	
