Time step 13:
        99	        99	        99	        99	        99	        99	        99	        99	        99	        99	        99	        99	        99	        99	        99	        99	        99	        99	        99	        99	        99	        99	        99	        99	        99	        99	        99	        99	        99	        99	        99	        99	        99	        99	        99	        99	        99	        99	        99	        99	        99	        99	        99	        99	        99	        99	        99	        99	        99	        99	        99	        99	        99	        99	        99	        99	        99	        99	        99	        99	        99	        99	        99	        99	        99	        99	        99	        99	        99	        99	        99	        99	        99	        99	        99	        99	        99	        99	        99	        99	        99	        99	        99	        99	        99	        99	        99	        99	        99	        99	        99	        99	        99	        99	        99	        99	        99	        99	        99	        99	        99	        99	        99	        99	        99	        99	        99	        99	        99	        99	        99	        99	        99	        99	        99	        99	        99	        99	        99	        99	        99	        99	        99	        99	        99	        99	        99	        99	        99	        99	        99	        99	        99	        99	        99	        99	        99	        99	        99	        99	        99	        99	        99	        99	        99	        99	        99	        99	        99	        99	        99	        99	        99	        99	        99	        99	        99	        99	        99	        99	        99	        99	        99	        99	        99	        99	        99	        99	        99	        99	        99	        99	        99	        99	        99	        99	        99	        99	        99	        99	        99	        99	        99	        99	        99	        99	        99	        99	        99	        99	        99	        99	        99	        99	        99	        99	        99	        99	        99	        99	
        99	 98.951166	 98.902379	 98.853688	 98.805137	 98.756775	 98.708648	   98.6608	 98.613277	 98.566121	 98.519376	 98.473082	 98.427281	 98.382011	 98.337308	  98.29321	 98.249749	 98.206959	  98.16487	  98.12351	 98.082906	 98.043084	 98.004066	 97.965873	 97.928524	 97.892035	 97.856422	 97.821697	  97.78787	 97.754952	 97.722947	 97.691862	 97.661699	 97.632459	 97.604142	 97.576744	 97.550262	  97.52469	  97.50002	 97.476245	 97.453353	 97.431334	 97.410174	 97.389859	 97.370376	 97.351708	 97.333838	 97.316748	 97.300421	 97.284838	 97.269979	 97.255824	 97.242353	 97.229546	  97.21738	 97.205837	 97.194893	 97.184529	 97.174723	 97.165454	   97.1567	 97.148442	  97.14066	 97.133331	 97.126438	 97.119959	 97.113877	 97.108173	 97.102827	 97.097824	 97.093144	 97.088772	 97.084691	 97.080885	  97.07734	  97.07404	 97.070972	 97.068122	 97.065478	 97.063026	 97.060755	 97.058654	 97.056712	 97.054918	 97.053263	 97.051738	 97.050333	 97.049041	 97.047853	 97.046763	 97.045763	 97.044846	 97.044007	  97.04324	 97.042538	 97.041898	 97.041315	 97.040783	 97.040299	 97.039858	 97.039459	 97.039096	 97.038767	 97.038469	 97.038199	 97.037955	 97.037735	 97.037536	 97.037357	 97.037196	  97.03705	  97.03692	 97.036803	 97.036698	 97.036603	 97.036519	 97.036444	 97.036376	 97.036316	 97.036262	 97.036215	 97.036172	 97.036134	 97.036101	 97.036071	 97.036044	 97.036021	    97.036	 97.035982	 97.035965	 97.035951	 97.035938	 97.035927	 97.035918	 97.035909	 97.035901	 97.035895	 97.035889	 97.035884	 97.035879	 97.035876	 97.035872	 97.035869	 97.035867	 97.035864	 97.035862	 97.035861	 97.035859	 97.035858	 97.035857	 97.035856	 97.035855	 97.035854	 97.035854	 97.035853	 97.035853	 97.035852	 97.035852	 97.035852	 97.035851	 97.035851	 97.035851	 97.035851	 97.035851	 97.035851	 97.035851	  97.03585	  97.03585	  97.03585	  97.03585	  97.03585	  97.03585	  97.03585	  97.03585	  97.03585	  97.03585	  97.03585	  97.03585	  97.03585	  97.03585	  97.03585	  97.03585	  97.03585	  97.03585	  97.03585	  97.03585	  97.03585	  97.03585	  97.03585	  97.03585	  97.03585	  97.03585	  97.03585	  97.03585	  97.03585	  97.03585	  97.03585	  97.03585	  97.03585	  97.03585	
        99	 98.902379	 98.804854	 98.707517	 98.610464	 98.513787	 98.417579	  98.32193	 98.226929	 98.132663	 98.039218	 97.946676	 97.855118	 97.764622	  97.67526	 97.587106	 97.500227	 97.414689	 97.330551	 97.247871	 97.166703	 97.087098	 97.009099	  96.93275	 96.858087	 96.785146	 96.713954	 96.644537	 96.576918	 96.511112	 96.447135	 96.384995	 96.324698	 96.266246	 96.209639	  96.15487	 96.101931	 96.050812	 96.001497	 95.953969	 95.908208	  95.86419	 95.821891	 95.781282	 95.742334	 95.705016	 95.669293	 95.635131	 95.602493	 95.571342	 95.541638	 95.513342	 95.486413	  95.46081	 95.436492	 95.413415	 95.391539	 95.370821	 95.351218	 95.332688	  95.31519	 95.298683	 95.283124	 95.268475	 95.254695	 95.241744	 95.229586	 95.218183	 95.207497	 95.197494	 95.188139	 95.179399	 95.171241	 95.163633	 95.156546	  95.14995	 95.143817	  95.13812	 95.132834	 95.127933	 95.123393	 95.119193	  95.11531	 95.111725	 95.108416	 95.105367	 95.102559	 95.099976	 95.097602	 95.095422	 95.093423	 95.091591	 95.089914	 95.088379	 95.086978	 95.085698	 95.084531	 95.083468	   95.0825	  95.08162	 95.080821	 95.080095	 95.079438	 95.078842	 95.078303	 95.077815	 95.077375	 95.076978	 95.076619	 95.076297	 95.076007	 95.075746	 95.075512	 95.075302	 95.075113	 95.074945	 95.074794	 95.074659	 95.074539	 95.074432	 95.074336	 95.074251	 95.074175	 95.074108	 95.074048	 95.073995	 95.073948	 95.073907	  95.07387	 95.073838	 95.073809	 95.073784	 95.073762	 95.073742	 95.073725	  95.07371	 95.073697	 95.073685	 95.073675	 95.073666	 95.073658	 95.073651	 95.073645	  95.07364	 95.073636	 95.073632	 95.073629	 95.073626	 95.073623	 95.073621	 95.073619	 95.073617	 95.073616	 95.073615	 95.073613	 95.073613	 95.073612	 95.073611	  95.07361	  95.07361	  95.07361	 95.073609	 95.073609	 95.073609	 95.073608	 95.073608	 95.073608	 95.073608	 95.073608	 95.073608	 95.073608	 95.073607	 95.073607	 95.073607	 95.073607	 95.073607	 95.073607	 95.073607	 95.073607	 95.073607	 95.073607	 95.073607	 95.073607	 95.073607	 95.073607	 95.073607	 95.073607	 95.073607	 95.073607	 95.073607	 95.073607	 95.073607	 95.073607	 95.073607	 95.073607	 95.073607	 95.073607	 95.073607	 95.073607	 95.073607	
        99	 98.853688	 98.707517	 98.561631	 98.416168	  98.27127	 98.127075	 97.983717	 97.841331	 97.700047	 97.559992	 97.421292	 97.284066	 97.148431	 97.014497	 96.882373	  96.75216	 96.623956	 96.497851	 96.373932	 96.252279	 96.132966	 96.016063	 95.901632	 95.789729	 95.680405	 95.573703	 95.469663	 95.368316	 95.269687	 95.173799	 95.080664	 94.990292	 94.902685	 94.817842	 94.735756	 94.656412	 94.579795	 94.505883	 94.434649	 94.366062	 94.300089	 94.236691	 94.175827	 94.117453	  94.06152	 94.007979	 93.956778	 93.907861	 93.861171	 93.816651	 93.774242	 93.733881	 93.695508	  93.65906	 93.624473	 93.591685	 93.560633	 93.531252	 93.503481	 93.477255	 93.452514	 93.429195	 93.407238	 93.386585	 93.367175	 93.348953	 93.331861	 93.315846	 93.300853	 93.286832	 93.273733	 93.261505	 93.250103	 93.239481	 93.229595	 93.220403	 93.211865	 93.203941	 93.196596	 93.189792	 93.183497	 93.177677	 93.172303	 93.167345	 93.162774	 93.158566	 93.154695	 93.151136	  93.14787	 93.144873	 93.142127	 93.139613	 93.137314	 93.135213	 93.133295	 93.131546	 93.129952	 93.128502	 93.127183	 93.125985	 93.124898	 93.123912	 93.123019	  93.12221	  93.12148	  93.12082	 93.120225	 93.119688	 93.119205	  93.11877	 93.118379	 93.118028	 93.117713	 93.117431	 93.117178	 93.116952	  93.11675	  93.11657	 93.116409	 93.116266	 93.116138	 93.116024	 93.115924	 93.115834	 93.115755	 93.115685	 93.115622	 93.115567	 93.115519	 93.115476	 93.115438	 93.115405	 93.115375	  93.11535	 93.115327	 93.115307	  93.11529	 93.115275	 93.115261	  93.11525	 93.115239	 93.115231	 93.115223	 93.115216	  93.11521	 93.115205	 93.115201	 93.115197	 93.115194	 93.115191	 93.115188	 93.115186	 93.115184	 93.115183	 93.115181	  93.11518	 93.115179	 93.115178	 93.115177	 93.115177	 93.115176	 93.115176	 93.115175	 93.115175	 93.115175	 93.115174	 93.115174	 93.115174	 93.115174	 93.115174	 93.115174	 93.115174	 93.115173	 93.115173	 93.115173	 93.115173	 93.115173	 93.115173	 93.115173	 93.115173	 93.115173	 93.115173	 93.115173	 93.115173	 93.115173	 93.115173	 93.115173	 93.115173	 93.115173	 93.115173	 93.115173	 93.115173	 93.115173	 93.115173	 93.115173	 93.115173	 93.115173	 93.115173	 93.115173	
        99	 98.805137	 98.610464	 98.416168	 98.222438	  98.02946	 97.837416	 97.646488	 97.456855	 97.268689	 97.082161	 96.897437	 96.714676	 96.534033	 96.355657	 96.179691	  96.00627	 95.835524	 95.667574	 95.502536	 95.340515	 95.181612	 95.025918	 94.873515	  94.72448	 94.578879	 94.436771	 94.298207	 94.163231	 94.031875	 93.904168	 93.780129	 93.659769	 93.543093	 93.430097	 93.320771	   93.2151	 93.113059	 93.014621	 92.919749	 92.828404	 92.740539	 92.656104	 92.575044	   92.4973	 92.422807	   92.3515	 92.283309	  92.21816	 92.155978	 92.096685	 92.040203	 91.986449	 91.935343	   91.8868	 91.840737	  91.79707	 91.755713	 91.716583	 91.679596	 91.644668	 91.611717	 91.580661	 91.551418	 91.523911	 91.498061	 91.473792	 91.451029	 91.429699	 91.409732	 91.391059	 91.373612	 91.357327	 91.342141	 91.327995	 91.314828	 91.302586	 91.291215	 91.280662	 91.270879	 91.261818	 91.253434	 91.245683	 91.238526	 91.231922	 91.225835	  91.22023	 91.215074	 91.210335	 91.205984	 91.201993	 91.198336	 91.194988	 91.191926	 91.189127	 91.186573	 91.184244	 91.182122	  91.18019	 91.178433	 91.176838	  91.17539	 91.174077	 91.172887	 91.171811	 91.170838	 91.169959	 91.169166	 91.168451	 91.167808	 91.167228	 91.166708	  91.16624	 91.165821	 91.165445	 91.165109	 91.164808	 91.164539	 91.164298	 91.164084	 91.163893	 91.163723	 91.163572	 91.163438	 91.163319	 91.163213	  91.16312	 91.163037	 91.162963	 91.162899	 91.162842	 91.162791	 91.162747	 91.162708	 91.162674	 91.162643	 91.162617	 91.162594	 91.162574	 91.162556	  91.16254	 91.162527	 91.162515	 91.162505	 91.162496	 91.162488	 91.162481	 91.162475	  91.16247	 91.162466	 91.162462	 91.162458	 91.162456	 91.162453	 91.162451	 91.162449	 91.162448	 91.162446	 91.162445	 91.162444	 91.162443	 91.162442	 91.162442	 91.162441	 91.162441	  91.16244	  91.16244	  91.16244	  91.16244	 91.162439	 91.162439	 91.162439	 91.162439	 91.162439	 91.162439	 91.162439	 91.162439	 91.162439	 91.162438	 91.162438	 91.162438	 91.162438	 91.162438	 91.162438	 91.162438	 91.162438	 91.162438	 91.162438	 91.162438	 91.162438	 91.162438	 91.162438	 91.162438	 91.162438	 91.162438	 91.162438	 91.162438	 91.162438	 91.162438	 91.162438	
        99	 98.756775	 98.513787	  98.27127	  98.02946	 97.788586	  97.54888	 97.310568	  97.07387	 96.839004	 96.606184	 96.375613	 96.147494	 95.922019	 95.699373	 95.479734	 95.263273	  95.05015	 94.840518	 94.634519	 94.432288	 94.233947	 94.039612	 93.849386	 93.663362	 93.481625	 93.304248	 93.131295	 92.962819	 92.798864	 92.639462	 92.484638	 92.334406	 92.188773	 92.047733	 91.911274	 91.779377	 91.652012	 91.529142	 91.410725	 91.296709	 91.187038	 91.081648	  90.98047	  90.88343	  90.79045	 90.701446	  90.61633	 90.535012	 90.457397	 90.383389	 90.312889	 90.245795	 90.182004	 90.121414	 90.063919	 90.009414	 89.957793	 89.908952	 89.862785	 89.819189	  89.77806	 89.739295	 89.702796	 89.668462	 89.636196	 89.605904	 89.577491	 89.550868	 89.525945	 89.502637	  89.48086	 89.460534	 89.441579	 89.423922	 89.407488	 89.392207	 89.378014	 89.364842	 89.352631	 89.341321	 89.330856	 89.321182	 89.312248	 89.304005	 89.296408	 89.289412	 89.282976	 89.277061	  89.27163	 89.266649	 89.262084	 89.257905	 89.254082	  89.25059	 89.247402	 89.244494	 89.241845	 89.239434	 89.237242	  89.23525	 89.233442	 89.231804	 89.230319	 89.228976	 89.227761	 89.226664	 89.225674	 89.224782	 89.223979	 89.223256	 89.222606	 89.222022	 89.221499	  89.22103	  89.22061	 89.220234	 89.219898	 89.219599	 89.219331	 89.219093	 89.218881	 89.218692	 89.218525	 89.218376	 89.218244	 89.218127	 89.218024	 89.217932	 89.217852	  89.21778	 89.217717	 89.217662	 89.217613	  89.21757	 89.217533	   89.2175	 89.217471	 89.217446	 89.217423	 89.217404	 89.217387	 89.217372	  89.21736	 89.217348	 89.217339	  89.21733	 89.217323	 89.217316	 89.217311	 89.217306	 89.217302	 89.217298	 89.217295	 89.217293	  89.21729	 89.217288	 89.217287	 89.217285	 89.217284	 89.217283	 89.217282	 89.217281	 89.217281	  89.21728	 89.217279	 89.217279	 89.217279	 89.217278	 89.217278	 89.217278	 89.217278	 89.217278	 89.217277	 89.217277	 89.217277	 89.217277	 89.217277	 89.217277	 89.217277	 89.217277	 89.217277	 89.217277	 89.217277	 89.217277	 89.217277	 89.217277	 89.217277	 89.217277	 89.217277	 89.217277	 89.217277	 89.217277	 89.217277	 89.217277	 89.217277	 89.217277	 89.217277	 89.217277	 89.217277	
        99	 98.708648	 98.417579	 98.127075	 97.837416	  97.54888	 97.261743	 96.976275	 96.692741	 96.411402	 96.132512	 95.856318	  95.58306	 95.312969	 95.046268	 94.783169	 94.523876	 94.268581	 94.017469	 93.770708	 93.528461	 93.290874	 93.058085	 92.830218	 92.607386	 92.389688	 92.177213	 91.970038	 91.768225	 91.571826	 91.380883	 91.195424	 91.015466	 90.841015	 90.672067	 90.508608	 90.350611	 90.198044	 90.050862	 89.909013	 89.772436	 89.641064	  89.51482	 89.393622	 89.277381	 89.166002	 89.059387	 88.957429	  88.86002	 88.767047	 88.678395	 88.593945	 88.513574	 88.437162	 88.364582	  88.29571	  88.23042	 88.168585	  88.11008	 88.054778	 88.002555	 87.953287	 87.906853	 87.863131	 87.822003	 87.783353	 87.747066	 87.713032	  87.68114	 87.651286	 87.623366	  87.59728	 87.572932	 87.550227	 87.529075	 87.509389	 87.491085	 87.474083	 87.458305	 87.443678	  87.43013	 87.417594	 87.406006	 87.395304	  87.38543	 87.376329	 87.367949	  87.36024	 87.353155	 87.346649	 87.340682	 87.335214	 87.330208	 87.325629	 87.321445	 87.317626	 87.314144	  87.31097	 87.308082	 87.305456	  87.30307	 87.300905	 87.298942	 87.297164	 87.295554	 87.294099	 87.292785	   87.2916	 87.290531	 87.289569	 87.288703	 87.287924	 87.287225	 87.286598	 87.286036	 87.285533	 87.285083	 87.284681	 87.284322	 87.284002	 87.283716	 87.283462	 87.283236	 87.283035	 87.282857	 87.282699	 87.282559	 87.282435	 87.282326	 87.282229	 87.282144	 87.282068	 87.282002	 87.281944	 87.281892	 87.281847	 87.281808	 87.281773	 87.281743	 87.281716	 87.281693	 87.281673	 87.281655	  87.28164	 87.281626	 87.281615	 87.281605	 87.281596	 87.281588	 87.281581	 87.281576	 87.281571	 87.281567	 87.281563	  87.28156	 87.281557	 87.281555	 87.281553	 87.281551	 87.281549	 87.281548	 87.281547	 87.281546	 87.281545	 87.281544	 87.281544	 87.281543	 87.281543	 87.281543	 87.281542	 87.281542	 87.281542	 87.281542	 87.281541	 87.281541	 87.281541	 87.281541	 87.281541	 87.281541	 87.281541	 87.281541	 87.281541	 87.281541	 87.281541	 87.281541	 87.281541	 87.281541	 87.281541	 87.281541	 87.281541	 87.281541	 87.281541	 87.281541	 87.281541	 87.281541	 87.281541	 87.281541	 87.281541	 87.281541	 87.281541	
        99	   98.6608	  98.32193	 97.983717	 97.646488	 97.310568	 96.976275	 96.643925	 96.313827	 95.986285	 95.661593	 95.340041	 95.021907	  94.70746	 94.396959	 94.090652	 93.788776	 93.491555	 93.199203	 92.911918	 92.629887	 92.353283	 92.082263	 91.816974	 91.557547	 91.304097	 91.056728	 90.815529	 90.580573	 90.351921	  90.12962	 89.913703	 89.704191	  89.50109	 89.304397	 89.114093	 88.930149	 88.752526	 88.581173	 88.416028	 88.257022	 88.104075	 87.957099	 87.815996	 87.680666	 87.550996	 87.426871	 87.308168	 87.194762	 87.086521	  86.98331	  86.88499	 86.791421	  86.70246	 86.617961	 86.537778	 86.461766	 86.389776	 86.321662	 86.257278	 86.196479	  86.13912	  86.08506	 86.034157	 85.986275	 85.941278	 85.899032	 85.859408	 85.822279	 85.787522	 85.755017	 85.724647	   85.6963	 85.669866	 85.645241	 85.622322	 85.601012	 85.581218	 85.562849	 85.545819	 85.530046	 85.515451	  85.50196	 85.489501	 85.478006	  85.46741	 85.457654	 85.448678	  85.44043	 85.432856	 85.425909	 85.419542	 85.413714	 85.408383	 85.403513	 85.399067	 85.395012	 85.391318	 85.387955	 85.384898	  85.38212	 85.379599	 85.377313	 85.375243	  85.37337	 85.371676	 85.370146	 85.368766	 85.367521	 85.366401	 85.365393	 85.364486	 85.363673	 85.362943	 85.362289	 85.361703	 85.361179	  85.36071	 85.360292	  85.35992	 85.359587	 85.359292	 85.359029	 85.358795	 85.358587	 85.358403	  85.35824	 85.358096	 85.357969	 85.357856	 85.357757	 85.357669	 85.357592	 85.357524	 85.357464	 85.357412	 85.357366	 85.357325	  85.35729	 85.357259	 85.357232	 85.357208	 85.357188	  85.35717	 85.357154	 85.357141	 85.357129	 85.357119	  85.35711	 85.357102	 85.357095	  85.35709	 85.357085	  85.35708	 85.357077	 85.357073	 85.357071	 85.357068	 85.357066	 85.357065	 85.357063	 85.357062	 85.357061	  85.35706	 85.357059	 85.357058	 85.357058	 85.357057	 85.357057	 85.357056	 85.357056	 85.357056	 85.357056	 85.357055	 85.357055	 85.357055	 85.357055	 85.357055	 85.357055	 85.357055	 85.357055	 85.357055	 85.357055	 85.357055	 85.357055	 85.357055	 85.357055	 85.357055	 85.357055	 85.357055	 85.357055	 85.357055	 85.357055	 85.357055	 85.357055	 85.357055	 85.357055	 85.357055	 85.357055	 85.357055	
        99	 98.613277	 98.226929	 97.841331	 97.456855	  97.07387	 96.692741	 96.313827	 95.937481	 95.564048	 95.193866	 94.827263	 94.464557	 94.106054	  93.75205	 93.402828	 93.058657	 92.719795	 92.386483	 92.058948	 91.737403	 91.422045	 91.113054	 90.810597	 90.514823	 90.225863	 89.943837	 89.668844	  89.40097	 89.140282	 88.886836	 88.640668	 88.401802	 88.170247	 87.945995	 87.729029	 87.519314	 87.316805	 87.121444	 86.933162	 86.751879	 86.577503	 86.409934	 86.249063	 86.094771	 85.946934	 85.805418	 85.670085	 85.540791	 85.417384	 85.299713	 85.187618	  85.08094	 84.979514	 84.883176	  84.79176	 84.705098	 84.623022	 84.545365	  84.47196	 84.402642	 84.337247	 84.275613	 84.217579	 84.162988	 84.111687	 84.063522	 84.018346	 83.976016	 83.936389	  83.89933	 83.864705	 83.832386	 83.802249	 83.774173	 83.748043	 83.723748	 83.701181	 83.680238	 83.660822	 83.642839	   83.6262	 83.610818	 83.596613	 83.583508	 83.571428	 83.560305	 83.550072	 83.540667	 83.532032	 83.524112	 83.516854	 83.510209	 83.504131	 83.498578	 83.493509	 83.488886	 83.484674	 83.480841	 83.477355	 83.474188	 83.471314	 83.468708	 83.466348	 83.464212	 83.462281	 83.460537	 83.458963	 83.457544	 83.456267	 83.455117	 83.454084	 83.453156	 83.452324	 83.451578	  83.45091	 83.450313	 83.449779	 83.449302	 83.448877	 83.448499	 83.448161	 83.447861	 83.447595	 83.447359	 83.447149	 83.446963	 83.446799	 83.446653	 83.446525	 83.446411	 83.446311	 83.446223	 83.446146	 83.446078	 83.446018	 83.445966	  83.44592	 83.445879	 83.445844	 83.445813	 83.445786	 83.445763	 83.445743	 83.445725	 83.445709	 83.445696	 83.445684	 83.445674	 83.445665	 83.445658	 83.445651	 83.445645	  83.44564	 83.445636	 83.445633	 83.445629	 83.445627	 83.445624	 83.445622	 83.445621	 83.445619	 83.445618	 83.445617	 83.445616	 83.445615	 83.445615	 83.445614	 83.445614	 83.445613	 83.445613	 83.445612	 83.445612	 83.445612	 83.445612	 83.445612	 83.445612	 83.445611	 83.445611	 83.445611	 83.445611	 83.445611	 83.445611	 83.445611	 83.445611	 83.445611	 83.445611	 83.445611	 83.445611	 83.445611	 83.445611	 83.445611	 83.445611	 83.445611	 83.445611	 83.445611	 83.445611	 83.445611	 83.445611	 83.445611	
        99	 98.566121	 98.132663	 97.700047	 97.268689	 96.839004	 96.411402	 95.986285	 95.564048	 95.145081	  94.72976	 94.318455	 93.911521	 93.509304	 93.112134	 92.720329	 92.334192	  91.95401	 91.580054	 91.212581	 90.851828	 90.498016	 90.151349	 89.812011	 89.480171	 89.155977	 88.839561	 88.531037	 88.230498	 87.938024	 87.653673	 87.377489	 87.109496	 86.849705	  86.59811	 86.354687	   86.1194	 85.892198	 85.673016	 85.461775	 85.258387	 85.062748	 84.874747	 84.694259	 84.521154	  84.35529	 84.196519	 84.044684	 83.899623	 83.761169	 83.629149	 83.503386	   83.3837	 83.269907	 83.161822	 83.059258	 82.962029	 82.869945	 82.782818	 82.700463	 82.622693	 82.549324	 82.480174	 82.415064	 82.353817	 82.296259	 82.242221	 82.191538	 82.144045	 82.099587	 82.058009	 82.019162	 81.982902	  81.94909	 81.917591	 81.888275	 81.861017	 81.835698	 81.812201	 81.790418	 81.770243	 81.751574	 81.734317	  81.71838	 81.703676	 81.690123	 81.677644	 81.666163	 81.655612	 81.645924	 81.637038	 81.628895	 81.621439	 81.614621	 81.608391	 81.602703	 81.597517	 81.592791	  81.58849	 81.584579	 81.581027	 81.577802	 81.574878	  81.57223	 81.569834	 81.567667	  81.56571	 81.563945	 81.562353	  81.56092	  81.55963	 81.558471	  81.55743	 81.556497	  81.55566	  81.55491	  81.55424	 81.553641	 81.553106	  81.55263	 81.552205	 81.551826	  81.55149	 81.551191	 81.550925	  81.55069	 81.550482	 81.550297	 81.550134	  81.54999	 81.549863	 81.549751	 81.549652	 81.549565	 81.549489	 81.549422	 81.549363	 81.549311	 81.549266	 81.549226	 81.549192	 81.549162	 81.549135	 81.549112	 81.549092	 81.549075	  81.54906	 81.549047	 81.549035	 81.549026	 81.549017	  81.54901	 81.549003	 81.548998	 81.548993	 81.548989	 81.548985	 81.548982	  81.54898	 81.548978	 81.548976	 81.548974	 81.548973	 81.548971	  81.54897	  81.54897	 81.548969	 81.548968	 81.548968	 81.548967	 81.548967	 81.548966	 81.548966	 81.548966	 81.548966	 81.548966	 81.548965	 81.548965	 81.548965	 81.548965	 81.548965	 81.548965	 81.548965	 81.548965	 81.548965	 81.548965	 81.548965	 81.548965	 81.548965	 81.548965	 81.548965	 81.548965	 81.548965	 81.548965	 81.548965	 81.548965	 81.548965	 81.548965	 81.548965	 81.548965	
        99	 98.519376	 98.039218	 97.559992	 97.082161	 96.606184	 96.132512	 95.661593	 95.193866	  94.72976	 94.269694	 93.814075	   93.3633	 92.917748	 92.477788	 92.043771	 91.616032	  91.19489	 90.780646	 90.373582	 89.973962	 89.582031	 89.198014	 88.822117	 88.454525	 88.095404	 87.744898	 87.403134	 87.070216	 86.746231	 86.431245	 86.125305	  85.82844	  85.54066	 85.261957	 84.992309	 84.731673	 84.479992	 84.237196	 84.003197	 83.777896	 83.561179	 83.352923	  83.15299	 82.961235	 82.777501	 82.601624	 82.433431	 82.272742	 82.119371	 81.973128	 81.833815	 81.701234	 81.575181	 81.455451	 81.341838	 81.234133	 81.132128	 81.035615	 80.944387	 80.858238	 80.776965	 80.700365	  80.62824	 80.560394	 80.496635	 80.436775	 80.380631	 80.328022	 80.278774	 80.232716	 80.189684	 80.149518	 80.112063	  80.07717	 80.044695	 80.014501	 79.986454	 79.960426	 79.936296	 79.913947	 79.893267	 79.874151	 79.856496	 79.840209	 79.825196	 79.811371	 79.798654	 79.786966	 79.776234	 79.766391	  79.75737	 79.749112	 79.741559	 79.734657	 79.728357	 79.722612	 79.717377	 79.712613	 79.708281	 79.704345	 79.700773	 79.697534	 79.694601	 79.691946	 79.689546	 79.687379	 79.685423	  79.68366	 79.682072	 79.680643	 79.679359	 79.678206	 79.677172	 79.676245	 79.675415	 79.674673	 79.674009	 79.673417	 79.672888	 79.672418	 79.671999	 79.671626	 79.671295	 79.671001	  79.67074	 79.670509	 79.670305	 79.670124	 79.669965	 79.669824	 79.669699	  79.66959	 79.669494	 79.669409	 79.669335	  79.66927	 79.669212	 79.669162	 79.669119	  79.66908	 79.669047	 79.669018	 79.668992	  79.66897	 79.668951	 79.668934	  79.66892	 79.668907	 79.668896	 79.668887	 79.668879	 79.668872	 79.668865	  79.66886	 79.668856	 79.668852	 79.668848	 79.668846	 79.668843	 79.668841	 79.668839	 79.668838	 79.668836	 79.668835	 79.668834	 79.668833	 79.668833	 79.668832	 79.668831	 79.668831	 79.668831	  79.66883	  79.66883	  79.66883	  79.66883	  79.66883	 79.668829	 79.668829	 79.668829	 79.668829	 79.668829	 79.668829	 79.668829	 79.668829	 79.668829	 79.668829	 79.668829	 79.668829	 79.668829	 79.668829	 79.668829	 79.668829	 79.668829	 79.668829	 79.668829	 79.668829	 79.668829	 79.668829	 79.668829	
        99	 98.473082	 97.946676	 97.421292	 96.897437	 96.375613	 95.856318	 95.340041	 94.827263	 94.318455	 93.814075	 93.314572	 92.820378	 92.331911	 91.849575	 91.373753	 90.904815	 90.443109	 89.988966	 89.542694	 89.104583	 88.674902	 88.253897	 87.841793	 87.438795	 87.045083	 86.660817	 86.286135	 85.921151	  85.56596	 85.220634	 84.885227	 84.559768	 84.244269	 83.938722	 83.643101	 83.357361	 83.081439	 82.815257	 82.558719	 82.311717	 82.074127	 81.845811	 81.626622	 81.416397	 81.214966	 81.022148	 80.837755	 80.661588	 80.493445	 80.333116	 80.180385	 80.035033	 79.896839	 79.765577	 79.641021	 79.522942	 79.411112	 79.305303	 79.205288	 79.110841	  79.02174	 78.937761	 78.858689	 78.784309	 78.714409	 78.648783	 78.587231	 78.529555	 78.475563	 78.425069	 78.377892	 78.333857	 78.292795	 78.254541	 78.218939	 78.185836	 78.155087	 78.126552	 78.100098	 78.075596	 78.052925	 78.031967	 78.012613	 77.994756	 77.978297	 77.963141	 77.949198	 77.936385	  77.92462	 77.913828	 77.903938	 77.894885	 77.886604	 77.879038	 77.872131	 77.865832	 77.860094	  77.85487	 77.850121	 77.845806	  77.84189	 77.838339	 77.835123	 77.832213	 77.829582	 77.827205	 77.825061	 77.823128	 77.821388	 77.819821	 77.818414	  77.81715	 77.816016	 77.814999	 77.814089	 77.813276	 77.812548	 77.811899	 77.811319	 77.810803	 77.810344	 77.809935	 77.809572	  77.80925	 77.808964	 77.808711	 77.808487	 77.808289	 77.808114	  77.80796	 77.807823	 77.807703	 77.807598	 77.807505	 77.807424	 77.807352	  77.80729	 77.807235	 77.807187	 77.807145	 77.807108	 77.807076	 77.807048	 77.807024	 77.807003	 77.806984	 77.806969	 77.806955	 77.806943	 77.806932	 77.806923	 77.806916	 77.806909	 77.806903	 77.806898	 77.806894	  77.80689	 77.806887	 77.806885	 77.806882	  77.80688	 77.806879	 77.806877	 77.806876	 77.806875	 77.806874	 77.806873	 77.806872	 77.806872	 77.806871	 77.806871	 77.806871	  77.80687	  77.80687	  77.80687	  77.80687	  77.80687	 77.806869	 77.806869	 77.806869	 77.806869	 77.806869	 77.806869	 77.806869	 77.806869	 77.806869	 77.806869	 77.806869	 77.806869	 77.806869	 77.806869	 77.806869	 77.806869	 77.806869	 77.806869	 77.806869	 77.806869	 77.806869	 77.806869	
        99	 98.427281	 97.855118	 97.284066	 96.714676	 96.147494	  95.58306	 95.021907	 94.464557	 93.911521	   93.3633	 92.820378	 92.283227	 91.752302	 91.228039	 90.710858	 90.201158	 89.699319	   89.2057	 88.720637	 88.244444	 87.777414	 87.319814	 86.871889	 86.433861	 86.005927	 85.588259	 85.181008	 84.784299	 84.398233	 84.022891	 83.658329	  83.30458	 82.961657	 82.629552	 82.308235	 81.997657	 81.697751	 81.408431	 81.129595	 80.861123	  80.60288	 80.354719	 80.116477	 79.887978	 79.669039	 79.459461	 79.259039	  79.06756	 78.884801	 78.710535	 78.544528	 78.386543	 78.236336	 78.093665	 77.958282	 77.829939	 77.708388	 77.593382	 77.484674	 77.382017	 77.285171	 77.193893	 77.107948	 77.027101	 76.951126	 76.879796	 76.812893	 76.750204	 76.691519	 76.636636	 76.585358	 76.537495	 76.492864	 76.451285	 76.412588	 76.376608	 76.343186	 76.312171	 76.283417	 76.256786	 76.232143	 76.209364	 76.188327	 76.168918	 76.151029	 76.134555	 76.119401	 76.105473	 76.092686	 76.080956	 76.070207	 76.060366	 76.051366	 76.043142	 76.035635	 76.028788	 76.022551	 76.016874	 76.011711	 76.007021	 76.002765	 75.998906	  75.99541	 75.992247	 75.989387	 75.986804	 75.984473	 75.982373	 75.980481	 75.978778	 75.977248	 75.975874	 75.974642	 75.973537	 75.972548	 75.971663	 75.970873	 75.970167	 75.969537	 75.968976	 75.968477	 75.968033	 75.967638	 75.967288	 75.966977	 75.966702	 75.966459	 75.966243	 75.966053	 75.965885	 75.965737	 75.965607	 75.965492	 75.965391	 75.965303	 75.965225	 75.965157	 75.965097	 75.965045	    75.965	  75.96496	 75.964925	 75.964895	 75.964868	 75.964845	 75.964825	 75.964808	 75.964793	  75.96478	 75.964769	 75.964759	 75.964751	 75.964743	 75.964737	 75.964732	 75.964727	 75.964723	  75.96472	 75.964717	 75.964714	 75.964712	  75.96471	 75.964709	 75.964707	 75.964706	 75.964705	 75.964704	 75.964704	 75.964703	 75.964703	 75.964702	 75.964702	 75.964701	 75.964701	 75.964701	 75.964701	 75.964701	   75.9647	   75.9647	   75.9647	   75.9647	   75.9647	   75.9647	   75.9647	   75.9647	   75.9647	   75.9647	   75.9647	   75.9647	   75.9647	   75.9647	   75.9647	   75.9647	   75.9647	   75.9647	   75.9647	   75.9647	   75.9647	   75.9647	
        99	 98.382011	 97.764622	 97.148431	 96.534033	 95.922019	 95.312969	  94.70746	 94.106054	 93.509304	 92.917748	 92.331911	 91.752302	 91.179409	 90.613706	 90.055645	 89.505656	  88.96415	 88.431512	 87.908107	 87.394274	 86.890327	 86.396557	 85.913226	 85.440574	 84.978814	 84.528132	  84.08869	 83.660622	 83.244041	  82.83903	 82.445651	  82.06394	 81.693911	 81.335554	 80.988839	 80.653711	 80.330099	 80.017911	 79.717034	  79.42734	 79.148685	 78.880908	 78.623834	 78.377274	 78.141028	 77.914884	  77.69862	 77.492006	 77.294801	  77.10676	 76.927631	 76.757158	 76.595078	 76.441129	 76.295045	 76.156557	 76.025398	 75.901302	    75.784	  75.67323	 75.568728	 75.470235	 75.377496	  75.29026	 75.208278	  75.13131	  75.05912	 74.991475	 74.928151	  74.86893	 74.813599	 74.761953	 74.713793	 74.668928	 74.627172	 74.588348	 74.552284	 74.518818	 74.487791	 74.459054	 74.432464	 74.407884	 74.385185	 74.364242	 74.344938	 74.327163	  74.31081	 74.295782	 74.281983	 74.269326	 74.257727	 74.247109	 74.237397	 74.228523	 74.220422	 74.213035	 74.206305	 74.200178	 74.194608	 74.189547	 74.184955	  74.18079	 74.177019	 74.173605	 74.170519	 74.167732	 74.165217	  74.16295	 74.160909	 74.159072	 74.157421	 74.155938	 74.154608	 74.153416	 74.152349	 74.151395	 74.150541	  74.14978	   74.1491	 74.148495	 74.147956	 74.147477	 74.147051	 74.146673	 74.146338	 74.146041	 74.145779	 74.145546	 74.145341	  74.14516	    74.145	 74.144859	 74.144736	 74.144627	 74.144531	 74.144447	 74.144374	  74.14431	 74.144253	 74.144204	 74.144161	 74.144124	 74.144091	 74.144062	 74.144038	 74.144016	 74.143998	 74.143981	 74.143967	 74.143955	 74.143945	 74.143936	 74.143928	 74.143921	 74.143915	  74.14391	 74.143906	 74.143902	 74.143899	 74.143896	 74.143894	 74.143892	  74.14389	 74.143889	 74.143888	 74.143886	 74.143886	 74.143885	 74.143884	 74.143884	 74.143883	 74.143883	 74.143882	 74.143882	 74.143882	 74.143882	 74.143881	 74.143881	 74.143881	 74.143881	 74.143881	 74.143881	 74.143881	 74.143881	 74.143881	 74.143881	 74.143881	 74.143881	 74.143881	 74.143881	 74.143881	 74.143881	 74.143881	 74.143881	 74.143881	 74.143881	 74.143881	 74.143881	 74.143881	
        99	 98.337308	  97.67526	 97.014497	 96.355657	 95.699373	 95.046268	 94.396959	  93.75205	 93.112134	 92.477788	 91.849575	 91.228039	 90.613706	 90.007083	 89.408654	 88.818882	 88.238206	  87.66704	 87.105774	 86.554773	 86.014373	 85.484886	 84.966593	 84.459752	  83.96459	 83.481308	 83.010079	 82.551047	 82.104332	 81.670025	 81.248191	 80.838869	 80.442074	 80.057795	    79.686	 79.326631	 78.979611	  78.64484	 78.322199	  78.01155	 77.712739	 77.425592	 77.149922	 76.885527	 76.632193	 76.389691	 76.157784	 75.936223	 75.724754	 75.523111	 75.331025	  75.14822	 74.974417	 74.809332	  74.65268	 74.504175	 74.363529	 74.230456	 74.104669	 73.985886	 73.873825	 73.768208	 73.668761	 73.575214	 73.487302	 73.404767	 73.327354	 73.254816	 73.186912	 73.123407	 73.064074	 73.008692	 72.957049	 72.908938	 72.864162	 72.822529	 72.783857	  72.74797	 72.714699	 72.683883	  72.65537	 72.629012	  72.60467	 72.582212	 72.561512	 72.542451	 72.524916	   72.5088	 72.494004	 72.480431	 72.467993	 72.456607	 72.446192	 72.436676	  72.42799	 72.420068	 72.412851	 72.406282	 72.400308	 72.394882	 72.389957	 72.385491	 72.381446	 72.377786	 72.374477	 72.371488	 72.368792	 72.366361	 72.364171	 72.362202	 72.360431	 72.358841	 72.357415	 72.356137	 72.354993	 72.353969	 72.353054	 72.352237	 72.351509	  72.35086	 72.350282	 72.349768	 72.349312	 72.348906	 72.348547	 72.348228	 72.347947	 72.347698	 72.347477	 72.347283	 72.347112	 72.346961	 72.346828	 72.346712	 72.346609	 72.346519	 72.346441	 72.346371	 72.346311	 72.346258	 72.346212	 72.346172	 72.346137	 72.346106	  72.34608	 72.346057	 72.346037	 72.346019	 72.346004	 72.345991	  72.34598	  72.34597	 72.345962	 72.345955	 72.345949	 72.345943	 72.345939	 72.345935	 72.345931	 72.345928	 72.345926	 72.345924	 72.345922	  72.34592	 72.345919	 72.345918	 72.345917	 72.345916	 72.345915	 72.345915	 72.345914	 72.345914	 72.345913	 72.345913	 72.345913	 72.345913	 72.345912	 72.345912	 72.345912	 72.345912	 72.345912	 72.345912	 72.345912	 72.345912	 72.345912	 72.345912	 72.345912	 72.345912	 72.345912	 72.345912	 72.345912	 72.345911	 72.345911	 72.345911	 72.345911	 72.345911	 72.345911	 72.345911	 72.345911	
        99	  98.29321	 97.587106	 96.882373	 96.179691	 95.479734	 94.783169	 94.090652	 93.402828	 92.720329	 92.043771	 91.373753	 90.710858	 90.055645	 89.408654	 88.770403	 88.141385	 87.522068	 86.912894	  86.31428	 85.726612	 85.150252	 84.585529	 84.032748	 83.492179	 82.964067	 82.448625	 81.946038	 81.456461	 80.980019	 80.516811	 80.066906	 79.630346	 79.207146	 78.797296	  78.40076	 78.017477	 77.647365	 77.290316	 76.946205	 76.614885	 76.296189	 75.989934	  75.69592	 75.413932	 75.143739	   74.8851	  74.63776	 74.401456	 74.175915	 73.960854	 73.755985	 73.561016	 73.375647	 73.199576	   73.0325	 72.874113	 72.724108	 72.582179	 72.448023	 72.321335	 72.201817	 72.089171	 71.983107	 71.883335	 71.789573	 71.701546	 71.618982	 71.541617	 71.469194	 71.401463	 71.338181	 71.279114	 71.224034	 71.172722	 71.124966	 71.080563	 71.039318	 71.001042	 70.965557	 70.932691	  70.90228	 70.874169	 70.848207	 70.824255	 70.802177	 70.781848	 70.763146	 70.745958	 70.730176	   70.7157	 70.702435	 70.690291	 70.679183	 70.669034	  70.65977	 70.651321	 70.643623	 70.636617	 70.630246	 70.624458	 70.619205	 70.614443	 70.610129	 70.606225	 70.602696	 70.599508	 70.596632	 70.594039	 70.591704	 70.589603	 70.587715	  70.58602	 70.584499	 70.583135	 70.581915	 70.580823	 70.579847	 70.578976	 70.578199	 70.577507	 70.576891	 70.576343	 70.575856	 70.575423	  70.57504	   70.5747	   70.5744	 70.574134	 70.573899	 70.573692	  70.57351	 70.573349	 70.573207	 70.573083	 70.572973	 70.572878	 70.572793	  70.57272	 70.572655	 70.572599	  70.57255	 70.572507	  70.57247	 70.572437	 70.572409	 70.572384	 70.572363	 70.572344	 70.572328	 70.572315	 70.572303	 70.572292	 70.572283	 70.572275	 70.572269	 70.572263	 70.572258	 70.572254	  70.57225	 70.572247	 70.572244	 70.572242	  70.57224	 70.572239	 70.572237	 70.572236	 70.572235	 70.572234	 70.572233	 70.572233	 70.572232	 70.572232	 70.572231	 70.572231	 70.572231	  70.57223	  70.57223	  70.57223	  70.57223	  70.57223	  70.57223	  70.57223	  70.57223	  70.57223	 70.572229	 70.572229	 70.572229	 70.572229	 70.572229	 70.572229	 70.572229	 70.572229	 70.572229	 70.572229	 70.572229	 70.572229	 70.572229	 70.572229	 70.572229	
        99	 98.249749	 97.500227	  96.75216	  96.00627	 95.263273	 94.523876	 93.788776	 93.058657	 92.334192	 91.616032	 90.904815	 90.201158	 89.505656	 88.818882	 88.141385	 87.473688	 86.816289	 86.169658	 85.534234	 84.910431	  84.29863	 83.699183	 83.112411	 82.538603	 81.978017	 81.430881	 80.897389	 80.377708	  79.87197	 79.380279	 78.902709	 78.439305	 77.990083	 77.555031	 77.134112	 76.727261	  76.33439	 75.955387	 75.590117	 75.238424	 74.900131	 74.575045	 74.262952	 73.963623	 73.676817	 73.402274	 73.139725	 72.888891	 72.649481	 72.421196	  72.20373	 71.996772	 71.800005	 71.613108	 71.435758	 71.267631	 71.108403	 70.957747	 70.815341	 70.680863	 70.553996	 70.434424	 70.321837	  70.21593	 70.116403	 70.022963	 69.935322	   69.8532	 69.776323	 69.704428	 69.637255	 69.574556	 69.516089	 69.461622	 69.410929	 69.363796	 69.320014	 69.279385	 69.241718	 69.206832	 69.174551	  69.14471	 69.117152	 69.091727	 69.068292	 69.046712	  69.02686	 69.008616	 68.991864	 68.976498	 68.962417	 68.949526	 68.937735	 68.926962	 68.917128	 68.908159	 68.899989	 68.892551	 68.885789	 68.879645	 68.874069	 68.869014	 68.864435	 68.860291	 68.856545	 68.853161	 68.850108	 68.847356	 68.844877	 68.842647	 68.840643	 68.838843	 68.837228	 68.835781	 68.834486	 68.833327	 68.832291	 68.831366	 68.830542	 68.829807	 68.829153	 68.828571	 68.828054	 68.827595	 68.827188	 68.826828	 68.826509	 68.826227	 68.825978	 68.825758	 68.825564	 68.825393	 68.825243	 68.825111	 68.824995	 68.824893	 68.824804	 68.824726	 68.824657	 68.824597	 68.824545	   68.8245	  68.82446	 68.824425	 68.824395	 68.824369	 68.824347	 68.824327	  68.82431	 68.824295	 68.824282	 68.824271	 68.824262	 68.824254	 68.824247	 68.824241	 68.824235	 68.824231	 68.824227	 68.824224	 68.824221	 68.824218	 68.824216	 68.824215	 68.824213	 68.824212	 68.824211	  68.82421	 68.824209	 68.824208	 68.824208	 68.824207	 68.824207	 68.824207	 68.824206	 68.824206	 68.824206	 68.824206	 68.824205	 68.824205	 68.824205	 68.824205	 68.824205	 68.824205	 68.824205	 68.824205	 68.824205	 68.824205	 68.824205	 68.824205	 68.824205	 68.824205	 68.824205	 68.824205	 68.824205	 68.824205	 68.824205	 68.824205	 68.824205	
        99	 98.206959	 97.414689	 96.623956	 95.835524	  95.05015	 94.268581	 93.491555	 92.719795	  91.95401	  91.19489	 90.443109	 89.699319	  88.96415	 88.238206	 87.522068	 86.816289	 86.121396	 85.437884	 84.766219	 84.106838	 83.460143	 82.826507	 82.206268	 81.599733	 81.007174	 80.428832	 79.864914	 79.315592	  78.78101	 78.261276	 77.756468	 77.266634	  76.79179	 76.331925	 75.886999	 75.456944	 75.041666	 74.641046	 74.254943	 73.883191	 73.525604	 73.181976	 72.852083	 72.535683	 72.232518	 71.942317	 71.664794	 71.399654	 71.146589	 70.905283	 70.675415	 70.456653	 70.248663	 70.051106	 69.863642	 69.685926	 69.517615	 69.358367	 69.207839	 69.065692	 68.931588	 68.805197	 68.686188	 68.574241	 68.469038	 68.370268	 68.277629	 68.190823	 68.109562	 68.033565	 67.962562	 67.896286	 67.834485	 67.776911	 67.723328	 67.673506	 67.627227	 67.584281	 67.544466	 67.507589	 67.473467	 67.441925	 67.412795	  67.38592	 67.361148	 67.338338	 67.317353	 67.298068	 67.280361	 67.264118	 67.249234	 67.235608	 67.223145	 67.211757	 67.201362	 67.191882	 67.183245	 67.175384	 67.168236	 67.161742	 67.155848	 67.150504	 67.145664	 67.141284	 67.137324	 67.133747	  67.13052	 67.127611	 67.124991	 67.122634	 67.120515	 67.118613	 67.116906	 67.115376	 67.114007	 67.112782	 67.111687	 67.110709	 67.109838	 67.109061	 67.108369	 67.107754	 67.107208	 67.106723	 67.106293	 67.105912	 67.105575	 67.105277	 67.105013	 67.104781	 67.104576	 67.104395	 67.104237	 67.104097	 67.103974	 67.103867	 67.103772	  67.10369	 67.103618	 67.103554	 67.103499	 67.103451	 67.103409	 67.103373	 67.103341	 67.103313	 67.103289	 67.103269	 67.103251	 67.103235	 67.103221	  67.10321	   67.1032	 67.103191	 67.103184	 67.103177	 67.103172	 67.103167	 67.103163	 67.103159	 67.103156	 67.103154	 67.103152	  67.10315	 67.103148	 67.103147	 67.103146	 67.103145	 67.103144	 67.103143	 67.103142	 67.103142	 67.103142	 67.103141	 67.103141	 67.103141	  67.10314	  67.10314	  67.10314	  67.10314	  67.10314	  67.10314	  67.10314	  67.10314	 67.103139	 67.103139	 67.103139	 67.103139	 67.103139	 67.103139	 67.103139	 67.103139	 67.103139	 67.103139	 67.103139	 67.103139	 67.103139	 67.103139	 67.103139	
