Time step 27:
        99	        99	        99	        99	        99	        99	        99	        99	        99	        99	        99	        99	        99	        99	        99	        99	        99	        99	        99	        99	        99	        99	        99	        99	        99	        99	        99	        99	        99	        99	        99	        99	        99	        99	        99	        99	        99	        99	        99	        99	        99	        99	        99	        99	        99	        99	        99	        99	        99	        99	        99	        99	        99	        99	        99	        99	        99	        99	        99	        99	        99	        99	        99	        99	        99	        99	        99	        99	        99	        99	        99	        99	        99	        99	        99	        99	        99	        99	        99	        99	        99	        99	        99	        99	        99	        99	        99	        99	        99	        99	        99	        99	        99	        99	        99	        99	        99	        99	        99	        99	        99	        99	        99	        99	        99	        99	        99	        99	        99	        99	        99	        99	        99	        99	        99	        99	        99	        99	        99	        99	        99	        99	        99	        99	        99	        99	        99	        99	        99	        99	        99	        99	        99	        99	        99	        99	        99	        99	        99	        99	        99	        99	        99	        99	        99	        99	        99	        99	        99	        99	        99	        99	        99	        99	        99	        99	        99	        99	        99	        99	        99	        99	        99	        99	        99	        99	        99	        99	        99	        99	        99	        99	        99	        99	        99	        99	        99	        99	        99	        99	        99	        99	        99	        99	        99	        99	        99	        99	        99	        99	        99	        99	        99	        99	        99	        99	        99	        99	        99	        99	
        99	 98.976484	  98.95298	 98.929497	 98.906047	 98.882641	  98.85929	 98.836004	 98.812795	 98.789672	 98.766646	 98.743727	 98.720927	 98.698253	 98.675717	 98.653329	 98.631096	  98.60903	 98.587138	  98.56543	 98.543914	 98.522598	  98.50149	 98.480599	 98.459931	 98.439493	 98.419294	 98.399338	 98.379633	 98.360184	 98.340997	 98.322078	  98.30343	  98.28506	 98.266971	 98.249168	 98.231653	 98.214431	 98.197504	 98.180876	 98.164548	 98.148522	 98.132801	 98.117386	 98.102277	 98.087477	 98.072984	   98.0588	 98.044924	 98.031356	 98.018096	 98.005142	 97.992494	 97.980149	 97.968106	 97.956364	  97.94492	 97.933772	 97.922916	 97.912352	 97.902075	 97.892082	  97.88237	 97.872936	 97.863776	 97.854885	 97.846261	 97.837899	 97.829795	 97.821944	 97.814343	 97.806987	  97.79987	  97.79299	  97.78634	 97.779916	 97.773714	 97.767729	 97.761955	 97.756387	 97.751022	 97.745854	 97.740877	 97.736088	 97.731481	 97.727052	 97.722795	 97.718706	  97.71478	 97.711013	 97.707398	 97.703933	 97.700612	 97.697431	 97.694385	  97.69147	 97.688682	 97.686016	 97.683469	 97.681035	 97.678712	 97.676494	 97.674379	 97.672363	 97.670441	 97.668611	 97.666868	 97.665209	 97.663631	 97.662131	 97.660706	 97.659352	 97.658066	 97.656846	 97.655689	 97.654592	 97.653552	 97.652567	 97.651635	 97.650752	 97.649918	 97.649128	 97.648383	 97.647678	 97.647013	 97.646386	 97.645794	 97.645235	  97.64471	 97.644214	 97.643748	 97.643309	 97.642896	 97.642508	 97.642143	   97.6418	 97.641479	 97.641177	 97.640894	 97.640628	 97.640379	 97.640146	 97.639928	 97.639724	 97.639533	 97.639355	 97.639188	 97.639032	 97.638887	 97.638751	 97.638624	 97.638506	 97.638396	 97.638294	 97.638198	 97.638109	 97.638027	  97.63795	 97.637879	 97.637812	 97.637751	 97.637694	 97.637641	 97.637592	 97.637546	 97.637504	 97.637465	 97.637429	 97.637395	 97.637364	 97.637336	 97.637309	 97.637285	 97.637262	 97.637241	 97.637222	 97.637204	 97.637188	 97.637173	 97.637159	 97.637146	 97.637134	 97.637123	 97.637113	 97.637103	 97.637095	 97.637087	 97.637079	 97.637072	 97.637066	  97.63706	 97.637054	 97.637048	 97.637043	 97.637039	 97.637034	 97.637029	 97.637025	 97.637021	 97.637017	
        99	  98.95298	 98.905981	 98.859027	 98.812139	 98.765338	 98.718646	 98.672086	 98.625677	 98.579442	 98.533401	 98.487575	 98.441983	 98.396648	 98.351586	 98.306819	 98.262365	 98.218243	 98.174469	 98.131063	 98.088041	 98.045419	 98.003214	  97.96144	 97.920114	 97.879249	 97.838859	 97.798957	 97.759556	 97.720667	 97.682302	 97.644472	 97.607186	 97.570454	 97.534285	 97.498686	 97.463665	 97.429229	 97.395383	 97.362134	 97.329486	 97.297442	 97.266007	 97.235184	 97.204974	  97.17538	 97.146401	  97.11804	 97.090295	 97.063166	 97.036651	  97.01075	 96.985458	 96.960774	 96.936695	 96.913216	 96.890333	 96.868042	 96.846337	 96.825212	 96.804663	 96.784682	 96.765263	 96.746399	 96.728082	 96.710306	 96.693062	 96.676342	 96.660137	  96.64444	 96.629241	 96.614531	 96.600302	 96.586544	 96.573248	 96.560403	 96.548002	 96.536033	 96.524488	 96.513356	 96.502628	 96.492294	 96.482343	 96.472767	 96.463556	 96.454699	 96.446188	 96.438012	 96.430161	 96.422628	 96.415401	 96.408472	 96.401832	 96.395471	 96.389381	 96.383553	 96.377978	 96.372647	 96.367553	 96.362687	 96.358041	 96.353608	 96.349379	 96.345346	 96.341504	 96.337844	 96.334359	 96.331042	 96.327887	 96.324888	 96.322038	  96.31933	  96.31676	  96.31432	 96.312006	 96.309813	 96.307734	 96.305764	   96.3039	 96.302135	 96.300466	 96.298888	 96.297397	 96.295989	 96.294659	 96.293404	  96.29222	 96.291104	 96.290053	 96.289062	  96.28813	 96.287252	 96.286426	  96.28565	 96.284921	 96.284236	 96.283593	 96.282989	 96.282423	 96.281892	 96.281395	 96.280929	 96.280493	 96.280084	 96.279703	 96.279346	 96.279012	   96.2787	  96.27841	 96.278138	 96.277885	 96.277649	 96.277429	 96.277224	 96.277033	 96.276856	  96.27669	 96.276537	 96.276394	 96.276262	 96.276139	 96.276024	 96.275918	  96.27582	 96.275729	 96.275645	 96.275567	 96.275494	 96.275427	 96.275366	 96.275308	 96.275255	 96.275207	 96.275161	  96.27512	 96.275081	 96.275046	 96.275013	 96.274983	 96.274955	 96.274929	 96.274905	 96.274883	 96.274863	 96.274844	 96.274827	  96.27481	 96.274795	 96.274782	 96.274769	 96.274756	 96.274745	 96.274734	 96.274724	 96.274714	 96.274705	 96.274696	 96.274688	 96.274679	 96.274671	
        99	 98.929497	 98.859027	 98.788623	 98.718318	 98.648144	 98.578134	  98.50832	 98.438734	 98.369408	 98.300374	 98.231661	 98.163301	 98.095324	 98.027759	 97.960634	 97.893979	 97.827821	 97.762186	 97.697102	 97.632594	 97.568686	 97.505403	 97.442767	 97.380802	 97.319528	 97.258967	 97.199137	 97.140059	 97.081748	 97.024224	   96.9675	 96.911593	 96.856517	 96.802284	 96.748906	 96.696396	 96.644761	 96.594013	 96.544158	 96.495205	 96.447158	 96.400024	 96.353807	  96.30851	 96.264136	 96.220685	 96.178159	 96.136558	  96.09588	 96.056124	 96.017287	 95.979364	 95.942353	 95.906248	 95.871043	 95.836732	 95.803308	 95.770763	 95.739089	 95.708277	 95.678317	   95.6492	 95.620915	 95.593451	 95.566797	  95.54094	  95.51587	 95.491573	 95.468036	 95.445246	 95.423191	 95.401855	 95.381226	 95.361289	 95.342031	 95.323435	  95.30549	 95.288178	 95.271487	 95.255401	 95.239906	 95.224986	 95.210628	 95.196816	 95.183536	 95.170774	 95.158514	 95.146744	 95.135447	 95.124612	 95.114222	 95.104266	 95.094728	 95.085597	 95.076858	 95.068498	 95.060506	 95.052868	 95.045572	 95.038606	 95.031958	 95.025617	 95.019571	 95.013809	 95.008321	 95.003095	 94.998123	 94.993392	 94.988895	 94.984621	 94.980562	 94.976707	  94.97305	  94.96958	 94.966291	 94.963173	 94.960221	 94.957425	 94.954779	 94.952277	 94.949911	 94.947675	 94.945563	 94.943569	 94.941688	 94.939913	 94.938239	 94.936663	 94.935177	 94.933779	 94.932463	 94.931225	 94.930061	 94.928968	  94.92794	 94.926976	 94.926071	 94.925222	 94.924426	  94.92368	 94.922982	 94.922328	 94.921716	 94.921143	 94.920608	 94.920108	 94.919641	 94.919204	 94.918797	 94.918418	 94.918064	 94.917734	 94.917427	 94.917141	 94.916874	 94.916627	 94.916397	 94.916183	 94.915984	 94.915799	 94.915628	 94.915469	 94.915322	 94.915185	 94.915059	 94.914942	 94.914833	 94.914733	  94.91464	 94.914554	 94.914475	 94.914402	 94.914334	 94.914272	 94.914214	 94.914161	 94.914112	 94.914066	 94.914024	 94.913986	  94.91395	 94.913917	 94.913886	 94.913858	 94.913832	 94.913808	 94.913786	 94.913765	 94.913745	 94.913727	  94.91371	 94.913694	 94.913678	 94.913664	  94.91365	 94.913637	 94.913624	 94.913611	 94.913599	
        99	 98.906047	 98.812139	 98.718318	 98.624628	 98.531114	 98.437818	 98.344784	 98.252053	 98.159669	 98.067673	 97.976107	  97.88501	 97.794423	 97.704385	 97.614934	 97.526109	 97.437946	 97.350482	  97.26375	 97.177786	 97.092622	  97.00829	 96.924822	 96.842246	 96.760593	 96.679888	 96.600159	  96.52143	 96.443725	 96.367067	 96.291478	 96.216976	  96.14358	 96.071309	 96.000178	 95.930202	 95.861393	 95.793766	 95.727329	 95.662093	 95.598066	 95.535255	 95.473666	 95.413303	 95.354169	 95.296267	 95.239597	 95.184159	 95.129951	 95.076972	 95.025217	 94.974681	  94.92536	 94.877246	 94.830332	 94.784609	 94.740067	 94.696698	 94.654489	 94.613428	 94.573504	 94.534702	 94.497009	  94.46041	 94.424891	 94.390435	 94.357025	 94.324647	 94.293281	 94.262912	 94.233521	 94.205089	 94.177598	  94.15103	 94.125366	 94.100586	 94.076671	 94.053602	 94.031359	 94.009923	 93.989274	 93.969392	 93.950258	 93.931852	 93.914155	 93.897148	 93.880811	 93.865125	 93.850072	 93.835632	 93.821787	 93.808519	 93.795809	  93.78364	 93.771995	 93.760855	 93.750204	 93.740026	 93.730303	  93.72102	 93.712161	 93.703711	 93.695654	 93.687976	 93.680662	 93.673699	 93.667072	 93.660768	 93.654775	  93.64908	  93.64367	 93.638534	  93.63366	 93.629036	 93.624652	 93.620498	 93.616563	 93.612838	 93.609312	 93.605978	 93.602825	 93.599845	 93.597031	 93.594374	 93.591866	 93.589501	 93.587271	  93.58517	  93.58319	 93.581327	 93.579573	 93.577924	 93.576373	 93.574916	 93.573547	 93.572261	 93.571055	 93.569924	 93.568864	  93.56787	 93.566939	 93.566067	 93.565252	 93.564489	 93.563775	 93.563109	 93.562486	 93.561905	 93.561363	 93.560857	 93.560385	 93.559945	 93.559536	 93.559155	   93.5588	  93.55847	 93.558163	 93.557878	 93.557613	 93.557367	 93.557139	 93.556928	 93.556731	 93.556549	 93.556381	 93.556225	  93.55608	 93.555947	 93.555823	 93.555709	 93.555603	 93.555505	 93.555415	 93.555332	 93.555255	 93.555184	 93.555118	 93.555058	 93.555002	  93.55495	 93.554903	 93.554859	 93.554818	 93.554781	 93.554746	 93.554714	 93.554684	 93.554656	  93.55463	 93.554606	 93.554583	 93.554561	 93.554541	 93.554522	 93.554503	 93.554485	 93.554468	 93.554451	 93.554435	
        99	 98.882641	 98.765338	 98.648144	 98.531114	 98.414303	 98.297765	 98.181553	 98.065722	 97.950323	 97.835408	  97.72103	 97.607238	 97.494084	 97.381615	  97.26988	 97.158927	   97.0488	 96.939546	 96.831208	 96.723828	 96.617447	 96.512106	 96.407844	 96.304697	 96.202701	 96.101891	 96.002299	 95.903957	 95.806895	 95.711139	 95.616718	 95.523656	 95.431976	   95.3417	 95.252849	  95.16544	  95.07949	 94.995014	 94.912027	 94.830539	 94.750561	 94.672103	  94.59517	 94.519769	 94.445904	 94.373576	 94.302788	 94.233539	 94.165827	 94.099649	 94.035001	 93.971876	 93.910267	 93.850167	 93.791565	 93.734451	 93.678814	  93.62464	 93.571915	 93.520626	 93.470755	 93.422287	 93.375204	 93.329488	 93.285119	 93.242079	 93.200347	 93.159902	 93.120723	 93.082787	 93.046074	 93.010559	  92.97622	 92.943033	 92.910975	 92.880022	 92.850149	 92.821333	 92.793549	 92.766772	 92.740979	 92.716144	 92.692243	 92.669252	 92.647147	 92.625903	 92.605496	 92.585902	 92.567099	 92.549061	 92.531767	 92.515194	 92.499318	 92.484117	 92.469571	 92.455656	 92.442352	 92.429637	 92.417493	 92.405897	 92.394831	 92.384275	 92.374211	  92.36462	 92.355485	 92.346787	 92.338509	 92.330635	 92.323149	 92.316035	 92.309277	 92.302861	 92.296773	 92.290997	 92.285522	 92.280333	 92.275417	 92.270764	  92.26636	 92.262194	 92.258256	 92.254534	 92.251019	   92.2477	 92.244568	 92.241613	 92.238828	 92.236203	 92.233731	 92.231403	 92.229212	 92.227152	 92.225215	 92.223394	 92.221684	 92.220079	 92.218572	 92.217159	 92.215834	 92.214593	  92.21343	 92.212341	 92.211323	  92.21037	 92.209479	 92.208646	 92.207868	 92.207142	 92.206465	 92.205833	 92.205244	 92.204695	 92.204183	 92.203707	 92.203264	 92.202852	 92.202468	 92.202112	 92.201782	 92.201474	 92.201189	 92.200925	  92.20068	 92.200452	 92.200242	 92.200047	 92.199866	 92.199699	 92.199545	 92.199402	  92.19927	 92.199148	 92.199036	 92.198931	 92.198835	 92.198747	 92.198665	 92.198589	  92.19852	 92.198455	 92.198396	 92.198341	  92.19829	 92.198243	   92.1982	  92.19816	 92.198122	 92.198087	 92.198055	 92.198024	 92.197996	 92.197969	 92.197944	  92.19792	 92.197897	 92.197874	 92.197853	 92.197832	 92.197811	
        99	  98.85929	 98.718646	 98.578134	 98.437818	 98.297765	 98.158039	 98.018704	 97.879825	 97.741465	 97.603685	 97.466549	 97.330116	 97.194447	   97.0596	 96.925633	 96.792602	 96.660564	  96.52957	 96.399675	  96.27093	 96.143382	 96.017082	 95.892074	 95.768403	 95.646113	 95.525244	 95.405837	 95.287927	 95.171551	 95.056743	 94.943535	 94.831956	 94.722034	 94.613796	 94.507265	 94.402464	 94.299412	 94.198128	 94.098628	 94.000927	 93.905036	 93.810966	 93.718726	 93.628322	 93.539759	 93.453041	 93.368168	  93.28514	 93.203955	 93.124609	 93.047098	 92.971412	 92.897545	 92.825487	 92.755225	 92.686747	 92.620039	 92.555086	 92.491871	 92.430376	 92.370582	  92.31247	 92.256019	 92.201206	 92.148009	 92.096405	  92.04637	 91.997877	 91.950902	 91.905419	   91.8614	 91.818819	 91.777648	 91.737858	 91.699421	 91.662309	 91.626492	 91.591943	  91.55863	 91.526526	   91.4956	 91.465824	 91.437167	 91.409602	 91.383098	 91.357627	 91.333159	 91.309667	 91.287122	 91.265496	 91.244761	 91.224889	 91.205855	  91.18763	 91.170189	 91.153505	 91.137554	  91.12231	 91.107748	 91.093845	 91.080578	 91.067922	 91.055855	 91.044356	 91.033402	 91.022974	 91.013049	 91.003609	 90.994633	 90.986103	 90.978001	 90.970309	 90.963008	 90.956084	 90.949519	 90.943297	 90.937404	 90.931825	 90.926544	  90.92155	 90.916828	 90.912366	 90.908151	 90.904171	 90.900416	 90.896874	 90.893534	 90.890387	 90.887423	 90.884632	 90.882005	 90.879535	 90.877212	 90.875029	 90.872979	 90.871054	 90.869248	 90.867554	 90.865966	 90.864477	 90.863083	 90.861777	 90.860556	 90.859413	 90.858345	 90.857347	 90.856415	 90.855544	 90.854732	 90.853974	 90.853268	 90.852609	 90.851996	 90.851425	 90.850894	   90.8504	  90.84994	 90.849513	 90.849117	 90.848748	 90.848406	 90.848089	 90.847795	 90.847523	 90.847271	 90.847037	  90.84682	  90.84662	 90.846435	 90.846264	 90.846105	 90.845959	 90.845824	 90.845699	 90.845584	 90.845478	  90.84538	 90.845289	 90.845206	 90.845128	 90.845057	 90.844991	 90.844931	 90.844874	 90.844822	 90.844774	 90.844729	 90.844687	 90.844648	 90.844612	 90.844578	 90.844546	 90.844515	 90.844486	 90.844459	 90.844432	 90.844406	 90.844381	 90.844356	
        99	 98.836004	 98.672086	  98.50832	 98.344784	 98.181553	 98.018704	 97.856312	 97.694449	 97.533192	 97.372612	 97.212781	  97.05377	 96.895649	 96.738486	 96.582349	 96.427304	 96.273415	 96.120744	 95.969353	 95.819301	 95.670646	 95.523444	 95.377749	 95.233612	 95.091085	 94.950214	 94.811045	 94.673623	 94.537989	 94.404181	 94.272238	 94.142194	 94.014082	 93.887931	 93.763771	 93.641626	 93.521521	 93.403475	 93.287509	 93.173639	  93.06188	 92.952242	 92.844737	 92.739373	 92.636154	 92.535085	 92.436166	 92.339398	 92.244778	 92.152302	 92.061963	 91.973752	 91.887661	 91.803678	 91.721788	 91.641978	 91.564231	 91.488529	 91.414852	 91.343181	 91.273492	 91.205763	  91.13997	 91.076086	 91.014086	 90.953942	 90.895626	 90.839109	  90.78436	  90.73135	 90.680047	 90.630419	 90.582434	 90.536059	 90.491262	 90.448008	 90.406264	 90.365997	 90.327171	 90.289754	 90.253711	 90.219007	 90.185608	 90.153481	 90.122591	 90.092904	 90.064388	 90.037008	 90.010732	 89.985527	 89.961361	 89.938201	 89.916016	 89.894775	 89.874448	 89.855003	 89.836412	 89.818645	 89.801674	 89.785471	 89.770007	 89.755257	 89.741193	 89.727791	 89.715025	  89.70287	 89.691303	 89.680301	  89.66984	 89.659898	 89.650455	  89.64149	 89.632982	 89.624911	  89.61726	 89.610008	  89.60314	 89.596637	 89.590483	 89.584662	 89.579159	 89.573958	 89.569046	 89.564408	 89.560031	 89.555902	  89.55201	 89.548342	 89.544887	 89.541634	 89.538573	 89.535694	 89.532987	 89.530443	 89.528054	  89.52581	 89.523705	 89.521731	 89.519879	 89.518144	 89.516519	 89.514998	 89.513574	 89.512243	 89.510998	 89.509834	 89.508748	 89.507733	 89.506786	 89.505903	  89.50508	 89.504313	 89.503598	 89.502933	 89.502313	 89.501737	 89.501202	 89.500704	 89.500242	 89.499813	 89.499414	 89.499045	 89.498702	 89.498385	  89.49809	 89.497818	 89.497566	 89.497332	 89.497117	 89.496917	 89.496733	 89.496562	 89.496405	 89.496259	 89.496125	 89.496001	 89.495887	 89.495781	 89.495684	 89.495594	 89.495511	 89.495434	 89.495363	 89.495298	 89.495237	 89.495181	 89.495128	  89.49508	 89.495034	 89.494992	 89.494952	 89.494915	 89.494879	 89.494845	 89.494813	 89.494782	 89.494752	 89.494723	 89.494694	
        99	 98.812795	 98.625677	 98.438734	 98.252053	 98.065722	 97.879825	 97.694449	  97.50968	   97.3256	 97.142293	 96.959842	 96.778327	 96.597828	 96.418423	 96.240188	   96.0632	 95.887531	 95.713253	 95.540436	 95.369148	 95.199455	  95.03142	 94.865105	 94.700569	  94.53787	 94.377062	 94.218198	 94.061327	 93.906496	 93.753752	 93.603135	 93.454687	 93.308443	 93.164439	 93.022706	 92.883275	 92.746171	  92.61142	 92.479042	 92.349056	 92.221479	 92.096325	 91.973606	 91.853329	 91.735502	 91.620129	 91.507211	 91.396748	 91.288737	 91.183172	 91.080048	 90.979353	 90.881078	 90.785209	  90.69173	 90.600625	 90.511874	 90.425458	 90.341354	 90.259539	 90.179988	 90.102673	 90.027568	 89.954644	 89.883869	 89.815213	 89.748644	 89.684128	 89.621631	 89.561118	 89.502554	 89.445903	 89.391127	 89.338189	 89.287051	 89.237676	 89.190024	 89.144058	 89.099738	 89.057025	  89.01588	 88.976265	 88.938139	 88.901465	 88.866204	 88.832316	 88.799764	 88.768509	 88.738514	 88.709742	 88.682155	 88.655718	 88.630393	 88.606146	 88.582942	 88.560745	 88.539523	 88.519242	 88.499869	 88.481372	  88.46372	 88.446882	 88.430829	 88.415529	 88.400957	 88.387082	 88.373877	 88.361318	 88.349376	 88.338028	 88.327248	 88.317014	 88.307302	 88.298089	 88.289355	 88.281077	 88.273237	 88.265814	 88.258789	 88.252144	 88.245862	 88.239925	 88.234317	 88.229023	 88.224027	 88.219314	 88.214871	 88.210684	  88.20674	 88.203026	 88.199532	 88.196245	 88.193155	 88.190251	 88.187524	 88.184963	  88.18256	 88.180306	 88.178193	 88.176212	 88.174357	 88.172621	 88.170995	 88.169475	 88.168054	 88.166726	 88.165485	 88.164327	 88.163247	 88.162238	 88.161299	 88.160423	 88.159607	 88.158847	 88.158141	 88.157483	 88.156872	 88.156304	 88.155776	 88.155286	 88.154831	 88.154409	 88.154018	 88.153656	  88.15332	 88.153009	 88.152721	 88.152455	 88.152208	  88.15198	  88.15177	 88.151575	 88.151396	  88.15123	 88.151076	 88.150935	 88.150804	 88.150684	 88.150573	  88.15047	 88.150375	 88.150288	 88.150207	 88.150132	 88.150063	 88.149998	 88.149939	 88.149883	 88.149831	 88.149783	 88.149737	 88.149695	 88.149654	 88.149616	 88.149579	 88.149543	 88.149509	 88.149476	 88.149443	
        99	 98.789672	 98.579442	 98.369408	 98.159669	 97.950323	 97.741465	 97.533192	   97.3256	 97.118783	 96.912835	 96.707848	 96.503913	 96.301119	 96.099554	 95.899305	 95.700455	 95.503088	 95.307284	 95.113121	 94.920676	 94.730023	 94.541233	 94.354375	 94.169517	 93.986722	 93.806051	 93.627564	 93.451317	 93.277363	 93.105751	 92.936531	 92.769747	 92.605439	 92.443648	  92.28441	 92.127756	 91.973718	 91.822322	 91.673593	 91.527552	 91.384217	 91.243605	 91.105727	 90.970594	 90.838214	  90.70859	 90.581725	 90.457618	 90.336265	 90.217662	   90.1018	 89.988668	 89.878254	 89.770543	 89.665518	  89.56316	 89.463447	 89.366357	 89.271865	 89.179945	 89.090567	 89.003703	 88.919321	 88.837389	 88.757873	 88.680737	 88.605945	  88.53346	 88.463244	 88.395257	 88.329459	  88.26581	 88.204268	 88.144791	 88.087338	 88.031864	 87.978326	 87.926682	 87.876888	 87.828899	 87.782673	 87.738164	 87.695329	 87.654125	 87.614508	 87.576435	 87.539862	 87.504747	 87.471047	 87.438721	 87.407727	 87.378024	 87.349571	 87.322329	 87.296259	 87.271321	 87.247477	 87.224691	 87.202925	 87.182143	 87.162311	 87.143394	 87.125357	 87.108168	 87.091795	 87.076207	 87.061372	  87.04726	 87.033844	 87.021094	 87.008983	 86.997485	 86.986573	 86.976222	 86.966409	 86.957109	   86.9483	  86.93996	 86.932068	 86.924602	 86.917544	 86.910874	 86.904573	 86.898625	 86.893012	 86.887717	 86.882725	  86.87802	 86.873589	 86.869418	 86.865492	 86.861799	 86.858327	 86.855065	    86.852	 86.849123	 86.846423	 86.843891	 86.841516	 86.839291	 86.837207	 86.835256	  86.83343	 86.831722	 86.830126	 86.828633	  86.82724	 86.825938	 86.824724	 86.823592	 86.822536	 86.821552	 86.820635	 86.819782	 86.818987	 86.818249	 86.817562	 86.816924	 86.816331	  86.81578	  86.81527	 86.814796	 86.814356	 86.813949	 86.813572	 86.813222	 86.812899	 86.812599	 86.812323	 86.812067	  86.81183	 86.811611	 86.811409	 86.811223	 86.811051	 86.810892	 86.810745	  86.81061	 86.810485	  86.81037	 86.810263	 86.810165	 86.810074	  86.80999	 86.809912	  86.80984	 86.809772	  86.80971	 86.809652	 86.809598	 86.809546	 86.809498	 86.809453	  86.80941	 86.809368	 86.809329	  86.80929	 86.809252	 86.809215	
        99	 98.766646	 98.533401	 98.300374	 98.067673	 97.835408	 97.603685	 97.372612	 97.142293	 96.912835	 96.684341	 96.456912	 96.230651	 96.005656	 95.782025	 95.559853	 95.339234	  95.12026	 94.903021	 94.687602	 94.474089	 94.262563	 94.053105	 93.845791	 93.640695	 93.437888	 93.237439	 93.039412	 92.843869	 92.650871	 92.460473	 92.272727	 92.087683	 91.905389	 91.725885	 91.549214	  91.37541	 91.204509	 91.036539	 90.871527	 90.709498	 90.550472	 90.394466	 90.241494	 90.091567	 89.944694	  89.80088	 89.660126	 89.522432	 89.387794	 89.256207	  89.12766	 89.002144	 88.879642	 88.760139	 88.643616	 88.530052	 88.419424	 88.311705	 88.206868	 88.104884	 88.005722	 87.909349	 87.815729	 87.724828	 87.636606	 87.551025	 87.468046	 87.387626	 87.309722	 87.234292	 87.161291	 87.090674	 87.022395	 86.956407	 86.892663	 86.831116	 86.771718	  86.71442	 86.659174	 86.605932	 86.554645	 86.505263	  86.45774	 86.412025	  86.36807	 86.325829	 86.285252	 86.246293	 86.208904	 86.173039	 86.138651	 86.105697	 86.074129	 86.043905	  86.01498	 85.987312	 85.960858	 85.935577	 85.911429	 85.888372	 85.866369	  85.84538	 85.825369	 85.806298	 85.788133	 85.770838	 85.754379	 85.738723	 85.723837	 85.709692	 85.696255	 85.683498	 85.671391	 85.659907	  85.64902	 85.638702	 85.628929	 85.619675	 85.610919	 85.602636	 85.594805	 85.587405	 85.580415	 85.573815	 85.567587	 85.561713	 85.556174	 85.550955	 85.546039	  85.54141	 85.537055	 85.532958	 85.529106	 85.525486	 85.522086	 85.518894	 85.515898	 85.513089	 85.510454	 85.507986	 85.505674	 85.503509	 85.501483	 85.499588	 85.497817	 85.496161	 85.494615	 85.493171	 85.491824	 85.490567	 85.489396	 85.488304	 85.487287	  85.48634	 85.485459	  85.48464	 85.483878	  85.48317	 85.482512	 85.481901	 85.481334	 85.480808	 85.480321	 85.479869	  85.47945	 85.479063	 85.478704	 85.478372	 85.478065	 85.477781	 85.477518	 85.477276	 85.477052	 85.476845	 85.476654	 85.476477	 85.476315	 85.476164	 85.476026	 85.475898	  85.47578	 85.475671	  85.47557	 85.475476	  85.47539	  85.47531	 85.475235	 85.475166	 85.475102	 85.475041	 85.474985	 85.474931	 85.474881	 85.474833	 85.474787	 85.474743	   85.4747	 85.474658	 85.474617	
        99	 98.743727	 98.487575	 98.231661	 97.976107	  97.72103	 97.466549	 97.212781	 96.959842	 96.707848	 96.456912	 96.207148	 95.958665	 95.711572	 95.465977	 95.221985	 94.979699	 94.739219	 94.500643	 94.264067	 94.029584	 93.797284	 93.567255	  93.33958	 93.114341	 92.891615	 92.671479	 92.454003	 92.239256	 92.027303	 91.818205	  91.61202	 91.408803	 91.208604	 91.011471	 90.817448	 90.626575	 90.438889	 90.254422	 90.073204	 89.895262	 89.720617	 89.549289	 89.381293	 89.216642	 89.055344	 88.897405	 88.742827	  88.59161	 88.443749	 88.299238	 88.158067	 88.020222	 87.885689	  87.75445	 87.626483	 87.501765	 87.380272	 87.261973	  87.14684	  87.03484	 86.925939	 86.820101	 86.717286	 86.617457	 86.520571	 86.426585	 86.335456	 86.247137	 86.161583	 86.078745	 85.998574	 85.921021	 85.846036	 85.773567	 85.703563	 85.635971	 85.570739	 85.507814	 85.447143	 85.388671	 85.332347	 85.278116	 85.225924	 85.175719	 85.127448	 85.081058	 85.036496	  84.99371	 84.952649	 84.913262	 84.875497	 84.839306	 84.804638	 84.771445	  84.73968	 84.709294	 84.680243	 84.652479	 84.625958	 84.600637	 84.576473	 84.553423	 84.531446	 84.510503	 84.490553	  84.47156	 84.453484	  84.43629	 84.419943	 84.404408	 84.389652	 84.375641	 84.362346	 84.349734	 84.337777	 84.326446	 84.315713	 84.305551	 84.295935	 84.286838	 84.278238	 84.270111	 84.262434	 84.255187	 84.248347	 84.241896	 84.235813	 84.230081	 84.224682	 84.219599	 84.214816	 84.210316	 84.206086	 84.202111	 84.198377	 84.194871	 84.191582	 84.188496	 84.185603	 84.182892	 84.180353	 84.177975	 84.175751	  84.17367	 84.171724	 84.169906	 84.168208	 84.166623	 84.165143	 84.163763	 84.162476	 84.161277	 84.160161	 84.159121	 84.158153	 84.157253	 84.156416	 84.155639	 84.154916	 84.154246	 84.153623	 84.153046	  84.15251	 84.152014	 84.151554	 84.151128	 84.150734	  84.15037	 84.150032	  84.14972	 84.149432	 84.149166	  84.14892	 84.148693	 84.148483	 84.148289	  84.14811	 84.147946	 84.147793	 84.147653	 84.147523	 84.147403	 84.147292	  84.14719	 84.147095	 84.147007	 84.146925	 84.146849	 84.146778	 84.146712	  84.14665	 84.146591	 84.146536	 84.146483	 84.146433	 84.146384	 84.146337	 84.146291	 84.146246	
        99	 98.720927	 98.441983	 98.163301	  97.88501	 97.607238	 97.330116	  97.05377	 96.778327	 96.503913	 96.230651	 95.958665	 95.688074	 95.418997	 95.151551	 94.885851	 94.622008	 94.360133	  94.10033	 93.842706	 93.587361	 93.334393	 93.083897	 92.835966	 92.590687	 92.348146	 92.108424	 91.871599	 91.637746	 91.406935	 91.179233	 90.954703	 90.733406	 90.515395	 90.300723	 90.089438	 89.881582	 89.677197	 89.476318	 89.278977	 89.085203	  88.89502	 88.708449	 88.525506	 88.346206	 88.170557	 87.998566	 87.830235	 87.665564	 87.504548	 87.347179	 87.193448	 87.043339	 86.896837	 86.753921	 86.614569	 86.478755	 86.346452	 86.217628	 86.092252	 85.970287	 85.851697	 85.736442	  85.62448	 85.515768	 85.410262	 85.307915	 85.208677	 85.112501	 85.019335	 84.929126	 84.841823	  84.75737	 84.675714	 84.596797	 84.520565	 84.446959	 84.375923	   84.3074	  84.24133	 84.177657	 84.116321	 84.057264	  84.00043	 83.945758	 83.893192	 83.842675	 83.794148	 83.747555	 83.702841	 83.659949	 83.618825	 83.579413	 83.541661	 83.505515	 83.470924	 83.437835	 83.406198	 83.375964	 83.347084	  83.31951	 83.293196	 83.268095	 83.244163	 83.221357	 83.199632	 83.178948	 83.159265	 83.140541	 83.122739	 83.105822	 83.089753	 83.074496	 83.060018	 83.046284	 83.033263	 83.020924	 83.009236	  82.99817	 82.987698	 82.977792	 82.968427	 82.959577	 82.951217	 82.943325	 82.935876	 82.928851	 82.922227	 82.915986	 82.910106	 82.904571	 82.899362	 82.894462	 82.889855	 82.885527	  82.88146	 82.877643	 82.874061	   82.8707	  82.86755	 82.864598	 82.861833	 82.859244	 82.856821	 82.854555	 82.852436	 82.850456	 82.848607	 82.846881	  82.84527	 82.843767	 82.842366	  82.84106	 82.839844	 82.838712	 82.837658	 82.836678	 82.835766	  82.83492	 82.834133	 82.833402	 82.832725	 82.832096	 82.831513	 82.830972	 82.830472	 82.830008	 82.829579	 82.829182	 82.828814	 82.828475	 82.828161	 82.827871	 82.827603	 82.827356	 82.827127	 82.826916	 82.826722	 82.826542	 82.826376	 82.826223	 82.826082	 82.825951	 82.825831	 82.825719	 82.825616	  82.82552	 82.825431	 82.825348	 82.825271	 82.825199	 82.825131	 82.825067	 82.825007	  82.82495	 82.824895	 82.824842	 82.824791	 82.824741	 82.824692	
        99	 98.698253	 98.396648	 98.095324	 97.794423	 97.494084	 97.194447	 96.895649	 96.597828	 96.301119	 96.005656	 95.711572	 95.418997	 95.128059	 94.838885	 94.551598	  94.26632	 93.983168	 93.702258	 93.423703	 93.147613	 92.874092	 92.603245	 92.335171	 92.069964	 91.807718	 91.548519	 91.292454	 91.039601	 90.790038	 90.543837	 90.301065	 90.061788	 89.826066	 89.593953	 89.365501	 89.140759	 88.919769	 88.702569	 88.489195	 88.279678	 88.074044	 87.872314	 87.674509	 87.480641	 87.290722	 87.104757	 86.922751	 86.744701	 86.570603	 86.400449	 86.234228	 86.071924	 85.913519	 85.758992	 85.608318	  85.46147	 85.318417	 85.179128	 85.043565	 84.911691	 84.783466	 84.658847	 84.537789	 84.420246	 84.306168	 84.195505	 84.088205	 83.984215	 83.883479	 83.785942	 83.691545	 83.600232	 83.511941	 83.426613	 83.344187	 83.264601	 83.187794	 83.113703	 83.042266	 82.973419	   82.9071	 82.843246	 82.781793	  82.72268	 82.665844	 82.611222	 82.558752	 82.508375	 82.460027	 82.413651	 82.369185	 82.326572	 82.285753	  82.24667	 82.209268	 82.173491	 82.139284	 82.106593	 82.075367	 82.045553	 82.017101	 81.989961	 81.964085	 81.939425	 81.915935	 81.893571	 81.872288	 81.852043	 81.832796	 81.814504	 81.797129	 81.780633	 81.764978	 81.750129	  81.73605	 81.722708	  81.71007	 81.698105	 81.686782	 81.676072	 81.665946	 81.656377	 81.647338	 81.638804	 81.630751	 81.623155	 81.615993	 81.609244	 81.602887	 81.596902	  81.59127	 81.585972	 81.580991	  81.57631	 81.571914	 81.567786	 81.563913	  81.56028	 81.556873	 81.553681	 81.550691	 81.547892	 81.545273	 81.542822	 81.540532	 81.538391	 81.536392	 81.534525	 81.532783	 81.531158	 81.529643	 81.528231	 81.526916	 81.525692	 81.524553	 81.523493	 81.522507	 81.521592	 81.520741	 81.519951	 81.519219	 81.518539	 81.517908	 81.517324	 81.516783	 81.516281	 81.515817	 81.515388	 81.514991	 81.514623	 81.514284	  81.51397	 81.513681	 81.513413	 81.513166	 81.512938	 81.512728	 81.512534	 81.512354	 81.512189	 81.512036	 81.511895	 81.511764	 81.511644	 81.511532	 81.511428	 81.511332	 81.511243	 81.511159	 81.511081	 81.511008	 81.510939	 81.510874	 81.510812	 81.510752	 81.510695	  81.51064	 81.510586	 81.510533	
        99	 98.675717	 98.351586	 98.027759	 97.704385	 97.381615	   97.0596	 96.738486	 96.418423	 96.099554	 95.782025	 95.465977	 95.151551	 94.838885	 94.528114	 94.219371	 93.912787	 93.608488	 93.306599	  93.00724	  92.71053	 92.416582	 92.125506	 91.837411	 91.552397	 91.270565	 90.992009	 90.716819	 90.445082	 90.176881	 89.912292	 89.651389	 89.394242	 89.140914	 88.891466	 88.645953	 88.404426	 88.166931	  87.93351	 87.704201	 87.479036	 87.258043	 87.041248	  86.82867	 86.620323	  86.41622	 86.216366	 86.020767	 85.829419	 85.642319	 85.459457	 85.280822	 85.106396	 84.936161	 84.770093	 84.608166	 84.450351	 84.296614	 84.146922	 84.001235	 83.859512	 83.721711	 83.587785	 83.457685	 83.331363	 83.208765	 83.089838	 82.974524	 82.862768	 82.754509	 82.649687	  82.54824	 82.450107	 82.355222	 82.263521	 82.174939	  82.08941	 82.006866	 81.927242	  81.85047	 81.776481	 81.705209	 81.636586	 81.570544	 81.507016	 81.445934	 81.387233	 81.330845	 81.276705	 81.224747	 81.174907	  81.12712	 81.081324	 81.037456	 80.995455	  80.95526	  80.91681	 80.880049	 80.844917	 80.811358	 80.779318	  80.74874	 80.719574	 80.691765	 80.665263	  80.64002	 80.615985	 80.593113	 80.571356	 80.550671	 80.531013	  80.51234	 80.494612	 80.477788	  80.46183	   80.4467	 80.432361	  80.41878	 80.405921	 80.393752	 80.382242	  80.37136	 80.361076	 80.351362	 80.342191	 80.333536	 80.325373	 80.317676	 80.310423	 80.303591	 80.297159	 80.291106	 80.285413	  80.28006	  80.27503	 80.270305	 80.265869	 80.261706	 80.257802	 80.254141	 80.250711	 80.247497	 80.244489	 80.241674	 80.239041	 80.236579	 80.234278	  80.23213	 80.230123	 80.228251	 80.226505	 80.224877	  80.22336	 80.221947	 80.220631	 80.219406	 80.218268	 80.217209	 80.216225	 80.215311	 80.214462	 80.213674	 80.212943	 80.212266	 80.211638	 80.211056	 80.210517	 80.210019	 80.209557	 80.209131	 80.208736	 80.208371	 80.208034	 80.207723	 80.207435	  80.20717	 80.206925	 80.206699	  80.20649	 80.206297	 80.206119	 80.205955	 80.205804	 80.205663	 80.205534	 80.205414	 80.205302	 80.205199	 80.205103	 80.205013	 80.204929	  80.20485	 80.204776	 80.204706	  80.20464	 80.204576	 80.204514	 80.204455	 80.204397	  80.20434	
        99	 98.653329	 98.306819	 97.960634	 97.614934	  97.26988	 96.925633	 96.582349	 96.240188	 95.899305	 95.559853	 95.221985	 94.885851	 94.551598	 94.219371	 93.889313	 93.561561	 93.236253	 92.913521	 92.593495	 92.276299	 91.962057	 91.650885	 91.342899	 91.038208	 90.736918	  90.43913	 90.144941	 89.854443	 89.567725	 89.284869	 89.005953	 88.731052	 88.460235	 88.193564	 87.931101	 87.672898	 87.419006	  87.16947	 86.924329	 86.683618	 86.447369	 86.215606	  85.98835	 85.765619	 85.547424	 85.333773	 85.124669	 84.920111	 84.720093	 84.524606	 84.333638	 84.147169	 83.965181	 83.787648	 83.614541	  83.44583	  83.28148	 83.121452	 82.965707	   82.8142	 82.666885	 82.523712	 82.384631	 82.249587	 82.118525	 81.991386	 81.868111	 81.748639	 81.632906	 81.520847	 81.412397	 81.307488	 81.206052	  81.10802	 81.013322	 80.921888	 80.833646	 80.748524	 80.666451	 80.587354	 80.511162	 80.437801	 80.367199	 80.299285	 80.233986	 80.171232	 80.110951	 80.053073	 79.997528	 79.944247	 79.893161	 79.844203	 79.797307	 79.752406	 79.709435	 79.668331	 79.629031	 79.591474	 79.555599	 79.521346	 79.488658	 79.457477	 79.427748	 79.399417	 79.372431	 79.346737	 79.322285	 79.299026	 79.276913	 79.255898	 79.235936	 79.216984	 79.198998	 79.181938	 79.165764	 79.150435	 79.135916	  79.12217	 79.109161	 79.096856	 79.085222	 79.074228	 79.063844	  79.05404	 79.044787	  79.03606	 79.027832	 79.020078	 79.012775	 79.005899	 78.999428	 78.993341	 78.987619	 78.982242	 78.977191	 78.972448	 78.967998	 78.963824	 78.959911	 78.956243	 78.952808	 78.949592	 78.946583	 78.943768	 78.941136	 78.938677	  78.93638	 78.934235	 78.932233	 78.930367	 78.928626	 78.927004	 78.925493	 78.924087	 78.922778	  78.92156	 78.920428	 78.919376	 78.918399	 78.917492	  78.91665	 78.915869	 78.915144	 78.914473	 78.913851	 78.913275	 78.912742	 78.912249	 78.911793	 78.911371	 78.910981	  78.91062	 78.910288	  78.90998	 78.909696	 78.909435	 78.909193	  78.90897	 78.908764	 78.908574	 78.908398	 78.908236	 78.908086	 78.907947	 78.907819	   78.9077	 78.907589	 78.907487	 78.907391	 78.907301	 78.907217	 78.907138	 78.907063	 78.906991	 78.906923	 78.906858	 78.906794	 78.906732	 78.906671	
        99	 98.631096	 98.262365	 97.893979	 97.526109	 97.158927	 96.792602	 96.427304	   96.0632	 95.700455	 95.339234	 94.979699	 94.622008	  94.26632	 93.912787	 93.561561	 93.212791	 92.866621	 92.523192	 92.182642	 91.845104	 91.510709	 91.179582	 90.851845	 90.527614	 90.207002	 89.890116	 89.577061	 89.267933	 88.962827	 88.661831	 88.365029	 88.072498	 87.784313	 87.500541	 87.221246	 86.946484	  86.67631	 86.410771	 86.149909	 85.893761	 85.642361	 85.395735	 85.153905	 84.916891	 84.684703	  84.45735	 84.234836	 84.017159	 83.804314	 83.596291	 83.393075	 83.194648	 83.000989	  82.81207	 82.627862	 82.448332	 82.273442	 82.103152	 81.937418	 81.776195	 81.619432	 81.467078	 81.319077	 81.175373	 81.035905	 80.900614	 80.769433	 80.642299	 80.519144	 80.399898	 80.284493	 80.172856	 80.064915	 79.960597	 79.859826	 79.762528	 79.668627	 79.578046	  79.49071	  79.40654	 79.325461	 79.247396	 79.172266	 79.099997	 79.030511	 78.963732	 78.899585	 78.837995	 78.778888	  78.72219	 78.667828	 78.615731	 78.565827	 78.518046	  78.47232	  78.42858	  78.38676	 78.346794	 78.308618	 78.272168	 78.237384	 78.204203	 78.172568	  78.14242	 78.113703	 78.086361	 78.060341	 78.035591	 78.012059	 77.989697	 77.968455	 77.948287	 77.929148	 77.910994	 77.893782	 77.877471	 77.862021	 77.847393	  77.83355	 77.820456	 77.808076	 77.796377	 77.785326	 77.774893	 77.765048	 77.755761	 77.747005	 77.738754	 77.730982	 77.723665	 77.716779	 77.710302	 77.704213	 77.698491	 77.693116	  77.68807	 77.683334	 77.678892	 77.674728	 77.670825	  77.66717	 77.663748	 77.660545	  77.65755	 77.654749	 77.652132	 77.649688	 77.647405	 77.645276	 77.643289	 77.641437	 77.639711	 77.638103	 77.636607	 77.635214	 77.633918	 77.632713	 77.631594	 77.630554	 77.629589	 77.628693	 77.627861	 77.627091	 77.626376	 77.625714	 77.625102	 77.624534	 77.624009	 77.623524	 77.623075	  77.62266	 77.622276	 77.621922	 77.621595	 77.621293	 77.621015	 77.620757	  77.62052	 77.620301	 77.620098	 77.619912	 77.619739	 77.619579	 77.619432	 77.619295	 77.619169	 77.619051	 77.618942	  77.61884	 77.618744	 77.618655	  77.61857	 77.618491	 77.618415	 77.618342	 77.618272	 77.618205	 77.618139	 77.618074	
        99	  98.60903	 98.218243	 97.827821	 97.437946	   97.0488	 96.660564	 96.273415	 95.887531	 95.503088	  95.12026	 94.739219	 94.360133	 93.983168	 93.608488	 93.236253	 92.866621	 92.499744	 92.135772	 91.774851	 91.417124	 91.062726	 90.711793	 90.364451	 90.020826	 89.681036	 89.345195	 89.013414	 88.685796	 88.362439	 88.043439	 87.728883	 87.418854	 87.113431	 86.812684	 86.516682	 86.225486	 85.939151	 85.657728	 85.381262	 85.109793	 84.843354	 84.581976	 84.325681	 84.074489	 83.828412	  83.58746	 83.351636	 83.120939	 82.895362	 82.674896	 82.459524	 82.249229	 82.043985	 81.843766	 81.648539	  81.45827	 81.272919	 81.092442	 80.916795	 80.745928	 80.579788	 80.418321	 80.261467	 80.109167	 79.961357	 79.817973	 79.678945	 79.544206	 79.413684	 79.287306	 79.164998	 79.046683	 78.932286	 78.821727	 78.714929	 78.611811	 78.512293	 78.416294	 78.323733	 78.234529	   78.1486	 78.065865	 77.986242	 77.909649	 77.836007	 77.765234	  77.69725	 77.631976	 77.569333	 77.509243	  77.45163	 77.396416	 77.343527	 77.292888	 77.244427	  77.19807	 77.153749	 77.111392	 77.070933	 77.032303	 76.995438	 76.960273	 76.926745	 76.894794	 76.864359	 76.835382	 76.807805	 76.781575	 76.756635	 76.732935	 76.710423	 76.689049	 76.668765	 76.649525	 76.631283	 76.613996	 76.597622	 76.582119	 76.567448	  76.55357	  76.54045	 76.528051	  76.51634	 76.505283	 76.494848	 76.485006	 76.475727	 76.466982	 76.458745	  76.45099	 76.443693	 76.436828	 76.430375	  76.42431	 76.418614	 76.413266	 76.408247	 76.403539	 76.399126	  76.39499	 76.391116	 76.387489	 76.384095	  76.38092	 76.377952	 76.375179	 76.372588	 76.370169	 76.367912	 76.365807	 76.363844	 76.362014	 76.360311	 76.358724	 76.357248	 76.355875	 76.354598	 76.353412	  76.35231	 76.351287	 76.350337	 76.349456	 76.348639	 76.347882	 76.347181	 76.346531	  76.34593	 76.345374	 76.344859	 76.344383	 76.343943	 76.343537	 76.343162	 76.342815	 76.342495	   76.3422	 76.341927	 76.341675	 76.341443	 76.341229	 76.341031	 76.340848	 76.340679	 76.340522	 76.340378	 76.340243	 76.340119	 76.340003	 76.339895	 76.339794	 76.339699	 76.339609	 76.339525	 76.339444	 76.339368	 76.339294	 76.339222	 76.339152	 76.339083	
