Time step 14:
        99	        99	        99	        99	        99	        99	        99	        99	        99	        99	        99	        99	        99	        99	        99	        99	        99	        99	        99	        99	        99	        99	        99	        99	        99	        99	        99	        99	        99	        99	        99	        99	        99	        99	        99	        99	        99	        99	        99	        99	        99	        99	        99	        99	        99	        99	        99	        99	        99	        99	        99	        99	        99	        99	        99	        99	        99	        99	        99	        99	        99	        99	        99	        99	        99	        99	        99	        99	        99	        99	        99	        99	        99	        99	        99	        99	        99	        99	        99	        99	        99	        99	        99	        99	        99	        99	        99	        99	        99	        99	        99	        99	        99	        99	        99	        99	        99	        99	        99	        99	        99	        99	        99	        99	        99	        99	        99	        99	        99	        99	        99	        99	        99	        99	        99	        99	        99	        99	        99	        99	        99	        99	        99	        99	        99	        99	        99	        99	        99	        99	        99	        99	        99	        99	        99	        99	        99	        99	        99	        99	        99	        99	        99	        99	        99	        99	        99	        99	        99	        99	        99	        99	        99	        99	        99	        99	        99	        99	        99	        99	        99	        99	        99	        99	        99	        99	        99	        99	        99	        99	        99	        99	        99	        99	        99	        99	        99	        99	        99	        99	        99	        99	        99	        99	        99	        99	        99	        99	        99	        99	        99	        99	        99	        99	        99	        99	        99	        99	        99	        99	
        99	 98.954653	 98.909348	 98.864124	 98.819022	 98.774082	 98.729345	 98.684849	 98.640634	 98.596736	 98.553193	 98.510041	 98.467316	  98.42505	 98.383277	 98.342028	 98.301334	 98.261223	 98.221722	 98.182857	 98.144652	 98.107131	 98.070314	  98.03422	 97.998867	 97.964271	 97.930447	 97.897407	 97.865161	  97.83372	 97.803091	 97.773279	 97.744289	 97.716124	 97.688785	 97.662271	 97.636581	 97.611712	  97.58766	 97.564417	 97.541978	 97.520334	 97.499476	 97.479392	 97.460073	 97.441506	 97.423676	 97.406572	 97.390177	 97.374476	 97.359455	 97.345095	 97.331381	 97.318295	  97.30582	 97.293937	  97.28263	 97.271879	 97.261667	 97.251976	 97.242786	  97.23408	  97.22584	 97.218048	 97.210687	 97.203738	 97.197184	  97.19101	 97.185197	 97.179729	 97.174592	 97.169768	 97.165244	 97.161004	 97.157034	  97.15332	 97.149849	 97.146608	 97.143584	 97.140765	  97.13814	 97.135698	 97.133427	 97.131319	 97.129362	 97.127548	 97.125868	 97.124313	 97.122875	 97.121547	 97.120321	 97.119191	  97.11815	 97.117191	  97.11631	   97.1155	 97.114756	 97.114075	  97.11345	 97.112878	 97.112355	 97.111877	  97.11144	 97.111042	 97.110679	 97.110348	 97.110048	 97.109775	 97.109526	 97.109301	 97.109097	 97.108912	 97.108745	 97.108594	 97.108457	 97.108334	 97.108223	 97.108123	 97.108033	 97.107952	 97.107879	 97.107813	 97.107755	 97.107702	 97.107655	 97.107613	 97.107576	 97.107542	 97.107512	 97.107486	 97.107462	 97.107441	 97.107422	 97.107405	 97.107391	 97.107377	 97.107366	 97.107356	 97.107346	 97.107338	 97.107331	 97.107325	  97.10732	 97.107315	 97.107311	 97.107307	 97.107304	 97.107301	 97.107298	 97.107296	 97.107294	 97.107292	 97.107291	  97.10729	 97.107288	 97.107287	 97.107287	 97.107286	 97.107285	 97.107285	 97.107284	 97.107284	 97.107283	 97.107283	 97.107283	 97.107283	 97.107282	 97.107282	 97.107282	 97.107282	 97.107282	 97.107282	 97.107282	 97.107282	 97.107282	 97.107282	 97.107281	 97.107281	 97.107281	 97.107281	 97.107281	 97.107281	 97.107281	 97.107281	 97.107281	 97.107281	 97.107281	 97.107281	 97.107281	 97.107281	 97.107281	 97.107281	 97.107281	 97.107281	 97.107281	 97.107281	 97.107281	 97.107281	 97.107281	 97.107281	
        99	 98.909348	 98.818777	  98.72837	 98.638206	 98.548368	 98.458934	 98.369983	 98.281591	 98.193836	 98.106789	 98.020525	 97.935112	 97.850618	  97.76711	  97.68465	 97.603298	 97.523111	 97.444145	  97.36645	 97.290076	 97.215067	 97.141466	 97.069311	 96.998637	 96.929477	 96.861859	 96.795808	 96.731346	 96.668492	  96.60726	 96.547663	  96.48971	 96.433405	 96.378751	 96.325748	 96.274392	 96.224676	 96.176593	 96.130129	 96.085271	 96.042002	 96.000304	 95.960156	 95.921535	 95.884416	 95.848774	  95.81458	 95.781805	 95.750418	 95.720388	 95.691682	 95.664266	 95.638106	 95.613167	 95.589413	 95.566809	 95.545317	 95.524902	 95.505527	 95.487156	 95.469753	  95.45328	 95.437704	 95.422987	 95.409095	 95.395994	  95.38365	 95.372029	   95.3611	 95.350829	 95.341187	 95.332142	 95.323666	 95.315729	 95.308305	 95.301366	 95.294886	 95.288841	 95.283206	 95.277959	 95.273076	 95.268538	 95.264322	 95.260411	 95.256784	 95.253425	 95.250317	 95.247443	 95.244787	 95.242337	 95.240078	 95.237996	  95.23608	 95.234318	 95.232699	 95.231213	  95.22985	 95.228601	 95.227457	 95.226411	 95.225456	 95.224583	 95.223787	 95.223061	 95.222401	   95.2218	 95.221253	 95.220757	 95.220307	 95.219899	  95.21953	 95.219195	 95.218893	  95.21862	 95.218373	 95.218151	 95.217951	 95.217771	 95.217609	 95.217463	 95.217333	 95.217216	 95.217111	 95.217017	 95.216933	 95.216858	 95.216791	 95.216731	 95.216678	  95.21663	 95.216588	  95.21655	 95.216517	 95.216488	 95.216461	 95.216438	 95.216418	 95.216399	 95.216383	 95.216369	 95.216357	 95.216346	 95.216336	 95.216328	  95.21632	 95.216314	 95.216308	 95.216303	 95.216298	 95.216295	 95.216291	 95.216288	 95.216286	 95.216283	 95.216282	  95.21628	 95.216278	 95.216277	 95.216276	 95.216275	 95.216274	 95.216273	 95.216273	 95.216272	 95.216272	 95.216271	 95.216271	 95.216271	 95.216271	  95.21627	  95.21627	  95.21627	  95.21627	  95.21627	  95.21627	  95.21627	 95.216269	 95.216269	 95.216269	 95.216269	 95.216269	 95.216269	 95.216269	 95.216269	 95.216269	 95.216269	 95.216269	 95.216269	 95.216269	 95.216269	 95.216269	 95.216269	 95.216269	 95.216269	 95.216269	 95.216269	 95.216269	 95.216269	 95.216269	
        99	 98.864124	  98.72837	  98.59286	 98.457717	 98.323061	 98.189011	 98.055684	 97.923196	 97.791661	  97.66119	  97.53189	 97.403867	 97.277222	 97.152054	 97.028456	  96.90652	  96.78633	  96.66797	 96.551516	  96.43704	 96.324611	 96.214292	 96.106141	  96.00021	 95.896547	 95.795196	 95.696194	 95.599574	 95.505364	 95.413585	 95.324257	 95.237392	 95.152998	 95.071079	 94.991634	 94.914658	 94.840141	 94.768069	 94.698425	 94.631189	 94.566335	 94.503835	 94.443658	  94.38577	 94.330134	  94.27671	 94.225458	 94.176332	 94.129288	 94.084276	  94.04125	 94.000157	 93.960946	 93.923566	 93.887961	  93.85408	 93.821867	 93.791267	 93.762227	 93.734691	 93.708605	 93.683915	 93.660568	 93.638509	 93.617687	 93.598051	 93.579548	 93.562131	 93.545748	 93.530354	 93.515901	 93.502345	  93.48964	 93.477744	 93.466616	 93.456215	 93.446503	 93.437442	 93.428996	 93.421131	 93.413812	 93.407009	 93.400691	 93.394828	 93.389392	 93.384358	 93.379698	  93.37539	 93.371411	 93.367738	 93.364351	 93.361231	 93.358359	 93.355718	 93.353292	 93.351064	 93.349021	 93.347149	 93.345435	 93.343867	 93.342435	 93.341127	 93.339934	 93.338846	 93.337856	 93.336955	 93.336136	 93.335393	 93.334718	 93.334106	 93.333553	 93.333051	 93.332598	 93.332189	  93.33182	 93.331487	 93.331187	 93.330917	 93.330674	 93.330456	  93.33026	 93.330084	 93.329927	 93.329786	  93.32966	 93.329548	 93.329447	 93.329358	 93.329278	 93.329207	 93.329143	 93.329087	 93.329037	 93.328993	 93.328954	 93.328919	 93.328888	 93.328861	 93.328837	 93.328816	 93.328797	  93.32878	 93.328766	 93.328753	 93.328742	 93.328732	 93.328724	 93.328716	 93.328709	 93.328704	 93.328699	 93.328694	  93.32869	 93.328687	 93.328684	 93.328682	 93.328679	 93.328677	 93.328676	 93.328674	 93.328673	 93.328672	 93.328671	  93.32867	  93.32867	 93.328669	 93.328668	 93.328668	 93.328668	 93.328667	 93.328667	 93.328667	 93.328667	 93.328666	 93.328666	 93.328666	 93.328666	 93.328666	 93.328666	 93.328666	 93.328666	 93.328666	 93.328666	 93.328666	 93.328666	 93.328666	 93.328665	 93.328665	 93.328665	 93.328665	 93.328665	 93.328665	 93.328665	 93.328665	 93.328665	 93.328665	 93.328665	 93.328665	 93.328665	
        99	 98.819022	 98.638206	 98.457717	 98.277716	 98.098363	 97.919817	 97.742234	  97.56577	 97.390574	 97.216795	 97.044576	 96.874058	 96.705376	  96.53866	 96.374036	 96.211625	  96.05154	 95.893892	 95.738783	  95.58631	 95.436562	 95.289624	 95.145574	 95.004481	 94.866409	 94.731416	 94.599552	 94.470861	 94.345379	 94.223137	 94.104158	 93.988459	 93.876052	 93.766941	 93.661126	 93.558599	 93.459347	 93.363352	 93.270591	 93.181037	 93.094655	  93.01141	 92.931258	 92.854155	 92.780052	 92.708895	  92.64063	 92.575198	 92.512538	 92.452586	 92.395277	 92.340544	 92.288319	  92.23853	 92.191108	  92.14598	 92.103074	 92.062318	 92.023638	 91.986962	 91.952217	 91.919332	 91.888235	 91.858854	 91.831121	 91.804966	 91.780322	 91.757123	 91.735303	 91.714799	 91.695549	 91.677492	  91.66057	 91.644725	 91.629903	  91.61605	 91.603114	 91.591046	 91.579797	 91.569321	 91.559573	 91.550512	 91.542096	 91.534287	 91.527047	 91.520341	 91.514136	 91.508398	 91.503097	 91.498205	 91.493694	 91.489538	 91.485713	 91.482195	 91.478963	 91.475996	 91.473275	 91.470782	 91.468499	 91.466411	 91.464503	 91.462761	 91.461172	 91.459723	 91.458404	 91.457204	 91.456114	 91.455123	 91.454225	  91.45341	 91.452672	 91.452005	 91.451401	 91.450856	 91.450364	 91.449921	 91.449521	 91.449161	 91.448838	 91.448548	 91.448287	 91.448053	 91.447843	 91.447656	 91.447488	 91.447338	 91.447204	 91.447085	 91.446979	 91.446884	   91.4468	 91.446725	 91.446658	 91.446599	 91.446547	 91.446501	  91.44646	 91.446423	 91.446391	 91.446363	 91.446338	 91.446316	 91.446297	  91.44628	 91.446265	 91.446252	 91.446241	  91.44623	 91.446222	 91.446214	 91.446207	 91.446201	 91.446196	 91.446192	 91.446188	 91.446185	 91.446182	 91.446179	 91.446177	 91.446175	 91.446173	 91.446172	 91.446171	 91.446169	 91.446169	 91.446168	 91.446167	 91.446166	 91.446166	 91.446166	 91.446165	 91.446165	 91.446165	 91.446164	 91.446164	 91.446164	 91.446164	 91.446164	 91.446164	 91.446163	 91.446163	 91.446163	 91.446163	 91.446163	 91.446163	 91.446163	 91.446163	 91.446163	 91.446163	 91.446163	 91.446163	 91.446163	 91.446163	 91.446163	 91.446163	 91.446163	 91.446163	 91.446163	 91.446163	
        99	 98.774082	 98.548368	 98.323061	 98.098363	 97.874474	 97.651592	 97.429914	 97.209631	 96.990931	    96.774	 96.559018	 96.346157	 96.135589	 95.927475	 95.721973	 95.519232	 95.319397	 95.122603	 94.928978	 94.738643	 94.551711	 94.368287	 94.188466	 94.012338	 93.839981	 93.671468	  93.50686	 93.346213	 93.189572	 93.036975	 92.888452	 92.744024	 92.603705	 92.467501	  92.33541	 92.207423	 92.083526	 91.963694	   91.8479	 91.736108	 91.628277	  91.52436	 91.424306	 91.328057	 91.235553	 91.146727	 91.061511	 90.979831	 90.901611	 90.826773	 90.755233	 90.686909	 90.621715	 90.559564	 90.500366	 90.444032	 90.390472	 90.339595	 90.291311	 90.245528	 90.202155	 90.161104	 90.122285	 90.085609	 90.050989	  90.01834	 89.987577	 89.958616	 89.931378	 89.905783	 89.881752	 89.859212	 89.838088	 89.818309	 89.799807	 89.782514	 89.766366	   89.7513	 89.737258	  89.72418	 89.712012	 89.700701	 89.690196	 89.680447	  89.67141	 89.663039	 89.655292	 89.648129	 89.641513	 89.635406	 89.629775	 89.624587	 89.619812	 89.615421	 89.611386	 89.607682	 89.604285	 89.601173	 89.598323	 89.595717	 89.593335	  89.59116	 89.589176	 89.587368	 89.585722	 89.584224	 89.582863	 89.581626	 89.580504	 89.579488	 89.578567	 89.577733	  89.57698	 89.576299	 89.575685	 89.575132	 89.574633	 89.574184	  89.57378	 89.573417	 89.573092	   89.5728	 89.572538	 89.572304	 89.572095	 89.571908	 89.571741	 89.571592	 89.571459	 89.571341	 89.571235	 89.571142	 89.571059	 89.570985	  89.57092	 89.570862	 89.570811	 89.570766	 89.570726	 89.570691	  89.57066	 89.570632	 89.570608	 89.570587	 89.570568	 89.570552	 89.570538	 89.570525	 89.570514	 89.570504	 89.570496	 89.570489	 89.570482	 89.570477	 89.570472	 89.570468	 89.570464	 89.570461	 89.570458	 89.570456	 89.570454	 89.570452	  89.57045	 89.570449	 89.570448	 89.570447	 89.570446	 89.570445	 89.570445	 89.570444	 89.570444	 89.570443	 89.570443	 89.570442	 89.570442	 89.570442	 89.570442	 89.570442	 89.570442	 89.570441	 89.570441	 89.570441	 89.570441	 89.570441	 89.570441	 89.570441	 89.570441	 89.570441	 89.570441	 89.570441	 89.570441	 89.570441	 89.570441	 89.570441	 89.570441	 89.570441	 89.570441	 89.570441	 89.570441	
        99	 98.729345	 98.458934	 98.189011	 97.919817	 97.651592	 97.384575	 97.118998	 96.855094	 96.593087	 96.333199	 96.075644	 95.820632	 95.568366	 95.319041	 95.072844	 94.829956	 94.590549	 94.354784	 94.122817	 93.894791	 93.670842	 93.451095	 93.235666	  93.02466	 92.818173	  92.61629	 92.419086	 92.226626	 92.038967	 91.856152	 91.678218	 91.505189	 91.337084	 91.173908	 91.015659	 90.862329	 90.713896	 90.570335	 90.431611	 90.297681	 90.168497	 90.044002	 89.924134	 89.808826	 89.698004	 89.591589	 89.489498	 89.391643	 89.297934	 89.208276	  89.12257	 89.040716	 88.962612	 88.888153	 88.817232	 88.749743	 88.685577	 88.624625	 88.566779	  88.51193	 88.459969	 88.410789	 88.364282	 88.320343	 88.278868	 88.239754	 88.202898	 88.168203	 88.135571	 88.104907	 88.076118	 88.049114	 88.023807	 88.000112	 87.977945	 87.957228	 87.937882	 87.919834	  87.90301	 87.887343	 87.872766	 87.859215	 87.846629	  87.83495	 87.824123	 87.814094	 87.804813	 87.796232	 87.788305	 87.780989	 87.774243	 87.768028	 87.762307	 87.757047	 87.752213	 87.747776	 87.743706	 87.739977	 87.736563	 87.733441	 87.730587	 87.727982	 87.725605	 87.723439	 87.721467	 87.719672	 87.718041	  87.71656	 87.715216	 87.713998	 87.712895	 87.711896	 87.710994	 87.710178	 87.709443	 87.708779	 87.708182	 87.707644	  87.70716	 87.706726	 87.706336	 87.705986	 87.705673	 87.705392	 87.705141	 87.704917	 87.704717	 87.704538	 87.704379	 87.704238	 87.704112	    87.704	   87.7039	 87.703812	 87.703734	 87.703664	 87.703603	 87.703549	 87.703501	 87.703459	 87.703422	 87.703389	  87.70336	 87.703335	 87.703312	 87.703293	 87.703276	 87.703261	 87.703247	 87.703236	 87.703226	 87.703217	 87.703209	 87.703203	 87.703197	 87.703192	 87.703187	 87.703184	  87.70318	 87.703177	 87.703175	 87.703173	 87.703171	 87.703169	 87.703168	 87.703167	 87.703166	 87.703165	 87.703164	 87.703163	 87.703163	 87.703162	 87.703162	 87.703162	 87.703161	 87.703161	 87.703161	 87.703161	  87.70316	  87.70316	  87.70316	  87.70316	  87.70316	  87.70316	  87.70316	  87.70316	  87.70316	  87.70316	  87.70316	  87.70316	  87.70316	  87.70316	  87.70316	  87.70316	  87.70316	  87.70316	  87.70316	  87.70316	  87.70316	
        99	 98.684849	 98.369983	 98.055684	 97.742234	 97.429914	 97.118998	 96.809762	 96.502471	  96.19739	 95.894776	 95.594879	 95.297944	 95.004205	  94.71389	 94.427219	   94.1444	 93.865634	  93.59111	 93.321007	 93.055494	 92.794728	 92.538855	 92.288009	 92.042313	  91.80188	 91.566807	 91.337182	 91.113083	 90.894572	 90.681702	 90.474515	 90.273041	 90.077299	 89.887297	 89.703033	 89.524494	  89.35166	 89.184497	 89.022967	 88.867019	 88.716597	 88.571635	 88.432061	 88.297796	 88.168754	 88.044845	  87.92597	 87.812028	 87.702913	 87.598515	 87.498719	 87.403408	 87.312464	 87.225763	 87.143184	 87.064599	 86.989884	 86.918912	 86.851556	  86.78769	 86.727186	 86.669921	 86.615769	 86.564606	 86.516313	 86.470767	 86.427853	 86.387455	 86.349458	 86.313753	 86.280231	 86.248787	  86.21932	 86.191729	 86.165918	 86.141795	 86.119268	 86.098253	 86.078663	 86.060421	 86.043447	 86.027668	 86.013013	 85.999414	 85.986807	  85.97513	 85.964323	 85.954331	 85.945101	 85.936582	 85.928727	  85.92149	 85.914829	 85.908703	 85.903075	 85.897908	  85.89317	 85.888828	 85.884853	 85.881217	 85.877894	  85.87486	 85.872093	 85.869571	 85.867274	 85.865185	 85.863286	 85.861561	 85.859996	 85.858577	 85.857293	  85.85613	 85.855079	  85.85413	 85.853273	 85.852501	 85.851805	 85.851179	 85.850616	  85.85011	 85.849656	 85.849248	 85.848884	 85.848557	 85.848265	 85.848004	 85.847771	 85.847563	 85.847378	 85.847213	 85.847066	 85.846936	  85.84682	 85.846717	 85.846626	 85.846545	 85.846474	 85.846411	 85.846355	 85.846306	 85.846263	 85.846224	 85.846191	 85.846161	 85.846135	 85.846112	 85.846092	 85.846075	  85.84606	 85.846046	 85.846034	 85.846024	 85.846015	 85.846008	 85.846001	 85.845995	  85.84599	 85.845985	 85.845982	 85.845978	 85.845975	 85.845973	 85.845971	 85.845969	 85.845967	 85.845966	 85.845965	 85.845963	 85.845963	 85.845962	 85.845961	 85.845961	  85.84596	  85.84596	 85.845959	 85.845959	 85.845959	 85.845959	 85.845958	 85.845958	 85.845958	 85.845958	 85.845958	 85.845958	 85.845958	 85.845958	 85.845958	 85.845958	 85.845958	 85.845958	 85.845958	 85.845958	 85.845957	 85.845957	 85.845957	 85.845957	 85.845957	 85.845957	 85.845957	
        99	 98.640634	 98.281591	 97.923196	  97.56577	 97.209631	 96.855094	 96.502471	 96.152068	 95.804184	 95.459113	 95.117141	 94.778545	 94.443595	 94.112549	 93.785658	  93.46316	 93.145283	 92.832243	 92.524245	  92.22148	 91.924128	 91.632356	 91.346316	  91.06615	 90.791983	  90.52393	 90.262089	 90.006548	  89.75738	 89.514645	  89.27839	 89.048649	 88.825444	 88.608785	 88.398668	 88.195081	 87.997997	 87.807382	 87.623189	 87.445362	 87.273835	 87.108535	 86.949379	 86.796277	 86.649131	 86.507836	 86.372283	 86.242356	 86.117932	 85.998886	 85.885089	 85.776407	 85.672703	 85.573838	 85.479672	 85.390062	 85.304865	 85.223936	  85.14713	 85.074303	 85.005311	 84.940011	 84.878261	 84.819921	 84.764851	 84.712916	 84.663981	 84.617914	 84.574587	 84.533872	 84.495647	 84.459792	  84.42619	 84.394728	 84.365296	 84.337788	 84.312102	 84.288137	   84.2658	 84.244998	 84.225642	  84.20765	 84.190939	 84.175432	 84.161056	 84.147741	 84.135418	 84.124024	 84.113499	 84.103785	 84.094827	 84.086575	  84.07898	 84.071994	 84.065577	 84.059685	 84.054282	 84.049331	 84.044798	 84.040652	 84.036863	 84.033403	 84.030248	 84.027372	 84.024753	  84.02237	 84.020205	 84.018238	 84.016454	 84.014836	 84.013371	 84.012045	 84.010847	 84.009764	 84.008788	 84.007907	 84.007113	 84.006399	 84.005757	  84.00518	 84.004662	 84.004198	 84.003782	  84.00341	 84.003076	 84.002779	 84.002513	 84.002276	 84.002065	 84.001877	 84.001709	 84.001561	 84.001429	 84.001311	 84.001208	 84.001116	 84.001034	 84.000962	 84.000899	 84.000843	 84.000793	  84.00075	 84.000711	 84.000678	 84.000648	 84.000622	 84.000599	 84.000579	 84.000562	 84.000547	 84.000533	 84.000522	 84.000511	 84.000502	 84.000495	 84.000488	 84.000482	 84.000477	 84.000473	 84.000469	 84.000466	 84.000463	  84.00046	 84.000458	 84.000456	 84.000455	 84.000453	 84.000452	 84.000451	  84.00045	  84.00045	 84.000449	 84.000448	 84.000448	 84.000448	 84.000447	 84.000447	 84.000447	 84.000446	 84.000446	 84.000446	 84.000446	 84.000446	 84.000446	 84.000446	 84.000446	 84.000446	 84.000446	 84.000445	 84.000445	 84.000445	 84.000445	 84.000445	 84.000445	 84.000445	 84.000445	 84.000445	 84.000445	 84.000445	
        99	 98.596736	 98.193836	 97.791661	 97.390574	 96.990931	 96.593087	  96.19739	 95.804184	 95.413805	 95.026583	 94.642838	 94.262881	 93.887016	 93.515532	  93.14871	 92.786818	 92.430111	 92.078832	 91.733211	 91.393463	 91.059788	 90.732375	 90.411395	 90.097006	 89.789349	 89.488551	 89.194726	  88.90797	 88.628366	  88.35598	 88.090865	 87.833061	 87.582591	 87.339465	 87.103683	 86.875226	 86.654069	 86.440169	 86.233476	 86.033927	 85.841448	 85.655956	 85.477358	 85.305554	 85.140434	  84.98188	 84.829769	  84.68397	 84.544347	  84.41076	 84.283062	 84.161104	 84.044732	 83.933791	 83.828122	 83.727566	 83.631962	 83.541147	 83.454959	 83.373236	 83.295816	  83.22254	 83.153247	  83.08778	 83.025984	 82.967705	 82.912792	 82.861098	 82.812478	  82.76679	 82.723896	 82.683661	 82.645954	 82.610649	 82.577622	 82.546754	  82.51793	 82.491038	 82.465972	 82.442628	 82.420909	 82.400718	 82.381966	 82.364565	 82.348433	 82.333491	 82.319663	 82.306877	 82.295067	 82.284166	 82.274114	 82.264854	 82.256331	 82.248492	  82.24129	 82.234679	 82.228616	  82.22306	 82.217973	 82.213321	 82.209069	 82.205187	 82.201646	 82.198419	  82.19548	 82.192806	 82.190376	 82.188169	 82.186167	 82.184352	 82.182708	  82.18122	 82.179875	 82.178661	 82.177564	 82.176576	 82.175686	 82.174884	 82.174164	 82.173517	 82.172935	 82.172414	 82.171948	  82.17153	 82.171156	 82.170822	 82.170524	 82.170258	  82.17002	 82.169809	 82.169622	 82.169455	 82.169307	 82.169175	 82.169059	 82.168955	 82.168864	 82.168783	 82.168712	 82.168649	 82.168594	 82.168545	 82.168502	 82.168464	 82.168431	 82.168402	 82.168376	 82.168354	 82.168334	 82.168317	 82.168302	 82.168289	 82.168277	 82.168267	 82.168259	 82.168251	 82.168245	 82.168239	 82.168234	  82.16823	 82.168226	 82.168223	  82.16822	 82.168218	 82.168216	 82.168214	 82.168212	 82.168211	  82.16821	 82.168209	 82.168208	 82.168207	 82.168207	 82.168206	 82.168206	 82.168205	 82.168205	 82.168205	 82.168204	 82.168204	 82.168204	 82.168204	 82.168204	 82.168204	 82.168204	 82.168204	 82.168204	 82.168203	 82.168203	 82.168203	 82.168203	 82.168203	 82.168203	 82.168203	 82.168203	 82.168203	 82.168203	 82.168203	 82.168203	
        99	 98.553193	 98.106789	  97.66119	 97.216795	    96.774	 96.333199	 95.894776	 95.459113	 95.026583	  94.59755	 94.172369	 93.751387	 93.334937	 92.923342	 92.516912	 92.115944	 91.720721	 91.331513	 90.948573	  90.57214	 90.202437	 89.839672	 89.484033	 89.135697	 88.794821	 88.461545	 88.135994	 87.818275	  87.50848	 87.206683	 86.912942	 86.627301	 86.349786	 86.080409	 85.819168	 85.566044	 85.321006	 85.084011	    84.855	 84.633904	 84.420642	 84.215121	  84.01724	 83.826885	 83.643935	 83.468262	 83.299726	 83.138185	 82.983486	 82.835475	 82.693988	 82.558861	 82.429924	 82.307004	 82.189926	 82.078512	 81.972585	 81.871964	  81.77647	 81.685923	 81.600144	 81.518955	  81.44218	 81.369645	 81.301176	 81.236604	 81.175762	 81.118487	 81.064617	 81.013995	 80.966469	  80.92189	 80.880112	 80.840995	 80.804402	 80.770201	 80.738264	 80.708469	 80.680696	 80.654832	 80.630767	 80.608397	  80.58762	  80.56834	 80.550467	 80.533911	 80.518589	 80.504423	 80.491337	  80.47926	 80.468123	 80.457863	 80.448419	 80.439734	 80.431755	  80.42443	 80.417712	 80.411556	  80.40592	 80.400765	 80.396054	 80.391753	  80.38783	 80.384254	 80.380998	 80.378035	 80.375343	 80.372898	 80.370679	 80.368668	 80.366847	 80.365198	 80.363708	 80.362362	 80.361148	 80.360053	 80.359066	 80.358178	  80.35738	 80.356663	 80.356019	 80.355442	 80.354924	 80.354461	 80.354047	 80.353677	 80.353347	 80.353052	 80.352789	 80.352555	 80.352347	 80.352162	 80.351998	 80.351853	 80.351723	 80.351609	 80.351508	 80.351419	  80.35134	  80.35127	 80.351208	 80.351154	 80.351107	 80.351065	 80.351028	 80.350996	 80.350967	 80.350942	 80.350921	 80.350902	 80.350885	 80.350871	 80.350858	 80.350847	 80.350837	 80.350829	 80.350822	 80.350815	  80.35081	 80.350805	 80.350801	 80.350798	 80.350794	 80.350792	  80.35079	 80.350788	 80.350786	 80.350784	 80.350783	 80.350782	 80.350781	  80.35078	  80.35078	 80.350779	 80.350779	 80.350778	 80.350778	 80.350777	 80.350777	 80.350777	 80.350777	 80.350777	 80.350776	 80.350776	 80.350776	 80.350776	 80.350776	 80.350776	 80.350776	 80.350776	 80.350776	 80.350776	 80.350776	 80.350776	 80.350776	 80.350776	 80.350776	 80.350776	 80.350776	
        99	 98.510041	 98.020525	  97.53189	 97.044576	 96.559018	 96.075644	 95.594879	 95.117141	 94.642838	 94.172369	 93.706126	 93.244486	 92.787816	  92.33647	 91.890787	 91.451095	 91.017702	 90.590905	 90.170982	 89.758193	 89.352785	 88.954984	 88.564999	 88.183021	 87.809224	  87.44376	 87.086768	 86.738365	  86.39865	 86.067706	 85.745597	 85.432369	 85.128052	  84.83266	 84.546188	 84.268618	 83.999915	 83.740031	 83.488902	 83.246454	 83.012595	 82.787225	 82.570233	 82.361494	 82.160875	 81.968235	 81.783423	  81.60628	 81.436641	 81.274335	 81.119184	 80.971007	 80.829617	 80.694826	 80.566441	 80.444267	 80.328109	  80.21777	 80.113053	 80.013761	 79.919698	 79.830669	 79.746479	 79.666938	 79.591857	 79.521049	 79.454331	 79.391524	 79.332451	 79.276941	 79.224825	  79.17594	 79.130128	 79.087232	 79.047105	 79.009601	  78.97458	 78.941907	 78.911452	  78.88309	 78.856701	  78.83217	 78.809387	 78.788245	 78.768645	  78.75049	 78.733689	 78.718155	 78.703805	 78.690561	 78.678349	 78.667098	 78.656742	 78.647218	 78.638468	 78.630436	 78.623069	 78.616319	 78.610139	 78.604486	  78.59932	 78.594604	 78.590301	  78.58638	 78.582809	 78.579561	 78.576608	 78.573927	 78.571494	 78.569289	 78.567291	 78.565484	  78.56385	 78.562374	 78.561042	 78.559842	  78.55876	 78.557786	 78.556911	 78.556124	 78.555418	 78.554785	 78.554218	  78.55371	 78.553256	  78.55285	 78.552488	 78.552165	 78.551877	  78.55162	 78.551392	 78.551189	 78.551009	 78.550849	 78.550708	 78.550582	 78.550472	 78.550373	 78.550287	  78.55021	 78.550143	 78.550084	 78.550031	 78.549985	 78.549945	  78.54991	 78.549879	 78.549851	 78.549828	 78.549807	 78.549788	 78.549773	 78.549759	 78.549747	 78.549736	 78.549727	 78.549719	 78.549712	 78.549706	 78.549701	 78.549696	 78.549693	 78.549689	 78.549686	 78.549684	 78.549682	  78.54968	 78.549678	 78.549677	 78.549676	 78.549675	 78.549674	 78.549673	 78.549672	 78.549672	 78.549671	 78.549671	 78.549671	  78.54967	  78.54967	  78.54967	  78.54967	 78.549669	 78.549669	 78.549669	 78.549669	 78.549669	 78.549669	 78.549669	 78.549669	 78.549669	 78.549669	 78.549669	 78.549669	 78.549669	 78.549669	 78.549669	 78.549669	 78.549669	
        99	 98.467316	 97.935112	 97.403867	 96.874058	 96.346157	 95.820632	 95.297944	 94.778545	 94.262881	 93.751387	 93.244486	 92.742589	 92.246096	 91.755392	 91.270845	  90.79281	 90.321625	 89.857609	 89.401067	 88.952283	 88.511522	 88.079032	 87.655039	 87.239752	 86.833358	 86.436025	 86.047902	 85.669117	 85.299779	 84.939975	 84.589777	 84.249235	 83.918381	 83.597229	 83.285776	 82.984001	 82.691867	  82.40932	 82.136293	 81.872702	  81.61845	 81.373428	 81.137513	 80.910571	 80.692458	 80.483019	 80.282091	 80.089501	 79.905069	 79.728609	 79.559929	  79.39883	 79.245111	 79.098565	 78.958984	 78.826157	  78.69987	 78.579909	 78.466061	  78.35811	 78.255844	 78.159051	  78.06752	 77.981043	 77.899414	 77.822431	 77.749896	 77.681611	 77.617387	 77.557037	 77.500376	 77.447229	 77.397421	 77.350785	 77.307159	 77.266384	 77.228309	 77.192787	 77.159676	 77.128841	 77.100151	 77.073481	 77.048711	 77.025726	 77.004416	 76.984678	 76.966412	 76.949524	 76.933922	 76.919523	 76.906246	 76.894014	 76.882755	 76.872401	 76.862888	 76.854155	 76.846146	 76.838807	 76.832088	 76.825942	 76.820326	 76.815198	  76.81052	 76.806257	 76.802375	 76.798843	 76.795633	 76.792718	 76.790073	 76.787676	 76.785504	 76.783539	 76.781763	 76.780158	  76.77871	 76.777405	 76.776229	  76.77517	 76.774218	 76.773363	 76.772596	 76.771907	 76.771291	 76.770738	 76.770245	 76.769803	  76.76941	 76.769058	 76.768745	 76.768466	 76.768218	 76.767998	 76.767802	 76.767628	 76.767474	 76.767338	 76.767217	 76.767111	 76.767017	 76.766934	  76.76686	 76.766796	 76.766739	 76.766689	 76.766645	 76.766607	 76.766573	 76.766543	 76.766517	 76.766495	 76.766475	 76.766458	 76.766442	 76.766429	 76.766418	 76.766408	 76.766399	 76.766392	 76.766385	  76.76638	 76.766375	  76.76637	 76.766367	 76.766364	 76.766361	 76.766359	 76.766357	 76.766355	 76.766353	 76.766352	 76.766351	  76.76635	 76.766349	 76.766348	 76.766348	 76.766347	 76.766347	 76.766347	 76.766346	 76.766346	 76.766346	 76.766346	 76.766345	 76.766345	 76.766345	 76.766345	 76.766345	 76.766345	 76.766345	 76.766345	 76.766345	 76.766345	 76.766345	 76.766345	 76.766345	 76.766345	 76.766345	 76.766345	 76.766345	
        99	  98.42505	 97.850618	 97.277222	 96.705376	 96.135589	 95.568366	 95.004205	 94.443595	 93.887016	 93.334937	 92.787816	 92.246096	 91.710209	  91.18057	 90.657577	 90.141612	 89.633041	 89.132208	 88.639442	 88.155049	 87.679316	  87.21251	 86.754875	 86.306637	 85.867998	 85.439139	 85.020221	 84.611381	 84.212737	 83.824386	 83.446401	 83.078839	 82.721733	   82.3751	 82.038934	 81.713215	 81.397902	 81.092936	 80.798246	  80.51374	 80.239315	 79.974851	 79.720218	 79.475269	  79.23985	 79.013794	 78.796923	 78.589051	 78.389986	 78.199525	  78.01746	 77.843579	 77.677663	  77.51949	 77.368834	 77.225468	  77.08916	 76.959681	   76.8368	 76.720284	 76.609904	  76.50543	 76.406637	 76.313298	 76.225193	 76.142102	 76.063811	 75.990108	 75.920789	 75.855649	 75.794493	 75.737129	 75.683369	 75.633033	 75.585945	 75.541935	 75.500839	 75.462498	 75.426761	 75.393479	 75.362513	 75.333726	  75.30699	 75.282182	 75.259182	 75.237877	 75.218162	 75.199933	 75.183094	 75.167553	 75.153222	 75.140019	 75.127867	 75.116691	 75.106423	 75.096998	 75.088353	 75.080431	 75.073179	 75.066546	 75.060484	  75.05495	 75.049901	 75.045299	 75.041109	 75.037297	 75.033833	 75.030686	 75.027831	 75.025244	   75.0229	 75.020779	 75.018861	  75.01713	 75.015567	 75.014158	 75.012888	 75.011746	 75.010718	 75.009795	 75.008967	 75.008224	 75.007558	 75.006962	 75.006429	 75.005953	 75.005528	 75.005149	 75.004811	  75.00451	 75.004242	 75.004004	 75.003793	 75.003606	 75.003439	 75.003292	 75.003162	 75.003047	 75.002945	 75.002856	 75.002777	 75.002707	 75.002646	 75.002592	 75.002544	 75.002503	 75.002466	 75.002434	 75.002406	 75.002382	  75.00236	 75.002342	 75.002326	 75.002311	 75.002299	 75.002288	 75.002279	 75.002271	 75.002264	 75.002258	 75.002252	 75.002248	 75.002244	 75.002241	 75.002238	 75.002235	 75.002233	 75.002231	 75.002229	 75.002228	 75.002227	 75.002226	 75.002225	 75.002224	 75.002223	 75.002223	 75.002222	 75.002222	 75.002222	 75.002221	 75.002221	 75.002221	 75.002221	 75.002221	 75.002221	  75.00222	  75.00222	  75.00222	  75.00222	  75.00222	  75.00222	  75.00222	  75.00222	  75.00222	  75.00222	  75.00222	  75.00222	  75.00222	  75.00222	
        99	 98.383277	  97.76711	 97.152054	  96.53866	 95.927475	 95.319041	  94.71389	 94.112549	 93.515532	 92.923342	  92.33647	 91.755392	  91.18057	 90.612449	 90.051458	 89.498006	 88.952484	 88.415264	 87.886696	 87.367109	 86.856812	  86.35609	 85.865206	 85.384401	 84.913893	 84.453875	  84.00452	 83.565976	 83.138369	 82.721801	 82.316354	 81.922087	 81.539036	 81.167218	 80.806628	 80.457244	 80.119021	 79.791899	 79.475797	 79.170621	 78.876257	 78.592579	 78.319445	   78.0567	 77.804177	 77.561696	 77.329068	 77.106094	 76.892565	 76.688266	 76.492974	  76.30646	 76.128489	 75.958824	 75.797222	 75.643439	 75.497228	 75.358342	 75.226532	 75.101551	 74.983151	 74.871088	 74.765116	 74.664996	 74.570489	 74.481361	 74.397382	 74.318325	 74.243969	 74.174097	 74.108497	 74.046965	 73.989299	 73.935306	 73.884797	  73.83759	 73.793508	 73.752381	 73.714047	 73.678347	 73.645131	 73.614253	 73.585575	 73.558964	 73.534293	 73.511441	 73.490293	  73.47074	 73.452677	 73.436006	 73.420634	 73.406473	 73.393437	  73.38145	 73.370436	 73.360325	 73.351052	 73.342555	 73.334776	 73.327661	 73.321159	 73.315222	 73.309806	 73.304871	 73.300376	 73.296287	 73.292571	 73.289196	 73.286134	 73.283358	 73.280844	 73.278569	 73.276512	 73.274654	 73.272978	 73.271466	 73.270105	 73.268879	 73.267777	 73.266787	 73.265899	 73.265102	 73.264388	 73.263748	 73.263177	 73.262666	  73.26221	 73.261803	 73.261441	 73.261118	 73.260831	 73.260575	 73.260349	 73.260148	 73.259969	 73.259812	 73.259672	 73.259549	 73.259439	 73.259343	 73.259258	 73.259184	 73.259118	  73.25906	 73.259009	 73.258965	 73.258926	 73.258891	 73.258861	 73.258835	 73.258812	 73.258792	 73.258775	  73.25876	 73.258746	 73.258735	 73.258725	 73.258716	 73.258708	 73.258702	 73.258696	 73.258691	 73.258687	 73.258684	  73.25868	 73.258678	 73.258675	 73.258673	 73.258672	  73.25867	 73.258669	 73.258668	 73.258667	 73.258666	 73.258665	 73.258665	 73.258664	 73.258664	 73.258663	 73.258663	 73.258663	 73.258663	 73.258662	 73.258662	 73.258662	 73.258662	 73.258662	 73.258662	 73.258662	 73.258662	 73.258662	 73.258662	 73.258661	 73.258661	 73.258661	 73.258661	 73.258661	 73.258661	 73.258661	
        99	 98.342028	  97.68465	 97.028456	 96.374036	 95.721973	 95.072844	 94.427219	 93.785658	  93.14871	 92.516912	 91.890787	 91.270845	 90.657577	 90.051458	 89.452945	 88.862476	 88.280468	 87.707317	 87.143396	 86.589057	 86.044629	 85.510417	 84.986701	 84.473738	  83.97176	 83.480975	 83.001565	  82.53369	 82.077483	 81.633054	 81.200489	 80.779851	  80.37118	 79.974493	 79.589787	 79.217034	  78.85619	 78.507188	 78.169944	 77.844357	 77.530305	 77.227653	 76.936251	 76.655933	  76.38652	 76.127821	 75.879634	 75.641746	 75.413936	 75.195973	 74.987619	  74.78863	 74.598756	 74.417743	 74.245332	 74.081264	 73.925274	 73.777098	 73.636473	 73.503132	 73.376813	 73.257254	 73.144195	 73.037378	 72.936551	 72.841462	 72.751865	 72.667521	 72.588191	 72.513646	 72.443659	 72.378011	 72.316489	 72.258884	 72.204997	 72.154632	 72.107602	 72.063725	 72.022826	 71.984739	 71.949301	 71.916358	 71.885762	 71.857371	 71.831049	 71.806669	 71.784107	 71.763246	 71.743975	 71.726189	 71.709789	  71.69468	 71.680773	 71.667984	 71.656233	 71.645446	 71.635553	 71.626488	 71.618189	 71.610598	  71.60366	 71.597327	 71.591549	 71.586283	 71.581488	 71.577126	  71.57316	  71.56956	 71.566293	 71.563331	 71.560649	 71.558222	 71.556027	 71.554045	 71.552257	 71.550644	 71.549192	 71.547884	 71.546708	 71.545652	 71.544704	 71.543854	 71.543092	  71.54241	   71.5418	 71.541255	 71.540769	 71.540335	 71.539948	 71.539604	 71.539297	 71.539025	 71.538783	 71.538569	 71.538378	  71.53821	 71.538061	 71.537929	 71.537813	  71.53771	  71.53762	  71.53754	  71.53747	 71.537408	 71.537354	 71.537306	 71.537265	 71.537228	 71.537196	 71.537168	 71.537144	 71.537122	 71.537104	 71.537088	 71.537073	 71.537061	  71.53705	 71.537041	 71.537033	 71.537026	  71.53702	 71.537015	  71.53701	 71.537006	 71.537003	    71.537	 71.536998	 71.536996	 71.536994	 71.536992	 71.536991	  71.53699	 71.536989	 71.536988	 71.536987	 71.536986	 71.536986	 71.536985	 71.536985	 71.536985	 71.536984	 71.536984	 71.536984	 71.536984	 71.536984	 71.536983	 71.536983	 71.536983	 71.536983	 71.536983	 71.536983	 71.536983	 71.536983	 71.536983	 71.536983	 71.536983	 71.536983	 71.536983	 71.536983	
        99	 98.301334	 97.603298	  96.90652	 96.211625	 95.519232	 94.829956	   94.1444	  93.46316	 92.786818	 92.115944	 91.451095	  90.79281	 90.141612	 89.498006	 88.862476	 88.235488	 87.617484	 87.008884	 86.410085	 85.821462	 85.243362	  84.67611	 84.120003	 83.575314	 83.042289	  82.52115	  82.01209	 81.515277	 81.030854	 80.558938	  80.09962	 79.652966	  79.21902	 78.797799	 78.389298	 77.993492	  77.61033	 77.239743	 76.881641	 76.535916	 76.202441	 75.881071	 75.571646	 75.273991	 74.987915	 74.713216	 74.449679	 74.197079	 73.955179	 73.723735	 73.502494	 73.291198	 73.089581	 72.897372	 72.714299	 72.540083	 72.374445	 72.217105	 72.067782	 71.926195	 71.792063	  71.66511	 71.545058	 71.431635	 71.324571	 71.223601	 71.128463	 71.038902	 70.954666	  70.87551	 70.801195	 70.731487	 70.666159	 70.604992	 70.547772	 70.494292	 70.444353	 70.397762	 70.354335	 70.313892	 70.276262	 70.241281	 70.208793	 70.178646	 70.150696	 70.124808	  70.10085	 70.078699	 70.058237	 70.039351	 70.021937	 70.005893	 69.991126	 69.977546	 69.965068	 69.953614	 69.943109	 69.933483	 69.924671	  69.91661	 69.909244	 69.902518	 69.896383	 69.890792	   69.8857	 69.881068	 69.876858	 69.873034	 69.869565	  69.86642	 69.863572	 69.860995	 69.858665	  69.85656	 69.854661	 69.852949	 69.851406	 69.850018	  69.84877	 69.847648	 69.846641	 69.845739	  69.84493	 69.844206	 69.843558	 69.842979	 69.842463	 69.842002	 69.841591	 69.841225	   69.8409	 69.840611	 69.840354	 69.840126	 69.839924	 69.839746	 69.839587	 69.839448	 69.839324	 69.839215	 69.839119	 69.839034	  69.83896	 69.838894	 69.838837	 69.838786	 69.838742	 69.838703	 69.838669	 69.838639	 69.838613	 69.838591	 69.838571	 69.838554	 69.838539	 69.838526	 69.838514	 69.838504	 69.838496	 69.838488	 69.838482	 69.838477	 69.838472	 69.838468	 69.838464	 69.838461	 69.838458	 69.838456	 69.838454	 69.838452	 69.838451	  69.83845	 69.838449	 69.838448	 69.838447	 69.838446	 69.838446	 69.838445	 69.838445	 69.838444	 69.838444	 69.838444	 69.838444	 69.838443	 69.838443	 69.838443	 69.838443	 69.838443	 69.838443	 69.838443	 69.838443	 69.838443	 69.838443	 69.838443	 69.838443	 69.838443	 69.838443	 69.838442	 69.838442	
        99	 98.261223	 97.523111	  96.78633	  96.05154	 95.319397	 94.590549	 93.865634	 93.145283	 92.430111	 91.720721	 91.017702	 90.321625	 89.633041	 88.952484	 88.280468	 87.617484	 86.963999	 86.320458	 85.687282	 85.064865	 84.453576	 83.853757	 83.265723	 82.689763	 82.126137	 81.575078	 81.036792	 80.511457	 79.999222	 79.500213	 79.014525	 78.542228	 78.083368	 77.637964	 77.206011	 76.787481	 76.382321	 75.990459	 75.611798	 75.246225	 74.893604	 74.553784	 74.226594	  73.91185	  73.60935	  73.31888	 73.040214	 72.773111	 72.517323	 72.272592	  72.03865	 71.815223	  71.60203	 71.398787	 71.205203	 71.020985	 70.845838	 70.679465	 70.521569	 70.371853	 70.230021	 70.095779	 69.968835	   69.8489	 69.735689	 69.628922	 69.528323	  69.43362	 69.344548	 69.260847	 69.182265	 69.108555	 69.039477	 68.974798	 68.914293	 68.857743	 68.804937	 68.755671	  68.70975	 68.666985	 68.627195	 68.590207	 68.555853	 68.523975	 68.494421	 68.467046	 68.441713	  68.41829	 68.396653	 68.376683	 68.358269	 68.341304	 68.325689	 68.311329	 68.298136	 68.286024	 68.274916	 68.264737	 68.255419	 68.246896	 68.239106	 68.231995	 68.225507	 68.219595	 68.214211	 68.209313	 68.204861	 68.200818	 68.197149	 68.193824	 68.190812	 68.188087	 68.185624	 68.183398	  68.18139	 68.179579	 68.177948	  68.17648	  68.17516	 68.173974	  68.17291	 68.171955	   68.1711	 68.170334	 68.169649	 68.169037	 68.168491	 68.168004	 68.167569	 68.167183	 68.166839	 68.166533	 68.166261	 68.166021	 68.165807	 68.165618	 68.165451	 68.165303	 68.165172	 68.165057	 68.164955	 68.164866	 68.164787	 68.164718	 68.164657	 68.164603	 68.164557	 68.164516	  68.16448	 68.164448	 68.164421	 68.164397	 68.164376	 68.164358	 68.164342	 68.164328	 68.164316	 68.164306	 68.164297	 68.164289	 68.164282	 68.164276	 68.164271	 68.164267	 68.164263	  68.16426	 68.164257	 68.164254	 68.164252	  68.16425	 68.164249	 68.164248	 68.164247	 68.164246	 68.164245	 68.164244	 68.164243	 68.164243	 68.164242	 68.164242	 68.164242	 68.164242	 68.164241	 68.164241	 68.164241	 68.164241	 68.164241	 68.164241	  68.16424	  68.16424	  68.16424	  68.16424	  68.16424	  68.16424	  68.16424	  68.16424	  68.16424	  68.16424	  68.16424	
