Time step 56:
        99	        99	        99	        99	        99	        99	        99	        99	        99	        99	        99	        99	        99	        99	        99	        99	        99	        99	        99	        99	        99	        99	        99	        99	        99	        99	        99	        99	        99	        99	        99	        99	        99	        99	        99	        99	        99	        99	        99	        99	        99	        99	        99	        99	        99	        99	        99	        99	        99	        99	        99	        99	        99	        99	        99	        99	        99	        99	        99	        99	        99	        99	        99	        99	        99	        99	        99	        99	        99	        99	        99	        99	        99	        99	        99	        99	        99	        99	        99	        99	        99	        99	        99	        99	        99	        99	        99	        99	        99	        99	        99	        99	        99	        99	        99	        99	        99	        99	        99	        99	        99	        99	        99	        99	        99	        99	        99	        99	        99	        99	        99	        99	        99	        99	        99	        99	        99	        99	        99	        99	        99	        99	        99	        99	        99	        99	        99	        99	        99	        99	        99	        99	        99	        99	        99	        99	        99	        99	        99	        99	        99	        99	        99	        99	        99	        99	        99	        99	        99	        99	        99	        99	        99	        99	        99	        99	        99	        99	        99	        99	        99	        99	        99	        99	        99	        99	        99	        99	        99	        99	        99	        99	        99	        99	        99	        99	        99	        99	        99	        99	        99	        99	        99	        99	        99	        99	        99	        99	        99	        99	        99	        99	        99	        99	        99	        99	        99	        99	        99	        99	
        99	 98.988661	 98.977325	 98.965994	 98.954671	 98.943358	 98.932058	 98.920773	 98.909506	 98.898259	 98.887035	 98.875836	 98.864665	 98.853524	 98.842416	 98.831342	 98.820306	  98.80931	 98.798356	 98.787446	 98.776583	 98.765769	 98.755006	 98.744296	 98.733642	 98.723045	 98.712507	 98.702031	 98.691619	 98.681272	 98.670993	 98.660783	 98.650644	 98.640578	 98.630587	 98.620672	 98.610835	 98.601077	 98.591401	 98.581807	 98.572297	 98.562872	 98.553534	 98.544284	 98.535124	 98.526054	 98.517075	 98.508189	 98.499397	 98.490699	 98.482097	 98.473591	 98.465183	 98.456872	 98.448661	 98.440548	 98.432536	 98.424624	 98.416813	 98.409104	 98.401497	 98.393991	 98.386589	 98.379289	 98.372092	 98.364998	 98.358007	  98.35112	 98.344336	 98.337655	 98.331077	 98.324602	  98.31823	 98.311961	 98.305793	 98.299728	 98.293765	 98.287903	 98.282142	 98.276481	  98.27092	 98.265459	 98.260096	 98.254832	 98.249665	 98.244595	 98.239622	 98.234743	  98.22996	 98.225271	 98.220674	  98.21617	 98.211758	 98.207436	 98.203203	  98.19906	 98.195004	 98.191035	 98.187152	 98.183353	 98.179639	 98.176007	 98.172457	 98.168987	 98.165597	 98.162286	 98.159052	 98.155894	 98.152812	 98.149804	 98.146868	 98.144005	 98.141212	 98.138489	 98.135834	 98.133246	 98.130725	 98.128268	 98.125875	 98.123545	 98.121277	 98.119069	  98.11692	 98.114829	 98.112795	 98.110818	 98.108895	 98.107025	 98.105208	 98.103443	 98.101728	 98.100062	 98.098444	 98.096874	 98.095349	  98.09387	 98.092434	 98.091042	 98.089691	 98.088382	 98.087112	 98.085881	 98.084689	 98.083533	 98.082413	 98.081329	 98.080278	 98.079261	 98.078277	 98.077324	 98.076401	 98.075509	 98.074645	 98.073809	 98.073001	 98.072219	 98.071463	 98.070732	 98.070025	 98.069341	  98.06868	 98.068041	 98.067423	 98.066826	 98.066248	 98.065689	 98.065149	 98.064626	 98.064121	 98.063632	 98.063159	 98.062701	 98.062258	 98.061828	 98.061412	 98.061009	 98.060618	 98.060239	 98.059871	 98.059514	 98.059167	 98.058829	   98.0585	  98.05818	 98.057867	 98.057562	 98.057265	 98.056973	 98.056688	 98.056408	 98.056133	 98.055863	 98.055597	 98.055334	 98.055075	 98.054819	 98.054564	 98.054312	 98.054061	  98.05381	
        99	 98.977325	 98.954656	 98.931997	 98.909353	 98.886729	 98.864131	 98.841564	 98.819032	  98.79654	 98.774095	   98.7517	  98.72936	 98.707081	 98.684867	 98.662722	 98.640653	 98.618663	 98.596758	 98.574941	 98.553217	 98.531591	 98.510067	  98.48865	 98.467343	 98.446152	 98.425079	  98.40413	 98.383308	 98.362617	 98.342061	 98.321643	 98.301367	 98.281238	 98.261257	 98.241429	 98.221757	 98.202244	 98.182894	 98.163708	  98.14469	 98.125843	 98.107169	 98.088672	 98.070353	 98.052214	 98.034259	 98.016489	 97.998906	 97.981513	 97.964311	 97.947301	 97.930486	 97.913867	 97.897446	 97.881223	   97.8652	 97.849378	 97.833758	 97.818342	 97.803128	  97.78812	 97.773316	 97.758718	 97.744325	 97.730139	 97.716159	 97.702386	 97.688819	 97.675459	 97.662304	 97.649356	 97.636614	 97.624076	 97.611743	 97.599615	 97.587689	 97.575967	 97.564446	 97.553125	 97.542005	 97.531083	 97.520359	 97.509832	 97.499499	 97.489361	 97.479415	 97.469659	 97.460094	 97.450716	 97.441524	 97.432517	 97.423693	  97.41505	 97.406586	   97.3983	 97.390189	 97.382252	 97.374486	  97.36689	 97.359462	 97.352199	   97.3451	 97.338162	 97.331383	 97.324761	 97.318294	 97.311979	 97.305815	 97.299799	 97.293929	 97.288203	 97.282617	 97.277171	 97.271862	 97.266688	 97.261645	 97.256733	 97.251948	 97.247288	 97.242752	 97.238336	 97.234039	 97.229858	 97.225791	 97.221836	  97.21799	 97.214252	 97.210618	 97.207088	 97.203658	 97.200327	 97.197092	 97.193951	 97.190903	 97.187944	 97.185074	 97.182289	 97.179588	 97.176969	  97.17443	 97.171969	 97.169584	 97.167272	 97.165033	 97.162864	 97.160764	  97.15873	 97.156761	 97.154855	 97.153011	 97.151226	 97.149499	 97.147828	 97.146211	 97.144648	 97.143136	 97.141674	  97.14026	 97.138892	 97.137571	 97.136292	 97.135056	 97.133862	 97.132706	 97.131589	 97.130509	 97.129464	 97.128453	 97.127475	 97.126529	 97.125613	 97.124727	 97.123868	 97.123036	  97.12223	 97.121449	 97.120691	 97.119955	  97.11924	 97.118545	  97.11787	 97.117212	 97.116572	 97.115947	 97.115337	 97.114742	 97.114159	 97.113588	 97.113029	 97.112479	 97.111939	 97.111407	 97.110882	 97.110363	  97.10985	 97.109342	 97.108837	 97.108334	 97.107834	
        99	 98.965994	 98.931997	 98.898014	 98.864055	 98.830126	 98.796235	  98.76239	 98.728599	 98.694868	 98.661206	 98.627619	 98.594116	 98.560703	 98.527389	 98.494179	 98.461081	 98.428102	  98.39525	 98.362531	 98.329951	 98.297518	 98.265239	 98.233119	 98.201165	 98.169383	 98.137781	 98.106363	 98.075135	 98.044105	 98.013276	 97.982655	 97.952248	 97.922059	 97.892094	 97.862358	 97.832855	 97.803591	 97.774571	 97.745797	 97.717276	 97.689011	 97.661006	 97.633264	 97.605791	 97.578588	 97.551661	 97.525011	 97.498642	 97.472557	 97.446758	 97.421249	 97.396031	 97.371107	 97.346479	  97.32215	  97.29812	 97.274392	 97.250966	 97.227845	  97.20503	 97.182521	 97.160319	 97.138426	 97.116842	 97.095566	 97.074601	 97.053944	 97.033598	 97.013561	 96.993834	 96.974415	 96.955305	 96.936502	 96.918006	 96.899817	 96.881932	 96.864351	 96.847073	 96.830096	 96.813418	 96.797039	 96.780956	 96.765168	 96.749672	 96.734467	  96.71955	  96.70492	 96.690574	  96.67651	 96.662725	 96.649217	 96.635984	 96.623021	 96.610328	 96.597901	 96.585737	 96.573834	 96.562187	 96.550796	 96.539655	 96.528763	 96.518116	 96.507711	 96.497544	 96.487613	 96.477915	 96.468445	   96.4592	 96.450178	 96.441374	 96.432786	  96.42441	 96.416243	  96.40828	  96.40052	 96.392957	  96.38559	 96.378414	 96.371426	 96.364623	    96.358	 96.351556	 96.345286	 96.339186	 96.333255	 96.327487	 96.321881	 96.316432	 96.311137	 96.305993	 96.300997	 96.296146	 96.291436	 96.286864	 96.282427	 96.278122	 96.273946	 96.269895	 96.265967	 96.262159	 96.258468	 96.254891	 96.251425	 96.248067	 96.244814	 96.241664	 96.238614	 96.235661	 96.232803	 96.230037	  96.22736	 96.224769	 96.222263	 96.219839	 96.217495	 96.215227	 96.213034	 96.210914	 96.208863	 96.206881	 96.204964	  96.20311	 96.201318	 96.199585	  96.19791	  96.19629	 96.194723	 96.193207	  96.19174	 96.190321	 96.188948	 96.187618	 96.186331	 96.185084	 96.183875	 96.182702	 96.181565	 96.180462	  96.17939	 96.178348	 96.177335	 96.176349	 96.175388	 96.174451	 96.173537	 96.172644	  96.17177	 96.170914	 96.170075	 96.169251	  96.16844	 96.167642	 96.166855	 96.166077	 96.165308	 96.164545	 96.163788	 96.163035	 96.162284	
        99	 98.954671	 98.909353	 98.864055	 98.818787	  98.77356	 98.728385	  98.68327	 98.638227	 98.593264	 98.548393	 98.503623	 98.458964	 98.414425	 98.370017	 98.325749	  98.28163	  98.23767	 98.193879	 98.150264	 98.106836	 98.063604	 98.020576	  97.97776	 97.935167	 97.892803	 97.850677	 97.808797	 97.767172	 97.725808	 97.684714	 97.643897	 97.603365	 97.563123	 97.523181	 97.483543	 97.444216	 97.405208	 97.366524	  97.32817	 97.290151	 97.252474	 97.215144	 97.178165	 97.141543	 97.105283	 97.069389	 97.033865	 96.998715	 96.963944	 96.929555	 96.895552	 96.861937	 96.828714	 96.795886	 96.763455	 96.731423	 96.699794	 96.668568	 96.637748	 96.607336	 96.577332	 96.547737	 96.518554	 96.489782	 96.461423	 96.433476	 96.405942	  96.37882	 96.352111	 96.325815	  96.29993	 96.274456	 96.249393	 96.224738	 96.200492	 96.176652	 96.153217	 96.130185	 96.107555	 96.085324	 96.063491	 96.042053	 96.021007	 96.000351	 95.980083	   95.9602	 95.940698	 95.921575	 95.902828	 95.884453	 95.866447	 95.848807	 95.831529	 95.814609	 95.798043	 95.781829	 95.765962	 95.750438	 95.735253	 95.720403	 95.705884	 95.691691	 95.677822	  95.66427	 95.651032	 95.638104	  95.62548	 95.613157	 95.601131	 95.589396	 95.577948	 95.566783	 95.555896	 95.545282	 95.534938	 95.524857	 95.515037	 95.505471	 95.496156	 95.487087	  95.47826	 95.469669	 95.461311	 95.453181	 95.445274	 95.437587	 95.430113	  95.42285	 95.415792	 95.408935	 95.402276	 95.395809	 95.389531	 95.383436	 95.377522	 95.371783	 95.366216	 95.360817	 95.355582	 95.350506	 95.345585	 95.340817	 95.336197	 95.331721	 95.327385	 95.323186	  95.31912	 95.315184	 95.311374	 95.307687	 95.304118	 95.300665	 95.297325	 95.294094	 95.290968	 95.287946	 95.285023	 95.282196	 95.279463	  95.27682	 95.274265	 95.271794	 95.269405	 95.267096	 95.264862	 95.262702	 95.260614	 95.258593	 95.256638	 95.254747	 95.252916	 95.251144	 95.249428	 95.247765	 95.246153	 95.244591	 95.243075	 95.241604	 95.240175	 95.238787	 95.237436	 95.236122	 95.234841	 95.233592	 95.232374	 95.231183	 95.230018	 95.228877	 95.227758	  95.22666	  95.22558	 95.224516	 95.223466	  95.22243	 95.221404	 95.220387	 95.219378	 95.218374	 95.217374	
        99	 98.943358	 98.886729	 98.830126	  98.77356	 98.717046	 98.660596	 98.604221	 98.547936	 98.491752	 98.435682	 98.379738	 98.323933	 98.268279	 98.212788	 98.157471	 98.102341	  98.04741	 97.992689	 97.938189	 97.883923	 97.829901	 97.776133	 97.722632	 97.669408	 97.616471	 97.563831	 97.511499	 97.459485	 97.407798	 97.356448	 97.305444	 97.254796	 97.204511	   97.1546	 97.105069	 97.055928	 97.007184	 96.958845	 96.910918	 96.863411	 96.816331	 96.769683	 96.723476	 96.677714	 96.632404	 96.587551	 96.543161	  96.49924	  96.45579	 96.412819	 96.370329	 96.328324	  96.28681	 96.245788	 96.205263	 96.165237	 96.125714	 96.086695	 96.048183	  96.01018	 95.972688	 95.935708	 95.899241	 95.863288	 95.827851	 95.792929	 95.758523	 95.724632	 95.691258	 95.658398	 95.626053	 95.594222	 95.562903	 95.532095	 95.501798	 95.472008	 95.442724	 95.413944	 95.385666	 95.357887	 95.330604	 95.303815	 95.277517	 95.251706	  95.22638	 95.201534	 95.177165	  95.15327	 95.129844	 95.106883	 95.084383	  95.06234	 95.040749	 95.019606	 94.998907	 94.978646	 94.958819	  94.93942	 94.920445	 94.901889	 94.883746	 94.866012	  94.84868	 94.831746	 94.815205	  94.79905	 94.783276	 94.767878	 94.752849	 94.738186	 94.723881	 94.709929	 94.696325	 94.683062	 94.670136	  94.65754	 94.645268	 94.633315	 94.621675	 94.610343	 94.599313	 94.588578	 94.578134	 94.567975	 94.558095	 94.548488	 94.539149	 94.530073	 94.521254	 94.512686	 94.504365	 94.496284	 94.488438	 94.480823	 94.473433	 94.466262	 94.459306	 94.452559	 94.446017	 94.439674	 94.433526	 94.427567	 94.421794	   94.4162	 94.410783	 94.405536	 94.400455	 94.395537	 94.390776	 94.386168	 94.381709	 94.377394	  94.37322	 94.369183	 94.365277	   94.3615	 94.357848	 94.354315	   94.3509	 94.347598	 94.344405	 94.341318	 94.338333	 94.335447	 94.332656	 94.329957	 94.327347	 94.324822	 94.322379	 94.320016	 94.317728	 94.315514	 94.313369	 94.311291	 94.309277	 94.307325	 94.305431	 94.303593	 94.301807	 94.300072	 94.298385	 94.296742	 94.295142	 94.293582	 94.292059	 94.290571	 94.289115	  94.28769	 94.286292	 94.284919	 94.283569	  94.28224	 94.280928	 94.279633	 94.278351	 94.277081	  94.27582	 94.274565	 94.273315	
        99	 98.932058	 98.864131	 98.796235	 98.728385	 98.660596	 98.592883	 98.525262	 98.457747	 98.390354	 98.323098	 98.255994	 98.189055	 98.122297	 98.055735	 97.989383	 97.923254	 97.857364	 97.791726	 97.726353	  97.66126	  97.59646	 97.531967	 97.467792	 97.403949	 97.340451	 97.277309	 97.214537	 97.152146	 97.090147	 97.028552	 96.967373	  96.90662	 96.846303	 96.786434	 96.727022	 96.668077	 96.609608	 96.551625	 96.494137	 96.437152	 96.380679	 96.324725	 96.269299	 96.214407	 96.160058	 96.106257	 96.053011	 96.000327	 95.948209	 95.896664	 95.845697	 95.795313	 95.745516	  95.69631	   95.6477	 95.599689	 95.552281	 95.505478	 95.459283	 95.413698	 95.368726	 95.324368	 95.280626	   95.2375	 95.194993	 95.153104	 95.111833	 95.071182	 95.031149	 94.991734	 94.952936	 94.914754	 94.877187	 94.840233	  94.80389	 94.768157	 94.733031	  94.69851	  94.66459	 94.631269	 94.598543	  94.56641	 94.534865	 94.503905	 94.473526	 94.443723	 94.414493	  94.38583	  94.35773	 94.330188	   94.3032	 94.276759	 94.250861	   94.2255	 94.200671	 94.176368	 94.152585	 94.129316	 94.106556	 94.084297	 94.062535	 94.041263	 94.020473	 94.000161	 93.980319	 93.960941	  93.94202	  93.92355	 93.905524	 93.887935	 93.870776	 93.854041	 93.837722	 93.821814	 93.806308	 93.791199	 93.776479	 93.762142	  93.74818	 93.734587	 93.721356	  93.70848	 93.695952	 93.683766	 93.671915	 93.660391	  93.64919	 93.638303	 93.627724	 93.617447	 93.607465	 93.597772	 93.588362	 93.579227	 93.570362	 93.561761	 93.553417	 93.545324	 93.537476	 93.529868	 93.522493	 93.515346	 93.508421	 93.501712	 93.495213	  93.48892	 93.482826	 93.476926	 93.471215	 93.465688	 93.460339	 93.455164	 93.450157	 93.445314	 93.440629	 93.436099	 93.431717	  93.42748	 93.423384	 93.419423	 93.415593	  93.41189	 93.408309	 93.404847	   93.4015	 93.398262	 93.395131	 93.392103	 93.389173	 93.386338	 93.383594	 93.380937	 93.378365	 93.375873	 93.373457	 93.371115	 93.368843	 93.366638	 93.364497	 93.362415	 93.360391	 93.358421	 93.356502	  93.35463	 93.352803	 93.351018	 93.349272	 93.347562	 93.345886	 93.344239	  93.34262	 93.341025	 93.339452	 93.337899	 93.336361	 93.334837	 93.333324	  93.33182	  93.33032	
        99	 98.920773	 98.841564	  98.76239	  98.68327	 98.604221	 98.525262	 98.446409	  98.36768	 98.289094	 98.210667	 98.132416	 98.054359	 97.976513	 97.898895	 97.821522	 97.744409	 97.667575	 97.591034	 97.514804	 97.438899	 97.363336	  97.28813	 97.213296	 97.138849	 97.064803	 96.991174	 96.917976	 96.845221	 96.772925	   96.7011	 96.629758	 96.558914	 96.488579	 96.418766	 96.349486	  96.28075	  96.21257	 96.144956	 96.077919	 96.011469	 95.945616	 95.880369	 95.815736	 95.751727	  95.68835	 95.625613	 95.563523	 95.502088	 95.441314	 95.381208	 95.321775	 95.263022	 95.204954	 95.147576	 95.090892	 95.034906	 94.979623	 94.925046	 94.871178	 94.818022	  94.76558	 94.713854	 94.662846	 94.612558	  94.56299	 94.514144	 94.466018	 94.418615	 94.371932	  94.32597	 94.280728	 94.236204	 94.192397	 94.149306	 94.106927	 94.065258	 94.024298	 93.984043	 93.944489	 93.905633	 93.867472	 93.830001	 93.793217	 93.757115	 93.721689	 93.686937	 93.652851	 93.619427	  93.58666	 93.554544	 93.523072	  93.49224	  93.46204	 93.432467	 93.403514	 93.375174	 93.347441	 93.320307	 93.293767	 93.267811	 93.242434	 93.217628	 93.193386	   93.1697	 93.146562	 93.123966	 93.101902	 93.080364	 93.059344	 93.038833	 93.018824	 92.999309	 92.980281	  92.96173	 92.943649	  92.92603	 92.908865	 92.892146	 92.875865	 92.860015	 92.844586	 92.829571	 92.814963	 92.800752	 92.786933	 92.773495	 92.760433	 92.747738	 92.735402	 92.723418	 92.711778	 92.700475	 92.689502	  92.67885	 92.668512	 92.658482	 92.648752	 92.639315	 92.630164	 92.621293	 92.612693	 92.604359	 92.596283	 92.588459	 92.580881	 92.573543	 92.566436	 92.559557	 92.552897	 92.546452	 92.540215	  92.53418	 92.528342	 92.522694	 92.517231	 92.511948	 92.506839	 92.501898	 92.497121	 92.492502	 92.488036	 92.483718	 92.479543	 92.475506	 92.471602	 92.467827	 92.464176	 92.460645	 92.457228	 92.453922	 92.450723	 92.447625	 92.444625	 92.441719	 92.438902	 92.436171	 92.433522	 92.430951	 92.428453	 92.426026	 92.423666	 92.421368	  92.41913	 92.416948	 92.414818	 92.412736	   92.4107	 92.408706	 92.406751	 92.404831	 92.402943	 92.401083	 92.399249	 92.397437	 92.395645	 92.393868	 92.392103	 92.390349	   92.3886	
        99	 98.909506	 98.819032	 98.728599	 98.638227	 98.547936	 98.457747	  98.36768	 98.277756	 98.187993	 98.098412	 98.009033	 97.919875	 97.830959	 97.742302	 97.653925	 97.565847	 97.478085	 97.390659	 97.303588	 97.216888	 97.130579	 97.044678	 96.959201	 96.874167	 96.789591	 96.705491	 96.621882	 96.538781	 96.456203	 96.374163	 96.292677	 96.211757	  96.13142	 96.051678	 95.972545	 95.894034	 95.816158	 95.738928	 95.662358	 95.586458	 95.511239	 95.436713	 95.362889	 95.289777	 95.217387	 95.145728	 95.074808	 95.004635	 94.935218	 94.866564	 94.798679	 94.731571	 94.665245	 94.599706	 94.534961	 94.471014	 94.407868	  94.34553	 94.284001	 94.223285	 94.163385	 94.104303	 94.046042	 93.988602	 93.931985	 93.876191	 93.821222	 93.767077	 93.713755	 93.661257	 93.609581	 93.558725	 93.508688	 93.459468	 93.411062	 93.363468	 93.316683	 93.270702	 93.225523	 93.181142	 93.137554	 93.094754	 93.052739	 93.011502	 92.971039	 92.931344	  92.89241	 92.854233	 92.816806	 92.780123	 92.744176	 92.708958	 92.674464	 92.640685	 92.607614	 92.575244	 92.543567	 92.512575	 92.482259	 92.452613	 92.423627	 92.395293	 92.367603	 92.340549	  92.31412	  92.28831	 92.263109	 92.238508	 92.214498	 92.191071	 92.168216	 92.145926	 92.124191	 92.103002	  92.08235	 92.062225	 92.042619	 92.023523	 92.004927	 91.986821	 91.969199	 91.952049	 91.935363	 91.919131	 91.903346	 91.887998	 91.873078	 91.858578	 91.844487	 91.830799	 91.817504	 91.804594	 91.792059	 91.779892	 91.768085	 91.756628	 91.745515	 91.734736	 91.724283	  91.71415	 91.704327	 91.694808	 91.685584	 91.676647	 91.667992	 91.659609	 91.651492	 91.643634	 91.636028	 91.628666	 91.621542	 91.614649	  91.60798	 91.601529	  91.59529	 91.589255	 91.583419	 91.577776	  91.57232	 91.567044	 91.561942	  91.55701	 91.552241	  91.54763	 91.543171	  91.53886	 91.534689	 91.530656	 91.526753	 91.522977	 91.519322	 91.515784	 91.512358	 91.509038	 91.505821	 91.502702	 91.499676	 91.496739	 91.493886	 91.491114	 91.488418	 91.485794	 91.483237	 91.480744	 91.478311	 91.475934	 91.473608	 91.471331	 91.469097	 91.466904	 91.464747	 91.462624	 91.460529	 91.458459	 91.456412	 91.454382	 91.452367	 91.450362	 91.448365	
        99	 98.898259	  98.79654	 98.694868	 98.593264	 98.491752	 98.390354	 98.289094	 98.187993	 98.087074	  97.98636	 97.885873	 97.785634	 97.685667	 97.585992	 97.486631	 97.387606	 97.288937	 97.190646	 97.092752	 96.995278	 96.898242	 96.801664	 96.705564	 96.609961	 96.514875	 96.420322	 96.326323	 96.232894	 96.140052	 96.047816	 95.956202	 95.865226	 95.774904	 95.685251	 95.596283	 95.508015	  95.42046	 95.333632	 95.247545	 95.162212	 95.077645	 94.993856	 94.910857	 94.828659	 94.747272	 94.666707	 94.586973	 94.508079	 94.430035	 94.352848	 94.276526	 94.201077	 94.126508	 94.052824	 93.980032	 93.908137	 93.837144	 93.767058	 93.697882	  93.62962	 93.562276	 93.495851	 93.430348	  93.36577	 93.302116	 93.239389	 93.177588	 93.116713	 93.056765	 92.997742	 92.939643	 92.882467	 92.826211	 92.770874	 92.716452	 92.662943	 92.610342	 92.558647	 92.507853	 92.457956	 92.408951	 92.360832	 92.313595	 92.267233	 92.221741	 92.177112	  92.13334	 92.090419	  92.04834	 92.007097	 91.966682	 91.927088	 91.888307	  91.85033	 91.813149	 91.776756	 91.741141	 91.706297	 91.672214	 91.638883	 91.606295	  91.57444	 91.543309	 91.512891	 91.483179	 91.454161	 91.425827	 91.398169	 91.371175	 91.344836	 91.319141	 91.294081	 91.269644	 91.245822	 91.222603	 91.199977	 91.177935	 91.156465	 91.135557	 91.115202	 91.095389	 91.076107	 91.057348	 91.039099	 91.021352	 91.004097	 90.987322	  90.97102	 90.955178	 90.939789	 90.924841	 90.910326	 90.896234	 90.882555	  90.86928	   90.8564	 90.843905	 90.831786	 90.820035	 90.808642	 90.797598	 90.786896	 90.776525	 90.766479	 90.756747	 90.747323	 90.738197	 90.729362	 90.720811	 90.712534	 90.704524	 90.696775	 90.689277	 90.682024	 90.675009	 90.668225	 90.661664	 90.655319	 90.649185	 90.643253	 90.637518	 90.631973	 90.626611	 90.621427	 90.616414	 90.611566	 90.606878	 90.602343	 90.597955	  90.59371	 90.589601	 90.585623	  90.58177	 90.578038	 90.574421	 90.570914	 90.567512	  90.56421	 90.561003	 90.557887	 90.554855	 90.551905	 90.549031	 90.546228	 90.543493	  90.54082	 90.538205	 90.535645	 90.533134	 90.530668	 90.528243	 90.525855	   90.5235	 90.521173	 90.518871	 90.516589	 90.514324	  90.51207	 90.509825	
        99	 98.887035	 98.774095	 98.661206	 98.548393	 98.435682	 98.323098	 98.210667	 98.098412	  97.98636	 97.874535	 97.762962	 97.651665	 97.540669	 97.429998	 97.319676	 97.209726	 97.100172	 96.991037	 96.882345	 96.774116	 96.666375	 96.559143	 96.452442	 96.346292	 96.240715	 96.135732	 96.031362	 95.927626	 95.824542	 95.722131	  95.62041	 95.519397	 95.419111	 95.319568	 95.220785	 95.122778	 95.025564	 94.929158	 94.833574	 94.738827	  94.64493	 94.551898	 94.459742	 94.368476	  94.27811	 94.188657	 94.100127	  94.01253	 93.925875	 93.840173	 93.755432	 93.671659	 93.588863	 93.507051	 93.426228	 93.346402	 93.267577	 93.189759	 93.112951	 93.037159	 92.962385	 92.888632	 92.815903	   92.7442	 92.673524	 92.603877	 92.535258	 92.467668	 92.401106	 92.335571	 92.271063	 92.207579	 92.145117	 92.083675	  92.02325	 91.963837	 91.905434	 91.848036	 91.791639	 91.736237	 91.681825	 91.628398	 91.575949	 91.524473	 91.473962	  91.42441	 91.375809	 91.328152	 91.281432	 91.235639	 91.190766	 91.146803	 91.103744	 91.061577	 91.020294	 90.979886	 90.940343	 90.901655	 90.863812	 90.826803	  90.79062	 90.755251	 90.720685	 90.686912	 90.653922	 90.621702	 90.590243	 90.559533	 90.529562	 90.500317	 90.471787	 90.443962	  90.41683	 90.390379	 90.364599	 90.339477	 90.315003	 90.291164	  90.26795	  90.24535	 90.223351	 90.201942	 90.181113	 90.160851	 90.141146	 90.121987	 90.103362	 90.085261	 90.067672	 90.050585	 90.033988	 90.017872	 90.002225	 89.987037	 89.972298	 89.957996	 89.944123	 89.930667	  89.91762	  89.90497	 89.892708	 89.880825	  89.86931	 89.858155	  89.84735	 89.836886	 89.826753	 89.816944	 89.807449	 89.798259	 89.789366	 89.780761	 89.772436	 89.764384	 89.756595	 89.749062	 89.741777	 89.734733	 89.727921	 89.721335	 89.714967	  89.70881	 89.702857	 89.697101	 89.691535	 89.686152	 89.680947	 89.675911	  89.67104	 89.666326	 89.661764	 89.657347	  89.65307	 89.648926	  89.64491	 89.641016	 89.637239	 89.633572	 89.630012	 89.626551	 89.623185	 89.619909	 89.616718	 89.613606	 89.610569	 89.607601	 89.604698	 89.601855	 89.599067	 89.596329	 89.593637	 89.590986	 89.588371	 89.585788	 89.583231	 89.580698	 89.578182	  89.57568	 89.573187	
        99	 98.875836	   98.7517	 98.627619	 98.503623	 98.379738	 98.255994	 98.132416	 98.009033	 97.885873	 97.762962	 97.640328	 97.517998	 97.395998	 97.274356	 97.153097	 97.032247	 96.911832	 96.791879	 96.672411	 96.553453	 96.435031	 96.317169	 96.199889	 96.083216	 95.967173	 95.851782	 95.737066	 95.623046	 95.509743	 95.397179	 95.285374	 95.174347	 95.064119	 94.954707	 94.846132	 94.738409	 94.631558	 94.525594	 94.420535	 94.316395	  94.21319	 94.110935	 94.009643	 93.909329	 93.810005	 93.711684	 93.614377	 93.518096	 93.422851	 93.328653	 93.235511	 93.143434	  93.05243	 92.962507	 92.873672	 92.785932	 92.699293	  92.61376	 92.529338	 92.446032	 92.363845	 92.282781	 92.202842	 92.124031	 92.046349	 91.969796	 91.894375	 91.820084	 91.746924	 91.674892	 91.603989	 91.534212	 91.465558	 91.398025	 91.331609	 91.266306	 91.202114	 91.139025	 91.077037	 91.016143	 90.956337	 90.897613	 90.839965	 90.783385	 90.727867	 90.673403	 90.619984	 90.567603	  90.51625	 90.465918	 90.416596	 90.368276	 90.320947	   90.2746	 90.229225	 90.184811	 90.141348	 90.098824	 90.057229	 90.016553	 89.976782	 89.937906	 89.899914	 89.862793	 89.826532	 89.791119	 89.756541	 89.722787	 89.689844	   89.6577	 89.626342	 89.595758	 89.565936	 89.536864	 89.508527	 89.480915	 89.454015	 89.427813	 89.402298	 89.377456	 89.353276	 89.329746	 89.306851	 89.284581	 89.262923	 89.241864	 89.221393	 89.201497	 89.182165	 89.163383	 89.145142	 89.127428	  89.11023	 89.093536	 89.077335	 89.061616	 89.046367	 89.031578	 89.017237	 89.003333	 88.989855	 88.976794	 88.964138	 88.951877	 88.940001	 88.928499	 88.917363	 88.906581	 88.896144	 88.886043	 88.876268	 88.866811	 88.857661	  88.84881	 88.840249	 88.831969	 88.823962	 88.816219	 88.808732	 88.801493	 88.794494	 88.787727	 88.781184	 88.774857	 88.768739	 88.762823	 88.757101	 88.751567	 88.746212	 88.741031	 88.736017	 88.731162	 88.726461	 88.721906	 88.717492	 88.713212	  88.70906	  88.70503	 88.701117	 88.697313	 88.693614	 88.690013	 88.686505	 88.683085	 88.679747	 88.676485	 88.673294	 88.670169	 88.667105	 88.664095	 88.661136	 88.658222	 88.655348	 88.652508	 88.649699	 88.646914	 88.644149	 88.641399	 88.638659	
        99	 98.864665	  98.72936	 98.594116	 98.458964	 98.323933	 98.189055	 98.054359	 97.919875	 97.785634	 97.651665	 97.517998	 97.384662	 97.251686	 97.119099	  96.98693	 96.855208	 96.723959	 96.593213	 96.462997	 96.333337	  96.20426	 96.075793	 95.947962	 95.820792	 95.694309	 95.568536	 95.443499	  95.31922	 95.195723	 95.073032	 94.951167	 94.830152	 94.710006	 94.590751	 94.472407	 94.354993	 94.238528	 94.123031	 94.008519	 93.895009	 93.782519	 93.671064	 93.560659	  93.45132	  93.34306	 93.235892	 93.129831	 93.024887	 92.921074	   92.8184	 92.716878	 92.616517	 92.517325	 92.419311	 92.322484	  92.22685	 92.132416	 92.039187	  91.94717	 91.856369	 91.766788	 91.678431	   91.5913	 91.505398	 91.420726	 91.337287	 91.255079	 91.174105	 91.094362	  91.01585	 90.938567	 90.862512	 90.787682	 90.714072	 90.641681	 90.570503	 90.500535	 90.431771	 90.364205	 90.297832	 90.232646	 90.168639	 90.105804	 90.044134	 89.983621	 89.924256	 89.866031	 89.808937	 89.752965	 89.698104	 89.644344	 89.591677	  89.54009	 89.489573	 89.440116	 89.391706	 89.344332	 89.297982	 89.252645	 89.208309	  89.16496	 89.122587	 89.081176	 89.040716	 89.001192	 88.962593	 88.924904	 88.888113	 88.852206	  88.81717	 88.782991	 88.749656	 88.717151	 88.685462	 88.654576	  88.62448	 88.595159	   88.5666	 88.538789	 88.511713	 88.485358	  88.45971	 88.434755	 88.410482	 88.386875	 88.363921	 88.341609	 88.319923	 88.298851	  88.27838	 88.258497	 88.239189	 88.220444	 88.202248	  88.18459	 88.167456	 88.150836	 88.134716	 88.119084	 88.103929	 88.089239	 88.075003	 88.061208	 88.047844	 88.034899	 88.022363	 88.010224	 87.998472	 87.987097	 87.976087	 87.965433	 87.955124	 87.945151	 87.935504	 87.926173	 87.917148	  87.90842	 87.899981	 87.891821	  87.88393	 87.876301	 87.868925	 87.861793	 87.854897	 87.848229	 87.841781	 87.835544	 87.829512	 87.823676	 87.818028	 87.812563	 87.807271	 87.802147	 87.797182	 87.792371	 87.787706	 87.783181	 87.778788	 87.774523	 87.770377	 87.766345	  87.76242	 87.758597	 87.754869	  87.75123	 87.747675	 87.744197	 87.740791	 87.737451	 87.734171	 87.730945	 87.727769	 87.724636	 87.721541	 87.718479	 87.715443	  87.71243	 87.709432	 87.706445	
        99	 98.853524	 98.707081	 98.560703	 98.414425	 98.268279	 98.122297	 97.976513	 97.830959	 97.685667	 97.540669	 97.395998	 97.251686	 97.107763	 96.964262	 96.821213	 96.678646	 96.536594	 96.395085	 96.254148	 96.113815	 95.974113	  95.83507	 95.696716	 95.559077	 95.422181	 95.286055	 95.150724	 95.016215	 94.882552	 94.749761	 94.617864	 94.486886	  94.35685	 94.227778	 94.099692	 93.972612	  93.84656	 93.721555	 93.597616	 93.474762	 93.353012	 93.232382	 93.112888	 92.994548	 92.877376	 92.761386	 92.646594	 92.533011	 92.420651	 92.309526	 92.199646	 92.091023	 91.983666	 91.877584	 91.772786	 91.669279	 91.567071	 91.466168	 91.366576	   91.2683	 91.171344	 91.075713	  90.98141	 90.888436	 90.796794	 90.706486	 90.617511	 90.529871	 90.443563	 90.358588	 90.274944	 90.192628	 90.111637	 90.031968	 89.953618	 89.876581	 89.800852	 89.726427	   89.6533	 89.581463	  89.51091	 89.441634	 89.373627	  89.30688	 89.241385	 89.177134	 89.114116	 89.052322	 88.991741	 88.932364	 88.874179	 88.817176	 88.761343	 88.706667	 88.653138	 88.600743	  88.54947	 88.499305	 88.450235	 88.402249	 88.355332	  88.30947	 88.264651	  88.22086	 88.178082	 88.136305	 88.095514	 88.055694	 88.016831	 87.978911	 87.941918	 87.905839	 87.870658	 87.836361	 87.802933	 87.770359	 87.738624	 87.707714	 87.677614	 87.648309	 87.619784	 87.592024	 87.565016	 87.538744	 87.513194	 87.488351	 87.464201	  87.44073	 87.417924	 87.395767	 87.374248	  87.35335	 87.333062	 87.313368	 87.294257	 87.275713	 87.257724	 87.240277	 87.223359	 87.206956	 87.191057	 87.175648	 87.160718	 87.146254	 87.132243	 87.118675	 87.105537	 87.092818	 87.080506	  87.06859	 87.057059	 87.045901	 87.035107	 87.024666	 87.014566	 87.004799	 86.995353	 86.986219	 86.977386	 86.968847	  86.96059	 86.952606	 86.944887	 86.937424	 86.930207	 86.923227	 86.916477	 86.909948	 86.903632	  86.89752	 86.891604	 86.885877	 86.880331	 86.874958	  86.86975	 86.864701	 86.859803	 86.855049	 86.850432	 86.845945	 86.841581	 86.837334	 86.833196	 86.829161	 86.825222	 86.821374	  86.81761	 86.813924	 86.810309	 86.806759	 86.803268	  86.79983	 86.796439	  86.79309	 86.789775	  86.78649	 86.783228	 86.779984	 86.776751	
        99	 98.842416	 98.684867	 98.527389	 98.370017	 98.212788	 98.055735	 97.898895	 97.742302	 97.585992	 97.429998	 97.274356	 97.119099	 96.964262	 96.809878	  96.65598	 96.502602	 96.349777	 96.197536	 96.045912	 95.894935	 95.744639	 95.595052	 95.446205	 95.298128	 95.150851	 95.004401	 94.858807	 94.714097	 94.570298	 94.427436	 94.285537	 94.144626	 94.004728	 93.865868	 93.728068	 93.591351	 93.455739	 93.321254	 93.187916	 93.055745	 92.924762	 92.794983	 92.666428	 92.539113	 92.413055	 92.288269	 92.164771	 92.042575	 91.921694	 91.802141	 91.683929	 91.567068	 91.451569	 91.337442	 91.224696	  91.11334	  91.00338	 90.894825	 90.787681	 90.681952	 90.577643	  90.47476	 90.373305	  90.27328	 90.174689	 90.077532	 89.981809	 89.887522	  89.79467	 89.703251	 89.613263	 89.524704	 89.437571	  89.35186	 89.267568	 89.184689	 89.103218	 89.023148	 88.944475	  88.86719	 88.791287	 88.716757	 88.643592	 88.571784	 88.501322	 88.432198	 88.364401	 88.297921	 88.232746	 88.168866	 88.106269	 88.044942	 87.984875	 87.926053	 87.868464	 87.812096	 87.756934	 87.702964	 87.650174	 87.598548	 87.548073	 87.498734	 87.450515	 87.403403	 87.357382	 87.312436	 87.268552	 87.225712	 87.183902	 87.143106	 87.103308	 87.064492	 87.026643	 86.989745	 86.953782	 86.918738	 86.884596	 86.851342	 86.818959	 86.787432	 86.756743	 86.726879	 86.697822	 86.669558	  86.64207	 86.615343	 86.589362	 86.564111	 86.539575	 86.515738	 86.492587	 86.470105	 86.448278	 86.427091	 86.406529	 86.386579	 86.367226	 86.348456	 86.330255	 86.312608	 86.295503	 86.278926	 86.262864	 86.247302	  86.23223	 86.217632	 86.203498	 86.189814	 86.176568	 86.163749	 86.151343	  86.13934	 86.127727	 86.116494	 86.105628	  86.09512	 86.084958	 86.075131	 86.065629	 86.056441	 86.047558	 86.038969	 86.030665	 86.022635	 86.014871	 86.007362	   86.0001	 85.993076	 85.986281	 85.979705	 85.973341	 85.967179	 85.961212	 85.955432	  85.94983	 85.944398	 85.939129	 85.934014	 85.929047	 85.924219	 85.919524	 85.914955	 85.910503	 85.906162	 85.901925	 85.897785	 85.893736	 85.889769	  85.88588	 85.882061	 85.878305	 85.874607	 85.870959	 85.867355	 85.863789	 85.860255	 85.856746	 85.853255	 85.849778	
        99	 98.831342	 98.662722	 98.494179	 98.325749	 98.157471	 97.989383	 97.821522	 97.653925	 97.486631	 97.319676	 97.153097	  96.98693	 96.821213	  96.65598	 96.491268	 96.327113	 96.163548	  96.00061	 95.838331	 95.676746	 95.515888	  95.35579	 95.196484	 95.038002	 94.880375	 94.723635	  94.56781	 94.412932	 94.259028	 94.106127	 93.954256	 93.803444	 93.653716	 93.505098	 93.357615	 93.211291	  93.06615	 92.922214	 92.779507	 92.638049	 92.497861	 92.358963	 92.221375	 92.085114	 91.950197	 91.816643	 91.684467	 91.553684	 91.424309	 91.296356	 91.169836	 91.044764	 90.921149	 90.799002	 90.678334	 90.559153	 90.441467	 90.325284	  90.21061	 90.097452	 89.985814	 89.875701	 89.767116	 89.660063	 89.554544	 89.450559	 89.348111	 89.247198	 89.147821	 89.049978	 88.953667	 88.858885	  88.76563	 88.673896	 88.583681	 88.494978	 88.407781	 88.322086	 88.237884	 88.155169	 88.073932	 87.994165	 87.915859	 87.839004	 87.763592	  87.68961	 87.617049	 87.545897	 87.476143	 87.407774	 87.340778	 87.275142	 87.210854	 87.147899	 87.086263	 87.025934	 86.966896	 86.909134	 86.852634	 86.797381	 86.743359	 86.690552	 86.638946	 86.588523	 86.539268	 86.491164	 86.444196	 86.398346	 86.353598	 86.309935	  86.26734	 86.225797	 86.185289	 86.145798	 86.107307	 86.069801	  86.03326	 85.997669	 85.963011	 85.929268	 85.896423	  85.86446	 85.833362	 85.803111	 85.773692	 85.745087	  85.71728	 85.690255	 85.663994	 85.638483	 85.613704	 85.589643	 85.566282	 85.543606	   85.5216	 85.500248	 85.479535	 85.459446	 85.439965	 85.421079	 85.402772	  85.38503	 85.367839	 85.351184	 85.335052	 85.319429	 85.304302	 85.289656	  85.27548	 85.261759	 85.248482	 85.235635	 85.223206	 85.211184	 85.199555	 85.188308	 85.177432	 85.166914	 85.156745	 85.146912	 85.137404	 85.128212	 85.119324	  85.11073	  85.10242	 85.094384	 85.086612	 85.079094	 85.071821	 85.064783	 85.057972	 85.051377	 85.044991	 85.038804	 85.032808	 85.026995	 85.021355	 85.015881	 85.010565	 85.005399	 85.000374	 84.995483	 84.990718	 84.986072	 84.981538	 84.977107	 84.972773	 84.968528	 84.964365	 84.960278	 84.956258	   84.9523	 84.948396	 84.944539	 84.940722	  84.93694	 84.933184	 84.929448	 84.925726	
        99	 98.820306	 98.640653	 98.461081	  98.28163	 98.102341	 97.923254	 97.744409	 97.565847	 97.387606	 97.209726	 97.032247	 96.855208	 96.678646	 96.502602	 96.327113	 96.152216	 95.977949	 95.804348	 95.631451	 95.459293	  95.28791	 95.117336	 94.947606	 94.778754	 94.610813	 94.443816	 94.277796	 94.112783	 93.948808	 93.785902	 93.624095	 93.463414	 93.303889	 93.145546	 92.988412	 92.832514	 92.677876	 92.524522	 92.372477	 92.221763	 92.072402	 91.924416	 91.777824	 91.632647	 91.488903	  91.34661	 91.205785	 91.066444	 90.928604	 90.792278	  90.65748	 90.524223	  90.39252	 90.262381	 90.133816	 90.006837	  89.88145	 89.757665	 89.635488	 89.514925	 89.395982	 89.278664	 89.162974	 89.048917	 88.936493	 88.825704	 88.716552	 88.609037	 88.503157	 88.398911	 88.296298	 88.195315	 88.095957	 87.998221	 87.902102	 87.807595	 87.714693	 87.623391	 87.533679	 87.445551	 87.358999	 87.274012	 87.190582	 87.108699	 87.028352	 86.949529	  86.87222	 86.796413	 86.722094	 86.649252	 86.577872	 86.507941	 86.439446	 86.372372	 86.306704	 86.242427	 86.179525	 86.117984	 86.057787	 85.998918	 85.941361	   85.8851	 85.830116	 85.776394	 85.723916	 85.672665	 85.622623	 85.573773	 85.526097	 85.479577	 85.434195	 85.389934	 85.346775	   85.3047	 85.263691	  85.22373	 85.184799	 85.146879	 85.109952	 85.074001	 85.039008	 85.004953	  84.97182	  84.93959	 84.908246	 84.877769	 84.848143	 84.819349	  84.79137	  84.76419	  84.73779	 84.712153	 84.687264	 84.663104	 84.639658	 84.616909	 84.594841	 84.573437	 84.552682	  84.53256	 84.513055	 84.494152	 84.475836	 84.458092	 84.440904	 84.424259	 84.408142	 84.392538	 84.377434	 84.362815	 84.348669	 84.334982	  84.32174	  84.30893	 84.296541	 84.284558	  84.27297	 84.261764	 84.250929	 84.240453	 84.230323	 84.220529	  84.21106	 84.201904	  84.19305	 84.184488	 84.176207	 84.168197	 84.160448	  84.15295	 84.145693	 84.138667	 84.131863	 84.125272	 84.118883	  84.11269	 84.106681	 84.100849	 84.095185	  84.08968	 84.084326	 84.079115	 84.074039	 84.069089	 84.064258	 84.059537	 84.054919	 84.050397	 84.045962	 84.041607	 84.037324	 84.033107	 84.028947	 84.024838	 84.020772	 84.016741	  84.01274	  84.00876	 84.004794	
        99	  98.80931	 98.618663	 98.428102	  98.23767	  98.04741	 97.857364	 97.667575	 97.478085	 97.288937	 97.100172	 96.911832	 96.723959	 96.536594	 96.349777	 96.163548	 95.977949	 95.793018	 95.608794	 95.425317	 95.242623	 95.060752	  94.87974	 94.699624	 94.520439	 94.342221	 94.165006	 93.988826	 93.813715	 93.639706	 93.466831	 93.295122	 93.124609	 92.955322	 92.787289	  92.62054	 92.455101	    92.291	 92.128263	 91.966913	 91.806976	 91.648476	 91.491433	 91.335871	  91.18181	 91.029269	 90.878269	 90.728826	 90.580959	 90.434683	 90.290015	 90.146968	 90.005557	 89.865794	 89.727691	  89.59126	  89.45651	  89.32345	  89.19209	 89.062436	 88.934496	 88.808275	 88.683777	 88.561008	 88.439971	 88.320667	 88.203099	 88.087268	 87.973173	 87.860814	 87.750189	 87.641297	 87.534134	 87.428696	 87.324979	 87.222978	 87.122688	 87.024101	 86.927211	  86.83201	 86.738489	  86.64664	 86.556453	 86.467918	 86.381024	  86.29576	 86.212114	 86.130074	 86.049627	 85.970761	 85.893461	 85.817713	 85.743503	 85.670817	 85.599638	 85.529951	 85.461741	  85.39499	 85.329683	 85.265802	 85.203331	 85.142252	 85.082547	 85.024199	  84.96719	   84.9115	 84.857113	 84.804009	 84.752169	 84.701576	 84.652209	  84.60405	 84.557081	  84.51128	 84.466631	 84.423112	 84.380706	 84.339392	 84.299152	 84.259966	 84.221815	  84.18468	 84.148541	 84.113381	 84.079178	 84.045916	 84.013574	 83.982135	 83.951579	 83.921888	 83.893044	 83.865029	 83.837824	 83.811411	 83.785773	 83.760893	 83.736752	 83.713333	 83.690619	 83.668594	 83.647241	 83.626542	 83.606483	 83.587046	 83.568215	 83.549976	 83.532312	 83.515209	  83.49865	 83.482622	 83.467109	 83.452097	 83.437572	  83.42352	 83.409926	 83.396778	 83.384062	 83.371765	 83.359874	 83.348376	 83.337258	 83.326509	 83.316116	 83.306067	  83.29635	 83.286955	 83.277869	 83.269081	 83.260581	 83.252358	 83.244401	   83.2367	 83.229244	 83.222024	 83.215029	  83.20825	 83.201677	   83.1953	 83.189111	 83.183101	 83.177259	 83.171578	 83.166048	 83.160661	 83.155408	 83.150281	 83.145272	 83.140371	 83.135572	 83.130866	 83.126244	 83.121699	 83.117224	  83.11281	 83.108449	 83.104134	 83.099857	 83.095611	 83.091387	 83.087179	
