Time step 31:
        99	        99	        99	        99	        99	        99	        99	        99	        99	        99	        99	        99	        99	        99	        99	        99	        99	        99	        99	        99	        99	        99	        99	        99	        99	        99	        99	        99	        99	        99	        99	        99	        99	        99	        99	        99	        99	        99	        99	        99	        99	        99	        99	        99	        99	        99	        99	        99	        99	        99	        99	        99	        99	        99	        99	        99	        99	        99	        99	        99	        99	        99	        99	        99	        99	        99	        99	        99	        99	        99	        99	        99	        99	        99	        99	        99	        99	        99	        99	        99	        99	        99	        99	        99	        99	        99	        99	        99	        99	        99	        99	        99	        99	        99	        99	        99	        99	        99	        99	        99	        99	        99	        99	        99	        99	        99	        99	        99	        99	        99	        99	        99	        99	        99	        99	        99	        99	        99	        99	        99	        99	        99	        99	        99	        99	        99	        99	        99	        99	        99	        99	        99	        99	        99	        99	        99	        99	        99	        99	        99	        99	        99	        99	        99	        99	        99	        99	        99	        99	        99	        99	        99	        99	        99	        99	        99	        99	        99	        99	        99	        99	        99	        99	        99	        99	        99	        99	        99	        99	        99	        99	        99	        99	        99	        99	        99	        99	        99	        99	        99	        99	        99	        99	        99	        99	        99	        99	        99	        99	        99	        99	        99	        99	        99	        99	        99	        99	        99	        99	        99	
        99	 98.979518	 98.959045	 98.938588	 98.918157	 98.897758	 98.877401	 98.857094	 98.836845	 98.816661	 98.796552	 98.776524	 98.756585	 98.736744	 98.717008	 98.697384	 98.677879	 98.658501	 98.639257	 98.620153	 98.601197	 98.582395	 98.563752	 98.545276	 98.526972	 98.508847	 98.490905	 98.473152	 98.455593	 98.438233	 98.421077	 98.404129	 98.387394	 98.370876	 98.354579	 98.338505	 98.322659	 98.307044	 98.291662	 98.276516	  98.26161	 98.246944	 98.232521	 98.218342	  98.20441	 98.190725	 98.177289	 98.164102	 98.151165	 98.138479	 98.126043	 98.113858	 98.101924	  98.09024	 98.078805	 98.067619	  98.05668	 98.045989	 98.035543	  98.02534	  98.01538	  98.00566	 97.996179	 97.986934	 97.977924	 97.969145	 97.960596	 97.952273	 97.944175	 97.936297	 97.928638	 97.921194	 97.913963	  97.90694	 97.900123	 97.893508	 97.887093	 97.880873	 97.874845	 97.869005	  97.86335	 97.857877	 97.852581	 97.847459	 97.842508	 97.837723	   97.8331	 97.828637	 97.824329	 97.820173	 97.816165	 97.812301	 97.808578	 97.804991	 97.801538	 97.798214	 97.795017	 97.791942	 97.788986	 97.786146	 97.783418	 97.780799	 97.778286	 97.775875	 97.773562	 97.771346	 97.769223	 97.767189	 97.765242	 97.763378	 97.761596	 97.759891	 97.758262	 97.756706	  97.75522	   97.7538	 97.752446	 97.751155	 97.749923	 97.748749	 97.747631	 97.746566	 97.745553	 97.744588	  97.74367	 97.742798	 97.741969	 97.741181	 97.740434	 97.739724	  97.73905	 97.738411	 97.737806	 97.737232	 97.736688	 97.736173	 97.735686	 97.735224	 97.734788	 97.734376	 97.733987	 97.733619	 97.733271	 97.732943	 97.732634	 97.732342	 97.732067	 97.731808	 97.731563	 97.731333	 97.731117	 97.730913	 97.730722	 97.730542	 97.730373	 97.730214	 97.730065	 97.729925	 97.729794	  97.72967	 97.729555	 97.729447	 97.729345	  97.72925	 97.729161	 97.729078	    97.729	 97.728928	 97.728859	 97.728796	 97.728736	 97.728681	 97.728629	  97.72858	 97.728535	 97.728493	 97.728453	 97.728417	 97.728382	  97.72835	  97.72832	 97.728292	 97.728266	 97.728241	 97.728218	 97.728196	 97.728176	 97.728157	 97.728139	 97.728122	 97.728105	  97.72809	 97.728075	 97.728061	 97.728048	 97.728035	 97.728022	  97.72801	 97.727998	 97.727986	
        99	 98.959045	 98.918107	 98.877202	 98.836347	 98.795558	 98.754853	 98.714247	 98.673756	 98.633397	 98.593186	 98.553138	  98.51327	 98.473596	 98.434131	 98.394891	 98.355889	 98.317141	 98.278661	 98.240462	 98.202557	 98.164959	 98.127682	 98.090737	 98.054137	 98.017893	 97.982016	 97.946518	 97.911407	 97.876694	  97.84239	 97.808501	 97.775038	 97.742009	  97.70942	  97.67728	 97.645594	  97.61437	 97.583612	 97.553328	  97.52352	 97.494194	 97.465354	 97.437003	 97.409144	  97.38178	 97.354913	 97.328545	 97.302676	 97.277309	 97.252443	 97.228078	 97.204214	  97.18085	 97.157985	 97.135617	 97.113745	 97.092366	 97.071478	 97.051077	 97.031161	 97.011726	 96.992767	 96.974281	 96.956264	  96.93871	 96.921615	 96.904973	 96.888779	 96.873027	 96.857712	 96.842828	 96.828367	 96.814325	 96.800694	 96.787467	 96.774639	 96.762201	 96.750148	 96.738471	 96.727164	 96.716219	  96.70563	 96.695388	 96.685487	 96.675919	 96.666676	 96.657752	 96.649138	 96.640827	 96.632812	 96.625086	  96.61764	 96.610469	 96.603564	 96.596918	 96.590525	 96.584376	 96.578466	 96.572787	 96.567332	 96.562095	 96.557069	 96.552248	 96.547624	 96.543193	 96.538946	  96.53488	 96.530986	  96.52726	 96.523696	 96.520288	  96.51703	 96.513918	 96.510946	 96.508109	 96.505401	 96.502818	 96.500356	 96.498008	 96.495772	 96.493643	 96.491616	 96.489687	 96.487852	 96.486108	  96.48445	 96.482876	  96.48138	 96.479961	 96.478614	 96.477336	 96.476125	 96.474977	  96.47389	  96.47286	 96.471886	 96.470964	 96.470092	 96.469268	 96.468489	 96.467753	 96.467058	 96.466402	 96.465783	   96.4652	  96.46465	 96.464131	 96.463643	 96.463184	 96.462751	 96.462344	 96.461961	 96.461601	 96.461263	 96.460945	 96.460647	 96.460367	 96.460104	 96.459858	 96.459627	 96.459411	 96.459208	 96.459018	  96.45884	 96.458674	 96.458518	 96.458373	 96.458237	 96.458109	  96.45799	 96.457879	 96.457776	 96.457679	 96.457588	 96.457504	 96.457425	 96.457351	 96.457282	 96.457218	 96.457158	 96.457102	 96.457049	    96.457	 96.456954	  96.45691	  96.45687	 96.456831	 96.456795	 96.456761	 96.456729	 96.456698	 96.456669	 96.456641	 96.456614	 96.456588	 96.456562	 96.456537	 96.456513	 96.456489	
        99	 98.938588	 98.877202	 98.815865	 98.754603	 98.693441	 98.632404	 98.571515	   98.5108	 98.450282	 98.389986	 98.329935	 98.270152	 98.210661	 98.151484	 98.092644	 98.034162	  97.97606	 97.918359	 97.861079	 97.804241	 97.747864	 97.691967	 97.636569	 97.581687	  97.52734	 97.473543	 97.420312	 97.367664	 97.315613	 97.264174	 97.213358	 97.163181	 97.113653	 97.064787	 97.016592	  96.96908	  96.92226	  96.87614	 96.830728	 96.786031	 96.742058	 96.698812	   96.6563	 96.614526	 96.573494	 96.533207	 96.493668	 96.454878	  96.41684	 96.379553	 96.343018	 96.307234	   96.2722	 96.237915	 96.204375	 96.171578	  96.13952	 96.108198	 96.077608	 96.047744	   96.0186	 95.990172	 95.962453	 95.935436	 95.909114	  95.88348	 95.858526	 95.834243	 95.810624	 95.787659	 95.765339	 95.743656	   95.7226	  95.70216	 95.682327	 95.663091	 95.644441	 95.626366	 95.608857	 95.591902	 95.575491	 95.559612	 95.544255	 95.529408	 95.515061	 95.501202	 95.487819	 95.474903	 95.462441	 95.450423	 95.438837	 95.427673	 95.416919	 95.406565	   95.3966	 95.387013	 95.377794	 95.368931	 95.360416	 95.352236	 95.344384	 95.336847	 95.329617	 95.322685	 95.316039	 95.309672	 95.303574	 95.297736	 95.292149	 95.286804	 95.281694	 95.276809	 95.272143	 95.267686	 95.263431	 95.259371	 95.255498	 95.251805	 95.248286	 95.244933	  95.24174	   95.2387	 95.235808	 95.233057	 95.230442	 95.227956	 95.225594	 95.223352	 95.221223	 95.219204	 95.217288	 95.215472	 95.213751	 95.212121	 95.210577	 95.209116	 95.207733	 95.206425	 95.205189	 95.204021	 95.202918	 95.201876	 95.200893	 95.199965	  95.19909	 95.198265	 95.197488	 95.196756	 95.196066	 95.195418	 95.194807	 95.194233	 95.193693	 95.193186	  95.19271	 95.192263	 95.191843	 95.191449	  95.19108	 95.190734	 95.190409	 95.190105	  95.18982	 95.189554	 95.189304	 95.189071	 95.188852	 95.188648	 95.188458	 95.188279	 95.188113	 95.187957	 95.187812	 95.187676	 95.187549	 95.187431	 95.187321	 95.187217	 95.187121	 95.187031	 95.186947	 95.186868	 95.186794	 95.186725	  95.18666	 95.186599	 95.186541	 95.186487	 95.186436	 95.186388	 95.186341	 95.186297	 95.186255	 95.186215	 95.186176	 95.186138	 95.186101	 95.186064	 95.186028	
        99	 98.918157	 98.836347	 98.754603	  98.67296	 98.591449	 98.510105	 98.428958	 98.348043	 98.267391	 98.187035	 98.107004	 98.027332	 97.948048	 97.869183	 97.790766	 97.712827	 97.635395	 97.558496	  97.48216	 97.406411	 97.331278	 97.256784	 97.182955	 97.109814	 97.037385	  96.96569	  96.89475	 96.824586	 96.755217	 96.686664	 96.618942	 96.552071	 96.486065	 96.420941	 96.356712	 96.293393	 96.230995	 96.169531	  96.10901	 96.049444	 95.990839	 95.933206	  95.87655	 95.820878	 95.766194	 95.712504	  95.65981	 95.608116	 95.557422	  95.50773	  95.45904	 95.411351	 95.364661	 95.318968	 95.274269	 95.230561	 95.187838	 95.146095	 95.105327	 95.065527	 95.026688	 94.988802	  94.95186	 94.915855	 94.880776	 94.846613	 94.813356	 94.780995	 94.749517	 94.718912	 94.689167	  94.66027	 94.632208	 94.604968	 94.578536	   94.5529	 94.528045	 94.503957	 94.480623	 94.458027	 94.436156	 94.414995	 94.394528	 94.374742	 94.355621	  94.33715	 94.319316	 94.302102	 94.285494	 94.269477	 94.254037	 94.239159	 94.224827	 94.211028	 94.197748	 94.184971	 94.172684	 94.160874	 94.149525	 94.138624	 94.128159	 94.118115	  94.10848	 94.099241	 94.090385	 94.081899	 94.073772	 94.065991	 94.058546	 94.051423	 94.044612	 94.038103	 94.031883	 94.025944	 94.020273	 94.014862	 94.009701	  94.00478	  94.00009	 93.995621	 93.991366	 93.987315	 93.983461	 93.979794	 93.976309	 93.972996	 93.969849	  93.96686	 93.964023	 93.961332	 93.958779	 93.956359	 93.954065	 93.951892	 93.949835	 93.947887	 93.946045	 93.944302	 93.942655	 93.941098	 93.939628	 93.938239	 93.936929	 93.935692	 93.934526	 93.933427	 93.932391	 93.931415	 93.930497	 93.929632	 93.928818	 93.928053	 93.927334	 93.926658	 93.926024	 93.925428	 93.924868	 93.924343	 93.923851	  93.92339	 93.922957	 93.922552	 93.922172	 93.921817	 93.921485	 93.921174	 93.920883	 93.920611	 93.920356	 93.920119	 93.919897	  93.91969	 93.919496	 93.919315	 93.919146	 93.918988	 93.918841	 93.918704	 93.918575	 93.918455	 93.918343	 93.918238	 93.918139	 93.918047	 93.917961	 93.917879	 93.917803	 93.917731	 93.917662	 93.917598	 93.917536	 93.917478	 93.917421	 93.917367	 93.917315	 93.917265	 93.917215	 93.917167	 93.917119	
        99	 98.897758	 98.795558	 98.693441	 98.591449	 98.489623	 98.388004	 98.286633	 98.185551	 98.084798	 97.984413	 97.884437	 97.784907	 97.685863	 97.587341	  97.48938	 97.392016	 97.295284	  97.19922	 97.103857	  97.00923	  96.91537	  96.82231	  96.73008	  96.63871	 96.548229	 96.458664	 96.370043	 96.282392	 96.195734	 96.110094	 96.025494	 95.941955	 95.859499	 95.778143	 95.697906	 95.618805	 95.540856	 95.464072	 95.388468	 95.314055	 95.240844	 95.168847	  95.09807	 95.028522	 94.960209	 94.893137	 94.827311	 94.762732	 94.699403	 94.637326	 94.576501	 94.516925	 94.458599	 94.401517	 94.345678	 94.291076	 94.237705	 94.185558	 94.134629	  94.08491	  94.03639	 93.989061	 93.942913	 93.897933	 93.854111	 93.811434	 93.769888	 93.729461	 93.690138	 93.651905	 93.614747	 93.578647	 93.543591	 93.509562	 93.476542	 93.444517	 93.413467	 93.383376	 93.354226	 93.325998	 93.298676	  93.27224	 93.246673	 93.221955	 93.198068	 93.174994	 93.152715	 93.131211	 93.110463	 93.090455	 93.071166	 93.052579	 93.034676	 93.017438	 93.000847	 92.984886	 92.969537	 92.954783	 92.940605	 92.926988	 92.913914	 92.901367	 92.889331	 92.877789	 92.866725	 92.856125	 92.845972	 92.836252	 92.826951	 92.818053	 92.809545	 92.801413	 92.793643	 92.786223	  92.77914	  92.77238	 92.765933	 92.759785	 92.753925	 92.748343	 92.743027	 92.737967	 92.733152	 92.728572	 92.724217	 92.720079	 92.716147	 92.712414	  92.70887	 92.705508	 92.702318	 92.699295	  92.69643	 92.693715	 92.691145	 92.688712	 92.686411	 92.684234	 92.682176	 92.680231	 92.678394	 92.676659	 92.675022	 92.673478	 92.672021	 92.670648	 92.669354	 92.668135	 92.666987	 92.665907	 92.664891	 92.663935	 92.663037	 92.662192	 92.661399	 92.660655	 92.659956	   92.6593	 92.658685	 92.658109	 92.657568	 92.657062	 92.656588	 92.656144	 92.655729	 92.655341	 92.654977	 92.654637	  92.65432	 92.654023	 92.653746	 92.653487	 92.653245	 92.653019	 92.652808	 92.652611	 92.652427	 92.652255	 92.652094	 92.651944	 92.651804	 92.651673	  92.65155	 92.651435	 92.651327	 92.651225	  92.65113	 92.651039	 92.650954	 92.650873	 92.650797	 92.650723	 92.650653	 92.650586	 92.650521	 92.650457	 92.650396	 92.650335	 92.650275	
        99	 98.877401	 98.754853	 98.632404	 98.510105	 98.388004	 98.266153	 98.144598	  98.02339	 97.902576	 97.782204	 97.662322	 97.542975	  97.42421	 97.306073	 97.188607	 97.071857	 96.955865	 96.840674	 96.726324	 96.612856	 96.500308	 96.388719	 96.278126	 96.168563	 96.060067	  95.95267	 95.846404	   95.7413	 95.637389	 95.534697	 95.433253	 95.333081	 95.234207	 95.136653	 95.040441	  94.94559	  94.85212	 94.760049	 94.669391	 94.580162	 94.492375	 94.406042	 94.321173	 94.237778	 94.155864	 94.075438	 93.996504	 93.919068	  93.84313	 93.768693	 93.695757	  93.62432	  93.55438	 93.485934	 93.418976	 93.353502	 93.289505	 93.226976	 93.165906	 93.106287	 93.048107	 92.991355	 92.936018	 92.882083	 92.829535	 92.778361	 92.728543	 92.680067	 92.632915	 92.587069	 92.542512	 92.499225	 92.457189	 92.416384	 92.376791	 92.338389	 92.301157	 92.265074	  92.23012	 92.196273	  92.16351	 92.131811	 92.101152	 92.071513	 92.042871	 92.015203	 91.988487	 91.962701	 91.937823	 91.913831	 91.890702	 91.868414	 91.846946	 91.826276	 91.806382	 91.787243	 91.768838	 91.751146	 91.734146	 91.717817	  91.70214	 91.687095	 91.672662	 91.658822	 91.645555	 91.632844	  91.62067	 91.609015	 91.597862	 91.587192	  91.57699	 91.567239	 91.557923	 91.549025	 91.540531	 91.532426	 91.524694	 91.517323	 91.510297	 91.503603	 91.497229	 91.491161	 91.485387	 91.479895	 91.474673	 91.469711	 91.464997	  91.46052	  91.45627	 91.452238	 91.448414	 91.444789	 91.441353	 91.438098	 91.435016	 91.432099	 91.429339	 91.426729	 91.424261	 91.421929	 91.419726	 91.417646	 91.415683	 91.413831	 91.412084	 91.410438	 91.408886	 91.407425	 91.406048	 91.404753	 91.403535	 91.402389	 91.401311	 91.400299	 91.399348	 91.398455	 91.397617	 91.396831	 91.396094	 91.395402	 91.394754	 91.394147	 91.393579	 91.393047	 91.392549	 91.392083	 91.391647	  91.39124	 91.390859	 91.390503	  91.39017	  91.38986	  91.38957	 91.389299	 91.389046	  91.38881	 91.388589	 91.388383	  91.38819	 91.388011	 91.387842	 91.387685	 91.387538	 91.387399	  91.38727	 91.387148	 91.387033	 91.386925	 91.386823	 91.386726	 91.386634	 91.386546	 91.386462	 91.386381	 91.386303	 91.386227	 91.386153	 91.386081	 91.386009	
        99	 98.857094	 98.714247	 98.571515	 98.428958	 98.286633	 98.144598	  98.00291	 97.861624	 97.720799	 97.580489	 97.440749	 97.301634	 97.163197	 97.025491	 96.888568	  96.75248	 96.617275	 96.483004	 96.349713	  96.21745	  96.08626	 95.956187	 95.827275	 95.699565	 95.573097	  95.44791	 95.324043	  95.20153	 95.080406	 94.960705	 94.842458	 94.725694	 94.610442	 94.496729	  94.38458	 94.274019	 94.165066	 94.057744	  93.95207	 93.848061	 93.745733	   93.6451	 93.546173	 93.448965	 93.353482	 93.259734	 93.167726	 93.077463	 92.988947	  92.90218	 92.817163	 92.733893	 92.652368	 92.572585	 92.494537	 92.418217	 92.343619	 92.270733	 92.199548	 92.130054	 92.062237	 91.996084	 91.931581	 91.868712	 91.807461	  91.74781	  91.68974	 91.633234	 91.578272	 91.524832	 91.472895	 91.422438	 91.373439	 91.325875	 91.279724	  91.23496	 91.191561	 91.149502	 91.108758	 91.069304	 91.031115	 90.994165	 90.958429	  90.92388	 90.890493	 90.858242	 90.827101	 90.797044	 90.768046	 90.740079	 90.713119	  90.68714	 90.662116	 90.638022	 90.614833	 90.592524	  90.57107	 90.550447	 90.530631	 90.511598	 90.493324	 90.475787	 90.458963	  90.44283	 90.427367	  90.41255	 90.398359	 90.384774	 90.371773	 90.359336	 90.347444	 90.336078	 90.325218	 90.314847	 90.304946	 90.295498	 90.286486	 90.277893	 90.269704	 90.261901	 90.254471	 90.247398	 90.240668	 90.234266	 90.228179	 90.222395	   90.2169	 90.211682	 90.206728	 90.202029	 90.197571	 90.193345	  90.18934	 90.185546	 90.181954	 90.178553	 90.175336	 90.172294	 90.169417	 90.166699	 90.164131	 90.161707	 90.159418	  90.15726	 90.155223	 90.153304	 90.151495	 90.149792	 90.148188	 90.146678	 90.145258	 90.143922	 90.142666	 90.141486	 90.140378	 90.139337	  90.13836	 90.137444	 90.136584	 90.135778	 90.135023	 90.134315	 90.133653	 90.133033	 90.132452	 90.131909	 90.131401	 90.130926	 90.130482	 90.130067	  90.12968	 90.129318	 90.128979	 90.128664	 90.128369	 90.128093	 90.127836	 90.127596	 90.127372	 90.127162	 90.126966	 90.126782	 90.126611	  90.12645	 90.126299	 90.126157	 90.126023	 90.125897	 90.125778	 90.125665	 90.125558	 90.125455	 90.125357	 90.125263	 90.125172	 90.125084	 90.124997	 90.124912	 90.124829	
        99	 98.836845	 98.673756	   98.5108	 98.348043	 98.185551	  98.02339	 97.861624	 97.700319	 97.539539	 97.379347	 97.219807	 97.060979	 96.902926	 96.745708	 96.589384	 96.434012	 96.279649	 96.126352	 95.974174	  95.82317	  95.67339	 95.524887	 95.377708	 95.231901	 95.087514	 94.944588	 94.803169	 94.663296	  94.52501	 94.388347	 94.253344	 94.120035	 93.988453	 93.858627	 93.730587	 93.604359	 93.479969	 93.357439	 93.236791	 93.118044	 93.001217	 92.886324	  92.77338	 92.662397	 92.553385	 92.446353	 92.341308	 92.238255	 92.137196	 92.038135	 91.941071	 91.846002	 91.752925	 91.661836	 91.572729	 91.485595	 91.400427	 91.317213	 91.235942	   91.1566	 91.079174	 91.003647	 90.930004	 90.858227	 90.788296	 90.720193	 90.653895	 90.589383	 90.526632	  90.46562	 90.406323	 90.348717	 90.292775	 90.238471	  90.18578	 90.134674	 90.085126	 90.037107	 89.990589	 89.945545	 89.901944	 89.859759	 89.818958	 89.779514	 89.741397	 89.704576	 89.669022	 89.634706	 89.601599	 89.569669	 89.538889	 89.509228	 89.480659	 89.453151	 89.426676	 89.401205	 89.376712	 89.353167	 89.330543	 89.308813	  89.28795	 89.267927	  89.24872	 89.230301	 89.212646	  89.19573	 89.179529	 89.164018	 89.149175	 89.134976	 89.121399	 89.108422	 89.096024	 89.084183	 89.072879	 89.062092	 89.051803	 89.041993	 89.032643	 89.023735	 89.015252	 89.007176	 88.999492	 88.992184	 88.985235	 88.978631	 88.972357	 88.966399	 88.960744	 88.955378	 88.950289	 88.945464	 88.940892	 88.936561	 88.932459	 88.928577	 88.924904	  88.92143	 88.918146	 88.915043	 88.912111	 88.909343	  88.90673	 88.904266	 88.901941	  88.89975	 88.897685	  88.89574	 88.893908	 88.892185	 88.890563	 88.889038	 88.887604	 88.886257	 88.884992	 88.883803	 88.882688	 88.881642	  88.88066	  88.87974	 88.878878	  88.87807	 88.877314	 88.876606	 88.875943	 88.875323	 88.874743	 88.874201	 88.873694	  88.87322	 88.872778	 88.872364	 88.871978	 88.871618	 88.871281	 88.870967	 88.870673	 88.870399	 88.870143	 88.869903	 88.869679	  88.86947	 88.869274	  88.86909	 88.868918	 88.868756	 88.868603	 88.868459	 88.868323	 88.868194	 88.868072	 88.867955	 88.867843	 88.867735	 88.867631	  88.86753	 88.867432	 88.867335	 88.867239	
        99	 98.816661	 98.633397	 98.450282	 98.267391	 98.084798	 97.902576	 97.720799	 97.539539	 97.358869	 97.178861	 96.999584	 96.821108	 96.643503	 96.466836	 96.291173	  96.11658	 95.943122	  95.77086	 95.599857	 95.430172	 95.261864	 95.094989	 94.929603	  94.76576	  94.60351	 94.442904	  94.28399	 94.126814	  93.97142	 93.817851	 93.666148	 93.516347	 93.368487	 93.222601	 93.078721	 92.936878	   92.7971	 92.659412	 92.523839	 92.390403	 92.259123	 92.130017	 92.003101	 91.878388	 91.755891	 91.635618	 91.517578	 91.401776	 91.288216	   91.1769	 91.067828	 90.960999	 90.856408	 90.754051	  90.65392	 90.556008	 90.460303	 90.366795	  90.27547	 90.186313	 90.099309	 90.014439	 89.931686	 89.851029	 89.772447	 89.695919	  89.62142	 89.548927	 89.478413	 89.409854	 89.343222	 89.278488	 89.215626	 89.154605	 89.095395	 89.037967	 88.982289	  88.92833	 88.876058	 88.825441	 88.776447	 88.729043	 88.683195	 88.638871	 88.596038	 88.554663	 88.514711	  88.47615	 88.438946	 88.403067	 88.368479	 88.335149	 88.303045	 88.272134	 88.242384	 88.213763	 88.186239	 88.159782	 88.134359	 88.109941	 88.086497	 88.063998	 88.042414	 88.021717	 88.001878	 87.982869	 87.964663	 87.947234	 87.930555	 87.914599	 87.899343	  87.88476	 87.870828	 87.857522	  87.84482	 87.832699	 87.821137	 87.810113	 87.799607	 87.789597	 87.780064	  87.77099	 87.762355	 87.754142	 87.746334	 87.738913	 87.731863	 87.725168	 87.718814	 87.712784	 87.707065	 87.701644	 87.696505	 87.691638	 87.687029	 87.682667	 87.678539	 87.674636	 87.670946	 87.667458	 87.664164	 87.661054	 87.658118	 87.655348	 87.652736	 87.650274	 87.647953	 87.645768	  87.64371	 87.641773	  87.63995	 87.638237	 87.636626	 87.635112	  87.63369	 87.632355	 87.631101	 87.629926	 87.628823	 87.627789	  87.62682	 87.625912	 87.625062	 87.624267	 87.623522	 87.622825	 87.622173	 87.621564	 87.620995	 87.620462	 87.619965	 87.619501	 87.619067	 87.618662	 87.618283	  87.61793	   87.6176	 87.617292	 87.617004	 87.616735	 87.616483	 87.616248	 87.616028	 87.615821	 87.615627	 87.615445	 87.615274	 87.615112	 87.614959	 87.614815	 87.614677	 87.614546	  87.61442	 87.614299	 87.614182	 87.614069	 87.613958	 87.613849	 87.613741	
        99	 98.796552	 98.593186	 98.389986	 98.187035	 97.984413	 97.782204	 97.580489	 97.379347	 97.178861	 96.979108	 96.780166	 96.582115	 96.385029	 96.188983	 95.994053	  95.80031	 95.607825	 95.416669	 95.226909	 95.038613	 94.851843	 94.666665	 94.483139	 94.301324	 94.121277	 93.943055	  93.76671	 93.592294	 93.419856	 93.249443	   93.0811	 92.914869	  92.75079	 92.588902	 92.429241	  92.27184	 92.116729	 91.963939	 91.813496	 91.665424	 91.519744	 91.376477	  91.23564	 91.097249	 90.961315	  90.82785	 90.696863	 90.568359	 90.442343	 90.318817	 90.197782	 90.079234	 89.963171	 89.849587	 89.738474	 89.629822	  89.52362	 89.419855	 89.318513	 89.219577	 89.123029	  89.02885	  88.93702	 88.847517	 88.760316	 88.675393	 88.592723	 88.512278	  88.43403	 88.357951	  88.28401	 88.212177	 88.142419	 88.074705	 88.009001	 87.945274	 87.883489	 87.823611	 87.765606	 87.709437	 87.655068	 87.602464	 87.551588	 87.502403	 87.454871	 87.408957	 87.364623	 87.321833	 87.280549	 87.240734	 87.202352	 87.165367	 87.129741	  87.09544	 87.062426	 87.030666	 87.000123	 86.970763	 86.942552	 86.915456	  86.88944	 86.864473	 86.840522	 86.817555	  86.79554	 86.774446	 86.754244	 86.734902	 86.716393	 86.698688	 86.681758	 86.665576	 86.650116	 86.635351	 86.621255	 86.607805	 86.594975	 86.582742	 86.571082	 86.559974	 86.549396	 86.539327	 86.529745	 86.520631	 86.511966	 86.503731	 86.495908	 86.488479	 86.481427	 86.474737	 86.468391	 86.462374	 86.456672	 86.451271	 86.446157	 86.441316	 86.436736	 86.432404	 86.428309	 86.424439	 86.420784	 86.417332	 86.414074	 86.411001	 86.408102	  86.40537	 86.402795	 86.400369	 86.398086	 86.395936	 86.393914	 86.392012	 86.390225	 86.388545	 86.386967	 86.385485	 86.384095	  86.38279	 86.381566	 86.380419	 86.379344	 86.378336	 86.377393	  86.37651	 86.375684	  86.37491	 86.374187	 86.373511	 86.372879	 86.372288	 86.371737	 86.371221	  86.37074	  86.37029	  86.36987	 86.369478	 86.369112	  86.36877	 86.368451	 86.368152	 86.367873	 86.367612	 86.367367	 86.367138	 86.366923	 86.366721	 86.366531	 86.366352	 86.366182	 86.366021	 86.365869	 86.365723	 86.365583	 86.365449	 86.365319	 86.365193	  86.36507	  86.36495	  86.36483	
        99	 98.776524	 98.553138	 98.329935	 98.107004	 97.884437	 97.662322	 97.440749	 97.219807	 96.999584	 96.780166	 96.561641	 96.344093	 96.127605	 95.912261	 95.698141	 95.485325	 95.273892	 95.063918	 94.855478	 94.648645	  94.44349	 94.240082	 94.038489	 93.838775	 93.641005	 93.445238	 93.251534	 93.059948	 92.870535	 92.683346	  92.49843	 92.315835	 92.135604	  91.95778	 91.782401	 91.609505	 91.439125	 91.271294	 91.106041	 90.943392	 90.783371	 90.626001	 90.471299	 90.319284	 90.169969	 90.023366	 89.879483	 89.738329	 89.599908	 89.464222	 89.331272	 89.201054	 89.073566	   88.9488	 88.826748	   88.7074	 88.590744	 88.476764	 88.365445	  88.25677	 88.150718	 88.047268	 87.946398	 87.848084	 87.752298	 87.659016	 87.568207	 87.479843	 87.393893	 87.310324	 87.229104	 87.150199	 87.073575	 86.999194	 86.927022	 86.857022	 86.789154	 86.723382	 86.659667	 86.597969	 86.538248	 86.480466	 86.424581	 86.370554	 86.318343	 86.267909	 86.219211	 86.172208	  86.12686	 86.083126	 86.040965	 86.000339	 85.961206	 85.923528	 85.887265	 85.852378	 85.818829	 85.786579	  85.75559	 85.725826	  85.69725	 85.669825	 85.643516	 85.618288	 85.594106	 85.570935	 85.548744	 85.527499	 85.507168	 85.487719	 85.469123	 85.451348	 85.434366	 85.418147	 85.402664	  85.38789	 85.373796	 85.360359	 85.347552	 85.335351	 85.323731	  85.31267	 85.302145	 85.292134	 85.282616	 85.273571	 85.264977	 85.256817	 85.249071	 85.241722	 85.234751	 85.228142	 85.221879	 85.215947	 85.210329	 85.205011	  85.19998	 85.195222	 85.190724	 85.186473	 85.182458	 85.178666	 85.175088	 85.171712	 85.168528	 85.165526	 85.162698	 85.160034	 85.157525	 85.155164	 85.152943	 85.150854	  85.14889	 85.147045	 85.145312	 85.143684	 85.142157	 85.140724	 85.139379	 85.138119	 85.136938	 85.135832	 85.134796	 85.133826	 85.132918	 85.132068	 85.131274	 85.130531	 85.129837	 85.129188	 85.128582	 85.128016	 85.127487	 85.126993	 85.126532	 85.126102	   85.1257	 85.125324	 85.124973	 85.124645	 85.124338	 85.124052	 85.123783	 85.123531	 85.123295	 85.123073	 85.122864	 85.122667	 85.122481	 85.122304	 85.122137	 85.121976	 85.121823	 85.121676	 85.121533	 85.121395	  85.12126	 85.121127	 85.120996	
        99	 98.756585	  98.51327	 98.270152	 98.027332	 97.784907	 97.542975	 97.301634	 97.060979	 96.821108	 96.582115	 96.344093	 96.107135	 95.871332	 95.636775	 95.403552	 95.171749	 94.941452	 94.712744	 94.485707	  94.26042	 94.036961	 93.815406	 93.595827	 93.378295	  93.16288	 92.949647	  92.73866	 92.529981	 92.323669	 92.119779	 91.918365	 91.719479	 91.523168	 91.329478	 91.138452	  90.95013	  90.76455	 90.581745	 90.401748	 90.224587	  90.05029	 89.878879	 89.710376	 89.544798	 89.382161	 89.222478	 89.065758	 88.912011	  88.76124	 88.613448	 88.468636	   88.3268	 88.187937	  88.05204	 87.919099	 87.789103	 87.662038	 87.537889	 87.416639	 87.298268	 87.182754	 87.070074	 86.960205	 86.853119	 86.748788	 86.647182	 86.548272	 86.452024	 86.358405	 86.267381	 86.178914	  86.09297	 86.009508	 85.928492	 85.849881	 85.773635	 85.699713	 85.628072	 85.558672	 85.491469	 85.426421	 85.363483	 85.302612	 85.243765	 85.186896	 85.131962	 85.078919	 85.027723	 84.978329	 84.930692	 84.884771	  84.84052	 84.797896	 84.756856	 84.717357	 84.679358	 84.642815	 84.607688	 84.573935	 84.541515	 84.510389	 84.480518	 84.451861	 84.424382	 84.398042	 84.372805	 84.348634	 84.325493	 84.303348	 84.282165	 84.261909	 84.242548	 84.224051	 84.206385	 84.189521	 84.173428	 84.158078	 84.143441	 84.129492	 84.116202	 84.103545	 84.091498	 84.080034	  84.06913	 84.058763	  84.04891	  84.03955	 84.030662	 84.022225	 84.014219	 84.006627	 83.999428	 83.992607	 83.986144	 83.980025	 83.974233	 83.968754	 83.963571	 83.958671	 83.954041	 83.949668	 83.945538	  83.94164	 83.937963	 83.934495	 83.931226	 83.928145	 83.925243	 83.922511	 83.919939	  83.91752	 83.915244	 83.913106	 83.911096	 83.909208	 83.907435	 83.905771	  83.90421	 83.902746	 83.901373	 83.900087	 83.898882	 83.897753	 83.896697	 83.895708	 83.894783	 83.893918	 83.893109	 83.892352	 83.891646	 83.890986	 83.890369	 83.889793	 83.889255	 83.888753	 83.888284	 83.887846	 83.887437	 83.887054	 83.886697	 83.886363	 83.886051	 83.885758	 83.885484	 83.885227	 83.884985	 83.884757	 83.884543	  83.88434	 83.884148	 83.883965	  83.88379	 83.883623	 83.883463	 83.883308	 83.883157	  83.88301	 83.882865	 83.882723	
        99	 98.736744	 98.473596	 98.210661	 97.948048	 97.685863	  97.42421	 97.163197	 96.902926	 96.643503	 96.385029	 96.127605	 95.871332	 95.616309	 95.362633	 95.110399	 94.859701	 94.610633	 94.363282	 94.117739	 93.874089	 93.632415	   93.3928	 93.155323	  92.92006	 92.687086	 92.456472	 92.228287	 92.002599	 91.779469	  91.55896	 91.341129	 91.126031	 90.913718	 90.704241	 90.497644	 90.293972	 90.093264	 89.895558	 89.700889	 89.509288	 89.320784	 89.135401	 88.953162	 88.774088	 88.598194	 88.425495	 88.256001	 88.089721	  87.92666	 87.766822	 87.610206	 87.456809	 87.306627	 87.159653	 87.015875	 86.875283	 86.737861	 86.603593	 86.472459	 86.344439	 86.219509	 86.097645	  85.97882	 85.863005	  85.75017	 85.640283	  85.53331	 85.429217	 85.327967	 85.229522	 85.133845	 85.040895	 84.950631	 84.863011	 84.777992	 84.695531	 84.615583	 84.538103	 84.463046	 84.390365	 84.320015	 84.251947	 84.186114	  84.12247	 84.060966	 84.001554	 83.944188	 83.888818	 83.835398	 83.783879	 83.734214	 83.686356	 83.640257	 83.595872	 83.553154	 83.512057	 83.472536	 83.434545	 83.398041	 83.362979	 83.329316	 83.297009	 83.266017	 83.236298	 83.207811	 83.180517	 83.154375	 83.129349	 83.105399	 83.082488	 83.060581	 83.039643	 83.019637	 83.000532	 82.982293	 82.964888	 82.948287	 82.932457	  82.91737	 82.902997	 82.889309	  82.87628	 82.863881	 82.852088	 82.840876	  82.83022	 82.820097	 82.810485	  82.80136	 82.792702	  82.78449	 82.776705	 82.769328	 82.762339	 82.755721	 82.749457	  82.74353	 82.737925	 82.732626	 82.727619	 82.722889	 82.718423	 82.714207	  82.71023	 82.706479	 82.702944	 82.699612	 82.696473	 82.693518	 82.690737	  82.68812	  82.68566	 82.683346	 82.681173	 82.679131	 82.677214	 82.675414	 82.673726	 82.672142	 82.670658	 82.669267	 82.667963	 82.666743	   82.6656	 82.664531	  82.66353	 82.662594	 82.661719	 82.660902	 82.660137	 82.659423	 82.658756	 82.658134	 82.657552	 82.657009	 82.656501	 82.656028	 82.655585	 82.655172	 82.654785	 82.654424	 82.654086	  82.65377	 82.653473	 82.653195	 82.652934	 82.652687	 82.652455	 82.652236	 82.652028	  82.65183	 82.651642	 82.651461	 82.651287	  82.65112	 82.650957	 82.650798	 82.650641	 82.650487	
        99	 98.717008	 98.434131	 98.151484	 97.869183	 97.587341	 97.306073	 97.025491	 96.745708	 96.466836	 96.188983	 95.912261	 95.636775	 95.362633	 95.089938	 94.818794	 94.549302	  94.28156	 94.015666	 93.751715	 93.489798	 93.230006	 92.972427	 92.717146	 92.464245	 92.213805	 91.965902	  91.72061	 91.478001	 91.238144	 91.001103	 90.766941	 90.535717	 90.307487	 90.082305	  89.86022	 89.641278	 89.425523	 89.212996	 89.003732	 88.797767	  88.59513	 88.395849	 88.199948	 88.007448	 87.818367	 87.632721	  87.45052	 87.271774	 87.096489	 86.924667	 86.756309	 86.591413	 86.429972	 86.271978	 86.117422	 85.966289	 85.818565	  85.67423	 85.533265	 85.395648	 85.261352	 85.130352	 85.002618	 84.878121	 84.756826	 84.638701	 84.523708	 84.411811	  84.30297	 84.197146	 84.094295	 83.994377	 83.897345	 83.803156	 83.711764	  83.62312	 83.537179	  83.45389	 83.373206	 83.295077	 83.219452	 83.146281	 83.075513	 83.007097	 82.940982	 82.877116	 82.815449	 82.755928	 82.698503	 82.643121	 82.589733	 82.538287	 82.488733	  82.44102	   82.3951	 82.350922	 82.308437	 82.267598	 82.228357	 82.190667	  82.15448	 82.119751	 82.086436	 82.054489	 82.023866	 81.994525	 81.966424	 81.939521	 81.913775	 81.889148	 81.865598	  81.84309	 81.821585	 81.801047	 81.781441	 81.762731	 81.744885	 81.727869	 81.711651	   81.6962	 81.681486	 81.667479	 81.654151	 81.641475	 81.629422	 81.617967	 81.607085	 81.596752	 81.586943	 81.577636	 81.568809	  81.56044	 81.552509	 81.544996	 81.537882	 81.531149	 81.524778	 81.518753	 81.513056	 81.507674	 81.502589	 81.497788	 81.493256	 81.488981	 81.484949	 81.481148	 81.477567	 81.474193	 81.471016	 81.468027	 81.465214	 81.462569	 81.460082	 81.457745	  81.45555	 81.453489	 81.451555	  81.44974	 81.448038	 81.446442	 81.444947	 81.443546	 81.442233	 81.441005	 81.439856	  81.43878	 81.437774	 81.436834	 81.435955	 81.435133	 81.434365	 81.433649	 81.432979	 81.432354	  81.43177	 81.431224	 81.430715	 81.430239	 81.429795	  81.42938	 81.428991	 81.428628	 81.428288	 81.427969	  81.42767	 81.427389	 81.427124	 81.426875	 81.426639	 81.426416	 81.426203	    81.426	 81.425806	  81.42562	 81.425439	 81.425264	 81.425093	 81.424925	 81.424759	
        99	 98.697384	 98.394891	 98.092644	 97.790766	  97.48938	 97.188607	 96.888568	 96.589384	 96.291173	 95.994053	 95.698141	 95.403552	 95.110399	 94.818794	 94.528848	 94.240668	 93.954359	 93.670027	 93.387771	 93.107692	 92.829885	 92.554444	  92.28146	 92.011022	 91.743215	 91.478121	  91.21582	 90.956387	 90.699897	 90.446418	 90.196018	  89.94876	 89.704704	 89.463906	  89.22642	 88.992296	  88.76158	 88.534314	 88.310539	 88.090291	 87.873602	 87.660502	 87.451016	 87.245168	 87.042975	 86.844455	 86.649619	 86.458478	 86.271038	 86.087301	 85.907269	 85.730937	 85.558301	 85.389352	 85.224077	 85.062465	 84.904496	 84.750153	 84.599413	 84.452252	 84.308643	 84.168559	 84.031968	 83.898837	 83.769131	 83.642814	 83.519847	  83.40019	 83.283802	 83.170639	 83.060657	 82.953809	 82.850049	 82.749329	 82.651598	 82.556808	 82.464907	 82.375843	 82.289564	 82.206016	 82.125147	 82.046902	 81.971226	 81.898066	 81.827367	 81.759072	 81.693129	  81.62948	 81.568073	 81.508851	  81.45176	 81.396747	 81.343756	 81.292735	  81.24363	 81.196388	 81.150958	 81.107287	 81.065325	 81.025021	 80.986325	 80.949188	 80.913562	 80.879399	 80.846653	 80.815278	 80.785228	 80.756459	 80.728928	 80.702593	  80.67741	 80.653341	 80.630345	 80.608383	 80.587417	  80.56741	 80.548326	  80.53013	 80.512787	 80.496265	 80.480531	 80.465553	 80.451301	 80.437745	 80.424856	 80.412607	 80.400971	 80.389921	 80.379432	 80.369479	  80.36004	 80.351091	  80.34261	 80.334576	 80.326969	 80.319768	 80.312956	 80.306513	 80.300421	 80.294665	 80.289228	 80.284094	 80.279248	 80.274677	 80.270365	 80.266301	 80.262471	 80.258863	 80.255466	 80.252269	 80.249261	 80.246433	 80.243773	 80.241275	 80.238928	 80.236724	 80.234655	 80.232714	 80.230894	 80.229188	 80.227589	  80.22609	 80.224687	 80.223374	 80.222144	 80.220994	 80.219919	 80.218913	 80.217973	 80.217094	 80.216274	 80.215507	 80.214791	 80.214122	 80.213498	 80.212915	  80.21237	 80.211861	 80.211386	 80.210942	 80.210527	 80.210139	 80.209775	 80.209434	 80.209114	 80.208813	 80.208531	 80.208264	 80.208012	 80.207772	 80.207545	 80.207328	 80.207121	 80.206921	 80.206728	 80.206541	 80.206358	 80.206179	 80.206001	
        99	 98.677879	 98.355889	 98.034162	 97.712827	 97.392016	 97.071857	  96.75248	 96.434012	  96.11658	  95.80031	 95.485325	 95.171749	 94.859701	 94.549302	 94.240668	 93.933913	 93.629151	 93.326493	 93.026045	 92.727914	 92.432201	 92.139007	 91.848429	  91.56056	 91.275492	 90.993311	 90.714104	  90.43795	 90.164928	 89.895112	 89.628573	 89.365378	 89.105592	 88.849274	 88.596481	 88.347267	  88.10168	 87.859767	 87.621569	 87.387125	  87.15647	 86.929635	 86.706647	  86.48753	 86.272306	 86.060991	 85.853597	 85.650137	 85.450615	 85.255036	   85.0634	 84.875703	  84.69194	 84.512101	 84.336175	 84.164145	 83.995995	 83.831704	 83.671248	 83.514602	 83.361738	 83.212624	 83.067229	 82.925518	 82.787452	 82.652993	 82.522101	 82.394732	 82.270842	 82.150386	 82.033314	  81.91958	 81.809133	  81.70192	 81.597891	 81.496991	 81.399167	 81.304362	 81.212522	 81.123589	 81.037508	  80.95422	 80.873667	 80.795791	 80.720535	 80.647839	 80.577645	 80.509894	 80.444529	  80.38149	  80.32072	  80.26216	 80.205754	 80.151444	 80.099174	 80.048888	 80.000529	 79.954044	 79.909377	 79.866475	 79.825285	 79.785754	 79.747832	 79.711468	 79.676611	 79.643214	 79.611227	 79.580604	 79.551299	 79.523265	  79.49646	 79.470839	 79.446361	 79.422983	 79.400666	  79.37937	 79.359056	 79.339687	 79.321227	 79.303639	 79.286891	 79.270948	 79.255777	 79.241347	 79.227628	 79.214589	 79.202203	 79.190441	 79.179276	 79.168682	 79.158634	 79.149108	 79.140081	 79.131529	 79.123432	 79.115767	 79.108515	 79.101657	 79.095173	 79.089046	 79.083258	 79.077793	 79.072635	 79.067769	 79.063179	 79.058853	 79.054776	 79.050936	  79.04732	 79.043917	 79.040715	 79.037704	 79.034874	 79.032214	 79.029716	  79.02737	 79.025168	 79.023102	 79.021165	 79.019348	 79.017646	 79.016051	 79.014557	 79.013159	 79.011851	 79.010626	 79.009482	 79.008411	  79.00741	 79.006475	 79.005602	 79.004785	 79.004023	 79.003311	 79.002647	 79.002026	 79.001446	 79.000905	 79.000399	 78.999926	 78.999484	 78.999071	 78.998684	 78.998321	  78.99798	 78.997661	 78.997359	 78.997075	 78.996807	 78.996552	 78.996311	  78.99608	 78.995859	 78.995646	 78.995441	 78.995242	 78.995047	 78.994856	 78.994667	
        99	 98.658501	 98.317141	  97.97606	 97.635395	 97.295284	 96.955865	 96.617275	 96.279649	 95.943122	 95.607825	 95.273892	 94.941452	 94.610633	  94.28156	 93.954359	 93.629151	 93.306056	  92.98519	 92.666668	 92.350602	   92.0371	 91.726269	  91.41821	 91.113024	 90.810807	 90.511651	 90.215647	 89.922881	 89.633435	 89.347387	 89.064814	 88.785786	 88.510372	 88.238634	 87.970634	 87.706428	 87.446067	 87.189601	 86.937074	 86.688527	 86.443996	 86.203515	 85.967113	 85.734815	 85.506643	 85.282616	 85.062746	 84.847046	 84.635522	 84.428177	 84.225012	 84.026025	 83.831207	 83.640549	  83.45404	 83.271661	 83.093396	 82.919221	 82.749113	 82.583043	 82.420983	   82.2629	 82.108758	 81.958521	  81.81215	 81.669603	 81.530836	 81.395805	 81.264463	  81.13676	 81.012646	  80.89207	 80.774978	 80.661316	 80.551028	 80.444059	 80.340349	 80.239842	 80.142477	 80.048194	 79.956934	 79.868635	 79.783237	 79.700677	 79.620893	 79.543824	 79.469407	 79.397581	 79.328283	 79.261452	 79.197026	 79.134944	 79.075144	 79.017568	 78.962153	 78.908842	 78.857574	 78.808292	 78.760938	 78.715455	 78.671787	 78.629879	 78.589675	 78.551123	  78.51417	 78.478763	 78.444852	 78.412387	 78.381319	 78.351599	 78.323181	 78.296019	 78.270068	 78.245284	 78.221624	 78.199047	 78.177511	 78.156977	 78.137406	 78.118761	 78.101005	 78.084103	 78.068019	 78.052721	 78.038177	 78.024354	 78.011222	 77.998753	 77.986916	 77.975685	 77.965033	 77.954934	 77.945363	 77.936297	 77.927712	 77.919587	 77.911899	 77.904628	 77.897754	 77.891258	 77.885122	 77.879328	  77.87386	 77.868701	 77.863836	 77.859249	 77.854927	 77.850856	 77.847022	 77.843414	  77.84002	 77.836828	 77.833827	 77.831007	 77.828359	 77.825872	 77.823537	 77.821347	 77.819293	 77.817368	 77.815563	 77.813872	 77.812289	 77.810806	 77.809419	 77.808121	 77.806907	 77.805773	 77.804712	  77.80372	 77.802794	 77.801929	 77.801121	 77.800366	 77.799661	 77.799003	 77.798389	 77.797815	 77.797279	 77.796778	 77.796309	 77.795871	  77.79546	 77.795075	 77.794714	 77.794375	 77.794056	 77.793755	  77.79347	 77.793201	 77.792944	 77.792699	 77.792465	  77.79224	 77.792022	 77.791811	 77.791604	 77.791402	 77.791202	
