Time step 48:
        99	        99	        99	        99	        99	        99	        99	        99	        99	        99	        99	        99	        99	        99	        99	        99	        99	        99	        99	        99	        99	        99	        99	        99	        99	        99	        99	        99	        99	        99	        99	        99	        99	        99	        99	        99	        99	        99	        99	        99	        99	        99	        99	        99	        99	        99	        99	        99	        99	        99	        99	        99	        99	        99	        99	        99	        99	        99	        99	        99	        99	        99	        99	        99	        99	        99	        99	        99	        99	        99	        99	        99	        99	        99	        99	        99	        99	        99	        99	        99	        99	        99	        99	        99	        99	        99	        99	        99	        99	        99	        99	        99	        99	        99	        99	        99	        99	        99	        99	        99	        99	        99	        99	        99	        99	        99	        99	        99	        99	        99	        99	        99	        99	        99	        99	        99	        99	        99	        99	        99	        99	        99	        99	        99	        99	        99	        99	        99	        99	        99	        99	        99	        99	        99	        99	        99	        99	        99	        99	        99	        99	        99	        99	        99	        99	        99	        99	        99	        99	        99	        99	        99	        99	        99	        99	        99	        99	        99	        99	        99	        99	        99	        99	        99	        99	        99	        99	        99	        99	        99	        99	        99	        99	        99	        99	        99	        99	        99	        99	        99	        99	        99	        99	        99	        99	        99	        99	        99	        99	        99	        99	        99	        99	        99	        99	        99	        99	        99	        99	        99	
        99	 98.986772	 98.973547	 98.960329	 98.947122	 98.933928	 98.920752	 98.907597	 98.894466	 98.881362	  98.86829	 98.855252	 98.842251	 98.829291	 98.816376	 98.803508	 98.790691	 98.777928	 98.765221	 98.752575	 98.739992	 98.727474	 98.715026	  98.70265	 98.690348	 98.678123	 98.665979	 98.653918	 98.641941	 98.630053	 98.618255	  98.60655	  98.59494	 98.583427	 98.572014	 98.560702	 98.549494	 98.538392	 98.527397	 98.516512	 98.505737	 98.495076	 98.484529	 98.474097	 98.463783	 98.453588	 98.443513	 98.433558	 98.423727	 98.414018	 98.404434	 98.394975	 98.385642	 98.376436	 98.367357	 98.358407	 98.349585	 98.340892	 98.332328	 98.323894	  98.31559	 98.307416	 98.299372	 98.291458	 98.283674	 98.276021	 98.268497	 98.261102	 98.253837	   98.2467	 98.239692	 98.232811	 98.226058	 98.219432	 98.212932	 98.206556	 98.200306	 98.194179	 98.188175	 98.182293	 98.176532	 98.170891	 98.165369	 98.159964	 98.154677	 98.149505	 98.144447	 98.139502	  98.13467	 98.129947	 98.125334	 98.120829	 98.116431	 98.112138	 98.107948	 98.103861	 98.099874	 98.095987	 98.092198	 98.088506	 98.084908	 98.081403	 98.077991	 98.074669	 98.071435	 98.068289	 98.065229	 98.062252	 98.059358	 98.056546	 98.053812	 98.051157	 98.048578	 98.046074	 98.043643	 98.041284	 98.038995	 98.036775	 98.034622	 98.032535	 98.030512	 98.028552	 98.026654	 98.024815	 98.023035	 98.021312	 98.019644	 98.018031	  98.01647	 98.014962	 98.013503	 98.012094	 98.010732	 98.009416	 98.008145	 98.006919	 98.005735	 98.004592	  98.00349	 98.002427	 98.001402	 98.000414	 97.999461	 97.998543	 97.997659	 97.996808	 97.995988	 97.995199	 97.994439	 97.993708	 97.993005	 97.992328	 97.991678	 97.991052	 97.990451	 97.989873	 97.989318	 97.988784	 97.988272	  97.98778	 97.987307	 97.986853	 97.986417	 97.985999	 97.985597	 97.985211	 97.984841	 97.984485	 97.984144	 97.983816	 97.983502	 97.983199	 97.982909	  97.98263	 97.982362	 97.982104	 97.981856	 97.981618	 97.981388	 97.981167	 97.980954	 97.980748	 97.980549	 97.980357	 97.980172	 97.979992	 97.979817	 97.979648	 97.979483	 97.979322	 97.979166	 97.979012	 97.978862	 97.978715	  97.97857	 97.978428	 97.978287	 97.978147	 97.978009	 97.977871	
        99	 98.973547	 98.947101	 98.920669	 98.894258	 98.867874	 98.841525	 98.815218	 98.788959	 98.762756	 98.736614	 98.710541	 98.684544	 98.658628	 98.632801	 98.607068	 98.581437	 98.555914	 98.530505	 98.505215	 98.480052	 98.455021	 98.430127	 98.405378	 98.380777	 98.356332	 98.332046	 98.307926	 98.283977	 98.260204	 98.236611	 98.213204	 98.189987	 98.166964	 98.144141	  98.12152	 98.099107	 98.076905	 98.054919	 98.033151	 98.011605	 97.990284	 97.969193	 97.948333	 97.927707	  97.90732	 97.887171	 97.867266	 97.847605	  97.82819	 97.809024	 97.790109	 97.771446	 97.753036	 97.734881	 97.716982	 97.699341	 97.681957	 97.664832	 97.647966	  97.63136	 97.615014	 97.598928	 97.583103	 97.567537	 97.552232	 97.537185	 97.522398	 97.507869	 97.493598	 97.479583	 97.465824	  97.45232	 97.439069	  97.42607	 97.413322	 97.400822	  97.38857	 97.376564	 97.364801	 97.353281	    97.342	 97.330957	  97.32015	 97.309576	 97.299233	 97.289119	 97.279231	 97.269567	 97.260124	 97.250899	  97.24189	 97.233094	 97.224509	 97.216131	 97.207957	 97.199986	 97.192213	 97.184635	 97.177251	 97.170056	 97.163049	 97.156224	 97.149581	 97.143115	 97.136823	 97.130703	 97.124751	 97.118964	  97.11334	 97.107874	 97.102564	 97.097406	 97.092399	 97.087538	  97.08282	 97.078243	 97.073804	 97.069499	 97.065325	  97.06128	 97.057361	 97.053564	 97.049887	 97.046327	 97.042881	 97.039546	  97.03632	   97.0332	 97.030182	 97.027266	 97.024447	 97.021723	 97.019092	 97.016552	 97.014099	 97.011731	 97.009447	 97.007242	 97.005116	 97.003067	  97.00109	 96.999186	  96.99735	 96.995582	 96.993879	  96.99224	 96.990661	 96.989142	  96.98768	 96.986274	 96.984921	  96.98362	  96.98237	 96.981168	 96.980012	 96.978902	 96.977835	  96.97681	 96.975826	  96.97488	 96.973973	 96.973101	 96.972264	 96.971461	 96.970689	 96.969949	 96.969238	 96.968555	   96.9679	 96.967271	 96.966666	 96.966086	 96.965528	 96.964992	 96.964477	 96.963981	 96.963504	 96.963045	 96.962602	 96.962176	 96.961764	 96.961367	 96.960983	 96.960611	 96.960252	 96.959903	 96.959564	 96.959234	 96.958913	   96.9586	 96.958293	 96.957993	 96.957699	  96.95741	 96.957124	 96.956842	 96.956563	 96.956286	 96.956011	
        99	 98.960329	 98.920669	  98.88103	 98.841421	 98.801855	  98.76234	 98.722888	 98.683509	 98.644212	 98.605008	 98.565907	 98.526919	 98.488054	 98.449322	 98.410732	 98.372294	 98.334017	 98.295911	 98.257985	 98.220249	  98.18271	 98.145378	 98.108262	 98.071369	 98.034709	 97.998289	 97.962117	 97.926201	 97.890549	 97.855168	 97.820064	 97.785246	  97.75072	 97.716492	 97.682569	 97.648957	 97.615661	 97.582689	 97.550044	 97.517732	 97.485758	 97.454128	 97.422845	 97.391914	 97.361338	 97.331123	 97.301271	 97.271786	 97.242671	 97.213928	 97.185561	 97.157573	 97.129964	 97.102738	 97.075895	 97.049439	 97.023369	 96.997687	 96.972394	  96.94749	 96.922977	 96.898853	  96.87512	 96.851777	 96.828823	 96.806259	 96.784083	 96.762295	 96.740892	 96.719875	 96.699241	 96.678989	 96.659117	 96.639623	 96.620504	 96.601759	 96.583385	  96.56538	  96.54774	 96.530463	 96.513545	 96.496984	 96.480777	  96.46492	 96.449409	 96.434241	 96.419412	 96.404919	 96.390757	 96.376923	 96.363413	 96.350222	 96.337347	 96.324783	 96.312525	  96.30057	 96.288913	  96.27755	 96.266476	 96.255686	 96.245177	 96.234943	  96.22498	 96.215283	 96.205847	 96.196669	 96.187743	 96.179065	  96.17063	 96.162433	 96.154469	 96.146735	 96.139225	 96.131935	 96.124861	 96.117997	 96.111339	 96.104883	 96.098624	 96.092557	 96.086679	 96.080985	 96.075471	 96.070132	 96.064964	 96.059963	 96.055125	 96.050446	 96.045921	 96.041547	  96.03732	 96.033235	  96.02929	  96.02548	 96.021801	 96.018251	 96.014824	 96.011519	  96.00833	 96.005256	 96.002293	 95.999436	 95.996684	 95.994032	 95.991479	  95.98902	 95.986652	 95.984374	 95.982182	 95.980073	 95.978044	 95.976093	 95.974218	 95.972415	 95.970682	 95.969017	 95.967417	  95.96588	 95.964404	 95.962986	 95.961625	 95.960318	 95.959063	 95.957858	 95.956701	  95.95559	 95.954524	 95.953501	 95.952518	 95.951574	 95.950668	 95.949797	 95.948961	 95.948157	 95.947384	  95.94664	 95.945925	 95.945236	 95.944573	 95.943933	 95.943316	  95.94272	 95.942145	 95.941587	 95.941048	 95.940524	 95.940016	 95.939522	  95.93904	 95.938571	 95.938111	 95.937661	  95.93722	 95.936786	 95.936358	 95.935935	 95.935517	 95.935101	 95.934688	
        99	 98.947122	 98.894258	 98.841421	 98.788627	 98.735887	 98.683218	 98.630631	 98.578141	 98.525761	 98.473505	 98.421387	 98.369419	 98.317615	 98.265987	  98.21455	 98.163315	 98.112295	 98.061503	 98.010951	 97.960651	 97.910614	 97.860854	  97.81138	 97.762205	  97.71334	 97.664795	  97.61658	 97.568707	 97.521186	 97.474025	 97.427235	 97.380825	 97.334804	 97.289181	 97.243964	 97.199162	 97.154781	 97.110831	 97.067318	 97.024249	  96.98163	 96.939469	 96.897771	 96.856543	 96.815788	 96.775513	 96.735723	 96.696421	 96.657613	 96.619301	 96.581491	 96.544184	 96.507384	 96.471093	 96.435314	 96.400049	   96.3653	 96.331068	 96.297354	  96.26416	 96.231485	  96.19933	 96.167696	 96.136581	 96.105986	 96.075909	  96.04635	 96.017308	  95.98878	 95.960766	 95.933262	 95.906268	  95.87978	 95.853795	 95.828312	 95.803326	 95.778835	 95.754835	 95.731322	 95.708293	 95.685744	 95.663669	 95.642066	  95.62093	 95.600255	 95.580037	 95.560272	 95.540953	 95.522077	 95.503637	 95.485629	 95.468047	 95.450885	 95.434137	 95.417799	 95.401864	 95.386326	  95.37118	 95.356419	 95.342037	 95.328029	 95.314388	 95.301108	 95.288182	 95.275606	 95.263372	 95.251474	 95.239907	 95.228663	 95.217737	 95.207123	 95.196814	 95.186804	 95.177087	 95.167657	 95.158508	 95.149633	 95.141027	 95.132685	 95.124599	 95.116764	 95.109174	 95.101824	 95.094708	 95.087819	 95.081153	 95.074705	 95.068467	 95.062436	 95.056606	 95.050971	 95.045527	 95.040268	  95.03519	 95.030286	 95.025554	 95.020986	  95.01658	 95.012331	 95.008233	 95.004283	 95.000475	 94.996807	 94.993272	 94.989868	 94.986591	 94.983436	 94.980399	 94.977477	 94.974666	 94.971962	 94.969361	 94.966861	 94.964458	 94.962148	 94.959929	 94.957796	 94.955748	  94.95378	  94.95189	 94.950076	 94.948333	  94.94666	 94.945054	 94.943513	 94.942032	 94.940611	 94.939247	 94.937937	 94.936679	 94.935471	 94.934311	 94.933196	 94.932124	 94.931094	 94.930103	 94.929149	 94.928231	 94.927347	 94.926494	 94.925672	 94.924878	  94.92411	 94.923367	 94.922648	 94.921951	 94.921273	 94.920614	 94.919972	 94.919346	 94.918734	 94.918134	 94.917546	 94.916967	 94.916397	 94.915833	 94.915276	 94.914722	 94.914171	
        99	 98.933928	 98.867874	 98.801855	 98.735887	  98.66999	 98.604178	 98.538471	 98.472884	 98.407435	 98.342141	 98.277019	 98.212084	 98.147355	 98.082846	 98.018574	 97.954556	 97.890806	 97.827341	 97.764176	 97.701325	 97.638805	 97.576629	 97.514811	 97.453367	 97.392309	 97.331651	 97.271407	 97.211589	 97.152211	 97.093283	 97.034819	 96.976829	 96.919326	 96.862319	 96.805821	  96.74984	 96.694386	  96.63947	   96.5851	 96.531285	 96.478033	 96.425352	  96.37325	 96.321734	 96.270812	 96.220488	 96.170769	 96.121662	  96.07317	   96.0253	 95.978055	  95.93144	 95.885458	 95.840112	 95.795406	 95.751343	 95.707923	  95.66515	 95.623025	 95.581548	  95.54072	 95.500543	 95.461015	 95.422137	 95.383908	 95.346328	 95.309394	 95.273105	 95.237459	 95.202455	 95.168089	 95.134359	 95.101262	 95.068795	 95.036953	 95.005733	 94.975131	 94.945143	 94.915764	 94.886989	 94.858813	 94.831231	 94.804238	 94.777827	 94.751994	 94.726732	 94.702034	 94.677896	  94.65431	  94.63127	 94.608768	 94.586799	 94.565355	 94.544429	 94.524014	 94.504103	 94.484689	 94.465763	 94.447319	 94.429349	 94.411846	 94.394801	 94.378207	 94.362057	 94.346343	 94.331056	  94.31619	 94.301736	 94.287687	 94.274035	 94.260773	 94.247891	 94.235384	 94.223242	 94.211459	 94.200027	 94.188939	 94.178186	 94.167762	 94.157658	 94.147869	 94.138385	 94.129201	 94.120309	 94.111702	 94.103373	 94.095315	 94.087522	 94.079986	 94.072701	  94.06566	 94.058858	 94.052286	 94.045941	 94.039814	   94.0339	 94.028194	 94.022689	 94.017379	 94.012258	 94.007322	 94.002565	 93.997981	 93.993565	 93.989312	 93.985216	 93.981274	 93.977479	 93.973828	 93.970316	 93.966937	 93.963688	 93.960564	 93.957561	 93.954675	 93.951902	 93.949237	 93.946678	 93.944219	 93.941858	  93.93959	 93.937413	 93.935323	 93.933316	  93.93139	  93.92954	 93.927764	  93.92606	 93.924423	 93.922851	 93.921342	 93.919892	 93.918498	 93.917159	 93.915872	 93.914634	 93.913443	 93.912295	  93.91119	 93.910125	 93.909097	 93.908105	 93.907146	 93.906218	 93.905319	 93.904448	 93.903601	 93.902778	 93.901976	 93.901194	 93.900429	 93.899679	 93.898944	 93.898221	 93.897508	 93.896804	 93.896107	 93.895415	 93.894727	
        99	 98.920752	 98.841525	  98.76234	 98.683218	 98.604178	 98.525243	 98.446431	 98.367765	 98.289265	  98.21095	  98.13284	 98.054957	 97.977318	 97.899945	 97.822856	 97.746071	 97.669609	 97.593487	 97.517725	 97.442341	 97.367353	 97.292777	 97.218632	 97.144934	   97.0717	 96.998946	 96.926688	 96.854941	 96.783721	 96.713042	 96.642918	 96.573364	 96.504394	 96.436019	 96.368253	 96.301108	 96.234596	 96.168728	 96.103515	 96.038968	 95.975097	 95.911911	 95.849419	 95.787629	 95.726551	 95.666192	 95.606558	 95.547658	 95.489496	 95.432079	 95.375413	 95.319501	 95.264349	 95.209961	  95.15634	 95.103489	 95.051411	 95.000108	 94.949581	 94.899833	 94.850864	 94.802674	 94.755264	 94.708633	  94.66278	 94.617705	 94.573405	  94.52988	 94.487126	 94.445141	 94.403922	 94.363465	 94.323768	 94.284826	 94.246634	 94.209188	 94.172484	 94.136515	 94.101277	 94.066764	 94.032969	 93.999887	  93.96751	 93.935833	 93.904848	 93.874548	 93.844925	 93.815973	 93.787684	 93.760048	  93.73306	 93.706709	 93.680989	  93.65589	 93.631404	 93.607522	 93.584236	 93.561536	 93.539414	 93.517861	 93.496866	 93.476423	  93.45652	 93.437149	 93.418301	 93.399966	 93.382135	 93.364799	 93.347949	 93.331574	 93.315666	 93.300216	 93.285214	 93.270652	 93.256519	 93.242807	 93.229507	  93.21661	 93.204107	 93.191989	 93.180247	 93.168872	 93.157857	 93.147191	 93.136868	 93.126878	 93.117213	 93.107865	 93.098827	 93.090089	 93.081644	 93.073485	 93.065603	 93.057992	 93.050644	 93.043551	 93.036706	 93.030103	 93.023734	 93.017593	 93.011673	 93.005966	 93.000468	 92.995171	  92.99007	 92.985158	 92.980429	 92.975878	 92.971499	 92.967286	 92.963233	 92.959336	  92.95559	 92.951988	 92.948526	   92.9452	 92.942004	 92.938934	 92.935985	 92.933153	 92.930433	 92.927822	 92.925315	 92.922908	 92.920597	 92.918379	 92.916249	 92.914204	 92.912241	 92.910356	 92.908545	 92.906806	 92.905135	 92.903529	 92.901985	   92.9005	 92.899071	 92.897695	  92.89637	 92.895092	 92.893859	 92.892669	 92.891519	 92.890406	 92.889328	 92.888282	 92.887267	  92.88628	 92.885318	 92.884379	 92.883462	 92.882563	 92.881681	 92.880814	 92.879959	 92.879115	 92.878279	 92.877449	 92.876623	
        99	 98.907597	 98.815218	 98.722888	 98.630631	 98.538471	 98.446431	 98.354538	 98.262813	 98.171281	 98.079965	 97.988889	 97.898077	  97.80755	 97.717333	 97.627447	 97.537916	  97.44876	 97.360002	 97.271663	 97.183765	 97.096328	 97.009373	  96.92292	 96.836988	 96.751597	 96.666765	 96.582512	 96.498855	 96.415812	   96.3334	 96.251636	 96.170536	 96.090116	 96.010391	 95.931375	 95.853084	 95.775531	 95.698729	 95.622691	 95.547429	 95.472954	 95.399279	 95.326413	 95.254367	 95.183149	  95.11277	 95.043237	 94.974559	 94.906742	 94.839794	 94.773721	 94.708528	 94.644221	 94.580804	 94.518281	 94.456657	 94.395934	 94.336114	   94.2772	 94.219193	 94.162095	 94.105906	 94.050625	 93.996253	 93.942789	 93.890231	 93.838578	 93.787827	 93.737976	 93.689021	  93.64096	 93.593787	   93.5475	 93.502093	 93.457562	   93.4139	 93.371102	 93.329163	 93.288075	 93.247832	 93.208428	 93.169853	 93.132102	 93.095167	 93.059038	 93.023708	 92.989168	  92.95541	 92.922424	 92.890201	 92.858733	 92.828008	 92.798018	 92.768752	 92.740202	 92.712356	 92.685204	 92.658736	 92.632941	  92.60781	  92.58333	 92.559493	 92.536286	   92.5137	 92.491723	 92.470344	 92.449554	  92.42934	 92.409692	 92.390599	 92.372051	 92.354036	 92.336543	 92.319563	 92.303085	 92.287097	 92.271589	 92.256551	 92.241972	 92.227842	 92.214151	 92.200888	 92.188044	 92.175608	 92.163571	 92.151923	 92.140653	 92.129754	 92.119215	 92.109027	  92.09918	 92.089666	 92.080477	 92.071602	 92.063034	 92.054763	 92.046782	 92.039083	 92.031657	 92.024496	 92.017593	  92.01094	 92.004529	 91.998353	 91.992405	 91.986677	 91.981163	 91.975857	  91.97075	 91.965838	 91.961113	 91.956569	   91.9522	 91.948001	 91.943964	 91.940086	 91.936359	 91.932779	 91.929341	 91.926039	 91.922868	 91.919823	   91.9169	 91.914093	 91.911399	 91.908812	 91.906329	 91.903945	 91.901656	 91.899457	 91.897346	 91.895319	  91.89337	 91.891497	 91.889697	 91.887965	 91.886299	 91.884695	  91.88315	  91.88166	 91.880222	 91.878835	 91.877493	 91.876196	 91.874939	  91.87372	 91.872536	 91.871385	 91.870263	 91.869169	 91.868099	 91.867051	 91.866023	 91.865012	 91.864015	  91.86303	 91.862055	 91.861088	 91.860125	
        99	 98.894466	 98.788959	 98.683509	 98.578141	 98.472884	 98.367765	 98.262813	 98.158053	 98.053513	 97.949221	 97.845203	 97.741485	 97.638094	 97.535057	 97.432398	 97.330143	 97.228317	 97.126946	 97.026054	 96.925665	 96.825803	 96.726491	 96.627752	 96.529608	 96.432082	 96.335196	 96.238969	 96.143424	  96.04858	 95.954457	 95.861073	 95.768449	   95.6766	 95.585545	 95.495301	 95.405885	  95.31731	 95.229594	  95.14275	 95.056793	 94.971735	  94.88759	  94.80437	 94.722085	 94.640747	 94.560366	 94.480953	 94.402515	 94.325061	 94.248599	 94.173136	 94.098679	 94.025233	 93.952804	 93.881397	 93.811015	 93.741662	 93.673342	 93.606056	 93.539806	 93.474594	 93.410419	 93.347283	 93.285185	 93.224123	 93.164096	 93.105102	 93.047139	 92.990204	 92.934292	 92.879401	 92.825525	  92.77266	 92.720801	 92.669941	 92.620074	 92.571195	 92.523296	 92.476369	 92.430408	 92.385403	 92.341347	 92.298232	 92.256047	 92.214784	 92.174433	 92.134985	  92.09643	 92.058756	 92.021955	 91.986014	 91.950923	 91.916671	 91.883247	 91.850639	 91.818836	 91.787825	 91.757596	 91.728136	 91.699433	 91.671475	  91.64425	 91.617746	  91.59195	 91.566849	 91.542433	 91.518688	 91.495601	 91.473161	 91.451355	 91.430171	 91.409596	 91.389618	 91.370225	 91.351404	 91.333144	 91.315433	 91.298258	 91.281607	 91.265469	 91.249832	 91.234685	 91.220015	 91.205812	 91.192065	 91.178761	  91.16589	 91.153442	 91.141405	 91.129769	 91.118523	 91.107658	 91.097162	 91.087026	  91.07724	 91.067795	  91.05868	 91.049886	 91.041405	 91.033226	 91.025342	 91.017743	 91.010421	 91.003368	 90.996574	 90.990033	 90.983736	 90.977675	 90.971843	 90.966232	 90.960836	 90.955646	 90.950657	  90.94586	  90.94125	 90.936821	 90.932565	 90.928476	 90.924549	 90.920778	 90.917156	 90.913678	  90.91034	 90.907134	 90.904057	 90.901103	 90.898267	 90.895544	 90.892929	 90.890419	 90.888008	 90.885692	 90.883466	 90.881328	 90.879271	 90.877294	 90.875391	 90.873558	 90.871793	 90.870092	  90.86845	 90.866865	 90.865333	 90.863851	 90.862416	 90.861024	 90.859671	 90.858357	 90.857076	 90.855826	 90.854604	 90.853407	 90.852233	 90.851078	  90.84994	 90.848815	 90.847702	 90.846596	 90.845497	
        99	 98.881362	 98.762756	 98.644212	 98.525761	 98.407435	 98.289265	 98.171281	 98.053513	 97.935994	 97.818752	 97.701819	 97.585223	 97.468995	 97.353163	 97.237758	 97.122807	 97.008338	 96.894381	 96.780961	 96.668108	 96.555846	 96.444203	 96.333204	 96.222874	 96.113239	 96.004323	 95.896149	  95.78874	  95.68212	  95.57631	 95.471332	 95.367206	 95.263954	 95.161593	 95.060144	 94.959625	 94.860053	 94.761446	 94.663819	 94.567189	  94.47157	 94.376977	 94.283424	 94.190922	 94.099485	 94.009124	  93.91985	 93.831673	 93.744602	 93.658646	 93.573813	 93.490111	 93.407546	 93.326124	 93.245851	  93.16673	 93.088766	 93.011963	 92.936323	 92.861847	 92.788538	 92.716395	  92.64542	 92.575611	 92.506967	 92.439487	 92.373169	 92.308009	 92.244004	  92.18115	 92.119443	 92.058878	 91.999449	 91.941151	 91.883976	 91.827918	 91.772969	 91.719123	  91.66637	 91.614701	 91.564109	 91.514583	 91.466114	 91.418691	 91.372305	 91.326944	 91.282598	 91.239255	 91.196904	 91.155533	  91.11513	 91.075682	 91.037177	 90.999603	 90.962946	 90.927194	 90.892333	 90.858351	 90.825233	 90.792966	 90.761537	 90.730931	 90.701136	 90.672137	  90.64392	 90.616472	 90.589779	 90.563826	 90.538599	 90.514086	 90.490271	 90.467141	 90.444683	 90.422882	 90.401725	 90.381197	 90.361287	 90.341979	 90.323261	 90.305119	 90.287541	 90.270513	 90.254022	 90.238056	 90.222601	 90.207645	 90.193177	 90.179183	 90.165651	  90.15257	 90.139928	 90.127714	 90.115915	  90.10452	 90.093519	 90.082901	 90.072654	 90.062769	 90.053234	  90.04404	 90.035177	 90.026635	 90.018404	 90.010474	 90.002838	 89.995484	 89.988405	 89.981592	 89.975035	 89.968728	 89.962661	 89.956828	 89.951218	 89.945826	 89.940644	 89.935665	  89.93088	 89.926284	 89.921869	  89.91763	 89.913558	 89.909649	 89.905896	 89.902292	 89.898833	 89.895512	 89.892324	 89.889263	 89.886324	 89.883501	 89.880791	 89.878187	 89.875686	 89.873281	  89.87097	 89.868747	 89.866607	 89.864548	 89.862563	 89.860651	 89.858805	 89.857023	 89.855301	 89.853635	 89.852021	 89.850456	 89.848936	 89.847458	 89.846018	 89.844613	 89.843239	 89.841894	 89.840574	 89.839276	 89.837996	 89.836732	  89.83548	 89.834238	 89.833001	
        99	  98.86829	 98.736614	 98.605008	 98.473505	 98.342141	  98.21095	 98.079965	 97.949221	 97.818752	 97.688592	 97.558774	 97.429331	 97.300295	   97.1717	 97.043578	 96.915961	 96.788879	 96.662365	 96.536448	 96.411159	 96.286527	 96.162582	 96.039353	 95.916866	 95.795151	 95.674233	 95.554139	 95.434896	 95.316527	 95.199058	 95.082512	 94.966913	 94.852283	 94.738644	 94.626016	 94.514421	 94.403877	 94.294404	 94.186021	 94.078743	 93.972588	 93.867572	  93.76371	 93.661015	 93.559503	 93.459185	 93.360074	 93.262181	 93.165516	 93.070088	 92.975908	 92.882983	  92.79132	 92.700926	 92.611808	 92.523969	 92.437415	 92.352148	 92.268173	 92.185491	 92.104104	 92.024012	 91.945216	 91.867715	 91.791507	 91.716592	 91.642966	 91.570626	 91.499569	 91.429789	 91.361283	 91.294044	 91.228067	 91.163344	 91.099869	 91.037635	 90.976631	 90.916851	 90.858285	 90.800924	 90.744757	 90.689773	 90.635963	 90.583316	 90.531818	 90.481459	 90.432227	 90.384108	  90.33709	  90.29116	 90.246305	 90.202511	 90.159763	 90.118048	 90.077353	 90.037661	 89.998959	 89.961232	 89.924465	 89.888642	  89.85375	 89.819772	 89.786694	 89.754499	 89.723174	 89.692701	 89.663066	 89.634253	 89.606247	 89.579033	 89.552594	 89.526916	 89.501983	 89.477779	 89.454291	 89.431502	 89.409397	 89.387962	 89.367181	 89.347041	 89.327525	 89.308621	 89.290313	 89.272587	 89.255429	 89.238826	 89.222763	 89.207227	 89.192205	 89.177682	 89.163647	 89.150087	 89.136988	 89.124338	 89.112124	 89.100336	  89.08896	 89.077986	 89.067401	 89.057194	 89.047354	  89.03787	 89.028732	 89.019929	 89.011451	 89.003287	 88.995428	 88.987864	 88.980585	 88.973583	 88.966848	 88.960371	 88.954144	 88.948158	 88.942404	 88.936876	 88.931564	 88.926462	 88.921561	 88.916854	 88.912334	 88.907994	 88.903827	 88.899826	 88.895986	 88.892299	 88.888759	 88.885361	 88.882098	 88.878965	 88.875956	 88.873065	 88.870288	 88.867619	 88.865053	 88.862584	 88.860209	 88.857923	  88.85572	 88.853596	 88.851548	 88.849569	 88.847658	 88.845808	 88.844016	 88.842279	 88.840591	  88.83895	 88.837351	 88.835792	 88.834267	 88.832773	 88.831308	 88.829866	 88.828446	 88.827042	 88.825652	 88.824273	 88.822901	
        99	 98.855252	 98.710541	 98.565907	 98.421387	 98.277019	  98.13284	 97.988889	 97.845203	 97.701819	 97.558774	 97.416104	 97.273847	 97.132039	 96.990714	 96.849909	 96.709659	 96.569997	 96.430959	 96.292577	 96.154886	 96.017917	 95.881702	 95.746273	 95.611662	 95.477897	  95.34501	 95.213028	  95.08198	 94.951894	 94.822797	 94.694714	 94.567671	 94.441694	 94.316805	 94.193029	 94.070386	   93.9489	  93.82859	 93.709477	  93.59158	 93.474916	 93.359505	 93.245361	 93.132501	  93.02094	 92.910691	 92.801769	 92.694185	 92.587951	 92.483077	 92.379574	  92.27745	 92.176713	 92.077371	  91.97943	 91.882896	 91.787774	 91.694067	 91.601779	 91.510912	 91.421468	 91.333448	 91.246852	 91.161678	 91.077927	 90.995596	 90.914681	  90.83518	 90.757089	 90.680402	 90.605114	 90.531219	 90.458711	 90.387581	 90.317823	 90.249427	 90.182385	 90.116688	 90.052324	 89.989284	 89.927557	 89.867131	 89.807994	 89.750135	 89.693539	 89.638195	 89.584089	 89.531207	 89.479535	 89.429059	 89.379763	 89.331633	 89.284654	  89.23881	 89.194086	 89.150465	 89.107932	  89.06647	 89.026063	 88.986695	 88.948348	 88.911007	 88.874654	 88.839273	 88.804846	 88.771357	 88.738788	 88.707123	 88.676345	 88.646436	  88.61738	  88.58916	 88.561759	 88.535159	 88.509346	 88.484301	 88.460008	 88.436451	 88.413613	 88.391479	 88.370032	 88.349256	 88.329136	 88.309655	 88.290799	 88.272552	 88.254899	 88.237825	 88.221315	 88.205356	 88.189931	 88.175028	 88.160632	  88.14673	 88.133308	 88.120352	 88.107851	  88.09579	 88.084157	 88.072939	 88.062126	 88.051703	 88.041661	 88.031986	 88.022668	 88.013696	 88.005059	 87.996746	 87.988747	 87.981052	  87.97365	 87.966532	 87.959688	  87.95311	 87.946787	 87.940711	 87.934874	 87.929266	  87.92388	 87.918707	  87.91374	  87.90897	 87.904391	 87.899994	 87.895774	 87.891722	 87.887832	 87.884097	 87.880511	 87.877068	 87.873761	 87.870584	 87.867532	 87.864598	 87.861778	 87.859065	 87.856455	 87.853942	 87.851521	 87.849188	 87.846936	 87.844762	 87.842661	 87.840628	 87.838659	  87.83675	 87.834895	 87.833092	 87.831335	  87.82962	 87.827945	 87.826303	 87.824693	 87.823109	 87.821547	 87.820005	 87.818478	 87.816962	 87.815453	
        99	 98.842251	 98.684544	 98.526919	 98.369419	 98.212084	 98.054957	 97.898077	 97.741485	 97.585223	 97.429331	 97.273847	 97.118814	 96.964268	 96.810251	 96.656799	 96.503952	 96.351747	 96.200221	 96.049411	 95.899353	 95.750082	 95.601633	 95.454041	 95.307339	 95.161561	 95.016738	 94.872902	 94.730085	 94.588315	 94.447623	 94.308036	 94.169583	 94.032291	 93.896186	 93.761292	 93.627635	 93.495237	 93.364122	  93.23431	 93.105824	 92.978683	 92.852905	  92.72851	 92.605513	 92.483932	 92.363782	 92.245077	  92.12783	 92.012055	 91.897762	 91.784962	 91.673666	 91.563882	 91.455618	  91.34888	 91.243676	  91.14001	 91.037887	  90.93731	 90.838282	 90.740805	 90.644879	 90.550505	 90.457682	 90.366409	 90.276683	 90.188501	  90.10186	 90.016755	  89.93318	  89.85113	 89.770599	 89.691578	  89.61406	 89.538036	 89.463498	 89.390434	 89.318836	 89.248692	  89.17999	 89.112718	 89.046865	 88.982417	 88.919361	 88.857683	 88.797368	 88.738402	 88.680771	 88.624458	 88.569448	 88.515725	 88.463272	 88.412073	 88.362112	 88.313371	 88.265832	 88.219479	 88.174293	 88.130257	 88.087353	 88.045562	 88.004867	  87.96525	  87.92669	 87.889172	 87.852675	 87.817181	 87.782672	 87.749129	 87.716534	 87.684869	 87.654114	 87.624252	 87.595263	 87.567131	 87.539837	 87.513362	 87.487689	 87.462801	 87.438678	 87.415305	 87.392663	 87.370735	 87.349505	 87.328956	  87.30907	 87.289831	 87.271224	 87.253231	 87.235838	 87.219028	 87.202787	 87.187098	 87.171947	  87.15732	 87.143201	 87.129576	 87.116432	 87.103754	 87.091529	 87.079744	 87.068386	 87.057441	 87.046898	 87.036743	 87.026965	 87.017552	 87.008493	 86.999775	 86.991389	 86.983322	 86.975565	 86.968107	 86.960937	 86.954047	 86.947425	 86.941063	 86.934952	 86.929082	 86.923444	 86.918031	 86.912833	 86.907842	 86.903051	 86.898451	 86.894035	 86.889796	 86.885726	 86.881818	 86.878065	 86.874461	 86.870999	 86.867673	 86.864476	 86.861402	 86.858446	 86.855602	 86.852863	 86.850225	 86.847681	 86.845228	 86.842858	 86.840569	 86.838353	 86.836207	 86.834126	 86.832105	  86.83014	 86.828225	 86.826357	  86.82453	 86.822742	 86.820986	  86.81926	 86.817558	 86.815877	 86.814213	 86.812561	 86.810917	
        99	 98.829291	 98.658628	 98.488054	 98.317615	 98.147355	 97.977318	  97.80755	 97.638094	 97.468995	 97.300295	 97.132039	 96.964268	 96.797027	 96.630356	 96.464298	 96.298894	 96.134185	 95.970211	 95.807011	 95.644625	 95.483091	 95.322447	  95.16273	 95.003976	 94.846222	 94.689501	 94.533849	 94.379298	 94.225881	 94.073631	 93.922577	  93.77275	 93.624179	 93.476892	 93.330916	 93.186278	 93.043004	 92.901117	 92.760642	   92.6216	 92.484013	 92.347903	 92.213288	 92.080187	 91.948618	 91.818597	 91.690139	 91.563261	 91.437974	 91.314291	 91.192225	 91.071786	 90.952982	 90.835824	 90.720317	  90.60647	 90.494288	 90.383775	 90.274936	 90.167772	 90.062287	 89.958481	 89.856353	 89.755905	 89.657133	 89.560036	  89.46461	 89.370851	 89.278754	 89.188313	 89.099523	 89.012375	 88.926863	 88.842976	 88.760707	 88.680045	 88.600979	 88.523499	 88.447592	 88.373246	 88.300448	 88.229185	 88.159442	 88.091206	  88.02446	 87.959191	 87.895381	 87.833015	 87.772075	 87.712546	 87.654409	 87.597648	 87.542243	 87.488177	 87.435432	 87.383988	 87.333826	 87.284928	 87.237275	 87.190846	 87.145622	 87.101584	 87.058711	 87.016984	 86.976383	 86.936888	 86.898478	 86.861134	 86.824836	 86.789563	 86.755296	 86.722015	 86.689699	  86.65833	 86.627886	 86.598349	   86.5697	 86.541918	 86.514984	  86.48888	 86.463587	 86.439085	 86.415356	 86.392382	 86.370144	 86.348624	 86.327805	 86.307669	 86.288199	 86.269377	 86.251186	  86.23361	 86.216632	 86.200237	 86.184407	 86.169128	 86.154385	  86.14016	 86.126441	 86.113212	 86.100459	 86.088167	 86.076323	 86.064914	 86.053925	 86.043344	 86.033158	 86.023354	  86.01392	 86.004845	 85.996115	 85.987721	  85.97965	 85.971891	 85.964435	 85.957269	 85.950385	 85.943771	 85.937419	 85.931319	  85.92546	 85.919835	 85.914435	  85.90925	 85.904272	 85.899493	 85.894906	 85.890501	 85.886272	 85.882211	 85.878311	 85.874565	 85.870965	 85.867506	  85.86418	 85.860981	 85.857902	 85.854939	 85.852084	 85.849331	 85.846676	 85.844112	 85.841634	 85.839237	 85.836915	 85.834663	 85.832476	 85.830349	 85.828277	 85.826255	 85.824278	 85.822343	 85.820443	 85.818575	 85.816734	 85.814915	 85.813113	 85.811326	 85.809547	
        99	 98.816376	 98.632801	 98.449322	 98.265987	 98.082846	 97.899945	 97.717333	 97.535057	 97.353163	   97.1717	 96.990714	 96.810251	 96.630356	 96.451076	 96.272455	 96.094537	 95.917366	 95.740986	 95.565439	 95.390767	 95.217012	 95.044214	 94.872413	 94.701648	 94.531959	 94.363381	 94.195953	 94.029709	 93.864685	 93.700916	 93.538434	 93.377271	  93.21746	 93.059029	  92.90201	 92.746429	 92.592315	 92.439693	  92.28859	 92.139028	 91.991033	 91.844624	 91.699825	 91.556654	  91.41513	 91.275272	 91.137096	 91.000618	 90.865853	 90.732813	 90.601511	  90.47196	 90.344168	 90.218146	 90.093901	  89.97144	  89.85077	 89.731896	 89.614822	 89.499551	 89.386085	 89.274425	 89.164571	 89.056523	 88.950279	 88.845835	  88.74319	 88.642337	 88.543272	 88.445989	 88.350481	  88.25674	 88.164758	 88.074525	 87.986032	 87.899267	 87.814219	 87.730877	 87.649227	 87.569256	 87.490951	 87.414296	 87.339277	 87.265878	 87.194083	 87.123875	 87.055237	 86.988153	 86.922603	  86.85857	 86.796035	 86.734979	 86.675382	 86.617226	  86.56049	 86.505154	 86.451197	   86.3986	 86.347341	 86.297399	 86.248754	 86.201384	 86.155268	 86.110384	 86.066711	 86.024227	 85.982912	 85.942743	 85.903698	 85.865757	 85.828897	 85.793098	 85.758337	 85.724594	 85.691848	 85.660076	 85.629259	 85.599375	 85.570404	 85.542325	 85.515118	 85.488762	 85.463238	 85.438526	 85.414605	 85.391458	 85.369063	 85.347404	  85.32646	 85.306214	 85.286647	 85.267742	  85.24948	 85.231844	 85.214817	 85.198382	 85.182522	 85.167222	 85.152465	 85.138235	 85.124517	 85.111295	 85.098555	 85.086282	 85.074462	 85.063081	 85.052124	 85.041578	 85.031431	 85.021669	 85.012279	 85.003249	 84.994568	 84.986222	 84.978201	 84.970494	 84.963089	 84.955975	 84.949142	  84.94258	 84.936278	 84.930228	 84.924419	 84.918841	 84.913487	 84.908347	 84.903412	 84.898674	 84.894125	 84.889757	 84.885562	 84.881532	  84.87766	 84.873939	 84.870361	  84.86692	 84.863609	 84.860421	  84.85735	  84.85439	 84.851533	 84.848776	  84.84611	 84.843531	 84.841034	 84.838611	 84.836259	 84.833971	 84.831742	 84.829567	 84.827441	 84.825359	 84.823316	 84.821306	 84.819326	 84.817369	 84.815432	 84.813509	 84.811595	
        99	 98.803508	 98.607068	 98.410732	  98.21455	 98.018574	 97.822856	 97.627447	 97.432398	 97.237758	 97.043578	 96.849909	 96.656799	 96.464298	 96.272455	 96.081316	  95.89093	 95.701344	 95.512603	 95.324754	 95.137842	 94.951911	 94.767004	 94.583163	 94.400432	 94.218851	  94.03846	 93.859299	 93.681405	 93.504817	 93.329571	 93.155703	 92.983246	 92.812236	 92.642703	  92.47468	 92.308196	 92.143282	 91.979966	 91.818273	 91.658231	 91.499864	 91.343196	 91.188249	 91.035045	 90.883604	 90.733945	 90.586086	 90.440044	 90.295835	 90.153472	 90.012969	 89.874339	 89.737592	 89.602738	 89.469786	 89.338744	 89.209618	 89.082414	 88.957136	 88.833787	 88.712369	 88.592884	 88.475333	 88.359713	 88.246023	  88.13426	 88.024421	 87.916501	 87.810494	 87.706394	 87.604193	 87.503883	 87.405455	 87.308899	 87.214204	 87.121359	 87.030351	 86.941169	 86.853797	 86.768222	 86.684429	 86.602403	 86.522127	 86.443584	 86.366758	  86.29163	 86.218182	 86.146397	 86.076253	 86.007733	 85.940815	 85.875481	 85.811708	 85.749476	 85.688764	  85.62955	 85.571813	 85.515529	 85.460678	 85.407237	 85.355183	 85.304493	 85.255145	 85.207116	 85.160383	 85.114922	 85.070711	 85.027727	 84.985946	 84.945346	 84.905904	 84.867596	 84.830399	 84.794292	  84.75925	 84.725252	 84.692275	 84.660298	 84.629296	 84.599249	 84.570136	 84.541933	  84.51462	 84.488176	 84.462579	  84.43781	 84.413846	 84.390669	 84.368258	 84.346593	 84.325654	 84.305424	 84.285882	  84.26701	  84.24879	 84.231203	 84.214233	  84.19786	 84.182069	 84.166842	 84.152162	 84.138014	 84.124381	 84.111249	   84.0986	 84.086421	 84.074696	 84.063412	 84.052553	 84.042107	 84.032059	 84.022397	 84.013107	 84.004176	 83.995594	 83.987346	 83.979422	 83.971809	 83.964498	 83.957476	 83.950733	 83.944258	 83.938042	 83.932074	 83.926344	 83.920844	 83.915563	 83.910493	 83.905626	 83.900952	 83.896462	  83.89215	 83.888007	 83.884025	 83.880196	 83.876514	 83.872971	  83.86956	 83.866273	 83.863105	 83.860049	 83.857098	 83.854246	 83.851486	 83.848813	 83.846221	 83.843704	 83.841255	 83.838871	 83.836543	 83.834268	  83.83204	 83.829854	 83.827704	 83.825584	  83.82349	 83.821417	 83.819359	 83.817312	
        99	 98.790691	 98.581437	 98.372294	 98.163315	 97.954556	 97.746071	 97.537916	 97.330143	 97.122807	 96.915961	 96.709659	 96.503952	 96.298894	 96.094537	  95.89093	 95.688125	 95.486172	  95.28512	 95.085018	 94.885913	 94.687854	 94.490885	 94.295053	 94.100402	 93.906976	 93.714818	  93.52397	 93.334473	 93.146366	 92.959689	 92.774479	 92.590773	 92.408607	 92.228016	 92.049033	  91.87169	 91.696018	 91.522048	 91.349809	 91.179327	  91.01063	 90.843742	 90.678688	 90.515491	 90.354171	  90.19475	 90.037246	 89.881678	 89.728061	 89.576412	 89.426745	 89.279071	 89.133404	 88.989754	  88.84813	  88.70854	 88.570991	 88.435489	 88.302039	 88.170644	 88.041307	 87.914028	 87.788808	 87.665646	  87.54454	 87.425488	 87.308484	 87.193524	 87.080602	 86.969712	 86.860844	 86.753991	 86.649142	 86.546288	 86.445416	 86.346514	 86.249571	  86.15457	   86.0615	 85.970343	 85.881084	 85.793707	 85.708194	 85.624528	  85.54269	 85.462662	 85.384424	 85.307955	 85.233237	 85.160247	 85.088964	 85.019368	 84.951435	 84.885144	 84.820471	 84.757395	 84.695891	 84.635937	 84.577508	  84.52058	 84.465131	 84.411135	 84.358568	 84.307405	 84.257624	 84.209198	 84.162103	 84.116315	 84.071809	  84.02856	 83.986545	 83.945738	 83.906115	 83.867652	 83.830325	  83.79411	 83.758982	 83.724918	 83.691894	 83.659888	 83.628875	 83.598832	 83.569738	 83.541569	 83.514303	 83.487917	  83.46239	 83.437701	 83.413828	  83.39075	 83.368446	 83.346896	 83.326079	 83.305976	 83.286568	 83.267834	 83.249756	 83.232316	 83.215494	 83.199274	 83.183637	 83.168566	 83.154044	 83.140054	 83.126581	 83.113607	 83.101118	 83.089097	  83.07753	 83.066403	   83.0557	 83.045407	 83.035511	 83.025998	 83.016855	  83.00807	 82.999629	  82.99152	 82.983731	 82.976251	 82.969068	 82.962171	 82.955549	 82.949192	 82.943089	  82.93723	 82.931605	 82.926204	 82.921019	  82.91604	 82.911258	 82.906664	 82.902251	 82.898009	 82.893931	 82.890008	 82.886234	   82.8826	 82.879099	 82.875725	 82.872469	 82.869326	 82.866287	 82.863348	 82.860501	 82.857739	 82.855058	  82.85245	 82.849909	  82.84743	 82.845007	 82.842634	 82.840304	 82.838014	 82.835756	 82.833526	 82.831317	 82.829125	 82.826944	
        99	 98.777928	 98.555914	 98.334017	 98.112295	 97.890806	 97.669609	  97.44876	 97.228317	 97.008338	 96.788879	 96.569997	 96.351747	 96.134185	 95.917366	 95.701344	 95.486172	 95.271904	 95.058593	 94.846288	 94.635043	 94.424906	 94.215926	 94.008153	 93.801632	 93.596412	 93.392536	  93.19005	 92.988998	  92.78942	  92.59136	 92.394856	 92.199948	 92.006674	 91.815071	 91.625173	 91.437016	 91.250633	 91.066054	 90.883312	 90.702434	  90.52345	 90.346386	 90.171267	 89.998118	 89.826962	  89.65782	 89.490711	 89.325657	 89.162673	 89.001776	 88.842982	 88.686304	 88.531755	 88.379345	 88.229085	 88.080983	 87.935046	 87.791282	 87.649694	 87.510287	 87.373062	 87.238022	 87.105167	 86.974495	 86.846004	 86.719692	 86.595553	 86.473583	 86.353776	 86.236123	 86.120617	 86.007248	 85.896006	 85.786879	 85.679857	 85.574924	 85.472069	 85.371276	  85.27253	 85.175814	 85.081113	 84.988408	  84.89768	 84.808913	 84.722084	 84.637176	 84.554167	 84.473036	 84.393761	  84.31632	 84.240691	  84.16685	 84.094775	 84.024441	 83.955826	 83.888903	 83.823649	 83.760038	 83.698046	 83.637648	 83.578817	 83.521528	 83.465756	 83.411474	 83.358656	 83.307277	 83.257311	 83.208731	 83.161511	 83.115625	 83.071048	 83.027752	 82.985713	 82.944905	 82.905302	 82.866878	 82.829608	 82.793467	  82.75843	 82.724471	 82.691567	 82.659693	 82.628824	 82.598937	 82.570009	 82.542014	 82.514931	 82.488736	 82.463407	 82.438922	 82.415258	 82.392394	 82.370308	 82.348979	 82.328387	 82.308511	 82.289331	 82.270827	 82.252979	  82.23577	 82.219179	  82.20319	 82.187782	 82.172939	 82.158644	 82.144879	 82.131628	 82.118875	 82.106603	 82.094796	 82.083441	  82.07252	 82.062021	 82.051928	 82.042228	 82.032906	 82.023951	 82.015347	 82.007084	 81.999148	 81.991527	 81.984209	 81.977184	 81.970438	 81.963963	 81.957747	 81.951779	 81.946049	 81.940547	 81.935265	 81.930191	 81.925317	 81.920635	 81.916134	 81.911807	 81.907646	 81.903641	 81.899786	 81.896072	 81.892491	 81.889037	 81.885702	 81.882478	  81.87936	 81.876339	 81.873409	 81.870564	 81.867797	 81.865102	 81.862471	   81.8599	 81.857382	 81.854911	 81.852481	 81.850086	 81.847719	 81.845376	  81.84305	 81.840736	
