Time step 21:
        99	        99	        99	        99	        99	        99	        99	        99	        99	        99	        99	        99	        99	        99	        99	        99	        99	        99	        99	        99	        99	        99	        99	        99	        99	        99	        99	        99	        99	        99	        99	        99	        99	        99	        99	        99	        99	        99	        99	        99	        99	        99	        99	        99	        99	        99	        99	        99	        99	        99	        99	        99	        99	        99	        99	        99	        99	        99	        99	        99	        99	        99	        99	        99	        99	        99	        99	        99	        99	        99	        99	        99	        99	        99	        99	        99	        99	        99	        99	        99	        99	        99	        99	        99	        99	        99	        99	        99	        99	        99	        99	        99	        99	        99	        99	        99	        99	        99	        99	        99	        99	        99	        99	        99	        99	        99	        99	        99	        99	        99	        99	        99	        99	        99	        99	        99	        99	        99	        99	        99	        99	        99	        99	        99	        99	        99	        99	        99	        99	        99	        99	        99	        99	        99	        99	        99	        99	        99	        99	        99	        99	        99	        99	        99	        99	        99	        99	        99	        99	        99	        99	        99	        99	        99	        99	        99	        99	        99	        99	        99	        99	        99	        99	        99	        99	        99	        99	        99	        99	        99	        99	        99	        99	        99	        99	        99	        99	        99	        99	        99	        99	        99	        99	        99	        99	        99	        99	        99	        99	        99	        99	        99	        99	        99	        99	        99	        99	        99	        99	        99	
        99	 98.969767	 98.939551	 98.909373	 98.879248	 98.849196	 98.819234	  98.78938	 98.759652	 98.730066	 98.700639	  98.67139	 98.642333	 98.613485	 98.584861	 98.556478	 98.528349	  98.50049	 98.472914	 98.445635	 98.418665	 98.392019	 98.365706	  98.33974	  98.31413	 98.288886	  98.26402	 98.239539	 98.215453	 98.191769	 98.168494	 98.145635	 98.123198	 98.101189	 98.079612	 98.058472	 98.037772	 98.017516	 97.997705	 97.978342	 97.959427	 97.940962	 97.922946	  97.90538	 97.888262	 97.871591	 97.855365	 97.839582	 97.824238	 97.809331	 97.794857	 97.780811	  97.76719	 97.753988	 97.741199	  97.72882	 97.716843	 97.705262	 97.694072	 97.683265	 97.672835	 97.662774	 97.653075	 97.643732	 97.634735	 97.626079	 97.617754	 97.609752	 97.602067	 97.594689	 97.587612	 97.580826	 97.574323	 97.568096	 97.562136	 97.556436	 97.550987	 97.545781	  97.54081	 97.536068	 97.531545	 97.527235	 97.523129	 97.519221	 97.515503	 97.511968	 97.508609	  97.50542	 97.502393	 97.499522	   97.4968	 97.494222	 97.491781	 97.489471	 97.487287	 97.485222	 97.483273	 97.481432	 97.479696	 97.478059	 97.476517	 97.475065	 97.473698	 97.472412	 97.471204	 97.470069	 97.469003	 97.468003	 97.467065	 97.466187	 97.465364	 97.464593	 97.463872	 97.463199	 97.462569	 97.461981	 97.461432	 97.460921	 97.460444	 97.459999	 97.459586	 97.459201	 97.458843	  97.45851	 97.458201	 97.457915	 97.457649	 97.457402	 97.457173	 97.456962	 97.456766	 97.456585	 97.456418	 97.456263	  97.45612	 97.455988	 97.455867	 97.455755	 97.455652	 97.455557	  97.45547	  97.45539	 97.455316	 97.455248	 97.455186	 97.455129	 97.455077	 97.455029	 97.454985	 97.454945	 97.454908	 97.454875	 97.454844	 97.454816	 97.454791	 97.454768	 97.454747	 97.454727	  97.45471	 97.454694	 97.454679	 97.454666	 97.454654	 97.454643	 97.454634	 97.454625	 97.454617	 97.454609	 97.454603	 97.454597	 97.454591	 97.454586	 97.454582	 97.454578	 97.454574	 97.454571	 97.454568	 97.454566	 97.454563	 97.454561	 97.454559	 97.454558	 97.454556	 97.454555	 97.454553	 97.454552	 97.454551	  97.45455	 97.454549	 97.454549	 97.454548	 97.454547	 97.454547	 97.454546	 97.454546	 97.454545	 97.454545	 97.454545	 97.454544	 97.454544	
        99	 98.939551	 98.879139	   98.8188	 98.758569	 98.698483	 98.638577	 98.578887	 98.519448	 98.460293	 98.401459	 98.342977	  98.28488	 98.227201	 98.169972	 98.113222	 98.056982	  98.00128	 97.946144	 97.891603	  97.83768	 97.784403	 97.731794	 97.679876	 97.628671	   97.5782	 97.528483	 97.479536	 97.431377	 97.384023	 97.337487	 97.291783	 97.246923	 97.202918	 97.159778	 97.117511	 97.076123	 97.035622	 96.996012	 96.957297	  96.91948	  96.88256	  96.84654	 96.811418	 96.777193	 96.743861	 96.711419	 96.679862	 96.649184	 96.619378	 96.590438	 96.562356	 96.535121	 96.508724	 96.483155	 96.458403	 96.434457	 96.411303	 96.388929	 96.367321	 96.346467	 96.326352	  96.30696	 96.288279	 96.270291	 96.252983	 96.236338	  96.22034	 96.204974	 96.190224	 96.176072	 96.162504	 96.149503	 96.137053	 96.125137	 96.113739	 96.102844	 96.092436	 96.082498	 96.073015	 96.063973	 96.055355	 96.047146	 96.039332	 96.031898	 96.024831	 96.018115	 96.011738	 96.005686	 95.999945	 95.994503	 95.989348	 95.984468	  95.97985	 95.975483	 95.971355	 95.967457	 95.963778	 95.960306	 95.957034	  95.95395	 95.951046	 95.948314	 95.945743	 95.943327	 95.941057	 95.938927	 95.936927	 95.935052	 95.933295	  95.93165	 95.930109	 95.928668	 95.927321	 95.926062	 95.924887	  95.92379	 95.922767	 95.921813	 95.920925	 95.920097	 95.919328	 95.918612	 95.917947	  95.91733	 95.916756	 95.916224	 95.915731	 95.915274	 95.914851	  95.91446	 95.914098	 95.913763	 95.913454	 95.913169	 95.912905	 95.912662	 95.912439	 95.912232	 95.912043	 95.911868	 95.911708	  95.91156	 95.911425	 95.911301	 95.911187	 95.911082	 95.910987	 95.910899	 95.910819	 95.910746	 95.910679	 95.910618	 95.910562	 95.910511	 95.910464	 95.910422	 95.910384	 95.910348	 95.910317	 95.910288	 95.910261	 95.910237	 95.910216	 95.910196	 95.910178	 95.910162	 95.910147	 95.910134	 95.910122	 95.910111	 95.910102	 95.910093	 95.910085	 95.910078	 95.910071	 95.910066	  95.91006	 95.910056	 95.910051	 95.910048	 95.910044	 95.910041	 95.910038	 95.910036	 95.910034	 95.910031	  95.91003	 95.910028	 95.910027	 95.910025	 95.910024	 95.910023	 95.910022	 95.910021	  95.91002	 95.910019	 95.910018	 95.910018	 95.910017	
        99	 98.909373	   98.8188	 98.728336	 98.638035	  98.54795	 98.458137	 98.368647	 98.279532	 98.190846	 98.102638	 98.014959	 97.927857	 97.841383	 97.755581	 97.670499	 97.586181	  97.50267	 97.420008	 97.338236	 97.257394	 97.177517	 97.098643	 97.020806	 96.944037	 96.868369	 96.793829	 96.720446	 96.648244	 96.577248	 96.507479	 96.438958	 96.371702	 96.305727	 96.241049	  96.17768	  96.11563	 96.054909	 95.995524	  95.93748	 95.880782	 95.825431	 95.771428	 95.718771	 95.667459	 95.617486	 95.568847	 95.521535	 95.475541	 95.430856	 95.387468	 95.345364	 95.304532	 95.264957	 95.226624	 95.189514	 95.153612	 95.118898	 95.085354	 95.052959	 95.021694	 94.991536	 94.962463	 94.934455	 94.907487	 94.881538	 94.856583	 94.832598	 94.809561	 94.787446	  94.76623	 94.745888	 94.726396	  94.70773	 94.689865	 94.672777	 94.656443	 94.640838	 94.625938	 94.611722	 94.598164	 94.585244	 94.572937	 94.561222	 94.550077	 94.539481	 94.529413	 94.519851	 94.510777	 94.502171	 94.494013	 94.486284	 94.478967	 94.472043	 94.465496	 94.459308	 94.453464	 94.447947	 94.442743	 94.437836	 94.433213	  94.42886	 94.424762	 94.420909	 94.417287	 94.413884	 94.410689	 94.407692	 94.404881	 94.402246	 94.399779	  94.39747	 94.395309	 94.393289	 94.391402	  94.38964	 94.387995	 94.386461	 94.385031	   94.3837	 94.382459	 94.381306	 94.380233	 94.379236	  94.37831	  94.37745	 94.376653	 94.375914	 94.375229	 94.374594	 94.374007	 94.373465	 94.372963	 94.372499	 94.372071	 94.371677	 94.371312	 94.370977	 94.370668	 94.370383	 94.370122	 94.369881	  94.36966	 94.369457	 94.369271	   94.3691	 94.368944	   94.3688	 94.368669	 94.368549	 94.368439	 94.368338	 94.368247	 94.368163	 94.368087	 94.368017	 94.367954	 94.367896	 94.367843	 94.367796	 94.367752	 94.367713	 94.367677	 94.367644	 94.367615	 94.367588	 94.367564	 94.367542	 94.367522	 94.367504	 94.367488	 94.367473	  94.36746	 94.367448	 94.367438	 94.367428	 94.367419	 94.367411	 94.367404	 94.367398	 94.367392	 94.367387	 94.367382	 94.367378	 94.367375	 94.367371	 94.367368	 94.367365	 94.367363	 94.367361	 94.367359	 94.367357	 94.367355	 94.367354	 94.367352	 94.367351	  94.36735	 94.367348	 94.367347	 94.367346	
        99	 98.879248	 98.758569	 98.638035	 98.517717	 98.397689	 98.278022	 98.158785	 98.040049	 97.921883	 97.804355	 97.687532	 97.571478	 97.456259	 97.341937	 97.228574	 97.116228	 97.004958	  96.89482	 96.785868	 96.678153	 96.571725	 96.466634	 96.362923	 96.260637	 96.159816	   96.0605	 95.962724	 95.866523	 95.771928	 95.678968	  95.58767	 95.498058	 95.410153	 95.323976	 95.239543	 95.156868	 95.075963	 94.996839	 94.919501	 94.843957	 94.770207	 94.698253	 94.628094	 94.559725	 94.493141	 94.428335	 94.365296	 94.304014	 94.244475	 94.186665	 94.130566	 94.076162	 94.023432	 93.972356	 93.922912	 93.875076	 93.828823	 93.784129	 93.740966	 93.699308	 93.659125	  93.62039	 93.583071	  93.54714	 93.512565	 93.479314	 93.447358	 93.416662	 93.387197	 93.358928	 93.331825	 93.305853	 93.280982	 93.257179	 93.234412	 93.212648	 93.191856	 93.172004	 93.153062	 93.134998	 93.117782	 93.101385	 93.085776	 93.070926	 93.056808	 93.043393	 93.030654	 93.018564	 93.007096	 92.996226	 92.985929	 92.976179	 92.966954	  92.95823	 92.949986	 92.942199	 92.934849	 92.927914	 92.921377	 92.915217	 92.909416	 92.903957	 92.898823	 92.893997	 92.889463	 92.885206	 92.881212	 92.877467	 92.873957	  92.87067	 92.867592	 92.864714	 92.862023	 92.859508	  92.85716	 92.854969	 92.852925	  92.85102	 92.849245	 92.847593	 92.846056	 92.844626	 92.843298	 92.842064	 92.840919	 92.839856	 92.838871	 92.837959	 92.837113	 92.836331	 92.835608	  92.83494	 92.834322	 92.833752	 92.833226	 92.832741	 92.832294	 92.831882	 92.831503	 92.831154	 92.830834	 92.830539	 92.830269	 92.830021	 92.829793	 92.829584	 92.829393	 92.829218	 92.829058	 92.828912	 92.828778	 92.828656	 92.828544	 92.828443	  92.82835	 92.828265	 92.828188	 92.828118	 92.828055	 92.827997	 92.827944	 92.827897	 92.827853	 92.827814	 92.827778	 92.827746	 92.827717	  92.82769	 92.827667	 92.827645	 92.827626	 92.827608	 92.827592	 92.827578	 92.827565	 92.827553	 92.827543	 92.827533	 92.827525	 92.827517	  92.82751	 92.827504	 92.827499	 92.827494	 92.827489	 92.827485	 92.827482	 92.827478	 92.827475	 92.827473	  92.82747	 92.827468	 92.827466	 92.827464	 92.827462	  92.82746	 92.827459	 92.827457	 92.827456	
        99	 98.849196	 98.698483	  98.54795	 98.397689	  98.24779	  98.09834	 97.949428	 97.801142	 97.653567	 97.506789	 97.360891	 97.215955	 97.072061	 96.929287	  96.78771	 96.647405	 96.508443	 96.370894	 96.234826	 96.100303	 95.967389	 95.836143	 95.706621	 95.578878	 95.452966	 95.328932	 95.206822	 95.086679	 94.968542	 94.852446	 94.738427	 94.626512	 94.516731	 94.409106	  94.30366	 94.200409	 94.099369	 94.000553	 93.903968	 93.809622	 93.717518	 93.627657	 93.540036	 93.454652	 93.371498	 93.290562	 93.211835	 93.135301	 93.060945	 92.988747	 92.918687	 92.850743	  92.78489	 92.721102	 92.659353	 92.599611	 92.541848	  92.48603	 92.432125	 92.380099	 92.329916	  92.28154	 92.234934	  92.19006	  92.14688	 92.105355	 92.065445	  92.02711	 91.990311	 91.955008	 91.921158	 91.888724	 91.857663	 91.827936	 91.799502	 91.772321	 91.746355	 91.721563	 91.697906	 91.675347	 91.653846	 91.633368	 91.613874	 91.595329	 91.577697	 91.560944	 91.545034	 91.529935	 91.515614	 91.502038	 91.489178	 91.477002	 91.465481	 91.454586	  91.44429	 91.434565	 91.425385	 91.416725	 91.408561	 91.400868	 91.393623	 91.386806	 91.380394	 91.374366	 91.368704	 91.363388	   91.3584	 91.353723	 91.349339	 91.345234	 91.341391	 91.337796	 91.334435	 91.331294	 91.328362	 91.325625	 91.323073	 91.320693	 91.318477	 91.316414	 91.314494	 91.312709	 91.311049	 91.309509	 91.308078	 91.306751	 91.305521	 91.304382	 91.303326	  91.30235	 91.301446	 91.300611	  91.29984	 91.299128	 91.298471	 91.297865	 91.297307	 91.296793	 91.296319	 91.295884	 91.295484	 91.295116	 91.294778	 91.294468	 91.294184	 91.293923	 91.293685	 91.293466	 91.293266	 91.293083	 91.292916	 91.292764	 91.292624	 91.292497	 91.292382	 91.292276	  91.29218	 91.292093	 91.292013	 91.291941	 91.291875	 91.291815	 91.291761	 91.291712	 91.291668	 91.291628	 91.291591	 91.291558	 91.291528	 91.291501	 91.291477	 91.291455	 91.291435	 91.291417	 91.291401	 91.291387	 91.291374	 91.291362	 91.291351	 91.291342	 91.291333	 91.291326	 91.291319	 91.291312	 91.291307	 91.291302	 91.291297	 91.291293	 91.291289	 91.291286	 91.291283	  91.29128	 91.291278	 91.291275	 91.291273	 91.291271	 91.291269	 91.291267	 91.291265	
        99	 98.819234	 98.638577	 98.458137	 98.278022	  98.09834	 97.919197	 97.740699	 97.562952	 97.386057	 97.210117	 97.035231	 96.861499	 96.689016	 96.517876	  96.34817	 96.179989	 96.013418	  95.84854	 95.685438	 95.524189	 95.364867	 95.207544	 95.052289	 94.899167	 94.748238	 94.599561	  94.45319	 94.309177	 94.167568	 94.028406	 93.891733	 93.757584	 93.625991	 93.496983	 93.370586	 93.246822	 93.125707	 93.007257	 92.891483	 92.778393	 92.667989	 92.560274	 92.455246	 92.352897	 92.253221	 92.156206	 92.061837	 91.970097	 91.880968	 91.794425	 91.710446	 91.629002	 91.550066	 91.473605	 91.399587	 91.327976	 91.258736	 91.191828	 91.127214	 91.064851	 91.004697	  90.94671	 90.890844	 90.837055	 90.785296	  90.73552	 90.687681	  90.64173	  90.59762	 90.555302	 90.514727	 90.475848	 90.438616	 90.402983	   90.3689	 90.336319	 90.305193	 90.275476	 90.247119	 90.220077	 90.194305	 90.169758	 90.146391	 90.124162	 90.103027	 90.082945	 90.063874	 90.045775	 90.028608	 90.012336	  89.99692	 89.982325	 89.968515	 89.955456	 89.943114	 89.931457	 89.920453	 89.910073	 89.900286	 89.891065	 89.882381	 89.874209	 89.866523	 89.859298	 89.852511	 89.846138	 89.840159	 89.834553	 89.829298	 89.824377	 89.819771	 89.815461	 89.811433	 89.807668	 89.804153	 89.800873	 89.797813	 89.794961	 89.792305	 89.789831	  89.78753	  89.78539	 89.783401	 89.781554	  89.77984	 89.778249	 89.776775	 89.775409	 89.774144	 89.772973	  89.77189	 89.770889	 89.769965	 89.769111	 89.768324	 89.767597	 89.766928	 89.766312	 89.765744	 89.765222	 89.764743	 89.764302	 89.763897	 89.763525	 89.763185	 89.762872	 89.762586	 89.762324	 89.762085	 89.761866	 89.761665	 89.761483	 89.761316	 89.761163	 89.761024	 89.760898	 89.760783	 89.760678	 89.760583	 89.760496	 89.760417	 89.760346	 89.760281	 89.760222	 89.760169	 89.760121	 89.760077	 89.760037	 89.760002	 89.759969	  89.75994	 89.759914	  89.75989	 89.759869	 89.759849	 89.759832	 89.759816	 89.759802	 89.759789	 89.759778	 89.759768	 89.759759	  89.75975	 89.759743	 89.759736	  89.75973	 89.759725	  89.75972	 89.759715	 89.759711	 89.759707	 89.759704	 89.759701	 89.759698	 89.759695	 89.759693	 89.759691	 89.759688	 89.759686	
        99	  98.78938	 98.578887	 98.368647	 98.158785	 97.949428	 97.740699	 97.532722	 97.325619	  97.11951	 96.914513	 96.710745	  96.50832	 96.307351	 96.107946	 95.910214	 95.714256	 95.520175	 95.328068	 95.138029	 94.950149	 94.764515	  94.58121	 94.400314	 94.221903	 94.046048	 93.872816	 93.702272	 93.534474	 93.369478	 93.207334	 93.048089	 92.891784	 92.738458	 92.588145	 92.440873	 92.296669	 92.155552	  92.01754	 91.882645	 91.750877	  91.62224	 91.496736	 91.374361	  91.25511	 91.138972	 91.025935	  90.91598	  90.80909	  90.70524	 90.604405	 90.506556	 90.411662	 90.319689	   90.2306	 90.144358	  90.06092	 89.980245	 89.902287	 89.827001	 89.754339	 89.684251	 89.616687	 89.551595	 89.488922	 89.428615	 89.370618	 89.314878	 89.261339	 89.209943	 89.160637	 89.113361	 89.068062	 89.024681	 88.983162	  88.94345	 88.905489	 88.869222	 88.834597	 88.801557	 88.770049	 88.740021	  88.71142	 88.684194	 88.658293	 88.633668	 88.610269	 88.588048	  88.56696	 88.546958	 88.527999	 88.510037	 88.493031	 88.476941	 88.461725	 88.447344	 88.433762	 88.420941	 88.408847	 88.397444	 88.386699	 88.376582	  88.36706	 88.358104	 88.349686	 88.341778	 88.334353	 88.327387	 88.320854	 88.314732	 88.308998	 88.303631	  88.29861	 88.293916	  88.28953	 88.285434	 88.281612	 88.278047	 88.274724	 88.271629	 88.268747	 88.266065	 88.263572	 88.261255	 88.259103	 88.257105	 88.255252	 88.253534	 88.251942	 88.250468	 88.249104	 88.247843	 88.246676	 88.245599	 88.244605	 88.243687	 88.242841	 88.242061	 88.241343	 88.240682	 88.240074	 88.239515	 88.239001	 88.238529	 88.238097	   88.2377	 88.237336	 88.237002	 88.236697	 88.236418	 88.236163	 88.235929	 88.235716	 88.235522	 88.235344	 88.235182	 88.235035	 88.234901	 88.234779	 88.234668	 88.234567	 88.234475	 88.234392	 88.234316	 88.234248	 88.234185	 88.234129	 88.234078	 88.234032	 88.233991	 88.233953	 88.233919	 88.233888	 88.233861	 88.233836	 88.233813	 88.233793	 88.233775	 88.233758	 88.233743	  88.23373	 88.233718	 88.233707	 88.233698	 88.233689	 88.233681	 88.233674	 88.233668	 88.233662	 88.233657	 88.233652	 88.233648	 88.233644	  88.23364	 88.233637	 88.233634	 88.233631	 88.233628	 88.233626	 88.233623	
        99	 98.759652	 98.519448	 98.279532	 98.040049	 97.801142	 97.562952	 97.325619	 97.089283	 96.854082	  96.62015	 96.387621	 96.156624	 95.927289	 95.699739	 95.474096	  95.25048	 95.029005	 94.809782	  94.59292	 94.378521	 94.166684	 93.957506	 93.751077	 93.547484	 93.346807	 93.149124	 92.954508	 92.763026	 92.574741	 92.389711	 92.207988	 92.029622	 91.854654	 91.683124	 91.515065	 91.350506	 91.189471	 91.031979	 90.878045	 90.727678	 90.580884	 90.437665	 90.298018	 90.161934	 90.029404	 89.900411	 89.774937	 89.652959	 89.534451	 89.419383	 89.307723	 89.199435	  89.09448	 88.992817	 88.894401	 88.799186	 88.707124	 88.618163	 88.532251	 88.449332	 88.369352	 88.292251	 88.217971	 88.146452	 88.077632	  88.01145	 87.947842	 87.886746	 87.828096	  87.77183	 87.717882	 87.666188	 87.616684	 87.569305	 87.523988	 87.480668	 87.439283	  87.39977	 87.362066	 87.326112	 87.291845	 87.259207	 87.228138	 87.198581	  87.17048	 87.143778	 87.118422	 87.094357	 87.071532	 87.049896	 87.029399	 87.009993	 86.991631	 86.974268	 86.957858	 86.942358	 86.927728	 86.913926	 86.900914	 86.888653	 86.877107	 86.866241	 86.856021	 86.846415	  86.83739	 86.828918	 86.820968	 86.813514	 86.806527	 86.799984	 86.793859	  86.78813	 86.782773	 86.777768	 86.773094	 86.768732	 86.764664	 86.760872	  86.75734	 86.754051	 86.750992	 86.748146	 86.745502	 86.743046	 86.740767	 86.738652	 86.736691	 86.734875	 86.733193	 86.731636	 86.730197	 86.728866	 86.727637	 86.726502	 86.725455	 86.724489	 86.723599	  86.72278	 86.722025	 86.721331	 86.720693	 86.720107	 86.719569	 86.719075	 86.718622	 86.718207	 86.717826	 86.717478	 86.717159	 86.716868	 86.716602	 86.716359	 86.716137	 86.715934	  86.71575	 86.715581	 86.715428	 86.715289	 86.715162	 86.715047	 86.714942	 86.714847	 86.714761	 86.714683	 86.714612	 86.714548	  86.71449	 86.714437	 86.714389	 86.714347	 86.714308	 86.714273	 86.714241	 86.714213	 86.714187	 86.714164	 86.714143	 86.714124	 86.714107	 86.714092	 86.714079	 86.714066	 86.714055	 86.714045	 86.714037	 86.714028	 86.714021	 86.714015	 86.714009	 86.714003	 86.713998	 86.713994	  86.71399	 86.713986	 86.713983	 86.713979	 86.713976	 86.713973	  86.71397	
        99	 98.730066	 98.460293	 98.190846	 97.921883	 97.653567	 97.386057	  97.11951	 96.854082	 96.589928	   96.3272	 96.066047	 95.806616	  95.54905	  95.29349	 95.040072	  94.78893	 94.540192	 94.293984	 94.050426	 93.809635	 93.571723	 93.336796	 93.104957	 92.876301	 92.650922	 92.428905	 92.210333	  91.99528	 91.783818	 91.576011	 91.371919	 91.171596	 90.975091	 90.782447	 90.593701	 90.408885	 90.228027	 90.051148	 89.878265	 89.709389	 89.544525	 89.383677	 89.226839	 89.074004	  88.92516	 88.780289	 88.639369	 88.502376	  88.36928	 88.240048	 88.114644	 87.993026	 87.875151	 87.760973	 87.650443	 87.543508	 87.440113	 87.340201	 87.243713	 87.150588	 87.060762	 86.974171	 86.890747	 86.810425	 86.733134	 86.658805	 86.587367	 86.518749	  86.45288	 86.389688	 86.329099	 86.271042	 86.215444	 86.162233	 86.111338	 86.062685	 86.016206	 85.971829	 85.929484	 85.889104	 85.850619	 85.813963	  85.77907	 85.745875	 85.714314	 85.684326	 85.655848	 85.628821	 85.603186	 85.578887	 85.555867	 85.534073	  85.51345	 85.493949	 85.475519	 85.458112	 85.441681	  85.42618	 85.411565	 85.397795	 85.384828	 85.372625	 85.361147	 85.350358	 85.340223	 85.330707	 85.321779	 85.313407	 85.305561	 85.298212	 85.291333	 85.284898	 85.278882	 85.273261	 85.268012	 85.263113	 85.258545	 85.254286	 85.250319	 85.246625	 85.243189	 85.239993	 85.237023	 85.234265	 85.231705	  85.22933	 85.227128	 85.225088	 85.223199	 85.221451	 85.219834	 85.218339	 85.216959	 85.215684	 85.214508	 85.213424	 85.212424	 85.211504	 85.210657	 85.209877	 85.209161	 85.208503	 85.207898	 85.207343	 85.206834	 85.206368	 85.205941	  85.20555	 85.205192	 85.204865	 85.204566	 85.204293	 85.204043	 85.203816	 85.203609	  85.20342	 85.203248	 85.203091	 85.202949	 85.202819	 85.202702	 85.202595	 85.202498	  85.20241	 85.202331	 85.202259	 85.202193	 85.202134	 85.202081	 85.202033	 85.201989	  85.20195	 85.201914	 85.201882	 85.201854	 85.201828	 85.201804	 85.201783	 85.201764	 85.201747	 85.201732	 85.201718	 85.201706	 85.201695	 85.201685	 85.201676	 85.201667	  85.20166	 85.201653	 85.201647	 85.201642	 85.201637	 85.201632	 85.201628	 85.201624	  85.20162	 85.201617	 85.201613	  85.20161	
        99	 98.700639	 98.401459	 98.102638	 97.804355	 97.506789	 97.210117	 96.914513	  96.62015	   96.3272	 96.035832	  95.74621	 95.458497	 95.172854	 94.889434	  94.60839	  94.32987	 94.054017	 93.780969	 93.510861	 93.243821	 92.979973	 92.719436	 92.462323	 92.208741	 91.958793	 91.712574	 91.470174	 91.231678	 90.997164	 90.766703	 90.540363	 90.318202	 90.100276	  89.88663	 89.677309	 89.472346	 89.271772	 89.075611	 88.883882	 88.696596	  88.51376	 88.335377	 88.161442	 87.991946	 87.826876	 87.666212	 87.509931	 87.358004	 87.210399	 87.067079	 86.928003	 86.793127	 86.662403	 86.535779	 86.413199	 86.294607	  86.17994	 86.069137	 85.962131	 85.858854	 85.759236	 85.663205	 85.570687	 85.481608	 85.395891	  85.31346	 85.234234	 85.158137	 85.085087	 85.015006	 84.947812	 84.883426	 84.821767	 84.762756	 84.706312	 84.652356	  84.60081	 84.551595	 84.504634	 84.459852	 84.417172	  84.37652	 84.337823	 84.301009	 84.266008	  84.23275	 84.201168	 84.171195	 84.142766	 84.115818	 84.090288	 84.066118	 84.043247	  84.02162	 84.001181	 83.981876	 83.963654	 83.946463	 83.930256	 83.914984	 83.900604	  83.88707	 83.874341	 83.862376	 83.851136	 83.840583	 83.830682	 83.821397	 83.812695	 83.804545	 83.796917	  83.78978	 83.783108	 83.776874	 83.771053	  83.76562	 83.760554	 83.755831	 83.751431	 83.747335	 83.743524	  83.73998	 83.736686	 83.733628	 83.730788	 83.728154	 83.725713	  83.72345	 83.721355	 83.719416	 83.717623	 83.715966	 83.714435	 83.713021	 83.711717	 83.710514	 83.709406	 83.708385	 83.707445	 83.706581	 83.705786	 83.705056	 83.704386	 83.703771	 83.703207	 83.702689	 83.702216	 83.701782	 83.701385	 83.701022	  83.70069	 83.700388	 83.700111	 83.699859	 83.699629	 83.699419	 83.699229	 83.699055	 83.698897	 83.698754	 83.698623	 83.698505	 83.698398	   83.6983	 83.698212	 83.698132	  83.69806	 83.697994	 83.697935	 83.697881	 83.697833	  83.69779	  83.69775	 83.697715	 83.697683	 83.697654	 83.697628	 83.697605	 83.697584	 83.697565	 83.697548	 83.697533	 83.697519	 83.697506	 83.697495	 83.697485	 83.697476	 83.697468	 83.697461	 83.697454	 83.697448	 83.697442	 83.697437	 83.697432	 83.697428	 83.697424	  83.69742	 83.697416	 83.697412	
        99	  98.67139	 98.342977	 98.014959	 97.687532	 97.360891	 97.035231	 96.710745	 96.387621	 96.066047	  95.74621	  95.42829	 95.112466	 94.798912	   94.4878	 94.179296	 93.873563	 93.570756	  93.27103	  92.97453	 92.681398	  92.39177	 92.105777	 91.823542	 91.545183	 91.270813	 91.000537	 90.734453	 90.472654	 90.215225	 89.962247	 89.713792	 89.469924	 89.230705	 88.996185	  88.76641	 88.541421	  88.32125	 88.105923	  87.89546	 87.689874	 87.489175	 87.293362	 87.102432	 86.916376	 86.735177	 86.558814	 86.387263	 86.220492	 86.058465	 85.901141	 85.748477	 85.600423	 85.456926	 85.317929	 85.183373	 85.053193	 84.927323	 84.805693	 84.688232	 84.574864	 84.465512	 84.360098	 84.258541	 84.160758	 84.066666	  83.97618	 83.889214	 83.805681	 83.725494	 83.648565	 83.574806	 83.504129	 83.436446	 83.371668	 83.309709	 83.250482	 83.193899	 83.139876	 83.088327	 83.039168	 82.992318	 82.947694	 82.905216	 82.864806	 82.826385	 82.789878	 82.755209	 82.722308	 82.691101	 82.661519	 82.633496	 82.606964	 82.581859	 82.558118	 82.535682	 82.514491	 82.494488	 82.475618	 82.457827	 82.441063	 82.425278	 82.410422	 82.396449	 82.383315	 82.370976	 82.359393	 82.348524	 82.338331	  82.32878	 82.319833	 82.311459	 82.303626	 82.296302	 82.289459	 82.283069	 82.277105	 82.271543	 82.266359	  82.26153	 82.257033	  82.25285	  82.24896	 82.245344	 82.241987	  82.23887	 82.235979	 82.233298	 82.230815	 82.228515	 82.226387	 82.224418	 82.222599	 82.220918	 82.219366	 82.217935	 82.216615	 82.215398	 82.214278	 82.213246	 82.212297	 82.211425	 82.210624	 82.209888	 82.209213	 82.208593	 82.208025	 82.207505	 82.207029	 82.206594	 82.206195	 82.205831	 82.205499	 82.205195	 82.204918	 82.204666	 82.204436	 82.204227	 82.204036	 82.203863	 82.203705	 82.203562	 82.203432	 82.203314	 82.203207	  82.20311	 82.203023	 82.202943	 82.202871	 82.202806	 82.202748	 82.202695	 82.202647	 82.202604	 82.202565	  82.20253	 82.202498	  82.20247	 82.202444	 82.202421	   82.2024	 82.202381	 82.202365	  82.20235	 82.202336	 82.202324	 82.202313	 82.202303	 82.202294	 82.202286	 82.202279	 82.202272	 82.202266	  82.20226	 82.202255	  82.20225	 82.202245	 82.202241	 82.202237	 82.202233	
        99	 98.642333	  98.28488	 97.927857	 97.571478	 97.215955	 96.861499	  96.50832	 96.156624	 95.806616	 95.458497	 95.112466	 94.768715	 94.427436	 94.088814	 93.753032	 93.420264	 93.090682	 92.764453	 92.441735	 92.122683	 91.807446	 91.496164	 91.188972	    90.886	 90.587369	 90.293194	 90.003582	 89.718633	 89.438442	 89.163095	  88.89267	 88.627239	 88.366866	 88.111609	 87.861518	 87.616634	 87.376994	 87.142627	 86.913554	  86.68979	 86.471344	 86.258217	 86.050404	 85.847896	 85.650674	 85.458718	 85.271997	 85.090479	 84.914125	 84.742891	 84.576727	 84.415581	 84.259396	 84.108108	 83.961654	 83.819963	 83.682963	 83.550579	 83.422731	 83.299338	 83.180317	 83.065582	 82.955045	 82.848616	 82.746204	 82.647717	 82.553061	 82.462142	 82.374864	 82.291133	 82.210852	 82.133925	 82.060257	 81.989752	 81.922314	  81.85785	 81.796264	 81.737463	 81.681356	 81.627851	 81.576858	 81.528288	 81.482055	 81.438071	 81.396252	 81.356517	 81.318783	 81.282972	 81.249006	 81.216809	 81.186307	 81.157429	 81.130104	 81.104265	 81.079845	  81.05678	 81.035008	 81.014469	 80.995105	 80.976859	 80.959678	 80.943508	   80.9283	 80.914005	 80.900575	 80.887967	 80.876137	 80.865043	 80.854647	  80.84491	 80.835795	 80.827269	 80.819298	 80.811849	 80.804894	 80.798404	  80.79235	 80.786707	 80.781451	 80.776557	 80.772003	 80.767769	 80.763834	 80.760179	 80.756787	  80.75364	 80.750723	  80.74802	 80.745517	   80.7432	 80.741058	 80.739077	 80.737248	 80.735559	 80.734001	 80.732564	  80.73124	  80.73002	 80.728898	 80.727865	 80.726916	 80.726043	 80.725242	 80.724507	 80.723833	 80.723215	 80.722649	 80.722131	 80.721657	 80.721223	 80.720827	 80.720465	 80.720135	 80.719834	 80.719559	 80.719309	 80.719081	 80.718873	 80.718685	 80.718513	 80.718357	 80.718216	 80.718088	 80.717971	 80.717866	  80.71777	 80.717684	 80.717606	 80.717535	 80.717471	 80.717413	 80.717361	 80.717314	 80.717272	 80.717234	 80.717199	 80.717168	  80.71714	 80.717115	 80.717093	 80.717072	 80.717054	 80.717038	 80.717023	  80.71701	 80.716998	 80.716987	 80.716977	 80.716968	  80.71696	 80.716953	 80.716946	  80.71694	 80.716935	 80.716929	 80.716924	  80.71692	 80.716915	 80.716911	
        99	 98.613485	 98.227201	 97.841383	 97.456259	 97.072061	 96.689016	 96.307351	 95.927289	  95.54905	 95.172854	 94.798912	 94.427436	 94.058631	 93.692697	 93.329831	 92.970224	  92.61406	 92.261517	 91.912771	 91.567986	 91.227322	 90.890933	 90.558965	 90.231557	 89.908839	 89.590937	 89.277965	 88.970034	 88.667244	 88.369688	 88.077452	 87.790612	 87.509239	 87.233394	 86.963131	 86.698496	 86.439528	 86.186258	 85.938708	 85.696896	 85.460831	 85.230514	  85.00594	 84.787098	  84.57397	  84.36653	  84.16475	 83.968591	 83.778013	 83.592968	 83.413402	 83.239259	 83.070476	 82.906986	 82.748719	   82.5956	 82.447551	 82.304488	 82.166329	 82.032984	 81.904363	 81.780374	 81.660921	 81.545908	 81.435236	 81.328805	 81.226515	 81.128262	 81.033945	 80.943461	 80.856705	 80.773573	 80.693963	 80.617772	 80.544895	  80.47523	 80.408677	 80.345134	 80.284502	 80.226681	 80.171575	 80.119088	 80.069125	 80.021594	 79.976403	 79.933462	 79.892685	 79.853986	  79.81728	 79.782486	 79.749524	 79.718317	 79.688788	 79.660864	 79.634475	 79.609549	 79.586022	 79.563826	   79.5429	 79.523183	 79.504616	 79.487142	 79.470707	 79.455258	 79.440746	 79.427121	 79.414336	 79.402348	 79.391113	 79.380591	 79.370741	 79.361527	 79.352913	 79.344864	 79.337348	 79.330334	 79.323792	 79.317694	 79.312013	 79.306725	 79.301804	 79.297228	 79.292976	 79.289026	 79.285361	  79.28196	 79.278807	 79.275886	 79.273181	 79.270678	 79.268362	 79.266222	 79.264246	  79.26242	 79.260736	 79.259184	 79.257753	 79.256435	 79.255222	 79.254106	  79.25308	 79.252137	 79.251272	 79.250477	 79.249749	 79.249081	 79.248469	 79.247909	 79.247397	 79.246928	   79.2465	 79.246109	 79.245752	 79.245426	 79.245129	 79.244859	 79.244613	 79.244389	 79.244185	 79.243999	 79.243831	 79.243678	  79.24354	 79.243414	   79.2433	 79.243197	 79.243103	 79.243019	 79.242942	 79.242873	 79.242811	 79.242755	 79.242704	 79.242658	 79.242617	  79.24258	 79.242546	 79.242516	 79.242489	 79.242464	 79.242442	 79.242423	 79.242405	 79.242389	 79.242375	 79.242362	  79.24235	  79.24234	  79.24233	 79.242321	 79.242313	 79.242306	   79.2423	 79.242294	 79.242288	 79.242282	 79.242277	 79.242272	 79.242268	
        99	 98.584861	 98.169972	 97.755581	 97.341937	 96.929287	 96.517876	 96.107946	 95.699739	  95.29349	 94.889434	   94.4878	 94.088814	 93.692697	 93.299665	 92.909927	 92.523688	 92.141148	 91.762499	 91.387925	 91.017607	 90.651716	 90.290416	 89.933864	 89.582209	 89.235593	 88.894148	 88.557999	 88.227264	 87.902051	  87.58246	 87.268582	   86.9605	  86.65829	 86.362017	  86.07174	 85.787507	 85.509361	 85.237335	 84.971453	 84.711734	 84.458187	 84.210814	 83.969609	 83.734561	 83.505649	 83.282848	 83.066124	 82.855439	 82.650748	 82.451999	 82.259135	 82.072096	 81.890814	 81.715217	  81.54523	 81.380771	 81.221758	 81.068101	  80.91971	  80.77649	 80.638345	 80.505173	 80.376875	 80.253344	 80.134476	 80.020164	 79.910298	 79.804769	 79.703468	 79.606282	 79.513101	 79.423814	 79.338309	 79.256474	   79.1782	 79.103377	 79.031895	 78.963647	 78.898524	 78.836421	 78.777235	 78.720861	 78.667198	 78.616146	 78.567609	 78.521488	 78.477692	 78.436126	 78.396702	 78.359331	 78.323929	  78.29041	 78.258695	 78.228703	 78.200359	 78.173588	 78.148318	 78.124479	 78.102003	 78.080826	 78.060883	 78.042116	 78.024464	 78.007871	 77.992284	  77.97765	 77.963919	 77.951043	 77.938976	 77.927674	 77.917095	 77.907199	 77.897946	 77.889301	 77.881229	 77.873695	 77.866668	 77.860119	 77.854018	 77.848338	 77.843052	 77.838138	 77.833571	 77.829329	 77.825391	 77.821739	 77.818353	 77.815215	  77.81231	 77.809621	 77.807134	 77.804836	 77.802713	 77.800752	 77.798944	 77.797276	 77.795739	 77.794323	 77.793021	 77.791822	  77.79072	 77.789708	 77.788778	 77.787925	 77.787142	 77.786425	 77.785768	 77.785167	 77.784616	 77.784113	 77.783653	 77.783233	  77.78285	   77.7825	 77.782181	 77.781891	 77.781626	 77.781385	 77.781166	 77.780967	 77.780786	 77.780622	 77.780473	 77.780338	 77.780216	 77.780105	 77.780005	 77.779914	 77.779832	 77.779758	 77.779691	  77.77963	 77.779576	 77.779526	 77.779482	 77.779442	 77.779406	 77.779374	 77.779345	 77.779319	 77.779295	 77.779274	 77.779255	 77.779238	 77.779222	 77.779208	 77.779196	 77.779184	 77.779174	 77.779165	 77.779156	 77.779149	 77.779142	 77.779135	 77.779129	 77.779123	 77.779118	 77.779112	 77.779107	
        99	 98.556478	 98.113222	 97.670499	 97.228574	  96.78771	  96.34817	 95.910214	 95.474096	 95.040072	  94.60839	 94.179296	 93.753032	 93.329831	 92.909927	 92.493542	 92.080896	 91.672201	 91.267663	  90.86748	 90.471843	 90.080935	 89.694932	 89.314003	 88.938305	  88.56799	   88.2032	 87.844069	 87.490721	 87.143273	 86.801831	 86.466493	 86.137347	 85.814474	 85.497945	 85.187821	 84.884155	 84.586992	 84.296367	 84.012307	 83.734831	 83.463948	 83.199661	 82.941965	 82.690847	 82.446284	  82.20825	 81.976709	 81.751619	 81.532932	 81.320594	 81.114545	 80.914718	 80.721041	 80.533438	 80.351829	 80.176126	 80.006241	 79.842078	 79.683542	  79.53053	 79.382939	 79.240663	 79.103592	 78.971616	 78.844621	 78.722493	 78.605115	 78.492372	 78.384144	 78.280314	 78.180762	  78.08537	 77.994018	 77.906589	 77.822963	 77.743024	 77.666655	  77.59374	 77.524165	 77.457817	 77.394583	 77.334355	 77.277023	 77.222481	 77.170625	 77.121351	  77.07456	 77.030153	 76.988033	 76.948107	 76.910284	 76.874474	  76.84059	 76.808548	 76.778266	 76.749665	 76.722667	 76.697198	 76.673185	  76.65056	 76.629254	 76.609203	 76.590344	 76.572617	 76.555964	  76.54033	  76.52566	 76.511903	 76.499012	 76.486937	 76.475635	 76.465062	 76.455177	 76.445941	 76.437316	 76.429267	 76.421761	 76.414763	 76.408245	 76.402176	  76.39653	 76.391279	   76.3864	 76.381868	 76.377661	 76.373759	 76.370141	 76.366789	 76.363685	 76.360813	 76.358156	 76.355701	 76.353432	 76.351338	 76.349405	 76.347624	 76.345982	 76.344469	 76.343077	 76.341797	 76.340619	 76.339538	 76.338545	 76.337633	 76.336797	 76.336031	 76.335329	 76.334686	 76.334098	 76.333561	 76.333069	 76.332621	 76.332211	 76.331837	 76.331497	 76.331186	 76.330904	 76.330646	 76.330413	   76.3302	 76.330007	 76.329831	 76.329672	 76.329528	 76.329397	 76.329279	 76.329172	 76.329075	 76.328987	 76.328908	 76.328836	 76.328771	 76.328713	 76.328661	 76.328613	 76.328571	 76.328532	 76.328498	 76.328466	 76.328438	 76.328413	 76.328391	  76.32837	 76.328352	 76.328335	 76.328321	 76.328307	 76.328295	 76.328284	 76.328274	 76.328265	 76.328257	 76.328249	 76.328242	 76.328236	  76.32823	 76.328224	 76.328218	 76.328213	
        99	 98.528349	 98.056982	 97.586181	 97.116228	 96.647405	 96.179989	 95.714256	  95.25048	  94.78893	  94.32987	 93.873563	 93.420264	 92.970224	 92.523688	 92.080896	  91.64208	 91.207465	 90.777271	 90.351708	 89.930979	 89.515279	 89.104796	 88.699707	 88.300182	 87.906382	 87.518457	 87.136549	 86.760792	 86.391308	 86.028211	 85.671605	 85.321585	 84.978236	 84.641632	 84.311839	 83.988915	 83.672905	 83.363848	 83.061773	 82.766699	 82.478636	 82.197589	 81.923549	 81.656504	 81.396431	 81.143301	 80.897075	  80.65771	 80.425154	  80.19935	 79.980232	 79.767731	 79.561772	 79.362271	 79.169144	 78.982298	 78.801638	 78.627064	 78.458473	 78.295757	 78.138806	 77.987507	 77.841743	 77.701396	 77.566347	 77.436473	 77.311652	 77.191758	 77.076666	 76.966251	 76.860386	 76.758944	 76.661799	 76.568824	 76.479895	 76.394886	 76.313674	 76.236134	 76.162147	  76.09159	 76.024347	 75.960299	 75.899331	  75.84133	 75.786185	 75.733786	 75.684027	 75.636804	 75.592013	 75.549555	 75.509333	 75.471252	 75.435219	 75.401145	 75.368942	 75.338527	 75.309817	 75.282732	 75.257197	 75.233137	  75.21048	 75.189157	 75.169102	 75.150251	 75.132542	 75.115916	 75.100315	 75.085687	 75.071977	 75.059137	 75.047118	 75.035874	 75.025362	 75.015541	 75.006369	  74.99781	 74.989827	 74.982386	 74.975454	 74.969001	 74.962996	 74.957412	 74.952223	 74.947404	 74.942931	 74.938781	 74.934934	 74.931369	 74.928068	 74.925014	 74.922189	 74.919577	 74.917165	 74.914938	 74.912883	 74.910988	 74.909242	 74.907634	 74.906153	 74.904792	  74.90354	 74.902389	 74.901333	 74.900364	 74.899475	  74.89866	 74.897914	  74.89723	 74.896605	 74.896033	 74.895511	 74.895033	 74.894598	 74.894201	 74.893838	 74.893508	 74.893208	 74.892934	 74.892685	 74.892459	 74.892254	 74.892067	 74.891898	 74.891745	 74.891606	  74.89148	 74.891366	 74.891263	 74.891169	 74.891085	 74.891009	  74.89094	 74.890878	 74.890822	 74.890772	 74.890727	 74.890686	 74.890649	 74.890616	 74.890586	 74.890559	 74.890535	 74.890514	 74.890494	 74.890477	 74.890461	 74.890447	 74.890434	 74.890422	 74.890412	 74.890402	 74.890393	 74.890385	 74.890378	 74.890371	 74.890364	 74.890358	 74.890352	 74.890346	
        99	  98.50049	  98.00128	  97.50267	 97.004958	 96.508443	 96.013418	 95.520175	 95.029005	 94.540192	 94.054017	 93.570756	 93.090682	  92.61406	 92.141148	 91.672201	 91.207465	 90.747179	 90.291574	 89.840874	 89.395293	  88.95504	  88.52031	 88.091294	  87.66817	 87.251108	 86.840269	 86.435804	 86.037851	 85.646543	 85.261999	 84.884329	 84.513634	 84.150004	 83.793517	 83.444245	 83.102246	 82.767571	 82.440259	  82.12034	 81.807837	 81.502759	 81.205111	 80.914885	 80.632066	 80.356631	 80.088548	 79.827779	 79.574275	 79.327983	  79.08884	  78.85678	 78.631728	 78.413602	 78.202318	 77.997783	   77.7999	  77.60857	 77.423684	 77.245135	 77.072808	 76.906586	 76.746349	 76.591975	 76.443339	 76.300313	 76.162768	 76.030573	 75.903598	 75.781708	 75.664771	 75.552652	 75.445218	 75.342335	 75.243869	 75.149687	 75.059657	 74.973647	 74.891528	  74.81317	 74.738446	  74.66723	 74.599399	  74.53483	 74.473403	    74.415	 74.359507	 74.306809	 74.256796	  74.20936	 74.164394	 74.121796	 74.081465	 74.043304	 74.007217	 73.973113	 73.940901	 73.910495	 73.881811	 73.854767	 73.829285	  73.80529	 73.782708	 73.761469	 73.741504	 73.722749	  73.70514	 73.688619	 73.673126	 73.658607	 73.645008	 73.632279	 73.620371	 73.609238	 73.598836	 73.589123	 73.580058	 73.571604	 73.563723	 73.556382	 73.549547	 73.543188	 73.537275	 73.531779	 73.526675	 73.521938	 73.517543	 73.513468	 73.509693	 73.506197	 73.502962	  73.49997	 73.497205	  73.49465	 73.492291	 73.490115	 73.488108	 73.486259	 73.484556	 73.482988	 73.481546	  73.48022	 73.479002	 73.477883	 73.476856	 73.475915	 73.475052	 73.474261	 73.473538	 73.472875	  73.47227	 73.471717	 73.471211	  73.47075	 73.470329	 73.469945	 73.469596	 73.469278	 73.468988	 73.468724	 73.468485	 73.468267	  73.46807	 73.467891	 73.467728	 73.467581	 73.467448	 73.467327	 73.467218	 73.467119	  73.46703	 73.466949	 73.466876	 73.466811	 73.466751	 73.466698	  73.46665	 73.466607	 73.466568	 73.466533	 73.466501	 73.466473	 73.466447	 73.466424	 73.466404	 73.466385	 73.466368	 73.466353	  73.46634	 73.466327	 73.466316	 73.466306	 73.466297	 73.466288	  73.46628	 73.466273	 73.466266	 73.466259	 73.466253	 73.466247	
