Time step 54:
        99	        99	        99	        99	        99	        99	        99	        99	        99	        99	        99	        99	        99	        99	        99	        99	        99	        99	        99	        99	        99	        99	        99	        99	        99	        99	        99	        99	        99	        99	        99	        99	        99	        99	        99	        99	        99	        99	        99	        99	        99	        99	        99	        99	        99	        99	        99	        99	        99	        99	        99	        99	        99	        99	        99	        99	        99	        99	        99	        99	        99	        99	        99	        99	        99	        99	        99	        99	        99	        99	        99	        99	        99	        99	        99	        99	        99	        99	        99	        99	        99	        99	        99	        99	        99	        99	        99	        99	        99	        99	        99	        99	        99	        99	        99	        99	        99	        99	        99	        99	        99	        99	        99	        99	        99	        99	        99	        99	        99	        99	        99	        99	        99	        99	        99	        99	        99	        99	        99	        99	        99	        99	        99	        99	        99	        99	        99	        99	        99	        99	        99	        99	        99	        99	        99	        99	        99	        99	        99	        99	        99	        99	        99	        99	        99	        99	        99	        99	        99	        99	        99	        99	        99	        99	        99	        99	        99	        99	        99	        99	        99	        99	        99	        99	        99	        99	        99	        99	        99	        99	        99	        99	        99	        99	        99	        99	        99	        99	        99	        99	        99	        99	        99	        99	        99	        99	        99	        99	        99	        99	        99	        99	        99	        99	        99	        99	        99	        99	        99	        99	
        99	 98.988241	 98.976486	 98.964735	 98.952993	 98.941262	 98.929545	 98.917844	 98.906162	 98.894503	 98.882867	 98.871259	  98.85968	 98.848134	 98.836623	  98.82515	 98.813717	 98.802327	 98.790981	 98.779684	 98.768436	 98.757241	 98.746101	 98.735018	 98.723994	 98.713032	 98.702134	 98.691302	 98.680538	 98.669845	 98.659223	 98.648676	 98.638206	 98.627813	   98.6175	 98.607268	 98.597121	 98.587058	 98.577082	 98.567194	 98.557396	 98.547689	 98.538074	 98.528554	 98.519129	   98.5098	 98.500569	 98.491437	 98.482405	 98.473473	 98.464643	 98.455916	 98.447292	 98.438772	 98.430358	 98.422049	 98.413846	  98.40575	 98.397761	 98.389879	 98.382106	 98.374441	 98.366884	 98.359436	 98.352097	 98.344867	 98.337746	 98.330735	 98.323832	 98.317038	 98.310353	 98.303776	 98.297307	 98.290947	 98.284694	 98.278549	  98.27251	 98.266578	 98.260751	  98.25503	 98.249413	 98.243901	 98.238492	 98.233185	 98.227981	 98.222878	 98.217875	 98.212972	 98.208167	 98.203461	 98.198851	 98.194337	 98.189919	 98.185594	 98.181362	 98.177223	 98.173174	 98.169215	 98.165345	 98.161562	 98.157866	 98.154255	 98.150729	 98.147285	 98.143924	 98.140643	 98.137442	 98.134319	 98.131273	 98.128303	 98.125408	 98.122586	 98.119837	 98.117158	 98.114549	 98.112009	 98.109536	 98.107129	 98.104787	 98.102509	 98.100293	 98.098138	 98.096043	 98.094007	 98.092029	 98.090107	  98.08824	 98.086427	 98.084667	 98.082959	 98.081301	 98.079693	 98.078133	  98.07662	 98.075153	 98.073731	 98.072353	 98.071018	 98.069724	 98.068472	 98.067259	 98.066084	 98.064948	 98.063848	 98.062783	 98.061754	 98.060758	 98.059795	 98.058864	 98.057963	 98.057094	 98.056253	  98.05544	 98.054656	 98.053898	 98.053165	 98.052458	 98.051776	 98.051116	  98.05048	 98.049865	 98.049272	 98.048699	 98.048147	 98.047613	 98.047098	   98.0466	  98.04612	 98.045656	 98.045208	 98.044776	 98.044358	 98.043954	 98.043563	 98.043185	  98.04282	 98.042466	 98.042124	 98.041792	  98.04147	 98.041158	 98.040855	 98.040561	 98.040275	 98.039996	 98.039725	  98.03946	 98.039201	 98.038948	   98.0387	 98.038457	 98.038219	 98.037984	 98.037753	 98.037525	 98.037299	 98.037075	 98.036854	 98.036633	 98.036413	
        99	 98.976486	 98.952977	 98.929479	 98.905998	 98.882539	 98.859107	 98.835708	 98.812347	  98.78903	 98.765762	 98.742548	 98.719394	 98.696304	 98.673285	 98.650341	 98.627478	 98.604699	 98.582011	 98.559419	 98.536926	 98.514539	 98.492261	 98.470097	 98.448053	 98.426132	 98.404338	 98.382677	 98.361151	 98.339767	 98.318527	 98.297435	 98.276496	 98.255712	 98.235089	 98.214629	 98.194335	 98.174212	 98.154262	 98.134489	 98.114895	 98.095483	 98.076257	 98.057218	  98.03837	 98.019715	 98.001255	 97.982993	  97.96493	 97.947069	 97.929411	 97.911959	 97.894713	 97.877676	 97.860849	 97.844232	 97.827829	 97.811638	 97.795662	 97.779901	 97.764356	 97.749027	 97.733916	 97.719022	 97.704346	 97.689888	 97.675648	 97.661626	 97.647822	 97.634235	 97.620866	 97.607715	 97.594779	  97.58206	 97.569556	 97.557266	  97.54519	 97.533327	 97.521675	 97.510234	 97.499002	 97.487978	 97.477161	  97.46655	 97.456142	 97.445937	 97.435933	 97.426128	  97.41652	 97.407108	  97.39789	 97.388863	 97.380027	 97.371378	 97.362916	 97.354637	 97.346541	 97.338624	 97.330884	  97.32332	 97.315929	 97.308708	 97.301656	  97.29477	 97.288048	 97.281487	 97.275086	  97.26884	  97.26275	  97.25681	 97.251021	 97.245378	 97.239879	 97.234523	 97.229306	 97.224226	  97.21928	 97.214467	 97.209784	 97.205227	 97.200796	 97.196487	 97.192298	 97.188226	  97.18427	 97.180426	 97.176693	 97.173068	 97.169548	 97.166132	 97.162817	   97.1596	 97.156481	 97.153455	 97.150522	 97.147679	 97.144923	 97.142253	 97.139666	 97.137161	 97.134735	 97.132387	 97.130114	 97.127914	 97.125785	 97.123726	 97.121735	 97.119809	 97.117947	 97.116147	 97.114407	 97.112726	 97.111102	 97.109532	 97.108017	 97.106552	 97.105138	 97.103773	 97.102455	 97.101182	 97.099953	 97.098767	 97.097621	 97.096516	 97.095449	 97.094418	 97.093424	 97.092463	 97.091536	  97.09064	 97.089775	 97.088939	 97.088131	  97.08735	 97.086594	 97.085864	 97.085157	 97.084472	 97.083808	 97.083165	 97.082541	 97.081935	 97.081346	 97.080774	 97.080217	 97.079674	 97.079144	 97.078627	 97.078121	 97.077625	 97.077139	 97.076662	 97.076193	 97.075731	 97.075274	 97.074823	 97.074376	 97.073932	 97.073491	 97.073052	
        99	 98.964735	 98.929479	 98.894239	 98.859024	 98.823842	 98.788701	 98.753609	 98.718575	 98.683606	 98.648711	 98.613897	 98.579172	 98.544545	 98.510023	 98.475614	 98.441325	 98.407164	 98.373139	 98.339257	 98.305525	  98.27195	  98.23854	 98.205301	 98.172241	 98.139365	 98.106681	 98.074195	 98.041914	 98.009843	 97.977989	 97.946358	 97.914955	 97.883786	 97.852857	 97.822173	 97.791738	 97.761559	  97.73164	 97.701986	 97.672601	 97.643489	 97.614655	 97.586103	 97.557836	 97.529859	 97.502175	 97.474786	 97.447698	 97.420911	  97.39443	 97.368256	 97.342393	 97.316842	 97.291606	 97.266686	 97.242085	 97.217804	 97.193845	 97.170208	 97.146895	 97.123907	 97.101244	 97.078907	 97.056898	 97.035215	 97.013859	  96.99283	 96.972128	 96.951752	 96.931703	 96.911979	 96.892579	 96.873504	 96.854751	 96.836321	  96.81821	 96.800418	 96.782944	 96.765786	 96.748942	 96.732409	 96.716187	 96.700273	 96.684665	  96.66936	 96.654357	 96.639652	 96.625243	 96.611127	 96.597302	 96.583766	 96.570513	 96.557543	 96.544852	 96.532437	 96.520294	 96.508421	 96.496814	  96.48547	 96.474385	 96.463556	  96.45298	 96.442654	 96.432572	 96.422733	 96.413132	 96.403766	 96.394632	 96.385725	 96.377042	 96.368579	 96.360333	   96.3523	 96.344476	 96.336857	 96.329441	 96.322223	 96.315199	 96.308366	  96.30172	 96.295257	 96.288975	 96.282869	 96.276935	 96.271171	 96.265572	 96.260135	 96.254857	 96.249734	 96.244762	 96.239938	  96.23526	 96.230723	 96.226323	 96.222059	 96.217926	 96.213922	 96.210043	 96.206286	 96.202648	 96.199126	 96.195717	 96.192418	 96.189226	 96.186138	 96.183151	 96.180263	 96.177471	 96.174771	 96.172162	 96.169641	 96.167205	 96.164851	 96.162578	 96.160382	 96.158261	 96.156213	 96.154236	 96.152327	 96.150484	 96.148705	 96.146988	  96.14533	 96.143729	 96.142184	 96.140692	 96.139252	 96.137861	 96.136518	  96.13522	 96.133966	 96.132755	 96.131583	 96.130451	 96.129355	 96.128294	 96.127267	 96.126272	 96.125308	 96.124372	 96.123463	  96.12258	 96.121722	 96.120886	 96.120072	 96.119277	 96.118501	 96.117743	    96.117	 96.116271	 96.115555	 96.114852	 96.114158	 96.113474	 96.112797	 96.112127	 96.111461	   96.1108	 96.110141	
        99	 98.952993	 98.905998	 98.859024	 98.812084	 98.765187	 98.718345	 98.671569	 98.624869	 98.578257	 98.531742	 98.485336	  98.43905	 98.392893	 98.346876	 98.301009	 98.255303	 98.209768	 98.164414	 98.119249	 98.074286	 98.029532	 97.984997	  97.94069	 97.896622	 97.852799	 97.809233	  97.76593	   97.7229	 97.680151	  97.63769	 97.595527	 97.553668	 97.512121	 97.470893	 97.429992	 97.389424	 97.349196	 97.309315	 97.269786	 97.230617	 97.191812	 97.153377	 97.115318	 97.077639	 97.040346	 97.003444	 96.966936	 96.930828	 96.895122	 96.859823	 96.824935	  96.79046	 96.756401	 96.722762	 96.689545	 96.656753	 96.624387	  96.59245	 96.560942	 96.529867	 96.499224	 96.469016	 96.439242	 96.409903	    96.381	 96.352534	 96.324503	 96.296907	 96.269747	 96.243022	 96.216731	 96.190872	 96.165445	 96.140449	 96.115881	  96.09174	 96.068024	 96.044732	  96.02186	 95.999407	  95.97737	 95.955746	 95.934534	 95.913728	 95.893327	 95.873328	 95.853727	  95.83452	 95.815705	 95.797277	 95.779232	 95.761568	 95.744279	 95.727362	 95.710813	 95.694627	   95.6788	 95.663329	 95.648207	 95.633432	 95.618997	   95.6049	 95.591134	 95.577696	 95.564581	 95.551784	 95.539299	 95.527123	  95.51525	 95.503676	 95.492396	 95.481404	 95.470696	 95.460267	 95.450112	 95.440225	 95.430604	 95.421241	 95.412133	 95.403274	  95.39466	 95.386286	 95.378146	 95.370237	 95.362553	  95.35509	 95.347843	 95.340807	 95.333978	 95.327351	 95.320921	 95.314685	 95.308637	 95.302773	 95.297089	  95.29158	 95.286243	 95.281072	 95.276064	 95.271215	  95.26652	 95.261976	 95.257578	 95.253323	 95.249207	 95.245226	 95.241376	 95.237654	 95.234055	 95.230578	 95.227217	 95.223969	 95.220832	 95.217802	 95.214875	 95.212048	 95.209319	 95.206683	 95.204138	 95.201682	  95.19931	 95.197021	 95.194811	 95.192677	 95.190618	 95.188629	 95.186709	 95.184855	 95.183065	 95.181335	 95.179664	 95.178049	 95.176487	 95.174978	 95.173517	 95.172103	 95.170734	 95.169408	 95.168122	 95.166874	 95.165663	 95.164487	 95.163342	 95.162228	 95.161143	 95.160084	  95.15905	 95.158038	 95.157048	 95.156076	 95.155123	 95.154184	  95.15326	 95.152347	 95.151445	 95.150552	 95.149665	 95.148784	 95.147906	
        99	 98.941262	 98.882539	 98.823842	 98.765187	 98.706587	 98.648055	 98.589605	 98.531251	 98.473005	 98.414883	 98.356896	 98.299058	 98.241382	 98.183881	 98.126568	 98.069455	 98.012556	 97.955883	 97.899448	 97.843263	  97.78734	  97.73169	 97.676327	  97.62126	 97.566502	 97.512063	 97.457953	 97.404185	 97.350767	  97.29771	 97.245024	 97.192718	 97.140803	 97.089286	 97.038178	 96.987485	 96.937218	 96.887384	 96.837991	 96.789046	 96.740557	  96.69253	 96.644973	 96.597891	 96.551292	  96.50518	 96.459561	 96.414441	 96.369825	 96.325717	 96.282121	 96.239042	 96.196484	  96.15445	 96.112944	 96.071968	 96.031524	 95.991617	 95.952246	 95.913416	 95.875126	 95.837378	 95.800174	 95.763514	 95.727398	 95.691827	   95.6568	 95.622318	  95.58838	 95.554985	 95.522133	 95.489821	 95.458048	 95.426813	 95.396114	 95.365949	 95.336315	 95.307209	  95.27863	 95.250573	 95.223037	 95.196017	  95.16951	 95.143512	  95.11802	  95.09303	 95.068537	 95.044537	 95.021026	 94.997999	 94.975451	 94.953379	 94.931775	 94.910636	 94.889957	 94.869732	 94.849956	 94.830623	 94.811727	 94.793264	 94.775228	 94.757612	 94.740411	  94.72362	 94.707231	  94.69124	  94.67564	 94.660425	 94.645589	 94.631127	 94.617031	 94.603296	 94.589916	 94.576884	 94.564195	 94.551841	 94.539818	 94.528119	 94.516738	 94.505668	 94.494904	  94.48444	 94.474269	 94.464386	 94.454785	 94.445459	 94.436404	 94.427612	 94.419079	 94.410798	 94.402763	  94.39497	 94.387413	 94.380086	 94.372983	   94.3661	  94.35943	 94.352969	 94.346711	 94.340652	 94.334785	 94.329107	 94.323612	 94.318295	 94.313152	 94.308177	 94.303366	 94.298715	 94.294219	 94.289873	 94.285674	 94.281616	 94.277696	 94.273909	 94.270252	  94.26672	 94.263309	 94.260016	 94.256836	 94.253766	 94.250803	 94.247942	 94.245181	 94.242515	 94.239941	 94.237456	 94.235057	  94.23274	 94.230503	 94.228342	 94.226253	 94.224235	 94.222284	 94.220398	 94.218572	 94.216806	 94.215095	 94.213438	 94.211831	 94.210272	 94.208759	 94.207288	 94.205858	 94.204466	  94.20311	 94.201787	 94.200495	 94.199231	 94.197993	  94.19678	 94.195588	 94.194415	  94.19326	  94.19212	 94.190993	 94.189876	 94.188768	 94.187667	  94.18657	
        99	 98.929545	 98.859107	 98.788701	 98.718345	 98.648055	 98.577847	 98.507737	 98.437742	 98.367877	  98.29816	 98.228605	 98.159229	 98.090048	 98.021076	  97.95233	 97.883825	 97.815575	 97.747596	 97.679903	 97.612509	 97.545431	  97.47868	 97.412272	 97.346221	 97.280539	  97.21524	 97.150336	 97.085841	 97.021767	 96.958126	  96.89493	 96.832191	 96.769919	 96.708125	 96.646821	 96.586017	 96.525722	 96.465947	   96.4067	 96.347991	 96.289829	 96.232222	 96.175177	 96.118704	 96.062808	 96.007498	 95.952779	 95.898658	 95.845141	 95.792234	 95.739942	  95.68827	 95.637222	 95.586803	 95.537016	 95.487866	 95.439355	 95.391486	 95.344262	 95.297685	 95.251757	 95.206479	 95.161853	 95.117879	 95.074559	 95.031892	 94.989878	 94.948518	 94.907809	 94.867753	 94.828346	 94.789589	 94.751478	 94.714012	 94.677189	 94.641006	  94.60546	 94.570549	 94.536268	 94.502615	 94.469585	 94.437175	  94.40538	 94.374196	 94.343619	 94.313643	 94.284265	 94.255477	 94.227276	 94.199655	  94.17261	 94.146133	 94.120221	 94.094865	  94.07006	 94.045801	 94.022079	 93.998889	 93.976225	 93.954079	 93.932444	 93.911314	 93.890682	 93.870541	 93.850883	 93.831702	  93.81299	  93.79474	 93.776945	 93.759597	 93.742689	 93.726214	 93.710165	 93.694533	 93.679313	 93.664495	 93.650074	 93.636041	 93.622389	 93.609111	   93.5962	 93.583648	 93.571449	 93.559594	 93.548077	 93.536892	 93.526029	 93.515484	 93.505248	 93.495315	 93.485678	 93.476331	 93.467266	 93.458477	 93.449957	 93.441701	 93.433701	 93.425951	 93.418445	 93.411176	  93.40414	 93.397329	 93.390737	  93.38436	  93.37819	 93.372223	 93.366453	 93.360874	 93.355481	 93.350268	 93.345231	 93.340364	 93.335661	 93.331119	 93.326732	 93.322496	 93.318404	 93.314454	  93.31064	 93.306958	 93.303404	 93.299972	  93.29666	 93.293462	 93.290375	 93.287395	 93.284517	 93.281738	 93.279054	 93.276462	 93.273957	 93.271536	 93.269196	 93.266933	 93.264744	 93.262625	 93.260573	 93.258585	 93.256657	 93.254788	 93.252972	 93.251209	 93.249493	 93.247824	 93.246197	  93.24461	  93.24306	 93.241544	 93.240059	 93.238603	 93.237174	 93.235767	 93.234382	 93.233014	 93.231662	 93.230323	 93.228994	 93.227673	 93.226357	
        99	 98.917844	 98.835708	 98.753609	 98.671569	 98.589605	 98.507737	 98.425983	 98.344364	 98.262897	 98.181601	 98.100495	 98.019597	 97.938926	   97.8585	 97.778337	 97.698454	  97.61887	 97.539601	 97.460666	  97.38208	 97.303861	 97.226025	 97.148588	 97.071567	 96.994977	 96.918833	 96.843151	 96.767945	 96.693229	 96.619019	 96.545328	 96.472168	 96.399554	 96.327499	 96.256013	 96.185111	 96.114802	   96.0451	 95.976014	 95.907555	 95.839733	 95.772559	 95.706041	 95.640188	  95.57501	 95.510513	 95.446707	 95.383598	 95.321193	 95.259499	 95.198523	 95.138269	 95.078743	 95.019951	 94.961896	 94.904582	 94.848015	 94.792196	  94.73713	 94.682817	 94.629261	 94.576464	 94.524427	  94.47315	 94.422635	 94.372882	 94.323891	 94.275662	 94.228193	 94.181483	 94.135533	 94.090338	 94.045898	  94.00221	 93.959272	 93.917079	  93.87563	 93.834921	 93.794947	 93.755704	 93.717189	 93.679397	 93.642321	 93.605959	 93.570304	  93.53535	 93.501092	 93.467523	 93.434638	 93.402431	 93.370894	  93.34002	 93.309804	 93.280237	 93.251313	 93.223024	 93.195363	 93.168322	 93.141894	  93.11607	 93.090842	 93.066203	 93.042145	 93.018658	 92.995736	 92.973369	 92.951549	 92.930269	 92.909518	 92.889289	 92.869573	 92.850362	 92.831648	  92.81342	 92.795671	 92.778393	 92.761576	 92.745213	 92.729294	 92.713811	 92.698756	 92.684119	 92.669894	  92.65607	 92.642641	 92.629597	 92.616931	 92.604634	 92.592699	 92.581116	 92.569879	 92.558979	 92.548409	  92.53816	 92.528225	 92.518598	 92.509269	 92.500232	 92.491479	 92.483004	 92.474799	 92.466856	  92.45917	 92.451734	  92.44454	 92.437582	 92.430853	 92.424347	 92.418059	  92.41198	 92.406106	 92.400431	 92.394948	 92.389651	 92.384536	 92.379595	 92.374825	 92.370218	 92.365771	 92.361478	 92.357333	 92.353332	 92.349469	  92.34574	 92.342141	 92.338665	 92.335309	 92.332069	  92.32894	 92.325916	 92.322996	 92.320173	 92.317444	 92.314805	 92.312252	 92.309781	 92.307389	  92.30507	 92.302823	 92.300643	 92.298526	 92.296469	 92.294469	 92.292522	 92.290625	 92.288774	 92.286967	 92.285199	 92.283468	 92.281771	 92.280104	 92.278464	 92.276848	 92.275253	 92.273677	 92.272115	 92.270566	 92.269025	  92.26749	
        99	 98.906162	 98.812347	 98.718575	 98.624869	 98.531251	 98.437742	 98.344364	 98.251139	 98.158088	 98.065232	 97.972594	 97.880193	 97.788052	  97.69619	 97.604628	 97.513387	 97.422486	 97.331947	 97.241787	 97.152027	 97.062686	 96.973783	 96.885335	 96.797362	 96.709882	 96.622911	 96.536467	 96.450568	 96.365229	 96.280466	 96.196297	 96.112735	 96.029796	 95.947494	 95.865845	  95.78486	 95.704555	 95.624941	 95.546032	 95.467839	 95.390374	 95.313648	 95.237671	 95.162455	 95.088009	 95.014342	 94.941463	  94.86938	 94.798102	 94.727636	 94.657989	 94.589168	 94.521178	 94.454026	 94.387716	 94.322253	 94.257642	 94.193887	  94.13099	 94.068955	 94.007784	  93.94748	 93.888043	 93.829476	 93.771778	 93.714951	 93.658993	 93.603906	 93.549687	 93.496337	 93.443852	 93.392231	 93.341472	 93.291572	 93.242528	 93.194337	 93.146994	 93.100496	 93.054838	 93.010016	 92.966024	 92.922858	 92.880511	 92.838978	 92.798253	 92.758329	 92.719199	 92.680858	 92.643297	  92.60651	 92.570488	 92.535225	 92.500712	 92.466942	 92.433905	 92.401594	     92.37	 92.339114	 92.308927	 92.279431	 92.250617	 92.222474	 92.194995	 92.168169	 92.141987	  92.11644	 92.091518	 92.067211	  92.04351	 92.020405	 91.997886	 91.975943	 91.954567	 91.933748	 91.913475	  91.89374	 91.874532	 91.855842	  91.83766	 91.819975	 91.802779	 91.786062	 91.769813	 91.754024	 91.738686	 91.723787	  91.70932	 91.695275	 91.681642	 91.668412	 91.655577	 91.643127	 91.631054	 91.619348	 91.608001	 91.597004	 91.586349	 91.576027	  91.56603	 91.556349	 91.546977	 91.537906	 91.529127	 91.520633	 91.512416	 91.504468	 91.496783	 91.489353	  91.48217	 91.475227	 91.468518	 91.462035	 91.455773	 91.449723	  91.44388	 91.438237	 91.432788	 91.427527	 91.422447	 91.417543	 91.412809	 91.408239	 91.403827	 91.399568	 91.395457	 91.391487	 91.387654	 91.383953	 91.380379	 91.376926	  91.37359	 91.370365	 91.367249	 91.364234	 91.361318	 91.358496	 91.355763	 91.353116	 91.350549	 91.348058	 91.345641	 91.343292	 91.341007	 91.338783	 91.336616	 91.334502	 91.332438	 91.330419	 91.328442	 91.326503	 91.324599	 91.322726	  91.32088	 91.319059	 91.317258	 91.315474	 91.313705	 91.311945	 91.310192	
        99	 98.894503	  98.78903	 98.683606	 98.578257	 98.473005	 98.367877	 98.262897	 98.158088	 98.053474	 97.949081	 97.844932	  97.74105	 97.637459	 97.534183	 97.431244	 97.328665	  97.22647	  97.12468	 97.023317	 96.922404	 96.821962	 96.722012	 96.622574	  96.52367	 96.425319	 96.327542	 96.230357	 96.133784	 96.037841	 95.942547	 95.847918	 95.753973	 95.660728	   95.5682	 95.476405	 95.385358	 95.295074	 95.205568	 95.116854	 95.028944	 94.941854	 94.855594	 94.770177	 94.685615	 94.601918	 94.519097	 94.437163	 94.356123	 94.275989	 94.196767	 94.118466	 94.041093	 93.964655	 93.889158	 93.814609	 93.741013	 93.668373	 93.596696	 93.525984	  93.45624	 93.387469	 93.319671	 93.252849	 93.187004	 93.122137	 93.058248	 92.995338	 92.933406	  92.87245	  92.81247	 92.753464	 92.695429	 92.638363	 92.582262	 92.527124	 92.472945	 92.419719	 92.367444	 92.316112	 92.265721	 92.216263	 92.167733	 92.120124	  92.07343	 92.027645	  91.98276	 91.938769	 91.895663	 91.853435	 91.812077	 91.771579	 91.731934	 91.693133	 91.655166	 91.618024	 91.581698	 91.546178	 91.511455	 91.477517	 91.444356	 91.411961	 91.380322	 91.349428	 91.319269	 91.289834	 91.261112	 91.233093	 91.205766	  91.17912	 91.153144	 91.127827	 91.103158	 91.079125	 91.055719	 91.032928	 91.010741	 90.989146	 90.968133	 90.947692	  90.92781	 90.908477	 90.889682	 90.871415	 90.853664	 90.836419	  90.81967	 90.803405	 90.787614	 90.772288	 90.757414	 90.742984	 90.728988	 90.715414	 90.702254	 90.689497	 90.677133	 90.665154	 90.653549	  90.64231	 90.631427	  90.62089	 90.610691	 90.600822	 90.591272	 90.582034	 90.573099	 90.564459	 90.556105	  90.54803	 90.540224	 90.532682	 90.525394	 90.518353	 90.511551	 90.504982	 90.498638	 90.492512	 90.486597	 90.480887	 90.475373	 90.470051	 90.464913	 90.459953	 90.455165	 90.450542	 90.446079	  90.44177	 90.437609	  90.43359	 90.429708	 90.425958	 90.422333	 90.418829	  90.41544	 90.412162	 90.408989	 90.405917	  90.40294	 90.400054	 90.397254	 90.394536	 90.391895	 90.389327	 90.386827	  90.38439	 90.382014	 90.379693	 90.377423	   90.3752	  90.37302	  90.37088	 90.368774	 90.366699	 90.364651	 90.362627	 90.360622	 90.358632	 90.356653	 90.354683	
        99	 98.882867	 98.765762	 98.648711	 98.531742	 98.414883	  98.29816	 98.181601	 98.065232	 97.949081	 97.833174	 97.717538	 97.602199	 97.487183	 97.372516	 97.258224	 97.144332	 97.030865	 96.917849	 96.805307	 96.693264	 96.581744	  96.47077	 96.360366	 96.250553	 96.141355	 96.032794	 95.924891	 95.817666	 95.711142	 95.605337	 95.500272	 95.395966	 95.292437	 95.189704	 95.087784	 94.986696	 94.886454	 94.787076	 94.688577	 94.590973	 94.494277	 94.398503	 94.303666	 94.209777	 94.116849	 94.024894	 93.933923	 93.843946	 93.754973	 93.667013	 93.580076	  93.49417	 93.409302	 93.325479	 93.242707	 93.160994	 93.080343	  93.00076	 92.922249	 92.844814	 92.768457	 92.693182	  92.61899	 92.545883	 92.473862	 92.402927	 92.333078	 92.264315	 92.196637	 92.130041	 92.064527	 92.000092	 91.936732	 91.874444	 91.813225	 91.753069	 91.693974	 91.635932	  91.57894	  91.52299	 91.468078	 91.414195	 91.361336	 91.309492	 91.258657	 91.208822	 91.159978	 91.112119	 91.065233	 91.019313	  90.97435	 90.930332	 90.887251	 90.845097	 90.803859	 90.763526	 90.724089	 90.685536	 90.647855	 90.611037	 90.575069	  90.53994	 90.505639	 90.472153	 90.439472	 90.407583	 90.376473	 90.346132	 90.316547	 90.287706	 90.259597	 90.232207	 90.205524	 90.179537	 90.154232	 90.129597	 90.105621	 90.082291	 90.059595	  90.03752	 90.016055	 89.995187	 89.974905	 89.955197	  89.93605	 89.917453	 89.899394	 89.881862	 89.864845	 89.848331	  89.83231	 89.816769	 89.801699	 89.787087	 89.772923	 89.759196	 89.745896	 89.733011	 89.720532	 89.708448	  89.69675	 89.685426	 89.674468	 89.663865	 89.653608	 89.643688	 89.634095	  89.62482	 89.615853	 89.607187	 89.598813	 89.590721	 89.582903	 89.575352	 89.568058	 89.561015	 89.554213	 89.547646	 89.541305	 89.535184	 89.529274	  89.52357	 89.518062	 89.512746	 89.507614	 89.502659	 89.497875	 89.493255	 89.488793	 89.484483	 89.480318	 89.476294	 89.472403	 89.468641	 89.465001	 89.461478	 89.458067	 89.454761	 89.451557	 89.448449	 89.445431	 89.442499	 89.439647	 89.436871	 89.434166	 89.431528	 89.428951	  89.42643	 89.423962	 89.421542	 89.419165	 89.416827	 89.414524	  89.41225	 89.410002	 89.407776	 89.405567	  89.40337	 89.401182	
        99	 98.871259	 98.742548	 98.613897	 98.485336	 98.356896	 98.228605	 98.100495	 97.972594	 97.844932	 97.717538	 97.590442	 97.463672	 97.337258	 97.211227	 97.085608	 96.960429	 96.835718	 96.711501	 96.587806	 96.464659	 96.342087	 96.220115	 96.098769	 95.978074	 95.858054	 95.738734	 95.620137	 95.502287	 95.385205	 95.268915	 95.153438	 95.038794	 94.925005	 94.812091	 94.700071	 94.588964	 94.478789	 94.369562	 94.261302	 94.154024	 94.047745	  93.94248	 93.838244	  93.73505	 93.632913	 93.531845	 93.431858	 93.332964	 93.235174	 93.138497	 93.042944	 92.948524	 92.855245	 92.763115	 92.672141	 92.582329	 92.493686	 92.406216	 92.319924	 92.234815	 92.150891	 92.068156	 91.986611	 91.906259	   91.8271	 91.749135	 91.672365	 91.596787	 91.522401	 91.449206	   91.3772	 91.306378	 91.236739	 91.168278	 91.100992	 91.034875	 90.969923	  90.90613	 90.843489	 90.781995	  90.72164	 90.662418	  90.60432	 90.547338	 90.491465	 90.436691	 90.383007	 90.330404	 90.278872	 90.228402	 90.178982	 90.130602	 90.083252	  90.03692	 89.991595	 89.947265	  89.90392	 89.861545	 89.820131	 89.779664	 89.740131	 89.701521	  89.66382	 89.627016	 89.591096	 89.556046	 89.521854	 89.488506	 89.455989	  89.42429	 89.393395	  89.36329	 89.333963	   89.3054	 89.277588	 89.250512	 89.224159	 89.198517	 89.173572	 89.149309	 89.125717	 89.102781	 89.080489	 89.058828	 89.037783	 89.017344	 88.997495	 88.978226	 88.959522	 88.941372	 88.923762	 88.906682	 88.890118	 88.874058	  88.85849	 88.843403	 88.828784	 88.814623	 88.800907	 88.787626	 88.774768	 88.762322	 88.750278	 88.738624	 88.727351	 88.716448	 88.705904	 88.695709	 88.685854	  88.67633	 88.667125	 88.658231	 88.649639	 88.641339	 88.633323	 88.625581	 88.618105	 88.610887	 88.603918	  88.59719	 88.590695	 88.584425	 88.578372	 88.572529	 88.566888	 88.561442	 88.556183	 88.551106	 88.546201	 88.541464	 88.536887	 88.532464	 88.528188	 88.524052	 88.520052	  88.51618	  88.51243	 88.508798	 88.505276	 88.501859	 88.498542	  88.49532	 88.492185	 88.489134	 88.486162	 88.483261	 88.480429	 88.477659	 88.474946	 88.472286	 88.469674	 88.467104	 88.464572	 88.462073	 88.459603	 88.457156	 88.454727	 88.452313	 88.449908	
        99	  98.85968	 98.719394	 98.579172	  98.43905	 98.299058	 98.159229	 98.019597	 97.880193	  97.74105	 97.602199	 97.463672	 97.325502	 97.187718	 97.050353	 96.913436	 96.776999	 96.641072	 96.505683	 96.370864	 96.236642	 96.103046	 95.970104	 95.837845	 95.706295	 95.575481	  95.44543	 95.316167	 95.187717	 95.060106	 94.933357	 94.807494	  94.68254	 94.558518	 94.435449	 94.313354	 94.192255	  94.07217	  93.95312	 93.835123	 93.718198	  93.60236	 93.487628	 93.374018	 93.261543	  93.15022	 93.040063	 92.931083	 92.823295	  92.71671	 92.611339	 92.507192	 92.404281	 92.302613	 92.202197	 92.103041	 92.005151	 91.908536	 91.813199	 91.719147	 91.626383	 91.534911	 91.444735	 91.355857	 91.268278	    91.182	 91.097024	 91.013348	 90.930974	 90.849898	  90.77012	 90.691637	 90.614447	 90.538545	 90.463927	 90.390589	 90.318526	 90.247732	 90.178202	 90.109927	 90.042903	  89.97712	 89.912571	 89.849248	 89.787142	 89.726244	 89.666543	 89.608032	 89.550698	 89.494532	 89.439522	 89.385657	 89.332927	 89.281318	 89.230819	 89.181418	 89.133101	 89.085857	 89.039672	 88.994533	 88.950426	 88.907338	 88.865256	 88.824164	  88.78405	   88.7449	 88.706698	  88.66943	 88.633083	 88.597642	 88.563092	 88.529418	 88.496606	 88.464642	  88.43351	 88.403195	 88.373685	 88.344962	 88.317014	 88.289825	  88.26338	 88.237666	 88.212668	 88.188371	 88.164761	 88.141824	 88.119546	 88.097913	  88.07691	 88.056524	 88.036742	 88.017549	 87.998932	 87.980878	 87.963374	 87.946406	 87.929962	 87.914029	 87.898594	 87.883644	 87.869169	 87.855154	 87.841589	 87.828462	  87.81576	 87.803473	 87.791589	 87.780097	 87.768985	 87.758244	 87.747863	  87.73783	 87.728137	 87.718772	 87.709725	 87.700988	  87.69255	 87.684402	 87.676535	 87.668939	 87.661606	 87.654527	 87.647693	 87.641095	 87.634727	 87.628578	 87.622643	 87.616911	 87.611377	 87.606032	 87.600868	  87.59588	 87.591058	 87.586398	  87.58189	  87.57753	  87.57331	 87.569223	 87.565264	 87.561425	 87.557702	 87.554086	 87.550574	 87.547158	 87.543832	 87.540592	 87.537431	 87.534344	 87.531324	 87.528368	 87.525469	 87.522621	 87.519821	 87.517061	 87.514337	 87.511645	 87.508977	 87.506331	   87.5037	 87.501078	
        99	 98.848134	 98.696304	 98.544545	 98.392893	 98.241382	 98.090048	 97.938926	 97.788052	 97.637459	 97.487183	 97.337258	 97.187718	 97.038597	 96.889929	 96.741747	 96.594083	 96.446971	 96.300442	 96.154529	 96.009263	 95.864674	 95.720794	 95.577652	 95.435278	   95.2937	 95.152948	 95.013048	 94.874029	 94.735918	  94.59874	  94.46252	 94.327285	 94.193057	 94.059861	 93.927721	 93.796657	 93.666691	 93.537845	 93.410139	 93.283593	 93.158224	 93.034051	 92.911092	 92.789363	  92.66888	 92.549658	 92.431712	 92.315054	 92.199699	 92.085657	 91.972941	 91.861562	 91.751528	  91.64285	 91.535535	 91.429591	 91.325025	 91.221844	 91.120053	 91.019656	 90.920658	 90.823062	  90.72687	 90.632085	 90.538708	 90.446739	 90.356179	 90.267026	 90.179279	 90.092937	 90.007996	 89.924454	 89.842306	 89.761549	 89.682177	 89.604184	 89.527565	 89.452313	 89.378421	 89.305881	 89.234686	 89.164826	 89.096292	 89.029076	 88.963166	 88.898554	 88.835228	 88.773176	 88.712388	 88.652852	 88.594556	 88.537486	 88.481631	 88.426977	  88.37351	 88.321218	 88.270087	 88.220101	 88.171248	 88.123512	 88.076879	 88.031333	 87.986861	 87.943446	 87.901074	 87.859729	 87.819395	 87.780057	   87.7417	 87.704306	 87.667862	  87.63235	 87.597755	 87.564062	 87.531253	 87.499314	 87.468228	  87.43798	 87.408554	 87.379934	 87.352104	 87.325049	 87.298753	   87.2732	 87.248376	 87.224264	 87.200851	  87.17812	 87.156057	 87.134647	 87.113874	 87.093726	 87.074186	 87.055242	 87.036878	  87.01908	 87.001836	 86.985131	 86.968952	 86.953285	 86.938117	 86.923436	 86.909229	 86.895482	 86.882184	 86.869322	 86.856884	 86.844858	 86.833233	 86.821998	  86.81114	 86.800648	 86.790513	 86.780722	 86.771266	 86.762134	 86.753315	   86.7448	  86.73658	 86.728643	 86.720981	 86.713585	 86.706445	 86.699552	 86.692898	 86.686474	 86.680271	 86.674281	 86.668496	 86.662908	 86.657509	 86.652291	 86.647247	 86.642368	 86.637649	 86.633082	 86.628659	 86.624374	  86.62022	 86.616189	 86.612277	 86.608475	 86.604778	 86.601179	 86.597672	 86.594251	 86.590909	 86.587642	 86.584442	 86.581304	 86.578223	 86.575191	 86.572205	 86.569257	 86.566343	 86.563456	 86.560592	 86.557744	 86.554907	
        99	 98.836623	 98.673285	 98.510023	 98.346876	 98.183881	 98.021076	   97.8585	  97.69619	 97.534183	 97.372516	 97.211227	 97.050353	 96.889929	 96.729992	 96.570578	 96.411722	 96.253459	 96.095824	 95.938851	 95.782574	 95.627026	  95.47224	 95.318248	 95.165083	 95.012774	 94.861353	  94.71085	 94.561294	 94.412714	 94.265138	 94.118593	 93.973107	 93.828706	 93.685414	 93.543257	 93.402259	 93.262443	 93.123831	 92.986445	 92.850307	 92.715435	 92.581851	 92.449572	 92.318616	 92.189001	 92.060742	 91.933856	 91.808356	 91.684257	 91.561571	 91.440312	  91.32049	 91.202116	   91.0852	 90.969751	 90.855777	 90.743286	 90.632284	 90.522777	 90.414771	 90.308269	 90.203275	 90.099793	 89.997823	 89.897368	 89.798428	 89.701004	 89.605093	 89.510696	 89.417809	  89.32643	 89.236556	 89.148181	 89.061303	 88.975914	  88.89201	 88.809584	 88.728628	 88.649135	 88.571097	 88.494505	  88.41935	 88.345622	  88.27331	 88.202405	 88.132896	 88.064769	 87.998015	 87.932619	  87.86857	 87.805855	  87.74446	 87.684371	 87.625574	 87.568055	   87.5118	 87.456792	 87.403018	 87.350462	 87.299108	  87.24894	 87.199942	 87.152099	 87.105394	  87.05981	 87.015331	  86.97194	  86.92962	 86.888355	 86.848128	 86.808921	 86.770717	   86.7335	 86.697253	 86.661958	 86.627598	 86.594156	 86.561615	 86.529958	 86.499169	 86.469229	 86.440123	 86.411834	 86.384345	 86.357639	   86.3317	 86.306512	 86.282058	 86.258322	 86.235289	 86.212943	 86.191267	 86.170246	 86.149866	  86.13011	 86.110964	 86.092412	 86.074441	 86.057035	 86.040181	 86.023864	  86.00807	 85.992785	 85.977997	 85.963691	 85.949854	 85.936473	 85.923536	  85.91103	 85.898943	 85.887262	 85.875975	 85.865071	 85.854539	 85.844366	 85.834541	 85.825054	 85.815894	  85.80705	 85.798512	  85.79027	 85.782313	 85.774632	 85.767216	 85.760058	 85.753147	 85.746473	  85.74003	 85.733806	 85.727794	 85.721986	 85.716372	 85.710946	 85.705698	 85.700621	 85.695708	  85.69095	  85.68634	  85.68187	 85.677535	 85.673325	 85.669235	 85.665258	 85.661386	 85.657614	 85.653933	 85.650339	 85.646823	 85.643381	 85.640005	  85.63669	 85.633429	 85.630216	 85.627045	  85.62391	 85.620804	 85.617723	 85.614659	 85.611607	
        99	  98.82515	 98.650341	 98.475614	 98.301009	 98.126568	  97.95233	 97.778337	 97.604628	 97.431244	 97.258224	 97.085608	 96.913436	 96.741747	 96.570578	 96.399969	 96.229957	  96.06058	 95.891875	 95.723878	 95.556626	 95.390155	 95.224499	 95.059693	 94.895771	 94.732766	 94.570711	 94.409639	  94.24958	 94.090566	 93.932626	  93.77579	 93.620087	 93.465545	 93.312191	 93.160051	 93.009151	 92.859516	  92.71117	 92.564136	 92.418437	 92.274094	 92.131128	  91.98956	 91.849407	  91.71069	 91.573424	 91.437627	 91.303314	   91.1705	 91.039198	 90.909423	 90.781187	   90.6545	 90.529373	 90.405817	 90.283839	 90.163448	 90.044651	 89.927453	 89.811862	 89.697881	 89.585514	 89.474764	 89.365634	 89.258124	 89.152237	  89.04797	 88.945324	 88.844298	 88.744888	 88.647092	 88.550906	 88.456325	 88.363345	  88.27196	 88.182164	 88.093949	 88.007308	 87.922233	 87.838714	 87.756743	  87.67631	 87.597405	 87.520015	 87.444131	 87.369739	 87.296829	 87.225386	 87.155398	 87.086852	 87.019732	 86.954025	 86.889717	 86.826791	 86.765233	 86.705026	 86.646156	 86.588606	 86.532358	 86.477398	 86.423707	 86.371268	 86.320065	  86.27008	 86.221295	 86.173692	 86.127254	 86.081962	   86.0378	 85.994747	 85.952787	 85.911901	  85.87207	 85.833277	 85.795503	  85.75873	  85.72294	 85.688114	 85.654234	 85.621282	  85.58924	  85.55809	 85.527814	 85.498394	 85.469813	 85.442053	 85.415096	 85.388924	 85.363522	 85.338871	 85.314955	 85.291757	 85.269261	 85.247449	 85.226306	 85.205815	 85.185961	 85.166727	 85.148099	 85.130062	 85.112598	 85.095695	 85.079337	  85.06351	 85.048199	 85.033391	  85.01907	 85.005225	 84.991841	 84.978904	 84.966403	 84.954324	 84.942654	 84.931382	 84.920495	  84.90998	 84.899827	 84.890024	 84.880559	 84.871421	   84.8626	 84.854084	 84.845863	 84.837927	 84.830266	  84.82287	 84.815728	 84.808831	 84.802171	 84.795737	 84.789521	 84.783513	 84.777705	 84.772089	 84.766656	 84.761397	 84.756305	 84.751371	 84.746588	 84.741948	 84.737443	 84.733066	 84.728809	 84.724665	 84.720628	 84.716689	 84.712842	  84.70908	 84.705396	 84.701783	 84.698235	 84.694745	 84.691306	 84.687912	 84.684557	 84.681233	 84.677935	 84.674657	 84.671391	
        99	 98.813717	 98.627478	 98.441325	 98.255303	 98.069455	 97.883825	 97.698454	 97.513387	 97.328665	 97.144332	 96.960429	 96.776999	 96.594083	 96.411722	 96.229957	 96.048828	 95.868376	 95.688639	 95.509658	  95.33147	 95.154113	 94.977625	 94.802042	 94.627402	 94.453738	 94.281087	 94.109482	 93.938957	 93.769546	 93.601278	 93.434188	 93.268303	 93.103656	 92.940274	 92.778186	 92.617419	 92.457999	 92.299953	 92.143305	 91.988079	 91.834298	 91.681984	 91.531158	 91.381842	 91.234053	 91.087812	 90.943135	  90.80004	 90.658541	 90.518654	 90.380394	 90.243772	 90.108801	 89.975493	 89.843857	 89.713903	  89.58564	 89.459075	 89.334214	 89.211064	  89.08963	 88.969916	 88.851924	 88.735658	 88.621119	 88.508307	 88.397223	 88.287865	 88.180233	 88.074322	 87.970132	 87.867656	 87.766891	 87.667831	 87.570471	 87.474803	  87.38082	 87.288513	 87.197875	 87.108896	 87.021565	 86.935872	 86.851807	 86.769357	 86.688511	 86.609255	 86.531577	 86.455463	 86.380899	  86.30787	 86.236362	 86.166358	 86.097844	 86.030804	 85.965221	 85.901078	 85.838358	 85.777044	 85.717119	 85.658565	 85.601363	 85.545496	 85.490945	 85.437691	 85.385716	    85.335	 85.285526	 85.237273	 85.190222	 85.144354	  85.09965	 85.056091	 85.013656	 84.972326	 84.932082	 84.892905	 84.854774	 84.817671	 84.781576	 84.746469	 84.712332	 84.679145	  84.64689	 84.615546	 84.585096	  84.55552	   84.5268	 84.498918	 84.471855	 84.445592	 84.420112	 84.395397	  84.37143	 84.348192	 84.325666	 84.303835	 84.282683	 84.262192	 84.242346	 84.223128	 84.204523	 84.186515	 84.169088	 84.152225	 84.135913	 84.120136	  84.10488	 84.090129	  84.07587	 84.062087	 84.048769	   84.0359	 84.023467	 84.011458	 83.999858	 83.988656	 83.977839	 83.967395	 83.957311	 83.947576	 83.938178	 83.929105	 83.920347	 83.911892	  83.90373	  83.89585	 83.888241	 83.880894	 83.873798	 83.866943	  83.86032	  83.85392	 83.847732	 83.841749	  83.83596	 83.830357	 83.824932	 83.819676	  83.81458	 83.809636	 83.804837	 83.800174	 83.795639	 83.791224	 83.786922	 83.782726	 83.778627	 83.774619	 83.770694	 83.766845	 83.763065	 83.759347	 83.755684	 83.752068	 83.748493	 83.744952	 83.741439	 83.737945	 83.734466	
        99	 98.802327	 98.604699	 98.407164	 98.209768	 98.012556	 97.815575	  97.61887	 97.422486	  97.22647	 97.030865	 96.835718	 96.641072	 96.446971	 96.253459	  96.06058	 95.868376	 95.676889	 95.486163	 95.296237	 95.107154	 94.918952	 94.731673	 94.545354	 94.360035	 94.175753	 93.992544	 93.810447	 93.629495	 93.449724	 93.271168	  93.09386	 92.917833	 92.743118	 92.569746	 92.397747	 92.227149	 92.057982	 91.890272	 91.724045	 91.559328	 91.396144	 91.234516	 91.074469	 90.916022	 90.759197	 90.604014	  90.45049	 90.298645	 90.148494	 90.000054	 89.853339	 89.708364	  89.56514	  89.42368	 89.283996	 89.146096	 89.009989	 88.875685	  88.74319	  88.61251	 88.483651	 88.356616	  88.23141	 88.108035	 87.986492	 87.866782	 87.748906	 87.632861	 87.518647	 87.406261	 87.295699	 87.186958	 87.080032	 86.974915	 86.871601	 86.770083	 86.670354	 86.572403	 86.476223	 86.381802	 86.289132	 86.198199	 86.108994	 86.021503	 85.935713	 85.851611	 85.769183	 85.688415	 85.609291	 85.531797	 85.455916	 85.381633	 85.308929	  85.23779	 85.168196	 85.100131	 85.033576	 84.968514	 84.904924	  84.84279	  84.78209	 84.722807	  84.66492	  84.60841	 84.553257	  84.49944	 84.446941	 84.395737	  84.34581	 84.297137	   84.2497	 84.203477	 84.158447	  84.11459	 84.071886	 84.030312	  83.98985	 83.950478	 83.912176	 83.874923	 83.838698	 83.803482	 83.769254	 83.735994	 83.703682	 83.672298	 83.641822	 83.612235	 83.583517	 83.555648	 83.528611	 83.502385	 83.476951	 83.452292	 83.428389	 83.405224	 83.382778	 83.361034	 83.339975	 83.319582	  83.29984	  83.28073	 83.262237	 83.244344	 83.227034	 83.210292	 83.194103	  83.17845	 83.163319	 83.148694	 83.134561	 83.120905	 83.107712	 83.094968	  83.08266	 83.070773	 83.059295	 83.048211	 83.037511	 83.027181	 83.017208	  83.00758	 82.998287	 82.989315	 82.980654	 82.972292	 82.964218	 82.956421	 82.948891	 82.941617	  82.93459	 82.927798	 82.921232	 82.914882	  82.90874	 82.902795	 82.897038	  82.89146	 82.886053	 82.880807	 82.875714	 82.870765	 82.865953	 82.861268	 82.856704	 82.852251	 82.847901	 82.843648	 82.839483	 82.835399	 82.831388	 82.827442	 82.823555	 82.819718	 82.815925	 82.812167	 82.808439	 82.804732	  82.80104	
