Time step 3:
        99	        99	        99	        99	        99	        99	        99	        99	        99	        99	        99	        99	        99	        99	        99	        99	        99	        99	        99	        99	        99	        99	        99	        99	        99	        99	        99	        99	        99	        99	        99	        99	        99	        99	        99	        99	        99	        99	        99	        99	        99	        99	        99	        99	        99	        99	        99	        99	        99	        99	        99	        99	        99	        99	        99	        99	        99	        99	        99	        99	        99	        99	        99	        99	        99	        99	        99	        99	        99	        99	        99	        99	        99	        99	        99	        99	        99	        99	        99	        99	        99	        99	        99	        99	        99	        99	        99	        99	        99	        99	        99	        99	        99	        99	        99	        99	        99	        99	        99	        99	        99	        99	        99	        99	        99	        99	        99	        99	        99	        99	        99	        99	        99	        99	        99	        99	        99	        99	        99	        99	        99	        99	        99	        99	        99	        99	        99	        99	        99	        99	        99	        99	        99	        99	        99	        99	        99	        99	        99	        99	        99	        99	        99	        99	        99	        99	        99	        99	        99	        99	        99	        99	        99	        99	        99	        99	        99	        99	        99	        99	        99	        99	        99	        99	        99	        99	        99	        99	        99	        99	        99	        99	        99	        99	        99	        99	        99	        99	        99	        99	        99	        99	        99	        99	        99	        99	        99	        99	        99	        99	        99	        99	        99	        99	        99	        99	        99	        99	        99	        99	
        99	 98.788557	 98.578004	 98.369217	 98.163052	 97.960333	 97.761839	 97.568299	 97.380382	 97.198693	 97.023762	 96.856046	 96.695923	 96.543691	 96.399568	 96.263695	 96.136138	  96.01689	 95.905878	 95.802965	 95.707961	 95.620626	 95.540676	 95.467794	 95.401633	 95.341824	 95.287984	  95.23972	 95.196634	 95.158332	 95.124425	 95.094534	 95.068293	 95.045352	  95.02538	 95.008065	 94.993116	 94.980263	 94.969259	 94.959876	 94.951909	 94.945173	   94.9395	 94.934743	  94.93077	 94.927466	 94.924729	 94.922472	 94.920618	 94.919101	 94.917866	 94.916864	 94.916054	 94.915402	  94.91488	 94.914463	 94.914132	  94.91387	 94.913663	 94.913501	 94.913374	 94.913275	 94.913199	 94.913139	 94.913094	 94.913059	 94.913032	 94.913012	 94.912997	 94.912985	 94.912977	  94.91297	 94.912965	 94.912962	 94.912959	 94.912957	 94.912956	 94.912955	 94.912954	 94.912954	 94.912953	 94.912953	 94.912953	 94.912953	 94.912952	 94.912952	 94.912952	 94.912952	 94.912952	 94.912952	 94.912952	 94.912952	 94.912952	 94.912952	 94.912952	 94.912952	 94.912952	 94.912952	 94.912952	 94.912952	 94.912952	 94.912952	 94.912952	 94.912952	 94.912952	 94.912952	 94.912952	 94.912952	 94.912952	 94.912952	 94.912952	 94.912952	 94.912952	 94.912952	 94.912952	 94.912952	 94.912952	 94.912952	 94.912952	 94.912952	 94.912952	 94.912952	 94.912952	 94.912952	 94.912952	 94.912952	 94.912952	 94.912952	 94.912952	 94.912952	 94.912952	 94.912952	 94.912952	 94.912952	 94.912952	 94.912952	 94.912952	 94.912952	 94.912952	 94.912952	 94.912952	 94.912952	 94.912952	 94.912952	 94.912952	 94.912952	 94.912952	 94.912952	 94.912952	 94.912952	 94.912952	 94.912952	 94.912952	 94.912952	 94.912952	 94.912952	 94.912952	 94.912952	 94.912952	 94.912952	 94.912952	 94.912952	 94.912952	 94.912952	 94.912952	 94.912952	 94.912952	 94.912952	 94.912952	 94.912952	 94.912952	 94.912952	 94.912952	 94.912952	 94.912952	 94.912952	 94.912952	 94.912952	 94.912952	 94.912952	 94.912952	 94.912952	 94.912952	 94.912952	 94.912952	 94.912952	 94.912952	 94.912952	 94.912952	 94.912952	 94.912952	 94.912952	 94.912952	 94.912952	 94.912952	 94.912952	 94.912952	 94.912952	 94.912952	 94.912952	
        99	 98.578004	 98.157782	 97.741086	 97.329623	 96.925037	 96.528883	 96.142616	 95.767574	 95.404959	 95.055833	 94.721107	 94.401533	 94.097708	 93.810068	 93.538895	 93.284317	 93.046322	 92.824764	 92.619371	 92.429763	 92.255459	 92.095896	 91.950438	 91.818394	 91.699028	 91.591574	 91.495248	 91.409258	 91.332816	 91.265144	 91.205488	 91.153116	 91.107331	 91.067471	 91.032913	 91.003078	 90.977427	 90.955464	 90.936738	 90.920837	 90.907392	 90.896071	 90.886576	 90.878647	 90.872053	 90.866592	 90.862087	 90.858387	  90.85536	 90.852894	 90.850894	 90.849277	 90.847977	 90.846935	 90.846103	 90.845442	 90.844919	 90.844506	 90.844182	 90.843929	 90.843732	 90.843579	 90.843461	  90.84337	 90.843301	 90.843247	 90.843207	 90.843177	 90.843154	 90.843136	 90.843123	 90.843114	 90.843107	 90.843101	 90.843097	 90.843095	 90.843093	 90.843091	  90.84309	 90.843089	 90.843089	 90.843088	 90.843088	 90.843088	 90.843088	 90.843087	 90.843087	 90.843087	 90.843087	 90.843087	 90.843087	 90.843087	 90.843087	 90.843087	 90.843087	 90.843087	 90.843087	 90.843087	 90.843087	 90.843087	 90.843087	 90.843087	 90.843087	 90.843087	 90.843087	 90.843087	 90.843087	 90.843087	 90.843087	 90.843087	 90.843087	 90.843087	 90.843087	 90.843087	 90.843087	 90.843087	 90.843087	 90.843087	 90.843087	 90.843087	 90.843087	 90.843087	 90.843087	 90.843087	 90.843087	 90.843087	 90.843087	 90.843087	 90.843087	 90.843087	 90.843087	 90.843087	 90.843087	 90.843087	 90.843087	 90.843087	 90.843087	 90.843087	 90.843087	 90.843087	 90.843087	 90.843087	 90.843087	 90.843087	 90.843087	 90.843087	 90.843087	 90.843087	 90.843087	 90.843087	 90.843087	 90.843087	 90.843087	 90.843087	 90.843087	 90.843087	 90.843087	 90.843087	 90.843087	 90.843087	 90.843087	 90.843087	 90.843087	 90.843087	 90.843087	 90.843087	 90.843087	 90.843087	 90.843087	 90.843087	 90.843087	 90.843087	 90.843087	 90.843087	 90.843087	 90.843087	 90.843087	 90.843087	 90.843087	 90.843087	 90.843087	 90.843087	 90.843087	 90.843087	 90.843087	 90.843087	 90.843087	 90.843087	 90.843087	 90.843087	 90.843087	 90.843087	 90.843087	 90.843087	 90.843087	 90.843087	 90.843087	 90.843087	 90.843087	
        99	 98.369217	 97.741086	 97.118225	 96.503187	 95.898427	 95.306272	 94.728897	 94.168298	 93.626276	 93.104416	  92.60408	 92.126395	 91.672249	 91.242297	 90.836957	 90.456424	  90.10068	 89.769503	  89.46249	 89.179071	 88.918528	  88.68002	 88.462595	 88.265221	 88.086798	  87.92618	 87.782195	 87.653661	 87.539398	 87.438245	 87.349073	 87.270789	 87.202352	  87.14277	 87.091116	 87.046519	 87.008176	 86.975348	 86.947357	 86.923589	 86.903492	 86.886569	 86.872377	 86.860525	 86.850668	 86.842505	 86.835771	  86.83024	 86.825716	  86.82203	  86.81904	 86.816624	  86.81468	 86.813122	 86.811879	 86.810891	 86.810108	 86.809492	 86.809008	 86.808629	 86.808335	 86.808106	  86.80793	 86.807794	  86.80769	 86.807611	  86.80755	 86.807505	  86.80747	 86.807444	 86.807425	 86.807411	   86.8074	 86.807392	 86.807386	 86.807382	 86.807379	 86.807377	 86.807375	 86.807374	 86.807373	 86.807373	 86.807372	 86.807372	 86.807372	 86.807371	 86.807371	 86.807371	 86.807371	 86.807371	 86.807371	 86.807371	 86.807371	 86.807371	 86.807371	 86.807371	 86.807371	 86.807371	 86.807371	 86.807371	 86.807371	 86.807371	 86.807371	 86.807371	 86.807371	 86.807371	 86.807371	 86.807371	 86.807371	 86.807371	 86.807371	 86.807371	 86.807371	 86.807371	 86.807371	 86.807371	 86.807371	 86.807371	 86.807371	 86.807371	 86.807371	 86.807371	 86.807371	 86.807371	 86.807371	 86.807371	 86.807371	 86.807371	 86.807371	 86.807371	 86.807371	 86.807371	 86.807371	 86.807371	 86.807371	 86.807371	 86.807371	 86.807371	 86.807371	 86.807371	 86.807371	 86.807371	 86.807371	 86.807371	 86.807371	 86.807371	 86.807371	 86.807371	 86.807371	 86.807371	 86.807371	 86.807371	 86.807371	 86.807371	 86.807371	 86.807371	 86.807371	 86.807371	 86.807371	 86.807371	 86.807371	 86.807371	 86.807371	 86.807371	 86.807371	 86.807371	 86.807371	 86.807371	 86.807371	 86.807371	 86.807371	 86.807371	 86.807371	 86.807371	 86.807371	 86.807371	 86.807371	 86.807371	 86.807371	 86.807371	 86.807371	 86.807371	 86.807371	 86.807371	 86.807371	 86.807371	 86.807371	 86.807371	 86.807371	 86.807371	 86.807371	 86.807371	 86.807371	 86.807371	 86.807371	 86.807371	 86.807371	 86.807371	 86.807371	
        99	 98.163052	 97.329623	 96.503187	 95.687131	 94.884711	 94.099017	 93.332932	 92.589108	 91.869932	 91.177508	 90.513642	  89.87983	 89.277252	 88.706775	 88.168954	 87.664048	 87.192032	 86.752614	 86.345257	 85.969205	 85.623508	 85.307045	 85.018558	 84.756674	 84.519935	 84.306821	 84.115776	 83.945232	 83.793623	  83.65941	 83.541092	 83.437223	 83.346417	 83.267362	 83.198825	 83.139652	 83.088778	 83.045219	 83.008079	 82.976544	 82.949878	 82.927423	 82.908593	 82.892868	  82.87979	 82.868958	 82.860023	 82.852685	 82.846682	 82.841791	 82.837824	 82.834618	 82.832039	 82.829972	 82.828322	 82.827011	 82.825973	 82.825155	 82.824513	 82.824011	  82.82362	 82.823317	 82.823082	 82.822902	 82.822764	 82.822659	 82.822579	 82.822518	 82.822473	 82.822438	 82.822413	 82.822394	  82.82238	 82.822369	 82.822361	 82.822356	 82.822352	 82.822349	 82.822347	 82.822345	 82.822344	 82.822343	 82.822342	 82.822342	 82.822342	 82.822342	 82.822341	 82.822341	 82.822341	 82.822341	 82.822341	 82.822341	 82.822341	 82.822341	 82.822341	 82.822341	 82.822341	 82.822341	 82.822341	 82.822341	 82.822341	 82.822341	 82.822341	 82.822341	 82.822341	 82.822341	 82.822341	 82.822341	 82.822341	 82.822341	 82.822341	 82.822341	 82.822341	 82.822341	 82.822341	 82.822341	 82.822341	 82.822341	 82.822341	 82.822341	 82.822341	 82.822341	 82.822341	 82.822341	 82.822341	 82.822341	 82.822341	 82.822341	 82.822341	 82.822341	 82.822341	 82.822341	 82.822341	 82.822341	 82.822341	 82.822341	 82.822341	 82.822341	 82.822341	 82.822341	 82.822341	 82.822341	 82.822341	 82.822341	 82.822341	 82.822341	 82.822341	 82.822341	 82.822341	 82.822341	 82.822341	 82.822341	 82.822341	 82.822341	 82.822341	 82.822341	 82.822341	 82.822341	 82.822341	 82.822341	 82.822341	 82.822341	 82.822341	 82.822341	 82.822341	 82.822341	 82.822341	 82.822341	 82.822341	 82.822341	 82.822341	 82.822341	 82.822341	 82.822341	 82.822341	 82.822341	 82.822341	 82.822341	 82.822341	 82.822341	 82.822341	 82.822341	 82.822341	 82.822341	 82.822341	 82.822341	 82.822341	 82.822341	 82.822341	 82.822341	 82.822341	 82.822341	 82.822341	 82.822341	 82.822341	 82.822341	 82.822341	 82.822341	 82.822341	
        99	 97.960333	 96.925037	 95.898427	 94.884711	 93.887935	 92.911935	 91.960295	 91.036307	 90.142937	 89.282799	 88.458137	 87.670807	 86.922277	 86.213622	 85.545534	 84.918334	 84.331989	 83.786138	 83.280114	 82.812978	 82.383548	 81.990434	 81.632071	 81.306756	 81.012675	 80.747942	 80.510624	 80.298772	 80.110441	  79.94372	 79.796744	 79.667716	 79.554916	 79.456713	 79.371575	  79.29807	 79.234873	 79.180764	 79.134629	 79.095455	  79.06233	 79.034437	 79.011046	 78.991512	 78.975266	  78.96181	 78.950712	 78.941596	 78.934139	 78.928064	 78.923135	 78.919153	 78.915949	 78.913381	 78.911332	 78.909703	 78.908414	 78.907398	   78.9066	 78.905976	 78.905491	 78.905114	 78.904823	 78.904599	 78.904428	 78.904297	 78.904198	 78.904123	 78.904066	 78.904023	 78.903991	 78.903968	  78.90395	 78.903937	 78.903928	 78.903921	 78.903915	 78.903912	 78.903909	 78.903907	 78.903906	 78.903905	 78.903904	 78.903904	 78.903903	 78.903903	 78.903903	 78.903903	 78.903903	 78.903903	 78.903902	 78.903902	 78.903902	 78.903902	 78.903902	 78.903902	 78.903902	 78.903902	 78.903902	 78.903902	 78.903902	 78.903902	 78.903902	 78.903902	 78.903902	 78.903902	 78.903902	 78.903902	 78.903902	 78.903902	 78.903902	 78.903902	 78.903902	 78.903902	 78.903902	 78.903902	 78.903902	 78.903902	 78.903902	 78.903902	 78.903902	 78.903902	 78.903902	 78.903902	 78.903902	 78.903902	 78.903902	 78.903902	 78.903902	 78.903902	 78.903902	 78.903902	 78.903902	 78.903902	 78.903902	 78.903902	 78.903902	 78.903902	 78.903902	 78.903902	 78.903902	 78.903902	 78.903902	 78.903902	 78.903902	 78.903902	 78.903902	 78.903902	 78.903902	 78.903902	 78.903902	 78.903902	 78.903902	 78.903902	 78.903902	 78.903902	 78.903902	 78.903902	 78.903902	 78.903902	 78.903902	 78.903902	 78.903902	 78.903902	 78.903902	 78.903902	 78.903902	 78.903902	 78.903902	 78.903902	 78.903902	 78.903902	 78.903902	 78.903902	 78.903902	 78.903902	 78.903902	 78.903902	 78.903902	 78.903902	 78.903902	 78.903902	 78.903902	 78.903902	 78.903902	 78.903902	 78.903902	 78.903902	 78.903902	 78.903902	 78.903902	 78.903902	 78.903902	 78.903902	 78.903902	 78.903902	 78.903902	 78.903902	 78.903902	
        99	 97.761839	 96.528883	 95.306272	 94.099017	 92.911935	 91.749596	 90.616269	 89.515872	 88.451938	 87.427582	 86.445475	 85.507828	 84.616388	 83.772436	 82.976796	  82.22985	  81.53156	 80.881494	  80.27886	 79.722538	  79.21112	 78.742952	 78.316171	 77.928746	 77.578519	 77.263243	 76.980617	 76.728317	  76.50403	 76.305478	 76.130442	  75.97678	 75.842443	 75.725492	 75.624099	 75.536561	 75.461298	 75.396858	 75.341915	 75.295262	 75.255813	 75.222594	 75.194737	 75.171474	 75.152126	 75.136101	 75.122884	 75.112028	 75.103147	 75.095912	 75.090042	   75.0853	 75.081484	 75.078426	 75.075986	 75.074046	 75.072511	 75.071301	 75.070351	 75.069608	  75.06903	 75.068581	 75.068234	 75.067968	 75.067764	 75.067608	  75.06749	   75.0674	 75.067333	 75.067282	 75.067244	 75.067216	 75.067195	 75.067179	 75.067168	  75.06716	 75.067154	 75.067149	 75.067146	 75.067144	 75.067142	 75.067141	  75.06714	 75.067139	 75.067139	 75.067139	 75.067138	 75.067138	 75.067138	 75.067138	 75.067138	 75.067138	 75.067138	 75.067138	 75.067138	 75.067138	 75.067138	 75.067138	 75.067138	 75.067138	 75.067138	 75.067138	 75.067138	 75.067138	 75.067138	 75.067138	 75.067138	 75.067138	 75.067138	 75.067138	 75.067138	 75.067138	 75.067138	 75.067138	 75.067138	 75.067138	 75.067138	 75.067138	 75.067138	 75.067138	 75.067138	 75.067138	 75.067138	 75.067138	 75.067138	 75.067138	 75.067138	 75.067138	 75.067138	 75.067138	 75.067138	 75.067138	 75.067138	 75.067138	 75.067138	 75.067138	 75.067138	 75.067138	 75.067138	 75.067138	 75.067138	 75.067138	 75.067138	 75.067138	 75.067138	 75.067138	 75.067138	 75.067138	 75.067138	 75.067138	 75.067138	 75.067138	 75.067138	 75.067138	 75.067138	 75.067138	 75.067138	 75.067138	 75.067138	 75.067138	 75.067138	 75.067138	 75.067138	 75.067138	 75.067138	 75.067138	 75.067138	 75.067138	 75.067138	 75.067138	 75.067138	 75.067138	 75.067138	 75.067138	 75.067138	 75.067138	 75.067138	 75.067138	 75.067138	 75.067138	 75.067138	 75.067138	 75.067138	 75.067138	 75.067138	 75.067138	 75.067138	 75.067138	 75.067138	 75.067138	 75.067138	 75.067138	 75.067138	 75.067138	 75.067138	 75.067138	 75.067138	 75.067138	 75.067138	
        99	 97.568299	 96.142616	 94.728897	 93.332932	 91.960295	 90.616269	 89.305788	 88.033385	 86.803146	  85.61867	 84.483047	 83.398834	 82.368051	 81.392179	 80.472171	 79.608468	 78.801027	 78.049348	 77.352514	 76.709232	 76.117873	 75.576525	 75.083033	 74.635048	 74.230077	 73.865519	 73.538715	 73.246977	 72.987631	 72.758044	 72.555647	 72.377965	 72.222631	 72.087398	 71.970156	 71.868935	 71.781908	 71.707395	 71.643863	 71.589918	 71.544303	 71.505892	  71.47368	  71.44678	 71.424408	 71.405879	 71.390596	 71.378042	 71.367773	 71.359407	  71.35262	 71.347137	 71.342724	 71.339188	 71.336366	 71.334124	 71.332349	 71.330949	 71.329851	 71.328992	 71.328323	 71.327804	 71.327403	 71.327095	 71.326859	 71.326679	 71.326542	 71.326439	  71.32636	 71.326302	 71.326258	 71.326225	 71.326201	 71.326183	  71.32617	 71.326161	 71.326153	 71.326148	 71.326145	 71.326142	  71.32614	 71.326139	 71.326138	 71.326137	 71.326137	 71.326136	 71.326136	 71.326136	 71.326136	 71.326136	 71.326136	 71.326136	 71.326135	 71.326135	 71.326135	 71.326135	 71.326135	 71.326135	 71.326135	 71.326135	 71.326135	 71.326135	 71.326135	 71.326135	 71.326135	 71.326135	 71.326135	 71.326135	 71.326135	 71.326135	 71.326135	 71.326135	 71.326135	 71.326135	 71.326135	 71.326135	 71.326135	 71.326135	 71.326135	 71.326135	 71.326135	 71.326135	 71.326135	 71.326135	 71.326135	 71.326135	 71.326135	 71.326135	 71.326135	 71.326135	 71.326135	 71.326135	 71.326135	 71.326135	 71.326135	 71.326135	 71.326135	 71.326135	 71.326135	 71.326135	 71.326135	 71.326135	 71.326135	 71.326135	 71.326135	 71.326135	 71.326135	 71.326135	 71.326135	 71.326135	 71.326135	 71.326135	 71.326135	 71.326135	 71.326135	 71.326135	 71.326135	 71.326135	 71.326135	 71.326135	 71.326135	 71.326135	 71.326135	 71.326135	 71.326135	 71.326135	 71.326135	 71.326135	 71.326135	 71.326135	 71.326135	 71.326135	 71.326135	 71.326135	 71.326135	 71.326135	 71.326135	 71.326135	 71.326135	 71.326135	 71.326135	 71.326135	 71.326135	 71.326135	 71.326135	 71.326135	 71.326135	 71.326135	 71.326135	 71.326135	 71.326135	 71.326135	 71.326135	 71.326135	 71.326135	 71.326135	 71.326135	 71.326135	 71.326135	
        99	 97.380382	 95.767574	 94.168298	 92.589108	 91.036307	 89.515872	 88.033385	 86.593975	 85.202262	  83.86232	 82.577641	 81.351121	 80.185044	 79.081085	 78.040322	 77.063255	 76.149834	 75.299494	 74.511198	 73.783483	 73.114507	 72.502104	 71.943839	 71.437055	  70.97893	 70.566522	 70.196823	 69.866794	 69.573408	 69.313686	 69.084724	 68.883721	 68.707998	 68.555016	 68.422386	 68.307878	 68.209429	 68.125136	 68.053265	  67.99224	 67.940637	 67.897184	 67.860745	 67.830314	 67.805006	 67.784044	 67.766756	 67.752554	 67.740937	 67.731474	 67.723796	 67.717592	 67.712601	 67.708601	 67.705408	 67.702871	 67.700863	  67.69928	 67.698037	 67.697066	 67.696309	 67.695722	 67.695269	  67.69492	 67.694653	 67.694449	 67.694295	 67.694177	 67.694089	 67.694023	 67.693973	 67.693936	 67.693909	 67.693889	 67.693874	 67.693863	 67.693855	 67.693849	 67.693845	 67.693842	  67.69384	 67.693838	 67.693837	 67.693836	 67.693836	 67.693835	 67.693835	 67.693835	 67.693835	 67.693835	 67.693835	 67.693835	 67.693835	 67.693835	 67.693835	 67.693835	 67.693835	 67.693835	 67.693835	 67.693835	 67.693835	 67.693835	 67.693835	 67.693835	 67.693835	 67.693835	 67.693835	 67.693835	 67.693835	 67.693835	 67.693835	 67.693835	 67.693835	 67.693835	 67.693835	 67.693835	 67.693835	 67.693835	 67.693835	 67.693835	 67.693835	 67.693835	 67.693835	 67.693835	 67.693835	 67.693835	 67.693835	 67.693835	 67.693835	 67.693835	 67.693835	 67.693835	 67.693835	 67.693835	 67.693835	 67.693835	 67.693835	 67.693835	 67.693835	 67.693835	 67.693835	 67.693835	 67.693835	 67.693835	 67.693835	 67.693835	 67.693835	 67.693835	 67.693835	 67.693835	 67.693835	 67.693835	 67.693835	 67.693835	 67.693835	 67.693835	 67.693835	 67.693835	 67.693835	 67.693835	 67.693835	 67.693835	 67.693835	 67.693835	 67.693835	 67.693835	 67.693835	 67.693835	 67.693835	 67.693835	 67.693835	 67.693835	 67.693835	 67.693835	 67.693835	 67.693835	 67.693835	 67.693835	 67.693835	 67.693835	 67.693835	 67.693835	 67.693835	 67.693835	 67.693835	 67.693835	 67.693835	 67.693835	 67.693835	 67.693835	 67.693835	 67.693835	 67.693835	 67.693835	 67.693835	 67.693835	 67.693835	 67.693835	 67.693835	
        99	 97.198693	 95.404959	 93.626276	 91.869932	 90.142937	 88.451938	 86.803146	 85.202262	 83.654426	 82.164169	 80.735375	 79.371263	 78.074375	 76.846573	 75.689057	 74.602382	 73.586493	 72.640762	 71.764035	 70.954684	 70.210662	  69.52956	 68.908668	 68.345033	 67.835515	 67.376844	 66.965672	 66.598619	 66.272322	 65.983464	 65.728817	 65.505265	  65.30983	 65.139686	 64.992177	 64.864824	  64.75533	 64.661582	 64.581648	 64.513777	 64.456386	 64.408058	 64.367531	 64.333686	 64.305539	 64.282226	 64.262998	 64.247203	 64.234283	 64.223758	 64.215219	 64.208319	 64.202768	 64.198319	 64.194769	 64.191947	 64.189714	 64.187953	 64.186571	  64.18549	 64.184648	 64.183996	 64.183492	 64.183104	 64.182807	  64.18258	 64.182408	 64.182278	  64.18218	 64.182106	 64.182051	  64.18201	 64.181979	 64.181957	  64.18194	 64.181928	 64.181919	 64.181913	 64.181908	 64.181905	 64.181902	 64.181901	 64.181899	 64.181899	 64.181898	 64.181897	 64.181897	 64.181897	 64.181897	 64.181897	 64.181897	 64.181897	 64.181897	 64.181897	 64.181897	 64.181897	 64.181897	 64.181897	 64.181896	 64.181896	 64.181896	 64.181896	 64.181896	 64.181896	 64.181896	 64.181896	 64.181896	 64.181896	 64.181896	 64.181896	 64.181896	 64.181896	 64.181896	 64.181896	 64.181896	 64.181896	 64.181896	 64.181896	 64.181896	 64.181896	 64.181896	 64.181896	 64.181896	 64.181896	 64.181896	 64.181896	 64.181896	 64.181896	 64.181896	 64.181896	 64.181896	 64.181896	 64.181896	 64.181896	 64.181896	 64.181896	 64.181896	 64.181896	 64.181896	 64.181896	 64.181896	 64.181896	 64.181896	 64.181896	 64.181896	 64.181896	 64.181896	 64.181896	 64.181896	 64.181896	 64.181896	 64.181896	 64.181896	 64.181896	 64.181896	 64.181896	 64.181896	 64.181896	 64.181896	 64.181896	 64.181896	 64.181896	 64.181896	 64.181896	 64.181896	 64.181896	 64.181896	 64.181896	 64.181896	 64.181896	 64.181896	 64.181896	 64.181896	 64.181896	 64.181896	 64.181896	 64.181896	 64.181896	 64.181896	 64.181896	 64.181896	 64.181896	 64.181896	 64.181896	 64.181896	 64.181896	 64.181896	 64.181896	 64.181896	 64.181896	 64.181896	 64.181896	 64.181896	 64.181896	 64.181896	 64.181896	 64.181896	 64.181896	 64.181896	
        99	 97.023762	 95.055833	 93.104416	 91.177508	 89.282799	 87.427582	  85.61867	  83.86232	 82.164169	 80.529187	 78.961639	 77.465054	  76.04222	 74.695183	 73.425257	 72.233052	 71.118506	 70.080932	 69.119063	 68.231114	 67.414837	 66.667592	 65.986403	 65.368031	 64.809032	 64.305818	 63.854716	 63.452018	 63.094032	 62.777123	 62.497746	 62.252485	  62.03807	 61.851403	 61.689569	 61.549848	 61.429721	 61.326869	 61.239173	  61.16471	 61.101745	 61.048724	 61.004262	  60.96713	 60.936249	 60.910673	 60.889577	 60.872249	 60.858074	 60.846526	 60.837158	 60.829588	 60.823498	 60.818617	 60.814722	 60.811626	 60.809176	 60.807244	 60.805728	 60.804542	 60.803619	 60.802903	  60.80235	 60.801924	 60.801598	  60.80135	 60.801161	 60.801018	  60.80091	 60.800829	 60.800769	 60.800724	  60.80069	 60.800666	 60.800647	 60.800634	 60.800624	 60.800617	 60.800612	 60.800609	 60.800606	 60.800604	 60.800603	 60.800602	 60.800601	 60.800601	   60.8006	   60.8006	   60.8006	   60.8006	   60.8006	   60.8006	   60.8006	 60.800599	 60.800599	 60.800599	 60.800599	 60.800599	 60.800599	 60.800599	 60.800599	 60.800599	 60.800599	 60.800599	 60.800599	 60.800599	 60.800599	 60.800599	 60.800599	 60.800599	 60.800599	 60.800599	 60.800599	 60.800599	 60.800599	 60.800599	 60.800599	 60.800599	 60.800599	 60.800599	 60.800599	 60.800599	 60.800599	 60.800599	 60.800599	 60.800599	 60.800599	 60.800599	 60.800599	 60.800599	 60.800599	 60.800599	 60.800599	 60.800599	 60.800599	 60.800599	 60.800599	 60.800599	 60.800599	 60.800599	 60.800599	 60.800599	 60.800599	 60.800599	 60.800599	 60.800599	 60.800599	 60.800599	 60.800599	 60.800599	 60.800599	 60.800599	 60.800599	 60.800599	 60.800599	 60.800599	 60.800599	 60.800599	 60.800599	 60.800599	 60.800599	 60.800599	 60.800599	 60.800599	 60.800599	 60.800599	 60.800599	 60.800599	 60.800599	 60.800599	 60.800599	 60.800599	 60.800599	 60.800599	 60.800599	 60.800599	 60.800599	 60.800599	 60.800599	 60.800599	 60.800599	 60.800599	 60.800599	 60.800599	 60.800599	 60.800599	 60.800599	 60.800599	 60.800599	 60.800599	 60.800599	 60.800599	 60.800599	 60.800599	 60.800599	 60.800599	 60.800599	 60.800599	 60.800599	
        99	 96.856046	 94.721107	  92.60408	 90.513642	 88.458137	 86.445475	 84.483047	 82.577641	 80.735375	 78.961639	 77.261058	 75.637464	  74.09388	 72.632524	 71.254824	 69.961441	 68.752309	 67.626679	  66.58318	 65.619874	 64.734323	 63.923661	 63.184663	 62.513812	 61.907373	 61.361453	 60.872067	 60.435194	 60.046828	 59.703023	 59.399937	 59.133861	 58.901249	  58.69874	 58.523172	 58.371594	 58.241272	 58.129691	 58.034553	  57.95377	 57.885462	 57.827942	 57.779706	 57.739423	 57.705921	 57.678174	 57.655288	 57.636489	 57.621111	 57.608584	  57.59842	 57.590208	 57.583601	 57.578306	  57.57408	 57.570722	 57.568064	 57.565968	 57.564323	 57.563037	 57.562035	 57.561258	 57.560658	 57.560197	 57.559843	 57.559574	 57.559369	 57.559214	 57.559097	 57.559009	 57.558943	 57.558894	 57.558858	 57.558831	 57.558812	 57.558797	 57.558787	 57.558779	 57.558773	 57.558769	 57.558767	 57.558764	 57.558763	 57.558762	 57.558761	 57.558761	  57.55876	  57.55876	  57.55876	  57.55876	  57.55876	  57.55876	  57.55876	  57.55876	  57.55876	  57.55876	  57.55876	  57.55876	  57.55876	  57.55876	  57.55876	  57.55876	  57.55876	  57.55876	  57.55876	  57.55876	  57.55876	  57.55876	  57.55876	  57.55876	  57.55876	  57.55876	  57.55876	  57.55876	  57.55876	  57.55876	  57.55876	  57.55876	  57.55876	  57.55876	  57.55876	  57.55876	  57.55876	  57.55876	  57.55876	  57.55876	  57.55876	  57.55876	  57.55876	  57.55876	  57.55876	  57.55876	  57.55876	  57.55876	  57.55876	  57.55876	  57.55876	  57.55876	  57.55876	  57.55876	  57.55876	  57.55876	  57.55876	  57.55876	  57.55876	  57.55876	  57.55876	  57.55876	  57.55876	  57.55876	  57.55876	  57.55876	  57.55876	  57.55876	  57.55876	  57.55876	  57.55876	  57.55876	  57.55876	  57.55876	  57.55876	  57.55876	  57.55876	  57.55876	  57.55876	  57.55876	  57.55876	  57.55876	  57.55876	  57.55876	  57.55876	  57.55876	  57.55876	  57.55876	  57.55876	  57.55876	  57.55876	  57.55876	  57.55876	  57.55876	  57.55876	  57.55876	  57.55876	  57.55876	  57.55876	  57.55876	  57.55876	  57.55876	  57.55876	  57.55876	  57.55876	  57.55876	  57.55876	  57.55876	  57.55876	  57.55876	  57.55876	  57.55876	  57.55876	
        99	 96.695923	 94.401533	 92.126395	  89.87983	 87.670807	 85.507828	 83.398834	 81.351121	 79.371263	 77.465054	 75.637464	  73.89261	 72.233742	 70.663243	 69.182648	 67.792668	  66.49323	 65.283532	 64.162098	 63.126846	 62.175157	  61.30395	 60.509759	 59.788805	 59.137074	 58.550381	 58.024445	 57.554944	 57.137571	 56.768089	 56.442367	 56.156419	 55.906435	 55.688801	  55.50012	 55.337222	 55.197166	 55.077252	 54.975008	 54.888192	 54.814783	 54.752966	 54.701128	 54.657836	 54.621832	 54.592013	 54.567417	 54.547215	 54.530688	 54.517225	 54.506302	 54.497477	 54.490376	 54.484686	 54.480145	 54.476535	 54.473679	 54.471426	 54.469658	 54.468276	   54.4672	 54.466365	  54.46572	 54.465224	 54.464844	 54.464554	 54.464334	 54.464167	 54.464042	 54.463947	 54.463877	 54.463824	 54.463785	 54.463757	 54.463736	  54.46372	 54.463709	   54.4637	 54.463694	  54.46369	 54.463687	 54.463685	 54.463683	 54.463682	 54.463681	 54.463681	  54.46368	  54.46368	  54.46368	  54.46368	  54.46368	  54.46368	  54.46368	  54.46368	  54.46368	  54.46368	  54.46368	  54.46368	  54.46368	  54.46368	  54.46368	  54.46368	  54.46368	  54.46368	  54.46368	  54.46368	  54.46368	  54.46368	  54.46368	  54.46368	  54.46368	  54.46368	  54.46368	  54.46368	  54.46368	  54.46368	  54.46368	  54.46368	  54.46368	  54.46368	  54.46368	  54.46368	  54.46368	  54.46368	  54.46368	  54.46368	  54.46368	  54.46368	  54.46368	  54.46368	  54.46368	  54.46368	  54.46368	  54.46368	  54.46368	  54.46368	  54.46368	  54.46368	  54.46368	  54.46368	  54.46368	  54.46368	  54.46368	  54.46368	  54.46368	  54.46368	  54.46368	  54.46368	  54.46368	  54.46368	  54.46368	  54.46368	  54.46368	  54.46368	  54.46368	  54.46368	  54.46368	  54.46368	  54.46368	  54.46368	  54.46368	  54.46368	  54.46368	  54.46368	  54.46368	  54.46368	  54.46368	  54.46368	  54.46368	  54.46368	  54.46368	  54.46368	  54.46368	  54.46368	  54.46368	  54.46368	  54.46368	  54.46368	  54.46368	  54.46368	  54.46368	  54.46368	  54.46368	  54.46368	  54.46368	  54.46368	  54.46368	  54.46368	  54.46368	  54.46368	  54.46368	  54.46368	  54.46368	  54.46368	  54.46368	  54.46368	  54.46368	  54.46368	  54.46368	
        99	 96.543691	 94.097708	 91.672249	 89.277252	 86.922277	 84.616388	 82.368051	 80.185044	 78.074375	  76.04222	  74.09388	 72.233742	 70.465271	 68.791008	 67.212589	 65.730771	 64.345478	 63.055854	 61.860326	 60.756674	 59.742106	 58.813338	 57.966674	 57.198086	 56.503294	 55.877838	 55.317153	 54.816631	 54.371683	 53.977789	 53.630545	 53.325705	 53.059204	 52.827191	 52.626044	 52.452382	 52.303073	 52.175236	 52.066236	 51.973685	 51.895425	 51.829524	 51.774261	 51.728109	 51.689726	 51.657937	 51.631716	 51.610179	  51.59256	 51.578208	 51.566563	 51.557155	 51.549585	 51.543519	 51.538677	  51.53483	 51.531784	 51.529383	 51.527498	 51.526025	 51.524877	 51.523987	   51.5233	 51.522771	 51.522366	 51.522057	 51.521822	 51.521644	 51.521511	  51.52141	 51.521335	 51.521279	 51.521237	 51.521207	 51.521184	 51.521167	 51.521155	 51.521147	  51.52114	 51.521136	 51.521132	  51.52113	 51.521128	 51.521127	 51.521126	 51.521126	 51.521125	 51.521125	 51.521125	 51.521125	 51.521125	 51.521125	 51.521124	 51.521124	 51.521124	 51.521124	 51.521124	 51.521124	 51.521124	 51.521124	 51.521124	 51.521124	 51.521124	 51.521124	 51.521124	 51.521124	 51.521124	 51.521124	 51.521124	 51.521124	 51.521124	 51.521124	 51.521124	 51.521124	 51.521124	 51.521124	 51.521124	 51.521124	 51.521124	 51.521124	 51.521124	 51.521124	 51.521124	 51.521124	 51.521124	 51.521124	 51.521124	 51.521124	 51.521124	 51.521124	 51.521124	 51.521124	 51.521124	 51.521124	 51.521124	 51.521124	 51.521124	 51.521124	 51.521124	 51.521124	 51.521124	 51.521124	 51.521124	 51.521124	 51.521124	 51.521124	 51.521124	 51.521124	 51.521124	 51.521124	 51.521124	 51.521124	 51.521124	 51.521124	 51.521124	 51.521124	 51.521124	 51.521124	 51.521124	 51.521124	 51.521124	 51.521124	 51.521124	 51.521124	 51.521124	 51.521124	 51.521124	 51.521124	 51.521124	 51.521124	 51.521124	 51.521124	 51.521124	 51.521124	 51.521124	 51.521124	 51.521124	 51.521124	 51.521124	 51.521124	 51.521124	 51.521124	 51.521124	 51.521124	 51.521124	 51.521124	 51.521124	 51.521124	 51.521124	 51.521124	 51.521124	 51.521124	 51.521124	 51.521124	 51.521124	 51.521124	 51.521124	 51.521124	 51.521124	
        99	 96.399568	 93.810068	 91.242297	 88.706775	 86.213622	 83.772436	 81.392179	 79.081085	 76.846573	 74.695183	 72.632524	 70.663243	 68.791008	 67.018509	 65.347477	 63.778714	 62.312139	 60.946848	 59.681173	 58.512764	 57.438667	 56.455404	 55.559062	 54.745378	 54.009819	 53.347664	 52.754081	 52.224192	 51.753136	 51.336131	 50.968513	 50.645786	 50.363648	 50.118022	 49.905073	 49.721222	 49.563152	 49.427814	 49.312419	 49.214437	 49.131585	 49.061818	 49.003312	 48.954452	 48.913817	 48.880162	 48.852403	 48.829602	  48.81095	 48.795755	 48.783428	 48.773468	 48.765453	 48.759031	 48.753906	 48.749832	 48.746608	 48.744066	 48.742071	  48.74051	 48.739296	 48.738353	 48.737626	 48.737066	 48.736637	  48.73631	 48.736061	 48.735873	 48.735731	 48.735625	 48.735545	 48.735486	 48.735442	  48.73541	 48.735386	 48.735368	 48.735356	 48.735346	  48.73534	 48.735335	 48.735331	 48.735329	 48.735327	 48.735326	 48.735325	 48.735324	 48.735324	 48.735323	 48.735323	 48.735323	 48.735323	 48.735323	 48.735323	 48.735323	 48.735323	 48.735323	 48.735323	 48.735323	 48.735323	 48.735323	 48.735323	 48.735323	 48.735323	 48.735323	 48.735323	 48.735323	 48.735323	 48.735323	 48.735323	 48.735323	 48.735323	 48.735323	 48.735323	 48.735323	 48.735323	 48.735323	 48.735323	 48.735323	 48.735323	 48.735323	 48.735323	 48.735323	 48.735323	 48.735323	 48.735323	 48.735323	 48.735323	 48.735323	 48.735323	 48.735323	 48.735323	 48.735323	 48.735323	 48.735323	 48.735323	 48.735323	 48.735323	 48.735323	 48.735323	 48.735323	 48.735323	 48.735323	 48.735323	 48.735323	 48.735323	 48.735323	 48.735323	 48.735323	 48.735323	 48.735323	 48.735323	 48.735323	 48.735323	 48.735323	 48.735323	 48.735323	 48.735323	 48.735323	 48.735323	 48.735323	 48.735323	 48.735323	 48.735323	 48.735323	 48.735323	 48.735323	 48.735323	 48.735323	 48.735323	 48.735323	 48.735323	 48.735323	 48.735323	 48.735323	 48.735323	 48.735323	 48.735323	 48.735323	 48.735323	 48.735323	 48.735323	 48.735323	 48.735323	 48.735323	 48.735323	 48.735323	 48.735323	 48.735323	 48.735323	 48.735323	 48.735323	 48.735323	 48.735323	 48.735323	 48.735323	 48.735323	 48.735323	 48.735323	 48.735323	
        99	 96.263695	 93.538895	 90.836957	 88.168954	 85.545534	 82.976796	 80.472171	 78.040322	 75.689057	 73.425257	 71.254824	 69.182648	 67.212589	 65.347477	 63.589133	 61.938402	   60.3952	 58.958571	 57.626765	 56.397307	 55.267088	 54.232449	 53.289274	 52.433075	 51.659083	 50.962331	 50.337733	 49.780157	 49.284489	 48.845694	 48.458869	 48.119279	   47.8224	  47.56394	 47.339864	 47.146406	 46.980078	 46.837668	 46.716244	 46.613142	 46.525962	 46.452549	 46.390986	 46.339573	 46.296815	 46.261402	 46.232193	   46.2082	 46.188573	 46.172585	 46.159613	 46.149132	 46.140699	 46.133941	 46.128548	 46.124262	 46.120869	 46.118194	 46.116095	 46.114453	 46.113175	 46.112183	 46.111418	 46.110829	 46.110378	 46.110033	 46.109772	 46.109574	 46.109424	 46.109312	 46.109229	 46.109166	  46.10912	 46.109086	 46.109061	 46.109042	 46.109029	 46.109019	 46.109012	 46.109007	 46.109003	 46.109001	 46.108999	 46.108997	 46.108997	 46.108996	 46.108995	 46.108995	 46.108995	 46.108995	 46.108995	 46.108995	 46.108994	 46.108994	 46.108994	 46.108994	 46.108994	 46.108994	 46.108994	 46.108994	 46.108994	 46.108994	 46.108994	 46.108994	 46.108994	 46.108994	 46.108994	 46.108994	 46.108994	 46.108994	 46.108994	 46.108994	 46.108994	 46.108994	 46.108994	 46.108994	 46.108994	 46.108994	 46.108994	 46.108994	 46.108994	 46.108994	 46.108994	 46.108994	 46.108994	 46.108994	 46.108994	 46.108994	 46.108994	 46.108994	 46.108994	 46.108994	 46.108994	 46.108994	 46.108994	 46.108994	 46.108994	 46.108994	 46.108994	 46.108994	 46.108994	 46.108994	 46.108994	 46.108994	 46.108994	 46.108994	 46.108994	 46.108994	 46.108994	 46.108994	 46.108994	 46.108994	 46.108994	 46.108994	 46.108994	 46.108994	 46.108994	 46.108994	 46.108994	 46.108994	 46.108994	 46.108994	 46.108994	 46.108994	 46.108994	 46.108994	 46.108994	 46.108994	 46.108994	 46.108994	 46.108994	 46.108994	 46.108994	 46.108994	 46.108994	 46.108994	 46.108994	 46.108994	 46.108994	 46.108994	 46.108994	 46.108994	 46.108994	 46.108994	 46.108994	 46.108994	 46.108994	 46.108994	 46.108994	 46.108994	 46.108994	 46.108994	 46.108994	 46.108994	 46.108994	 46.108994	 46.108994	 46.108994	 46.108994	
        99	 96.136138	 93.284317	 90.456424	 87.664048	 84.918334	  82.22985	 79.608468	 77.063255	 74.602382	 72.233052	 69.961441	 67.792668	 65.730771	 63.778714	 61.938402	  60.21072	 58.595579	  57.09198	 55.698089	 54.411318	 53.228412	 52.145543	 51.158399	 50.262287	 49.452214	 48.722983	 48.069268	 47.485699	 46.966925	 46.507676	 46.102818	 45.747398	 45.436679	  45.16617	 44.931649	 44.729173	 44.555091	 44.406043	 44.278958	  44.17105	 44.079805	  44.00297	 43.938537	 43.884728	 43.839977	 43.802913	 43.772342	 43.747231	 43.726689	 43.709955	 43.696379	 43.685409	 43.676583	  43.66951	 43.663866	  43.65938	 43.655829	 43.653029	 43.650832	 43.649114	 43.647776	 43.646738	 43.645937	  43.64532	 43.644848	 43.644488	 43.644214	 43.644007	 43.643851	 43.643733	 43.643646	  43.64358	 43.643532	 43.643496	  43.64347	 43.643451	 43.643437	 43.643426	 43.643419	 43.643414	  43.64341	 43.643407	 43.643405	 43.643404	 43.643403	 43.643402	 43.643402	 43.643401	 43.643401	 43.643401	 43.643401	 43.643401	 43.643401	 43.643401	 43.643401	 43.643401	   43.6434	   43.6434	   43.6434	   43.6434	   43.6434	   43.6434	   43.6434	   43.6434	   43.6434	   43.6434	   43.6434	   43.6434	   43.6434	   43.6434	   43.6434	   43.6434	   43.6434	   43.6434	   43.6434	   43.6434	   43.6434	   43.6434	   43.6434	   43.6434	   43.6434	   43.6434	   43.6434	   43.6434	   43.6434	   43.6434	   43.6434	   43.6434	   43.6434	   43.6434	   43.6434	   43.6434	   43.6434	   43.6434	   43.6434	   43.6434	   43.6434	   43.6434	   43.6434	   43.6434	   43.6434	   43.6434	   43.6434	   43.6434	   43.6434	   43.6434	   43.6434	   43.6434	   43.6434	   43.6434	   43.6434	   43.6434	   43.6434	   43.6434	   43.6434	   43.6434	   43.6434	   43.6434	   43.6434	   43.6434	   43.6434	   43.6434	   43.6434	   43.6434	   43.6434	   43.6434	   43.6434	   43.6434	   43.6434	   43.6434	   43.6434	   43.6434	   43.6434	   43.6434	   43.6434	   43.6434	   43.6434	   43.6434	   43.6434	   43.6434	   43.6434	   43.6434	   43.6434	   43.6434	   43.6434	   43.6434	   43.6434	   43.6434	   43.6434	   43.6434	   43.6434	   43.6434	   43.6434	   43.6434	   43.6434	   43.6434	   43.6434	   43.6434	   43.6434	
        99	  96.01689	 93.046322	  90.10068	 87.192032	 84.331989	  81.53156	 78.801027	 76.149834	 73.586493	 71.118506	 68.752309	  66.49323	 64.345478	 62.312139	   60.3952	 58.595579	 56.913184	 55.346977	 53.895047	 52.554696	 51.322536	 50.194576	  49.16633	 48.232904	 47.389101	 46.629505	  45.94857	 45.340703	 44.800327	 44.321955	 43.900239	  43.53002	 43.206363	 42.924591	 42.680304	 42.469398	 42.288067	 42.132812	 42.000436	 41.888035	 41.792991	 41.712957	 41.645841	 41.589791	 41.543176	 41.504569	 41.472725	 41.446568	 41.425171	  41.40774	 41.393599	 41.382173	 41.372979	 41.365612	 41.359732	 41.355059	  41.35136	 41.348445	 41.346156	 41.344366	 41.342972	 41.341891	 41.341057	 41.340415	 41.339923	 41.339547	 41.339262	 41.339046	 41.338884	 41.338761	  41.33867	 41.338602	 41.338552	 41.338514	 41.338487	 41.338467	 41.338452	 41.338442	 41.338434	 41.338428	 41.338424	 41.338421	 41.338419	 41.338418	 41.338417	 41.338416	 41.338416	 41.338415	 41.338415	 41.338415	 41.338415	 41.338415	 41.338415	 41.338415	 41.338415	 41.338415	 41.338415	 41.338415	 41.338415	 41.338415	 41.338415	 41.338415	 41.338415	 41.338415	 41.338415	 41.338415	 41.338415	 41.338415	 41.338415	 41.338415	 41.338415	 41.338415	 41.338415	 41.338415	 41.338415	 41.338415	 41.338415	 41.338415	 41.338415	 41.338415	 41.338415	 41.338415	 41.338415	 41.338415	 41.338415	 41.338415	 41.338415	 41.338415	 41.338415	 41.338415	 41.338415	 41.338415	 41.338415	 41.338415	 41.338415	 41.338415	 41.338415	 41.338415	 41.338415	 41.338415	 41.338415	 41.338415	 41.338415	 41.338415	 41.338415	 41.338415	 41.338415	 41.338415	 41.338415	 41.338415	 41.338415	 41.338415	 41.338415	 41.338415	 41.338415	 41.338415	 41.338415	 41.338415	 41.338415	 41.338415	 41.338415	 41.338415	 41.338415	 41.338415	 41.338415	 41.338415	 41.338415	 41.338415	 41.338415	 41.338415	 41.338415	 41.338415	 41.338415	 41.338415	 41.338415	 41.338415	 41.338415	 41.338415	 41.338415	 41.338415	 41.338415	 41.338415	 41.338415	 41.338415	 41.338415	 41.338415	 41.338415	 41.338415	 41.338415	 41.338415	 41.338415	 41.338415	 41.338415	 41.338415	 41.338415	 41.338415	 41.338415	 41.338415	 41.338415	
