Time step 6:
        99	        99	        99	        99	        99	        99	        99	        99	        99	        99	        99	        99	        99	        99	        99	        99	        99	        99	        99	        99	        99	        99	        99	        99	        99	        99	        99	        99	        99	        99	        99	        99	        99	        99	        99	        99	        99	        99	        99	        99	        99	        99	        99	        99	        99	        99	        99	        99	        99	        99	        99	        99	        99	        99	        99	        99	        99	        99	        99	        99	        99	        99	        99	        99	        99	        99	        99	        99	        99	        99	        99	        99	        99	        99	        99	        99	        99	        99	        99	        99	        99	        99	        99	        99	        99	        99	        99	        99	        99	        99	        99	        99	        99	        99	        99	        99	        99	        99	        99	        99	        99	        99	        99	        99	        99	        99	        99	        99	        99	        99	        99	        99	        99	        99	        99	        99	        99	        99	        99	        99	        99	        99	        99	        99	        99	        99	        99	        99	        99	        99	        99	        99	        99	        99	        99	        99	        99	        99	        99	        99	        99	        99	        99	        99	        99	        99	        99	        99	        99	        99	        99	        99	        99	        99	        99	        99	        99	        99	        99	        99	        99	        99	        99	        99	        99	        99	        99	        99	        99	        99	        99	        99	        99	        99	        99	        99	        99	        99	        99	        99	        99	        99	        99	        99	        99	        99	        99	        99	        99	        99	        99	        99	        99	        99	        99	        99	        99	        99	        99	        99	
        99	 98.894223	 98.788668	 98.683558	 98.579108	 98.475535	 98.373046	 98.271844	 98.172123	 98.074067	 97.977851	  97.88364	 97.791585	 97.701827	 97.614492	 97.529694	 97.447531	 97.368089	  97.29144	 97.217641	 97.146734	 97.078751	 97.013707	 96.951607	  96.89244	 96.836188	 96.782819	 96.732292	 96.684555	 96.639549	 96.597208	 96.557457	 96.520215	 96.485398	 96.452917	 96.422677	 96.394584	 96.368539	 96.344445	 96.322201	 96.301709	  96.28287	 96.265587	 96.249765	 96.235311	 96.222134	 96.210146	 96.199264	 96.189405	 96.180492	 96.172451	 96.165213	  96.15871	  96.15288	 96.147664	 96.143008	  96.13886	 96.135172	   96.1319	 96.129004	 96.126445	 96.124189	 96.122204	 96.120462	 96.118935	   96.1176	 96.116436	 96.115422	 96.114541	 96.113777	 96.113116	 96.112546	 96.112054	 96.111631	 96.111269	 96.110958	 96.110693	 96.110467	 96.110274	  96.11011	 96.109972	 96.109855	 96.109756	 96.109673	 96.109603	 96.109544	 96.109495	 96.109454	 96.109419	 96.109391	 96.109367	 96.109348	 96.109332	 96.109318	 96.109307	 96.109298	 96.109291	 96.109285	  96.10928	 96.109276	 96.109273	  96.10927	 96.109268	 96.109266	 96.109265	 96.109264	 96.109263	 96.109262	 96.109261	 96.109261	 96.109261	  96.10926	  96.10926	  96.10926	  96.10926	  96.10926	  96.10926	 96.109259	 96.109259	 96.109259	 96.109259	 96.109259	 96.109259	 96.109259	 96.109259	 96.109259	 96.109259	 96.109259	 96.109259	 96.109259	 96.109259	 96.109259	 96.109259	 96.109259	 96.109259	 96.109259	 96.109259	 96.109259	 96.109259	 96.109259	 96.109259	 96.109259	 96.109259	 96.109259	 96.109259	 96.109259	 96.109259	 96.109259	 96.109259	 96.109259	 96.109259	 96.109259	 96.109259	 96.109259	 96.109259	 96.109259	 96.109259	 96.109259	 96.109259	 96.109259	 96.109259	 96.109259	 96.109259	 96.109259	 96.109259	 96.109259	 96.109259	 96.109259	 96.109259	 96.109259	 96.109259	 96.109259	 96.109259	 96.109259	 96.109259	 96.109259	 96.109259	 96.109259	 96.109259	 96.109259	 96.109259	 96.109259	 96.109259	 96.109259	 96.109259	 96.109259	 96.109259	 96.109259	 96.109259	 96.109259	 96.109259	 96.109259	 96.109259	 96.109259	 96.109259	 96.109259	 96.109259	 96.109259	 96.109259	 96.109259	
        99	 98.788668	 98.577781	 98.367781	 98.159102	 97.952173	 97.747412	  97.54522	 97.345987	 97.150081	 96.957852	 96.769628	 96.585712	 96.406385	 96.231898	 96.062479	 95.898327	  95.73961	 95.586473	  95.43903	 95.297367	 95.161543	 95.031592	 94.907521	 94.789313	 94.676927	 94.570301	 94.469353	 94.373979	 94.284063	 94.199469	  94.12005	 94.045646	 93.976085	  93.91119	 93.850775	 93.794647	 93.742613	 93.694475	 93.650034	 93.609093	 93.571455	 93.536926	 93.505315	 93.476437	 93.450111	  93.42616	 93.404418	 93.384721	 93.366914	 93.350849	 93.336387	 93.323395	 93.311747	 93.301327	 93.292025	 93.283737	  93.27637	 93.269833	 93.264046	 93.258934	 93.254427	 93.250461	  93.24698	  93.24393	 93.241263	 93.238936	 93.236911	 93.235151	 93.233625	 93.232305	 93.231165	 93.230182	 93.229338	 93.228613	 93.227993	 93.227462	  93.22701	 93.226626	 93.226299	 93.226022	 93.225788	  93.22559	 93.225424	 93.225284	 93.225167	 93.225069	 93.224987	 93.224918	 93.224862	 93.224814	 93.224775	 93.224743	 93.224716	 93.224695	 93.224677	 93.224662	  93.22465	  93.22464	 93.224632	 93.224625	  93.22462	 93.224616	 93.224612	 93.224609	 93.224607	 93.224605	 93.224604	 93.224603	 93.224602	 93.224601	   93.2246	   93.2246	   93.2246	 93.224599	 93.224599	 93.224599	 93.224599	 93.224599	 93.224599	 93.224599	 93.224598	 93.224598	 93.224598	 93.224598	 93.224598	 93.224598	 93.224598	 93.224598	 93.224598	 93.224598	 93.224598	 93.224598	 93.224598	 93.224598	 93.224598	 93.224598	 93.224598	 93.224598	 93.224598	 93.224598	 93.224598	 93.224598	 93.224598	 93.224598	 93.224598	 93.224598	 93.224598	 93.224598	 93.224598	 93.224598	 93.224598	 93.224598	 93.224598	 93.224598	 93.224598	 93.224598	 93.224598	 93.224598	 93.224598	 93.224598	 93.224598	 93.224598	 93.224598	 93.224598	 93.224598	 93.224598	 93.224598	 93.224598	 93.224598	 93.224598	 93.224598	 93.224598	 93.224598	 93.224598	 93.224598	 93.224598	 93.224598	 93.224598	 93.224598	 93.224598	 93.224598	 93.224598	 93.224598	 93.224598	 93.224598	 93.224598	 93.224598	 93.224598	 93.224598	 93.224598	 93.224598	 93.224598	 93.224598	 93.224598	 93.224598	 93.224598	 93.224598	 93.224598	 93.224598	
        99	 98.683558	 98.367781	 98.053331	  97.74086	 97.431011	 97.124406	 96.821649	 96.523322	 96.229978	 95.942139	 95.660297	 95.384906	 95.116386	 94.855114	 94.601431	 94.355632	 94.117974	 93.888671	 93.667893	  93.45577	 93.252391	 93.057806	 92.872025	 92.695023	  92.52674	 92.367081	 92.215922	 92.073113	 91.938475	 91.811806	 91.692886	 91.581474	 91.477317	 91.380145	  91.28968	 91.205636	 91.127721	  91.05564	 90.989096	 90.927791	 90.871433	  90.81973	 90.772397	 90.729156	 90.689735	 90.653873	 90.621316	 90.591822	 90.565158	 90.541104	 90.519449	 90.499994	 90.482554	 90.466951	 90.453021	 90.440612	  90.42958	 90.419792	 90.411127	 90.403472	 90.396723	 90.390785	 90.385572	 90.381005	 90.377012	 90.373528	 90.370495	  90.36786	 90.365575	 90.363598	 90.361891	  90.36042	 90.359156	  90.35807	 90.357141	 90.356347	  90.35567	 90.355094	 90.354605	 90.354191	  90.35384	 90.353544	 90.353295	 90.353086	  90.35291	 90.352763	  90.35264	 90.352538	 90.352453	 90.352382	 90.352324	 90.352276	 90.352236	 90.352203	 90.352176	 90.352154	 90.352136	 90.352121	 90.352109	 90.352099	 90.352091	 90.352085	  90.35208	 90.352075	 90.352072	 90.352069	 90.352067	 90.352065	 90.352064	 90.352063	 90.352062	 90.352061	 90.352061	  90.35206	  90.35206	  90.35206	 90.352059	 90.352059	 90.352059	 90.352059	 90.352059	 90.352059	 90.352059	 90.352059	 90.352059	 90.352059	 90.352059	 90.352059	 90.352059	 90.352059	 90.352059	 90.352059	 90.352059	 90.352059	 90.352059	 90.352059	 90.352059	 90.352059	 90.352059	 90.352059	 90.352059	 90.352059	 90.352059	 90.352059	 90.352059	 90.352059	 90.352059	 90.352059	 90.352059	 90.352059	 90.352059	 90.352059	 90.352059	 90.352059	 90.352059	 90.352059	 90.352059	 90.352059	 90.352059	 90.352059	 90.352059	 90.352059	 90.352059	 90.352059	 90.352059	 90.352059	 90.352059	 90.352059	 90.352059	 90.352059	 90.352059	 90.352059	 90.352059	 90.352059	 90.352059	 90.352059	 90.352059	 90.352059	 90.352059	 90.352059	 90.352059	 90.352059	 90.352059	 90.352059	 90.352059	 90.352059	 90.352059	 90.352059	 90.352059	 90.352059	 90.352059	 90.352059	 90.352059	 90.352059	 90.352059	 90.352059	 90.352059	 90.352059	 90.352059	
        99	 98.579108	 98.159102	  97.74086	 97.325252	 96.913129	 96.505322	 96.102634	 95.705837	 95.315668	 94.932821	  94.55795	 94.191661	 93.834509	 93.486999	 93.149581	 92.822651	 92.506549	 92.201558	 91.907907	 91.625768	  91.35526	 91.096448	 90.849346	  90.61392	  90.39009	 90.177732	 89.976681	 89.786734	 89.607655	 89.439176	 89.281004	 89.132819	 88.994281	 88.865035	  88.74471	 88.632926	 88.529294	 88.433421	 88.344912	 88.263372	 88.188411	 88.119642	 88.056686	 87.999172	  87.94674	 87.899041	 87.855738	 87.816508	 87.781044	 87.749049	 87.720246	 87.694371	 87.671173	 87.650421	 87.631893	 87.615388	 87.600714	 87.587696	 87.576171	 87.565989	 87.557012	 87.549115	 87.542181	 87.536106	 87.530795	 87.526162	 87.522127	 87.518622	 87.515583	 87.512954	 87.510683	 87.508727	 87.507045	 87.505602	 87.504366	  87.50331	  87.50241	 87.501643	 87.500993	 87.500441	 87.499975	 87.499582	  87.49925	 87.498972	 87.498738	 87.498543	 87.498379	 87.498243	  87.49813	 87.498036	 87.497958	 87.497894	 87.497841	 87.497797	 87.497761	 87.497732	 87.497708	 87.497688	 87.497672	 87.497659	 87.497649	  87.49764	 87.497633	 87.497628	 87.497623	  87.49762	 87.497617	 87.497614	 87.497613	 87.497611	  87.49761	 87.497609	 87.497608	 87.497608	 87.497607	 87.497607	 87.497607	 87.497606	 87.497606	 87.497606	 87.497606	 87.497606	 87.497606	 87.497606	 87.497606	 87.497606	 87.497606	 87.497606	 87.497606	 87.497606	 87.497606	 87.497606	 87.497606	 87.497606	 87.497606	 87.497606	 87.497606	 87.497606	 87.497606	 87.497606	 87.497606	 87.497606	 87.497606	 87.497606	 87.497606	 87.497606	 87.497606	 87.497606	 87.497606	 87.497606	 87.497606	 87.497606	 87.497606	 87.497606	 87.497606	 87.497606	 87.497606	 87.497606	 87.497606	 87.497606	 87.497606	 87.497606	 87.497606	 87.497606	 87.497606	 87.497606	 87.497606	 87.497606	 87.497606	 87.497606	 87.497606	 87.497606	 87.497606	 87.497606	 87.497606	 87.497606	 87.497606	 87.497606	 87.497606	 87.497606	 87.497606	 87.497606	 87.497606	 87.497606	 87.497606	 87.497606	 87.497606	 87.497606	 87.497606	 87.497606	 87.497606	 87.497606	 87.497606	 87.497606	 87.497606	 87.497606	 87.497606	 87.497606	 87.497606	
        99	 98.475535	 97.952173	 97.431011	 96.913129	 96.399591	 95.891431	 95.389649	 94.895208	 94.409025	 93.931968	 93.464849	 93.008423	 92.563383	 92.130357	 91.709907	 91.302526	 90.908637	 90.528595	 90.162682	 89.811114	 89.474039	 89.151537	 88.843629	 88.550269	 88.271359	 88.006744	 87.756218	 87.519529	 87.296382	 87.086444	 86.889349	 86.704698	 86.532069	 86.371018	 86.221083	 86.081791	 85.952657	 85.833192	 85.722902	 85.621298	  85.52789	 85.442199	  85.36375	 85.292083	 85.226748	 85.167311	 85.113352	 85.064469	 85.020277	  84.98041	 84.944519	 84.912276	  84.88337	  84.85751	 84.834424	 84.813857	 84.795572	 84.779351	  84.76499	 84.752302	 84.741116	 84.731275	 84.722635	 84.715066	 84.708448	 84.702674	 84.697647	 84.693279	 84.689492	 84.686216	 84.683387	 84.680949	 84.678853	 84.677055	 84.675515	 84.674199	 84.673077	 84.672122	 84.671311	 84.670624	 84.670043	 84.669553	  84.66914	 84.668793	 84.668502	 84.668258	 84.668055	 84.667885	 84.667744	 84.667627	  84.66753	  84.66745	 84.667384	  84.66733	 84.667285	 84.667248	 84.667218	 84.667194	 84.667174	 84.667158	 84.667145	 84.667134	 84.667125	 84.667118	 84.667113	 84.667108	 84.667105	 84.667102	 84.667099	 84.667098	 84.667096	 84.667095	 84.667094	 84.667093	 84.667093	 84.667092	 84.667092	 84.667092	 84.667092	 84.667091	 84.667091	 84.667091	 84.667091	 84.667091	 84.667091	 84.667091	 84.667091	 84.667091	 84.667091	 84.667091	 84.667091	 84.667091	 84.667091	 84.667091	 84.667091	 84.667091	 84.667091	 84.667091	 84.667091	 84.667091	 84.667091	 84.667091	 84.667091	 84.667091	 84.667091	 84.667091	 84.667091	 84.667091	 84.667091	 84.667091	 84.667091	 84.667091	 84.667091	 84.667091	 84.667091	 84.667091	 84.667091	 84.667091	 84.667091	 84.667091	 84.667091	 84.667091	 84.667091	 84.667091	 84.667091	 84.667091	 84.667091	 84.667091	 84.667091	 84.667091	 84.667091	 84.667091	 84.667091	 84.667091	 84.667091	 84.667091	 84.667091	 84.667091	 84.667091	 84.667091	 84.667091	 84.667091	 84.667091	 84.667091	 84.667091	 84.667091	 84.667091	 84.667091	 84.667091	 84.667091	 84.667091	 84.667091	 84.667091	 84.667091	 84.667091	 84.667091	 84.667091	 84.667091	 84.667091	
        99	 98.373046	 97.747412	 97.124406	 96.505322	 95.891431	 95.283968	  94.68413	 94.093068	 93.511877	 92.941595	 92.383194	 91.837575	 91.305567	 90.787921	 90.285309	 89.798319	 89.327459	  88.87315	 88.435732	 88.015462	 87.612517	 87.226994	 86.858915	 86.508229	 86.174815	  85.85849	 85.559007	 85.276065	 85.009312	 84.758349	 84.522738	 84.302003	  84.09564	 83.903117	 83.723883	 83.557371	 83.403002	 83.260191	  83.12835	  83.00689	 82.895229	 82.792792	 82.699014	 82.613342	  82.53524	 82.464187	 82.399684	 82.341249	 82.288421	 82.240763	 82.197859	 82.159315	  82.12476	 82.093847	 82.066249	 82.041663	 82.019805	 82.000414	 81.983246	 81.968079	 81.954708	 81.942944	 81.932615	 81.923567	 81.915655	 81.908753	 81.902744	 81.897522	 81.892995	 81.889078	 81.885697	 81.882783	 81.880277	 81.878127	 81.876286	 81.874713	 81.873372	 81.872231	 81.871262	  81.87044	 81.869746	  81.86916	 81.868666	 81.868251	 81.867903	 81.867612	 81.867369	 81.867166	 81.866998	 81.866858	 81.866742	 81.866646	 81.866567	 81.866502	 81.866448	 81.866405	 81.866369	  81.86634	 81.866316	 81.866296	 81.866281	 81.866268	 81.866258	 81.866249	 81.866243	 81.866237	 81.866233	  81.86623	 81.866227	 81.866225	 81.866223	 81.866221	  81.86622	  81.86622	 81.866219	 81.866218	 81.866218	 81.866218	 81.866217	 81.866217	 81.866217	 81.866217	 81.866217	 81.866217	 81.866217	 81.866217	 81.866217	 81.866217	 81.866216	 81.866216	 81.866216	 81.866216	 81.866216	 81.866216	 81.866216	 81.866216	 81.866216	 81.866216	 81.866216	 81.866216	 81.866216	 81.866216	 81.866216	 81.866216	 81.866216	 81.866216	 81.866216	 81.866216	 81.866216	 81.866216	 81.866216	 81.866216	 81.866216	 81.866216	 81.866216	 81.866216	 81.866216	 81.866216	 81.866216	 81.866216	 81.866216	 81.866216	 81.866216	 81.866216	 81.866216	 81.866216	 81.866216	 81.866216	 81.866216	 81.866216	 81.866216	 81.866216	 81.866216	 81.866216	 81.866216	 81.866216	 81.866216	 81.866216	 81.866216	 81.866216	 81.866216	 81.866216	 81.866216	 81.866216	 81.866216	 81.866216	 81.866216	 81.866216	 81.866216	 81.866216	 81.866216	 81.866216	 81.866216	 81.866216	 81.866216	 81.866216	 81.866216	 81.866216	 81.866216	
        99	 98.271844	  97.54522	 96.821649	 96.102634	 95.389649	  94.68413	 93.987468	 93.300997	 92.625991	 91.963654	 91.315116	 90.681424	 90.063541	 89.462337	 88.878594	 88.312995	 87.766128	 87.238485	  86.73046	 86.242351	 85.774362	 85.326609	 84.899115	 84.491821	 84.104589	 83.737203	 83.389377	 83.060763	 82.750951	 82.459479	 82.185835	  81.92947	 81.689796	 81.466196	  81.25803	  81.06464	 80.885353	  80.71949	 80.566366	 80.425301	 80.295616	 80.176644	 80.067728	 79.968227	 79.877517	 79.794996	  79.72008	 79.652212	 79.590857	 79.535506	 79.485676	 79.440911	 79.400778	 79.364875	 79.332823	 79.304268	 79.278882	  79.25636	 79.236421	 79.218806	 79.203276	 79.189613	 79.177618	 79.167108	  79.15792	 79.149904	 79.142924	  79.13686	 79.131602	 79.127053	 79.123125	 79.119741	 79.116831	 79.114334	 79.112196	 79.110369	 79.108812	 79.107486	  79.10636	 79.105407	   79.1046	 79.103919	 79.103346	 79.102864	  79.10246	 79.102122	 79.101839	 79.101604	 79.101408	 79.101246	 79.101111	    79.101	 79.100908	 79.100832	  79.10077	 79.100719	 79.100678	 79.100644	 79.100616	 79.100594	 79.100575	 79.100561	 79.100549	 79.100539	 79.100531	 79.100525	  79.10052	 79.100516	 79.100513	  79.10051	 79.100508	 79.100507	 79.100505	 79.100504	 79.100504	 79.100503	 79.100503	 79.100502	 79.100502	 79.100502	 79.100501	 79.100501	 79.100501	 79.100501	 79.100501	 79.100501	 79.100501	 79.100501	 79.100501	 79.100501	 79.100501	 79.100501	 79.100501	 79.100501	 79.100501	 79.100501	 79.100501	 79.100501	 79.100501	 79.100501	 79.100501	 79.100501	 79.100501	 79.100501	 79.100501	 79.100501	 79.100501	 79.100501	 79.100501	 79.100501	 79.100501	 79.100501	 79.100501	 79.100501	 79.100501	 79.100501	 79.100501	 79.100501	 79.100501	 79.100501	 79.100501	 79.100501	 79.100501	 79.100501	 79.100501	 79.100501	 79.100501	 79.100501	 79.100501	 79.100501	 79.100501	 79.100501	 79.100501	 79.100501	 79.100501	 79.100501	 79.100501	 79.100501	 79.100501	 79.100501	 79.100501	 79.100501	 79.100501	 79.100501	 79.100501	 79.100501	 79.100501	 79.100501	 79.100501	 79.100501	 79.100501	 79.100501	 79.100501	 79.100501	 79.100501	 79.100501	 79.100501	 79.100501	 79.100501	
        99	 98.172123	 97.345987	 96.523322	 95.705837	 94.895208	 94.093068	 93.300997	 92.520513	 91.753064	  91.00002	 90.262665	 89.542188	 88.839684	 88.156145	 87.492458	 86.849399	 86.227639	 85.627735	 85.050135	 84.495179	 83.963099	 83.454025	 82.967986	 82.504913	 82.064649	 81.646948	 81.251488	  80.87787	 80.525629	 80.194239	  79.88312	 79.591645	 79.319147	 79.064925	 78.828251	 78.608376	 78.404536	 78.215957	 78.041863	 77.881479	 77.734033	 77.598768	 77.474935	 77.361808	 77.258675	 77.164853	 77.079677	 77.002515	 76.932757	 76.869826	 76.813172	 76.762275	 76.716647	 76.675827	 76.639385	 76.606919	 76.578056	  76.55245	 76.529781	 76.509753	 76.492097	 76.476562	 76.462924	 76.450976	 76.440529	 76.431415	 76.423479	 76.416585	 76.410607	 76.405435	 76.400969	 76.397121	 76.393813	 76.390974	 76.388543	 76.386466	 76.384695	 76.383188	 76.381908	 76.380824	 76.379906	 76.379133	 76.378481	 76.377933	 76.377474	 76.377089	 76.376768	   76.3765	 76.376278	 76.376093	  76.37594	 76.375813	 76.375709	 76.375623	 76.375553	 76.375495	 76.375447	 76.375409	 76.375377	 76.375352	 76.375331	 76.375314	   76.3753	  76.37529	 76.375281	 76.375274	 76.375268	 76.375263	  76.37526	 76.375257	 76.375255	 76.375253	 76.375251	  76.37525	 76.375249	 76.375249	 76.375248	 76.375248	 76.375247	 76.375247	 76.375247	 76.375247	 76.375247	 76.375246	 76.375246	 76.375246	 76.375246	 76.375246	 76.375246	 76.375246	 76.375246	 76.375246	 76.375246	 76.375246	 76.375246	 76.375246	 76.375246	 76.375246	 76.375246	 76.375246	 76.375246	 76.375246	 76.375246	 76.375246	 76.375246	 76.375246	 76.375246	 76.375246	 76.375246	 76.375246	 76.375246	 76.375246	 76.375246	 76.375246	 76.375246	 76.375246	 76.375246	 76.375246	 76.375246	 76.375246	 76.375246	 76.375246	 76.375246	 76.375246	 76.375246	 76.375246	 76.375246	 76.375246	 76.375246	 76.375246	 76.375246	 76.375246	 76.375246	 76.375246	 76.375246	 76.375246	 76.375246	 76.375246	 76.375246	 76.375246	 76.375246	 76.375246	 76.375246	 76.375246	 76.375246	 76.375246	 76.375246	 76.375246	 76.375246	 76.375246	 76.375246	 76.375246	 76.375246	 76.375246	 76.375246	 76.375246	 76.375246	 76.375246	 76.375246	
        99	 98.074067	 97.150081	 96.229978	 95.315668	 94.409025	 93.511877	 92.625991	 91.753064	 90.894717	 90.052481	  89.22779	 88.421978	 87.636268	 86.871769	 86.129473	 85.410249	 84.714845	 84.043886	 83.397874	 82.777187	 82.182087	 81.612717	  81.06911	 80.551189	 80.058779	 79.591605	 79.149305	 78.731435	 78.337473	 77.966832	 77.618864	 77.292866	 76.988092	  76.70376	 76.439053	 76.193136	 75.965152	 75.754237	 75.559523	 75.380142	 75.215233	 75.063946	 74.925447	  74.79892	 74.683573	 74.578637	 74.483374	 74.397072	 74.319052	 74.248667	 74.185302	 74.128378	 74.077345	  74.03169	 73.990932	 73.954621	 73.922339	   73.8937	 73.868346	 73.845946	 73.826198	 73.808824	 73.793571	 73.780207	 73.768523	 73.758329	 73.749454	 73.741742	 73.735057	 73.729272	 73.724277	 73.719974	 73.716273	 73.713098	  73.71038	 73.708057	 73.706076	  73.70439	 73.702959	 73.701746	  73.70072	 73.699854	 73.699125	 73.698513	 73.697999	 73.697569	  73.69721	  73.69691	 73.696661	 73.696455	 73.696283	 73.696142	 73.696025	 73.695929	  73.69585	 73.695786	 73.695733	 73.695689	 73.695654	 73.695626	 73.695602	 73.695584	 73.695568	 73.695556	 73.695546	 73.695538	 73.695532	 73.695527	 73.695523	  73.69552	 73.695517	 73.695515	 73.695513	 73.695512	 73.695511	  73.69551	  73.69551	 73.695509	 73.695509	 73.695509	 73.695508	 73.695508	 73.695508	 73.695508	 73.695508	 73.695508	 73.695508	 73.695508	 73.695508	 73.695508	 73.695508	 73.695508	 73.695508	 73.695508	 73.695508	 73.695508	 73.695508	 73.695508	 73.695508	 73.695508	 73.695508	 73.695508	 73.695508	 73.695508	 73.695508	 73.695508	 73.695508	 73.695508	 73.695508	 73.695508	 73.695508	 73.695508	 73.695508	 73.695508	 73.695508	 73.695508	 73.695508	 73.695508	 73.695508	 73.695508	 73.695508	 73.695508	 73.695508	 73.695508	 73.695508	 73.695508	 73.695508	 73.695508	 73.695508	 73.695508	 73.695508	 73.695508	 73.695508	 73.695508	 73.695508	 73.695508	 73.695508	 73.695508	 73.695508	 73.695508	 73.695508	 73.695508	 73.695508	 73.695508	 73.695508	 73.695508	 73.695508	 73.695508	 73.695508	 73.695508	 73.695508	 73.695508	 73.695508	 73.695508	 73.695508	 73.695508	 73.695508	 73.695508	 73.695508	
        99	 97.977851	 96.957852	 95.942139	 94.932821	 93.931968	 92.941595	 91.963654	  91.00002	 90.052481	 89.122726	  88.21234	 87.322794	  86.45544	   85.6115	  84.79207	  83.99811	 83.230445	 82.489766	 81.776625	 81.091442	 80.434503	 79.805969	 79.205874	 78.634135	 78.090558	 77.574839	 77.086579	 76.625287	 76.190388	 75.781233	 75.397106	 75.037233	  74.70079	 74.386912	 74.094699	 73.823228	 73.571553	 73.338722	 73.123775	 72.925755	  72.74371	 72.576702	 72.423811	 72.284136	 72.156803	 72.040963	 71.935801	 71.840531	 71.754404	 71.676705	 71.606756	 71.543916	 71.487581	 71.437182	 71.392188	 71.352104	 71.316468	 71.284854	 71.256864	 71.232137	 71.210337	 71.191157	 71.174319	 71.159566	 71.146668	 71.135415	 71.125618	 71.117105	 71.109725	 71.103339	 71.097825	 71.093074	  71.08899	 71.085485	 71.082483	 71.079919	 71.077732	 71.075871	 71.074291	 71.072952	  71.07182	 71.070864	  71.07006	 71.069383	 71.068816	 71.068341	 71.067945	 71.067614	  71.06734	 71.067112	 71.066923	 71.066766	 71.066638	 71.066531	 71.066444	 71.066373	 71.066314	 71.066267	 71.066228	 71.066196	 71.066171	  71.06615	 71.066133	  71.06612	 71.066109	   71.0661	 71.066093	 71.066087	 71.066083	 71.066079	 71.066076	 71.066074	 71.066072	 71.066071	  71.06607	 71.066069	 71.066068	 71.066068	 71.066067	 71.066067	 71.066067	 71.066067	 71.066066	 71.066066	 71.066066	 71.066066	 71.066066	 71.066066	 71.066066	 71.066066	 71.066066	 71.066066	 71.066066	 71.066066	 71.066066	 71.066066	 71.066066	 71.066066	 71.066066	 71.066066	 71.066066	 71.066066	 71.066066	 71.066066	 71.066066	 71.066066	 71.066066	 71.066066	 71.066066	 71.066066	 71.066066	 71.066066	 71.066066	 71.066066	 71.066066	 71.066066	 71.066066	 71.066066	 71.066066	 71.066066	 71.066066	 71.066066	 71.066066	 71.066066	 71.066066	 71.066066	 71.066066	 71.066066	 71.066066	 71.066066	 71.066066	 71.066066	 71.066066	 71.066066	 71.066066	 71.066066	 71.066066	 71.066066	 71.066066	 71.066066	 71.066066	 71.066066	 71.066066	 71.066066	 71.066066	 71.066066	 71.066066	 71.066066	 71.066066	 71.066066	 71.066066	 71.066066	 71.066066	 71.066066	 71.066066	 71.066066	 71.066066	 71.066066	 71.066066	
        99	  97.88364	 96.769628	 95.660297	  94.55795	 93.464849	 92.383194	 91.315116	 90.262665	  89.22779	  88.21234	 87.218044	  86.24651	 85.299211	 84.377485	 83.482529	  82.61539	  81.77697	 80.968022	 80.189151	 79.440815	 78.723326	  78.03686	 77.381455	 76.757019	  76.16334	 75.600087	 75.066825	 74.563016	 74.088032	 73.641165	 73.221633	 72.828591	 72.461138	  72.11833	 71.799184	 71.502691	  71.22782	 70.973529	 70.738771	 70.522498	 70.323674	 70.141274	 69.974291	 69.821742	 69.682673	 69.556156	 69.441301	  69.33725	 69.243185	 69.158324	 69.081928	 69.013296	 68.951768	 68.896724	 68.847584	 68.803805	 68.764885	 68.730356	 68.699787	 68.672781	 68.648971	 68.628024	 68.609633	 68.593521	 68.579434	 68.567144	 68.556443	 68.547146	 68.539086	 68.532111	 68.526089	 68.520901	 68.516439	 68.512611	 68.509333	 68.506533	 68.504144	 68.502112	 68.500386	 68.498924	 68.497687	 68.496643	 68.495765	 68.495026	 68.494406	 68.493888	 68.493455	 68.493094	 68.492794	 68.492545	 68.492338	 68.492168	 68.492027	 68.491911	 68.491816	 68.491738	 68.491674	 68.491622	  68.49158	 68.491545	 68.491517	 68.491494	 68.491476	 68.491461	 68.491449	  68.49144	 68.491432	 68.491426	 68.491421	 68.491417	 68.491414	 68.491412	  68.49141	 68.491408	 68.491407	 68.491406	 68.491405	 68.491405	 68.491404	 68.491404	 68.491404	 68.491403	 68.491403	 68.491403	 68.491403	 68.491403	 68.491403	 68.491403	 68.491403	 68.491403	 68.491403	 68.491403	 68.491403	 68.491403	 68.491403	 68.491403	 68.491403	 68.491403	 68.491403	 68.491403	 68.491403	 68.491403	 68.491403	 68.491403	 68.491403	 68.491403	 68.491403	 68.491403	 68.491403	 68.491403	 68.491403	 68.491403	 68.491403	 68.491403	 68.491403	 68.491403	 68.491403	 68.491403	 68.491403	 68.491403	 68.491403	 68.491403	 68.491403	 68.491403	 68.491403	 68.491403	 68.491403	 68.491403	 68.491403	 68.491403	 68.491403	 68.491403	 68.491403	 68.491403	 68.491403	 68.491403	 68.491403	 68.491403	 68.491403	 68.491403	 68.491403	 68.491403	 68.491403	 68.491403	 68.491403	 68.491403	 68.491403	 68.491403	 68.491403	 68.491403	 68.491403	 68.491403	 68.491403	 68.491403	 68.491403	 68.491403	 68.491403	 68.491403	 68.491403	
        99	 97.791585	 96.585712	 95.384906	 94.191661	 93.008423	 91.837575	 90.681424	 89.542188	 88.421978	 87.322794	  86.24651	 85.194863	  84.16945	  83.17172	 82.202965	 81.264322	 80.356767	 79.481114	 78.638017	 77.827973	 77.051321	 76.308249	 75.598799	 74.922873	 74.280239	 73.670541	 73.093306	 72.547953	 72.033803	 71.550087	 71.095961	 70.670509	 70.272756	  69.90168	 69.556218	 69.235276	 68.937739	 68.662479	 68.408363	 68.174257	 67.959038	 67.761596	 67.580844	 67.415717	 67.265179	  67.12823	 67.003904	 66.891273	 66.789451	 66.697593	 66.614898	 66.540607	 66.474005	 66.414422	 66.361229	  66.31384	 66.271711	 66.234335	 66.201245	 66.172012	 66.146239	 66.123565	 66.103658	 66.086217	 66.070968	 66.057665	 66.046082	 66.036018	 66.027292	 66.019743	 66.013224	 66.007608	 66.002779	 65.998635	 65.995087	 65.992055	  65.98947	  65.98727	 65.985402	 65.983819	  65.98248	 65.981351	 65.980399	   65.9796	 65.978929	 65.978368	 65.977899	 65.977508	 65.977184	 65.976914	  65.97669	 65.976506	 65.976353	 65.976228	 65.976125	 65.976041	 65.975971	 65.975915	 65.975869	 65.975832	 65.975801	 65.975777	 65.975757	 65.975741	 65.975728	 65.975718	  65.97571	 65.975703	 65.975698	 65.975693	  65.97569	 65.975687	 65.975685	 65.975684	 65.975682	 65.975681	 65.975681	  65.97568	 65.975679	 65.975679	 65.975679	 65.975679	 65.975678	 65.975678	 65.975678	 65.975678	 65.975678	 65.975678	 65.975678	 65.975678	 65.975678	 65.975678	 65.975678	 65.975678	 65.975678	 65.975678	 65.975678	 65.975678	 65.975678	 65.975678	 65.975678	 65.975678	 65.975678	 65.975678	 65.975678	 65.975678	 65.975678	 65.975678	 65.975678	 65.975678	 65.975678	 65.975678	 65.975678	 65.975678	 65.975678	 65.975678	 65.975678	 65.975678	 65.975678	 65.975678	 65.975678	 65.975678	 65.975678	 65.975678	 65.975678	 65.975678	 65.975678	 65.975678	 65.975678	 65.975678	 65.975678	 65.975678	 65.975678	 65.975678	 65.975678	 65.975678	 65.975678	 65.975678	 65.975678	 65.975678	 65.975678	 65.975678	 65.975678	 65.975678	 65.975678	 65.975678	 65.975678	 65.975678	 65.975678	 65.975678	 65.975678	 65.975678	 65.975678	 65.975678	 65.975678	 65.975678	 65.975678	 65.975678	 65.975678	
        99	 97.701827	 96.406385	 95.116386	 93.834509	 92.563383	 91.305567	 90.063541	 88.839684	 87.636268	  86.45544	 85.299211	  84.16945	 83.067872	 81.996033	 80.955321	 79.946958	 78.971992	 78.031298	 77.125578	 76.255366	 75.421026	  74.62276	 73.860614	 73.134482	 72.444115	  71.78913	 71.169019	 70.583158	 70.030818	 69.511174	 69.023316	 68.566262	 68.138965	 67.740326	 67.369204	 67.024423	 66.704786	 66.409081	 66.136089	 65.884594	 65.653389	 65.441283	 65.247104	 65.069712	 64.907993	 64.760872	 64.627311	 64.506314	 64.396929	 64.298248	  64.20941	 64.129601	 64.058052	 63.994043	 63.936899	 63.885991	 63.840732	  63.80058	 63.765032	 63.733628	  63.70594	 63.681582	 63.660196	  63.64146	 63.625079	 63.610787	 63.598343	 63.587532	 63.578159	 63.570048	 63.563046	 63.557012	 63.551824	 63.547373	 63.543561	 63.540304	 63.537527	 63.535164	 63.533157	 63.531456	 63.530018	 63.528804	 63.527782	 63.526923	 63.526203	   63.5256	 63.525097	 63.524677	 63.524328	 63.524038	 63.523798	   63.5236	 63.523436	 63.523301	 63.523191	   63.5231	 63.523026	 63.522965	 63.522916	 63.522876	 63.522843	 63.522817	 63.522795	 63.522778	 63.522764	 63.522753	 63.522744	 63.522737	 63.522732	 63.522727	 63.522723	 63.522721	 63.522718	 63.522717	 63.522715	 63.522714	 63.522713	 63.522713	 63.522712	 63.522712	 63.522711	 63.522711	 63.522711	 63.522711	 63.522711	  63.52271	  63.52271	  63.52271	  63.52271	  63.52271	  63.52271	  63.52271	  63.52271	  63.52271	  63.52271	  63.52271	  63.52271	  63.52271	  63.52271	  63.52271	  63.52271	  63.52271	  63.52271	  63.52271	  63.52271	  63.52271	  63.52271	  63.52271	  63.52271	  63.52271	  63.52271	  63.52271	  63.52271	  63.52271	  63.52271	  63.52271	  63.52271	  63.52271	  63.52271	  63.52271	  63.52271	  63.52271	  63.52271	  63.52271	  63.52271	  63.52271	  63.52271	  63.52271	  63.52271	  63.52271	  63.52271	  63.52271	  63.52271	  63.52271	  63.52271	  63.52271	  63.52271	  63.52271	  63.52271	  63.52271	  63.52271	  63.52271	  63.52271	  63.52271	  63.52271	  63.52271	  63.52271	  63.52271	  63.52271	  63.52271	  63.52271	  63.52271	  63.52271	  63.52271	  63.52271	  63.52271	  63.52271	  63.52271	  63.52271	
        99	 97.614492	 96.231898	 94.855114	 93.486999	 92.130357	 90.787921	 89.462337	 88.156145	 86.871769	   85.6115	 84.377485	  83.17172	 81.996033	 80.852085	 79.741359	 78.665158	 77.624601	 76.620621	 75.653969	 74.725213	 73.834742	 72.982773	 72.169353	  71.39437	 70.657558	 69.958509	  69.29668	 68.671405	 68.081906	 67.527303	 67.006624	 66.518822	 66.062778	 65.637321	 65.241231	 64.873255	 64.532115	 64.216516	 63.925158	 63.656744	 63.409984	 63.183608	 62.976367	  62.78704	 62.614441	 62.457422	 62.314876	 62.185739	 62.068995	 61.963675	 61.868861	 61.783682	  61.70732	 61.639005	 61.578017	 61.523683	  61.47538	 61.432526	 61.394588	  61.36107	  61.33152	 61.305523	 61.282698	 61.262702	 61.245219	 61.229965	 61.216685	 61.205146	 61.195142	 61.186486	 61.179012	 61.172573	 61.167036	 61.162285	 61.158217	 61.154741	 61.151777	 61.149254	 61.147112	 61.145297	 61.143763	 61.142467	 61.141376	  61.14046	 61.139691	 61.139047	  61.13851	 61.138062	  61.13769	  61.13738	 61.137124	 61.136912	 61.136738	 61.136594	 61.136476	 61.136379	   61.1363	 61.136235	 61.136183	  61.13614	 61.136105	 61.136077	 61.136054	 61.136036	 61.136021	 61.136009	    61.136	 61.135992	 61.135986	 61.135981	 61.135977	 61.135974	 61.135972	  61.13597	 61.135968	 61.135967	 61.135966	 61.135966	 61.135965	 61.135965	 61.135964	 61.135964	 61.135964	 61.135964	 61.135964	 61.135963	 61.135963	 61.135963	 61.135963	 61.135963	 61.135963	 61.135963	 61.135963	 61.135963	 61.135963	 61.135963	 61.135963	 61.135963	 61.135963	 61.135963	 61.135963	 61.135963	 61.135963	 61.135963	 61.135963	 61.135963	 61.135963	 61.135963	 61.135963	 61.135963	 61.135963	 61.135963	 61.135963	 61.135963	 61.135963	 61.135963	 61.135963	 61.135963	 61.135963	 61.135963	 61.135963	 61.135963	 61.135963	 61.135963	 61.135963	 61.135963	 61.135963	 61.135963	 61.135963	 61.135963	 61.135963	 61.135963	 61.135963	 61.135963	 61.135963	 61.135963	 61.135963	 61.135963	 61.135963	 61.135963	 61.135963	 61.135963	 61.135963	 61.135963	 61.135963	 61.135963	 61.135963	 61.135963	 61.135963	 61.135963	 61.135963	 61.135963	 61.135963	 61.135963	 61.135963	 61.135963	 61.135963	 61.135963	 61.135963	
        99	 97.529694	 96.062479	 94.601431	 93.149581	 91.709907	 90.285309	 88.878594	 87.492458	 86.129473	  84.79207	 83.482529	 82.202965	 80.955321	 79.741359	 78.562653	 77.420584	  76.31634	 75.250912	 74.225097	 73.239498	 72.294527	 71.390414	 70.527209	 69.704794	 68.922886	 68.181053	 67.478717	 66.815173	 66.189594	 65.601047	   65.0485	 64.530842	 64.046887	  63.59539	 63.175058	 62.784561	 62.422541	 62.087626	 61.778436	 61.493594	 61.231732	 60.991501	 60.771575	  60.57066	 60.387498	 60.220869	 60.069598	 59.932558	 59.808669	 59.696903	 59.596285	 59.505894	 59.424858	 59.352362	 59.287641	 59.229982	 59.178722	 59.133246	 59.092985	 59.057416	 59.026057	 58.998469	 58.974247	 58.953027	 58.934474	 58.918287	 58.904193	 58.891949	 58.881332	 58.872146	 58.864215	 58.857382	 58.851506	 58.846464	 58.842147	 58.838458	 58.835313	 58.832636	 58.830363	 58.828437	 58.826808	 58.825434	 58.824276	 58.823303	 58.822487	 58.821804	 58.821234	 58.820759	 58.820363	 58.820035	 58.819763	 58.819539	 58.819353	 58.819201	 58.819076	 58.818973	 58.818889	  58.81882	 58.818764	 58.818719	 58.818682	 58.818652	 58.818628	 58.818608	 58.818593	  58.81858	  58.81857	 58.818562	 58.818556	 58.818551	 58.818546	 58.818543	 58.818541	 58.818539	 58.818537	 58.818536	 58.818535	 58.818534	 58.818533	 58.818533	 58.818533	 58.818532	 58.818532	 58.818532	 58.818532	 58.818532	 58.818532	 58.818532	 58.818531	 58.818531	 58.818531	 58.818531	 58.818531	 58.818531	 58.818531	 58.818531	 58.818531	 58.818531	 58.818531	 58.818531	 58.818531	 58.818531	 58.818531	 58.818531	 58.818531	 58.818531	 58.818531	 58.818531	 58.818531	 58.818531	 58.818531	 58.818531	 58.818531	 58.818531	 58.818531	 58.818531	 58.818531	 58.818531	 58.818531	 58.818531	 58.818531	 58.818531	 58.818531	 58.818531	 58.818531	 58.818531	 58.818531	 58.818531	 58.818531	 58.818531	 58.818531	 58.818531	 58.818531	 58.818531	 58.818531	 58.818531	 58.818531	 58.818531	 58.818531	 58.818531	 58.818531	 58.818531	 58.818531	 58.818531	 58.818531	 58.818531	 58.818531	 58.818531	 58.818531	 58.818531	 58.818531	 58.818531	 58.818531	 58.818531	 58.818531	 58.818531	 58.818531	 58.818531	 58.818531	
        99	 97.447531	 95.898327	 94.355632	 92.822651	 91.302526	 89.798319	 88.312995	 86.849399	 85.410249	  83.99811	  82.61539	 81.264322	 79.946958	 78.665158	 77.420584	 76.214695	 75.048744	 73.923779	  72.84064	 71.799963	 70.802186	  69.84755	 68.936108	 68.067735	 67.242133	 66.458845	 65.717262	 65.016638	 64.356101	 63.734664	 63.151241	 62.604655	 62.093656	 61.616929	 61.173108	 60.760789	 60.378539	 60.024909	 59.698441	 59.397681	 59.121186	  58.86753	 58.635315	 58.423173	 58.229775	 58.053835	 57.894111	 57.749412	   57.6186	 57.500588	 57.394348	 57.298905	 57.213341	 57.136793	 57.068456	 57.007575	  56.95345	 56.905433	 56.862922	 56.825366	 56.792255	 56.763125	  56.73755	 56.715143	 56.695553	 56.678462	 56.663581	 56.650652	 56.639442	 56.629743	 56.621369	 56.614153	 56.607949	 56.602626	 56.598067	 56.594172	 56.590851	 56.588025	 56.585625	 56.583591	 56.581871	  56.58042	 56.579198	 56.578171	 56.577309	 56.576588	 56.575986	 56.575484	 56.575067	  56.57472	 56.574433	 56.574196	    56.574	 56.573839	 56.573707	 56.573598	 56.573509	 56.573437	 56.573378	  56.57333	 56.573291	 56.573259	 56.573234	 56.573213	 56.573197	 56.573184	 56.573173	 56.573164	 56.573158	 56.573152	 56.573148	 56.573145	 56.573142	  56.57314	 56.573138	 56.573137	 56.573136	 56.573135	 56.573134	 56.573134	 56.573133	 56.573133	 56.573133	 56.573133	 56.573133	 56.573132	 56.573132	 56.573132	 56.573132	 56.573132	 56.573132	 56.573132	 56.573132	 56.573132	 56.573132	 56.573132	 56.573132	 56.573132	 56.573132	 56.573132	 56.573132	 56.573132	 56.573132	 56.573132	 56.573132	 56.573132	 56.573132	 56.573132	 56.573132	 56.573132	 56.573132	 56.573132	 56.573132	 56.573132	 56.573132	 56.573132	 56.573132	 56.573132	 56.573132	 56.573132	 56.573132	 56.573132	 56.573132	 56.573132	 56.573132	 56.573132	 56.573132	 56.573132	 56.573132	 56.573132	 56.573132	 56.573132	 56.573132	 56.573132	 56.573132	 56.573132	 56.573132	 56.573132	 56.573132	 56.573132	 56.573132	 56.573132	 56.573132	 56.573132	 56.573132	 56.573132	 56.573132	 56.573132	 56.573132	 56.573132	 56.573132	 56.573132	 56.573132	 56.573132	 56.573132	 56.573132	 56.573132	 56.573132	 56.573132	
        99	 97.368089	  95.73961	 94.117974	 92.506549	 90.908637	 89.327459	 87.766128	 86.227639	 84.714845	 83.230445	  81.77697	 80.356767	 78.971992	 77.624601	  76.31634	 75.048744	  73.82313	 72.640599	 71.502035	 70.408105	 69.359271	 68.355785	 67.397704	 66.484895	 65.617046	 64.793676	 64.014145	 63.277669	 62.583332	 61.930096	 61.316818	 60.742263	 60.205116	 59.703994	 59.237462	 58.804044	 58.402234	 58.030508	 57.687334	 57.371184	  57.08054	 56.813905	 56.569806	 56.346809	 56.143515	 55.958571	 55.790674	 55.638571	 55.501065	 55.377015	 55.265338	 55.165011	 55.075069	 54.994604	  54.92277	 54.858773	 54.801879	 54.751405	 54.706719	  54.66724	 54.632435	 54.601814	 54.574931	 54.551378	 54.530785	 54.512819	 54.497177	 54.483586	 54.471803	 54.461608	 54.452805	  54.44522	 54.438698	 54.433103	 54.428311	 54.424217	 54.420725	 54.417755	 54.415232	 54.413094	 54.411286	 54.409761	 54.408476	 54.407396	  54.40649	 54.405732	   54.4051	 54.404572	 54.404133	 54.403769	 54.403467	 54.403218	 54.403012	 54.402843	 54.402704	  54.40259	 54.402496	  54.40242	 54.402358	 54.402308	 54.402267	 54.402234	 54.402207	 54.402185	 54.402168	 54.402154	 54.402143	 54.402134	 54.402127	 54.402121	 54.402116	 54.402113	  54.40211	 54.402108	 54.402106	 54.402105	 54.402103	 54.402103	 54.402102	 54.402101	 54.402101	 54.402101	   54.4021	   54.4021	   54.4021	   54.4021	   54.4021	   54.4021	   54.4021	   54.4021	   54.4021	   54.4021	   54.4021	   54.4021	   54.4021	   54.4021	   54.4021	   54.4021	   54.4021	   54.4021	   54.4021	   54.4021	   54.4021	   54.4021	   54.4021	   54.4021	   54.4021	   54.4021	   54.4021	   54.4021	   54.4021	   54.4021	   54.4021	   54.4021	   54.4021	   54.4021	   54.4021	   54.4021	   54.4021	   54.4021	   54.4021	   54.4021	   54.4021	   54.4021	   54.4021	   54.4021	   54.4021	   54.4021	   54.4021	   54.4021	   54.4021	   54.4021	   54.4021	   54.4021	   54.4021	   54.4021	   54.4021	   54.4021	   54.4021	   54.4021	   54.4021	   54.4021	   54.4021	   54.4021	   54.4021	   54.4021	   54.4021	   54.4021	   54.4021	   54.4021	   54.4021	   54.4021	   54.4021	   54.4021	   54.4021	   54.4021	   54.4021	   54.4021	   54.4021	
