Time step 18:
        99	        99	        99	        99	        99	        99	        99	        99	        99	        99	        99	        99	        99	        99	        99	        99	        99	        99	        99	        99	        99	        99	        99	        99	        99	        99	        99	        99	        99	        99	        99	        99	        99	        99	        99	        99	        99	        99	        99	        99	        99	        99	        99	        99	        99	        99	        99	        99	        99	        99	        99	        99	        99	        99	        99	        99	        99	        99	        99	        99	        99	        99	        99	        99	        99	        99	        99	        99	        99	        99	        99	        99	        99	        99	        99	        99	        99	        99	        99	        99	        99	        99	        99	        99	        99	        99	        99	        99	        99	        99	        99	        99	        99	        99	        99	        99	        99	        99	        99	        99	        99	        99	        99	        99	        99	        99	        99	        99	        99	        99	        99	        99	        99	        99	        99	        99	        99	        99	        99	        99	        99	        99	        99	        99	        99	        99	        99	        99	        99	        99	        99	        99	        99	        99	        99	        99	        99	        99	        99	        99	        99	        99	        99	        99	        99	        99	        99	        99	        99	        99	        99	        99	        99	        99	        99	        99	        99	        99	        99	        99	        99	        99	        99	        99	        99	        99	        99	        99	        99	        99	        99	        99	        99	        99	        99	        99	        99	        99	        99	        99	        99	        99	        99	        99	        99	        99	        99	        99	        99	        99	        99	        99	        99	        99	        99	        99	        99	        99	        99	        99	
        99	 98.964729	 98.929482	 98.894285	 98.859162	 98.824137	 98.789235	 98.754479	 98.719894	 98.685502	 98.651327	 98.617391	 98.583715	 98.550322	 98.517232	 98.484465	 98.452042	  98.41998	 98.388299	 98.357015	 98.326145	 98.295705	 98.265711	 98.236176	 98.207113	 98.178536	 98.150456	 98.122883	 98.095828	 98.069299	 98.043304	  98.01785	 97.992944	 97.968591	 97.944795	  97.92156	 97.898888	 97.876782	 97.855242	 97.834269	 97.813862	  97.79402	  97.77474	 97.756019	 97.737855	 97.720243	 97.703179	 97.686656	 97.670669	 97.655211	 97.640275	 97.625855	 97.611941	 97.598525	 97.585599	 97.573153	 97.561178	 97.549665	 97.538602	 97.527981	  97.51779	 97.508019	 97.498658	 97.489695	 97.481119	 97.472919	 97.465085	 97.457606	 97.450469	 97.443665	 97.437182	  97.43101	 97.425138	 97.419555	  97.41425	 97.409214	 97.404436	 97.399905	 97.395613	 97.391549	 97.387705	  97.38407	 97.380635	 97.377393	 97.374334	  97.37145	 97.368733	 97.366174	 97.363767	 97.361505	 97.359379	 97.357383	  97.35551	 97.353754	  97.35211	  97.35057	 97.349129	 97.347782	 97.346524	 97.345349	 97.344253	 97.343231	 97.342279	 97.341392	 97.340568	 97.339801	 97.339089	 97.338428	 97.337814	 97.337246	 97.336719	 97.336231	  97.33578	 97.335362	 97.334977	 97.334621	 97.334293	  97.33399	 97.333711	 97.333454	 97.333218	 97.333001	 97.332802	 97.332619	 97.332451	 97.332297	 97.332155	 97.332026	 97.331908	   97.3318	 97.331701	 97.331611	 97.331529	 97.331454	 97.331386	 97.331324	 97.331267	 97.331216	 97.331169	 97.331126	 97.331088	 97.331053	 97.331021	 97.330993	 97.330967	 97.330944	 97.330922	 97.330903	 97.330886	 97.330871	 97.330857	 97.330844	 97.330833	 97.330822	 97.330813	 97.330805	 97.330798	 97.330791	 97.330785	  97.33078	 97.330775	 97.330771	 97.330767	 97.330764	 97.330761	 97.330758	 97.330756	 97.330754	 97.330752	  97.33075	 97.330748	 97.330747	 97.330746	 97.330745	 97.330744	 97.330743	 97.330742	 97.330742	 97.330741	 97.330741	  97.33074	  97.33074	  97.33074	 97.330739	 97.330739	 97.330739	 97.330739	 97.330738	 97.330738	 97.330738	 97.330738	 97.330738	 97.330738	 97.330738	 97.330738	 97.330737	 97.330737	 97.330737	 97.330737	 97.330737	
        99	 98.929482	 98.859013	 98.788644	 98.718422	 98.648397	 98.578617	  98.50913	 98.439984	 98.371225	 98.302898	 98.235049	 98.167722	 98.100959	 98.034803	 97.969293	 97.904468	 97.840367	 97.777027	 97.714481	 97.652763	 97.591905	 97.531937	 97.472887	 97.414783	 97.357649	 97.301508	 97.246381	  97.19229	  97.13925	 97.087278	 97.036389	 96.986594	 96.937905	  96.89033	 96.843876	 96.798549	 96.754352	 96.711288	 96.669356	 96.628556	 96.588885	 96.550339	 96.512911	 96.476596	 96.441384	 96.407267	 96.374232	  96.34227	 96.311365	 96.281504	 96.252673	 96.224855	 96.198033	 96.172189	 96.147307	 96.123366	 96.100347	  96.07823	 96.056995	  96.03662	 96.017085	 95.998369	 95.980448	 95.963303	  95.94691	 95.931247	 95.916293	 95.902025	 95.888422	 95.875461	 95.863121	  95.85138	 95.840218	 95.829613	 95.819544	  95.80999	 95.800933	 95.792352	 95.784227	  95.77654	 95.769273	 95.762407	 95.755924	 95.749808	 95.744042	 95.738609	 95.733495	 95.728682	 95.724158	 95.719908	 95.715917	 95.712173	 95.708663	 95.705375	 95.702296	 95.699416	 95.696723	 95.694207	 95.691858	 95.689667	 95.687624	  95.68572	 95.683948	   95.6823	 95.680767	 95.679343	 95.678021	 95.676794	 95.675657	 95.674604	 95.673629	 95.672726	 95.671892	 95.671122	  95.67041	 95.669754	 95.669149	 95.668591	 95.668078	 95.667606	 95.667171	 95.666773	 95.666407	 95.666071	 95.665763	 95.665481	 95.665222	 95.664986	  95.66477	 95.664573	 95.664392	 95.664228	 95.664078	 95.663942	 95.663817	 95.663704	 95.663601	 95.663508	 95.663423	 95.663346	 95.663277	 95.663213	 95.663156	 95.663104	 95.663058	 95.663015	 95.662977	 95.662943	 95.662912	 95.662884	 95.662859	 95.662836	 95.662816	 95.662797	 95.662781	 95.662766	 95.662753	 95.662741	 95.662731	 95.662721	 95.662713	 95.662705	 95.662698	 95.662692	 95.662687	 95.662682	 95.662678	 95.662674	 95.662671	 95.662668	 95.662665	 95.662663	  95.66266	 95.662659	 95.662657	 95.662656	 95.662654	 95.662653	 95.662652	 95.662651	  95.66265	  95.66265	 95.662649	 95.662649	 95.662648	 95.662648	 95.662647	 95.662647	 95.662647	 95.662646	 95.662646	 95.662646	 95.662646	 95.662646	 95.662646	 95.662645	 95.662645	 95.662645	 95.662645	
        99	 98.894285	 98.788644	 98.683151	  98.57788	 98.472903	 98.368295	 98.264126	 98.160467	 98.057388	 97.954958	 97.853244	 97.752312	 97.652227	  97.55305	 97.454842	 97.357662	 97.261567	 97.166611	 97.072847	 96.980325	 96.889091	 96.799192	 96.710669	 96.623563	 96.537912	  96.45375	 96.371109	 96.290018	 96.210505	 96.132593	 96.056304	 95.981655	 95.908664	 95.837343	 95.767703	 95.699752	 95.633496	 95.568937	 95.506076	 95.444912	  95.38544	 95.327654	 95.271546	 95.217105	 95.164318	 95.113172	 95.063649	 95.015733	 94.969403	 94.924638	 94.881417	 94.839713	 94.799504	 94.760762	  94.72346	 94.687569	 94.653061	 94.619905	 94.588071	 94.557527	 94.528242	 94.500183	 94.473318	 94.447615	 94.423039	 94.399559	 94.377141	 94.355752	 94.335359	 94.315929	  94.29743	  94.27983	 94.263096	 94.247197	 94.232102	 94.217781	 94.204202	 94.191338	 94.179158	 94.167635	  94.15674	 94.146447	 94.136729	  94.12756	 94.118916	 94.110772	 94.103104	  94.09589	 94.089108	 94.082736	 94.076754	 94.071141	 94.065879	 94.060949	 94.056334	 94.052016	 94.047979	 94.044207	 94.040686	 94.037401	 94.034338	 94.031484	 94.028828	 94.026356	 94.024059	 94.021924	 94.019942	 94.018103	 94.016399	  94.01482	 94.013358	 94.012005	 94.010754	 94.009599	 94.008533	 94.007549	 94.006641	 94.005806	 94.005036	 94.004328	 94.003677	  94.00308	 94.002531	 94.002027	 94.001565	 94.001143	 94.000755	 94.000401	 94.000077	 93.999781	 93.999511	 93.999265	  93.99904	 93.998835	 93.998649	  93.99848	 93.998325	 93.998185	 93.998058	 93.997943	 93.997838	 93.997744	 93.997658	  93.99758	  93.99751	 93.997447	  93.99739	 93.997338	 93.997292	  93.99725	 93.997212	 93.997178	 93.997147	  93.99712	 93.997095	 93.997073	 93.997054	 93.997036	  93.99702	 93.997006	 93.996993	 93.996982	 93.996972	 93.996962	 93.996954	 93.996947	 93.996941	 93.996935	  93.99693	 93.996926	 93.996922	 93.996918	 93.996915	 93.996912	  93.99691	 93.996908	 93.996906	 93.996904	 93.996902	 93.996901	   93.9969	 93.996899	 93.996898	 93.996897	 93.996896	 93.996896	 93.996895	 93.996895	 93.996894	 93.996894	 93.996894	 93.996893	 93.996893	 93.996893	 93.996893	 93.996892	 93.996892	 93.996892	 93.996892	
        99	 98.859162	 98.718422	  98.57788	 98.437633	 98.297779	 98.158415	 98.019636	 97.881537	 97.744211	  97.60775	 97.472242	 97.337776	 97.204438	  97.07231	 96.941473	 96.812006	 96.683984	  96.55748	 96.432563	   96.3093	 96.187755	 96.067987	 95.950053	 95.834007	 95.719899	 95.607774	 95.497676	 95.389644	 95.283713	 95.179915	 95.078279	  94.97883	 94.881587	 94.786571	 94.693793	 94.603266	 94.514996	 94.428988	 94.345242	 94.263757	 94.184525	 94.107541	 94.032791	 93.960262	 93.889937	 93.821798	 93.755822	 93.691986	 93.630263	 93.570625	 93.513043	 93.457484	 93.403916	 93.352302	 93.302606	 93.254791	 93.208818	 93.164646	 93.122235	 93.081543	 93.042528	 93.005147	 92.969357	 92.935114	 92.902373	 92.871092	 92.841225	  92.81273	 92.785561	 92.759676	 92.735031	 92.711583	 92.689289	 92.668108	 92.647998	 92.628919	 92.610829	  92.59369	 92.577464	 92.562112	 92.547598	 92.533884	 92.520938	 92.508723	 92.497206	 92.486356	 92.476141	 92.466531	 92.457495	 92.449006	 92.441036	 92.433559	 92.426549	 92.419981	 92.413832	 92.408079	 92.402701	 92.397676	 92.392985	 92.388608	 92.384528	 92.380726	 92.377187	 92.373895	 92.370834	  92.36799	 92.365349	   92.3629	 92.360629	 92.358525	 92.356577	 92.354775	 92.353109	  92.35157	 92.350149	 92.348838	  92.34763	 92.346516	 92.345491	 92.344548	 92.343681	 92.342884	 92.342153	 92.341482	 92.340867	 92.340304	 92.339788	 92.339316	 92.338885	  92.33849	 92.338131	 92.337802	 92.337503	  92.33723	 92.336982	 92.336756	 92.336551	 92.336364	 92.336195	 92.336041	 92.335902	 92.335776	 92.335662	 92.335558	 92.335465	  92.33538	 92.335304	 92.335235	 92.335173	 92.335118	 92.335067	 92.335022	 92.334981	 92.334945	 92.334912	 92.334883	 92.334856	 92.334833	 92.334811	 92.334793	 92.334776	 92.334761	 92.334747	 92.334735	 92.334724	 92.334715	 92.334706	 92.334699	 92.334692	 92.334686	 92.334681	 92.334676	 92.334672	 92.334668	 92.334665	 92.334662	 92.334659	 92.334657	 92.334655	 92.334653	 92.334652	  92.33465	 92.334649	 92.334648	 92.334647	 92.334646	 92.334645	 92.334645	 92.334644	 92.334644	 92.334643	 92.334643	 92.334642	 92.334642	 92.334642	 92.334642	 92.334641	 92.334641	 92.334641	
        99	 98.824137	 98.648397	 98.472903	 98.297779	 98.123145	 97.949123	 97.775832	 97.603389	 97.431912	 97.261514	 97.092307	 96.924402	 96.757903	 96.592917	 96.429542	 96.267879	 96.108019	 95.950055	 95.794073	 95.640156	 95.488384	 95.338831	 95.191569	 95.046664	 94.904178	  94.76417	 94.626691	 94.491793	 94.359518	 94.229907	 94.102996	 93.978814	 93.857389	 93.738743	 93.622893	 93.509852	 93.399631	 93.292234	 93.187661	 93.085911	 92.986976	 92.890846	 92.797507	 92.706941	 92.619127	 92.534043	 92.451659	 92.371948	 92.294875	 92.220407	 92.148505	 92.079129	 92.012238	 91.947789	 91.885734	 91.826028	 91.768622	 91.713465	 91.660507	 91.609696	 91.560978	 91.514301	  91.46961	 91.426851	 91.385969	 91.346908	 91.309614	 91.274032	 91.240107	 91.207784	  91.17701	 91.147731	 91.119893	 91.093445	 91.068333	 91.044509	 91.021921	  91.00052	 90.980258	 90.961089	 90.942964	 90.925841	 90.909674	 90.894422	 90.880041	 90.866493	 90.853738	 90.841737	 90.830455	 90.819854	 90.809902	 90.800566	 90.791812	 90.783611	 90.775933	 90.768749	 90.762034	 90.755759	 90.749902	 90.744436	 90.739341	 90.734595	 90.730175	 90.726064	 90.722241	  90.71869	 90.715393	 90.712335	 90.709499	 90.706872	  90.70444	 90.702189	 90.700109	 90.698187	 90.696413	 90.694776	 90.693267	 90.691876	 90.690596	 90.689419	 90.688336	 90.687342	 90.686429	 90.685591	 90.684823	 90.684119	 90.683475	 90.682886	 90.682347	 90.681855	 90.681405	 90.680996	 90.680622	 90.680281	 90.679971	 90.679689	 90.679433	   90.6792	 90.678989	 90.678797	 90.678623	 90.678465	 90.678323	 90.678194	 90.678077	 90.677971	 90.677876	  90.67779	 90.677713	 90.677643	 90.677581	 90.677524	 90.677473	 90.677428	 90.677387	  90.67735	 90.677317	 90.677287	 90.677261	 90.677237	 90.677216	 90.677197	 90.677181	 90.677166	 90.677152	  90.67714	  90.67713	  90.67712	 90.677112	 90.677104	 90.677098	 90.677092	 90.677086	 90.677082	 90.677078	 90.677074	 90.677071	 90.677068	 90.677066	 90.677063	 90.677061	  90.67706	 90.677058	 90.677057	 90.677056	 90.677055	 90.677054	 90.677053	 90.677052	 90.677051	 90.677051	  90.67705	  90.67705	  90.67705	 90.677049	 90.677049	 90.677048	 90.677048	 90.677048	
        99	 98.789235	 98.578617	 98.368295	 98.158415	 97.949123	 97.740564	 97.532881	 97.326215	 97.120706	 96.916491	 96.713703	 96.512474	 96.312933	 96.115202	 95.919405	 95.725657	 95.534071	 95.344757	 95.157819	 94.973355	 94.791462	 94.612229	 94.435741	 94.262078	 94.091314	 93.923519	 93.758757	 93.597086	  93.43856	 93.283226	 93.131127	   92.9823	 92.836777	 92.694584	 92.555742	 92.420267	 92.288171	  92.15946	 92.034134	  91.91219	  91.79362	 91.678412	 91.566549	 91.458009	 91.352768	 91.250797	 91.152063	 91.056532	 90.964164	 90.874916	 90.788744	   90.7056	 90.625434	 90.548194	 90.473824	 90.402268	 90.333469	 90.267366	 90.203898	 90.143002	 90.084616	 90.028676	 89.975115	  89.92387	 89.874874	 89.828061	 89.783366	 89.740722	 89.700064	 89.661327	 89.624445	 89.589355	 89.555992	 89.524295	   89.4942	 89.465647	 89.438576	 89.412928	 89.388646	 89.365671	  89.34395	 89.323428	 89.304053	 89.285774	 89.268539	 89.252302	 89.237015	 89.222633	 89.209111	 89.196408	 89.184481	 89.173291	   89.1628	 89.152971	 89.143769	  89.13516	 89.127112	 89.119592	 89.112572	 89.106022	 89.099916	 89.094227	 89.088931	 89.084003	 89.079422	 89.075166	 89.071215	 89.067549	 89.064151	 89.061002	 89.058087	 89.055391	 89.052897	 89.050594	 89.048468	 89.046506	 89.044697	 89.043031	 89.041497	 89.040086	 89.038788	 89.037596	 89.036502	 89.035498	 89.034577	 89.033734	 89.032962	 89.032256	  89.03161	  89.03102	 89.030482	  89.02999	 89.029543	 89.029135	 89.028763	 89.028425	 89.028118	 89.027839	 89.027585	 89.027355	 89.027147	 89.026958	 89.026787	 89.026632	 89.026493	 89.026366	 89.026252	 89.026149	 89.026056	 89.025973	 89.025898	  89.02583	 89.025769	 89.025714	 89.025665	 89.025621	 89.025582	 89.025547	 89.025515	 89.025487	 89.025461	 89.025439	 89.025418	   89.0254	 89.025384	  89.02537	 89.025357	 89.025346	 89.025336	 89.025327	 89.025319	 89.025312	 89.025306	   89.0253	 89.025295	 89.025291	 89.025287	 89.025284	 89.025281	 89.025278	 89.025276	 89.025273	 89.025272	  89.02527	 89.025269	 89.025267	 89.025266	 89.025265	 89.025264	 89.025264	 89.025263	 89.025262	 89.025262	 89.025261	 89.025261	  89.02526	  89.02526	  89.02526	 89.025259	
        99	 98.754479	  98.50913	 98.264126	 98.019636	 97.775832	 97.532881	 97.290951	 97.050206	 96.810808	 96.572917	 96.336689	 96.102278	 95.869831	 95.639495	  95.41141	 95.185712	 94.962534	 94.742002	 94.524237	 94.309355	 94.097468	 93.888679	 93.683088	 93.480787	 93.281864	 93.086399	 92.894467	 92.706137	 92.521469	 92.340521	 92.163341	 91.989972	 91.820452	 91.654811	 91.493074	 91.335259	 91.181381	 91.031444	 90.885452	 90.743399	 90.605277	 90.471071	 90.340761	 90.214323	 90.091727	 89.972941	 89.857927	 89.746642	 89.639042	 89.535077	 89.434695	 89.337841	 89.244455	 89.154478	 89.067844	 88.984489	 88.904345	 88.827341	 88.753407	  88.68247	 88.614456	  88.54929	 88.486898	 88.427202	 88.370126	 88.315594	 88.263528	 88.213853	  88.16649	 88.121365	 88.078402	 88.037525	 87.998661	 87.961736	 87.926679	 87.893418	 87.861883	 87.832005	 87.803718	 87.776956	 87.751653	 87.727747	 87.705177	 87.683883	 87.663807	 87.644892	 87.627084	  87.61033	 87.594579	  87.57978	 87.565886	 87.552851	  87.54063	 87.529181	 87.518462	 87.508433	 87.499057	 87.490297	 87.482119	  87.47449	 87.467377	  87.46075	  87.45458	  87.44884	 87.443503	 87.438546	 87.433943	 87.429673	 87.425714	 87.422046	 87.418651	 87.415509	 87.412605	 87.409922	 87.407445	 87.405159	 87.403052	 87.401111	 87.399324	  87.39768	 87.396169	  87.39478	 87.393505	 87.392336	 87.391264	 87.390281	 87.389382	 87.388559	 87.387807	  87.38712	 87.386493	 87.385921	 87.385399	 87.384923	 87.384491	 87.384097	 87.383739	 87.383414	 87.383119	 87.382851	 87.382608	 87.382388	 87.382189	 87.382009	 87.381846	 87.381699	 87.381566	 87.381446	 87.381338	  87.38124	 87.381153	 87.381074	 87.381003	 87.380939	 87.380882	 87.380831	 87.380785	 87.380744	 87.380707	 87.380674	 87.380644	 87.380618	 87.380594	 87.380573	 87.380555	 87.380538	 87.380523	  87.38051	 87.380498	 87.380488	 87.380479	  87.38047	 87.380463	 87.380457	 87.380451	 87.380446	 87.380441	 87.380437	 87.380434	 87.380431	 87.380428	 87.380426	 87.380424	 87.380422	  87.38042	 87.380419	 87.380417	 87.380416	 87.380415	 87.380414	 87.380413	 87.380413	 87.380412	 87.380412	 87.380411	 87.380411	  87.38041	  87.38041	 87.380409	
        99	 98.719894	 98.439984	 98.160467	 97.881537	 97.603389	 97.326215	 97.050206	 96.775548	 96.502428	 96.231026	 95.961523	  95.69409	   95.4289	 95.166118	 94.905903	 94.648413	 94.393797	   94.1422	 93.893759	 93.648608	 93.406873	 93.168673	 92.934121	 92.703324	 92.476379	 92.253381	 92.034412	 91.819553	 91.608872	 91.402434	 91.200296	 91.002505	 90.809106	 90.620132	 90.435612	 90.255567	 90.080012	 89.908955	 89.742397	 89.580334	 89.422756	 89.269644	 89.120978	 88.976729	 88.836864	 88.701346	  88.57013	 88.443169	 88.320412	 88.201802	  88.08728	 87.976782	 87.870242	 87.767589	 87.668752	 87.573655	 87.482221	 87.394371	 87.310022	 87.229092	 87.151497	 87.077152	 87.005971	 86.937866	  86.87275	 86.810537	 86.751137	 86.694463	 86.640429	 86.588948	 86.539932	 86.493297	 86.448959	 86.406833	 86.366837	 86.328891	 86.292913	 86.258827	 86.226555	 86.196023	 86.167156	 86.139882	 86.114133	 86.089839	 86.066935	 86.045356	  86.02504	 86.005926	 85.987955	 85.971072	 85.955221	  85.94035	 85.926408	 85.913345	 85.901116	 85.889675	 85.878978	 85.868985	 85.859655	  85.85095	 85.842835	 85.835275	 85.828236	 85.821687	 85.815599	 85.809943	 85.804692	  85.79982	 85.795303	 85.791119	 85.787245	 85.783661	 85.780348	 85.777287	 85.774461	 85.771853	  85.76945	 85.767235	 85.765197	 85.763321	 85.761597	 85.760012	 85.758558	 85.757224	 85.756001	  85.75488	 85.753854	 85.752915	 85.752057	 85.751273	 85.750558	 85.749905	 85.749309	 85.748767	 85.748273	 85.747824	 85.747416	 85.747045	 85.746708	 85.746402	 85.746125	 85.745874	 85.745647	 85.745442	 85.745256	 85.745088	 85.744936	   85.7448	 85.744676	 85.744565	 85.744465	 85.744375	 85.744295	 85.744222	 85.744157	 85.744098	 85.744046	 85.743999	 85.743957	 85.743919	 85.743885	 85.743855	 85.743828	 85.743804	 85.743783	 85.743764	 85.743747	 85.743732	 85.743719	 85.743707	 85.743696	 85.743687	 85.743678	 85.743671	 85.743665	 85.743659	 85.743654	 85.743649	 85.743645	 85.743642	 85.743639	 85.743636	 85.743633	 85.743631	 85.743629	 85.743628	 85.743626	 85.743625	 85.743624	 85.743623	 85.743622	 85.743621	  85.74362	  85.74362	 85.743619	 85.743619	 85.743618	 85.743617	 85.743617	
        99	 98.685502	 98.371225	 98.057388	 97.744211	 97.431912	 97.120706	 96.810808	 96.502428	 96.195773	 95.891049	 95.588455	 95.288188	 94.990437	  94.69539	 94.403226	 94.114121	 93.828243	 93.545754	  93.26681	 92.991559	 92.720144	 92.452697	 92.189347	 91.930212	 91.675403	 91.425024	 91.179171	  90.93793	 90.701382	 90.469598	  90.24264	 90.020565	  89.80342	 89.591243	 89.384068	 89.181917	 88.984807	 88.792747	  88.60574	 88.423779	 88.246852	 88.074942	 87.908022	 87.746063	 87.589025	 87.436867	  87.28954	 87.146991	 87.009161	 86.875989	 86.747405	 86.623341	 86.503719	 86.388463	 86.277491	 86.170718	 86.068057	  85.96942	 85.874715	 85.783849	 85.696727	 85.613254	 85.533332	 85.456866	 85.383755	 85.313902	 85.247209	 85.183578	 85.122909	 85.065107	 85.010073	 84.957712	  84.90793	 84.860632	 84.815725	  84.77312	 84.732725	 84.694454	  84.65822	 84.623938	 84.591527	 84.560905	 84.531994	 84.504717	 84.479001	 84.454772	 84.431962	 84.410501	 84.390324	 84.371368	 84.353571	 84.336874	 84.321219	 84.306553	 84.292823	 84.279976	 84.267966	 84.256746	  84.24627	 84.236497	 84.227386	 84.218897	 84.210994	 84.203641	 84.196806	 84.190455	 84.184559	 84.179089	 84.174018	  84.16932	  84.16497	 84.160946	 84.157226	 84.153789	 84.150616	 84.147689	  84.14499	 84.142504	 84.140215	 84.138109	 84.136173	 84.134394	 84.132761	 84.131263	  84.12989	 84.128631	 84.127479	 84.126426	 84.125462	 84.124582	 84.123778	 84.123045	 84.122377	 84.121768	 84.121214	 84.120709	 84.120251	 84.119834	 84.119456	 84.119113	 84.118802	  84.11852	 84.118265	 84.118034	 84.117826	 84.117637	 84.117467	 84.117313	 84.117175	  84.11705	 84.116938	 84.116837	 84.116746	 84.116665	 84.116591	 84.116526	 84.116467	 84.116414	 84.116367	 84.116325	 84.116287	 84.116253	 84.116223	 84.116196	 84.116172	 84.116151	 84.116132	 84.116115	   84.1161	 84.116086	 84.116074	 84.116064	 84.116054	 84.116046	 84.116039	 84.116032	 84.116027	 84.116022	 84.116017	 84.116013	  84.11601	 84.116007	 84.116004	 84.116001	 84.115999	 84.115998	 84.115996	 84.115994	 84.115993	 84.115992	 84.115991	  84.11599	 84.115989	 84.115989	 84.115988	 84.115987	 84.115987	 84.115986	 84.115986	
        99	 98.651327	 98.302898	 97.954958	  97.60775	 97.261514	 96.916491	 96.572917	 96.231026	 95.891049	 95.553212	 95.217736	  94.88484	 94.554734	 94.227625	 93.903713	 93.583192	 93.266249	 92.953063	 92.643807	 92.338646	 92.037737	 91.741228	  91.44926	 91.161966	 90.879468	 90.601882	 90.329312	 90.061857	 89.799604	 89.542633	 89.291013	 89.044806	 88.804064	 88.568831	 88.339142	 88.115025	 87.896496	 87.683566	 87.476236	 87.274503	  87.07835	 86.887759	 86.702701	 86.523142	 86.349039	 86.180347	 86.017011	 85.858971	 85.706165	  85.55852	 85.415965	 85.278418	 85.145798	 85.018017	 84.894986	 84.776611	 84.662794	 84.553439	 84.448442	 84.347702	 84.251113	 84.158569	 84.069963	 83.985187	 83.904132	 83.826688	 83.752748	 83.682202	 83.614941	 83.550857	 83.489843	 83.431792	   83.3766	 83.324162	 83.274376	 83.227141	 83.182357	 83.139927	 83.099755	 83.061748	 83.025815	 82.991865	 82.959813	 82.929572	 82.901061	   82.8742	 82.848911	 82.825118	 82.802748	 82.781732	 82.762001	  82.74349	 82.726134	 82.709875	 82.694652	  82.68041	 82.667095	 82.654655	 82.643041	 82.632206	 82.622104	 82.612693	 82.603931	  82.59578	 82.588201	  82.58116	 82.574624	  82.56856	 82.562937	 82.557729	 82.552906	 82.548445	 82.544321	  82.54051	 82.536992	 82.533747	 82.530755	 82.527998	 82.525461	 82.523126	 82.520979	 82.519008	 82.517197	 82.515536	 82.514014	 82.512619	 82.511342	 82.510173	 82.509105	 82.508129	 82.507238	 82.506425	 82.505684	 82.505009	 82.504395	 82.503836	 82.503327	 82.502866	 82.502446	 82.502066	 82.501721	 82.501409	 82.501126	  82.50087	 82.500639	  82.50043	 82.500241	 82.500071	 82.499917	 82.499779	 82.499655	 82.499543	 82.499442	 82.499352	  82.49927	 82.499198	 82.499132	 82.499074	 82.499021	 82.498974	 82.498933	 82.498895	 82.498862	 82.498832	 82.498805	 82.498782	 82.498761	 82.498742	 82.498725	  82.49871	 82.498697	 82.498685	 82.498675	 82.498666	 82.498658	 82.498651	 82.498644	 82.498639	 82.498634	 82.498629	 82.498625	 82.498622	 82.498619	 82.498616	 82.498614	 82.498612	  82.49861	 82.498608	 82.498607	 82.498606	 82.498605	 82.498604	 82.498603	 82.498602	 82.498601	   82.4986	   82.4986	 82.498599	 82.498599	
        99	 98.617391	 98.235049	 97.853244	 97.472242	 97.092307	 96.713703	 96.336689	 95.961523	 95.588455	 95.217736	 94.849609	 94.484312	 94.122077	  93.76313	 93.407692	 93.055975	 92.708183	 92.364515	 92.025159	 91.690297	   91.3601	 91.034732	 90.714348	 90.399091	 90.089097	 89.784494	 89.485395	 89.191909	 88.904131	 88.622148	 88.346038	 88.075868	 87.811694	 87.553566	 87.301522	 87.055591	 86.815793	 86.582138	  86.35463	 86.133261	 85.918017	 85.708876	 85.505806	  85.30877	 85.117723	 84.932611	 84.753378	 84.579956	 84.412277	 84.250263	 84.093832	 83.942898	  83.79737	 83.657153	 83.522147	  83.39225	 83.267356	 83.147356	 83.032141	 82.921595	 82.815605	 82.714054	 82.616824	 82.523797	 82.434852	 82.349872	 82.268735	 82.191322	 82.117515	 82.047193	 81.980241	  81.91654	 81.855976	 81.798435	 81.743803	  81.69197	 81.642827	 81.596268	 81.552186	  81.51048	 81.471049	 81.433795	 81.398623	 81.365439	 81.334153	 81.304678	 81.276927	 81.250818	 81.226272	  81.20321	 81.181558	 81.161245	 81.142201	 81.124358	 81.107654	 81.092026	 81.077415	 81.063764	  81.05102	  81.03913	 81.028045	 81.017718	 81.008103	 80.999158	 80.990842	 80.983116	 80.975944	 80.969289	  80.96312	 80.957404	 80.952113	 80.947217	 80.942691	  80.93851	  80.93465	 80.931088	 80.927805	  80.92478	 80.921995	 80.919433	 80.917078	 80.914914	 80.912928	 80.911105	 80.909434	 80.907903	 80.906502	  80.90522	 80.904048	 80.902977	 80.901999	 80.901108	 80.900294	 80.899554	 80.898879	 80.898266	 80.897708	 80.897201	 80.896741	 80.896324	 80.895945	 80.895603	 80.895292	 80.895011	 80.894758	 80.894528	 80.894321	 80.894134	 80.893966	 80.893814	 80.893678	 80.893555	 80.893444	 80.893345	 80.893256	 80.893176	 80.893104	  80.89304	 80.892983	 80.892931	 80.892885	 80.892844	 80.892808	 80.892775	 80.892746	  80.89272	 80.892697	 80.892676	 80.892658	 80.892641	 80.892627	 80.892614	 80.892603	 80.892593	 80.892584	 80.892576	 80.892569	 80.892563	 80.892557	 80.892553	 80.892548	 80.892545	 80.892541	 80.892538	 80.892536	 80.892533	 80.892531	  80.89253	 80.892528	 80.892527	 80.892526	 80.892524	 80.892523	 80.892523	 80.892522	 80.892521	  80.89252	  80.89252	 80.892519	
        99	 98.583715	 98.167722	 97.752312	 97.337776	 96.924402	 96.512474	 96.102278	  95.69409	 95.288188	  94.88484	 94.484312	 94.086862	 93.692745	 93.302206	 92.915484	  92.53281	 92.154408	 91.780492	 91.411268	 91.046932	 90.687673	 90.333668	 89.985084	  89.64208	 89.304803	 88.973389	 88.647965	 88.328648	 88.015541	  87.70874	 87.408328	 87.114378	 86.826954	 86.546107	 86.271879	 86.004302	 85.743398	 85.489178	 85.241645	 85.000793	 84.766604	 84.539055	 84.318113	 84.103734	 83.895872	 83.694468	 83.499459	 83.310774	 83.128336	 82.952062	 82.781863	 82.617644	 82.459308	 82.306749	 82.159861	 82.018531	 81.882644	 81.752083	 81.626727	 81.506452	 81.391133	 81.280644	 81.174856	 81.073641	 80.976868	 80.884408	  80.79613	 80.711903	   80.6316	 80.555089	 80.482244	 80.412937	 80.347042	 80.284436	 80.224996	 80.168601	 80.115133	 80.064475	 80.016514	 79.971137	 79.928235	 79.887703	 79.849435	  79.81333	 79.779291	 79.747221	 79.717028	 79.688621	 79.661914	 79.636822	 79.613265	 79.591164	 79.570443	 79.551031	 79.532856	 79.515852	 79.499955	 79.485103	 79.471237	 79.458301	  79.44624	 79.435004	 79.424543	 79.414811	 79.405763	 79.397357	 79.389553	 79.382313	 79.375601	 79.369382	 79.363625	 79.358298	 79.353374	 79.348825	 79.344625	  79.34075	 79.337178	 79.333887	 79.330857	 79.328069	 79.325507	 79.323152	 79.320991	 79.319008	  79.31719	 79.315524	    79.314	 79.312605	 79.311329	 79.310164	 79.309101	  79.30813	 79.307246	  79.30644	 79.305706	 79.305038	 79.304432	  79.30388	  79.30338	 79.302926	 79.302514	 79.302141	 79.301803	 79.301498	 79.301222	 79.300972	 79.300747	 79.300544	  79.30036	 79.300195	 79.300047	 79.299913	 79.299793	 79.299685	 79.299588	 79.299501	 79.299423	 79.299353	  79.29929	 79.299235	 79.299185	  79.29914	   79.2991	 79.299064	 79.299033	 79.299004	 79.298979	 79.298957	 79.298937	 79.298919	 79.298903	 79.298889	 79.298877	 79.298866	 79.298856	 79.298848	  79.29884	 79.298834	 79.298828	 79.298822	 79.298818	 79.298814	  79.29881	 79.298807	 79.298804	 79.298802	   79.2988	 79.298798	 79.298796	 79.298794	 79.298793	 79.298792	 79.298791	  79.29879	 79.298789	 79.298788	 79.298787	 79.298787	 79.298786	
        99	 98.550322	 98.100959	 97.652227	 97.204438	 96.757903	 96.312933	 95.869831	   95.4289	 94.990437	 94.554734	 94.122077	 93.692745	 93.267013	 92.845146	 92.427403	 92.014032	 91.605275	 91.201364	 90.802522	 90.408961	 90.020883	 89.638481	 89.261935	 88.891416	 88.527083	 88.169084	 87.817556	 87.472624	 87.134401	 86.802989	 86.478478	 86.160949	 85.850468	 85.547093	 85.250867	 84.961826	 84.679993	  84.40538	 84.137991	 83.877818	 83.624844	 83.379042	 83.140376	 82.908801	 82.684264	 82.466704	 82.256052	 82.052231	 81.855159	 81.664744	 81.480893	 81.303501	 81.132463	 80.967667	 80.808995	 80.656328	 80.509541	 80.368507	 80.233095	 80.103172	 79.978602	  79.85925	 79.744976	 79.635642	 79.531106	 79.431229	  79.33587	 79.244887	 79.158142	 79.075494	 78.996805	 78.921938	 78.850758	  78.78313	 78.718921	 78.658003	 78.600245	 78.545524	 78.493715	 78.444699	 78.398356	 78.354572	 78.313234	 78.274233	 78.237463	 78.202821	 78.170205	  78.13952	 78.110671	 78.083566	  78.05812	 78.034246	 78.011863	 77.990893	  77.97126	 77.952892	  77.93572	 77.919677	 77.904699	 77.890725	 77.877697	 77.865559	 77.854259	 77.843746	 77.833972	 77.824892	 77.816462	 77.808641	  77.80139	 77.794673	 77.788454	   77.7827	 77.777381	 77.772466	 77.767929	 77.763744	 77.759885	  77.75633	 77.753057	 77.750046	 77.747278	 77.744735	   77.7424	 77.740258	 77.738294	 77.736495	 77.734848	 77.733341	 77.731963	 77.730705	 77.729556	 77.728508	 77.727552	 77.726681	 77.725889	 77.725168	 77.724512	 77.723917	 77.723376	 77.722885	 77.722441	 77.722038	 77.721673	 77.721343	 77.721045	 77.720775	 77.720532	 77.720312	 77.720114	 77.719936	 77.719775	 77.719631	 77.719501	 77.719385	  77.71928	 77.719186	 77.719102	 77.719026	 77.718959	 77.718898	 77.718844	 77.718796	 77.718753	 77.718714	  77.71868	  77.71865	 77.718622	 77.718598	 77.718577	 77.718558	 77.718541	 77.718526	 77.718512	   77.7185	  77.71849	 77.718481	 77.718472	 77.718465	 77.718459	 77.718453	 77.718448	 77.718444	  77.71844	 77.718436	 77.718433	 77.718431	 77.718428	 77.718426	 77.718424	 77.718423	 77.718421	  77.71842	 77.718419	 77.718418	 77.718417	 77.718416	 77.718415	 77.718414	 77.718414	
        99	 98.517232	 98.034803	  97.55305	  97.07231	 96.592917	 96.115202	 95.639495	 95.166118	  94.69539	 94.227625	  93.76313	 93.302206	 92.845146	 92.392236	 91.943752	 91.499963	 91.061128	 90.627495	 90.199303	 89.776782	 89.360147	 88.949605	 88.545351	 88.147567	 87.756424	 87.372082	 86.994686	 86.624372	  86.26126	 85.905461	 85.557071	 85.216176	 84.882848	 84.557148	 84.239125	 83.928814	 83.626242	 83.331422	 83.044357	 82.765039	  82.49345	  82.22956	 81.973331	 81.724715	 81.483656	 81.250087	 81.023934	 80.805115	  80.59354	 80.389114	 80.191733	 80.001288	 79.817665	 79.640741	 79.470394	 79.306493	 79.148904	 78.997492	 78.852115	 78.712632	 78.578896	 78.450761	 78.328078	 78.210698	 78.098471	 77.991244	 77.888867	  77.79119	 77.698061	 77.609331	 77.524852	 77.444476	 77.368058	 77.295453	  77.22652	 77.161119	 77.099111	 77.040363	 76.984742	 76.932118	 76.882365	 76.835359	  76.79098	 76.749109	 76.709634	 76.672442	 76.637426	 76.604483	 76.573511	 76.544412	 76.517093	 76.491462	 76.467432	 76.444919	 76.423842	 76.404122	 76.385686	 76.368462	 76.352382	  76.33738	 76.323393	 76.310362	 76.298231	 76.286944	 76.276451	 76.266703	 76.257652	 76.249256	 76.241472	  76.23426	 76.227583	 76.221406	 76.215695	 76.210419	 76.205549	 76.201055	 76.196912	 76.193096	 76.189582	 76.186349	 76.183377	 76.180647	  76.17814	 76.175841	 76.173732	 76.171801	 76.170033	 76.168415	 76.166936	 76.165585	 76.164351	 76.163226	   76.1622	 76.161265	 76.160414	  76.15964	 76.158936	 76.158297	 76.157717	  76.15719	 76.156712	  76.15628	 76.155888	 76.155534	 76.155214	 76.154924	 76.154663	 76.154427	 76.154215	 76.154024	 76.153851	 76.153696	 76.153557	 76.153432	 76.153319	 76.153218	 76.153128	 76.153047	 76.152974	 76.152909	 76.152851	   76.1528	 76.152753	 76.152712	 76.152675	 76.152642	 76.152613	 76.152587	 76.152564	 76.152544	 76.152525	 76.152509	 76.152495	 76.152482	 76.152471	 76.152461	 76.152452	 76.152444	 76.152438	 76.152432	 76.152426	 76.152421	 76.152417	 76.152414	  76.15241	 76.152407	 76.152405	 76.152403	 76.152401	 76.152399	 76.152397	 76.152396	 76.152395	 76.152394	 76.152393	 76.152392	 76.152391	  76.15239	 76.152389	
        99	 98.484465	 97.969293	 97.454842	 96.941473	 96.429542	 95.919405	  95.41141	 94.905903	 94.403226	 93.903713	 93.407692	 92.915484	 92.427403	 91.943752	 91.464829	 90.990919	 90.522299	 90.059234	  89.60198	 89.150781	 88.705868	 88.267462	  87.83577	 87.410988	 86.993298	 86.582869	 86.179859	  85.78441	 85.396653	 85.016705	 84.644669	 84.280637	 83.924686	  83.57688	 83.237271	 82.905899	 82.582791	 82.267961	 81.961412	 81.663136	 81.373113	 81.091312	 80.817693	 80.552203	 80.294782	  80.04536	 79.803858	 79.570187	 79.344253	 79.125952	 78.915174	 78.711803	 78.515716	 78.326785	 78.144876	  77.96985	 77.801566	 77.639877	 77.484633	 77.335682	  77.19287	 77.056038	 76.925029	 76.799682	 76.679837	 76.565332	 76.456007	   76.3517	  76.25225	 76.157499	 76.067286	 75.981455	  75.89985	 75.822317	 75.748705	 75.678865	 75.612649	 75.549913	 75.490517	 75.434322	 75.381192	 75.330995	 75.283604	 75.238891	 75.196736	  75.15702	 75.119628	 75.084449	 75.051375	 75.020301	 74.991127	 74.963757	 74.938096	 74.914055	 74.891547	 74.870489	 74.850802	 74.832409	 74.815237	 74.799217	 74.784281	 74.770366	 74.757411	 74.745358	 74.734153	 74.723743	 74.714078	 74.705112	 74.696799	 74.689098	 74.681968	 74.675372	 74.669273	 74.663639	 74.658438	 74.653639	 74.649215	  74.64514	 74.641388	 74.637935	 74.634762	 74.631846	 74.629169	 74.626714	 74.624462	   74.6224	 74.620512	 74.618784	 74.617205	 74.615762	 74.614445	 74.613243	 74.612147	 74.611149	  74.61024	 74.609414	 74.608662	 74.607979	 74.607359	 74.606797	 74.606287	 74.605825	 74.605407	 74.605029	 74.604687	 74.604378	 74.604099	 74.603847	  74.60362	 74.603416	 74.603232	 74.603066	 74.602917	 74.602784	 74.602664	 74.602556	 74.602459	 74.602373	 74.602295	 74.602226	 74.602164	 74.602109	 74.602059	 74.602015	 74.601976	 74.601941	  74.60191	 74.601882	 74.601857	 74.601835	 74.601816	 74.601799	 74.601783	  74.60177	 74.601758	 74.601747	 74.601738	  74.60173	 74.601722	 74.601716	  74.60171	 74.601705	   74.6017	 74.601697	 74.601693	  74.60169	 74.601687	 74.601685	 74.601683	 74.601681	 74.601679	 74.601678	 74.601677	 74.601675	 74.601674	 74.601673	 74.601672	 74.601671	  74.60167	
        99	 98.452042	 97.904468	 97.357662	 96.812006	 96.267879	 95.725657	 95.185712	 94.648413	 94.114121	 93.583192	 93.055975	  92.53281	 92.014032	 91.499963	 90.990919	 90.487203	  89.98911	 89.496922	  89.01091	 88.531334	 88.058439	  87.59246	 87.133618	 86.682119	 86.238159	 85.801918	 85.373561	 84.953241	 84.541097	 84.137253	 83.741819	 83.354891	 82.976553	 82.606872	 82.245905	 81.893692	 81.550262	 81.215631	 80.889803	 80.572768	 80.264504	  79.96498	 79.674152	 79.391965	 79.118354	 78.853245	 78.596553	 78.348186	 78.108042	 77.876012	 77.651978	 77.435816	 77.227397	 77.026583	 76.833233	   76.6472	 76.468332	 76.296473	 76.131466	 75.973147	 75.821353	 75.675915	 75.536666	 75.403436	 75.276053	 75.154347	 75.038146	 74.927279	 74.821575	 74.720864	 74.624977	 74.533748	  74.44701	 74.364602	  74.28636	 74.212127	 74.141747	 74.075066	 74.011934	 73.952204	 73.895733	 73.842379	 73.792007	 73.744482	 73.699676	 73.657462	 73.617719	 73.580327	 73.545172	 73.512144	 73.481136	 73.452044	 73.424769	 73.399216	 73.375293	  73.35291	 73.331985	 73.312435	 73.294184	 73.277155	  73.26128	  73.24649	  73.23272	  73.21991	    73.208	 73.196935	 73.186662	 73.177132	 73.168296	 73.160111	 73.152532	 73.145521	  73.13904	 73.133051	 73.127523	 73.122422	  73.11772	 73.113388	   73.1094	 73.105731	 73.102357	 73.099258	 73.096413	 73.093803	  73.09141	 73.089218	 73.087211	 73.085375	 73.083696	 73.082162	 73.080762	 73.079485	 73.078321	  73.07726	 73.076294	 73.075415	 73.074616	 73.073891	 73.073232	 73.072634	 73.072092	 73.071601	 73.071157	 73.070754	 73.070391	 73.070062	 73.069766	 73.069498	 73.069257	  73.06904	 73.068844	 73.068668	  73.06851	 73.068368	  73.06824	 73.068126	 73.068023	 73.067931	 73.067849	 73.067775	  73.06771	 73.067651	 73.067598	 73.067551	  73.06751	 73.067472	 73.067439	  73.06741	 73.067384	  73.06736	  73.06734	 73.067321	 73.067305	 73.067291	 73.067278	 73.067266	 73.067256	 73.067248	  73.06724	 73.067233	 73.067227	 73.067222	 73.067217	 73.067213	 73.067209	 73.067206	 73.067203	   73.0672	 73.067198	 73.067196	 73.067194	 73.067193	 73.067191	  73.06719	 73.067189	 73.067188	 73.067187	 73.067186	 73.067185	
        99	  98.41998	 97.840367	 97.261567	 96.683984	 96.108019	 95.534071	 94.962534	 94.393797	 93.828243	 93.266249	 92.708183	 92.154408	 91.605275	 91.061128	 90.522299	  89.98911	 89.461873	 88.940886	 88.426438	   87.9188	 87.418236	 86.924992	 86.439302	 85.961387	  85.49145	 85.029683	 84.576263	  84.13135	 83.695091	 83.267617	 82.849046	 82.439479	 82.039003	 81.647693	 81.265604	 80.892783	 80.529259	 80.175048	 79.830155	  79.49457	  79.16827	  78.85122	 78.543375	 78.244677	 77.955057	 77.674436	 77.402725	 77.139826	 76.885631	 76.640024	 76.402882	 76.174072	 75.953458	 75.740894	 75.536231	 75.339313	 75.149979	 74.968065	 74.793403	 74.625821	 74.465144	 74.311197	 74.163801	 74.022775	 73.887939	 73.759112	 73.636112	 73.518758	 73.406869	 73.300265	 73.198768	   73.1022	 73.010388	 72.923157	 72.840338	 72.761761	 72.687263	  72.61668	 72.549855	  72.48663	 72.426854	 72.370379	 72.317059	 72.266754	 72.219326	 72.174643	 72.132573	 72.092994	 72.055782	 72.020822	 71.987999	 71.957205	 71.928334	 71.901286	 71.875963	 71.852271	 71.830121	 71.809428	 71.790108	 71.772083	 71.755279	 71.739624	 71.725048	 71.711488	 71.698881	 71.687169	 71.676295	 71.666208	 71.656855	  71.64819	 71.640169	 71.632747	 71.625886	 71.619548	 71.613696	 71.608297	 71.603319	 71.598734	 71.594512	 71.590628	 71.587058	 71.583777	 71.580766	 71.578003	  71.57547	  71.57315	 71.571025	 71.569081	 71.567305	 71.565681	 71.564199	 71.562847	 71.561614	 71.560491	 71.559469	 71.558539	 71.557693	 71.556925	 71.556228	 71.555595	 71.555021	 71.554502	 71.554031	 71.553606	 71.553221	 71.552873	 71.552559	 71.552276	 71.552021	 71.551791	 71.551584	 71.551398	  71.55123	  71.55108	 71.550945	 71.550823	 71.550715	 71.550617	  71.55053	 71.550452	 71.550383	  71.55032	 71.550265	 71.550215	 71.550171	 71.550132	 71.550096	 71.550065	 71.550038	 71.550013	 71.549991	 71.549972	 71.549954	 71.549939	 71.549926	 71.549914	 71.549903	 71.549894	 71.549885	 71.549878	 71.549872	 71.549866	 71.549861	 71.549857	 71.549853	 71.549849	 71.549846	 71.549844	 71.549841	 71.549839	 71.549837	 71.549836	 71.549834	 71.549833	 71.549831	  71.54983	 71.549829	 71.549828	 71.549827	
