Time step 12:
        99	        99	        99	        99	        99	        99	        99	        99	        99	        99	        99	        99	        99	        99	        99	        99	        99	        99	        99	        99	        99	        99	        99	        99	        99	        99	        99	        99	        99	        99	        99	        99	        99	        99	        99	        99	        99	        99	        99	        99	        99	        99	        99	        99	        99	        99	        99	        99	        99	        99	        99	        99	        99	        99	        99	        99	        99	        99	        99	        99	        99	        99	        99	        99	        99	        99	        99	        99	        99	        99	        99	        99	        99	        99	        99	        99	        99	        99	        99	        99	        99	        99	        99	        99	        99	        99	        99	        99	        99	        99	        99	        99	        99	        99	        99	        99	        99	        99	        99	        99	        99	        99	        99	        99	        99	        99	        99	        99	        99	        99	        99	        99	        99	        99	        99	        99	        99	        99	        99	        99	        99	        99	        99	        99	        99	        99	        99	        99	        99	        99	        99	        99	        99	        99	        99	        99	        99	        99	        99	        99	        99	        99	        99	        99	        99	        99	        99	        99	        99	        99	        99	        99	        99	        99	        99	        99	        99	        99	        99	        99	        99	        99	        99	        99	        99	        99	        99	        99	        99	        99	        99	        99	        99	        99	        99	        99	        99	        99	        99	        99	        99	        99	        99	        99	        99	        99	        99	        99	        99	        99	        99	        99	        99	        99	        99	        99	        99	        99	        99	        99	
        99	 98.947098	 98.894251	 98.841515	 98.788946	 98.736597	 98.684523	 98.632777	 98.581411	 98.530475	  98.48002	 98.430093	  98.38074	 98.332007	 98.283936	 98.236568	 98.189942	 98.144095	  98.09906	 98.054871	 98.011556	 97.969143	 97.927658	 97.887122	 97.847555	 97.808975	 97.771396	 97.734832	 97.699292	 97.664784	 97.631314	 97.598883	 97.567493	 97.537142	 97.507828	 97.479543	 97.452281	 97.426033	 97.400786	 97.376529	 97.353248	 97.330926	 97.309546	  97.28909	 97.269539	 97.250873	  97.23307	 97.216108	 97.199964	 97.184615	 97.170037	 97.156206	 97.143097	 97.130687	 97.118949	 97.107859	 97.097393	 97.087526	 97.078232	 97.069489	 97.061272	 97.053557	 97.046321	 97.039543	 97.033199	 97.027268	 97.021728	 97.016561	 97.011744	  97.00726	  97.00309	 96.999216	 96.995621	 96.992287	   96.9892	 96.986344	 96.983705	 96.981268	 96.979021	  96.97695	 96.975045	 96.973293	 96.971684	 96.970208	 96.968856	 96.967618	 96.966485	 96.965451	 96.964506	 96.963646	 96.962862	 96.962149	   96.9615	 96.960912	 96.960378	 96.959895	 96.959457	 96.959062	 96.958705	 96.958382	 96.958092	 96.957831	 96.957595	 96.957384	 96.957195	 96.957025	 96.956872	 96.956736	 96.956614	 96.956506	 96.956409	 96.956322	 96.956246	 96.956177	 96.956117	 96.956063	 96.956015	 96.955973	 96.955936	 96.955903	 96.955873	 96.955848	 96.955825	 96.955805	 96.955788	 96.955772	 96.955759	 96.955747	 96.955737	 96.955728	  96.95572	 96.955713	 96.955707	 96.955702	 96.955697	 96.955693	  96.95569	 96.955687	 96.955684	 96.955682	  96.95568	 96.955678	 96.955677	 96.955676	 96.955675	 96.955674	 96.955673	 96.955672	 96.955672	 96.955671	 96.955671	 96.955671	  96.95567	  96.95567	  96.95567	  96.95567	 96.955669	 96.955669	 96.955669	 96.955669	 96.955669	 96.955669	 96.955669	 96.955669	 96.955669	 96.955669	 96.955669	 96.955669	 96.955669	 96.955669	 96.955669	 96.955669	 96.955669	 96.955669	 96.955669	 96.955669	 96.955669	 96.955669	 96.955669	 96.955669	 96.955669	 96.955669	 96.955669	 96.955669	 96.955669	 96.955669	 96.955669	 96.955669	 96.955669	 96.955669	 96.955669	 96.955669	 96.955669	 96.955669	 96.955669	 96.955669	 96.955669	 96.955669	 96.955669	 96.955669	
        99	 98.894251	 98.788613	 98.683197	 98.578113	 98.473471	 98.369379	 98.265941	 98.163262	 98.061445	 97.960587	 97.860785	 97.762132	 97.664717	 97.568626	  97.47394	 97.380737	  97.28909	 97.199068	 97.110735	 97.024152	 96.939371	 96.856443	 96.775414	 96.696322	 96.619202	 96.544085	 96.470995	 96.399953	 96.330973	 96.264067	  96.19924	 96.136493	 96.075823	 96.017225	 95.960685	  95.90619	 95.853721	 95.803255	 95.754766	 95.708228	 95.663607	  95.62087	  95.57998	 95.540899	 95.503586	 95.467998	 95.434092	 95.401821	 95.371139	 95.341998	 95.314351	 95.288148	  95.26334	 95.239877	 95.217709	 95.196788	 95.177063	 95.158486	 95.141009	 95.124583	 95.109161	 95.094698	 95.081148	 95.068466	  95.05661	 95.045538	 95.035207	  95.02558	 95.016617	 95.008281	 95.000537	 94.993349	 94.986686	 94.980515	 94.974806	  94.96953	 94.964659	 94.960167	 94.956028	  94.95222	 94.948718	 94.945502	 94.942552	 94.939848	 94.937373	 94.935109	 94.933041	 94.931154	 94.929433	 94.927866	 94.926441	 94.925145	 94.923969	 94.922902	 94.921936	 94.921061	 94.920271	 94.919557	 94.918912	 94.918332	 94.917809	 94.917339	 94.916917	 94.916538	 94.916198	 94.915894	 94.915622	 94.915378	 94.915161	 94.914967	 94.914795	 94.914641	 94.914505	 94.914383	 94.914276	  94.91418	 94.914096	 94.914021	 94.913955	 94.913897	 94.913846	   94.9138	 94.913761	 94.913726	 94.913695	 94.913668	 94.913645	 94.913624	 94.913606	  94.91359	 94.913576	 94.913564	 94.913554	 94.913545	 94.913537	  94.91353	 94.913524	 94.913519	 94.913515	 94.913511	 94.913507	 94.913505	 94.913502	   94.9135	 94.913498	 94.913497	 94.913495	 94.913494	 94.913493	 94.913492	 94.913491	 94.913491	  94.91349	  94.91349	  94.91349	 94.913489	 94.913489	 94.913489	 94.913488	 94.913488	 94.913488	 94.913488	 94.913488	 94.913488	 94.913488	 94.913488	 94.913488	 94.913488	 94.913488	 94.913488	 94.913488	 94.913488	 94.913488	 94.913487	 94.913487	 94.913487	 94.913487	 94.913487	 94.913487	 94.913487	 94.913487	 94.913487	 94.913487	 94.913487	 94.913487	 94.913487	 94.913487	 94.913487	 94.913487	 94.913487	 94.913487	 94.913487	 94.913487	 94.913487	 94.913487	 94.913487	 94.913487	 94.913487	 94.913487	
        99	 98.841515	 98.683197	 98.525212	 98.367725	 98.210899	 98.054896	 97.899876	 97.745993	   97.5934	 97.442246	 97.292675	 97.144825	  96.99883	 96.854819	 96.712915	 96.573232	 96.435883	 96.300968	 96.168585	 96.038823	 95.911764	 95.787482	 95.666043	 95.547509	 95.431931	 95.319355	 95.209816	 95.103346	 94.999967	 94.899695	 94.802539	 94.708501	 94.617577	 94.529756	 94.445021	  94.36335	 94.284715	 94.209082	 94.136413	 94.066666	 93.999794	 93.935745	 93.874464	 93.815894	 93.759973	 93.706638	 93.655822	 93.607458	 93.561476	 93.517804	 93.476369	 93.437099	 93.399919	 93.364755	 93.331533	 93.300179	 93.270617	 93.242776	 93.216583	 93.191966	 93.168854	 93.147178	 93.126871	 93.107865	 93.090097	 93.073502	  93.05802	 93.043592	 93.030159	 93.017666	  93.00606	 92.995288	 92.985302	 92.976054	 92.967498	 92.959591	 92.952291	 92.945558	 92.939356	 92.933648	   92.9284	 92.923581	 92.919159	 92.915107	 92.911398	 92.908005	 92.904906	 92.902077	 92.899498	  92.89715	 92.895013	 92.893072	 92.891309	  92.88971	 92.888262	 92.886951	 92.885766	 92.884696	 92.883731	 92.882861	 92.882077	 92.881373	  92.88074	 92.880172	 92.879663	 92.879207	 92.878799	 92.878434	 92.878109	 92.877818	  92.87756	 92.877329	 92.877125	 92.876943	 92.876782	 92.876639	 92.876512	   92.8764	 92.876301	 92.876214	 92.876137	  92.87607	  92.87601	 92.875958	 92.875912	 92.875871	 92.875836	 92.875805	 92.875778	 92.875754	 92.875734	 92.875716	   92.8757	 92.875686	 92.875675	 92.875664	 92.875655	 92.875648	 92.875641	 92.875635	  92.87563	 92.875626	 92.875622	 92.875619	 92.875616	 92.875614	 92.875612	  92.87561	 92.875609	 92.875608	 92.875606	 92.875606	 92.875605	 92.875604	 92.875603	 92.875603	 92.875603	 92.875602	 92.875602	 92.875602	 92.875601	 92.875601	 92.875601	 92.875601	 92.875601	 92.875601	 92.875601	 92.875601	 92.875601	 92.875601	 92.875601	 92.875601	   92.8756	   92.8756	   92.8756	   92.8756	   92.8756	   92.8756	   92.8756	   92.8756	   92.8756	   92.8756	   92.8756	   92.8756	   92.8756	   92.8756	   92.8756	   92.8756	   92.8756	   92.8756	   92.8756	   92.8756	   92.8756	   92.8756	   92.8756	   92.8756	   92.8756	   92.8756	   92.8756	
        99	 98.788946	 98.578113	 98.367725	 98.157999	 97.949154	 97.741405	 97.534965	 97.330039	 97.126831	  96.92554	 96.726355	 96.529463	 96.335042	 96.143263	 95.954288	 95.768274	 95.585365	   95.4057	 95.229405	 95.056601	 94.887396	 94.721889	  94.56017	 94.402318	 94.248403	 94.098485	 93.952612	 93.810826	 93.673156	 93.539624	 93.410242	 93.285011	 93.163928	 93.046976	 92.934135	 92.825374	 92.720655	 92.619935	 92.523162	  92.43028	 92.341226	 92.255931	 92.174324	 92.096326	 92.021856	  91.95083	 91.883159	 91.818753	 91.757518	  91.69936	 91.644181	 91.591885	 91.542373	 91.495545	 91.451303	 91.409548	 91.370182	 91.333106	 91.298224	 91.265441	 91.234663	 91.205798	 91.178754	 91.153444	 91.129782	 91.107683	 91.087066	 91.067852	 91.049963	 91.033326	  91.01787	 91.003526	 90.990228	 90.977912	 90.966517	 90.955987	 90.946266	   90.9373	 90.929041	 90.921439	 90.914451	 90.908033	 90.902145	 90.896749	 90.891808	 90.887291	 90.883163	 90.879396	 90.875962	 90.872835	  90.86999	 90.867404	 90.865057	 90.862928	 90.860999	 90.859253	 90.857675	  90.85625	 90.854965	 90.853806	 90.852763	 90.851825	 90.850982	 90.850225	 90.849547	  90.84894	 90.848397	 90.847911	 90.847478	 90.847091	 90.846746	  90.84644	 90.846167	 90.845925	 90.845711	  90.84552	 90.845352	 90.845203	 90.845071	 90.844955	 90.844852	 90.844762	 90.844683	 90.844613	 90.844552	 90.844498	 90.844451	  90.84441	 90.844374	 90.844342	 90.844315	 90.844291	  90.84427	 90.844252	 90.844236	 90.844223	 90.844211	   90.8442	 90.844192	 90.844184	 90.844177	 90.844172	 90.844167	 90.844162	 90.844159	 90.844156	 90.844153	 90.844151	 90.844149	 90.844147	 90.844145	 90.844144	 90.844143	 90.844142	 90.844142	 90.844141	  90.84414	  90.84414	 90.844139	 90.844139	 90.844139	 90.844139	 90.844138	 90.844138	 90.844138	 90.844138	 90.844138	 90.844138	 90.844138	 90.844138	 90.844138	 90.844138	 90.844138	 90.844138	 90.844138	 90.844137	 90.844137	 90.844137	 90.844137	 90.844137	 90.844137	 90.844137	 90.844137	 90.844137	 90.844137	 90.844137	 90.844137	 90.844137	 90.844137	 90.844137	 90.844137	 90.844137	 90.844137	 90.844137	 90.844137	 90.844137	 90.844137	 90.844137	 90.844137	
        99	 98.736597	 98.473471	 98.210899	 97.949154	 97.688509	 97.429232	 97.171586	 96.915832	 96.662222	 96.411003	 96.162414	 95.916687	 95.674043	 95.434696	 95.198849	 94.966697	  94.73842	 94.514192	 94.294171	 94.078505	 93.867332	 93.660774	 93.458943	 93.261938	 93.069847	 92.882744	  92.70069	 92.523736	 92.351919	 92.185267	 92.023793	 91.867502	 91.716385	 91.570426	 91.429596	 91.293858	 91.163166	 91.037464	 90.916688	 90.800768	 90.689625	 90.583175	 90.481326	 90.383982	 90.291041	 90.202398	 90.117943	 90.037561	 89.961138	 89.888555	  89.81969	 89.754423	  89.69263	 89.634187	 89.578972	  89.52686	 89.477729	 89.431457	 89.387924	  89.34701	 89.308598	 89.272572	 89.238821	 89.207234	 89.177703	 89.150122	 89.124392	 89.100411	 89.078086	 89.057323	 89.038033	 89.020131	 89.003534	 88.988163	 88.973943	 88.960801	 88.948668	 88.937479	  88.92717	 88.917683	 88.908962	 88.900952	 88.893603	 88.886869	 88.880703	 88.875065	 88.869914	 88.865213	 88.860927	 88.857024	 88.853473	 88.850246	 88.847316	 88.844659	 88.842252	 88.840074	 88.838104	 88.836326	 88.834721	 88.833275	 88.831973	 88.830802	  88.82975	 88.828806	  88.82796	 88.827202	 88.826524	 88.825918	 88.825377	 88.824894	 88.824465	 88.824082	 88.823742	  88.82344	 88.823172	 88.822934	 88.822724	 88.822538	 88.822374	 88.822229	 88.822101	 88.821988	 88.821889	 88.821802	 88.821726	 88.821658	   88.8216	 88.821548	 88.821503	 88.821464	  88.82143	   88.8214	 88.821374	 88.821351	 88.821332	 88.821315	   88.8213	 88.821287	 88.821276	 88.821266	 88.821258	 88.821251	 88.821245	  88.82124	 88.821235	 88.821231	 88.821228	 88.821225	 88.821222	  88.82122	 88.821218	 88.821217	 88.821216	 88.821215	 88.821214	 88.821213	 88.821212	 88.821211	 88.821211	 88.821211	  88.82121	  88.82121	  88.82121	 88.821209	 88.821209	 88.821209	 88.821209	 88.821209	 88.821209	 88.821209	 88.821209	 88.821209	 88.821209	 88.821209	 88.821209	 88.821209	 88.821208	 88.821208	 88.821208	 88.821208	 88.821208	 88.821208	 88.821208	 88.821208	 88.821208	 88.821208	 88.821208	 88.821208	 88.821208	 88.821208	 88.821208	 88.821208	 88.821208	 88.821208	 88.821208	 88.821208	 88.821208	 88.821208	 88.821208	
        99	 98.684523	 98.369379	 98.054896	 97.741405	 97.429232	 97.118696	 96.810115	   96.5038	 96.200052	 95.899168	 95.601434	 95.307126	 95.016512	 94.729847	 94.447375	 94.169327	 93.895921	 93.627363	 93.363845	 93.105543	 92.852621	 92.605227	 92.363495	 92.127543	 91.897476	 91.673383	 91.455338	   91.2434	 91.037617	 90.838018	 90.644621	 90.457431	  90.27644	 90.101625	 89.932953	 89.770381	 89.613851	 89.463298	 89.318645	 89.179808	 89.046693	 88.919198	 88.797213	 88.680625	  88.56931	 88.463143	  88.36199	 88.265718	 88.174186	 88.087253	 88.004775	 87.926604	 87.852595	 87.782598	 87.716467	 87.654053	 87.595209	 87.539789	  87.48765	 87.438647	 87.392641	 87.349494	  87.30907	 87.271238	 87.235868	 87.202836	 87.172018	 87.143297	 87.116557	  87.09169	 87.068586	 87.047145	 87.027267	 87.008857	 86.991826	 86.976086	 86.961555	 86.948153	 86.935807	 86.924444	 86.913998	 86.904405	 86.895604	 86.887538	 86.880154	   86.8734	 86.867231	   86.8616	 86.856467	 86.851792	  86.84754	 86.843674	 86.840166	 86.836983	   86.8341	 86.831491	 86.829133	 86.827002	 86.825081	 86.823349	 86.821789	 86.820387	 86.819127	 86.817997	 86.816983	 86.816075	 86.815263	 86.814537	 86.813889	 86.813311	 86.812796	 86.812338	 86.811931	 86.811569	 86.811248	 86.810963	 86.810712	 86.810489	 86.810292	 86.810118	 86.809965	  86.80983	 86.809712	 86.809607	 86.809516	 86.809435	 86.809365	 86.809304	  86.80925	 86.809203	 86.809162	 86.809126	 86.809095	 86.809068	 86.809044	 86.809024	 86.809006	 86.808991	 86.808977	 86.808966	 86.808956	 86.808947	  86.80894	 86.808934	 86.808928	 86.808924	  86.80892	 86.808916	 86.808913	 86.808911	 86.808909	 86.808907	 86.808905	 86.808904	 86.808903	 86.808902	 86.808901	   86.8089	   86.8089	 86.808899	 86.808899	 86.808898	 86.808898	 86.808898	 86.808898	 86.808897	 86.808897	 86.808897	 86.808897	 86.808897	 86.808897	 86.808897	 86.808897	 86.808897	 86.808897	 86.808897	 86.808897	 86.808897	 86.808896	 86.808896	 86.808896	 86.808896	 86.808896	 86.808896	 86.808896	 86.808896	 86.808896	 86.808896	 86.808896	 86.808896	 86.808896	 86.808896	 86.808896	 86.808896	 86.808896	 86.808896	 86.808896	 86.808896	 86.808896	
        99	 98.632777	 98.265941	 97.899876	 97.534965	 97.171586	 96.810115	  96.45092	  96.09436	 95.740791	 95.390554	 95.043984	 94.701403	 94.363121	 94.029436	 93.700631	 93.376976	 93.058725	 92.746117	 92.439375	 92.138705	 91.844297	 91.556325	 91.274943	 91.000289	 90.732485	 90.471635	 90.217825	 89.971125	 89.731587	 89.499249	  89.27413	 89.056237	 88.845558	 88.642069	 88.445731	 88.256493	 88.074288	  87.89904	 87.730661	 87.569052	 87.414102	 87.265694	 87.123702	  86.98799	 86.858417	 86.734835	 86.617092	 86.505028	 86.398483	 86.297291	 86.201283	 86.110291	 86.024142	 85.942665	 85.865686	 85.793035	 85.724539	 85.660029	 85.599337	 85.542297	 85.488744	  85.43852	 85.391466	 85.347428	 85.306257	 85.267806	 85.231934	 85.198502	 85.167376	  85.13843	 85.111537	 85.086579	  85.06344	 85.042011	 85.022186	 85.003864	 84.986949	  84.97135	 84.956978	 84.943752	 84.931592	 84.920425	 84.910181	 84.900792	 84.892196	 84.884336	 84.877154	   84.8706	 84.864625	 84.859183	 84.854233	 84.849734	 84.845649	 84.841945	 84.838589	 84.835552	 84.832807	 84.830327	  84.82809	 84.826074	 84.824259	 84.822627	  84.82116	 84.819844	 84.818664	 84.817608	 84.816662	 84.815817	 84.815063	  84.81439	 84.813791	 84.813258	 84.812783	 84.812362	 84.811989	 84.811657	 84.811364	 84.811105	 84.810876	 84.810674	 84.810495	 84.810338	   84.8102	 84.810079	 84.809972	 84.809879	 84.809797	 84.809725	 84.809663	 84.809608	  84.80956	 84.809518	 84.809482	 84.809451	 84.809423	 84.809399	 84.809379	 84.809361	 84.809346	 84.809332	 84.809321	 84.809311	 84.809302	 84.809295	 84.809288	 84.809283	 84.809278	 84.809274	 84.809271	 84.809268	 84.809265	 84.809263	 84.809261	  84.80926	 84.809259	 84.809257	 84.809256	 84.809256	 84.809255	 84.809254	 84.809254	 84.809254	 84.809253	 84.809253	 84.809253	 84.809252	 84.809252	 84.809252	 84.809252	 84.809252	 84.809252	 84.809252	 84.809252	 84.809252	 84.809252	 84.809252	 84.809251	 84.809251	 84.809251	 84.809251	 84.809251	 84.809251	 84.809251	 84.809251	 84.809251	 84.809251	 84.809251	 84.809251	 84.809251	 84.809251	 84.809251	 84.809251	 84.809251	 84.809251	 84.809251	 84.809251	 84.809251	 84.809251	 84.809251	
        99	 98.581411	 98.163262	 97.745993	 97.330039	 96.915832	   96.5038	  96.09436	 95.687927	   95.2849	 94.885673	 94.490626	 94.100125	 93.714525	 93.334165	 92.959368	  92.59044	 92.227673	 91.871338	  91.52169	 91.178963	 90.843375	 90.515121	  90.19438	 89.881309	 89.576045	 89.278708	 88.989396	 88.708187	 88.435144	 88.170307	 87.913699	 87.665327	 87.425179	 87.193227	 86.969426	 86.753717	 86.546026	 86.346265	 86.154333	 85.970118	 85.793495	 85.624328	 85.462474	 85.307779	 85.160081	 85.019213	    84.885	 84.757262	 84.635813	 84.520466	  84.41103	 84.307309	  84.20911	 84.116236	  84.02849	 83.945676	 83.867599	 83.794066	 83.724884	 83.659865	 83.598822	 83.541573	 83.487937	  83.43774	  83.39081	  83.34698	  83.30609	 83.267981	 83.232502	 83.199506	 83.168852	 83.140403	 83.114028	 83.089601	 83.067003	 83.046118	 83.026837	 83.009056	 82.992674	 82.977598	 82.963737	 82.951008	 82.939331	 82.928629	 82.918831	  82.90987	 82.901684	 82.894213	 82.887403	   82.8812	 82.875557	 82.870429	 82.865773	 82.861551	 82.857725	 82.854264	 82.851134	 82.848307	 82.845757	 82.843459	  82.84139	  82.83953	 82.837858	 82.836358	 82.835013	 82.833809	 82.832731	 82.831768	 82.830908	 82.830141	 82.829458	  82.82885	  82.82831	  82.82783	 82.827404	 82.827026	 82.826692	 82.826396	 82.826135	 82.825905	 82.825702	 82.825523	 82.825365	 82.825227	 82.825105	 82.824999	 82.824905	 82.824824	 82.824752	  82.82469	 82.824635	 82.824588	 82.824547	 82.824511	 82.824479	 82.824452	 82.824429	 82.824409	 82.824391	 82.824376	 82.824363	 82.824351	 82.824341	 82.824333	 82.824326	  82.82432	 82.824314	  82.82431	 82.824306	 82.824302	   82.8243	 82.824297	 82.824295	 82.824293	 82.824292	  82.82429	 82.824289	 82.824288	 82.824288	 82.824287	 82.824286	 82.824286	 82.824286	 82.824285	 82.824285	 82.824285	 82.824285	 82.824284	 82.824284	 82.824284	 82.824284	 82.824284	 82.824284	 82.824284	 82.824284	 82.824284	 82.824284	 82.824284	 82.824284	 82.824284	 82.824284	 82.824284	 82.824284	 82.824284	 82.824284	 82.824284	 82.824284	 82.824284	 82.824284	 82.824284	 82.824284	 82.824284	 82.824284	 82.824284	 82.824284	 82.824284	 82.824284	 82.824284	 82.824284	
        99	 98.530475	 98.061445	   97.5934	 97.126831	 96.662222	 96.200052	 95.740791	   95.2849	 94.832832	 94.385026	 93.941907	 93.503889	 93.071368	 92.644724	  92.22432	   91.8105	  91.40359	 91.003894	 90.611699	 90.227269	 89.850844	 89.482648	 89.122877	  88.77171	 88.429301	 88.095782	 87.771265	 87.455839	  87.14957	 86.852506	 86.564674	 86.286079	 86.016709	 85.756531	 85.505497	  85.26354	 85.030577	 84.806508	 84.591221	  84.38459	 84.186474	 83.996723	 83.815174	 83.641655	 83.475985	 83.317975	 83.167431	 83.024148	 82.887921	 82.758539	 82.635785	 82.519444	 82.409296	  82.30512	 82.206697	 82.113806	 82.026229	 81.943747	 81.866147	 81.793217	 81.724746	  81.66053	 81.600367	 81.544062	 81.491421	 81.442258	 81.396392	 81.353646	  81.31385	 81.276839	 81.242455	 81.210544	 81.180959	  81.15356	 81.128212	 81.104786	 81.083159	 81.063214	 81.044839	 81.027928	 81.012381	 80.998103	 80.985004	    80.973	  80.96201	 80.951959	 80.942777	 80.934397	 80.926758	   80.9198	  80.91347	 80.907718	 80.902496	  80.89776	 80.893469	 80.889586	 80.886075	 80.882905	 80.880045	 80.877467	 80.875146	 80.873059	 80.871184	 80.869502	 80.867993	 80.866642	 80.865433	 80.864353	 80.863388	 80.862528	 80.861762	  80.86108	 80.860474	 80.859935	 80.859458	 80.859034	 80.858659	 80.858328	 80.858035	 80.857776	 80.857548	 80.857348	 80.857171	 80.857016	  80.85688	  80.85676	 80.856655	 80.856564	 80.856484	 80.856414	 80.856353	 80.856299	 80.856253	 80.856213	 80.856178	 80.856147	 80.856121	 80.856098	 80.856078	 80.856061	 80.856046	 80.856034	 80.856023	 80.856013	 80.856005	 80.855998	 80.855992	 80.855987	 80.855983	 80.855979	 80.855976	 80.855973	 80.855971	 80.855969	 80.855967	 80.855966	 80.855964	 80.855963	 80.855963	 80.855962	 80.855961	 80.855961	  80.85596	  80.85596	 80.855959	 80.855959	 80.855959	 80.855959	 80.855959	 80.855958	 80.855958	 80.855958	 80.855958	 80.855958	 80.855958	 80.855958	 80.855958	 80.855958	 80.855958	 80.855958	 80.855958	 80.855958	 80.855958	 80.855958	 80.855958	 80.855958	 80.855958	 80.855958	 80.855958	 80.855958	 80.855958	 80.855958	 80.855958	 80.855958	 80.855958	 80.855958	 80.855958	 80.855958	 80.855958	
        99	  98.48002	 97.960587	 97.442246	  96.92554	 96.411003	 95.899168	 95.390554	 94.885673	 94.385026	 93.889098	 93.398361	 92.913274	 92.434273	 91.961782	 91.496201	 91.037912	 90.587275	 90.144628	 89.710287	 89.284545	  88.86767	 88.459907	 88.061475	 87.672572	 87.293367	 86.924008	 86.564618	 86.215296	 85.876115	 85.547129	 85.228366	 84.919833	 84.621516	  84.33338	  84.05537	 83.787412	 83.529414	 83.281266	 83.042845	 82.814009	 82.594604	 82.384461	 82.183403	 81.991237	 81.807764	 81.632775	 81.466053	 81.307373	 81.156507	 81.013221	 80.877277	 80.748433	 80.626448	 80.511078	 80.402078	 80.299205	 80.202216	 80.110872	 80.024933	 79.944165	 79.868336	 79.797219	 79.730592	 79.668236	 79.609938	 79.555493	 79.504698	 79.457358	 79.413286	 79.372297	 79.334218	 79.298877	 79.266114	 79.235771	 79.207699	 79.181755	 79.157804	 79.135716	 79.115366	 79.096638	  79.07942	 79.063608	 79.049102	 79.035807	 79.023636	 79.012505	 79.002336	 78.993056	 78.984596	  78.97689	 78.969881	  78.96351	 78.957727	 78.952482	  78.94773	 78.943429	 78.939542	 78.936031	 78.932863	 78.930008	 78.927438	 78.925127	  78.92305	 78.921187	 78.919516	  78.91802	 78.916681	 78.915485	 78.914417	 78.913464	 78.912616	  78.91186	 78.911189	 78.910593	 78.910064	 78.909595	 78.909179	 78.908812	 78.908488	 78.908202	 78.907949	 78.907727	 78.907531	 78.907359	 78.907209	 78.907076	  78.90696	 78.906859	  78.90677	 78.906692	 78.906625	 78.906566	 78.906515	  78.90647	 78.906431	 78.906397	 78.906368	 78.906343	 78.906321	 78.906302	 78.906286	 78.906272	  78.90626	 78.906249	  78.90624	 78.906233	 78.906226	  78.90622	 78.906215	 78.906211	 78.906208	 78.906205	 78.906202	   78.9062	 78.906198	 78.906196	 78.906195	 78.906194	 78.906193	 78.906192	 78.906191	 78.906191	  78.90619	  78.90619	  78.90619	 78.906189	 78.906189	 78.906189	 78.906189	 78.906188	 78.906188	 78.906188	 78.906188	 78.906188	 78.906188	 78.906188	 78.906188	 78.906188	 78.906188	 78.906188	 78.906188	 78.906188	 78.906188	 78.906188	 78.906188	 78.906188	 78.906188	 78.906188	 78.906188	 78.906188	 78.906188	 78.906188	 78.906188	 78.906188	 78.906188	 78.906188	 78.906188	 78.906188	 78.906188	
        99	 98.430093	 97.860785	 97.292675	 96.726355	 96.162414	 95.601434	 95.043984	 94.490626	 93.941907	 93.398361	 92.860506	 92.328841	 91.803848	 91.285989	 90.775704	 90.273412	 89.779506	 89.294357	 88.818312	 88.351692	 87.894789	 87.447873	 87.011185	  86.58494	 86.169325	 85.764502	 85.370604	  84.98774	 84.615993	 84.255418	 83.906048	  83.56789	  83.24093	 82.925128	 82.620423	 82.326737	 82.043966	 81.771993	 81.510679	  81.25987	 81.019398	 80.789079	 80.568715	 80.358098	 80.157009	 79.965218	 79.782487	 79.608571	  79.44322	 79.286175	 79.137178	 78.995963	 78.862265	 78.735817	 78.616352	 78.503601	   78.3973	 78.297185	 78.202994	 78.114471	 78.031361	 77.953416	 77.880391	 77.812048	 77.748153	 77.688479	 77.632807	 77.580922	 77.532618	 77.487694	 77.445958	 77.407225	 77.371315	 77.338058	 77.307291	 77.278857	 77.252606	 77.228396	 77.206093	 77.185566	 77.166696	 77.149365	 77.133466	 77.118895	 77.105555	 77.093356	  77.08221	 77.072039	 77.062766	 77.054321	 77.046638	 77.039656	 77.033317	 77.027569	 77.022361	 77.017647	 77.013386	 77.009538	 77.006066	 77.002938	 77.000121	 76.997587	 76.995312	 76.993269	 76.991438	 76.989798	 76.988331	  76.98702	 76.985849	 76.984805	 76.983875	 76.983047	 76.982311	 76.981658	 76.981078	 76.980564	 76.980109	 76.979706	 76.979351	 76.979037	  76.97876	 76.978517	 76.978302	 76.978114	 76.977949	 76.977804	 76.977676	 76.977565	 76.977468	 76.977383	 76.977309	 76.977244	 76.977188	 76.977139	 76.977097	  76.97706	 76.977028	    76.977	 76.976976	 76.976955	 76.976937	 76.976922	 76.976909	 76.976897	 76.976887	 76.976879	 76.976872	 76.976865	  76.97686	 76.976856	 76.976852	 76.976848	 76.976845	 76.976843	 76.976841	 76.976839	 76.976838	 76.976836	 76.976835	 76.976835	 76.976834	 76.976833	 76.976833	 76.976832	 76.976832	 76.976831	 76.976831	 76.976831	 76.976831	 76.976831	  76.97683	  76.97683	  76.97683	  76.97683	  76.97683	  76.97683	  76.97683	  76.97683	  76.97683	  76.97683	  76.97683	  76.97683	  76.97683	  76.97683	  76.97683	  76.97683	  76.97683	  76.97683	  76.97683	  76.97683	  76.97683	  76.97683	  76.97683	  76.97683	  76.97683	  76.97683	  76.97683	  76.97683	  76.97683	
        99	  98.38074	 97.762132	 97.144825	 96.529463	 95.916687	 95.307126	 94.701403	 94.100125	 93.503889	 92.913274	 92.328841	 91.751136	  91.18068	 90.617975	 90.063501	 89.517711	 88.981034	 88.453873	 87.936604	 87.429575	 86.933106	 86.447488	 85.972984	 85.509827	 85.058221	 84.618341	 84.190332	 83.774314	 83.370373	 82.978574	 82.598949	 82.231508	 81.876234	 81.533084	 81.201993	 80.882874	 80.575616	  80.28009	 79.996147	 79.723619	 79.462323	 79.212058	 78.972612	 78.743756	 78.525253	 78.316853	 78.118298	 77.929322	 77.749651	 77.579008	 77.417107	 77.263664	 77.118388	  76.98099	 76.851179	 76.728664	 76.613158	 76.504373	 76.402025	 76.305836	  76.21553	 76.130835	 76.051486	 75.977224	 75.907796	 75.842955	 75.782462	 75.726084	 75.673596	 75.624782	 75.579432	 75.537344	 75.498325	 75.462189	 75.428757	  75.39786	 75.369336	  75.34303	 75.318795	 75.296491	 75.275986	 75.257155	 75.239879	 75.224046	 75.209551	 75.196295	 75.184185	 75.173133	 75.163057	  75.15388	 75.145532	 75.137945	 75.131058	 75.124811	 75.119152	 75.114031	 75.109401	 75.105219	 75.101447	 75.098047	 75.094986	 75.092234	 75.089761	 75.087541	 75.085552	  75.08377	 75.082175	 75.080751	 75.079479	 75.078344	 75.077334	 75.076434	 75.075634	 75.074924	 75.074294	 75.073736	 75.073241	 75.072804	 75.072418	 75.072077	 75.071776	 75.071511	 75.071279	 75.071074	 75.070894	 75.070736	 75.070598	 75.070477	 75.070372	 75.070279	 75.070199	 75.070129	 75.070068	 75.070014	 75.069968	 75.069928	 75.069893	 75.069863	 75.069837	 75.069815	 75.069795	 75.069778	 75.069764	 75.069752	 75.069741	 75.069732	 75.069724	 75.069717	 75.069711	 75.069706	 75.069702	 75.069698	 75.069695	 75.069693	 75.069691	 75.069689	 75.069687	 75.069686	 75.069685	 75.069684	 75.069683	 75.069682	 75.069681	 75.069681	 75.069681	  75.06968	  75.06968	  75.06968	 75.069679	 75.069679	 75.069679	 75.069679	 75.069679	 75.069679	 75.069679	 75.069679	 75.069679	 75.069679	 75.069679	 75.069678	 75.069678	 75.069678	 75.069678	 75.069678	 75.069678	 75.069678	 75.069678	 75.069678	 75.069678	 75.069678	 75.069678	 75.069678	 75.069678	 75.069678	 75.069678	 75.069678	 75.069678	 75.069678	 75.069678	
        99	 98.332007	 97.664717	  96.99883	 96.335042	 95.674043	 95.016512	 94.363121	 93.714525	 93.071368	 92.434273	 91.803848	  91.18068	 90.565332	 89.958345	 89.360235	 88.771494	 88.192582	 87.623936	  87.06596	  86.51903	 85.983491	 85.459657	 84.947812	 84.448206	  83.96106	 83.486563	 83.024873	 82.576115	 82.140386	 81.717754	 81.308254	 80.911897	 80.528664	  80.15851	 79.801363	 79.457131	 79.125693	 78.806911	 78.500622	 78.206648	 77.924788	 77.654829	 77.396539	 77.149673	 76.913975	 76.689175	 76.474994	 76.271147	 76.077337	 75.893264	 75.718623	 75.553104	 75.396396	 75.248185	 75.108158	 74.976002	 74.851406	  74.73406	 74.623658	 74.519899	 74.422486	 74.331126	 74.245532	 74.165426	 74.090535	 74.020591	 73.955337	 73.894523	 73.837905	 73.785249	  73.73633	  73.69093	  73.64884	  73.60986	 73.573797	 73.540469	   73.5097	 73.481324	 73.455182	 73.431123	 73.409004	 73.388691	 73.370055	 73.352977	 73.337341	 73.323042	 73.309978	 73.298056	 73.287188	 73.277289	 73.268284	   73.2601	  73.25267	 73.245932	 73.239828	 73.234303	 73.229309	 73.224799	 73.220729	 73.217062	  73.21376	 73.210791	 73.208124	  73.20573	 73.203583	 73.201661	 73.199941	 73.198405	 73.197032	 73.195809	 73.194719	 73.193748	 73.192886	  73.19212	  73.19144	 73.190838	 73.190304	 73.189833	 73.189416	 73.189048	 73.188724	 73.188438	 73.188187	 73.187966	 73.187772	 73.187602	 73.187453	 73.187323	 73.187209	 73.187109	 73.187022	 73.186947	 73.186881	 73.186823	 73.186773	  73.18673	 73.186693	  73.18666	 73.186632	 73.186608	 73.186587	 73.186569	 73.186553	  73.18654	 73.186528	 73.186518	  73.18651	 73.186503	 73.186496	 73.186491	 73.186486	 73.186483	 73.186479	 73.186476	 73.186474	 73.186472	  73.18647	 73.186469	 73.186467	 73.186466	 73.186466	 73.186465	 73.186464	 73.186464	 73.186463	 73.186463	 73.186462	 73.186462	 73.186462	 73.186462	 73.186462	 73.186461	 73.186461	 73.186461	 73.186461	 73.186461	 73.186461	 73.186461	 73.186461	 73.186461	 73.186461	 73.186461	 73.186461	 73.186461	 73.186461	 73.186461	 73.186461	 73.186461	 73.186461	 73.186461	 73.186461	 73.186461	 73.186461	 73.186461	 73.186461	 73.186461	 73.186461	 73.186461	 73.186461	
        99	 98.283936	 97.568626	 96.854819	 96.143263	 95.434696	 94.729847	 94.029436	 93.334165	 92.644724	 91.961782	 91.285989	 90.617975	 89.958345	 89.307677	 88.666526	 88.035416	 87.414845	 86.805277	 86.207147	 85.620858	  85.04678	 84.485249	 83.936569	 83.401011	 82.878808	 82.370165	 81.875249	 81.394197	 80.927112	 80.474066	 80.035098	 79.610217	 79.199405	 78.802613	 78.419766	 78.050761	 77.695472	 77.353749	 77.025419	 76.710289	 76.408146	  76.11876	 75.841882	 75.577251	 75.324591	 75.083613	  74.85402	 74.635503	 74.427746	 74.230426	 74.043217	 73.865787	 73.697802	 73.538925	 73.388821	 73.247155	 73.113592	 72.987802	 72.869455	  72.75823	 72.653806	 72.555871	 72.464119	 72.378248	 72.297967	  72.22299	  72.15304	 72.087849	 72.027157	 71.970712	 71.918272	 71.869605	 71.824486	 71.782701	 71.744043	 71.708317	 71.675333	 71.644915	 71.616892	 71.591101	 71.567391	 71.545616	 71.525639	 71.507331	 71.490571	 71.475243	 71.461239	 71.448459	 71.436808	 71.426197	 71.416544	 71.407771	 71.399807	 71.392584	  71.38604	 71.380118	 71.374764	 71.369929	 71.365567	 71.361636	 71.358097	 71.354914	 71.352054	 71.349488	 71.347187	 71.345127	 71.343283	 71.341636	 71.340165	 71.338853	 71.337685	 71.336645	  71.33572	 71.334899	  71.33417	 71.333524	 71.332953	 71.332447	    71.332	 71.331606	 71.331258	 71.330952	 71.330683	 71.330446	 71.330238	 71.330056	 71.329896	 71.329757	 71.329634	 71.329528	 71.329435	 71.329353	 71.329283	 71.329221	 71.329168	 71.329121	 71.329081	 71.329046	 71.329016	  71.32899	 71.328968	 71.328948	 71.328932	 71.328917	 71.328905	 71.328894	 71.328885	 71.328877	 71.328871	 71.328865	  71.32886	 71.328856	 71.328852	 71.328849	 71.328847	 71.328845	 71.328843	 71.328841	  71.32884	 71.328839	 71.328838	 71.328837	 71.328836	 71.328836	 71.328835	 71.328835	 71.328834	 71.328834	 71.328834	 71.328834	 71.328833	 71.328833	 71.328833	 71.328833	 71.328833	 71.328833	 71.328833	 71.328833	 71.328833	 71.328833	 71.328833	 71.328833	 71.328833	 71.328833	 71.328833	 71.328833	 71.328833	 71.328833	 71.328833	 71.328833	 71.328833	 71.328833	 71.328833	 71.328833	 71.328833	 71.328833	 71.328833	 71.328833	 71.328833	
        99	 98.236568	  97.47394	 96.712915	 95.954288	 95.198849	 94.447375	 93.700631	 92.959368	  92.22432	 91.496201	 90.775704	 90.063501	 89.360235	 88.666526	 87.982962	 87.310105	 86.648482	 85.998591	 85.360894	 84.735822	 84.123768	 83.525092	 82.940117	 82.369131	 81.812385	 81.270094	  80.74244	 80.229566	 79.731583	 79.248568	 78.780561	 78.327575	 77.889588	 77.466548	 77.058375	  76.66496	 76.286169	  75.92184	 75.571791	 75.235815	 74.913686	 74.605156	 74.309963	 74.027826	 73.758453	 73.501535	 73.256753	 73.023781	 72.802281	 72.591909	 72.392316	 72.203148	 72.024051	 71.854664	 71.694631	 71.543594	 71.401196	 71.267084	 71.140909	 71.022326	 70.910994	 70.806581	 70.708759	 70.617208	 70.531616	 70.451679	 70.377102	 70.307599	 70.242892	 70.182713	 70.126805	 70.074918	 70.026815	 69.982265	  69.94105	  69.90296	 69.867795	 69.835365	 69.805487	 69.777991	 69.752712	 69.729497	 69.708199	  69.68868	 69.670811	 69.654468	 69.639538	 69.625913	 69.613491	 69.602179	 69.591887	 69.582534	 69.574043	 69.566342	 69.559365	 69.553052	 69.547344	 69.542189	 69.537538	 69.533347	 69.529573	  69.52618	 69.523131	 69.520395	 69.517942	 69.515745	  69.51378	 69.512024	 69.510455	 69.509057	 69.507811	 69.506702	 69.505716	 69.504841	 69.504064	 69.503375	 69.502766	 69.502227	 69.501751	  69.50133	  69.50096	 69.500633	 69.500346	 69.500094	 69.499872	 69.499678	 69.499508	 69.499359	 69.499228	 69.499114	 69.499015	 69.498929	 69.498853	 69.498788	 69.498731	 69.498681	 69.498638	 69.498601	 69.498569	 69.498541	 69.498517	 69.498497	 69.498479	 69.498464	  69.49845	 69.498439	 69.498429	 69.498421	 69.498414	 69.498408	 69.498403	 69.498398	 69.498394	 69.498391	 69.498388	 69.498386	 69.498384	 69.498382	 69.498381	  69.49838	 69.498379	 69.498378	 69.498377	 69.498377	 69.498376	 69.498376	 69.498375	 69.498375	 69.498375	 69.498374	 69.498374	 69.498374	 69.498374	 69.498374	 69.498374	 69.498374	 69.498374	 69.498374	 69.498374	 69.498374	 69.498373	 69.498373	 69.498373	 69.498373	 69.498373	 69.498373	 69.498373	 69.498373	 69.498373	 69.498373	 69.498373	 69.498373	 69.498373	 69.498373	 69.498373	 69.498373	 69.498373	 69.498373	 69.498373	
        99	 98.189942	 97.380737	 96.573232	 95.768274	 94.966697	 94.169327	 93.376976	  92.59044	   91.8105	 91.037912	 90.273412	 89.517711	 88.771494	 88.035416	 87.310105	 86.596153	 85.894122	 85.204539	 84.527896	 83.864648	 83.215213	 82.579973	 81.959271	 81.353412	 80.762663	 80.187253	 79.627373	 79.083175	 78.554779	 78.042263	 77.545674	 77.065022	 76.600284	 76.151408	 75.718306	 75.300863	 74.898938	 74.512358	  74.14093	 73.784435	 73.442631	 73.115258	 72.802037	 72.502669	 72.216843	 71.944234	 71.684503	 71.437302	 71.202274	 70.979053	  70.76727	  70.56655	 70.376514	 70.196783	 70.026976	 69.866713	 69.715619	 69.573316	 69.439435	 69.313609	 69.195479	 69.084688	 68.980892	 68.883749	  68.79293	 68.708111	 68.628979	 68.555231	 68.486572	 68.422718	 68.363395	  68.30834	 68.257298	 68.210028	 68.166296	  68.12588	 68.088567	 68.054156	 68.022454	 67.993278	 67.966455	 67.941822	 67.919223	 67.898512	 67.879551	 67.862211	 67.846369	 67.831912	 67.818732	 67.806728	 67.795808	 67.785883	 67.776873	 67.768702	   67.7613	   67.7546	 67.748544	 67.743074	 67.738139	 67.733692	 67.729688	 67.726087	 67.722853	 67.719949	 67.717347	 67.715016	  67.71293	 67.711067	 67.709403	 67.707919	 67.706597	  67.70542	 67.704374	 67.703445	 67.702621	  67.70189	 67.701244	 67.700672	 67.700166	  67.69972	 67.699327	 67.698981	 67.698676	 67.698408	 67.698173	 67.697967	 67.697786	 67.697628	  67.69749	 67.697369	 67.697264	 67.697172	 67.697092	 67.697022	 67.696962	 67.696909	 67.696864	 67.696825	 67.696791	 67.696761	 67.696736	 67.696714	 67.696695	 67.696679	 67.696665	 67.696653	 67.696642	 67.696633	 67.696626	 67.696619	 67.696614	 67.696609	 67.696605	 67.696602	 67.696599	 67.696596	 67.696594	 67.696592	 67.696591	  67.69659	 67.696588	 67.696588	 67.696587	 67.696586	 67.696586	 67.696585	 67.696585	 67.696584	 67.696584	 67.696584	 67.696584	 67.696584	 67.696583	 67.696583	 67.696583	 67.696583	 67.696583	 67.696583	 67.696583	 67.696583	 67.696583	 67.696583	 67.696583	 67.696583	 67.696583	 67.696583	 67.696583	 67.696583	 67.696583	 67.696583	 67.696583	 67.696583	 67.696583	 67.696583	 67.696583	 67.696583	 67.696583	 67.696583	 67.696583	
        99	 98.144095	  97.28909	 96.435883	 95.585365	  94.73842	 93.895921	 93.058725	 92.227673	  91.40359	 90.587275	 89.779506	 88.981034	 88.192582	 87.414845	 86.648482	 85.894122	 85.152358	 84.423746	 83.708806	 83.008019	 82.321828	 81.650635	 80.994803	 80.354654	  79.73047	 79.122492	 78.530924	 77.955926	 77.397623	   76.8561	 76.331405	 75.823549	 75.332509	 74.858227	 74.400612	 73.959544	  73.53487	 73.126411	 72.733961	 72.357288	 71.996139	 71.650238	 71.319288	 71.002977	 70.700975	 70.412936	 70.138505	 69.877313	 69.628983	 69.393128	 69.169359	 68.957278	 68.756487	 68.566583	 68.387165	 68.217833	 68.058186	 67.907829	 67.766371	 67.633424	 67.508607	 67.391546	 67.281875	 67.179235	 67.083275	 66.993656	 66.910045	 66.832123	 66.759578	  66.69211	  66.62943	 66.571258	 66.517328	 66.467382	 66.421175	 66.378471	 66.339047	 66.302688	 66.269192	 66.238365	 66.210024	 66.183996	 66.160118	 66.138235	 66.118201	  66.09988	 66.083141	 66.067866	 66.053939	 66.041256	 66.029718	 66.019232	 66.009712	 66.001079	 65.993257	 65.986178	 65.979779	    65.974	 65.968786	 65.964087	 65.959856	 65.956052	 65.952634	 65.949566	 65.946816	 65.944353	  65.94215	 65.940181	 65.938423	 65.936855	 65.935458	 65.934215	 65.933109	 65.932128	 65.931257	 65.930485	 65.929802	 65.929197	 65.928663	 65.928192	 65.927777	 65.927411	 65.927089	 65.926806	 65.926557	  65.92634	 65.926149	 65.925982	 65.925835	 65.925708	 65.925597	   65.9255	 65.925415	 65.925342	 65.925278	 65.925222	 65.925174	 65.925133	 65.925097	 65.925066	 65.925039	 65.925015	 65.924995	 65.924978	 65.924964	 65.924951	  65.92494	 65.924931	 65.924923	 65.924916	  65.92491	 65.924905	 65.924901	 65.924897	 65.924894	 65.924891	 65.924889	 65.924887	 65.924886	 65.924884	 65.924883	 65.924882	 65.924881	 65.924881	  65.92488	  65.92488	 65.924879	 65.924879	 65.924879	 65.924878	 65.924878	 65.924878	 65.924878	 65.924878	 65.924878	 65.924877	 65.924877	 65.924877	 65.924877	 65.924877	 65.924877	 65.924877	 65.924877	 65.924877	 65.924877	 65.924877	 65.924877	 65.924877	 65.924877	 65.924877	 65.924877	 65.924877	 65.924877	 65.924877	 65.924877	 65.924877	 65.924877	 65.924877	 65.924877	
