Time step 8:
        99	        99	        99	        99	        99	        99	        99	        99	        99	        99	        99	        99	        99	        99	        99	        99	        99	        99	        99	        99	        99	        99	        99	        99	        99	        99	        99	        99	        99	        99	        99	        99	        99	        99	        99	        99	        99	        99	        99	        99	        99	        99	        99	        99	        99	        99	        99	        99	        99	        99	        99	        99	        99	        99	        99	        99	        99	        99	        99	        99	        99	        99	        99	        99	        99	        99	        99	        99	        99	        99	        99	        99	        99	        99	        99	        99	        99	        99	        99	        99	        99	        99	        99	        99	        99	        99	        99	        99	        99	        99	        99	        99	        99	        99	        99	        99	        99	        99	        99	        99	        99	        99	        99	        99	        99	        99	        99	        99	        99	        99	        99	        99	        99	        99	        99	        99	        99	        99	        99	        99	        99	        99	        99	        99	        99	        99	        99	        99	        99	        99	        99	        99	        99	        99	        99	        99	        99	        99	        99	        99	        99	        99	        99	        99	        99	        99	        99	        99	        99	        99	        99	        99	        99	        99	        99	        99	        99	        99	        99	        99	        99	        99	        99	        99	        99	        99	        99	        99	        99	        99	        99	        99	        99	        99	        99	        99	        99	        99	        99	        99	        99	        99	        99	        99	        99	        99	        99	        99	        99	        99	        99	        99	        99	        99	        99	        99	        99	        99	        99	        99	
        99	 98.920657	 98.841439	 98.762471	 98.683875	 98.605775	 98.528289	 98.451533	 98.375621	 98.300662	  98.22676	 98.154016	 98.082525	 98.012375	  97.94365	 97.876427	 97.810778	 97.746766	 97.684449	 97.623878	 97.565097	 97.508143	 97.453046	 97.399829	  97.34851	 97.299098	 97.251599	 97.206009	 97.162321	 97.120522	 97.080594	 97.042511	 97.006247	 96.971769	 96.939041	 96.908022	  96.87867	 96.850939	 96.824781	 96.800145	 96.776979	 96.755231	 96.734844	 96.715765	 96.697937	 96.681305	 96.665812	 96.651404	 96.638026	 96.625623	 96.614142	 96.603532	 96.593742	 96.584723	 96.576427	 96.568808	 96.561822	 96.555427	 96.549581	 96.544246	 96.539385	 96.534963	 96.530946	 96.527303	 96.524005	 96.521023	 96.518332	 96.515906	 96.513723	 96.511762	 96.510004	 96.508428	  96.50702	 96.505763	 96.504642	 96.503644	 96.502758	 96.501972	 96.501275	 96.500659	 96.500115	 96.499636	 96.499213	 96.498842	 96.498517	 96.498232	 96.497982	 96.497764	 96.497574	 96.497409	 96.497265	  96.49714	 96.497032	 96.496938	 96.496857	 96.496788	 96.496728	 96.496676	 96.496632	 96.496594	 96.496561	 96.496533	  96.49651	 96.496489	 96.496472	 96.496458	 96.496445	 96.496435	 96.496426	 96.496418	 96.496412	 96.496407	 96.496402	 96.496399	 96.496396	 96.496393	 96.496391	 96.496389	 96.496387	 96.496386	 96.496385	 96.496384	 96.496384	 96.496383	 96.496382	 96.496382	 96.496382	 96.496381	 96.496381	 96.496381	 96.496381	 96.496381	 96.496381	 96.496381	 96.496381	  96.49638	  96.49638	  96.49638	  96.49638	  96.49638	  96.49638	  96.49638	  96.49638	  96.49638	  96.49638	  96.49638	  96.49638	  96.49638	  96.49638	  96.49638	  96.49638	  96.49638	  96.49638	  96.49638	  96.49638	  96.49638	  96.49638	  96.49638	  96.49638	  96.49638	  96.49638	  96.49638	  96.49638	  96.49638	  96.49638	  96.49638	  96.49638	  96.49638	  96.49638	  96.49638	  96.49638	  96.49638	  96.49638	  96.49638	  96.49638	  96.49638	  96.49638	  96.49638	  96.49638	  96.49638	  96.49638	  96.49638	  96.49638	  96.49638	  96.49638	  96.49638	  96.49638	  96.49638	  96.49638	  96.49638	  96.49638	  96.49638	  96.49638	  96.49638	  96.49638	  96.49638	  96.49638	  96.49638	  96.49638	  96.49638	
        99	 98.841439	 98.683128	 98.525316	  98.36825	 98.212172	 98.057322	 97.903932	 97.752228	 97.602427	 97.454741	 97.309367	 97.166497	 97.026308	 96.888966	 96.754627	 96.623432	 96.495509	 96.370974	 96.249928	 96.132458	 96.018639	 95.908532	 95.802182	 95.699625	  95.60088	 95.505956	 95.414848	 95.327542	  95.24401	 95.164215	 95.088111	  95.01564	 94.946738	 94.881333	 94.819344	 94.760687	 94.705269	 94.652993	  94.60376	 94.557466	 94.514003	 94.473262	 94.435134	 94.399506	 94.366268	 94.335307	 94.306514	 94.279778	 94.254991	 94.232048	 94.210845	  94.19128	 94.173256	 94.156677	 94.141452	 94.127491	  94.11471	 94.103028	 94.092367	 94.082653	 94.073815	 94.065788	 94.058508	 94.051916	 94.045957	 94.040578	 94.035731	 94.031369	  94.02745	 94.023935	 94.020788	 94.017973	  94.01546	  94.01322	 94.011227	 94.009456	 94.007884	 94.006492	 94.005261	 94.004174	 94.003216	 94.002372	 94.001631	  94.00098	  94.00041	 93.999912	 93.999476	 93.999096	 93.998766	 93.998478	 93.998229	 93.998012	 93.997825	 93.997664	 93.997524	 93.997404	 93.997301	 93.997213	 93.997137	 93.997072	 93.997016	 93.996969	 93.996928	 93.996894	 93.996865	  93.99684	 93.996819	 93.996801	 93.996787	 93.996774	 93.996763	 93.996754	 93.996747	 93.996741	 93.996736	 93.996731	 93.996728	 93.996725	 93.996722	  93.99672	 93.996718	 93.996717	 93.996716	 93.996715	 93.996714	 93.996713	 93.996713	 93.996712	 93.996712	 93.996712	 93.996711	 93.996711	 93.996711	 93.996711	 93.996711	 93.996711	 93.996711	 93.996711	  93.99671	  93.99671	  93.99671	  93.99671	  93.99671	  93.99671	  93.99671	  93.99671	  93.99671	  93.99671	  93.99671	  93.99671	  93.99671	  93.99671	  93.99671	  93.99671	  93.99671	  93.99671	  93.99671	  93.99671	  93.99671	  93.99671	  93.99671	  93.99671	  93.99671	  93.99671	  93.99671	  93.99671	  93.99671	  93.99671	  93.99671	  93.99671	  93.99671	  93.99671	  93.99671	  93.99671	  93.99671	  93.99671	  93.99671	  93.99671	  93.99671	  93.99671	  93.99671	  93.99671	  93.99671	  93.99671	  93.99671	  93.99671	  93.99671	  93.99671	  93.99671	  93.99671	  93.99671	  93.99671	  93.99671	  93.99671	  93.99671	  93.99671	  93.99671	  93.99671	  93.99671	
        99	 98.762471	 98.525316	 98.288909	 98.053619	  97.81981	  97.58784	 97.358057	 97.130799	 96.906394	 96.685155	 96.467381	 96.253357	  96.04335	 95.837608	 95.636364	  95.43983	 95.248198	  95.06164	 94.880309	 94.704336	 94.533832	 94.368887	 94.209573	 94.055939	 93.908016	 93.765816	 93.629335	 93.498547	 93.373414	 93.253879	 93.139872	 93.031308	 92.928091	 92.830112	 92.737252	 92.649381	 92.566363	 92.488053	 92.414301	  92.34495	 92.279841	  92.21881	 92.161693	 92.108322	  92.05853	  92.01215	 91.969016	 91.928964	 91.891833	 91.857464	 91.825701	 91.796393	 91.769392	 91.744557	 91.721748	 91.700835	 91.681689	 91.664189	 91.648218	 91.633665	 91.620426	 91.608401	 91.597496	 91.587621	 91.578694	 91.570636	 91.563375	 91.556841	 91.550971	 91.545705	  91.54099	 91.536773	 91.533009	 91.529654	 91.526668	 91.524014	  91.52166	 91.519575	 91.517731	 91.516102	 91.514667	 91.513403	 91.512292	 91.511318	 91.510464	 91.509717	 91.509064	 91.508495	    91.508	 91.507569	 91.507196	 91.506872	 91.506592	  91.50635	 91.506141	 91.505961	 91.505806	 91.505674	  91.50556	 91.505462	 91.505379	 91.505308	 91.505248	 91.505196	 91.505153	 91.505116	 91.505084	 91.505058	 91.505035	 91.505016	 91.505001	 91.504987	 91.504976	 91.504967	 91.504959	 91.504952	 91.504947	 91.504942	 91.504939	 91.504936	 91.504933	 91.504931	 91.504929	 91.504928	 91.504926	 91.504925	 91.504925	 91.504924	 91.504923	 91.504923	 91.504923	 91.504922	 91.504922	 91.504922	 91.504922	 91.504922	 91.504922	 91.504921	 91.504921	 91.504921	 91.504921	 91.504921	 91.504921	 91.504921	 91.504921	 91.504921	 91.504921	 91.504921	 91.504921	 91.504921	 91.504921	 91.504921	 91.504921	 91.504921	 91.504921	 91.504921	 91.504921	 91.504921	 91.504921	 91.504921	 91.504921	 91.504921	 91.504921	 91.504921	 91.504921	 91.504921	 91.504921	 91.504921	 91.504921	 91.504921	 91.504921	 91.504921	 91.504921	 91.504921	 91.504921	 91.504921	 91.504921	 91.504921	 91.504921	 91.504921	 91.504921	 91.504921	 91.504921	 91.504921	 91.504921	 91.504921	 91.504921	 91.504921	 91.504921	 91.504921	 91.504921	 91.504921	 91.504921	 91.504921	 91.504921	 91.504921	 91.504921	 91.504921	 91.504921	
        99	 98.683875	  98.36825	 98.053619	 97.740475	 97.429302	 97.120576	 96.814761	 96.512308	  96.21365	 95.919206	 95.629374	 95.344532	 95.065036	 94.791218	 94.523385	  94.26182	  94.00678	 93.758493	 93.517162	 93.282962	  93.05604	 92.836518	 92.624489	 92.420019	 92.223151	   92.0339	 91.852258	 91.678195	 91.511657	 91.352569	 91.200839	 91.056353	 90.918983	 90.788584	 90.664998	 90.548052	 90.437564	 90.333343	 90.235187	 90.142889	 90.056236	 89.975012	 89.898995	 89.827964	 89.761696	  89.69997	 89.642564	  89.58926	 89.539843	 89.494101	 89.451828	 89.412822	 89.376887	 89.343834	 89.313479	 89.285646	 89.260164	 89.236874	 89.215618	 89.196251	 89.178631	 89.162627	 89.148113	 89.134971	  89.12309	 89.112366	 89.102702	 89.094006	 89.086193	 89.079186	  89.07291	 89.067298	 89.062288	 89.057823	 89.053849	 89.050317	 89.047184	 89.044409	 89.041955	 89.039788	 89.037877	 89.036195	 89.034717	  89.03342	 89.032283	 89.031289	 89.030421	 89.029664	 89.029004	 89.028431	 89.027934	 89.027503	  89.02713	 89.026808	  89.02653	  89.02629	 89.026085	 89.025908	 89.025757	 89.025627	 89.025516	 89.025422	 89.025341	 89.025273	 89.025215	 89.025165	 89.025124	 89.025088	 89.025059	 89.025034	 89.025012	 89.024995	  89.02498	 89.024967	 89.024957	 89.024948	 89.024941	 89.024935	  89.02493	 89.024926	 89.024922	  89.02492	 89.024917	 89.024915	 89.024914	 89.024912	 89.024911	  89.02491	  89.02491	 89.024909	 89.024909	 89.024908	 89.024908	 89.024908	 89.024907	 89.024907	 89.024907	 89.024907	 89.024907	 89.024907	 89.024907	 89.024907	 89.024907	 89.024907	 89.024907	 89.024907	 89.024907	 89.024907	 89.024907	 89.024907	 89.024907	 89.024907	 89.024907	 89.024907	 89.024907	 89.024907	 89.024907	 89.024907	 89.024907	 89.024907	 89.024907	 89.024907	 89.024907	 89.024907	 89.024907	 89.024907	 89.024907	 89.024907	 89.024907	 89.024907	 89.024907	 89.024907	 89.024907	 89.024907	 89.024907	 89.024907	 89.024907	 89.024907	 89.024907	 89.024907	 89.024907	 89.024907	 89.024907	 89.024907	 89.024907	 89.024907	 89.024907	 89.024907	 89.024907	 89.024907	 89.024907	 89.024907	 89.024907	 89.024907	 89.024907	 89.024907	 89.024907	 89.024907	 89.024907	
        99	 98.605775	 98.212172	  97.81981	 97.429302	 97.041253	 96.656255	 96.274886	  95.89771	 95.525267	 95.158079	 94.796643	 94.441429	 94.092882	 93.751415	 93.417413	 93.091227	 92.773177	  92.46355	 92.162597	 91.870536	 91.587553	 91.313796	 91.049384	 90.794399	 90.548893	 90.312887	  90.08637	 89.869303	 89.661621	  89.46323	 89.274013	 89.093832	 88.922524	 88.759909	 88.605789	 88.459951	 88.322167	 88.192197	 88.069792	 87.954691	 87.846631	 87.745339	 87.650542	 87.561962	 87.479323	 87.402346	 87.330758	 87.264285	 87.202659	 87.145617	   87.0929	 87.044257	 86.999445	 86.958225	 86.920371	 86.885661	 86.853885	  86.82484	 86.798333	 86.774181	 86.752208	  86.73225	  86.71415	 86.697762	 86.682946	 86.669572	  86.65752	 86.646675	 86.636933	 86.628194	 86.620368	  86.61337	 86.607122	 86.601553	 86.596597	 86.592194	 86.588287	 86.584826	 86.581765	 86.579062	  86.57668	 86.574582	 86.572739	 86.571121	 86.569704	 86.568464	 86.567382	 86.566437	 86.565615	 86.564901	  86.56428	 86.563743	 86.563278	 86.562876	 86.562529	 86.562231	 86.561974	 86.561754	 86.561565	 86.561403	 86.561265	 86.561147	 86.561047	 86.560962	 86.560889	 86.560828	 86.560776	 86.560732	 86.560695	 86.560663	 86.560637	 86.560615	 86.560596	 86.560581	 86.560568	 86.560557	 86.560548	 86.560541	 86.560534	 86.560529	 86.560525	 86.560521	 86.560518	 86.560516	 86.560514	 86.560512	 86.560511	  86.56051	 86.560509	 86.560508	 86.560508	 86.560507	 86.560507	 86.560506	 86.560506	 86.560506	 86.560506	 86.560506	 86.560506	 86.560505	 86.560505	 86.560505	 86.560505	 86.560505	 86.560505	 86.560505	 86.560505	 86.560505	 86.560505	 86.560505	 86.560505	 86.560505	 86.560505	 86.560505	 86.560505	 86.560505	 86.560505	 86.560505	 86.560505	 86.560505	 86.560505	 86.560505	 86.560505	 86.560505	 86.560505	 86.560505	 86.560505	 86.560505	 86.560505	 86.560505	 86.560505	 86.560505	 86.560505	 86.560505	 86.560505	 86.560505	 86.560505	 86.560505	 86.560505	 86.560505	 86.560505	 86.560505	 86.560505	 86.560505	 86.560505	 86.560505	 86.560505	 86.560505	 86.560505	 86.560505	 86.560505	 86.560505	 86.560505	 86.560505	 86.560505	 86.560505	 86.560505	 86.560505	 86.560505	
        99	 98.528289	 98.057322	  97.58784	 97.120576	 96.656255	 96.195584	 95.739256	 95.287944	 94.842297	 94.402937	 93.970459	 93.545427	 93.128372	 92.719789	 92.320137	 91.929838	 91.549275	 91.178789	 90.818683	 90.469217	 90.130612	 89.803048	 89.486664	 89.181561	   88.8878	 88.605406	 88.334366	 88.074635	 87.826131	 87.588746	 87.362339	 87.146742	 86.941763	 86.747186	 86.562773	  86.38827	 86.223404	 86.067888	 85.921423	   85.7837	 85.654399	 85.533198	 85.419768	 85.313778	 85.214896	 85.122789	  85.03713	 84.957592	 84.883853	 84.815599	  84.75252	 84.694317	 84.640696	 84.591375	  84.54608	 84.504548	 84.466526	 84.431772	 84.400055	 84.371156	 84.344864	 84.320984	 84.299326	 84.279716	 84.261988	 84.245986	 84.231565	 84.218589	 84.206931	 84.196475	  84.18711	 84.178737	 84.171261	 84.164598	 84.158668	 84.153399	 84.148724	 84.144583	  84.14092	 84.137686	 84.134835	 84.132326	  84.13012	 84.128184	 84.126489	 84.125005	  84.12371	  84.12258	 84.121596	 84.120741	 84.119999	 84.119356	 84.118799	 84.118318	 84.117904	 84.117547	 84.117239	 84.116976	  84.11675	 84.116556	 84.116391	  84.11625	  84.11613	 84.116028	 84.115941	 84.115868	 84.115805	 84.115753	 84.115708	 84.115671	  84.11564	 84.115613	 84.115591	 84.115572	 84.115557	 84.115544	 84.115533	 84.115524	 84.115517	  84.11551	 84.115505	 84.115501	 84.115497	 84.115495	 84.115492	  84.11549	 84.115489	 84.115487	 84.115486	 84.115485	 84.115485	 84.115484	 84.115484	 84.115483	 84.115483	 84.115483	 84.115482	 84.115482	 84.115482	 84.115482	 84.115482	 84.115482	 84.115482	 84.115482	 84.115482	 84.115482	 84.115482	 84.115482	 84.115482	 84.115482	 84.115482	 84.115482	 84.115482	 84.115482	 84.115482	 84.115482	 84.115482	 84.115482	 84.115482	 84.115482	 84.115482	 84.115482	 84.115482	 84.115482	 84.115482	 84.115482	 84.115482	 84.115482	 84.115482	 84.115482	 84.115482	 84.115482	 84.115482	 84.115482	 84.115482	 84.115482	 84.115482	 84.115482	 84.115482	 84.115482	 84.115482	 84.115482	 84.115482	 84.115482	 84.115482	 84.115482	 84.115482	 84.115482	 84.115482	 84.115482	 84.115482	 84.115482	 84.115482	 84.115482	 84.115482	 84.115482	 84.115482	 84.115482	 84.115482	
        99	 98.451533	 97.903932	 97.358057	 96.814761	 96.274886	 95.739256	 95.208676	 94.683928	 94.165766	 93.654914	 93.152065	 92.657873	 92.172955	 91.697888	 91.233207	   90.7794	 90.336912	 89.906141	 89.487439	 89.081109	 88.687408	 88.306543	 87.938678	  87.58393	 87.242369	 86.914024	 86.598881	 86.296887	 86.007948	 85.731936	 85.468688	  85.21801	 84.979677	 84.753439	 84.539019	 84.336122	 84.144429	 83.963608	 83.793311	 83.633177	 83.482837	 83.341915	 83.210028	 83.086791	 82.971819	 82.864725	 82.765127	 82.672647	 82.586909	 82.507549	 82.434206	 82.366532	 82.304187	  82.24684	 82.194175	 82.145885	 82.101676	 82.061267	 82.024389	 81.990787	 81.960218	 81.932451	  81.90727	 81.884469	 81.863856	  81.84525	 81.828483	 81.813395	 81.799841	 81.787683	 81.776795	 81.767059	 81.758367	 81.750619	 81.743724	 81.737597	 81.732162	 81.727347	 81.723089	 81.719329	 81.716014	 81.713095	 81.710531	  81.70828	 81.706309	 81.704584	 81.703077	 81.701764	  81.70062	 81.699626	 81.698763	 81.698015	 81.697368	 81.696809	 81.696327	 81.695912	 81.695554	 81.695248	 81.694985	  81.69476	 81.694568	 81.694404	 81.694265	 81.694146	 81.694045	  81.69396	 81.693887	 81.693826	 81.693774	 81.693731	 81.693694	 81.693663	 81.693638	 81.693616	 81.693598	 81.693583	  81.69357	  81.69356	 81.693551	 81.693544	 81.693538	 81.693533	 81.693529	 81.693526	 81.693523	 81.693521	 81.693519	 81.693517	 81.693516	 81.693515	 81.693514	 81.693513	 81.693513	 81.693512	 81.693512	 81.693512	 81.693512	 81.693511	 81.693511	 81.693511	 81.693511	 81.693511	 81.693511	 81.693511	 81.693511	 81.693511	 81.693511	 81.693511	 81.693511	 81.693511	 81.693511	 81.693511	 81.693511	 81.693511	 81.693511	 81.693511	 81.693511	 81.693511	 81.693511	 81.693511	 81.693511	 81.693511	 81.693511	 81.693511	 81.693511	 81.693511	 81.693511	 81.693511	 81.693511	 81.693511	 81.693511	 81.693511	 81.693511	 81.693511	 81.693511	 81.693511	 81.693511	 81.693511	 81.693511	 81.693511	 81.693511	 81.693511	 81.693511	 81.693511	 81.693511	 81.693511	 81.693511	 81.693511	 81.693511	 81.693511	 81.693511	 81.693511	 81.693511	 81.693511	 81.693511	 81.693511	 81.693511	 81.693511	 81.693511	
        99	 98.375621	 97.752228	 97.130799	 96.512308	  95.89771	 95.287944	 94.683928	  94.08655	 93.496671	 92.915113	 92.342666	 91.780074	  91.22804	  90.68722	 90.158223	 89.641605	 89.137874	 88.647481	 88.170828	 87.708259	 87.260066	 86.826487	 86.407706	 86.003858	 85.615022	 85.241232	 84.882471	 84.538678	 84.209748	 83.895534	 83.595851	 83.310477	 83.039157	 82.781605	 82.537509	 82.306528	 82.088304	 81.882456	 81.688588	  81.50629	 81.335142	 81.174715	 81.024574	  80.88428	 80.753395	 80.631479	 80.518096	 80.412815	 80.315211	 80.224867	 80.141373	 80.064333	 79.993358	 79.928074	  79.86812	 79.813146	 79.762818	 79.716816	 79.674834	 79.636581	 79.601781	 79.570171	 79.541505	 79.515548	 79.492082	 79.470901	 79.451813	 79.434637	 79.419207	 79.405366	 79.392971	 79.381887	 79.371992	 79.363172	 79.355323	 79.348348	  79.34216	 79.336679	 79.331831	 79.327551	 79.323777	 79.320455	 79.317535	 79.314973	 79.312729	 79.310765	  79.30905	 79.307555	 79.306253	 79.305121	 79.304139	 79.303287	 79.302551	 79.301914	 79.301365	 79.300893	 79.300486	 79.300137	 79.299838	 79.299582	 79.299363	 79.299177	 79.299018	 79.298883	 79.298768	 79.298671	 79.298588	 79.298518	  79.29846	  79.29841	 79.298368	 79.298333	 79.298304	  79.29828	 79.298259	 79.298242	 79.298227	 79.298216	 79.298206	 79.298198	 79.298191	 79.298185	  79.29818	 79.298177	 79.298173	 79.298171	 79.298169	 79.298167	 79.298166	 79.298164	 79.298163	 79.298163	 79.298162	 79.298162	 79.298161	 79.298161	 79.298161	  79.29816	  79.29816	  79.29816	  79.29816	  79.29816	  79.29816	  79.29816	  79.29816	  79.29816	  79.29816	  79.29816	  79.29816	  79.29816	 79.298159	 79.298159	 79.298159	 79.298159	 79.298159	 79.298159	 79.298159	 79.298159	 79.298159	 79.298159	 79.298159	 79.298159	 79.298159	 79.298159	 79.298159	 79.298159	 79.298159	 79.298159	 79.298159	 79.298159	 79.298159	 79.298159	 79.298159	 79.298159	 79.298159	 79.298159	 79.298159	 79.298159	 79.298159	 79.298159	 79.298159	 79.298159	 79.298159	 79.298159	 79.298159	 79.298159	 79.298159	 79.298159	 79.298159	 79.298159	 79.298159	 79.298159	 79.298159	 79.298159	 79.298159	 79.298159	 79.298159	 79.298159	 79.298159	
        99	 98.300662	 97.602427	 96.906394	  96.21365	 95.525267	 94.842297	 94.165766	 93.496671	 92.835973	 92.184598	 91.543425	 90.913292	 90.294984	 89.689237	 89.096731	 88.518092	 87.953885	 87.404619	 86.870741	 86.352639	 85.850638	 85.365006	  84.89595	 84.443618	 84.008101	 83.589436	 83.187604	 82.802537	 82.434118	 82.082181	 81.746519	 81.426885	 81.122992	  80.83452	 80.561119	 80.302409	 80.057986	 79.827425	 79.610282	 79.406099	 79.214404	 79.034717	  78.86655	 78.709414	 78.562815	 78.426263	 78.299268	 78.181348	 78.072026	 77.970835	 77.877318	 77.791028	 77.711533	 77.638411	 77.571259	 77.509685	 77.453315	 77.401791	 77.354769	 77.311924	 77.272945	 77.237541	 77.205433	  77.17636	 77.150077	 77.126353	 77.104973	 77.085735	 77.068452	  77.05295	 77.039066	 77.026652	 77.015569	 77.005691	 76.996899	 76.989087	 76.982156	 76.976017	 76.970587	 76.965793	 76.961566	 76.957845	 76.954575	 76.951705	 76.949191	 76.946992	 76.945071	 76.943396	 76.941938	  76.94067	  76.93957	 76.938616	 76.937791	 76.937078	 76.936464	 76.935934	 76.935479	 76.935088	 76.934753	 76.934466	 76.934221	 76.934012	 76.933834	 76.933683	 76.933554	 76.933445	 76.933353	 76.933275	 76.933209	 76.933153	 76.933107	 76.933068	 76.933035	 76.933007	 76.932984	 76.932965	 76.932949	 76.932936	 76.932925	 76.932915	 76.932908	 76.932901	 76.932896	 76.932892	 76.932888	 76.932886	 76.932883	 76.932881	  76.93288	 76.932878	 76.932877	 76.932876	 76.932876	 76.932875	 76.932875	 76.932874	 76.932874	 76.932874	 76.932874	 76.932873	 76.932873	 76.932873	 76.932873	 76.932873	 76.932873	 76.932873	 76.932873	 76.932873	 76.932873	 76.932873	 76.932873	 76.932873	 76.932873	 76.932873	 76.932873	 76.932873	 76.932873	 76.932873	 76.932873	 76.932873	 76.932873	 76.932873	 76.932873	 76.932873	 76.932873	 76.932873	 76.932873	 76.932873	 76.932873	 76.932873	 76.932873	 76.932873	 76.932873	 76.932873	 76.932873	 76.932873	 76.932873	 76.932873	 76.932873	 76.932873	 76.932873	 76.932873	 76.932873	 76.932873	 76.932873	 76.932873	 76.932873	 76.932873	 76.932873	 76.932873	 76.932873	 76.932873	 76.932873	 76.932873	 76.932873	 76.932873	 76.932873	 76.932873	 76.932873	
        99	  98.22676	 97.454741	 96.685155	 95.919206	 95.158079	 94.402937	 93.654914	 92.915113	 92.184598	 91.464389	 90.755461	 90.058739	 89.375093	 88.705334	 88.050216	  87.41043	 86.786601	 86.179292	 85.588998	 85.016145	 84.461096	 83.924146	 83.405523	 82.905391	 82.423851	 81.960944	 81.516649	 81.090891	 80.683539	 80.294412	  79.92328	 79.569869	 79.233862	 78.914907	 78.612614	 78.326565	 78.056313	 77.801387	 77.561298	 77.335538	 77.123586	 76.924911	 76.738974	 76.565233	 76.403142	 76.252159	 76.111745	 75.981363	 75.860489	 75.748605	 75.645206	 75.549797	 75.461901	 75.381053	 75.306804	 75.238724	 75.176397	 75.119428	 75.067437	 75.020064	 74.976967	 74.937821	  74.90232	 74.870175	 74.841114	 74.814883	 74.791244	 74.769973	 74.750864	 74.733723	 74.718373	 74.704647	 74.692393	  74.68147	 74.671749	 74.663112	 74.655449	 74.648661	 74.642657	 74.637356	 74.632683	 74.628569	 74.624953	  74.62178	    74.619	 74.616569	 74.614445	 74.612593	 74.610981	 74.609579	 74.608362	 74.607308	 74.606396	 74.605608	 74.604928	 74.604342	 74.603839	 74.603407	 74.603036	 74.602719	 74.602449	 74.602217	 74.602021	 74.601853	 74.601711	  74.60159	 74.601488	 74.601402	 74.601329	 74.601268	 74.601216	 74.601173	 74.601137	 74.601106	 74.601081	 74.601059	 74.601042	 74.601027	 74.601015	 74.601005	 74.600996	 74.600989	 74.600983	 74.600979	 74.600975	 74.600972	 74.600969	 74.600967	 74.600965	 74.600964	 74.600962	 74.600962	 74.600961	  74.60096	  74.60096	 74.600959	 74.600959	 74.600959	 74.600958	 74.600958	 74.600958	 74.600958	 74.600958	 74.600958	 74.600958	 74.600958	 74.600958	 74.600958	 74.600958	 74.600958	 74.600958	 74.600958	 74.600958	 74.600958	 74.600958	 74.600958	 74.600957	 74.600957	 74.600957	 74.600957	 74.600957	 74.600957	 74.600957	 74.600957	 74.600957	 74.600957	 74.600957	 74.600957	 74.600957	 74.600957	 74.600957	 74.600957	 74.600957	 74.600957	 74.600957	 74.600957	 74.600957	 74.600957	 74.600957	 74.600957	 74.600957	 74.600957	 74.600957	 74.600957	 74.600957	 74.600957	 74.600957	 74.600957	 74.600957	 74.600957	 74.600957	 74.600957	 74.600957	 74.600957	 74.600957	 74.600957	 74.600957	 74.600957	 74.600957	
        99	 98.154016	 97.309367	 96.467381	 95.629374	 94.796643	 93.970459	 93.152065	 92.342666	 91.543425	 90.755461	  89.97984	 89.217573	  88.46961	 87.736843	 87.020094	 86.320118	 85.637602	 84.973159	 84.327331	 83.700586	  83.09332	 82.505855	 81.938441	 81.391259	 80.864417	 80.357961	 79.871869	 79.406057	 78.960382	 78.534647	   78.1286	 77.741941	 77.374324	 77.025362	  76.69463	 76.381671	 76.085994	 75.807086	  75.54441	 75.297411	  75.06552	 74.848154	 74.644724	 74.454638	 74.277298	 74.112111	 73.958487	  73.81584	 73.683594	 73.561184	 73.448057	 73.343673	 73.247508	 73.159054	  73.07782	 73.003335	 72.935145	 72.872816	 72.815934	 72.764104	 72.716953	 72.674124	 72.635283	 72.600114	 72.568319	 72.539621	 72.513757	 72.490486	 72.469579	 72.450826	 72.434031	 72.419014	 72.405607	 72.393657	 72.383021	 72.373571	 72.365187	  72.35776	 72.351192	 72.345392	 72.340279	 72.335778	 72.331822	 72.328351	  72.32531	 72.322649	 72.320326	   72.3183	 72.316535	 72.315002	 72.313671	 72.312517	 72.311519	 72.310657	 72.309913	 72.309273	 72.308722	 72.308249	 72.307844	 72.307497	 72.307201	 72.306948	 72.306733	 72.306549	 72.306394	 72.306262	  72.30615	 72.306056	 72.305976	 72.305909	 72.305853	 72.305805	 72.305765	 72.305732	 72.305704	 72.305681	 72.305662	 72.305645	 72.305632	 72.305621	 72.305612	 72.305604	 72.305598	 72.305593	 72.305588	 72.305585	 72.305582	  72.30558	 72.305578	 72.305576	 72.305575	 72.305574	 72.305573	 72.305572	 72.305572	 72.305571	 72.305571	 72.305571	  72.30557	  72.30557	  72.30557	  72.30557	  72.30557	  72.30557	  72.30557	  72.30557	  72.30557	  72.30557	  72.30557	 72.305569	 72.305569	 72.305569	 72.305569	 72.305569	 72.305569	 72.305569	 72.305569	 72.305569	 72.305569	 72.305569	 72.305569	 72.305569	 72.305569	 72.305569	 72.305569	 72.305569	 72.305569	 72.305569	 72.305569	 72.305569	 72.305569	 72.305569	 72.305569	 72.305569	 72.305569	 72.305569	 72.305569	 72.305569	 72.305569	 72.305569	 72.305569	 72.305569	 72.305569	 72.305569	 72.305569	 72.305569	 72.305569	 72.305569	 72.305569	 72.305569	 72.305569	 72.305569	 72.305569	 72.305569	 72.305569	 72.305569	 72.305569	 72.305569	 72.305569	
        99	 98.082525	 97.166497	 96.253357	 95.344532	 94.441429	 93.545427	 92.657873	 91.780074	 90.913292	 90.058739	 89.217573	 88.390888	 87.579718	 86.785026	 86.007706	 85.248578	 84.508384	 83.787791	 83.087386	 82.407677	 81.749093	 81.111983	 80.496619	 79.903195	 79.331832	 78.782577	 78.255406	 77.750229	 77.266892	 76.805179	 76.364819	 75.945484	 75.546801	 75.168349	 74.809668	 74.470261	 74.149598	  73.84712	 73.562246	 73.294374	 73.042886	 72.807151	  72.58653	  72.38038	 72.188054	 72.008908	 71.842301	 71.687599	 71.544178	 71.411424	 71.288737	 71.175531	  71.07124	  70.97531	 70.887212	 70.806432	 70.732479	 70.664883	 70.603194	 70.546985	 70.495848	   70.4494	 70.407277	 70.369136	 70.334655	 70.303531	 70.275482	 70.250243	  70.22757	 70.207232	 70.189018	 70.172732	 70.158192	 70.145232	 70.133697	 70.123449	 70.114356	 70.106302	 70.099179	 70.092889	 70.087343	 70.082462	 70.078172	 70.074407	 70.071109	 70.068224	 70.065704	 70.063506	 70.061593	  70.05993	 70.058486	 70.057235	 70.056153	 70.055218	 70.054411	 70.053717	 70.053119	 70.052607	 70.052167	 70.051791	  70.05147	 70.051195	 70.050962	 70.050763	 70.050594	 70.050451	  70.05033	 70.050228	 70.050142	 70.050069	 70.050008	 70.049956	 70.049913	 70.049877	 70.049847	 70.049821	   70.0498	 70.049783	 70.049768	 70.049756	 70.049746	 70.049738	 70.049731	 70.049726	 70.049721	 70.049717	 70.049714	 70.049712	 70.049709	 70.049708	 70.049706	 70.049705	 70.049704	 70.049704	 70.049703	 70.049702	 70.049702	 70.049702	 70.049701	 70.049701	 70.049701	 70.049701	 70.049701	 70.049701	 70.049701	 70.049701	 70.049701	 70.049701	 70.049701	   70.0497	   70.0497	   70.0497	   70.0497	   70.0497	   70.0497	   70.0497	   70.0497	   70.0497	   70.0497	   70.0497	   70.0497	   70.0497	   70.0497	   70.0497	   70.0497	   70.0497	   70.0497	   70.0497	   70.0497	   70.0497	   70.0497	   70.0497	   70.0497	   70.0497	   70.0497	   70.0497	   70.0497	   70.0497	   70.0497	   70.0497	   70.0497	   70.0497	   70.0497	   70.0497	   70.0497	   70.0497	   70.0497	   70.0497	   70.0497	   70.0497	   70.0497	   70.0497	   70.0497	   70.0497	   70.0497	   70.0497	   70.0497	   70.0497	   70.0497	
        99	 98.012375	 97.026308	  96.04335	 95.065036	 94.092882	 93.128372	 92.172955	  91.22804	 90.294984	 89.375093	  88.46961	 87.579718	 86.706526	 85.851072	 85.014318	 84.197147	 83.400358	 82.624669	 81.870711	 81.139032	 80.430093	 79.744269	 79.081854	 78.443058	 77.828008	 77.236757	 76.669279	 76.125477	 75.605184	 75.108169	 74.634138	 74.182741	 73.753574	 73.346186	 72.960081	 72.594723	 72.249542	 71.923937	 71.617282	 71.328928	 71.058211	 70.804452	 70.566963	  70.34505	 70.138019	 69.945175	  69.76583	 69.599299	 69.444912	 69.302008	  69.16994	 69.048079	 68.935813	 68.832549	 68.737714	 68.650758	 68.571151	 68.498387	 68.431981	 68.371474	 68.316428	 68.266428	 68.221084	 68.180027	 68.142909	 68.109405	 68.079212	 68.052044	 68.027636	 68.005743	 67.986137	 67.968605	 67.952954	 67.939003	 67.926587	 67.915554	 67.905766	 67.897096	 67.889428	 67.882658	 67.876688	 67.871434	 67.866815	 67.862763	 67.859213	 67.856107	 67.853394	 67.851029	 67.848969	 67.847179	 67.845625	 67.844278	 67.843113	 67.842106	 67.841238	  67.84049	 67.839848	 67.839296	 67.838823	 67.838418	 67.838072	 67.837776	 67.837525	 67.837311	 67.837129	 67.836975	 67.836845	 67.836735	 67.836642	 67.836564	 67.836498	 67.836442	 67.836396	 67.836357	 67.836325	 67.836297	 67.836275	 67.836256	  67.83624	 67.836227	 67.836217	 67.836208	   67.8362	 67.836194	 67.836189	 67.836185	 67.836182	 67.836179	 67.836177	 67.836175	 67.836173	 67.836172	 67.836171	  67.83617	  67.83617	 67.836169	 67.836169	 67.836169	 67.836168	 67.836168	 67.836168	 67.836168	 67.836168	 67.836167	 67.836167	 67.836167	 67.836167	 67.836167	 67.836167	 67.836167	 67.836167	 67.836167	 67.836167	 67.836167	 67.836167	 67.836167	 67.836167	 67.836167	 67.836167	 67.836167	 67.836167	 67.836167	 67.836167	 67.836167	 67.836167	 67.836167	 67.836167	 67.836167	 67.836167	 67.836167	 67.836167	 67.836167	 67.836167	 67.836167	 67.836167	 67.836167	 67.836167	 67.836167	 67.836167	 67.836167	 67.836167	 67.836167	 67.836167	 67.836167	 67.836167	 67.836167	 67.836167	 67.836167	 67.836167	 67.836167	 67.836167	 67.836167	 67.836167	 67.836167	 67.836167	 67.836167	 67.836167	 67.836167	 67.836167	
        99	  97.94365	 96.888966	 95.837608	 94.791218	 93.751415	 92.719789	 91.697888	  90.68722	 89.689237	 88.705334	 87.736843	 86.785026	 85.851072	 84.936091	 84.041111	 83.167076	 82.314842	 81.485176	 80.678753	 79.896159	 79.137887	  78.40434	  77.69583	 77.012582	 76.354734	  75.72234	 75.115374	  74.53373	 73.977232	 73.445632	 72.938615	 72.455807	 71.996777	  71.56104	 71.148067	 70.757285	 70.388084	 70.039822	 69.711828	 69.403409	 69.113854	 68.842437	 68.588421	 68.351067	 68.129629	 67.923367	 67.731541	 67.553422	 67.388292	 67.235443	 67.094186	 66.963845	 66.843767	 66.733317	 66.631883	 66.538876	  66.45373	 66.375902	 66.304875	 66.240157	 66.181281	 66.127802	 66.079303	 66.035388	 65.995688	 65.959853	 65.927558	 65.898499	 65.872394	 65.848977	 65.828006	 65.809255	 65.792514	 65.777592	 65.764312	 65.752512	 65.742043	  65.73277	 65.724568	 65.717327	 65.710942	 65.705322	 65.700382	 65.696048	  65.69225	 65.688928	 65.686027	 65.683497	 65.681294	 65.679379	 65.677717	 65.676276	  65.67503	 65.673954	 65.673025	 65.672225	 65.671538	 65.670947	 65.670441	 65.670008	 65.669638	 65.669322	 65.669053	 65.668825	  65.66863	 65.668466	 65.668326	 65.668208	 65.668109	 65.668025	 65.667955	 65.667895	 65.667846	 65.667804	 65.667769	  65.66774	 65.667716	 65.667696	 65.667679	 65.667665	 65.667654	 65.667644	 65.667636	  65.66763	 65.667625	  65.66762	 65.667617	 65.667614	 65.667611	 65.667609	 65.667608	 65.667606	 65.667605	 65.667605	 65.667604	 65.667603	 65.667603	 65.667602	 65.667602	 65.667602	 65.667602	 65.667602	 65.667601	 65.667601	 65.667601	 65.667601	 65.667601	 65.667601	 65.667601	 65.667601	 65.667601	 65.667601	 65.667601	 65.667601	 65.667601	 65.667601	 65.667601	 65.667601	 65.667601	 65.667601	 65.667601	 65.667601	 65.667601	 65.667601	 65.667601	 65.667601	 65.667601	 65.667601	 65.667601	 65.667601	 65.667601	 65.667601	 65.667601	 65.667601	 65.667601	 65.667601	 65.667601	 65.667601	 65.667601	 65.667601	 65.667601	 65.667601	 65.667601	 65.667601	 65.667601	 65.667601	 65.667601	 65.667601	 65.667601	 65.667601	 65.667601	 65.667601	 65.667601	 65.667601	 65.667601	 65.667601	 65.667601	 65.667601	 65.667601	
        99	 97.876427	 96.754627	 95.636364	 94.523385	 93.417413	 92.320137	 91.233207	 90.158223	 89.096731	 88.050216	 87.020094	 86.007706	 85.014318	 84.041111	 83.089178	 82.159522	 81.253055	 80.370591	  79.51285	 78.680455	 77.873929	 77.093702	 76.340105	 75.613377	 74.913666	 74.241028	 73.595436	 72.976779	 72.384868	 71.819438	 71.280156	 70.766624	 70.278383	 69.814917	 69.375664	 68.960014	 68.567319	 68.196894	 67.848027	 67.519982	    67.212	 66.923311	 66.653131	 66.400672	 66.165143	 65.945754	 65.741721	 65.552268	 65.376629	 65.214054	 65.063807	 64.925172	 64.797452	 64.679974	 64.572085	  64.47316	 64.382595	 64.299814	 64.224268	 64.155431	 64.092808	 64.035926	 63.984341	 63.937632	 63.895404	 63.857289	 63.822939	 63.792031	 63.764264	 63.739358	 63.717052	 63.697108	 63.679302	  63.66343	 63.649305	 63.636754	 63.625619	 63.615755	 63.607032	 63.599329	 63.592538	  63.58656	 63.581307	 63.576696	 63.572657	 63.569124	 63.566038	 63.563347	 63.561004	 63.558967	 63.557199	 63.555667	 63.554341	 63.553196	 63.552208	 63.551358	 63.550626	 63.549998	  63.54946	    63.549	 63.548606	  63.54827	 63.547984	 63.547741	 63.547534	 63.547359	 63.547211	 63.547085	  63.54698	  63.54689	 63.546815	 63.546752	   63.5467	 63.546655	 63.546618	 63.546588	 63.546562	  63.54654	 63.546523	 63.546508	 63.546496	 63.546485	 63.546477	  63.54647	 63.546465	  63.54646	 63.546456	 63.546453	  63.54645	 63.546448	 63.546447	 63.546445	 63.546444	 63.546443	 63.546442	 63.546442	 63.546441	 63.546441	 63.546441	  63.54644	  63.54644	  63.54644	  63.54644	  63.54644	  63.54644	  63.54644	  63.54644	  63.54644	 63.546439	 63.546439	 63.546439	 63.546439	 63.546439	 63.546439	 63.546439	 63.546439	 63.546439	 63.546439	 63.546439	 63.546439	 63.546439	 63.546439	 63.546439	 63.546439	 63.546439	 63.546439	 63.546439	 63.546439	 63.546439	 63.546439	 63.546439	 63.546439	 63.546439	 63.546439	 63.546439	 63.546439	 63.546439	 63.546439	 63.546439	 63.546439	 63.546439	 63.546439	 63.546439	 63.546439	 63.546439	 63.546439	 63.546439	 63.546439	 63.546439	 63.546439	 63.546439	 63.546439	 63.546439	 63.546439	 63.546439	 63.546439	 63.546439	 63.546439	 63.546439	
        99	 97.810778	 96.623432	  95.43983	  94.26182	 93.091227	 91.929838	   90.7794	 89.641605	 88.518092	  87.41043	 86.320118	 85.248578	 84.197147	 83.167076	 82.159522	 81.175548	 80.216116	 79.282091	 78.374233	 77.493201	 76.639551	 75.813735	 75.016107	 74.246917	 73.506322	 72.794383	  72.11107	 71.456265	 70.829769	 70.231301	  69.66051	 69.116972	 68.600203	 68.109658	  67.64474	 67.204804	 66.789163	 66.397095	 66.027844	 65.680632	 65.354655	 65.049098	 64.763131	 64.495922	 64.246631	 64.014423	 63.798469	 63.597946	 63.412045	  63.23997	 63.080945	 62.934209	 62.799027	 62.674685	 62.560492	 62.455786	  62.35993	 62.272312	 62.192352	 62.119493	 62.053211	 61.993006	 61.938406	 61.888968	 61.844273	 61.803931	 61.767574	  61.73486	 61.705471	 61.679109	   61.6555	  61.63439	 61.615544	 61.598745	 61.583795	  61.57051	 61.558724	 61.548285	 61.539052	 61.530899	 61.523711	 61.517384	 61.511823	 61.506943	 61.502668	 61.498928	 61.495662	 61.492814	 61.490334	 61.488178	 61.486307	 61.484685	 61.483282	  61.48207	 61.481025	 61.480124	  61.47935	 61.478686	 61.478116	 61.477628	 61.477212	 61.476856	 61.476553	 61.476296	 61.476077	 61.475892	 61.475735	 61.475602	  61.47549	 61.475396	 61.475316	  61.47525	 61.475194	 61.475147	 61.475108	 61.475075	 61.475048	 61.475025	 61.475007	 61.474991	 61.474978	 61.474967	 61.474958	 61.474951	 61.474945	  61.47494	 61.474936	 61.474933	  61.47493	 61.474928	 61.474926	 61.474925	 61.474923	 61.474922	 61.474922	 61.474921	 61.474921	  61.47492	  61.47492	 61.474919	 61.474919	 61.474919	 61.474919	 61.474919	 61.474919	 61.474919	 61.474919	 61.474919	 61.474919	 61.474919	 61.474919	 61.474918	 61.474918	 61.474918	 61.474918	 61.474918	 61.474918	 61.474918	 61.474918	 61.474918	 61.474918	 61.474918	 61.474918	 61.474918	 61.474918	 61.474918	 61.474918	 61.474918	 61.474918	 61.474918	 61.474918	 61.474918	 61.474918	 61.474918	 61.474918	 61.474918	 61.474918	 61.474918	 61.474918	 61.474918	 61.474918	 61.474918	 61.474918	 61.474918	 61.474918	 61.474918	 61.474918	 61.474918	 61.474918	 61.474918	 61.474918	 61.474918	 61.474918	 61.474918	 61.474918	 61.474918	 61.474918	 61.474918	 61.474918	
        99	 97.746766	 96.495509	 95.248198	  94.00678	 92.773177	 91.549275	 90.336912	 89.137874	 87.953885	 86.786601	 85.637602	 84.508384	 83.400358	 82.314842	 81.253055	 80.216116	 79.205042	 78.220741	 77.264016	 76.335561	 75.435962	 74.565695	 73.725133	  72.91454	 72.134081	 71.383821	 70.663727	 69.973677	 69.313458	 68.682777	 68.081262	 67.508468	 66.963882	 66.446933	  65.95699	 65.493373	  65.05536	 64.642188	 64.253062	  63.88716	 63.543637	 63.221633	 62.920274	 62.638681	 62.375971	 62.131265	 61.903687	  61.69237	 61.496463	 61.315126	  61.14754	 60.992907	 60.850448	 60.719413	 60.599074	 60.488732	 60.387715	 60.295382	 60.211117	 60.134337	 60.064487	 60.001041	 59.943502	 59.891403	 59.844303	 59.801789	 59.763475	 59.729001	 59.698029	 59.670249	 59.645369	 59.623123	 59.603262	 59.585559	 59.569804	 59.555804	 59.543384	 59.532382	 59.522652	 59.514061	 59.506486	 59.499818	 59.493958	 59.488816	  59.48431	 59.480369	 59.476927	 59.473925	 59.471312	  59.46904	 59.467068	 59.465359	 59.463881	 59.462604	 59.461502	 59.460553	 59.459737	 59.459037	 59.458437	 59.457923	 59.457484	 59.457109	  59.45679	 59.456519	 59.456288	 59.456093	 59.455927	 59.455788	  59.45567	  59.45557	 59.455487	 59.455416	 59.455357	 59.455308	 59.455267	 59.455232	 59.455204	  59.45518	  59.45516	 59.455143	  59.45513	 59.455119	 59.455109	 59.455102	 59.455095	  59.45509	 59.455086	 59.455082	 59.455079	 59.455077	 59.455075	 59.455074	 59.455072	 59.455071	  59.45507	  59.45507	 59.455069	 59.455069	 59.455068	 59.455068	 59.455068	 59.455068	 59.455068	 59.455068	 59.455067	 59.455067	 59.455067	 59.455067	 59.455067	 59.455067	 59.455067	 59.455067	 59.455067	 59.455067	 59.455067	 59.455067	 59.455067	 59.455067	 59.455067	 59.455067	 59.455067	 59.455067	 59.455067	 59.455067	 59.455067	 59.455067	 59.455067	 59.455067	 59.455067	 59.455067	 59.455067	 59.455067	 59.455067	 59.455067	 59.455067	 59.455067	 59.455067	 59.455067	 59.455067	 59.455067	 59.455067	 59.455067	 59.455067	 59.455067	 59.455067	 59.455067	 59.455067	 59.455067	 59.455067	 59.455067	 59.455067	 59.455067	 59.455067	 59.455067	 59.455067	 59.455067	 59.455067	 59.455067	 59.455067	
