Time step 40:
        99	        99	        99	        99	        99	        99	        99	        99	        99	        99	        99	        99	        99	        99	        99	        99	        99	        99	        99	        99	        99	        99	        99	        99	        99	        99	        99	        99	        99	        99	        99	        99	        99	        99	        99	        99	        99	        99	        99	        99	        99	        99	        99	        99	        99	        99	        99	        99	        99	        99	        99	        99	        99	        99	        99	        99	        99	        99	        99	        99	        99	        99	        99	        99	        99	        99	        99	        99	        99	        99	        99	        99	        99	        99	        99	        99	        99	        99	        99	        99	        99	        99	        99	        99	        99	        99	        99	        99	        99	        99	        99	        99	        99	        99	        99	        99	        99	        99	        99	        99	        99	        99	        99	        99	        99	        99	        99	        99	        99	        99	        99	        99	        99	        99	        99	        99	        99	        99	        99	        99	        99	        99	        99	        99	        99	        99	        99	        99	        99	        99	        99	        99	        99	        99	        99	        99	        99	        99	        99	        99	        99	        99	        99	        99	        99	        99	        99	        99	        99	        99	        99	        99	        99	        99	        99	        99	        99	        99	        99	        99	        99	        99	        99	        99	        99	        99	        99	        99	        99	        99	        99	        99	        99	        99	        99	        99	        99	        99	        99	        99	        99	        99	        99	        99	        99	        99	        99	        99	        99	        99	        99	        99	        99	        99	        99	        99	        99	        99	        99	        99	
        99	 98.984126	 98.968258	 98.952399	 98.936555	 98.920732	 98.904933	 98.889164	  98.87343	 98.857736	 98.842086	 98.826486	  98.81094	 98.795452	 98.780028	 98.764672	 98.749388	 98.734182	 98.719056	 98.704017	 98.689067	 98.674212	 98.659454	 98.644799	  98.63025	 98.615811	 98.601485	 98.587276	 98.573188	 98.559224	 98.545387	  98.53168	 98.518107	  98.50467	 98.491373	 98.478218	 98.465207	 98.452343	 98.439628	 98.427065	 98.414656	 98.402403	 98.390307	  98.37837	 98.366594	 98.354981	 98.343532	 98.332247	 98.321129	 98.310178	 98.299395	 98.288781	 98.278336	 98.268062	 98.257958	 98.248024	 98.238262	  98.22867	  98.21925	 98.210001	 98.200922	 98.192014	 98.183275	 98.174706	 98.166306	 98.158073	 98.150008	 98.142109	 98.134375	 98.126806	 98.119399	 98.112155	 98.105071	 98.098146	 98.091379	 98.084768	 98.078312	 98.072009	 98.065857	 98.059855	 98.054001	 98.048292	 98.042728	 98.037306	 98.032024	  98.02688	 98.021873	 98.016999	 98.012258	 98.007646	 98.003163	 97.998804	 97.994569	 97.990456	 97.986461	 97.982583	  97.97882	 97.975169	 97.971628	 97.968195	 97.964868	 97.961644	 97.958521	 97.955497	 97.952569	 97.949737	 97.946996	 97.944346	 97.941784	 97.939307	 97.936915	 97.934604	 97.932372	 97.930218	  97.92814	 97.926135	 97.924201	 97.922337	 97.920541	  97.91881	 97.917143	 97.915538	 97.913993	 97.912506	 97.911076	 97.909701	 97.908379	 97.907108	 97.905888	 97.904715	  97.90359	  97.90251	 97.901473	 97.900479	 97.899525	 97.898611	 97.897735	 97.896896	 97.896093	 97.895323	 97.894587	 97.893882	 97.893208	 97.892563	 97.891947	 97.891358	 97.890795	 97.890258	 97.889745	 97.889255	 97.888788	 97.888342	 97.887917	 97.887511	 97.887125	 97.886757	 97.886406	 97.886072	 97.885753	 97.885451	 97.885162	 97.884888	 97.884627	 97.884379	 97.884143	 97.883918	 97.883705	 97.883502	 97.883309	 97.883126	 97.882952	 97.882786	 97.882629	  97.88248	 97.882337	 97.882202	 97.882074	 97.881951	 97.881835	 97.881724	 97.881618	 97.881517	 97.881421	 97.881329	 97.881241	 97.881157	 97.881076	 97.880999	 97.880924	 97.880852	 97.880782	 97.880715	  97.88065	 97.880586	 97.880524	 97.880463	 97.880403	 97.880344	 97.880286	 97.880228	
        99	 98.968258	 98.936525	 98.904813	 98.873131	 98.841489	 98.809896	 98.778364	 98.746901	 98.715517	 98.684223	 98.653027	 98.621939	 98.590969	 98.560125	 98.529418	 98.498855	 98.468447	 98.438201	 98.408127	 98.378233	 98.348526	 98.319016	 98.289711	 98.260617	 98.231743	 98.203096	 98.174682	 98.146511	 98.118586	 98.090917	 98.063508	 98.036366	 98.009497	 97.982907	   97.9566	 97.930582	 97.904858	 97.879433	 97.854312	 97.829497	 97.804994	 97.780806	 97.756936	 97.733389	 97.710166	  97.68727	 97.664705	 97.642472	 97.620574	 97.599011	 97.577786	   97.5569	 97.536354	 97.516149	 97.496286	 97.476764	 97.457584	 97.438747	 97.420251	 97.402096	 97.384282	 97.366808	 97.349672	 97.332874	 97.316412	 97.300284	 97.284488	 97.269024	 97.253887	 97.239077	  97.22459	 97.210424	 97.196577	 97.183045	 97.169825	 97.156915	 97.144311	 97.132009	 97.120007	   97.1083	 97.096885	 97.085758	 97.074916	 97.064354	 97.054068	 97.044054	 97.034309	 97.024828	 97.015606	  97.00664	 96.997925	 96.989456	  96.98123	 96.973242	 96.965488	 96.957962	 96.950662	 96.943581	 96.936716	 96.930062	 96.923615	  96.91737	 96.911323	 96.905469	 96.899805	 96.894325	 96.889025	 96.883901	 96.878949	 96.874165	 96.869544	 96.865081	 96.860774	 96.856618	 96.852608	 96.848742	 96.845014	 96.841422	 96.837961	 96.834627	 96.831417	 96.828328	 96.825355	 96.822496	 96.819746	 96.817102	 96.814561	 96.812121	 96.809777	 96.807526	 96.805366	 96.803293	 96.801305	 96.799398	  96.79757	 96.795819	 96.794141	 96.792534	 96.790995	 96.789522	 96.788113	 96.786765	 96.785476	 96.784244	 96.783066	 96.781941	 96.780866	  96.77984	 96.778861	 96.777926	 96.777035	 96.776184	 96.775374	 96.774601	 96.773865	 96.773163	 96.772495	 96.771859	 96.771253	 96.770676	 96.770128	 96.769606	  96.76911	 96.768638	 96.768189	 96.767762	 96.767357	 96.766971	 96.766605	 96.766256	 96.765925	 96.765611	 96.765312	 96.765027	 96.764757	   96.7645	 96.764255	 96.764022	   96.7638	 96.763589	 96.763387	 96.763195	 96.763011	 96.762835	 96.762667	 96.762505	  96.76235	 96.762201	 96.762057	 96.761918	 96.761783	 96.761653	 96.761525	 96.761401	 96.761279	  96.76116	 96.761042	 96.760925	  96.76081	
        99	 98.952399	 98.904813	 98.857257	 98.809746	 98.762296	  98.71492	 98.667633	 98.620451	 98.573388	 98.526459	 98.479677	 98.433058	 98.386614	 98.340361	 98.294312	 98.248481	  98.20288	 98.157524	 98.112424	 98.067594	 98.023047	 97.978793	 97.934846	 97.891217	 97.847917	 97.804958	 97.762349	 97.720102	 97.678227	 97.636734	 97.595632	  97.55493	 97.514637	 97.474761	 97.435311	 97.396295	  97.35772	 97.319592	 97.281919	 97.244707	 97.207962	  97.17169	 97.135895	 97.100583	 97.065757	 97.031423	 96.997584	 96.964244	 96.931404	 96.899069	  96.86724	 96.835919	 96.805109	 96.774809	 96.745022	 96.715747	 96.686985	 96.658736	 96.630999	 96.603775	 96.577061	 96.550856	  96.52516	 96.499969	 96.475282	 96.451096	 96.427409	 96.404218	 96.381519	  96.35931	 96.337585	 96.316342	 96.295577	 96.275284	  96.25546	   96.2361	 96.217198	 96.198751	 96.180752	 96.163196	 96.146078	 96.129392	 96.113133	 96.097294	 96.081869	 96.066853	 96.052239	  96.03802	 96.024192	 96.010746	 95.997677	 95.984978	 95.972642	 95.960663	 95.949034	 95.937749	 95.926801	 95.916182	 95.905887	 95.895909	 95.886241	 95.876876	 95.867808	  95.85903	 95.850535	 95.842318	  95.83437	 95.826687	 95.819261	 95.812086	 95.805156	 95.798464	 95.792005	 95.785772	  95.77976	 95.773961	 95.768371	 95.762984	 95.757794	 95.752795	 95.747981	 95.743349	  95.73889	 95.734602	 95.730478	 95.726514	 95.722704	 95.719044	 95.715529	 95.712154	 95.708914	 95.705806	 95.702824	 95.699965	 95.697224	 95.694597	 95.692081	 95.689671	 95.687364	 95.685155	 95.683042	  95.68102	 95.679087	  95.67724	 95.675474	 95.673786	 95.672175	 95.670636	 95.669168	 95.667766	 95.666429	 95.665154	 95.663938	 95.662779	 95.661675	 95.660623	 95.659621	 95.658667	 95.657758	 95.656894	 95.656071	 95.655289	 95.654545	 95.653837	 95.653164	 95.652524	 95.651916	 95.651337	 95.650788	 95.650266	 95.649769	 95.649298	 95.648849	 95.648423	 95.648017	 95.647632	 95.647265	 95.646915	 95.646583	 95.646266	 95.645963	 95.645675	 95.645399	 95.645135	 95.644883	 95.644641	 95.644408	 95.644184	 95.643968	  95.64376	 95.643558	 95.643362	 95.643171	 95.642984	 95.642802	 95.642623	 95.642446	 95.642271	 95.642098	
        99	 98.936555	 98.873131	 98.809746	 98.746422	 98.683177	 98.620033	 98.557007	 98.494121	 98.431393	 98.368844	 98.306491	 98.244355	 98.182453	 98.120806	 98.059429	 97.998343	 97.937565	 97.877112	 97.817001	  97.75725	 97.697875	 97.638892	 97.580318	 97.522167	 97.464455	 97.407197	 97.350406	 97.294098	 97.238285	 97.182981	 97.128198	 97.073949	 97.020244	 96.967097	 96.914516	 96.862514	 96.811099	 96.760281	 96.710069	 96.660471	 96.611496	  96.56315	 96.515441	 96.468376	 96.421959	 96.376197	 96.331095	 96.286657	 96.242888	  96.19979	 96.157367	 96.115621	 96.074555	 96.034171	 95.994469	  95.95545	 95.917115	 95.879464	 95.842495	 95.806209	 95.770603	 95.735677	 95.701427	 95.667852	 95.634948	 95.602713	 95.571142	 95.540231	 95.509977	 95.480375	  95.45142	 95.423107	 95.395429	 95.368382	  95.34196	 95.316156	 95.290963	 95.266376	 95.242386	 95.218987	 95.196171	 95.173932	  95.15226	  95.13115	 95.110591	 95.090577	 95.071098	 95.052147	 95.033716	 95.015795	 94.998375	  94.98145	 94.965008	 94.949042	 94.933543	 94.918501	 94.903909	 94.889756	 94.876035	 94.862736	  94.84985	 94.837368	 94.825281	 94.813581	 94.802259	 94.791306	 94.780714	 94.770473	 94.760575	 94.751012	 94.741775	 94.732857	 94.724248	  94.71594	 94.707926	 94.700198	 94.692748	 94.685567	 94.678649	 94.671986	 94.665571	 94.659396	 94.653454	 94.647739	 94.642242	 94.636958	 94.631881	 94.627002	 94.622317	 94.617818	   94.6135	 94.609357	 94.605383	 94.601573	 94.597919	 94.594419	 94.591065	 94.587852	 94.584777	 94.581833	 94.579017	 94.576323	 94.573746	 94.571283	  94.56893	 94.566681	 94.564533	 94.562482	 94.560525	 94.558657	 94.556875	 94.555175	 94.553555	  94.55201	 94.550538	 94.549136	   94.5478	 94.546529	 94.545318	 94.544166	 94.543069	 94.542026	 94.541034	 94.540091	 94.539194	 94.538341	  94.53753	  94.53676	 94.536027	 94.535331	  94.53467	 94.534041	 94.533443	 94.532875	 94.532335	 94.531821	 94.531332	 94.530866	 94.530423	     94.53	 94.529597	 94.529212	 94.528845	 94.528493	 94.528157	 94.527834	 94.527524	 94.527225	 94.526938	  94.52666	 94.526391	 94.526129	 94.525875	 94.525627	 94.525383	 94.525144	 94.524909	 94.524676	 94.524444	
        99	 98.920732	 98.841489	 98.762296	 98.683177	 98.604159	 98.525265	 98.446521	  98.36795	 98.289578	 98.211428	 98.133524	  98.05589	  97.97855	 97.901527	 97.824843	 97.748521	 97.672584	 97.597054	 97.521951	 97.447297	 97.373114	  97.29942	 97.226236	 97.153582	 97.081476	 97.009937	 96.938983	 96.868631	 96.798898	   96.7298	 96.661354	 96.593574	 96.526476	 96.460073	 96.394378	 96.329406	 96.265168	 96.201675	  96.13894	 96.076972	 96.015782	 95.955378	 95.895771	 95.836966	 95.778973	 95.721798	 95.665447	 95.609926	  95.55524	 95.501393	 95.448389	 95.396232	 95.344924	 95.294467	 95.244863	 95.196113	 95.148216	 95.101174	 95.054986	 95.009649	 94.965163	 94.921526	 94.878734	 94.836785	 94.795675	 94.755399	 94.715954	 94.677335	 94.639535	  94.60255	 94.566373	 94.530998	 94.496418	 94.462625	 94.429613	 94.397373	 94.365897	 94.335177	 94.305204	 94.275969	 94.247463	 94.219677	 94.192601	 94.166224	 94.140538	 94.115532	 94.091196	 94.067518	  94.04449	 94.022099	 94.000335	 93.979188	 93.958646	 93.938698	 93.919333	  93.90054	 93.882308	 93.864626	 93.847482	 93.830866	 93.814766	 93.799171	  93.78407	 93.769452	 93.755306	 93.741621	 93.728387	 93.715592	 93.703226	 93.691277	 93.679737	 93.668594	 93.657838	 93.647458	 93.637446	  93.62779	 93.618481	  93.60951	 93.600867	 93.592542	 93.584527	 93.576812	 93.569388	 93.562247	 93.555379	 93.548778	 93.542433	 93.536338	 93.530484	 93.524864	 93.519469	 93.514293	 93.509328	 93.504566	 93.500002	 93.495628	 93.491438	 93.487424	 93.483582	 93.479904	 93.476385	 93.473019	   93.4698	 93.466723	 93.463782	 93.460972	 93.458289	 93.455726	 93.453281	 93.450947	  93.44872	 93.446597	 93.444572	 93.442642	 93.440803	 93.439051	 93.437383	 93.435794	 93.434281	 93.432842	 93.431472	 93.430169	 93.428929	 93.427751	  93.42663	 93.425564	 93.424551	 93.423589	 93.422674	 93.421804	 93.420977	 93.420192	 93.419445	 93.418735	  93.41806	 93.417418	 93.416807	 93.416225	 93.415671	 93.415143	 93.414639	 93.414159	   93.4137	 93.413261	  93.41284	 93.412437	 93.412049	 93.411676	 93.411317	  93.41097	 93.410633	 93.410307	 93.409989	 93.409679	 93.409375	 93.409076	 93.408782	 93.408491	 93.408202	
        99	 98.904933	 98.809896	  98.71492	 98.620033	 98.525265	 98.430648	 98.336209	 98.241979	 98.147986	  98.05426	  97.96083	 97.867723	 97.774969	 97.682594	 97.590626	 97.499093	 97.408022	 97.317437	 97.227366	 97.137834	 97.048864	 96.960483	 96.872714	 96.785579	 96.699102	 96.613305	 96.528209	 96.443835	 96.360204	 96.277335	 96.195247	 96.113958	 96.033486	 95.953848	 95.875061	 95.797139	 95.720097	 95.643951	 95.568712	 95.494393	 95.421007	 95.348565	 95.277077	 95.206553	 95.137001	 95.068431	 95.000849	 94.934262	 94.868676	 94.804097	  94.74053	 94.677977	 94.616443	  94.55593	 94.496439	 94.437973	 94.380531	 94.324113	 94.268718	 94.214346	 94.160994	 94.108659	 94.057339	 94.007029	 93.957725	 93.909422	 93.862116	 93.815799	 93.770466	 93.726109	 93.682722	 93.640297	 93.598824	 93.558297	 93.518705	 93.480039	  93.44229	 93.405447	   93.3695	 93.334439	 93.300251	 93.266927	 93.234454	 93.202821	 93.172016	 93.142026	 93.112839	 93.084442	 93.056824	 93.029971	 93.003869	 92.978507	  92.95387	 92.929947	 92.906722	 92.884184	 92.862318	 92.841112	 92.820551	 92.800623	 92.781314	 92.762611	 92.744501	 92.726969	 92.710004	 92.693592	  92.67772	 92.662374	 92.647544	 92.633214	 92.619374	 92.606009	  92.59311	 92.580661	 92.568653	 92.557073	 92.545909	  92.53515	 92.524784	   92.5148	 92.505187	 92.495934	 92.487031	 92.478466	 92.470231	 92.462313	 92.454704	 92.447394	 92.440374	 92.433633	 92.427163	 92.420955	    92.415	  92.40929	 92.403816	  92.39857	 92.393545	 92.388732	 92.384123	 92.379712	 92.375492	 92.371455	 92.367594	 92.363904	 92.360377	 92.357007	 92.353789	 92.350716	 92.347783	 92.344984	 92.342314	 92.339767	 92.337339	 92.335024	 92.332819	 92.330718	 92.328716	 92.326811	 92.324997	  92.32327	 92.321628	 92.320065	 92.318578	 92.317165	  92.31582	 92.314543	 92.313328	 92.312173	 92.311076	 92.310033	 92.309041	 92.308099	 92.307204	 92.306352	 92.305542	 92.304772	 92.304039	 92.303342	 92.302677	 92.302044	  92.30144	 92.300864	 92.300313	 92.299787	 92.299282	 92.298798	 92.298334	 92.297887	 92.297456	 92.297039	 92.296636	 92.296244	 92.295863	 92.295491	 92.295126	 92.294768	 92.294415	 92.294066	  92.29372	
        99	 98.889164	 98.778364	 98.667633	 98.557007	 98.446521	 98.336209	 98.226106	 98.116246	 98.006662	  97.89739	 97.788462	 97.679912	 97.571772	 97.464075	 97.356853	 97.250137	  97.14396	  97.03835	 96.933339	 96.828955	 96.725229	 96.622188	  96.51986	 96.418272	 96.317451	 96.217423	 96.118212	 96.019843	  95.92234	 95.825725	 95.730021	 95.635249	 95.541429	 95.448582	 95.356726	 95.265879	 95.176059	 95.087281	 94.999562	 94.912917	 94.827359	   94.7429	 94.659554	 94.577332	 94.496244	   94.4163	 94.337508	 94.259876	 94.183412	 94.108121	  94.03401	 93.961082	 93.889341	  93.81879	 93.749432	 93.681268	 93.614297	 93.548522	 93.483939	 93.420548	 93.358346	 93.297331	 93.237498	 93.178843	 93.121361	 93.065046	 93.009893	 92.955894	 92.903041	 92.851327	 92.800743	  92.75128	 92.702929	 92.655679	  92.60952	 92.564441	  92.52043	 92.477476	 92.435567	  92.39469	 92.354832	  92.31598	 92.278121	 92.241241	 92.205325	 92.170361	 92.136333	 92.103227	 92.071027	 92.039719	 92.009289	 91.979719	 91.950997	 91.923105	 91.896028	 91.869751	 91.844259	 91.819535	 91.795564	  91.77233	 91.749818	 91.728013	 91.706898	 91.686459	  91.66668	 91.647546	 91.629041	  91.61115	 91.593859	 91.577153	 91.561017	 91.545436	 91.530396	 91.515883	 91.501883	 91.488382	 91.475367	 91.462823	 91.450737	 91.439097	  91.42789	 91.417102	 91.406722	 91.396737	 91.387135	 91.377905	 91.369034	 91.360511	 91.352326	 91.344467	 91.336924	 91.329686	 91.322744	 91.316087	 91.309705	 91.303589	 91.297729	 91.292118	 91.286745	 91.281603	 91.276682	 91.271976	 91.267475	 91.263172	  91.25906	 91.255132	 91.251379	 91.247797	 91.244377	 91.241114	    91.238	 91.235031	   91.2322	 91.229502	 91.226931	 91.224481	 91.222148	 91.219926	 91.217811	 91.215799	 91.213883	 91.212061	 91.210328	  91.20868	 91.207113	 91.205623	 91.204207	 91.202861	 91.201581	 91.200365	  91.19921	 91.198111	 91.197067	 91.196074	  91.19513	 91.194232	 91.193378	 91.192564	  91.19179	 91.191052	 91.190348	 91.189676	 91.189034	  91.18842	 91.187831	 91.187267	 91.186726	 91.186204	 91.185702	 91.185216	 91.184746	  91.18429	 91.183845	 91.183411	 91.182986	 91.182569	 91.182157	  91.18175	 91.181346	
        99	  98.87343	 98.746901	 98.620451	 98.494121	  98.36795	 98.241979	 98.116246	  97.99079	  97.86565	 97.740866	 97.616475	 97.492515	 97.369024	 97.246039	 97.123596	 97.001731	  96.88048	 96.759879	  96.63996	 96.520759	 96.402308	 96.284639	 96.167785	 96.051776	 95.936643	 95.822415	  95.70912	 95.596787	 95.485442	 95.375112	 95.265822	 95.157597	 95.050459	 94.944431	 94.839535	 94.735792	 94.633221	 94.531841	  94.43167	 94.332724	  94.23502	 94.138572	 94.043395	 93.949501	 93.856901	 93.765608	 93.675631	 93.586979	  93.49966	 93.413681	 93.329049	 93.245768	 93.163843	 93.083278	 93.004073	 92.926233	 92.849756	 92.774642	 92.700892	 92.628502	  92.55747	 92.487793	 92.419466	 92.352485	 92.286843	 92.222534	 92.159551	 92.097886	 92.037531	 91.978476	 91.920711	 91.864227	 91.809011	 91.755054	 91.702342	 91.650864	 91.600605	 91.551554	 91.503695	 91.457015	 91.411499	 91.367132	 91.323898	 91.281783	 91.240769	 91.200841	 91.161983	 91.124176	 91.087406	 91.051654	 91.016903	 90.983137	 90.950336	 90.918485	 90.887564	 90.857557	 90.828446	 90.800212	 90.772838	 90.746307	 90.720599	 90.695699	 90.671587	 90.648246	 90.625659	 90.603808	 90.582676	 90.562246	   90.5425	 90.523423	 90.504996	 90.487203	 90.470028	 90.453455	 90.437468	  90.42205	 90.407187	 90.392862	 90.379061	 90.365769	 90.352971	 90.340652	 90.328798	 90.317395	  90.30643	 90.295889	 90.285759	 90.276027	  90.26668	 90.257705	 90.249092	 90.240826	 90.232898	 90.225296	 90.218008	 90.211024	 90.204333	 90.197925	 90.191789	 90.185917	 90.180298	 90.174923	 90.169783	  90.16487	 90.160174	 90.155688	 90.151403	 90.147312	 90.143407	  90.13968	 90.136125	 90.132734	 90.129502	  90.12642	 90.123484	 90.120686	 90.118022	 90.115485	  90.11307	 90.110771	 90.108584	 90.106503	 90.104524	 90.102642	 90.100853	 90.099151	 90.097534	 90.095997	 90.094536	 90.093147	 90.091827	 90.090573	  90.08938	 90.088247	 90.087169	 90.086143	 90.085168	 90.084239	 90.083354	 90.082511	 90.081707	  90.08094	 90.080207	 90.079506	 90.078834	  90.07819	 90.077571	 90.076976	 90.076402	 90.075848	 90.075311	 90.074789	 90.074282	 90.073786	 90.073301	 90.072824	 90.072355	  90.07189	 90.071428	
        99	 98.857736	 98.715517	 98.573388	 98.431393	 98.289578	 98.147986	 98.006662	  97.86565	 97.724994	 97.584737	 97.444922	 97.305591	 97.166788	 97.028552	 96.890927	 96.753951	 96.617666	  96.48211	 96.347322	  96.21334	 96.080201	 95.947942	 95.816598	 95.686204	 95.556795	 95.428403	  95.30106	 95.174798	 95.049647	 94.925636	 94.802795	 94.681149	 94.560726	 94.441551	 94.323649	 94.207042	 94.091752	 93.977801	 93.865209	 93.753995	 93.644175	 93.535768	 93.428789	 93.323252	 93.219171	 93.116558	 93.015424	 92.915779	 92.817633	 92.720993	 92.625867	 92.532259	 92.440176	  92.34962	 92.260595	 92.173102	 92.087142	 92.002715	 91.919819	 91.838453	 91.758614	 91.680297	 91.603498	 91.528211	  91.45443	 91.382147	 91.311354	 91.242043	 91.174203	 91.107826	 91.042898	  90.97941	 90.917348	   90.8567	 90.797452	 90.739591	 90.683101	 90.627967	 90.574174	 90.521705	 90.470546	 90.420677	 90.372083	 90.324745	 90.278646	 90.233767	  90.19009	 90.147596	 90.106266	 90.066081	 90.027021	 89.989067	   89.9522	 89.916399	 89.881645	 89.847917	 89.815196	 89.783461	 89.752693	 89.722871	 89.693976	 89.665988	 89.638886	 89.612651	 89.587263	 89.562703	 89.538951	 89.515987	 89.493793	  89.47235	 89.451638	 89.431639	 89.412335	 89.393707	 89.375737	 89.358408	 89.341702	 89.325601	 89.310089	 89.295148	 89.280763	 89.266916	 89.253592	 89.240776	 89.228451	 89.216603	 89.205217	 89.194278	 89.183772	 89.173685	 89.164003	 89.154713	 89.145802	 89.137256	 89.129065	 89.121215	 89.113694	 89.106491	 89.099595	 89.092995	 89.086679	 89.080638	  89.07486	 89.069338	  89.06406	 89.059017	 89.054201	 89.049603	 89.045213	 89.041025	 89.037029	 89.033218	 89.029584	  89.02612	  89.02282	 89.019676	 89.016681	 89.013829	 89.011115	 89.008531	 89.006073	 89.003734	 89.001509	 88.999394	 88.997383	  88.99547	 88.993652	 88.991925	 88.990282	 88.988722	 88.987238	 88.985828	 88.984488	 88.983214	 88.982002	 88.980849	 88.979753	 88.978709	 88.977714	 88.976767	 88.975863	 88.975001	 88.974177	 88.973389	 88.972634	  88.97191	 88.971214	 88.970545	   88.9699	 88.969277	 88.968674	 88.968088	 88.967517	  88.96696	 88.966415	 88.965879	 88.965351	 88.964828	  88.96431	
        99	 98.842086	 98.684223	 98.526459	 98.368844	 98.211428	  98.05426	  97.89739	 97.740866	 97.584737	 97.429051	 97.273855	 97.119198	 96.965125	 96.811683	 96.658918	 96.506874	 96.355597	 96.205129	 96.055513	 95.906793	 95.759008	   95.6122	 95.466407	  95.32167	 95.178024	 95.035508	 94.894157	 94.754006	 94.615088	 94.477435	  94.34108	 94.206053	 94.072383	 93.940099	 93.809226	 93.679792	 93.551819	 93.425333	 93.300356	 93.176907	 93.055007	 92.934675	 92.815927	 92.698781	  92.58325	 92.469349	  92.35709	 92.246484	 92.137541	  92.03027	 91.924679	 91.820774	 91.718561	 91.618044	 91.519226	 91.422108	 91.326692	 91.232977	 91.140963	 91.050646	 90.962024	 90.875092	 90.789844	 90.706275	 90.624378	 90.544143	 90.465563	 90.388628	 90.313326	 90.239646	 90.167576	 90.097104	 90.028215	 89.960895	  89.89513	 89.830903	 89.768199	    89.707	 89.647289	 89.589049	 89.532262	 89.476907	 89.422967	 89.370422	 89.319252	 89.269436	 89.220954	 89.173786	 89.127909	 89.083304	 89.039947	 88.997818	 88.956895	 88.917156	 88.878578	  88.84114	  88.80482	 88.769594	 88.735441	 88.702339	 88.670266	 88.639198	 88.609115	 88.579994	 88.551814	 88.524552	 88.498187	 88.472697	 88.448062	 88.424259	 88.401269	  88.37907	 88.357642	 88.336965	 88.317019	 88.297783	 88.279239	 88.261367	 88.244148	 88.227564	 88.211596	 88.196227	 88.181437	 88.167211	 88.153531	 88.140379	  88.12774	 88.115598	 88.103936	 88.092739	 88.081992	  88.07168	 88.061789	 88.052304	 88.043211	 88.034497	 88.026149	 88.018154	   88.0105	 88.003173	 87.996162	 87.989456	 87.983044	 87.976914	 87.971055	 87.965458	 87.960112	 87.955008	 87.950135	 87.945486	  87.94105	  87.93682	 87.932787	 87.928942	 87.925279	 87.921788	 87.918464	 87.915299	 87.912286	 87.909418	 87.906689	 87.904093	 87.901624	 87.899276	 87.897043	  87.89492	 87.892903	 87.890985	 87.889162	 87.887429	 87.885783	 87.884218	  87.88273	 87.881316	 87.879971	 87.878691	 87.877474	 87.876315	 87.875211	  87.87416	 87.873157	 87.872199	 87.871284	  87.87041	 87.869572	 87.868768	 87.867996	 87.867254	 87.866538	 87.865846	 87.865176	 87.864526	 87.863892	 87.863274	 87.862669	 87.862074	 87.861488	 87.860908	 87.860332	
        99	 98.826486	 98.653027	 98.479677	 98.306491	 98.133524	  97.96083	 97.788462	 97.616475	 97.444922	 97.273855	 97.103328	 96.933391	 96.764098	 96.595497	  96.42764	 96.260576	 96.094354	 95.929021	 95.764625	 95.601212	 95.438827	 95.277516	  95.11732	 94.958284	 94.800448	 94.643853	 94.488537	  94.33454	 94.181898	 94.030647	 93.880821	 93.732455	  93.58558	 93.440226	 93.296425	 93.154203	 93.013589	 92.874607	 92.737282	 92.601638	 92.467696	 92.335476	 92.204997	 92.076277	 91.949333	  91.82418	  91.70083	 91.579297	 91.459592	 91.341724	 91.225702	 91.111532	 90.999221	 90.888774	 90.780193	 90.673481	 90.568639	 90.465666	 90.364561	 90.265322	 90.167945	 90.072424	 89.978755	 89.886931	 89.796942	 89.708781	 89.622438	 89.537902	 89.455161	 89.374202	 89.295013	 89.217578	 89.141884	 89.067914	 88.995651	 88.925079	  88.85618	 88.788936	 88.723326	 88.659333	 88.596935	 88.536112	 88.476843	 88.419107	 88.362882	 88.308144	 88.254873	 88.203045	 88.152636	 88.103624	 88.055984	 88.009694	 87.964728	 87.921062	 87.878674	 87.837537	 87.797628	 87.758923	 87.721396	 87.685024	 87.649782	 87.615645	  87.58259	 87.550592	 87.519628	 87.489672	 87.460703	 87.432695	 87.405626	 87.379472	 87.354211	 87.329819	 87.306274	 87.283554	 87.261637	 87.240501	 87.220125	 87.200487	 87.181568	 87.163345	   87.1458	 87.128912	 87.112661	  87.09703	 87.081998	 87.067547	  87.05366	 87.040318	 87.027504	 87.015201	 87.003392	 86.992062	 86.981193	 86.970771	  86.96078	 86.951205	 86.942033	 86.933248	 86.924837	 86.916786	 86.909083	 86.901715	 86.894669	 86.887933	 86.881495	 86.875345	 86.869471	 86.863863	 86.858509	   86.8534	 86.848526	 86.843878	 86.839446	 86.835222	 86.831197	 86.827362	 86.823709	 86.820231	  86.81692	 86.813769	 86.810771	 86.807918	 86.805205	 86.802625	 86.800172	 86.797839	 86.795622	 86.793515	 86.791512	 86.789608	 86.787799	 86.786079	 86.784444	  86.78289	 86.781412	 86.780007	 86.778669	 86.777396	 86.776183	 86.775027	 86.773925	 86.772873	 86.771868	 86.770907	 86.769986	 86.769103	 86.768255	 86.767439	 86.766653	 86.765892	 86.765156	 86.764442	 86.763746	 86.763067	 86.762401	 86.761748	 86.761104	 86.760466	 86.759834	
        99	  98.81094	 98.621939	 98.433058	 98.244355	  98.05589	 97.867723	 97.679912	 97.492515	 97.305591	 97.119198	 96.933391	 96.748229	 96.563767	 96.380061	 96.197164	 96.015131	 95.834016	  95.65387	 95.474744	  95.29669	 95.119756	 94.943992	 94.769443	 94.596158	  94.42418	 94.253554	 94.084323	 93.916528	  93.75021	 93.585407	 93.422158	 93.260498	 93.100463	 92.942087	 92.785401	 92.630437	 92.477224	 92.325789	 92.176161	 92.028363	  91.88242	 91.738354	 91.596184	 91.455932	 91.317614	 91.181247	 91.046846	 90.914424	 90.783993	 90.655565	 90.529147	 90.404748	 90.282375	 90.162031	 90.043722	 89.927449	 89.813213	 89.701014	 89.590851	  89.48272	 89.376618	  89.27254	 89.170478	 89.070426	 88.972375	 88.876315	 88.782236	 88.690125	 88.599971	 88.511759	 88.425474	 88.341102	 88.258625	 88.178028	 88.099291	 88.022396	 87.947324	 87.874054	 87.802566	 87.732839	  87.66485	 87.598578	 87.533999	  87.47109	 87.409827	 87.350185	 87.292141	 87.235669	 87.180744	  87.12734	 87.075432	 87.024994	 86.975999	 86.928422	 86.882235	 86.837413	 86.793928	 86.751755	 86.710866	 86.671235	 86.632835	  86.59564	 86.559623	 86.524758	  86.49102	  86.45838	 86.426815	 86.396298	 86.366804	 86.338306	 86.310782	 86.284204	  86.25855	 86.233794	 86.209914	 86.186884	 86.164682	 86.143285	  86.12267	 86.102815	 86.083698	 86.065297	  86.04759	 86.030558	 86.014179	 85.998434	 85.983302	 85.968765	 85.954803	 85.941398	 85.928531	 85.916185	 85.904343	 85.892987	 85.882101	 85.871668	 85.861674	 85.852101	 85.842937	 85.834165	 85.825772	 85.817743	 85.810066	 85.802727	 85.795712	 85.789011	 85.782611	   85.7765	 85.770666	   85.7651	 85.759789	 85.754725	 85.749896	 85.745293	 85.740907	 85.736728	 85.732749	 85.728959	 85.725351	 85.721918	 85.718651	 85.715543	 85.712587	 85.709775	 85.707102	 85.704561	 85.702145	 85.699849	 85.697667	 85.695592	 85.693621	 85.691747	 85.689966	 85.688273	 85.686662	 85.685131	 85.683673	 85.682286	 85.680965	 85.679705	 85.678504	 85.677358	 85.676263	 85.675216	 85.674212	  85.67325	 85.672326	 85.671437	  85.67058	 85.669752	  85.66895	 85.668171	 85.667413	 85.666673	 85.665948	 85.665236	 85.664534	 85.663839	  85.66315	
        99	 98.795452	 98.590969	 98.386614	 98.182453	  97.97855	 97.774969	 97.571772	 97.369024	 97.166788	 96.965125	 96.764098	 96.563767	 96.364194	 96.165439	 95.967559	 95.770615	 95.574663	 95.379759	  95.18596	  94.99332	 94.801892	 94.611729	 94.422882	 94.235401	 94.049335	 93.864732	 93.681638	 93.500097	 93.320154	 93.141851	 92.965228	 92.790326	 92.617181	  92.44583	 92.276309	  92.10865	 91.942886	 91.779047	 91.617161	 91.457256	 91.299357	 91.143489	 90.989674	 90.837932	 90.688283	 90.540745	 90.395334	 90.252064	 90.110949	    89.972	 89.835226	 89.700637	 89.568238	 89.438037	 89.310036	 89.184238	 89.060644	 88.939254	 88.820066	 88.703077	 88.588284	 88.475679	 88.365257	 88.257009	 88.150925	 88.046996	  87.94521	 87.845554	 87.748014	 87.652576	 87.559223	 87.467939	 87.378706	 87.291506	 87.206319	 87.123125	 87.041903	 86.962631	 86.885287	 86.809848	  86.73629	 86.664589	 86.594719	 86.526657	 86.460375	 86.395848	 86.333049	  86.27195	 86.212526	 86.154748	 86.098587	 86.044017	 85.991009	 85.939534	 85.889564	  85.84107	 85.794023	 85.748395	 85.704156	 85.661279	 85.619733	 85.579491	 85.540524	 85.502803	   85.4663	 85.430988	 85.396837	 85.363819	 85.331909	 85.301077	 85.271298	 85.242543	 85.214787	 85.188004	 85.162167	 85.137251	  85.11323	  85.09008	 85.067777	 85.046295	 85.025612	 85.005703	 84.986546	 84.968119	 84.950398	 84.933363	 84.916992	 84.901263	 84.886158	 84.871654	 84.857733	 84.844376	 84.831564	 84.819277	   84.8075	 84.796213	 84.785399	 84.775043	 84.765128	 84.755637	 84.746557	  84.73787	 84.729564	 84.721623	 84.714035	 84.706785	  84.69986	 84.693248	 84.686937	 84.680914	 84.675169	 84.669689	 84.664465	 84.659485	  84.65474	 84.650219	 84.645913	 84.641813	  84.63791	 84.634195	 84.630661	 84.627298	 84.624099	 84.621058	 84.618166	 84.615416	 84.612803	 84.610318	 84.607957	 84.605713	  84.60358	 84.601553	 84.599626	 84.597794	 84.596051	 84.594394	 84.592817	 84.591316	 84.589887	 84.588524	 84.587225	 84.585985	   84.5848	 84.583667	 84.582582	 84.581541	 84.580541	 84.579579	 84.578652	 84.577756	 84.576888	 84.576045	 84.575225	 84.574424	  84.57364	  84.57287	  84.57211	 84.571359	 84.570613	
        99	 98.780028	 98.560125	 98.340361	 98.120806	 97.901527	 97.682594	 97.464075	 97.246039	 97.028552	 96.811683	 96.595497	 96.380061	 96.165439	 95.951696	 95.738895	   95.5271	 95.316372	 95.106771	 94.898359	 94.691192	 94.485329	 94.280827	  94.07774	 93.876122	 93.676025	 93.477502	 93.280601	 93.085371	  92.89186	 92.700111	  92.51017	 92.322079	 92.135878	 91.951607	 91.769302	 91.589001	 91.410737	 91.234544	 91.060451	 90.888488	 90.718683	 90.551061	 90.385647	 90.222463	  90.06153	 89.902866	  89.74649	 89.592417	 89.440661	 89.291234	 89.144147	 88.999408	 88.857027	 88.717007	 88.579354	  88.44407	 88.311156	 88.180613	 88.052438	 87.926627	 87.803177	 87.682082	 87.563333	 87.446922	  87.33284	 87.221074	 87.111612	 87.004442	 86.899547	 86.796912	 86.696519	 86.598352	 86.502391	 86.408615	 86.317004	 86.227537	  86.14019	 86.054941	 85.971765	 85.890637	 85.811532	 85.734424	 85.659286	 85.586091	 85.514812	 85.445419	 85.377884	 85.312179	 85.248273	 85.186138	 85.125743	 85.067058	 85.010053	 84.954696	 84.900958	 84.848807	 84.798213	 84.749144	 84.701569	 84.655459	  84.61078	 84.567504	 84.525598	 84.485033	 84.445778	 84.407802	 84.371076	 84.335569	 84.301252	 84.268096	 84.236071	 84.205148	 84.175299	 84.146496	 84.118711	 84.091916	 84.066084	 84.041189	 84.017203	 83.994102	 83.971858	 83.950449	 83.929847	  83.91003	 83.890974	 83.872654	 83.855048	 83.838134	 83.821889	 83.806292	 83.791321	 83.776957	 83.763178	 83.749966	   83.7373	 83.725161	 83.713533	 83.702396	 83.691733	 83.681527	 83.671761	  83.66242	 83.653487	 83.644948	 83.636787	  83.62899	 83.621543	 83.614433	 83.607646	 83.601169	  83.59499	 83.589098	 83.583479	 83.578124	 83.573021	 83.568159	 83.563528	 83.559119	 83.554922	 83.550927	 83.547126	  83.54351	  83.54007	 83.536799	 83.533689	 83.530732	 83.527921	  83.52525	  83.52271	 83.520297	 83.518003	 83.515823	 83.513751	  83.51178	 83.509907	 83.508125	 83.506429	 83.504815	 83.503277	 83.501812	 83.500415	 83.499081	 83.497807	 83.496589	 83.495421	 83.494302	 83.493227	 83.492192	 83.491195	 83.490231	 83.489298	 83.488392	  83.48751	 83.486649	 83.485806	 83.484977	  83.48416	 83.483352	  83.48255	
        99	 98.764672	 98.529418	 98.294312	 98.059429	 97.824843	 97.590626	 97.356853	 97.123596	 96.890927	 96.658918	  96.42764	 96.197164	 95.967559	 95.738895	 95.511239	 95.284659	  95.05922	 94.834987	 94.612025	 94.390397	 94.170163	 93.951384	 93.734119	 93.518426	 93.304361	 93.091979	 92.881333	 92.672474	 92.465454	 92.260319	 92.057119	 91.855897	 91.656697	 91.459562	 91.264531	 91.071643	 90.880935	 90.692441	 90.506195	 90.322228	 90.140568	 89.961245	 89.784284	 89.609708	  89.43754	   89.2678	 89.100508	 88.935679	 88.773329	  88.61347	 88.456115	 88.301273	 88.148951	 87.999157	 87.851894	 87.707166	 87.564974	 87.425317	 87.288194	 87.153601	 87.021533	 86.891984	 86.764945	 86.640408	 86.518362	 86.398793	 86.281691	 86.167038	 86.054821	 85.945021	  85.83762	   85.7326	 85.629939	 85.529617	 85.431611	 85.335898	 85.242454	 85.151253	 85.062271	  84.97548	 84.890853	 84.808362	 84.727978	 84.649674	 84.573418	 84.499181	 84.426932	 84.356639	 84.288273	   84.2218	 84.157189	 84.094407	 84.033422	 83.974201	 83.916712	  83.86092	 83.806794	 83.754299	 83.703404	 83.654074	 83.606277	 83.559979	 83.515148	 83.471751	 83.429756	 83.389129	 83.349839	 83.311853	 83.275141	  83.23967	 83.205409	 83.172327	 83.140395	 83.109581	 83.079856	 83.051191	 83.023555	 82.996922	 82.971262	 82.946548	 82.922752	 82.899848	 82.877808	 82.856608	 82.836221	 82.816622	 82.797787	 82.779692	 82.762313	 82.745627	 82.729612	 82.714245	 82.699504	 82.685369	 82.671819	 82.658833	 82.646393	 82.634478	 82.623071	 82.612152	 82.601705	 82.591712	 82.582155	  82.57302	 82.564289	 82.555948	 82.547982	 82.540375	 82.533114	 82.526185	 82.519575	 82.513271	  82.50726	 82.501531	 82.496072	  82.49087	 82.485917	   82.4812	 82.476709	 82.472436	 82.468369	   82.4645	 82.460821	 82.457321	 82.453994	 82.450831	 82.447824	 82.444966	 82.442249	 82.439667	 82.437213	 82.434881	 82.432664	 82.430556	 82.428552	 82.426645	 82.424831	 82.423104	  82.42146	 82.419892	 82.418398	 82.416971	 82.415608	 82.414304	 82.413055	 82.411858	 82.410708	 82.409601	 82.408534	 82.407503	 82.406504	 82.405535	 82.404592	  82.40367	 82.402768	 82.401882	 82.401008	 82.400144	 82.399286	
        99	 98.749388	 98.498855	 98.248481	 97.998343	 97.748521	 97.499093	 97.250137	 97.001731	 96.753951	 96.506874	 96.260576	 96.015131	 95.770615	   95.5271	 95.284659	 95.043363	 94.803282	 94.564487	 94.327044	 94.091022	 93.856485	 93.623497	 93.392122	 93.162421	 92.934453	 92.708278	 92.483951	 92.261528	 92.041062	 91.822605	 91.606207	 91.391917	  91.17978	 90.969842	 90.762145	  90.55673	 90.353636	   90.1529	 89.954558	 89.758642	 89.565185	 89.374215	 89.185761	 88.999847	 88.816498	 88.635735	 88.457577	 88.282043	 88.109149	 87.938908	 87.771333	 87.606435	 87.444221	 87.284698	 87.127871	 86.973743	 86.822316	  86.67359	 86.527561	 86.384227	 86.243582	 86.105619	 85.970329	 85.837704	 85.707731	 85.580397	 85.455689	 85.333591	 85.214085	 85.097154	 84.982778	 84.870937	 84.761609	 84.654772	 84.550401	 84.448472	 84.348959	 84.251835	 84.157073	 84.064645	 83.974522	 83.886674	  83.80107	  83.71768	 83.636471	 83.557413	 83.480471	 83.405614	 83.332807	 83.262017	  83.19321	 83.126351	 83.061405	 82.998338	 82.937115	   82.8777	 82.820058	 82.764154	 82.709953	  82.65742	 82.606518	 82.557214	 82.509471	 82.463256	 82.418533	 82.375268	 82.333426	 82.292973	 82.253876	 82.216102	 82.179616	 82.144386	 82.110379	 82.077564	 82.045909	 82.015382	 81.985952	 81.957589	 81.930262	 81.903943	 81.878602	  81.85421	 81.830739	 81.808161	  81.78645	 81.765579	 81.745521	  81.72625	 81.707743	 81.689973	 81.672918	 81.656552	 81.640854	 81.625801	 81.611371	 81.597542	 81.584294	 81.571605	 81.559457	  81.54783	 81.536704	 81.526061	 81.515885	 81.506156	 81.496858	 81.487975	 81.479491	 81.471391	 81.463658	 81.456279	  81.44924	 81.442526	 81.436125	 81.430024	  81.42421	 81.418671	 81.413395	 81.408372	  81.40359	 81.399039	 81.394708	 81.390588	  81.38667	 81.382943	   81.3794	 81.376031	 81.372829	 81.369785	 81.366892	 81.364142	 81.361529	 81.359045	 81.356684	  81.35444	 81.352305	 81.350275	 81.348343	 81.346504	 81.344752	 81.343083	 81.341491	 81.339972	  81.33852	 81.337132	 81.335802	 81.334527	 81.333302	 81.332123	 81.330987	 81.329889	 81.328826	 81.327794	 81.326789	 81.325808	 81.324847	 81.323903	 81.322972	 81.322052	 81.321138	
        99	 98.734182	 98.468447	  98.20288	 97.937565	 97.672584	 97.408022	  97.14396	  96.88048	 96.617666	 96.355597	 96.094354	 95.834016	 95.574663	 95.316372	  95.05922	 94.803282	 94.548634	 94.295349	 94.043499	 93.793156	 93.544387	 93.297263	 93.051848	 92.808209	 92.566409	 92.326509	 92.088571	 91.852652	 91.618808	 91.387096	 91.157568	 90.930275	 90.705266	 90.482589	 90.262289	  90.04441	 89.828993	 89.616077	 89.405699	 89.197896	   88.9927	 88.790143	 88.590254	 88.393059	 88.198585	 88.006853	 87.817885	   87.6317	 87.448315	 87.267745	 87.090002	 86.915097	  86.74304	 86.573838	 86.407495	 86.244016	 86.083401	 85.925649	  85.77076	 85.618728	 85.469549	 85.323215	 85.179717	 85.039044	 84.901184	 84.766124	 84.633849	 84.504342	 84.377585	 84.253559	 84.132243	 84.013616	 83.897654	 83.784334	  83.67363	 83.565516	 83.459964	 83.356948	 83.256436	   83.1584	 83.062808	 82.969629	 82.878831	 82.790381	 82.704245	 82.620389	 82.538779	  82.45938	 82.382155	  82.30707	 82.234087	 82.163171	 82.094285	 82.027391	 81.962453	 81.899433	 81.838294	 81.778998	 81.721508	 81.665787	 81.611797	 81.559501	 81.508861	 81.459842	 81.412405	 81.366514	 81.322133	 81.279226	 81.237757	  81.19769	 81.158991	 81.121623	 81.085553	 81.050747	 81.017171	 80.984791	 80.953575	 80.923491	 80.894507	  80.86659	 80.839711	 80.813839	 80.788944	 80.764997	 80.741969	 80.719831	 80.698556	 80.678116	 80.658485	 80.639638	 80.621547	 80.604189	 80.587538	 80.571572	 80.556266	 80.541598	 80.527546	 80.514088	 80.501202	 80.488869	 80.477068	  80.46578	 80.454986	 80.444666	 80.434805	 80.425383	 80.416384	 80.407792	  80.39959	 80.391764	 80.384297	 80.377176	 80.370387	 80.363915	 80.357748	 80.351873	 80.346278	 80.340949	 80.335877	  80.33105	 80.326456	 80.322087	  80.31793	 80.313977	 80.310219	 80.306646	 80.303249	 80.300021	 80.296952	 80.294036	 80.291264	  80.28863	 80.286125	 80.283745	  80.28148	 80.279327	 80.277278	 80.275327	 80.273469	 80.271699	  80.27001	 80.268399	 80.266859	 80.265386	 80.263976	 80.262623	 80.261324	 80.260074	 80.258869	 80.257704	 80.256577	 80.255482	 80.254416	 80.253375	 80.252356	 80.251355	 80.250368	 80.249392	 80.248422	
