Time step 11:
        99	        99	        99	        99	        99	        99	        99	        99	        99	        99	        99	        99	        99	        99	        99	        99	        99	        99	        99	        99	        99	        99	        99	        99	        99	        99	        99	        99	        99	        99	        99	        99	        99	        99	        99	        99	        99	        99	        99	        99	        99	        99	        99	        99	        99	        99	        99	        99	        99	        99	        99	        99	        99	        99	        99	        99	        99	        99	        99	        99	        99	        99	        99	        99	        99	        99	        99	        99	        99	        99	        99	        99	        99	        99	        99	        99	        99	        99	        99	        99	        99	        99	        99	        99	        99	        99	        99	        99	        99	        99	        99	        99	        99	        99	        99	        99	        99	        99	        99	        99	        99	        99	        99	        99	        99	        99	        99	        99	        99	        99	        99	        99	        99	        99	        99	        99	        99	        99	        99	        99	        99	        99	        99	        99	        99	        99	        99	        99	        99	        99	        99	        99	        99	        99	        99	        99	        99	        99	        99	        99	        99	        99	        99	        99	        99	        99	        99	        99	        99	        99	        99	        99	        99	        99	        99	        99	        99	        99	        99	        99	        99	        99	        99	        99	        99	        99	        99	        99	        99	        99	        99	        99	        99	        99	        99	        99	        99	        99	        99	        99	        99	        99	        99	        99	        99	        99	        99	        99	        99	        99	        99	        99	        99	        99	        99	        99	        99	        99	        99	        99	
        99	  98.94229	 98.884646	 98.827134	 98.769819	 98.712768	 98.656043	 98.599707	 98.543823	 98.488449	 98.433645	 98.379466	 98.325967	   98.2732	 98.221215	 98.170059	 98.119776	 98.070409	 98.021995	 97.974572	 97.928172	 97.882825	 97.838559	 97.795396	 97.753358	 97.712463	 97.672725	 97.634155	 97.596762	 97.560552	 97.525528	 97.491689	 97.459034	 97.427556	 97.397248	   97.3681	   97.3401	 97.313233	 97.287484	 97.262833	 97.239262	 97.216748	 97.195269	 97.174801	 97.155318	 97.136795	 97.119204	 97.102518	 97.086708	 97.071745	   97.0576	 97.044244	 97.031647	  97.01978	 97.008613	 96.998117	 96.988263	 96.979022	 96.970366	 96.962267	 96.954699	 96.947633	 96.941046	  96.93491	 96.929203	 96.923899	 96.918977	 96.914413	 96.910187	 96.906278	 96.902666	 96.899333	 96.896261	 96.893432	  96.89083	 96.888441	 96.886248	 96.884238	 96.882397	 96.880715	 96.879178	 96.877775	 96.876498	 96.875334	 96.874277	 96.873316	 96.872445	 96.871655	  96.87094	 96.870294	 96.869711	 96.869185	  96.86871	 96.868284	   96.8679	 96.867556	 96.867247	  96.86697	 96.866723	 96.866501	 96.866304	 96.866128	 96.865971	 96.865831	 96.865707	 96.865597	 96.865499	 96.865413	 96.865336	 96.865269	 96.865209	 96.865156	  96.86511	 96.865069	 96.865033	 96.865002	 96.864974	  96.86495	 96.864929	 96.864911	 96.864895	 96.864881	 96.864868	 96.864858	 96.864849	 96.864841	 96.864834	 96.864828	 96.864822	 96.864818	 96.864814	 96.864811	 96.864808	 96.864805	 96.864803	 96.864801	   96.8648	 96.864798	 96.864797	 96.864796	 96.864796	 96.864795	 96.864794	 96.864794	 96.864793	 96.864793	 96.864793	 96.864792	 96.864792	 96.864792	 96.864792	 96.864792	 96.864792	 96.864791	 96.864791	 96.864791	 96.864791	 96.864791	 96.864791	 96.864791	 96.864791	 96.864791	 96.864791	 96.864791	 96.864791	 96.864791	 96.864791	 96.864791	 96.864791	 96.864791	 96.864791	 96.864791	 96.864791	 96.864791	 96.864791	 96.864791	 96.864791	 96.864791	 96.864791	 96.864791	 96.864791	 96.864791	 96.864791	 96.864791	 96.864791	 96.864791	 96.864791	 96.864791	 96.864791	 96.864791	 96.864791	 96.864791	 96.864791	 96.864791	 96.864791	 96.864791	 96.864791	 96.864791	 96.864791	 96.864791	
        99	 98.884646	 98.769423	 98.654466	 98.539903	 98.425865	 98.312481	 98.199874	 98.088169	 97.977485	 97.867939	 97.759644	 97.652708	 97.547235	 97.443324	  97.34107	 97.240562	 97.141884	 97.045113	 96.950321	 96.857574	 96.766932	  96.67845	 96.592175	 96.508147	 96.426404	 96.346972	 96.269877	 96.195135	 96.122756	 96.052748	 95.985109	 95.919836	 95.856916	 95.796335	 95.738072	 95.682104	 95.628402	 95.576932	  95.52766	 95.480544	 95.435542	 95.392609	 95.351696	 95.312753	 95.275728	 95.240566	 95.207213	 95.175611	 95.145702	 95.117429	 95.090732	 95.065553	 95.041832	 95.019511	 94.998531	 94.978834	 94.960363	 94.943061	 94.926873	 94.911744	 94.897622	 94.884454	  94.87219	 94.860782	 94.850181	 94.840341	 94.831219	 94.822772	 94.814958	 94.807739	 94.801077	 94.794936	 94.789282	 94.784081	 94.779304	 94.774921	 94.770903	 94.767225	 94.763861	 94.760789	 94.757986	 94.755432	 94.753107	 94.750992	 94.749072	 94.747331	 94.745752	 94.744324	 94.743032	 94.741866	 94.740814	 94.739867	 94.739014	 94.738247	 94.737559	 94.736941	 94.736388	 94.735893	 94.735451	 94.735056	 94.734704	  94.73439	 94.734111	 94.733863	 94.733643	 94.733448	 94.733275	 94.733122	 94.732987	 94.732867	 94.732762	  94.73267	 94.732588	 94.732517	 94.732454	 94.732399	  94.73235	 94.732308	 94.732271	 94.732239	 94.732211	 94.732187	 94.732166	 94.732147	 94.732131	 94.732117	 94.732105	 94.732095	 94.732086	 94.732078	 94.732071	 94.732066	 94.732061	 94.732057	 94.732053	  94.73205	 94.732047	 94.732045	 94.732043	 94.732041	  94.73204	 94.732039	 94.732038	 94.732037	 94.732036	 94.732035	 94.732035	 94.732034	 94.732034	 94.732034	 94.732033	 94.732033	 94.732033	 94.732033	 94.732033	 94.732033	 94.732032	 94.732032	 94.732032	 94.732032	 94.732032	 94.732032	 94.732032	 94.732032	 94.732032	 94.732032	 94.732032	 94.732032	 94.732032	 94.732032	 94.732032	 94.732032	 94.732032	 94.732032	 94.732032	 94.732032	 94.732032	 94.732032	 94.732032	 94.732032	 94.732032	 94.732032	 94.732032	 94.732032	 94.732032	 94.732032	 94.732032	 94.732032	 94.732032	 94.732032	 94.732032	 94.732032	 94.732032	 94.732032	 94.732032	 94.732032	 94.732032	 94.732032	 94.732032	
        99	 98.827134	 98.654466	 98.482194	 98.310514	 98.139621	 97.969706	 97.800958	  97.63356	 97.467693	 97.303532	 97.141244	 96.980992	 96.822934	 96.667217	 96.513983	 96.363365	 96.215489	 96.070471	 95.928418	 95.789431	 95.653599	 95.521003	 95.391713	 95.265792	 95.143294	 95.024261	 94.908729	 94.796722	 94.688258	 94.583346	 94.481985	 94.384168	 94.289878	 94.199094	 94.111784	 94.027912	 93.947435	 93.870305	 93.796466	 93.725859	 93.658421	 93.594083	 93.532772	 93.474414	 93.418929	 93.366238	 93.316255	 93.268897	 93.224077	 93.181708	 93.141701	 93.103969	 93.068422	 93.034972	 93.003532	 92.974014	 92.946334	 92.920406	 92.896147	 92.873476	 92.852313	  92.83258	 92.814202	 92.797105	 92.781218	 92.766473	 92.752803	 92.740144	 92.728435	 92.717617	 92.707633	 92.698431	 92.689957	 92.682164	 92.675005	 92.668436	 92.662415	 92.656903	 92.651863	 92.647259	 92.643059	 92.639231	 92.635746	 92.632578	 92.629701	 92.627091	 92.624726	 92.622585	  92.62065	 92.618902	 92.617326	 92.615905	 92.614627	 92.613478	 92.612447	 92.611522	 92.610693	 92.609951	 92.609288	 92.608697	 92.608169	 92.607699	 92.607281	 92.606909	 92.606579	 92.606287	 92.606027	 92.605798	 92.605596	 92.605417	 92.605259	  92.60512	 92.604998	 92.604891	 92.604797	 92.604714	 92.604642	 92.604579	 92.604524	 92.604475	 92.604433	 92.604397	 92.604365	 92.604337	 92.604313	 92.604293	 92.604275	 92.604259	 92.604246	 92.604234	 92.604224	 92.604215	 92.604208	 92.604202	 92.604196	 92.604191	 92.604187	 92.604184	 92.604181	 92.604179	 92.604177	 92.604175	 92.604173	 92.604172	 92.604171	  92.60417	 92.604169	 92.604168	 92.604168	 92.604167	 92.604167	 92.604167	 92.604166	 92.604166	 92.604166	 92.604166	 92.604166	 92.604165	 92.604165	 92.604165	 92.604165	 92.604165	 92.604165	 92.604165	 92.604165	 92.604165	 92.604165	 92.604165	 92.604165	 92.604165	 92.604165	 92.604165	 92.604165	 92.604165	 92.604165	 92.604165	 92.604165	 92.604165	 92.604165	 92.604165	 92.604165	 92.604165	 92.604165	 92.604165	 92.604165	 92.604165	 92.604165	 92.604165	 92.604165	 92.604165	 92.604165	 92.604165	 92.604165	 92.604165	 92.604165	 92.604165	 92.604165	 92.604165	 92.604165	
        99	 98.769819	 98.539903	 98.310514	 98.081914	 97.854361	  97.62811	 97.403413	 97.180515	 96.959654	 96.741064	  96.52497	 96.311587	 96.101124	 95.893779	 95.689739	 95.489184	 95.292279	  95.09918	  94.91003	 94.724962	 94.544094	 94.367535	 94.195379	 94.027709	 93.864596	 93.706098	  93.55226	 93.403118	 93.258693	 93.118997	 92.984029	  92.85378	 92.728229	 92.607345	 92.491087	 92.379407	 92.272248	 92.169545	 92.071225	 91.977209	 91.887411	 91.801742	 91.720103	 91.642396	 91.568516	 91.498354	 91.431799	  91.36874	  91.30906	 91.252643	 91.199372	 91.149129	 91.101796	 91.057256	 91.015392	 90.976088	  90.93923	 90.904706	 90.872404	 90.842216	 90.814036	 90.787761	 90.763289	 90.740524	  90.71937	 90.699736	 90.681534	 90.664678	 90.649087	 90.634682	 90.621388	 90.609134	 90.597851	 90.587474	 90.577942	 90.569195	 90.561178	 90.553839	 90.547127	 90.540997	 90.535404	 90.530307	 90.525667	 90.521448	 90.517617	 90.514141	 90.510992	 90.508142	 90.505565	 90.503238	 90.501139	 90.499248	 90.497546	 90.496016	 90.494642	  90.49341	 90.492307	 90.491319	 90.490437	 90.489649	 90.488946	  90.48832	 90.487763	 90.487268	 90.486829	 90.486439	 90.486094	 90.485789	  90.48552	 90.485281	 90.485072	 90.484887	 90.484724	 90.484581	 90.484456	 90.484346	  90.48425	 90.484166	 90.484092	 90.484028	 90.483972	 90.483923	 90.483881	 90.483844	 90.483812	 90.483784	  90.48376	  90.48374	 90.483722	 90.483706	 90.483693	 90.483682	 90.483672	 90.483663	 90.483656	  90.48365	 90.483645	  90.48364	 90.483636	 90.483633	  90.48363	 90.483628	 90.483625	 90.483624	 90.483622	 90.483621	  90.48362	 90.483619	 90.483618	 90.483618	 90.483617	 90.483617	 90.483616	 90.483616	 90.483616	 90.483616	 90.483615	 90.483615	 90.483615	 90.483615	 90.483615	 90.483615	 90.483615	 90.483615	 90.483615	 90.483615	 90.483615	 90.483615	 90.483614	 90.483614	 90.483614	 90.483614	 90.483614	 90.483614	 90.483614	 90.483614	 90.483614	 90.483614	 90.483614	 90.483614	 90.483614	 90.483614	 90.483614	 90.483614	 90.483614	 90.483614	 90.483614	 90.483614	 90.483614	 90.483614	 90.483614	 90.483614	 90.483614	 90.483614	 90.483614	 90.483614	 90.483614	 90.483614	 90.483614	
        99	 98.712768	 98.425865	 98.139621	 97.854361	 97.570408	  97.28808	  97.00769	 96.729545	 96.453943	 96.181175	 95.911519	 95.645249	 95.382621	 95.123884	 94.869273	 94.619009	   94.3733	  94.13234	 93.896308	 93.665369	 93.439673	 93.219352	 93.004527	 92.795299	 92.591757	 92.393974	 92.202007	 92.015899	 91.835678	 91.661357	 91.492937	 91.330405	 91.173735	 91.022889	 90.877816	 90.738456	 90.604737	 90.476578	 90.353889	 90.236571	 90.124516	 90.017613	  89.91574	 89.818773	  89.72658	 89.639028	 89.555978	 89.477289	 89.402817	 89.332417	 89.265942	 89.203247	 89.144182	 89.088603	 89.036362	 88.987317	 88.941323	 88.898241	 88.857933	 88.820263	 88.785099	 88.752311	 88.721774	 88.693366	  88.66697	 88.642469	 88.619755	 88.598722	 88.579266	 88.561291	 88.544702	 88.529411	 88.515331	 88.502383	 88.490487	 88.479573	 88.469569	  88.46041	 88.452035	 88.444385	 88.437406	 88.431045	 88.425256	 88.419992	 88.415211	 88.410874	 88.406944	 88.403387	 88.400171	 88.397267	 88.394648	 88.392288	 88.390165	 88.388256	 88.386542	 88.385004	 88.383627	 88.382395	 88.381294	  88.38031	 88.379433	 88.378652	 88.377958	  88.37734	 88.376792	 88.376306	 88.375875	 88.375494	 88.375158	 88.374861	 88.374599	 88.374368	 88.374165	 88.373987	  88.37383	 88.373693	 88.373573	 88.373468	 88.373376	 88.373296	 88.373226	 88.373166	 88.373113	 88.373067	 88.373027	 88.372992	 88.372963	 88.372937	 88.372914	 88.372895	 88.372879	 88.372864	 88.372852	 88.372841	 88.372832	 88.372825	 88.372818	 88.372812	 88.372807	 88.372803	   88.3728	 88.372797	 88.372794	 88.372792	  88.37279	 88.372789	 88.372787	 88.372786	 88.372785	 88.372784	 88.372784	 88.372783	 88.372783	 88.372782	 88.372782	 88.372782	 88.372781	 88.372781	 88.372781	 88.372781	 88.372781	 88.372781	 88.372781	 88.372781	 88.372781	 88.372781	 88.372781	  88.37278	  88.37278	  88.37278	  88.37278	  88.37278	  88.37278	  88.37278	  88.37278	  88.37278	  88.37278	  88.37278	  88.37278	  88.37278	  88.37278	  88.37278	  88.37278	  88.37278	  88.37278	  88.37278	  88.37278	  88.37278	  88.37278	  88.37278	  88.37278	  88.37278	  88.37278	  88.37278	  88.37278	  88.37278	  88.37278	  88.37278	  88.37278	
        99	 98.656043	 98.312481	 97.969706	  97.62811	  97.28808	 96.949996	 96.614233	 96.281157	 95.951127	  95.62449	 95.301581	 94.982725	 94.668231	 94.358397	 94.053503	 93.753814	  93.45958	 93.171034	 92.888389	 92.611842	 92.341573	 92.077742	 91.820491	 91.569943	 91.326205	 91.089362	 90.859483	 90.636621	 90.420808	 90.212061	  90.01038	  89.81575	  89.62814	 89.447503	  89.27378	 89.106898	 88.946772	 88.793303	 88.646384	 88.505896	 88.371712	 88.243697	 88.121705	 88.005588	 87.895189	 87.790346	 87.690895	 87.596666	 87.507486	 87.423183	  87.34358	 87.268503	 87.197774	 87.131218	 87.068661	 87.009929	 86.954853	 86.903263	 86.854994	 86.809884	 86.767775	 86.728513	 86.691945	 86.657927	 86.626317	 86.596979	 86.569779	 86.544591	 86.521293	 86.499768	 86.479903	 86.461592	 86.444732	 86.429226	 86.414982	 86.401912	 86.389932	 86.378965	 86.368936	 86.359775	 86.351417	 86.343801	 86.336868	 86.330564	 86.324839	 86.319645	 86.314939	  86.31068	 86.306829	 86.303352	 86.300216	  86.29739	 86.294847	 86.292561	 86.290508	 86.288667	 86.287018	 86.285543	 86.284224	 86.283046	 86.281996	 86.281061	 86.280229	 86.279489	 86.278833	 86.278251	 86.277735	 86.277279	 86.276876	  86.27652	 86.276207	  86.27593	 86.275687	 86.275474	 86.275287	 86.275122	 86.274979	 86.274853	 86.274743	 86.274647	 86.274563	 86.274491	 86.274427	 86.274372	 86.274325	 86.274283	 86.274247	 86.274216	  86.27419	 86.274167	 86.274147	  86.27413	 86.274115	 86.274102	 86.274091	 86.274082	 86.274074	 86.274067	 86.274062	 86.274057	 86.274052	 86.274049	 86.274046	 86.274043	 86.274041	 86.274039	 86.274038	 86.274036	 86.274035	 86.274034	 86.274033	 86.274033	 86.274032	 86.274032	 86.274031	 86.274031	 86.274031	  86.27403	  86.27403	  86.27403	  86.27403	  86.27403	  86.27403	  86.27403	 86.274029	 86.274029	 86.274029	 86.274029	 86.274029	 86.274029	 86.274029	 86.274029	 86.274029	 86.274029	 86.274029	 86.274029	 86.274029	 86.274029	 86.274029	 86.274029	 86.274029	 86.274029	 86.274029	 86.274029	 86.274029	 86.274029	 86.274029	 86.274029	 86.274029	 86.274029	 86.274029	 86.274029	 86.274029	 86.274029	 86.274029	 86.274029	 86.274029	 86.274029	 86.274029	
        99	 98.599707	 98.199874	 97.800958	 97.403413	  97.00769	 96.614233	 96.223476	 95.835847	 95.451763	 95.071626	 94.695829	 94.324749	 93.958746	 93.598164	 93.243333	 92.894559	 92.552134	 92.216327	 91.887389	 91.565548	 91.251012	 90.943969	 90.644584	    90.353	  90.06934	 89.793706	 89.526176	 89.266812	 89.015652	 88.772715	 88.538002	 88.311494	 88.093155	 87.882933	 87.680756	 87.486541	 87.300188	 87.121583	 86.950601	 86.787103	 86.630942	 86.481959	 86.339987	 86.204851	  86.07637	 85.954356	 85.838616	 85.728953	 85.625167	 85.527056	 85.434416	 85.347041	 85.264728	 85.187271	 85.114468	 85.046117	 84.982019	  84.92198	 84.865805	 84.813307	 84.764302	 84.718608	 84.676051	 84.636462	 84.599674	  84.56553	 84.533876	 84.504563	 84.477449	 84.452398	  84.42928	  84.40797	 84.388348	 84.370303	 84.353725	 84.338514	 84.324572	 84.311809	 84.300137	 84.289476	  84.27975	 84.270886	 84.262817	 84.255481	 84.248818	 84.242774	 84.237297	  84.23234	 84.227859	 84.223812	 84.220162	 84.216873	 84.213913	 84.211253	 84.208864	 84.206722	 84.204803	 84.203085	 84.201551	  84.20018	 84.198958	  84.19787	 84.196901	 84.196041	 84.195277	 84.194599	 84.193999	 84.193468	 84.192999	 84.192585	  84.19222	 84.191899	 84.191616	 84.191368	  84.19115	 84.190958	 84.190791	 84.190645	 84.190517	 84.190405	 84.190308	 84.190223	  84.19015	 84.190086	  84.19003	 84.189982	  84.18994	 84.189904	 84.189873	 84.189846	 84.189823	 84.189803	 84.189786	 84.189771	 84.189759	 84.189748	 84.189739	 84.189731	 84.189724	 84.189718	 84.189713	 84.189709	 84.189706	 84.189702	   84.1897	 84.189698	 84.189696	 84.189694	 84.189693	 84.189692	 84.189691	  84.18969	  84.18969	 84.189689	 84.189689	 84.189688	 84.189688	 84.189688	 84.189687	 84.189687	 84.189687	 84.189687	 84.189687	 84.189687	 84.189687	 84.189687	 84.189686	 84.189686	 84.189686	 84.189686	 84.189686	 84.189686	 84.189686	 84.189686	 84.189686	 84.189686	 84.189686	 84.189686	 84.189686	 84.189686	 84.189686	 84.189686	 84.189686	 84.189686	 84.189686	 84.189686	 84.189686	 84.189686	 84.189686	 84.189686	 84.189686	 84.189686	 84.189686	 84.189686	 84.189686	 84.189686	 84.189686	 84.189686	 84.189686	
        99	 98.543823	 98.088169	  97.63356	 97.180515	 96.729545	 96.281157	 95.835847	 95.394102	 94.956395	 94.523189	 94.094927	  93.67204	 93.254939	 92.844018	 92.439648	 92.042183	 91.651952	 91.269263	 90.894402	 90.527629	 90.169181	 89.819272	  89.47809	 89.145798	 88.822536	 88.508421	 88.203542	 87.907968	 87.621743	  87.34489	 87.077409	 86.819278	 86.570458	 86.330886	 86.100484	 85.879155	 85.666785	 85.463245	 85.268392	 85.082068	 84.904105	 84.734323	 84.572531	 84.418529	 84.272111	 84.133062	 84.001163	  83.87619	 83.757915	 83.646107	 83.540533	  83.44096	 83.347155	 83.258885	 83.175917	 83.098024	 83.024978	 82.956556	 82.892539	 82.832712	 82.776865	 82.724792	 82.676294	 82.631177	 82.589254	 82.550343	 82.514269	 82.480864	 82.449965	 82.421417	 82.395071	 82.370786	 82.348425	  82.32786	 82.308968	 82.291633	 82.275745	   82.2612	 82.247899	 82.235749	 82.224665	 82.214563	 82.205368	 82.197008	 82.189415	 82.182527	 82.176286	 82.170636	 82.165529	 82.160918	 82.156758	  82.15301	 82.149637	 82.146606	 82.143883	 82.141442	 82.139255	 82.137298	 82.135549	 82.133987	 82.132594	 82.131354	  82.13025	 82.129269	 82.128399	 82.127627	 82.126943	 82.126338	 82.125803	 82.125332	 82.124916	 82.124549	 82.124227	 82.123944	 82.123696	 82.123478	 82.123287	  82.12312	 82.122974	 82.122847	 82.122736	  82.12264	 82.122556	 82.122483	  82.12242	 82.122365	 82.122317	 82.122276	 82.122241	  82.12221	 82.122184	 82.122161	 82.122142	 82.122125	  82.12211	 82.122098	 82.122088	 82.122078	 82.122071	 82.122064	 82.122059	 82.122054	  82.12205	 82.122046	 82.122043	 82.122041	 82.122039	 82.122037	 82.122036	 82.122034	 82.122033	 82.122032	 82.122032	 82.122031	  82.12203	  82.12203	  82.12203	 82.122029	 82.122029	 82.122029	 82.122029	 82.122029	 82.122028	 82.122028	 82.122028	 82.122028	 82.122028	 82.122028	 82.122028	 82.122028	 82.122028	 82.122028	 82.122028	 82.122028	 82.122028	 82.122028	 82.122028	 82.122028	 82.122028	 82.122028	 82.122028	 82.122028	 82.122028	 82.122028	 82.122028	 82.122028	 82.122028	 82.122028	 82.122028	 82.122028	 82.122028	 82.122028	 82.122028	 82.122028	 82.122028	 82.122028	 82.122028	 82.122028	 82.122028	
        99	 98.488449	 97.977485	 97.467693	 96.959654	 96.453943	 95.951127	 95.451763	 94.956395	 94.465557	 93.979765	 93.499519	 93.025299	 92.557568	 92.096766	 91.643312	 91.197599	     90.76	 90.330858	 89.910494	 89.499199	 89.097241	 88.704858	  88.32226	 87.949633	 87.587132	 87.234887	    86.893	 86.561547	 86.240579	  85.93012	  85.63017	 85.340706	 85.061682	  84.79303	  84.53466	 84.286464	 84.048315	 83.820069	 83.601563	 83.392623	 83.193058	 83.002666	 82.821234	 82.648539	 82.484347	  82.32842	 82.180511	 82.040368	 81.907735	 81.782355	 81.663966	 81.552307	 81.447115	  81.34813	 81.255091	 81.167743	  81.08583	 81.009103	 80.937315	 80.870226	 80.807599	 80.749205	  80.69482	 80.644227	 80.597215	 80.553581	 80.513128	 80.475668	 80.441018	 80.409005	 80.379461	 80.352228	 80.327153	 80.304091	 80.282906	 80.263467	 80.245651	 80.229339	 80.214424	   80.2008	  80.18837	 80.177042	 80.166731	 80.157356	 80.148841	 80.141117	 80.134118	 80.127783	 80.122056	 80.116885	  80.11222	 80.108017	 80.104235	 80.100835	 80.097782	 80.095045	 80.092592	 80.090397	 80.088436	 80.086685	 80.085123	 80.083732	 80.082494	 80.081394	 80.080418	 80.079552	 80.078786	 80.078107	 80.077508	 80.076979	 80.076512	 80.076102	  80.07574	 80.075423	 80.075144	   80.0749	 80.074686	 80.074499	 80.074335	 80.074193	 80.074068	  80.07396	 80.073866	 80.073784	 80.073713	 80.073652	 80.073599	 80.073552	 80.073513	 80.073478	 80.073449	 80.073423	 80.073401	 80.073383	 80.073367	 80.073353	 80.073341	 80.073331	 80.073322	 80.073315	 80.073308	 80.073303	 80.073299	 80.073295	 80.073291	 80.073289	 80.073286	 80.073284	 80.073283	 80.073281	  80.07328	 80.073279	 80.073278	 80.073277	 80.073277	 80.073276	 80.073276	 80.073276	 80.073275	 80.073275	 80.073275	 80.073275	 80.073275	 80.073274	 80.073274	 80.073274	 80.073274	 80.073274	 80.073274	 80.073274	 80.073274	 80.073274	 80.073274	 80.073274	 80.073274	 80.073274	 80.073274	 80.073274	 80.073274	 80.073274	 80.073274	 80.073274	 80.073274	 80.073274	 80.073274	 80.073274	 80.073274	 80.073274	 80.073274	 80.073274	 80.073274	 80.073274	 80.073274	 80.073274	 80.073274	 80.073274	 80.073274	 80.073274	 80.073274	
        99	 98.433645	 97.867939	 97.303532	 96.741064	 96.181175	  95.62449	 95.071626	 94.523189	 93.979765	 93.441928	 92.910231	 92.385206	 91.867365	 91.357196	 90.855161	 90.361698	 89.877217	   89.4021	   88.9367	 88.481342	 88.036321	   87.6019	 87.178313	 86.765765	 86.364428	 85.974445	 85.595931	 85.228968	 84.873613	 84.529893	 84.197809	 83.877333	 83.568416	 83.270982	 82.984932	 82.710147	 82.446484	 82.193784	 81.951869	 81.720544	 81.499599	  81.28881	 81.087941	 80.896744	 80.714962	 80.542329	 80.378574	 80.223417	 80.076575	 79.937763	  79.80669	 79.683068	 79.566607	 79.457017	 79.354011	 79.257304	 79.166616	 79.081669	  79.00219	 78.927913	 78.858577	 78.793927	 78.733716	 78.677703	 78.625654	 78.577345	 78.532559	 78.491085	 78.452723	  78.41728	 78.384571	  78.35442	 78.326659	 78.301127	 78.277672	 78.256151	 78.236425	 78.218366	 78.201853	 78.186769	 78.173008	 78.160466	  78.14905	 78.138671	 78.129244	 78.120692	 78.112943	  78.10593	 78.099589	 78.093864	 78.088699	 78.084046	 78.079859	 78.076095	 78.072715	 78.069684	 78.066969	 78.064539	 78.062367	 78.060428	   78.0587	 78.057159	 78.055789	 78.054572	 78.053491	 78.052532	 78.051683	 78.050932	 78.050269	 78.049683	 78.049166	 78.048712	 78.048312	  78.04796	 78.047652	 78.047381	 78.047144	 78.046937	 78.046756	 78.046598	 78.046461	 78.046341	 78.046237	 78.046146	 78.046067	 78.045999	  78.04594	 78.045889	 78.045845	 78.045807	 78.045775	 78.045746	 78.045722	 78.045701	 78.045684	 78.045668	 78.045655	 78.045644	 78.045634	 78.045626	 78.045619	 78.045613	 78.045608	 78.045604	   78.0456	 78.045597	 78.045595	 78.045593	 78.045591	 78.045589	 78.045588	 78.045587	 78.045586	 78.045585	 78.045584	 78.045584	 78.045583	 78.045583	 78.045583	 78.045582	 78.045582	 78.045582	 78.045582	 78.045582	 78.045582	 78.045581	 78.045581	 78.045581	 78.045581	 78.045581	 78.045581	 78.045581	 78.045581	 78.045581	 78.045581	 78.045581	 78.045581	 78.045581	 78.045581	 78.045581	 78.045581	 78.045581	 78.045581	 78.045581	 78.045581	 78.045581	 78.045581	 78.045581	 78.045581	 78.045581	 78.045581	 78.045581	 78.045581	 78.045581	 78.045581	 78.045581	 78.045581	 78.045581	 78.045581	
        99	 98.379466	 97.759644	 97.141244	  96.52497	 95.911519	 95.301581	 94.695829	 94.094927	 93.499519	 92.910231	  92.32767	  91.75242	 91.185042	 90.626069	 90.076008	 89.535339	 89.004511	 88.483943	 87.974023	 87.475104	 86.987511	 86.511532	 86.047425	 85.595411	 85.155681	 84.728392	 84.313668	 83.911601	 83.522252	 83.145651	 82.781799	 82.430666	 82.092197	  81.76631	 81.452896	 81.151824	 80.862938	 80.586065	 80.321008	 80.067554	 79.825472	 79.594519	 79.374434	 79.164946	 78.965775	 78.776628	 78.597207	 78.427208	 78.266319	 78.114227	 77.970616	 77.835168	 77.707566	 77.587492	 77.474632	 77.368675	 77.269311	 77.176238	 77.089156	 77.007773	 76.931805	  76.86097	 76.794999	 76.733627	 76.676599	 76.623669	 76.574598	 76.529157	 76.487125	 76.448292	 76.412454	 76.379418	 76.349001	 76.321027	 76.295329	 76.271748	 76.250136	  76.23035	 76.212256	  76.19573	 76.180652	 76.166911	 76.154403	  76.14303	 76.132701	 76.123332	 76.114842	 76.107157	  76.10021	 76.093937	 76.088278	  76.08318	 76.078592	 76.074468	 76.070765	 76.067444	 76.064469	 76.061807	 76.059427	 76.057303	 76.055409	 76.053721	  76.05222	 76.050886	 76.049701	 76.048651	 76.047721	 76.046898	 76.046171	 76.045529	 76.044964	 76.044465	 76.044027	 76.043642	 76.043304	 76.043008	 76.042748	 76.042521	 76.042323	  76.04215	 76.041999	 76.041868	 76.041754	 76.041654	 76.041568	 76.041494	 76.041429	 76.041373	 76.041325	 76.041283	 76.041247	 76.041217	  76.04119	 76.041167	 76.041148	 76.041131	 76.041116	 76.041104	 76.041094	 76.041085	 76.041077	 76.041071	 76.041065	  76.04106	 76.041057	 76.041053	  76.04105	 76.041048	 76.041046	 76.041044	 76.041043	 76.041041	  76.04104	  76.04104	 76.041039	 76.041038	 76.041038	 76.041037	 76.041037	 76.041037	 76.041036	 76.041036	 76.041036	 76.041036	 76.041036	 76.041036	 76.041036	 76.041036	 76.041036	 76.041035	 76.041035	 76.041035	 76.041035	 76.041035	 76.041035	 76.041035	 76.041035	 76.041035	 76.041035	 76.041035	 76.041035	 76.041035	 76.041035	 76.041035	 76.041035	 76.041035	 76.041035	 76.041035	 76.041035	 76.041035	 76.041035	 76.041035	 76.041035	 76.041035	 76.041035	 76.041035	 76.041035	 76.041035	 76.041035	
        99	 98.325967	 97.652708	 96.980992	 96.311587	 95.645249	 94.982725	 94.324749	  93.67204	 93.025299	 92.385206	  91.75242	 91.127576	 90.511281	 89.904117	 89.306633	 88.719351	 88.142758	  87.57731	 87.023427	 86.481494	 85.951864	 85.434849	 84.930729	 84.439745	 83.962104	 83.497977	 83.047498	 82.610767	  82.18785	 81.778781	 81.383559	 81.002154	 80.634504	 80.280521	 79.940086	 79.613057	 79.299266	 78.998522	 78.710613	 78.435308	 78.172356	  77.92149	 77.682431	 77.454883	  77.23854	 77.033086	 76.838197	 76.653541	 76.478781	 76.313577	 76.157584	 76.010459	 75.871855	  75.74143	  75.61884	 75.503747	 75.395817	 75.294719	  75.20013	 75.111731	 75.029212	 74.952271	 74.880612	 74.813949	 74.752005	 74.694512	  74.64121	 74.591851	 74.546195	 74.504014	 74.465086	 74.429203	 74.396163	 74.365777	 74.337864	  74.31225	 74.288774	 74.267282	 74.247629	 74.229678	   74.2133	 74.198374	 74.184788	 74.172434	 74.161215	 74.151038	 74.141816	 74.133469	 74.125923	 74.119109	 74.112962	 74.107425	 74.102441	 74.097961	 74.093939	 74.090332	   74.0871	 74.084209	 74.081624	 74.079317	 74.077259	 74.075426	 74.073795	 74.072346	  74.07106	 74.069919	 74.068909	 74.068015	 74.067225	 74.066528	 74.065913	 74.065372	 74.064896	 74.064478	  74.06411	 74.063789	 74.063507	  74.06326	 74.063045	 74.062857	 74.062693	  74.06255	 74.062426	 74.062319	 74.062225	 74.062144	 74.062074	 74.062013	 74.061961	 74.061916	 74.061877	 74.061843	 74.061814	 74.061789	 74.061768	  74.06175	 74.061734	 74.061721	  74.06171	   74.0617	 74.061692	 74.061685	 74.061679	 74.061674	 74.061669	 74.061666	 74.061663	  74.06166	 74.061658	 74.061656	 74.061654	 74.061653	 74.061652	 74.061651	  74.06165	 74.061649	 74.061649	 74.061648	 74.061648	 74.061648	 74.061647	 74.061647	 74.061647	 74.061647	 74.061647	 74.061647	 74.061647	 74.061647	 74.061646	 74.061646	 74.061646	 74.061646	 74.061646	 74.061646	 74.061646	 74.061646	 74.061646	 74.061646	 74.061646	 74.061646	 74.061646	 74.061646	 74.061646	 74.061646	 74.061646	 74.061646	 74.061646	 74.061646	 74.061646	 74.061646	 74.061646	 74.061646	 74.061646	 74.061646	 74.061646	 74.061646	 74.061646	 74.061646	 74.061646	
        99	   98.2732	 97.547235	 96.822934	 96.101124	 95.382621	 94.668231	 93.958746	 93.254939	 92.557568	 91.867365	 91.185042	 90.511281	  89.84674	 89.192043	 88.547785	 87.914528	 87.292796	 86.683082	 86.085837	  85.50148	 84.930387	 84.372898	 83.829312	 83.299892	 82.784859	 82.284397	 81.798652	 81.327731	 80.871707	 80.430613	 80.004451	 79.593188	 79.196757	 78.815062	 78.447976	 78.095345	 77.756989	 77.432701	 77.122253	 76.825395	 76.541858	 76.271354	  76.01358	 75.768218	 75.534938	   75.3134	 75.103254	 74.904142	 74.715701	 74.537564	  74.36936	 74.210717	 74.061262	 73.920626	  73.78844	 73.664337	 73.547957	 73.438945	 73.336951	 73.241632	 73.152653	 73.069688	  72.99242	 72.920538	 72.853745	  72.79175	 72.734276	 72.681053	 72.631823	 72.586339	 72.544364	 72.505672	 72.470046	 72.437281	 72.407182	 72.379563	 72.354249	 72.331075	 72.309883	 72.290527	 72.272866	 72.256772	 72.242122	 72.228802	 72.216705	  72.20573	 72.195786	 72.186786	 72.178649	 72.171302	 72.164674	 72.158703	 72.153329	 72.148499	 72.144162	 72.140272	 72.136787	 72.133669	 72.130882	 72.128394	 72.126176	 72.124199	 72.122441	 72.120878	 72.119491	 72.118261	 72.117172	 72.116208	 72.115356	 72.114605	 72.113942	 72.113358	 72.112845	 72.112394	 72.111998	 72.111651	 72.111347	 72.111081	 72.110849	 72.110646	  72.11047	 72.110316	 72.110182	 72.110066	 72.109965	 72.109878	 72.109802	 72.109736	  72.10968	 72.109631	 72.109589	 72.109553	 72.109522	 72.109495	 72.109472	 72.109453	 72.109436	 72.109421	 72.109409	 72.109399	  72.10939	 72.109382	 72.109376	  72.10937	 72.109366	 72.109362	 72.109358	 72.109356	 72.109353	 72.109351	 72.109349	 72.109348	 72.109347	 72.109346	 72.109345	 72.109344	 72.109344	 72.109343	 72.109343	 72.109342	 72.109342	 72.109342	 72.109342	 72.109342	 72.109341	 72.109341	 72.109341	 72.109341	 72.109341	 72.109341	 72.109341	 72.109341	 72.109341	 72.109341	 72.109341	 72.109341	 72.109341	 72.109341	 72.109341	 72.109341	 72.109341	 72.109341	 72.109341	 72.109341	 72.109341	 72.109341	 72.109341	 72.109341	 72.109341	 72.109341	 72.109341	 72.109341	 72.109341	 72.109341	 72.109341	 72.109341	 72.109341	 72.109341	 72.109341	
        99	 98.221215	 97.443324	 96.667217	 95.893779	 95.123884	 94.358397	 93.598164	 92.844018	 92.096766	 91.357196	 90.626069	 89.904117	 89.192043	 88.490519	  87.80018	 87.121627	 86.455426	 85.802101	 85.162138	 84.535984	 83.924043	 83.326678	 82.744212	 82.176925	 81.625053	 81.088795	 80.568307	 80.063703	 79.575061	 79.102418	 78.645775	 78.205095	 77.780309	 77.371312	  76.97797	 76.600117	  76.23756	 75.890077	 75.557424	 75.239333	 74.935515	 74.645663	 74.369451	  74.10654	 73.856575	 73.619191	 73.394014	  73.18066	 72.978741	 72.787862	 72.607627	 72.437637	 72.277493	 72.126797	 71.985156	 71.852177	 71.727473	 71.610663	 71.501374	 71.399237	 71.303894	 71.214995	   71.1322	 71.055177	 70.983606	 70.917177	 70.855592	 70.798562	 70.745811	 70.697074	 70.652097	 70.610637	 70.572462	 70.537354	 70.505102	 70.475508	 70.448384	 70.423552	 70.400844	 70.380103	  70.36118	 70.343934	 70.328237	 70.313964	 70.301001	 70.289242	 70.278586	 70.268942	 70.260224	  70.25235	 70.245249	 70.238851	 70.233093	 70.227917	 70.223269	 70.219101	 70.215367	 70.212026	  70.20904	 70.206374	 70.203997	 70.201879	 70.199995	  70.19832	 70.196834	 70.195516	 70.194349	 70.193316	 70.192403	 70.191598	 70.190888	 70.190262	 70.189712	 70.189229	 70.188805	 70.188433	 70.188107	 70.187822	 70.187574	 70.187356	 70.187167	 70.187002	 70.186859	 70.186735	 70.186627	 70.186533	 70.186452	 70.186382	 70.186321	 70.186269	 70.186224	 70.186185	 70.186152	 70.186123	 70.186099	 70.186078	  70.18606	 70.186044	 70.186031	  70.18602	  70.18601	 70.186002	 70.185995	 70.185989	 70.185984	  70.18598	 70.185976	 70.185973	 70.185971	 70.185969	 70.185967	 70.185965	 70.185964	 70.185963	 70.185962	 70.185961	 70.185961	  70.18596	  70.18596	 70.185959	 70.185959	 70.185959	 70.185959	 70.185958	 70.185958	 70.185958	 70.185958	 70.185958	 70.185958	 70.185958	 70.185958	 70.185958	 70.185958	 70.185958	 70.185958	 70.185958	 70.185958	 70.185958	 70.185958	 70.185958	 70.185958	 70.185958	 70.185958	 70.185958	 70.185958	 70.185958	 70.185958	 70.185958	 70.185958	 70.185958	 70.185958	 70.185958	 70.185958	 70.185958	 70.185958	 70.185958	 70.185958	 70.185958	 70.185958	
        99	 98.170059	  97.34107	 96.513983	 95.689739	 94.869273	 94.053503	 93.243333	 92.439648	 91.643312	 90.855161	 90.076008	 89.306633	 88.547785	  87.80018	 87.064494	  86.34137	 85.631407	 84.935167	 84.253167	 83.585883	 82.933745	 82.297141	 81.676414	 81.071863	 80.483741	 79.912258	  79.35758	  78.81983	  78.29909	 77.795401	 77.308762	 76.839135	 76.386446	 75.950583	 75.531404	 75.128731	 74.742358	  74.37205	 74.017546	  73.67856	 73.354786	 73.045894	 72.751539	 72.471357	 72.204972	 71.951996	 71.712027	 71.484659	 71.269476	 71.066059	 70.873985	 70.692828	 70.522165	 70.361571	 70.210625	 70.068911	 69.936015	 69.811533	 69.695065	 69.586219	 69.484613	 69.389875	 69.301641	 69.219558	 69.143286	 69.072494	 69.006863	 68.946087	 68.889871	 68.837933	 68.790001	 68.745817	 68.705136	 68.667721	 68.633351	 68.601813	 68.572907	 68.546443	 68.522244	 68.500141	 68.479974	 68.461596	 68.444867	 68.429657	 68.415843	 68.403311	 68.391956	 68.381678	 68.372387	 68.363996	 68.356428	  68.34961	 68.343474	 68.337958	 68.333005	 68.328563	 68.324584	 68.321024	 68.317841	    68.315	 68.312466	  68.31021	 68.308202	 68.306417	 68.304833	 68.303429	 68.302185	 68.301084	 68.300112	 68.299253	 68.298497	  68.29783	 68.297244	 68.296729	 68.296277	  68.29588	 68.295533	  68.29523	 68.294965	 68.294733	 68.294532	 68.294356	 68.294203	  68.29407	 68.293955	 68.293856	 68.293769	 68.293694	  68.29363	 68.293574	 68.293526	 68.293485	 68.293449	 68.293419	 68.293393	  68.29337	 68.293351	 68.293335	 68.293321	 68.293309	 68.293299	  68.29329	 68.293282	 68.293276	 68.293271	 68.293266	 68.293263	 68.293259	 68.293257	 68.293254	 68.293252	 68.293251	 68.293249	 68.293248	 68.293247	 68.293247	 68.293246	 68.293245	 68.293245	 68.293244	 68.293244	 68.293244	 68.293244	 68.293243	 68.293243	 68.293243	 68.293243	 68.293243	 68.293243	 68.293243	 68.293243	 68.293243	 68.293243	 68.293243	 68.293243	 68.293243	 68.293243	 68.293243	 68.293243	 68.293243	 68.293243	 68.293243	 68.293243	 68.293243	 68.293243	 68.293243	 68.293243	 68.293243	 68.293243	 68.293243	 68.293243	 68.293243	 68.293243	 68.293243	 68.293243	 68.293243	 68.293243	 68.293243	 68.293243	
        99	 98.119776	 97.240562	 96.363365	 95.489184	 94.619009	 93.753814	 92.894559	 92.042183	 91.197599	 90.361698	 89.535339	 88.719351	 87.914528	 87.121627	  86.34137	 85.574434	 84.821458	 84.083035	 83.359716	 82.652003	 81.960355	 81.285182	 80.626848	 79.985669	 79.361915	 78.755808	 78.167524	 77.597195	 77.044905	 76.510699	 75.994576	 75.496497	 75.016381	 74.554112	 74.109536	 73.682466	 73.272684	 72.879941	 72.503959	 72.144436	 71.801045	 71.473439	  71.16125	 70.864093	 70.581569	 70.313266	 70.058759	 69.817615	 69.589395	 69.373654	 69.169942	  68.97781	 68.796807	 68.626483	 68.466392	 68.316092	 68.175145	 68.043121	 67.919596	 67.804156	 67.696394	 67.595916	 67.502336	 67.415281	 67.334387	 67.259306	 67.189699	 67.125241	 67.065619	 67.010534	 66.959698	 66.912838	 66.869692	  66.83001	 66.793557	 66.760108	 66.729451	 66.701385	 66.675719	 66.652277	 66.630888	 66.611397	 66.593654	 66.577522	 66.562871	  66.54958	 66.537537	 66.526637	 66.516783	 66.507884	 66.499857	 66.492626	 66.486118	 66.480268	 66.475015	 66.470304	 66.466084	 66.462308	 66.458932	 66.455919	 66.453232	 66.450838	 66.448709	 66.446816	 66.445136	 66.443647	 66.442327	  66.44116	 66.440129	 66.439218	 66.438416	 66.437709	 66.437087	 66.436541	 66.436061	 66.435641	 66.435273	 66.434951	  66.43467	 66.434424	  66.43421	 66.434024	 66.433862	 66.433721	 66.433599	 66.433494	 66.433402	 66.433323	 66.433254	 66.433195	 66.433144	   66.4331	 66.433063	  66.43303	 66.433003	 66.432979	 66.432959	 66.432941	 66.432926	 66.432914	 66.432903	 66.432894	 66.432886	 66.432879	 66.432873	 66.432869	 66.432865	 66.432861	 66.432858	 66.432856	 66.432854	 66.432852	 66.432851	 66.432849	 66.432848	 66.432848	 66.432847	 66.432846	 66.432846	 66.432845	 66.432845	 66.432845	 66.432845	 66.432844	 66.432844	 66.432844	 66.432844	 66.432844	 66.432844	 66.432844	 66.432844	 66.432844	 66.432844	 66.432843	 66.432843	 66.432843	 66.432843	 66.432843	 66.432843	 66.432843	 66.432843	 66.432843	 66.432843	 66.432843	 66.432843	 66.432843	 66.432843	 66.432843	 66.432843	 66.432843	 66.432843	 66.432843	 66.432843	 66.432843	 66.432843	 66.432843	 66.432843	 66.432843	 66.432843	
        99	 98.070409	 97.141884	 96.215489	 95.292279	   94.3733	  93.45958	 92.552134	 91.651952	     90.76	 89.877217	 89.004511	 88.142758	 87.292796	 86.455426	 85.631407	 84.821458	 84.026251	 83.246414	 82.482527	 81.735122	 81.004682	 80.291642	 79.596385	 78.919246	 78.260508	 77.620408	  76.99913	 76.396813	 75.813549	 75.249381	 74.704312	 74.178297	 73.671254	 73.183058	 72.713548	 72.262526	 71.829762	 71.414991	 71.017922	 70.638235	 70.275585	 69.929605	 69.599906	 69.286084	 68.987715	 68.704363	 68.435582	 68.180914	 67.939894	 67.712053	 67.496916	 67.294008	 67.102853	 66.922977	 66.753908	 66.595178	 66.446326	 66.306897	 66.176444	 66.054529	 65.940724	  65.83461	 65.735782	 65.643844	 65.558414	 65.479122	 65.405611	 65.337537	 65.274572	 65.216397	  65.16271	 65.113222	 65.067655	 65.025748	 64.987251	 64.951926	  64.91955	 64.889909	 64.862804	 64.838047	 64.815459	 64.794874	 64.776137	   64.7591	 64.743627	 64.729591	 64.716872	  64.70536	 64.694953	 64.685556	 64.677079	 64.669442	 64.662569	 64.656391	 64.650843	 64.645868	 64.641411	 64.637423	 64.633859	 64.630676	 64.627839	 64.625311	 64.623062	 64.621063	 64.619289	 64.617716	 64.616322	 64.615089	    64.614	 64.613039	 64.612191	 64.611445	 64.610788	 64.610211	 64.609705	 64.609261	 64.608872	 64.608532	 64.608235	 64.607976	  64.60775	 64.607553	 64.607382	 64.607234	 64.607105	 64.606993	 64.606896	 64.606813	  64.60674	 64.606678	 64.606624	 64.606578	 64.606538	 64.606504	 64.606475	 64.606449	 64.606428	  64.60641	 64.606394	  64.60638	 64.606369	 64.606359	 64.606351	 64.606344	 64.606338	 64.606333	 64.606329	 64.606325	 64.606322	  64.60632	 64.606317	 64.606316	 64.606314	 64.606313	 64.606312	 64.606311	  64.60631	 64.606309	 64.606309	 64.606308	 64.606308	 64.606308	 64.606308	 64.606307	 64.606307	 64.606307	 64.606307	 64.606307	 64.606307	 64.606307	 64.606307	 64.606307	 64.606307	 64.606307	 64.606306	 64.606306	 64.606306	 64.606306	 64.606306	 64.606306	 64.606306	 64.606306	 64.606306	 64.606306	 64.606306	 64.606306	 64.606306	 64.606306	 64.606306	 64.606306	 64.606306	 64.606306	 64.606306	 64.606306	 64.606306	 64.606306	 64.606306	 64.606306	 64.606306	
