Time step 44:
        99	        99	        99	        99	        99	        99	        99	        99	        99	        99	        99	        99	        99	        99	        99	        99	        99	        99	        99	        99	        99	        99	        99	        99	        99	        99	        99	        99	        99	        99	        99	        99	        99	        99	        99	        99	        99	        99	        99	        99	        99	        99	        99	        99	        99	        99	        99	        99	        99	        99	        99	        99	        99	        99	        99	        99	        99	        99	        99	        99	        99	        99	        99	        99	        99	        99	        99	        99	        99	        99	        99	        99	        99	        99	        99	        99	        99	        99	        99	        99	        99	        99	        99	        99	        99	        99	        99	        99	        99	        99	        99	        99	        99	        99	        99	        99	        99	        99	        99	        99	        99	        99	        99	        99	        99	        99	        99	        99	        99	        99	        99	        99	        99	        99	        99	        99	        99	        99	        99	        99	        99	        99	        99	        99	        99	        99	        99	        99	        99	        99	        99	        99	        99	        99	        99	        99	        99	        99	        99	        99	        99	        99	        99	        99	        99	        99	        99	        99	        99	        99	        99	        99	        99	        99	        99	        99	        99	        99	        99	        99	        99	        99	        99	        99	        99	        99	        99	        99	        99	        99	        99	        99	        99	        99	        99	        99	        99	        99	        99	        99	        99	        99	        99	        99	        99	        99	        99	        99	        99	        99	        99	        99	        99	        99	        99	        99	        99	        99	        99	        99	
        99	 98.985569	 98.971143	 98.956724	 98.942319	 98.927929	 98.913561	 98.899217	 98.884901	 98.870619	 98.856373	 98.842169	 98.828009	 98.813898	 98.799839	 98.785836	 98.771894	 98.758016	 98.744205	 98.730465	 98.716801	 98.703214	 98.689709	 98.676289	 98.662957	 98.649717	 98.636571	 98.623523	 98.610576	 98.597732	 98.584995	 98.572367	 98.559851	 98.547449	 98.535164	 98.522999	 98.510955	 98.499034	  98.48724	 98.475574	 98.464037	 98.452632	 98.441361	 98.430224	 98.419224	 98.408363	  98.39764	 98.387058	 98.376618	 98.366321	 98.356167	 98.346158	 98.336295	 98.326578	 98.317007	 98.307583	 98.298307	 98.289179	 98.280199	 98.271368	 98.262684	 98.254149	 98.245762	 98.237522	 98.229431	 98.221486	 98.213689	 98.206037	 98.198532	 98.191171	 98.183955	 98.176882	 98.169952	 98.163163	 98.156516	 98.150008	 98.143638	 98.137406	  98.13131	 98.125349	 98.119522	 98.113827	 98.108263	 98.102828	 98.097521	  98.09234	 98.087285	 98.082352	 98.077541	  98.07285	 98.068278	 98.063822	  98.05948	 98.055252	 98.051135	 98.047128	 98.043229	 98.039435	 98.035746	 98.032159	 98.028672	 98.025284	 98.021993	 98.018796	 98.015693	 98.012681	 98.009758	 98.006923	 98.004174	 98.001508	 97.998925	 97.996422	 97.993997	 97.991649	 97.989376	 97.987176	 97.985047	 97.982988	 97.980997	 97.979072	 97.977212	 97.975415	 97.973679	 97.972003	 97.970385	 97.968823	 97.967317	 97.965863	 97.964462	 97.963111	  97.96181	 97.960556	 97.959348	 97.958185	 97.957065	 97.955988	 97.954951	 97.953954	 97.952996	 97.952074	 97.951189	 97.950338	 97.949521	 97.948736	 97.947983	  97.94726	 97.946566	 97.945901	 97.945263	 97.944652	 97.944065	 97.943504	 97.942965	  97.94245	 97.941956	 97.941484	 97.941032	 97.940599	 97.940185	 97.939789	  97.93941	 97.939048	 97.938701	  97.93837	 97.938054	 97.937751	 97.937462	 97.937186	 97.936922	  97.93667	 97.936429	 97.936198	 97.935978	 97.935767	 97.935566	 97.935373	 97.935189	 97.935012	 97.934843	 97.934681	 97.934526	 97.934377	 97.934233	 97.934096	 97.933963	 97.933835	 97.933712	 97.933593	 97.933478	 97.933366	 97.933257	 97.933151	 97.933048	 97.932947	 97.932848	 97.932751	 97.932655	 97.932561	 97.932467	 97.932374	
        99	 98.971143	 98.942294	 98.913461	 98.884654	 98.855879	 98.827146	 98.798462	 98.769836	 98.741275	 98.712788	 98.684383	 98.656067	 98.627848	 98.599735	 98.571734	 98.543854	 98.516101	 98.488484	 98.461008	 98.433682	 98.406513	 98.379506	  98.35267	  98.32601	 98.299534	 98.273246	 98.247154	 98.221263	  98.19558	 98.170109	 98.144857	 98.119828	 98.095028	 98.070462	 98.046134	  98.02205	 97.998213	 97.974627	 97.951298	 97.928228	 97.905422	 97.882882	 97.860612	 97.838616	 97.816895	 97.795453	 97.774292	 97.753415	 97.732824	 97.712519	 97.692504	  97.67278	 97.653348	  97.63421	 97.615365	 97.596816	 97.578563	 97.560605	 97.542944	  97.52558	 97.508511	  97.49174	 97.475263	 97.459082	 97.443196	 97.427603	 97.412302	 97.397293	 97.382574	 97.368144	    97.354	 97.340142	 97.326567	 97.313274	 97.300259	 97.287522	  97.27506	  97.26287	  97.25095	 97.239297	 97.227908	 97.216781	 97.205913	 97.195301	 97.184941	 97.174831	 97.164968	 97.155347	 97.145967	 97.136823	 97.127912	 97.119231	 97.110776	 97.102543	  97.09453	 97.086732	 97.079146	 97.071768	 97.064595	 97.057623	 97.050848	 97.044266	 97.037874	 97.031669	 97.025645	 97.019801	 97.014132	 97.008634	 97.003303	 96.998137	 96.993132	 96.988283	 96.983587	 96.979042	 96.974642	 96.970386	 96.966268	 96.962287	 96.958438	 96.954718	 96.951124	 96.947653	 96.944301	 96.941065	 96.937942	 96.934929	 96.932023	 96.929221	  96.92652	 96.923917	  96.92141	 96.918994	 96.916668	  96.91443	 96.912275	 96.910202	 96.908209	 96.906292	 96.904449	 96.902678	 96.900977	 96.899343	 96.897774	 96.896268	 96.894822	 96.893435	 96.892105	 96.890829	 96.889606	 96.888434	  96.88731	 96.886234	 96.885203	 96.884216	 96.883272	 96.882367	 96.881502	 96.880674	 96.879882	 96.879124	   96.8784	 96.877707	 96.877045	 96.876413	 96.875808	  96.87523	 96.874677	 96.874149	 96.873645	 96.873163	 96.872702	 96.872261	  96.87184	 96.871437	 96.871052	 96.870683	  96.87033	 96.869992	 96.869668	 96.869357	 96.869059	 96.868773	 96.868497	 96.868232	 96.867977	  96.86773	 96.867492	 96.867261	 96.867038	  96.86682	 96.866609	 96.866403	 96.866201	 96.866003	 96.865809	 96.865617	 96.865428	  96.86524	 96.865053	
        99	 98.956724	 98.913461	 98.870223	 98.827022	  98.78387	 98.740781	 98.697765	 98.654836	 98.612005	 98.569285	 98.526687	 98.484224	 98.441906	 98.399746	 98.357755	 98.315944	 98.274325	 98.232909	 98.191706	 98.150727	 98.109982	 98.069482	 98.029237	 97.989257	 97.949551	  97.91013	 97.871001	 97.832174	 97.793658	 97.755461	 97.717591	 97.680057	 97.642866	 97.606026	 97.569543	 97.533425	 97.497678	 97.462309	 97.427323	 97.392727	 97.358525	 97.324723	 97.291327	  97.25834	 97.225767	 97.193612	 97.161878	  97.13057	  97.09969	 97.069241	 97.039226	 97.009647	 96.980506	 96.951804	 96.923545	 96.895727	 96.868354	 96.841424	 96.814939	 96.788898	 96.763302	  96.73815	 96.713442	 96.689176	 96.665352	 96.641968	 96.619023	 96.596515	 96.574441	 96.552801	 96.531591	 96.510808	 96.490451	 96.470515	 96.450999	 96.431898	 96.413209	 96.394928	 96.377052	 96.359577	 96.342498	 96.325812	 96.309513	 96.293598	 96.278063	 96.262901	 96.248109	 96.233682	 96.219615	 96.205902	 96.192539	  96.17952	 96.166841	 96.154495	 96.142478	 96.130784	 96.119408	 96.108344	 96.097587	 96.087131	  96.07697	   96.0671	 96.057515	 96.048209	 96.039176	 96.030412	 96.021909	 96.013664	 96.005671	 95.997924	 95.990417	 95.983146	 95.976104	 95.969287	  95.96269	 95.956306	 95.950132	 95.944161	 95.938389	 95.932811	 95.927421	 95.922215	 95.917188	 95.912336	 95.907653	 95.903135	 95.898777	 95.894575	 95.890524	  95.88662	  95.88286	 95.879237	  95.87575	 95.872392	 95.869161	 95.866053	 95.863063	 95.860189	 95.857425	  95.85477	 95.852218	 95.849768	 95.847415	 95.845156	 95.842988	 95.840908	 95.838913	    95.837	 95.835166	 95.833408	 95.831723	 95.830109	 95.828563	 95.827083	 95.825666	  95.82431	 95.823012	 95.821771	 95.820583	 95.819447	 95.818361	 95.817322	 95.816329	  95.81538	 95.814473	 95.813606	 95.812778	 95.811986	  95.81123	 95.810507	 95.809815	 95.809155	 95.808523	 95.807919	 95.807341	 95.806788	 95.806259	 95.805752	 95.805266	   95.8048	 95.804353	 95.803923	  95.80351	 95.803113	 95.802729	  95.80236	 95.802003	 95.801657	 95.801321	 95.800996	 95.800679	 95.800369	 95.800066	  95.79977	 95.799478	 95.799191	 95.798907	 95.798626	 95.798346	
        99	 98.942319	 98.884654	 98.827022	  98.76944	 98.711924	  98.65449	 98.597155	 98.539936	 98.482847	 98.425906	 98.369128	 98.312528	 98.256124	 98.199929	  98.14396	 98.088231	 98.032758	 97.977554	 97.922635	 97.868014	 97.813706	 97.759725	 97.706083	 97.652794	 97.599871	 97.547326	 97.495171	  97.44342	 97.392082	  97.34117	 97.290694	 97.240665	 97.191094	  97.14199	 97.093362	 97.045221	 96.997574	 96.950431	 96.903799	 96.857686	 96.812099	 96.767045	 96.722531	 96.678564	 96.635147	 96.592288	 96.549991	  96.50826	 96.467101	 96.426516	 96.386509	 96.347083	 96.308242	 96.269986	 96.232319	 96.195242	 96.158756	 96.122862	  96.08756	 96.052851	 96.018734	 95.985209	 95.952276	 95.919932	 95.888177	 95.857009	 95.826426	 95.796425	 95.767004	 95.738159	 95.709889	 95.682188	 95.655054	 95.628482	 95.602469	 95.577009	 95.552099	 95.527733	 95.503906	 95.480613	 95.457849	 95.435608	 95.413885	 95.392672	 95.371965	 95.351756	  95.33204	 95.312811	  95.29406	 95.275783	 95.257971	 95.240619	 95.223718	 95.207263	 95.191246	 95.175659	 95.160496	 95.145748	  95.13141	 95.117474	 95.103931	 95.090776	 95.077999	 95.065595	 95.053556	 95.041874	 95.030541	 95.019552	 95.008897	 94.998571	 94.988565	 94.978873	 94.969488	 94.960402	 94.951608	   94.9431	  94.93487	 94.926911	 94.919218	 94.911782	 94.904599	  94.89766	  94.89096	 94.884492	  94.87825	 94.872228	 94.866419	 94.860818	 94.855419	 94.850216	 94.845204	 94.840376	 94.835727	 94.831252	 94.826945	 94.822802	 94.818817	 94.814985	 94.811302	 94.807763	 94.804362	 94.801096	 94.797959	 94.794949	 94.792059	 94.789287	 94.786628	 94.784077	 94.781633	 94.779289	 94.777044	 94.774893	 94.772833	  94.77086	 94.768971	 94.767164	 94.765434	 94.763779	 94.762196	 94.760682	 94.759234	  94.75785	 94.756526	 94.755261	 94.754052	 94.752897	 94.751793	 94.750737	 94.749729	 94.748765	 94.747844	 94.746963	 94.746121	 94.745316	 94.744546	 94.743809	 94.743103	 94.742427	  94.74178	 94.741159	 94.740563	  94.73999	  94.73944	  94.73891	 94.738399	 94.737906	  94.73743	 94.736969	 94.736522	 94.736088	 94.735665	 94.735253	  94.73485	 94.734454	 94.734066	 94.733683	 94.733304	 94.732929	 94.732556	
        99	 98.927929	 98.855879	  98.78387	 98.711924	  98.64006	 98.568298	 98.496661	 98.425167	 98.353837	 98.282691	 98.211749	  98.14103	 98.070555	 98.000342	  97.93041	 97.860779	 97.791467	 97.722492	 97.653873	 97.585626	 97.517771	 97.450323	 97.383299	 97.316716	 97.250591	 97.184938	 97.119773	 97.055111	 96.990967	 96.927354	 96.864286	 96.801777	  96.73984	 96.678486	 96.617728	 96.557577	 96.498044	  96.43914	 96.380875	 96.323259	   96.2663	 96.210007	 96.154389	 96.099452	 96.045205	 95.991654	 95.938806	 95.886665	 95.835237	 95.784528	 95.734541	  95.68528	 95.636749	  95.58895	 95.541887	  95.49556	 95.449972	 95.405124	 95.361015	 95.317647	  95.27502	 95.233132	 95.191983	 95.151571	 95.111895	 95.072951	 95.034739	 94.997253	 94.960493	 94.924453	 94.889129	 94.854519	 94.820615	 94.787415	 94.754912	 94.723101	 94.691977	 94.661532	 94.631762	 94.602659	 94.574216	 94.546427	 94.519283	 94.492779	 94.466906	 94.441656	 94.417022	 94.392995	 94.369568	  94.34673	 94.324476	 94.302794	 94.281678	 94.261118	 94.241104	 94.221629	 94.202683	 94.184257	 94.166342	 94.148929	 94.132008	 94.115571	 94.099607	 94.084109	 94.069066	  94.05447	  94.04031	 94.026579	 94.013267	 94.000365	 93.987863	 93.975753	 93.964026	 93.952674	 93.941686	 93.931055	 93.920772	 93.910829	 93.901216	 93.891926	  93.88295	  93.87428	 93.865909	 93.857827	 93.850028	 93.842504	 93.835246	 93.828248	 93.821502	 93.815001	 93.808738	 93.802705	 93.796897	 93.791305	 93.785925	 93.780748	 93.775769	 93.770982	 93.766379	 93.761957	 93.757708	 93.753627	 93.749708	 93.745946	 93.742336	 93.738872	 93.735549	 93.732363	 93.729308	 93.726381	 93.723575	 93.720887	 93.718313	 93.715848	 93.713489	  93.71123	 93.709069	 93.707001	 93.705023	 93.703131	 93.701322	 93.699592	 93.697939	 93.696358	 93.694848	 93.693404	 93.692024	 93.690706	 93.689446	 93.688242	 93.687091	  93.68599	 93.684938	 93.683932	  93.68297	 93.682049	 93.681167	 93.680323	 93.679514	 93.678738	 93.677993	 93.677278	  93.67659	 93.675928	  93.67529	 93.674674	 93.674079	 93.673503	 93.672945	 93.672402	 93.671874	 93.671359	 93.670855	 93.670361	 93.669875	 93.669397	 93.668924	 93.668455	 93.667989	
        99	 98.913561	 98.827146	 98.740781	  98.65449	 98.568298	  98.48223	  98.39631	 98.310562	 98.225011	 98.139681	 98.054595	 97.969778	 97.885251	  97.80104	 97.717166	 97.633653	 97.550522	 97.467796	 97.385496	 97.303643	 97.222259	 97.141364	 97.060978	 96.981121	 96.901812	  96.82307	 96.744913	  96.66736	 96.590427	 96.514131	  96.43849	 96.363519	 96.289233	 96.215647	 96.142775	 96.070632	 95.999231	 95.928583	 95.858702	 95.789598	 95.721283	 95.653767	  95.58706	 95.521171	 95.456109	 95.391882	 95.328497	 95.265961	  95.20428	 95.143461	 95.083508	 95.024426	 94.966219	 94.908891	 94.852444	 94.796882	 94.742205	 94.688415	 94.635512	 94.583498	 94.532372	 94.482133	  94.43278	 94.384312	 94.336725	 94.290017	 94.244186	 94.199228	 94.155138	 94.111913	 94.069547	 94.028036	 93.987373	 93.947554	 93.908571	 93.870418	 93.833088	 93.796574	 93.760868	 93.725963	 93.691849	  93.65852	 93.625965	 93.594177	 93.563145	 93.532861	 93.503316	 93.474499	   93.4464	  93.41901	 93.392318	 93.366315	 93.340988	 93.316329	 93.292325	 93.268968	 93.246244	 93.224145	 93.202658	 93.181773	 93.161479	 93.141764	 93.122618	  93.10403	 93.085988	 93.068481	 93.051499	 93.035031	 93.019064	  93.00359	 92.988595	 92.974071	 92.960007	  92.94639	 92.933212	 92.920462	 92.908129	 92.896203	 92.884674	 92.873531	 92.862766	 92.852368	 92.842327	 92.832635	 92.823281	 92.814256	 92.805551	 92.797158	 92.789067	  92.78127	 92.773758	 92.766523	 92.759557	  92.75285	 92.746397	 92.740188	 92.734216	 92.728474	 92.722955	 92.717651	 92.712554	  92.70766	  92.70296	 92.698448	 92.694118	 92.689963	 92.685978	 92.682157	 92.678493	 92.674982	 92.671617	 92.668393	 92.665306	 92.662349	 92.659519	  92.65681	 92.654218	 92.651738	 92.649365	 92.647096	 92.644927	 92.642852	 92.640869	 92.638974	 92.637162	  92.63543	 92.633776	 92.632194	 92.630683	 92.629239	 92.627858	 92.626539	 92.625277	  92.62407	 92.622916	 92.621811	 92.620754	 92.619741	 92.618771	  92.61784	 92.616947	 92.616089	 92.615264	  92.61447	 92.613705	 92.612966	 92.612253	 92.611562	 92.610892	 92.610241	 92.609608	  92.60899	 92.608385	 92.607793	 92.607211	 92.606637	 92.606069	 92.605507	 92.604948	
        99	 98.899217	 98.798462	 98.697765	 98.597155	 98.496661	  98.39631	 98.296132	 98.196155	 98.096408	 97.996917	 97.897712	  97.79882	 97.700267	 97.602082	  97.50429	 97.406918	 97.309992	 97.213538	 97.117581	 97.022145	 96.927256	 96.832937	 96.739212	 96.646103	 96.553633	 96.461824	 96.370698	 96.280275	 96.190576	  96.10162	 96.013426	 95.926014	 95.839401	 95.753604	  95.66864	 95.584525	 95.501275	 95.418904	 95.337426	 95.256856	 95.177204	 95.098485	 95.020708	 94.943885	 94.868027	 94.793141	 94.719238	 94.646324	 94.574408	 94.503496	 94.433595	 94.364709	 94.296843	 94.230002	 94.164188	 94.099405	 94.035655	 93.972939	 93.911258	 93.850613	 93.791002	 93.732427	 93.674884	 93.618372	 93.562889	  93.50843	 93.454994	 93.402575	 93.351169	 93.300771	 93.251375	 93.202975	 93.155565	 93.109138	 93.063686	 93.019202	 92.975677	 92.933104	 92.891473	 92.850775	 92.811001	  92.77214	 92.734183	  92.69712	 92.660939	  92.62563	 92.591182	 92.557583	 92.524821	 92.492886	 92.461765	 92.431446	 92.401917	 92.373165	 92.345179	 92.317945	 92.291451	 92.265684	 92.240632	 92.216281	 92.192619	 92.169633	  92.14731	 92.125637	 92.104601	  92.08419	 92.064389	 92.045188	 92.026572	 92.008529	 91.991047	 91.974113	 91.957714	 91.941838	 91.926474	 91.911607	 91.897228	 91.883322	  91.86988	 91.856889	 91.844337	 91.832213	 91.820507	 91.809206	 91.798299	 91.787777	 91.777628	 91.767842	 91.758409	 91.749318	 91.740559	 91.732123	 91.724001	 91.716182	 91.708657	 91.701418	 91.694456	 91.687761	 91.681325	 91.675141	 91.669199	 91.663492	 91.658012	 91.652752	 91.647703	 91.642859	 91.638213	 91.633757	 91.629486	 91.625391	 91.621468	  91.61771	  91.61411	 91.610663	 91.607363	 91.604205	 91.601182	  91.59829	 91.595524	 91.592879	 91.590349	  91.58793	 91.585618	 91.583408	 91.581296	 91.579277	 91.577348	 91.575504	 91.573742	 91.572058	 91.570448	 91.568909	 91.567438	 91.566032	 91.564686	 91.563398	 91.562165	 91.560984	 91.559853	 91.558768	 91.557726	 91.556726	 91.555764	 91.554838	 91.553946	 91.553085	 91.552253	 91.551447	 91.550667	 91.549908	 91.549169	 91.548449	 91.547744	 91.547053	 91.546374	 91.545705	 91.545044	 91.544388	 91.543737	
        99	 98.884901	 98.769836	 98.654836	 98.539936	 98.425167	 98.310562	 98.196155	 98.081978	 97.968062	  97.85444	 97.741144	 97.628205	 97.515654	 97.403522	  97.29184	 97.180638	 97.069945	  96.95979	 96.850203	 96.741212	 96.632845	 96.525129	 96.418091	 96.311757	 96.206153	 96.101304	 95.997234	 95.893967	 95.791527	 95.689936	 95.589216	 95.489387	 95.390472	 95.292488	 95.195456	 95.099394	 95.004319	 94.910248	 94.817197	 94.725182	 94.634217	 94.544316	 94.455492	 94.367758	 94.281124	 94.195602	 94.111201	 94.027931	 93.945801	 93.864816	 93.784986	 93.706315	  93.62881	 93.552475	 93.477313	 93.403328	 93.330523	 93.258899	 93.188457	 93.119197	  93.05112	 92.984224	 92.918508	  92.85397	 92.790605	 92.728412	 92.667385	 92.607521	 92.548813	 92.491256	 92.434844	  92.37957	 92.325426	 92.272404	 92.220496	 92.169694	 92.119987	 92.071367	 92.023822	 91.977344	  91.93192	  91.88754	 91.844191	 91.801863	 91.760544	 91.720219	 91.680878	 91.642506	 91.605092	  91.56862	 91.533079	 91.498453	  91.46473	 91.431895	 91.399933	 91.368831	 91.338574	 91.309147	 91.280536	 91.252727	 91.225704	 91.199453	 91.173959	 91.149208	 91.125184	 91.101873	  91.07926	 91.057331	 91.036071	 91.015466	 90.995501	 90.976161	 90.957433	 90.939302	 90.921755	 90.904777	 90.888355	 90.872475	 90.857123	 90.842287	 90.827952	 90.814106	 90.800737	  90.78783	 90.775375	 90.763358	 90.751768	 90.740592	 90.729818	 90.719436	 90.709434	   90.6998	 90.690523	 90.681594	 90.673001	 90.664733	 90.656782	 90.649136	 90.641786	 90.634723	 90.627937	  90.62142	 90.615162	 90.609154	 90.603388	 90.597856	  90.59255	 90.587461	 90.582583	 90.577907	 90.573427	 90.569135	 90.565024	 90.561087	 90.557318	 90.553711	  90.55026	 90.546957	 90.543798	 90.540777	 90.537888	 90.535126	 90.532485	 90.529961	 90.527548	 90.525243	 90.523039	 90.520934	 90.518921	 90.516998	  90.51516	 90.513403	 90.511723	 90.510116	 90.508579	 90.507109	 90.505701	 90.504352	  90.50306	  90.50182	 90.500631	 90.499488	  90.49839	 90.497333	 90.496314	 90.495331	  90.49438	 90.493461	 90.492569	 90.491702	 90.490859	 90.490036	 90.489231	 90.488442	 90.487667	 90.486902	 90.486147	 90.485398	 90.484654	
        99	 98.870619	 98.741275	 98.612005	 98.482847	 98.353837	 98.225011	 98.096408	 97.968062	 97.840011	  97.71229	 97.584935	 97.457981	 97.331464	 97.205418	 97.079878	 96.954876	 96.830448	 96.706624	 96.583439	 96.460924	 96.339109	 96.218027	 96.097707	 95.978178	  95.85947	  95.74161	 95.624626	 95.508545	 95.393394	 95.279196	 95.165978	 95.053762	 94.942572	  94.83243	 94.723357	 94.615375	 94.508502	 94.402758	 94.298161	 94.194728	 94.092475	 93.991419	 93.891573	 93.792952	 93.695568	 93.599433	 93.504559	 93.410957	 93.318634	 93.227601	 93.137865	 93.049432	 92.962309	 92.876501	 92.792013	 92.708847	 92.627008	 92.546496	 92.467313	 92.389459	 92.312935	 92.237738	 92.163867	  92.09132	 92.020093	 91.950182	 91.881583	  91.81429	 91.748297	 91.683598	 91.620186	 91.558053	  91.49719	 91.437589	  91.37924	 91.322133	 91.266259	 91.211605	 91.158161	 91.105915	 91.054855	 91.004967	  90.95624	  90.90866	 90.862213	 90.816885	 90.772661	 90.729529	 90.687471	 90.646474	 90.606522	   90.5676	 90.529692	 90.492782	 90.456855	 90.421893	 90.387881	 90.354803	 90.322642	 90.291382	 90.261006	 90.231498	  90.20284	 90.175017	 90.148012	 90.121809	  90.09639	  90.07174	 90.047842	  90.02468	 90.002237	 89.980498	 89.959446	 89.939065	 89.919341	 89.900256	 89.881796	 89.863945	 89.846689	 89.830011	 89.813898	 89.798334	 89.783305	 89.768797	 89.754797	 89.741289	  89.72826	 89.715697	 89.703587	 89.691916	 89.680673	 89.669843	 89.659416	 89.649378	 89.639719	 89.630425	 89.621487	 89.612893	 89.604631	 89.596691	 89.589064	 89.581737	 89.574702	 89.567949	 89.561468	  89.55525	 89.549285	 89.543565	 89.538081	 89.532825	 89.527789	 89.522964	 89.518343	 89.513918	 89.509682	 89.505627	 89.501747	 89.498035	 89.494484	 89.491087	  89.48784	 89.484735	 89.481767	 89.478929	 89.476218	 89.473626	 89.471149	 89.468782	  89.46652	 89.464358	 89.462292	 89.460317	 89.458428	 89.456622	 89.454894	 89.453241	 89.451659	 89.450143	  89.44869	 89.447297	  89.44596	 89.444676	 89.443441	 89.442252	 89.441107	 89.440002	 89.438934	   89.4379	 89.436897	 89.435923	 89.434975	  89.43405	 89.433145	 89.432259	 89.431387	 89.430528	 89.429679	 89.428837	 89.428001	
        99	 98.856373	 98.712788	 98.569285	 98.425906	 98.282691	 98.139681	 97.996917	  97.85444	  97.71229	 97.570506	 97.429129	 97.288197	  97.14775	 97.007825	 96.868462	 96.729697	 96.591568	 96.454111	 96.317363	 96.181358	 96.046131	 95.911717	 95.778149	 95.645459	 95.513681	 95.382844	  95.25298	 95.124118	 94.996287	 94.869516	 94.743831	  94.61926	 94.495828	 94.373558	 94.252476	 94.132604	 94.013964	 93.896577	 93.780463	 93.665642	 93.552131	 93.439947	 93.329108	 93.219628	 93.111521	 93.004802	 92.899482	 92.795573	 92.693086	 92.592029	 92.492412	 92.394243	 92.297527	 92.202272	 92.108481	 92.016158	 91.925308	 91.835931	 91.748029	 91.661604	 91.576653	 91.493177	 91.411173	 91.330638	 91.251568	  91.17396	 91.097807	 91.023105	 90.949846	 90.878024	 90.807629	 90.738655	 90.671091	 90.604927	 90.540154	  90.47676	 90.414733	 90.354062	 90.294733	 90.236734	 90.180052	 90.124672	  90.07058	  90.01776	 89.966199	  89.91588	 89.866788	 89.818906	 89.772218	 89.726707	 89.682356	 89.639148	 89.597066	 89.556092	 89.516209	 89.477398	 89.439641	 89.402921	 89.367219	 89.332517	 89.298796	 89.266039	 89.234226	  89.20334	 89.173362	 89.144273	 89.116056	 89.088691	 89.062162	 89.036449	 89.011536	 88.987403	 88.964033	 88.941408	 88.919512	 88.898326	 88.877833	 88.858017	  88.83886	 88.820346	 88.802459	 88.785182	 88.768498	 88.752393	 88.736851	 88.721855	 88.707392	 88.693446	 88.680002	 88.667047	 88.654565	 88.642543	 88.630968	 88.619825	 88.609102	 88.598785	 88.588863	 88.579322	 88.570151	 88.561337	  88.55287	 88.544737	 88.536927	  88.52943	 88.522235	 88.515332	 88.508711	 88.502361	 88.496274	 88.490439	 88.484848	 88.479492	 88.474362	  88.46945	 88.464747	 88.460246	 88.455939	 88.451818	 88.447876	 88.444106	 88.440501	 88.437054	 88.433759	 88.430609	 88.427599	 88.424721	 88.421972	 88.419344	 88.416833	 88.414433	  88.41214	 88.409947	  88.40785	 88.405846	 88.403928	 88.402092	 88.400336	 88.398653	  88.39704	 88.395494	 88.394009	 88.392584	 88.391213	 88.389894	 88.388622	 88.387395	  88.38621	 88.385062	 88.383949	 88.382868	 88.381815	 88.380788	 88.379784	 88.378799	 88.377832	 88.376878	 88.375936	 88.375001	 88.374073	
        99	 98.842169	 98.684383	 98.526687	 98.369128	 98.211749	 98.054595	 97.897712	 97.741144	 97.584935	 97.429129	 97.273769	 97.118899	 96.964562	 96.810799	 96.657652	 96.505164	 96.353374	 96.202322	 96.052049	 95.902593	 95.753993	 95.606285	 95.459507	 95.313694	 95.168882	 95.025106	 94.882398	 94.740792	 94.600319	  94.46101	 94.322895	 94.186004	 94.050363	 93.916002	 93.782945	 93.651217	 93.520844	 93.391847	 93.264249	 93.138072	 93.013335	 92.890056	 92.768255	 92.647947	 92.529149	 92.411875	 92.296139	 92.181953	  92.06933	 91.958279	  91.84881	 91.740931	  91.63465	 91.529974	 91.426907	 91.325454	 91.225618	 91.127402	 91.030807	 90.935834	 90.842482	  90.75075	 90.660635	 90.572135	 90.485245	 90.399962	 90.316278	 90.234187	 90.153683	 90.074757	 89.997401	 89.921605	 89.847359	 89.774652	 89.703472	 89.633808	 89.565647	 89.498975	 89.433779	 89.370045	 89.307756	 89.246899	 89.187457	 89.129414	 89.072753	 89.017458	  88.96351	 88.910892	 88.859587	 88.809575	 88.760838	 88.713357	 88.667113	 88.622087	 88.578259	 88.535609	 88.494119	 88.453767	 88.414534	   88.3764	 88.339344	 88.303347	 88.268388	 88.234447	 88.201504	 88.169538	  88.13853	  88.10846	 88.079306	 88.051051	 88.023673	 87.997153	 87.971472	  87.94661	 87.922548	 87.899267	 87.876748	 87.854972	  87.83392	 87.813575	 87.793919	 87.774932	 87.756599	 87.738901	 87.721822	 87.705343	  87.68945	 87.674124	 87.659351	 87.645114	 87.631398	 87.618187	 87.605467	 87.593222	 87.581438	 87.570102	 87.559198	 87.548714	 87.538635	  87.52895	 87.519645	 87.510707	 87.502126	 87.493887	 87.485981	 87.478395	 87.471119	 87.464141	 87.457452	  87.45104	 87.444896	  87.43901	 87.433373	 87.427975	 87.422807	 87.417861	 87.413127	 87.408599	 87.404267	 87.400124	 87.396162	 87.392375	 87.388754	 87.385293	 87.381984	 87.378823	 87.375801	 87.372914	 87.370154	 87.367517	 87.364997	 87.362587	 87.360283	  87.35808	 87.355973	 87.353956	 87.352025	 87.350176	 87.348404	 87.346704	 87.345073	 87.343507	    87.342	  87.34055	 87.339153	 87.337805	 87.336502	 87.335241	 87.334018	  87.33283	 87.331673	 87.330544	 87.329441	 87.328359	 87.327296	 87.326248	 87.325212	 87.324185	 87.323165	
        99	 98.828009	 98.656067	 98.484224	 98.312528	  98.14103	 97.969778	  97.79882	 97.628205	 97.457981	 97.288197	 97.118899	 96.950135	 96.781951	 96.614393	 96.447507	 96.281338	  96.11593	 95.951327	 95.787572	 95.624707	 95.462775	 95.301815	 95.141869	 94.982975	 94.825171	 94.668495	 94.512984	 94.358674	 94.205598	 94.053791	 93.903285	 93.754112	 93.606303	 93.459887	 93.314893	 93.171347	 93.029277	 92.888708	 92.749663	 92.612165	 92.476237	 92.341898	 92.209169	 92.078068	 91.948612	 91.820817	 91.694697	 91.570267	  91.44754	 91.326526	 91.207236	 91.089679	 90.973863	 90.859795	 90.747481	 90.636926	 90.528134	 90.421106	 90.315845	 90.212351	 90.110624	 90.010662	 89.912463	 89.816023	 89.721338	 89.628403	 89.537211	 89.447756	  89.36003	 89.274023	 89.189727	  89.10713	 89.026223	 88.946993	 88.869427	 88.793514	 88.719237	 88.646584	 88.575539	 88.506086	  88.43821	 88.371893	 88.307118	 88.243867	 88.182123	 88.121867	 88.063079	 88.005741	 87.949832	 87.895333	 87.842224	 87.790483	 87.740091	 87.691025	 87.643265	 87.596789	 87.551576	 87.507604	 87.464851	 87.423296	 87.382916	 87.343689	 87.305594	 87.268608	 87.232709	 87.197876	 87.164086	 87.131317	 87.099549	 87.068758	 87.038924	 87.010025	  86.98204	 86.954947	 86.928727	 86.903357	 86.878817	 86.855087	 86.832147	 86.809977	 86.788557	 86.767867	 86.747889	 86.728604	 86.709992	 86.692035	 86.674715	 86.658015	 86.641917	 86.626402	 86.611456	  86.59706	 86.583198	 86.569855	 86.557014	  86.54466	 86.532778	 86.521353	 86.510371	 86.499816	 86.489677	 86.479937	 86.470586	 86.461608	 86.452993	 86.444726	 86.436797	 86.429193	 86.421904	 86.414917	 86.408222	 86.401808	 86.395665	 86.389782	 86.384151	 86.378761	 86.373603	 86.368668	 86.363948	 86.359433	 86.355116	 86.350988	 86.347042	 86.343271	 86.339666	 86.336221	 86.332928	 86.329782	 86.326775	 86.323901	 86.321154	 86.318528	 86.316018	 86.313617	  86.31132	 86.309123	 86.307019	 86.305004	 86.303072	  86.30122	 86.299443	 86.297736	 86.296094	 86.294515	 86.292992	 86.291523	 86.290103	 86.288729	 86.287396	 86.286101	 86.284841	 86.283611	 86.282408	 86.281229	 86.280071	 86.278929	   86.2778	 86.276681	 86.275569	
        99	 98.813898	 98.627848	 98.441906	 98.256124	 98.070555	 97.885251	 97.700267	 97.515654	 97.331464	  97.14775	 96.964562	 96.781951	 96.599968	 96.418662	 96.238084	 96.058281	 95.879302	 95.701194	 95.524003	 95.347776	 95.172558	 94.998392	 94.825323	 94.653392	 94.482641	 94.313111	 94.144841	 93.977869	 93.812234	 93.647972	 93.485118	 93.323706	  93.16377	 93.005341	  92.84845	 92.693127	 92.539401	 92.387298	 92.236845	 92.088066	 91.940985	 91.795625	 91.652006	 91.510148	 91.370071	  91.23179	 91.095323	 90.960684	 90.827887	 90.696944	 90.567867	 90.440665	 90.315347	  90.19192	 90.070392	 89.950766	 89.833047	 89.717239	 89.603341	 89.491356	 89.381283	 89.273119	 89.166863	  89.06251	 88.960057	 88.859497	 88.760823	 88.664028	 88.569104	 88.476041	 88.384829	 88.295456	  88.20791	 88.122179	  88.03825	 87.956108	 87.875737	 87.797123	 87.720249	 87.645098	 87.571652	 87.499894	 87.429805	 87.361365	 87.294555	 87.229355	 87.165744	 87.103701	 87.043205	 86.984235	 86.926768	 86.870782	 86.816255	 86.763164	 86.711485	 86.661196	 86.612274	 86.564694	 86.518433	 86.473468	 86.429775	  86.38733	 86.346109	 86.306089	 86.267245	 86.229553	 86.192991	 86.157534	 86.123159	 86.089842	  86.05756	  86.02629	 85.996009	 85.966694	 85.938322	  85.91087	 85.884317	  85.85864	 85.833818	 85.809829	 85.786652	 85.764265	 85.742647	 85.721779	  85.70164	  85.68221	  85.66347	 85.645399	  85.62798	 85.611193	  85.59502	 85.579443	 85.564444	 85.550006	 85.536111	 85.522744	 85.509887	 85.497525	 85.485641	 85.474221	 85.463249	 85.452711	 85.442592	 85.432878	 85.423555	 85.414611	 85.406031	 85.397804	 85.389916	 85.382356	 85.375111	 85.368171	 85.361524	 85.355159	 85.349065	 85.343233	 85.337652	 85.332312	 85.327204	 85.322319	 85.317648	 85.313182	 85.308912	 85.304831	  85.30093	 85.297203	  85.29364	 85.290235	 85.286982	 85.283872	   85.2809	 85.278058	 85.275342	 85.272744	 85.270259	 85.267881	 85.265605	 85.263424	 85.261335	 85.259331	 85.257408	  85.25556	 85.253784	 85.252075	 85.250427	 85.248837	 85.247301	 85.245814	 85.244372	 85.242971	 85.241607	 85.240276	 85.238975	 85.237699	 85.236446	  85.23521	 85.233989	 85.232778	 85.231575	
        99	 98.799839	 98.599735	 98.399746	 98.199929	 98.000342	  97.80104	 97.602082	 97.403522	 97.205418	 97.007825	 96.810799	 96.614393	 96.418662	 96.223661	 96.029441	 95.836055	 95.643555	 95.451992	 95.261416	 95.071877	 94.883422	 94.696099	 94.509956	 94.325037	 94.141387	  93.95905	 93.778068	 93.598483	 93.420336	 93.243664	 93.068508	 92.894902	 92.722884	 92.552487	 92.383744	 92.216688	 92.051348	 91.887755	 91.725936	 91.565918	 91.407727	 91.251385	 91.096917	 90.944343	 90.793684	 90.644957	 90.498181	 90.353371	 90.210542	 90.069707	 89.930879	 89.794068	 89.659283	 89.526532	 89.395823	 89.267161	 89.140549	 89.015992	  88.89349	 88.773046	 88.654657	 88.538322	 88.424039	 88.311804	 88.201611	 88.093454	 87.987326	 87.883219	 87.781124	 87.681031	 87.582928	 87.486803	 87.392644	 87.300437	 87.210168	  87.12182	 87.035378	 86.950825	 86.868144	 86.787316	 86.708322	 86.631143	 86.555759	 86.482148	 86.410291	 86.340166	  86.27175	  86.20502	 86.139954	 86.076529	 86.014721	 85.954506	  85.89586	 85.838758	 85.783175	 85.729087	 85.676469	 85.625295	  85.57554	 85.527178	 85.480184	 85.434532	 85.390198	 85.347154	 85.305375	 85.264837	 85.225512	 85.187377	 85.150405	 85.114571	 85.079851	 85.046219	  85.01365	  84.98212	 84.951604	 84.922079	  84.89352	 84.865904	 84.839207	 84.813405	 84.788477	 84.764399	 84.741148	 84.718704	 84.697044	 84.676146	  84.65599	 84.636554	 84.617819	 84.599764	 84.582369	 84.565615	 84.549483	 84.533954	  84.51901	 84.504633	 84.490805	 84.477509	 84.464727	 84.452444	 84.440644	 84.429309	 84.418426	 84.407978	 84.397951	 84.388331	 84.379103	 84.370254	 84.361771	 84.353639	 84.345847	 84.338383	 84.331234	 84.324388	 84.317834	 84.311561	 84.305558	 84.299815	 84.294322	 84.289068	 84.284044	  84.27924	 84.274648	 84.270258	 84.266063	 84.262054	 84.258222	  84.25456	  84.25106	 84.247716	 84.244519	 84.241463	 84.238542	 84.235748	 84.233075	 84.230517	 84.228069	 84.225724	 84.223476	 84.221321	 84.219252	 84.217266	 84.215355	 84.213517	 84.211745	 84.210035	 84.208382	 84.206783	 84.205232	 84.203725	 84.202258	 84.200827	 84.199427	 84.198055	 84.196707	 84.195378	 84.194064	 84.192763	 84.191468	
        99	 98.785836	 98.571734	 98.357755	  98.14396	  97.93041	 97.717166	  97.50429	  97.29184	 97.079878	 96.868462	 96.657652	 96.447507	 96.238084	 96.029441	 95.821634	  95.61472	 95.408754	  95.20379	 94.999882	 94.797084	 94.595445	 94.395018	 94.195853	 93.997998	 93.801501	 93.606408	 93.412766	 93.220618	 93.030008	 92.840978	 92.653568	 92.467818	 92.283766	 92.101448	 91.920901	 91.742158	 91.565253	 91.390215	 91.217076	 91.045864	 90.876606	 90.709328	 90.544054	 90.380807	 90.219608	 90.060477	 89.903433	 89.748493	 89.595672	 89.444986	 89.296445	 89.150063	  89.00585	 88.863812	 88.723959	 88.586296	 88.450828	 88.317557	 88.186486	 88.057615	 87.930944	 87.806472	 87.684194	 87.564107	 87.446205	 87.330482	  87.21693	 87.105541	 86.996303	 86.889208	 86.784242	 86.681393	 86.580647	  86.48199	 86.385406	 86.290877	 86.198389	 86.107921	 86.019455	 85.932973	 85.848453	 85.765875	 85.685217	 85.606458	 85.529574	 85.454542	  85.38134	 85.309942	 85.240325	 85.172463	 85.106331	 85.041904	 84.979155	 84.918058	 84.858587	 84.800716	 84.744416	 84.689662	 84.636426	 84.584682	   84.5344	 84.485555	 84.438119	 84.392064	 84.347363	 84.303988	 84.261913	  84.22111	 84.181551	 84.143211	 84.106062	 84.070077	  84.03523	 84.001494	 83.968844	 83.937253	 83.906696	 83.877148	 83.848583	 83.820977	 83.794305	 83.768542	 83.743665	 83.719651	 83.696475	 83.674115	 83.652549	 83.631754	 83.611708	  83.59239	 83.573778	 83.555852	 83.538592	 83.521976	 83.505987	 83.490604	 83.475809	 83.461582	 83.447907	 83.434765	 83.422138	 83.410011	 83.398366	 83.387188	 83.376459	 83.366166	 83.356293	 83.346825	 83.337748	 83.329048	 83.320711	 83.312724	 83.305075	  83.29775	 83.290738	 83.284026	 83.277603	 83.271459	 83.265581	 83.259959	 83.254583	 83.249444	  83.24453	 83.239834	 83.235345	 83.231055	 83.226955	 83.223037	 83.219293	 83.215714	 83.212294	 83.209024	 83.205898	 83.202909	 83.200049	 83.197312	 83.194693	 83.192184	 83.189779	 83.187473	  83.18526	 83.183134	  83.18109	 83.179123	 83.177227	 83.175397	 83.173629	 83.171918	 83.170258	 83.168646	 83.167077	 83.165545	 83.164048	  83.16258	 83.161137	 83.159715	  83.15831	 83.156917	 83.155532	
        99	 98.771894	 98.543854	 98.315944	 98.088231	 97.860779	 97.633653	 97.406918	 97.180638	 96.954876	 96.729697	 96.505164	 96.281338	 96.058281	 95.836055	  95.61472	 95.394336	 95.174961	 94.956654	 94.739472	 94.523471	 94.308705	 94.095231	 93.883099	 93.672364	 93.463074	 93.255281	 93.049033	 92.844376	 92.641357	 92.440021	  92.24041	 92.042568	 91.846534	 91.652348	 91.460047	 91.269668	 91.081245	 90.894813	 90.710402	 90.528044	 90.347767	 90.169599	 89.993566	 89.819691	 89.647998	 89.478507	  89.31124	 89.146213	 88.983444	 88.822947	 88.664737	 88.508825	 88.355223	 88.203939	 88.054981	 87.908356	 87.764069	 87.622122	 87.482518	 87.345258	 87.210341	 87.077765	 86.947527	 86.819622	 86.694045	 86.570788	 86.449844	 86.331202	 86.214854	 86.100786	 85.988987	 85.879443	 85.772138	 85.667058	 85.564186	 85.463504	 85.364994	 85.268637	 85.174412	   85.0823	 84.992277	 84.904323	 84.818415	 84.734528	 84.652639	 84.572723	 84.494755	 84.418709	  84.34456	  84.27228	 84.201843	 84.133221	 84.066387	 84.001313	 83.937971	 83.876332	 83.816367	 83.758049	 83.701347	 83.646234	 83.592679	 83.540654	  83.49013	 83.441076	 83.393465	 83.347267	 83.302453	 83.258993	 83.216859	 83.176023	 83.136455	 83.098128	 83.061012	  83.02508	 82.990304	 82.956657	 82.924111	 82.892639	 82.862215	 82.832811	 82.804402	 82.776963	 82.750466	 82.724888	 82.700204	 82.676389	 82.653418	  82.63127	 82.609919	 82.589343	 82.569519	 82.550427	 82.532042	 82.514346	 82.497315	 82.480931	 82.465172	  82.45002	 82.435454	 82.421456	 82.408008	 82.395091	 82.382688	 82.370782	 82.359355	 82.348392	 82.337876	 82.327791	 82.318123	 82.308857	 82.299977	 82.291471	 82.283323	 82.275522	 82.268053	 82.260904	 82.254064	 82.247519	 82.241258	 82.235271	 82.229545	 82.224071	 82.218838	 82.213835	 82.209054	 82.204485	 82.200118	 82.195945	 82.191957	 82.188146	 82.184502	  82.18102	  82.17769	 82.174506	  82.17146	 82.168546	 82.165755	 82.163083	 82.160522	 82.158065	 82.155708	 82.153444	 82.151267	 82.149172	 82.147152	 82.145204	 82.143321	 82.141498	  82.13973	 82.138013	 82.136342	 82.134711	 82.133116	 82.131552	 82.130015	 82.128501	 82.127004	  82.12552	 82.124045	
        99	 98.758016	 98.516101	 98.274325	 98.032758	 97.791467	 97.550522	 97.309992	 97.069945	 96.830448	 96.591568	 96.353374	  96.11593	 95.879302	 95.643555	 95.408754	 95.174961	 94.942239	  94.71065	 94.480254	 94.251111	 94.023279	 93.796816	 93.571779	 93.348221	 93.126198	 92.905763	 92.686966	 92.469857	 92.254487	 92.040901	 91.829146	 91.619266	 91.411305	 91.205304	 91.001303	 90.799341	 90.599455	 90.401679	 90.206049	 90.012596	 89.821351	 89.632343	 89.445599	 89.261145	 89.079006	 88.899204	 88.721759	 88.546692	 88.374019	 88.203758	 88.035922	 87.870525	 87.707577	 87.547089	 87.389068	 87.233522	 87.080456	 86.929873	 86.781775	 86.636164	 86.493038	 86.352396	 86.214234	 86.078547	  85.94533	 85.814574	 85.686271	 85.560412	 85.436984	 85.315977	 85.197375	 85.081166	 84.967333	  84.85586	 84.746729	 84.639921	 84.535417	 84.433198	  84.33324	 84.235523	 84.140024	 84.046719	 83.955583	 83.866593	 83.779721	 83.694943	 83.612232	 83.531559	 83.452898	 83.376221	 83.301498	 83.228701	 83.157801	 83.088768	 83.021572	 82.956182	 82.892569	 82.830703	 82.770551	 82.712085	 82.655272	 82.600081	 82.546483	 82.494445	 82.443937	 82.394928	 82.347387	 82.301284	 82.256587	 82.213266	 82.171291	 82.130631	 82.091257	 82.053139	 82.016248	 81.980553	 81.946027	  81.91264	 81.880365	 81.849172	 81.819035	 81.789926	 81.761818	 81.734683	 81.708497	 81.683233	 81.658865	 81.635369	 81.612719	 81.590891	 81.569861	 81.549607	 81.530104	 81.511331	 81.493264	 81.475883	 81.459166	 81.443091	 81.427639	  81.41279	 81.398523	 81.384821	 81.371663	 81.359032	 81.346911	  81.33528	 81.324124	 81.313426	  81.30317	  81.29334	  81.28392	 81.274896	 81.266253	 81.257976	 81.250053	  81.24247	 81.235213	  81.22827	 81.221628	 81.215276	 81.209202	 81.203395	 81.197844	 81.192537	 81.187465	 81.182618	 81.177985	 81.173558	 81.169327	 81.165284	 81.161419	 81.157725	 81.154193	 81.150815	 81.147584	 81.144492	 81.141532	 81.138697	  81.13598	 81.133374	 81.130873	 81.128471	 81.126162	 81.123939	 81.121797	  81.11973	 81.117732	 81.115798	 81.113923	 81.112102	 81.110328	 81.108598	 81.106906	 81.105247	 81.103617	  81.10201	 81.100422	 81.098849	 81.097284	
