Time step 43:
        99	        99	        99	        99	        99	        99	        99	        99	        99	        99	        99	        99	        99	        99	        99	        99	        99	        99	        99	        99	        99	        99	        99	        99	        99	        99	        99	        99	        99	        99	        99	        99	        99	        99	        99	        99	        99	        99	        99	        99	        99	        99	        99	        99	        99	        99	        99	        99	        99	        99	        99	        99	        99	        99	        99	        99	        99	        99	        99	        99	        99	        99	        99	        99	        99	        99	        99	        99	        99	        99	        99	        99	        99	        99	        99	        99	        99	        99	        99	        99	        99	        99	        99	        99	        99	        99	        99	        99	        99	        99	        99	        99	        99	        99	        99	        99	        99	        99	        99	        99	        99	        99	        99	        99	        99	        99	        99	        99	        99	        99	        99	        99	        99	        99	        99	        99	        99	        99	        99	        99	        99	        99	        99	        99	        99	        99	        99	        99	        99	        99	        99	        99	        99	        99	        99	        99	        99	        99	        99	        99	        99	        99	        99	        99	        99	        99	        99	        99	        99	        99	        99	        99	        99	        99	        99	        99	        99	        99	        99	        99	        99	        99	        99	        99	        99	        99	        99	        99	        99	        99	        99	        99	        99	        99	        99	        99	        99	        99	        99	        99	        99	        99	        99	        99	        99	        99	        99	        99	        99	        99	        99	        99	        99	        99	        99	        99	        99	        99	        99	        99	
        99	 98.985234	 98.970472	 98.955719	 98.940978	 98.926255	 98.911554	 98.896878	 98.882233	 98.867622	  98.85305	  98.83852	 98.824037	 98.809605	 98.795228	  98.78091	 98.766655	 98.752467	  98.73835	 98.724307	 98.710342	 98.696458	 98.682661	 98.668952	 98.655335	 98.641814	 98.628392	 98.615071	 98.601856	  98.58875	 98.575754	 98.562873	 98.550108	 98.537462	 98.524939	  98.51254	 98.500267	 98.488124	 98.476112	 98.464233	  98.45249	 98.440883	 98.429416	 98.418089	 98.406904	 98.395863	 98.384966	 98.374216	 98.363613	 98.353159	 98.342854	 98.332699	 98.322695	 98.312843	 98.303143	 98.293595	 98.284201	 98.274959	 98.265871	 98.256937	 98.248155	 98.239528	 98.231053	 98.222731	 98.214562	 98.206545	  98.19868	 98.190965	 98.183401	 98.175986	  98.16872	 98.161602	  98.15463	 98.147805	 98.141124	 98.134587	 98.128192	 98.121939	 98.115825	 98.109849	 98.104011	 98.098308	 98.092739	 98.087303	 98.081997	 98.076821	 98.071772	  98.06685	 98.062051	 98.057375	 98.052819	 98.048383	 98.044063	 98.039858	 98.035767	 98.031787	 98.027916	 98.024153	 98.020496	 98.016942	  98.01349	 98.010138	 98.006884	 98.003726	 98.000662	 97.997691	 97.994809	 97.992016	 97.989309	 97.986686	 97.984147	 97.981687	 97.979307	 97.977004	 97.974776	 97.972621	 97.970538	 97.968524	 97.966578	 97.964699	 97.962884	 97.961132	 97.959441	  97.95781	 97.956236	 97.954719	 97.953256	 97.951847	 97.950489	 97.949181	 97.947921	 97.946709	 97.945542	  97.94442	 97.943341	 97.942303	 97.941305	 97.940347	 97.939426	 97.938542	 97.937692	 97.936878	 97.936096	 97.935345	 97.934626	 97.933936	 97.933275	 97.932641	 97.932035	 97.931453	 97.930897	 97.930364	 97.929854	 97.929366	   97.9289	 97.928453	 97.928027	 97.927619	 97.927229	 97.926857	 97.926501	 97.926162	 97.925837	 97.925527	 97.925231	 97.924949	  97.92468	 97.924422	 97.924177	 97.923942	 97.923719	 97.923505	 97.923301	 97.923107	 97.922921	 97.922743	 97.922574	 97.922412	 97.922256	 97.922108	 97.921966	  97.92183	 97.921699	 97.921574	 97.921453	 97.921337	 97.921225	 97.921117	 97.921013	 97.920912	 97.920814	 97.920719	 97.920626	 97.920535	 97.920446	 97.920359	 97.920273	 97.920188	 97.920104	 97.920021	
        99	 98.970472	 98.940952	  98.91145	 98.881974	 98.852532	 98.823134	 98.793787	 98.764501	 98.735283	 98.706142	 98.677087	 98.648126	 98.619266	 98.590517	 98.561885	 98.533379	 98.505007	 98.476776	 98.448694	 98.420768	 98.393006	 98.365414	    98.338	 98.310771	 98.283733	 98.256892	 98.230256	  98.20383	  98.17762	 98.151633	 98.125874	 98.100348	  98.07506	 98.050017	 98.025222	 98.000681	 97.976398	 97.952377	 97.928623	  97.90514	  97.88193	 97.858999	 97.836348	 97.813982	 97.791903	 97.770113	 97.748616	 97.727414	 97.706508	 97.685901	 97.665594	 97.645589	 97.625888	  97.60649	 97.587398	 97.568611	 97.550131	 97.531958	 97.514091	 97.496532	 97.479279	 97.462332	 97.445691	 97.429355	 97.413323	 97.397595	 97.382168	 97.367041	 97.352214	 97.337684	  97.32345	 97.309509	  97.29586	 97.282501	 97.269428	  97.25664	 97.244135	 97.231909	  97.21996	 97.208285	 97.196881	 97.185745	 97.174874	 97.164264	 97.153913	 97.143817	 97.133973	 97.124378	 97.115027	 97.105917	 97.097044	 97.088406	 97.079998	 97.071816	 97.063857	 97.056117	 97.048592	 97.041279	 97.034173	  97.02727	 97.020567	  97.01406	 97.007745	 97.001618	 96.995675	 96.989913	 96.984327	 96.978914	  96.97367	 96.968591	 96.963674	 96.958914	 96.954308	 96.949852	 96.945543	 96.941377	 96.937351	  96.93346	 96.929702	 96.926073	 96.922569	 96.919188	 96.915926	 96.912779	 96.909745	  96.90682	 96.904001	 96.901285	  96.89867	 96.896151	 96.893727	 96.891394	  96.88915	 96.886991	 96.884916	 96.882921	 96.881004	 96.879163	 96.877395	 96.875697	 96.874067	 96.872503	 96.871003	 96.869565	 96.868185	 96.866863	 96.865596	 96.864383	  96.86322	 96.862107	 96.861042	 96.860022	 96.859047	 96.858114	 96.857222	 96.856369	 96.855553	 96.854774	 96.854029	 96.853318	 96.852638	 96.851989	  96.85137	 96.850778	 96.850214	 96.849675	  96.84916	 96.848669	 96.848201	 96.847754	 96.847327	 96.846919	  96.84653	 96.846158	 96.845803	 96.845464	  96.84514	 96.844829	 96.844533	 96.844248	 96.843976	 96.843715	 96.843464	 96.843223	 96.842991	 96.842767	 96.842552	 96.842343	 96.842141	 96.841945	 96.841755	 96.841569	 96.841388	  96.84121	 96.841035	 96.840864	 96.840694	 96.840526	 96.840359	
        99	 98.955719	  98.91145	 98.867208	 98.823004	 98.778852	 98.734766	 98.690756	 98.646838	 98.603022	 98.559322	 98.515749	 98.472318	 98.429039	 98.385925	 98.342988	  98.30024	 98.257692	 98.215356	 98.173243	 98.131365	 98.089732	 98.048354	 98.007243	 97.966409	 97.925862	 97.885611	 97.845666	 97.806037	 97.766732	 97.727761	 97.689131	 97.650851	  97.61293	 97.575374	 97.538191	 97.501388	 97.464973	 97.428951	 97.393328	 97.358111	 97.323306	 97.288917	 97.254949	 97.221408	 97.188297	 97.155621	 97.123383	 97.091587	 97.060237	 97.029334	 96.998881	 96.968881	 96.939336	 96.910246	 96.881615	 96.853442	 96.825729	 96.798475	 96.771682	 96.745349	 96.719476	 96.694062	 96.669107	 96.644609	 96.620567	  96.59698	 96.573845	 96.551161	 96.528926	 96.507136	  96.48579	 96.464884	 96.444416	 96.424381	 96.404777	   96.3856	 96.366847	 96.348512	 96.330593	 96.313085	 96.295983	 96.279283	  96.26298	  96.24707	 96.231547	 96.216407	 96.201645	 96.187255	 96.173231	  96.15957	 96.146265	 96.133311	 96.120701	 96.108432	 96.096497	 96.084889	 96.073605	 96.062637	  96.05198	 96.041629	 96.031577	 96.021819	 96.012349	  96.00316	 95.994249	 95.985607	 95.977231	 95.969113	 95.961249	 95.953632	 95.946258	  95.93912	 95.932213	 95.925531	 95.919069	 95.912821	 95.906783	 95.900949	 95.895313	  95.88987	 95.884616	 95.879546	 95.874653	 95.869935	 95.865384	 95.860998	 95.856771	 95.852698	 95.848776	 95.844999	 95.841363	 95.837865	 95.834499	 95.831262	  95.82815	 95.825159	 95.822284	 95.819523	 95.816871	 95.814325	 95.811881	 95.809536	 95.807286	 95.805129	  95.80306	 95.801078	 95.799178	 95.797358	 95.795614	 95.793945	 95.792348	 95.790819	 95.789356	 95.787957	 95.786619	 95.785339	 95.784116	 95.782948	 95.781831	 95.780764	 95.779745	 95.778772	 95.777843	 95.776956	  95.77611	 95.775301	  95.77453	 95.773794	 95.773091	  95.77242	  95.77178	 95.771168	 95.770585	 95.770028	 95.769495	 95.768986	   95.7685	 95.768035	  95.76759	 95.767163	 95.766755	 95.766363	 95.765987	 95.765626	 95.765278	 95.764942	 95.764619	 95.764306	 95.764003	  95.76371	 95.763424	 95.763145	 95.762873	 95.762607	 95.762345	 95.762088	 95.761833	 95.761581	  95.76133	
        99	 98.940978	 98.881974	 98.823004	 98.764086	 98.705238	 98.646475	 98.587816	 98.529278	 98.470877	  98.41263	 98.354554	 98.296665	  98.23898	 98.181514	 98.124284	 98.067306	 98.010595	 97.954167	 97.898035	 97.842216	 97.786724	 97.731573	 97.676778	 97.622351	 97.568306	 97.514657	 97.461415	 97.408594	 97.356206	 97.304262	 97.252773	 97.201751	 97.151206	 97.101149	 97.051589	 97.002535	 96.953998	 96.905985	 96.858504	 96.811565	 96.765173	 96.719337	 96.674062	 96.629356	 96.585223	  96.54167	 96.498701	 96.456321	 96.414534	 96.373344	 96.332755	 96.292768	 96.253388	 96.214616	 96.176454	 96.138903	 96.101964	 96.065639	 96.029927	 95.994828	 95.960343	 95.926469	 95.893207	 95.860554	 95.828509	  95.79707	 95.766234	    95.736	 95.706362	  95.67732	 95.648868	 95.621003	 95.593721	 95.567017	 95.540888	 95.515327	 95.490331	 95.465894	 95.442009	 95.418673	 95.395878	 95.373619	  95.35189	 95.330683	 95.309993	 95.289814	 95.270137	 95.250957	 95.232266	 95.214057	 95.196323	 95.179056	  95.16225	 95.145896	 95.129987	 95.114517	 95.099476	 95.084857	 95.070653	 95.056856	 95.043458	 95.030451	 95.017829	 95.005582	 94.993704	 94.982186	 94.971021	 94.960201	 94.949719	 94.939567	 94.929738	 94.920224	 94.911017	 94.902111	 94.893498	 94.885171	 94.877123	 94.869346	 94.861834	  94.85458	 94.847577	 94.840819	 94.834298	 94.828008	 94.821943	 94.816097	 94.810462	 94.805034	 94.799806	 94.794772	 94.789926	 94.785263	 94.780777	 94.776463	 94.772315	 94.768328	 94.764496	 94.760816	 94.757281	 94.753887	  94.75063	 94.747504	 94.744506	  94.74163	 94.738873	  94.73623	 94.733698	 94.731272	 94.728949	 94.726724	 94.724595	 94.722557	 94.720607	 94.718742	 94.716958	 94.715253	 94.713623	 94.712066	 94.710577	 94.709155	 94.707797	   94.7065	 94.705262	  94.70408	 94.702951	 94.701874	 94.700846	 94.699864	 94.698927	 94.698033	  94.69718	 94.696365	 94.695587	 94.694845	 94.694135	 94.693457	 94.692809	 94.692189	 94.691595	 94.691027	 94.690483	  94.68996	 94.689459	 94.688977	 94.688514	 94.688067	 94.687636	 94.687219	 94.686815	 94.686423	 94.686043	 94.685671	 94.685309	 94.684954	 94.684605	 94.684261	 94.683922	 94.683586	 94.683252	
        99	 98.926255	 98.852532	 98.778852	 98.705238	 98.631709	 98.558288	 98.484997	 98.411856	 98.338887	  98.26611	 98.193547	 98.121218	 98.049143	 97.977343	 97.905837	 97.834646	 97.763788	 97.693283	  97.62315	 97.553407	 97.484073	 97.415164	   97.3467	 97.278696	  97.21117	 97.144138	 97.077615	 97.011618	 96.946161	  96.88126	 96.816927	 96.753178	 96.690025	  96.62748	 96.565558	 96.504268	 96.443623	 96.383633	 96.324308	  96.26566	 96.207696	 96.150425	 96.093857	 96.037999	 95.982857	  95.92844	 95.874752	   95.8218	  95.76959	 95.718125	 95.667411	  95.61745	 95.568246	 95.519802	  95.47212	 95.425202	 95.379049	 95.333663	 95.289042	 95.245188	   95.2021	 95.159777	 95.118217	 95.077419	 95.037381	 94.998099	 94.959572	 94.921795	 94.884765	 94.848477	 94.812928	 94.778112	 94.744024	  94.71066	 94.678012	 94.646076	 94.614844	 94.584311	 94.554469	 94.525311	  94.49683	 94.469018	 94.441868	 94.415372	 94.389521	 94.364308	 94.339723	 94.315758	 94.292405	 94.269653	 94.247495	 94.225922	 94.204923	  94.18449	 94.164613	 94.145283	  94.12649	 94.108225	 94.090477	 94.073239	 94.056499	 94.040248	 94.024476	 94.009175	 93.994333	 93.979942	 93.965992	 93.952473	 93.939377	 93.926692	 93.914411	 93.902524	 93.891021	 93.879893	 93.869131	 93.858727	 93.848671	 93.838955	 93.829569	 93.820506	 93.811756	 93.803311	 93.795164	 93.787305	 93.779727	 93.772422	 93.765382	   93.7586	 93.752068	 93.745778	 93.739724	 93.733897	 93.728292	 93.722902	 93.717719	 93.712737	  93.70795	 93.703351	 93.698935	 93.694695	 93.690625	 93.686719	 93.682973	  93.67938	 93.675935	 93.672633	 93.669469	 93.666438	 93.663535	 93.660756	 93.658095	 93.655549	 93.653113	 93.650782	 93.648554	 93.646423	 93.644387	  93.64244	 93.640581	 93.638804	 93.637107	 93.635487	  93.63394	 93.632463	 93.631052	 93.629706	 93.628422	 93.627195	 93.626025	 93.624908	 93.623842	 93.622824	 93.621852	 93.620924	 93.620037	  93.61919	  93.61838	 93.617605	 93.616864	 93.616154	 93.615474	 93.614821	 93.614195	 93.613593	 93.613013	 93.612455	 93.611916	 93.611396	 93.610891	 93.610402	 93.609926	 93.609462	 93.609009	 93.608566	  93.60813	 93.607701	 93.607277	 93.606857	  93.60644	
        99	 98.911554	 98.823134	 98.734766	 98.646475	 98.558288	 98.470231	 98.382329	 98.294607	 98.207091	 98.119806	 98.032777	 97.946028	 97.859585	 97.773471	 97.687711	 97.602327	 97.517343	 97.432783	 97.348669	 97.265022	 97.181865	  97.09922	 97.017106	 96.935546	 96.854558	 96.774162	 96.694378	 96.615225	 96.536719	 96.458879	 96.381721	 96.305263	  96.22952	 96.154507	  96.08024	 96.006731	 95.933996	 95.862047	 95.790896	 95.720555	 95.651036	 95.582349	 95.514503	 95.447509	 95.381375	 95.316109	 95.251719	 95.188211	 95.125592	 95.063867	 95.003042	 94.943122	 94.884109	 94.826007	  94.76882	 94.712549	 94.657195	  94.60276	 94.549245	 94.496648	  94.44497	  94.39421	 94.344365	 94.295434	 94.247413	 94.200301	 94.154093	 94.108785	 94.064372	 94.020851	 93.978214	 93.936458	 93.895575	 93.855559	 93.816403	   93.7781	 93.740642	 93.704022	  93.66823	  93.63326	 93.599101	 93.565745	 93.533183	 93.501404	   93.4704	  93.44016	 93.410674	 93.381932	 93.353922	 93.326636	  93.30006	 93.274186	 93.249001	 93.224494	 93.200655	 93.177471	 93.154932	 93.133025	  93.11174	 93.091065	 93.070987	 93.051497	 93.032581	 93.014229	 92.996429	 92.979169	 92.962438	 92.946224	 92.930516	 92.915304	 92.900574	 92.886317	  92.87252	 92.859174	 92.846268	 92.833789	 92.821729	 92.810075	 92.798818	 92.787948	 92.777454	 92.767326	 92.757554	 92.748129	  92.73904	 92.730279	 92.721836	 92.713701	 92.705867	 92.698323	 92.691062	 92.684074	 92.677352	 92.670887	  92.66467	 92.658695	 92.652954	 92.647438	 92.642142	 92.637056	 92.632175	 92.627491	 92.622997	 92.618688	 92.614557	 92.610596	 92.606802	 92.603166	 92.599685	 92.596351	  92.59316	 92.590106	 92.587184	  92.58439	 92.581717	 92.579162	 92.576719	 92.574385	 92.572154	 92.570024	 92.567989	 92.566045	 92.564189	 92.562418	 92.560726	 92.559112	 92.557571	   92.5561	 92.554697	 92.553357	 92.552078	 92.550857	 92.549692	 92.548578	 92.547515	 92.546499	 92.545527	 92.544598	 92.543709	 92.542858	 92.542042	 92.541259	 92.540508	 92.539786	 92.539091	 92.538422	 92.537775	 92.537151	 92.536546	 92.535959	 92.535388	 92.534832	 92.534289	 92.533757	 92.533234	 92.532719	 92.532211	 92.531707	 92.531207	
        99	 98.896878	 98.793787	 98.690756	 98.587816	 98.484997	 98.382329	 98.279841	 98.177564	 98.075527	 97.973759	  97.87229	 97.771147	 97.670361	 97.569958	 97.469968	 97.370417	 97.271332	 97.172741	  97.07467	 96.977144	  96.88019	 96.783831	 96.688093	 96.592999	 96.498574	 96.404839	 96.311816	 96.219529	 96.127997	 96.037241	 95.947281	 95.858136	 95.769826	 95.682366	 95.595776	 95.510071	 95.425267	 95.341379	 95.258423	 95.176411	 95.095357	 95.015272	 94.936169	 94.858059	 94.780952	 94.704856	 94.629782	 94.555736	 94.482727	 94.410761	 94.339844	 94.269981	 94.201176	 94.133434	 94.066758	  94.00115	 93.936611	 93.873145	 93.810749	 93.749426	 93.689173	  93.62999	 93.571875	 93.514824	 93.458836	 93.403907	 93.350031	 93.297206	 93.245424	 93.194681	  93.14497	 93.096285	 93.048619	 93.001963	  92.95631	 92.911652	 92.867979	 92.825282	 92.783552	 92.742779	 92.702952	 92.664062	 92.626096	 92.589045	 92.552896	 92.517639	  92.48326	 92.449749	 92.417092	 92.385278	 92.354293	 92.324125	 92.294762	 92.266189	 92.238394	 92.211363	 92.185084	 92.159543	 92.134726	  92.11062	 92.087211	 92.064486	 92.042432	 92.021035	 92.000281	 91.980157	  91.96065	 91.941746	 91.923432	 91.905695	 91.888522	 91.871899	 91.855813	 91.840253	 91.825204	 91.810656	 91.796594	 91.783007	 91.769882	 91.757208	 91.744973	 91.733164	 91.721771	 91.710782	 91.700185	  91.68997	 91.680126	 91.670642	 91.661507	 91.652712	 91.644246	 91.636099	 91.628261	 91.620723	 91.613475	 91.606509	 91.599815	 91.593384	 91.587208	 91.581279	 91.575588	 91.570127	 91.564888	 91.559863	 91.555046	 91.550429	 91.546005	 91.541766	 91.537707	  91.53382	   91.5301	 91.526539	 91.523133	 91.519874	 91.516758	 91.513779	 91.510931	 91.508209	 91.505609	 91.503124	 91.500752	 91.498486	 91.496322	 91.494256	 91.492284	 91.490402	 91.488606	 91.486891	 91.485254	 91.483692	 91.482201	 91.480778	 91.479419	 91.478121	 91.476881	 91.475696	 91.474564	  91.47348	 91.472444	 91.471451	   91.4705	 91.469587	 91.468712	  91.46787	 91.467059	 91.466279	 91.465525	 91.464797	 91.464092	 91.463408	 91.462742	 91.462094	  91.46146	  91.46084	 91.460231	  91.45963	 91.459038	  91.45845	 91.457867	
        99	 98.882233	 98.764501	 98.646838	 98.529278	 98.411856	 98.294607	 98.177564	 98.060761	 97.944233	 97.828012	 97.712132	 97.596625	 97.481525	 97.366863	 97.252672	 97.138983	 97.025826	 96.913233	 96.801234	 96.689858	 96.579134	  96.46909	 96.359755	 96.251157	  96.14332	 96.036273	  95.93004	 95.824645	 95.720114	 95.616469	 95.513733	 95.411928	 95.311075	 95.211195	 95.112307	  95.01443	 94.917582	 94.821781	 94.727043	 94.633384	 94.540818	  94.44936	 94.359023	  94.26982	 94.181761	 94.094859	 94.009122	 93.924561	 93.841183	 93.758996	 93.678007	 93.598222	 93.519646	 93.442283	 93.366137	 93.291211	 93.217508	 93.145027	  93.07377	 93.003738	 92.934928	  92.86734	 92.800971	 92.735818	 92.671879	 92.609148	 92.547621	 92.487293	 92.428158	 92.370208	 92.313437	 92.257838	 92.203402	  92.15012	 92.097984	 92.046983	 91.997107	 91.948347	  91.90069	 91.854126	 91.808644	  91.76423	 91.720873	 91.678559	 91.637277	 91.597012	 91.557751	  91.51948	 91.482186	 91.445853	 91.410468	 91.376016	 91.342482	 91.309851	 91.278108	 91.247239	 91.217228	 91.188059	 91.159717	 91.132188	 91.105455	 91.079503	 91.054316	  91.02988	 91.006179	 90.983197	  90.96092	 90.939331	 90.918416	  90.89816	 90.878547	 90.859564	 90.841194	 90.823423	 90.806238	 90.789623	 90.773564	 90.758047	 90.743059	 90.728585	 90.714612	 90.701126	 90.688115	 90.675565	 90.663463	 90.651798	 90.640555	 90.629724	 90.619293	 90.609248	  90.59958	 90.590275	 90.581324	 90.572716	 90.564439	 90.556483	 90.548839	 90.541495	 90.534442	  90.52767	 90.521171	 90.514934	 90.508951	 90.503213	 90.497712	 90.492439	 90.487386	 90.482546	  90.47791	 90.473471	 90.469222	 90.465156	 90.461266	 90.457544	 90.453986	 90.450583	 90.447331	 90.444223	 90.441253	 90.438416	 90.435706	 90.433118	 90.430648	 90.428289	 90.426037	 90.423887	 90.421835	 90.419877	 90.418008	 90.416224	 90.414521	 90.412896	 90.411344	 90.409861	 90.408446	 90.407092	 90.405799	 90.404562	 90.403378	 90.402244	 90.401158	 90.400116	 90.399116	 90.398154	 90.397229	 90.396338	 90.395477	 90.394646	  90.39384	 90.393059	 90.392299	 90.391558	 90.390835	 90.390126	  90.38943	 90.388745	 90.388068	 90.387397	 90.386731	
        99	 98.867622	 98.735283	 98.603022	 98.470877	 98.338887	 98.207091	 98.075527	 97.944233	 97.813247	 97.682607	  97.55235	 97.422513	 97.293132	 97.164245	 97.035886	 96.908092	 96.780897	 96.654335	  96.52844	 96.403245	 96.278784	 96.155088	 96.032188	 95.910116	 95.788901	 95.668572	 95.549159	 95.430689	 95.313188	 95.196684	 95.081202	 94.966767	 94.853401	 94.741129	 94.629972	 94.519952	 94.411089	 94.303402	  94.19691	 94.091631	 93.987581	 93.884776	 93.783231	  93.68296	 93.583977	 93.486292	 93.389919	 93.294866	 93.201144	  93.10876	 93.017723	  92.92804	 92.839715	 92.752754	 92.667161	 92.582939	 92.500091	 92.418618	 92.338521	 92.259799	 92.182452	 92.106479	 92.031876	  91.95864	 91.886768	 91.816254	 91.747094	 91.679281	 91.612809	  91.54767	 91.483856	 91.421358	 91.360168	 91.300276	 91.241671	 91.184342	 91.128279	 91.073469	   91.0199	 90.967559	 90.916434	  90.86651	 90.817773	  90.77021	 90.723806	 90.678545	 90.634413	 90.591394	 90.549473	 90.508633	 90.468857	 90.430131	 90.392436	 90.355757	 90.320076	 90.285377	 90.251642	 90.218855	 90.186997	 90.156052	 90.126002	  90.09683	 90.068519	 90.041051	  90.01441	 89.988577	 89.963535	 89.939268	 89.915758	 89.892989	 89.870943	 89.849604	 89.828955	  89.80898	 89.789662	 89.770986	 89.752935	 89.735493	 89.718645	 89.702375	 89.686668	  89.67151	 89.656884	 89.642777	 89.629174	 89.616061	 89.603424	 89.591249	 89.579523	 89.568233	 89.557364	 89.546906	 89.536845	 89.527168	 89.517864	 89.508922	 89.500328	 89.492073	 89.484145	 89.476533	 89.469227	 89.462217	 89.455492	 89.449042	 89.442858	 89.436931	 89.431252	 89.425811	   89.4206	  89.41561	 89.410834	 89.406263	  89.40189	 89.397707	 89.393707	 89.389883	 89.386227	 89.382733	 89.379395	 89.376206	  89.37316	 89.370251	 89.367474	 89.364822	  89.36229	 89.359874	 89.357568	 89.355367	 89.353266	 89.351261	 89.349347	 89.347519	 89.345775	 89.344109	 89.342517	 89.340996	 89.339542	 89.338152	 89.336821	 89.335547	 89.334325	 89.333154	  89.33203	 89.330949	 89.329909	 89.328907	  89.32794	 89.327005	   89.3261	 89.325221	 89.324367	 89.323534	 89.322721	 89.321925	 89.321143	 89.320372	 89.319611	 89.318858	 89.318108	
        99	  98.85305	 98.706142	 98.559322	  98.41263	  98.26611	 98.119806	 97.973759	 97.828012	 97.682607	 97.537586	  97.39299	  97.24886	 97.105237	 96.962161	 96.819673	 96.677811	 96.536613	 96.396119	 96.256365	 96.117389	 95.979227	 95.841914	 95.705485	 95.569975	 95.435416	 95.301842	 95.169283	 95.037772	 94.907337	 94.778008	 94.649813	  94.52278	 94.396935	 94.272304	 94.148911	  94.02678	 93.905932	 93.786391	 93.668176	 93.551307	 93.435803	 93.321681	 93.208958	  93.09765	  92.98777	 92.879332	  92.77235	 92.666834	 92.562794	 92.460241	 92.359182	 92.259626	 92.161578	 92.065044	 91.970029	 91.876536	 91.784568	 91.694126	 91.605212	 91.517824	 91.431963	 91.347626	  91.26481	 91.183513	 91.103729	 91.025453	 90.948679	 90.873401	 90.799612	 90.727302	 90.656463	 90.587086	  90.51916	 90.452675	 90.387618	 90.323979	 90.261744	   90.2009	 90.141434	 90.083332	 90.026578	 89.971158	 89.917057	 89.864258	 89.812746	 89.762503	 89.713513	 89.665758	 89.619222	 89.573886	 89.529732	 89.486742	 89.444898	 89.404181	 89.364573	 89.326054	 89.288605	 89.252208	 89.216844	 89.182492	 89.149134	 89.116751	 89.085324	 89.054832	 89.025258	 88.996581	 88.968783	 88.941844	 88.915747	 88.890471	 88.865998	  88.84231	 88.819388	 88.797214	  88.77577	 88.755037	 88.734999	 88.715637	 88.696934	 88.678874	 88.661438	 88.644611	 88.628375	 88.612715	 88.597615	 88.583058	  88.56903	 88.555515	 88.542498	 88.529965	   88.5179	  88.50629	 88.495121	  88.48438	 88.474052	 88.464125	 88.454585	 88.445421	 88.436621	 88.428171	 88.420061	 88.412279	 88.404813	 88.397653	 88.390789	  88.38421	 88.377905	 88.371865	  88.36608	 88.360541	  88.35524	 88.350166	 88.345311	 88.340668	 88.336227	 88.331982	 88.327923	 88.324045	 88.320339	 88.316799	 88.313418	 88.310189	 88.307106	 88.304162	 88.301352	  88.29867	  88.29611	 88.293666	 88.291334	 88.289108	 88.286983	 88.284955	 88.283018	 88.281169	 88.279402	 88.277713	   88.2761	 88.274556	 88.273079	 88.271664	 88.270309	 88.269008	  88.26776	  88.26656	 88.265406	 88.264293	  88.26322	 88.262182	 88.261177	 88.260202	 88.259254	  88.25833	 88.257427	 88.256543	 88.255674	 88.254819	 88.253975	 88.253138	 88.252306	
        99	  98.83852	 98.677087	 98.515749	 98.354554	 98.193547	 98.032777	  97.87229	 97.712132	  97.55235	  97.39299	 97.234097	 97.075716	 96.917893	  96.76067	 96.604093	 96.448204	 96.293046	 96.138661	 95.985089	 95.832371	 95.680548	 95.529659	 95.379741	 95.230832	 95.082969	 94.936187	 94.790522	 94.646007	 94.502675	 94.360559	 94.219689	 94.080096	 93.941808	 93.804854	  93.66926	 93.535053	 93.402257	 93.270896	 93.140993	 93.012569	 92.885644	 92.760238	  92.63637	 92.514056	 92.393311	 92.274152	 92.156592	 92.040643	 91.926316	 91.813623	 91.702572	 91.593172	  91.48543	 91.379351	 91.274942	 91.172204	 91.071143	 90.971759	 90.874053	 90.778025	 90.683674	 90.590998	 90.499994	 90.410659	 90.322986	  90.23697	 90.152606	 90.069885	 89.988799	  89.90934	 89.831497	  89.75526	 89.680618	 89.607559	  89.53607	 89.466139	  89.39775	 89.330891	 89.265545	 89.201697	 89.139332	 89.078433	 89.018982	 88.960963	 88.904357	 88.849146	 88.795312	 88.742836	 88.691698	  88.64188	  88.59336	  88.54612	 88.500139	 88.455396	 88.411871	 88.369543	 88.328392	 88.288397	 88.249535	 88.211787	 88.175131	 88.139546	 88.105011	 88.071505	 88.039006	 88.007494	 87.976947	 87.947345	 87.918667	 87.890892	    87.864	 87.837969	 87.812781	 87.788415	  87.76485	 87.742068	 87.720048	 87.698772	  87.67822	 87.658373	 87.639214	 87.620723	 87.602882	 87.585673	  87.56908	 87.553084	 87.537669	 87.522818	 87.508514	 87.494741	 87.481484	 87.468726	 87.456453	 87.444649	   87.4333	 87.422391	 87.411909	 87.401839	 87.392168	 87.382883	 87.373971	 87.365419	 87.357215	 87.349348	 87.341805	 87.334574	 87.327646	 87.321009	 87.314653	 87.308566	  87.30274	 87.297164	  87.29183	 87.286727	 87.281848	 87.277182	 87.272723	 87.268461	 87.264389	 87.260499	 87.256783	 87.253235	 87.249847	 87.246612	 87.243524	 87.240577	 87.237764	 87.235079	 87.232516	  87.23007	 87.227735	 87.225506	 87.223378	 87.221345	 87.219404	 87.217549	 87.215775	 87.214079	 87.212456	 87.210901	 87.209411	 87.207983	 87.206611	 87.205293	 87.204024	 87.202802	 87.201622	 87.200482	 87.199377	 87.198306	 87.197264	 87.196248	 87.195256	 87.194285	  87.19333	 87.192391	 87.191463	 87.190543	 87.189629	
        99	 98.824037	 98.648126	 98.472318	 98.296665	 98.121218	 97.946028	 97.771147	 97.596625	 97.422513	  97.24886	 97.075716	 96.903131	 96.731152	 96.559829	 96.389209	 96.219339	 96.050265	 95.882032	 95.714687	 95.548273	 95.382833	  95.21841	 95.055046	 94.892782	 94.731657	 94.571711	 94.412981	 94.255505	 94.099318	 93.944456	 93.790952	 93.638839	 93.488148	 93.338911	 93.191156	 93.044912	 92.900206	 92.757063	 92.615509	 92.475567	 92.337259	 92.200606	 92.065628	 91.932343	  91.80077	 91.670924	 91.542819	 91.416471	 91.291891	  91.16909	  91.04808	 90.928868	 90.811462	  90.69587	 90.582096	 90.470144	 90.360019	 90.251721	 90.145252	 90.040612	 89.937799	 89.836811	 89.737645	 89.640297	 89.544761	 89.451031	   89.3591	  89.26896	 89.180602	 89.094016	 89.009191	 88.926117	  88.84478	 88.765169	 88.687268	 88.611064	 88.536542	 88.463686	  88.39248	 88.322906	 88.254947	 88.188586	 88.123803	  88.06058	 87.998898	 87.938735	 87.880073	  87.82289	 87.767166	 87.712879	 87.660008	 87.608531	 87.558426	  87.50967	 87.462242	 87.416118	 87.371276	 87.327693	 87.285346	 87.244213	 87.204269	 87.165493	  87.12786	 87.091349	 87.055935	 87.021597	  86.98831	 86.956053	 86.924803	 86.894537	 86.865233	 86.836868	  86.80942	 86.782869	 86.757191	 86.732365	  86.70837	 86.685186	 86.662791	 86.641164	 86.620286	 86.600137	 86.580696	 86.561944	 86.543862	 86.526432	 86.509634	 86.493451	 86.477864	 86.462856	  86.44841	 86.434508	 86.421134	 86.408271	 86.395904	 86.384017	 86.372594	 86.361621	 86.351083	 86.340965	 86.331254	 86.321935	 86.312996	 86.304423	 86.296203	 86.288324	 86.280775	 86.273542	 86.266616	 86.259983	 86.253635	 86.247559	 86.241746	 86.236186	 86.230869	 86.225785	 86.220925	 86.216281	 86.211844	 86.207605	 86.203556	  86.19969	 86.195998	 86.192473	 86.189108	 86.185896	 86.182831	 86.179905	 86.177112	 86.174447	 86.171903	 86.169474	 86.167155	  86.16494	 86.162824	 86.160803	  86.15887	 86.157022	 86.155253	 86.153559	 86.151936	 86.150379	 86.148884	 86.147448	 86.146065	 86.144733	 86.143448	 86.142205	 86.141001	 86.139834	 86.138698	 86.137592	 86.136511	 86.135452	 86.134412	 86.133389	 86.132377	 86.131375	 86.130379	
        99	 98.809605	 98.619266	 98.429039	  98.23898	 98.049143	 97.859585	 97.670361	 97.481525	 97.293132	 97.105237	 96.917893	 96.731152	 96.545069	 96.359694	  96.17508	 95.991278	 95.808337	 95.626307	 95.445236	 95.265174	 95.086165	 94.908257	 94.731494	 94.555922	 94.381582	 94.208517	 94.036769	 93.866377	 93.697381	 93.529817	 93.363723	 93.199134	 93.036084	 92.874607	 92.714734	 92.556495	 92.399921	 92.245038	 92.091874	 91.940455	 91.790803	 91.642942	 91.496893	 91.352677	 91.210313	 91.069817	 90.931206	 90.794495	 90.659697	 90.526825	 90.395889	   90.2669	 90.139865	 90.014792	 89.891687	 89.770553	 89.651396	 89.534216	 89.419015	 89.305792	 89.194547	 89.085276	 88.977977	 88.872645	 88.769273	 88.667856	 88.568385	 88.470852	 88.375247	 88.281559	 88.189778	  88.09989	 88.011883	 87.925741	 87.841452	 87.758998	 87.678364	 87.599532	 87.522486	 87.447206	 87.373674	 87.301869	 87.231774	 87.163365	 87.096623	 87.031527	 86.968053	 86.906181	 86.845886	 86.787147	 86.729939	  86.67424	 86.620025	 86.567271	 86.515953	 86.466046	 86.417526	 86.370369	 86.324549	 86.280042	 86.236822	 86.194865	 86.154146	  86.11464	 86.076322	 86.039167	 86.003151	 85.968248	 85.934435	 85.901687	 85.869979	 85.839288	 85.809589	  85.78086	 85.753076	 85.726214	 85.700251	 85.675165	 85.650933	 85.627533	 85.604943	 85.583141	 85.562105	 85.541815	 85.522251	 85.503391	 85.485216	 85.467705	  85.45084	 85.434601	 85.418969	 85.403927	 85.389456	 85.375539	 85.362158	 85.349296	 85.336936	 85.325063	  85.31366	 85.302713	 85.292205	 85.282122	 85.272449	 85.263173	 85.254279	 85.245755	 85.237586	  85.22976	 85.222265	 85.215089	  85.20822	 85.201646	 85.195356	  85.18934	 85.183587	 85.178086	 85.172828	 85.167803	 85.163002	 85.158415	 85.154034	  85.14985	 85.145856	 85.142042	 85.138401	 85.134926	 85.131609	 85.128443	 85.125421	 85.122537	 85.119784	 85.117156	 85.114647	 85.112251	 85.109961	 85.107774	 85.105683	 85.103683	 85.101769	 85.099936	  85.09818	 85.096495	 85.094878	 85.093324	 85.091828	 85.090386	 85.088995	 85.087651	 85.086349	 85.085085	 85.083857	 85.082659	  85.08149	 85.080344	 85.079219	 85.078111	 85.077017	 85.075933	 85.074855	
        99	 98.795228	 98.590517	 98.385925	 98.181514	 97.977343	 97.773471	 97.569958	 97.366863	 97.164245	 96.962161	  96.76067	 96.559829	 96.359694	 96.160322	 95.961768	 95.764086	 95.567331	 95.371556	 95.176813	 94.983153	 94.790627	 94.599285	 94.409175	 94.220345	  94.03284	 93.846708	  93.66199	 93.478732	 93.296974	 93.116758	 92.938122	 92.761104	 92.585743	 92.412072	 92.240127	  92.06994	 91.901542	 91.734964	 91.570235	 91.407381	 91.246429	 91.087403	 90.930326	  90.77522	 90.622105	    90.471	 90.321923	 90.174888	 90.029912	 89.887007	 89.746184	 89.607454	 89.470827	  89.33631	 89.203908	 89.073628	 88.945473	 88.819444	 88.695544	 88.573772	 88.454127	 88.336605	 88.221204	 88.107917	  87.99674	 87.887665	 87.780683	 87.675785	 87.572961	 87.472199	 87.373487	 87.276811	 87.182158	 87.089513	 86.998858	 86.910178	 86.823455	 86.738671	 86.655807	 86.574842	 86.495757	 86.418531	 86.343142	 86.269568	 86.197787	 86.127775	 86.059508	 85.992964	 85.928116	 85.864941	 85.803414	 85.743509	 85.685201	 85.628463	 85.573269	 85.519594	  85.46741	 85.416692	 85.367412	 85.319544	 85.273061	 85.227936	 85.184142	 85.141653	 85.100442	 85.060481	 85.021745	 84.984207	 84.947841	 84.912619	 84.878517	 84.845509	 84.813567	 84.782669	 84.752786	 84.723896	 84.695973	 84.668993	 84.642931	 84.617764	 84.593468	 84.570019	 84.547396	 84.525574	 84.504532	 84.484248	   84.4647	 84.445867	 84.427728	 84.410263	 84.393452	 84.377274	  84.36171	 84.346741	  84.33235	 84.318517	 84.305224	 84.292454	 84.280191	 84.268416	 84.257115	 84.246271	 84.235868	 84.225891	 84.216325	 84.207157	 84.198371	 84.189955	 84.181894	 84.174176	 84.166788	 84.159718	 84.152953	 84.146482	 84.140295	 84.134379	 84.128723	 84.123319	 84.118155	 84.113222	 84.108511	 84.104011	 84.099715	 84.095613	 84.091697	 84.087959	 84.084392	 84.080987	 84.077737	 84.074635	 84.071675	 84.068848	 84.066149	 84.063572	  84.06111	 84.058757	 84.056508	 84.054357	 84.052299	 84.050328	 84.048439	 84.046627	 84.044888	 84.043216	 84.041607	 84.040057	 84.038561	 84.037115	 84.035714	 84.034355	 84.033034	 84.031747	 84.030489	 84.029256	 84.028047	 84.026855	 84.025678	 84.024512	 84.023353	
        99	  98.78091	 98.561885	 98.342988	 98.124284	 97.905837	 97.687711	 97.469968	 97.252672	 97.035886	 96.819673	 96.604093	 96.389209	  96.17508	 95.961768	  95.74933	 95.537826	 95.327314	  95.11785	  94.90949	 94.702289	 94.496302	 94.291581	 94.088178	 93.886144	  93.68553	 93.486382	 93.288749	 93.092677	 92.898211	 92.705393	 92.514266	 92.324872	 92.137249	 91.951435	 91.767467	  91.58538	 91.405208	 91.226982	 91.050735	 90.876494	 90.704288	 90.534143	 90.366083	 90.200132	 90.036311	 89.874641	 89.715139	 89.557824	 89.402711	 89.249813	 89.099144	 88.950714	 88.804534	 88.660611	 88.518952	 88.379562	 88.242446	 88.107606	 87.975042	 87.844756	 87.716744	 87.591005	 87.467535	 87.346327	 87.227376	 87.110674	 86.996212	  86.88398	 86.773966	 86.666158	 86.560544	 86.457109	 86.355838	 86.256714	 86.159721	 86.064841	 85.972054	 85.881342	 85.792683	 85.706058	 85.621443	 85.538817	 85.458157	 85.379439	 85.302638	 85.227731	 85.154691	 85.083493	 85.014112	  84.94652	  84.88069	 84.816597	 84.754211	 84.693506	 84.634453	 84.577025	 84.521192	 84.466928	 84.414202	 84.362987	 84.313254	 84.264974	 84.218118	 84.172658	 84.128565	 84.085811	 84.044366	 84.004203	 83.965294	  83.92761	 83.891123	 83.855806	 83.821632	 83.788573	 83.756601	 83.725691	 83.695816	 83.666949	 83.639065	 83.612138	 83.586143	 83.561055	 83.536849	 83.513501	 83.490988	 83.469286	 83.448371	 83.428222	 83.408814	 83.390128	 83.372141	 83.354832	  83.33818	 83.322165	 83.306767	 83.291966	 83.277744	 83.264082	 83.250961	 83.238363	 83.226272	 83.214669	 83.203539	 83.192864	  83.18263	  83.17282	 83.163421	 83.154416	 83.145791	 83.137533	 83.129629	 83.122064	 83.114826	 83.107904	 83.101283	 83.094953	 83.088903	  83.08312	 83.077596	 83.072318	 83.067276	 83.062462	 83.057866	 83.053477	 83.049287	 83.045288	 83.041472	 83.037829	 83.034352	 83.031033	 83.027865	 83.024841	 83.021953	 83.019196	 83.016562	 83.014045	 83.011638	 83.009337	 83.007134	 83.005025	 83.003004	 83.001066	 82.999205	 82.997416	 82.995695	 82.994036	 82.992436	 82.990889	  82.98939	 82.987936	 82.986523	 82.985145	 82.983799	 82.982481	 82.981186	 82.979911	 82.978652	 82.977405	 82.976165	
        99	 98.766655	 98.533379	  98.30024	 98.067306	 97.834646	 97.602327	 97.370417	 97.138983	 96.908092	 96.677811	 96.448204	 96.219339	 95.991278	 95.764086	 95.537826	 95.312561	 95.088352	 94.865259	 94.643342	  94.42266	  94.20327	 93.985229	 93.768592	 93.553413	 93.339745	  93.12764	 92.917148	 92.708319	 92.501199	 92.295836	 92.092274	 91.890557	 91.690726	 91.492822	 91.296884	  91.10295	 90.911055	 90.721233	 90.533518	 90.347941	  90.16453	 89.983314	  89.80432	 89.627571	 89.453091	 89.280902	 89.111023	 88.943472	 88.778266	  88.61542	 88.454948	 88.296861	 88.141169	 87.987882	 87.837006	 87.688547	 87.542509	 87.398895	 87.257707	 87.118943	 86.982603	 86.848683	 86.717179	 86.588085	 86.461394	 86.337099	 86.215189	 86.095654	 85.978483	 85.863661	 85.751175	  85.64101	  85.53315	 85.427576	 85.324272	 85.223219	 85.124395	  85.02778	 84.933353	 84.841091	 84.750971	 84.662969	 84.577061	 84.493221	 84.411423	 84.331642	  84.25385	  84.17802	 84.104124	 84.032134	 83.962022	 83.893758	 83.827313	 83.762658	 83.699763	 83.638598	 83.579133	 83.521338	 83.465182	 83.410635	 83.357665	 83.306244	 83.256339	 83.207922	  83.16096	 83.115423	 83.071282	 83.028506	 82.987065	 82.946929	 82.908069	 82.870454	 82.834056	 82.798846	 82.764794	 82.731873	 82.700054	 82.669309	  82.63961	 82.610931	 82.583245	 82.556524	 82.530744	 82.505877	 82.481899	 82.458785	 82.436509	 82.415048	 82.394379	 82.374477	 82.355319	 82.336884	 82.319148	 82.302091	 82.285692	 82.269928	 82.254781	 82.240229	 82.226254	 82.212837	 82.199959	 82.187601	 82.175747	 82.164378	 82.153478	  82.14303	 82.133018	 82.123427	 82.114242	 82.105447	 82.097028	 82.088971	 82.081263	 82.073889	 82.066838	 82.060096	 82.053652	 82.047494	 82.041609	 82.035988	 82.030619	 82.025491	 82.020595	 82.015921	 82.011459	   82.0072	 82.003135	 81.999255	 81.995551	 81.992017	 81.988643	 81.985422	 81.982347	  81.97941	 81.976604	 81.973923	  81.97136	 81.968909	 81.966563	 81.964317	 81.962165	   81.9601	 81.958118	 81.956213	  81.95438	 81.952613	 81.950909	 81.949261	 81.947665	 81.946116	 81.944611	 81.943143	  81.94171	 81.940306	 81.938927	 81.937569	 81.936228	 81.934899	 81.933579	
        99	 98.752467	 98.505007	 98.257692	 98.010595	 97.763788	 97.517343	 97.271332	 97.025826	 96.780897	 96.536613	 96.293046	 96.050265	 95.808337	 95.567331	 95.327314	 95.088352	  94.85051	 94.613852	 94.378442	 94.144341	 93.911612	 93.680313	 93.450504	 93.222241	 92.995582	  92.77058	 92.547289	 92.325762	 92.106049	 91.888199	  91.67226	 91.458277	 91.246296	 91.036359	 90.828508	 90.622781	 90.419218	 90.217855	 90.018726	 89.821865	 89.627302	 89.435068	  89.24519	 89.057694	 88.872605	 88.689946	 88.509738	 88.331999	 88.156748	 87.984001	 87.813771	 87.646072	 87.480914	 87.318306	 87.158256	  87.00077	 86.845853	 86.693507	 86.543734	 86.396533	 86.251902	 86.109839	 85.970339	 85.833396	 85.699003	  85.56715	 85.437827	 85.311024	 85.186728	 85.064925	 84.945599	 84.828736	 84.714317	 84.602325	  84.49274	 84.385541	 84.280709	  84.17822	 84.078051	 83.980179	  83.88458	 83.791227	 83.700095	 83.611157	 83.524386	 83.439754	 83.357232	 83.276791	 83.198402	 83.122035	 83.047659	 82.975245	  82.90476	 82.836174	 82.769454	  82.70457	  82.64149	  82.58018	  82.52061	 82.462746	 82.406556	 82.352008	 82.299069	 82.247707	  82.19789	 82.149585	  82.10276	 82.057383	 82.013422	 81.970846	 81.929622	  81.88972	 81.851109	 81.813758	 81.777636	 81.742713	 81.708959	 81.676345	  81.64484	 81.614418	 81.585048	 81.556703	 81.529355	 81.502976	  81.47754	  81.45302	  81.42939	 81.406625	 81.384698	 81.363586	 81.343263	 81.323707	 81.304893	 81.286799	 81.269402	  81.25268	 81.236612	 81.221176	 81.206351	 81.192118	 81.178457	 81.165348	 81.152772	 81.140712	 81.129149	 81.118066	 81.107446	 81.097272	 81.087528	 81.078198	 81.069267	  81.06072	 81.052543	 81.044721	 81.037241	  81.03009	 81.023254	 81.016721	 81.010479	 81.004516	  80.99882	 80.993381	 80.988187	 80.983229	 80.978496	 80.973977	 80.969665	 80.965549	 80.961621	 80.957871	 80.954292	 80.950875	 80.947613	 80.944497	 80.941521	 80.938677	 80.935959	 80.933358	  80.93087	 80.928487	 80.926204	 80.924014	 80.921911	  80.91989	 80.917946	 80.916072	 80.914263	 80.912515	 80.910822	  80.90918	 80.907582	 80.906026	 80.904505	 80.903016	 80.901553	 80.900113	  80.89869	 80.897281	  80.89588	
