Time step 22:
        99	        99	        99	        99	        99	        99	        99	        99	        99	        99	        99	        99	        99	        99	        99	        99	        99	        99	        99	        99	        99	        99	        99	        99	        99	        99	        99	        99	        99	        99	        99	        99	        99	        99	        99	        99	        99	        99	        99	        99	        99	        99	        99	        99	        99	        99	        99	        99	        99	        99	        99	        99	        99	        99	        99	        99	        99	        99	        99	        99	        99	        99	        99	        99	        99	        99	        99	        99	        99	        99	        99	        99	        99	        99	        99	        99	        99	        99	        99	        99	        99	        99	        99	        99	        99	        99	        99	        99	        99	        99	        99	        99	        99	        99	        99	        99	        99	        99	        99	        99	        99	        99	        99	        99	        99	        99	        99	        99	        99	        99	        99	        99	        99	        99	        99	        99	        99	        99	        99	        99	        99	        99	        99	        99	        99	        99	        99	        99	        99	        99	        99	        99	        99	        99	        99	        99	        99	        99	        99	        99	        99	        99	        99	        99	        99	        99	        99	        99	        99	        99	        99	        99	        99	        99	        99	        99	        99	        99	        99	        99	        99	        99	        99	        99	        99	        99	        99	        99	        99	        99	        99	        99	        99	        99	        99	        99	        99	        99	        99	        99	        99	        99	        99	        99	        99	        99	        99	        99	        99	        99	        99	        99	        99	        99	        99	        99	        99	        99	        99	        99	
        99	 98.971141	 98.942298	 98.913488	 98.884728	 98.856034	 98.827422	 98.798909	 98.770509	  98.74224	 98.714117	 98.686154	 98.658368	 98.630772	 98.603381	  98.57621	 98.549272	 98.522579	 98.496146	 98.469985	 98.444108	 98.418525	  98.39325	 98.368291	  98.34366	 98.319366	 98.295418	 98.271824	 98.248594	 98.225733	 98.203251	 98.181151	 98.159442	 98.138128	 98.117214	 98.096703	 98.076601	  98.05691	 98.037633	 98.018771	 98.000327	 97.982302	 97.964695	 97.947508	 97.930741	 97.914391	 97.898458	  97.88294	 97.867835	 97.853141	 97.838854	 97.824971	 97.811489	 97.798403	 97.785709	 97.773403	 97.761478	 97.749931	 97.738756	 97.727946	 97.717497	 97.707401	 97.697652	 97.688244	  97.67917	 97.670424	 97.661997	 97.653884	 97.646077	 97.638568	 97.631351	 97.624418	 97.617762	 97.611376	 97.605251	 97.599381	 97.593758	 97.588376	 97.583225	 97.578301	 97.573594	 97.569099	 97.564808	 97.560714	  97.55681	  97.55309	 97.549547	 97.546175	 97.542967	 97.539917	 97.537019	 97.534266	 97.531654	 97.529176	 97.526827	 97.524601	 97.522493	 97.520498	 97.518611	 97.516827	 97.515142	  97.51355	 97.512048	 97.510632	 97.509297	 97.508039	 97.506855	  97.50574	 97.504692	 97.503707	 97.502782	 97.501913	 97.501097	 97.500333	 97.499616	 97.498945	 97.498317	 97.497729	 97.497179	 97.496665	 97.496186	 97.495738	  97.49532	  97.49493	 97.494567	 97.494229	 97.493914	 97.493621	 97.493349	 97.493096	 97.492861	 97.492643	  97.49244	 97.492253	 97.492079	 97.491918	 97.491769	 97.491631	 97.491504	 97.491386	 97.491278	 97.491177	 97.491085	    97.491	 97.490921	 97.490849	 97.490782	 97.490721	 97.490665	 97.490613	 97.490565	 97.490522	 97.490482	 97.490445	 97.490412	 97.490381	 97.490353	 97.490327	 97.490304	 97.490282	 97.490263	 97.490245	 97.490229	 97.490214	   97.4902	 97.490188	 97.490177	 97.490167	 97.490157	 97.490149	 97.490141	 97.490135	 97.490128	 97.490123	 97.490117	 97.490113	 97.490108	 97.490105	 97.490101	 97.490098	 97.490095	 97.490093	  97.49009	 97.490088	 97.490086	 97.490085	 97.490083	 97.490082	  97.49008	 97.490079	 97.490078	 97.490077	 97.490076	 97.490075	 97.490075	 97.490074	 97.490073	 97.490073	 97.490072	 97.490071	
        99	 98.942298	 98.884629	 98.827026	 98.769522	 98.712151	 98.654943	 98.597933	  98.54115	 98.484628	 98.428398	 98.372489	 98.316932	 98.261756	 98.206991	 98.152663	 98.098802	 98.045433	 97.992582	 97.940274	 97.888534	 97.837384	 97.786848	 97.736945	 97.687697	 97.639122	 97.591239	 97.544066	 97.497618	 97.451911	 97.406958	 97.362773	 97.319367	  97.27675	 97.234934	 97.193925	 97.153732	 97.114361	 97.075817	 97.038105	 97.001228	 96.965187	 96.929985	 96.895621	 96.862095	 96.829404	 96.797548	 96.766521	  96.73632	  96.70694	 96.678374	 96.650617	  96.62366	 96.597495	 96.572115	 96.547509	 96.523667	  96.50058	 96.478236	 96.456623	 96.435729	 96.415543	 96.396051	 96.377241	 96.359098	  96.34161	 96.324762	  96.30854	  96.29293	 96.277918	 96.263488	 96.249626	 96.236318	 96.223548	 96.211303	 96.199566	 96.188324	 96.177561	 96.167264	 96.157417	 96.148007	 96.139019	 96.130439	 96.122253	 96.114448	 96.107011	 96.099927	 96.093185	  96.08677	 96.080672	 96.074877	 96.069374	  96.06415	 96.059196	 96.054498	 96.050048	 96.045833	 96.041844	 96.038071	 96.034505	 96.031135	 96.027953	 96.024951	 96.022119	 96.019449	 96.016934	 96.014566	 96.012338	 96.010242	 96.008273	 96.006422	 96.004685	 96.003055	 96.001526	 96.000094	 95.998752	 95.997495	  95.99632	 95.995221	 95.994194	 95.993234	 95.992339	 95.991503	 95.990724	 95.989998	 95.989321	 95.988692	 95.988106	 95.987562	 95.987056	 95.986586	  95.98615	 95.985746	 95.985371	 95.985023	 95.984701	 95.984404	 95.984128	 95.983873	 95.983638	 95.983421	  95.98322	 95.983035	 95.982865	 95.982708	 95.982563	  95.98243	 95.982308	 95.982195	 95.982092	 95.981997	  95.98191	  95.98183	 95.981757	  95.98169	 95.981629	 95.981572	 95.981521	 95.981474	 95.981431	 95.981392	 95.981356	 95.981324	 95.981294	 95.981267	 95.981243	  95.98122	   95.9812	 95.981181	 95.981165	 95.981149	 95.981135	 95.981123	 95.981111	 95.981101	 95.981092	 95.981083	 95.981076	 95.981069	 95.981063	 95.981057	 95.981052	 95.981047	 95.981043	 95.981039	 95.981036	 95.981033	  95.98103	 95.981027	 95.981025	 95.981023	 95.981021	 95.981019	 95.981017	 95.981016	 95.981014	 95.981013	 95.981012	 95.981011	 95.981009	
        99	 98.913488	 98.827026	 98.740663	 98.654449	 98.568432	 98.482662	 98.397187	 98.312055	 98.227312	 98.143006	 98.059183	 97.975887	 97.893163	 97.811054	 97.729603	 97.648849	 97.568834	 97.489595	 97.411171	 97.333598	  97.25691	 97.181141	 97.106323	 97.032486	 96.959659	 96.887869	 96.817143	 96.747505	 96.678977	  96.61158	 96.545333	 96.480255	 96.416361	 96.353666	 96.292183	 96.231922	 96.172894	 96.115106	 96.058564	 96.003274	  95.94924	 95.896461	  95.84494	 95.794675	 95.745663	 95.697901	 95.651383	 95.606103	 95.562054	 95.519226	 95.477609	 95.437193	 95.397966	 95.359913	 95.323022	 95.287277	 95.252662	 95.219162	 95.186758	 95.155433	 95.125168	 95.095944	 95.067742	 95.040541	 95.014321	 94.989061	  94.96474	 94.941336	 94.918828	 94.897194	 94.876411	 94.856459	 94.837313	 94.818953	 94.801357	 94.784502	 94.768365	 94.752927	 94.738164	 94.724055	  94.71058	 94.697716	 94.685443	 94.673742	  94.66259	  94.65197	 94.641861	 94.632244	 94.623101	 94.614413	 94.606162	 94.598331	 94.590902	  94.58386	 94.577187	 94.570868	 94.564887	 94.559231	 94.553883	 94.548831	 94.544061	 94.539559	 94.535313	 94.531311	  94.52754	  94.52399	 94.520649	 94.517507	 94.514554	  94.51178	 94.509175	 94.506731	  94.50444	 94.502292	  94.50028	 94.498396	 94.496634	 94.494986	 94.493446	 94.492007	 94.490664	 94.489411	 94.488243	 94.487155	 94.486141	 94.485197	 94.484319	 94.483503	 94.482744	  94.48204	 94.481386	  94.48078	 94.480218	 94.479697	 94.479214	 94.478768	 94.478355	 94.477973	  94.47762	 94.477294	 94.476994	 94.476716	 94.476461	 94.476225	 94.476008	 94.475809	 94.475625	 94.475457	 94.475302	  94.47516	 94.475029	 94.474909	   94.4748	 94.474699	 94.474607	 94.474523	 94.474446	 94.474376	 94.474311	 94.474253	 94.474199	  94.47415	 94.474106	 94.474065	 94.474028	 94.473995	 94.473964	 94.473936	 94.473911	 94.473888	 94.473868	 94.473849	 94.473832	 94.473816	 94.473802	  94.47379	 94.473778	 94.473768	 94.473758	  94.47375	 94.473742	 94.473735	 94.473729	 94.473723	 94.473718	 94.473714	 94.473709	 94.473705	 94.473702	 94.473699	 94.473696	 94.473693	 94.473691	 94.473688	 94.473686	 94.473684	 94.473682	  94.47368	 94.473679	
        99	 98.884728	 98.769522	 98.654449	 98.539573	 98.424961	 98.310678	 98.196787	 98.083353	 97.970439	 97.858106	 97.746416	  97.63543	 97.525205	 97.415799	  97.30727	  97.19967	 97.093055	 96.987474	 96.882979	 96.779617	 96.677435	 96.576477	 96.476786	 96.378402	 96.281364	 96.185709	 96.091471	 95.998682	 95.907372	 95.817569	   95.7293	 95.642587	 95.557452	 95.473915	 95.391992	 95.311698	 95.233046	 95.156047	 95.080709	 95.007038	  94.93504	 94.864716	 94.796067	 94.729091	 94.663786	 94.600146	 94.538163	 94.477831	 94.419137	 94.362072	  94.30662	 94.252768	   94.2005	 94.149797	 94.100641	 94.053013	 94.006891	 93.962254	 93.919077	 93.877339	 93.837012	 93.798074	 93.760496	 93.724252	 93.689316	 93.655658	 93.623252	 93.592068	 93.562077	 93.533251	 93.505559	 93.478973	 93.453463	    93.429	 93.405553	 93.383095	 93.361594	 93.341023	 93.321352	 93.302553	 93.284598	 93.267458	 93.251105	 93.235513	 93.220655	 93.206504	 93.193034	 93.180221	 93.168038	 93.156461	 93.145467	 93.135033	 93.125135	 93.115751	  93.10686	  93.09844	 93.090472	 93.082935	  93.07581	 93.069078	 93.062722	 93.056723	 93.051065	 93.045732	 93.040708	 93.035978	 93.031526	  93.02734	 93.023405	 93.019709	 93.016238	 93.012982	 93.009928	 93.007066	 93.004385	 93.001876	 92.999527	 92.997332	  92.99528	 92.993363	 92.991574	 92.989904	 92.988348	 92.986897	 92.985546	 92.984289	 92.983119	 92.982032	 92.981021	 92.980082	 92.979211	 92.978403	 92.977654	  92.97696	 92.976317	 92.975722	 92.975172	 92.974663	 92.974193	 92.973759	 92.973358	 92.972989	 92.972648	 92.972334	 92.972046	  92.97178	 92.971535	 92.971311	 92.971104	 92.970915	 92.970741	 92.970581	 92.970435	 92.970301	 92.970178	 92.970066	 92.969964	  92.96987	 92.969784	 92.969706	 92.969635	  92.96957	  92.96951	 92.969456	 92.969407	 92.969362	 92.969322	 92.969285	 92.969251	 92.969221	 92.969193	 92.969168	 92.969145	 92.969125	 92.969106	 92.969089	 92.969074	  92.96906	 92.969047	 92.969036	 92.969026	 92.969017	 92.969008	 92.969001	 92.968994	 92.968988	 92.968982	 92.968977	 92.968972	 92.968968	 92.968964	 92.968961	 92.968957	 92.968954	 92.968951	 92.968949	 92.968946	 92.968944	 92.968941	
        99	 98.856034	 98.712151	 98.568432	 98.424961	 98.281819	 98.139088	 97.996846	 97.855176	 97.714154	 97.573859	 97.434367	 97.295753	  97.15809	 97.021451	 96.885905	 96.751522	 96.618366	 96.486504	 96.355997	 96.226906	 96.099288	 95.973199	 95.848692	 95.725819	 95.604626	 95.485159	 95.367463	 95.251576	 95.137537	  95.02538	 94.915138	  94.80684	 94.700513	 94.596181	 94.493865	 94.393584	 94.295354	 94.199187	 94.105096	 94.013087	 93.923166	 93.835337	 93.749599	 93.665952	  93.58439	 93.504908	 93.427497	 93.352146	 93.278842	 93.207571	 93.138316	 93.071059	  93.00578	 92.942456	 92.881064	  92.82158	 92.763977	 92.708228	 92.654304	 92.602176	 92.551811	  92.50318	 92.456248	 92.410982	 92.367349	 92.325314	  92.28484	 92.245894	 92.208437	 92.172435	 92.137851	 92.104647	 92.072787	 92.042234	 92.012951	 91.984902	 91.958049	 91.932357	  91.90779	 91.884312	 91.861886	  91.84048	 91.820057	 91.800584	 91.782027	 91.764353	 91.747531	 91.731527	 91.716311	 91.701853	 91.688123	 91.675091	 91.662729	 91.651009	 91.639905	 91.629389	 91.619437	 91.610024	 91.601125	 91.592718	 91.584779	 91.577288	 91.570222	 91.563561	 91.557286	 91.551378	 91.545819	 91.540591	 91.535676	  91.53106	 91.526725	 91.522658	 91.518845	  91.51527	 91.511922	 91.508787	 91.505855	 91.503112	 91.500549	 91.498155	 91.495921	 91.493836	 91.491892	 91.490081	 91.488393	 91.486823	 91.485362	 91.484004	 91.482741	 91.481569	 91.480481	 91.479472	 91.478536	 91.477669	 91.476866	 91.476123	 91.475436	 91.474801	 91.474214	 91.473671	 91.473171	  91.47271	 91.472284	 91.471893	 91.471532	   91.4712	 91.470894	 91.470614	 91.470356	 91.470119	 91.469902	 91.469703	  91.46952	 91.469353	   91.4692	  91.46906	 91.468931	 91.468814	 91.468707	  91.46861	 91.468521	 91.468439	 91.468365	 91.468298	 91.468237	 91.468181	  91.46813	 91.468084	 91.468042	 91.468004	 91.467969	 91.467938	 91.467909	 91.467884	  91.46786	 91.467839	  91.46782	 91.467803	 91.467787	 91.467773	  91.46776	 91.467749	 91.467739	 91.467729	 91.467721	 91.467713	 91.467706	 91.467699	 91.467694	 91.467688	 91.467683	 91.467679	 91.467675	 91.467671	 91.467667	 91.467664	 91.467661	 91.467658	 91.467655	
        99	 98.827422	 98.654943	 98.482662	 98.310678	 98.139088	 97.967989	 97.797479	 97.627653	 97.458604	 97.290427	 97.123212	 96.957049	 96.792028	 96.628233	 96.465749	 96.304657	 96.145039	  95.98697	 95.830526	 95.675779	 95.522798	 95.371651	 95.222399	 95.075105	 94.929826	 94.786617	  94.64553	 94.506611	 94.369908	 94.235461	 94.103309	 93.973488	 93.846029	 93.720962	 93.598312	 93.478101	 93.360348	  93.24507	 93.132279	 93.021984	 92.914192	 92.808908	 92.706131	 92.605859	 92.508088	 92.412809	 92.320013	 92.229687	 92.141815	  92.05638	 91.973361	 91.892737	 91.814484	 91.738575	 91.664982	 91.593676	 91.524625	 91.457797	 91.393156	 91.330667	 91.270293	 91.211996	 91.155737	 91.101476	 91.049171	 90.998781	 90.950264	 90.903577	 90.858677	  90.81552	 90.774062	 90.734259	 90.696067	 90.659442	 90.624339	 90.590716	 90.558526	 90.527729	 90.498279	 90.470134	 90.443252	 90.417591	 90.393109	 90.369766	 90.347521	 90.326335	 90.306169	 90.286985	 90.268746	 90.251414	 90.234955	 90.219333	 90.204514	 90.190465	 90.177153	 90.164548	 90.152618	 90.141334	 90.130667	 90.120589	 90.111073	 90.102092	 90.093622	 90.085638	 90.078116	 90.071034	 90.064369	 90.058102	 90.052211	 90.046677	 90.041481	 90.036606	 90.032034	 90.027749	 90.023735	 90.019978	 90.016462	 90.013175	 90.010103	 90.007233	 90.004554	 90.002055	 89.999725	 89.997553	 89.995531	 89.993648	 89.991897	 89.990269	 89.988756	  89.98735	 89.986046	 89.984836	 89.983715	 89.982675	 89.981713	 89.980822	 89.979998	 89.979237	 89.978533	 89.977883	 89.977283	  89.97673	  89.97622	 89.975751	 89.975318	  89.97492	 89.974554	 89.974218	 89.973909	 89.973625	 89.973364	 89.973126	 89.972907	 89.972706	 89.972523	 89.972355	 89.972201	 89.972061	 89.971933	 89.971815	 89.971709	 89.971611	 89.971523	 89.971442	 89.971368	 89.971301	  89.97124	 89.971185	 89.971135	 89.971089	 89.971048	  89.97101	 89.970976	 89.970945	 89.970917	 89.970892	 89.970869	 89.970848	  89.97083	 89.970813	 89.970797	 89.970784	 89.970771	  89.97076	 89.970749	  89.97074	 89.970732	 89.970724	 89.970717	 89.970711	 89.970705	   89.9707	 89.970695	  89.97069	 89.970686	 89.970682	 89.970678	 89.970674	  89.97067	
        99	 98.798909	 98.597933	 98.397187	 98.196787	 97.996846	 97.797479	 97.598797	 97.400911	 97.203933	 97.007969	 96.813127	 96.619511	 96.427224	 96.236366	 96.047036	 95.859329	 95.673338	 95.489154	 95.306862	 95.126547	 94.948291	  94.77217	 94.598259	 94.426629	 94.257347	 94.090477	 93.926078	 93.764208	 93.604918	 93.448258	 93.294272	 93.143001	 92.994484	 92.848753	 92.705838	 92.565766	 92.428558	 92.294233	 92.162806	 92.034288	 91.908687	 91.786007	 91.666249	 91.549411	 91.435486	 91.324465	 91.216337	 91.111087	 91.008697	 90.909146	 90.812411	 90.718466	 90.627283	 90.538833	 90.453081	 90.369994	 90.289534	 90.211664	 90.136343	  90.06353	 89.993181	 89.925252	 89.859698	 89.796471	 89.735525	  89.67681	 89.620277	 89.565876	 89.513557	 89.463269	 89.414962	 89.368583	 89.324081	 89.281404	 89.240502	 89.201323	 89.163815	 89.127929	 89.093613	 89.060819	 89.029495	 88.999594	 88.971068	 88.943868	 88.917947	 88.893261	 88.869763	 88.847409	 88.826156	 88.805961	 88.786783	 88.768579	 88.751312	 88.734942	 88.719431	 88.704743	 88.690843	 88.677694	 88.665265	 88.653521	 88.642433	 88.631968	 88.622099	 88.612795	 88.604031	 88.595778	 88.588013	  88.58071	 88.573845	 88.567397	 88.561343	 88.555662	 88.550335	 88.545342	 88.540665	 88.536287	 88.532191	  88.52836	  88.52478	 88.521436	 88.518315	 88.515403	 88.512688	 88.510157	 88.507801	 88.505607	 88.503567	 88.501669	 88.499906	 88.498269	 88.496749	 88.495339	 88.494032	 88.492821	   88.4917	 88.490662	 88.489702	 88.488814	 88.487994	 88.487237	 88.486539	 88.485894	   88.4853	 88.484753	 88.484249	 88.483785	 88.483358	 88.482966	 88.482606	 88.482275	 88.481972	 88.481694	 88.481439	 88.481205	 88.480991	 88.480795	 88.480617	 88.480453	 88.480304	 88.480167	 88.480043	 88.479929	 88.479826	 88.479732	 88.479646	 88.479568	 88.479497	 88.479432	 88.479374	 88.479321	 88.479272	 88.479229	 88.479189	 88.479153	  88.47912	 88.479091	 88.479064	  88.47904	 88.479018	 88.478999	 88.478981	 88.478965	  88.47895	 88.478937	 88.478925	 88.478914	 88.478904	 88.478896	 88.478887	  88.47888	 88.478873	 88.478867	 88.478861	 88.478856	 88.478851	 88.478846	 88.478842	 88.478837	 88.478833	
        99	 98.770509	  98.54115	 98.312055	 98.083353	 97.855176	 97.627653	 97.400911	  97.17508	 96.950282	 96.726644	 96.504285	 96.283325	 96.063882	 95.846071	 95.630003	 95.415787	 95.203529	 94.993333	 94.785297	 94.579517	 94.376087	 94.175093	 93.976622	 93.780753	 93.587564	 93.397128	 93.209512	 93.024781	 92.842996	 92.664211	 92.488478	 92.315845	 92.146353	 91.980041	 91.816943	 91.657089	 91.500504	 91.347209	 91.197221	 91.050553	 90.907214	 90.767209	 90.630538	 90.497199	 90.367184	 90.240485	 90.117087	 89.996973	 89.880122	 89.766512	 89.656115	 89.548903	 89.444844	 89.343901	 89.246039	 89.151218	 89.059396	 88.970528	  88.88457	 88.801474	  88.72119	 88.643668	 88.568856	   88.4967	 88.427146	 88.360139	 88.295622	 88.233538	 88.173831	 88.116441	 88.061311	 88.008382	 87.957595	 87.908892	 87.862213	 87.817501	 87.774697	 87.733742	 87.694581	 87.657154	 87.621407	 87.587284	 87.554728	 87.523687	 87.494106	 87.465933	 87.439117	 87.413606	 87.389352	 87.366305	 87.344417	 87.323643	 87.303938	 87.285256	 87.267555	 87.250792	 87.234928	 87.219923	 87.205738	 87.192336	 87.179682	 87.167739	 87.156476	 87.145859	 87.135856	 87.126438	 87.117576	 87.109242	 87.101408	 87.094049	  87.08714	 87.080657	 87.074578	  87.06888	 87.063542	 87.058546	 87.053871	 87.049499	 87.045414	 87.041598	 87.038036	 87.034712	 87.031614	 87.028726	 87.026036	 87.023533	 87.021204	 87.019039	 87.017027	 87.015158	 87.013424	 87.011815	 87.010323	 87.008941	 87.007662	 87.006477	 87.005381	 87.004369	 87.003433	 87.002569	 87.001771	 87.001036	 87.000358	 86.999733	 86.999158	 86.998629	 86.998142	 86.997695	 86.997284	 86.996906	  86.99656	 86.996242	 86.995951	 86.995685	 86.995441	 86.995217	 86.995013	 86.994826	 86.994656	   86.9945	 86.994358	 86.994229	 86.994111	 86.994003	 86.993905	 86.993816	 86.993735	 86.993662	 86.993595	 86.993534	 86.993479	 86.993429	 86.993384	 86.993343	 86.993306	 86.993272	 86.993242	 86.993214	 86.993189	 86.993167	 86.993146	 86.993128	 86.993111	 86.993096	 86.993083	  86.99307	 86.993059	 86.993049	  86.99304	 86.993031	 86.993023	 86.993016	  86.99301	 86.993004	 86.992998	 86.992992	 86.992987	 86.992982	 86.992977	
        99	  98.74224	 98.484628	 98.227312	 97.970439	 97.714154	 97.458604	 97.203933	 96.950282	 96.697794	 96.446607	 96.196858	  95.94868	 95.702206	 95.457564	  95.21488	 94.974277	 94.735873	 94.499784	 94.266122	 94.034994	 93.806504	 93.580752	 93.357832	 93.137836	  92.92085	 92.706955	 92.496228	 92.288742	 92.084564	 91.883756	 91.686376	 91.492477	 91.302107	 91.115309	  90.93212	 90.752575	 90.576701	 90.404523	  90.23606	 90.071325	 89.910329	 89.753078	 89.599571	 89.449807	 89.303778	 89.161471	 89.022872	 88.887962	 88.756718	 88.629113	 88.505118	 88.384699	 88.267821	 88.154445	 88.044528	 87.938026	 87.834893	 87.735079	 87.638532	   87.5452	 87.455026	 87.367955	 87.283927	 87.202883	 87.124761	   87.0495	 86.977036	 86.907305	 86.840243	 86.775784	 86.713863	 86.654414	 86.597371	 86.542668	 86.490239	 86.440019	 86.391942	 86.345943	 86.301957	 86.259921	  86.21977	 86.181443	 86.144877	 86.110012	 86.076788	 86.045145	 86.015025	 85.986372	  85.95913	 85.933244	  85.90866	 85.885327	 85.863194	 85.842211	 85.822329	 85.803502	 85.785684	  85.76883	 85.752898	 85.737845	 85.723632	 85.710219	 85.697568	 85.685643	 85.674408	  85.66383	 85.653877	 85.644515	 85.635716	 85.627451	 85.619691	 85.612409	 85.605581	 85.599181	 85.593186	 85.587574	 85.582323	 85.577413	 85.572825	 85.568539	 85.564538	 85.560805	 85.557325	 85.554081	  85.55106	 85.548249	 85.545633	 85.543201	 85.540941	 85.538842	 85.536894	 85.535087	 85.533412	  85.53186	 85.530422	 85.529092	 85.527861	 85.526724	 85.525673	 85.524702	 85.523806	  85.52298	 85.522219	 85.521517	 85.520871	 85.520277	  85.51973	 85.519227	 85.518766	 85.518342	 85.517953	 85.517596	 85.517269	  85.51697	 85.516696	 85.516445	 85.516215	 85.516006	 85.515814	 85.515639	  85.51548	 85.515334	 85.515202	 85.515081	 85.514971	 85.514871	  85.51478	 85.514698	 85.514623	 85.514554	 85.514493	 85.514436	 85.514386	  85.51434	 85.514298	  85.51426	 85.514226	 85.514195	 85.514167	 85.514142	 85.514119	 85.514098	  85.51408	 85.514063	 85.514047	 85.514033	 85.514021	 85.514009	 85.513999	  85.51399	 85.513981	 85.513973	 85.513966	 85.513959	 85.513952	 85.513946	  85.51394	 85.513935	 85.513929	
        99	 98.714117	 98.428398	 98.143006	 97.858106	 97.573859	 97.290427	 97.007969	 96.726644	 96.446607	 96.168014	 95.891015	 95.615759	 95.342393	 95.071059	 94.801896	 94.535041	 94.270626	 94.008778	 93.749622	 93.493276	 93.239856	 92.989473	 92.742231	 92.498232	 92.257571	 92.020339	  91.78662	 91.556496	  91.33004	 91.107323	 90.888407	 90.673353	 90.462212	 90.255032	 90.051857	 89.852722	 89.657659	 89.466695	 89.279851	 89.097142	 88.918581	 88.744172	 88.573917	 88.407812	  88.24585	 88.088017	 87.934296	 87.784666	 87.639102	 87.497575	 87.360051	 87.226493	 87.096863	 86.971116	 86.849207	 86.731085	 86.616699	 86.505995	 86.398914	 86.295399	 86.195387	 86.098815	  86.00562	 85.915733	 85.829088	 85.745615	 85.665244	 85.587905	 85.513526	 85.442034	 85.373357	 85.307421	 85.244155	 85.183483	 85.125335	 85.069635	 85.016312	 84.965294	 84.916509	 84.869886	 84.825355	 84.782846	 84.742291	 84.703622	 84.666772	 84.631677	 84.598271	 84.566492	 84.536277	 84.507567	 84.480301	 84.454422	 84.429874	 84.406601	 84.384551	 84.363669	 84.343907	 84.325215	 84.307544	 84.290849	 84.275085	 84.260208	 84.246177	  84.23295	  84.22049	 84.208758	 84.197718	 84.187336	 84.177577	  84.16841	 84.159803	 84.151727	 84.144153	 84.137055	 84.130407	 84.124182	 84.118358	 84.112913	 84.107823	  84.10307	 84.098632	 84.094492	 84.090632	 84.087035	 84.083684	 84.080566	 84.077665	 84.074967	 84.072461	 84.070133	 84.067972	 84.065968	  84.06411	 84.062389	 84.060794	 84.059319	 84.057954	 84.056692	 84.055527	  84.05445	 84.053457	  84.05254	 84.051696	 84.050918	 84.050201	 84.049542	 84.048936	 84.048378	 84.047866	 84.047396	 84.046965	 84.046569	 84.046206	 84.045874	  84.04557	 84.045292	 84.045038	 84.044805	 84.044593	 84.044399	 84.044222	  84.04406	 84.043913	  84.04378	 84.043658	 84.043547	 84.043446	 84.043354	 84.043271	 84.043195	 84.043127	 84.043064	 84.043008	 84.042957	 84.042911	 84.042869	 84.042831	 84.042797	 84.042766	 84.042738	 84.042712	 84.042689	 84.042669	  84.04265	 84.042633	 84.042618	 84.042604	 84.042591	 84.042579	 84.042569	 84.042559	  84.04255	 84.042542	 84.042535	 84.042527	 84.042521	 84.042514	 84.042508	 84.042502	
        99	 98.686154	 98.372489	 98.059183	 97.746416	 97.434367	 97.123212	 96.813127	 96.504285	 96.196858	 95.891015	 95.586922	 95.284743	 94.984639	 94.686766	 94.391276	  94.09832	 93.808042	 93.520582	 93.236078	 92.954659	 92.676452	 92.401578	 92.130153	 91.862289	 91.598088	 91.337652	 91.081073	  90.82844	 90.579835	 90.335333	 90.095005	 89.858916	 89.627123	 89.399679	 89.176631	 88.958018	 88.743877	 88.534234	 88.329115	 88.128535	 87.932509	 87.741041	 87.554133	 87.371781	 87.193977	 87.020706	  86.85195	 86.687685	 86.527883	 86.372512	 86.221537	 86.074917	 85.932607	 85.794561	 85.660727	 85.531052	 85.405478	 85.283945	 85.166391	 85.052751	 84.942957	 84.836939	 84.734628	 84.635949	 84.540829	 84.449192	  84.36096	 84.276056	 84.194402	 84.115917	 84.040523	 83.968138	 83.898684	 83.832078	 83.768242	 83.707094	 83.648556	 83.592548	 83.538991	 83.487808	 83.438921	 83.392254	 83.347732	 83.305281	 83.264827	 83.226299	 83.189625	 83.154738	 83.121568	 83.090049	 83.060117	 83.031707	 83.004758	 82.979209	 82.955001	 82.932077	 82.910382	 82.889861	 82.870462	 82.852134	 82.834828	 82.818496	 82.803092	 82.788573	 82.774894	 82.762014	 82.749895	 82.738496	 82.727783	 82.717719	  82.70827	 82.699405	  82.69109	 82.683298	 82.675999	 82.669166	 82.662772	 82.656794	 82.651207	 82.645988	 82.641117	 82.636572	 82.632334	 82.628385	 82.624707	 82.621283	 82.618098	 82.615137	 82.612385	  82.60983	 82.607458	 82.605258	 82.603218	 82.601328	 82.599578	 82.597958	  82.59646	 82.595074	 82.593795	 82.592613	 82.591522	 82.590517	 82.589589	 82.588735	 82.587949	 82.587225	 82.586559	 82.585947	 82.585385	 82.584869	 82.584395	 82.583961	 82.583563	 82.583198	 82.582865	 82.582559	  82.58228	 82.582025	 82.581791	 82.581579	 82.581384	 82.581207	 82.581046	 82.580899	 82.580765	 82.580643	 82.580532	 82.580432	  82.58034	 82.580257	 82.580182	 82.580114	 82.580052	 82.579996	 82.579945	 82.579899	 82.579857	  82.57982	 82.579786	 82.579755	 82.579727	 82.579702	 82.579679	 82.579659	  82.57964	 82.579623	 82.579608	 82.579594	 82.579581	  82.57957	 82.579559	 82.579549	  82.57954	 82.579532	 82.579524	 82.579517	  82.57951	 82.579503	 82.579496	
        99	 98.658368	 98.316932	 97.975887	  97.63543	 97.295753	 96.957049	 96.619511	 96.283325	  95.94868	 95.615759	 95.284743	 94.955811	 94.629137	 94.304891	  93.98324	 93.664347	 93.348369	 93.035459	 92.725766	 92.419431	 92.116593	 91.817383	 91.521928	 91.230348	 90.942756	 90.659262	 90.379967	 90.104967	 89.834351	 89.568202	 89.306597	 89.049606	 88.797291	  88.54971	 88.306914	 88.068946	 87.835845	 87.607642	 87.384362	 87.166025	 86.952643	 86.744223	 86.540767	 86.342271	 86.148725	 85.960113	 85.776416	 85.597608	 85.423658	 85.254531	 85.090189	 84.930588	 84.775679	 84.625411	 84.479728	 84.338572	  84.20188	 84.069587	 83.941626	 83.817924	 83.698409	 83.583006	 83.471636	 83.364221	 83.260679	 83.160929	 83.064885	 82.972465	 82.883581	 82.798148	 82.716078	 82.637285	 82.561681	 82.489178	  82.41969	 82.353129	 82.289408	 82.228441	 82.170143	 82.114428	 82.061213	 82.010415	 81.961951	 81.915741	 81.871706	 81.829766	 81.789846	 81.751869	 81.715763	 81.681454	 81.648871	 81.617946	 81.588611	   81.5608	 81.534449	 81.509496	  81.48588	 81.463542	 81.442425	 81.422475	 81.403636	 81.385858	 81.369091	 81.353286	 81.338395	 81.324376	 81.311183	 81.298776	 81.287114	 81.276159	 81.265874	 81.256223	 81.247173	  81.23869	 81.230745	 81.223307	 81.216347	  81.20984	 81.203758	 81.198077	 81.192774	 81.187827	 81.183214	 81.178915	 81.174912	 81.171185	 81.167718	 81.164495	   81.1615	 81.158718	 81.156136	 81.153741	 81.151521	 81.149463	 81.147558	 81.145795	 81.144164	 81.142656	 81.141263	 81.139977	  81.13879	 81.137695	 81.136685	 81.135755	 81.134899	 81.134111	 81.133387	 81.132721	 81.132109	 81.131547	 81.131032	 81.130559	 81.130125	 81.129729	 81.129365	 81.129033	 81.128729	 81.128451	 81.128197	 81.127965	 81.127754	 81.127561	 81.127385	 81.127225	  81.12708	 81.126947	 81.126827	 81.126717	 81.126617	 81.126527	 81.126445	 81.126371	 81.126303	 81.126242	 81.126187	 81.126137	 81.126092	 81.126051	 81.126014	  81.12598	  81.12595	 81.125922	 81.125898	 81.125875	 81.125855	 81.125837	  81.12582	 81.125805	 81.125791	 81.125779	 81.125767	 81.125756	 81.125747	 81.125737	 81.125729	 81.125721	 81.125713	 81.125706	 81.125698	
        99	 98.630772	 98.261756	 97.893163	 97.525205	  97.15809	 96.792028	 96.427224	 96.063882	 95.702206	 95.342393	 94.984639	 94.629137	 94.276075	 93.925638	 93.578006	 93.233353	 92.891852	 92.553666	 92.218957	 91.887878	 91.560578	 91.237199	 90.917878	 90.602744	 90.291923	 89.985529	 89.683673	  89.38646	 89.093985	 88.806338	 88.523601	  88.24585	 87.973155	 87.705575	 87.443167	 87.185977	 86.934047	 86.687411	 86.446095	 86.210121	 85.979503	 85.754248	 85.534358	 85.319828	 85.110648	 84.906801	 84.708265	 84.515013	 84.327012	 84.144224	 83.966607	 83.794114	 83.626692	 83.464286	 83.306835	 83.154277	 83.006544	 82.863565	 82.725267	 82.591573	 82.462404	 82.337679	 82.217313	 82.101222	 81.989316	 81.881508	 81.777707	 81.677821	 81.581757	 81.489423	 81.400724	 81.315567	 81.233856	 81.155497	 81.080395	 81.008458	 80.939589	 80.873698	  80.81069	 80.750475	 80.692962	  80.63806	 80.585682	 80.535739	 80.488147	 80.442819	 80.399675	 80.358631	 80.319607	 80.282527	 80.247312	 80.213889	 80.182184	 80.152127	 80.123647	 80.096679	 80.071155	 80.047013	 80.024191	 80.002629	 79.982269	 79.963055	 79.944933	 79.927851	 79.911758	 79.896606	 79.882347	 79.868938	 79.856334	 79.844494	 79.833378	 79.822948	 79.813166	 79.803999	 79.795412	 79.787373	 79.779851	 79.772818	 79.766245	 79.760105	 79.754374	 79.749027	 79.744042	 79.739396	 79.735068	 79.731041	 79.727294	  79.72381	 79.720573	 79.717566	 79.714776	 79.712188	 79.709788	 79.707564	 79.705505	   79.7036	 79.701837	 79.700207	 79.698702	 79.697311	 79.696028	 79.694845	 79.693754	 79.692749	 79.691824	 79.690972	 79.690189	 79.689469	 79.688808	 79.688201	 79.687644	 79.687133	 79.686665	 79.686236	 79.685843	 79.685483	 79.685155	 79.684855	  79.68458	  79.68433	 79.684101	 79.683893	 79.683703	  79.68353	 79.683373	 79.683229	 79.683099	 79.682981	 79.682873	 79.682775	 79.682687	 79.682607	 79.682534	 79.682468	 79.682408	 79.682354	 79.682305	 79.682261	 79.682221	 79.682184	 79.682152	 79.682122	 79.682095	 79.682071	 79.682049	 79.682029	 79.682011	 79.681995	  79.68198	 79.681966	 79.681954	 79.681942	 79.681932	 79.681922	 79.681913	 79.681904	 79.681896	 79.681888	  79.68188	
        99	 98.603381	 98.206991	 97.811054	 97.415799	 97.021451	 96.628233	 96.236366	 95.846071	 95.457564	 95.071059	 94.686766	 94.304891	 93.925638	 93.549204	 93.175783	 92.805563	 92.438728	 92.075455	 91.715916	 91.360276	 91.008695	 90.661327	 90.318318	 89.979807	 89.645927	 89.316804	 88.992556	 88.673294	 88.359122	 88.050136	 87.746425	  87.44807	 87.155145	 86.867716	 86.585841	 86.309572	 86.038953	  85.77402	 85.514803	 85.261323	 85.013597	 84.771632	 84.535429	 84.304985	 84.080287	 83.861318	 83.648054	 83.440466	 83.238519	 83.042171	 82.851378	 82.666088	 82.486247	 82.311792	 82.142662	 81.978786	 81.820094	 81.666508	 81.517951	 81.374339	 81.235588	  81.10161	 80.972315	 80.847612	 80.727405	 80.611599	 80.500097	 80.392801	 80.289612	 80.190428	 80.095149	 80.003674	 79.915901	 79.831729	 79.751057	 79.673782	 79.599806	 79.529026	 79.461344	 79.396662	 79.334882	 79.275908	 79.219644	 79.165996	 79.114873	 79.066183	 79.019838	 78.975749	 78.933831	    78.894	 78.856173	  78.82027	 78.786213	 78.753926	 78.723334	 78.694365	 78.666948	 78.641015	 78.616499	 78.593338	 78.571467	 78.550828	 78.531362	 78.513012	 78.495726	  78.47945	 78.464134	 78.449729	  78.43619	 78.423472	 78.411531	 78.400327	  78.38982	 78.379973	 78.370749	 78.362113	 78.354034	 78.346479	 78.339418	 78.332823	 78.326667	 78.320923	 78.315568	 78.310577	 78.305929	 78.301602	 78.297578	 78.293835	 78.290358	 78.287129	 78.284131	 78.281351	 78.278773	 78.276384	 78.274173	 78.272126	 78.270232	 78.268482	 78.266864	 78.265371	 78.263993	 78.262722	  78.26155	  78.26047	 78.259476	 78.258562	  78.25772	 78.256947	 78.256237	 78.255585	 78.254986	 78.254437	 78.253934	 78.253473	 78.253052	 78.252666	 78.252313	  78.25199	 78.251695	 78.251426	 78.251181	 78.250957	 78.250753	 78.250567	 78.250398	 78.250244	 78.250104	 78.249977	 78.249862	 78.249757	 78.249662	 78.249575	 78.249497	 78.249426	 78.249362	 78.249304	 78.249251	 78.249204	 78.249161	 78.249122	 78.249087	 78.249055	 78.249026	    78.249	 78.248976	 78.248955	 78.248936	 78.248918	 78.248902	 78.248888	 78.248874	 78.248862	 78.248851	  78.24884	  78.24883	 78.248821	 78.248812	 78.248803	 78.248795	
        99	  98.57621	 98.152663	 97.729603	  97.30727	 96.885905	 96.465749	 96.047036	 95.630003	  95.21488	 94.801896	 94.391276	  93.98324	 93.578006	 93.175783	  92.77678	 92.381197	 91.989231	 91.601071	   91.2169	 90.836897	  90.46123	 90.090065	 89.723557	 89.361855	 89.005102	 88.653431	  88.30697	 87.965836	 87.630141	 87.299987	  86.97547	 86.656675	 86.343682	 86.036562	 85.735376	 85.440181	 85.151023	  84.86794	 84.590964	  84.32012	 84.055422	  83.79688	 83.544496	 83.298265	 83.058173	 82.824203	 82.596329	  82.37452	 82.158738	 81.948939	 81.745075	 81.547091	 81.354929	 81.168523	 80.987806	 80.812704	  80.64314	 80.479032	 80.320297	 80.166847	 80.018591	 79.875434	 79.737282	 79.604035	 79.475593	 79.351854	 79.232713	 79.118067	 79.007808	 78.901829	 78.800023	 78.702281	 78.608495	 78.518557	 78.432358	  78.34979	 78.270745	 78.195116	 78.122798	 78.053684	 77.987672	 77.924657	 77.864539	 77.807216	 77.752591	 77.700565	 77.651045	 77.603936	 77.559146	 77.516586	 77.476167	 77.437805	 77.401415	 77.366916	 77.334228	 77.303274	 77.273979	 77.246269	 77.220074	 77.195326	 77.171957	 77.149904	 77.129104	 77.109498	 77.091027	 77.073636	  77.05727	 77.041879	 77.027413	 77.013823	 77.001065	 76.989093	 76.977866	 76.967344	 76.957488	 76.948261	 76.939628	 76.931555	 76.924011	 76.916964	 76.910386	 76.904249	 76.898527	 76.893194	 76.888228	 76.883605	 76.879304	 76.875306	  76.87159	 76.868139	 76.864937	 76.861966	 76.859211	 76.856659	 76.854296	 76.852108	 76.850085	 76.848215	 76.846487	 76.844891	 76.843418	  76.84206	 76.840808	 76.839655	 76.838593	 76.837615	 76.836716	  76.83589	 76.835131	 76.834434	 76.833795	 76.833208	 76.832671	 76.832179	 76.831728	 76.831315	 76.830938	 76.830593	 76.830279	 76.829991	 76.829729	  76.82949	 76.829272	 76.829073	 76.828893	 76.828728	 76.828579	 76.828443	 76.828319	 76.828207	 76.828105	 76.828013	  76.82793	 76.827854	 76.827785	 76.827723	 76.827667	 76.827616	  76.82757	 76.827529	 76.827491	 76.827457	 76.827426	 76.827399	 76.827373	 76.827351	  76.82733	 76.827311	 76.827294	 76.827279	 76.827264	 76.827251	 76.827239	 76.827228	 76.827217	 76.827207	 76.827197	 76.827188	 76.827179	
        99	 98.549272	 98.098802	 97.648849	  97.19967	 96.751522	 96.304657	 95.859329	 95.415787	 94.974277	 94.535041	  94.09832	 93.664347	 93.233353	 92.805563	 92.381197	 91.960469	 91.543588	 91.130754	 90.722163	 90.318004	 89.918458	 89.523699	 89.133894	 88.749201	  88.36977	 87.995746	 87.627261	 87.264443	 86.907409	 86.556269	 86.211123	 85.872064	 85.539176	 85.212533	 84.892203	 84.578243	 84.270704	 83.969627	 83.675045	 83.386984	 83.105461	 82.830485	 82.562058	 82.300175	 82.044822	 81.795979	  81.55362	 81.317712	 81.088213	 80.865078	 80.648255	 80.437687	  80.23331	 80.035055	  79.84285	 79.656618	 79.476275	 79.301736	 79.132911	 78.969707	 78.812026	  78.65977	 78.512836	 78.371119	 78.234513	 78.102908	 77.976194	  77.85426	 77.736992	 77.624277	 77.515999	 77.412045	 77.312297	 77.216642	 77.124964	 77.037147	 76.953077	 76.872642	 76.795726	  76.72222	 76.652011	 76.584991	 76.521051	 76.460084	 76.401987	 76.346654	 76.293986	 76.243882	 76.196245	  76.15098	 76.107992	 76.067192	 76.028489	 75.991797	 75.957031	 75.924109	 75.892952	 75.863481	 75.835621	 75.809299	 75.784445	  75.76099	 75.738868	 75.718015	  75.69837	 75.679874	 75.662468	 75.646099	 75.630713	 75.616259	  75.60269	 75.589957	 75.578017	 75.566826	 75.556343	  75.54653	 75.537348	 75.528762	 75.520738	 75.513243	 75.506247	  75.49972	 75.493634	 75.487962	  75.48268	 75.477763	 75.473189	 75.468936	 75.464985	 75.461315	 75.457908	 75.454749	 75.451819	 75.449105	 75.446591	 75.444265	 75.442113	 75.440124	 75.438286	 75.436589	 75.435023	 75.433578	 75.432246	 75.431019	  75.42989	  75.42885	 75.427894	 75.427016	 75.426208	 75.425467	 75.424787	 75.424163	 75.423592	 75.423068	 75.422589	  75.42215	 75.421749	 75.421382	 75.421047	 75.420742	 75.420463	 75.420208	 75.419977	 75.419765	 75.419573	 75.419398	 75.419239	 75.419095	 75.418963	 75.418844	 75.418736	 75.418638	 75.418549	 75.418469	 75.418396	  75.41833	  75.41827	 75.418216	 75.418167	 75.418123	 75.418083	 75.418047	 75.418014	 75.417984	 75.417958	 75.417933	 75.417911	 75.417891	 75.417873	 75.417857	 75.417841	 75.417827	 75.417814	 75.417802	 75.417791	 75.417781	  75.41777	 75.417761	 75.417751	
        99	 98.522579	 98.045433	 97.568834	 97.093055	 96.618366	 96.145039	 95.673338	 95.203529	 94.735873	 94.270626	 93.808042	 93.348369	 92.891852	 92.438728	 91.989231	 91.543588	 91.102018	 90.664736	 90.231949	 89.803855	 89.380648	 88.962512	 88.549622	 88.142147	 87.740247	 87.344072	 86.953766	 86.569462	 86.191285	  85.81935	 85.453765	 85.094626	 84.742024	 84.396038	 84.056737	 83.724185	 83.398433	 83.079527	   82.7675	  82.46238	 82.164184	 81.872924	 81.588601	 81.311209	 81.040734	 80.777155	 80.520444	 80.270564	 80.027475	 79.791126	 79.561463	 79.338424	 79.121944	 78.911949	 78.708362	   78.5111	 78.320078	 78.135203	  77.95638	  77.78351	 77.616492	 77.455219	 77.299584	 77.149474	 77.004778	 76.865379	 76.731162	 76.602007	 76.477794	 76.358404	 76.243714	 76.133603	 76.027949	 75.926629	 75.829521	 75.736504	 75.647456	 75.562257	 75.480786	 75.402927	  75.32856	 75.257571	 75.189845	 75.125268	 75.063729	  75.00512	 74.949333	 74.896262	 74.845804	 74.797858	 74.752325	 74.709108	 74.668113	 74.629248	 74.592423	 74.557552	 74.524549	 74.493333	 74.463823	 74.435943	 74.409617	 74.384773	 74.361341	 74.339253	 74.318445	 74.298853	 74.280417	 74.263078	 74.246781	 74.231471	 74.217098	 74.203611	 74.190964	  74.17911	 74.168007	 74.157612	 74.147886	 74.138792	 74.130293	 74.122354	 74.114944	  74.10803	 74.101584	 74.095576	 74.089981	 74.084773	 74.079928	 74.075424	 74.071238	 74.067351	 74.063743	 74.060396	 74.057293	 74.054418	 74.051755	 74.049291	 74.047012	 74.044905	 74.042958	 74.041161	 74.039502	 74.037971	 74.036561	 74.035261	 74.034065	 74.032964	 74.031951	 74.031021	 74.030165	  74.02938	  74.02866	 74.027999	 74.027394	 74.026839	 74.026331	 74.025867	 74.025442	 74.025054	 74.024699	 74.024375	  74.02408	  74.02381	 74.023565	 74.023341	 74.023137	 74.022952	 74.022784	 74.022631	 74.022491	 74.022365	 74.022251	 74.022147	 74.022053	 74.021967	  74.02189	  74.02182	 74.021757	   74.0217	 74.021648	 74.021601	 74.021559	  74.02152	 74.021486	 74.021454	 74.021426	   74.0214	 74.021377	 74.021356	 74.021337	 74.021319	 74.021303	 74.021288	 74.021274	 74.021262	  74.02125	 74.021239	 74.021228	 74.021217	 74.021207	
