Time step 15:
        99	        99	        99	        99	        99	        99	        99	        99	        99	        99	        99	        99	        99	        99	        99	        99	        99	        99	        99	        99	        99	        99	        99	        99	        99	        99	        99	        99	        99	        99	        99	        99	        99	        99	        99	        99	        99	        99	        99	        99	        99	        99	        99	        99	        99	        99	        99	        99	        99	        99	        99	        99	        99	        99	        99	        99	        99	        99	        99	        99	        99	        99	        99	        99	        99	        99	        99	        99	        99	        99	        99	        99	        99	        99	        99	        99	        99	        99	        99	        99	        99	        99	        99	        99	        99	        99	        99	        99	        99	        99	        99	        99	        99	        99	        99	        99	        99	        99	        99	        99	        99	        99	        99	        99	        99	        99	        99	        99	        99	        99	        99	        99	        99	        99	        99	        99	        99	        99	        99	        99	        99	        99	        99	        99	        99	        99	        99	        99	        99	        99	        99	        99	        99	        99	        99	        99	        99	        99	        99	        99	        99	        99	        99	        99	        99	        99	        99	        99	        99	        99	        99	        99	        99	        99	        99	        99	        99	        99	        99	        99	        99	        99	        99	        99	        99	        99	        99	        99	        99	        99	        99	        99	        99	        99	        99	        99	        99	        99	        99	        99	        99	        99	        99	        99	        99	        99	        99	        99	        99	        99	        99	        99	        99	        99	        99	        99	        99	        99	        99	        99	
        99	 98.957676	 98.915387	  98.87317	 98.831059	  98.78909	 98.747297	 98.705714	 98.664376	 98.623315	 98.582565	 98.542156	 98.502119	 98.462485	 98.423282	 98.384539	 98.346282	 98.308537	 98.271328	 98.234678	 98.198611	 98.163145	 98.128301	 98.094096	 98.060547	  98.02767	 97.995477	 97.963981	 97.933193	 97.903122	 97.873776	 97.845162	 97.817285	 97.790149	 97.763757	 97.738109	 97.713206	 97.689046	 97.665627	 97.642945	 97.620996	 97.599773	 97.579271	  97.55948	 97.540393	    97.522	 97.504291	 97.487254	 97.470878	 97.455151	 97.440059	 97.425589	 97.411726	 97.398458	 97.385768	 97.373642	 97.362065	  97.35102	 97.340493	 97.330467	 97.320927	 97.311857	 97.303241	 97.295062	 97.287306	 97.279957	 97.272999	 97.266416	 97.260195	 97.254319	 97.248775	 97.243548	 97.238624	  97.23399	 97.229632	 97.225536	 97.221691	 97.218085	 97.214704	 97.211539	 97.208576	 97.205807	  97.20322	 97.200806	 97.198554	 97.196456	 97.194503	 97.192686	 97.190997	 97.189429	 97.187973	 97.186624	 97.185375	 97.184218	 97.183148	  97.18216	 97.181248	 97.180406	  97.17963	 97.178916	 97.178259	 97.177654	 97.177099	  97.17659	 97.176123	 97.175695	 97.175303	 97.174944	 97.174617	 97.174318	 97.174045	 97.173796	 97.173569	 97.173363	 97.173175	 97.173004	  97.17285	 97.172709	 97.172582	 97.172467	 97.172363	 97.172268	 97.172183	 97.172106	 97.172037	 97.171975	 97.171918	 97.171868	 97.171822	 97.171781	 97.171745	 97.171712	 97.171683	 97.171656	 97.171633	 97.171612	 97.171593	 97.171576	 97.171561	 97.171548	 97.171536	 97.171526	 97.171516	 97.171508	 97.171501	 97.171494	 97.171488	 97.171483	 97.171479	 97.171475	 97.171471	 97.171468	 97.171465	 97.171463	 97.171461	 97.171459	 97.171457	 97.171456	 97.171455	 97.171454	 97.171453	 97.171452	 97.171451	  97.17145	  97.17145	 97.171449	 97.171449	 97.171449	 97.171448	 97.171448	 97.171448	 97.171448	 97.171447	 97.171447	 97.171447	 97.171447	 97.171447	 97.171447	 97.171447	 97.171447	 97.171447	 97.171446	 97.171446	 97.171446	 97.171446	 97.171446	 97.171446	 97.171446	 97.171446	 97.171446	 97.171446	 97.171446	 97.171446	 97.171446	 97.171446	 97.171446	 97.171446	 97.171446	 97.171446	 97.171446	
        99	 98.915387	 98.830846	 98.746447	  98.66226	 98.578357	 98.494806	 98.411676	 98.329035	 98.246948	 98.165481	 98.084697	 98.004657	 97.925422	  97.84705	 97.769596	 97.693114	 97.617655	 97.543268	 97.470001	 97.397895	 97.326994	 97.257335	 97.188955	 97.121886	 97.056158	 96.991799	 96.928833	 96.867283	 96.807166	 96.748499	 96.691296	 96.635565	 96.581316	 96.528554	  96.47728	 96.427494	 96.379195	 96.332376	 96.287032	 96.243152	 96.200725	 96.159737	 96.120173	 96.082015	 96.045245	 96.009841	 95.975782	 95.943044	 95.911602	  95.88143	 95.852502	 95.824789	 95.798263	 95.772895	 95.748653	 95.725508	 95.703428	 95.682383	  95.66234	 95.643268	 95.625135	 95.607909	  95.59156	 95.576054	 95.561361	 95.547451	 95.534292	 95.521854	 95.510108	 95.499024	 95.488575	 95.478731	 95.469466	 95.460753	 95.452566	  95.44488	 95.437669	 95.430911	 95.424582	  95.41866	 95.413124	 95.407952	 95.403125	 95.398624	 95.394429	 95.390524	 95.386892	 95.383516	 95.380381	 95.377472	 95.374775	 95.372276	 95.369964	 95.367826	  95.36585	 95.364026	 95.362343	 95.360793	 95.359365	 95.358051	 95.356843	 95.355733	 95.354714	  95.35378	 95.352925	 95.352141	 95.351425	  95.35077	 95.350171	 95.349626	 95.349128	 95.348675	 95.348262	 95.347887	 95.347546	 95.347237	 95.346956	 95.346702	 95.346472	 95.346263	 95.346075	 95.345904	 95.345751	 95.345612	 95.345487	 95.345375	 95.345274	 95.345183	 95.345101	 95.345028	 95.344963	 95.344904	 95.344851	 95.344804	 95.344762	 95.344725	 95.344691	 95.344661	 95.344635	 95.344611	  95.34459	 95.344571	 95.344555	  95.34454	 95.344527	 95.344515	 95.344505	 95.344496	 95.344488	 95.344481	 95.344475	  95.34447	 95.344465	 95.344461	 95.344457	 95.344454	 95.344451	 95.344448	 95.344446	 95.344444	 95.344442	 95.344441	  95.34444	 95.344439	 95.344438	 95.344437	 95.344436	 95.344435	 95.344435	 95.344434	 95.344434	 95.344433	 95.344433	 95.344433	 95.344433	 95.344432	 95.344432	 95.344432	 95.344432	 95.344432	 95.344432	 95.344432	 95.344432	 95.344432	 95.344432	 95.344431	 95.344431	 95.344431	 95.344431	 95.344431	 95.344431	 95.344431	 95.344431	 95.344431	 95.344431	 95.344431	 95.344431	 95.344431	 95.344431	
        99	  98.87317	 98.746447	 98.619936	 98.493745	 98.367978	  98.24274	 98.118133	 97.994257	 97.871214	 97.749099	 97.628007	 97.508032	 97.389263	 97.271787	 97.155687	 97.041045	 96.927936	 96.816434	  96.70661	 96.598528	  96.49225	 96.387835	 96.285336	 96.184803	  96.08628	  95.98981	 95.895428	 95.803166	 95.713055	 95.625116	 95.539371	 95.455834	 95.374517	 95.295429	 95.218571	 95.143946	 95.071547	 95.001369	   94.9334	 94.867627	  94.80403	 94.742592	 94.683287	  94.62609	 94.570973	 94.517905	 94.466852	 94.417779	  94.37065	 94.325424	 94.282062	 94.240522	 94.200761	 94.162735	 94.126398	 94.091704	 94.058608	 94.027062	 93.997019	 93.968431	 93.941251	  93.91543	 93.890923	 93.867681	 93.845657	 93.824806	 93.805081	 93.786437	 93.768831	 93.752217	 93.736554	 93.721799	 93.707911	  93.69485	 93.682578	 93.671057	 93.660249	 93.650119	 93.640632	 93.631756	 93.623457	 93.615705	 93.608469	 93.601722	 93.595435	 93.589581	 93.584137	 93.579076	 93.574376	 93.570016	 93.565973	 93.562228	 93.558762	 93.555557	 93.552596	 93.549862	 93.547339	 93.545015	 93.542874	 93.540905	 93.539094	 93.537431	 93.535904	 93.534504	 93.533221	 93.532047	 93.530973	 93.529991	 93.529094	 93.528276	  93.52753	 93.526851	 93.526233	  93.52567	  93.52516	 93.524696	 93.524275	 93.523894	 93.523548	 93.523236	 93.522953	 93.522698	 93.522468	  93.52226	 93.522073	 93.521905	 93.521753	 93.521617	 93.521495	 93.521385	 93.521287	 93.521198	  93.52112	 93.521049	 93.520986	  93.52093	 93.520879	 93.520835	 93.520795	 93.520759	 93.520728	   93.5207	 93.520675	 93.520653	 93.520633	 93.520616	 93.520601	 93.520587	 93.520575	 93.520565	 93.520556	 93.520547	  93.52054	 93.520534	 93.520528	 93.520523	 93.520519	 93.520515	 93.520512	 93.520509	 93.520507	 93.520505	 93.520503	 93.520501	 93.520499	 93.520498	 93.520497	 93.520496	 93.520495	 93.520495	 93.520494	 93.520493	 93.520493	 93.520493	 93.520492	 93.520492	 93.520492	 93.520491	 93.520491	 93.520491	 93.520491	 93.520491	 93.520491	 93.520491	  93.52049	  93.52049	  93.52049	  93.52049	  93.52049	  93.52049	  93.52049	  93.52049	  93.52049	  93.52049	  93.52049	  93.52049	  93.52049	  93.52049	  93.52049	
        99	 98.831059	  98.66226	 98.493745	 98.325656	 98.158131	  97.99131	  97.82533	 97.660324	 97.496427	 97.333767	  97.17247	  97.01266	 96.854457	 96.697975	 96.543328	  96.39062	 96.239956	 96.091433	 95.945144	 95.801176	 95.659612	 95.520528	 95.383997	 95.250084	 95.118849	 94.990348	 94.864628	 94.741734	 94.621703	 94.504567	 94.390352	 94.279078	 94.170763	 94.065414	 93.963039	 93.863635	 93.767199	 93.673719	 93.583183	 93.495571	 93.410859	 93.329021	 93.250026	 93.173838	 93.100421	 93.029733	 92.961729	 92.896363	 92.833585	 92.773343	 92.715584	 92.660252	 92.607289	 92.556636	 92.508235	 92.462022	 92.417937	 92.375917	 92.335899	 92.297819	 92.261614	 92.227221	 92.194576	 92.163617	 92.134281	 92.106506	 92.080232	 92.055399	 92.031946	 92.009816	 91.988952	 91.969298	 91.950799	 91.933402	 91.917056	 91.901709	 91.887312	 91.873819	 91.861183	 91.849359	 91.838304	 91.827978	 91.818341	 91.809353	 91.800978	 91.793181	 91.785929	 91.779188	 91.772928	 91.767119	 91.761735	 91.756746	  91.75213	  91.74786	 91.743915	 91.740273	 91.736914	 91.733818	 91.730966	 91.728343	 91.725931	 91.723715	 91.721682	 91.719817	 91.718108	 91.716544	 91.715113	 91.713805	 91.712611	 91.711521	 91.710528	 91.709623	 91.708799	  91.70805	  91.70737	 91.706752	 91.706192	 91.705684	 91.705224	 91.704807	 91.704431	 91.704091	 91.703785	 91.703508	 91.703259	 91.703034	 91.702832	 91.702651	 91.702488	 91.702342	 91.702211	 91.702093	 91.701988	 91.701894	  91.70181	 91.701735	 91.701669	 91.701609	 91.701556	 91.701509	 91.701467	 91.701429	 91.701396	 91.701367	 91.701341	 91.701318	 91.701297	 91.701279	 91.701264	  91.70125	 91.701237	 91.701226	 91.701217	 91.701208	 91.701201	 91.701194	 91.701189	 91.701184	 91.701179	 91.701175	 91.701172	 91.701169	 91.701167	 91.701164	 91.701162	 91.701161	 91.701159	 91.701158	 91.701157	 91.701156	 91.701155	 91.701154	 91.701154	 91.701153	 91.701153	 91.701152	 91.701152	 91.701152	 91.701151	 91.701151	 91.701151	 91.701151	 91.701151	  91.70115	  91.70115	  91.70115	  91.70115	  91.70115	  91.70115	  91.70115	  91.70115	  91.70115	  91.70115	  91.70115	  91.70115	  91.70115	  91.70115	  91.70115	  91.70115	
        99	  98.78909	 98.578357	 98.367978	 98.158131	 97.948989	 97.740725	 97.533511	 97.327514	   97.1229	 96.919831	 96.718464	 96.518953	 96.321448	 96.126093	 95.933026	 95.742383	  95.55429	  95.36887	 95.186239	 95.006505	 94.829773	 94.656137	 94.485688	 94.318508	 94.154671	 93.994246	 93.837295	 93.683871	 93.534021	 93.387785	 93.245195	 93.106279	 92.971055	 92.839535	 92.711727	 92.587629	 92.467235	 92.350533	 92.237505	 92.128128	 92.022371	 91.920203	 91.821583	 91.726469	 91.634813	 91.546563	 91.461666	 91.380061	 91.301687	  91.22648	 91.154372	 91.085294	 91.019173	 90.955938	 90.895512	 90.837819	 90.782782	 90.730323	 90.680363	 90.632823	 90.587624	 90.544687	 90.503932	 90.465282	 90.428658	 90.393984	 90.361182	 90.330179	 90.300901	 90.273273	 90.247226	 90.222689	 90.199595	 90.177876	 90.157469	 90.138309	 90.120336	 90.103491	 90.087715	 90.072954	 90.059153	 90.046262	  90.03423	 90.023009	 90.012554	 90.002821	 89.993766	 89.985351	 89.977536	 89.970284	 89.963562	 89.957334	 89.951571	 89.946241	 89.941316	 89.936769	 89.932575	 89.928709	  89.92515	 89.921874	 89.918863	 89.916097	 89.913558	  89.91123	 89.909097	 89.907144	 89.905358	 89.903725	 89.902234	 89.900874	 89.899634	 89.898504	 89.897476	 89.896541	 89.895691	  89.89492	  89.89422	 89.893586	 89.893012	 89.892492	 89.892023	 89.891598	 89.891215	  89.89087	 89.890559	 89.890279	 89.890027	   89.8898	 89.889597	 89.889414	 89.889251	 89.889104	 89.888973	 89.888856	 89.888751	 89.888657	 89.888574	 89.888499	 89.888433	 89.888374	 89.888322	 89.888275	 89.888234	 89.888197	 89.888165	 89.888136	  89.88811	 89.888088	 89.888068	 89.888051	 89.888035	 89.888022	  89.88801	 89.887999	  89.88799	 89.887982	 89.887975	 89.887968	 89.887963	 89.887958	 89.887954	  89.88795	 89.887947	 89.887944	 89.887942	  89.88794	 89.887938	 89.887936	 89.887935	 89.887934	 89.887933	 89.887932	 89.887931	  89.88793	  89.88793	 89.887929	 89.887929	 89.887928	 89.887928	 89.887928	 89.887927	 89.887927	 89.887927	 89.887927	 89.887927	 89.887927	 89.887927	 89.887927	 89.887926	 89.887926	 89.887926	 89.887926	 89.887926	 89.887926	 89.887926	 89.887926	 89.887926	 89.887926	 89.887926	
        99	 98.747297	 98.494806	  98.24274	  97.99131	 97.740725	 97.491193	 97.242918	 96.996102	 96.750943	 96.507634	 96.266365	 96.027321	 95.790679	 95.556613	 95.325289	 95.096868	 94.871504	 94.649342	 94.430521	 94.215173	  94.00342	 93.795377	 93.591153	 93.390844	 93.194543	 93.002329	 92.814277	 92.630451	 92.450907	 92.275694	 92.104849	 91.938406	 91.776387	 91.618806	 91.465671	 91.316983	 91.172732	 91.032905	  90.89748	 90.766429	 90.639716	 90.517303	 90.399141	 90.285179	 90.175361	 90.069624	 89.967904	 89.870128	 89.776224	 89.686115	 89.599718	 89.516952	 89.437729	 89.361963	 89.289563	 89.220438	 89.154496	 89.091642	 89.031782	 88.974822	 88.920666	  88.86922	  88.82039	 88.774081	   88.7302	 88.688655	 88.649354	 88.612207	 88.577127	 88.544025	 88.512816	 88.483417	 88.455747	 88.429725	 88.405273	 88.382317	 88.360783	 88.340599	 88.321697	 88.304011	 88.287476	  88.27203	 88.257614	  88.24417	 88.231643	 88.219981	 88.209132	 88.199049	 88.189685	 88.180997	 88.172942	 88.165481	 88.158575	 88.152189	 88.146288	  88.14084	 88.135815	 88.131184	 88.126919	 88.122994	 88.119386	 88.116072	 88.113031	 88.110241	 88.107686	 88.105346	 88.103205	 88.101249	 88.099463	 88.097833	 88.096347	 88.094993	 88.093761	 88.092641	 88.091623	 88.090699	 88.089861	 88.089101	 88.088413	  88.08779	 88.087227	 88.086719	  88.08626	 88.085846	 88.085474	 88.085138	 88.084836	 88.084565	 88.084321	 88.084102	 88.083906	 88.083731	 88.083573	 88.083433	 88.083307	 88.083195	 88.083095	 88.083006	 88.082927	 88.082856	 88.082793	 88.082737	 88.082688	 88.082644	 88.082605	  88.08257	  88.08254	 88.082513	 88.082489	 88.082468	  88.08245	 88.082433	 88.082419	 88.082407	 88.082395	 88.082386	 88.082377	  88.08237	 88.082363	 88.082357	 88.082352	 88.082348	 88.082344	 88.082341	 88.082338	 88.082335	 88.082333	 88.082331	  88.08233	 88.082328	 88.082327	 88.082326	 88.082325	 88.082324	 88.082323	 88.082323	 88.082322	 88.082322	 88.082321	 88.082321	 88.082321	 88.082321	  88.08232	  88.08232	  88.08232	  88.08232	  88.08232	  88.08232	  88.08232	 88.082319	 88.082319	 88.082319	 88.082319	 88.082319	 88.082319	 88.082319	 88.082319	 88.082319	 88.082319	
        99	 98.705714	 98.411676	 98.118133	  97.82533	 97.533511	 97.242918	  96.95379	  96.66636	  96.38086	 96.097514	 95.816545	 95.538165	 95.262583	 94.990002	 94.720614	 94.454606	 94.192158	 93.933439	 93.678611	 93.427827	  93.18123	 92.938954	 92.701125	 92.467855	 92.239252	  92.01541	 91.796413	 91.582339	 91.373251	 91.169206	  90.97025	 90.776418	 90.587738	 90.404227	 90.225894	 90.052739	 89.884752	 89.721916	 89.564207	 89.411591	 89.264028	 89.121471	 88.983866	 88.851152	 88.723263	 88.600127	 88.481668	 88.367804	 88.258448	 88.153511	 88.052898	 87.956512	 87.864254	  87.77602	 87.691707	 87.611207	 87.534414	 87.461217	 87.391507	 87.325174	 87.262107	 87.202196	 87.145331	 87.091402	   87.0403	 86.991918	 86.946151	 86.902892	 86.862038	  86.82349	 86.787146	 86.752909	 86.720685	 86.690381	 86.661906	 86.635173	 86.610095	  86.58659	 86.564578	 86.543982	 86.524726	 86.506738	  86.48995	 86.474294	 86.459705	 86.446124	  86.43349	 86.421748	 86.410843	 86.400726	 86.391345	 86.382656	 86.374614	 86.367177	 86.360305	 86.353961	 86.348109	 86.342716	 86.337749	 86.333178	 86.328977	 86.325117	 86.321575	 86.318327	  86.31535	 86.312626	 86.310133	 86.307855	 86.305775	 86.303877	 86.302146	  86.30057	 86.299135	  86.29783	 86.296645	 86.295569	 86.294592	 86.293708	 86.292906	 86.292181	 86.291526	 86.290934	   86.2904	 86.289918	 86.289484	 86.289093	 86.288741	 86.288425	 86.288141	 86.287886	 86.287658	 86.287454	 86.287271	 86.287107	 86.286961	  86.28683	 86.286714	  86.28661	 86.286517	 86.286435	 86.286362	 86.286297	 86.286239	 86.286188	 86.286143	 86.286103	 86.286067	 86.286036	 86.286008	 86.285984	 86.285962	 86.285943	 86.285927	 86.285912	 86.285899	 86.285888	 86.285878	 86.285869	 86.285861	 86.285855	 86.285849	 86.285844	 86.285839	 86.285835	 86.285832	 86.285829	 86.285826	 86.285824	 86.285822	 86.285821	 86.285819	 86.285818	 86.285817	 86.285816	 86.285815	 86.285814	 86.285814	 86.285813	 86.285813	 86.285812	 86.285812	 86.285812	 86.285811	 86.285811	 86.285811	 86.285811	 86.285811	 86.285811	 86.285811	  86.28581	  86.28581	  86.28581	  86.28581	  86.28581	  86.28581	  86.28581	  86.28581	  86.28581	  86.28581	
        99	 98.664376	 98.329035	 97.994257	 97.660324	 97.327514	 96.996102	  96.66636	 96.338555	 96.012951	 95.689804	 95.369367	 95.051884	 94.737591	  94.42672	 94.119492	 93.816118	 93.516804	 93.221743	  92.93112	 92.645108	 92.363872	 92.087564	 91.816326	  91.55029	 91.289575	 91.034289	 90.784531	 90.540385	 90.301927	  90.06922	 89.842316	 89.621257	 89.406074	 89.196785	 88.993402	 88.795924	  88.60434	 88.418631	 88.238768	 88.064715	 87.896424	 87.733841	 87.576907	  87.42555	 87.279697	 87.139265	 87.004166	 86.874307	  86.74959	 86.629912	 86.515166	 86.405241	 86.300024	 86.199396	 86.103239	 86.011432	 85.923851	 85.840373	 85.760871	  85.68522	 85.613294	 85.544967	 85.480114	  85.41861	  85.36033	 85.305152	 85.252955	  85.20362	 85.157028	 85.113064	 85.071615	  85.03257	 84.995819	 84.961258	 84.928783	 84.898294	 84.869694	 84.842888	 84.817784	 84.794294	 84.772333	 84.751819	 84.732672	 84.714817	 84.698179	  84.68269	 84.668282	  84.65489	 84.642454	 84.630915	 84.620217	 84.610307	 84.601135	 84.592654	 84.584817	 84.577581	 84.570907	 84.564756	 84.559092	 84.553879	 84.549088	 84.544686	 84.540646	 84.536942	 84.533547	  84.53044	 84.527597	 84.524999	 84.522626	 84.520461	 84.518488	  84.51669	 84.515054	 84.513566	 84.512214	 84.510987	 84.509873	 84.508864	  84.50795	 84.507124	 84.506376	 84.505701	 84.505091	 84.504542	 84.504047	 84.503601	   84.5032	 84.502839	 84.502516	 84.502225	 84.501965	 84.501732	 84.501523	 84.501336	  84.50117	 84.501021	 84.500888	 84.500769	 84.500664	  84.50057	 84.500487	 84.500413	 84.500347	 84.500289	 84.500237	 84.500191	 84.500151	 84.500115	 84.500083	 84.500055	 84.500031	 84.500009	  84.49999	 84.499973	 84.499959	 84.499946	 84.499934	 84.499924	 84.499916	 84.499908	 84.499901	 84.499896	  84.49989	 84.499886	 84.499882	 84.499879	 84.499876	 84.499873	 84.499871	 84.499869	 84.499868	 84.499866	 84.499865	 84.499864	 84.499863	 84.499862	 84.499861	 84.499861	  84.49986	  84.49986	 84.499859	 84.499859	 84.499859	 84.499859	 84.499858	 84.499858	 84.499858	 84.499858	 84.499858	 84.499858	 84.499858	 84.499858	 84.499857	 84.499857	 84.499857	 84.499857	 84.499857	 84.499857	 84.499857	
        99	 98.623315	 98.246948	 97.871214	 97.496427	   97.1229	 96.750943	  96.38086	 96.012951	 95.647512	 95.284831	 94.925191	 94.568866	 94.216123	  93.86722	 93.522404	 93.181916	 92.845983	 92.514824	 92.188646	 91.867643	    91.552	 91.241888	 90.937467	 90.638884	 90.346272	 90.059755	 89.779441	 89.505426	 89.237795	 88.976618	 88.721955	 88.473851	 88.232341	 87.997448	 87.769183	 87.547545	 87.332522	 87.124094	 86.922227	 86.726879	 86.537999	 86.355526	 86.179392	 86.009519	 85.845821	 85.688209	 85.536582	 85.390836	 85.250861	 85.116541	 84.987757	 84.864384	 84.746294	 84.633355	 84.525434	 84.422395	   84.3241	 84.230408	  84.14118	 84.056274	 83.975549	 83.898863	 83.826076	 83.757046	 83.691637	 83.629708	 83.571126	 83.515755	 83.463463	  83.41412	   83.3676	 83.323778	 83.282531	 83.243742	 83.207294	 83.173075	 83.140976	  83.11089	 83.082715	 83.056351	 83.031704	  83.00868	 82.987191	 82.967151	 82.948478	 82.931094	 82.914923	 82.899893	 82.885935	 82.872984	 82.860977	 82.849855	 82.839561	 82.830042	 82.821246	 82.813126	 82.805635	 82.798732	 82.792374	 82.786524	 82.781146	 82.776206	 82.771672	 82.767514	 82.763704	 82.760217	 82.757026	  82.75411	 82.751447	 82.749018	 82.746803	 82.744785	 82.742949	 82.741279	 82.739761	 82.738384	 82.737134	 82.736002	 82.734976	 82.734048	 82.733209	 82.732451	 82.731767	 82.731151	 82.730595	 82.730094	 82.729644	  82.72924	 82.728877	 82.728551	 82.728258	 82.727997	 82.727762	 82.727553	 82.727366	 82.727198	 82.727049	 82.726916	 82.726798	 82.726693	 82.726599	 82.726516	 82.726442	 82.726377	 82.726319	 82.726267	 82.726222	 82.726182	 82.726146	 82.726115	 82.726088	 82.726063	 82.726042	 82.726023	 82.726007	 82.725992	 82.725979	 82.725968	 82.725958	  82.72595	 82.725942	 82.725936	  82.72593	 82.725925	 82.725921	 82.725917	 82.725914	 82.725911	 82.725908	 82.725906	 82.725904	 82.725903	 82.725901	   82.7259	 82.725899	 82.725898	 82.725897	 82.725897	 82.725896	 82.725896	 82.725895	 82.725895	 82.725895	 82.725894	 82.725894	 82.725894	 82.725894	 82.725894	 82.725893	 82.725893	 82.725893	 82.725893	 82.725893	 82.725893	 82.725893	 82.725893	 82.725893	 82.725893	 82.725893	
        99	 98.582565	 98.165481	 97.749099	 97.333767	 96.919831	 96.507634	 96.097514	 95.689804	 95.284831	 94.882915	 94.484368	 94.089495	 93.698591	 93.311943	 92.929824	 92.552501	 92.180227	 91.813242	 91.451776	 91.096047	 90.746257	 90.402596	 90.065242	 89.734357	  89.41009	 89.092577	 88.781938	 88.478279	 88.181695	 87.892264	  87.61005	 87.335106	 87.067469	 86.807165	 86.554205	  86.30859	 86.070305	 85.839328	 85.615623	 85.399142	 85.189828	 84.987615	 84.792426	 84.604176	 84.422769	 84.248106	 84.080075	 83.918562	 83.763445	 83.614594	 83.471878	 83.335157	 83.204292	 83.079135	  82.95954	 82.845354	 82.736424	 82.632597	 82.533716	 82.439624	 82.350166	 82.265184	 82.184522	 82.108025	 82.035539	 81.966912	 81.901991	  81.84063	 81.782681	 81.728001	 81.676448	 81.627885	 81.582176	 81.539191	   81.4988	 81.460879	 81.425307	 81.391966	 81.360743	 81.331527	 81.304213	 81.278699	 81.254885	 81.232677	 81.211984	 81.192719	 81.174799	 81.158143	 81.142675	 81.128323	 81.115017	 81.102692	 81.091285	 81.080735	 81.070988	 81.061989	 81.053688	 81.046038	 81.038992	  81.03251	  81.02655	 81.021075	 81.016051	 81.011443	 81.007221	 81.003356	  80.99982	 80.996589	 80.993638	 80.990946	 80.988491	 80.986255	  80.98422	 80.982369	 80.980688	 80.979161	 80.977777	 80.976521	 80.975385	 80.974357	 80.973427	 80.972587	 80.971829	 80.971146	  80.97053	 80.969975	 80.969476	 80.969028	 80.968626	 80.968264	 80.967941	  80.96765	 80.967391	 80.967159	 80.966951	 80.966766	 80.966601	 80.966453	 80.966322	 80.966206	 80.966102	  80.96601	 80.965928	 80.965855	 80.965791	 80.965734	 80.965684	 80.965639	   80.9656	 80.965565	 80.965535	 80.965508	 80.965484	 80.965463	 80.965445	 80.965429	 80.965415	 80.965402	 80.965392	 80.965382	 80.965374	 80.965367	  80.96536	 80.965355	  80.96535	 80.965346	 80.965342	 80.965339	 80.965336	 80.965334	 80.965332	  80.96533	 80.965328	 80.965327	 80.965326	 80.965325	 80.965324	 80.965323	 80.965323	 80.965322	 80.965322	 80.965321	 80.965321	 80.965321	  80.96532	  80.96532	  80.96532	  80.96532	  80.96532	  80.96532	 80.965319	 80.965319	 80.965319	 80.965319	 80.965319	 80.965319	 80.965319	 80.965319	 80.965319	
        99	 98.542156	 98.084697	 97.628007	  97.17247	 96.718464	 96.266365	 95.816545	 95.369367	 94.925191	 94.484368	 94.047241	 93.614143	 93.185398	 92.761321	 92.342212	 91.928363	 91.520051	 91.117541	 90.721085	 90.330919	 89.947269	 89.570341	 89.200329	 88.837414	 88.481757	 88.133507	 87.792797	 87.459744	 87.134449	    86.817	 86.507467	 86.205907	 85.912363	  85.62686	 85.349413	 85.080021	  84.81867	 84.565334	 84.319973	 84.082536	  83.85296	 83.631173	 83.417089	 83.210615	 83.011648	 82.820076	  82.63578	 82.458632	 82.288498	 82.125238	 81.968707	 81.818751	 81.675218	 81.537946	 81.406773	 81.281533	 81.162059	 81.048181	 80.939728	 80.836528	  80.73841	 80.645201	 80.556731	 80.472829	 80.393326	 80.318055	  80.24685	 80.179549	  80.11599	 80.056017	 79.999474	 79.946209	 79.896076	 79.848929	 79.804628	 79.763037	 79.724021	 79.687453	 79.653207	 79.621164	 79.591206	 79.563221	 79.537102	 79.512744	 79.490048	 79.468918	 79.449263	 79.430995	  79.41403	 79.398289	 79.383695	 79.370177	 79.357665	 79.346094	 79.335403	 79.325533	 79.316429	 79.308038	  79.30031	   79.2932	 79.286663	 79.280659	 79.275148	 79.270094	 79.265464	 79.261224	 79.257347	 79.253802	 79.250566	 79.247613	  79.24492	 79.242468	 79.240236	 79.238206	 79.236362	 79.234687	 79.233169	 79.231792	 79.230546	 79.229418	 79.228398	 79.227477	 79.226645	 79.225896	  79.22522	 79.224612	 79.224065	 79.223573	 79.223132	 79.222736	  79.22238	 79.222062	 79.221778	 79.221523	 79.221295	 79.221092	 79.220911	 79.220749	 79.220606	 79.220478	 79.220364	 79.220263	 79.220173	 79.220094	 79.220023	 79.219961	 79.219905	 79.219857	 79.219813	 79.219775	 79.219742	 79.219712	 79.219686	 79.219664	 79.219643	 79.219626	  79.21961	 79.219597	 79.219585	 79.219574	 79.219565	 79.219557	 79.219551	 79.219544	 79.219539	 79.219535	 79.219531	 79.219527	 79.219524	 79.219522	 79.219519	 79.219517	 79.219516	 79.219514	 79.219513	 79.219512	 79.219511	  79.21951	 79.219509	 79.219509	 79.219508	 79.219508	 79.219507	 79.219507	 79.219507	 79.219507	 79.219506	 79.219506	 79.219506	 79.219506	 79.219506	 79.219506	 79.219506	 79.219505	 79.219505	 79.219505	 79.219505	 79.219505	 79.219505	
        99	 98.502119	 98.004657	 97.508032	  97.01266	 96.518953	 96.027321	 95.538165	 95.051884	 94.568866	 94.089495	 93.614143	 93.143172	 92.676936	 92.215775	 91.760017	 91.309978	 90.865961	 90.428253	 89.997129	 89.572845	 89.155645	 88.745757	  88.34339	 87.948739	 87.561981	 87.183278	 86.812775	 86.450597	 86.096857	 85.751648	 85.415048	 85.087118	 84.767904	 84.457435	 84.155727	 83.862778	 83.578573	 83.303084	 83.036267	 82.778067	 82.528416	 82.287234	 82.054429	   81.8299	 81.613534	  81.40521	 81.204798	 81.012159	 80.827148	 80.649612	 80.479392	 80.316324	 80.160239	 80.010963	 79.868319	 79.732128	 79.602206	  79.47837	 79.360433	 79.248209	 79.141511	 79.040152	 78.943945	 78.852706	 78.766251	 78.684398	 78.606967	  78.53378	 78.464663	 78.399445	 78.337958	 78.280036	 78.225519	 78.174249	 78.126074	 78.080846	 78.038418	 77.998652	 77.961412	 77.926566	 77.893989	 77.863557	 77.835154	 77.808666	 77.783985	 77.761008	 77.739634	 77.719768	 77.701319	 77.684202	 77.668332	 77.653631	 77.640026	 77.627443	 77.615817	 77.605084	 77.595184	 77.586059	 77.577656	 77.569924	 77.562815	 77.556286	 77.550293	 77.544797	 77.539762	 77.535152	 77.530935	 77.527081	 77.523561	  77.52035	 77.517422	 77.514755	 77.512328	 77.510121	 77.508115	 77.506294	 77.504643	 77.503146	  77.50179	 77.500564	 77.499455	 77.498453	 77.497549	 77.496734	 77.495999	 77.495338	 77.494743	 77.494208	 77.493728	 77.493297	 77.492911	 77.492565	 77.492256	 77.491979	 77.491731	  77.49151	 77.491313	 77.491138	 77.490981	 77.490842	 77.490718	 77.490608	 77.490511	 77.490424	 77.490348	  77.49028	  77.49022	 77.490167	  77.49012	 77.490078	 77.490042	  77.49001	 77.489982	 77.489957	 77.489935	 77.489916	 77.489899	 77.489884	 77.489871	  77.48986	  77.48985	 77.489841	 77.489834	 77.489827	 77.489821	 77.489817	 77.489812	 77.489808	 77.489805	 77.489802	   77.4898	 77.489798	 77.489796	 77.489794	 77.489793	 77.489792	 77.489791	  77.48979	 77.489789	 77.489788	 77.489788	 77.489787	 77.489787	 77.489786	 77.489786	 77.489786	 77.489786	 77.489785	 77.489785	 77.489785	 77.489785	 77.489785	 77.489785	 77.489785	 77.489785	 77.489785	 77.489785	 77.489785	 77.489784	
        99	 98.462485	 97.925422	 97.389263	 96.854457	 96.321448	 95.790679	 95.262583	 94.737591	 94.216123	 93.698591	 93.185398	 92.676936	 92.173585	 91.675712	 91.183674	 90.697809	 90.218446	 89.745894	  89.28045	 88.822391	  88.37198	 87.929461	 87.495064	 87.068996	 86.651451	 86.242601	 85.842603	 85.451594	 85.069694	 84.697005	 84.333609	 83.979574	 83.634949	 83.299766	  82.97404	  82.65777	 82.350941	 82.053521	 81.765464	  81.48671	 81.217185	 80.956804	 80.705466	 80.463063	 80.229473	 80.004566	   79.7882	 79.580226	 79.380487	 79.188818	 79.005048	 78.828998	 78.660488	 78.499329	  78.34533	 78.198297	 78.058033	 77.924339	 77.797014	 77.675856	 77.560664	 77.451236	 77.347371	 77.248869	 77.155531	 77.067162	 76.983567	 76.904554	 76.829936	 76.759526	 76.693143	  76.63061	 76.571753	 76.516403	 76.464393	 76.415563	 76.369759	 76.326827	 76.286622	 76.249003	 76.213832	 76.180978	 76.150313	 76.121717	 76.095072	 76.070265	 76.047189	 76.025742	 76.005825	 75.987345	 75.970211	 75.954341	 75.939652	 75.926068	 75.913517	 75.901929	  75.89124	 75.881389	 75.872317	 75.863969	 75.856295	 75.849246	 75.842776	 75.836843	 75.831406	 75.826429	 75.821877	 75.817716	 75.813916	 75.810449	 75.807288	 75.804409	 75.801789	 75.799406	 75.797241	 75.795275	 75.793492	 75.791876	 75.790412	 75.789088	 75.787891	 75.786809	 75.785833	 75.784953	  75.78416	 75.783446	 75.782804	 75.782227	 75.781708	 75.781243	 75.780826	 75.780453	 75.780118	 75.779819	 75.779552	 75.779314	 75.779101	 75.778911	 75.778743	 75.778592	 75.778459	  75.77834	 75.778235	 75.778141	 75.778059	 75.777985	  75.77792	 75.777863	 75.777813	 75.777768	 75.777729	 75.777694	 75.777663	 75.777637	 75.777613	 75.777592	 75.777574	 75.777558	 75.777544	 75.777532	 75.777521	 75.777512	 75.777504	 75.777497	 75.777491	 75.777485	 75.777481	 75.777476	 75.777473	  75.77747	 75.777467	 75.777465	 75.777463	 75.777461	  75.77746	 75.777458	 75.777457	 75.777456	 75.777456	 75.777455	 75.777454	 75.777454	 75.777453	 75.777453	 75.777452	 75.777452	 75.777452	 75.777452	 75.777452	 75.777451	 75.777451	 75.777451	 75.777451	 75.777451	 75.777451	 75.777451	 75.777451	 75.777451	 75.777451	
        99	 98.423282	  97.84705	 97.271787	 96.697975	 96.126093	 95.556613	 94.990002	  94.42672	  93.86722	 93.311943	 92.761321	 92.215775	 91.675712	 91.141528	 90.613604	 90.092304	 89.577979	 89.070963	 88.571571	 88.080105	 87.596844	 87.122051	 86.655972	  86.19883	 85.750831	 85.312163	 84.882992	 84.463465	 84.053712	 83.653841	 83.263942	 82.884087	 82.514327	 82.154697	 81.805215	 81.465879	 81.136671	  80.81756	 80.508494	 80.209409	 79.920227	 79.640855	 79.371187	 79.111105	 78.860479	 78.619168	 78.387021	 78.163879	 77.949573	 77.743925	 77.546751	 77.357862	 77.177062	 77.004149	 76.838919	 76.681162	 76.530668	 76.387223	 76.250612	 76.120617	 75.997024	 75.879615	 75.768175	 75.662489	 75.562344	  75.46753	 75.377838	 75.293062	 75.213001	 75.137456	 75.066232	 74.999139	 74.935989	 74.876601	 74.820798	 74.768408	 74.719262	   74.6732	 74.630063	 74.589699	 74.551963	 74.516713	 74.483812	  74.45313	 74.424541	 74.397925	 74.373167	 74.350155	 74.328786	 74.308958	 74.290575	 74.273547	 74.257786	 74.243212	 74.229745	 74.217312	 74.205844	 74.195274	  74.18554	 74.176584	  74.16835	 74.160787	 74.153845	 74.147479	 74.141646	 74.136306	 74.131422	 74.126957	 74.122881	 74.119161	 74.115769	  74.11268	 74.109869	 74.107312	 74.104989	  74.10288	 74.100966	 74.099233	 74.097662	 74.096242	 74.094957	 74.093797	  74.09275	 74.091805	 74.090954	 74.090188	 74.089499	  74.08888	 74.088324	 74.087825	 74.087377	 74.086976	 74.086618	 74.086297	  74.08601	 74.085754	 74.085526	 74.085323	 74.085142	  74.08498	 74.084837	  74.08471	 74.084597	 74.084496	 74.084408	 74.084329	  74.08426	 74.084198	 74.084144	 74.084096	 74.084054	 74.084016	 74.083984	 74.083955	  74.08393	 74.083907	 74.083888	 74.083871	 74.083856	 74.083843	 74.083831	 74.083821	 74.083813	 74.083805	 74.083798	 74.083793	 74.083787	 74.083783	 74.083779	 74.083776	 74.083773	 74.083771	 74.083769	 74.083767	 74.083765	 74.083764	 74.083763	 74.083761	 74.083761	  74.08376	 74.083759	 74.083759	 74.083758	 74.083758	 74.083757	 74.083757	 74.083757	 74.083757	 74.083756	 74.083756	 74.083756	 74.083756	 74.083756	 74.083756	 74.083756	 74.083756	 74.083756	 74.083755	 74.083755	
        99	 98.384539	 97.769596	 97.155687	 96.543328	 95.933026	 95.325289	 94.720614	 94.119492	 93.522404	 92.929824	 92.342212	 91.760017	 91.183674	 90.613604	 90.050214	 89.493893	 88.945016	 88.403939	 87.870999	 87.346516	 86.830791	 86.324102	 85.826712	 85.338859	 84.860765	 84.392627	 83.934625	 83.486915	 83.049635	 82.622901	 82.206809	 81.801435	 81.406835	 81.023046	 80.650085	 80.287953	  79.93663	 79.596081	 79.266252	 78.947075	 78.638466	 78.340326	 78.052542	 77.774988	 77.507525	 77.250003	 77.002261	 76.764128	 76.535425	 76.315962	 76.105542	 75.903964	 75.711017	 75.526488	 75.350158	 75.181804	   75.0212	 74.868118	 74.722329	 74.583602	 74.451706	 74.326409	 74.207483	 74.094697	 73.987824	 73.886641	 73.790923	 73.700452	 73.615013	 73.534393	 73.458385	 73.386784	 73.319392	 73.256014	 73.196462	 73.140552	 73.088105	 73.038948	 72.992913	 72.949838	 72.909567	 72.871949	 72.836838	 72.804095	 72.773585	 72.745181	 72.718759	 72.694202	 72.671397	 72.650237	 72.630619	 72.612447	 72.595628	 72.580074	 72.565703	 72.552435	 72.540196	 72.528916	 72.518528	  72.50897	 72.500183	 72.492112	 72.484704	  72.47791	 72.471686	 72.465987	 72.460774	  72.45601	 72.451659	 72.447689	  72.44407	 72.440773	 72.437773	 72.435044	 72.432565	 72.430315	 72.428273	 72.426422	 72.424747	  72.42323	  72.42186	 72.420622	 72.419504	 72.418496	 72.417588	 72.416771	 72.416035	 72.415374	 72.414781	 72.414248	 72.413771	 72.413343	  72.41296	 72.412618	 72.412312	 72.412039	 72.411795	 72.411578	 72.411385	 72.411213	  72.41106	 72.410924	 72.410803	 72.410696	 72.410602	 72.410518	 72.410444	 72.410378	  72.41032	 72.410269	 72.410224	 72.410184	 72.410149	 72.410118	 72.410091	 72.410068	 72.410047	 72.410029	 72.410013	 72.409999	 72.409987	 72.409976	 72.409967	 72.409958	 72.409951	 72.409945	  72.40994	 72.409935	 72.409931	 72.409928	 72.409925	 72.409922	  72.40992	 72.409918	 72.409916	 72.409914	 72.409913	 72.409912	 72.409911	  72.40991	  72.40991	 72.409909	 72.409909	 72.409908	 72.409908	 72.409907	 72.409907	 72.409907	 72.409907	 72.409906	 72.409906	 72.409906	 72.409906	 72.409906	 72.409906	 72.409906	 72.409906	 72.409906	 72.409906	
        99	 98.346282	 97.693114	 97.041045	  96.39062	 95.742383	 95.096868	 94.454606	 93.816118	 93.181916	 92.552501	 91.928363	 91.309978	 90.697809	 90.092304	 89.493893	 88.902992	 88.319997	 87.745286	 87.179219	 86.622134	  86.07435	 85.536166	 85.007858	  84.48968	 83.981867	  83.48463	 82.998158	 82.522619	 82.058157	 81.604897	 81.162941	 80.732369	  80.31324	 79.905595	 79.509451	 79.124809	 78.751648	 78.389929	 78.039599	 77.700582	  77.37279	 77.056117	 76.750444	 76.455637	 76.171549	 75.898019	 75.634878	 75.381943	 75.139023	 74.905918	 74.682419	  74.46831	  74.26337	 74.067371	  73.88008	  73.70126	 73.530673	 73.368076	 73.213225	 73.065874	  72.92578	 72.792695	 72.666376	 72.546579	 72.433063	  72.32559	 72.223922	 72.127828	 72.037078	 71.951447	 71.870713	 71.794662	  71.72308	 71.655764	  71.59251	 71.533125	 71.477417	 71.425205	 71.376308	 71.330556	 71.287781	 71.247824	 71.210531	 71.175753	 71.143347	 71.113177	 71.085113	 71.059029	 71.034806	 71.012331	 70.991494	 70.972192	 70.954327	 70.937807	 70.922542	  70.90845	  70.89545	 70.883469	 70.872435	 70.862283	  70.85295	 70.844377	 70.836508	 70.829293	 70.822681	 70.816628	 70.811091	 70.806031	  70.80141	 70.797193	 70.793349	 70.789847	  70.78666	 70.783762	 70.781129	 70.778738	  70.77657	 70.774604	 70.772824	 70.771214	 70.769758	 70.768443	 70.767256	 70.766185	 70.765221	 70.764352	 70.763571	 70.762869	 70.762239	 70.761673	 70.761166	 70.760712	 70.760305	 70.759942	 70.759617	 70.759327	 70.759068	 70.758837	 70.758632	 70.758449	 70.758287	 70.758142	 70.758014	 70.757901	   70.7578	 70.757711	 70.757632	 70.757562	 70.757501	 70.757447	 70.757399	 70.757357	 70.757319	 70.757287	 70.757258	 70.757233	 70.757211	 70.757191	 70.757174	  70.75716	 70.757147	 70.757135	 70.757125	 70.757117	 70.757109	 70.757103	 70.757097	 70.757092	 70.757088	 70.757084	 70.757081	 70.757078	 70.757076	 70.757073	 70.757072	  70.75707	 70.757069	 70.757068	 70.757067	 70.757066	 70.757065	 70.757064	 70.757064	 70.757063	 70.757063	 70.757063	 70.757062	 70.757062	 70.757062	 70.757062	 70.757061	 70.757061	 70.757061	 70.757061	 70.757061	 70.757061	 70.757061	 70.757061	 70.757061	
        99	 98.308537	 97.617655	 96.927936	 96.239956	  95.55429	 94.871504	 94.192158	 93.516804	 92.845983	 92.180227	 91.520051	 90.865961	 90.218446	 89.577979	 88.945016	 88.319997	  87.70334	 87.095446	 86.496694	 85.907443	 85.328031	 84.758772	  84.19996	 83.651863	 83.114729	 82.588782	 82.074221	 81.571225	 81.079946	 80.600515	  80.13304	 79.677607	 79.234278	 78.803096	 78.384079	 77.977227	  77.58252	 77.199916	 76.829358	 76.470766	 76.124048	 75.789091	 75.465768	 75.153939	 74.853448	 74.564125	  74.28579	 74.018251	 73.761305	  73.51474	 73.278336	 73.051865	 72.835092	 72.627776	 72.429671	 72.240527	  72.06009	 71.888104	 71.724312	 71.568454	  71.42027	 71.279501	 71.145888	 71.019174	 70.899104	 70.785425	 70.677888	 70.576245	 70.480255	  70.38968	 70.304285	 70.223842	 70.148128	 70.076924	 70.010018	 69.947204	  69.88828	 69.833053	 69.781333	 69.732939	 69.687695	 69.645431	 69.605984	 69.569197	  69.53492	 69.503009	 69.473324	 69.445734	 69.420113	  69.39634	 69.374299	 69.353883	 69.334987	 69.317513	 69.301367	  69.28646	  69.27271	 69.260037	 69.248367	 69.237629	 69.227757	 69.218688	 69.210365	 69.202733	  69.19574	 69.189337	 69.183481	 69.178128	  69.17324	  69.16878	 69.164714	  69.16101	 69.157639	 69.154574	 69.151788	  69.14926	 69.146966	 69.144887	 69.143004	 69.141301	 69.139761	  69.13837	 69.137114	 69.135982	 69.134962	 69.134043	 69.133217	 69.132475	 69.131808	 69.131209	 69.130673	 69.130192	 69.129762	 69.129378	 69.129034	 69.128727	 69.128454	  69.12821	 69.127992	 69.127799	 69.127627	 69.127475	 69.127339	 69.127219	 69.127113	 69.127018	 69.126935	 69.126861	 69.126796	 69.126739	 69.126688	 69.126643	 69.126604	  69.12657	 69.126539	 69.126513	 69.126489	 69.126469	 69.126451	 69.126435	 69.126421	 69.126409	 69.126399	  69.12639	 69.126382	 69.126375	 69.126369	 69.126364	 69.126359	 69.126355	 69.126352	 69.126349	 69.126346	 69.126344	 69.126342	  69.12634	 69.126339	 69.126338	 69.126337	 69.126336	 69.126335	 69.126334	 69.126334	 69.126333	 69.126333	 69.126332	 69.126332	 69.126332	 69.126332	 69.126331	 69.126331	 69.126331	 69.126331	 69.126331	 69.126331	 69.126331	 69.126331	 69.126331	  69.12633	
