Time step 1:
        99	        99	        99	        99	        99	        99	        99	        99	        99	        99	        99	        99	        99	        99	        99	        99	        99	        99	        99	        99	        99	        99	        99	        99	        99	        99	        99	        99	        99	        99	        99	        99	        99	        99	        99	        99	        99	        99	        99	        99	        99	        99	        99	        99	        99	        99	        99	        99	        99	        99	        99	        99	        99	        99	        99	        99	        99	        99	        99	        99	        99	        99	        99	        99	        99	        99	        99	        99	        99	        99	        99	        99	        99	        99	        99	        99	        99	        99	        99	        99	        99	        99	        99	        99	        99	        99	        99	        99	        99	        99	        99	        99	        99	        99	        99	        99	        99	        99	        99	        99	        99	        99	        99	        99	        99	        99	        99	        99	        99	        99	        99	        99	        99	        99	        99	        99	        99	        99	        99	        99	        99	        99	        99	        99	        99	        99	        99	        99	        99	        99	        99	        99	        99	        99	        99	        99	        99	        99	        99	        99	        99	        99	        99	        99	        99	        99	        99	        99	        99	        99	        99	        99	        99	        99	        99	        99	        99	        99	        99	        99	        99	        99	        99	        99	        99	        99	        99	        99	        99	        99	        99	        99	        99	        99	        99	        99	        99	        99	        99	        99	        99	        99	        99	        99	        99	        99	        99	        99	        99	        99	        99	        99	        99	        99	        99	        99	        99	        99	        99	        99	
        99	 98.367012	  97.74199	 97.132601	 96.545927	 95.988225	 95.464724	 94.979497	 94.535388	 94.134004	 93.775775	 93.460056	 93.185274	 92.949098	 92.748629	 92.580578	 92.441447	 92.327682	 92.235803	 92.162512	 92.104764	 92.059819	 92.025265	 91.999022	 91.979332	 91.964737	 91.954049	 91.946315	 91.940785	 91.936879	 91.934153	 91.932272	 91.930989	 91.930125	  91.92955	 91.929171	 91.928924	 91.928766	 91.928665	 91.928602	 91.928562	 91.928538	 91.928523	 91.928514	 91.928509	 91.928506	 91.928504	 91.928503	 91.928503	 91.928502	 91.928502	 91.928502	 91.928502	 91.928502	 91.928502	 91.928502	 91.928502	 91.928502	 91.928502	 91.928502	 91.928502	 91.928502	 91.928502	 91.928502	 91.928502	 91.928502	 91.928502	 91.928502	 91.928502	 91.928502	 91.928502	 91.928502	 91.928502	 91.928502	 91.928502	 91.928502	 91.928502	 91.928502	 91.928502	 91.928502	 91.928502	 91.928502	 91.928502	 91.928502	 91.928502	 91.928502	 91.928502	 91.928502	 91.928502	 91.928502	 91.928502	 91.928502	 91.928502	 91.928502	 91.928502	 91.928502	 91.928502	 91.928502	 91.928502	 91.928502	 91.928502	 91.928502	 91.928502	 91.928502	 91.928502	 91.928502	 91.928502	 91.928502	 91.928502	 91.928502	 91.928502	 91.928502	 91.928502	 91.928502	 91.928502	 91.928502	 91.928502	 91.928502	 91.928502	 91.928502	 91.928502	 91.928502	 91.928502	 91.928502	 91.928502	 91.928502	 91.928502	 91.928502	 91.928502	 91.928502	 91.928502	 91.928502	 91.928502	 91.928502	 91.928502	 91.928502	 91.928502	 91.928502	 91.928502	 91.928502	 91.928502	 91.928502	 91.928502	 91.928502	 91.928502	 91.928502	 91.928502	 91.928502	 91.928502	 91.928502	 91.928502	 91.928502	 91.928502	 91.928502	 91.928502	 91.928502	 91.928502	 91.928502	 91.928502	 91.928502	 91.928502	 91.928502	 91.928502	 91.928502	 91.928502	 91.928502	 91.928502	 91.928502	 91.928502	 91.928502	 91.928502	 91.928502	 91.928502	 91.928502	 91.928502	 91.928502	 91.928502	 91.928502	 91.928502	 91.928502	 91.928502	 91.928502	 91.928502	 91.928502	 91.928502	 91.928502	 91.928502	 91.928502	 91.928502	 91.928502	 91.928502	 91.928502	 91.928502	 91.928502	 91.928502	 91.928502	 91.928502	 91.928502	 91.928502	 91.928502	
        99	  97.74199	 96.499813	 95.288704	 94.122741	 93.014355	 91.973943	 91.009596	 90.126967	 89.329251	 88.617302	 87.989837	 87.443731	 86.974352	 86.575937	  86.24195	 85.965439	  85.73934	 85.556738	 85.411079	  85.29631	 85.206987	 85.138314	 85.086157	 85.047025	 85.018019	 84.996776	 84.981406	 84.970417	 84.962654	 84.957235	 84.953496	 84.950948	  84.94923	 84.948087	 84.947334	 84.946844	 84.946529	 84.946329	 84.946203	 84.946124	 84.946076	 84.946047	  84.94603	 84.946019	 84.946013	 84.946009	 84.946007	 84.946006	 84.946006	 84.946005	 84.946005	 84.946005	 84.946005	 84.946005	 84.946005	 84.946005	 84.946005	 84.946005	 84.946005	 84.946005	 84.946005	 84.946005	 84.946005	 84.946005	 84.946005	 84.946005	 84.946005	 84.946005	 84.946005	 84.946005	 84.946005	 84.946005	 84.946005	 84.946005	 84.946005	 84.946005	 84.946005	 84.946005	 84.946005	 84.946005	 84.946005	 84.946005	 84.946005	 84.946005	 84.946005	 84.946005	 84.946005	 84.946005	 84.946005	 84.946005	 84.946005	 84.946005	 84.946005	 84.946005	 84.946005	 84.946005	 84.946005	 84.946005	 84.946005	 84.946005	 84.946005	 84.946005	 84.946005	 84.946005	 84.946005	 84.946005	 84.946005	 84.946005	 84.946005	 84.946005	 84.946005	 84.946005	 84.946005	 84.946005	 84.946005	 84.946005	 84.946005	 84.946005	 84.946005	 84.946005	 84.946005	 84.946005	 84.946005	 84.946005	 84.946005	 84.946005	 84.946005	 84.946005	 84.946005	 84.946005	 84.946005	 84.946005	 84.946005	 84.946005	 84.946005	 84.946005	 84.946005	 84.946005	 84.946005	 84.946005	 84.946005	 84.946005	 84.946005	 84.946005	 84.946005	 84.946005	 84.946005	 84.946005	 84.946005	 84.946005	 84.946005	 84.946005	 84.946005	 84.946005	 84.946005	 84.946005	 84.946005	 84.946005	 84.946005	 84.946005	 84.946005	 84.946005	 84.946005	 84.946005	 84.946005	 84.946005	 84.946005	 84.946005	 84.946005	 84.946005	 84.946005	 84.946005	 84.946005	 84.946005	 84.946005	 84.946005	 84.946005	 84.946005	 84.946005	 84.946005	 84.946005	 84.946005	 84.946005	 84.946005	 84.946005	 84.946005	 84.946005	 84.946005	 84.946005	 84.946005	 84.946005	 84.946005	 84.946005	 84.946005	 84.946005	 84.946005	 84.946005	 84.946005	 84.946005	
        99	 97.132601	 95.288704	 93.490926	 91.760162	 90.114866	  88.57047	 87.138987	 85.828806	 84.644671	 83.587848	 82.656435	 81.845791	 81.149043	 80.557632	  80.06186	 79.651405	 79.315781	 79.044726	 78.828508	 78.658145	 78.525552	 78.423613	 78.346192	 78.288104	 78.245047	 78.213514	 78.190698	 78.174386	 78.162863	 78.154819	 78.149269	 78.145486	 78.142937	 78.141239	 78.140122	 78.139394	 78.138927	 78.138629	 78.138443	 78.138326	 78.138255	 78.138212	 78.138185	  78.13817	 78.138161	 78.138156	 78.138153	 78.138151	  78.13815	 78.138149	 78.138149	 78.138149	 78.138149	 78.138149	 78.138149	 78.138149	 78.138149	 78.138149	 78.138149	 78.138149	 78.138149	 78.138149	 78.138149	 78.138149	 78.138149	 78.138149	 78.138149	 78.138149	 78.138149	 78.138149	 78.138149	 78.138149	 78.138149	 78.138149	 78.138149	 78.138149	 78.138149	 78.138149	 78.138149	 78.138149	 78.138149	 78.138149	 78.138149	 78.138149	 78.138149	 78.138149	 78.138149	 78.138149	 78.138149	 78.138149	 78.138149	 78.138149	 78.138149	 78.138149	 78.138149	 78.138149	 78.138149	 78.138149	 78.138149	 78.138149	 78.138149	 78.138149	 78.138149	 78.138149	 78.138149	 78.138149	 78.138149	 78.138149	 78.138149	 78.138149	 78.138149	 78.138149	 78.138149	 78.138149	 78.138149	 78.138149	 78.138149	 78.138149	 78.138149	 78.138149	 78.138149	 78.138149	 78.138149	 78.138149	 78.138149	 78.138149	 78.138149	 78.138149	 78.138149	 78.138149	 78.138149	 78.138149	 78.138149	 78.138149	 78.138149	 78.138149	 78.138149	 78.138149	 78.138149	 78.138149	 78.138149	 78.138149	 78.138149	 78.138149	 78.138149	 78.138149	 78.138149	 78.138149	 78.138149	 78.138149	 78.138149	 78.138149	 78.138149	 78.138149	 78.138149	 78.138149	 78.138149	 78.138149	 78.138149	 78.138149	 78.138149	 78.138149	 78.138149	 78.138149	 78.138149	 78.138149	 78.138149	 78.138149	 78.138149	 78.138149	 78.138149	 78.138149	 78.138149	 78.138149	 78.138149	 78.138149	 78.138149	 78.138149	 78.138149	 78.138149	 78.138149	 78.138149	 78.138149	 78.138149	 78.138149	 78.138149	 78.138149	 78.138149	 78.138149	 78.138149	 78.138149	 78.138149	 78.138149	 78.138149	 78.138149	 78.138149	 78.138149	 78.138149	 78.138149	
        99	 96.545927	 94.122741	 91.760162	 89.485652	  87.32346	 85.293867	 83.412661	 81.690865	 80.134715	 78.745875	 77.521843	 76.456522	 75.540879	 74.763667	  74.11214	 73.572734	 73.131669	 72.775458	 72.491311	 72.267426	 72.093177	 71.959213	 71.857469	 71.781131	 71.724547	 71.683108	 71.653124	 71.631687	 71.616543	 71.605972	 71.598679	 71.593707	 71.590357	 71.588126	 71.586657	 71.585702	 71.585087	 71.584697	 71.584451	 71.584298	 71.584204	 71.584147	 71.584113	 71.584093	 71.584081	 71.584074	  71.58407	 71.584068	 71.584066	 71.584066	 71.584065	 71.584065	 71.584065	 71.584065	 71.584065	 71.584065	 71.584065	 71.584065	 71.584065	 71.584065	 71.584065	 71.584065	 71.584065	 71.584065	 71.584065	 71.584065	 71.584065	 71.584065	 71.584065	 71.584065	 71.584065	 71.584065	 71.584065	 71.584065	 71.584065	 71.584065	 71.584065	 71.584065	 71.584065	 71.584065	 71.584065	 71.584065	 71.584065	 71.584065	 71.584065	 71.584065	 71.584065	 71.584065	 71.584065	 71.584065	 71.584065	 71.584065	 71.584065	 71.584065	 71.584065	 71.584065	 71.584065	 71.584065	 71.584065	 71.584065	 71.584065	 71.584065	 71.584065	 71.584065	 71.584065	 71.584065	 71.584065	 71.584065	 71.584065	 71.584065	 71.584065	 71.584065	 71.584065	 71.584065	 71.584065	 71.584065	 71.584065	 71.584065	 71.584065	 71.584065	 71.584065	 71.584065	 71.584065	 71.584065	 71.584065	 71.584065	 71.584065	 71.584065	 71.584065	 71.584065	 71.584065	 71.584065	 71.584065	 71.584065	 71.584065	 71.584065	 71.584065	 71.584065	 71.584065	 71.584065	 71.584065	 71.584065	 71.584065	 71.584065	 71.584065	 71.584065	 71.584065	 71.584065	 71.584065	 71.584065	 71.584065	 71.584065	 71.584065	 71.584065	 71.584065	 71.584065	 71.584065	 71.584065	 71.584065	 71.584065	 71.584065	 71.584065	 71.584065	 71.584065	 71.584065	 71.584065	 71.584065	 71.584065	 71.584065	 71.584065	 71.584065	 71.584065	 71.584065	 71.584065	 71.584065	 71.584065	 71.584065	 71.584065	 71.584065	 71.584065	 71.584065	 71.584065	 71.584065	 71.584065	 71.584065	 71.584065	 71.584065	 71.584065	 71.584065	 71.584065	 71.584065	 71.584065	 71.584065	 71.584065	 71.584065	 71.584065	 71.584065	 71.584065	 71.584065	
        99	 95.988225	 93.014355	 90.114866	  87.32346	 84.669896	 82.179066	 79.870345	 77.757261	 75.847467	 74.143004	 72.640804	 71.333383	 70.209654	 69.255816	 68.456226	 67.794237	 67.252937	 66.815775	 66.467053	 66.192289	 65.978442	 65.814032	 65.689167	 65.595481	 65.526037	 65.475181	 65.438383	 65.412075	  65.39349	 65.380516	 65.371566	 65.365464	 65.361352	 65.358614	 65.356812	 65.355639	 65.354885	 65.354406	 65.354104	 65.353917	 65.353802	 65.353732	  65.35369	 65.353665	  65.35365	 65.353641	 65.353636	 65.353634	 65.353632	 65.353631	 65.353631	  65.35363	  65.35363	  65.35363	  65.35363	  65.35363	  65.35363	  65.35363	  65.35363	  65.35363	  65.35363	  65.35363	  65.35363	  65.35363	  65.35363	  65.35363	  65.35363	  65.35363	  65.35363	  65.35363	  65.35363	  65.35363	  65.35363	  65.35363	  65.35363	  65.35363	  65.35363	  65.35363	  65.35363	  65.35363	  65.35363	  65.35363	  65.35363	  65.35363	  65.35363	  65.35363	  65.35363	  65.35363	  65.35363	  65.35363	  65.35363	  65.35363	  65.35363	  65.35363	  65.35363	  65.35363	  65.35363	  65.35363	  65.35363	  65.35363	  65.35363	  65.35363	  65.35363	  65.35363	  65.35363	  65.35363	  65.35363	  65.35363	  65.35363	  65.35363	  65.35363	  65.35363	  65.35363	  65.35363	  65.35363	  65.35363	  65.35363	  65.35363	  65.35363	  65.35363	  65.35363	  65.35363	  65.35363	  65.35363	  65.35363	  65.35363	  65.35363	  65.35363	  65.35363	  65.35363	  65.35363	  65.35363	  65.35363	  65.35363	  65.35363	  65.35363	  65.35363	  65.35363	  65.35363	  65.35363	  65.35363	  65.35363	  65.35363	  65.35363	  65.35363	  65.35363	  65.35363	  65.35363	  65.35363	  65.35363	  65.35363	  65.35363	  65.35363	  65.35363	  65.35363	  65.35363	  65.35363	  65.35363	  65.35363	  65.35363	  65.35363	  65.35363	  65.35363	  65.35363	  65.35363	  65.35363	  65.35363	  65.35363	  65.35363	  65.35363	  65.35363	  65.35363	  65.35363	  65.35363	  65.35363	  65.35363	  65.35363	  65.35363	  65.35363	  65.35363	  65.35363	  65.35363	  65.35363	  65.35363	  65.35363	  65.35363	  65.35363	  65.35363	  65.35363	  65.35363	  65.35363	  65.35363	  65.35363	  65.35363	  65.35363	  65.35363	  65.35363	  65.35363	  65.35363	
        99	 95.464724	 91.973943	  88.57047	 85.293867	 82.179066	 79.255285	 76.545267	  74.06489	  71.82314	 69.822411	 68.059102	 66.524426	 65.205374	 64.085741	 63.147168	 62.370113	 61.734725	 61.221577	 60.812242	 60.489718	   60.2387	 60.045714	 59.899144	 59.789174	  59.70766	 59.647964	  59.60477	 59.573889	 59.552073	 59.536844	 59.526338	 59.519176	  59.51435	 59.511136	  59.50902	 59.507644	 59.506759	 59.506196	 59.505842	 59.505622	 59.505487	 59.505404	 59.505355	 59.505326	 59.505309	 59.505299	 59.505293	 59.505289	 59.505288	 59.505287	 59.505286	 59.505286	 59.505286	 59.505286	 59.505285	 59.505285	 59.505285	 59.505285	 59.505285	 59.505285	 59.505285	 59.505285	 59.505285	 59.505285	 59.505285	 59.505285	 59.505285	 59.505285	 59.505285	 59.505285	 59.505285	 59.505285	 59.505285	 59.505285	 59.505285	 59.505285	 59.505285	 59.505285	 59.505285	 59.505285	 59.505285	 59.505285	 59.505285	 59.505285	 59.505285	 59.505285	 59.505285	 59.505285	 59.505285	 59.505285	 59.505285	 59.505285	 59.505285	 59.505285	 59.505285	 59.505285	 59.505285	 59.505285	 59.505285	 59.505285	 59.505285	 59.505285	 59.505285	 59.505285	 59.505285	 59.505285	 59.505285	 59.505285	 59.505285	 59.505285	 59.505285	 59.505285	 59.505285	 59.505285	 59.505285	 59.505285	 59.505285	 59.505285	 59.505285	 59.505285	 59.505285	 59.505285	 59.505285	 59.505285	 59.505285	 59.505285	 59.505285	 59.505285	 59.505285	 59.505285	 59.505285	 59.505285	 59.505285	 59.505285	 59.505285	 59.505285	 59.505285	 59.505285	 59.505285	 59.505285	 59.505285	 59.505285	 59.505285	 59.505285	 59.505285	 59.505285	 59.505285	 59.505285	 59.505285	 59.505285	 59.505285	 59.505285	 59.505285	 59.505285	 59.505285	 59.505285	 59.505285	 59.505285	 59.505285	 59.505285	 59.505285	 59.505285	 59.505285	 59.505285	 59.505285	 59.505285	 59.505285	 59.505285	 59.505285	 59.505285	 59.505285	 59.505285	 59.505285	 59.505285	 59.505285	 59.505285	 59.505285	 59.505285	 59.505285	 59.505285	 59.505285	 59.505285	 59.505285	 59.505285	 59.505285	 59.505285	 59.505285	 59.505285	 59.505285	 59.505285	 59.505285	 59.505285	 59.505285	 59.505285	 59.505285	 59.505285	 59.505285	 59.505285	 59.505285	
        99	 94.979497	 91.009596	 87.138987	 83.412661	 79.870345	 76.545267	 73.463291	 70.642476	 68.093038	 65.817704	 63.812375	 62.067062	 60.566965	  59.29366	 58.226265	 57.342557	 56.619961	 56.036381	 55.570863	 55.204073	 54.918602	 54.699127	 54.532441	 54.407377	 54.314675	 54.246785	 54.197663	 54.162543	 54.137733	 54.120414	 54.108466	 54.100321	 54.094832	 54.091177	 54.088771	 54.087206	 54.086199	 54.085559	 54.085156	 54.084906	 54.084752	 54.084659	 54.084603	  54.08457	  54.08455	 54.084539	 54.084532	 54.084528	 54.084526	 54.084525	 54.084524	 54.084524	 54.084524	 54.084524	 54.084524	 54.084524	 54.084524	 54.084524	 54.084524	 54.084524	 54.084524	 54.084524	 54.084524	 54.084524	 54.084524	 54.084524	 54.084524	 54.084524	 54.084524	 54.084524	 54.084524	 54.084524	 54.084524	 54.084524	 54.084524	 54.084524	 54.084524	 54.084524	 54.084524	 54.084524	 54.084524	 54.084524	 54.084524	 54.084524	 54.084524	 54.084524	 54.084524	 54.084524	 54.084524	 54.084524	 54.084524	 54.084524	 54.084524	 54.084524	 54.084524	 54.084524	 54.084524	 54.084524	 54.084524	 54.084524	 54.084524	 54.084524	 54.084524	 54.084524	 54.084524	 54.084524	 54.084524	 54.084524	 54.084524	 54.084524	 54.084524	 54.084524	 54.084524	 54.084524	 54.084524	 54.084524	 54.084524	 54.084524	 54.084524	 54.084524	 54.084524	 54.084524	 54.084524	 54.084524	 54.084524	 54.084524	 54.084524	 54.084524	 54.084524	 54.084524	 54.084524	 54.084524	 54.084524	 54.084524	 54.084524	 54.084524	 54.084524	 54.084524	 54.084524	 54.084524	 54.084524	 54.084524	 54.084524	 54.084524	 54.084524	 54.084524	 54.084524	 54.084524	 54.084524	 54.084524	 54.084524	 54.084524	 54.084524	 54.084524	 54.084524	 54.084524	 54.084524	 54.084524	 54.084524	 54.084524	 54.084524	 54.084524	 54.084524	 54.084524	 54.084524	 54.084524	 54.084524	 54.084524	 54.084524	 54.084524	 54.084524	 54.084524	 54.084524	 54.084524	 54.084524	 54.084524	 54.084524	 54.084524	 54.084524	 54.084524	 54.084524	 54.084524	 54.084524	 54.084524	 54.084524	 54.084524	 54.084524	 54.084524	 54.084524	 54.084524	 54.084524	 54.084524	 54.084524	 54.084524	 54.084524	 54.084524	 54.084524	 54.084524	 54.084524	
        99	 94.535388	 90.126967	 85.828806	 81.690865	 77.757261	  74.06489	 70.642476	  67.51007	 64.679018	 62.152348	 59.925509	 57.987405	 56.321606	  54.90765	 53.722349	 52.741026	 51.938611	 51.290568	 50.773629	 50.366323	 50.049318	   49.8056	 49.620501	 49.481623	  49.37868	 49.303292	 49.248743	 49.209744	 49.182194	 49.162961	 49.149694	 49.140648	 49.134554	 49.130495	 49.127823	 49.126085	 49.124967	 49.124256	 49.123809	 49.123531	 49.123361	 49.123257	 49.123195	 49.123157	 49.123136	 49.123123	 49.123116	 49.123112	 49.123109	 49.123108	 49.123107	 49.123107	 49.123107	 49.123107	 49.123107	 49.123107	 49.123107	 49.123107	 49.123106	 49.123106	 49.123106	 49.123106	 49.123106	 49.123106	 49.123106	 49.123106	 49.123106	 49.123106	 49.123106	 49.123106	 49.123106	 49.123106	 49.123106	 49.123106	 49.123106	 49.123106	 49.123106	 49.123106	 49.123106	 49.123106	 49.123106	 49.123106	 49.123106	 49.123106	 49.123106	 49.123106	 49.123106	 49.123106	 49.123106	 49.123106	 49.123106	 49.123106	 49.123106	 49.123106	 49.123106	 49.123106	 49.123106	 49.123106	 49.123106	 49.123106	 49.123106	 49.123106	 49.123106	 49.123106	 49.123106	 49.123106	 49.123106	 49.123106	 49.123106	 49.123106	 49.123106	 49.123106	 49.123106	 49.123106	 49.123106	 49.123106	 49.123106	 49.123106	 49.123106	 49.123106	 49.123106	 49.123106	 49.123106	 49.123106	 49.123106	 49.123106	 49.123106	 49.123106	 49.123106	 49.123106	 49.123106	 49.123106	 49.123106	 49.123106	 49.123106	 49.123106	 49.123106	 49.123106	 49.123106	 49.123106	 49.123106	 49.123106	 49.123106	 49.123106	 49.123106	 49.123106	 49.123106	 49.123106	 49.123106	 49.123106	 49.123106	 49.123106	 49.123106	 49.123106	 49.123106	 49.123106	 49.123106	 49.123106	 49.123106	 49.123106	 49.123106	 49.123106	 49.123106	 49.123106	 49.123106	 49.123106	 49.123106	 49.123106	 49.123106	 49.123106	 49.123106	 49.123106	 49.123106	 49.123106	 49.123106	 49.123106	 49.123106	 49.123106	 49.123106	 49.123106	 49.123106	 49.123106	 49.123106	 49.123106	 49.123106	 49.123106	 49.123106	 49.123106	 49.123106	 49.123106	 49.123106	 49.123106	 49.123106	 49.123106	 49.123106	 49.123106	 49.123106	 49.123106	 49.123106	
        99	 94.134004	 89.329251	 84.644671	 80.134715	 75.847467	  71.82314	 68.093038	 64.679018	 61.593446	 58.839619	  56.41258	 54.300234	 52.484675	 50.943599	 49.651736	 48.582188	 47.707633	 47.001329	 46.437915	 45.993991	 45.648486	 45.382858	 45.181117	 45.029753	 44.917556	  44.83539	 44.775937	 44.733432	 44.703405	 44.682443	 44.667983	 44.658124	 44.651482	 44.647058	 44.644146	 44.642252	 44.641033	 44.640258	 44.639771	 44.639468	 44.639282	 44.639169	 44.639101	 44.639061	 44.639037	 44.639023	 44.639015	 44.639011	 44.639008	 44.639007	 44.639006	 44.639006	 44.639006	 44.639005	 44.639005	 44.639005	 44.639005	 44.639005	 44.639005	 44.639005	 44.639005	 44.639005	 44.639005	 44.639005	 44.639005	 44.639005	 44.639005	 44.639005	 44.639005	 44.639005	 44.639005	 44.639005	 44.639005	 44.639005	 44.639005	 44.639005	 44.639005	 44.639005	 44.639005	 44.639005	 44.639005	 44.639005	 44.639005	 44.639005	 44.639005	 44.639005	 44.639005	 44.639005	 44.639005	 44.639005	 44.639005	 44.639005	 44.639005	 44.639005	 44.639005	 44.639005	 44.639005	 44.639005	 44.639005	 44.639005	 44.639005	 44.639005	 44.639005	 44.639005	 44.639005	 44.639005	 44.639005	 44.639005	 44.639005	 44.639005	 44.639005	 44.639005	 44.639005	 44.639005	 44.639005	 44.639005	 44.639005	 44.639005	 44.639005	 44.639005	 44.639005	 44.639005	 44.639005	 44.639005	 44.639005	 44.639005	 44.639005	 44.639005	 44.639005	 44.639005	 44.639005	 44.639005	 44.639005	 44.639005	 44.639005	 44.639005	 44.639005	 44.639005	 44.639005	 44.639005	 44.639005	 44.639005	 44.639005	 44.639005	 44.639005	 44.639005	 44.639005	 44.639005	 44.639005	 44.639005	 44.639005	 44.639005	 44.639005	 44.639005	 44.639005	 44.639005	 44.639005	 44.639005	 44.639005	 44.639005	 44.639005	 44.639005	 44.639005	 44.639005	 44.639005	 44.639005	 44.639005	 44.639005	 44.639005	 44.639005	 44.639005	 44.639005	 44.639005	 44.639005	 44.639005	 44.639005	 44.639005	 44.639005	 44.639005	 44.639005	 44.639005	 44.639005	 44.639005	 44.639005	 44.639005	 44.639005	 44.639005	 44.639005	 44.639005	 44.639005	 44.639005	 44.639005	 44.639005	 44.639005	 44.639005	 44.639005	 44.639005	 44.639005	 44.639005	
        99	 93.775775	 88.617302	 83.587848	 78.745875	 74.143004	 69.822411	 65.817704	 62.152348	 58.839619	 55.883059	 53.277343	 51.009489	  49.06027	 47.405742	 46.018774	 44.870487	 43.931549	 43.173247	 42.568356	  42.09175	  41.72081	 41.435626	 41.219034	 41.056526	 40.936069	 40.847854	 40.784025	  40.73839	 40.706153	 40.683648	 40.668123	 40.657538	 40.650407	 40.645657	 40.642531	 40.640497	 40.639189	 40.638357	 40.637834	 40.637509	 40.637309	 40.637188	 40.637115	 40.637072	 40.637046	 40.637031	 40.637023	 40.637018	 40.637015	 40.637014	 40.637013	 40.637012	 40.637012	 40.637012	 40.637012	 40.637012	 40.637012	 40.637012	 40.637012	 40.637012	 40.637012	 40.637012	 40.637012	 40.637012	 40.637012	 40.637012	 40.637012	 40.637012	 40.637012	 40.637012	 40.637012	 40.637012	 40.637012	 40.637012	 40.637012	 40.637012	 40.637012	 40.637012	 40.637012	 40.637012	 40.637012	 40.637012	 40.637012	 40.637012	 40.637012	 40.637012	 40.637012	 40.637012	 40.637012	 40.637012	 40.637012	 40.637012	 40.637012	 40.637012	 40.637012	 40.637012	 40.637012	 40.637012	 40.637012	 40.637012	 40.637012	 40.637012	 40.637012	 40.637012	 40.637012	 40.637012	 40.637012	 40.637012	 40.637012	 40.637012	 40.637012	 40.637012	 40.637012	 40.637012	 40.637012	 40.637012	 40.637012	 40.637012	 40.637012	 40.637012	 40.637012	 40.637012	 40.637012	 40.637012	 40.637012	 40.637012	 40.637012	 40.637012	 40.637012	 40.637012	 40.637012	 40.637012	 40.637012	 40.637012	 40.637012	 40.637012	 40.637012	 40.637012	 40.637012	 40.637012	 40.637012	 40.637012	 40.637012	 40.637012	 40.637012	 40.637012	 40.637012	 40.637012	 40.637012	 40.637012	 40.637012	 40.637012	 40.637012	 40.637012	 40.637012	 40.637012	 40.637012	 40.637012	 40.637012	 40.637012	 40.637012	 40.637012	 40.637012	 40.637012	 40.637012	 40.637012	 40.637012	 40.637012	 40.637012	 40.637012	 40.637012	 40.637012	 40.637012	 40.637012	 40.637012	 40.637012	 40.637012	 40.637012	 40.637012	 40.637012	 40.637012	 40.637012	 40.637012	 40.637012	 40.637012	 40.637012	 40.637012	 40.637012	 40.637012	 40.637012	 40.637012	 40.637012	 40.637012	 40.637012	 40.637012	 40.637012	 40.637012	 40.637012	 40.637012	
        99	 93.460056	 87.989837	 82.656435	 77.521843	 72.640804	 68.059102	 63.812375	 59.925509	  56.41258	 53.277343	 50.514155	 48.109246	 46.042229	 44.287712	 42.816923	 41.599242	  40.60356	 39.799431	 39.157984	 38.652575	 38.259218	 37.956799	 37.727117	 37.554789	 37.427052	 37.333506	 37.265819	 37.217427	 37.183241	 37.159376	 37.142913	 37.131689	 37.124126	  37.11909	 37.115775	 37.113618	  37.11223	 37.111348	 37.110794	 37.110449	 37.110237	 37.110109	 37.110031	 37.109985	 37.109958	 37.109943	 37.109934	 37.109928	 37.109926	 37.109924	 37.109923	 37.109923	 37.109922	 37.109922	 37.109922	 37.109922	 37.109922	 37.109922	 37.109922	 37.109922	 37.109922	 37.109922	 37.109922	 37.109922	 37.109922	 37.109922	 37.109922	 37.109922	 37.109922	 37.109922	 37.109922	 37.109922	 37.109922	 37.109922	 37.109922	 37.109922	 37.109922	 37.109922	 37.109922	 37.109922	 37.109922	 37.109922	 37.109922	 37.109922	 37.109922	 37.109922	 37.109922	 37.109922	 37.109922	 37.109922	 37.109922	 37.109922	 37.109922	 37.109922	 37.109922	 37.109922	 37.109922	 37.109922	 37.109922	 37.109922	 37.109922	 37.109922	 37.109922	 37.109922	 37.109922	 37.109922	 37.109922	 37.109922	 37.109922	 37.109922	 37.109922	 37.109922	 37.109922	 37.109922	 37.109922	 37.109922	 37.109922	 37.109922	 37.109922	 37.109922	 37.109922	 37.109922	 37.109922	 37.109922	 37.109922	 37.109922	 37.109922	 37.109922	 37.109922	 37.109922	 37.109922	 37.109922	 37.109922	 37.109922	 37.109922	 37.109922	 37.109922	 37.109922	 37.109922	 37.109922	 37.109922	 37.109922	 37.109922	 37.109922	 37.109922	 37.109922	 37.109922	 37.109922	 37.109922	 37.109922	 37.109922	 37.109922	 37.109922	 37.109922	 37.109922	 37.109922	 37.109922	 37.109922	 37.109922	 37.109922	 37.109922	 37.109922	 37.109922	 37.109922	 37.109922	 37.109922	 37.109922	 37.109922	 37.109922	 37.109922	 37.109922	 37.109922	 37.109922	 37.109922	 37.109922	 37.109922	 37.109922	 37.109922	 37.109922	 37.109922	 37.109922	 37.109922	 37.109922	 37.109922	 37.109922	 37.109922	 37.109922	 37.109922	 37.109922	 37.109922	 37.109922	 37.109922	 37.109922	 37.109922	 37.109922	 37.109922	 37.109922	 37.109922	 37.109922	
        99	 93.185274	 87.443731	 81.845791	 76.456522	 71.333383	 66.524426	 62.067062	 57.987405	 54.300234	 51.009489	 48.109246	 45.585054	 43.415512	  41.57397	  40.03023	 38.752152	 37.707083	  36.86307	 36.189807	 35.659329	 35.246462	 34.929043	 34.687969	 34.507093	 34.373021	 34.274835	  34.20379	 34.152998	 34.117116	 34.092068	 34.074788	 34.063007	 34.055069	 34.049783	 34.046304	  34.04404	 34.042583	 34.041658	 34.041076	 34.040714	 34.040491	 34.040356	 34.040275	 34.040227	 34.040199	 34.040182	 34.040173	 34.040167	 34.040164	 34.040163	 34.040162	 34.040161	 34.040161	 34.040161	 34.040161	 34.040161	 34.040161	 34.040161	 34.040161	 34.040161	 34.040161	 34.040161	 34.040161	 34.040161	 34.040161	 34.040161	 34.040161	 34.040161	 34.040161	 34.040161	 34.040161	 34.040161	 34.040161	 34.040161	 34.040161	 34.040161	 34.040161	 34.040161	 34.040161	 34.040161	 34.040161	 34.040161	 34.040161	 34.040161	 34.040161	 34.040161	 34.040161	 34.040161	 34.040161	 34.040161	 34.040161	 34.040161	 34.040161	 34.040161	 34.040161	 34.040161	 34.040161	 34.040161	 34.040161	 34.040161	 34.040161	 34.040161	 34.040161	 34.040161	 34.040161	 34.040161	 34.040161	 34.040161	 34.040161	 34.040161	 34.040161	 34.040161	 34.040161	 34.040161	 34.040161	 34.040161	 34.040161	 34.040161	 34.040161	 34.040161	 34.040161	 34.040161	 34.040161	 34.040161	 34.040161	 34.040161	 34.040161	 34.040161	 34.040161	 34.040161	 34.040161	 34.040161	 34.040161	 34.040161	 34.040161	 34.040161	 34.040161	 34.040161	 34.040161	 34.040161	 34.040161	 34.040161	 34.040161	 34.040161	 34.040161	 34.040161	 34.040161	 34.040161	 34.040161	 34.040161	 34.040161	 34.040161	 34.040161	 34.040161	 34.040161	 34.040161	 34.040161	 34.040161	 34.040161	 34.040161	 34.040161	 34.040161	 34.040161	 34.040161	 34.040161	 34.040161	 34.040161	 34.040161	 34.040161	 34.040161	 34.040161	 34.040161	 34.040161	 34.040161	 34.040161	 34.040161	 34.040161	 34.040161	 34.040161	 34.040161	 34.040161	 34.040161	 34.040161	 34.040161	 34.040161	 34.040161	 34.040161	 34.040161	 34.040161	 34.040161	 34.040161	 34.040161	 34.040161	 34.040161	 34.040161	 34.040161	 34.040161	 34.040161	 34.040161	
        99	 92.949098	 86.974352	 81.149043	 75.540879	 70.209654	 65.205374	 60.566965	 56.321606	 52.484675	  49.06027	 46.042229	 43.415512	  41.15785	 39.241511	 37.635069	 36.305079	 35.217564	 34.339269	  33.63866	 33.086637	    32.657	 32.326688	 32.075823	   31.8876	 31.748082	 31.645908	 31.571978	 31.519123	 31.481784	 31.455718	 31.437736	 31.425477	 31.417217	 31.411716	 31.408095	 31.405739	 31.404224	  31.40326	 31.402654	 31.402278	 31.402047	 31.401906	 31.401822	 31.401771	 31.401742	 31.401725	 31.401715	 31.401709	 31.401706	 31.401704	 31.401703	 31.401703	 31.401703	 31.401702	 31.401702	 31.401702	 31.401702	 31.401702	 31.401702	 31.401702	 31.401702	 31.401702	 31.401702	 31.401702	 31.401702	 31.401702	 31.401702	 31.401702	 31.401702	 31.401702	 31.401702	 31.401702	 31.401702	 31.401702	 31.401702	 31.401702	 31.401702	 31.401702	 31.401702	 31.401702	 31.401702	 31.401702	 31.401702	 31.401702	 31.401702	 31.401702	 31.401702	 31.401702	 31.401702	 31.401702	 31.401702	 31.401702	 31.401702	 31.401702	 31.401702	 31.401702	 31.401702	 31.401702	 31.401702	 31.401702	 31.401702	 31.401702	 31.401702	 31.401702	 31.401702	 31.401702	 31.401702	 31.401702	 31.401702	 31.401702	 31.401702	 31.401702	 31.401702	 31.401702	 31.401702	 31.401702	 31.401702	 31.401702	 31.401702	 31.401702	 31.401702	 31.401702	 31.401702	 31.401702	 31.401702	 31.401702	 31.401702	 31.401702	 31.401702	 31.401702	 31.401702	 31.401702	 31.401702	 31.401702	 31.401702	 31.401702	 31.401702	 31.401702	 31.401702	 31.401702	 31.401702	 31.401702	 31.401702	 31.401702	 31.401702	 31.401702	 31.401702	 31.401702	 31.401702	 31.401702	 31.401702	 31.401702	 31.401702	 31.401702	 31.401702	 31.401702	 31.401702	 31.401702	 31.401702	 31.401702	 31.401702	 31.401702	 31.401702	 31.401702	 31.401702	 31.401702	 31.401702	 31.401702	 31.401702	 31.401702	 31.401702	 31.401702	 31.401702	 31.401702	 31.401702	 31.401702	 31.401702	 31.401702	 31.401702	 31.401702	 31.401702	 31.401702	 31.401702	 31.401702	 31.401702	 31.401702	 31.401702	 31.401702	 31.401702	 31.401702	 31.401702	 31.401702	 31.401702	 31.401702	 31.401702	 31.401702	 31.401702	 31.401702	 31.401702	
        99	 92.748629	 86.575937	 80.557632	 74.763667	 69.255816	 64.085741	  59.29366	  54.90765	 50.943599	 47.405742	 44.287712	  41.57397	 39.241511	 37.261682	 35.602019	 34.227966	  33.10442	 32.197027	 31.473207	 30.902894	 30.459023	 30.117768	 29.858591	 29.664133	 29.519993	 29.414433	 29.338054	 29.283448	 29.244872	 29.217942	 29.199365	 29.186699	 29.178166	 29.172482	 29.168742	 29.166308	 29.164742	 29.163747	 29.163121	 29.162732	 29.162493	 29.162348	  29.16226	 29.162209	 29.162178	  29.16216	  29.16215	 29.162144	 29.162141	 29.162139	 29.162138	 29.162138	 29.162137	 29.162137	 29.162137	 29.162137	 29.162137	 29.162137	 29.162137	 29.162137	 29.162137	 29.162137	 29.162137	 29.162137	 29.162137	 29.162137	 29.162137	 29.162137	 29.162137	 29.162137	 29.162137	 29.162137	 29.162137	 29.162137	 29.162137	 29.162137	 29.162137	 29.162137	 29.162137	 29.162137	 29.162137	 29.162137	 29.162137	 29.162137	 29.162137	 29.162137	 29.162137	 29.162137	 29.162137	 29.162137	 29.162137	 29.162137	 29.162137	 29.162137	 29.162137	 29.162137	 29.162137	 29.162137	 29.162137	 29.162137	 29.162137	 29.162137	 29.162137	 29.162137	 29.162137	 29.162137	 29.162137	 29.162137	 29.162137	 29.162137	 29.162137	 29.162137	 29.162137	 29.162137	 29.162137	 29.162137	 29.162137	 29.162137	 29.162137	 29.162137	 29.162137	 29.162137	 29.162137	 29.162137	 29.162137	 29.162137	 29.162137	 29.162137	 29.162137	 29.162137	 29.162137	 29.162137	 29.162137	 29.162137	 29.162137	 29.162137	 29.162137	 29.162137	 29.162137	 29.162137	 29.162137	 29.162137	 29.162137	 29.162137	 29.162137	 29.162137	 29.162137	 29.162137	 29.162137	 29.162137	 29.162137	 29.162137	 29.162137	 29.162137	 29.162137	 29.162137	 29.162137	 29.162137	 29.162137	 29.162137	 29.162137	 29.162137	 29.162137	 29.162137	 29.162137	 29.162137	 29.162137	 29.162137	 29.162137	 29.162137	 29.162137	 29.162137	 29.162137	 29.162137	 29.162137	 29.162137	 29.162137	 29.162137	 29.162137	 29.162137	 29.162137	 29.162137	 29.162137	 29.162137	 29.162137	 29.162137	 29.162137	 29.162137	 29.162137	 29.162137	 29.162137	 29.162137	 29.162137	 29.162137	 29.162137	 29.162137	 29.162137	 29.162137	 29.162137	
        99	 92.580578	  86.24195	  80.06186	  74.11214	 68.456226	 63.147168	 58.226265	 53.722349	 49.651736	 46.018774	 42.816923	  40.03023	 37.635069	 35.602019	  33.89774	 32.486749	    31.333	 30.401215	 29.657936	 29.072292	 28.616489	  28.26606	 27.999916	 27.800231	 27.652215	 27.543818	 27.465386	 27.409312	 27.369698	 27.342045	 27.322968	 27.309962	 27.301199	 27.295363	 27.291522	 27.289022	 27.287415	 27.286392	  27.28575	  27.28535	 27.285105	 27.284956	 27.284866	 27.284813	 27.284782	 27.284764	 27.284753	 27.284747	 27.284744	 27.284742	 27.284741	  27.28474	  27.28474	  27.28474	  27.28474	  27.28474	  27.28474	  27.28474	  27.28474	  27.28474	  27.28474	  27.28474	  27.28474	  27.28474	  27.28474	  27.28474	  27.28474	  27.28474	  27.28474	  27.28474	  27.28474	  27.28474	  27.28474	  27.28474	  27.28474	  27.28474	  27.28474	  27.28474	  27.28474	  27.28474	  27.28474	  27.28474	  27.28474	  27.28474	  27.28474	  27.28474	  27.28474	  27.28474	  27.28474	  27.28474	  27.28474	  27.28474	  27.28474	  27.28474	  27.28474	  27.28474	  27.28474	  27.28474	  27.28474	  27.28474	  27.28474	  27.28474	  27.28474	  27.28474	  27.28474	  27.28474	  27.28474	  27.28474	  27.28474	  27.28474	  27.28474	  27.28474	  27.28474	  27.28474	  27.28474	  27.28474	  27.28474	  27.28474	  27.28474	  27.28474	  27.28474	  27.28474	  27.28474	  27.28474	  27.28474	  27.28474	  27.28474	  27.28474	  27.28474	  27.28474	  27.28474	  27.28474	  27.28474	  27.28474	  27.28474	  27.28474	  27.28474	  27.28474	  27.28474	  27.28474	  27.28474	  27.28474	  27.28474	  27.28474	  27.28474	  27.28474	  27.28474	  27.28474	  27.28474	  27.28474	  27.28474	  27.28474	  27.28474	  27.28474	  27.28474	  27.28474	  27.28474	  27.28474	  27.28474	  27.28474	  27.28474	  27.28474	  27.28474	  27.28474	  27.28474	  27.28474	  27.28474	  27.28474	  27.28474	  27.28474	  27.28474	  27.28474	  27.28474	  27.28474	  27.28474	  27.28474	  27.28474	  27.28474	  27.28474	  27.28474	  27.28474	  27.28474	  27.28474	  27.28474	  27.28474	  27.28474	  27.28474	  27.28474	  27.28474	  27.28474	  27.28474	  27.28474	  27.28474	  27.28474	  27.28474	  27.28474	  27.28474	  27.28474	  27.28474	
        99	 92.441447	 85.965439	 79.651405	 73.572734	 67.794237	 62.370113	 57.342557	 52.741026	 48.582188	 44.870487	 41.599242	 38.752152	 36.305079	 34.227966	 32.486749	 31.045177	 29.866422	 28.914442	 28.155054	 27.556717	 27.091035	 26.733011	 26.461099	 26.257086	 26.105862	 25.995116	 25.914984	 25.857694	 25.817222	  25.78897	 25.769479	 25.756192	 25.747238	 25.741276	 25.737351	 25.734798	 25.733155	 25.732111	 25.731454	 25.731046	 25.730796	 25.730643	 25.730552	 25.730497	 25.730465	 25.730447	 25.730436	  25.73043	 25.730426	 25.730425	 25.730424	 25.730423	 25.730423	 25.730422	 25.730422	 25.730422	 25.730422	 25.730422	 25.730422	 25.730422	 25.730422	 25.730422	 25.730422	 25.730422	 25.730422	 25.730422	 25.730422	 25.730422	 25.730422	 25.730422	 25.730422	 25.730422	 25.730422	 25.730422	 25.730422	 25.730422	 25.730422	 25.730422	 25.730422	 25.730422	 25.730422	 25.730422	 25.730422	 25.730422	 25.730422	 25.730422	 25.730422	 25.730422	 25.730422	 25.730422	 25.730422	 25.730422	 25.730422	 25.730422	 25.730422	 25.730422	 25.730422	 25.730422	 25.730422	 25.730422	 25.730422	 25.730422	 25.730422	 25.730422	 25.730422	 25.730422	 25.730422	 25.730422	 25.730422	 25.730422	 25.730422	 25.730422	 25.730422	 25.730422	 25.730422	 25.730422	 25.730422	 25.730422	 25.730422	 25.730422	 25.730422	 25.730422	 25.730422	 25.730422	 25.730422	 25.730422	 25.730422	 25.730422	 25.730422	 25.730422	 25.730422	 25.730422	 25.730422	 25.730422	 25.730422	 25.730422	 25.730422	 25.730422	 25.730422	 25.730422	 25.730422	 25.730422	 25.730422	 25.730422	 25.730422	 25.730422	 25.730422	 25.730422	 25.730422	 25.730422	 25.730422	 25.730422	 25.730422	 25.730422	 25.730422	 25.730422	 25.730422	 25.730422	 25.730422	 25.730422	 25.730422	 25.730422	 25.730422	 25.730422	 25.730422	 25.730422	 25.730422	 25.730422	 25.730422	 25.730422	 25.730422	 25.730422	 25.730422	 25.730422	 25.730422	 25.730422	 25.730422	 25.730422	 25.730422	 25.730422	 25.730422	 25.730422	 25.730422	 25.730422	 25.730422	 25.730422	 25.730422	 25.730422	 25.730422	 25.730422	 25.730422	 25.730422	 25.730422	 25.730422	 25.730422	 25.730422	 25.730422	 25.730422	 25.730422	
        99	 92.327682	  85.73934	 79.315781	 73.131669	 67.252937	 61.734725	 56.619961	 51.938611	 47.707633	 43.931549	  40.60356	 37.707083	 35.217564	  33.10442	    31.333	 29.866422	  28.66722	 27.698727	 26.926166	 26.317451	 25.843691	 25.479457	 25.202828	 24.995276	 24.841429	 24.728762	  24.64724	 24.588956	 24.547782	  24.51904	 24.499211	 24.485693	 24.476585	 24.470519	 24.466526	 24.463928	 24.462257	 24.461195	 24.460527	 24.460112	 24.459856	 24.459701	 24.459608	 24.459553	  24.45952	 24.459502	 24.459491	 24.459485	 24.459481	 24.459479	 24.459478	 24.459477	 24.459477	 24.459477	 24.459477	 24.459477	 24.459477	 24.459477	 24.459477	 24.459477	 24.459477	 24.459477	 24.459477	 24.459477	 24.459477	 24.459477	 24.459477	 24.459477	 24.459477	 24.459477	 24.459477	 24.459477	 24.459477	 24.459477	 24.459477	 24.459477	 24.459477	 24.459477	 24.459477	 24.459477	 24.459477	 24.459477	 24.459477	 24.459477	 24.459477	 24.459477	 24.459477	 24.459477	 24.459477	 24.459477	 24.459477	 24.459477	 24.459477	 24.459477	 24.459477	 24.459477	 24.459477	 24.459477	 24.459477	 24.459477	 24.459477	 24.459477	 24.459477	 24.459477	 24.459477	 24.459477	 24.459477	 24.459477	 24.459477	 24.459477	 24.459477	 24.459477	 24.459477	 24.459477	 24.459477	 24.459477	 24.459477	 24.459477	 24.459477	 24.459477	 24.459477	 24.459477	 24.459477	 24.459477	 24.459477	 24.459477	 24.459477	 24.459477	 24.459477	 24.459477	 24.459477	 24.459477	 24.459477	 24.459477	 24.459477	 24.459477	 24.459477	 24.459477	 24.459477	 24.459477	 24.459477	 24.459477	 24.459477	 24.459477	 24.459477	 24.459477	 24.459477	 24.459477	 24.459477	 24.459477	 24.459477	 24.459477	 24.459477	 24.459477	 24.459477	 24.459477	 24.459477	 24.459477	 24.459477	 24.459477	 24.459477	 24.459477	 24.459477	 24.459477	 24.459477	 24.459477	 24.459477	 24.459477	 24.459477	 24.459477	 24.459477	 24.459477	 24.459477	 24.459477	 24.459477	 24.459477	 24.459477	 24.459477	 24.459477	 24.459477	 24.459477	 24.459477	 24.459477	 24.459477	 24.459477	 24.459477	 24.459477	 24.459477	 24.459477	 24.459477	 24.459477	 24.459477	 24.459477	 24.459477	 24.459477	 24.459477	 24.459477	 24.459477	 24.459477	
