Time step 20:
        99	        99	        99	        99	        99	        99	        99	        99	        99	        99	        99	        99	        99	        99	        99	        99	        99	        99	        99	        99	        99	        99	        99	        99	        99	        99	        99	        99	        99	        99	        99	        99	        99	        99	        99	        99	        99	        99	        99	        99	        99	        99	        99	        99	        99	        99	        99	        99	        99	        99	        99	        99	        99	        99	        99	        99	        99	        99	        99	        99	        99	        99	        99	        99	        99	        99	        99	        99	        99	        99	        99	        99	        99	        99	        99	        99	        99	        99	        99	        99	        99	        99	        99	        99	        99	        99	        99	        99	        99	        99	        99	        99	        99	        99	        99	        99	        99	        99	        99	        99	        99	        99	        99	        99	        99	        99	        99	        99	        99	        99	        99	        99	        99	        99	        99	        99	        99	        99	        99	        99	        99	        99	        99	        99	        99	        99	        99	        99	        99	        99	        99	        99	        99	        99	        99	        99	        99	        99	        99	        99	        99	        99	        99	        99	        99	        99	        99	        99	        99	        99	        99	        99	        99	        99	        99	        99	        99	        99	        99	        99	        99	        99	        99	        99	        99	        99	        99	        99	        99	        99	        99	        99	        99	        99	        99	        99	        99	        99	        99	        99	        99	        99	        99	        99	        99	        99	        99	        99	        99	        99	        99	        99	        99	        99	        99	        99	        99	        99	        99	        99	
        99	 98.968255	  98.93653	 98.904846	 98.873221	 98.841676	  98.81023	 98.778904	 98.747715	 98.716684	 98.685828	 98.655167	 98.624718	 98.594499	 98.564526	 98.534818	 98.505389	 98.476257	 98.447435	 98.418939	 98.390783	  98.36298	 98.335544	 98.308486	 98.281818	 98.255551	 98.229695	  98.20426	 98.179255	 98.154689	 98.130568	   98.1069	  98.08369	 98.060945	 98.038668	 98.016865	 97.995538	  97.97469	 97.954324	 97.934441	 97.915041	 97.896125	 97.877692	 97.859742	 97.842272	 97.825281	 97.808766	 97.792723	  97.77715	 97.762041	 97.747393	   97.7332	 97.719456	 97.706157	 97.693294	 97.680863	 97.668857	 97.657267	 97.646087	 97.635308	 97.624924	 97.614926	 97.605305	 97.596054	 97.587163	 97.578624	 97.570429	 97.562568	 97.555033	 97.547814	 97.540902	  97.53429	 97.527967	 97.521925	 97.516155	 97.510649	 97.505397	 97.500391	 97.495623	 97.491083	 97.486765	 97.482659	 97.478757	 97.475053	 97.471537	 97.468203	 97.465043	  97.46205	 97.459217	 97.456537	 97.454004	  97.45161	  97.44935	 97.447217	 97.445206	 97.443311	 97.441526	 97.439846	 97.438265	  97.43678	 97.435384	 97.434074	 97.432844	 97.431692	 97.430611	   97.4296	 97.428653	 97.427767	  97.42694	 97.426167	 97.425445	 97.424771	 97.424143	 97.423558	 97.423014	 97.422507	 97.422035	 97.421597	  97.42119	 97.420812	 97.420461	 97.420136	 97.419835	 97.419557	 97.419299	  97.41906	  97.41884	 97.418636	 97.418448	 97.418275	 97.418115	 97.417967	 97.417832	 97.417707	 97.417592	 97.417487	  97.41739	 97.417301	  97.41722	 97.417145	 97.417077	 97.417014	 97.416957	 97.416904	 97.416856	 97.416813	 97.416773	 97.416736	 97.416703	 97.416673	 97.416645	  97.41662	 97.416598	 97.416577	 97.416558	 97.416541	 97.416526	 97.416512	 97.416499	 97.416487	 97.416477	 97.416468	 97.416459	 97.416451	 97.416445	 97.416438	 97.416433	 97.416428	 97.416423	 97.416419	 97.416415	 97.416412	 97.416409	 97.416406	 97.416404	 97.416402	   97.4164	 97.416398	 97.416397	 97.416395	 97.416394	 97.416393	 97.416392	 97.416391	  97.41639	  97.41639	 97.416389	 97.416388	 97.416388	 97.416387	 97.416387	 97.416387	 97.416386	 97.416386	 97.416386	 97.416385	 97.416385	 97.416385	 97.416385	 97.416385	
        99	  98.93653	 98.873101	 98.809752	 98.746522	 98.683452	 98.620581	 98.557947	  98.49559	 98.433547	 98.371855	 98.310552	 98.249673	 98.189253	 98.129328	 98.069929	 98.011091	 97.952844	 97.895219	 97.838245	 97.781951	 97.726363	 97.671507	 97.617408	 97.564088	 97.511571	 97.459876	 97.409023	 97.359029	 97.309911	 97.261685	 97.214363	 97.167958	 97.122482	 97.077943	  97.03435	  96.99171	 96.950028	 96.909308	 96.869554	 96.830767	 96.792947	 96.756093	 96.720203	 96.685275	 96.651304	 96.618284	 96.586209	 96.555072	 96.524864	 96.495577	 96.467199	 96.439721	  96.41313	 96.387414	 96.362559	 96.338553	 96.315381	 96.293028	 96.271478	 96.250716	 96.230726	 96.211491	 96.192994	 96.175218	 96.158146	  96.14176	 96.126043	 96.110977	 96.096544	 96.082726	 96.069505	 96.056863	 96.044783	 96.033248	 96.022238	 96.011738	 96.001729	 95.992195	 95.983119	 95.974485	 95.966275	 95.958475	 95.951068	 95.944039	 95.937373	 95.931056	 95.925072	 95.919407	 95.914049	 95.908983	 95.904197	 95.899678	 95.895414	 95.891393	 95.887604	 95.884035	 95.880676	 95.877516	 95.874546	 95.871756	 95.869136	 95.866678	 95.864373	 95.862213	 95.860191	 95.858298	 95.856527	 95.854872	 95.853327	 95.851883	 95.850537	 95.849282	 95.848112	 95.847023	 95.846009	 95.845066	  95.84419	 95.843376	 95.842621	  95.84192	  95.84127	 95.840668	 95.840111	 95.839595	 95.839118	 95.838677	  95.83827	 95.837894	 95.837547	 95.837228	 95.836933	 95.836662	 95.836413	 95.836184	 95.835973	 95.835779	 95.835602	 95.835439	 95.835289	 95.835152	 95.835027	 95.834913	 95.834808	 95.834712	 95.834625	 95.834545	 95.834472	 95.834406	 95.834345	  95.83429	  95.83424	 95.834195	 95.834153	 95.834116	 95.834082	 95.834051	 95.834023	 95.833997	 95.833974	 95.833954	 95.833935	 95.833918	 95.833903	 95.833889	 95.833876	 95.833865	 95.833855	 95.833846	 95.833838	  95.83383	 95.833824	 95.833818	 95.833812	 95.833807	 95.833803	 95.833799	 95.833796	 95.833793	  95.83379	 95.833788	 95.833785	 95.833783	 95.833782	  95.83378	 95.833779	 95.833777	 95.833776	 95.833775	 95.833774	 95.833774	 95.833773	 95.833772	 95.833771	 95.833771	  95.83377	  95.83377	 95.833769	 95.833769	 95.833769	
        99	 98.904846	 98.809752	 98.714777	 98.619983	 98.525427	  98.43117	 98.337269	 98.243782	 98.150767	 98.058278	 97.966371	 97.875101	 97.784519	 97.694678	 97.605628	 97.517417	 97.430092	   97.3437	 97.258284	 97.173887	 97.090549	 97.008308	 96.927202	 96.847265	  96.76853	 96.691029	 96.614789	 96.539837	   96.4662	 96.393898	 96.322952	 96.253382	 96.185203	  96.11843	 96.053075	 95.989149	 95.926659	 95.865611	 95.806011	 95.747861	  95.69116	 95.635909	 95.582103	 95.529738	 95.478808	 95.429304	 95.381217	 95.334536	 95.289248	  95.24534	 95.202796	   95.1616	 95.121735	 95.083181	 95.045919	 95.009929	 94.975189	 94.941676	 94.909369	 94.878242	 94.848273	 94.819435	 94.791704	 94.765055	  94.73946	 94.714895	 94.691332	 94.668744	 94.647106	 94.626389	 94.606568	 94.587616	 94.569506	 94.552211	 94.535706	 94.519963	 94.504958	 94.490665	 94.477058	 94.464113	 94.451805	 94.440111	 94.429007	 94.418469	 94.408476	 94.399004	 94.390033	 94.381541	 94.373507	 94.365913	 94.358738	 94.351963	  94.34557	 94.339542	 94.333861	  94.32851	 94.323474	 94.318737	 94.314284	 94.310101	 94.306173	 94.302488	 94.299033	 94.295795	 94.292762	 94.289924	  94.28727	 94.284789	 94.282471	 94.280308	 94.278289	 94.276407	 94.274654	 94.273021	 94.271501	 94.270088	 94.268774	 94.267554	 94.266421	  94.26537	 94.264396	 94.263494	 94.262658	 94.261885	  94.26117	 94.260509	 94.259898	 94.259335	 94.258815	 94.258336	 94.257895	 94.257488	 94.257114	 94.256771	 94.256455	 94.256164	 94.255898	 94.255654	  94.25543	 94.255225	 94.255037	 94.254865	 94.254708	 94.254564	 94.254433	 94.254314	 94.254204	 94.254105	 94.254014	 94.253932	 94.253857	 94.253789	 94.253727	  94.25367	 94.253619	 94.253573	 94.253531	 94.253493	 94.253458	 94.253427	 94.253399	 94.253374	 94.253351	  94.25333	 94.253311	 94.253294	 94.253279	 94.253266	 94.253253	 94.253242	 94.253232	 94.253223	 94.253215	 94.253208	 94.253202	 94.253196	 94.253191	 94.253186	 94.253182	 94.253178	 94.253175	 94.253172	  94.25317	 94.253167	 94.253165	 94.253163	 94.253161	  94.25316	 94.253159	 94.253157	 94.253156	 94.253155	 94.253154	 94.253153	 94.253153	 94.253152	 94.253151	 94.253151	  94.25315	
        99	 98.873221	 98.746522	 98.619983	 98.493683	 98.367702	 98.242118	 98.117009	 97.992452	 97.868522	 97.745294	 97.622842	 97.501238	 97.380551	 97.260851	 97.142205	 97.024676	 96.908329	 96.793225	 96.679421	 96.566974	 96.455938	 96.346364	 96.238302	 96.131798	 96.026896	 95.923636	 95.822058	 95.722196	 95.624085	 95.527753	 95.433229	 95.340537	 95.249699	 95.160734	 95.073658	 94.988485	 94.905226	  94.82389	 94.744481	 94.667004	 94.591459	 94.517845	 94.446156	 94.376388	 94.308531	 94.242574	 94.178506	  94.11631	 94.055971	  93.99747	 93.940786	 93.885899	 93.832784	 93.781416	  93.73177	 93.683819	 93.637533	 93.592882	 93.549837	 93.508366	 93.468436	 93.430014	 93.393067	  93.35756	 93.323459	 93.290729	 93.259335	  93.22924	  93.20041	 93.172809	   93.1464	 93.121149	  93.09702	 93.073977	 93.051986	 93.031012	  93.01102	 92.991976	 92.973847	   92.9566	 92.940202	 92.924621	 92.909826	 92.895786	 92.882471	 92.869851	 92.857898	 92.846584	 92.835881	 92.825762	 92.816202	 92.807176	 92.798659	 92.790627	 92.783058	 92.775929	 92.769219	 92.762907	 92.756974	 92.751401	 92.746168	 92.741258	 92.736654	  92.73234	   92.7283	 92.724519	 92.720982	 92.717677	 92.714589	 92.711706	 92.709017	 92.706509	 92.704173	 92.701997	 92.699972	 92.698089	 92.696339	 92.694713	 92.693204	 92.691804	 92.690507	 92.689304	 92.688191	  92.68716	 92.686208	 92.685327	 92.684514	 92.683763	 92.683071	 92.682432	 92.681844	 92.681303	 92.680805	 92.680346	 92.679925	 92.679539	 92.679184	 92.678858	  92.67856	 92.678287	 92.678036	 92.677808	 92.677598	 92.677407	 92.677232	 92.677073	 92.676927	 92.676795	 92.676674	 92.676564	 92.676464	 92.676373	 92.676291	 92.676216	 92.676148	 92.676086	  92.67603	 92.675979	 92.675933	 92.675892	 92.675854	 92.675821	  92.67579	 92.675762	 92.675737	 92.675715	 92.675695	 92.675677	  92.67566	 92.675645	 92.675632	  92.67562	  92.67561	   92.6756	 92.675592	 92.675584	 92.675577	 92.675571	 92.675565	  92.67556	 92.675556	 92.675552	 92.675549	 92.675545	 92.675543	  92.67554	 92.675538	 92.675536	 92.675534	 92.675532	 92.675531	 92.675529	 92.675528	 92.675527	 92.675526	 92.675525	 92.675524	 92.675523	 92.675522	
        99	 98.841676	 98.683452	 98.525427	 98.367702	 98.210375	 98.053543	 97.897304	 97.741755	 97.586989	   97.4331	  97.28018	 97.128318	 96.977602	 96.828118	  96.67995	 96.533179	 96.387883	 96.244138	 96.102017	 95.961591	 95.822927	  95.68609	  95.55114	 95.418136	 95.287132	 95.158179	 95.031326	 94.906618	 94.784094	 94.663793	  94.54575	 94.429994	 94.316554	 94.205452	  94.09671	 93.990345	  93.88637	 93.784795	 93.685629	 93.588874	 93.494532	 93.402601	 93.313075	 93.225947	 93.141206	 93.058838	 92.978828	 92.901157	 92.825804	 92.752747	 92.681959	 92.613415	 92.547084	 92.482935	 92.420937	 92.361054	 92.303251	  92.24749	 92.193735	 92.141945	 92.092079	 92.044097	 91.997957	 91.953616	  91.91103	 91.870156	  91.83095	 91.793368	 91.757364	 91.722895	 91.689915	 91.658381	 91.628248	 91.599472	 91.572009	 91.545816	 91.520849	 91.497067	 91.474427	 91.452889	 91.432411	 91.412953	 91.394477	 91.376943	 91.360315	 91.344556	 91.329629	 91.315499	 91.302133	 91.289497	 91.277558	 91.266286	 91.255649	 91.245619	 91.236166	 91.227264	 91.218884	 91.211002	 91.203593	 91.196633	 91.190098	 91.183966	 91.178217	 91.172829	 91.167784	 91.163062	 91.158646	 91.154518	 91.150661	 91.147061	 91.143703	 91.140571	 91.137653	 91.134936	 91.132408	 91.130056	 91.127871	  91.12584	 91.123956	 91.122208	 91.120587	 91.119085	 91.117695	 91.116408	 91.115218	 91.114119	 91.113103	 91.112165	 91.111301	 91.110504	 91.109769	 91.109093	 91.108471	 91.107899	 91.107373	  91.10689	 91.106447	  91.10604	 91.105668	 91.105326	 91.105014	 91.104728	 91.104467	 91.104228	  91.10401	  91.10381	 91.103629	 91.103463	 91.103313	 91.103175	  91.10305	 91.102937	 91.102834	  91.10274	 91.102655	 91.102578	 91.102508	 91.102445	 91.102388	 91.102336	 91.102289	 91.102247	 91.102208	 91.102174	 91.102143	 91.102115	  91.10209	 91.102067	 91.102046	 91.102028	 91.102011	 91.101997	 91.101983	 91.101971	 91.101961	 91.101951	 91.101942	 91.101935	 91.101928	 91.101922	 91.101916	 91.101911	 91.101907	 91.101903	 91.101899	 91.101896	 91.101893	 91.101891	 91.101889	 91.101887	 91.101885	 91.101883	 91.101882	  91.10188	 91.101879	 91.101878	 91.101876	 91.101875	 91.101874	
        99	  98.81023	 98.620581	  98.43117	 98.242118	 98.053543	 97.865562	 97.678292	 97.491848	 97.306343	  97.12189	 96.938597	 96.756573	 96.575923	  96.39675	 96.219153	 96.043231	 95.869076	 95.696781	 95.526434	 95.358117	 95.191912	 95.027897	 94.866144	 94.706723	   94.5497	 94.395135	 94.243087	 94.093609	 93.946751	 93.802557	 93.661068	 93.522322	  93.38635	 93.253182	 93.122843	 92.995351	 92.870725	 92.748976	 92.630114	 92.514142	 92.401062	 92.290872	 92.183565	 92.079132	  91.97756	 91.878833	 91.782931	 91.689834	 91.599515	 91.511947	   91.4271	 91.344942	 91.265436	 91.188547	 91.114234	 91.042458	 90.973174	 90.906339	 90.841907	  90.77983	 90.720061	 90.662549	 90.607245	 90.554097	 90.503053	 90.454061	 90.407068	 90.362021	 90.318866	 90.277551	 90.238021	 90.200224	 90.164106	 90.129615	 90.096697	 90.065302	 90.035376	 90.006871	 89.979734	 89.953918	 89.929372	  89.90605	 89.883904	 89.862888	 89.842958	 89.824068	 89.806176	  89.78924	 89.773219	 89.758073	 89.743763	 89.730252	 89.717503	 89.705481	 89.694151	  89.68348	 89.673436	 89.663989	 89.655108	 89.646765	 89.638932	 89.631583	 89.624692	 89.618234	 89.612187	 89.606527	 89.601233	 89.596285	 89.591663	 89.587348	 89.583323	 89.579569	 89.576072	 89.572815	 89.569784	 89.566966	 89.564346	 89.561912	 89.559654	 89.557558	 89.555616	 89.553816	 89.552149	 89.550607	 89.549181	 89.547862	 89.546645	 89.545521	 89.544485	 89.543529	 89.542649	 89.541839	 89.541093	 89.540407	 89.539777	 89.539198	 89.538667	  89.53818	 89.537733	 89.537324	  89.53695	 89.536607	 89.536293	 89.536007	 89.535746	 89.535507	 89.535289	 89.535091	  89.53491	 89.534746	 89.534596	  89.53446	 89.534336	 89.534224	 89.534122	  89.53403	 89.533946	  89.53387	 89.533802	 89.533739	 89.533683	 89.533633	 89.533587	 89.533545	 89.533508	 89.533475	 89.533444	 89.533417	 89.533393	 89.533371	 89.533351	 89.533333	 89.533317	 89.533303	  89.53329	 89.533278	 89.533268	 89.533259	 89.533251	 89.533243	 89.533237	 89.533231	 89.533225	 89.533221	 89.533216	 89.533213	 89.533209	 89.533206	 89.533204	 89.533201	 89.533199	 89.533197	 89.533195	 89.533193	 89.533192	  89.53319	 89.533189	 89.533188	 89.533186	
        99	 98.778904	 98.557947	 98.337269	 98.117009	 97.897304	 97.678292	 97.460108	 97.242886	 97.026759	 96.811856	 96.598306	 96.386234	 96.175763	 95.967012	 95.760098	 95.555135	 95.352232	 95.151495	 94.953026	 94.756925	 94.563283	 94.372193	 94.183738	    93.998	 93.815056	 93.634976	 93.457829	 93.283676	 93.112574	 92.944577	 92.779731	 92.618081	 92.459664	 92.304513	 92.152657	  92.00412	 91.858921	 91.717074	  91.57859	 91.443474	 91.311727	 91.183347	 91.058326	 90.936653	 90.818314	 90.703289	 90.591557	 90.483091	 90.377863	 90.275839	 90.176986	 90.081265	 89.988635	 89.899053	 89.812473	 89.728848	 89.648127	 89.570259	 89.495191	 89.422867	 89.353231	 89.286225	 89.221791	 89.159869	 89.100399	  89.04332	 88.988569	 88.936086	 88.885808	 88.837672	 88.791617	 88.747581	   88.7055	 88.665315	 88.626964	 88.590385	  88.55552	 88.522309	 88.490693	 88.460614	 88.432017	 88.404845	 88.379043	 88.354558	 88.331338	  88.30933	 88.288484	 88.268753	 88.250087	 88.232441	 88.215769	 88.200027	 88.185173	 88.171166	 88.157966	 88.145533	 88.133832	 88.122825	 88.112478	 88.102758	 88.093632	  88.08507	 88.077041	 88.069517	 88.062472	 88.055878	  88.04971	 88.043945	  88.03856	 88.033533	 88.028842	 88.024469	 88.020395	   88.0166	 88.013069	 88.009785	 88.006733	 88.003898	 88.001266	 87.998825	 87.996562	 87.994465	 87.992523	 87.990726	 87.989064	 87.987529	  87.98611	 87.984801	 87.983594	  87.98248	 87.981455	 87.980511	 87.979642	 87.978843	 87.978109	 87.977434	 87.976815	 87.976248	 87.975727	 87.975251	 87.974814	 87.974415	  87.97405	 87.973716	 87.973412	 87.973134	  87.97288	 87.972649	 87.972438	 87.972247	 87.972072	 87.971914	  87.97177	 87.971639	  87.97152	 87.971413	 87.971315	 87.971227	 87.971147	 87.971074	 87.971009	  87.97095	 87.970896	 87.970848	 87.970805	 87.970766	  87.97073	 87.970699	  87.97067	 87.970644	 87.970621	 87.970601	 87.970582	 87.970565	  87.97055	 87.970537	 87.970525	 87.970514	 87.970505	 87.970496	 87.970488	 87.970482	 87.970475	  87.97047	 87.970465	 87.970461	 87.970457	 87.970453	  87.97045	 87.970447	 87.970445	 87.970442	  87.97044	 87.970438	 87.970436	 87.970435	 87.970433	 87.970431	  87.97043	
        99	 98.747715	  98.49559	 98.243782	 97.992452	 97.741755	 97.491848	 97.242886	 96.995023	 96.748408	  96.50319	 96.259516	 96.017529	 95.777367	  95.53917	 95.303068	 95.069192	 94.837667	 94.608613	 94.382148	 94.158383	 93.937427	  93.71938	 93.504342	 93.292403	 93.083652	  92.87817	 92.676033	 92.477314	 92.282076	  92.09038	 91.902281	 91.717828	 91.537064	 91.360027	  91.18675	  91.01726	 90.851578	 90.689722	 90.531703	 90.377527	 90.227196	 90.080706	 89.938049	 89.799213	 89.664181	  89.53293	 89.405436	  89.28167	 89.161598	 89.045183	 88.932385	 88.823161	 88.717465	 88.615246	 88.516453	 88.421031	 88.328924	 88.240071	 88.154413	 88.071887	 87.992428	  87.91597	 87.842447	 87.771791	 87.703931	   87.6388	 87.576326	  87.51644	 87.459069	 87.404143	 87.351592	 87.301343	 87.253327	 87.207473	 87.163712	 87.121973	  87.08219	 87.044294	 87.008218	 86.973897	 86.941265	  86.91026	 86.880819	  86.85288	 86.826384	 86.801271	 86.777485	  86.75497	 86.733671	 86.713536	 86.694512	  86.67655	 86.659601	 86.643618	 86.628555	 86.614369	 86.601017	 86.588458	 86.576651	  86.56556	 86.555147	 86.545376	 86.536215	  86.52763	 86.519591	 86.512066	 86.505029	 86.498451	 86.492306	 86.486569	 86.481218	 86.476228	 86.471578	 86.467249	  86.46322	 86.459472	  86.45599	 86.452755	 86.449752	 86.446966	 86.444383	  86.44199	 86.439775	 86.437724	 86.435828	 86.434076	 86.432458	 86.430964	 86.429586	 86.428316	 86.427145	 86.426068	 86.425076	 86.424165	 86.423327	 86.422558	 86.421851	 86.421204	  86.42061	 86.420066	 86.419568	 86.419113	 86.418696	 86.418315	 86.417968	  86.41765	 86.417361	 86.417097	 86.416857	 86.416638	 86.416439	 86.416259	 86.416094	 86.415945	  86.41581	 86.415687	 86.415575	 86.415474	 86.415383	 86.415301	 86.415226	 86.415159	 86.415098	 86.415043	 86.414993	 86.414948	 86.414908	 86.414872	 86.414839	  86.41481	 86.414784	  86.41476	 86.414739	  86.41472	 86.414703	 86.414688	 86.414674	 86.414662	 86.414651	 86.414641	 86.414632	 86.414624	 86.414617	 86.414611	 86.414605	   86.4146	 86.414596	 86.414592	 86.414588	 86.414585	 86.414582	 86.414579	 86.414577	 86.414575	 86.414572	 86.414571	 86.414569	 86.414567	 86.414565	
        99	 98.716684	 98.433547	 98.150767	 97.868522	 97.586989	 97.306343	 97.026759	 96.748408	 96.471459	 96.196079	 95.922433	  95.65068	 95.380979	 95.113483	  94.84834	 94.585697	 94.325694	 94.068467	 93.814146	 93.562858	 93.314723	 93.069857	 92.828368	 92.590361	 92.355933	 92.125177	 91.898177	 91.675014	 91.455762	 91.240488	 91.029252	 90.822111	 90.619113	   90.4203	  90.22571	 90.035372	 89.849311	 89.667547	 89.490091	 89.316951	 89.148129	 88.983621	 88.823417	 88.667504	 88.515862	 88.368468	 88.225292	 88.086302	 87.951461	 87.820727	 87.694055	 87.571396	 87.452699	 87.337907	 87.226962	 87.119803	 87.016367	 86.916586	 86.820392	 86.727714	 86.638482	  86.55262	 86.470053	 86.390706	   86.3145	 86.241357	 86.171199	 86.103946	 86.039519	 85.977837	 85.918822	 85.862393	  85.80847	 85.756976	 85.707832	  85.66096	 85.616283	 85.573726	 85.533212	  85.49467	 85.458025	 85.423206	 85.390143	 85.358768	 85.329012	 85.300811	   85.2741	 85.248815	 85.224896	 85.202284	  85.18092	 85.160749	 85.141715	 85.123766	 85.106851	  85.09092	 85.075925	 85.061821	 85.048563	 85.036107	 85.024413	 85.013441	 85.003153	 84.993512	 84.984483	 84.976034	  84.96813	 84.960743	 84.953843	 84.947401	  84.94139	 84.935787	 84.930565	 84.925703	 84.921178	  84.91697	 84.913059	 84.909426	 84.906054	 84.902926	 84.900025	 84.897338	  84.89485	 84.892547	 84.890418	  84.88845	 84.886633	 84.884955	 84.883408	 84.881981	 84.880667	 84.879457	 84.878344	  84.87732	 84.876379	 84.875515	 84.874722	 84.873995	 84.873328	 84.872717	 84.872158	 84.871646	 84.871178	 84.870751	 84.870361	 84.870004	 84.869679	 84.869383	 84.869113	 84.868868	 84.868644	 84.868441	 84.868257	 84.868089	 84.867937	 84.867799	 84.867674	 84.867561	 84.867458	 84.867366	 84.867282	 84.867206	 84.867138	 84.867076	  84.86702	  84.86697	 84.866925	 84.866884	 84.866848	 84.866815	 84.866785	 84.866759	 84.866735	 84.866713	 84.866694	 84.866677	 84.866662	 84.866648	 84.866636	 84.866625	 84.866615	 84.866606	 84.866598	 84.866591	 84.866585	 84.866579	 84.866574	 84.866569	 84.866565	 84.866562	 84.866558	 84.866555	 84.866553	  84.86655	 84.866548	 84.866546	 84.866544	 84.866542	  84.86654	
        99	 98.685828	 98.371855	 98.058278	 97.745294	   97.4331	  97.12189	 96.811856	  96.50319	 96.196079	 95.890708	  95.58726	 95.285911	 94.986837	 94.690208	 94.396189	 94.104942	 93.816622	 93.531381	 93.249362	 92.970707	 92.695548	 92.424014	 92.156225	 91.892297	 91.632338	  91.37645	 91.124728	 90.877261	  90.63413	 90.395411	  90.16117	 89.931469	 89.706363	 89.485898	 89.270115	 89.059048	 88.852724	 88.651164	 88.454381	 88.262385	 88.075177	 87.892752	 87.715101	 87.542207	  87.37405	 87.210603	 87.051835	 86.897708	 86.748181	 86.603209	 86.462741	 86.326724	   86.1951	 86.067806	 85.944778	 85.825949	 85.711247	 85.600599	 85.493929	 85.391158	 85.292207	 85.196994	 85.105435	 85.017446	 84.932941	 84.851833	 84.774034	 84.699456	 84.628013	 84.559613	  84.49417	 84.431596	 84.371801	 84.314699	 84.260202	 84.208225	 84.158683	  84.11149	 84.066565	 84.023825	 83.983189	 83.944578	 83.907914	 83.873122	 83.840126	 83.808853	 83.779232	 83.751194	 83.724671	 83.699596	 83.675905	 83.653537	  83.63243	 83.612527	 83.593769	 83.576103	 83.559476	 83.543835	 83.529133	  83.51532	 83.502353	 83.490186	 83.478777	 83.468086	 83.458075	 83.448705	 83.439941	 83.431749	 83.424097	 83.416953	 83.410288	 83.404075	 83.398284	 83.392893	 83.387875	 83.383209	 83.378872	 83.374843	 83.371104	 83.367635	 83.364418	 83.361438	 83.358679	 83.356126	 83.353765	 83.351583	 83.349568	 83.347707	 83.345991	 83.344409	 83.342952	  83.34161	 83.340376	  83.33924	 83.338197	 83.337239	 83.336359	 83.335553	 83.334813	 83.334136	 83.333516	 83.332949	  83.33243	 83.331956	 83.331523	 83.331128	 83.330768	 83.330439	  83.33014	 83.329868	  83.32962	 83.329395	  83.32919	 83.329004	 83.328835	 83.328682	 83.328544	 83.328418	 83.328305	 83.328202	 83.328109	 83.328025	 83.327949	  83.32788	 83.327819	 83.327763	 83.327713	 83.327668	 83.327627	 83.327591	 83.327558	 83.327529	 83.327502	 83.327478	 83.327457	 83.327438	 83.327421	 83.327406	 83.327392	  83.32738	 83.327369	 83.327359	 83.327351	 83.327343	 83.327336	  83.32733	 83.327324	 83.327319	 83.327314	  83.32731	 83.327307	 83.327303	   83.3273	 83.327297	 83.327295	 83.327292	  83.32729	 83.327288	 83.327286	
        99	 98.655167	 98.310552	 97.966371	 97.622842	  97.28018	 96.938597	 96.598306	 96.259516	 95.922433	  95.58726	 95.254196	 94.923438	 94.595176	 94.269597	 93.946884	 93.627213	 93.310755	 92.997675	 92.688134	 92.382283	 92.080271	 91.782236	 91.488313	 91.198627	 90.913297	 90.632436	 90.356147	 90.084529	  89.81767	 89.555653	 89.298552	 89.046434	 88.799358	 88.557377	 88.320535	 88.088869	 87.862409	 87.641177	  87.42519	 87.214457	 87.008978	 86.808749	  86.61376	 86.423994	 86.239425	 86.060027	 85.885763	 85.716594	 85.552475	 85.393354	 85.239178	 85.089886	 84.945416	 84.805699	 84.670665	 84.540239	 84.414342	 84.292896	 84.175815	 84.063015	 83.954407	 83.849901	 83.749407	  83.65283	 83.560078	 83.471054	 83.385662	 83.303807	  83.22539	 83.150316	 83.078486	 83.009804	 82.944174	 82.881499	 82.821684	 82.764634	 82.710257	 82.658458	 82.609149	 82.562237	 82.517635	 82.475256	 82.435014	 82.396826	  82.36061	 82.326286	 82.293774	    82.263	 82.233887	 82.206365	 82.180363	 82.155812	 82.132645	 82.110799	 82.090211	 82.070821	  82.05257	 82.035403	 82.019266	 82.004106	 81.989873	 81.976518	 81.963996	 81.952262	 81.941273	 81.930989	  81.92137	 81.912378	 81.903979	 81.896139	 81.888823	 81.882003	 81.875648	  81.86973	 81.864223	 81.859101	 81.854341	 81.849919	 81.845814	 81.842007	 81.838477	 81.835206	 81.832177	 81.829375	 81.826784	 81.824388	 81.822176	 81.820135	 81.818251	 81.816515	 81.814915	 81.813442	 81.812087	 81.810841	 81.809696	 81.808645	 81.807679	 81.806794	 81.805982	 81.805239	 81.804558	 81.803936	 81.803366	 81.802846	 81.802371	 81.801937	 81.801542	 81.801181	 81.800853	 81.800554	 81.800282	 81.800035	  81.79981	 81.799606	 81.799421	 81.799253	 81.799101	 81.798963	 81.798838	 81.798725	 81.798623	 81.798531	 81.798448	 81.798373	 81.798305	 81.798244	 81.798189	 81.798139	 81.798095	 81.798055	 81.798019	 81.797987	 81.797958	 81.797932	 81.797908	 81.797887	 81.797869	 81.797852	 81.797837	 81.797824	 81.797812	 81.797801	 81.797791	 81.797783	 81.797775	 81.797768	 81.797762	 81.797756	 81.797752	 81.797747	 81.797743	 81.797739	 81.797736	 81.797733	  81.79773	 81.797727	 81.797725	 81.797723	  81.79772	
        99	 98.624718	 98.249673	 97.875101	 97.501238	 97.128318	 96.756573	 96.386234	 96.017529	  95.65068	 95.285911	 94.923438	 94.563473	 94.206225	 93.851898	 93.500689	  93.15279	 92.808389	 92.467664	 92.130789	 91.797932	 91.469251	   91.1449	 90.825023	 90.509757	 90.199233	 89.893571	 89.592886	 89.297284	 89.006861	 88.721707	 88.441904	 88.167523	 87.898631	 87.635282	 87.377527	 87.125405	 86.878948	 86.638182	 86.403123	 86.173781	 85.950158	 85.732249	 85.520043	 85.313519	 85.112653	 84.917414	 84.727763	 84.543656	 84.365044	 84.191873	 84.024083	 83.861609	 83.704381	 83.552328	  83.40537	 83.263427	 83.126414	 82.994243	 82.866824	 82.744063	 82.625865	 82.512132	 82.402764	 82.297659	 82.196717	 82.099832	   82.0069	 81.917816	 81.832476	 81.750772	   81.6726	 81.597853	 81.526428	 81.458218	 81.393122	 81.331035	 81.271855	 81.215483	 81.161819	 81.110765	 81.062225	 81.016104	 80.972309	 80.930749	 80.891335	 80.853979	 80.818597	 80.785105	 80.753422	  80.72347	 80.695171	 80.668452	  80.64324	 80.619465	 80.597059	 80.575956	 80.556095	 80.537412	  80.51985	 80.503351	 80.487861	 80.473327	 80.459699	 80.446929	  80.43497	 80.423777	 80.413309	 80.403524	 80.394383	  80.38585	 80.377889	 80.370466	  80.36355	 80.357109	 80.351116	 80.345542	 80.340361	 80.335549	 80.331082	 80.326938	 80.323096	 80.319537	 80.316241	 80.313191	 80.310371	 80.307764	 80.305357	 80.303135	 80.301085	 80.299195	 80.297454	 80.295852	 80.294377	 80.293021	 80.291774	  80.29063	  80.28958	 80.288616	 80.287733	 80.286924	 80.286183	 80.285505	 80.284886	 80.284319	 80.283802	  80.28333	   80.2829	 80.282508	  80.28215	 80.281825	 80.281529	  80.28126	 80.281015	 80.280793	 80.280592	 80.280409	 80.280244	 80.280094	 80.279958	 80.279835	 80.279724	 80.279624	 80.279533	 80.279451	 80.279377	 80.279311	 80.279251	 80.279197	 80.279149	 80.279105	 80.279066	 80.279031	 80.278999	 80.278971	 80.278946	 80.278923	 80.278903	 80.278884	 80.278868	 80.278853	  80.27884	 80.278829	 80.278818	 80.278809	 80.278801	 80.278793	 80.278787	 80.278781	 80.278775	  80.27877	 80.278766	 80.278762	 80.278758	 80.278755	 80.278752	 80.278749	 80.278746	 80.278744	 80.278741	
        99	 98.594499	 98.189253	 97.784519	 97.380551	 96.977602	 96.575923	 96.175763	 95.777367	 95.380979	 94.986837	 94.595176	 94.206225	 93.820211	 93.437351	 93.057861	 92.681949	 92.309814	 91.941653	 91.577652	 91.217991	 90.862844	 90.512375	  90.16674	 89.826087	 89.490558	 89.160284	 88.835386	 88.515981	 88.202172	 87.894056	 87.591722	 87.295247	 87.004702	 86.720148	 86.441637	 86.169213	  85.90291	 85.642756	  85.38877	  85.14096	  84.89933	 84.663875	  84.43458	 84.211427	 83.994386	 83.783425	 83.578503	 83.379571	 83.186577	 82.999461	  82.81816	 82.642602	 82.472714	 82.308417	 82.149625	 81.996252	 81.848206	 81.705393	 81.567713	 81.435068	 81.307352	  81.18446	 81.066285	 80.952717	 80.843646	  80.73896	 80.638545	 80.542288	 80.450075	 80.361792	 80.277325	  80.19656	 80.119383	 80.045681	 79.975342	 79.908256	 79.844311	   79.7834	 79.725415	  79.67025	 79.617801	 79.567966	 79.520644	 79.475738	  79.43315	 79.392786	 79.354555	 79.318366	 79.284132	 79.251768	  79.22119	  79.19232	 79.165077	 79.139387	 79.115177	 79.092376	 79.070914	 79.050727	 79.031751	 79.013923	 78.997186	 78.981482	 78.966757	 78.952958	 78.940036	 78.927942	 78.916631	 78.906058	 78.896181	 78.886961	 78.878359	 78.870338	 78.862865	 78.855906	  78.84943	 78.843407	 78.837809	  78.83261	 78.827783	 78.823305	 78.819154	 78.815308	 78.811747	 78.808451	 78.805404	 78.802587	 78.799986	 78.797585	  78.79537	 78.793329	 78.791447	 78.789716	 78.788122	 78.786657	  78.78531	 78.784073	 78.782938	 78.781897	 78.780943	 78.780069	 78.779268	 78.778536	 78.777867	 78.777255	 78.776696	 78.776186	 78.775721	 78.775297	 78.774911	 78.774559	  78.77424	 78.773949	 78.773685	 78.773445	 78.773227	  78.77303	 78.772851	 78.772689	 78.772542	 78.772409	 78.772289	 78.772181	 78.772083	 78.771995	 78.771915	 78.771843	 78.771778	  78.77172	 78.771668	 78.771621	 78.771578	  78.77154	 78.771506	 78.771476	 78.771448	 78.771424	 78.771402	 78.771382	 78.771364	 78.771349	 78.771335	 78.771322	 78.771311	 78.771301	 78.771292	 78.771284	 78.771276	  78.77127	 78.771264	 78.771259	 78.771254	  78.77125	 78.771246	 78.771242	 78.771239	 78.771236	 78.771233	  78.77123	 78.771227	
        99	 98.564526	 98.129328	 97.694678	 97.260851	 96.828118	  96.39675	 95.967012	  95.53917	 95.113483	 94.690208	 94.269597	 93.851898	 93.437351	 93.026193	 92.618654	 92.214956	 91.815316	 91.419942	 91.029036	 90.642792	 90.261394	  89.88502	 89.513837	 89.148006	 88.787677	  88.43299	 88.084078	 87.741064	  87.40406	 87.073171	  86.74849	 86.430101	 86.118081	 85.812494	 85.513397	 85.220837	 84.934851	 84.655468	 84.382708	 84.116582	 83.857093	 83.604233	 83.357991	 83.118343	 82.885261	 82.658707	 82.438637	 82.225002	 82.017742	 81.816797	 81.622094	 81.433561	 81.251116	 81.074674	 80.904145	 80.739436	 80.580448	 80.427078	 80.279222	 80.136772	 79.999616	 79.867641	 79.740731	 79.618769	 79.501636	 79.389212	 79.281375	 79.178003	 79.078975	 78.984167	 78.893456	 78.806721	  78.72384	  78.64469	 78.569153	 78.497107	 78.428436	 78.363023	 78.300752	 78.241509	 78.185184	 78.131665	 78.080846	  78.03262	 77.986884	 77.943537	  77.90248	 77.863616	 77.826852	 77.792096	 77.759258	 77.728253	 77.698997	 77.671409	 77.645409	 77.620922	 77.597875	 77.576196	 77.555816	 77.536671	 77.518697	 77.501832	 77.486019	   77.4712	 77.457323	 77.444335	 77.432188	 77.420833	 77.410226	 77.400324	 77.391086	 77.382473	 77.374448	 77.366974	  77.36002	 77.353551	  77.34754	 77.341956	 77.336772	 77.331964	 77.327506	 77.323375	 77.319551	 77.316012	 77.312739	 77.309715	 77.306921	 77.304343	 77.301964	 77.299771	 77.297751	 77.295891	  77.29418	 77.292607	  77.29116	 77.289832	 77.288613	 77.287495	  77.28647	 77.285532	 77.284672	 77.283886	 77.283167	  77.28251	  77.28191	 77.281362	 77.280863	 77.280407	 77.279993	 77.279615	 77.279272	 77.278959	 77.278676	 77.278418	 77.278184	 77.277972	  77.27778	 77.277606	 77.277448	 77.277306	 77.277177	 77.277061	 77.276955	 77.276861	 77.276775	 77.276698	 77.276628	 77.276566	  77.27651	 77.276459	 77.276414	 77.276373	 77.276336	 77.276303	 77.276274	 77.276248	 77.276224	 77.276203	 77.276184	 77.276167	 77.276152	 77.276138	 77.276126	 77.276115	 77.276106	 77.276097	 77.276089	 77.276082	 77.276076	  77.27607	 77.276065	 77.276061	 77.276056	 77.276053	 77.276049	 77.276046	 77.276042	 77.276039	 77.276036	
        99	 98.534818	 98.069929	 97.605628	 97.142205	  96.67995	 96.219153	 95.760098	 95.303068	  94.84834	 94.396189	 93.946884	 93.500689	 93.057861	 92.618654	 92.183312	 91.752073	 91.325169	 90.902822	 90.485248	 90.072654	 89.665237	 89.263186	 88.866681	 88.475893	 88.090981	 87.712097	 87.339382	 86.972967	 86.612973	  86.25951	 85.912678	 85.572569	 85.239263	 84.912828	 84.593327	 84.280808	 83.975311	 83.676869	 83.385501	 83.101219	 82.824027	 82.553918	 82.290876	 82.034879	 81.785896	 81.543886	 81.308803	 81.080593	 80.859194	  80.64454	 80.436555	 80.235159	 80.040268	 79.851789	 79.669627	 79.493681	 79.323846	 79.160013	 79.002071	 78.849902	 78.703389	 78.562411	 78.426843	 78.296561	 78.171437	 78.051343	 77.936149	 77.825725	 77.719941	 77.618665	 77.521766	 77.429114	 77.340578	 77.256029	 77.175338	 77.098378	 77.025022	 76.955146	 76.888627	 76.825343	 76.765175	 76.708005	 76.653719	 76.602203	 76.553347	 76.507043	 76.463184	 76.421669	 76.382397	 76.345269	 76.310192	 76.277072	  76.24582	 76.216349	 76.188576	 76.162419	 76.137799	 76.114641	 76.092871	  76.07242	 76.053219	 76.035204	 76.018312	 76.002482	 75.987658	 75.973784	 75.960808	 75.948679	 75.937349	 75.926771	 75.916903	 75.907702	 75.899129	 75.891146	 75.883717	 75.876807	 75.870386	 75.864421	 75.858884	 75.853747	 75.848985	 75.844573	 75.840487	 75.836707	 75.833211	  75.82998	 75.826996	 75.824241	 75.821701	 75.819358	   75.8172	 75.815214	 75.813386	 75.811705	  75.81016	 75.808741	 75.807439	 75.806245	  75.80515	 75.804147	 75.803229	 75.802389	 75.801621	 75.800919	 75.800278	 75.799693	 75.799159	 75.798673	  75.79823	 75.797827	  75.79746	 75.797127	 75.796823	 75.796548	 75.796299	 75.796072	 75.795867	 75.795681	 75.795512	  75.79536	 75.795223	 75.795098	 75.794986	 75.794885	 75.794793	 75.794711	 75.794637	  75.79457	  75.79451	 75.794456	 75.794407	 75.794364	 75.794324	 75.794289	 75.794258	  75.79423	 75.794204	 75.794182	 75.794162	 75.794144	 75.794127	 75.794113	   75.7941	 75.794088	 75.794078	 75.794069	 75.794061	 75.794053	 75.794046	  75.79404	 75.794035	  75.79403	 75.794026	 75.794021	 75.794018	 75.794014	 75.794011	 75.794007	 75.794004	
        99	 98.505389	 98.011091	 97.517417	 97.024676	 96.533179	 96.043231	 95.555135	 95.069192	 94.585697	 94.104942	 93.627213	  93.15279	 92.681949	 92.214956	 91.752073	 91.293553	 90.839642	 90.390577	 89.946586	  89.50789	 89.074699	 88.647214	 88.225625	 87.810114	 87.400852	    86.998	 86.601706	 86.212111	 85.829342	 85.453518	 85.084746	  84.72312	 84.368728	 84.021643	 83.681929	 83.349639	 83.024817	 82.707494	 82.397693	 82.095428	 81.800699	 81.513502	  81.23382	 80.961628	 80.696893	 80.439574	 80.189619	 79.946972	 79.711567	 79.483333	  79.26219	 79.048054	 78.840833	 78.640431	 78.446745	 78.259668	 78.079089	 77.904892	 77.736958	 77.575163	 77.419381	 77.269484	  77.12534	 76.986816	 76.853776	 76.726085	 76.603603	 76.486194	 76.373718	 76.266035	 76.163006	 76.064492	 75.970355	 75.880457	 75.794662	 75.712833	 75.634837	  75.56054	 75.489813	 75.422525	  75.35855	 75.297764	 75.240044	 75.185269	 75.133322	 75.084088	 75.037456	 74.993314	 74.951557	 74.912081	 74.874785	 74.839569	  74.80634	 74.775005	 74.745475	 74.717663	 74.691485	 74.666862	 74.643716	 74.621971	 74.601555	   74.5824	 74.564439	 74.547609	 74.531847	 74.517095	 74.503298	 74.490401	 74.478354	 74.467108	 74.456615	 74.446833	 74.437717	 74.429229	  74.42133	 74.413983	 74.407155	 74.400813	 74.394926	 74.389464	 74.384401	 74.379709	 74.375365	 74.371346	 74.367629	 74.364193	  74.36102	 74.358092	  74.35539	   74.3529	 74.350605	 74.348493	 74.346549	 74.344762	 74.343119	 74.341611	 74.340227	 74.338957	 74.337793	 74.336726	  74.33575	 74.334857	  74.33404	 74.333294	 74.332612	  74.33199	 74.331423	 74.330906	 74.330435	 74.330006	 74.329616	 74.329262	 74.328939	 74.328647	 74.328381	  74.32814	 74.327922	 74.327724	 74.327545	 74.327383	 74.327237	 74.327105	 74.326985	 74.326878	 74.326781	 74.326693	 74.326614	 74.326543	 74.326479	 74.326422	  74.32637	 74.326324	 74.326282	 74.326245	 74.326211	 74.326182	 74.326155	 74.326131	 74.326109	  74.32609	 74.326073	 74.326057	 74.326044	 74.326031	  74.32602	  74.32601	 74.326002	 74.325994	 74.325987	  74.32598	 74.325974	 74.325969	 74.325964	  74.32596	 74.325956	 74.325952	 74.325949	 74.325945	 74.325942	
        99	 98.476257	 97.952844	 97.430092	 96.908329	 96.387883	 95.869076	 95.352232	 94.837667	 94.325694	 93.816622	 93.310755	 92.808389	 92.309814	 91.815316	 91.325169	 90.839642	 90.358995	  89.88348	 89.413339	 88.948803	 88.490097	 88.037433	 87.591012	 87.151028	 86.717661	  86.29108	 85.871444	 85.458902	 85.053588	 84.655628	 84.265135	  83.88221	 83.506943	 83.139415	 82.779692	  82.42783	 82.083875	 81.747862	 81.419814	 81.099745	 80.787657	 80.483544	 80.187389	 79.899165	 79.618837	 79.346361	 79.081684	 78.824745	 78.575475	 78.333798	  78.09963	 77.872881	 77.653455	 77.441248	 77.236154	 77.038058	 76.846843	 76.662386	  76.48456	 76.313236	 76.148279	 75.989553	 75.836918	 75.690235	 75.549359	 75.414147	 75.284452	 75.160127	 75.041025	    74.927	 74.817903	 74.713587	 74.613905	 74.518712	 74.427863	 74.341215	 74.258624	 74.179952	 74.105058	 74.033807	 73.966065	 73.901698	 73.840578	 73.782577	  73.72757	 73.675437	 73.626058	 73.579316	   73.5351	 73.493298	 73.453805	 73.416516	 73.381329	 73.348149	 73.316879	 73.287429	 73.259709	 73.233636	 73.209126	   73.1861	 73.164482	 73.144199	  73.12518	 73.107358	 73.090668	 73.075048	 73.060438	 73.046782	 73.034025	 73.022116	 73.011006	 73.000647	 72.990994	 72.982006	 72.973641	 72.965862	 72.958632	 72.951916	 72.945682	 72.939899	 72.934537	  72.92957	  72.92497	 72.920714	 72.916778	  72.91314	  72.90978	 72.906679	 72.903818	 72.901181	 72.898752	 72.896515	 72.894457	 72.892564	 72.890825	 72.889227	 72.887761	 72.886417	 72.885184	 72.884055	 72.883021	 72.882075	 72.881211	  72.88042	 72.879699	  72.87904	 72.878439	 72.877892	 72.877393	 72.876939	 72.876526	 72.876151	 72.875809	 72.875499	 72.875218	 72.874963	 72.874732	 72.874523	 72.874333	 72.874162	 72.874007	 72.873867	  72.87374	 72.873626	 72.873523	 72.873431	 72.873347	 72.873272	 72.873204	 72.873143	 72.873089	  72.87304	 72.872996	 72.872956	 72.872921	 72.872889	 72.872861	 72.872835	 72.872812	 72.872792	 72.872774	 72.872758	 72.872743	  72.87273	 72.872718	 72.872708	 72.872699	  72.87269	 72.872683	 72.872676	  72.87267	 72.872664	 72.872659	 72.872655	  72.87265	 72.872646	 72.872642	 72.872639	 72.872635	
