Time step 50:
        99	        99	        99	        99	        99	        99	        99	        99	        99	        99	        99	        99	        99	        99	        99	        99	        99	        99	        99	        99	        99	        99	        99	        99	        99	        99	        99	        99	        99	        99	        99	        99	        99	        99	        99	        99	        99	        99	        99	        99	        99	        99	        99	        99	        99	        99	        99	        99	        99	        99	        99	        99	        99	        99	        99	        99	        99	        99	        99	        99	        99	        99	        99	        99	        99	        99	        99	        99	        99	        99	        99	        99	        99	        99	        99	        99	        99	        99	        99	        99	        99	        99	        99	        99	        99	        99	        99	        99	        99	        99	        99	        99	        99	        99	        99	        99	        99	        99	        99	        99	        99	        99	        99	        99	        99	        99	        99	        99	        99	        99	        99	        99	        99	        99	        99	        99	        99	        99	        99	        99	        99	        99	        99	        99	        99	        99	        99	        99	        99	        99	        99	        99	        99	        99	        99	        99	        99	        99	        99	        99	        99	        99	        99	        99	        99	        99	        99	        99	        99	        99	        99	        99	        99	        99	        99	        99	        99	        99	        99	        99	        99	        99	        99	        99	        99	        99	        99	        99	        99	        99	        99	        99	        99	        99	        99	        99	        99	        99	        99	        99	        99	        99	        99	        99	        99	        99	        99	        99	        99	        99	        99	        99	        99	        99	        99	        99	        99	        99	        99	        99	
        99	 98.987301	 98.974605	 98.961915	 98.949236	 98.936568	 98.923917	 98.911285	 98.898676	 98.886092	 98.873536	 98.861012	 98.848523	 98.836071	 98.823661	 98.811294	 98.798974	 98.786703	 98.774486	 98.762323	 98.750219	 98.738176	 98.726196	 98.714283	 98.702439	 98.690667	 98.678968	 98.667346	 98.655803	 98.644342	 98.632964	 98.621671	 98.610467	 98.599354	 98.588332	 98.577404	 98.566573	  98.55584	 98.545207	 98.534675	 98.524246	 98.513922	 98.503705	 98.493595	 98.483594	 98.473704	 98.463926	 98.454261	 98.444709	 98.435273	 98.425953	  98.41675	 98.407664	 98.398697	  98.38985	 98.381122	 98.372514	 98.364028	 98.355662	 98.347419	 98.339297	 98.331297	  98.32342	 98.315665	 98.308032	 98.300522	 98.293134	 98.285868	 98.278724	 98.271701	   98.2648	  98.25802	  98.25136	 98.244821	   98.2384	 98.232099	 98.225916	  98.21985	 98.213901	 98.208068	 98.202351	 98.196748	 98.191258	  98.18588	 98.180614	 98.175459	 98.170413	 98.165476	 98.160646	 98.155922	 98.151303	 98.146787	 98.142375	 98.138063	 98.133852	 98.129739	 98.125724	 98.121805	 98.117981	 98.114251	 98.110612	 98.107064	 98.103606	 98.100235	 98.096951	 98.093752	 98.090637	 98.087604	 98.084651	 98.081779	 98.078984	 98.076265	 98.073622	 98.071052	 98.068555	 98.066129	 98.063771	 98.061482	  98.05926	 98.057102	 98.055009	 98.052978	 98.051008	 98.049097	 98.047245	  98.04545	 98.043711	 98.042026	 98.040394	 98.038814	 98.037284	 98.035804	 98.034371	 98.032986	 98.031646	  98.03035	 98.029098	 98.027888	 98.026719	 98.025589	 98.024498	 98.023445	 98.022429	 98.021448	 98.020501	 98.019588	 98.018708	 98.017859	  98.01704	 98.016251	 98.015491	 98.014758	 98.014053	 98.013373	 98.012719	 98.012089	 98.011482	 98.010899	 98.010337	 98.009796	 98.009276	 98.008776	 98.008294	 98.007831	 98.007386	 98.006957	 98.006545	 98.006148	 98.005767	   98.0054	 98.005047	 98.004707	 98.004379	 98.004064	 98.003761	 98.003468	 98.003186	 98.002914	 98.002652	 98.002398	 98.002154	 98.001917	 98.001688	 98.001466	 98.001251	 98.001042	 98.000839	 98.000641	 98.000449	 98.000261	 98.000077	 97.999897	 97.999721	 97.999547	 97.999377	 97.999208	 97.999041	 97.998876	 97.998712	 97.998549	
        99	 98.974605	 98.949216	 98.923841	 98.898484	 98.873153	 98.847854	 98.822593	 98.797377	 98.772212	 98.747104	 98.722059	 98.697084	 98.672184	 98.647366	 98.622636	 98.597999	 98.573461	 98.549028	 98.524707	 98.500501	 98.476418	 98.452462	 98.428639	 98.404953	 98.381411	 98.358017	 98.334776	 98.311693	 98.288773	  98.26602	 98.243438	 98.221033	 98.198808	 98.176768	 98.154916	 98.133256	 98.111792	 98.090528	 98.069467	 98.048612	 98.027967	 98.007535	 97.987318	 97.967319	 97.947542	 97.927988	 97.908659	 97.889559	 97.870689	 97.852051	 97.833647	 97.815478	 97.797547	 97.779853	   97.7624	 97.745187	 97.728216	 97.711487	 97.695002	  97.67876	 97.662763	  97.64701	 97.631502	 97.616238	  97.60122	 97.586446	 97.571916	 97.557629	 97.543586	 97.529786	 97.516227	  97.50291	 97.489832	 97.476993	 97.464392	 97.452027	 97.439897	 97.428001	 97.416337	 97.404903	 97.393698	  97.38272	 97.371966	 97.361436	 97.351127	 97.341036	 97.331163	 97.321503	 97.312057	  97.30282	  97.29379	 97.284966	 97.276344	 97.267923	 97.259699	  97.25167	 97.243833	 97.236185	 97.228725	 97.221449	 97.214354	 97.207438	 97.200697	  97.19413	 97.187733	 97.181503	 97.175438	 97.169534	 97.163789	   97.1582	 97.152764	 97.147478	  97.14234	 97.137345	 97.132493	 97.127779	 97.123202	 97.118757	 97.114443	 97.110256	 97.106195	 97.102255	 97.098435	 97.094731	 97.091141	 97.087663	 97.084293	  97.08103	  97.07787	 97.074811	 97.071851	 97.068986	 97.066216	 97.063536	 97.060945	 97.058441	 97.056021	 97.053683	 97.051424	 97.049243	 97.047137	 97.045104	 97.043143	  97.04125	 97.039424	 97.037663	 97.035965	 97.034328	 97.032751	  97.03123	 97.029766	 97.028355	 97.026996	 97.025687	 97.024427	 97.023214	 97.022047	 97.020924	 97.019843	 97.018803	 97.017802	 97.016839	 97.015913	 97.015022	 97.014165	 97.013341	 97.012548	 97.011785	 97.011051	 97.010345	 97.009665	  97.00901	  97.00838	 97.007773	 97.007188	 97.006624	  97.00608	 97.005556	 97.005049	 97.004559	 97.004086	 97.003628	 97.003184	 97.002754	 97.002336	  97.00193	 97.001535	  97.00115	 97.000774	 97.000407	 97.000047	 96.999694	 96.999347	 96.999006	 96.998669	 96.998336	 96.998005	 96.997677	 96.997351	
        99	 98.961915	 98.923841	 98.885785	 98.847758	 98.809769	 98.771829	 98.733946	  98.69613	  98.65839	 98.620736	 98.583176	 98.545721	  98.50838	  98.47116	 98.434072	 98.397125	 98.360326	 98.323685	  98.28721	  98.25091	 98.214792	 98.178866	 98.143138	 98.107618	 98.072312	 98.037228	 98.002374	 97.967757	 97.933384	 97.899261	 97.865396	 97.831796	 97.798465	 97.765411	  97.73264	 97.700157	 97.667968	 97.636079	 97.604494	 97.573218	 97.542257	 97.511615	 97.481296	 97.451305	 97.421645	  97.39232	 97.363333	 97.334689	  97.30639	 97.278439	 97.250838	 97.223591	 97.196699	 97.170165	  97.14399	 97.118176	 97.092725	 97.067637	 97.042915	 97.018557	 96.994566	 96.970942	 96.947685	 96.924794	 96.902271	 96.880115	 96.858324	 96.836899	 96.815839	 96.795143	 96.774809	 96.754837	 96.735224	  96.71597	 96.697072	 96.678529	 96.660338	 96.642498	 96.625005	 96.607858	 96.591054	  96.57459	 96.558463	 96.542671	  96.52721	 96.512078	  96.49727	 96.482785	 96.468618	 96.454765	 96.441224	  96.42799	  96.41506	 96.402431	 96.390097	 96.378056	 96.366303	 96.354835	 96.343647	 96.332735	 96.322095	 96.311722	 96.301614	 96.291765	 96.282171	 96.272828	 96.263732	 96.254879	 96.246263	 96.237881	 96.229729	 96.221802	 96.214096	 96.206606	 96.199329	  96.19226	 96.185395	 96.178729	 96.172259	 96.165981	  96.15989	 96.153981	 96.148252	 96.142698	 96.137314	 96.132098	 96.127045	  96.12215	 96.117412	 96.112824	 96.108385	 96.104089	 96.099934	 96.095915	  96.09203	 96.088274	 96.084645	 96.081138	 96.077751	  96.07448	 96.071322	 96.068273	 96.065331	 96.062493	 96.059755	 96.057114	 96.054567	 96.052113	 96.049747	 96.047467	  96.04527	 96.043154	 96.041116	 96.039154	 96.037264	 96.035446	 96.033695	  96.03201	 96.030389	 96.028829	 96.027328	 96.025885	 96.024496	  96.02316	 96.021875	 96.020638	 96.019449	 96.018305	 96.017204	 96.016145	 96.015125	 96.014144	 96.013198	 96.012288	 96.011411	 96.010565	  96.00975	 96.008963	 96.008203	 96.007469	 96.006759	 96.006072	 96.005406	 96.004761	 96.004134	 96.003526	 96.002933	 96.002356	 96.001792	 96.001241	 96.000702	 96.000172	 95.999652	  95.99914	 95.998635	 95.998135	  95.99764	 95.997148	 95.996658	
        99	 98.949236	 98.898484	 98.847758	  98.79707	 98.746434	 98.695862	 98.645366	 98.594959	 98.544654	 98.494463	 98.444399	 98.394473	 98.344699	 98.295088	 98.245652	 98.196403	 98.147352	 98.098512	 98.049893	 98.001507	 97.953364	 97.905477	 97.857854	 97.810507	 97.763447	 97.716682	 97.670224	 97.624081	 97.578264	 97.532781	 97.487641	 97.442853	 97.398425	 97.354366	 97.310684	 97.267387	 97.224481	 97.181974	 97.139873	 97.098185	 97.056915	 97.016071	 96.975658	 96.935681	 96.896146	 96.857057	  96.81842	 96.780239	 96.742518	 96.705261	 96.668471	 96.632152	 96.596307	 96.560939	 96.526049	 96.491641	 96.457716	 96.424275	 96.391321	 96.358854	 96.326876	 96.295386	 96.264385	 96.233874	 96.203852	 96.174318	 96.145273	 96.116715	 96.088643	 96.061056	 96.033953	 96.007331	 95.981188	 95.955524	 95.930334	 95.905617	 95.881369	 95.857589	 95.834272	 95.811416	 95.789017	 95.767072	 95.745576	 95.724526	 95.703918	 95.683747	  95.66401	 95.644701	 95.625817	 95.607353	 95.589303	 95.571663	 95.554429	 95.537594	 95.521154	 95.505104	 95.489438	 95.474152	 95.459238	 95.444693	 95.430511	 95.416685	 95.403211	 95.390083	 95.377295	 95.364842	 95.352717	 95.340916	 95.329432	 95.318259	 95.307393	 95.296826	 95.286554	 95.276571	 95.266871	 95.257449	 95.248298	 95.239414	  95.23079	 95.222421	 95.214301	 95.206426	 95.198789	 95.191385	  95.18421	 95.177257	 95.170521	 95.163997	  95.15768	 95.151566	 95.145648	 95.139922	 95.134384	 95.129027	 95.123849	 95.118843	 95.114005	 95.109331	 95.104816	 95.100456	 95.096246	 95.092182	 95.088261	 95.084477	 95.080827	 95.077307	 95.073913	 95.070641	 95.067487	 95.064448	  95.06152	   95.0587	 95.055983	 95.053367	 95.050849	 95.048425	 95.046091	 95.043846	 95.041685	 95.039605	 95.037605	  95.03568	 95.033829	 95.032048	 95.030335	 95.028687	 95.027102	 95.025577	  95.02411	 95.022698	 95.021339	  95.02003	 95.018771	 95.017557	 95.016388	 95.015261	 95.014174	 95.013125	 95.012112	 95.011133	 95.010187	 95.009271	 95.008384	 95.007524	 95.006689	 95.005877	 95.005087	 95.004318	 95.003567	 95.002832	 95.002113	 95.001408	 95.000714	 95.000032	 94.999358	 94.998692	 94.998032	 94.997376	 94.996723	
        99	 98.936568	 98.873153	 98.809769	 98.746434	 98.683162	 98.619971	 98.556875	  98.49389	 98.431033	 98.368318	 98.305761	 98.243378	 98.181184	 98.119194	 98.057422	 97.995884	 97.934594	 97.873566	 97.812816	 97.752356	 97.692201	 97.632364	 97.572858	 97.513697	 97.454894	  97.39646	 97.338409	 97.280753	 97.223502	  97.16667	 97.110266	 97.054303	 96.998789	 96.943737	 96.889155	 96.835053	 96.781441	 96.728327	 96.675721	 96.623631	 96.572063	 96.521027	  96.47053	 96.420578	 96.371178	 96.322336	 96.274058	 96.226349	 96.179216	 96.132662	 96.086692	 96.041311	 95.996521	 95.952327	 95.908732	 95.865738	 95.823347	 95.781563	 95.740385	 95.699817	 95.659859	 95.620512	 95.581776	 95.543651	 95.506138	 95.469235	 95.432942	 95.397258	 95.362181	 95.327711	 95.293844	 95.260579	 95.227914	 95.195845	  95.16437	 95.133485	 95.103187	 95.073473	 95.044338	 95.015779	 94.987791	 94.960369	  94.93351	 94.907207	 94.881457	 94.856253	 94.831591	 94.807464	 94.783868	 94.760796	 94.738242	 94.716201	 94.694666	 94.673631	 94.653089	 94.633034	 94.613459	 94.594357	 94.575723	 94.557549	 94.539827	 94.522552	 94.505716	 94.489312	 94.473333	 94.457772	 94.442622	 94.427876	 94.413526	 94.399566	 94.385988	 94.372785	  94.35995	 94.347476	 94.335355	 94.323582	 94.312148	 94.301046	  94.29027	 94.279813	 94.269667	 94.259827	 94.250285	 94.241034	 94.232067	 94.223379	 94.214963	 94.206811	 94.198918	 94.191278	 94.183884	 94.176729	 94.169808	 94.163116	 94.156644	 94.150389	 94.144344	 94.138504	 94.132862	 94.127414	 94.122154	 94.117077	 94.112177	 94.107449	 94.102888	  94.09849	 94.094248	  94.09016	 94.086219	 94.082422	 94.078763	 94.075239	 94.071845	 94.068576	  94.06543	   94.0624	 94.059485	 94.056679	 94.053978	  94.05138	 94.048881	 94.046476	 94.044163	 94.041938	 94.039797	 94.037738	 94.035757	 94.033852	 94.032018	 94.030254	 94.028556	 94.026921	 94.025347	  94.02383	 94.022369	 94.020961	 94.019603	 94.018292	 94.017026	 94.015803	 94.014621	 94.013477	 94.012368	 94.011293	  94.01025	 94.009236	 94.008249	 94.007287	 94.006349	 94.005431	 94.004533	 94.003651	 94.002785	 94.001932	  94.00109	 94.000258	 93.999433	 93.998614	 93.997798	
        99	 98.923917	 98.847854	 98.771829	 98.695862	 98.619971	 98.544176	 98.468496	 98.392949	 98.317555	 98.242332	 98.167299	 98.092474	 98.017875	 97.943521	 97.869429	 97.795618	 97.722104	 97.648905	 97.576038	 97.503519	 97.431366	 97.359595	 97.288221	 97.217261	  97.14673	 97.076642	 97.007013	 96.937857	 96.869189	 96.801021	 96.733368	 96.666243	 96.599658	 96.533625	 96.468157	 96.403265	  96.33896	 96.275253	 96.212155	 96.149675	 96.087823	 96.026609	  95.96604	 95.906125	 95.846872	 95.788289	 95.730382	 95.673158	 95.616624	 95.560786	 95.505647	 95.451215	 95.397492	 95.344484	 95.292193	 95.240624	 95.189779	 95.139661	 95.090271	 95.041612	 94.993684	  94.94649	 94.900028	 94.854299	 94.809304	 94.765041	  94.72151	 94.678709	 94.636636	 94.595291	  94.55467	  94.51477	  94.47559	 94.437125	 94.399372	 94.362327	 94.325987	 94.290346	 94.255401	 94.221146	 94.187575	 94.154685	 94.122468	  94.09092	 94.060033	 94.029803	 94.000222	 93.971283	 93.942981	 93.915307	 93.888256	 93.861818	 93.835988	 93.810758	 93.786119	 93.762064	 93.738585	 93.715674	 93.693323	 93.671523	 93.650267	 93.629547	 93.609353	 93.589677	 93.570512	 93.551847	 93.533676	 93.515988	 93.498776	 93.482032	 93.465746	 93.449909	 93.434515	 93.419553	 93.405015	 93.390893	 93.377178	 93.363863	 93.350938	 93.338395	 93.326226	 93.314423	 93.302977	 93.291881	 93.281126	 93.270706	  93.26061	 93.250833	 93.241366	 93.232202	 93.223333	 93.214751	  93.20645	 93.198423	 93.190661	 93.183158	 93.175908	 93.168902	 93.162136	 93.155601	 93.149292	 93.143201	 93.137324	 93.131653	 93.126183	 93.120907	  93.11582	 93.110916	  93.10619	 93.101635	 93.097247	  93.09302	 93.088948	 93.085028	 93.081254	  93.07762	 93.074123	 93.070757	 93.067519	 93.064402	 93.061404	  93.05852	 93.055745	 93.053076	 93.050509	 93.048039	 93.045663	 93.043378	 93.041179	 93.039062	 93.037025	 93.035065	 93.033176	 93.031358	 93.029605	 93.027916	 93.026287	 93.024715	 93.023197	  93.02173	 93.020312	 93.018939	  93.01761	  93.01632	 93.015069	 93.013853	 93.012669	 93.011515	  93.01039	 93.009289	 93.008211	 93.007154	 93.006115	 93.005092	 93.004082	 93.003084	 93.002094	 93.001112	 93.000133	
        99	 98.911285	 98.822593	 98.733946	 98.645366	 98.556875	 98.468496	  98.38025	 98.292161	 98.204249	 98.116537	 98.029046	 97.941798	 97.854814	 97.768114	 97.681721	 97.595655	 97.509935	 97.424583	 97.339618	  97.25506	 97.170927	  97.08724	 97.004016	 96.921274	 96.839032	 96.757308	 96.676119	 96.595481	 96.515411	 96.435926	 96.357041	  96.27877	  96.20113	 96.124134	 96.047796	  95.97213	 95.897149	 95.822865	 95.749291	 95.676438	 95.604316	 95.532938	 95.462313	  95.39245	  95.32336	  95.25505	 95.187529	 95.120805	 95.054885	 94.989775	 94.925482	 94.862012	  94.79937	 94.737561	 94.676589	 94.616458	 94.557171	 94.498731	 94.441141	 94.384403	 94.328518	 94.273488	 94.219312	 94.165991	 94.113525	 94.061913	 94.011154	 93.961247	  93.91219	  93.86398	 93.816614	  93.77009	 93.724405	 93.679553	 93.635533	 93.592337	 93.549964	 93.508405	 93.467658	 93.427715	 93.388571	  93.35022	 93.312654	 93.275868	 93.239854	 93.204604	 93.170112	 93.136369	 93.103367	 93.071099	 93.039556	 93.008729	 92.978611	 92.949191	 92.920461	 92.892412	 92.865035	  92.83832	 92.812258	  92.78684	 92.762055	 92.737894	 92.714347	 92.691405	 92.669057	 92.647294	 92.626105	 92.605481	 92.585412	 92.565887	 92.546897	 92.528431	  92.51048	 92.493034	 92.476083	 92.459616	 92.443625	 92.428098	 92.413027	 92.398402	 92.384212	  92.37045	 92.357104	 92.344165	 92.331625	 92.319474	 92.307703	 92.296302	 92.285264	 92.274578	 92.264236	  92.25423	 92.244551	  92.23519	  92.22614	 92.217391	 92.208937	 92.200769	 92.192879	 92.185259	 92.177902	 92.170801	 92.163948	 92.157335	 92.150957	 92.144805	 92.138874	 92.133155	 92.127644	 92.122333	 92.117216	 92.112287	  92.10754	 92.102969	 92.098568	 92.094331	 92.090253	 92.086329	 92.082552	 92.078919	 92.075423	  92.07206	 92.068824	 92.065712	 92.062719	 92.059839	 92.057069	 92.054403	 92.051839	 92.049371	 92.046996	  92.04471	 92.042508	 92.040388	 92.038344	 92.036375	 92.034475	 92.032642	 92.030872	 92.029161	 92.027508	 92.025907	 92.024357	 92.022854	 92.021394	 92.019976	 92.018596	 92.017251	 92.015938	 92.014655	 92.013398	 92.012165	 92.010954	 92.009761	 92.008583	 92.007419	 92.006266	  92.00512	 92.003979	
        99	 98.898676	 98.797377	  98.69613	 98.594959	  98.49389	 98.392949	 98.292161	  98.19155	 98.091143	 97.990964	 97.891037	 97.791388	  97.69204	 97.593018	 97.494345	 97.396045	 97.298142	 97.200658	 97.103616	 97.007039	 96.910948	 96.815365	 96.720312	  96.62581	 96.531878	 96.438538	 96.345809	 96.253709	 96.162259	 96.071476	 95.981378	 95.891982	 95.803307	 95.715367	 95.628179	 95.541758	 95.456119	 95.371276	 95.287244	 95.204036	 95.121664	  95.04014	 94.959476	 94.879683	 94.800773	 94.722753	 94.645635	 94.569427	 94.494137	 94.419773	 94.346342	  94.27385	 94.202304	  94.13171	 94.062071	 93.993393	 93.925679	 93.858934	 93.793158	 93.728355	 93.664527	 93.601674	 93.539798	 93.478899	 93.418975	 93.360027	 93.302054	 93.245053	 93.189023	  93.13396	 93.079862	 93.026725	 92.974546	  92.92332	 92.873042	 92.823707	 92.775311	 92.727846	 92.681306	 92.635686	 92.590979	 92.547176	 92.504271	 92.462256	 92.421123	 92.380863	 92.341468	 92.302928	 92.265236	 92.228382	 92.192355	 92.157147	 92.122747	 92.089146	 92.056332	 92.024297	 91.993028	 91.962516	  91.93275	 91.903718	 91.875411	 91.847816	 91.820922	 91.794719	 91.769194	 91.744338	 91.720137	 91.696582	  91.67366	  91.65136	 91.629671	 91.608581	 91.588078	 91.568152	 91.548792	 91.529984	  91.51172	 91.493986	 91.476773	 91.460069	 91.443863	 91.428144	 91.412901	 91.398124	 91.383801	 91.369923	 91.356479	 91.343458	  91.33085	 91.318645	 91.306834	 91.295405	  91.28435	 91.273659	 91.263322	 91.253331	 91.243674	 91.234345	 91.225333	 91.216631	 91.208228	 91.200117	  91.19229	 91.184738	 91.177453	 91.170427	 91.163652	 91.157121	 91.150827	 91.144761	 91.138917	 91.133287	 91.127865	 91.122644	 91.117618	 91.112779	 91.108121	 91.103639	 91.099326	 91.095175	 91.091183	 91.087342	 91.083647	 91.080092	 91.076673	 91.073384	  91.07022	 91.067176	 91.064247	 91.061429	 91.058716	 91.056105	  91.05359	 91.051168	 91.048834	 91.046584	 91.044415	 91.042321	 91.040299	 91.038346	 91.036457	 91.034629	 91.032859	 91.031142	 91.029475	 91.027855	 91.026279	 91.024743	 91.023243	 91.021777	 91.020342	 91.018934	  91.01755	 91.016188	 91.014843	 91.013513	 91.012196	 91.010887	 91.009584	
        99	 98.886092	 98.772212	  98.65839	 98.544654	 98.431033	 98.317555	 98.204249	 98.091143	 97.978266	 97.865644	 97.753307	 97.641282	 97.529595	 97.418274	 97.307347	 97.196838	 97.086776	 96.977184	  96.86809	 96.759518	 96.651493	  96.54404	 96.437181	 96.330942	 96.225344	 96.120412	 96.016165	 95.912628	 95.809819	 95.707761	 95.606473	 95.505975	 95.406286	 95.307424	 95.209407	 95.112253	 95.015978	 94.920599	  94.82613	 94.732587	 94.639985	 94.548336	 94.457654	 94.367951	  94.27924	 94.191531	 94.104835	 94.019162	 93.934521	 93.850921	  93.76837	 93.686875	 93.606443	 93.527081	 93.448794	 93.371586	 93.295463	 93.220427	 93.146482	 93.073631	 93.001876	 92.931217	 92.861656	 92.793193	 92.725827	 92.659558	 92.594385	 92.530304	 92.467315	 92.405414	 92.344597	 92.284861	 92.226201	 92.168613	 92.112091	 92.056629	 92.002221	 91.948861	 91.896542	 91.845256	 91.794996	 91.745753	 91.697519	 91.650286	 91.604044	 91.558784	 91.514496	  91.47117	 91.428797	 91.387365	 91.346864	 91.307283	 91.268611	 91.230836	 91.193948	 91.157933	 91.122781	  91.08848	 91.055017	  91.02238	 90.990556	 90.959534	   90.9293	 90.899842	 90.871148	 90.843204	 90.815998	 90.789517	 90.763749	 90.738679	 90.714296	 90.690586	 90.667538	 90.645137	 90.623372	 90.602229	 90.581696	  90.56176	 90.542409	  90.52363	 90.505411	  90.48774	 90.470604	 90.453991	  90.43789	 90.422288	 90.407174	 90.392536	 90.378362	 90.364642	 90.351363	 90.338515	 90.326088	 90.314069	 90.302448	 90.291215	  90.28036	 90.269872	 90.259741	 90.249957	 90.240511	 90.231393	 90.222594	 90.214104	 90.205914	 90.198015	 90.190399	 90.183057	 90.175981	 90.169162	 90.162592	 90.156263	 90.150168	 90.144298	 90.138647	 90.133207	 90.127971	 90.122932	 90.118083	 90.113418	 90.108929	 90.104611	 90.100457	 90.096461	 90.092617	  90.08892	 90.085363	 90.081941	 90.078648	  90.07548	  90.07243	 90.069494	 90.066668	 90.063945	 90.061321	 90.058792	 90.056353	 90.053999	 90.051726	  90.04953	 90.047407	 90.045352	 90.043361	 90.041431	 90.039557	 90.037736	 90.035964	 90.034237	 90.032552	 90.030904	  90.02929	 90.027708	 90.026152	  90.02462	 90.023108	 90.021614	 90.020132	 90.018661	 90.017196	
        99	 98.873536	 98.747104	 98.620736	 98.494463	 98.368318	 98.242332	 98.116537	 97.990964	 97.865644	 97.740609	  97.61589	 97.491516	 97.367519	 97.243928	 97.120773	 96.998084	 96.875889	 96.754218	 96.633099	  96.51256	 96.392628	  96.27333	 96.154693	 96.036743	 95.919506	 95.803007	  95.68727	  95.57232	  95.45818	 95.344872	  95.23242	 95.120844	 95.010167	 94.900408	 94.791587	 94.683724	 94.576837	 94.470944	 94.366063	 94.262209	 94.159399	 94.057648	 93.956971	 93.857381	 93.758891	 93.661515	 93.565262	 93.470146	 93.376175	 93.283361	  93.19171	 93.101233	 93.011935	 92.923825	 92.836909	 92.751191	 92.666677	  92.58337	 92.501275	 92.420394	 92.340729	 92.262282	 92.185053	 92.109044	 92.034253	 91.960679	 91.888322	 91.817178	 91.747246	 91.678522	 91.611001	 91.544681	 91.479555	 91.415619	 91.352867	 91.291291	 91.230887	 91.171645	 91.113559	  91.05662	  91.00082	 90.946149	 90.892599	 90.840159	  90.78882	 90.738571	 90.689402	 90.641301	 90.594257	 90.548258	 90.503293	 90.459349	 90.416414	 90.374476	 90.333521	 90.293537	  90.25451	 90.216428	 90.179276	 90.143041	  90.10771	 90.073268	 90.039702	 90.006998	  89.97514	 89.944117	 89.913912	 89.884512	 89.855903	  89.82807	 89.800999	 89.774676	 89.749087	 89.724217	 89.700053	 89.676579	 89.653783	  89.63165	 89.610166	 89.589317	  89.56909	 89.549471	 89.530446	 89.512002	 89.494126	 89.476805	 89.460025	 89.443773	 89.428037	 89.412804	 89.398062	 89.383798	     89.37	 89.356657	 89.343755	 89.331284	 89.319232	 89.307588	 89.296341	 89.285479	 89.274991	 89.264868	 89.255099	 89.245673	  89.23658	 89.227811	 89.219356	 89.211204	 89.203348	 89.195777	 89.188483	 89.181457	 89.174689	 89.168173	 89.161899	  89.15586	 89.150047	 89.144452	 89.139069	 89.133889	 89.128906	 89.124111	 89.119499	 89.115063	 89.110796	  89.10669	 89.102741	 89.098942	 89.095287	 89.091769	 89.088383	 89.085124	 89.081986	 89.078963	  89.07605	 89.073242	 89.070534	  89.06792	 89.065397	 89.062959	 89.060602	  89.05832	  89.05611	 89.053967	 89.051887	 89.049866	 89.047898	 89.045981	 89.044109	  89.04228	 89.040489	 89.038731	 89.037004	 89.035303	 89.033625	 89.031966	 89.030321	 89.028687	 89.027062	
        99	 98.861012	 98.722059	 98.583176	 98.444399	 98.305761	 98.167299	 98.029046	 97.891037	 97.753307	  97.61589	 97.478819	 97.342128	 97.205851	 97.070021	  96.93467	  96.79983	 96.665535	 96.531815	 96.398701	 96.266224	 96.134415	 96.003303	 95.872917	 95.743287	  95.61444	 95.486403	 95.359205	 95.232871	 95.107427	 94.982898	  94.85931	 94.736685	 94.615046	 94.494418	 94.374821	 94.256276	 94.138804	 94.022424	 93.907156	 93.793017	 93.680026	 93.568199	 93.457551	 93.348098	 93.239855	 93.132835	 93.027051	 92.922515	 92.819238	 92.717232	 92.616505	 92.517067	 92.418927	 92.322091	 92.226567	  92.13236	 92.039476	  91.94792	 91.857695	 91.768804	  91.68125	 91.595034	 91.510157	  91.42662	 91.344422	 91.263563	  91.18404	 91.105851	 91.028993	 90.953463	 90.879256	 90.806367	 90.734792	 90.664525	 90.595558	 90.527885	 90.461498	 90.396389	 90.332551	 90.269973	 90.208647	 90.148562	 90.089709	 90.032076	 89.975653	 89.920427	 89.866389	 89.813524	 89.761821	 89.711267	 89.661849	 89.613553	 89.566366	 89.520275	 89.475264	  89.43132	 89.388429	 89.346575	 89.305744	 89.265921	 89.227091	 89.189238	 89.152348	 89.116405	 89.081393	 89.047296	   89.0141	 88.981789	 88.950347	 88.919758	 88.890006	 88.861076	 88.832953	  88.80562	 88.779063	 88.753265	 88.728211	 88.703886	 88.680274	 88.657361	  88.63513	 88.613568	  88.59266	 88.572389	 88.552743	 88.533706	 88.515264	 88.497403	 88.480109	 88.463367	 88.447165	 88.431489	 88.416324	 88.401659	  88.38748	 88.373774	 88.360529	 88.347732	  88.33537	 88.323433	 88.311907	 88.300781	 88.290044	 88.279685	 88.269692	 88.260054	 88.250761	 88.241803	 88.233168	 88.224848	 88.216831	 88.209109	 88.201672	  88.19451	 88.187615	 88.180977	 88.174588	  88.16844	 88.162523	 88.156831	 88.151354	 88.146085	 88.141016	  88.13614	  88.13145	 88.126939	 88.122598	 88.118423	 88.114405	 88.110539	 88.106818	 88.103236	 88.099787	 88.096465	 88.093263	 88.090177	 88.087201	 88.084329	 88.081556	 88.078877	 88.076286	 88.073778	 88.071349	 88.068994	 88.066708	 88.064486	 88.062324	 88.060217	  88.05816	 88.056149	 88.054181	 88.052249	 88.050351	 88.048482	 88.046637	 88.044814	 88.043006	 88.041211	 88.039424	
        99	 98.848523	 98.697084	 98.545721	 98.394473	 98.243378	 98.092474	 97.941798	 97.791388	 97.641282	 97.491516	 97.342128	 97.193155	 97.044632	 96.896596	 96.749083	 96.602127	 96.455764	 96.310028	 96.164953	 96.020572	 95.876919	 95.734025	 95.591923	 95.450644	 95.310219	 95.170678	  95.03205	 94.894363	 94.757647	 94.621929	 94.487234	 94.353591	 94.221022	 94.089554	  93.95921	 93.830013	 93.701985	 93.575148	 93.449522	 93.325127	 93.201983	 93.080107	 92.959516	 92.840229	 92.722259	 92.605622	 92.490332	 92.376403	 92.263846	 92.152673	 92.042896	 91.934523	 91.827563	 91.722026	 91.617918	 91.515246	 91.414016	 91.314233	   91.2159	 91.119021	   91.0236	 90.929637	 90.837133	  90.74609	 90.656506	  90.56838	 90.481711	 90.396497	 90.312732	 90.230415	  90.14954	 90.070102	 89.992095	 89.915514	 89.840349	 89.766595	 89.694243	 89.623284	 89.553709	 89.485508	 89.418671	 89.353187	 89.289046	 89.226234	 89.164741	 89.104553	 89.045658	 88.988043	 88.931695	 88.876598	 88.822739	 88.770104	 88.718677	 88.668444	 88.619388	 88.571496	  88.52475	 88.479136	 88.434636	 88.391234	 88.348915	 88.307661	 88.267456	 88.228282	 88.190124	 88.152964	 88.116785	  88.08157	 88.047303	 88.013965	  87.98154	 87.950011	  87.91936	 87.889571	 87.860627	 87.832511	 87.805206	 87.778695	 87.752962	  87.72799	 87.703762	 87.680262	 87.657475	 87.635383	 87.613971	 87.593223	 87.573124	 87.553658	  87.53481	 87.516564	 87.498906	 87.481821	 87.465294	 87.449311	 87.433858	  87.41892	 87.404485	 87.390538	 87.377065	 87.364055	 87.351494	 87.339368	 87.327667	 87.316376	 87.305485	 87.294982	 87.284854	  87.27509	  87.26568	 87.256612	 87.247875	 87.239459	 87.231353	 87.223548	 87.216033	 87.208799	 87.201836	 87.195135	 87.188687	 87.182483	 87.176514	 87.170771	 87.165247	 87.159933	 87.154822	 87.149905	 87.145174	 87.140624	 87.136245	 87.132032	 87.127976	 87.124073	 87.120313	 87.116692	 87.113203	  87.10984	 87.106596	 87.103466	 87.100444	 87.097524	   87.0947	 87.091967	  87.08932	 87.086754	 87.084262	  87.08184	 87.079484	 87.077187	 87.074946	 87.072754	 87.070609	 87.068504	 87.066435	 87.064398	 87.062388	   87.0604	  87.05843	 87.056474	 87.054526	
        99	 98.836071	 98.672184	  98.50838	 98.344699	 98.181184	 98.017875	 97.854814	  97.69204	 97.529595	 97.367519	 97.205851	 97.044632	 96.883901	 96.723696	 96.564057	 96.405022	 96.246628	 96.088912	 95.931912	 95.775663	 95.620201	 95.465562	 95.311779	 95.158887	 95.006919	 94.855908	 94.705884	  94.55688	 94.408926	 94.262051	 94.116285	 93.971656	  93.82819	 93.685916	 93.544857	  93.40504	 93.266488	 93.129225	 92.993273	 92.858653	 92.725386	 92.593492	 92.462989	 92.333895	 92.206228	 92.080004	 91.955238	 91.831943	 91.710134	 91.589823	 91.471022	  91.35374	 91.237989	 91.123777	 91.011111	      90.9	 90.790448	 90.682463	 90.576047	 90.471205	  90.36794	 90.266253	 90.166146	 90.067618	 89.970671	 89.875301	 89.781508	 89.689289	 89.598639	 89.509555	 89.422032	 89.336065	 89.251646	 89.168769	 89.087426	  89.00761	  88.92931	 88.852518	 88.777224	 88.703417	 88.631086	  88.56022	 88.490805	 88.422831	 88.356283	 88.291148	 88.227412	 88.165061	  88.10408	 88.044454	 87.986168	 87.929206	 87.873552	  87.81919	 87.766102	 87.714273	 87.663685	 87.614321	 87.566163	 87.519194	 87.473396	 87.428751	 87.385241	 87.342847	 87.301553	 87.261338	 87.222185	 87.184076	 87.146991	 87.110913	 87.075823	 87.041702	 87.008532	 86.976294	 86.944971	 86.914544	 86.884994	 86.856304	 86.828455	  86.80143	 86.775211	  86.74978	 86.725119	 86.701211	  86.67804	 86.655587	 86.633835	 86.612769	 86.592372	 86.572626	 86.553516	 86.535027	 86.517142	 86.499845	 86.483121	 86.466956	 86.451334	  86.43624	  86.42166	 86.407581	 86.393987	 86.380865	 86.368201	 86.355983	 86.344196	 86.332829	 86.321869	 86.311303	 86.301119	 86.291305	  86.28185	 86.272742	  86.26397	 86.255524	 86.247391	 86.239562	 86.232027	 86.224775	 86.217797	 86.211083	 86.204623	 86.198409	 86.192431	  86.18668	 86.181148	 86.175827	 86.170708	 86.165783	 86.161045	 86.156485	 86.152096	 86.147871	 86.143803	 86.139885	 86.136109	 86.132469	 86.128959	 86.125571	 86.122301	  86.11914	 86.116085	 86.113127	 86.110263	 86.107485	 86.104789	 86.102168	 86.099617	 86.097132	 86.094706	 86.092335	 86.090013	 86.087735	 86.085496	 86.083292	 86.081116	 86.078965	 86.076833	 86.074716	 86.072608	
        99	 98.823661	 98.647366	  98.47116	 98.295088	 98.119194	 97.943521	 97.768114	 97.593018	 97.418274	 97.243928	 97.070021	 96.896596	 96.723696	 96.551363	 96.379638	 96.208563	 96.038177	 95.868521	 95.699635	 95.531557	 95.364326	 95.197979	 95.032554	 94.868087	 94.704613	 94.542169	 94.380788	 94.220503	 94.061347	 93.903353	 93.746552	 93.590973	 93.436646	   93.2836	 93.131863	  92.98146	 92.832419	 92.684764	 92.538519	 92.393707	 92.250351	 92.108471	 91.968088	 91.829222	  91.69189	 91.556109	 91.421897	 91.289268	 91.158237	 91.028818	 90.901022	 90.774862	 90.650347	 90.527488	 90.406293	  90.28677	 90.168924	 90.052763	 89.938291	 89.825512	 89.714429	 89.605043	 89.497357	 89.391371	 89.287083	 89.184494	   89.0836	 88.984399	 88.886886	 88.791058	 88.696909	 88.604433	 88.513623	 88.424472	 88.336971	 88.251111	 88.166884	 88.084279	 88.003284	 87.923889	 87.846083	 87.769851	 87.695181	  87.62206	 87.550474	 87.480408	 87.411847	 87.344776	 87.279178	 87.215038	  87.15234	 87.091065	 87.031198	 86.972719	 86.915613	  86.85986	 86.805442	  86.75234	 86.700537	 86.650012	 86.600746	 86.552721	 86.505917	 86.460314	 86.415893	 86.372634	 86.330517	 86.289523	  86.24963	 86.210821	 86.173074	  86.13637	 86.100689	 86.066011	 86.032316	 85.999585	 85.967798	 85.936936	 85.906979	 85.877908	 85.849704	 85.822347	 85.795819	 85.770102	 85.745176	 85.721023	 85.697625	 85.674964	 85.653022	 85.631782	 85.611225	 85.591336	 85.572097	  85.55349	 85.535501	 85.518111	 85.501307	  85.48507	 85.469387	 85.454241	 85.439618	 85.425502	  85.41188	 85.398737	 85.386058	  85.37383	  85.36204	 85.350674	 85.339719	 85.329163	 85.318992	 85.309194	 85.299759	 85.290672	 85.281924	 85.273503	 85.265397	 85.257596	  85.25009	 85.242867	 85.235918	 85.229233	 85.222803	 85.216617	 85.210666	 85.204942	 85.199435	 85.194138	 85.189041	 85.184136	 85.179415	  85.17487	 85.170494	 85.166279	 85.162217	 85.158301	 85.154525	 85.150881	 85.147363	 85.143964	 85.140677	 85.137495	 85.134414	 85.131426	 85.128525	 85.125706	 85.122963	 85.120289	  85.11768	 85.115129	 85.112631	 85.110181	 85.107772	 85.105401	 85.103061	 85.100747	 85.098453	 85.096176	 85.093909	
        99	 98.811294	 98.622636	 98.434072	 98.245652	 98.057422	 97.869429	 97.681721	 97.494345	 97.307347	 97.120773	  96.93467	 96.749083	 96.564057	 96.379638	  96.19587	 96.012797	 95.830462	 95.648908	 95.468178	 95.288312	 95.109353	  94.93134	 94.754314	 94.578312	 94.403375	 94.229538	 94.056839	 93.885313	 93.714996	 93.545921	 93.378123	 93.211633	 93.046484	 92.882704	 92.720325	 92.559375	 92.399882	 92.241871	  92.08537	 91.930403	 91.776993	 91.625163	 91.474935	 91.326329	 91.179366	 91.034063	 90.890438	 90.748508	 90.608288	 90.469792	 90.333034	 90.198026	 90.064779	 89.933304	 89.803609	 89.675704	 89.549594	 89.425286	 89.302786	 89.182098	 89.063224	 88.946167	 88.830929	  88.71751	 88.605909	 88.496125	 88.388155	 88.281996	 88.177645	 88.075097	 87.974345	 87.875384	 87.778205	 87.682801	 87.589164	 87.497283	 87.407149	  87.31875	 87.232076	 87.147113	 87.063849	 86.982271	 86.902365	 86.824116	  86.74751	  86.67253	  86.59916	 86.527385	 86.457187	 86.388549	 86.321454	 86.255882	 86.191816	 86.129236	 86.068125	 86.008462	 85.950228	 85.893402	 85.837965	 85.783897	 85.731177	 85.679784	 85.629697	 85.580896	  85.53336	 85.487067	 85.441996	 85.398126	 85.355437	 85.313905	 85.273511	 85.234233	 85.196049	 85.158939	 85.122882	 85.087856	  85.05384	 85.020813	 84.988755	 84.957645	 84.927463	 84.898188	   84.8698	 84.842278	 84.815604	 84.789757	 84.764719	 84.740468	 84.716988	 84.694258	  84.67226	 84.650975	 84.630387	 84.610476	 84.591224	 84.572616	 84.554632	 84.537257	 84.520474	 84.504266	 84.488617	 84.473512	 84.458934	 84.444869	 84.431301	 84.418216	 84.405599	 84.393436	 84.381713	 84.370416	 84.359532	 84.349047	  84.33895	 84.329226	 84.319864	 84.310852	 84.302178	  84.29383	 84.285797	 84.278068	 84.270632	 84.263478	 84.256597	 84.249977	 84.243609	 84.237483	 84.231591	 84.225921	 84.220467	 84.215218	 84.210166	 84.205302	 84.200619	 84.196108	 84.191762	 84.187572	 84.183531	 84.179632	 84.175867	 84.172229	 84.168711	 84.165307	 84.162009	 84.158812	 84.155708	 84.152691	 84.149755	 84.146894	 84.144101	 84.141372	 84.138699	 84.136076	 84.133499	 84.130961	 84.128457	 84.125981	 84.123527	 84.121089	 84.118663	
        99	 98.798974	 98.597999	 98.397125	 98.196403	 97.995884	 97.795618	 97.595655	 97.396045	 97.196838	 96.998084	  96.79983	 96.602127	 96.405022	 96.208563	 96.012797	 95.817772	 95.623532	 95.430125	 95.237595	 95.045987	 94.855344	 94.665709	 94.477125	 94.289634	 94.103275	 93.918088	 93.734114	  93.55139	 93.369954	 93.189841	 93.011088	 92.833728	 92.657796	 92.483324	 92.310344	 92.138886	 91.968979	 91.800653	 91.633934	  91.46885	 91.305424	 91.143682	 90.983646	 90.825338	  90.66878	 90.513991	 90.360989	 90.209793	 90.060418	  89.91288	 89.767194	 89.623372	 89.481425	 89.341366	 89.203204	 89.066948	 88.932605	 88.800182	 88.669684	 88.541116	 88.414482	 88.289783	 88.167021	 88.046197	  87.92731	 87.810358	 87.695339	  87.58225	 87.471086	 87.361843	 87.254513	  87.14909	 87.045567	 86.943935	 86.844184	 86.746305	 86.650286	 86.556116	 86.463783	 86.373273	 86.284574	  86.19767	 86.112547	 86.029189	 85.947581	 85.867706	 85.789546	 85.713085	 85.638304	 85.565185	 85.493709	 85.423856	 85.355608	 85.288943	 85.223841	 85.160283	 85.098247	 85.037711	 84.978655	 84.921057	 84.864895	 84.810146	  84.75679	 84.704803	 84.654163	 84.604848	 84.556834	 84.510101	 84.464624	 84.420381	  84.37735	 84.335507	 84.294831	 84.255298	 84.216886	 84.179573	 84.143336	 84.108153	 84.074003	 84.040862	 84.008709	 83.977522	 83.947281	 83.917963	 83.889547	 83.862013	 83.835339	 83.809506	 83.784492	 83.760278	 83.736844	  83.71417	 83.692238	 83.671026	 83.650518	 83.630695	 83.611537	 83.593028	 83.575149	 83.557883	 83.541212	 83.525121	 83.509591	 83.494608	 83.480154	 83.466215	 83.452774	 83.439817	 83.427328	 83.415294	 83.403699	  83.39253	 83.381773	 83.371415	 83.361442	 83.351841	 83.342601	 83.333708	 83.325151	 83.316917	 83.308995	 83.301375	 83.294044	 83.286992	 83.280208	 83.273683	 83.267405	 83.261366	 83.255555	 83.249963	 83.244582	 83.239401	 83.234412	 83.229606	 83.224976	 83.220513	 83.216208	 83.212054	 83.208043	 83.204168	  83.20042	 83.196794	 83.193281	 83.189875	 83.186568	 83.183354	 83.180227	 83.177179	 83.174204	 83.171296	 83.168449	 83.165655	  83.16291	 83.160206	 83.157538	   83.1549	 83.152286	  83.14969	 83.147105	
        99	 98.786703	 98.573461	 98.360326	 98.147352	 97.934594	 97.722104	 97.509935	 97.298142	 97.086776	 96.875889	 96.665535	 96.455764	 96.246628	 96.038177	 95.830462	 95.623532	 95.417437	 95.212225	 95.007943	 94.804639	  94.60236	  94.40115	 94.201055	 94.002119	 93.804385	 93.607895	 93.412691	 93.218814	 93.026303	 92.835196	 92.645532	 92.457347	 92.270676	 92.085555	 91.902016	 91.720092	 91.539815	 91.361214	 91.184319	 91.009158	 90.835757	 90.664142	 90.494338	 90.326367	 90.160253	 89.996016	 89.833675	  89.67325	 89.514757	 89.358214	 89.203635	 89.051034	 88.900424	 88.751816	 88.605221	 88.460647	 88.318104	 88.177598	 88.039135	 87.902719	 87.768355	 87.636045	  87.50579	 87.377591	 87.251447	 87.127356	 87.005317	 86.885325	 86.767376	 86.651464	 86.537583	 86.425726	 86.315884	 86.208048	 86.102209	 85.998355	 85.896475	 85.796557	 85.698588	 85.602554	  85.50844	 85.416232	 85.325913	 85.237467	 85.150878	 85.066127	 84.983197	 84.902069	 84.822724	 84.745141	 84.669302	 84.595186	 84.522771	 84.452037	 84.382962	 84.315524	 84.249701	 84.185471	  84.12281	 84.061696	 84.002106	 83.944016	 83.887402	 83.832242	 83.778511	 83.726186	 83.675242	 83.625656	 83.577403	  83.53046	 83.484802	 83.440405	 83.397246	   83.3553	 83.314544	 83.274953	 83.236504	 83.199174	 83.162939	 83.127775	  83.09366	  83.06057	 83.028482	 82.997375	 82.967224	  82.93801	 82.909708	 82.882298	 82.855757	 82.830065	 82.805201	 82.781143	 82.757871	 82.735365	 82.713606	 82.692572	 82.672245	 82.652606	 82.633636	 82.615316	 82.597628	 82.580554	 82.564077	 82.548179	 82.532843	 82.518052	 82.503791	 82.490043	 82.476792	 82.464023	 82.451721	  82.43987	 82.428457	 82.417466	 82.406884	 82.396698	 82.386893	 82.377458	 82.368378	 82.359642	 82.351236	 82.343151	 82.335372	  82.32789	 82.320692	 82.313768	 82.307108	   82.3007	 82.294534	 82.288601	 82.282891	 82.277394	   82.2721	 82.267002	 82.262089	 82.257353	 82.252785	 82.248378	 82.244122	  82.24001	 82.236034	 82.232186	 82.228459	 82.224845	 82.221336	 82.217926	 82.214608	 82.211374	 82.208218	 82.205132	 82.202111	 82.199147	 82.196234	 82.193365	 82.190535	 82.187736	 82.184962	 82.182207	 82.179465	
