Time step 51:
        99	        99	        99	        99	        99	        99	        99	        99	        99	        99	        99	        99	        99	        99	        99	        99	        99	        99	        99	        99	        99	        99	        99	        99	        99	        99	        99	        99	        99	        99	        99	        99	        99	        99	        99	        99	        99	        99	        99	        99	        99	        99	        99	        99	        99	        99	        99	        99	        99	        99	        99	        99	        99	        99	        99	        99	        99	        99	        99	        99	        99	        99	        99	        99	        99	        99	        99	        99	        99	        99	        99	        99	        99	        99	        99	        99	        99	        99	        99	        99	        99	        99	        99	        99	        99	        99	        99	        99	        99	        99	        99	        99	        99	        99	        99	        99	        99	        99	        99	        99	        99	        99	        99	        99	        99	        99	        99	        99	        99	        99	        99	        99	        99	        99	        99	        99	        99	        99	        99	        99	        99	        99	        99	        99	        99	        99	        99	        99	        99	        99	        99	        99	        99	        99	        99	        99	        99	        99	        99	        99	        99	        99	        99	        99	        99	        99	        99	        99	        99	        99	        99	        99	        99	        99	        99	        99	        99	        99	        99	        99	        99	        99	        99	        99	        99	        99	        99	        99	        99	        99	        99	        99	        99	        99	        99	        99	        99	        99	        99	        99	        99	        99	        99	        99	        99	        99	        99	        99	        99	        99	        99	        99	        99	        99	        99	        99	        99	        99	        99	        99	
        99	  98.98755	 98.975103	 98.962662	  98.95023	 98.937811	 98.925407	 98.913021	 98.900657	 98.888318	 98.876005	 98.863724	 98.851475	 98.839263	 98.827091	  98.81496	 98.802874	 98.790836	 98.778849	 98.766915	 98.755037	 98.743218	 98.731459	 98.719765	 98.708137	 98.696579	 98.685091	 98.673677	 98.662339	  98.65108	 98.639901	 98.628805	 98.617793	 98.606869	 98.596033	 98.585288	 98.574636	 98.564079	 98.553617	 98.543254	  98.53299	 98.522828	 98.512768	 98.502812	 98.492961	 98.483217	 98.473582	 98.464055	 98.454638	 98.445333	  98.43614	  98.42706	 98.418094	 98.409243	 98.400507	 98.391887	 98.383384	 98.374997	 98.366729	 98.358578	 98.350545	 98.342631	 98.334835	 98.327158	   98.3196	 98.312161	 98.304841	 98.297639	 98.290555	  98.28359	 98.276743	 98.270013	 98.263401	 98.256906	 98.250527	 98.244263	 98.238115	 98.232082	 98.226162	 98.220356	 98.214662	 98.209079	 98.203608	 98.198246	 98.192994	  98.18785	 98.182812	 98.177881	 98.173055	 98.168333	 98.163714	 98.159196	  98.15478	 98.150462	 98.146243	 98.142121	 98.138095	 98.134163	 98.130325	 98.126578	 98.122922	 98.119356	 98.115878	 98.112486	  98.10918	 98.105957	 98.102818	  98.09976	 98.096781	 98.093881	 98.091059	 98.088312	 98.085639	  98.08304	 98.080512	 98.078054	 98.075666	 98.073345	  98.07109	   98.0689	 98.066774	 98.064709	 98.062706	 98.060762	 98.058876	 98.057047	 98.055274	 98.053555	 98.051889	 98.050275	 98.048712	 98.047198	 98.045732	 98.044313	  98.04294	 98.041611	 98.040326	 98.039084	 98.037882	 98.036721	 98.035598	 98.034514	 98.033466	 98.032454	 98.031478	 98.030535	 98.029624	 98.028746	 98.027899	 98.027081	 98.026293	 98.025533	   98.0248	 98.024094	 98.023414	 98.022758	 98.022126	 98.021517	 98.020931	 98.020366	 98.019822	 98.019299	 98.018794	 98.018309	 98.017841	 98.017391	 98.016958	  98.01654	 98.016139	 98.015751	 98.015379	 98.015019	 98.014673	  98.01434	 98.014018	 98.013708	 98.013408	 98.013119	  98.01284	  98.01257	 98.012308	 98.012056	 98.011811	 98.011573	 98.011343	 98.011119	 98.010901	 98.010689	 98.010482	 98.010279	 98.010081	 98.009887	 98.009697	  98.00951	 98.009325	 98.009143	 98.008963	 98.008784	 98.008607	  98.00843	
        99	 98.975103	 98.950212	 98.925333	 98.900473	 98.875637	 98.850832	 98.826064	 98.801339	 98.776663	 98.752041	 98.727481	 98.702987	 98.678566	 98.654224	 98.629966	 98.605797	 98.581724	 98.557753	 98.533888	 98.510134	 98.486499	 98.462985	   98.4396	 98.416347	 98.393232	  98.37026	 98.347435	 98.324762	 98.302246	 98.279891	 98.257701	 98.235681	 98.213835	 98.192166	 98.170679	 98.149378	 98.128265	 98.107345	 98.086621	 98.066096	 98.045773	 98.025656	 98.005746	 97.986048	 97.966563	 97.947294	 97.928243	 97.909412	 97.890804	  97.87242	 97.854262	 97.836333	 97.818632	 97.801162	 97.783925	  97.76692	  97.75015	 97.733614	 97.717314	 97.701251	 97.685424	 97.669835	 97.654483	 97.639369	 97.624492	 97.609853	 97.595451	 97.581286	 97.567358	 97.553665	 97.540208	 97.526985	 97.513995	 97.501239	 97.488713	 97.476419	 97.464353	 97.452516	 97.440904	 97.429518	 97.418355	 97.407413	 97.396691	 97.386188	   97.3759	 97.365827	 97.355966	 97.346315	 97.336872	 97.327635	 97.318601	 97.309768	 97.301135	 97.292698	 97.284454	 97.276403	  97.26854	 97.260865	 97.253373	 97.246062	  97.23893	 97.231974	 97.225192	  97.21858	 97.212136	 97.205858	 97.199742	 97.193786	 97.187987	 97.182342	 97.176849	 97.171505	 97.166307	 97.161252	 97.156337	 97.151561	 97.146919	  97.14241	 97.138031	 97.133778	  97.12965	 97.125644	 97.121756	 97.117985	 97.114328	 97.110782	 97.107345	 97.104013	 97.100786	 97.097659	 97.094632	   97.0917	 97.088863	 97.086117	  97.08346	  97.08089	 97.078405	 97.076002	  97.07368	 97.071435	 97.069266	 97.067172	 97.065148	 97.063195	 97.061309	 97.059489	 97.057733	 97.056038	 97.054404	 97.052827	 97.051308	 97.049842	  97.04843	 97.047069	 97.045757	 97.044494	 97.043276	 97.042104	 97.040975	 97.039887	  97.03884	 97.037831	 97.036861	 97.035926	 97.035026	 97.034159	 97.033324	 97.032521	 97.031747	 97.031001	 97.030283	  97.02959	 97.028923	  97.02828	 97.027659	  97.02706	 97.026482	 97.025924	 97.025384	 97.024861	 97.024356	 97.023866	 97.023391	  97.02293	 97.022482	 97.022047	 97.021622	 97.021208	 97.020804	 97.020408	  97.02002	 97.019639	 97.019265	 97.018896	 97.018532	 97.018171	 97.017814	 97.017459	 97.017106	
        99	 98.962662	 98.925333	 98.888023	  98.85074	 98.813494	 98.776295	  98.73915	  98.70207	 98.665063	 98.628139	 98.591306	 98.554573	 98.517949	 98.481443	 98.445063	 98.408818	 98.372716	 98.336766	 98.300975	 98.265353	 98.229907	 98.194644	 98.159573	 98.124701	 98.090036	 98.055585	 98.021354	 97.987352	 97.953585	 97.920059	 97.886781	 97.853758	 97.820995	 97.788499	 97.756275	  97.72433	 97.692667	 97.661294	 97.630214	 97.599433	 97.568955	 97.538785	 97.508927	 97.479386	 97.450164	 97.421266	 97.392695	 97.364455	 97.336549	 97.308979	 97.281748	 97.254859	 97.228314	 97.202114	 97.176263	 97.150762	 97.125611	 97.100813	 97.076368	 97.052278	 97.028543	 97.005164	 96.982141	 96.959474	 96.937164	  96.91521	 96.893611	 96.872368	  96.85148	 96.830945	 96.810763	 96.790933	 96.771453	 96.752322	 96.733538	   96.7151	 96.697005	 96.679252	 96.661839	 96.644762	 96.628021	 96.611612	 96.595533	 96.579781	 96.564353	 96.549246	 96.534457	 96.519984	 96.505822	 96.491969	 96.478422	 96.465175	 96.452228	 96.439575	 96.427212	 96.415138	 96.403346	 96.391835	 96.380599	 96.369636	  96.35894	 96.348508	 96.338337	 96.328421	 96.318758	 96.309342	  96.30017	 96.291238	 96.282541	 96.274076	 96.265838	 96.257823	 96.250027	 96.242446	 96.235076	 96.227913	 96.220952	  96.21419	 96.207622	 96.201245	 96.195054	 96.189045	 96.183215	  96.17756	 96.172075	 96.166757	 96.161602	 96.156607	 96.151766	 96.147078	 96.142537	 96.138141	 96.133886	 96.129768	 96.125783	 96.121929	 96.118202	 96.114599	 96.111116	 96.107749	 96.104497	 96.101355	 96.098321	 96.095392	 96.092563	 96.089834	   96.0872	 96.084659	 96.082207	 96.079844	 96.077564	 96.075367	 96.073249	 96.071208	 96.069241	 96.067346	  96.06552	 96.063762	 96.062068	 96.060437	 96.058867	 96.057354	 96.055898	 96.054496	 96.053146	 96.051847	 96.050595	  96.04939	 96.048229	 96.047111	 96.046033	 96.044995	 96.043995	  96.04303	 96.042099	 96.041201	 96.040334	 96.039496	 96.038686	 96.037903	 96.037145	 96.036411	 96.035698	 96.035007	 96.034335	 96.033682	 96.033045	 96.032424	 96.031818	 96.031224	 96.030643	 96.030072	  96.02951	 96.028957	  96.02841	  96.02787	 96.027334	 96.026802	 96.026272	
        99	  98.95023	 98.900473	  98.85074	 98.801044	 98.751398	 98.701812	 98.652301	 98.602875	 98.553547	 98.504328	 98.455232	 98.406269	 98.357451	  98.30879	 98.260297	 98.211985	 98.163863	 98.115943	 98.068236	 98.020754	 97.973505	 97.926502	 97.879754	 97.833272	 97.787065	 97.741143	 97.695516	 97.650192	 97.605182	 97.560494	 97.516137	 97.472118	 97.428447	 97.385132	 97.342179	 97.299597	 97.257393	 97.215574	 97.174146	 97.133116	 97.092491	 97.052276	 97.012477	   96.9731	 96.934149	 96.895629	 96.857546	 96.819903	 96.782705	 96.745956	 96.709659	 96.673817	 96.638433	 96.603511	 96.569053	 96.535061	 96.501536	 96.468482	 96.435898	 96.403787	  96.37215	 96.340987	 96.310298	 96.280085	 96.250346	 96.221082	 96.192293	 96.163977	 96.136133	 96.108761	  96.08186	 96.055427	 96.029461	 96.003961	 95.978923	 95.954346	 95.930226	 95.906563	 95.883352	  95.86059	 95.838275	 95.816402	  95.79497	 95.773973	 95.753408	 95.733271	 95.713559	 95.694267	  95.67539	 95.656924	 95.638866	  95.62121	 95.603951	 95.587085	 95.570607	 95.554512	 95.538795	  95.52345	 95.508474	  95.49386	 95.479603	 95.465698	  95.45214	 95.438923	 95.426042	 95.413492	 95.401266	  95.38936	 95.377767	 95.366484	 95.355503	 95.344819	 95.334428	 95.324323	 95.314499	 95.304951	 95.295672	 95.286659	 95.277904	 95.269404	 95.261151	 95.253143	 95.245371	 95.237833	 95.230522	 95.223434	 95.216563	 95.209903	 95.203451	 95.197202	 95.191149	  95.18529	 95.179617	 95.174128	 95.168817	  95.16368	 95.158712	 95.153909	 95.149266	 95.144779	 95.140444	 95.136256	 95.132212	 95.128307	 95.124537	 95.120899	 95.117388	    95.114	 95.110733	 95.107582	 95.104544	 95.101615	 95.098792	 95.096071	 95.093449	 95.090923	 95.088489	 95.086146	 95.083888	 95.081714	 95.079621	 95.077605	 95.075664	 95.073795	 95.071996	 95.070264	 95.068595	 95.066989	 95.065441	 95.063951	 95.062515	 95.061131	 95.059797	 95.058511	 95.057271	 95.056073	 95.054918	 95.053801	 95.052722	 95.051678	 95.050667	 95.049688	 95.048739	 95.047818	 95.046922	 95.046051	 95.045203	 95.044375	 95.043566	 95.042775	    95.042	 95.041239	  95.04049	 95.039753	 95.039024	 95.038304	  95.03759	  95.03688	 95.036174	
        99	 98.937811	 98.875637	 98.813494	 98.751398	 98.689362	 98.627404	 98.565537	 98.503778	  98.44214	  98.38064	 98.319292	 98.258111	 98.197112	 98.136308	 98.075715	 98.015346	 97.955216	 97.895339	 97.835728	 97.776396	 97.717358	 97.658626	 97.600213	 97.542131	 97.484394	 97.427013	     97.37	 97.313367	 97.257125	 97.201285	 97.145859	 97.090856	 97.036288	 96.982164	 96.928493	 96.875285	 96.822549	 96.770295	 96.718529	 96.667261	 96.616499	 96.566248	 96.516518	 96.467315	 96.418644	 96.370513	 96.322926	  96.27589	  96.22941	 96.183491	 96.138136	  96.09335	 96.049137	 96.005501	 95.962444	 95.919969	 95.878079	 95.836776	 95.796062	 95.755939	 95.716406	 95.677467	  95.63912	 95.601368	 95.564208	 95.527642	 95.491668	 95.456286	 95.421495	 95.387293	 95.353678	  95.32065	 95.288205	  95.25634	 95.225055	 95.194345	 95.164207	 95.134638	 95.105635	 95.077193	  95.04931	 95.021979	 94.995198	 94.968962	 94.943266	 94.918104	 94.893473	 94.869366	 94.845779	 94.822706	 94.800141	 94.778079	 94.756514	 94.735439	 94.714849	 94.694738	 94.675099	 94.655926	 94.637212	 94.618951	 94.601137	 94.583762	 94.566821	 94.550306	  94.53421	 94.518528	 94.503252	 94.488374	 94.473889	  94.45979	 94.446069	  94.43272	 94.419735	 94.407109	 94.394833	 94.382902	 94.371309	 94.360046	 94.349107	 94.338485	 94.328173	 94.318166	 94.308456	 94.299036	 94.289901	 94.281044	 94.272458	 94.264137	 94.256075	 94.248266	 94.240703	 94.233381	 94.226294	 94.219435	 94.212799	  94.20638	 94.200172	  94.19417	 94.188369	 94.182762	 94.177345	 94.172112	 94.167059	 94.162179	 94.157469	 94.152922	 94.148535	 94.144303	  94.14022	 94.136283	 94.132487	 94.128827	 94.125299	 94.121899	 94.118623	 94.115467	 94.112426	 94.109497	 94.106677	  94.10396	 94.101344	 94.098826	   94.0964	 94.094065	 94.091817	 94.089652	 94.087568	  94.08556	 94.083627	 94.081764	  94.07997	 94.078241	 94.076574	 94.074967	 94.073417	 94.071921	 94.070477	 94.069082	 94.067733	 94.066429	 94.065166	 94.063943	 94.062756	 94.061605	 94.060486	 94.059398	 94.058337	 94.057303	 94.056293	 94.055304	 94.054336	 94.053385	 94.052449	 94.051528	 94.050618	 94.049718	 94.048825	 94.047939	 94.047056	
        99	 98.925407	 98.850832	 98.776295	 98.701812	 98.627404	 98.553087	 98.478881	 98.404803	 98.330872	 98.257105	 98.183521	 98.110137	 98.036971	 97.964039	 97.891361	 97.818951	 97.746828	 97.675008	 97.603507	 97.532341	 97.461527	 97.391081	 97.321017	  97.25135	 97.182097	 97.113271	 97.044886	 96.976957	 96.909498	 96.842521	 96.776039	 96.710066	 96.644614	 96.579694	 96.515318	 96.451498	 96.388244	 96.325567	 96.263476	 96.201983	 96.141095	 96.080822	 96.021173	 95.962155	 95.903777	 95.846046	 95.788968	  95.73255	   95.6768	 95.621721	  95.56732	 95.513601	  95.46057	  95.40823	 95.356585	 95.305638	 95.255393	 95.205852	 95.157018	 95.108891	 95.061474	 95.014768	 94.968773	  94.92349	 94.878919	 94.835059	  94.79191	 94.749471	 94.707741	 94.666717	 94.626398	 94.586781	 94.547865	 94.509645	 94.472119	 94.435284	 94.399135	 94.363669	 94.328881	 94.294766	 94.261321	  94.22854	 94.196417	 94.164948	 94.134126	 94.103946	 94.074402	 94.045487	 94.017195	  93.98952	 93.962455	 93.935992	 93.910125	 93.884847	  93.86015	 93.836028	 93.812471	 93.789474	 93.767028	 93.745125	 93.723757	 93.702917	 93.682597	 93.662788	 93.643482	 93.624672	 93.606348	 93.588503	 93.571129	 93.554218	  93.53776	 93.521748	 93.506174	 93.491029	 93.476305	 93.461995	 93.448088	 93.434579	 93.421458	 93.408718	  93.39635	 93.384346	 93.372699	 93.361401	 93.350444	  93.33982	 93.329521	 93.319541	 93.309871	 93.300504	 93.291433	 93.282651	 93.274149	 93.265922	 93.257963	 93.250263	 93.242818	 93.235619	  93.22866	 93.221935	 93.215438	 93.209161	   93.2031	 93.197247	 93.191597	 93.186144	 93.180882	 93.175805	 93.170908	 93.166186	 93.161632	 93.157242	 93.153011	 93.148933	 93.145003	 93.141217	  93.13757	 93.134057	 93.130674	 93.127416	 93.124278	 93.121257	 93.118348	 93.115547	 93.112851	 93.110254	 93.107754	 93.105346	 93.103027	 93.100793	 93.098641	 93.096567	 93.094568	  93.09264	 93.090781	 93.088986	 93.087254	  93.08558	 93.083963	 93.082398	 93.080884	 93.079417	 93.077994	 93.076613	 93.075271	 93.073965	 93.072693	 93.071453	 93.070241	 93.069055	 93.067893	 93.066753	 93.065631	 93.064525	 93.063434	 93.062354	 93.061284	  93.06022	 93.059162	
        99	 98.913021	 98.826064	  98.73915	 98.652301	 98.565537	 98.478881	 98.392353	 98.305976	 98.219769	 98.133754	 98.047952	 97.962383	 97.877068	 97.792027	  97.70728	 97.622848	 97.538749	 97.455003	  97.37163	 97.288648	 97.206076	 97.123933	 97.042235	 96.961001	 96.880249	 96.799995	 96.720256	 96.641048	 96.562387	 96.484289	 96.406769	 96.329841	 96.253521	 96.177822	 96.102757	  96.02834	 95.954583	 95.881499	 95.809099	 95.737395	 95.666397	 95.596116	 95.526563	 95.457746	 95.389674	 95.322357	 95.255802	 95.190017	 95.125009	 95.060785	 94.997351	 94.934713	 94.872876	 94.811846	 94.751625	  94.69222	 94.633632	 94.575865	 94.518922	 94.462804	 94.407514	 94.353052	 94.299421	 94.246619	 94.194647	 94.143505	 94.093191	 94.043705	 93.995046	  93.94721	 93.900197	 93.854002	 93.808624	 93.764058	 93.720302	  93.67735	 93.635199	 93.593844	 93.553279	   93.5135	 93.474502	 93.436277	 93.398821	 93.362126	 93.326187	 93.290996	 93.256546	  93.22283	 93.189841	 93.157571	 93.126011	 93.095155	 93.064993	 93.035518	  93.00672	 92.978592	 92.951125	 92.924309	 92.898135	 92.872595	  92.84768	  92.82338	 92.799685	 92.776587	 92.754076	 92.732142	 92.710776	 92.689969	  92.66971	  92.64999	   92.6308	 92.612129	 92.593969	 92.576309	 92.559141	 92.542454	 92.526239	 92.510486	 92.495187	 92.480331	 92.465909	 92.451913	 92.438332	 92.425158	 92.412381	 92.399993	 92.387985	 92.376347	 92.365072	 92.354149	 92.343572	 92.333331	 92.323419	 92.313825	 92.304544	 92.295566	 92.286884	  92.27849	 92.270376	 92.262535	 92.254958	  92.24764	 92.240572	 92.233747	 92.227159	   92.2208	 92.214664	 92.208745	 92.203035	 92.197528	 92.192218	   92.1871	 92.182166	 92.177411	 92.172829	 92.168414	 92.164162	 92.160065	  92.15612	 92.152321	 92.148662	  92.14514	 92.141748	 92.138482	 92.135337	  92.13231	 92.129394	 92.126586	 92.123882	 92.121278	 92.118768	  92.11635	 92.114019	 92.111771	 92.109603	  92.10751	  92.10549	 92.103539	 92.101653	 92.099829	 92.098063	 92.096352	 92.094693	 92.093082	 92.091518	 92.089995	 92.088512	 92.087066	 92.085653	  92.08427	 92.082915	 92.081585	 92.080277	 92.078988	 92.077715	 92.076456	 92.075208	 92.073968	 92.072734	
        99	 98.900657	 98.801339	  98.70207	 98.602875	 98.503778	 98.404803	 98.305976	 98.207319	 98.108858	 98.010616	 97.912617	 97.814884	 97.717441	 97.620312	 97.523518	 97.427084	  97.33103	  97.23538	 97.140155	 97.045378	 96.951068	 96.857247	 96.763936	 96.671155	 96.578924	 96.487261	 96.396187	  96.30572	 96.215877	 96.126677	 96.038138	 95.950275	 95.863106	 95.776646	  95.69091	 95.605915	 95.521673	   95.4382	 95.355508	 95.273611	 95.192521	  95.11225	 95.032809	  94.95421	 94.876462	 94.799575	  94.72356	 94.648423	 94.574174	 94.500821	  94.42837	 94.356827	   94.2862	 94.216494	 94.147714	 94.079863	 94.012947	 93.946969	 93.881931	 93.817836	 93.754686	 93.692483	 93.631227	 93.570919	  93.51156	 93.453147	 93.395682	 93.339162	 93.283585	  93.22895	 93.175253	 93.122492	 93.070663	 93.019762	 92.969786	 92.920728	 92.872585	 92.825351	 92.779021	 92.733588	 92.689045	 92.645387	 92.602606	 92.560695	 92.519647	 92.479454	 92.440107	 92.401598	 92.363919	 92.327062	 92.291016	 92.255773	 92.221324	 92.187659	 92.154768	 92.122641	 92.091269	 92.060641	 92.030747	 92.001577	  91.97312	 91.945365	 91.918302	 91.891921	  91.86621	 91.841158	 91.816755	 91.792989	 91.769851	 91.747328	 91.725409	 91.704085	 91.683343	 91.663173	 91.643564	 91.624505	 91.605985	 91.587993	 91.570519	 91.553551	  91.53708	 91.521094	 91.505582	 91.490535	 91.475943	 91.461794	 91.448078	 91.434786	 91.421908	 91.409433	 91.397352	 91.385656	 91.374334	 91.363377	 91.352776	 91.342522	 91.332606	 91.323019	 91.313751	 91.304795	 91.296142	 91.287783	  91.27971	 91.271915	 91.264391	 91.257128	  91.25012	 91.243359	 91.236838	 91.230548	 91.224484	 91.218637	 91.213002	 91.207571	 91.202338	 91.197295	 91.192438	  91.18776	 91.183254	 91.178915	 91.174736	 91.170713	 91.166838	 91.163108	 91.159517	 91.156059	 91.152729	 91.149522	 91.146433	 91.143458	 91.140592	  91.13783	 91.135167	   91.1326	 91.130124	 91.127734	 91.125427	 91.123198	 91.121044	  91.11896	 91.116943	 91.114989	 91.113094	 91.111255	 91.109468	 91.107729	 91.106035	 91.104383	 91.102769	  91.10119	 91.099643	 91.098123	 91.096629	 91.095157	 91.093704	 91.092266	  91.09084	 91.089424	 91.088014	
        99	 98.888318	 98.776663	 98.665063	 98.553547	  98.44214	 98.330872	 98.219769	 98.108858	 97.998166	 97.887721	  97.77755	 97.667677	 97.558131	 97.448937	  97.34012	 97.231707	 97.123722	 97.016191	 96.909138	 96.802588	 96.696564	  96.59109	 96.486188	 96.381882	 96.278195	 96.175147	  96.07276	 95.971055	 95.870053	 95.769773	 95.670236	  95.57146	 95.473463	 95.376263	 95.279878	 95.184325	  95.08962	 94.995778	 94.902815	 94.810745	 94.719583	 94.629341	 94.540033	  94.45167	 94.364265	 94.277828	  94.19237	 94.107901	 94.024429	 93.941964	 93.860514	 93.780085	 93.700685	 93.622321	 93.544997	 93.468718	  93.39349	 93.319316	   93.2462	 93.174144	  93.10315	  93.03322	 92.964356	 92.896557	 92.829824	 92.764156	 92.699553	 92.636012	 92.573532	 92.512111	 92.451744	 92.392429	 92.334163	 92.276939	 92.220755	 92.165604	 92.111481	  92.05838	 92.006294	 91.955218	 91.905143	 91.856062	 91.807967	  91.76085	 91.714703	 91.669517	 91.625283	 91.581991	 91.539632	 91.498196	 91.457673	 91.418053	 91.379324	 91.341478	 91.304501	 91.268384	 91.233115	 91.198683	 91.165076	 91.132282	  91.10029	 91.069088	 91.038664	 91.009005	   90.9801	 90.951937	 90.924503	 90.897785	 90.871772	 90.846452	 90.821811	 90.797838	  90.77452	 90.751844	   90.7298	 90.708373	 90.687553	 90.667326	 90.647681	 90.628606	 90.610088	 90.592116	 90.574678	 90.557762	 90.541357	 90.525451	 90.510031	 90.495089	 90.480611	 90.466586	 90.453005	 90.439855	 90.427127	  90.41481	 90.402892	 90.391364	 90.380216	 90.369438	  90.35902	 90.348951	 90.339223	 90.329826	  90.32075	 90.311987	 90.303528	 90.295363	 90.287485	 90.279884	 90.272552	 90.265481	 90.258664	 90.252091	 90.245756	  90.23965	 90.233767	 90.228098	 90.222638	 90.217378	 90.212313	 90.207434	 90.202737	 90.198213	 90.193858	 90.189665	 90.185627	 90.181739	 90.177996	 90.174391	 90.170918	 90.167574	 90.164352	 90.161246	 90.158253	 90.155367	 90.152583	 90.149897	 90.147303	 90.144797	 90.142376	 90.140033	 90.137765	 90.135569	 90.133438	 90.131371	 90.129361	 90.127407	 90.125503	 90.123645	 90.121831	 90.120056	 90.118316	 90.116608	 90.114928	 90.113273	 90.111639	 90.110023	  90.10842	 90.106828	 90.105243	
        99	 98.876005	 98.752041	 98.628139	 98.504328	  98.38064	 98.257105	 98.133754	 98.010616	 97.887721	 97.765101	 97.642783	 97.520798	 97.399175	 97.277943	  97.15713	 97.036765	 96.916876	 96.797491	 96.678636	 96.560339	 96.442626	 96.325524	 96.209058	 96.093253	 95.978135	 95.863726	 95.750052	 95.637135	 95.524998	 95.413664	 95.303153	 95.193487	 95.084687	 94.976772	 94.869761	 94.763674	 94.658528	 94.554341	 94.451129	  94.34891	 94.247697	 94.147507	 94.048353	 93.950249	 93.853208	 93.757242	 93.662363	 93.568582	 93.475908	 93.384352	 93.293922	 93.204627	 93.116474	  93.02947	 92.943621	 92.858934	 92.775412	 92.693061	 92.611884	 92.531884	 92.453064	 92.375425	 92.298969	 92.223696	 92.149606	 92.076699	 92.004973	 91.934428	  91.86506	 91.796867	 91.729845	 91.663992	 91.599301	  91.53577	 91.473391	  91.41216	 91.352071	 91.293116	 91.235288	  91.17858	 91.122985	 91.068493	 91.015096	 90.962785	 90.911551	 90.861383	 90.812273	 90.764208	 90.717179	 90.671175	 90.626185	 90.582197	 90.539199	  90.49718	 90.456127	 90.416028	 90.376871	 90.338643	 90.301331	 90.264922	 90.229403	 90.194761	 90.160983	 90.128055	 90.095963	 90.064695	 90.034236	 90.004573	 89.975693	 89.947581	 89.920224	 89.893607	 89.867719	 89.842544	 89.818069	  89.79428	 89.771164	 89.748708	 89.726897	 89.705719	  89.68516	 89.665207	 89.645846	 89.627066	 89.608852	 89.591192	 89.574073	 89.557482	 89.541408	 89.525838	 89.510759	  89.49616	 89.482029	 89.468353	 89.455122	 89.442323	 89.429946	  89.41798	 89.406413	 89.395234	 89.384433	    89.374	 89.363924	 89.354195	 89.344803	 89.335739	 89.326992	 89.318553	 89.310413	 89.302563	 89.294993	 89.287696	 89.280662	 89.273883	 89.267352	 89.261058	 89.254996	 89.249156	 89.243532	 89.238116	 89.232901	 89.227879	 89.223043	 89.218388	 89.213905	 89.209589	 89.205432	  89.20143	 89.197575	 89.193862	 89.190284	 89.186836	 89.183513	 89.180309	 89.177218	 89.174235	 89.171356	 89.168574	 89.165885	 89.163284	 89.160767	 89.158328	 89.155963	 89.153667	 89.151437	 89.149266	 89.147152	  89.14509	 89.143076	 89.141105	 89.139173	 89.137277	 89.135412	 89.133574	  89.13176	 89.129966	 89.128186	 89.126419	 89.124659	
        99	 98.863724	 98.727481	 98.591306	 98.455232	 98.319292	 98.183521	 98.047952	 97.912617	  97.77755	 97.642783	  97.50835	 97.374282	 97.240612	 97.107372	 96.974593	 96.842305	 96.710541	  96.57933	 96.448703	 96.318689	 96.189317	 96.060616	 95.932614	 95.805338	 95.678817	 95.553076	 95.428143	 95.304041	 95.180797	 95.058435	 94.936978	  94.81645	 94.696873	 94.578268	 94.460658	 94.344063	 94.228502	 94.113995	 94.000561	 93.888216	 93.776978	 93.666864	 93.557889	 93.450068	 93.343415	 93.237944	 93.133667	 93.030596	 92.928743	 92.828118	 92.728731	 92.630591	 92.533706	 92.438085	 92.343733	 92.250657	 92.158863	 92.068355	 91.979137	 91.891213	 91.804586	 91.719257	 91.635227	 91.552498	  91.47107	 91.390941	 91.312111	 91.234578	 91.158339	 91.083392	 91.009732	 90.937355	 90.866257	 90.796433	 90.727876	  90.66058	 90.594538	 90.529744	 90.466188	 90.403864	 90.342761	 90.282872	 90.224186	 90.166694	 90.110385	 90.055248	 90.001273	 89.948447	  89.89676	   89.8462	 89.796753	 89.748408	 89.701151	  89.65497	 89.609851	  89.56578	 89.522744	  89.48073	 89.439722	 89.399707	  89.36067	 89.322596	 89.285472	 89.249283	 89.214013	 89.179647	 89.146171	  89.11357	 89.081829	 89.050933	 89.020866	 88.991613	  88.96316	 88.935492	 88.908592	 88.882447	 88.857042	 88.832361	  88.80839	 88.785114	 88.762519	 88.740589	 88.719311	  88.69867	 88.678652	 88.659243	 88.640428	 88.622195	 88.604528	 88.587416	 88.570844	 88.554799	 88.539267	 88.524237	 88.509695	 88.495629	 88.482026	 88.468874	 88.456161	 88.443876	 88.432005	 88.420539	 88.409465	 88.398772	  88.38845	 88.378487	 88.368874	 88.359599	 88.350653	 88.342025	 88.333706	 88.325686	 88.317955	 88.310505	 88.303326	  88.29641	 88.289747	 88.283329	 88.277148	 88.271195	 88.265463	 88.259944	 88.254629	 88.249512	 88.244586	 88.239842	 88.235274	 88.230875	 88.226638	 88.222557	 88.218625	 88.214836	 88.211184	 88.207662	 88.204265	 88.200987	 88.197822	 88.194765	  88.19181	 88.188951	 88.186184	 88.183504	 88.180904	 88.178381	  88.17593	 88.173545	 88.171221	 88.168955	 88.166741	 88.164574	 88.162452	 88.160368	 88.158318	 88.156298	 88.154305	 88.152332	 88.150377	 88.148434	   88.1465	
        99	 98.851475	 98.702987	 98.554573	 98.406269	 98.258111	 98.110137	 97.962383	 97.814884	 97.667677	 97.520798	 97.374282	 97.228165	 97.082481	 96.937265	 96.792551	 96.648374	 96.504768	 96.361764	 96.219396	 96.077696	 95.936696	 95.796427	 95.656921	 95.518206	 95.380313	 95.243271	 95.107109	 94.971853	 94.837532	 94.704172	 94.571799	 94.440438	 94.310113	 94.180849	 94.052668	 93.925593	 93.799646	 93.674848	 93.551218	 93.428775	  93.30754	 93.187529	 93.068759	 92.951247	 92.835008	 92.720057	 92.606408	 92.494073	 92.383066	 92.273397	 92.165077	 92.058117	 91.952524	 91.848308	 91.745476	 91.644035	  91.54399	 91.445347	 91.348111	 91.252285	 91.157871	 91.064873	 90.973291	 90.883126	 90.794379	 90.707049	 90.621134	 90.536632	 90.453541	 90.371857	 90.291576	 90.212695	 90.135207	 90.059106	 89.984387	 89.911043	 89.839066	 89.768448	  89.69918	 89.631254	  89.56466	 89.499388	 89.435427	 89.372767	 89.311397	 89.251305	 89.192478	 89.134905	 89.078573	 89.023468	 88.969577	 88.916886	 88.865382	  88.81505	 88.765876	 88.717844	 88.670941	  88.62515	 88.580456	 88.536844	 88.494299	 88.452804	 88.412343	 88.372901	  88.33446	 88.297006	 88.260522	 88.224991	 88.190397	 88.156723	 88.123954	 88.092072	 88.061062	 88.030906	 88.001589	 87.973095	 87.945406	 87.918507	 87.892381	 87.867013	 87.842387	 87.818486	 87.795296	   87.7728	 87.750982	 87.729829	 87.709323	 87.689451	 87.670197	 87.651546	 87.633484	 87.615997	  87.59907	 87.582689	  87.56684	  87.55151	 87.536684	  87.52235	 87.508495	 87.495105	 87.482167	  87.46967	 87.457601	 87.445947	 87.434697	 87.423839	 87.413361	 87.403253	 87.393503	   87.3841	 87.375033	 87.366292	 87.357867	 87.349747	 87.341923	 87.334385	 87.327123	 87.320128	 87.313391	 87.306904	 87.300657	 87.294641	 87.288849	 87.283272	 87.277903	 87.272732	 87.267754	 87.262959	 87.258342	 87.253894	 87.249609	 87.245479	 87.241499	  87.23766	 87.233958	 87.230385	 87.226936	 87.223604	 87.220383	 87.217268	 87.214252	 87.211331	 87.208498	 87.205748	 87.203076	 87.200476	 87.197944	 87.195474	 87.193061	   87.1907	 87.188386	 87.186115	 87.183881	  87.18168	 87.179507	 87.177357	 87.175226	 87.173109	 87.171001	
        99	 98.839263	 98.678566	 98.517949	 98.357451	 98.197112	 98.036971	 97.877068	 97.717441	 97.558131	 97.399175	 97.240612	 97.082481	 96.924818	 96.767662	  96.61105	 96.455019	 96.299604	 96.144842	 95.990769	 95.837418	 95.684825	 95.533023	 95.382046	 95.231926	 95.082695	 94.934385	 94.787027	 94.640651	 94.495285	  94.35096	 94.207703	 94.065541	 93.924501	 93.784608	 93.645888	 93.508365	 93.372062	 93.237002	 93.103207	 92.970698	 92.839494	 92.709615	  92.58108	 92.453906	  92.32811	 92.203707	 92.080714	 91.959143	 91.839008	 91.720322	 91.603096	  91.48734	 91.373066	 91.260281	 91.148994	 91.039212	 90.930941	 90.824188	 90.718957	 90.615251	 90.513075	  90.41243	 90.313318	  90.21574	 90.119696	 90.025185	 89.932206	 89.840756	 89.750833	 89.662433	 89.575552	 89.490184	 89.406325	 89.323967	 89.243105	  89.16373	 89.085835	  89.00941	 88.934447	 88.860936	 88.788866	 88.718227	 88.649008	 88.581196	  88.51478	 88.449747	 88.386084	 88.323777	 88.262812	 88.203177	 88.144855	 88.087832	 88.032093	 87.977623	 87.924405	 87.872424	 87.821664	 87.772108	  87.72374	 87.676542	 87.630498	 87.585591	 87.541804	 87.499118	 87.457517	 87.416984	 87.377499	 87.339047	 87.301609	 87.265166	 87.229703	   87.1952	 87.161639	 87.129004	 87.097277	 87.066439	 87.036474	 87.007363	  86.97909	 86.951636	 86.924985	 86.899119	 86.874022	 86.849676	 86.826065	 86.803172	  86.78098	 86.759474	 86.738637	 86.718453	 86.698906	 86.679981	 86.661662	 86.643934	 86.626782	 86.610191	 86.594146	 86.578634	 86.563639	 86.549148	 86.535147	 86.521622	  86.50856	 86.495949	 86.483774	 86.472023	 86.460684	 86.449744	 86.439192	 86.429016	 86.419204	 86.409744	 86.400626	 86.391839	 86.383371	 86.375213	 86.367354	 86.359785	 86.352494	 86.345473	 86.338712	 86.332202	 86.325934	 86.319898	 86.314087	 86.308492	 86.303104	 86.297915	 86.292918	 86.288105	 86.283467	 86.278998	  86.27469	 86.270536	  86.26653	 86.262663	  86.25893	 86.255324	 86.251838	 86.248467	 86.245204	 86.242042	 86.238976	    86.236	 86.233108	 86.230295	 86.227554	 86.224881	  86.22227	 86.219715	 86.217211	 86.214753	 86.212335	 86.209953	 86.207602	 86.205275	 86.202969	 86.200677	 86.198396	
        99	 98.827091	 98.654224	 98.481443	  98.30879	 98.136308	 97.964039	 97.792027	 97.620312	 97.448937	 97.277943	 97.107372	 96.937265	 96.767662	 96.598605	 96.430133	 96.262285	   96.0951	 95.928618	 95.762876	 95.597912	 95.433763	 95.270465	 95.108054	 94.946565	 94.786033	 94.626492	 94.467974	 94.310512	 94.154138	 93.998883	 93.844777	 93.691849	 93.540127	 93.389641	 93.240415	 93.092478	 92.945852	 92.800564	 92.656637	 92.514092	 92.372952	 92.233238	 92.094968	 91.958163	  91.82284	 91.689017	 91.556708	 91.425931	 91.296698	 91.169024	  91.04292	 90.918398	  90.79547	 90.674144	 90.554429	 90.436333	 90.319863	 90.205025	 90.091824	 89.980265	 89.870351	 89.762084	 89.655466	 89.550498	 89.447181	 89.345512	 89.245492	 89.147116	 89.050383	 88.955289	 88.861828	 88.769995	 88.679785	 88.591191	 88.504205	 88.418819	 88.335024	 88.252812	 88.172172	 88.093093	 88.015566	 87.939577	 87.865116	 87.792169	 87.720723	 87.650765	  87.58228	 87.515255	 87.449673	 87.385521	 87.322783	 87.261441	 87.201481	 87.142886	 87.085638	  87.02972	 86.975116	 86.921807	 86.869776	 86.819004	 86.769473	 86.721165	 86.674062	 86.628144	 86.583393	 86.539789	 86.497315	  86.45595	 86.415676	 86.376474	 86.338325	 86.301209	 86.265107	 86.230001	 86.195871	 86.162698	 86.130463	 86.099148	 86.068733	   86.0392	 86.010531	 85.982706	 85.955708	 85.929518	 85.904119	 85.879492	  85.85562	 85.832485	  85.81007	 85.788357	  85.76733	 85.746972	 85.727266	 85.708195	 85.689744	 85.671897	 85.654637	  85.63795	  85.62182	 85.606231	  85.59117	 85.576621	  85.56257	 85.549003	 85.535906	 85.523265	 85.511068	   85.4993	 85.487949	 85.477002	 85.466446	  85.45627	 85.446462	 85.437009	   85.4279	 85.419124	  85.41067	 85.402527	 85.394685	 85.387132	 85.379859	 85.372856	 85.366113	  85.35962	 85.353369	  85.34735	 85.341554	 85.335973	 85.330597	 85.325419	  85.32043	 85.315622	 85.310988	  85.30652	  85.30221	 85.298051	 85.294035	 85.290156	 85.286406	 85.282779	 85.279269	 85.275868	  85.27257	 85.269368	 85.266258	 85.263231	 85.260283	 85.257407	 85.254598	  85.25185	 85.249156	 85.246512	 85.243912	 85.241349	 85.238819	 85.236316	 85.233835	  85.23137	 85.228916	
        99	  98.81496	 98.629966	 98.445063	 98.260297	 98.075715	 97.891361	  97.70728	 97.523518	  97.34012	  97.15713	 96.974593	 96.792551	  96.61105	 96.430133	 96.249841	 96.070217	 95.891304	 95.713142	 95.535773	 95.359235	  95.18357	 95.008816	 94.835011	 94.662192	 94.490398	 94.319664	 94.150025	 93.981516	 93.814172	 93.648025	 93.483107	  93.31945	 93.157084	  92.99604	 92.836346	 92.678029	 92.521117	 92.365636	 92.211611	 92.059066	 91.908024	 91.758508	 91.610538	 91.464136	 91.319319	 91.176107	 91.034516	 90.894564	 90.756265	 90.619633	 90.484682	 90.351425	 90.219872	 90.090034	 89.961921	 89.835539	 89.710898	 89.588004	 89.466862	 89.347476	  89.22985	 89.113988	  88.99989	 88.887558	 88.776992	 88.668191	 88.561154	 88.455877	 88.352357	 88.250591	 88.150574	 88.052298	  87.95576	  87.86095	 87.767861	 87.676485	 87.586811	 87.498831	 87.412534	 87.327908	 87.244941	 87.163622	 87.083936	 87.005871	 86.929413	 86.854547	 86.781258	  86.70953	 86.639348	 86.570695	 86.503555	  86.43791	 86.373744	 86.311037	 86.249773	 86.189933	 86.131498	 86.074449	 86.018767	 85.964433	 85.911428	 85.859731	 85.809323	 85.760183	 85.712292	  85.66563	 85.620176	 85.575909	  85.53281	 85.490858	 85.450032	 85.410312	 85.371677	 85.334108	 85.297583	 85.262083	 85.227587	 85.194075	 85.161526	 85.129921	 85.099241	 85.069464	 85.040572	 85.012545	 84.985364	 84.959009	 84.933462	 84.908704	 84.884716	 84.861481	 84.838978	 84.817192	 84.796103	 84.775695	 84.755949	  84.73685	 84.718379	 84.700521	 84.683259	 84.666577	 84.650459	 84.634889	 84.619853	 84.605334	 84.591318	 84.577791	 84.564737	 84.552144	 84.539996	 84.528281	 84.516985	 84.506095	 84.495599	 84.485483	 84.475735	 84.466344	 84.457296	 84.448582	 84.440189	 84.432107	 84.424323	 84.416829	 84.409613	 84.402665	 84.395975	 84.389534	 84.383331	 84.377358	 84.371605	 84.366064	 84.360725	  84.35558	 84.350621	 84.345839	 84.341227	 84.336776	 84.332478	 84.328327	 84.324314	 84.320433	 84.316676	 84.313036	 84.309507	 84.306081	 84.302752	 84.299514	 84.296359	 84.293281	 84.290275	 84.287334	 84.284451	 84.281621	 84.278838	 84.276096	 84.273389	 84.270711	 84.268055	 84.265417	 84.262791	
        99	 98.802874	 98.605797	 98.408818	 98.211985	 98.015346	 97.818951	 97.622848	 97.427084	 97.231707	 97.036765	 96.842305	 96.648374	 96.455019	 96.262285	 96.070217	 95.878862	 95.688263	 95.498465	  95.30951	 95.121443	 94.934304	 94.748136	 94.562979	 94.378873	 94.195859	 94.013973	 93.833254	  93.65374	 93.475465	 93.298466	 93.122777	 92.948431	 92.775461	 92.603898	 92.433774	 92.265117	 92.097957	 91.932321	 91.768235	 91.605727	  91.44482	 91.285538	 91.127904	 90.971939	 90.817664	 90.665098	  90.51426	 90.365167	 90.217835	 90.072279	 89.928514	 89.786553	 89.646408	  89.50809	 89.371609	 89.236973	 89.104192	  88.97327	 88.844216	 88.717032	 88.591724	 88.468294	 88.346745	 88.227076	 88.109289	 87.993381	 87.879353	   87.7672	 87.656919	 87.548506	 87.441956	 87.337262	 87.234418	 87.133415	 87.034247	 86.936902	 86.841372	 86.747646	 86.655712	 86.565559	 86.477173	 86.390542	 86.305652	 86.222489	 86.141037	 86.061281	 85.983205	 85.906792	 85.832026	 85.758889	 85.687364	 85.617432	 85.549074	 85.482272	 85.417007	 85.353258	 85.291006	 85.230231	 85.170913	  85.11303	 85.056563	 85.001489	 84.947789	  84.89544	 84.844421	 84.794711	 84.746288	  84.69913	 84.653216	 84.608523	 84.565031	 84.522717	 84.481559	 84.441536	 84.402626	 84.364807	 84.328058	 84.292357	 84.257682	 84.224013	 84.191329	 84.159607	 84.128828	  84.09897	 84.070014	 84.041938	 84.014723	 83.988348	 83.962793	 83.938039	 83.914067	 83.890858	 83.868392	  83.84665	 83.825615	 83.805269	 83.785592	 83.766567	 83.748178	 83.730406	 83.713235	 83.696649	  83.68063	 83.665163	 83.650232	 83.635821	 83.621915	 83.608499	 83.595558	 83.583078	 83.571044	 83.559443	 83.548261	 83.537484	 83.527099	 83.517095	 83.507456	 83.498173	 83.489232	 83.480621	  83.47233	 83.464346	 83.456659	 83.449257	  83.44213	 83.435268	  83.42866	 83.422297	 83.416169	 83.410265	 83.404578	 83.399097	 83.393814	  83.38872	 83.383806	 83.379064	 83.374486	 83.370064	 83.365789	 83.361654	 83.357652	 83.353774	 83.350015	 83.346365	 83.342818	 83.339368	 83.336007	 83.332729	 83.329526	 83.326393	 83.323322	 83.320308	 83.317343	 83.314422	 83.311537	 83.308684	 83.305855	 83.303045	 83.300247	
        99	 98.790836	 98.581724	 98.372716	 98.163863	 97.955216	 97.746828	 97.538749	  97.33103	 97.123722	 96.916876	 96.710541	 96.504768	 96.299604	   96.0951	 95.891304	 95.688263	 95.486025	 95.284636	 95.084143	 94.884591	 94.686024	 94.488487	 94.292023	 94.096675	 93.902484	 93.709491	 93.517736	 93.327259	 93.138098	  92.95029	 92.763872	 92.578879	 92.395346	 92.213307	 92.032793	 91.853837	 91.676469	 91.500718	 91.326613	  91.15418	 90.983447	 90.814439	 90.647178	 90.481689	 90.317993	  90.15611	  89.99606	 89.837862	 89.681533	 89.527089	 89.374545	 89.223915	 89.075212	 88.928447	 88.783631	 88.640774	 88.499883	 88.360967	 88.224031	 88.089081	 87.956121	 87.825154	 87.696181	 87.569205	 87.444224	 87.321239	 87.200247	 87.081245	  86.96423	 86.849197	 86.736139	 86.625052	 86.515928	 86.408758	 86.303533	 86.200244	  86.09888	  85.99943	 85.901882	 85.806223	  85.71244	 85.620519	 85.530445	 85.442203	 85.355777	 85.271151	 85.188307	 85.107228	 85.027896	 84.950293	   84.8744	 84.800197	 84.727665	 84.656784	 84.587533	 84.519891	 84.453838	 84.389351	 84.326411	 84.264993	 84.205077	 84.146641	 84.089661	 84.034115	 83.979981	 83.927235	 83.875855	 83.825817	 83.777099	 83.729678	 83.683529	 83.638631	  83.59496	 83.552493	 83.511207	 83.471078	 83.432085	 83.394203	 83.357412	 83.321687	 83.287006	 83.253347	 83.220689	 83.189008	 83.158283	 83.128493	 83.099615	 83.071629	 83.044514	 83.018249	 82.992813	 82.968186	 82.944348	 82.921279	  82.89896	  82.87737	 82.856492	 82.836306	 82.816793	 82.797936	 82.779717	 82.762118	 82.745121	 82.728709	 82.712866	 82.697575	  82.68282	 82.668584	 82.654853	 82.641611	 82.628842	 82.616533	 82.604668	 82.593233	 82.582214	 82.571598	 82.561372	 82.551521	 82.542034	 82.532898	   82.5241	 82.515629	 82.507472	 82.499618	 82.492056	 82.484775	 82.477764	 82.471012	 82.464509	 82.458246	 82.452211	 82.446395	 82.440789	 82.435384	  82.43017	 82.425139	 82.420281	 82.415589	 82.411053	 82.406666	 82.402419	 82.398305	 82.394315	 82.390443	  82.38668	 82.383019	 82.379453	 82.375974	 82.372576	 82.369251	 82.365993	 82.362794	 82.359648	 82.356549	 82.353488	 82.350461	 82.347459	 82.344478	 82.341509	
