Time step 30:
        99	        99	        99	        99	        99	        99	        99	        99	        99	        99	        99	        99	        99	        99	        99	        99	        99	        99	        99	        99	        99	        99	        99	        99	        99	        99	        99	        99	        99	        99	        99	        99	        99	        99	        99	        99	        99	        99	        99	        99	        99	        99	        99	        99	        99	        99	        99	        99	        99	        99	        99	        99	        99	        99	        99	        99	        99	        99	        99	        99	        99	        99	        99	        99	        99	        99	        99	        99	        99	        99	        99	        99	        99	        99	        99	        99	        99	        99	        99	        99	        99	        99	        99	        99	        99	        99	        99	        99	        99	        99	        99	        99	        99	        99	        99	        99	        99	        99	        99	        99	        99	        99	        99	        99	        99	        99	        99	        99	        99	        99	        99	        99	        99	        99	        99	        99	        99	        99	        99	        99	        99	        99	        99	        99	        99	        99	        99	        99	        99	        99	        99	        99	        99	        99	        99	        99	        99	        99	        99	        99	        99	        99	        99	        99	        99	        99	        99	        99	        99	        99	        99	        99	        99	        99	        99	        99	        99	        99	        99	        99	        99	        99	        99	        99	        99	        99	        99	        99	        99	        99	        99	        99	        99	        99	        99	        99	        99	        99	        99	        99	        99	        99	        99	        99	        99	        99	        99	        99	        99	        99	        99	        99	        99	        99	        99	        99	        99	        99	        99	        99	
        99	 98.978836	  98.95768	 98.936543	 98.915432	 98.894356	 98.873325	 98.852347	 98.831431	 98.810585	 98.789818	 98.769138	 98.748553	 98.728072	 98.707703	 98.687454	 98.667332	 98.647345	 98.627501	 98.607807	 98.588269	 98.568895	 98.549692	 98.530665	 98.511822	 98.493168	  98.47471	 98.456452	 98.438401	 98.420561	 98.402938	 98.385536	 98.368359	 98.351413	 98.334699	 98.318224	 98.301989	 98.285999	 98.270255	 98.254762	  98.23952	 98.224533	 98.209803	  98.19533	 98.181117	 98.167165	 98.153475	 98.140047	 98.126882	 98.113981	 98.101343	 98.088968	 98.076856	 98.065006	 98.053417	 98.042089	  98.03102	 98.020209	 98.009654	 97.999354	 97.989306	 97.979509	  97.96996	 97.960657	 97.951597	 97.942779	 97.934198	 97.925852	 97.917738	 97.909854	 97.902195	 97.894758	  97.88754	 97.880538	 97.873747	 97.867165	 97.860787	  97.85461	  97.84863	 97.842843	 97.837245	 97.831833	 97.826601	 97.821548	 97.816668	 97.811957	 97.807412	 97.803028	 97.798802	  97.79473	 97.790807	  97.78703	 97.783395	 97.779898	 97.776536	 97.773303	 97.770198	 97.767215	 97.764351	 97.761604	 97.758968	 97.756441	 97.754019	 97.751699	 97.749477	 97.747351	 97.745316	  97.74337	  97.74151	 97.739732	 97.738034	 97.736413	 97.734866	  97.73339	 97.731983	 97.730641	 97.729363	 97.728146	 97.726987	 97.725884	 97.724835	 97.723838	 97.722891	  97.72199	 97.721135	 97.720324	 97.719554	 97.718824	 97.718132	 97.717476	 97.716855	 97.716267	  97.71571	 97.715184	 97.714686	 97.714215	 97.713771	 97.713351	 97.712954	  97.71258	 97.712228	 97.711895	 97.711582	 97.711286	 97.711008	 97.710747	   97.7105	 97.710269	 97.710051	 97.709847	 97.709654	 97.709474	 97.709305	 97.709146	 97.708997	 97.708857	 97.708727	 97.708604	 97.708489	 97.708382	 97.708282	 97.708188	   97.7081	 97.708018	 97.707941	  97.70787	 97.707803	 97.707741	 97.707683	 97.707629	 97.707578	 97.707531	 97.707487	 97.707446	 97.707408	 97.707373	  97.70734	 97.707309	  97.70728	 97.707254	 97.707229	 97.707205	 97.707184	 97.707164	 97.707145	 97.707127	 97.707111	 97.707095	  97.70708	 97.707067	 97.707054	 97.707041	  97.70703	 97.707019	 97.707008	 97.706997	 97.706987	 97.706978	 97.706968	 97.706959	
        99	  98.95768	 98.915378	 98.873112	 98.830899	 98.788757	 98.746704	 98.704756	 98.662933	 98.621249	 98.579724	 98.538372	 98.497212	 98.456259	  98.41553	  98.37504	 98.334804	 98.294839	 98.255159	 98.215778	 98.176711	 98.137971	 98.099573	 98.061528	  98.02385	  97.98655	 97.949641	 97.913134	 97.877039	 97.841367	 97.806128	  97.77133	 97.736984	 97.703098	 97.669679	 97.636735	 97.604272	 97.572298	 97.540818	 97.509837	  97.47936	 97.449393	 97.419938	 97.390999	  97.36258	 97.334681	 97.307306	 97.280456	 97.254132	 97.228335	 97.203064	 97.178319	   97.1541	 97.130405	 97.107232	 97.084581	 97.062447	  97.04083	 97.019724	 96.999128	 96.979037	 96.959447	 96.940353	 96.921751	 96.903636	 96.886002	 96.868844	 96.852156	 96.835932	 96.820166	 96.804851	 96.789981	 96.775548	 96.761546	 96.747968	 96.734806	 96.722053	 96.709702	 96.697744	 96.686172	 96.674979	 96.664157	 96.653697	 96.643592	 96.633833	 96.624414	 96.615326	  96.60656	  96.59811	 96.589967	 96.582123	 96.574571	 96.567303	  96.56031	 96.553586	 96.547123	 96.540913	 96.534949	 96.529223	 96.523729	 96.518458	 96.513405	 96.508563	 96.503923	 96.499481	 96.495229	  96.49116	 96.487269	 96.483549	 96.479995	   96.4766	 96.473358	 96.470264	 96.467313	 96.464499	 96.461816	 96.459261	 96.456827	  96.45451	 96.452305	 96.450208	 96.448214	 96.446319	 96.444518	 96.442809	 96.441187	 96.439647	 96.438187	 96.436803	 96.435492	  96.43425	 96.433074	 96.431961	 96.430908	 96.429913	 96.428972	 96.428083	 96.427243	  96.42645	 96.425703	 96.424997	 96.424332	 96.423705	 96.423115	 96.422559	 96.422036	 96.421543	  96.42108	 96.420645	 96.420236	 96.419852	 96.419491	 96.419153	 96.418835	 96.418537	 96.418258	 96.417996	 96.417752	 96.417522	 96.417308	 96.417107	 96.416919	 96.416744	  96.41658	 96.416426	 96.416283	  96.41615	 96.416025	 96.415909	 96.415801	   96.4157	 96.415606	 96.415518	 96.415436	  96.41536	 96.415289	 96.415223	 96.415162	 96.415104	 96.415051	 96.415001	 96.414955	 96.414912	 96.414871	 96.414834	 96.414798	 96.414765	 96.414734	 96.414705	 96.414678	 96.414652	 96.414627	 96.414604	 96.414581	  96.41456	 96.414539	 96.414519	 96.414499	  96.41448	 96.414461	
        99	 98.936543	 98.873112	 98.809735	 98.746438	 98.683247	 98.620189	  98.55729	 98.494576	 98.432073	 98.369806	 98.307801	 98.246083	 98.184675	 98.123602	 98.062888	 98.002556	  97.94263	  97.88313	  97.82408	   97.7655	  97.70741	 97.649833	 97.592785	 97.536288	 97.480358	 97.425014	 97.370272	 97.316149	 97.262659	 97.209819	 97.157642	 97.106141	 97.055329	 97.005218	 96.955819	 96.907142	 96.859198	 96.811994	 96.765539	  96.71984	 96.674905	 96.630738	 96.587345	  96.54473	 96.502898	  96.46185	 96.421589	 96.382117	 96.343434	 96.305541	 96.268436	  96.23212	  96.19659	 96.161844	 96.127878	  96.09469	 96.062275	 96.030628	 95.999744	 95.969618	 95.940243	 95.911613	 95.883719	 95.856556	 95.830115	 95.804387	 95.779364	 95.755036	 95.731395	 95.708431	 95.686133	 95.664492	 95.643497	 95.623136	   95.6034	 95.584278	 95.565757	 95.547827	 95.530475	 95.513692	 95.497463	 95.481779	 95.466627	 95.451994	  95.43787	 95.424242	 95.411099	 95.398428	 95.386218	 95.374456	 95.363132	 95.352233	 95.341748	 95.331666	 95.321974	 95.312662	 95.303719	 95.295134	 95.286895	 95.278993	 95.271416	 95.264154	 95.257198	 95.250536	  95.24416	 95.238059	 95.232225	 95.226647	 95.221317	 95.216226	 95.211366	 95.206727	 95.202302	 95.198082	 95.194059	 95.190227	 95.186577	 95.183103	 95.179797	 95.176652	 95.173662	 95.170821	 95.168122	 95.165558	 95.163126	 95.160817	 95.158628	 95.156553	 95.154587	 95.152724	 95.150961	 95.149292	 95.147713	  95.14622	 95.144809	 95.143476	 95.142217	 95.141029	 95.139908	  95.13885	 95.137853	 95.136913	 95.136027	 95.135194	 95.134409	 95.133671	 95.132977	 95.132324	 95.131711	 95.131134	 95.130594	 95.130086	  95.12961	 95.129163	 95.128745	 95.128353	 95.127985	 95.127641	  95.12732	 95.127018	 95.126737	 95.126474	 95.126228	 95.125998	 95.125784	 95.125584	 95.125397	 95.125223	  95.12506	 95.124909	 95.124768	 95.124636	 95.124514	 95.124399	 95.124293	 95.124194	 95.124102	 95.124016	 95.123936	 95.123861	 95.123792	 95.123727	 95.123667	  95.12361	 95.123557	 95.123507	 95.123461	 95.123417	 95.123376	 95.123337	   95.1233	 95.123265	 95.123231	 95.123199	 95.123168	 95.123138	 95.123109	  95.12308	 95.123052	
        99	 98.915432	 98.830899	 98.746438	 98.662083	  98.57787	 98.493834	  98.41001	 98.326432	 98.243136	 98.160154	 98.077521	  97.99527	 97.913433	 97.832043	 97.751131	 97.670728	 97.590865	 97.511571	 97.432875	 97.354807	 97.277393	  97.20066	 97.124634	 97.049341	 96.974805	 96.901049	 96.828095	 96.755966	 96.684682	 96.614263	 96.544728	 96.476093	 96.408377	 96.341595	 96.275762	 96.210892	 96.146997	  96.08409	  96.02218	 95.961279	 95.901394	 95.842534	 95.784705	 95.727913	 95.672164	  95.61746	 95.563805	 95.511201	 95.459649	  95.40915	 95.359702	 95.311304	 95.263954	 95.217648	 95.172383	 95.128154	 95.084955	  95.04278	 95.001622	 94.961473	 94.922326	  94.88417	 94.846998	 94.810798	  94.77556	 94.741273	 94.707925	 94.675505	 94.643999	 94.613395	 94.583679	 94.554838	 94.526858	 94.499724	 94.473423	 94.447938	 94.423256	 94.399361	 94.376237	 94.353869	 94.332242	  94.31134	 94.291147	 94.271647	 94.252824	 94.234662	 94.217146	  94.20026	 94.183988	 94.168314	 94.153222	 94.138697	 94.124724	 94.111287	 94.098371	 94.085962	 94.074043	 94.062602	 94.051622	 94.041091	 94.030993	 94.021316	 94.012045	 94.003168	  93.99467	  93.98654	 93.978765	 93.971331	 93.964228	 93.957444	 93.950966	 93.944784	 93.938886	 93.933263	 93.927902	 93.922795	 93.917931	 93.913301	 93.908895	 93.904704	 93.900719	 93.896933	 93.893335	  93.88992	 93.886677	 93.883601	 93.880684	 93.877918	 93.875298	 93.872816	 93.870466	 93.868242	 93.866138	 93.864148	 93.862268	 93.860491	 93.858814	  93.85723	 93.855735	 93.854326	 93.852997	 93.851744	 93.850564	 93.849453	 93.848407	 93.847424	 93.846498	 93.845628	 93.844811	 93.844043	 93.843323	 93.842646	 93.842012	 93.841416	 93.840859	 93.840336	 93.839847	 93.839388	 93.838959	 93.838558	 93.838183	 93.837832	 93.837505	 93.837199	 93.836913	 93.836646	 93.836397	 93.836165	 93.835948	 93.835747	 93.835559	 93.835383	  93.83522	 93.835068	 93.834926	 93.834794	 93.834671	 93.834557	  93.83445	 93.834351	 93.834258	 93.834172	 93.834091	 93.834016	 93.833945	 93.833879	 93.833817	 93.833759	 93.833704	 93.833652	 93.833603	 93.833556	 93.833511	 93.833468	 93.833427	 93.833387	 93.833348	 93.833309	 93.833272	
        99	 98.894356	 98.788757	 98.683247	  98.57787	  98.47267	 98.367691	 98.262977	 98.158571	 98.054516	 97.950855	 97.847628	 97.744879	 97.642648	 97.540974	 97.439897	 97.339457	 97.239691	 97.140636	 97.042329	 96.944805	 96.848099	 96.752243	 96.657271	 96.563214	 96.470102	 96.377965	 96.286831	 96.196726	 96.107678	 96.019709	 95.932844	 95.847106	 95.762514	 95.679089	  95.59685	 95.515813	 95.435995	  95.35741	 95.280072	 95.203993	 95.129184	 95.055656	 94.983415	  94.91247	 94.842827	 94.774491	 94.707464	 94.641751	 94.577352	 94.514267	 94.452496	 94.392037	 94.332887	 94.275041	 94.218496	 94.163244	 94.109279	 94.056593	 94.005178	 93.955024	 93.906121	 93.858456	  93.81202	 93.766799	 93.722779	 93.679947	 93.638289	 93.597789	 93.558431	   93.5202	 93.483079	 93.447051	 93.412097	 93.378202	 93.345345	  93.31351	 93.282677	 93.252826	  93.22394	 93.195998	 93.168981	  93.14287	 93.117644	 93.093285	 93.069771	 93.047083	 93.025202	 93.004108	  92.98378	   92.9642	 92.945347	 92.927202	 92.909747	 92.892962	 92.876827	 92.861325	 92.846436	 92.832143	 92.818428	 92.805272	 92.792658	 92.780569	 92.768988	 92.757898	 92.747283	 92.737126	 92.727413	 92.718127	 92.709254	 92.700779	 92.692687	 92.684964	 92.677596	 92.670571	 92.663875	 92.657495	 92.651419	 92.645635	 92.640131	 92.634895	 92.629918	 92.625187	 92.620694	 92.616427	 92.612376	 92.608534	 92.604889	 92.601434	 92.598161	  92.59506	 92.592124	 92.589346	 92.586718	 92.584233	 92.581884	 92.579664	 92.577569	  92.57559	 92.573723	 92.571962	 92.570302	 92.568737	 92.567263	 92.565875	 92.564569	  92.56334	 92.562184	 92.561098	 92.560077	 92.559118	 92.558217	 92.557372	 92.556579	 92.555836	 92.555139	 92.554486	 92.553875	 92.553302	 92.552767	 92.552265	 92.551797	 92.551359	 92.550949	 92.550567	  92.55021	 92.549877	 92.549566	 92.549276	 92.549005	 92.548753	 92.548518	 92.548299	 92.548095	 92.547905	 92.547728	 92.547563	  92.54741	 92.547267	 92.547134	 92.547009	 92.546894	 92.546786	 92.546685	 92.546591	 92.546503	  92.54642	 92.546343	  92.54627	 92.546201	 92.546136	 92.546075	 92.546016	  92.54596	 92.545907	 92.545855	 92.545805	 92.545756	 92.545708	 92.545661	
        99	 98.873325	 98.746704	 98.620189	 98.493834	 98.367691	 98.241813	 98.116253	 97.991063	 97.866293	 97.741995	 97.618219	 97.495015	 97.372431	 97.250517	 97.129319	 97.008883	 96.889256	 96.770482	 96.652604	 96.535665	 96.419707	 96.304769	  96.19089	 96.078109	 95.966461	 95.855981	 95.746704	 95.638662	 95.531886	 95.426405	 95.322248	  95.21944	 95.118009	 95.017976	 94.919365	 94.822195	 94.726487	 94.632258	 94.539524	   94.4483	 94.358598	 94.270432	  94.18381	 94.098741	 94.015234	 93.933293	 93.852924	 93.774129	 93.696909	 93.621266	 93.547198	 93.474703	 93.403777	 93.334416	 93.266613	 93.200362	 93.135654	  93.07248	  93.01083	 92.950691	 92.892052	 92.834899	 92.779218	 92.724994	 92.672212	 92.620853	 92.570902	 92.522339	 92.475146	 92.429304	 92.384793	 92.341592	 92.299681	 92.259037	  92.21964	 92.181467	 92.144495	 92.108702	 92.074066	 92.040561	 92.008166	 91.976857	 91.946609	   91.9174	 91.889205	 91.862001	 91.835764	  91.81047	 91.786096	 91.762617	 91.740011	 91.718255	 91.697324	 91.677197	 91.657851	 91.639262	  91.62141	 91.604272	 91.587826	 91.572051	 91.556926	  91.54243	 91.528543	 91.515245	 91.502517	 91.490339	 91.478692	 91.467558	 91.456918	 91.446755	 91.437052	 91.427792	 91.418958	 91.410534	 91.402505	 91.394855	 91.387569	 91.380634	 91.374034	 91.367756	 91.361788	 91.356116	 91.350727	 91.345611	 91.340754	 91.336147	 91.331777	 91.327634	 91.323709	 91.319991	 91.316471	 91.313139	 91.309988	 91.307008	 91.304191	  91.30153	 91.299017	 91.296645	 91.294406	 91.292295	 91.290304	 91.288428	  91.28666	 91.284996	  91.28343	 91.281956	  91.28057	 91.279267	 91.278043	 91.276893	 91.275813	   91.2748	  91.27385	 91.272958	 91.272123	  91.27134	 91.270607	  91.26992	 91.269278	 91.268677	 91.268115	 91.267589	 91.267099	  91.26664	 91.266212	 91.265812	  91.26544	 91.265092	 91.264768	 91.264465	 91.264184	 91.263921	 91.263676	 91.263449	 91.263236	 91.263039	 91.262855	 91.262683	 91.262523	 91.262375	 91.262236	 91.262106	 91.261985	 91.261872	 91.261767	 91.261668	 91.261575	 91.261488	 91.261405	 91.261327	 91.261254	 91.261184	 91.261117	 91.261052	  91.26099	  91.26093	 91.260872	 91.260814	 91.260758	
        99	 98.852347	 98.704756	  98.55729	  98.41001	 98.262977	 98.116253	   97.9699	 97.823977	 97.678545	 97.533662	 97.389388	 97.245781	 97.102897	 96.960793	 96.819523	 96.679143	 96.539705	 96.401261	 96.263862	 96.127558	 95.992396	 95.858423	 95.725686	 95.594227	 95.464089	 95.335314	  95.20794	 95.082005	 94.957546	 94.834597	 94.713191	 94.593358	 94.475129	  94.35853	 94.243588	 94.130327	 94.018769	 93.908935	 93.800844	 93.694512	 93.589956	 93.487188	 93.386221	 93.287065	 93.189729	 93.094218	 93.000539	 92.908695	 92.818687	 92.730517	 92.644183	 92.559682	 92.477011	 92.396163	 92.317132	 92.239909	 92.164485	 92.090849	 92.018989	 91.948891	 91.880541	 91.813923	 91.749021	 91.685818	 91.624294	  91.56443	 91.506206	 91.449601	 91.394593	  91.34116	 91.289277	 91.238922	  91.19007	 91.142695	 91.096774	 91.052279	 91.009185	 90.967464	 90.927091	 90.888039	 90.850279	 90.813784	 90.778528	 90.744481	 90.711617	 90.679908	 90.649326	 90.619843	 90.591432	 90.564065	 90.537716	 90.512356	  90.48796	   90.4645	 90.441949	 90.420282	 90.399474	 90.379497	 90.360327	  90.34194	  90.32431	 90.307414	 90.291227	 90.275728	 90.260891	 90.246696	 90.233121	 90.220142	 90.207741	 90.195895	 90.184585	 90.173792	 90.163495	 90.153676	 90.144317	   90.1354	 90.126908	 90.118823	 90.111131	 90.103813	 90.096857	 90.090245	 90.083964	    90.078	  90.07234	 90.066969	 90.061875	 90.057047	 90.052471	 90.048138	 90.044035	 90.040152	 90.036478	 90.033005	 90.029722	  90.02662	 90.023691	 90.020925	 90.018316	 90.015855	 90.013534	 90.011348	 90.009288	 90.007348	 90.005522	 90.003804	 90.002189	  90.00067	 89.999243	 89.997903	 89.996644	 89.995463	 89.994355	 89.993316	 89.992342	  89.99143	 89.990575	 89.989775	 89.989026	 89.988326	 89.987671	 89.987058	 89.986486	 89.985952	 89.985453	 89.984987	 89.984553	 89.984147	 89.983769	 89.983417	 89.983088	 89.982782	 89.982497	 89.982232	 89.981984	 89.981754	 89.981539	  89.98134	 89.981153	  89.98098	 89.980818	 89.980667	 89.980526	 89.980395	 89.980271	 89.980156	 89.980048	 89.979946	  89.97985	 89.979759	 89.979673	 89.979592	 89.979514	 89.979439	 89.979366	 89.979296	 89.979228	 89.979161	 89.979095	
        99	 98.831431	 98.662933	 98.494576	 98.326432	 98.158571	 97.991063	 97.823977	 97.657383	 97.491349	 97.325942	 97.161231	  96.99728	 96.834155	 96.671921	 96.510639	 96.350373	 96.191182	 96.033126	 95.876264	  95.72065	 95.566342	 95.413391	  95.26185	 95.111768	 94.963196	 94.816178	 94.670761	 94.526987	 94.384897	 94.244531	 94.105926	 93.969118	  93.83414	 93.701024	   93.5698	 93.440494	 93.313133	  93.18774	 93.064337	 92.942942	 92.823575	 92.706249	 92.590979	 92.477777	 92.366652	 92.257611	 92.150662	 92.045807	 91.943049	 91.842389	 91.743825	 91.647354	 91.552971	  91.46067	 91.370444	 91.282282	 91.196173	 91.112106	 91.030066	 90.950038	 90.872006	 90.795951	 90.721855	 90.649699	 90.579459	 90.511115	 90.444643	  90.38002	 90.317219	 90.256216	 90.196984	 90.139496	 90.083723	 90.029638	 89.977211	 89.926413	 89.877214	 89.829584	 89.783492	 89.738907	 89.695798	 89.654133	 89.613882	 89.575013	 89.537494	 89.501292	 89.466378	 89.432719	 89.400283	  89.36904	 89.338958	 89.310006	 89.282153	  89.25537	 89.229625	 89.204889	 89.181132	 89.158326	  89.13644	 89.115448	 89.095321	 89.076031	 89.057552	 89.039856	 89.022918	 89.006713	 88.991214	 88.976397	 88.962239	 88.948715	 88.935803	  88.92348	 88.911725	 88.900515	  88.88983	  88.87965	 88.869955	 88.860725	 88.851943	 88.843589	 88.835647	 88.828099	 88.820928	 88.814119	 88.807657	 88.801525	  88.79571	 88.790198	 88.784974	 88.780026	 88.775342	 88.770909	 88.766715	  88.76275	 88.759002	  88.75546	 88.752116	 88.748959	  88.74598	  88.74317	 88.740521	 88.738025	 88.735673	 88.733458	 88.731374	 88.729413	 88.727568	 88.725835	 88.724205	 88.722675	 88.721238	  88.71989	 88.718625	 88.717439	 88.716327	 88.715285	 88.714309	 88.713396	 88.712541	 88.711741	 88.710994	 88.710295	 88.709641	 88.709031	 88.708462	  88.70793	 88.707434	 88.706971	 88.706539	 88.706137	 88.705762	 88.705413	 88.705087	 88.704784	 88.704502	 88.704239	 88.703994	 88.703766	 88.703553	 88.703355	  88.70317	 88.702998	 88.702837	 88.702687	 88.702546	 88.702414	 88.702291	 88.702175	 88.702065	 88.701962	 88.701863	  88.70177	 88.701681	 88.701595	 88.701513	 88.701433	 88.701355	 88.701279	 88.701203	
        99	 98.810585	 98.621249	 98.432073	 98.243136	 98.054516	 97.866293	 97.678545	 97.491349	 97.304782	 97.118921	  96.93384	 96.749614	 96.566317	  96.38402	 96.202793	 96.022708	 95.843831	 95.666229	 95.489968	 95.315111	  95.14172	 94.969854	 94.799573	 94.630932	 94.463986	 94.298788	 94.135387	 93.973833	 93.814172	 93.656448	 93.500703	 93.346976	 93.195307	 93.045729	 92.898277	 92.752981	  92.60987	  92.46897	 92.330306	 92.193899	  92.05977	 91.927935	 91.798411	 91.671209	 91.546342	 91.423817	 91.303641	  91.18582	 91.070354	 90.957246	 90.846493	 90.738092	 90.632037	 90.528323	 90.426938	 90.327874	 90.231117	 90.136653	 90.044468	 89.954543	 89.866861	 89.781401	 89.698142	 89.617062	 89.538137	 89.461341	 89.386649	 89.314034	 89.243467	  89.17492	 89.108363	 89.043766	 88.981096	 88.920322	 88.861412	 88.804332	 88.749049	 88.695529	 88.643736	 88.593638	 88.545198	 88.498381	 88.453152	 88.409476	 88.367317	 88.326639	 88.287407	 88.249585	 88.213139	 88.178032	 88.144229	 88.111697	   88.0804	 88.050304	 88.021376	 87.993581	 87.966886	 87.941259	 87.916668	  87.89308	 87.870463	 87.848788	 87.828024	  87.80814	 87.789107	 87.770897	 87.753482	 87.736833	 87.720923	 87.705727	 87.691219	 87.677372	 87.664162	 87.651566	  87.63956	 87.628121	 87.617227	 87.606856	 87.596988	 87.587601	 87.578677	 87.570195	 87.562138	 87.554487	 87.547225	 87.540335	 87.533801	 87.527607	 87.521737	 87.516178	 87.510914	 87.505933	 87.501221	 87.496765	 87.492553	 87.488574	 87.484816	 87.481269	 87.477921	 87.474764	 87.471787	 87.468982	 87.466339	 87.463851	 87.461509	 87.459305	 87.457233	 87.455284	 87.453454	 87.451734	  87.45012	 87.448605	 87.447183	  87.44585	 87.444601	  87.44343	 87.442334	 87.441308	 87.440347	 87.439448	 87.438608	 87.437823	 87.437089	 87.436403	 87.435763	 87.435166	 87.434608	 87.434088	 87.433603	 87.433151	  87.43273	 87.432337	 87.431972	 87.431631	 87.431314	 87.431018	 87.430743	 87.430486	 87.430248	 87.430025	 87.429817	 87.429624	 87.429443	 87.429274	 87.429116	 87.428968	 87.428829	 87.428699	 87.428576	 87.428459	 87.428349	 87.428244	 87.428144	 87.428048	 87.427955	 87.427865	 87.427778	 87.427692	 87.427607	
        99	 98.789818	 98.579724	 98.369806	 98.160154	 97.950855	 97.741995	 97.533662	 97.325942	 97.118921	 96.912682	 96.707309	 96.502885	 96.299491	 96.097207	 95.896112	 95.696282	 95.497793	 95.300719	 95.105133	 94.911105	 94.718703	 94.527995	 94.339044	 94.151914	 93.966664	 93.783354	 93.602038	 93.422772	 93.245605	 93.070588	 92.897767	 92.727187	 92.558888	 92.392911	 92.229293	 92.068066	 91.909265	 91.752917	  91.59905	 91.447688	 91.298853	 91.152564	 91.008839	 90.867691	 90.729133	 90.593175	 90.459823	 90.329084	 90.200959	  90.07545	 89.952554	 89.832268	 89.714586	   89.5995	    89.487	 89.377074	 89.269709	 89.164889	 89.062596	 88.962812	 88.865517	 88.770687	   88.6783	  88.58833	 88.500752	 88.415536	 88.332655	 88.252078	 88.173775	 88.097713	 88.023858	 87.952178	 87.882638	 87.815201	 87.749832	 87.686494	 87.625149	 87.565761	  87.50829	 87.452699	 87.398948	 87.346999	 87.296811	 87.248346	 87.201565	 87.156427	 87.112894	 87.070925	 87.030482	 86.991526	 86.954018	 86.917919	 86.883191	 86.849795	 86.817695	 86.786853	 86.757231	 86.728795	 86.701507	 86.675333	 86.650237	 86.626185	 86.603144	  86.58108	 86.559961	 86.539754	 86.520429	 86.501955	 86.484302	  86.46744	  86.45134	 86.435975	 86.421317	  86.40734	 86.394018	 86.381325	 86.369236	 86.357728	 86.346778	 86.336362	 86.326459	 86.317048	 86.308107	 86.299617	 86.291559	 86.283914	 86.276663	  86.26979	 86.263277	 86.257108	 86.251267	  86.24574	 86.240511	 86.235567	 86.230893	 86.226478	 86.222308	 86.218372	 86.214657	 86.211154	 86.207851	 86.204738	 86.201805	 86.199044	 86.196445	    86.194	   86.1917	 86.189538	 86.187507	 86.185599	 86.183808	 86.182126	 86.180549	  86.17907	 86.177684	 86.176385	 86.175168	 86.174029	 86.172963	 86.171966	 86.171034	 86.170162	 86.169348	 86.168587	 86.167877	 86.167214	 86.166595	 86.166018	  86.16548	 86.164978	 86.164511	 86.164075	 86.163669	 86.163291	 86.162939	 86.162611	 86.162306	 86.162021	 86.161756	 86.161509	 86.161279	 86.161064	 86.160864	 86.160676	 86.160501	 86.160337	 86.160183	 86.160038	 86.159901	 86.159772	  86.15965	 86.159533	 86.159422	 86.159316	 86.159213	 86.159113	 86.159016	 86.158921	 86.158827	
        99	 98.769138	 98.538372	 98.307801	 98.077521	 97.847628	 97.618219	 97.389388	 97.161231	  96.93384	 96.707309	  96.48173	 96.257193	 96.033787	   95.8116	 95.590718	 95.371227	 95.153209	 94.936745	 94.721915	 94.508796	 94.297464	 94.087991	  93.88045	 93.674907	 93.471431	 93.270084	 93.070929	 92.874024	 92.679427	  92.48719	 92.297365	 92.110001	 91.925143	 91.742836	 91.563118	 91.386029	 91.211603	 91.039872	 90.870866	 90.704611	 90.541132	  90.38045	 90.222583	 90.067548	 89.915357	 89.766022	  89.61955	 89.475947	 89.335216	 89.197358	  89.06237	 88.930249	 88.800988	 88.674579	  88.55101	 88.430268	 88.312339	 88.197206	 88.084849	 87.975247	 87.868378	 87.764218	 87.662741	 87.563919	 87.467724	 87.374124	 87.283088	 87.194583	 87.108576	 87.025029	 86.943909	 86.865176	 86.788793	 86.714721	  86.64292	  86.57335	  86.50597	 86.440739	 86.377614	 86.316553	 86.257513	 86.200452	 86.145327	 86.092093	 86.040709	  85.99113	 85.943313	 85.897216	 85.852794	 85.810005	 85.768806	 85.729155	  85.69101	 85.654329	  85.61907	 85.585193	 85.552657	 85.521423	  85.49145	 85.462701	 85.435136	 85.408718	 85.383409	 85.359174	 85.335977	 85.313783	 85.292556	 85.272264	 85.252874	 85.234353	 85.216669	 85.199792	 85.183693	  85.16834	 85.153707	 85.139765	 85.126487	 85.113847	 85.101819	 85.090378	 85.079501	 85.069164	 85.059343	 85.050019	 85.041168	  85.03277	 85.024806	 85.017256	 85.010103	 85.003327	 84.996911	  84.99084	 84.985097	 84.979666	 84.974532	 84.969683	 84.965102	 84.960779	 84.956699	 84.952851	 84.949223	 84.945804	 84.942583	  84.93955	 84.936695	 84.934009	 84.931483	 84.929109	 84.926877	 84.924782	 84.922814	 84.920967	 84.919235	  84.91761	 84.916088	 84.914661	 84.913325	 84.912074	 84.910903	 84.909807	 84.908783	 84.907826	 84.906931	 84.906096	 84.905316	 84.904588	 84.903908	 84.903274	 84.902683	 84.902132	 84.901619	  84.90114	 84.900695	 84.900279	 84.899893	 84.899532	 84.899197	 84.898884	 84.898593	 84.898322	 84.898069	 84.897833	 84.897613	 84.897407	 84.897214	 84.897034	 84.896865	 84.896705	 84.896555	 84.896414	 84.896279	 84.896151	 84.896029	 84.895912	 84.895799	  84.89569	 84.895583	 84.895479	 84.895375	
        99	 98.748553	 98.497212	 98.246083	  97.99527	 97.744879	 97.495015	 97.245781	  96.99728	 96.749614	 96.502885	 96.257193	 96.012635	 95.769309	 95.527311	 95.286735	 95.047673	 94.810216	 94.574452	 94.340467	 94.108346	  93.87817	  93.65002	 93.423974	 93.200104	 92.978485	 92.759186	 92.542274	 92.327812	 92.115863	 91.906486	 91.699736	 91.495665	 91.294325	 91.095763	 90.900021	 90.707142	 90.517163	  90.33012	 90.146045	 89.964967	 89.786911	 89.611902	 89.439959	 89.271101	  89.10534	  88.94269	 88.783158	 88.626751	 88.473472	 88.323321	 88.176298	 88.032397	  87.89161	  87.75393	 87.619343	 87.487836	 87.359392	 87.233993	 87.111617	 86.992243	 86.875846	 86.762399	 86.651874	  86.54424	 86.439468	 86.337522	 86.238369	 86.141973	 86.048297	 85.957301	 85.868947	 85.783195	 85.700001	 85.619325	 85.541122	 85.465349	 85.391961	 85.320913	  85.25216	 85.185654	 85.121351	 85.059202	 84.999161	 84.941182	 84.885216	 84.831216	 84.779136	 84.728928	 84.680545	 84.633941	 84.589069	 84.545883	 84.504336	 84.464384	 84.425982	 84.389084	 84.353648	 84.319628	 84.286983	  84.25567	 84.225647	 84.196874	 84.169309	 84.142913	 84.117648	 84.093474	 84.070355	 84.048254	 84.027135	 84.006962	 83.987702	  83.96932	 83.951785	 83.935064	 83.919126	  83.90394	 83.889479	 83.875711	 83.862611	  83.85015	 83.838303	 83.827044	 83.816348	 83.806192	 83.796552	 83.787405	 83.778731	 83.770509	 83.762717	 83.755337	 83.748349	 83.741737	 83.735481	 83.729566	 83.723975	 83.718693	 83.713704	 83.708995	 83.704552	  83.70036	 83.696409	 83.692685	 83.689177	 83.685873	 83.682764	 83.679839	 83.677088	 83.674501	 83.672071	 83.669788	 83.667645	 83.665634	 83.663747	 83.661978	 83.660319	 83.658765	  83.65731	 83.655947	 83.654672	 83.653479	 83.652364	 83.651321	 83.650347	 83.649437	 83.648587	 83.647794	 83.647054	 83.646363	  83.64572	  83.64512	  83.64456	 83.644039	 83.643554	 83.643101	  83.64268	 83.642288	 83.641922	 83.641582	 83.641265	  83.64097	 83.640694	 83.640437	 83.640197	 83.639973	 83.639763	 83.639567	 83.639382	 83.639209	 83.639045	 83.638891	 83.638745	 83.638606	 83.638473	 83.638345	 83.638222	 83.638103	 83.637987	 83.637873	  83.63776	
        99	 98.728072	 98.456259	 98.184675	 97.913433	 97.642648	 97.372431	 97.102897	 96.834155	 96.566317	 96.299491	 96.033787	 95.769309	 95.506164	 95.244455	 94.984284	  94.72575	 94.468951	 94.213984	  93.96094	 93.709912	 93.460989	 93.214256	 92.969797	 92.727694	 92.488023	 92.250862	 92.016281	 91.784352	 91.555139	 91.328708	 91.105117	 90.884425	 90.666686	  90.45195	 90.240265	 90.031675	 89.826223	 89.623945	 89.424876	 89.229049	  89.03649	 88.847226	 88.661279	 88.478666	 88.299404	 88.123506	  87.95098	 87.781833	 87.616069	 87.453689	  87.29469	 87.139068	 86.986814	 86.837919	  86.69237	 86.550152	 86.411246	 86.275632	  86.14329	 86.014192	 85.888314	 85.765627	 85.646099	 85.529699	 85.416392	 85.306143	 85.198914	 85.094666	  84.99336	 84.894953	 84.799402	 84.706665	 84.616695	 84.529447	 84.444875	  84.36293	 84.283565	  84.20673	 84.132376	 84.060454	 83.990912	 83.923702	 83.858771	 83.796068	 83.735544	 83.677146	 83.620824	 83.566526	 83.514203	 83.463802	 83.415275	 83.368571	 83.323641	 83.280435	 83.238905	 83.199002	 83.160679	 83.123888	 83.088584	 83.054721	 83.022252	 82.991135	 82.961325	  82.93278	 82.905456	 82.879314	 82.854312	  82.83041	 82.807571	 82.785755	 82.764926	 82.745047	 82.726084	    82.708	 82.690764	 82.674342	 82.658702	 82.643814	 82.629646	 82.616171	 82.603359	 82.591182	 82.579615	 82.568632	 82.558206	 82.548315	 82.538935	 82.530042	 82.521616	 82.513634	 82.506078	 82.498927	 82.492162	 82.485765	 82.479718	 82.474006	 82.468611	 82.463518	 82.458713	  82.45418	 82.449907	 82.445879	 82.442085	 82.438513	  82.43515	 82.431987	 82.429012	 82.426215	 82.423587	 82.421118	   82.4188	 82.416625	 82.414585	 82.412671	 82.410878	 82.409197	 82.407623	 82.406149	  82.40477	  82.40348	 82.402274	 82.401146	 82.400093	 82.399109	  82.39819	 82.397332	 82.396532	 82.395785	 82.395089	  82.39444	 82.393835	 82.393271	 82.392746	 82.392257	 82.391802	 82.391378	 82.390982	 82.390614	 82.390271	 82.389952	 82.389654	 82.389376	 82.389116	 82.388874	 82.388647	 82.388435	 82.388235	 82.388048	 82.387871	 82.387704	 82.387546	 82.387395	 82.387251	 82.387114	 82.386981	 82.386852	 82.386726	 82.386603	 82.386481	
        99	 98.707703	  98.41553	 98.123602	 97.832043	 97.540974	 97.250517	 96.960793	 96.671921	  96.38402	 96.097207	   95.8116	 95.527311	 95.244455	 94.963143	 94.683483	 94.405583	 94.129549	 93.855483	 93.583485	 93.313653	 93.046084	 92.780869	 92.518099	 92.257861	 92.000238	 91.745311	 91.493159	 91.243857	 90.997475	 90.754083	 90.513744	 90.276521	 90.042471	  89.81165	 89.584109	 89.359895	 89.139052	 88.921622	 88.707643	 88.497146	 88.290164	 88.086723	 87.886847	 87.690556	 87.497866	 87.308792	 87.123342	 86.941526	 86.763345	 86.588802	 86.417893	 86.250613	 86.086955	 85.926907	 85.770456	 85.617584	 85.468273	 85.322502	 85.180246	 85.041478	 84.906171	 84.774294	 84.645813	 84.520693	 84.398899	 84.280392	 84.165131	 84.053074	 83.944179	 83.838401	 83.735693	 83.636009	   83.5393	 83.445517	  83.35461	 83.266527	 83.181216	 83.098626	 83.018703	 82.941393	 82.866643	 82.794397	 82.724603	 82.657204	 82.592145	 82.529373	 82.468832	 82.410467	 82.354225	 82.300049	 82.247887	 82.197685	 82.149389	 82.102946	 82.058305	 82.015413	  81.97422	 81.934673	 81.896725	 81.860325	 81.825424	 81.791976	 81.759933	  81.72925	 81.699879	 81.671779	 81.644904	 81.619212	 81.594662	 81.571212	 81.548822	 81.527455	 81.507071	 81.487633	 81.469106	 81.451454	 81.434642	 81.418638	  81.40341	 81.388925	 81.375153	 81.362065	 81.349631	 81.337825	 81.326619	 81.315986	 81.305903	 81.296345	 81.287287	 81.278708	 81.270585	 81.262898	 81.255627	 81.248751	 81.242251	 81.236111	 81.230312	 81.224838	 81.219672	   81.2148	 81.210207	 81.205878	 81.201799	 81.197959	 81.194345	 81.190944	 81.187746	  81.18474	 81.181915	 81.179262	  81.17677	 81.174432	 81.172239	 81.170182	 81.168254	 81.166448	 81.164756	 81.163172	 81.161689	 81.160303	 81.159006	 81.157794	 81.156661	 81.155603	 81.154616	 81.153694	 81.152833	 81.152031	 81.151283	 81.150585	 81.149935	 81.149329	 81.148765	 81.148239	 81.147749	 81.147293	 81.146868	 81.146473	 81.146104	 81.145761	  81.14544	 81.145142	 81.144863	 81.144602	 81.144358	  81.14413	 81.143916	 81.143714	 81.143524	 81.143345	 81.143174	 81.143013	 81.142858	  81.14271	 81.142567	 81.142428	 81.142293	 81.142161	  81.14203	
        99	 98.687454	  98.37504	 98.062888	 97.751131	 97.439897	 97.129319	 96.819523	 96.510639	 96.202793	 95.896112	 95.590718	 95.286735	 94.984284	 94.683483	 94.384449	 94.087298	 93.792141	 93.499088	 93.208247	 92.919723	 92.633617	 92.350029	 92.069055	 91.790788	 91.515318	 91.242731	 90.973111	 90.706538	 90.443087	 90.182833	 89.925845	 89.672188	 89.421924	 89.175113	 88.931808	 88.692061	 88.455919	 88.223427	 87.994623	 87.769544	 87.548223	 87.330689	 87.116966	 86.907076	 86.701037	 86.498864	 86.300568	 86.106156	 85.915631	 85.728996	 85.546247	 85.367379	 85.192383	 85.021248	 84.853958	 84.690496	 84.530841	 84.374971	  84.22286	 84.074479	 83.929799	 83.788785	 83.651403	 83.517616	 83.387385	 83.260667	 83.137421	 83.017602	 82.901163	 82.788057	 82.678234	 82.571644	 82.468235	 82.367955	  82.27075	 82.176565	 82.085345	 81.997033	 81.911573	 81.828907	 81.748979	 81.671728	 81.597098	  81.52503	 81.455465	 81.388344	 81.323609	 81.261201	 81.201062	 81.143133	 81.087358	 81.033678	 80.982036	 80.932376	 80.884642	 80.838779	 80.794731	 80.752446	 80.711868	 80.672946	 80.635628	 80.599863	   80.5656	 80.532791	 80.501386	 80.471338	 80.442602	  80.41513	 80.388879	 80.363805	 80.339864	 80.317016	  80.29522	 80.274436	 80.254625	  80.23575	 80.217774	 80.200662	 80.184378	 80.168889	 80.154163	 80.140168	 80.126874	 80.114249	 80.102267	 80.090898	 80.080116	 80.069895	  80.06021	 80.051037	 80.042352	 80.034132	 80.026357	 80.019004	 80.012055	 80.005489	 79.999288	 79.993435	 79.987912	 79.982702	  79.97779	 79.973161	 79.968801	 79.964695	  79.96083	 79.957194	 79.953774	 79.950559	 79.947539	 79.944701	 79.942037	 79.939537	 79.937192	 79.934993	 79.932931	    79.931	 79.929191	 79.927497	 79.925912	 79.924429	 79.923042	 79.921746	 79.920535	 79.919404	 79.918348	 79.917362	 79.916442	 79.915584	 79.914784	 79.914038	 79.913343	 79.912695	 79.912092	  79.91153	 79.911006	 79.910518	 79.910064	 79.909641	 79.909247	  79.90888	 79.908537	 79.908218	  79.90792	 79.907641	  79.90738	 79.907136	 79.906907	 79.906691	 79.906488	 79.906296	 79.906114	 79.905941	 79.905776	 79.905617	 79.905465	 79.905316	 79.905172	  79.90503	 79.904891	
        99	 98.667332	 98.334804	 98.002556	 97.670728	 97.339457	 97.008883	 96.679143	 96.350373	 96.022708	 95.696282	 95.371227	 95.047673	  94.72575	 94.405583	 94.087298	 93.771015	 93.456856	 93.144936	 92.835371	 92.528271	 92.223746	 91.921901	 91.622837	 91.326655	  91.03345	 90.743314	 90.456336	   90.1726	 89.892189	  89.61518	 89.341646	 89.071658	 88.805283	 88.542581	 88.283612	  88.02843	 87.777086	 87.529625	 87.286091	 87.046522	 86.810952	 86.579412	  86.35193	 86.128527	 85.909224	 85.694035	 85.482972	 85.276043	 85.073253	 84.874602	 84.680088	 84.489704	 84.303442	 84.121288	 83.943228	 83.769242	 83.599309	 83.433404	   83.2715	 83.113566	 82.959571	 82.809479	 82.663252	 82.520852	 82.382236	 82.247361	  82.11618	 81.988647	 81.864711	 81.744323	  81.62743	 81.513978	 81.403912	 81.297175	 81.193712	 81.093463	  80.99637	 80.902373	 80.811411	 80.723423	 80.638349	 80.556125	  80.47669	 80.399982	 80.325939	 80.254496	 80.185594	 80.119168	 80.055157	 79.993499	 79.934132	 79.876996	  79.82203	 79.769173	 79.718366	  79.66955	 79.622667	 79.577658	 79.534469	 79.493041	  79.45332	 79.415252	 79.378784	 79.343862	 79.310435	 79.278453	 79.247867	 79.218626	 79.190685	 79.163996	 79.138515	 79.114196	 79.090996	 79.068874	 79.047788	 79.027698	 79.008564	  78.99035	 78.973018	 78.956532	 78.940859	 78.925963	 78.911812	 78.898375	 78.885621	  78.87352	 78.862044	 78.851165	 78.840857	 78.831093	 78.821848	   78.8131	 78.804824	 78.796998	 78.789601	 78.782612	 78.776013	 78.769782	 78.763903	 78.758358	  78.75313	 78.748203	 78.743562	 78.739191	 78.735078	 78.731208	 78.727568	 78.724146	 78.720931	 78.717911	 78.715076	 78.712415	 78.709918	 78.707577	 78.705383	 78.703327	 78.701402	 78.699599	 78.697912	 78.696334	 78.694858	 78.693478	 78.692189	 78.690985	 78.689861	 78.688812	 78.687833	 78.686919	 78.686068	 78.685274	 78.684534	 78.683844	 78.683202	 78.682604	 78.682046	 78.681527	 78.681044	 78.680594	 78.680174	 78.679783	 78.679419	 78.679079	 78.678761	 78.678465	 78.678187	 78.677927	 78.677683	 78.677454	 78.677238	 78.677033	  78.67684	 78.676656	  78.67648	 78.676311	 78.676148	 78.675991	 78.675837	 78.675686	 78.675537	
        99	 98.647345	 98.294839	  97.94263	 97.590865	 97.239691	 96.889256	 96.539705	 96.191182	 95.843831	 95.497793	 95.153209	 94.810216	 94.468951	 94.129549	 93.792141	 93.456856	 93.123821	 92.793162	 92.464997	 92.139447	 91.816626	 91.496645	 91.179614	 90.865638	 90.554816	 90.247249	 89.943029	 89.642246	 89.344988	 89.051336	 88.761368	 88.475159	  88.19278	 87.914295	 87.639767	 87.369254	 87.102809	  86.84048	 86.582315	 86.328352	 86.078629	 85.833178	 85.592029	 85.355204	 85.122725	 84.894607	 84.670863	 84.451502	 84.236528	 84.025942	 83.819741	 83.617919	 83.420467	 83.227369	 83.038611	 82.854172	 82.674029	 82.498157	 82.326525	 82.159103	 81.995856	 81.836746	 81.681734	 81.530778	 81.383834	 81.240855	 81.101793	 80.966598	 80.835216	 80.707595	 80.583679	  80.46341	 80.346731	 80.233583	 80.123903	 80.017631	 79.914705	  79.81506	 79.718633	 79.625359	 79.535173	  79.44801	 79.363802	 79.282486	 79.203993	 79.128259	 79.055216	   78.9848	 78.916943	  78.85158	 78.788647	 78.728078	 78.669809	 78.613777	 78.559917	 78.508169	 78.458469	 78.410756	 78.364971	 78.321055	 78.278948	 78.238593	 78.199933	 78.162913	 78.127478	 78.093575	  78.06115	 78.030153	 78.000533	 77.972241	 77.945229	 77.919449	 77.894855	 77.871404	 77.849051	 77.827754	 77.807471	 77.788162	 77.769789	 77.752313	 77.735697	 77.719906	 77.704905	 77.690661	 77.677141	 77.664313	 77.652148	 77.640615	 77.629687	 77.619337	 77.609537	 77.600262	 77.591489	 77.583193	 77.575352	 77.567944	 77.560947	 77.554342	  77.54811	 77.542232	  77.53669	 77.531467	 77.526547	 77.521914	 77.517553	  77.51345	 77.509592	 77.505965	 77.502556	 77.499355	 77.496349	 77.493528	 77.490882	   77.4884	 77.486074	 77.483895	 77.481854	 77.479943	 77.478154	 77.476481	 77.474917	 77.473454	 77.472088	 77.470811	  77.46962	 77.468507	 77.467469	 77.466501	 77.465598	 77.464757	 77.463972	 77.463241	 77.462561	 77.461926	 77.461335	 77.460785	 77.460273	 77.459795	 77.459351	 77.458936	  77.45855	 77.458189	 77.457853	 77.457538	 77.457244	 77.456969	  77.45671	 77.456467	 77.456238	 77.456021	 77.455816	 77.455621	 77.455434	 77.455255	 77.455083	 77.454916	 77.454753	 77.454593	 77.454435	
