Time step 19:
        99	        99	        99	        99	        99	        99	        99	        99	        99	        99	        99	        99	        99	        99	        99	        99	        99	        99	        99	        99	        99	        99	        99	        99	        99	        99	        99	        99	        99	        99	        99	        99	        99	        99	        99	        99	        99	        99	        99	        99	        99	        99	        99	        99	        99	        99	        99	        99	        99	        99	        99	        99	        99	        99	        99	        99	        99	        99	        99	        99	        99	        99	        99	        99	        99	        99	        99	        99	        99	        99	        99	        99	        99	        99	        99	        99	        99	        99	        99	        99	        99	        99	        99	        99	        99	        99	        99	        99	        99	        99	        99	        99	        99	        99	        99	        99	        99	        99	        99	        99	        99	        99	        99	        99	        99	        99	        99	        99	        99	        99	        99	        99	        99	        99	        99	        99	        99	        99	        99	        99	        99	        99	        99	        99	        99	        99	        99	        99	        99	        99	        99	        99	        99	        99	        99	        99	        99	        99	        99	        99	        99	        99	        99	        99	        99	        99	        99	        99	        99	        99	        99	        99	        99	        99	        99	        99	        99	        99	        99	        99	        99	        99	        99	        99	        99	        99	        99	        99	        99	        99	        99	        99	        99	        99	        99	        99	        99	        99	        99	        99	        99	        99	        99	        99	        99	        99	        99	        99	        99	        99	        99	        99	        99	        99	        99	        99	        99	        99	        99	        99	
        99	 98.966585	 98.933192	 98.899843	 98.866561	 98.833367	 98.800283	 98.767331	 98.734531	 98.701906	 98.669476	  98.63726	 98.605278	 98.573551	 98.542097	 98.510934	  98.48008	 98.449553	 98.419369	 98.389543	 98.360092	  98.33103	  98.30237	 98.274127	 98.246311	 98.218937	 98.192013	  98.16555	 98.139558	 98.114045	 98.089019	 98.064488	 98.040456	  98.01693	 97.993915	 97.971413	 97.949429	 97.927965	 97.907022	 97.886602	 97.866703	 97.847327	 97.828472	 97.810135	 97.792315	 97.775009	 97.758213	 97.741922	 97.726132	 97.710838	 97.696034	 97.681713	  97.66787	 97.654497	 97.641587	 97.629131	 97.617123	 97.605553	 97.594414	 97.583695	 97.573389	 97.563485	 97.553975	 97.544849	 97.536097	 97.527709	 97.519675	 97.511987	 97.504633	 97.497604	  97.49089	 97.484481	 97.478367	 97.472539	 97.466987	 97.461701	 97.456672	 97.451891	 97.447348	 97.443034	 97.438941	  97.43506	 97.431382	   97.4279	 97.424604	 97.421487	 97.418541	 97.415758	 97.413132	 97.410655	  97.40832	 97.406121	 97.404051	 97.402103	 97.400272	 97.398552	 97.396937	 97.395422	 97.394001	  97.39267	 97.391424	 97.390257	 97.389167	 97.388147	 97.387196	 97.386307	 97.385479	 97.384707	 97.383987	 97.383318	 97.382695	 97.382116	 97.381579	  97.38108	 97.380617	 97.380187	 97.379789	 97.379421	  97.37908	 97.378765	 97.378474	 97.378205	 97.377957	 97.377729	 97.377518	 97.377324	 97.377145	  97.37698	 97.376829	 97.376691	 97.376563	 97.376446	 97.376339	 97.376241	 97.376151	 97.376069	 97.375994	 97.375925	 97.375862	 97.375805	 97.375753	 97.375706	 97.375662	 97.375623	 97.375587	 97.375554	 97.375525	 97.375498	 97.375474	 97.375452	 97.375432	 97.375414	 97.375397	 97.375382	 97.375369	 97.375357	 97.375346	 97.375336	 97.375327	 97.375319	 97.375312	 97.375306	   97.3753	 97.375295	  97.37529	 97.375286	 97.375282	 97.375279	 97.375276	 97.375273	 97.375271	 97.375268	 97.375267	 97.375265	 97.375263	 97.375262	 97.375261	  97.37526	 97.375259	 97.375258	 97.375257	 97.375256	 97.375256	 97.375255	 97.375255	 97.375254	 97.375254	 97.375254	 97.375253	 97.375253	 97.375253	 97.375253	 97.375252	 97.375252	 97.375252	 97.375252	 97.375252	 97.375252	 97.375252	 97.375251	
        99	 98.933192	 98.866428	 98.799752	  98.73321	 98.666844	 98.600698	 98.534816	 98.469239	  98.40401	 98.339171	  98.27476	 98.210819	 98.147386	 98.084498	 98.022193	 97.960506	 97.899472	 97.839123	 97.779492	 97.720609	 97.662504	 97.605204	 97.548735	 97.493124	 97.438392	 97.384562	 97.331655	 97.279688	 97.228679	 97.178644	 97.129597	  97.08155	 97.034514	 96.988498	  96.94351	 96.899557	 96.856643	 96.814771	 96.773943	  96.73416	  96.69542	 96.657722	 96.621061	 96.585433	 96.550832	  96.51725	 96.484679	  96.45311	 96.422532	 96.392933	 96.364302	 96.336625	 96.309888	 96.284076	 96.259174	 96.235165	 96.212033	 96.189762	 96.168332	 96.147726	 96.127925	 96.108911	 96.090664	 96.073166	 96.056396	 96.040334	 96.024962	 96.010259	 95.996206	 95.982782	 95.969968	 95.957745	 95.946093	 95.934992	 95.924424	 95.914369	  95.90481	 95.895727	 95.887103	  95.87892	  95.87116	 95.863807	 95.856844	 95.850254	 95.844022	 95.838132	 95.832569	 95.827319	 95.822366	 95.817698	 95.813301	 95.809162	 95.805268	 95.801607	 95.798168	 95.794939	  95.79191	 95.789069	 95.786408	 95.783916	 95.781584	 95.779404	 95.777366	 95.775463	 95.773687	  95.77203	 95.770486	 95.769049	  95.76771	 95.766465	 95.765308	 95.764233	 95.763235	 95.762309	 95.761451	 95.760655	 95.759919	 95.759238	 95.758608	 95.758026	 95.757488	 95.756992	 95.756535	 95.756113	 95.755725	 95.755368	 95.755039	 95.754737	  95.75446	 95.754205	 95.753971	 95.753757	 95.753561	 95.753381	 95.753217	 95.753067	 95.752929	 95.752804	  95.75269	 95.752585	  95.75249	 95.752404	 95.752325	 95.752253	 95.752188	 95.752129	 95.752075	 95.752027	 95.751983	 95.751943	 95.751906	 95.751874	 95.751844	 95.751817	 95.751793	 95.751771	 95.751752	 95.751734	 95.751718	 95.751704	 95.751691	 95.751679	 95.751669	  95.75166	 95.751651	 95.751644	 95.751637	 95.751631	 95.751625	 95.751621	 95.751616	 95.751612	 95.751609	 95.751606	 95.751603	 95.751601	 95.751599	 95.751597	 95.751595	 95.751594	 95.751592	 95.751591	  95.75159	 95.751589	 95.751588	 95.751587	 95.751587	 95.751586	 95.751586	 95.751585	 95.751585	 95.751584	 95.751584	 95.751584	 95.751583	 95.751583	 95.751583	 95.751583	 95.751582	
        99	 98.899843	 98.799752	 98.699795	 98.600036	 98.500543	 98.401379	  98.30261	   98.2043	  98.10651	 98.009305	 97.912742	 97.816884	 97.721787	 97.627508	 97.534102	 97.441622	 97.350121	 97.259648	 97.170251	 97.081976	 96.994866	 96.908963	 96.824308	 96.740937	 96.658884	 96.578184	 96.498867	  96.42096	 96.344489	 96.269478	 96.195948	 96.123917	 96.053402	 95.984417	 95.916972	 95.851079	 95.786743	  95.72397	 95.662762	 95.603121	 95.545043	 95.488527	 95.433567	 95.380154	 95.328281	 95.277936	 95.229107	  95.18178	 95.135938	 95.091564	 95.048641	 95.007148	 94.967065	 94.928368	 94.891036	 94.855043	 94.820365	 94.786975	 94.754848	 94.723957	 94.694272	 94.665767	 94.638412	 94.612178	 94.587037	 94.562958	 94.539913	  94.51787	 94.496802	 94.476678	 94.457468	 94.439143	 94.421674	 94.405032	 94.389189	 94.374115	 94.359784	 94.346167	 94.333238	 94.320971	 94.309338	 94.298314	 94.287875	 94.277996	 94.268653	 94.259823	 94.251483	 94.243612	 94.236187	 94.229189	 94.222597	 94.216391	 94.210554	 94.205066	  94.19991	 94.195069	 94.190528	  94.18627	  94.18228	 94.178544	 94.175048	 94.171779	 94.168724	 94.165871	 94.163208	 94.160725	 94.158411	 94.156255	 94.154248	 94.152382	 94.150647	 94.149035	 94.147539	 94.146151	 94.144864	 94.143672	 94.142568	 94.141547	 94.140603	  94.13973	 94.138924	 94.138181	 94.137495	 94.136863	 94.136281	 94.135745	 94.135253	   94.1348	 94.134384	 94.134002	 94.133652	 94.133331	 94.133036	 94.132767	 94.132521	 94.132295	  94.13209	 94.131902	  94.13173	 94.131574	 94.131431	 94.131302	 94.131183	 94.131076	 94.130978	  94.13089	 94.130809	 94.130736	  94.13067	  94.13061	 94.130556	 94.130507	 94.130462	 94.130422	 94.130386	 94.130354	 94.130324	 94.130298	 94.130274	 94.130252	 94.130233	 94.130215	   94.1302	 94.130186	 94.130173	 94.130162	 94.130152	 94.130143	 94.130135	 94.130128	 94.130121	 94.130115	  94.13011	 94.130106	 94.130102	 94.130098	 94.130095	 94.130092	 94.130089	 94.130087	 94.130085	 94.130083	 94.130081	  94.13008	 94.130079	 94.130078	 94.130077	 94.130076	 94.130075	 94.130074	 94.130074	 94.130073	 94.130073	 94.130072	 94.130072	 94.130071	 94.130071	  94.13007	  94.13007	
        99	 98.866561	  98.73321	 98.600036	 98.467128	 98.334572	 98.202457	 98.070867	 97.939888	 97.809603	 97.680095	 97.551446	 97.423733	 97.297035	 97.171427	 97.046982	 96.923772	 96.801865	 96.681328	 96.562224	 96.444614	 96.328558	  96.21411	 96.101323	 95.990248	  95.88093	 95.773413	 95.667738	 95.563942	  95.46206	 95.362123	 95.264159	 95.168192	 95.074245	 94.982335	  94.89248	 94.804689	 94.718975	 94.635342	 94.553795	 94.474334	 94.396958	 94.321661	 94.248437	 94.177276	 94.108166	 94.041091	 93.976036	 93.912981	 93.851906	 93.792787	 93.735601	  93.68032	 93.626916	 93.575361	 93.525623	  93.47767	 93.431468	 93.386983	 93.344181	 93.303023	 93.263475	 93.225497	 93.189052	 93.154101	 93.120605	 93.088525	 93.057821	 93.028455	 93.000385	 92.973573	  92.94798	 92.923566	 92.900292	  92.87812	 92.857012	 92.836929	 92.817836	 92.799694	 92.782469	 92.766125	 92.750626	 92.735939	 92.722031	  92.70887	 92.696422	 92.684658	 92.673547	  92.66306	 92.653168	 92.643844	 92.635061	 92.626794	 92.619016	 92.611704	 92.604835	 92.598386	 92.592336	 92.586662	 92.581347	 92.576369	 92.571712	 92.567356	 92.563286	 92.559485	 92.555938	 92.552629	 92.549546	 92.546674	 92.544001	 92.541514	 92.539202	 92.537055	 92.535062	 92.533213	 92.531498	  92.52991	 92.528439	 92.527079	  92.52582	 92.524658	 92.523584	 92.522593	  92.52168	 92.520838	 92.520062	 92.519349	 92.518692	 92.518089	 92.517535	 92.517026	 92.516559	 92.516132	  92.51574	 92.515381	 92.515053	 92.514753	 92.514478	 92.514228	    92.514	 92.513791	 92.513601	 92.513428	 92.513271	 92.513128	 92.512998	  92.51288	 92.512773	 92.512675	 92.512587	 92.512507	 92.512435	  92.51237	 92.512311	 92.512257	 92.512209	 92.512165	 92.512126	 92.512091	 92.512059	  92.51203	 92.512005	 92.511981	 92.511961	 92.511942	 92.511925	  92.51191	 92.511897	 92.511885	 92.511874	 92.511864	 92.511856	 92.511848	 92.511841	 92.511835	  92.51183	 92.511825	  92.51182	 92.511817	 92.511813	  92.51181	 92.511807	 92.511805	 92.511803	 92.511801	 92.511799	 92.511798	 92.511797	 92.511795	 92.511794	 92.511793	 92.511793	 92.511792	 92.511791	  92.51179	  92.51179	 92.511789	 92.511789	 92.511788	 92.511788	
        99	 98.833367	 98.666844	 98.500543	 98.334572	 98.169043	 98.004062	 97.839739	 97.676178	 97.513484	  97.35176	 97.191108	 97.031626	 96.873411	 96.716558	 96.561156	 96.407297	 96.255065	 96.104543	 95.955811	 95.808945	 95.664019	 95.521102	 95.380258	 95.241552	  95.10504	 94.970778	 94.838816	   94.7092	 94.581974	 94.457177	 94.334844	 94.215005	 94.097687	 93.982915	 93.870707	 93.761078	 93.654042	 93.549605	 93.447772	 93.348545	 93.251921	 93.157894	 93.066455	 92.977592	 92.891289	  92.80753	 92.726292	 92.647552	 92.571284	 92.497459	 92.426047	 92.357014	 92.290326	 92.225946	 92.163835	 92.103953	 92.046259	 91.990708	 91.937258	 91.885863	 91.836476	 91.789051	  91.74354	 91.699895	 91.658067	 91.618007	 91.579665	 91.542993	 91.507941	  91.47446	   91.4425	 91.412012	 91.382949	 91.355262	 91.328903	 91.303825	 91.279982	 91.257327	 91.235817	 91.215407	 91.196053	 91.177713	 91.160345	 91.143909	 91.128365	 91.113674	 91.099799	 91.086704	 91.074351	 91.062708	 91.051741	 91.041416	 91.031704	 91.022574	 91.013996	 91.005942	 90.998387	 90.991302	 90.984664	 90.978449	 90.972632	 90.967194	 90.962111	 90.957364	 90.952935	 90.948803	 90.944953	 90.941366	 90.938028	 90.934923	 90.932036	 90.929355	 90.926866	 90.924556	 90.922416	 90.920432	 90.918596	 90.916896	 90.915325	 90.913873	 90.912533	 90.911296	 90.910155	 90.909103	 90.908135	 90.907244	 90.906424	 90.905671	 90.904979	 90.904343	 90.903761	 90.903226	 90.902737	 90.902289	 90.901879	 90.901504	 90.901162	 90.900849	 90.900564	 90.900304	 90.900067	 90.899851	 90.899654	 90.899476	 90.899313	 90.899166	 90.899032	  90.89891	   90.8988	 90.898701	  90.89861	 90.898529	 90.898455	 90.898388	 90.898328	 90.898274	 90.898225	  90.89818	 90.898141	 90.898105	 90.898073	 90.898044	 90.898018	 90.897995	 90.897974	 90.897955	 90.897938	 90.897923	  90.89791	 90.897898	 90.897887	 90.897877	 90.897869	 90.897861	 90.897854	 90.897848	 90.897843	 90.897838	 90.897834	  90.89783	 90.897827	 90.897824	 90.897821	 90.897819	 90.897816	 90.897815	 90.897813	 90.897811	  90.89781	 90.897809	 90.897808	 90.897807	 90.897806	 90.897805	 90.897805	 90.897804	 90.897803	 90.897803	 90.897802	
        99	 98.800283	 98.600698	 98.401379	 98.202457	 98.004062	 97.806326	 97.609377	 97.413342	 97.218347	 97.024515	 96.831966	 96.640821	 96.451193	 96.263197	 96.076942	 95.892535	 95.710078	 95.529671	  95.35141	 95.175385	 95.001685	 94.830392	 94.661586	  94.49534	 94.331725	 94.170806	 94.012643	 93.857294	 93.704808	 93.555234	 93.408612	 93.264979	  93.12437	  92.98681	 92.852324	 92.720929	 92.592641	 92.467469	 92.345419	 92.226491	 92.110682	 91.997987	 91.888394	 91.781887	  91.67845	 91.578061	 91.480694	  91.38632	  91.29491	 91.206428	 91.120837	 91.038099	 90.958171	 90.881008	 90.806566	 90.734794	 90.665645	 90.599065	 90.535003	 90.473404	 90.414212	 90.357371	 90.302824	 90.250513	  90.20038	 90.152367	 90.106413	  90.06246	 90.020449	  89.98032	 89.942014	 89.905474	  89.87064	 89.837456	 89.805863	 89.775806	 89.747229	 89.720077	 89.694297	 89.669834	 89.646637	 89.624656	  89.60384	 89.584141	 89.565511	 89.547903	 89.531273	 89.515577	 89.500773	 89.486818	 89.473673	 89.461299	 89.449658	 89.438715	 89.428434	 89.418782	 89.409726	 89.401235	 89.393279	 89.385829	 89.378858	  89.37234	 89.366248	 89.360559	  89.35525	 89.350298	 89.345683	 89.341384	 89.337383	 89.333662	 89.330202	 89.326988	 89.324005	 89.321237	 89.318671	 89.316294	 89.314093	 89.312056	 89.310173	 89.308433	 89.306826	 89.305344	 89.303976	 89.302716	 89.301555	 89.300487	 89.299505	 89.298602	 89.297772	 89.297011	 89.296313	 89.295672	 89.295086	 89.294549	 89.294057	 89.293608	 89.293198	 89.292823	 89.292481	 89.292169	 89.291885	 89.291626	 89.291391	 89.291177	 89.290982	 89.290805	 89.290645	 89.290499	 89.290367	 89.290248	  89.29014	 89.290042	 89.289953	 89.289873	 89.289801	 89.289736	 89.289677	 89.289624	 89.289577	 89.289534	 89.289495	 89.289461	  89.28943	 89.289402	 89.289377	 89.289354	 89.289334	 89.289316	   89.2893	 89.289285	 89.289273	 89.289261	 89.289251	 89.289242	 89.289234	 89.289226	  89.28922	 89.289214	 89.289209	 89.289204	   89.2892	 89.289197	 89.289194	 89.289191	 89.289188	 89.289186	 89.289184	 89.289182	 89.289181	 89.289179	 89.289178	 89.289177	 89.289176	 89.289175	 89.289174	 89.289173	 89.289172	 89.289172	 89.289171	
        99	 98.767331	 98.534816	  98.30261	 98.070867	 97.839739	 97.609377	 97.379933	 97.151553	 96.924385	 96.698571	 96.474254	  96.25157	 96.030655	 95.811641	 95.594655	 95.379822	 95.167261	 94.957088	 94.749414	 94.544347	 94.341987	 94.142432	 93.945773	 93.752098	 93.561487	 93.374017	 93.189759	 93.008778	 92.831133	  92.65688	 92.486066	 92.318735	 92.154925	 91.994669	 91.837993	  91.68492	 91.535465	 91.389641	 91.247452	 91.108902	 90.973986	 90.842697	 90.715021	 90.590942	 90.470438	 90.353485	 90.240053	 90.130108	 90.023616	 89.920535	 89.820822	 89.724433	 89.631317	 89.541423	 89.454698	 89.371085	 89.290526	 89.212961	 89.138329	 89.066566	 88.997608	 88.931388	 88.867842	   88.8069	 88.748496	  88.69256	 88.639024	 88.587819	 88.538876	 88.492126	   88.4475	 88.404931	  88.36435	  88.32569	 88.288885	 88.253869	 88.220577	 88.188945	 88.158911	 88.130412	 88.103388	  88.07778	  88.05353	  88.03058	 88.008876	 87.988363	  87.96899	 87.950704	 87.933457	 87.917199	 87.901886	  87.88747	 87.873909	  87.86116	 87.849183	 87.837938	 87.827388	 87.817496	 87.808227	 87.799548	 87.791427	 87.783833	 87.776736	 87.770109	 87.763923	 87.758155	 87.752778	  87.74777	 87.743109	 87.738773	 87.734743	 87.730999	 87.727523	 87.724299	  87.72131	  87.71854	 87.715976	 87.713603	 87.711409	 87.709382	  87.70751	 87.705783	  87.70419	 87.702722	  87.70137	 87.700125	 87.698981	 87.697929	 87.696963	 87.696076	 87.695262	 87.694516	 87.693833	 87.693207	 87.692635	 87.692111	 87.691633	 87.691197	 87.690798	 87.690435	 87.690104	 87.689803	 87.689528	 87.689279	 87.689052	 87.688846	 87.688659	  87.68849	 87.688336	 87.688197	 87.688071	 87.687956	 87.687853	  87.68776	 87.687676	   87.6876	 87.687532	  87.68747	 87.687415	 87.687365	  87.68732	 87.687279	 87.687243	 87.687211	 87.687181	 87.687155	 87.687132	 87.687111	 87.687092	 87.687075	  87.68706	 87.687047	 87.687035	 87.687024	 87.687015	 87.687006	 87.686999	 87.686992	 87.686986	 87.686981	 87.686976	 87.686972	 87.686968	 87.686965	 87.686962	 87.686959	 87.686957	 87.686955	 87.686953	 87.686952	  87.68695	 87.686949	 87.686948	 87.686946	 87.686945	 87.686945	 87.686944	 87.686943	 87.686942	
        99	 98.734531	 98.469239	   98.2043	 97.939888	 97.676178	 97.413342	 97.151553	  96.89098	 96.631787	 96.374141	 96.118201	 95.864126	 95.612069	 95.362181	 95.114606	 94.869488	 94.626963	 94.387162	 94.150213	 93.916237	 93.685351	 93.457664	 93.233283	 93.012305	 92.794825	 92.580927	 92.370695	   92.1642	 91.961513	 91.762695	 91.567802	 91.376883	 91.189981	 91.007134	 90.828372	 90.653719	 90.483196	 90.316815	 90.154582	 89.996501	 89.842566	 89.692769	 89.547094	 89.405524	 89.268033	 89.134593	  89.00517	 88.879727	 88.758223	  88.64061	 88.526841	 88.416864	 88.310621	 88.208055	 88.109105	 88.013705	  87.92179	 87.833291	 87.748138	 87.666258	 87.587579	 87.512025	  87.43952	 87.369987	  87.30335	 87.239529	 87.178446	 87.120023	  87.06418	  87.01084	 86.959924	 86.911353	 86.865052	 86.820942	 86.778949	 86.738996	 86.701011	  86.66492	 86.630652	 86.598135	 86.567302	 86.538084	 86.510415	  86.48423	 86.459467	 86.436062	 86.413958	 86.393094	 86.373416	 86.354867	 86.337394	 86.320946	 86.305473	 86.290927	 86.277261	 86.264432	 86.252394	 86.241108	 86.230533	  86.22063	 86.211364	   86.2027	 86.194602	  86.18704	 86.179983	 86.173401	 86.167267	 86.161553	 86.156235	 86.151288	 86.146689	 86.142418	 86.138452	 86.134773	 86.131362	 86.128202	 86.125277	  86.12257	 86.120067	 86.117754	 86.115618	 86.113647	 86.111829	 86.110154	 86.108612	 86.107192	 86.105886	 86.104686	 86.103583	 86.102571	 86.101643	 86.100792	 86.100012	 86.099298	 86.098645	 86.098048	 86.097503	 86.097004	  86.09655	 86.096135	 86.095758	 86.095414	 86.095101	 86.094816	 86.094557	 86.094322	 86.094109	 86.093916	  86.09374	 86.093581	 86.093438	 86.093307	  86.09319	 86.093084	 86.092988	 86.092901	 86.092823	 86.092753	 86.092689	 86.092632	 86.092581	 86.092535	 86.092494	 86.092456	 86.092423	 86.092393	 86.092367	 86.092343	 86.092321	 86.092302	 86.092285	  86.09227	 86.092256	 86.092244	 86.092233	 86.092223	 86.092215	 86.092207	   86.0922	 86.092194	 86.092189	 86.092184	  86.09218	 86.092176	 86.092173	  86.09217	 86.092167	 86.092165	 86.092163	 86.092161	 86.092159	 86.092158	 86.092156	 86.092155	 86.092154	 86.092153	 86.092152	 86.092151	  86.09215	
        99	 98.701906	  98.40401	  98.10651	 97.809603	 97.513484	 97.218347	 96.924385	 96.631787	 96.340741	 96.051431	 95.764037	 95.478737	 95.195703	 94.915104	 94.637103	 94.361861	  94.08953	 93.820258	 93.554189	 93.291458	 93.032197	 92.776528	 92.524571	 92.276436	 92.032228	 91.792043	 91.555973	 91.324102	 91.096505	 90.873253	 90.654408	 90.440025	 90.230154	 90.024835	 89.824104	 89.627987	 89.436507	 89.249678	 89.067508	 88.889998	 88.717145	 88.548938	 88.385361	 88.226393	 88.072005	 87.922165	 87.776837	 87.635977	  87.49954	 87.367473	 87.239723	 87.116229	  86.99693	 86.881759	 86.770647	 86.663523	 86.560312	 86.460937	 86.365318	 86.273376	 86.185027	 86.100188	 86.018773	 85.940695	 85.865868	 85.794203	 85.725613	  85.66001	 85.597305	 85.537409	 85.480235	 85.425696	 85.373704	 85.324174	 85.277019	 85.232157	 85.189503	 85.148977	 85.110497	 85.073985	 85.039362	 85.006553	 84.975484	 84.946081	 84.918274	 84.891993	 84.867172	 84.843745	 84.821647	 84.800819	 84.781199	 84.762729	 84.745355	 84.729021	 84.713676	 84.699269	 84.685753	 84.673079	 84.661204	 84.650085	 84.639681	 84.629951	 84.620858	 84.612367	 84.604443	 84.597052	 84.590163	 84.583748	 84.577776	 84.572221	 84.567057	  84.56226	 84.557807	 84.553676	 84.549846	 84.546298	 84.543013	 84.539973	 84.537162	 84.534565	 84.532167	 84.529954	 84.527913	 84.526032	   84.5243	 84.522705	 84.521239	 84.519891	 84.518653	 84.517517	 84.516474	 84.515519	 84.514643	 84.513842	 84.513108	 84.512438	 84.511825	 84.511266	 84.510756	  84.51029	 84.509866	  84.50948	 84.509128	 84.508809	 84.508518	 84.508254	 84.508015	 84.507798	 84.507601	 84.507422	 84.507261	 84.507115	 84.506983	 84.506863	 84.506756	 84.506658	 84.506571	 84.506492	 84.506421	 84.506357	 84.506299	 84.506247	 84.506201	 84.506159	 84.506122	 84.506088	 84.506058	 84.506031	 84.506007	 84.505986	 84.505967	 84.505949	 84.505934	  84.50592	 84.505908	 84.505897	 84.505888	 84.505879	 84.505872	 84.505865	 84.505859	 84.505853	 84.505849	 84.505844	 84.505841	 84.505837	 84.505834	 84.505832	 84.505829	 84.505827	 84.505825	 84.505824	 84.505822	 84.505821	 84.505819	 84.505818	 84.505817	 84.505816	 84.505815	
        99	 98.669476	 98.339171	 98.009305	 97.680095	  97.35176	 97.024515	 96.698571	 96.374141	 96.051431	 95.730646	 95.411985	 95.095646	  94.78182	 94.470693	 94.162448	 93.857261	 93.555302	 93.256735	 92.961719	 92.670405	 92.382938	 92.099455	 91.820086	 91.544956	 91.274179	 91.007864	 90.746111	 90.489013	 90.236656	 89.989115	 89.746461	 89.508755	 89.276051	 89.048395	 88.825825	 88.608372	  88.39606	 88.188905	 87.986916	 87.790095	 87.598437	  87.41193	 87.230557	 87.054293	 86.883109	 86.716968	 86.555828	 86.399644	 86.248363	 86.101929	  85.96028	 85.823351	 85.691072	 85.563372	 85.440172	 85.321393	 85.206953	 85.096767	 84.990746	 84.888801	 84.790841	 84.696771	 84.606498	 84.519926	 84.436958	 84.357497	 84.281445	 84.208705	 84.139178	 84.072766	 84.009372	 83.948899	  83.89125	 83.836331	 83.784047	 83.734304	  83.68701	 83.642074	 83.599408	 83.558923	 83.520534	 83.484156	 83.449706	 83.417104	 83.386272	 83.357133	 83.329611	 83.303635	 83.279134	 83.256039	 83.234284	 83.213806	 83.194541	  83.17643	 83.159416	 83.143442	 83.128454	 83.114402	 83.101235	 83.088906	  83.07737	 83.066582	   83.0565	 83.047085	 83.038298	 83.030104	 83.022466	 83.015352	  83.00873	 83.002571	 82.996845	 82.991527	 82.986589	 82.982009	 82.977762	 82.973828	 82.970185	 82.966815	 82.963698	 82.960819	  82.95816	 82.955706	 82.953443	 82.951357	 82.949436	 82.947669	 82.946043	 82.944548	 82.943176	 82.941915	  82.94076	   82.9397	 82.938729	 82.937841	 82.937027	 82.936284	 82.935605	 82.934985	 82.934419	 82.933903	 82.933432	 82.933004	 82.932615	  82.93226	 82.931938	 82.931645	  82.93138	 82.931139	 82.930921	 82.930723	 82.930544	 82.930382	 82.930235	 82.930103	 82.929983	 82.929876	 82.929778	 82.929691	 82.929612	 82.929541	 82.929477	  82.92942	 82.929368	 82.929322	 82.929281	 82.929244	  82.92921	  82.92918	 82.929154	  82.92913	 82.929109	  82.92909	 82.929073	 82.929057	 82.929044	 82.929032	 82.929021	 82.929012	 82.929003	 82.928996	 82.928989	 82.928983	 82.928978	 82.928973	 82.928969	 82.928965	 82.928962	 82.928959	 82.928956	 82.928954	 82.928952	  82.92895	 82.928948	 82.928947	 82.928945	 82.928944	 82.928943	 82.928942	  82.92894	
        99	  98.63726	  98.27476	 97.912742	 97.551446	 97.191108	 96.831966	 96.474254	 96.118201	 95.764037	 95.411985	 95.062265	 94.715093	 94.370678	 94.029227	 93.690937	 93.356004	 93.024613	 92.696946	 92.373175	 92.053467	  91.73798	 91.426866	 91.120268	  90.81832	 90.521151	 90.228879	 89.941613	 89.659457	 89.382502	 89.110834	 88.844529	 88.583654	 88.328268	 88.078423	 87.834159	 87.595512	 87.362506	  87.13516	 86.913483	 86.697478	 86.487139	 86.282453	 86.083402	 85.889958	 85.702089	 85.519754	 85.342909	 85.171501	 85.005475	 84.844768	 84.689312	 84.539037	 84.393866	 84.253718	  84.11851	 83.988154	  83.86256	 83.741634	 83.625279	 83.513398	 83.405889	 83.302651	 83.203579	 83.108569	 83.017514	 82.930308	 82.846844	 82.767013	 82.690709	 82.617824	 82.548251	 82.481884	 82.418617	 82.358345	 82.300964	 82.246373	 82.194469	 82.145154	 82.098329	 82.053898	 82.011767	 81.971843	 81.934036	 81.898256	 81.864419	 81.832439	 81.802235	 81.773727	 81.746838	 81.721492	 81.697617	 81.675142	    81.654	 81.634124	 81.615451	  81.59792	 81.581472	  81.56605	   81.5516	 81.538069	 81.525408	 81.513569	 81.502504	 81.492172	 81.482529	 81.473535	 81.465153	 81.457345	 81.450078	 81.443319	 81.437035	 81.431198	  81.42578	 81.420753	 81.416092	 81.411774	 81.407777	 81.404078	 81.400657	 81.397497	 81.394579	 81.391886	 81.389402	 81.387113	 81.385005	 81.383065	 81.381281	 81.379641	 81.378134	 81.376751	 81.375483	  81.37432	 81.373255	 81.372279	 81.371387	 81.370571	 81.369826	 81.369145	 81.368524	 81.367958	 81.367442	 81.366972	 81.366544	 81.366155	 81.365801	  81.36548	 81.365189	 81.364924	 81.364685	 81.364468	 81.364271	 81.364093	 81.363933	 81.363787	 81.363656	 81.363538	 81.363431	 81.363335	 81.363249	 81.363171	 81.363101	 81.363038	 81.362981	 81.362931	 81.362885	 81.362844	 81.362808	 81.362775	 81.362746	  81.36272	 81.362696	 81.362675	 81.362657	  81.36264	 81.362625	 81.362612	   81.3626	  81.36259	 81.362581	 81.362572	 81.362565	 81.362559	 81.362553	 81.362548	 81.362543	 81.362539	 81.362535	 81.362532	 81.362529	 81.362527	 81.362524	 81.362522	  81.36252	 81.362519	 81.362517	 81.362516	 81.362514	 81.362513	 81.362512	
        99	 98.605278	 98.210819	 97.816884	 97.423733	 97.031626	 96.640821	  96.25157	 95.864126	 95.478737	 95.095646	 94.715093	 94.337312	 93.962532	 93.590976	 93.222861	 92.858398	  92.49779	 92.141234	 91.788917	 91.441022	  91.09772	 90.759176	 90.425547	 90.096978	 89.773609	 89.455568	 89.142976	 88.835943	  88.53457	  88.23895	 87.949166	 87.665291	 87.387389	 87.115516	 86.849717	 86.590029	  86.33648	  86.08909	 85.847869	 85.612819	 85.383936	 85.161204	 84.944603	 84.734104	 84.529671	 84.331261	 84.138824	 83.952304	  83.77164	 83.596764	 83.427603	 83.264079	 83.106108	 82.953604	 82.806476	 82.664627	  82.52796	 82.396372	 82.269759	 82.148013	 82.031026	 81.918686	 81.810879	 81.707493	  81.60841	 81.513515	 81.422692	 81.335823	 81.252792	 81.173481	 81.097774	 81.025556	 80.956711	 80.891125	 80.828685	  80.76928	 80.712801	 80.659138	 80.608184	 80.559836	 80.513991	 80.470547	 80.429406	 80.390472	 80.353651	 80.318852	 80.285985	 80.254964	 80.225704	 80.198123	 80.172143	 80.147687	 80.124681	 80.103052	 80.082733	 80.063656	 80.045758	 80.028977	 80.013252	 79.998529	 79.984752	 79.971868	 79.959828	 79.948585	 79.938091	 79.928305	 79.919184	 79.910688	  79.90278	 79.895425	 79.888587	 79.882236	 79.876339	 79.870869	 79.865798	 79.861099	 79.856749	 79.852724	 79.849002	 79.845563	 79.842387	 79.839457	 79.836754	 79.834264	  79.83197	 79.829859	 79.827917	 79.826132	 79.824493	 79.822988	 79.821608	 79.820342	 79.819183	 79.818122	 79.817151	 79.816263	 79.815452	 79.814711	 79.814035	 79.813419	 79.812858	 79.812346	 79.811881	 79.811458	 79.811073	 79.810723	 79.810406	 79.810119	 79.809858	 79.809622	 79.809408	 79.809214	 79.809039	 79.808881	 79.808739	  79.80861	 79.808494	 79.808389	 79.808295	  79.80821	 79.808134	 79.808066	 79.808004	 79.807949	 79.807899	 79.807855	 79.807815	  79.80778	 79.807748	 79.807719	 79.807694	 79.807671	 79.807651	 79.807633	 79.807617	 79.807602	  79.80759	 79.807578	 79.807568	 79.807559	 79.807551	 79.807544	 79.807538	 79.807532	 79.807527	 79.807523	 79.807519	 79.807515	 79.807512	 79.807509	 79.807507	 79.807505	 79.807503	 79.807501	 79.807499	 79.807497	 79.807496	 79.807495	 79.807493	
        99	 98.573551	 98.147386	 97.721787	 97.297035	 96.873411	 96.451193	 96.030655	 95.612069	 95.195703	  94.78182	 94.370678	 93.962532	 93.557627	 93.156206	 92.758503	 92.364745	 91.975152	 91.589936	 91.209301	 90.833442	 90.462546	 90.096791	 89.736345	 89.381366	 89.032005	 88.688401	 88.350683	 88.018971	 87.693374	 87.373993	 87.060916	 86.754224	 86.453985	 86.160258	 85.873095	 85.592533	 85.318605	  85.05133	  84.79072	 84.536777	 84.289496	 84.048862	 83.814851	 83.587432	 83.366567	 83.152209	 82.944304	 82.742792	 82.547607	 82.358675	 82.175916	 81.999248	  81.82858	 81.663818	 81.504864	 81.351613	 81.203961	 81.061796	 80.925006	 80.793475	 80.667085	 80.545715	 80.429243	 80.317546	 80.210499	 80.107977	 80.009854	 79.916003	 79.826297	 79.740611	 79.658819	 79.580796	 79.506417	  79.43556	 79.368101	 79.303922	 79.242902	 79.184926	 79.129877	 79.077643	 79.028112	 78.981176	 78.936729	 78.894665	 78.854885	 78.817289	  78.78178	 78.748265	 78.716653	 78.686856	 78.658787	 78.632365	  78.60751	 78.584143	 78.562191	 78.541581	 78.522244	 78.504113	 78.487125	 78.471218	 78.456334	 78.442415	 78.429407	  78.41726	 78.405923	  78.39535	 78.385495	 78.376317	 78.367773	 78.359827	  78.35244	 78.345577	 78.339207	 78.333297	 78.327818	 78.322742	 78.318042	 78.313694	 78.309673	 78.305957	 78.302526	  78.29936	 78.296441	  78.29375	 78.291272	 78.288991	 78.286893	 78.284965	 78.283194	 78.281568	 78.280077	 78.278709	 78.277457	  78.27631	 78.275261	 78.274302	 78.273426	 78.272626	 78.271896	  78.27123	 78.270623	 78.270071	 78.269568	  78.26911	 78.268695	 78.268317	 78.267975	 78.267664	 78.267382	 78.267127	 78.266896	 78.266687	 78.266498	 78.266327	 78.266173	 78.266034	 78.265909	 78.265796	 78.265694	 78.265602	  78.26552	 78.265446	  78.26538	  78.26532	 78.265266	 78.265218	 78.265175	 78.265137	 78.265103	 78.265072	 78.265044	  78.26502	 78.264998	 78.264978	 78.264961	 78.264945	 78.264932	 78.264919	 78.264908	 78.264899	  78.26489	 78.264882	 78.264876	  78.26487	 78.264864	 78.264859	 78.264855	 78.264851	 78.264848	 78.264845	 78.264842	  78.26484	 78.264838	 78.264836	 78.264834	 78.264832	  78.26483	 78.264829	 78.264827	
        99	 98.542097	 98.084498	 97.627508	 97.171427	 96.716558	 96.263197	 95.811641	 95.362181	 94.915104	 94.470693	 94.029227	 93.590976	 93.156206	 92.725177	  92.29814	 91.875339	  91.45701	 91.043381	 90.634671	 90.231089	 89.832837	 89.440104	 89.053072	 88.671911	 88.296781	 87.927833	 87.565205	 87.209027	 86.859415	 86.516476	 86.180308	 85.850994	  85.52861	 85.213219	 84.904874	 84.603619	 84.309486	 84.022497	 83.742665	 83.469992	 83.204472	 82.946089	 82.694818	 82.450625	 82.213469	   81.9833	 81.760061	 81.543686	 81.334104	 81.131236	 80.934998	 80.745299	 80.562043	 80.385128	 80.214449	 80.049896	 79.891353	 79.738702	 79.591823	  79.45059	 79.314877	 79.184555	 79.059492	 78.939557	 78.824615	 78.714531	  78.60917	 78.508396	 78.412074	 78.320069	 78.232244	 78.148466	 78.068601	 77.992517	 77.920083	 77.851169	 77.785649	 77.723396	 77.664287	   77.6082	 77.555016	 77.504619	 77.456893	 77.411727	 77.369012	 77.328643	 77.290515	 77.254528	 77.220584	 77.188589	 77.158451	  77.13008	 77.103391	 77.078301	 77.054729	 77.032599	 77.011836	 76.992368	 76.974127	 76.957047	 76.941064	 76.926119	 76.912152	 76.899109	 76.886936	 76.875583	 76.865001	 76.855146	 76.845972	 76.837439	 76.829507	 76.822139	 76.815299	 76.808953	  76.80307	  76.79762	 76.792573	 76.787904	 76.783586	 76.779597	 76.775913	 76.772513	 76.769378	 76.766489	 76.763828	 76.761379	 76.759126	 76.757056	 76.755154	 76.753408	 76.751807	 76.750339	 76.748994	 76.747763	 76.746637	 76.745607	 76.744666	 76.743807	 76.743023	 76.742308	 76.741656	 76.741063	 76.740523	 76.740032	 76.739586	  76.73918	 76.738812	 76.738479	 76.738176	 76.737902	 76.737654	  76.73743	 76.737227	 76.737043	 76.736878	 76.736729	 76.736594	 76.736473	 76.736363	 76.736265	 76.736177	 76.736097	 76.736026	 76.735962	 76.735904	 76.735853	 76.735807	 76.735765	 76.735729	 76.735695	 76.735666	  76.73564	 76.735616	 76.735595	 76.735576	  76.73556	 76.735545	 76.735532	  76.73552	  76.73551	   76.7355	 76.735492	 76.735485	 76.735478	 76.735473	 76.735467	 76.735463	 76.735459	 76.735455	 76.735452	 76.735449	 76.735446	 76.735444	 76.735442	  76.73544	 76.735438	 76.735436	 76.735435	 76.735433	
        99	 98.510934	 98.022193	 97.534102	 97.046982	 96.561156	 96.076942	 95.594655	 95.114606	 94.637103	 94.162448	 93.690937	 93.222861	 92.758503	  92.29814	  91.84204	 91.390465	 90.943667	 90.501888	 90.065363	 89.634315	  89.20896	 88.789499	 88.376127	 87.969026	 87.568367	  87.17431	 86.787003	 86.406584	 86.033179	 85.666902	 85.307855	  84.95613	 84.611805	  84.27495	 83.945621	 83.623864	 83.309714	 83.003193	 82.704317	 82.413087	 82.129497	 81.853529	 81.585158	 81.324347	 81.071051	 80.825218	 80.586785	 80.355685	  80.13184	 79.915166	 79.705572	 79.502963	 79.307236	 79.118281	 78.935986	 78.760234	 78.590901	 78.427862	 78.270986	 78.120142	 77.975193	 77.836002	 77.702428	  77.57433	 77.451565	  77.33399	 77.221458	 77.113827	  77.01095	 76.912682	  76.81888	 76.729401	   76.6441	 76.562838	 76.485475	 76.411872	 76.341893	 76.275403	 76.212271	 76.152367	 76.095564	 76.041736	 75.990762	 75.942523	 75.896901	 75.853785	 75.813062	 75.774626	 75.738372	 75.704199	  75.67201	 75.641708	 75.613203	 75.586405	  75.56123	 75.537593	 75.515417	 75.494624	 75.475142	   75.4569	 75.439829	 75.423866	 75.408949	 75.395018	 75.382016	 75.369891	 75.358589	 75.348063	 75.338265	 75.329152	  75.32068	  75.31281	 75.305505	 75.298727	 75.292443	 75.286622	 75.281232	 75.276245	 75.271633	 75.267372	 75.263438	 75.259807	 75.256458	 75.253372	  75.25053	 75.247915	 75.245509	 75.243298	 75.241266	 75.239402	 75.237692	 75.236124	 75.234687	 75.233372	 75.232169	 75.231069	 75.230064	 75.229147	 75.228309	 75.227546	  75.22685	 75.226216	  75.22564	 75.225115	 75.224639	 75.224206	 75.223813	 75.223456	 75.223133	  75.22284	 75.222576	 75.222336	 75.222119	 75.221923	 75.221747	 75.221587	 75.221443	 75.221314	 75.221197	 75.221092	 75.220998	 75.220913	 75.220836	 75.220768	 75.220707	 75.220652	 75.220602	 75.220558	 75.220519	 75.220484	 75.220452	 75.220424	 75.220399	 75.220376	 75.220356	 75.220339	 75.220323	 75.220309	 75.220296	 75.220285	 75.220275	 75.220266	 75.220259	 75.220252	 75.220246	  75.22024	 75.220235	 75.220231	 75.220227	 75.220224	  75.22022	 75.220218	 75.220215	 75.220213	 75.220211	 75.220209	 75.220207	 75.220205	 75.220203	
        99	  98.48008	 97.960506	 97.441622	 96.923772	 96.407297	 95.892535	 95.379822	 94.869488	 94.361861	 93.857261	 93.356004	 92.858398	 92.364745	 91.875339	 91.390465	 90.910402	 90.435416	 89.965767	 89.501702	 89.043461	 88.591271	 88.145348	 87.705898	 87.273114	 86.847178	 86.428261	  86.01652	 85.612102	  85.21514	 84.825755	 84.444057	 84.070142	 83.704096	 83.345989	 82.995884	 82.653828	 82.319859	 81.994001	 81.676269	 81.366667	 81.065186	 80.771808	 80.486506	  80.20924	 79.939965	 79.678623	 79.425149	 79.179469	 78.941502	 78.711158	 78.488342	 78.272951	 78.064876	 77.864001	 77.670206	 77.483365	  77.30335	 77.130025	 76.963253	 76.802892	 76.648799	 76.500826	 76.358826	 76.222646	 76.092137	 75.967143	 75.847513	 75.733091	 75.623724	 75.519257	 75.419537	 75.324413	 75.233731	 75.147343	 75.065098	 74.986852	 74.912458	 74.841774	 74.774659	 74.710976	 74.650589	 74.593365	 74.539176	 74.487893	 74.439393	 74.393556	 74.350265	 74.309404	 74.270863	 74.234534	 74.200314	 74.168101	 74.137797	 74.109309	 74.082545	 74.057418	 74.033842	 74.011738	 73.991026	 73.971633	 73.953486	 73.936516	 73.920657	 73.905847	 73.892026	 73.879135	 73.867121	  73.85593	 73.845515	 73.835826	  73.82682	 73.818454	 73.810687	 73.803482	 73.796802	 73.790613	 73.784883	 73.779581	 73.774679	 73.770149	 73.765966	 73.762106	 73.758547	 73.755266	 73.752245	 73.749464	 73.746906	 73.744556	 73.742396	 73.740414	 73.738596	 73.736929	 73.735402	 73.734004	 73.732725	 73.731556	 73.730488	 73.729512	 73.728622	  73.72781	  73.72707	 73.726397	 73.725784	 73.725226	 73.724719	 73.724259	 73.723841	 73.723463	 73.723119	 73.722808	 73.722526	 73.722271	 73.722041	 73.721833	 73.721645	 73.721475	 73.721323	 73.721185	 73.721061	 73.720949	 73.720849	 73.720759	 73.720677	 73.720605	  73.72054	 73.720481	 73.720429	 73.720382	  73.72034	 73.720302	 73.720269	 73.720239	 73.720212	 73.720188	 73.720167	 73.720148	 73.720131	 73.720117	 73.720103	 73.720091	 73.720081	 73.720072	 73.720063	 73.720056	 73.720049	 73.720043	 73.720038	 73.720034	  73.72003	 73.720026	 73.720023	  73.72002	 73.720017	 73.720014	 73.720012	  73.72001	 73.720008	 73.720006	 73.720004	
        99	 98.449553	 97.899472	 97.350121	 96.801865	 96.255065	 95.710078	 95.167261	 94.626963	  94.08953	 93.555302	 93.024613	  92.49779	 91.975152	  91.45701	 90.943667	 90.435416	 89.932541	 89.435316	 88.944004	 88.458857	 87.980116	  87.50801	 87.042757	 86.584562	 86.133618	 85.690103	 85.254187	 84.826023	 84.405753	 83.993506	 83.589396	 83.193527	 82.805987	 82.426855	 82.056192	 81.694053	 81.340474	 80.995483	 80.659096	 80.331315	 80.012132	 79.701528	 79.399474	 79.105929	 78.820843	 78.544156	 78.275799	 78.015694	 77.763755	 77.519887	 77.283988	  77.05595	 76.835657	 76.622987	 76.417814	 76.220003	 76.029418	 75.845916	 75.669351	 75.499575	 75.336434	 75.179773	 75.029435	  74.88526	 74.747088	 74.614755	 74.488101	  74.36696	 74.251171	 74.140571	 74.034996	 73.934286	  73.83828	 73.746819	 73.659746	 73.576905	 73.498143	 73.423309	 73.352253	 73.284831	 73.220898	 73.160315	 73.102943	  73.04865	 72.997302	 72.948774	  72.90294	  72.85968	 72.818876	 72.780415	 72.744185	 72.710081	 72.677998	 72.647837	 72.619501	 72.592899	 72.567939	 72.544537	 72.522609	 72.502077	 72.482864	 72.464898	 72.448108	 72.432429	 72.417796	 72.404148	 72.391428	 72.379581	 72.368553	 72.358296	 72.348761	 72.339904	 72.331681	 72.324053	 72.316981	 72.310429	 72.304362	 72.298749	 72.293559	 72.288763	 72.284335	 72.280248	 72.276479	 72.273006	 72.269807	 72.266863	 72.264156	 72.261667	 72.259381	 72.257282	 72.255357	 72.253593	 72.251976	 72.250496	 72.249142	 72.247904	 72.246773	  72.24574	 72.244797	 72.243938	 72.243155	 72.242442	 72.241793	 72.241202	 72.240666	 72.240179	 72.239736	 72.239335	 72.238971	 72.238642	 72.238344	 72.238074	  72.23783	  72.23761	 72.237411	 72.237231	  72.23707	 72.236924	 72.236792	 72.236674	 72.236568	 72.236472	 72.236387	  72.23631	 72.236241	 72.236179	 72.236123	 72.236074	 72.236029	 72.235989	 72.235954	 72.235922	 72.235894	 72.235869	 72.235846	 72.235826	 72.235809	 72.235793	 72.235779	 72.235766	 72.235755	 72.235745	 72.235736	 72.235728	 72.235721	 72.235715	  72.23571	 72.235705	 72.235701	 72.235697	 72.235693	  72.23569	 72.235687	 72.235685	 72.235682	  72.23568	 72.235678	 72.235676	 72.235674	
