Time step 37:
        99	        99	        99	        99	        99	        99	        99	        99	        99	        99	        99	        99	        99	        99	        99	        99	        99	        99	        99	        99	        99	        99	        99	        99	        99	        99	        99	        99	        99	        99	        99	        99	        99	        99	        99	        99	        99	        99	        99	        99	        99	        99	        99	        99	        99	        99	        99	        99	        99	        99	        99	        99	        99	        99	        99	        99	        99	        99	        99	        99	        99	        99	        99	        99	        99	        99	        99	        99	        99	        99	        99	        99	        99	        99	        99	        99	        99	        99	        99	        99	        99	        99	        99	        99	        99	        99	        99	        99	        99	        99	        99	        99	        99	        99	        99	        99	        99	        99	        99	        99	        99	        99	        99	        99	        99	        99	        99	        99	        99	        99	        99	        99	        99	        99	        99	        99	        99	        99	        99	        99	        99	        99	        99	        99	        99	        99	        99	        99	        99	        99	        99	        99	        99	        99	        99	        99	        99	        99	        99	        99	        99	        99	        99	        99	        99	        99	        99	        99	        99	        99	        99	        99	        99	        99	        99	        99	        99	        99	        99	        99	        99	        99	        99	        99	        99	        99	        99	        99	        99	        99	        99	        99	        99	        99	        99	        99	        99	        99	        99	        99	        99	        99	        99	        99	        99	        99	        99	        99	        99	        99	        99	        99	        99	        99	        99	        99	        99	        99	        99	        99	
        99	 98.982839	 98.965685	 98.948542	 98.931416	 98.914314	 98.897241	 98.880203	 98.863206	 98.846255	 98.829355	 98.812514	 98.795736	 98.779026	  98.76239	 98.745833	 98.729361	 98.712979	 98.696691	 98.680504	  98.66442	 98.648447	 98.632587	 98.616846	 98.601228	 98.585737	 98.570378	 98.555155	 98.540071	 98.525131	 98.510338	 98.495695	 98.481207	 98.466876	 98.452705	 98.438698	 98.424857	 98.411186	 98.397686	 98.384359	 98.371209	 98.358237	 98.345446	 98.332836	  98.32041	  98.30817	 98.296116	 98.284249	 98.272572	 98.261084	 98.249786	  98.23868	 98.227766	 98.217043	 98.206512	 98.196174	 98.186028	 98.176074	 98.166312	 98.156741	 98.147361	 98.138171	 98.129171	 98.120359	 98.111734	 98.103295	 98.095042	 98.086972	 98.079085	 98.071379	 98.063852	 98.056503	  98.04933	  98.04233	 98.035503	 98.028846	 98.022358	 98.016035	 98.009877	  98.00388	 97.998043	 97.992363	 97.986837	 97.981465	 97.976242	 97.971167	 97.966237	 97.961449	 97.956802	 97.952292	 97.947916	 97.943674	 97.939561	 97.935575	 97.931713	 97.927973	 97.924353	  97.92085	  97.91746	 97.914182	 97.911013	  97.90795	 97.904991	 97.902133	 97.899373	  97.89671	 97.894141	 97.891663	 97.889274	 97.886971	 97.884752	 97.882615	 97.880557	 97.878577	 97.876671	 97.874839	 97.873076	 97.871382	 97.869755	 97.868191	  97.86669	 97.865249	 97.863866	  97.86254	 97.861268	 97.860049	  97.85888	 97.857761	 97.856689	 97.855664	 97.854682	 97.853743	 97.852844	 97.851986	 97.851165	 97.850381	 97.849633	 97.848918	 97.848236	 97.847585	 97.846965	 97.846373	 97.845809	 97.845272	  97.84476	 97.844273	 97.843809	 97.843368	 97.842948	 97.842549	  97.84217	 97.841809	 97.841467	 97.841142	 97.840833	  97.84054	 97.840262	 97.839998	 97.839748	 97.839511	 97.839286	 97.839074	 97.838872	 97.838681	   97.8385	 97.838329	 97.838167	 97.838014	 97.837869	 97.837732	 97.837603	  97.83748	 97.837364	 97.837254	  97.83715	 97.837052	 97.836959	 97.836872	 97.836788	  97.83671	 97.836635	 97.836564	 97.836497	 97.836433	 97.836372	 97.836314	 97.836259	 97.836206	 97.836156	 97.836108	 97.836061	 97.836016	 97.835973	 97.835931	  97.83589	 97.835851	 97.835812	 97.835773	 97.835735	 97.835698	
        99	 98.965685	 98.931381	 98.897101	 98.862856	 98.828657	 98.794517	 98.760447	 98.726458	 98.692562	 98.658769	 98.625092	 98.591541	 98.558127	 98.524861	 98.491753	 98.458815	 98.426056	 98.393486	 98.361116	 98.328955	 98.297013	 98.265299	 98.233822	 98.202592	 98.171616	 98.140903	 98.110461	 98.080299	 98.050424	 98.020842	 97.991563	 97.962591	 97.933934	 97.905597	 97.877588	 97.849911	 97.822572	 97.795577	 97.768929	 97.742633	 97.716694	 97.691115	   97.6659	 97.641053	 97.616575	 97.592471	 97.568743	 97.545391	  97.52242	 97.499829	  97.47762	 97.455795	 97.434353	 97.413296	 97.392623	 97.372334	  97.35243	 97.332909	 97.313771	 97.295014	 97.276637	 97.258639	 97.241017	 97.223771	 97.206897	 97.190393	 97.174256	 97.158485	 97.143075	 97.128024	 97.113328	 97.098983	 97.084987	 97.071336	 97.058024	 97.045049	 97.032406	 97.020091	   97.0081	 96.996427	 96.985069	  96.97402	 96.963277	 96.952833	 96.942684	 96.932826	 96.923252	 96.913959	  96.90494	 96.896192	 96.887708	 96.879483	 96.871512	 96.863791	 96.856313	 96.849073	 96.842067	 96.835289	 96.828734	 96.822397	 96.816272	 96.810355	  96.80464	 96.799122	 96.793797	 96.788659	 96.783704	 96.778926	 96.774321	 96.769885	 96.765611	 96.761497	 96.757537	 96.753726	 96.750061	 96.746537	  96.74315	 96.739895	 96.736768	 96.733767	 96.730885	  96.72812	 96.725468	 96.722924	 96.720486	  96.71815	 96.715912	 96.713769	 96.711718	 96.709754	 96.707876	  96.70608	 96.704363	 96.702723	 96.701155	 96.699658	 96.698229	 96.696865	 96.695564	 96.694323	  96.69314	 96.692012	 96.690938	 96.689914	  96.68894	 96.688013	  96.68713	 96.686291	 96.685493	 96.684735	 96.684014	 96.683329	 96.682678	 96.682061	 96.681475	 96.680919	 96.680392	 96.679892	 96.679418	 96.678969	 96.678543	  96.67814	 96.677758	 96.677397	 96.677055	 96.676731	 96.676425	 96.676135	 96.675861	 96.675602	 96.675356	 96.675125	 96.674905	 96.674698	 96.674502	 96.674316	  96.67414	 96.673974	 96.673816	 96.673667	 96.673525	 96.673391	 96.673263	 96.673141	 96.673026	 96.672915	  96.67281	 96.672709	 96.672612	  96.67252	  96.67243	 96.672343	 96.672259	 96.672178	 96.672098	  96.67202	 96.671944	 96.671868	 96.671793	
        99	 98.948542	 98.897101	 98.845695	 98.794342	 98.743059	 98.691863	 98.640772	 98.589803	 98.538973	 98.488299	 98.437798	 98.387486	 98.337379	 98.287494	 98.237847	 98.188453	 98.139329	 98.090488	 98.041947	 97.993719	  97.94582	 97.898262	  97.85106	 97.804228	 97.757777	 97.711721	 97.666072	 97.620841	 97.576041	 97.531681	 97.487774	 97.444328	 97.401355	 97.358863	 97.316861	 97.275357	 97.234361	 97.193878	 97.153918	 97.114485	 97.075588	  97.03723	 96.999419	 96.962158	 96.925453	 96.889307	 96.853724	 96.818707	  96.78426	 96.750383	 96.717079	  96.68435	 96.652197	  96.62062	  96.58962	 96.559196	 96.529348	 96.500075	 96.471375	 96.443248	  96.41569	 96.388701	 96.362276	 96.336413	  96.31111	 96.286361	 96.262163	 96.238512	 96.215404	 96.192834	 96.170796	 96.149286	 96.128298	 96.107826	 96.087864	 96.068407	 96.049449	 96.030981	 96.012999	 95.995495	 95.978463	 95.961895	 95.945784	 95.930122	 95.914904	  95.90012	 95.885764	 95.871828	 95.858304	 95.845185	 95.832462	 95.820129	 95.808176	 95.796597	 95.785383	 95.774527	 95.764021	 95.753857	 95.744027	 95.734524	 95.725339	 95.716466	 95.707896	 95.699622	 95.691636	 95.683932	 95.676501	 95.669336	 95.662431	 95.655778	  95.64937	   95.6432	 95.637261	 95.631547	 95.626051	 95.620766	 95.615687	 95.610806	 95.606118	 95.601616	 95.597295	 95.593149	 95.589171	 95.585357	 95.581701	 95.578198	 95.574842	 95.571628	 95.568552	 95.565608	 95.562792	 95.560099	 95.557524	 95.555064	 95.552713	 95.550468	 95.548325	  95.54628	 95.544329	 95.542468	 95.540693	 95.539002	 95.537391	 95.535857	 95.534396	 95.533005	 95.531682	 95.530423	 95.529227	 95.528089	 95.527008	 95.525981	 95.525006	  95.52408	 95.523201	 95.522368	 95.521577	 95.520827	 95.520116	 95.519443	 95.518805	   95.5182	 95.517628	 95.517086	 95.516573	 95.516087	 95.515628	 95.515194	 95.514782	 95.514394	 95.514026	 95.513678	 95.513349	 95.513038	 95.512744	 95.512465	 95.512202	 95.511952	 95.511716	 95.511492	  95.51128	 95.511078	 95.510886	 95.510704	 95.510531	 95.510365	 95.510207	 95.510056	 95.509911	 95.509772	 95.509637	 95.509508	 95.509382	 95.509259	  95.50914	 95.509023	 95.508908	 95.508794	 95.508682	
        99	 98.931416	 98.862856	 98.794342	 98.725898	 98.657548	 98.589315	 98.521221	 98.453289	 98.385542	 98.318004	 98.250695	 98.183639	 98.116857	  98.05037	   97.9842	 97.918368	 97.852895	   97.7878	 97.723104	 97.658826	 97.594986	 97.531601	  97.46869	 97.406271	 97.344362	 97.282978	 97.222136	 97.161853	 97.102143	 97.043021	 96.984501	 96.926597	 96.869321	 96.812688	 96.756707	 96.701391	 96.646751	 96.592796	 96.539536	 96.486981	 96.435138	 96.384015	  96.33362	 96.283959	 96.235038	 96.186863	 96.139438	 96.092767	 96.046855	 96.001704	 95.957317	 95.913696	 95.870842	 95.828756	 95.787438	 95.746889	 95.707108	 95.668092	 95.629841	 95.592353	 95.555625	 95.519653	 95.484434	 95.449964	 95.416239	 95.383254	 95.351003	 95.319481	 95.288683	 95.258601	 95.229229	  95.20056	 95.172587	 95.145302	 95.118697	 95.092765	 95.067497	 95.042884	 95.018917	 94.995588	 94.972887	 94.950804	 94.929332	 94.908458	 94.888175	 94.868471	 94.849338	 94.830763	 94.812739	 94.795253	 94.778296	 94.761858	 94.745928	 94.730495	  94.71555	 94.701081	 94.687078	 94.673531	  94.66043	 94.647764	 94.635523	 94.623696	 94.612274	 94.601246	 94.590603	 94.580335	 94.570431	 94.560882	 94.551679	 94.542811	  94.53427	 94.526047	 94.518132	 94.510516	 94.503191	 94.496148	 94.489378	 94.482873	 94.476624	 94.470624	 94.464865	 94.459339	 94.454038	 94.448954	 94.444082	 94.439413	  94.43494	 94.430657	 94.426556	 94.422633	 94.418879	  94.41529	 94.411858	 94.408579	 94.405446	 94.402454	 94.399598	 94.396872	 94.394271	 94.391791	 94.389426	 94.387173	 94.385025	  94.38298	 94.381033	 94.379179	 94.377416	 94.375738	 94.374143	 94.372627	 94.371186	 94.369818	 94.368518	 94.367284	 94.366113	 94.365002	 94.363948	 94.362948	 94.362001	 94.361103	 94.360253	 94.359447	 94.358684	 94.357962	 94.357278	 94.356631	 94.356019	  94.35544	 94.354892	 94.354374	 94.353884	  94.35342	 94.352982	 94.352567	 94.352175	 94.351804	 94.351453	  94.35112	 94.350805	 94.350507	 94.350223	 94.349955	 94.349699	 94.349457	 94.349225	 94.349005	 94.348794	 94.348593	   94.3484	 94.348214	 94.348035	 94.347862	 94.347694	 94.347531	 94.347372	 94.347216	 94.347063	 94.346911	 94.346761	
        99	 98.914314	 98.828657	 98.743059	 98.657548	 98.572154	 98.486906	 98.401832	 98.316961	 98.232321	 98.147941	 98.063848	  97.98007	 97.896635	 97.813569	 97.730899	 97.648652	 97.566852	 97.485525	 97.404696	  97.32439	  97.24463	 97.165439	 97.086841	 97.008858	  96.93151	  96.85482	 96.778807	 96.703491	 96.628891	 96.555027	 96.481914	 96.409571	 96.338013	 96.267257	 96.197318	 96.128208	 96.059943	 95.992533	 95.925993	 95.860332	 95.795562	 95.731691	 95.668729	 95.606685	 95.545565	 95.485376	 95.426125	 95.367817	 95.310456	 95.254046	 95.198591	 95.144092	 95.090552	 95.037972	 94.986351	 94.935691	 94.885989	 94.837245	 94.789456	 94.742619	 94.696732	  94.65179	 94.607789	 94.564724	 94.522589	 94.481379	 94.441086	 94.401704	 94.363225	 94.325642	 94.288946	 94.253128	  94.21818	 94.184091	 94.150852	 94.118454	 94.086884	 94.056134	 94.026191	 93.997044	 93.968682	 93.941094	 93.914266	 93.888188	 93.862847	  93.83823	 93.814325	 93.791119	   93.7686	 93.746754	 93.725569	 93.705031	 93.685129	 93.665848	 93.647175	 93.629099	 93.611604	 93.594679	 93.578311	 93.562487	 93.547193	 93.532417	 93.518147	  93.50437	 93.491072	 93.478243	  93.46587	  93.45394	 93.442441	 93.431363	 93.420692	 93.410418	  93.40053	 93.391015	 93.381863	 93.373063	 93.364605	 93.356478	 93.348671	 93.341175	  93.33398	 93.327076	 93.320453	 93.314102	 93.308014	 93.302181	 93.296592	 93.291241	 93.286119	 93.281216	 93.276527	 93.272042	 93.267755	 93.263658	 93.259744	 93.256006	 93.252438	 93.249032	 93.245783	 93.242684	  93.23973	 93.236914	 93.234231	 93.231676	 93.229243	 93.226928	 93.224724	 93.222629	 93.220636	 93.218741	 93.216941	 93.215231	 93.213608	 93.212066	 93.210603	 93.209215	 93.207898	 93.206649	 93.205466	 93.204344	 93.203282	 93.202275	 93.201322	 93.200419	 93.199565	 93.198757	 93.197992	 93.197268	 93.196584	 93.195937	 93.195324	 93.194745	 93.194198	  93.19368	 93.193189	 93.192726	 93.192287	 93.191871	 93.191478	 93.191105	 93.190751	 93.190415	 93.190097	 93.189793	 93.189504	 93.189229	 93.188966	 93.188714	 93.188472	  93.18824	 93.188017	 93.187801	 93.187591	 93.187387	 93.187188	 93.186994	 93.186802	 93.186613	 93.186426	
        99	 98.897241	 98.794517	 98.691863	 98.589315	 98.486906	 98.384671	 98.282646	 98.180865	  98.07936	 97.978167	 97.877319	 97.776849	 97.676789	 97.577173	 97.478031	 97.379395	 97.281296	 97.183765	 97.086831	 96.990524	 96.894872	 96.799902	 96.705644	 96.612122	 96.519363	 96.427392	 96.336233	  96.24591	 96.156447	 96.067864	 95.980184	 95.893427	 95.807611	 95.722757	 95.638882	 95.556002	 95.474135	 95.393294	 95.313496	 95.234752	 95.157076	 95.080479	 95.004972	 94.930565	 94.857267	 94.785086	 94.714029	 94.644103	 94.575313	 94.507663	 94.441158	 94.375801	 94.311593	 94.248536	  94.18663	 94.125875	  94.06627	 94.007814	 93.950503	 93.894334	 93.839304	 93.785408	 93.732639	 93.680994	 93.630463	 93.581042	  93.53272	 93.485492	 93.439346	 93.394274	 93.350266	 93.307312	   93.2654	 93.224519	 93.184658	 93.145803	 93.107944	 93.071066	 93.035157	 93.000203	  92.96619	 92.933104	 92.900931	 92.869657	 92.839267	 92.809745	 92.781077	 92.753247	 92.726241	 92.700042	 92.674636	 92.650007	 92.626138	 92.603016	 92.580623	 92.558944	 92.537964	 92.517667	 92.498037	  92.47906	 92.460719	 92.442999	 92.425885	 92.409363	 92.393416	 92.378031	 92.363192	 92.348885	 92.335095	 92.321809	 92.309013	 92.296692	 92.284833	 92.273422	 92.262447	 92.251894	  92.24175	 92.232003	 92.222641	 92.213652	 92.205023	 92.196743	   92.1888	 92.181184	 92.173883	 92.166887	 92.160186	 92.153768	 92.147625	 92.141746	 92.136122	 92.130744	 92.125603	 92.120689	 92.115996	 92.111513	 92.107233	 92.103149	 92.099252	 92.095536	 92.091993	 92.088616	 92.085399	 92.082335	 92.079417	  92.07664	 92.073998	 92.071485	 92.069095	 92.066823	 92.064664	 92.062614	 92.060666	 92.058817	 92.057063	 92.055398	 92.053819	 92.052322	 92.050902	 92.049557	 92.048283	 92.047076	 92.045933	  92.04485	 92.043826	 92.042857	 92.041939	 92.041072	 92.040251	 92.039474	  92.03874	 92.038046	 92.037389	 92.036768	  92.03618	 92.035624	 92.035097	 92.034599	 92.034127	  92.03368	 92.033256	 92.032853	 92.032471	 92.032107	  92.03176	  92.03143	 92.031115	 92.030813	 92.030523	 92.030245	 92.029976	 92.029717	 92.029466	 92.029222	 92.028983	  92.02875	  92.02852	 92.028293	 92.028068	
        99	 98.880203	 98.760447	 98.640772	 98.521221	 98.401832	 98.282646	 98.163705	 98.045047	 97.926713	 97.808742	 97.691172	 97.574043	 97.457393	 97.341259	 97.225679	 97.110689	 96.996325	 96.882623	 96.769616	 96.657341	 96.545829	 96.435113	 96.325226	 96.216197	 96.108058	 96.000838	 95.894565	 95.789266	 95.684969	 95.581699	 95.479481	 95.378338	 95.278294	 95.179371	 95.081588	 94.984967	 94.889525	 94.795281	 94.702251	 94.610451	 94.519896	 94.430599	 94.342572	 94.255828	 94.170377	 94.086228	 94.003389	 93.921869	 93.841673	 93.762807	 93.685275	 93.609081	 93.534227	 93.460714	 93.388544	 93.317716	 93.248229	  93.18008	 93.113266	 93.047785	  92.98363	 92.920797	  92.85928	  92.79907	 92.740162	 92.682546	 92.626213	 92.571153	 92.517356	 92.464811	 92.413507	  92.36343	 92.314569	  92.26691	 92.220439	 92.175143	 92.131006	 92.088013	  92.04615	   92.0054	 91.965748	 91.927177	 91.889669	  91.85321	  91.81778	 91.783363	 91.749942	 91.717498	 91.686014	 91.655472	 91.625853	  91.59714	 91.569314	 91.542357	 91.516251	 91.490978	  91.46652	 91.442857	 91.419973	 91.397849	 91.376467	 91.355809	 91.335858	 91.316596	 91.298005	 91.280069	 91.262769	  91.24609	 91.230014	 91.214525	 91.199607	 91.185243	 91.171418	 91.158115	  91.14532	 91.133017	 91.121192	 91.109829	 91.098915	 91.088435	 91.078375	 91.068722	 91.059463	 91.050584	 91.042072	 91.033917	 91.026104	 91.018622	  91.01146	 91.004607	  90.99805	 90.991781	 90.985787	 90.980059	 90.974586	 90.969361	 90.964371	  90.95961	 90.955067	 90.950735	 90.946604	 90.942668	 90.938917	 90.935345	 90.931943	 90.928706	 90.925625	 90.922695	 90.919909	 90.917261	 90.914744	 90.912354	 90.910083	 90.907928	 90.905882	 90.903941	 90.902101	 90.900355	   90.8987	 90.897132	 90.895646	 90.894239	 90.892907	 90.891645	 90.890451	 90.889321	 90.888251	  90.88724	 90.886283	 90.885378	 90.884522	 90.883712	 90.882946	 90.882222	 90.881537	 90.880889	 90.880275	 90.879694	 90.879144	 90.878622	 90.878128	 90.877659	 90.877213	 90.876789	 90.876385	    90.876	 90.875632	  90.87528	 90.874942	 90.874618	 90.874305	 90.874003	  90.87371	 90.873425	 90.873147	 90.872875	 90.872607	 90.872342	  90.87208	
        99	 98.863206	 98.726458	 98.589803	 98.453289	 98.316961	 98.180865	 98.045047	 97.909554	  97.77443	  97.63972	 97.505469	 97.371721	  97.23852	 97.105909	  96.97393	 96.842624	 96.712034	 96.582198	 96.453159	 96.324953	 96.197619	 96.071194	 95.945715	 95.821217	 95.697735	 95.575302	  95.45395	 95.333711	 95.214616	 95.096693	 94.979972	 94.864479	  94.75024	 94.637281	 94.525625	 94.415294	 94.306311	 94.198695	 94.092465	  93.98764	 93.884237	 93.782269	 93.681753	 93.582702	 93.485126	 93.389037	 93.294445	 93.201359	 93.109784	 93.019728	 92.931195	  92.84419	 92.758716	 92.674773	 92.592363	 92.511485	 92.432139	  92.35432	 92.278027	 92.203255	 92.129998	  92.05825	 91.988004	 91.919252	 91.851985	 91.786194	 91.721868	 91.658996	 91.597567	 91.537566	 91.478982	 91.421801	 91.366007	 91.311585	 91.258521	 91.206798	 91.156398	 91.107306	 91.059503	 91.012972	 90.967693	 90.923649	  90.88082	 90.839188	 90.798731	 90.759431	 90.721268	 90.684221	 90.648269	 90.613393	 90.579572	 90.546785	 90.515011	  90.48423	  90.45442	 90.425561	 90.397632	 90.370612	 90.344481	 90.319218	 90.294802	 90.271213	 90.248431	 90.226436	 90.205208	 90.184726	 90.164972	 90.145927	  90.12757	 90.109884	 90.092849	 90.076447	 90.060659	  90.04547	 90.030859	 90.016811	 90.003307	 89.990332	  89.97787	 89.965902	 89.954415	 89.943393	  89.93282	 89.922681	 89.912962	 89.903649	 89.894728	 89.886185	 89.878007	 89.870181	 89.862694	 89.855535	  89.84869	  89.84215	 89.835901	 89.829933	 89.824236	 89.818799	 89.813612	 89.808665	 89.803949	 89.799453	  89.79517	 89.791091	 89.787207	  89.78351	 89.779993	 89.776647	 89.773466	 89.770442	 89.767568	 89.764838	 89.762246	 89.759784	 89.757449	 89.755232	  89.75313	 89.751137	 89.749248	 89.747457	  89.74576	 89.744154	 89.742632	 89.741191	 89.739828	 89.738537	 89.737316	 89.736161	 89.735068	 89.734035	 89.733057	 89.732133	 89.731258	 89.730431	 89.729649	 89.728909	 89.728208	 89.727545	 89.726916	 89.726321	 89.725756	  89.72522	 89.724711	 89.724227	 89.723766	 89.723326	 89.722906	 89.722504	 89.722118	 89.721748	 89.721391	 89.721046	 89.720711	 89.720386	 89.720069	 89.719758	 89.719452	  89.71915	 89.718851	
        99	 98.846255	 98.692562	 98.538973	 98.385542	 98.232321	  98.07936	 97.926713	  97.77443	 97.622561	 97.471159	 97.320272	 97.169951	 97.020244	   96.8712	 96.722866	  96.57529	 96.428517	 96.282594	 96.137563	 95.993471	 95.850358	 95.708268	  95.56724	 95.427314	 95.288531	 95.150926	 95.014537	 94.879398	 94.745545	  94.61301	 94.481825	 94.352021	 94.223626	 94.096669	 93.971177	 93.847174	 93.724686	 93.603735	 93.484342	 93.366527	  93.25031	 93.135708	 93.022736	  92.91141	 92.801743	 92.693748	 92.587434	 92.482812	  92.37989	 92.278675	 92.179172	 92.081385	 91.985319	 91.890975	 91.798353	 91.707453	 91.618274	 91.530813	 91.445065	 91.361027	 91.278692	 91.198054	 91.119103	 91.041832	  90.96623	 90.892286	 90.819989	 90.749327	 90.680285	 90.612849	 90.547006	 90.482738	 90.420031	 90.358866	 90.299226	 90.241093	 90.184449	 90.129273	 90.075546	 90.023249	  89.97236	 89.922858	 89.874722	  89.82793	  89.78246	 89.738291	 89.695398	  89.65376	 89.613354	 89.574156	 89.536144	 89.499294	 89.463583	 89.428987	 89.395484	 89.363048	 89.331659	 89.301291	 89.271921	 89.243527	 89.216086	 89.189574	 89.163969	 89.139249	  89.11539	  89.09237	 89.070169	 89.048763	 89.028132	 89.008253	 88.989107	 88.970673	  88.95293	 88.935857	 88.919436	 88.903647	 88.888471	 88.873888	 88.859881	 88.846431	  88.83352	 88.821132	 88.809248	 88.797853	  88.78693	 88.776463	 88.766436	 88.756835	 88.747643	 88.738847	 88.730433	 88.722386	 88.714694	 88.707343	  88.70032	 88.693613	  88.68721	 88.681099	 88.675269	 88.669709	 88.664408	 88.659356	 88.654542	 88.649957	 88.645592	 88.641437	 88.637484	 88.633724	 88.630148	 88.626749	 88.623519	 88.620451	 88.617537	 88.614771	 88.612146	 88.609655	 88.607293	 88.605052	 88.602929	 88.600916	  88.59901	 88.597204	 88.595493	 88.593874	 88.592342	 88.590891	 88.589519	  88.58822	 88.586992	 88.585831	 88.584732	 88.583693	  88.58271	 88.581781	 88.580902	  88.58007	 88.579282	 88.578537	  88.57783	 88.577161	 88.576527	 88.575924	 88.575352	 88.574808	 88.574289	 88.573795	 88.573323	 88.572871	 88.572438	 88.572021	  88.57162	 88.571232	 88.570856	 88.570491	 88.570134	 88.569785	 88.569441	 88.569102	 88.568765	
        99	 98.829355	 98.658769	 98.488299	 98.318004	 98.147941	 97.978167	 97.808742	  97.63972	 97.471159	 97.303115	 97.135644	   96.9688	 96.802638	 96.637211	 96.472573	 96.308776	  96.14587	 95.983907	 95.822936	 95.663005	 95.504162	 95.346454	 95.189925	  95.03462	 94.880581	 94.727851	 94.576471	 94.426479	 94.277913	  94.13081	 93.985206	 93.841134	 93.698626	 93.557715	 93.418429	 93.280797	 93.144845	 93.010599	 92.878083	 92.747319	 92.618328	 92.491129	  92.36574	 92.242177	 92.120457	 92.000591	 91.882592	  91.76647	 91.652235	 91.539894	 91.429454	  91.32092	 91.214294	  91.10958	 91.006777	 90.905886	 90.806905	  90.70983	 90.614658	 90.521383	 90.429998	 90.340496	 90.252867	 90.167103	 90.083191	  90.00112	 89.920876	 89.842446	 89.765816	 89.690968	 89.617888	 89.546556	 89.476956	 89.409068	 89.342873	  89.27835	 89.215479	 89.154239	 89.094607	 89.036561	 88.980079	 88.925136	 88.871709	 88.819774	 88.769306	 88.720281	 88.672674	  88.62646	 88.581612	 88.538106	 88.495916	 88.455016	 88.415379	 88.376981	 88.339795	 88.303794	 88.268954	 88.235248	 88.202651	 88.171136	 88.140679	 88.111253	 88.082833	 88.055395	 88.028914	 88.003364	 87.978722	 87.954964	 87.932065	 87.910002	 87.888751	 87.868291	 87.848597	 87.829648	 87.811422	 87.793898	 87.777053	 87.760867	 87.745321	 87.730392	 87.716063	 87.702312	 87.689123	 87.676475	 87.664352	 87.652734	 87.641605	 87.630948	 87.620746	 87.610984	 87.601644	 87.592713	 87.584175	 87.576016	 87.568221	 87.560777	  87.55367	 87.546888	 87.540417	 87.534246	 87.528362	 87.522755	 87.517412	 87.512323	 87.507478	 87.502867	 87.498479	 87.494305	 87.490337	 87.486564	 87.482979	 87.479574	  87.47634	  87.47327	 87.470356	 87.467591	 87.464969	 87.462483	 87.460125	 87.457892	 87.455775	 87.453771	 87.451873	 87.450076	 87.448374	 87.446765	 87.445241	   87.4438	 87.442437	 87.441148	 87.439929	 87.438775	 87.437685	 87.436653	 87.435677	 87.434754	  87.43388	 87.433052	 87.432268	 87.431526	 87.430821	 87.430153	 87.429517	 87.428913	 87.428338	 87.427789	 87.427265	 87.426764	 87.426283	 87.425821	 87.425375	 87.424945	 87.424528	 87.424122	 87.423726	 87.423338	 87.422957	  87.42258	 87.422207	
        99	 98.812514	 98.625092	 98.437798	 98.250695	 98.063848	 97.877319	 97.691172	 97.505469	 97.320272	 97.135644	 96.951644	 96.768334	 96.585772	 96.404019	 96.223133	  96.04317	 95.864187	 95.686239	 95.509381	 95.333666	 95.159146	 94.985873	 94.813895	 94.643263	 94.474022	 94.306218	 94.139897	 93.975102	 93.811874	 93.650253	 93.490278	 93.331987	 93.175416	 93.020597	 92.867565	 92.716349	  92.56698	 92.419485	  92.27389	 92.130221	 91.988499	 91.848746	 91.710982	 91.575225	 91.441491	 91.309795	  91.18015	 91.052568	 90.927059	 90.803631	 90.682291	 90.563045	 90.445896	 90.330847	 90.217898	  90.10705	   89.9983	 89.891645	  89.78708	 89.684599	 89.584195	  89.48586	 89.389583	 89.295354	  89.20316	 89.112989	 89.024826	 88.938656	 88.854462	 88.772228	 88.691935	 88.613563	 88.537094	 88.462506	 88.389778	 88.318887	 88.249811	 88.182527	  88.11701	 88.053235	 87.991178	 87.930813	 87.872113	 87.815052	 87.759604	 87.705741	 87.653435	 87.602659	 87.553386	 87.505586	 87.459232	 87.414295	 87.370747	 87.328559	 87.287702	 87.248149	  87.20987	 87.172838	 87.137023	 87.102398	 87.068935	 87.036605	 87.005381	 86.975235	  86.94614	 86.918069	 86.890995	 86.864891	 86.839732	 86.815492	 86.792144	 86.769664	 86.748027	 86.727208	 86.707183	 86.687929	 86.669422	 86.651639	 86.634557	 86.618156	 86.602412	 86.587305	 86.572814	 86.558918	 86.545597	 86.532833	 86.520606	 86.508897	 86.497689	 86.486962	 86.476702	 86.466889	 86.457508	 86.448544	  86.43998	 86.431801	 86.423993	 86.416541	 86.409432	 86.402651	 86.396187	 86.390026	 86.384156	 86.378565	 86.373242	 86.368175	 86.363354	 86.358769	 86.354408	 86.350263	 86.346325	 86.342583	  86.33903	 86.335657	 86.332455	 86.329418	 86.326537	 86.323805	 86.321216	 86.318761	 86.316436	 86.314234	 86.312148	 86.310174	 86.308305	 86.306536	 86.304863	 86.303279	 86.301782	 86.300365	 86.299025	 86.297758	  86.29656	 86.295427	 86.294354	  86.29334	 86.292379	  86.29147	 86.290609	 86.289793	 86.289019	 86.288285	 86.287587	 86.286923	 86.286291	 86.285688	 86.285112	 86.284562	 86.284033	 86.283525	 86.283036	 86.282563	 86.282105	 86.281659	 86.281224	 86.280798	 86.280378	 86.279965	 86.279554	
        99	 98.795736	 98.591541	 98.387486	 98.183639	  97.98007	 97.776849	 97.574043	 97.371721	 97.169951	   96.9688	 96.768334	 96.568619	  96.36972	 96.171701	 95.974627	 95.778559	 95.583558	 95.389686	    95.197	  95.00556	 94.815423	 94.626643	 94.439275	 94.253372	 94.068985	 93.886165	  93.70496	 93.525417	 93.347581	 93.171497	 92.997206	 92.824749	 92.654165	 92.485492	 92.318764	 92.154016	  91.99128	 91.830585	 91.671961	 91.515434	 91.361029	  91.20877	 91.058677	 90.910771	 90.765069	 90.621587	  90.48034	 90.341341	   90.2046	 90.070126	 89.937927	  89.80801	 89.680377	 89.555032	 89.431976	 89.311207	 89.192725	 89.076525	 88.962602	  88.85095	 88.741561	 88.634426	 88.529533	 88.426871	 88.326427	 88.228186	 88.132134	 88.038252	 87.946524	  87.85693	 87.769451	 87.684066	 87.600753	  87.51949	 87.440254	 87.363019	 87.287762	 87.214456	 87.143076	 87.073594	 87.005983	 86.940215	 86.876262	 86.814095	 86.753685	 86.695001	 86.638015	 86.582695	 86.529012	 86.476935	 86.426432	 86.377474	 86.330028	 86.284065	 86.239552	 86.196459	 86.154755	 86.114408	 86.075389	 86.037665	 86.001207	 85.965983	 85.931965	 85.899121	 85.867422	 85.836839	 85.807342	 85.778903	 85.751492	 85.725083	 85.699645	 85.675154	  85.65158	 85.628898	 85.607081	 85.586104	 85.565941	 85.546566	 85.527956	 85.510087	 85.492934	 85.476475	 85.460687	 85.445547	 85.431035	 85.417129	 85.403807	 85.391051	 85.378839	 85.367153	 85.355974	 85.345283	 85.335063	 85.325296	 85.315966	 85.307055	 85.298548	 85.290429	 85.282684	 85.275296	 85.268254	 85.261541	 85.255146	 85.249055	 85.243255	 85.237735	 85.232483	 85.227487	 85.222736	  85.21822	 85.213929	 85.209853	 85.205982	 85.202307	 85.198819	  85.19551	 85.192371	 85.189394	 85.186573	 85.183899	 85.181366	 85.178966	 85.176694	 85.174543	 85.172507	  85.17058	 85.168757	 85.167032	   85.1654	 85.163857	 85.162397	 85.161017	 85.159711	 85.158476	 85.157308	 85.156202	 85.155156	 85.154166	 85.153228	 85.152338	 85.151495	 85.150695	 85.149935	 85.149212	 85.148523	 85.147866	 85.147239	 85.146639	 85.146063	  85.14551	 85.144977	 85.144461	 85.143962	 85.143476	 85.143002	 85.142538	 85.142081	 85.141631	 85.141184	
        99	 98.779026	 98.558127	 98.337379	 98.116857	 97.896635	 97.676789	 97.457393	  97.23852	 97.020244	 96.802638	 96.585772	  96.36972	  96.15455	 95.940333	 95.727137	 95.515029	 95.304077	 95.094344	 94.885897	 94.678796	 94.473104	 94.268881	 94.066185	 93.865075	 93.665604	 93.467829	   93.2718	 93.077569	 92.885186	 92.694697	 92.506148	 92.319583	 92.135045	 91.952573	 91.772207	 91.593981	 91.417932	 91.244092	 91.072492	  90.90316	 90.736125	  90.57141	 90.409039	 90.249033	 90.091412	 89.936192	 89.783391	 89.633021	 89.485093	 89.339619	 89.196606	  89.05606	 88.917987	 88.782388	 88.649265	 88.518617	 88.390442	 88.264737	 88.141494	 88.020709	 87.902371	 87.786471	 87.672998	 87.561938	 87.453277	    87.347	 87.243089	 87.141528	 87.042296	 86.945373	 86.850738	 86.758368	  86.66824	 86.580329	  86.49461	 86.411057	 86.329644	 86.250341	 86.173122	 86.097956	 86.024814	 85.953666	 85.884482	 85.817229	 85.751877	 85.688393	 85.626744	 85.566899	 85.508825	 85.452487	 85.397853	  85.34489	 85.293563	 85.243839	 85.195685	 85.149067	 85.103951	 85.060304	 85.018093	 84.977283	 84.937842	 84.899738	 84.862936	 84.827406	 84.793114	 84.760029	 84.728119	 84.697353	   84.6677	  84.63913	 84.611612	 84.585117	 84.559615	 84.535077	 84.511476	 84.488782	 84.466969	  84.44601	 84.425878	 84.406546	  84.38799	 84.370185	 84.353105	 84.336727	 84.321028	 84.305984	 84.291573	 84.277772	 84.264562	  84.25192	 84.239826	 84.228261	 84.217205	 84.206639	 84.196545	 84.186905	 84.177703	  84.16892	 84.160541	 84.152549	  84.14493	 84.137669	  84.13075	 84.124161	 84.117887	 84.111915	 84.106233	 84.100828	 84.095689	 84.090804	 84.086162	 84.081752	 84.077564	 84.073588	 84.069815	 84.066235	  84.06284	  84.05962	 84.056568	 84.053675	 84.050935	 84.048339	 84.045881	 84.043554	 84.041351	 84.039266	 84.037294	 84.035428	 84.033663	 84.031993	 84.030414	 84.028921	 84.027508	 84.026172	 84.024908	 84.023713	 84.022581	 84.021509	 84.020494	 84.019533	  84.01862	 84.017755	 84.016932	  84.01615	 84.015405	 84.014694	 84.014016	 84.013367	 84.012744	 84.012145	 84.011568	 84.011011	 84.010471	 84.009945	 84.009433	  84.00893	 84.008436	 84.007949	 84.007465	
        99	  98.76239	 98.524861	 98.287494	  98.05037	 97.813569	 97.577173	 97.341259	 97.105909	   96.8712	 96.637211	 96.404019	 96.171701	 95.940333	 95.709989	 95.480742	 95.252666	 95.025832	  94.80031	  94.57617	 94.353478	 94.132301	 93.912703	 93.694747	 93.478496	 93.264009	 93.051344	 92.840557	 92.631704	 92.424837	 92.220007	 92.017264	 91.816654	 91.618223	 91.422014	 91.228069	 91.036426	 90.847123	 90.660196	 90.475676	 90.293597	 90.113986	  89.93687	 89.762276	 89.590224	 89.420736	 89.253832	 89.089527	 88.927836	 88.768772	 88.612346	 88.458566	 88.307439	 88.158971	 88.013164	 87.870019	 87.729535	 87.591711	 87.456542	 87.324021	 87.194142	 87.066896	  86.94227	 86.820254	 86.700833	 86.583992	 86.469714	 86.357981	 86.248773	  86.14207	 86.037851	 85.936091	 85.836767	 85.739854	 85.645325	 85.553153	  85.46331	 85.375767	 85.290494	 85.207461	 85.126637	 85.047989	 84.971485	 84.897091	 84.824776	 84.754503	  84.68624	 84.619951	   84.5556	 84.493153	 84.432574	 84.373827	 84.316877	 84.261686	 84.208219	  84.15644	 84.106312	   84.0578	 84.010867	 83.965477	 83.921595	 83.879185	 83.838212	  83.79864	 83.760434	 83.723561	 83.687985	 83.653673	 83.620591	 83.588706	 83.557984	 83.528395	 83.499905	 83.472483	 83.446098	  83.42072	 83.396318	 83.372863	 83.350326	 83.328678	 83.307891	 83.287938	 83.268792	 83.250427	 83.232816	 83.215934	 83.199758	 83.184262	 83.169422	 83.155217	 83.141623	 83.128619	 83.116183	 83.104295	 83.092934	  83.08208	 83.071715	 83.061819	 83.052375	 83.043365	 83.034772	 83.026579	 83.018771	 83.011332	 83.004246	   82.9975	 82.991078	 82.984969	 82.979157	 82.973631	 82.968378	 82.963387	 82.958645	 82.954142	 82.949867	 82.945809	  82.94196	 82.938309	 82.934846	 82.931564	 82.928454	 82.925507	 82.922716	 82.920073	 82.917571	 82.915202	  82.91296	 82.910839	 82.908833	 82.906935	  82.90514	 82.903442	 82.901836	 82.900317	 82.898881	 82.897522	 82.896236	 82.895019	 82.893867	 82.892775	 82.891741	  82.89076	 82.889829	 82.888945	 82.888104	 82.887303	 82.886539	 82.885809	 82.885111	 82.884441	 82.883798	 82.883177	 82.882578	 82.881997	 82.881432	 82.880881	 82.880341	  82.87981	 82.879285	 82.878765	
        99	 98.745833	 98.491753	 98.237847	   97.9842	 97.730899	 97.478031	 97.225679	  96.97393	 96.722866	 96.472573	 96.223133	 95.974627	 95.727137	 95.480742	 95.235522	 94.991554	 94.748914	 94.507678	 94.267919	  94.02971	 93.793122	 93.558222	  93.32508	  93.09376	 92.864328	 92.636844	  92.41137	 92.187964	 91.966683	 91.747581	  91.53071	 91.316122	 91.103864	 90.893984	 90.686524	 90.481528	 90.279034	 90.079082	 89.881706	 89.686939	 89.494813	 89.305356	 89.118595	 88.934555	 88.753258	 88.574723	 88.398969	 88.226012	 88.055865	 87.888539	 87.724044	 87.562387	 87.403573	 87.247606	 87.094487	 86.944215	 86.796787	 86.652199	 86.510445	 86.371516	 86.235403	 86.102094	 85.971575	 85.843833	  85.71885	 85.596609	 85.477091	 85.360273	 85.246136	 85.134654	 85.025804	 84.919559	 84.815893	 84.714777	 84.616183	  84.52008	 84.426437	 84.335222	 84.246404	 84.159947	 84.075819	 83.993984	 83.914407	 83.837053	 83.761884	 83.688864	 83.617955	 83.549121	 83.482323	 83.417523	 83.354683	 83.293763	 83.234727	 83.177535	 83.122147	 83.068527	 83.016634	 82.966431	 82.917878	 82.870939	 82.825574	 82.781745	 82.739416	 82.698549	 82.659106	 82.621051	 82.584348	 82.548961	 82.514854	 82.481992	  82.45034	 82.419865	 82.390533	 82.362309	 82.335163	 82.309061	 82.283971	 82.259864	 82.236707	 82.214472	 82.193129	 82.172649	 82.153004	 82.134166	 82.116108	 82.098804	 82.082228	 82.066355	  82.05116	 82.036619	 82.022709	 82.009407	  81.99669	 81.984537	 81.972927	 81.961839	 81.951254	 81.941152	 81.931514	 81.922322	 81.913559	 81.905206	 81.897249	 81.889669	 81.882453	 81.875584	 81.869049	 81.862832	 81.856921	 81.851302	 81.845963	 81.840891	 81.836074	 81.831501	 81.827161	 81.823043	 81.819137	 81.815434	 81.811923	 81.808596	 81.805444	 81.802459	 81.799631	 81.796954	 81.794421	 81.792023	 81.789754	 81.787608	 81.785578	 81.783657	 81.781841	 81.780124	 81.778499	 81.776962	 81.775509	 81.774133	 81.772832	 81.771599	 81.770432	 81.769325	 81.768276	  81.76728	 81.766334	 81.765434	 81.764578	  81.76376	  81.76298	 81.762233	 81.761517	 81.760828	 81.760165	 81.759524	 81.758902	 81.758298	 81.757708	  81.75713	 81.756562	 81.756001	 81.755445	
        99	 98.729361	 98.458815	 98.188453	 97.918368	 97.648652	 97.379395	 97.110689	 96.842624	  96.57529	 96.308776	  96.04317	 95.778559	 95.515029	 95.252666	 94.991554	 94.731775	  94.47341	  94.21654	 93.961243	 93.707596	 93.455674	 93.205552	   92.9573	 92.710989	 92.466687	 92.224461	 91.984375	  91.74649	 91.510868	 91.277566	 91.046641	 90.818145	 90.592132	 90.368649	 90.147745	 89.929463	 89.713846	 89.500935	 89.290768	 89.083378	 88.878801	 88.677066	 88.478202	 88.282234	 88.089187	 87.899082	 87.711938	 87.527772	 87.346598	 87.168428	 86.993272	 86.821139	 86.652033	 86.485957	 86.322915	 86.162904	 86.005921	 85.851963	 85.701022	  85.55309	 85.408155	 85.266207	  85.12723	 84.991209	 84.858126	 84.727963	 84.600698	 84.476311	 84.354776	 84.236069	 84.120165	 84.007035	  83.89665	 83.788981	 83.683997	 83.581666	 83.481954	 83.384828	 83.290253	 83.198194	 83.108613	 83.021475	 82.936741	 82.854373	 82.774333	  82.69658	 82.621077	 82.547781	 82.476654	 82.407654	 82.340741	 82.275874	 82.213012	 82.152113	 82.093136	  82.03604	 81.980785	 81.927328	 81.875629	 81.825647	 81.777342	 81.730673	 81.685601	 81.642085	 81.600086	 81.559565	 81.520483	 81.482802	 81.446485	 81.411493	 81.377791	 81.345341	 81.314107	 81.284055	 81.255149	 81.227355	  81.20064	  81.17497	 81.150313	 81.126636	  81.10391	 81.082103	 81.061184	 81.041126	 81.021898	 81.003472	 80.985822	  80.96892	  80.95274	 80.937257	 80.922445	 80.908281	  80.89474	 80.881799	 80.869437	 80.857631	  80.84636	 80.835603	  80.82534	 80.815553	 80.806221	 80.797328	 80.788854	 80.780784	   80.7731	 80.765786	 80.758827	 80.752207	 80.745913	  80.73993	 80.734245	 80.728844	 80.723715	 80.718845	 80.714224	  80.70984	 80.705681	 80.701737	 80.697999	 80.694457	   80.6911	 80.687921	  80.68491	  80.68206	 80.679362	 80.676809	 80.674393	 80.672108	 80.669946	 80.667901	 80.665967	 80.664138	 80.662409	 80.660772	 80.659224	  80.65776	 80.656374	 80.655062	 80.653818	  80.65264	 80.651523	 80.650463	 80.649455	 80.648497	 80.647585	 80.646715	 80.645884	 80.645089	 80.644326	 80.643593	 80.642886	 80.642204	 80.641542	 80.640898	  80.64027	 80.639655	  80.63905	 80.638453	 80.637861	
        99	 98.712979	 98.426056	 98.139329	 97.852895	 97.566852	 97.281296	 96.996325	 96.712034	 96.428517	  96.14587	 95.864187	 95.583558	 95.304077	 95.025832	 94.748914	  94.47341	 94.199406	 93.926987	 93.656236	 93.387236	 93.120065	 92.854802	 92.591523	 92.330302	 92.071212	 91.814324	 91.559704	  91.30742	 91.057535	 90.810111	 90.565207	 90.322881	 90.083186	 89.846175	 89.611899	 89.380404	 89.151736	 88.925937	 88.703047	 88.483104	 88.266143	 88.052197	 87.841295	 87.633465	 87.428733	 87.227121	 87.028648	 86.833334	 86.641193	 86.452238	  86.26648	 86.083927	 85.904584	 85.728456	 85.555544	 85.385847	 85.219363	 85.056085	 84.896007	  84.73912	 84.585412	 84.434871	 84.287482	 84.143227	 84.002089	 83.864047	 83.729079	 83.597161	  83.46827	 83.342378	 83.219457	 83.099479	 82.982413	 82.868226	 82.756887	 82.648362	 82.542614	 82.439609	 82.339309	 82.241677	 82.146674	 82.054261	 81.964398	 81.877045	 81.792159	   81.7097	 81.629626	 81.551894	 81.476461	 81.403285	 81.332322	 81.263528	  81.19686	 81.132275	 81.069728	 81.009176	 80.950576	 80.893883	 80.839055	 80.786048	 80.734819	 80.685325	 80.637524	 80.591374	 80.546833	 80.503859	 80.462411	  80.42245	 80.383934	 80.346824	 80.311082	 80.276667	 80.243543	 80.211671	 80.181016	 80.151539	 80.123207	 80.095983	 80.069834	 80.044724	 80.020622	 79.997495	  79.97531	 79.954037	 79.933645	 79.914105	 79.895386	 79.877461	 79.860302	 79.843882	 79.828173	 79.813151	 79.798791	 79.785067	 79.771956	 79.759435	 79.747482	 79.736074	  79.72519	  79.71481	 79.704914	 79.695482	 79.686496	 79.677937	 79.669787	 79.662031	  79.65465	  79.64763	 79.640955	  79.63461	  79.62858	 79.622853	 79.617413	 79.612249	 79.607348	 79.602698	 79.598287	 79.594105	 79.590141	 79.586384	 79.582824	 79.579452	  79.57626	 79.573237	 79.570376	 79.567668	 79.565106	 79.562682	  79.56039	 79.558221	  79.55617	  79.55423	 79.552396	 79.550661	 79.549019	 79.547466	 79.545996	 79.544604	 79.543286	 79.542036	 79.540851	 79.539727	 79.538659	 79.537642	 79.536675	 79.535752	 79.534871	 79.534027	 79.533219	 79.532441	 79.531692	 79.530968	 79.530266	 79.529584	 79.528917	 79.528265	 79.527624	  79.52699	 79.526362	
