Time step 16:
        99	        99	        99	        99	        99	        99	        99	        99	        99	        99	        99	        99	        99	        99	        99	        99	        99	        99	        99	        99	        99	        99	        99	        99	        99	        99	        99	        99	        99	        99	        99	        99	        99	        99	        99	        99	        99	        99	        99	        99	        99	        99	        99	        99	        99	        99	        99	        99	        99	        99	        99	        99	        99	        99	        99	        99	        99	        99	        99	        99	        99	        99	        99	        99	        99	        99	        99	        99	        99	        99	        99	        99	        99	        99	        99	        99	        99	        99	        99	        99	        99	        99	        99	        99	        99	        99	        99	        99	        99	        99	        99	        99	        99	        99	        99	        99	        99	        99	        99	        99	        99	        99	        99	        99	        99	        99	        99	        99	        99	        99	        99	        99	        99	        99	        99	        99	        99	        99	        99	        99	        99	        99	        99	        99	        99	        99	        99	        99	        99	        99	        99	        99	        99	        99	        99	        99	        99	        99	        99	        99	        99	        99	        99	        99	        99	        99	        99	        99	        99	        99	        99	        99	        99	        99	        99	        99	        99	        99	        99	        99	        99	        99	        99	        99	        99	        99	        99	        99	        99	        99	        99	        99	        99	        99	        99	        99	        99	        99	        99	        99	        99	        99	        99	        99	        99	        99	        99	        99	        99	        99	        99	        99	        99	        99	        99	        99	        99	        99	        99	        99	
        99	 98.960321	 98.920672	 98.881087	 98.841595	 98.802227	 98.763015	 98.723988	 98.685176	 98.646608	 98.608313	 98.570319	 98.532654	 98.495344	 98.458414	  98.42189	 98.385797	 98.350156	  98.31499	  98.28032	 98.246166	 98.212547	 98.179481	 98.146984	 98.115072	 98.083758	 98.053056	 98.022978	 97.993533	 97.964733	 97.936584	 97.909093	 97.882267	  97.85611	 97.830626	 97.805816	 97.781682	 97.758224	 97.735441	 97.713331	 97.691891	 97.671118	 97.651005	 97.631549	 97.612742	 97.594576	 97.577044	 97.560137	 97.543846	  97.52816	 97.513069	 97.498562	 97.484627	 97.471253	 97.458426	 97.446134	 97.434364	 97.423103	 97.412337	 97.402053	 97.392236	 97.382873	 97.373951	 97.365454	 97.357369	 97.349682	  97.34238	 97.335448	 97.328873	 97.322641	  97.31674	 97.311155	 97.305875	 97.300886	 97.296177	 97.291734	 97.287547	 97.283603	 97.279892	 97.276402	 97.273123	 97.270045	 97.267157	  97.26445	 97.261914	 97.259541	 97.257322	 97.255249	 97.253312	 97.251506	 97.249822	 97.248254	 97.246794	 97.245436	 97.244174	 97.243003	 97.241916	 97.240908	 97.239975	  97.23911	 97.238311	 97.237573	  97.23689	 97.236261	 97.235681	 97.235146	 97.234654	 97.234201	 97.233785	 97.233403	 97.233052	 97.232731	 97.232436	 97.232167	  97.23192	 97.231694	 97.231488	   97.2313	 97.231129	 97.230973	 97.230831	 97.230701	 97.230584	 97.230477	  97.23038	 97.230292	 97.230212	  97.23014	 97.230075	 97.230016	 97.229962	 97.229914	 97.229871	 97.229832	 97.229796	 97.229765	 97.229736	 97.229711	 97.229688	 97.229667	 97.229649	 97.229632	 97.229617	 97.229604	 97.229592	 97.229582	 97.229572	 97.229564	 97.229556	  97.22955	 97.229544	 97.229538	 97.229534	  97.22953	 97.229526	 97.229523	  97.22952	 97.229517	 97.229515	 97.229513	 97.229511	  97.22951	 97.229508	 97.229507	 97.229506	 97.229505	 97.229504	 97.229504	 97.229503	 97.229502	 97.229502	 97.229502	 97.229501	 97.229501	 97.229501	   97.2295	   97.2295	   97.2295	   97.2295	   97.2295	   97.2295	 97.229499	 97.229499	 97.229499	 97.229499	 97.229499	 97.229499	 97.229499	 97.229499	 97.229499	 97.229499	 97.229499	 97.229499	 97.229499	 97.229499	 97.229499	 97.229499	 97.229499	 97.229499	 97.229499	
        99	 98.920672	 98.841407	 98.762268	 98.683315	 98.604611	 98.526217	 98.448193	   98.3706	 98.293495	 98.216935	 98.140977	 98.065676	 97.991085	 97.917255	 97.844237	 97.772078	 97.700824	  97.63052	 97.561208	 97.492928	 97.425716	  97.35961	 97.294641	 97.230841	 97.168239	 97.106859	 97.046726	 96.987861	 96.930282	 96.874006	 96.819047	 96.765416	 96.713123	 96.662174	 96.612574	 96.564325	 96.517427	 96.471879	 96.427677	 96.384814	 96.343284	 96.303075	 96.264178	 96.226578	 96.190261	 96.155211	 96.121411	 96.088841	 96.057481	 96.027312	 95.998309	  95.97045	 95.943711	 95.918068	 95.893494	 95.869963	  95.84745	 95.825927	 95.805366	 95.785741	 95.767023	 95.749184	 95.732198	 95.716034	 95.700667	 95.686068	 95.672209	 95.659064	 95.646606	 95.634808	 95.623643	 95.613087	 95.603113	 95.593698	 95.584817	 95.576445	 95.568561	 95.561141	 95.554165	 95.547609	 95.541455	 95.535681	 95.530269	   95.5252	 95.520456	 95.516019	 95.511874	 95.508003	 95.504392	 95.501025	  95.49789	 95.494971	 95.492257	 95.489734	 95.487392	 95.485219	 95.483204	 95.481338	  95.47961	 95.478012	 95.476536	 95.475172	 95.473914	 95.472753	 95.471685	 95.470701	 95.469796	 95.468964	   95.4682	 95.467499	 95.466856	 95.466267	 95.465728	 95.465235	 95.464784	 95.464372	 95.463996	 95.463653	 95.463341	 95.463057	 95.462798	 95.462563	 95.462349	 95.462156	  95.46198	 95.461821	 95.461676	 95.461546	 95.461428	 95.461321	 95.461225	 95.461138	  95.46106	  95.46099	 95.460926	 95.460869	 95.460818	 95.460772	 95.460731	 95.460694	 95.460661	 95.460631	 95.460605	 95.460581	  95.46056	 95.460541	 95.460524	 95.460509	 95.460496	 95.460484	 95.460474	 95.460464	 95.460456	 95.460449	 95.460442	 95.460436	 95.460431	 95.460427	 95.460423	 95.460419	 95.460416	 95.460414	 95.460411	 95.460409	 95.460407	 95.460406	 95.460404	 95.460403	 95.460402	 95.460401	   95.4604	 95.460399	 95.460399	 95.460398	 95.460398	 95.460397	 95.460397	 95.460396	 95.460396	 95.460396	 95.460396	 95.460396	 95.460395	 95.460395	 95.460395	 95.460395	 95.460395	 95.460395	 95.460395	 95.460395	 95.460395	 95.460395	 95.460395	 95.460395	 95.460394	 95.460394	 95.460394	 95.460394	 95.460394	
        99	 98.881087	 98.762268	 98.643636	 98.525284	 98.407306	 98.289792	 98.172834	  98.05652	 97.940938	 97.826174	 97.712313	 97.599436	 97.487622	  97.37695	 97.267495	 97.159327	 97.052517	  96.94713	  96.84323	 96.740877	 96.640126	 96.541032	 96.443643	 96.348006	 96.254163	 96.162154	 96.072014	 95.983774	 95.897463	 95.813105	  95.73072	 95.650327	 95.571938	 95.495565	 95.421213	 95.348888	 95.278588	 95.210311	 95.144051	 95.079799	 95.017544	 94.957271	 94.898963	   94.8426	 94.788161	  94.73562	 94.684953	 94.636131	 94.589123	 94.543898	 94.500422	 94.458661	 94.418579	 94.380139	 94.343302	  94.30803	 94.274282	 94.242018	 94.211198	 94.181779	 94.153721	 94.126981	 94.101517	 94.077288	 94.054253	 94.032368	 94.011594	  93.99189	 93.973214	 93.955529	 93.938793	 93.922969	 93.908018	 93.893905	 93.880591	 93.868042	 93.856224	 93.845102	 93.834643	 93.824817	 93.815591	 93.806936	 93.798823	 93.791225	 93.784113	 93.777463	 93.771249	 93.765446	 93.760033	 93.754987	 93.750286	 93.745911	 93.741842	 93.738061	  93.73455	 93.731293	 93.728273	 93.725475	 93.722885	  93.72049	 93.718276	 93.716232	 93.714346	 93.712607	 93.711005	  93.70953	 93.708173	 93.706926	 93.705781	  93.70473	 93.703766	 93.702884	 93.702075	 93.701336	  93.70066	 93.700043	  93.69948	 93.698966	 93.698498	 93.698072	 93.697684	 93.697331	 93.697011	 93.696721	 93.696457	 93.696218	 93.696002	 93.695806	 93.695629	  93.69547	 93.695325	 93.695195	 93.695078	 93.694973	 93.694878	 93.694792	 93.694715	 93.694647	 93.694585	 93.694529	  93.69448	 93.694435	 93.694396	  93.69436	 93.694329	   93.6943	 93.694275	 93.694253	 93.694233	 93.694215	 93.694199	 93.694185	 93.694173	 93.694162	 93.694152	 93.694143	 93.694136	 93.694129	 93.694123	 93.694118	 93.694113	 93.694109	 93.694106	 93.694102	   93.6941	 93.694097	 93.694095	 93.694093	 93.694092	  93.69409	 93.694089	 93.694088	 93.694087	 93.694086	 93.694085	 93.694085	 93.694084	 93.694084	 93.694083	 93.694083	 93.694082	 93.694082	 93.694082	 93.694082	 93.694082	 93.694081	 93.694081	 93.694081	 93.694081	 93.694081	 93.694081	 93.694081	 93.694081	 93.694081	 93.694081	 93.694081	 93.694081	  93.69408	  93.69408	
        99	 98.841595	 98.683315	 98.525284	 98.367628	 98.210468	 98.053927	 97.898126	 97.743183	 97.589216	 97.436338	 97.284662	 97.134297	  96.98535	 96.837923	 96.692116	 96.548026	 96.405743	 96.265357	 96.126951	 95.990605	 95.856394	 95.724389	 95.594657	 95.467258	  95.34225	 95.219684	 95.099607	 94.982063	 94.867087	 94.754712	 94.644967	 94.537875	 94.433453	 94.331715	 94.232671	 94.136325	 94.042678	 93.951726	 93.863461	 93.777871	  93.69494	  93.61465	 93.536977	 93.461896	 93.389376	 93.319387	 93.251893	 93.186856	 93.124236	 93.063992	 93.006078	 92.950448	 92.897054	 92.845848	 92.796777	 92.749791	 92.704835	 92.661856	   92.6208	 92.581611	 92.544234	 92.508614	 92.474694	 92.442418	 92.411732	  92.38258	 92.354906	 92.328658	  92.30378	 92.280221	 92.257927	 92.236848	 92.216932	 92.198131	 92.180396	  92.16368	 92.147936	  92.13312	 92.119189	 92.106099	 92.093809	  92.08228	 92.071473	 92.061351	 92.051877	 92.043018	  92.03474	 92.027011	   92.0198	 92.013078	 92.006816	 92.000988	 91.995568	 91.990531	 91.985854	 91.981515	 91.977491	 91.973765	 91.970315	 91.967124	 91.964175	 91.961452	  91.95894	 91.956623	 91.954489	 91.952524	 91.950717	 91.949056	  91.94753	  91.94613	 91.944847	 91.943671	 91.942594	 91.941609	 91.940709	 91.939886	 91.939136	 91.938452	 91.937828	  91.93726	 91.936744	 91.936274	 91.935848	 91.935461	  91.93511	 91.934792	 91.934504	 91.934243	 91.934007	 91.933795	 91.933602	 91.933429	 91.933273	 91.933132	 91.933006	 91.932892	  91.93279	 91.932698	 91.932616	 91.932542	 91.932476	 91.932417	 91.932364	 91.932317	 91.932274	 91.932237	 91.932203	 91.932173	 91.932147	 91.932123	 91.932102	 91.932084	 91.932067	 91.932052	 91.932039	 91.932028	 91.932018	 91.932009	 91.932001	 91.931994	 91.931988	 91.931982	 91.931977	 91.931973	 91.931969	 91.931966	 91.931963	 91.931961	 91.931959	 91.931957	 91.931955	 91.931954	 91.931952	 91.931951	  91.93195	 91.931949	 91.931949	 91.931948	 91.931947	 91.931947	 91.931946	 91.931946	 91.931946	 91.931946	 91.931945	 91.931945	 91.931945	 91.931945	 91.931945	 91.931944	 91.931944	 91.931944	 91.931944	 91.931944	 91.931944	 91.931944	 91.931944	 91.931944	 91.931944	
        99	 98.802227	 98.604611	 98.407306	 98.210468	  98.01425	 97.818805	 97.624284	 97.430834	 97.238602	  97.04773	 96.858359	 96.670625	 96.484661	 96.300595	 96.118552	 95.938651	 95.761008	 95.585732	 95.412929	 95.242697	 95.075132	 94.910321	 94.748347	 94.589287	 94.433211	 94.280184	 94.130266	 93.983508	 93.839958	 93.699656	 93.562637	 93.428929	 93.298556	 93.171534	 93.047875	 92.927585	 92.810664	 92.697108	 92.586907	 92.480046	 92.376505	 92.276261	 92.179284	 92.085543	 91.995001	 91.907618	  91.82335	  91.74215	 91.663968	 91.588751	 91.516444	 91.446989	 91.380326	 91.316393	 91.255127	 91.196463	 91.140335	 91.086675	 91.035415	 90.986487	 90.939821	 90.895348	 90.852998	 90.812701	 90.774389	 90.737991	 90.703441	 90.670669	 90.639609	 90.610194	  90.58236	 90.556042	 90.531177	 90.507703	  90.48556	  90.46469	 90.445033	 90.426536	 90.409141	 90.392798	 90.377454	  90.36306	 90.349567	 90.336929	 90.325102	 90.314041	 90.303705	 90.294055	 90.285052	 90.276659	 90.268842	 90.261565	 90.254798	 90.248509	  90.24267	 90.237252	 90.232229	 90.227576	 90.223269	 90.219285	 90.215604	 90.212204	 90.209067	 90.206174	 90.203509	 90.201056	   90.1988	 90.196726	 90.194822	 90.193074	 90.191471	 90.190003	 90.188659	 90.187429	 90.186305	 90.185278	 90.184341	 90.183487	 90.182708	    90.182	 90.181355	 90.180769	 90.180236	 90.179753	 90.179315	 90.178917	 90.178558	 90.178232	 90.177938	 90.177672	 90.177433	 90.177216	 90.177021	 90.176846	 90.176688	 90.176546	 90.176418	 90.176303	 90.176201	 90.176108	 90.176026	 90.175952	 90.175886	 90.175827	 90.175775	 90.175728	 90.175686	 90.175648	 90.175615	 90.175586	 90.175559	 90.175536	 90.175516	 90.175497	 90.175481	 90.175467	 90.175454	 90.175443	 90.175433	 90.175424	 90.175416	  90.17541	 90.175404	 90.175398	 90.175394	  90.17539	 90.175386	 90.175383	  90.17538	 90.175378	 90.175376	 90.175374	 90.175372	 90.175371	  90.17537	 90.175369	 90.175368	 90.175367	 90.175366	 90.175366	 90.175365	 90.175365	 90.175364	 90.175364	 90.175364	 90.175363	 90.175363	 90.175363	 90.175363	 90.175363	 90.175362	 90.175362	 90.175362	 90.175362	 90.175362	 90.175362	 90.175362	 90.175362	 90.175362	
        99	 98.763015	 98.526217	 98.289792	 98.053927	 97.818805	 97.584609	  97.35152	 97.119715	 96.889369	 96.660653	 96.433735	 96.208779	 95.985944	 95.765383	 95.547246	 95.331676	 95.118812	 94.908784	 94.701719	 94.497736	 94.296947	 94.099459	 93.905371	 93.714773	 93.527752	 93.344385	 93.164742	 92.988887	 92.816875	 92.648755	 92.484569	 92.324351	 92.168129	 92.015922	 91.867745	 91.723606	 91.583503	 91.447432	 91.315381	 91.187333	 91.063263	 90.943143	 90.826939	 90.714612	 90.606118	  90.50141	 90.400433	 90.303134	  90.20945	  90.11932	 90.032677	 89.949451	 89.869571	 89.792962	 89.719549	 89.649254	 89.581997	 89.517698	 89.456275	 89.397646	 89.341727	 89.288436	 89.237689	 89.189403	 89.143494	  89.09988	 89.058479	  89.01921	 88.981991	 88.946745	 88.913392	 88.881856	  88.85206	 88.823933	   88.7974	 88.772391	 88.748838	 88.726672	 88.705829	 88.686246	 88.667859	 88.650611	 88.634443	   88.6193	 88.605127	 88.591873	 88.579489	 88.567925	 88.557137	  88.54708	 88.537712	 88.528993	 88.520884	 88.513349	 88.506352	 88.499859	 88.493841	 88.488265	 88.483104	  88.47833	 88.473919	 88.469845	 88.466086	  88.46262	 88.459427	 88.456487	 88.453784	 88.451299	 88.449016	 88.446922	 88.445002	 88.443242	 88.441631	 88.440158	 88.438811	 88.437581	 88.436458	 88.435434	 88.434501	 88.433652	 88.432879	 88.432177	 88.431539	  88.43096	 88.430435	 88.429959	 88.429528	 88.429138	 88.428785	 88.428467	 88.428179	  88.42792	 88.427687	 88.427476	 88.427287	 88.427117	 88.426964	 88.426826	 88.426703	 88.426593	 88.426494	 88.426406	 88.426327	 88.426256	 88.426193	 88.426136	 88.426086	 88.426042	 88.426002	 88.425966	 88.425935	 88.425907	 88.425882	  88.42586	 88.425841	 88.425824	 88.425809	 88.425795	 88.425783	 88.425773	 88.425764	 88.425755	 88.425748	 88.425742	 88.425736	 88.425732	 88.425727	 88.425724	  88.42572	 88.425717	 88.425715	 88.425713	 88.425711	 88.425709	 88.425708	 88.425706	 88.425705	 88.425704	 88.425703	 88.425703	 88.425702	 88.425702	 88.425701	 88.425701	   88.4257	   88.4257	   88.4257	 88.425699	 88.425699	 88.425699	 88.425699	 88.425699	 88.425699	 88.425699	 88.425698	 88.425698	 88.425698	 88.425698	 88.425698	
        99	 98.723988	 98.448193	 98.172834	 97.898126	 97.624284	  97.35152	 97.080045	 96.810066	 96.541786	 96.275405	 96.011118	 95.749116	 95.489583	   95.2327	  94.97864	 94.727569	  94.47965	 94.235034	 93.993869	 93.756294	 93.522439	 93.292428	 93.066377	 92.844392	 92.626572	 92.413007	  92.20378	 91.998965	 91.798626	  91.60282	 91.411595	 91.224992	 91.043042	  90.86577	 90.693191	 90.525314	 90.362139	  90.20366	 90.049863	 89.900727	 89.756225	 89.616323	 89.480983	 89.350158	 89.223797	 89.101844	 88.984239	 88.870916	 88.761805	 88.656832	  88.55592	 88.458988	 88.365953	 88.276728	 88.191225	 88.109354	 88.031021	 87.956133	 87.884595	  87.81631	 87.751183	 87.689116	 87.630012	 87.573774	 87.520305	 87.469509	  87.42129	 87.375553	 87.332206	 87.291154	 87.252309	 87.215579	 87.180877	 87.148117	 87.117215	 87.088088	 87.060656	  87.03484	 87.010565	 86.987756	 86.966342	 86.946253	 86.927422	 86.909785	 86.893278	 86.877842	 86.863418	  86.84995	 86.837385	 86.825672	 86.814762	 86.804607	 86.795162	 86.786386	 86.778236	 86.770675	 86.763665	 86.757171	  86.75116	   86.7456	 86.740462	 86.735718	 86.731339	 86.727303	 86.723584	  86.72016	 86.717011	 86.714117	 86.711459	  86.70902	 86.706783	 86.704734	 86.702858	 86.701142	 86.699573	  86.69814	 86.696833	  86.69564	 86.694554	 86.693565	 86.692665	 86.691846	 86.691103	 86.690429	 86.689817	 86.689263	 86.688761	 86.688307	 86.687896	 86.687525	 86.687191	 86.686889	 86.686617	 86.686372	 86.686151	 86.685953	 86.685775	 86.685615	 86.685471	 86.685343	 86.685228	 86.685125	 86.685033	  86.68495	 86.684877	 86.684811	 86.684753	 86.684701	 86.684654	 86.684613	 86.684577	 86.684544	 86.684515	  86.68449	 86.684467	 86.684447	 86.684429	 86.684414	   86.6844	 86.684388	 86.684377	 86.684367	 86.684359	 86.684352	 86.684345	  86.68434	 86.684335	  86.68433	 86.684326	 86.684323	  86.68432	 86.684318	 86.684315	 86.684313	 86.684312	  86.68431	 86.684309	 86.684308	 86.684307	 86.684306	 86.684305	 86.684305	 86.684304	 86.684304	 86.684303	 86.684303	 86.684303	 86.684302	 86.684302	 86.684302	 86.684302	 86.684301	 86.684301	 86.684301	 86.684301	 86.684301	 86.684301	 86.684301	 86.684301	
        99	 98.685176	   98.3706	  98.05652	 97.743183	 97.430834	 97.119715	 96.810066	 96.502123	 96.196118	 95.892279	 95.590829	 95.291984	 94.995957	 94.702952	 94.413166	 94.126791	 93.844009	 93.564997	  93.28992	 93.018937	 92.752198	 92.489844	 92.232006	 91.978805	 91.730356	 91.486761	 91.248113	 91.014497	 90.785986	 90.562647	 90.344532	  90.13169	 89.924155	 89.721955	 89.525109	 89.333625	 89.147505	 88.966741	 88.791317	  88.62121	 88.456388	 88.296814	 88.142442	 87.993221	 87.849092	 87.709991	 87.575848	  87.44659	 87.322135	 87.202401	 87.087299	 86.976737	  86.87062	 86.768849	 86.671323	 86.577938	 86.488591	 86.403172	 86.321574	 86.243688	 86.169403	 86.098608	 86.031193	 85.967047	 85.906059	  85.84812	  85.79312	 85.740953	 85.691509	 85.644686	 85.600378	 85.558483	 85.518902	 85.481535	 85.446287	 85.413065	 85.381775	 85.352329	  85.32464	 85.298624	 85.274199	 85.251285	 85.229807	 85.209689	 85.190861	 85.173254	 85.156802	  85.14144	 85.127109	 85.113749	 85.101304	 85.089721	 85.078949	 85.068938	 85.059642	 85.051018	 85.043022	 85.035615	 85.028759	 85.022417	 85.016557	 85.011145	 85.006151	 85.001547	 84.997305	   84.9934	 84.989808	 84.986507	 84.983475	 84.980693	 84.978142	 84.975804	 84.973665	 84.971707	 84.969918	 84.968283	 84.966792	 84.965432	 84.964193	 84.963064	 84.962038	 84.961105	 84.960257	 84.959488	  84.95879	 84.958158	 84.957585	 84.957067	 84.956599	 84.956176	 84.955794	  84.95545	 84.955139	  84.95486	 84.954608	 84.954382	 84.954179	 84.953997	 84.953833	 84.953687	 84.953555	 84.953438	 84.953333	 84.953239	 84.953155	  84.95308	 84.953014	 84.952954	 84.952901	 84.952854	 84.952813	 84.952776	 84.952743	 84.952713	 84.952688	 84.952665	 84.952645	 84.952627	 84.952611	 84.952597	 84.952585	 84.952574	 84.952564	 84.952556	 84.952549	 84.952542	 84.952537	 84.952532	 84.952527	 84.952523	  84.95252	 84.952517	 84.952515	 84.952512	  84.95251	 84.952509	 84.952507	 84.952506	 84.952505	 84.952504	 84.952503	 84.952502	 84.952502	 84.952501	 84.952501	   84.9525	   84.9525	   84.9525	 84.952499	 84.952499	 84.952499	 84.952499	 84.952499	 84.952498	 84.952498	 84.952498	 84.952498	 84.952498	 84.952498	
        99	 98.646608	 98.293495	 97.940938	 97.589216	 97.238602	 96.889369	 96.541786	 96.196118	 95.852626	 95.511565	 95.173185	  94.83773	 94.505438	 94.176538	 93.851252	 93.529794	  93.21237	 92.899177	 92.590401	 92.286221	 91.986805	 91.692311	 91.402886	 91.118667	 90.839781	 90.566344	 90.298461	 90.036225	 89.779721	 89.529021	 89.284186	 89.045269	  88.81231	  88.58534	 88.364378	 88.149437	 87.940516	 87.737607	 87.540692	 87.349746	 87.164733	  86.98561	 86.812327	 86.644825	 86.483039	 86.326897	 86.176322	 86.031228	 85.891528	 85.757125	 85.627923	 85.503816	 85.384699	  85.27046	 85.160986	 85.056162	 84.955869	 84.859986	 84.768392	 84.680964	 84.597578	 84.518111	 84.442437	 84.370432	 84.301973	 84.236936	 84.175199	  84.11664	  84.06114	 84.008581	 83.958844	 83.911818	 83.867387	 83.825443	 83.785877	 83.748584	 83.713461	 83.680408	 83.649327	 83.620124	 83.592707	 83.566986	 83.542876	 83.520294	  83.49916	 83.479396	 83.460928	 83.443684	 83.427597	   83.4126	 83.398631	 83.385629	 83.373537	   83.3623	 83.351866	 83.342185	 83.333209	 83.324895	 83.317199	 83.310081	 83.303502	 83.297427	 83.291821	 83.286653	 83.281892	 83.277508	 83.273476	 83.269771	 83.266368	 83.263244	 83.260381	 83.257757	 83.255355	 83.253158	 83.251149	 83.249315	 83.247641	 83.246114	 83.244723	 83.243456	 83.242304	 83.241257	 83.240305	 83.239442	 83.238658	 83.237949	 83.237306	 83.236725	 83.236199	 83.235724	 83.235296	 83.234909	 83.234561	 83.234247	 83.233965	 83.233711	 83.233483	 83.233278	 83.233094	  83.23293	 83.232782	  83.23265	 83.232532	 83.232427	 83.232333	 83.232249	 83.232174	 83.232108	 83.232048	 83.231996	 83.231949	 83.231907	  83.23187	 83.231837	 83.231808	 83.231783	  83.23176	  83.23174	 83.231722	 83.231707	 83.231693	 83.231681	  83.23167	 83.231661	 83.231652	 83.231645	 83.231639	 83.231633	 83.231628	 83.231624	  83.23162	 83.231617	 83.231614	 83.231612	  83.23161	 83.231608	 83.231606	 83.231605	 83.231603	 83.231602	 83.231601	   83.2316	   83.2316	 83.231599	 83.231599	 83.231598	 83.231598	 83.231597	 83.231597	 83.231597	 83.231597	 83.231596	 83.231596	 83.231596	 83.231596	 83.231596	 83.231596	 83.231596	 83.231595	
        99	 98.608313	 98.216935	 97.826174	 97.436338	  97.04773	 96.660653	 96.275405	 95.892279	 95.511565	 95.133545	 94.758497	 94.386692	 94.018391	  93.65385	 93.293315	 92.937022	 92.585201	 92.238069	 91.895834	 91.558692	  91.22683	 90.900423	 90.579635	 90.264618	 89.955511	 89.652443	  89.35553	 89.064878	 88.780578	 88.502711	 88.231345	 87.966538	 87.708335	 87.456769	 87.211864	  86.97363	  86.74207	 86.517173	  86.29892	 86.087283	 85.882221	 85.683688	 85.491627	 85.305974	 85.126656	 84.953594	 84.786702	 84.625885	 84.471046	  84.32208	 84.178876	 84.041321	 83.909295	 83.782677	 83.661341	 83.545157	 83.433996	 83.327723	 83.226203	 83.129301	  83.03688	 82.948801	 82.864927	  82.78512	 82.709242	 82.637157	  82.56873	 82.503826	 82.442311	 82.384056	  82.32893	 82.276807	 82.227562	 82.181073	  82.13722	 82.095886	 82.056957	 82.020322	 81.985873	 81.953505	 81.923116	 81.894609	 81.867886	 81.842857	 81.819433	 81.797527	 81.777058	 81.757946	 81.740115	 81.723493	  81.70801	 81.693599	 81.680197	 81.667742	 81.656177	 81.645447	 81.635499	 81.626284	 81.617754	 81.609864	 81.602573	 81.595839	 81.589626	 81.583898	  81.57862	 81.573762	 81.569293	 81.565186	 81.561414	 81.557953	 81.554779	 81.551871	 81.549208	 81.546773	 81.544547	 81.542514	 81.540658	 81.538966	 81.537424	  81.53602	 81.534743	 81.533582	 81.532528	  81.53157	 81.530702	 81.529916	 81.529204	 81.528559	 81.527976	  81.52745	 81.526975	 81.526547	  81.52616	 81.525813	   81.5255	 81.525218	 81.524966	 81.524739	 81.524535	 81.524353	  81.52419	 81.524043	 81.523913	 81.523796	 81.523692	 81.523598	 81.523516	 81.523442	 81.523376	 81.523318	 81.523266	 81.523219	 81.523179	 81.523142	  81.52311	 81.523082	 81.523057	 81.523034	 81.523015	 81.522997	 81.522982	 81.522969	 81.522957	 81.522946	 81.522937	 81.522929	 81.522922	 81.522916	 81.522911	 81.522906	 81.522902	 81.522898	 81.522895	 81.522892	  81.52289	 81.522888	 81.522886	 81.522884	 81.522883	 81.522882	 81.522881	  81.52288	 81.522879	 81.522878	 81.522878	 81.522877	 81.522877	 81.522876	 81.522876	 81.522876	 81.522875	 81.522875	 81.522875	 81.522875	 81.522875	 81.522874	 81.522874	 81.522874	 81.522874	
        99	 98.570319	 98.140977	 97.712313	 97.284662	 96.858359	 96.433735	 96.011118	 95.590829	 95.173185	 94.758497	  94.34707	 93.939199	 93.535173	 93.135271	 92.739764	 92.348911	 91.962963	 91.582159	 91.206727	 90.836882	  90.47283	 90.114761	 89.762857	 89.417282	 89.078192	 88.745726	 88.420013	 88.101167	  87.78929	  87.48447	 87.186782	 86.896288	 86.613039	 86.337071	  86.06841	 85.807068	 85.553046	 85.306334	 85.066911	 84.834744	 84.609791	    84.392	 84.181309	 83.977648	 83.780936	 83.591087	 83.408006	  83.23159	 83.061732	 82.898316	 82.741221	 82.590323	 82.445491	 82.306591	 82.173485	 82.046032	 81.924087	 81.807506	 81.696139	 81.589837	 81.488451	 81.391828	 81.299818	  81.21227	 81.129032	 81.049955	  80.97489	  80.90369	 80.836209	 80.772303	  80.71183	 80.654651	 80.600629	 80.549631	 80.501523	  80.45618	 80.413475	 80.373286	 80.335496	 80.299988	 80.266652	 80.235379	 80.206064	 80.178608	 80.152911	  80.12888	 80.106425	  80.08546	   80.0659	 80.047665	  80.03068	 80.014872	 80.000169	 79.986506	  79.97382	 79.962049	 79.951136	 79.941027	 79.931669	 79.923014	 79.915015	 79.907629	 79.900813	 79.894529	  79.88874	  79.88341	 79.878508	 79.874002	 79.869864	 79.866067	 79.862585	 79.859395	 79.856475	 79.853803	 79.851361	 79.849131	 79.847095	 79.845239	 79.843547	 79.842007	 79.840606	 79.839333	 79.838176	 79.837126	 79.836174	 79.835311	 79.834529	 79.833822	 79.833183	 79.832606	 79.832085	 79.831615	 79.831191	  79.83081	 79.830466	 79.830158	 79.829881	 79.829632	 79.829408	 79.829208	 79.829029	 79.828869	 79.828725	 79.828597	 79.828483	 79.828381	  79.82829	 79.828209	 79.828137	 79.828072	 79.828015	 79.827965	  79.82792	  79.82788	 79.827845	 79.827814	 79.827786	 79.827762	  79.82774	 79.827721	 79.827704	  79.82769	 79.827677	 79.827665	 79.827655	 79.827646	 79.827639	 79.827632	 79.827626	 79.827621	 79.827616	 79.827612	 79.827609	 79.827606	 79.827603	 79.827601	 79.827599	 79.827597	 79.827596	 79.827594	 79.827593	 79.827592	 79.827591	  79.82759	  79.82759	 79.827589	 79.827589	 79.827588	 79.827588	 79.827588	 79.827587	 79.827587	 79.827587	 79.827587	 79.827587	 79.827586	 79.827586	 79.827586	 79.827586	
        99	 98.532654	 98.065676	 97.599436	 97.134297	 96.670625	 96.208779	 95.749116	 95.291984	  94.83773	 94.386692	 93.939199	 93.495575	 93.056132	 92.621175	 92.190998	 91.765884	 91.346104	 90.931919	 90.523577	 90.121312	 89.725347	 89.335891	 88.953138	 88.577271	 88.208456	 87.846847	 87.492583	 87.145787	 86.806571	 86.475031	 86.151248	  85.83529	 85.527211	 85.227052	 84.934841	 84.650589	   84.3743	 84.105962	 83.845551	 83.593033	 83.348361	 83.111478	 82.882319	 82.660804	 82.446849	 82.240358	 82.041228	 81.849348	   81.6646	 81.486859	 81.315994	 81.151868	  80.99434	 80.843264	  80.69849	 80.559865	 80.427231	  80.30043	 80.179301	 80.063681	 79.953407	 79.848315	 79.748239	 79.653016	 79.562482	 79.476473	 79.394829	 79.317387	 79.243991	 79.174482	 79.108709	 79.046517	  78.98776	 78.932291	 78.879967	 78.830648	   78.7842	 78.740488	 78.699385	 78.660765	 78.624507	 78.590492	 78.558608	 78.528744	 78.500795	 78.474658	 78.450235	 78.427431	 78.406156	 78.386324	  78.36785	 78.350656	 78.334664	 78.319804	 78.306005	 78.293202	 78.281333	 78.270337	 78.260159	 78.250746	 78.242046	 78.234012	 78.226599	 78.219764	 78.213467	  78.20767	 78.202338	 78.197438	 78.192937	 78.188807	  78.18502	  78.18155	 78.178374	 78.175468	 78.172812	 78.170386	 78.168172	 78.166153	 78.164313	 78.162638	 78.161114	 78.159729	 78.158471	 78.157329	 78.156293	 78.155354	 78.154505	 78.153736	 78.153041	 78.152413	 78.151846	 78.151335	 78.150874	 78.150459	 78.150086	  78.14975	 78.149448	 78.149178	 78.148935	 78.148717	 78.148522	 78.148348	 78.148192	 78.148052	 78.147928	 78.147817	 78.147718	  78.14763	 78.147551	 78.147482	  78.14742	 78.147365	 78.147316	 78.147273	 78.147234	   78.1472	  78.14717	 78.147144	  78.14712	   78.1471	 78.147081	 78.147065	 78.147051	 78.147039	 78.147028	 78.147018	  78.14701	 78.147003	 78.146996	  78.14699	 78.146985	 78.146981	 78.146977	 78.146974	 78.146971	 78.146969	 78.146966	 78.146965	 78.146963	 78.146962	  78.14696	 78.146959	 78.146958	 78.146957	 78.146957	 78.146956	 78.146956	 78.146955	 78.146955	 78.146954	 78.146954	 78.146954	 78.146954	 78.146953	 78.146953	 78.146953	 78.146953	 78.146953	 78.146953	
        99	 98.495344	 97.991085	 97.487622	  96.98535	 96.484661	 95.985944	 95.489583	 94.995957	 94.505438	 94.018391	 93.535173	 93.056132	 92.581607	 92.111926	 91.647406	 91.188352	  90.73506	 90.287809	 89.846866	 89.412487	 88.984911	 88.564362	 88.151053	 87.745179	  87.34692	 86.956442	 86.573895	 86.199413	 85.833116	 85.475107	 85.125475	 84.784293	 84.451619	 84.127497	 83.811957	 83.505012	 83.206666	 82.916905	 82.635704	 82.363026	 82.098821	 81.843028	 81.595573	 81.356374	 81.125338	 80.902362	 80.687335	 80.480136	 80.280639	 80.088708	 79.904202	 79.726973	 79.556869	 79.393732	   79.2374	 79.087707	 78.944485	  78.80756	 78.676761	 78.551911	 78.432833	 78.319351	 78.211286	 78.108461	 78.010699	 77.917824	 77.829661	 77.746037	 77.666781	 77.591724	 77.520699	 77.453543	 77.390095	 77.330197	 77.273695	  77.22044	 77.170283	 77.123082	 77.078697	 77.036994	 76.997841	 76.961111	 76.926681	 76.894434	 76.864253	 76.836029	 76.809656	 76.785032	 76.762059	 76.740643	 76.720694	 76.702127	 76.684859	 76.668812	 76.653912	 76.640087	  76.62727	 76.615397	 76.604406	 76.594241	 76.584847	 76.576171	 76.568166	 76.560786	 76.553986	 76.547727	 76.541969	 76.536677	 76.531817	 76.527358	 76.523268	 76.519521	 76.516091	 76.512953	 76.510085	 76.507466	 76.505075	 76.502895	 76.500908	 76.499099	 76.497454	 76.495958	 76.494599	 76.493366	 76.492248	 76.491234	 76.490317	 76.489486	 76.488736	 76.488058	 76.487445	 76.486893	 76.486396	 76.485948	 76.485545	 76.485182	 76.484857	 76.484564	 76.484302	 76.484067	 76.483856	 76.483668	   76.4835	 76.483349	 76.483215	 76.483095	 76.482988	 76.482893	 76.482808	 76.482733	 76.482666	 76.482607	 76.482554	 76.482507	 76.482466	 76.482429	 76.482397	 76.482368	 76.482343	  76.48232	 76.482301	 76.482283	 76.482268	 76.482255	 76.482243	 76.482233	 76.482224	 76.482216	 76.482209	 76.482203	 76.482197	 76.482192	 76.482188	 76.482185	 76.482182	 76.482179	 76.482177	 76.482175	 76.482173	 76.482171	  76.48217	 76.482169	 76.482168	 76.482167	 76.482166	 76.482165	 76.482165	 76.482164	 76.482164	 76.482164	 76.482163	 76.482163	 76.482163	 76.482162	 76.482162	 76.482162	 76.482162	 76.482162	 76.482162	
        99	 98.458414	 97.917255	  97.37695	 96.837923	 96.300595	 95.765383	   95.2327	 94.702952	 94.176538	  93.65385	 93.135271	 92.621175	 92.111926	 91.607874	 91.109362	 90.616716	 90.130253	 89.650273	 89.177064	 88.710898	 88.252032	 87.800709	 87.357155	  86.92158	 86.494178	 86.075126	 85.664585	 85.262699	 84.869598	 84.485391	 84.110173	 83.744024	 83.387006	 83.039166	 82.700535	  82.37113	 82.050951	 81.739986	 81.438208	 81.145576	 80.862037	 80.587525	 80.321962	 80.065259	 79.817317	 79.578024	 79.347262	 79.124901	 78.910805	 78.704828	 78.506821	 78.316623	 78.134071	 77.958996	 77.791224	 77.630577	 77.476874	  77.32993	 77.189559	 77.055573	 76.927782	 76.805995	 76.690022	 76.579673	 76.474757	 76.375085	 76.280471	 76.190727	 76.105672	 76.025122	 75.948899	 75.876829	 75.808738	 75.744457	 75.683821	 75.626668	 75.572841	 75.522186	 75.474553	 75.429798	  75.38778	 75.348362	 75.311413	 75.276806	 75.244416	 75.214127	 75.185824	 75.159398	 75.134744	 75.111761	 75.090353	 75.070427	 75.051895	 75.034674	 75.018683	 75.003847	 74.990092	  74.97735	 74.965555	 74.954646	 74.944564	 74.935254	 74.926663	 74.918742	 74.911445	 74.904728	 74.898549	  74.89287	 74.887654	 74.882868	 74.878479	 74.874458	 74.870777	  74.86741	 74.864332	  74.86152	 74.858955	 74.856615	 74.854483	 74.852542	 74.850776	 74.849171	 74.847713	 74.846389	 74.845189	 74.844101	 74.843117	 74.842225	  74.84142	 74.840692	 74.840035	 74.839443	 74.838909	 74.838428	 74.837995	 74.837606	 74.837257	 74.836943	 74.836662	  74.83641	 74.836184	 74.835982	 74.835801	 74.835639	 74.835495	 74.835366	 74.835252	  74.83515	 74.835059	 74.834978	 74.834906	 74.834842	 74.834786	 74.834736	 74.834691	 74.834652	 74.834617	 74.834586	 74.834559	 74.834535	 74.834514	 74.834496	 74.834479	 74.834465	 74.834452	 74.834441	 74.834431	 74.834423	 74.834415	 74.834409	 74.834403	 74.834398	 74.834394	  74.83439	 74.834386	 74.834383	 74.834381	 74.834379	 74.834377	 74.834375	 74.834374	 74.834372	 74.834371	  74.83437	  74.83437	 74.834369	 74.834368	 74.834368	 74.834367	 74.834367	 74.834367	 74.834366	 74.834366	 74.834366	 74.834365	 74.834365	 74.834365	 74.834365	 74.834365	
        99	  98.42189	 97.844237	 97.267495	 96.692116	 96.118552	 95.547246	  94.97864	 94.413166	 93.851252	 93.293315	 92.739764	 92.190998	 91.647406	 91.109362	 90.577231	 90.051362	 89.532092	 89.019743	 88.514622	 88.017018	 87.527208	 87.045448	 86.571982	 86.107032	 85.650806	 85.203494	 84.765267	 84.336279	 83.916667	  83.50655	 83.106029	 82.715187	 82.334092	 81.962794	 81.601327	 81.249707	 80.907936	    80.576	  80.25387	 79.941504	 79.638843	 79.345819	 79.062347	 78.788333	 78.523669	 78.268239	 78.021914	 77.784558	 77.556023	 77.336157	 77.124795	 76.921771	 76.726908	 76.540027	  76.36094	  76.18946	 76.025391	 75.868537	   75.7187	 75.575678	 75.439269	 75.309269	 75.185475	 75.067684	 74.955692	 74.849299	 74.748304	 74.652509	 74.561717	 74.475735	 74.394372	 74.317442	 74.244758	 74.176143	 74.111417	  74.05041	 73.992953	 73.938882	 73.888037	 73.840264	 73.795412	 73.753336	 73.713895	 73.676954	  73.64238	 73.610048	 73.579837	 73.551629	 73.525312	 73.500779	 73.477927	 73.456657	 73.436876	 73.418493	 73.401424	 73.385587	 73.370904	 73.357303	 73.344713	 73.333068	 73.322306	 73.312368	 73.303198	 73.294743	 73.286954	 73.279783	 73.273188	 73.267126	 73.261558	  73.25645	 73.251765	 73.247473	 73.243543	 73.239949	 73.236663	 73.233662	 73.230924	 73.228426	  73.22615	 73.224078	 73.222193	  73.22048	 73.218923	 73.217511	  73.21623	 73.215069	 73.214017	 73.213066	 73.212206	 73.211429	 73.210728	 73.210096	 73.209526	 73.209013	 73.208551	 73.208136	 73.207763	 73.207428	 73.207127	 73.206858	 73.206617	 73.206401	 73.206208	 73.206036	 73.205882	 73.205745	 73.205622	 73.205513	 73.205416	  73.20533	 73.205253	 73.205185	 73.205125	 73.205071	 73.205024	 73.204982	 73.204945	 73.204912	 73.204883	 73.204857	 73.204835	 73.204815	 73.204797	 73.204782	 73.204769	 73.204757	 73.204746	 73.204737	 73.204729	 73.204722	 73.204716	 73.204711	 73.204706	 73.204702	 73.204698	 73.204695	 73.204693	  73.20469	 73.204688	 73.204686	 73.204685	 73.204684	 73.204682	 73.204681	  73.20468	  73.20468	 73.204679	 73.204678	 73.204678	 73.204678	 73.204677	 73.204677	 73.204677	 73.204676	 73.204676	 73.204676	 73.204676	 73.204675	 73.204675	
        99	 98.385797	 97.772078	 97.159327	 96.548026	 95.938651	 95.331676	 94.727569	 94.126791	 93.529794	 92.937022	 92.348911	 91.765884	 91.188352	 90.616716	 90.051362	 89.492661	 88.940972	 88.396635	 87.859976	 87.331305	 86.810913	 86.299076	 85.796049	  85.30207	 84.817361	 84.342121	 83.876533	 83.420762	 82.974952	 82.539229	 82.113702	 81.698458	  81.29357	 80.899091	 80.515055	 80.141482	 79.778373	 79.425713	 79.083471	 78.751602	 78.430046	 78.118726	 77.817556	 77.526434	 77.245246	 76.973869	 76.712165	 76.459989	 76.217187	 75.983593	 75.759035	 75.543335	 75.336307	 75.137757	  74.94749	 74.765303	  74.59099	 74.424344	 74.265152	   74.1132	 73.968274	 73.830158	 73.698635	  73.57349	 73.454506	 73.341471	  73.23417	 73.132394	 73.035933	 72.944583	 72.858141	 72.776407	 72.699186	 72.626286	  72.55752	 72.492704	 72.431659	 72.374212	 72.320193	 72.269437	 72.221785	 72.177082	 72.135178	  72.09593	 72.059198	 72.024848	  71.99275	 71.962781	 71.934821	 71.908756	 71.884477	  71.86188	 71.840863	 71.821333	 71.803198	 71.786372	 71.770773	 71.756322	 71.742946	 71.730575	 71.719141	 71.708582	  71.69884	 71.689857	 71.681581	 71.673963	 71.666956	 71.660515	   71.6546	 71.649173	 71.644195	 71.639635	 71.635461	 71.631642	 71.628151	 71.624963	 71.622053	 71.619399	 71.616982	  71.61478	 71.612778	 71.610957	 71.609303	 71.607803	 71.606441	 71.605208	 71.604091	  71.60308	 71.602167	 71.601342	 71.600597	 71.599925	 71.599319	 71.598774	 71.598283	 71.597842	 71.597446	  71.59709	 71.596771	 71.596485	 71.596229	 71.595999	 71.595794	 71.595611	 71.595448	 71.595302	 71.595172	 71.595056	 71.594953	 71.594861	  71.59478	 71.594707	 71.594643	 71.594586	 71.594536	 71.594491	 71.594452	 71.594417	 71.594386	 71.594359	 71.594335	 71.594314	 71.594296	 71.594279	 71.594265	 71.594252	 71.594241	 71.594232	 71.594223	 71.594216	 71.594209	 71.594203	 71.594198	 71.594194	  71.59419	 71.594187	 71.594184	 71.594182	 71.594179	 71.594178	 71.594176	 71.594174	 71.594173	 71.594172	 71.594171	  71.59417	  71.59417	 71.594169	 71.594169	 71.594168	 71.594168	 71.594167	 71.594167	 71.594167	 71.594167	 71.594166	 71.594166	 71.594166	 71.594166	
        99	 98.350156	 97.700824	 97.052517	 96.405743	 95.761008	 95.118812	  94.47965	 93.844009	  93.21237	 92.585201	 91.962963	 91.346104	  90.73506	 90.130253	 89.532092	 88.940972	 88.357268	 87.781345	 87.213545	 86.654196	 86.103608	 85.562069	 85.029853	  84.50721	 83.994373	 83.491557	 82.998952	 82.516734	 82.045054	 81.584047	 81.133827	 80.694488	 80.266106	 79.848735	 79.442415	 79.047164	 78.662984	  78.28986	 77.927759	 77.576633	 77.236417	 76.907032	 76.588386	 76.280371	 75.982866	 75.695741	 75.418851	 75.152043	  74.89515	 74.648002	 74.410414	 74.182197	 73.963155	 73.753084	 73.551776	 73.359017	  73.17459	 72.998273	 72.829843	 72.669074	 72.515739	 72.369608	 72.230453	 72.098046	 71.972158	 71.852563	 71.739036	 71.631354	 71.529296	 71.432645	 71.341187	  71.25471	 71.173008	 71.095878	 71.023121	 70.954544	 70.889957	 70.829177	 70.772023	 70.718322	 70.667904	 70.620607	 70.576273	 70.534747	 70.495883	  70.45954	  70.42558	 70.393871	 70.364289	 70.336712	 70.311024	 70.287115	 70.264879	 70.244216	 70.225028	 70.207226	 70.190721	 70.175432	  70.16128	  70.14819	 70.136093	 70.124922	 70.114614	  70.10511	 70.096354	 70.088294	  70.08088	 70.074066	 70.067808	 70.062065	 70.056799	 70.051974	 70.047557	 70.043517	 70.039823	  70.03645	 70.033371	 70.030564	 70.028006	 70.025677	 70.023558	 70.021632	 70.019882	 70.018294	 70.016854	 70.015549	 70.014367	 70.013298	 70.012331	 70.011458	  70.01067	 70.009959	 70.009319	 70.008742	 70.008222	 70.007756	 70.007336	  70.00696	 70.006622	  70.00632	 70.006049	 70.005806	 70.005589	 70.005395	 70.005222	 70.005068	  70.00493	 70.004808	 70.004699	 70.004602	 70.004516	 70.004439	 70.004371	 70.004311	 70.004258	 70.004211	 70.004169	 70.004132	 70.004099	 70.004071	 70.004045	 70.004023	 70.004003	 70.003986	 70.003971	 70.003958	 70.003946	 70.003936	 70.003927	 70.003919	 70.003912	 70.003906	 70.003901	 70.003896	 70.003892	 70.003888	 70.003885	 70.003883	 70.003881	 70.003879	 70.003877	 70.003875	 70.003874	 70.003873	 70.003872	 70.003871	  70.00387	  70.00387	 70.003869	 70.003869	 70.003868	 70.003868	 70.003867	 70.003867	 70.003867	 70.003867	 70.003866	 70.003866	 70.003866	
