Time step 38:
        99	        99	        99	        99	        99	        99	        99	        99	        99	        99	        99	        99	        99	        99	        99	        99	        99	        99	        99	        99	        99	        99	        99	        99	        99	        99	        99	        99	        99	        99	        99	        99	        99	        99	        99	        99	        99	        99	        99	        99	        99	        99	        99	        99	        99	        99	        99	        99	        99	        99	        99	        99	        99	        99	        99	        99	        99	        99	        99	        99	        99	        99	        99	        99	        99	        99	        99	        99	        99	        99	        99	        99	        99	        99	        99	        99	        99	        99	        99	        99	        99	        99	        99	        99	        99	        99	        99	        99	        99	        99	        99	        99	        99	        99	        99	        99	        99	        99	        99	        99	        99	        99	        99	        99	        99	        99	        99	        99	        99	        99	        99	        99	        99	        99	        99	        99	        99	        99	        99	        99	        99	        99	        99	        99	        99	        99	        99	        99	        99	        99	        99	        99	        99	        99	        99	        99	        99	        99	        99	        99	        99	        99	        99	        99	        99	        99	        99	        99	        99	        99	        99	        99	        99	        99	        99	        99	        99	        99	        99	        99	        99	        99	        99	        99	        99	        99	        99	        99	        99	        99	        99	        99	        99	        99	        99	        99	        99	        99	        99	        99	        99	        99	        99	        99	        99	        99	        99	        99	        99	        99	        99	        99	        99	        99	        99	        99	        99	        99	        99	        99	
        99	 98.983291	 98.966587	 98.949895	 98.933219	 98.916566	  98.89994	 98.883347	 98.866793	 98.850282	 98.833821	 98.817415	 98.801068	 98.784787	 98.768575	 98.752439	 98.736383	 98.720413	 98.704532	 98.688746	 98.673059	 98.657476	 98.642002	  98.62664	 98.611395	 98.596272	 98.581273	 98.566403	 98.551667	 98.537066	 98.522606	 98.508289	 98.494119	 98.480099	 98.466231	  98.45252	 98.438967	 98.425575	 98.412347	 98.399285	  98.38639	 98.373667	 98.361115	 98.348737	 98.336535	  98.32451	 98.312664	 98.300997	 98.289511	 98.278206	 98.267085	 98.256146	 98.245391	 98.234821	 98.224435	 98.214234	 98.204217	 98.194385	 98.184738	 98.175274	 98.165995	 98.156898	 98.147984	 98.139252	 98.130701	  98.12233	 98.114137	 98.106122	 98.098284	 98.090621	 98.083131	 98.075814	 98.068667	 98.061689	 98.054879	 98.048234	 98.041752	 98.035432	 98.029272	 98.023269	 98.017421	 98.011728	 98.006185	 98.000791	 97.995544	 97.990441	 97.985481	  97.98066	 97.975977	 97.971428	 97.967012	 97.962726	 97.958568	 97.954535	 97.950625	 97.946834	 97.943162	 97.939605	 97.936161	 97.932827	 97.929601	  97.92648	 97.923462	 97.920545	 97.917726	 97.915003	 97.912373	 97.909834	 97.907384	  97.90502	  97.90274	 97.900542	 97.898424	 97.896382	 97.894417	 97.892524	 97.890702	 97.888949	 97.887263	 97.885641	 97.884083	 97.882585	 97.881147	 97.879765	 97.878439	 97.877166	 97.875945	 97.874774	 97.873652	 97.872576	 97.871545	 97.870558	 97.869613	 97.868709	 97.867843	 97.867015	 97.866224	 97.865467	 97.864744	 97.864054	 97.863394	 97.862765	 97.862164	 97.861591	 97.861044	 97.860523	 97.860026	 97.859553	 97.859103	 97.858674	 97.858265	 97.857876	 97.857507	 97.857155	 97.856821	 97.856503	 97.856201	 97.855915	 97.855642	 97.855384	 97.855138	 97.854906	 97.854685	 97.854475	 97.854277	 97.854089	  97.85391	 97.853741	 97.853581	 97.853429	 97.853285	 97.853149	  97.85302	 97.852897	 97.852781	 97.852671	 97.852567	 97.852469	 97.852375	 97.852286	 97.852202	 97.852121	 97.852045	 97.851972	 97.851903	 97.851837	 97.851774	 97.851714	 97.851656	   97.8516	 97.851547	 97.851495	 97.851445	 97.851396	 97.851349	 97.851303	 97.851257	 97.851213	 97.851169	 97.851125	
        99	 98.966587	 98.933186	 98.899807	 98.866461	 98.833159	 98.799913	 98.766733	  98.73363	 98.700614	 98.667698	  98.63489	 98.602203	 98.569645	 98.537228	 98.504961	 98.472854	 98.440918	 98.409162	 98.377595	 98.346227	 98.315066	 98.284122	 98.253404	  98.22292	 98.192677	 98.162685	 98.132951	 98.103482	 98.074286	 98.045371	 98.016742	 97.988406	  97.96037	  97.93264	 97.905222	  97.87812	 97.851341	 97.824889	 97.798769	 97.772985	 97.747541	 97.722442	 97.697691	 97.673291	 97.649245	 97.625555	 97.602226	 97.579257	 97.556652	 97.534413	 97.512539	 97.491033	 97.469896	 97.449127	 97.428728	 97.408698	 97.389038	 97.369746	 97.350823	 97.332267	 97.314077	 97.296252	 97.278791	 97.261691	 97.244951	 97.228569	 97.212542	 97.196868	 97.181544	 97.166567	 97.151935	 97.137644	 97.123691	 97.110072	 97.096783	 97.083822	 97.071184	 97.058866	 97.046862	 97.035169	 97.023783	   97.0127	 97.001914	 96.991422	 96.981218	 96.971299	 96.961659	 96.952293	 96.943198	 96.934367	 96.925797	 96.917482	 96.909417	 96.901598	 96.894019	 96.886675	 96.879562	 96.872675	 96.866008	 96.859557	 96.853317	 96.847282	 96.841449	 96.835812	 96.830366	 96.825107	  96.82003	 96.815131	 96.810404	 96.805845	 96.801449	 96.797213	 96.793132	 96.789201	 96.785416	 96.781772	 96.778267	 96.774895	 96.771653	 96.768536	 96.765542	 96.762665	 96.759902	  96.75725	 96.754706	 96.752264	 96.749923	 96.747678	 96.745527	 96.743466	 96.741492	 96.739602	 96.737793	 96.736062	 96.734407	 96.732824	 96.731311	 96.729866	 96.728485	 96.727166	 96.725907	 96.724706	  96.72356	 96.722467	 96.721425	 96.720432	 96.719485	 96.718584	 96.717726	 96.716909	 96.716132	 96.715393	  96.71469	 96.714021	 96.713386	 96.712783	 96.712209	 96.711665	 96.711148	 96.710657	 96.710192	  96.70975	 96.709332	 96.708934	 96.708558	 96.708201	 96.707863	 96.707542	 96.707239	 96.706951	 96.706679	  96.70642	 96.706176	 96.705944	 96.705724	 96.705516	 96.705318	 96.705131	 96.704953	 96.704785	 96.704624	 96.704472	 96.704326	 96.704188	 96.704056	  96.70393	 96.703809	 96.703693	 96.703582	 96.703475	 96.703372	 96.703271	 96.703174	  96.70308	 96.702987	 96.702897	 96.702807	 96.702719	 96.702632	
        99	 98.949895	 98.899807	 98.849752	 98.799747	 98.749808	 98.699952	 98.650196	 98.600555	 98.551046	 98.501685	 98.452487	 98.403469	 98.354646	 98.306034	 98.257647	   98.2095	 98.161609	 98.113988	 98.066651	 98.019612	 97.972884	 97.926481	 97.880416	 97.834702	 97.789351	 97.744375	 97.699786	 97.655595	 97.611814	 97.568452	 97.525521	 97.483029	 97.440987	 97.399404	 97.358287	 97.317646	 97.277488	 97.237821	 97.198652	 97.159987	 97.121832	 97.084194	 97.047077	 97.010487	 96.974428	 96.938904	 96.903919	 96.869476	 96.835578	 96.802227	 96.769426	 96.737176	 96.705479	 96.674335	 96.643745	 96.613708	 96.584226	 96.555296	 96.526919	 96.499092	 96.471815	 96.445085	   96.4189	 96.393258	 96.368155	 96.343589	 96.319555	  96.29605	 96.273071	 96.250612	  96.22867	 96.207239	 96.186315	 96.165892	 96.145965	 96.126529	 96.107577	 96.089104	 96.071104	  96.05357	 96.036496	 96.019875	 96.003701	 95.987967	 95.972666	 95.957791	 95.943335	  95.92929	 95.915651	 95.902409	 95.889557	 95.877088	 95.864994	 95.853268	 95.841903	  95.83089	 95.820224	 95.809895	 95.799898	 95.790224	 95.780866	 95.771817	  95.76307	 95.754616	  95.74645	 95.738564	  95.73095	 95.723603	 95.716514	 95.709678	 95.703087	 95.696734	 95.690614	 95.684719	 95.679043	  95.67358	 95.668323	 95.663267	 95.658405	 95.653731	  95.64924	 95.644926	 95.640784	 95.636807	 95.632991	 95.629329	 95.625818	 95.622452	 95.619226	 95.616136	 95.613176	 95.610342	 95.607629	 95.605034	 95.602551	 95.600178	 95.597909	 95.595741	  95.59367	 95.591692	 95.589805	 95.588003	 95.586285	 95.584646	 95.583083	 95.581594	 95.580175	 95.578824	 95.577537	 95.576312	 95.575147	 95.574038	 95.572984	 95.571981	 95.571029	 95.570124	 95.569264	 95.568447	 95.567672	 95.566937	 95.566239	 95.565576	 95.564948	 95.564353	 95.563788	 95.563253	 95.562746	 95.562265	  95.56181	 95.561379	  95.56097	 95.560583	 95.560216	 95.559868	 95.559539	 95.559226	  95.55893	 95.558649	 95.558383	  95.55813	 95.557889	  95.55766	 95.557443	 95.557235	 95.557037	 95.556848	 95.556667	 95.556493	 95.556327	 95.556166	 95.556011	 95.555861	 95.555715	 95.555573	 95.555435	 95.555299	 95.555165	 95.555033	 95.554901	
        99	 98.933219	 98.866461	 98.799747	 98.733099	  98.66654	 98.600091	 98.533775	 98.467613	 98.401626	 98.335837	 98.270265	 98.204933	 98.139861	  98.07507	 98.010579	 97.946409	 97.882579	 97.819108	 97.756017	 97.693322	 97.631042	 97.569196	   97.5078	 97.446871	 97.386427	 97.326482	 97.267053	 97.208155	 97.149802	 97.092009	 97.034789	 96.978156	 96.922122	 96.866698	 96.811897	  96.75773	 96.704207	 96.651338	 96.599133	 96.547599	 96.496746	 96.446581	 96.397111	 96.348343	 96.300283	 96.252936	 96.206308	 96.160402	 96.115222	 96.070772	 96.027054	 95.984071	 95.941824	 95.900314	 95.859543	  95.81951	 95.780215	 95.741658	 95.703836	 95.666748	 95.630393	 95.594767	 95.559867	 95.525691	 95.492233	  95.45949	 95.427458	  95.39613	 95.365503	  95.33557	 95.306325	 95.277761	 95.249873	 95.222653	 95.196095	  95.17019	  95.14493	 95.120309	 95.096318	 95.072948	 95.050192	 95.028039	 95.006482	 94.985511	 94.965118	 94.945292	 94.926025	 94.907307	 94.889128	 94.871478	 94.854349	  94.83773	 94.821611	 94.805983	 94.790835	 94.776157	 94.761941	 94.748175	  94.73485	 94.721957	 94.709484	 94.697424	 94.685765	 94.674498	 94.663614	 94.653103	 94.642956	 94.633163	 94.623715	 94.614603	 94.605819	 94.597352	 94.589194	 94.581337	 94.573772	 94.566491	 94.559485	 94.552746	 94.546266	 94.540037	 94.534051	 94.528301	  94.52278	  94.51748	 94.512393	 94.507514	 94.502834	 94.498348	 94.494048	 94.489929	 94.485983	 94.482206	 94.478591	 94.475132	 94.471823	  94.46866	 94.465636	 94.462746	 94.459986	  94.45735	 94.454834	 94.452433	 94.450143	 94.447958	 94.445876	 94.443891	    94.442	 94.440199	 94.438484	 94.436851	 94.435298	  94.43382	 94.432415	 94.431079	 94.429809	 94.428603	 94.427457	 94.426369	 94.425336	 94.424355	 94.423425	 94.422542	 94.421705	 94.420912	 94.420159	 94.419446	  94.41877	  94.41813	 94.417523	 94.416948	 94.416403	 94.415887	 94.415398	 94.414935	 94.414495	 94.414079	 94.413685	  94.41331	 94.412955	 94.412617	 94.412297	 94.411992	 94.411702	 94.411425	 94.411161	 94.410909	 94.410668	 94.410437	 94.410214	     94.41	 94.409793	 94.409593	 94.409399	  94.40921	 94.409025	 94.408844	 94.408666	 94.408489	 94.408315	
        99	 98.916566	 98.833159	 98.749808	  98.66654	 98.583382	 98.500363	 98.417509	 98.334847	 98.252405	 98.170209	 98.088286	 98.006662	 97.925362	 97.844413	 97.763839	 97.683667	 97.603919	  97.52462	 97.445795	 97.367465	 97.289655	 97.212385	 97.135678	 97.059556	 96.984037	 96.909144	 96.834895	 96.761309	 96.688404	 96.616199	  96.54471	 96.473953	 96.403945	   96.3347	 96.266234	 96.198558	 96.131688	 96.065635	  96.00041	 95.936025	 95.872491	 95.809816	 95.748009	  95.68708	 95.627034	  95.56788	 95.509623	 95.452269	 95.395823	 95.340288	 95.285668	 95.231965	 95.179183	 95.127322	 95.076383	 95.026367	 94.977273	   94.9291	 94.881846	  94.83551	 94.790088	 94.745578	 94.701975	 94.659275	 94.617474	 94.576566	 94.536545	 94.497406	 94.459141	 94.421743	 94.385204	 94.349518	 94.314675	 94.280667	 94.247486	  94.21512	 94.183562	 94.152801	 94.122827	 94.093629	 94.065198	 94.037521	 94.010588	 93.984388	 93.958908	 93.934139	 93.910067	  93.88668	 93.863968	 93.841917	 93.820516	 93.799753	 93.779614	 93.760088	 93.741163	 93.722825	 93.705063	 93.687865	 93.671217	 93.655108	 93.639526	 93.624457	 93.609891	 93.595814	 93.582216	 93.569084	 93.556406	 93.544171	 93.532367	 93.520983	 93.510008	  93.49943	 93.489238	 93.479422	  93.46997	 93.460873	 93.452119	   93.4437	 93.435604	 93.427821	 93.420343	  93.41316	 93.406261	 93.399639	 93.393284	 93.387188	 93.381341	 93.375736	 93.370364	 93.365218	 93.360289	 93.355569	 93.351052	 93.346731	 93.342597	 93.338645	 93.334866	 93.331256	 93.327808	 93.324515	 93.321372	 93.318372	  93.31551	 93.312781	 93.310179	 93.307699	 93.305336	 93.303086	 93.300943	 93.298904	 93.296963	 93.295117	 93.293361	 93.291692	 93.290106	 93.288599	 93.287167	 93.285807	 93.284517	 93.283292	 93.282129	 93.281027	 93.279981	 93.278989	 93.278049	 93.277158	 93.276314	 93.275513	 93.274755	 93.274037	 93.273356	 93.272711	 93.272101	 93.271522	 93.270973	 93.270453	  93.26996	 93.269492	 93.269048	 93.268627	 93.268226	 93.267845	 93.267483	 93.267137	 93.266808	 93.266493	 93.266191	 93.265902	 93.265624	 93.265357	 93.265098	 93.264849	 93.264606	  93.26437	 93.264139	 93.263912	  93.26369	 93.263469	 93.263251	
        99	  98.89994	 98.799913	 98.699952	 98.600091	 98.500363	   98.4008	 98.301436	 98.202302	 98.103432	 98.004857	 97.906609	 97.808719	 97.711219	 97.614139	  97.51751	 97.421361	 97.325722	 97.230621	 97.136088	  97.04215	 96.948834	 96.856167	 96.764175	 96.672883	 96.582316	 96.492499	 96.403454	 96.315204	 96.227772	 96.141179	 96.055444	 95.970587	 95.886629	 95.803586	 95.721475	 95.640315	 95.560119	 95.480903	 95.402681	 95.325466	 95.249271	 95.174107	 95.099984	 95.026913	 94.954903	 94.883961	 94.814095	 94.745312	 94.677618	 94.611016	 94.545512	 94.481108	 94.417808	 94.355613	 94.294524	 94.234541	 94.175663	 94.117891	 94.061221	 94.005651	 93.951178	 93.897798	 93.845507	 93.794298	 93.744168	 93.695108	 93.647112	 93.600173	 93.554283	 93.509432	 93.465613	 93.422816	  93.38103	 93.340245	 93.300451	 93.261637	  93.22379	 93.186899	 93.150952	 93.115936	 93.081839	 93.048647	 93.016347	 92.984926	 92.954369	 92.924664	 92.895795	 92.867748	  92.84051	 92.814066	   92.7884	 92.763499	 92.739347	  92.71593	 92.693234	 92.671242	 92.649941	 92.629315	  92.60935	 92.590031	 92.571343	 92.553272	 92.535803	 92.518922	 92.502614	 92.486865	 92.471661	 92.456987	 92.442832	 92.429179	 92.416016	  92.40333	 92.391108	 92.379335	    92.368	  92.35709	 92.346592	 92.336495	 92.326786	 92.317452	 92.308484	 92.299869	 92.291596	 92.283655	 92.276033	 92.268722	  92.26171	 92.254988	 92.248546	 92.242374	 92.236462	 92.230803	 92.225386	 92.220203	 92.215245	 92.210505	 92.205974	 92.201645	 92.197509	  92.19356	  92.18979	 92.186193	 92.182761	 92.179488	 92.176367	 92.173393	  92.17056	 92.167861	 92.165292	 92.162846	 92.160518	 92.158304	 92.156199	 92.154197	 92.152294	 92.150487	  92.14877	 92.147139	 92.145592	 92.144122	 92.142728	 92.141406	 92.140152	 92.138963	 92.137835	 92.136767	 92.135754	 92.134794	 92.133885	 92.133023	 92.132207	 92.131434	 92.130701	 92.130007	 92.129349	 92.128725	 92.128134	 92.127573	 92.127041	 92.126535	 92.126055	 92.125598	 92.125163	 92.124749	 92.124353	 92.123976	 92.123614	 92.123267	 92.122934	 92.122613	 92.122304	 92.122004	 92.121713	  92.12143	 92.121153	 92.120881	 92.120614	  92.12035	 92.120088	
        99	 98.883347	 98.766733	 98.650196	 98.533775	 98.417509	 98.301436	 98.185594	 98.070021	 97.954755	 97.839834	 97.725293	  97.61117	 97.497502	 97.384324	  97.27167	 97.159577	 97.048078	 96.937208	 96.826998	 96.717482	 96.608692	 96.500658	 96.393411	  96.28698	 96.181395	 96.076683	 95.972872	 95.869989	 95.768058	 95.667104	 95.567152	 95.468224	 95.370343	 95.273529	 95.177802	 95.083183	 94.989688	 94.897336	 94.806143	 94.716124	 94.627293	 94.539665	  94.45325	 94.368062	  94.28411	 94.201404	 94.119953	 94.039764	 93.960843	 93.883197	 93.806831	 93.731747	  93.65795	 93.585441	 93.514221	 93.444291	 93.375651	 93.308298	  93.24223	 93.177445	 93.113939	 93.051708	 92.990745	 92.931044	   92.8726	 92.815405	  92.75945	 92.704728	 92.651227	  92.59894	 92.547854	 92.497959	 92.449244	 92.401696	 92.355303	 92.310052	 92.265929	 92.222921	 92.181013	  92.14019	 92.100439	 92.061743	 92.024086	 91.987455	 91.951831	 91.917199	 91.883543	 91.850846	 91.819091	 91.788261	 91.758339	 91.729309	 91.701152	 91.673852	 91.647391	 91.621753	 91.596919	 91.572873	 91.549597	 91.527075	 91.505288	  91.48422	 91.463854	 91.444174	 91.425161	 91.406801	 91.389075	 91.371969	 91.355466	 91.339549	 91.324204	 91.309414	 91.295164	  91.28144	 91.268225	 91.255506	 91.243267	 91.231495	 91.220176	 91.209295	  91.19884	 91.188796	 91.179151	 91.169893	 91.161007	 91.152484	 91.144309	 91.136473	 91.128962	 91.121766	 91.114875	 91.108276	 91.101961	 91.095919	 91.090139	 91.084613	 91.079331	 91.074284	 91.069462	 91.064858	 91.060463	 91.056269	 91.052268	 91.048452	 91.044814	 91.041347	 91.038044	 91.034897	 91.031902	  91.02905	 91.026337	 91.023755	 91.021301	 91.018967	 91.016749	 91.014642	  91.01264	 91.010739	 91.008935	 91.007222	 91.005597	 91.004055	 91.002593	 91.001207	 90.999892	 90.998646	 90.997466	 90.996347	 90.995287	 90.994282	 90.993331	 90.992429	 90.991575	 90.990766	 90.989999	 90.989272	 90.988582	 90.987928	 90.987308	 90.986718	 90.986158	 90.985626	 90.985119	 90.984636	 90.984175	 90.983734	 90.983313	 90.982909	  90.98252	 90.982146	 90.981785	 90.981436	 90.981097	 90.980766	 90.980443	 90.980127	 90.979815	 90.979507	 90.979202	
        99	 98.866793	  98.73363	 98.600555	 98.467613	 98.334847	 98.202302	 98.070021	 97.938047	 97.806424	 97.675194	 97.544399	 97.414081	 97.284282	 97.155042	 97.026402	 96.898402	  96.77108	 96.644476	 96.518627	 96.393569	  96.26934	 96.145975	 96.023509	 95.901974	 95.781406	 95.661834	 95.543291	 95.425807	 95.309411	 95.194131	 95.079995	 94.967028	 94.855256	 94.744703	 94.635392	 94.527345	 94.420583	 94.315125	 94.210991	 94.108197	  94.00676	 93.906696	 93.808019	 93.710742	 93.614876	 93.520433	 93.427423	 93.335854	 93.245734	 93.157069	 93.069865	 92.984127	 92.899857	 92.817058	 92.735732	 92.655878	 92.577496	 92.500585	 92.425142	 92.351164	 92.278646	 92.207582	 92.137968	 92.069796	 92.003058	 91.937746	 91.873851	 91.811362	  91.75027	 91.690562	 91.632227	 91.575252	 91.519623	 91.465328	 91.412351	 91.360678	 91.310294	 91.261182	 91.213327	 91.166711	 91.121319	 91.077131	 91.034131	 90.992301	 90.951622	 90.912076	 90.873643	 90.836306	 90.800044	 90.764839	 90.730672	 90.697521	 90.665369	 90.634195	 90.603979	 90.574702	 90.546345	 90.518886	 90.492307	 90.466588	  90.44171	 90.417652	 90.394396	 90.371923	 90.350212	 90.329246	 90.309005	 90.289471	 90.270626	 90.252451	 90.234928	 90.218039	 90.201767	 90.186095	 90.171005	 90.156481	 90.142506	 90.129063	 90.116137	 90.103712	 90.091773	 90.080304	 90.069291	 90.058718	 90.048572	 90.038839	 90.029504	 90.020556	 90.011979	 90.003762	 89.995893	 89.988358	 89.981147	 89.974247	 89.967647	 89.961337	 89.955305	 89.949541	 89.944036	 89.938778	  89.93376	  89.92897	 89.924401	 89.920044	  89.91589	 89.911931	 89.908159	 89.904566	 89.901145	 89.897889	  89.89479	 89.891843	  89.88904	 89.886375	 89.883842	 89.881436	  89.87915	 89.876979	 89.874919	 89.872963	 89.871107	 89.869347	 89.867677	 89.866094	 89.864593	 89.863171	 89.861822	 89.860545	 89.859334	 89.858187	   89.8571	 89.856071	 89.855096	 89.854171	 89.853296	 89.852465	 89.851678	 89.850931	 89.850223	  89.84955	  89.84891	 89.848302	 89.847723	 89.847171	 89.846645	 89.846142	 89.845661	 89.845199	 89.844756	 89.844329	 89.843916	 89.843517	  89.84313	 89.842753	 89.842384	 89.842023	 89.841667	 89.841315	 89.840967	
        99	 98.850282	 98.700614	 98.551046	 98.401626	 98.252405	 98.103432	 97.954755	 97.806424	 97.658487	 97.510991	 97.363985	 97.217515	 97.071628	 96.926369	 96.781785	  96.63792	 96.494818	 96.352521	 96.211074	 96.070516	  95.93089	 95.792234	 95.654588	 95.517991	 95.382478	 95.248086	 95.114851	 94.982805	 94.851982	 94.722414	 94.594131	 94.467163	 94.341537	 94.217282	 94.094423	 93.972984	 93.852989	  93.73446	 93.617418	 93.501884	 93.387875	 93.275408	   93.1645	 93.055166	 92.947418	  92.84127	 92.736732	 92.633813	 92.532523	 92.432869	 92.334857	 92.238491	 92.143777	 92.050715	 91.959309	 91.869558	 91.781461	 91.695017	 91.610224	 91.527076	 91.445569	 91.365698	 91.287456	 91.210834	 91.135824	 91.062417	 90.990603	 90.920369	 90.851704	 90.784596	  90.71903	 90.654993	  90.59247	 90.531445	 90.471902	 90.413825	 90.357196	 90.301997	  90.24821	 90.195817	 90.144798	 90.095134	 90.046804	 89.999789	 89.954068	  89.90962	 89.866424	 89.824459	 89.783703	 89.744135	 89.705732	 89.668473	 89.632336	 89.597298	 89.563337	 89.530431	 89.498559	 89.467697	 89.437824	 89.408917	 89.380955	 89.353916	 89.327777	 89.302518	 89.278117	 89.254552	 89.231803	 89.209848	 89.188666	 89.168239	 89.148544	 89.129562	 89.111273	 89.093658	 89.076698	 89.060374	 89.044666	 89.029558	  89.01503	 89.001065	 88.987646	 88.974755	 88.962377	 88.950494	  88.93909	  88.92815	 88.917659	 88.907601	 88.897962	 88.888726	 88.879881	 88.871413	 88.863308	 88.855553	 88.848135	 88.841042	 88.834263	 88.827785	 88.821597	 88.815688	 88.810047	 88.804664	 88.799529	 88.794632	 88.789963	 88.785513	 88.781273	 88.777235	  88.77339	  88.76973	 88.766248	 88.762935	 88.759785	 88.756789	 88.753943	 88.751238	 88.748669	  88.74623	 88.743913	 88.741715	  88.73963	 88.737651	 88.735774	 88.733995	 88.732308	 88.730709	 88.729194	 88.727758	 88.726397	 88.725108	 88.723887	  88.72273	 88.721633	 88.720595	  88.71961	 88.718677	 88.717792	 88.716953	 88.716156	   88.7154	 88.714681	 88.713998	 88.713347	 88.712727	 88.712135	  88.71157	 88.711029	  88.71051	 88.710012	 88.709532	 88.709069	  88.70862	 88.708185	 88.707761	 88.707346	  88.70694	  88.70654	 88.706145	 88.705753	
        99	 98.833821	 98.667698	 98.501685	 98.335837	 98.170209	 98.004857	 97.839834	 97.675194	 97.510991	 97.347279	 97.184109	 97.021535	 96.859608	 96.698379	 96.537899	 96.378216	  96.21938	 96.061438	 95.904439	 95.748427	 95.593449	 95.439549	  95.28677	 95.135153	 94.984741	 94.835574	 94.687689	 94.541126	 94.395919	 94.252106	 94.109718	  93.96879	 93.829353	 93.691436	 93.555068	 93.420277	 93.287089	 93.155528	 93.025619	 92.897381	 92.770837	 92.646005	 92.522904	 92.401548	 92.281954	 92.164135	 92.048103	 91.933869	 91.821442	 91.710831	 91.602043	 91.495082	 91.389954	 91.286661	 91.185205	 91.085586	 90.987803	 90.891855	 90.797738	 90.705449	 90.614981	 90.526328	 90.439483	 90.354437	  90.27118	 90.189702	 90.109992	 90.032036	 89.955822	 89.881335	 89.808561	 89.737483	 89.668086	 89.600351	 89.534262	 89.469799	 89.406944	 89.345676	 89.285975	 89.227822	 89.171193	 89.116068	 89.062425	 89.010241	 88.959493	 88.910158	 88.862213	 88.815634	 88.770397	 88.726479	 88.683853	 88.642498	 88.602387	 88.563497	 88.525802	 88.489279	 88.453902	 88.419647	 88.386489	 88.354404	 88.323368	 88.293356	 88.264344	 88.236307	 88.209223	 88.183067	 88.157817	 88.133448	 88.109938	 88.087264	 88.065404	 88.044335	 88.024035	 88.004484	 87.985659	 87.967539	 87.950105	 87.933335	  87.91721	  87.90171	 87.886815	 87.872508	 87.858768	 87.845579	 87.832921	 87.820779	 87.809134	  87.79797	 87.787271	  87.77702	 87.767203	 87.757803	 87.748807	 87.740199	 87.731966	 87.724093	 87.716569	 87.709378	  87.70251	 87.695951	  87.68969	 87.683716	 87.678016	  87.67258	 87.667397	 87.662458	 87.657753	 87.653271	 87.649003	 87.644941	 87.641075	 87.637398	 87.633901	 87.630577	 87.627417	 87.624415	 87.621564	 87.618856	 87.616285	 87.613846	  87.61153	 87.609334	 87.607251	 87.605276	 87.603404	 87.601629	 87.599947	 87.598353	 87.596843	 87.595412	 87.594057	 87.592772	 87.591556	 87.590403	  87.58931	 87.588274	 87.587292	  87.58636	 87.585476	 87.584637	 87.583839	  87.58308	 87.582358	  87.58167	 87.581013	 87.580386	 87.579785	  87.57921	 87.578656	 87.578124	 87.577609	 87.577112	 87.576628	 87.576158	 87.575698	 87.575247	 87.574803	 87.574365	  87.57393	
        99	 98.817415	  98.63489	 98.452487	 98.270265	 98.088286	 97.906609	 97.725293	 97.544399	 97.363985	 97.184109	 97.004831	 96.826206	 96.648293	 96.471146	 96.294821	 96.119373	 95.944856	 95.771321	 95.598821	 95.427407	 95.257129	 95.088034	 94.920171	 94.753586	 94.588324	  94.42443	 94.261945	 94.100912	 93.941369	 93.783357	 93.626912	 93.472071	 93.318867	 93.167334	 93.017503	 92.869404	 92.723067	 92.578518	 92.435782	 92.294884	 92.155847	  92.01869	 91.883435	 91.750099	 91.618697	 91.489246	 91.361758	 91.236246	  91.11272	 90.991189	  90.87166	 90.754139	 90.638632	 90.525141	 90.413668	 90.304214	 90.196778	 90.091357	 89.987948	 89.886547	 89.787148	 89.689743	 89.594323	 89.500881	 89.409404	 89.319882	 89.232302	  89.14665	 89.062912	 88.981071	 88.901112	 88.823017	 88.746768	 88.672346	 88.599732	 88.528905	 88.459844	 88.392527	 88.326933	 88.263037	 88.200818	 88.140251	 88.081312	 88.023976	 87.968218	 87.914012	 87.861334	 87.810156	 87.760453	 87.712198	 87.665365	 87.619926	 87.575855	 87.533125	 87.491709	  87.45158	 87.412711	 87.375074	 87.338642	  87.30339	 87.269289	 87.236314	 87.204437	 87.173633	 87.143875	 87.115137	 87.087393	 87.060619	 87.034788	 87.009875	 86.985857	 86.962708	 86.940404	 86.918922	 86.898239	 86.878331	 86.859175	  86.84075	 86.823032	 86.806002	 86.789637	 86.773917	 86.758821	 86.744329	 86.730422	 86.717081	 86.704286	  86.69202	 86.680264	 86.669002	 86.658215	 86.647888	 86.638003	 86.628545	 86.619499	  86.61085	 86.602582	 86.594682	 86.587135	 86.579929	  86.57305	 86.566485	 86.560223	  86.55425	 86.548556	  86.54313	 86.537959	 86.533035	 86.528346	 86.523883	 86.519635	 86.515595	 86.511753	 86.508101	 86.504629	 86.501331	 86.498198	 86.495223	 86.492398	 86.489717	 86.487174	 86.484761	 86.482472	 86.480302	 86.478245	 86.476295	 86.474447	 86.472696	 86.471036	 86.469464	 86.467975	 86.466564	 86.465227	  86.46396	 86.462759	 86.461621	 86.460542	 86.459519	 86.458547	 86.457625	 86.456748	 86.455915	 86.455121	 86.454365	 86.453644	 86.452954	 86.452295	 86.451662	 86.451054	 86.450469	 86.449904	 86.449357	 86.448826	 86.448309	 86.447803	 86.447308	  86.44682	 86.446339	 86.445861	
        99	 98.801068	 98.602203	 98.403469	 98.204933	 98.006662	 97.808719	  97.61117	 97.414081	 97.217515	 97.021535	 96.826206	  96.63159	 96.437748	 96.244741	 96.052631	 95.861475	 95.671333	 95.482262	 95.294319	 95.107559	 94.922035	 94.737802	  94.55491	 94.373411	 94.193354	 94.014786	 93.837754	 93.662304	 93.488478	 93.316319	 93.145868	 92.977163	 92.810243	 92.645144	 92.481899	 92.320541	 92.161102	 92.003612	 91.848097	 91.694585	   91.5431	 91.393664	   91.2463	 91.101026	  90.95786	 90.816819	 90.677918	 90.541169	 90.406584	 90.274172	 90.143942	   90.0159	 89.890051	   89.7664	 89.644947	 89.525694	 89.408639	  89.29378	 89.181113	 89.070634	 88.962335	 88.856209	 88.752247	 88.650439	 88.550773	 88.453236	 88.357815	 88.264495	 88.173259	 88.084091	 87.996973	 87.911887	 87.828811	 87.747727	 87.668612	 87.591443	 87.516199	 87.442856	 87.371389	 87.301773	 87.233984	 87.167994	 87.103778	 87.041309	 86.980559	   86.9215	 86.864106	 86.808346	 86.754193	 86.701618	 86.650592	 86.601085	 86.553069	 86.506513	 86.461389	 86.417668	 86.375318	 86.334312	 86.294619	  86.25621	 86.219056	 86.183129	 86.148398	 86.114836	 86.082414	 86.051103	 86.020876	 85.991704	  85.96356	 85.936417	 85.910248	 85.885027	 85.860727	 85.837322	 85.814786	 85.793096	 85.772225	  85.75215	 85.732847	 85.714292	 85.696461	 85.679334	 85.662886	 85.647097	 85.631945	 85.617409	 85.603469	 85.590105	 85.577297	 85.565026	 85.553274	 85.542022	 85.531252	 85.520948	 85.511092	 85.501668	  85.49266	 85.484052	  85.47583	 85.467979	 85.460484	 85.453332	 85.446508	 85.440001	 85.433797	 85.427885	 85.422251	 85.416886	 85.411777	 85.406914	 85.402287	 85.397885	 85.393699	  85.38972	 85.385938	 85.382344	  85.37893	 85.375689	 85.372611	 85.369691	 85.366919	  85.36429	 85.361797	 85.359432	 85.357191	 85.355066	 85.353053	 85.351145	 85.349337	 85.347624	 85.346001	 85.344464	 85.343007	 85.341627	 85.340319	 85.339079	 85.337904	 85.336788	  85.33573	 85.334725	  85.33377	 85.332862	 85.331997	 85.331173	 85.330387	 85.329636	 85.328917	 85.328228	 85.327566	 85.326928	 85.326312	 85.325717	 85.325138	 85.324575	 85.324024	 85.323484	 85.322953	 85.322428	 85.321907	
        99	 98.784787	 98.569645	 98.354646	 98.139861	 97.925362	 97.711219	 97.497502	 97.284282	 97.071628	 96.859608	 96.648293	 96.437748	 96.228041	 96.019238	 95.811404	 95.604603	 95.398899	 95.194354	 94.991028	 94.788983	 94.588275	 94.388963	 94.191103	 93.994749	 93.799955	 93.606772	 93.415251	 93.225441	 93.037388	 92.851139	 92.666738	 92.484226	 92.303644	 92.125032	 91.948426	 91.773862	 91.601374	 91.430994	 91.262752	 91.096675	 90.932792	 90.771126	   90.6117	 90.454536	 90.299653	 90.147069	 89.996799	 89.848858	 89.703257	 89.560008	  89.41912	 89.280598	  89.14445	 89.010678	 88.879285	 88.750271	 88.623636	 88.499376	 88.377488	 88.257967	 88.140805	 88.025993	 87.913522	 87.803382	 87.695558	 87.590039	 87.486808	 87.385849	 87.287147	 87.190681	 87.096433	 87.004383	 86.914508	 86.826787	 86.741197	 86.657713	  86.57631	 86.496964	 86.419648	 86.344335	 86.270997	 86.199606	 86.130134	 86.062552	  85.99683	 85.932938	 85.870846	 85.810523	 85.751938	  85.69506	 85.639857	 85.586299	 85.534353	 85.483987	  85.43517	 85.387869	 85.342054	 85.297691	  85.25475	 85.213197	 85.173003	 85.134135	 85.096562	 85.060253	 85.025177	 84.991304	 84.958602	 84.927043	 84.896596	 84.867231	 84.838921	 84.811635	 84.785346	 84.760025	 84.735646	  84.71218	 84.689601	 84.667883	    84.647	 84.626926	 84.607636	 84.589107	 84.571313	 84.554232	  84.53784	 84.522114	 84.507033	 84.492575	 84.478719	 84.465444	 84.452729	 84.440556	 84.428905	 84.417758	 84.407095	   84.3969	 84.387155	 84.377843	 84.368948	 84.360454	 84.352345	 84.344608	 84.337226	 84.330186	 84.323474	 84.317078	 84.310984	 84.305179	 84.299652	 84.294391	 84.289385	 84.284623	 84.280095	 84.275789	 84.271698	  84.26781	 84.264117	  84.26061	 84.257281	 84.254121	 84.251123	 84.248279	 84.245581	 84.243023	 84.240598	   84.2383	 84.236122	 84.234057	 84.232102	 84.230248	 84.228493	  84.22683	 84.225254	 84.223761	 84.222346	 84.221004	 84.219732	 84.218526	 84.217381	 84.216294	  84.21526	 84.214278	 84.213343	 84.212451	 84.211601	 84.210788	 84.210011	 84.209265	 84.208548	 84.207859	 84.207193	 84.206548	 84.205922	 84.205312	 84.204717	 84.204133	 84.203558	  84.20299	 84.202427	
        99	 98.768575	 98.537228	 98.306034	  98.07507	 97.844413	 97.614139	 97.384324	 97.155042	 96.926369	 96.698379	 96.471146	 96.244741	 96.019238	 95.794706	 95.571217	 95.348839	  95.12764	 94.907687	 94.689045	  94.47178	 94.255953	 94.041628	 93.828864	 93.617719	 93.408252	 93.200517	  92.99457	 92.790461	 92.588244	 92.387965	 92.189673	 91.993413	 91.799229	 91.607162	 91.417253	  91.22954	 91.044059	 90.860845	 90.679929	 90.501342	 90.325114	  90.15127	 89.979835	 89.810833	 89.644283	 89.480205	 89.318616	 89.159531	 89.002963	 88.848923	 88.697422	 88.548466	 88.402062	 88.258213	 88.116923	 87.978191	 87.842017	 87.708397	 87.577328	 87.448803	 87.322815	 87.199355	 87.078413	 86.959975	  86.84403	 86.730562	 86.619555	 86.510992	 86.404854	 86.301122	 86.199775	  86.10079	 86.004146	 85.909817	 85.817779	 85.728007	 85.640472	 85.555149	 85.472009	 85.391023	 85.312161	 85.235392	 85.160688	 85.088015	 85.017342	 84.948637	 84.881868	 84.817001	 84.754003	  84.69284	 84.633479	 84.575887	 84.520027	 84.465868	 84.413373	  84.36251	 84.313243	 84.265539	 84.219363	 84.174681	 84.131459	 84.089663	 84.049259	 84.010215	 83.972497	 83.936072	 83.900908	 83.866971	  83.83423	 83.802654	 83.772211	  83.74287	   83.7146	 83.687372	 83.661156	 83.635923	 83.611643	 83.588289	 83.565833	 83.544247	 83.523504	 83.503579	 83.484445	 83.466077	  83.44845	  83.43154	 83.415323	 83.399776	 83.384876	 83.370601	 83.356929	 83.343839	  83.33131	 83.319323	 83.307857	 83.296894	 83.286415	 83.276401	 83.266836	 83.257702	 83.248983	 83.240663	 83.232725	 83.225155	 83.217938	 83.211059	 83.204506	 83.198264	 83.192321	 83.186664	 83.181281	  83.17616	  83.17129	 83.166661	 83.162261	  83.15808	 83.154109	 83.150338	 83.146758	  83.14336	 83.140136	 83.137077	 83.134177	 83.131426	 83.128819	 83.126347	 83.124005	 83.121785	 83.119682	 83.117689	 83.115801	 83.114013	 83.112318	 83.110713	 83.109191	 83.107749	 83.106381	 83.105083	 83.103852	 83.102683	 83.101572	 83.100516	  83.09951	 83.098551	 83.097637	 83.096763	 83.095927	 83.095125	 83.094355	 83.093613	 83.092897	 83.092203	  83.09153	 83.090875	 83.090234	 83.089606	 83.088988	 83.088378	 83.087772	
        99	 98.752439	 98.504961	 98.257647	 98.010579	 97.763839	  97.51751	  97.27167	 97.026402	 96.781785	 96.537899	 96.294821	 96.052631	 95.811404	 95.571217	 95.332145	 95.094261	 94.857639	  94.62235	 94.388463	 94.156049	 93.925174	 93.695905	 93.468306	 93.242439	 93.018366	 92.796148	  92.57584	 92.357501	 92.141183	  91.92694	 91.714822	 91.504878	 91.297154	 91.091696	 90.888545	 90.687744	  90.48933	 90.293341	 90.099811	 89.908773	 89.720257	 89.534292	 89.350904	 89.170117	 88.991955	 88.816437	 88.643581	 88.473403	 88.305919	 88.141139	 87.979074	 87.819732	  87.66312	 87.509241	 87.358099	 87.209694	 87.064025	 86.921089	 86.780881	 86.643395	 86.508622	 86.376554	 86.247179	 86.120483	 85.996454	 85.875074	 85.756327	 85.640194	 85.526656	 85.415692	 85.307278	 85.201392	 85.098008	 84.997103	 84.898648	 84.802616	 84.708978	 84.617706	 84.528769	 84.442136	 84.357775	 84.275654	  84.19574	    84.118	   84.0424	 83.968905	  83.89748	  83.82809	 83.760699	 83.695272	 83.631772	 83.570164	  83.51041	 83.452474	 83.396319	  83.34191	 83.289208	 83.238177	 83.188781	 83.140984	 83.094748	 83.050038	 83.006818	 82.965051	 82.924703	 82.885738	 82.848122	 82.811819	 82.776796	 82.743018	 82.710452	 82.679065	 82.648824	 82.619698	 82.591654	 82.564661	 82.538689	 82.513706	 82.489684	 82.466593	 82.444404	  82.42309	 82.402622	 82.382973	 82.364117	 82.346028	  82.32868	 82.312049	  82.29611	  82.28084	 82.266214	 82.252212	 82.238809	 82.225986	 82.213721	 82.201993	 82.190783	 82.180072	  82.16984	 82.160069	 82.150742	 82.141841	  82.13335	 82.125252	 82.117532	 82.110174	 82.103164	 82.096487	 82.090129	 82.084077	 82.078319	 82.072841	 82.067632	  82.06268	 82.057973	   82.0535	 82.049252	 82.045219	 82.041389	 82.037754	 82.034305	 82.031034	 82.027931	 82.024988	 82.022199	 82.019555	 82.017049	 82.014675	 82.012425	 82.010294	 82.008274	 82.006361	 82.004548	 82.002831	 82.001203	  81.99966	 81.998197	 81.996809	 81.995492	 81.994241	 81.993053	 81.991923	 81.990847	 81.989821	 81.988843	 81.987909	 81.987014	 81.986156	 81.985332	 81.984538	 81.983772	 81.983031	 81.982311	  81.98161	 81.980925	 81.980253	 81.979592	 81.978938	  81.97829	
        99	 98.736383	 98.472854	   98.2095	 97.946409	 97.683667	 97.421361	 97.159577	 96.898402	  96.63792	 96.378216	 96.119373	 95.861475	 95.604603	 95.348839	 95.094261	 94.840949	 94.588981	 94.338431	 94.089376	 93.841888	  93.59604	 93.351901	  93.10954	 92.869025	  92.63042	 92.393789	 92.159193	 91.926693	 91.696346	 91.468208	 91.242332	 91.018772	 90.797576	 90.578792	 90.362466	 90.148642	  89.93736	 89.728659	 89.522578	 89.319149	 89.118407	 88.920381	 88.725099	 88.532587	  88.34287	 88.155968	 87.971901	 87.790687	  87.61234	 87.436873	 87.264297	 87.094621	 86.927851	 86.763993	 86.603048	 86.445018	 86.289902	 86.137695	 85.988394	 85.841991	 85.698478	 85.557844	 85.420078	 85.285165	 85.153092	  85.02384	 84.897391	 84.773727	 84.652825	 84.534663	 84.419218	 84.306465	 84.196376	 84.088926	 83.984086	 83.881826	 83.782115	 83.684923	 83.590218	 83.497966	 83.408134	 83.320687	 83.235591	 83.152809	 83.072305	 82.994043	 82.917986	 82.844095	 82.772334	 82.702664	 82.635046	 82.569442	 82.505812	 82.444119	 82.384322	 82.326384	 82.270264	 82.215923	 82.163324	 82.112426	 82.063192	 82.015582	 81.969559	 81.925084	 81.882119	 81.840627	 81.800571	 81.761913	 81.724618	  81.68865	 81.653972	 81.620549	 81.588347	 81.557332	 81.527469	 81.498726	 81.471069	 81.444466	 81.418886	 81.394297	 81.370669	 81.347972	 81.326177	 81.305254	 81.285175	 81.265913	  81.24744	  81.22973	 81.212757	 81.196496	 81.180923	 81.166012	  81.15174	 81.138085	 81.125025	 81.112536	   81.1006	 81.089193	 81.078298	 81.067893	 81.057961	 81.048483	 81.039441	 81.030818	 81.022597	 81.014762	 81.007297	 81.000187	 80.993417	 80.986973	 80.980841	 80.975008	 80.969461	 80.964187	 80.959175	 80.954413	 80.949889	 80.945594	 80.941516	 80.937645	 80.933973	 80.930489	 80.927185	 80.924052	 80.921081	 80.918266	 80.915598	 80.913069	 80.910674	 80.908404	 80.906253	 80.904216	 80.902286	 80.900457	 80.898724	  80.89708	 80.895522	 80.894045	 80.892642	  80.89131	 80.890045	 80.888841	 80.887696	 80.886604	 80.885562	 80.884567	 80.883614	 80.882701	 80.881823	 80.880978	 80.880162	 80.879373	 80.878606	  80.87786	  80.87713	 80.876415	 80.875711	 80.875015	 80.874325	
        99	 98.720413	 98.440918	 98.161609	 97.882579	 97.603919	 97.325722	 97.048078	  96.77108	 96.494818	  96.21938	 95.944856	 95.671333	 95.398899	  95.12764	 94.857639	 94.588981	 94.321747	 94.056019	 93.791875	 93.529393	 93.268651	 93.009721	 92.752677	 92.497591	  92.24453	 91.993563	 91.744755	 91.498169	 91.253867	 91.011907	 90.772348	 90.535243	 90.300647	 90.068608	 89.839177	 89.612398	 89.388316	 89.166972	 88.948405	 88.732652	 88.519748	 88.309725	 88.102612	 87.898438	 87.697227	 87.499002	 87.303784	 87.111591	 86.922439	 86.736341	  86.55331	 86.373355	 86.196482	 86.022696	 85.852001	 85.684397	 85.519883	 85.358456	 85.200109	 85.044836	 84.892629	 84.743475	 84.597362	 84.454277	 84.314201	 84.177119	  84.04301	 83.911853	 83.783627	 83.658307	 83.535868	 83.416283	 83.299525	 83.185566	 83.074374	 82.965918	 82.860167	 82.757087	 82.656644	 82.558803	 82.463529	 82.370784	 82.280532	 82.192735	 82.107354	 82.024351	 81.943686	 81.865319	  81.78921	 81.715319	 81.643604	 81.574026	 81.506541	  81.44111	 81.377691	 81.316242	 81.256723	  81.19909	 81.143304	 81.089323	 81.037106	 80.986612	   80.9378	  80.89063	 80.845063	 80.801057	 80.758574	 80.717575	  80.67802	 80.639872	 80.603094	 80.567646	 80.533493	 80.500599	 80.468927	 80.438442	  80.40911	 80.380895	 80.353765	 80.327687	 80.302628	 80.278556	  80.25544	 80.233249	 80.211954	 80.191525	 80.171933	  80.15315	 80.135149	 80.117903	 80.101386	 80.085571	 80.070435	 80.055953	 80.042101	 80.028856	 80.016196	 80.004099	 79.992543	 79.981509	 79.970975	 79.960923	 79.951333	 79.942187	 79.933468	 79.925159	 79.917241	 79.909701	  79.90252	 79.895686	 79.889183	 79.882996	 79.877113	  79.87152	 79.866204	 79.861153	 79.856356	   79.8518	 79.847475	  79.84337	 79.839475	  79.83578	 79.832276	 79.828953	 79.825803	 79.822817	 79.819987	 79.817305	 79.814764	 79.812357	 79.810076	 79.807915	 79.805868	 79.803928	  79.80209	 79.800347	 79.798695	 79.797128	  79.79564	 79.794228	 79.792886	 79.791609	 79.790394	 79.789236	 79.788132	 79.787076	 79.786066	 79.785097	 79.784166	  79.78327	 79.782404	 79.781567	 79.780754	 79.779962	 79.779188	  79.77843	 79.777683	 79.776945	 79.776213	
