Time step 33:
        99	        99	        99	        99	        99	        99	        99	        99	        99	        99	        99	        99	        99	        99	        99	        99	        99	        99	        99	        99	        99	        99	        99	        99	        99	        99	        99	        99	        99	        99	        99	        99	        99	        99	        99	        99	        99	        99	        99	        99	        99	        99	        99	        99	        99	        99	        99	        99	        99	        99	        99	        99	        99	        99	        99	        99	        99	        99	        99	        99	        99	        99	        99	        99	        99	        99	        99	        99	        99	        99	        99	        99	        99	        99	        99	        99	        99	        99	        99	        99	        99	        99	        99	        99	        99	        99	        99	        99	        99	        99	        99	        99	        99	        99	        99	        99	        99	        99	        99	        99	        99	        99	        99	        99	        99	        99	        99	        99	        99	        99	        99	        99	        99	        99	        99	        99	        99	        99	        99	        99	        99	        99	        99	        99	        99	        99	        99	        99	        99	        99	        99	        99	        99	        99	        99	        99	        99	        99	        99	        99	        99	        99	        99	        99	        99	        99	        99	        99	        99	        99	        99	        99	        99	        99	        99	        99	        99	        99	        99	        99	        99	        99	        99	        99	        99	        99	        99	        99	        99	        99	        99	        99	        99	        99	        99	        99	        99	        99	        99	        99	        99	        99	        99	        99	        99	        99	        99	        99	        99	        99	        99	        99	        99	        99	        99	        99	        99	        99	        99	        99	
        99	  98.98076	 98.961526	 98.942308	 98.923112	 98.903945	 98.884814	 98.865728	 98.846692	 98.827715	 98.808803	 98.789963	 98.771203	 98.752528	 98.733946	 98.715463	 98.697086	 98.678821	 98.660675	 98.642653	 98.624762	 98.607007	 98.589394	 98.571929	 98.554617	 98.537463	 98.520473	  98.50365	 98.487001	 98.470529	 98.454238	 98.438134	  98.42222	 98.406499	 98.390975	 98.375652	 98.360533	 98.345621	 98.330918	 98.316428	 98.302152	 98.288093	 98.274253	 98.260634	 98.247237	 98.234063	 98.221115	 98.208392	 98.195896	 98.183627	 98.171586	 98.159774	  98.14819	 98.136834	 98.125705	 98.114805	 98.104131	 98.093684	 98.083462	 98.073464	  98.06369	 98.054137	 98.044805	 98.035692	 98.026795	 98.018114	 98.009646	 98.001389	 97.993341	   97.9855	 97.977863	 97.970428	 97.963192	 97.956153	 97.949308	 97.942653	 97.936187	 97.929907	 97.923808	 97.917889	 97.912146	 97.906576	 97.901177	 97.895944	 97.890874	 97.885965	 97.881213	 97.876614	 97.872167	 97.867866	  97.86371	 97.859694	 97.855815	 97.852071	 97.848457	 97.844972	  97.84161	  97.83837	 97.835248	  97.83224	 97.829345	 97.826558	 97.823877	 97.821298	 97.818819	 97.816437	 97.814148	 97.811951	 97.809841	 97.807817	 97.805876	 97.804014	  97.80223	 97.800521	 97.798884	 97.797317	 97.795817	 97.794383	 97.793011	   97.7917	 97.790447	  97.78925	 97.788108	 97.787017	 97.785977	 97.784985	 97.784039	 97.783138	 97.782279	 97.781462	 97.780683	 97.779943	 97.779239	 97.778569	 97.777933	 97.777328	 97.776754	 97.776209	 97.775691	 97.775201	 97.774735	 97.774294	 97.773876	 97.773481	 97.773106	 97.772751	 97.772416	 97.772098	 97.771798	 97.771515	 97.771247	 97.770994	 97.770755	  97.77053	 97.770317	 97.770117	 97.769928	  97.76975	 97.769583	 97.769425	 97.769276	 97.769136	 97.769005	 97.768881	 97.768765	 97.768656	 97.768553	 97.768457	 97.768366	 97.768281	 97.768201	 97.768126	 97.768056	  97.76799	 97.767928	  97.76787	 97.767816	 97.767765	 97.767717	 97.767672	 97.767629	 97.767589	 97.767552	 97.767517	 97.767484	 97.767452	 97.767423	 97.767395	 97.767368	 97.767343	 97.767319	 97.767296	 97.767274	 97.767253	 97.767232	 97.767212	 97.767193	 97.767174	 97.767155	 97.767137	
        99	 98.961526	 98.923068	 98.884638	 98.846253	 98.807926	 98.769673	 98.731507	 98.693444	 98.655496	  98.61768	 98.580007	 98.542493	 98.505151	 98.467994	 98.431035	 98.394288	 98.357766	  98.32148	 98.285443	 98.249667	 98.214164	 98.178946	 98.144022	 98.109404	 98.075103	 98.041128	  98.00749	 97.974198	  97.94126	 97.908685	 97.876483	  97.84466	 97.813225	 97.782183	 97.751544	 97.721311	 97.691492	 97.662093	 97.633118	 97.604572	 97.576459	 97.548784	 97.521551	 97.494761	 97.468419	 97.442527	 97.417086	 97.392099	 97.367567	  97.34349	 97.319869	 97.296705	 97.273997	 97.251745	 97.229948	 97.208605	 97.187715	 97.167275	 97.147283	 97.127738	 97.108637	 97.089976	 97.071752	 97.053963	 97.036604	 97.019671	  97.00316	 96.987068	 96.971388	 96.956117	  96.94125	 96.926781	 96.912705	 96.899017	 96.885711	 96.872782	 96.860223	 96.848028	 96.836192	 96.824709	 96.813571	 96.802774	 96.792309	 96.782172	 96.772356	 96.762854	 96.753659	 96.744765	 96.736165	 96.727854	 96.719824	 96.712068	 96.704581	 96.697355	 96.690385	 96.683663	 96.677184	 96.670941	 96.664928	 96.659138	 96.653565	 96.648203	 96.643047	  96.63809	 96.633326	  96.62875	 96.624356	 96.620138	  96.61609	 96.612208	 96.608486	 96.604919	 96.601501	 96.598228	 96.595094	 96.592096	 96.589227	 96.586484	 96.583862	 96.581357	 96.578964	 96.576679	 96.574499	 96.572418	 96.570435	 96.568543	 96.566741	 96.565024	 96.563389	 96.561833	 96.560352	 96.558944	 96.557605	 96.556333	 96.555124	 96.553975	 96.552885	 96.551851	  96.55087	  96.54994	 96.549058	 96.548222	 96.547431	 96.546681	 96.545972	 96.545301	 96.544666	 96.544066	   96.5435	 96.542964	 96.542458	 96.541981	  96.54153	 96.541105	 96.540705	 96.540327	 96.539971	 96.539636	  96.53932	 96.539023	 96.538744	 96.538481	 96.538233	 96.538001	 96.537782	 96.537577	 96.537384	 96.537203	 96.537033	 96.536874	 96.536724	 96.536583	 96.536452	 96.536328	 96.536212	 96.536103	 96.536001	 96.535905	 96.535815	  96.53573	  96.53565	 96.535576	 96.535505	 96.535439	 96.535376	 96.535317	 96.535261	 96.535208	 96.535157	 96.535109	 96.535063	 96.535019	 96.534977	 96.534936	 96.534896	 96.534857	  96.53482	 96.534782	 96.534745	
        99	 98.942308	 98.884638	 98.827012	 98.769453	 98.711981	 98.654619	 98.597389	 98.540312	 98.483409	 98.426702	 98.370212	 98.313958	 98.257963	 98.202245	 98.146825	 98.091722	 98.036956	 97.982544	 97.928506	  97.87486	 97.821622	 97.768811	 97.716442	 97.664532	 97.613097	 97.562151	  97.51171	 97.461787	 97.412396	  97.36355	 97.315262	 97.267543	 97.220404	 97.173857	 97.127912	 97.082578	 97.037864	 96.993779	  96.95033	 96.907525	 96.865369	  96.82387	 96.783033	 96.742862	 96.703361	 96.664535	 96.626386	 96.588918	  96.55213	 96.516027	 96.480607	 96.445872	 96.411821	 96.378454	 96.345769	 96.313764	 96.282438	 96.251788	 96.221811	 96.192502	 96.163859	 96.135877	  96.10855	 96.081875	 96.055844	 96.030453	 96.005695	 95.981564	 95.958052	 95.935153	 95.912859	 95.891163	 95.870056	  95.84953	 95.829578	  95.81019	 95.791357	 95.773071	 95.755323	 95.738103	 95.721402	 95.705211	  95.68952	 95.674319	 95.659599	  95.64535	 95.631562	 95.618225	  95.60533	 95.592867	 95.580826	 95.569196	 95.557969	 95.547134	 95.536682	 95.526602	 95.516887	 95.507525	 95.498508	 95.489825	 95.481469	  95.47343	 95.465698	 95.458264	 95.451121	 95.444259	  95.43767	 95.431344	 95.425275	 95.419454	 95.413873	 95.408523	 95.403398	  95.39849	 95.393791	 95.389294	 95.384993	  95.38088	 95.376948	 95.373191	 95.369603	 95.366177	 95.362908	 95.359788	 95.356813	 95.353977	 95.351275	   95.3487	 95.346249	 95.343915	 95.341695	 95.339583	 95.337575	 95.335667	 95.333854	 95.332133	 95.330498	 95.328947	 95.327476	 95.326081	 95.324758	 95.323505	 95.322318	 95.321195	 95.320131	 95.319125	 95.318173	 95.317274	 95.316424	 95.315621	 95.314862	 95.314146	 95.313471	 95.312834	 95.312233	 95.311666	 95.311133	  95.31063	 95.310157	 95.309711	 95.309292	 95.308898	 95.308527	 95.308178	 95.307851	 95.307543	 95.307254	 95.306982	 95.306727	 95.306488	 95.306264	 95.306053	 95.305855	  95.30567	 95.305496	 95.305332	 95.305179	 95.305035	   95.3049	 95.304773	 95.304654	 95.304542	 95.304436	 95.304336	 95.304243	 95.304154	  95.30407	  95.30399	 95.303914	 95.303842	 95.303773	 95.303707	 95.303644	 95.303582	 95.303523	 95.303465	 95.303408	 95.303352	 95.303297	
        99	 98.923112	 98.846253	 98.769453	 98.692741	 98.616146	 98.539698	 98.463425	 98.387356	 98.311519	 98.235944	 98.160657	 98.085686	 98.011058	 97.936801	 97.862941	 97.789503	 97.716514	 97.643998	 97.571979	 97.500482	 97.429531	 97.359147	 97.289353	 97.220171	 97.151621	 97.083723	 97.016498	 96.949964	 96.884139	  96.81904	 96.754684	 96.691087	 96.628264	 96.566229	 96.504996	 96.444578	 96.384986	 96.326232	 96.268326	 96.211277	 96.155095	 96.099788	 96.045362	 95.991825	 95.939181	 95.887436	 95.836594	 95.786657	  95.73763	 95.689513	 95.642308	 95.596015	 95.550634	 95.506164	 95.462603	  95.41995	 95.378201	 95.337352	   95.2974	  95.25834	 95.220166	 95.182872	 95.146453	 95.110902	  95.07621	  95.04237	 95.009375	 94.977214	 94.945879	 94.915361	 94.885649	 94.856733	 94.828603	 94.801248	 94.774656	 94.748817	 94.723718	 94.699347	 94.675693	 94.652744	 94.630486	 94.608907	 94.587995	 94.567736	 94.548118	 94.529128	 94.510753	 94.492978	 94.475793	 94.459182	 94.443134	 94.427635	 94.412672	 94.398232	 94.384302	 94.370869	 94.357921	 94.345444	 94.333426	 94.321855	 94.310718	 94.300003	 94.289699	 94.279792	 94.270272	 94.261127	 94.252345	 94.243915	 94.235826	 94.228068	 94.220629	   94.2135	  94.20667	 94.200128	 94.193866	 94.187873	 94.182141	 94.176659	 94.171419	 94.166412	  94.16163	 94.157064	 94.152707	 94.148549	 94.144585	 94.140805	 94.137203	 94.133772	 94.130505	 94.127395	 94.124436	 94.121621	 94.118945	 94.116402	 94.113986	 94.111691	 94.109513	 94.107446	 94.105485	 94.103626	 94.101863	 94.100193	 94.098612	 94.097114	 94.095697	 94.094356	 94.093088	 94.091889	 94.090756	 94.089685	 94.088675	 94.087721	  94.08682	 94.085971	  94.08517	 94.084415	 94.083704	 94.083034	 94.082404	  94.08181	 94.081251	 94.080726	 94.080231	 94.079767	  94.07933	  94.07892	 94.078535	 94.078173	 94.077833	 94.077514	 94.077215	 94.076934	 94.076671	 94.076423	 94.076191	 94.075974	 94.075769	 94.075578	 94.075398	 94.075228	 94.075069	  94.07492	 94.074779	 94.074646	 94.074521	 94.074403	 94.074291	 94.074185	 94.074084	 94.073988	 94.073896	 94.073808	 94.073723	 94.073641	 94.073562	 94.073485	 94.073409	 94.073334	 94.073261	
        99	 98.903945	 98.807926	 98.711981	 98.616146	 98.520458	 98.424952	 98.329666	 98.234634	 98.139893	 98.045477	 97.951422	 97.857762	 97.764532	 97.671763	 97.579491	 97.487746	 97.396562	 97.305969	 97.215997	 97.126677	 97.038039	 96.950109	 96.862917	 96.776489	  96.69085	 96.606027	 96.522044	 96.438924	 96.356689	 96.275363	 96.194964	 96.115513	 96.037029	  95.95953	 95.883033	 95.807553	 95.733106	 95.659706	 95.587364	 95.516095	 95.445908	 95.376813	  95.30882	 95.241936	 95.176169	 95.111525	 95.048009	 94.985624	 94.924375	 94.864263	 94.805291	 94.747458	 94.690764	 94.635208	 94.580789	 94.527503	 94.475346	 94.424314	 94.374403	 94.325605	 94.277915	 94.231326	 94.185828	 94.141414	 94.098074	 94.055799	 94.014578	   93.9744	 93.935254	 93.897127	 93.860009	 93.823885	 93.788743	 93.754568	 93.721348	 93.689067	 93.657711	 93.627266	 93.597715	 93.569045	 93.541238	  93.51428	 93.488155	 93.462846	 93.438338	 93.414614	 93.391657	 93.369452	 93.347983	 93.327232	 93.307183	  93.28782	 93.269127	 93.251087	 93.233685	 93.216903	 93.200727	  93.18514	 93.170126	 93.155671	 93.141758	 93.128372	 93.115498	 93.103122	 93.091229	 93.079804	 93.068833	 93.058301	 93.048197	 93.038504	 93.029211	 93.020305	 93.011772	   93.0036	 92.995776	  92.98829	 92.981128	  92.97428	 92.967733	 92.961479	 92.955504	   92.9498	 92.944357	 92.939163	  92.93421	 92.929488	 92.924988	 92.920702	  92.91662	 92.912735	 92.909038	 92.905522	 92.902179	 92.899002	 92.895983	 92.893117	 92.890396	 92.887813	 92.885364	 92.883041	 92.880839	 92.878753	 92.876777	 92.874906	 92.873135	  92.87146	 92.869875	 92.868378	 92.866962	 92.865625	 92.864362	  92.86317	 92.862046	 92.860985	 92.859984	 92.859041	 92.858153	 92.857316	 92.856528	 92.855786	 92.855088	 92.854432	 92.853814	 92.853234	 92.852688	 92.852176	 92.851695	 92.851243	 92.850818	  92.85042	 92.850046	 92.849695	 92.849366	 92.849057	 92.848767	 92.848495	  92.84824	 92.848001	 92.847776	 92.847564	 92.847366	 92.847179	 92.847003	 92.846837	 92.846681	 92.846533	 92.846393	 92.846261	 92.846135	 92.846015	   92.8459	  92.84579	 92.845684	 92.845582	 92.845482	 92.845386	 92.845291	 92.845198	 92.845106	
        99	 98.884814	 98.769673	 98.654619	 98.539698	 98.424952	 98.310426	 98.196162	 98.082204	 97.968594	 97.855375	 97.742588	 97.630275	 97.518476	 97.407232	 97.296583	 97.186566	 97.077222	 96.968586	 96.860696	 96.753587	 96.647295	 96.541853	 96.437296	 96.333654	  96.23096	 96.129244	 96.028535	  95.92886	 95.830248	 95.732724	 95.636313	 95.541039	 95.446925	 95.353991	 95.262259	 95.171746	 95.082472	 94.994453	 94.907705	 94.822241	 94.738076	  94.65522	 94.573685	 94.493481	 94.414616	 94.337097	 94.260931	 94.186122	 94.112674	 94.040591	 93.969873	 93.900522	 93.832538	 93.765918	  93.70066	 93.636761	 93.574217	 93.513022	  93.45317	 93.394654	 93.337466	 93.281597	 93.227038	 93.173779	 93.121807	 93.071113	 93.021682	 92.973502	  92.92656	 92.880841	 92.836329	 92.793011	  92.75087	 92.709889	 92.670052	 92.631343	 92.593742	 92.557233	 92.521797	 92.487417	 92.454073	 92.421746	 92.390417	 92.360068	 92.330679	 92.302229	 92.274701	 92.248074	 92.222328	 92.197444	 92.173403	 92.150184	 92.127768	 92.106135	 92.085267	 92.065143	 92.045745	 92.027054	  92.00905	 91.991715	 91.975031	  91.95898	 91.943542	 91.928701	 91.914439	 91.900739	 91.887583	 91.874954	 91.862837	 91.851214	  91.84007	  91.82939	 91.819158	 91.809358	 91.799976	 91.790999	 91.782411	 91.774198	 91.766349	 91.758848	 91.751684	 91.744844	 91.738316	 91.732088	 91.726148	 91.720486	  91.71509	  91.70995	 91.705055	 91.700396	 91.695964	 91.691747	 91.687739	 91.683929	 91.680309	 91.676872	 91.673608	 91.670511	 91.667574	 91.664788	 91.662148	 91.659646	 91.657277	 91.655033	  91.65291	 91.650901	 91.649001	 91.647205	 91.645508	 91.643904	  91.64239	 91.640961	 91.639612	  91.63834	  91.63714	  91.63601	 91.634944	 91.633941	 91.632996	 91.632106	 91.631269	 91.630482	 91.629741	 91.629045	 91.628391	 91.627777	 91.627199	 91.626657	 91.626148	 91.625671	 91.625222	 91.624802	 91.624407	 91.624037	 91.623689	 91.623363	 91.623057	  91.62277	   91.6225	 91.622247	 91.622008	 91.621784	 91.621573	 91.621375	 91.621187	  91.62101	 91.620842	 91.620683	 91.620532	 91.620388	 91.620251	 91.620119	 91.619992	 91.619869	  91.61975	 91.619634	 91.619521	 91.619409	 91.619299	
        99	 98.865728	 98.731507	 98.597389	 98.463425	 98.329666	 98.196162	 98.062964	 97.930123	 97.797688	 97.665708	 97.534232	 97.403309	 97.272985	 97.143308	 97.014323	 96.886077	 96.758614	 96.631977	 96.506209	 96.381352	 96.257447	 96.134534	 96.012651	 95.891836	 95.772125	 95.653554	 95.536157	 95.419967	 95.305014	 95.191331	 95.078944	 94.967883	 94.858173	  94.74984	 94.642908	 94.537397	 94.433331	 94.330727	 94.229604	 94.129979	 94.031867	 93.935282	 93.840237	 93.746743	 93.654809	 93.564445	 93.475658	 93.388453	 93.302835	 93.218807	 93.136372	 93.055529	 92.976279	  92.89862	 92.822549	 92.748062	 92.675154	 92.603819	  92.53405	 92.465838	 92.399173	 92.334047	 92.270448	 92.208363	  92.14778	 92.088685	 92.031063	   91.9749	 91.920179	 91.866884	 91.814997	 91.764501	 91.715377	 91.667606	 91.621168	 91.576044	 91.532213	 91.489654	 91.448347	 91.408269	   91.3694	 91.331716	 91.295197	 91.259819	 91.225559	 91.192396	 91.160306	 91.129267	 91.099255	 91.070248	 91.042223	 91.015156	 90.989026	 90.963809	 90.939482	 90.916024	 90.893412	 90.871623	 90.850636	 90.830429	 90.810981	 90.792269	 90.774274	 90.756974	 90.740349	 90.724378	 90.709042	 90.694321	 90.680195	 90.666647	 90.653657	 90.641206	 90.629278	 90.617855	 90.606919	 90.596454	 90.586442	 90.576869	 90.567719	 90.558976	 90.550624	 90.542651	 90.535041	 90.527781	 90.520857	 90.514257	 90.507967	 90.501975	 90.496269	 90.490838	 90.485671	 90.480756	 90.476083	 90.471642	 90.467422	 90.463415	 90.459611	 90.456001	 90.452577	  90.44933	 90.446252	 90.443336	 90.440574	 90.437958	 90.435483	 90.433141	 90.430927	 90.428833	 90.426854	 90.424985	  90.42322	 90.421554	 90.419982	 90.418499	 90.417101	 90.415782	  90.41454	  90.41337	 90.412269	 90.411232	 90.410256	 90.409339	 90.408475	 90.407664	 90.406902	 90.406185	 90.405512	 90.404881	 90.404287	  90.40373	 90.403208	 90.402717	 90.402257	 90.401826	  90.40142	  90.40104	 90.400684	 90.400349	 90.400034	 90.399739	 90.399461	   90.3992	 90.398954	 90.398723	 90.398504	 90.398297	 90.398102	 90.397917	  90.39774	 90.397573	 90.397412	 90.397258	  90.39711	 90.396967	 90.396829	 90.396694	 90.396561	 90.396431	 90.396302	
        99	 98.846692	 98.693444	 98.540312	 98.387356	 98.234634	 98.082204	 97.930123	 97.778449	 97.627239	 97.476549	 97.326434	  97.17695	  97.02815	 96.880089	 96.732819	 96.586391	 96.440858	 96.296268	  96.15267	 96.010113	 95.868642	 95.728304	 95.589142	 95.451199	 95.314518	 95.179137	 95.045097	 94.912434	 94.781185	 94.651385	 94.523066	  94.39626	 94.270997	 94.147306	 94.025214	 93.904745	 93.785925	 93.668775	 93.553316	 93.439568	 93.327547	 93.217269	  93.10875	 93.002001	 92.897035	  92.79386	 92.692486	 92.592918	 92.495162	 92.399222	   92.3051	 92.212796	 92.122311	 92.033643	 91.946787	 91.861741	 91.778497	 91.697049	 91.617388	 91.539506	 91.463391	 91.389032	 91.316416	 91.245529	 91.176357	 91.108885	 91.043094	 90.978969	 90.916491	  90.85564	 90.796397	 90.738742	 90.682654	  90.62811	 90.575089	 90.523568	 90.473523	 90.424931	 90.377768	 90.332009	 90.287629	 90.244603	 90.202906	 90.162512	 90.123396	 90.085531	 90.048892	 90.013453	 89.979186	 89.946067	 89.914068	 89.883165	  89.85333	 89.824538	 89.796763	 89.769979	 89.744161	 89.719283	 89.695321	 89.672249	 89.650044	  89.62868	 89.608133	 89.588381	 89.569398	 89.551163	 89.533653	 89.516845	 89.500717	 89.485248	 89.470416	 89.456201	 89.442582	 89.429539	 89.417053	 89.405104	 89.393673	 89.382743	 89.372295	 89.362312	 89.352777	 89.343674	 89.334985	 89.326696	  89.31879	 89.311254	 89.304072	 89.297231	 89.290716	 89.284516	 89.278616	 89.273004	 89.267668	 89.262597	  89.25778	 89.253205	 89.248861	  89.24474	  89.24083	 89.237123	 89.233609	 89.230279	 89.227125	 89.224139	 89.221313	 89.218639	  89.21611	  89.21372	 89.211461	 89.209327	 89.207312	 89.205409	 89.203614	 89.201921	 89.200324	 89.198819	 89.197401	 89.196065	 89.194808	 89.193624	  89.19251	 89.191462	 89.190476	  89.18955	 89.188679	 89.187862	 89.187093	 89.186372	 89.185694	 89.185059	 89.184462	 89.183902	 89.183377	 89.182884	 89.182421	 89.181987	  89.18158	 89.181197	 89.180838	 89.180501	 89.180184	 89.179886	 89.179605	 89.179341	 89.179091	 89.178855	 89.178632	 89.178421	 89.178219	 89.178028	 89.177845	 89.177669	   89.1775	 89.177337	 89.177178	 89.177024	 89.176873	 89.176725	 89.176578	
        99	 98.827715	 98.655496	 98.483409	 98.311519	 98.139893	 97.968594	 97.797688	 97.627239	 97.457311	 97.287968	 97.119271	 96.951282	 96.784064	 96.617675	 96.452175	 96.287622	 96.124073	 95.961585	 95.800212	 95.640008	 95.481026	 95.323315	 95.166927	 95.011909	 94.858309	  94.70617	 94.555537	 94.406453	 94.258958	  94.11309	 93.968887	 93.826384	 93.685615	 93.546613	 93.409407	 93.274027	 93.140499	 93.008847	 92.879096	 92.751267	  92.62538	 92.501451	 92.379499	 92.259536	 92.141577	 92.025631	 91.911707	 91.799814	 91.689958	 91.582142	 91.476369	 91.372639	 91.270954	 91.171309	 91.073702	 90.978128	  90.88458	 90.793049	 90.703528	 90.616005	 90.530468	 90.446904	   90.3653	 90.285639	 90.207904	 90.132079	 90.058145	 89.986082	  89.91587	 89.847487	 89.780911	 89.716119	 89.653088	 89.591792	 89.532208	 89.474309	 89.418069	 89.363462	 89.310461	 89.259037	 89.209164	 89.160812	 89.113954	  89.06856	 89.024602	  88.98205	 88.940875	 88.901049	 88.862541	 88.825322	 88.789362	 88.754633	 88.721105	 88.688749	 88.657536	 88.627436	 88.598422	 88.570465	 88.543537	  88.51761	 88.492655	 88.468647	 88.445557	 88.423359	 88.402027	 88.381535	 88.361857	 88.342968	 88.324844	  88.30746	 88.290792	 88.274817	 88.259513	 88.244855	 88.230823	 88.217395	  88.20455	 88.192267	 88.180526	 88.169307	 88.158592	 88.148361	 88.138597	 88.129281	 88.120397	 88.111928	 88.103857	 88.096169	 88.088848	  88.08188	  88.07525	 88.068943	 88.062947	 88.057249	 88.051835	 88.046693	 88.041812	 88.037181	 88.032787	  88.02862	 88.024671	 88.020929	 88.017385	  88.01403	 88.010854	 88.007849	 88.005007	 88.002321	 87.999782	 87.997384	 87.995119	 87.992981	 87.990964	 87.989061	 87.987267	 87.985576	 87.983982	 87.982481	 87.981067	 87.979737	 87.978485	 87.977307	   87.9762	 87.975159	 87.974181	 87.973261	 87.972398	 87.971587	 87.970826	 87.970112	 87.969441	 87.968812	 87.968221	 87.967667	 87.967148	  87.96666	 87.966202	 87.965773	 87.965369	  87.96499	 87.964634	 87.964299	 87.963983	 87.963686	 87.963406	 87.963141	  87.96289	 87.962652	 87.962426	  87.96221	 87.962005	 87.961807	 87.961617	 87.961434	 87.961256	 87.961083	 87.960913	 87.960746	 87.960581	
        99	 98.808803	  98.61768	 98.426702	 98.235944	 98.045477	 97.855375	 97.665708	 97.476549	 97.287968	 97.100035	  96.91282	 96.726391	 96.540816	 96.356163	 96.172495	 95.989879	 95.808378	 95.628053	 95.448966	 95.271176	 95.094742	 94.919719	 94.746164	  94.57413	 94.403668	 94.234829	 94.067661	 93.902211	 93.738525	 93.576645	 93.416612	 93.258467	 93.102246	 92.947985	 92.795718	 92.645477	 92.497291	 92.351188	 92.207194	 92.065333	 91.925626	 91.788094	 91.652755	 91.519624	 91.388715	 91.260042	 91.133613	 91.009437	 90.887522	  90.76787	 90.650486	 90.535371	 90.422523	  90.31194	 90.203619	 90.097553	 89.993736	 89.892158	  89.79281	 89.695679	 89.600753	 89.508016	 89.417454	 89.329048	 89.242781	 89.158632	 89.076582	 88.996609	 88.918689	 88.842799	 88.768915	 88.697011	 88.627061	 88.559037	 88.492912	 88.428657	 88.366244	 88.305643	 88.246823	 88.189755	 88.134407	 88.080747	 88.028745	 87.978368	 87.929585	 87.882362	 87.836668	 87.792469	 87.749734	 87.708429	 87.668522	 87.629981	 87.592773	 87.556865	 87.522225	 87.488822	 87.456623	 87.425597	 87.395713	 87.366939	 87.339246	 87.312601	 87.286977	 87.262342	 87.238669	 87.215927	 87.194089	 87.173127	 87.153014	 87.133721	 87.115224	 87.097495	  87.08051	 87.064244	 87.048672	  87.03377	 87.019514	 87.005883	 86.992853	 86.980403	 86.968511	 86.957157	 86.946321	 86.935983	 86.926124	 86.916725	 86.907768	 86.899236	 86.891112	 86.883379	  86.87602	 86.869022	 86.862368	 86.856044	 86.850035	  86.84433	 86.838913	 86.833773	 86.828897	 86.824273	  86.81989	 86.815738	 86.811804	  86.80808	 86.804556	 86.801221	 86.798068	 86.795086	 86.792269	 86.789607	 86.787094	 86.784722	 86.782483	 86.780371	  86.77838	 86.776503	 86.774734	 86.773068	   86.7715	 86.770023	 86.768634	 86.767327	 86.766098	 86.764943	 86.763857	 86.762837	 86.761879	 86.760979	 86.760134	 86.759341	 86.758597	 86.757899	 86.757244	 86.756629	 86.756052	 86.755511	 86.755003	 86.754526	 86.754078	 86.753658	 86.753262	  86.75289	  86.75254	  86.75221	 86.751899	 86.751605	 86.751327	 86.751063	 86.750812	 86.750573	 86.750344	 86.750125	 86.749915	 86.749711	 86.749514	 86.749321	 86.749133	 86.748948	 86.748764	
        99	 98.789963	 98.580007	 98.370212	 98.160657	 97.951422	 97.742588	 97.534232	 97.326434	 97.119271	  96.91282	 96.707157	 96.502359	 96.298498	 96.095649	 95.893884	 95.693274	 95.493888	 95.295795	 95.099061	 94.903752	 94.709933	 94.517665	 94.327008	 94.138022	 93.950763	 93.765288	 93.581648	 93.399896	  93.22008	 93.042249	 92.866447	 92.692719	 92.521105	 92.351643	 92.184373	 92.019327	  91.85654	  91.69604	 91.537858	 91.382018	 91.228545	 91.077462	 90.928786	 90.782537	  90.63873	 90.497377	  90.35849	 90.222079	  90.08815	 89.956709	 89.827758	 89.701299	 89.577332	 89.455853	 89.336858	 89.220341	 89.106294	 88.994707	  88.88557	 88.778868	 88.674588	 88.572714	 88.473227	  88.37611	 88.281343	 88.188903	 88.098768	 88.010914	 87.925316	 87.841949	 87.760784	 87.681795	 87.604952	 87.530225	 87.457585	 87.386999	 87.318436	 87.251863	 87.187248	 87.124556	 87.063754	 87.004807	 86.947681	  86.89234	  86.83875	 86.786874	 86.736677	 86.688123	 86.641177	 86.595802	 86.551963	 86.509624	  86.46875	 86.429303	 86.391251	 86.354556	 86.319184	 86.285101	 86.252272	 86.220663	 86.190241	 86.160971	 86.132822	  86.10576	 86.079754	 86.054771	 86.030782	 86.007754	 85.985658	 85.964465	 85.944145	  85.92467	 85.906011	 85.888142	 85.871035	 85.854664	 85.839004	  85.82403	 85.809716	 85.796039	 85.782976	 85.770503	   85.7586	 85.747243	 85.736412	 85.726087	 85.716248	 85.706875	  85.69795	 85.689455	 85.681371	 85.673683	 85.666373	 85.659426	 85.652826	 85.646558	 85.640607	 85.634961	 85.629604	 85.624525	  85.61971	 85.615148	 85.610828	 85.606737	 85.602865	 85.599202	 85.595737	 85.592462	 85.589367	 85.586443	 85.583683	 85.581076	 85.578617	 85.576297	  85.57411	 85.572048	 85.570105	 85.568275	 85.566552	  85.56493	 85.563403	 85.561968	 85.560618	 85.559349	 85.558156	 85.557035	 85.555983	 85.554994	 85.554066	 85.553195	 85.552378	 85.551611	 85.550891	 85.550215	 85.549582	 85.548987	 85.548429	 85.547905	 85.547413	 85.546951	 85.546517	 85.546109	 85.545724	 85.545362	  85.54502	 85.544697	 85.544391	 85.544101	 85.543825	 85.543563	 85.543312	 85.543071	  85.54284	 85.542616	 85.542399	 85.542188	 85.541981	 85.541777	 85.541576	
        99	 98.771203	 98.542493	 98.313958	 98.085686	 97.857762	 97.630275	 97.403309	  97.17695	 96.951282	 96.726391	 96.502359	 96.279267	 96.057198	  95.83623	 95.616443	 95.397914	 95.180719	 94.964932	 94.750626	 94.537872	  94.32674	 94.117299	 93.909612	 93.703746	 93.499761	 93.297719	 93.097676	 92.899689	 92.703813	 92.510098	 92.318593	 92.129347	 91.942404	 91.757807	 91.575595	 91.395808	 91.218479	 91.043644	 90.871333	 90.701573	 90.534392	 90.369814	 90.207859	 90.048546	 89.891894	 89.737915	 89.586623	 89.438028	 89.292136	 89.148954	 89.008486	 88.870732	 88.735691	 88.603361	 88.473738	 88.346813	  88.22258	 88.101026	  87.98214	 87.865908	 87.752313	 87.641339	 87.532967	 87.427175	 87.323943	 87.223246	  87.12506	 87.029359	 86.936116	 86.845302	 86.756888	 86.670843	 86.587137	 86.505735	 86.426606	 86.349716	 86.275028	 86.202509	 86.132122	 86.063831	 85.997598	 85.933386	 85.871157	 85.810874	 85.752496	 85.695987	 85.641306	 85.588416	 85.537276	 85.487849	 85.440094	 85.393973	 85.349447	 85.306478	 85.265026	 85.225054	 85.186523	 85.149396	 85.113634	 85.079202	 85.046062	 85.014178	 84.983515	 84.954036	 84.925706	 84.898492	  84.87236	 84.847275	 84.823206	  84.80012	 84.777985	  84.75677	 84.736445	 84.716979	 84.698345	 84.680512	 84.663453	 84.647141	 84.631548	  84.61665	  84.60242	 84.588833	 84.575866	 84.563495	 84.551697	  84.54045	 84.529732	 84.519522	   84.5098	 84.500545	  84.49174	 84.483365	 84.475402	 84.467835	 84.460645	 84.453817	 84.447335	 84.441184	 84.435349	 84.429816	 84.424571	 84.419602	 84.414895	 84.410439	 84.406221	 84.402231	 84.398457	  84.39489	 84.391518	 84.388333	 84.385326	 84.382486	 84.379807	  84.37728	 84.374898	 84.372651	 84.370535	 84.368542	 84.366665	 84.364898	 84.363235	 84.361671	 84.360201	 84.358818	 84.357519	 84.356298	 84.355152	 84.354075	 84.353064	 84.352115	 84.351225	 84.350389	 84.349605	 84.348869	 84.348179	 84.347531	 84.346923	 84.346353	 84.345817	 84.345314	  84.34484	 84.344395	 84.343977	 84.343582	 84.343209	 84.342857	 84.342524	 84.342209	 84.341908	 84.341622	 84.341349	 84.341087	 84.340835	 84.340591	 84.340355	 84.340125	 84.339899	 84.339677	 84.339458	
        99	 98.752528	 98.505151	 98.257963	 98.011058	 97.764532	 97.518476	 97.272985	  97.02815	 96.784064	 96.540816	 96.298498	 96.057198	 95.817003	    95.578	 95.340273	 95.103908	 94.868985	 94.635585	 94.403787	 94.173668	 93.945303	 93.718767	 93.494129	 93.271459	 93.050825	 92.832292	 92.615921	 92.401775	  92.18991	 91.980384	 91.773249	 91.568556	 91.366355	  91.16669	 90.969606	 90.775144	 90.583343	 90.394237	 90.207861	 90.024246	 89.843419	 89.665408	 89.490234	 89.317918	 89.148479	 88.981933	 88.818292	 88.657568	 88.499769	   88.3449	 88.192966	 88.043969	 87.897906	 87.754775	 87.614572	 87.477288	 87.342914	 87.211439	 87.082849	  86.95713	 86.834264	 86.714232	 86.597014	 86.482588	 86.370929	 86.262014	 86.155814	 86.052301	 85.951448	 85.853221	 85.757591	 85.664523	 85.573984	 85.485939	 85.400351	 85.317184	 85.236401	 85.157963	 85.081831	 85.007966	 84.936327	 84.866874	 84.799566	 84.734361	 84.671219	 84.610098	 84.550954	 84.493747	 84.438433	 84.384971	 84.333318	 84.283433	 84.235273	 84.188796	 84.143961	 84.100726	  84.05905	 84.018893	 83.980213	  83.94297	 83.907125	 83.872639	 83.839472	 83.807587	 83.776946	  83.74751	 83.719245	 83.692113	 83.666079	 83.641109	 83.617167	  83.59422	 83.572236	 83.551182	 83.531026	 83.511738	 83.493287	 83.475643	 83.458778	 83.442664	 83.427272	 83.412577	 83.398551	  83.38517	 83.372409	 83.360244	 83.348651	 83.337608	 83.327092	 83.317083	 83.307559	   83.2985	 83.289888	 83.281702	 83.273925	  83.26654	 83.259529	 83.252876	 83.246565	  83.24058	 83.234908	 83.229533	 83.224442	 83.219622	  83.21506	 83.210744	 83.206662	 83.202803	 83.199156	 83.195712	 83.192458	 83.189388	  83.18649	 83.183757	 83.181179	  83.17875	 83.176461	 83.174305	 83.172274	 83.170363	 83.168565	 83.166873	 83.165283	 83.163787	 83.162382	 83.161062	 83.159822	 83.158657	 83.157564	 83.156537	 83.155574	  83.15467	 83.153822	 83.153026	  83.15228	 83.151579	 83.150922	 83.150305	 83.149725	 83.149181	 83.148669	 83.148188	 83.147735	 83.147308	 83.146905	 83.146524	 83.146164	 83.145822	 83.145497	 83.145188	 83.144892	 83.144609	 83.144336	 83.144073	 83.143817	 83.143568	 83.143324	 83.143084	 83.142847	
        99	 98.733946	 98.467994	 98.202245	 97.936801	 97.671763	 97.407232	 97.143308	 96.880089	 96.617675	 96.356163	 96.095649	  95.83623	    95.578	  95.32105	 95.065474	  94.81136	 94.558797	 94.307872	 94.058669	 93.811271	 93.565759	 93.322212	 93.080707	 92.841318	 92.604117	 92.369174	 92.136557	 91.906331	 91.678558	 91.453299	  91.23061	 91.010548	 90.793164	 90.578507	 90.366624	 90.157561	 89.951357	 89.748052	 89.547682	 89.350279	 89.155875	 88.964497	 88.776169	 88.590915	 88.408754	 88.229702	 88.053774	 87.880981	 87.711333	 87.544836	 87.381494	 87.221308	 87.064278	   86.9104	 86.759669	 86.612077	 86.467613	 86.326266	 86.188021	 86.052861	  85.92077	 85.791725	 85.665705	 85.542687	 85.422645	  85.30555	 85.191376	 85.080092	 84.971665	 84.866063	 84.763252	 84.663196	 84.565858	 84.471202	 84.379188	 84.289776	 84.202927	   84.1186	 84.036751	 83.957339	 83.880321	 83.805653	 83.733291	 83.663191	 83.595308	 83.529596	 83.466012	 83.404509	 83.345042	 83.287566	 83.232035	 83.178404	 83.126627	 83.076661	 83.028459	 82.981978	 82.937173	 82.893999	 82.852415	 82.812376	  82.77384	 82.736764	 82.701107	 82.666827	 82.633885	  82.60224	 82.571852	 82.542683	 82.514694	 82.487848	 82.462109	  82.43744	 82.413805	  82.39117	 82.369501	 82.348764	 82.328927	 82.309959	 82.291828	 82.274503	 82.257956	 82.242157	 82.227078	 82.212693	 82.198973	 82.185894	 82.173431	 82.161559	 82.150253	 82.139492	 82.129253	 82.119514	 82.110255	 82.101455	 82.093094	 82.085155	 82.077617	 82.070464	 82.063679	 82.057245	 82.051147	 82.045368	 82.039895	 82.034713	 82.029809	 82.025168	  82.02078	 82.016632	 82.012711	 82.009008	  82.00551	 82.002209	 81.999094	 81.996155	 81.993384	 81.990772	 81.988311	 81.985993	 81.983811	 81.981756	 81.979823	 81.978004	 81.976294	 81.974687	 81.973176	 81.971756	 81.970423	 81.969171	 81.967995	 81.966892	 81.965857	 81.964885	 81.963973	 81.963117	 81.962315	 81.961562	 81.960855	 81.960191	 81.959568	 81.958983	 81.958433	 81.957915	 81.957428	 81.956969	 81.956536	 81.956127	 81.955739	 81.955372	 81.955023	  81.95469	 81.954373	 81.954068	 81.953775	 81.953491	 81.953217	 81.952949	 81.952687	 81.952429	 81.952174	
        99	 98.715463	 98.431035	 98.146825	 97.862941	 97.579491	 97.296583	 97.014323	 96.732819	 96.452175	 96.172495	 95.893884	 95.616443	 95.340273	 95.065474	 94.792142	 94.520375	 94.250267	  93.98191	 93.715395	  93.45081	 93.188243	 92.927776	 92.669494	 92.413474	 92.159795	 91.908531	 91.659754	 91.413534	 91.169938	  90.92903	 90.690871	 90.455521	 90.223035	 89.993466	 89.766864	 89.543277	 89.322748	  89.10532	  88.89103	 88.679913	 88.472004	 88.267331	  88.06592	 87.867796	  87.67298	 87.481489	  87.29334	 87.108543	  86.92711	 86.749046	 86.574356	 86.403043	 86.235104	 86.070536	 85.909333	 85.751488	 85.596988	 85.445822	 85.297973	 85.153424	 85.012156	 84.874146	 84.739372	 84.607808	 84.479426	 84.354197	 84.232092	 84.113076	 83.997117	 83.884179	 83.774225	 83.667218	 83.563119	 83.461887	  83.36348	 83.267858	 83.174975	 83.084789	 82.997254	 82.912326	 82.829957	 82.750102	 82.672713	 82.597743	 82.525144	 82.454868	 82.386866	  82.32109	 82.257492	 82.196023	 82.136634	 82.079278	 82.023905	 81.970467	 81.918917	 81.869206	 81.821288	 81.775116	 81.730643	 81.687822	 81.646609	 81.606957	 81.568823	 81.532162	 81.496932	 81.463088	 81.430589	 81.399393	  81.36946	  81.34075	 81.313222	 81.286839	 81.261562	 81.237355	  81.21418	 81.192003	 81.170788	 81.150502	 81.131111	 81.112583	 81.094886	  81.07799	 81.061864	 81.046479	 81.031806	 81.017819	  81.00449	 80.991792	 80.979702	 80.968193	 80.957243	 80.946828	 80.936925	 80.927513	 80.918572	 80.910081	  80.90202	  80.89437	 80.887114	 80.880233	  80.87371	  80.86753	 80.861677	 80.856135	  80.85089	 80.845927	 80.841234	 80.836798	 80.832605	 80.828644	 80.824904	 80.821373	 80.818041	 80.814898	 80.811935	 80.809142	  80.80651	 80.804031	 80.801696	 80.799499	 80.797432	 80.795487	 80.793658	 80.791938	 80.790323	 80.788805	 80.787379	  80.78604	 80.784783	 80.783602	 80.782495	 80.781456	 80.780481	 80.779566	 80.778707	 80.777902	 80.777146	 80.776436	  80.77577	 80.775144	 80.774556	 80.774002	 80.773481	  80.77299	 80.772527	 80.772089	 80.771675	 80.771282	 80.770909	 80.770553	 80.770213	 80.769887	 80.769574	 80.769271	 80.768977	 80.768691	  80.76841	 80.768135	 80.767862	
        99	 98.697086	 98.394288	 98.091722	 97.789503	 97.487746	 97.186566	 96.886077	 96.586391	 96.287622	 95.989879	 95.693274	 95.397914	 95.103908	  94.81136	 94.520375	 94.231056	 93.943502	 93.657813	 93.374085	 93.092412	 92.812887	 92.535598	 92.260634	 91.988079	 91.718016	 91.450524	 91.185679	 90.923557	 90.664228	 90.407761	 90.154221	  89.90367	 89.656169	 89.411773	 89.170536	 88.932508	 88.697737	 88.466265	 88.238135	 88.013384	 87.792047	 87.574154	 87.359736	 87.148816	 86.941417	 86.737559	 86.537258	 86.340526	 86.147374	  85.95781	 85.771838	  85.58946	 85.410675	 85.235478	 85.063865	 84.895824	 84.731346	 84.570417	 84.413019	 84.259134	 84.108742	 83.961819	 83.818341	 83.678279	 83.541606	 83.408289	 83.278297	 83.151595	 83.028146	 82.907914	 82.790859	 82.676941	 82.566118	 82.458348	 82.353586	 82.251787	 82.152906	 82.056895	 81.963707	 81.873293	 81.785605	 81.700592	 81.618205	 81.538393	 81.461105	  81.38629	 81.313896	 81.243873	 81.176167	 81.110728	 81.047503	 80.986442	 80.927493	 80.870604	 80.815724	 80.762803	  80.71179	 80.662636	  80.61529	 80.569704	 80.525829	 80.483617	  80.44302	 80.403991	 80.366485	 80.330455	 80.295858	 80.262647	 80.230781	 80.200216	 80.170911	 80.142823	 80.115914	 80.090143	 80.065472	 80.041862	 80.019278	 79.997681	 79.977038	 79.957313	 79.938473	 79.920486	 79.903318	 79.886939	 79.871319	 79.856429	 79.842238	 79.828721	  79.81585	 79.803598	  79.79194	 79.780852	  79.77031	 79.760291	 79.750772	 79.741732	  79.73315	 79.725007	 79.717281	 79.709956	 79.703013	 79.696434	 79.690202	 79.684302	 79.678718	 79.673435	 79.668439	 79.663716	 79.659252	 79.655035	 79.651054	 79.647295	 79.643748	 79.640402	 79.637248	 79.634274	 79.631472	 79.628833	 79.626348	 79.624008	 79.621807	 79.619737	  79.61779	 79.615959	 79.614239	 79.612623	 79.611105	  79.60968	 79.608341	 79.607085	 79.605906	   79.6048	 79.603762	 79.602788	 79.601874	 79.601016	 79.600211	 79.599456	 79.598747	  79.59808	 79.597454	 79.596865	  79.59631	 79.595787	 79.595294	 79.594828	 79.594387	 79.593969	 79.593572	 79.593193	 79.592831	 79.592484	  79.59215	 79.591828	 79.591515	  79.59121	 79.590912	 79.590618	 79.590328	
        99	 98.678821	 98.357766	 98.036956	 97.716514	 97.396562	 97.077222	 96.758614	 96.440858	 96.124073	 95.808378	 95.493888	 95.180719	 94.868985	 94.558797	 94.250267	 93.943502	  93.63861	 93.335695	 93.034859	 92.736202	 92.439822	 92.145813	  91.85427	 91.565281	 91.278933	 90.995312	 90.714499	 90.436571	 90.161605	 89.889674	 89.620846	 89.355188	 89.092763	 88.833631	 88.577848	 88.325468	  88.07654	 87.831112	 87.589226	 87.350923	  87.11624	 86.885209	 86.657862	 86.434224	  86.21432	  85.99817	  85.78579	 85.577196	 85.372398	 85.171404	 84.974219	 84.780844	 84.591278	 84.405518	 84.223556	 84.045383	 83.870988	 83.700355	 83.533466	 83.370303	 83.210842	 83.055061	 82.902931	 82.754424	 82.609509	 82.468154	 82.330324	 82.195982	  82.06509	 81.937608	 81.813495	 81.692708	 81.575203	 81.460934	 81.349856	 81.241919	 81.137075	 81.035275	 80.936468	 80.840603	 80.747627	 80.657488	 80.570134	 80.485509	 80.403561	 80.324234	 80.247476	  80.17323	 80.101442	 80.032057	  79.96502	 79.900277	 79.837773	 79.777454	 79.719265	 79.663153	 79.609065	 79.556946	 79.506746	 79.458411	  79.41189	 79.367132	 79.324088	 79.282706	 79.242938	 79.204736	 79.168052	 79.132839	 79.099052	 79.066644	 79.035571	  79.00579	 78.977259	 78.949934	 78.923775	 78.898742	 78.874795	 78.851896	 78.830008	 78.809094	 78.789119	 78.770046	 78.751843	 78.734477	 78.717915	 78.702127	 78.687081	 78.672749	 78.659101	  78.64611	  78.63375	 78.621993	 78.610815	 78.600192	 78.590099	 78.580514	 78.571415	  78.56278	 78.554589	 78.546822	  78.53946	 78.532485	 78.525877	 78.519622	 78.513701	 78.508099	 78.502802	 78.497794	 78.493061	  78.48859	 78.484368	 78.480383	 78.476622	 78.473075	  78.46973	 78.466577	 78.463606	 78.460807	 78.458173	 78.455692	 78.453358	 78.451163	 78.449099	 78.447158	 78.445334	 78.443621	 78.442011	   78.4405	 78.439081	 78.437749	 78.436498	 78.435325	 78.434225	 78.433192	 78.432223	 78.431314	  78.43046	 78.429659	 78.428907	 78.428201	 78.427537	 78.426912	 78.426324	  78.42577	 78.425247	 78.424753	 78.424285	 78.423842	  78.42342	 78.423019	 78.422635	 78.422267	 78.421913	 78.421571	  78.42124	 78.420917	   78.4206	 78.420289	 78.419981	
