Time step 57:
        99	        99	        99	        99	        99	        99	        99	        99	        99	        99	        99	        99	        99	        99	        99	        99	        99	        99	        99	        99	        99	        99	        99	        99	        99	        99	        99	        99	        99	        99	        99	        99	        99	        99	        99	        99	        99	        99	        99	        99	        99	        99	        99	        99	        99	        99	        99	        99	        99	        99	        99	        99	        99	        99	        99	        99	        99	        99	        99	        99	        99	        99	        99	        99	        99	        99	        99	        99	        99	        99	        99	        99	        99	        99	        99	        99	        99	        99	        99	        99	        99	        99	        99	        99	        99	        99	        99	        99	        99	        99	        99	        99	        99	        99	        99	        99	        99	        99	        99	        99	        99	        99	        99	        99	        99	        99	        99	        99	        99	        99	        99	        99	        99	        99	        99	        99	        99	        99	        99	        99	        99	        99	        99	        99	        99	        99	        99	        99	        99	        99	        99	        99	        99	        99	        99	        99	        99	        99	        99	        99	        99	        99	        99	        99	        99	        99	        99	        99	        99	        99	        99	        99	        99	        99	        99	        99	        99	        99	        99	        99	        99	        99	        99	        99	        99	        99	        99	        99	        99	        99	        99	        99	        99	        99	        99	        99	        99	        99	        99	        99	        99	        99	        99	        99	        99	        99	        99	        99	        99	        99	        99	        99	        99	        99	        99	        99	        99	        99	        99	        99	
        99	  98.98886	 98.977723	 98.966591	 98.955466	 98.944351	 98.933248	  98.92216	  98.91109	 98.900038	 98.889009	 98.878004	 98.867026	 98.856078	  98.84516	 98.834277	 98.823429	  98.81262	 98.801852	 98.791126	 98.780446	 98.769812	 98.759228	 98.748696	 98.738217	 98.727793	 98.717427	 98.707121	 98.696876	 98.686695	 98.676578	 98.666529	 98.656548	 98.646638	   98.6368	 98.627036	 98.617348	 98.607736	 98.598203	 98.588749	 98.579377	 98.570088	 98.560883	 98.551763	 98.542729	 98.533783	 98.524926	 98.516158	 98.507481	 98.498897	 98.490404	 98.482006	 98.473701	 98.465492	 98.457378	 98.449361	 98.441442	 98.433619	 98.425895	  98.41827	 98.410743	 98.403316	 98.395989	 98.388761	 98.381634	 98.374607	  98.36768	 98.360854	 98.354129	 98.347504	 98.340979	 98.334555	 98.328231	 98.322007	 98.315883	 98.309859	 98.303934	 98.298107	  98.29238	  98.28675	 98.281218	 98.275783	 98.270445	 98.265203	 98.260056	 98.255004	 98.250047	 98.245183	 98.240411	 98.235732	 98.231144	 98.226647	  98.22224	 98.217921	  98.21369	 98.209547	 98.205489	 98.201517	  98.19763	 98.193826	 98.190104	 98.186464	 98.182904	 98.179424	 98.176022	 98.172698	  98.16945	 98.166277	 98.163179	 98.160153	   98.1572	 98.154318	 98.151506	 98.148762	 98.146086	 98.143477	 98.140933	 98.138454	 98.136038	 98.133684	 98.131392	 98.129159	 98.126985	 98.124869	 98.122809	 98.120805	 98.118856	  98.11696	 98.115116	 98.113324	 98.111582	 98.109889	 98.108244	 98.106646	 98.105094	 98.103587	 98.102124	 98.100704	 98.099327	  98.09799	 98.096693	 98.095435	 98.094215	 98.093032	 98.091886	 98.090775	 98.089698	 98.088655	 98.087644	 98.086666	 98.085718	   98.0848	 98.083911	  98.08305	 98.082217	 98.081411	 98.080631	 98.079876	 98.079145	 98.078438	 98.077754	 98.077092	 98.076452	 98.075832	 98.075232	 98.074652	  98.07409	 98.073547	  98.07302	 98.072511	 98.072017	 98.071539	 98.071076	 98.070627	 98.070192	  98.06977	  98.06936	 98.068963	 98.068576	 98.068201	 98.067835	  98.06748	 98.067133	 98.066795	 98.066466	 98.066144	 98.065829	 98.065521	 98.065219	 98.064923	 98.064631	 98.064345	 98.064063	 98.063784	 98.063509	 98.063236	 98.062966	 98.062698	 98.062431	 98.062165	
        99	 98.977723	 98.955451	 98.933189	 98.910942	 98.888714	 98.866511	 98.844338	 98.822199	 98.800099	 98.778043	 98.756036	 98.734082	 98.712187	 98.690355	  98.66859	 98.646897	 98.625282	 98.603747	 98.582298	  98.56094	 98.539675	  98.51851	 98.497447	 98.476491	 98.455647	 98.434917	 98.414307	  98.39382	 98.373459	 98.353228	 98.333132	 98.313173	 98.293355	 98.273681	 98.254155	  98.23478	 98.215559	 98.196495	  98.17759	 98.158848	 98.140271	 98.121863	 98.103625	 98.085559	 98.067669	 98.049957	 98.032423	 98.015072	 97.997904	 97.980921	 97.964126	 97.947519	 97.931102	 97.914877	 97.898845	 97.883007	 97.867364	 97.851918	 97.836668	 97.821617	 97.806764	 97.792111	 97.777658	 97.763404	 97.749352	   97.7355	  97.72185	   97.7084	 97.695152	 97.682104	 97.669257	 97.656611	 97.644165	 97.631918	 97.619871	 97.608022	  97.59637	 97.584916	 97.573658	 97.562595	 97.551727	 97.541052	 97.530568	 97.520276	 97.510174	  97.50026	 97.490533	 97.480991	 97.471634	 97.462459	 97.453466	 97.444651	 97.436015	 97.427554	 97.419268	 97.411155	 97.403212	 97.395437	  97.38783	 97.380387	 97.373108	 97.365989	  97.35903	 97.352227	 97.345579	 97.339084	 97.332739	 97.326543	 97.320493	 97.314587	 97.308823	 97.303199	 97.297713	 97.292362	 97.287144	 97.282057	 97.277099	 97.272268	  97.26756	 97.262975	  97.25851	 97.254163	 97.249931	 97.245813	 97.241805	 97.237907	 97.234116	 97.230429	 97.226844	  97.22336	 97.219975	 97.216685	  97.21349	 97.210386	 97.207373	 97.204448	 97.201608	 97.198853	 97.196179	 97.193585	  97.19107	 97.188631	 97.186266	 97.183973	 97.181751	 97.179598	 97.177512	 97.175491	 97.173534	 97.171638	 97.169802	 97.168025	 97.166304	 97.164638	 97.163026	 97.161466	 97.159956	 97.158495	 97.157081	 97.155713	 97.154389	 97.153108	 97.151869	  97.15067	 97.149509	 97.148386	 97.147299	 97.146246	 97.145227	  97.14424	 97.143285	 97.142358	 97.141461	  97.14059	 97.139746	 97.138927	 97.138131	 97.137359	 97.136607	 97.135877	 97.135166	 97.134473	 97.133798	 97.133139	 97.132495	 97.131865	 97.131249	 97.130645	 97.130052	  97.12947	 97.128897	 97.128333	 97.127775	 97.127225	  97.12668	 97.126139	 97.125603	 97.125069	 97.124537	
        99	 98.966591	 98.933189	 98.899802	 98.866437	 98.833102	 98.799804	  98.76655	 98.733347	 98.700204	 98.667126	 98.634121	 98.601197	  98.56836	 98.535618	 98.502977	 98.470444	 98.438026	 98.405731	 98.373563	 98.341531	 98.309641	 98.277898	  98.24631	 98.214882	 98.183621	 98.152533	 98.121623	 98.090897	 98.060362	 98.030021	 97.999882	  97.96995	 97.940228	 97.910723	  97.88144	 97.852382	 97.823556	 97.794964	 97.766613	 97.738505	 97.710645	 97.683037	 97.655685	 97.628592	 97.601762	 97.575198	 97.548903	 97.522881	 97.497133	 97.471664	 97.446476	  97.42157	 97.396949	 97.372616	 97.348572	  97.32482	  97.30136	 97.278194	 97.255324	 97.232752	 97.210477	 97.188501	 97.166825	 97.145449	 97.124374	   97.1036	 97.083128	 97.062958	 97.043089	 97.023521	 97.004254	 96.985288	 96.966623	 96.948256	 96.930188	 96.912418	 96.894944	 96.877766	 96.860882	 96.844291	 96.827991	 96.811981	 96.796259	 96.780824	 96.765673	 96.750805	 96.736217	 96.721907	 96.707874	 96.694114	 96.680626	 96.667408	 96.654455	 96.641767	  96.62934	 96.617172	 96.605259	   96.5936	 96.582191	  96.57103	 96.560112	 96.549436	 96.538999	 96.528796	 96.518826	 96.509085	  96.49957	 96.490277	 96.481204	 96.472347	 96.463703	 96.455268	  96.44704	 96.439015	  96.43119	 96.423561	 96.416126	  96.40888	  96.40182	 96.394944	 96.388248	 96.381728	 96.375381	 96.369205	 96.363195	 96.357349	 96.351662	 96.346133	 96.340757	 96.335532	 96.330455	 96.325522	 96.320729	 96.316075	 96.311556	 96.307169	  96.30291	 96.298778	 96.294768	 96.290878	 96.287106	 96.283448	 96.279901	 96.276463	  96.27313	 96.269901	 96.266773	 96.263742	 96.260806	 96.257963	  96.25521	 96.252544	 96.249963	 96.247465	 96.245048	 96.242708	 96.240443	 96.238252	 96.236131	  96.23408	 96.232094	 96.230174	 96.228315	 96.226516	 96.224776	 96.223091	 96.221461	 96.219882	 96.218354	 96.216874	 96.215441	 96.214052	 96.212705	   96.2114	 96.210134	 96.208905	 96.207712	 96.206553	 96.205427	 96.204331	 96.203265	 96.202226	 96.201213	 96.200225	 96.199259	 96.198315	 96.197391	 96.196485	 96.195596	 96.194723	 96.193864	 96.193017	 96.192181	 96.191356	 96.190538	 96.189728	 96.188923	 96.188122	 96.187324	
        99	 98.955466	 98.910942	 98.866437	 98.821963	 98.777527	 98.733141	 98.688814	 98.644555	 98.600375	 98.556282	 98.512288	   98.4684	 98.424629	 98.380984	 98.337473	 98.294108	 98.250895	 98.207845	 98.164967	 98.122268	 98.079759	 98.037446	 97.995339	 97.953446	 97.911776	 97.870335	 97.829133	 97.788176	 97.747472	 97.707029	 97.666854	 97.626954	 97.587336	 97.548006	 97.508971	 97.470238	 97.431813	 97.393701	 97.355908	 97.318441	 97.281304	 97.244503	 97.208043	 97.171928	 97.136164	 97.100755	 97.065704	 97.031016	 96.996696	 96.962745	 96.929169	  96.89597	 96.863151	 96.830715	 96.798665	 96.767003	 96.735731	 96.704852	 96.674367	 96.644277	 96.614585	 96.585292	 96.556398	 96.527904	 96.499811	  96.47212	 96.444831	 96.417944	 96.391459	 96.365375	 96.339693	 96.314412	  96.28953	 96.265048	 96.240964	 96.217276	 96.193984	 96.171085	 96.148579	 96.126464	 96.104736	 96.083395	 96.062438	 96.041863	 96.021667	 96.001847	 95.982402	 95.963328	 95.944621	  95.92628	 95.908301	  95.89068	 95.873415	 95.856502	 95.839937	 95.823716	 95.807837	 95.792296	 95.777088	 95.762209	 95.747657	 95.733426	 95.719513	 95.705913	 95.692623	 95.679638	 95.666954	 95.654567	 95.642473	 95.630667	 95.619144	 95.607901	 95.596933	 95.586236	 95.575805	 95.565636	 95.555724	 95.546065	 95.536655	 95.527489	 95.518563	 95.509872	 95.501413	 95.493179	 95.485168	 95.477375	 95.469795	 95.462425	 95.455259	 95.448294	 95.441526	  95.43495	 95.428562	 95.422358	 95.416334	 95.410486	 95.404809	   95.3993	 95.393956	 95.388771	 95.383742	 95.378866	 95.374138	 95.369555	 95.365113	 95.360809	 95.356638	 95.352598	 95.348685	 95.344895	 95.341225	 95.337672	 95.334232	 95.330902	 95.327679	  95.32456	 95.321541	  95.31862	 95.315794	 95.313059	 95.310413	 95.307852	 95.305374	 95.302977	 95.300657	 95.298411	 95.296238	 95.294134	 95.292097	 95.290124	 95.288213	 95.286362	 95.284567	 95.282827	  95.28114	 95.279502	 95.277912	 95.276367	 95.274865	 95.273405	 95.271983	 95.270598	 95.269248	 95.267931	 95.266643	 95.265385	 95.264153	 95.262946	 95.261761	 95.260597	 95.259451	 95.258323	 95.257209	 95.256108	 95.255019	 95.253938	 95.252865	 95.251798	 95.250734	
        99	 98.944351	 98.888714	 98.833102	 98.777527	 98.722001	 98.666537	 98.611146	 98.555841	 98.500634	 98.445537	 98.390562	 98.335721	 98.281025	 98.226486	 98.172117	 98.117928	  98.06393	 98.010136	 97.956555	   97.9032	  97.85008	 97.797207	 97.744591	 97.692242	 97.640171	 97.588388	 97.536902	 97.485723	  97.43486	 97.384323	 97.334121	 97.284263	 97.234756	  97.18561	 97.136833	 97.088433	 97.040417	 96.992793	 96.945568	 96.898749	 96.852344	 96.806358	 96.760798	 96.715669	 96.670979	 96.626731	 96.582933	 96.539588	 96.496701	 96.454277	 96.412321	 96.370836	 96.329826	 96.289294	 96.249245	 96.209681	 96.170604	 96.132018	 96.093924	 96.056324	 96.019222	 95.982617	 95.946511	 95.910906	 95.875802	   95.8412	   95.8071	 95.773502	 95.740406	 95.707813	 95.675721	 95.644129	 95.613038	 95.582445	  95.55235	  95.52275	 95.493644	 95.465031	 95.436908	 95.409272	 95.382122	 95.355454	 95.329267	 95.303556	  95.27832	 95.253554	 95.229255	  95.20542	 95.182045	 95.159126	 95.136659	 95.114641	 95.093066	 95.071932	 95.051232	 95.030964	 95.011122	 94.991701	 94.972697	 94.954106	 94.935921	 94.918138	 94.900752	 94.883759	 94.867151	 94.850926	 94.835076	 94.819598	 94.804485	 94.789732	 94.775333	 94.761284	 94.747579	 94.734212	 94.721177	  94.70847	 94.696085	 94.684015	 94.672257	 94.660803	 94.649649	 94.638789	 94.628218	 94.617929	 94.607919	 94.598181	 94.588709	 94.579499	 94.570545	 94.561842	 94.553384	 94.545167	 94.537185	 94.529432	 94.521905	 94.514597	 94.507503	  94.50062	 94.493941	 94.487462	 94.481179	 94.475085	 94.469177	  94.46345	   94.4579	 94.452521	  94.44731	 94.442261	 94.437371	 94.432635	  94.42805	  94.42361	 94.419311	  94.41515	 94.411123	 94.407225	 94.403453	 94.399803	 94.396271	 94.392854	 94.389547	 94.386347	 94.383251	 94.380256	 94.377356	 94.374551	 94.371835	 94.369206	  94.36666	 94.364195	 94.361807	 94.359494	 94.357251	 94.355077	 94.352968	 94.350921	 94.348934	 94.347004	 94.345128	 94.343303	 94.341526	 94.339796	 94.338109	 94.336462	 94.334854	 94.333281	 94.331742	 94.330233	 94.328753	 94.327298	 94.325867	 94.324456	 94.323065	 94.321689	 94.320328	 94.318978	 94.317637	 94.316303	 94.314974	
        99	 98.933248	 98.866511	 98.799804	 98.733141	 98.666537	 98.600007	 98.533565	 98.467226	 98.401004	 98.334914	 98.268971	 98.203188	  98.13758	  98.07216	 98.006943	 97.941943	 97.877172	 97.812645	 97.748374	 97.684374	 97.620656	 97.557234	  97.49412	 97.431328	 97.368868	 97.306753	 97.244995	 97.183605	 97.122594	 97.061975	 97.001756	  96.94195	 96.882567	 96.823616	 96.765107	  96.70705	 96.649454	 96.592328	 96.535682	 96.479522	 96.423858	 96.368697	 96.314047	 96.259915	 96.206308	 96.153233	 96.100696	 96.048703	  95.99726	 95.946372	 95.896045	 95.846283	 95.797091	 95.748473	 95.700433	 95.652975	 95.606102	 95.559817	 95.514123	 95.469022	 95.424517	 95.380609	   95.3373	 95.294591	 95.252483	 95.210977	 95.170074	 95.129773	 95.090074	 95.050978	 95.012483	 94.974589	 94.937294	 94.900598	 94.864498	 94.828993	  94.79408	 94.759758	 94.726024	 94.692874	 94.660307	  94.62832	 94.596907	 94.566067	 94.535795	 94.506088	 94.476942	 94.448351	 94.420312	 94.392821	 94.365872	  94.33946	 94.313582	  94.28823	 94.263401	 94.239089	 94.215288	 94.191993	 94.169197	 94.146896	 94.125083	 94.103753	 94.082898	 94.062514	 94.042594	 94.023131	 94.004119	 93.985552	 93.967424	 93.949728	 93.932457	 93.915604	 93.899165	 93.883131	 93.867496	 93.852253	 93.837397	 93.822919	 93.808815	 93.795076	 93.781697	  93.76867	 93.755989	 93.743649	 93.731641	  93.71996	 93.708598	 93.697551	 93.686811	 93.676371	 93.666226	 93.656369	 93.646794	 93.637495	 93.628466	   93.6197	 93.611191	 93.602934	 93.594923	 93.587152	 93.579614	 93.572305	 93.565218	 93.558349	 93.551691	 93.545239	 93.538988	 93.532932	 93.527067	 93.521386	 93.515885	 93.510559	 93.505403	 93.500412	 93.495581	 93.490906	 93.486382	 93.482003	 93.477767	 93.473667	 93.469701	 93.465863	 93.462149	 93.458556	 93.455078	 93.451712	 93.448455	 93.445301	 93.442248	 93.439291	 93.436427	 93.433651	 93.430962	 93.428353	 93.425824	 93.423369	 93.420985	  93.41867	 93.416419	  93.41423	 93.412099	 93.410023	    93.408	 93.406025	 93.404096	 93.402209	 93.400363	 93.398553	 93.396777	 93.395032	 93.393315	 93.391624	 93.389954	 93.388304	 93.386671	 93.385052	 93.383444	 93.381844	  93.38025	
        99	  98.92216	 98.844338	  98.76655	 98.688814	 98.611146	 98.533565	 98.456086	 98.378728	 98.301506	 98.224439	 98.147542	 98.070832	 97.994325	 97.918039	 97.841989	 97.766191	 97.690662	 97.615416	  97.54047	 97.465838	 97.391536	  97.31758	 97.243982	 97.170759	 97.097924	 97.025492	 96.953475	 96.881888	 96.810743	 96.740054	 96.669833	 96.600093	 96.530845	 96.462102	 96.393874	 96.326174	 96.259011	 96.192396	  96.12634	 96.060852	 95.995941	 95.931618	  95.86789	 95.804766	 95.742255	 95.680364	   95.6191	  95.55847	 95.498482	 95.439141	 95.380454	 95.322427	 95.265063	  95.20837	  95.15235	 95.097009	  95.04235	 94.988377	 94.935093	   94.8825	 94.830602	 94.779401	 94.728898	 94.679095	 94.629992	 94.581592	 94.533894	 94.486899	 94.440606	 94.395016	 94.350127	 94.305938	 94.262448	 94.219656	  94.17756	 94.136157	 94.095445	 94.055422	 94.016084	 93.977428	 93.939452	  93.90215	  93.86552	 93.829557	 93.794257	 93.759616	 93.725627	 93.692288	 93.659592	 93.627534	 93.596108	  93.56531	 93.535132	  93.50557	 93.476616	 93.448266	 93.420511	 93.393346	 93.366765	 93.340759	 93.315323	 93.290449	 93.266131	 93.242361	 93.219131	 93.196435	 93.174266	 93.152615	 93.131475	 93.110839	 93.090699	 93.071048	 93.051877	  93.03318	 93.014948	 92.997174	 92.979849	 92.962967	  92.94652	 92.930499	 92.914897	 92.899707	  92.88492	 92.870529	 92.856527	 92.842905	 92.829657	 92.816774	  92.80425	 92.792076	 92.780246	 92.768752	 92.757586	 92.746743	 92.736213	 92.725991	 92.716069	 92.706441	 92.697099	 92.688037	 92.679247	 92.670724	  92.66246	  92.65445	 92.646686	 92.639162	 92.631873	 92.624811	 92.617971	 92.611347	 92.604932	 92.598722	 92.592709	 92.586889	 92.581256	 92.575804	 92.570528	 92.565422	 92.560482	 92.555702	 92.551076	 92.546601	  92.54227	  92.53808	 92.534025	   92.5301	 92.526301	 92.522624	 92.519063	 92.515615	 92.512275	 92.509039	 92.505902	 92.502861	 92.499911	 92.497048	 92.494269	 92.491569	 92.488944	 92.486392	 92.483907	 92.481486	 92.479126	 92.476823	 92.474574	 92.472374	 92.470221	  92.46811	  92.46604	 92.464005	 92.462003	  92.46003	 92.458083	 92.456159	 92.454255	 92.452367	 92.450492	 92.448626	 92.446767	
        99	  98.91109	 98.822199	 98.733347	 98.644555	 98.555841	 98.467226	 98.378728	 98.290367	 98.202163	 98.114134	   98.0263	  97.93868	 97.851293	 97.764157	  97.67729	 97.590712	  97.50444	 97.418493	 97.332887	 97.247641	 97.162772	 97.078297	 96.994232	 96.910595	 96.827401	 96.744666	 96.662407	 96.580638	 96.499375	 96.418632	 96.338424	 96.258765	 96.179668	 96.101148	 96.023217	 95.945887	 95.869172	 95.793083	 95.717632	  95.64283	 95.568688	 95.495216	 95.422424	 95.350323	 95.278921	 95.208227	  95.13825	 95.068997	 95.000477	 94.932697	 94.865663	 94.799382	  94.73386	 94.669104	 94.605117	 94.541904	 94.479472	 94.417822	 94.356959	 94.296887	 94.237608	 94.179124	 94.121438	 94.064552	 94.008466	 93.953182	   93.8987	 93.845021	 93.792144	  93.74007	 93.688796	 93.638323	 93.588648	  93.53977	 93.491686	 93.444395	 93.397893	 93.352177	 93.307244	 93.263091	 93.219713	 93.177106	 93.135267	 93.094189	 93.053868	   93.0143	 92.975477	 92.937396	  92.90005	 92.863432	 92.827537	 92.792358	 92.757889	 92.724122	 92.691051	 92.658668	 92.626966	 92.595937	 92.565575	 92.535871	 92.506817	 92.478406	 92.450629	 92.423478	 92.396944	 92.371021	 92.345698	 92.320968	 92.296822	 92.273251	 92.250246	   92.2278	 92.205903	 92.184546	 92.163721	 92.143419	 92.123631	 92.104348	 92.085561	 92.067261	  92.04944	  92.03209	   92.0152	 91.998762	 91.982768	  91.96721	 91.952077	 91.937362	 91.923056	 91.909151	 91.895639	  91.88251	 91.869756	  91.85737	 91.845343	 91.833667	 91.822334	 91.811337	 91.800666	 91.790315	 91.780275	  91.77054	 91.761101	 91.751951	 91.743083	 91.734489	 91.726163	 91.718097	 91.710284	 91.702718	 91.695391	 91.688297	 91.681429	 91.674782	 91.668347	  91.66212	 91.656094	 91.650262	 91.644619	 91.639159	 91.633875	 91.628763	 91.623817	  91.61903	 91.614399	 91.609916	 91.605577	 91.601376	 91.597309	 91.593371	 91.589556	 91.585859	 91.582276	 91.578802	 91.575433	 91.572163	 91.568988	 91.565904	 91.562906	 91.559991	 91.557152	 91.554388	 91.551692	 91.549062	 91.546492	  91.54398	  91.54152	  91.53911	 91.536744	  91.53442	 91.532133	  91.52988	 91.527656	 91.525459	 91.523284	 91.521127	 91.518985	 91.516854	  91.51473	
        99	 98.900038	 98.800099	 98.700204	 98.600375	 98.500634	 98.401004	 98.301506	 98.202163	 98.102995	 98.004025	 97.905274	 97.806763	 97.708514	 97.610547	 97.512883	 97.415544	 97.318549	 97.221918	 97.125672	 97.029831	 96.934413	 96.839437	 96.744924	 96.650891	 96.557356	 96.464338	 96.371854	 96.279922	 96.188558	 96.097779	 96.007602	 95.918041	 95.829114	 95.740833	 95.653216	 95.566275	 95.480024	 95.394478	 95.309648	 95.225549	 95.142191	 95.059587	 94.977747	 94.896684	 94.816407	 94.736926	 94.658251	 94.580391	 94.503354	 94.427149	 94.351783	 94.277264	 94.203598	 94.130792	 94.058852	 93.987783	  93.91759	 93.848277	  93.77985	 93.712311	 93.645663	 93.579911	 93.515055	 93.451097	  93.38804	 93.325885	 93.264631	  93.20428	 93.144831	 93.086283	 93.028637	  92.97189	  92.91604	 92.861087	 92.807027	 92.753857	 92.701575	 92.650177	  92.59966	 92.550018	 92.501249	 92.453346	 92.406306	 92.360122	  92.31479	 92.270303	 92.226656	 92.183841	 92.141853	 92.100684	 92.060327	 92.020776	 91.982022	 91.944058	 91.906876	 91.870468	 91.834826	 91.799941	 91.765804	 91.732408	 91.699743	   91.6678	  91.63657	 91.606045	 91.576214	 91.547068	 91.518597	 91.490793	 91.463646	 91.437145	 91.411282	 91.386045	 91.361427	 91.337415	 91.314002	 91.291176	 91.268928	 91.247248	 91.226126	 91.205552	 91.185516	 91.166009	  91.14702	 91.128539	 91.110557	 91.093064	 91.076051	 91.059507	 91.043423	  91.02779	 91.012597	 90.997837	 90.983498	 90.969573	 90.956051	 90.942924	 90.930182	 90.917817	  90.90582	 90.894182	 90.882895	 90.871949	 90.861337	  90.85105	  90.84108	 90.831418	 90.822057	 90.812988	 90.804204	 90.795698	  90.78746	 90.779484	 90.771763	 90.764289	 90.757055	 90.750054	 90.743278	 90.736722	 90.730377	 90.724238	 90.718298	 90.712551	  90.70699	 90.701608	 90.696401	 90.691361	 90.686482	  90.68176	 90.677187	 90.672759	  90.66847	 90.664314	 90.660286	  90.65638	 90.652592	 90.648915	 90.645346	 90.641879	 90.638508	  90.63523	 90.632039	 90.628931	   90.6259	 90.622943	 90.620054	 90.617229	 90.614464	 90.611753	 90.609094	 90.606481	  90.60391	 90.601377	 90.598877	 90.596406	  90.59396	 90.591536	 90.589127	 90.586731	 90.584344	
        99	 98.889009	 98.778043	 98.667126	 98.556282	 98.445537	 98.334914	 98.224439	 98.114134	 98.004025	 97.894135	 97.784488	 97.675108	 97.566019	 97.457243	 97.348804	 97.240724	 97.133028	 97.025735	  96.91887	 96.812454	 96.706508	 96.601054	 96.496112	 96.391704	 96.287849	 96.184568	  96.08188	 95.979805	  95.87836	 95.777566	 95.677438	 95.577996	 95.479257	 95.381236	 95.283951	 95.187418	 95.091651	 94.996666	 94.902477	 94.809098	 94.716543	 94.624825	 94.533956	 94.443949	 94.354814	 94.266564	 94.179208	 94.092757	 94.007221	 93.922608	 93.838926	 93.756185	 93.674392	 93.593553	 93.513675	 93.434765	 93.356827	 93.279867	  93.20389	 93.128899	 93.054898	  92.98189	 92.909878	 92.838864	  92.76885	 92.699837	 92.631825	 92.564815	 92.498806	 92.433799	 92.369792	 92.306784	 92.244773	 92.183756	 92.123731	 92.064695	 92.006645	 91.949576	 91.893484	 91.838366	 91.784215	 91.731028	 91.678797	 91.627518	 91.577184	 91.527789	 91.479325	 91.431787	 91.385166	 91.339454	 91.294645	  91.25073	   91.2077	 91.165547	 91.124263	 91.083838	 91.044263	 91.005529	 90.967626	 90.930545	 90.894276	 90.858809	 90.824134	  90.79024	 90.757117	 90.724756	 90.693144	 90.662272	  90.63213	 90.602705	 90.573988	 90.545967	 90.518632	 90.491972	 90.465975	  90.44063	 90.415928	 90.391856	 90.368403	 90.345559	 90.323313	 90.301653	 90.280569	 90.260049	 90.240083	  90.22066	  90.20177	   90.1834	 90.165542	 90.148184	 90.131315	 90.114926	 90.099005	 90.083543	 90.068529	 90.053954	 90.039807	 90.026077	 90.012757	 89.999835	 89.987302	 89.975149	 89.963366	 89.951944	 89.940873	 89.930146	 89.919751	 89.909682	 89.899929	 89.890484	 89.881337	 89.872482	 89.863909	  89.85561	 89.847578	 89.839804	 89.832281	 89.825001	 89.817956	  89.81114	 89.804545	 89.798163	 89.791988	 89.786013	 89.780231	 89.774635	 89.769218	 89.763975	 89.758898	 89.753981	 89.749219	 89.744604	 89.740131	 89.735795	 89.731588	 89.727507	 89.723543	 89.719693	 89.715951	 89.712311	 89.708768	 89.705317	 89.701952	 89.698668	  89.69546	 89.692324	 89.689254	 89.686244	 89.683292	  89.68039	 89.677535	 89.674723	 89.671947	 89.669204	 89.666488	 89.663796	 89.661122	 89.658462	 89.655811	
        99	 98.878004	 98.756036	 98.634121	 98.512288	 98.390562	 98.268971	 98.147542	   98.0263	 97.905274	 97.784488	  97.66397	 97.543745	 97.423839	 97.304278	 97.185087	 97.066292	 96.947917	 96.829987	 96.712526	 96.595558	 96.479108	 96.363198	 96.247851	 96.133091	 96.018939	 95.905418	 95.792548	 95.680352	 95.568849	  95.45806	 95.348006	 95.238704	 95.130174	 95.022435	 94.915504	 94.809399	 94.704137	 94.599734	 94.496206	 94.393569	 94.291837	 94.191025	 94.091147	 93.992215	 93.894243	 93.797243	 93.701226	 93.606203	 93.512185	 93.419183	 93.327205	  93.23626	 93.146356	 93.057502	 92.969705	  92.88297	 92.797305	 92.712714	 92.629204	 92.546778	  92.46544	 92.385193	 92.306041	 92.227986	  92.15103	 92.075174	 92.000419	 91.926764	 91.854211	 91.782759	 91.712406	  91.64315	  91.57499	 91.507924	 91.441947	 91.377058	 91.313252	 91.250524	 91.188872	 91.128288	 91.068769	 91.010307	 90.952898	 90.896535	  90.84121	 90.786917	 90.733649	 90.681396	 90.630153	 90.579909	 90.530657	 90.482388	 90.435091	 90.388759	 90.343382	 90.298948	  90.25545	 90.212875	 90.171215	 90.130457	 90.090592	 90.051608	 90.013494	  89.97624	 89.939833	 89.904263	 89.869517	 89.835585	 89.802453	 89.770111	 89.738547	 89.707748	 89.677702	 89.648398	 89.619824	 89.591967	 89.564815	 89.538356	 89.512578	 89.487469	 89.463017	  89.43921	 89.416035	 89.393481	 89.371535	 89.350187	 89.329423	 89.309232	 89.289603	 89.270524	 89.251983	 89.233968	 89.216469	 89.199474	 89.182972	 89.166951	 89.151401	 89.136311	  89.12167	 89.107466	 89.093691	 89.080333	 89.067381	 89.054827	 89.042659	 89.030867	 89.019443	 89.008375	 88.997655	 88.987273	  88.97722	 88.967486	 88.958063	 88.948941	 88.940113	 88.931568	 88.923299	 88.915297	 88.907554	 88.900062	 88.892813	 88.885799	 88.879012	 88.872444	 88.866089	 88.859938	 88.853984	 88.848221	  88.84264	 88.837236	 88.832001	 88.826929	 88.822013	 88.817247	 88.812623	 88.808137	  88.80378	 88.799549	 88.795436	 88.791435	  88.78754	 88.783747	 88.780048	 88.776439	 88.772913	 88.769466	 88.766091	 88.762783	 88.759538	 88.756349	 88.753211	 88.750119	 88.747068	 88.744053	 88.741068	 88.738109	  88.73517	 88.732246	 88.729332	
        99	 98.867026	 98.734082	 98.601197	   98.4684	 98.335721	 98.203188	 98.070832	  97.93868	 97.806763	 97.675108	 97.543745	 97.412701	 97.282006	 97.151686	 97.021769	 96.892284	 96.763257	 96.634714	 96.506683	  96.37919	 96.252261	 96.125921	 96.000194	 95.875107	 95.750683	 95.626946	  95.50392	 95.381628	 95.260091	 95.139333	 95.019375	 94.900237	 94.781941	 94.664507	 94.547954	 94.432301	 94.317567	 94.203769	 94.090925	 93.979052	 93.868165	 93.758281	 93.649415	 93.541581	 93.434793	 93.329063	 93.224406	 93.120833	 93.018355	 92.916983	 92.816728	   92.7176	 92.619606	 92.522756	 92.427058	 92.332519	 92.239145	 92.146942	 92.055917	 91.966073	 91.877416	 91.789948	 91.703674	 91.618595	 91.534714	 91.452031	 91.370549	 91.290267	 91.211185	 91.133303	 91.056619	 90.981131	 90.906838	 90.833736	 90.761823	 90.691094	 90.621546	 90.553174	 90.485974	 90.419938	 90.355063	 90.291341	 90.228766	  90.16733	 90.107027	 90.047849	 89.989787	 89.932833	 89.876978	 89.822213	 89.768529	 89.715916	 89.664363	 89.613862	 89.564401	 89.515969	 89.468556	 89.422151	 89.376741	 89.332316	 89.288863	 89.246371	 89.204828	 89.164221	 89.124539	 89.085767	 89.047895	 89.010909	 88.974796	 88.939544	 88.905139	 88.871568	 88.838819	 88.806878	 88.775733	 88.745369	 88.715774	 88.686934	 88.658836	 88.631468	 88.604815	 88.578866	 88.553605	 88.529022	 88.505101	 88.481832	 88.459199	 88.437192	 88.415797	    88.395	 88.374791	 88.355155	 88.336081	 88.317557	  88.29957	 88.282107	 88.265158	  88.24871	 88.232751	  88.21727	 88.202255	 88.187694	 88.173578	 88.159893	  88.14663	 88.133778	 88.121325	 88.109261	 88.097577	 88.086261	 88.075303	 88.064693	 88.054422	  88.04448	 88.034856	 88.025543	  88.01653	 88.007808	 87.999368	 87.991202	 87.983301	 87.975655	 87.968257	 87.961099	 87.954171	 87.947467	 87.940977	 87.934695	 87.928613	 87.922722	 87.917016	 87.911488	 87.906129	 87.900934	 87.895894	 87.891004	 87.886256	 87.881644	  87.87716	 87.872799	 87.868555	  87.86442	 87.860388	 87.856454	 87.852611	 87.848853	 87.845175	  87.84157	 87.838032	 87.834556	 87.831136	 87.827766	  87.82444	 87.821154	   87.8179	 87.814675	 87.811471	 87.808284	 87.805108	
        99	 98.856078	 98.712187	  98.56836	 98.424629	 98.281025	  98.13758	 97.994325	 97.851293	 97.708514	 97.566019	 97.423839	 97.282006	 97.140549	 96.999498	 96.858885	 96.718738	 96.579087	  96.43996	 96.301388	 96.163397	 96.026016	 95.889273	 95.753195	 95.617808	 95.483139	 95.349214	 95.216058	 95.083696	 94.952153	 94.821452	 94.691616	 94.562669	 94.434633	 94.307529	 94.181379	 94.056204	 93.932022	 93.808854	 93.686719	 93.565634	 93.445618	 93.326686	 93.208856	 93.092143	 92.976562	 92.862127	 92.748853	 92.636751	 92.525835	 92.416117	 92.307607	 92.200316	 92.094254	  91.98943	 91.885852	 91.783528	 91.682466	 91.582672	 91.484152	 91.386911	 91.290953	 91.196284	 91.102906	 91.010821	 90.920033	 90.830543	 90.742352	  90.65546	 90.569866	 90.485571	 90.402573	  90.32087	 90.240459	 90.161338	 90.083504	 90.006952	 89.931677	 89.857676	 89.784942	 89.713469	 89.643252	 89.574283	 89.506556	 89.440062	 89.374793	 89.310742	 89.247899	 89.186256	 89.125802	 89.066528	 89.008423	 88.951478	 88.895681	 88.841022	 88.787488	 88.735069	 88.683752	 88.633525	 88.584377	 88.536293	 88.489263	 88.443273	 88.398309	 88.354358	 88.311408	 88.269445	 88.228454	 88.188422	 88.149336	 88.111181	 88.073943	 88.037609	 88.002163	 87.967592	 87.933882	 87.901018	 87.868986	 87.837772	 87.807361	 87.777739	 87.748892	 87.720805	 87.693465	 87.666857	 87.640967	 87.615782	 87.591286	 87.567467	 87.544309	 87.521801	 87.499927	 87.478675	 87.458031	 87.437981	 87.418513	 87.399612	 87.381268	 87.363465	 87.346192	 87.329436	 87.313185	 87.297426	 87.282146	 87.267335	  87.25298	 87.239069	 87.225591	 87.212535	 87.199888	  87.18764	  87.17578	 87.164297	  87.15318	 87.142419	 87.132003	 87.121923	 87.112168	 87.102728	 87.093593	 87.084755	 87.076202	 87.067927	  87.05992	 87.052172	 87.044674	 87.037418	 87.030394	 87.023595	 87.017012	 87.010636	  87.00446	 86.998477	 86.992677	 86.987054	 86.981599	 86.976306	 86.971167	 86.966175	 86.961323	 86.956603	 86.952008	 86.947533	 86.943169	 86.938911	 86.934752	 86.930685	 86.926704	 86.922802	 86.918973	  86.91521	 86.911509	 86.907861	 86.904262	 86.900705	 86.897183	 86.893692	 86.890225	 86.886775	 86.883338	
        99	  98.84516	 98.690355	 98.535618	 98.380984	 98.226486	  98.07216	 97.918039	 97.764157	 97.610547	 97.457243	 97.304278	 97.151686	 96.999498	 96.847749	 96.696469	 96.545691	 96.395446	 96.245766	 96.096682	 95.948224	 95.800422	 95.653306	 95.506906	 95.361249	 95.216365	 95.072281	 94.929024	 94.786622	   94.6451	 94.504484	   94.3648	 94.226072	 94.088323	 93.951578	 93.815859	 93.681188	 93.547586	 93.415076	 93.283676	 93.153406	 93.024285	 92.896332	 92.769564	 92.643997	 92.519649	 92.396534	 92.274666	 92.154062	 92.034732	 91.916691	  91.79995	 91.684521	 91.570413	 91.457637	 91.346202	 91.236117	 91.127388	 91.020024	 90.914031	 90.809413	 90.706177	 90.604326	 90.503865	 90.404796	 90.307121	 90.210842	 90.115961	 90.022477	 89.930391	 89.839702	 89.750408	 89.662507	 89.575997	 89.490874	 89.407136	 89.324776	 89.243792	 89.164177	 89.085926	 89.009032	 88.933488	 88.859288	 88.786422	 88.714885	 88.644665	 88.575755	 88.508146	 88.441826	 88.376786	 88.313016	 88.250504	 88.189239	  88.12921	 88.070404	 88.012809	 87.956414	 87.901204	 87.847167	 87.794291	  87.74256	 87.691962	 87.642483	 87.594109	 87.546824	 87.500616	 87.455469	 87.411369	 87.368301	  87.32625	   87.2852	 87.245138	 87.206047	 87.167913	  87.13072	 87.094452	 87.059095	 87.024634	 86.991051	 86.958334	 86.926465	 86.895429	 86.865212	 86.835798	 86.807172	 86.779318	 86.752222	 86.725868	 86.700242	 86.675328	 86.651112	  86.62758	 86.604715	 86.582505	 86.560934	 86.539989	 86.519655	 86.499919	 86.480766	 86.462183	 86.444156	 86.426672	 86.409717	 86.393279	 86.377344	   86.3619	 86.346934	 86.332434	 86.318387	  86.30478	 86.291603	 86.278844	 86.266489	 86.254529	 86.242952	 86.231746	 86.220901	 86.210406	  86.20025	 86.190423	 86.180914	 86.171713	  86.16281	 86.154196	  86.14586	 86.137793	 86.129986	  86.12243	 86.115115	 86.108032	 86.101173	 86.094529	 86.088091	 86.081851	 86.075802	 86.069933	 86.064239	  86.05871	 86.053339	 86.048119	 86.043041	 86.038098	 86.033283	 86.028588	 86.024007	 86.019532	 86.015157	 86.010873	 86.006676	 86.002556	 85.998508	 85.994526	 85.990602	 85.986729	 85.982902	 85.979114	 85.975358	 85.971628	 85.967917	 85.964218	
        99	 98.834277	  98.66859	 98.502977	 98.337473	 98.172117	 98.006943	 97.841989	  97.67729	 97.512883	 97.348804	 97.185087	 97.021769	 96.858885	 96.696469	 96.534555	 96.373179	 96.212374	 96.052174	  95.89261	 95.733717	 95.575527	  95.41807	 95.261379	 95.105485	 94.950417	 94.796205	 94.642879	 94.490467	 94.338998	 94.188498	 94.038996	 93.890516	 93.743086	 93.596729	  93.45147	 93.307333	 93.164341	 93.022516	  92.88188	 92.742454	 92.604258	 92.467311	 92.331632	  92.19724	 92.064151	 91.932382	 91.801949	 91.672867	  91.54515	 91.418812	 91.293865	 91.170322	 91.048194	 90.927491	 90.808224	   90.6904	 90.574029	 90.459119	 90.345675	 90.233704	 90.123211	 90.014202	 89.906679	 89.800646	 89.696106	  89.59306	  89.49151	 89.391455	 89.292896	 89.195833	 89.100262	 89.006183	 88.913592	 88.822486	 88.732862	 88.644713	 88.558037	 88.472826	 88.389074	 88.306775	 88.225922	 88.146506	 88.068519	 87.991953	 87.916798	 87.843044	 87.770682	 87.699701	  87.63009	 87.561837	 87.494931	  87.42936	 87.365111	 87.302172	 87.240529	  87.18017	 87.121079	 87.063245	 87.006651	 86.951285	  86.89713	 86.844173	 86.792398	 86.741791	 86.692335	 86.644014	 86.596815	 86.550719	 86.505712	 86.461778	 86.418899	 86.377061	 86.336246	 86.296438	 86.257622	  86.21978	 86.182896	 86.146953	 86.111935	 86.077827	  86.04461	 86.012269	 85.980787	 85.950149	 85.920337	 85.891337	 85.863131	 85.835703	 85.809038	  85.78312	 85.757933	 85.733462	  85.70969	 85.686603	 85.664186	 85.642423	 85.621299	   85.6008	  85.58091	 85.561616	 85.542903	 85.524757	 85.507163	 85.490109	 85.473579	 85.457561	 85.442042	 85.427007	 85.412445	 85.398341	 85.384685	 85.371462	 85.358661	  85.34627	 85.334277	  85.32267	 85.311437	 85.300567	 85.290049	 85.279871	 85.270024	 85.260495	 85.251275	 85.242354	  85.23372	 85.225364	 85.217277	 85.209447	 85.201867	 85.194526	 85.187414	 85.180524	 85.173846	 85.167371	  85.16109	 85.154996	 85.149078	  85.14333	 85.137742	 85.132307	 85.127017	 85.121864	 85.116839	 85.111936	 85.107147	 85.102464	 85.097879	 85.093386	 85.088977	 85.084645	 85.080383	 85.076183	 85.072038	 85.067942	 85.063888	 85.059867	 85.055875	 85.051903	 85.047945	
        99	 98.823429	 98.646897	 98.470444	 98.294108	 98.117928	 97.941943	 97.766191	 97.590712	 97.415544	 97.240724	 97.066292	 96.892284	 96.718738	 96.545691	 96.373179	  96.20124	  96.02991	 95.859223	 95.689216	 95.519922	 95.351377	 95.183614	 95.016667	 94.850568	  94.68535	 94.521045	 94.357683	 94.195295	 94.033911	 93.873561	 93.714272	 93.556074	 93.398993	 93.243057	  93.08829	 92.934719	 92.782367	 92.631259	 92.481418	 92.332865	 92.185623	 92.039713	 91.895153	 91.751964	 91.610164	  91.46977	 91.330799	 91.193268	 91.057191	 90.922584	 90.789459	 90.657829	 90.527707	 90.399104	 90.272029	 90.146494	 90.022506	 89.900074	 89.779205	 89.659905	  89.54218	 89.426035	 89.311474	 89.198501	 89.087118	 88.977327	  88.86913	 88.762526	 88.657516	 88.554099	 88.452273	 88.352036	 88.253385	 88.156315	 88.060824	 87.966907	 87.874556	 87.783768	 87.694534	 87.606848	 87.520703	 87.436089	 87.352997	 87.271419	 87.191345	 87.112764	 87.035666	 86.960038	 86.885871	  86.81315	 86.741865	 86.672002	 86.603548	 86.536489	 86.470811	 86.406501	 86.343543	 86.281922	 86.221625	 86.162634	 86.104935	 86.048512	 85.993348	 85.939428	 85.886734	 85.835251	 85.784962	 85.735849	 85.687896	 85.641086	 85.595401	 85.550824	 85.507338	 85.464925	 85.423567	 85.383248	  85.34395	 85.305655	 85.268345	 85.232004	 85.196613	 85.162155	 85.128613	 85.095969	 85.064206	 85.033307	 85.003255	 84.974032	 84.945621	 84.918007	 84.891171	 84.865098	 84.839771	 84.815173	 84.791288	   84.7681	 84.745594	 84.723753	 84.702562	 84.682005	 84.662067	 84.642733	 84.623988	 84.605817	 84.588205	 84.571139	 84.554603	 84.538585	 84.523069	 84.508043	 84.493492	 84.479404	 84.465765	 84.452563	 84.439785	 84.427418	  84.41545	 84.403868	 84.392662	 84.381818	 84.371326	 84.361174	  84.35135	 84.341845	 84.332646	 84.323743	 84.315126	 84.306784	 84.298708	 84.290886	 84.283309	 84.275968	 84.268853	 84.261954	 84.255262	 84.248769	 84.242464	 84.236339	 84.230386	 84.224595	 84.218959	 84.213468	 84.208115	 84.202891	 84.197788	 84.192798	 84.187914	 84.183126	 84.178429	 84.173813	 84.169272	 84.164797	 84.160381	 84.156017	 84.151697	 84.147414	  84.14316	 84.138928	 84.134711	
        99	  98.81262	 98.625282	 98.438026	 98.250895	  98.06393	 97.877172	 97.690662	  97.50444	 97.318549	 97.133028	 96.947917	 96.763257	 96.579087	 96.395446	 96.212374	  96.02991	 95.848091	 95.666955	 95.486541	 95.306884	 95.128021	 94.949988	 94.772821	 94.596554	 94.421222	 94.246858	 94.073496	 93.901167	 93.729904	 93.559737	 93.390698	 93.222815	 93.056119	 92.890636	 92.726395	 92.563423	 92.401745	 92.241386	 92.082372	 91.924726	  91.76847	 91.613627	 91.460218	 91.308263	 91.157783	 91.008794	 90.861316	 90.715366	 90.570959	 90.428111	 90.286837	 90.147149	 90.009062	 89.872586	 89.737732	 89.604512	 89.472934	 89.343007	 89.214739	 89.088135	 88.963204	 88.839949	 88.718375	 88.598486	 88.480285	 88.363773	 88.248952	 88.135823	 88.024384	 87.914636	 87.806577	 87.700203	 87.595513	 87.492502	 87.391165	 87.291498	 87.193494	 87.097148	 87.002452	 86.909398	 86.817979	 86.728185	 86.640007	 86.553435	 86.468459	 86.385067	 86.303249	 86.222992	 86.144284	 86.067113	 85.991463	 85.917324	 85.844679	 85.773515	 85.703816	 85.635569	 85.568757	 85.503364	 85.439375	 85.376774	 85.315542	 85.255665	 85.197124	 85.139903	 85.083984	  85.02935	 84.975982	 84.923863	 84.872974	 84.823298	 84.774817	 84.727511	 84.681362	 84.636353	 84.592464	 84.549677	 84.507972	 84.467333	 84.427739	 84.389173	 84.351616	 84.315048	 84.279453	 84.244811	 84.211104	 84.178313	 84.146421	 84.115409	  84.08526	 84.055955	 84.027476	 83.999807	 83.972929	 83.946825	 83.921478	 83.896871	 83.872987	 83.849809	 83.827321	 83.805505	 83.784347	 83.763829	 83.743937	 83.724653	 83.705964	 83.687852	 83.670305	 83.653305	  83.63684	 83.620894	 83.605452	 83.590502	 83.576028	 83.562018	 83.548457	 83.535333	 83.522632	 83.510342	 83.498449	 83.486942	 83.475808	 83.465034	 83.454609	 83.444522	  83.43476	 83.425312	 83.416168	 83.407315	 83.398744	 83.390443	 83.382403	 83.374613	 83.367062	 83.359741	 83.352639	 83.345748	 83.339057	 83.332557	  83.32624	 83.320095	 83.314113	 83.308286	 83.302605	 83.297061	 83.291646	 83.286351	 83.281168	 83.276087	 83.271102	 83.266204	 83.261384	 83.256636	  83.25195	 83.247318	 83.242734	 83.238188	 83.233674	 83.229183	 83.224708	
