Time step 52:
        99	        99	        99	        99	        99	        99	        99	        99	        99	        99	        99	        99	        99	        99	        99	        99	        99	        99	        99	        99	        99	        99	        99	        99	        99	        99	        99	        99	        99	        99	        99	        99	        99	        99	        99	        99	        99	        99	        99	        99	        99	        99	        99	        99	        99	        99	        99	        99	        99	        99	        99	        99	        99	        99	        99	        99	        99	        99	        99	        99	        99	        99	        99	        99	        99	        99	        99	        99	        99	        99	        99	        99	        99	        99	        99	        99	        99	        99	        99	        99	        99	        99	        99	        99	        99	        99	        99	        99	        99	        99	        99	        99	        99	        99	        99	        99	        99	        99	        99	        99	        99	        99	        99	        99	        99	        99	        99	        99	        99	        99	        99	        99	        99	        99	        99	        99	        99	        99	        99	        99	        99	        99	        99	        99	        99	        99	        99	        99	        99	        99	        99	        99	        99	        99	        99	        99	        99	        99	        99	        99	        99	        99	        99	        99	        99	        99	        99	        99	        99	        99	        99	        99	        99	        99	        99	        99	        99	        99	        99	        99	        99	        99	        99	        99	        99	        99	        99	        99	        99	        99	        99	        99	        99	        99	        99	        99	        99	        99	        99	        99	        99	        99	        99	        99	        99	        99	        99	        99	        99	        99	        99	        99	        99	        99	        99	        99	        99	        99	        99	        99	
        99	 98.987789	 98.975582	  98.96338	 98.951187	 98.939006	 98.926839	 98.914691	 98.902563	 98.890458	  98.87838	 98.866332	 98.854315	 98.842333	 98.830389	 98.818486	 98.806626	 98.794812	 98.783047	 98.771332	 98.759672	 98.748069	 98.736524	 98.725041	 98.713622	 98.702269	 98.690985	 98.679772	 98.668632	 98.657567	 98.646581	 98.635674	 98.624848	 98.614107	 98.603451	 98.592883	 98.582405	 98.572017	 98.561723	 98.551523	 98.541419	 98.531413	 98.521506	 98.511699	 98.501994	 98.492393	 98.482896	 98.473504	 98.464219	 98.455041	 98.445972	 98.437013	 98.428163	 98.419425	 98.410799	 98.402284	 98.393883	 98.385596	 98.377422	 98.369362	 98.361417	 98.353587	 98.345872	 98.338273	 98.330789	  98.32342	 98.316166	 98.309028	 98.302005	 98.295097	 98.288304	 98.281625	 98.275061	  98.26861	 98.262273	 98.256048	 98.249936	 98.243935	 98.238046	 98.232267	 98.226598	 98.221038	 98.215586	 98.210242	 98.205004	 98.199872	 98.194845	 98.189922	 98.185101	 98.180383	 98.175765	 98.171248	 98.166828	 98.162507	 98.158282	 98.154152	 98.150117	 98.146174	 98.142323	 98.138563	 98.134892	 98.131309	 98.127813	 98.124402	 98.121076	 98.117832	  98.11467	 98.111589	 98.108586	 98.105661	 98.102812	 98.100039	 98.097339	 98.094711	 98.092155	 98.089668	  98.08725	 98.084898	 98.082613	 98.080392	 98.078234	 98.076138	 98.074103	 98.072127	 98.070209	 98.068348	 98.066542	  98.06479	 98.063092	 98.061445	 98.059849	 98.058303	 98.056805	 98.055353	 98.053948	 98.052587	  98.05127	 98.049996	 98.048763	  98.04757	 98.046417	 98.045302	 98.044224	 98.043182	 98.042175	 98.041203	 98.040264	 98.039357	 98.038481	 98.037636	  98.03682	 98.036032	 98.035273	  98.03454	 98.033833	 98.033152	 98.032495	 98.031861	  98.03125	 98.030662	 98.030094	 98.029547	  98.02902	 98.028512	 98.028023	 98.027551	 98.027096	 98.026658	 98.026236	 98.025828	 98.025436	 98.025057	 98.024692	 98.024339	 98.023999	 98.023671	 98.023353	 98.023047	  98.02275	 98.022463	 98.022186	 98.021916	 98.021655	 98.021402	 98.021156	 98.020916	 98.020683	 98.020456	 98.020234	 98.020017	 98.019804	 98.019596	 98.019391	 98.019189	 98.018991	 98.018795	   98.0186	 98.018408	 98.018216	 98.018026	
        99	 98.975582	 98.951169	 98.926768	 98.902385	 98.878026	 98.853696	 98.829402	 98.805149	 98.780943	  98.75679	 98.732695	 98.708665	 98.684705	  98.66082	 98.637016	 98.613299	 98.589674	 98.566146	  98.54272	 98.519403	 98.496198	 98.473112	 98.450148	 98.427313	  98.40461	 98.382044	 98.359621	 98.337344	 98.315218	 98.293247	 98.271436	 98.249788	 98.228308	 98.206999	 98.185865	 98.164911	 98.144138	 98.123552	 98.103154	 98.082949	 98.062939	 98.043127	 98.023517	  98.00411	 97.984909	 97.965917	 97.947136	 97.928568	 97.910215	 97.892079	 97.874162	 97.856466	 97.838991	  97.82174	 97.804714	 97.787914	  97.77134	 97.754994	 97.738877	  97.72299	 97.707331	 97.691904	 97.676706	  97.66174	 97.647004	 97.632499	 97.618224	  97.60418	 97.590366	 97.576781	 97.563425	 97.550298	 97.537398	 97.524724	 97.512277	 97.500054	 97.488054	 97.476277	  97.46472	 97.453384	 97.442265	 97.431363	 97.420675	 97.410201	 97.399939	 97.389885	  97.38004	 97.370401	 97.360965	 97.351731	 97.342696	 97.333859	 97.325217	 97.316768	  97.30851	  97.30044	 97.292556	 97.284855	 97.277335	 97.269994	 97.262829	 97.255838	 97.249017	 97.242365	 97.235878	 97.229555	 97.223393	 97.217388	 97.211539	 97.205842	 97.200296	 97.194897	 97.189642	  97.18453	 97.179557	 97.174721	 97.170019	 97.165449	 97.161007	 97.156692	 97.152501	 97.148431	 97.144479	 97.140643	 97.136921	  97.13331	 97.129808	 97.126411	 97.123119	 97.119927	 97.116834	 97.113838	 97.110936	 97.108125	 97.105405	 97.102771	 97.100222	 97.097757	 97.095372	 97.093065	 97.090835	  97.08868	 97.086596	 97.084583	 97.082638	  97.08076	 97.078946	 97.077195	 97.075505	 97.073873	 97.072299	  97.07078	 97.069315	 97.067901	 97.066539	 97.065224	 97.063957	 97.062736	 97.061559	 97.060424	  97.05933	 97.058276	  97.05726	 97.056281	 97.055338	 97.054429	 97.053552	 97.052708	 97.051893	 97.051108	 97.050351	  97.04962	 97.048916	 97.048235	 97.047579	 97.046944	 97.046331	 97.045738	 97.045164	 97.044609	  97.04407	 97.043548	 97.043041	 97.042549	  97.04207	 97.041604	 97.041149	 97.040705	 97.040271	 97.039846	 97.039429	  97.03902	 97.038617	  97.03822	 97.037827	 97.037439	 97.037054	 97.036671	  97.03629	
        99	  98.96338	 98.926768	 98.890175	 98.853608	 98.817076	 98.780589	 98.744155	 98.707783	 98.671481	 98.635259	 98.599124	 98.563086	 98.527153	 98.491333	 98.455635	 98.420066	 98.384635	  98.34935	 98.314219	  98.27925	 98.244451	 98.209828	 98.175389	 98.141143	 98.107095	 98.073254	 98.039626	 98.006217	 97.973034	 97.940085	 97.907375	  97.87491	 97.842696	 97.810739	 97.779045	 97.747619	 97.716467	 97.685594	 97.655004	 97.624702	 97.594693	 97.564982	 97.535571	 97.506467	 97.477672	 97.449189	 97.421023	 97.393177	 97.365653	 97.338455	 97.311585	 97.285046	 97.258839	 97.232968	 97.207434	 97.182238	 97.157383	  97.13287	 97.108699	 97.084872	 97.061389	 97.038252	 97.015461	 96.993015	 96.970916	 96.949163	 96.927755	 96.906693	 96.885976	 96.865603	 96.845574	 96.825887	 96.806541	 96.787534	 96.768867	 96.750536	  96.73254	 96.714878	 96.697546	 96.680545	  96.66387	  96.64752	 96.631492	 96.615784	 96.600393	 96.585317	 96.570552	 96.556095	 96.541945	 96.528096	 96.514547	 96.501294	 96.488334	 96.475663	 96.463278	 96.451175	 96.439352	 96.427803	 96.416526	 96.405516	 96.394771	 96.384286	 96.374057	 96.364081	 96.354353	  96.34487	 96.335628	 96.326623	 96.317851	 96.309308	  96.30099	 96.292893	 96.285013	 96.277346	 96.269888	 96.262635	 96.255584	  96.24873	 96.242069	 96.235598	 96.229312	 96.223208	 96.217282	 96.211529	 96.205947	 96.200532	 96.195279	 96.190186	 96.185248	 96.180461	 96.175823	 96.171329	 96.166977	 96.162762	 96.158682	 96.154732	  96.15091	 96.147212	 96.143636	 96.140177	 96.136832	 96.133599	 96.130475	 96.127456	  96.12454	 96.121723	 96.119002	 96.116376	 96.113841	 96.111394	 96.109033	 96.106755	 96.104558	 96.102438	 96.100395	 96.098424	 96.096524	 96.094692	 96.092926	 96.091224	 96.089584	 96.088003	  96.08648	 96.085012	 96.083597	 96.082233	 96.080919	 96.079652	 96.078431	 96.077254	 96.076118	 96.075023	 96.073966	 96.072945	  96.07196	 96.071009	 96.070089	   96.0692	 96.068339	 96.067506	 96.066699	 96.065916	 96.065156	 96.064418	 96.063699	    96.063	 96.062318	 96.061652	 96.061002	 96.060364	 96.059739	 96.059125	 96.058521	 96.057925	 96.057336	 96.056754	 96.056176	 96.055602	 96.055031	
        99	 98.951187	 98.902385	 98.853608	 98.804865	 98.756171	 98.707535	  98.65897	 98.610487	 98.562099	 98.513816	  98.46565	 98.417613	 98.369716	 98.321969	 98.274385	 98.226973	 98.179746	 98.132713	 98.085885	 98.039273	 97.992886	 97.946735	 97.900831	 97.855182	 97.809798	 97.764689	 97.719863	 97.675331	   97.6311	  97.58718	 97.543579	 97.500304	 97.457365	 97.414768	 97.372521	 97.330632	 97.289108	 97.247954	 97.207179	 97.166788	 97.126788	 97.087184	 97.047981	 97.009186	 96.970803	 96.932838	 96.895294	 96.858176	 96.821488	 96.785234	 96.749417	 96.714041	  96.67911	 96.644624	 96.610588	 96.577004	 96.543873	 96.511198	 96.478979	 96.447219	 96.415918	 96.385077	 96.354697	 96.324778	 96.295321	 96.266325	  96.23779	 96.209715	   96.1821	 96.154944	 96.128245	 96.102003	 96.076215	 96.050881	 96.025998	 96.001563	 95.977576	 95.954033	 95.930931	 95.908269	 95.886042	 95.864248	 95.842884	 95.821946	  95.80143	 95.781334	 95.761653	 95.742383	 95.723521	 95.705062	 95.687001	 95.669336	  95.65206	 95.635171	 95.618662	  95.60253	 95.586769	 95.571375	 95.556343	 95.541668	 95.527345	 95.513368	 95.499734	 95.486436	 95.473469	 95.460829	  95.44851	 95.436507	 95.424814	 95.413426	 95.402339	 95.391546	 95.381042	 95.370822	 95.360881	 95.351214	 95.341815	 95.332678	   95.3238	 95.315174	 95.306795	 95.298659	 95.290759	 95.283092	 95.275651	 95.268433	 95.261431	 95.254642	 95.248059	 95.241679	 95.235497	 95.229507	 95.223706	 95.218087	 95.212648	 95.207384	 95.202289	  95.19736	 95.192592	 95.187982	 95.183524	 95.179215	  95.17505	 95.171026	 95.167138	 95.163383	 95.159758	 95.156257	 95.152878	 95.149616	 95.146469	 95.143433	 95.140504	 95.137678	 95.134954	 95.132327	 95.129794	 95.127353	 95.124999	 95.122731	 95.120544	 95.118437	 95.116407	  95.11445	 95.112564	 95.110746	 95.108994	 95.107306	 95.105678	 95.104108	 95.102594	 95.101134	 95.099725	 95.098366	 95.097052	 95.095784	 95.094558	 95.093373	 95.092226	 95.091115	 95.090039	 95.088996	 95.087983	 95.086998	 95.086041	 95.085109	   95.0842	 95.083313	 95.082445	 95.081595	 95.080762	 95.079944	 95.079138	 95.078344	 95.077559	 95.076783	 95.076013	 95.075248	 95.074486	
        99	 98.939006	 98.878026	 98.817076	 98.756171	 98.695324	 98.634552	 98.573867	 98.513286	 98.452823	 98.392491	 98.332306	 98.272281	 98.212431	  98.15277	 98.093311	 98.034068	 97.975055	 97.916286	 97.857772	 97.799528	 97.741566	 97.683898	 97.626538	 97.569498	 97.512789	 97.456423	 97.400411	 97.344766	 97.289498	 97.234618	 97.180136	 97.126062	 97.072408	 97.019181	 96.966392	  96.91405	 96.862163	  96.81074	  96.75979	  96.70932	 96.659337	  96.60985	 96.560865	 96.512389	 96.464427	 96.416988	 96.370075	 96.323694	 96.277851	  96.23255	 96.187795	 96.143592	 96.099943	 96.056852	 96.014323	 95.972357	 95.930959	 95.890129	 95.849871	 95.810185	 95.771073	 95.732536	 95.694575	  95.65719	 95.620382	  95.58415	 95.548494	 95.513413	 95.478907	 95.444974	 95.411613	 95.378822	 95.346599	 95.314943	  95.28385	 95.253318	 95.223345	 95.193927	  95.16506	 95.136742	 95.108969	 95.081736	 95.055041	 95.028878	 95.003243	 94.978132	 94.953539	 94.929461	 94.905892	 94.882826	 94.860259	 94.838185	 94.816598	 94.795494	 94.774866	 94.754707	 94.735014	 94.715778	 94.696995	 94.678658	  94.66076	 94.643296	 94.626259	 94.609643	 94.593441	 94.577647	 94.562253	 94.547255	 94.532644	 94.518415	  94.50456	 94.491074	 94.477949	 94.465179	 94.452757	 94.440677	 94.428932	 94.417516	 94.406422	 94.395644	 94.385174	 94.375007	 94.365137	 94.355556	 94.346259	 94.337239	  94.32849	 94.320006	 94.311781	 94.303809	 94.296083	 94.288599	  94.28135	  94.27433	 94.267533	 94.260955	 94.254589	  94.24843	 94.242473	 94.236711	 94.231141	 94.225756	 94.220552	 94.215524	 94.210666	 94.205975	 94.201444	  94.19707	 94.192847	 94.188772	 94.184839	 94.181045	 94.177385	 94.173855	 94.170451	 94.167168	 94.164003	 94.160952	 94.158012	 94.155177	 94.152445	 94.149812	 94.147275	  94.14483	 94.142473	 94.140202	 94.138013	 94.135903	 94.133869	 94.131907	 94.130016	 94.128191	 94.126431	 94.124732	 94.123091	 94.121506	 94.119974	 94.118493	  94.11706	 94.115672	 94.114328	 94.113024	 94.111758	 94.110528	 94.109332	 94.108167	 94.107031	 94.105922	 94.104838	 94.103777	 94.102736	 94.101713	 94.100706	 94.099714	 94.098734	 94.097763	 94.096801	 94.095845	 94.094893	
        99	 98.926839	 98.853696	 98.780589	 98.707535	 98.634552	 98.561657	 98.488868	 98.416203	 98.343679	 98.271314	 98.199124	 98.127126	 98.055338	 97.983776	 97.912457	 97.841398	 97.770613	 97.700121	 97.629936	 97.560074	  97.49055	  97.42138	 97.352579	 97.284161	  97.21614	 97.148531	 97.081347	 97.014603	  96.94831	 96.882483	 96.817134	 96.752275	 96.687918	 96.624074	 96.560755	 96.497972	 96.435736	 96.374056	 96.312943	 96.252406	 96.192454	 96.133095	 96.074339	 96.016194	 95.958666	 95.901763	 95.845493	 95.789861	 95.734873	 95.680536	 95.626855	 95.573834	 95.521479	 95.469793	  95.41878	 95.368444	 95.318788	 95.269814	 95.221526	 95.173924	  95.12701	 95.080786	 95.035253	 94.990412	 94.946261	 94.902802	 94.860034	 94.817956	 94.776567	 94.735865	  94.69585	 94.656518	 94.617869	 94.579898	 94.542603	 94.505981	 94.470029	 94.434743	 94.400118	 94.366152	 94.332839	 94.300174	 94.268154	 94.236772	 94.206024	 94.175904	 94.146406	 94.117525	 94.089254	 94.061588	 94.034519	 94.008042	  93.98215	 93.956836	 93.932093	 93.907914	 93.884292	  93.86122	  93.83869	 93.816695	 93.795228	  93.77428	 93.753845	 93.733914	 93.714481	 93.695536	 93.677072	 93.659081	 93.641556	 93.624489	 93.607871	 93.591694	 93.575951	 93.560634	 93.545735	 93.531245	 93.517158	 93.503465	 93.490158	 93.477229	 93.464671	 93.452476	 93.440637	 93.429145	 93.417993	 93.407174	  93.39668	 93.386504	 93.376639	 93.367076	  93.35781	 93.348833	 93.340137	 93.331717	 93.323565	 93.315675	 93.308039	 93.300651	 93.293506	 93.286595	 93.279914	 93.273455	 93.267213	 93.261182	 93.255355	 93.249728	 93.244293	 93.239046	 93.233982	 93.229093	 93.224376	 93.219825	 93.215435	 93.211201	 93.207118	 93.203181	 93.199384	 93.195725	 93.192197	 93.188797	 93.185521	 93.182363	 93.179319	 93.176386	 93.173559	 93.170835	  93.16821	 93.165679	 93.163239	 93.160886	 93.158618	 93.156429	 93.154318	 93.152279	 93.150312	  93.14841	 93.146573	 93.144797	 93.143078	 93.141413	   93.1398	 93.138236	 93.136718	 93.135243	 93.133808	 93.132411	 93.131048	 93.129718	 93.128418	 93.127144	 93.125896	 93.124669	 93.123462	 93.122271	 93.121095	 93.119932	 93.118778	 93.117631	 93.116489	
        99	 98.914691	 98.829402	 98.744155	  98.65897	 98.573867	 98.488868	 98.403993	 98.319262	 98.234695	 98.150313	 98.066135	 97.982182	 97.898473	 97.815028	 97.731867	 97.649007	 97.566469	 97.484271	 97.402431	 97.320968	   97.2399	 97.159244	 97.079018	 96.999239	 96.919923	 96.841087	 96.762748	  96.68492	 96.607619	 96.530862	 96.454661	 96.379031	 96.303987	 96.229542	 96.155709	 96.082501	  96.00993	 95.938008	 95.866747	 95.796157	  95.72625	 95.657035	 95.588522	 95.520721	 95.453641	 95.387289	 95.321675	 95.256805	 95.192686	 95.129326	 95.066731	 95.004906	 94.943857	 94.883588	 94.824105	  94.76541	 94.707509	 94.650403	 94.594095	 94.538589	 94.483885	 94.429986	 94.376892	 94.324604	 94.273122	 94.222447	 94.172577	 94.123511	 94.075249	 94.027789	 93.981129	 93.935267	 93.890199	 93.845923	 93.802435	 93.759732	  93.71781	 93.676664	  93.63629	 93.596684	 93.557839	  93.51975	 93.482413	  93.44582	 93.409966	 93.374844	 93.340448	 93.306771	 93.273806	 93.241546	 93.209982	 93.179109	 93.148917	 93.119399	 93.090548	 93.062354	 93.034809	 93.007906	 92.981635	 92.955987	 92.930955	 92.906529	 92.882701	 92.859461	   92.8368	 92.814709	 92.793179	 92.772201	 92.751766	 92.731864	 92.712487	 92.693624	 92.675267	 92.657406	 92.640033	 92.623138	 92.606711	 92.590744	 92.575227	 92.560152	 92.545508	 92.531289	 92.517483	 92.504083	  92.49108	 92.478464	 92.466227	 92.454362	 92.442858	 92.431708	 92.420903	 92.410435	 92.400295	 92.390477	 92.380971	 92.371771	 92.362867	 92.354253	  92.34592	 92.337862	 92.330071	  92.32254	 92.315262	 92.308229	 92.301435	 92.294873	 92.288536	 92.282418	 92.276512	 92.270812	 92.265312	 92.260005	 92.254886	 92.249949	 92.245187	 92.240596	  92.23617	 92.231903	 92.227789	 92.223825	 92.220004	 92.216321	 92.212773	 92.209353	 92.206057	  92.20288	 92.199818	 92.196867	 92.194022	 92.191279	 92.188634	 92.186082	 92.183619	 92.181243	 92.178948	 92.176731	 92.174589	 92.172517	 92.170513	 92.168572	 92.166691	 92.164868	 92.163097	 92.161377	 92.159704	 92.158075	 92.156486	 92.154935	 92.153419	 92.151934	 92.150478	 92.149047	  92.14764	 92.146252	 92.144881	 92.143524	 92.142178	 92.140841	 92.139509	
        99	 98.902563	 98.805149	 98.707783	 98.610487	 98.513286	 98.416203	 98.319262	 98.222485	 98.125895	 98.029517	 97.933372	 97.837484	 97.741875	 97.646567	 97.551583	 97.456943	 97.362671	 97.268788	 97.175313	 97.082269	 96.989676	 96.897554	 96.805922	 96.714801	 96.624209	 96.534166	 96.444689	 96.355797	 96.267507	 96.179837	 96.092803	 96.006422	 95.920709	 95.835681	 95.751351	 95.667735	 95.584847	 95.502701	 95.421308	 95.340683	 95.260837	 95.181783	  95.10353	  95.02609	 94.949473	 94.873689	 94.798746	 94.724654	  94.65142	 94.579053	 94.507559	 94.436944	 94.367216	 94.298379	 94.230439	 94.163401	 94.097267	 94.032043	 93.967731	 93.904333	 93.841853	 93.780291	 93.719649	 93.659927	 93.601126	 93.543246	 93.486287	 93.430246	 93.375123	 93.320916	 93.267622	  93.21524	 93.163765	 93.113194	 93.063524	  93.01475	 92.966868	 92.919873	 92.873759	 92.828522	 92.784155	 92.740651	 92.698006	 92.656211	  92.61526	 92.575145	 92.535859	 92.497394	 92.459743	 92.422896	 92.386845	 92.351583	 92.317099	 92.283385	 92.250431	 92.218229	 92.186769	 92.156041	 92.126035	 92.096741	 92.068151	 92.040252	 92.013036	 91.986492	 91.960609	 91.935378	 91.910787	 91.886827	 91.863487	 91.840756	 91.818623	 91.797079	 91.776112	 91.755713	 91.735869	 91.716572	  91.69781	 91.679573	  91.66185	 91.644632	 91.627907	 91.611665	 91.595897	 91.580592	  91.56574	 91.551331	 91.537355	 91.523802	 91.510663	 91.497927	 91.485586	  91.47363	  91.46205	 91.450835	 91.439978	 91.429469	   91.4193	 91.409461	 91.399944	  91.39074	 91.381842	  91.37324	 91.364927	 91.356894	 91.349134	 91.341639	 91.334402	 91.327414	 91.320668	 91.314158	 91.307876	 91.301815	 91.295968	 91.290329	 91.284891	 91.279647	 91.274591	 91.269717	 91.265019	 91.260491	 91.256127	 91.251921	 91.247868	 91.243961	 91.240197	 91.236569	 91.233072	 91.229701	 91.226452	 91.223318	 91.220297	 91.217382	  91.21457	 91.211855	 91.209234	 91.206703	 91.204256	  91.20189	   91.1996	 91.197383	 91.195235	 91.193152	  91.19113	 91.189165	 91.187254	 91.185394	 91.183579	 91.181808	 91.180076	  91.17838	 91.176717	 91.175083	 91.173475	  91.17189	 91.170324	 91.168774	 91.167237	  91.16571	 91.164189	
        99	 98.890458	 98.780943	 98.671481	 98.562099	 98.452823	 98.343679	 98.234695	 98.125895	 98.017307	 97.908956	 97.800867	 97.693067	  97.58558	 97.478433	 97.371648	 97.265253	 97.159269	 97.053722	 96.948636	 96.844033	 96.739937	 96.636371	 96.533356	 96.430915	 96.329069	  96.22784	 96.127248	 96.027313	 95.928055	 95.829493	 95.731648	 95.634535	 95.538175	 95.442583	 95.347778	 95.253775	 95.160589	 95.068238	 94.976734	 94.886093	 94.796328	 94.707453	 94.619479	 94.532419	 94.446284	 94.361085	 94.276832	 94.193536	 94.111205	 94.029847	 93.949471	 93.870085	 93.791694	 93.714306	 93.637926	 93.562559	  93.48821	 93.414883	 93.342581	 93.271308	 93.201066	 93.131856	 93.063681	  92.99654	 92.930435	 92.865364	 92.801329	 92.738326	 92.676356	 92.615414	   92.5555	  92.49661	  92.43874	 92.381888	 92.326047	 92.271214	 92.217384	 92.164551	 92.112708	 92.061851	 92.011972	 91.963065	 91.915121	 91.868134	 91.822096	 91.776998	 91.732831	 91.689588	 91.647259	 91.605835	 91.565306	 91.525663	 91.486895	 91.448992	 91.411945	 91.375743	 91.340374	 91.305829	 91.272095	 91.239163	  91.20702	 91.175656	 91.145059	 91.115217	 91.086119	 91.057754	 91.030108	 91.003172	 90.976932	 90.951377	 90.926495	 90.902274	 90.878703	 90.855769	 90.833461	 90.811766	 90.790673	  90.77017	 90.750246	 90.730888	 90.712086	 90.693827	   90.6761	 90.658893	 90.642196	 90.625997	 90.610285	 90.595048	 90.580277	 90.565959	 90.552085	 90.538644	 90.525625	 90.513017	 90.500811	 90.488997	 90.477564	 90.466503	 90.455804	 90.445457	 90.435453	 90.425782	 90.416436	 90.407406	 90.398682	 90.390256	 90.382119	 90.374263	  90.36668	 90.359361	 90.352298	 90.345484	 90.338911	 90.332571	 90.326457	 90.320562	 90.314878	 90.309399	 90.304117	 90.299027	  90.29412	 90.289392	 90.284835	 90.280444	 90.276211	 90.272132	 90.268201	 90.264412	 90.260759	 90.257236	 90.253839	 90.250563	 90.247401	 90.244349	 90.241403	 90.238556	 90.235805	 90.233145	 90.230571	 90.228079	 90.225664	 90.223322	 90.221049	 90.218841	 90.216692	   90.2146	  90.21256	 90.210569	 90.208622	 90.206715	 90.204845	 90.203009	 90.201201	 90.199419	 90.197658	 90.195916	 90.194188	 90.192471	 90.190761	
        99	  98.87838	  98.75679	 98.635259	 98.513816	 98.392491	 98.271314	 98.150313	 98.029517	 97.908956	 97.788658	 97.668651	 97.548965	 97.429627	 97.310665	 97.192107	  97.07398	 96.956311	 96.839127	 96.722453	 96.606317	 96.490744	 96.375758	 96.261385	 96.147649	 96.034574	 95.922183	 95.810499	 95.699545	 95.589343	 95.479915	  95.37128	 95.263461	 95.156475	 95.050344	 94.945085	 94.840717	 94.737258	 94.634723	 94.533131	 94.432496	 94.332834	 94.234158	 94.136485	 94.039825	 93.944193	   93.8496	 93.756058	 93.663577	 93.572168	  93.48184	 93.392602	 93.304463	 93.217429	 93.131508	 93.046706	 92.963029	 92.880483	 92.799071	 92.718797	 92.639665	 92.561678	 92.484837	 92.409145	 92.334601	 92.261207	 92.188962	 92.117866	 92.047917	 91.979113	 91.911453	 91.844933	 91.779549	 91.715299	 91.652177	  91.59018	 91.529301	 91.469536	 91.410877	 91.353319	 91.296854	 91.241475	 91.187175	 91.133946	 91.081778	 91.030663	 90.980593	 90.931557	 90.883545	 90.836549	 90.790558	  90.74556	 90.701545	 90.658503	 90.616422	  90.57529	 90.535096	 90.495827	 90.457473	  90.42002	 90.383457	  90.34777	 90.312948	 90.278977	 90.245845	 90.213538	 90.182045	 90.151352	 90.121445	 90.092312	 90.063939	 90.036314	 90.009423	 89.983252	  89.95779	 89.933022	 89.908935	 89.885516	 89.862753	 89.840632	  89.81914	 89.798264	 89.777992	  89.75831	 89.739207	 89.720668	 89.702683	 89.685239	 89.668322	 89.651922	 89.636026	 89.620622	 89.605698	 89.591244	 89.577246	 89.563695	 89.550578	 89.537884	 89.525603	 89.513725	 89.502237	  89.49113	 89.480393	 89.470017	  89.45999	 89.450305	 89.440949	 89.431916	 89.423193	 89.414774	 89.406648	 89.398807	 89.391241	 89.383943	 89.376905	 89.370117	 89.363571	 89.357261	 89.351177	 89.345313	 89.339661	 89.334214	 89.328964	 89.323905	 89.319029	  89.31433	 89.309802	 89.305437	  89.30123	 89.297174	 89.293263	 89.289492	 89.285854	 89.282343	 89.278955	 89.275684	 89.272523	 89.269469	 89.266516	 89.263658	 89.260891	  89.25821	  89.25561	 89.253086	 89.250634	 89.248249	 89.245926	 89.243661	  89.24145	 89.239288	 89.237172	 89.235096	 89.233056	 89.231049	  89.22907	 89.227116	 89.225181	 89.223263	 89.221357	 89.219458	
        99	 98.866332	 98.732695	 98.599124	  98.46565	 98.332306	 98.199124	 98.066135	 97.933372	 97.800867	 97.668651	 97.536756	 97.405213	 97.274052	 97.143305	 97.013001	 96.883171	 96.753845	 96.625051	  96.49682	 96.369178	 96.242155	 96.115777	 95.990073	  95.86507	 95.740792	 95.617267	 95.494519	 95.372573	 95.251454	 95.131184	 95.011787	 94.893286	 94.775702	 94.659056	  94.54337	 94.428662	 94.314953	  94.20226	 94.090603	 93.979998	 93.870463	 93.762012	 93.654662	 93.548426	  93.44332	 93.339356	 93.236547	 93.134904	 93.034439	 92.935162	 92.837084	 92.740212	 92.644556	 92.550123	  92.45692	 92.364954	 92.274229	 92.184752	 92.096525	 92.009554	 91.923841	 91.839388	 91.756196	 91.674268	 91.593603	 91.514201	 91.436061	 91.359182	 91.283562	 91.209199	 91.136088	 91.064227	 90.993612	 90.924237	 90.856098	 90.789188	 90.723501	 90.659031	 90.595771	 90.533712	 90.472847	 90.413168	 90.354665	 90.297329	  90.24115	 90.186119	 90.132225	 90.079458	 90.027805	 89.977257	 89.927802	 89.879427	 89.832121	  89.78587	 89.740663	 89.696487	 89.653329	 89.611174	 89.570011	 89.529825	 89.490603	 89.452331	 89.414995	  89.37858	 89.343074	  89.30846	 89.274726	 89.241857	 89.209837	 89.178654	 89.148292	 89.118736	 89.089973	 89.061988	 89.034766	 89.008293	 88.982555	 88.957536	 88.933224	 88.909603	 88.886659	 88.864378	 88.842747	  88.82175	 88.801376	 88.781609	 88.762436	 88.743844	 88.725819	 88.708348	 88.691418	 88.675016	 88.659129	 88.643745	 88.628851	 88.614434	 88.600483	 88.586986	  88.57393	 88.561304	 88.549097	 88.537297	 88.525892	 88.514873	 88.504227	 88.493945	 88.484016	  88.47443	 88.465176	 88.456245	 88.447627	 88.439313	 88.431292	 88.423556	 88.416095	 88.408901	 88.401966	  88.39528	 88.388835	 88.382623	 88.376636	 88.370866	 88.365305	 88.359946	 88.354782	 88.349805	 88.345008	 88.340384	 88.335926	 88.331628	 88.327483	 88.323484	 88.319626	 88.315902	 88.312307	 88.308834	 88.305477	 88.302231	  88.29909	 88.296049	 88.293102	 88.290244	  88.28747	 88.284775	 88.282154	 88.279601	 88.277112	 88.274682	 88.272306	 88.269979	 88.267698	 88.265456	  88.26325	 88.261076	 88.258927	 88.256801	 88.254693	 88.252598	 88.250511	
        99	 98.854315	 98.708665	 98.563086	 98.417613	 98.272281	 98.127126	 97.982182	 97.837484	 97.693067	 97.548965	 97.405213	 97.261844	 97.118892	 96.976391	 96.834373	 96.692872	 96.551919	 96.411547	 96.271788	 96.132671	 95.994229	  95.85649	 95.719486	 95.583244	 95.447794	 95.313164	 95.179382	 95.046473	 94.914465	 94.783383	 94.653253	 94.524099	 94.395944	 94.268812	 94.142725	 94.017706	 93.893774	 93.770951	 93.649256	 93.528708	 93.409325	 93.291125	 93.174124	 93.058338	 92.943783	 92.830473	 92.718421	 92.607641	 92.498144	 92.389943	 92.283047	 92.177467	 92.073211	 91.970289	 91.868707	 91.768473	 91.669593	 91.572071	 91.475914	 91.381124	 91.287705	  91.19566	  91.10499	 91.015696	 90.927779	 90.841239	 90.756074	 90.672284	 90.589866	 90.508818	 90.429135	 90.350814	  90.27385	 90.198238	 90.123973	 90.051048	 89.979457	 89.909191	 89.840244	 89.772606	 89.706269	 89.641225	 89.577462	 89.514972	 89.453743	 89.393765	 89.335026	 89.277515	 89.221219	 89.166127	 89.112225	 89.059502	 89.007942	 88.957534	 88.908263	 88.860116	 88.813077	 88.767134	  88.72227	 88.678471	 88.635723	 88.594011	 88.553318	  88.51363	 88.474931	 88.437206	 88.400439	 88.364615	 88.329717	  88.29573	 88.262638	 88.230426	 88.199077	 88.168576	 88.138907	 88.110054	 88.082002	 88.054735	 88.028236	 88.002491	 87.977485	 87.953201	 87.929625	 87.906742	 87.884535	 87.862991	 87.842095	 87.821831	 87.802186	 87.783144	 87.764692	 87.746816	 87.729501	 87.712733	   87.6965	 87.680788	 87.665583	 87.650872	 87.636642	 87.622882	 87.609577	 87.596716	 87.584286	 87.572276	 87.560673	 87.549467	 87.538646	 87.528198	 87.518112	 87.508378	 87.498985	 87.489923	 87.481181	  87.47275	 87.464618	 87.456778	 87.449219	 87.441932	 87.434907	 87.428137	 87.421612	 87.415323	 87.409263	 87.403422	 87.397793	 87.392369	  87.38714	 87.382101	 87.377242	 87.372558	  87.36804	 87.363682	 87.359477	 87.355419	   87.3515	 87.347714	 87.344056	 87.340518	 87.337095	  87.33378	 87.330568	 87.327454	 87.324431	 87.321493	 87.318636	 87.315854	 87.313141	 87.310492	 87.307903	 87.305367	  87.30288	 87.300437	 87.298033	 87.295663	 87.293322	 87.291004	 87.288706	 87.286423	 87.284149	
        99	 98.842333	 98.684705	 98.527153	 98.369716	 98.212431	 98.055338	 97.898473	 97.741875	  97.58558	 97.429627	 97.274052	 97.118892	 96.964183	 96.809962	 96.656265	 96.503126	 96.350581	 96.198664	  96.04741	 95.896852	 95.747024	 95.597958	 95.449685	 95.302239	 95.155649	 95.009947	 94.865161	 94.721322	 94.578457	 94.436595	 94.295762	 94.155986	 94.017291	 93.879703	 93.743247	 93.607945	 93.473821	 93.340897	 93.209193	 93.078731	 92.949529	 92.821608	 92.694985	 92.569676	   92.4457	  92.32307	 92.201803	 92.081912	  91.96341	  91.84631	 91.730622	 91.616359	 91.503529	 91.392142	 91.282206	 91.173728	 91.066716	 90.961174	 90.857108	 90.754522	  90.65342	 90.553805	 90.455678	  90.35904	 90.263893	 90.170235	 90.078066	 89.987385	 89.898189	 89.810474	 89.724238	 89.639476	 89.556182	 89.474352	 89.393979	 89.315057	 89.237577	 89.161533	 89.086915	 89.013714	 88.941922	 88.871528	 88.802521	 88.734892	 88.668627	 88.603716	 88.540146	 88.477905	 88.416979	 88.357356	 88.299022	 88.241962	 88.186162	 88.131608	 88.078285	 88.026178	 87.975271	 87.925548	 87.876995	 87.829594	 87.783331	 87.738187	 87.694148	 87.651196	 87.609314	 87.568486	 87.528696	 87.489925	 87.452157	 87.415375	 87.379562	   87.3447	 87.310773	 87.277764	 87.245655	 87.214429	 87.184069	 87.154559	 87.125882	  87.09802	 87.070957	 87.044676	 87.019161	 86.994395	 86.970362	 86.947046	 86.924431	 86.902501	  86.88124	 86.860632	 86.840663	 86.821316	 86.802577	 86.784431	 86.766863	 86.749858	 86.733403	 86.717482	 86.702082	 86.687189	  86.67279	 86.658871	  86.64542	 86.632422	 86.619865	 86.607737	 86.596026	 86.584718	 86.573803	 86.563269	 86.553103	 86.543296	 86.533835	  86.52471	  86.51591	 86.507425	 86.499244	 86.491357	 86.483755	 86.476428	 86.469366	 86.462561	 86.456002	 86.449681	 86.443589	 86.437718	  86.43206	 86.426606	 86.421348	 86.416278	 86.411389	 86.406672	 86.402122	 86.397729	 86.393488	 86.389391	 86.385432	 86.381603	 86.377898	 86.374311	 86.370835	 86.367465	 86.364193	 86.361014	 86.357922	  86.35491	 86.351974	 86.349108	 86.346306	 86.343562	  86.34087	 86.338226	 86.335624	 86.333059	 86.330525	 86.328018	 86.325531	 86.323059	 86.320598	
        99	 98.830389	  98.66082	 98.491333	 98.321969	  98.15277	 97.983776	 97.815028	 97.646567	 97.478433	 97.310665	 97.143305	 96.976391	 96.809962	 96.644059	 96.478718	 96.313978	 96.149877	 95.986452	  95.82374	 95.661777	 95.500598	  95.34024	 95.180735	 95.022119	 94.864425	 94.707685	 94.551931	 94.397195	 94.243508	 94.090899	 93.939398	 93.789033	 93.639832	 93.491821	 93.345028	 93.199476	 93.055192	 92.912198	 92.770517	 92.630172	 92.491183	 92.353571	 92.217355	 92.082554	 91.949186	 91.817267	 91.686813	  91.55784	 91.430361	  91.30439	 91.179939	  91.05702	 90.935642	 90.815817	 90.697553	 90.580858	 90.465738	 90.352201	 90.240252	 90.129895	 90.021134	 89.913973	 89.808412	 89.704454	 89.602099	 89.501346	 89.402195	 89.304645	 89.208691	 89.114332	 89.021563	  88.93038	 88.840777	 88.752747	 88.666286	 88.581385	 88.498036	  88.41623	  88.33596	 88.257214	 88.179984	 88.104257	 88.030023	  87.95727	 87.885985	 87.816157	 87.747772	 87.680815	 87.615275	 87.551135	 87.488381	 87.426999	 87.366972	 87.308286	 87.250923	 87.194868	 87.140105	 87.086616	 87.034384	 86.983393	 86.933624	 86.885061	 86.837686	  86.79148	 86.746425	 86.702505	   86.6597	 86.617992	 86.577363	 86.537795	 86.499269	 86.461766	 86.425269	 86.389759	 86.355218	 86.321626	 86.288967	 86.257221	 86.226371	 86.196399	 86.167285	 86.139014	 86.111566	 86.084924	 86.059071	 86.033988	  86.00966	 85.986069	 85.963197	 85.941028	 85.919546	 85.898734	 85.878575	 85.859054	 85.840155	 85.821862	  85.80416	 85.787033	 85.770467	 85.754446	 85.738956	 85.723983	 85.709512	  85.69553	 85.682022	 85.668975	 85.656376	 85.644213	 85.632471	 85.621138	 85.610203	 85.599652	 85.589475	 85.579658	 85.570192	 85.561064	 85.552263	 85.543779	 85.535601	 85.527719	 85.520122	 85.512801	 85.505745	 85.498945	 85.492392	 85.486077	  85.47999	 85.474122	 85.468466	 85.463012	 85.457752	 85.452679	 85.447783	 85.443058	 85.438496	 85.434089	 85.429829	 85.425711	 85.421725	 85.417866	 85.414127	 85.410501	 85.406981	 85.403562	 85.400235	 85.396996	 85.393837	 85.390754	 85.387739	 85.384787	 85.381892	 85.379048	 85.376249	 85.373489	 85.370764	 85.368066	  85.36539	 85.362732	 85.360084	
        99	 98.818486	 98.637016	 98.455635	 98.274385	 98.093311	 97.912457	 97.731867	 97.551583	 97.371648	 97.192107	 97.013001	 96.834373	 96.656265	 96.478718	 96.301773	 96.125472	 95.949855	  95.77496	 95.600829	 95.427499	 95.255009	 95.083396	 94.912698	  94.74295	 94.574189	 94.406449	 94.239764	 94.074169	 93.909696	 93.746377	 93.584243	 93.423325	 93.263653	 93.105255	  92.94816	 92.792393	 92.637983	 92.484954	  92.33333	 92.183135	 92.034392	 91.887122	 91.741347	 91.597086	 91.454357	  91.31318	 91.173571	 91.035547	 90.899121	 90.764309	 90.631124	 90.499578	 90.369683	 90.241448	 90.114884	 89.989999	 89.866801	 89.745296	  89.62549	 89.507388	 89.390994	 89.276312	 89.163343	 89.052089	 88.942551	 88.834727	 88.728618	 88.624221	 88.521534	 88.420552	 88.321273	  88.22369	 88.127799	 88.033592	 87.941062	 87.850203	 87.761004	 87.673458	 87.587554	 87.503282	 87.420631	  87.33959	 87.260146	 87.182287	    87.106	 87.031271	 86.958086	 86.886431	 86.816291	 86.747649	 86.680492	 86.614801	 86.550562	 86.487757	 86.426369	  86.36638	 86.307773	  86.25053	 86.194633	 86.140063	 86.086802	  86.03483	  85.98413	 85.934681	 85.886465	 85.839462	 85.793653	 85.749018	 85.705538	 85.663193	 85.621963	 85.581828	  85.54277	 85.504768	 85.467802	 85.431853	 85.396902	 85.362929	 85.329913	 85.297837	 85.266681	 85.236425	 85.207051	 85.178539	 85.150872	 85.124029	 85.097993	 85.072746	 85.048269	 85.024545	 85.001555	 84.979282	 84.957709	 84.936818	 84.916593	 84.897016	 84.878071	 84.859743	 84.842014	 84.824869	 84.808292	 84.792268	 84.776781	 84.761817	 84.747361	 84.733399	 84.719916	 84.706899	 84.694333	 84.682205	 84.670502	 84.659211	 84.648319	 84.637814	 84.627683	 84.617914	 84.608496	 84.599417	 84.590665	  84.58223	   84.5741	 84.566264	 84.558713	 84.551437	 84.544424	 84.537665	 84.531151	 84.524872	 84.518818	 84.512981	 84.507353	 84.501923	 84.496684	 84.491627	 84.486745	 84.482028	  84.47747	 84.473062	 84.468797	 84.464667	 84.460666	 84.456785	 84.453019	 84.449359	 84.445799	 84.442332	 84.438952	 84.435652	 84.432426	 84.429267	 84.426168	 84.423125	 84.420129	 84.417176	 84.414259	 84.411372	 84.408509	 84.405663	  84.40283	
        99	 98.806626	 98.613299	 98.420066	 98.226973	 98.034068	 97.841398	 97.649007	 97.456943	 97.265253	  97.07398	 96.883171	 96.692872	 96.503126	 96.313978	 96.125472	 95.937651	 95.750559	 95.564237	 95.378728	 95.194073	 95.010313	 94.827487	 94.645635	 94.464796	 94.285008	 94.106308	 93.928732	 93.752317	 93.577097	 93.403107	  93.23038	 93.058947	 92.888842	 92.720095	 92.552734	 92.386791	 92.222291	 92.059263	 91.897732	 91.737723	 91.579261	 91.422369	 91.267069	 91.113382	 90.961328	 90.810926	 90.662195	 90.515152	 90.369813	 90.226192	 90.084305	 89.944164	 89.805781	 89.669168	 89.534334	 89.401289	 89.270041	 89.140597	 89.012963	 88.887144	 88.763145	  88.64097	 88.520619	 88.402096	   88.2854	 88.170532	  88.05749	 87.946271	 87.836875	 87.729295	 87.623529	  87.51957	 87.417413	  87.31705	 87.218475	 87.121679	 87.026652	 86.933386	 86.841869	  86.75209	 86.664039	 86.577703	 86.493068	 86.410122	  86.32885	 86.249238	 86.171272	 86.094935	 86.020211	 85.947085	 85.875539	 85.805557	  85.73712	 85.670211	 85.604812	 85.540904	 85.478468	 85.417484	 85.357935	 85.299799	 85.243058	 85.187691	 85.133678	 85.080998	 85.029632	 84.979558	 84.930755	 84.883204	 84.836883	 84.791771	 84.747847	  84.70509	 84.663479	 84.622994	 84.583613	 84.545316	 84.508081	 84.471887	 84.436715	 84.402543	 84.369351	 84.337118	 84.305824	  84.27545	 84.245974	 84.217378	 84.189641	 84.162744	 84.136668	 84.111394	 84.086902	 84.063173	 84.040191	 84.017935	 83.996388	 83.975532	  83.95535	 83.935823	 83.916936	 83.898671	  83.88101	 83.863939	 83.847441	 83.831499	 83.816099	 83.801225	 83.786861	 83.772992	 83.759606	 83.746685	 83.734218	 83.722189	 83.710586	 83.699394	 83.688601	 83.678194	 83.668161	 83.658488	 83.649164	 83.640178	 83.631516	 83.623169	 83.615125	 83.607373	 83.599902	 83.592701	 83.585761	 83.579072	 83.572623	 83.566405	 83.560408	 83.554624	 83.549043	 83.543656	 83.538454	 83.533429	 83.528573	 83.523877	 83.519333	 83.514934	 83.510671	 83.506537	 83.502524	 83.498625	 83.494832	 83.491139	 83.487538	 83.484023	 83.480586	  83.47722	 83.473919	 83.470677	 83.467486	 83.464339	 83.461232	 83.458156	 83.455106	 83.452075	 83.449056	
        99	 98.794812	 98.589674	 98.384635	 98.179746	 97.975055	 97.770613	 97.566469	 97.362671	 97.159269	 96.956311	 96.753845	 96.551919	 96.350581	 96.149877	 95.949855	 95.750559	 95.552036	 95.354332	 95.157489	 94.961552	 94.766565	  94.57257	 94.379608	  94.18772	 93.996948	  93.80733	 93.618906	 93.431713	 93.245788	 93.061168	 92.877888	 92.695982	 92.515485	 92.336428	 92.158843	 91.982761	 91.808211	 91.635223	 91.463823	 91.294039	 91.125896	 90.959418	  90.79463	 90.631554	  90.47021	  90.31062	 90.152802	 89.996775	 89.842557	 89.690162	 89.539606	 89.390903	 89.244066	 89.099106	 88.956035	 88.814862	 88.675595	 88.538242	 88.402811	 88.269305	 88.137731	 88.008091	 87.880388	 87.754623	 87.630798	 87.508912	 87.388964	 87.270951	  87.15487	 87.040718	  86.92849	  86.81818	 86.709782	 86.603288	  86.49869	  86.39598	 86.295148	 86.196183	 86.099075	 86.003812	 85.910381	  85.81877	 85.728965	 85.640951	 85.554714	 85.470238	 85.387508	 85.306508	 85.227219	 85.149625	 85.073708	  84.99945	 84.926833	 84.855836	 84.786441	 84.718628	 84.652378	 84.587669	 84.524481	 84.462794	 84.402586	 84.343836	 84.286523	 84.230625	  84.17612	 84.122987	 84.071203	 84.020747	 83.971596	 83.923727	  83.87712	 83.831751	 83.787598	  83.74464	 83.702853	 83.662215	 83.622705	 83.584301	  83.54698	  83.51072	   83.4755	 83.441298	 83.408093	 83.375862	 83.344586	 83.314243	 83.284811	 83.256271	 83.228602	 83.201783	 83.175795	 83.150617	  83.12623	 83.102614	 83.079751	 83.057621	 83.036206	 83.015487	 82.995445	 82.976064	 82.957325	 82.939211	 82.921705	 82.904789	 82.888448	 82.872664	 82.857423	 82.842708	 82.828503	 82.814793	 82.801564	   82.7888	 82.776488	 82.764613	  82.75316	 82.742118	 82.731471	 82.721208	 82.711314	 82.701779	 82.692588	 82.683731	 82.675195	 82.666969	 82.659042	 82.651402	 82.644038	 82.636939	 82.630097	 82.623499	 82.617136	 82.610998	 82.605076	 82.599359	  82.59384	 82.588508	 82.583355	 82.578373	 82.573551	 82.568883	  82.56436	 82.559973	 82.555715	 82.551578	 82.547554	 82.543635	 82.539814	 82.536084	 82.532437	 82.528865	 82.525363	 82.521922	 82.518536	 82.515198	   82.5119	 82.508636	   82.5054	 82.502184	 82.498981	
