         0          0          0          0          0          0          0          0          0          0          0          0          0          0          0          0          0          0          0          0          0          0          0          0          0          0          0          0          0          0          0          0          0          0          0          0          0          0          0          0          0          0          0          0          0          0          0          0          0          0
         0      5e-06      9e-06    1.3e-05    1.7e-05    2.1e-05    2.4e-05    2.9e-05    3.2e-05    3.5e-05    3.8e-05      4e-05    4.3e-05    4.5e-05    4.7e-05    4.9e-05    5.1e-05    5.4e-05    5.8e-05    6.1e-05    6.5e-05    7.2e-05    7.9e-05      9e-05   0.000103    0.00012   0.000143   0.000171   0.000209   0.000257   0.000319   0.000398   0.000498   0.000624   0.000784   0.000982   0.001231   0.001541   0.001925   0.002401   0.002986   0.003705   0.004585   0.005657    0.00696   0.008539   0.010443   0.012733   0.015479   0.018759
         0      9e-06    1.7e-05    2.6e-05    3.4e-05    4.1e-05      5e-05    5.6e-05    6.3e-05    6.9e-05    7.4e-05      8e-05    8.4e-05      9e-05    9.4e-05    9.8e-05   0.000103   0.000108   0.000114   0.000121    0.00013   0.000143   0.000157   0.000178   0.000204   0.000239   0.000284   0.000342   0.000418   0.000514   0.000637   0.000795   0.000994   0.001246   0.001564   0.001961   0.002458   0.003076   0.003844   0.004793   0.005962   0.007398   0.009153   0.011294   0.013896   0.017046   0.020849   0.025423   0.030904   0.037454
         0    1.3e-05    2.6e-05    3.9e-05    5.1e-05    6.2e-05    7.4e-05    8.4e-05    9.3e-05   0.000103   0.000111   0.000119   0.000126   0.000133   0.000139   0.000146   0.000153   0.000161   0.000169   0.000181   0.000194   0.000211   0.000234   0.000265   0.000305   0.000356   0.000424   0.000511   0.000623   0.000767   0.000952   0.001188   0.001485   0.001863   0.002337   0.002932   0.003675     0.0046   0.005749   0.007168   0.008916   0.011063   0.013689   0.016892   0.020782   0.025495   0.031182   0.038022   0.046222   0.056017
         0    1.7e-05    3.4e-05    5.1e-05    6.7e-05    8.2e-05    9.7e-05    0.00011   0.000123   0.000136   0.000146   0.000157   0.000166   0.000175   0.000184   0.000192   0.000201   0.000211   0.000224   0.000238   0.000256   0.000279    0.00031    0.00035   0.000402   0.000471    0.00056   0.000676   0.000825   0.001017   0.001263   0.001574    0.00197   0.002471   0.003101   0.003891   0.004878   0.006108   0.007632   0.009516   0.011839   0.014689   0.018176   0.022429   0.027597   0.033854   0.041407   0.050491   0.061379   0.074386
         0    2.1e-05    4.1e-05    6.2e-05    8.2e-05     0.0001   0.000119   0.000136   0.000152   0.000167    0.00018   0.000193   0.000205   0.000216   0.000226   0.000237   0.000248    0.00026   0.000275   0.000293   0.000315   0.000344   0.000383   0.000433   0.000497   0.000583   0.000693   0.000837   0.001023   0.001261   0.001566   0.001955   0.002447    0.00307   0.003853   0.004836   0.006063   0.007591   0.009487   0.011831   0.014718   0.018264   0.022601   0.027889   0.034314   0.042097   0.051489   0.062785   0.076325   0.092501
         0    2.4e-05      5e-05    7.4e-05    9.7e-05   0.000119   0.000141    0.00016   0.000179   0.000196   0.000213   0.000227   0.000241   0.000254   0.000267   0.000279   0.000293   0.000307   0.000324   0.000345   0.000372   0.000407   0.000452   0.000511   0.000588    0.00069   0.000823   0.000994   0.001216   0.001499   0.001863   0.002326   0.002913   0.003656    0.00459   0.005761   0.007225   0.009048   0.011309   0.014103   0.017547   0.021774   0.026946   0.033252   0.040915   0.050195   0.061394   0.074865   0.091012   0.110301
         0    2.9e-05    5.6e-05    8.4e-05    0.00011   0.000136    0.00016   0.000183   0.000205   0.000224   0.000243    0.00026   0.000276   0.000291   0.000305   0.000319   0.000334    0.00035    0.00037   0.000394   0.000425   0.000465   0.000518   0.000586   0.000677   0.000793   0.000947   0.001145   0.001401   0.001731   0.002151   0.002688   0.003368   0.004227    0.00531   0.006666   0.008362   0.010472    0.01309   0.016327   0.020314    0.02521   0.031199   0.038502   0.047376   0.058124   0.071094   0.086695   0.105394   0.127732
         0    3.2e-05    6.3e-05    9.3e-05   0.000123   0.000152   0.000179   0.000205   0.000229   0.000251   0.000272    0.00029   0.000308   0.000324    0.00034   0.000356   0.000373   0.000391   0.000413    0.00044   0.000476   0.000521    0.00058   0.000657   0.000759   0.000892   0.001066    0.00129    0.00158   0.001953    0.00243   0.003038   0.003809   0.004783   0.006009   0.007547   0.009468   0.011859   0.014826   0.018494   0.023013    0.02856   0.035348   0.043624   0.053681   0.065859   0.080558   0.098237   0.119428   0.144741
         0    3.5e-05    6.9e-05   0.000103   0.000136   0.000167   0.000196   0.000224   0.000251   0.000275   0.000297   0.000319   0.000337   0.000355   0.000372    0.00039   0.000409   0.000429   0.000453   0.000483   0.000522   0.000572   0.000638   0.000724   0.000837   0.000986   0.001179   0.001429   0.001753   0.002168   0.002699   0.003376   0.004236   0.005321   0.006688   0.008401   0.010541   0.013206   0.016513     0.0206   0.025635   0.031817   0.039381   0.048603    0.05981   0.073381    0.08976   0.109461   0.133075   0.161283
         0    3.8e-05    7.4e-05   0.000111   0.000146    0.00018   0.000213   0.000243   0.000272   0.000297   0.000321   0.000344   0.000365   0.000383   0.000403   0.000421   0.000441   0.000463    0.00049   0.000523   0.000565    0.00062   0.000692   0.000787   0.000911   0.001074   0.001286   0.001562   0.001916   0.002374   0.002958   0.003702   0.004647    0.00584   0.007342   0.009226   0.011579    0.01451   0.018144   0.022638   0.028174   0.034971   0.043287   0.053427   0.065748   0.080669   0.098677   0.120336   0.146298   0.177313
         0      4e-05      8e-05   0.000119   0.000157   0.000193   0.000227    0.00026    0.00029   0.000319   0.000344   0.000368   0.000389    0.00041   0.000429    0.00045   0.000471   0.000495   0.000524   0.000559   0.000605   0.000664   0.000743   0.000845   0.000981   0.001158   0.001388   0.001687   0.002073    0.00257   0.003205   0.004015   0.005041   0.006339   0.007973   0.010021    0.01258   0.015766   0.019719   0.024605   0.030625   0.038016   0.047058   0.058084   0.071482   0.087706   0.107288   0.130839    0.15907   0.192794
         0    4.3e-05    8.4e-05   0.000126   0.000166   0.000205   0.000241   0.000276   0.000308   0.000337   0.000365   0.000389   0.000413   0.000434   0.000456   0.000476   0.000499   0.000525   0.000555   0.000593   0.000642   0.000706    0.00079     0.0009   0.001046   0.001237   0.001485   0.001807   0.002224   0.002759   0.003443   0.004315   0.005421   0.006819   0.008578   0.010785   0.013542   0.016975   0.021233   0.026497   0.032982   0.040944   0.050686   0.062565   0.076999   0.094478   0.115574   0.140947   0.171362   0.207693
         0    4.5e-05      9e-05   0.000133   0.000175   0.000216   0.000254   0.000291   0.000324   0.000355   0.000383    0.00041   0.000434   0.000457   0.000479   0.000501   0.000525   0.000552   0.000584   0.000625   0.000677   0.000745   0.000835   0.000953   0.001108   0.001311   0.001577   0.001922   0.002366   0.002938    0.00367   0.004602   0.005784   0.007279    0.00916   0.011517   0.014465   0.018134   0.022685   0.028312   0.035243   0.043754   0.054167   0.066863   0.082291   0.100974   0.123522   0.150642    0.18315   0.221984
         0    4.7e-05    9.4e-05   0.000139   0.000184   0.000226   0.000267   0.000305    0.00034   0.000372   0.000403   0.000429   0.000456   0.000479   0.000502   0.000526   0.000551   0.000578   0.000613   0.000655   0.000711   0.000784   0.000878   0.001003   0.001168   0.001384   0.001666   0.002031   0.002504   0.003111   0.003888   0.004877   0.006132   0.007719   0.009715   0.012219   0.015348   0.019242   0.024074   0.030047   0.037406   0.046441   0.057494   0.070973    0.08735   0.107183    0.13112   0.159911    0.19442   0.235645
         0    4.9e-05    9.8e-05   0.000146   0.000192   0.000237   0.000279   0.000319   0.000356    0.00039   0.000421    0.00045   0.000476   0.000501   0.000526    0.00055   0.000576   0.000606   0.000642   0.000687   0.000745   0.000822   0.000921   0.001054   0.001228   0.001455   0.001753   0.002139   0.002637   0.003278   0.004097   0.005141   0.006466    0.00814   0.010247   0.012889   0.016191   0.020301     0.0254   0.031703   0.039469   0.049003   0.060667    0.07489   0.092172   0.113102   0.138361   0.168742   0.205159   0.248661
         0    5.1e-05   0.000103   0.000153   0.000201   0.000248   0.000293   0.000334   0.000373   0.000409   0.000441   0.000471   0.000499   0.000525   0.000551   0.000576   0.000604   0.000635   0.000673    0.00072   0.000781   0.000862   0.000967   0.001106   0.001288   0.001528    0.00184   0.002246   0.002768   0.003442   0.004302   0.005398   0.006789   0.008546   0.010758   0.013532   0.016997   0.021312   0.026664   0.033281   0.041432   0.051439   0.063684   0.078614   0.096755   0.118725    0.14524   0.177131   0.215357   0.261022
         0    5.4e-05   0.000108   0.000161   0.000211    0.00026   0.000307    0.00035   0.000391   0.000429   0.000463   0.000495   0.000525   0.000552   0.000578   0.000606   0.000635   0.000669   0.000708   0.000758   0.000822   0.000906   0.001017   0.001162   0.001353   0.001604    0.00193   0.002353   0.002901   0.003603   0.004503   0.005648   0.007101   0.008937   0.011248   0.014146   0.017767   0.022276   0.027868   0.034781   0.043298   0.053754   0.066547   0.082145     0.1011   0.124053   0.151755   0.185075   0.225013   0.272724
         0    5.8e-05   0.000114   0.000169   0.000224   0.000275   0.000324    0.00037   0.000413   0.000453    0.00049   0.000524   0.000555   0.000584   0.000613   0.000642   0.000673   0.000708    0.00075   0.000803   0.000871   0.000958   0.001073   0.001226   0.001425   0.001686   0.002026   0.002467   0.003037   0.003768   0.004704   0.005897   0.007409   0.009319   0.011724   0.014739   0.018507   0.023197   0.029016   0.036208   0.045069   0.055948   0.069258   0.085487   0.105207   0.129089   0.157911   0.192577    0.23413   0.283768
         0    6.1e-05   0.000121   0.000181   0.000238   0.000293   0.000345   0.000394    0.00044   0.000483   0.000523   0.000559   0.000593   0.000625   0.000655   0.000687    0.00072   0.000758   0.000803   0.000858    0.00093   0.001021   0.001142     0.0013   0.001508   0.001779   0.002132    0.00259   0.003181   0.003939    0.00491   0.006147   0.007714   0.009695   0.012188   0.015314   0.019219   0.024081   0.030112   0.037568   0.046752   0.058028   0.071823   0.088645   0.109085   0.133838   0.163712   0.199643   0.242712   0.294162
         0    6.5e-05    0.00013   0.000194   0.000256   0.000315   0.000372   0.000425   0.000476   0.000522   0.000565   0.000605   0.000642   0.000677   0.000711   0.000745   0.000781   0.000822   0.000871    0.00093   0.001004   0.001101   0.001226   0.001391   0.001607   0.001889   0.002255   0.002728    0.00334   0.004124   0.005128   0.006405   0.008026   0.010072   0.012648   0.015877   0.019912   0.024934   0.031164   0.038865   0.048353   0.060001   0.074251   0.091627   0.112741   0.138311   0.169169   0.206284   0.250773   0.303919
         0    7.2e-05   0.000143   0.000211   0.000279   0.000344   0.000407   0.000465   0.000521   0.000572    0.00062   0.000664   0.000706   0.000745   0.000784   0.000822   0.000862   0.000906   0.000958   0.001021   0.001101   0.001202   0.001334   0.001506   0.001729   0.002021   0.002399   0.002889    0.00352   0.004329   0.005363   0.006679   0.008349   0.010458   0.013111   0.016436   0.020592   0.025764    0.03218   0.040112   0.049881   0.061877   0.076552   0.094445   0.116187   0.142518   0.174296   0.212515   0.258328   0.313056
         0    7.9e-05   0.000157   0.000234    0.00031   0.000383   0.000452   0.000518    0.00058   0.000638   0.000692   0.000743    0.00079   0.000835   0.000878   0.000921   0.000967   0.001017   0.001073   0.001142   0.001226   0.001334   0.001472   0.001651   0.001883   0.002185   0.002575    0.00308    0.00373   0.004562   0.005626    0.00698   0.008695    0.01086   0.013586   0.017003    0.02127   0.026582   0.033171   0.041317    0.05135   0.063667   0.078737   0.097112   0.119439   0.146477   0.179109   0.218356   0.265401   0.321599
         0      9e-05   0.000178   0.000265    0.00035   0.000433   0.000511   0.000586   0.000657   0.000724   0.000787   0.000845     0.0009   0.000953   0.001003   0.001054   0.001106   0.001162   0.001226     0.0013   0.001391   0.001506   0.001651   0.001838   0.002079   0.002391   0.002794   0.003314   0.003981   0.004836   0.005927   0.007316   0.009074   0.011295   0.014088   0.017588   0.021961   0.027402   0.034152   0.042495   0.052773   0.065389   0.080825   0.099645   0.122515   0.150209   0.183632   0.223831   0.272017   0.329578
         0   0.000103   0.000204   0.000305   0.000402   0.000497   0.000588   0.000677   0.000759   0.000837   0.000911   0.000981   0.001046   0.001108   0.001168   0.001228   0.001288   0.001353   0.001425   0.001508   0.001607   0.001729   0.001883   0.002079    0.00233   0.002653   0.003068   0.003603   0.004288   0.005166   0.006284   0.007705   0.009504   0.011775   0.014631   0.018209   0.022678   0.028241   0.035138   0.043665   0.054168   0.067061   0.082836   0.102068   0.125437   0.153737   0.187891    0.22897   0.278209   0.337028
         0    0.00012   0.000239   0.000356   0.000471   0.000583    0.00069   0.000793   0.000892   0.000986   0.001074   0.001158   0.001237   0.001311   0.001384   0.001455   0.001528   0.001604   0.001686   0.001779   0.001889   0.002021   0.002185   0.002391   0.002653   0.002988   0.003417   0.003967    0.00467   0.005569   0.006713   0.008164   0.010002    0.01232   0.015235   0.018885   0.023445   0.029117   0.036154   0.044848    0.05556   0.068707   0.084792   0.104405   0.128235   0.157092   0.191919   0.233806   0.284014   0.343991
         0   0.000143   0.000284   0.000424    0.00056   0.000693   0.000823   0.000947   0.001066   0.001179   0.001286   0.001388   0.001485   0.001577   0.001666   0.001753    0.00184    0.00193   0.002026   0.002132   0.002255   0.002399   0.002575   0.002794   0.003068   0.003417    0.00386   0.004427   0.005148   0.006067   0.007236   0.008719   0.010593   0.012955   0.015924   0.019642   0.024285    0.03006   0.037222   0.046074   0.056975   0.070357   0.086728   0.106688    0.13094    0.16031   0.195753   0.238382   0.289479   0.350518
         0   0.000171   0.000342   0.000511   0.000676   0.000837   0.000994   0.001145    0.00129   0.001429   0.001562   0.001687   0.001807   0.001922   0.002031   0.002139   0.002246   0.002353   0.002467    0.00259   0.002728   0.002889    0.00308   0.003314   0.003603   0.003967   0.004427    0.00501    0.00575   0.006691   0.007884   0.009395   0.011305   0.013709   0.016729   0.020511   0.025229   0.031099   0.038378   0.047372   0.058449   0.072045   0.088678   0.108956   0.133595   0.163431   0.199438   0.242745   0.294656   0.356665
         0   0.000209   0.000418   0.000623   0.000825   0.001023   0.001216   0.001401    0.00158   0.001753   0.001916   0.002073   0.002224   0.002366   0.002504   0.002637   0.002768   0.002901   0.003037   0.003181    0.00334    0.00352    0.00373   0.003981   0.004288    0.00467   0.005148    0.00575   0.006511   0.007474   0.008693   0.010232   0.012175   0.014619   0.017687   0.021527   0.026318   0.032275    0.03966   0.048785   0.060023   0.073814   0.090686   0.111254   0.136246   0.166508   0.203029   0.246955   0.299604   0.362497
         0   0.000257   0.000514   0.000767   0.001017   0.001261   0.001499   0.001731   0.001953   0.002168   0.002374    0.00257   0.002759   0.002938   0.003111   0.003278   0.003442   0.003603   0.003768   0.003939   0.004124   0.004329   0.004562   0.004836   0.005166   0.005569   0.006067   0.006691   0.007474    0.00846   0.009704   0.011273   0.013249   0.015732   0.018846   0.022741   0.027598   0.033636   0.041119   0.050364   0.061748   0.075718   0.092807    0.11364   0.138951   0.169601   0.206589   0.251075   0.304395   0.368091
         0   0.000319   0.000637   0.000952   0.001263   0.001566   0.001863   0.002151    0.00243   0.002699   0.002958   0.003205   0.003443    0.00367   0.003888   0.004097   0.004302   0.004503   0.004704    0.00491   0.005128   0.005363   0.005626   0.005927   0.006284   0.006713   0.007236   0.007884   0.008693   0.009704   0.010976   0.012575   0.014583   0.017105   0.020263    0.02421   0.029129   0.035241   0.042815   0.052169   0.063687   0.077819   0.095106   0.116178    0.14178   0.172781    0.21019   0.255184   0.309113   0.373534
         0   0.000398   0.000795   0.001188   0.001574   0.001955   0.002326   0.002688   0.003038   0.003376   0.003702   0.004015   0.004315   0.004602   0.004877   0.005141   0.005398   0.005648   0.005897   0.006147   0.006405   0.006679    0.00698   0.007316   0.007705   0.008164   0.008719   0.009395   0.010232   0.011273   0.012575   0.014205   0.016247   0.018807   0.022008   0.026004   0.030981   0.037164   0.044821   0.054276   0.065916   0.080196   0.097661   0.118951   0.144816   0.176132   0.213923   0.259375   0.313853   0.378927
         0   0.000498   0.000994   0.001485    0.00197   0.002447   0.002913   0.003368   0.003809   0.004236   0.004647   0.005041   0.005421   0.005784   0.006132   0.006466   0.006789   0.007101   0.007409   0.007714   0.008026   0.008349   0.008695   0.009074   0.009504   0.010002   0.010593   0.011305   0.012175   0.013249   0.014583   0.016247   0.018327   0.020925   0.024168   0.028213   0.033246   0.039494   0.047228   0.056777   0.068527   0.082943    0.10057   0.122055   0.148157   0.179758   0.217893   0.263757   0.318727    0.38439
         0   0.000624   0.001246   0.001863   0.002471    0.00307   0.003656   0.004227   0.004783   0.005321    0.00584   0.006339   0.006819   0.007279   0.007719    0.00814   0.008546   0.008937   0.009319   0.009695   0.010072   0.010458    0.01086   0.011295   0.011775    0.01232   0.012955   0.013709   0.014619   0.015732   0.017105   0.018807   0.020925   0.023563    0.02685   0.030943    0.03603    0.04234   0.050147   0.059781   0.071633   0.086171   0.103945   0.125609   0.151922   0.183782   0.222225   0.268458    0.32387   0.390059
         0   0.000784   0.001564   0.002337   0.003101   0.003853    0.00459    0.00531   0.006009   0.006688   0.007342   0.007973   0.008578    0.00916   0.009715   0.010247   0.010758   0.011248   0.011724   0.012188   0.012648   0.013111   0.013586   0.014088   0.014631   0.015235   0.015924   0.016729   0.017687   0.018846   0.020263   0.022008   0.024168    0.02685   0.030183   0.034324   0.039464   0.045835   0.053711   0.063425   0.075372   0.090021   0.107929   0.129752   0.156258   0.188347   0.227067    0.27363   0.329437   0.396098
         0   0.000982   0.001961   0.002932   0.003891   0.004836   0.005761   0.006666   0.007547   0.008401   0.009226   0.010021   0.010785   0.011517   0.012219   0.012889   0.013532   0.014146   0.014739   0.015314   0.015877   0.016436   0.017003   0.017588   0.018209   0.018885   0.019642   0.020511   0.021527   0.022741    0.02421   0.026004   0.028213   0.030943   0.034324   0.038516   0.043711    0.05014   0.058082   0.067871   0.079906   0.094659   0.112688   0.134656   0.161335   0.193629   0.232596   0.279454   0.335613   0.402693
         0   0.001231   0.002458   0.003675   0.004878   0.006063   0.007225   0.008362   0.009468   0.010541   0.011579    0.01258   0.013542   0.014465   0.015348   0.016191   0.016997   0.017767   0.018507   0.019219   0.019912   0.020592    0.02127   0.021961   0.022678   0.023445   0.024285   0.025229   0.026318   0.027598   0.029129   0.030981   0.033246    0.03603   0.039464   0.043711   0.048961    0.05545   0.063457   0.073319   0.085436   0.100283   0.118424   0.140523   0.167357   0.199839   0.239026   0.286147   0.342619   0.410072
         0   0.001541   0.003076     0.0046   0.006108   0.007591   0.009048   0.010472   0.011859   0.013206    0.01451   0.015766   0.016975   0.018134   0.019242   0.020301   0.021312   0.022276   0.023197   0.024081   0.024934   0.025764   0.026582   0.027402   0.028241   0.029117    0.03006   0.031099   0.032275   0.033636   0.035241   0.037164   0.039494    0.04234   0.045835    0.05014    0.05545      0.062   0.070073   0.080006   0.092201   0.107137   0.125381     0.1476   0.174575   0.207223   0.246606   0.293962   0.350712   0.418494
         0   0.001925   0.003844   0.005749   0.007632   0.009487   0.011309    0.01309   0.014826   0.016513   0.018144   0.019719   0.021233   0.022685   0.024074     0.0254   0.026664   0.027868   0.029016   0.030112   0.031164    0.03218   0.033171   0.034152   0.035138   0.036154   0.037222   0.038378    0.03966   0.041119   0.042815   0.044821   0.047228   0.050147   0.053711   0.058082   0.063457   0.070073   0.078213   0.088216   0.100488   0.115509    0.13385   0.156178   0.183281   0.216078   0.255638   0.303203     0.3602   0.428274
         0   0.002401   0.004793   0.007168   0.009516   0.011831   0.014103   0.016327   0.018494     0.0206   0.022638   0.024605   0.026497   0.028312   0.030047   0.031703   0.033281   0.034781   0.036208   0.037568   0.038865   0.040112   0.041317   0.042495   0.043665   0.044848   0.046074   0.047372   0.048785   0.050364   0.052169   0.054276   0.056777   0.059781   0.063425   0.067871   0.073319   0.080006   0.088216   0.098292   0.110641   0.125745   0.144176   0.166606   0.193828    0.22676   0.266478   0.314228   0.371444   0.439777
         0   0.002986   0.005962   0.008916   0.011839   0.014718   0.017547   0.020314   0.023013   0.025635   0.028174   0.030625   0.032982   0.035243   0.037406   0.039469   0.041432   0.043298   0.045069   0.046752   0.048353   0.049881    0.05135   0.052773   0.054168    0.05556   0.056975   0.058449   0.060023   0.061748   0.063687   0.065916   0.068527   0.071633   0.075372   0.079906   0.085436   0.092201   0.100488   0.110641   0.123067   0.138254   0.156772     0.1793   0.206629   0.239686   0.279547   0.327463   0.384873   0.453434
         0   0.003705   0.007398   0.011063   0.014689   0.018264   0.021774    0.02521    0.02856   0.031817   0.034971   0.038016   0.040944   0.043754   0.046441   0.049003   0.051439   0.053754   0.055948   0.058028   0.060001   0.061877   0.063667   0.065389   0.067061   0.068707   0.070357   0.072045   0.073814   0.075718   0.077819   0.080196   0.082943   0.086171   0.090021   0.094659   0.100283   0.107137   0.115509   0.125745   0.138254   0.153523   0.172129    0.19475   0.222181   0.255352   0.295344   0.343408   0.400992   0.469754
         0   0.004585   0.009153   0.013689   0.018176   0.022601   0.026946   0.031199   0.035348   0.039381   0.043287   0.047058   0.050686   0.054167   0.057494   0.060667   0.063684   0.066547   0.069258   0.071823   0.074251   0.076552   0.078737   0.080825   0.082836   0.084792   0.086728   0.088678   0.090686   0.092807   0.095106   0.097661    0.10057   0.103945   0.107929   0.112688   0.118424   0.125381    0.13385   0.144176   0.156772   0.172129   0.190824   0.213536   0.241066   0.274344   0.314455   0.362655   0.420393   0.489333
         0   0.005657   0.011294   0.016892   0.022429   0.027889   0.033252   0.038502   0.043624   0.048603   0.053427   0.058084   0.062565   0.066863   0.070973    0.07489   0.078614   0.082145   0.085487   0.088645   0.091627   0.094445   0.097112   0.099645   0.102068   0.104405   0.106688   0.108956   0.111254    0.11364   0.116178   0.118951   0.122055   0.125609   0.129752   0.134656   0.140523     0.1476   0.156178   0.166606     0.1793    0.19475   0.213536   0.236342   0.263969   0.297349   0.337572   0.385895   0.443772   0.512872
         0    0.00696   0.013896   0.020782   0.027597   0.034314   0.040915   0.047376   0.053681    0.05981   0.065748   0.071482   0.076999   0.082291    0.08735   0.092172   0.096755     0.1011   0.105207   0.109085   0.112741   0.116187   0.119439   0.122515   0.125437   0.128235    0.13094   0.133595   0.136246   0.138951    0.14178   0.144816   0.148157   0.151922   0.156258   0.161335   0.167357   0.174575   0.183281   0.193828   0.206629   0.222181   0.241066   0.263969   0.291691   0.325172     0.3655   0.413939   0.471943   0.541187
         0   0.008539   0.017046   0.025495   0.033854   0.042097   0.050195   0.058124   0.065859   0.073381   0.080669   0.087706   0.094478   0.100974   0.107183   0.113102   0.118725   0.124053   0.129089   0.133838   0.138311   0.142518   0.146477   0.150209   0.153737   0.157092    0.16031   0.163431   0.166508   0.169601   0.172781   0.176132   0.179758   0.183782   0.188347   0.193629   0.199839   0.207223   0.216078    0.22676   0.239686   0.255352   0.274344   0.297349   0.325172   0.358753   0.399185   0.447732   0.505855   0.575227
         0   0.010443   0.020849   0.031182   0.041407   0.051489   0.061394   0.071094   0.080558    0.08976   0.098677   0.107288   0.115574   0.123522    0.13112   0.138361    0.14524   0.151755   0.157911   0.163712   0.169169   0.174296   0.179109   0.183632   0.187891   0.191919   0.195753   0.199438   0.203029   0.206589    0.21019   0.213923   0.217893   0.222225   0.227067   0.232596   0.239026   0.246606   0.255638   0.266478   0.279547   0.295344   0.314455   0.337572     0.3655   0.399185    0.43972   0.488373   0.546606   0.616098
         0   0.012733   0.025423   0.038022   0.050491   0.062785   0.074865   0.086695   0.098237   0.109461   0.120336   0.130839   0.140947   0.150642   0.159911   0.168742   0.177131   0.185075   0.192577   0.199643   0.206284   0.212515   0.218356   0.223831    0.22897   0.233806   0.238382   0.242745   0.246955   0.251075   0.255184   0.259375   0.263757   0.268458    0.27363   0.279454   0.286147   0.293962   0.303203   0.314228   0.327463   0.343408   0.362655   0.385895   0.413939   0.447732   0.488373   0.537131   0.595471   0.665075
         0   0.015479   0.030904   0.046222   0.061379   0.076325   0.091012   0.105394   0.119428   0.133075   0.146298    0.15907   0.171362    0.18315    0.19442   0.205159   0.215357   0.225013    0.23413   0.242712   0.250773   0.258328   0.265401   0.272017   0.278209   0.284014   0.289479   0.294656   0.299604   0.304395   0.309113   0.313853   0.318727    0.32387   0.329437   0.335613   0.342619   0.350712     0.3602   0.371444   0.384873   0.400992   0.420393   0.443772   0.471943   0.505855   0.546606   0.595471   0.653917   0.723628
         0   0.018759   0.037454   0.056017   0.074386   0.092501   0.110301   0.127732   0.144741   0.161283   0.177313   0.192794   0.207693   0.221984   0.235645   0.248661   0.261022   0.272724   0.283768   0.294162   0.303919   0.313056   0.321599   0.329578   0.337028   0.343991   0.350518   0.356665   0.362497   0.368091   0.373534   0.378927    0.38439   0.390059   0.396098   0.402693   0.410072   0.418494   0.428274   0.439777   0.453434   0.469754   0.489333   0.512872   0.541187   0.575227   0.616098   0.665075   0.723628   0.793443