         0          0          0          0          0          0          0          0          0          0          0          0          0          0          0          0          0          0          0          0          0          0          0          0          0          0          0          0          0          0          0          0          0          0          0          0          0          0          0          0          0          0          0          0          0          0          0          0          0          0
         0    2.6e-05    5.3e-05      8e-05    0.00011    0.00014   0.000174   0.000212   0.000253   0.000299   0.000352   0.000412   0.000482   0.000563   0.000656   0.000765   0.000891    0.00104   0.001215   0.001418   0.001657   0.001936   0.002264   0.002646   0.003092   0.003613   0.004219   0.004923    0.00574   0.006688   0.007783   0.009046   0.010501   0.012176   0.014096   0.016296    0.01881   0.021678   0.024943   0.028652   0.032856   0.037614   0.042986   0.049039   0.055846   0.063485   0.072039   0.081599    0.09226   0.104126
         0    5.3e-05   0.000107   0.000162   0.000221   0.000284   0.000352   0.000427    0.00051   0.000603   0.000709   0.000829   0.000969    0.00113   0.001317   0.001534   0.001789   0.002086   0.002434   0.002842   0.003319   0.003879   0.004532   0.005297   0.006188   0.007229   0.008439   0.009847    0.01148   0.013373   0.015561   0.018086   0.020994   0.024338   0.028176    0.03257   0.037593   0.043323   0.049846   0.057256   0.065658   0.075163   0.085896    0.09799   0.111589   0.126851   0.143941   0.163041   0.184342    0.20805
         0      8e-05   0.000162   0.000247   0.000337   0.000431   0.000535   0.000648   0.000773   0.000914   0.001074   0.001256   0.001466   0.001708   0.001989   0.002316   0.002698   0.003144   0.003667   0.004277   0.004994   0.005831   0.006811   0.007956   0.009293   0.010851   0.012665   0.014774    0.01722   0.020054   0.023329   0.027111   0.031467   0.036476   0.042222   0.048803   0.056326   0.064906   0.074673   0.085769    0.09835   0.112583   0.128655   0.146764   0.167128   0.189981   0.215572   0.244173   0.276069   0.311569
         0    0.00011   0.000221   0.000337   0.000457   0.000586   0.000726   0.000879   0.001048   0.001238   0.001453   0.001697   0.001978   0.002303   0.002678   0.003116   0.003625   0.004221   0.004917   0.005732   0.006686   0.007802   0.009107   0.010631    0.01241   0.014484   0.016898   0.019703   0.022959   0.026729   0.031088   0.036119   0.041914   0.048576    0.05622   0.064975   0.074981   0.086394   0.099386   0.114145    0.13088   0.149812    0.17119   0.195278   0.222365   0.252761   0.286801   0.324843   0.367269   0.414487
         0    0.00014   0.000284   0.000431   0.000586   0.000752   0.000929   0.001123   0.001338   0.001578    0.00185   0.002158   0.002512    0.00292   0.003391   0.003939   0.004577   0.005322   0.006194   0.007212   0.008404   0.009796   0.011425   0.013328   0.015548   0.018134   0.021144   0.024642     0.0287     0.0334   0.038833   0.045103   0.052326   0.060629   0.070157   0.081067   0.093537    0.10776    0.12395   0.142344   0.163197   0.186791   0.213429   0.243447   0.277201   0.315079   0.357497   0.404902   0.457771   0.516611
         0   0.000174   0.000352   0.000535   0.000726   0.000929   0.001148   0.001386   0.001649   0.001942   0.002272   0.002646   0.003075   0.003567   0.004136   0.004796   0.005564    0.00646   0.007505   0.008727   0.010155   0.011825   0.013776   0.016054   0.018711   0.021806   0.025408   0.029593   0.034446   0.040068   0.046566   0.054064     0.0627   0.072628    0.08402   0.097065   0.111974   0.128979   0.148335   0.170325   0.195255   0.223462   0.255309   0.291194   0.331547    0.37683   0.427539   0.484211   0.547414   0.617756
         0   0.000212   0.000427   0.000648   0.000879   0.001123   0.001386   0.001671   0.001985   0.002334   0.002725   0.003168   0.003673   0.004252   0.004921   0.005695   0.006594   0.007641   0.008862   0.010287   0.011952   0.013897   0.016168   0.018819    0.02191    0.02551   0.029698   0.034563   0.040205   0.046738   0.054288   0.063001   0.073035    0.08457   0.097804   0.112957   0.130275   0.150029   0.172513   0.198055   0.227012   0.259775   0.296767   0.338448   0.385318   0.437913   0.496812   0.562635   0.636044   0.717746
         0   0.000253    0.00051   0.000773   0.001048   0.001338   0.001649   0.001985   0.002353   0.002761   0.003217   0.003732   0.004317   0.004987   0.005757   0.006646   0.007678   0.008878   0.010275   0.011904   0.013805   0.016025   0.018615   0.021636   0.025158   0.029258   0.034026   0.039563   0.045983   0.053417   0.062007   0.071918   0.083331    0.09645   0.111501   0.128735   0.148429   0.170891   0.196459   0.225504   0.258431   0.295684   0.337746    0.38514   0.438433   0.498236   0.565207   0.640049   0.723518   0.816413
         0   0.000299   0.000603   0.000914   0.001238   0.001578   0.001942   0.002334   0.002761   0.003233   0.003758   0.004349   0.005017    0.00578   0.006655   0.007663    0.00883   0.010184   0.011759   0.013593   0.015731   0.018224   0.021132   0.024521   0.028469   0.033063   0.038405   0.044606   0.051795   0.060116   0.069732   0.080823   0.093594   0.108274   0.125112   0.144393   0.166427   0.191555   0.220157   0.252647    0.28948   0.331151   0.378199   0.431212   0.490823   0.557715   0.632625   0.716339     0.8097   0.913607
         0   0.000352   0.000709   0.001074   0.001453    0.00185   0.002272   0.002725   0.003217   0.003758   0.004358   0.005028   0.005786   0.006646    0.00763    0.00876   0.010065   0.011577   0.013331   0.015371   0.017745   0.020512   0.023735    0.02749    0.03186   0.036945   0.042852   0.049709   0.057655    0.06685   0.077475   0.089728   0.103834   0.120048   0.138644   0.159936   0.184266   0.212013   0.243594   0.279466   0.320134   0.366142   0.418087   0.476616   0.542428   0.616279   0.698979     0.7914   0.894472   1.009185
         0   0.000412   0.000829   0.001256   0.001697   0.002158   0.002646   0.003168   0.003732   0.004349   0.005028   0.005787   0.006637   0.007601   0.008698   0.009956   0.011403   0.013075   0.015011   0.017258   0.019871   0.022911   0.026449   0.030565   0.035355   0.040924    0.04739   0.054892   0.063585    0.07364   0.085255   0.098649   0.114067   0.131785   0.152106    0.17537   0.201952   0.232265   0.266766   0.305954   0.350378   0.400635   0.457376   0.521308   0.593196   0.673862   0.764195   0.865145   0.977726   1.103023
         0   0.000482   0.000969   0.001466   0.001978   0.002512   0.003075   0.003673   0.004317   0.005017   0.005786   0.006637    0.00759   0.008663    0.00988    0.01127   0.012865   0.014701   0.016822    0.01928   0.022133   0.025445   0.029297   0.033774    0.03898   0.045026   0.052045   0.060184   0.069609    0.08051   0.093098   0.107611   0.124315   0.143506   0.165516   0.190711   0.219497    0.25232   0.289677   0.332108   0.380205   0.434617   0.496047   0.565262   0.643088   0.730417    0.82821   0.937496   1.059374   1.195016
         0   0.000563    0.00113   0.001708   0.002303    0.00292   0.003567   0.004252   0.004987    0.00578   0.006646   0.007601   0.008663   0.009854   0.011199   0.012727   0.014475   0.016481   0.018793   0.021464   0.024558   0.028147   0.032313    0.03715   0.042767   0.049287    0.05685   0.065616   0.075763   0.087493   0.101035   0.116644   0.134606    0.15524   0.178901   0.205982    0.23692   0.272195    0.31234   0.357936   0.409619   0.468085   0.534092   0.608459   0.692079   0.785908   0.890979   1.008396   1.139342   1.285074
         0   0.000656   0.001317   0.001989   0.002678   0.003391   0.004136   0.004921   0.005757   0.006655    0.00763   0.008698    0.00988   0.011199    0.01268   0.014356   0.016265   0.018448   0.020955   0.023847   0.027186   0.031052   0.035533   0.040729   0.046756   0.053744   0.061846   0.071228   0.082083   0.094628   0.109105   0.125787   0.144979   0.167021   0.192292   0.221213   0.254251   0.291917   0.334779   0.383458   0.438634   0.501048   0.571511   0.650898   0.740159   0.840316   0.952471   1.077804   1.217576   1.373131
         0   0.000765   0.001534   0.002316   0.003116   0.003939   0.004796   0.005695   0.006646   0.007663    0.00876   0.009956    0.01127   0.012727   0.014356    0.01619    0.01827   0.020638    0.02335   0.026466   0.030056   0.034203   0.039001   0.044556    0.05099   0.058445   0.067078   0.077068   0.088621   0.101963   0.117356   0.135086   0.155479   0.178895   0.205737   0.236451   0.271532   0.311524    0.35703   0.408707   0.467279   0.533532   0.608325   0.692589    0.78733   0.893636   1.012674   1.145697   1.294045    1.45914
         0   0.000891   0.001789   0.002698   0.003625   0.004577   0.005564   0.006594   0.007678    0.00883   0.010065   0.011403   0.012865   0.014475   0.016265    0.01827    0.02053   0.023095    0.02602   0.029369   0.033217   0.037651    0.04277   0.048685   0.055527   0.063444   0.072603   0.083193    0.09543   0.109557   0.125845   0.144599   0.166164   0.190919    0.21929   0.251748   0.288815   0.331068    0.37914   0.433729   0.495595   0.565574   0.644567   0.733561   0.833617   0.945885   1.071597   1.212076   1.368735   1.543082
         0    0.00104   0.002086   0.003144   0.004221   0.005322    0.00646   0.007641   0.008878   0.010184   0.011577   0.013075   0.014701   0.016481   0.018448   0.020638   0.023095   0.025868   0.029018   0.032611   0.036726   0.041454   0.046899   0.053178   0.060429   0.068807   0.078488   0.089671   0.102583   0.117478   0.134642   0.154397   0.177104   0.203163   0.233021   0.267173   0.306168   0.350613   0.401174   0.458584   0.523643   0.597227   0.680289   0.773861   0.879062     0.9971   1.129269   1.276962   1.441664   1.624958
         0   0.001215   0.002434   0.003667   0.004917   0.006194   0.007505   0.008862   0.010275   0.011759   0.013331   0.015011   0.016822   0.018793   0.020955    0.02335    0.02602   0.029018   0.032407   0.036257    0.04065   0.045681   0.051459   0.058108   0.065772    0.07461    0.08481    0.09658   0.110157   0.125806   0.143829   0.164562   0.188382    0.21571   0.247012   0.282808   0.323672   0.370241   0.423211    0.48335   0.551497   0.628567    0.71556   0.813556   0.923728   1.047337   1.185743   1.340401   1.512869   1.704802
         0   0.001418   0.002842   0.004277   0.005732   0.007212   0.008727   0.010287   0.011904   0.013593   0.015371   0.017258    0.01928   0.021464   0.023847   0.026466   0.029369   0.032611   0.036257    0.04038   0.045065   0.050412   0.056533    0.06356   0.071639   0.080943   0.091661   0.104013   0.118247   0.134639   0.153503   0.175192   0.200097   0.228658   0.261362   0.298753   0.341428   0.390051    0.44535   0.508124   0.579252   0.659688   0.750473   0.852735   0.967699    1.09668   1.241096   1.402468   1.582418   1.782675
         0   0.001657   0.003319   0.004994   0.006686   0.008404   0.010155   0.011952   0.013805   0.015731   0.017745   0.019871   0.022133   0.024558   0.027186   0.030056   0.033217   0.036726    0.04065   0.045065   0.050059   0.055738   0.062215   0.069631   0.078136   0.087906   0.099146   0.112078   0.126963   0.144087   0.163778   0.186401   0.212365   0.242125   0.276191   0.315125   0.359553    0.41016   0.467707   0.533026   0.607026   0.690704    0.78514   0.891511   1.011086   1.145235   1.295434   1.463262   1.650409    1.85867
         0   0.001936   0.003879   0.005831   0.007802   0.009796   0.011825   0.013897   0.016025   0.018224   0.020512   0.022911   0.025445   0.028147   0.031052   0.034203   0.037651   0.041454   0.045681   0.050412   0.055738   0.061765   0.068617   0.076434   0.085374   0.095622   0.107386     0.1209   0.136431    0.15428   0.174783   0.198322   0.225319   0.256247   0.291635   0.332065   0.378185    0.43071   0.490424   0.558194    0.63496   0.721756   0.819704   0.930022   1.054026    1.19314    1.34889   1.522917    1.71697   1.932913
         0   0.002264   0.004532   0.006811   0.009107   0.011425   0.013776   0.016168   0.018615   0.021132   0.023735   0.026449   0.029297   0.032313   0.035533   0.039001    0.04277   0.046899   0.051459   0.056533   0.062215   0.068617   0.075863     0.0841   0.093491   0.104227   0.116524   0.130623     0.1468   0.165367   0.186673    0.21111   0.239118   0.271183   0.307854   0.349733   0.397491   0.451864   0.513668   0.583795    0.66322   0.753012   0.854331   0.968435   1.096689    1.24056   1.401632   1.581597   1.782267   2.005568
         0   0.002646   0.005297   0.007956   0.010631   0.013328   0.016054   0.018819   0.021636   0.024521    0.02749   0.030565   0.033774    0.03715   0.040729   0.044556   0.048685   0.053178   0.058108    0.06356   0.069631   0.076434     0.0841   0.092778   0.102639   0.113879    0.12672    0.14141   0.158238   0.177521   0.199621   0.224943    0.25394   0.287116   0.325034   0.368317   0.417657   0.473815    0.53763   0.610023   0.692002   0.784668   0.889218    1.00695   1.139271   1.287697   1.453859   1.639504   1.846499   2.076835
         0   0.003092   0.006188   0.009293    0.01241   0.015548   0.018711    0.02191   0.025158   0.028469    0.03186   0.035355    0.03898   0.042767   0.046756    0.05099   0.055527   0.060429   0.065772   0.071639   0.078136   0.085374   0.093491   0.102639   0.112995   0.124759   0.138159   0.153454   0.170937   0.190939   0.213829   0.240026   0.269995   0.304256   0.343389   0.388034   0.438904   0.496783   0.562534   0.637105   0.721535   0.816954   0.924596   1.045799   1.182009   1.334786   1.505809   1.696875   1.909909   2.146955
         0   0.003613   0.007229   0.010851   0.014484   0.018134   0.021806    0.02551   0.029258   0.033063   0.036945   0.040924   0.045026   0.049287   0.053744   0.058445   0.063444   0.068807    0.07461   0.080943   0.087906   0.095622   0.104227   0.113879   0.124759   0.137072   0.151054   0.166969    0.18512   0.205846   0.229527   0.256592    0.28752   0.322845   0.363162   0.409132   0.461483   0.521022   0.588637     0.6653   0.752079   0.850135   0.960735   1.085253   1.225174   1.382102   1.557759   1.753994   1.972778   2.216216
         0   0.004219   0.008439   0.012665   0.016898   0.021144   0.025408   0.029698   0.034026   0.038405   0.042852    0.04739   0.052045    0.05685   0.061846   0.067078   0.072603   0.078488    0.08481   0.091661   0.099146   0.107386   0.116524    0.12672   0.138159   0.151054   0.165645   0.182203   0.201039   0.222499   0.246976   0.274907   0.306786   0.343158   0.384635   0.431892   0.485679   0.546822   0.616232   0.694905   0.783935   0.884514    0.99794   1.125622   1.269082   1.429963   1.610031   1.811182   2.035437    2.28495
         0   0.004923   0.009847   0.014774   0.019703   0.024642   0.029593   0.034563   0.039563   0.044606   0.049709   0.054892   0.060184   0.065616   0.071228   0.077068   0.083193   0.089671    0.09658   0.104013   0.112078     0.1209   0.130623    0.14141   0.153454   0.166969   0.182203   0.199433   0.218977   0.241189   0.266472   0.295274   0.328098   0.365506   0.408121   0.456637   0.511819   0.574515   0.645654   0.726258   0.817446   0.920438   1.036563   1.167261   1.314091   1.478733   1.662995   1.868815   2.098262   2.353541
         0    0.00574    0.01148    0.01722   0.022959     0.0287   0.034446   0.040205   0.045983   0.051795   0.057655   0.063585   0.069609   0.075763   0.082083   0.088621    0.09543   0.102583   0.110157   0.118247   0.126963   0.136431     0.1468   0.158238   0.170937    0.18512   0.201039   0.218977   0.239259   0.262247   0.288353   0.318035   0.351808   0.390244   0.433982   0.483731   0.540273   0.604473   0.677281   0.759743   0.853001   0.958301   1.077002   1.210573   1.360609   1.528825   1.717068   1.927317   2.161687   2.422428
         0   0.006688   0.013373   0.020054   0.026729     0.0334   0.040068   0.046738   0.053417   0.060116    0.06685    0.07364    0.08051   0.087493   0.094628   0.101963   0.109557   0.117478   0.125806   0.134639   0.144087    0.15428   0.165367   0.177521   0.190939   0.205846   0.222499   0.241189   0.262247   0.286044   0.312996   0.343575   0.378305    0.41777   0.462623   0.513584   0.571457   0.637118   0.711543   0.795794   0.891039   0.998548   1.119706   1.256014   1.409098   1.580706   1.772725    1.98717   2.226199   2.492107
         0   0.007783   0.015561   0.023329   0.031088   0.038833   0.046566   0.054288   0.062007   0.069732   0.077475   0.085255   0.093098   0.101035   0.109105   0.117356   0.125845   0.134642   0.143829   0.153503   0.163778   0.174783   0.186673   0.199621   0.213829   0.229527   0.246976   0.266472   0.288353   0.312996   0.340829    0.37233   0.408032   0.448534   0.494498   0.546661   0.605839   0.672928    0.74892   0.834899   0.932053   1.041678   1.165183   1.304099   1.460078   1.634906     1.8305   2.048915   2.292348   2.563136
         0   0.009046   0.018086   0.027111   0.036119   0.045103   0.054064   0.063001   0.071918   0.080823   0.089728   0.098649   0.107611   0.116644   0.125787   0.135086   0.144599   0.154397   0.164562   0.175192   0.186401   0.198322    0.21111   0.224943   0.240026   0.256592   0.274907   0.295274   0.318035   0.343575    0.37233   0.404784   0.441484   0.483037   0.530119   0.583478   0.643945   0.712435   0.789953   0.877604   0.976598   1.088251      1.214   1.355399   1.514132   1.692012   1.890991   2.113159    2.36075   2.636142
         0   0.010501   0.020994   0.031467   0.041914   0.052326     0.0627   0.073035   0.083331   0.093594   0.103834   0.114067   0.124315   0.134606   0.144979   0.155479   0.166164   0.177104   0.188382   0.200097   0.212365   0.225319   0.239118    0.25394   0.269995    0.28752   0.306786   0.328098   0.351808   0.378305   0.408032   0.441484   0.479216   0.521844   0.570056   0.624616   0.686364   0.756232   0.835243   0.924521   1.025291   1.138896   1.266791    1.41056   1.571909   1.752684   1.954868   2.180581   2.432093   2.711821
         0   0.012176   0.024338   0.036476   0.048576   0.060629   0.072628    0.08457    0.09645   0.108274   0.120048   0.131785   0.143506    0.15524   0.167021   0.178895   0.190919   0.203163    0.21571   0.228658   0.242125   0.256247   0.271183   0.287116   0.304256   0.322845   0.343158   0.365506   0.390244    0.41777   0.448534   0.483037   0.521844   0.565582    0.61495   0.670721   0.733751   0.804987   0.885467    0.97633   1.078823   1.194309   1.324263   1.470294   1.634134   1.817656   2.022871   2.251931   2.507141    2.79095
         0   0.014096   0.028176   0.042222    0.05622   0.070157    0.08402   0.097804   0.111501   0.125112   0.138644   0.152106   0.165516   0.178901   0.192292   0.205737    0.21929   0.233021   0.247012   0.261362   0.276191   0.291635   0.307854   0.325034   0.343389   0.363162   0.384635   0.408121   0.433982   0.462623   0.494498   0.530119   0.570056    0.61495   0.665506   0.722511   0.786836   0.859436   0.941368   1.033788    1.13796   1.255264     1.3872   1.535396    1.70161   1.887739   2.095823   2.328044   2.586738   2.874385
         0   0.016296    0.03257   0.048803   0.064975   0.081067   0.097065   0.112957   0.128735   0.144393   0.159936    0.17537   0.190711   0.205982   0.221213   0.236451   0.251748   0.267173   0.282808   0.298753   0.315125   0.332065   0.349733   0.368317   0.388034   0.409132   0.431892   0.456637   0.483731   0.513584   0.546661   0.583478   0.624616   0.670721   0.722511   0.780785   0.846423   0.920398   1.003778   1.097735    1.20355   1.322622    1.45647   1.606744   1.775224   1.963834   2.174636   2.409843   2.671817   2.963074
         0    0.01881   0.037593   0.056326   0.074981   0.093537   0.111974   0.130275   0.148429   0.166427   0.184266   0.201952   0.219497    0.23692   0.254251   0.271532   0.288815   0.306168   0.323672   0.341428   0.359553   0.378185   0.397491   0.417657   0.438904   0.461483   0.485679   0.511819   0.540273   0.571457   0.605839   0.643945   0.686364   0.733751   0.786836   0.846423   0.913409   0.988777    1.07361   1.169095   1.276528   1.397328    1.53303   1.685306   1.855958   2.046929   2.260311    2.49834   2.763407   3.058055
         0   0.021678   0.043323   0.064906   0.086394    0.10776   0.128979   0.150029   0.170891   0.191555   0.212013   0.232265    0.25232   0.272195   0.291917   0.311524   0.331068   0.350613   0.370241   0.390051    0.41016    0.43071   0.451864   0.473815   0.496783   0.521022   0.546822   0.574515   0.604473   0.637118   0.672928   0.712435   0.756232   0.804987   0.859436   0.920398   0.988777    1.06557   1.151874   1.248889   1.357929   1.480426   1.617937   1.772148   1.944886   2.138116    2.35395    2.59465   2.862633    3.16047
         0   0.024943   0.049846   0.074673   0.099386    0.12395   0.148335   0.172513   0.196459   0.220157   0.243594   0.266766   0.289677    0.31234   0.334779    0.35703    0.37914   0.401174   0.423211    0.44535   0.467707   0.490424   0.513668    0.53763   0.562534   0.588637   0.616232   0.645654   0.677281   0.711543    0.74892   0.789953   0.835243   0.885467   0.941368   1.003778    1.07361   1.151874   1.239678   1.338239   1.448884   1.573062   1.712345   1.868442   2.043193   2.238587   2.456758   2.699992    2.97073   3.271569
         0   0.028652   0.057256   0.085769   0.114145   0.142344   0.170325   0.198055   0.225504   0.252647   0.279466   0.305954   0.332108   0.357936   0.383458   0.408707   0.433729   0.458584    0.48335   0.508124   0.533026   0.558194   0.583795   0.610023   0.637105     0.6653   0.694905   0.726258   0.759743   0.795794   0.834899   0.877604   0.924521    0.97633   1.033788   1.097735   1.169095   1.248889   1.338239   1.438374   1.550637    1.67649   1.817525   1.975464    2.15217   2.349649   2.570056     2.8157   3.089044    3.39271
         0   0.032856   0.065658    0.09835    0.13088   0.163197   0.195255   0.227012   0.258431    0.28948   0.320134   0.350378   0.380205   0.409619   0.438634   0.467279   0.495595   0.523643   0.551497   0.579252   0.607026    0.63496    0.66322   0.692002   0.721535   0.752079   0.783935   0.817446   0.853001   0.891039   0.932053   0.976598   1.025291   1.078823    1.13796    1.20355   1.276528   1.357929   1.448884   1.550637   1.664543   1.792082   1.934859   2.094615   2.273229   2.472726   2.695282   2.943225   3.219041   3.525377
         0   0.037614   0.075163   0.112583   0.149812   0.186791   0.223462   0.259775   0.295684   0.331151   0.366142   0.400635   0.434617   0.468085   0.501048   0.533532   0.565574   0.597227   0.628567   0.659688   0.690704   0.721756   0.753012   0.784668   0.816954   0.850135   0.884514   0.920438   0.958301   0.998548   1.041678   1.088251   1.138896   1.194309   1.255264   1.322622   1.397328   1.480426   1.573062    1.67649   1.792082   1.921329   2.065854   2.227414   2.407903   2.609366   2.833997   3.084145   3.362316   3.671178
         0   0.042986   0.085896   0.128655    0.17119   0.213429   0.255309   0.296767   0.337746   0.378199   0.418087   0.457376   0.496047   0.534092   0.571511   0.608325   0.644567   0.680289    0.71556   0.750473    0.78514   0.819704   0.854331   0.889218   0.924596   0.960735    0.99794   1.036563   1.077002   1.119706   1.165183      1.214   1.266791   1.324263     1.3872    1.45647    1.53303   1.617937   1.712345   1.817525   1.934859   2.065854   2.212148   2.375511   2.557859   2.761251   2.987898   3.240169   3.520591   3.831853
         0   0.049039    0.09799   0.146764   0.195278   0.243447   0.291194   0.338448    0.38514   0.431212   0.476616   0.521308   0.565262   0.608459   0.650898   0.692589   0.733561   0.773861   0.813556   0.852735   0.891511   0.930022   0.968435    1.00695   1.045799   1.085253   1.125622   1.167261   1.210573   1.256014   1.304099   1.355399    1.41056   1.470294   1.535396   1.606744   1.685306   1.772148   1.868442   1.975464   2.094615   2.227414   2.375511   2.540697     2.7249   2.930196   3.158817   3.413146   3.695732   4.009281
         0   0.055846   0.111589   0.167128   0.222365   0.277201   0.331547   0.385318   0.438433   0.490823   0.542428   0.593196   0.643088   0.692079   0.740159    0.78733   0.833617   0.879062   0.923728   0.967699   1.011086   1.054026   1.096689   1.139271   1.182009   1.225174   1.269082   1.314091   1.360609   1.409098   1.460078   1.514132   1.571909   1.634134    1.70161   1.775224   1.855958   1.944886   2.043193    2.15217   2.273229   2.407903   2.557859     2.7249   2.910971   3.118165    3.34873   3.605068   3.889746   4.205487
         0   0.063485   0.126851   0.189981   0.252761   0.315079    0.37683   0.437913   0.498236   0.557715   0.616279   0.673862   0.730417   0.785908   0.840316   0.893636   0.945885     0.9971   1.047337    1.09668   1.145235    1.19314    1.24056   1.287697   1.334786   1.382102   1.429963   1.478733   1.528825   1.580706   1.634906   1.692012   1.752684   1.817656   1.887739   1.963834   2.046929   2.138116   2.238587   2.349649   2.472726   2.609366   2.761251   2.930196   3.118165   3.327266   3.559764   3.818077    4.10479   4.422646
         0   0.072039   0.143941   0.215572   0.286801   0.357497   0.427539   0.496812   0.565207   0.632625   0.698979   0.764195    0.82821   0.890979   0.952471   1.012674   1.071597   1.129269   1.185743   1.241096   1.295434    1.34889   1.401632   1.453859   1.505809   1.557759   1.610031   1.662995   1.717068   1.772725     1.8305   1.890991   1.954868   2.022871   2.095823   2.174636   2.260311    2.35395   2.456758   2.570056   2.695282   2.833997   2.987898   3.158817    3.34873   3.559764   3.794197   4.054469   4.343179   4.663087
         0   0.081599   0.163041   0.244173   0.324843   0.404902   0.484211   0.562635   0.640049   0.716339     0.7914   0.865145   0.937496   1.008396   1.077804   1.145697   1.212076   1.276962   1.340401   1.402468   1.463262   1.522917   1.581597   1.639504   1.696875   1.753994   1.811182   1.868815   1.927317    1.98717   2.048915   2.113159   2.180581   2.251931   2.328044   2.409843    2.49834    2.59465   2.699992     2.8157   2.943225   3.084145   3.240169   3.413146   3.605068   3.818077   4.054469   4.316698   4.607382   4.929297
         0    0.09226   0.184342   0.276069   0.367269   0.457771   0.547414   0.636044   0.723518     0.8097   0.894472   0.977726   1.059374   1.139342   1.217576   1.294045   1.368735   1.441664   1.512869   1.582418   1.650409    1.71697   1.782267   1.846499   1.909909   1.972778   2.035437   2.098262   2.161687   2.226199   2.292348    2.36075   2.432093   2.507141   2.586738   2.671817   2.763407   2.862633    2.97073   3.089044   3.219041   3.362316   3.520591   3.695732   3.889746    4.10479   4.343179   4.607382   4.900031   5.223926
         0   0.104126    0.20805   0.311569   0.414487   0.516611   0.617756   0.717746   0.816413   0.913607   1.009185   1.103023   1.195016   1.285074   1.373131    1.45914   1.543082   1.624958   1.704802   1.782675    1.85867   1.932913   2.005568   2.076835   2.146955   2.216216    2.28495   2.353541   2.422428   2.492107   2.563136   2.636142   2.711821    2.79095   2.874385   2.963074   3.058055    3.16047   3.271569    3.39271   3.525377   3.671178   3.831853   4.009281   4.205487   4.422646   4.663087   4.929297   5.223926   5.549788