         0          0          0          0          0          0          0          0          0          0          0          0          0          0          0          0          0          0          0          0          0          0          0          0          0          0          0          0          0          0          0          0          0          0          0          0          0          0          0          0          0          0          0          0          0          0          0          0          0          0
         0      5e-06      1e-05    1.5e-05      2e-05    2.5e-05    3.1e-05    3.8e-05    4.5e-05    5.3e-05    6.2e-05    7.2e-05    8.4e-05    9.8e-05   0.000116   0.000137   0.000162   0.000192    0.00023   0.000276   0.000332     0.0004   0.000484   0.000586    0.00071    0.00086   0.001044   0.001263   0.001529   0.001849   0.002233   0.002692   0.003241   0.003894    0.00467    0.00559   0.006677   0.007958   0.009465   0.011232     0.0133   0.015712    0.01852   0.021778   0.025552   0.029909   0.034928   0.040695   0.047303   0.054857
         0      1e-05      2e-05      3e-05      4e-05    5.1e-05    6.3e-05    7.5e-05      9e-05   0.000105   0.000123   0.000144   0.000168   0.000198   0.000232   0.000273   0.000324   0.000386   0.000461   0.000553   0.000665   0.000802   0.000968   0.001173    0.00142   0.001721   0.002085   0.002526   0.003057   0.003695   0.004462   0.005379   0.006475    0.00778    0.00933   0.011168   0.013338   0.015898   0.018907   0.022437   0.026566   0.031385   0.036992   0.043501   0.051038   0.059742   0.069767   0.081286   0.094485   0.109573
         0    1.5e-05      3e-05    4.5e-05    6.1e-05    7.8e-05    9.6e-05   0.000114   0.000136   0.000159   0.000186   0.000218   0.000254   0.000297    0.00035   0.000411   0.000487    0.00058   0.000692    0.00083   0.000998   0.001202   0.001453   0.001758   0.002129   0.002579   0.003124   0.003783   0.004578   0.005534   0.006682   0.008055   0.009696   0.011649   0.013969   0.016719   0.019969   0.023799   0.028304   0.033587   0.039768   0.046979   0.055373   0.065115   0.076396   0.089422   0.104428   0.121669   0.141425   0.164007
         0      2e-05      4e-05    6.1e-05    8.2e-05   0.000105   0.000129   0.000154   0.000183   0.000214   0.000251   0.000292   0.000342     0.0004   0.000468   0.000552   0.000653   0.000776   0.000926   0.001109   0.001332   0.001605   0.001938   0.002343   0.002837   0.003435    0.00416   0.005036   0.006093   0.007364    0.00889   0.010715   0.012895   0.015492   0.018577   0.022231   0.026552   0.031644   0.037633   0.044656   0.052871   0.062458   0.073615   0.086566    0.10156   0.118878   0.138825   0.161743   0.188006   0.218023
         0    2.5e-05    5.1e-05    7.8e-05   0.000105   0.000133   0.000163   0.000197   0.000233   0.000273   0.000318    0.00037   0.000432   0.000504   0.000591   0.000696   0.000821   0.000975   0.001161   0.001389   0.001668   0.002009   0.002423   0.002928   0.003543   0.004288   0.005191   0.006283   0.007599   0.009181   0.011081   0.013354   0.016069   0.019303   0.023144   0.027695   0.033074   0.039415   0.046871   0.055617   0.065847   0.077784   0.091676   0.107802   0.126474   0.148036   0.172873    0.20141   0.234111   0.271488
         0    3.1e-05    6.3e-05    9.6e-05   0.000129   0.000163   0.000201   0.000241   0.000285   0.000333   0.000388   0.000452   0.000526   0.000613   0.000717   0.000842   0.000994   0.001178   0.001402   0.001675   0.002008   0.002414    0.00291   0.003514   0.004248   0.005139   0.006218   0.007522   0.009094   0.010985   0.013254    0.01597   0.019213   0.023075   0.027661   0.033098   0.039522   0.047096   0.056002   0.066447   0.078665   0.092922   0.109514   0.128774   0.151074   0.176827   0.206491   0.240574    0.27963   0.324272
         0    3.8e-05    7.5e-05   0.000114   0.000154   0.000197   0.000241   0.000288    0.00034   0.000397   0.000463   0.000538   0.000625   0.000727   0.000849   0.000996   0.001172   0.001387   0.001647   0.001965   0.002352   0.002825     0.0034   0.004102   0.004955   0.005989   0.007241   0.008754   0.010579   0.012773   0.015406   0.018557   0.022319   0.026801   0.032123    0.03843   0.045885   0.054672   0.065004   0.077123   0.091299   0.107839    0.12709   0.149435   0.175308   0.205186   0.239603   0.279145   0.324458   0.376251
         0    4.5e-05      9e-05   0.000136   0.000183   0.000233   0.000285    0.00034   0.000401   0.000468   0.000544    0.00063   0.000731   0.000848   0.000989   0.001156   0.001358   0.001602     0.0019   0.002262   0.002703   0.003241   0.003896   0.004693   0.005662   0.006838    0.00826    0.00998   0.012053   0.014545   0.017535   0.021114   0.025388   0.030477   0.036522   0.043684   0.052149   0.062128   0.073863   0.087624   0.103722   0.122505   0.144366   0.169741   0.199122   0.233051   0.272135   0.317039   0.368495    0.42731
         0    5.3e-05   0.000105   0.000159   0.000214   0.000273   0.000333   0.000397   0.000468   0.000546   0.000633   0.000731   0.000845   0.000979   0.001138   0.001328   0.001554    0.00183   0.002164    0.00257   0.003065   0.003666     0.0044   0.005291   0.006375   0.007688   0.009279   0.011201   0.013516   0.016301   0.019643   0.023641   0.028414   0.034099   0.040851   0.048852   0.058308   0.069455   0.082561   0.097932   0.115912   0.136893    0.16131   0.189653   0.222469   0.260366    0.30402   0.354174   0.411648   0.477341
         0    6.2e-05   0.000123   0.000186   0.000251   0.000318   0.000388   0.000463   0.000544   0.000633   0.000731   0.000843   0.000972   0.001123   0.001301   0.001512   0.001765   0.002071   0.002441   0.002891   0.003438   0.004105   0.004914   0.005899   0.007095   0.008546     0.0103   0.012419   0.014973   0.018044   0.021728   0.026137     0.0314   0.037667    0.04511   0.053931   0.064353    0.07664   0.091088   0.108031   0.127851   0.150977   0.177891   0.209133   0.245307    0.28708   0.335198   0.390481   0.453833   0.526244
         0    7.2e-05   0.000144   0.000218   0.000292    0.00037   0.000452   0.000538    0.00063   0.000731   0.000843    0.00097   0.001114   0.001282    0.00148   0.001714   0.001994   0.002331   0.002738   0.003232   0.003831    0.00456   0.005446   0.006522   0.007829   0.009413   0.011328   0.013641   0.016428   0.019778   0.023797   0.028605   0.034345   0.041179   0.049298   0.058916   0.070282   0.083681   0.099434   0.117909   0.139523    0.16474   0.194087   0.228153   0.267596   0.313146   0.365614   0.425894   0.494973   0.573929
         0    8.4e-05   0.000168   0.000254   0.000342   0.000432   0.000526   0.000625   0.000731   0.000845   0.000972   0.001114   0.001277   0.001464   0.001681   0.001939   0.002246   0.002615   0.003059   0.003597   0.004248    0.00504      0.006   0.007167   0.008582   0.010296   0.012369    0.01487   0.017884   0.021507    0.02585   0.031048   0.037253   0.044639   0.053413   0.063807   0.076091    0.09057   0.107594   0.127559   0.150913   0.178163   0.209875   0.246686   0.289306   0.338527   0.395222   0.460359   0.535002   0.620319
         0    9.8e-05   0.000198   0.000297     0.0004   0.000504   0.000613   0.000727   0.000848   0.000979   0.001123   0.001282   0.001464   0.001671   0.001911   0.002194   0.002529    0.00293   0.003412   0.003994   0.004698   0.005552   0.006586   0.007842   0.009363   0.011205   0.013431   0.016116   0.019351   0.023239   0.027899   0.033475    0.04013   0.048052   0.057462   0.068609   0.081782   0.097308   0.115564   0.136972   0.162016   0.191235    0.22524   0.264712   0.310413    0.36319   0.423982   0.493827   0.573863   0.665346
         0   0.000116   0.000232    0.00035   0.000468   0.000591   0.000717   0.000849   0.000989   0.001138   0.001301    0.00148   0.001681   0.001911   0.002176   0.002485   0.002851   0.003286   0.003806   0.004433    0.00519   0.006105   0.007214   0.008556   0.010182   0.012148   0.014524    0.01739   0.020839   0.024984   0.029951   0.035894   0.042985   0.051426   0.061452   0.073327    0.08736     0.1039   0.123347   0.146152   0.172828   0.203952   0.240173   0.282218   0.330897   0.387113   0.451866   0.526261   0.611513   0.708955
         0   0.000137   0.000273   0.000411   0.000552   0.000696   0.000842   0.000996   0.001156   0.001328   0.001512   0.001714   0.001939   0.002194   0.002485   0.002824   0.003221   0.003691   0.004252   0.004925   0.005735   0.006712   0.007894   0.009323   0.011052   0.013141   0.015663   0.018703   0.022361   0.026754    0.03202   0.038317    0.04583   0.054774   0.065393   0.077973   0.092835   0.110354   0.130949   0.155101   0.183353   0.216314   0.254672   0.299197   0.350748   0.410281   0.478853   0.557636   0.647916   0.751105
         0   0.000162   0.000324   0.000487   0.000653   0.000821   0.000994   0.001172   0.001358   0.001554   0.001765   0.001994   0.002246   0.002529   0.002851   0.003221   0.003652   0.004161   0.004764   0.005485   0.006349   0.007389   0.008643   0.010159   0.011989   0.014198   0.016863   0.020073   0.023934   0.028569   0.034123   0.040762   0.048683    0.05811   0.069302   0.082558   0.098221   0.116681   0.138383   0.163831   0.193597   0.228326    0.26874   0.315652   0.369965   0.432687   0.504933   0.587935   0.683052   0.791767
         0   0.000192   0.000386    0.00058   0.000776   0.000975   0.001178   0.001387   0.001602    0.00183   0.002071   0.002331   0.002615    0.00293   0.003286   0.003691   0.004161    0.00471   0.005359   0.006129   0.007048   0.008153   0.009482   0.011083   0.013013    0.01534   0.018145   0.021521   0.025578   0.030448    0.03628    0.04325   0.051563   0.061456   0.073199   0.087107   0.103538   0.122902   0.145665   0.172358   0.203578   0.240003    0.28239   0.331592   0.388554   0.454336   0.530107   0.617158   0.716912    0.83093
         0    0.00023   0.000461   0.000692   0.000926   0.001161   0.001402   0.001647     0.0019   0.002164   0.002441   0.002738   0.003059   0.003412   0.003806   0.004252   0.004764   0.005359   0.006055   0.006878   0.007857   0.009027    0.01043   0.012118   0.014149   0.016593   0.019534   0.023072   0.027322   0.032417   0.038518   0.045807   0.054499   0.064838   0.077111   0.091643   0.108811   0.129041   0.152822   0.180705   0.213319   0.251366   0.295643   0.347034   0.406534   0.475243   0.554386    0.64531   0.749503   0.868593
         0   0.000276   0.000553    0.00083   0.001109   0.001389   0.001675   0.001965   0.002262    0.00257   0.002891   0.003232   0.003597   0.003994   0.004433   0.004925   0.005485   0.006129   0.006878   0.007757   0.008799   0.010038   0.011519   0.013294   0.015424   0.017985   0.021063   0.024758   0.029194    0.03451    0.04087   0.048467   0.057521    0.06829    0.08107   0.096201   0.114073   0.135132   0.159884   0.188907    0.22285   0.262448   0.308527   0.362011   0.423931   0.495435   0.577796   0.672417   0.780845   0.904776
         0   0.000332   0.000665   0.000998   0.001332   0.001668   0.002008   0.002352   0.002703   0.003065   0.003438   0.003831   0.004248   0.004698    0.00519   0.005735   0.006349   0.007048   0.007857   0.008799   0.009907   0.011218    0.01278   0.014645   0.016877   0.019554   0.022765   0.026617   0.031235   0.036765   0.043376   0.051268   0.060672   0.071853   0.085118   0.100822   0.119367   0.141216   0.166896   0.197003   0.232214   0.273289   0.321086   0.376561   0.440786   0.514951   0.600375   0.698515   0.810975   0.939514
         0     0.0004   0.000802   0.001202   0.001605   0.002009   0.002414   0.002825   0.003241   0.003666   0.004105    0.00456    0.00504   0.005552   0.006105   0.006712   0.007389   0.008153   0.009027   0.010038   0.011218   0.012609   0.014254   0.016212   0.018548   0.021343   0.024688   0.028694    0.03349   0.039228   0.046082   0.054261      0.064   0.075576   0.089306   0.105555   0.124742   0.147345   0.173908   0.205048   0.241463   0.283942    0.33337   0.390738   0.457152   0.533844   0.622177   0.723659   0.839947   0.972859
         0   0.000484   0.000968   0.001453   0.001938   0.002423    0.00291     0.0034   0.003896     0.0044   0.004914   0.005446      0.006   0.006586   0.007214   0.007894   0.008643   0.009482    0.01043   0.011519    0.01278   0.014254    0.01599   0.018046    0.02049   0.023404   0.026884   0.031043   0.036016   0.041956   0.049048   0.057503   0.067565   0.079519   0.093693   0.110464   0.130262   0.153582   0.180983   0.213103   0.250661   0.294472   0.345447   0.404608   0.473097   0.552182   0.643271   0.747917    0.86783   1.004885
         0   0.000586   0.001173   0.001758   0.002343   0.002928   0.003514   0.004102   0.004693   0.005291   0.005899   0.006522   0.007167   0.007842   0.008556   0.009323   0.010159   0.011083   0.012118   0.013294   0.014645   0.016212   0.018046   0.020206   0.022763     0.0258   0.029417   0.033731   0.038878   0.045019   0.052341   0.061064   0.071436   0.083754   0.098353   0.115621   0.136002   0.160001   0.188198   0.221247   0.259889   0.304959   0.357398   0.418254   0.488703   0.570051   0.663743   0.771378   0.894716   1.035684
         0    0.00071    0.00142   0.002129   0.002837   0.003543   0.004248   0.004955   0.005662   0.006375   0.007095   0.007829   0.008582   0.009363   0.010182   0.011052   0.011989   0.013013   0.014149   0.015424   0.016877   0.018548    0.02049   0.022763   0.025439   0.028606   0.032364   0.036834   0.042156   0.048496   0.056045   0.065026   0.075701   0.088368   0.103373   0.121116    0.14205   0.166695   0.195646   0.229574   0.269239     0.3155   0.369319   0.431775   0.504073   0.587553     0.6837   0.794153   0.920717   1.065372
         0    0.00086   0.001721   0.002579   0.003435   0.004288   0.005139   0.005989   0.006838   0.007688   0.008546   0.009413   0.010296   0.011205   0.012148   0.013141   0.014198    0.01534   0.016593   0.017985   0.019554   0.021343   0.023404     0.0258   0.028606   0.031909   0.035816   0.040445   0.045945   0.052483   0.060256   0.069492   0.080458   0.093462   0.108857   0.127052   0.148512   0.173771   0.203436   0.238194   0.278825   0.326207   0.381328    0.44529   0.519328   0.604814   0.703269    0.81637   0.945968   1.094087
         0   0.001044   0.002085   0.003124    0.00416   0.005191   0.006218   0.007241    0.00826   0.009279     0.0103   0.011328   0.012369   0.013431   0.014524   0.015663   0.016863   0.018145   0.019534   0.021063   0.022765   0.024688   0.026884   0.029417   0.032364   0.035816   0.039877   0.044674   0.050355   0.057093   0.065089   0.074575   0.085827   0.099156   0.114926   0.133554   0.155516   0.181356   0.211696   0.247239   0.288781   0.337219   0.393562   0.458939   0.534612   0.621981     0.7226   0.838185   0.970627   1.121994
         0   0.001263   0.002526   0.003783   0.005036   0.006283   0.007522   0.008754    0.00998   0.011201   0.012419   0.013641    0.01487   0.016116    0.01739   0.018703   0.020073   0.021521   0.023072   0.024758   0.026617   0.028694   0.031043   0.033731   0.036834   0.040445   0.044674   0.049648   0.055518   0.062459   0.070678   0.080416   0.091947   0.105594   0.121727   0.140769   0.163209   0.189601    0.22058   0.256863   0.299262   0.348693   0.406184   0.472889   0.550092   0.639224    0.74187   0.859781   0.994882   1.149288
         0   0.001529   0.003057   0.004578   0.006093   0.007599   0.009094   0.010579   0.012053   0.013516   0.014973   0.016428   0.017884   0.019351   0.020839   0.022361   0.023934   0.025578   0.027322   0.029194   0.031235    0.03349   0.036016   0.038878   0.042156   0.045945   0.050355   0.055518   0.061585   0.068739   0.077187   0.087174   0.098982   0.112941   0.129425   0.148867   0.171764   0.198682   0.230266   0.267248   0.310454   0.360818   0.419386   0.487332   0.565968   0.656748   0.761287   0.881368   1.018952    1.17619
         0   0.001849   0.003695   0.005534   0.007364   0.009181   0.010985   0.012773   0.014545   0.016301   0.018044   0.019778   0.021507   0.023239   0.024984   0.026754   0.028569   0.030448   0.032417    0.03451   0.036765   0.039228   0.041956   0.045019   0.048496   0.052483   0.057093   0.062459   0.068739   0.076113   0.084798   0.095039   0.107126   0.121392   0.138218   0.158048   0.181385   0.208804   0.240962   0.278604    0.32257   0.373809   0.433386   0.502496   0.582468   0.674786   0.781089    0.90319   1.043086   1.202964
         0   0.002233   0.004462   0.006682    0.00889   0.011081   0.013254   0.015406   0.017535   0.019643   0.021728   0.023797    0.02585   0.027899   0.029951    0.03202   0.034123    0.03628   0.038518    0.04087   0.043376   0.046082   0.049048   0.052341   0.056045   0.060256   0.065089   0.070678   0.077187   0.084798   0.093729   0.104232   0.116601   0.131174    0.14834   0.168546   0.192307   0.220207   0.252912   0.291178   0.335859    0.38792   0.448442   0.518637   0.599857   0.693606   0.801551   0.925534   1.067577   1.229904
         0   0.002692   0.005379   0.008055   0.010715   0.013354    0.01597   0.018557   0.021114   0.023641   0.026137   0.028605   0.031048   0.033475   0.035894   0.038317   0.040762    0.04325   0.045807   0.048467   0.051268   0.054261   0.057503   0.061064   0.065026   0.069492   0.074575   0.080416   0.087174   0.095039   0.104232   0.115009   0.127667   0.142551   0.160054   0.180632   0.204805   0.233167   0.266395   0.305253    0.35061   0.403444    0.46485   0.536059   0.618441   0.713523   0.822993    0.94872   1.092755   1.257353
         0   0.003241   0.006475   0.009696   0.012895   0.016069   0.019213   0.022319   0.025388   0.028414     0.0314   0.034345   0.037253    0.04013   0.042985    0.04583   0.048683   0.051563   0.054499   0.057521   0.060672      0.064   0.067565   0.071436   0.075701   0.080458   0.085827   0.091947   0.098982   0.107126   0.116601   0.127667   0.140627   0.155827   0.173671   0.194619   0.219196   0.248007   0.281736    0.32116   0.367157   0.420716   0.482952   0.555107   0.638573   0.734892   0.845778    0.97312   1.118999   1.285696
         0   0.003894    0.00778   0.011649   0.015492   0.019303   0.023075   0.026801   0.030477   0.034099   0.037667   0.041179   0.044639   0.048052   0.051426   0.054774    0.05811   0.061456   0.064838    0.06829   0.071853   0.075576   0.079519   0.083754   0.088368   0.093462   0.099156   0.105594   0.112941   0.121392   0.131174   0.142551   0.155827   0.171359    0.18955   0.210867   0.235847   0.265096   0.299311   0.339275    0.38588   0.440126    0.50314   0.576181   0.660654   0.758124   0.870321   0.999159   1.146741   1.315375
         0    0.00467    0.00933   0.013969   0.018577   0.023144   0.027661   0.032123   0.036522   0.040851    0.04511   0.049298   0.053413   0.057462   0.061452   0.065393   0.069302   0.073199   0.077111    0.08107   0.085118   0.089306   0.093693   0.098353   0.103373   0.108857   0.114926   0.121727   0.129425   0.138218    0.14834   0.160054   0.173671    0.18955   0.208101   0.229796   0.255178   0.284861   0.319548   0.360035    0.40722   0.462118   0.525864   0.599734   0.685147   0.783685   0.897097   1.027317   1.176471   1.346892
         0    0.00559   0.011168   0.016719   0.022231   0.027695   0.033098    0.03843   0.043684   0.048852   0.053931   0.058916   0.063807   0.068609   0.073327   0.077973   0.082558   0.087107   0.091643   0.096201   0.100822   0.105555   0.110464   0.115621   0.121116   0.127052   0.133554   0.140769   0.148867   0.158048   0.168546   0.180632   0.194619   0.210867   0.229796   0.251883   0.277672    0.30779   0.342943   0.383938   0.431682   0.487199   0.551638   0.626286   0.712577   0.812108   0.926646   1.058143   1.208747    1.38081
         0   0.006677   0.013338   0.019969   0.026552   0.033074   0.039522   0.045885   0.052149   0.058308   0.064353   0.070282   0.076091   0.081782    0.08736   0.092835   0.098221   0.103538   0.108811   0.114073   0.119367   0.124742   0.130262   0.136002    0.14205   0.148512   0.155516   0.163209   0.171764   0.181385   0.192307   0.204805   0.219196   0.235847   0.255178   0.277672   0.303883    0.33444   0.370059   0.411554    0.45984   0.515952   0.581048    0.65643   0.743543   0.843999    0.95958   1.092257   1.244196   1.417771
         0   0.007958   0.015898   0.023799   0.031644   0.039415   0.047096   0.054672   0.062128   0.069455    0.07664   0.083681    0.09057   0.097308     0.1039   0.110354   0.116681   0.122902   0.129041   0.135132   0.141216   0.147345   0.153582   0.160001   0.166695   0.173771   0.181356   0.189601   0.198682   0.208804   0.220207   0.233167   0.248007   0.265096   0.284861    0.30779    0.33444   0.365448   0.401538   0.443529   0.492347   0.549034   0.614761   0.690837   0.778724   0.880043   0.996594   1.130361    1.28353   1.458492
         0   0.009465   0.018907   0.028304   0.037633   0.046871   0.056002   0.065004   0.073863   0.082561   0.091088   0.099434   0.107594   0.115564   0.123347   0.130949   0.138383   0.145665   0.152822   0.159884   0.166896   0.173908   0.180983   0.188198   0.195646   0.203436   0.211696    0.22058   0.230266   0.240962   0.252912   0.266395   0.281736   0.299311   0.319548   0.342943   0.370059   0.401538    0.43811   0.480602   0.529947   0.587197   0.653532   0.730271   0.818888   0.921016   1.038469   1.173247   1.327549   1.503787
         0   0.011232   0.022437   0.033587   0.044656   0.055617   0.066447   0.077123   0.087624   0.097932   0.108031   0.117909   0.127559   0.136972   0.146152   0.155101   0.163831   0.172358   0.180705   0.188907   0.197003   0.205048   0.213103   0.221247   0.229574   0.238194   0.247239   0.256863   0.267248   0.278604   0.291178   0.305253    0.32116   0.339275   0.360035   0.383938   0.411554   0.443529   0.480602   0.523605    0.57348   0.631287   0.698215   0.775592   0.864903   0.967794   1.086091   1.221806   1.377155   1.554566
         0     0.0133   0.026566   0.039768   0.052871   0.065847   0.078665   0.091299   0.103722   0.115912   0.127851   0.139523   0.150913   0.162016   0.172828   0.183353   0.193597   0.203578   0.213319    0.22285   0.232214   0.241463   0.250661   0.259889   0.269239   0.278825   0.288781   0.299262   0.310454    0.32257   0.335859    0.35061   0.367157    0.38588    0.40722   0.431682    0.45984   0.492347   0.529947    0.57348   0.623895   0.682261   0.749772   0.827772   0.917749   1.021364   1.140452   1.277041   1.433359   1.611849
         0   0.015712   0.031385   0.046979   0.062458   0.077784   0.092922   0.107839   0.122505   0.136893   0.150977    0.16474   0.178163   0.191235   0.203952   0.216314   0.228326   0.240003   0.251366   0.262448   0.273289   0.283942   0.294472   0.304959     0.3155   0.326207   0.337219   0.348693   0.360818   0.373809    0.38792   0.403444   0.420716   0.440126   0.462118   0.487199   0.515952   0.549034   0.587197   0.631287   0.682261   0.741193   0.809289   0.887898   0.978522   1.082829   1.202667   1.340074   1.497293   1.676779
         0    0.01852   0.036992   0.055373   0.073615   0.091676   0.109514    0.12709   0.144366    0.16131   0.177891   0.194087   0.209875    0.22524   0.240173   0.254672    0.26874    0.28239   0.295643   0.308527   0.321086    0.33337   0.345447   0.357398   0.369319   0.381328   0.393562   0.406184   0.419386   0.433386   0.448442    0.46485   0.482952    0.50314   0.525864   0.551638   0.581048   0.614761   0.653532   0.698215   0.749772   0.809289   0.877978   0.957195   1.048453   1.153429   1.273983   1.412162    1.57022   1.750627
         0   0.021778   0.043501   0.065115   0.086566   0.107802   0.128774   0.149435   0.169741   0.189653   0.209133   0.228153   0.246686   0.264712   0.282218   0.299197   0.315652   0.331592   0.347034   0.362011   0.376561   0.390738   0.404608   0.418254   0.431775    0.44529   0.458939   0.472889   0.487332   0.502496   0.518637   0.536059   0.555107   0.576181   0.599734   0.626286    0.65643   0.690837   0.730271   0.775592   0.827772   0.887898   0.957195   1.037028   1.128915   1.234545   1.355788     1.4947    1.65355   1.834814
         0   0.025552   0.051038   0.076396    0.10156   0.126474   0.151074   0.175308   0.199122   0.222469   0.245307   0.267596   0.289306   0.310413   0.330897   0.350748   0.369965   0.388554   0.406534   0.423931   0.440786   0.457152   0.473097   0.488703   0.504073   0.519328   0.534612   0.550092   0.565968   0.582468   0.599857   0.618441   0.638573   0.660654   0.685147   0.712577   0.743543   0.778724   0.818888   0.864903   0.917749   0.978522   1.048453   1.128915   1.221437   1.327716   1.449629   1.589247   1.748844   1.930914
         0   0.029909   0.059742   0.089422   0.118878   0.148036   0.176827   0.205186   0.233051   0.260366    0.28708   0.313146   0.338527    0.36319   0.387113   0.410281   0.432687   0.454336   0.475243   0.495435   0.514951   0.533844   0.552182   0.570051   0.587553   0.604814   0.621981   0.639224   0.656748   0.674786   0.693606   0.713523   0.734892   0.758124   0.783685   0.812108   0.843999   0.880043   0.921016   0.967794   1.021364   1.082829   1.153429   1.234545   1.327716   1.434646   1.557222   1.697524   1.857839   2.040666
         0   0.034928   0.069767   0.104428   0.138825   0.172873   0.206491   0.239603   0.272135    0.30402   0.335198   0.365614   0.395222   0.423982   0.451866   0.478853   0.504933   0.530107   0.554386   0.577796   0.600375   0.622177   0.643271   0.663743     0.6837   0.703269     0.7226    0.74187   0.761287   0.781089   0.801551   0.822993   0.845778   0.870321   0.897097   0.926646    0.95958   0.996594   1.038469   1.086091   1.140452   1.202667   1.273983   1.355788   1.449629   1.557222   1.680462   1.821438   1.982446   2.165997
         0   0.040695   0.081286   0.121669   0.161743    0.20141   0.240574   0.279145   0.317039   0.354174   0.390481   0.425894   0.460359   0.493827   0.526261   0.557636   0.587935   0.617158    0.64531   0.672417   0.698515   0.723659   0.747917   0.771378   0.794153    0.81637   0.838185   0.859781   0.881368    0.90319   0.925534    0.94872    0.97312   0.999159   1.027317   1.058143   1.092257   1.130361   1.173247   1.221806   1.277041   1.340074   1.412162     1.4947   1.589247   1.697524   1.821438   1.963086   2.124774   2.309023
         0   0.047303   0.094485   0.141425   0.188006   0.234111    0.27963   0.324458   0.368495   0.411648   0.453833   0.494973   0.535002   0.573863   0.611513   0.647916   0.683052   0.716912   0.749503   0.780845   0.810975   0.839947    0.86783   0.894716   0.920717   0.945968   0.970627   0.994882   1.018952   1.043086   1.067577   1.092755   1.118999   1.146741   1.176471   1.208747   1.244196    1.28353   1.327549   1.377155   1.433359   1.497293    1.57022    1.65355   1.748844   1.857839   1.982446   2.124774   2.287138   2.472069
         0   0.054857   0.109573   0.164007   0.218023   0.271488   0.324272   0.376251    0.42731   0.477341   0.526244   0.573929   0.620319   0.665346   0.708955   0.751105   0.791767    0.83093   0.868593   0.904776   0.939514   0.972859   1.004885   1.035684   1.065372   1.094087   1.121994   1.149288    1.17619   1.202964   1.229904   1.257353   1.285696   1.315375   1.346892    1.38081   1.417771   1.458492   1.503787   1.554566   1.611849   1.676779   1.750627   1.834814   1.930914   2.040666   2.165997   2.309023   2.472069   2.657675