         0          0          0          0          0          0          0          0          0          0          0          0          0          0          0          0          0          0          0          0          0          0          0          0          0          0          0          0          0          0          0          0          0          0          0          0          0          0          0          0          0          0          0          0          0          0          0          0          0          0
         0      1e-05    1.9e-05    2.9e-05    3.7e-05    4.6e-05    5.3e-05      6e-05    6.6e-05    7.1e-05    7.5e-05    7.9e-05    8.1e-05    8.3e-05    8.4e-05    8.5e-05    8.5e-05    8.4e-05    8.3e-05    8.2e-05      8e-05    7.8e-05    7.7e-05    7.5e-05    7.4e-05    7.2e-05    7.2e-05    7.1e-05    7.1e-05    7.1e-05    7.2e-05    7.3e-05    7.6e-05      8e-05    8.6e-05    9.4e-05   0.000106   0.000122   0.000145   0.000175   0.000215   0.000272   0.000346   0.000446    0.00058   0.000759   0.000994   0.001305   0.001711    0.00224
         0    1.9e-05    3.8e-05    5.7e-05    7.4e-05      9e-05   0.000105   0.000119   0.000131   0.000141   0.000149   0.000156   0.000161   0.000164   0.000167   0.000168   0.000168   0.000166   0.000164   0.000162   0.000159   0.000155   0.000152   0.000149   0.000146   0.000143   0.000141   0.000141   0.000139    0.00014   0.000142   0.000146   0.000151   0.000159    0.00017   0.000187   0.000211   0.000242   0.000286   0.000347   0.000429    0.00054   0.000689    0.00089   0.001157   0.001513   0.001983   0.002601   0.003412   0.004467
         0    2.9e-05    5.7e-05    8.4e-05   0.000109   0.000133   0.000155   0.000176   0.000193   0.000209    0.00022   0.000231   0.000239   0.000244   0.000246   0.000247   0.000247   0.000245   0.000242   0.000238   0.000233   0.000229   0.000223   0.000219   0.000215   0.000211   0.000208   0.000206   0.000205   0.000206   0.000209   0.000213   0.000222   0.000233   0.000251   0.000276   0.000311   0.000359   0.000425   0.000514   0.000637   0.000803   0.001026   0.001325   0.001725   0.002256   0.002958   0.003882   0.005092   0.006669
         0    3.7e-05    7.4e-05   0.000109   0.000143   0.000175   0.000204    0.00023   0.000253   0.000273   0.000289   0.000302   0.000311   0.000318   0.000322   0.000322   0.000321   0.000319   0.000314   0.000309   0.000303   0.000297    0.00029   0.000283   0.000278   0.000273   0.000269   0.000266   0.000265   0.000266   0.000269   0.000276   0.000287   0.000302   0.000326   0.000359   0.000404   0.000469   0.000555   0.000675   0.000838   0.001057   0.001352    0.00175   0.002279   0.002982   0.003913   0.005138   0.006742   0.008832
         0    4.6e-05      9e-05   0.000133   0.000175   0.000214   0.000248    0.00028   0.000309   0.000332   0.000352   0.000367   0.000379   0.000386   0.000391   0.000391    0.00039   0.000386   0.000381   0.000374   0.000366   0.000358    0.00035   0.000341   0.000334   0.000328   0.000323    0.00032   0.000318   0.000319   0.000324   0.000332   0.000345   0.000365   0.000394   0.000435   0.000492   0.000571   0.000679   0.000827   0.001028   0.001301   0.001667   0.002159   0.002816   0.003689   0.004843   0.006362   0.008351   0.010944
         0    5.3e-05   0.000105   0.000155   0.000204   0.000248    0.00029   0.000326   0.000359   0.000386   0.000409   0.000426    0.00044   0.000449   0.000453   0.000454   0.000451   0.000446    0.00044   0.000431   0.000421   0.000411   0.000401   0.000392   0.000383   0.000376    0.00037   0.000366   0.000364   0.000365   0.000369   0.000379   0.000395   0.000419   0.000453   0.000502    0.00057   0.000664   0.000792   0.000968   0.001207   0.001531   0.001967   0.002551   0.003332    0.00437   0.005742   0.007549   0.009914   0.012996
         0      6e-05   0.000119   0.000176    0.00023    0.00028   0.000326   0.000368   0.000404   0.000435    0.00046   0.000479   0.000493   0.000503   0.000507   0.000508   0.000504   0.000498   0.000489    0.00048   0.000468   0.000456   0.000445   0.000433   0.000423   0.000414   0.000407   0.000402   0.000399   0.000401   0.000407   0.000418   0.000436   0.000464   0.000503   0.000559   0.000637   0.000745   0.000894   0.001097   0.001373   0.001746    0.00225   0.002924   0.003826   0.005023   0.006607   0.008691   0.011419   0.014976
         0    6.6e-05   0.000131   0.000193   0.000253   0.000309   0.000359   0.000404   0.000444   0.000477   0.000504   0.000525    0.00054   0.000549   0.000553   0.000553   0.000548   0.000541    0.00053   0.000518   0.000505   0.000492   0.000478   0.000465   0.000453   0.000442   0.000434   0.000429   0.000426   0.000428   0.000434   0.000447   0.000467   0.000498   0.000543   0.000606   0.000694   0.000817   0.000984   0.001213   0.001525   0.001946   0.002514   0.003276   0.004293   0.005644   0.007432   0.009783   0.012863   0.016878
         0    7.1e-05   0.000141   0.000209   0.000273   0.000332   0.000386   0.000435   0.000477   0.000512   0.000541   0.000562   0.000578   0.000587    0.00059   0.000588   0.000583   0.000574   0.000562   0.000548   0.000533   0.000517   0.000502   0.000487   0.000473   0.000462   0.000453   0.000446   0.000444   0.000444   0.000452   0.000465   0.000488   0.000522   0.000572   0.000642    0.00074   0.000876   0.001061   0.001316   0.001661   0.002129   0.002758   0.003604   0.004733   0.006231   0.008214   0.010823    0.01424   0.018692
         0    7.5e-05   0.000149    0.00022   0.000289   0.000352   0.000409    0.00046   0.000504   0.000541    0.00057   0.000592   0.000608   0.000616   0.000619   0.000615   0.000609   0.000598   0.000584   0.000568   0.000551   0.000533   0.000516   0.000499   0.000483    0.00047   0.000461   0.000453    0.00045   0.000452    0.00046   0.000474   0.000499   0.000536   0.000591   0.000667   0.000774   0.000923   0.001126   0.001404   0.001783   0.002294   0.002984   0.003908   0.005142   0.006782   0.008951   0.011806   0.015543   0.020415
         0    7.9e-05   0.000156   0.000231   0.000302   0.000367   0.000426   0.000479   0.000525   0.000562   0.000592   0.000614   0.000629   0.000637   0.000638   0.000634   0.000625   0.000611   0.000596   0.000578   0.000559   0.000539   0.000519   0.000501   0.000484    0.00047   0.000459   0.000451   0.000448   0.000449   0.000457   0.000473     0.0005    0.00054   0.000599   0.000682   0.000798   0.000958   0.001179   0.001479   0.001887   0.002442   0.003187   0.004187   0.005521   0.007295   0.009641   0.012729   0.016772    0.02204
         0    8.1e-05   0.000161   0.000239   0.000311   0.000379    0.00044   0.000493    0.00054   0.000578   0.000608   0.000629   0.000643   0.000649   0.000649   0.000643   0.000632   0.000617   0.000599   0.000579   0.000557   0.000536   0.000515   0.000494   0.000476    0.00046   0.000447   0.000439   0.000435   0.000437   0.000446   0.000463   0.000492   0.000535   0.000597   0.000686    0.00081   0.000982   0.001218    0.00154   0.001978   0.002571    0.00337   0.004441   0.005871   0.007771   0.010284   0.013591   0.017922   0.023567
         0    8.3e-05   0.000164   0.000244   0.000318   0.000386   0.000449   0.000503   0.000549   0.000587   0.000616   0.000637   0.000649   0.000655   0.000652   0.000645   0.000632   0.000614   0.000594   0.000572   0.000548   0.000525   0.000501   0.000479    0.00046   0.000442   0.000429    0.00042   0.000415   0.000417   0.000426   0.000444   0.000475   0.000521   0.000587   0.000682   0.000814   0.000996   0.001246   0.001589   0.002054   0.002684   0.003532   0.004671    0.00619   0.008209   0.010879   0.014393   0.018995   0.024991
         0    8.4e-05   0.000167   0.000246   0.000322   0.000391   0.000453   0.000507   0.000553    0.00059   0.000619   0.000638   0.000649   0.000652   0.000648   0.000639   0.000623   0.000604   0.000582   0.000557   0.000531   0.000505    0.00048   0.000456   0.000436   0.000416   0.000402   0.000392   0.000387   0.000389   0.000399   0.000417    0.00045   0.000498   0.000568   0.000668   0.000807      0.001   0.001264   0.001625   0.002117    0.00278   0.003677   0.004877   0.006479    0.00861   0.011426   0.015133   0.019987   0.026313
         0    8.5e-05   0.000168   0.000247   0.000322   0.000391   0.000454   0.000508   0.000553   0.000588   0.000615   0.000634   0.000643   0.000645   0.000639   0.000627   0.000609   0.000587   0.000562   0.000535   0.000507    0.00048   0.000452   0.000428   0.000405   0.000385   0.000369   0.000359   0.000354   0.000355   0.000365   0.000385   0.000419    0.00047   0.000543   0.000648   0.000794   0.000995   0.001273   0.001652   0.002166   0.002863   0.003802    0.00506   0.006741   0.008974   0.011927   0.015813   0.020903   0.027535
         0    8.5e-05   0.000168   0.000247   0.000321    0.00039   0.000451   0.000504   0.000548   0.000583   0.000609   0.000625   0.000632   0.000632   0.000623   0.000609   0.000589   0.000565   0.000538   0.000509   0.000479   0.000449    0.00042   0.000394   0.000369   0.000349   0.000332   0.000321   0.000315   0.000316   0.000327   0.000348   0.000383   0.000435   0.000512   0.000622   0.000774   0.000984   0.001274   0.001669   0.002205   0.002932   0.003911   0.005223   0.006975   0.009303   0.012382   0.016435   0.021742   0.028657
         0    8.4e-05   0.000166   0.000245   0.000319   0.000386   0.000446   0.000498   0.000541   0.000574   0.000598   0.000611   0.000617   0.000614   0.000604   0.000587   0.000565   0.000539   0.000509   0.000478   0.000446   0.000415   0.000384   0.000356    0.00033   0.000308   0.000291   0.000279   0.000273   0.000274   0.000285   0.000307   0.000343   0.000397   0.000478   0.000591   0.000749   0.000968   0.001267   0.001678   0.002234   0.002988   0.004003   0.005366   0.007184     0.0096   0.012795      0.017   0.022508   0.029684
         0    8.3e-05   0.000164   0.000242   0.000314   0.000381    0.00044   0.000489    0.00053   0.000562   0.000584   0.000596   0.000599   0.000594   0.000582   0.000562   0.000538   0.000509   0.000478   0.000445   0.000411   0.000377   0.000345   0.000315   0.000289   0.000265   0.000248   0.000235   0.000228   0.000231   0.000241   0.000263     0.0003   0.000357    0.00044   0.000557    0.00072   0.000946   0.001256    0.00168   0.002255   0.003034   0.004083   0.005491    0.00737   0.009866   0.013168   0.017512   0.023203   0.030617
         0    8.2e-05   0.000162   0.000238   0.000309   0.000374   0.000431    0.00048   0.000518   0.000548   0.000568   0.000578   0.000579   0.000572   0.000557   0.000535   0.000509   0.000478   0.000445   0.000409   0.000374   0.000338   0.000304   0.000274   0.000246   0.000222   0.000203    0.00019   0.000183   0.000185   0.000196    0.00022   0.000258   0.000316   0.000401   0.000521    0.00069   0.000922   0.001241   0.001677    0.00227   0.003072   0.004151   0.005601   0.007534   0.010104   0.013502   0.017974    0.02383   0.031463
         0      8e-05   0.000159   0.000233   0.000303   0.000366   0.000421   0.000468   0.000505   0.000533   0.000551   0.000559   0.000557   0.000548   0.000531   0.000507   0.000479   0.000446   0.000411   0.000374   0.000336     0.0003   0.000265   0.000233   0.000203   0.000179   0.000159   0.000145   0.000138    0.00014   0.000151   0.000175   0.000215   0.000275   0.000361   0.000486   0.000658   0.000896   0.001224   0.001671   0.002279   0.003101   0.004209   0.005695   0.007679   0.010315   0.013801   0.018389   0.024396   0.032225
         0    7.8e-05   0.000155   0.000229   0.000297   0.000358   0.000411   0.000456   0.000492   0.000517   0.000533   0.000539   0.000536   0.000525   0.000505    0.00048   0.000449   0.000415   0.000377   0.000338     0.0003   0.000262   0.000225   0.000192   0.000162   0.000136   0.000117   0.000102    9.6e-05    9.7e-05   0.000108   0.000132   0.000174   0.000235   0.000323    0.00045   0.000627    0.00087   0.001206   0.001663   0.002284   0.003126   0.004259   0.005779   0.007807   0.010503   0.014068   0.018759   0.024903   0.032909
         0    7.7e-05   0.000152   0.000223    0.00029    0.00035   0.000401   0.000445   0.000478   0.000502   0.000516   0.000519   0.000515   0.000501    0.00048   0.000452    0.00042   0.000384   0.000345   0.000304   0.000265   0.000225   0.000188   0.000154   0.000123    9.7e-05    7.6e-05    6.2e-05    5.4e-05    5.6e-05    6.7e-05    9.2e-05   0.000134   0.000197   0.000288   0.000417   0.000596   0.000846   0.001187   0.001653   0.002287   0.003146   0.004302   0.005851    0.00792   0.010669   0.014305    0.01909   0.025355   0.033521
         0    7.5e-05   0.000149   0.000219   0.000283   0.000341   0.000392   0.000433   0.000465   0.000487   0.000499   0.000501   0.000494   0.000479   0.000456   0.000428   0.000394   0.000356   0.000315   0.000274   0.000233   0.000192   0.000154   0.000118    8.6e-05      6e-05    3.9e-05    2.4e-05    1.7e-05    1.9e-05    3.1e-05    5.6e-05    9.9e-05   0.000162   0.000255   0.000387   0.000569   0.000822    0.00117   0.001644    0.00229   0.003163   0.004339   0.005915   0.008021   0.010817   0.014517   0.019384   0.025758   0.034066
         0    7.4e-05   0.000146   0.000215   0.000278   0.000334   0.000383   0.000423   0.000453   0.000473   0.000483   0.000484   0.000476    0.00046   0.000436   0.000405   0.000369    0.00033   0.000289   0.000246   0.000203   0.000162   0.000123    8.6e-05    5.5e-05    2.8e-05      7e-06     -9e-06   -1.5e-05   -1.4e-05     -2e-06    2.4e-05    6.6e-05   0.000132   0.000226    0.00036   0.000545   0.000802   0.001155   0.001637   0.002292   0.003179   0.004372   0.005973    0.00811    0.01095   0.014705   0.019645   0.026116   0.034549
         0    7.2e-05   0.000143   0.000211   0.000273   0.000328   0.000376   0.000414   0.000442   0.000462    0.00047    0.00047    0.00046   0.000442   0.000416   0.000385   0.000349   0.000308   0.000265   0.000222   0.000179   0.000136    9.7e-05      6e-05    2.8e-05          0   -2.2e-05   -3.6e-05   -4.4e-05   -4.2e-05   -2.9e-05     -3e-06    4.1e-05   0.000106   0.000202   0.000338   0.000526   0.000786   0.001144   0.001632   0.002296   0.003194   0.004403   0.006025   0.008191   0.011068   0.014871   0.019878   0.026434   0.034978
         0    7.2e-05   0.000141   0.000208   0.000269   0.000323    0.00037   0.000407   0.000434   0.000453   0.000461   0.000459   0.000447   0.000429   0.000402   0.000369   0.000332   0.000291   0.000248   0.000203   0.000159   0.000117    7.6e-05    3.9e-05      7e-06   -2.2e-05   -4.3e-05   -5.8e-05   -6.6e-05   -6.4e-05   -5.1e-05   -2.4e-05      2e-05    8.7e-05   0.000183    0.00032   0.000511   0.000776   0.001137   0.001631   0.002302    0.00321   0.004433   0.006074   0.008264   0.011173   0.015021   0.020085   0.026716   0.035357
         0    7.1e-05   0.000141   0.000206   0.000266    0.00032   0.000366   0.000402   0.000429   0.000446   0.000453   0.000451   0.000439    0.00042   0.000392   0.000359   0.000321   0.000279   0.000235    0.00019   0.000145   0.000102    6.2e-05    2.4e-05     -9e-06   -3.6e-05   -5.8e-05   -7.4e-05   -8.1e-05   -7.9e-05   -6.6e-05   -3.8e-05      6e-06    7.4e-05   0.000172    0.00031   0.000503    0.00077   0.001135   0.001634   0.002312   0.003229   0.004465   0.006122   0.008332   0.011271   0.015157    0.02027   0.026966   0.035693
         0    7.1e-05   0.000139   0.000205   0.000265   0.000318   0.000364   0.000399   0.000426   0.000444    0.00045   0.000448   0.000435   0.000415   0.000387   0.000354   0.000315   0.000273   0.000228   0.000183   0.000138    9.6e-05    5.4e-05    1.7e-05   -1.5e-05   -4.4e-05   -6.6e-05   -8.1e-05   -8.8e-05   -8.5e-05   -7.2e-05   -4.4e-05      1e-06    6.9e-05   0.000168   0.000308   0.000503   0.000771    0.00114   0.001643   0.002326   0.003252   0.004498   0.006169   0.008399   0.011363   0.015281   0.020437   0.027191   0.035991
         0    7.1e-05    0.00014   0.000206   0.000266   0.000319   0.000365   0.000401   0.000428   0.000444   0.000452   0.000449   0.000437   0.000417   0.000389   0.000355   0.000316   0.000274   0.000231   0.000185    0.00014    9.7e-05    5.6e-05    1.9e-05   -1.4e-05   -4.2e-05   -6.4e-05   -7.9e-05   -8.5e-05   -8.3e-05   -6.9e-05   -4.1e-05      5e-06    7.4e-05   0.000174   0.000314   0.000511   0.000782   0.001153    0.00166   0.002348    0.00328   0.004536   0.006218   0.008465   0.011451   0.015397   0.020592   0.027394   0.036259
         0    7.2e-05   0.000142   0.000209   0.000269   0.000324   0.000369   0.000407   0.000434   0.000452    0.00046   0.000457   0.000446   0.000426   0.000399   0.000365   0.000327   0.000285   0.000241   0.000196   0.000151   0.000108    6.7e-05    3.1e-05     -2e-06   -2.9e-05   -5.1e-05   -6.6e-05   -7.2e-05   -6.9e-05   -5.4e-05   -2.6e-05      2e-05      9e-05    0.00019   0.000332   0.000529   0.000802   0.001176   0.001687    0.00238   0.003317   0.004581   0.006274   0.008534   0.011538   0.015509   0.020736   0.027581     0.0365
         0    7.3e-05   0.000146   0.000213   0.000276   0.000332   0.000379   0.000418   0.000447   0.000465   0.000474   0.000473   0.000463   0.000444   0.000417   0.000385   0.000348   0.000307   0.000263    0.00022   0.000175   0.000132    9.2e-05    5.6e-05    2.4e-05     -3e-06   -2.4e-05   -3.8e-05   -4.4e-05   -4.1e-05   -2.6e-05      2e-06      5e-05   0.000119   0.000221   0.000364   0.000563   0.000837   0.001212   0.001725   0.002422   0.003366   0.004635   0.006337    0.00861   0.011629   0.015623   0.020877   0.027757   0.036724
         0    7.6e-05   0.000151   0.000222   0.000287   0.000345   0.000395   0.000436   0.000467   0.000488   0.000499     0.0005   0.000492   0.000475    0.00045   0.000419   0.000383   0.000343     0.0003   0.000258   0.000215   0.000174   0.000134    9.9e-05    6.6e-05    4.1e-05      2e-05      6e-06      1e-06      5e-06      2e-05      5e-05    9.7e-05   0.000167    0.00027   0.000414   0.000613   0.000889   0.001267   0.001782   0.002483    0.00343   0.004705   0.006415   0.008697    0.01173   0.015742   0.021019   0.027931   0.036938
         0      8e-05   0.000159   0.000233   0.000302   0.000365   0.000419   0.000464   0.000498   0.000522   0.000536    0.00054   0.000535   0.000521   0.000498    0.00047   0.000435   0.000397   0.000357   0.000316   0.000275   0.000235   0.000197   0.000162   0.000132   0.000106    8.7e-05    7.4e-05    6.9e-05    7.4e-05      9e-05   0.000119   0.000167   0.000239   0.000342   0.000487   0.000688   0.000964   0.001344   0.001862   0.002564   0.003515   0.004795   0.006512   0.008803   0.011848   0.015874   0.021171   0.028109    0.03715
         0    8.6e-05    0.00017   0.000251   0.000326   0.000394   0.000453   0.000503   0.000543   0.000572   0.000591   0.000599   0.000597   0.000587   0.000568   0.000543   0.000512   0.000478    0.00044   0.000401   0.000361   0.000323   0.000288   0.000255   0.000226   0.000202   0.000183   0.000172   0.000168   0.000174    0.00019   0.000221    0.00027   0.000342   0.000446   0.000591   0.000793   0.001071   0.001452   0.001971   0.002676    0.00363   0.004914   0.006637   0.008936    0.01199   0.016028   0.021343   0.028303   0.037372
         0    9.4e-05   0.000187   0.000276   0.000359   0.000435   0.000502   0.000559   0.000606   0.000642   0.000667   0.000682   0.000686   0.000682   0.000668   0.000648   0.000622   0.000591   0.000557   0.000521   0.000486    0.00045   0.000417   0.000387    0.00036   0.000338    0.00032    0.00031   0.000308   0.000314   0.000332   0.000364   0.000414   0.000487   0.000591   0.000738    0.00094   0.001219   0.001601   0.002122    0.00283   0.003786   0.005074     0.0068   0.009106   0.012168   0.016217   0.021546   0.028524   0.037617
         0   0.000106   0.000211   0.000311   0.000404   0.000492    0.00057   0.000637   0.000694    0.00074   0.000774   0.000798    0.00081   0.000814   0.000807   0.000794   0.000774   0.000749    0.00072    0.00069   0.000658   0.000627   0.000596   0.000569   0.000545   0.000526   0.000511   0.000503   0.000503   0.000511   0.000529   0.000563   0.000613   0.000688   0.000793    0.00094   0.001144   0.001424   0.001807   0.002329   0.003039   0.003998   0.005288   0.007019   0.009329   0.012398   0.016456   0.021797   0.028791   0.037904
         0   0.000122   0.000242   0.000359   0.000469   0.000571   0.000664   0.000745   0.000817   0.000876   0.000923   0.000958   0.000982   0.000996      0.001   0.000995   0.000984   0.000968   0.000946   0.000922   0.000896    0.00087   0.000846   0.000822   0.000802   0.000786   0.000776    0.00077   0.000771   0.000782   0.000802   0.000837   0.000889   0.000964   0.001071   0.001219   0.001424   0.001705   0.002089   0.002613   0.003323   0.004284   0.005578   0.007312   0.009627   0.012701   0.016767   0.022117   0.029124   0.038254
         0   0.000145   0.000286   0.000425   0.000555   0.000679   0.000792   0.000894   0.000984   0.001061   0.001126   0.001179   0.001218   0.001246   0.001264   0.001273   0.001274   0.001267   0.001256   0.001241   0.001224   0.001206   0.001187    0.00117   0.001155   0.001144   0.001137   0.001135    0.00114   0.001153   0.001176   0.001212   0.001267   0.001344   0.001452   0.001601   0.001807   0.002089   0.002475      0.003   0.003713   0.004675   0.005971   0.007707   0.010025   0.013105   0.017177   0.022535   0.029552   0.038696
         0   0.000175   0.000347   0.000514   0.000675   0.000827   0.000968   0.001097   0.001213   0.001316   0.001404   0.001479    0.00154   0.001589   0.001625   0.001652   0.001669   0.001678    0.00168   0.001677   0.001671   0.001663   0.001653   0.001644   0.001637   0.001632   0.001631   0.001634   0.001643    0.00166   0.001687   0.001725   0.001782   0.001862   0.001971   0.002122   0.002329   0.002613      0.003   0.003526   0.004239   0.005204   0.006502   0.008241   0.010563   0.013646   0.017723   0.023088   0.030114   0.039269
         0   0.000215   0.000429   0.000637   0.000838   0.001028   0.001207   0.001373   0.001525   0.001661   0.001783   0.001887   0.001978   0.002054   0.002117   0.002166   0.002205   0.002234   0.002255    0.00227   0.002279   0.002284   0.002287    0.00229   0.002292   0.002296   0.002302   0.002312   0.002326   0.002348    0.00238   0.002422   0.002483   0.002564   0.002676    0.00283   0.003039   0.003323   0.003713   0.004239   0.004955   0.005921    0.00722   0.008961   0.011286   0.014372   0.018454   0.023825   0.030858   0.040022
         0   0.000272    0.00054   0.000803   0.001057   0.001301   0.001531   0.001746   0.001946   0.002129   0.002294   0.002442   0.002571   0.002684    0.00278   0.002863   0.002932   0.002988   0.003034   0.003072   0.003101   0.003126   0.003146   0.003163   0.003179   0.003194    0.00321   0.003229   0.003252    0.00328   0.003317   0.003366    0.00343   0.003515    0.00363   0.003786   0.003998   0.004284   0.004675   0.005204   0.005921   0.006888   0.008189   0.009932   0.012259   0.015349   0.019434   0.024809   0.031847    0.04102
         0   0.000346   0.000689   0.001026   0.001352   0.001667   0.001967    0.00225   0.002514   0.002758   0.002984   0.003187    0.00337   0.003532   0.003677   0.003802   0.003911   0.004003   0.004083   0.004151   0.004209   0.004259   0.004302   0.004339   0.004372   0.004403   0.004433   0.004465   0.004498   0.004536   0.004581   0.004635   0.004705   0.004795   0.004914   0.005074   0.005288   0.005578   0.005971   0.006502    0.00722   0.008189   0.009492   0.011238   0.013566   0.016658   0.020746   0.026125   0.033169   0.042347
         0   0.000446    0.00089   0.001325    0.00175   0.002159   0.002551   0.002924   0.003276   0.003604   0.003908   0.004187   0.004441   0.004671   0.004877    0.00506   0.005223   0.005366   0.005491   0.005601   0.005695   0.005779   0.005851   0.005915   0.005973   0.006025   0.006074   0.006122   0.006169   0.006218   0.006274   0.006337   0.006415   0.006512   0.006637     0.0068   0.007019   0.007312   0.007707   0.008241   0.008961   0.009932   0.011238   0.012985   0.015315    0.01841     0.0225   0.027882    0.03493   0.044113
         0    0.00058   0.001157   0.001725   0.002279   0.002816   0.003332   0.003826   0.004293   0.004733   0.005142   0.005521   0.005871    0.00619   0.006479   0.006741   0.006975   0.007184    0.00737   0.007534   0.007679   0.007807    0.00792   0.008021    0.00811   0.008191   0.008264   0.008332   0.008399   0.008465   0.008534    0.00861   0.008697   0.008803   0.008936   0.009106   0.009329   0.009627   0.010025   0.010563   0.011286   0.012259   0.013566   0.015315   0.017647   0.020744   0.024836   0.030222   0.037272    0.04646
         0   0.000759   0.001513   0.002256   0.002982   0.003689    0.00437   0.005023   0.005644   0.006231   0.006782   0.007295   0.007771   0.008209    0.00861   0.008974   0.009303     0.0096   0.009866   0.010104   0.010315   0.010503   0.010669   0.010817    0.01095   0.011068   0.011173   0.011271   0.011363   0.011451   0.011538   0.011629    0.01173   0.011848    0.01199   0.012168   0.012398   0.012701   0.013105   0.013646   0.014372   0.015349   0.016658    0.01841   0.020744   0.023842   0.027937   0.033325   0.040378   0.049569
         0   0.000994   0.001983   0.002958   0.003913   0.004843   0.005742   0.006607   0.007432   0.008214   0.008951   0.009641   0.010284   0.010879   0.011426   0.011927   0.012382   0.012795   0.013168   0.013502   0.013801   0.014068   0.014305   0.014517   0.014705   0.014871   0.015021   0.015157   0.015281   0.015397   0.015509   0.015623   0.015742   0.015874   0.016028   0.016217   0.016456   0.016767   0.017177   0.017723   0.018454   0.019434   0.020746     0.0225   0.024836   0.027937   0.032034   0.037425    0.04448   0.053674
         0   0.001305   0.002601   0.003882   0.005138   0.006362   0.007549   0.008691   0.009783   0.010823   0.011806   0.012729   0.013591   0.014393   0.015133   0.015813   0.016435      0.017   0.017512   0.017974   0.018389   0.018759    0.01909   0.019384   0.019645   0.019878   0.020085    0.02027   0.020437   0.020592   0.020736   0.020877   0.021019   0.021171   0.021343   0.021546   0.021797   0.022117   0.022535   0.023088   0.023825   0.024809   0.026125   0.027882   0.030222   0.033325   0.037425   0.042816   0.049875   0.059071
         0   0.001711   0.003412   0.005092   0.006742   0.008351   0.009914   0.011419   0.012863    0.01424   0.015543   0.016772   0.017922   0.018995   0.019987   0.020903   0.021742   0.022508   0.023203    0.02383   0.024396   0.024903   0.025355   0.025758   0.026116   0.026434   0.026716   0.026966   0.027191   0.027394   0.027581   0.027757   0.027931   0.028109   0.028303   0.028524   0.028791   0.029124   0.029552   0.030114   0.030858   0.031847   0.033169    0.03493   0.037272   0.040378    0.04448   0.049875   0.056936   0.066134
         0    0.00224   0.004467   0.006669   0.008832   0.010944   0.012996   0.014976   0.016878   0.018692   0.020415    0.02204   0.023567   0.024991   0.026313   0.027535   0.028657   0.029684   0.030617   0.031463   0.032225   0.032909   0.033521   0.034066   0.034549   0.034978   0.035357   0.035693   0.035991   0.036259     0.0365   0.036724   0.036938    0.03715   0.037372   0.037617   0.037904   0.038254   0.038696   0.039269   0.040022    0.04102   0.042347   0.044113    0.04646   0.049569   0.053674   0.059071   0.066134   0.075335