         0          0          0          0          0          0          0          0          0          0          0          0          0          0          0          0          0          0          0          0          0          0          0          0          0          0          0          0          0          0          0          0          0          0          0          0          0          0          0          0          0          0          0          0          0          0          0          0          0          0
         0      1e-05    2.2e-05    3.3e-05    4.5e-05    5.8e-05    7.2e-05    8.8e-05   0.000105   0.000125   0.000149   0.000175   0.000206   0.000243   0.000287   0.000338     0.0004   0.000474   0.000562   0.000667   0.000793   0.000943   0.001123   0.001335   0.001589    0.00189   0.002247    0.00267   0.003169   0.003756   0.004447   0.005257   0.006206   0.007314   0.008604   0.010105   0.011848   0.013864   0.016193   0.018876   0.021961   0.025499   0.029548   0.034173   0.039441   0.045429   0.052218   0.059901   0.068572    0.07834
         0    2.2e-05    4.4e-05    6.7e-05    9.1e-05   0.000117   0.000145   0.000177   0.000212   0.000252   0.000298   0.000352   0.000414   0.000488   0.000575   0.000679   0.000803    0.00095   0.001126   0.001337   0.001588   0.001888   0.002246   0.002672   0.003179   0.003781   0.004494   0.005339   0.006335   0.007508   0.008888   0.010507   0.012402   0.014615   0.017195   0.020193   0.023673   0.027701   0.032353   0.037713   0.043876   0.050945   0.059035   0.068273   0.078797   0.090757   0.104322   0.119669   0.136993   0.156503
         0    3.3e-05    6.7e-05   0.000102   0.000139   0.000178   0.000221   0.000269   0.000322   0.000383   0.000451   0.000532   0.000626   0.000737   0.000868   0.001024    0.00121   0.001431   0.001695   0.002011   0.002387   0.002837   0.003373   0.004011   0.004771   0.005673    0.00674   0.008004   0.009496   0.011253   0.013319   0.015742    0.01858   0.021893   0.025755   0.030245   0.035455   0.041485    0.04845   0.056474   0.065701   0.076284   0.088397   0.102226   0.117982   0.135889   0.156197   0.179173   0.205108   0.234318
         0    4.5e-05    9.1e-05   0.000139   0.000189   0.000241     0.0003   0.000365   0.000436   0.000518   0.000611   0.000719   0.000846   0.000994   0.001169   0.001377   0.001624   0.001919   0.002272   0.002691   0.003193   0.003792   0.004505   0.005355   0.006365   0.007565   0.008986   0.010666    0.01265   0.014987   0.017735   0.020958   0.024731   0.029138   0.034274   0.040245   0.047172   0.055191   0.064452   0.075124   0.087393   0.101467   0.117572   0.135962   0.156914   0.180726    0.20773   0.238282   0.272771   0.311612
         0    5.8e-05   0.000117   0.000178   0.000241    0.00031   0.000385   0.000466   0.000557    0.00066   0.000779   0.000915   0.001073    0.00126    0.00148   0.001741    0.00205   0.002418   0.002858   0.003383   0.004009   0.004756   0.005646   0.006705   0.007964   0.009459    0.01123   0.013325   0.015797    0.01871   0.022133   0.026148   0.030849   0.036339   0.042737   0.050175   0.058805   0.068795   0.080332   0.093626   0.108909    0.12644   0.146504   0.169413   0.195511   0.225175   0.258814   0.296873   0.339834   0.388219
         0    7.2e-05   0.000145   0.000221     0.0003   0.000385   0.000475   0.000576   0.000688   0.000813   0.000957   0.001122   0.001314   0.001539   0.001804   0.002118   0.002489   0.002933    0.00346   0.004088   0.004838   0.005732   0.006797   0.008065   0.009571   0.011359   0.013476    0.01598   0.018936   0.022418   0.026509   0.031309   0.036927   0.043488   0.051133   0.060023   0.070336   0.082274   0.096061   0.111947   0.130211   0.151161   0.175136   0.202512   0.233698   0.269146   0.309343   0.354822    0.40616   0.463979
         0    8.8e-05   0.000177   0.000269   0.000365   0.000466   0.000576   0.000696   0.000829   0.000979   0.001149   0.001345   0.001571   0.001836   0.002146   0.002514   0.002948   0.003465    0.00408   0.004813   0.005686   0.006726   0.007965   0.009439    0.01119   0.013267   0.015727   0.018636   0.022069   0.026112   0.030863   0.036436    0.04296   0.050578   0.059454   0.069775   0.081749   0.095609   0.111614   0.130057   0.151261   0.175582   0.203416   0.235197   0.271403   0.312553   0.359219   0.412017   0.471615   0.538737
         0   0.000105   0.000212   0.000322   0.000436   0.000557   0.000688   0.000829   0.000986   0.001161    0.00136   0.001586   0.001849   0.002154   0.002512   0.002934   0.003432   0.004023   0.004726   0.005562   0.006557   0.007744   0.009155   0.010832   0.012825   0.015188   0.017987   0.021295   0.025198   0.029794   0.035196   0.041531   0.048946   0.057604   0.067693   0.079423   0.093031   0.108782   0.126972    0.14793   0.172027   0.199665   0.231296   0.267412   0.308555   0.355319   0.408349   0.468347   0.536074    0.61235
         0   0.000125   0.000252   0.000383   0.000518    0.00066   0.000813   0.000979   0.001161   0.001364   0.001593   0.001853   0.002152     0.0025   0.002906   0.003383   0.003946   0.004612   0.005403   0.006343   0.007462   0.008791   0.010373   0.012253   0.014484   0.017129   0.020261   0.023962   0.028328   0.033469   0.039511   0.046595   0.054885   0.064566   0.075845   0.088959   0.104171    0.12178   0.142113   0.165544   0.192479   0.223375   0.258732   0.299105   0.345095   0.397368   0.456646   0.523714    0.59942   0.684682
         0   0.000149   0.000298   0.000451   0.000611   0.000779   0.000957   0.001149    0.00136   0.001593   0.001854    0.00215   0.002489   0.002881   0.003337    0.00387     0.0045   0.005243   0.006122   0.007166   0.008405   0.009879    0.01163    0.01371   0.016176     0.0191    0.02256   0.026647   0.031468   0.037144   0.043812   0.051631    0.06078   0.071463   0.083909   0.098379   0.115164   0.134591   0.157026   0.182877   0.212595   0.246681    0.28569   0.330229   0.380969   0.438639   0.504035   0.578026   0.661547   0.755609
         0   0.000175   0.000352   0.000532   0.000719   0.000915   0.001122   0.001345   0.001586   0.001853    0.00215   0.002485   0.002866   0.003305   0.003813   0.004406   0.005102   0.005922   0.006892    0.00804   0.009402   0.011018   0.012937   0.015214   0.017913    0.02111   0.024892    0.02936   0.034627   0.040827   0.048109   0.056647   0.066637   0.078301   0.091888   0.107684   0.126008   0.147213   0.171702   0.199917   0.232354   0.269558   0.312135   0.360748   0.416128   0.479071   0.550448   0.631203   0.722361   0.825024
         0   0.000206   0.000414   0.000626   0.000846   0.001073   0.001314   0.001571   0.001849   0.002152   0.002489   0.002866   0.003293   0.003782   0.004345      0.005   0.005766   0.006666   0.007726   0.008979   0.010463   0.012222   0.014307   0.016779   0.019709   0.023176   0.027275   0.032114   0.037819   0.044531   0.052414   0.061655   0.072466   0.085087    0.09979    0.11688   0.136703   0.159644   0.186136   0.216658   0.251747   0.291991   0.338046   0.390631   0.450535    0.51862   0.595826   0.683177   0.781779   0.892826
         0   0.000243   0.000488   0.000737   0.000994    0.00126   0.001539   0.001836   0.002154     0.0025   0.002881   0.003305   0.003782   0.004324   0.004947   0.005667   0.006506   0.007487   0.008641   0.010001   0.011607   0.013509    0.01576   0.018426   0.021581   0.025314   0.029724   0.034929   0.041061   0.048275   0.056745   0.066672   0.078283   0.091837   0.107625   0.125975   0.147259    0.17189   0.200331   0.233098   0.270766   0.313969   0.363409   0.419857   0.484161   0.557247   0.640124    0.73389   0.839733   0.958935
         0   0.000287   0.000575   0.000868   0.001169    0.00148   0.001804   0.002146   0.002512   0.002906   0.003337   0.003813   0.004345   0.004947   0.005634   0.006422   0.007338   0.008405   0.009653   0.011122   0.012854   0.014898   0.017315   0.020173   0.023553   0.027546   0.032263   0.037824   0.044376   0.052079   0.061121   0.071717   0.084108   0.098569   0.115412   0.134988    0.15769   0.183962   0.214296   0.249243   0.289415    0.33549   0.388215   0.448413   0.516989   0.594928   0.683308   0.783301    0.89617   1.023285
         0   0.000338   0.000679   0.001024   0.001377   0.001741   0.002118   0.002514   0.002934   0.003383    0.00387   0.004406      0.005   0.005667   0.006422   0.007287   0.008283   0.009439   0.010789   0.012369   0.014227   0.016416   0.018998   0.022048    0.02565   0.029901   0.034918   0.040831   0.047791   0.055971   0.065572   0.076817   0.089966   0.105309   0.123177    0.14394   0.168019   0.195881   0.228049   0.265109   0.307707   0.356564    0.41247     0.4763   0.549011    0.63165    0.72536    0.83138   0.951053    1.08583
         0     0.0004   0.000803    0.00121   0.001624    0.00205   0.002489   0.002948   0.003432   0.003946     0.0045   0.005102   0.005766   0.006506   0.007338   0.008283   0.009367   0.010618   0.012071   0.013768   0.015756   0.018092   0.020842   0.024083   0.027905   0.032412   0.037723    0.04398    0.05134   0.059987   0.070131   0.082008   0.095892    0.11209   0.130951   0.152865   0.178276   0.207676   0.241618    0.28072   0.325664   0.377209    0.43619   0.503528   0.580236   0.667415   0.766272   0.878116   1.004361   1.146539
         0   0.000474    0.00095   0.001431   0.001919   0.002418   0.002933   0.003465   0.004023   0.004612   0.005243   0.005922   0.006666   0.007487   0.008405   0.009439   0.010618   0.011971   0.013536   0.015353   0.017476   0.019961    0.02288   0.026314   0.030356   0.035115   0.040719   0.047314   0.055066   0.064167   0.074838    0.08733   0.101927   0.118954   0.138774   0.161801   0.188498   0.219384    0.25504   0.296112   0.343318   0.397455   0.459401   0.530123   0.610683    0.70224   0.806058   0.923514   1.056093   1.205403
         0   0.000562   0.001126   0.001695   0.002272   0.002858    0.00346    0.00408   0.004726   0.005403   0.006122   0.006892   0.007726   0.008641   0.009653   0.010789   0.012071   0.013536   0.015217   0.017164   0.019426   0.022066   0.025159   0.028787   0.033049   0.038061   0.043954    0.05088   0.059015   0.068561   0.079746   0.092834   0.108122    0.12595   0.146699     0.1708   0.198737   0.231056   0.268361    0.31133   0.360714   0.417346   0.482145   0.556123   0.640387   0.736153   0.844744   0.967597   1.106267   1.262437
         0   0.000667   0.001337   0.002011   0.002691   0.003383   0.004088   0.004813   0.005562   0.006343   0.007166    0.00804   0.008979   0.010001   0.011122   0.012369   0.013768   0.015353   0.017164   0.019246   0.021657   0.024459   0.027729   0.031555   0.036041   0.041304   0.047483   0.054738   0.063249   0.073228   0.084915   0.098582   0.114539   0.133141   0.154785   0.179922   0.209055   0.242751   0.281643   0.326436   0.377913   0.436941    0.50448   0.581581   0.669402   0.769208   0.882378   1.010409   1.154924   1.317672
         0   0.000793   0.001588   0.002387   0.003193   0.004009   0.004838   0.005686   0.006557   0.007462   0.008405   0.009402   0.010463   0.011607   0.012854   0.014227   0.015756   0.017476   0.019426   0.021657   0.024224   0.027196   0.030652   0.034682   0.039393    0.04491   0.051376   0.058954   0.067837   0.078241   0.090416   0.104645   0.121252   0.140602   0.163111   0.189244   0.219526   0.254547   0.294962   0.341504   0.394988   0.456314   0.526476   0.606571   0.697798   0.801473   0.919027   1.052016   1.202124   1.371171
         0   0.000943   0.001888   0.002837   0.003792   0.004756   0.005732   0.006726   0.007744   0.008791   0.009879   0.011018   0.012222   0.013509   0.014898   0.016416   0.018092   0.019961   0.022066   0.024459   0.027196    0.03035   0.033999    0.03824   0.043183   0.048957    0.05571   0.063613   0.072862   0.083683   0.096335   0.111111   0.128347   0.148422   0.171764   0.198856   0.230243   0.266534    0.30841   0.356628   0.412031   0.475555   0.548227   0.631183   0.725666   0.833037   0.954779   1.092504   1.247956   1.423018
         0   0.001123   0.002246   0.003373   0.004505   0.005646   0.006797   0.007965   0.009155   0.010373    0.01163   0.012937   0.014307    0.01576   0.017315   0.018998   0.020842    0.02288   0.025159   0.027729   0.030652   0.033999   0.037855   0.042317     0.0475   0.053537   0.060581   0.068807   0.078421   0.089653   0.102773   0.118084    0.13593   0.156704   0.180849   0.208865   0.241312   0.278821   0.322094   0.371916   0.429155   0.494777   0.569845    0.65553   0.753118   0.864014   0.989749   1.131988   1.292532   1.473326
         0   0.001335   0.002672   0.004011   0.005355   0.006705   0.008065   0.009439   0.010832   0.012253    0.01371   0.015214   0.016779   0.018426   0.020173   0.022048   0.024083   0.026314   0.028787   0.031555   0.034682    0.03824   0.042317   0.047013   0.052447   0.058755   0.066096    0.07465   0.084627   0.096268   0.109848   0.125681    0.14412   0.165573   0.190493   0.219396   0.252862   0.291538   0.336148     0.3875   0.446491   0.514114   0.591464    0.67975   0.780292   0.894542   1.024076   1.170607   1.335993   1.522237
         0   0.001589   0.003179   0.004771   0.006365   0.007964   0.009571    0.01119   0.012825   0.014484   0.016176   0.017913   0.019709   0.021581   0.023553    0.02565   0.027905   0.030356   0.033049   0.036041   0.039393   0.043183     0.0475   0.052447   0.058147   0.064737   0.072383    0.08127   0.091614   0.103663   0.117698   0.134042   0.153061   0.175171   0.200841   0.230599   0.265043   0.304835   0.350723   0.403535   0.464196   0.533723   0.613244      0.704   0.807352   0.924786   1.057925   1.208532   1.378512   1.569926
         0    0.00189   0.003781   0.005673   0.007565   0.009459   0.011359   0.013267   0.015188   0.017129     0.0191    0.02111   0.023176   0.025314   0.027546   0.029901   0.032412   0.035115   0.038061   0.041304    0.04491   0.048957   0.053537   0.058755   0.064737   0.071627    0.07959   0.088819   0.099536   0.111993   0.126481   0.143331   0.162918   0.185668   0.212063   0.242646   0.278027   0.318889   0.365998   0.420204   0.482452    0.55379   0.635374   0.728474   0.834489   0.954941   1.091498   1.245963   1.420294   1.616603
         0   0.002247   0.004494    0.00674   0.008986    0.01123   0.013476   0.015727   0.017987   0.020261    0.02256   0.024892   0.027275   0.029724   0.032263   0.034918   0.037723   0.040719   0.043954   0.047483   0.051376    0.05571   0.060581   0.066096   0.072383    0.07959   0.087887   0.097472    0.10857   0.121442   0.136384   0.153736   0.173882   0.197257   0.224357   0.255735   0.292018   0.333906   0.382181   0.437715   0.501474   0.574531   0.658071   0.753393   0.861928   0.985238   1.125025   1.283138    1.46158   1.662513
         0    0.00267   0.005339   0.008004   0.010666   0.013325    0.01598   0.018636   0.021295   0.023962   0.026647    0.02936   0.032114   0.034929   0.037824   0.040831    0.04398   0.047314    0.05088   0.054738   0.058954   0.063613   0.068807    0.07465    0.08127   0.088819   0.097472   0.107429   0.118922   0.132219    0.14762   0.165473   0.186172   0.210162   0.237948   0.270098   0.307251   0.350123   0.399513   0.456311   0.521508   0.596197   0.681589   0.779015   0.889933    1.01594   1.158776   1.320331    1.50265   1.707942
         0   0.003169   0.006335   0.009496    0.01265   0.015797   0.018936   0.022069   0.025198   0.028328   0.031468   0.034627   0.037819   0.041061   0.044376   0.047791    0.05134   0.055066   0.059015   0.063249   0.067837   0.072862   0.078421   0.084627   0.091614   0.099536    0.10857   0.118922    0.13083   0.144564   0.160434   0.178793   0.200044   0.224641     0.2531   0.286001   0.323994   0.367812   0.418268   0.476273   0.542837   0.619075   0.706222   0.805634   0.918802   1.047354   1.193064   1.357858   1.543826   1.753219
         0   0.003756   0.007508   0.011253   0.014987    0.01871   0.022418   0.026112   0.029794   0.033469   0.037144   0.040827   0.044531   0.048275   0.052079   0.055971   0.059987   0.064167   0.068561   0.073228   0.078241   0.083683   0.089653   0.096268   0.103663   0.111993   0.121442   0.132219   0.144564   0.158755   0.175108   0.193982   0.215789    0.24099   0.270113   0.303746   0.342556   0.387285   0.438766   0.497924   0.565787   0.643493     0.7323   0.833591    0.94888   1.079828   1.228242   1.396083    1.58548   1.798723
         0   0.004447   0.008888   0.013319   0.017735   0.022133   0.026509   0.030863   0.035196   0.039511   0.043812   0.048109   0.052414   0.056745   0.061121   0.065572   0.070131   0.074838   0.079746   0.084915   0.090416   0.096335   0.102773   0.109848   0.117698   0.126481   0.136384    0.14762   0.160434   0.175108   0.191963   0.211368   0.233738   0.259547   0.289328   0.323683   0.363288     0.4089   0.461365   0.521626   0.590728   0.669829   0.760208   0.863271    0.98056   1.113762   1.264716   1.435418   1.628029   1.844883
         0   0.005257   0.010507   0.015742   0.020958   0.026148   0.031309   0.036436   0.041531   0.046595   0.051631   0.056647   0.061655   0.066672   0.071717   0.076817   0.082008    0.08733   0.092834   0.098582   0.104645   0.111111   0.118084   0.125681   0.134042   0.143331   0.153736   0.165473   0.178793   0.193982   0.211368   0.231324   0.254272   0.280696   0.311137   0.346206   0.386592   0.433063   0.486479   0.547799   0.618083    0.69851   0.790376   0.895113   1.014286   1.149608   1.302946   1.476328   1.671952   1.892182
         0   0.006206   0.012402    0.01858   0.024731   0.030849   0.036927    0.04296   0.048946   0.054885    0.06078   0.066637   0.072466   0.078283   0.084108   0.089966   0.095892   0.101927   0.108122   0.114539   0.121252   0.128347    0.13593    0.14412   0.153061   0.162918   0.173882   0.186172   0.200044   0.215789   0.233738   0.254272   0.277822   0.304874   0.335982   0.371766   0.412923   0.460235   0.514575   0.576913   0.648331    0.73002   0.823297   0.929615   1.050562   1.187876   1.343451   1.519343   1.717782   1.941167
         0   0.007314   0.014615   0.021893   0.029138   0.036339   0.043488   0.050578   0.057604   0.064566   0.071463   0.078301   0.085087   0.091837   0.098569   0.105309    0.11209   0.118954    0.12595   0.133141   0.140602   0.148422   0.156704   0.165573   0.175171   0.185668   0.197257   0.210162   0.224641    0.24099   0.259547   0.280696   0.304874   0.332579   0.364368   0.400871   0.442797   0.490939    0.54618   0.609506   0.682012   0.764906   0.859526   0.967339   1.089958   1.229143   1.386815   1.565056   1.766125   1.992453
         0   0.008604   0.017195   0.025755   0.034274   0.042737   0.051133   0.059454   0.067693   0.075845   0.083909   0.091888    0.09979   0.107625   0.115412   0.123177   0.130951   0.138774   0.146699   0.154785   0.163111   0.171764   0.180849   0.190493   0.200841   0.212063   0.224357   0.237948     0.2531   0.270113   0.289328   0.311137   0.335982   0.364368    0.39686   0.434097   0.476797   0.525762    0.58189   0.646179   0.719736   0.803787   0.899684   1.008915   1.133112   1.274057   1.433694   1.614132   1.817656   2.046727
         0   0.010105   0.020193   0.030245   0.040245   0.050175   0.060023   0.069775   0.079423   0.088959   0.098379   0.107684    0.11688   0.125975   0.134988    0.14394   0.152865   0.161801     0.1708   0.179922   0.189244   0.198856   0.208865   0.219396   0.230599   0.242646   0.255735   0.270098   0.286001   0.303746   0.323683   0.346206   0.371766   0.400871   0.434097    0.47209   0.515576    0.56537   0.622377    0.68761   0.762189   0.847354   0.944473   1.055052   1.180741   1.323343   1.484824   1.667316   1.873128   2.104755
         0   0.011848   0.023673   0.035455   0.047172   0.058805   0.070336   0.081749   0.093031   0.104171   0.115164   0.126008   0.136703   0.147259    0.15769   0.168019   0.178276   0.188498   0.198737   0.209055   0.219526   0.230243   0.241312   0.252862   0.265043   0.278027   0.292018   0.307251   0.323994   0.342556   0.363288   0.386592   0.412923   0.442797   0.476797   0.515576   0.559871   0.610504   0.668393    0.73456   0.810139   0.896383   0.994678   1.106544   1.233647   1.377812   1.541023   1.725437   1.933387   2.167389
         0   0.013864   0.027701   0.041485   0.055191   0.068795   0.082274   0.095609   0.108782    0.12178   0.134591   0.147213   0.159644    0.17189   0.183962   0.195881   0.207676   0.219384   0.231056   0.242751   0.254547   0.266534   0.278821   0.291538   0.304835   0.318889   0.333906   0.350123   0.367812   0.387285     0.4089   0.433063   0.460235   0.490939   0.525762    0.56537   0.610504   0.661996   0.720777   0.787877   0.864444   0.951744   1.051175   1.164274   1.292723   1.438366   1.603207   1.789421   1.999364   2.235578
         0   0.016193   0.032353    0.04845   0.064452   0.080332   0.096061   0.111614   0.126972   0.142113   0.157026   0.171702   0.186136   0.200331   0.214296   0.228049   0.241618    0.25504   0.268361   0.281643   0.294962    0.30841   0.322094   0.336148   0.350723   0.365998   0.382181   0.399513   0.418268   0.438766   0.461365   0.486479   0.514575    0.54618    0.58189   0.622377   0.668393   0.720777   0.780468   0.848511   0.926063   1.014401   1.114939   1.229228   1.358966   1.506012   1.672389   1.860293   2.072098    2.31037
         0   0.018876   0.037713   0.056474   0.075124   0.093626   0.111947   0.130057    0.14793   0.165544   0.182877   0.199917   0.216658   0.233098   0.249243   0.265109    0.28072   0.296112    0.31133   0.326436   0.341504   0.356628   0.371916     0.3875   0.403535   0.420204   0.437715   0.456311   0.476273   0.497924   0.521626   0.547799   0.576913   0.609506   0.646179    0.68761    0.73456   0.787877   0.848511   0.917515   0.996057   1.085429   1.187055   1.302498   1.433477   1.581862   1.749694   1.939187   2.152737   2.392927
         0   0.021961   0.043876   0.065701   0.087393   0.108909   0.130211   0.151261   0.172027   0.192479   0.212595   0.232354   0.251747   0.270766   0.289415   0.307707   0.325664   0.343318   0.360714   0.377913   0.394988   0.412031   0.429155   0.446491   0.464196   0.482452   0.501474   0.521508   0.542837   0.565787   0.590728   0.618083   0.648331   0.682012   0.719736   0.762189   0.810139   0.864444   0.926063   0.996057   1.075607   1.166016   1.268721   1.385298   1.517477   1.667148   1.836364   2.027358   2.242545   2.484526
         0   0.025499   0.050945   0.076284   0.101467    0.12644   0.151161   0.175582   0.199665   0.223375   0.246681   0.269558   0.291991   0.313969    0.33549   0.356564   0.377209   0.397455   0.417346   0.436941   0.456314   0.475555   0.494777   0.514114   0.533723    0.55379   0.574531   0.596197   0.619075   0.643493   0.669829    0.69851    0.73002   0.764906   0.803787   0.847354   0.896383   0.951744   1.014401   1.085429   1.166016   1.257478   1.361262   1.478961   1.612315   1.763227   1.933769   2.126189   2.342916   2.586573
         0   0.029548   0.059035   0.088397   0.117572   0.146504   0.175136   0.203416   0.231296   0.258732    0.28569   0.312135   0.338046   0.363409   0.388215    0.41247    0.43619   0.459401   0.482145    0.50448   0.526476   0.548227   0.569845   0.591464   0.613244   0.635374   0.658071   0.681589   0.706222     0.7323   0.760208   0.790376   0.823297   0.859526   0.899684   0.944473   0.994678   1.051175   1.114939   1.187055   1.268721   1.361262   1.466142   1.584959   1.719471   1.871595   2.043415   2.237195   2.455381   2.700613
         0   0.034173   0.068273   0.102226   0.135962   0.169413   0.202512   0.235197   0.267412   0.299105   0.330229   0.360748   0.390631   0.419857   0.448413     0.4763   0.503528   0.530123   0.556123   0.581581   0.606571   0.631183    0.65553    0.67975      0.704   0.728474   0.753393   0.779015   0.805634   0.833591   0.863271   0.895113   0.929615   0.967339   1.008915   1.055052   1.106544   1.164274   1.229228   1.302498   1.385298   1.478961   1.584959   1.704907   1.840575    1.99389   2.166951    2.36204   2.581614   2.828331
         0   0.039441   0.078797   0.117982   0.156914   0.195511   0.233698   0.271403   0.308555   0.345095   0.380969   0.416128   0.450535   0.484161   0.516989   0.549011   0.580236   0.610683   0.640387   0.669402   0.697798   0.725666   0.753118   0.780292   0.807352   0.834489   0.861928   0.889933   0.918802    0.94888    0.98056   1.014286   1.050562   1.089958   1.133112   1.180741   1.233647   1.292723   1.358966   1.433477   1.517477   1.612315   1.719471   1.840575   1.977404   2.131903   2.306185    2.50254   2.723446   2.971572
         0   0.045429   0.090757   0.135889   0.180726   0.225175   0.269146   0.312553   0.355319   0.397368   0.438639   0.479071    0.51862   0.557247   0.594928    0.63165   0.667415    0.70224   0.736153   0.769208   0.801473   0.833037   0.864014   0.894542   0.924786   0.954941   0.985238    1.01594   1.047354   1.079828   1.113762   1.149608   1.187876   1.229143   1.274057   1.323343   1.377812   1.438366   1.506012   1.581862   1.667148   1.763227   1.871595    1.99389   2.131903   2.287591   2.463081   2.660677   2.882869   3.132343
         0   0.052218   0.104322   0.156197    0.20773   0.258814   0.309343   0.359219   0.408349   0.456646   0.504035   0.550448   0.595826   0.640124   0.683308    0.72536   0.766272   0.806058   0.844744   0.882378   0.919027   0.954779   0.989749   1.024076   1.057925   1.091498   1.125025   1.158776   1.193064   1.228242   1.264716   1.302946   1.343451   1.386815   1.433694   1.484824   1.541023   1.603207   1.672389   1.749694   1.836364   1.933769   2.043415   2.166951   2.306185   2.463081   2.639781   2.838602   3.062049   3.312821
         0   0.059901   0.119669   0.179173   0.238282   0.296873   0.354822   0.412017   0.468347   0.523714   0.578026   0.631203   0.683177    0.73389   0.783301    0.83138   0.878116   0.923514   0.967597   1.010409   1.052016   1.092504   1.131988   1.170607   1.208532   1.245963   1.283138   1.320331   1.357858   1.396083   1.435418   1.476328   1.519343   1.565056   1.614132   1.667316   1.725437   1.789421   1.860293   1.939187   2.027358   2.126189   2.237195    2.36204    2.50254   2.660677   2.838602   3.038647   3.263331   3.515365
         0   0.068572   0.136993   0.205108   0.272771   0.339834    0.40616   0.471615   0.536074    0.59942   0.661547   0.722361   0.781779   0.839733    0.89617   0.951053   1.004361   1.056093   1.106267   1.154924   1.202124   1.247956   1.292532   1.335993   1.378512   1.420294    1.46158    1.50265   1.543826    1.58548   1.628029   1.671952   1.717782   1.766125   1.817656   1.873128   1.933387   1.999364   2.072098   2.152737   2.242545   2.342916   2.455381   2.581614   2.723446   2.882869   3.062049   3.263331   3.489246   3.742519
         0    0.07834   0.156503   0.234318   0.311612   0.388219   0.463979   0.538737    0.61235   0.684682   0.755609   0.825024   0.892826   0.958935   1.023285    1.08583   1.146539   1.205403   1.262437   1.317672   1.371171   1.423018   1.473326   1.522237   1.569926   1.616603   1.662513   1.707942   1.753219   1.798723   1.844883   1.892182   1.941167   1.992453   2.046727   2.104755   2.167389   2.235578    2.31037   2.392927   2.484526   2.586573   2.700613   2.828331   2.971572   3.132343   3.312821   3.515365   3.742519   3.997022