         0          0          0          0          0          0          0          0          0          0          0          0          0          0          0          0          0          0          0          0          0          0          0          0          0          0          0          0          0          0          0          0          0          0          0          0          0          0          0          0          0          0          0          0          0          0          0          0          0          0
         0      6e-06    1.3e-05    1.8e-05    2.4e-05    2.9e-05    3.5e-05      4e-05    4.4e-05    4.7e-05    5.1e-05    5.3e-05    5.6e-05    5.8e-05    5.9e-05    6.1e-05    6.1e-05    6.2e-05    6.2e-05    6.2e-05    6.2e-05    6.2e-05    6.2e-05    6.2e-05    6.4e-05    6.6e-05    6.9e-05    7.4e-05    8.1e-05      9e-05   0.000104   0.000123   0.000147   0.000179   0.000222   0.000279   0.000352   0.000447   0.000572   0.000731   0.000936   0.001198    0.00153   0.001953   0.002486   0.003157   0.003995   0.005044   0.006344   0.007953
         0    1.3e-05    2.5e-05    3.6e-05    4.7e-05    5.9e-05    6.9e-05    7.8e-05    8.6e-05    9.4e-05     0.0001   0.000107   0.000111   0.000115   0.000118   0.000119   0.000121   0.000122   0.000122   0.000122   0.000122   0.000122   0.000123   0.000124   0.000127   0.000132   0.000138   0.000147   0.000161   0.000181   0.000207   0.000244   0.000292   0.000357   0.000442   0.000555   0.000702   0.000892   0.001139   0.001457   0.001866   0.002388   0.003054   0.003896   0.004961   0.006299   0.007975   0.010064    0.01266   0.015872
         0    1.8e-05    3.6e-05    5.4e-05    7.1e-05    8.7e-05   0.000102   0.000116   0.000129    0.00014   0.000149   0.000158   0.000165   0.000171   0.000174   0.000178   0.000179   0.000181   0.000181   0.000181   0.000181   0.000181   0.000182   0.000184   0.000188   0.000195   0.000204   0.000218   0.000239   0.000268   0.000308   0.000361   0.000435   0.000531   0.000659   0.000827   0.001046   0.001331     0.0017   0.002176   0.002787   0.003569   0.004562   0.005822   0.007413   0.009413   0.011918   0.015042   0.018923   0.023725
         0    2.4e-05    4.7e-05    7.1e-05    9.4e-05   0.000114   0.000134   0.000152   0.000169   0.000184   0.000196   0.000207   0.000216   0.000223   0.000229   0.000232   0.000235   0.000236   0.000237   0.000237   0.000237   0.000238   0.000238   0.000241   0.000246   0.000254   0.000267   0.000286   0.000314   0.000351   0.000405   0.000476   0.000572   0.000701    0.00087   0.001093   0.001384   0.001762   0.002252   0.002884   0.003695   0.004731    0.00605   0.007722   0.009833   0.012487    0.01581   0.019956   0.025106   0.031477
         0    2.9e-05    5.9e-05    8.7e-05   0.000114    0.00014   0.000165   0.000187   0.000207   0.000224    0.00024   0.000253   0.000265   0.000273    0.00028   0.000284   0.000287   0.000289    0.00029    0.00029   0.000289    0.00029    0.00029   0.000293     0.0003    0.00031   0.000325   0.000349   0.000384   0.000431   0.000497   0.000586   0.000705   0.000864   0.001075   0.001352   0.001713   0.002183   0.002793   0.003577   0.004584   0.005872    0.00751   0.009586   0.012209   0.015506   0.019635   0.024785   0.031182   0.039097
         0    3.5e-05    6.9e-05   0.000102   0.000134   0.000165   0.000193   0.000219   0.000243   0.000263   0.000282   0.000297   0.000309    0.00032   0.000327   0.000332   0.000336   0.000337   0.000337   0.000337   0.000336   0.000337   0.000338   0.000342   0.000349   0.000361   0.000379   0.000408   0.000448   0.000505   0.000583   0.000688   0.000831   0.001021   0.001271   0.001601   0.002032   0.002592   0.003317   0.004251   0.005451   0.006984   0.008935    0.01141   0.014532   0.018459   0.023377   0.029511    0.03713   0.046556
         0      4e-05    7.8e-05   0.000116   0.000152   0.000187   0.000219   0.000248   0.000275   0.000298    0.00032   0.000337   0.000351   0.000361    0.00037   0.000376   0.000378    0.00038    0.00038   0.000379   0.000379   0.000379    0.00038   0.000384   0.000392   0.000406   0.000427    0.00046   0.000507   0.000572   0.000663   0.000785    0.00095   0.001169   0.001459    0.00184   0.002338   0.002986   0.003824   0.004905   0.006293   0.008065   0.010322   0.013182   0.016793   0.021335   0.027022   0.034115   0.042926   0.053827
         0    4.4e-05    8.6e-05   0.000129   0.000169   0.000207   0.000243   0.000275   0.000304   0.000331   0.000352   0.000372   0.000387   0.000399   0.000408   0.000414   0.000417   0.000419   0.000418   0.000417   0.000416   0.000415   0.000417    0.00042   0.000429   0.000445    0.00047   0.000506   0.000559   0.000633   0.000735   0.000873    0.00106   0.001308   0.001636   0.002067   0.002631   0.003363   0.004312   0.005535   0.007105    0.00911   0.011663     0.0149   0.018985   0.024123   0.030557   0.038582    0.04855   0.060883
         0    4.7e-05    9.4e-05    0.00014   0.000184   0.000224   0.000263   0.000298   0.000331   0.000358   0.000383   0.000403   0.000419   0.000432   0.000441   0.000447    0.00045   0.000451    0.00045   0.000448   0.000446   0.000446   0.000447   0.000451   0.000462   0.000478   0.000505   0.000546   0.000604   0.000687     0.0008   0.000954   0.001161   0.001437   0.001802   0.002281   0.002907   0.003723   0.004778   0.006138   0.007884   0.010115   0.012955   0.016555   0.021099   0.026814   0.033971   0.042897   0.053985   0.067703
         0    5.1e-05     0.0001   0.000149   0.000196    0.00024   0.000282    0.00032   0.000352   0.000383   0.000408   0.000429   0.000446   0.000459   0.000469   0.000474   0.000477   0.000478   0.000476   0.000474   0.000471    0.00047   0.000471   0.000476   0.000486   0.000504   0.000534   0.000578   0.000642   0.000732   0.000857   0.001025   0.001253   0.001556   0.001956   0.002482   0.003169   0.004064   0.005222   0.006714    0.00863   0.011078   0.014193   0.018144    0.02313     0.0294   0.037253   0.047048   0.059214   0.074266
         0    5.3e-05   0.000107   0.000158   0.000207   0.000253   0.000297   0.000337   0.000372   0.000403   0.000429   0.000452   0.000469   0.000482   0.000491   0.000496   0.000499   0.000499   0.000497   0.000494    0.00049   0.000489   0.000489   0.000493   0.000505   0.000524   0.000556   0.000604   0.000674   0.000771   0.000906   0.001089   0.001335   0.001664   0.002098   0.002668   0.003415   0.004386   0.005642    0.00726   0.009339   0.011995   0.015376   0.019662   0.025073   0.031876   0.040396   0.051022   0.064224   0.080555
         0    5.6e-05   0.000111   0.000165   0.000216   0.000265   0.000309   0.000351   0.000387   0.000419   0.000446   0.000469   0.000487   0.000499   0.000508   0.000513   0.000515   0.000513   0.000511   0.000507   0.000503   0.000501   0.000501   0.000506   0.000517   0.000538   0.000572   0.000623   0.000698   0.000802   0.000947   0.001144   0.001409   0.001761   0.002228   0.002842   0.003643   0.004686   0.006037   0.007778   0.010011   0.012866     0.0165   0.021106   0.026921   0.034234   0.043392   0.054814   0.069002   0.086556
         0    5.8e-05   0.000115   0.000171   0.000223   0.000273    0.00032   0.000361   0.000399   0.000432   0.000459   0.000482   0.000499   0.000512   0.000521   0.000524   0.000526   0.000524    0.00052   0.000515    0.00051   0.000506   0.000506   0.000511   0.000523   0.000545    0.00058   0.000636   0.000715   0.000826    0.00098    0.00119   0.001473   0.001849   0.002346      0.003   0.003855   0.004967   0.006407   0.008262   0.010644   0.013689   0.017563   0.022474   0.028675   0.036472   0.046237   0.058415   0.073544    0.09226
         0    5.9e-05   0.000118   0.000174   0.000229    0.00028   0.000327    0.00037   0.000408   0.000441   0.000469   0.000491   0.000508   0.000521   0.000527   0.000531   0.000531   0.000528   0.000524   0.000517   0.000512   0.000508   0.000507   0.000512   0.000524   0.000547   0.000584   0.000641   0.000726   0.000843   0.001006   0.001229   0.001527   0.001925   0.002453   0.003145    0.00405   0.005227   0.006752   0.008717   0.011239   0.014462   0.018565   0.023765   0.030331   0.038587   0.048926   0.061821    0.07784   0.097657
         0    6.1e-05   0.000119   0.000178   0.000232   0.000284   0.000332   0.000376   0.000414   0.000447   0.000474   0.000496   0.000513   0.000524   0.000531   0.000534   0.000532   0.000528   0.000523   0.000516   0.000509   0.000505   0.000503   0.000507    0.00052   0.000543   0.000582   0.000643    0.00073   0.000855   0.001026    0.00126   0.001575   0.001994   0.002548   0.003277    0.00423   0.005468   0.007073   0.009141   0.011795   0.015187   0.019505   0.024978   0.031888   0.040576   0.051458   0.065029   0.081887   0.102744
         0    6.1e-05   0.000121   0.000179   0.000235   0.000287   0.000336   0.000378   0.000417    0.00045   0.000477   0.000499   0.000515   0.000526   0.000531   0.000532   0.000531   0.000525   0.000518    0.00051   0.000503   0.000497   0.000495   0.000499   0.000511   0.000536   0.000577    0.00064   0.000731   0.000861   0.001041   0.001285   0.001614   0.002053   0.002634   0.003396   0.004393   0.005691    0.00737   0.009535   0.012313   0.015864   0.020384   0.026113   0.033347   0.042442   0.053831   0.068038   0.085686   0.107518
         0    6.2e-05   0.000122   0.000181   0.000236   0.000289   0.000337    0.00038   0.000419   0.000451   0.000478   0.000499   0.000513   0.000524   0.000528   0.000528   0.000525   0.000519   0.000511   0.000502   0.000493   0.000486   0.000484   0.000488     0.0005   0.000526   0.000569   0.000633   0.000729   0.000864   0.001051   0.001305   0.001648   0.002105    0.00271   0.003504   0.004544   0.005894   0.007644     0.0099   0.012794   0.016494   0.021202   0.027171   0.034707   0.044182   0.056049   0.070849   0.089235   0.111981
         0    6.2e-05   0.000122   0.000181   0.000237    0.00029   0.000337    0.00038   0.000418    0.00045   0.000476   0.000497   0.000511    0.00052   0.000524   0.000523   0.000518   0.000511   0.000501   0.000491   0.000482   0.000475   0.000471   0.000474   0.000487   0.000514   0.000557   0.000625   0.000723   0.000863   0.001058   0.001321   0.001677   0.002151   0.002778   0.003603   0.004681   0.006082   0.007898   0.010237    0.01324   0.017078   0.021963   0.028154   0.035972   0.045803   0.058112   0.073467   0.092539   0.116136
         0    6.2e-05   0.000122   0.000181   0.000237    0.00029   0.000337   0.000379   0.000417   0.000448   0.000474   0.000494   0.000507   0.000515   0.000517   0.000516    0.00051   0.000502   0.000491    0.00048   0.000469   0.000461   0.000458   0.000461   0.000474     0.0005   0.000545   0.000615   0.000718   0.000862   0.001062   0.001335   0.001702   0.002192    0.00284   0.003692   0.004807   0.006255   0.008131    0.01055   0.013652   0.017618   0.022666   0.029066   0.037145   0.047303   0.060026   0.075893   0.095604    0.11999
         0    6.2e-05   0.000122   0.000181   0.000237   0.000289   0.000336   0.000379   0.000416   0.000446   0.000471    0.00049   0.000503    0.00051   0.000512   0.000509   0.000503   0.000493   0.000482   0.000469   0.000458    0.00045   0.000445   0.000449   0.000462   0.000488   0.000535   0.000607   0.000712    0.00086   0.001067   0.001348   0.001726    0.00223   0.002899   0.003776   0.004923   0.006415   0.008348   0.010838   0.014033   0.018119   0.023318   0.029909   0.038229   0.048691   0.061794   0.078136   0.098436   0.123551
         0    6.2e-05   0.000122   0.000181   0.000238    0.00029   0.000337   0.000379   0.000415   0.000446    0.00047   0.000489   0.000501   0.000506   0.000508   0.000505   0.000497   0.000486   0.000475   0.000461    0.00045    0.00044   0.000435   0.000439   0.000452    0.00048   0.000528   0.000601   0.000708   0.000862   0.001073   0.001362   0.001751   0.002269   0.002953   0.003855   0.005033   0.006565   0.008549   0.011106   0.014387   0.018581   0.023919   0.030686   0.039229   0.049971   0.063423   0.080202   0.101045    0.12683
         0    6.2e-05   0.000123   0.000182   0.000238    0.00029   0.000338    0.00038   0.000417   0.000447   0.000471   0.000489   0.000501   0.000506   0.000507   0.000503   0.000495   0.000484   0.000471   0.000458   0.000445   0.000435   0.000431   0.000434   0.000448   0.000477   0.000525   0.000601    0.00071   0.000867   0.001084    0.00138   0.001777   0.002308    0.00301   0.003933   0.005139   0.006708   0.008739   0.011356   0.014717   0.019011   0.024476   0.031404   0.040151   0.051149   0.064922   0.082101    0.10344    0.12984
         0    6.2e-05   0.000124   0.000184   0.000241   0.000293   0.000342   0.000384    0.00042   0.000451   0.000476   0.000493   0.000506   0.000511   0.000512   0.000507   0.000499   0.000488   0.000474   0.000461   0.000449   0.000439   0.000434   0.000437   0.000451   0.000481   0.000531   0.000608   0.000721    0.00088   0.001103   0.001405   0.001811   0.002353    0.00307   0.004012   0.005244   0.006847   0.008921   0.011595   0.015026   0.019411   0.024993   0.032068      0.041   0.052233   0.066298   0.083842   0.105635   0.132596
         0    6.4e-05   0.000127   0.000188   0.000246     0.0003   0.000349   0.000392   0.000429   0.000462   0.000486   0.000505   0.000517   0.000523   0.000524    0.00052   0.000511     0.0005   0.000487   0.000474   0.000462   0.000452   0.000448   0.000451   0.000467   0.000496   0.000548   0.000626   0.000742   0.000906   0.001131    0.00144   0.001854   0.002406   0.003137   0.004097   0.005353   0.006986     0.0091   0.011824    0.01532   0.019788   0.025476   0.032684   0.041787    0.05323   0.067563   0.085437   0.107643   0.135113
         0    6.6e-05   0.000132   0.000195   0.000254    0.00031   0.000361   0.000406   0.000445   0.000478   0.000504   0.000524   0.000538   0.000545   0.000547   0.000543   0.000536   0.000526   0.000514     0.0005   0.000488    0.00048   0.000477   0.000481   0.000496   0.000528   0.000581   0.000661   0.000779   0.000946   0.001176    0.00149   0.001912   0.002474   0.003217   0.004195   0.005471   0.007131   0.009281    0.01205   0.015606   0.020149   0.025932   0.033262   0.042517   0.054153   0.068726   0.086902   0.109479   0.137411
         0    6.9e-05   0.000138   0.000204   0.000267   0.000325   0.000379   0.000427    0.00047   0.000505   0.000534   0.000556   0.000572    0.00058   0.000584   0.000582   0.000577   0.000569   0.000557   0.000545   0.000535   0.000528   0.000525   0.000531   0.000548   0.000581   0.000635   0.000718   0.000838   0.001008   0.001242   0.001561    0.00199   0.002561   0.003316   0.004308   0.005603    0.00729   0.009471   0.012283   0.015891   0.020502   0.026371   0.033811   0.043203   0.055012   0.069802   0.088248   0.111162   0.139509
         0    7.4e-05   0.000147   0.000218   0.000286   0.000349   0.000408    0.00046   0.000506   0.000546   0.000578   0.000604   0.000623   0.000636   0.000641   0.000643    0.00064   0.000633   0.000625   0.000615   0.000607   0.000601   0.000601   0.000608   0.000626   0.000661   0.000718   0.000803   0.000926   0.001099   0.001338   0.001661   0.002097   0.002676   0.003441   0.004446    0.00576   0.007468   0.009679   0.012528   0.016183   0.020856   0.026802    0.03434   0.043856   0.055821   0.070805   0.089494   0.112709    0.14143
         0    8.1e-05   0.000161   0.000239   0.000314   0.000384   0.000448   0.000507   0.000559   0.000604   0.000642   0.000674   0.000698   0.000715   0.000726    0.00073   0.000731   0.000729   0.000723   0.000718   0.000712   0.000708    0.00071   0.000721   0.000742   0.000779   0.000838   0.000926   0.001051   0.001228   0.001471     0.0018   0.002241   0.002828   0.003603   0.004621    0.00595   0.007678   0.009915   0.012798   0.016496   0.021223   0.027238   0.034864    0.04449   0.056595   0.071753   0.090658   0.114144   0.143198
         0      9e-05   0.000181   0.000268   0.000351   0.000431   0.000505   0.000572   0.000633   0.000687   0.000732   0.000771   0.000802   0.000826   0.000843   0.000855   0.000861   0.000864   0.000863   0.000862    0.00086   0.000862   0.000867    0.00088   0.000906   0.000946   0.001008   0.001099   0.001228   0.001408   0.001655   0.001989   0.002436    0.00303   0.003814   0.004843   0.006187   0.007934   0.010194   0.013106   0.016843   0.021619   0.027696     0.0354   0.045125   0.057353   0.072666   0.091765    0.11549   0.144841
         0   0.000104   0.000207   0.000308   0.000405   0.000497   0.000583   0.000663   0.000735     0.0008   0.000857   0.000906   0.000947    0.00098   0.001006   0.001026   0.001041   0.001051   0.001058   0.001062   0.001067   0.001073   0.001084   0.001103   0.001131   0.001176   0.001242   0.001338   0.001471   0.001655   0.001907   0.002246   0.002698   0.003299   0.004092   0.005131   0.006488   0.008251   0.010533   0.013472   0.017243   0.022062   0.028194   0.035967    0.04578   0.058118   0.073567   0.092838   0.116776    0.14639
         0   0.000123   0.000244   0.000361   0.000476   0.000586   0.000688   0.000785   0.000873   0.000954   0.001025   0.001089   0.001144    0.00119   0.001229    0.00126   0.001285   0.001305   0.001321   0.001335   0.001348   0.001362    0.00138   0.001405    0.00144    0.00149   0.001561   0.001661     0.0018   0.001989   0.002246   0.002589   0.003049   0.003656   0.004457   0.005506   0.006874   0.008653   0.010954   0.013917   0.017718   0.022575   0.028756    0.03659    0.04648   0.058916   0.074487   0.093909   0.118034   0.147881
         0   0.000147   0.000292   0.000435   0.000572   0.000705   0.000831    0.00095    0.00106   0.001161   0.001253   0.001335   0.001409   0.001473   0.001527   0.001575   0.001614   0.001648   0.001677   0.001702   0.001726   0.001751   0.001777   0.001811   0.001854   0.001912    0.00199   0.002097   0.002241   0.002436   0.002698   0.003049   0.003513   0.004128   0.004936   0.005995   0.007375   0.009168   0.011485   0.014469   0.018297   0.023189   0.029412   0.037302    0.04726    0.05978   0.075458   0.095014   0.119303   0.149355
         0   0.000179   0.000357   0.000531   0.000701   0.000864   0.001021   0.001169   0.001308   0.001437   0.001556   0.001664   0.001761   0.001849   0.001925   0.001994   0.002053   0.002105   0.002151   0.002192    0.00223   0.002269   0.002308   0.002353   0.002406   0.002474   0.002561   0.002676   0.002828    0.00303   0.003299   0.003656   0.004128   0.004749   0.005566   0.006634   0.008025    0.00983   0.012163   0.015167   0.019019   0.023941   0.030202   0.038138   0.048157   0.060752   0.076524   0.096196   0.120631    0.15086
         0   0.000222   0.000442   0.000659    0.00087   0.001075   0.001271   0.001459   0.001636   0.001802   0.001956   0.002098   0.002228   0.002346   0.002453   0.002548   0.002634    0.00271   0.002778    0.00284   0.002899   0.002953    0.00301    0.00307   0.003137   0.003217   0.003316   0.003441   0.003603   0.003814   0.004092   0.004457   0.004936   0.005566   0.006391   0.007468   0.008869   0.010686   0.013033   0.016055   0.019929   0.024877   0.031173   0.039151   0.049221   0.061882   0.077737   0.097509   0.122071   0.152456
         0   0.000279   0.000555   0.000827   0.001093   0.001352   0.001601    0.00184   0.002067   0.002281   0.002482   0.002668   0.002842      0.003   0.003145   0.003277   0.003396   0.003504   0.003603   0.003692   0.003776   0.003855   0.003933   0.004012   0.004097   0.004195   0.004308   0.004446   0.004621   0.004843   0.005131   0.005506   0.005995   0.006634   0.007468   0.008555   0.009966   0.011794   0.014155   0.017193   0.021087   0.026058   0.032384   0.040398   0.050514   0.063233   0.079159    0.09902   0.123691   0.154213
         0   0.000352   0.000702   0.001046   0.001384   0.001713   0.002032   0.002338   0.002631   0.002907   0.003169   0.003415   0.003643   0.003855    0.00405    0.00423   0.004393   0.004544   0.004681   0.004807   0.004923   0.005033   0.005139   0.005244   0.005353   0.005471   0.005603    0.00576    0.00595   0.006187   0.006488   0.006874   0.007375   0.008025   0.008869   0.009966   0.011389   0.013228   0.015603   0.018655   0.022567    0.02756   0.033911   0.041958   0.052115   0.064883   0.080871   0.100809   0.125576   0.156215
         0   0.000447   0.000892   0.001331   0.001762   0.002183   0.002592   0.002986   0.003363   0.003723   0.004064   0.004386   0.004686   0.004967   0.005227   0.005468   0.005691   0.005894   0.006082   0.006255   0.006415   0.006565   0.006708   0.006847   0.006986   0.007131    0.00729   0.007468   0.007678   0.007934   0.008251   0.008653   0.009168    0.00983   0.010686   0.011794   0.013228   0.015081   0.017468   0.020534   0.024462   0.029475   0.035851   0.043926   0.054118    0.06693   0.082971   0.102977   0.127825   0.158566
         0   0.000572   0.001139     0.0017   0.002252   0.002793   0.003317   0.003824   0.004312   0.004778   0.005222   0.005642   0.006037   0.006407   0.006752   0.007073    0.00737   0.007644   0.007898   0.008131   0.008348   0.008549   0.008739   0.008921     0.0091   0.009281   0.009471   0.009679   0.009915   0.010194   0.010533   0.010954   0.011485   0.012163   0.013033   0.014155   0.015603   0.017468   0.019868   0.022949   0.026892   0.031924    0.03832   0.046422   0.056645   0.069494   0.085582   0.105645   0.130565   0.161392
         0   0.000731   0.001457   0.002176   0.002884   0.003577   0.004251   0.004905   0.005535   0.006138   0.006714    0.00726   0.007778   0.008262   0.008717   0.009141   0.009535     0.0099   0.010237    0.01055   0.010838   0.011106   0.011356   0.011595   0.011824    0.01205   0.012283   0.012528   0.012798   0.013106   0.013472   0.013917   0.014469   0.015167   0.016055   0.017193   0.018655   0.020534   0.022949   0.026045   0.030004   0.035053   0.041468   0.049593   0.059843   0.072727   0.088855   0.108967   0.133948    0.16485
         0   0.000936   0.001866   0.002787   0.003695   0.004584   0.005451   0.006293   0.007105   0.007884    0.00863   0.009339   0.010011   0.010644   0.011239   0.011795   0.012313   0.012794    0.01324   0.013652   0.014033   0.014387   0.014717   0.015026    0.01532   0.015606   0.015891   0.016183   0.016496   0.016843   0.017243   0.017718   0.018297   0.019019   0.019929   0.021087   0.022567   0.024462   0.026892   0.030004   0.033979   0.039045   0.045479   0.053625     0.0639   0.076813   0.092977   0.113132   0.138165   0.169131
         0   0.001198   0.002388   0.003569   0.004731   0.005872   0.006984   0.008065    0.00911   0.010115   0.011078   0.011995   0.012866   0.013689   0.014462   0.015187   0.015864   0.016494   0.017078   0.017618   0.018119   0.018581   0.019011   0.019411   0.019788   0.020149   0.020502   0.020856   0.021223   0.021619   0.022062   0.022575   0.023189   0.023941   0.024877   0.026058    0.02756   0.029475   0.031924   0.035053   0.039045   0.044127    0.05058   0.058746   0.069044   0.081982   0.098178   0.118371   0.143449    0.17447
         0    0.00153   0.003054   0.004562    0.00605    0.00751   0.008935   0.010322   0.011663   0.012955   0.014193   0.015376     0.0165   0.017563   0.018565   0.019505   0.020384   0.021202   0.021963   0.022666   0.023318   0.023919   0.024476   0.024993   0.025476   0.025932   0.026371   0.026802   0.027238   0.027696   0.028194   0.028756   0.029412   0.030202   0.031173   0.032384   0.033911   0.035851    0.03832   0.041468   0.045479    0.05058   0.057052   0.065237   0.075557   0.088519   0.104742   0.124967   0.150084   0.181152
         0   0.001953   0.003896   0.005822   0.007722   0.009586    0.01141   0.013182     0.0149   0.016555   0.018144   0.019662   0.021106   0.022474   0.023765   0.024978   0.026113   0.027171   0.028154   0.029066   0.029909   0.030686   0.031404   0.032068   0.032684   0.033262   0.033811    0.03434   0.034864     0.0354   0.035967    0.03659   0.037302   0.038138   0.039151   0.040398   0.041958   0.043926   0.046422   0.049593   0.053625   0.058746   0.065237   0.073442   0.083782   0.096767   0.113015    0.13327   0.158421   0.189529
         0   0.002486   0.004961   0.007413   0.009833   0.012209   0.014532   0.016793   0.018985   0.021099    0.02313   0.025073   0.026921   0.028675   0.030331   0.031888   0.033347   0.034707   0.035972   0.037145   0.038229   0.039229   0.040151      0.041   0.041787   0.042517   0.043203   0.043856    0.04449   0.045125    0.04578    0.04648    0.04726   0.048157   0.049221   0.050514   0.052115   0.054118   0.056645   0.059843     0.0639   0.069044   0.075557   0.083782   0.094143   0.107149    0.12342   0.143701   0.168882   0.200025
         0   0.003157   0.006299   0.009413   0.012487   0.015506   0.018459   0.021335   0.024123   0.026814     0.0294   0.031876   0.034234   0.036472   0.038587   0.040576   0.042442   0.044182   0.045803   0.047303   0.048691   0.049971   0.051149   0.052233    0.05323   0.054153   0.055012   0.055821   0.056595   0.057353   0.058118   0.058916    0.05978   0.060752   0.061882   0.063233   0.064883    0.06693   0.069494   0.072727   0.076813   0.081982   0.088519   0.096767   0.107149   0.120178   0.136471   0.156776   0.181984   0.213158
         0   0.003995   0.007975   0.011918    0.01581   0.019635   0.023377   0.027022   0.030557   0.033971   0.037253   0.040396   0.043392   0.046237   0.048926   0.051458   0.053831   0.056049   0.058112   0.060026   0.061794   0.063423   0.064922   0.066298   0.067563   0.068726   0.069802   0.070805   0.071753   0.072666   0.073567   0.074487   0.075458   0.076524   0.077737   0.079159   0.080871   0.082971   0.085582   0.088855   0.092977   0.098178   0.104742   0.113015    0.12342   0.136471   0.152788   0.173115   0.198347   0.229549
         0   0.005044   0.010064   0.015042   0.019956   0.024785   0.029511   0.034115   0.038582   0.042897   0.047048   0.051022   0.054814   0.058415   0.061821   0.065029   0.068038   0.070849   0.073467   0.075893   0.078136   0.080202   0.082101   0.083842   0.085437   0.086902   0.088248   0.089494   0.090658   0.091765   0.092838   0.093909   0.095014   0.096196   0.097509    0.09902   0.100809   0.102977   0.105645   0.108967   0.113132   0.118371   0.124967    0.13327   0.143701   0.156776   0.173115   0.193465   0.218721   0.249948
         0   0.006344    0.01266   0.018923   0.025106   0.031182    0.03713   0.042926    0.04855   0.053985   0.059214   0.064224   0.069002   0.073544    0.07784   0.081887   0.085686   0.089235   0.092539   0.095604   0.098436   0.101045    0.10344   0.105635   0.107643   0.109479   0.111162   0.112709   0.114144    0.11549   0.116776   0.118034   0.119303   0.120631   0.122071   0.123691   0.125576   0.127825   0.130565   0.133948   0.138165   0.143449   0.150084   0.158421   0.168882   0.181984   0.198347   0.218721      0.244    0.27525
         0   0.007953   0.015872   0.023725   0.031477   0.039097   0.046556   0.053827   0.060883   0.067703   0.074266   0.080555   0.086556    0.09226   0.097657   0.102744   0.107518   0.111981   0.116136    0.11999   0.123551    0.12683    0.12984   0.132596   0.135113   0.137411   0.139509    0.14143   0.143198   0.144841    0.14639   0.147881   0.149355    0.15086   0.152456   0.154213   0.156215   0.158566   0.161392    0.16485   0.169131    0.17447   0.181152   0.189529   0.200025   0.213158   0.229549   0.249948    0.27525   0.306523