         0          0          0          0          0          0          0          0          0          0          0          0          0          0          0          0          0          0          0          0          0          0          0          0          0          0          0          0          0          0          0          0          0          0          0          0          0          0          0          0          0          0          0          0          0          0          0          0          0          0
         0      3e-06      7e-06    1.1e-05    1.5e-05    1.8e-05    2.2e-05    2.5e-05    2.9e-05    3.2e-05    3.7e-05    4.1e-05    4.4e-05      5e-05    5.6e-05    6.3e-05    7.1e-05    8.2e-05    9.4e-05   0.000109   0.000129   0.000154   0.000185   0.000224   0.000272   0.000333   0.000409   0.000502   0.000618   0.000762    0.00094   0.001158   0.001425   0.001751   0.002148    0.00263   0.003214   0.003917   0.004763    0.00578   0.006995   0.008444   0.010168   0.012211   0.014626   0.017473   0.020819   0.024738   0.029318   0.034653
         0      7e-06    1.4e-05    2.2e-05    2.9e-05    3.6e-05    4.3e-05      5e-05    5.7e-05    6.4e-05    7.2e-05      8e-05      9e-05    9.9e-05   0.000111   0.000125   0.000142   0.000162   0.000187   0.000219   0.000258   0.000307    0.00037   0.000446   0.000544   0.000665   0.000816   0.001003   0.001236   0.001523   0.001878   0.002313   0.002846   0.003497    0.00429   0.005253   0.006417   0.007822   0.009514   0.011542    0.01397   0.016863   0.020305   0.024386   0.029209   0.034894   0.041575   0.049403   0.058549   0.069203
         0    1.1e-05    2.2e-05    3.2e-05    4.3e-05    5.4e-05    6.5e-05    7.5e-05    8.5e-05    9.6e-05   0.000108   0.000121   0.000134   0.000149   0.000166   0.000188   0.000212   0.000243   0.000281   0.000327   0.000386    0.00046   0.000552   0.000669   0.000814   0.000995   0.001221   0.001502    0.00185    0.00228    0.00281   0.003461   0.004259   0.005233   0.006419   0.007859   0.009602   0.011704   0.014235   0.017271   0.020903   0.025233   0.030382   0.036487   0.043705   0.052211   0.062208   0.073921   0.087607   0.103549
         0    1.5e-05    2.9e-05    4.3e-05    5.7e-05    7.1e-05    8.6e-05     0.0001   0.000114   0.000128   0.000144    0.00016   0.000178   0.000198   0.000222   0.000249   0.000282   0.000323   0.000373   0.000436   0.000514   0.000611   0.000735   0.000889   0.001082   0.001323   0.001623   0.001995   0.002458   0.003029   0.003734     0.0046   0.005659   0.006953   0.008529   0.010443   0.012758   0.015553   0.018915    0.02295   0.027774   0.033528   0.040371   0.048483   0.058072   0.069375   0.082658   0.098222   0.116407   0.137589
         0    1.8e-05    3.6e-05    5.4e-05    7.1e-05    8.9e-05   0.000107   0.000124   0.000142    0.00016    0.00018   0.000199   0.000222   0.000247   0.000276    0.00031   0.000352   0.000402   0.000465   0.000543    0.00064   0.000762   0.000915   0.001107   0.001347   0.001647    0.00202   0.002484    0.00306   0.003771   0.004648   0.005725   0.007044   0.008655   0.010616   0.012997   0.015879   0.019357   0.023541   0.028561   0.034565   0.041726   0.050241   0.060336   0.072271   0.086336   0.102868   0.122237   0.144866   0.171226
         0    2.2e-05    4.3e-05    6.5e-05    8.6e-05   0.000107   0.000128   0.000149    0.00017   0.000192   0.000214   0.000239   0.000266   0.000296   0.000331   0.000372   0.000421   0.000481   0.000556   0.000649   0.000766   0.000911   0.001093   0.001323   0.001609   0.001967   0.002413   0.002967   0.003654   0.004503   0.005549   0.006834   0.008408   0.010331   0.012672   0.015514   0.018954   0.023105   0.028099   0.034091   0.041257   0.049804   0.059967   0.072016    0.08626   0.103048   0.122778   0.145897   0.172906   0.204369
         0    2.5e-05      5e-05    7.5e-05     0.0001   0.000124   0.000149   0.000173   0.000198   0.000224    0.00025   0.000278   0.000309   0.000345   0.000385   0.000433    0.00049   0.000561   0.000647   0.000755   0.000889   0.001058    0.00127   0.001536   0.001868   0.002282     0.0028   0.003442   0.004239   0.005224   0.006436   0.007926   0.009752    0.01198   0.014694   0.017989   0.021976   0.026789   0.032579   0.039524   0.047833    0.05774   0.069522   0.083492   0.100004   0.119467   0.142339   0.169141   0.200452   0.236926
         0    2.9e-05    5.7e-05    8.5e-05   0.000114   0.000142    0.00017   0.000198   0.000226   0.000256   0.000286   0.000319   0.000354   0.000394    0.00044   0.000495   0.000559   0.000639   0.000737    0.00086   0.001013   0.001205   0.001445   0.001747   0.002123   0.002595   0.003181   0.003911   0.004814   0.005932   0.007307   0.008999   0.011069   0.013598   0.016677   0.020416    0.02494   0.030399   0.036968   0.044849   0.054275   0.065517   0.078884   0.094732   0.113467   0.135549     0.1615   0.191908   0.227432   0.268816
         0    3.2e-05    6.4e-05    9.6e-05   0.000128    0.00016   0.000192   0.000224   0.000256   0.000288   0.000323   0.000359   0.000399   0.000444   0.000495   0.000556   0.000629   0.000719   0.000829   0.000966   0.001137   0.001352   0.001619   0.001956   0.002377   0.002902   0.003558   0.004371    0.00538   0.006627   0.008162   0.010049    0.01236   0.015182   0.018617   0.022789   0.027837   0.033929   0.041258   0.050052    0.06057   0.073114   0.088029   0.105713   0.126619   0.151258   0.180214   0.214143   0.253783   0.299958
         0    3.7e-05    7.2e-05   0.000108   0.000144    0.00018   0.000214    0.00025   0.000286   0.000323    0.00036   0.000402   0.000446   0.000496   0.000553   0.000621   0.000702   0.000801   0.000923   0.001074   0.001262   0.001499   0.001794   0.002165   0.002629   0.003207   0.003929   0.004826   0.005936   0.007309      0.009   0.011077   0.013622    0.01673   0.020513   0.025105   0.030664   0.037371   0.045443   0.055124   0.066706   0.080516    0.09694    0.11641   0.139428   0.166557    0.19844   0.235798   0.279443   0.330284
         0    4.1e-05      8e-05   0.000121    0.00016   0.000199   0.000239   0.000278   0.000319   0.000359   0.000402   0.000447   0.000496   0.000551   0.000615   0.000688   0.000778   0.000886   0.001018   0.001184    0.00139   0.001648   0.001971   0.002375    0.00288   0.003512   0.004297   0.005274   0.006485    0.00798   0.009821   0.012084   0.014856   0.018241   0.022361   0.027362   0.033417   0.040722   0.049512   0.060057   0.072669   0.087711   0.105598   0.126804   0.151871   0.181418    0.21614   0.256826   0.304359    0.35973
         0    4.4e-05      9e-05   0.000134   0.000178   0.000222   0.000266   0.000309   0.000354   0.000399   0.000446   0.000496   0.000551   0.000611    0.00068   0.000761   0.000858   0.000975   0.001121   0.001299   0.001522   0.001801   0.002151   0.002587   0.003134   0.003816   0.004664   0.005719   0.007025    0.00864   0.010628    0.01307   0.016061   0.019714   0.024161   0.029559   0.036093   0.043977   0.053463   0.064843   0.078454   0.094686   0.113988   0.136873   0.163925   0.195811   0.233283    0.27719   0.328486    0.38824
         0      5e-05    9.9e-05   0.000149   0.000198   0.000247   0.000296   0.000345   0.000394   0.000444   0.000496   0.000551   0.000611   0.000677   0.000753   0.000841   0.000946   0.001074   0.001229   0.001423   0.001663   0.001963   0.002338   0.002807   0.003392   0.004123   0.005033   0.006163   0.007563   0.009291   0.011421   0.014037    0.01724   0.021152   0.025914   0.031694   0.038691   0.047133   0.057292   0.069477   0.084051   0.101433   0.122103   0.146607   0.175574   0.209716   0.249841   0.296856   0.351783   0.415767
         0    5.6e-05   0.000111   0.000166   0.000222   0.000276   0.000331   0.000385    0.00044   0.000495   0.000553   0.000615    0.00068   0.000753   0.000835   0.000931   0.001045   0.001183    0.00135   0.001557   0.001814   0.002135   0.002535   0.003034   0.003659   0.004437   0.005407   0.006609   0.008099   0.009939   0.012205   0.014988   0.018396   0.022557   0.027622   0.033771   0.041213   0.050193   0.060997   0.073957   0.089459   0.107947    0.12993   0.155994   0.186803   0.223118   0.265793   0.315797   0.374219    0.44227
         0    6.3e-05   0.000125   0.000188   0.000249    0.00031   0.000372   0.000433   0.000495   0.000556   0.000621   0.000688   0.000761   0.000841   0.000931   0.001036   0.001158   0.001307   0.001487   0.001707   0.001981   0.002323   0.002748   0.003278    0.00394   0.004765   0.005791   0.007064    0.00864   0.010586   0.012983   0.015928   0.019532   0.023933   0.029289   0.035792   0.043661   0.053156    0.06458   0.078284   0.094676   0.114225   0.137469   0.165028   0.197605   0.236001   0.281125   0.333997   0.395769   0.467724
         0    7.1e-05   0.000142   0.000212   0.000282   0.000352   0.000421    0.00049   0.000559   0.000629   0.000702   0.000778   0.000858   0.000946   0.001045   0.001158   0.001292    0.00145   0.001643   0.001878    0.00217   0.002531   0.002982   0.003542    0.00424   0.005111   0.006192   0.007532   0.009192   0.011242   0.013764   0.016862   0.020655   0.025284   0.030921   0.037761    0.04604   0.056028   0.068046   0.082462   0.099704   0.120267   0.144718   0.173706   0.207973   0.248362   0.295826   0.351442   0.416418   0.492106
         0    8.2e-05   0.000162   0.000243   0.000323   0.000402   0.000481   0.000561   0.000639   0.000719   0.000801   0.000886   0.000975   0.001074   0.001183   0.001307    0.00145   0.001621   0.001827   0.002078   0.002387    0.00277   0.003244   0.003834    0.00457   0.005483   0.006618   0.008025   0.009765   0.011912   0.014556   0.017801   0.021774   0.026623   0.032526   0.039689   0.048357   0.058816     0.0714   0.086495   0.104549    0.12608    0.15168   0.182032   0.217911   0.260199   0.309896   0.368127   0.436158   0.515406
         0    9.4e-05   0.000187   0.000281   0.000373   0.000465   0.000556   0.000647   0.000737   0.000829   0.000923   0.001018   0.001121   0.001229    0.00135   0.001487   0.001643   0.001827   0.002048   0.002316   0.002643   0.003047   0.003546   0.004166   0.004937   0.005893    0.00708    0.00855   0.010368    0.01261   0.015369   0.018755     0.0229   0.027958   0.034114   0.041585   0.050625   0.061533   0.074654   0.090395    0.10922   0.131671   0.158366   0.190014   0.227425   0.271519   0.323339   0.384056   0.454992   0.537623
         0   0.000109   0.000219   0.000327   0.000436   0.000543   0.000649   0.000755    0.00086   0.000966   0.001074   0.001184   0.001299   0.001423   0.001557   0.001707   0.001878   0.002078   0.002316   0.002601   0.002948   0.003374     0.0039   0.004549   0.005355   0.006353   0.007591   0.009122   0.011015   0.013348   0.016218   0.019738   0.024046   0.029304   0.035701   0.043464   0.052857    0.06419   0.077822   0.094175   0.113733   0.137056   0.164787   0.197665   0.236529   0.282335   0.336166    0.39924   0.472929   0.558768
         0   0.000129   0.000258   0.000386   0.000514    0.00064   0.000766   0.000889   0.001013   0.001137   0.001262    0.00139   0.001522   0.001663   0.001814   0.001981    0.00217   0.002387   0.002643   0.002948   0.003317   0.003766   0.004318   0.004998   0.005839    0.00688   0.008167   0.009758   0.011724   0.014144   0.017119   0.020768   0.025232   0.030678   0.037305   0.045344   0.055072   0.066807   0.080923   0.097855   0.118105   0.142253   0.170965   0.205004   0.245241   0.292666   0.348398     0.4137   0.489992   0.578861
         0   0.000154   0.000307    0.00046   0.000611   0.000762   0.000911   0.001058   0.001205   0.001352   0.001499   0.001648   0.001801   0.001963   0.002135   0.002323   0.002531    0.00277   0.003047   0.003374   0.003766   0.004241   0.004822   0.005534   0.006411   0.007493    0.00883    0.01048   0.012514   0.015018   0.018095   0.021867   0.026479   0.032105   0.038948    0.04725   0.057294   0.069408   0.083981   0.101459   0.122361   0.147287   0.176923   0.212058   0.253589   0.302539   0.360062   0.427464   0.506208   0.597934
         0   0.000185    0.00037   0.000552   0.000735   0.000915   0.001093    0.00127   0.001445   0.001619   0.001794   0.001971   0.002151   0.002338   0.002535   0.002748   0.002982   0.003244   0.003546     0.0039   0.004318   0.004822   0.005431   0.006177   0.007091   0.008217   0.009603    0.01131   0.013413   0.015999   0.019173   0.023062   0.027816   0.033612    0.04066   0.049209    0.05955   0.072023   0.087026   0.105018   0.126535   0.152191   0.182696   0.218861   0.261608   0.311991   0.371197   0.440571    0.52162   0.616029
         0   0.000224   0.000446   0.000669   0.000889   0.001107   0.001323   0.001536   0.001747   0.001956   0.002165   0.002375   0.002587   0.002807   0.003034   0.003278   0.003542   0.003834   0.004166   0.004549   0.004998   0.005534   0.006177   0.006959   0.007913   0.009082   0.010518   0.012283   0.014453   0.017118   0.020386   0.024387   0.029275   0.035232   0.042474   0.051258   0.061879   0.074688   0.090095   0.108569   0.130662   0.157005   0.188324   0.225454   0.269341   0.321067    0.38185   0.453072   0.536278   0.633201
         0   0.000272   0.000544   0.000814   0.001082   0.001347   0.001609   0.001868   0.002123   0.002377   0.002629    0.00288   0.003134   0.003392   0.003659    0.00394    0.00424    0.00457   0.004937   0.005355   0.005839   0.006411   0.007091   0.007913    0.00891   0.010124   0.011612   0.013436   0.015672   0.018414   0.021774   0.025882   0.030898   0.037009   0.044435   0.053438   0.064324   0.077449   0.093233   0.112161   0.134792   0.161776   0.193858   0.231889   0.276841   0.329821   0.392079   0.465026   0.550249    0.64952
         0   0.000333   0.000665   0.000995   0.001323   0.001647   0.001967   0.002282   0.002595   0.002902   0.003207   0.003512   0.003816   0.004123   0.004437   0.004765   0.005111   0.005483   0.005893   0.006353    0.00688   0.007493   0.008217   0.009082   0.010124   0.011389    0.01293   0.014813   0.017117   0.019936   0.023385   0.027598   0.032737   0.038993   0.046593   0.055804   0.066937   0.080359   0.096498   0.115848   0.138983   0.166566   0.199358    0.23823   0.284175   0.338324   0.401955   0.476509   0.563609   0.665066
         0   0.000409   0.000816   0.001221   0.001623    0.00202   0.002413     0.0028   0.003181   0.003558   0.003929   0.004297   0.004664   0.005033   0.005407   0.005791   0.006192   0.006618    0.00708   0.007591   0.008167    0.00883   0.009603   0.010518   0.011612    0.01293   0.014529   0.016474   0.018846   0.021742   0.025279   0.029593   0.034851   0.041247   0.049012   0.058419   0.069786   0.083486   0.099955     0.1197   0.143305   0.171446   0.204898   0.244552   0.291419   0.346654   0.411559   0.487608   0.576451   0.679939
         0   0.000502   0.001003   0.001502   0.001995   0.002484   0.002967   0.003442   0.003911   0.004371   0.004826   0.005274   0.005719   0.006163   0.006609   0.007064   0.007532   0.008025    0.00855   0.009122   0.009758    0.01048    0.01131   0.012283   0.013436   0.014813   0.016474   0.018485   0.020928   0.023902   0.027527   0.031942   0.037315   0.043846   0.051769    0.06136   0.072946   0.086907   0.103686   0.123799    0.14784   0.176499   0.210565   0.250944   0.298667   0.354909   0.420996   0.498427   0.588885   0.694252
         0   0.000618   0.001236    0.00185   0.002458    0.00306   0.003654   0.004239   0.004814    0.00538   0.005936   0.006485   0.007025   0.007563   0.008099    0.00864   0.009192   0.009765   0.010368   0.011015   0.011724   0.012514   0.013413   0.014453   0.015672   0.017117   0.018846   0.020928   0.023447   0.026503   0.030217   0.034732   0.040218   0.046878   0.054952   0.064721   0.076514   0.090719   0.107788   0.128242    0.15269    0.18183   0.216464   0.257514   0.306029     0.3632   0.430379   0.509088   0.601037   0.708139
         0   0.000762   0.001523    0.00228   0.003029   0.003771   0.004503   0.005224   0.005932   0.006627   0.007309    0.00798    0.00864   0.009291   0.009939   0.010586   0.011242   0.011912    0.01261   0.013348   0.014144   0.015018   0.015999   0.017118   0.018414   0.019936   0.021742   0.023902   0.026503   0.029645   0.033452   0.038067   0.043667   0.050454   0.058673    0.06861     0.0806   0.095036   0.112375   0.133149   0.157974   0.187559    0.22272   0.264389   0.313634   0.371663   0.439848   0.519734   0.613055   0.721756
         0    0.00094   0.001878    0.00281   0.003734   0.004648   0.005549   0.006436   0.007307   0.008162      0.009   0.009821   0.010628   0.011421   0.012205   0.012983   0.013764   0.014556   0.015369   0.016218   0.017119   0.018095   0.019173   0.020386   0.021774   0.023385   0.025279   0.027527   0.030217   0.033452   0.037355   0.042075   0.047788   0.054701   0.063063   0.073162   0.085338   0.099992   0.117584   0.138657   0.163832   0.193829   0.229476   0.271718   0.321635   0.380453   0.449563    0.53053   0.625113    0.73528
         0   0.001158   0.002313   0.003461     0.0046   0.005725   0.006834   0.007926   0.008999   0.010049   0.011077   0.012084    0.01307   0.014037   0.014988   0.015928   0.016862   0.017801   0.018755   0.019738   0.020768   0.021867   0.023062   0.024387   0.025882   0.027598   0.029593   0.031942   0.034732   0.038067   0.042075   0.046904   0.052733   0.059774   0.068276   0.078533    0.09089   0.105749   0.123581   0.144933   0.170434   0.200813   0.236908   0.279677   0.330212   0.389755   0.459714   0.541671   0.637409    0.74892
         0   0.001425   0.002846   0.004259   0.005659   0.007044   0.008408   0.009752   0.011069    0.01236   0.013622   0.014856   0.016061    0.01724   0.018396   0.019532   0.020655   0.021774     0.0229   0.024046   0.025232   0.026479   0.027816   0.029275   0.030898   0.032737   0.034851   0.037315   0.040218   0.043667   0.047788   0.052733   0.058685   0.065856   0.074499   0.084911   0.097442   0.112499   0.130558    0.15217   0.177975   0.208709   0.245219   0.288472   0.339576   0.399784   0.470518   0.553382   0.650175   0.762913
         0   0.001751   0.003497   0.005233   0.006953   0.008655   0.010331    0.01198   0.013598   0.015182    0.01673   0.018241   0.019714   0.021152   0.022557   0.023933   0.025284   0.026623   0.027958   0.029304   0.030678   0.032105   0.033612   0.035232   0.037009   0.038993   0.041247   0.043846   0.046878   0.050454   0.054701   0.059774   0.065856   0.073162   0.081949   0.092517   0.105219   0.120467   0.138742   0.160601   0.186691   0.217754   0.254647   0.298347   0.349972   0.410788   0.482232   0.565924   0.663679   0.777535
         0   0.002148    0.00429   0.006419   0.008529   0.010616   0.012672   0.014694   0.016677   0.018617   0.020513   0.022361   0.024161   0.025914   0.027622   0.029289   0.030921   0.032526   0.034114   0.035701   0.037305   0.038948    0.04066   0.042474   0.044435   0.046593   0.049012   0.051769   0.054952   0.058673   0.063063   0.068276   0.074499   0.081949   0.090885   0.101612   0.114484    0.12992   0.148403   0.170498   0.196855   0.228226   0.265473   0.309586   0.361688   0.423061   0.495154   0.579598    0.67823   0.793102
         0    0.00263   0.005253   0.007859   0.010443   0.012997   0.015514   0.017989   0.020416   0.022789   0.025105   0.027362   0.029559   0.031694   0.033771   0.035792   0.037761   0.039689   0.041585   0.043464   0.045344    0.04725   0.049209   0.051258   0.053438   0.055804   0.058419    0.06136   0.064721    0.06861   0.073162   0.078533   0.084911   0.092517   0.101612   0.112501   0.125548   0.141169   0.159856   0.182177   0.208788   0.240448   0.278025   0.322518    0.37506   0.436943   0.509626   0.594757   0.694184   0.809978
         0   0.003214   0.006417   0.009602   0.012758   0.015879   0.018954   0.021976    0.02494   0.027837   0.030664   0.033417   0.036093   0.038691   0.041213   0.043661    0.04604   0.048357   0.050625   0.052857   0.055072   0.057294    0.05955   0.061879   0.064324   0.066937   0.069786   0.072946   0.076514     0.0806   0.085338    0.09089   0.097442   0.105219   0.114484   0.125548   0.138773   0.154583   0.173472   0.196011   0.222867   0.254798   0.292685   0.337531   0.390478   0.452827   0.526049   0.611804   0.711953   0.828582
         0   0.003917   0.007822   0.011704   0.015553   0.019357   0.023105   0.026789   0.030399   0.033929   0.037371   0.040722   0.043977   0.047133   0.050193   0.053156   0.056028   0.058816   0.061533    0.06419   0.066807   0.069408   0.072023   0.074688   0.077449   0.080359   0.083486   0.086907   0.090719   0.095036   0.099992   0.105749   0.112499   0.120467    0.12992   0.141169   0.154583   0.170586   0.189678   0.212436   0.239528    0.27172   0.309898   0.355072   0.408394   0.471171   0.544886   0.631209   0.732012   0.849396
         0   0.004763   0.009514   0.014235   0.018915   0.023541   0.028099   0.032579   0.036968   0.041258   0.045443   0.049512   0.053463   0.057292   0.060997    0.06458   0.068046     0.0714   0.074654   0.077822   0.080923   0.083981   0.087026   0.090095   0.093233   0.096498   0.099955   0.103686   0.107788   0.112375   0.117584   0.123581   0.130558   0.138742   0.148403   0.159856   0.173472   0.189678    0.20898   0.231956    0.25928   0.291725   0.330181   0.375663   0.429333   0.492506   0.566671    0.65351   0.754906   0.872972
         0    0.00578   0.011542   0.017271    0.02295   0.028561   0.034091   0.039524   0.044849   0.050052   0.055124   0.060057   0.064843   0.069477   0.073957   0.078284   0.082462   0.086495   0.090395   0.094175   0.097855   0.101459   0.105018   0.108569   0.112161   0.115848     0.1197   0.123799   0.128242   0.133149   0.138657   0.144933    0.15217   0.160601   0.170498   0.182177   0.196011   0.212436   0.231956   0.255156   0.282713   0.315406   0.354129   0.399906   0.453901    0.51744   0.592019   0.679328   0.781264   0.899945
         0   0.006995    0.01397   0.020903   0.027774   0.034565   0.041257   0.047833   0.054275    0.06057   0.066706   0.072669   0.078454   0.084051   0.089459   0.094676   0.099704   0.104549    0.10922   0.113733   0.118105   0.122361   0.126535   0.130662   0.134792   0.138983   0.143305    0.14784    0.15269   0.157974   0.163832   0.170434   0.177975   0.186691   0.196855   0.208788   0.222867   0.239528    0.25928   0.282713   0.310508   0.343448   0.382434   0.428492   0.482796   0.546676   0.621638   0.709378   0.811803   0.931042
         0   0.008444   0.016863   0.025233   0.033528   0.041726   0.049804    0.05774   0.065517   0.073114   0.080516   0.087711   0.094686   0.101433   0.107947   0.114225   0.120267    0.12608   0.131671   0.137056   0.142253   0.147287   0.152191   0.157005   0.161776   0.166566   0.171446   0.176499    0.18183   0.187559   0.193829   0.200813   0.208709   0.217754   0.228226   0.240448   0.254798    0.27172   0.291725   0.315406   0.343448   0.376641   0.415886   0.462221   0.516821   0.581022    0.65634   0.744477   0.847347   0.967092
         0   0.010168   0.020305   0.030382   0.040371   0.050241   0.059967   0.069522   0.078884   0.088029    0.09694   0.105598   0.113988   0.122103    0.12993   0.137469   0.144718    0.15168   0.158366   0.164787   0.170965   0.176923   0.182696   0.188324   0.193858   0.199358   0.204898   0.210565   0.216464    0.22272   0.229476   0.236908   0.245219   0.254647   0.265473   0.278025   0.292685   0.309898   0.330181   0.354129   0.382434   0.415886   0.455397   0.502004   0.556892   0.621401   0.697053   0.785558   0.888838   1.009041
         0   0.012211   0.024386   0.036487   0.048483   0.060336   0.072016   0.083492   0.094732   0.105713    0.11641   0.126804   0.136873   0.146607   0.155994   0.165028   0.173706   0.182032   0.190014   0.197665   0.205004   0.212058   0.218861   0.225454   0.231889    0.23823   0.244552   0.250944   0.257514   0.264389   0.271718   0.279677   0.288472   0.298347   0.309586   0.322518   0.337531   0.355072   0.375663   0.399906   0.428492   0.462221   0.502004   0.548888   0.604058   0.668867   0.744838   0.833687   0.937345   1.057967
         0   0.014626   0.029209   0.043705   0.058072   0.072271    0.08626   0.100004   0.113467   0.126619   0.139428   0.151871   0.163925   0.175574   0.186803   0.197605   0.207973   0.217911   0.227425   0.236529   0.245241   0.253589   0.261608   0.269341   0.276841   0.284175   0.291419   0.298667   0.306029   0.313634   0.321635   0.330212   0.339576   0.349972   0.361688    0.37506   0.390478   0.408394   0.429333   0.453901   0.482796   0.516821   0.556892   0.604058   0.659517   0.724619   0.800895   0.890072   0.994082    1.11509
         0   0.017473   0.034894   0.052211   0.069375   0.086336   0.103048   0.119467   0.135549   0.151258   0.166557   0.181418   0.195811   0.209716   0.223118   0.236001   0.248362   0.260199   0.271519   0.282335   0.292666   0.302539   0.311991   0.321067   0.329821   0.338324   0.346654   0.354909     0.3632   0.371663   0.380453   0.389755   0.399784   0.410788   0.423061   0.436943   0.452827   0.471171   0.492506    0.51744   0.546676   0.581022   0.621401   0.668867   0.724619   0.790015   0.866594   0.956085   1.060428   1.181794
         0   0.020819   0.041575   0.062208   0.082658   0.102868   0.122778   0.142339     0.1615   0.180214    0.19844    0.21614   0.233283   0.249841   0.265793   0.281125   0.295826   0.309896   0.323339   0.336166   0.348398   0.360062   0.371197    0.38185   0.392079   0.401955   0.411559   0.420996   0.430379   0.439848   0.449563   0.459714   0.470518   0.482232   0.495154   0.509626   0.526049   0.544886   0.566671   0.592019   0.621638    0.65634   0.697053   0.744838   0.800895   0.866594   0.943474   1.033272   1.137934   1.259636
         0   0.024738   0.049403   0.073921   0.098222   0.122237   0.145897   0.169141   0.191908   0.214143   0.235798   0.256826    0.27719   0.296856   0.315797   0.333997   0.351442   0.368127   0.384056    0.39924     0.4137   0.427464   0.440571   0.453072   0.465026   0.476509   0.487608   0.498427   0.509088   0.519734    0.53053   0.541671   0.553382   0.565924   0.579598   0.594757   0.611804   0.631209    0.65351   0.679328   0.709378   0.744477   0.785558   0.833687   0.890072   0.956085   1.033272   1.123376   1.228348   1.350372
         0   0.029318   0.058549   0.087607   0.116407   0.144866   0.172906   0.200452   0.227432   0.253783   0.279443   0.304359   0.328486   0.351783   0.374219   0.395769   0.416418   0.436158   0.454992   0.472929   0.489992   0.506208    0.52162   0.536278   0.550249   0.563609   0.576451   0.588885   0.601037   0.613055   0.625113   0.637409   0.650175   0.663679    0.67823   0.694184   0.711953   0.732012   0.754906   0.781264   0.811803   0.847347   0.888838   0.937345   0.994082   1.060428   1.137934   1.228348   1.333629   1.455962
         0   0.034653   0.069203   0.103549   0.137589   0.171226   0.204369   0.236926   0.268816   0.299958   0.330284    0.35973    0.38824   0.415767    0.44227   0.467724   0.492106   0.515406   0.537623   0.558768   0.578861   0.597934   0.616029   0.633201    0.64952   0.665066   0.679939   0.694252   0.708139   0.721756    0.73528    0.74892   0.762913   0.777535   0.793102   0.809978   0.828582   0.849396   0.872972   0.899945   0.931042   0.967092   1.009041   1.057967    1.11509   1.181794   1.259636   1.350372   1.455962   1.578604