         0          0          0          0          0          0          0          0          0          0          0          0          0          0          0          0          0          0          0          0          0          0          0          0          0          0          0          0          0          0          0          0          0          0          0          0          0          0          0          0          0          0          0          0          0          0          0          0          0          0
         0   0.000153   0.000297   0.000422   0.000524   0.000598   0.000645   0.000668   0.000669   0.000656   0.000634   0.000607   0.000581   0.000559   0.000543   0.000532   0.000527   0.000526   0.000529   0.000534   0.000539   0.000546   0.000551   0.000556    0.00056   0.000563   0.000566   0.000567   0.000569   0.000569    0.00057   0.000571    0.00057   0.000571   0.000571    0.00057   0.000571   0.000571    0.00057   0.000571   0.000571   0.000571   0.000571   0.000571   0.000571   0.000571   0.000571   0.000571   0.000571   0.000571
         0   0.000297   0.000574   0.000817   0.001013   0.001156   0.001245   0.001285   0.001286   0.001256    0.00121   0.001157   0.001105   0.001061   0.001027   0.001006   0.000995   0.000994   0.000999   0.001009    0.00102   0.001032   0.001043   0.001053   0.001061   0.001068   0.001072   0.001075   0.001078   0.001079    0.00108   0.001082   0.001082   0.001082   0.001083   0.001083   0.001082   0.001082   0.001083   0.001082   0.001083   0.001083   0.001083   0.001083   0.001083   0.001083   0.001083   0.001083   0.001083   0.001083
         0   0.000422   0.000817   0.001162   0.001437   0.001637   0.001758   0.001809   0.001803   0.001754   0.001681   0.001599   0.001521   0.001454   0.001404   0.001372   0.001356   0.001353   0.001362   0.001376   0.001393    0.00141   0.001427   0.001441   0.001453   0.001462   0.001469   0.001474   0.001478   0.001481   0.001482   0.001483   0.001484   0.001484   0.001484   0.001484   0.001485   0.001485   0.001485   0.001485   0.001485   0.001484   0.001485   0.001485   0.001485   0.001485   0.001485   0.001485   0.001485   0.001485
         0   0.000524   0.001013   0.001437   0.001776   0.002016   0.002157   0.002209   0.002188   0.002116   0.002013   0.001901   0.001795   0.001705   0.001638   0.001595   0.001575   0.001572   0.001581     0.0016   0.001622   0.001644   0.001666   0.001685     0.0017   0.001712   0.001722   0.001728   0.001733   0.001737   0.001738    0.00174   0.001741   0.001741   0.001742   0.001742   0.001742   0.001742   0.001742   0.001742   0.001743   0.001742   0.001742   0.001742   0.001742   0.001742   0.001742   0.001742   0.001742   0.001742
         0   0.000598   0.001156   0.001637   0.002016   0.002279   0.002425   0.002467   0.002425   0.002324   0.002189   0.002046   0.001911   0.001798   0.001715   0.001662   0.001635   0.001632   0.001644   0.001666   0.001693   0.001721   0.001747   0.001769   0.001789   0.001803   0.001815   0.001823   0.001829   0.001833   0.001835   0.001837   0.001838   0.001838   0.001839   0.001839   0.001839    0.00184    0.00184    0.00184   0.001839    0.00184    0.00184    0.00184    0.00184    0.00184    0.00184    0.00184    0.00184    0.00184
         0   0.000645   0.001245   0.001758   0.002157   0.002425   0.002564   0.002586   0.002515   0.002381   0.002213   0.002037   0.001874   0.001739    0.00164   0.001576   0.001545    0.00154   0.001553    0.00158   0.001611   0.001644   0.001674   0.001701   0.001723    0.00174   0.001754   0.001763   0.001769   0.001774   0.001777   0.001779   0.001781   0.001781   0.001782   0.001782   0.001782   0.001782   0.001782   0.001782   0.001782   0.001782   0.001783   0.001782   0.001782   0.001782   0.001782   0.001782   0.001782   0.001782
         0   0.000668   0.001285   0.001809   0.002209   0.002467   0.002586   0.002581   0.002477   0.002307   0.002103   0.001894   0.001705   0.001548   0.001433   0.001361   0.001324   0.001319   0.001334   0.001364     0.0014   0.001436   0.001471   0.001501   0.001526   0.001546    0.00156    0.00157   0.001579   0.001584   0.001587   0.001589   0.001591   0.001591   0.001592   0.001593   0.001593   0.001592   0.001592   0.001592   0.001592   0.001593   0.001593   0.001593   0.001593   0.001592   0.001592   0.001592   0.001592   0.001592
         0   0.000669   0.001286   0.001803   0.002188   0.002425   0.002515   0.002477   0.002336    0.00213   0.001891   0.001652   0.001436   0.001261   0.001133    0.00105   0.001011   0.001004   0.001022   0.001055   0.001094   0.001135   0.001172   0.001206   0.001233   0.001254    0.00127   0.001282   0.001291   0.001297     0.0013   0.001303   0.001304   0.001306   0.001306   0.001306   0.001307   0.001306   0.001307   0.001307   0.001307   0.001306   0.001307   0.001307   0.001307   0.001307   0.001307   0.001307   0.001307   0.001307
         0   0.000656   0.001256   0.001754   0.002116   0.002324   0.002381   0.002307    0.00213   0.001886   0.001615   0.001348   0.001109   0.000917   0.000776   0.000687   0.000645   0.000638   0.000658   0.000693   0.000736    0.00078   0.000821   0.000857   0.000887   0.000909   0.000927    0.00094   0.000949   0.000955   0.000959   0.000962   0.000963   0.000965   0.000965   0.000965   0.000965   0.000966   0.000966   0.000965   0.000965   0.000966   0.000966   0.000965   0.000965   0.000965   0.000965   0.000965   0.000965   0.000965
         0   0.000634    0.00121   0.001681   0.002013   0.002189   0.002213   0.002103   0.001891   0.001615   0.001314   0.001023   0.000765   0.000557   0.000407   0.000312   0.000268   0.000261   0.000282    0.00032   0.000366   0.000414   0.000458   0.000495   0.000527   0.000552   0.000571   0.000584   0.000593     0.0006   0.000604   0.000607   0.000609    0.00061   0.000611   0.000611   0.000611   0.000612   0.000612   0.000611   0.000611   0.000611   0.000611   0.000611   0.000611   0.000611   0.000611   0.000611   0.000611   0.000611
         0   0.000607   0.001157   0.001599   0.001901   0.002046   0.002037   0.001894   0.001652   0.001348   0.001023   0.000709   0.000436   0.000217    5.9e-05   -3.9e-05   -8.5e-05   -9.1e-05   -6.8e-05   -2.8e-05    2.1e-05    7.2e-05   0.000118   0.000158   0.000191   0.000217   0.000236   0.000251   0.000261   0.000267   0.000272   0.000274   0.000277   0.000278   0.000278   0.000279   0.000279   0.000279    0.00028   0.000279   0.000279   0.000279   0.000279   0.000279   0.000279   0.000279   0.000279   0.000279   0.000279   0.000279
         0   0.000581   0.001105   0.001521   0.001795   0.001911   0.001874   0.001705   0.001436   0.001109   0.000765   0.000436    0.00015   -7.8e-05  -0.000241  -0.000341  -0.000389  -0.000392  -0.000368  -0.000325  -0.000273  -0.000221  -0.000173  -0.000131   -9.7e-05   -6.9e-05   -4.9e-05   -3.4e-05   -2.4e-05   -1.7e-05   -1.2e-05     -9e-06     -7e-06     -6e-06     -5e-06     -4e-06     -5e-06     -4e-06     -4e-06     -4e-06     -4e-06     -4e-06     -4e-06     -4e-06     -4e-06     -4e-06     -4e-06     -4e-06     -4e-06     -4e-06
         0   0.000559   0.001061   0.001454   0.001705   0.001798   0.001739   0.001548   0.001261   0.000917   0.000557   0.000217   -7.8e-05  -0.000311  -0.000477  -0.000579  -0.000625  -0.000629  -0.000601  -0.000556  -0.000502  -0.000448  -0.000397  -0.000355  -0.000319  -0.000291   -0.00027  -0.000255  -0.000244  -0.000237  -0.000232  -0.000229  -0.000227  -0.000226  -0.000225  -0.000225  -0.000225  -0.000224  -0.000224  -0.000225  -0.000224  -0.000225  -0.000224  -0.000224  -0.000224  -0.000224  -0.000224  -0.000224  -0.000224  -0.000224
         0   0.000543   0.001027   0.001404   0.001638   0.001715    0.00164   0.001433   0.001133   0.000776   0.000407    5.9e-05  -0.000241  -0.000477  -0.000644  -0.000747  -0.000792  -0.000793  -0.000764  -0.000717  -0.000661  -0.000605  -0.000554  -0.000508  -0.000472  -0.000443  -0.000423  -0.000407  -0.000396  -0.000388  -0.000383   -0.00038  -0.000378  -0.000377  -0.000377  -0.000376  -0.000375  -0.000375  -0.000376  -0.000375  -0.000375  -0.000375  -0.000376  -0.000375  -0.000375  -0.000375  -0.000375  -0.000375  -0.000375  -0.000375
         0   0.000532   0.001006   0.001372   0.001595   0.001662   0.001576   0.001361    0.00105   0.000687   0.000312   -3.9e-05  -0.000341  -0.000579  -0.000747  -0.000847  -0.000891  -0.000891   -0.00086  -0.000811  -0.000753  -0.000695  -0.000642  -0.000597  -0.000559   -0.00053  -0.000509  -0.000493  -0.000482  -0.000475  -0.000469  -0.000466  -0.000463  -0.000462  -0.000462  -0.000462  -0.000462  -0.000461  -0.000461  -0.000461   -0.00046  -0.000461  -0.000461   -0.00046   -0.00046   -0.00046  -0.000461  -0.000461  -0.000461  -0.000461
         0   0.000527   0.000995   0.001356   0.001575   0.001635   0.001545   0.001324   0.001011   0.000645   0.000268   -8.5e-05  -0.000389  -0.000625  -0.000792  -0.000891  -0.000933  -0.000931  -0.000899  -0.000847  -0.000788  -0.000729  -0.000675  -0.000629  -0.000591  -0.000562  -0.000539  -0.000523  -0.000512  -0.000505  -0.000499  -0.000496  -0.000494  -0.000493  -0.000492  -0.000492  -0.000492  -0.000491  -0.000491  -0.000491  -0.000492  -0.000491  -0.000491  -0.000491  -0.000491  -0.000491  -0.000491  -0.000491  -0.000491  -0.000491
         0   0.000526   0.000994   0.001353   0.001572   0.001632    0.00154   0.001319   0.001004   0.000638   0.000261   -9.1e-05  -0.000392  -0.000629  -0.000793  -0.000891  -0.000931  -0.000927  -0.000893   -0.00084   -0.00078   -0.00072  -0.000666  -0.000619   -0.00058   -0.00055  -0.000527  -0.000511    -0.0005  -0.000492  -0.000487  -0.000484  -0.000481   -0.00048  -0.000479  -0.000479  -0.000479  -0.000478  -0.000478  -0.000479  -0.000478  -0.000479  -0.000478  -0.000478  -0.000478  -0.000478  -0.000478  -0.000478  -0.000478  -0.000478
         0   0.000529   0.000999   0.001362   0.001581   0.001644   0.001553   0.001334   0.001022   0.000658   0.000282   -6.8e-05  -0.000368  -0.000601  -0.000764   -0.00086  -0.000899  -0.000893  -0.000856  -0.000803  -0.000742  -0.000681  -0.000626  -0.000578   -0.00054  -0.000509  -0.000487   -0.00047  -0.000458  -0.000451  -0.000445  -0.000442   -0.00044  -0.000439  -0.000438  -0.000438  -0.000437  -0.000437  -0.000437  -0.000437  -0.000437  -0.000437  -0.000437  -0.000437  -0.000437  -0.000437  -0.000437  -0.000437  -0.000437  -0.000437
         0   0.000534   0.001009   0.001376     0.0016   0.001666    0.00158   0.001364   0.001055   0.000693    0.00032   -2.8e-05  -0.000325  -0.000556  -0.000717  -0.000811  -0.000847   -0.00084  -0.000803  -0.000748  -0.000687  -0.000624  -0.000569  -0.000521  -0.000482  -0.000451  -0.000428  -0.000411    -0.0004  -0.000392  -0.000387  -0.000384  -0.000382  -0.000381   -0.00038  -0.000379  -0.000379  -0.000378  -0.000378  -0.000378  -0.000379  -0.000378  -0.000379  -0.000379  -0.000379  -0.000379  -0.000379  -0.000379  -0.000379  -0.000379
         0   0.000539    0.00102   0.001393   0.001622   0.001693   0.001611     0.0014   0.001094   0.000736   0.000366    2.1e-05  -0.000273  -0.000502  -0.000661  -0.000753  -0.000788   -0.00078  -0.000742  -0.000687  -0.000623  -0.000562  -0.000505  -0.000457  -0.000418  -0.000387  -0.000364  -0.000347  -0.000335  -0.000328  -0.000323  -0.000319  -0.000317  -0.000316  -0.000315  -0.000314  -0.000315  -0.000314  -0.000314  -0.000315  -0.000314  -0.000314  -0.000314  -0.000314  -0.000314  -0.000314  -0.000314  -0.000314  -0.000314  -0.000314
         0   0.000546   0.001032    0.00141   0.001644   0.001721   0.001644   0.001436   0.001135    0.00078   0.000414    7.2e-05  -0.000221  -0.000448  -0.000605  -0.000695  -0.000729   -0.00072  -0.000681  -0.000624  -0.000562  -0.000499  -0.000443  -0.000393  -0.000354  -0.000323  -0.000301  -0.000284  -0.000273  -0.000265  -0.000259  -0.000255  -0.000254  -0.000253  -0.000252  -0.000251  -0.000251  -0.000251  -0.000251  -0.000251  -0.000251  -0.000251  -0.000251   -0.00025   -0.00025   -0.00025   -0.00025   -0.00025   -0.00025   -0.00025
         0   0.000551   0.001043   0.001427   0.001666   0.001747   0.001674   0.001471   0.001172   0.000821   0.000458   0.000118  -0.000173  -0.000397  -0.000554  -0.000642  -0.000675  -0.000666  -0.000626  -0.000569  -0.000505  -0.000443  -0.000385  -0.000337  -0.000297  -0.000267  -0.000244  -0.000226  -0.000215  -0.000207  -0.000201  -0.000198  -0.000196  -0.000195  -0.000194  -0.000194  -0.000193  -0.000194  -0.000194  -0.000193  -0.000193  -0.000193  -0.000193  -0.000193  -0.000193  -0.000193  -0.000193  -0.000193  -0.000193  -0.000193
         0   0.000556   0.001053   0.001441   0.001685   0.001769   0.001701   0.001501   0.001206   0.000857   0.000495   0.000158  -0.000131  -0.000355  -0.000508  -0.000597  -0.000629  -0.000619  -0.000578  -0.000521  -0.000457  -0.000393  -0.000337  -0.000288  -0.000248  -0.000217  -0.000194  -0.000178  -0.000166  -0.000158  -0.000153  -0.000149  -0.000147  -0.000146  -0.000145  -0.000145  -0.000145  -0.000145  -0.000144  -0.000145  -0.000144  -0.000144  -0.000144  -0.000144  -0.000144  -0.000144  -0.000144  -0.000144  -0.000144  -0.000144
         0    0.00056   0.001061   0.001453     0.0017   0.001789   0.001723   0.001526   0.001233   0.000887   0.000527   0.000191   -9.7e-05  -0.000319  -0.000472  -0.000559  -0.000591   -0.00058   -0.00054  -0.000482  -0.000418  -0.000354  -0.000297  -0.000248  -0.000209  -0.000178  -0.000155  -0.000138  -0.000126  -0.000119  -0.000113   -0.00011  -0.000108  -0.000106  -0.000106  -0.000105  -0.000105  -0.000105  -0.000105  -0.000105  -0.000104  -0.000105  -0.000104  -0.000104  -0.000104  -0.000104  -0.000104  -0.000104  -0.000104  -0.000104
         0   0.000563   0.001068   0.001462   0.001712   0.001803    0.00174   0.001546   0.001254   0.000909   0.000552   0.000217   -6.9e-05  -0.000291  -0.000443   -0.00053  -0.000562   -0.00055  -0.000509  -0.000451  -0.000387  -0.000323  -0.000267  -0.000217  -0.000178  -0.000147  -0.000124  -0.000107   -9.5e-05   -8.7e-05   -8.2e-05   -7.9e-05   -7.7e-05   -7.5e-05   -7.5e-05   -7.4e-05   -7.4e-05   -7.4e-05   -7.4e-05   -7.4e-05   -7.3e-05   -7.4e-05   -7.3e-05   -7.3e-05   -7.3e-05   -7.3e-05   -7.3e-05   -7.3e-05   -7.3e-05   -7.3e-05
         0   0.000566   0.001072   0.001469   0.001722   0.001815   0.001754    0.00156    0.00127   0.000927   0.000571   0.000236   -4.9e-05   -0.00027  -0.000423  -0.000509  -0.000539  -0.000527  -0.000487  -0.000428  -0.000364  -0.000301  -0.000244  -0.000194  -0.000155  -0.000124  -0.000101   -8.4e-05   -7.3e-05   -6.4e-05   -5.9e-05   -5.6e-05   -5.3e-05   -5.2e-05   -5.1e-05   -5.1e-05   -5.1e-05     -5e-05     -5e-05     -5e-05     -5e-05     -5e-05     -5e-05     -5e-05     -5e-05     -5e-05     -5e-05   -5.1e-05   -5.1e-05   -5.1e-05
         0   0.000567   0.001075   0.001474   0.001728   0.001823   0.001763    0.00157   0.001282    0.00094   0.000584   0.000251   -3.4e-05  -0.000255  -0.000407  -0.000493  -0.000523  -0.000511   -0.00047  -0.000411  -0.000347  -0.000284  -0.000226  -0.000178  -0.000138  -0.000107   -8.4e-05   -6.7e-05   -5.5e-05   -4.8e-05   -4.2e-05   -3.9e-05   -3.7e-05   -3.6e-05   -3.4e-05   -3.4e-05   -3.4e-05   -3.4e-05   -3.4e-05   -3.4e-05   -3.3e-05   -3.4e-05   -3.3e-05   -3.4e-05   -3.4e-05   -3.4e-05   -3.4e-05   -3.4e-05   -3.4e-05   -3.4e-05
         0   0.000569   0.001078   0.001478   0.001733   0.001829   0.001769   0.001579   0.001291   0.000949   0.000593   0.000261   -2.4e-05  -0.000244  -0.000396  -0.000482  -0.000512    -0.0005  -0.000458    -0.0004  -0.000335  -0.000273  -0.000215  -0.000166  -0.000126   -9.5e-05   -7.3e-05   -5.5e-05   -4.4e-05   -3.6e-05     -3e-05   -2.7e-05   -2.5e-05   -2.4e-05   -2.3e-05   -2.3e-05   -2.2e-05   -2.2e-05   -2.2e-05   -2.2e-05   -2.2e-05   -2.2e-05   -2.2e-05   -2.2e-05   -2.2e-05   -2.2e-05   -2.2e-05   -2.2e-05   -2.2e-05   -2.2e-05
         0   0.000569   0.001079   0.001481   0.001737   0.001833   0.001774   0.001584   0.001297   0.000955     0.0006   0.000267   -1.7e-05  -0.000237  -0.000388  -0.000475  -0.000505  -0.000492  -0.000451  -0.000392  -0.000328  -0.000265  -0.000207  -0.000158  -0.000119   -8.7e-05   -6.4e-05   -4.8e-05   -3.6e-05   -2.8e-05   -2.2e-05   -1.9e-05   -1.7e-05   -1.6e-05   -1.5e-05   -1.5e-05   -1.4e-05   -1.5e-05   -1.4e-05   -1.4e-05   -1.4e-05   -1.4e-05   -1.4e-05   -1.4e-05   -1.4e-05   -1.4e-05   -1.4e-05   -1.4e-05   -1.4e-05   -1.4e-05
         0    0.00057    0.00108   0.001482   0.001738   0.001835   0.001777   0.001587     0.0013   0.000959   0.000604   0.000272   -1.2e-05  -0.000232  -0.000383  -0.000469  -0.000499  -0.000487  -0.000445  -0.000387  -0.000323  -0.000259  -0.000201  -0.000153  -0.000113   -8.2e-05   -5.9e-05   -4.2e-05     -3e-05   -2.2e-05   -1.8e-05   -1.4e-05   -1.2e-05     -1e-05     -1e-05     -9e-06     -9e-06     -9e-06     -9e-06     -9e-06     -9e-06     -9e-06     -9e-06     -9e-06     -8e-06     -8e-06     -8e-06     -8e-06     -8e-06     -8e-06
         0   0.000571   0.001082   0.001483    0.00174   0.001837   0.001779   0.001589   0.001303   0.000962   0.000607   0.000274     -9e-06  -0.000229   -0.00038  -0.000466  -0.000496  -0.000484  -0.000442  -0.000384  -0.000319  -0.000255  -0.000198  -0.000149   -0.00011   -7.9e-05   -5.6e-05   -3.9e-05   -2.7e-05   -1.9e-05   -1.4e-05   -1.1e-05     -9e-06     -7e-06     -6e-06     -6e-06     -6e-06     -6e-06     -5e-06     -6e-06     -5e-06     -5e-06     -5e-06     -5e-06     -5e-06     -5e-06     -5e-06     -5e-06     -5e-06     -5e-06
         0    0.00057   0.001082   0.001484   0.001741   0.001838   0.001781   0.001591   0.001304   0.000963   0.000609   0.000277     -7e-06  -0.000227  -0.000378  -0.000463  -0.000494  -0.000481   -0.00044  -0.000382  -0.000317  -0.000254  -0.000196  -0.000147  -0.000108   -7.7e-05   -5.3e-05   -3.7e-05   -2.5e-05   -1.7e-05   -1.2e-05     -9e-06     -6e-06     -5e-06     -4e-06     -3e-06     -4e-06     -3e-06     -3e-06     -3e-06     -3e-06     -3e-06     -3e-06     -3e-06     -3e-06     -3e-06     -3e-06     -3e-06     -3e-06     -3e-06
         0   0.000571   0.001082   0.001484   0.001741   0.001838   0.001781   0.001591   0.001306   0.000965    0.00061   0.000278     -6e-06  -0.000226  -0.000377  -0.000462  -0.000493   -0.00048  -0.000439  -0.000381  -0.000316  -0.000253  -0.000195  -0.000146  -0.000106   -7.5e-05   -5.2e-05   -3.6e-05   -2.4e-05   -1.6e-05     -1e-05     -7e-06     -5e-06     -4e-06     -2e-06     -3e-06     -2e-06     -1e-06     -1e-06     -1e-06     -2e-06     -1e-06     -2e-06     -2e-06     -2e-06     -2e-06     -2e-06     -2e-06     -2e-06     -2e-06
         0   0.000571   0.001083   0.001484   0.001742   0.001839   0.001782   0.001592   0.001306   0.000965   0.000611   0.000278     -5e-06  -0.000225  -0.000377  -0.000462  -0.000492  -0.000479  -0.000438   -0.00038  -0.000315  -0.000252  -0.000194  -0.000145  -0.000106   -7.5e-05   -5.1e-05   -3.4e-05   -2.3e-05   -1.5e-05     -1e-05     -6e-06     -4e-06     -2e-06     -2e-06     -1e-06     -1e-06     -1e-06     -1e-06     -1e-06     -1e-06     -1e-06     -1e-06     -1e-06     -2e-06     -1e-06     -1e-06     -1e-06     -1e-06     -1e-06
         0    0.00057   0.001083   0.001484   0.001742   0.001839   0.001782   0.001593   0.001306   0.000965   0.000611   0.000279     -4e-06  -0.000225  -0.000376  -0.000462  -0.000492  -0.000479  -0.000438  -0.000379  -0.000314  -0.000251  -0.000194  -0.000145  -0.000105   -7.4e-05   -5.1e-05   -3.4e-05   -2.3e-05   -1.5e-05     -9e-06     -6e-06     -3e-06     -3e-06     -1e-06     -1e-06     -1e-06          0          0          0     -1e-06          0     -1e-06     -1e-06     -1e-06     -1e-06     -1e-06     -1e-06     -1e-06     -1e-06
         0   0.000571   0.001082   0.001485   0.001742   0.001839   0.001782   0.001593   0.001307   0.000965   0.000611   0.000279     -5e-06  -0.000225  -0.000375  -0.000462  -0.000492  -0.000479  -0.000437  -0.000379  -0.000315  -0.000251  -0.000193  -0.000145  -0.000105   -7.4e-05   -5.1e-05   -3.4e-05   -2.2e-05   -1.4e-05     -9e-06     -6e-06     -4e-06     -2e-06     -1e-06     -1e-06     -1e-06     -1e-06          0     -1e-06          0     -1e-06          0          0          0          0          0          0          0          0
         0   0.000571   0.001082   0.001485   0.001742    0.00184   0.001782   0.001592   0.001306   0.000966   0.000612   0.000279     -4e-06  -0.000224  -0.000375  -0.000461  -0.000491  -0.000478  -0.000437  -0.000378  -0.000314  -0.000251  -0.000194  -0.000145  -0.000105   -7.4e-05     -5e-05   -3.4e-05   -2.2e-05   -1.5e-05     -9e-06     -6e-06     -3e-06     -1e-06     -1e-06          0     -1e-06          0          0          0          0          0          0          0     -1e-06     -1e-06     -1e-06     -1e-06     -1e-06     -1e-06
         0    0.00057   0.001083   0.001485   0.001742    0.00184   0.001782   0.001592   0.001307   0.000966   0.000612    0.00028     -4e-06  -0.000224  -0.000376  -0.000461  -0.000491  -0.000478  -0.000437  -0.000378  -0.000314  -0.000251  -0.000194  -0.000144  -0.000105   -7.4e-05     -5e-05   -3.4e-05   -2.2e-05   -1.4e-05     -9e-06     -5e-06     -3e-06     -1e-06     -1e-06          0          0          0          0          0          0          0          0          0     -1e-06     -1e-06     -1e-06     -1e-06     -1e-06     -1e-06
         0   0.000571   0.001082   0.001485   0.001742    0.00184   0.001782   0.001592   0.001307   0.000965   0.000611   0.000279     -4e-06  -0.000225  -0.000375  -0.000461  -0.000491  -0.000479  -0.000437  -0.000378  -0.000315  -0.000251  -0.000193  -0.000145  -0.000105   -7.4e-05     -5e-05   -3.4e-05   -2.2e-05   -1.4e-05     -9e-06     -6e-06     -3e-06     -1e-06     -1e-06          0     -1e-06          0          0          0          0          0          0          0          0          0          0          0          0          0
         0   0.000571   0.001083   0.001485   0.001743   0.001839   0.001782   0.001592   0.001307   0.000965   0.000611   0.000279     -4e-06  -0.000224  -0.000375   -0.00046  -0.000492  -0.000478  -0.000437  -0.000379  -0.000314  -0.000251  -0.000193  -0.000144  -0.000104   -7.3e-05     -5e-05   -3.3e-05   -2.2e-05   -1.4e-05     -9e-06     -5e-06     -3e-06     -2e-06     -1e-06     -1e-06          0          0          0          0          0          0          0          0          0          0          0          0          0          0
         0   0.000571   0.001083   0.001484   0.001742    0.00184   0.001782   0.001593   0.001306   0.000966   0.000611   0.000279     -4e-06  -0.000225  -0.000375  -0.000461  -0.000491  -0.000479  -0.000437  -0.000378  -0.000314  -0.000251  -0.000193  -0.000144  -0.000105   -7.4e-05     -5e-05   -3.4e-05   -2.2e-05   -1.4e-05     -9e-06     -5e-06     -3e-06     -1e-06     -1e-06          0     -1e-06          0          0          0          0          0          0          0          0          0          0          0          0          0
         0   0.000571   0.001083   0.001485   0.001742    0.00184   0.001783   0.001593   0.001307   0.000966   0.000611   0.000279     -4e-06  -0.000224  -0.000376  -0.000461  -0.000491  -0.000478  -0.000437  -0.000379  -0.000314  -0.000251  -0.000193  -0.000144  -0.000104   -7.3e-05     -5e-05   -3.3e-05   -2.2e-05   -1.4e-05     -9e-06     -5e-06     -3e-06     -2e-06     -1e-06     -1e-06          0          0          0          0          0          0          0          0          0          0          0          0          0          0
         0   0.000571   0.001083   0.001485   0.001742    0.00184   0.001782   0.001593   0.001307   0.000965   0.000611   0.000279     -4e-06  -0.000224  -0.000375   -0.00046  -0.000491  -0.000478  -0.000437  -0.000379  -0.000314   -0.00025  -0.000193  -0.000144  -0.000104   -7.3e-05     -5e-05   -3.4e-05   -2.2e-05   -1.4e-05     -9e-06     -5e-06     -3e-06     -2e-06     -1e-06     -1e-06          0          0          0          0          0          0          0          0          0          0          0          0          0          0
         0   0.000571   0.001083   0.001485   0.001742    0.00184   0.001782   0.001593   0.001307   0.000965   0.000611   0.000279     -4e-06  -0.000224  -0.000375   -0.00046  -0.000491  -0.000478  -0.000437  -0.000379  -0.000314   -0.00025  -0.000193  -0.000144  -0.000104   -7.3e-05     -5e-05   -3.4e-05   -2.2e-05   -1.4e-05     -8e-06     -5e-06     -3e-06     -2e-06     -2e-06     -1e-06          0     -1e-06     -1e-06          0          0          0          0          0          0          0          0          0          0          0
         0   0.000571   0.001083   0.001485   0.001742    0.00184   0.001782   0.001592   0.001307   0.000965   0.000611   0.000279     -4e-06  -0.000224  -0.000375   -0.00046  -0.000491  -0.000478  -0.000437  -0.000379  -0.000314   -0.00025  -0.000193  -0.000144  -0.000104   -7.3e-05     -5e-05   -3.4e-05   -2.2e-05   -1.4e-05     -8e-06     -5e-06     -3e-06     -2e-06     -1e-06     -1e-06          0     -1e-06     -1e-06          0          0          0          0          0          0          0          0          0          0          0
         0   0.000571   0.001083   0.001485   0.001742    0.00184   0.001782   0.001592   0.001307   0.000965   0.000611   0.000279     -4e-06  -0.000224  -0.000375  -0.000461  -0.000491  -0.000478  -0.000437  -0.000379  -0.000314   -0.00025  -0.000193  -0.000144  -0.000104   -7.3e-05     -5e-05   -3.4e-05   -2.2e-05   -1.4e-05     -8e-06     -5e-06     -3e-06     -2e-06     -1e-06     -1e-06          0     -1e-06     -1e-06          0          0          0          0          0          0          0          0          0          0          0
         0   0.000571   0.001083   0.001485   0.001742    0.00184   0.001782   0.001592   0.001307   0.000965   0.000611   0.000279     -4e-06  -0.000224  -0.000375  -0.000461  -0.000491  -0.000478  -0.000437  -0.000379  -0.000314   -0.00025  -0.000193  -0.000144  -0.000104   -7.3e-05   -5.1e-05   -3.4e-05   -2.2e-05   -1.4e-05     -8e-06     -5e-06     -3e-06     -2e-06     -1e-06     -1e-06          0     -1e-06     -1e-06          0          0          0          0          0          0          0          0          0          0          0
         0   0.000571   0.001083   0.001485   0.001742    0.00184   0.001782   0.001592   0.001307   0.000965   0.000611   0.000279     -4e-06  -0.000224  -0.000375  -0.000461  -0.000491  -0.000478  -0.000437  -0.000379  -0.000314   -0.00025  -0.000193  -0.000144  -0.000104   -7.3e-05   -5.1e-05   -3.4e-05   -2.2e-05   -1.4e-05     -8e-06     -5e-06     -3e-06     -2e-06     -1e-06     -1e-06          0     -1e-06     -1e-06          0          0          0          0          0          0          0          0          0          0          0
         0   0.000571   0.001083   0.001485   0.001742    0.00184   0.001782   0.001592   0.001307   0.000965   0.000611   0.000279     -4e-06  -0.000224  -0.000375  -0.000461  -0.000491  -0.000478  -0.000437  -0.000379  -0.000314   -0.00025  -0.000193  -0.000144  -0.000104   -7.3e-05   -5.1e-05   -3.4e-05   -2.2e-05   -1.4e-05     -8e-06     -5e-06     -3e-06     -2e-06     -1e-06     -1e-06          0     -1e-06     -1e-06          0          0          0          0          0          0          0          0          0          0          0