         0          0          0          0          0          0          0          0          0          0          0          0          0          0          0          0          0          0          0          0          0          0          0          0          0          0          0          0          0          0          0          0          0          0          0          0          0          0          0          0          0          0          0          0          0          0          0          0          0          0
         0     0.0002   0.000399   0.000596   0.000789   0.000979   0.001162   0.001341   0.001514    0.00168   0.001839   0.001992   0.002138   0.002279   0.002416    0.00255   0.002682   0.002815   0.002952   0.003096   0.003251   0.003421   0.003612    0.00383   0.004081   0.004374   0.004717   0.005122   0.005599   0.006163   0.006828   0.007611   0.008532   0.009614   0.010879   0.012356   0.014077   0.016073   0.018386   0.021056   0.024132   0.027664   0.031713   0.036338   0.041613   0.047611   0.054416   0.062117   0.070811   0.080603
         0   0.000399   0.000795   0.001188   0.001574   0.001952    0.00232   0.002675   0.003019    0.00335   0.003667   0.003972   0.004264   0.004545   0.004818   0.005084   0.005348   0.005613   0.005887   0.006175   0.006484   0.006824   0.007205   0.007639   0.008141   0.008725    0.00941   0.010219   0.011172   0.012298   0.013626   0.015191   0.017033   0.019192    0.02172   0.024671   0.028108   0.032096   0.036715    0.04205   0.048193   0.055251   0.063338    0.07258   0.083116   0.095099   0.108691   0.124076   0.141445   0.161008
         0   0.000596   0.001188   0.001774    0.00235   0.002914   0.003463   0.003995   0.004508   0.005002   0.005476    0.00593   0.006366   0.006786   0.007193    0.00759   0.007984   0.008381   0.008789   0.009219   0.009681   0.010189   0.010759   0.011408   0.012159   0.013033   0.014059   0.015268   0.016694    0.01838   0.020368   0.022711   0.025467     0.0287   0.032485   0.036903   0.042046   0.048018   0.054934    0.06292   0.072117   0.082683    0.09479   0.108626     0.1244   0.142339    0.16269   0.185721   0.211724   0.241012
         0   0.000789   0.001574    0.00235   0.003113    0.00386   0.004588   0.005292   0.005972   0.006626   0.007254   0.007855   0.008433   0.008988   0.009527   0.010054   0.010576   0.011101   0.011643   0.012213   0.012826   0.013499   0.014255   0.015118   0.016114   0.017277    0.01864   0.020247   0.022143   0.024383   0.027026   0.030142   0.033805   0.038104   0.043136   0.049011    0.05585   0.063791   0.072986   0.083605   0.095836   0.109886   0.125984   0.144383   0.165359   0.189212   0.216274   0.246901   0.281478   0.320423
         0   0.000979   0.001952   0.002914    0.00386   0.004786   0.005687   0.006561   0.007404   0.008215   0.008993   0.009739   0.010454   0.011143   0.011811   0.012463    0.01311   0.013762   0.014434   0.015141   0.015902   0.016739   0.017679   0.018752   0.019991   0.021436   0.023133   0.025134   0.027495   0.030284   0.033575   0.037455   0.042018   0.047373   0.053641   0.060958   0.069477   0.079369   0.090824   0.104051   0.119286   0.136788   0.156841   0.179761    0.20589   0.235604   0.269314   0.307465   0.350538   0.399052
         0   0.001162    0.00232   0.003463   0.004588   0.005687   0.006759   0.007797   0.008798   0.009761   0.010685    0.01157    0.01242   0.013239   0.014031   0.014807   0.015576   0.016352    0.01715   0.017991   0.018897   0.019894   0.021015   0.022294   0.023772   0.025497   0.027523   0.029911    0.03273   0.036062   0.039994   0.044628    0.05008   0.056478   0.063966    0.07271   0.082889   0.094709   0.108396   0.124203   0.142408   0.163321   0.187284   0.214671   0.245894   0.281403   0.321685   0.367273   0.418743   0.476717
         0   0.001341   0.002675   0.003995   0.005292   0.006561   0.007797   0.008993   0.010148   0.011259   0.012324   0.013345   0.014325   0.015268   0.016182   0.017076   0.017964   0.018859    0.01978   0.020752   0.021799   0.022953   0.024249   0.025731   0.027444   0.029444   0.031793   0.034562   0.037834   0.041699   0.046261    0.05164   0.057968   0.065394   0.074087   0.084236   0.096053   0.109774   0.125662   0.144011   0.165145   0.189424   0.217241   0.249036   0.285283   0.326503   0.373268   0.426192   0.485943   0.553244
         0   0.001514   0.003019   0.004508   0.005972   0.007404   0.008798   0.010148   0.011451   0.012703   0.013905   0.015056   0.016161   0.017225   0.018256   0.019265   0.020266   0.021277   0.022319   0.023417   0.024601   0.025907   0.027376   0.029054   0.030997   0.033266   0.035932   0.039076   0.042791   0.047181   0.052364   0.058475   0.065662     0.0741   0.083977    0.09551   0.108937   0.124528   0.142582   0.163433   0.187449   0.215038    0.24665   0.282779   0.323969   0.370811   0.423952   0.484094   0.551995   0.628473
         0    0.00168    0.00335   0.005002   0.006626   0.008215   0.009761   0.011259   0.012703   0.014092   0.015425   0.016701   0.017926   0.019106    0.02025   0.021369    0.02248   0.023602   0.024758   0.025979   0.027296   0.028751   0.030387   0.032258   0.034425   0.036957   0.039934   0.043445   0.047594   0.052498   0.058289   0.065117   0.073151    0.08258   0.093619   0.106509   0.121517   0.138944   0.159124   0.182431   0.209275   0.240114    0.27545   0.315835   0.361878   0.414239    0.47364   0.540866   0.616766   0.702255
         0   0.001839   0.003667   0.005476   0.007254   0.008993   0.010685   0.012324   0.013905   0.015425   0.016883   0.018279    0.01962   0.020911   0.022161   0.023386   0.024603   0.025831     0.0271   0.028438   0.029885   0.031483   0.033281    0.03534   0.037726   0.040514   0.043794   0.047664   0.052238   0.057645   0.064031   0.071562   0.080422   0.090823   0.103001   0.117219   0.133775      0.153   0.175264   0.200975    0.23059   0.264611   0.303594   0.348148   0.398942   0.456707    0.52224   0.596405    0.68014   0.774452
         0   0.001992   0.003972    0.00593   0.007855   0.009739    0.01157   0.013345   0.015056   0.016701   0.018279   0.019792   0.021243   0.022639   0.023994   0.025319   0.026637   0.027969   0.029345   0.030797   0.032369   0.034105   0.036062   0.038303   0.040901    0.04394   0.047515   0.051735   0.056724   0.062623    0.06959   0.077806   0.087475   0.098826   0.112114   0.127631   0.145701   0.166682   0.190981   0.219042   0.251364   0.288495   0.331042   0.379669   0.435107   0.498153   0.569677   0.650623   0.742012   0.844947
         0   0.002138   0.004264   0.006366   0.008433   0.010454    0.01242   0.014325   0.016161   0.017926    0.01962   0.021243   0.022799   0.024298   0.025752   0.027175    0.02859   0.030021   0.031499   0.033063   0.034755   0.036626   0.038737   0.041155    0.04396   0.047242   0.051104   0.055666   0.061058   0.067436    0.07497   0.083855   0.094312   0.106588   0.120961   0.137745   0.157288   0.179983   0.206265   0.236617    0.27158   0.311742   0.357764   0.410362   0.470326   0.538521   0.615885   0.703441   0.802294   0.913635
         0   0.002279   0.004545   0.006786   0.008988   0.011143   0.013239   0.015268   0.017225   0.019106   0.020911   0.022639   0.024298   0.025896   0.027444   0.028962   0.030472   0.031998   0.033577   0.035247   0.037057   0.039059   0.041319    0.04391   0.046916   0.050434   0.054577   0.059469   0.065256     0.0721   0.080185   0.089722   0.100945   0.114121    0.12955   0.147565   0.168543   0.192905   0.221116   0.253698   0.291226    0.33434    0.38374     0.4402   0.504569   0.577771   0.660816   0.754802   0.860913   0.980429
         0   0.002416   0.004818   0.007193   0.009527   0.011811   0.014031   0.016182   0.018256    0.02025   0.022161   0.023994   0.025752   0.027444   0.029087   0.030696   0.032297   0.033917   0.035595   0.037369   0.039293   0.041422   0.043827   0.046586   0.049788   0.053538   0.057952   0.063168   0.069337   0.076634   0.085255   0.095423   0.107392   0.121443   0.137896   0.157107   0.179478   0.205458   0.235543   0.270289   0.310308   0.356284   0.408964   0.469174   0.537815   0.615878   0.704436    0.80466   0.917815   1.045266
         0    0.00255   0.005084    0.00759   0.010054   0.012463   0.014807   0.017076   0.019265   0.021369   0.023386   0.025319   0.027175   0.028962   0.030696   0.032396   0.034087     0.0358   0.037572    0.03945   0.041485    0.04374   0.046288   0.049211   0.052604   0.056579   0.061259   0.066788   0.073329   0.081066   0.090208   0.100991   0.113681    0.12858   0.146026   0.166397   0.190118   0.217665   0.249564   0.286406   0.328839   0.377587   0.433443   0.497282   0.570062    0.65283   0.746726   0.852991   0.972966   1.108098
         0   0.002682   0.005348   0.007984   0.010576    0.01311   0.015576   0.017964   0.020266    0.02248   0.024603   0.026637    0.02859   0.030472   0.032297   0.034087   0.035868   0.037673   0.039542   0.041521   0.043668   0.046047   0.048735   0.051818     0.0554   0.059594   0.064534   0.070369   0.077271   0.085435   0.095082   0.106459    0.11985    0.13557   0.153976   0.175469   0.200496   0.229557   0.263211   0.302078   0.346844   0.398271   0.457196   0.524542    0.60132   0.688632   0.787686   0.899785   1.026348   1.168899
         0   0.002815   0.005613   0.008381   0.011101   0.013762   0.016352   0.018859   0.021277   0.023602   0.025831   0.027969   0.030021   0.031998   0.033917     0.0358   0.037673   0.039572   0.041538   0.043621   0.045878   0.048381   0.051209   0.054453   0.058218   0.062628   0.067821   0.073955   0.081208   0.089788   0.099924   0.111877   0.125945   0.142459   0.161795    0.18437   0.210657   0.241182   0.276527   0.317348   0.364363   0.418374   0.480257   0.550984   0.631615    0.72331   0.827333   0.945057   1.077968    1.22767
         0   0.002952   0.005887   0.008789   0.011643   0.014434    0.01715    0.01978   0.022319   0.024758     0.0271   0.029345   0.031499   0.033577   0.035595   0.037572   0.039542   0.041538   0.043604   0.045793   0.048165   0.050794   0.053761   0.057164   0.061113   0.065735   0.071177   0.077601   0.085199   0.094182   0.104792   0.117305   0.132027   0.149308   0.169539   0.193159   0.220662   0.252595   0.289571   0.332272   0.381452   0.437947   0.502677   0.576657   0.660994   0.756902   0.865705   0.988837   1.127854   1.284431
         0   0.003096   0.006175   0.009219   0.012213   0.015141   0.017991   0.020752   0.023417   0.025979   0.028438   0.030797   0.033063   0.035247   0.037369    0.03945   0.041521   0.043621   0.045793   0.048092   0.050583    0.05334    0.05645   0.060014   0.064147    0.06898   0.074667   0.081379   0.089312   0.098688   0.109759   0.122813   0.138168   0.156189   0.177285   0.201911   0.230582    0.26387   0.302412    0.34692   0.398179   0.457062   0.524525   0.601625   0.689519   0.789471    0.90286   1.031181   1.176055   1.339229
         0   0.003251   0.006484   0.009681   0.012826   0.015902   0.018897   0.021799   0.024601   0.027296   0.029885   0.032369   0.034755   0.037057   0.039293   0.041485   0.043668   0.045878   0.048165   0.050583   0.053199   0.056091   0.059348   0.063076   0.067395   0.072441   0.078371   0.085365   0.093627   0.103387   0.114908   0.128484   0.144453   0.163189   0.185116    0.21071   0.240505   0.275093    0.31514   0.361382   0.414634   0.475803   0.545884   0.625975   0.717276     0.8211    0.93888   1.072169   1.222649   1.392137
         0   0.003421   0.006824   0.010189   0.013499   0.016739   0.019894   0.022953   0.025907   0.028751   0.031483   0.034105   0.036626   0.039059   0.041422    0.04374   0.046047   0.048381   0.050794    0.05334   0.056091   0.059125   0.062538   0.066436   0.070944   0.076205    0.08238   0.089655   0.098241   0.108378   0.120336   0.134422   0.150984   0.170409   0.193139   0.219664   0.250537   0.286374   0.327861   0.375761   0.430922   0.494279   0.566863   0.649812   0.744368   0.851893   0.973867   1.111901   1.267737   1.443254
         0   0.003612   0.007205   0.010759   0.014255   0.017679   0.021015   0.024249   0.027376   0.030387   0.033281   0.036062   0.038737   0.041319   0.043827   0.046288   0.048735   0.051209   0.053761    0.05645   0.059348   0.062538   0.066115   0.070194   0.074898   0.080379   0.086801   0.094358   0.103266   0.113773   0.126161   0.140742   0.157878   0.177971   0.201472   0.228893   0.260801   0.297834     0.3407   0.390187    0.44717   0.512616    0.58759   0.673265   0.770926   0.881978   1.007951   1.150508   1.311448   1.492711
         0    0.00383   0.007639   0.011408   0.015118   0.018752   0.022294   0.025731   0.029054   0.032258    0.03534   0.038303   0.041155    0.04391   0.046586   0.049211   0.051818   0.054453   0.057164   0.060014   0.063076   0.066436   0.070194   0.074463   0.079375   0.085083   0.091759   0.099599    0.10883   0.119705   0.132513    0.14758   0.165274   0.186012   0.210259   0.238541   0.271442    0.30962   0.353804   0.404806   0.463528   0.530965   0.608216   0.696486   0.797103   0.911511   1.041289   1.188146   1.353939   1.540667
         0   0.004081   0.008141   0.012159   0.016114   0.019991   0.023772   0.027444   0.030997   0.034425   0.037726   0.040901    0.04396   0.046916   0.049788   0.052604     0.0554   0.058218   0.061113   0.064147   0.067395   0.070944   0.074898   0.079375   0.084509   0.090456   0.097394   0.105526   0.115082   0.126324   0.139549   0.155092   0.173331   0.194694   0.219661   0.248771   0.282626   0.321899   0.367342   0.419791    0.48017   0.549502   0.628917   0.719656   0.823081   0.940677   1.074064   1.225005   1.395403   1.587313
         0   0.004374   0.008725   0.013033   0.017277   0.021436   0.025497   0.029444   0.033266   0.036957   0.040514    0.04394   0.047242   0.050434   0.053538   0.056579   0.059594   0.062628   0.065735    0.06898   0.072441   0.076205   0.080379   0.085083   0.090456   0.096658   0.103872   0.112304   0.122191   0.133803   0.147443   0.163456    0.18223   0.204203   0.229866   0.259774   0.294544   0.334867   0.381514   0.435339   0.497296    0.56843   0.649901   0.742983   0.849069   0.969686   1.106496   1.261303   1.436062    1.63288
         0   0.004717    0.00941   0.014059    0.01864   0.023133   0.027523   0.031793   0.035932   0.039934   0.043794   0.047515   0.051104   0.054577   0.057952   0.061259   0.064534   0.067821   0.071177   0.074667   0.078371    0.08238   0.086801   0.091759   0.097394   0.103872   0.111377   0.120123   0.130354   0.142341   0.156399   0.172879   0.192179   0.214747   0.241088   0.271767   0.307417   0.348746   0.396542   0.451682   0.515137   0.587983   0.671405   0.766705   0.875312   0.998788   1.138832   1.297295   1.476174   1.677628
         0   0.005122   0.010219   0.015268   0.020247   0.025134   0.029911   0.034562   0.039076   0.043445   0.047664   0.051735   0.055666   0.059469   0.063168   0.066788   0.070369   0.073955   0.077601   0.081379   0.085365   0.089655   0.094358   0.099599   0.105526   0.112304   0.120123   0.129203    0.13979   0.152164   0.166647   0.183596   0.203418   0.226571   0.253573   0.284999   0.321498   0.363791   0.412686   0.469078    0.53396    0.60843   0.693699   0.791099   0.902089   1.028265   1.171364   1.333275    1.51604   1.721863
         0   0.005599   0.011172   0.016694   0.022143   0.027495    0.03273   0.037834   0.042791   0.047594   0.052238   0.056724   0.061058   0.065256   0.069337   0.073329   0.077271   0.081208   0.085199   0.089312   0.093627   0.098241   0.103266    0.10883   0.115082   0.122191   0.130354    0.13979   0.150753    0.16353   0.178447    0.19587   0.216215   0.239949   0.267598   0.299752   0.337071   0.380292   0.430239   0.487826   0.554064   0.630075   0.717094   0.816479   0.929718    1.05844   1.204418   1.369576   1.555999   1.765934
         0   0.006163   0.012298    0.01838   0.024383   0.030284   0.036062   0.041699   0.047181   0.052498   0.057645   0.062623   0.067436     0.0721   0.076634   0.081066   0.085435   0.089788   0.094182   0.098688   0.103387   0.108378   0.113773   0.119705   0.126324   0.133803   0.142341   0.152164    0.16353   0.176732   0.192099   0.210007   0.230879   0.255191   0.283479   0.316345    0.35446   0.398579   0.449535   0.508262   0.575791   0.653264   0.741939   0.843199    0.95856   1.089681   1.238367   1.406578   1.596437   1.810234
         0   0.006828   0.013626   0.020368   0.027026   0.033575   0.039994   0.046261   0.052364   0.058289   0.064031    0.06959    0.07497   0.080185   0.085255   0.090208   0.095082   0.099924   0.104792   0.109759   0.114908   0.120336   0.126161   0.132513   0.139549   0.147443   0.156399   0.166647   0.178447   0.192099   0.207939   0.226349   0.247758   0.272653   0.301577   0.335145   0.374037   0.419023   0.470951    0.53077   0.599529    0.67839   0.768633   0.871663   0.989024   1.122403   1.273633    1.44471   1.637793   1.855209
         0   0.007611   0.015191   0.022711   0.030142   0.037455   0.044628    0.05164   0.058475   0.065117   0.071562   0.077806   0.083855   0.089722   0.095423   0.100991   0.106459   0.111877   0.117305   0.122813   0.128484   0.134422   0.140742    0.14758   0.155092   0.163456   0.172879   0.183596    0.19587   0.210007   0.226349   0.245282   0.267245   0.292732   0.322297   0.356559   0.396217   0.442046   0.494914   0.555781   0.625716   0.705897   0.797624   0.902326   1.021571   1.157071    1.31069   1.484455   1.680556   1.901359
         0   0.008532   0.017033   0.025467   0.033805   0.042018    0.05008   0.057968   0.065662   0.073151   0.080422   0.087475   0.094312   0.100945   0.107392   0.113681    0.11985   0.125945   0.132027   0.138168   0.144453   0.150984   0.157878   0.165274   0.173331    0.18223   0.192179   0.203418   0.216215   0.230879   0.247758   0.267245   0.289787   0.315882   0.346093   0.381053   0.421467   0.468125   0.521904   0.583784   0.654843   0.736281   0.829416   0.935699    1.05672   1.194214   1.350073   1.526354   1.725278   1.949245
         0   0.009614   0.019192     0.0287   0.038104   0.047373   0.056478   0.065394     0.0741    0.08258   0.090823   0.098826   0.106588   0.114121   0.121443    0.12858    0.13557   0.142459   0.149308   0.156189   0.163189   0.170409   0.177971   0.186012   0.194694   0.204203   0.214747   0.226571   0.239949   0.255191   0.272653   0.292732   0.315882   0.342609   0.373484   0.409149   0.450318   0.497793   0.552465   0.615322   0.687465   0.770104   0.864578   0.972357   1.095049   1.234418   1.392379   1.571013   1.772575   1.999494
         0   0.010879    0.02172   0.032485   0.043136   0.053641   0.063966   0.074087   0.083977   0.093619   0.103001   0.112114   0.120961    0.12955   0.137896   0.146026   0.153976   0.161795   0.169539   0.177285   0.185116   0.193139   0.201472   0.210259   0.219661   0.229866   0.241088   0.253573   0.267598   0.283479   0.301577   0.322297   0.346093   0.373484   0.405048   0.441431   0.483362   0.531651   0.587201   0.651014   0.724203   0.807995   0.903745   1.012941   1.137213   1.278344   1.438274   1.619111   1.823136   2.052806
         0   0.012356   0.024671   0.036903   0.049011   0.060958    0.07271   0.084236    0.09551   0.106509   0.117219   0.127631   0.137745   0.147565   0.157107   0.166397   0.175469    0.18437   0.193159   0.201911    0.21071   0.219664   0.228893   0.238541   0.248771   0.259774   0.271767   0.284999   0.299752   0.316345   0.335145   0.356559   0.381053   0.409149   0.441431   0.478558   0.521265   0.570373   0.626795   0.691547   0.765753   0.850657   0.947628   1.058171   1.183937   1.326727   1.488506   1.671402   1.877723   2.109956
         0   0.014077   0.028108   0.042046    0.05585   0.069477   0.082889   0.096053   0.108937   0.121517   0.133775   0.145701   0.157288   0.168543   0.179478   0.190118   0.200496   0.210657   0.220662   0.230582   0.240505   0.250537   0.260801   0.271442   0.282626   0.294544   0.307417   0.321498   0.337071    0.35446   0.374037   0.396217   0.421467   0.450318   0.483362   0.521265   0.564771    0.61471   0.672007   0.737688   0.812891   0.898873   0.997019   1.108849   1.236032   1.380389   1.543902   1.728726   1.937191   2.171808
         0   0.016073   0.032096   0.048018   0.063791   0.079369   0.094709   0.109774   0.124528   0.138944      0.153   0.166682   0.179983   0.192905   0.205458   0.217665   0.229557   0.241182   0.252595    0.26387   0.275093   0.286374   0.297834    0.30962   0.321899   0.334867   0.348746   0.363791   0.380292   0.398579   0.419023   0.442046   0.468125   0.497793   0.531651   0.570373    0.61471   0.665503   0.723686   0.790297   0.866485   0.953521   1.052803   1.165867   1.294399   1.440238   1.605385   1.792015    2.00248   2.239316
         0   0.018386   0.036715   0.054934   0.072986   0.090824   0.108396   0.125662   0.142582   0.159124   0.175264   0.190981   0.206265   0.221116   0.235543   0.249564   0.263211   0.276527   0.289571   0.302412    0.31514   0.327861     0.3407   0.353804   0.367342   0.381514   0.396542   0.412686   0.430239   0.449535   0.470951   0.494914   0.521904   0.552465   0.587201   0.626795   0.672007   0.723686   0.782776   0.850327   0.927498   1.015572   1.115962   1.230218    1.36004   1.507286   1.673975     1.8623   2.074634   2.313536
         0   0.021056    0.04205    0.06292   0.083605   0.104051   0.124203   0.144011   0.163433   0.182431   0.200975   0.219042   0.236617   0.253698   0.270289   0.286406   0.302078   0.317348   0.332272    0.34692   0.361382   0.375761   0.390187   0.404806   0.419791   0.435339   0.451682   0.469078   0.487826   0.508262    0.53077   0.555781   0.583784   0.615322   0.651014   0.691547   0.737688   0.790297   0.850327   0.918837   0.996997   1.086105   1.187583   1.302998   1.434063   1.582652   1.750801   1.940721   2.154805   2.395633
         0   0.024132   0.048193   0.072117   0.095836   0.119286   0.142408   0.165145   0.187449   0.209275    0.23059   0.251364    0.27158   0.291226   0.310308   0.328839   0.346844   0.364363   0.381452   0.398179   0.414634   0.430922    0.44717   0.463528    0.48017   0.497296   0.515137    0.53396   0.554064   0.575791   0.599529   0.625716   0.654843   0.687465   0.724203   0.765753   0.812891   0.866485   0.927498   0.996997   1.076167   1.166313   1.268872   1.385421   1.517692    1.66757   1.837108   2.028536   2.244264   2.486889
         0   0.027664   0.055251   0.082683   0.109886   0.136788   0.163321   0.189424   0.215038   0.240114   0.264611   0.288495   0.311742    0.33434   0.356284   0.377587   0.398271   0.418374   0.437947   0.457062   0.475803   0.494279   0.512616   0.530965   0.549502    0.56843   0.587983    0.60843   0.630075   0.653264    0.67839   0.705897   0.736281   0.770104   0.807995   0.850657   0.898873   0.953521   1.015572   1.086105   1.166313   1.257512   1.361154   1.478828   1.612277   1.763401   1.934271    2.12713   2.344405   2.588713
         0   0.031713   0.063338    0.09479   0.125984   0.156841   0.187284   0.217241    0.24665    0.27545   0.303594   0.331042   0.357764    0.38374   0.408964   0.433443   0.457196   0.480257   0.502677   0.524525   0.545884   0.566863    0.58759   0.608216   0.628917   0.649901   0.671405   0.693699   0.717094   0.741939   0.768633   0.797624   0.829416   0.864578   0.903745   0.947628   0.997019   1.052803   1.115962   1.187583   1.268872   1.361154   1.465892    1.58469   1.719302   1.871642   2.043794   2.238019    2.45676   2.702651
         0   0.036338    0.07258   0.108626   0.144383   0.179761   0.214671   0.249036   0.282779   0.315835   0.348148   0.379669   0.410362     0.4402   0.469174   0.497282   0.524542   0.550984   0.576657   0.601625   0.625975   0.649812   0.673265   0.696486   0.719656   0.742983   0.766705   0.791099   0.816479   0.843199   0.871663   0.902326   0.935699   0.972357   1.012941   1.058171   1.108849   1.165867   1.230218   1.302998   1.385421   1.478828    1.58469   1.704622   1.840393    1.99393    2.16733    2.36287   2.583005   2.830388
         0   0.041613   0.083116     0.1244   0.165359    0.20589   0.245894   0.285283   0.323969   0.361878   0.398942   0.435107   0.470326   0.504569   0.537815   0.570062    0.60132   0.631615   0.660994   0.689519   0.717276   0.744368   0.770926   0.797103   0.823081   0.849069   0.875312   0.902089   0.929718    0.95856   0.989024   1.021571    1.05672   1.095049   1.137213   1.183937   1.236032   1.294399    1.36004   1.434063   1.517692   1.612277   1.719302   1.840393   1.977332   2.132058   2.306684   2.503497    2.72497   2.973769
         0   0.047611   0.095099   0.142339   0.189212   0.235604   0.281403   0.326503   0.370811   0.414239   0.456707   0.498153   0.538521   0.577771   0.615878    0.65283   0.688632    0.72331   0.756902   0.789471     0.8211   0.851893   0.881978   0.911511   0.940677   0.969686   0.998788   1.028265    1.05844   1.089681   1.122403   1.157071   1.194214   1.234418   1.278344   1.326727   1.380389   1.440238   1.507286   1.582652    1.66757   1.763401   1.871642    1.99393   2.132058    2.28798    2.46382   2.661878   2.884645   3.134798
         0   0.054416   0.108691    0.16269   0.216274   0.269314   0.321685   0.373268   0.423952    0.47364    0.52224   0.569677   0.615885   0.660816   0.704436   0.746726   0.787686   0.827333   0.865705    0.90286    0.93888   0.973867   1.007951   1.041289   1.074064   1.106496   1.138832   1.171364   1.204418   1.238367   1.273633    1.31069   1.350073   1.392379   1.438274   1.488506   1.543902   1.605385   1.673975   1.750801   1.837108   1.934271   2.043794    2.16733   2.306684    2.46382   2.640875   2.840166   3.064195   3.315653
         0   0.062117   0.124076   0.185721   0.246901   0.307465   0.367273   0.426192   0.484094   0.540866   0.596405   0.650623   0.703441   0.754802    0.80466   0.852991   0.899785   0.945057   0.988837   1.031181   1.072169   1.111901   1.150508   1.188146   1.225005   1.261303   1.297295   1.333275   1.369576   1.406578    1.44471   1.484455   1.526354   1.571013   1.619111   1.671402   1.728726   1.792015     1.8623   1.940721   2.028536    2.12713   2.238019    2.36287   2.503497   2.661878   2.840166   3.040688    3.26596   3.518687
         0   0.070811   0.141445   0.211724   0.281478   0.350538   0.418743   0.485943   0.551995   0.616766    0.68014   0.742012   0.802294   0.860913   0.917815   0.972966   1.026348   1.077968   1.127854   1.176055   1.222649   1.267737   1.311448   1.353939   1.395403   1.436062   1.476174    1.51604   1.555999   1.596437   1.637793   1.680556   1.725278   1.772575   1.823136   1.877723   1.937191    2.00248   2.074634   2.154805   2.244264   2.344405    2.45676   2.583005    2.72497   2.884645   3.064195    3.26596   3.492469   3.746442
         0   0.080603   0.161008   0.241012   0.320423   0.399052   0.476717   0.553244   0.628473   0.702255   0.774452   0.844947   0.913635   0.980429   1.045266   1.108098   1.168899    1.22767   1.284431   1.339229   1.392137   1.443254   1.492711   1.540667   1.587313    1.63288   1.677628   1.721863   1.765934   1.810234   1.855209   1.901359   1.949245   1.999494   2.052806   2.109956   2.171808   2.239316   2.313536   2.395633   2.486889   2.588713   2.702651   2.830388   2.973769   3.134798   3.315653   3.518687   3.746442   4.001653