         0          0          0          0          0          0          0          0          0          0          0          0          0          0          0          0          0          0          0          0          0          0          0          0          0          0          0          0          0          0          0          0          0          0          0          0          0          0          0          0          0          0          0          0          0          0          0          0          0          0
         0   0.014963   0.029008   0.041333   0.051344   0.058722   0.063432   0.065696   0.065935   0.064688   0.062522   0.059965   0.057445   0.055264   0.053599   0.052504   0.051951   0.051849   0.052083   0.052534   0.053095   0.053682   0.054237   0.054726   0.055134   0.055456   0.055702   0.055884   0.056013   0.056101   0.056161   0.056199   0.056224   0.056239   0.056248   0.056254   0.056258   0.056259    0.05626    0.05626   0.056261   0.056261   0.056261   0.056261   0.056261   0.056261   0.056261   0.056261   0.056261   0.056261
         0   0.029008   0.056215   0.080046   0.099343   0.113479   0.122389    0.12652   0.126705   0.124004   0.119538    0.11434   0.109254    0.10487   0.101527   0.099333    0.09822   0.098011   0.098473   0.099364   0.100476    0.10164   0.102741    0.10371   0.104517   0.105157   0.105645   0.106004   0.106259   0.106435   0.106553   0.106629   0.106679   0.106708   0.106727   0.106738   0.106744   0.106748   0.106749   0.106751   0.106752   0.106751   0.106751   0.106751   0.106751   0.106751   0.106751   0.106751   0.106751   0.106751
         0   0.041333   0.080046   0.113854   0.141077   0.160813   0.172983    0.17825   0.177841   0.173311     0.1663   0.158317   0.150584   0.143961   0.138926   0.135625   0.133948   0.133622   0.134295    0.13561   0.137252   0.138973   0.140602   0.142036   0.143228   0.144175   0.144895   0.145426   0.145803   0.146062   0.146236    0.14635   0.146422   0.146467   0.146494   0.146509   0.146519   0.146525   0.146527   0.146529    0.14653    0.14653   0.146531   0.146531   0.146531   0.146531   0.146531   0.146531   0.146531   0.146531
         0   0.051344   0.099343   0.141077   0.174411   0.198209   0.212392   0.217834   0.216132   0.209296    0.19944     0.1885   0.178039   0.169143   0.162409   0.158003   0.155759   0.155305   0.156173   0.157887   0.160033   0.162285   0.164413   0.166288   0.167847   0.169084   0.170026   0.170718   0.171211   0.171549   0.171777   0.171925   0.172019   0.172077   0.172112   0.172133   0.172145   0.172153   0.172156   0.172158   0.172159    0.17216    0.17216    0.17216    0.17216    0.17216    0.17216    0.17216    0.17216    0.17216
         0   0.058722   0.113479   0.160813   0.198209   0.224342   0.239156   0.243725   0.239981   0.230345   0.217348   0.203299   0.190051   0.178877    0.17046   0.164965   0.162162   0.161576   0.162622   0.164709   0.167327   0.170074   0.172672   0.174958   0.176858   0.178366   0.179515   0.180358   0.180957    0.18137   0.181647   0.181826   0.181941   0.182011   0.182055    0.18208   0.182095   0.182103   0.182107    0.18211   0.182111   0.182112   0.182113   0.182113   0.182113   0.182113   0.182113   0.182113   0.182113   0.182113
         0   0.063432   0.122389   0.172983   0.212392   0.239156   0.253253   0.255951   0.249479   0.236617   0.220251   0.203005   0.186966   0.173554   0.163505   0.156964   0.153627   0.152915   0.154123   0.156557   0.159612   0.162816   0.165847   0.168511   0.170726   0.172482    0.17382   0.174802   0.175498   0.175978     0.1763   0.176509   0.176642   0.176725   0.176774   0.176803   0.176821    0.17683   0.176835   0.176838    0.17684   0.176841   0.176841   0.176841   0.176841   0.176841   0.176841   0.176841   0.176841   0.176841
         0   0.065696    0.12652    0.17825   0.217834   0.243725   0.255951   0.255953   0.246225   0.229847   0.210003   0.189569   0.170817   0.155265   0.143679   0.136167   0.132341   0.131517   0.132881   0.135637   0.139093   0.142716    0.14614   0.149149   0.151648   0.153629   0.155136   0.156241   0.157026   0.157567   0.157929   0.158164   0.158313   0.158406   0.158461   0.158494   0.158514   0.158525    0.15853   0.158534   0.158536   0.158537   0.158536   0.158537   0.158537   0.158537   0.158537   0.158537   0.158537   0.158537
         0   0.065935   0.126705   0.177841   0.216132   0.239981   0.249479   0.246225   0.232935   0.212936   0.189654   0.166159   0.144854    0.12733    0.11435    0.10597    0.10172   0.100814   0.102333   0.105388   0.109211   0.113215   0.116993    0.12031   0.123062   0.125242     0.1269   0.128116   0.128978   0.129571   0.129969   0.130227   0.130391   0.130492   0.130554    0.13059    0.13061   0.130622   0.130629   0.130633   0.130634   0.130635   0.130636   0.130636   0.130636   0.130636   0.130636   0.130636   0.130636   0.130636
         0   0.064688   0.124004   0.173311   0.209296   0.230345   0.236617   0.229847   0.212936   0.189414   0.162887   0.136572   0.112966   0.093694   0.079502   0.070388   0.065797   0.064848   0.066527   0.069863   0.074023   0.078367   0.082462   0.086051   0.089027   0.091381    0.09317   0.094481   0.095411   0.096051   0.096478   0.096756   0.096932   0.097041   0.097107   0.097146   0.097168   0.097181   0.097188   0.097192   0.097194   0.097196   0.097195   0.097195   0.097196   0.097196   0.097196   0.097196   0.097196   0.097196
         0   0.062522   0.119538     0.1663    0.19944   0.217348   0.220251   0.210003   0.189654   0.162887   0.133447   0.104656   0.079069    0.05832   0.043129   0.033432   0.028596   0.027649   0.029499   0.033101   0.037567   0.042216   0.046589   0.050416   0.053585    0.05609   0.057993   0.059385   0.060372   0.061052   0.061504   0.061799   0.061986   0.062102   0.062172   0.062213   0.062237    0.06225   0.062258   0.062262   0.062264   0.062265   0.062266   0.062266   0.062266   0.062266   0.062266   0.062266   0.062266   0.062266
         0   0.059965    0.11434   0.158317     0.1885   0.203299   0.203005   0.189569   0.166159   0.136572   0.104656   0.073799   0.046594   0.024669   0.008708  -0.001412  -0.006397  -0.007292  -0.005259  -0.001403   0.003339   0.008259   0.012875   0.016909   0.020245   0.022878   0.024876   0.026338   0.027373   0.028084   0.028559   0.028868   0.029063   0.029184   0.029258   0.029301   0.029325   0.029339   0.029346   0.029351   0.029354   0.029354   0.029355   0.029355   0.029355   0.029356   0.029356   0.029356   0.029356   0.029356
         0   0.057445   0.109254   0.150584   0.178039   0.190051   0.186966   0.170817   0.144854   0.112966   0.079069   0.046594   0.018149  -0.004649  -0.021152   -0.03154  -0.036578  -0.037375  -0.035149  -0.031053  -0.026058    -0.0209  -0.016074  -0.011865  -0.008388  -0.005648   -0.00357  -0.002051  -0.000975  -0.000237   0.000255   0.000575   0.000778   0.000903   0.000979   0.001024    0.00105   0.001064   0.001072   0.001076   0.001078    0.00108   0.001081   0.001081   0.001081   0.001081   0.001081   0.001081   0.001081   0.001081
         0   0.055264    0.10487   0.143961   0.169143   0.178877   0.173554   0.155265    0.12733   0.093694    0.05832   0.024669  -0.004649  -0.028031  -0.044869  -0.055382   -0.06039  -0.061049  -0.058624  -0.054301   -0.04908  -0.043713  -0.038706  -0.034349  -0.030756  -0.027925  -0.025782  -0.024216  -0.023108  -0.022348  -0.021841  -0.021513  -0.021304  -0.021175  -0.021097  -0.021052  -0.021025   -0.02101  -0.021002  -0.020997  -0.020995  -0.020994  -0.020993  -0.020993  -0.020992  -0.020992  -0.020992  -0.020992  -0.020992  -0.020992
         0   0.053599   0.101527   0.138926   0.162409    0.17046   0.163505   0.143679    0.11435   0.079502   0.043129   0.008708  -0.021152  -0.044869  -0.061859   -0.07238  -0.077288  -0.077782  -0.075154   -0.07062  -0.065198  -0.059651  -0.054492   -0.05001  -0.046321  -0.043417   -0.04122  -0.039618  -0.038483  -0.037706  -0.037187  -0.036851  -0.036639  -0.036507  -0.036428  -0.036381  -0.036355  -0.036338  -0.036331  -0.036326  -0.036324  -0.036322  -0.036322  -0.036321  -0.036321  -0.036321  -0.036321  -0.036321  -0.036321  -0.036321
         0   0.052504   0.099333   0.135625   0.158003   0.164965   0.156964   0.136167    0.10597   0.070388   0.033432  -0.001412   -0.03154  -0.055382   -0.07238  -0.082816  -0.087578  -0.087887  -0.085063  -0.080337  -0.074737  -0.069037   -0.06375  -0.059166  -0.055397  -0.052436  -0.050196  -0.048563  -0.047409  -0.046618  -0.046091  -0.045749  -0.045532  -0.045399  -0.045319  -0.045271  -0.045244  -0.045228  -0.045219  -0.045214  -0.045212  -0.045211   -0.04521   -0.04521  -0.045209  -0.045209  -0.045209  -0.045209  -0.045209  -0.045209
         0   0.051951    0.09822   0.133948   0.155759   0.162162   0.153627   0.132341    0.10172   0.065797   0.028596  -0.006397  -0.036578   -0.06039  -0.077288  -0.087578  -0.092163  -0.092284  -0.089272  -0.084374  -0.078621  -0.072791  -0.067399  -0.062733  -0.058901  -0.055892  -0.053621  -0.051964  -0.050793  -0.049992  -0.049458  -0.049112  -0.048893  -0.048758  -0.048676  -0.048628    -0.0486  -0.048585  -0.048576  -0.048571  -0.048569  -0.048567  -0.048566  -0.048566  -0.048566  -0.048566  -0.048566  -0.048566  -0.048566  -0.048566
         0   0.051849   0.098011   0.133622   0.155305   0.161576   0.152915   0.131517   0.100814   0.064848   0.027649  -0.007292  -0.037375  -0.061049  -0.077782  -0.087887  -0.092284   -0.09222  -0.089039  -0.083988  -0.078106  -0.072169  -0.066692  -0.061959  -0.058078  -0.055033  -0.052734   -0.05106  -0.049877  -0.049068  -0.048529  -0.048179  -0.047958  -0.047822   -0.04774  -0.047692  -0.047664  -0.047648  -0.047639  -0.047634  -0.047632   -0.04763   -0.04763  -0.047629  -0.047629  -0.047629  -0.047629  -0.047629  -0.047629  -0.047629
         0   0.052083   0.098473   0.134295   0.156173   0.162622   0.154123   0.132881   0.102333   0.066527   0.029499  -0.005259  -0.035149  -0.058624  -0.075154  -0.085063  -0.089272  -0.089039  -0.085707  -0.080527  -0.074536  -0.068513  -0.062967  -0.058182  -0.054262  -0.051189  -0.048871  -0.047183  -0.045992  -0.045176  -0.044634  -0.044281  -0.044059  -0.043922  -0.043839   -0.04379  -0.043762  -0.043746  -0.043737  -0.043733   -0.04373  -0.043729  -0.043728  -0.043728  -0.043728  -0.043728  -0.043728  -0.043728  -0.043728  -0.043728
         0   0.052534   0.099364    0.13561   0.157887   0.164709   0.156557   0.135637   0.105388   0.069863   0.033101  -0.001403  -0.031053  -0.054301   -0.07062  -0.080337  -0.084374  -0.083988  -0.080527  -0.075238   -0.06916  -0.063067  -0.057468  -0.052642  -0.048693  -0.045599  -0.043265  -0.041568   -0.04037   -0.03955  -0.039004  -0.038651  -0.038427   -0.03829  -0.038206  -0.038157  -0.038129  -0.038113  -0.038104    -0.0381  -0.038097  -0.038096  -0.038095  -0.038095  -0.038095  -0.038094  -0.038094  -0.038094  -0.038094  -0.038094
         0   0.053095   0.100476   0.137252   0.160033   0.167327   0.159612   0.139093   0.109211   0.074023   0.037567   0.003339  -0.026058   -0.04908  -0.065198  -0.074737  -0.078621  -0.078106  -0.074536   -0.06916  -0.063013  -0.056866  -0.051225  -0.046368  -0.042397  -0.039287  -0.036944  -0.035238  -0.034035  -0.033212  -0.032664   -0.03231  -0.032085  -0.031947  -0.031864  -0.031815  -0.031786   -0.03177  -0.031761  -0.031757  -0.031754  -0.031752  -0.031753  -0.031752  -0.031752  -0.031752  -0.031752  -0.031752  -0.031752  -0.031752
         0   0.053682    0.10164   0.138973   0.162285   0.170074   0.162816   0.142716   0.113215   0.078367   0.042216   0.008259    -0.0209  -0.043713  -0.059651  -0.069037  -0.072791  -0.072169  -0.068513  -0.063067  -0.056866  -0.050676  -0.045004  -0.040126  -0.036137  -0.033016  -0.030664  -0.028954  -0.027747  -0.026923  -0.026374  -0.026017  -0.025792  -0.025654  -0.025571  -0.025521  -0.025493  -0.025477  -0.025468  -0.025464   -0.02546   -0.02546  -0.025459  -0.025459  -0.025458  -0.025458  -0.025458  -0.025458  -0.025458  -0.025458
         0   0.054237   0.102741   0.140602   0.164413   0.172672   0.165847    0.14614   0.116993   0.082462   0.046589   0.012875  -0.016074  -0.038706  -0.054492   -0.06375  -0.067399  -0.066692  -0.062967  -0.057468  -0.051225  -0.045004  -0.039309  -0.034413  -0.030414  -0.027285  -0.024927  -0.023213  -0.022004  -0.021178  -0.020627  -0.020271  -0.020046  -0.019907  -0.019823  -0.019774  -0.019745  -0.019729  -0.019721  -0.019716  -0.019714  -0.019712  -0.019711  -0.019711  -0.019711  -0.019711  -0.019711  -0.019711  -0.019711  -0.019711
         0   0.054726    0.10371   0.142036   0.166288   0.174958   0.168511   0.149149    0.12031   0.086051   0.050416   0.016909  -0.011865  -0.034349   -0.05001  -0.059166  -0.062733  -0.061959  -0.058182  -0.052642  -0.046368  -0.040126  -0.034413  -0.029506  -0.025498  -0.022362  -0.020002  -0.018285  -0.017074  -0.016246  -0.015696  -0.015339  -0.015113  -0.014974  -0.014891  -0.014841  -0.014813  -0.014797  -0.014789  -0.014783  -0.014781  -0.014779  -0.014779  -0.014778  -0.014778  -0.014778  -0.014778  -0.014778  -0.014778  -0.014778
         0   0.055134   0.104517   0.143228   0.167847   0.176858   0.170726   0.151648   0.123062   0.089027   0.053585   0.020245  -0.008388  -0.030756  -0.046321  -0.055397  -0.058901  -0.058078  -0.054262  -0.048693  -0.042397  -0.036137  -0.030414  -0.025498  -0.021484  -0.018344   -0.01598  -0.014262   -0.01305  -0.012222   -0.01167  -0.011314  -0.011088  -0.010949  -0.010865  -0.010816  -0.010787  -0.010771  -0.010762  -0.010758  -0.010755  -0.010754  -0.010753  -0.010753  -0.010753  -0.010753  -0.010753  -0.010753  -0.010753  -0.010753
         0   0.055456   0.105157   0.144175   0.169084   0.178366   0.172482   0.153629   0.125242   0.091381    0.05609   0.022878  -0.005648  -0.027925  -0.043417  -0.052436  -0.055892  -0.055033  -0.051189  -0.045599  -0.039287  -0.033016  -0.027285  -0.022362  -0.018344  -0.015202  -0.012837  -0.011117  -0.009904  -0.009075  -0.008524  -0.008167  -0.007941  -0.007802  -0.007718  -0.007669   -0.00764  -0.007624  -0.007615  -0.007611  -0.007608  -0.007607  -0.007606  -0.007606  -0.007606  -0.007606  -0.007606  -0.007605  -0.007605  -0.007605
         0   0.055702   0.105645   0.144895   0.170026   0.179515    0.17382   0.155136     0.1269    0.09317   0.057993   0.024876   -0.00357  -0.025782   -0.04122  -0.050196  -0.053621  -0.052734  -0.048871  -0.043265  -0.036944  -0.030664  -0.024927  -0.020002   -0.01598  -0.012837  -0.010471  -0.008749  -0.007536  -0.006708  -0.006156  -0.005798  -0.005573  -0.005433   -0.00535  -0.005301  -0.005272  -0.005256  -0.005247  -0.005242  -0.005239  -0.005238  -0.005238  -0.005237  -0.005237  -0.005237  -0.005237  -0.005237  -0.005237  -0.005237
         0   0.055884   0.106004   0.145426   0.170718   0.180358   0.174802   0.156241   0.128116   0.094481   0.059385   0.026338  -0.002051  -0.024216  -0.039618  -0.048563  -0.051964   -0.05106  -0.047183  -0.041568  -0.035238  -0.028954  -0.023213  -0.018285  -0.014262  -0.011117  -0.008749  -0.007028  -0.005814  -0.004985  -0.004433  -0.004075   -0.00385  -0.003711  -0.003627  -0.003578  -0.003549  -0.003533  -0.003524   -0.00352  -0.003517  -0.003516  -0.003515  -0.003515  -0.003515  -0.003515  -0.003515  -0.003515  -0.003515  -0.003515
         0   0.056013   0.106259   0.145803   0.171211   0.180957   0.175498   0.157026   0.128978   0.095411   0.060372   0.027373  -0.000975  -0.023108  -0.038483  -0.047409  -0.050793  -0.049877  -0.045992   -0.04037  -0.034035  -0.027747  -0.022004  -0.017074   -0.01305  -0.009904  -0.007536  -0.005814  -0.004602  -0.003772  -0.003221  -0.002863  -0.002637  -0.002498  -0.002413  -0.002364  -0.002336   -0.00232  -0.002311  -0.002306  -0.002304  -0.002302  -0.002301  -0.002301  -0.002301  -0.002301  -0.002301  -0.002301  -0.002301  -0.002301
         0   0.056101   0.106435   0.146062   0.171549    0.18137   0.175978   0.157567   0.129571   0.096051   0.061052   0.028084  -0.000237  -0.022348  -0.037706  -0.046618  -0.049992  -0.049068  -0.045176   -0.03955  -0.033212  -0.026923  -0.021178  -0.016246  -0.012222  -0.009075  -0.006708  -0.004985  -0.003772  -0.002943   -0.00239  -0.002032  -0.001807  -0.001668  -0.001584  -0.001535  -0.001506   -0.00149  -0.001481  -0.001477  -0.001474  -0.001473  -0.001472  -0.001472  -0.001472  -0.001472  -0.001471  -0.001471  -0.001471  -0.001471
         0   0.056161   0.106553   0.146236   0.171777   0.181647     0.1763   0.157929   0.129969   0.096478   0.061504   0.028559   0.000255  -0.021841  -0.037187  -0.046091  -0.049458  -0.048529  -0.044634  -0.039004  -0.032664  -0.026374  -0.020627  -0.015696   -0.01167  -0.008524  -0.006156  -0.004433  -0.003221   -0.00239  -0.001838  -0.001481  -0.001255  -0.001116  -0.001032  -0.000983  -0.000954  -0.000938   -0.00093  -0.000924  -0.000922  -0.000921   -0.00092  -0.000919  -0.000919  -0.000919  -0.000919  -0.000919  -0.000919  -0.000919
         0   0.056199   0.106629    0.14635   0.171925   0.181826   0.176509   0.158164   0.130227   0.096756   0.061799   0.028868   0.000575  -0.021513  -0.036851  -0.045749  -0.049112  -0.048179  -0.044281  -0.038651   -0.03231  -0.026017  -0.020271  -0.015339  -0.011314  -0.008167  -0.005798  -0.004075  -0.002863  -0.002032  -0.001481  -0.001123  -0.000898  -0.000759  -0.000675  -0.000626  -0.000597  -0.000581  -0.000572  -0.000567  -0.000564  -0.000564  -0.000563  -0.000562  -0.000562  -0.000562  -0.000562  -0.000562  -0.000562  -0.000562
         0   0.056224   0.106679   0.146422   0.172019   0.181941   0.176642   0.158313   0.130391   0.096932   0.061986   0.029063   0.000778  -0.021304  -0.036639  -0.045532  -0.048893  -0.047958  -0.044059  -0.038427  -0.032085  -0.025792  -0.020046  -0.015113  -0.011088  -0.007941  -0.005573   -0.00385  -0.002637  -0.001807  -0.001255  -0.000898  -0.000672  -0.000533  -0.000449  -0.000399  -0.000371  -0.000355  -0.000346  -0.000341  -0.000339  -0.000337  -0.000337  -0.000336  -0.000336  -0.000336  -0.000336  -0.000336  -0.000336  -0.000336
         0   0.056239   0.106708   0.146467   0.172077   0.182011   0.176725   0.158406   0.130492   0.097041   0.062102   0.029184   0.000903  -0.021175  -0.036507  -0.045399  -0.048758  -0.047822  -0.043922   -0.03829  -0.031947  -0.025654  -0.019907  -0.014974  -0.010949  -0.007802  -0.005433  -0.003711  -0.002498  -0.001668  -0.001116  -0.000759  -0.000533  -0.000394  -0.000309   -0.00026  -0.000232  -0.000216  -0.000207  -0.000202    -0.0002  -0.000198  -0.000197  -0.000197  -0.000197  -0.000197  -0.000196  -0.000196  -0.000196  -0.000196
         0   0.056248   0.106727   0.146494   0.172112   0.182055   0.176774   0.158461   0.130554   0.097107   0.062172   0.029258   0.000979  -0.021097  -0.036428  -0.045319  -0.048676   -0.04774  -0.043839  -0.038206  -0.031864  -0.025571  -0.019823  -0.014891  -0.010865  -0.007718   -0.00535  -0.003627  -0.002413  -0.001584  -0.001032  -0.000675  -0.000449  -0.000309  -0.000226  -0.000176  -0.000148  -0.000132  -0.000123  -0.000118  -0.000116  -0.000114  -0.000114  -0.000113  -0.000113  -0.000113  -0.000113  -0.000113  -0.000113  -0.000113
         0   0.056254   0.106738   0.146509   0.172133    0.18208   0.176803   0.158494    0.13059   0.097146   0.062213   0.029301   0.001024  -0.021052  -0.036381  -0.045271  -0.048628  -0.047692   -0.04379  -0.038157  -0.031815  -0.025521  -0.019774  -0.014841  -0.010816  -0.007669  -0.005301  -0.003578  -0.002364  -0.001535  -0.000983  -0.000626  -0.000399   -0.00026  -0.000176  -0.000127   -9.8e-05   -8.2e-05   -7.4e-05   -6.9e-05   -6.7e-05   -6.5e-05   -6.4e-05   -6.4e-05   -6.4e-05   -6.4e-05   -6.4e-05   -6.4e-05   -6.4e-05   -6.4e-05
         0   0.056258   0.106744   0.146519   0.172145   0.182095   0.176821   0.158514    0.13061   0.097168   0.062237   0.029325    0.00105  -0.021025  -0.036355  -0.045244    -0.0486  -0.047664  -0.043762  -0.038129  -0.031786  -0.025493  -0.019745  -0.014813  -0.010787   -0.00764  -0.005272  -0.003549  -0.002336  -0.001506  -0.000954  -0.000597  -0.000371  -0.000232  -0.000148   -9.8e-05   -7.1e-05   -5.5e-05   -4.5e-05     -4e-05   -3.8e-05   -3.6e-05   -3.6e-05   -3.5e-05   -3.5e-05   -3.5e-05   -3.5e-05   -3.5e-05   -3.5e-05   -3.5e-05
         0   0.056259   0.106748   0.146525   0.172153   0.182103    0.17683   0.158525   0.130622   0.097181    0.06225   0.029339   0.001064   -0.02101  -0.036338  -0.045228  -0.048585  -0.047648  -0.043746  -0.038113   -0.03177  -0.025477  -0.019729  -0.014797  -0.010771  -0.007624  -0.005256  -0.003533   -0.00232   -0.00149  -0.000938  -0.000581  -0.000355  -0.000216  -0.000132   -8.2e-05   -5.5e-05   -3.8e-05   -2.9e-05   -2.4e-05   -2.2e-05     -2e-05   -1.9e-05   -1.9e-05   -1.9e-05   -1.9e-05   -1.9e-05   -1.9e-05   -1.9e-05   -1.9e-05
         0    0.05626   0.106749   0.146527   0.172156   0.182107   0.176835    0.15853   0.130629   0.097188   0.062258   0.029346   0.001072  -0.021002  -0.036331  -0.045219  -0.048576  -0.047639  -0.043737  -0.038104  -0.031761  -0.025468  -0.019721  -0.014789  -0.010762  -0.007615  -0.005247  -0.003524  -0.002311  -0.001481   -0.00093  -0.000572  -0.000346  -0.000207  -0.000123   -7.4e-05   -4.5e-05   -2.9e-05     -2e-05   -1.5e-05   -1.3e-05   -1.1e-05     -1e-05     -1e-05   -1.1e-05   -1.1e-05   -1.1e-05   -1.1e-05   -1.1e-05   -1.1e-05
         0    0.05626   0.106751   0.146529   0.172158    0.18211   0.176838   0.158534   0.130633   0.097192   0.062262   0.029351   0.001076  -0.020997  -0.036326  -0.045214  -0.048571  -0.047634  -0.043733    -0.0381  -0.031757  -0.025464  -0.019716  -0.014783  -0.010758  -0.007611  -0.005242   -0.00352  -0.002306  -0.001477  -0.000924  -0.000567  -0.000341  -0.000202  -0.000118   -6.9e-05     -4e-05   -2.4e-05   -1.5e-05   -1.1e-05     -9e-06     -7e-06     -6e-06     -6e-06     -6e-06     -5e-06     -5e-06     -5e-06     -5e-06     -5e-06
         0   0.056261   0.106752    0.14653   0.172159   0.182111    0.17684   0.158536   0.130634   0.097194   0.062264   0.029354   0.001078  -0.020995  -0.036324  -0.045212  -0.048569  -0.047632   -0.04373  -0.038097  -0.031754   -0.02546  -0.019714  -0.014781  -0.010755  -0.007608  -0.005239  -0.003517  -0.002304  -0.001474  -0.000922  -0.000564  -0.000339    -0.0002  -0.000116   -6.7e-05   -3.8e-05   -2.2e-05   -1.3e-05     -9e-06     -5e-06     -4e-06     -3e-06     -4e-06     -3e-06     -3e-06     -3e-06     -3e-06     -3e-06     -3e-06
         0   0.056261   0.106751    0.14653    0.17216   0.182112   0.176841   0.158537   0.130635   0.097196   0.062265   0.029354    0.00108  -0.020994  -0.036322  -0.045211  -0.048567   -0.04763  -0.043729  -0.038096  -0.031752   -0.02546  -0.019712  -0.014779  -0.010754  -0.007607  -0.005238  -0.003516  -0.002302  -0.001473  -0.000921  -0.000564  -0.000337  -0.000198  -0.000114   -6.5e-05   -3.6e-05     -2e-05   -1.1e-05     -7e-06     -4e-06     -3e-06     -2e-06     -2e-06     -2e-06     -2e-06     -2e-06     -2e-06     -2e-06     -2e-06
         0   0.056261   0.106751   0.146531    0.17216   0.182113   0.176841   0.158536   0.130636   0.097195   0.062266   0.029355   0.001081  -0.020993  -0.036322   -0.04521  -0.048566   -0.04763  -0.043728  -0.038095  -0.031753  -0.025459  -0.019711  -0.014779  -0.010753  -0.007606  -0.005238  -0.003515  -0.002301  -0.001472   -0.00092  -0.000563  -0.000337  -0.000197  -0.000114   -6.4e-05   -3.6e-05   -1.9e-05     -1e-05     -6e-06     -3e-06     -2e-06     -2e-06     -1e-06     -1e-06     -1e-06     -1e-06     -1e-06     -1e-06     -1e-06
         0   0.056261   0.106751   0.146531    0.17216   0.182113   0.176841   0.158537   0.130636   0.097195   0.062266   0.029355   0.001081  -0.020993  -0.036321   -0.04521  -0.048566  -0.047629  -0.043728  -0.038095  -0.031752  -0.025459  -0.019711  -0.014778  -0.010753  -0.007606  -0.005237  -0.003515  -0.002301  -0.001472  -0.000919  -0.000562  -0.000336  -0.000197  -0.000113   -6.4e-05   -3.5e-05   -1.9e-05     -1e-05     -6e-06     -4e-06     -2e-06     -1e-06     -1e-06     -1e-06          0          0          0          0          0
         0   0.056261   0.106751   0.146531    0.17216   0.182113   0.176841   0.158537   0.130636   0.097196   0.062266   0.029355   0.001081  -0.020992  -0.036321  -0.045209  -0.048566  -0.047629  -0.043728  -0.038095  -0.031752  -0.025458  -0.019711  -0.014778  -0.010753  -0.007606  -0.005237  -0.003515  -0.002301  -0.001472  -0.000919  -0.000562  -0.000336  -0.000197  -0.000113   -6.4e-05   -3.5e-05   -1.9e-05   -1.1e-05     -6e-06     -3e-06     -2e-06     -1e-06     -1e-06          0          0          0          0          0          0
         0   0.056261   0.106751   0.146531    0.17216   0.182113   0.176841   0.158537   0.130636   0.097196   0.062266   0.029356   0.001081  -0.020992  -0.036321  -0.045209  -0.048566  -0.047629  -0.043728  -0.038094  -0.031752  -0.025458  -0.019711  -0.014778  -0.010753  -0.007606  -0.005237  -0.003515  -0.002301  -0.001472  -0.000919  -0.000562  -0.000336  -0.000197  -0.000113   -6.4e-05   -3.5e-05   -1.9e-05   -1.1e-05     -5e-06     -3e-06     -2e-06     -1e-06          0          0          0          0          0          0          0
         0   0.056261   0.106751   0.146531    0.17216   0.182113   0.176841   0.158537   0.130636   0.097196   0.062266   0.029356   0.001081  -0.020992  -0.036321  -0.045209  -0.048566  -0.047629  -0.043728  -0.038094  -0.031752  -0.025458  -0.019711  -0.014778  -0.010753  -0.007606  -0.005237  -0.003515  -0.002301  -0.001471  -0.000919  -0.000562  -0.000336  -0.000196  -0.000113   -6.4e-05   -3.5e-05   -1.9e-05   -1.1e-05     -5e-06     -3e-06     -2e-06     -1e-06          0          0          0          0          0          0          0
         0   0.056261   0.106751   0.146531    0.17216   0.182113   0.176841   0.158537   0.130636   0.097196   0.062266   0.029356   0.001081  -0.020992  -0.036321  -0.045209  -0.048566  -0.047629  -0.043728  -0.038094  -0.031752  -0.025458  -0.019711  -0.014778  -0.010753  -0.007605  -0.005237  -0.003515  -0.002301  -0.001471  -0.000919  -0.000562  -0.000336  -0.000196  -0.000113   -6.4e-05   -3.5e-05   -1.9e-05   -1.1e-05     -5e-06     -3e-06     -2e-06     -1e-06          0          0          0          0          0          0          0
         0   0.056261   0.106751   0.146531    0.17216   0.182113   0.176841   0.158537   0.130636   0.097196   0.062266   0.029356   0.001081  -0.020992  -0.036321  -0.045209  -0.048566  -0.047629  -0.043728  -0.038094  -0.031752  -0.025458  -0.019711  -0.014778  -0.010753  -0.007605  -0.005237  -0.003515  -0.002301  -0.001471  -0.000919  -0.000562  -0.000336  -0.000196  -0.000113   -6.4e-05   -3.5e-05   -1.9e-05   -1.1e-05     -5e-06     -3e-06     -2e-06     -1e-06          0          0          0          0          0          0          0
         0   0.056261   0.106751   0.146531    0.17216   0.182113   0.176841   0.158537   0.130636   0.097196   0.062266   0.029356   0.001081  -0.020992  -0.036321  -0.045209  -0.048566  -0.047629  -0.043728  -0.038094  -0.031752  -0.025458  -0.019711  -0.014778  -0.010753  -0.007605  -0.005237  -0.003515  -0.002301  -0.001471  -0.000919  -0.000562  -0.000336  -0.000196  -0.000113   -6.4e-05   -3.5e-05   -1.9e-05   -1.1e-05     -5e-06     -3e-06     -2e-06     -1e-06          0          0          0          0          0          0          0