         0          0          0          0          0          0          0          0          0          0          0          0          0          0          0          0          0          0          0          0          0          0          0          0          0          0          0          0          0          0          0          0          0          0          0          0          0          0          0          0          0          0          0          0          0          0          0          0          0          0
         0   0.000429   0.000854    0.00127   0.001672   0.002058   0.002424   0.002766   0.003082    0.00337   0.003627   0.003854    0.00405   0.004214   0.004348   0.004452   0.004529   0.004581   0.004608   0.004616   0.004605   0.004579   0.004542   0.004497   0.004446   0.004395   0.004345   0.004301   0.004266   0.004244   0.004239   0.004256     0.0043   0.004378   0.004494   0.004658   0.004879   0.005168    0.00554   0.006008   0.006592   0.007316   0.008207   0.009296   0.010619   0.012223   0.014157   0.016481   0.019264   0.022584
         0   0.000854   0.001699   0.002526   0.003327   0.004095   0.004822   0.005503    0.00613   0.006702   0.007215   0.007665   0.008053   0.008379   0.008645   0.008851   0.009004   0.009104   0.009158   0.009171   0.009148   0.009096    0.00902   0.008929   0.008828   0.008724   0.008624   0.008535   0.008465   0.008421    0.00841   0.008445   0.008533   0.008687   0.008919   0.009247   0.009687   0.010265   0.011005    0.01194   0.013108   0.014553    0.01633   0.018503   0.021147   0.024349    0.02821    0.03285   0.038406   0.045037
         0    0.00127   0.002526   0.003756   0.004947   0.006089    0.00717   0.008181   0.009113   0.009962   0.010721    0.01139   0.011966   0.012448    0.01284   0.013145   0.013367   0.013514   0.013591   0.013606    0.01357   0.013489   0.013374   0.013235   0.013082   0.012924   0.012773   0.012638   0.012532   0.012464   0.012449     0.0125   0.012631   0.012859   0.013207   0.013697   0.014356   0.015219   0.016326   0.017724    0.01947   0.021632   0.024292   0.027541   0.031494   0.036283   0.042058   0.048999   0.057309   0.067225
         0   0.001672   0.003327   0.004947   0.006517    0.00802   0.009442   0.010772   0.011999   0.013114   0.014113   0.014989   0.015743   0.016375   0.016886   0.017282    0.01757   0.017758   0.017853   0.017868   0.017812     0.0177   0.017543   0.017354   0.017147   0.016934    0.01673   0.016549   0.016406   0.016314   0.016293   0.016357    0.01653   0.016834   0.017294   0.017943   0.018819   0.019964   0.021434    0.02329   0.025609   0.028479    0.03201   0.036326   0.041576   0.047935   0.055604    0.06482   0.075856   0.089025
         0   0.002058   0.004095   0.006089    0.00802   0.009868   0.011616   0.013251   0.014758   0.016127   0.017351   0.018424   0.019346   0.020116   0.020738   0.021218   0.021564   0.021784   0.021893   0.021901   0.021824   0.021676   0.021473   0.021232   0.020968   0.020698    0.02044   0.020211   0.020028   0.019911   0.019881    0.01996   0.020173   0.020548   0.021119   0.021926   0.023013   0.024438   0.026264   0.028572   0.031454   0.035025   0.039415   0.044782   0.051311   0.059217   0.068756   0.080216    0.09394   0.110316
         0   0.002424   0.004822    0.00717   0.009442   0.011616   0.013673   0.015595   0.017364   0.018971   0.020405   0.021662   0.022737   0.023634   0.024356   0.024909   0.025304   0.025551   0.025664    0.02566   0.025556   0.025367   0.025115   0.024818   0.024494   0.024165   0.023851    0.02357   0.023348   0.023205   0.023165   0.023256   0.023506   0.023952   0.024631   0.025591   0.026886   0.028583   0.030761   0.033513   0.036949   0.041206   0.046442   0.052842   0.060627   0.070055   0.081428   0.095095   0.111461   0.130989
         0   0.002766   0.005503   0.008181   0.010772   0.013251   0.015595   0.017781   0.019795    0.02162   0.023247    0.02467   0.025887   0.026896   0.027705    0.02832   0.028752   0.029017   0.029127   0.029104   0.028965   0.028732   0.028425   0.028068   0.027682    0.02729   0.026917   0.026586    0.02632   0.026148   0.026097   0.026198   0.026485   0.026997   0.027782    0.02889   0.030389   0.032353   0.034874    0.03806    0.04204    0.04697   0.053032   0.060442   0.069459   0.080377   0.093548   0.109375   0.128328   0.150943
         0   0.003082    0.00613   0.009113   0.011999   0.014758   0.017364   0.019795    0.02203   0.024054   0.025855   0.027426   0.028766   0.029873   0.030753   0.031418   0.031877   0.032149   0.032248   0.032198   0.032018   0.031734   0.031368   0.030947   0.030495   0.030038   0.029604   0.029218   0.028909   0.028707   0.028642   0.028751   0.029071   0.029647   0.030533   0.031788   0.033484   0.035708   0.038563   0.042171   0.046681   0.052267   0.059136   0.067535   0.077751   0.090124   0.105049   0.122985   0.144462   0.170091
         0    0.00337   0.006702   0.009962   0.013114   0.016127   0.018971    0.02162   0.024054   0.026254   0.028208   0.029909   0.031353   0.032541    0.03348    0.03418   0.034655   0.034921   0.035001   0.034914   0.034688   0.034346   0.033917   0.033427   0.032905   0.032381   0.031883   0.031441   0.031085    0.03085   0.030771   0.030885   0.031236   0.031874   0.032857   0.034252   0.036138   0.038615   0.041794   0.045815   0.050839   0.057062   0.064717   0.074075    0.08546   0.099248   0.115879   0.135865   0.159798   0.188357
         0   0.003627   0.007215   0.010721   0.014113   0.017351   0.020405   0.023247   0.025855   0.028208   0.030294   0.032103   0.033633   0.034885   0.035866   0.036588   0.037065   0.037317   0.037366   0.037236   0.036955    0.03655   0.036052   0.035489   0.034895   0.034299   0.033735   0.033234   0.032831   0.032562   0.032464   0.032581   0.032961   0.033656   0.034733   0.036262   0.038333   0.041054   0.044548   0.048966   0.054489    0.06133   0.069745   0.080034    0.09255   0.107709   0.125994   0.147969   0.174282   0.205679
         0   0.003854   0.007665    0.01139   0.014989   0.018424   0.021662    0.02467   0.027426   0.029909   0.032103   0.034001   0.035597   0.036895   0.037903   0.038632     0.0391   0.039325   0.039334   0.039151   0.038809   0.038334   0.037761   0.037122   0.036451   0.035782   0.035149   0.034587   0.034135   0.033829   0.033712    0.03383   0.034236   0.034985    0.03615   0.037809   0.040058   0.043013    0.04681   0.051613   0.057617   0.065055   0.074205   0.085392   0.099001   0.115484   0.135367   0.159261   0.187872   0.222013
         0    0.00405   0.008053   0.011966   0.015743   0.019346   0.022737   0.025887   0.028766   0.031353   0.033633   0.035597   0.037241   0.038569   0.039587   0.040308   0.040753   0.040942     0.0409   0.040657   0.040246   0.039697   0.039045   0.038325   0.037574   0.036829   0.036125     0.0355   0.034997   0.034653   0.034515   0.034632    0.03506   0.035861   0.037109   0.038891   0.041311   0.044491   0.048579   0.053751   0.060219   0.068231   0.078088   0.090139   0.104801   0.122559   0.143979    0.16972   0.200544   0.237326
         0   0.004214   0.008379   0.012448   0.016375   0.020116   0.023634   0.026896   0.029873   0.032541   0.034885   0.036895   0.038569   0.039908   0.040921   0.041622    0.04203   0.042171   0.042071    0.04176   0.041272   0.040642   0.039908   0.039104   0.038271   0.037446   0.036669   0.035982   0.035424   0.035042   0.034881   0.034995   0.035443    0.03629   0.037618   0.039518     0.0421   0.045496   0.049863    0.05539   0.062301   0.070864   0.081398   0.094279    0.10995    0.12893   0.151825   0.179338   0.212284   0.251598
         0   0.004348   0.008645    0.01284   0.016886   0.020738   0.024356   0.027705   0.030753    0.03348   0.035866   0.037903   0.039587   0.040921   0.041913    0.04258   0.042942   0.043025   0.042857   0.042471   0.041902   0.041187   0.040364   0.039474   0.038556    0.03765     0.0368   0.036047   0.035435   0.035013   0.034827   0.034936   0.035401   0.036292   0.037695   0.039707   0.042443   0.046045   0.050677   0.056543   0.063878   0.072968    0.08415   0.097823   0.114459   0.134607   0.158912    0.18812   0.223094   0.264829
         0   0.004452   0.008851   0.013145   0.017282   0.021218   0.024909    0.02832   0.031418    0.03418   0.036588   0.038632   0.040308   0.041622    0.04258   0.043201   0.043506   0.043522   0.043279    0.04281   0.042155   0.041349   0.040437   0.039457   0.038452   0.037465   0.036539   0.035721   0.035054   0.034589   0.034379    0.03448   0.034961   0.035893   0.037365   0.039482   0.042365   0.046162   0.051049   0.057236   0.064975   0.074566   0.086365   0.100794   0.118348    0.13961   0.165257   0.196078   0.232985   0.277025
         0   0.004529   0.009004   0.013367    0.01757   0.021564   0.025304   0.028752   0.031877   0.034655   0.037065     0.0391   0.040753    0.04203   0.042942   0.043506   0.043744   0.043684   0.043359   0.042804   0.042057   0.041159   0.040153   0.039081   0.037988    0.03692   0.035919   0.035034   0.034312   0.033805   0.033569   0.033662   0.034154   0.035123   0.036662   0.038878     0.0419   0.045882    0.05101   0.057501   0.065624   0.075691   0.088076   0.103221   0.121648   0.143966   0.170889   0.203242   0.241983   0.288212
         0   0.004581   0.009104   0.013514   0.017758   0.021784   0.025551   0.029017   0.032149   0.034921   0.037317   0.039325   0.040942   0.042171   0.043025   0.043522   0.043684   0.043542   0.043129   0.042481    0.04164   0.040648   0.039547   0.038383   0.037202   0.036051   0.034974   0.034023   0.033247   0.032698   0.032434   0.032518   0.033021   0.034025   0.035624   0.037934   0.041086   0.045244   0.050597    0.05738   0.065865   0.076381   0.089321   0.105145   0.124397   0.147715   0.175842   0.209645   0.250122    0.29842
         0   0.004608   0.009158   0.013591   0.017853   0.021893   0.025664   0.029127   0.032248   0.035001   0.037366   0.039334     0.0409   0.042071   0.042857   0.043279   0.043359   0.043129   0.042623   0.041882   0.040943   0.039853   0.038658   0.037402   0.036132   0.034898   0.033749   0.032733   0.031901   0.031311    0.03102   0.031093   0.031605    0.03264   0.034298   0.036695    0.03997   0.044292   0.049861   0.056915   0.065741   0.076683   0.090146   0.106609   0.126639     0.1509   0.180164   0.215332   0.257445   0.307696
         0   0.004616   0.009171   0.013606   0.017868   0.021901    0.02566   0.029104   0.032198   0.034914   0.037236   0.039151   0.040657    0.04176   0.042471    0.04281   0.042804   0.042481   0.041882   0.041042   0.040006   0.038819   0.037528    0.03618   0.034825    0.03351   0.032287   0.031207   0.030322   0.029691   0.029373   0.029436   0.029955   0.031019    0.03273   0.035209   0.038601   0.043078   0.048847   0.056156   0.065305   0.076646   0.090599   0.107664   0.128425   0.153571   0.183904   0.220357   0.264006   0.316091
         0   0.004605   0.009148    0.01357   0.017812   0.021824   0.025556   0.028965   0.032018   0.034688   0.036955   0.038809   0.040246   0.041272   0.041902   0.042155   0.042057    0.04164   0.040943   0.040006   0.038873   0.037589   0.036204   0.034766   0.033325   0.031933   0.030639   0.029496   0.028561   0.027889   0.027545   0.027597   0.028123   0.029214   0.030975    0.03353    0.03703   0.041652    0.04761    0.05516    0.06461   0.076324   0.090738   0.108365   0.129811   0.155787    0.18712   0.224774   0.269862   0.323663
         0   0.004579   0.009096   0.013489     0.0177   0.021676   0.025367   0.028732   0.031734   0.034346    0.03655   0.038334   0.039697   0.040642   0.041187   0.041349   0.041159   0.040648   0.039853   0.038819   0.037589   0.036212   0.034735   0.033209   0.031687   0.030218   0.028856   0.027655   0.026669   0.025959    0.02559   0.025631   0.026163   0.027278   0.029086   0.031713   0.035314   0.040072   0.046205    0.05398   0.063711   0.075775   0.090619   0.108771   0.130857   0.157606   0.189873   0.228648   0.275078   0.330482
         0   0.004542    0.00902   0.013374   0.017543   0.021473   0.025115   0.028425   0.031368   0.033917   0.036052   0.037761   0.039045   0.039908   0.040364   0.040437   0.040153   0.039547   0.038658   0.037528   0.036204   0.034735    0.03317   0.031561   0.029959   0.028418   0.026992   0.025733   0.024701   0.023956   0.023563   0.023594   0.024131    0.02527    0.02712   0.029815    0.03351   0.038394   0.044693   0.052677   0.062669   0.075058   0.090302   0.108944   0.131624   0.159093   0.192229   0.232047   0.279725   0.336618
         0   0.004497   0.008929   0.013235   0.017354   0.021232   0.024818   0.028068   0.030947   0.033427   0.035489   0.037122   0.038325   0.039104   0.039474   0.039457   0.039081   0.038383   0.037402    0.03618   0.034766   0.033209   0.031561   0.029872   0.028196   0.026587   0.025099   0.023788   0.022713   0.021934   0.021519   0.021541   0.022084   0.023245   0.025136   0.027894   0.031677   0.036679    0.04313   0.051309   0.061545   0.074236    0.08985   0.108946   0.132177   0.160314   0.194254   0.235038   0.283873   0.342146
         0   0.004446   0.008828   0.013082   0.017147   0.020968   0.024494   0.027682   0.030495   0.032905   0.034895   0.036451   0.037574   0.038271   0.038556   0.038452   0.037988   0.037202   0.036132   0.034825   0.033325   0.031687   0.029959   0.028196   0.026451   0.024779   0.023235   0.021875    0.02076   0.019951   0.019517   0.019531    0.02008   0.021262   0.023192   0.026008   0.029874   0.034986   0.041579   0.049938   0.060399   0.073369   0.089327   0.108842   0.132583   0.161337   0.196019   0.237696     0.2876   0.347147
         0   0.004395   0.008724   0.012924   0.016934   0.020698   0.024165    0.02729   0.030038   0.032381   0.034299   0.035782   0.036829   0.037446    0.03765   0.037465    0.03692   0.036051   0.034898    0.03351   0.031933   0.030218   0.028418   0.026587   0.024779    0.02305   0.021454   0.020052   0.018901   0.018065   0.017613   0.017622   0.018178    0.01938   0.021347   0.024218   0.028161   0.033375     0.0401   0.048625   0.059295   0.072523   0.088797   0.108698   0.132909    0.16223   0.197598   0.240097   0.290984   0.351703
         0   0.004345   0.008624   0.012773    0.01673    0.02044   0.023851   0.026917   0.029604   0.031883   0.033735   0.035149   0.036125   0.036669     0.0368   0.036539   0.035919   0.034974   0.033749   0.032287   0.030639   0.028856   0.026992   0.025099   0.023235   0.021454   0.019815   0.018374   0.017192   0.016333   0.015868   0.015873   0.016436   0.017659   0.019661   0.022585     0.0266   0.031908   0.038755   0.047434   0.058297   0.071762   0.088327   0.108583   0.133225   0.163068   0.199063   0.242316   0.294104   0.355899
         0   0.004301   0.008535   0.012638   0.016549   0.020211    0.02357   0.026586   0.029218   0.031441   0.033234   0.034587     0.0355   0.035982   0.036047   0.035721   0.035034   0.034023   0.032733   0.031207   0.029496   0.027655   0.025733   0.023788   0.021875   0.020052   0.018374     0.0169   0.015693   0.014816   0.014341   0.014344   0.014917   0.016161   0.018197    0.02117   0.025253   0.030649   0.037609    0.04643   0.057469   0.071152   0.087984   0.108566   0.133602   0.163923   0.200492   0.244434   0.297047   0.359825
         0   0.004266   0.008465   0.012532   0.016406   0.020028   0.023348    0.02632   0.028909   0.031085   0.032831   0.034135   0.034997   0.035424   0.035435   0.035054   0.034312   0.033247   0.031901   0.030322   0.028561   0.026669   0.024701   0.022713    0.02076   0.018901   0.017192   0.015693   0.014465   0.013575   0.013093     0.0131   0.013684    0.01495   0.017019    0.02004   0.024185   0.029664   0.036729   0.045681   0.056881   0.070764   0.087841    0.10872   0.134116   0.164871   0.201964   0.246535   0.299899   0.363572
         0   0.004244   0.008421   0.012464   0.016314   0.019911   0.023205   0.026148   0.028707    0.03085   0.032562   0.033829   0.034653   0.035042   0.035013   0.034589   0.033805   0.032698   0.031311   0.029691   0.027889   0.025959   0.023956   0.021934   0.019951   0.018065   0.016333   0.014816   0.013575   0.012677   0.012194   0.012207   0.012804   0.014093   0.016197   0.019262   0.023468   0.029023   0.036184   0.045257   0.056608   0.070673   0.087973   0.109122   0.134847   0.165997   0.203566   0.248707   0.302754    0.36724
         0   0.004239    0.00841   0.012449   0.016293   0.019881   0.023165   0.026097   0.028642   0.030771   0.032464   0.033712   0.034515   0.034881   0.034827   0.034379   0.033569   0.032434    0.03102   0.029373   0.027545    0.02559   0.023563   0.021519   0.019517   0.017613   0.015868   0.014341   0.013093   0.012194   0.011716   0.011738   0.012352   0.013665   0.015803   0.018914   0.023175   0.028804   0.036055    0.04524   0.056727   0.070959   0.088461   0.109858   0.135879   0.167389   0.205389   0.251046    0.30571   0.370932
         0   0.004256   0.008445     0.0125   0.016357    0.01996   0.023256   0.026198   0.028751   0.030885   0.032581    0.03383   0.034632   0.034995   0.034936    0.03448   0.033662   0.032518   0.031093   0.029436   0.027597   0.025631   0.023594   0.021541   0.019531   0.017622   0.015873   0.014344     0.0131   0.012207   0.011738   0.011774   0.012409    0.01375   0.015922   0.019077   0.023394   0.029091   0.036426   0.045713   0.057326    0.07171   0.089397   0.111017   0.137309   0.169143   0.207533   0.253656   0.308878   0.374764
         0     0.0043   0.008533   0.012631    0.01653   0.020173   0.023506   0.026485   0.029071   0.031236   0.032961   0.034236    0.03506   0.035443   0.035401   0.034961   0.034154   0.033021   0.031605   0.029955   0.028123   0.026163   0.024131   0.022084    0.02008   0.018178   0.016436   0.014917   0.013684   0.012804   0.012352   0.012409   0.013069    0.01444   0.016649   0.019848    0.02422   0.029982   0.037396   0.046779   0.058506    0.07303   0.090886   0.112707   0.139244    0.17137    0.21011   0.256654   0.312377    0.37886
         0   0.004378   0.008687   0.012859   0.016834   0.020548   0.023952   0.026997   0.029647   0.031874   0.033656   0.034985   0.035861    0.03629   0.036292   0.035893   0.035123   0.034025    0.03264   0.031019   0.029214   0.027278    0.02527   0.023245   0.021262    0.01938   0.017659   0.016161    0.01495   0.014093   0.013665    0.01375    0.01444   0.015844   0.018094   0.021338   0.025763   0.031589   0.039078   0.048549   0.060384   0.075035   0.093044   0.115049   0.141805   0.174194    0.21325   0.260171   0.316343   0.383361
         0   0.004494   0.008919   0.013207   0.017294   0.021119   0.024631   0.027782   0.030533   0.032857   0.034733    0.03615   0.037109   0.037618   0.037695   0.037365   0.036662   0.035624   0.034298    0.03273   0.030975   0.029086    0.02712   0.025136   0.023192   0.021347   0.019661   0.018197   0.017019   0.016197   0.015803   0.015922   0.016649   0.018094   0.020385   0.023678   0.028158   0.034044   0.041605   0.051161   0.063093   0.077862   0.096009   0.118181   0.145135   0.177762   0.217102    0.26436   0.320933   0.388428
         0   0.004658   0.009247   0.013697   0.017943   0.021926   0.025591    0.02889   0.031788   0.034252   0.036262   0.037809   0.038891   0.039518   0.039707   0.039482   0.038878   0.037934   0.036695   0.035209    0.03353   0.031713   0.029815   0.027894   0.026008   0.024218   0.022585    0.02117    0.02004   0.019262   0.018914   0.019077   0.019848   0.021338   0.023678   0.027023   0.031557   0.037506   0.045136   0.054772   0.066797   0.081673   0.099948   0.122271   0.149403   0.182244   0.221836   0.269396   0.326329    0.39425
         0   0.004879   0.009687   0.014356   0.018819   0.023013   0.026886   0.030389   0.033484   0.036138   0.038333   0.040058   0.041311     0.0421   0.042443   0.042365     0.0419   0.041086    0.03997   0.038601    0.03703   0.035314    0.03351   0.031677   0.029874   0.028161     0.0266   0.025253   0.024185   0.023468   0.023175   0.023394    0.02422   0.025763   0.028158   0.031557    0.03615   0.042162   0.049862   0.059574   0.071687   0.086663   0.105056   0.127515    0.15481   0.187841    0.22766    0.27549   0.332741   0.401041
         0   0.005168   0.010265   0.015219   0.019964   0.024438   0.028583   0.032353   0.035708   0.038615   0.041054   0.043013   0.044491   0.045496   0.046045   0.046162   0.045882   0.045244   0.044292   0.043078   0.041652   0.040072   0.038394   0.036679   0.034986   0.033375   0.031908   0.030649   0.029664   0.029023   0.028804   0.029091   0.029982   0.031589   0.034044   0.037506   0.042162   0.048238   0.056008   0.065796   0.077992   0.093064   0.111565    0.13415   0.161591   0.194794   0.234816   0.282886   0.340421   0.409055
         0    0.00554   0.011005   0.016326   0.021434   0.026264   0.030761   0.034874   0.038563   0.041794   0.044548    0.04681   0.048579   0.049863   0.050677   0.051049    0.05101   0.050597   0.049861   0.048847    0.04761   0.046205   0.044693    0.04313   0.041579     0.0401   0.038755   0.037609   0.036729   0.036184   0.036055   0.036426   0.037396   0.039078   0.041605   0.045136   0.049862   0.056008   0.063849   0.073712   0.085992   0.101154   0.119756   0.142457   0.170031   0.203389   0.243594   0.291876   0.349663   0.418595
         0   0.006008    0.01194   0.017724    0.02329   0.028572   0.033513    0.03806   0.042171   0.045815   0.048966   0.051613   0.053751    0.05539   0.056543   0.057236   0.057501    0.05738   0.056915   0.056156    0.05516    0.05398   0.052677   0.051309   0.049938   0.048625   0.047434    0.04643   0.045681   0.045257    0.04524   0.045713   0.046779   0.048549   0.051161   0.054772   0.059574   0.065796   0.073712   0.083655   0.096015   0.111265   0.129964   0.152771   0.180469   0.213968   0.254336   0.302809   0.360819   0.430014
         0   0.006592   0.013108    0.01947   0.025609   0.031454   0.036949    0.04204   0.046681   0.050839   0.054489   0.057617   0.060219   0.062301   0.063878   0.064975   0.065624   0.065865   0.065741   0.065305    0.06461   0.063711   0.062669   0.061545   0.060399   0.059295   0.058297   0.057469   0.056881   0.056608   0.056727   0.057326   0.058506   0.060384   0.063093   0.066797   0.071687   0.077992   0.085992   0.096015   0.108459   0.123796   0.142588   0.165498   0.193309   0.226937   0.267451   0.316096   0.374306   0.443732
         0   0.007316   0.014553   0.021632   0.028479   0.035025   0.041206    0.04697   0.052267   0.057062    0.06133   0.065055   0.068231   0.070864   0.072968   0.074566   0.075691   0.076381   0.076683   0.076646   0.076324   0.075775   0.075058   0.074236   0.073369   0.072523   0.071762   0.071152   0.070764   0.070673   0.070959    0.07171    0.07303   0.075035   0.077862   0.081673   0.086663   0.093064   0.101154   0.111265   0.123796   0.139222   0.158106   0.181115   0.209033   0.242779   0.283428   0.332226   0.390613   0.460245
         0   0.008207    0.01633   0.024292    0.03201   0.039415   0.046442   0.053032   0.059136   0.064717   0.069745   0.074205   0.078088   0.081398    0.08415   0.086365   0.088076   0.089321   0.090146   0.090599   0.090738   0.090619   0.090302    0.08985   0.089327   0.088797   0.088327   0.087984   0.087841   0.087973   0.088461   0.089397   0.090886   0.093044   0.096009   0.099948   0.105056   0.111565   0.119756   0.129964   0.142588   0.158106   0.177083   0.200189   0.228209   0.262068    0.30284   0.351777   0.410322   0.480137
         0   0.009296   0.018503   0.027541   0.036326   0.044782   0.052842   0.060442   0.067535   0.074075   0.080034   0.085392   0.090139   0.094279   0.097823   0.100794   0.103221   0.105145   0.106609   0.107664   0.108365   0.108771   0.108944   0.108946   0.108842   0.108698   0.108583   0.108566    0.10872   0.109122   0.109858   0.111017   0.112707   0.115049   0.118181   0.122271   0.127515    0.13415   0.142457   0.152771   0.165498   0.181115   0.200189   0.223391   0.251513   0.285477   0.326366    0.37543   0.434118   0.504096
         0   0.010619   0.021147   0.031494   0.041576   0.051311   0.060627   0.069459   0.077751    0.08546    0.09255   0.099001   0.104801    0.10995   0.114459   0.118348   0.121648   0.124397   0.126639   0.128425   0.129811   0.130857   0.131624   0.132177   0.132583   0.132909   0.133225   0.133602   0.134116   0.134847   0.135879   0.137309   0.139244   0.141805   0.145135   0.149403    0.15481   0.161591   0.170031   0.180469   0.193309   0.209033   0.228209   0.251513   0.279735   0.313803   0.354801   0.403984   0.462803   0.532927
         0   0.012223   0.024349   0.036283   0.047935   0.059217   0.070055   0.080377   0.090124   0.099248   0.107709   0.115484   0.122559    0.12893   0.134607    0.13961   0.143966   0.147715     0.1509   0.153571   0.155787   0.157606   0.159093   0.160314   0.161337    0.16223   0.163068   0.163923   0.164871   0.165997   0.167389   0.169143    0.17137   0.174194   0.177762   0.182244   0.187841   0.194794   0.203389   0.213968   0.226937   0.242779   0.262068   0.285477   0.313803   0.347977   0.389081   0.438376   0.497316   0.567572
         0   0.014157    0.02821   0.042058   0.055604   0.068756   0.081428   0.093548   0.105049   0.115879   0.125994   0.135367   0.143979   0.151825   0.158912   0.165257   0.170889   0.175842   0.180164   0.183904    0.18712   0.189873   0.192229   0.194254   0.196019   0.197598   0.199063   0.200492   0.201964   0.203566   0.205389   0.207533    0.21011    0.21325   0.217102   0.221836    0.22766   0.234816   0.243594   0.254336   0.267451   0.283428    0.30284   0.326366   0.354801   0.389081   0.430292   0.479696   0.538749   0.609128
         0   0.016481    0.03285   0.048999    0.06482   0.080216   0.095095   0.109375   0.122985   0.135865   0.147969   0.159261    0.16972   0.179338    0.18812   0.196078   0.203242   0.209645   0.215332   0.220357   0.224774   0.228648   0.232047   0.235038   0.237696   0.240097   0.242316   0.244434   0.246535   0.248707   0.251046   0.253656   0.256654   0.260171    0.26436   0.269396    0.27549   0.282886   0.291876   0.302809   0.316096   0.332226   0.351777    0.37543   0.403984   0.438376   0.479696   0.529207   0.588371   0.658863
         0   0.019264   0.038406   0.057309   0.075856    0.09394   0.111461   0.128328   0.144462   0.159798   0.174282   0.187872   0.200544   0.212284   0.223094   0.232985   0.241983   0.250122   0.257445   0.264006   0.269862   0.275078   0.279725   0.283873     0.2876   0.290984   0.294104   0.297047   0.299899   0.302754    0.30571   0.308878   0.312377   0.316343   0.320933   0.326329   0.332741   0.340421   0.349663   0.360819   0.374306   0.390613   0.410322   0.434118   0.462803   0.497316   0.538749   0.588371   0.647642   0.718244
         0   0.022584   0.045037   0.067225   0.089025   0.110316   0.130989   0.150943   0.170091   0.188357   0.205679   0.222013   0.237326   0.251598   0.264829   0.277025   0.288212    0.29842   0.307696   0.316091   0.323663   0.330482   0.336618   0.342146   0.347147   0.351703   0.355899   0.359825   0.363572    0.36724   0.370932   0.374764    0.37886   0.383361   0.388428    0.39425   0.401041   0.409055   0.418595   0.430014   0.443732   0.460245   0.480137   0.504096   0.532927   0.567572   0.609128   0.658863   0.718244   0.788954