         0          0          0          0          0          0          0          0          0          0          0          0          0          0          0          0          0          0          0          0          0          0          0          0          0          0          0          0          0          0          0          0          0          0          0          0          0          0          0          0          0          0          0          0          0          0          0          0          0          0
         0   0.000617   0.001226    0.00182   0.002392   0.002935   0.003444   0.003913   0.004338   0.004716   0.005046   0.005327   0.005559   0.005741   0.005878   0.005972   0.006026   0.006044   0.006031    0.00599   0.005928   0.005849   0.005757   0.005658   0.005554    0.00545   0.005349   0.005254   0.005169   0.005094   0.005034   0.004988   0.004959   0.004948   0.004959   0.004993   0.005053   0.005144   0.005271    0.00544   0.005661   0.005942   0.006299   0.006748   0.007312   0.008014   0.008889   0.009972    0.01131   0.012959
         0   0.001226   0.002437   0.003618   0.004755   0.005834   0.006844   0.007775    0.00862   0.009371   0.010025   0.010582   0.011039   0.011402   0.011672   0.011856   0.011961   0.011994   0.011965   0.011883   0.011756   0.011597   0.011412   0.011212   0.011004   0.010795   0.010593   0.010404   0.010233   0.010084   0.009961   0.009869   0.009812   0.009791   0.009812   0.009879       0.01   0.010182   0.010435   0.010773   0.011212   0.011774   0.012486   0.013383   0.014508    0.01591   0.017655   0.019817   0.022488   0.025778
         0    0.00182   0.003618   0.005371   0.007058   0.008658   0.010157   0.011538   0.012789   0.013901    0.01487   0.015692   0.016368   0.016901   0.017297   0.017565   0.017714   0.017758    0.01771   0.017581   0.017389   0.017146   0.016866   0.016564    0.01625   0.015936   0.015632   0.015347    0.01509   0.014866   0.014683   0.014544   0.014456   0.014425   0.014456   0.014557   0.014737   0.015008   0.015387   0.015891   0.016547   0.017388   0.018453   0.019794   0.021475   0.023572   0.026179    0.02941   0.033403   0.038322
         0   0.002392   0.004755   0.007058   0.009273   0.011376   0.013342   0.015154   0.016793   0.018252   0.019518   0.020592   0.021471   0.022163   0.022674   0.023017   0.023203    0.02325   0.023176   0.022997   0.022734   0.022404   0.022027   0.021619   0.021198   0.020776    0.02037   0.019989   0.019644   0.019346     0.0191   0.018915   0.018797   0.018754   0.018795   0.018928   0.019166   0.019526   0.020027   0.020697   0.021567   0.022682   0.024096   0.025877   0.028107   0.030889   0.034348   0.038635   0.043934   0.050461
         0   0.002935   0.005834   0.008658   0.011376   0.013952   0.016362    0.01858   0.020586   0.022366   0.023912   0.025217   0.026286   0.027121   0.027734   0.028138   0.028351   0.028392   0.028283   0.028046   0.027706   0.027286   0.026806   0.026291    0.02576    0.02523   0.024719   0.024242   0.023809   0.023434   0.023126   0.022893   0.022745   0.022691    0.02274   0.022905     0.0232   0.023647   0.024269     0.0251   0.026182   0.027567   0.029324   0.031536   0.034305   0.037762   0.042059   0.047386   0.053969   0.062076
         0   0.003444   0.006844   0.010157   0.013342   0.016362   0.019183   0.021778   0.024123   0.026199   0.027999   0.029516   0.030751   0.031712    0.03241   0.032862   0.033088   0.033113    0.03296   0.032658   0.032234   0.031716   0.031132   0.030505   0.029861   0.029221   0.028603   0.028028   0.027507   0.027056   0.026684   0.026404   0.026225   0.026158   0.026215   0.026409   0.026761   0.027292   0.028033   0.029022    0.03031    0.03196   0.034052   0.036686   0.039985   0.044102    0.04922   0.055565   0.063404   0.073061
         0   0.003913   0.007775   0.011538   0.015154    0.01858   0.021778   0.024715   0.027366   0.029712   0.031737   0.033439   0.034819   0.035885   0.036649   0.037133   0.037358   0.037353   0.037146   0.036769   0.036255   0.035635    0.03494   0.034199   0.033438   0.032685    0.03196   0.031285   0.030675   0.030146   0.029711   0.029383   0.029172   0.029092   0.029156    0.02938   0.029785   0.030398   0.031254   0.032397   0.033887   0.035795   0.038214    0.04126   0.045076   0.049835   0.055755   0.063092   0.072157   0.083324
         0   0.004338    0.00862   0.012789   0.016793   0.020586   0.024123   0.027366   0.030289   0.032869   0.035092   0.036951   0.038451   0.039597   0.040408   0.040905   0.041114   0.041066   0.040794   0.040334   0.039721   0.038992    0.03818    0.03732   0.036442   0.035573    0.03474   0.033963   0.033263   0.032657   0.032159   0.031781   0.031539   0.031445   0.031514   0.031765   0.032221   0.032914   0.033881   0.035176    0.03686   0.039019   0.041756   0.045202   0.049519   0.054905   0.061602   0.069902   0.080159   0.092793
         0   0.004716   0.009371   0.013901   0.018252   0.022366   0.026199   0.029712   0.032869    0.03565   0.038037   0.040025   0.041616   0.042821   0.043656   0.044148   0.044325    0.04422    0.04387   0.043316   0.042597   0.041753    0.04082   0.039837   0.038837   0.037852   0.036907    0.03603   0.035239   0.034555   0.033992   0.033565   0.033291   0.033182   0.033255   0.033532   0.034038   0.034807   0.035883   0.037322   0.039196   0.041597   0.044641   0.048475   0.053277   0.059267   0.066717   0.075949   0.087358    0.10141
         0   0.005046   0.010025    0.01487   0.019518   0.023912   0.027999   0.031737   0.035092   0.038037   0.040555   0.042641   0.044298   0.045535   0.046375   0.046841   0.046969   0.046793   0.046355   0.045697   0.044863   0.043897   0.042838   0.041729   0.040606   0.039501   0.038446   0.037466   0.036585   0.035821   0.035195   0.034719   0.034411   0.034287   0.034364   0.034664   0.035218   0.036061    0.03724   0.038818   0.040874   0.043508    0.04685   0.051055   0.056325   0.062898   0.071072   0.081203   0.093721    0.10914
         0   0.005327   0.010582   0.015692   0.020592   0.025217   0.029516   0.033439   0.036951   0.040025   0.042641   0.044794   0.046488   0.047735   0.048556   0.048978    0.04904   0.048779   0.048241    0.04747   0.046514    0.04542   0.044232   0.042993   0.041743   0.040519   0.039352   0.038269   0.037297   0.036455   0.035764    0.03524   0.034899   0.034758   0.034838   0.035161    0.03576   0.036672   0.037951   0.039663   0.041893   0.044752   0.048377   0.052941   0.058658   0.065791    0.07466   0.085653   0.099235   0.115965
         0   0.005559   0.011039   0.016368   0.021471   0.026286   0.030751   0.034819   0.038451   0.041616   0.044298   0.046488   0.048193   0.049423   0.050204   0.050566   0.050546   0.050187   0.049537   0.048645    0.04756   0.046333   0.045011    0.04364   0.042263   0.040916   0.039637   0.038453    0.03739    0.03647   0.035715   0.035142   0.034769   0.034611   0.034692   0.035037   0.035678   0.036657   0.038031    0.03987   0.042268    0.04534   0.049237   0.054143   0.060289   0.067956   0.077489   0.089305   0.103904   0.121885
         0   0.005741   0.011402   0.016901   0.022163   0.027121   0.031712   0.035885   0.039597   0.042821   0.045535   0.047735   0.049423   0.050615   0.051336   0.051619   0.051502   0.051035   0.050263   0.049241   0.048022   0.046658   0.045199   0.043694   0.042188   0.040721   0.039328   0.038042    0.03689   0.035895   0.035076   0.034456   0.034048   0.033874   0.033956    0.03432   0.035001   0.036045   0.037509   0.039469   0.042025   0.045302   0.049458   0.054689   0.061243   0.069418   0.079583   0.092181   0.107747    0.12692
         0   0.005878   0.011672   0.017297   0.022674   0.027734    0.03241   0.036649   0.040408   0.043656   0.046375   0.048556   0.050204   0.051336   0.051979   0.052166   0.051941   0.051351   0.050451   0.049292   0.047933   0.046429   0.044832   0.043192   0.041557   0.039969   0.038466   0.037079   0.035839   0.034767   0.033889   0.033219    0.03278    0.03259   0.032672   0.033054   0.033773   0.034876   0.036425   0.038501   0.041208   0.044678   0.049079   0.054619   0.061558   0.070216   0.080979   0.094319   0.110801   0.131103
         0   0.005972   0.011856   0.017565   0.023017   0.028138   0.032862   0.037133   0.040905   0.044148   0.046841   0.048978   0.050566   0.051619   0.052166   0.052244   0.051899   0.051179   0.050142   0.048842    0.04734   0.045693   0.043955   0.042182   0.040419   0.038712   0.037099   0.035614   0.034287   0.033142   0.032203   0.031488   0.031016    0.03081   0.030891   0.031291   0.032045   0.033205   0.034835    0.03702   0.039869   0.043522   0.048154   0.053985    0.06129   0.070402    0.08173   0.095769   0.113116   0.134482
         0   0.006026   0.011961   0.017714   0.023203   0.028351   0.033088   0.037358   0.041114   0.044325   0.046969    0.04904   0.050546   0.051502   0.051941   0.051899   0.051423   0.050567   0.049387   0.047942   0.046295   0.044504   0.042628   0.040719   0.038831   0.037006   0.035287   0.033706   0.032295    0.03108   0.030082   0.029322   0.028821   0.028597   0.028678   0.029093   0.029881   0.031094   0.032801   0.035089   0.038071   0.041896   0.046746   0.052851   0.060499   0.070038   0.081897   0.096595   0.114753   0.137118
         0   0.006044   0.011994   0.017758    0.02325   0.028392   0.033113   0.037353   0.041066    0.04422   0.046793   0.048779   0.050187   0.051035   0.051351   0.051179   0.050567   0.049568   0.048242   0.046651   0.044858   0.042924   0.040909    0.03887   0.036858    0.03492   0.033095   0.031422    0.02993   0.028646   0.027593   0.026791    0.02626   0.026021   0.026101   0.026531    0.02735   0.028613   0.030392   0.032776   0.035885    0.03987   0.044925   0.051288   0.059255   0.069194    0.08155   0.096863   0.115782   0.139083
         0   0.006031   0.011965    0.01771   0.023176   0.028283    0.03296   0.037146   0.040794    0.04387   0.046355   0.048241   0.049537   0.050263   0.050451   0.050142   0.049387   0.048242   0.046768   0.045031   0.043093   0.041017   0.038868   0.036701   0.034569   0.032519   0.030596   0.028834   0.027265   0.025915   0.024808   0.023965   0.023407   0.023155   0.023234   0.023677   0.024527   0.025838   0.027682   0.030157   0.033383    0.03752   0.042764   0.049367   0.057634   0.067946   0.080765   0.096652   0.116278    0.14045
         0    0.00599   0.011883   0.017581   0.022997   0.028046   0.032658   0.036769   0.040334   0.043316   0.045697    0.04747   0.048645   0.049241   0.049292   0.048842   0.047942   0.046651   0.045031   0.043148   0.041067   0.038854   0.036573   0.034282   0.032034    0.02988   0.027861   0.026014   0.024372   0.022961   0.021804   0.020923   0.020339   0.020074   0.020153   0.020609   0.021486   0.022841   0.024748   0.027307   0.030644   0.034921   0.040342   0.047166   0.055712   0.066371    0.07962   0.096039   0.116322   0.141303
         0   0.005928   0.011756   0.017389   0.022734   0.027706   0.032234   0.036255   0.039721   0.042597   0.044863   0.046514    0.04756   0.048022   0.047933    0.04734   0.046295   0.044858   0.043093   0.041067   0.038847   0.036503   0.034095   0.031686   0.029328   0.027073   0.024964   0.023037   0.021326   0.019858   0.018654   0.017739   0.017131   0.016853   0.016932   0.017401   0.018305   0.019701   0.021667   0.024304   0.027743   0.032149   0.037736   0.044767   0.053569   0.064549   0.078195   0.095105   0.115996   0.141724
         0   0.005849   0.011597   0.017146   0.022404   0.027286   0.031716   0.035635   0.038992   0.041753   0.043897    0.04542   0.046333   0.046658   0.046429   0.045693   0.044504   0.042924   0.041017   0.038854   0.036503    0.03403   0.031503    0.02898    0.02652    0.02417   0.021977   0.019976   0.018201   0.016678   0.015433   0.014485   0.013856   0.013568   0.013647   0.014129   0.015057   0.016493   0.018513   0.021223   0.024756   0.029283   0.035021   0.042242   0.051283   0.062557   0.076569   0.093932   0.115382   0.141798
         0   0.005757   0.011412   0.016866   0.022027   0.026806   0.031132    0.03494    0.03818    0.04082   0.042838   0.044232   0.045011   0.045199   0.044832   0.043955   0.042628   0.040909   0.038868   0.036573   0.034095   0.031503   0.028862   0.026234   0.023676    0.02124   0.018967   0.016899   0.015064   0.013494   0.012209   0.011232   0.010584   0.010287   0.010367   0.010861   0.011814   0.013286   0.015357   0.018135   0.021755   0.026393   0.032271   0.039667   0.048925    0.06047   0.074819   0.092596   0.114558   0.141605
         0   0.005658   0.011212   0.016564   0.021619   0.026291   0.030505   0.034199    0.03732   0.039837   0.041729   0.042993    0.04364   0.043694   0.043192   0.042182   0.040719    0.03887   0.036701   0.034282   0.031686    0.02898   0.026234   0.023509   0.020862   0.018345      0.016    0.01387   0.011983   0.010368   0.009048   0.008046   0.007381   0.007077   0.007159   0.007666   0.008641   0.010147   0.012266   0.015106   0.018806   0.023546   0.029552   0.037108   0.046566   0.058357   0.073013    0.09117     0.1136    0.14122
         0   0.005554   0.011004    0.01625   0.021198    0.02576   0.029861   0.033438   0.036442   0.038837   0.040606   0.041743   0.042263   0.042188   0.041557   0.040419   0.038831   0.036858   0.034569   0.032034   0.029328    0.02652   0.023676   0.020862   0.018134   0.015543   0.013135   0.010947   0.009012   0.007359   0.006008   0.004984   0.004305   0.003996   0.004083     0.0046   0.005597   0.007135   0.009299   0.012196    0.01597   0.020803   0.026926   0.034628   0.044267   0.056285   0.071219   0.089721   0.112575    0.14072
         0    0.00545   0.010795   0.015936   0.020776    0.02523   0.029221   0.032685   0.035573   0.037852   0.039501   0.040519   0.040916   0.040721   0.039969   0.038712   0.037006    0.03492   0.032519    0.02988   0.027073    0.02417    0.02124   0.018345   0.015543   0.012886   0.010421   0.008183   0.006207   0.004518   0.003143     0.0021    0.00141   0.001097   0.001187   0.001717   0.002735   0.004304   0.006507   0.009458     0.0133   0.018218   0.024447   0.032282   0.042086   0.054308   0.069495    0.08831   0.111549   0.140167
         0   0.005349   0.010593   0.015632    0.02037   0.024719   0.028603    0.03196    0.03474   0.036907   0.038446   0.039352   0.039637   0.039328   0.038466   0.037099   0.035287   0.033095   0.030596   0.027861   0.024964   0.021977   0.018967      0.016   0.013135   0.010421   0.007904   0.005624   0.003611   0.001894   0.000495  -0.000563  -0.001261  -0.001576  -0.001479  -0.000936   0.000101   0.001697   0.003939   0.006938   0.010842   0.015838   0.022165    0.03012   0.040073   0.052479   0.067894   0.086991   0.110577   0.139621
         0   0.005254   0.010404   0.015347   0.019989   0.024242   0.028028   0.031285   0.033963    0.03603   0.037466   0.038269   0.038453   0.038042   0.037079   0.035614   0.033706   0.031422   0.028834   0.026014   0.023037   0.019976   0.016899    0.01387   0.010947   0.008183   0.005624   0.003306   0.001263  -0.000478  -0.001894  -0.002964  -0.003668  -0.003982   -0.00388  -0.003325  -0.002268  -0.000644   0.001632   0.004677   0.008637   0.013704   0.020117   0.028181   0.038268   0.050841   0.066462   0.085811   0.109709   0.139137
         0   0.005169   0.010233    0.01509   0.019644   0.023809   0.027507   0.030675   0.033263   0.035239   0.036585   0.037297    0.03739    0.03689   0.035839   0.034287   0.032295    0.02993   0.027265   0.024372   0.021326   0.018201   0.015064   0.011983   0.009012   0.006207   0.003611   0.001263  -0.000805  -0.002564  -0.003994  -0.005073   -0.00578  -0.006092  -0.005982  -0.005414  -0.004339   -0.00269  -0.000381   0.002705   0.006717   0.011848   0.018341   0.026501    0.03671   0.049431   0.065236   0.084811   0.108988   0.138758
         0   0.005094   0.010084   0.014866   0.019346   0.023434   0.027056   0.030146   0.032657   0.034555   0.035821   0.036455    0.03647   0.035895   0.034767   0.033142    0.03108   0.028646   0.025915   0.022961   0.019858   0.016678   0.013494   0.010368   0.007359   0.004518   0.001894  -0.000478  -0.002564  -0.004339  -0.005778  -0.006861  -0.007569  -0.007877  -0.007759  -0.007178  -0.006084  -0.004412  -0.002071   0.001052    0.00511   0.010298   0.016863   0.025111   0.035427   0.048281    0.06425   0.084028   0.108453   0.138528
         0   0.005034   0.009961   0.014683     0.0191   0.023126   0.026684   0.029711   0.032159   0.033992   0.035195   0.035764   0.035715   0.035076   0.033889   0.032203   0.030082   0.027593   0.024808   0.021804   0.018654   0.015433   0.012209   0.009048   0.006008   0.003143   0.000495  -0.001894  -0.003994  -0.005778  -0.007223  -0.008308  -0.009014  -0.009316  -0.009189  -0.008594  -0.007482  -0.005787  -0.003419  -0.000261   0.003841   0.009081   0.015708   0.024036   0.034448   0.047421   0.063535   0.083492   0.108138   0.138483
         0   0.004988   0.009869   0.014544   0.018915   0.022893   0.026404   0.029383   0.031781   0.033565   0.034719    0.03524   0.035142   0.034456   0.033219   0.031488   0.029322   0.026791   0.023965   0.020923   0.017739   0.014485   0.011232   0.008046   0.004984     0.0021  -0.000563  -0.002964  -0.005073  -0.006861  -0.008308  -0.009392  -0.010094  -0.010388  -0.010251  -0.009642  -0.008512  -0.006795  -0.004401  -0.001211   0.002928   0.008216   0.014901   0.023297   0.033796   0.046874   0.063117   0.083233   0.108074   0.138659
         0   0.004959   0.009812   0.014456   0.018797   0.022745   0.026225   0.029172   0.031539   0.033291   0.034411   0.034899   0.034769   0.034048    0.03278   0.031016   0.028821    0.02626   0.023407   0.020339   0.017131   0.013856   0.010584   0.007381   0.004305    0.00141  -0.001261  -0.003668   -0.00578  -0.007569  -0.009014  -0.010094  -0.010788  -0.011074  -0.010924    -0.0103  -0.009153  -0.007416  -0.004997  -0.001777   0.002397   0.007727   0.014463   0.022922   0.033496   0.046666   0.063023   0.083279   0.108291   0.139086
         0   0.004948   0.009791   0.014425   0.018754   0.022691   0.026158   0.029092   0.031445   0.033182   0.034287   0.034758   0.034611   0.033874    0.03259    0.03081   0.028597   0.026021   0.023155   0.020074   0.016853   0.013568   0.010287   0.007077   0.003996   0.001097  -0.001576  -0.003982  -0.006092  -0.007877  -0.009316  -0.010388  -0.011074  -0.011349  -0.011186  -0.010547  -0.009384  -0.007626  -0.005184  -0.001937    0.00227   0.007637   0.014419   0.022933   0.033574   0.046826   0.063283   0.083662   0.108826   0.139804
         0   0.004959   0.009812   0.014456   0.018795    0.02274   0.026215   0.029156   0.031514   0.033255   0.034364   0.034838   0.034692   0.033956   0.032672   0.030891   0.028678   0.026101   0.023234   0.020153   0.016932   0.013647   0.010367   0.007159   0.004083   0.001187  -0.001479   -0.00388  -0.005982  -0.007759  -0.009189  -0.010251  -0.010924  -0.011186  -0.011008  -0.010355  -0.009173  -0.007396  -0.004933  -0.001661   0.002575   0.007977     0.0148   0.023363   0.034063   0.047387   0.063933   0.084419   0.109713   0.140853
         0   0.004993   0.009879   0.014557   0.018928   0.022905   0.026409    0.02938   0.031765   0.033532   0.034664   0.035161   0.035037    0.03432   0.033054   0.031291   0.029093   0.026531   0.023677   0.020609   0.017401   0.014129   0.010861   0.007666     0.0046   0.001717  -0.000936  -0.003325  -0.005414  -0.007178  -0.008594  -0.009642    -0.0103  -0.010547  -0.010355  -0.009685  -0.008485   -0.00669  -0.004205  -0.000909   0.003354   0.008787   0.015646   0.024252   0.035004   0.048393   0.065015   0.085594   0.111003   0.142283
         0   0.005053       0.01   0.014737   0.019166     0.0232   0.026761   0.029785   0.032221   0.034038   0.035218    0.03576   0.035678   0.035001   0.033773   0.032045   0.029881    0.02735   0.024527   0.021486   0.018305   0.015057   0.011814   0.008641   0.005597   0.002735   0.000101  -0.002268  -0.004339  -0.006084  -0.007482  -0.008512  -0.009153  -0.009384  -0.009173  -0.008485  -0.007268  -0.005453  -0.002948    0.00037   0.004659    0.01012   0.017011   0.025656   0.036454   0.049898   0.066586   0.087247   0.112756   0.144157
         0   0.005144   0.010182   0.015008   0.019526   0.023647   0.027292   0.030398   0.032914   0.034807   0.036061   0.036672   0.036657   0.036045   0.034876   0.033205   0.031094   0.028613   0.025838   0.022841   0.019701   0.016493   0.013286   0.010147   0.007135   0.004304   0.001697  -0.000644   -0.00269  -0.004412  -0.005787  -0.006795  -0.007416  -0.007626  -0.007396   -0.00669  -0.005453  -0.003618  -0.001092   0.002246   0.006558   0.012045   0.018966   0.027646   0.038484   0.051976   0.068723   0.089455   0.115049   0.146555
         0   0.005271   0.010435   0.015387   0.020027   0.024269   0.028033   0.031254   0.033881   0.035883    0.03724   0.037951   0.038031   0.037509   0.036425   0.034835   0.032801   0.030392   0.027682   0.024748   0.021667   0.018513   0.015357   0.012266   0.009299   0.006507   0.003939   0.001632  -0.000381  -0.002071  -0.003419  -0.004401  -0.004997  -0.005184  -0.004933  -0.004205  -0.002948  -0.001092   0.001454   0.004814   0.009147   0.014659   0.021607   0.030317   0.041192   0.054726   0.071523   0.092317   0.117986   0.149582
         0    0.00544   0.010773   0.015891   0.020697     0.0251   0.029022   0.032397   0.035176   0.037322   0.038818   0.039663    0.03987   0.039469   0.038501    0.03702   0.035089   0.032776   0.030157   0.027307   0.024304   0.021223   0.018135   0.015106   0.012196   0.009458   0.006938   0.004677   0.002705   0.001052  -0.000261  -0.001211  -0.001777  -0.001937  -0.001661  -0.000909    0.00037   0.002246   0.004814   0.008194   0.012549   0.018084   0.025057   0.033796   0.044702   0.058274   0.075115   0.095961   0.121694   0.153368
         0   0.005661   0.011212   0.016547   0.021567   0.026182    0.03031   0.033887    0.03686   0.039196   0.040874   0.041893   0.042268   0.042025   0.041208   0.039869   0.038071   0.035885   0.033383   0.030644   0.027743   0.024756   0.021755   0.018806    0.01597     0.0133   0.010842   0.008637   0.006717    0.00511   0.003841   0.002928   0.002397    0.00227   0.002575   0.003354   0.004659   0.006558   0.009147   0.012549   0.016926   0.022483   0.029479   0.038243   0.049179   0.062783   0.079664   0.100557   0.126345   0.158085
         0   0.005942   0.011774   0.017388   0.022682   0.027567    0.03196   0.035795   0.039019   0.041597   0.043508   0.044752    0.04534   0.045302   0.044678   0.043522   0.041896    0.03987    0.03752   0.034921   0.032149   0.029283   0.026393   0.023546   0.020803   0.018218   0.015838   0.013704   0.011848   0.010298   0.009081   0.008216   0.007727   0.007637   0.007977   0.008787    0.01012   0.012045   0.014659   0.018084   0.022483   0.028061   0.035081   0.043869    0.05483   0.068464   0.085379   0.106312   0.132148   0.163945
         0   0.006299   0.012486   0.018453   0.024096   0.029324   0.034052   0.038214   0.041756   0.044641    0.04685   0.048377   0.049237   0.049458   0.049079   0.048154   0.046746   0.044925   0.042764   0.040342   0.037736   0.035021   0.032271   0.029552   0.026926   0.024447   0.022165   0.020117   0.018341   0.016863   0.015708   0.014901   0.014463   0.014419     0.0148   0.015646   0.017011   0.018966   0.021607   0.025057   0.029479   0.035081   0.042123   0.050934   0.061921   0.075582   0.092527   0.113495   0.139372   0.171218
         0   0.006748   0.013383   0.019794   0.025877   0.031536   0.036686    0.04126   0.045202   0.048475   0.051055   0.052941   0.054143   0.054689   0.054619   0.053985   0.052851   0.051288   0.049367   0.047166   0.044767   0.042242   0.039667   0.037108   0.034628   0.032282    0.03012   0.028181   0.026501   0.025111   0.024036   0.023297   0.022922   0.022933   0.023363   0.024252   0.025656   0.027646   0.030317   0.033796   0.038243   0.043869   0.050934   0.059769   0.070778   0.084464   0.101438   0.122436   0.148349   0.180237
         0   0.007312   0.014508   0.021475   0.028107   0.034305   0.039985   0.045076   0.049519   0.053277   0.056325   0.058658   0.060289   0.061243   0.061558    0.06129   0.060499   0.059255   0.057634   0.055712   0.053569   0.051283   0.048925   0.046566   0.044267   0.042086   0.040073   0.038268    0.03671   0.035427   0.034448   0.033796   0.033496   0.033574   0.034063   0.035004   0.036454   0.038484   0.041192   0.044702   0.049179    0.05483   0.061921   0.070778   0.081811   0.095522   0.112521   0.133547   0.159492   0.191417
         0   0.008014    0.01591   0.023572   0.030889   0.037762   0.044102   0.049835   0.054905   0.059267   0.062898   0.065791   0.067956   0.069418   0.070216   0.070402   0.070038   0.069194   0.067946   0.066371   0.064549   0.062557    0.06047   0.058357   0.056285   0.054308   0.052479   0.050841   0.049431   0.048281   0.047421   0.046874   0.046666   0.046826   0.047387   0.048393   0.049898   0.051976   0.054726   0.058274   0.062783   0.068464   0.075582   0.084464   0.095522   0.109257   0.126279   0.147332   0.173305   0.205262
         0   0.008889   0.017655   0.026179   0.034348   0.042059    0.04922   0.055755   0.061602   0.066717   0.071072    0.07466   0.077489   0.079583   0.080979    0.08173   0.081897    0.08155   0.080765    0.07962   0.078195   0.076569   0.074819   0.073013   0.071219   0.069495   0.067894   0.066462   0.065236    0.06425   0.063535   0.063117   0.063023   0.063283   0.063933   0.065015   0.066586   0.068723   0.071523   0.075115   0.079664   0.085379   0.092527   0.101438   0.112521   0.126279   0.143327   0.164404   0.190403   0.222389
         0   0.009972   0.019817    0.02941   0.038635   0.047386   0.055565   0.063092   0.069902   0.075949   0.081203   0.085653   0.089305   0.092181   0.094319   0.095769   0.096595   0.096863   0.096652   0.096039   0.095105   0.093932   0.092596    0.09117   0.089721    0.08831   0.086991   0.085811   0.084811   0.084028   0.083492   0.083233   0.083279   0.083662   0.084419   0.085594   0.087247   0.089455   0.092317   0.095961   0.100557   0.106312   0.113495   0.122436   0.133547   0.147332   0.164404   0.185504   0.211529    0.24354
         0    0.01131   0.022488   0.033403   0.043934   0.053969   0.063404   0.072157   0.080159   0.087358   0.093721   0.099235   0.103904   0.107747   0.110801   0.113116   0.114753   0.115782   0.116278   0.116322   0.115996   0.115382   0.114558     0.1136   0.112575   0.111549   0.110577   0.109709   0.108988   0.108453   0.108138   0.108074   0.108291   0.108826   0.109713   0.111003   0.112756   0.115049   0.117986   0.121694   0.126345   0.132148   0.139372   0.148349   0.159492   0.173305   0.190403   0.211529   0.237576   0.269612
         0   0.012959   0.025778   0.038322   0.050461   0.062076   0.073061   0.083324   0.092793    0.10141    0.10914   0.115965   0.121885    0.12692   0.131103   0.134482   0.137118   0.139083    0.14045   0.141303   0.141724   0.141798   0.141605    0.14122    0.14072   0.140167   0.139621   0.139137   0.138758   0.138528   0.138483   0.138659   0.139086   0.139804   0.140853   0.142283   0.144157   0.146555   0.149582   0.153368   0.158085   0.163945   0.171218   0.180237   0.191417   0.205262   0.222389    0.24354   0.269612   0.301673