         0          0          0          0          0          0          0          0          0          0          0          0          0          0          0          0          0          0          0          0          0          0          0          0          0          0          0          0          0          0          0          0          0          0          0          0          0          0          0          0          0          0          0          0          0          0          0          0          0          0
         0    0.00018   0.000359   0.000538   0.000714   0.000889   0.001063   0.001235   0.001404   0.001572    0.00174   0.001907   0.002076   0.002246   0.002421   0.002604   0.002795   0.003001   0.003223   0.003467   0.003737   0.004042   0.004388   0.004782   0.005234   0.005756   0.006358   0.007055   0.007861   0.008794   0.009873    0.01112   0.012558   0.014214   0.016116   0.018298   0.020797   0.023651   0.026902   0.030601   0.034799   0.039552   0.044923   0.050977   0.057789   0.065435   0.074001   0.083575   0.094255   0.106142
         0   0.000359   0.000718   0.001073   0.001426   0.001776   0.002123   0.002465   0.002805   0.003141   0.003475   0.003808   0.004145   0.004486   0.004837     0.0052   0.005584   0.005993   0.006437   0.006925   0.007466   0.008075   0.008765   0.009552   0.010457   0.011498   0.012702   0.014093   0.015705   0.017569   0.019725   0.022216   0.025089   0.028396   0.032197   0.036558   0.041549    0.04725   0.053748   0.061138   0.069524    0.07902    0.08975   0.101847   0.115456   0.130733   0.147847   0.166976   0.188313   0.212062
         0   0.000538   0.001073   0.001606   0.002136   0.002659   0.003178   0.003691   0.004198   0.004701   0.005201   0.005701   0.006204   0.006715   0.007239   0.007785   0.008358   0.008971   0.009636   0.010366   0.011176   0.012088   0.013121     0.0143   0.015654   0.017213   0.019015   0.021099   0.023512   0.026304   0.029532   0.033263   0.037564   0.042517   0.048209   0.054739   0.062212   0.070749    0.08048   0.091545   0.104103   0.118322   0.134389   0.152503   0.172881   0.195758   0.221383   0.250027   0.281978    0.31754
         0   0.000714   0.001426   0.002136   0.002839   0.003535   0.004224   0.004906    0.00558   0.006249   0.006914   0.007579   0.008247   0.008927   0.009624   0.010348   0.011112   0.011928   0.012811   0.013782   0.014861   0.016073   0.017447   0.019014   0.020815    0.02289   0.025287   0.028059   0.031268   0.034982   0.039276   0.044237   0.049959   0.056547   0.064119   0.072804   0.082745     0.0941   0.107042   0.121761   0.138464   0.157378   0.178748   0.202842   0.229948   0.260376   0.294461   0.332561   0.375058   0.422359
         0   0.000889   0.001776   0.002659   0.003535   0.004403   0.005261    0.00611    0.00695   0.007782    0.00861   0.009438   0.010272   0.011118   0.011987    0.01289   0.013841   0.014857   0.015958   0.017167   0.018512   0.020022   0.021734   0.023688   0.025933   0.028518   0.031505    0.03496   0.038959   0.043587   0.048939   0.055121   0.062251   0.070461   0.079897   0.090719   0.103108   0.117258   0.133385   0.151727   0.172541    0.19611   0.222741   0.252765   0.286542   0.324459   0.366934    0.41441   0.467368   0.526311
         0   0.001063   0.002123   0.003178   0.004224   0.005261   0.006287   0.007301   0.008305     0.0093    0.01029   0.011279   0.012276   0.013287   0.014326   0.015404   0.016542   0.017757   0.019073   0.020518   0.022126   0.023932   0.025979   0.028316   0.030999    0.03409   0.037661   0.041792   0.046573   0.052105   0.058504   0.065895   0.074419   0.084234   0.095515   0.108454   0.123264   0.140179    0.15946   0.181388   0.206272   0.234448   0.266285   0.302177   0.342557   0.387886   0.438662    0.49542   0.558728   0.629194
         0   0.001235   0.002465   0.003691   0.004906    0.00611   0.007301    0.00848   0.009645   0.010801    0.01195     0.0131   0.014257   0.015432   0.016639   0.017893   0.019214   0.020625   0.022154   0.023834   0.025702   0.027799   0.030177   0.032893   0.036009     0.0396   0.043749   0.048547   0.054102   0.060528   0.067962   0.076546   0.086448   0.097849   0.110951    0.12598   0.143183   0.162831   0.185226   0.210695   0.239597   0.272324   0.309302   0.350991   0.397891    0.45054   0.509516   0.575439    0.64897   0.730815
         0   0.001404   0.002805   0.004198    0.00558    0.00695   0.008305   0.009645   0.010971   0.012286   0.013594   0.014902   0.016218   0.017555   0.018928   0.020355   0.021858   0.023464   0.025204   0.027115    0.02924   0.031626   0.034332    0.03742   0.040965   0.045049   0.049768   0.055225   0.061542   0.068851   0.077303   0.087065   0.098326   0.111289   0.126189   0.143278   0.162839    0.18518   0.210645   0.239603   0.272467   0.309679   0.351724   0.399126   0.452453   0.512317   0.579374   0.654329   0.737936   0.830994
         0   0.001572   0.003141   0.004701   0.006249   0.007782     0.0093   0.010801   0.012286   0.013759   0.015224   0.016688   0.018163   0.019661   0.021198   0.022796    0.02448   0.026279   0.028227   0.030366   0.032745   0.035417   0.038445   0.041902    0.04587   0.050441    0.05572   0.061826   0.068894   0.077072   0.086528   0.097449   0.110046   0.124548   0.141216   0.160331   0.182212   0.207203   0.235686    0.26808   0.304839   0.346463   0.393491   0.446513   0.506161    0.57312   0.648125   0.731965    0.82548   0.929568
         0    0.00174   0.003475   0.005201   0.006914    0.00861    0.01029    0.01195   0.013594   0.015224   0.016845   0.018466   0.020098   0.021755   0.023456   0.025225   0.027087   0.029076   0.031232   0.033597   0.036227    0.03918   0.042528   0.046348   0.050732   0.055782   0.061613   0.068359   0.076165   0.085196   0.095639     0.1077   0.121609   0.137622   0.156026   0.177133   0.201291   0.228883   0.260331   0.296095   0.336679   0.382633   0.434554    0.49309   0.558943   0.632866   0.715672   0.808231   0.911473   1.026385
         0   0.001907   0.003808   0.005701   0.007579   0.009438   0.011279     0.0131   0.014902   0.016688   0.018466   0.020243   0.022032   0.023849   0.025714   0.027652   0.029692   0.031871   0.034231   0.036821     0.0397   0.042932   0.046594   0.050773   0.055566   0.061087   0.067464   0.074836   0.083368   0.093237   0.104648   0.117826   0.133023   0.150519   0.170623   0.193681   0.220071   0.250213   0.284566   0.323631   0.367962   0.418159   0.474872   0.538811   0.610741   0.691485   0.781932   0.883031   0.995798   1.121312
         0   0.002076   0.004145   0.006204   0.008247   0.010272   0.012276   0.014257   0.016218   0.018163   0.020098   0.022032   0.023979   0.025956   0.027984   0.030093   0.032311    0.03468   0.037245   0.040059   0.043184   0.046691   0.050664   0.055197   0.060394    0.06638    0.07329   0.081279   0.090521   0.101213   0.113573   0.127846   0.144303   0.163249   0.185019   0.209986    0.23856   0.271194   0.308387   0.350682   0.398677    0.45302   0.514419   0.583639   0.661508    0.74892   0.846836   0.956284    1.07836   1.214238
         0   0.002246   0.004486   0.006715   0.008927   0.011118   0.013287   0.015432   0.017555   0.019661   0.021755   0.023849   0.025956   0.028095    0.03029   0.032569   0.034967   0.037527   0.040296   0.043333   0.046703   0.050485   0.054766   0.059648   0.065244   0.071686   0.079121   0.087715   0.097656   0.109153   0.122441   0.137785   0.155475   0.175838   0.199234   0.226066   0.256772   0.291841   0.331805   0.377252   0.428821   0.487211    0.55318   0.627552   0.711217   0.805134   0.910335   1.027925   1.159084   1.305068
         0   0.002421   0.004837   0.007239   0.009624   0.011987   0.014326   0.016639   0.018928   0.021198   0.023456   0.025714   0.027984    0.03029   0.032654   0.035107   0.037688    0.04044   0.043416   0.046676   0.050292   0.054348   0.058934   0.064162   0.070152   0.077044   0.084995   0.094183   0.104807   0.117092    0.13129   0.147679   0.166572   0.188319   0.213302   0.241951   0.274736   0.312176   0.354841   0.403358   0.458409   0.520739   0.591159   0.670548   0.759855   0.860104   0.972397   1.097913   1.237911   1.393735
         0   0.002604     0.0052   0.007785   0.010348    0.01289   0.015404   0.017893   0.020355   0.022796   0.025225   0.027652   0.030093   0.032569   0.035107    0.03774   0.040508   0.043456   0.046641   0.050127   0.053991    0.05832   0.063212   0.068783   0.075163   0.082499   0.090958   0.100729   0.112024    0.12508   0.140165   0.157575   0.177642   0.200737   0.227267   0.257685   0.292491   0.332238   0.377531   0.429032   0.487467   0.553627   0.628372   0.712636   0.807424   0.913826   1.033009   1.166224   1.314811   1.480191
         0   0.002795   0.005584   0.008358   0.011112   0.013841   0.016542   0.019214   0.021858    0.02448   0.027087   0.029692   0.032311   0.034967   0.037688   0.040508   0.043468   0.046619   0.050018   0.053735   0.057849   0.062453   0.067651   0.073565   0.080332   0.088107   0.097067   0.107412   0.119363   0.133174   0.149126   0.167533   0.188745   0.213151   0.241185   0.273323   0.310095   0.352082   0.399924   0.454321    0.51604   0.585916   0.664857   0.753848   0.853952   0.966319   1.092182   1.232863   1.389774   1.564419
         0   0.003001   0.005993   0.008971   0.011928   0.014857   0.017757   0.020625   0.023464   0.026279   0.029076   0.031871    0.03468   0.037527    0.04044   0.043456   0.046619    0.04998   0.053601   0.057555   0.061926   0.066808   0.072316   0.078573   0.085725   0.093936   0.103391   0.114301   0.126898   0.141448   0.158247   0.177626   0.199952   0.225635   0.255129   0.288938   0.327616   0.371775   0.422089   0.479293   0.544192   0.617666   0.700668   0.794234   0.899483   1.017623   1.149949   1.297852   1.462818   1.646426
         0   0.003223   0.006437   0.009636   0.012811   0.015958   0.019073   0.022154   0.025204   0.028227   0.031232   0.034231   0.037245   0.040296   0.043416   0.046641   0.050018   0.053601   0.057456   0.061656    0.06629   0.071459   0.077279   0.083882   0.091422   0.100067   0.110014    0.12148   0.134712   0.149987   0.167615   0.187941   0.211351   0.238275   0.269187   0.304616   0.345142   0.391404    0.44411   0.504028   0.572002   0.648954    0.73588   0.833867   0.944085   1.067801   1.206369   1.361246   1.533989    1.72625
         0   0.003467   0.006925   0.010366   0.013782   0.017167   0.020518   0.023834   0.027115   0.030366   0.033597   0.036821   0.040059   0.043333   0.046676   0.050127   0.053735   0.057555   0.061656   0.066115   0.071024   0.076488   0.082629   0.089585   0.097514   0.106595    0.11703   0.129048   0.142906   0.158892   0.177331   0.198582   0.223049   0.251179   0.283467   0.320465   0.362778   0.411077   0.466092   0.528632   0.599575   0.679881   0.770594   0.872843   0.987853   1.116942   1.261527   1.423126    1.60336   1.803959
         0   0.003737   0.007466   0.011176   0.014861   0.018512   0.022126   0.025702    0.02924   0.032745   0.036227     0.0397   0.043184   0.046703   0.050292   0.053991   0.057849   0.061926    0.06629   0.071024   0.076222   0.081995   0.088467   0.095784    0.10411   0.113629   0.124553    0.13712   0.151596   0.168283   0.187517   0.209673   0.235169    0.26447   0.298093   0.336611   0.380654   0.430916   0.488163   0.553232   0.627035   0.710574   0.804932   0.911285   1.030906   1.165165   1.315536   1.483599   1.671041   1.879657
         0   0.004042   0.008075   0.012088   0.016073   0.020022   0.023932   0.027799   0.031626   0.035417    0.03918   0.042932   0.046691   0.050485   0.054348    0.05832   0.062453   0.066808   0.071459   0.076488   0.081995   0.088092   0.094911   0.102602   0.111333   0.121297   0.132714   0.145829   0.160921   0.178299   0.198314   0.221354   0.247854   0.278295   0.313214   0.353203   0.398917   0.451076   0.510474   0.577977   0.654534   0.741182   0.839044   0.949341   1.073391   1.212615   1.368543   1.542811    1.73717    1.95348
         0   0.004388   0.008765   0.013121   0.017447   0.021734   0.025979   0.030177   0.034332   0.038445   0.042528   0.046594   0.050664   0.054766   0.058934   0.063212   0.067651   0.072316   0.077279   0.082629   0.088467   0.094911   0.102097   0.110176   0.119326   0.129746   0.141662    0.15533   0.171035     0.1891   0.209885   0.233793   0.261273   0.292823      0.329   0.370413   0.417742    0.47173   0.533199   0.603045    0.68225   0.771884    0.87311   0.987189   1.115486   1.259471   1.420723   1.600938   1.801922   2.025602
         0   0.004782   0.009552     0.0143   0.019014   0.023688   0.028316   0.032893    0.03742   0.041902   0.046348   0.050773   0.055197   0.059648   0.064162   0.068783   0.073565   0.078573   0.083882   0.089585   0.095784   0.102602   0.110176   0.118666   0.128254   0.139144   0.151571   0.165798   0.182119   0.200867   0.222414   0.247177   0.275617    0.30825   0.345647   0.388441    0.43733   0.493083   0.556546   0.628644   0.710391   0.802889   0.907339   1.025042   1.157405   1.305945   1.472292   1.658192   1.865511   2.096236
         0   0.005234   0.010457   0.015654   0.020815   0.025933   0.030999   0.036009   0.040965    0.04587   0.050732   0.055566   0.060394   0.065244   0.070152   0.075163   0.080332   0.085725   0.091422   0.097514    0.10411   0.111333   0.119326   0.128254   0.138302   0.149683   0.162636   0.177433   0.194377   0.213811   0.236117   0.261723   0.291107   0.324797   0.363383   0.407515   0.457913   0.515368    0.58075   0.655012   0.739196   0.834438   0.941975   1.063144   1.199395   1.352287   1.523499   1.714827   1.928193   2.165639
         0   0.005756   0.011498   0.017213    0.02289   0.028518    0.03409     0.0396   0.045049   0.050441   0.055782   0.061087    0.06638   0.071686   0.077044   0.082499   0.088107   0.093936   0.100067   0.106595   0.113629   0.121297   0.129746   0.139144   0.149683    0.16158   0.175081   0.190464   0.208043   0.228168   0.251234   0.277678   0.307992    0.34272   0.382465   0.427898   0.479756   0.538852    0.60608   0.682421   0.768943   0.866814   0.977301   1.101782   1.241742   1.398786   1.574635   1.771137   1.990262    2.23411
         0   0.006358   0.012702   0.019015   0.025287   0.031505   0.037661   0.043749   0.049768    0.05572   0.061613   0.067464    0.07329   0.079121   0.084995   0.090958   0.097067   0.103391   0.110014    0.11703   0.124553   0.132714   0.141662   0.151571   0.162636   0.175081   0.189157    0.20515   0.223381   0.244209   0.268039   0.295321   0.326556   0.362305   0.403186   0.449884   0.503157    0.56384   0.632846   0.711183   0.799945    0.90033   1.013637   1.141277   1.284776   1.445774   1.626038   1.827461   2.052063   2.301997
         0   0.007055   0.014093   0.021099   0.028059    0.03496   0.041792   0.048547   0.055225   0.061826   0.068359   0.074836   0.081279   0.087715   0.094183   0.100729   0.107412   0.114301    0.12148   0.129048    0.13712   0.145829    0.15533   0.165798   0.177433   0.190464    0.20515   0.221783   0.240688   0.262238   0.286844   0.314967   0.347122   0.383879   0.425874    0.47381   0.528458   0.590675   0.661396   0.741651    0.83256   0.935349   1.051349   1.182002   1.328868   1.493627   1.678089   1.884188    2.11399     2.3697
         0   0.007861   0.015705   0.023512   0.031268   0.038959   0.046573   0.054102   0.061542   0.068894   0.076165   0.083368   0.090521   0.097656   0.104807   0.112024   0.119363   0.126898   0.134712   0.142906   0.151596   0.160921   0.171035   0.182119   0.194377   0.208043   0.223381   0.240688   0.260302   0.282597   0.307997   0.336972   0.370048    0.40781   0.450906   0.500052   0.556041   0.619746   0.692122   0.774222   0.867191    0.97228   1.090849   1.224372   1.374442   1.542778   1.731222   1.941755   2.176488   2.437669
         0   0.008794   0.017569   0.026304   0.034982   0.043587   0.052105   0.060528   0.068851   0.077072   0.085196   0.093237   0.101213   0.109153   0.117092    0.12508   0.133174   0.141448   0.149987   0.158892   0.168283   0.178299     0.1891   0.200867   0.213811   0.228168   0.244209   0.262238   0.282597   0.305671   0.331889   0.361735   0.395742    0.43451   0.478698   0.529037   0.586338   0.651489   0.725467   0.809344   0.904289    1.01158   1.132602   1.268858   1.421975   1.593703   1.785927   2.000661   2.240059   2.506416
         0   0.009873   0.019725   0.029532   0.039276   0.048939   0.058504   0.067962   0.077303   0.086528   0.095639   0.104648   0.113573   0.122441    0.13129   0.140165   0.149126   0.158247   0.167615   0.177331   0.187517   0.198314   0.209885   0.222414   0.236117   0.251234   0.268039   0.286844   0.307997   0.331889   0.358961   0.389702   0.424658   0.464439   0.509717    0.56124   0.619829   0.686392   0.761924   0.847517   0.944364   1.053763   1.177126   1.315987      1.472   1.646949    1.84275   2.061459   2.305268   2.576514
         0    0.01112   0.022216   0.033263   0.044237   0.055121   0.065895   0.076546   0.087065   0.097449     0.1077   0.117826   0.127846   0.137785   0.147679   0.157575   0.167533   0.177626   0.187941   0.198582   0.209673   0.221354   0.233793   0.247177   0.261723   0.277678   0.295321   0.314967   0.336972   0.361735   0.389702   0.421373   0.457304   0.498115   0.544491   0.597191   0.657054   0.725002   0.802048   0.889303   0.987981   1.099402   1.225005   1.366347   1.525112   1.703115   1.902305   2.124771   2.372745   2.648602
         0   0.012558   0.025089   0.037564   0.049959   0.062251   0.074419   0.086448   0.098326   0.110046   0.121609   0.133023   0.144303   0.155475   0.166572   0.177642   0.188745   0.199952   0.211351   0.223049   0.235169   0.247854   0.261273   0.275617   0.291107   0.307992   0.326556   0.347122   0.370048   0.395742   0.424658   0.457304   0.494246   0.536111     0.5836   0.637484   0.698613   0.767927   0.846455   0.935325   1.035772   1.149138   1.276884   1.420593   1.581975   1.762873    1.96527   2.191286   2.443189   2.723391
         0   0.014214   0.028396   0.042517   0.056547   0.070461   0.084234   0.097849   0.111289   0.124548   0.137622   0.150519   0.163249   0.175838   0.188319   0.200737   0.213151   0.225635   0.238275   0.251179    0.26447   0.278295   0.292823    0.30825   0.324797    0.34272   0.362305   0.383879    0.40781    0.43451   0.464439   0.498115   0.536111   0.579069   0.627696   0.682775   0.745173   0.815841   0.895828   0.986275   1.088439    1.20368   1.333482   1.479451   1.643324    1.82697   2.032402    2.26177   2.517376   2.801667
         0   0.016116   0.032197   0.048209   0.064119   0.079897   0.095515   0.110951   0.126189   0.141216   0.156026   0.170623   0.185019   0.199234   0.213302   0.227267   0.241185   0.255129   0.269187   0.283467   0.298093   0.313214      0.329   0.345647   0.363383   0.382465   0.403186   0.425874   0.450906   0.478698   0.509717   0.544491     0.5836   0.627696   0.677495   0.733795   0.797473   0.869497   0.950925   1.042923   1.146758   1.263813   1.395593   1.543726   1.709973   1.896229   2.104533   2.337068   2.596164   2.884301
         0   0.018298   0.036558   0.054739   0.072804   0.090719   0.108454    0.12598   0.143278   0.160331   0.177133   0.193681   0.209986   0.226066   0.241951   0.257685   0.273323   0.288938   0.304616   0.320465   0.336611   0.353203   0.370413   0.388441   0.407515   0.427898   0.449884    0.47381   0.500052   0.529037    0.56124   0.597191   0.637484   0.682775   0.733795   0.791351   0.856332   0.929719   1.012588   1.106114   1.211587   1.330407   1.464097   1.614307   1.782821   1.971559   2.182586    2.41811   2.680493   2.972247
         0   0.020797   0.041549   0.062212   0.082745   0.103108   0.123264   0.143183   0.162839   0.182212   0.201291   0.220071    0.23856   0.256772   0.274736   0.292491   0.310095   0.327616   0.345142   0.362778   0.380654   0.398917   0.417742    0.43733   0.457913   0.479756   0.503157   0.528458   0.556041   0.586338   0.619829   0.657054   0.698613   0.745173   0.797473   0.856332   0.922651   0.997423   1.081737   1.176785   1.283873   1.404416    1.53996   1.692171   1.862857    2.05396    2.26757   2.505921   2.771403   3.066556
         0   0.023651    0.04725   0.070749     0.0941   0.117258   0.140179   0.162831    0.18518   0.207203   0.228883   0.250213   0.271194   0.291841   0.312176   0.332238   0.352082   0.371775   0.391404   0.411077   0.430916   0.451076    0.47173   0.493083   0.515368   0.538852    0.56384   0.590675   0.619746   0.651489   0.686392   0.725002   0.767927   0.815841   0.869497   0.929719   0.997423   1.073612   1.159391   1.255965   1.364654   1.486894   1.624243   1.778393   1.951166    2.14453   2.360595   2.601623   2.870027   3.168377
         0   0.026902   0.053748    0.08048   0.107042   0.133385    0.15946   0.185226   0.210645   0.235686   0.260331   0.284566   0.308387   0.331805   0.354841   0.377531   0.399924   0.422089    0.44411   0.466092   0.488163   0.510474   0.533199   0.556546    0.58075    0.60608   0.632846   0.661396   0.692122   0.725467   0.761924   0.802048   0.846455   0.895828   0.950925   1.012588   1.081737   1.159391   1.246665   1.344781   1.455074   1.578992   1.718114   1.874148   2.048937   2.244469   2.462876   2.706442   2.977607   3.278965
         0   0.030601   0.061138   0.091545   0.121761   0.151727   0.181388   0.210695   0.239603    0.26808   0.296095   0.323631   0.350682   0.377252   0.403358   0.429032   0.454321   0.479293   0.504028   0.528632   0.553232   0.577977   0.603045   0.628644   0.655012   0.682421   0.711183   0.741651   0.774222   0.809344   0.847517   0.889303   0.935325   0.986275   1.042923   1.106114   1.176785   1.255965   1.344781    1.44447   1.556377   1.681971   1.822845   1.980723   2.157468   2.355088   2.575736   2.821718   3.095497   3.399688
         0   0.034799   0.069524   0.104103   0.138464   0.172541   0.206272   0.239597   0.272467   0.304839   0.336679   0.367962   0.398677   0.428821   0.458409   0.487467    0.51604   0.544192   0.572002   0.599575   0.627035   0.654534    0.68225   0.710391   0.739196   0.768943   0.799945    0.83256   0.867191   0.904289   0.944364   0.987981   1.035772   1.088439   1.146758   1.211587   1.283873   1.364654   1.455074   1.556377   1.669928   1.797207   1.939824   2.099521   2.278177   2.477818    2.70062   2.948907   3.225165   3.532033
         0   0.039552    0.07902   0.118322   0.157378    0.19611   0.234448   0.272324   0.309679   0.346463   0.382633   0.418159    0.45302   0.487211   0.520739   0.553627   0.585916   0.617666   0.648954   0.679881   0.710574   0.741182   0.771884   0.802889   0.834438   0.866814    0.90033   0.935349    0.97228    1.01158   1.053763   1.099402   1.149138    1.20368   1.263813   1.330407   1.404416   1.486894   1.578992   1.681971   1.797207   1.926196   2.070562   2.232065     2.4126   2.614213   2.839094   3.089591   3.368209   3.677612
         0   0.044923    0.08975   0.134389   0.178748   0.222741   0.266285   0.309302   0.351724   0.393491   0.434554   0.474872   0.514419    0.55318   0.591159   0.628372   0.664857   0.700668    0.73588   0.770594   0.804932   0.839044    0.87311   0.907339   0.941975   0.977301   1.013637   1.051349   1.090849   1.132602   1.177126   1.225005   1.276884   1.333482   1.395593   1.464097    1.53996   1.624243   1.718114   1.822845   1.939824   2.070562     2.2167    2.38001   2.562407   2.765951   2.992855   3.245482   3.526358   3.838167
         0   0.050977   0.101847   0.152503   0.202842   0.252765   0.302177   0.350991   0.399126   0.446513    0.49309   0.538811   0.583639   0.627552   0.670548   0.712636   0.753848   0.794234   0.833867   0.872843   0.911285   0.949341   0.987189   1.025042   1.063144   1.101782   1.141277   1.182002   1.224372   1.268858   1.315987   1.366347   1.420593   1.479451   1.543726   1.614307   1.692171   1.778393   1.874148   1.980723   2.099521   2.232065    2.38001   2.545146   2.729402   2.934857   3.163739    3.41843   3.701476    4.01558
         0   0.057789   0.115456   0.172881   0.229948   0.286542   0.342557   0.397891   0.452453   0.506161   0.558943   0.610741   0.661508   0.711217   0.759855   0.807424   0.853952   0.899483   0.944085   0.987853   1.030906   1.073391   1.115486   1.157405   1.199395   1.241742   1.284776   1.328868   1.374442   1.421975      1.472   1.525112   1.581975   1.643324   1.709973   1.782821   1.862857   1.951166   2.048937   2.157468   2.278177     2.4126   2.562407   2.729402   2.915533    3.12289   3.353722   3.610429   3.895573   4.211877
         0   0.065435   0.130733   0.195758   0.260376   0.324459   0.387886    0.45054   0.512317    0.57312   0.632866   0.691485    0.74892   0.805134   0.860104   0.913826   0.966319   1.017623   1.067801   1.116942   1.165165   1.212615   1.259471   1.305945   1.352287   1.398786   1.445774   1.493627   1.542778   1.593703   1.646949   1.703115   1.762873    1.82697   1.896229   1.971559    2.05396    2.14453   2.244469   2.355088   2.477818   2.614213   2.765951   2.934857    3.12289   3.332161   3.564931    3.82362   4.110806   4.429232
         0   0.074001   0.147847   0.221383   0.294461   0.366934   0.438662   0.509516   0.579374   0.648125   0.715672   0.781932   0.846836   0.910335   0.972397   1.033009   1.092182   1.149949   1.206369   1.261527   1.315536   1.368543   1.420723   1.472292   1.523499   1.574635   1.626038   1.678089   1.731222   1.785927    1.84275   1.902305    1.96527   2.032402   2.104533   2.182586    2.26757   2.360595   2.462876   2.575736    2.70062   2.839094   2.992855   3.163739   3.353722   3.564931   3.799644   4.060297   4.349487   4.669973
         0   0.083575   0.166976   0.250027   0.332561    0.41441    0.49542   0.575439   0.654329   0.731965   0.808231   0.883031   0.956284   1.027925   1.097913   1.166224   1.232863   1.297852   1.361246   1.423126   1.483599   1.542811   1.600938   1.658192   1.714827   1.771137   1.827461   1.884188   1.941755   2.000661   2.061459   2.124771   2.191286    2.26177   2.337068    2.41811   2.505921   2.601623   2.706442   2.821718   2.948907   3.089591   3.245482    3.41843   3.610429    3.82362   4.060297   4.322915   4.614085   4.936586
         0   0.094255   0.188313   0.281978   0.375058   0.467368   0.558728    0.64897   0.737936    0.82548   0.911473   0.995798    1.07836   1.159084   1.237911   1.314811   1.389774   1.462818   1.533989    1.60336   1.671041    1.73717   1.801922   1.865511   1.928193   1.990262   2.052063    2.11399   2.176488   2.240059   2.305268   2.372745   2.443189   2.517376   2.596164   2.680493   2.771403   2.870027   2.977607   3.095497   3.225165   3.368209   3.526358   3.701476   3.895573   4.110806   4.349487   4.614085   4.907231   5.231718
         0   0.106142   0.212062    0.31754   0.422359   0.526311   0.629194   0.730815   0.830994   0.929568   1.026385   1.121312   1.214238   1.305068   1.393735   1.480191   1.564419   1.646426    1.72625   1.803959   1.879657    1.95348   2.025602   2.096236   2.165639    2.23411   2.301997     2.3697   2.437669   2.506416   2.576514   2.648602   2.723391   2.801667   2.884301   2.972247   3.066556   3.168377   3.278965   3.399688   3.532033   3.677612   3.838167    4.01558   4.211877   4.429232   4.669973   4.936586   5.231718    5.55818