         0          0          0          0          0          0          0          0          0          0          0          0          0          0          0          0          0          0          0          0          0          0          0          0          0          0          0          0          0          0          0          0          0          0          0          0          0          0          0          0          0          0          0          0          0          0          0          0          0          0
         0   0.000962   0.001909   0.002827   0.003702   0.004522   0.005276   0.005956   0.006555   0.007069   0.007498    0.00784     0.0081    0.00828   0.008389   0.008432   0.008418   0.008357   0.008257   0.008128   0.007979   0.007816   0.007649   0.007484   0.007326   0.007179   0.007047   0.006932   0.006834   0.006757   0.006698   0.006658   0.006636   0.006628   0.006635   0.006656   0.006688   0.006732   0.006787   0.006853   0.006932   0.007027    0.00714    0.00728    0.00745   0.007664   0.007934   0.008276   0.008712   0.009272
         0   0.001909   0.003789   0.005611   0.007346   0.008972   0.010467   0.011814   0.013001    0.01402   0.014867   0.015544   0.016055   0.016409   0.016619   0.016701    0.01667   0.016543   0.016341    0.01608   0.015779   0.015453   0.015119   0.014786    0.01447   0.014175   0.013911    0.01368   0.013486   0.013332   0.013214   0.013133   0.013087   0.013073   0.013087   0.013127   0.013191   0.013279   0.013388   0.013521   0.013679   0.013868   0.014096   0.014372   0.014714    0.01514   0.015677    0.01636   0.017232   0.018346
         0   0.002827   0.005611   0.008307   0.010875   0.013281   0.015491   0.017482   0.019234   0.020736   0.021983   0.022976   0.023724   0.024239    0.02454   0.024649   0.024592   0.024394   0.024083   0.023686   0.023229   0.022737   0.022232   0.021732   0.021255   0.020812   0.020415    0.02007   0.019778   0.019546    0.01937   0.019248   0.019178   0.019156   0.019177   0.019238   0.019335   0.019465   0.019628   0.019826   0.020063   0.020345   0.020684   0.021098   0.021608   0.022243   0.023047   0.024067   0.025368   0.027033
         0   0.003702   0.007346   0.010875   0.014237   0.017381   0.020271    0.02287   0.025156   0.027111    0.02873   0.030015   0.030977   0.031634   0.032009   0.032131   0.032035   0.031755   0.031327   0.030787    0.03017   0.029507   0.028828    0.02816    0.02752   0.026929   0.026397   0.025935   0.025548   0.025236   0.025001    0.02484   0.024746   0.024715   0.024743   0.024824   0.024951   0.025125   0.025341   0.025603   0.025917   0.026291   0.026741   0.027289   0.027964   0.028808   0.029872   0.031224   0.032949   0.035156
         0   0.004522   0.008972   0.013281   0.017381   0.021217   0.024738     0.0279   0.030677   0.033047   0.035004    0.03655   0.037698    0.03847   0.038898   0.039016   0.038865    0.03849   0.037934   0.037243   0.036458    0.03562   0.034765   0.033923    0.03312   0.032378   0.031712   0.031133   0.030649   0.030259   0.029966   0.029762   0.029645   0.029607   0.029641   0.029739   0.029898   0.030112   0.030381   0.030707   0.031095    0.03156   0.032118   0.032799   0.033636   0.034683   0.036002   0.037679   0.039819   0.042557
         0   0.005276   0.010467   0.015491   0.020271   0.024738   0.028831   0.032506   0.035723   0.038462   0.040715   0.042484   0.043785   0.044644   0.045098   0.045189   0.044967   0.044481   0.043786   0.042934   0.041975   0.040955   0.039919   0.038901   0.037932   0.037039   0.036238   0.035543    0.03496   0.034492   0.034139   0.033895   0.033754   0.033707   0.033746   0.033863   0.034051   0.034306   0.034626   0.035013   0.035476   0.036029   0.036693   0.037501   0.038499   0.039743   0.041312   0.043305   0.045849   0.049104
         0   0.005956   0.011814   0.017482    0.02287     0.0279   0.032506    0.03663   0.040233   0.043291   0.045791   0.047741   0.049157   0.050072   0.050524   0.050566    0.05025   0.049638    0.04879   0.047766   0.046624   0.045417   0.044195   0.042999   0.041864   0.040816    0.03988   0.039068   0.038387   0.037843    0.03743   0.037144   0.036979   0.036923   0.036968   0.037103   0.037319   0.037614   0.037983    0.03843   0.038964   0.039603    0.04037   0.041303   0.042454    0.04389   0.045701   0.048001   0.050937   0.054693
         0   0.006555   0.013001   0.019234   0.025156   0.030677   0.035723   0.040233   0.044162   0.047481   0.050181   0.052267   0.053759   0.054692   0.055114    0.05508   0.054651   0.053894    0.05288   0.051674    0.05034   0.048941   0.047529   0.046151   0.044847   0.043647   0.042574   0.041646   0.040868   0.040245   0.039774   0.039447   0.039258   0.039193   0.039242   0.039394   0.039638   0.039969   0.040387   0.040892   0.041496   0.042217   0.043083   0.044137   0.045437   0.047057   0.049102   0.051698   0.055012    0.05925
         0   0.007069    0.01402   0.020736   0.027111   0.033047   0.038462   0.043291   0.047481   0.051006   0.053852   0.056028   0.057554   0.058471   0.058831   0.058694    0.05813   0.057213   0.056018   0.054618   0.053088   0.051489   0.049883   0.048322   0.046849   0.045494   0.044286   0.043241   0.042367   0.041667   0.041137   0.040771   0.040557   0.040484   0.040536   0.040703   0.040975   0.041343   0.041807   0.042368   0.043039   0.043839     0.0448    0.04597   0.047413   0.049212    0.05148   0.054359   0.058035   0.062738
         0   0.007498   0.014867   0.021983    0.02873   0.035004   0.040715   0.045791   0.050181   0.053852   0.056792    0.05901    0.06053   0.061395   0.061662   0.061399   0.060679   0.059584   0.058196   0.056594   0.054857   0.053055   0.051254   0.049508   0.047863   0.046356   0.045014   0.043853   0.042884   0.042108   0.041521   0.041115   0.040877   0.040794   0.040851   0.041033    0.04133   0.041734   0.042241   0.042856   0.043591   0.044467    0.04552   0.046802    0.04838   0.050348    0.05283   0.055982   0.060003   0.065148
         0    0.00784   0.015544   0.022976   0.030015    0.03655   0.042484   0.047741   0.052267   0.056028    0.05901   0.061223   0.062697   0.063476   0.063621   0.063206   0.062312   0.061024   0.059431   0.057618    0.05567   0.053662   0.051664   0.049732   0.047918   0.046259   0.044784   0.043509   0.042446   0.041596   0.040954   0.040508   0.040247   0.040155   0.040214   0.040411   0.040733   0.041171   0.041721   0.042387   0.043182   0.044132   0.045272   0.046659   0.048367   0.050497   0.053182   0.056591    0.06094   0.066505
         0     0.0081   0.016055   0.023724   0.030977   0.037698   0.043785   0.049157   0.053759   0.057554    0.06053   0.062697   0.064085   0.064746   0.064744   0.064157   0.063069   0.061575   0.059767   0.057739   0.055575   0.053359   0.051162   0.049046   0.047064   0.045256   0.043649   0.042264    0.04111   0.040187    0.03949   0.039007   0.038724   0.038623   0.038685   0.038897   0.039242   0.039711   0.040302   0.041017    0.04187   0.042889   0.044113   0.045599    0.04743   0.049713   0.052589   0.056241   0.060902   0.066863
         0    0.00828   0.016409   0.024239   0.031634    0.03847   0.044644   0.050072   0.054692   0.058471   0.061395   0.063476   0.064746    0.06526   0.065086   0.064307   0.063014   0.061303   0.059273   0.057022   0.054641   0.052216   0.049822   0.047525   0.045378   0.043423   0.041689   0.040197   0.038955   0.037962   0.037212   0.036694   0.036389   0.036279   0.036345    0.03657   0.036938   0.037437   0.038067   0.038828   0.039738   0.040821   0.042122   0.043703   0.045649   0.048077   0.051133   0.055014   0.059966     0.0663
         0   0.008389   0.016619    0.02454   0.032009   0.038898   0.045098   0.050524   0.055114   0.058831   0.061662   0.063621   0.064744   0.065086   0.064721   0.063735   0.062224   0.060288   0.058032   0.055557   0.052958   0.050327   0.047739   0.045264   0.042956   0.040858   0.039003   0.037406   0.036079    0.03502   0.034221   0.033667   0.033342   0.033225   0.033295   0.033533   0.033922   0.034452   0.035117   0.035922   0.036884   0.038029   0.039404   0.041073   0.043129   0.045689   0.048915    0.05301   0.058235   0.064916
         0   0.008432   0.016701   0.024649   0.032131   0.039016   0.045189   0.050566    0.05508   0.058694   0.061399   0.063206   0.064157   0.064307   0.063735    0.06253   0.060793   0.058628   0.056144   0.053445   0.050632   0.047797    0.04502   0.042371   0.039909   0.037675   0.035701   0.034007   0.032599   0.031476    0.03063   0.030045   0.029701   0.029578    0.02965     0.0299   0.030311   0.030868   0.031569   0.032416   0.033427    0.03463   0.036073   0.037826   0.039982   0.042668   0.046052   0.050346   0.055824    0.06283
         0   0.008418    0.01667   0.024592   0.032035   0.038865   0.044967    0.05025   0.054651    0.05813   0.060679   0.062312   0.063069   0.063014   0.062224   0.060793   0.058825    0.05643   0.053719     0.0508   0.047777   0.044744   0.041784   0.038969   0.036358   0.033994   0.031908    0.03012   0.028637   0.027456   0.026566   0.025952   0.025592   0.025462   0.025539   0.025802   0.026232   0.026817    0.02755   0.028436   0.029493   0.030751   0.032258   0.034088   0.036337    0.03914    0.04267   0.047148    0.05286   0.060166
         0   0.008357   0.016543   0.024394   0.031755    0.03849   0.044481   0.049638   0.053894   0.057213   0.059584   0.061024   0.061575   0.061303   0.060288   0.058628    0.05643   0.053807   0.050873    0.04774   0.044513   0.041289   0.038155   0.035183    0.03243   0.029943   0.027753   0.025878   0.024325   0.023089   0.022161   0.021519   0.021144    0.02101   0.021092   0.021368   0.021817   0.022427   0.023192   0.024115   0.025215   0.026523   0.028089   0.029991   0.032327   0.035238   0.038902    0.04355   0.049477   0.057058
         0   0.008257   0.016341   0.024083   0.031327   0.037934   0.043786    0.04879    0.05288   0.056018   0.058196   0.059431   0.059767   0.059273   0.058032   0.056144   0.053719   0.050873   0.047723   0.044384   0.040962   0.037559   0.034259   0.031137   0.028253   0.025652   0.023364    0.02141   0.019791   0.018507   0.017542   0.016877   0.016489   0.016353    0.01644   0.016728   0.017196    0.01783   0.018625   0.019583   0.020723   0.022078   0.023699   0.025666   0.028083   0.031092   0.034879   0.039683   0.045809   0.053642
         0   0.008128    0.01608   0.023686   0.030787   0.037243   0.042934   0.047766   0.051674   0.054618   0.056594   0.057618   0.057739   0.057022   0.055557   0.053445     0.0508    0.04774   0.044384   0.040848   0.037243    0.03367   0.030216   0.026955   0.023949   0.021243   0.018868   0.016839   0.015163   0.013833   0.012836   0.012152   0.011754   0.011616    0.01171   0.012011   0.012497   0.013154   0.013976   0.014968   0.016145   0.017543   0.019216   0.021243   0.023733   0.026832   0.030732   0.035677   0.041984   0.050047
         0   0.007979   0.015779   0.023229    0.03017   0.036458   0.041975   0.046624    0.05034   0.053088   0.054857    0.05567   0.055575   0.054641   0.052958   0.050632   0.047777   0.044513   0.040962   0.037243   0.033467   0.029736    0.02614   0.022752   0.019636   0.016834   0.014378   0.012284   0.010556   0.009187   0.008164   0.007462   0.007057   0.006918   0.007019   0.007333   0.007838   0.008517   0.009365   0.010387   0.011599   0.013037   0.014756    0.01684   0.019396   0.022577   0.026579   0.031653   0.038123   0.046395
         0   0.007816   0.015453   0.022737   0.029507    0.03562   0.040955   0.045417   0.048941   0.051489   0.053055   0.053662   0.053359   0.052216   0.050327   0.047797   0.044744   0.041289   0.037559    0.03367   0.029736   0.025862   0.022135   0.018633   0.015416   0.012528   0.010001   0.007849   0.006076   0.004675   0.003628   0.002913   0.002502   0.002366   0.002474   0.002801   0.003324   0.004025   0.004898   0.005947   0.007191   0.008666   0.010429   0.012562    0.01518   0.018436   0.022529    0.02772   0.034337   0.042796
         0   0.007649   0.015119   0.022232   0.028828   0.034765   0.039919   0.044195   0.047529   0.049883   0.051254   0.051664   0.051162   0.049822   0.047739    0.04502   0.041784   0.038155   0.034259   0.030216    0.02614   0.022135   0.018292   0.014688   0.011382    0.00842   0.005829   0.003627   0.001816   0.000387  -0.000679  -0.001404  -0.001818   -0.00195  -0.001833  -0.001492  -0.000953  -0.000232   0.000664   0.001741   0.003015   0.004524   0.006325   0.008503   0.011176   0.014499   0.018677   0.023972   0.030721   0.039349
         0   0.007484   0.014786   0.021732    0.02816   0.033923   0.038901   0.042999   0.046151   0.048322   0.049508   0.049732   0.049046   0.047525   0.045264   0.042371   0.038969   0.035183   0.031137   0.026955   0.022752   0.018633   0.014688   0.010993   0.007611   0.004582   0.001939  -0.000305  -0.002148    -0.0036   -0.00468  -0.005412  -0.005826  -0.005954  -0.005826  -0.005472  -0.004917  -0.004176  -0.003257  -0.002157  -0.000855   0.000685   0.002522   0.004742   0.007463   0.010846   0.015097   0.020486   0.027354   0.036132
         0   0.007326    0.01447   0.021255    0.02752    0.03312   0.037932   0.041864   0.044847   0.046849   0.047863   0.047918   0.047064   0.045378   0.042956   0.039909   0.036358    0.03243   0.028253   0.023949   0.019636   0.015416   0.011382   0.007611   0.004161   0.001078   -0.00161  -0.003889  -0.005758  -0.007228  -0.008317  -0.009052  -0.009465  -0.009586  -0.009448  -0.009081  -0.008509   -0.00775   -0.00681  -0.005687   -0.00436  -0.002792  -0.000923   0.001334   0.004101   0.007537   0.011855   0.017327     0.0243   0.033212
         0   0.007179   0.014175   0.020812   0.026929   0.032378   0.037039   0.040816   0.043647   0.045494   0.046356   0.046259   0.045256   0.043423   0.040858   0.037675   0.033994   0.029943   0.025652   0.021243   0.016834   0.012528    0.00842   0.004582   0.001078  -0.002051  -0.004775  -0.007081  -0.008969  -0.010451  -0.011548  -0.012284  -0.012692  -0.012806  -0.012657  -0.012276  -0.011688   -0.01091  -0.009952  -0.008806  -0.007457  -0.005863  -0.003965  -0.001674   0.001132   0.004616   0.008993   0.014538   0.021604   0.030633
         0   0.007047   0.013911   0.020415   0.026397   0.031712   0.036238    0.03988   0.042574   0.044286   0.045014   0.044784   0.043649   0.041689   0.039003   0.035701   0.031908   0.027753   0.023364   0.018868   0.014378   0.010001   0.005829   0.001939   -0.00161  -0.004775  -0.007527  -0.009854  -0.011757  -0.013247  -0.014345   -0.01508  -0.015482  -0.015587  -0.015427  -0.015031  -0.014428  -0.013633  -0.012656  -0.011492   -0.01012  -0.008503  -0.006579  -0.004259  -0.001418   0.002109   0.006538   0.012148   0.019296   0.028428
         0   0.006932    0.01368    0.02007   0.025935   0.031133   0.035543   0.039068   0.041646   0.043241   0.043853   0.043509   0.042264   0.040197   0.037406   0.034007    0.03012   0.025878    0.02141   0.016839   0.012284   0.007849   0.003627  -0.000305  -0.003889  -0.007081  -0.009854  -0.012195  -0.014108  -0.015602  -0.016699   -0.01743  -0.017825  -0.017919  -0.017747  -0.017338  -0.016719  -0.015909  -0.014914  -0.013732  -0.012341  -0.010703  -0.008755  -0.006408  -0.003536    2.8e-05   0.004503    0.01017   0.017388   0.026612
         0   0.006834   0.013486   0.019778   0.025548   0.030649    0.03496   0.038387   0.040868   0.042367   0.042884   0.042446    0.04111   0.038955   0.036079   0.032599   0.028637   0.024325   0.019791   0.015163   0.010556   0.006076   0.001816  -0.002148  -0.005758  -0.008969  -0.011757  -0.014108  -0.016024  -0.017518  -0.018612  -0.019336  -0.019722  -0.019805  -0.019621  -0.019199  -0.018565  -0.017739  -0.016729  -0.015529  -0.014121  -0.012464  -0.010495  -0.008125  -0.005225  -0.001629   0.002886   0.008603   0.015884   0.025187
         0   0.006757   0.013332   0.019546   0.025236   0.030259   0.034492   0.037843   0.040245   0.041667   0.042108   0.041596   0.040187   0.037962    0.03502   0.031476   0.027456   0.023089   0.018507   0.013833   0.009187   0.004675   0.000387    -0.0036  -0.007228  -0.010451  -0.013247  -0.015602  -0.017518  -0.019009  -0.020098  -0.020813   -0.02119  -0.021261  -0.021063  -0.020628   -0.01998   -0.01914  -0.018114  -0.016899  -0.015475  -0.013801  -0.011814  -0.009422  -0.006499  -0.002873   0.001676   0.007436   0.014771   0.024142
         0   0.006698   0.013214    0.01937   0.025001   0.029966   0.034139    0.03743   0.039774   0.041137   0.041521   0.040954    0.03949   0.037212   0.034221    0.03063   0.026566   0.022161   0.017542   0.012836   0.008164   0.003628  -0.000679   -0.00468  -0.008317  -0.011548  -0.014345  -0.016699  -0.018612  -0.020098  -0.021178  -0.021884   -0.02225   -0.02231  -0.022099   -0.02165   -0.02099  -0.020135  -0.019096  -0.017867  -0.016428  -0.014738  -0.012735  -0.010324   -0.00738  -0.003729    0.00085   0.006647   0.014029   0.023459
         0   0.006658   0.013133   0.019248    0.02484   0.029762   0.033895   0.037144   0.039447   0.040771   0.041115   0.040508   0.039007   0.036694   0.033667   0.030045   0.025952   0.021519   0.016877   0.012152   0.007462   0.002913  -0.001404  -0.005412  -0.009052  -0.012284   -0.01508   -0.01743  -0.019336  -0.020813  -0.021884   -0.02258  -0.022934  -0.022981  -0.022758  -0.022296  -0.021622  -0.020756  -0.019703  -0.018461  -0.017009  -0.015306  -0.013288  -0.010861  -0.007898  -0.004226   0.000379   0.006209    0.01363   0.023111
         0   0.006636   0.013087   0.019178   0.024746   0.029645   0.033754   0.036979   0.039258   0.040557   0.040877   0.040247   0.038724   0.036389   0.033342   0.029701   0.025592   0.021144   0.016489   0.011754   0.007057   0.002502  -0.001818  -0.005826  -0.009465  -0.012692  -0.015482  -0.017825  -0.019722   -0.02119   -0.02225  -0.022934  -0.023275  -0.023309  -0.023075  -0.022601  -0.021915  -0.021035  -0.019971  -0.018718  -0.017253  -0.015538  -0.013507  -0.011066  -0.008087  -0.004397   0.000231   0.006088   0.013543   0.023067
         0   0.006628   0.013073   0.019156   0.024715   0.029607   0.033707   0.036923   0.039193   0.040484   0.040794   0.040155   0.038623   0.036279   0.033225   0.029578   0.025462    0.02101   0.016353   0.011616   0.006918   0.002366   -0.00195  -0.005954  -0.009586  -0.012806  -0.015587  -0.017919  -0.019805  -0.021261   -0.02231  -0.022981  -0.023309  -0.023333  -0.023085    -0.0226  -0.021902  -0.021012  -0.019936  -0.018672  -0.017197  -0.015471  -0.013428  -0.010975  -0.007982  -0.004276   0.000371   0.006251   0.013736   0.023296
         0   0.006635   0.013087   0.019177   0.024743   0.029641   0.033746   0.036968   0.039242   0.040536   0.040851   0.040214   0.038685   0.036345   0.033295    0.02965   0.025539   0.021092    0.01644    0.01171   0.007019   0.002474  -0.001833  -0.005826  -0.009448  -0.012657  -0.015427  -0.017747  -0.019621  -0.021063  -0.022099  -0.022758  -0.023075  -0.023085  -0.022826  -0.022328   -0.02162   -0.02072  -0.019635  -0.018361  -0.016876   -0.01514  -0.013087  -0.010624  -0.007618  -0.003898   0.000765   0.006664   0.014174   0.023764
         0   0.006656   0.013127   0.019238   0.024824   0.029739   0.033863   0.037103   0.039394   0.040703   0.041033   0.040411   0.038897    0.03657   0.033533     0.0299   0.025802   0.021368   0.016728   0.012011   0.007333   0.002801  -0.001492  -0.005472  -0.009081  -0.012276  -0.015031  -0.017338  -0.019199  -0.020628   -0.02165  -0.022296  -0.022601    -0.0226  -0.022328  -0.021821  -0.021102  -0.020192  -0.019097  -0.017815  -0.016321  -0.014576  -0.012515  -0.010042  -0.007027  -0.003296   0.001382   0.007298   0.014828   0.024444
         0   0.006688   0.013191   0.019335   0.024951   0.029898   0.034051   0.037319   0.039638   0.040975    0.04133   0.040733   0.039242   0.036938   0.033922   0.030311   0.026232   0.021817   0.017196   0.012497   0.007838   0.003324  -0.000953  -0.004917  -0.008509  -0.011688  -0.014428  -0.016719  -0.018565   -0.01998   -0.02099  -0.021622  -0.021915  -0.021902   -0.02162  -0.021102  -0.020374  -0.019454  -0.018352  -0.017061   -0.01556  -0.013808  -0.011739  -0.009257  -0.006234  -0.002492   0.002197   0.008127   0.015674   0.025313
         0   0.006732   0.013279   0.019465   0.025125   0.030112   0.034306   0.037614   0.039969   0.041343   0.041734   0.041171   0.039711   0.037437   0.034452   0.030868   0.026817   0.022427    0.01783   0.013154   0.008517   0.004025  -0.000232  -0.004176   -0.00775   -0.01091  -0.013633  -0.015909  -0.017739   -0.01914  -0.020135  -0.020756  -0.021035  -0.021012   -0.02072  -0.020192  -0.019454  -0.018527  -0.017416  -0.016118  -0.014611  -0.012851  -0.010775  -0.008288  -0.005256  -0.001506   0.003192   0.009135   0.016697   0.026353
         0   0.006787   0.013388   0.019628   0.025341   0.030381   0.034626   0.037983   0.040387   0.041807   0.042241   0.041721   0.040302   0.038067   0.035117   0.031569    0.02755   0.023192   0.018625   0.013976   0.009365   0.004898   0.000664  -0.003257   -0.00681  -0.009952  -0.012656  -0.014914  -0.016729  -0.018114  -0.019096  -0.019703  -0.019971  -0.019936  -0.019635  -0.019097  -0.018352  -0.017416  -0.016299  -0.014994   -0.01348  -0.011715  -0.009633  -0.007139  -0.004101  -0.000343   0.004363   0.010315   0.017889    0.02756
         0   0.006853   0.013521   0.019826   0.025603   0.030707   0.035013    0.03843   0.040892   0.042368   0.042856   0.042387   0.041017   0.038828   0.035922   0.032416   0.028436   0.024115   0.019583   0.014968   0.010387   0.005947   0.001741  -0.002157  -0.005687  -0.008806  -0.011492  -0.013732  -0.015529  -0.016899  -0.017867  -0.018461  -0.018718  -0.018672  -0.018361  -0.017815  -0.017061  -0.016118  -0.014994  -0.013683  -0.012163  -0.010393  -0.008306  -0.005806  -0.002763   0.001001   0.005714   0.011675   0.019258   0.028942
         0   0.006932   0.013679   0.020063   0.025917   0.031095   0.035476   0.038964   0.041496   0.043039   0.043591   0.043182    0.04187   0.039738   0.036884   0.033427   0.029493   0.025215   0.020723   0.016145   0.011599   0.007191   0.003015  -0.000855   -0.00436  -0.007457   -0.01012  -0.012341  -0.014121  -0.015475  -0.016428  -0.017009  -0.017253  -0.017197  -0.016876  -0.016321   -0.01556  -0.014611   -0.01348  -0.012163  -0.010638  -0.008863  -0.006771  -0.004268  -0.001219    0.00255   0.007269   0.013236   0.020828   0.030522
         0   0.007027   0.013868   0.020345   0.026291    0.03156   0.036029   0.039603   0.042217   0.043839   0.044467   0.044132   0.042889   0.040821   0.038029    0.03463   0.030751   0.026523   0.022078   0.017543   0.013037   0.008666   0.004524   0.000685  -0.002792  -0.005863  -0.008503  -0.010703  -0.012464  -0.013801  -0.014738  -0.015306  -0.015538  -0.015471   -0.01514  -0.014576  -0.013808  -0.012851  -0.011715  -0.010393  -0.008863  -0.007083  -0.004987  -0.002479   0.000573   0.004346    0.00907   0.015043   0.022642   0.032344
         0    0.00714   0.014096   0.020684   0.026741   0.032118   0.036693    0.04037   0.043083     0.0448    0.04552   0.045272   0.044113   0.042122   0.039404   0.036073   0.032258   0.028089   0.023699   0.019216   0.014756   0.010429   0.006325   0.002522  -0.000923  -0.003965  -0.006579  -0.008755  -0.010495  -0.011814  -0.012735  -0.013288  -0.013507  -0.013428  -0.013087  -0.012515  -0.011739  -0.010775  -0.009633  -0.008306  -0.006771  -0.004987  -0.002888  -0.000377    0.00268   0.006456   0.011185   0.017163   0.024767   0.034476
         0    0.00728   0.014372   0.021098   0.027289   0.032799   0.037501   0.041303   0.044137    0.04597   0.046802   0.046659   0.045599   0.043703   0.041073   0.037826   0.034088   0.029991   0.025666   0.021243    0.01684   0.012562   0.008503   0.004742   0.001334  -0.001674  -0.004259  -0.006408  -0.008125  -0.009422  -0.010324  -0.010861  -0.011066  -0.010975  -0.010624  -0.010042  -0.009257  -0.008288  -0.007139  -0.005806  -0.004268  -0.002479  -0.000377   0.002139   0.005198   0.008978   0.013711   0.019692   0.027301   0.037016
         0    0.00745   0.014714   0.021608   0.027964   0.033636   0.038499   0.042454   0.045437   0.047413    0.04838   0.048367    0.04743   0.045649   0.043129   0.039982   0.036337   0.032327   0.028083   0.023733   0.019396    0.01518   0.011176   0.007463   0.004101   0.001132  -0.001418  -0.003536  -0.005225  -0.006499   -0.00738  -0.007898  -0.008087  -0.007982  -0.007618  -0.007027  -0.006234  -0.005256  -0.004101  -0.002763  -0.001219   0.000573    0.00268   0.005198    0.00826   0.012044   0.016779   0.022764   0.030377   0.040096
         0   0.007664    0.01514   0.022243   0.028808   0.034683   0.039743    0.04389   0.047057   0.049212   0.050348   0.050497   0.049713   0.048077   0.045689   0.042668    0.03914   0.035238   0.031092   0.026832   0.022577   0.018436   0.014499   0.010846   0.007537   0.004616   0.002109    2.8e-05  -0.001629  -0.002873  -0.003729  -0.004226  -0.004397  -0.004276  -0.003898  -0.003296  -0.002492  -0.001506  -0.000343   0.001001    0.00255   0.004346   0.006456   0.008978   0.012044    0.01583   0.020568   0.026555   0.034172   0.043896
         0   0.007934   0.015677   0.023047   0.029872   0.036002   0.041312   0.045701   0.049102    0.05148    0.05283   0.053182   0.052589   0.051133   0.048915   0.046052    0.04267   0.038902   0.034879   0.030732   0.026579   0.022529   0.018677   0.015097   0.011855   0.008993   0.006538   0.004503   0.002886   0.001676    0.00085   0.000379   0.000231   0.000371   0.000765   0.001382   0.002197   0.003192   0.004363   0.005714   0.007269    0.00907   0.011185   0.013711   0.016779   0.020568   0.025309   0.031299   0.038919   0.048645
         0   0.008276    0.01636   0.024067   0.031224   0.037679   0.043305   0.048001   0.051698   0.054359   0.055982   0.056591   0.056241   0.055014    0.05301   0.050346   0.047148    0.04355   0.039683   0.035677   0.031653    0.02772   0.023972   0.020486   0.017327   0.014538   0.012148    0.01017   0.008603   0.007436   0.006647   0.006209   0.006088   0.006251   0.006664   0.007298   0.008127   0.009135   0.010315   0.011675   0.013236   0.015043   0.017163   0.019692   0.022764   0.026555   0.031299   0.037293   0.044915   0.054644
         0   0.008712   0.017232   0.025368   0.032949   0.039819   0.045849   0.050937   0.055012   0.058035   0.060003    0.06094   0.060902   0.059966   0.058235   0.055824    0.05286   0.049477   0.045809   0.041984   0.038123   0.034337   0.030721   0.027354     0.0243   0.021604   0.019296   0.017388   0.015884   0.014771   0.014029    0.01363   0.013543   0.013736   0.014174   0.014828   0.015674   0.016697   0.017889   0.019258   0.020828   0.022642   0.024767   0.027301   0.030377   0.034172   0.038919   0.044915   0.052539   0.062271
         0   0.009272   0.018346   0.027033   0.035156   0.042557   0.049104   0.054693    0.05925   0.062738   0.065148   0.066505   0.066863     0.0663   0.064916    0.06283   0.060166   0.057058   0.053642   0.050047   0.046395   0.042796   0.039349   0.036132   0.033212   0.030633   0.028428   0.026612   0.025187   0.024142   0.023459   0.023111   0.023067   0.023296   0.023764   0.024444   0.025313   0.026353    0.02756   0.028942   0.030522   0.032344   0.034476   0.037016   0.040096   0.043896   0.048645   0.054644   0.062271   0.072005