         0          0          0          0          0          0          0          0          0          0          0          0          0          0          0          0          0          0          0          0          0          0          0          0          0          0          0          0          0          0          0          0          0          0          0          0          0          0          0          0          0          0          0          0          0          0          0          0          0          0
         0          0          0      1e-06          0      1e-06          0      1e-06      1e-06      1e-06      2e-06      2e-06      3e-06      3e-06      4e-06      6e-06      7e-06      9e-06    1.2e-05    1.5e-05      2e-05    2.6e-05    3.5e-05    4.5e-05      6e-05    7.7e-05   0.000101    0.00013   0.000168   0.000217    0.00028    0.00036    0.00046   0.000586   0.000746   0.000946   0.001195   0.001505   0.001889   0.002365    0.00295   0.003669   0.004548   0.005621   0.006923   0.008501   0.010406   0.012696   0.015441   0.018721
         0          0          0      1e-06      1e-06      1e-06      1e-06      2e-06      2e-06      3e-06      3e-06      4e-06      5e-06      6e-06      8e-06    1.1e-05    1.3e-05    1.7e-05    2.3e-05    3.1e-05    4.1e-05    5.3e-05    6.8e-05      9e-05   0.000118   0.000154     0.0002    0.00026   0.000337   0.000434   0.000559   0.000718   0.000918   0.001171    0.00149   0.001888   0.002385   0.003004   0.003772   0.004721   0.005891   0.007326   0.009081   0.011222   0.013823   0.016973   0.020775   0.025348   0.030829   0.037378
         0      1e-06      1e-06      1e-06      1e-06      1e-06      2e-06      3e-06      4e-06      4e-06      5e-06      6e-06      7e-06      1e-05    1.2e-05    1.6e-05    2.1e-05    2.7e-05    3.5e-05    4.6e-05      6e-05    7.8e-05   0.000103   0.000135   0.000177    0.00023   0.000299    0.00039   0.000503    0.00065   0.000837   0.001074   0.001374   0.001752   0.002228   0.002824   0.003568   0.004494   0.005643   0.007062   0.008811   0.010957   0.013582   0.016785   0.020675   0.025387   0.031073   0.037912    0.04611   0.055905
         0          0      1e-06      1e-06      2e-06      2e-06      3e-06      3e-06      4e-06      5e-06      6e-06      8e-06      1e-05    1.3e-05    1.6e-05    2.2e-05    2.7e-05    3.6e-05    4.6e-05    6.1e-05      8e-05   0.000105   0.000137    0.00018   0.000235   0.000306   0.000398   0.000517   0.000669   0.000864   0.001111   0.001427   0.001825   0.002327   0.002959   0.003751   0.004739   0.005968   0.007493   0.009379   0.011701    0.01455   0.018038    0.02229   0.027457   0.033713   0.041265   0.050347   0.061234    0.07424
         0      1e-06      1e-06      1e-06      2e-06      3e-06      4e-06      4e-06      6e-06      6e-06      8e-06      1e-05    1.2e-05    1.7e-05      2e-05    2.7e-05    3.4e-05    4.4e-05    5.8e-05    7.6e-05     0.0001   0.000131   0.000171   0.000223   0.000293   0.000381   0.000495   0.000643   0.000832   0.001074   0.001383   0.001774   0.002269   0.002895   0.003681   0.004664   0.005893   0.007422   0.009319   0.011663    0.01455   0.018095   0.022432   0.027719   0.034144   0.041925   0.051316    0.06261   0.076149   0.092322
         0          0      1e-06      2e-06      3e-06      4e-06      4e-06      6e-06      7e-06      8e-06      1e-05    1.3e-05    1.6e-05      2e-05    2.5e-05    3.2e-05    4.1e-05    5.4e-05      7e-05    9.1e-05    0.00012   0.000156   0.000205   0.000267    0.00035   0.000455   0.000592   0.000768   0.000993   0.001281   0.001649   0.002116   0.002707   0.003452   0.004389   0.005563   0.007028   0.008852   0.011113   0.013909   0.017352   0.021579    0.02675   0.033056   0.040717   0.049996   0.061194   0.074662   0.090807   0.110094
         0      1e-06      2e-06      3e-06      3e-06      4e-06      6e-06      7e-06      8e-06      1e-05    1.3e-05    1.5e-05    1.9e-05    2.4e-05      3e-05    3.8e-05    4.9e-05    6.3e-05    8.2e-05   0.000107    0.00014   0.000182   0.000238    0.00031   0.000406   0.000528   0.000686    0.00089   0.001151   0.001486   0.001912   0.002452   0.003136   0.003999   0.005085   0.006444    0.00814   0.010252   0.012871   0.016109   0.020096   0.024992    0.03098   0.038282   0.047155   0.057901   0.070869   0.086467   0.105164   0.127499
         0      1e-06      2e-06      4e-06      4e-06      6e-06      7e-06      8e-06      1e-05    1.2e-05    1.4e-05    1.8e-05    2.2e-05    2.8e-05    3.5e-05    4.4e-05    5.7e-05    7.2e-05    9.4e-05   0.000122   0.000159   0.000208   0.000271   0.000353   0.000461     0.0006    0.00078    0.00101   0.001307   0.001686   0.002168   0.002781   0.003556   0.004534   0.005764   0.007304   0.009227   0.011621   0.014589   0.018257   0.022775   0.028323    0.03511   0.043385    0.05344   0.065616   0.080313   0.097989   0.119177   0.144488
         0      1e-06      3e-06      4e-06      5e-06      6e-06      8e-06      1e-05    1.2e-05    1.4e-05    1.7e-05    2.1e-05    2.6e-05    3.3e-05    4.1e-05    5.1e-05    6.5e-05    8.3e-05   0.000106   0.000138    0.00018   0.000234   0.000304   0.000396   0.000516   0.000671   0.000871   0.001129   0.001458    0.00188   0.002418   0.003101   0.003965   0.005055   0.006425   0.008142   0.010285   0.012952   0.016259   0.020347   0.025383   0.031564   0.039127   0.048348   0.059553   0.073122   0.089498   0.109195   0.132806   0.161011
         0      2e-06      3e-06      5e-06      6e-06      8e-06      1e-05    1.3e-05    1.4e-05    1.7e-05    2.1e-05    2.5e-05      3e-05    3.8e-05    4.6e-05    5.8e-05    7.3e-05    9.4e-05    0.00012   0.000155   0.000201    0.00026   0.000337   0.000439    0.00057   0.000741   0.000961   0.001244   0.001607   0.002072   0.002662   0.003414   0.004363   0.005561   0.007068   0.008955   0.011311   0.014243    0.01788   0.022374   0.027911   0.034707   0.043022    0.05316    0.06548   0.080398   0.098403   0.120059   0.146018   0.177028
         0      2e-06      4e-06      6e-06      8e-06      1e-05    1.3e-05    1.5e-05    1.8e-05    2.1e-05    2.5e-05      3e-05    3.7e-05    4.4e-05    5.4e-05    6.7e-05    8.4e-05   0.000106   0.000134   0.000173   0.000222   0.000287   0.000372   0.000482   0.000625   0.000811    0.00105   0.001358   0.001752   0.002257     0.0029   0.003717    0.00475   0.006052   0.007691   0.009743   0.012305   0.015493   0.019448   0.024335   0.030355   0.037745   0.046786    0.05781   0.071205   0.087427   0.107006   0.130554   0.158781   0.192501
         0      3e-06      5e-06      7e-06      1e-05    1.2e-05    1.6e-05    1.9e-05    2.2e-05    2.6e-05      3e-05    3.7e-05    4.4e-05    5.2e-05    6.3e-05    7.7e-05    9.5e-05    0.00012   0.000151   0.000191   0.000246   0.000316   0.000407   0.000526    0.00068    0.00088   0.001138   0.001469   0.001895   0.002439   0.003132   0.004011   0.005125   0.006528   0.008293   0.010504   0.013264     0.0167   0.020959   0.026225    0.03271   0.040672   0.050412   0.062288    0.07672   0.094197    0.11529   0.140659   0.171068   0.207396
         0      3e-06      6e-06      1e-05    1.3e-05    1.7e-05      2e-05    2.4e-05    2.8e-05    3.3e-05    3.8e-05    4.4e-05    5.2e-05    6.1e-05    7.3e-05    8.9e-05   0.000109   0.000135   0.000169   0.000213   0.000271   0.000346   0.000443   0.000571   0.000736    0.00095   0.001226    0.00158   0.002036   0.002617   0.003357   0.004297   0.005487   0.006988   0.008875   0.011237   0.014188    0.01786   0.022413    0.02804   0.034973   0.043482   0.053894   0.066588   0.082013   0.100694   0.123239   0.150355   0.182859   0.221687
         0      4e-06      8e-06    1.2e-05    1.6e-05      2e-05    2.5e-05      3e-05    3.5e-05    4.1e-05    4.6e-05    5.4e-05    6.3e-05    7.3e-05    8.7e-05   0.000104   0.000125   0.000154   0.000189   0.000237   0.000299   0.000379   0.000483   0.000619   0.000794   0.001021   0.001314   0.001691   0.002175   0.002791   0.003578   0.004576   0.005839   0.007432   0.009435   0.011944   0.015076   0.018974   0.023808   0.029782   0.037142   0.046175   0.057228   0.070703   0.087079   0.106909   0.130842   0.159628   0.194133   0.235352
         0      6e-06    1.1e-05    1.6e-05    2.2e-05    2.7e-05    3.2e-05    3.8e-05    4.4e-05    5.1e-05    5.8e-05    6.7e-05    7.7e-05    8.9e-05   0.000104   0.000122   0.000146   0.000176   0.000215   0.000265   0.000331   0.000416   0.000526    0.00067   0.000856   0.001095   0.001405   0.001803   0.002313   0.002964   0.003794   0.004848   0.006182   0.007863   0.009976   0.012623   0.015929   0.020042   0.025143   0.031448   0.039214   0.048746   0.060409    0.07463    0.09191   0.112836   0.138092   0.168468    0.20488   0.248377
         0      7e-06    1.3e-05    2.1e-05    2.7e-05    3.4e-05    4.1e-05    4.9e-05    5.7e-05    6.5e-05    7.3e-05    8.4e-05    9.5e-05   0.000109   0.000125   0.000146   0.000171   0.000204   0.000245   0.000299   0.000369   0.000458   0.000575   0.000726   0.000921   0.001174   0.001499   0.001917   0.002454   0.003138   0.004009   0.005115   0.006515    0.00828   0.010499   0.013278   0.016748   0.021066    0.02642   0.033038   0.041189   0.051197    0.06344   0.078368   0.096506   0.118473   0.144983   0.176869    0.21509   0.260749
         0      9e-06    1.7e-05    2.7e-05    3.6e-05    4.4e-05    5.4e-05    6.3e-05    7.2e-05    8.3e-05    9.4e-05   0.000106    0.00012   0.000135   0.000154   0.000176   0.000204   0.000239   0.000283   0.000341   0.000414   0.000509   0.000631    0.00079   0.000994   0.001259     0.0016   0.002037   0.002597   0.003313   0.004223    0.00538   0.006843   0.008687   0.011005   0.013909   0.017535   0.022045    0.02764   0.034555   0.043072   0.053527   0.066319   0.081915   0.100866   0.123816   0.151514   0.184829   0.224762   0.272466
         0    1.2e-05    2.3e-05    3.5e-05    4.6e-05    5.8e-05      7e-05    8.2e-05    9.4e-05   0.000106    0.00012   0.000134   0.000151   0.000169   0.000189   0.000215   0.000245   0.000283   0.000331   0.000392   0.000469   0.000569   0.000698   0.000863   0.001078   0.001354   0.001709   0.002165   0.002748   0.003493   0.004441   0.005644   0.007167   0.009086   0.011498    0.01452   0.018292   0.022986   0.028807   0.036002   0.044863   0.055741   0.069049   0.085276   0.104993   0.128871   0.157688    0.19235   0.233896   0.283528
         0    1.5e-05    3.1e-05    4.6e-05    6.1e-05    7.6e-05    9.1e-05   0.000107   0.000122   0.000138   0.000155   0.000173   0.000191   0.000213   0.000237   0.000265   0.000299   0.000341   0.000392   0.000456   0.000539   0.000644   0.000778   0.000951   0.001174   0.001462   0.001831   0.002304    0.00291   0.003682   0.004666   0.005914   0.007492   0.009483   0.011983   0.015115   0.019026   0.023891   0.029925   0.037382   0.046567   0.057842   0.071636   0.088454   0.108892   0.133641    0.16351   0.199436     0.2425   0.293942
         0      2e-05    4.1e-05      6e-05      8e-05     0.0001    0.00012    0.00014   0.000159    0.00018   0.000201   0.000222   0.000246   0.000271   0.000299   0.000331   0.000369   0.000414   0.000469   0.000539   0.000626   0.000736   0.000876   0.001057    0.00129   0.001588   0.001971   0.002461   0.003088   0.003887   0.004904   0.006194   0.007825   0.009881   0.012465   0.015701   0.019741   0.024767      0.031   0.038703   0.048191   0.059837   0.074086    0.09146   0.112571   0.138135   0.168989   0.206099   0.250582   0.303721
         0    2.6e-05    5.3e-05    7.8e-05   0.000105   0.000131   0.000156   0.000182   0.000208   0.000234    0.00026   0.000287   0.000316   0.000346   0.000379   0.000416   0.000458   0.000509   0.000569   0.000644   0.000736   0.000852      0.001   0.001188    0.00143   0.001739   0.002135   0.002641   0.003288   0.004113   0.005161    0.00649   0.008171    0.01029   0.012951   0.016285   0.020445   0.025621    0.03204   0.039973   0.049744   0.061737   0.076411   0.094302   0.116041   0.142368   0.174139   0.212355   0.258162   0.312881
         0    3.5e-05    6.8e-05   0.000103   0.000137   0.000171   0.000205   0.000238   0.000271   0.000304   0.000337   0.000372   0.000407   0.000443   0.000483   0.000526   0.000575   0.000631   0.000698   0.000778   0.000876      0.001   0.001155   0.001352   0.001602   0.001922   0.002331   0.002854    0.00352   0.004368   0.005447   0.006813   0.008541   0.010717   0.013452   0.016875   0.021148   0.026465   0.033057   0.041203   0.051237   0.063554   0.078622   0.096994   0.119317   0.146351   0.178977    0.21822   0.265258   0.321449
         0    4.5e-05      9e-05   0.000135    0.00018   0.000223   0.000267    0.00031   0.000353   0.000396   0.000439   0.000482   0.000526   0.000571   0.000619    0.00067   0.000726    0.00079   0.000863   0.000951   0.001057   0.001188   0.001352   0.001558   0.001818    0.00215   0.002571   0.003109   0.003794   0.004667   0.005773   0.007174   0.008945   0.011176   0.013977   0.017486   0.021864    0.02731   0.034062   0.042408   0.052685   0.065301   0.080735   0.099553   0.122419   0.150108   0.183526   0.223719   0.271898   0.329452
         0      6e-05   0.000118   0.000177   0.000235   0.000293    0.00035   0.000406   0.000461   0.000516    0.00057   0.000625    0.00068   0.000736   0.000794   0.000856   0.000921   0.000994   0.001078   0.001174    0.00129    0.00143   0.001602   0.001818   0.002089   0.002432   0.002868   0.003421   0.004124   0.005019   0.006152   0.007588   0.009399   0.011681   0.014546   0.018132   0.022607   0.028173   0.035074   0.043603   0.054107   0.066999   0.082771      0.102   0.125366   0.153662    0.18781   0.228883   0.278115   0.336926
         0    7.7e-05   0.000154    0.00023   0.000306   0.000381   0.000455   0.000528     0.0006   0.000671   0.000741   0.000811    0.00088    0.00095   0.001021   0.001095   0.001174   0.001259   0.001354   0.001462   0.001588   0.001739   0.001922    0.00215   0.002432   0.002788   0.003238   0.003807   0.004529   0.005444   0.006604    0.00807   0.009921   0.012251   0.015174   0.018833   0.023398   0.029075   0.036114   0.044812   0.055522    0.06867   0.084754   0.104362   0.128188   0.157041   0.191862   0.233743   0.283944   0.343914
         0   0.000101     0.0002   0.000299   0.000398   0.000495   0.000592   0.000686    0.00078   0.000871   0.000961    0.00105   0.001138   0.001226   0.001314   0.001405   0.001499     0.0016   0.001709   0.001831   0.001971   0.002135   0.002331   0.002571   0.002868   0.003238   0.003702   0.004288   0.005028   0.005966   0.007151   0.008647   0.010535   0.012908   0.015887   0.019614   0.024262   0.030043   0.037208   0.046061   0.056962   0.070344   0.086712   0.106669   0.130918   0.160282    0.19572   0.238343   0.289433   0.350464
         0    0.00013    0.00026    0.00039   0.000517   0.000643   0.000768    0.00089    0.00101   0.001129   0.001244   0.001358   0.001469    0.00158   0.001691   0.001803   0.001917   0.002037   0.002165   0.002304   0.002461   0.002641   0.002854   0.003109   0.003421   0.003807   0.004288   0.004891   0.005651    0.00661   0.007821   0.009347   0.011269   0.013685   0.016715   0.020504    0.02523   0.031104   0.038386   0.047382   0.058459   0.072055   0.088686    0.10896   0.133595   0.163427   0.199428   0.242729   0.294632   0.356634
         0   0.000168   0.000337   0.000503   0.000669   0.000832   0.000993   0.001151   0.001307   0.001458   0.001607   0.001752   0.001895   0.002036   0.002175   0.002313   0.002454   0.002597   0.002748    0.00291   0.003088   0.003288    0.00352   0.003794   0.004124   0.004529   0.005028   0.005651   0.006432   0.007414   0.008649   0.010204   0.012161   0.014616   0.017695   0.021543    0.02634   0.032303   0.039691   0.048817   0.060054   0.073846   0.090715    0.11128   0.136267   0.166525   0.203041   0.246958   0.299601   0.362487
         0   0.000217   0.000434    0.00065   0.000864   0.001074   0.001281   0.001486   0.001686    0.00188   0.002072   0.002257   0.002439   0.002617   0.002791   0.002964   0.003138   0.003313   0.003493   0.003682   0.003887   0.004113   0.004368   0.004667   0.005019   0.005444   0.005966    0.00661   0.007414   0.008419    0.00968   0.011265   0.013254    0.01575   0.018874   0.022777    0.02764   0.033683    0.04117   0.050416     0.0618   0.075769   0.092856   0.113685   0.138992   0.169637   0.206619   0.251098   0.304413   0.368099
         0    0.00028   0.000559   0.000837   0.001111   0.001383   0.001649   0.001912   0.002168   0.002418   0.002662     0.0029   0.003132   0.003357   0.003578   0.003794   0.004009   0.004223   0.004441   0.004666   0.004904   0.005161   0.005447   0.005773   0.006152   0.006604   0.007151   0.007821   0.008649    0.00968   0.010969   0.012584   0.014606    0.01714   0.020308   0.024264   0.029189   0.035307   0.042883   0.052239   0.063757   0.077889   0.095173   0.116242   0.141839   0.172835   0.210239   0.255226   0.309148    0.37356
         0    0.00036   0.000718   0.001074   0.001427   0.001774   0.002116   0.002452   0.002781   0.003101   0.003414   0.003717   0.004011   0.004297   0.004576   0.004848   0.005115    0.00538   0.005644   0.005914   0.006194    0.00649   0.006813   0.007174   0.007588    0.00807   0.008647   0.009347   0.010204   0.011265   0.012584    0.01423   0.016287   0.018859    0.02207   0.026075   0.031058   0.037246   0.044906   0.054363   0.066002   0.080282   0.097745   0.119031   0.144891   0.176202   0.213988   0.259432   0.313903    0.37897
         0    0.00046   0.000918   0.001374   0.001825   0.002269   0.002707   0.003136   0.003556   0.003965   0.004363    0.00475   0.005125   0.005487   0.005839   0.006182   0.006515   0.006843   0.007167   0.007492   0.007825   0.008171   0.008541   0.008945   0.009399   0.009921   0.010535   0.011269   0.012161   0.013254   0.014606   0.016287    0.01838    0.02099   0.024244   0.028297   0.033337    0.03959   0.047328   0.056877   0.068628   0.083042   0.100667    0.12215   0.148246   0.179843   0.217972   0.263828    0.31879   0.384446
         0   0.000586   0.001171   0.001752   0.002327   0.002895   0.003452   0.003999   0.004534   0.005055   0.005561   0.006052   0.006528   0.006988   0.007432   0.007863    0.00828   0.008687   0.009086   0.009483   0.009881    0.01029   0.010717   0.011176   0.011681   0.012251   0.012908   0.013685   0.014616    0.01575    0.01714   0.018859    0.02099    0.02364   0.026938   0.031039   0.036134   0.042448   0.050258   0.059894   0.071747   0.086283   0.104055   0.125715   0.152025   0.183878   0.222315    0.26854   0.323945   0.390127
         0   0.000746    0.00149   0.002228   0.002959   0.003681   0.004389   0.005085   0.005764   0.006425   0.007068   0.007691   0.008293   0.008875   0.009435   0.009976   0.010499   0.011005   0.011498   0.011983   0.012465   0.012951   0.013452   0.013977   0.014546   0.015174   0.015887   0.016715   0.017695   0.018874   0.020308    0.02207   0.024244   0.026938   0.030281   0.034432   0.039578   0.045953   0.053833   0.063549   0.075494   0.090143   0.108049   0.129868   0.156369   0.188453   0.227166   0.273722   0.329522   0.396175
         0   0.000946   0.001888   0.002824   0.003751   0.004664   0.005563   0.006444   0.007304   0.008142   0.008955   0.009743   0.010504   0.011237   0.011944   0.012623   0.013278   0.013909    0.01452   0.015115   0.015701   0.016285   0.016875   0.017486   0.018132   0.018833   0.019614   0.020504   0.021543   0.022777   0.024264   0.026075   0.028297   0.031039   0.034432   0.038631   0.043833   0.050267   0.058212   0.068003   0.080038   0.094788   0.112816    0.13478   0.161454   0.193744   0.232704   0.279555   0.335706   0.402778
         0   0.001195   0.002385   0.003568   0.004739   0.005893   0.007028    0.00814   0.009227   0.010285   0.011311   0.012305   0.013264   0.014188   0.015076   0.015929   0.016748   0.017535   0.018292   0.019026   0.019741   0.020445   0.021148   0.021864   0.022607   0.023398   0.024262    0.02523    0.02634    0.02764   0.029189   0.031058   0.033337   0.036134   0.039578   0.043833    0.04909   0.055584   0.063594   0.073458   0.085574    0.10042   0.118558   0.140654   0.167483   0.199959    0.23914   0.286253   0.342718   0.410162
         0   0.001505   0.003004   0.004494   0.005968   0.007422   0.008852   0.010252   0.011621   0.012952   0.014243   0.015493     0.0167    0.01786   0.018974   0.020042   0.021066   0.022045   0.022986   0.023891   0.024767   0.025621   0.026465    0.02731   0.028173   0.029075   0.030043   0.031104   0.032303   0.033683   0.035307   0.037246    0.03959   0.042448   0.045953   0.050267   0.055584   0.062139   0.070215   0.080148   0.092344   0.107279   0.125521   0.147734   0.174705   0.207347   0.246725   0.294072   0.350816   0.418589
         0   0.001889   0.003772   0.005643   0.007493   0.009319   0.011113   0.012871   0.014589   0.016259    0.01788   0.019448   0.020959   0.022413   0.023808   0.025143    0.02642    0.02764   0.028807   0.029925      0.031    0.03204   0.033057   0.034062   0.035074   0.036114   0.037208   0.038386   0.039691    0.04117   0.042883   0.044906   0.047328   0.050258   0.053833   0.058212   0.063594   0.070215   0.078357   0.088361   0.100634   0.115653   0.133991   0.156316   0.183414   0.216206    0.25576   0.303316   0.360305   0.428371
         0   0.002365   0.004721   0.007062   0.009379   0.011663   0.013909   0.016109   0.018257   0.020347   0.022374   0.024335   0.026225    0.02804   0.029782   0.031448   0.033038   0.034555   0.036002   0.037382   0.038703   0.039973   0.041203   0.042408   0.043603   0.044812   0.046061   0.047382   0.048817   0.050416   0.052239   0.054363   0.056877   0.059894   0.063549   0.068003   0.073458   0.080148   0.088361   0.098439   0.110787    0.12589   0.144319   0.166745   0.193961   0.226888     0.2666   0.314342    0.37155   0.439874
         0    0.00295   0.005891   0.008811   0.011701    0.01455   0.017352   0.020096   0.022775   0.025383   0.027911   0.030355    0.03271   0.034973   0.037142   0.039214   0.041189   0.043072   0.044863   0.046567   0.048191   0.049744   0.051237   0.052685   0.054107   0.055522   0.056962   0.058459   0.060054     0.0618   0.063757   0.066002   0.068628   0.071747   0.075494   0.080038   0.085574   0.092344   0.100634   0.110787   0.123214   0.138399   0.156915   0.179439   0.206763   0.239814   0.279668   0.327576   0.384979   0.453531
         0   0.003669   0.007326   0.010957    0.01455   0.018095   0.021579   0.024992   0.028323   0.031564   0.034707   0.037745   0.040672   0.043482   0.046175   0.048746   0.051197   0.053527   0.055741   0.057842   0.059837   0.061737   0.063554   0.065301   0.066999    0.06867   0.070344   0.072055   0.073846   0.075769   0.077889   0.080282   0.083042   0.086283   0.090143   0.094788    0.10042   0.107279   0.115653    0.12589   0.138399   0.153667   0.172269   0.194887   0.222313   0.255479   0.295463   0.343521   0.401095   0.469849
         0   0.004548   0.009081   0.013582   0.018038   0.022432    0.02675    0.03098    0.03511   0.039127   0.043022   0.046786   0.050412   0.053894   0.057228   0.060409    0.06344   0.066319   0.069049   0.071636   0.074086   0.076411   0.078622   0.080735   0.082771   0.084754   0.086712   0.088686   0.090715   0.092856   0.095173   0.097745   0.100667   0.104055   0.108049   0.112816   0.118558   0.125521   0.133991   0.144319   0.156915   0.172269   0.190961    0.21367   0.241195   0.274467   0.314571   0.362763   0.420494   0.489426
         0   0.005621   0.011222   0.016785    0.02229   0.027719   0.033056   0.038282   0.043385   0.048348    0.05316    0.05781   0.062288   0.066588   0.070703    0.07463   0.078368   0.081915   0.085276   0.088454    0.09146   0.094302   0.096994   0.099553      0.102   0.104362   0.106669    0.10896    0.11128   0.113685   0.116242   0.119031    0.12215   0.125715   0.129868    0.13478   0.140654   0.147734   0.156316   0.166745   0.179439   0.194887    0.21367   0.236472   0.264093   0.297467   0.337683      0.386   0.443868    0.51296
         0   0.006923   0.013823   0.020675   0.027457   0.034144   0.040717   0.047155    0.05344   0.059553    0.06548   0.071205    0.07672   0.082013   0.087079    0.09191   0.096506   0.100866   0.104993   0.108892   0.112571   0.116041   0.119317   0.122419   0.125366   0.128188   0.130918   0.133595   0.136267   0.138992   0.141839   0.144891   0.148246   0.152025   0.156369   0.161454   0.167483   0.174705   0.183414   0.193961   0.206763   0.222313   0.241195   0.264093   0.291811   0.325285   0.365608   0.414038   0.472035    0.54127
         0   0.008501   0.016973   0.025387   0.033713   0.041925   0.049996   0.057901   0.065616   0.073122   0.080398   0.087427   0.094197   0.100694   0.106909   0.112836   0.118473   0.123816   0.128871   0.133641   0.138135   0.142368   0.146351   0.150108   0.153662   0.157041   0.160282   0.163427   0.166525   0.169637   0.172835   0.176202   0.179843   0.183878   0.188453   0.193744   0.199959   0.207347   0.216206   0.226888   0.239814   0.255479   0.274467   0.297467   0.325285    0.35886   0.399286   0.447826    0.50594   0.575304
         0   0.010406   0.020775   0.031073   0.041265   0.051316   0.061194   0.070869   0.080313   0.089498   0.098403   0.107006    0.11529   0.123239   0.130842   0.138092   0.144983   0.151514   0.157688    0.16351   0.168989   0.174139   0.178977   0.183526    0.18781   0.191862    0.19572   0.199428   0.203041   0.206619   0.210239   0.213988   0.217972   0.222315   0.227166   0.232704    0.23914   0.246725    0.25576     0.2666   0.279668   0.295463   0.314571   0.337683   0.365608   0.399286   0.439814   0.488459   0.546685   0.616167
         0   0.012696   0.025348   0.037912   0.050347    0.06261   0.074662   0.086467   0.097989   0.109195   0.120059   0.130554   0.140659   0.150355   0.159628   0.168468   0.176869   0.184829    0.19235   0.199436   0.206099   0.212355    0.21822   0.223719   0.228883   0.233743   0.238343   0.242729   0.246958   0.251098   0.255226   0.259432   0.263828    0.26854   0.273722   0.279555   0.286253   0.294072   0.303316   0.314342   0.327576   0.343521   0.362763      0.386   0.414038   0.447826   0.488459    0.53721   0.595542   0.665136
         0   0.015441   0.030829    0.04611   0.061234   0.076149   0.090807   0.105164   0.119177   0.132806   0.146018   0.158781   0.171068   0.182859   0.194133    0.20488    0.21509   0.224762   0.233896     0.2425   0.250582   0.258162   0.265258   0.271898   0.278115   0.283944   0.289433   0.294632   0.299601   0.304413   0.309148   0.313903    0.31879   0.323945   0.329522   0.335706   0.342718   0.350816   0.360305    0.37155   0.384979   0.401095   0.420494   0.443868   0.472035    0.50594   0.546685   0.595542    0.65398   0.723681
         0   0.018721   0.037378   0.055905    0.07424   0.092322   0.110094   0.127499   0.144488   0.161011   0.177028   0.192501   0.207396   0.221687   0.235352   0.248377   0.260749   0.272466   0.283528   0.293942   0.303721   0.312881   0.321449   0.329452   0.336926   0.343914   0.350464   0.356634   0.362487   0.368099    0.37356    0.37897   0.384446   0.390127   0.396175   0.402778   0.410162   0.418589   0.428371   0.439874   0.453531   0.469849   0.489426    0.51296    0.54127   0.575304   0.616167   0.665136   0.723681   0.793488