         0          0          0          0          0          0          0          0          0          0          0          0          0          0          0          0          0          0          0          0          0          0          0          0          0          0          0          0          0          0          0          0          0          0          0          0          0          0          0          0          0          0          0          0          0          0          0          0          0          0
         0          0          0      1e-06          0      1e-06          0          0          0      1e-06      1e-06          0      1e-06      1e-06      1e-06      1e-06      1e-06      1e-06      2e-06      2e-06      3e-06      4e-06      5e-06      7e-06      1e-05    1.3e-05    1.7e-05    2.2e-05      3e-05      4e-05    5.5e-05    7.4e-05    9.8e-05   0.000131   0.000174   0.000231   0.000304   0.000401   0.000524   0.000684   0.000888    0.00115   0.001483   0.001904   0.002437   0.003107   0.003947   0.004993   0.006294   0.007903
         0          0          0          0      1e-06      1e-06      1e-06      1e-06      1e-06      1e-06      1e-06      1e-06      1e-06      2e-06      2e-06      2e-06      2e-06      3e-06      3e-06      4e-06      6e-06      7e-06      1e-05    1.4e-05    1.8e-05    2.4e-05    3.3e-05    4.5e-05      6e-05    8.2e-05   0.000109   0.000147   0.000196   0.000262   0.000348   0.000461   0.000608   0.000799   0.001046   0.001364   0.001773   0.002294   0.002959   0.003802   0.004865   0.006202   0.007877   0.009966   0.012562   0.015773
         0      1e-06          0      1e-06      1e-06      1e-06      1e-06      1e-06      2e-06      2e-06      2e-06      2e-06      2e-06      3e-06      3e-06      3e-06      4e-06      4e-06      5e-06      6e-06      8e-06    1.2e-05    1.4e-05      2e-05    2.7e-05    3.6e-05      5e-05    6.6e-05      9e-05   0.000121   0.000164    0.00022   0.000294   0.000391    0.00052   0.000689   0.000909   0.001194   0.001564   0.002039    0.00265    0.00343   0.004424   0.005682   0.007272   0.009271   0.011775   0.014898   0.018778   0.023578
         0          0      1e-06      1e-06      1e-06      1e-06      1e-06      2e-06      1e-06      2e-06      2e-06      3e-06      3e-06      3e-06      3e-06      3e-06      5e-06      6e-06      7e-06      9e-06    1.2e-05    1.5e-05      2e-05    2.6e-05    3.6e-05    4.8e-05    6.5e-05    8.8e-05    0.00012   0.000162   0.000217   0.000291    0.00039    0.00052    0.00069   0.000914   0.001206   0.001584   0.002074   0.002706   0.003516   0.004551   0.005869    0.00754   0.009649   0.012302   0.015625   0.019768   0.024916   0.031286
         0      1e-06      1e-06      1e-06      1e-06      1e-06      2e-06      2e-06      3e-06      2e-06      3e-06      3e-06      4e-06      4e-06      4e-06      5e-06      5e-06      7e-06      9e-06    1.1e-05    1.4e-05    1.9e-05    2.5e-05    3.3e-05    4.4e-05      6e-05    8.1e-05   0.000109   0.000148   0.000201   0.000269   0.000362   0.000484   0.000646   0.000857   0.001135   0.001498   0.001969   0.002577   0.003361   0.004368   0.005654   0.007291   0.009367   0.011987   0.015282    0.01941   0.024558   0.030954   0.038866
         0          0      1e-06      1e-06      1e-06      2e-06      2e-06      3e-06      3e-06      3e-06      3e-06      3e-06      4e-06      5e-06      5e-06      5e-06      7e-06      9e-06      1e-05    1.3e-05    1.7e-05    2.2e-05      3e-05    3.9e-05    5.3e-05    7.2e-05    9.6e-05    0.00013   0.000177   0.000238   0.000322   0.000431   0.000576   0.000769   0.001022   0.001352   0.001784   0.002344   0.003069   0.004003   0.005202   0.006733   0.008683   0.011156   0.014276   0.018202   0.023118   0.029249   0.036866    0.04629
         0          0      1e-06      1e-06      2e-06      2e-06      3e-06      2e-06      3e-06      3e-06      4e-06      4e-06      5e-06      5e-06      6e-06      7e-06      7e-06      1e-05    1.1e-05    1.5e-05    1.9e-05    2.5e-05    3.3e-05    4.6e-05      6e-05    8.3e-05   0.000111   0.000152   0.000205   0.000276   0.000371   0.000498   0.000667   0.000889   0.001182   0.001564   0.002063   0.002711   0.003549   0.004629   0.006016   0.007787   0.010042     0.0129    0.01651   0.021049   0.026734   0.033824   0.042633   0.053531
         0          0      1e-06      2e-06      1e-06      3e-06      3e-06      3e-06      4e-06      4e-06      5e-06      5e-06      5e-06      5e-06      7e-06      8e-06      9e-06    1.1e-05    1.3e-05    1.7e-05    2.2e-05    2.9e-05    3.8e-05    5.1e-05    6.9e-05    9.3e-05   0.000126   0.000171   0.000231   0.000312    0.00042   0.000564   0.000755   0.001006   0.001336   0.001769   0.002334   0.003067   0.004016   0.005237   0.006806    0.00881   0.011361   0.014595   0.018679   0.023814   0.030245   0.038268   0.048233   0.060563
         0      1e-06      1e-06      2e-06      2e-06      2e-06      3e-06      3e-06      4e-06      4e-06      5e-06      6e-06      6e-06      6e-06      7e-06      9e-06      1e-05    1.2e-05    1.5e-05    1.9e-05    2.4e-05    3.2e-05    4.3e-05    5.7e-05    7.7e-05   0.000104   0.000141   0.000191   0.000257   0.000347   0.000467   0.000628   0.000839   0.001118   0.001487   0.001968   0.002596   0.003412   0.004467   0.005826    0.00757     0.0098   0.012637   0.016234   0.020777   0.026489   0.033642   0.042565   0.053651   0.067364
         0      1e-06      1e-06      2e-06      2e-06      3e-06      3e-06      4e-06      5e-06      5e-06      5e-06      6e-06      7e-06      7e-06      8e-06      1e-05    1.1e-05    1.3e-05    1.7e-05    2.1e-05    2.7e-05    3.6e-05    4.6e-05    6.3e-05    8.4e-05   0.000113   0.000154   0.000209   0.000282   0.000381   0.000513   0.000689   0.000921   0.001228   0.001631    0.00216   0.002848   0.003743   0.004901   0.006393   0.008306   0.010752   0.013866   0.017813   0.022797   0.029065   0.036914   0.046704   0.058868   0.073916
         0          0      1e-06      2e-06      3e-06      3e-06      3e-06      4e-06      5e-06      6e-06      6e-06      6e-06      7e-06      7e-06      9e-06      1e-05    1.2e-05    1.4e-05    1.8e-05    2.2e-05    2.9e-05    3.8e-05      5e-05    6.8e-05    9.2e-05   0.000123   0.000168   0.000226   0.000307   0.000414   0.000557   0.000747   0.000999   0.001333    0.00177   0.002343   0.003091   0.004062   0.005318   0.006937   0.009013   0.011667   0.015045   0.019328   0.024735   0.031536   0.040053   0.050676   0.063873     0.0802
         0      1e-06      1e-06      2e-06      3e-06      4e-06      4e-06      5e-06      5e-06      6e-06      7e-06      7e-06      8e-06      8e-06      1e-05    1.1e-05    1.4e-05    1.6e-05    1.9e-05    2.4e-05    3.1e-05    4.2e-05    5.5e-05    7.4e-05    9.9e-05   0.000134   0.000181   0.000244    0.00033   0.000445   0.000599   0.000804   0.001075   0.001433   0.001903   0.002519   0.003322   0.004366   0.005716   0.007455   0.009688   0.012541   0.016171   0.020775   0.026588   0.033897   0.043051   0.054469   0.068653   0.086202
         0      1e-06      2e-06      3e-06      3e-06      4e-06      5e-06      5e-06      5e-06      6e-06      7e-06      7e-06      8e-06      1e-05    1.1e-05    1.2e-05    1.5e-05    1.8e-05    2.1e-05    2.7e-05    3.4e-05    4.5e-05    5.9e-05    7.9e-05   0.000106   0.000143   0.000193   0.000261   0.000352   0.000475   0.000639   0.000857   0.001146   0.001528   0.002029   0.002687   0.003543   0.004656   0.006095    0.00795    0.01033   0.013372   0.017243   0.022151   0.028349   0.036142   0.045902   0.058077   0.073201   0.091913
         0      1e-06      2e-06      3e-06      3e-06      4e-06      5e-06      6e-06      7e-06      7e-06      8e-06      9e-06      1e-05    1.1e-05    1.3e-05    1.4e-05    1.6e-05    1.9e-05    2.3e-05      3e-05    3.7e-05    4.8e-05    6.3e-05    8.4e-05   0.000113   0.000152   0.000205   0.000277   0.000374   0.000504   0.000678   0.000909   0.001214   0.001618    0.00215   0.002846   0.003753   0.004931   0.006455   0.008419   0.010939    0.01416   0.018259   0.023456   0.030018   0.038269   0.048605   0.061496   0.077509   0.097323
         0      1e-06      2e-06      3e-06      3e-06      5e-06      5e-06      7e-06      8e-06      9e-06      1e-05      1e-05    1.1e-05    1.2e-05    1.4e-05    1.6e-05    1.8e-05    2.1e-05    2.6e-05    3.2e-05      4e-05    5.2e-05    6.8e-05    9.1e-05   0.000121   0.000162   0.000217   0.000294   0.000395   0.000532   0.000714   0.000958    0.00128   0.001706   0.002265   0.002996   0.003951   0.005191   0.006795   0.008862   0.011515   0.014904   0.019218   0.024687   0.031594   0.040278   0.051155   0.064721   0.081575   0.102427
         0      1e-06      2e-06      4e-06      5e-06      5e-06      7e-06      7e-06      9e-06      1e-05    1.1e-05    1.2e-05    1.4e-05    1.5e-05    1.6e-05    1.8e-05      2e-05    2.4e-05    2.9e-05    3.5e-05    4.4e-05    5.7e-05    7.3e-05    9.7e-05   0.000129   0.000172   0.000231   0.000309   0.000416   0.000559    0.00075   0.001005   0.001343   0.001787   0.002373   0.003139   0.004138   0.005436   0.007115    0.00928   0.012055   0.015603    0.02012   0.025845   0.033075   0.042165   0.053551   0.067752   0.085395   0.107221
         0      1e-06      3e-06      4e-06      6e-06      7e-06      9e-06      1e-05    1.1e-05    1.2e-05    1.3e-05    1.4e-05    1.6e-05    1.8e-05    1.9e-05    2.1e-05    2.4e-05    2.8e-05    3.3e-05      4e-05    4.9e-05    6.2e-05    7.9e-05   0.000104   0.000137   0.000182   0.000243   0.000326   0.000438   0.000587   0.000786   0.001051   0.001402   0.001866   0.002476   0.003274   0.004315   0.005668   0.007417   0.009671   0.012563    0.01626   0.020965    0.02693   0.034461   0.043932   0.055794   0.070589   0.088969   0.111709
         0      2e-06      3e-06      5e-06      7e-06      9e-06      1e-05    1.1e-05    1.3e-05    1.5e-05    1.7e-05    1.8e-05    1.9e-05    2.1e-05    2.3e-05    2.6e-05    2.9e-05    3.3e-05    3.8e-05    4.5e-05    5.5e-05    6.9e-05    8.8e-05   0.000113   0.000147   0.000194   0.000258   0.000343   0.000458   0.000614    0.00082   0.001096    0.00146   0.001941   0.002574   0.003402   0.004482   0.005885     0.0077   0.010038   0.013039   0.016874   0.021754   0.027942   0.035755    0.04558   0.057886   0.073235   0.092302   0.115893
         0      2e-06      4e-06      6e-06      9e-06    1.1e-05    1.3e-05    1.5e-05    1.7e-05    1.9e-05    2.1e-05    2.2e-05    2.4e-05    2.7e-05      3e-05    3.2e-05    3.5e-05      4e-05    4.5e-05    5.4e-05    6.3e-05    7.8e-05    9.7e-05   0.000123   0.000159   0.000207   0.000273   0.000362   0.000482   0.000641   0.000855    0.00114   0.001517   0.002014   0.002668   0.003524    0.00464    0.00609   0.007965   0.010382   0.013483   0.017446    0.02249   0.028885   0.036959   0.047113    0.05983   0.075691   0.095397   0.119776
         0      3e-06      6e-06      8e-06    1.2e-05    1.4e-05    1.7e-05    1.9e-05    2.2e-05    2.4e-05    2.7e-05    2.9e-05    3.1e-05    3.4e-05    3.7e-05      4e-05    4.4e-05    4.9e-05    5.5e-05    6.3e-05    7.5e-05    8.9e-05    0.00011   0.000136   0.000173   0.000224   0.000292   0.000383   0.000506   0.000671   0.000892   0.001185   0.001573   0.002086   0.002759    0.00364    0.00479   0.006283   0.008215   0.010703   0.013897   0.017979   0.023174   0.029759   0.038075   0.048533    0.06163   0.077967   0.098261   0.123369
         0      4e-06      7e-06    1.2e-05    1.5e-05    1.9e-05    2.2e-05    2.5e-05    2.9e-05    3.2e-05    3.6e-05    3.8e-05    4.2e-05    4.5e-05    4.8e-05    5.2e-05    5.7e-05    6.2e-05    6.9e-05    7.8e-05    8.9e-05   0.000105   0.000126   0.000154   0.000192   0.000244   0.000314   0.000408   0.000535   0.000705   0.000931   0.001232    0.00163   0.002156   0.002848   0.003753   0.004933   0.006467    0.00845   0.011005   0.014284   0.018475   0.023809   0.030571   0.039108   0.049846   0.063292   0.080065   0.100901    0.12668
         0      5e-06      1e-05    1.4e-05      2e-05    2.5e-05      3e-05    3.3e-05    3.8e-05    4.3e-05    4.6e-05      5e-05    5.5e-05    5.9e-05    6.3e-05    6.8e-05    7.3e-05    7.9e-05    8.8e-05    9.7e-05    0.00011   0.000126   0.000148   0.000177   0.000217    0.00027   0.000342   0.000438   0.000568   0.000742   0.000974   0.001282    0.00169   0.002229   0.002937   0.003864   0.005073   0.006643   0.008673   0.011289   0.014646   0.018938   0.024398   0.031322   0.040063   0.051056   0.064823   0.081996   0.103329   0.129723
         0      7e-06    1.4e-05      2e-05    2.6e-05    3.3e-05    3.9e-05    4.6e-05    5.1e-05    5.7e-05    6.3e-05    6.8e-05    7.4e-05    7.9e-05    8.4e-05    9.1e-05    9.7e-05   0.000104   0.000113   0.000123   0.000136   0.000154   0.000177   0.000208   0.000248   0.000303   0.000377   0.000476   0.000609   0.000787   0.001024   0.001339   0.001756   0.002307    0.00303   0.003977   0.005211   0.006814   0.008889    0.01156   0.014989    0.01937   0.024948   0.032018   0.040945   0.052172   0.066232   0.083769   0.105556    0.13251
         0      1e-05    1.8e-05    2.7e-05    3.6e-05    4.4e-05    5.3e-05      6e-05    6.9e-05    7.7e-05    8.4e-05    9.2e-05    9.9e-05   0.000106   0.000113   0.000121   0.000129   0.000137   0.000147   0.000159   0.000173   0.000192   0.000217   0.000248    0.00029   0.000347   0.000423   0.000525    0.00066   0.000842   0.001084   0.001405   0.001831   0.002392   0.003129   0.004093   0.005352   0.006985   0.009098   0.011821   0.015315   0.019779   0.025462   0.032666   0.041762   0.053201   0.067526   0.085395   0.107593   0.135058
         0    1.3e-05    2.4e-05    3.6e-05    4.8e-05      6e-05    7.2e-05    8.3e-05    9.3e-05   0.000104   0.000113   0.000123   0.000134   0.000143   0.000152   0.000162   0.000172   0.000182   0.000194   0.000207   0.000224   0.000244    0.00027   0.000303   0.000347   0.000406   0.000483   0.000587   0.000726   0.000911   0.001157   0.001485   0.001918   0.002489   0.003238    0.00422   0.005499    0.00716    0.00931   0.012077    0.01563   0.020169   0.025947   0.033273   0.042522   0.054152   0.068718   0.086887   0.109459   0.137384
         0    1.7e-05    3.3e-05      5e-05    6.5e-05    8.1e-05    9.6e-05   0.000111   0.000126   0.000141   0.000154   0.000168   0.000181   0.000193   0.000205   0.000217   0.000231   0.000243   0.000258   0.000273   0.000292   0.000314   0.000342   0.000377   0.000423   0.000483   0.000563    0.00067   0.000812      0.001   0.001251   0.001584   0.002024   0.002603   0.003365   0.004361    0.00566   0.007346   0.009527   0.012337   0.015941   0.020549   0.026413   0.033848   0.043235   0.055038   0.069821   0.088261   0.111167   0.139509
         0    2.2e-05    4.5e-05    6.6e-05    8.8e-05   0.000109    0.00013   0.000152   0.000171   0.000191   0.000209   0.000226   0.000244   0.000261   0.000277   0.000294   0.000309   0.000326   0.000343   0.000362   0.000383   0.000408   0.000438   0.000476   0.000525   0.000587    0.00067   0.000779   0.000924   0.001116   0.001371   0.001709   0.002155   0.002743   0.003515   0.004525   0.005842    0.00755    0.00976   0.012607   0.016259   0.020928    0.02687   0.034402   0.043912   0.055871   0.070849   0.089531    0.11274   0.141454
         0      3e-05      6e-05      9e-05    0.00012   0.000148   0.000177   0.000205   0.000231   0.000257   0.000282   0.000307    0.00033   0.000352   0.000374   0.000395   0.000416   0.000438   0.000458   0.000482   0.000506   0.000535   0.000568   0.000609    0.00066   0.000726   0.000812   0.000924   0.001072   0.001268   0.001527   0.001869   0.002322   0.002918   0.003699   0.004722   0.006054   0.007783   0.010019   0.012899   0.016595   0.021317   0.027328   0.034949   0.044569   0.056667   0.071819   0.090718   0.114196   0.143243
         0      4e-05    8.2e-05   0.000121   0.000162   0.000201   0.000238   0.000276   0.000312   0.000347   0.000381   0.000414   0.000445   0.000475   0.000504   0.000532   0.000559   0.000587   0.000614   0.000641   0.000671   0.000705   0.000742   0.000787   0.000842   0.000911      0.001   0.001116   0.001268   0.001468    0.00173   0.002079   0.002537    0.00314   0.003931   0.004964   0.006311   0.008058   0.010318   0.013228   0.016962   0.021733   0.027805   0.035503   0.045223   0.057444   0.072751   0.091843   0.115561   0.144905
         0    5.5e-05   0.000109   0.000164   0.000217   0.000269   0.000322   0.000371    0.00042   0.000467   0.000513   0.000557   0.000599   0.000639   0.000678   0.000714    0.00075   0.000786    0.00082   0.000855   0.000892   0.000931   0.000974   0.001024   0.001084   0.001157   0.001251   0.001371   0.001527    0.00173   0.001999   0.002352   0.002816   0.003426   0.004225    0.00527   0.006629   0.008392   0.010673    0.01361   0.017378   0.022192   0.028319   0.036086   0.045894   0.058224   0.073668   0.092932   0.116862   0.146469
         0    7.4e-05   0.000147    0.00022   0.000291   0.000362   0.000431   0.000498   0.000564   0.000628   0.000689   0.000747   0.000804   0.000857   0.000909   0.000958   0.001005   0.001051   0.001096    0.00114   0.001185   0.001232   0.001282   0.001339   0.001405   0.001485   0.001584   0.001709   0.001869   0.002079   0.002352    0.00271   0.003181   0.003797   0.004605   0.005658   0.007029   0.008809   0.011108   0.014068   0.017867   0.022719   0.028895   0.036724   0.046607   0.059036   0.074601   0.094015   0.118134   0.147974
         0    9.8e-05   0.000196   0.000294    0.00039   0.000484   0.000576   0.000667   0.000755   0.000839   0.000921   0.000999   0.001075   0.001146   0.001214    0.00128   0.001343   0.001402    0.00146   0.001517   0.001573    0.00163    0.00169   0.001756   0.001831   0.001918   0.002024   0.002155   0.002322   0.002537   0.002816   0.003181   0.003657   0.004281   0.005095   0.006158   0.007542   0.009334    0.01165   0.014632   0.018457   0.023344   0.029563   0.037446   0.047397   0.059912   0.075583   0.095131   0.119414   0.149458
         0   0.000131   0.000262   0.000391    0.00052   0.000646   0.000769   0.000889   0.001006   0.001118   0.001228   0.001333   0.001433   0.001528   0.001618   0.001706   0.001787   0.001866   0.001941   0.002014   0.002086   0.002156   0.002229   0.002307   0.002392   0.002489   0.002603   0.002743   0.002918    0.00314   0.003426   0.003797   0.004281   0.004911   0.005734   0.006807     0.0082   0.010005   0.012337   0.015338   0.019187   0.024104   0.030361   0.038291   0.048303   0.060891   0.076657   0.096321   0.120749   0.150971
         0   0.000174   0.000348    0.00052    0.00069   0.000857   0.001022   0.001182   0.001336   0.001487   0.001631    0.00177   0.001903   0.002029    0.00215   0.002265   0.002373   0.002476   0.002574   0.002668   0.002759   0.002848   0.002937    0.00303   0.003129   0.003238   0.003365   0.003515   0.003699   0.003931   0.004225   0.004605   0.005095   0.005734   0.006566   0.007647    0.00905   0.010868   0.013214   0.016232   0.020102   0.025046   0.031336   0.039308   0.049373   0.062027   0.077875    0.09764   0.122195   0.152573
         0   0.000231   0.000461   0.000689   0.000914   0.001135   0.001352   0.001564   0.001769   0.001968    0.00216   0.002343   0.002519   0.002687   0.002846   0.002996   0.003139   0.003274   0.003402   0.003524    0.00364   0.003753   0.003864   0.003977   0.004093    0.00422   0.004361   0.004525   0.004722   0.004964    0.00527   0.005658   0.006158   0.006807   0.007647   0.008738   0.010151    0.01198   0.014339   0.017374   0.021264   0.026231   0.032551    0.04056    0.05067   0.063382     0.0793   0.099155   0.123819   0.154333
         0   0.000304   0.000608   0.000909   0.001206   0.001498   0.001784   0.002063   0.002334   0.002596   0.002848   0.003091   0.003322   0.003543   0.003753   0.003951   0.004138   0.004315   0.004482    0.00464    0.00479   0.004933   0.005073   0.005211   0.005352   0.005499    0.00566   0.005842   0.006054   0.006311   0.006629   0.007029   0.007542     0.0082    0.00905   0.010151   0.011576   0.013416   0.015788   0.018838   0.022745   0.027734    0.03408   0.042122   0.052272   0.065034   0.081014   0.100945   0.125705   0.156335
         0   0.000401   0.000799   0.001194   0.001584   0.001969   0.002344   0.002711   0.003067   0.003412   0.003743   0.004062   0.004366   0.004656   0.004931   0.005191   0.005436   0.005668   0.005885    0.00609   0.006283   0.006467   0.006643   0.006814   0.006985    0.00716   0.007346    0.00755   0.007783   0.008058   0.008392   0.008809   0.009334   0.010005   0.010868    0.01198   0.013416   0.015268   0.017654   0.020718   0.024642    0.02965   0.036019   0.044089   0.054275   0.067079   0.083114   0.103111   0.127953   0.158686
         0   0.000524   0.001046   0.001564   0.002074   0.002577   0.003069   0.003549   0.004016   0.004467   0.004901   0.005318   0.005716   0.006095   0.006455   0.006795   0.007115   0.007417     0.0077   0.007965   0.008215    0.00845   0.008673   0.008889   0.009098    0.00931   0.009527    0.00976   0.010019   0.010318   0.010673   0.011108    0.01165   0.012337   0.013214   0.014339   0.015788   0.017654   0.020053    0.02313    0.02707   0.032097   0.038487   0.046582   0.056799   0.069642   0.085722   0.105778    0.13069    0.16151
         0   0.000684   0.001364   0.002039   0.002706   0.003361   0.004003   0.004629   0.005237   0.005826   0.006393   0.006937   0.007455    0.00795   0.008419   0.008862    0.00928   0.009671   0.010038   0.010382   0.010703   0.011005   0.011289    0.01156   0.011821   0.012077   0.012337   0.012607   0.012899   0.013228    0.01361   0.014068   0.014632   0.015338   0.016232   0.017374   0.018838   0.020718    0.02313   0.026223   0.030179   0.035223   0.041633   0.049751   0.059995   0.072871   0.088993   0.109097   0.134071   0.164965
         0   0.000888   0.001773    0.00265   0.003516   0.004368   0.005202   0.006016   0.006806    0.00757   0.008306   0.009013   0.009688    0.01033   0.010939   0.011515   0.012055   0.012563   0.013039   0.013483   0.013897   0.014284   0.014646   0.014989   0.015315    0.01563   0.015941   0.016259   0.016595   0.016962   0.017378   0.017867   0.018457   0.019187   0.020102   0.021264   0.022745   0.024642    0.02707   0.030179    0.03415   0.039211    0.04564   0.053779   0.064048   0.076953    0.09311   0.113258   0.138283   0.169242
         0    0.00115   0.002294    0.00343   0.004551   0.005654   0.006733   0.007787    0.00881     0.0098   0.010752   0.011667   0.012541   0.013372    0.01416   0.014904   0.015603    0.01626   0.016874   0.017446   0.017979   0.018475   0.018938    0.01937   0.019779   0.020169   0.020549   0.020928   0.021317   0.021733   0.022192   0.022719   0.023344   0.024104   0.025046   0.026231   0.027734    0.02965   0.032097   0.035223   0.039211   0.044289   0.050736   0.058895   0.069187   0.082118   0.098306   0.118491   0.143562   0.174575
         0   0.001483   0.002959   0.004424   0.005869   0.007291   0.008683   0.010042   0.011361   0.012637   0.013866   0.015045   0.016171   0.017243   0.018259   0.019218    0.02012   0.020965   0.021754    0.02249   0.023174   0.023809   0.024398   0.024948   0.025462   0.025947   0.026413    0.02687   0.027328   0.027805   0.028319   0.028895   0.029563   0.030361   0.031336   0.032551    0.03408   0.036019   0.038487   0.041633    0.04564   0.050736   0.057201    0.06538   0.075693   0.088648   0.104864   0.125082   0.150192   0.181251
         0   0.001904   0.003802   0.005682    0.00754   0.009367   0.011156     0.0129   0.014595   0.016234   0.017813   0.019328   0.020775   0.022151   0.023456   0.024687   0.025845    0.02693   0.027942   0.028885   0.029759   0.030571   0.031322   0.032018   0.032666   0.033273   0.033848   0.034402   0.034949   0.035503   0.036086   0.036724   0.037446   0.038291   0.039308    0.04056   0.042122   0.044089   0.046582   0.049751   0.053779   0.058895    0.06538   0.073579   0.083912    0.09689    0.11313   0.133378   0.158521   0.189622
         0   0.002437   0.004865   0.007272   0.009649   0.011987   0.014276    0.01651   0.018679   0.020777   0.022797   0.024735   0.026588   0.028349   0.030018   0.031594   0.033075   0.034461   0.035755   0.036959   0.038075   0.039108   0.040063   0.040945   0.041762   0.042522   0.043235   0.043912   0.044569   0.045223   0.045894   0.046607   0.047397   0.048303   0.049373    0.05067   0.052272   0.054275   0.056799   0.059995   0.064048   0.069187   0.075693   0.083912   0.094265   0.107265   0.123529   0.143802   0.168975   0.200112
         0   0.003107   0.006202   0.009271   0.012302   0.015282   0.018202   0.021049   0.023814   0.026489   0.029065   0.031536   0.033897   0.036142   0.038269   0.040278   0.042165   0.043932    0.04558   0.047113   0.048533   0.049846   0.051056   0.052172   0.053201   0.054152   0.055038   0.055871   0.056667   0.057444   0.058224   0.059036   0.059912   0.060891   0.062027   0.063382   0.065034   0.067079   0.069642   0.072871   0.076953   0.082118   0.088648    0.09689   0.107265   0.120286   0.136573    0.15687    0.18207   0.213237
         0   0.003947   0.007877   0.011775   0.015625    0.01941   0.023118   0.026734   0.030245   0.033642   0.036914   0.040053   0.043051   0.045902   0.048605   0.051155   0.053551   0.055794   0.057886    0.05983    0.06163   0.063292   0.064823   0.066232   0.067526   0.068718   0.069821   0.070849   0.071819   0.072751   0.073668   0.074601   0.075583   0.076657   0.077875     0.0793   0.081014   0.083114   0.085722   0.088993    0.09311   0.098306   0.104864    0.11313   0.123529   0.136573   0.152881   0.173201   0.198426   0.229621
         0   0.004993   0.009966   0.014898   0.019768   0.024558   0.029249   0.033824   0.038268   0.042565   0.046704   0.050676   0.054469   0.058077   0.061496   0.064721   0.067752   0.070589   0.073235   0.075691   0.077967   0.080065   0.081996   0.083769   0.085395   0.086887   0.088261   0.089531   0.090718   0.091843   0.092932   0.094015   0.095131   0.096321    0.09764   0.099155   0.100945   0.103111   0.105778   0.109097   0.113258   0.118491   0.125082   0.133378   0.143802    0.15687   0.173201   0.193544   0.218793   0.250012
         0   0.006294   0.012562   0.018778   0.024916   0.030954   0.036866   0.042633   0.048233   0.053651   0.058868   0.063873   0.068653   0.073201   0.077509   0.081575   0.085395   0.088969   0.092302   0.095397   0.098261   0.100901   0.103329   0.105556   0.107593   0.109459   0.111167    0.11274   0.114196   0.115561   0.116862   0.118134   0.119414   0.120749   0.122195   0.123819   0.125705   0.127953    0.13069   0.134071   0.138283   0.143562   0.150192   0.158521   0.168975    0.18207   0.198426   0.218793   0.244064   0.275306
         0   0.007903   0.015773   0.023578   0.031286   0.038866    0.04629   0.053531   0.060563   0.067364   0.073916     0.0802   0.086202   0.091913   0.097323   0.102427   0.107221   0.111709   0.115893   0.119776   0.123369    0.12668   0.129723    0.13251   0.135058   0.137384   0.139509   0.141454   0.143243   0.144905   0.146469   0.147974   0.149458   0.150971   0.152573   0.154333   0.156335   0.158686    0.16151   0.164965   0.169242   0.174575   0.181251   0.189622   0.200112   0.213237   0.229621   0.250012   0.275306   0.306571