         0          0          0          0          0          0          0          0          0          0          0          0          0          0          0          0          0          0          0          0          0          0          0          0          0          0          0          0          0          0          0          0          0          0          0          0          0          0          0          0          0          0          0          0          0          0          0          0          0          0
         0          0          0      1e-06      1e-06      1e-06          0      1e-06      1e-06      1e-06      1e-06      1e-06      1e-06      1e-06      1e-06      1e-06      1e-06      1e-06      1e-06      1e-06      1e-06      1e-06      1e-06      1e-06      1e-06      2e-06      2e-06      2e-06      3e-06      4e-06      6e-06      7e-06    1.1e-05    1.5e-05      2e-05    2.9e-05    4.1e-05    5.6e-05    7.8e-05   0.000107   0.000148   0.000203   0.000278   0.000378   0.000512   0.000689   0.000925   0.001235    0.00164    0.00217
         0          0      1e-06          0      1e-06      1e-06      1e-06      1e-06      2e-06      2e-06      2e-06      2e-06      2e-06      2e-06      2e-06      2e-06      2e-06      1e-06      2e-06      2e-06      2e-06      2e-06      2e-06      2e-06      2e-06      2e-06      3e-06      4e-06      6e-06      8e-06    1.1e-05    1.5e-05    2.1e-05    2.9e-05    4.1e-05    5.8e-05      8e-05   0.000112   0.000155   0.000215   0.000296   0.000406   0.000554   0.000754   0.001021   0.001376   0.001846   0.002463   0.003273   0.004328
         0      1e-06          0      1e-06      1e-06      1e-06      2e-06      2e-06      2e-06      3e-06      2e-06      2e-06      3e-06      2e-06      3e-06      3e-06      3e-06      3e-06      3e-06      3e-06      2e-06      2e-06      3e-06      3e-06      3e-06      4e-06      5e-06      6e-06      9e-06    1.2e-05    1.6e-05    2.3e-05    3.1e-05    4.4e-05    6.1e-05    8.6e-05    0.00012   0.000166   0.000231    0.00032   0.000442   0.000606   0.000829   0.001127   0.001525   0.002055   0.002756   0.003679   0.004888   0.006465
         0      1e-06      1e-06      1e-06      1e-06      1e-06      2e-06      2e-06      3e-06      3e-06      3e-06      3e-06      3e-06      3e-06      3e-06      3e-06      4e-06      3e-06      4e-06      3e-06      3e-06      3e-06      4e-06      4e-06      4e-06      6e-06      7e-06      9e-06    1.2e-05    1.6e-05    2.1e-05      3e-05    4.2e-05    5.8e-05    8.1e-05   0.000113   0.000158   0.000221   0.000307   0.000425   0.000585   0.000803   0.001098   0.001493   0.002021   0.002723   0.003652   0.004876   0.006479   0.008567
         0      1e-06      1e-06      1e-06      1e-06      2e-06      2e-06      3e-06      3e-06      3e-06      4e-06      4e-06      4e-06      3e-06      4e-06      4e-06      4e-06      4e-06      4e-06      4e-06      4e-06      4e-06      5e-06      5e-06      6e-06      7e-06      8e-06    1.1e-05    1.4e-05      2e-05    2.6e-05    3.7e-05    5.1e-05    7.2e-05     0.0001    0.00014   0.000196   0.000274   0.000381   0.000527   0.000727   0.000996   0.001361   0.001851   0.002507   0.003378   0.004531   0.006047   0.008035   0.010627
         0          0      1e-06      2e-06      2e-06      2e-06      3e-06      3e-06      4e-06      4e-06      4e-06      4e-06      4e-06      5e-06      5e-06      4e-06      5e-06      5e-06      4e-06      5e-06      5e-06      5e-06      5e-06      6e-06      7e-06      8e-06      1e-05    1.3e-05    1.6e-05    2.2e-05    3.1e-05    4.3e-05      6e-05    8.5e-05   0.000119   0.000167   0.000233   0.000325   0.000452   0.000626   0.000863   0.001184   0.001618   0.002201    0.00298   0.004016   0.005386   0.007189   0.009553   0.012633
         0      1e-06      1e-06      2e-06      2e-06      3e-06      3e-06      3e-06      4e-06      5e-06      5e-06      4e-06      5e-06      5e-06      6e-06      5e-06      5e-06      5e-06      6e-06      5e-06      6e-06      6e-06      6e-06      6e-06      7e-06      9e-06    1.1e-05    1.4e-05    1.9e-05    2.5e-05    3.5e-05    4.9e-05    6.9e-05    9.8e-05   0.000137   0.000192   0.000269   0.000376   0.000522   0.000722   0.000996   0.001367   0.001867    0.00254   0.003438   0.004633   0.006215   0.008296   0.011024   0.014578
         0      1e-06      2e-06      2e-06      3e-06      3e-06      4e-06      4e-06      4e-06      5e-06      5e-06      5e-06      5e-06      5e-06      5e-06      5e-06      6e-06      5e-06      6e-06      6e-06      6e-06      6e-06      6e-06      7e-06      8e-06      1e-05    1.3e-05    1.6e-05    2.2e-05    2.9e-05      4e-05    5.6e-05    7.8e-05    0.00011   0.000154   0.000217   0.000303   0.000424   0.000589   0.000815   0.001124   0.001542   0.002108   0.002866    0.00388   0.005229   0.007014   0.009363    0.01244   0.016453
         0      1e-06      2e-06      3e-06      3e-06      3e-06      4e-06      5e-06      5e-06      5e-06      5e-06      6e-06      5e-06      6e-06      6e-06      6e-06      6e-06      6e-06      6e-06      6e-06      6e-06      7e-06      7e-06      7e-06      8e-06    1.1e-05    1.4e-05    1.7e-05    2.4e-05    3.1e-05    4.5e-05    6.2e-05    8.7e-05   0.000122   0.000171    0.00024   0.000337   0.000469   0.000653   0.000904   0.001246   0.001711   0.002337   0.003179   0.004304     0.0058   0.007779   0.010386     0.0138    0.01825
         0      1e-06      2e-06      2e-06      3e-06      4e-06      4e-06      5e-06      5e-06      5e-06      6e-06      6e-06      6e-06      6e-06      6e-06      6e-06      6e-06      6e-06      6e-06      6e-06      6e-06      7e-06      7e-06      8e-06      9e-06    1.1e-05    1.4e-05    1.9e-05    2.5e-05    3.4e-05    4.8e-05    6.8e-05    9.4e-05   0.000133   0.000187   0.000262   0.000368   0.000513   0.000714   0.000989   0.001363   0.001871   0.002557   0.003478   0.004708   0.006345   0.008511   0.011362   0.015098   0.019967
         0      1e-06      2e-06      2e-06      3e-06      4e-06      4e-06      4e-06      5e-06      6e-06      6e-06      6e-06      6e-06      6e-06      7e-06      7e-06      6e-06      7e-06      7e-06      7e-06      6e-06      7e-06      7e-06      8e-06      1e-05    1.2e-05    1.5e-05    1.9e-05    2.6e-05    3.7e-05    5.1e-05    7.2e-05   0.000102   0.000144   0.000202   0.000284   0.000398   0.000555   0.000772   0.001069   0.001474   0.002023   0.002765   0.003761   0.005092   0.006862   0.009205   0.012289   0.016329   0.021594
         0      1e-06      2e-06      3e-06      3e-06      4e-06      4e-06      5e-06      5e-06      5e-06      6e-06      6e-06      7e-06      7e-06      7e-06      6e-06      7e-06      7e-06      7e-06      6e-06      6e-06      7e-06      7e-06      8e-06      1e-05    1.2e-05    1.5e-05      2e-05    2.8e-05    3.9e-05    5.5e-05    7.7e-05   0.000108   0.000153   0.000216   0.000303   0.000426   0.000594   0.000827   0.001145   0.001578   0.002167   0.002961   0.004028   0.005455   0.007351    0.00986   0.013164   0.017492   0.023133
         0      1e-06      2e-06      2e-06      3e-06      3e-06      5e-06      5e-06      5e-06      6e-06      6e-06      6e-06      7e-06      7e-06      7e-06      6e-06      7e-06      6e-06      6e-06      6e-06      6e-06      7e-06      8e-06      9e-06      1e-05    1.2e-05    1.6e-05    2.2e-05      3e-05    4.1e-05    5.7e-05    8.2e-05   0.000115   0.000163   0.000229   0.000322   0.000452   0.000631   0.000877   0.001216   0.001676   0.002301   0.003145   0.004279   0.005794   0.007809   0.010476   0.013986   0.018584   0.024577
         0      1e-06      2e-06      3e-06      3e-06      4e-06      5e-06      6e-06      5e-06      6e-06      6e-06      7e-06      7e-06      7e-06      6e-06      6e-06      7e-06      7e-06      6e-06      6e-06      7e-06      6e-06      7e-06      8e-06      1e-05    1.3e-05    1.6e-05    2.2e-05    3.1e-05    4.3e-05      6e-05    8.5e-05   0.000121   0.000171   0.000241    0.00034   0.000475   0.000665   0.000925   0.001282   0.001768   0.002428   0.003318   0.004514   0.006113   0.008239   0.011051   0.014754   0.019604   0.025927
         0      1e-06      2e-06      3e-06      3e-06      4e-06      4e-06      5e-06      5e-06      6e-06      6e-06      7e-06      6e-06      6e-06      6e-06      6e-06      7e-06      7e-06      6e-06      6e-06      7e-06      6e-06      7e-06      8e-06      1e-05    1.3e-05    1.7e-05    2.3e-05    3.2e-05    4.4e-05    6.3e-05    8.9e-05   0.000126   0.000178   0.000253   0.000355   0.000498   0.000697   0.000969   0.001343   0.001853   0.002545   0.003479   0.004732   0.006408   0.008636   0.011585   0.015467   0.020553   0.027182
         0      1e-06      2e-06      3e-06      4e-06      4e-06      5e-06      5e-06      6e-06      6e-06      6e-06      6e-06      7e-06      7e-06      7e-06      7e-06      7e-06      6e-06      6e-06      6e-06      6e-06      7e-06      7e-06      9e-06      1e-05    1.3e-05    1.7e-05    2.3e-05    3.3e-05    4.6e-05    6.5e-05    9.2e-05   0.000131   0.000186   0.000262    0.00037   0.000519   0.000726    0.00101     0.0014   0.001932   0.002653   0.003626   0.004934   0.006681   0.009004   0.012079   0.016127    0.02143   0.028342
         0      1e-06      1e-06      3e-06      3e-06      4e-06      5e-06      5e-06      5e-06      6e-06      6e-06      7e-06      7e-06      6e-06      7e-06      7e-06      6e-06      6e-06      6e-06      6e-06      6e-06      6e-06      7e-06      8e-06      1e-05    1.3e-05    1.8e-05    2.4e-05    3.4e-05    4.8e-05    6.7e-05    9.5e-05   0.000136   0.000192   0.000272   0.000383   0.000538   0.000753   0.001048   0.001453   0.002004   0.002753   0.003763    0.00512   0.006932   0.009344   0.012534   0.016735   0.022238    0.02941
         0      1e-06      2e-06      3e-06      4e-06      4e-06      4e-06      6e-06      6e-06      6e-06      6e-06      7e-06      7e-06      6e-06      6e-06      6e-06      6e-06      6e-06      6e-06      6e-06      6e-06      6e-06      7e-06      8e-06      1e-05    1.3e-05    1.8e-05    2.5e-05    3.4e-05    4.9e-05    6.9e-05    9.9e-05    0.00014   0.000198   0.000281   0.000396   0.000556   0.000778   0.001083   0.001501    0.00207   0.002844   0.003887    0.00529   0.007163   0.009654   0.012951   0.017291   0.022976   0.030388
         0      1e-06      2e-06      3e-06      3e-06      4e-06      5e-06      5e-06      6e-06      6e-06      6e-06      7e-06      6e-06      6e-06      6e-06      6e-06      6e-06      6e-06      6e-06      5e-06      6e-06      7e-06      7e-06      8e-06      1e-05    1.3e-05    1.8e-05    2.5e-05    3.5e-05      5e-05      7e-05   0.000101   0.000143   0.000204   0.000289   0.000407   0.000572     0.0008   0.001114   0.001544   0.002131   0.002927   0.004001   0.005444   0.007373   0.009937    0.01333   0.017798    0.02365   0.031277
         0      1e-06      2e-06      2e-06      3e-06      4e-06      5e-06      6e-06      6e-06      6e-06      6e-06      6e-06      6e-06      6e-06      7e-06      7e-06      6e-06      6e-06      6e-06      6e-06      6e-06      7e-06      7e-06      8e-06    1.1e-05    1.4e-05    1.9e-05    2.6e-05    3.6e-05    5.1e-05    7.3e-05   0.000104   0.000148   0.000209   0.000297   0.000418   0.000587   0.000821   0.001143   0.001584   0.002186   0.003002   0.004105   0.005584   0.007563   0.010193   0.013674   0.018256   0.024259   0.032084
         0      1e-06      2e-06      2e-06      3e-06      4e-06      5e-06      6e-06      6e-06      7e-06      7e-06      7e-06      7e-06      7e-06      6e-06      6e-06      7e-06      6e-06      6e-06      7e-06      7e-06      7e-06      8e-06      9e-06    1.1e-05    1.4e-05    1.9e-05    2.6e-05    3.7e-05    5.2e-05    7.4e-05   0.000107   0.000151   0.000215   0.000303   0.000428   0.000601    0.00084   0.001169   0.001621   0.002236   0.003071   0.004197   0.005712   0.007734   0.010424   0.013984    0.01867   0.024809   0.032811
         0      1e-06      2e-06      3e-06      4e-06      5e-06      5e-06      6e-06      6e-06      7e-06      7e-06      7e-06      7e-06      8e-06      7e-06      7e-06      7e-06      7e-06      7e-06      7e-06      7e-06      8e-06      9e-06      1e-05    1.2e-05    1.5e-05      2e-05    2.8e-05    3.8e-05    5.4e-05    7.7e-05   0.000109   0.000155    0.00022   0.000311   0.000436   0.000614   0.000857   0.001193   0.001653   0.002282   0.003133   0.004282   0.005826   0.007889   0.010632   0.014262   0.019042   0.025302   0.033464
         0      1e-06      2e-06      3e-06      4e-06      5e-06      6e-06      6e-06      7e-06      7e-06      8e-06      8e-06      8e-06      9e-06      8e-06      8e-06      9e-06      8e-06      8e-06      8e-06      8e-06      9e-06      1e-05    1.1e-05    1.3e-05    1.7e-05    2.2e-05      3e-05    4.1e-05    5.6e-05    7.9e-05   0.000112   0.000158   0.000224   0.000317   0.000446   0.000625   0.000873   0.001215   0.001684   0.002322   0.003189   0.004358   0.005928   0.008027   0.010818   0.014512   0.019373   0.025743   0.034046
         0      1e-06      2e-06      3e-06      4e-06      6e-06      7e-06      7e-06      8e-06      8e-06      9e-06      1e-05      1e-05      1e-05      1e-05      1e-05      1e-05      1e-05      1e-05      1e-05    1.1e-05    1.1e-05    1.2e-05    1.3e-05    1.5e-05    1.9e-05    2.4e-05    3.2e-05    4.4e-05      6e-05    8.3e-05   0.000116   0.000163    0.00023   0.000324   0.000455   0.000637   0.000889   0.001236   0.001712    0.00236   0.003239   0.004426    0.00602    0.00815   0.010984   0.014734   0.019669   0.026136   0.034563
         0      2e-06      2e-06      4e-06      6e-06      7e-06      8e-06      9e-06      1e-05    1.1e-05    1.1e-05    1.2e-05    1.2e-05    1.2e-05    1.3e-05    1.3e-05    1.3e-05    1.3e-05    1.3e-05    1.3e-05    1.4e-05    1.4e-05    1.5e-05    1.7e-05    1.9e-05    2.3e-05    2.8e-05    3.6e-05    4.7e-05    6.3e-05    8.8e-05   0.000121   0.000169   0.000237   0.000332   0.000464   0.000649   0.000904   0.001256   0.001738   0.002395   0.003285   0.004488   0.006103   0.008261   0.011132   0.014931   0.019932   0.026483   0.035023
         0      2e-06      3e-06      5e-06      7e-06      8e-06      1e-05    1.1e-05    1.3e-05    1.4e-05    1.4e-05    1.5e-05    1.5e-05    1.6e-05    1.6e-05    1.7e-05    1.7e-05    1.8e-05    1.8e-05    1.8e-05    1.9e-05    1.9e-05      2e-05    2.2e-05    2.4e-05    2.8e-05    3.3e-05    4.2e-05    5.4e-05      7e-05    9.4e-05   0.000127   0.000176   0.000245   0.000341   0.000475   0.000662   0.000921   0.001276   0.001763   0.002428   0.003328   0.004544   0.006178   0.008361   0.011265   0.015107   0.020165   0.026791   0.035427
         0      2e-06      4e-06      6e-06      9e-06    1.1e-05    1.3e-05    1.4e-05    1.6e-05    1.7e-05    1.9e-05    1.9e-05      2e-05    2.2e-05    2.2e-05    2.3e-05    2.3e-05    2.4e-05    2.5e-05    2.5e-05    2.6e-05    2.6e-05    2.8e-05      3e-05    3.2e-05    3.6e-05    4.2e-05      5e-05    6.1e-05    7.8e-05   0.000103   0.000137   0.000186   0.000255   0.000352   0.000488   0.000677   0.000937   0.001296   0.001788   0.002459   0.003369   0.004597   0.006247   0.008452   0.011384   0.015264   0.020372   0.027063   0.035784
         0      3e-06      6e-06      9e-06    1.2e-05    1.4e-05    1.6e-05    1.9e-05    2.2e-05    2.4e-05    2.5e-05    2.6e-05    2.8e-05      3e-05    3.1e-05    3.2e-05    3.3e-05    3.4e-05    3.4e-05    3.5e-05    3.6e-05    3.7e-05    3.8e-05    4.1e-05    4.4e-05    4.7e-05    5.4e-05    6.1e-05    7.3e-05      9e-05   0.000115    0.00015   0.000199    0.00027   0.000367   0.000504   0.000695   0.000957   0.001319   0.001816   0.002492   0.003409   0.004648   0.006312   0.008536   0.011493   0.015406   0.020556   0.027305     0.0361
         0      4e-06      8e-06    1.2e-05    1.6e-05      2e-05    2.2e-05    2.5e-05    2.9e-05    3.1e-05    3.4e-05    3.7e-05    3.9e-05    4.1e-05    4.3e-05    4.4e-05    4.6e-05    4.8e-05    4.9e-05      5e-05    5.1e-05    5.2e-05    5.4e-05    5.6e-05      6e-05    6.3e-05      7e-05    7.8e-05      9e-05   0.000108   0.000133   0.000168   0.000218   0.000288   0.000387   0.000525   0.000717   0.000982   0.001346   0.001846   0.002527   0.003452     0.0047   0.006375   0.008615   0.011594   0.015535   0.020723   0.027521   0.036381
         0      6e-06    1.1e-05    1.6e-05    2.1e-05    2.6e-05    3.1e-05    3.5e-05      4e-05    4.5e-05    4.8e-05    5.1e-05    5.5e-05    5.7e-05      6e-05    6.3e-05    6.5e-05    6.7e-05    6.9e-05      7e-05    7.3e-05    7.4e-05    7.7e-05    7.9e-05    8.3e-05    8.8e-05    9.4e-05   0.000103   0.000115   0.000133   0.000158   0.000194   0.000244   0.000315   0.000414   0.000553   0.000746   0.001013   0.001379   0.001883   0.002568   0.003498   0.004753    0.00644   0.008694   0.011691   0.015656   0.020877   0.027717   0.036631
         0      7e-06    1.5e-05    2.3e-05      3e-05    3.7e-05    4.3e-05    4.9e-05    5.6e-05    6.2e-05    6.8e-05    7.2e-05    7.7e-05    8.2e-05    8.5e-05    8.9e-05    9.2e-05    9.5e-05    9.9e-05   0.000101   0.000104   0.000107   0.000109   0.000112   0.000116   0.000121   0.000127   0.000137    0.00015   0.000168   0.000194   0.000229    0.00028   0.000352   0.000451   0.000592   0.000786   0.001054   0.001423   0.001928   0.002617   0.003553   0.004815    0.00651   0.008776   0.011789   0.015775   0.021023   0.027899   0.036861
         0    1.1e-05    2.1e-05    3.1e-05    4.2e-05    5.1e-05      6e-05    6.9e-05    7.8e-05    8.7e-05    9.4e-05   0.000102   0.000108   0.000115   0.000121   0.000126   0.000131   0.000136    0.00014   0.000143   0.000148   0.000151   0.000155   0.000158   0.000163   0.000169   0.000176   0.000186   0.000199   0.000218   0.000244    0.00028   0.000331   0.000404   0.000504   0.000645   0.000839   0.001109   0.001479   0.001987    0.00268   0.003619   0.004888    0.00659   0.008866   0.011892   0.015896   0.021168   0.028075   0.037077
         0    1.5e-05    2.9e-05    4.4e-05    5.8e-05    7.2e-05    8.5e-05    9.8e-05    0.00011   0.000122   0.000133   0.000144   0.000153   0.000163   0.000171   0.000178   0.000186   0.000192   0.000198   0.000204   0.000209   0.000215    0.00022   0.000224    0.00023   0.000237   0.000245   0.000255    0.00027   0.000288   0.000315   0.000352   0.000404   0.000475   0.000577   0.000717   0.000913   0.001185   0.001557   0.002067   0.002762   0.003705   0.004977   0.006686   0.008972    0.01201   0.016029   0.021321   0.028253   0.037289
         0      2e-05    4.1e-05    6.1e-05    8.1e-05     0.0001   0.000119   0.000137   0.000154   0.000171   0.000187   0.000202   0.000216   0.000229   0.000241   0.000253   0.000262   0.000272   0.000281   0.000289   0.000297   0.000303   0.000311   0.000317   0.000324   0.000332   0.000341   0.000352   0.000367   0.000387   0.000414   0.000451   0.000504   0.000577   0.000679    0.00082   0.001017   0.001288   0.001663   0.002175   0.002872   0.003817   0.005095    0.00681   0.009101   0.012149   0.016181   0.021489   0.028444   0.037508
         0    2.9e-05    5.8e-05    8.6e-05   0.000113    0.00014   0.000167   0.000192   0.000217    0.00024   0.000262   0.000284   0.000303   0.000322    0.00034   0.000355    0.00037   0.000383   0.000396   0.000407   0.000418   0.000428   0.000436   0.000446   0.000455   0.000464   0.000475   0.000488   0.000504   0.000525   0.000553   0.000592   0.000645   0.000717    0.00082   0.000963    0.00116   0.001433   0.001808   0.002322   0.003021   0.003969   0.005249   0.006969   0.009267   0.012322   0.016365   0.021688   0.028661   0.037749
         0    4.1e-05      8e-05    0.00012   0.000158   0.000196   0.000233   0.000269   0.000303   0.000337   0.000368   0.000398   0.000426   0.000452   0.000475   0.000498   0.000519   0.000538   0.000556   0.000572   0.000587   0.000601   0.000614   0.000625   0.000637   0.000649   0.000662   0.000677   0.000695   0.000717   0.000746   0.000786   0.000839   0.000913   0.001017    0.00116   0.001359   0.001633   0.002008   0.002523   0.003224   0.004176   0.005459   0.007182   0.009484   0.012547   0.016599   0.021933   0.028921    0.03803
         0    5.6e-05   0.000112   0.000166   0.000221   0.000274   0.000325   0.000376   0.000424   0.000469   0.000513   0.000555   0.000594   0.000631   0.000665   0.000697   0.000726   0.000753   0.000778     0.0008   0.000821    0.00084   0.000857   0.000873   0.000889   0.000904   0.000921   0.000937   0.000957   0.000982   0.001013   0.001054   0.001109   0.001185   0.001288   0.001433   0.001633   0.001907   0.002284     0.0028   0.003503   0.004456   0.005742   0.007468   0.009775   0.012844   0.016903   0.022247   0.029248   0.038373
         0    7.8e-05   0.000155   0.000231   0.000307   0.000381   0.000452   0.000522   0.000589   0.000653   0.000714   0.000772   0.000827   0.000877   0.000925   0.000969    0.00101   0.001048   0.001083   0.001114   0.001143   0.001169   0.001193   0.001215   0.001236   0.001256   0.001276   0.001296   0.001319   0.001346   0.001379   0.001423   0.001479   0.001557   0.001663   0.001808   0.002008   0.002284   0.002662   0.003179   0.003884   0.004839   0.006126   0.007856   0.010166    0.01324   0.017305   0.022658   0.029668   0.038807
         0   0.000107   0.000215    0.00032   0.000425   0.000527   0.000626   0.000722   0.000815   0.000904   0.000989   0.001069   0.001145   0.001216   0.001282   0.001343     0.0014   0.001453   0.001501   0.001544   0.001584   0.001621   0.001653   0.001684   0.001712   0.001738   0.001763   0.001788   0.001816   0.001846   0.001883   0.001928   0.001987   0.002067   0.002175   0.002322   0.002523     0.0028   0.003179   0.003698   0.004404    0.00536   0.006649   0.008381   0.010695   0.013772   0.017842   0.023202   0.030222   0.039373
         0   0.000148   0.000296   0.000442   0.000585   0.000727   0.000863   0.000996   0.001124   0.001246   0.001363   0.001474   0.001578   0.001676   0.001768   0.001853   0.001932   0.002004    0.00207   0.002131   0.002186   0.002236   0.002282   0.002322    0.00236   0.002395   0.002428   0.002459   0.002492   0.002527   0.002568   0.002617    0.00268   0.002762   0.002872   0.003021   0.003224   0.003503   0.003884   0.004404   0.005111   0.006068    0.00736   0.009094    0.01141   0.014491   0.018565    0.02393   0.030958   0.040117
         0   0.000203   0.000406   0.000606   0.000803   0.000996   0.001184   0.001367   0.001542   0.001711   0.001871   0.002023   0.002167   0.002301   0.002428   0.002545   0.002653   0.002753   0.002844   0.002927   0.003002   0.003071   0.003133   0.003189   0.003239   0.003285   0.003328   0.003369   0.003409   0.003452   0.003498   0.003553   0.003619   0.003705   0.003817   0.003969   0.004176   0.004456   0.004839    0.00536   0.006068   0.007027   0.008321   0.010056   0.012375   0.015458   0.019537   0.024906   0.031939   0.041107
         0   0.000278   0.000554   0.000829   0.001098   0.001361   0.001618   0.001867   0.002108   0.002337   0.002557   0.002765   0.002961   0.003145   0.003318   0.003479   0.003626   0.003763   0.003887   0.004001   0.004105   0.004197   0.004282   0.004358   0.004426   0.004488   0.004544   0.004597   0.004648     0.0047   0.004753   0.004815   0.004888   0.004977   0.005095   0.005249   0.005459   0.005742   0.006126   0.006649    0.00736   0.008321   0.009615   0.011354   0.013675    0.01676   0.020842   0.026214   0.033253   0.042426
         0   0.000378   0.000754   0.001127   0.001493   0.001851   0.002201    0.00254   0.002866   0.003179   0.003478   0.003761   0.004028   0.004279   0.004514   0.004732   0.004934    0.00512    0.00529   0.005444   0.005584   0.005712   0.005826   0.005928    0.00602   0.006103   0.006178   0.006247   0.006312   0.006375    0.00644    0.00651    0.00659   0.006686    0.00681   0.006969   0.007182   0.007468   0.007856   0.008381   0.009094   0.010056   0.011354   0.013093   0.015415   0.018503   0.022587   0.027964   0.035006   0.044184
         0   0.000512   0.001021   0.001525   0.002021   0.002507    0.00298   0.003438    0.00388   0.004304   0.004708   0.005092   0.005455   0.005794   0.006113   0.006408   0.006681   0.006932   0.007163   0.007373   0.007563   0.007734   0.007889   0.008027    0.00815   0.008261   0.008361   0.008452   0.008536   0.008615   0.008694   0.008776   0.008866   0.008972   0.009101   0.009267   0.009484   0.009775   0.010166   0.010695    0.01141   0.012375   0.013675   0.015415   0.017741    0.02083   0.024917   0.030296   0.037341   0.046523
         0   0.000689   0.001376   0.002055   0.002723   0.003378   0.004016   0.004633   0.005229     0.0058   0.006345   0.006862   0.007351   0.007809   0.008239   0.008636   0.009004   0.009344   0.009654   0.009937   0.010193   0.010424   0.010632   0.010818   0.010984   0.011132   0.011265   0.011384   0.011493   0.011594   0.011691   0.011789   0.011892    0.01201   0.012149   0.012322   0.012547   0.012844    0.01324   0.013772   0.014491   0.015458    0.01676   0.018503    0.02083   0.023922    0.02801   0.033392    0.04044   0.049626
         0   0.000925   0.001846   0.002756   0.003652   0.004531   0.005386   0.006215   0.007014   0.007779   0.008511   0.009205    0.00986   0.010476   0.011051   0.011585   0.012079   0.012534   0.012951    0.01333   0.013674   0.013984   0.014262   0.014512   0.014734   0.014931   0.015107   0.015264   0.015406   0.015535   0.015656   0.015775   0.015896   0.016029   0.016181   0.016365   0.016599   0.016903   0.017305   0.017842   0.018565   0.019537   0.020842   0.022587   0.024917    0.02801   0.032101   0.037485   0.044536   0.053725
         0   0.001235   0.002463   0.003679   0.004876   0.006047   0.007189   0.008296   0.009363   0.010386   0.011362   0.012289   0.013164   0.013986   0.014754   0.015467   0.016127   0.016735   0.017291   0.017798   0.018256    0.01867   0.019042   0.019373   0.019669   0.019932   0.020165   0.020372   0.020556   0.020723   0.020877   0.021023   0.021168   0.021321   0.021489   0.021688   0.021933   0.022247   0.022658   0.023202    0.02393   0.024906   0.026214   0.027964   0.030296   0.033392   0.037485   0.042872   0.049924   0.059115
         0    0.00164   0.003273   0.004888   0.006479   0.008035   0.009553   0.011024    0.01244     0.0138   0.015098   0.016329   0.017492   0.018584   0.019604   0.020553    0.02143   0.022238   0.022976    0.02365   0.024259   0.024809   0.025302   0.025743   0.026136   0.026483   0.026791   0.027063   0.027305   0.027521   0.027717   0.027899   0.028075   0.028253   0.028444   0.028661   0.028921   0.029248   0.029668   0.030222   0.030958   0.031939   0.033253   0.035006   0.037341    0.04044   0.044536   0.049924   0.056979   0.066173
         0    0.00217   0.004328   0.006465   0.008567   0.010627   0.012633   0.014578   0.016453    0.01825   0.019967   0.021594   0.023133   0.024577   0.025927   0.027182   0.028342    0.02941   0.030388   0.031277   0.032084   0.032811   0.033464   0.034046   0.034563   0.035023   0.035427   0.035784     0.0361   0.036381   0.036631   0.036861   0.037077   0.037289   0.037508   0.037749    0.03803   0.038373   0.038807   0.039373   0.040117   0.041107   0.042426   0.044184   0.046523   0.049626   0.053725   0.059115   0.066173   0.075368