         0          0          0          0          0          0          0          0          0          0          0          0          0          0          0          0          0          0          0          0          0          0          0          0          0          0          0          0          0          0          0          0          0          0          0          0          0          0          0          0          0          0          0          0          0          0          0          0          0          0
         0      1e-06      1e-06      1e-06      3e-06      3e-06      4e-06      4e-06      5e-06      7e-06      9e-06    1.2e-05    1.4e-05    1.8e-05    2.2e-05    2.9e-05    3.6e-05    4.6e-05    5.8e-05    7.3e-05    9.3e-05   0.000117   0.000149   0.000188   0.000237   0.000298   0.000374   0.000468   0.000585    0.00073   0.000907   0.001126   0.001394    0.00172   0.002118     0.0026   0.003183   0.003887   0.004734   0.005751   0.006965   0.008415   0.010138   0.012182   0.014596   0.017443   0.020788   0.024708   0.029288   0.034623
         0      1e-06      2e-06      4e-06      4e-06      6e-06      7e-06      9e-06    1.2e-05    1.4e-05    1.9e-05    2.3e-05    2.8e-05    3.6e-05    4.5e-05    5.7e-05    7.2e-05    9.2e-05   0.000116   0.000147   0.000186   0.000235   0.000297   0.000375   0.000473   0.000595   0.000747   0.000936    0.00117   0.001458   0.001814    0.00225   0.002784   0.003436   0.004229   0.005192   0.006357   0.007763   0.009455   0.011484   0.013911   0.016806   0.020247   0.024327    0.02915   0.034834   0.041515   0.049343   0.058488   0.069142
         0      1e-06      4e-06      5e-06      7e-06      9e-06    1.1e-05    1.5e-05    1.8e-05    2.2e-05    2.8e-05    3.5e-05    4.4e-05    5.5e-05    6.9e-05    8.7e-05   0.000109   0.000137   0.000175   0.000221   0.000279   0.000354   0.000446   0.000563   0.000709   0.000892   0.001119   0.001401   0.001751   0.002183   0.002714   0.003367   0.004166   0.005142   0.006329    0.00777   0.009513   0.011617   0.014148   0.017185   0.020816   0.025147   0.030297   0.036401   0.043618   0.052124    0.06212   0.073833   0.087517   0.103458
         0      3e-06      4e-06      7e-06      9e-06    1.2e-05    1.6e-05    1.9e-05    2.4e-05    3.1e-05    3.8e-05    4.7e-05    5.9e-05    7.3e-05    9.2e-05   0.000116   0.000146   0.000185   0.000233   0.000295   0.000373   0.000471   0.000595   0.000749   0.000944   0.001187   0.001488   0.001864   0.002329   0.002902   0.003608   0.004476   0.005538   0.006834   0.008412   0.010327   0.012643   0.015438   0.018802   0.022836   0.027661   0.033415   0.040257   0.048369   0.057959   0.069261   0.082542   0.098106   0.116289    0.13747
         0      3e-06      6e-06      9e-06    1.2e-05    1.6e-05    2.1e-05    2.6e-05    3.2e-05    3.9e-05    4.9e-05      6e-05    7.5e-05    9.3e-05   0.000117   0.000147   0.000185   0.000232   0.000293   0.000369   0.000466   0.000589   0.000743   0.000936   0.001178    0.00148   0.001856   0.002323   0.002901   0.003615   0.004494   0.005573   0.006895   0.008509   0.010471   0.012855   0.015738   0.019217   0.023402   0.028422   0.034428   0.041589   0.050103   0.060198   0.072131   0.086197   0.102726   0.122094   0.144722   0.171081
         0      4e-06      7e-06    1.1e-05    1.6e-05    2.1e-05    2.6e-05    3.2e-05      4e-05    4.9e-05    6.1e-05    7.5e-05    9.3e-05   0.000115   0.000143   0.000178   0.000224   0.000281   0.000354   0.000445   0.000561   0.000707   0.000892   0.001122   0.001411   0.001771    0.00222   0.002777   0.003468    0.00432    0.00537   0.006658   0.008235    0.01016   0.012503   0.015348    0.01879   0.022941   0.027938   0.033929   0.041097   0.049643   0.059806   0.071855   0.086098   0.102886   0.122614   0.145731   0.172739   0.204199
         0      4e-06      9e-06    1.5e-05    1.9e-05    2.6e-05    3.2e-05      4e-05      5e-05      6e-05    7.4e-05    9.1e-05   0.000111   0.000138    0.00017   0.000212   0.000265   0.000332   0.000416   0.000523   0.000657   0.000827   0.001041   0.001308   0.001642   0.002061   0.002581   0.003228   0.004028   0.005016   0.006233   0.007727   0.009555   0.011787   0.014504   0.017801   0.021791   0.026605   0.032396   0.039342   0.047651    0.05756   0.069341   0.083309   0.099821   0.119283   0.142154   0.168953   0.200262   0.236734
         0      5e-06    1.2e-05    1.8e-05    2.4e-05    3.2e-05      4e-05      5e-05      6e-05    7.4e-05    8.9e-05   0.000108   0.000133   0.000163   0.000201   0.000249   0.000308   0.000384    0.00048   0.000602   0.000755   0.000948    0.00119   0.001493   0.001874   0.002349   0.002939   0.003673   0.004582   0.005703   0.007083   0.008778   0.010853   0.013385   0.016467   0.020208   0.024735   0.030197   0.036767   0.044649   0.054076   0.065319   0.078685   0.094533   0.113267   0.135348   0.161296   0.191702   0.227224   0.268604
         0      7e-06    1.4e-05    2.2e-05    3.1e-05    3.9e-05    4.9e-05      6e-05    7.4e-05    8.9e-05   0.000107    0.00013   0.000157   0.000191   0.000234   0.000288   0.000355    0.00044   0.000548   0.000684   0.000856   0.001071   0.001342   0.001681   0.002106   0.002636   0.003295   0.004114   0.005128   0.006379    0.00792   0.009811   0.012126   0.014953   0.018392   0.022566   0.027617   0.033712   0.041043   0.049838   0.060356   0.072901   0.087817   0.105499   0.126403   0.151041   0.179995   0.213922   0.253558   0.299731
         0      9e-06    1.9e-05    2.8e-05    3.8e-05    4.9e-05    6.1e-05    7.4e-05    8.9e-05   0.000107   0.000128   0.000154   0.000185   0.000224   0.000271   0.000332   0.000407   0.000501   0.000621   0.000771    0.00096   0.001198   0.001497   0.001871   0.002339   0.002923    0.00365   0.004551   0.005668   0.007046   0.008743   0.010825   0.013375   0.016487   0.020274    0.02487   0.030432   0.037142   0.045215   0.054899    0.06648   0.080291   0.096714   0.116185   0.139201   0.166328   0.198208   0.235563   0.279206   0.330044
         0    1.2e-05    2.3e-05    3.5e-05    4.7e-05      6e-05    7.5e-05    9.1e-05   0.000108    0.00013   0.000154   0.000183   0.000218   0.000262   0.000315   0.000381   0.000464   0.000568   0.000699   0.000863    0.00107    0.00133   0.001656   0.002065   0.002574   0.003211   0.004003   0.004986   0.006202   0.007704   0.009552    0.01182   0.014597   0.017987   0.022112   0.027117   0.033175   0.040484   0.049276   0.059822   0.072436   0.087477   0.105364   0.126569   0.151636   0.181179     0.2159   0.256583   0.304113    0.35948
         0    1.4e-05    2.8e-05    4.4e-05    5.9e-05    7.5e-05    9.3e-05   0.000111   0.000133   0.000157   0.000185   0.000218   0.000258   0.000306   0.000365   0.000438   0.000529   0.000643   0.000785   0.000964   0.001188    0.00147   0.001823   0.002264   0.002815   0.003503   0.004359    0.00542   0.006734   0.008354    0.01035   0.012798   0.015795   0.019453   0.023905   0.029308   0.035845   0.043732   0.053221   0.064603   0.078214   0.094447   0.113749   0.136633   0.163685   0.195567   0.233036    0.27694   0.328233   0.387983
         0    1.8e-05    3.6e-05    5.5e-05    7.3e-05    9.3e-05   0.000115   0.000138   0.000163   0.000191   0.000224   0.000262   0.000306   0.000359   0.000424   0.000505   0.000604   0.000728   0.000882   0.001075   0.001316    0.00162   0.001999   0.002472   0.003065   0.003802   0.004719   0.005857   0.007264      0.009   0.011137    0.01376    0.01697   0.020887   0.025655    0.03144   0.038441   0.046886   0.057047   0.069234   0.083811   0.101193   0.121861   0.146365   0.175331   0.209471   0.249592   0.296603   0.351527   0.415506
         0    2.2e-05    4.5e-05    6.9e-05    9.2e-05   0.000117   0.000143    0.00017   0.000201   0.000234   0.000271   0.000315   0.000365   0.000424   0.000497   0.000585   0.000693   0.000826   0.000993   0.001201   0.001459   0.001783   0.002188   0.002694   0.003326   0.004111   0.005087   0.006299   0.007796   0.009644   0.011918   0.014708   0.018124   0.022291   0.027362   0.033516   0.040963   0.049946   0.060752   0.073716   0.089219   0.107707    0.12969   0.155753    0.18656   0.222872   0.265545   0.315546   0.373962    0.44201
         0    2.9e-05    5.7e-05    8.7e-05   0.000116   0.000147   0.000178   0.000212   0.000249   0.000288   0.000332   0.000381   0.000438   0.000505   0.000585   0.000682   0.000799   0.000943   0.001121   0.001344   0.001621   0.001965   0.002396   0.002934   0.003603   0.004435    0.00547   0.006752   0.008337   0.010292   0.012698   0.015649   0.019261   0.023669   0.029032   0.035539   0.043413   0.052912    0.06434   0.078046    0.09444   0.113988   0.137232    0.16479   0.197365   0.235759    0.28088   0.333749   0.395516   0.467467
         0    3.6e-05    7.2e-05   0.000109   0.000146   0.000185   0.000224   0.000265   0.000308   0.000355   0.000407   0.000464   0.000529   0.000604   0.000693   0.000799   0.000926   0.001082   0.001275   0.001512   0.001806   0.002172   0.002628   0.003196   0.003903   0.004781   0.005871   0.007222   0.008891    0.01095   0.013482   0.016589   0.020389   0.025026   0.030669   0.037515   0.045799   0.055792   0.067812   0.082231   0.099474   0.120038   0.144489   0.173476   0.207741   0.248127   0.295588   0.351199   0.416171   0.491854
         0    4.6e-05    9.2e-05   0.000137   0.000185   0.000232   0.000281   0.000332   0.000384    0.00044   0.000501   0.000568   0.000643   0.000728   0.000826   0.000943   0.001082   0.001251   0.001457   0.001711   0.002023   0.002411   0.002892    0.00349   0.004234   0.005157   0.006301   0.007718   0.009468   0.011626   0.014279   0.017534   0.021515   0.026372   0.032282   0.039451   0.048125   0.058589   0.071175   0.086273   0.104328   0.125859   0.151461   0.181811   0.217688   0.259974   0.309667   0.367894    0.43592   0.515162
         0    5.8e-05   0.000116   0.000175   0.000233   0.000293   0.000354   0.000416    0.00048   0.000548   0.000621   0.000699   0.000785   0.000882   0.000993   0.001121   0.001275   0.001457   0.001678   0.001948    0.00228    0.00269   0.003197   0.003825   0.004606   0.005572    0.00677   0.008251    0.01008   0.012332   0.015102   0.018497   0.022651   0.027718   0.033881   0.041358   0.050404   0.061316   0.074441   0.090184   0.109011   0.131463   0.158157   0.189804   0.227215   0.271306   0.323121   0.383834   0.454765   0.537391
         0    7.3e-05   0.000147   0.000221   0.000295   0.000369   0.000445   0.000523   0.000602   0.000684   0.000771   0.000863   0.000964   0.001075   0.001201   0.001344   0.001512   0.001711   0.001948   0.002237   0.002589   0.003022   0.003555   0.004215    0.00503    0.00604    0.00729   0.008832   0.010736    0.01308   0.015961   0.019492    0.02381   0.029075   0.035481    0.04325   0.052649   0.063986   0.077623   0.093979   0.113538   0.136862   0.164593    0.19747   0.236332   0.282135   0.335961   0.399032   0.472716   0.558548
         0    9.3e-05   0.000186   0.000279   0.000373   0.000466   0.000561   0.000657   0.000755   0.000856    0.00096    0.00107   0.001188   0.001316   0.001459   0.001621   0.001806   0.002023    0.00228   0.002589   0.002964   0.003421   0.003982   0.004672   0.005525   0.006577   0.007876   0.009479   0.011456   0.013889   0.016875   0.020535   0.025009   0.030464   0.037098   0.045146   0.054879   0.066619    0.08074   0.097674   0.117926   0.142074   0.170786   0.204825    0.24506   0.292481   0.348209   0.413507   0.489793   0.578657
         0   0.000117   0.000235   0.000354   0.000471   0.000589   0.000707   0.000827   0.000948   0.001071   0.001198    0.00133    0.00147    0.00162   0.001783   0.001965   0.002172   0.002411    0.00269   0.003022   0.003421   0.003905   0.004494   0.005217   0.006106   0.007201   0.008551   0.010213   0.012261   0.014776   0.017866   0.021648   0.026272   0.031907   0.038759   0.047068   0.057117   0.069237   0.083814   0.101295     0.1222   0.147127   0.176763   0.211896   0.253425   0.302372   0.359891   0.427287   0.506026   0.597746
         0   0.000149   0.000297   0.000446   0.000595   0.000743   0.000892   0.001041    0.00119   0.001342   0.001497   0.001656   0.001823   0.001999   0.002188   0.002396   0.002628   0.002892   0.003197   0.003555   0.003982   0.004494   0.005115   0.005872   0.006799   0.007938   0.009337   0.011058   0.013174   0.015772   0.018959    0.02286   0.027624    0.03343   0.040487   0.049044   0.059392   0.071871   0.086876   0.104872   0.126391   0.152049   0.182554   0.218717   0.261462   0.311841   0.371044   0.440414   0.521455   0.615858
         0   0.000188   0.000375   0.000563   0.000749   0.000936   0.001122   0.001308   0.001493   0.001681   0.001871   0.002065   0.002264   0.002472   0.002694   0.002934   0.003196    0.00349   0.003825   0.004215   0.004672   0.005217   0.005872   0.006666   0.007633   0.008816   0.010267   0.012045   0.014229   0.016908   0.020189   0.024201   0.029101   0.035069    0.04232   0.051111    0.06174   0.074555   0.089964   0.108443   0.130538   0.156882   0.188201   0.225329   0.269214   0.320936   0.381717   0.452932   0.536133   0.633049
         0   0.000237   0.000473   0.000709   0.000944   0.001178   0.001411   0.001642   0.001874   0.002106   0.002339   0.002574   0.002815   0.003065   0.003326   0.003603   0.003903   0.004234   0.004606    0.00503   0.005525   0.006106   0.006799   0.007633   0.008643   0.009874   0.011375   0.013214   0.015464    0.01822   0.021593   0.025715   0.030743   0.036864   0.044299   0.053311   0.064203   0.077335   0.093123   0.112054   0.134688   0.161674   0.193755   0.231784   0.276734   0.329711   0.391965   0.464906   0.550123   0.649387
         0   0.000298   0.000595   0.000892   0.001187    0.00148   0.001771   0.002061   0.002349   0.002636   0.002923   0.003211   0.003503   0.003802   0.004111   0.004435   0.004781   0.005157   0.005572    0.00604   0.006577   0.007201   0.007938   0.008816   0.009874   0.011153   0.012709   0.014607   0.016926   0.019759   0.023222   0.027448   0.032599   0.038866   0.046477   0.055696   0.066837   0.080265   0.096408   0.115761   0.138899   0.166483   0.199275   0.238144   0.284088   0.338233    0.40186    0.47641   0.563503   0.664953
         0   0.000374   0.000747   0.001119   0.001488   0.001856    0.00222   0.002581   0.002939   0.003295    0.00365   0.004003   0.004359   0.004719   0.005087    0.00547   0.005871   0.006301    0.00677    0.00729   0.007876   0.008551   0.009337   0.010267   0.011375   0.012709   0.014324   0.016284   0.018672   0.021583   0.025133   0.029462   0.034732   0.041139   0.048915    0.05833   0.069704   0.083411   0.099885   0.119633    0.14324   0.171382   0.204834   0.244486   0.291352   0.346583   0.411485   0.487527   0.576364   0.679845
         0   0.000468   0.000936   0.001401   0.001864   0.002323   0.002777   0.003228   0.003673   0.004114   0.004551   0.004986    0.00542   0.005857   0.006299   0.006752   0.007222   0.007718   0.008251   0.008832   0.009479   0.010213   0.011058   0.012045   0.013214   0.014607   0.016284   0.018311   0.020771   0.023761     0.0274   0.031829   0.037215   0.043756   0.051689    0.06129   0.072885   0.086851   0.103635   0.123751   0.147795   0.176456   0.210521   0.250898    0.29862   0.354857    0.42094   0.498365   0.588817   0.694177
         0   0.000585    0.00117   0.001751   0.002329   0.002901   0.003468   0.004028   0.004582   0.005128   0.005668   0.006202   0.006734   0.007264   0.007796   0.008337   0.008891   0.009468    0.01008   0.010736   0.011456   0.012261   0.013174   0.014229   0.015464   0.016926   0.018672   0.020771   0.023306   0.026378   0.030107   0.034636   0.040135   0.046807   0.054891   0.064669    0.07647   0.090682   0.107756   0.128214   0.152664   0.181804    0.21644   0.257487      0.306   0.363168   0.430341   0.509045   0.600987   0.708082
         0    0.00073   0.001458   0.002183   0.002902   0.003615    0.00432   0.005016   0.005703   0.006379   0.007046   0.007704   0.008354      0.009   0.009644   0.010292    0.01095   0.011626   0.012332    0.01308   0.013889   0.014776   0.015772   0.016908    0.01822   0.019759   0.021583   0.023761   0.026378   0.029537   0.033358   0.037988     0.0436     0.0504    0.05863   0.068576   0.080573   0.095016   0.112361   0.133138   0.157965   0.187552   0.222712   0.264381   0.313623   0.371648   0.439829   0.519708   0.613023   0.721717
         0   0.000907   0.001814   0.002714   0.003608   0.004494    0.00537   0.006233   0.007083    0.00792   0.008743   0.009552    0.01035   0.011137   0.011918   0.012698   0.013482   0.014279   0.015102   0.015961   0.016875   0.017866   0.018959   0.020189   0.021593   0.023222   0.025133     0.0274   0.030107   0.033358   0.037277   0.042012   0.047738   0.054664   0.063036   0.073145   0.085329   0.099989   0.117588   0.138663   0.163841    0.19384   0.229486   0.271726   0.321641   0.380455   0.449561   0.530521   0.625097   0.735257
         0   0.001126    0.00225   0.003367   0.004476   0.005573   0.006658   0.007727   0.008778   0.009811   0.010825    0.01182   0.012798    0.01376   0.014708   0.015649   0.016589   0.017534   0.018497   0.019492   0.020535   0.021648    0.02286   0.024201   0.025715   0.027448   0.029462   0.031829   0.034636   0.037988   0.042012   0.046856   0.052699   0.059752   0.068265   0.078531   0.090896   0.105762     0.1236   0.144954   0.170458   0.200839   0.236934   0.279701   0.330234   0.389774   0.459727   0.541678   0.637409   0.748913
         0   0.001394   0.002784   0.004166   0.005538   0.006895   0.008235   0.009555   0.010853   0.012126   0.013375   0.014597   0.015795    0.01697   0.018124   0.019261   0.020389   0.021515   0.022651    0.02381   0.025009   0.026272   0.027624   0.029101   0.030743   0.032599   0.034732   0.037215   0.040135     0.0436   0.047738   0.052699   0.058665   0.065847   0.074502   0.084923   0.097463   0.112527   0.130591   0.152207   0.178014    0.20875   0.245259   0.288512   0.339611   0.399816   0.470546   0.553403    0.65019    0.76292
         0    0.00172   0.003436   0.005142   0.006834   0.008509    0.01016   0.011787   0.013385   0.014953   0.016487   0.017987   0.019453   0.020887   0.022291   0.023669   0.025026   0.026372   0.027718   0.029075   0.030464   0.031907    0.03343   0.035069   0.036864   0.038866   0.041139   0.043756   0.046807     0.0504   0.054664   0.059752   0.065847   0.073167   0.081964   0.092542   0.105253   0.120508   0.138788   0.160651   0.186743   0.217808     0.2547   0.298399   0.350021   0.410834   0.482273   0.565958   0.663707   0.777554
         0   0.002118   0.004229   0.006329   0.008412   0.010471   0.012503   0.014504   0.016467   0.018392   0.020274   0.022112   0.023905   0.025655   0.027362   0.029032   0.030669   0.032282   0.033881   0.035481   0.037098   0.038759   0.040487    0.04232   0.044299   0.046477   0.048915   0.051689   0.054891    0.05863   0.063036   0.068265   0.074502   0.081964   0.090913   0.101649    0.11453   0.129972   0.148461   0.170559   0.196919   0.228291   0.265539   0.309649   0.361749   0.423118   0.495205   0.579644   0.678268   0.793132
         0     0.0026   0.005192    0.00777   0.010327   0.012855   0.015348   0.017801   0.020208   0.022566    0.02487   0.027117   0.029308    0.03144   0.033516   0.035539   0.037515   0.039451   0.041358    0.04325   0.045146   0.047068   0.049044   0.051111   0.053311   0.055696    0.05833    0.06129   0.064669   0.068576   0.073145   0.078531   0.084923   0.092542   0.101649   0.112549   0.125604   0.141232   0.159924   0.182249   0.208863   0.240522     0.2781   0.322591   0.375131   0.437009   0.509687   0.594812   0.694232   0.810018
         0   0.003183   0.006357   0.009513   0.012643   0.015738    0.01879   0.021791   0.024735   0.027617   0.030432   0.033175   0.035845   0.038441   0.040963   0.043413   0.045799   0.048125   0.050404   0.052649   0.054879   0.057117   0.059392    0.06174   0.064203   0.066837   0.069704   0.072885    0.07647   0.080573   0.085329   0.090896   0.097463   0.105253    0.11453   0.125604   0.138837   0.154654   0.173548   0.196092   0.222949   0.254883   0.292769   0.337613   0.390556   0.452902   0.526119   0.611868   0.712009   0.828629
         0   0.003887   0.007763   0.011617   0.015438   0.019217   0.022941   0.026605   0.030197   0.033712   0.037142   0.040484   0.043732   0.046886   0.049946   0.052912   0.055792   0.058589   0.061316   0.063986   0.066619   0.069237   0.071871   0.074555   0.077335   0.080265   0.083411   0.086851   0.090682   0.095016   0.099989   0.105762   0.112527   0.120508   0.129972   0.141232   0.154654   0.170665   0.189762   0.212524   0.239617   0.271811   0.309989   0.355161   0.408479   0.471253   0.544962   0.631279   0.732075   0.849449
         0   0.004734   0.009455   0.014148   0.018802   0.023402   0.027938   0.032396   0.036767   0.041043   0.045215   0.049276   0.053221   0.057047   0.060752    0.06434   0.067812   0.071175   0.074441   0.077623    0.08074   0.083814   0.086876   0.089964   0.093123   0.096408   0.099885   0.103635   0.107756   0.112361   0.117588     0.1236   0.130591   0.138788   0.148461   0.159924   0.173548   0.189762   0.209068   0.232048   0.259374   0.291821   0.330276   0.375757   0.429423   0.492592   0.566753   0.653584   0.754974   0.873031
         0   0.005751   0.011484   0.017185   0.022836   0.028422   0.033929   0.039342   0.044649   0.049838   0.054899   0.059822   0.064603   0.069234   0.073716   0.078046   0.082231   0.086273   0.090184   0.093979   0.097674   0.101295   0.104872   0.108443   0.112054   0.115761   0.119633   0.123751   0.128214   0.133138   0.138663   0.144954   0.152207   0.160651   0.170559   0.182249   0.196092   0.212524   0.232048   0.255252   0.282811   0.315506   0.354228   0.400003   0.453995    0.51753   0.592104   0.679406   0.781334   0.900007
         0   0.006965   0.013911   0.020816   0.027661   0.034428   0.041097   0.047651   0.054076   0.060356    0.06648   0.072436   0.078214   0.083811   0.089219    0.09444   0.099474   0.104328   0.109011   0.113538   0.117926     0.1222   0.126391   0.130538   0.134688   0.138899    0.14324   0.147795   0.152664   0.157965   0.163841   0.170458   0.178014   0.186743   0.196919   0.208863   0.222949   0.239617   0.259374   0.282811   0.310609    0.34355   0.382534   0.428591   0.482893   0.546769   0.621725   0.709459   0.811875   0.931106
         0   0.008415   0.016806   0.025147   0.033415   0.041589   0.049643    0.05756   0.065319   0.072901   0.080291   0.087477   0.094447   0.101193   0.107707   0.113988   0.120038   0.125859   0.131463   0.136862   0.142074   0.147127   0.152049   0.156882   0.161674   0.166483   0.171382   0.176456   0.181804   0.187552    0.19384   0.200839    0.20875   0.217808   0.228291   0.240522   0.254883   0.271811   0.291821   0.315506    0.34355   0.376743   0.415988    0.46232   0.516917   0.581115   0.656428   0.744557    0.84742   0.967155
         0   0.010138   0.020247   0.030297   0.040257   0.050103   0.059806   0.069341   0.078685   0.087817   0.096714   0.105364   0.113749   0.121861    0.12969   0.137232   0.144489   0.151461   0.158157   0.164593   0.170786   0.176763   0.182554   0.188201   0.193755   0.199275   0.204834   0.210521    0.21644   0.222712   0.229486   0.236934   0.245259     0.2547   0.265539     0.2781   0.292769   0.309989   0.330276   0.354228   0.382534   0.415988   0.455499   0.502104   0.556987   0.621493    0.69714   0.785638    0.88891   1.009105
         0   0.012182   0.024327   0.036401   0.048369   0.060198   0.071855   0.083309   0.094533   0.105499   0.116185   0.126569   0.136633   0.146365   0.155753    0.16479   0.173476   0.181811   0.189804    0.19747   0.204825   0.211896   0.218717   0.225329   0.231784   0.238144   0.244486   0.250898   0.257487   0.264381   0.271726   0.279701   0.288512   0.298399   0.309649   0.322591   0.337613   0.355161   0.375757   0.400003   0.428591    0.46232   0.502104   0.548985   0.604153   0.668956   0.744921   0.833764   0.937415   1.058027
         0   0.014596    0.02915   0.043618   0.057959   0.072131   0.086098   0.099821   0.113267   0.126403   0.139201   0.151636   0.163685   0.175331    0.18656   0.197365   0.207741   0.217688   0.227215   0.236332    0.24506   0.253425   0.261462   0.269214   0.276734   0.284088   0.291352    0.29862      0.306   0.313623   0.321641   0.330234   0.339611   0.350021   0.361749   0.375131   0.390556   0.408479   0.429423   0.453995   0.482893   0.516917   0.556987   0.604153   0.659608   0.724705   0.800976   0.890146   0.994149   1.115147
         0   0.017443   0.034834   0.052124   0.069261   0.086197   0.102886   0.119283   0.135348   0.151041   0.166328   0.181179   0.195567   0.209471   0.222872   0.235759   0.248127   0.259974   0.271306   0.282135   0.292481   0.302372   0.311841   0.320936   0.329711   0.338233   0.346583   0.354857   0.363168   0.371648   0.380455   0.389774   0.399816   0.410834   0.423118   0.437009   0.452902   0.471253   0.492592    0.51753   0.546769   0.581115   0.621493   0.668956   0.724705   0.790097   0.866671   0.956154    1.06049   1.181847
         0   0.020788   0.041515    0.06212   0.082542   0.102726   0.122614   0.142154   0.161296   0.179995   0.198208     0.2159   0.233036   0.249592   0.265545    0.28088   0.295588   0.309667   0.323121   0.335961   0.348209   0.359891   0.371044   0.381717   0.391965    0.40186   0.411485    0.42094   0.430341   0.439829   0.449561   0.459727   0.470546   0.482273   0.495205   0.509687   0.526119   0.544962   0.566753   0.592104   0.621725   0.656428    0.69714   0.744921   0.800976   0.866671   0.943545   1.033336   1.137991   1.259683
         0   0.024708   0.049343   0.073833   0.098106   0.122094   0.145731   0.168953   0.191702   0.213922   0.235563   0.256583    0.27694   0.296603   0.315546   0.333749   0.351199   0.367894   0.383834   0.399032   0.413507   0.427287   0.440414   0.452932   0.464906    0.47641   0.487527   0.498365   0.509045   0.519708   0.530521   0.541678   0.553403   0.565958   0.579644   0.594812   0.611868   0.631279   0.653584   0.679406   0.709459   0.744557   0.785638   0.833764   0.890146   0.956154   1.033336   1.123432   1.228397   1.350412
         0   0.029288   0.058488   0.087517   0.116289   0.144722   0.172739   0.200262   0.227224   0.253558   0.279206   0.304113   0.328233   0.351527   0.373962   0.395516   0.416171    0.43592   0.454765   0.472716   0.489793   0.506026   0.521455   0.536133   0.550123   0.563503   0.576364   0.588817   0.600987   0.613023   0.625097   0.637409    0.65019   0.663707   0.678268   0.694232   0.712009   0.732075   0.754974   0.781334   0.811875    0.84742    0.88891   0.937415   0.994149    1.06049   1.137991   1.228397    1.33367   1.455994
         0   0.034623   0.069142   0.103458    0.13747   0.171081   0.204199   0.236734   0.268604   0.299731   0.330044    0.35948   0.387983   0.415506    0.44201   0.467467   0.491854   0.515162   0.537391   0.558548   0.578657   0.597746   0.615858   0.633049   0.649387   0.664953   0.679845   0.694177   0.708082   0.721717   0.735257   0.748913    0.76292   0.777554   0.793132   0.810018   0.828629   0.849449   0.873031   0.900007   0.931106   0.967155   1.009105   1.058027   1.115147   1.181847   1.259683   1.350412   1.455994   1.578627