         0          0          0          0          0          0          0          0          0          0          0          0          0          0          0          0          0          0          0          0          0          0          0          0          0          0          0          0          0          0          0          0          0          0          0          0          0          0          0          0          0          0          0          0          0          0          0          0          0          0
         0    2.4e-05      5e-05    7.6e-05   0.000104   0.000134   0.000166   0.000201   0.000242   0.000287   0.000338   0.000398   0.000466   0.000546   0.000638   0.000746   0.000873    0.00102   0.001194   0.001397   0.001636   0.001916   0.002242   0.002624    0.00307   0.003591   0.004197   0.004902    0.00572   0.006666   0.007761   0.009025   0.010481   0.012155   0.014076   0.016276    0.01879   0.021658   0.024923   0.028632   0.032837   0.037595   0.042967    0.04902   0.055827   0.063465   0.072019   0.081579   0.092241   0.104107
         0      5e-05     0.0001   0.000154   0.000209   0.000269   0.000334   0.000406   0.000487   0.000577   0.000681     0.0008   0.000937   0.001097   0.001281   0.001498   0.001751   0.002047   0.002394   0.002801   0.003278   0.003837    0.00449   0.005253   0.006146   0.007186   0.008397   0.009805   0.011438   0.013331   0.015519   0.018044   0.020953   0.024298   0.028135    0.03253   0.037554   0.043284   0.049807   0.057218   0.065619   0.075125   0.085857   0.097952   0.111551   0.126812   0.143902   0.163001   0.184302    0.20801
         0    7.6e-05   0.000154   0.000233   0.000319    0.00041   0.000509   0.000617   0.000739   0.000876   0.001033   0.001212   0.001418   0.001658   0.001936   0.002261   0.002641   0.003086   0.003607   0.004217   0.004931   0.005769   0.006748   0.007893   0.009229   0.010787   0.012601    0.01471   0.017157   0.019991   0.023267    0.02705   0.031406   0.036415   0.042162   0.048744   0.056266   0.064847   0.074615   0.085712   0.098292   0.112526   0.128598   0.146707   0.167071   0.189923   0.215515   0.244115    0.27601   0.311509
         0   0.000104   0.000209   0.000319   0.000434   0.000557   0.000691   0.000839   0.001002   0.001188   0.001398   0.001638   0.001915   0.002236   0.002609   0.003043    0.00355   0.004143   0.004838   0.005651   0.006604   0.007719   0.009023   0.010547   0.012327     0.0144   0.016815    0.01962   0.022876   0.026647   0.031006   0.036037   0.041833   0.048496   0.056141   0.064897   0.074903   0.086317   0.099309   0.114069   0.130803   0.149736   0.171114   0.195202   0.222289   0.252684   0.286724   0.324765   0.367191   0.414408
         0   0.000134   0.000269    0.00041   0.000557   0.000715   0.000885   0.001074   0.001282   0.001516   0.001782   0.002085   0.002434   0.002837   0.003305    0.00385   0.004485   0.005227   0.006096   0.007112   0.008302   0.009694   0.011322   0.013224   0.015443    0.01803   0.021041   0.024538   0.028597   0.033298   0.038732   0.045004   0.052227    0.06053   0.070059   0.080971    0.09344   0.107665   0.123856    0.14225   0.163104   0.186697   0.213336   0.243354   0.277108   0.314985   0.357402   0.404807   0.457674   0.516514
         0   0.000166   0.000334   0.000509   0.000691   0.000885   0.001096   0.001327   0.001582   0.001868   0.002192    0.00256   0.002982   0.003469   0.004034    0.00469   0.005454   0.006347   0.007389   0.008609   0.010036   0.011703   0.013654   0.015931   0.018587   0.021684   0.025285   0.029471   0.034326   0.039947   0.046446   0.053945   0.062583   0.072513   0.083905   0.096952   0.111861   0.128866   0.148224   0.170215   0.195145   0.223352   0.255199   0.291085   0.331437   0.376719   0.427428   0.484099     0.5473   0.617642
         0   0.000201   0.000406   0.000617   0.000839   0.001074   0.001327   0.001603   0.001908   0.002249   0.002633   0.003068   0.003567   0.004141   0.004804   0.005572   0.006467   0.007511   0.008729   0.010151   0.011815   0.013757   0.016028   0.018679   0.021769   0.025369   0.029558   0.034423   0.040066   0.046599   0.054152   0.062865   0.072901   0.084437   0.097671   0.112826   0.130146     0.1499   0.172386   0.197929   0.226886    0.25965   0.296641   0.338322   0.385192   0.437786   0.496685   0.562507   0.635915   0.717615
         0   0.000242   0.000487   0.000739   0.001002   0.001282   0.001582   0.001908   0.002267   0.002666   0.003113    0.00362   0.004198   0.004861   0.005625   0.006509   0.007536   0.008732   0.010125   0.011751   0.013651   0.015868   0.018458   0.021479      0.025     0.0291   0.033868   0.039406   0.045828   0.053262   0.061854   0.071766   0.083181   0.096302   0.111353   0.128589   0.148284   0.170748   0.196317   0.225363    0.25829   0.295544   0.337606      0.385   0.438293   0.498095   0.565065   0.639906   0.723373   0.816267
         0   0.000287   0.000577   0.000876   0.001188   0.001516   0.001868   0.002249   0.002666   0.003127   0.003643   0.004225   0.004885    0.00564   0.006509   0.007512   0.008674   0.010023   0.011594   0.013425    0.01556   0.018051   0.020958   0.024346   0.028294    0.03289   0.038232   0.044433   0.051624   0.059946   0.069563   0.080656    0.09343    0.10811   0.124952   0.144234   0.166268   0.191398   0.220001   0.252492   0.289326   0.330998   0.378047   0.431059    0.49067   0.557562    0.63247   0.716182   0.809542   0.913446
         0   0.000338   0.000681   0.001033   0.001398   0.001782   0.002192   0.002633   0.003113   0.003643   0.004232   0.004894   0.005642   0.006494   0.007472   0.008596   0.009895   0.011401   0.013152   0.015188   0.017561   0.020325   0.023547     0.0273   0.031671   0.036755   0.042664   0.049522   0.057469   0.066667   0.077292   0.089547   0.103657   0.119871   0.138471   0.159764   0.184096   0.211844   0.243427   0.279301   0.319968   0.365977   0.417922   0.476451   0.542263   0.616112   0.698813   0.791232   0.894302   1.009012
         0   0.000398     0.0008   0.001212   0.001638   0.002085    0.00256   0.003068    0.00362   0.004225   0.004894   0.005642   0.006483   0.007438   0.008528   0.009778    0.01122   0.012886   0.014818   0.017062   0.019673    0.02271   0.026247   0.030363   0.035153   0.040722   0.047189   0.054693   0.063386   0.073444   0.085061   0.098457   0.113878   0.131597   0.151921   0.175187   0.201771   0.232086   0.266588   0.305778   0.350202    0.40046   0.457201   0.521133    0.59302   0.673686   0.764017   0.864965   0.977546    1.10284
         0   0.000466   0.000937   0.001418   0.001915   0.002434   0.002982   0.003567   0.004198   0.004885   0.005642   0.006483   0.007425    0.00849   0.009699   0.011082    0.01267   0.014501   0.016618   0.019072   0.021921   0.025232   0.029083    0.03356   0.038766   0.044812   0.051832   0.059973     0.0694   0.080302   0.092893   0.107409   0.124115   0.143309   0.165321   0.190518   0.219306   0.252131    0.28949   0.331922   0.380021   0.434432   0.495863   0.565078   0.642904   0.730232   0.828024   0.937308   1.059184   1.194823
         0   0.000546   0.001097   0.001658   0.002236   0.002837   0.003469   0.004141   0.004861    0.00564   0.006494   0.007438    0.00849   0.009671   0.011007   0.012528   0.014269    0.01627   0.018577   0.021246   0.024337   0.027924   0.032088   0.036925   0.042542   0.049063   0.056628   0.065395   0.075544   0.087276   0.100821   0.116432   0.134397   0.155034   0.178697    0.20578    0.23672   0.271999   0.312145   0.357742   0.409427   0.467893     0.5339   0.608268   0.691888   0.785716   0.890785   1.008201   1.139145   1.284874
         0   0.000638   0.001281   0.001936   0.002609   0.003305   0.004034   0.004804   0.005625   0.006509   0.007472   0.008528   0.009699   0.011007    0.01248   0.014149    0.01605   0.018227   0.020731   0.023618   0.026955   0.030819   0.035298   0.040494   0.046521   0.053512   0.061613   0.070998   0.081856   0.094403   0.108883   0.125568   0.144762   0.166807   0.192082   0.221006   0.254046   0.291714   0.334578   0.383259   0.438436   0.500852   0.571315   0.650702   0.739961   0.840117   0.952271   1.077603   1.217373   1.372925
         0   0.000746   0.001498   0.002261   0.003043    0.00385    0.00469   0.005572   0.006509   0.007512   0.008596   0.009778   0.011082   0.012528   0.014149   0.015974   0.018047    0.02041   0.023116   0.026229   0.029817   0.033962   0.038758   0.044313   0.050749   0.058205   0.066838   0.076831   0.088386   0.101732   0.117127   0.134861   0.155257   0.178676   0.205522   0.236239   0.271322   0.311317   0.356824   0.408504   0.467077   0.533331   0.608124   0.692388    0.78713   0.893433    1.01247   1.145492   1.293837    1.45893
         0   0.000873   0.001751   0.002641    0.00355   0.004485   0.005454   0.006467   0.007536   0.008674   0.009895    0.01122    0.01267   0.014269    0.01605   0.018047     0.0203    0.02286    0.02578   0.029125    0.03297   0.037403   0.042521   0.048436   0.055279   0.063197   0.072358   0.082951   0.095191    0.10932   0.125612    0.14437   0.165938   0.190697   0.219071   0.251533   0.288602   0.330858   0.378932   0.433523   0.495391    0.56537   0.644364   0.733358   0.833414    0.94568   1.071391   1.211868   1.368525   1.542868
         0    0.00102   0.002047   0.003086   0.004143   0.005227   0.006347   0.007511   0.008732   0.010023   0.011401   0.012886   0.014501    0.01627   0.018227    0.02041    0.02286   0.025628   0.028772   0.032361   0.036474   0.041201   0.046644   0.052924   0.060176   0.068555   0.078238   0.089424   0.102339   0.117237   0.134405   0.154165   0.176876   0.202938   0.232799   0.266955   0.305954   0.350401   0.400965   0.458376   0.523437   0.597023   0.680084   0.773657   0.878858   0.996894   1.129062   1.276752   1.441453   1.624743
         0   0.001194   0.002394   0.003607   0.004838   0.006096   0.007389   0.008729   0.010125   0.011594   0.013152   0.014818   0.016618   0.018577   0.020731   0.023116    0.02578   0.028772   0.032156   0.036003   0.040393   0.045423     0.0512   0.057851   0.065515   0.074355   0.084558   0.096331   0.109911   0.125564   0.143592   0.164328   0.188153   0.215484    0.24679   0.282589   0.323458   0.370029   0.423002   0.483142   0.551291   0.628363   0.715356   0.813353   0.923524   1.047132   1.185536   1.340193   1.512657   1.704587
         0   0.001397   0.002801   0.004217   0.005651   0.007112   0.008609   0.010151   0.011751   0.013425   0.015188   0.017062   0.019072   0.021246   0.023618   0.026229   0.029125   0.032361   0.036003   0.040121   0.044805    0.05015   0.056272   0.063299   0.071381   0.080686   0.091407   0.103763      0.118   0.134396   0.153265   0.174958   0.199868   0.228433   0.261142   0.298536   0.341215    0.38984   0.445141   0.507919   0.579049   0.659485   0.750271   0.852534   0.967497   1.096477   1.240891   1.402261   1.582208   1.782462
         0   0.001636   0.003278   0.004931   0.006604   0.008302   0.010036   0.011815   0.013651    0.01556   0.017561   0.019673   0.021921   0.024337   0.026955   0.029817    0.03297   0.036474   0.040393   0.044805   0.049798   0.055475   0.061953   0.069369   0.077876   0.087649   0.098891   0.111828   0.126716   0.143845    0.16354   0.186167   0.212136   0.241901   0.275972    0.31491   0.359342   0.409952   0.467503   0.532823   0.606826   0.690505   0.784943   0.891312   1.010888   1.145036   1.295233   1.463058   1.650201   1.858461
         0   0.001916   0.003837   0.005769   0.007719   0.009694   0.011703   0.013757   0.015868   0.018051   0.020325    0.02271   0.025232   0.027924   0.030819   0.033962   0.037403   0.041201   0.045423    0.05015   0.055475   0.061502   0.068354   0.076172   0.085114   0.095366   0.107133   0.120651   0.136186   0.154039   0.174548   0.198092   0.225093   0.256027   0.291419   0.331854   0.377978   0.430506   0.490225   0.557995   0.634765   0.721562   0.819511   0.929828   1.053833   1.192945   1.348694   1.522718   1.716767   1.932708
         0   0.002242    0.00449   0.006748   0.009023   0.011322   0.013654   0.016028   0.018458   0.020958   0.023547   0.026247   0.029083   0.032088   0.035298   0.038758   0.042521   0.046644     0.0512   0.056272   0.061953   0.068354     0.0756   0.083839   0.093232   0.103973   0.116271   0.130375   0.146558   0.165129   0.186441   0.210883   0.238895   0.270967   0.307642   0.349527   0.397288   0.451666   0.513473   0.583602    0.66303   0.752823   0.854143   0.968247   1.096501   1.240371   1.401441   1.581404    1.78207   2.005368
         0   0.002624   0.005253   0.007893   0.010547   0.013224   0.015931   0.018679   0.021479   0.024346     0.0273   0.030363    0.03356   0.036925   0.040494   0.044313   0.048436   0.052924   0.057851   0.063299   0.069369   0.076172   0.083839   0.092519   0.102383   0.113626   0.126471   0.141166   0.157998   0.177287   0.199394    0.22472   0.253723   0.286904   0.324828   0.368116    0.41746   0.473622   0.537441   0.609838   0.691818   0.784487   0.889036   1.006769    1.13909   1.287514   1.453675   1.639317   1.846309   2.076641
         0    0.00307   0.006146   0.009229   0.012327   0.015443   0.018587   0.021769      0.025   0.028294   0.031671   0.035153   0.038766   0.042542   0.046521   0.050749   0.055279   0.060176   0.065515   0.071381   0.077876   0.085114   0.093232   0.102383   0.112742    0.12451   0.137914   0.153214   0.170702    0.19071   0.213606   0.239809   0.269784   0.304051   0.343188    0.38784   0.438715   0.496598   0.562351   0.636927   0.721358    0.81678   0.924423   1.045626   1.181835   1.334611   1.505632   1.696696   1.909726   2.146769
         0   0.003591   0.007186   0.010787     0.0144    0.01803   0.021684   0.025369     0.0291    0.03289   0.036755   0.040722   0.044812   0.049063   0.053512   0.058205   0.063197   0.068555   0.074355   0.080686   0.087649   0.095366   0.103973   0.113626    0.12451   0.136827   0.150814   0.166735   0.184891   0.205623    0.22931   0.256381   0.287315   0.322647   0.362969   0.408944     0.4613   0.520844   0.588462   0.665129    0.75191   0.849969    0.96057   1.085088   1.225009   1.381935    1.55759   1.753822   1.972604   2.216037
         0   0.004197   0.008397   0.012601   0.016815   0.021041   0.025285   0.029558   0.033868   0.038232   0.042664   0.047189   0.051832   0.056628   0.061613   0.066838   0.072358   0.078238   0.084558   0.091407   0.098891   0.107133   0.116271   0.126471   0.137914   0.150814    0.16541   0.181973   0.200815   0.222282   0.246765   0.274703   0.306588   0.342966   0.384449   0.431712   0.485504   0.546653   0.616065   0.694742   0.783774   0.884356   0.997783   1.125466   1.268925   1.429805   1.609872    1.81102   2.035271    2.28478
         0   0.004902   0.009805    0.01471    0.01962   0.024538   0.029471   0.034423   0.039406   0.044433   0.049522   0.054693   0.059973   0.065395   0.070998   0.076831   0.082951   0.089424   0.096331   0.103763   0.111828   0.120651   0.130375   0.141166   0.153214   0.166735   0.181973    0.19921    0.21876    0.24098   0.266269   0.295077   0.327908   0.365322   0.407944   0.456465   0.511653   0.574353   0.645496   0.726104   0.817295    0.92029   1.036416   1.167113   1.313943   1.478584   1.662844   1.868661   2.098106    2.35338
         0    0.00572   0.011438   0.017157   0.022876   0.028597   0.034326   0.040066   0.045828   0.051624   0.057469   0.063386     0.0694   0.075544   0.081856   0.088386   0.095191   0.102339   0.109911      0.118   0.126716   0.136186   0.146558   0.157998   0.170702   0.184891   0.200815    0.21876   0.239048   0.262044   0.288156   0.317846   0.351625   0.390068   0.433813   0.483568   0.540115    0.60432   0.677133   0.759598    0.85286   0.958163   1.076863   1.210435    1.36047   1.528685   1.716926   1.927173   2.161539   2.422276
         0   0.006666   0.013331   0.019991   0.026647   0.033298   0.039947   0.046599   0.053262   0.059946   0.066667   0.073444   0.080302   0.087276   0.094403   0.101732    0.10932   0.117237   0.125564   0.134396   0.143845   0.154039   0.165129   0.177287    0.19071   0.205623   0.222282    0.24098   0.262044   0.285847   0.312808   0.343394    0.37813   0.417603   0.462462   0.513431   0.571307   0.636975   0.711403   0.795659   0.890907   0.998418   1.119578   1.255886   1.408969   1.580577   1.772592   1.987035   2.226061   2.491964
         0   0.007761   0.015519   0.023267   0.031006   0.038732   0.046446   0.054152   0.061854   0.069563   0.077292   0.085061   0.092893   0.100821   0.108883   0.117127   0.125612   0.134405   0.143592   0.153265    0.16354   0.174548   0.186441   0.199394   0.213606    0.22931   0.246765   0.266269   0.288156   0.312808   0.340648   0.372156   0.407866   0.448374   0.494345   0.546515   0.605699   0.672794    0.74879   0.834773    0.93193   1.041557   1.165064    1.30398   1.459959   1.634785   1.830377    2.04879   2.292219   2.563003
         0   0.009025   0.018044    0.02705   0.036037   0.045004   0.053945   0.062865   0.071766   0.080656   0.089547   0.098457   0.107409   0.116432   0.125568   0.134861    0.14437   0.154165   0.164328   0.174958   0.186167   0.198092   0.210883    0.22472   0.239809   0.256381   0.274703   0.295077   0.317846   0.343394   0.372156   0.404618   0.441326   0.482886   0.529975   0.583341   0.643814   0.712309   0.789831   0.877488   0.976484    1.08814   1.213891    1.35529   1.514022   1.691901   1.890879   2.113044   2.360631   2.636018
         0   0.010481   0.020953   0.031406   0.041833   0.052227   0.062583   0.072901   0.083181    0.09343   0.103657   0.113878   0.124115   0.134397   0.144762   0.155257   0.165938   0.176876   0.188153   0.199868   0.212136   0.225093   0.238895   0.253723   0.269784   0.287315   0.306588   0.327908   0.351625    0.37813   0.407866   0.441326   0.479065   0.521701   0.569921   0.624487   0.686242   0.756116   0.835132   0.924413   1.025187   1.138794    1.26669   1.410459   1.571809   1.752583   1.954764   2.180474   2.431983   2.711706
         0   0.012155   0.024298   0.036415   0.048496    0.06053   0.072513   0.084437   0.096302    0.10811   0.119871   0.131597   0.143309   0.155034   0.166807   0.178676   0.190697   0.202938   0.215484   0.228433   0.241901   0.256027   0.270967   0.286904   0.304051   0.322647   0.342966   0.365322   0.390068   0.417603   0.448374   0.482886   0.521701   0.565448   0.614822   0.670601   0.733638   0.804879   0.885363   0.976231   1.078728   1.194215   1.324172   1.470203   1.634043   1.817564   2.022775   2.251833   2.507039   2.790843
         0   0.014076   0.028135   0.042162   0.056141   0.070059   0.083905   0.097671   0.111353   0.124952   0.138471   0.151921   0.165321   0.178697   0.192082   0.205522   0.219071   0.232799    0.24679   0.261142   0.275972   0.291419   0.307642   0.324828   0.343188   0.362969   0.384449   0.407944   0.433813   0.462462   0.494345   0.529975   0.569921   0.614822   0.665386   0.722399   0.786729   0.859336   0.941273   1.033697   1.137873   1.255179   1.387117   1.535313   1.701527   1.887655   2.095736   2.327955   2.586643   2.874286
         0   0.016276    0.03253   0.048744   0.064897   0.080971   0.096952   0.112826   0.128589   0.144234   0.159764   0.175187   0.190518    0.20578   0.221006   0.236239   0.251533   0.266955   0.282589   0.298536    0.31491   0.331854   0.349527   0.368116    0.38784   0.408944   0.431712   0.456465   0.483568   0.513431   0.546515   0.583341   0.624487   0.670601   0.722399    0.78068   0.846325   0.920305    1.00369   1.097651    1.20347   1.322544   1.456394   1.606668   1.775149   1.963757   2.174557    2.40976    2.67173   2.962982
         0    0.01879   0.037554   0.056266   0.074903    0.09344   0.111861   0.130146   0.148284   0.166268   0.184096   0.201771   0.219306    0.23672   0.254046   0.271322   0.288602   0.305954   0.323458   0.341215   0.359342   0.377978   0.397288    0.41746   0.438715     0.4613   0.485504   0.511653   0.540115   0.571307   0.605699   0.643814   0.686242   0.733638   0.786729   0.846325   0.913318   0.988691   1.073529   1.169017   1.276455   1.397257   1.532962   1.685238   1.855889   2.046859   2.260239   2.498264   2.763327    3.05797
         0   0.021658   0.043284   0.064847   0.086317   0.107665   0.128866     0.1499   0.170748   0.191398   0.211844   0.232086   0.252131   0.271999   0.291714   0.311317   0.330858   0.350401   0.370029    0.38984   0.409952   0.430506   0.451666   0.473622   0.496598   0.520844   0.546653   0.574353    0.60432   0.636975   0.672794   0.712309   0.756116   0.804879   0.859336   0.920305   0.988691    1.06549   1.151799   1.248818   1.357861   1.480361   1.617874   1.772087   1.944824   2.138052   2.353883    2.59458   2.862559   3.160391
         0   0.024923   0.049807   0.074615   0.099309   0.123856   0.148224   0.172386   0.196317   0.220001   0.243427   0.266588    0.28949   0.312145   0.334578   0.356824   0.378932   0.400965   0.423002   0.445141   0.467503   0.490225   0.513473   0.537441   0.562351   0.588462   0.616065   0.645496   0.677133   0.711403    0.74879   0.789831   0.835132   0.885363   0.941273    1.00369   1.073529   1.151799   1.239609   1.338174   1.448823   1.573003   1.712288   1.868385   2.043136   2.238529   2.456697   2.699928   2.970661   3.271494
         0   0.028632   0.057218   0.085712   0.114069    0.14225   0.170215   0.197929   0.225363   0.252492   0.279301   0.305778   0.331922   0.357742   0.383259   0.408504   0.433523   0.458376   0.483142   0.507919   0.532823   0.557995   0.583602   0.609838   0.636927   0.665129   0.694742   0.726104   0.759598   0.795659   0.834773   0.877488   0.924413   0.976231   1.033697   1.097651   1.169017   1.248818   1.338174   1.438313    1.55058   1.676435   1.817472   1.975412   2.152117   2.349595       2.57    2.81564   3.088979    3.39264
         0   0.032837   0.065619   0.098292   0.130803   0.163104   0.195145   0.226886    0.25829   0.289326   0.319968   0.350202   0.380021   0.409427   0.438436   0.467077   0.495391   0.523437   0.551291   0.579049   0.606826   0.634765    0.66303   0.691818   0.721358    0.75191   0.783774   0.817295    0.85286   0.890907    0.93193   0.976484   1.025187   1.078728   1.137873    1.20347   1.276455   1.357861   1.448823    1.55058    1.66449   1.792031   1.934809   2.094565   2.273179   2.472675   2.695229   2.943169    3.21898   3.525311
         0   0.037595   0.075125   0.112526   0.149736   0.186697   0.223352    0.25965   0.295544   0.330998   0.365977    0.40046   0.434432   0.467893   0.500852   0.533331    0.56537   0.597023   0.628363   0.659485   0.690505   0.721562   0.752823   0.784487    0.81678   0.849969   0.884356    0.92029   0.958163   0.998418   1.041557    1.08814   1.138794   1.194215   1.255179   1.322544   1.397257   1.480361   1.573003   1.676435   1.792031   1.921281   2.065808   2.227367   2.407856   2.609318   2.833947   3.084091   3.362257   3.671114
         0   0.042967   0.085857   0.128598   0.171114   0.213336   0.255199   0.296641   0.337606   0.378047   0.417922   0.457201   0.495863     0.5339   0.571315   0.608124   0.644364   0.680084   0.715356   0.750271   0.784943   0.819511   0.854143   0.889036   0.924423    0.96057   0.997783   1.036416   1.076863   1.119578   1.165064   1.213891    1.26669   1.324172   1.387117   1.456394   1.532962   1.617874   1.712288   1.817472   1.934809   2.065808   2.212103   2.375467   2.557814   2.761204   2.987848   3.240116   3.520534   3.831789
         0    0.04902   0.097952   0.146707   0.195202   0.243354   0.291085   0.338322      0.385   0.431059   0.476451   0.521133   0.565078   0.608268   0.650702   0.692388   0.733358   0.773657   0.813353   0.852534   0.891312   0.929828   0.968247   1.006769   1.045626   1.085088   1.125466   1.167113   1.210435   1.255886    1.30398    1.35529   1.410459   1.470203   1.535313   1.606668   1.685238   1.772087   1.868385   1.975412   2.094565   2.227367   2.375467   2.540653   2.724854    2.93015   3.158768   3.413094   3.695675   4.009218
         0   0.055827   0.111551   0.167071   0.222289   0.277108   0.331437   0.385192   0.438293    0.49067   0.542263    0.59302   0.642904   0.691888   0.739961    0.78713   0.833414   0.878858   0.923524   0.967497   1.010888   1.053833   1.096501    1.13909   1.181835   1.225009   1.268925   1.313943    1.36047   1.408969   1.459959   1.514022   1.571809   1.634043   1.701527   1.775149   1.855889   1.944824   2.043136   2.152117   2.273179   2.407856   2.557814   2.724854   2.910925   3.118118    3.34868   3.605015   3.889687   4.205424
         0   0.063465   0.126812   0.189923   0.252684   0.314985   0.376719   0.437786   0.498095   0.557562   0.616112   0.673686   0.730232   0.785716   0.840117   0.893433    0.94568   0.996894   1.047132   1.096477   1.145036   1.192945   1.240371   1.287514   1.334611   1.381935   1.429805   1.478584   1.528685   1.580577   1.634785   1.691901   1.752583   1.817564   1.887655   1.963757   2.046859   2.138052   2.238529   2.349595   2.472675   2.609318   2.761204    2.93015   3.118118   3.327217   3.559712   3.818022    4.10473   4.422581
         0   0.072019   0.143902   0.215515   0.286724   0.357402   0.427428   0.496685   0.565065    0.63247   0.698813   0.764017   0.828024   0.890785   0.952271    1.01247   1.071391   1.129062   1.185536   1.240891   1.295233   1.348694   1.401441   1.453675   1.505632    1.55759   1.609872   1.662844   1.716926   1.772592   1.830377   1.890879   1.954764   2.022775   2.095736   2.174557   2.260239   2.353883   2.456697       2.57   2.695229   2.833947   2.987848   3.158768    3.34868   3.559712   3.794143   4.054411   4.343116   4.663018
         0   0.081579   0.163001   0.244115   0.324765   0.404807   0.484099   0.562507   0.639906   0.716182   0.791232   0.864965   0.937308   1.008201   1.077603   1.145492   1.211868   1.276752   1.340193   1.402261   1.463058   1.522718   1.581404   1.639317   1.696696   1.753822    1.81102   1.868661   1.927173   1.987035    2.04879   2.113044   2.180474   2.251833   2.327955    2.40976   2.498264    2.59458   2.699928    2.81564   2.943169   3.084091   3.240116   3.413094   3.605015   3.818022   4.054411   4.316637   4.607314   4.929225
         0   0.092241   0.184302    0.27601   0.367191   0.457674     0.5473   0.635915   0.723373   0.809542   0.894302   0.977546   1.059184   1.139145   1.217373   1.293837   1.368525   1.441453   1.512657   1.582208   1.650201   1.716767    1.78207   1.846309   1.909726   1.972604   2.035271   2.098106   2.161539   2.226061   2.292219   2.360631   2.431983   2.507039   2.586643    2.67173   2.763327   2.862559   2.970661   3.088979    3.21898   3.362257   3.520534   3.695675   3.889687    4.10473   4.343116   4.607314    4.89996   5.223848
         0   0.104107    0.20801   0.311509   0.414408   0.516514   0.617642   0.717615   0.816267   0.913446   1.009012    1.10284   1.194823   1.284874   1.372925    1.45893   1.542868   1.624743   1.704587   1.782462   1.858461   1.932708   2.005368   2.076641   2.146769   2.216037    2.28478    2.35338   2.422276   2.491964   2.563003   2.636018   2.711706   2.790843   2.874286   2.962982    3.05797   3.160391   3.271494    3.39264   3.525311   3.671114   3.831789   4.009218   4.205424   4.422581   4.663018   4.929225   5.223848   5.549704