         0          0          0          0          0          0          0          0          0          0          0          0          0          0          0          0          0          0          0          0          0          0          0          0          0          0          0          0          0          0          0          0          0          0          0          0          0          0          0          0          0          0          0          0          0          0          0          0          0          0
         0          0      1e-06          0          0      1e-06      1e-06      1e-06      2e-06      1e-06      1e-06      1e-06      2e-06      1e-06      2e-06      1e-06      1e-06      1e-06      1e-06      1e-06      1e-06      1e-06      1e-06      1e-06      1e-06      1e-06      1e-06      1e-06      2e-06      2e-06      1e-06      1e-06      1e-06      1e-06      2e-06      2e-06      3e-06      4e-06      4e-06      6e-06      9e-06    1.2e-05    1.9e-05    2.7e-05      4e-05    5.8e-05    8.5e-05   0.000123   0.000178   0.000256
         0      1e-06          0      1e-06      1e-06      2e-06      2e-06      2e-06      2e-06      2e-06      2e-06      2e-06      3e-06      3e-06      2e-06      2e-06      2e-06      2e-06      2e-06      2e-06      2e-06      2e-06      2e-06      2e-06      2e-06      2e-06      2e-06      2e-06      3e-06      2e-06      2e-06      2e-06      3e-06      3e-06      3e-06      4e-06      5e-06      7e-06      8e-06    1.2e-05    1.7e-05    2.6e-05    3.7e-05    5.4e-05    7.9e-05   0.000116   0.000169   0.000246   0.000355   0.000509
         0          0      1e-06      2e-06      2e-06      2e-06      2e-06      3e-06      3e-06      3e-06      3e-06      4e-06      4e-06      4e-06      4e-06      4e-06      4e-06      3e-06      3e-06      4e-06      3e-06      3e-06      3e-06      3e-06      3e-06      3e-06      3e-06      3e-06      3e-06      3e-06      4e-06      3e-06      3e-06      4e-06      5e-06      6e-06      7e-06      9e-06    1.2e-05    1.8e-05    2.6e-05    3.7e-05    5.5e-05    8.1e-05   0.000118   0.000173   0.000253   0.000366   0.000529    0.00076
         0          0      1e-06      2e-06      2e-06      3e-06      3e-06      4e-06      4e-06      4e-06      5e-06      5e-06      4e-06      5e-06      5e-06      5e-06      5e-06      5e-06      4e-06      4e-06      4e-06      4e-06      4e-06      4e-06      4e-06      4e-06      4e-06      4e-06      4e-06      4e-06      4e-06      4e-06      4e-06      5e-06      6e-06      7e-06      9e-06    1.2e-05    1.7e-05    2.4e-05    3.4e-05    4.9e-05    7.2e-05   0.000107   0.000156   0.000228   0.000333   0.000485     0.0007   0.001006
         0      1e-06      2e-06      2e-06      3e-06      4e-06      4e-06      5e-06      5e-06      5e-06      5e-06      6e-06      6e-06      6e-06      5e-06      6e-06      5e-06      5e-06      6e-06      6e-06      5e-06      5e-06      4e-06      4e-06      5e-06      5e-06      5e-06      4e-06      5e-06      4e-06      5e-06      5e-06      5e-06      6e-06      7e-06      8e-06    1.1e-05    1.5e-05      2e-05    2.9e-05    4.2e-05    6.1e-05      9e-05   0.000132   0.000193   0.000283   0.000412   0.000599   0.000865   0.001244
         0      1e-06      2e-06      2e-06      3e-06      4e-06      4e-06      6e-06      6e-06      6e-06      7e-06      6e-06      6e-06      7e-06      6e-06      7e-06      6e-06      6e-06      6e-06      6e-06      6e-06      6e-06      5e-06      5e-06      5e-06      5e-06      5e-06      5e-06      5e-06      5e-06      5e-06      6e-06      6e-06      7e-06      8e-06      1e-05    1.3e-05    1.7e-05    2.4e-05    3.4e-05      5e-05    7.2e-05   0.000106   0.000156   0.000228   0.000335   0.000488    0.00071   0.001026   0.001473
         0      1e-06      2e-06      3e-06      4e-06      5e-06      6e-06      6e-06      7e-06      7e-06      7e-06      7e-06      7e-06      8e-06      7e-06      7e-06      7e-06      6e-06      7e-06      6e-06      6e-06      6e-06      6e-06      6e-06      5e-06      5e-06      6e-06      6e-06      5e-06      5e-06      6e-06      6e-06      7e-06      7e-06      9e-06    1.1e-05    1.5e-05    1.9e-05    2.7e-05    3.9e-05    5.7e-05    8.3e-05   0.000122   0.000179   0.000263   0.000385   0.000561   0.000816   0.001179   0.001694
         0      2e-06      2e-06      3e-06      4e-06      5e-06      6e-06      7e-06      7e-06      8e-06      8e-06      7e-06      8e-06      8e-06      8e-06      8e-06      8e-06      7e-06      7e-06      6e-06      6e-06      6e-06      6e-06      6e-06      6e-06      6e-06      5e-06      6e-06      5e-06      6e-06      6e-06      7e-06      7e-06      8e-06      9e-06    1.2e-05    1.6e-05    2.1e-05      3e-05    4.3e-05    6.3e-05    9.3e-05   0.000136     0.0002   0.000294   0.000431   0.000631   0.000917   0.001325   0.001904
         0      1e-06      2e-06      3e-06      4e-06      5e-06      6e-06      7e-06      8e-06      8e-06      8e-06      8e-06      9e-06      8e-06      8e-06      8e-06      8e-06      8e-06      8e-06      7e-06      6e-06      7e-06      7e-06      6e-06      6e-06      6e-06      5e-06      6e-06      6e-06      6e-06      6e-06      7e-06      8e-06      8e-06    1.1e-05    1.3e-05    1.7e-05    2.3e-05    3.3e-05    4.7e-05    6.9e-05   0.000101   0.000149    0.00022   0.000325   0.000477   0.000696   0.001012   0.001463   0.002103
         0      1e-06      2e-06      3e-06      5e-06      5e-06      7e-06      7e-06      8e-06      8e-06      8e-06      9e-06      9e-06      8e-06      9e-06      8e-06      8e-06      7e-06      7e-06      7e-06      6e-06      6e-06      6e-06      6e-06      6e-06      5e-06      5e-06      6e-06      6e-06      5e-06      6e-06      7e-06      7e-06      9e-06      1e-05    1.4e-05    1.8e-05    2.4e-05    3.5e-05    5.1e-05    7.5e-05   0.000109   0.000163    0.00024   0.000353   0.000518   0.000757     0.0011   0.001592   0.002289
         0      1e-06      2e-06      4e-06      5e-06      6e-06      6e-06      7e-06      7e-06      8e-06      9e-06      9e-06      9e-06      9e-06      8e-06      8e-06      7e-06      7e-06      7e-06      6e-06      6e-06      6e-06      6e-06      5e-06      5e-06      6e-06      5e-06      5e-06      5e-06      6e-06      6e-06      7e-06      8e-06      8e-06      1e-05    1.4e-05    1.8e-05    2.6e-05    3.7e-05    5.4e-05      8e-05   0.000117   0.000173   0.000257   0.000379   0.000557   0.000814   0.001184   0.001712   0.002462
         0      2e-06      3e-06      4e-06      4e-06      6e-06      6e-06      7e-06      8e-06      9e-06      9e-06      9e-06      9e-06      9e-06      9e-06      8e-06      8e-06      7e-06      7e-06      6e-06      6e-06      5e-06      6e-06      5e-06      5e-06      5e-06      4e-06      5e-06      4e-06      5e-06      5e-06      6e-06      7e-06      9e-06      1e-05    1.4e-05    1.9e-05    2.7e-05    3.9e-05    5.7e-05    8.4e-05   0.000125   0.000184   0.000273   0.000403   0.000593   0.000867   0.001261   0.001824   0.002623
         0      1e-06      3e-06      4e-06      5e-06      6e-06      7e-06      8e-06      8e-06      8e-06      8e-06      9e-06      9e-06      8e-06      8e-06      7e-06      7e-06      7e-06      6e-06      6e-06      6e-06      5e-06      4e-06      5e-06      5e-06      4e-06      4e-06      4e-06      5e-06      5e-06      4e-06      6e-06      6e-06      8e-06      1e-05    1.4e-05    1.9e-05    2.7e-05      4e-05    5.9e-05    8.8e-05    0.00013   0.000194   0.000288   0.000425   0.000626   0.000915   0.001332   0.001926    0.00277
         0      2e-06      2e-06      4e-06      5e-06      5e-06      6e-06      7e-06      8e-06      8e-06      9e-06      8e-06      9e-06      8e-06      8e-06      7e-06      7e-06      7e-06      6e-06      5e-06      6e-06      5e-06      4e-06      4e-06      3e-06      4e-06      4e-06      4e-06      4e-06      4e-06      4e-06      5e-06      5e-06      8e-06      9e-06    1.4e-05    1.9e-05    2.8e-05    4.1e-05    6.1e-05    9.1e-05   0.000136   0.000203   0.000301   0.000445   0.000655   0.000959   0.001396    0.00202   0.002905
         0      1e-06      2e-06      4e-06      5e-06      6e-06      7e-06      7e-06      8e-06      8e-06      8e-06      8e-06      8e-06      7e-06      7e-06      7e-06      7e-06      6e-06      5e-06      5e-06      5e-06      4e-06      3e-06      3e-06      3e-06      3e-06      3e-06      3e-06      3e-06      3e-06      4e-06      4e-06      5e-06      7e-06      1e-05    1.3e-05      2e-05    2.9e-05    4.2e-05    6.3e-05    9.4e-05   0.000142   0.000211   0.000313   0.000463   0.000682   0.000999   0.001454   0.002104   0.003027
         0      1e-06      2e-06      4e-06      5e-06      5e-06      6e-06      7e-06      8e-06      8e-06      8e-06      7e-06      8e-06      7e-06      7e-06      7e-06      6e-06      6e-06      5e-06      4e-06      4e-06      3e-06      3e-06      3e-06      3e-06      2e-06      2e-06      2e-06      2e-06      3e-06      3e-06      3e-06      5e-06      7e-06      9e-06    1.3e-05    1.9e-05    2.9e-05    4.3e-05    6.5e-05    9.7e-05   0.000146   0.000218   0.000324   0.000479   0.000706   0.001035   0.001506   0.002181   0.003138
         0      1e-06      2e-06      3e-06      5e-06      5e-06      6e-06      6e-06      7e-06      8e-06      7e-06      7e-06      7e-06      7e-06      7e-06      6e-06      6e-06      5e-06      4e-06      4e-06      3e-06      3e-06      2e-06      2e-06      2e-06      2e-06      1e-06      2e-06      1e-06      1e-06      2e-06      3e-06      4e-06      6e-06      8e-06    1.3e-05    1.9e-05    2.8e-05    4.3e-05    6.6e-05    9.9e-05   0.000149   0.000224   0.000333   0.000494   0.000727   0.001066   0.001553   0.002249   0.003235
         0      1e-06      2e-06      3e-06      4e-06      6e-06      6e-06      7e-06      7e-06      8e-06      7e-06      7e-06      7e-06      6e-06      6e-06      5e-06      5e-06      4e-06      4e-06      3e-06      2e-06      2e-06      2e-06      2e-06      1e-06      1e-06      1e-06      1e-06          0      1e-06      2e-06      2e-06      3e-06      6e-06      8e-06    1.3e-05    1.9e-05    2.9e-05    4.4e-05    6.7e-05   0.000101   0.000153   0.000229   0.000341   0.000507   0.000747   0.001095   0.001595   0.002309   0.003323
         0      1e-06      2e-06      4e-06      4e-06      6e-06      6e-06      6e-06      6e-06      7e-06      7e-06      6e-06      6e-06      6e-06      5e-06      5e-06      4e-06      4e-06      3e-06      2e-06      2e-06      2e-06      1e-06      1e-06          0          0          0      1e-06          0          0      1e-06      2e-06      3e-06      5e-06      7e-06    1.2e-05    1.8e-05    2.8e-05    4.4e-05    6.8e-05   0.000103   0.000155   0.000233   0.000349   0.000518   0.000763   0.001119   0.001632   0.002363   0.003401
         0      1e-06      2e-06      3e-06      4e-06      5e-06      6e-06      6e-06      6e-06      6e-06      6e-06      6e-06      6e-06      6e-06      6e-06      5e-06      4e-06      3e-06      2e-06      2e-06      1e-06      1e-06      1e-06          0     -1e-06          0     -1e-06     -1e-06          0          0          0      1e-06      2e-06      4e-06      7e-06    1.1e-05    1.8e-05    2.9e-05    4.4e-05    6.8e-05   0.000104   0.000158   0.000237   0.000356   0.000527   0.000778   0.001141   0.001663   0.002409   0.003468
         0      1e-06      2e-06      3e-06      4e-06      5e-06      6e-06      6e-06      6e-06      7e-06      6e-06      6e-06      5e-06      5e-06      5e-06      4e-06      3e-06      3e-06      2e-06      2e-06      1e-06          0          0          0     -1e-06     -1e-06     -1e-06     -1e-06     -1e-06          0          0          0      2e-06      3e-06      6e-06    1.1e-05    1.8e-05    2.9e-05    4.5e-05    6.9e-05   0.000106   0.000161   0.000242   0.000361   0.000536   0.000791    0.00116   0.001691   0.002449   0.003527
         0      1e-06      2e-06      3e-06      4e-06      4e-06      5e-06      6e-06      6e-06      7e-06      6e-06      6e-06      6e-06      4e-06      4e-06      3e-06      3e-06      2e-06      2e-06      1e-06      1e-06          0     -1e-06     -1e-06     -1e-06     -2e-06     -1e-06     -2e-06     -1e-06     -1e-06          0          0      1e-06      3e-06      6e-06    1.1e-05    1.8e-05    2.9e-05    4.5e-05      7e-05   0.000107   0.000162   0.000244   0.000365   0.000544   0.000802   0.001177   0.001715   0.002485   0.003578
         0      1e-06      2e-06      3e-06      4e-06      4e-06      5e-06      6e-06      6e-06      6e-06      6e-06      5e-06      5e-06      5e-06      4e-06      3e-06      3e-06      2e-06      2e-06      1e-06          0          0     -1e-06     -2e-06     -2e-06     -1e-06     -2e-06     -2e-06     -2e-06     -1e-06     -1e-06          0      1e-06      3e-06      6e-06    1.1e-05    1.8e-05    2.9e-05    4.6e-05      7e-05   0.000108   0.000164   0.000247    0.00037    0.00055   0.000812   0.001191   0.001737   0.002515   0.003621
         0      1e-06      2e-06      3e-06      4e-06      5e-06      5e-06      5e-06      6e-06      6e-06      6e-06      5e-06      5e-06      5e-06      3e-06      3e-06      3e-06      2e-06      1e-06          0     -1e-06     -1e-06     -1e-06     -2e-06     -2e-06     -2e-06     -2e-06     -2e-06     -2e-06     -1e-06     -1e-06     -1e-06      1e-06      3e-06      6e-06    1.1e-05    1.8e-05    2.9e-05    4.6e-05      7e-05   0.000109   0.000165   0.000249   0.000373   0.000555    0.00082   0.001203   0.001754   0.002541   0.003658
         0      1e-06      2e-06      3e-06      4e-06      5e-06      5e-06      5e-06      6e-06      6e-06      5e-06      6e-06      5e-06      4e-06      4e-06      3e-06      2e-06      2e-06      1e-06          0          0     -1e-06     -2e-06     -1e-06     -2e-06     -3e-06     -2e-06     -2e-06     -2e-06     -2e-06     -1e-06          0      1e-06      2e-06      6e-06    1.1e-05    1.8e-05    2.9e-05    4.6e-05    7.2e-05   0.000109   0.000166   0.000252   0.000376    0.00056   0.000826   0.001213   0.001769   0.002563    0.00369
         0      1e-06      2e-06      3e-06      4e-06      5e-06      5e-06      6e-06      5e-06      5e-06      5e-06      5e-06      4e-06      4e-06      4e-06      3e-06      2e-06      1e-06      1e-06          0     -1e-06     -1e-06     -1e-06     -2e-06     -2e-06     -2e-06     -2e-06     -2e-06     -2e-06     -2e-06     -1e-06          0      1e-06      3e-06      6e-06    1.1e-05    1.8e-05    2.9e-05    4.6e-05    7.2e-05    0.00011   0.000168   0.000253   0.000379   0.000564   0.000833   0.001222   0.001781   0.002581   0.003716
         0      1e-06      2e-06      3e-06      4e-06      4e-06      5e-06      6e-06      6e-06      6e-06      6e-06      5e-06      5e-06      4e-06      4e-06      3e-06      2e-06      2e-06      1e-06      1e-06     -1e-06     -1e-06     -2e-06     -2e-06     -2e-06     -2e-06     -2e-06     -2e-06     -2e-06     -2e-06     -1e-06     -1e-06      1e-06      3e-06      6e-06      1e-05    1.8e-05    2.9e-05    4.7e-05    7.2e-05   0.000111   0.000168   0.000255   0.000381   0.000567   0.000837   0.001229   0.001792   0.002597   0.003739
         0      2e-06      3e-06      3e-06      4e-06      5e-06      5e-06      5e-06      5e-06      6e-06      6e-06      5e-06      4e-06      5e-06      4e-06      3e-06      2e-06      1e-06          0          0          0     -1e-06     -1e-06     -2e-06     -2e-06     -2e-06     -2e-06     -2e-06     -2e-06     -1e-06     -2e-06          0          0      3e-06      6e-06    1.1e-05    1.8e-05      3e-05    4.6e-05    7.3e-05   0.000112    0.00017   0.000256   0.000384    0.00057   0.000842   0.001235   0.001802    0.00261   0.003758
         0      2e-06      2e-06      3e-06      4e-06      4e-06      5e-06      5e-06      6e-06      6e-06      5e-06      6e-06      5e-06      5e-06      4e-06      3e-06      3e-06      1e-06      1e-06          0          0          0     -1e-06     -1e-06     -1e-06     -2e-06     -2e-06     -2e-06     -1e-06     -1e-06     -1e-06          0      1e-06      3e-06      7e-06    1.1e-05    1.9e-05      3e-05    4.7e-05    7.3e-05   0.000113   0.000171   0.000257   0.000385   0.000573   0.000845   0.001241    0.00181   0.002621   0.003774
         0      1e-06      2e-06      4e-06      4e-06      5e-06      5e-06      6e-06      6e-06      6e-06      6e-06      6e-06      5e-06      4e-06      4e-06      4e-06      3e-06      2e-06      2e-06      1e-06          0          0          0     -1e-06     -1e-06     -1e-06     -1e-06     -1e-06     -2e-06     -1e-06     -1e-06      1e-06      2e-06      4e-06      7e-06    1.2e-05      2e-05    3.1e-05    4.8e-05    7.4e-05   0.000114   0.000172   0.000259   0.000387   0.000575   0.000849   0.001246   0.001815    0.00263   0.003787
         0      1e-06      2e-06      3e-06      4e-06      5e-06      6e-06      6e-06      7e-06      7e-06      7e-06      7e-06      6e-06      6e-06      5e-06      4e-06      3e-06      3e-06      2e-06      2e-06      1e-06          0          0          0     -1e-06          0          0     -1e-06          0          0      1e-06      1e-06      2e-06      5e-06      8e-06    1.2e-05    2.1e-05    3.1e-05    4.9e-05    7.5e-05   0.000115   0.000173   0.000261   0.000389   0.000578   0.000853    0.00125   0.001821   0.002638   0.003798
         0      1e-06      3e-06      3e-06      4e-06      5e-06      6e-06      7e-06      7e-06      8e-06      7e-06      8e-06      7e-06      6e-06      5e-06      5e-06      5e-06      4e-06      3e-06      3e-06      2e-06      2e-06      1e-06      1e-06      1e-06      1e-06      1e-06      1e-06          0      1e-06      2e-06      2e-06      4e-06      6e-06      9e-06    1.4e-05    2.1e-05    3.3e-05    5.1e-05    7.7e-05   0.000116   0.000175   0.000263   0.000391   0.000581   0.000856   0.001254   0.001827   0.002646   0.003807
         0      1e-06      3e-06      4e-06      5e-06      6e-06      7e-06      7e-06      8e-06      8e-06      9e-06      8e-06      9e-06      8e-06      8e-06      7e-06      7e-06      6e-06      6e-06      5e-06      4e-06      3e-06      3e-06      3e-06      3e-06      2e-06      3e-06      3e-06      3e-06      3e-06      4e-06      5e-06      6e-06      8e-06    1.1e-05    1.7e-05    2.3e-05    3.6e-05    5.2e-05    7.9e-05   0.000119   0.000178   0.000265   0.000394   0.000583   0.000859   0.001258   0.001832   0.002652   0.003816
         0      2e-06      3e-06      5e-06      6e-06      7e-06      8e-06      9e-06      9e-06    1.1e-05      1e-05      1e-05      1e-05      1e-05      9e-06      1e-05      9e-06      8e-06      8e-06      7e-06      7e-06      6e-06      6e-06      6e-06      6e-06      6e-06      6e-06      6e-06      6e-06      7e-06      7e-06      8e-06      9e-06    1.1e-05    1.4e-05      2e-05    2.7e-05    3.9e-05    5.6e-05    8.2e-05   0.000122   0.000181   0.000268   0.000398   0.000587   0.000864   0.001263   0.001838   0.002659   0.003824
         0      2e-06      4e-06      6e-06      7e-06      8e-06      1e-05    1.1e-05    1.2e-05    1.3e-05    1.4e-05    1.4e-05    1.4e-05    1.4e-05    1.4e-05    1.3e-05    1.3e-05    1.3e-05    1.3e-05    1.2e-05    1.1e-05    1.1e-05    1.1e-05    1.1e-05    1.1e-05    1.1e-05    1.1e-05      1e-05    1.1e-05    1.1e-05    1.2e-05    1.2e-05    1.4e-05    1.7e-05      2e-05    2.5e-05    3.2e-05    4.3e-05    6.1e-05    8.8e-05   0.000127   0.000186   0.000274   0.000403   0.000593    0.00087    0.00127   0.001845   0.002667   0.003833
         0      3e-06      5e-06      7e-06      9e-06    1.1e-05    1.3e-05    1.5e-05    1.6e-05    1.7e-05    1.8e-05    1.8e-05    1.9e-05    1.9e-05    1.9e-05      2e-05    1.9e-05    1.9e-05    1.9e-05    1.8e-05    1.8e-05    1.8e-05    1.8e-05    1.8e-05    1.8e-05    1.8e-05    1.8e-05    1.8e-05    1.8e-05    1.9e-05      2e-05    2.1e-05    2.1e-05    2.3e-05    2.7e-05    3.2e-05      4e-05    5.1e-05    6.9e-05    9.5e-05   0.000135   0.000194   0.000282   0.000411   0.000601   0.000877   0.001278   0.001854   0.002676   0.003844
         0      4e-06      7e-06      9e-06    1.2e-05    1.5e-05    1.7e-05    1.9e-05    2.1e-05    2.3e-05    2.4e-05    2.6e-05    2.7e-05    2.7e-05    2.8e-05    2.9e-05    2.9e-05    2.8e-05    2.9e-05    2.8e-05    2.9e-05    2.9e-05    2.9e-05    2.9e-05    2.9e-05    2.9e-05    2.9e-05    2.9e-05      3e-05      3e-05    3.1e-05    3.1e-05    3.3e-05    3.6e-05    3.9e-05    4.3e-05    5.1e-05    6.3e-05      8e-05   0.000107   0.000146   0.000205   0.000293   0.000423   0.000613    0.00089   0.001291   0.001867    0.00269   0.003859
         0      4e-06      8e-06    1.2e-05    1.7e-05      2e-05    2.4e-05    2.7e-05      3e-05    3.3e-05    3.5e-05    3.7e-05    3.9e-05      4e-05    4.1e-05    4.2e-05    4.3e-05    4.3e-05    4.4e-05    4.4e-05    4.4e-05    4.5e-05    4.5e-05    4.6e-05    4.6e-05    4.6e-05    4.6e-05    4.7e-05    4.6e-05    4.7e-05    4.8e-05    4.9e-05    5.1e-05    5.2e-05    5.6e-05    6.1e-05    6.9e-05      8e-05    9.8e-05   0.000124   0.000164   0.000223   0.000311    0.00044   0.000631   0.000908   0.001309   0.001885   0.002708   0.003877
         0      6e-06    1.2e-05    1.8e-05    2.4e-05    2.9e-05    3.4e-05    3.9e-05    4.3e-05    4.7e-05    5.1e-05    5.4e-05    5.7e-05    5.9e-05    6.1e-05    6.3e-05    6.5e-05    6.6e-05    6.7e-05    6.8e-05    6.8e-05    6.9e-05      7e-05      7e-05      7e-05    7.2e-05    7.2e-05    7.2e-05    7.3e-05    7.3e-05    7.4e-05    7.5e-05    7.7e-05    7.9e-05    8.2e-05    8.8e-05    9.5e-05   0.000107   0.000124   0.000151    0.00019   0.000249   0.000337   0.000467   0.000657   0.000934   0.001336   0.001912   0.002736   0.003905
         0      9e-06    1.7e-05    2.6e-05    3.4e-05    4.2e-05      5e-05    5.7e-05    6.3e-05    6.9e-05    7.5e-05      8e-05    8.4e-05    8.8e-05    9.1e-05    9.4e-05    9.7e-05    9.9e-05   0.000101   0.000103   0.000104   0.000106   0.000107   0.000108   0.000109   0.000109    0.00011   0.000111   0.000112   0.000113   0.000114   0.000115   0.000116   0.000119   0.000122   0.000127   0.000135   0.000146   0.000164    0.00019    0.00023   0.000289   0.000377   0.000507   0.000697   0.000975   0.001375   0.001952   0.002777   0.003947
         0    1.2e-05    2.6e-05    3.7e-05    4.9e-05    6.1e-05    7.2e-05    8.3e-05    9.3e-05   0.000101   0.000109   0.000117   0.000125    0.00013   0.000136   0.000142   0.000146   0.000149   0.000153   0.000155   0.000158   0.000161   0.000162   0.000164   0.000165   0.000166   0.000168   0.000168    0.00017   0.000171   0.000172   0.000173   0.000175   0.000178   0.000181   0.000186   0.000194   0.000205   0.000223   0.000249   0.000289   0.000348   0.000437   0.000566   0.000757   0.001034   0.001435   0.002012   0.002836   0.004007
         0    1.9e-05    3.7e-05    5.5e-05    7.2e-05      9e-05   0.000106   0.000122   0.000136   0.000149   0.000163   0.000173   0.000184   0.000194   0.000203   0.000211   0.000218   0.000224   0.000229   0.000233   0.000237   0.000242   0.000244   0.000247   0.000249   0.000252   0.000253   0.000255   0.000256   0.000257   0.000259   0.000261   0.000263   0.000265   0.000268   0.000274   0.000282   0.000293   0.000311   0.000337   0.000377   0.000437   0.000525   0.000655   0.000844   0.001123   0.001523   0.002101   0.002925   0.004095
         0    2.7e-05    5.4e-05    8.1e-05   0.000107   0.000132   0.000156   0.000179     0.0002    0.00022    0.00024   0.000257   0.000273   0.000288   0.000301   0.000313   0.000324   0.000333   0.000341   0.000349   0.000356   0.000361   0.000365    0.00037   0.000373   0.000376   0.000379   0.000381   0.000384   0.000385   0.000387   0.000389   0.000391   0.000394   0.000398   0.000403   0.000411   0.000423    0.00044   0.000467   0.000507   0.000566   0.000655   0.000784   0.000975   0.001252   0.001653   0.002231   0.003055   0.004225
         0      4e-05    7.9e-05   0.000118   0.000156   0.000193   0.000228   0.000263   0.000294   0.000325   0.000353   0.000379   0.000403   0.000425   0.000445   0.000463   0.000479   0.000494   0.000507   0.000518   0.000527   0.000536   0.000544    0.00055   0.000555    0.00056   0.000564   0.000567    0.00057   0.000573   0.000575   0.000578   0.000581   0.000583   0.000587   0.000593   0.000601   0.000613   0.000631   0.000657   0.000697   0.000757   0.000844   0.000975   0.001165   0.001443   0.001844   0.002422   0.003246   0.004417
         0    5.8e-05   0.000116   0.000173   0.000228   0.000283   0.000335   0.000385   0.000431   0.000477   0.000518   0.000557   0.000593   0.000626   0.000655   0.000682   0.000706   0.000727   0.000747   0.000763   0.000778   0.000791   0.000802   0.000812    0.00082   0.000826   0.000833   0.000837   0.000842   0.000845   0.000849   0.000853   0.000856   0.000859   0.000864    0.00087   0.000877    0.00089   0.000908   0.000934   0.000975   0.001034   0.001123   0.001252   0.001443    0.00172   0.002121   0.002699   0.003524   0.004694
         0    8.5e-05   0.000169   0.000253   0.000333   0.000412   0.000488   0.000561   0.000631   0.000696   0.000757   0.000814   0.000867   0.000915   0.000959   0.000999   0.001035   0.001066   0.001095   0.001119   0.001141    0.00116   0.001177   0.001191   0.001203   0.001213   0.001222   0.001229   0.001235   0.001241   0.001246    0.00125   0.001254   0.001258   0.001263    0.00127   0.001278   0.001291   0.001309   0.001336   0.001375   0.001435   0.001523   0.001653   0.001844   0.002121   0.002523   0.003101   0.003925   0.005096
         0   0.000123   0.000246   0.000366   0.000485   0.000599    0.00071   0.000816   0.000917   0.001012     0.0011   0.001184   0.001261   0.001332   0.001396   0.001454   0.001506   0.001553   0.001595   0.001632   0.001663   0.001691   0.001715   0.001737   0.001754   0.001769   0.001781   0.001792   0.001802    0.00181   0.001815   0.001821   0.001827   0.001832   0.001838   0.001845   0.001854   0.001867   0.001885   0.001912   0.001952   0.002012   0.002101   0.002231   0.002422   0.002699   0.003101   0.003678   0.004503   0.005674
         0   0.000178   0.000355   0.000529     0.0007   0.000865   0.001026   0.001179   0.001325   0.001463   0.001592   0.001712   0.001824   0.001926    0.00202   0.002104   0.002181   0.002249   0.002309   0.002363   0.002409   0.002449   0.002485   0.002515   0.002541   0.002563   0.002581   0.002597    0.00261   0.002621    0.00263   0.002638   0.002646   0.002652   0.002659   0.002667   0.002676    0.00269   0.002708   0.002736   0.002777   0.002836   0.002925   0.003055   0.003246   0.003524   0.003925   0.004503   0.005327   0.006498
         0   0.000256   0.000509    0.00076   0.001006   0.001244   0.001473   0.001694   0.001904   0.002103   0.002289   0.002462   0.002623    0.00277   0.002905   0.003027   0.003138   0.003235   0.003323   0.003401   0.003468   0.003527   0.003578   0.003621   0.003658    0.00369   0.003716   0.003739   0.003758   0.003774   0.003787   0.003798   0.003807   0.003816   0.003824   0.003833   0.003844   0.003859   0.003877   0.003905   0.003947   0.004007   0.004095   0.004225   0.004417   0.004694   0.005096   0.005674   0.006498    0.00767