         0          0          0          0          0          0          0          0          0          0          0          0          0          0          0          0          0          0          0          0          0          0          0          0          0          0          0          0          0          0          0          0          0          0          0          0          0          0          0          0          0          0          0          0          0          0          0          0          0          0
         0      2e-06      5e-06      8e-06    1.1e-05    1.4e-05    1.7e-05    2.2e-05    2.7e-05    3.3e-05      4e-05    4.9e-05      6e-05    7.3e-05    8.9e-05   0.000109   0.000134   0.000164   0.000201   0.000247   0.000302   0.000371   0.000455   0.000556   0.000681   0.000832   0.001014   0.001235   0.001501   0.001822   0.002205   0.002665   0.003214   0.003868   0.004645   0.005564   0.006652   0.007933    0.00944   0.011208   0.013275   0.015687   0.018495   0.021754   0.025526   0.029884   0.034903   0.040669   0.047278   0.054831
         0      5e-06      1e-05    1.5e-05    2.1e-05    2.8e-05    3.6e-05    4.4e-05    5.4e-05    6.7e-05    8.1e-05    9.9e-05   0.000121   0.000147   0.000179   0.000219   0.000269   0.000329   0.000403   0.000494   0.000606   0.000742   0.000909   0.001113   0.001361   0.001663   0.002028   0.002469      0.003   0.003639   0.004407   0.005325   0.006422   0.007727   0.009278   0.011116   0.013288   0.015847   0.018857   0.022387   0.026517   0.031336   0.036942   0.043452   0.050989   0.059692   0.069717   0.081234   0.094434   0.109521
         0      8e-06    1.5e-05    2.3e-05    3.3e-05    4.3e-05    5.4e-05    6.8e-05    8.3e-05   0.000102   0.000124    0.00015   0.000183   0.000222   0.000272   0.000332   0.000404   0.000495   0.000606   0.000743    0.00091   0.001114   0.001365    0.00167   0.002041   0.002492   0.003038   0.003699   0.004494   0.005452     0.0066   0.007975   0.009616   0.011571   0.013892   0.016642   0.019893   0.023724    0.02823   0.033513   0.039695   0.046906   0.055299   0.065042   0.076322   0.089348   0.104354   0.121593   0.141349    0.16393
         0    1.1e-05    2.1e-05    3.3e-05    4.6e-05      6e-05    7.4e-05    9.2e-05   0.000114   0.000138   0.000168   0.000204   0.000247     0.0003   0.000365   0.000445   0.000544   0.000664   0.000813   0.000994   0.001217   0.001489   0.001821   0.002227   0.002721   0.003321   0.004047   0.004925   0.005983   0.007255   0.008782   0.010609   0.012791   0.015389   0.018475   0.022131   0.026453   0.031547   0.037535   0.044559   0.052775   0.062362   0.073518    0.08647   0.101465   0.118781   0.138727   0.161645   0.187906   0.217923
         0    1.4e-05    2.8e-05    4.3e-05      6e-05    7.7e-05    9.7e-05    0.00012   0.000147   0.000178   0.000216   0.000261   0.000315   0.000382   0.000464   0.000564   0.000687   0.000837   0.001021   0.001248   0.001526   0.001866    0.00228   0.002786   0.003401   0.004148   0.005052   0.006145   0.007463   0.009048    0.01095   0.013225   0.015942   0.019177    0.02302   0.027572   0.032953   0.039295   0.046753   0.055499    0.06573   0.077666   0.091558   0.107685   0.126355   0.147917   0.172754   0.201289   0.233988   0.271364
         0    1.7e-05    3.6e-05    5.4e-05    7.4e-05    9.7e-05   0.000122    0.00015   0.000183   0.000221   0.000267   0.000322   0.000389   0.000469   0.000567   0.000687   0.000835   0.001015   0.001237   0.001508    0.00184   0.002246   0.002742   0.003346   0.004082   0.004974   0.006055    0.00736   0.008934   0.010828     0.0131   0.015818   0.019062   0.022927   0.027516   0.032954   0.039381   0.046955   0.055863   0.066308   0.078527   0.092785   0.109376   0.128636   0.150936   0.176688   0.206351   0.240432   0.279487   0.324126
         0    2.2e-05    4.4e-05    6.8e-05    9.2e-05    0.00012    0.00015   0.000185   0.000224    0.00027   0.000325   0.000389   0.000467   0.000562   0.000678   0.000818    0.00099     0.0012   0.001458   0.001774    0.00216   0.002633   0.003209    0.00391   0.004764     0.0058   0.007054    0.00857   0.010397   0.012594    0.01523   0.018384   0.022149   0.026632   0.031958   0.038267   0.045723   0.054513   0.064846   0.076966   0.091142   0.107683   0.126933   0.149279   0.175151   0.205028   0.239444   0.278984   0.324295   0.376087
         0    2.7e-05    5.4e-05    8.3e-05   0.000114   0.000147   0.000183   0.000224    0.00027   0.000324   0.000388   0.000464   0.000555   0.000664   0.000796   0.000957   0.001155   0.001395   0.001689   0.002049   0.002489   0.003026   0.003681    0.00448    0.00545   0.006627   0.008053   0.009776   0.011851   0.014347    0.01734   0.020922   0.025199    0.03029   0.036338   0.043504   0.051971   0.061952   0.073688    0.08745   0.103549   0.122333   0.144194   0.169568   0.198949   0.232877    0.27196   0.316861   0.368315   0.427128
         0    3.3e-05    6.7e-05   0.000102   0.000138   0.000178   0.000221    0.00027   0.000324   0.000388   0.000461   0.000549   0.000652   0.000777   0.000926   0.001109   0.001331   0.001602   0.001932   0.002336   0.002829   0.003431   0.004165   0.005058   0.006143    0.00746   0.009053   0.010977   0.013297   0.016086    0.01943   0.023432   0.028209   0.033897   0.040653   0.048657   0.058114   0.069263   0.082371   0.097743   0.115726   0.136707   0.161124   0.189466   0.222281   0.260178    0.30383   0.353982   0.411453   0.477143
         0      4e-05    8.1e-05   0.000124   0.000168   0.000216   0.000267   0.000325   0.000388   0.000461   0.000546   0.000645   0.000763   0.000903   0.001072   0.001276   0.001524   0.001825   0.002191    0.00264   0.003185   0.003851   0.004662   0.005648   0.006846     0.0083   0.010057    0.01218   0.014738   0.017813   0.021501   0.025913    0.03118   0.037451   0.044898   0.053721   0.064148   0.076437   0.090887   0.107831   0.127653   0.150779   0.177694   0.208935   0.245107   0.286879   0.334995   0.390276   0.453625   0.526033
         0    4.9e-05    9.9e-05    0.00015   0.000204   0.000261   0.000322   0.000389   0.000464   0.000549   0.000645   0.000759   0.000891   0.001048   0.001236   0.001462   0.001736   0.002068   0.002472   0.002963   0.003562   0.004291   0.005177   0.006256   0.007565   0.009152   0.011071   0.013387   0.016178   0.019533   0.023557   0.028369   0.034114   0.040952   0.049074   0.058695   0.070065   0.083466   0.099223     0.1177   0.139313   0.164532   0.193879   0.227945   0.267387   0.312936   0.365401   0.425679   0.494755   0.573708
         0      6e-05   0.000121   0.000183   0.000247   0.000315   0.000389   0.000467   0.000555   0.000652   0.000763   0.000891    0.00104   0.001215   0.001424   0.001674   0.001974   0.002337   0.002778   0.003314   0.003964   0.004757   0.005718   0.006887   0.008305   0.010022     0.0121   0.014605   0.017624   0.021251   0.025601   0.030804   0.037012   0.044403   0.053182   0.063579   0.075866   0.090348   0.107374   0.127342   0.150697   0.177948    0.20966   0.246471    0.28909   0.338309   0.395002   0.460136   0.534776    0.62009
         0    7.3e-05   0.000147   0.000222     0.0003   0.000382   0.000469   0.000562   0.000664   0.000777   0.000903   0.001048   0.001215   0.001411   0.001641   0.001915   0.002245   0.002641    0.00312   0.003699   0.004402   0.005256   0.006293    0.00755   0.009075   0.010921   0.013151   0.015842   0.019082   0.022975   0.027641   0.033222   0.039883    0.04781   0.057224   0.068375   0.081552   0.097082    0.11534    0.13675   0.161796   0.191016   0.225021   0.264492   0.310192   0.362967   0.423758   0.493598   0.573633   0.665112
         0    8.9e-05   0.000179   0.000272   0.000365   0.000464   0.000567   0.000678   0.000796   0.000926   0.001072   0.001236   0.001424   0.001641   0.001896   0.002197   0.002556   0.002986   0.003503   0.004128   0.004884     0.0058   0.006911   0.008257   0.009886   0.011857   0.014238   0.017109   0.020564   0.024714   0.029688   0.035636   0.042733    0.05118   0.061211    0.07309   0.087128   0.103671    0.12312   0.145927   0.172605   0.203731   0.239952   0.281995   0.330674   0.386889   0.451639   0.526031   0.611279   0.708717
         0   0.000109   0.000219   0.000332   0.000445   0.000564   0.000687   0.000818   0.000957   0.001109   0.001276   0.001462   0.001674   0.001915   0.002197   0.002527   0.002918   0.003383   0.003941   0.004612   0.005421   0.006401   0.007585   0.009017    0.01075   0.012843   0.015371   0.018417   0.022081   0.026481   0.031754   0.038057   0.045576   0.054526    0.06515   0.077735   0.092601   0.110124   0.130723   0.154877    0.18313   0.216092   0.254451   0.298975   0.350526   0.410056   0.478626   0.557406   0.647682   0.750867
         0   0.000134   0.000269   0.000404   0.000544   0.000687   0.000835    0.00099   0.001155   0.001331   0.001524   0.001736   0.001974   0.002245   0.002556   0.002918   0.003343   0.003847   0.004447   0.005165    0.00603   0.007072    0.00833   0.009849   0.011684   0.013898   0.016569   0.019786   0.023653   0.028296   0.033856   0.040502    0.04843   0.057862    0.06906   0.082322    0.09799   0.116453   0.138158   0.163608   0.193377   0.228107   0.268521   0.315432   0.369745   0.432465   0.504708   0.587708    0.68282   0.791531
         0   0.000164   0.000329   0.000495   0.000664   0.000837   0.001015     0.0012   0.001395   0.001602   0.001825   0.002068   0.002337   0.002641   0.002986   0.003383   0.003847   0.004391   0.005036   0.005806   0.006726   0.007833   0.009165   0.010771   0.012706   0.015039   0.017851   0.021233   0.025299   0.030175   0.036015   0.042993   0.051313   0.061211   0.072961   0.086875    0.10331   0.122678   0.145445    0.17214   0.203363   0.239789   0.282176   0.331377   0.388339   0.454119   0.529886   0.616934   0.716684   0.830697
         0   0.000201   0.000403   0.000606   0.000813   0.001021   0.001237   0.001458   0.001689   0.001932   0.002191   0.002472   0.002778    0.00312   0.003503   0.003941   0.004447   0.005036    0.00573   0.006553   0.007533   0.008706   0.010114   0.011805   0.013842   0.016293   0.019242   0.022787   0.027045   0.032148   0.038257   0.045554   0.054252   0.064599   0.076878   0.091416   0.108589   0.128823   0.152607   0.180494    0.21311    0.25116   0.295436   0.346827   0.406325   0.475033   0.554172   0.645093   0.749282   0.868368
         0   0.000247   0.000494   0.000743   0.000994   0.001248   0.001508   0.001774   0.002049   0.002336    0.00264   0.002963   0.003314   0.003699   0.004128   0.004612   0.005165   0.005806   0.006553   0.007433   0.008476   0.009718   0.011203   0.012983   0.015121   0.017688   0.020773   0.024478   0.028921   0.034246   0.040615    0.04822   0.057281   0.068057   0.080844   0.095982   0.113859   0.134923   0.159679   0.188705    0.22265    0.26225    0.30833   0.361813   0.423732   0.495233   0.577591   0.672209   0.780633   0.904558
         0   0.000302   0.000606    0.00091   0.001217   0.001526    0.00184    0.00216   0.002489   0.002829   0.003185   0.003562   0.003964   0.004402   0.004884   0.005421    0.00603   0.006726   0.007533   0.008476   0.009586   0.010901   0.012467   0.014337   0.016577   0.019262   0.022481   0.026342   0.030968   0.036507   0.043127   0.051028    0.06044   0.071629   0.084901   0.100611   0.119162   0.141017   0.166701   0.196812   0.232025   0.273101   0.320898   0.376373   0.440597    0.51476   0.600181   0.698317   0.810772   0.939306
         0   0.000371   0.000742   0.001114   0.001489   0.001866   0.002246   0.002633   0.003026   0.003431   0.003851   0.004291   0.004757   0.005256     0.0058   0.006401   0.007072   0.007833   0.008706   0.009718   0.010901   0.012295   0.013946    0.01591   0.018254   0.021057    0.02441   0.028426   0.033232   0.038979   0.045843    0.05403   0.063778   0.075362     0.0891   0.105356   0.124549   0.147157   0.173723   0.204867   0.241285   0.283766   0.333194   0.390562   0.456975   0.533664   0.621994   0.723472   0.839756   0.972662
         0   0.000455   0.000909   0.001365   0.001821    0.00228   0.002742   0.003209   0.003681   0.004165   0.004662   0.005177   0.005718   0.006293   0.006911   0.007585    0.00833   0.009165   0.010114   0.011203   0.012467   0.013946   0.015688    0.01775   0.020203   0.023125   0.026614   0.030784   0.035767   0.041718   0.048818   0.057282   0.067354   0.079317   0.093499   0.110277   0.130081   0.153406   0.180812   0.212935   0.250497   0.294309   0.345285   0.404445   0.472933   0.552015   0.643101   0.747743   0.867651     1.0047
         0   0.000556   0.001113    0.00167   0.002227   0.002786   0.003346    0.00391    0.00448   0.005058   0.005648   0.006256   0.006887    0.00755   0.008257   0.009017   0.009849   0.010771   0.011805   0.012983   0.014337    0.01591    0.01775   0.019919   0.022483    0.02553   0.029158   0.033481   0.038639   0.044791   0.052124   0.060855   0.071238   0.083565   0.098171   0.115447   0.135834   0.159839    0.18804   0.221094   0.259738    0.30481   0.357249   0.418105   0.488553   0.569899   0.663588   0.771219   0.894551   1.035514
         0   0.000681   0.001361   0.002041   0.002721   0.003401   0.004082   0.004764    0.00545   0.006143   0.006846   0.007565   0.008305   0.009075   0.009886    0.01075   0.011684   0.012706   0.013842   0.015121   0.016577   0.018254   0.020203   0.022483   0.025169   0.028346   0.032115   0.036595   0.041929    0.04828   0.055839   0.064831   0.075516   0.088191   0.103206   0.120955   0.141896   0.166547   0.195503   0.229435   0.269103   0.315365   0.369184   0.431641   0.503938   0.587416    0.68356   0.794008   0.920567   1.065216
         0   0.000832   0.001663   0.002492   0.003321   0.004148   0.004974     0.0058   0.006627    0.00746     0.0083   0.009152   0.010022   0.010921   0.011857   0.012843   0.013898   0.015039   0.016293   0.017688   0.019262   0.021057   0.023125    0.02553   0.028346    0.03166   0.035576   0.040218   0.045729   0.052279   0.060062   0.069309   0.080286   0.093299   0.108703   0.126906   0.148374   0.173638   0.203308    0.23807   0.278704   0.326088   0.381209   0.445172   0.519208   0.604693   0.703144   0.816241   0.945833   1.093945
         0   0.001014   0.002028   0.003038   0.004047   0.005052   0.006055   0.007054   0.008053   0.009053   0.010057   0.011071     0.0121   0.013151   0.014238   0.015371   0.016569   0.017851   0.019242   0.020773   0.022481    0.02441   0.026614   0.029158   0.032115   0.035576    0.03965   0.044459   0.050152   0.056901   0.064908   0.074406   0.085668   0.099008   0.114788   0.133423   0.155392   0.181238   0.211584   0.247131   0.288676   0.337115   0.393459   0.458836   0.534508   0.621874    0.72249   0.838071   0.970508   1.121869
         0   0.001235   0.002469   0.003699   0.004925   0.006145    0.00736    0.00857   0.009776   0.010977    0.01218   0.013387   0.014605   0.015842   0.017109   0.018417   0.019786   0.021233   0.022787   0.024478   0.026342   0.028426   0.030784   0.033481   0.036595   0.040218   0.044459   0.049445   0.055326   0.062281   0.070513    0.08026   0.091803    0.10546   0.121602   0.140652     0.1631     0.1895   0.220483   0.256771   0.299173   0.348605   0.406098   0.472802   0.550004   0.639134   0.741776   0.859682   0.994778   1.149177
         0   0.001501      0.003   0.004494   0.005983   0.007463   0.008934   0.010397   0.011851   0.013297   0.014738   0.016178   0.017624   0.019082   0.020564   0.022081   0.023653   0.025299   0.027045   0.028921   0.030968   0.033232   0.035767   0.038639   0.041929   0.045729   0.050152   0.055326   0.061407   0.068573   0.077033   0.087033   0.098853   0.112821   0.129315   0.148766    0.17167   0.198595   0.230184   0.267171    0.31038   0.360745   0.419315   0.487262   0.565895   0.656672   0.761208   0.881284   1.018863   1.176095
         0   0.001822   0.003639   0.005452   0.007255   0.009048   0.010828   0.012594   0.014347   0.016086   0.017813   0.019533   0.021251   0.022975   0.024714   0.026481   0.028296   0.030175   0.032148   0.034246   0.036507   0.038979   0.041718   0.044791    0.04828   0.052279   0.056901   0.062281   0.068573    0.07596   0.084658   0.094911    0.10701   0.121287   0.138123   0.157961   0.181306   0.208733   0.240896   0.278542   0.322511   0.373752    0.43333   0.502439    0.58241   0.674725   0.781025   0.903122   1.043013   1.202883
         0   0.002205   0.004407     0.0066   0.008782    0.01095     0.0131    0.01523    0.01734    0.01943   0.021501   0.023557   0.025601   0.027641   0.029688   0.031754   0.033856   0.036015   0.038257   0.040615   0.043127   0.045843   0.048818   0.052124   0.055839   0.060062   0.064908   0.070513   0.077033   0.084658   0.093602   0.104118   0.116499   0.131082   0.148258   0.168474   0.192242   0.220149    0.25286   0.291131   0.335815   0.387878   0.448401   0.518596   0.599814   0.693561   0.801503   0.925479   1.067518   1.229837
         0   0.002665   0.005325   0.007975   0.010609   0.013225   0.015818   0.018384   0.020922   0.023432   0.025913   0.028369   0.030804   0.033222   0.035636   0.038057   0.040502   0.042993   0.045554    0.04822   0.051028    0.05403   0.057282   0.060855   0.064831   0.069309   0.074406    0.08026   0.087033   0.094911   0.104118   0.114908   0.127577   0.142472   0.159985   0.180573   0.204754   0.233123   0.266357    0.30522    0.35058   0.403416   0.464823   0.536032   0.618412   0.713492   0.822958    0.94868   1.092709     1.2573
         0   0.003214   0.006422   0.009616   0.012791   0.015942   0.019062   0.022149   0.025199   0.028209    0.03118   0.034114   0.037012   0.039883   0.042733   0.045576    0.04843   0.051313   0.054252   0.057281    0.06044   0.063778   0.067354   0.071238   0.075516   0.080286   0.085668   0.091803   0.098853    0.10701   0.116499   0.127577   0.140549   0.155761   0.173616   0.194572   0.219159   0.247977   0.281711   0.321139    0.36714   0.420702   0.482939   0.555094   0.638558   0.734874   0.845756   0.973093   1.118966   1.285656
         0   0.003868   0.007727   0.011571   0.015389   0.019177   0.022927   0.026632    0.03029   0.033897   0.037451   0.040952   0.044403    0.04781    0.05118   0.054526   0.057862   0.061211   0.064599   0.068057   0.071629   0.075362   0.079317   0.083565   0.088191   0.093299   0.099008    0.10546   0.112821   0.121287   0.131082   0.142472   0.155761   0.171305   0.189506   0.210833   0.235821   0.265078   0.299298   0.339267   0.385876   0.440124   0.503139    0.57618   0.660651   0.758118   0.870312   0.999144   1.146721   1.315348
         0   0.004645   0.009278   0.013892   0.018475    0.02302   0.027516   0.031958   0.036338   0.040653   0.044898   0.049074   0.053182   0.057224   0.061211    0.06515    0.06906   0.072961   0.076878   0.080844   0.084901     0.0891   0.093499   0.098171   0.103206   0.108703   0.114788   0.121602   0.129315   0.138123   0.148258   0.159985   0.173616   0.189506   0.208067   0.229773   0.255163   0.284854   0.319547   0.360038   0.407227   0.462126   0.525874   0.599743   0.685155    0.78369   0.897098   1.027314   1.176461   1.346876
         0   0.005564   0.011116   0.016642   0.022131   0.027572   0.032954   0.038267   0.043504   0.048657   0.053721   0.058695   0.063579   0.068375    0.07309   0.077735   0.082322   0.086875   0.091416   0.095982   0.100611   0.105356   0.110277   0.115447   0.120955   0.126906   0.133423   0.140652   0.148766   0.157961   0.168474   0.180573   0.194572   0.210833   0.229773   0.251869   0.277667   0.307792   0.342952   0.383951   0.431699   0.487218   0.551658   0.626306   0.712595   0.812123   0.926657   1.058149   1.208746   1.380804
         0   0.006652   0.013288   0.019893   0.026453   0.032953   0.039381   0.045723   0.051971   0.058114   0.064148   0.070065   0.075866   0.081552   0.087128   0.092601    0.09799    0.10331   0.108589   0.113859   0.119162   0.124549   0.130081   0.135834   0.141896   0.148374   0.155392     0.1631    0.17167   0.181306   0.192242   0.204754   0.219159   0.235821   0.255163   0.277667   0.303886   0.334451   0.370077   0.411576   0.459865   0.515979   0.581077   0.656458    0.74357   0.844023     0.9596   1.092271   1.244204   1.417772
         0   0.007933   0.015847   0.023724   0.031547   0.039295   0.046955   0.054513   0.061952   0.069263   0.076437   0.083466   0.090348   0.097082   0.103671   0.110124   0.116453   0.122678   0.128823   0.134923   0.141017   0.147157   0.153406   0.159839   0.166547   0.173638   0.181238     0.1895   0.198595   0.208733   0.220149   0.233123   0.247977   0.265078   0.284854   0.307792   0.334451   0.365467   0.401563   0.443559    0.49238   0.549069   0.614798   0.690873   0.778758   0.880074    0.99662   1.130382   1.283545   1.458501
         0    0.00944   0.018857    0.02823   0.037535   0.046753   0.055863   0.064846   0.073688   0.082371   0.090887   0.099223   0.107374    0.11534    0.12312   0.130723   0.138158   0.145445   0.152607   0.159679   0.166701   0.173723   0.180812    0.18804   0.195503   0.203308   0.211584   0.220483   0.230184   0.240896    0.25286   0.266357   0.281711   0.299298   0.319547   0.342952   0.370077   0.401563   0.438141   0.480638   0.529986   0.587239   0.653574   0.730313   0.818928   0.921053   1.038502   1.173274   1.327571   1.503801
         0   0.011208   0.022387   0.033513   0.044559   0.055499   0.066308   0.076966    0.08745   0.097743   0.107831     0.1177   0.127342    0.13675   0.145927   0.154877   0.163608    0.17214   0.180494   0.188705   0.196812   0.204867   0.212935   0.221094   0.229435    0.23807   0.247131   0.256771   0.267171   0.278542   0.291131    0.30522   0.321139   0.339267   0.360038   0.383951   0.411576   0.443559   0.480638   0.523646   0.573524   0.631333   0.698261   0.775639   0.864948   0.967837   1.086128   1.221838   1.377181   1.554585
         0   0.013275   0.026517   0.039695   0.052775    0.06573   0.078527   0.091142   0.103549   0.115726   0.127653   0.139313   0.150697   0.161796   0.172605    0.18313   0.193377   0.203363    0.21311    0.22265   0.232025   0.241285   0.250497   0.259738   0.269103   0.278704   0.288676   0.299173    0.31038   0.322511   0.335815    0.35058    0.36714   0.385876   0.407227   0.431699   0.459865    0.49238   0.529986   0.573524   0.623943    0.68231   0.749823   0.827821   0.917797   1.021409   1.140493   1.277077   1.433388   1.611871
         0   0.015687   0.031336   0.046906   0.062362   0.077666   0.092785   0.107683   0.122333   0.136707   0.150779   0.164532   0.177948   0.191016   0.203731   0.216092   0.228107   0.239789    0.25116    0.26225   0.273101   0.283766   0.294309    0.30481   0.315365   0.326088   0.337115   0.348605   0.360745   0.373752   0.387878   0.403416   0.420702   0.440124   0.462126   0.487218   0.515979   0.549069   0.587239   0.631333    0.68231   0.741245   0.809342   0.887951   0.978573   1.082876    1.20271   1.340112   1.497324   1.676801
         0   0.018495   0.036942   0.055299   0.073518   0.091558   0.109376   0.126933   0.144194   0.161124   0.177694   0.193879    0.20966   0.225021   0.239952   0.254451   0.268521   0.282176   0.295436    0.30833   0.320898   0.333194   0.345285   0.357249   0.369184   0.381209   0.393459   0.406098   0.419315    0.43333   0.448401   0.464823   0.482939   0.503139   0.525874   0.551658   0.581077   0.614798   0.653574   0.698261   0.749823   0.809342   0.878031   0.957248   1.048504   1.153477   1.274026   1.412199   1.570251   1.750652
         0   0.021754   0.043452   0.065042    0.08647   0.107685   0.128636   0.149279   0.169568   0.189466   0.208935   0.227945   0.246471   0.264492   0.281995   0.298975   0.315432   0.331377   0.346827   0.361813   0.376373   0.390562   0.404445   0.418105   0.431641   0.445172   0.458836   0.472802   0.487262   0.502439   0.518596   0.536032   0.555094    0.57618   0.599743   0.626306   0.656458   0.690873   0.730313   0.775639   0.827821   0.887951   0.957248   1.037079   1.128965   1.234593    1.35583   1.494737    1.65358   1.834837
         0   0.025526   0.050989   0.076322   0.101465   0.126355   0.150936   0.175151   0.198949   0.222281   0.245107   0.267387    0.28909   0.310192   0.330674   0.350526   0.369745   0.388339   0.406325   0.423732   0.440597   0.456975   0.472933   0.488553   0.503938   0.519208   0.534508   0.550004   0.565895    0.58241   0.599814   0.618412   0.638558   0.660651   0.685155   0.712595    0.74357   0.778758   0.818928   0.864948   0.917797   0.978573   1.048504   1.128965   1.221485   1.327761    1.44967   1.589282   1.748872   1.930933
         0   0.029884   0.059692   0.089348   0.118781   0.147917   0.176688   0.205028   0.232877   0.260178   0.286879   0.312936   0.338309   0.362967   0.386889   0.410056   0.432465   0.454119   0.475033   0.495233    0.51476   0.533664   0.552015   0.569899   0.587416   0.604693   0.621874   0.639134   0.656672   0.674725   0.693561   0.713492   0.734874   0.758118    0.78369   0.812123   0.844023   0.880074   0.921053   0.967837   1.021409   1.082876   1.153477   1.234593   1.327761   1.434687   1.557259   1.697556   1.857862   2.040683
         0   0.034903   0.069717   0.104354   0.138727   0.172754   0.206351   0.239444    0.27196    0.30383   0.334995   0.365401   0.395002   0.423758   0.451639   0.478626   0.504708   0.529886   0.554172   0.577591   0.600181   0.621994   0.643101   0.663588    0.68356   0.703144    0.72249   0.741776   0.761208   0.781025   0.801503   0.822958   0.845756   0.870312   0.897098   0.926657     0.9596    0.99662   1.038502   1.086128   1.140493    1.20271   1.274026    1.35583    1.44967   1.557259   1.680495   1.821465   1.982465   2.166009
         0   0.040669   0.081234   0.121593   0.161645   0.201289   0.240432   0.278984   0.316861   0.353982   0.390276   0.425679   0.460136   0.493598   0.526031   0.557406   0.587708   0.616934   0.645093   0.672209   0.698317   0.723472   0.747743   0.771219   0.794008   0.816241   0.838071   0.859682   0.881284   0.903122   0.925479    0.94868   0.973093   0.999144   1.027314   1.058149   1.092271   1.130382   1.173274   1.221838   1.277077   1.340112   1.412199   1.494737   1.589282   1.697556   1.821465   1.963107   2.124788    2.30903
         0   0.047278   0.094434   0.141349   0.187906   0.233988   0.279487   0.324295   0.368315   0.411453   0.453625   0.494755   0.534776   0.573633   0.611279   0.647682    0.68282   0.716684   0.749282   0.780633   0.810772   0.839756   0.867651   0.894551   0.920567   0.945833   0.970508   0.994778   1.018863   1.043013   1.067518   1.092709   1.118966   1.146721   1.176461   1.208746   1.244204   1.283545   1.327571   1.377181   1.433388   1.497324   1.570251    1.65358   1.748872   1.857862   1.982465   2.124788   2.287145   2.472068
         0   0.054831   0.109521    0.16393   0.217923   0.271364   0.324126   0.376087   0.427128   0.477143   0.526033   0.573708    0.62009   0.665112   0.708717   0.750867   0.791531   0.830697   0.868368   0.904558   0.939306   0.972662     1.0047   1.035514   1.065216   1.093945   1.121869   1.149177   1.176095   1.202883   1.229837     1.2573   1.285656   1.315348   1.346876   1.380804   1.417772   1.458501   1.503801   1.554585   1.611871   1.676801   1.750652   1.834837   1.930933   2.040683   2.166009    2.30903   2.472068   2.657666