Time step 14:
        99	        99	        99	        99	        99	        99	        99	        99	        99	        99	        99	        99	        99	        99	        99	        99	        99	        99	        99	        99	        99	        99	        99	        99	        99	        99	        99	        99	        99	        99	        99	        99	        99	        99	        99	        99	        99	        99	        99	        99	        99	        99	        99	        99	        99	        99	        99	        99	        99	        99	        99	        99	        99	        99	        99	        99	        99	        99	        99	        99	        99	        99	        99	        99	        99	        99	        99	        99	        99	        99	        99	        99	        99	        99	        99	        99	        99	        99	        99	        99	        99	        99	        99	        99	        99	        99	        99	        99	        99	        99	        99	        99	        99	        99	        99	        99	        99	        99	        99	        99	        99	        99	        99	        99	        99	        99	        99	        99	        99	        99	        99	        99	        99	        99	        99	        99	        99	        99	        99	        99	        99	        99	        99	        99	        99	        99	        99	        99	        99	        99	        99	        99	        99	        99	        99	        99	        99	        99	        99	        99	        99	        99	        99	        99	        99	        99	        99	        99	        99	        99	        99	        99	        99	        99	        99	        99	        99	        99	        99	        99	        99	        99	        99	        99	        99	        99	        99	        99	        99	        99	        99	        99	        99	        99	        99	        99	        99	        99	        99	        99	        99	        99	        99	        99	        99	        99	        99	        99	        99	        99	        99	        99	        99	        99	        99	        99	        99	        99	        99	        99	
        99	 98.954653	 98.909348	 98.864124	 98.819022	 98.774082	 98.729345	 98.684849	 98.640634	 98.596736	 98.553193	 98.510042	 98.467316	  98.42505	 98.383277	 98.342028	 98.301334	 98.261223	 98.221722	 98.182857	 98.144653	 98.107131	 98.070314	  98.03422	 97.998867	 97.964272	 97.930447	 97.897407	 97.865161	  97.83372	 97.803091	 97.773279	 97.744289	 97.716124	 97.688785	 97.662271	 97.636581	 97.611712	  97.58766	 97.564417	 97.541978	 97.520334	 97.499476	 97.479393	 97.460073	 97.441506	 97.423676	 97.406572	 97.390177	 97.374476	 97.359455	 97.345095	 97.331381	 97.318295	  97.30582	 97.293938	  97.28263	  97.27188	 97.261667	 97.251976	 97.242786	  97.23408	  97.22584	 97.218049	 97.210687	 97.203738	 97.197184	  97.19101	 97.185197	 97.179729	 97.174592	 97.169768	 97.165244	 97.161004	 97.157034	  97.15332	 97.149849	 97.146608	 97.143584	 97.140765	  97.13814	 97.135698	 97.133427	 97.131319	 97.129362	 97.127548	 97.125868	 97.124313	 97.122875	 97.121547	 97.120321	 97.119191	  97.11815	 97.117191	  97.11631	   97.1155	 97.114757	 97.114075	  97.11345	 97.112878	 97.112355	 97.111877	  97.11144	 97.111042	 97.110679	 97.110349	 97.110048	 97.109775	 97.109526	 97.109301	 97.109097	 97.108912	 97.108745	 97.108594	 97.108457	 97.108334	 97.108223	 97.108123	 97.108033	 97.107952	 97.107879	 97.107813	 97.107755	 97.107702	 97.107655	 97.107613	 97.107576	 97.107542	 97.107512	 97.107486	 97.107462	 97.107441	 97.107422	 97.107405	 97.107391	 97.107378	 97.107366	 97.107356	 97.107347	 97.107339	 97.107331	 97.107325	  97.10732	 97.107315	 97.107311	 97.107307	 97.107304	 97.107301	 97.107298	 97.107296	 97.107294	 97.107292	 97.107291	  97.10729	 97.107289	 97.107288	 97.107287	 97.107286	 97.107285	 97.107285	 97.107284	 97.107284	 97.107284	 97.107283	 97.107283	 97.107283	 97.107283	 97.107282	 97.107282	 97.107282	 97.107282	 97.107282	 97.107282	 97.107282	 97.107282	 97.107282	 97.107282	 97.107282	 97.107282	 97.107281	 97.107281	 97.107281	 97.107281	 97.107281	 97.107281	 97.107281	 97.107281	 97.107281	 97.107281	 97.107281	 97.107281	 97.107281	 97.107281	 97.107281	 97.107281	 97.107281	 97.107281	 97.107281	 97.107281	 97.107281	
        99	 98.909348	 98.818777	  98.72837	 98.638207	 98.548368	 98.458934	 98.369983	 98.281591	 98.193836	 98.106789	 98.020525	 97.935112	 97.850619	  97.76711	  97.68465	 97.603298	 97.523111	 97.444145	 97.366451	 97.290076	 97.215068	 97.141466	 97.069311	 96.998637	 96.929477	 96.861859	 96.795808	 96.731346	 96.668492	  96.60726	 96.547664	  96.48971	 96.433405	 96.378752	 96.325748	 96.274392	 96.224677	 96.176593	 96.130129	 96.085271	 96.042002	 96.000304	 95.960156	 95.921535	 95.884417	 95.848774	  95.81458	 95.781805	 95.750418	 95.720388	 95.691682	 95.664267	 95.638107	 95.613167	 95.589413	 95.566809	 95.545317	 95.524902	 95.505527	 95.487156	 95.469753	 95.453281	 95.437704	 95.422987	 95.409095	 95.395994	  95.38365	  95.37203	   95.3611	 95.350829	 95.341187	 95.332142	 95.323666	  95.31573	 95.308305	 95.301366	 95.294887	 95.288841	 95.283207	 95.277959	 95.273077	 95.268538	 95.264322	 95.260411	 95.256784	 95.253425	 95.250317	 95.247443	 95.244788	 95.242337	 95.240078	 95.237996	  95.23608	 95.234318	 95.232699	 95.231213	  95.22985	 95.228601	 95.227457	 95.226412	 95.225456	 95.224583	 95.223787	 95.223062	 95.222401	   95.2218	 95.221254	 95.220758	 95.220307	 95.219899	  95.21953	 95.219195	 95.218893	  95.21862	 95.218374	 95.218151	 95.217951	 95.217771	 95.217609	 95.217464	 95.217333	 95.217216	 95.217111	 95.217017	 95.216933	 95.216858	 95.216791	 95.216731	 95.216678	  95.21663	 95.216588	 95.216551	 95.216517	 95.216488	 95.216462	 95.216438	 95.216418	   95.2164	 95.216384	 95.216369	 95.216357	 95.216346	 95.216336	 95.216328	  95.21632	 95.216314	 95.216308	 95.216303	 95.216299	 95.216295	 95.216291	 95.216288	 95.216286	 95.216284	 95.216282	  95.21628	 95.216279	 95.216277	 95.216276	 95.216275	 95.216274	 95.216274	 95.216273	 95.216273	 95.216272	 95.216272	 95.216271	 95.216271	 95.216271	 95.216271	  95.21627	  95.21627	  95.21627	  95.21627	  95.21627	  95.21627	  95.21627	  95.21627	  95.21627	  95.21627	 95.216269	 95.216269	 95.216269	 95.216269	 95.216269	 95.216269	 95.216269	 95.216269	 95.216269	 95.216269	 95.216269	 95.216269	 95.216269	 95.216269	 95.216269	 95.216269	 95.216269	 95.216269	 95.216269	
        99	 98.864124	  98.72837	  98.59286	 98.457717	 98.323061	 98.189011	 98.055684	 97.923196	 97.791662	  97.66119	  97.53189	 97.403867	 97.277222	 97.152054	 97.028456	  96.90652	  96.78633	  96.66797	 96.551516	  96.43704	 96.324612	 96.214293	 96.106141	  96.00021	 95.896548	 95.795196	 95.696195	 95.599574	 95.505364	 95.413586	 95.324258	 95.237393	 95.152999	  95.07108	 94.991635	 94.914658	 94.840141	 94.768069	 94.698426	 94.631189	 94.566335	 94.503835	 94.443658	  94.38577	 94.330134	 94.276711	 94.225458	 94.176333	 94.129288	 94.084277	  94.04125	 94.000157	 93.960947	 93.923566	 93.887962	  93.85408	 93.821867	 93.791268	 93.762227	 93.734691	 93.708606	 93.683916	 93.660568	 93.638509	 93.617688	 93.598051	 93.579549	 93.562131	 93.545749	 93.530354	 93.515902	 93.502345	  93.48964	 93.477744	 93.466616	 93.456215	 93.446503	 93.437442	 93.428996	 93.421131	 93.413813	  93.40701	 93.400691	 93.394828	 93.389393	 93.384358	 93.379699	 93.375391	 93.371411	 93.367738	 93.364352	 93.361231	  93.35836	 93.355718	 93.353292	 93.351064	 93.349021	 93.347149	 93.345435	 93.343868	 93.342435	 93.341127	 93.339934	 93.338847	 93.337856	 93.336955	 93.336137	 93.335393	 93.334718	 93.334107	 93.333553	 93.333052	 93.332599	 93.332189	  93.33182	 93.331487	 93.331187	 93.330917	 93.330674	 93.330456	  93.33026	 93.330085	 93.329927	 93.329786	 93.329661	 93.329548	 93.329448	 93.329358	 93.329278	 93.329207	 93.329144	 93.329087	 93.329037	 93.328993	 93.328954	 93.328919	 93.328888	 93.328861	 93.328837	 93.328816	 93.328797	 93.328781	 93.328766	 93.328754	 93.328742	 93.328733	 93.328724	 93.328716	  93.32871	 93.328704	 93.328699	 93.328695	 93.328691	 93.328687	 93.328684	 93.328682	  93.32868	 93.328678	 93.328676	 93.328675	 93.328673	 93.328672	 93.328671	 93.328671	  93.32867	 93.328669	 93.328669	 93.328668	 93.328668	 93.328668	 93.328667	 93.328667	 93.328667	 93.328667	 93.328667	 93.328666	 93.328666	 93.328666	 93.328666	 93.328666	 93.328666	 93.328666	 93.328666	 93.328666	 93.328666	 93.328666	 93.328666	 93.328666	 93.328666	 93.328666	 93.328666	 93.328666	 93.328666	 93.328666	 93.328666	 93.328666	 93.328666	 93.328666	 93.328666	
        99	 98.819022	 98.638207	 98.457717	 98.277716	 98.098363	 97.919817	 97.742234	  97.56577	 97.390574	 97.216795	 97.044577	 96.874058	 96.705376	  96.53866	 96.374036	 96.211625	 96.051541	 95.893893	 95.738783	  95.58631	 95.436562	 95.289625	 95.145574	 95.004481	  94.86641	 94.731417	 94.599553	 94.470861	 94.345379	 94.223137	 94.104158	  93.98846	 93.876053	 93.766942	 93.661126	 93.558599	 93.459347	 93.363352	 93.270592	 93.181037	 93.094656	  93.01141	 92.931259	 92.854156	 92.780052	 92.708896	 92.640631	 92.575199	 92.512538	 92.452587	 92.395278	 92.340545	 92.288319	  92.23853	 92.191108	  92.14598	 92.103074	 92.062318	 92.023638	 91.986962	 91.952218	 91.919332	 91.888235	 91.858855	 91.831121	 91.804967	 91.780323	 91.757123	 91.735303	 91.714799	 91.695549	 91.677492	  91.66057	 91.644726	 91.629904	 91.616051	 91.603115	 91.591046	 91.579797	 91.569321	 91.559574	 91.550512	 91.542097	 91.534288	 91.527048	 91.520342	 91.514136	 91.508398	 91.503098	 91.498206	 91.493695	 91.489539	 91.485714	 91.482196	 91.478964	 91.475997	 91.473276	 91.470782	 91.468499	 91.466411	 91.464503	 91.462761	 91.461172	 91.459724	 91.458405	 91.457205	 91.456114	 91.455124	 91.454225	 91.453411	 91.452673	 91.452005	 91.451402	 91.450857	 91.450365	 91.449921	 91.449521	 91.449162	 91.448838	 91.448548	 91.448287	 91.448053	 91.447844	 91.447656	 91.447488	 91.447339	 91.447205	 91.447085	 91.446979	 91.446884	   91.4468	 91.446725	 91.446659	   91.4466	 91.446547	 91.446501	  91.44646	 91.446424	 91.446392	 91.446363	 91.446339	 91.446317	 91.446297	  91.44628	 91.446265	 91.446252	 91.446241	 91.446231	 91.446222	 91.446214	 91.446208	 91.446202	 91.446197	 91.446192	 91.446188	 91.446185	 91.446182	 91.446179	 91.446177	 91.446175	 91.446174	 91.446172	 91.446171	  91.44617	 91.446169	 91.446168	 91.446167	 91.446167	 91.446166	 91.446166	 91.446166	 91.446165	 91.446165	 91.446165	 91.446165	 91.446164	 91.446164	 91.446164	 91.446164	 91.446164	 91.446164	 91.446164	 91.446164	 91.446164	 91.446164	 91.446164	 91.446164	 91.446164	 91.446163	 91.446163	 91.446163	 91.446163	 91.446163	 91.446163	 91.446163	 91.446163	 91.446163	 91.446163	 91.446163	
        99	 98.774082	 98.548368	 98.323061	 98.098363	 97.874474	 97.651592	 97.429914	 97.209631	 96.990932	 96.774001	 96.559018	 96.346158	 96.135589	 95.927475	 95.721973	 95.519233	 95.319398	 95.122603	 94.928978	 94.738644	 94.551712	 94.368287	 94.188467	 94.012339	 93.839982	 93.671469	 93.506861	 93.346214	 93.189573	 93.036976	 92.888453	 92.744025	 92.603706	 92.467501	  92.33541	 92.207424	 92.083526	 91.963695	 91.847901	 91.736109	 91.628277	 91.524361	 91.424306	 91.328057	 91.235553	 91.146728	 91.061512	 90.979832	 90.901612	 90.826773	 90.755234	  90.68691	 90.621716	 90.559564	 90.500366	 90.444032	 90.390472	 90.339596	 90.291311	 90.245528	 90.202156	 90.161105	 90.122285	 90.085609	  90.05099	  90.01834	 89.987577	 89.958617	 89.931379	 89.905783	 89.881753	 89.859212	 89.838088	  89.81831	 89.799807	 89.782514	 89.766366	 89.751301	 89.737258	 89.724181	 89.712013	 89.700702	 89.690196	 89.680448	  89.67141	 89.663039	 89.655292	  89.64813	 89.641513	 89.635406	 89.629775	 89.624587	 89.619812	 89.615421	 89.611386	 89.607683	 89.604286	 89.601173	 89.598324	 89.595717	 89.593335	 89.591161	 89.589177	 89.587369	 89.585722	 89.584224	 89.582863	 89.581627	 89.580505	 89.579488	 89.578567	 89.577734	  89.57698	   89.5763	 89.575686	 89.575132	 89.574633	 89.574184	 89.573781	 89.573418	 89.573092	 89.572801	 89.572539	 89.572305	 89.572095	 89.571908	 89.571741	 89.571592	 89.571459	 89.571341	 89.571236	 89.571142	 89.571059	 89.570986	 89.570921	 89.570863	 89.570812	 89.570766	 89.570726	 89.570691	  89.57066	 89.570633	 89.570609	 89.570587	 89.570569	 89.570552	 89.570538	 89.570526	 89.570515	 89.570505	 89.570497	 89.570489	 89.570483	 89.570477	 89.570472	 89.570468	 89.570465	 89.570461	 89.570459	 89.570456	 89.570454	 89.570452	 89.570451	 89.570449	 89.570448	 89.570447	 89.570446	 89.570446	 89.570445	 89.570444	 89.570444	 89.570444	 89.570443	 89.570443	 89.570443	 89.570443	 89.570442	 89.570442	 89.570442	 89.570442	 89.570442	 89.570442	 89.570442	 89.570442	 89.570442	 89.570442	 89.570441	 89.570441	 89.570441	 89.570441	 89.570441	 89.570441	 89.570441	 89.570441	 89.570441	 89.570441	 89.570441	 89.570441	 89.570441	
        99	 98.729345	 98.458934	 98.189011	 97.919817	 97.651592	 97.384575	 97.118999	 96.855094	 96.593087	 96.333199	 96.075644	 95.820633	 95.568366	 95.319041	 95.072844	 94.829957	 94.590549	 94.354785	 94.122817	 93.894792	 93.670843	 93.451096	 93.235667	 93.024661	 92.818173	  92.61629	 92.419086	 92.226627	 92.038967	 91.856153	 91.678218	  91.50519	 91.337084	 91.173908	  91.01566	 90.862329	 90.713897	 90.570336	 90.431612	 90.297682	 90.168498	 90.044003	 89.924135	 89.808827	 89.698005	 89.591589	 89.489498	 89.391644	 89.297935	 89.208276	  89.12257	 89.040717	 88.962613	 88.888153	 88.817233	 88.749743	 88.685577	 88.624626	  88.56678	 88.511931	  88.45997	 88.410789	 88.364283	 88.320344	 88.278869	 88.239754	 88.202899	 88.168204	 88.135572	 88.104908	 88.076119	 88.049115	 88.023808	 88.000112	 87.977946	 87.957229	 87.937883	 87.919834	 87.903011	 87.887344	 87.872766	 87.859215	 87.846629	 87.834951	 87.824124	 87.814095	 87.804814	 87.796233	 87.788306	  87.78099	 87.774244	 87.768029	 87.762308	 87.757047	 87.752213	 87.747776	 87.743707	 87.739978	 87.736564	 87.733441	 87.730588	 87.727982	 87.725606	  87.72344	 87.721467	 87.719673	 87.718042	 87.716561	 87.715217	 87.713998	 87.712895	 87.711897	 87.710994	 87.710179	 87.709443	  87.70878	 87.708182	 87.707644	 87.707161	 87.706726	 87.706336	 87.705987	 87.705673	 87.705393	 87.705142	 87.704918	 87.704718	 87.704539	  87.70438	 87.704238	 87.704112	    87.704	 87.703901	 87.703813	 87.703734	 87.703665	 87.703604	  87.70355	 87.703502	 87.703459	 87.703422	 87.703389	 87.703361	 87.703335	 87.703313	 87.703293	 87.703276	 87.703261	 87.703248	 87.703236	 87.703226	 87.703218	  87.70321	 87.703203	 87.703197	 87.703192	 87.703188	 87.703184	 87.703181	 87.703178	 87.703176	 87.703173	 87.703172	  87.70317	 87.703169	 87.703167	 87.703166	 87.703165	 87.703165	 87.703164	 87.703163	 87.703163	 87.703163	 87.703162	 87.703162	 87.703162	 87.703161	 87.703161	 87.703161	 87.703161	 87.703161	 87.703161	 87.703161	 87.703161	 87.703161	  87.70316	  87.70316	  87.70316	  87.70316	  87.70316	  87.70316	  87.70316	  87.70316	  87.70316	  87.70316	  87.70316	  87.70316	  87.70316	  87.70316	
        99	 98.684849	 98.369983	 98.055684	 97.742234	 97.429914	 97.118999	 96.809762	 96.502471	 96.197391	 95.894776	  95.59488	 95.297944	 95.004205	 94.713891	  94.42722	 94.144401	 93.865635	 93.591111	 93.321008	 93.055495	 92.794728	 92.538855	 92.288009	 92.042314	  91.80188	 91.566807	 91.337183	 91.113084	 90.894573	 90.681703	 90.474516	 90.273042	   90.0773	 89.887298	 89.703033	 89.524495	  89.35166	 89.184498	 89.022967	  88.86702	 88.716597	 88.571635	 88.432062	 88.297797	 88.168755	 88.044845	 87.925971	 87.812029	 87.702914	 87.598515	  87.49872	 87.403409	 87.312465	 87.225764	 87.143184	   87.0646	 86.989885	 86.918913	 86.851557	  86.78769	 86.727187	 86.669922	 86.615769	 86.564607	 86.516313	 86.470768	 86.427854	 86.387455	 86.349458	 86.313753	 86.280231	 86.248788	  86.21932	 86.191729	 86.165919	 86.141795	 86.119269	 86.098253	 86.078664	 86.060421	 86.043447	 86.027669	 86.013014	 85.999415	 85.986808	  85.97513	 85.964324	 85.954332	 85.945102	 85.936583	 85.928728	 85.921491	  85.91483	 85.908704	 85.903076	 85.897909	 85.893171	 85.888829	 85.884853	 85.881218	 85.877895	 85.874861	 85.872094	 85.869571	 85.867275	 85.865185	 85.863286	 85.861562	 85.859997	 85.858578	 85.857293	 85.856131	  85.85508	 85.854131	 85.853274	 85.852502	 85.851806	  85.85118	 85.850616	  85.85011	 85.849656	 85.849249	 85.848884	 85.848558	 85.848266	 85.848004	 85.847771	 85.847564	 85.847378	 85.847213	 85.847067	 85.846936	  85.84682	 85.846718	 85.846627	 85.846546	 85.846475	 85.846411	 85.846356	 85.846307	 85.846263	 85.846225	 85.846191	 85.846162	 85.846136	 85.846113	 85.846093	 85.846076	  85.84606	 85.846047	 85.846035	 85.846025	 85.846016	 85.846008	 85.846002	 85.845996	  85.84599	 85.845986	 85.845982	 85.845979	 85.845976	 85.845973	 85.845971	 85.845969	 85.845968	 85.845966	 85.845965	 85.845964	 85.845963	 85.845963	 85.845962	 85.845961	 85.845961	  85.84596	  85.84596	  85.84596	  85.84596	 85.845959	 85.845959	 85.845959	 85.845959	 85.845959	 85.845959	 85.845959	 85.845958	 85.845958	 85.845958	 85.845958	 85.845958	 85.845958	 85.845958	 85.845958	 85.845958	 85.845958	 85.845958	 85.845958	 85.845958	 85.845958	 85.845958	
        99	 98.640634	 98.281591	 97.923196	  97.56577	 97.209631	 96.855094	 96.502471	 96.152068	 95.804184	 95.459114	 95.117141	 94.778546	 94.443595	  94.11255	 93.785658	  93.46316	 93.145283	 92.832244	 92.524245	 92.221481	 91.924129	 91.632357	 91.346317	 91.066151	 90.791984	 90.523931	  90.26209	 90.006549	 89.757381	 89.514646	 89.278391	  89.04865	 88.825445	 88.608786	 88.398669	 88.195082	 87.997998	 87.807383	  87.62319	 87.445363	 87.273836	 87.108536	  86.94938	 86.796278	 86.649132	 86.507837	 86.372284	 86.242357	 86.117933	 85.998887	  85.88509	 85.776407	 85.672703	 85.573839	 85.479673	 85.390063	 85.304866	 85.223936	  85.14713	 85.074303	 85.005312	 84.940012	 84.878262	 84.819921	 84.764852	 84.712917	 84.663982	 84.617915	 84.574588	 84.533873	 84.495648	 84.459793	 84.426191	 84.394729	 84.365297	 84.337789	 84.312103	 84.288138	 84.265801	 84.244998	 84.225643	  84.20765	  84.19094	 84.175433	 84.161057	 84.147741	 84.135418	 84.124025	   84.1135	 84.103786	 84.094828	 84.086576	  84.07898	 84.071995	 84.065577	 84.059686	 84.054282	 84.049331	 84.044798	 84.040652	 84.036864	 84.033404	 84.030248	 84.027372	 84.024753	 84.022371	 84.020205	 84.018239	 84.016454	 84.014837	 84.013372	 84.012046	 84.010848	 84.009765	 84.008788	 84.007908	 84.007114	   84.0064	 84.005758	 84.005181	 84.004663	 84.004199	 84.003783	  84.00341	 84.003077	  84.00278	 84.002514	 84.002277	 84.002066	 84.001877	  84.00171	 84.001561	 84.001429	 84.001312	 84.001208	 84.001116	 84.001035	 84.000963	   84.0009	 84.000843	 84.000794	  84.00075	 84.000712	 84.000678	 84.000649	 84.000623	   84.0006	  84.00058	 84.000563	 84.000547	 84.000534	 84.000522	 84.000512	 84.000503	 84.000496	 84.000489	 84.000483	 84.000478	 84.000474	  84.00047	 84.000466	 84.000464	 84.000461	 84.000459	 84.000457	 84.000456	 84.000454	 84.000453	 84.000452	 84.000451	  84.00045	  84.00045	 84.000449	 84.000449	 84.000448	 84.000448	 84.000448	 84.000447	 84.000447	 84.000447	 84.000447	 84.000447	 84.000447	 84.000447	 84.000447	 84.000446	 84.000446	 84.000446	 84.000446	 84.000446	 84.000446	 84.000446	 84.000446	 84.000446	 84.000446	 84.000446	 84.000446	 84.000446	 84.000446	
        99	 98.596736	 98.193836	 97.791662	 97.390574	 96.990932	 96.593087	 96.197391	 95.804184	 95.413806	 95.026583	 94.642838	 94.262882	 93.887016	 93.515533	  93.14871	 92.786818	 92.430112	 92.078833	 91.733212	 91.393463	 91.059789	 90.732376	 90.411396	 90.097006	 89.789349	 89.488552	 89.194727	 88.907971	 88.628367	 88.355981	 88.090866	 87.833062	 87.582592	 87.339466	 87.103684	 86.875227	  86.65407	  86.44017	 86.233477	 86.033928	 85.841449	 85.655957	 85.477359	 85.305555	 85.140435	 84.981881	  84.82977	 84.683971	 84.544348	 84.410761	 84.283063	 84.161105	 84.044733	 83.933792	 83.828123	 83.727567	 83.631963	 83.541147	 83.454959	 83.373236	 83.295817	 83.222541	 83.153248	 83.087781	 83.025985	 82.967706	 82.912793	 82.861099	 82.812479	 82.766791	 82.723896	 82.683661	 82.645955	  82.61065	 82.577623	 82.546755	  82.51793	 82.491039	 82.465973	 82.442629	  82.42091	 82.400719	 82.381967	 82.364566	 82.348434	 82.333492	 82.319664	 82.306878	 82.295067	 82.284167	 82.274115	 82.264855	 82.256332	 82.248493	 82.241291	  82.23468	 82.228617	 82.223061	 82.217974	 82.213322	  82.20907	 82.205188	 82.201647	  82.19842	 82.195481	 82.192807	 82.190377	  82.18817	 82.186168	 82.184353	 82.182709	 82.181221	 82.179876	 82.178662	 82.177565	 82.176577	 82.175687	 82.174885	 82.174165	 82.173517	 82.172936	 82.172415	 82.171948	  82.17153	 82.171157	 82.170823	 82.170524	 82.170258	 82.170021	  82.16981	 82.169623	 82.169456	 82.169307	 82.169176	 82.169059	 82.168956	 82.168865	 82.168784	 82.168713	  82.16865	 82.168594	 82.168546	 82.168503	 82.168465	 82.168432	 82.168402	 82.168377	 82.168354	 82.168335	 82.168318	 82.168303	  82.16829	 82.168278	 82.168268	  82.16826	 82.168252	 82.168246	  82.16824	 82.168235	 82.168231	 82.168227	 82.168224	 82.168221	 82.168219	 82.168216	 82.168215	 82.168213	 82.168212	 82.168211	  82.16821	 82.168209	 82.168208	 82.168208	 82.168207	 82.168207	 82.168206	 82.168206	 82.168206	 82.168205	 82.168205	 82.168205	 82.168205	 82.168205	 82.168205	 82.168205	 82.168204	 82.168204	 82.168204	 82.168204	 82.168204	 82.168204	 82.168204	 82.168204	 82.168204	 82.168204	 82.168204	 82.168204	 82.168204	 82.168204	
        99	 98.553193	 98.106789	  97.66119	 97.216795	 96.774001	 96.333199	 95.894776	 95.459114	 95.026583	  94.59755	  94.17237	 93.751388	 93.334938	 92.923343	 92.516913	 92.115945	 91.720722	 91.331514	 90.948574	 90.572141	 90.202438	 89.839673	 89.484034	 89.135698	 88.794822	 88.461546	 88.135995	 87.818276	 87.508481	 87.206684	 86.912943	 86.627302	 86.349787	 86.080411	 85.819169	 85.566045	 85.321008	 85.084012	 84.855001	 84.633905	 84.420643	 84.215122	 84.017241	 83.826886	 83.643936	 83.468263	 83.299727	 83.138186	 82.983487	 82.835476	 82.693989	 82.558862	 82.429925	 82.307005	 82.189927	 82.078513	 81.972586	 81.871965	 81.776471	 81.685924	 81.600145	 81.518956	 81.442181	 81.369646	 81.301177	 81.236605	 81.175763	 81.118487	 81.064617	 81.013996	  80.96647	 80.921891	 80.880113	 80.840996	 80.804403	 80.770202	 80.738265	  80.70847	 80.680697	 80.654833	 80.630768	 80.608398	 80.587621	 80.568341	 80.550467	 80.533912	  80.51859	 80.504424	 80.491338	 80.479261	 80.468124	 80.457864	  80.44842	 80.439735	 80.431756	 80.424431	 80.417713	 80.411557	 80.405921	 80.400766	 80.396055	 80.391754	 80.387831	 80.384255	 80.380999	 80.378036	 80.375344	 80.372899	  80.37068	 80.368669	 80.366847	 80.365199	 80.363709	 80.362363	 80.361149	 80.360054	 80.359067	 80.358179	 80.357381	 80.356664	  80.35602	 80.355443	 80.354925	 80.354462	 80.354048	 80.353678	 80.353348	 80.353053	  80.35279	 80.352556	 80.352348	 80.352163	 80.351999	 80.351854	 80.351724	  80.35161	 80.351509	 80.351419	  80.35134	 80.351271	 80.351209	 80.351155	 80.351108	 80.351066	 80.351029	 80.350996	 80.350968	 80.350943	 80.350922	 80.350903	 80.350886	 80.350872	 80.350859	 80.350848	 80.350838	  80.35083	 80.350823	 80.350816	 80.350811	 80.350806	 80.350802	 80.350798	 80.350795	 80.350793	  80.35079	 80.350789	 80.350787	 80.350785	 80.350784	 80.350783	 80.350782	 80.350781	 80.350781	  80.35078	  80.35078	 80.350779	 80.350779	 80.350778	 80.350778	 80.350778	 80.350778	 80.350778	 80.350777	 80.350777	 80.350777	 80.350777	 80.350777	 80.350777	 80.350777	 80.350777	 80.350777	 80.350777	 80.350777	 80.350777	 80.350777	 80.350777	 80.350777	 80.350777	 80.350777	
        99	 98.510042	 98.020525	  97.53189	 97.044577	 96.559018	 96.075644	  95.59488	 95.117141	 94.642838	  94.17237	 93.706127	 93.244486	 92.787816	  92.33647	 91.890788	 91.451096	 91.017703	 90.590906	 90.170983	 89.758194	 89.352786	 88.954985	    88.565	 88.183022	 87.809225	 87.443762	 87.086769	 86.738366	 86.398651	 86.067707	 85.745598	  85.43237	 85.128054	 84.832661	 84.546189	 84.268619	 83.999916	 83.740032	 83.488904	 83.246455	 83.012596	 82.787227	 82.570234	 82.361495	 82.160877	 81.968237	 81.783424	 81.606281	 81.436642	 81.274336	 81.119185	 80.971008	 80.829618	 80.694827	 80.566442	 80.444268	  80.32811	 80.217771	 80.113054	 80.013762	 79.919699	  79.83067	  79.74648	 79.666939	 79.591858	  79.52105	 79.454332	 79.391525	 79.332452	 79.276942	 79.224826	 79.175941	 79.130128	 79.087233	 79.047106	 79.009602	 78.974581	 78.941908	 78.911453	 78.883091	 78.856702	 78.832171	 78.809388	 78.788246	 78.768646	 78.750491	  78.73369	 78.718156	 78.703806	 78.690562	  78.67835	 78.667099	 78.656743	 78.647219	 78.638469	 78.630437	  78.62307	  78.61632	  78.61014	 78.604487	 78.599321	 78.594605	 78.590302	 78.586381	  78.58281	 78.579562	 78.576609	 78.573928	 78.571495	  78.56929	 78.567292	 78.565485	 78.563851	 78.562375	 78.561043	 78.559843	 78.558761	 78.557787	 78.556912	 78.556125	 78.555419	 78.554786	 78.554219	 78.553711	 78.553257	 78.552851	 78.552489	 78.552166	 78.551878	 78.551621	 78.551393	  78.55119	  78.55101	 78.550851	 78.550709	 78.550584	 78.550473	 78.550374	 78.550288	 78.550211	 78.550144	 78.550085	 78.550032	 78.549986	 78.549946	 78.549911	  78.54988	 78.549852	 78.549829	 78.549808	  78.54979	 78.549774	  78.54976	 78.549748	 78.549737	 78.549728	  78.54972	 78.549713	 78.549707	 78.549702	 78.549697	 78.549694	  78.54969	 78.549687	 78.549685	 78.549683	 78.549681	 78.549679	 78.549678	 78.549677	 78.549676	 78.549675	 78.549674	 78.549673	 78.549673	 78.549672	 78.549672	 78.549672	 78.549671	 78.549671	 78.549671	 78.549671	  78.54967	  78.54967	  78.54967	  78.54967	  78.54967	  78.54967	  78.54967	  78.54967	  78.54967	  78.54967	  78.54967	  78.54967	  78.54967	  78.54967	  78.54967	  78.54967	  78.54967	
        99	 98.467316	 97.935112	 97.403867	 96.874058	 96.346158	 95.820633	 95.297944	 94.778546	 94.262882	 93.751388	 93.244486	  92.74259	 92.246097	 91.755393	 91.270846	 90.792811	 90.321625	  89.85761	 89.401068	 88.952284	 88.511523	 88.079033	  87.65504	 87.239753	 86.833359	 86.436026	 86.047904	 85.669118	  85.29978	 84.939977	 84.589778	 84.249236	 83.918382	 83.597231	 83.285778	 82.984003	 82.691868	 82.409322	 82.136294	 81.872703	 81.618451	 81.373429	 81.137514	 80.910572	  80.69246	 80.483021	 80.282092	 80.089502	  79.90507	  79.72861	  79.55993	 79.398831	 79.245112	 79.098567	 78.958986	 78.826158	 78.699871	  78.57991	 78.466062	 78.358111	 78.255845	 78.159052	 78.067521	 77.981044	 77.899415	 77.822433	 77.749897	 77.681612	 77.617388	 77.557038	 77.500377	  77.44723	 77.397422	 77.350786	  77.30716	 77.266385	  77.22831	 77.192788	 77.159677	 77.128842	 77.100152	 77.073482	 77.048712	 77.025727	 77.004417	 76.984679	 76.966413	 76.949525	 76.933923	 76.919524	 76.906247	 76.894015	 76.882756	 76.872402	 76.862889	 76.854156	 76.846147	 76.838808	 76.832089	 76.825943	 76.820327	 76.815199	 76.810521	 76.806258	 76.802376	 76.798845	 76.795634	 76.792719	 76.790074	 76.787677	 76.785505	  76.78354	 76.781764	 76.780159	 76.778711	 76.777406	  76.77623	 76.775171	 76.774219	 76.773364	 76.772597	 76.771908	 76.771292	  76.77074	 76.770246	 76.769805	 76.769411	 76.769059	 76.768746	 76.768467	 76.768219	 76.767999	 76.767803	 76.767629	 76.767476	 76.767339	 76.767219	 76.767112	 76.767018	 76.766935	 76.766861	 76.766797	  76.76674	  76.76669	 76.766646	 76.766608	 76.766574	 76.766544	 76.766518	 76.766496	 76.766476	 76.766459	 76.766444	  76.76643	 76.766419	 76.766409	   76.7664	 76.766393	 76.766386	 76.766381	 76.766376	 76.766372	 76.766368	 76.766365	 76.766362	  76.76636	 76.766358	 76.766356	 76.766354	 76.766353	 76.766352	 76.766351	  76.76635	  76.76635	 76.766349	 76.766348	 76.766348	 76.766348	 76.766347	 76.766347	 76.766347	 76.766347	 76.766347	 76.766346	 76.766346	 76.766346	 76.766346	 76.766346	 76.766346	 76.766346	 76.766346	 76.766346	 76.766346	 76.766346	 76.766346	 76.766346	 76.766346	 76.766346	 76.766346	
        99	  98.42505	 97.850619	 97.277222	 96.705376	 96.135589	 95.568366	 95.004205	 94.443595	 93.887016	 93.334938	 92.787816	 92.246097	  91.71021	 91.180571	 90.657578	 90.141613	 89.633042	 89.132209	 88.639443	  88.15505	 87.679317	 87.212511	 86.754877	 86.306638	 85.867999	 85.439141	 85.020222	 84.611383	 84.212739	 83.824387	 83.446402	  83.07884	 82.721735	 82.375101	 82.038936	 81.713217	 81.397903	 81.092938	 80.798247	 80.513741	 80.239316	 79.974853	 79.720219	 79.475271	 79.239852	 79.013795	 78.796924	 78.589053	 78.389987	 78.199526	 78.017462	 77.843581	 77.677665	 77.519492	 77.368836	 77.225469	 77.089161	 76.959682	 76.836801	 76.720285	 76.609905	 76.505432	 76.406638	 76.313299	 76.225194	 76.142103	 76.063812	  75.99011	  75.92079	  75.85565	 75.794494	  75.73713	  75.68337	 75.633034	 75.585946	 75.541936	  75.50084	 75.462499	 75.426762	  75.39348	 75.362514	 75.333727	 75.306992	 75.282183	 75.259183	 75.237879	 75.218163	 75.199934	 75.183095	 75.167554	 75.153223	  75.14002	 75.127868	 75.116692	 75.106424	 75.096999	 75.088354	 75.080432	  75.07318	 75.066547	 75.060485	 75.054951	 75.049902	   75.0453	  75.04111	 75.037299	 75.033834	 75.030687	 75.027833	 75.025245	 75.022901	  75.02078	 75.018863	 75.017131	 75.015568	 75.014159	 75.012889	 75.011747	 75.010719	 75.009797	 75.008968	 75.008225	 75.007559	 75.006964	 75.006431	 75.005954	 75.005529	  75.00515	 75.004812	 75.004511	 75.004243	 75.004005	 75.003794	 75.003607	 75.003441	 75.003293	 75.003163	 75.003048	 75.002946	 75.002857	 75.002778	 75.002708	 75.002647	 75.002593	 75.002545	 75.002504	 75.002467	 75.002435	 75.002408	 75.002383	 75.002362	 75.002343	 75.002327	 75.002313	   75.0023	 75.002289	  75.00228	 75.002272	 75.002265	 75.002259	 75.002254	 75.002249	 75.002245	 75.002242	 75.002239	 75.002236	 75.002234	 75.002232	 75.002231	 75.002229	 75.002228	 75.002227	 75.002226	 75.002225	 75.002225	 75.002224	 75.002224	 75.002223	 75.002223	 75.002223	 75.002222	 75.002222	 75.002222	 75.002222	 75.002222	 75.002222	 75.002222	 75.002221	 75.002221	 75.002221	 75.002221	 75.002221	 75.002221	 75.002221	 75.002221	 75.002221	 75.002221	 75.002221	 75.002221	
        99	 98.383277	  97.76711	 97.152054	  96.53866	 95.927475	 95.319041	 94.713891	  94.11255	 93.515533	 92.923343	  92.33647	 91.755393	 91.180571	  90.61245	 90.051459	 89.498007	 88.952485	 88.415265	 87.886697	  87.36711	 86.856813	 86.356091	 85.865207	 85.384402	 84.913894	 84.453876	 84.004522	 83.565978	  83.13837	 82.721803	 82.316356	 81.922088	 81.539037	 81.167219	  80.80663	 80.457245	 80.119023	   79.7919	 79.475799	 79.170622	 78.876259	 78.592581	 78.319447	 78.056702	 77.804178	 77.561697	  77.32907	 77.106095	 76.892567	 76.688268	 76.492976	 76.306461	 76.128491	 75.958825	 75.797223	  75.64344	  75.49723	 75.358343	 75.226534	 75.101552	 74.983153	 74.871089	 74.765117	 74.664997	  74.57049	 74.481363	 74.397383	 74.318326	  74.24397	 74.174098	 74.108498	 74.046966	   73.9893	 73.935307	 73.884798	 73.837591	 73.793509	 73.752383	 73.714048	 73.678349	 73.645132	 73.614254	 73.585576	 73.558965	 73.534294	 73.511442	 73.490294	 73.470741	 73.452678	 73.436008	 73.420636	 73.406474	 73.393438	 73.381451	 73.370437	 73.360326	 73.351053	 73.342556	 73.334778	 73.327662	  73.32116	 73.315223	 73.309808	 73.304872	 73.300378	 73.296289	 73.292572	 73.289197	 73.286135	 73.283359	 73.280845	  73.27857	 73.276513	 73.274656	 73.272979	 73.271468	 73.270106	  73.26888	 73.267778	 73.266788	   73.2659	 73.265103	 73.264389	  73.26375	 73.263178	 73.262667	 73.262211	 73.261804	 73.261442	 73.261119	 73.260832	 73.260577	  73.26035	 73.260149	 73.259971	 73.259813	 73.259673	  73.25955	 73.259441	 73.259345	  73.25926	 73.259185	 73.259119	 73.259061	 73.259011	 73.258966	 73.258927	 73.258893	 73.258863	 73.258836	 73.258813	 73.258793	 73.258776	 73.258761	 73.258748	 73.258736	 73.258726	 73.258717	  73.25871	 73.258703	 73.258698	 73.258693	 73.258688	 73.258685	 73.258682	 73.258679	 73.258677	 73.258675	 73.258673	 73.258671	  73.25867	 73.258669	 73.258668	 73.258667	 73.258666	 73.258666	 73.258665	 73.258665	 73.258665	 73.258664	 73.258664	 73.258664	 73.258664	 73.258663	 73.258663	 73.258663	 73.258663	 73.258663	 73.258663	 73.258663	 73.258663	 73.258663	 73.258663	 73.258663	 73.258663	 73.258663	 73.258663	 73.258663	 73.258663	
        99	 98.342028	  97.68465	 97.028456	 96.374036	 95.721973	 95.072844	  94.42722	 93.785658	  93.14871	 92.516913	 91.890788	 91.270846	 90.657578	 90.051459	 89.452946	 88.862478	 88.280469	 87.707318	 87.143397	 86.589059	 86.044631	 85.510418	 84.986702	 84.473739	 83.971762	 83.480976	 83.001567	 82.533692	 82.077484	 81.633055	  81.20049	 80.779853	 80.371182	 79.974495	 79.589788	 79.217036	 78.856191	  78.50719	 78.169946	 77.844358	 77.530306	 77.227655	 76.936253	 76.655934	 76.386521	 76.127822	 75.879635	 75.641748	 75.413938	 75.195974	  74.98762	 74.788631	 74.598757	 74.417744	 74.245334	 74.081265	 73.925275	 73.777099	 73.636474	 73.503133	 73.376815	 73.257256	 73.144196	  73.03738	 72.936552	 72.841463	 72.751867	 72.667522	 72.588192	 72.513647	  72.44366	 72.378012	  72.31649	 72.258885	 72.204998	 72.154633	 72.107603	 72.063726	 72.022828	  71.98474	 71.949302	 71.916359	 71.885763	 71.857372	  71.83105	  71.80667	 71.784108	 71.763247	 71.743976	 71.726191	  71.70979	 71.694681	 71.680774	 71.667985	 71.656234	 71.645447	 71.635554	 71.626489	  71.61819	 71.610599	 71.603662	 71.597328	  71.59155	 71.586284	 71.581489	 71.577127	 71.573162	 71.569561	 71.566294	 71.563332	  71.56065	 71.558223	 71.556029	 71.554047	 71.552258	 71.550646	 71.549193	 71.547885	  71.54671	 71.545653	 71.544705	 71.543855	 71.543093	 71.542411	 71.541802	 71.541257	  71.54077	 71.540336	 71.539949	 71.539605	 71.539298	 71.539026	 71.538784	  71.53857	  71.53838	 71.538211	 71.538062	 71.537931	 71.537814	 71.537712	 71.537621	 71.537541	 71.537471	  71.53741	 71.537355	 71.537308	 71.537266	 71.537229	 71.537197	  71.53717	 71.537145	 71.537124	 71.537105	 71.537089	 71.537075	 71.537062	 71.537052	 71.537042	 71.537034	 71.537027	 71.537021	 71.537016	 71.537012	 71.537008	 71.537004	 71.537001	 71.536999	 71.536997	 71.536995	 71.536993	 71.536992	 71.536991	  71.53699	 71.536989	 71.536988	 71.536988	 71.536987	 71.536987	 71.536986	 71.536986	 71.536986	 71.536985	 71.536985	 71.536985	 71.536985	 71.536985	 71.536985	 71.536985	 71.536984	 71.536984	 71.536984	 71.536984	 71.536984	 71.536984	 71.536984	 71.536984	 71.536984	 71.536984	 71.536984	
        99	 98.301334	 97.603298	  96.90652	 96.211625	 95.519233	 94.829957	 94.144401	  93.46316	 92.786818	 92.115945	 91.451096	 90.792811	 90.141613	 89.498007	 88.862478	 88.235489	 87.617485	 87.008885	 86.410087	 85.821463	 85.243363	 84.676111	 84.120004	 83.575315	 83.042291	 82.521152	 82.012091	 81.515279	 81.030856	  80.55894	 80.099621	 79.652968	 79.219021	   78.7978	   78.3893	 77.993493	 77.610331	 77.239744	 76.881643	 76.535918	 76.202443	 75.881073	 75.571648	 75.273992	 74.987916	 74.713217	 74.449681	  74.19708	  73.95518	 73.723736	 73.502496	   73.2912	 73.089582	 72.897374	   72.7143	 72.540084	 72.374446	 72.217106	 72.067783	 71.926196	 71.792065	 71.665111	 71.545059	 71.431636	 71.324573	 71.223602	 71.128465	 71.038903	 70.954668	 70.875512	 70.801196	 70.731488	 70.666161	 70.604993	 70.547773	 70.494293	 70.444354	 70.397764	 70.354336	 70.313893	 70.276263	 70.241283	 70.208794	 70.178647	 70.150698	 70.124809	 70.100852	   70.0787	 70.058238	 70.039352	 70.021938	 70.005894	 69.991127	 69.977547	 69.965069	 69.953615	  69.94311	 69.933485	 69.924672	 69.916611	 69.909245	  69.90252	 69.896384	 69.890793	 69.885701	 69.881069	 69.876859	 69.873035	 69.869566	 69.866422	 69.863573	 69.860996	 69.858666	 69.856562	 69.854663	  69.85295	 69.851408	 69.850019	 69.848771	 69.847649	 69.846643	  69.84574	 69.844931	 69.844207	 69.843559	 69.842981	 69.842464	 69.842003	 69.841592	 69.841227	 69.840901	 69.840612	 69.840355	 69.840128	 69.839926	 69.839747	 69.839589	 69.839449	 69.839325	 69.839216	  69.83912	 69.839036	 69.838961	 69.838896	 69.838838	 69.838787	 69.838743	 69.838704	  69.83867	 69.838641	 69.838615	 69.838592	 69.838572	 69.838555	  69.83854	 69.838527	 69.838516	 69.838506	 69.838497	  69.83849	 69.838483	 69.838478	 69.838473	 69.838469	 69.838465	 69.838462	  69.83846	 69.838457	 69.838455	 69.838454	 69.838452	 69.838451	  69.83845	 69.838449	 69.838448	 69.838448	 69.838447	 69.838447	 69.838446	 69.838446	 69.838445	 69.838445	 69.838445	 69.838445	 69.838445	 69.838445	 69.838444	 69.838444	 69.838444	 69.838444	 69.838444	 69.838444	 69.838444	 69.838444	 69.838444	 69.838444	 69.838444	 69.838444	 69.838444	
        99	 98.261223	 97.523111	  96.78633	 96.051541	 95.319398	 94.590549	 93.865635	 93.145283	 92.430112	 91.720722	 91.017703	 90.321625	 89.633042	 88.952485	 88.280469	 87.617485	    86.964	  86.32046	 85.687284	 85.064866	 84.453577	 83.853758	 83.265724	 82.689764	 82.126138	  81.57508	 81.036794	 80.511458	 79.999224	 79.500215	 79.014526	  78.54223	  78.08337	 77.637966	 77.206013	 76.787483	 76.382323	  75.99046	   75.6118	 75.246226	 74.893606	 74.553785	 74.226596	 73.911852	 73.609352	 73.318882	 73.040215	 72.773113	 72.517325	 72.272594	 72.038651	 71.815224	 71.602032	 71.398789	 71.205204	 71.020986	 70.845839	 70.679466	  70.52157	 70.371854	 70.230022	  70.09578	 69.968836	 69.848901	 69.735691	 69.628924	 69.528324	 69.433621	 69.344549	 69.260849	 69.182267	 69.108557	 69.039479	   68.9748	 68.914294	 68.857744	 68.804938	 68.755673	 68.709752	 68.666987	 68.627197	 68.590208	 68.555854	 68.523976	 68.494422	 68.467048	 68.441715	 68.418292	 68.396654	 68.376685	  68.35827	 68.341306	 68.325691	 68.311331	 68.298137	 68.286025	 68.274917	 68.264739	  68.25542	 68.246897	 68.239108	 68.231996	 68.225509	 68.219596	 68.214212	 68.209314	 68.204862	 68.200819	 68.197151	 68.193825	 68.190814	 68.188089	 68.185625	   68.1834	 68.181391	 68.179581	  68.17795	 68.176482	 68.175161	 68.173976	 68.172911	 68.171956	 68.171101	 68.170335	 68.169651	 68.169039	 68.168492	 68.168005	 68.167571	 68.167184	  68.16684	 68.166534	 68.166263	 68.166022	 68.165809	 68.165619	 68.165452	 68.165304	 68.165174	 68.165058	 68.164957	 68.164867	 68.164788	 68.164719	 68.164658	 68.164605	 68.164558	 68.164517	 68.164481	  68.16445	 68.164422	 68.164398	 68.164377	 68.164359	 68.164343	 68.164329	 68.164317	 68.164307	 68.164298	  68.16429	 68.164283	 68.164277	 68.164272	 68.164268	 68.164264	 68.164261	 68.164258	 68.164256	 68.164254	 68.164252	  68.16425	 68.164249	 68.164248	 68.164247	 68.164246	 68.164245	 68.164245	 68.164244	 68.164244	 68.164244	 68.164243	 68.164243	 68.164243	 68.164243	 68.164242	 68.164242	 68.164242	 68.164242	 68.164242	 68.164242	 68.164242	 68.164242	 68.164242	 68.164242	 68.164242	 68.164242	 68.164242	 68.164242	 68.164242	
