Time step 95:
        99	        99	        99	        99	        99	        99	        99	        99	        99	        99	        99	        99	        99	        99	        99	        99	        99	        99	        99	        99	        99	        99	        99	        99	        99	        99	        99	        99	        99	        99	        99	        99	        99	        99	        99	        99	        99	        99	        99	        99	        99	        99	        99	        99	        99	        99	        99	        99	        99	        99	        99	        99	        99	        99	        99	        99	        99	        99	        99	        99	        99	        99	        99	        99	        99	        99	        99	        99	        99	        99	        99	        99	        99	        99	        99	        99	        99	        99	        99	        99	        99	        99	        99	        99	        99	        99	        99	        99	        99	        99	        99	        99	        99	        99	        99	        99	        99	        99	        99	        99	        99	        99	        99	        99	        99	        99	        99	        99	        99	        99	        99	        99	        99	        99	        99	        99	        99	        99	        99	        99	        99	        99	        99	        99	        99	        99	        99	        99	        99	        99	        99	        99	        99	        99	        99	        99	        99	        99	        99	        99	        99	        99	        99	        99	        99	        99	        99	        99	        99	        99	        99	        99	        99	        99	        99	        99	        99	        99	        99	        99	        99	        99	        99	        99	        99	        99	        99	        99	        99	        99	        99	        99	        99	        99	        99	        99	        99	        99	        99	        99	        99	        99	        99	        99	        99	        99	        99	        99	        99	        99	        99	        99	        99	        99	        99	        99	        99	        99	        99	        99	
        99	 98.993317	 98.986634	 98.979954	 98.973276	 98.966601	 98.959932	 98.953267	 98.946608	 98.939957	 98.933314	 98.926679	 98.920054	  98.91344	 98.906837	 98.900247	 98.893669	 98.887106	 98.880557	 98.874024	 98.867508	 98.861009	 98.854528	 98.848066	 98.841624	 98.835202	 98.828802	 98.822423	 98.816068	 98.809736	 98.803429	 98.797147	  98.79089	 98.784661	 98.778458	 98.772284	 98.766138	 98.760022	 98.753936	  98.74788	 98.741856	 98.735864	 98.729904	 98.723978	 98.718085	 98.712227	 98.706404	 98.700617	 98.694866	 98.689151	 98.683474	 98.677834	 98.672233	  98.66667	 98.661146	 98.655662	 98.650218	 98.644815	 98.639453	 98.634132	 98.628852	 98.623615	  98.61842	 98.613268	 98.608159	 98.603094	 98.598072	 98.593095	 98.588162	 98.583273	 98.578429	 98.573631	 98.568878	  98.56417	 98.559508	 98.554892	 98.550322	 98.545799	 98.541322	 98.536891	 98.532507	  98.52817	  98.52388	 98.519636	  98.51544	 98.511291	 98.507189	 98.503134	 98.499126	 98.495165	 98.491252	 98.487385	 98.483566	 98.479794	 98.476069	 98.472391	  98.46876	 98.465175	 98.461638	 98.458147	 98.454702	 98.451304	 98.447952	 98.444647	 98.441387	 98.438173	 98.435005	 98.431882	 98.428805	 98.425773	 98.422785	 98.419843	 98.416945	 98.414091	 98.411281	 98.408515	 98.405793	 98.403114	 98.400478	 98.397885	 98.395335	 98.392827	 98.390361	 98.387937	 98.385554	 98.383213	 98.380913	 98.378653	 98.376434	 98.374255	 98.372115	 98.370015	 98.367955	 98.365933	  98.36395	 98.362005	 98.360098	 98.358229	 98.356398	 98.354603	 98.352845	 98.351124	 98.349439	 98.347789	 98.346176	 98.344597	 98.343053	 98.341545	  98.34007	  98.33863	 98.337223	  98.33585	 98.334509	 98.333202	 98.331928	 98.330685	 98.329475	 98.328297	  98.32715	 98.326034	 98.324949	 98.323895	 98.322871	 98.321878	 98.320915	 98.319981	 98.319076	 98.318201	 98.317355	 98.316538	 98.315749	 98.314989	 98.314257	 98.313553	 98.312876	 98.312227	 98.311606	 98.311012	 98.310445	 98.309904	 98.309391	 98.308904	 98.308443	 98.308009	 98.307601	  98.30722	 98.306864	 98.306534	 98.306229	 98.305951	 98.305698	  98.30547	 98.305268	 98.305092	  98.30494	 98.304814	 98.304714	 98.304638	 98.304588	 98.304563	
        99	 98.986634	  98.97327	  98.95991	 98.946555	 98.933207	 98.919868	  98.90654	 98.893224	 98.879922	 98.866636	 98.853368	 98.840119	 98.826892	 98.813687	 98.800507	 98.787353	 98.774227	 98.761131	 98.748066	 98.735034	 98.722036	 98.709075	 98.696152	 98.683269	 98.670426	 98.657626	  98.64487	  98.63216	 98.619498	 98.606884	  98.59432	 98.581809	  98.56935	 98.556946	 98.544598	 98.532307	 98.520075	 98.507904	 98.495793	 98.483746	 98.471762	 98.459844	 98.447992	 98.436208	 98.424493	 98.412848	 98.401274	 98.389772	 98.378344	  98.36699	 98.355711	 98.344509	 98.333384	 98.322338	 98.311371	 98.300483	 98.289677	 98.278953	 98.268312	 98.257754	  98.24728	 98.236891	 98.226587	  98.21637	  98.20624	 98.196198	 98.186243	 98.176378	 98.166601	 98.156915	 98.147318	 98.137813	 98.128398	 98.119075	 98.109844	 98.100705	 98.091658	 98.082704	 98.073844	 98.065077	 98.056403	 98.047823	 98.039337	 98.030945	 98.022647	 98.014443	 98.006334	 97.998319	 97.990398	 97.982571	 97.974839	 97.967201	 97.959658	 97.952208	 97.944852	  97.93759	 97.930422	 97.923347	 97.916366	 97.909477	 97.902681	 97.895978	 97.889367	 97.882848	 97.876421	 97.870085	  97.86384	 97.857686	 97.851622	 97.845647	 97.839762	 97.833967	 97.828259	  97.82264	 97.817109	 97.811665	 97.806307	 97.801036	  97.79585	  97.79075	 97.785734	 97.780803	 97.775955	  97.77119	 97.766508	 97.761908	 97.757389	  97.75295	 97.748592	 97.744314	 97.740115	 97.735994	  97.73195	 97.727984	 97.724095	 97.720282	 97.716544	 97.712881	 97.709292	 97.705776	 97.702334	 97.698964	 97.695665	 97.692438	 97.689281	 97.686194	 97.683177	 97.680228	 97.677347	 97.674534	 97.671787	 97.669107	 97.666493	 97.663944	  97.66146	  97.65904	 97.656683	 97.654389	 97.652158	 97.649988	  97.64788	 97.645833	 97.643846	 97.641919	 97.640052	 97.638244	 97.636493	 97.634801	 97.633167	  97.63159	 97.630069	 97.628605	 97.627197	 97.625844	 97.624546	 97.623303	 97.622115	 97.620981	   97.6199	 97.618873	   97.6179	 97.616979	 97.616111	 97.615295	 97.614531	  97.61382	  97.61316	 97.612551	 97.611994	 97.611488	 97.611033	 97.610629	 97.610276	 97.609973	 97.609721	  97.60952	 97.609369	 97.609268	 97.609218	
        99	 98.979954	  98.95991	 98.939872	 98.919842	 98.899822	 98.879816	 98.859826	 98.839854	 98.819903	 98.799977	 98.780077	 98.760206	 98.740367	 98.720562	 98.700793	 98.681065	 98.661378	 98.641736	  98.62214	 98.602595	 98.583101	 98.563661	 98.544279	 98.524956	 98.505694	 98.486496	 98.467365	 98.448302	  98.42931	 98.410391	 98.391548	 98.372782	 98.354096	 98.335492	 98.316973	 98.298539	 98.280193	 98.261937	 98.243774	 98.225705	 98.207731	 98.189856	  98.17208	 98.154406	 98.136835	  98.11937	 98.102011	  98.08476	 98.067619	  98.05059	 98.033674	 98.016873	 98.000187	 97.983619	  97.96717	 97.950842	 97.934634	  97.91855	 97.902589	 97.886754	 97.871045	 97.855463	  97.84001	 97.824686	 97.809493	  97.79443	 97.779501	 97.764704	 97.750041	 97.735512	 97.721119	 97.706862	 97.692742	 97.678759	 97.664913	 97.651206	 97.637638	 97.624209	  97.61092	  97.59777	 97.584761	 97.571893	 97.559165	 97.546578	 97.534133	 97.521829	 97.509666	 97.497644	 97.485765	 97.474026	 97.462429	 97.450974	 97.439659	 97.428486	 97.417454	 97.406562	 97.395811	   97.3852	 97.374729	 97.364397	 97.354204	 97.344151	 97.334236	 97.324458	 97.314818	 97.305315	 97.295949	 97.286718	 97.277623	 97.268663	 97.259837	 97.251144	 97.242584	 97.234156	  97.22586	 97.217695	 97.209659	 97.201753	 97.193976	 97.186326	 97.178804	 97.171407	 97.164136	  97.15699	 97.149967	 97.143067	  97.13629	 97.129633	 97.123097	  97.11668	 97.110381	 97.104201	 97.098136	 97.092188	 97.086355	 97.080636	 97.075029	 97.069535	 97.064152	  97.05888	 97.053717	 97.048662	 97.043715	 97.038875	  97.03414	  97.02951	 97.024984	 97.020561	 97.016241	 97.012021	 97.007902	 97.003883	 96.999962	 96.996139	 96.992412	 96.988782	 96.985248	 96.981807	 96.978461	 96.975207	 96.972045	 96.968975	 96.965995	 96.963105	 96.960304	 96.957592	 96.954967	 96.952429	 96.949978	 96.947612	 96.945332	 96.943135	 96.941023	 96.938994	 96.937048	 96.935184	 96.933402	 96.931701	  96.93008	  96.92854	 96.927079	 96.925698	 96.924396	 96.923173	 96.922027	  96.92096	  96.91997	 96.919057	 96.918222	 96.917463	 96.916781	 96.916175	 96.915645	 96.915191	 96.914813	 96.914511	 96.914284	 96.914133	 96.914058	
        99	 98.973276	 98.946555	 98.919842	 98.893139	  98.86645	 98.839779	  98.81313	 98.786505	 98.759908	 98.733344	 98.706814	 98.680324	 98.653876	 98.627473	  98.60112	 98.574819	 98.548574	 98.522388	 98.496265	 98.470208	 98.444221	 98.418306	 98.392466	 98.366706	 98.341027	 98.315434	  98.28993	 98.264517	 98.239198	 98.213977	 98.188857	  98.16384	 98.138929	 98.114127	 98.089438	 98.064863	 98.040406	 98.016069	 97.991855	 97.967767	 97.943806	 97.919976	 97.896279	 97.872717	 97.849293	 97.826008	 97.802867	 97.779869	 97.757018	 97.734316	 97.711765	 97.689367	 97.667123	 97.645036	 97.623107	 97.601339	 97.579733	  97.55829	 97.537013	 97.515902	  97.49496	 97.474188	 97.453586	 97.433158	 97.412903	 97.392823	  97.37292	 97.353194	 97.333646	 97.314278	  97.29509	 97.276084	  97.25726	 97.238618	 97.220161	 97.201888	 97.183799	 97.165897	  97.14818	 97.130651	 97.113308	 97.096152	 97.079185	 97.062405	 97.045814	 97.029411	 97.013196	  96.99717	 96.981333	 96.965684	 96.950224	 96.934952	 96.919869	 96.904973	 96.890266	 96.875746	 96.861413	 96.847267	 96.833308	 96.819534	 96.805946	 96.792544	 96.779325	 96.766291	  96.75344	 96.740771	 96.728285	 96.715979	 96.703854	 96.691909	 96.680142	 96.668554	 96.657142	 96.645907	 96.634847	 96.623962	 96.613249	  96.60271	 96.592342	 96.582144	 96.572115	 96.562255	 96.552561	 96.543034	 96.533672	 96.524474	 96.515438	 96.506564	  96.49785	 96.489296	 96.480899	  96.47266	 96.464575	 96.456646	 96.448869	 96.441245	 96.433771	 96.426446	  96.41927	 96.412241	 96.405358	  96.39862	 96.392025	 96.385572	  96.37926	 96.373088	 96.367054	 96.361158	 96.355398	 96.349773	 96.344282	 96.338923	 96.333696	 96.328599	 96.323632	 96.318793	  96.31408	 96.309494	 96.305032	 96.300695	  96.29648	 96.292387	 96.288414	 96.284561	 96.280828	 96.277212	 96.273712	 96.270329	 96.267061	 96.263908	 96.260867	  96.25794	 96.255124	 96.252419	 96.249824	 96.247339	 96.244963	 96.242695	 96.240535	 96.238482	 96.236535	 96.234694	 96.232958	 96.231327	   96.2298	 96.228377	 96.227057	 96.225841	 96.224727	 96.223715	 96.222805	 96.221998	 96.221291	 96.220686	 96.220183	  96.21978	 96.219477	 96.219276	 96.219176	
        99	 98.966601	 98.933207	 98.899822	  98.86645	 98.833096	 98.799764	 98.766459	 98.733184	 98.699945	 98.666746	 98.633591	 98.600485	 98.567431	 98.534434	 98.501499	  98.46863	  98.43583	 98.403105	 98.370457	 98.337893	 98.305415	 98.273027	 98.240734	  98.20854	 98.176449	 98.144464	 98.112589	 98.080829	 98.049187	 98.017667	 97.986273	 97.955008	 97.923876	  97.89288	 97.862025	 97.831312	 97.800747	 97.770332	  97.74007	 97.709966	 97.680021	 97.650239	 97.620623	 97.591177	 97.561903	 97.532803	 97.503882	 97.475141	 97.446583	 97.418211	 97.390028	 97.362035	 97.334236	 97.306633	 97.279228	 97.252023	  97.22502	 97.198222	 97.171631	 97.145248	 97.119075	 97.093115	 97.067369	 97.041838	 97.016525	  96.99143	 96.966556	 96.941903	 96.917473	 96.893268	 96.869288	 96.845535	 96.822009	 96.798712	 96.775645	 96.752808	 96.730202	 96.707828	 96.685687	 96.663779	 96.642105	 96.620665	  96.59946	 96.578489	 96.557754	 96.537255	  96.51699	 96.496962	 96.477169	 96.457612	 96.438291	 96.419205	 96.400354	 96.381739	 96.363358	 96.345212	 96.327299	 96.309621	 96.292175	 96.274962	  96.25798	  96.24123	 96.224711	 96.208421	  96.19236	 96.176527	 96.160922	 96.145543	  96.13039	 96.115461	 96.100756	 96.086273	 96.072012	 96.057971	 96.044149	 96.030544	 96.017157	 96.003985	 95.991027	 95.978282	 95.965749	 95.953426	 95.941312	 95.929406	 95.917705	  95.90621	 95.894917	 95.883827	 95.872937	 95.862246	 95.851752	 95.841455	 95.831352	 95.821441	 95.811723	 95.802194	 95.792853	   95.7837	 95.774731	 95.765947	 95.757345	 95.748923	 95.740681	 95.732617	 95.724728	 95.717015	 95.709474	 95.702105	 95.694907	 95.687877	 95.681014	 95.674317	 95.667785	 95.661415	 95.655207	 95.649159	  95.64327	 95.637538	 95.631962	 95.626541	 95.621274	 95.616158	 95.611194	 95.606379	 95.601713	 95.597193	  95.59282	 95.588592	 95.584508	 95.580567	 95.576767	 95.573108	 95.569589	 95.566209	 95.562966	 95.559861	 95.556891	 95.554057	 95.551357	 95.548791	 95.546358	 95.544057	 95.541887	 95.539849	  95.53794	 95.536162	 95.534513	 95.532992	   95.5316	 95.530336	 95.529199	  95.52819	 95.527307	 95.526551	 95.525921	 95.525418	  95.52504	 95.524789	 95.524663	
        99	 98.959932	 98.919868	 98.879816	 98.839779	 98.799764	 98.759776	 98.719819	 98.679899	 98.640022	 98.600193	 98.560417	 98.520698	 98.481044	 98.441457	 98.401945	 98.362511	 98.323161	   98.2839	 98.244733	 98.205665	 98.166701	 98.127845	 98.089103	  98.05048	 98.011979	 97.973607	 97.935367	 97.897264	 97.859303	 97.821488	 97.783824	 97.746315	 97.708966	  97.67178	 97.634762	 97.597917	 97.561247	 97.524758	 97.488453	 97.452336	 97.416411	 97.380682	 97.345152	 97.309824	 97.274704	 97.239793	 97.205096	 97.170615	 97.136354	 97.102316	 97.068504	 97.034921	 97.001571	 96.968455	 96.935577	 96.902939	 96.870543	 96.838394	 96.806492	  96.77484	 96.743441	 96.712296	 96.681408	 96.650778	  96.62041	 96.590304	 96.560462	 96.530886	 96.501577	 96.472538	 96.443769	 96.415272	 96.387048	 96.359099	 96.331424	 96.304027	 96.276907	 96.250065	 96.223502	 96.197219	 96.171216	 96.145494	 96.120054	 96.094896	  96.07002	 96.045426	 96.021115	 95.997087	 95.973341	 95.949878	 95.926698	 95.903801	 95.881186	 95.858853	 95.836801	 95.815031	 95.793541	 95.772332	 95.751402	 95.730751	 95.710378	 95.690283	 95.670464	 95.650921	 95.631653	 95.612659	 95.593937	 95.575487	 95.557308	 95.539398	 95.521756	  95.50438	 95.487271	 95.470426	 95.453843	 95.437522	 95.421461	 95.405658	 95.390113	 95.374823	 95.359787	 95.345003	 95.330469	 95.316185	 95.302148	 95.288357	 95.274809	 95.261504	 95.248439	 95.235613	 95.223024	  95.21067	 95.198549	 95.186659	    95.175	 95.163568	 95.152362	  95.14138	 95.130621	 95.120082	 95.109762	 95.099659	 95.089771	 95.080096	 95.070632	 95.061378	 95.052332	 95.043491	 95.034855	 95.026421	 95.018188	 95.010154	 95.002317	 94.994675	 94.987227	 94.979971	 94.972906	  94.96603	  94.95934	 94.952837	 94.946517	  94.94038	 94.934424	 94.928648	 94.923049	 94.917627	 94.912381	 94.907309	 94.902409	  94.89768	 94.893122	 94.888732	  94.88451	 94.880455	 94.876565	 94.872839	 94.869276	 94.865876	 94.862637	 94.859558	 94.856639	 94.853879	 94.851276	  94.84883	 94.846541	 94.844408	 94.842429	 94.840605	 94.838935	 94.837418	 94.836055	 94.834843	 94.833784	 94.832877	 94.832122	 94.831518	 94.831065	 94.830763	 94.830612	
        99	 98.953267	  98.90654	 98.859826	  98.81313	 98.766459	 98.719819	 98.673216	 98.626657	 98.580147	 98.533693	   98.4873	 98.440976	 98.394725	 98.348555	  98.30247	 98.256477	 98.210582	 98.164791	 98.119109	 98.073543	 98.028097	 97.982779	 97.937593	 97.892545	 97.847641	 97.802886	 97.758286	 97.713845	  97.66957	 97.625466	 97.581537	 97.537789	 97.494227	 97.450857	 97.407682	 97.364707	 97.321939	  97.27938	 97.237037	 97.194912	 97.153012	 97.111339	   97.0699	 97.028696	 96.987734	 96.947017	 96.906548	 96.866332	 96.826373	 96.786673	 96.747237	 96.708069	 96.669171	 96.630547	   96.5922	 96.554133	  96.51635	 96.478852	 96.441644	 96.404728	 96.368106	 96.331781	 96.295755	 96.260031	 96.224611	 96.189497	 96.154692	 96.120196	 96.086013	 96.052143	 96.018589	 95.985353	 95.952434	 95.919836	 95.887559	 95.855604	 95.823973	 95.792666	 95.761685	  95.73103	 95.700703	 95.670703	 95.641031	 95.611688	 95.582674	  95.55399	 95.525635	  95.49761	 95.469915	  95.44255	 95.415514	 95.388808	 95.362431	 95.336384	 95.310664	 95.285273	 95.260209	 95.235472	 95.211061	 95.186975	 95.163214	 95.139776	 95.116661	 95.093867	 95.071394	  95.04924	 95.027405	 95.005886	 94.984682	 94.963793	 94.943217	 94.922952	 94.902996	 94.883349	 94.864009	 94.844973	  94.82624	 94.807809	 94.789678	 94.771845	 94.754308	 94.737065	 94.720114	 94.703454	 94.687082	 94.670997	 94.655196	 94.639678	  94.62444	  94.60948	 94.594797	 94.580388	 94.566251	 94.552384	 94.538785	 94.525452	 94.512382	 94.499574	 94.487025	 94.474733	 94.462697	 94.450913	  94.43938	 94.428096	 94.417058	 94.406265	 94.395714	 94.385403	  94.37533	 94.365493	 94.355891	  94.34652	 94.337379	 94.328467	  94.31978	 94.311317	 94.303077	 94.295057	 94.287255	 94.279669	 94.272299	 94.265141	 94.258194	 94.251457	 94.244927	 94.238604	 94.232485	 94.226569	 94.220854	 94.215339	 94.210022	 94.204903	 94.199978	 94.195248	 94.190711	 94.186366	 94.182211	 94.178245	 94.174467	 94.170876	 94.167472	 94.164252	 94.161216	 94.158364	 94.155694	 94.153205	 94.150898	  94.14877	 94.146822	 94.145053	 94.143463	  94.14205	 94.140815	 94.139757	 94.138876	 94.138171	 94.137643	 94.137291	 94.137115	
        99	 98.946608	 98.893224	 98.839854	 98.786505	 98.733184	 98.679899	 98.626657	 98.573464	 98.520327	 98.467255	 98.414252	 98.361328	 98.308487	 98.255738	 98.203088	 98.150542	 98.098108	 98.045792	 97.993602	 97.941543	 97.889623	 97.837848	 97.786224	 97.734758	 97.683456	 97.632324	 97.581369	 97.530597	 97.480014	 97.429626	 97.379438	 97.329457	 97.279689	 97.230139	 97.180812	 97.131715	 97.082853	 97.034231	 96.985854	 96.937728	 96.889858	 96.842248	 96.794904	  96.74783	 96.701032	 96.654513	 96.608278	 96.562333	  96.51668	 96.471324	 96.426269	  96.38152	  96.33708	 96.292953	 96.249143	 96.205652	 96.162485	 96.119646	 96.077136	  96.03496	  95.99312	 95.951619	 95.910461	 95.869647	 95.829181	 95.789064	 95.749299	 95.709889	 95.670836	  95.63214	 95.593806	 95.555833	 95.518225	 95.480982	 95.444106	 95.407598	 95.371461	 95.335694	 95.300298	 95.265276	 95.230627	 95.196353	 95.162454	  95.12893	 95.095782	 95.063011	 95.030616	 94.998599	 94.966958	 94.935693	 94.904806	 94.874295	  94.84416	 94.814401	 94.785017	 94.756008	 94.727373	 94.699111	 94.671222	 94.643705	 94.616558	 94.589781	 94.563372	 94.537331	 94.511656	 94.486346	 94.461399	 94.436815	  94.41259	 94.388725	 94.365217	 94.342064	 94.319266	 94.296819	 94.274723	 94.252975	 94.231574	 94.210517	 94.189802	 94.169428	 94.149392	 94.129693	 94.110327	 94.091293	 94.072589	 94.054211	 94.036159	  94.01843	 94.001021	  93.98393	 93.967155	 93.950693	 93.934542	 93.918699	 93.903163	  93.88793	 93.872998	 93.858365	 93.844028	 93.829985	 93.816233	 93.802771	 93.789595	 93.776703	 93.764092	 93.751761	 93.739707	 93.727927	 93.716419	 93.705181	  93.69421	 93.683504	 93.673061	 93.662879	 93.652954	 93.643286	 93.633871	 93.624708	 93.615795	 93.607129	 93.598708	  93.59053	 93.582594	 93.574897	 93.567437	 93.560212	 93.553222	 93.546463	 93.539934	 93.533633	 93.527559	 93.521709	 93.516084	  93.51068	 93.505496	 93.500531	 93.495784	 93.491253	 93.486937	 93.482835	 93.478945	 93.475267	 93.471799	  93.46854	 93.465489	 93.462646	  93.46001	  93.45758	 93.455354	 93.453333	 93.451516	 93.449902	 93.448491	 93.447282	 93.446276	 93.445471	 93.444867	 93.444465	 93.444264	
        99	 98.939957	 98.879922	 98.819903	 98.759908	 98.699945	 98.640022	 98.580147	 98.520327	 98.460571	 98.400887	 98.341282	 98.281764	 98.222341	 98.163021	 98.103811	 98.044719	 97.985753	 97.926921	 97.868228	 97.809685	 97.751296	 97.693071	 97.635016	 97.577138	 97.519445	 97.461944	 97.404641	 97.347544	 97.290659	 97.233994	 97.177554	 97.121347	 97.065378	 97.009655	 96.954184	 96.898971	 96.844021	 96.789342	 96.734939	 96.680817	 96.626983	 96.573443	 96.520201	 96.467263	 96.414634	  96.36232	 96.310326	 96.258656	 96.207316	  96.15631	 96.105643	 96.055319	 96.005343	 95.955719	  95.90645	 95.857542	 95.808998	 95.760821	 95.713016	 95.665586	 95.618533	 95.571863	 95.525577	 95.479679	 95.434171	 95.389057	 95.344338	 95.300019	   95.2561	 95.212584	 95.169474	 95.126771	 95.084477	 95.042595	 95.001125	  94.96007	  94.91943	 94.879207	 94.839402	 94.800017	 94.761052	 94.722508	 94.684385	 94.646686	 94.609408	 94.572555	 94.536124	 94.500118	 94.464535	 94.429376	 94.394641	 94.360329	  94.32644	 94.292974	 94.259929	 94.227306	 94.195104	 94.163322	 94.131958	 94.101013	 94.070484	 94.040371	 94.010673	 93.981388	 93.952514	 93.924051	 93.895996	 93.868349	 93.841107	 93.814268	 93.787832	 93.761795	 93.736156	 93.710914	 93.686065	 93.661607	  93.63754	  93.61386	 93.590565	 93.567652	  93.54512	 93.522967	 93.501188	 93.479783	 93.458749	 93.438082	 93.417782	 93.397844	 93.378266	 93.359046	 93.340181	 93.321668	 93.303505	 93.285689	 93.268216	 93.251086	 93.234294	 93.217838	 93.201715	 93.185923	 93.170458	 93.155318	 93.140501	 93.126002	 93.111821	 93.097954	 93.084398	  93.07115	 93.058209	 93.045571	 93.033233	 93.021194	  93.00945	 92.997999	 92.986838	 92.975965	 92.965378	 92.955073	 92.945049	 92.935304	 92.925834	 92.916637	 92.907712	 92.899056	 92.890667	 92.882543	 92.874681	  92.86708	 92.859738	 92.852652	 92.845821	 92.839243	 92.832917	 92.826839	  92.82101	 92.815427	 92.810088	 92.804993	 92.800139	 92.795526	 92.791152	 92.787015	 92.783115	  92.77945	  92.77602	 92.772822	 92.769858	 92.767124	 92.764621	 92.762349	 92.760305	  92.75849	 92.756903	 92.755544	 92.754412	 92.753507	 92.752828	 92.752376	 92.752149	
        99	 98.933314	 98.866636	 98.799977	 98.733344	 98.666746	 98.600193	 98.533693	 98.467255	 98.400887	 98.334599	 98.268399	 98.202296	 98.136298	 98.070414	 98.004653	 97.939024	 97.873533	 97.808191	 97.743005	 97.677984	 97.613135	 97.548467	 97.483989	 97.419708	 97.355631	 97.291768	 97.228125	  97.16471	 97.101531	 97.038596	 96.975912	 96.913485	 96.851324	 96.789436	 96.727827	 96.666505	 96.605476	 96.544746	 96.484324	 96.424214	 96.364424	 96.304959	 96.245826	 96.187031	  96.12858	 96.070477	  96.01273	 95.955344	 95.898323	 95.841674	   95.7854	 95.729509	 95.674003	 95.618888	 95.564168	 95.509849	 95.455933	 95.402426	 95.349332	 95.296653	 95.244395	 95.192561	 95.141154	 95.090177	 95.039634	 94.989528	 94.939862	 94.890639	 94.841861	  94.79353	  94.74565	 94.698222	 94.651249	 94.604733	 94.558674	 94.513076	  94.46794	 94.423267	 94.379058	 94.335315	 94.292039	  94.24923	 94.206889	 94.165018	 94.123617	 94.082685	 94.042224	 94.002234	 93.962714	 93.923665	 93.885087	 93.846978	  93.80934	  93.77217	  93.73547	 93.699237	 93.663472	 93.628173	  93.59334	  93.55897	 93.525064	 93.491619	 93.458635	 93.426109	 93.394041	 93.362429	  93.33127	 93.300564	 93.270307	 93.240499	 93.211138	  93.18222	 93.153745	 93.125709	 93.098111	 93.070947	 93.044217	 93.017917	 92.992044	 92.966597	 92.941572	 92.916967	 92.892779	 92.869006	 92.845644	 92.822691	 92.800144	    92.778	 92.756256	 92.734909	 92.713957	 92.693396	 92.673223	 92.653435	  92.63403	 92.615004	 92.596354	 92.578077	 92.560171	 92.542631	 92.525455	  92.50864	 92.492183	 92.476081	 92.460331	 92.444929	 92.429873	  92.41516	 92.400787	  92.38675	 92.373047	 92.359676	 92.346633	 92.333915	 92.321519	 92.309443	 92.297684	  92.28624	 92.275107	 92.264283	 92.253765	 92.243551	 92.233638	 92.224025	 92.214707	 92.205684	 92.196952	  92.18851	 92.180356	 92.172486	 92.164899	 92.157594	 92.150567	 92.143817	 92.137343	 92.131142	 92.125213	 92.119554	 92.114163	 92.109039	 92.104181	 92.099587	 92.095255	 92.091185	 92.087375	 92.083824	 92.080531	 92.077495	 92.074716	 92.072191	 92.069922	 92.067906	 92.066143	 92.064634	 92.063376	 92.062371	 92.061617	 92.061115	 92.060864	
        99	 98.926679	 98.853368	 98.780077	 98.706814	 98.633591	 98.560417	   98.4873	 98.414252	 98.341282	 98.268399	 98.195613	 98.122933	 98.050369	 97.977931	 97.905628	 97.833468	 97.761462	 97.689619	 97.617948	 97.546458	 97.475157	 97.404056	 97.333163	 97.262486	 97.192035	 97.121818	 97.051843	 96.982119	 96.912655	 96.843458	 96.774537	   96.7059	 96.637555	  96.56951	 96.501771	 96.434348	 96.367247	 96.300476	 96.234042	 96.167952	 96.102213	 96.036833	 95.971817	 95.907172	 95.842905	 95.779023	  95.71553	 95.652434	 95.589741	 95.527455	 95.465584	 95.404131	 95.343103	 95.282505	 95.222341	 95.162618	 95.103338	 95.044508	 94.986131	 94.928212	 94.870754	 94.813763	 94.757241	 94.701193	 94.645622	 94.590531	 94.535924	 94.481803	 94.428172	 94.375033	  94.32239	 94.270243	 94.218597	 94.167453	 94.116812	 94.066678	 94.017051	 93.967933	 93.919326	 93.871231	 93.823649	 93.776581	 93.730028	 93.683992	 93.638471	 93.593467	 93.548981	 93.505012	  93.46156	 93.418626	  93.37621	  93.33431	 93.292927	  93.25206	 93.211708	 93.171871	 93.132547	 93.093736	 93.055437	 93.017648	 92.980369	 92.943597	 92.907331	 92.871569	 92.836311	 92.801553	 92.767295	 92.733533	 92.700267	 92.667493	 92.635211	 92.603416	 92.572108	 92.541283	 92.510938	 92.481073	 92.451683	 92.422766	  92.39432	  92.36634	 92.338826	 92.311773	 92.285179	  92.25904	 92.233354	 92.208117	 92.183327	  92.15898	 92.135073	 92.111603	 92.088566	 92.065959	 92.043779	 92.022023	 92.000687	 91.979768	 91.959263	 91.939168	 91.919479	 91.900195	  91.88131	 91.862822	 91.844728	 91.827024	 91.809706	 91.792772	 91.776219	 91.760042	 91.744238	 91.728805	  91.71374	 91.699038	 91.684697	 91.670713	 91.657085	 91.643807	 91.630879	 91.618295	 91.606055	 91.594154	  91.58259	  91.57136	 91.560461	 91.549891	 91.539646	 91.529725	 91.520125	 91.510843	 91.501877	 91.493224	 91.484883	  91.47685	 91.469125	 91.461704	 91.454585	 91.447768	 91.441248	 91.435026	 91.429099	 91.423466	 91.418124	 91.413072	  91.40831	 91.403835	 91.399646	 91.395741	 91.392121	 91.388783	 91.385727	 91.382952	 91.380456	  91.37824	 91.376302	 91.374642	  91.37326	 91.372154	 91.371325	 91.370773	 91.370497	
        99	 98.920054	 98.840119	 98.760206	 98.680324	 98.600485	 98.520698	 98.440976	 98.361328	 98.281764	 98.202296	 98.122933	 98.043686	 97.964566	 97.885583	 97.806746	 97.728067	 97.649555	 97.571221	 97.493074	 97.415124	 97.337382	 97.259856	 97.182557	 97.105495	 97.028678	 96.952116	 96.875819	 96.799795	 96.724055	 96.648606	 96.573458	 96.498619	 96.424099	 96.349905	 96.276046	 96.202531	 96.129367	 96.056563	 95.984126	 95.912065	 95.840386	 95.769098	 95.698208	 95.627722	 95.557649	 95.487994	 95.418765	 95.349968	  95.28161	 95.213697	 95.146235	  95.07923	 95.012687	 94.946614	 94.881014	 94.815894	 94.751259	 94.687113	 94.623461	 94.560309	  94.49766	 94.435519	 94.373891	 94.312778	 94.252186	 94.192117	 94.132576	 94.073565	 94.015089	 93.957149	 93.899748	  93.84289	 93.786578	 93.730812	 93.675596	 93.620932	 93.566821	 93.513265	 93.460266	 93.407825	 93.355944	 93.304624	 93.253865	 93.203668	 93.154035	 93.104965	 93.056459	 93.008517	  92.96114	 92.914326	 92.868077	 92.822392	 92.777269	  92.73271	 92.688712	 92.645275	 92.602399	 92.560081	 92.518322	 92.477118	  92.43647	 92.396376	 92.356833	 92.317841	 92.279396	 92.241498	 92.204144	 92.167332	  92.13106	 92.095325	 92.060126	 92.025458	 91.991321	 91.957711	 91.924625	 91.892061	 91.860016	 91.828486	 91.797469	 91.766962	 91.736961	 91.707464	 91.678467	 91.649967	  91.62196	 91.594443	 91.567413	 91.540866	 91.514799	 91.489207	 91.464089	  91.43944	 91.415256	 91.391534	  91.36827	 91.345461	 91.323103	 91.301192	 91.279725	 91.258698	 91.238107	 91.217949	  91.19822	 91.178916	 91.160034	  91.14157	  91.12352	 91.105882	  91.08865	 91.071823	 91.055396	 91.039366	 91.023729	 91.008482	 90.993622	 90.979145	 90.965048	 90.951328	 90.937982	 90.925005	 90.912396	 90.900152	 90.888268	 90.876743	 90.865573	 90.854755	 90.844288	 90.834167	 90.824391	 90.814956	 90.805861	 90.797103	 90.788679	 90.780588	 90.772826	 90.765392	 90.758284	   90.7515	 90.745037	 90.738895	  90.73307	 90.727562	 90.722369	  90.71749	 90.712922	 90.708665	 90.704718	 90.701078	 90.697746	  90.69472	 90.691999	 90.689582	  90.68747	  90.68566	 90.684152	 90.682947	 90.682043	 90.681441	  90.68114	
        99	  98.91344	 98.826892	 98.740367	 98.653876	 98.567431	 98.481044	 98.394725	 98.308487	 98.222341	 98.136298	 98.050369	 97.964566	   97.8789	 97.793382	 97.708023	 97.622834	 97.537827	 97.453012	 97.368399	    97.284	 97.199826	 97.115886	 97.032192	 96.948754	 96.865581	 96.782685	 96.700076	 96.617762	 96.535755	 96.454064	 96.372699	 96.291669	 96.210983	  96.13065	 96.050681	 95.971084	 95.891867	 95.813039	 95.734609	 95.656586	 95.578977	 95.501791	 95.425036	 95.348719	 95.272847	  95.19743	 95.122473	 95.047984	 94.973971	 94.900439	 94.827395	 94.754846	 94.682799	 94.611259	 94.540232	 94.469724	 94.399741	 94.330288	  94.26137	 94.192993	 94.125161	 94.057879	 93.991152	 93.924983	 93.859378	 93.794339	 93.729872	 93.665979	 93.602664	 93.539931	 93.477781	 93.416219	 93.355247	 93.294868	 93.235084	 93.175897	 93.117309	 93.059322	 93.001939	 92.945159	 92.888986	 92.833419	 92.778461	 92.724111	 92.670372	 92.617242	 92.564723	 92.512815	 92.461517	 92.410831	 92.360755	  92.31129	 92.262434	 92.214188	  92.16655	  92.11952	 92.073096	 92.027277	 91.982063	 91.937451	  91.89344	 91.850028	 91.807214	 91.764995	  91.72337	 91.682336	 91.641892	 91.602035	 91.562761	  91.52407	 91.485958	 91.448423	 91.411461	  91.37507	 91.339247	 91.303989	 91.269292	 91.235154	 91.201571	  91.16854	 91.136057	  91.10412	 91.072723	 91.041865	 91.011541	 90.981747	 90.952481	 90.923738	 90.895514	 90.867805	 90.840609	  90.81392	 90.787736	 90.762051	 90.736863	 90.712167	 90.687959	 90.664235	 90.640992	 90.618225	 90.595931	 90.574105	 90.552743	 90.531842	 90.511398	 90.491406	 90.471863	 90.452765	 90.434109	 90.415889	 90.398103	 90.380746	 90.363816	 90.347308	 90.331218	 90.315543	  90.30028	 90.285425	 90.270974	 90.256924	 90.243272	 90.230014	 90.217148	 90.204669	 90.192575	 90.180862	 90.169528	 90.158571	 90.147985	 90.137771	 90.127923	  90.11844	 90.109319	 90.100558	 90.092155	 90.084106	  90.07641	 90.069064	 90.062067	 90.055416	  90.04911	 90.043146	 90.037523	  90.03224	 90.027295	 90.022686	 90.018411	 90.014471	 90.010863	 90.007586	  90.00464	 90.002024	 89.999736	 89.997777	 89.996145	 89.994839	 89.993861	 89.993209	 89.992883	
        99	 98.906837	 98.813687	 98.720562	 98.627473	 98.534434	 98.441457	 98.348555	 98.255738	 98.163021	 98.070414	 97.977931	 97.885583	 97.793382	 97.701341	 97.609471	 97.517784	 97.426292	 97.335006	  97.24394	 97.153103	 97.062507	 96.972165	 96.882087	 96.792283	 96.702767	 96.613547	 96.524636	 96.436044	 96.347782	 96.259859	 96.172287	 96.085076	 95.998235	 95.911775	 95.825705	 95.740036	 95.654777	 95.569936	 95.485524	 95.401549	  95.31802	 95.234946	 95.152335	 95.070197	 94.988538	 94.907368	 94.826693	 94.746523	 94.666863	 94.587722	 94.509107	 94.431024	 94.353481	 94.276483	 94.200039	 94.124152	 94.048831	  93.97408	 93.899905	 93.826312	 93.753306	 93.680892	 93.609074	 93.537858	 93.467248	 93.397249	 93.327864	 93.259097	 93.190953	 93.123434	 93.056544	 92.990286	 92.924663	 92.859678	 92.795333	 92.731631	 92.668574	 92.606164	 92.544403	 92.483293	 92.422835	 92.363029	 92.303879	 92.245383	 92.187544	 92.130362	 92.073837	 92.017969	 91.962758	 91.908206	  91.85431	 91.801072	 91.748489	 91.696563	 91.645291	 91.594673	 91.544708	 91.495395	 91.446731	 91.398716	 91.351348	 91.304624	 91.258544	 91.213105	 91.168305	 91.124141	 91.080612	 91.037714	 90.995445	 90.953802	 90.912783	 90.872385	 90.832603	 90.793437	 90.754881	 90.716933	  90.67959	 90.642848	 90.606703	 90.571152	 90.536192	 90.501818	 90.468026	 90.434814	 90.402177	 90.370111	 90.338612	 90.307676	 90.277299	 90.247477	 90.218206	 90.189482	   90.1613	 90.133656	 90.106546	 90.079966	 90.053912	 90.028379	 90.003362	 89.978859	 89.954864	 89.931373	 89.908382	 89.885887	 89.863883	 89.842366	 89.821333	 89.800778	 89.780698	 89.761089	 89.741946	 89.723265	 89.705043	 89.687276	 89.669959	 89.653089	 89.636661	 89.620673	 89.605119	 89.589998	 89.575304	 89.561035	 89.547187	 89.533756	  89.52074	 89.508134	 89.495936	 89.484142	 89.472749	 89.461755	 89.451156	  89.44095	 89.431134	 89.421704	  89.41266	 89.403997	 89.395713	 89.387807	 89.380276	 89.373118	 89.366331	 89.359913	 89.353861	 89.348175	 89.342852	 89.337891	 89.333291	  89.32905	 89.325167	  89.32164	  89.31847	 89.315654	 89.313191	 89.311082	 89.309326	 89.307921	 89.306868	 89.306166	 89.305815	
        99	 98.900247	 98.800507	 98.700793	  98.60112	 98.501499	 98.401945	  98.30247	 98.203088	 98.103811	 98.004653	 97.905628	 97.806746	 97.708023	 97.609471	 97.511101	 97.412928	 97.314964	 97.217221	 97.119712	 97.022449	 96.925445	 96.828711	  96.73226	 96.636104	 96.540255	 96.444724	 96.349523	 96.254664	 96.160158	 96.066015	 95.972248	 95.878867	 95.785883	 95.693307	 95.601149	 95.509419	 95.418128	 95.327285	 95.236902	 95.146986	 95.057548	 94.968597	 94.880143	 94.792194	 94.704758	 94.617846	 94.531464	 94.445622	 94.360327	 94.275587	 94.191411	 94.107804	 94.024775	 93.942331	 93.860478	 93.779224	 93.698574	 93.618535	 93.539113	 93.460313	 93.382143	 93.304606	 93.227708	 93.151454	 93.075849	 93.000898	 92.926604	 92.852973	 92.780007	 92.707712	  92.63609	 92.565145	  92.49488	 92.425297	 92.356401	 92.288192	 92.220675	  92.15385	  92.08772	 92.022286	 91.957551	 91.893515	  91.83018	 91.767546	 91.705616	 91.644388	 91.583864	 91.524044	 91.464928	 91.406516	 91.348808	 91.291803	 91.235501	 91.179901	 91.125002	 91.070804	 91.017304	 90.964502	 90.912395	 90.860984	 90.810264	 90.760236	 90.710896	 90.662242	 90.614273	 90.566985	 90.520376	 90.474444	 90.429185	 90.384596	 90.340675	 90.297419	 90.254823	 90.212886	 90.171602	  90.13097	 90.090985	 90.051644	 90.012942	 89.974876	 89.937442	 89.900637	 89.864455	 89.828893	 89.793947	 89.759613	 89.725886	 89.692761	 89.660236	 89.628304	 89.596962	 89.566206	  89.53603	 89.506431	 89.477403	 89.448943	 89.421045	 89.393706	  89.36692	 89.340683	  89.31499	 89.289837	  89.26522	 89.241133	 89.217573	 89.194534	 89.172013	 89.150004	 89.128503	 89.107507	  89.08701	 89.067008	 89.047497	 89.028472	  89.00993	 88.991867	 88.974277	 88.957158	 88.940504	 88.924313	  88.90858	 88.893301	 88.878473	 88.864092	 88.850155	 88.836657	 88.823596	 88.810968	  88.79877	 88.786998	 88.775649	 88.764721	  88.75421	 88.744114	 88.734429	 88.725153	 88.716284	 88.707819	 88.699755	 88.692091	 88.684823	 88.677951	 88.671471	 88.665383	 88.659683	 88.654372	 88.649446	 88.644905	 88.640747	 88.636971	 88.633576	 88.630561	 88.627924	 88.625666	 88.623785	 88.622281	 88.621154	 88.620402	 88.620026	
        99	 98.893669	 98.787353	 98.681065	 98.574819	  98.46863	 98.362511	 98.256477	 98.150542	 98.044719	 97.939024	 97.833468	 97.728067	 97.622834	 97.517784	 97.412928	 97.308282	 97.203858	  97.09967	 96.995732	 96.892056	 96.788655	 96.685544	 96.582733	 96.480237	 96.378068	 96.276238	  96.17476	 96.073646	 95.972908	 95.872558	 95.772608	  95.67307	 95.573955	 95.475274	  95.37704	 95.279261	 95.181951	 95.085119	 94.988775	 94.892931	 94.797596	  94.70278	 94.608493	 94.514745	 94.421544	 94.328901	 94.236824	 94.145321	 94.054402	 93.964075	 93.874348	 93.785229	 93.696725	 93.608845	 93.521595	 93.434983	 93.349015	 93.263699	  93.17904	 93.095045	  93.01172	  92.92907	 92.847102	  92.76582	  92.68523	 92.605336	 92.526144	 92.447658	 92.369881	 92.292819	 92.216475	 92.140852	 92.065953	 91.991783	 91.918344	 91.845638	 91.773668	 91.702437	 91.631947	 91.562199	 91.493195	 91.424937	 91.357425	 91.290662	 91.224648	 91.159383	 91.094868	 91.031104	  90.96809	 90.905827	 90.844313	  90.78355	 90.723535	 90.664269	 90.605751	 90.547978	 90.490951	 90.434667	 90.379125	 90.324324	  90.27026	 90.216933	  90.16434	 90.112478	 90.061346	  90.01094	 89.961258	 89.912296	 89.864053	 89.816525	 89.769708	 89.723599	 89.678195	 89.633492	 89.589487	 89.546175	 89.503554	 89.461618	 89.420365	 89.379789	 89.339887	 89.300655	 89.262087	 89.224181	 89.186931	 89.150332	 89.114381	 89.079073	 89.044402	 89.010365	 88.976957	 88.944172	 88.912007	 88.880456	 88.849514	 88.819177	  88.78944	 88.760298	 88.731746	 88.703779	 88.676392	 88.649581	 88.623341	 88.597666	 88.572552	 88.547994	 88.523988	 88.500528	 88.477609	 88.455228	  88.43338	 88.412059	 88.391261	 88.370983	 88.351218	 88.331963	 88.313214	 88.294966	 88.277214	 88.259955	 88.243185	 88.226899	 88.211093	 88.195764	 88.180908	  88.16652	 88.152598	 88.139137	 88.126134	 88.113586	 88.101489	  88.08984	 88.078636	 88.067874	 88.057551	 88.047664	  88.03821	 88.029186	 88.020591	 88.012421	 88.004674	 87.997349	 87.990442	 87.983952	 87.977877	 87.972215	 87.966965	 87.962124	 87.957692	 87.953667	 87.950048	 87.946834	 87.944024	 87.941617	 87.939612	 87.938009	 87.936807	 87.936006	 87.935605	
        99	 98.887106	 98.774227	 98.661378	 98.548574	  98.43583	 98.323161	 98.210582	 98.098108	 97.985753	 97.873533	 97.761462	 97.649555	 97.537827	 97.426292	 97.314964	 97.203858	 97.092989	  96.98237	 96.872016	  96.76194	 96.652157	  96.54268	 96.433524	 96.324701	 96.216225	  96.10811	 96.000368	 95.893012	 95.786056	 95.679512	 95.573393	  95.46771	 95.362477	 95.257706	 95.153407	 95.049594	 94.946276	 94.843467	 94.741177	 94.639416	 94.538196	 94.437528	 94.337421	 94.237886	 94.138932	 94.040571	  93.94281	 93.845659	 93.749128	 93.653225	  93.55796	  93.46334	 93.369373	 93.276068	 93.183433	 93.091474	   93.0002	 92.909617	 92.819733	 92.730553	 92.642084	 92.554333	 92.467305	 92.381006	 92.295442	 92.210617	 92.126536	 92.043205	 91.960628	 91.878809	 91.797752	 91.717461	 91.637939	 91.559191	 91.481218	 91.404025	 91.327613	 91.251985	 91.177143	  91.10309	 91.029827	 90.957355	 90.885677	 90.814792	 90.744703	  90.67541	 90.606913	 90.539212	 90.472309	 90.406202	 90.340892	 90.276378	 90.212659	 90.149734	 90.087604	 90.026265	 89.965718	  89.90596	 89.846989	 89.788805	 89.731404	 89.674786	 89.618946	 89.563883	 89.509594	 89.456077	 89.403328	 89.351345	 89.300124	 89.249661	 89.199955	    89.151	 89.102793	 89.055331	 89.008609	 88.962625	 88.917372	 88.872848	 88.829048	 88.785968	 88.743603	 88.701949	 88.661001	 88.620754	 88.581205	 88.542347	 88.504177	 88.466689	 88.429879	 88.393741	  88.35827	 88.323462	 88.289311	 88.255813	 88.222961	 88.190752	 88.159179	 88.128238	 88.097923	  88.06823	 88.039153	 88.010687	 87.982827	 87.955567	 87.928903	 87.902829	 87.877341	 87.852433	   87.8281	 87.804337	  87.78114	 87.758503	 87.736422	 87.714891	 87.693907	 87.673463	 87.653557	 87.634182	 87.615335	  87.59701	 87.579205	 87.561914	 87.545132	 87.528857	 87.513084	 87.497808	 87.483026	 87.468734	 87.454929	 87.441606	 87.428763	 87.416395	   87.4045	 87.393073	 87.382113	 87.371615	 87.361578	 87.351997	 87.342871	 87.334197	 87.325972	 87.318194	 87.310861	 87.303971	  87.29752	 87.291509	 87.285935	 87.280795	  87.27609	 87.271816	 87.267974	 87.264561	 87.261578	 87.259022	 87.256893	 87.255191	 87.253915	 87.253065	 87.252639	
