Time step 1:
        99	        99	        99	        99	        99	        99	        99	        99	        99	        99	        99	        99	        99	        99	        99	        99	        99	        99	        99	        99	        99	        99	        99	        99	        99	        99	        99	        99	        99	        99	        99	        99	        99	        99	        99	        99	        99	        99	        99	        99	        99	        99	        99	        99	        99	        99	        99	        99	        99	        99	        99	        99	        99	        99	        99	        99	        99	        99	        99	        99	        99	        99	        99	        99	        99	        99	        99	        99	        99	        99	        99	        99	        99	        99	        99	        99	        99	        99	        99	        99	        99	        99	        99	        99	        99	        99	        99	        99	        99	        99	        99	        99	        99	        99	        99	        99	        99	        99	        99	        99	        99	        99	        99	        99	        99	        99	        99	        99	        99	        99	        99	        99	        99	        99	        99	        99	        99	        99	        99	        99	        99	        99	        99	        99	        99	        99	        99	        99	        99	        99	        99	        99	        99	        99	        99	        99	        99	        99	        99	        99	        99	        99	        99	        99	        99	        99	        99	        99	        99	        99	        99	        99	        99	        99	        99	        99	        99	        99	        99	        99	        99	        99	        99	        99	        99	        99	        99	        99	        99	        99	        99	        99	        99	        99	        99	        99	        99	        99	        99	        99	        99	        99	        99	        99	        99	        99	        99	        99	        99	        99	        99	        99	        99	        99	        99	        99	        99	        99	        99	        99	
        99	 98.367013	 97.741992	 97.132604	 96.545931	  95.98823	 95.464729	 94.979503	 94.535394	  94.13401	 93.775781	 93.460062	  93.18528	 92.949104	 92.748635	 92.580584	 92.441452	 92.327687	 92.235808	 92.162516	 92.104769	 92.059824	  92.02527	 91.999027	 91.979337	 91.964742	 91.954054	  91.94632	 91.940791	 91.936884	 91.934158	 91.932277	 91.930994	  91.93013	 91.929555	 91.929176	  91.92893	 91.928771	  91.92867	 91.928607	 91.928567	 91.928543	 91.928529	  91.92852	 91.928515	 91.928511	  91.92851	 91.928509	 91.928508	 91.928508	 91.928508	 91.928507	 91.928507	 91.928507	 91.928507	 91.928507	 91.928507	 91.928507	 91.928507	 91.928507	 91.928507	 91.928507	 91.928507	 91.928507	 91.928507	 91.928507	 91.928507	 91.928507	 91.928507	 91.928507	 91.928507	 91.928507	 91.928507	 91.928507	 91.928507	 91.928507	 91.928507	 91.928507	 91.928507	 91.928507	 91.928507	 91.928507	 91.928507	 91.928507	 91.928507	 91.928507	 91.928507	 91.928507	 91.928507	 91.928507	 91.928507	 91.928507	 91.928507	 91.928507	 91.928507	 91.928507	 91.928507	 91.928507	 91.928507	 91.928507	 91.928507	 91.928507	 91.928507	 91.928507	 91.928507	 91.928507	 91.928507	 91.928507	 91.928507	 91.928507	 91.928507	 91.928507	 91.928507	 91.928507	 91.928507	 91.928507	 91.928507	 91.928507	 91.928507	 91.928507	 91.928507	 91.928507	 91.928507	 91.928507	 91.928507	 91.928507	 91.928507	 91.928507	 91.928507	 91.928507	 91.928507	 91.928507	 91.928507	 91.928507	 91.928507	 91.928507	 91.928507	 91.928507	 91.928507	 91.928507	 91.928507	 91.928507	 91.928507	 91.928507	 91.928507	 91.928507	 91.928507	 91.928507	 91.928507	 91.928507	 91.928507	 91.928507	 91.928507	 91.928507	 91.928507	 91.928507	 91.928507	 91.928507	 91.928507	 91.928507	 91.928507	 91.928507	 91.928507	 91.928507	 91.928507	 91.928507	 91.928507	 91.928507	 91.928507	 91.928507	 91.928507	 91.928507	 91.928507	 91.928507	 91.928507	 91.928507	 91.928507	 91.928507	 91.928507	 91.928507	 91.928507	 91.928507	 91.928507	 91.928507	 91.928507	 91.928507	 91.928507	 91.928507	 91.928507	 91.928507	 91.928507	 91.928507	 91.928507	 91.928507	 91.928507	 91.928507	 91.928507	 91.928507	 91.928507	 91.928507	
        99	 97.741992	 96.499817	  95.28871	 94.122749	 93.014365	 91.973953	 91.009608	 90.126979	 89.329263	 88.617314	 87.989849	 87.443742	 86.974364	 86.575948	 86.241961	  85.96545	  85.73935	 85.556748	 85.411088	  85.29632	 85.206996	 85.138323	 85.086167	 85.047035	 85.018028	 84.996786	 84.981416	 84.970427	 84.962664	 84.957245	 84.953506	 84.950958	  84.94924	 84.948097	 84.947344	 84.946854	 84.946539	 84.946339	 84.946213	 84.946135	 84.946087	 84.946057	  84.94604	 84.946029	 84.946023	  84.94602	 84.946018	 84.946016	 84.946016	 84.946015	 84.946015	 84.946015	 84.946015	 84.946015	 84.946015	 84.946015	 84.946015	 84.946015	 84.946015	 84.946015	 84.946015	 84.946015	 84.946015	 84.946015	 84.946015	 84.946015	 84.946015	 84.946015	 84.946015	 84.946015	 84.946015	 84.946015	 84.946015	 84.946015	 84.946015	 84.946015	 84.946015	 84.946015	 84.946015	 84.946015	 84.946015	 84.946015	 84.946015	 84.946015	 84.946015	 84.946015	 84.946015	 84.946015	 84.946015	 84.946015	 84.946015	 84.946015	 84.946015	 84.946015	 84.946015	 84.946015	 84.946015	 84.946015	 84.946015	 84.946015	 84.946015	 84.946015	 84.946015	 84.946015	 84.946015	 84.946015	 84.946015	 84.946015	 84.946015	 84.946015	 84.946015	 84.946015	 84.946015	 84.946015	 84.946015	 84.946015	 84.946015	 84.946015	 84.946015	 84.946015	 84.946015	 84.946015	 84.946015	 84.946015	 84.946015	 84.946015	 84.946015	 84.946015	 84.946015	 84.946015	 84.946015	 84.946015	 84.946015	 84.946015	 84.946015	 84.946015	 84.946015	 84.946015	 84.946015	 84.946015	 84.946015	 84.946015	 84.946015	 84.946015	 84.946015	 84.946015	 84.946015	 84.946015	 84.946015	 84.946015	 84.946015	 84.946015	 84.946015	 84.946015	 84.946015	 84.946015	 84.946015	 84.946015	 84.946015	 84.946015	 84.946015	 84.946015	 84.946015	 84.946015	 84.946015	 84.946015	 84.946015	 84.946015	 84.946015	 84.946015	 84.946015	 84.946015	 84.946015	 84.946015	 84.946015	 84.946015	 84.946015	 84.946015	 84.946015	 84.946015	 84.946015	 84.946015	 84.946015	 84.946015	 84.946015	 84.946015	 84.946015	 84.946015	 84.946015	 84.946015	 84.946015	 84.946015	 84.946015	 84.946015	 84.946015	 84.946015	 84.946015	 84.946015	 84.946015	
        99	 97.132604	  95.28871	 93.490935	 91.760174	  90.11488	 88.570485	 87.139004	 85.828823	 84.644688	 83.587866	 82.656453	 81.845808	 81.149059	 80.557647	 80.061875	 79.651419	 79.315795	  79.04474	 78.828521	 78.658158	 78.525566	 78.423626	 78.346206	 78.288118	  78.24506	 78.213528	 78.190712	   78.1744	 78.162877	 78.154833	 78.149283	   78.1455	 78.142951	 78.141253	 78.140136	 78.139409	 78.138941	 78.138644	 78.138457	 78.138341	 78.138269	 78.138226	   78.1382	 78.138185	 78.138175	  78.13817	 78.138167	 78.138165	 78.138164	 78.138164	 78.138164	 78.138163	 78.138163	 78.138163	 78.138163	 78.138163	 78.138163	 78.138163	 78.138163	 78.138163	 78.138163	 78.138163	 78.138163	 78.138163	 78.138163	 78.138163	 78.138163	 78.138163	 78.138163	 78.138163	 78.138163	 78.138163	 78.138163	 78.138163	 78.138163	 78.138163	 78.138163	 78.138163	 78.138163	 78.138163	 78.138163	 78.138163	 78.138163	 78.138163	 78.138163	 78.138163	 78.138163	 78.138163	 78.138163	 78.138163	 78.138163	 78.138163	 78.138163	 78.138163	 78.138163	 78.138163	 78.138163	 78.138163	 78.138163	 78.138163	 78.138163	 78.138163	 78.138163	 78.138163	 78.138163	 78.138163	 78.138163	 78.138163	 78.138163	 78.138163	 78.138163	 78.138163	 78.138163	 78.138163	 78.138163	 78.138163	 78.138163	 78.138163	 78.138163	 78.138163	 78.138163	 78.138163	 78.138163	 78.138163	 78.138163	 78.138163	 78.138163	 78.138163	 78.138163	 78.138163	 78.138163	 78.138163	 78.138163	 78.138163	 78.138163	 78.138163	 78.138163	 78.138163	 78.138163	 78.138163	 78.138163	 78.138163	 78.138163	 78.138163	 78.138163	 78.138163	 78.138163	 78.138163	 78.138163	 78.138163	 78.138163	 78.138163	 78.138163	 78.138163	 78.138163	 78.138163	 78.138163	 78.138163	 78.138163	 78.138163	 78.138163	 78.138163	 78.138163	 78.138163	 78.138163	 78.138163	 78.138163	 78.138163	 78.138163	 78.138163	 78.138163	 78.138163	 78.138163	 78.138163	 78.138163	 78.138163	 78.138163	 78.138163	 78.138163	 78.138163	 78.138163	 78.138163	 78.138163	 78.138163	 78.138163	 78.138163	 78.138163	 78.138163	 78.138163	 78.138163	 78.138163	 78.138163	 78.138163	 78.138163	 78.138163	 78.138163	 78.138163	 78.138163	 78.138163	
        99	 96.545931	 94.122749	 91.760174	 89.485666	 87.323477	 85.293886	 83.412682	 81.690886	 80.134737	 78.745897	 77.521865	 76.456543	 75.540899	 74.763686	 74.112159	 73.572752	 73.131686	 72.775475	 72.491328	 72.267442	 72.093194	 71.959229	 71.857485	 71.781148	 71.724563	 71.683124	 71.653141	 71.631704	 71.616561	 71.605989	 71.598697	 71.593725	 71.590375	 71.588144	 71.586675	  71.58572	 71.585105	 71.584714	 71.584469	 71.584316	 71.584222	 71.584165	 71.584131	 71.584111	 71.584099	 71.584092	 71.584088	 71.584086	 71.584084	 71.584084	 71.584083	 71.584083	 71.584083	 71.584083	 71.584083	 71.584083	 71.584083	 71.584083	 71.584083	 71.584083	 71.584083	 71.584083	 71.584083	 71.584083	 71.584083	 71.584083	 71.584083	 71.584083	 71.584083	 71.584083	 71.584083	 71.584083	 71.584083	 71.584083	 71.584083	 71.584083	 71.584083	 71.584083	 71.584083	 71.584083	 71.584083	 71.584083	 71.584083	 71.584083	 71.584083	 71.584083	 71.584083	 71.584083	 71.584083	 71.584083	 71.584083	 71.584083	 71.584083	 71.584083	 71.584083	 71.584083	 71.584083	 71.584083	 71.584083	 71.584083	 71.584083	 71.584083	 71.584083	 71.584083	 71.584083	 71.584083	 71.584083	 71.584083	 71.584083	 71.584083	 71.584083	 71.584083	 71.584083	 71.584083	 71.584083	 71.584083	 71.584083	 71.584083	 71.584083	 71.584083	 71.584083	 71.584083	 71.584083	 71.584083	 71.584083	 71.584083	 71.584083	 71.584083	 71.584083	 71.584083	 71.584083	 71.584083	 71.584083	 71.584083	 71.584083	 71.584083	 71.584083	 71.584083	 71.584083	 71.584083	 71.584083	 71.584083	 71.584083	 71.584083	 71.584083	 71.584083	 71.584083	 71.584083	 71.584083	 71.584083	 71.584083	 71.584083	 71.584083	 71.584083	 71.584083	 71.584083	 71.584083	 71.584083	 71.584083	 71.584083	 71.584083	 71.584083	 71.584083	 71.584083	 71.584083	 71.584083	 71.584083	 71.584083	 71.584083	 71.584083	 71.584083	 71.584083	 71.584083	 71.584083	 71.584083	 71.584083	 71.584083	 71.584083	 71.584083	 71.584083	 71.584083	 71.584083	 71.584083	 71.584083	 71.584083	 71.584083	 71.584083	 71.584083	 71.584083	 71.584083	 71.584083	 71.584083	 71.584083	 71.584083	 71.584083	 71.584083	 71.584083	 71.584083	 71.584083	
        99	  95.98823	 93.014365	  90.11488	 87.323477	 84.669916	 82.179089	 79.870369	 77.757286	 75.847492	  74.14303	 72.640829	 71.333407	 70.209677	 69.255838	 68.456247	 67.794257	 67.252956	 66.815794	 66.467072	 66.192308	  65.97846	 65.814051	 65.689185	   65.5955	 65.526056	   65.4752	 65.438402	 65.412094	 65.393509	 65.380536	 65.371585	 65.365484	 65.361372	 65.358634	 65.356832	  65.35566	 65.354905	 65.354426	 65.354124	 65.353937	 65.353822	 65.353752	  65.35371	 65.353685	  65.35367	 65.353662	 65.353657	 65.353654	 65.353652	 65.353652	 65.353651	 65.353651	 65.353651	 65.353651	 65.353651	 65.353651	 65.353651	  65.35365	  65.35365	  65.35365	  65.35365	  65.35365	  65.35365	  65.35365	  65.35365	  65.35365	  65.35365	  65.35365	  65.35365	  65.35365	  65.35365	  65.35365	  65.35365	  65.35365	  65.35365	  65.35365	  65.35365	  65.35365	  65.35365	  65.35365	  65.35365	  65.35365	  65.35365	  65.35365	  65.35365	  65.35365	  65.35365	  65.35365	  65.35365	  65.35365	  65.35365	  65.35365	  65.35365	  65.35365	  65.35365	  65.35365	  65.35365	  65.35365	  65.35365	  65.35365	  65.35365	  65.35365	  65.35365	  65.35365	  65.35365	  65.35365	  65.35365	  65.35365	  65.35365	  65.35365	  65.35365	  65.35365	  65.35365	  65.35365	  65.35365	  65.35365	  65.35365	  65.35365	  65.35365	  65.35365	  65.35365	  65.35365	  65.35365	  65.35365	  65.35365	  65.35365	  65.35365	  65.35365	  65.35365	  65.35365	  65.35365	  65.35365	  65.35365	  65.35365	  65.35365	  65.35365	  65.35365	  65.35365	  65.35365	  65.35365	  65.35365	  65.35365	  65.35365	  65.35365	  65.35365	  65.35365	  65.35365	  65.35365	  65.35365	  65.35365	  65.35365	  65.35365	  65.35365	  65.35365	  65.35365	  65.35365	  65.35365	  65.35365	  65.35365	  65.35365	  65.35365	  65.35365	  65.35365	  65.35365	  65.35365	  65.35365	  65.35365	  65.35365	  65.35365	  65.35365	  65.35365	  65.35365	  65.35365	  65.35365	  65.35365	  65.35365	  65.35365	  65.35365	  65.35365	  65.35365	  65.35365	  65.35365	  65.35365	  65.35365	  65.35365	  65.35365	  65.35365	  65.35365	  65.35365	  65.35365	  65.35365	  65.35365	  65.35365	  65.35365	  65.35365	  65.35365	  65.35365	  65.35365	  65.35365	
        99	 95.464729	 91.973953	 88.570485	 85.293886	 82.179089	  79.25531	 76.545294	 74.064918	 71.823168	 69.822439	 68.059129	 66.524453	 65.205399	 64.085765	 63.147191	 62.370135	 61.734746	 61.221597	 60.812261	 60.489738	  60.23872	 60.045733	 59.899164	 59.789194	  59.70768	 59.647984	  59.60479	 59.573909	 59.552094	 59.536865	 59.526359	 59.519197	 59.514371	 59.511157	 59.509042	 59.507665	  59.50678	 59.506217	 59.505863	 59.505643	 59.505508	 59.505426	 59.505377	 59.505347	  59.50533	  59.50532	 59.505314	 59.505311	 59.505309	 59.505308	 59.505308	 59.505307	 59.505307	 59.505307	 59.505307	 59.505307	 59.505307	 59.505307	 59.505307	 59.505307	 59.505307	 59.505307	 59.505307	 59.505307	 59.505307	 59.505307	 59.505307	 59.505307	 59.505307	 59.505307	 59.505307	 59.505307	 59.505307	 59.505307	 59.505307	 59.505307	 59.505307	 59.505307	 59.505307	 59.505307	 59.505307	 59.505307	 59.505307	 59.505307	 59.505307	 59.505307	 59.505307	 59.505307	 59.505307	 59.505307	 59.505307	 59.505307	 59.505307	 59.505307	 59.505307	 59.505307	 59.505307	 59.505307	 59.505307	 59.505307	 59.505307	 59.505307	 59.505307	 59.505307	 59.505307	 59.505307	 59.505307	 59.505307	 59.505307	 59.505307	 59.505307	 59.505307	 59.505307	 59.505307	 59.505307	 59.505307	 59.505307	 59.505307	 59.505307	 59.505307	 59.505307	 59.505307	 59.505307	 59.505307	 59.505307	 59.505307	 59.505307	 59.505307	 59.505307	 59.505307	 59.505307	 59.505307	 59.505307	 59.505307	 59.505307	 59.505307	 59.505307	 59.505307	 59.505307	 59.505307	 59.505307	 59.505307	 59.505307	 59.505307	 59.505307	 59.505307	 59.505307	 59.505307	 59.505307	 59.505307	 59.505307	 59.505307	 59.505307	 59.505307	 59.505307	 59.505307	 59.505307	 59.505307	 59.505307	 59.505307	 59.505307	 59.505307	 59.505307	 59.505307	 59.505307	 59.505307	 59.505307	 59.505307	 59.505307	 59.505307	 59.505307	 59.505307	 59.505307	 59.505307	 59.505307	 59.505307	 59.505307	 59.505307	 59.505307	 59.505307	 59.505307	 59.505307	 59.505307	 59.505307	 59.505307	 59.505307	 59.505307	 59.505307	 59.505307	 59.505307	 59.505307	 59.505307	 59.505307	 59.505307	 59.505307	 59.505307	 59.505307	 59.505307	 59.505307	
        99	 94.979503	 91.009608	 87.139004	 83.412682	 79.870369	 76.545294	  73.46332	 70.642505	 68.093068	 65.817733	 63.812404	 62.067089	 60.566991	 59.293684	 58.226288	 57.342579	 56.619981	 56.036401	 55.570883	 55.204092	 54.918621	 54.699146	  54.53246	 54.407396	 54.314694	 54.246805	 54.197683	 54.162564	 54.137754	 54.120435	 54.108487	 54.100342	 54.094853	 54.091198	 54.088793	 54.087227	  54.08622	  54.08558	 54.085178	 54.084928	 54.084774	 54.084681	 54.084624	 54.084591	 54.084572	  54.08456	 54.084554	  54.08455	 54.084548	 54.084547	 54.084546	 54.084546	 54.084545	 54.084545	 54.084545	 54.084545	 54.084545	 54.084545	 54.084545	 54.084545	 54.084545	 54.084545	 54.084545	 54.084545	 54.084545	 54.084545	 54.084545	 54.084545	 54.084545	 54.084545	 54.084545	 54.084545	 54.084545	 54.084545	 54.084545	 54.084545	 54.084545	 54.084545	 54.084545	 54.084545	 54.084545	 54.084545	 54.084545	 54.084545	 54.084545	 54.084545	 54.084545	 54.084545	 54.084545	 54.084545	 54.084545	 54.084545	 54.084545	 54.084545	 54.084545	 54.084545	 54.084545	 54.084545	 54.084545	 54.084545	 54.084545	 54.084545	 54.084545	 54.084545	 54.084545	 54.084545	 54.084545	 54.084545	 54.084545	 54.084545	 54.084545	 54.084545	 54.084545	 54.084545	 54.084545	 54.084545	 54.084545	 54.084545	 54.084545	 54.084545	 54.084545	 54.084545	 54.084545	 54.084545	 54.084545	 54.084545	 54.084545	 54.084545	 54.084545	 54.084545	 54.084545	 54.084545	 54.084545	 54.084545	 54.084545	 54.084545	 54.084545	 54.084545	 54.084545	 54.084545	 54.084545	 54.084545	 54.084545	 54.084545	 54.084545	 54.084545	 54.084545	 54.084545	 54.084545	 54.084545	 54.084545	 54.084545	 54.084545	 54.084545	 54.084545	 54.084545	 54.084545	 54.084545	 54.084545	 54.084545	 54.084545	 54.084545	 54.084545	 54.084545	 54.084545	 54.084545	 54.084545	 54.084545	 54.084545	 54.084545	 54.084545	 54.084545	 54.084545	 54.084545	 54.084545	 54.084545	 54.084545	 54.084545	 54.084545	 54.084545	 54.084545	 54.084545	 54.084545	 54.084545	 54.084545	 54.084545	 54.084545	 54.084545	 54.084545	 54.084545	 54.084545	 54.084545	 54.084545	 54.084545	 54.084545	 54.084545	 54.084545	 54.084545	 54.084545	
        99	 94.535394	 90.126979	 85.828823	 81.690886	 77.757286	 74.064918	 70.642505	   67.5101	 64.679049	 62.152378	 59.925537	 57.987433	 56.321632	 54.907674	 53.722372	 52.741047	 51.938631	 51.290587	 50.773647	  50.36634	 50.049336	 49.805618	 49.620519	 49.481641	 49.378699	  49.30331	 49.248762	 49.209764	 49.182213	 49.162981	 49.149714	 49.140669	 49.134574	 49.130515	 49.127844	 49.126105	 49.124987	 49.124277	  49.12383	 49.123552	 49.123381	 49.123277	 49.123215	 49.123178	 49.123156	 49.123144	 49.123136	 49.123132	  49.12313	 49.123129	 49.123128	 49.123128	 49.123127	 49.123127	 49.123127	 49.123127	 49.123127	 49.123127	 49.123127	 49.123127	 49.123127	 49.123127	 49.123127	 49.123127	 49.123127	 49.123127	 49.123127	 49.123127	 49.123127	 49.123127	 49.123127	 49.123127	 49.123127	 49.123127	 49.123127	 49.123127	 49.123127	 49.123127	 49.123127	 49.123127	 49.123127	 49.123127	 49.123127	 49.123127	 49.123127	 49.123127	 49.123127	 49.123127	 49.123127	 49.123127	 49.123127	 49.123127	 49.123127	 49.123127	 49.123127	 49.123127	 49.123127	 49.123127	 49.123127	 49.123127	 49.123127	 49.123127	 49.123127	 49.123127	 49.123127	 49.123127	 49.123127	 49.123127	 49.123127	 49.123127	 49.123127	 49.123127	 49.123127	 49.123127	 49.123127	 49.123127	 49.123127	 49.123127	 49.123127	 49.123127	 49.123127	 49.123127	 49.123127	 49.123127	 49.123127	 49.123127	 49.123127	 49.123127	 49.123127	 49.123127	 49.123127	 49.123127	 49.123127	 49.123127	 49.123127	 49.123127	 49.123127	 49.123127	 49.123127	 49.123127	 49.123127	 49.123127	 49.123127	 49.123127	 49.123127	 49.123127	 49.123127	 49.123127	 49.123127	 49.123127	 49.123127	 49.123127	 49.123127	 49.123127	 49.123127	 49.123127	 49.123127	 49.123127	 49.123127	 49.123127	 49.123127	 49.123127	 49.123127	 49.123127	 49.123127	 49.123127	 49.123127	 49.123127	 49.123127	 49.123127	 49.123127	 49.123127	 49.123127	 49.123127	 49.123127	 49.123127	 49.123127	 49.123127	 49.123127	 49.123127	 49.123127	 49.123127	 49.123127	 49.123127	 49.123127	 49.123127	 49.123127	 49.123127	 49.123127	 49.123127	 49.123127	 49.123127	 49.123127	 49.123127	 49.123127	 49.123127	 49.123127	 49.123127	 49.123127	
        99	  94.13401	 89.329263	 84.644688	 80.134737	 75.847492	 71.823168	 68.093068	 64.679049	 61.593477	 58.839649	 56.412608	 54.300261	 52.484699	 50.943622	 49.651757	 48.582208	 47.707651	 47.001346	 46.437932	 45.994006	 45.648502	 45.382873	 45.181133	 45.029769	 44.917572	 44.835407	 44.775954	 44.733449	 44.703422	 44.682461	 44.668001	 44.658143	   44.6515	 44.647077	 44.644165	  44.64227	 44.641052	 44.640277	  44.63979	 44.639487	 44.639301	 44.639188	  44.63912	  44.63908	 44.639056	 44.639042	 44.639034	  44.63903	 44.639027	 44.639026	 44.639025	 44.639025	 44.639024	 44.639024	 44.639024	 44.639024	 44.639024	 44.639024	 44.639024	 44.639024	 44.639024	 44.639024	 44.639024	 44.639024	 44.639024	 44.639024	 44.639024	 44.639024	 44.639024	 44.639024	 44.639024	 44.639024	 44.639024	 44.639024	 44.639024	 44.639024	 44.639024	 44.639024	 44.639024	 44.639024	 44.639024	 44.639024	 44.639024	 44.639024	 44.639024	 44.639024	 44.639024	 44.639024	 44.639024	 44.639024	 44.639024	 44.639024	 44.639024	 44.639024	 44.639024	 44.639024	 44.639024	 44.639024	 44.639024	 44.639024	 44.639024	 44.639024	 44.639024	 44.639024	 44.639024	 44.639024	 44.639024	 44.639024	 44.639024	 44.639024	 44.639024	 44.639024	 44.639024	 44.639024	 44.639024	 44.639024	 44.639024	 44.639024	 44.639024	 44.639024	 44.639024	 44.639024	 44.639024	 44.639024	 44.639024	 44.639024	 44.639024	 44.639024	 44.639024	 44.639024	 44.639024	 44.639024	 44.639024	 44.639024	 44.639024	 44.639024	 44.639024	 44.639024	 44.639024	 44.639024	 44.639024	 44.639024	 44.639024	 44.639024	 44.639024	 44.639024	 44.639024	 44.639024	 44.639024	 44.639024	 44.639024	 44.639024	 44.639024	 44.639024	 44.639024	 44.639024	 44.639024	 44.639024	 44.639024	 44.639024	 44.639024	 44.639024	 44.639024	 44.639024	 44.639024	 44.639024	 44.639024	 44.639024	 44.639024	 44.639024	 44.639024	 44.639024	 44.639024	 44.639024	 44.639024	 44.639024	 44.639024	 44.639024	 44.639024	 44.639024	 44.639024	 44.639024	 44.639024	 44.639024	 44.639024	 44.639024	 44.639024	 44.639024	 44.639024	 44.639024	 44.639024	 44.639024	 44.639024	 44.639024	 44.639024	 44.639024	 44.639024	 44.639024	 44.639024	
        99	 93.775781	 88.617314	 83.587866	 78.745897	  74.14303	 69.822439	 65.817733	 62.152378	 58.839649	 55.883087	  53.27737	 51.009514	 49.060293	 47.405763	 46.018792	 44.870504	 43.931564	 43.173262	 42.568369	 42.091763	 41.720823	 41.435638	 41.219046	  41.05654	 40.936083	 40.847868	 40.784039	 40.738405	 40.706167	 40.683663	 40.668138	 40.657554	 40.650423	 40.645673	 40.642547	 40.640513	 40.639205	 40.638373	  40.63785	 40.637525	 40.637325	 40.637204	 40.637131	 40.637088	 40.637062	 40.637048	 40.637039	 40.637034	 40.637032	  40.63703	 40.637029	 40.637029	 40.637028	 40.637028	 40.637028	 40.637028	 40.637028	 40.637028	 40.637028	 40.637028	 40.637028	 40.637028	 40.637028	 40.637028	 40.637028	 40.637028	 40.637028	 40.637028	 40.637028	 40.637028	 40.637028	 40.637028	 40.637028	 40.637028	 40.637028	 40.637028	 40.637028	 40.637028	 40.637028	 40.637028	 40.637028	 40.637028	 40.637028	 40.637028	 40.637028	 40.637028	 40.637028	 40.637028	 40.637028	 40.637028	 40.637028	 40.637028	 40.637028	 40.637028	 40.637028	 40.637028	 40.637028	 40.637028	 40.637028	 40.637028	 40.637028	 40.637028	 40.637028	 40.637028	 40.637028	 40.637028	 40.637028	 40.637028	 40.637028	 40.637028	 40.637028	 40.637028	 40.637028	 40.637028	 40.637028	 40.637028	 40.637028	 40.637028	 40.637028	 40.637028	 40.637028	 40.637028	 40.637028	 40.637028	 40.637028	 40.637028	 40.637028	 40.637028	 40.637028	 40.637028	 40.637028	 40.637028	 40.637028	 40.637028	 40.637028	 40.637028	 40.637028	 40.637028	 40.637028	 40.637028	 40.637028	 40.637028	 40.637028	 40.637028	 40.637028	 40.637028	 40.637028	 40.637028	 40.637028	 40.637028	 40.637028	 40.637028	 40.637028	 40.637028	 40.637028	 40.637028	 40.637028	 40.637028	 40.637028	 40.637028	 40.637028	 40.637028	 40.637028	 40.637028	 40.637028	 40.637028	 40.637028	 40.637028	 40.637028	 40.637028	 40.637028	 40.637028	 40.637028	 40.637028	 40.637028	 40.637028	 40.637028	 40.637028	 40.637028	 40.637028	 40.637028	 40.637028	 40.637028	 40.637028	 40.637028	 40.637028	 40.637028	 40.637028	 40.637028	 40.637028	 40.637028	 40.637028	 40.637028	 40.637028	 40.637028	 40.637028	 40.637028	 40.637028	 40.637028	
        99	 93.460062	 87.989849	 82.656453	 77.521865	 72.640829	 68.059129	 63.812404	 59.925537	 56.412608	  53.27737	  50.51418	 48.109269	 46.042249	  44.28773	 42.816939	 41.599256	 40.603572	 39.799442	 39.157994	 38.652585	 38.259227	 37.956808	 37.727127	 37.554799	 37.427063	 37.333517	  37.26583	 37.217439	 37.183253	 37.159388	 37.142925	 37.131702	 37.124139	 37.119103	 37.115788	 37.113631	 37.112244	 37.111361	 37.110807	 37.110462	 37.110251	 37.110122	 37.110044	 37.109999	 37.109972	 37.109956	 37.109947	 37.109942	 37.109939	 37.109937	 37.109936	 37.109936	 37.109936	 37.109935	 37.109935	 37.109935	 37.109935	 37.109935	 37.109935	 37.109935	 37.109935	 37.109935	 37.109935	 37.109935	 37.109935	 37.109935	 37.109935	 37.109935	 37.109935	 37.109935	 37.109935	 37.109935	 37.109935	 37.109935	 37.109935	 37.109935	 37.109935	 37.109935	 37.109935	 37.109935	 37.109935	 37.109935	 37.109935	 37.109935	 37.109935	 37.109935	 37.109935	 37.109935	 37.109935	 37.109935	 37.109935	 37.109935	 37.109935	 37.109935	 37.109935	 37.109935	 37.109935	 37.109935	 37.109935	 37.109935	 37.109935	 37.109935	 37.109935	 37.109935	 37.109935	 37.109935	 37.109935	 37.109935	 37.109935	 37.109935	 37.109935	 37.109935	 37.109935	 37.109935	 37.109935	 37.109935	 37.109935	 37.109935	 37.109935	 37.109935	 37.109935	 37.109935	 37.109935	 37.109935	 37.109935	 37.109935	 37.109935	 37.109935	 37.109935	 37.109935	 37.109935	 37.109935	 37.109935	 37.109935	 37.109935	 37.109935	 37.109935	 37.109935	 37.109935	 37.109935	 37.109935	 37.109935	 37.109935	 37.109935	 37.109935	 37.109935	 37.109935	 37.109935	 37.109935	 37.109935	 37.109935	 37.109935	 37.109935	 37.109935	 37.109935	 37.109935	 37.109935	 37.109935	 37.109935	 37.109935	 37.109935	 37.109935	 37.109935	 37.109935	 37.109935	 37.109935	 37.109935	 37.109935	 37.109935	 37.109935	 37.109935	 37.109935	 37.109935	 37.109935	 37.109935	 37.109935	 37.109935	 37.109935	 37.109935	 37.109935	 37.109935	 37.109935	 37.109935	 37.109935	 37.109935	 37.109935	 37.109935	 37.109935	 37.109935	 37.109935	 37.109935	 37.109935	 37.109935	 37.109935	 37.109935	 37.109935	 37.109935	 37.109935	 37.109935	
        99	  93.18528	 87.443742	 81.845808	 76.456543	 71.333407	 66.524453	 62.067089	 57.987433	 54.300261	 51.009514	 48.109269	 45.585074	 43.415529	 41.573985	 40.030243	 38.752162	 37.707092	 36.863078	 36.189814	 35.659336	 35.246468	 34.929049	 34.687975	   34.5071	 34.373028	 34.274842	 34.203798	 34.153006	 34.117125	 34.092077	 34.074797	 34.063017	 34.055079	 34.049793	 34.046313	 34.044049	 34.042593	 34.041667	 34.041085	 34.040724	 34.040501	 34.040366	 34.040285	 34.040237	 34.040209	 34.040192	 34.040183	 34.040177	 34.040174	 34.040173	 34.040172	 34.040171	 34.040171	 34.040171	 34.040171	 34.040171	 34.040171	 34.040171	 34.040171	 34.040171	 34.040171	 34.040171	 34.040171	 34.040171	 34.040171	 34.040171	 34.040171	 34.040171	 34.040171	 34.040171	 34.040171	 34.040171	 34.040171	 34.040171	 34.040171	 34.040171	 34.040171	 34.040171	 34.040171	 34.040171	 34.040171	 34.040171	 34.040171	 34.040171	 34.040171	 34.040171	 34.040171	 34.040171	 34.040171	 34.040171	 34.040171	 34.040171	 34.040171	 34.040171	 34.040171	 34.040171	 34.040171	 34.040171	 34.040171	 34.040171	 34.040171	 34.040171	 34.040171	 34.040171	 34.040171	 34.040171	 34.040171	 34.040171	 34.040171	 34.040171	 34.040171	 34.040171	 34.040171	 34.040171	 34.040171	 34.040171	 34.040171	 34.040171	 34.040171	 34.040171	 34.040171	 34.040171	 34.040171	 34.040171	 34.040171	 34.040171	 34.040171	 34.040171	 34.040171	 34.040171	 34.040171	 34.040171	 34.040171	 34.040171	 34.040171	 34.040171	 34.040171	 34.040171	 34.040171	 34.040171	 34.040171	 34.040171	 34.040171	 34.040171	 34.040171	 34.040171	 34.040171	 34.040171	 34.040171	 34.040171	 34.040171	 34.040171	 34.040171	 34.040171	 34.040171	 34.040171	 34.040171	 34.040171	 34.040171	 34.040171	 34.040171	 34.040171	 34.040171	 34.040171	 34.040171	 34.040171	 34.040171	 34.040171	 34.040171	 34.040171	 34.040171	 34.040171	 34.040171	 34.040171	 34.040171	 34.040171	 34.040171	 34.040171	 34.040171	 34.040171	 34.040171	 34.040171	 34.040171	 34.040171	 34.040171	 34.040171	 34.040171	 34.040171	 34.040171	 34.040171	 34.040171	 34.040171	 34.040171	 34.040171	 34.040171	 34.040171	 34.040171	 34.040171	 34.040171	
        99	 92.949104	 86.974364	 81.149059	 75.540899	 70.209677	 65.205399	 60.566991	 56.321632	 52.484699	 49.060293	 46.042249	 43.415529	 41.157865	 39.241523	 37.635079	 36.305087	 35.217569	 34.339274	 33.638664	 33.086639	 32.657002	 32.326691	 32.075825	 31.887604	 31.748086	 31.645912	 31.571982	 31.519128	 31.481789	 31.455723	 31.437742	 31.425483	 31.417223	 31.411722	 31.408101	 31.405746	  31.40423	 31.403267	 31.402661	 31.402285	 31.402053	 31.401913	 31.401828	 31.401778	 31.401749	 31.401732	 31.401722	 31.401716	 31.401713	 31.401711	  31.40171	  31.40171	 31.401709	 31.401709	 31.401709	 31.401709	 31.401709	 31.401709	 31.401709	 31.401709	 31.401709	 31.401709	 31.401709	 31.401709	 31.401709	 31.401709	 31.401709	 31.401709	 31.401709	 31.401709	 31.401709	 31.401709	 31.401709	 31.401709	 31.401709	 31.401709	 31.401709	 31.401709	 31.401709	 31.401709	 31.401709	 31.401709	 31.401709	 31.401709	 31.401709	 31.401709	 31.401709	 31.401709	 31.401709	 31.401709	 31.401709	 31.401709	 31.401709	 31.401709	 31.401709	 31.401709	 31.401709	 31.401709	 31.401709	 31.401709	 31.401709	 31.401709	 31.401709	 31.401709	 31.401709	 31.401709	 31.401709	 31.401709	 31.401709	 31.401709	 31.401709	 31.401709	 31.401709	 31.401709	 31.401709	 31.401709	 31.401709	 31.401709	 31.401709	 31.401709	 31.401709	 31.401709	 31.401709	 31.401709	 31.401709	 31.401709	 31.401709	 31.401709	 31.401709	 31.401709	 31.401709	 31.401709	 31.401709	 31.401709	 31.401709	 31.401709	 31.401709	 31.401709	 31.401709	 31.401709	 31.401709	 31.401709	 31.401709	 31.401709	 31.401709	 31.401709	 31.401709	 31.401709	 31.401709	 31.401709	 31.401709	 31.401709	 31.401709	 31.401709	 31.401709	 31.401709	 31.401709	 31.401709	 31.401709	 31.401709	 31.401709	 31.401709	 31.401709	 31.401709	 31.401709	 31.401709	 31.401709	 31.401709	 31.401709	 31.401709	 31.401709	 31.401709	 31.401709	 31.401709	 31.401709	 31.401709	 31.401709	 31.401709	 31.401709	 31.401709	 31.401709	 31.401709	 31.401709	 31.401709	 31.401709	 31.401709	 31.401709	 31.401709	 31.401709	 31.401709	 31.401709	 31.401709	 31.401709	 31.401709	 31.401709	 31.401709	 31.401709	 31.401709	 31.401709	
        99	 92.748635	 86.575948	 80.557647	 74.763686	 69.255838	 64.085765	 59.293684	 54.907674	 50.943622	 47.405763	  44.28773	 41.573985	 39.241523	 37.261692	 35.602025	  34.22797	 33.104422	 32.197028	 31.473207	 30.902894	 30.459022	 30.117767	 29.858591	 29.664133	 29.519993	 29.414434	 29.338055	  29.28345	 29.244874	 29.217945	 29.199367	 29.186702	 29.178169	 29.172486	 29.168745	 29.166311	 29.164746	  29.16375	 29.163124	 29.162736	 29.162497	 29.162351	 29.162264	 29.162212	 29.162182	 29.162164	 29.162154	 29.162148	 29.162145	 29.162143	 29.162142	 29.162141	 29.162141	 29.162141	 29.162141	 29.162141	 29.162141	 29.162141	 29.162141	 29.162141	 29.162141	 29.162141	 29.162141	 29.162141	 29.162141	 29.162141	 29.162141	 29.162141	 29.162141	 29.162141	 29.162141	 29.162141	 29.162141	 29.162141	 29.162141	 29.162141	 29.162141	 29.162141	 29.162141	 29.162141	 29.162141	 29.162141	 29.162141	 29.162141	 29.162141	 29.162141	 29.162141	 29.162141	 29.162141	 29.162141	 29.162141	 29.162141	 29.162141	 29.162141	 29.162141	 29.162141	 29.162141	 29.162141	 29.162141	 29.162141	 29.162141	 29.162141	 29.162141	 29.162141	 29.162141	 29.162141	 29.162141	 29.162141	 29.162141	 29.162141	 29.162141	 29.162141	 29.162141	 29.162141	 29.162141	 29.162141	 29.162141	 29.162141	 29.162141	 29.162141	 29.162141	 29.162141	 29.162141	 29.162141	 29.162141	 29.162141	 29.162141	 29.162141	 29.162141	 29.162141	 29.162141	 29.162141	 29.162141	 29.162141	 29.162141	 29.162141	 29.162141	 29.162141	 29.162141	 29.162141	 29.162141	 29.162141	 29.162141	 29.162141	 29.162141	 29.162141	 29.162141	 29.162141	 29.162141	 29.162141	 29.162141	 29.162141	 29.162141	 29.162141	 29.162141	 29.162141	 29.162141	 29.162141	 29.162141	 29.162141	 29.162141	 29.162141	 29.162141	 29.162141	 29.162141	 29.162141	 29.162141	 29.162141	 29.162141	 29.162141	 29.162141	 29.162141	 29.162141	 29.162141	 29.162141	 29.162141	 29.162141	 29.162141	 29.162141	 29.162141	 29.162141	 29.162141	 29.162141	 29.162141	 29.162141	 29.162141	 29.162141	 29.162141	 29.162141	 29.162141	 29.162141	 29.162141	 29.162141	 29.162141	 29.162141	 29.162141	 29.162141	 29.162141	 29.162141	
        99	 92.580584	 86.241961	 80.061875	 74.112159	 68.456247	 63.147191	 58.226288	 53.722372	 49.651757	 46.018792	 42.816939	 40.030243	 37.635079	 35.602025	 33.897744	  32.48675	 31.332999	 30.401213	 29.657933	 29.072289	 28.616485	 28.266057	 27.999913	 27.800228	 27.652213	 27.543816	 27.465384	  27.40931	 27.369698	 27.342045	 27.322968	 27.309963	 27.301199	 27.295364	 27.291522	 27.289023	 27.287415	 27.286393	 27.285751	 27.285351	 27.285106	 27.284957	 27.284867	 27.284814	 27.284783	 27.284765	 27.284754	 27.284748	 27.284745	 27.284743	 27.284742	 27.284741	 27.284741	 27.284741	 27.284741	 27.284741	 27.284741	 27.284741	 27.284741	 27.284741	 27.284741	 27.284741	 27.284741	 27.284741	 27.284741	 27.284741	 27.284741	 27.284741	 27.284741	 27.284741	 27.284741	 27.284741	 27.284741	 27.284741	 27.284741	 27.284741	 27.284741	 27.284741	 27.284741	 27.284741	 27.284741	 27.284741	 27.284741	 27.284741	 27.284741	 27.284741	 27.284741	 27.284741	 27.284741	 27.284741	 27.284741	 27.284741	 27.284741	 27.284741	 27.284741	 27.284741	 27.284741	 27.284741	 27.284741	 27.284741	 27.284741	 27.284741	 27.284741	 27.284741	 27.284741	 27.284741	 27.284741	 27.284741	 27.284741	 27.284741	 27.284741	 27.284741	 27.284741	 27.284741	 27.284741	 27.284741	 27.284741	 27.284741	 27.284741	 27.284741	 27.284741	 27.284741	 27.284741	 27.284741	 27.284741	 27.284741	 27.284741	 27.284741	 27.284741	 27.284741	 27.284741	 27.284741	 27.284741	 27.284741	 27.284741	 27.284741	 27.284741	 27.284741	 27.284741	 27.284741	 27.284741	 27.284741	 27.284741	 27.284741	 27.284741	 27.284741	 27.284741	 27.284741	 27.284741	 27.284741	 27.284741	 27.284741	 27.284741	 27.284741	 27.284741	 27.284741	 27.284741	 27.284741	 27.284741	 27.284741	 27.284741	 27.284741	 27.284741	 27.284741	 27.284741	 27.284741	 27.284741	 27.284741	 27.284741	 27.284741	 27.284741	 27.284741	 27.284741	 27.284741	 27.284741	 27.284741	 27.284741	 27.284741	 27.284741	 27.284741	 27.284741	 27.284741	 27.284741	 27.284741	 27.284741	 27.284741	 27.284741	 27.284741	 27.284741	 27.284741	 27.284741	 27.284741	 27.284741	 27.284741	 27.284741	 27.284741	 27.284741	 27.284741	 27.284741	
        99	 92.441452	  85.96545	 79.651419	 73.572752	 67.794257	 62.370135	 57.342579	 52.741047	 48.582208	 44.870504	 41.599256	 38.752162	 36.305087	  34.22797	  32.48675	 31.045176	 29.866419	 28.914438	 28.155049	 27.556711	 27.091029	 26.733005	 26.461093	  26.25708	 26.105857	 25.995112	  25.91498	 25.857691	 25.817219	 25.788967	 25.769477	 25.756189	 25.747236	 25.741274	  25.73735	 25.734796	 25.733154	 25.732109	 25.731453	 25.731045	 25.730794	 25.730642	  25.73055	 25.730496	 25.730464	 25.730445	 25.730435	 25.730429	 25.730425	 25.730423	 25.730422	 25.730422	 25.730421	 25.730421	 25.730421	 25.730421	 25.730421	 25.730421	 25.730421	 25.730421	 25.730421	 25.730421	 25.730421	 25.730421	 25.730421	 25.730421	 25.730421	 25.730421	 25.730421	 25.730421	 25.730421	 25.730421	 25.730421	 25.730421	 25.730421	 25.730421	 25.730421	 25.730421	 25.730421	 25.730421	 25.730421	 25.730421	 25.730421	 25.730421	 25.730421	 25.730421	 25.730421	 25.730421	 25.730421	 25.730421	 25.730421	 25.730421	 25.730421	 25.730421	 25.730421	 25.730421	 25.730421	 25.730421	 25.730421	 25.730421	 25.730421	 25.730421	 25.730421	 25.730421	 25.730421	 25.730421	 25.730421	 25.730421	 25.730421	 25.730421	 25.730421	 25.730421	 25.730421	 25.730421	 25.730421	 25.730421	 25.730421	 25.730421	 25.730421	 25.730421	 25.730421	 25.730421	 25.730421	 25.730421	 25.730421	 25.730421	 25.730421	 25.730421	 25.730421	 25.730421	 25.730421	 25.730421	 25.730421	 25.730421	 25.730421	 25.730421	 25.730421	 25.730421	 25.730421	 25.730421	 25.730421	 25.730421	 25.730421	 25.730421	 25.730421	 25.730421	 25.730421	 25.730421	 25.730421	 25.730421	 25.730421	 25.730421	 25.730421	 25.730421	 25.730421	 25.730421	 25.730421	 25.730421	 25.730421	 25.730421	 25.730421	 25.730421	 25.730421	 25.730421	 25.730421	 25.730421	 25.730421	 25.730421	 25.730421	 25.730421	 25.730421	 25.730421	 25.730421	 25.730421	 25.730421	 25.730421	 25.730421	 25.730421	 25.730421	 25.730421	 25.730421	 25.730421	 25.730421	 25.730421	 25.730421	 25.730421	 25.730421	 25.730421	 25.730421	 25.730421	 25.730421	 25.730421	 25.730421	 25.730421	 25.730421	 25.730421	 25.730421	 25.730421	 25.730421	
        99	 92.327687	  85.73935	 79.315795	 73.131686	 67.252956	 61.734746	 56.619981	 51.938631	 47.707651	 43.931564	 40.603572	 37.707092	 35.217569	 33.104422	 31.332999	 29.866419	 28.667215	 27.698721	 26.926159	 26.317443	 25.843683	 25.479449	  25.20282	 24.995268	 24.841422	 24.728756	 24.647234	 24.588951	 24.547777	 24.519035	 24.499207	 24.485689	 24.476581	 24.470515	 24.466522	 24.463925	 24.462254	 24.461191	 24.460523	 24.460108	 24.459853	 24.459698	 24.459605	  24.45955	 24.459517	 24.459498	 24.459488	 24.459481	 24.459478	 24.459476	 24.459475	 24.459474	 24.459474	 24.459474	 24.459474	 24.459474	 24.459474	 24.459474	 24.459474	 24.459474	 24.459474	 24.459474	 24.459474	 24.459474	 24.459474	 24.459474	 24.459474	 24.459474	 24.459474	 24.459474	 24.459474	 24.459474	 24.459474	 24.459474	 24.459474	 24.459474	 24.459474	 24.459474	 24.459474	 24.459474	 24.459474	 24.459474	 24.459474	 24.459474	 24.459474	 24.459474	 24.459474	 24.459474	 24.459474	 24.459474	 24.459474	 24.459474	 24.459474	 24.459474	 24.459474	 24.459474	 24.459474	 24.459474	 24.459474	 24.459474	 24.459474	 24.459474	 24.459474	 24.459474	 24.459474	 24.459474	 24.459474	 24.459474	 24.459474	 24.459474	 24.459474	 24.459474	 24.459474	 24.459474	 24.459474	 24.459474	 24.459474	 24.459474	 24.459474	 24.459474	 24.459474	 24.459474	 24.459474	 24.459474	 24.459474	 24.459474	 24.459474	 24.459474	 24.459474	 24.459474	 24.459474	 24.459474	 24.459474	 24.459474	 24.459474	 24.459474	 24.459474	 24.459474	 24.459474	 24.459474	 24.459474	 24.459474	 24.459474	 24.459474	 24.459474	 24.459474	 24.459474	 24.459474	 24.459474	 24.459474	 24.459474	 24.459474	 24.459474	 24.459474	 24.459474	 24.459474	 24.459474	 24.459474	 24.459474	 24.459474	 24.459474	 24.459474	 24.459474	 24.459474	 24.459474	 24.459474	 24.459474	 24.459474	 24.459474	 24.459474	 24.459474	 24.459474	 24.459474	 24.459474	 24.459474	 24.459474	 24.459474	 24.459474	 24.459474	 24.459474	 24.459474	 24.459474	 24.459474	 24.459474	 24.459474	 24.459474	 24.459474	 24.459474	 24.459474	 24.459474	 24.459474	 24.459474	 24.459474	 24.459474	 24.459474	 24.459474	 24.459474	 24.459474	 24.459474	
