Time step 19:
        99	        99	        99	        99	        99	        99	        99	        99	        99	        99	        99	        99	        99	        99	        99	        99	        99	        99	        99	        99	        99	        99	        99	        99	        99	        99	        99	        99	        99	        99	        99	        99	        99	        99	        99	        99	        99	        99	        99	        99	        99	        99	        99	        99	        99	        99	        99	        99	        99	        99	        99	        99	        99	        99	        99	        99	        99	        99	        99	        99	        99	        99	        99	        99	        99	        99	        99	        99	        99	        99	        99	        99	        99	        99	        99	        99	        99	        99	        99	        99	        99	        99	        99	        99	        99	        99	        99	        99	        99	        99	        99	        99	        99	        99	        99	        99	        99	        99	        99	        99	        99	        99	        99	        99	        99	        99	        99	        99	        99	        99	        99	        99	        99	        99	        99	        99	        99	        99	        99	        99	        99	        99	        99	        99	        99	        99	        99	        99	        99	        99	        99	        99	        99	        99	        99	        99	        99	        99	        99	        99	        99	        99	        99	        99	        99	        99	        99	        99	        99	        99	        99	        99	        99	        99	        99	        99	        99	        99	        99	        99	        99	        99	        99	        99	        99	        99	        99	        99	        99	        99	        99	        99	        99	        99	        99	        99	        99	        99	        99	        99	        99	        99	        99	        99	        99	        99	        99	        99	        99	        99	        99	        99	        99	        99	        99	        99	        99	        99	        99	        99	
        99	 98.966585	 98.933192	 98.899843	 98.866561	 98.833367	 98.800283	 98.767331	 98.734531	 98.701906	 98.669476	  98.63726	 98.605278	 98.573551	 98.542097	 98.510934	 98.480081	 98.449553	 98.419369	 98.389543	 98.360092	  98.33103	  98.30237	 98.274127	 98.246312	 98.218937	 98.192013	  98.16555	 98.139558	 98.114045	  98.08902	 98.064488	 98.040456	  98.01693	 97.993915	 97.971413	  97.94943	 97.927965	 97.907022	 97.886602	 97.866703	 97.847327	 97.828472	 97.810135	 97.792316	 97.775009	 97.758213	 97.741922	 97.726132	 97.710838	 97.696034	 97.681713	  97.66787	 97.654497	 97.641587	 97.629131	 97.617123	 97.605554	 97.594414	 97.583695	 97.573389	 97.563485	 97.553975	 97.544849	 97.536097	 97.527709	 97.519675	 97.511987	 97.504633	 97.497604	  97.49089	 97.484481	 97.478367	 97.472539	 97.466987	 97.461701	 97.456672	 97.451891	 97.447348	 97.443034	 97.438941	  97.43506	 97.431383	   97.4279	 97.424604	 97.421487	 97.418541	 97.415758	 97.413132	 97.410655	  97.40832	 97.406121	 97.404051	 97.402103	 97.400272	 97.398552	 97.396937	 97.395422	 97.394001	  97.39267	 97.391424	 97.390257	 97.389167	 97.388147	 97.387196	 97.386307	 97.385479	 97.384707	 97.383987	 97.383318	 97.382695	 97.382117	 97.381579	  97.38108	 97.380617	 97.380187	  97.37979	 97.379421	 97.379081	 97.378765	 97.378474	 97.378205	 97.377957	 97.377729	 97.377518	 97.377324	 97.377145	  97.37698	 97.376829	 97.376691	 97.376563	 97.376446	 97.376339	 97.376241	 97.376151	 97.376069	 97.375994	 97.375925	 97.375863	 97.375805	 97.375753	 97.375706	 97.375662	 97.375623	 97.375587	 97.375555	 97.375525	 97.375498	 97.375474	 97.375452	 97.375432	 97.375414	 97.375397	 97.375382	 97.375369	 97.375357	 97.375346	 97.375336	 97.375327	 97.375319	 97.375312	 97.375306	   97.3753	 97.375295	  97.37529	 97.375286	 97.375282	 97.375279	 97.375276	 97.375273	 97.375271	 97.375269	 97.375267	 97.375265	 97.375263	 97.375262	 97.375261	  97.37526	 97.375259	 97.375258	 97.375257	 97.375256	 97.375256	 97.375255	 97.375255	 97.375254	 97.375254	 97.375254	 97.375254	 97.375253	 97.375253	 97.375253	 97.375253	 97.375253	 97.375253	 97.375252	 97.375252	 97.375252	 97.375252	 97.375252	
        99	 98.933192	 98.866428	 98.799752	  98.73321	 98.666844	 98.600698	 98.534816	 98.469239	 98.404011	 98.339171	  98.27476	 98.210819	 98.147386	 98.084499	 98.022193	 97.960506	 97.899472	 97.839123	 97.779492	 97.720609	 97.662504	 97.605204	 97.548736	 97.493124	 97.438392	 97.384562	 97.331655	 97.279688	 97.228679	 97.178644	 97.129597	  97.08155	 97.034514	 96.988498	  96.94351	 96.899557	 96.856643	 96.814771	 96.773943	  96.73416	  96.69542	 96.657722	 96.621061	 96.585433	 96.550832	  96.51725	  96.48468	  96.45311	 96.422532	 96.392934	 96.364302	 96.336625	 96.309888	 96.284076	 96.259174	 96.235165	 96.212034	 96.189762	 96.168332	 96.147726	 96.127925	 96.108911	 96.090665	 96.073166	 96.056396	 96.040334	 96.024962	 96.010259	 95.996206	 95.982782	 95.969968	 95.957745	 95.946093	 95.934992	 95.924424	 95.914369	  95.90481	 95.895727	 95.887103	  95.87892	  95.87116	 95.863807	 95.856844	 95.850254	 95.844022	 95.838132	 95.832569	 95.827319	 95.822366	 95.817698	 95.813301	 95.809162	 95.805268	 95.801607	 95.798168	 95.794939	  95.79191	  95.78907	 95.786408	 95.783916	 95.781584	 95.779404	 95.777366	 95.775463	 95.773687	  95.77203	 95.770487	 95.769049	  95.76771	 95.766465	 95.765308	 95.764233	 95.763235	 95.762309	 95.761451	 95.760656	 95.759919	 95.759238	 95.758608	 95.758026	 95.757488	 95.756992	 95.756535	 95.756114	 95.755725	 95.755368	 95.755039	 95.754737	  95.75446	 95.754205	 95.753971	 95.753757	 95.753561	 95.753381	 95.753217	 95.753067	  95.75293	 95.752804	  95.75269	 95.752586	  95.75249	 95.752404	 95.752325	 95.752253	 95.752188	 95.752129	 95.752076	 95.752027	 95.751983	 95.751943	 95.751907	 95.751874	 95.751844	 95.751817	 95.751793	 95.751772	 95.751752	 95.751734	 95.751718	 95.751704	 95.751691	 95.751679	 95.751669	  95.75166	 95.751651	 95.751644	 95.751637	 95.751631	 95.751626	 95.751621	 95.751617	 95.751613	 95.751609	 95.751606	 95.751603	 95.751601	 95.751599	 95.751597	 95.751595	 95.751594	 95.751592	 95.751591	  95.75159	 95.751589	 95.751588	 95.751588	 95.751587	 95.751587	 95.751586	 95.751586	 95.751585	 95.751585	 95.751585	 95.751585	 95.751584	 95.751584	 95.751584	 95.751584	 95.751584	
        99	 98.899843	 98.799752	 98.699795	 98.600036	 98.500543	 98.401379	  98.30261	   98.2043	 98.106511	 98.009305	 97.912743	 97.816884	 97.721787	 97.627508	 97.534102	 97.441623	 97.350122	 97.259648	 97.170251	 97.081976	 96.994866	 96.908964	 96.824308	 96.740937	 96.658885	 96.578185	 96.498867	  96.42096	 96.344489	 96.269478	 96.195948	 96.123917	 96.053402	 95.984417	 95.916973	 95.851079	 95.786743	  95.72397	 95.662763	 95.603121	 95.545044	 95.488527	 95.433567	 95.380155	 95.328282	 95.277937	 95.229107	  95.18178	 95.135938	 95.091565	 95.048641	 95.007149	 94.967065	 94.928368	 94.891036	 94.855043	 94.820365	 94.786976	 94.754849	 94.723957	 94.694272	 94.665767	 94.638412	 94.612178	 94.587037	 94.562958	 94.539913	 94.517871	 94.496802	 94.476678	 94.457468	 94.439143	 94.421674	 94.405032	 94.389189	 94.374115	 94.359784	 94.346168	 94.333239	 94.320971	 94.309338	 94.298314	 94.287875	 94.277996	 94.268653	 94.259823	 94.251483	 94.243612	 94.236188	 94.229189	 94.222597	 94.216392	 94.210554	 94.205066	  94.19991	  94.19507	 94.190528	  94.18627	  94.18228	 94.178544	 94.175048	 94.171779	 94.168724	 94.165871	 94.163208	 94.160725	 94.158411	 94.156255	 94.154249	 94.152382	 94.150647	 94.149036	 94.147539	 94.146151	 94.144865	 94.143672	 94.142569	 94.141547	 94.140603	  94.13973	 94.138924	 94.138181	 94.137495	 94.136863	 94.136281	 94.135745	 94.135253	   94.1348	 94.134384	 94.134002	 94.133652	 94.133331	 94.133037	 94.132767	 94.132521	 94.132296	  94.13209	 94.131902	  94.13173	 94.131574	 94.131432	 94.131302	 94.131184	 94.131076	 94.130979	  94.13089	  94.13081	 94.130737	  94.13067	  94.13061	 94.130556	 94.130507	 94.130463	 94.130423	 94.130386	 94.130354	 94.130324	 94.130298	 94.130274	 94.130252	 94.130233	 94.130216	   94.1302	 94.130186	 94.130173	 94.130162	 94.130152	 94.130143	 94.130135	 94.130128	 94.130121	 94.130116	  94.13011	 94.130106	 94.130102	 94.130098	 94.130095	 94.130092	  94.13009	 94.130087	 94.130085	 94.130083	 94.130082	 94.130081	 94.130079	 94.130078	 94.130077	 94.130076	 94.130076	 94.130075	 94.130075	 94.130074	 94.130074	 94.130073	 94.130073	 94.130073	 94.130073	 94.130073	 94.130073	
        99	 98.866561	  98.73321	 98.600036	 98.467128	 98.334572	 98.202457	 98.070867	 97.939888	 97.809603	 97.680096	 97.551446	 97.423733	 97.297035	 97.171427	 97.046983	 96.923772	 96.801865	 96.681328	 96.562224	 96.444615	 96.328558	  96.21411	 96.101324	 95.990248	  95.88093	 95.773413	 95.667738	 95.563943	 95.462061	 95.362124	 95.264159	 95.168193	 95.074245	 94.982336	  94.89248	  94.80469	 94.718975	 94.635343	 94.553795	 94.474335	 94.396958	 94.321662	 94.248438	 94.177277	 94.108166	 94.041091	 93.976036	 93.912982	 93.851906	 93.792788	 93.735601	  93.68032	 93.626917	 93.575361	 93.525623	  93.47767	 93.431468	 93.386984	 93.344181	 93.303024	 93.263475	 93.225497	 93.189052	 93.154101	 93.120605	 93.088525	 93.057822	 93.028455	 93.000385	 92.973574	  92.94798	 92.923566	 92.900292	  92.87812	 92.857012	  92.83693	 92.817836	 92.799695	 92.782469	 92.766125	 92.750626	  92.73594	 92.722032	  92.70887	 92.696422	 92.684658	 92.673547	  92.66306	 92.653168	 92.643844	 92.635062	 92.626794	 92.619016	 92.611705	 92.604836	 92.598387	 92.592336	 92.586663	 92.581347	  92.57637	 92.571712	 92.567357	 92.563286	 92.559485	 92.555938	  92.55263	 92.549546	 92.546674	 92.544001	 92.541514	 92.539203	 92.537055	 92.535062	 92.533213	 92.531499	  92.52991	 92.528439	 92.527079	 92.525821	 92.524658	 92.523584	 92.522594	  92.52168	 92.520838	 92.520063	 92.519349	 92.518693	 92.518089	 92.517535	 92.517026	  92.51656	 92.516132	  92.51574	 92.515381	 92.515053	 92.514753	 92.514479	 92.514228	    92.514	 92.513791	 92.513602	 92.513429	 92.513271	 92.513128	 92.512998	  92.51288	 92.512773	 92.512676	 92.512588	 92.512508	 92.512435	  92.51237	 92.512311	 92.512257	 92.512209	 92.512166	 92.512126	 92.512091	 92.512059	 92.512031	 92.512005	 92.511982	 92.511961	 92.511942	 92.511925	  92.51191	 92.511897	 92.511885	 92.511874	 92.511865	 92.511856	 92.511848	 92.511842	 92.511835	  92.51183	 92.511825	 92.511821	 92.511817	 92.511814	 92.511811	 92.511808	 92.511806	 92.511804	 92.511802	   92.5118	 92.511799	 92.511797	 92.511796	 92.511795	 92.511795	 92.511794	 92.511793	 92.511793	 92.511792	 92.511792	 92.511792	 92.511791	 92.511791	 92.511791	
        99	 98.833367	 98.666844	 98.500543	 98.334572	 98.169043	 98.004062	 97.839739	 97.676178	 97.513484	 97.351761	 97.191109	 97.031627	 96.873412	 96.716558	 96.561157	 96.407297	 96.255065	 96.104543	 95.955811	 95.808946	 95.664019	 95.521102	 95.380259	 95.241552	  95.10504	 94.970778	 94.838816	 94.709201	 94.581975	 94.457178	 94.334844	 94.215005	 94.097688	 93.982915	 93.870707	 93.761079	 93.654042	 93.549605	 93.447773	 93.348545	 93.251921	 93.157894	 93.066455	 92.977592	  92.89129	  92.80753	 92.726292	 92.647552	 92.571284	 92.497459	 92.426047	 92.357015	 92.290327	 92.225947	 92.163836	 92.103954	 92.046259	 91.990709	 91.937258	 91.885863	 91.836476	 91.789051	  91.74354	 91.699895	 91.658067	 91.618007	 91.579666	 91.542993	 91.507941	  91.47446	   91.4425	 91.412013	 91.382949	 91.355262	 91.328903	 91.303825	 91.279982	 91.257328	 91.235818	 91.215407	 91.196053	 91.177713	 91.160346	 91.143909	 91.128365	 91.113675	   91.0998	 91.086704	 91.074352	 91.062708	 91.051741	 91.041417	 91.031704	 91.022574	 91.013996	 91.005943	 90.998387	 90.991303	 90.984665	 90.978449	 90.972633	 90.967194	 90.962111	 90.957365	 90.952935	 90.948804	 90.944953	 90.941366	 90.938028	 90.934923	 90.932037	 90.929355	 90.926866	 90.924557	 90.922416	 90.920432	 90.918596	 90.916897	 90.915326	 90.913874	 90.912533	 90.911296	 90.910155	 90.909104	 90.908135	 90.907244	 90.906424	 90.905671	 90.904979	 90.904344	 90.903761	 90.903227	 90.902737	 90.902289	 90.901879	 90.901505	 90.901162	  90.90085	 90.900564	 90.900304	 90.900067	 90.899851	 90.899655	 90.899476	 90.899314	 90.899166	 90.899032	 90.898911	 90.898801	 90.898701	 90.898611	 90.898529	 90.898455	 90.898388	 90.898328	 90.898274	 90.898225	 90.898181	 90.898141	 90.898105	 90.898073	 90.898044	 90.898018	 90.897995	 90.897974	 90.897955	 90.897938	 90.897923	  90.89791	 90.897898	 90.897887	 90.897878	 90.897869	 90.897862	 90.897855	 90.897849	 90.897843	 90.897839	 90.897834	 90.897831	 90.897827	 90.897824	 90.897822	 90.897819	 90.897817	 90.897816	 90.897814	 90.897813	 90.897811	  90.89781	  90.89781	 90.897809	 90.897808	 90.897808	 90.897807	 90.897807	 90.897807	 90.897806	 90.897806	
        99	 98.800283	 98.600698	 98.401379	 98.202457	 98.004062	 97.806327	 97.609377	 97.413343	 97.218347	 97.024515	 96.831967	 96.640821	 96.451193	 96.263197	 96.076942	 95.892535	 95.710078	 95.529672	  95.35141	 95.175386	 95.001685	 94.830392	 94.661586	  94.49534	 94.331725	 94.170806	 94.012644	 93.857294	 93.704809	 93.555234	 93.408612	  93.26498	  93.12437	  92.98681	 92.852324	  92.72093	 92.592642	  92.46747	 92.345419	 92.226491	 92.110683	 91.997988	 91.888394	 91.781888	 91.678451	 91.578061	 91.480694	 91.386321	  91.29491	 91.206428	 91.120838	 91.038099	 90.958171	 90.881009	 90.806566	 90.734795	 90.665645	 90.599066	 90.535003	 90.473404	 90.414212	 90.357371	 90.302824	 90.250514	 90.200381	 90.152367	 90.106413	  90.06246	 90.020449	  89.98032	 89.942015	 89.905474	 89.870641	 89.837456	 89.805864	 89.775807	  89.74723	 89.720078	 89.694297	 89.669834	 89.646638	 89.624656	  89.60384	 89.584141	 89.565511	 89.547904	 89.531274	 89.515578	 89.500773	 89.486818	 89.473673	 89.461299	 89.449659	 89.438715	 89.428434	 89.418782	 89.409726	 89.401235	 89.393279	  89.38583	 89.378859	  89.37234	 89.366248	 89.360559	  89.35525	 89.350298	 89.345683	 89.341385	 89.337384	 89.333662	 89.330202	 89.326989	 89.324005	 89.321238	 89.318672	 89.316294	 89.314093	 89.312057	 89.310174	 89.308434	 89.306827	 89.305344	 89.303977	 89.302716	 89.301556	 89.300488	 89.299505	 89.298602	 89.297773	 89.297011	 89.296313	 89.295673	 89.295086	 89.294549	 89.294058	 89.293609	 89.293198	 89.292824	 89.292482	  89.29217	 89.291886	 89.291627	 89.291391	 89.291177	 89.290983	 89.290806	 89.290645	   89.2905	 89.290368	 89.290248	  89.29014	 89.290042	 89.289954	 89.289874	 89.289802	 89.289736	 89.289678	 89.289625	 89.289577	 89.289534	 89.289496	 89.289461	  89.28943	 89.289402	 89.289377	 89.289355	 89.289334	 89.289316	   89.2893	 89.289286	 89.289273	 89.289262	 89.289251	 89.289242	 89.289234	 89.289227	  89.28922	 89.289215	  89.28921	 89.289205	 89.289201	 89.289198	 89.289194	 89.289192	 89.289189	 89.289187	 89.289185	 89.289184	 89.289182	 89.289181	  89.28918	 89.289179	 89.289178	 89.289178	 89.289177	 89.289177	 89.289176	 89.289176	 89.289176	
        99	 98.767331	 98.534816	  98.30261	 98.070867	 97.839739	 97.609377	 97.379933	 97.151554	 96.924385	 96.698572	 96.474254	  96.25157	 96.030655	 95.811641	 95.594655	 95.379822	 95.167261	 94.957088	 94.749414	 94.544347	 94.341987	 94.142432	 93.945773	 93.752098	 93.561488	 93.374018	  93.18976	 93.008778	 92.831134	  92.65688	 92.486066	 92.318736	 92.154926	  91.99467	 91.837994	  91.68492	 91.535466	 91.389641	 91.247453	 91.108903	 90.973987	 90.842697	 90.715021	 90.590942	 90.470439	 90.353486	 90.240053	 90.130109	 90.023616	 89.920535	 89.820823	 89.724433	 89.631317	 89.541423	 89.454698	 89.371085	 89.290526	 89.212962	 89.138329	 89.066566	 88.997608	 88.931389	 88.867842	   88.8069	 88.748496	  88.69256	 88.639024	 88.587819	 88.538876	 88.492126	 88.447501	 88.404932	 88.364351	 88.325691	 88.288886	  88.25387	 88.220578	 88.188946	 88.158911	 88.130412	 88.103389	  88.07778	  88.05353	  88.03058	 88.008876	 87.988364	  87.96899	 87.950705	 87.933457	   87.9172	 87.901886	  87.88747	 87.873909	  87.86116	 87.849183	 87.837938	 87.827388	 87.817496	 87.808228	 87.799549	 87.791428	 87.783833	 87.776737	 87.770109	 87.763924	 87.758155	 87.752778	 87.747771	 87.743109	 87.738774	 87.734743	 87.730999	 87.727524	 87.724299	  87.72131	 87.718541	 87.715976	 87.713604	  87.71141	 87.709383	 87.707511	 87.705783	  87.70419	 87.702722	  87.70137	 87.700126	 87.698981	 87.697929	 87.696963	 87.696076	 87.695262	 87.694516	 87.693833	 87.693208	 87.692635	 87.692112	 87.691634	 87.691197	 87.690799	 87.690436	 87.690105	 87.689803	 87.689529	 87.689279	 87.689052	 87.688846	  87.68866	  87.68849	 87.688336	 87.688197	 87.688071	 87.687957	 87.687854	 87.687761	 87.687677	 87.687601	 87.687532	 87.687471	 87.687415	 87.687365	  87.68732	  87.68728	 87.687244	 87.687211	 87.687182	 87.687156	 87.687132	 87.687111	 87.687093	 87.687076	 87.687061	 87.687047	 87.687036	 87.687025	 87.687015	 87.687007	    87.687	 87.686993	 87.686987	 87.686982	 87.686977	 87.686973	 87.686969	 87.686966	 87.686963	 87.686961	 87.686959	 87.686957	 87.686955	 87.686954	 87.686952	 87.686951	  87.68695	  87.68695	 87.686949	 87.686949	 87.686948	 87.686948	 87.686948	
        99	 98.734531	 98.469239	   98.2043	 97.939888	 97.676178	 97.413343	 97.151554	  96.89098	 96.631788	 96.374141	 96.118202	 95.864126	 95.612069	 95.362181	 95.114607	 94.869488	 94.626963	 94.387162	 94.150213	 93.916237	 93.685351	 93.457665	 93.233283	 93.012306	 92.794825	 92.580928	 92.370695	 92.164201	 91.961514	 91.762696	 91.567803	 91.376884	 91.189982	 91.007134	 90.828372	  90.65372	 90.483197	 90.316815	 90.154583	 89.996501	 89.842566	 89.692769	 89.547095	 89.405525	 89.268034	 89.134594	 89.005171	 88.879728	 88.758223	 88.640611	 88.526842	 88.416864	 88.310622	 88.208056	 88.109105	 88.013705	  87.92179	 87.833291	 87.748138	 87.666259	 87.587579	 87.512025	  87.43952	 87.369988	  87.30335	 87.239529	 87.178447	 87.120023	 87.064181	 87.010841	 86.959924	 86.911354	 86.865052	 86.820943	 86.778949	 86.738997	 86.701012	 86.664921	 86.630652	 86.598136	 86.567303	 86.538085	 86.510416	 86.484231	 86.459467	 86.436063	 86.413958	 86.393095	 86.373416	 86.354867	 86.337394	 86.320946	 86.305474	 86.290928	 86.277262	 86.264432	 86.252395	 86.241108	 86.230533	 86.220631	 86.211365	   86.2027	 86.194603	 86.187041	 86.179984	 86.173402	 86.167267	 86.161554	 86.156235	 86.151288	  86.14669	 86.142418	 86.138452	 86.134774	 86.131363	 86.128203	 86.125277	  86.12257	 86.120067	 86.117754	 86.115618	 86.113647	  86.11183	 86.110155	 86.108612	 86.107192	 86.105886	 86.104686	 86.103584	 86.102572	 86.101643	 86.100792	 86.100012	 86.099299	 86.098646	 86.098049	 86.097503	 86.097005	  86.09655	 86.096136	 86.095758	 86.095414	 86.095101	 86.094817	 86.094558	 86.094323	  86.09411	 86.093916	 86.093741	 86.093582	 86.093438	 86.093308	  86.09319	 86.093084	 86.092988	 86.092902	 86.092823	 86.092753	  86.09269	 86.092633	 86.092582	 86.092535	 86.092494	 86.092457	 86.092424	 86.092394	 86.092367	 86.092343	 86.092322	 86.092303	 86.092286	  86.09227	 86.092257	 86.092245	 86.092234	 86.092224	 86.092216	 86.092208	 86.092201	 86.092195	  86.09219	 86.092185	 86.092181	 86.092177	 86.092174	 86.092171	 86.092169	 86.092167	 86.092165	 86.092163	 86.092162	  86.09216	 86.092159	 86.092159	 86.092158	 86.092157	 86.092157	 86.092157	 86.092157	
        99	 98.701906	 98.404011	 98.106511	 97.809603	 97.513484	 97.218347	 96.924385	 96.631788	 96.340742	 96.051431	 95.764038	 95.478737	 95.195703	 94.915104	 94.637104	 94.361861	  94.08953	 93.820259	 93.554189	 93.291459	 93.032197	 92.776529	 92.524572	 92.276437	 92.032228	 91.792044	 91.555974	 91.324102	 91.096506	 90.873254	 90.654409	 90.440026	 90.230155	 90.024836	 89.824104	 89.627988	 89.436508	 89.249679	 89.067508	 88.889999	 88.717146	 88.548939	 88.385362	 88.226393	 88.072005	 87.922166	 87.776837	 87.635978	  87.49954	 87.367474	 87.239723	  87.11623	  86.99693	 86.881759	 86.770648	 86.663524	 86.560312	 86.460937	 86.365319	 86.273377	 86.185028	 86.100189	 86.018773	 85.940695	 85.865868	 85.794204	 85.725614	 85.660011	 85.597305	  85.53741	 85.480236	 85.425697	 85.373705	 85.324174	  85.27702	 85.232157	 85.189504	 85.148977	 85.110498	 85.073985	 85.039362	 85.006554	 84.975484	 84.946081	 84.918274	 84.891994	 84.867173	 84.843745	 84.821648	 84.800819	 84.781199	  84.76273	 84.745355	 84.729022	 84.713677	  84.69927	 84.685753	  84.67308	 84.661205	 84.650086	 84.639681	 84.629951	 84.620859	 84.612368	 84.604443	 84.597052	 84.590164	 84.583748	 84.577776	 84.572221	 84.567058	 84.562261	 84.557808	 84.553677	 84.549847	 84.546299	 84.543013	 84.539974	 84.537163	 84.534566	 84.532168	 84.529954	 84.527914	 84.526033	   84.5243	 84.522706	  84.52124	 84.519892	 84.518654	 84.517517	 84.516475	 84.515519	 84.514644	 84.513842	 84.513109	 84.512438	 84.511826	 84.511267	 84.510756	 84.510291	 84.509867	  84.50948	 84.509129	 84.508809	 84.508519	 84.508255	 84.508015	 84.507798	 84.507601	 84.507423	 84.507261	 84.507115	 84.506983	 84.506864	 84.506756	 84.506659	 84.506571	 84.506492	 84.506421	 84.506357	   84.5063	 84.506248	 84.506201	  84.50616	 84.506122	 84.506089	 84.506059	 84.506032	 84.506008	 84.505986	 84.505967	  84.50595	 84.505935	 84.505921	 84.505909	 84.505898	 84.505889	  84.50588	 84.505873	 84.505866	  84.50586	 84.505855	  84.50585	 84.505846	 84.505842	 84.505839	 84.505836	 84.505834	 84.505832	  84.50583	 84.505828	 84.505827	 84.505826	 84.505825	 84.505824	 84.505823	 84.505823	 84.505823	 84.505822	
        99	 98.669476	 98.339171	 98.009305	 97.680096	 97.351761	 97.024515	 96.698572	 96.374141	 96.051431	 95.730646	 95.411986	 95.095646	  94.78182	 94.470694	 94.162449	 93.857262	 93.555303	 93.256736	  92.96172	 92.670406	 92.382938	 92.099455	 91.820087	 91.544956	 91.274179	 91.007864	 90.746112	 90.489014	 90.236656	 89.989116	 89.746462	 89.508756	 89.276052	 89.048395	 88.825826	 88.608373	 88.396061	 88.188906	 87.986917	 87.790096	 87.598437	 87.411931	 87.230558	 87.054294	  86.88311	 86.716968	 86.555829	 86.399645	 86.248364	  86.10193	 85.960281	 85.823352	 85.691073	 85.563372	 85.440173	 85.321394	 85.206954	 85.096768	 84.990747	 84.888802	 84.790841	 84.696772	 84.606499	 84.519927	 84.436959	 84.357498	 84.281446	 84.208705	 84.139178	 84.072766	 84.009372	 83.948899	 83.891251	 83.836332	 83.784047	 83.734304	  83.68701	 83.642075	 83.599409	 83.558924	 83.520535	 83.484156	 83.449707	 83.417105	 83.386273	 83.357133	 83.329612	 83.303635	 83.279134	 83.256039	 83.234285	 83.213806	 83.194541	 83.176431	 83.159416	 83.143442	 83.128455	 83.114403	 83.101236	 83.088907	  83.07737	 83.066582	 83.056501	 83.047086	 83.038299	 83.030104	 83.022466	 83.015352	 83.008731	 83.002571	 82.996846	 82.991527	  82.98659	  82.98201	 82.977763	 82.973829	 82.970186	 82.966816	 82.963699	 82.960819	  82.95816	 82.955706	 82.953443	 82.951358	 82.949437	 82.947669	 82.946043	 82.944549	 82.943176	 82.941916	  82.94076	 82.939701	  82.93873	 82.937841	 82.937028	 82.936285	 82.935605	 82.934985	 82.934419	 82.933903	 82.933433	 82.933005	 82.932615	 82.932261	 82.931939	 82.931646	  82.93138	  82.93114	 82.930921	 82.930723	 82.930544	 82.930382	 82.930236	 82.930104	 82.929984	 82.929876	 82.929779	 82.929692	 82.929613	 82.929542	 82.929478	 82.929421	 82.929369	 82.929323	 82.929281	 82.929244	 82.929211	 82.929181	 82.929154	 82.929131	 82.929109	  82.92909	 82.929073	 82.929058	 82.929045	 82.929033	 82.929022	 82.929013	 82.929004	 82.928997	  82.92899	 82.928984	 82.928979	 82.928975	 82.928971	 82.928967	 82.928964	 82.928961	 82.928959	 82.928957	 82.928955	 82.928954	 82.928952	 82.928951	 82.928951	  82.92895	 82.928949	 82.928949	 82.928949	
        99	  98.63726	  98.27476	 97.912743	 97.551446	 97.191109	 96.831967	 96.474254	 96.118202	 95.764038	 95.411986	 95.062266	 94.715093	 94.370679	 94.029227	 93.690938	 93.356004	 93.024614	 92.696946	 92.373175	 92.053467	 91.737981	 91.426867	 91.120268	 90.818321	 90.521152	  90.22888	 89.941614	 89.659457	 89.382503	 89.110835	 88.844529	 88.583654	 88.328269	 88.078423	  87.83416	 87.595512	 87.362507	 87.135161	 86.913484	 86.697478	 86.487139	 86.282454	 86.083403	 85.889959	 85.702089	 85.519755	 85.342909	 85.171502	 85.005476	 84.844769	 84.689313	 84.539038	 84.393867	 84.253719	 84.118511	 83.988155	 83.862561	 83.741635	  83.62528	 83.513399	  83.40589	 83.302652	  83.20358	  83.10857	 83.017515	 82.930309	 82.846844	 82.767014	  82.69071	 82.617825	 82.548252	 82.481885	 82.418618	 82.358346	 82.300965	 82.246374	  82.19447	 82.145155	  82.09833	 82.053899	 82.011768	 81.971844	 81.934036	 81.898257	  81.86442	  81.83244	 81.802236	 81.773728	 81.746838	 81.721493	 81.697618	 81.675143	 81.654001	 81.634125	 81.615452	 81.597921	 81.581473	 81.566051	 81.551601	  81.53807	 81.525409	 81.513569	 81.502505	 81.492172	 81.482529	 81.473536	 81.465153	 81.457346	 81.450079	 81.443319	 81.437036	 81.431199	  81.42578	 81.420753	 81.416093	 81.411775	 81.407777	 81.404078	 81.400658	 81.397498	 81.394579	 81.391886	 81.389403	 81.387114	 81.385006	 81.383066	 81.381282	 81.379641	 81.378135	 81.376752	 81.375483	 81.374321	 81.373255	  81.37228	 81.371388	 81.370572	 81.369826	 81.369146	 81.368525	 81.367958	 81.367442	 81.366972	 81.366545	 81.366156	 81.365802	 81.365481	 81.365189	 81.364925	 81.364685	 81.364468	 81.364272	 81.364094	 81.363933	 81.363788	 81.363657	 81.363539	 81.363432	 81.363336	 81.363249	 81.363172	 81.363102	 81.363039	 81.362982	 81.362931	 81.362886	 81.362845	 81.362808	 81.362776	 81.362747	  81.36272	 81.362697	 81.362676	 81.362658	 81.362641	 81.362626	 81.362613	 81.362601	 81.362591	 81.362582	 81.362574	 81.362566	  81.36256	 81.362554	 81.362549	 81.362545	 81.362541	 81.362538	 81.362535	 81.362532	  81.36253	 81.362528	 81.362526	 81.362525	 81.362524	 81.362523	 81.362522	 81.362521	 81.362521	 81.362521	
        99	 98.605278	 98.210819	 97.816884	 97.423733	 97.031627	 96.640821	  96.25157	 95.864126	 95.478737	 95.095646	 94.715093	 94.337312	 93.962532	 93.590976	 93.222862	 92.858399	 92.497791	 92.141234	 91.788918	 91.441022	 91.097721	 90.759177	 90.425548	 90.096979	  89.77361	 89.455569	 89.142977	 88.835943	 88.534571	 88.238951	 87.949167	 87.665292	  87.38739	 87.115517	 86.849718	  86.59003	 86.336481	 86.089091	  85.84787	  85.61282	 85.383936	 85.161205	 84.944604	 84.734105	 84.529672	 84.331262	 84.138825	 83.952305	 83.771641	 83.596765	 83.427604	 83.264079	 83.106109	 82.953605	 82.806476	 82.664628	  82.52796	 82.396373	  82.26976	 82.148014	 82.031027	 81.918687	  81.81088	 81.707493	 81.608411	 81.513516	 81.422693	 81.335824	 81.252793	 81.173482	 81.097775	 81.025556	 80.956711	 80.891125	 80.828686	 80.769281	 80.712801	 80.659138	 80.608185	 80.559837	 80.513991	 80.470547	 80.429407	 80.390473	 80.353652	 80.318853	 80.285986	 80.254964	 80.225704	 80.198124	 80.172144	 80.147688	 80.124681	 80.103053	 80.082734	 80.063657	 80.045759	 80.028977	 80.013253	  79.99853	 79.984752	 79.971869	 79.959829	 79.948585	 79.938092	 79.928306	 79.919184	 79.910689	 79.902781	 79.895425	 79.888588	 79.882236	  79.87634	  79.87087	 79.865798	   79.8611	  79.85675	 79.852725	 79.849003	 79.845564	 79.842388	 79.839458	 79.836755	 79.834264	 79.831971	  79.82986	 79.827918	 79.826133	 79.824494	 79.822989	 79.821609	 79.820343	 79.819184	 79.818123	 79.817152	 79.816264	 79.815453	 79.814712	 79.814036	  79.81342	 79.812858	 79.812347	 79.811882	 79.811458	 79.811074	 79.810724	 79.810407	 79.810119	 79.809859	 79.809622	 79.809408	 79.809215	  79.80904	 79.808882	 79.808739	 79.808611	 79.808495	  79.80839	 79.808296	 79.808211	 79.808135	 79.808066	 79.808005	  79.80795	   79.8079	 79.807856	 79.807816	 79.807781	 79.807749	  79.80772	 79.807695	 79.807672	 79.807652	 79.807634	 79.807618	 79.807604	 79.807591	 79.807579	 79.807569	 79.807561	 79.807553	 79.807546	  79.80754	 79.807534	 79.807529	 79.807525	 79.807521	 79.807518	 79.807515	 79.807513	 79.807511	 79.807509	 79.807507	 79.807506	 79.807505	 79.807504	 79.807504	 79.807503	 79.807503	
        99	 98.573551	 98.147386	 97.721787	 97.297035	 96.873412	 96.451193	 96.030655	 95.612069	 95.195703	  94.78182	 94.370679	 93.962532	 93.557628	 93.156207	 92.758504	 92.364746	 91.975153	 91.589937	 91.209301	 90.833443	 90.462547	 90.096792	 89.736346	 89.381367	 89.032006	 88.688402	 88.350683	 88.018971	 87.693375	 87.373994	 87.060917	 86.754225	 86.453985	 86.160259	 85.873096	 85.592534	 85.318606	 85.051331	  84.79072	 84.536778	 84.289497	 84.048863	 83.814852	 83.587433	 83.366568	  83.15221	 82.944305	 82.742793	 82.547608	 82.358675	 82.175917	 81.999249	 81.828581	 81.663819	 81.504865	 81.351614	 81.203962	 81.061797	 80.925007	 80.793476	 80.667086	 80.545715	 80.429244	 80.317547	   80.2105	 80.107978	 80.009855	 79.916003	 79.826298	 79.740612	  79.65882	 79.580797	 79.506418	  79.43556	 79.368102	 79.303922	 79.242903	 79.184927	 79.129878	 79.077643	 79.028113	 78.981177	 78.936729	 78.894666	 78.854886	 78.817289	 78.781781	 78.748266	 78.716654	 78.686856	 78.658788	 78.632366	 78.607511	 78.584144	 78.562191	 78.541581	 78.522244	 78.504114	 78.487126	 78.471219	 78.456334	 78.442415	 78.429408	  78.41726	 78.405924	 78.395351	 78.385496	 78.376317	 78.367774	 78.359827	  78.35244	 78.345578	 78.339208	 78.333298	 78.327819	 78.322743	 78.318043	 78.313694	 78.309674	 78.305958	 78.302527	 78.299361	 78.296441	 78.293751	 78.291272	 78.288992	 78.286894	 78.284966	 78.283194	 78.281569	 78.280077	  78.27871	 78.277458	 78.276311	 78.275262	 78.274303	 78.273427	 78.272627	 78.271896	 78.271231	 78.270624	 78.270071	 78.269568	 78.269111	 78.268696	 78.268318	 78.267975	 78.267665	 78.267383	 78.267128	 78.266897	 78.266688	 78.266499	 78.266328	 78.266174	 78.266035	 78.265909	 78.265796	 78.265695	 78.265603	 78.265521	 78.265447	  78.26538	 78.265321	 78.265267	 78.265219	 78.265176	 78.265138	 78.265103	 78.265073	 78.265045	 78.265021	 78.264999	 78.264979	 78.264962	 78.264947	 78.264933	 78.264921	  78.26491	   78.2649	 78.264892	 78.264884	 78.264877	 78.264872	 78.264866	 78.264862	 78.264858	 78.264854	 78.264851	 78.264849	 78.264846	 78.264844	 78.264843	 78.264841	  78.26484	 78.264839	 78.264839	 78.264838	 78.264838	
        99	 98.542097	 98.084499	 97.627508	 97.171427	 96.716558	 96.263197	 95.811641	 95.362181	 94.915104	 94.470694	 94.029227	 93.590976	 93.156207	 92.725178	  92.29814	 91.875339	 91.457011	 91.043382	 90.634672	  90.23109	 89.832838	 89.440105	 89.053073	 88.671912	 88.296782	 87.927834	 87.565206	 87.209028	 86.859416	 86.516477	 86.180309	 85.850995	 85.528611	  85.21322	 84.904875	  84.60362	 84.309487	 84.022498	 83.742666	 83.469993	 83.204473	  82.94609	 82.694819	 82.450626	  82.21347	 81.983301	 81.760062	 81.543687	 81.334105	 81.131237	 80.934999	   80.7453	 80.562044	 80.385129	  80.21445	 80.049897	 79.891354	 79.738703	 79.591824	 79.450591	 79.314878	 79.184556	 79.059493	 78.939558	 78.824615	 78.714532	 78.609171	 78.508397	 78.412075	 78.320069	 78.232245	 78.148466	 78.068601	 77.992517	 77.920083	  77.85117	  77.78565	 77.723397	 77.664288	 77.608201	 77.555017	 77.504619	 77.456893	 77.411728	 77.369013	 77.328644	 77.290516	 77.254529	 77.220585	  77.18859	 77.158452	 77.130081	 77.103392	 77.078302	  77.05473	   77.0326	 77.011837	 76.992369	 76.974128	 76.957048	 76.941065	  76.92612	 76.912153	 76.899109	 76.886936	 76.875583	 76.865002	 76.855146	 76.845973	  76.83744	 76.829508	  76.82214	   76.8153	 76.808954	 76.803071	  76.79762	 76.792574	 76.787904	 76.783587	 76.779597	 76.775913	 76.772514	 76.769379	  76.76649	 76.763829	  76.76138	 76.759127	 76.757057	 76.755155	 76.753409	 76.751808	  76.75034	 76.748995	 76.747764	 76.746637	 76.745608	 76.744667	 76.743807	 76.743023	 76.742308	 76.741657	 76.741064	 76.740524	 76.740033	 76.739587	 76.739181	 76.738813	  76.73848	 76.738177	 76.737903	 76.737655	 76.737431	 76.737228	 76.737044	 76.736879	  76.73673	 76.736595	 76.736474	 76.736364	 76.736266	 76.736178	 76.736098	 76.736027	 76.735963	 76.735905	 76.735854	 76.735808	 76.735766	 76.735729	 76.735696	 76.735667	 76.735641	 76.735617	 76.735596	 76.735578	 76.735561	 76.735546	 76.735533	 76.735522	 76.735511	 76.735502	 76.735494	 76.735487	  76.73548	 76.735475	  76.73547	 76.735466	 76.735462	 76.735459	 76.735456	 76.735453	 76.735451	  76.73545	 76.735448	 76.735447	 76.735446	 76.735445	 76.735445	 76.735445	
        99	 98.510934	 98.022193	 97.534102	 97.046983	 96.561157	 96.076942	 95.594655	 95.114607	 94.637104	 94.162449	 93.690938	 93.222862	 92.758504	  92.29814	 91.842041	 91.390466	 90.943667	 90.501889	 90.065364	 89.634316	  89.20896	   88.7895	 88.376128	 87.969027	 87.568368	  87.17431	 86.787004	 86.406585	  86.03318	 85.666903	 85.307856	 84.956131	 84.611806	 84.274951	 83.945622	 83.623865	 83.309715	 83.003194	 82.704318	 82.413088	 82.129498	  81.85353	 81.585159	 81.324348	 81.071052	 80.825219	 80.586786	 80.355686	 80.131841	 79.915167	 79.705573	 79.502964	 79.307237	 79.118282	 78.935987	 78.760235	 78.590902	 78.427863	 78.270987	 78.120143	 77.975194	 77.836003	 77.702429	 77.574331	 77.451566	 77.333991	 77.221459	 77.113828	 77.010951	 76.912683	 76.818881	 76.729402	 76.644101	 76.562839	 76.485476	 76.411873	 76.341893	 76.275404	 76.212272	 76.152368	 76.095565	 76.041737	 75.990763	 75.942524	 75.896902	 75.853785	 75.813063	 75.774627	 75.738373	   75.7042	 75.672011	 75.641709	 75.613204	 75.586406	  75.56123	 75.537594	 75.515418	 75.494625	 75.475143	   75.4569	  75.43983	 75.423867	  75.40895	 75.395019	 75.382017	 75.369892	  75.35859	 75.348064	 75.338266	 75.329152	 75.320681	 75.312811	 75.305505	 75.298728	 75.292444	 75.286623	 75.281233	 75.276246	 75.271634	 75.267373	 75.263439	 75.259808	 75.256459	 75.253373	 75.250531	 75.247916	  75.24551	 75.243298	 75.241267	 75.239403	 75.237693	 75.236125	 75.234688	 75.233373	  75.23217	  75.23107	 75.230065	 75.229148	  75.22831	 75.227547	 75.226851	 75.226217	 75.225641	 75.225116	 75.224639	 75.224206	 75.223814	 75.223457	 75.223134	 75.222841	 75.222576	 75.222337	  75.22212	 75.221924	 75.221747	 75.221588	 75.221444	 75.221315	 75.221198	 75.221093	 75.220998	 75.220914	 75.220837	 75.220769	 75.220708	 75.220653	 75.220603	 75.220559	  75.22052	 75.220485	 75.220453	 75.220425	   75.2204	 75.220378	 75.220358	  75.22034	 75.220324	  75.22031	 75.220298	 75.220287	 75.220277	 75.220268	 75.220261	 75.220254	 75.220248	 75.220243	 75.220238	 75.220234	 75.220231	 75.220228	 75.220225	 75.220223	 75.220221	 75.220219	 75.220218	 75.220217	 75.220216	 75.220216	 75.220216	
        99	 98.480081	 97.960506	 97.441623	 96.923772	 96.407297	 95.892535	 95.379822	 94.869488	 94.361861	 93.857262	 93.356004	 92.858399	 92.364746	 91.875339	 91.390466	 90.910402	 90.435417	 89.965767	 89.501703	 89.043462	 88.591272	 88.145349	 87.705899	 87.273115	 86.847179	 86.428262	 86.016521	 85.612103	 85.215141	 84.825756	 84.444058	 84.070143	 83.704097	  83.34599	 82.995885	 82.653829	  82.31986	 81.994002	  81.67627	 81.366668	 81.065187	 80.771809	 80.486507	 80.209242	 79.939966	 79.678624	  79.42515	  79.17947	 78.941503	 78.711159	 78.488344	 78.272952	 78.064877	 77.864002	 77.670207	 77.483366	 77.303351	 77.130026	 76.963254	 76.802893	   76.6488	 76.500827	 76.358827	 76.222647	 76.092138	 75.967144	 75.847514	 75.733092	 75.623725	 75.519258	 75.419538	 75.324414	 75.233732	 75.147343	 75.065099	 74.986853	 74.912459	 74.841775	  74.77466	 74.710977	  74.65059	 74.593366	 74.539177	 74.487894	 74.439394	 74.393557	 74.350265	 74.309405	 74.270864	 74.234535	 74.200315	 74.168102	 74.137798	  74.10931	 74.082546	 74.057418	 74.033843	 74.011739	 73.991027	 73.971634	 73.953487	 73.936517	 73.920658	 73.905848	 73.892027	 73.879136	 73.867122	 73.855931	 73.845515	 73.835827	 73.826821	 73.818454	 73.810688	 73.803483	 73.796803	 73.790614	 73.784884	 73.779582	  73.77468	  73.77015	 73.765967	 73.762107	 73.758548	 73.755267	 73.752246	 73.749465	 73.746907	 73.744557	 73.742397	 73.740415	 73.738597	  73.73693	 73.735403	 73.734005	 73.732726	 73.731557	 73.730488	 73.729513	 73.728623	 73.727811	 73.727071	 73.726398	 73.725785	 73.725227	  73.72472	  73.72426	 73.723842	 73.723463	  73.72312	 73.722809	 73.722527	 73.722272	 73.722042	 73.721834	 73.721646	 73.721476	 73.721324	 73.721186	 73.721062	  73.72095	  73.72085	 73.720759	 73.720678	 73.720606	 73.720541	 73.720482	  73.72043	 73.720383	 73.720341	 73.720303	  73.72027	  73.72024	 73.720213	  73.72019	 73.720169	  73.72015	 73.720133	 73.720118	 73.720105	 73.720093	 73.720083	 73.720073	 73.720065	 73.720058	 73.720052	 73.720046	 73.720041	 73.720037	 73.720033	  73.72003	 73.720027	 73.720025	 73.720023	 73.720021	  73.72002	 73.720019	 73.720018	 73.720018	 73.720017	
        99	 98.449553	 97.899472	 97.350122	 96.801865	 96.255065	 95.710078	 95.167261	 94.626963	  94.08953	 93.555303	 93.024614	 92.497791	 91.975153	 91.457011	 90.943667	 90.435417	 89.932542	 89.435317	 88.944005	 88.458858	 87.980117	 87.508011	 87.042758	 86.584563	 86.133619	 85.690104	 85.254188	 84.826024	 84.405754	 83.993507	 83.589397	 83.193528	 82.805988	 82.426856	 82.056194	 81.694054	 81.340475	 80.995484	 80.659097	 80.331316	 80.012133	  79.70153	 79.399476	 79.105931	 78.820845	 78.544158	   78.2758	 78.015695	 77.763756	 77.519888	 77.283989	 77.055951	 76.835658	 76.622989	 76.417815	 76.220004	 76.029419	 75.845917	 75.669353	 75.499576	 75.336435	 75.179774	 75.029436	 74.885261	 74.747089	 74.614756	 74.488101	 74.366961	 74.251172	 74.140572	 74.034997	 73.934287	 73.838281	  73.74682	 73.659747	 73.576906	 73.498144	  73.42331	 73.352254	 73.284832	 73.220899	 73.160316	 73.102944	  73.04865	 72.997303	 72.948775	 72.902941	 72.859681	 72.818877	 72.780416	 72.744186	 72.710082	 72.677999	 72.647838	 72.619502	 72.592899	  72.56794	 72.544538	  72.52261	 72.502078	 72.482865	 72.464899	 72.448109	  72.43243	 72.417797	 72.404149	 72.391429	 72.379582	 72.368554	 72.358297	 72.348762	 72.339905	 72.331682	 72.324054	 72.316982	 72.310429	 72.304363	  72.29875	  72.29356	 72.288764	 72.284336	 72.280249	  72.27648	 72.273007	 72.269808	 72.266864	 72.264156	 72.261668	 72.259382	 72.257283	 72.255358	 72.253593	 72.251977	 72.250497	 72.249143	 72.247905	 72.246774	 72.245741	 72.244798	 72.243939	 72.243156	 72.242443	 72.241794	 72.241203	 72.240667	  72.24018	 72.239737	 72.239336	 72.238972	 72.238643	 72.238345	 72.238075	 72.237831	 72.237611	 72.237412	 72.237232	 72.237071	 72.236925	 72.236793	 72.236675	 72.236569	 72.236473	 72.236388	 72.236311	 72.236242	  72.23618	 72.236124	 72.236075	  72.23603	 72.235991	 72.235955	 72.235923	 72.235895	  72.23587	 72.235848	 72.235828	  72.23581	 72.235794	  72.23578	 72.235768	 72.235757	 72.235747	 72.235738	 72.235731	 72.235724	 72.235718	 72.235713	 72.235709	 72.235705	 72.235701	 72.235698	 72.235696	 72.235694	 72.235692	 72.235691	 72.235689	 72.235689	 72.235688	 72.235688	
