Time step 29:
        99	        99	        99	        99	        99	        99	        99	        99	        99	        99	        99	        99	        99	        99	        99	        99	        99	        99	        99	        99	        99	        99	        99	        99	        99	        99	        99	        99	        99	        99	        99	        99	        99	        99	        99	        99	        99	        99	        99	        99	        99	        99	        99	        99	        99	        99	        99	        99	        99	        99	        99	        99	        99	        99	        99	        99	        99	        99	        99	        99	        99	        99	        99	        99	        99	        99	        99	        99	        99	        99	        99	        99	        99	        99	        99	        99	        99	        99	        99	        99	        99	        99	        99	        99	        99	        99	        99	        99	        99	        99	        99	        99	        99	        99	        99	        99	        99	        99	        99	        99	        99	        99	        99	        99	        99	        99	        99	        99	        99	        99	        99	        99	        99	        99	        99	        99	        99	        99	        99	        99	        99	        99	        99	        99	        99	        99	        99	        99	        99	        99	        99	        99	        99	        99	        99	        99	        99	        99	        99	        99	        99	        99	        99	        99	        99	        99	        99	        99	        99	        99	        99	        99	        99	        99	        99	        99	        99	        99	        99	        99	        99	        99	        99	        99	        99	        99	        99	        99	        99	        99	        99	        99	        99	        99	        99	        99	        99	        99	        99	        99	        99	        99	        99	        99	        99	        99	        99	        99	        99	        99	        99	        99	        99	        99	        99	        99	        99	        99	        99	        99	
        99	 98.978106	 98.956221	 98.934356	 98.912519	  98.89072	 98.868969	 98.847274	 98.825645	 98.804092	 98.782622	 98.761247	 98.739973	  98.71881	 98.697766	 98.676851	 98.656071	 98.635436	 98.614953	  98.59463	 98.574474	 98.554494	 98.534695	 98.515084	  98.49567	 98.476456	 98.457451	  98.43866	 98.420089	 98.401743	 98.383626	 98.365745	 98.348104	 98.330707	 98.313558	  98.29666	 98.280019	 98.263636	 98.247515	 98.231659	 98.216069	 98.200749	   98.1857	 98.170924	 98.156421	 98.142194	 98.128243	 98.114568	 98.101171	  98.08805	 98.075207	  98.06264	 98.050349	 98.038333	 98.026591	 98.015122	 98.003925	 97.992997	 97.982337	 97.971943	 97.961812	 97.951943	 97.942332	 97.932978	 97.923876	 97.915024	  97.90642	 97.898059	 97.889939	 97.882055	 97.874405	 97.866984	 97.859789	 97.852816	 97.846062	 97.839521	 97.833191	 97.827066	 97.821144	 97.815419	 97.809888	 97.804546	 97.799389	 97.794413	 97.789614	 97.784987	 97.780528	 97.776233	 97.772097	 97.768117	 97.764288	 97.760607	 97.757068	 97.753668	 97.750403	 97.747269	 97.744262	 97.741378	 97.738613	 97.735964	 97.733426	 97.730997	 97.728672	 97.726448	 97.724321	 97.722289	 97.720348	 97.718493	 97.716724	 97.715035	 97.713425	  97.71189	 97.710428	 97.709035	 97.707709	 97.706447	 97.705247	 97.704106	 97.703021	 97.701991	 97.701013	 97.700084	 97.699203	 97.698368	 97.697576	 97.696826	 97.696116	 97.695443	 97.694807	 97.694205	 97.693636	 97.693098	  97.69259	 97.692111	 97.691658	 97.691231	 97.690829	 97.690449	 97.690092	 97.689755	 97.689438	  97.68914	  97.68886	 97.688596	 97.688348	 97.688116	 97.687897	 97.687692	   97.6875	  97.68732	 97.687151	 97.686993	 97.686844	 97.686706	 97.686576	 97.686455	 97.686341	 97.686235	 97.686136	 97.686044	 97.685958	 97.685877	 97.685802	 97.685732	 97.685667	 97.685607	 97.685551	 97.685498	  97.68545	 97.685404	 97.685362	 97.685324	 97.685287	 97.685254	 97.685223	 97.685194	 97.685168	 97.685144	 97.685121	   97.6851	 97.685081	 97.685063	 97.685047	 97.685033	 97.685019	 97.685007	 97.684996	 97.684985	 97.684976	 97.684968	 97.684961	 97.684954	 97.684949	 97.684944	  97.68494	 97.684936	 97.684934	 97.684932	  97.68493	  97.68493	
        99	 98.956221	 98.912462	 98.868741	 98.825076	 98.781488	 98.737994	 98.694614	 98.651366	 98.608269	  98.56534	 98.522597	 98.480059	 98.437742	 98.395664	 98.353842	 98.312292	 98.271031	 98.230074	 98.189437	 98.149134	 98.109181	 98.069592	  98.03038	 97.991559	 97.953141	 97.915139	 97.877565	  97.84043	 97.803746	 97.767521	 97.731767	 97.696492	 97.661705	 97.627414	 97.593627	 97.560351	 97.527593	 97.495358	 97.463652	  97.43248	 97.401846	 97.371755	 97.342208	  97.31321	 97.284761	 97.256865	 97.229522	 97.202733	 97.176497	 97.150816	 97.125687	 97.101111	 97.077084	 97.053606	 97.030673	 97.008283	 96.986432	 96.965117	 96.944333	 96.924076	 96.904342	 96.885125	  96.86642	  96.84822	 96.830521	 96.813316	 96.796598	  96.78036	 96.764597	 96.749299	 96.734461	 96.720075	 96.706132	 96.692626	 96.679548	  96.66689	 96.654643	 96.642801	 96.631354	 96.620294	 96.609612	 96.599301	 96.589351	 96.579755	 96.570502	 96.561586	 96.552998	 96.544729	  96.53677	 96.529114	 96.521753	 96.514677	 96.507878	  96.50135	 96.495083	 96.489071	 96.483304	 96.477776	 96.472478	 96.467404	 96.462546	 96.457897	  96.45345	 96.449198	 96.445134	 96.441252	 96.437545	 96.434006	  96.43063	 96.427411	 96.424341	 96.421417	 96.418632	  96.41598	 96.413457	 96.411057	 96.408775	 96.406607	 96.404547	 96.402591	 96.400734	 96.398973	 96.397303	  96.39572	  96.39422	 96.392799	 96.391455	 96.390182	 96.388979	 96.387841	 96.386766	  96.38575	 96.384791	 96.383886	 96.383032	 96.382227	 96.381469	 96.380754	 96.380081	 96.379447	 96.378851	  96.37829	 96.377763	 96.377268	 96.376803	 96.376366	 96.375956	 96.375572	 96.375211	 96.374873	 96.374557	  96.37426	 96.373983	 96.373724	 96.373481	 96.373254	 96.373042	 96.372844	 96.372659	 96.372487	 96.372326	 96.372177	 96.372037	 96.371907	 96.371786	 96.371673	 96.371569	 96.371471	 96.371381	 96.371297	 96.371219	 96.371147	  96.37108	 96.371019	 96.370961	 96.370908	 96.370859	 96.370814	 96.370773	 96.370735	 96.370699	 96.370667	 96.370638	 96.370611	 96.370586	 96.370564	 96.370543	 96.370525	 96.370509	 96.370494	 96.370481	  96.37047	  96.37046	 96.370452	 96.370445	  96.37044	 96.370436	 96.370433	 96.370432	
        99	 98.934356	 98.868741	 98.803182	  98.73771	 98.672351	 98.607134	 98.542088	 98.477239	 98.412616	 98.348246	 98.284155	 98.220371	 98.156919	 98.093825	 98.031115	 97.968813	 97.906943	  97.84553	 97.784596	 97.724164	 97.664256	 97.604894	 97.546097	 97.487886	 97.430281	 97.373299	 97.316958	 97.261276	 97.206269	 97.151952	  97.09834	 97.045446	 96.993285	 96.941867	 96.891206	  96.84131	  96.79219	 96.743856	 96.696314	 96.649573	 96.603639	 96.558518	 96.514214	 96.470732	 96.428075	 96.386246	 96.345246	 96.305077	 96.265738	  96.22723	 96.189551	 96.152699	 96.116673	 96.081468	 96.047081	 96.013508	 95.980744	 95.948782	 95.917618	 95.887244	 95.857653	 95.828838	  95.80079	 95.773501	 95.746962	 95.721163	 95.696095	 95.671748	 95.648111	 95.625173	 95.602924	 95.581352	 95.560446	 95.540194	 95.520584	 95.501604	 95.483241	 95.465484	  95.44832	 95.431735	 95.415719	 95.400258	 95.385338	 95.370948	 95.357075	 95.343706	 95.330828	 95.318429	 95.306496	 95.295016	 95.283977	 95.273367	 95.263173	 95.253384	 95.243988	 95.234972	 95.226325	 95.218035	 95.210092	 95.202484	   95.1952	 95.188229	 95.181561	 95.175185	 95.169091	  95.16327	 95.157711	 95.152405	 95.147343	 95.142515	 95.137913	 95.133528	 95.129352	 95.125376	 95.121593	 95.117994	 95.114573	 95.111321	 95.108232	 95.105299	 95.102515	 95.099874	  95.09737	 95.094996	 95.092747	 95.090617	 95.088601	 95.086693	 95.084888	 95.083182	  95.08157	 95.080047	 95.078609	 95.077252	 95.075972	 95.074765	 95.073628	 95.072556	 95.071546	 95.070596	 95.069702	 95.068862	 95.068071	 95.067328	 95.066631	 95.065976	 95.065361	 95.064785	 95.064244	 95.063738	 95.063263	 95.062819	 95.062403	 95.062014	  95.06165	  95.06131	 95.060992	 95.060695	 95.060419	  95.06016	 95.059919	 95.059694	 95.059485	  95.05929	 95.059109	  95.05894	 95.058783	 95.058637	 95.058502	 95.058376	 95.058259	 95.058151	 95.058051	 95.057958	 95.057872	 95.057793	 95.057719	 95.057652	 95.057589	 95.057532	 95.057479	 95.057431	 95.057387	 95.057346	 95.057309	 95.057276	 95.057245	 95.057218	 95.057194	 95.057172	 95.057152	 95.057136	 95.057121	 95.057109	 95.057099	 95.057091	 95.057085	 95.057081	 95.057079	
        99	 98.912519	 98.825076	  98.73771	 98.650457	 98.563356	 98.476445	  98.38976	 98.303339	 98.217219	 98.131436	 98.046025	 97.961022	 97.876462	  97.79238	 97.708809	 97.625781	 97.543331	 97.461488	 97.380284	 97.299749	 97.219912	 97.140802	 97.062447	 96.984872	 96.908103	 96.832166	 96.757083	 96.682878	 96.609573	 96.537187	  96.46574	 96.395251	 96.325738	 96.257216	 96.189701	 96.123207	 96.057748	 95.993334	 95.929978	 95.867688	 95.806474	 95.746342	 95.687301	 95.629354	 95.572507	 95.516763	 95.462124	 95.408592	 95.356168	 95.304849	 95.254636	 95.205526	 95.157515	 95.110599	 95.064773	 95.020032	 94.976368	 94.933775	 94.892243	 94.851765	 94.812331	  94.77393	 94.736552	 94.700185	 94.664817	 94.630436	 94.597029	 94.564583	 94.533083	 94.502515	 94.472864	 94.444116	 94.416256	 94.389266	 94.363133	 94.337839	 94.313368	 94.289704	 94.266829	 94.244729	 94.223384	 94.202779	 94.182897	  94.16372	 94.145232	 94.127416	 94.110254	  94.09373	 94.077827	 94.062528	 94.047817	 94.033678	 94.020093	 94.007048	 93.994525	  93.98251	 93.970987	  93.95994	 93.949354	 93.939215	 93.929508	 93.920218	 93.911332	 93.902835	 93.894714	 93.886956	 93.879548	 93.872477	 93.865731	 93.859297	 93.853165	 93.847321	 93.841755	 93.836457	 93.831415	 93.826619	 93.822059	 93.817726	  93.81361	 93.809701	 93.805991	 93.802472	 93.799134	 93.795971	 93.792974	 93.790135	 93.787448	 93.784905	   93.7825	 93.780227	 93.778078	 93.776049	 93.774133	 93.772324	 93.770618	  93.76901	 93.767494	 93.766065	  93.76472	 93.763454	 93.762263	 93.761142	 93.760089	 93.759099	  93.75817	 93.757297	 93.756478	  93.75571	 93.754989	 93.754314	 93.753682	  93.75309	 93.752535	 93.752017	 93.751532	 93.751079	 93.750655	  93.75026	 93.749891	 93.749546	 93.749225	 93.748926	 93.748647	 93.748387	 93.748145	  93.74792	 93.747711	 93.747517	 93.747336	 93.747168	 93.747013	 93.746869	 93.746735	 93.746611	 93.746497	 93.746391	 93.746294	 93.746203	  93.74612	 93.746044	 93.745974	 93.745909	  93.74585	 93.745796	 93.745747	 93.745702	 93.745662	 93.745626	 93.745593	 93.745564	 93.745538	 93.745516	 93.745496	  93.74548	 93.745466	 93.745456	 93.745448	 93.745442	  93.74544	
        99	  98.89072	 98.781488	 98.672351	 98.563356	 98.454551	 98.345983	 98.237698	 98.129742	 98.022162	 97.915003	 97.808309	 97.702125	 97.596494	  97.49146	 97.387064	 97.283347	 97.180351	 97.078114	 96.976675	 96.876072	 96.776342	 96.677519	 96.579638	 96.482733	 96.386835	 96.291975	 96.198183	 96.105487	 96.013914	 95.923491	 95.834241	 95.746187	 95.659352	 95.573756	 95.489417	 95.406354	 95.324583	 95.244119	 95.164975	 95.087163	 95.010695	  94.93558	 94.861826	  94.78944	 94.718428	 94.648793	  94.58054	 94.513668	  94.44818	 94.384074	 94.321349	 94.260001	 94.200026	 94.141419	 94.084174	 94.028284	  93.97374	 93.920533	 93.868653	 93.818088	 93.768827	 93.720857	 93.674165	 93.628736	 93.584555	 93.541607	 93.499876	 93.459344	 93.419995	  93.38181	 93.344771	  93.30886	 93.274056	 93.240342	 93.207696	 93.176099	  93.14553	 93.115969	 93.087395	 93.059787	 93.033124	 93.007385	 92.982548	 92.958593	 92.935498	 92.913242	 92.891803	 92.871162	 92.851296	 92.832185	 92.813809	 92.796146	 92.779176	  92.76288	 92.747237	 92.732228	 92.717833	 92.704033	  92.69081	 92.678144	 92.666018	 92.654414	 92.643313	 92.632699	 92.622555	 92.612864	  92.60361	 92.594777	 92.586349	 92.578313	 92.570651	 92.563352	 92.556399	  92.54978	 92.543482	 92.537491	 92.531795	 92.526382	  92.52124	 92.516357	 92.511723	 92.507327	 92.503158	 92.499206	 92.495462	 92.491916	 92.488559	 92.485383	 92.482379	 92.479539	 92.476855	  92.47432	 92.471926	 92.469667	 92.467536	 92.465527	 92.463633	 92.461848	 92.460168	 92.458586	 92.457098	 92.455699	 92.454383	 92.453146	 92.451985	 92.450895	 92.449872	 92.448912	 92.448012	 92.447169	 92.446379	 92.445639	 92.444947	 92.444299	 92.443693	 92.443127	 92.442598	 92.442104	 92.441643	 92.441213	 92.440812	 92.440438	 92.440089	 92.439765	 92.439463	 92.439182	  92.43892	 92.438678	 92.438452	 92.438243	 92.438048	 92.437868	 92.437701	 92.437547	 92.437404	 92.437272	  92.43715	 92.437037	 92.436934	 92.436838	  92.43675	  92.43667	 92.436596	 92.436529	 92.436467	 92.436411	 92.436361	 92.436315	 92.436275	 92.436238	 92.436206	 92.436178	 92.436154	 92.436133	 92.436116	 92.436103	 92.436093	 92.436086	 92.436083	
        99	 98.868969	 98.737994	 98.607134	 98.476445	 98.345983	 98.215804	 98.085966	 97.956522	 97.827529	  97.69904	  97.57111	  97.44379	 97.317134	 97.191194	 97.066018	 96.941657	  96.81816	 96.695574	 96.573944	 96.453317	 96.333735	 96.215242	 96.097879	 95.981685	 95.866699	 95.752958	 95.640498	 95.529351	 95.419552	  95.31113	 95.204115	 95.098535	 94.994416	 94.891782	 94.790657	  94.69106	 94.593013	 94.496533	 94.401636	 94.308336	 94.216648	 94.126581	 94.038147	 93.951353	 93.866206	 93.782711	 93.700872	  93.62069	 93.542167	 93.465301	 93.390091	 93.316532	 93.244619	 93.174347	 93.105708	 93.038694	 92.973293	 92.909495	 92.847288	 92.786659	 92.727593	 92.670075	 92.614089	 92.559618	 92.506643	 92.455146	 92.405109	 92.356509	 92.309328	 92.263542	 92.219131	 92.176072	 92.134341	 92.093916	 92.054772	 92.016886	 91.980233	 91.944788	 91.910526	 91.877423	 91.845453	  91.81459	  91.78481	 91.756087	 91.728394	 91.701708	 91.676003	 91.651253	 91.627433	 91.604518	 91.582484	 91.561305	 91.540958	 91.521418	 91.502662	 91.484665	 91.467405	 91.450858	 91.435003	 91.419816	 91.405276	 91.391362	 91.378052	 91.365325	 91.353162	 91.341542	 91.330446	 91.319855	  91.30975	 91.300114	 91.290928	 91.282175	 91.273838	 91.265902	  91.25835	 91.251167	 91.244337	 91.237847	 91.231681	 91.225826	  91.22027	 91.214998	     91.21	 91.205261	 91.200772	  91.19652	 91.192495	 91.188687	 91.185085	 91.181679	 91.178461	 91.175422	 91.172552	 91.169843	 91.167288	 91.164878	 91.162607	 91.160468	 91.158453	 91.156557	 91.154772	 91.153094	 91.151516	 91.150034	 91.148641	 91.147334	 91.146107	 91.144957	 91.143878	 91.142867	 91.141919	 91.141032	 91.140202	 91.139425	 91.138699	  91.13802	 91.137386	 91.136794	 91.136241	 91.135725	 91.135244	 91.134795	 91.134378	 91.133989	 91.133626	 91.133289	 91.132976	 91.132685	 91.132415	 91.132164	 91.131931	 91.131715	 91.131515	 91.131329	 91.131158	    91.131	 91.130853	 91.130718	 91.130594	 91.130479	 91.130374	 91.130278	 91.130189	 91.130108	 91.130035	 91.129968	 91.129907	 91.129853	 91.129804	  91.12976	 91.129721	 91.129688	 91.129659	 91.129634	 91.129614	 91.129598	 91.129586	 91.129578	 91.129574	
        99	 98.847274	 98.694614	 98.542088	  98.38976	 98.237698	 98.085966	  97.93463	 97.783755	 97.633404	 97.483641	 97.334529	  97.18613	 97.038504	 96.891711	  96.74581	 96.600859	 96.456915	 96.314032	 96.172264	 96.031665	 95.892284	 95.754172	 95.617377	 95.481945	 95.347921	 95.215348	 95.084267	 94.954719	  94.82674	 94.700367	 94.575634	 94.452573	 94.331215	 94.211588	 94.093719	 93.977633	 93.863352	 93.750897	 93.640288	 93.531541	 93.424672	 93.319693	 93.216617	 93.115453	 93.016208	 92.918889	   92.8235	 92.730042	 92.638518	 92.548925	 92.461262	 92.375524	 92.291705	 92.209799	 92.129795	 92.051685	 91.975456	 91.901095	 91.828589	 91.757921	 91.689076	 91.622034	 91.556779	 91.493289	 91.431543	  91.37152	 91.313198	 91.256552	 91.201558	 91.148192	 91.096428	 91.046239	 90.997599	 90.950481	 90.904856	 90.860697	 90.817975	 90.776662	 90.736728	 90.698144	  90.66088	 90.624908	 90.590197	 90.556718	 90.524441	 90.493336	 90.463375	 90.434527	 90.406763	 90.380054	 90.354371	 90.329686	  90.30597	 90.283195	 90.261333	 90.240357	 90.220239	 90.200953	 90.182472	 90.164771	 90.147824	 90.131606	 90.116092	 90.101258	 90.087081	 90.073537	 90.060604	 90.048259	 90.036481	 90.025249	 90.014543	 90.004341	 89.994624	 89.985374	 89.976571	 89.968199	 89.960238	 89.952673	 89.945487	 89.938663	 89.932186	 89.926042	 89.920215	 89.914693	  89.90946	 89.904504	 89.899813	 89.895374	 89.891176	 89.887206	 89.883455	 89.879912	 89.876567	  89.87341	 89.870432	 89.867624	 89.864977	 89.862483	 89.860134	 89.857924	 89.855844	 89.853888	 89.852049	 89.850321	 89.848698	 89.847175	 89.845745	 89.844403	 89.843146	 89.841967	 89.840863	 89.839829	 89.838862	 89.837956	  89.83711	 89.836319	 89.835579	 89.834889	 89.834245	 89.833643	 89.833083	  89.83256	 89.832073	 89.831619	 89.831197	 89.830804	 89.830439	   89.8301	 89.829785	 89.829492	 89.829221	 89.828969	 89.828736	  89.82852	  89.82832	 89.828135	 89.827965	 89.827808	 89.827663	 89.827529	 89.827406	 89.827294	 89.827191	 89.827097	 89.827011	 89.826933	 89.826862	 89.826799	 89.826741	 89.826691	 89.826646	 89.826606	 89.826573	 89.826544	  89.82652	 89.826502	 89.826488	 89.826479	 89.826474	
        99	 98.825645	 98.651366	 98.477239	 98.303339	 98.129742	 97.956522	 97.783755	 97.611513	  97.43987	 97.268898	 97.098669	 96.929254	 96.760721	  96.59314	 96.426577	 96.261098	 96.096769	 95.933651	 95.771807	 95.611296	 95.452176	 95.294506	 95.138338	 94.983726	 94.830722	 94.679374	  94.52973	 94.381835	 94.235732	 94.091462	 93.949065	 93.808576	 93.670032	 93.533464	 93.398902	 93.266376	 93.135911	 93.007531	 92.881258	  92.75711	 92.635106	 92.515261	 92.397587	 92.282096	 92.168797	 92.057696	 91.948797	 91.842105	 91.737619	 91.635339	 91.535261	 91.437381	 91.341692	 91.248186	 91.156852	  91.06768	 90.980655	 90.895764	 90.812989	 90.732314	 90.653719	 90.577183	 90.502686	 90.430205	 90.359715	 90.291192	  90.22461	 90.159942	  90.09716	 90.036237	 89.977142	 89.919845	 89.864317	 89.810526	  89.75844	 89.708027	 89.659255	 89.612091	 89.566501	 89.522453	 89.479912	 89.438846	 89.399219	 89.360999	 89.324151	 89.288641	 89.254437	 89.221503	 89.189808	 89.159316	 89.129997	 89.101816	 89.074741	 89.048741	 89.023783	 88.999836	 88.976869	 88.954852	 88.933754	 88.913546	 88.894199	 88.875684	 88.857973	 88.841038	 88.824853	 88.809391	 88.794626	 88.780534	 88.767088	 88.754265	 88.742042	 88.730395	 88.719303	 88.708743	 88.698694	 88.689135	 88.680047	 88.671411	 88.663206	 88.655416	 88.648023	 88.641008	 88.634356	 88.628051	 88.622078	  88.61642	 88.611065	 88.605997	 88.601204	 88.596673	 88.592391	 88.588346	 88.584527	 88.580923	 88.577523	 88.574317	 88.571295	 88.568448	 88.565767	 88.563243	 88.560869	 88.558636	 88.556537	 88.554564	 88.552711	 88.550972	 88.549339	 88.547808	 88.546373	 88.545027	 88.543767	 88.542586	 88.541482	 88.540448	 88.539482	 88.538578	 88.537734	 88.536946	 88.536211	 88.535524	 88.534884	 88.534287	 88.533731	 88.533214	 88.532732	 88.532283	 88.531866	 88.531479	 88.531119	 88.530785	 88.530475	 88.530188	 88.529922	 88.529675	 88.529447	 88.529236	 88.529042	 88.528862	 88.528697	 88.528544	 88.528404	 88.528276	 88.528158	 88.528051	 88.527953	 88.527863	 88.527783	  88.52771	 88.527645	 88.527587	 88.527536	 88.527491	 88.527452	  88.52742	 88.527393	 88.527371	 88.527355	 88.527345	  88.52734	
        99	 98.804092	 98.608269	 98.412616	 98.217219	 98.022162	 97.827529	 97.633404	  97.43987	 97.247008	 97.054901	 96.863629	 96.673271	 96.483904	 96.295607	 96.108454	 95.922519	 95.737875	 95.554593	 95.372741	 95.192388	 95.013599	 94.836437	 94.660964	  94.48724	 94.315321	 94.145264	 93.977121	 93.810943	 93.646779	 93.484675	 93.324674	 93.166819	 93.011148	 92.857697	 92.706502	 92.557593	    92.411	  92.26675	 92.124866	 91.985372	 91.848286	 91.713626	 91.581406	 91.451638	 91.324332	 91.199497	 91.077137	 90.957255	 90.839853	 90.724929	 90.612479	 90.502499	 90.394981	 90.289916	 90.187292	 90.087097	 89.989314	 89.893929	 89.800922	 89.710273	 89.621962	 89.535966	 89.452259	 89.370818	 89.291614	  89.21462	 89.139807	 89.067145	 88.996603	 88.928148	 88.861747	 88.797368	 88.734976	 88.674535	  88.61601	 88.559366	 88.504564	  88.45157	 88.400344	 88.350851	 88.303051	 88.256908	 88.212383	 88.169438	 88.128035	 88.088136	 88.049703	 88.012698	 87.977084	 87.942824	  87.90988	 87.878215	 87.847793	 87.818579	 87.790536	 87.763628	 87.737822	 87.713083	 87.689377	 87.666671	 87.644932	 87.624128	 87.604228	   87.5852	 87.567014	 87.549641	 87.533051	 87.517216	 87.502108	 87.487701	 87.473966	  87.46088	 87.448416	 87.436551	 87.425259	 87.414519	 87.404308	 87.394604	 87.385385	 87.376632	 87.368324	 87.360443	 87.352969	 87.345885	 87.339172	 87.332815	 87.326798	 87.321104	 87.315718	 87.310627	 87.305815	 87.301271	  87.29698	  87.29293	 87.289109	 87.285507	 87.282112	 87.278913	   87.2759	 87.273065	 87.270397	 87.267888	 87.265529	 87.263313	 87.261231	 87.259276	 87.257442	 87.255722	 87.254109	 87.252597	  87.25118	 87.249854	 87.248613	 87.247452	 87.246366	 87.245351	 87.244403	 87.243517	  87.24269	 87.241919	   87.2412	 87.240529	 87.239905	 87.239323	 87.238781	 87.238278	 87.237809	 87.237374	  87.23697	 87.236594	 87.236246	 87.235923	 87.235624	 87.235347	 87.235091	 87.234854	 87.234635	 87.234433	 87.234247	 87.234076	 87.233919	 87.233775	 87.233642	 87.233522	 87.233411	 87.233311	 87.233221	 87.233139	 87.233066	 87.233001	 87.232943	 87.232893	 87.232849	 87.232813	 87.232782	 87.232758	 87.232741	 87.232729	 87.232723	
        99	 98.782622	  98.56534	 98.348246	 98.131436	 97.915003	  97.69904	 97.483641	 97.268898	 97.054901	 96.841742	 96.629508	 96.418289	  96.20817	 95.999237	 95.791575	 95.585264	 95.380385	 95.177017	 94.975237	 94.775119	 94.576737	  94.38016	 94.185457	 93.992695	 93.801936	 93.613243	 93.426673	 93.242284	  93.06013	 92.880261	 92.702726	 92.527572	 92.354841	 92.184574	 92.016809	 91.851582	 91.688924	 91.528866	 91.371434	 91.216653	 91.064544	 90.915126	 90.768416	 90.624427	  90.48317	 90.344655	 90.208885	 90.075866	 89.945598	 89.818079	 89.693307	 89.571275	 89.451974	 89.335395	 89.221524	 89.110349	  89.00185	 88.896012	 88.792812	  88.69223	 88.594241	  88.49882	 88.405941	 88.315574	 88.227691	 88.142259	 88.059248	 87.978623	  87.90035	 87.824393	 87.750716	 87.679281	 87.610051	 87.542987	 87.478049	 87.415196	  87.35439	 87.295587	 87.238748	 87.183831	 87.130793	 87.079593	 87.030189	 86.982537	 86.936597	 86.892325	  86.84968	 86.808621	 86.769104	 86.731089	 86.694534	   86.6594	 86.625644	 86.593228	 86.562112	 86.532256	 86.503622	 86.476172	 86.449868	 86.424673	 86.400552	 86.377468	 86.355387	 86.334274	 86.314095	 86.294818	  86.27641	  86.25884	 86.242076	  86.22609	  86.21085	  86.19633	   86.1825	 86.169334	 86.156806	 86.144889	 86.133558	 86.122791	 86.112562	  86.10285	 86.093631	 86.084886	 86.076593	 86.068732	 86.061285	 86.054231	 86.047554	 86.041236	  86.03526	 86.029611	 86.024272	 86.019229	 86.014468	 86.009974	 86.005735	 86.001738	 85.997971	 85.994421	 85.991079	 85.987933	 85.984972	 85.982188	 85.979571	 85.977111	 85.974802	 85.972633	 85.970598	 85.968689	 85.966899	 85.965221	  85.96365	 85.962178	 85.960801	 85.959513	 85.958308	 85.957181	 85.956129	 85.955147	 85.954229	 85.953374	 85.952575	 85.951831	 85.951138	 85.950493	 85.949892	 85.949333	 85.948813	  85.94833	 85.947882	 85.947465	 85.947079	  85.94672	 85.946389	 85.946081	 85.945797	 85.945534	 85.945291	 85.945067	 85.944861	 85.944671	 85.944497	 85.944336	  85.94419	 85.944056	 85.943934	 85.943823	 85.943722	 85.943631	  85.94355	 85.943478	 85.943414	 85.943358	  85.94331	 85.943269	 85.943236	 85.943209	 85.943189	 85.943176	 85.943169	
        99	 98.761247	 98.522597	 98.284155	 98.046025	 97.808309	  97.57111	 97.334529	 97.098669	 96.863629	 96.629508	 96.396405	 96.164415	 95.933634	 95.704156	 95.476072	 95.249474	 95.024448	 94.801082	  94.57946	 94.359663	 94.141773	 93.925866	 93.712017	 93.500299	 93.290782	 93.083533	 92.878617	 92.676096	  92.47603	 92.278473	  92.08348	 91.891102	 91.701386	 91.514376	 91.330114	 91.148638	 90.969985	 90.794188	 90.621274	 90.451273	 90.284206	 90.120096	 89.958959	 89.800811	 89.645663	 89.493526	 89.344406	 89.198306	 89.055228	  88.91517	 88.778128	 88.644096	 88.513064	  88.38502	 88.259953	 88.137844	 88.018677	  87.90243	 87.789083	  87.67861	 87.570985	 87.466181	 87.364168	 87.264915	  87.16839	 87.074557	 86.983383	  86.89483	 86.808859	 86.725433	 86.644511	 86.566052	 86.490014	 86.416355	 86.345031	 86.275998	 86.209212	 86.144628	 86.082199	 86.021882	 85.963628	 85.907393	 85.853131	 85.800793	 85.750335	  85.70171	 85.654872	 85.609775	 85.566372	 85.524619	  85.48447	  85.44588	 85.408805	 85.373202	 85.339025	 85.306233	 85.274784	 85.244634	 85.215744	 85.188072	 85.161579	 85.136225	 85.111972	 85.088783	  85.06662	 85.045447	 85.025229	 85.005931	 84.987519	  84.96996	 84.953222	 84.937274	 84.922084	 84.907624	 84.893863	 84.880774	  84.86833	 84.856503	 84.845269	 84.834601	 84.824477	 84.814871	 84.805763	 84.797129	 84.788949	 84.781202	 84.773868	 84.766929	 84.760365	  84.75416	 84.748297	 84.742758	 84.737528	 84.732593	 84.727937	 84.723547	 84.719409	 84.715511	 84.711839	 84.708384	 84.705132	 84.702074	   84.6992	 84.696499	 84.693961	  84.69158	 84.689344	 84.687248	 84.685282	 84.683439	 84.681713	 84.680097	 84.678584	 84.677169	 84.675846	 84.674609	 84.673453	 84.672374	 84.671366	 84.670426	  84.66955	 84.668733	 84.667971	 84.667262	 84.666602	 84.665989	 84.665418	 84.664887	 84.664394	 84.663937	 84.663513	 84.663119	 84.662755	 84.662417	 84.662105	 84.661816	 84.661549	 84.661304	 84.661077	 84.660868	 84.660677	 84.660501	 84.660339	 84.660192	 84.660058	 84.659936	 84.659826	 84.659726	 84.659637	 84.659557	 84.659487	 84.659426	 84.659373	 84.659328	 84.659291	 84.659262	  84.65924	 84.659226	 84.659219	
        99	 98.739973	 98.480059	 98.220371	 97.961022	 97.702125	  97.44379	  97.18613	 96.929254	 96.673271	 96.418289	 96.164415	 95.911754	  95.66041	 95.410484	 95.162077	 94.915288	 94.670212	 94.426943	 94.185574	 93.946193	 93.708887	 93.473742	 93.240838	 93.010255	  92.78207	 92.556354	  92.33318	 92.112614	  91.89472	 91.679561	 91.467193	 91.257674	 91.051053	 90.847379	 90.646699	 90.449053	 90.254482	  90.06302	   89.8747	  89.68955	 89.507597	 89.328864	 89.153369	 88.981129	 88.812158	 88.646465	 88.484058	  88.32494	 88.169113	 88.016575	 87.867322	 87.721347	  87.57864	 87.439187	 87.302976	 87.169987	 87.040201	 86.913597	 86.790149	 86.669833	 86.552618	 86.438476	 86.327373	 86.219276	  86.11415	 86.011957	 85.912659	 85.816215	 85.722584	 85.631725	 85.543592	 85.458142	 85.375329	 85.295107	 85.217428	 85.142244	 85.069507	 84.999167	 84.931176	 84.865484	  84.80204	 84.740795	 84.681697	 84.624696	 84.569742	 84.516785	 84.465773	 84.416657	 84.369387	 84.323913	 84.280187	 84.238159	 84.197781	 84.159004	 84.121783	 84.086069	 84.051817	 84.018981	 83.987516	 83.957379	 83.928525	 83.900912	 83.874499	 83.849243	 83.825105	 83.802046	 83.780026	 83.759009	 83.738956	 83.719833	 83.701604	 83.684234	 83.667691	 83.651942	 83.636955	   83.6227	 83.609147	 83.596266	 83.584031	 83.572413	 83.561386	 83.550925	 83.541005	 83.531602	 83.522693	 83.514255	 83.506268	 83.498711	 83.491562	 83.484804	 83.478418	 83.472386	 83.466691	 83.461315	 83.456245	 83.451463	 83.446957	 83.442711	 83.438713	 83.434949	 83.431408	 83.428077	 83.424947	 83.422005	 83.419242	 83.416647	 83.414213	 83.411929	 83.409788	 83.407782	 83.405902	 83.404142	 83.402494	 83.400953	 83.399512	 83.398164	 83.396906	  83.39573	 83.394633	 83.393609	 83.392655	 83.391765	 83.390936	 83.390163	 83.389445	 83.388776	 83.388154	 83.387577	  83.38704	 83.386542	  83.38608	 83.385651	 83.385254	 83.384886	 83.384546	 83.384232	 83.383942	 83.383674	 83.383427	   83.3832	 83.382991	 83.382799	 83.382624	 83.382463	 83.382317	 83.382184	 83.382064	 83.381956	 83.381859	 83.381772	 83.381696	 83.381629	 83.381571	 83.381522	 83.381482	  83.38145	 83.381427	 83.381411	 83.381403	
        99	  98.71881	 98.437742	 98.156919	 97.876462	 97.596494	 97.317134	 97.038504	 96.760721	 96.483904	  96.20817	 95.933634	  95.66041	 95.388609	 95.118343	 94.849719	 94.582844	 94.317822	 94.054754	  93.79374	 93.534877	 93.278258	 93.023974	 92.772115	 92.522766	 92.276009	 92.031923	 91.790585	 91.552067	  91.31644	 91.083769	 90.854118	 90.627546	 90.404109	 90.183859	 89.966846	 89.753115	 89.542707	 89.335663	 89.132016	 88.931797	 88.735036	 88.541756	 88.351978	  88.16572	 87.982997	 87.803818	 87.628193	 87.456125	 87.287616	 87.122663	 86.961263	 86.803407	 86.649085	 86.498283	 86.350986	 86.207173	 86.066825	 85.929916	 85.796422	 85.666313	 85.539559	 85.416126	 85.295981	 85.179087	 85.065405	 84.954895	 84.847515	 84.743221	 84.641971	 84.543716	 84.448411	 84.356006	 84.266453	 84.179702	   84.0957	 84.014397	  83.93574	 83.859676	 83.786152	 83.715113	 83.646506	 83.580276	 83.516368	 83.454728	 83.395302	 83.338034	  83.28287	 83.229757	  83.17864	 83.129466	  83.08218	 83.036732	 82.993067	 82.951135	 82.910884	 82.872264	 82.835224	 82.799715	  82.76569	   82.7331	 82.701898	 82.672037	 82.643474	 82.616163	 82.590061	 82.565125	 82.541313	 82.518585	   82.4969	  82.47622	 82.456507	 82.437724	 82.419835	 82.402804	 82.386597	 82.371182	 82.356526	 82.342597	 82.329366	 82.316802	 82.304878	 82.293565	 82.282838	  82.27267	 82.263035	 82.253911	 82.245274	 82.237101	 82.229372	 82.222064	 82.215158	 82.208635	 82.202475	 82.196663	 82.191179	 82.186009	 82.181135	 82.176544	  82.17222	 82.168151	 82.164321	  82.16072	 82.157334	 82.154153	 82.151165	 82.148359	 82.145727	 82.143257	 82.140942	 82.138772	 82.136739	 82.134836	 82.133054	 82.131388	 82.129829	 82.128372	 82.127011	  82.12574	 82.124553	 82.123446	 82.122414	 82.121452	 82.120555	  82.11972	 82.118943	  82.11822	 82.117547	 82.116923	 82.116342	 82.115804	 82.115304	  82.11484	 82.114411	 82.114013	 82.113646	 82.113306	 82.112992	 82.112702	 82.112435	 82.112189	 82.111964	 82.111756	 82.111567	 82.111393	 82.111235	 82.111092	 82.110962	 82.110844	 82.110739	 82.110646	 82.110563	 82.110491	 82.110428	 82.110376	 82.110332	 82.110298	 82.110272	 82.110255	 82.110247	
        99	 98.697766	 98.395664	 98.093825	  97.79238	  97.49146	 97.191194	 96.891711	  96.59314	 96.295607	 95.999237	 95.704156	 95.410484	 95.118343	 94.827851	 94.539124	 94.252277	 93.967421	 93.684666	 93.404118	 93.125882	 92.850059	 92.576746	 92.306038	 92.038028	 91.772804	 91.510452	 91.251053	 90.994685	 90.741424	 90.491341	 90.244504	 90.000975	 89.760817	 89.524084	  89.29083	 89.061104	  88.83495	 88.612411	 88.393524	 88.178321	 87.966835	  87.75909	  87.55511	 87.354913	 87.158515	 86.965928	 86.777159	 86.592214	 86.411094	 86.233797	 86.060318	 85.890649	 85.724778	  85.56269	 85.404369	 85.249794	 85.098942	 84.951788	 84.808304	 84.668458	 84.532217	 84.399548	 84.270412	 84.144769	 84.022579	 83.903799	 83.788383	 83.676285	 83.567456	 83.461849	 83.359411	 83.260091	 83.163837	 83.070593	 82.980305	 82.892917	 82.808374	 82.726618	 82.647591	 82.571236	 82.497494	 82.426307	 82.357617	 82.291364	  82.22749	 82.165937	 82.106645	 82.049557	 81.994614	  81.94176	 81.890936	 81.842086	 81.795154	 81.750083	  81.70682	 81.665309	 81.625498	 81.587332	  81.55076	 81.515731	 81.482194	 81.450099	 81.419398	 81.390043	 81.361987	 81.335185	 81.309591	 81.285162	 81.261855	 81.239628	 81.218439	  81.19825	 81.179022	 81.160717	 81.143297	 81.126728	 81.110975	 81.096004	 81.081783	 81.068279	 81.055462	 81.043303	 81.031773	 81.020844	 81.010488	 81.000682	 80.991398	 80.982614	 80.974305	  80.96645	 80.959028	 80.952016	 80.945396	 80.939149	 80.933255	 80.927697	 80.922459	 80.917524	 80.912877	 80.908503	 80.904387	 80.900516	 80.896877	 80.893457	 80.890246	  80.88723	 80.884401	 80.881747	 80.879258	 80.876926	 80.874741	 80.872695	  80.87078	 80.868988	 80.867313	 80.865747	 80.864284	 80.862918	 80.861643	 80.860453	 80.859343	 80.858309	 80.857345	 80.856448	 80.855612	 80.854835	 80.854113	 80.853441	 80.852817	 80.852238	 80.851701	 80.851203	 80.850741	 80.850314	 80.849919	 80.849553	 80.849216	 80.848905	 80.848618	 80.848354	 80.848111	 80.847888	 80.847684	 80.847498	 80.847328	 80.847174	 80.847034	 80.846908	 80.846795	 80.846694	 80.846605	 80.846528	 80.846461	 80.846404	 80.846357	  80.84632	 80.846293	 80.846275	 80.846266	
        99	 98.676851	 98.353842	 98.031115	 97.708809	 97.387064	 97.066018	  96.74581	 96.426577	 96.108454	 95.791575	 95.476072	 95.162077	 94.849719	 94.539124	 94.230416	 93.923718	 93.619149	 93.316827	 93.016865	 92.719374	 92.424462	 92.132235	 91.842793	 91.556236	 91.272658	  90.99215	 90.714799	  90.44069	 90.169903	 89.902513	 89.638594	 89.378212	 89.121434	 88.868319	 88.618923	 88.373299	 88.131495	 87.893555	  87.65952	 87.429425	 87.203303	 86.981181	 86.763085	 86.549034	 86.339044	 86.133129	 85.931297	 85.733553	 85.539899	 85.350333	 85.164848	 84.983437	 84.806087	 84.632783	 84.463506	 84.298234	 84.136942	 83.979605	  83.82619	 83.676666	 83.530998	 83.389147	 83.251074	 83.116737	 82.986091	 82.859091	 82.735687	 82.615832	 82.499472	 82.386556	  82.27703	 82.170837	 82.067921	 81.968224	 81.871688	 81.778253	 81.687859	 81.600445	 81.515949	  81.43431	 81.355465	 81.279352	 81.205908	  81.13507	 81.066776	 81.000963	 80.937568	 80.876529	 80.817784	 80.761272	 80.706931	   80.6547	  80.60452	 80.556331	 80.510074	  80.46569	 80.423124	 80.382317	 80.343214	 80.305761	 80.269902	 80.235587	 80.202761	 80.171375	 80.141377	  80.11272	 80.085355	 80.059236	 80.034315	  80.01055	 79.987895	 79.966309	  79.94575	 79.926178	 79.907553	 79.889838	 79.872994	 79.856987	 79.841782	 79.827343	  79.81364	 79.800639	 79.788311	 79.776625	 79.765554	 79.755068	 79.745142	  79.73575	 79.726866	 79.718468	 79.710532	 79.703035	 79.695957	 79.689277	 79.682975	 79.677033	 79.671432	 79.666156	 79.661187	  79.65651	 79.652109	  79.64797	  79.64408	 79.640424	  79.63699	 79.633766	  79.63074	 79.627902	 79.625241	 79.622748	 79.620412	 79.618224	 79.616177	 79.614261	  79.61247	 79.610796	 79.609232	 79.607771	 79.606407	 79.605135	 79.603949	 79.602843	 79.601812	 79.600853	  79.59996	 79.599129	 79.598356	 79.597638	 79.596971	 79.596352	 79.595777	 79.595245	 79.594751	 79.594295	 79.593872	 79.593481	  79.59312	 79.592788	 79.592481	 79.592198	 79.591939	 79.591701	 79.591483	 79.591283	 79.591102	 79.590937	 79.590787	 79.590653	 79.590532	 79.590424	 79.590329	 79.590246	 79.590175	 79.590114	 79.590064	 79.590025	 79.589995	 79.589976	 79.589966	
        99	 98.656071	 98.312292	 97.968813	 97.625781	 97.283347	 96.941657	 96.600859	 96.261098	 95.922519	 95.585264	 95.249474	 94.915288	 94.582844	 94.252277	 93.923718	 93.597299	 93.273145	 92.951383	 92.632132	 92.315511	 92.001636	 91.690618	 91.382564	 91.077581	 90.775768	 90.477222	 90.182037	 89.890302	 89.602102	 89.317519	 89.036628	 88.759504	 88.486214	 88.216822	  87.95139	 87.689971	 87.432618	 87.179379	 86.930294	 86.685404	 86.444741	 86.208337	 85.976216	 85.748401	 85.524909	 85.305752	 85.090942	 84.880483	 84.674376	  84.47262	 84.275208	 84.082132	 83.893378	  83.70893	 83.528767	 83.352868	 83.181205	  83.01375	 82.850471	 82.691332	 82.536297	 82.385325	 82.238373	 82.095398	 81.956351	 81.821184	 81.689845	 81.562283	 81.438441	 81.318264	 81.201695	 81.088673	 80.979139	 80.873032	 80.770288	 80.670845	 80.574638	 80.481603	 80.391674	 80.304785	  80.22087	 80.139863	 80.061696	 79.986304	 79.913618	 79.843573	 79.776101	 79.711138	 79.648615	 79.588469	 79.530634	 79.475045	 79.421638	  79.37035	 79.321118	 79.273881	 79.228577	 79.185146	 79.143529	 79.103667	 79.065503	 79.028981	 78.994044	  78.96064	 78.928714	 78.898214	 78.869089	  78.84129	 78.814767	 78.789474	 78.765362	 78.742388	 78.720507	 78.699676	 78.679854	 78.660999	 78.643073	 78.626037	 78.609853	 78.594486	 78.579902	 78.566065	 78.552944	 78.540507	 78.528723	 78.517563	 78.506999	 78.497003	 78.487548	  78.47861	 78.470163	 78.462185	 78.454651	 78.447542	 78.440835	 78.434511	  78.42855	 78.422934	 78.417646	 78.412668	 78.407984	 78.403579	 78.399438	 78.395547	 78.391892	 78.388461	 78.385241	 78.382221	 78.379389	 78.376735	 78.374248	  78.37192	 78.369741	 78.367703	 78.365796	 78.364014	 78.362349	 78.360795	 78.359344	 78.357989	 78.356727	  78.35555	 78.354453	 78.353432	 78.352481	 78.351597	 78.350774	  78.35001	   78.3493	 78.348641	  78.34803	 78.347463	 78.346938	 78.346452	 78.346002	 78.345586	 78.345202	 78.344848	 78.344521	 78.344221	 78.343945	 78.343691	 78.343459	 78.343247	 78.343054	 78.342878	 78.342719	 78.342576	 78.342447	 78.342333	 78.342232	 78.342143	 78.342067	 78.342003	 78.341949	 78.341907	 78.341876	 78.341855	 78.341845	
        99	 98.635436	 98.271031	 97.906943	 97.543331	 97.180351	  96.81816	 96.456915	 96.096769	 95.737875	 95.380385	 95.024448	 94.670212	 94.317822	 93.967421	 93.619149	 93.273145	 92.929543	 92.588475	  92.25007	 91.914453	 91.581745	 91.252066	  90.92553	 90.602248	 90.282327	 89.965869	 89.652974	 89.343735	 89.038244	 88.736585	 88.438842	 88.145091	 87.855403	 87.569849	 87.288491	 87.011388	 86.738594	  86.47016	 86.206131	 85.946548	 85.691446	 85.440858	  85.19481	 84.953326	 84.716425	  84.48412	 84.256421	 84.033334	 83.814862	    83.601	 83.391745	 83.187084	 82.987005	  82.79149	 82.600518	 82.414065	 82.232103	 82.054601	 81.881525	 81.712838	 81.548501	 81.388471	 81.232703	 81.081149	 80.933759	 80.790482	 80.651264	 80.516048	 80.384776	 80.257389	 80.133825	 80.014022	 79.897917	 79.785443	 79.676535	 79.571125	 79.469146	 79.370529	 79.275205	 79.183102	 79.094153	 79.008285	 78.925429	 78.845512	 78.768466	 78.694218	 78.622699	 78.553837	 78.487564	 78.423809	 78.362503	 78.303579	 78.246968	 78.192603	 78.140417	 78.090346	 78.042324	 77.996287	 77.952173	 77.909919	 77.869466	 77.830752	 77.793719	 77.758311	 77.724469	 77.692139	 77.661267	   77.6318	 77.603686	 77.576875	 77.551317	 77.526964	  77.50377	  77.48169	 77.460678	 77.440692	  77.42169	 77.403632	 77.386477	 77.370188	 77.354729	 77.340062	 77.326154	  77.31297	  77.30048	  77.28865	 77.277452	 77.266856	 77.256834	  77.24736	 77.238406	 77.229949	 77.221964	 77.214427	 77.207318	 77.200615	 77.194296	 77.188343	 77.182738	 77.177461	 77.172496	 77.167827	 77.163438	 77.159313	 77.155439	 77.151802	 77.148389	 77.145187	 77.142185	 77.139372	 77.136736	 77.134269	 77.131959	 77.129798	 77.127777	 77.125888	 77.124124	 77.122476	 77.120937	 77.119502	 77.118164	 77.116916	 77.115753	 77.114671	 77.113663	 77.112726	 77.111854	 77.111044	 77.110292	 77.109593	 77.108945	 77.108344	 77.107788	 77.107272	 77.106795	 77.106355	 77.105948	 77.105572	 77.105226	 77.104907	 77.104615	 77.104346	   77.1041	 77.103875	  77.10367	 77.103484	 77.103316	 77.103164	 77.103027	 77.102906	 77.102799	 77.102705	 77.102624	 77.102556	   77.1025	 77.102455	 77.102422	   77.1024	 77.102389	
