Time step 67:
        99	        99	        99	        99	        99	        99	        99	        99	        99	        99	        99	        99	        99	        99	        99	        99	        99	        99	        99	        99	        99	        99	        99	        99	        99	        99	        99	        99	        99	        99	        99	        99	        99	        99	        99	        99	        99	        99	        99	        99	        99	        99	        99	        99	        99	        99	        99	        99	        99	        99	        99	        99	        99	        99	        99	        99	        99	        99	        99	        99	        99	        99	        99	        99	        99	        99	        99	        99	        99	        99	        99	        99	        99	        99	        99	        99	        99	        99	        99	        99	        99	        99	        99	        99	        99	        99	        99	        99	        99	        99	        99	        99	        99	        99	        99	        99	        99	        99	        99	        99	        99	        99	        99	        99	        99	        99	        99	        99	        99	        99	        99	        99	        99	        99	        99	        99	        99	        99	        99	        99	        99	        99	        99	        99	        99	        99	        99	        99	        99	        99	        99	        99	        99	        99	        99	        99	        99	        99	        99	        99	        99	        99	        99	        99	        99	        99	        99	        99	        99	        99	        99	        99	        99	        99	        99	        99	        99	        99	        99	        99	        99	        99	        99	        99	        99	        99	        99	        99	        99	        99	        99	        99	        99	        99	        99	        99	        99	        99	        99	        99	        99	        99	        99	        99	        99	        99	        99	        99	        99	        99	        99	        99	        99	        99	        99	        99	        99	        99	        99	        99	
        99	 98.990523	 98.981048	 98.971576	 98.962109	  98.95265	   98.9432	  98.93376	 98.924333	  98.91492	 98.905523	 98.896144	 98.886784	 98.877445	 98.868129	 98.858837	 98.849572	 98.840335	 98.831127	 98.821951	 98.812807	 98.803698	 98.794624	 98.785588	 98.776592	 98.767636	 98.758721	 98.749851	 98.741026	 98.732247	 98.723515	 98.714833	 98.706202	 98.697623	 98.689096	 98.680625	 98.672208	 98.663849	 98.655548	 98.647306	 98.639125	 98.631005	 98.622947	 98.614953	 98.607024	  98.59916	 98.591362	 98.583632	 98.575969	 98.568376	 98.560853	   98.5534	 98.546019	 98.538709	 98.531472	 98.524309	 98.517219	 98.510204	 98.503264	 98.496399	  98.48961	 98.482897	 98.476262	 98.469703	 98.463222	 98.456818	 98.450492	 98.444245	 98.438076	 98.431986	 98.425974	 98.420041	 98.414187	 98.408412	 98.402716	 98.397099	  98.39156	 98.386101	  98.38072	 98.375418	 98.370194	 98.365048	  98.35998	  98.35499	 98.350078	 98.345243	 98.340484	 98.335802	 98.331197	 98.326667	 98.322213	 98.317833	 98.313529	 98.309298	 98.305141	 98.301057	 98.297046	 98.293106	 98.289238	 98.285441	 98.281715	 98.278058	  98.27447	 98.270951	 98.267499	 98.264115	 98.260797	 98.257545	 98.254358	 98.251236	 98.248177	 98.245182	 98.242248	 98.239377	 98.236566	 98.233815	 98.231123	  98.22849	 98.225915	 98.223397	 98.220935	 98.218529	 98.216177	 98.213879	 98.211635	 98.209443	 98.207302	 98.205213	 98.203173	 98.201183	 98.199241	 98.197347	 98.195501	   98.1937	 98.191945	 98.190234	 98.188567	 98.186944	 98.185363	 98.183824	 98.182326	 98.180868	  98.17945	  98.17807	 98.176729	 98.175425	 98.174158	 98.172926	 98.171731	  98.17057	 98.169443	  98.16835	 98.167289	  98.16626	 98.165264	 98.164298	 98.163362	 98.162457	  98.16158	 98.160732	 98.159913	  98.15912	 98.158355	 98.157617	 98.156904	 98.156217	 98.155555	 98.154918	 98.154305	 98.153715	 98.153149	 98.152606	 98.152085	 98.151586	 98.151109	 98.150653	 98.150219	 98.149804	 98.149411	 98.149037	 98.148683	 98.148348	 98.148033	 98.147736	 98.147458	 98.147199	 98.146958	 98.146735	  98.14653	 98.146342	 98.146172	  98.14602	 98.145885	 98.145766	 98.145665	 98.145581	 98.145514	 98.145464	  98.14543	 98.145413	
        99	 98.981048	 98.962099	 98.943157	 98.924226	 98.905309	  98.88641	 98.867533	  98.84868	 98.829856	 98.811064	 98.792307	 98.773589	 98.754913	 98.736283	 98.717701	 98.699173	   98.6807	 98.662286	 98.643935	 98.625649	 98.607432	 98.589287	 98.571217	 98.553225	 98.535315	 98.517488	 98.499749	   98.4821	 98.464544	 98.447083	 98.429721	  98.41246	 98.395302	 98.378251	 98.361309	 98.344479	 98.327762	 98.311161	 98.294679	 98.278318	 98.262079	 98.245965	 98.229979	 98.214121	 98.198395	 98.182801	 98.167342	 98.152019	 98.136834	 98.121789	 98.106885	 98.092123	 98.077505	 98.063033	 98.048707	 98.034529	   98.0205	 98.006621	 97.992893	 97.979316	 97.965892	 97.952622	 97.939506	 97.926544	 97.913738	 97.901088	 97.888595	 97.876258	 97.864078	 97.852056	 97.840192	 97.828485	 97.816936	 97.805544	 97.794311	 97.783235	 97.772317	 97.761556	 97.750953	 97.740506	 97.730215	 97.720081	 97.710102	 97.700278	 97.690608	 97.681093	  97.67173	  97.66252	 97.653461	 97.644553	 97.635796	 97.627187	 97.618726	 97.610413	 97.602246	 97.594224	 97.586346	 97.578611	 97.571017	 97.563565	 97.556252	 97.549077	 97.542039	 97.535136	 97.528368	 97.521733	  97.51523	 97.508857	 97.502613	 97.496496	 97.490506	 97.484639	 97.478896	 97.473275	 97.467774	 97.462391	 97.457126	 97.451976	  97.44694	 97.442017	 97.437205	 97.432502	 97.427907	 97.423418	 97.419035	 97.414754	 97.410575	 97.406497	 97.402517	 97.398634	 97.394846	 97.391153	 97.387552	 97.384041	 97.380621	 97.377288	 97.374041	  97.37088	 97.367802	 97.364806	  97.36189	 97.359054	 97.356295	 97.353612	 97.351005	 97.348471	 97.346009	 97.343618	 97.341296	 97.339042	 97.336856	 97.334735	 97.332678	 97.330685	 97.328753	 97.326882	 97.325071	 97.323318	 97.321623	 97.319983	 97.318399	 97.316869	 97.315392	 97.313967	 97.312594	  97.31127	 97.309995	 97.308769	  97.30759	 97.306458	 97.305371	  97.30433	 97.303332	 97.302378	 97.301467	 97.300597	 97.299769	 97.298982	 97.298234	 97.297526	 97.296857	 97.296226	 97.295633	 97.295078	 97.294559	 97.294077	 97.293631	  97.29322	 97.292845	 97.292506	 97.292201	  97.29193	 97.291694	 97.291492	 97.291324	 97.291189	 97.291088	 97.291021	 97.290988	
        99	 98.971576	 98.943157	 98.914749	 98.886357	 98.857986	 98.829642	 98.801331	 98.773056	 98.744824	  98.71664	 98.688509	 98.660436	 98.632427	 98.604486	 98.576619	  98.54883	 98.521125	 98.493509	 98.465986	 98.438562	 98.411241	 98.384028	 98.356927	 98.329943	 98.303082	 98.276346	 98.249742	 98.223272	 98.196941	 98.170755	 98.144715	 98.118828	 98.093096	 98.067523	 98.042114	 98.016872	 97.991801	 97.966904	 97.942185	 97.917646	 97.893292	 97.869126	 97.845149	 97.821367	 97.797781	 97.774394	 97.751209	 97.728228	 97.705454	  97.68289	 97.660537	 97.638398	 97.616476	  97.59477	 97.573285	 97.552022	 97.530981	 97.510166	 97.489576	 97.469215	 97.449082	  97.42918	 97.409508	 97.390069	 97.370864	 97.351892	 97.333154	 97.314652	 97.296385	 97.278355	  97.26056	 97.243003	 97.225682	 97.208598	  97.19175	 97.175139	 97.158765	 97.142626	 97.126723	 97.111055	 97.095622	 97.080423	 97.065457	 97.050723	 97.036221	  97.02195	 97.007908	 96.994095	 96.980509	 96.967149	 96.954015	 96.941104	 96.928415	 96.915947	 96.903698	 96.891667	 96.879851	 96.868251	 96.856863	 96.845686	 96.834718	 96.823957	 96.813402	  96.80305	 96.792899	 96.782948	 96.773195	 96.763637	 96.754272	 96.745098	 96.736114	 96.727316	 96.718703	 96.710272	 96.702022	 96.693949	 96.686052	 96.678328	 96.670776	 96.663392	 96.656175	 96.649122	 96.642231	 96.635499	 96.628924	 96.622505	 96.616238	  96.61012	 96.604151	 96.598328	 96.592647	 96.587108	 96.581707	 96.576443	 96.571312	 96.566314	 96.561445	 96.556703	 96.552087	 96.547594	 96.543221	 96.538967	 96.534829	 96.530806	 96.526896	 96.523095	 96.519403	 96.515816	 96.512334	 96.508955	 96.505675	 96.502494	  96.49941	  96.49642	 96.493523	 96.490717	 96.488001	 96.485372	 96.482829	 96.480371	 96.477995	   96.4757	 96.473485	 96.471348	 96.469288	 96.467302	 96.465391	 96.463552	 96.461784	 96.460086	 96.458456	 96.456894	 96.455398	 96.453967	   96.4526	 96.451296	 96.450054	 96.448873	 96.447752	  96.44669	 96.445686	  96.44474	 96.443851	 96.443018	  96.44224	 96.441517	 96.440848	 96.440233	  96.43967	 96.439161	 96.438703	 96.438297	 96.437943	  96.43764	 96.437388	 96.437186	 96.437035	 96.436935	 96.436884	
        99	 98.962109	 98.924226	 98.886357	 98.848509	  98.81069	 98.772907	 98.735166	 98.697475	  98.65984	  98.62227	  98.58477	 98.547348	  98.51001	 98.472764	 98.435616	 98.398572	 98.361641	 98.324827	 98.288138	  98.25158	  98.21516	 98.178884	 98.142758	 98.106788	  98.07098	  98.03534	 97.999875	  97.96459	 97.929491	 97.894582	 97.859871	 97.825362	  97.79106	 97.756971	   97.7231	 97.689451	  97.65603	 97.622842	  97.58989	 97.557179	 97.524714	 97.492499	 97.460538	 97.428835	 97.397393	 97.366217	 97.335311	 97.304677	 97.274318	 97.244239	 97.214442	  97.18493	 97.155706	 97.126772	 97.098132	 97.069786	 97.041739	 97.013991	 96.986544	 96.959401	 96.932564	 96.906033	 96.879811	 96.853898	 96.828295	 96.803005	 96.778027	 96.753363	 96.729013	 96.704977	 96.681257	 96.657852	 96.634763	 96.611989	  96.58953	 96.567387	 96.545559	 96.524046	 96.502847	 96.481961	 96.461388	 96.441126	 96.421176	 96.401535	 96.382204	 96.363179	 96.344461	 96.326047	 96.307937	 96.290128	 96.272619	 96.255408	 96.238493	 96.221873	 96.205545	 96.189507	 96.173756	 96.158292	 96.143112	 96.128212	 96.113591	 96.099247	 96.085176	 96.071377	 96.057846	 96.044581	 96.031579	 96.018838	 96.006354	 95.994125	 95.982148	 95.970421	 95.958939	   95.9477	 95.936702	 95.925941	 95.915414	 95.905118	  95.89505	 95.885208	 95.875587	 95.866185	 95.856999	 95.848025	 95.839261	 95.830703	 95.822349	 95.814194	 95.806237	 95.798474	 95.790902	 95.783518	 95.776318	 95.769301	 95.762462	 95.755798	 95.749308	 95.742987	 95.736833	 95.730844	 95.725015	 95.719344	 95.713828	 95.708465	 95.703252	 95.698186	 95.693264	 95.688483	 95.683842	 95.679336	 95.674965	 95.670724	 95.666613	 95.662627	 95.658765	 95.655025	 95.651404	   95.6479	  95.64451	 95.641233	 95.638066	 95.635007	 95.632054	 95.629205	 95.626459	 95.623812	 95.621264	 95.618812	 95.616456	 95.614192	  95.61202	 95.609937	 95.607943	 95.606035	 95.604213	 95.602475	 95.600819	 95.599245	  95.59775	 95.596335	 95.594997	 95.593736	 95.592551	  95.59144	 95.590403	 95.589439	 95.588547	 95.587727	 95.586977	 95.586298	 95.585688	 95.585147	 95.584675	 95.584271	 95.583935	 95.583666	 95.583465	 95.583331	 95.583264	
        99	  98.95265	 98.905309	 98.857986	  98.81069	 98.763429	 98.716213	 98.669051	  98.62195	  98.57492	  98.52797	 98.481109	 98.434344	 98.387686	 98.341141	 98.294719	 98.248428	 98.202276	 98.156272	 98.110424	  98.06474	 98.019227	 97.973895	  97.92875	   97.8838	 97.839053	 97.794516	 97.750197	 97.706103	 97.662241	 97.618618	 97.575241	 97.532117	 97.489252	 97.446653	 97.404326	 97.362277	 97.320513	 97.279038	  97.23786	 97.196983	 97.156413	 97.116156	 97.076216	 97.036598	 96.997307	 96.958349	 96.919726	 96.881445	 96.843507	 96.805919	 96.768683	 96.731804	 96.695284	 96.659127	 96.623336	 96.587915	 96.552865	  96.51819	 96.483891	 96.449972	 96.416435	 96.383281	 96.350512	  96.31813	 96.286136	 96.254532	 96.223319	 96.192497	 96.162068	 96.132032	  96.10239	 96.073142	 96.044288	 96.015829	 95.987764	 95.960093	 95.932816	 95.905932	  95.87944	  95.85334	 95.827631	 95.802312	 95.777381	 95.752837	 95.728679	 95.704905	 95.681514	 95.658504	 95.635872	 95.613617	 95.591737	 95.570229	 95.549092	 95.528322	 95.507918	 95.487876	 95.468194	 95.448869	 95.429898	 95.411279	 95.393008	 95.375083	   95.3575	 95.340255	 95.323346	  95.30677	 95.290522	   95.2746	    95.259	 95.243718	 95.228751	 95.214096	 95.199748	 95.185703	 95.171959	 95.158512	 95.145357	 95.132491	  95.11991	  95.10761	 95.095587	 95.083838	 95.072358	 95.061144	 95.050192	 95.039498	 95.029058	 95.018868	 95.008924	 94.999223	 94.989761	 94.980533	 94.971536	 94.962767	  94.95422	 94.945894	 94.937783	 94.929884	 94.922194	 94.914709	 94.907425	 94.900338	 94.893446	 94.886744	 94.880229	 94.873898	 94.867747	 94.861773	 94.855973	 94.850343	  94.84488	 94.839581	 94.834443	 94.829462	 94.824637	 94.819963	 94.815438	 94.811058	 94.806823	 94.802727	 94.798769	 94.794947	 94.791257	 94.787697	 94.784264	 94.780957	 94.777773	  94.77471	 94.771764	 94.768936	 94.766221	 94.763619	 94.761126	 94.758743	 94.756466	 94.754293	 94.752224	 94.750257	 94.748389	 94.746621	 94.744949	 94.743373	 94.741892	 94.740503	 94.739208	 94.738003	 94.736889	 94.735864	 94.734927	 94.734078	 94.733316	  94.73264	  94.73205	 94.731545	 94.731124	 94.730789	 94.730537	  94.73037	 94.730286	
        99	   98.9432	  98.88641	 98.829642	 98.772907	 98.716213	 98.659574	 98.602998	 98.546497	 98.490081	  98.43376	 98.377546	 98.321448	 98.265476	 98.209642	 98.153955	 98.098425	 98.043062	 97.987876	 97.932878	 97.878075	 97.823479	 97.769099	 97.714943	 97.661022	 97.607344	 97.553919	 97.500754	  97.44786	 97.395244	 97.342914	  97.29088	 97.239149	 97.187728	 97.136627	 97.085852	 97.035411	 96.985311	 96.935559	 96.886162	 96.837127	  96.78846	 96.740167	 96.692256	 96.644731	 96.597599	 96.550864	 96.504533	 96.458611	 96.413102	 96.368012	 96.323344	 96.279104	 96.235295	 96.191922	 96.148988	 96.106497	 96.064451	 96.022856	 95.981712	 95.941023	 95.900792	 95.861021	 95.821712	 95.782867	 95.744488	 95.706576	 95.669133	 95.632159	 95.595657	 95.559627	 95.524068	 95.488983	  95.45437	 95.420231	 95.386565	 95.353371	  95.32065	   95.2884	 95.256621	 95.225312	 95.194471	 95.164098	 95.134192	 95.104749	  95.07577	 95.047251	 95.019191	 94.991588	  94.96444	 94.937743	 94.911496	 94.885696	  94.86034	 94.835425	 94.810948	 94.786906	 94.763295	 94.740114	 94.717357	 94.695022	 94.673104	 94.651601	 94.630508	 94.609822	 94.589538	 94.569654	 94.550163	 94.531063	 94.512349	 94.494018	 94.476064	 94.458483	 94.441271	 94.424424	 94.407937	 94.391805	 94.376025	 94.360591	 94.345499	 94.330744	 94.316322	 94.302227	 94.288457	 94.275005	 94.261867	 94.249038	 94.236514	 94.224291	 94.212362	 94.200725	 94.189374	 94.178305	 94.167512	 94.156992	  94.14674	 94.136752	 94.127022	 94.117547	 94.108322	 94.099343	 94.090605	 94.082104	 94.073836	 94.065797	 94.057982	 94.050387	 94.043009	 94.035842	 94.028884	 94.022131	 94.015577	 94.009221	 94.003057	 93.997082	 93.991294	 93.985687	 93.980258	 93.975005	 93.969924	 93.965011	 93.960263	 93.955678	 93.951251	 93.946981	 93.942864	 93.938896	 93.935077	 93.931402	 93.927869	 93.924475	 93.921219	 93.918097	 93.915108	 93.912248	 93.909517	 93.906911	 93.904429	 93.902069	 93.899828	 93.897706	 93.895701	 93.893811	 93.892034	 93.890369	 93.888814	 93.887369	 93.886032	 93.884803	 93.883679	  93.88266	 93.881746	 93.880935	 93.880227	 93.879622	 93.879118	 93.878715	 93.878413	 93.878212	 93.878112	
        99	  98.93376	 98.867533	 98.801331	 98.735166	 98.669051	 98.602998	  98.53702	 98.471128	 98.405337	 98.339656	 98.274099	 98.208678	 98.143405	 98.078292	  98.01335	 97.948591	 97.884028	 97.819671	 97.755531	 97.691622	 97.627952	 97.564534	 97.501379	 97.438496	 97.375898	 97.313593	 97.251593	 97.189908	 97.128548	 97.067522	  97.00684	 96.946511	 96.886545	 96.826951	 96.767738	 96.708914	 96.650488	 96.592467	 96.534861	 96.477677	 96.420922	 96.364604	  96.30873	 96.253307	 96.198341	  96.14384	 96.089809	 96.036255	 95.983183	 95.930599	 95.878509	 95.826916	 95.775827	 95.725245	 95.675176	 95.625623	  95.57659	 95.528081	   95.4801	 95.432649	 95.385732	 95.339351	 95.293509	 95.248209	 95.203451	 95.159239	 95.115573	 95.072455	 95.029886	 94.987868	   94.9464	 94.905484	 94.865119	 94.825306	 94.786045	 94.747335	 94.709175	 94.671566	 94.634505	 94.597993	 94.562027	 94.526607	  94.49173	 94.457394	 94.423599	  94.39034	 94.357617	 94.325427	 94.293766	 94.262633	 94.232024	 94.201936	 94.172366	  94.14331	 94.114765	 94.086728	 94.059194	 94.032159	 94.005621	 93.979573	 93.954014	 93.928937	 93.904339	 93.880215	  93.85656	  93.83337	 93.810641	 93.788367	 93.766543	 93.745165	 93.724227	 93.703724	 93.683652	 93.664005	 93.644778	 93.625966	 93.607562	 93.589563	 93.571963	 93.554756	 93.537937	   93.5215	 93.505441	 93.489753	 93.474432	 93.459471	 93.444866	 93.430611	 93.416701	 93.403129	 93.389892	 93.376983	 93.364397	 93.352128	 93.340173	 93.328524	 93.317178	 93.306128	  93.29537	 93.284898	 93.274708	 93.264795	 93.255153	 93.245777	 93.236663	 93.227807	 93.219202	 93.210845	  93.20273	 93.194854	 93.187212	 93.179799	 93.172611	 93.165643	 93.158892	 93.152354	 93.146023	 93.139897	 93.133971	 93.128242	 93.122705	 93.117358	 93.112195	 93.107215	 93.102414	 93.097787	 93.093333	 93.089047	 93.084927	 93.080969	 93.077172	 93.073531	 93.070045	  93.06671	 93.063525	 93.060486	 93.057591	 93.054839	 93.052226	 93.049752	 93.047413	 93.045209	 93.043136	 93.041194	 93.039382	 93.037697	 93.036138	 93.034703	 93.033393	 93.032205	 93.031139	 93.030193	 93.029368	 93.028661	 93.028074	 93.027604	 93.027252	 93.027018	 93.026901	
        99	 98.924333	  98.84868	 98.773056	 98.697475	  98.62195	 98.546497	 98.471128	  98.39586	 98.320704	 98.245676	  98.17079	 98.096058	 98.021495	 97.947115	  97.87293	 97.798955	 97.725203	 97.651687	 97.578419	 97.505414	 97.432683	 97.360239	 97.288095	 97.216264	 97.144756	 97.073585	 97.002761	 96.932297	 96.862203	 96.792492	 96.723174	  96.65426	 96.585759	 96.517684	 96.450044	 96.382848	 96.316106	 96.249828	 96.184024	 96.118701	 96.053869	 95.989535	 95.925709	 95.862398	  95.79961	 95.737353	 95.675632	 95.614456	 95.553831	 95.493764	 95.434259	 95.375324	 95.316964	 95.259183	 95.201988	 95.145383	 95.089372	 95.033959	 94.979149	 94.924945	 94.871351	 94.818369	 94.766003	 94.714255	 94.663128	 94.612623	 94.562743	 94.513489	 94.464862	 94.416863	 94.369494	 94.322754	 94.276645	 94.231165	 94.186316	 94.142097	 94.098507	 94.055545	  94.01321	 93.971501	 93.930417	 93.889955	 93.850114	 93.810893	 93.772287	 93.734296	 93.696915	 93.660144	 93.623977	 93.588413	 93.553448	 93.519078	 93.485299	 93.452108	 93.419501	 93.387473	  93.35602	 93.325138	 93.294823	 93.265068	 93.235871	 93.207225	 93.179126	 93.151569	 93.124548	 93.098058	 93.072093	 93.046649	 93.021719	 92.997299	 92.973381	 92.949961	 92.927032	 92.904589	 92.882625	 92.861135	 92.840113	 92.819552	 92.799447	 92.779791	 92.760579	 92.741803	 92.723458	 92.705537	 92.688036	 92.670946	 92.654262	 92.637978	 92.622088	 92.606585	 92.591464	 92.576717	  92.56234	 92.548326	 92.534668	 92.521362	 92.508401	 92.495778	 92.483489	 92.471527	 92.459887	 92.448563	 92.437548	 92.426839	 92.416428	  92.40631	 92.396481	 92.386934	 92.377665	 92.368668	 92.359938	  92.35147	 92.343259	   92.3353	 92.327588	 92.320119	 92.312888	  92.30589	  92.29912	 92.292576	 92.286251	 92.280142	 92.274246	 92.268557	 92.263072	 92.257787	 92.252698	 92.247803	 92.243096	 92.238575	 92.234237	 92.230079	 92.226096	 92.222287	 92.218648	 92.215177	  92.21187	 92.208726	 92.205742	 92.202915	 92.200244	 92.197725	 92.195358	  92.19314	 92.191069	 92.189144	 92.187363	 92.185725	 92.184228	 92.182871	 92.181653	 92.180573	  92.17963	 92.178823	 92.178152	 92.177615	 92.177213	 92.176946	 92.176812	
        99	  98.91492	 98.829856	 98.744824	  98.65984	  98.57492	 98.490081	 98.405337	 98.320704	   98.2362	 98.151838	 98.067635	 97.983607	 97.899769	 97.816135	 97.732722	 97.649545	 97.566618	 97.483956	 97.401574	 97.319486	 97.237708	 97.156252	 97.075134	 96.994366	 96.913963	 96.833937	 96.754303	 96.675073	  96.59626	 96.517877	 96.439936	 96.362448	 96.285427	 96.208883	 96.132828	 96.057273	 95.982228	 95.907706	 95.833715	 95.760266	 95.687368	 95.615032	 95.543266	 95.472079	  95.40148	 95.331478	 95.262079	 95.193293	 95.125126	 95.057586	 94.990679	 94.924412	 94.858792	 94.793824	 94.729514	 94.665866	 94.602888	 94.540582	 94.478953	 94.418006	 94.357745	 94.298172	 94.239292	 94.181107	 94.123619	 94.066831	 94.010746	 93.955364	 93.900688	 93.846718	 93.793456	 93.740902	 93.689057	  93.63792	 93.587492	 93.537771	 93.488758	 93.440452	 93.392851	 93.345953	 93.299758	 93.254263	 93.209466	 93.165365	 93.121957	 93.079239	 93.037209	 92.995863	 92.955197	 92.915209	 92.875894	 92.837248	 92.799267	 92.761947	 92.725284	 92.689272	 92.653906	 92.619183	 92.585096	  92.55164	  92.51881	 92.486601	 92.455006	 92.424021	 92.393638	 92.363853	 92.334659	 92.306049	 92.278018	 92.250559	 92.223666	 92.197333	 92.171551	 92.146316	  92.12162	 92.097457	  92.07382	 92.050701	 92.028095	 92.005994	 91.984391	  91.96328	 91.942653	 91.922503	 91.902824	 91.883608	 91.864849	 91.846539	 91.828672	 91.811241	 91.794238	 91.777657	 91.761492	 91.745734	 91.730378	 91.715416	 91.700842	  91.68665	 91.672832	 91.659382	 91.646294	 91.633561	 91.621176	 91.609134	 91.597428	 91.586052	    91.575	 91.564266	 91.553843	 91.543727	 91.533911	 91.524389	 91.515157	 91.506208	 91.497537	 91.489138	 91.481007	 91.473139	 91.465527	 91.458169	 91.451057	 91.444189	 91.437558	 91.431162	 91.424994	 91.419052	  91.41333	 91.407826	 91.402534	 91.397451	 91.392573	 91.387897	 91.383419	 91.379136	 91.375044	 91.371141	 91.367423	 91.363888	 91.360533	 91.357354	  91.35435	 91.351519	 91.348857	 91.346363	 91.344035	  91.34187	 91.339868	 91.338026	 91.336342	 91.334817	 91.333447	 91.332233	 91.331172	 91.330265	  91.32951	 91.328907	 91.328455	 91.328154	 91.328004	
        99	 98.905523	 98.811064	  98.71664	  98.62227	  98.52797	  98.43376	 98.339656	 98.245676	 98.151838	 98.058159	 97.964656	 97.871347	 97.778248	 97.685378	 97.592752	 97.500387	 97.408301	 97.316509	 97.225028	 97.133874	 97.043063	 96.952611	 96.862533	 96.772844	 96.683561	 96.594696	 96.506267	 96.418286	 96.330768	 96.243727	 96.157177	 96.071131	 95.985603	 95.900605	 95.816149	 95.732249	 95.648916	 95.566163	 95.483999	 95.402438	 95.321489	 95.241163	 95.161471	 95.082421	 95.004025	 94.926291	 94.849227	 94.772843	 94.697147	 94.622147	 94.547851	 94.474265	 94.401397	 94.329253	  94.25784	 94.187163	 94.117228	  94.04804	 93.979605	 93.911927	 93.845009	 93.778857	 93.713473	 93.648861	 93.585024	 93.521964	 93.459684	 93.398186	  93.33747	  93.27754	 93.218395	 93.160036	 93.102465	  93.04568	 92.989682	  92.93447	 92.880043	 92.826401	 92.773543	 92.721465	 92.670168	 92.619648	 92.569903	 92.520931	 92.472729	 92.425293	  92.37862	 92.332708	 92.287551	 92.243145	 92.199488	 92.156574	 92.114398	 92.072956	 92.032243	 91.992253	 91.952982	 91.914423	 91.876571	  91.83942	 91.802965	 91.767198	 91.732114	 91.697706	 91.663968	 91.630893	 91.598474	 91.566704	 91.535577	 91.505086	 91.475222	  91.44598	 91.417351	 91.389329	 91.361905	 91.335073	 91.308825	 91.283153	  91.25805	 91.233508	 91.209519	 91.186076	 91.163171	 91.140796	 91.118943	 91.097605	 91.076774	 91.056442	 91.036601	 91.017245	 90.998364	 90.979952	 90.962001	 90.944503	  90.92745	 90.910836	 90.894653	 90.878892	 90.863548	 90.848613	 90.834079	 90.819939	 90.806187	 90.792815	 90.779816	 90.767184	 90.754911	 90.742991	 90.731417	 90.720184	 90.709284	  90.69871	 90.688458	 90.678521	 90.668892	 90.659566	 90.650537	 90.641799	 90.633347	 90.625176	 90.617279	 90.609651	 90.602289	 90.595186	 90.588337	 90.581738	 90.575385	 90.569272	 90.563396	 90.557751	 90.552335	 90.547142	  90.54217	 90.537414	  90.53287	 90.528536	 90.524407	 90.520482	 90.516756	 90.513226	  90.50989	 90.506746	  90.50379	 90.501021	 90.498435	 90.496032	 90.493808	 90.491763	 90.489894	 90.488199	 90.486679	  90.48533	 90.484153	 90.483145	 90.482307	 90.481637	 90.481135	 90.480801	 90.480634	
        99	 98.896144	 98.792307	 98.688509	  98.58477	 98.481109	 98.377546	 98.274099	  98.17079	 98.067635	 97.964656	  97.86187	 97.759298	 97.656957	 97.554866	 97.453045	 97.351511	 97.250282	 97.149378	 97.048815	 96.948611	 96.848785	 96.749353	 96.650332	  96.55174	 96.453592	 96.355906	 96.258697	 96.161982	 96.065776	 95.970094	 95.874951	 95.780363	 95.686343	 95.592907	 95.500067	 95.407838	 95.316232	 95.225263	 95.134943	 95.045284	 94.956299	 94.867998	 94.780394	 94.693497	 94.607318	 94.521866	 94.437152	 94.353185	 94.269975	 94.187529	 94.105856	 94.024965	 93.944863	 93.865557	 93.787054	  93.70936	 93.632482	 93.556426	 93.481197	   93.4068	 93.333239	 93.260519	 93.188644	 93.117618	 93.047443	 92.978123	  92.90966	 92.842056	 92.775313	 92.709433	 92.644416	 92.580264	 92.516977	 92.454555	 92.392997	 92.332304	 92.272474	 92.213507	 92.155401	 92.098153	 92.041763	 91.986228	 91.931545	 91.877711	 91.824723	 91.772578	 91.721272	 91.670801	 91.621161	 91.572347	 91.524356	 91.477181	 91.430819	 91.385262	 91.340507	 91.296548	 91.253378	 91.210991	 91.169381	 91.128542	 91.088467	 91.049149	 91.010582	 90.972759	 90.935671	 90.899312	 90.863675	 90.828751	 90.794534	 90.761016	 90.728187	 90.696042	 90.664571	 90.633767	 90.603621	 90.574125	 90.545271	 90.517051	 90.489455	 90.462477	 90.436106	 90.410336	 90.385156	  90.36056	 90.336538	 90.313081	 90.290182	 90.267832	 90.246022	 90.224743	 90.203988	 90.183748	 90.164015	  90.14478	 90.126034	 90.107771	 90.089981	 90.072656	 90.055789	  90.03937	 90.023394	  90.00785	 89.992733	 89.978033	 89.963744	 89.949857	 89.936366	 89.923263	  89.91054	 89.898191	 89.886209	 89.874586	 89.863316	 89.852392	 89.841807	 89.831555	  89.82163	 89.812025	 89.802734	 89.793751	  89.78507	 89.776686	 89.768592	 89.760784	 89.753255	 89.746001	 89.739017	 89.732298	 89.725838	 89.719633	 89.713679	 89.707971	 89.702505	 89.697276	 89.692282	 89.687517	 89.682979	 89.678663	 89.674567	 89.670687	 89.667021	 89.663564	 89.660315	  89.65727	 89.654428	 89.651786	 89.649342	 89.647093	 89.645039	 89.643176	 89.641505	 89.640022	 89.638728	  89.63762	 89.636699	 89.635962	 89.635411	 89.635043	  89.63486	
        99	 98.886784	 98.773589	 98.660436	 98.547348	 98.434344	 98.321448	 98.208678	 98.096058	 97.983607	 97.871347	 97.759298	 97.647481	 97.535917	 97.424625	 97.313627	 97.202942	 97.092591	 96.982592	 96.872966	 96.763732	 96.654909	 96.546516	 96.438571	 96.331093	   96.2241	  96.11761	  96.01164	 95.906209	 95.801332	 95.697027	  95.59331	 95.490197	 95.387704	 95.285846	  95.18464	 95.084098	 94.984236	 94.885069	 94.786609	  94.68887	 94.591865	 94.495606	 94.400107	 94.305378	 94.211432	 94.118279	 94.025931	 93.934396	 93.843686	  93.75381	 93.664777	 93.576596	 93.489274	 93.402821	 93.317243	 93.232547	 93.148741	  93.06583	 92.983821	 92.902719	 92.822528	 92.743255	 92.664902	 92.587475	 92.510976	 92.435408	 92.360775	 92.287078	  92.21432	 92.142503	 92.071627	 92.001693	 91.932702	 91.864654	 91.797548	 91.731385	 91.666164	 91.601882	 91.538539	 91.476132	  91.41466	 91.354119	 91.294508	 91.235822	 91.178059	 91.121215	 91.065285	 91.010265	 90.956151	 90.902939	 90.850622	 90.799196	 90.748655	 90.698993	 90.650204	 90.602283	 90.555222	 90.509015	 90.463655	 90.419136	 90.375449	 90.332588	 90.290545	 90.249312	 90.208882	 90.169247	 90.130398	 90.092327	 90.055026	 90.018486	   89.9827	 89.947657	  89.91335	 89.879769	 89.846907	 89.814753	 89.783298	 89.752534	 89.722452	 89.693042	 89.664295	 89.636202	 89.608753	  89.58194	 89.555753	 89.530182	  89.50522	 89.480855	 89.457079	 89.433883	 89.411258	 89.389193	 89.367682	 89.346713	 89.326278	 89.306369	 89.286975	 89.268089	 89.249702	 89.231804	 89.214387	 89.197443	 89.180963	 89.164938	 89.149361	 89.134223	 89.119516	 89.105232	 89.091363	 89.077901	 89.064839	 89.052168	 89.039882	 89.027974	 89.016435	 89.005259	  88.99444	 88.983969	  88.97384	 88.964048	 88.954585	 88.945445	 88.936622	  88.92811	 88.919903	 88.911995	 88.904382	 88.897056	 88.890014	  88.88325	  88.87676	 88.870537	 88.864578	 88.858879	 88.853434	  88.84824	 88.843293	 88.838588	 88.834123	 88.829894	 88.825896	 88.822128	 88.818586	 88.815267	 88.812169	 88.809289	 88.806624	 88.804173	 88.801933	 88.799903	 88.798081	 88.796465	 88.795053	 88.793846	 88.792842	 88.792039	 88.791438	 88.791037	 88.790837	
        99	 98.877445	 98.754913	 98.632427	  98.51001	 98.387686	 98.265476	 98.143405	 98.021495	 97.899769	 97.778248	 97.656957	 97.535917	  97.41515	 97.294678	 97.174525	  97.05471	 96.935256	 96.816184	 96.697515	 96.579271	 96.461471	 96.344137	 96.227288	 96.110945	 95.995126	 95.879852	 95.765142	 95.651013	 95.537486	 95.424577	 95.312304	 95.200686	 95.089739	  94.97948	 94.869925	  94.76109	 94.652991	 94.545643	 94.439062	  94.33326	 94.228254	 94.124056	 94.020679	 93.918136	 93.816441	 93.715604	 93.615638	 93.516553	 93.418361	 93.321071	 93.224694	 93.129239	 93.034715	  92.94113	 92.848493	 92.756811	 92.666092	 92.576343	 92.487569	 92.399776	 92.312972	 92.227159	 92.142344	 92.058529	  91.97572	 91.893919	  91.81313	 91.733354	 91.654595	 91.576853	 91.500131	 91.424428	 91.349746	 91.276085	 91.203445	 91.131824	 91.061223	 90.991639	  90.92307	 90.855516	 90.788973	 90.723439	  90.65891	 90.595384	 90.532856	 90.471323	 90.410779	 90.351221	 90.292644	 90.235042	  90.17841	 90.122742	 90.068032	 90.014273	  89.96146	 89.909586	 89.858643	 89.808625	 89.759524	 89.711332	 89.664042	 89.617645	 89.572134	   89.5275	 89.483735	 89.440831	 89.398777	 89.357566	 89.317188	 89.277634	 89.238896	 89.200963	 89.163826	 89.127475	 89.091902	 89.057095	 89.023046	 88.989745	 88.957181	 88.925345	 88.894227	 88.863817	 88.834104	 88.805079	 88.776732	 88.749052	  88.72203	 88.695656	 88.669919	 88.644809	 88.620318	 88.596433	 88.573147	 88.550449	 88.528328	 88.506777	 88.485784	  88.46534	 88.445435	 88.426061	 88.407208	 88.388866	 88.371027	  88.35368	 88.336818	 88.320431	 88.304511	 88.289049	 88.274036	 88.259464	 88.245324	 88.231608	 88.218309	 88.205418	 88.192928	  88.18083	 88.169118	 88.157783	  88.14682	 88.136219	 88.125976	 88.116082	 88.106531	 88.097317	 88.088433	 88.079873	 88.071631	 88.063702	 88.056079	 88.048757	 88.041731	 88.034995	 88.028545	 88.022375	 88.016481	 88.010859	 88.005504	 88.000411	 87.995578	 87.990999	 87.986672	 87.982593	 87.978759	 87.975166	 87.971813	 87.968695	  87.96581	 87.963157	 87.960732	 87.958535	 87.956562	 87.954813	 87.953285	 87.951978	 87.950891	 87.950022	 87.949371	 87.948937	 87.948721	
        99	 98.868129	 98.736283	 98.604486	 98.472764	 98.341141	 98.209642	 98.078292	 97.947115	 97.816135	 97.685378	 97.554866	 97.424625	 97.294678	  97.16505	 97.035762	  96.90684	 96.778306	 96.650183	 96.522494	 96.395261	 96.268507	 96.142253	 96.016522	 95.891335	 95.766713	 95.642676	 95.519246	 95.396442	 95.274285	 95.152793	 95.031987	 94.911884	 94.792503	 94.673863	  94.55598	 94.438872	 94.322556	 94.207048	 94.092365	 93.978521	 93.865533	 93.753414	 93.642179	 93.531842	 93.422416	 93.313915	 93.206349	 93.099733	 92.994077	 92.889391	 92.785688	 92.682977	 92.581268	 92.480569	  92.38089	  92.28224	 92.184624	 92.088053	 91.992531	 91.898065	 91.804662	 91.712326	 91.621063	 91.530878	 91.441774	 91.353755	 91.266825	 91.180985	 91.096239	 91.012588	 90.930033	 90.848576	 90.768218	 90.688957	 90.610795	  90.53373	 90.457762	 90.382888	 90.309108	 90.236419	 90.164818	 90.094302	 90.024868	 89.956513	 89.889232	 89.823021	 89.757875	  89.69379	  89.63076	  89.56878	 89.507842	 89.447943	 89.389074	 89.331229	 89.274402	 89.218584	 89.163769	 89.109949	 89.057115	  89.00526	 88.954375	 88.904452	 88.855481	 88.807455	 88.760363	 88.714197	 88.668946	 88.624603	 88.581156	 88.538595	 88.496912	 88.456095	 88.416136	 88.377022	 88.338744	 88.301292	 88.264655	 88.228822	 88.193783	 88.159527	 88.126044	 88.093322	  88.06135	 88.030119	 87.999617	 87.969833	 87.940757	 87.912378	 87.884685	 87.857667	 87.831313	 87.805613	 87.780557	 87.756133	 87.732331	 87.709141	 87.686553	 87.664555	 87.643137	  87.62229	 87.602004	 87.582268	 87.563072	 87.544408	 87.526264	 87.508631	 87.491501	 87.474863	 87.458709	 87.443029	 87.427814	 87.413056	 87.398746	 87.384875	 87.371436	 87.358418	 87.345816	  87.33362	 87.321822	 87.310416	 87.299394	 87.288748	 87.278471	 87.268557	 87.258997	 87.249787	 87.240919	 87.232387	 87.224184	 87.216306	 87.208745	 87.201498	 87.194557	 87.187918	 87.181577	 87.175527	 87.169764	 87.164285	 87.159084	 87.154157	 87.149501	 87.145112	 87.140987	 87.137121	 87.133512	 87.130158	 87.127054	 87.124199	  87.12159	 87.119225	 87.117102	  87.11522	 87.113577	  87.11217	    87.111	 87.110065	 87.109365	 87.108898	 87.108665	
        99	 98.858837	 98.717701	 98.576619	 98.435616	 98.294719	 98.153955	  98.01335	  97.87293	 97.732722	 97.592752	 97.453045	 97.313627	 97.174525	 97.035762	 96.897366	  96.75936	 96.621769	 96.484619	 96.347933	 96.211736	 96.076051	 95.940902	 95.806312	 95.672304	 95.538901	 95.406125	 95.273998	 95.142542	 95.011778	 94.881726	 94.752408	 94.623843	  94.49605	 94.369051	 94.242862	 94.117503	 93.992992	 93.869346	 93.746582	 93.624717	 93.503768	 93.383749	 93.264677	 93.146566	  93.02943	 92.913283	 92.798139	 92.684011	  92.57091	 92.458849	 92.347839	 92.237891	 92.129015	 92.021222	  91.91452	 91.808918	 91.704425	 91.601049	 91.498797	 91.397675	 91.297691	  91.19885	 91.101157	 91.004617	 90.909235	 90.815015	 90.721959	 90.630071	 90.539354	 90.449809	 90.361438	 90.274242	 90.188221	 90.103376	 90.019707	 89.937212	 89.855891	 89.775742	 89.696763	 89.618952	 89.542307	 89.466822	 89.392496	 89.319325	 89.247304	 89.176428	 89.106692	 89.038091	  88.97062	 88.904273	 88.839042	 88.774922	 88.711905	 88.649985	 88.589154	 88.529403	 88.470726	 88.413114	 88.356557	 88.301049	 88.246579	 88.193138	 88.140717	 88.089306	 88.038897	 87.989478	 87.941039	 87.893571	 87.847063	 87.801504	 87.756883	 87.713191	 87.670416	 87.628546	 87.587571	 87.547481	 87.508262	 87.469904	 87.432397	 87.395727	 87.359884	 87.324857	 87.290633	 87.257201	  87.22455	 87.192668	 87.161543	 87.131164	  87.10152	 87.072598	 87.044387	 87.016877	 86.990055	 86.963911	 86.938432	 86.913608	 86.889427	  86.86588	 86.842953	 86.820638	 86.798922	 86.777795	 86.757247	 86.737267	 86.717845	  86.69897	 86.680633	 86.662823	  86.64553	 86.628746	 86.612459	 86.596661	 86.581343	 86.566495	 86.552108	 86.538174	 86.524683	 86.511628	 86.498999	 86.486789	  86.47499	 86.463594	 86.452593	  86.44198	 86.431747	 86.421888	 86.412395	 86.403262	 86.394481	 86.386048	 86.377955	 86.370196	 86.362767	  86.35566	 86.348872	 86.342396	 86.336227	 86.330362	 86.324794	 86.319521	 86.314537	 86.309838	 86.305422	 86.301284	 86.297421	  86.29383	 86.290507	 86.287451	 86.284659	 86.282127	 86.279855	  86.27784	 86.276081	 86.274575	 86.273323	 86.272322	 86.271572	 86.271073	 86.270823	
        99	 98.849572	 98.699173	  98.54883	 98.398572	 98.248428	 98.098425	 97.948591	 97.798955	 97.649545	 97.500387	 97.351511	 97.202942	  97.05471	  96.90684	  96.75936	 96.612296	 96.465674	 96.319522	 96.173865	 96.028728	 95.884138	 95.740118	 95.596695	 95.453892	 95.311733	 95.170242	 95.029443	 94.889359	 94.750012	 94.611424	 94.473618	 94.336614	 94.200435	 94.065099	 93.930628	 93.797041	 93.664358	 93.532596	 93.401775	 93.271911	 93.143023	 93.015128	  92.88824	 92.762377	 92.637553	 92.513783	 92.391081	 92.269462	 92.148938	 92.029522	 91.911226	 91.794061	  91.67804	 91.563171	 91.449466	 91.336933	 91.225582	 91.115421	 91.006457	 90.898698	 90.792152	 90.686823	 90.582718	 90.479842	 90.378199	 90.277795	 90.178632	 90.080713	 89.984041	 89.888619	 89.794448	 89.701528	 89.609862	 89.519448	 89.430287	 89.342378	 89.255719	  89.17031	 89.086147	 89.003229	 88.921553	 88.841114	  88.76191	 88.683936	 88.607187	 88.531659	 88.457347	 88.384244	 88.312344	 88.241642	  88.17213	 88.103801	 88.036648	 87.970664	  87.90584	 87.842168	 87.779639	 87.718246	 87.657977	 87.598825	  87.54078	 87.483832	  87.42797	 87.373185	 87.319467	 87.266804	 87.215186	 87.164603	 87.115042	 87.066493	 87.018944	 86.972384	 86.926801	 86.882183	 86.838519	 86.795797	 86.754004	 86.713129	 86.673159	 86.634083	 86.595888	 86.558561	 86.522091	 86.486465	 86.451671	 86.417696	 86.384528	 86.352155	 86.320565	 86.289745	 86.259683	 86.230367	 86.201785	 86.173924	 86.146773	  86.12032	 86.094553	 86.069459	 86.045028	 86.021248	 85.998107	 85.975593	 85.953697	 85.932405	 85.911708	 85.891595	 85.872054	 85.853075	 85.834647	 85.816761	 85.799405	 85.782571	 85.766247	 85.750424	 85.735093	 85.720244	 85.705868	 85.691956	 85.678499	 85.665487	 85.652914	  85.64077	 85.629047	 85.617737	 85.606833	 85.596326	  85.58621	 85.576477	 85.567121	 85.558134	  85.54951	 85.541242	 85.533325	 85.525752	 85.518518	 85.511616	 85.505043	 85.498793	  85.49286	  85.48724	 85.481929	 85.476922	 85.472216	 85.467807	  85.46369	 85.459863	 85.456323	 85.453066	  85.45009	 85.447392	 85.444971	 85.442824	 85.440949	 85.439345	  85.43801	 85.436944	 85.436145	 85.435612	 85.435346	
        99	 98.840335	   98.6807	 98.521125	 98.361641	 98.202276	 98.043062	 97.884028	 97.725203	 97.566618	 97.408301	 97.250282	 97.092591	 96.935256	 96.778306	 96.621769	 96.465674	  96.31005	 96.154923	 96.000321	 95.846272	 95.692803	  95.53994	 95.387709	 95.236136	 95.085248	 94.935069	 94.785624	 94.636938	 94.489034	 94.341936	 94.195667	 94.050251	 93.905709	 93.762063	 93.619335	 93.477545	 93.336713	 93.196861	 93.058006	 92.920168	 92.783365	 92.647616	 92.512937	 92.379344	 92.246855	 92.115485	 91.985249	 91.856162	 91.728237	 91.601488	 91.475927	 91.351568	 91.228422	   91.1065	 90.985812	 90.866369	  90.74818	 90.631254	 90.515599	 90.401224	 90.288134	 90.176338	  90.06584	 89.956647	 89.848763	 89.742193	  89.63694	 89.533008	   89.4304	 89.329119	 89.229165	 89.130539	 89.033244	 88.937278	 88.842642	 88.749335	 88.657355	 88.566701	  88.47737	  88.38936	 88.302668	  88.21729	 88.133222	  88.05046	 87.968998	 87.888833	 87.809957	 87.732365	  87.65605	 87.581006	 87.507225	 87.434701	 87.363425	 87.293388	 87.224584	 87.157002	 87.090633	  87.02547	   86.9615	 86.898716	 86.837106	 86.776661	 86.717369	  86.65922	 86.602203	 86.546307	 86.491519	 86.437829	 86.385225	 86.333695	 86.283226	 86.233807	 86.185425	 86.138067	 86.091722	 86.046376	 86.002017	 85.958632	 85.916208	 85.874732	 85.834191	 85.794573	 85.755863	 85.718049	 85.681118	 85.645057	 85.609853	 85.575492	 85.541962	  85.50925	 85.477342	 85.446226	 85.415888	 85.386317	 85.357498	 85.329421	 85.302071	 85.275437	 85.249505	 85.224265	 85.199702	 85.175807	 85.152565	 85.129967	 85.107999	  85.08665	 85.065909	 85.045765	 85.026206	 85.007221	   84.9888	 84.970931	 84.953605	 84.936811	 84.920538	 84.904777	 84.889519	 84.874752	 84.860468	 84.846658	 84.833313	 84.820423	  84.80798	 84.795976	 84.784402	  84.77325	 84.762513	 84.752182	 84.742251	 84.732712	 84.723559	 84.714783	  84.70638	 84.698342	 84.690663	 84.683339	 84.676362	 84.669727	  84.66343	 84.657465	 84.651828	 84.646514	 84.641519	 84.636838	 84.632469	 84.628407	 84.624649	 84.621192	 84.618034	 84.615171	   84.6126	 84.610321	 84.608331	 84.606629	 84.605212	  84.60408	 84.603232	 84.602667	 84.602385	
