Time step 64:
        99	        99	        99	        99	        99	        99	        99	        99	        99	        99	        99	        99	        99	        99	        99	        99	        99	        99	        99	        99	        99	        99	        99	        99	        99	        99	        99	        99	        99	        99	        99	        99	        99	        99	        99	        99	        99	        99	        99	        99	        99	        99	        99	        99	        99	        99	        99	        99	        99	        99	        99	        99	        99	        99	        99	        99	        99	        99	        99	        99	        99	        99	        99	        99	        99	        99	        99	        99	        99	        99	        99	        99	        99	        99	        99	        99	        99	        99	        99	        99	        99	        99	        99	        99	        99	        99	        99	        99	        99	        99	        99	        99	        99	        99	        99	        99	        99	        99	        99	        99	        99	        99	        99	        99	        99	        99	        99	        99	        99	        99	        99	        99	        99	        99	        99	        99	        99	        99	        99	        99	        99	        99	        99	        99	        99	        99	        99	        99	        99	        99	        99	        99	        99	        99	        99	        99	        99	        99	        99	        99	        99	        99	        99	        99	        99	        99	        99	        99	        99	        99	        99	        99	        99	        99	        99	        99	        99	        99	        99	        99	        99	        99	        99	        99	        99	        99	        99	        99	        99	        99	        99	        99	        99	        99	        99	        99	        99	        99	        99	        99	        99	        99	        99	        99	        99	        99	        99	        99	        99	        99	        99	        99	        99	        99	        99	        99	        99	        99	        99	        99	
        99	 98.990079	 98.980159	 98.970244	 98.960334	 98.950433	 98.940541	  98.93066	 98.920794	 98.910942	 98.901109	 98.891295	 98.881502	 98.871732	 98.861987	 98.852269	  98.84258	 98.832921	 98.823295	 98.813703	 98.804146	 98.794628	 98.785149	  98.77571	 98.766315	 98.756964	 98.747658	 98.738401	 98.729193	 98.720035	  98.71093	 98.701878	 98.692882	 98.683942	  98.67506	 98.666238	 98.657476	 98.648776	  98.64014	 98.631568	 98.623062	 98.614622	 98.606251	 98.597949	 98.589716	 98.581555	 98.573467	 98.565451	 98.557509	 98.549642	 98.541851	 98.534136	 98.526499	 98.518939	 98.511458	 98.504056	 98.496735	 98.489493	 98.482333	 98.475254	 98.468257	 98.461343	 98.454511	 98.447762	 98.441097	 98.434515	 98.428017	 98.421603	 98.415274	 98.409028	 98.402868	 98.396791	   98.3908	 98.384892	  98.37907	 98.373331	 98.367677	 98.362108	 98.356622	  98.35122	 98.345901	 98.340666	 98.335514	 98.330445	 98.325458	 98.320553	 98.315729	 98.310987	 98.306325	 98.301744	 98.297243	 98.292821	 98.288477	 98.284212	 98.280025	 98.275914	  98.27188	 98.267922	 98.264038	  98.26023	 98.256495	 98.252833	 98.249243	 98.245725	 98.242278	 98.238901	 98.235594	 98.232355	 98.229184	  98.22608	 98.223042	  98.22007	 98.217162	 98.214318	 98.211537	 98.208818	  98.20616	 98.203563	 98.201025	 98.198546	 98.196125	 98.193761	 98.191453	   98.1892	 98.187001	 98.184857	 98.182765	 98.180724	 98.178735	 98.176796	 98.174906	 98.173065	 98.171272	 98.169525	 98.167824	 98.166168	 98.164556	 98.162988	 98.161463	  98.15998	 98.158537	 98.157135	 98.155773	 98.154449	 98.153164	 98.151915	 98.150704	 98.149528	 98.148387	  98.14728	 98.146207	 98.145167	 98.144159	 98.143183	 98.142238	 98.141324	 98.140439	 98.139583	 98.138756	 98.137956	 98.137184	 98.136438	 98.135719	 98.135026	 98.134357	 98.133713	 98.133093	 98.132497	 98.131924	 98.131373	 98.130845	 98.130339	 98.129854	 98.129389	 98.128946	 98.128522	 98.128119	 98.127735	  98.12737	 98.127023	 98.126696	 98.126386	 98.126095	 98.125821	 98.125564	 98.125325	 98.125102	 98.124897	 98.124707	 98.124535	 98.124378	 98.124238	 98.124113	 98.124005	 98.123912	 98.123834	 98.123772	 98.123726	 98.123695	  98.12368	
        99	 98.980159	 98.960323	 98.940494	 98.920676	 98.900875	 98.881093	 98.861334	 98.841603	 98.821902	 98.802237	 98.782611	 98.763027	 98.743489	 98.724001	 98.704567	 98.685191	 98.665876	 98.646625	 98.627442	 98.608332	 98.589296	 98.570339	 98.551465	 98.532676	 98.513975	 98.495367	 98.476854	 98.458439	 98.440125	 98.421916	 98.403815	 98.385824	 98.367946	 98.350184	 98.332541	 98.315019	 98.297622	  98.28035	 98.263208	 98.246197	  98.22932	 98.212579	 98.195976	 98.179514	 98.163193	 98.147017	 98.130987	 98.115105	 98.099373	 98.083792	 98.068364	 98.053091	 98.037973	 98.023013	 98.008211	 97.993569	 97.979087	 97.964768	 97.950612	 97.936619	 97.922792	 97.909129	 97.895633	 97.882304	 97.869141	 97.856147	  97.84332	 97.830663	 97.818173	 97.805853	 97.793702	 97.781719	 97.769906	 97.758262	 97.746786	  97.73548	 97.724341	  97.71337	 97.702567	 97.691932	 97.681462	 97.671159	 97.661021	 97.651048	 97.641239	 97.631593	  97.62211	 97.612788	 97.603626	 97.594624	 97.585781	 97.577095	 97.568566	 97.560191	 97.551971	 97.543904	 97.535988	 97.528222	 97.520605	 97.513136	 97.505813	 97.498634	 97.491599	 97.484706	 97.477953	 97.471338	 97.464861	  97.45852	 97.452312	 97.446237	 97.440293	 97.434478	 97.428791	 97.423229	 97.417792	 97.412477	 97.407282	 97.402207	  97.39725	 97.392408	  97.38768	 97.383065	 97.378559	 97.374163	 97.369874	  97.36569	  97.36161	 97.357632	 97.353755	 97.349976	 97.346293	 97.342706	 97.339213	 97.335812	   97.3325	 97.329278	 97.326142	 97.323092	 97.320125	 97.317241	 97.314437	 97.311713	 97.309066	 97.306495	 97.303998	 97.301575	 97.299223	 97.296941	 97.294728	 97.292582	 97.290503	 97.288488	 97.286536	 97.284646	 97.282817	 97.281047	 97.279336	 97.277681	 97.276082	 97.274538	 97.273047	 97.271609	 97.270222	 97.268885	 97.267597	 97.266358	 97.265165	 97.264019	 97.262918	 97.261862	 97.260849	 97.259879	 97.258951	 97.258064	 97.257217	  97.25641	 97.255641	 97.254911	 97.254219	 97.253564	 97.252945	 97.252361	 97.251814	 97.251301	 97.250822	 97.250377	 97.249966	 97.249588	 97.249242	 97.248929	 97.248648	 97.248399	 97.248182	 97.247996	 97.247841	 97.247718	 97.247625	 97.247564	 97.247533	
        99	 98.970244	 98.940494	 98.910755	 98.881034	 98.851337	 98.821668	 98.792035	 98.762443	 98.732898	 98.703405	  98.67397	 98.644598	 98.615297	  98.58607	 98.556924	 98.527864	 98.498896	 98.470024	 98.441255	 98.412594	 98.384046	 98.355615	 98.327308	 98.299129	 98.271083	 98.243175	 98.215409	 98.187792	 98.160326	 98.133017	 98.105869	 98.078887	 98.052075	 98.025436	 97.998976	 97.972698	 97.946605	 97.920703	 97.894994	 97.869482	 97.844171	 97.819063	 97.794163	 97.769473	 97.744996	 97.720736	 97.696695	 97.672876	 97.649282	 97.625914	 97.602776	 97.579869	 97.557197	  97.53476	 97.512561	 97.490601	 97.468883	 97.447408	 97.426177	 97.405191	 97.384453	 97.363963	 97.343722	 97.323731	 97.303991	 97.284502	 97.265266	 97.246282	 97.227551	 97.209074	  97.19085	 97.172879	 97.155163	 97.137699	 97.120489	 97.103531	 97.086826	 97.070373	 97.054171	  97.03822	 97.022519	 97.007066	 96.991862	 96.976905	 96.962194	 96.947727	 96.933504	 96.919524	 96.905784	 96.892283	  96.87902	 96.865994	 96.853202	 96.840642	 96.828314	 96.816215	 96.804343	 96.792696	 96.781273	 96.770071	 96.759088	 96.748322	 96.737771	 96.727432	 96.717305	 96.707385	  96.69767	  96.68816	  96.67885	 96.669739	 96.660824	 96.652103	 96.643573	 96.635232	 96.627077	 96.619106	 96.611316	 96.603705	  96.59627	 96.589008	 96.581918	 96.574995	 96.568239	 96.561646	 96.555213	 96.548939	  96.54282	 96.536854	 96.531038	  96.52537	 96.519848	 96.514468	 96.509229	 96.504128	 96.499162	 96.494328	 96.489626	 96.485051	 96.480602	 96.476276	 96.472071	 96.467985	 96.464015	 96.460159	 96.456415	 96.452781	 96.449254	 96.445832	 96.442513	 96.439295	 96.436176	 96.433154	 96.430226	 96.427392	 96.424649	 96.421995	 96.419428	 96.416946	 96.414548	 96.412232	 96.409997	 96.407839	 96.405759	 96.403754	 96.401823	 96.399964	 96.398175	 96.396457	 96.394806	 96.393221	 96.391702	 96.390247	 96.388855	 96.387525	 96.386255	 96.385044	 96.383892	 96.382797	 96.381759	 96.380776	 96.379848	 96.378973	 96.378151	 96.377382	 96.376664	 96.375997	  96.37538	 96.374813	 96.374295	 96.373825	 96.373404	 96.373031	 96.372705	 96.372426	 96.372194	 96.372009	  96.37187	 96.371777	 96.371731	
        99	 98.960334	 98.920676	 98.881034	 98.841415	 98.801828	 98.762279	 98.722778	  98.68333	 98.643945	  98.60463	 98.565393	  98.52624	  98.48718	  98.44822	 98.409368	  98.37063	 98.332015	 98.293528	 98.255179	 98.216972	 98.178916	 98.141018	 98.103283	  98.06572	 98.028334	 97.991132	  97.95412	 97.917305	 97.880692	 97.844289	   97.8081	 97.772132	  97.73639	 97.700881	 97.665608	 97.630579	 97.595797	 97.561268	 97.526998	  97.49299	 97.459249	  97.42578	 97.392587	 97.359675	 97.327047	 97.294707	  97.26266	 97.230909	 97.199456	 97.168307	 97.137463	 97.106928	 97.076705	 97.046796	 97.017204	 96.987931	  96.95898	 96.930353	 96.902052	 96.874078	 96.846433	 96.819119	 96.792137	 96.765489	 96.739175	 96.713196	 96.687553	 96.662247	 96.637279	 96.612648	 96.588355	   96.5644	 96.540783	 96.517503	 96.494561	 96.471957	 96.449688	 96.427756	 96.406158	 96.384895	 96.363965	 96.343366	 96.323099	 96.303161	  96.28355	 96.264266	 96.245307	  96.22667	 96.208354	 96.190358	 96.172678	 96.155313	 96.138261	 96.121519	 96.105085	 96.088956	  96.07313	 96.057605	 96.042378	 96.027445	 96.012804	 95.998453	 95.984388	 95.970607	 95.957106	 95.943883	 95.930934	 95.918256	 95.905846	   95.8937	 95.881817	 95.870191	 95.858821	 95.847702	 95.836831	 95.826205	 95.815821	 95.805675	 95.795764	 95.786084	 95.776632	 95.767405	 95.758398	 95.749609	 95.741034	  95.73267	 95.724513	  95.71656	 95.708808	 95.701253	 95.693891	  95.68672	 95.679736	 95.672936	 95.666316	 95.659873	 95.653604	 95.647506	 95.641576	 95.635809	 95.630204	 95.624757	 95.619465	 95.614325	 95.609334	 95.604489	 95.599787	 95.595226	 95.590801	 95.586512	 95.582354	 95.578326	 95.574423	 95.570645	 95.566988	  95.56345	 95.560029	 95.556721	 95.553524	 95.550437	 95.547457	 95.544581	 95.541808	 95.539135	 95.536561	 95.534083	 95.531699	 95.529408	 95.527207	 95.525095	  95.52307	 95.521131	 95.519275	 95.517501	 95.515808	 95.514195	 95.512659	 95.511199	 95.509815	 95.508505	 95.507267	 95.506101	 95.505006	  95.50398	 95.503023	 95.502134	 95.501312	 95.500556	 95.499865	 95.499239	 95.498678	  95.49818	 95.497746	 95.497374	 95.497065	 95.496818	 95.496633	  95.49651	 95.496448	
        99	 98.950433	 98.900875	 98.851337	 98.801828	 98.752358	 98.702937	 98.653575	  98.60428	 98.555063	 98.505934	 98.456902	 98.407975	 98.359165	 98.310479	 98.261928	  98.21352	 98.165265	 98.117172	 98.069248	 98.021505	 97.973949	  97.92659	 97.879436	 97.832495	 97.785776	 97.739287	 97.693036	 97.647031	 97.601279	 97.555788	 97.510566	 97.465619	 97.420955	 97.376581	 97.332504	  97.28873	 97.245265	 97.202117	 97.159292	 97.116794	 97.074631	 97.032807	 96.991328	   96.9502	 96.909427	 96.869015	 96.828967	  96.78929	 96.749986	 96.711061	 96.672517	  96.63436	 96.596592	 96.559217	 96.522238	 96.485658	  96.44948	 96.413706	  96.37834	 96.343383	 96.308837	 96.274705	 96.240988	 96.207687	 96.174804	  96.14234	 96.110296	 96.078673	 96.047472	 96.016692	 95.986335	   95.9564	 95.926887	 95.897797	 95.869128	  95.84088	 95.813053	 95.785646	 95.758657	 95.732085	  95.70593	  95.68019	 95.654863	 95.629948	 95.605442	 95.581344	 95.557652	 95.534363	 95.511475	 95.488986	 95.466892	 95.445193	 95.423884	 95.402962	 95.382426	 95.362271	 95.342495	 95.323094	 95.304065	 95.285405	  95.26711	 95.249176	   95.2316	 95.214379	 95.197508	 95.180983	 95.164802	 95.148959	 95.133451	 95.118274	 95.103423	 95.088896	 95.074687	 95.060792	 95.047208	  95.03393	 95.020954	 95.008275	  94.99589	 94.983793	 94.971982	 94.960451	 94.949196	 94.938213	 94.927497	 94.917045	 94.906853	 94.896914	 94.887227	 94.877786	 94.868586	 94.859625	 94.850898	   94.8424	 94.834127	 94.826076	 94.818243	 94.810622	 94.803211	 94.796005	 94.789001	 94.782194	 94.775581	 94.769158	 94.762921	 94.756867	 94.750991	 94.745291	 94.739762	 94.734402	 94.729206	 94.724172	 94.719296	 94.714574	 94.710005	 94.705583	 94.701307	 94.697174	 94.693179	 94.689321	 94.685597	 94.682004	 94.678538	 94.675198	 94.671981	 94.668884	 94.665906	 94.663042	 94.660292	 94.657653	 94.655123	 94.652699	  94.65038	 94.648164	 94.646048	 94.644032	 94.642113	 94.640289	 94.638559	 94.636922	 94.635375	 94.633918	  94.63255	 94.631268	 94.630072	 94.628961	 94.627933	 94.626988	 94.626125	 94.625343	 94.624642	  94.62402	 94.623477	 94.623012	 94.622626	 94.622317	 94.622086	 94.621932	 94.621855	
        99	 98.940541	 98.881093	 98.821668	 98.762279	 98.702937	 98.643653	  98.58444	 98.525308	 98.466269	 98.407335	 98.348517	 98.289827	 98.231276	 98.172874	 98.114634	 98.056566	  97.99868	 97.940989	 97.883502	  97.82623	 97.769184	 97.712373	 97.655809	   97.5995	 97.543458	 97.487691	  97.43221	 97.377024	 97.322141	 97.267572	 97.213325	 97.159408	 97.105831	 97.052601	 96.999727	 96.947218	 96.895079	  96.84332	 96.791948	 96.740969	 96.690392	 96.640221	 96.590465	 96.541129	 96.492219	 96.443742	 96.395702	 96.348106	 96.300959	 96.254265	  96.20803	 96.162258	 96.116952	 96.072118	  96.02776	  95.98388	 95.940482	 95.897569	 95.855145	 95.813212	 95.771772	 95.730828	 95.690382	 95.650435	  95.61099	 95.572047	 95.533609	 95.495675	 95.458247	 95.421325	 95.384909	    95.349	 95.313597	 95.278701	 95.244311	 95.210426	 95.177046	 95.144169	 95.111794	  95.07992	 95.048545	 95.017668	 94.987286	 94.957399	 94.928002	 94.899095	 94.870675	 94.842738	 94.815282	 94.788305	 94.761803	 94.735773	 94.710211	 94.685115	  94.66048	 94.636303	  94.61258	 94.589307	 94.566481	 94.544097	  94.52215	 94.500638	 94.479555	 94.458896	 94.438658	 94.418836	 94.399425	  94.38042	 94.361818	 94.343612	 94.325798	 94.308371	 94.291326	 94.274659	 94.258364	 94.242436	  94.22687	 94.211661	 94.196804	 94.182293	 94.168125	 94.154292	 94.140791	 94.127617	 94.114763	 94.102225	 94.089998	 94.078076	 94.066456	  94.05513	 94.044095	 94.033346	 94.022876	 94.012683	 94.002759	 93.993102	 93.983704	 93.974563	 93.965673	 93.957029	 93.948627	 93.940462	 93.932529	 93.924824	 93.917342	  93.91008	 93.903032	 93.896194	 93.889562	 93.883132	 93.876899	  93.87086	 93.865011	 93.859347	 93.853866	 93.848562	 93.843433	 93.838474	 93.833683	 93.829055	 93.824587	 93.820277	  93.81612	 93.812113	 93.808254	 93.804539	 93.800966	 93.797531	 93.794233	 93.791067	 93.788031	 93.785124	 93.782342	 93.779684	 93.777146	 93.774727	 93.772425	 93.770237	 93.768162	 93.766198	 93.764343	 93.762595	 93.760953	 93.759416	 93.757981	 93.756648	 93.755416	 93.754282	 93.753247	 93.752309	 93.751467	 93.750721	  93.75007	 93.749513	 93.749049	 93.748679	 93.748402	 93.748217	 93.748125	
        99	  98.93066	 98.861334	 98.792035	 98.722778	 98.653575	  98.58444	 98.515387	 98.446429	  98.37758	 98.308853	 98.240261	 98.171819	 98.103538	 98.035432	 97.967514	 97.899796	 97.832292	 97.765014	 97.697975	 97.631186	 97.564661	  97.49841	 97.432446	 97.366781	 97.301427	 97.236393	 97.171693	 97.107336	 97.043334	 96.979697	 96.916435	 96.853559	 96.791079	 96.729005	 96.667345	  96.60611	 96.545308	 96.484948	 96.425039	 96.365589	 96.306607	   96.2481	 96.190076	 96.132541	 96.075505	 96.018972	  95.96295	 95.907445	 95.852463	 95.798011	 95.744092	 95.690714	  95.63788	 95.585596	 95.533867	 95.482695	 95.432086	 95.382043	 95.332569	 95.283667	 95.235342	 95.187594	 95.140427	 95.093843	 95.047843	 95.002429	 94.957603	 94.913366	 94.869718	 94.826661	 94.784194	 94.742318	 94.701033	 94.660338	 94.620234	 94.580718	 94.541791	  94.50345	 94.465696	 94.428525	 94.391937	 94.355929	 94.320499	 94.285645	 94.251364	 94.217653	  94.18451	 94.151931	 94.119914	 94.088454	 94.057548	 94.027192	 93.997383	 93.968116	 93.939388	 93.911193	 93.883529	 93.856389	 93.829769	 93.803666	 93.778072	 93.752985	 93.728398	 93.704307	 93.680706	  93.65759	 93.634954	 93.612791	 93.591097	 93.569866	 93.549092	 93.528769	 93.508893	 93.489456	 93.470453	 93.451878	 93.433726	 93.415989	 93.398663	 93.381742	 93.365219	 93.349088	 93.333343	 93.317979	  93.30299	 93.288369	  93.27411	 93.260207	 93.246655	 93.233448	 93.220579	 93.208044	 93.195835	 93.183947	 93.172375	 93.161112	 93.150154	 93.139493	 93.129126	 93.119046	 93.109247	 93.099725	 93.090474	 93.081489	 93.072764	 93.064295	 93.056075	 93.048101	 93.040367	 93.032869	 93.025601	 93.018558	 93.011737	 93.005132	  92.99874	 92.992555	 92.986573	 92.980791	 92.975203	 92.969806	 92.964596	 92.959569	 92.954722	 92.950049	 92.945549	 92.941217	  92.93705	 92.933044	 92.929197	 92.925506	 92.921966	 92.918575	 92.915331	 92.912231	 92.909272	 92.906451	 92.903766	 92.901215	 92.898795	 92.896504	 92.894341	 92.892303	 92.890388	 92.888595	 92.886922	 92.885368	  92.88393	 92.882609	 92.881401	 92.880308	 92.879326	 92.878456	 92.877696	 92.877047	 92.876506	 92.876074	 92.875751	 92.875535	 92.875428	
        99	 98.920794	 98.841603	 98.762443	  98.68333	  98.60428	 98.525308	 98.446429	 98.367659	 98.289013	 98.210507	 98.132155	 98.053973	 97.975976	 97.898179	 97.820597	 97.743243	 97.666134	 97.589283	 97.512704	 97.436412	  97.36042	 97.284742	 97.209392	 97.134383	 97.059729	 96.985442	 96.911535	  96.83802	 96.764911	 96.692219	 96.619955	 96.548133	 96.476762	 96.405855	 96.335421	 96.265472	 96.196019	  96.12707	 96.058637	 95.990728	 95.923352	  95.85652	 95.790239	 95.724518	 95.659365	 95.594788	 95.530795	 95.467392	 95.404586	 95.342385	 95.280795	 95.219821	  95.15947	 95.099746	 95.040655	 94.982202	 94.924392	 94.867227	 94.810714	 94.754854	 94.699652	  94.64511	 94.591231	 94.538018	 94.485473	 94.433597	 94.382393	 94.331861	 94.282002	 94.232818	 94.184309	 94.136474	 94.089314	 94.042829	 93.997017	 93.951879	 93.907412	 93.863617	  93.82049	  93.77803	 93.736235	 93.695104	 93.654632	 93.614819	  93.57566	 93.537152	 93.499293	 93.462078	 93.425505	 93.389568	 93.354264	 93.319589	 93.285538	 93.252107	 93.219291	 93.187085	 93.155483	 93.124482	 93.094074	 93.064256	 93.035021	 93.006364	 92.978279	  92.95076	   92.9238	 92.897395	 92.871538	 92.846221	  92.82144	 92.797188	 92.773458	 92.750244	 92.727539	 92.705336	 92.683629	 92.662411	 92.641676	 92.621416	 92.601624	 92.582295	 92.563421	 92.544995	  92.52701	  92.50946	 92.492337	 92.475635	 92.459347	 92.443467	 92.427987	   92.4129	   92.3982	  92.38388	 92.369934	 92.356355	 92.343136	 92.330271	 92.317753	 92.305576	 92.293733	 92.282219	 92.271026	 92.260149	 92.249582	 92.239318	 92.229352	 92.219677	 92.210288	 92.201179	 92.192345	 92.183779	 92.175477	 92.167432	 92.159641	 92.152096	 92.144794	 92.137729	 92.130896	 92.124291	 92.117908	 92.111743	 92.105792	  92.10005	 92.094512	 92.089175	 92.084034	 92.079086	 92.074326	 92.069751	 92.065356	 92.061139	 92.057096	 92.053223	 92.049517	 92.045976	 92.042595	 92.039373	 92.036306	 92.033392	 92.030627	 92.028011	  92.02554	 92.023212	 92.021025	 92.018976	 92.017065	  92.01529	 92.013648	 92.012138	 92.010759	  92.00951	 92.008388	 92.007394	 92.006527	 92.005785	 92.005167	 92.004674	 92.004304	 92.004058	 92.003935	
        99	 98.910942	 98.821902	 98.732898	 98.643945	 98.555063	 98.466269	  98.37758	 98.289013	 98.200586	 98.112315	 98.024219	 97.936313	 97.848616	 97.761143	 97.673911	 97.586938	 97.500238	 97.413828	 97.327725	 97.241944	 97.156501	 97.071411	  96.98669	 96.902352	 96.818413	 96.734886	 96.651787	  96.56913	 96.486928	 96.405194	 96.323943	 96.243188	 96.162941	 96.083214	 96.004021	 95.925372	 95.847281	 95.769757	 95.692812	 95.616457	 95.540702	 95.465557	 95.391033	 95.317138	 95.243882	 95.171273	 95.099321	 95.028032	 94.957416	 94.887479	 94.818228	 94.749671	 94.681813	 94.614662	 94.548222	 94.482499	 94.417498	 94.353224	 94.289682	 94.226875	 94.164807	 94.103482	 94.042902	 93.983071	  93.92399	 93.865663	  93.80809	 93.751273	 93.695213	 93.639912	 93.585369	 93.531585	  93.47856	 93.426293	 93.374784	 93.324031	 93.274035	 93.224792	 93.176301	 93.128561	 93.081568	 93.035321	 92.989816	  92.94505	 92.901021	 92.857724	 92.815156	 92.773313	 92.732191	 92.691785	  92.65209	 92.613102	 92.574817	 92.537228	  92.50033	 92.464118	 92.428586	 92.393729	  92.35954	 92.326013	 92.293142	 92.260921	 92.229342	 92.198401	 92.168088	 92.138399	 92.109325	 92.080861	 92.052998	 92.025729	 91.999048	 91.972946	 91.947417	 91.922453	 91.898046	  91.87419	 91.850875	 91.828095	 91.805843	 91.784109	 91.762887	  91.74217	 91.721948	 91.702215	 91.682963	 91.664184	  91.64587	 91.628014	 91.610609	 91.593646	 91.577118	 91.561017	 91.545337	 91.530068	 91.515205	  91.50074	 91.486665	 91.472974	 91.459658	 91.446712	 91.434127	 91.421897	 91.410016	 91.398475	 91.387269	 91.376391	 91.365835	 91.355593	  91.34566	 91.336029	 91.326694	 91.317649	 91.308888	 91.300405	 91.292195	 91.284251	 91.276568	 91.269142	 91.261965	 91.255034	 91.248342	 91.241886	 91.235659	 91.229659	 91.223879	 91.218315	 91.212963	 91.207818	 91.202877	 91.198135	 91.193589	 91.189235	 91.185068	 91.181086	 91.177285	 91.173662	 91.170214	 91.166937	 91.163829	 91.160887	 91.158109	 91.155491	 91.153032	 91.150729	  91.14858	 91.146584	 91.144738	  91.14304	  91.14149	 91.140085	 91.138824	 91.137707	 91.136731	 91.135896	 91.135202	 91.134648	 91.134232	 91.133956	 91.133817	
        99	 98.901109	 98.802237	 98.703405	  98.60463	 98.505934	 98.407335	 98.308853	 98.210507	 98.112315	 98.014298	 97.916474	 97.818862	 97.721481	  97.62435	 97.527486	 97.430909	 97.334636	 97.238685	 97.143075	 97.047822	 96.952944	 96.858459	 96.764383	 96.670732	 96.577524	 96.484775	   96.3925	 96.300716	 96.209437	 96.118679	 96.028456	 95.938784	 95.849676	 95.761146	 95.673208	 95.585876	 95.499161	 95.413077	 95.327636	  95.24285	  95.15873	 95.075289	 94.992535	 94.910481	 94.829136	  94.74851	 94.668613	 94.589452	 94.511039	 94.433379	 94.356482	 94.280355	 94.205004	 94.130438	 94.056662	 93.983682	 93.911504	 93.840133	 93.769574	 93.699832	 93.630911	 93.562814	 93.495545	 93.429107	 93.363503	 93.298735	 93.234805	 93.171715	 93.109465	 93.048057	 92.987492	 92.927769	 92.868889	 92.810851	 92.753654	 92.697298	  92.64178	   92.5871	 92.533255	 92.480243	 92.428062	 92.376708	 92.326178	  92.27647	 92.227579	 92.179502	 92.132233	  92.08577	 92.040107	 91.995239	 91.951162	 91.907869	 91.865356	 91.823616	 91.782644	 91.742434	 91.702979	 91.664272	 91.626308	 91.589079	 91.552579	   91.5168	 91.481735	 91.447376	 91.413717	 91.380749	 91.348465	 91.316858	 91.285918	 91.255638	 91.226011	 91.197027	 91.168679	 91.140959	 91.113857	 91.087366	 91.061477	 91.036182	 91.011472	 90.987339	 90.963774	 90.940769	 90.918314	 90.896402	 90.875024	 90.854172	 90.833836	 90.814009	 90.794681	 90.775845	 90.757492	 90.739614	 90.722202	 90.705248	 90.688743	 90.672681	 90.657052	 90.641849	 90.627063	 90.612687	 90.598712	 90.585132	 90.571939	 90.559124	 90.546681	 90.534602	 90.522879	 90.511507	 90.500477	 90.489782	 90.479417	 90.469373	 90.459645	 90.450225	 90.441108	 90.432287	 90.423757	  90.41551	 90.407541	 90.399844	 90.392413	 90.385244	  90.37833	 90.371667	 90.365249	  90.35907	 90.353127	 90.347415	 90.341928	 90.336663	 90.331615	 90.326779	 90.322153	 90.317731	 90.313511	 90.309487	 90.305658	  90.30202	 90.298569	 90.295302	 90.292217	  90.28931	 90.286579	 90.284022	 90.281636	 90.279419	 90.277369	 90.275484	 90.273763	 90.272202	 90.270803	 90.269562	 90.268478	 90.267552	 90.266781	 90.266165	 90.265704	 90.265396	 90.265243	
        99	 98.891295	 98.782611	  98.67397	 98.565393	 98.456902	 98.348517	 98.240261	 98.132155	 98.024219	 97.916474	 97.808942	 97.701643	 97.594598	 97.487826	  97.38135	 97.275188	  97.16936	 97.063887	 96.958788	 96.854082	 96.749788	 96.645926	 96.542513	 96.439569	 96.337111	 96.235157	 96.133725	 96.032831	 95.932494	 95.832728	 95.733552	  95.63498	 95.537029	 95.439713	 95.343048	 95.247048	 95.151728	 95.057101	  94.96318	  94.86998	 94.777512	 94.685789	 94.594823	 94.504625	 94.415208	  94.32658	 94.238753	 94.151737	 94.065541	 93.980174	 93.895646	 93.811963	 93.729135	 93.647168	  93.56607	 93.485848	 93.406507	 93.328053	 93.250492	 93.173828	 93.098067	 93.023212	 92.949267	 92.876236	 92.804121	 92.732925	 92.662651	 92.593299	 92.524871	 92.457369	 92.390793	 92.325144	  92.26042	 92.196622	 92.133749	   92.0718	 92.010772	 91.950666	 91.891477	 91.833204	 91.775844	 91.719393	 91.663849	 91.609208	 91.555464	 91.502616	 91.450656	 91.399582	 91.349387	 91.300066	 91.251614	 91.204025	 91.157293	 91.111411	 91.066373	 91.022172	 90.978801	 90.936254	 90.894522	 90.853598	 90.813475	 90.774145	   90.7356	 90.697832	 90.660832	 90.624593	 90.589105	 90.554361	  90.52035	 90.487066	 90.454498	 90.422638	 90.391477	 90.361005	 90.331214	 90.302094	 90.273635	  90.24583	 90.218668	  90.19214	 90.166236	 90.140947	 90.116265	 90.092178	 90.068678	 90.045756	 90.023402	 90.001607	 89.980362	 89.959656	 89.939482	 89.919829	 89.900689	 89.882053	  89.86391	 89.846254	 89.829074	 89.812362	 89.796108	 89.780306	 89.764944	 89.750017	 89.735514	 89.721427	 89.707749	 89.694471	 89.681586	 89.669084	  89.65696	 89.645204	  89.63381	 89.622769	 89.612075	 89.601721	 89.591699	 89.582003	 89.572625	  89.56356	   89.5548	 89.546339	 89.538172	 89.530291	 89.522691	 89.515366	 89.508311	  89.50152	 89.494987	 89.488707	 89.482676	 89.476888	 89.471339	 89.466024	 89.460938	 89.456078	 89.451438	 89.447016	 89.442807	 89.438807	 89.435014	 89.431423	 89.428031	 89.424836	 89.421834	 89.419023	 89.416401	 89.413964	  89.41171	 89.409638	 89.407746	 89.406031	 89.404492	 89.403128	 89.401937	 89.400918	 89.400071	 89.399394	 89.398887	 89.398549	  89.39838	
        99	 98.881502	 98.763027	 98.644598	  98.52624	 98.407975	 98.289827	 98.171819	 98.053973	 97.936313	 97.818862	 97.701643	 97.584678	 97.467989	 97.351599	  97.23553	 97.119804	 97.004443	 96.889468	 96.774901	 96.660762	 96.547073	 96.433854	 96.321125	 96.208907	 96.097219	  95.98608	  95.87551	 95.765527	  95.65615	 95.547398	 95.439287	 95.331835	 95.225059	 95.118977	 95.013603	 94.908955	 94.805048	 94.701896	 94.599514	 94.497918	  94.39712	 94.297134	 94.197973	  94.09965	 94.002176	 93.905565	 93.809826	 93.714971	 93.621009	 93.527952	 93.435809	 93.344588	 93.254297	 93.164947	 93.076543	 92.989093	 92.902604	 92.817083	 92.732534	 92.648964	 92.566378	  92.48478	 92.404173	 92.324563	 92.245952	 92.168342	 92.091736	 92.016137	 91.941545	 91.867962	 91.795388	 91.723824	  91.65327	 91.583725	 91.515187	 91.447657	 91.381132	 91.315611	  91.25109	 91.187567	  91.12504	 91.063504	 91.002956	 90.943392	 90.884807	 90.827197	 90.770557	 90.714881	 90.660165	 90.606401	 90.553584	 90.501708	 90.450765	  90.40075	 90.351654	 90.303472	 90.256194	 90.209813	 90.164322	 90.119711	 90.075974	 90.033101	 89.991083	 89.949913	  89.90958	 89.870076	 89.831391	 89.793516	 89.756442	 89.720159	 89.684657	 89.649927	 89.615959	 89.582742	 89.550267	 89.518523	 89.487502	 89.457191	 89.427582	 89.398664	 89.370427	  89.34286	 89.315953	 89.289697	  89.26408	 89.239093	 89.214726	 89.190967	 89.167808	 89.145237	 89.123245	 89.101822	 89.080957	 89.060642	 89.040866	 89.021618	 89.002891	 88.984673	 88.966955	 88.949729	 88.932984	 88.916711	 88.900902	 88.885546	 88.870636	 88.856162	 88.842116	 88.828488	 88.815271	 88.802456	 88.790035	    88.778	 88.766343	 88.755056	 88.744132	 88.733562	 88.723339	 88.713457	 88.703908	 88.694685	 88.685782	 88.677191	 88.668907	 88.660922	 88.653231	 88.645828	 88.638707	 88.631861	 88.625287	 88.618978	 88.612929	 88.607135	 88.601591	 88.596292	 88.591235	 88.586414	 88.581826	 88.577466	 88.573331	 88.569416	 88.565719	 88.562236	 88.558964	   88.5559	 88.553041	 88.550384	 88.547928	 88.545669	 88.543606	 88.541737	 88.540059	 88.538572	 88.537274	 88.536164	  88.53524	 88.534502	 88.533949	 88.533581	 88.533397	
        99	 98.871732	 98.743489	 98.615297	  98.48718	 98.359165	 98.231276	 98.103538	 97.975976	 97.848616	 97.721481	 97.594598	 97.467989	 97.341679	 97.215694	 97.090055	 96.964788	 96.839916	 96.715462	 96.591449	   96.4679	 96.344837	 96.222284	 96.100261	  95.97879	 95.857894	 95.737592	 95.617906	 95.498855	 95.380461	 95.262742	 95.145717	 95.029407	 94.913828	 94.798999	 94.684938	 94.571662	 94.459187	 94.347531	 94.236708	 94.126735	 94.017627	 93.909397	 93.802061	 93.695631	 93.590122	 93.485545	 93.381913	 93.279237	 93.177529	 93.076799	 92.977059	 92.878317	 92.780583	 92.683865	 92.588173	 92.493513	 92.399894	 92.307321	 92.215802	 92.125342	 92.035947	 91.947621	 91.860369	 91.774195	 91.689102	 91.605094	 91.522172	  91.44034	 91.359598	 91.279948	 91.201391	 91.123927	 91.047556	 90.972277	 90.898089	 90.824991	 90.752981	 90.682057	 90.612217	 90.543457	 90.475774	 90.409165	 90.343625	  90.27915	 90.215735	 90.153376	 90.092066	   90.0318	 89.972572	 89.914375	 89.857204	 89.801051	 89.745908	 89.691769	 89.638626	 89.586471	 89.535295	  89.48509	 89.435848	  89.38756	 89.340217	 89.293809	 89.248327	 89.203762	 89.160104	 89.117343	 89.075469	 89.034471	 88.994341	 88.955066	 88.916637	 88.879044	 88.842275	 88.806319	 88.771167	 88.736806	 88.703227	 88.670417	 88.638367	 88.607065	 88.576499	  88.54666	 88.517535	 88.489114	 88.461385	 88.434338	 88.407961	 88.382244	 88.357175	 88.332743	 88.308938	 88.285749	 88.263164	 88.241174	 88.219767	 88.198933	 88.178661	 88.158941	 88.139763	 88.121116	 88.102991	 88.085377	 88.068264	 88.051642	 88.035502	 88.019835	 88.004631	  87.98988	 87.975573	 87.961702	 87.948257	 87.935229	 87.922611	 87.910394	 87.898568	 87.887127	 87.876062	 87.865365	 87.855029	 87.845045	 87.835408	 87.826109	 87.817141	 87.808498	 87.800173	  87.79216	 87.784451	 87.777042	 87.769925	 87.763096	 87.756548	 87.750276	 87.744275	  87.73854	 87.733066	 87.727848	 87.722881	 87.718162	 87.713685	 87.709448	 87.705446	 87.701676	 87.698134	 87.694817	 87.691723	 87.688847	 87.686188	 87.683743	  87.68151	 87.679487	 87.677671	 87.676061	 87.674656	 87.673454	 87.672454	 87.671656	 87.671057	 87.670659	 87.670459	
        99	 98.861987	 98.724001	  98.58607	  98.44822	 98.310479	 98.172874	 98.035432	 97.898179	 97.761143	  97.62435	 97.487826	 97.351599	 97.215694	 97.080136	 96.944953	 96.810169	  96.67581	 96.541901	 96.408466	 96.275531	 96.143119	 96.011255	 95.879962	 95.749263	 95.619182	  95.48974	 95.360961	 95.232867	 95.105477	 94.978815	   94.8529	 94.727753	 94.603393	 94.479841	 94.357114	 94.235232	 94.114213	 93.994074	 93.874832	 93.756504	 93.639106	 93.522654	 93.407163	 93.292648	 93.179123	 93.066601	 92.955095	 92.844619	 92.735184	 92.626802	 92.519484	 92.413241	 92.308081	 92.204016	 92.101054	 91.999203	 91.898471	 91.798865	 91.700393	 91.603061	 91.506874	 91.411838	 91.317957	 91.225236	 91.133679	 91.043288	 90.954067	 90.866018	 90.779142	 90.693441	 90.608916	 90.525566	 90.443393	 90.362395	 90.282571	 90.203919	 90.126439	 90.050127	 89.974981	 89.900997	 89.828172	 89.756503	 89.685983	  89.61661	 89.548378	  89.48128	 89.415313	 89.350468	 89.286741	 89.224123	 89.162608	 89.102189	 89.042857	 88.984605	 88.927424	 88.871306	 88.816243	 88.762224	 88.709241	 88.657284	 88.606344	 88.556411	 88.507474	 88.459523	 88.412548	 88.366538	 88.321483	 88.277371	 88.234191	 88.191933	 88.150585	 88.110135	 88.070572	 88.031885	 87.994062	 87.957091	 87.920961	 87.885659	 87.851173	 87.817493	 87.784606	 87.752499	 87.721162	 87.690581	 87.660746	 87.631644	 87.603263	 87.575592	 87.548619	 87.522331	 87.496717	 87.471766	 87.447466	 87.423805	 87.400771	 87.378355	 87.356543	 87.335325	  87.31469	 87.294626	 87.275124	 87.256171	 87.237758	 87.219874	 87.202508	 87.185651	 87.169291	 87.153419	 87.138026	 87.123101	 87.108634	 87.094617	  87.08104	 87.067894	 87.055171	  87.04286	 87.030954	 87.019445	 87.008323	 86.997582	 86.987212	 86.977206	 86.967557	 86.958258	   86.9493	 86.940678	 86.932384	 86.924412	 86.916754	 86.909406	 86.902361	 86.895613	 86.889156	 86.882985	 86.877095	  86.87148	 86.866136	 86.861058	 86.856242	 86.851683	 86.847377	  86.84332	 86.839509	 86.835941	 86.832611	 86.829517	 86.826656	 86.824025	 86.821622	 86.819445	 86.817491	 86.815759	 86.814247	 86.812954	 86.811878	 86.811019	 86.810375	 86.809946	 86.809732	
        99	 98.852269	 98.704567	 98.556924	 98.409368	 98.261928	 98.114634	 97.967514	 97.820597	 97.673911	 97.527486	  97.38135	  97.23553	 97.090055	 96.944953	 96.800251	 96.655977	 96.512157	 96.368819	 96.225989	 96.083693	 95.941958	 95.800809	 95.660271	 95.520369	 95.381128	 95.242573	 95.104726	 94.967611	 94.831252	 94.695671	  94.56089	 94.426931	 94.293815	 94.161563	 94.030195	 93.899731	  93.77019	 93.641591	 93.513953	 93.387294	  93.26163	 93.136978	 93.013355	 92.890777	 92.769257	 92.648812	 92.529456	   92.4112	  92.29406	 92.178046	 92.063172	 91.949447	 91.836883	 91.725491	 91.615278	 91.506256	 91.398431	 91.291812	 91.186406	  91.08222	  90.97926	 90.877532	 90.777041	 90.677792	 90.579787	 90.483032	 90.387529	  90.29328	 90.200287	 90.108551	 90.018074	 89.928856	 89.840897	 89.754195	  89.66875	 89.584561	 89.501625	  89.41994	 89.339502	 89.260309	 89.182356	  89.10564	 89.030156	 88.955898	 88.882861	 88.811039	 88.740426	 88.671016	 88.602801	 88.535774	 88.469928	 88.405254	 88.341745	 88.279391	 88.218184	 88.158115	 88.099174	 88.041352	 87.984638	 87.929023	 87.874496	 87.821046	 87.768663	 87.717336	 87.667054	 87.617804	 87.569576	 87.522358	 87.476138	 87.430904	 87.386645	 87.343347	 87.300999	 87.259587	 87.219101	 87.179527	 87.140852	 87.103065	 87.066151	 87.030099	 86.994896	 86.960529	 86.926985	 86.894251	 86.862315	 86.831164	 86.800785	 86.771165	 86.742293	 86.714154	 86.686737	 86.660029	 86.634017	  86.60869	 86.584035	  86.56004	 86.536692	  86.51398	 86.491892	 86.470416	  86.44954	 86.429253	 86.409544	   86.3904	 86.371811	 86.353767	 86.336255	 86.319266	 86.302789	 86.286812	 86.271328	 86.256324	 86.241791	 86.227719	   86.2141	 86.200922	 86.188178	 86.175858	 86.163953	 86.152455	 86.141356	 86.130645	 86.120317	 86.110363	 86.100775	 86.091545	 86.082667	 86.074133	 86.065937	 86.058071	  86.05053	 86.043307	 86.036395	  86.02979	 86.023485	 86.017475	 86.011754	 86.006319	 86.001163	 85.996283	 85.991674	 85.987332	 85.983253	 85.979433	 85.975868	 85.972557	 85.969494	 85.966678	 85.964106	 85.961776	 85.959684	 85.957831	 85.956212	 85.954828	 85.953676	 85.952756	 85.952067	 85.951608	 85.951379	
        99	  98.84258	 98.685191	 98.527864	  98.37063	  98.21352	 98.056566	 97.899796	 97.743243	 97.586938	 97.430909	 97.275188	 97.119804	 96.964788	 96.810169	 96.655977	  96.50224	 96.348987	 96.196248	  96.04405	 95.892422	 95.741391	 95.590984	 95.441229	 95.292151	 95.143778	 94.996135	 94.849247	  94.70314	 94.557838	 94.413364	 94.269743	 94.126998	 93.985152	 93.844225	 93.704241	  93.56522	 93.427184	 93.290151	 93.154141	 93.019175	 92.885269	 92.752441	 92.620711	 92.490092	 92.360603	 92.232259	 92.105074	 91.979062	 91.854239	 91.730617	 91.608208	 91.487024	 91.367078	 91.248379	 91.130938	 91.014765	 90.899869	 90.786257	 90.673938	 90.562919	 90.453206	 90.344806	 90.237724	 90.131965	 90.027533	 89.924432	 89.822665	 89.722234	 89.623142	  89.52539	 89.428979	 89.333909	 89.240181	 89.147793	 89.056744	 88.967033	 88.878657	 88.791615	 88.705901	 88.621514	 88.538449	 88.456701	 88.376266	 88.297137	  88.21931	 88.142778	 88.067534	 87.993571	 87.920882	 87.849459	 87.779294	 87.710379	 87.642704	 87.576261	  87.51104	 87.447031	 87.384224	 87.322609	 87.262176	 87.202913	  87.14481	 87.087855	 87.032036	 86.977343	 86.923762	 86.871283	 86.819892	 86.769577	 86.720326	 86.672125	 86.624962	 86.578825	 86.533699	 86.489572	  86.44643	  86.40426	 86.363049	 86.322783	 86.283449	 86.245032	  86.20752	 86.170899	 86.135155	 86.100274	 86.066244	  86.03305	 86.000678	 85.969116	 85.938349	 85.908365	  85.87915	  85.85069	 85.822973	 85.795984	 85.769712	 85.744143	 85.719264	 85.695063	 85.671526	 85.648641	 85.626396	 85.604779	 85.583776	 85.563377	 85.543569	 85.524341	 85.505681	 85.487578	  85.47002	 85.452996	 85.436495	 85.420507	 85.405021	 85.390027	 85.375514	 85.361472	 85.347892	 85.334764	 85.322079	 85.309827	 85.297999	 85.286586	 85.275581	 85.264973	 85.254756	 85.244921	 85.235461	 85.226368	 85.217634	 85.209252	 85.201216	 85.193519	 85.186154	 85.179116	 85.172397	 85.165993	 85.159898	 85.154106	 85.148612	 85.143412	   85.1385	 85.133873	 85.129527	 85.125456	 85.121658	 85.118129	 85.114865	 85.111865	 85.109124	 85.106641	 85.104412	 85.102437	 85.100712	 85.099237	  85.09801	  85.09703	 85.096296	 85.095806	 85.095562	
        99	 98.832921	 98.665876	 98.498896	 98.332015	 98.165265	  97.99868	 97.832292	 97.666134	 97.500238	 97.334636	  97.16936	 97.004443	 96.839916	  96.67581	 96.512157	 96.348987	 96.186332	 96.024221	 95.862685	 95.701754	 95.541456	 95.381821	 95.222877	 95.064653	 94.907176	 94.750474	 94.594574	 94.439502	 94.285285	 94.131947	 93.979514	 93.828011	 93.677461	 93.527888	 93.379315	 93.231765	 93.085258	 92.939818	 92.795463	 92.652215	 92.510094	 92.369117	 92.229303	 92.090671	 91.953237	 91.817018	 91.682029	 91.548286	 91.415804	 91.284597	 91.154678	 91.026059	 90.898753	 90.772771	 90.648125	 90.524824	 90.402878	 90.282295	 90.163085	 90.045254	  89.92881	 89.813759	 89.700107	 89.587859	 89.477019	 89.367592	 89.259581	 89.152988	 89.047816	 88.944067	  88.84174	 88.740837	 88.641358	 88.543301	 88.446666	 88.351451	 88.257653	  88.16527	 88.074298	 87.984733	 87.896571	 87.809807	 87.724437	 87.640454	 87.557851	 87.476623	 87.396762	 87.318262	 87.241113	 87.165308	 87.090838	 87.017694	 86.945867	 86.875347	 86.806124	 86.738188	 86.671527	 86.606132	 86.541991	 86.479092	 86.417424	 86.356974	 86.297731	 86.239682	 86.182814	 86.127114	  86.07257	 86.019168	 85.966895	 85.915737	 85.865681	 85.816712	 85.768818	 85.721983	 85.676194	 85.631437	 85.587698	 85.544961	 85.503213	  85.46244	 85.422626	 85.383758	 85.345821	   85.3088	 85.272681	  85.23745	 85.203093	 85.169594	  85.13694	 85.105116	 85.074108	 85.043902	 85.014484	  84.98584	 84.957956	 84.930818	 84.904412	 84.878726	 84.853745	 84.829456	 84.805846	 84.782902	 84.760612	 84.738961	 84.717938	  84.69753	 84.677725	 84.658511	 84.639875	 84.621807	 84.604294	 84.587325	 84.570889	 84.554974	 84.539571	 84.524668	 84.510255	 84.496321	 84.482857	 84.469853	   84.4573	 84.445187	 84.433506	 84.422248	 84.411404	 84.400966	 84.390925	 84.381274	 84.372004	 84.363108	 84.354579	  84.34641	 84.338593	 84.331123	 84.323992	 84.317195	 84.310725	 84.304578	 84.298747	 84.293228	 84.288015	 84.283104	 84.278491	 84.274171	 84.270139	 84.266394	  84.26293	 84.259746	 84.256837	 84.254201	 84.251836	 84.249739	 84.247909	 84.246343	 84.245041	 84.244001	 84.243221	 84.242702	 84.242442	
