Time step 17:
        99	        99	        99	        99	        99	        99	        99	        99	        99	        99	        99	        99	        99	        99	        99	        99	        99	        99	        99	        99	        99	        99	        99	        99	        99	        99	        99	        99	        99	        99	        99	        99	        99	        99	        99	        99	        99	        99	        99	        99	        99	        99	        99	        99	        99	        99	        99	        99	        99	        99	        99	        99	        99	        99	        99	        99	        99	        99	        99	        99	        99	        99	        99	        99	        99	        99	        99	        99	        99	        99	        99	        99	        99	        99	        99	        99	        99	        99	        99	        99	        99	        99	        99	        99	        99	        99	        99	        99	        99	        99	        99	        99	        99	        99	        99	        99	        99	        99	        99	        99	        99	        99	        99	        99	        99	        99	        99	        99	        99	        99	        99	        99	        99	        99	        99	        99	        99	        99	        99	        99	        99	        99	        99	        99	        99	        99	        99	        99	        99	        99	        99	        99	        99	        99	        99	        99	        99	        99	        99	        99	        99	        99	        99	        99	        99	        99	        99	        99	        99	        99	        99	        99	        99	        99	        99	        99	        99	        99	        99	        99	        99	        99	        99	        99	        99	        99	        99	        99	        99	        99	        99	        99	        99	        99	        99	        99	        99	        99	        99	        99	        99	        99	        99	        99	        99	        99	        99	        99	        99	        99	        99	        99	        99	        99	        99	        99	        99	        99	        99	        99	
        99	 98.962654	 98.925336	 98.888074	 98.850894	 98.813824	 98.776893	 98.740125	 98.703548	 98.667187	 98.631069	 98.595219	  98.55966	 98.524416	 98.489512	 98.454968	 98.420807	  98.38705	 98.353716	 98.320825	 98.288396	 98.256444	 98.224987	 98.194039	 98.163616	 98.133731	 98.104395	 98.075621	 98.047417	 98.019795	 97.992761	 97.966322	 97.940486	 97.915256	 97.890637	 97.866633	 97.843244	 97.820472	 97.798318	  97.77678	 97.755857	 97.735546	 97.715845	 97.696749	 97.678253	 97.660352	 97.643039	 97.626307	  97.61015	 97.594558	 97.579524	 97.565037	 97.551089	  97.53767	 97.524768	 97.512374	 97.500475	 97.489061	 97.478121	 97.467641	 97.457611	 97.448018	  97.43885	 97.430094	 97.421738	  97.41377	 97.406178	 97.398949	  97.39207	 97.385531	 97.379318	 97.373419	 97.367824	 97.362519	 97.357495	 97.352739	 97.348241	  97.34399	 97.339974	 97.336185	 97.332612	 97.329244	 97.326073	  97.32309	 97.320285	 97.317649	 97.315174	 97.312853	 97.310677	 97.308638	  97.30673	 97.304945	 97.303276	 97.301718	 97.300263	 97.298907	 97.297643	 97.296466	 97.295371	 97.294352	 97.293406	 97.292527	 97.291712	 97.290956	 97.290256	 97.289608	 97.289008	 97.288454	 97.287942	  97.28747	 97.287034	 97.286633	 97.286263	 97.285922	 97.285609	 97.285322	 97.285058	 97.284815	 97.284593	  97.28439	 97.284203	 97.284033	 97.283877	 97.283735	 97.283605	 97.283486	 97.283378	  97.28328	  97.28319	 97.283109	 97.283035	 97.282968	 97.282907	 97.282851	 97.282801	 97.282756	 97.282715	 97.282678	 97.282644	 97.282614	 97.282587	 97.282562	  97.28254	  97.28252	 97.282502	 97.282486	 97.282471	 97.282458	 97.282447	 97.282436	 97.282427	 97.282419	 97.282411	 97.282404	 97.282399	 97.282393	 97.282388	 97.282384	  97.28238	 97.282377	 97.282374	 97.282372	 97.282369	 97.282367	 97.282365	 97.282364	 97.282362	 97.282361	  97.28236	 97.282359	 97.282358	 97.282357	 97.282356	 97.282356	 97.282355	 97.282355	 97.282354	 97.282354	 97.282354	 97.282353	 97.282353	 97.282353	 97.282353	 97.282353	 97.282353	 97.282352	 97.282352	 97.282352	 97.282352	 97.282352	 97.282352	 97.282352	 97.282352	 97.282352	 97.282352	 97.282352	 97.282352	 97.282352	 97.282352	 97.282352	
        99	 98.925336	 98.850728	  98.77623	 98.701898	 98.627787	 98.553951	 98.480443	 98.407316	 98.334622	 98.262413	 98.190738	 98.119647	 98.049186	 97.979402	 97.910341	 97.842045	 97.774555	 97.707913	 97.642155	 97.577319	  97.51344	 97.450549	 97.388677	 97.327854	 97.268105	 97.209455	 97.151927	 97.095542	 97.040317	 96.986269	 96.933412	 96.881758	 96.831318	 96.782099	 96.734107	 96.687347	  96.64182	 96.597528	 96.554468	 96.512638	 96.472032	 96.432644	 96.394466	 96.357487	 96.321698	 96.287085	 96.253635	 96.221332	  96.19016	 96.160102	  96.13114	 96.103255	 96.076425	 96.050632	 96.025852	 96.002064	 95.979245	 95.957372	  95.93642	 95.916367	 95.897188	 95.878858	 95.861353	 95.844648	 95.828719	  95.81354	 95.799086	 95.785335	  95.77226	 95.759839	 95.748046	 95.736859	 95.726255	  95.71621	 95.706702	 95.697709	 95.689209	 95.681181	 95.673606	 95.666462	 95.659729	  95.65339	 95.647425	 95.641816	 95.636547	   95.6316	 95.626959	 95.622608	 95.618532	 95.614716	 95.611148	 95.607812	 95.604697	 95.601789	 95.599077	  95.59655	 95.594197	 95.592007	 95.589971	 95.588079	 95.586322	 95.584693	 95.583182	 95.581782	 95.580486	 95.579287	 95.578179	 95.577156	 95.576211	  95.57534	 95.574537	 95.573798	 95.573117	 95.572492	 95.571917	 95.571389	 95.570904	  95.57046	 95.570053	 95.569681	  95.56934	 95.569028	 95.568744	 95.568484	 95.568247	 95.568031	 95.567834	 95.567655	 95.567493	 95.567345	  95.56721	 95.567088	 95.566978	 95.566878	 95.566787	 95.566705	 95.566631	 95.566564	 95.566503	 95.566449	 95.566399	 95.566355	 95.566315	 95.566279	 95.566247	 95.566218	 95.566192	 95.566169	 95.566148	 95.566129	 95.566113	 95.566098	 95.566084	 95.566072	 95.566062	 95.566052	 95.566044	 95.566036	  95.56603	 95.566024	 95.566018	 95.566014	  95.56601	 95.566006	 95.566003	    95.566	 95.565997	 95.565995	 95.565993	 95.565991	  95.56599	 95.565988	 95.565987	 95.565986	 95.565985	 95.565984	 95.565984	 95.565983	 95.565982	 95.565982	 95.565982	 95.565981	 95.565981	 95.565981	  95.56598	  95.56598	  95.56598	  95.56598	  95.56598	 95.565979	 95.565979	 95.565979	 95.565979	 95.565979	 95.565979	 95.565979	 95.565979	 95.565979	 95.565979	
        99	 98.888074	  98.77623	 98.664553	 98.553124	 98.442026	  98.33134	 98.221146	 98.111523	  98.00255	 97.894304	 97.786858	 97.680287	 97.574661	  97.47005	 97.366522	 97.264141	  97.16297	 97.063068	 96.964493	 96.867299	 96.771539	 96.677261	 96.584511	 96.493332	 96.403764	 96.315844	 96.229606	  96.14508	 96.062294	 95.981272	 95.902035	 95.824603	 95.748989	 95.675206	 95.603262	 95.533165	 95.464918	  95.39852	 95.333971	 95.271264	 95.210393	 95.151348	 95.094116	 95.038683	 94.985032	 94.933144	    94.883	 94.834575	 94.787847	 94.742788	 94.699372	 94.657569	  94.61735	 94.578684	 94.541537	 94.505877	  94.47167	  94.43888	 94.407473	 94.377412	 94.348661	 94.321183	 94.294942	   94.2699	  94.24602	 94.223265	 94.201599	 94.180984	 94.161385	 94.142764	 94.125086	 94.108316	 94.092419	 94.077361	 94.063108	 94.049626	 94.036885	 94.024851	 94.013495	 94.002785	 93.992693	  93.98319	 93.974248	  93.96584	 93.957941	 93.950525	 93.943567	 93.937045	 93.930935	 93.925215	 93.919865	 93.914865	 93.910195	 93.905836	 93.901771	 93.897983	 93.894455	 93.891172	  93.88812	 93.885284	  93.88265	 93.880207	 93.877942	 93.875844	 93.873901	 93.872105	 93.870444	  93.86891	 93.867493	 93.866187	 93.864984	 93.863875	 93.862855	 93.861917	 93.861055	 93.860264	 93.859538	 93.858872	 93.858262	 93.857703	 93.857192	 93.856725	 93.856299	 93.855909	 93.855554	  93.85523	 93.854936	 93.854667	 93.854423	 93.854201	    93.854	 93.853817	 93.853652	 93.853501	 93.853365	 93.853242	 93.853131	 93.853031	  93.85294	 93.852858	 93.852785	 93.852718	 93.852658	 93.852605	 93.852556	 93.852513	 93.852474	 93.852439	 93.852408	  93.85238	 93.852355	 93.852332	 93.852312	 93.852294	 93.852278	 93.852264	 93.852252	  93.85224	  93.85223	 93.852221	 93.852213	 93.852206	   93.8522	 93.852195	  93.85219	 93.852185	 93.852182	 93.852178	 93.852175	 93.852173	  93.85217	 93.852168	 93.852166	 93.852165	 93.852163	 93.852162	 93.852161	  93.85216	 93.852159	 93.852159	 93.852158	 93.852158	 93.852157	 93.852157	 93.852156	 93.852156	 93.852156	 93.852155	 93.852155	 93.852155	 93.852155	 93.852155	 93.852155	 93.852155	 93.852155	 93.852154	 93.852154	 93.852154	 93.852154	
        99	 98.850894	 98.701898	 98.553124	 98.404681	 98.256679	 98.109225	 97.962426	  97.81639	 97.671218	 97.527014	 97.383877	 97.241905	 97.101192	 96.961832	 96.823914	 96.687524	 96.552745	 96.419658	 96.288338	 96.158859	 96.031289	 95.905694	 95.782134	 95.660667	 95.541347	 95.424222	 95.309337	 95.196733	 95.086447	 94.978512	 94.872955	   94.7698	 94.669069	 94.570776	 94.474935	 94.381553	 94.290636	 94.202182	  94.11619	 94.032654	 93.951563	 93.872904	  93.79666	 93.722813	 93.651341	 93.582218	 93.515416	 93.450906	 93.388655	 93.328629	 93.270791	 93.215102	 93.161523	 93.110013	 93.060526	 93.013021	  92.96745	 92.923769	 92.881929	 92.841882	  92.80358	 92.766975	 92.732017	 92.698657	 92.666844	 92.636531	 92.607668	 92.580206	 92.554095	 92.529289	 92.505739	 92.483398	 92.462221	  92.44216	 92.423173	 92.405213	 92.388239	 92.372208	 92.357079	 92.342812	 92.329367	 92.316707	 92.304795	 92.293595	 92.283071	 92.273192	 92.263923	 92.255234	 92.247094	 92.239475	 92.232348	 92.225687	 92.219465	 92.213658	 92.208243	 92.203196	 92.198497	 92.194124	 92.190057	 92.186279	 92.182771	 92.179516	 92.176499	 92.173704	 92.171116	 92.168722	 92.166509	 92.164466	 92.162579	 92.160839	 92.159236	 92.157759	   92.1564	 92.155151	 92.154002	 92.152948	 92.151981	 92.151094	 92.150281	 92.149537	 92.148856	 92.148234	 92.147666	 92.147147	 92.146674	 92.146243	  92.14585	 92.145492	 92.145167	 92.144872	 92.144603	  92.14436	 92.144139	 92.143939	 92.143758	 92.143594	 92.143446	 92.143312	 92.143192	 92.143083	 92.142984	 92.142896	 92.142816	 92.142745	  92.14268	 92.142623	 92.142571	 92.142524	 92.142482	 92.142445	 92.142412	 92.142382	 92.142355	 92.142331	  92.14231	 92.142291	 92.142274	 92.142259	 92.142246	 92.142234	 92.142223	 92.142214	 92.142206	 92.142198	 92.142192	 92.142186	 92.142181	 92.142177	 92.142173	 92.142169	 92.142166	 92.142163	 92.142161	 92.142159	 92.142157	 92.142155	 92.142154	 92.142153	 92.142151	 92.142151	  92.14215	 92.142149	 92.142148	 92.142148	 92.142147	 92.142147	 92.142146	 92.142146	 92.142146	 92.142146	 92.142145	 92.142145	 92.142145	 92.142145	 92.142145	 92.142145	 92.142145	 92.142145	 92.142145	
        99	 98.813824	 98.627787	 98.442026	 98.256679	 98.071881	 97.887768	 97.704475	 97.522131	 97.340869	 97.160814	 96.982091	 96.804823	 96.629128	 96.455122	 96.282916	 96.112618	 95.944332	 95.778158	  95.61419	 95.452521	 95.293236	 95.136416	 94.982138	 94.830474	 94.681489	 94.535245	 94.391799	 94.251201	 94.113496	 93.978727	 93.846927	 93.718127	 93.592353	 93.469624	 93.349956	 93.233358	 93.119837	 93.009393	 92.902023	 92.797719	 92.696467	 92.598253	 92.503054	 92.410848	 92.321607	 92.235299	  92.15189	 92.071342	 91.993615	 91.918665	 91.846448	 91.776915	 91.710016	 91.645699	  91.58391	 91.524594	 91.467694	 91.413153	 91.360911	 91.310908	 91.263084	 91.217379	 91.173729	 91.132075	 91.092354	 91.054505	 91.018466	 90.984176	 90.951574	 90.920601	 90.891196	 90.863302	 90.836859	 90.811811	 90.788103	 90.765679	 90.744484	 90.724468	 90.705578	 90.687763	 90.670977	 90.655169	 90.640296	 90.626311	 90.613171	 90.600835	 90.589262	 90.578413	  90.56825	 90.558736	 90.549838	  90.54152	 90.533752	 90.526501	  90.51974	 90.513438	  90.50757	  90.50211	 90.497033	 90.492315	 90.487935	 90.483871	 90.480104	 90.476613	 90.473382	 90.470393	 90.467631	 90.465079	 90.462723	 90.460551	 90.458549	 90.456705	 90.455008	 90.453448	 90.452014	 90.450698	  90.44949	 90.448382	 90.447368	 90.446439	 90.445589	 90.444812	 90.444102	 90.443455	 90.442864	 90.442325	 90.441835	 90.441388	 90.440982	 90.440614	 90.440279	 90.439975	 90.439699	 90.439449	 90.439223	 90.439019	 90.438834	 90.438667	 90.438516	  90.43838	 90.438257	 90.438147	 90.438047	 90.437958	 90.437877	 90.437805	  90.43774	 90.437682	  90.43763	 90.437584	 90.437542	 90.437505	 90.437471	 90.437442	 90.437415	 90.437391	  90.43737	 90.437352	 90.437335	  90.43732	 90.437307	 90.437295	 90.437285	 90.437276	 90.437268	  90.43726	 90.437254	 90.437248	 90.437243	 90.437239	 90.437235	 90.437232	 90.437229	 90.437226	 90.437224	 90.437222	  90.43722	 90.437218	 90.437217	 90.437216	 90.437215	 90.437214	 90.437213	 90.437212	 90.437212	 90.437211	 90.437211	  90.43721	  90.43721	  90.43721	  90.43721	 90.437209	 90.437209	 90.437209	 90.437209	 90.437209	 90.437209	 90.437209	 90.437209	
        99	 98.776893	 98.553951	  98.33134	 98.109225	 97.887768	 97.667133	 97.447479	 97.228964	 97.011744	 96.795971	 96.581795	 96.369362	 96.158815	  95.95029	 95.743923	 95.539843	 95.338174	 95.139035	 94.942542	 94.748802	 94.557919	  94.36999	 94.185108	 94.003358	 93.824818	 93.649564	 93.477662	 93.309173	 93.144152	 92.982648	 92.824703	 92.670353	 92.519629	 92.372554	 92.229147	  92.08942	 91.953379	 91.821027	 91.692357	 91.567362	 91.446025	 91.328327	 91.214244	 91.103747	 90.996803	 90.893374	 90.793419	 90.696892	 90.603746	 90.513929	 90.427386	 90.344059	 90.263889	 90.186814	 90.112768	 90.041685	 89.973498	 89.908137	 89.845531	  89.78561	 89.728299	 89.673527	 89.621219	 89.571302	 89.523701	 89.478344	 89.435156	 89.394063	 89.354995	 89.317877	 89.282639	 89.249211	 89.217523	 89.187507	 89.159095	 89.132222	 89.106824	 89.082837	 89.060199	 89.038851	 89.018734	 88.999791	 88.981967	 88.965208	 88.949462	 88.934679	  88.92081	 88.907808	 88.895629	 88.884228	 88.873564	 88.863597	 88.854288	 88.845599	 88.837496	 88.829945	 88.822913	 88.816369	 88.810285	 88.804631	 88.799382	 88.794512	 88.789997	 88.785815	 88.781943	 88.778361	  88.77505	 88.771992	 88.769169	 88.766566	 88.764167	 88.761957	 88.759924	 88.758054	 88.756336	 88.754758	 88.753311	 88.751983	 88.750767	 88.749654	 88.748636	 88.747705	 88.746854	 88.746078	  88.74537	 88.744725	 88.744137	 88.743602	 88.743116	 88.742674	 88.742272	 88.741908	 88.741578	 88.741278	 88.741007	 88.740762	 88.740541	  88.74034	  88.74016	 88.739997	  88.73985	 88.739717	 88.739598	 88.739491	 88.739395	 88.739308	  88.73923	 88.739161	 88.739099	 88.739043	 88.738993	 88.738948	 88.738908	 88.738872	 88.738841	 88.738812	 88.738787	 88.738765	 88.738745	 88.738727	 88.738711	 88.738697	 88.738685	 88.738674	 88.738664	 88.738655	 88.738648	 88.738641	 88.738635	  88.73863	 88.738625	 88.738621	 88.738617	 88.738614	 88.738611	 88.738609	 88.738607	 88.738605	 88.738603	 88.738602	 88.738601	   88.7386	 88.738599	 88.738598	 88.738597	 88.738596	 88.738596	 88.738595	 88.738595	 88.738595	 88.738594	 88.738594	 88.738594	 88.738594	 88.738594	 88.738593	 88.738593	 88.738593	 88.738593	
        99	 98.740125	 98.480443	 98.221146	 97.962426	 97.704475	 97.447479	 97.191626	 96.937101	 96.684083	 96.432751	 96.183279	 95.935838	 95.690592	 95.447703	 95.207328	 94.969615	 94.734711	 94.502755	  94.27388	 94.048212	 93.825872	 93.606973	 93.391623	  93.17992	 92.971958	 92.767822	 92.567591	 92.371335	 92.179119	    91.991	 91.807025	 91.627239	 91.451675	 91.280363	 91.113323	 90.950569	 90.792109	 90.637945	 90.488071	 90.342476	 90.201143	 90.064049	 89.931166	 89.802459	  89.67789	 89.557416	 89.440989	 89.328555	 89.220059	  89.11544	 89.014634	 88.917576	 88.824194	 88.734416	 88.648168	 88.565371	 88.485947	 88.409814	 88.336891	 88.267095	 88.200339	 88.136541	 88.075613	 88.017469	 87.962024	 87.909192	 87.858886	 87.811022	 87.765515	  87.72228	 87.681236	 87.642298	 87.605388	 87.570425	 87.537332	  87.50603	 87.476446	 87.448506	 87.422138	 87.397272	 87.373839	 87.351775	 87.331013	 87.311492	 87.293151	 87.275932	 87.259777	 87.244633	 87.230447	 87.217167	 87.204746	 87.193136	 87.182292	 87.172172	 87.162734	 87.153938	 87.145747	 87.138125	 87.131038	 87.124453	 87.118339	 87.112666	 87.107407	 87.102535	 87.098025	 87.093853	 87.089997	 87.086434	 87.083147	 87.080114	  87.07732	 87.074746	 87.072378	   87.0702	 87.068198	 87.066361	 87.064675	 87.063129	 87.061712	 87.060416	 87.059229	 87.058145	 87.057154	  87.05625	 87.055426	 87.054674	 87.053989	 87.053366	   87.0528	 87.052285	 87.051817	 87.051393	 87.051008	 87.050659	 87.050344	 87.050058	   87.0498	 87.049567	 87.049356	 87.049166	 87.048995	 87.048841	 87.048702	 87.048577	 87.048465	 87.048364	 87.048274	 87.048193	  87.04812	 87.048055	 87.047997	 87.047945	 87.047899	 87.047857	  87.04782	 87.047787	 87.047758	 87.047731	 87.047708	 87.047687	 87.047669	 87.047653	 87.047638	 87.047625	 87.047614	 87.047604	 87.047595	 87.047587	  87.04758	 87.047574	 87.047569	 87.047564	  87.04756	 87.047556	 87.047553	  87.04755	 87.047548	 87.047545	 87.047544	 87.047542	  87.04754	 87.047539	 87.047538	 87.047537	 87.047536	 87.047535	 87.047535	 87.047534	 87.047534	 87.047533	 87.047533	 87.047533	 87.047532	 87.047532	 87.047532	 87.047532	 87.047532	 87.047532	 87.047532	
        99	 98.703548	 98.407316	 98.111523	  97.81639	 97.522131	 97.228964	 96.937101	 96.646751	 96.358121	 96.071415	  95.78683	 95.504562	 95.224798	 94.947723	 94.673515	 94.402345	 94.134379	 93.869775	 93.608686	 93.351255	 93.097621	 92.847913	 92.602252	 92.360753	  92.12352	 91.890653	 91.662239	 91.438361	 91.219091	 91.004494	 90.794626	 90.589534	 90.389261	 90.193836	 90.003285	 89.817624	 89.636861	 89.460999	  89.29003	 89.123943	 88.962718	 88.806328	 88.654742	  88.50792	 88.365818	 88.228388	 88.095573	 87.967314	 87.843547	 87.724203	  87.60921	  87.49849	 87.391965	 87.289551	 87.191163	 87.096713	  87.00611	 86.919262	 86.836076	 86.756455	 86.680304	 86.607526	 86.538022	 86.471695	 86.408447	 86.348178	 86.290792	 86.236191	 86.184279	 86.134959	 86.088137	  86.04372	 86.001615	 85.961731	 85.923979	 85.888272	 85.854524	 85.822651	 85.792572	 85.764206	 85.737476	 85.712305	 85.688621	 85.666353	 85.645431	 85.625788	  85.60736	 85.590084	 85.573901	 85.558752	 85.544583	 85.531339	 85.518969	 85.507424	 85.496657	 85.486623	  85.47728	 85.468585	   85.4605	 85.452988	 85.446014	 85.439543	 85.433544	 85.427986	 85.422841	 85.418082	 85.413682	 85.409619	 85.405868	 85.402409	 85.399221	 85.396285	 85.393584	 85.391099	 85.388816	  85.38672	 85.384796	 85.383033	 85.381417	 85.379938	 85.378585	 85.377348	 85.376218	 85.375186	 85.374246	 85.373388	 85.372607	 85.371896	  85.37125	 85.370663	 85.370129	 85.369645	 85.369206	 85.368809	 85.368449	 85.368123	 85.367828	 85.367562	 85.367322	 85.367105	  85.36691	 85.366734	 85.366576	 85.366434	 85.366306	 85.366191	 85.366088	 85.365995	 85.365912	 85.365838	 85.365772	 85.365712	 85.365659	 85.365612	  85.36557	 85.365532	 85.365498	 85.365468	 85.365442	 85.365418	 85.365397	 85.365379	 85.365362	 85.365348	 85.365335	 85.365323	 85.365313	 85.365304	 85.365296	 85.365289	 85.365283	 85.365278	 85.365273	 85.365269	 85.365265	 85.365262	 85.365259	 85.365256	 85.365254	 85.365252	 85.365251	 85.365249	 85.365248	 85.365247	 85.365246	 85.365245	 85.365244	 85.365244	 85.365243	 85.365243	 85.365242	 85.365242	 85.365242	 85.365241	 85.365241	 85.365241	 85.365241	 85.365241	 85.365241	
        99	 98.667187	 98.334622	  98.00255	 97.671218	 97.340869	 97.011744	 96.684083	 96.358121	 96.034091	  95.71222	  95.39273	 95.075841	 94.761764	 94.450706	 94.142865	 93.838436	 93.537603	 93.240545	 92.947433	 92.658429	 92.373686	 92.093351	 91.817559	 91.546439	  91.28011	 91.018681	 90.762252	 90.510915	 90.264751	 90.023833	 89.788224	 89.557978	 89.333141	 89.113747	 88.899825	 88.691392	 88.488459	 88.291026	 88.099088	  87.91263	  87.73163	 87.556059	  87.38588	 87.221051	  87.06152	 86.907234	 86.758129	 86.614139	 86.475192	  86.34121	 86.212113	 86.087813	 85.968223	 85.853248	 85.742792	 85.636757	 85.535042	 85.437542	 85.344153	 85.254766	 85.169275	 85.087571	 85.009542	  84.93508	 84.864074	 84.796414	 84.731989	 84.670691	 84.612412	 84.557043	 84.504478	 84.454613	 84.407343	 84.362568	 84.320186	 84.280099	 84.242212	  84.20643	 84.172661	 84.140816	 84.110807	  84.08255	 84.055961	 84.030961	 84.007473	 83.985421	 83.964732	 83.945338	  83.92717	 83.910163	 83.894256	 83.879387	   83.8655	  83.85254	 83.840452	 83.829188	 83.818698	 83.808937	 83.799861	 83.791427	 83.783597	 83.776333	 83.769598	 83.763358	 83.757582	 83.752239	 83.747301	 83.742739	 83.738528	 83.734645	 83.731066	  83.72777	 83.724737	 83.721947	 83.719384	 83.717031	 83.714872	 83.712892	 83.711078	 83.709417	 83.707898	 83.706509	 83.705241	 83.704083	 83.703027	 83.702064	 83.701187	 83.700389	 83.699664	 83.699004	 83.698405	 83.697862	 83.697369	 83.696923	 83.696519	 83.696153	 83.695822	 83.695524	 83.695254	 83.695011	 83.694792	 83.694594	 83.694416	 83.694257	 83.694113	 83.693984	 83.693868	 83.693764	 83.693671	 83.693588	 83.693513	 83.693447	 83.693387	 83.693334	 83.693287	 83.693244	 83.693207	 83.693173	 83.693143	 83.693117	 83.693093	 83.693072	 83.693054	 83.693037	 83.693023	  83.69301	 83.692999	 83.692988	  83.69298	 83.692972	 83.692965	 83.692959	 83.692953	 83.692949	 83.692945	 83.692941	 83.692938	 83.692935	 83.692932	  83.69293	 83.692928	 83.692927	 83.692925	 83.692924	 83.692923	 83.692922	 83.692921	 83.692921	  83.69292	 83.692919	 83.692919	 83.692919	 83.692918	 83.692918	 83.692918	 83.692918	 83.692918	 83.692918	 83.692917	
        99	 98.631069	 98.262413	 97.894304	 97.527014	 97.160814	 96.795971	 96.432751	 96.071415	  95.71222	 95.355418	 95.001256	 94.649977	 94.301816	    93.957	 93.615751	 93.278284	 92.944804	 92.615508	 92.290586	 91.970218	 91.654574	 91.343816	 91.038094	 90.737552	  90.44232	 90.152519	 89.868262	 89.589649	  89.31677	 89.049707	 88.788529	 88.533296	 88.284058	 88.040855	 87.803717	 87.572664	 87.347708	 87.128849	 86.916082	 86.709389	 86.508746	 86.314121	 86.125474	 85.942756	 85.765913	 85.594883	 85.429596	  85.26998	 85.115954	 84.967432	 84.824325	 84.686536	 84.553967	 84.426514	 84.304072	  84.18653	 84.073776	 83.965695	  83.86217	 83.763084	 83.668315	 83.577743	 83.491247	 83.408704	 83.329992	 83.254989	 83.183573	 83.115623	 83.051018	 82.989641	 82.931372	 82.876095	 82.823695	  82.77406	 82.727079	 82.682642	 82.640643	 82.600978	 82.563545	 82.528244	 82.494978	 82.463654	  82.43418	 82.406467	 82.380429	 82.355984	 82.333051	 82.311551	 82.291412	  82.27256	 82.254926	 82.238444	 82.223049	 82.208682	 82.195283	 82.182796	 82.171168	 82.160348	 82.150286	 82.140938	 82.132258	 82.124205	 82.116739	 82.109823	  82.10342	 82.097497	 82.092022	 82.086965	 82.082298	 82.077993	 82.074026	 82.070372	 82.067009	 82.063917	 82.061076	 82.058467	 82.056074	 82.053879	 82.051868	 82.050028	 82.048344	 82.046804	 82.045398	 82.044114	 82.042944	 82.041876	 82.040904	  82.04002	 82.039216	 82.038485	 82.037821	 82.037218	 82.036672	 82.036177	 82.035729	 82.035324	 82.034957	 82.034626	 82.034327	 82.034058	 82.033815	 82.033596	 82.033399	 82.033222	 82.033062	 82.032919	 82.032791	 82.032676	 82.032573	  82.03248	 82.032398	 82.032324	 82.032258	 82.032199	 82.032146	 82.032099	 82.032058	 82.032021	 82.031987	 82.031958	 82.031932	 82.031909	 82.031888	  82.03187	 82.031854	  82.03184	 82.031827	 82.031816	 82.031806	 82.031797	  82.03179	 82.031783	 82.031777	 82.031772	 82.031767	 82.031763	  82.03176	 82.031757	 82.031754	 82.031751	 82.031749	 82.031748	 82.031746	 82.031745	 82.031743	 82.031742	 82.031741	 82.031741	  82.03174	 82.031739	 82.031739	 82.031739	 82.031738	 82.031738	 82.031738	 82.031737	 82.031737	 82.031737	 82.031737	
        99	 98.595219	 98.190738	 97.786858	 97.383877	 96.982091	 96.581795	 96.183279	  95.78683	  95.39273	 95.001256	  94.61268	 94.227265	 93.845271	 93.466948	 93.092538	 92.722278	 92.356392	 91.995097	 91.638601	 91.287101	 90.940785	 90.599828	 90.264399	 89.934651	 89.610729	 89.292768	 88.980888	   88.6752	 88.375805	  88.08279	 87.796232	 87.516197	 87.242739	 86.975903	 86.715721	 86.462216	   86.2154	 85.975274	  85.74183	 85.515052	 85.294912	 85.081375	 84.874395	 84.673922	 84.479894	 84.292244	 84.110896	  83.93577	 83.766776	 83.603822	 83.446807	 83.295629	 83.150178	  83.01034	 82.875999	 82.747035	 82.623324	  82.50474	 82.391156	 82.282441	 82.178463	  82.07909	 81.984188	 81.893624	 81.807263	 81.724972	 81.646616	 81.572063	 81.501181	 81.433839	 81.369907	 81.309259	 81.251767	 81.197309	 81.145762	 81.097008	 81.050927	 81.007408	 80.966337	 80.927605	 80.891107	 80.856739	 80.824401	 80.793995	 80.765427	 80.738606	 80.713444	 80.689856	 80.667759	 80.647075	 80.627728	 80.609644	 80.592754	  80.57699	 80.562289	 80.548589	 80.535831	 80.523959	  80.51292	 80.502663	  80.49314	 80.484304	 80.476113	 80.468524	 80.461499	 80.455001	 80.448994	 80.443446	 80.438325	 80.433602	 80.429249	  80.42524	 80.421551	 80.418158	 80.415041	 80.412179	 80.409553	 80.407145	 80.404938	 80.402919	 80.401071	 80.399382	 80.397839	 80.396431	 80.395146	 80.393975	 80.392909	 80.391939	 80.391056	 80.390254	 80.389526	 80.388865	 80.388266	 80.387723	 80.387231	 80.386786	 80.386384	 80.386021	 80.385693	 80.385397	  80.38513	  80.38489	 80.384674	  80.38448	 80.384305	 80.384148	 80.384007	 80.383881	 80.383768	 80.383666	 80.383576	 80.383495	 80.383422	 80.383358	   80.3833	 80.383248	 80.383203	 80.383162	 80.383126	 80.383093	 80.383065	 80.383039	 80.383017	 80.382997	 80.382979	 80.382963	  80.38295	 80.382937	 80.382927	 80.382917	 80.382909	 80.382901	 80.382895	 80.382889	 80.382884	  80.38288	 80.382876	 80.382872	 80.382869	 80.382867	 80.382864	 80.382862	 80.382861	 80.382859	 80.382858	 80.382857	 80.382856	 80.382855	 80.382854	 80.382853	 80.382853	 80.382852	 80.382852	 80.382852	 80.382852	 80.382851	 80.382851	 80.382851	 80.382851	
        99	  98.55966	 98.119647	 97.680287	 97.241905	 96.804823	 96.369362	 95.935838	 95.504562	 95.075841	 94.649977	 94.227265	 93.807993	 93.392441	 92.980883	 92.573583	 92.170796	 91.772768	 91.379735	 90.991921	 90.609543	 90.232804	 89.861895	 89.496999	 89.138284	 88.785907	 88.440013	 88.100735	 87.768194	 87.442497	 87.123742	  86.81201	 86.507375	 86.209895	 85.919618	  85.63658	 85.360805	 85.092306	 84.831085	 84.577135	 84.330435	 84.090956	  83.85866	 83.633498	 83.415414	 83.204341	 83.000206	 82.802928	 82.612416	 82.428577	 82.251308	   82.0805	 81.916041	 81.757812	  81.60569	 81.459548	 81.319255	 81.184676	 81.055675	 80.932113	 80.813847	 80.700735	 80.592632	 80.489394	 80.390874	 80.296926	 80.207406	 80.122167	 80.041064	 79.963955	 79.890697	  79.82115	 79.755173	 79.692632	  79.63339	 79.577314	 79.524277	 79.474148	 79.426806	 79.382127	 79.339993	 79.300288	 79.262901	 79.227722	 79.194645	 79.163568	 79.134391	 79.107018	 79.081358	  79.05732	 79.034819	 79.013772	 78.994099	 78.975726	 78.958577	 78.942585	 78.927681	 78.913802	 78.900887	 78.888879	 78.877721	 78.867361	 78.857749	 78.848838	 78.840583	 78.832941	 78.825871	 78.819337	 78.813301	  78.80773	 78.802592	 78.797857	 78.793496	 78.789483	 78.785792	 78.782401	 78.779287	  78.77643	 78.773811	 78.771411	 78.769214	 78.767204	 78.765367	 78.763688	 78.762156	 78.760759	 78.759485	 78.758325	 78.757269	 78.756309	 78.755437	 78.754644	 78.753925	 78.753273	 78.752683	 78.752148	 78.751664	 78.751227	 78.750831	 78.750475	 78.750153	 78.749863	 78.749602	 78.749366	 78.749155	 78.748965	 78.748794	 78.748641	 78.748504	  78.74838	  78.74827	 78.748172	 78.748083	 78.748005	 78.747934	 78.747872	 78.747816	 78.747766	 78.747721	 78.747682	 78.747647	 78.747616	 78.747588	 78.747564	 78.747542	 78.747523	 78.747506	  78.74749	 78.747477	 78.747465	 78.747455	 78.747446	 78.747438	 78.747431	 78.747425	 78.747419	 78.747414	  78.74741	 78.747406	 78.747403	   78.7474	 78.747398	 78.747396	 78.747394	 78.747392	 78.747391	 78.747389	 78.747388	 78.747387	 78.747387	 78.747386	 78.747385	 78.747385	 78.747384	 78.747384	 78.747384	 78.747384	 78.747383	 78.747383	 78.747383	
        99	 98.524416	 98.049186	 97.574661	 97.101192	 96.629128	 96.158815	 95.690592	 95.224798	 94.761764	 94.301816	 93.845271	 93.392441	  92.94363	 92.499133	 92.059234	 91.624209	 91.194324	 90.769833	 90.350981	 89.937998	 89.531106	 89.130511	 88.736409	 88.348984	 87.968403	 87.594825	 87.228393	 86.869236	 86.517472	 86.173204	 85.836523	 85.507506	 85.186216	 84.872706	 84.567015	 84.269167	 83.979179	 83.697051	 83.422775	  83.15633	 82.897684	 82.646796	 82.403613	 82.168074	 81.940108	 81.719634	 81.506566	 81.300807	 81.102254	 80.910796	 80.726318	 80.548696	 80.377803	 80.213506	 80.055667	 79.904145	 79.758795	 79.619469	 79.486017	 79.358286	 79.236121	 79.119366	 79.007865	 78.901459	 78.799993	 78.703307	 78.611246	 78.523652	 78.440372	  78.36125	 78.286136	  78.21488	 78.147332	 78.083349	 78.022785	 77.965502	 77.911362	  77.86023	 77.811975	 77.766469	 77.723587	 77.683207	 77.645213	 77.609488	 77.575924	 77.544412	 77.514848	 77.487134	 77.461172	  77.43687	 77.414139	 77.392892	 77.373047	 77.354527	 77.337254	 77.321157	 77.306168	 77.292219	 77.279249	 77.267198	 77.256009	 77.245628	 77.236004	 77.227088	 77.218834	 77.211199	 77.204142	 77.197623	 77.191606	 77.186057	 77.180943	 77.176233	 77.171898	 77.167912	  77.16425	 77.160887	 77.157801	 77.154972	  77.15238	 77.150007	 77.147836	 77.145852	 77.144039	 77.142384	 77.140875	 77.139499	 77.138247	 77.137106	 77.136069	 77.135127	 77.134271	 77.133495	 77.132791	 77.132153	 77.131575	 77.131053	  77.13058	 77.130153	 77.129768	 77.129421	 77.129107	 77.128825	 77.128571	 77.128343	 77.128137	 77.127953	 77.127788	 77.127639	 77.127506	 77.127387	 77.127281	 77.127185	   77.1271	 77.127024	 77.126957	 77.126896	 77.126842	 77.126794	 77.126752	 77.126714	  77.12668	  77.12665	 77.126624	   77.1266	  77.12658	 77.126561	 77.126545	 77.126531	 77.126518	 77.126507	 77.126497	 77.126488	 77.126481	 77.126474	 77.126468	 77.126463	 77.126458	 77.126454	 77.126451	 77.126448	 77.126445	 77.126443	 77.126441	 77.126439	 77.126437	 77.126436	 77.126435	 77.126434	 77.126433	 77.126432	 77.126431	 77.126431	  77.12643	  77.12643	  77.12643	  77.12643	 77.126429	 77.126429	 77.126429	
        99	 98.489512	 97.979402	  97.47005	 96.961832	 96.455122	  95.95029	 95.447703	 94.947723	 94.450706	    93.957	 93.466948	 92.980883	 92.499133	 92.022012	 91.549827	 91.082874	 90.621439	 90.165793	   89.7162	 89.272907	 88.836151	 88.406155	 87.983129	 87.567269	 87.158757	 86.757761	 86.364434	 85.978918	 85.601337	 85.231802	  84.87041	 84.517245	 84.172375	 83.835856	 83.507728	 83.188021	  82.87675	 82.573916	 82.279509	 81.993509	  81.71588	 81.446578	 81.185547	 80.932721	 80.688024	 80.451369	 80.222663	 80.001803	 79.788677	 79.583168	  79.38515	 79.194492	 79.011056	 78.834701	 78.665277	 78.502635	 78.346617	 78.197066	 78.053819	 77.916713	 77.785582	 77.660258	 77.540573	 77.426359	 77.317445	 77.213663	 77.114845	 77.020823	  76.93143	 76.846502	 76.765875	 76.689389	 76.616884	 76.548204	 76.483196	 76.421709	 76.363595	  76.30871	 76.256914	 76.208068	 76.162038	 76.118695	 76.077912	 76.039566	 76.003538	 75.969713	  75.93798	 75.908231	 75.880364	 75.854278	 75.829878	 75.807072	 75.785771	 75.765891	 75.747351	 75.730073	 75.713983	 75.699011	 75.685089	 75.672154	 75.660143	    75.649	  75.63867	 75.629099	  75.62024	 75.612045	 75.604469	 75.597472	 75.591013	 75.585057	 75.579567	 75.574512	 75.569859	 75.565581	 75.561649	  75.55804	 75.554727	 75.551691	 75.548909	 75.546361	 75.544031	 75.541901	 75.539955	 75.538179	 75.536559	 75.535083	 75.533738	 75.532514	 75.531401	 75.530389	 75.529471	 75.528637	 75.527881	 75.527197	 75.526577	 75.526016	 75.525509	 75.525051	 75.524637	 75.524264	 75.523928	 75.523625	 75.523352	 75.523107	 75.522887	 75.522689	 75.522511	 75.522352	 75.522209	 75.522081	 75.521967	 75.521865	 75.521773	 75.521692	 75.521619	 75.521554	 75.521496	 75.521445	 75.521399	 75.521359	 75.521322	  75.52129	 75.521262	 75.521237	 75.521215	 75.521195	 75.521177	 75.521162	 75.521148	 75.521136	 75.521126	 75.521116	 75.521108	 75.521101	 75.521095	 75.521089	 75.521084	  75.52108	 75.521076	 75.521073	  75.52107	 75.521067	 75.521065	 75.521063	 75.521062	  75.52106	 75.521059	 75.521058	 75.521057	 75.521056	 75.521055	 75.521055	 75.521054	 75.521054	 75.521054	 75.521053	 75.521053	 75.521053	 75.521053	
        99	 98.454968	 97.910341	 97.366522	 96.823914	 96.282916	 95.743923	 95.207328	 94.673515	 94.142865	 93.615751	 93.092538	 92.573583	 92.059234	 91.549827	 91.045691	  90.54714	  90.05448	 89.568002	 89.087986	 88.614696	 88.148386	 87.689294	 87.237642	 86.793642	 86.357487	 85.929356	 85.509414	 85.097811	 84.694679	 84.300139	 83.914293	  83.53723	 83.169023	 82.809732	 82.459401	  82.11806	 81.785725	 81.462399	 81.148071	 80.842718	 80.546302	 80.258778	 79.980083	 79.710149	 79.448893	 79.196225	 78.952043	 78.716238	  78.48869	 78.269275	 78.057857	 77.854298	  77.65845	  77.47016	 77.289272	 77.115624	 76.949049	 76.789378	 76.636438	 76.490055	  76.35005	 76.216246	 76.088462	 75.966519	 75.850235	 75.739431	 75.633926	 75.533542	   75.4381	 75.347425	 75.261342	  75.17968	 75.102269	 75.028941	 74.959534	 74.893887	  74.83184	 74.773242	  74.71794	 74.665789	 74.616645	 74.570369	 74.526826	 74.485885	 74.447419	 74.411305	 74.377425	 74.345663	  74.31591	 74.288059	 74.262008	 74.237659	 74.214917	 74.193691	 74.173897	 74.155449	 74.138271	 74.122286	 74.107422	 74.093611	 74.080788	 74.068891	 74.057861	 74.047643	 74.038184	 74.029434	 74.021346	 74.013875	  74.00698	  74.00062	 73.994759	 73.989362	 73.984394	 73.979826	 73.975629	 73.971775	 73.968239	 73.964996	 73.962026	 73.959306	 73.956819	 73.954544	 73.952467	 73.950571	 73.948841	 73.947264	 73.945829	 73.944522	 73.943333	 73.942254	 73.941273	 73.940383	 73.939576	 73.938845	 73.938183	 73.937584	 73.937043	 73.936554	 73.936112	 73.935714	 73.935355	 73.935031	  73.93474	 73.934478	 73.934243	 73.934032	 73.933842	 73.933672	  73.93352	 73.933383	 73.933261	 73.933152	 73.933055	 73.932968	  73.93289	 73.932821	 73.932759	 73.932704	 73.932655	 73.932612	 73.932573	 73.932539	 73.932509	 73.932482	 73.932458	 73.932437	 73.932418	 73.932402	 73.932387	 73.932374	 73.932363	 73.932353	 73.932344	 73.932337	  73.93233	 73.932324	 73.932319	 73.932314	  73.93231	 73.932307	 73.932304	 73.932301	 73.932298	 73.932296	 73.932295	 73.932293	 73.932292	 73.932291	  73.93229	 73.932289	 73.932288	 73.932287	 73.932287	 73.932287	 73.932286	 73.932286	 73.932286	 73.932286	 73.932286	
        99	 98.420807	 97.842045	 97.264141	 96.687524	 96.112618	 95.539843	 94.969615	 94.402345	 93.838436	 93.278284	 92.722278	 92.170796	 91.624209	 91.082874	  90.54714	 90.017342	 89.493804	 88.976835	 88.466733	 87.963779	 87.468242	 86.980375	 86.500416	 86.028587	 85.565095	  85.11013	 84.663868	 84.226467	 83.798068	 83.378799	  82.96877	 82.568073	 82.176789	 81.794979	  81.42269	 81.059955	 80.706791	 80.363199	  80.02917	 79.704678	 79.389685	 79.084138	 78.787977	 78.501124	 78.223493	 77.954989	 77.695502	 77.444917	 77.203108	  76.96994	 76.745272	 76.528954	  76.32083	  76.12074	 75.928514	 75.743982	 75.566967	 75.397288	 75.234763	 75.079204	 74.930425	 74.788234	 74.652441	 74.522855	 74.399283	 74.281534	 74.169416	  74.06274	 73.961316	 73.864958	  73.77348	 73.686699	 73.604436	 73.526513	 73.452756	 73.382994	 73.317059	 73.254787	  73.19602	 73.140599	 73.088375	 73.039199	 72.992926	 72.949419	 72.908542	 72.870165	 72.834161	 72.800409	 72.768792	 72.739195	 72.711511	 72.685636	 72.661468	 72.638912	 72.617877	 72.598273	 72.580018	 72.563031	 72.547236	 72.532559	 72.518932	  72.50629	 72.494569	  72.48371	 72.473659	  72.46436	 72.455765	 72.447826	 72.440499	  72.43374	 72.427512	 72.421776	 72.416497	 72.411643	 72.407183	 72.403087	 72.399329	 72.395884	 72.392727	 72.389837	 72.387193	 72.384776	 72.382569	 72.380554	 72.378715	  72.37704	 72.375514	 72.374126	 72.372863	 72.371715	 72.370673	 72.369727	  72.36887	 72.368093	  72.36739	 72.366753	 72.366178	 72.365658	 72.365189	 72.364765	 72.364384	  72.36404	 72.363731	 72.363453	 72.363203	 72.362978	 72.362777	 72.362596	 72.362434	 72.362289	 72.362159	 72.362043	  72.36194	 72.361847	 72.361765	 72.361691	 72.361626	 72.361567	 72.361515	 72.361469	 72.361428	 72.361392	  72.36136	 72.361331	 72.361306	 72.361283	 72.361263	 72.361246	 72.361231	 72.361217	 72.361205	 72.361194	 72.361185	 72.361177	  72.36117	 72.361163	 72.361158	 72.361153	 72.361149	 72.361145	 72.361142	 72.361139	 72.361136	 72.361134	 72.361132	 72.361131	 72.361129	 72.361128	 72.361127	 72.361126	 72.361125	 72.361125	 72.361124	 72.361124	 72.361123	 72.361123	 72.361123	 72.361123	 72.361122	
        99	  98.38705	 97.774555	  97.16297	 96.552745	 95.944332	 95.338174	 94.734711	 94.134379	 93.537603	 92.944804	 92.356392	 91.772768	 91.194324	 90.621439	  90.05448	 89.493804	 88.939752	 88.392653	  87.85282	 87.320552	 86.796134	 86.279832	   85.7719	 85.272571	 84.782065	 84.300584	 83.828312	 83.365417	  82.91205	 82.468345	 82.034418	 81.610368	 81.196278	 80.792215	 80.398228	 80.014351	 79.640603	 79.276986	 78.923489	 78.580084	 78.246732	 77.923378	 77.609954	 77.306383	 77.012571	 76.728417	 76.453807	 76.188617	 75.932714	 75.685957	 75.448194	 75.219268	 74.999015	 74.787262	 74.583833	 74.388546	 74.201214	 74.021646	 73.849648	 73.685023	 73.527572	 73.377094	 73.233387	 73.096248	 72.965474	 72.840862	 72.722209	 72.609316	 72.501981	 72.400006	 72.303196	 72.211358	 72.124301	 72.041836	  71.96378	 71.889951	 71.820174	 71.754273	  71.69208	  71.63343	 71.578162	 71.526119	  71.47715	 71.431107	 71.387848	 71.347234	 71.309132	 71.273412	 71.239952	  71.20863	 71.179333	 71.151949	 71.126373	 71.102503	 71.080241	 71.059495	 71.040176	 71.022199	 71.005483	 70.989951	  70.97553	  70.96215	 70.949746	 70.938255	 70.927617	 70.917777	 70.908681	 70.900279	 70.892525	 70.885373	 70.878781	 70.872711	 70.867124	 70.861987	 70.857267	 70.852933	 70.848956	 70.845309	 70.841969	  70.83891	 70.836113	 70.833555	 70.831219	 70.829086	 70.827141	 70.825368	 70.823753	 70.822283	 70.820947	 70.819732	  70.81863	 70.817629	 70.816721	 70.815899	 70.815155	 70.814481	 70.813872	 70.813322	 70.812826	 70.812378	 70.811974	  70.81161	 70.811283	 70.810988	 70.810724	 70.810486	 70.810273	 70.810082	  70.80991	 70.809757	  70.80962	 70.809497	 70.809387	 70.809289	 70.809202	 70.809124	 70.809055	 70.808993	 70.808938	 70.808889	 70.808846	 70.808807	 70.808773	 70.808743	 70.808716	 70.808693	 70.808672	 70.808653	 70.808637	 70.808622	  70.80861	 70.808598	 70.808589	  70.80858	 70.808572	 70.808566	  70.80856	 70.808555	  70.80855	 70.808546	 70.808543	  70.80854	 70.808537	 70.808535	 70.808533	 70.808531	 70.808529	 70.808528	 70.808527	 70.808526	 70.808525	 70.808525	 70.808524	 70.808523	 70.808523	 70.808523	 70.808523	 70.808522	 70.808522	
