Time step 5:
        99	        99	        99	        99	        99	        99	        99	        99	        99	        99	        99	        99	        99	        99	        99	        99	        99	        99	        99	        99	        99	        99	        99	        99	        99	        99	        99	        99	        99	        99	        99	        99	        99	        99	        99	        99	        99	        99	        99	        99	        99	        99	        99	        99	        99	        99	        99	        99	        99	        99	        99	        99	        99	        99	        99	        99	        99	        99	        99	        99	        99	        99	        99	        99	        99	        99	        99	        99	        99	        99	        99	        99	        99	        99	        99	        99	        99	        99	        99	        99	        99	        99	        99	        99	        99	        99	        99	        99	        99	        99	        99	        99	        99	        99	        99	        99	        99	        99	        99	        99	        99	        99	        99	        99	        99	        99	        99	        99	        99	        99	        99	        99	        99	        99	        99	        99	        99	        99	        99	        99	        99	        99	        99	        99	        99	        99	        99	        99	        99	        99	        99	        99	        99	        99	        99	        99	        99	        99	        99	        99	        99	        99	        99	        99	        99	        99	        99	        99	        99	        99	        99	        99	        99	        99	        99	        99	        99	        99	        99	        99	        99	        99	        99	        99	        99	        99	        99	        99	        99	        99	        99	        99	        99	        99	        99	        99	        99	        99	        99	        99	        99	        99	        99	        99	        99	        99	        99	        99	        99	        99	        99	        99	        99	        99	        99	        99	        99	        99	        99	        99	
        99	 98.873081	 98.746482	 98.620522	 98.495513	  98.37176	 98.249562	 98.129202	 98.010952	 97.895068	 97.781789	 97.671337	 97.563912	 97.459695	 97.358845	 97.261499	 97.167774	  97.07776	 96.991531	 96.909134	 96.830598	 96.755931	  96.68512	 96.618137	 96.554933	 96.495446	 96.439599	 96.387299	 96.338447	 96.292928	 96.250623	 96.211404	 96.175136	 96.141682	 96.110902	 96.082653	 96.056792	 96.033176	 96.011666	 95.992121	 95.974409	 95.958396	 95.943956	 95.930968	 95.919314	 95.908884	 95.899573	 95.891282	 95.883917	 95.877391	 95.871623	 95.866538	 95.862067	 95.858144	 95.854712	 95.851716	 95.849108	 95.846843	 95.844881	 95.843185	 95.841723	 95.840467	 95.839389	 95.838467	  95.83768	  95.83701	 95.836441	 95.835959	 95.835552	 95.835209	  95.83492	 95.834678	 95.834476	 95.834307	 95.834166	  95.83405	 95.833953	 95.833873	 95.833807	 95.833753	 95.833709	 95.833672	 95.833643	 95.833619	 95.833599	 95.833583	  95.83357	  95.83356	 95.833552	 95.833545	  95.83354	 95.833535	 95.833532	 95.833529	 95.833527	 95.833525	 95.833524	 95.833523	 95.833522	 95.833522	 95.833521	 95.833521	  95.83352	  95.83352	  95.83352	  95.83352	  95.83352	  95.83352	  95.83352	  95.83352	  95.83352	  95.83352	 95.833519	 95.833519	 95.833519	 95.833519	 95.833519	 95.833519	 95.833519	 95.833519	 95.833519	 95.833519	 95.833519	 95.833519	 95.833519	 95.833519	 95.833519	 95.833519	 95.833519	 95.833519	 95.833519	 95.833519	 95.833519	 95.833519	 95.833519	 95.833519	 95.833519	 95.833519	 95.833519	 95.833519	 95.833519	 95.833519	 95.833519	 95.833519	 95.833519	 95.833519	 95.833519	 95.833519	 95.833519	 95.833519	 95.833519	 95.833519	 95.833519	 95.833519	 95.833519	 95.833519	 95.833519	 95.833519	 95.833519	 95.833519	 95.833519	 95.833519	 95.833519	 95.833519	 95.833519	 95.833519	 95.833519	 95.833519	 95.833519	 95.833519	 95.833519	 95.833519	 95.833519	 95.833519	 95.833519	 95.833519	 95.833519	 95.833519	 95.833519	 95.833519	 95.833519	 95.833519	 95.833519	 95.833519	 95.833519	 95.833519	 95.833519	 95.833519	 95.833519	 95.833519	 95.833519	 95.833519	 95.833519	 95.833519	 95.833519	 95.833519	 95.833519	 95.833519	 95.833519	 95.833519	
        99	 98.746482	 98.493604	 98.242001	 97.992298	 97.745106	 97.501017	 97.260601	 97.024399	 96.792924	 96.566653	 96.346027	 96.131448	 95.923277	 95.721832	 95.527386	 95.340171	 95.160372	  94.98813	 94.823544	 94.666671	 94.517524	 94.376082	 94.242284	 94.116037	 93.997213	 93.885658	 93.781192	  93.68361	 93.592688	 93.508185	 93.429844	 93.357401	 93.290578	 93.229095	 93.172668	 93.121011	  93.07384	 93.030873	 92.991834	 92.956453	 92.924467	 92.895624	  92.86968	 92.846402	 92.825569	 92.806971	 92.790408	 92.775697	 92.762662	 92.751141	 92.740984	 92.732052	 92.724217	 92.717361	 92.711377	 92.706168	 92.701643	 92.697723	 92.694336	 92.691417	 92.688907	 92.686754	 92.684912	  92.68334	 92.682002	 92.680865	 92.679903	  92.67909	 92.678404	 92.677828	 92.677345	  92.67694	 92.676603	 92.676322	 92.676089	 92.675896	 92.675736	 92.675605	 92.675496	 92.675408	 92.675335	 92.675276	 92.675228	 92.675189	 92.675157	 92.675131	 92.675111	 92.675094	 92.675081	  92.67507	 92.675062	 92.675055	 92.675049	 92.675045	 92.675042	 92.675039	 92.675037	 92.675035	 92.675034	 92.675033	 92.675032	 92.675032	 92.675031	 92.675031	 92.675031	  92.67503	  92.67503	  92.67503	  92.67503	  92.67503	  92.67503	  92.67503	  92.67503	  92.67503	  92.67503	  92.67503	  92.67503	  92.67503	  92.67503	  92.67503	  92.67503	  92.67503	  92.67503	  92.67503	  92.67503	  92.67503	  92.67503	  92.67503	  92.67503	  92.67503	  92.67503	  92.67503	  92.67503	  92.67503	  92.67503	  92.67503	  92.67503	  92.67503	  92.67503	  92.67503	  92.67503	  92.67503	  92.67503	  92.67503	  92.67503	  92.67503	  92.67503	  92.67503	  92.67503	  92.67503	  92.67503	  92.67503	  92.67503	  92.67503	  92.67503	  92.67503	  92.67503	  92.67503	  92.67503	  92.67503	  92.67503	  92.67503	  92.67503	  92.67503	  92.67503	  92.67503	  92.67503	  92.67503	  92.67503	  92.67503	  92.67503	  92.67503	  92.67503	  92.67503	  92.67503	  92.67503	  92.67503	  92.67503	  92.67503	  92.67503	  92.67503	  92.67503	  92.67503	  92.67503	  92.67503	  92.67503	  92.67503	  92.67503	  92.67503	  92.67503	  92.67503	  92.67503	  92.67503	  92.67503	  92.67503	  92.67503	  92.67503	  92.67503	  92.67503	
        99	 98.620522	 98.242001	 97.865389	  97.49162	 97.121611	 96.756246	 96.396378	  96.04282	 95.696336	 95.357642	 95.027398	 94.706205	 94.394604	  94.09307	 93.802014	 93.521781	 93.252649	 92.994828	 92.748468	 92.513651	 92.290401	 92.078684	 91.878408	 91.689434	 91.511573	 91.344592	 91.188222	 91.042156	 90.906059	  90.77957	 90.662306	 90.553869	 90.453845	 90.361815	 90.277352	 90.200029	 90.129421	 90.065105	  90.00667	 89.953709	 89.905832	 89.862659	 89.823824	 89.788981	 89.757797	 89.729957	 89.705166	 89.683145	 89.663633	 89.646389	 89.631185	 89.617816	 89.606088	 89.595825	 89.586868	  89.57907	 89.572298	 89.566431	 89.561361	 89.556991	 89.553233	  89.55001	 89.547253	   89.5449	 89.542897	 89.541196	 89.539756	 89.538538	 89.537512	  89.53665	 89.535926	 89.535321	 89.534816	 89.534396	 89.534047	 89.533758	 89.533519	 89.533322	  89.53316	 89.533027	 89.532919	  89.53283	 89.532758	 89.532699	 89.532652	 89.532613	 89.532582	 89.532558	 89.532538	 89.532522	 89.532509	 89.532499	 89.532491	 89.532484	 89.532479	 89.532475	 89.532472	  89.53247	 89.532468	 89.532466	 89.532465	 89.532464	 89.532464	 89.532463	 89.532463	 89.532462	 89.532462	 89.532462	 89.532462	 89.532462	 89.532462	 89.532462	 89.532462	 89.532461	 89.532461	 89.532461	 89.532461	 89.532461	 89.532461	 89.532461	 89.532461	 89.532461	 89.532461	 89.532461	 89.532461	 89.532461	 89.532461	 89.532461	 89.532461	 89.532461	 89.532461	 89.532461	 89.532461	 89.532461	 89.532461	 89.532461	 89.532461	 89.532461	 89.532461	 89.532461	 89.532461	 89.532461	 89.532461	 89.532461	 89.532461	 89.532461	 89.532461	 89.532461	 89.532461	 89.532461	 89.532461	 89.532461	 89.532461	 89.532461	 89.532461	 89.532461	 89.532461	 89.532461	 89.532461	 89.532461	 89.532461	 89.532461	 89.532461	 89.532461	 89.532461	 89.532461	 89.532461	 89.532461	 89.532461	 89.532461	 89.532461	 89.532461	 89.532461	 89.532461	 89.532461	 89.532461	 89.532461	 89.532461	 89.532461	 89.532461	 89.532461	 89.532461	 89.532461	 89.532461	 89.532461	 89.532461	 89.532461	 89.532461	 89.532461	 89.532461	 89.532461	 89.532461	 89.532461	 89.532461	 89.532461	 89.532461	 89.532461	 89.532461	 89.532461	
        99	 98.495513	 97.992298	  97.49162	 96.994724	 96.502824	 96.017099	 95.538682	 95.068653	 94.608029	 94.157761	 93.718726	 93.291725	 92.877475	 92.476608	 92.089672	 91.717123	 91.359332	 91.016579	 90.689062	  90.37689	 90.080097	 89.798634	 89.532383	 89.281156	 89.044703	 88.822715	 88.614833	 88.420649	 88.239719	 88.071561	 87.915668	 87.771508	 87.638535	 87.516187	   87.4039	 87.301105	 87.207236	 87.121734	 87.044048	 86.973642	 86.909993	 86.852597	 86.800969	 86.754648	 86.713191	  86.67618	 86.643222	 86.613947	 86.588008	 86.565082	 86.544871	 86.527096	 86.511505	 86.497862	 86.485954	 86.475587	 86.466584	 86.458784	 86.452044	 86.446234	 86.441239	 86.436955	 86.433289	 86.430161	 86.427498	 86.425237	 86.423322	 86.421703	 86.420339	 86.419193	 86.418231	 86.417426	 86.416755	 86.416196	 86.415732	 86.415348	  86.41503	 86.414768	 86.414553	 86.414377	 86.414232	 86.414114	 86.414019	 86.413941	 86.413878	 86.413827	 86.413785	 86.413752	 86.413726	 86.413705	 86.413688	 86.413674	 86.413664	 86.413655	 86.413648	 86.413643	 86.413639	 86.413636	 86.413633	 86.413631	  86.41363	 86.413628	 86.413628	 86.413627	 86.413626	 86.413626	 86.413626	 86.413625	 86.413625	 86.413625	 86.413625	 86.413625	 86.413625	 86.413625	 86.413625	 86.413625	 86.413625	 86.413625	 86.413625	 86.413624	 86.413624	 86.413624	 86.413624	 86.413624	 86.413624	 86.413624	 86.413624	 86.413624	 86.413624	 86.413624	 86.413624	 86.413624	 86.413624	 86.413624	 86.413624	 86.413624	 86.413624	 86.413624	 86.413624	 86.413624	 86.413624	 86.413624	 86.413624	 86.413624	 86.413624	 86.413624	 86.413624	 86.413624	 86.413624	 86.413624	 86.413624	 86.413624	 86.413624	 86.413624	 86.413624	 86.413624	 86.413624	 86.413624	 86.413624	 86.413624	 86.413624	 86.413624	 86.413624	 86.413624	 86.413624	 86.413624	 86.413624	 86.413624	 86.413624	 86.413624	 86.413624	 86.413624	 86.413624	 86.413624	 86.413624	 86.413624	 86.413624	 86.413624	 86.413624	 86.413624	 86.413624	 86.413624	 86.413624	 86.413624	 86.413624	 86.413624	 86.413624	 86.413624	 86.413624	 86.413624	 86.413624	 86.413624	 86.413624	 86.413624	 86.413624	 86.413624	 86.413624	 86.413624	 86.413624	
        99	  98.37176	 97.745106	 97.121611	 96.502824	 95.890259	 95.285385	 94.689611	 94.104282	 93.530666	 92.969946	 92.423215	 91.891469	 91.375602	 90.876402	 90.394549	 89.930613	 89.485054	 89.058223	 88.650365	 88.261617	 87.892019	 87.541513	  87.20995	 86.897096	 86.602641	 86.326198	 86.067322	 85.825504	 85.600191	 85.390784	  85.19665	 85.017128	 84.851535	 84.699176	 84.559344	 84.431333	 84.314438	 84.207962	  84.11122	 84.023542	 83.944279	 83.872804	 83.808513	 83.750828	 83.699201	 83.653112	  83.61207	 83.575613	 83.543311	 83.514761	 83.489592	 83.467458	 83.448042	 83.431052	 83.416224	 83.403313	 83.392101	 83.382388	 83.373995	  83.36676	 83.360539	 83.355204	 83.350639	 83.346744	 83.343428	 83.340612	 83.338227	 83.336212	 83.334513	 83.333085	 83.331887	 83.330885	 83.330049	 83.329353	 83.328775	 83.328297	 83.327901	 83.327575	 83.327307	 83.327087	 83.326908	 83.326761	 83.326642	 83.326545	 83.326466	 83.326402	 83.326351	  83.32631	 83.326277	 83.326251	  83.32623	 83.326213	   83.3262	 83.326189	 83.326181	 83.326174	 83.326169	 83.326165	 83.326162	 83.326159	 83.326157	 83.326156	 83.326155	 83.326154	 83.326153	 83.326152	 83.326152	 83.326152	 83.326152	 83.326151	 83.326151	 83.326151	 83.326151	 83.326151	 83.326151	 83.326151	 83.326151	 83.326151	 83.326151	 83.326151	 83.326151	 83.326151	 83.326151	 83.326151	 83.326151	 83.326151	 83.326151	 83.326151	 83.326151	 83.326151	 83.326151	 83.326151	 83.326151	 83.326151	 83.326151	 83.326151	 83.326151	 83.326151	 83.326151	 83.326151	 83.326151	 83.326151	 83.326151	 83.326151	 83.326151	 83.326151	 83.326151	 83.326151	 83.326151	 83.326151	 83.326151	 83.326151	 83.326151	 83.326151	 83.326151	 83.326151	 83.326151	 83.326151	 83.326151	 83.326151	 83.326151	 83.326151	 83.326151	 83.326151	 83.326151	 83.326151	 83.326151	 83.326151	 83.326151	 83.326151	 83.326151	 83.326151	 83.326151	 83.326151	 83.326151	 83.326151	 83.326151	 83.326151	 83.326151	 83.326151	 83.326151	 83.326151	 83.326151	 83.326151	 83.326151	 83.326151	 83.326151	 83.326151	 83.326151	 83.326151	 83.326151	 83.326151	 83.326151	 83.326151	 83.326151	 83.326151	 83.326151	 83.326151	 83.326151	
        99	 98.249562	 97.501017	 96.756246	 96.017099	 95.285385	 94.562857	   93.8512	 93.152019	 92.466828	 91.797043	 91.143967	 90.508792	 89.892583	 89.296284	 88.720706	  88.16653	 87.634306	 87.124453	 86.637262	 86.172899	 85.731411	 85.312728	 84.916673	 84.542966	 84.191236	 83.861023	 83.551792	 83.262939	   82.9938	 82.743662	 82.511767	 82.297326	 82.099524	 81.917529	 81.750499	 81.597588	 81.457956	 81.330769	  81.21521	 81.110478	 81.015798	  80.93042	 80.853623	 80.784719	  80.72305	 80.667996	 80.618971	 80.575423	 80.536837	 80.502735	  80.47267	  80.44623	 80.423037	 80.402743	  80.38503	 80.369609	 80.356216	 80.344613	 80.334588	 80.325946	 80.318515	 80.312142	 80.306689	 80.302036	 80.298075	 80.294712	 80.291863	 80.289455	 80.287426	  80.28572	  80.28429	 80.283093	 80.282094	 80.281263	 80.280573	 80.280001	 80.279529	 80.279139	 80.278819	 80.278556	 80.278342	 80.278166	 80.278024	 80.277908	 80.277814	 80.277738	 80.277677	 80.277628	 80.277589	 80.277557	 80.277532	 80.277512	 80.277496	 80.277483	 80.277473	 80.277465	 80.277459	 80.277454	 80.277451	 80.277448	 80.277445	 80.277444	 80.277442	 80.277441	  80.27744	  80.27744	 80.277439	 80.277439	 80.277438	 80.277438	 80.277438	 80.277438	 80.277438	 80.277438	 80.277438	 80.277438	 80.277438	 80.277438	 80.277438	 80.277438	 80.277438	 80.277438	 80.277438	 80.277438	 80.277438	 80.277438	 80.277438	 80.277438	 80.277438	 80.277438	 80.277438	 80.277438	 80.277438	 80.277438	 80.277438	 80.277438	 80.277438	 80.277438	 80.277438	 80.277438	 80.277438	 80.277438	 80.277438	 80.277438	 80.277438	 80.277438	 80.277438	 80.277438	 80.277438	 80.277438	 80.277438	 80.277438	 80.277438	 80.277438	 80.277438	 80.277438	 80.277438	 80.277438	 80.277438	 80.277438	 80.277438	 80.277438	 80.277438	 80.277438	 80.277438	 80.277438	 80.277438	 80.277438	 80.277438	 80.277438	 80.277438	 80.277438	 80.277438	 80.277438	 80.277438	 80.277438	 80.277438	 80.277438	 80.277438	 80.277438	 80.277438	 80.277438	 80.277438	 80.277438	 80.277438	 80.277438	 80.277438	 80.277438	 80.277438	 80.277438	 80.277438	 80.277438	 80.277438	 80.277438	 80.277438	 80.277438	 80.277438	 80.277438	 80.277438	
        99	 98.129202	 97.260601	 96.396378	 95.538682	 94.689611	   93.8512	 93.025402	 92.214082	 91.418997	 90.641787	 89.883967	 89.146918	 88.431878	 87.739941	 87.072048	  86.42899	 85.811404	 85.219778	 84.654448	 84.115608	 83.603311	 83.117477	   82.6579	 82.224256	 81.816113	 81.432938	 81.074111	  80.73893	 80.426625	 80.136367	 79.867279	 79.618445	 79.388918	 79.177734	 78.983915	  78.80648	 78.644452	 78.496866	 78.362773	 78.241243	 78.131378	 78.032307	 77.943193	 77.863237	 77.791677	 77.727793	 77.670905	 77.620373	 77.575599	 77.536026	 77.501139	 77.470459	 77.443547	 77.419998	 77.399444	 77.381549	 77.366008	 77.352545	 77.340911	 77.330883	  77.32226	 77.314865	 77.308538	 77.303139	 77.298542	 77.294639	 77.291333	  77.28854	 77.286185	 77.284206	 77.282546	 77.281157	 77.279998	 77.279034	 77.278233	 77.277569	 77.277021	 77.276569	 77.276198	 77.275893	 77.275644	  77.27544	 77.275275	  77.27514	 77.275032	 77.274944	 77.274873	 77.274816	  77.27477	 77.274733	 77.274704	 77.274681	 77.274662	 77.274648	 77.274636	 77.274627	  77.27462	 77.274614	  77.27461	 77.274606	 77.274604	 77.274602	   77.2746	 77.274599	 77.274598	 77.274597	 77.274596	 77.274596	 77.274596	 77.274595	 77.274595	 77.274595	 77.274595	 77.274595	 77.274595	 77.274595	 77.274595	 77.274595	 77.274595	 77.274595	 77.274595	 77.274595	 77.274595	 77.274595	 77.274595	 77.274595	 77.274595	 77.274595	 77.274595	 77.274595	 77.274595	 77.274595	 77.274595	 77.274595	 77.274595	 77.274595	 77.274595	 77.274595	 77.274595	 77.274595	 77.274595	 77.274595	 77.274595	 77.274595	 77.274595	 77.274595	 77.274595	 77.274595	 77.274595	 77.274595	 77.274595	 77.274595	 77.274595	 77.274595	 77.274595	 77.274595	 77.274595	 77.274595	 77.274595	 77.274595	 77.274595	 77.274595	 77.274595	 77.274595	 77.274595	 77.274595	 77.274595	 77.274595	 77.274595	 77.274595	 77.274595	 77.274595	 77.274595	 77.274595	 77.274595	 77.274595	 77.274595	 77.274595	 77.274595	 77.274595	 77.274595	 77.274595	 77.274595	 77.274595	 77.274595	 77.274595	 77.274595	 77.274595	 77.274595	 77.274595	 77.274595	 77.274595	 77.274595	 77.274595	 77.274595	 77.274595	 77.274595	 77.274595	 77.274595	
        99	 98.010952	 97.024399	  96.04282	 95.068653	 94.104282	 93.152019	 92.214082	 91.292589	 90.389535	 89.506784	 88.646056	 87.808919	 86.996781	 86.210882	 85.452293	  84.72191	  84.02046	 83.348493	 82.706395	 82.094383	 81.512518	  80.96071	 80.438725	 79.946195	 79.482628	  79.04742	 78.639866	 78.259169	 77.904455	 77.574782	 77.269153	 76.986528	 76.725833	 76.485971	 76.265832	 76.064302	 75.880272	 75.712645	 75.560342	  75.42231	 75.297525	    75.185	 75.083785	 74.992971	 74.911695	 74.839136	 74.774522	 74.717128	 74.666274	 74.621328	 74.581703	 74.546857	 74.516289	 74.489543	 74.466198	 74.445873	 74.428221	  74.41293	 74.399716	 74.388326	 74.378533	 74.370134	 74.362948	 74.356815	 74.351594	 74.347161	 74.343406	 74.340234	 74.337559	 74.335311	 74.333426	 74.331848	 74.330532	 74.329437	 74.328527	 74.327773	 74.327151	 74.326637	 74.326216	 74.325869	 74.325586	 74.325355	 74.325167	 74.325015	 74.324891	 74.324791	  74.32471	 74.324646	 74.324594	 74.324552	 74.324519	 74.324493	 74.324472	 74.324455	 74.324442	 74.324432	 74.324423	 74.324417	 74.324412	 74.324408	 74.324405	 74.324403	 74.324401	 74.324399	 74.324398	 74.324398	 74.324397	 74.324396	 74.324396	 74.324396	 74.324395	 74.324395	 74.324395	 74.324395	 74.324395	 74.324395	 74.324395	 74.324395	 74.324395	 74.324395	 74.324395	 74.324395	 74.324395	 74.324395	 74.324395	 74.324395	 74.324395	 74.324395	 74.324395	 74.324395	 74.324395	 74.324395	 74.324395	 74.324395	 74.324395	 74.324395	 74.324395	 74.324395	 74.324395	 74.324395	 74.324395	 74.324395	 74.324395	 74.324395	 74.324395	 74.324395	 74.324395	 74.324395	 74.324395	 74.324395	 74.324395	 74.324395	 74.324395	 74.324395	 74.324395	 74.324395	 74.324395	 74.324395	 74.324395	 74.324395	 74.324395	 74.324395	 74.324395	 74.324395	 74.324395	 74.324395	 74.324395	 74.324395	 74.324395	 74.324395	 74.324395	 74.324395	 74.324395	 74.324395	 74.324395	 74.324395	 74.324395	 74.324395	 74.324395	 74.324395	 74.324395	 74.324395	 74.324395	 74.324395	 74.324395	 74.324395	 74.324395	 74.324395	 74.324395	 74.324395	 74.324395	 74.324395	 74.324395	 74.324395	 74.324395	 74.324395	 74.324395	 74.324395	 74.324395	
        99	 97.895068	 96.792924	 95.696336	 94.608029	 93.530666	 92.466828	 91.418997	 90.389535	 89.380673	 88.394492	 87.432915	 86.497694	   85.5904	  84.71242	 83.864949	  83.04899	 82.265352	 81.514653	 80.797322	 80.113602	 79.463563	 78.847101	 78.263956	 77.713718	 77.195836	 76.709637	 76.254331	 75.829028	 75.432753	 75.064453	 74.723015	 74.407276	 74.116036	  73.84807	 73.602138	 73.376995	 73.171403	 72.984136	 72.813988	 72.659782	 72.520377	 72.394668	 72.281594	  72.18014	  72.08934	  72.00828	 71.936096	 71.871976	 71.815164	 71.764952	 71.720684	 71.681755	 71.647607	 71.617726	 71.591646	  71.56894	  71.54922	 71.532137	 71.517375	 71.504651	  71.49371	 71.484326	 71.476298	 71.469447	 71.463615	 71.458662	 71.454467	 71.450923	 71.447936	 71.445424	 71.443318	 71.441555	 71.440085	 71.438861	 71.437844	 71.437003	 71.436307	 71.435734	 71.435262	 71.434876	  71.43456	 71.434302	 71.434091	 71.433921	 71.433783	 71.433671	 71.433581	 71.433509	 71.433451	 71.433404	 71.433367	 71.433338	 71.433314	 71.433296	 71.433281	 71.433269	  71.43326	 71.433253	 71.433248	 71.433243	  71.43324	 71.433237	 71.433235	 71.433234	 71.433232	 71.433231	 71.433231	  71.43323	  71.43323	 71.433229	 71.433229	 71.433229	 71.433229	 71.433229	 71.433229	 71.433229	 71.433229	 71.433229	 71.433228	 71.433228	 71.433228	 71.433228	 71.433228	 71.433228	 71.433228	 71.433228	 71.433228	 71.433228	 71.433228	 71.433228	 71.433228	 71.433228	 71.433228	 71.433228	 71.433228	 71.433228	 71.433228	 71.433228	 71.433228	 71.433228	 71.433228	 71.433228	 71.433228	 71.433228	 71.433228	 71.433228	 71.433228	 71.433228	 71.433228	 71.433228	 71.433228	 71.433228	 71.433228	 71.433228	 71.433228	 71.433228	 71.433228	 71.433228	 71.433228	 71.433228	 71.433228	 71.433228	 71.433228	 71.433228	 71.433228	 71.433228	 71.433228	 71.433228	 71.433228	 71.433228	 71.433228	 71.433228	 71.433228	 71.433228	 71.433228	 71.433228	 71.433228	 71.433228	 71.433228	 71.433228	 71.433228	 71.433228	 71.433228	 71.433228	 71.433228	 71.433228	 71.433228	 71.433228	 71.433228	 71.433228	 71.433228	 71.433228	 71.433228	 71.433228	 71.433228	 71.433228	 71.433228	 71.433228	 71.433228	
        99	 97.781789	 96.566653	 95.357642	 94.157761	 92.969946	 91.797043	 90.641787	 89.506784	 88.394492	 87.307208	 86.247049	 85.215948	 84.215638	 83.247646	 82.313292	  81.41368	 80.549704	 79.722043	  78.93117	 78.177355	 77.460673	 76.781011	 76.138082	 75.531432	 74.960457	 74.424412	 73.922428	 73.453523	 73.016622	 72.610563	 72.234121	 71.886012	 71.564914	 71.269475	  70.99833	 70.750106	 70.523436	  70.31697	 70.129378	 69.959364	 69.805667	  69.66707	 69.542403	 69.430548	  69.33044	 69.241069	 69.161484	 69.090791	 69.028155	 68.972795	 68.923989	 68.881069	 68.843419	 68.810475	 68.781721	 68.756687	 68.734946	 68.716111	 68.699836	 68.685807	 68.673745	 68.663399	 68.654548	 68.646995	 68.640564	 68.635104	 68.630479	 68.626571	 68.623278	 68.620508	 68.618186	 68.616243	 68.614622	 68.613273	 68.612152	 68.611224	 68.610457	 68.609825	 68.609305	 68.608879	  68.60853	 68.608246	 68.608014	 68.607826	 68.607674	 68.607551	 68.607451	 68.607372	 68.607308	 68.607256	 68.607216	 68.607183	 68.607157	 68.607137	 68.607121	 68.607108	 68.607098	  68.60709	 68.607084	 68.607079	 68.607075	 68.607072	  68.60707	 68.607068	 68.607067	 68.607066	 68.607065	 68.607065	 68.607064	 68.607064	 68.607063	 68.607063	 68.607063	 68.607063	 68.607063	 68.607063	 68.607063	 68.607063	 68.607063	 68.607063	 68.607063	 68.607063	 68.607063	 68.607063	 68.607063	 68.607063	 68.607063	 68.607063	 68.607063	 68.607063	 68.607063	 68.607063	 68.607063	 68.607063	 68.607063	 68.607063	 68.607063	 68.607063	 68.607063	 68.607063	 68.607063	 68.607063	 68.607063	 68.607063	 68.607063	 68.607063	 68.607063	 68.607063	 68.607063	 68.607063	 68.607063	 68.607063	 68.607063	 68.607063	 68.607063	 68.607063	 68.607063	 68.607063	 68.607063	 68.607063	 68.607063	 68.607063	 68.607063	 68.607063	 68.607063	 68.607063	 68.607063	 68.607063	 68.607063	 68.607063	 68.607063	 68.607063	 68.607063	 68.607063	 68.607063	 68.607063	 68.607063	 68.607063	 68.607063	 68.607063	 68.607063	 68.607063	 68.607063	 68.607063	 68.607063	 68.607063	 68.607063	 68.607063	 68.607063	 68.607063	 68.607063	 68.607063	 68.607063	 68.607063	 68.607063	 68.607063	 68.607063	 68.607063	 68.607063	
        99	 97.671337	 96.346027	 95.027398	 93.718726	 92.423215	 91.143967	 89.883967	 88.646056	 87.432915	 86.247049	 85.090769	 83.966181	 82.875174	 81.819417	 80.800347	  79.81917	 78.876858	 77.974155	 77.111576	 76.289414	 75.507752	 74.766467	 74.065245	 73.403592	 72.780848	 72.196201	 71.648703	 71.137284	 70.660769	 70.217895	 69.807321	  69.42765	 69.077438	 68.755213	 68.459484	 68.188754	 67.941533	 67.716346	 67.511746	 67.326317	 67.158685	 67.007522	 66.871552	 66.749555	  66.64037	 66.542896	 66.456095	 66.378993	 66.310677	 66.250298	 66.197067	 66.150256	 66.109192	 66.073262	 66.041901	 66.014597	 65.990884	 65.970342	 65.952591	  65.93729	 65.924134	  65.91285	 65.903197	 65.894958	 65.887945	  65.88199	 65.876946	 65.872683	 65.869091	 65.866071	 65.863538	 65.861419	 65.859651	 65.858179	 65.856957	 65.855944	 65.855108	 65.854419	 65.853852	 65.853387	 65.853007	 65.852696	 65.852444	 65.852239	 65.852072	 65.851938	  65.85183	 65.851743	 65.851673	 65.851617	 65.851573	 65.851537	 65.851509	 65.851487	 65.851469	 65.851455	 65.851444	 65.851436	 65.851429	 65.851424	  65.85142	 65.851416	 65.851414	 65.851412	 65.851411	  65.85141	 65.851409	 65.851408	 65.851407	 65.851407	 65.851407	 65.851407	 65.851406	 65.851406	 65.851406	 65.851406	 65.851406	 65.851406	 65.851406	 65.851406	 65.851406	 65.851406	 65.851406	 65.851406	 65.851406	 65.851406	 65.851406	 65.851406	 65.851406	 65.851406	 65.851406	 65.851406	 65.851406	 65.851406	 65.851406	 65.851406	 65.851406	 65.851406	 65.851406	 65.851406	 65.851406	 65.851406	 65.851406	 65.851406	 65.851406	 65.851406	 65.851406	 65.851406	 65.851406	 65.851406	 65.851406	 65.851406	 65.851406	 65.851406	 65.851406	 65.851406	 65.851406	 65.851406	 65.851406	 65.851406	 65.851406	 65.851406	 65.851406	 65.851406	 65.851406	 65.851406	 65.851406	 65.851406	 65.851406	 65.851406	 65.851406	 65.851406	 65.851406	 65.851406	 65.851406	 65.851406	 65.851406	 65.851406	 65.851406	 65.851406	 65.851406	 65.851406	 65.851406	 65.851406	 65.851406	 65.851406	 65.851406	 65.851406	 65.851406	 65.851406	 65.851406	 65.851406	 65.851406	 65.851406	 65.851406	 65.851406	 65.851406	 65.851406	 65.851406	
        99	 97.563912	 96.131448	 94.706205	 93.291725	 91.891469	 90.508792	 89.146918	 87.808919	 86.497694	 85.215948	 83.966181	 82.750667	 81.571451	 80.430333	 79.328869	 78.268362	 77.249863	 76.274175	 75.341854	 74.453219	 73.608358	 72.807139	 72.049221	 71.334072	 70.660978	 70.029061	 69.437297	 68.884529	 68.369487	 67.890805	 67.447036	 67.036667	 66.658141	 66.309863	 65.990224	 65.697605	 65.430395	 65.187002	 64.965859	 64.765438	 64.584252	 64.420867	 64.273904	 64.142043	 64.024031	 63.918676	 63.824857	 63.741521	 63.667682	 63.602421	 63.544886	  63.49429	 63.449906	 63.411071	 63.377174	 63.347662	 63.322032	 63.299829	 63.280643	 63.264105	 63.249886	  63.23769	 63.227256	 63.218351	 63.210771	 63.204334	 63.198882	 63.194275	 63.190392	 63.187128	  63.18439	   63.1821	 63.180189	 63.178598	 63.177277	 63.176183	 63.175279	 63.174534	 63.173921	 63.173419	 63.173008	 63.172672	 63.172399	 63.172177	 63.171998	 63.171853	 63.171736	 63.171642	 63.171566	 63.171506	 63.171458	 63.171419	 63.171389	 63.171365	 63.171346	 63.171331	 63.171319	  63.17131	 63.171302	 63.171297	 63.171292	 63.171289	 63.171286	 63.171284	 63.171282	 63.171281	  63.17128	  63.17128	 63.171279	 63.171279	 63.171278	 63.171278	 63.171278	 63.171278	 63.171278	 63.171278	 63.171278	 63.171277	 63.171277	 63.171277	 63.171277	 63.171277	 63.171277	 63.171277	 63.171277	 63.171277	 63.171277	 63.171277	 63.171277	 63.171277	 63.171277	 63.171277	 63.171277	 63.171277	 63.171277	 63.171277	 63.171277	 63.171277	 63.171277	 63.171277	 63.171277	 63.171277	 63.171277	 63.171277	 63.171277	 63.171277	 63.171277	 63.171277	 63.171277	 63.171277	 63.171277	 63.171277	 63.171277	 63.171277	 63.171277	 63.171277	 63.171277	 63.171277	 63.171277	 63.171277	 63.171277	 63.171277	 63.171277	 63.171277	 63.171277	 63.171277	 63.171277	 63.171277	 63.171277	 63.171277	 63.171277	 63.171277	 63.171277	 63.171277	 63.171277	 63.171277	 63.171277	 63.171277	 63.171277	 63.171277	 63.171277	 63.171277	 63.171277	 63.171277	 63.171277	 63.171277	 63.171277	 63.171277	 63.171277	 63.171277	 63.171277	 63.171277	 63.171277	 63.171277	 63.171277	 63.171277	 63.171277	 63.171277	 63.171277	
        99	 97.459695	 95.923277	 94.394604	 92.877475	 91.375602	 89.892583	 88.431878	 86.996781	   85.5904	 84.215638	 82.875174	 81.571451	 80.306659	  79.08273	 77.901333	 76.763864	 75.671453	 74.624959	 73.624979	 72.671856	 71.765683	 70.906319	   70.0934	 69.326352	 68.604412	 67.926637	 67.291928	 66.699045	 66.146627	 65.633207	 65.157233	 64.717084	 64.311088	 63.937536	   63.5947	 63.280845	 62.994244	 62.733188	 62.495997	 62.281031	 62.086697	 61.911455	 61.753827	 61.612397	  61.48582	 61.372819	 61.272192	 61.182809	 61.103611	 61.033614	 60.971904	 60.917636	 60.870031	 60.828377	 60.792021	 60.760367	 60.732878	 60.709063	 60.688485	 60.670747	 60.655495	 60.642414	 60.631223	 60.621672	 60.613542	 60.606638	  60.60079	 60.595849	 60.591684	 60.588183	 60.585247	  60.58279	  60.58074	 60.579034	 60.577617	 60.576444	 60.575474	 60.574675	 60.574018	 60.573479	 60.573038	 60.572678	 60.572385	 60.572148	 60.571955	 60.571799	 60.571674	 60.571573	 60.571492	 60.571427	 60.571376	 60.571335	 60.571302	 60.571276	 60.571256	 60.571239	 60.571227	 60.571217	 60.571209	 60.571203	 60.571198	 60.571194	 60.571192	 60.571189	 60.571188	 60.571186	 60.571185	 60.571185	 60.571184	 60.571184	 60.571183	 60.571183	 60.571183	 60.571183	 60.571183	 60.571182	 60.571182	 60.571182	 60.571182	 60.571182	 60.571182	 60.571182	 60.571182	 60.571182	 60.571182	 60.571182	 60.571182	 60.571182	 60.571182	 60.571182	 60.571182	 60.571182	 60.571182	 60.571182	 60.571182	 60.571182	 60.571182	 60.571182	 60.571182	 60.571182	 60.571182	 60.571182	 60.571182	 60.571182	 60.571182	 60.571182	 60.571182	 60.571182	 60.571182	 60.571182	 60.571182	 60.571182	 60.571182	 60.571182	 60.571182	 60.571182	 60.571182	 60.571182	 60.571182	 60.571182	 60.571182	 60.571182	 60.571182	 60.571182	 60.571182	 60.571182	 60.571182	 60.571182	 60.571182	 60.571182	 60.571182	 60.571182	 60.571182	 60.571182	 60.571182	 60.571182	 60.571182	 60.571182	 60.571182	 60.571182	 60.571182	 60.571182	 60.571182	 60.571182	 60.571182	 60.571182	 60.571182	 60.571182	 60.571182	 60.571182	 60.571182	 60.571182	 60.571182	 60.571182	 60.571182	 60.571182	 60.571182	 60.571182	 60.571182	
        99	 97.358845	 95.721832	  94.09307	 92.476608	 90.876402	 89.296284	 87.739941	 86.210882	  84.71242	 83.247646	 81.819417	 80.430333	  79.08273	 77.778667	 76.519918	 75.307975	 74.144039	 73.029027	 71.963575	 70.948047	 69.982543	 69.066913	 68.200769	 67.383499	  66.61429	 65.892139	 65.215873	 64.584172	 63.995585	 63.448549	 62.941411	 62.472444	 62.039865	 61.641855	 61.276573	 60.942169	 60.636803	 60.358654	 60.105934	 59.876893	 59.669835	 59.483119	  59.31517	  59.16448	 59.029616	 58.909217	 58.802001	 58.706765	 58.622382	 58.547802	 58.482051	  58.42423	 58.373509	 58.329128	 58.290391	 58.256665	 58.227375	 58.202002	 58.180076	 58.161177	 58.144926	 58.130989	 58.119065	 58.108889	 58.100226	  58.09287	 58.086639	 58.081375	 58.076938	 58.073207	 58.070079	 58.067461	 58.065277	 58.063459	 58.061949	 58.060699	 58.059666	 58.058814	 58.058114	  58.05754	  58.05707	 58.056687	 58.056375	 58.056122	 58.055916	 58.055751	 58.055617	 58.055509	 58.055423	 58.055354	 58.055299	 58.055255	 58.055221	 58.055193	 58.055171	 58.055154	 58.055141	  58.05513	 58.055122	 58.055115	  58.05511	 58.055106	 58.055103	 58.055101	 58.055099	 58.055098	 58.055097	 58.055096	 58.055095	 58.055095	 58.055094	 58.055094	 58.055094	 58.055094	 58.055094	 58.055093	 58.055093	 58.055093	 58.055093	 58.055093	 58.055093	 58.055093	 58.055093	 58.055093	 58.055093	 58.055093	 58.055093	 58.055093	 58.055093	 58.055093	 58.055093	 58.055093	 58.055093	 58.055093	 58.055093	 58.055093	 58.055093	 58.055093	 58.055093	 58.055093	 58.055093	 58.055093	 58.055093	 58.055093	 58.055093	 58.055093	 58.055093	 58.055093	 58.055093	 58.055093	 58.055093	 58.055093	 58.055093	 58.055093	 58.055093	 58.055093	 58.055093	 58.055093	 58.055093	 58.055093	 58.055093	 58.055093	 58.055093	 58.055093	 58.055093	 58.055093	 58.055093	 58.055093	 58.055093	 58.055093	 58.055093	 58.055093	 58.055093	 58.055093	 58.055093	 58.055093	 58.055093	 58.055093	 58.055093	 58.055093	 58.055093	 58.055093	 58.055093	 58.055093	 58.055093	 58.055093	 58.055093	 58.055093	 58.055093	 58.055093	 58.055093	 58.055093	 58.055093	 58.055093	 58.055093	 58.055093	 58.055093	 58.055093	 58.055093	
        99	 97.261499	 95.527386	 93.802014	 92.089672	 90.394549	 88.720706	 87.072048	 85.452293	 83.864949	 82.313292	 80.800347	 79.328869	 77.901333	 76.519918	 75.186507	 73.902677	 72.669702	 71.488552	 70.359903	 69.284139	 68.261366	 67.291425	 66.373905	  65.50816	 64.693325	 63.928338	  63.21196	 62.542789	  61.91929	 61.339807	 60.802588	 60.305803	 59.847566	 59.425949	 59.038999	  58.68476	 58.361281	 58.066634	 57.798923	 57.556297	 57.336957	 57.139166	 56.961255	 56.801628	 56.658763	 56.531223	 56.417648	 56.316763	 56.227374	 56.148371	  56.07872	 56.017469	  55.96374	 55.916726	 55.875691	 55.839965	 55.808938	  55.78206	 55.758833	 55.738813	 55.721598	 55.706834	 55.694203	 55.683423	 55.674247	 55.666455	 55.659854	 55.654277	 55.649577	 55.645625	 55.642311	 55.639538	 55.637225	 55.635299	   55.6337	 55.632375	 55.631281	 55.630379	 55.629637	 55.629029	 55.628531	 55.628125	 55.627795	 55.627526	 55.627309	 55.627133	 55.626992	 55.626878	 55.626786	 55.626713	 55.626655	 55.626609	 55.626572	 55.626543	 55.626519	 55.626501	 55.626487	 55.626476	 55.626467	  55.62646	 55.626455	 55.626451	 55.626447	 55.626445	 55.626443	 55.626442	  55.62644	  55.62644	 55.626439	 55.626438	 55.626438	 55.626438	 55.626437	 55.626437	 55.626437	 55.626437	 55.626437	 55.626437	 55.626437	 55.626437	 55.626437	 55.626437	 55.626437	 55.626437	 55.626437	 55.626437	 55.626437	 55.626437	 55.626437	 55.626437	 55.626437	 55.626437	 55.626437	 55.626437	 55.626437	 55.626437	 55.626437	 55.626437	 55.626437	 55.626437	 55.626437	 55.626437	 55.626437	 55.626437	 55.626437	 55.626437	 55.626437	 55.626437	 55.626437	 55.626437	 55.626437	 55.626437	 55.626437	 55.626437	 55.626437	 55.626437	 55.626437	 55.626437	 55.626437	 55.626437	 55.626437	 55.626437	 55.626437	 55.626437	 55.626437	 55.626437	 55.626437	 55.626437	 55.626437	 55.626437	 55.626437	 55.626437	 55.626437	 55.626437	 55.626437	 55.626437	 55.626437	 55.626437	 55.626437	 55.626437	 55.626437	 55.626437	 55.626437	 55.626437	 55.626437	 55.626437	 55.626437	 55.626437	 55.626437	 55.626437	 55.626437	 55.626437	 55.626437	 55.626437	 55.626437	 55.626437	 55.626437	 55.626437	 55.626437	
        99	 97.167774	 95.340171	 93.521781	 91.717123	 89.930613	  88.16653	  86.42899	  84.72191	  83.04899	  81.41368	  79.81917	 78.268362	 76.763864	 75.307975	 73.902677	 72.549634	 71.250186	 70.005359	 68.815862	 67.682101	 66.604189	 65.581957	 64.614971	 63.702552	 62.843788	 62.037559	 61.282559	 60.577313	 59.920199	 59.309475	 58.743294	 58.219727	 57.736786	 57.292437	 56.884627	  56.51129	 56.170372	  55.85984	 55.577696	  55.32199	 55.090825	 54.882371	 54.694868	 54.526634	 54.376068	 54.241652	 54.121954	  54.01563	 53.921422	 53.838159	 53.764754	 53.700201	 53.643574	 53.594026	 53.550779	 53.513127	 53.480427	   53.4521	 53.427621	 53.406521	 53.388379	 53.372819	 53.359506	 53.348146	 53.338475	 53.330262	 53.323306	 53.317428	 53.312475	  53.30831	 53.304817	 53.301895	 53.299457	 53.297427	 53.295741	 53.294345	 53.293192	 53.292241	  53.29146	 53.290819	 53.290294	 53.289866	 53.289518	 53.289235	 53.289006	 53.288821	 53.288672	 53.288552	 53.288455	 53.288378	 53.288317	 53.288268	 53.288229	 53.288198	 53.288174	 53.288155	  53.28814	 53.288128	 53.288119	 53.288111	 53.288106	 53.288101	 53.288098	 53.288095	 53.288093	 53.288092	 53.288091	  53.28809	 53.288089	 53.288089	 53.288088	 53.288088	 53.288088	 53.288087	 53.288087	 53.288087	 53.288087	 53.288087	 53.288087	 53.288087	 53.288087	 53.288087	 53.288087	 53.288087	 53.288087	 53.288087	 53.288087	 53.288087	 53.288087	 53.288087	 53.288087	 53.288087	 53.288087	 53.288087	 53.288087	 53.288087	 53.288087	 53.288087	 53.288087	 53.288087	 53.288087	 53.288087	 53.288087	 53.288087	 53.288087	 53.288087	 53.288087	 53.288087	 53.288087	 53.288087	 53.288087	 53.288087	 53.288087	 53.288087	 53.288087	 53.288087	 53.288087	 53.288087	 53.288087	 53.288087	 53.288087	 53.288087	 53.288087	 53.288087	 53.288087	 53.288087	 53.288087	 53.288087	 53.288087	 53.288087	 53.288087	 53.288087	 53.288087	 53.288087	 53.288087	 53.288087	 53.288087	 53.288087	 53.288087	 53.288087	 53.288087	 53.288087	 53.288087	 53.288087	 53.288087	 53.288087	 53.288087	 53.288087	 53.288087	 53.288087	 53.288087	 53.288087	 53.288087	 53.288087	 53.288087	 53.288087	 53.288087	 53.288087	 53.288087	
        99	  97.07776	 95.160372	 93.252649	 91.359332	 89.485054	 87.634306	 85.811404	  84.02046	 82.265352	 80.549704	 78.876858	 77.249863	 75.671453	 74.144039	 72.669702	 71.250186	   69.8869	 68.580917	 67.332983	 66.143523	 65.012655	 63.940203	 62.925712	 61.968467	 61.067514	 60.221677	 59.429586	 58.689692	 58.000296	 57.359568	 56.765572	 56.216283	 55.709616	 55.243438	 54.815593	 54.423915	 54.066248	  53.74046	 53.444456	 53.176187	 52.933665	  52.71497	 52.518256	 52.341757	 52.183794	 52.042774	 51.917196	 51.805648	 51.706812	 51.619459	 51.542447	 51.474723	 51.415315	 51.363332	 51.317961	 51.278458	 51.244152	 51.214433	 51.188752	 51.166615	 51.147582	 51.131257	 51.117291	 51.105372	 51.095226	  51.08661	 51.079312	 51.073146	 51.067949	 51.063579	 51.059915	 51.056849	 51.054291	 51.052162	 51.050393	 51.048929	 51.047719	 51.046721	 51.045901	 51.045229	 51.044679	  51.04423	 51.043864	 51.043568	 51.043327	 51.043133	 51.042976	  51.04285	 51.042749	 51.042669	 51.042604	 51.042553	 51.042512	  51.04248	 51.042454	 51.042434	 51.042418	 51.042406	 51.042396	 51.042389	 51.042383	 51.042378	 51.042375	 51.042372	  51.04237	 51.042368	 51.042367	 51.042366	 51.042365	 51.042365	 51.042364	 51.042364	 51.042364	 51.042363	 51.042363	 51.042363	 51.042363	 51.042363	 51.042363	 51.042363	 51.042363	 51.042363	 51.042363	 51.042363	 51.042363	 51.042363	 51.042363	 51.042363	 51.042363	 51.042363	 51.042363	 51.042363	 51.042363	 51.042363	 51.042363	 51.042363	 51.042363	 51.042363	 51.042363	 51.042363	 51.042363	 51.042363	 51.042363	 51.042363	 51.042363	 51.042363	 51.042363	 51.042363	 51.042363	 51.042363	 51.042363	 51.042363	 51.042363	 51.042363	 51.042363	 51.042363	 51.042363	 51.042363	 51.042363	 51.042363	 51.042363	 51.042363	 51.042363	 51.042363	 51.042363	 51.042363	 51.042363	 51.042363	 51.042363	 51.042363	 51.042363	 51.042363	 51.042363	 51.042363	 51.042363	 51.042363	 51.042363	 51.042363	 51.042363	 51.042363	 51.042363	 51.042363	 51.042363	 51.042363	 51.042363	 51.042363	 51.042363	 51.042363	 51.042363	 51.042363	 51.042363	 51.042363	 51.042363	 51.042363	 51.042363	 51.042363	 51.042363	 51.042363	 51.042363	
