Time step 25:
        99	        99	        99	        99	        99	        99	        99	        99	        99	        99	        99	        99	        99	        99	        99	        99	        99	        99	        99	        99	        99	        99	        99	        99	        99	        99	        99	        99	        99	        99	        99	        99	        99	        99	        99	        99	        99	        99	        99	        99	        99	        99	        99	        99	        99	        99	        99	        99	        99	        99	        99	        99	        99	        99	        99	        99	        99	        99	        99	        99	        99	        99	        99	        99	        99	        99	        99	        99	        99	        99	        99	        99	        99	        99	        99	        99	        99	        99	        99	        99	        99	        99	        99	        99	        99	        99	        99	        99	        99	        99	        99	        99	        99	        99	        99	        99	        99	        99	        99	        99	        99	        99	        99	        99	        99	        99	        99	        99	        99	        99	        99	        99	        99	        99	        99	        99	        99	        99	        99	        99	        99	        99	        99	        99	        99	        99	        99	        99	        99	        99	        99	        99	        99	        99	        99	        99	        99	        99	        99	        99	        99	        99	        99	        99	        99	        99	        99	        99	        99	        99	        99	        99	        99	        99	        99	        99	        99	        99	        99	        99	        99	        99	        99	        99	        99	        99	        99	        99	        99	        99	        99	        99	        99	        99	        99	        99	        99	        99	        99	        99	        99	        99	        99	        99	        99	        99	        99	        99	        99	        99	        99	        99	        99	        99	        99	        99	        99	        99	        99	        99	
        99	 98.974603	  98.94922	 98.923861	 98.898542	 98.873273	 98.848068	 98.822939	 98.797899	  98.77296	 98.748134	 98.723434	  98.69887	 98.674454	 98.650198	 98.626114	 98.602211	   98.5785	 98.554992	 98.531697	 98.508624	 98.485783	 98.463184	 98.440834	 98.418742	 98.396916	 98.375364	 98.354094	 98.333111	 98.312423	 98.292036	 98.271956	 98.252187	 98.232735	 98.213605	 98.194801	 98.176326	 98.158184	 98.140378	  98.12291	 98.105784	 98.088999	 98.072559	 98.056464	 98.040714	 98.025311	 98.010253	 97.995542	 97.981176	 97.967153	 97.953474	 97.940135	 97.927136	 97.914474	 97.902146	  97.89015	 97.878482	  97.86714	  97.85612	 97.845417	 97.835029	 97.824951	 97.815179	 97.805708	 97.796534	 97.787651	 97.779055	 97.770741	 97.762704	 97.754938	 97.747438	 97.740198	 97.733213	 97.726478	 97.719987	 97.713733	 97.707712	 97.701918	 97.696345	 97.690987	 97.685838	 97.680893	 97.676147	 97.671593	 97.667226	  97.66304	  97.65903	 97.655191	 97.651516	 97.648002	 97.644641	  97.64143	 97.638363	 97.635436	 97.632642	 97.629979	  97.62744	 97.625021	 97.622717	 97.620525	  97.61844	 97.616457	 97.614573	 97.612784	 97.611085	 97.609473	 97.607945	 97.606496	 97.605123	 97.603823	 97.602592	 97.601428	 97.600328	 97.599288	 97.598306	 97.597378	 97.596503	 97.595678	   97.5949	 97.594167	 97.593477	 97.592827	 97.592216	 97.591641	 97.591101	 97.590594	 97.590118	 97.589671	 97.589252	 97.588859	  97.58849	 97.588146	 97.587823	 97.587521	 97.587239	 97.586975	 97.586728	 97.586498	 97.586283	 97.586083	 97.585896	 97.585722	  97.58556	 97.585409	 97.585269	 97.585138	 97.585017	 97.584904	   97.5848	 97.584703	 97.584613	 97.584529	 97.584452	  97.58438	 97.584314	 97.584252	 97.584196	 97.584143	 97.584095	  97.58405	 97.584009	 97.583971	 97.583936	 97.583903	 97.583873	 97.583846	 97.583821	 97.583798	 97.583776	 97.583757	 97.583739	 97.583722	 97.583707	 97.583693	 97.583681	 97.583669	 97.583658	 97.583649	  97.58364	 97.583632	 97.583624	 97.583618	 97.583612	 97.583606	 97.583601	 97.583597	 97.583593	 97.583589	 97.583586	 97.583583	  97.58358	 97.583578	 97.583576	 97.583575	 97.583573	 97.583572	 97.583571	  97.58357	  97.58357	  97.58357	
        99	  98.94922	 98.898465	 98.847761	 98.797134	  98.74661	 98.696213	 98.645968	 98.595901	 98.546035	 98.496396	 98.447007	 98.397891	 98.349073	 98.300573	 98.252416	 98.204622	 98.157213	 98.110209	  98.06363	 98.017497	 97.971827	 97.926639	  97.88195	 97.837777	 97.794137	 97.751044	 97.708513	 97.666559	 97.625194	  97.58443	 97.544279	 97.504752	 97.465858	 97.427608	 97.390009	 97.353068	 97.316793	  97.28119	 97.246264	 97.212019	 97.178458	 97.145586	 97.113403	 97.081912	 97.051113	 97.021006	 96.991591	 96.962866	 96.934828	 96.907476	 96.880806	 96.854814	 96.829496	 96.804846	  96.78086	 96.757531	 96.734852	 96.712817	 96.691418	 96.670647	 96.650496	 96.630957	  96.61202	 96.593675	 96.575915	 96.558727	 96.542103	 96.526033	 96.510504	 96.495508	 96.481032	 96.467066	 96.453599	  96.44062	 96.428116	 96.416077	 96.404491	 96.393348	 96.382634	  96.37234	 96.362453	 96.352962	 96.343856	 96.335125	 96.326755	 96.318737	 96.311061	 96.303713	 96.296686	 96.289967	 96.283546	 96.277414	 96.271561	 96.265975	 96.260649	 96.255572	 96.250736	  96.24613	 96.241747	 96.237577	 96.233613	 96.229846	 96.226268	 96.222871	 96.219649	 96.216592	 96.213695	  96.21095	 96.208351	  96.20589	 96.203563	 96.201363	 96.199283	 96.197319	 96.195465	 96.193715	 96.192065	  96.19051	 96.189044	 96.187664	 96.186365	 96.185143	 96.183994	 96.182914	   96.1819	 96.180947	 96.180054	 96.179215	  96.17843	 96.177693	 96.177004	 96.176359	 96.175755	  96.17519	 96.174663	  96.17417	  96.17371	  96.17328	  96.17288	 96.172506	 96.172158	 96.171834	 96.171533	 96.171252	 96.170991	 96.170749	 96.170523	 96.170314	  96.17012	  96.16994	 96.169773	 96.169618	 96.169475	 96.169342	  96.16922	 96.169106	 96.169001	 96.168904	 96.168815	 96.168732	 96.168656	 96.168586	 96.168521	 96.168462	 96.168407	 96.168357	  96.16831	 96.168268	 96.168228	 96.168192	  96.16816	 96.168129	 96.168102	 96.168076	 96.168053	 96.168032	 96.168013	 96.167995	 96.167979	 96.167964	 96.167951	 96.167939	 96.167928	 96.167918	 96.167909	 96.167901	 96.167893	 96.167887	 96.167881	 96.167876	 96.167872	 96.167868	 96.167864	 96.167862	 96.167859	 96.167857	 96.167856	 96.167855	 96.167855	
        99	 98.923861	 98.847761	 98.771738	  98.69583	 98.620075	 98.544511	 98.469175	 98.394106	 98.319339	 98.244912	 98.170859	 98.097217	  98.02402	 97.951301	 97.879096	 97.807435	 97.736351	 97.665875	 97.596036	 97.526865	 97.458389	 97.390635	  97.32363	 97.257399	 97.191966	 97.127354	 97.063585	  97.00068	 96.938658	 96.877538	 96.817337	 96.758071	 96.699756	 96.642404	 96.586029	 96.530642	 96.476252	  96.42287	 96.370502	 96.319156	 96.268837	 96.219549	 96.171296	 96.124079	   96.0779	 96.032758	 95.988654	 95.945584	 95.903545	 95.862534	 95.822546	 95.783575	 95.745613	 95.708655	  95.67269	 95.637711	 95.603708	 95.570669	 95.538584	 95.507441	 95.477227	  95.44793	 95.419536	 95.392031	 95.365401	 95.339631	 95.314706	  95.29061	 95.267328	 95.244842	 95.223138	 95.202198	 95.182006	 95.162544	 95.143797	 95.125746	 95.108375	 95.091666	 95.075603	 95.060168	 95.045343	 95.031114	 95.017461	 95.004368	  94.99182	 94.979798	 94.968287	 94.957272	 94.946734	  94.93666	 94.927034	 94.917839	 94.909063	 94.900688	 94.892702	  94.88509	 94.877838	 94.870933	 94.864361	 94.858109	 94.852165	 94.846517	 94.841152	  94.83606	 94.831227	 94.826644	   94.8223	 94.818185	 94.814287	 94.810599	 94.807109	  94.80381	 94.800692	 94.797747	 94.794967	 94.792344	  94.78987	 94.787537	  94.78534	  94.78327	 94.781323	  94.77949	 94.777768	 94.776148	 94.774628	   94.7732	  94.77186	 94.770603	 94.769425	 94.768321	 94.767287	  94.76632	 94.765415	 94.764568	 94.763777	 94.763038	 94.762348	 94.761704	 94.761104	 94.760544	 94.760022	 94.759536	 94.759084	 94.758663	 94.758272	 94.757908	  94.75757	 94.757257	 94.756966	 94.756696	 94.756445	 94.756213	 94.755999	   94.7558	 94.755616	 94.755446	 94.755288	 94.755143	 94.755009	 94.754885	 94.754771	 94.754666	 94.754569	 94.754479	 94.754397	 94.754322	 94.754252	 94.754188	 94.754129	 94.754076	 94.754026	 94.753981	 94.753939	 94.753901	 94.753867	 94.753835	 94.753806	 94.753779	 94.753755	 94.753733	 94.753713	 94.753695	 94.753679	 94.753664	  94.75365	 94.753638	 94.753627	 94.753617	 94.753609	 94.753601	 94.753594	 94.753589	 94.753584	 94.753579	 94.753576	 94.753573	 94.753571	  94.75357	 94.753569	
        99	 98.898542	 98.797134	  98.69583	 98.594678	 98.493731	 98.393038	  98.29265	 98.192617	 98.092987	 97.993808	  97.89513	 97.796998	 97.699459	 97.602558	 97.506341	 97.410849	 97.316126	 97.222213	  97.12915	 97.036976	 96.945728	 96.855443	 96.766156	   96.6779	 96.590707	 96.504609	 96.419633	 96.335809	 96.253162	 96.171716	 96.091495	 96.012521	 95.934813	 95.858389	 95.783266	  95.70946	 95.636984	 95.565849	 95.496067	 95.427646	 95.360593	 95.294914	 95.230614	 95.167696	  95.10616	 95.046007	 94.987235	 94.929842	 94.873824	 94.819175	 94.765888	 94.713957	 94.663372	 94.614123	 94.566199	 94.519587	 94.474276	  94.43025	 94.387495	 94.345995	 94.305734	 94.266695	 94.228858	 94.192207	 94.156721	 94.122381	 94.089167	 94.057058	 94.026033	  93.99607	 93.967148	 93.939245	 93.912338	 93.886404	 93.861422	 93.837369	 93.814221	 93.791956	  93.77055	 93.749982	 93.730228	 93.711266	 93.693073	 93.675627	 93.658905	 93.642886	 93.627548	 93.612868	 93.598827	 93.585403	 93.572575	 93.560323	 93.548628	 93.537468	 93.526826	 93.516683	 93.507019	 93.497818	  93.48906	  93.48073	 93.472809	 93.465283	 93.458134	 93.451348	 93.444908	 93.438801	 93.433012	 93.427528	 93.422335	  93.41742	  93.41277	 93.408374	 93.404219	 93.400295	  93.39659	 93.393094	 93.389797	 93.386689	 93.383761	 93.381003	 93.378408	 93.375966	 93.373671	 93.371513	 93.369486	 93.367584	 93.365798	 93.364123	 93.362554	 93.361083	 93.359705	 93.358416	  93.35721	 93.356082	 93.355027	 93.354043	 93.353123	 93.352265	 93.351465	 93.350719	 93.350024	 93.349376	 93.348774	 93.348213	 93.347692	 93.347207	 93.346757	 93.346339	 93.345951	 93.345591	 93.345258	 93.344949	 93.344662	 93.344397	 93.344152	 93.343926	 93.343716	 93.343522	 93.343344	 93.343179	 93.343027	 93.342886	 93.342757	 93.342638	 93.342528	 93.342428	 93.342335	  93.34225	 93.342172	   93.3421	 93.342034	 93.341974	 93.341918	 93.341868	 93.341821	 93.341779	  93.34174	 93.341705	 93.341673	 93.341644	 93.341617	 93.341593	 93.341571	 93.341551	 93.341533	 93.341517	 93.341502	 93.341489	 93.341478	 93.341468	 93.341459	 93.341451	 93.341444	 93.341439	 93.341434	  93.34143	 93.341428	 93.341426	 93.341425	
        99	 98.873273	  98.74661	 98.620075	 98.493731	 98.367642	 98.241872	 98.116482	 97.991534	 97.867091	 97.743212	 97.619957	 97.497385	 97.375553	 97.254519	 97.134338	 97.015064	  96.89675	 96.779447	 96.663207	 96.548076	 96.434103	 96.321332	 96.209807	  96.09957	 95.990662	  95.88312	 95.776981	  95.67228	 95.569049	 95.467319	 95.367119	 95.268476	 95.171414	 95.075956	 94.982124	 94.889936	 94.799409	 94.710558	 94.623396	 94.537935	 94.454182	 94.372146	 94.291832	 94.213243	 94.136381	 94.061247	 93.987838	 93.916151	 93.846181	 93.777921	 93.711364	 93.646499	 93.583315	   93.5218	  93.46194	  93.40372	 93.347123	 93.292133	  93.23873	 93.186894	 93.136606	 93.087843	 93.040584	 92.994804	  92.95048	 92.907588	 92.866102	 92.825996	 92.787244	 92.749819	 92.713693	 92.678841	 92.645232	  92.61284	 92.581636	 92.551592	 92.522679	 92.494868	 92.468132	 92.442441	 92.417768	 92.394083	 92.371359	 92.349568	 92.328681	 92.308672	 92.289514	 92.271179	  92.25364	 92.236873	  92.22085	 92.205547	 92.190938	    92.177	 92.163708	 92.151038	 92.138968	 92.127474	 92.116536	  92.10613	 92.096237	 92.086836	 92.077907	  92.06943	 92.061387	 92.053759	 92.046529	 92.039679	 92.033192	 92.027053	 92.021245	 92.015754	 92.010564	 92.005663	 92.001035	 91.996669	  91.99255	 91.988668	 91.985011	 91.981567	 91.978325	 91.975275	 91.972408	 91.969713	 91.967181	 91.964805	 91.962574	 91.960483	 91.958522	 91.956685	 91.954964	 91.953354	 91.951847	 91.950438	 91.949121	 91.947891	 91.946743	 91.945671	 91.944672	  91.94374	 91.942871	 91.942063	  91.94131	  91.94061	 91.939959	 91.939353	 91.938791	 91.938269	 91.937784	 91.937335	 91.936918	 91.936532	 91.936175	 91.935844	 91.935538	 91.935254	 91.934993	 91.934751	 91.934528	 91.934322	 91.934132	 91.933956	 91.933795	 91.933646	 91.933509	 91.933383	 91.933268	 91.933161	 91.933064	 91.932974	 91.932892	 91.932816	 91.932747	 91.932684	 91.932626	 91.932573	 91.932525	 91.932481	 91.932441	 91.932404	 91.932371	 91.932341	 91.932313	 91.932288	 91.932266	 91.932246	 91.932228	 91.932212	 91.932197	 91.932184	 91.932173	 91.932164	 91.932155	 91.932148	 91.932142	 91.932138	 91.932135	 91.932132	 91.932131	
        99	 98.848068	 98.696213	 98.544511	 98.393038	 98.241872	 98.091087	 97.940758	 97.790959	 97.641765	 97.493247	 97.345478	 97.198527	 97.052465	 96.907358	 96.763274	 96.620277	 96.478431	 96.337798	 96.198438	 96.060409	 95.923767	 95.788567	 95.654861	 95.522699	  95.39213	 95.263199	  95.13595	 95.010425	 94.886662	 94.764699	  94.64457	 94.526307	 94.409941	 94.295497	 94.183003	 94.072479	 93.963947	 93.857425	 93.752927	 93.650468	 93.550057	 93.451705	 93.355417	 93.261197	 93.169049	 93.078971	 92.990961	 92.905016	  92.82113	 92.739294	 92.659499	 92.581733	 92.505982	 92.432232	 92.360467	 92.290667	 92.222814	 92.156886	 92.092862	 92.030717	 91.970427	 91.911965	 91.855306	 91.800421	 91.747282	 91.695859	 91.646122	 91.598039	 91.551579	 91.506711	   91.4634	 91.421616	 91.381323	 91.342488	 91.305078	 91.269058	 91.234395	 91.201053	 91.168999	 91.138199	 91.108618	 91.080222	 91.052979	 91.026853	 91.001813	 90.977824	 90.954855	 90.932873	 90.911847	 90.891744	 90.872535	 90.854188	 90.836674	 90.819963	 90.804027	 90.788837	 90.774366	 90.760587	 90.747473	 90.734998	 90.723138	 90.711867	 90.701161	 90.690999	 90.681356	 90.672211	 90.663542	  90.65533	 90.647553	 90.640192	  90.63323	 90.626646	 90.620425	 90.614548	    90.609	 90.603765	 90.598828	 90.594174	 90.589789	  90.58566	 90.581773	 90.578117	 90.574679	 90.571448	 90.568413	 90.565564	  90.56289	 90.560382	 90.558032	 90.555829	 90.553766	 90.551835	 90.550029	  90.54834	 90.546761	 90.545287	  90.54391	 90.542625	 90.541427	 90.540309	 90.539268	 90.538299	 90.537397	 90.536557	 90.535776	 90.535051	 90.534376	 90.533751	  90.53317	 90.532631	 90.532131	 90.531669	  90.53124	 90.530843	 90.530476	 90.530136	 90.529823	 90.529533	 90.529265	 90.529018	  90.52879	  90.52858	 90.528387	 90.528208	 90.528044	 90.527893	 90.527755	 90.527627	  90.52751	 90.527402	 90.527304	 90.527213	 90.527131	 90.527055	 90.526985	 90.526922	 90.526864	 90.526811	 90.526763	 90.526719	 90.526679	 90.526643	  90.52661	  90.52658	 90.526554	 90.526529	 90.526508	 90.526488	 90.526471	 90.526456	 90.526442	 90.526431	 90.526421	 90.526412	 90.526405	   90.5264	 90.526396	 90.526393	 90.526392	
        99	 98.822939	 98.645968	 98.469175	  98.29265	 98.116482	 97.940758	 97.765565	 97.590991	 97.417121	 97.244039	 97.071829	 96.900574	 96.730354	 96.561247	 96.393332	 96.226685	 96.061378	 95.897486	 95.735076	 95.574218	 95.414976	 95.257415	 95.101595	 94.947574	 94.795409	 94.645154	 94.496859	 94.350572	  94.20634	 94.064205	 93.924207	 93.786384	 93.650771	   93.5174	   93.3863	 93.257496	 93.131014	 93.006873	 92.885092	 92.765686	 92.648668	 92.534049	 92.421836	 92.312033	 92.204643	 92.099667	 91.997101	 91.896942	 91.799181	  91.70381	 91.610817	 91.520189	 91.431909	 91.345962	 91.262327	 91.180983	 91.101907	 91.025075	 90.950461	 90.878038	 90.807776	 90.739646	 90.673616	 90.609653	 90.547725	 90.487797	 90.429833	 90.373798	 90.319654	 90.267364	 90.216891	 90.168195	 90.121238	  90.07598	 90.032383	 89.990405	 89.950009	 89.911152	 89.873797	 89.837902	 89.803429	 89.770337	 89.738587	 89.708141	 89.678959	 89.651003	 89.624235	 89.598617	 89.574113	 89.550686	 89.528299	 89.506918	 89.486507	 89.467033	 89.448461	 89.430759	 89.413894	 89.397836	 89.382553	 89.368015	 89.354193	 89.341058	 89.328582	 89.316738	 89.305501	 89.294843	 89.284741	  89.27517	 89.266107	 89.257529	 89.249415	 89.241742	 89.234492	 89.227643	 89.221178	 89.215077	 89.209323	 89.203899	 89.198789	 89.193977	 89.189448	 89.185187	  89.18118	 89.177415	 89.173878	 89.170557	 89.167441	 89.164519	 89.161779	 89.159212	 89.156808	 89.154558	 89.152453	 89.150485	 89.148645	 89.146926	 89.145322	 89.143824	 89.142428	 89.141126	 89.139913	 89.138783	 89.137731	 89.136753	 89.135843	 89.134997	 89.134212	 89.133482	 89.132805	 89.132177	 89.131595	 89.131056	 89.130556	 89.130094	 89.129666	  89.12927	 89.128905	 89.128567	 89.128255	 89.127967	 89.127701	 89.127457	 89.127231	 89.127023	 89.126832	 89.126656	 89.126495	 89.126346	 89.126209	 89.126084	 89.125969	 89.125864	 89.125767	 89.125679	 89.125598	 89.125524	 89.125457	 89.125395	 89.125339	 89.125288	 89.125241	 89.125199	 89.125161	 89.125126	 89.125095	 89.125067	 89.125041	 89.125019	 89.124999	 89.124981	 89.124965	 89.124952	  89.12494	  89.12493	 89.124922	 89.124916	 89.124911	 89.124908	 89.124907	
        99	 98.797899	 98.595901	 98.394106	 98.192617	 97.991534	 97.790959	 97.590991	 97.391728	 97.193269	  96.99571	 96.799147	 96.603673	 96.409379	 96.216358	 96.024696	 95.834481	 95.645798	 95.458727	  95.27335	 95.089743	 94.907981	 94.728137	 94.550281	 94.374479	 94.200795	  94.02929	 93.860023	 93.693048	 93.528419	 93.366183	 93.206387	 93.049073	 92.894282	 92.742049	 92.592408	 92.445389	  92.30102	 92.159323	 92.020319	 91.884027	 91.750461	 91.619632	 91.491549	 91.366218	 91.243642	 91.123819	 91.006749	 90.892425	 90.780839	  90.67198	 90.565836	 90.462391	 90.361628	 90.263525	 90.168062	 90.075215	 89.984956	 89.897259	 89.812093	 89.729427	 89.649229	 89.571464	 89.496096	 89.423088	 89.352402	 89.283998	 89.217837	 89.153877	 89.092076	 89.032392	 88.974781	 88.919198	   88.8656	 88.813942	 88.764179	 88.716266	 88.670156	 88.625805	 88.583166	 88.542196	 88.502847	 88.465075	 88.428835	 88.394083	 88.360774	 88.328865	 88.298311	 88.269071	 88.241101	 88.214361	 88.188808	 88.164403	 88.141106	 88.118877	 88.097679	 88.077474	 88.058224	 88.039895	  88.02245	 88.005857	  87.99008	 87.975087	 87.960847	 87.947328	 87.934501	 87.922337	 87.910806	 87.899881	 87.889537	 87.879746	 87.870484	 87.861726	  87.85345	 87.845633	 87.838254	  87.83129	 87.824723	 87.818532	 87.812699	 87.807206	 87.802036	 87.797173	 87.792599	 87.788302	 87.784264	 87.780474	 87.776918	 87.773582	 87.770455	 87.767525	 87.764781	 87.762212	  87.75981	 87.757563	 87.755463	 87.753501	  87.75167	 87.749961	 87.748367	 87.746881	 87.745496	 87.744206	 87.743006	 87.741889	 87.740851	 87.739885	 87.738989	 87.738156	 87.737383	 87.736667	 87.736002	 87.735387	 87.734816	 87.734288	   87.7338	 87.733348	 87.732931	 87.732545	 87.732189	 87.731861	 87.731558	 87.731278	 87.731021	 87.730784	 87.730566	 87.730365	  87.73018	 87.730011	 87.729855	 87.729712	 87.729581	  87.72946	  87.72935	 87.729249	 87.729157	 87.729073	 87.728996	 87.728925	 87.728861	 87.728803	  87.72875	 87.728702	 87.728658	 87.728618	 87.728583	  87.72855	 87.728522	 87.728496	 87.728473	 87.728452	 87.728435	 87.728419	 87.728406	 87.728395	 87.728386	 87.728378	 87.728373	 87.728369	 87.728368	
        99	  98.77296	 98.546035	 98.319339	 98.092987	 97.867091	 97.641765	 97.417121	 97.193269	 96.970321	 96.748383	 96.527564	 96.307968	   96.0897	 95.872859	 95.657547	  95.44386	 95.231893	 95.021738	 94.813485	 94.607221	  94.40303	 94.200994	  94.00119	 93.803694	 93.608578	  93.41591	 93.225755	 93.038176	 92.853232	 92.670976	 92.491461	 92.314735	 92.140843	 91.969825	 91.801718	 91.636557	 91.474373	  91.31519	 91.159034	 91.005924	 90.855876	 90.708903	 90.565015	 90.424218	 90.286516	 90.151907	  90.02039	 89.891959	 89.766603	 89.644311	 89.525069	  89.40886	 89.295662	 89.185454	 89.078211	 88.973906	  88.87251	  88.77399	 88.678315	 88.585449	 88.495354	 88.407993	 88.323324	 88.241307	 88.161898	 88.085054	 88.010729	 87.938876	 87.869449	   87.8024	 87.737679	 87.675238	 87.615026	 87.556994	  87.50109	 87.447264	 87.395464	  87.34564	  87.29774	 87.251714	  87.20751	 87.165077	 87.124365	 87.085325	 87.047905	 87.012058	 86.977734	 86.944886	 86.913465	 86.883424	 86.854719	 86.827302	  86.80113	 86.776159	 86.752345	 86.729646	 86.708021	  86.68743	 86.667833	 86.649191	 86.631467	 86.614625	 86.598627	 86.583441	 86.569031	 86.555365	 86.542411	 86.530139	 86.518517	 86.507518	 86.497113	 86.487275	 86.477978	 86.469197	 86.460906	 86.453083	 86.445705	 86.438751	 86.432198	 86.426027	  86.42022	 86.414756	 86.409618	  86.40479	 86.400255	 86.395997	 86.392001	 86.388254	 86.384741	 86.381449	 86.378367	 86.375482	 86.372782	 86.370258	 86.367899	 86.365696	 86.363638	 86.361718	 86.359927	 86.358258	 86.356702	 86.355254	 86.353905	  86.35265	 86.351484	 86.350399	 86.349392	 86.348457	 86.347589	 86.346784	 86.346037	 86.345345	 86.344705	 86.344112	 86.343563	 86.343056	 86.342587	 86.342154	 86.341754	 86.341385	 86.341044	  86.34073	 86.340441	 86.340175	  86.33993	 86.339704	 86.339497	 86.339306	 86.339131	 86.338971	 86.338823	 86.338688	 86.338564	 86.338451	 86.338347	 86.338253	 86.338166	 86.338087	 86.338015	 86.337949	  86.33789	 86.337836	 86.337787	 86.337742	 86.337702	 86.337666	 86.337633	 86.337604	 86.337579	 86.337556	 86.337536	 86.337518	 86.337503	 86.337491	 86.337481	 86.337473	 86.337466	 86.337462	 86.337461	
        99	 98.748134	 98.496396	 98.244912	 97.993808	 97.743212	 97.493247	 97.244039	  96.99571	 96.748383	 96.502178	 96.257213	 96.013605	  95.77147	 95.530919	 95.292063	  95.05501	 94.819865	 94.586731	 94.355706	 94.126888	  93.90037	 93.676242	  93.45459	 93.235499	 93.019047	 92.805312	 92.594364	 92.386274	 92.181107	 91.978922	 91.779778	 91.583728	 91.390821	 91.201103	 91.014615	 90.831394	 90.651475	 90.474887	 90.301656	 90.131803	 89.965348	 89.802304	 89.642683	  89.48649	  89.33373	 89.184403	 89.038506	  88.89603	 88.756968	 88.621304	 88.489023	 88.360106	 88.234531	 88.112272	 87.993303	 87.877592	 87.765109	 87.655817	  87.54968	 87.446659	 87.346713	 87.249798	 87.155872	 87.064886	 86.976795	 86.891548	 86.809096	 86.729386	 86.652368	 86.577987	 86.506189	  86.43692	 86.370125	 86.305747	  86.24373	 86.184018	 86.126554	 86.071282	 86.018145	 85.967085	 85.918047	 85.870975	 85.825812	 85.782502	 85.740991	 85.701224	 85.663147	 85.626707	  85.59185	 85.558525	  85.52668	 85.496266	 85.467232	  85.43953	 85.413112	 85.387931	 85.363942	 85.341099	 85.319359	 85.298679	 85.279017	 85.260333	 85.242586	 85.225739	 85.209754	 85.194593	 85.180223	 85.166609	 85.153717	 85.141515	 85.129972	 85.119059	 85.108745	 85.099003	 85.089806	 85.081128	 85.072943	 85.065228	 85.057959	 85.051113	  85.04467	 85.038609	  85.03291	 85.027554	 85.022523	 85.017799	 85.013367	 85.009209	 85.005312	 85.001661	 84.998241	 84.995041	 84.992046	 84.989246	 84.986629	 84.984185	 84.981902	 84.979772	 84.977786	 84.975934	 84.974208	 84.972601	 84.971105	 84.969713	 84.968419	 84.967216	 84.966098	  84.96506	 84.964098	 84.963204	 84.962376	 84.961609	 84.960898	 84.960241	 84.959632	 84.959069	 84.958549	 84.958068	 84.957625	 84.957215	 84.956837	 84.956489	 84.956168	 84.955873	 84.955601	 84.955351	 84.955121	 84.954909	 84.954715	 84.954537	 84.954374	 84.954224	 84.954086	 84.953961	 84.953846	 84.953741	 84.953645	 84.953557	 84.953477	 84.953404	 84.953338	 84.953278	 84.953224	 84.953174	  84.95313	  84.95309	 84.953054	 84.953022	 84.952993	 84.952968	 84.952945	 84.952926	  84.95291	 84.952896	 84.952884	 84.952875	 84.952869	 84.952864	 84.952862	
        99	 98.723434	 98.447007	 98.170859	  97.89513	 97.619957	 97.345478	 97.071829	 96.799147	 96.527564	 96.257213	 95.988224	 95.720725	 95.454843	 95.190701	  94.92842	 94.668119	 94.409913	 94.153915	 93.900234	 93.648975	 93.400242	 93.154133	 92.910744	 92.670166	 92.432487	  92.19779	 91.966155	 91.737657	 91.512368	 91.290355	 91.071681	 90.856404	 90.644578	 90.436254	 90.231477	 90.030288	 89.832723	 89.638817	 89.448597	 89.262087	 89.079307	 88.900273	 88.724997	 88.553487	 88.385746	 88.221774	 88.061568	  87.90512	 87.752419	 87.603451	 87.458197	 87.316637	 87.178746	 87.044497	  86.91386	 86.786802	 86.663287	 86.543277	 86.426731	 86.313606	 86.203858	  86.09744	 85.994301	 85.894393	 85.797662	 85.704055	 85.613516	  85.52599	 85.441418	 85.359742	 85.280904	 85.204841	 85.131495	 85.060803	 84.992704	 84.927137	 84.864037	 84.803345	 84.744996	 84.688929	 84.635082	 84.583393	   84.5338	 84.486243	 84.440661	 84.396994	 84.355183	 84.315169	 84.276894	   84.2403	 84.205333	 84.171936	 84.140054	 84.109635	 84.080627	 84.052976	 84.026634	 84.001551	 83.977679	 83.954971	 83.933381	 83.912864	 83.893377	 83.874878	 83.857325	 83.840678	 83.824898	 83.809949	 83.795792	 83.782394	 83.769719	 83.757735	  83.74641	 83.735713	 83.725614	 83.716084	 83.707097	 83.698625	 83.690643	 83.683126	 83.676051	 83.669396	 83.663138	 83.657256	 83.651732	 83.646545	 83.641678	 83.637113	 83.632834	 83.628824	 83.625069	 83.621554	 83.618266	 83.615192	 83.612318	 83.609634	 83.607127	 83.604789	 83.602607	 83.600574	 83.598679	 83.596914	 83.595271	 83.593743	 83.592322	 83.591001	 83.589774	 83.588634	 83.587577	 83.586596	 83.585687	 83.584844	 83.584064	 83.583342	 83.582673	 83.582055	 83.581484	 83.580956	 83.580469	 83.580019	 83.579605	 83.579222	  83.57887	 83.578546	 83.578247	 83.577972	  83.57772	 83.577488	 83.577274	 83.577079	 83.576899	 83.576735	 83.576584	 83.576446	  83.57632	 83.576204	 83.576099	 83.576002	 83.575915	 83.575835	 83.575762	 83.575696	 83.575636	 83.575582	 83.575533	 83.575489	  83.57545	 83.575415	 83.575383	 83.575355	 83.575331	  83.57531	 83.575292	 83.575276	 83.575264	 83.575254	 83.575247	 83.575242	 83.575239	
        99	  98.69887	 98.397891	 98.097217	 97.796998	 97.497385	 97.198527	 96.900574	 96.603673	 96.307968	 96.013605	 95.720725	 95.429468	 95.139971	 94.852369	 94.566793	 94.283372	 94.002233	 93.723498	 93.447285	  93.17371	 92.902885	 92.634918	 92.369911	 92.107966	 91.849176	 91.593634	 91.341426	 91.092633	 90.847335	 90.605603	 90.367507	 90.133109	  89.90247	 89.675643	 89.452678	 89.233619	 89.018508	  88.80738	 88.600265	 88.397189	 88.198175	  88.00324	 87.812397	 87.625653	 87.443014	 87.264478	 87.090043	   86.9197	 86.753436	 86.591237	 86.433082	 86.278949	 86.128811	 85.982639	 85.840399	 85.702056	  85.56757	 85.436901	 85.310004	 85.186832	 85.067336	 84.951466	 84.839167	 84.730385	 84.625063	 84.523142	 84.424561	 84.329261	 84.237178	 84.148248	 84.062407	 83.979589	 83.899728	 83.822758	 83.748611	 83.677219	 83.608516	 83.542432	 83.478901	 83.417855	 83.359225	 83.302945	 83.248948	 83.197167	 83.147536	 83.099991	 83.054466	 83.010898	 82.969223	  82.92938	 82.891307	 82.854943	  82.82023	  82.78711	 82.755524	 82.725418	 82.696737	 82.669426	 82.643433	 82.618708	 82.595201	 82.572862	 82.551644	 82.531501	 82.512389	 82.494264	 82.477083	 82.460805	 82.445391	 82.430803	 82.417003	 82.403954	 82.391623	 82.379976	  82.36898	 82.358604	 82.348819	 82.339594	 82.330903	 82.322719	 82.315016	 82.307769	 82.300955	 82.294551	 82.288536	 82.282889	 82.277589	 82.272619	 82.267959	 82.263594	 82.259505	 82.255678	 82.252098	  82.24875	 82.245622	 82.242699	  82.23997	 82.237424	 82.235048	 82.232834	 82.230771	 82.228849	 82.227061	 82.225397	 82.223849	 82.222411	 82.221075	 82.219834	 82.218683	 82.217615	 82.216625	 82.215708	 82.214858	 82.214072	 82.213344	 82.212671	 82.212049	 82.211474	 82.210944	 82.210454	 82.210003	 82.209586	 82.209203	  82.20885	 82.208524	 82.208225	  82.20795	 82.207698	 82.207465	 82.207252	 82.207057	 82.206878	 82.206714	 82.206563	 82.206426	   82.2063	 82.206185	 82.206081	 82.205985	 82.205898	 82.205819	 82.205747	 82.205682	 82.205623	  82.20557	 82.205522	 82.205479	  82.20544	 82.205406	 82.205376	 82.205349	 82.205326	 82.205307	  82.20529	 82.205276	 82.205266	 82.205258	 82.205252	  82.20525	
        99	 98.674454	 98.349073	  98.02402	 97.699459	 97.375553	 97.052465	 96.730354	 96.409379	   96.0897	  95.77147	 95.454843	 95.139971	 94.827002	  94.51608	  94.20735	  93.90095	 93.597016	 93.295681	 92.997073	 92.701317	 92.408534	 92.118839	 91.832346	 91.549162	  91.26939	 90.993129	 90.720472	 90.451508	  90.18632	 89.924989	 89.667588	 89.414186	 89.164846	 88.919628	 88.678585	 88.441766	 88.209213	 87.980966	 87.757059	 87.537518	 87.322368	 87.111628	 86.905311	 86.703426	 86.505978	 86.312967	 86.124389	 85.940234	  85.76049	  85.58514	 85.414162	 85.247532	 85.085221	 84.927197	 84.773424	 84.623864	 84.478475	 84.337211	 84.200025	 84.066866	 83.937682	 83.812417	 83.691013	 83.573411	 83.459549	 83.349364	 83.242791	 83.139764	 83.040215	 82.944074	 82.851273	 82.761741	 82.675405	 82.592194	 82.512035	 82.434855	 82.360581	 82.289139	 82.220457	 82.154461	 82.091078	 82.030235	 81.971859	  81.91588	 81.862226	 81.810825	 81.761609	 81.714509	 81.669455	 81.626381	 81.585221	 81.545909	 81.508381	 81.472575	 81.438429	 81.405882	 81.374875	  81.34535	  81.31725	  81.29052	 81.265107	 81.240956	 81.218018	 81.196243	 81.175581	 81.155986	 81.137412	 81.119814	 81.103151	  81.08738	  81.07246	 81.058354	 81.045023	 81.032432	 81.020544	 81.009327	 80.998748	 80.988776	  80.97938	 80.970532	 80.962204	  80.95437	 80.947004	 80.940081	 80.933578	 80.927472	 80.921743	  80.91637	 80.911333	 80.906613	 80.902193	 80.898056	 80.894186	 80.890566	 80.887184	 80.884024	 80.881074	 80.878321	 80.875753	  80.87336	 80.871129	 80.869052	 80.867118	 80.865319	 80.863646	 80.862091	 80.860647	 80.859306	 80.858061	 80.856907	 80.855836	 80.854845	 80.853926	 80.853076	 80.852289	 80.851562	 80.850889	 80.850268	 80.849695	 80.849165	 80.848677	 80.848227	 80.847812	  80.84743	 80.847079	 80.846756	 80.846458	 80.846185	 80.845934	 80.845704	 80.845492	 80.845299	 80.845121	 80.844959	  80.84481	 80.844674	  80.84455	 80.844437	 80.844334	  80.84424	 80.844154	 80.844076	 80.844006	 80.843942	 80.843885	 80.843833	 80.843786	 80.843745	 80.843708	 80.843675	 80.843647	 80.843622	   80.8436	 80.843582	 80.843567	 80.843556	 80.843547	 80.843541	 80.843539	
        99	 98.650198	 98.300573	 97.951301	 97.602558	 97.254519	 96.907358	 96.561247	 96.216358	 95.872859	 95.530919	 95.190701	 94.852369	  94.51608	 94.181993	  93.85026	 93.521031	 93.194452	 92.870665	 92.549808	 92.232016	 91.917418	 91.606139	   91.2983	 90.994017	 90.693399	 90.396554	 90.103582	 89.814578	 89.529632	  89.24883	  88.97225	 88.699967	  88.43205	 88.168561	 87.909559	 87.655094	 87.405215	 87.159962	 86.919371	 86.683473	 86.452293	 86.225851	 86.004161	 85.787235	 85.575075	 85.367684	 85.165055	 84.967179	 84.774043	 84.585627	  84.40191	 84.222865	  84.04846	 83.878662	 83.713432	 83.552729	 83.396507	 83.244718	  83.09731	  82.95423	 82.815421	 82.680822	 82.550373	 82.424009	 82.301663	 82.183269	 82.068756	 81.958052	 81.851085	 81.747782	 81.648066	 81.551863	 81.459094	 81.369683	 81.283552	 81.200621	 81.120813	 81.044049	 80.970249	 80.899336	  80.83123	 80.765854	 80.703129	 80.642979	 80.585327	 80.530097	 80.477214	 80.426604	 80.378193	  80.33191	 80.287683	 80.245442	 80.205119	 80.166645	 80.129954	 80.094982	 80.061665	  80.02994	 79.999746	 79.971025	 79.943718	 79.917768	 79.893121	 79.869723	 79.847522	 79.826467	 79.806509	   79.7876	 79.769695	 79.752749	 79.736718	 79.721561	 79.707236	 79.693707	 79.680933	 79.668881	 79.657513	 79.646798	 79.636702	 79.627195	 79.618247	 79.609829	 79.601914	 79.594475	 79.587487	 79.580927	 79.574771	 79.568998	 79.563585	 79.558514	 79.553764	 79.549319	  79.54516	 79.541271	 79.537637	 79.534242	 79.531072	 79.528114	 79.525355	 79.522782	 79.520386	 79.518154	 79.516076	 79.514143	 79.512345	 79.510675	 79.509123	 79.507682	 79.506344	 79.505104	 79.503954	 79.502888	 79.501901	 79.500987	 79.500142	 79.499361	 79.498638	 79.497971	 79.497354	 79.496786	 79.496261	 79.495777	 79.495332	 79.494921	 79.494544	 79.494196	 79.493877	 79.493583	 79.493314	 79.493066	 79.492839	 79.492631	  79.49244	 79.492266	 79.492106	  79.49196	 79.491827	 79.491705	 79.491594	 79.491493	 79.491401	 79.491318	 79.491242	 79.491173	 79.491112	 79.491056	 79.491006	 79.490961	 79.490922	 79.490886	 79.490856	 79.490829	 79.490806	 79.490787	 79.490771	 79.490758	 79.490749	 79.490743	  79.49074	
        99	 98.626114	 98.252416	 97.879096	 97.506341	 97.134338	 96.763274	 96.393332	 96.024696	 95.657547	 95.292063	  94.92842	 94.566793	  94.20735	  93.85026	 93.495686	 93.143789	 92.794724	 92.448643	 92.105694	 91.766021	 91.429762	 91.097051	 90.768017	 90.442782	 90.121467	 89.804183	 89.491039	 89.182136	 88.877571	 88.577435	 88.281812	 87.990782	 87.704418	 87.422787	 87.145951	 86.873966	 86.606882	 86.344743	 86.087586	 85.835446	 85.588348	 85.346315	 85.109362	 84.877499	 84.650732	 84.429061	 84.212481	 84.000981	 83.794546	 83.593158	 83.396791	 83.205418	 83.019006	 82.837516	  82.66091	 82.489142	 82.322163	 82.159923	 82.002366	 81.849435	 81.701068	 81.557202	 81.417771	 81.282706	 81.151937	  81.02539	 80.902992	 80.784667	 80.670335	 80.559919	 80.453338	  80.35051	 80.251354	 80.155787	 80.063725	 79.975085	 79.889782	 79.807732	 79.728851	 79.653055	  79.58026	 79.510382	 79.443339	 79.379047	 79.317426	 79.258393	 79.201869	 79.147774	  79.09603	  79.04656	 78.999288	 78.954139	 78.911039	 78.869916	 78.830699	 78.793319	 78.757708	 78.723799	 78.691526	 78.660828	  78.63164	 78.603904	  78.57756	  78.55255	  78.52882	 78.506316	 78.484984	 78.464773	 78.445635	 78.427522	 78.410388	 78.394187	 78.378876	 78.364415	 78.350762	  78.33788	  78.32573	 78.314277	 78.303486	 78.293324	  78.28376	 78.274762	 78.266302	 78.258351	 78.250882	  78.24387	  78.23729	 78.231119	 78.225334	 78.219914	 78.214837	 78.210086	 78.205641	 78.201484	 78.197599	  78.19397	 78.190582	 78.187421	 78.184471	 78.181722	  78.17916	 78.176775	 78.174554	 78.172488	 78.170566	 78.168781	 78.167122	 78.165581	 78.164152	 78.162826	 78.161597	 78.160458	 78.159403	 78.158427	 78.157523	 78.156688	 78.155915	 78.155202	 78.154543	 78.153935	 78.153375	 78.152858	 78.152381	 78.151943	 78.151539	 78.151168	 78.150826	 78.150512	 78.150224	  78.14996	 78.149717	 78.149495	 78.149291	 78.149104	 78.148934	 78.148777	 78.148635	 78.148505	 78.148386	 78.148278	  78.14818	 78.148091	  78.14801	 78.147937	 78.147871	 78.147811	 78.147758	  78.14771	 78.147668	  78.14763	 78.147597	 78.147568	 78.147544	 78.147523	 78.147506	 78.147493	 78.147483	 78.147476	 78.147473	
        99	 98.602211	 98.204622	 97.807435	 97.410849	 97.015064	 96.620277	 96.226685	 95.834481	  95.44386	  95.05501	 94.668119	 94.283372	  93.90095	 93.521031	 93.143789	 92.769394	 92.398013	 92.029807	 91.664933	 91.303544	 90.945788	 90.591806	 90.241736	 89.895709	 89.553851	 89.216283	 88.883119	 88.554468	 88.230432	 87.911107	 87.596585	 87.286949	 86.982277	 86.682641	 86.388107	 86.098734	 85.814575	 85.535676	  85.26208	  84.99382	 84.730925	 84.473418	 84.221316	  83.97463	 83.733366	 83.497523	 83.267096	 83.042075	 82.822443	 82.608179	 82.399259	 82.195651	 81.997321	 81.804229	 81.616332	 81.433582	 81.255928	 81.083316	 80.915686	 80.752978	 80.595126	 80.442062	 80.293717	 80.150017	 80.010888	 79.876251	 79.746028	 79.620138	 79.498497	 79.381022	 79.267627	 79.158225	  79.05273	 78.951053	 78.853106	 78.758798	 78.668042	 78.580747	 78.496823	 78.416181	 78.338732	 78.264387	 78.193057	 78.124656	 78.059094	 77.996288	  77.93615	 77.878597	 77.823545	 77.770912	 77.720618	 77.672582	 77.626727	 77.582975	 77.541251	 77.501481	 77.463593	 77.427516	 77.393181	 77.360519	 77.329466	 77.299956	 77.271928	  77.24532	 77.220073	 77.196129	 77.173433	 77.151931	  77.13157	 77.112298	 77.094068	 77.076831	 77.060542	 77.045156	 77.030631	 77.016925	 77.003998	 76.991813	 76.980332	 76.969521	 76.959345	 76.949772	 76.940771	 76.932311	 76.924365	 76.916905	 76.909905	 76.903339	 76.897184	 76.891417	 76.886016	 76.880961	 76.876232	 76.871809	 76.867676	 76.863815	 76.860211	 76.856847	 76.853709	 76.850784	 76.848058	  76.84552	 76.843157	 76.840959	 76.838915	 76.837015	  76.83525	 76.833611	 76.832091	  76.83068	 76.829372	  76.82816	 76.827038	 76.825999	 76.825038	 76.824149	 76.823327	 76.822568	 76.821867	 76.821221	 76.820624	 76.820074	 76.819567	 76.819101	 76.818671	 76.818276	 76.817913	 76.817579	 76.817272	 76.816991	 76.816733	 76.816496	 76.816279	 76.816081	 76.815899	 76.815733	 76.815581	 76.815443	 76.815317	 76.815202	 76.815097	 76.815003	 76.814916	 76.814839	 76.814768	 76.814705	 76.814648	 76.814597	 76.814552	 76.814512	 76.814477	 76.814447	 76.814421	 76.814399	 76.814381	 76.814366	 76.814356	 76.814349	 76.814345	
        99	   98.5785	 98.157213	 97.736351	 97.316126	  96.89675	 96.478431	 96.061378	 95.645798	 95.231893	 94.819865	 94.409913	 94.002233	 93.597016	 93.194452	 92.794724	 92.398013	 92.004495	 91.614341	 91.227719	 90.844789	 90.465709	 90.090627	 89.719691	 89.353039	 88.990804	 88.633115	 88.280093	 87.931852	 87.588501	 87.250143	 86.916873	 86.588781	 86.265949	 85.948453	 85.636363	 85.329741	 85.028644	 84.733122	 84.443218	 84.158968	 83.880403	 83.607547	 83.340418	 83.079028	 82.823383	 82.573483	 82.329321	 82.090887	 81.858164	 81.631129	 81.409756	 81.194012	  80.98386	 80.779258	 80.580161	 80.386519	 80.198276	 80.015375	 79.837753	 79.665346	 79.498085	 79.335898	 79.178711	 79.026446	 78.879023	 78.736362	 78.598377	 78.464982	 78.336091	 78.211613	 78.091459	 77.975537	 77.863754	 77.756016	  77.65223	 77.552302	 77.456136	 77.363637	 77.274711	 77.189263	 77.107197	 77.028421	 76.952839	  76.88036	 76.810891	 76.744341	 76.680618	 76.619635	 76.561302	 76.505532	  76.45224	 76.401341	 76.352752	 76.306392	 76.262182	 76.220041	 76.179895	 76.141667	 76.105285	 76.070677	 76.037772	 76.006504	 75.976805	 75.948611	 75.921859	 75.896488	  75.87244	 75.849656	  75.82808	 75.807661	 75.788344	  75.77008	  75.75282	 75.736517	 75.721125	 75.706602	 75.692905	 75.679993	 75.667828	 75.656373	  75.64559	 75.635447	 75.625909	 75.616945	 75.608526	 75.600621	 75.593203	 75.586246	 75.579724	 75.573613	 75.567891	 75.562534	 75.557523	 75.552837	 75.548457	 75.544366	 75.540547	 75.536982	 75.533658	 75.530558	  75.52767	 75.524981	 75.522477	 75.520148	 75.517982	 75.515969	 75.514099	 75.512362	 75.510751	 75.509256	  75.50787	 75.506586	 75.505397	 75.504296	 75.503278	 75.502336	 75.501465	 75.500661	 75.499918	 75.499233	 75.498601	 75.498018	 75.497481	 75.496987	 75.496532	 75.496113	 75.495728	 75.495374	 75.495049	 75.494751	 75.494477	 75.494227	 75.493997	 75.493787	 75.493594	 75.493418	 75.493258	 75.493111	 75.492977	 75.492855	 75.492745	 75.492644	 75.492553	  75.49247	 75.492396	 75.492329	 75.492269	 75.492215	 75.492167	 75.492125	 75.492087	 75.492055	 75.492028	 75.492004	 75.491985	  75.49197	 75.491959	 75.491951	 75.491948	
