Time step 63:
        99	        99	        99	        99	        99	        99	        99	        99	        99	        99	        99	        99	        99	        99	        99	        99	        99	        99	        99	        99	        99	        99	        99	        99	        99	        99	        99	        99	        99	        99	        99	        99	        99	        99	        99	        99	        99	        99	        99	        99	        99	        99	        99	        99	        99	        99	        99	        99	        99	        99	        99	        99	        99	        99	        99	        99	        99	        99	        99	        99	        99	        99	        99	        99	        99	        99	        99	        99	        99	        99	        99	        99	        99	        99	        99	        99	        99	        99	        99	        99	        99	        99	        99	        99	        99	        99	        99	        99	        99	        99	        99	        99	        99	        99	        99	        99	        99	        99	        99	        99	        99	        99	        99	        99	        99	        99	        99	        99	        99	        99	        99	        99	        99	        99	        99	        99	        99	        99	        99	        99	        99	        99	        99	        99	        99	        99	        99	        99	        99	        99	        99	        99	        99	        99	        99	        99	        99	        99	        99	        99	        99	        99	        99	        99	        99	        99	        99	        99	        99	        99	        99	        99	        99	        99	        99	        99	        99	        99	        99	        99	        99	        99	        99	        99	        99	        99	        99	        99	        99	        99	        99	        99	        99	        99	        99	        99	        99	        99	        99	        99	        99	        99	        99	        99	        99	        99	        99	        99	        99	        99	        99	        99	        99	        99	        99	        99	        99	        99	        99	        99	
        99	 98.989921	 98.979844	 98.969772	 98.959705	 98.949646	 98.939598	 98.929561	 98.919539	 98.909533	 98.899544	 98.889576	  98.87963	 98.869707	 98.859811	 98.849942	 98.840102	 98.830295	  98.82052	 98.810781	 98.801079	 98.791415	 98.781793	 98.772212	 98.762676	 98.753185	 98.743742	 98.734348	 98.725004	 98.715713	 98.706476	 98.697294	 98.688169	 98.679102	 98.670095	 98.661149	 98.652266	 98.643447	 98.634693	 98.626005	 98.617385	 98.608833	 98.600352	 98.591942	 98.583604	 98.575339	 98.567148	 98.559033	 98.550993	 98.543031	 98.535146	  98.52734	 98.519614	 98.511967	 98.504402	 98.496917	 98.489515	 98.482195	 98.474959	 98.467806	 98.460738	 98.453753	 98.446854	  98.44004	 98.433311	 98.426668	 98.420112	 98.413641	 98.407256	 98.400959	 98.394747	 98.388622	 98.382584	 98.376632	 98.370767	 98.364988	 98.359295	 98.353688	 98.348168	 98.342732	 98.337383	 98.332118	 98.326938	 98.321843	 98.316832	 98.311904	  98.30706	 98.302298	 98.297619	 98.293022	 98.288506	 98.284071	 98.279716	 98.275441	 98.271244	 98.267126	 98.263086	 98.259123	 98.255236	 98.251425	 98.247689	 98.244027	 98.240439	 98.236923	 98.233479	 98.230107	 98.226805	 98.223572	 98.220408	 98.217312	 98.214283	 98.211321	 98.208423	 98.205591	 98.202821	 98.200115	 98.197471	 98.194887	 98.192364	   98.1899	 98.187494	 98.185146	 98.182855	 98.180619	 98.178438	 98.176311	 98.174237	 98.172215	 98.170244	 98.168324	 98.166453	 98.164631	 98.162857	  98.16113	 98.159449	 98.157813	 98.156222	 98.154674	 98.153168	 98.151705	 98.150283	 98.148901	 98.147559	 98.146255	  98.14499	 98.143761	 98.142569	 98.141413	 98.140291	 98.139204	  98.13815	 98.137129	  98.13614	 98.135183	 98.134256	  98.13336	 98.132493	 98.131654	 98.130844	 98.130062	 98.129306	 98.128577	 98.127874	 98.127196	 98.126543	 98.125914	 98.125309	 98.124727	 98.124168	 98.123631	 98.123116	 98.122623	  98.12215	 98.121698	 98.121266	 98.120854	 98.120461	 98.120088	 98.119732	 98.119396	 98.119077	 98.118776	 98.118493	 98.118227	 98.117978	 98.117745	 98.117529	  98.11733	 98.117146	 98.116978	 98.116827	  98.11669	  98.11657	 98.116464	 98.116374	 98.116299	 98.116239	 98.116194	 98.116164	 98.116149	
        99	 98.979844	 98.959693	 98.939549	 98.919418	 98.899303	 98.879208	 98.859137	 98.839094	 98.819083	 98.799109	 98.779174	 98.759284	 98.739441	 98.719649	 98.699914	 98.680237	 98.660623	 98.641076	   98.6216	 98.602198	 98.582873	 98.563629	  98.54447	 98.525399	  98.50642	 98.487535	 98.468749	 98.450064	 98.431483	 98.413011	 98.394649	   98.3764	 98.358269	 98.340257	 98.322367	 98.304602	 98.286965	 98.269459	 98.252085	 98.234846	 98.217745	 98.200784	 98.183965	 98.167291	 98.150763	 98.134383	 98.118154	 98.102077	 98.086153	 98.070386	 98.054775	 98.039324	 98.024032	 98.008902	 97.993935	 97.979132	 97.964495	 97.950023	 97.935719	 97.921583	 97.907616	 97.893819	 97.880192	 97.866736	 97.853452	 97.840339	 97.827399	 97.814632	 97.802037	 97.789615	 97.777367	 97.765291	 97.753389	  97.74166	 97.730103	 97.718718	 97.707506	 97.696466	 97.685596	 97.674898	  97.66437	 97.654011	 97.643822	   97.6338	 97.623946	 97.614258	 97.604736	 97.595379	 97.586186	 97.577155	 97.568285	 97.559576	 97.551026	 97.542635	   97.5344	  97.52632	 97.518394	 97.510622	    97.503	 97.495529	 97.488206	  97.48103	 97.473999	 97.467113	 97.460368	 97.453765	   97.4473	 97.440973	 97.434781	 97.428724	 97.422799	 97.417005	  97.41134	 97.405803	  97.40039	 97.395102	 97.389936	  97.38489	 97.379962	 97.375151	 97.370455	 97.365873	 97.361402	  97.35704	 97.352786	 97.348639	 97.344595	 97.340654	 97.336815	 97.333074	  97.32943	 97.325882	 97.322428	 97.319066	 97.315795	 97.312612	 97.309517	 97.306507	  97.30358	 97.300736	 97.297973	 97.295289	 97.292682	 97.290151	 97.287694	  97.28531	 97.282997	 97.280755	  97.27858	 97.276473	 97.274431	 97.272454	 97.270539	 97.268686	 97.266893	 97.265159	 97.263483	 97.261863	 97.260298	 97.258787	 97.257329	 97.255923	 97.254567	 97.253261	 97.252004	 97.250794	  97.24963	 97.248512	 97.247439	 97.246409	 97.245422	 97.244476	 97.243572	 97.242709	 97.241884	 97.241099	 97.240351	 97.239641	 97.238968	 97.238331	 97.237729	 97.237163	  97.23663	 97.236132	 97.235667	 97.235235	 97.234836	 97.234469	 97.234134	  97.23383	 97.233558	 97.233316	 97.233105	 97.232925	 97.232775	 97.232655	 97.232565	 97.232506	 97.232476	
        99	 98.969772	 98.939549	 98.909339	 98.879147	  98.84898	 98.818842	 98.788741	 98.758682	 98.728671	 98.698714	 98.668817	 98.638986	 98.609226	 98.579544	 98.549945	 98.520435	  98.49102	 98.461705	 98.432495	 98.403396	 98.374413	 98.345553	 98.316819	 98.288217	 98.259753	 98.231431	 98.203256	 98.175233	 98.147367	 98.119663	 98.092125	 98.064757	 98.037564	  98.01055	  97.98372	 97.957077	 97.930626	 97.904371	 97.878314	 97.852461	 97.826814	 97.801376	 97.776152	 97.751145	 97.726357	 97.701792	 97.677452	  97.65334	 97.629459	 97.605811	   97.5824	 97.559226	 97.536293	 97.513602	 97.491155	 97.468954	 97.447001	 97.425298	 97.403845	 97.382645	 97.361698	 97.341005	 97.320568	 97.300388	 97.280465	 97.260799	 97.241392	 97.222244	 97.203356	 97.184726	 97.166357	 97.148246	 97.130396	 97.112804	 97.095472	 97.078398	 97.061583	 97.045025	 97.028724	 97.012679	 96.996889	 96.981354	 96.966072	 96.951042	 96.936264	 96.921735	 96.907454	 96.893421	 96.879632	 96.866088	 96.852786	 96.839725	 96.826902	 96.814317	 96.801966	 96.789849	 96.777963	 96.766306	 96.754876	  96.74367	 96.732688	 96.721925	 96.711381	 96.701053	 96.690938	 96.681034	 96.671339	  96.66185	 96.652564	  96.64348	 96.634594	 96.625905	 96.617408	 96.609103	 96.600986	 96.593055	 96.585307	 96.577739	 96.570349	 96.563134	 96.556091	 96.549218	 96.542513	 96.535971	 96.529592	 96.523371	 96.517307	 96.511397	 96.505638	 96.500028	 96.494564	 96.489243	 96.484062	  96.47902	 96.474114	 96.469341	 96.464698	 96.460184	 96.455796	  96.45153	 96.447386	  96.44336	  96.43945	 96.435654	  96.43197	 96.428394	 96.424926	 96.421563	 96.418302	 96.415141	 96.412079	 96.409114	 96.406242	 96.403463	 96.400774	 96.398173	 96.395659	 96.393229	 96.390883	 96.388617	  96.38643	 96.384321	 96.382288	  96.38033	 96.378444	 96.376629	 96.374884	 96.373207	 96.371597	 96.370052	 96.368572	 96.367154	 96.365798	 96.364503	 96.363267	 96.362089	 96.360968	 96.359903	 96.358893	 96.357938	 96.357035	 96.356186	 96.355387	  96.35464	 96.353943	 96.353295	 96.352696	 96.352146	 96.351643	 96.351188	 96.350779	 96.350417	 96.350101	  96.34983	 96.349605	 96.349426	 96.349291	 96.349201	 96.349156	
        99	 98.959705	 98.919418	 98.879147	 98.838901	 98.798686	 98.758512	 98.718387	 98.678317	 98.638312	 98.598379	 98.558526	  98.51876	  98.47909	 98.439523	 98.400068	  98.36073	 98.321519	 98.282441	 98.243503	 98.204714	  98.16608	 98.127608	 98.089305	 98.051178	 98.013235	 97.975481	 97.937923	 97.900568	 97.863422	 97.826492	 97.789782	   97.7533	 97.717052	 97.681042	 97.645277	 97.609762	 97.574502	 97.539502	 97.504769	 97.470305	 97.436117	 97.402209	 97.368585	 97.335249	 97.302206	  97.26946	 97.237014	 97.204873	 97.173039	 97.141516	 97.110308	 97.079417	 97.048846	 97.018599	 96.988677	 96.959083	 96.929819	 96.900888	 96.872291	  96.84403	 96.816108	 96.788524	 96.761281	  96.73438	 96.707822	 96.681608	 96.655738	 96.630213	 96.605034	 96.580201	 96.555714	 96.531572	 96.507777	 96.484327	 96.461223	 96.438463	 96.416048	 96.393976	 96.372246	 96.350858	  96.32981	 96.309101	  96.28873	 96.268695	 96.248995	 96.229627	 96.210591	 96.191884	 96.173504	 96.155449	 96.137718	 96.120307	 96.103214	 96.086437	 96.069973	 96.053821	 96.037976	 96.022437	   96.0072	 95.992264	 95.977623	 95.963277	 95.949221	 95.935454	  95.92197	 95.908768	 95.895844	 95.883195	 95.870817	 95.858708	 95.846863	 95.835279	 95.823954	 95.812883	 95.802063	  95.79149	 95.781162	 95.771074	 95.761222	 95.751605	 95.742217	 95.733055	 95.724116	 95.715396	 95.706892	   95.6986	 95.690517	 95.682639	 95.674962	 95.667483	 95.660199	 95.653106	   95.6462	 95.639479	 95.632939	 95.626576	 95.620388	  95.61437	  95.60852	 95.602834	  95.59731	 95.591943	 95.586731	 95.581671	  95.57676	 95.571994	 95.567371	 95.562887	  95.55854	 95.554327	 95.550246	 95.546292	 95.542464	  95.53876	 95.535175	 95.531708	 95.528357	 95.525118	  95.52199	  95.51897	 95.516055	 95.513244	 95.510534	 95.507923	 95.505409	 95.502989	 95.500663	 95.498428	 95.496282	 95.494223	 95.492249	  95.49036	 95.488552	 95.486825	 95.485177	 95.483607	 95.482113	 95.480693	 95.479347	 95.478074	 95.476871	 95.475738	 95.474674	 95.473678	 95.472748	 95.471885	 95.471087	 95.470353	 95.469683	 95.469076	 95.468531	 95.468048	 95.467627	 95.467266	 95.466966	 95.466727	 95.466547	 95.466428	 95.466368	
        99	 98.949646	 98.899303	  98.84898	 98.798686	 98.748434	 98.698231	 98.648089	 98.598017	 98.548026	 98.498124	 98.448323	 98.398631	 98.349058	 98.299615	  98.25031	 98.201153	 98.152153	  98.10332	 98.054663	 98.006191	 97.957913	 97.909837	 97.861973	 97.814329	 97.766914	 97.719736	 97.672803	 97.626123	 97.579705	 97.533555	 97.487682	 97.442094	 97.396796	 97.351798	 97.307105	 97.262724	 97.218663	 97.174927	 97.131522	 97.088456	 97.045734	 97.003361	 96.961344	 96.919687	 96.878395	 96.837475	  96.79693	 96.756765	 96.716985	 96.677593	 96.638595	 96.599993	 96.561791	 96.523993	 96.486601	  96.44962	 96.413051	 96.376898	 96.341163	 96.305848	 96.270955	 96.236486	 96.202442	 96.168826	 96.135639	  96.10288	 96.070553	 96.038657	 96.007192	  95.97616	  95.94556	 95.915392	 95.885657	 95.856354	 95.827482	 95.799041	  95.77103	 95.743449	 95.716295	 95.689567	 95.663265	 95.637387	 95.611931	 95.586895	 95.562277	 95.538075	 95.514286	  95.49091	 95.467942	  95.44538	 95.423222	 95.401465	 95.380105	  95.35914	 95.338567	 95.318382	 95.298583	 95.279164	 95.260124	 95.241459	 95.223164	 95.205237	 95.187673	 95.170468	 95.153619	 95.137121	 95.120971	 95.105164	 95.089697	 95.074564	 95.059763	 95.045288	 95.031135	   95.0173	 95.003779	 94.990568	 94.977661	 94.965055	 94.952744	 94.940726	 94.928994	 94.917546	 94.906375	 94.895479	 94.884852	  94.87449	 94.864389	 94.854544	 94.844951	 94.835605	 94.826503	 94.817639	  94.80901	 94.800611	 94.792438	 94.784487	 94.776754	 94.769234	 94.761924	 94.754819	 94.747915	 94.741209	 94.734696	 94.728373	 94.722235	  94.71628	 94.710502	   94.7049	 94.699468	 94.694203	 94.689103	 94.684162	 94.679379	 94.674749	  94.67027	 94.665938	  94.66175	 94.657703	 94.653794	 94.650019	 94.646377	 94.642864	 94.639477	 94.636215	 94.633073	  94.63005	 94.627143	  94.62435	 94.621668	 94.619095	 94.616629	 94.614268	 94.612009	 94.609851	 94.607792	 94.605829	 94.603962	 94.602188	 94.600506	 94.598915	 94.597412	 94.595996	 94.594666	 94.593421	  94.59226	 94.591181	 94.590184	 94.589267	 94.588429	 94.587671	  94.58699	 94.586386	  94.58586	 94.585409	 94.585035	 94.584735	 94.584511	 94.584362	 94.584287	
        99	 98.939598	 98.879208	 98.818842	 98.758512	 98.698231	  98.63801	 98.577862	 98.517798	  98.45783	  98.39797	  98.33823	 98.278622	 98.219157	 98.159846	 98.100702	 98.041735	 97.982957	 97.924379	 97.866012	 97.807867	 97.749954	 97.692285	 97.634869	 97.577718	  97.52084	 97.464247	 97.407948	 97.351953	 97.296271	 97.240912	 97.185885	 97.131199	 97.076862	 97.022883	 96.969271	 96.916034	  96.86318	 96.810716	  96.75865	 96.706989	 96.655741	 96.604913	  96.55451	  96.50454	 96.455009	 96.405922	 96.357286	 96.309106	 96.261388	 96.214135	 96.167354	 96.121048	 96.075223	 96.029882	 95.985029	 95.940667	 95.896801	 95.853433	 95.810567	 95.768204	 95.726348	    95.685	 95.644163	 95.603839	 95.564028	 95.524733	 95.485954	 95.447692	 95.409949	 95.372724	 95.336017	  95.29983	 95.264161	  95.22901	 95.194376	  95.16026	 95.126659	 95.093573	    95.061	 95.028939	 94.997388	 94.966346	 94.935809	 94.905777	 94.876246	 94.847214	 94.818679	 94.790637	 94.763086	 94.736022	 94.709442	 94.683343	 94.657721	 94.632572	 94.607893	 94.583681	  94.55993	 94.536636	 94.513797	 94.491406	 94.469461	 94.447956	 94.426886	 94.406248	 94.386037	 94.366247	 94.346874	 94.327912	 94.309358	 94.291206	 94.273451	 94.256087	  94.23911	 94.222515	 94.206296	 94.190447	 94.174965	 94.159843	 94.145076	 94.130659	 94.116586	 94.102853	 94.089454	 94.076383	 94.063635	 94.051206	 94.039089	 94.027279	 94.015771	 94.004561	 93.993642	 93.983009	 93.972658	 93.962583	 93.952779	 93.943242	 93.933965	 93.924945	 93.916176	 93.907653	 93.899371	 93.891327	 93.883514	 93.875929	 93.868567	 93.861423	 93.854492	 93.847771	 93.841256	 93.834941	 93.828822	 93.822896	 93.817158	 93.811604	 93.806231	 93.801035	 93.796011	 93.791156	 93.786467	 93.781939	  93.77757	 93.773356	 93.769294	  93.76538	 93.761611	 93.757985	 93.754498	 93.751147	  93.74793	 93.744844	 93.741885	 93.739053	 93.736344	 93.733755	 93.731285	 93.728931	 93.726691	 93.724563	 93.722546	 93.720636	 93.718833	 93.717135	  93.71554	 93.714047	 93.712654	  93.71136	 93.710163	 93.709063	 93.708058	 93.707148	 93.706332	 93.705608	 93.704976	 93.704436	 93.703986	 93.703627	 93.703358	 93.703179	  93.70309	
        99	 98.929561	 98.859137	 98.788741	 98.718387	 98.648089	 98.577862	 98.507719	 98.437675	 98.367743	 98.297937	  98.22827	 98.158757	 98.089411	 98.020246	 97.951274	 97.882509	 97.813965	 97.745653	 97.677588	 97.609781	 97.542246	 97.474994	 97.408038	  97.34139	 97.275062	 97.209065	 97.143412	 97.078112	 97.013179	 96.948621	  96.88445	 96.820677	 96.757312	 96.694364	 96.631844	 96.569761	 96.508124	 96.446943	 96.386226	 96.325981	 96.266218	 96.206943	 96.148166	 96.089893	 96.032131	 95.974889	 95.918171	 95.861986	 95.806338	 95.751234	 95.696679	  95.64268	  95.58924	 95.536365	 95.484059	 95.432327	 95.381172	 95.330598	 95.280608	 95.231207	 95.182395	 95.134177	 95.086555	  95.03953	 94.993104	  94.94728	 94.902057	 94.857438	 94.813423	 94.770013	 94.727207	 94.685007	 94.643411	 94.602419	 94.562031	 94.522245	 94.483062	 94.444478	 94.406493	 94.369105	 94.332312	 94.296111	 94.260501	 94.225478	  94.19104	 94.157185	 94.123908	 94.091206	 94.059077	 94.027516	  93.99652	 93.966084	 93.936204	 93.906877	 93.878098	 93.849862	 93.822164	 93.795001	 93.768366	 93.742255	 93.716663	 93.691585	 93.667015	 93.642947	 93.619377	 93.596299	 93.573707	 93.551595	 93.529958	 93.508789	 93.488084	 93.467835	 93.448037	 93.428684	  93.40977	 93.391289	 93.373234	 93.355599	 93.338378	 93.321566	 93.305155	  93.28914	 93.273514	 93.258271	 93.243405	  93.22891	  93.21478	 93.201008	 93.187588	 93.174515	 93.161782	 93.149383	 93.137311	 93.125562	  93.11413	 93.103007	 93.092189	  93.08167	 93.071444	 93.061505	 93.051847	 93.042466	 93.033355	  93.02451	 93.015924	 93.007593	 92.999511	 92.991673	 92.984075	 92.976711	 92.969575	 92.962664	 92.955973	 92.949497	 92.943231	 92.937171	 92.931312	 92.925651	 92.920182	 92.914903	 92.909808	 92.904893	 92.900156	 92.895592	 92.891197	 92.886968	 92.882901	 92.878994	 92.875242	 92.871643	 92.868193	  92.86489	 92.861731	 92.858712	 92.855831	 92.853086	 92.850474	 92.847993	  92.84564	 92.843413	 92.841311	  92.83933	  92.83747	 92.835729	 92.834104	 92.832595	   92.8312	 92.829917	 92.828746	 92.827684	 92.826732	 92.825888	 92.825151	 92.824521	 92.823997	 92.823578	 92.823264	 92.823056	 92.822951	
        99	 98.919539	 98.839094	 98.758682	 98.678317	 98.598017	 98.517798	 98.437675	 98.357664	 98.277782	 98.198043	 98.118464	  98.03906	 97.959848	 97.880841	 97.802055	 97.723506	 97.645209	 97.567178	 97.489428	 97.411973	 97.334828	 97.258008	 97.181525	 97.105394	 97.029628	 96.954241	 96.879246	 96.804656	 96.730483	 96.656739	 96.583438	 96.510591	  96.43821	 96.366306	  96.29489	 96.223973	 96.153566	  96.08368	 96.014323	 95.945507	  95.87724	 95.809532	 95.742391	 95.675827	 95.609847	 95.544459	 95.479672	 95.415492	 95.351926	 95.288982	 95.226665	 95.164982	 95.103938	  95.04354	 94.983792	 94.924698	 94.866265	 94.808495	 94.751393	 94.694962	 94.639206	 94.584127	 94.529728	 94.476012	 94.422981	 94.370637	  94.31898	 94.268012	 94.217734	 94.168147	 94.119251	 94.071046	 94.023531	 93.976707	 93.930572	 93.885126	 93.840367	 93.796293	 93.752903	 93.710196	 93.668167	 93.626816	 93.586139	 93.546133	 93.506795	 93.468122	 93.430111	 93.392756	 93.356055	 93.320004	 93.284597	  93.24983	   93.2157	   93.1822	 93.149325	 93.117072	 93.085433	 93.054405	  93.02398	 92.994154	 92.964921	 92.936274	 92.908208	 92.880716	 92.853793	 92.827431	 92.801624	 92.776366	  92.75165	  92.72747	 92.703818	 92.680688	 92.658074	 92.635967	 92.614362	  92.59325	 92.572626	 92.552482	 92.532812	 92.513607	 92.494861	 92.476567	 92.458718	 92.441306	 92.424325	 92.407768	 92.391627	 92.375895	 92.360566	 92.345633	 92.331088	 92.316924	 92.303136	 92.289715	 92.276656	 92.263951	 92.251593	 92.239577	 92.227896	 92.216543	 92.205511	 92.194795	 92.184388	 92.174284	 92.164477	  92.15496	 92.145729	 92.136776	 92.128096	 92.119684	 92.111533	 92.103639	 92.095996	 92.088598	 92.081441	 92.074518	 92.067826	 92.061359	 92.055113	 92.049081	 92.043261	 92.037648	 92.032236	 92.027023	 92.022003	 92.017172	 92.012527	 92.008064	 92.003778	 91.999667	 91.995726	 91.991953	 91.988344	 91.984896	 91.981605	 91.978469	 91.975486	 91.972651	 91.969964	  91.96742	 91.965019	 91.962756	 91.960632	 91.958643	 91.956787	 91.955063	 91.953469	 91.952004	 91.950666	 91.949453	 91.948366	 91.947401	  91.94656	  91.94584	 91.945241	 91.944763	 91.944405	 91.944166	 91.944047	
        99	 98.909533	 98.819083	 98.728671	 98.638312	 98.548026	  98.45783	 98.367743	 98.277782	 98.187965	  98.09831	 98.008834	 97.919556	 97.830492	 97.741659	 97.653076	 97.564758	 97.476724	 97.388988	 97.301569	 97.214482	 97.127743	 97.041369	 96.955375	 96.869776	 96.784588	 96.699825	 96.615504	 96.531637	  96.44824	 96.365326	 96.282909	 96.201002	 96.119619	 96.038773	 95.958475	 95.878739	 95.799577	 95.720999	 95.643017	 95.565642	 95.488886	 95.412757	 95.337267	 95.262424	 95.188239	 95.114719	 95.041875	 94.969713	 94.898242	  94.82747	 94.757403	 94.688049	 94.619414	 94.551504	 94.484326	 94.417883	 94.352183	 94.287229	 94.223025	 94.159576	 94.096886	 94.034958	 93.973794	 93.913398	 93.853772	 93.794917	 93.736836	  93.67953	 93.622999	 93.567246	 93.512268	 93.458068	 93.404645	 93.351997	 93.300125	 93.249027	 93.198702	 93.149147	 93.100361	 93.052342	 93.005087	 92.958593	 92.912857	 92.867876	 92.823646	 92.780164	 92.737425	 92.695425	  92.65416	 92.613625	 92.573815	 92.534725	 92.496349	 92.458683	 92.421721	 92.385456	 92.349883	 92.314995	 92.280787	 92.247252	 92.214383	 92.182174	 92.150617	 92.119706	 92.089434	 92.059794	 92.030778	 92.002379	 91.974589	 91.947402	 91.920809	 91.894803	 91.869375	  91.84452	 91.820227	 91.796491	 91.773302	 91.750653	 91.728535	 91.706942	 91.685865	 91.665296	 91.645227	  91.62565	 91.606558	 91.587941	 91.569793	 91.552105	  91.53487	 91.518079	 91.501725	   91.4858	 91.470297	 91.455207	 91.440523	 91.426238	 91.412344	 91.398834	   91.3857	 91.372935	 91.360531	 91.348482	 91.336781	 91.325421	 91.314394	 91.303694	 91.293314	 91.283248	 91.273488	  91.26403	 91.254866	  91.24599	 91.237396	 91.229079	 91.221031	 91.213248	 91.205723	 91.198452	 91.191429	 91.184647	 91.178104	 91.171792	 91.165708	 91.159846	 91.154201	  91.14877	 91.143547	 91.138528	  91.13371	 91.129087	 91.124657	 91.120414	 91.116356	 91.112479	  91.10878	 91.105254	 91.101899	 91.098712	  91.09569	 91.092831	  91.09013	 91.087587	 91.085198	 91.082961	 91.080875	 91.078937	 91.077145	 91.075497	 91.073992	 91.072629	 91.071406	 91.070322	 91.069376	 91.068567	 91.067893	 91.067356	 91.066953	 91.066684	  91.06655	
        99	 98.899544	 98.799109	 98.698714	 98.598379	 98.498124	  98.39797	 98.297937	 98.198043	  98.09831	 97.998756	 97.899402	 97.800266	 97.701369	 97.602729	 97.504365	 97.406296	 97.308542	  97.21112	 97.114049	 97.017347	 96.921032	 96.825121	 96.729632	 96.634582	 96.539989	 96.445868	 96.352237	  96.25911	 96.166505	 96.074437	  95.98292	 95.891971	 95.801603	  95.71183	 95.622667	 95.534128	 95.446225	 95.358971	  95.27238	 95.186462	 95.101231	 95.016697	 94.932872	 94.849767	  94.76739	 94.685754	 94.604867	 94.524738	 94.445376	  94.36679	 94.288987	 94.211976	 94.135763	 94.060356	  93.98576	 93.911982	 93.839027	 93.766902	  93.69561	 93.625156	 93.555544	 93.486778	 93.418861	 93.351797	 93.285588	 93.220235	 93.155741	 93.092108	 93.029336	 92.967427	  92.90638	 92.846196	 92.786874	 92.728414	 92.670814	 92.614075	 92.558193	 92.503167	 92.448995	 92.395674	 92.343201	 92.291574	 92.240789	 92.190841	 92.141728	 92.093445	 92.045988	 91.999351	  91.95353	 91.908519	 91.864314	 91.820908	 91.778295	 91.736471	 91.695427	 91.655158	 91.615658	 91.576918	 91.538933	 91.501696	 91.465198	 91.429432	 91.394392	 91.360068	 91.326454	 91.293541	 91.261321	 91.229787	 91.198929	  91.16874	 91.139211	 91.110333	 91.082099	 91.054498	 91.027524	 91.001167	 90.975418	 90.950268	 90.925709	 90.901732	 90.878327	 90.855487	 90.833203	 90.811464	 90.790264	 90.769592	  90.74944	 90.729799	 90.710661	 90.692016	 90.673857	 90.656174	 90.638958	 90.622203	 90.605898	 90.590036	 90.574608	 90.559606	 90.545021	 90.530847	 90.517074	 90.503695	 90.490702	 90.478087	 90.465842	 90.453961	 90.442435	 90.431258	 90.420421	 90.409918	 90.399743	 90.389887	 90.380344	 90.371108	 90.362172	 90.353529	 90.345174	   90.3371	 90.329301	 90.321771	 90.314505	 90.307497	  90.30074	 90.294231	 90.287963	 90.281932	 90.276133	  90.27056	  90.26521	 90.260077	 90.255157	 90.250446	  90.24594	 90.241635	 90.237527	 90.233612	 90.229887	 90.226348	 90.222993	 90.219817	 90.216819	 90.213995	 90.211342	 90.208858	 90.206542	 90.204389	 90.202399	  90.20057	 90.198899	 90.197385	 90.196027	 90.194824	 90.193773	 90.192874	 90.192127	 90.191529	 90.191082	 90.190784	 90.190635	
        99	 98.889576	 98.779174	 98.668817	 98.558526	 98.448323	  98.33823	  98.22827	 98.118464	 98.008834	 97.899402	 97.790188	 97.681215	 97.572504	 97.464076	 97.355952	 97.248152	 97.140697	 97.033608	 96.926904	 96.820606	 96.714734	 96.609306	 96.504341	  96.39986	  96.29588	 96.192419	 96.089497	 95.987129	 95.885335	 95.784131	 95.683533	 95.583558	 95.484223	 95.385542	 95.287532	 95.190206	  95.09358	 94.997669	 94.902485	 94.808042	 94.714353	 94.621431	 94.529288	 94.437935	 94.347385	 94.257647	 94.168733	 94.080653	 93.993416	 93.907032	 93.821509	 93.736856	 93.653081	  93.57019	 93.488192	 93.407093	 93.326899	 93.247617	  93.16925	 93.091805	 93.015286	 92.939696	  92.86504	 92.791321	 92.718541	 92.646704	  92.57581	 92.505863	 92.436862	 92.368809	 92.301705	 92.235548	  92.17034	 92.106079	 92.042764	 91.980394	 91.918966	  91.85848	 91.798933	 91.740321	 91.682641	 91.625891	 91.570066	 91.515162	 91.461176	 91.408102	 91.355935	  91.30467	 91.254302	 91.204825	 91.156233	  91.10852	 91.061679	 91.015704	 90.970588	 90.926323	 90.882903	 90.840319	 90.798565	 90.757632	 90.717513	 90.678198	  90.63968	 90.601951	 90.565001	 90.528822	 90.493405	 90.458742	 90.424822	 90.391637	 90.359178	 90.327434	 90.296398	 90.266059	 90.236408	 90.207435	 90.179131	 90.151486	  90.12449	 90.098133	 90.072407	   90.0473	 90.022804	 89.998909	 89.975604	 89.952881	 89.930729	 89.909139	 89.888102	 89.867607	 89.847646	 89.828208	 89.809285	 89.790866	 89.772944	 89.755507	 89.738548	 89.722058	 89.706026	 89.690445	 89.675306	 89.660599	 89.646316	  89.63245	  89.61899	  89.60593	  89.59326	 89.580974	 89.569062	 89.557517	 89.546331	 89.535497	 89.525008	 89.514855	 89.505032	 89.495532	 89.486348	 89.477473	   89.4689	 89.460623	 89.452636	 89.444932	 89.437505	  89.43035	  89.42346	 89.416831	 89.410456	  89.40433	 89.398449	 89.392807	 89.387399	  89.38222	 89.377267	 89.372535	 89.368019	 89.363716	 89.359621	 89.355731	 89.352042	 89.348552	 89.345256	 89.342151	 89.339235	 89.336505	 89.333959	 89.331593	 89.329405	 89.327394	 89.325558	 89.323894	 89.322401	 89.321078	 89.319923	 89.318935	 89.318113	 89.317457	 89.316965	 89.316638	 89.316474	
        99	  98.87963	 98.759284	 98.638986	  98.51876	 98.398631	 98.278622	 98.158757	  98.03906	 97.919556	 97.800266	 97.681215	 97.562427	 97.443924	 97.325729	 97.207865	 97.090355	 96.973222	 96.856487	 96.740172	 96.624299	  96.50889	 96.393966	 96.279547	 96.165654	 96.052308	 95.939529	 95.827335	 95.715747	 95.604784	 95.494464	 95.384805	 95.275825	 95.167542	 95.059973	 94.953134	 94.847042	 94.741713	 94.637162	 94.533404	 94.430454	 94.328327	 94.227035	 94.126592	 94.027011	 93.928304	 93.830484	 93.733561	 93.637547	 93.542452	 93.448287	 93.355061	 93.262782	 93.171461	 93.081104	  92.99172	 92.903317	 92.815899	 92.729475	  92.64405	 92.559629	 92.476217	 92.393819	 92.312438	 92.232079	 92.152744	 92.074436	 91.997157	 91.920908	 91.845693	  91.77151	 91.698361	 91.626245	 91.555163	 91.485114	 91.416096	 91.348108	 91.281148	 91.215213	 91.150302	 91.086411	 91.023536	 90.961674	  90.90082	 90.840971	 90.782122	 90.724267	 90.667401	 90.611519	 90.556614	 90.502681	 90.449712	 90.397701	 90.346641	 90.296525	 90.247345	 90.199093	 90.151761	 90.105342	 90.059827	 90.015207	 89.971474	 89.928618	 89.886631	 89.845503	 89.805225	 89.765787	  89.72718	 89.689394	 89.652419	 89.616245	 89.580862	  89.54626	 89.512428	 89.479356	 89.447034	 89.415452	 89.384598	 89.354463	 89.325035	 89.296304	 89.268261	 89.240893	  89.21419	 89.188142	 89.162739	 89.137969	 89.113822	 89.090287	 89.067355	 89.045014	 89.023255	 89.002066	 88.981438	 88.961361	 88.941824	 88.922817	  88.90433	 88.886354	 88.868879	 88.851894	 88.835391	  88.81936	 88.803791	 88.788675	 88.774003	 88.759766	 88.745956	 88.732562	 88.719577	 88.706992	 88.694799	  88.68299	 88.671555	 88.660488	  88.64978	 88.639425	 88.629413	 88.619738	 88.610393	 88.601371	 88.592664	 88.584266	 88.576171	 88.568371	 88.560861	 88.553634	 88.546685	 88.540008	 88.533597	 88.527446	 88.521551	 88.515906	 88.510507	 88.505348	 88.500426	 88.495735	 88.491271	 88.487031	  88.48301	 88.479205	 88.475612	 88.472228	  88.46905	 88.466074	 88.463298	 88.460718	 88.458334	 88.456142	  88.45414	 88.452326	 88.450699	 88.449257	 88.447998	 88.446921	 88.446025	 88.445309	 88.444773	 88.444416	 88.444238	
        99	 98.869707	 98.739441	 98.609226	  98.47909	 98.349058	 98.219157	 98.089411	 97.959848	 97.830492	 97.701369	 97.572504	 97.443924	 97.315652	 97.187714	 97.060135	 96.932938	 96.806149	 96.679791	 96.553888	 96.428464	 96.303541	 96.179143	 96.055292	 95.932011	 95.809322	 95.687246	 95.565804	 95.445017	 95.324907	 95.205493	 95.086794	 94.968831	 94.851622	 94.735185	 94.619539	 94.504702	  94.39069	 94.277521	  94.16521	 94.053774	 93.943227	 93.833586	 93.724863	 93.617073	  93.51023	 93.404346	 93.299434	 93.195505	 93.092571	 92.990644	 92.889733	 92.789848	 92.690998	 92.593193	 92.496441	  92.40075	 92.306127	 92.212578	 92.120111	 92.028731	 91.938443	 91.849253	 91.761164	  91.67418	 91.588305	 91.503542	 91.419893	 91.337359	 91.255943	 91.175645	 91.096466	 91.018406	 90.941465	 90.865641	 90.790934	 90.717341	 90.644861	 90.573492	  90.50323	 90.434071	 90.366014	 90.299052	 90.233183	   90.1684	   90.1047	 90.042075	 89.980522	 89.920033	 89.860602	 89.802223	 89.744888	 89.688589	 89.633321	 89.579073	 89.525839	  89.47361	 89.422377	 89.372131	 89.322864	 89.274566	 89.227227	 89.180839	 89.135391	 89.090872	 89.047274	 89.004586	 88.962796	 88.921895	 88.881872	 88.842716	 88.804416	 88.766962	 88.730341	 88.694543	 88.659557	 88.625371	 88.591974	 88.559354	 88.527501	 88.496402	 88.466046	 88.436422	 88.407518	 88.379323	 88.351826	 88.325014	 88.298876	 88.273402	 88.248579	 88.224397	 88.200844	 88.177909	  88.15558	 88.133848	   88.1127	 88.092127	 88.072116	 88.052658	 88.033742	 88.015358	 87.997494	 87.980141	 87.963289	 87.946927	 87.931046	 87.915635	 87.900686	 87.886189	 87.872133	 87.858511	 87.845313	  87.83253	 87.820153	 87.808173	 87.796583	 87.785374	 87.774537	 87.764065	 87.753949	 87.744183	 87.734758	 87.725668	 87.716905	 87.708463	 87.700333	 87.692511	 87.684989	 87.677761	 87.670822	 87.664164	 87.657783	 87.651673	 87.645829	 87.640245	 87.634917	 87.629839	 87.625007	 87.620418	 87.616065	 87.611947	 87.608058	 87.604394	 87.600954	 87.597733	 87.594728	 87.591936	 87.589355	 87.586982	 87.584815	 87.582852	 87.581091	 87.579529	 87.578167	 87.577001	 87.576031	 87.575257	 87.574677	  87.57429	 87.574097	
        99	 98.859811	 98.719649	 98.579544	 98.439523	 98.299615	 98.159846	 98.020246	 97.880841	 97.741659	 97.602729	 97.464076	 97.325729	 97.187714	 97.050058	 96.912788	  96.77593	 96.639511	 96.503555	 96.368089	 96.233138	 96.098726	 95.964879	 95.831621	 95.698976	 95.566968	 95.435619	 95.304953	 95.174992	 95.045758	 94.917273	 94.789559	 94.662635	 94.536523	 94.411243	 94.286813	 94.163253	 94.040581	 93.918816	 93.797974	 93.678074	  93.55913	 93.441161	  93.32418	 93.208203	 93.093244	 92.979317	 92.866436	 92.754613	 92.643861	 92.534192	 92.425615	 92.318143	 92.211786	 92.106552	 92.002451	 91.899491	 91.797681	 91.697027	 91.597536	 91.499215	 91.402069	 91.306104	 91.211324	 91.117733	 91.025336	 90.934134	 90.844131	 90.755328	 90.667728	 90.581331	 90.496138	 90.412149	 90.329363	  90.24778	 90.167398	 90.088216	 90.010231	  89.93344	 89.857841	  89.78343	 89.710203	 89.638155	 89.567282	 89.497579	  89.42904	 89.361659	  89.29543	 89.230347	 89.166402	 89.103588	 89.041898	 88.981323	 88.921856	 88.863488	 88.806211	 88.750014	  88.69489	 88.640828	 88.587818	 88.535852	 88.484918	 88.435006	 88.386105	 88.338205	 88.291296	 88.245364	 88.200401	 88.156393	  88.11333	   88.0712	 88.029991	 87.989691	 87.950289	 87.911772	 87.874128	 87.837346	 87.801412	 87.766315	 87.732042	 87.698581	 87.665919	 87.634045	 87.602946	 87.572609	 87.543023	 87.514175	 87.486052	 87.458642	 87.431934	 87.405915	 87.380573	 87.355896	 87.331871	 87.308488	 87.285734	 87.263598	 87.242068	 87.221132	 87.200779	 87.180998	 87.161777	 87.143106	 87.124974	 87.107369	 87.090282	 87.073701	 87.057616	 87.042018	 87.026895	 87.012238	 86.998037	 86.984283	 86.970966	 86.958076	 86.945606	 86.933545	 86.921885	 86.910617	 86.899734	 86.889226	 86.879085	 86.869305	 86.859876	 86.850792	 86.842045	 86.833629	 86.825536	 86.817759	 86.810292	 86.803129	 86.796263	 86.789689	 86.783401	 86.777393	  86.77166	 86.766196	 86.760998	 86.756059	 86.751377	 86.746945	  86.74276	 86.738819	 86.735117	 86.731651	 86.728418	 86.725415	 86.722638	 86.720085	 86.717753	 86.715641	 86.713745	 86.712065	 86.710599	 86.709345	 86.708302	 86.707468	 86.706844	 86.706428	  86.70622	
        99	 98.849942	 98.699914	 98.549945	 98.400068	  98.25031	 98.100702	 97.951274	 97.802055	 97.653076	 97.504365	 97.355952	 97.207865	 97.060135	 96.912788	 96.765855	 96.619363	 96.473339	 96.327813	  96.18281	 96.038359	 95.894485	 95.751216	 95.608577	 95.466594	 95.325293	 95.184697	 95.044833	 94.905723	 94.767391	 94.629862	 94.493157	 94.357298	 94.222308	 94.088208	 93.955019	 93.822761	 93.691453	 93.561116	 93.431768	 93.303426	  93.17611	 93.049835	 92.924619	 92.800478	 92.677426	 92.555479	 92.434652	 92.314957	 92.196408	 92.079018	 91.962799	 91.847761	 91.733916	 91.621274	 91.509845	 91.399637	 91.290659	 91.182919	 91.076425	 90.971182	 90.867198	 90.764477	 90.663025	 90.562846	 90.463943	 90.366321	 90.269982	 90.174929	 90.081162	 89.988682	 89.897492	  89.80759	 89.718976	  89.63165	  89.54561	 89.460853	 89.377378	 89.295182	 89.214261	 89.134611	 89.056229	 88.979109	 88.903247	 88.828637	 88.755273	 88.683149	 88.612258	 88.542593	 88.474146	  88.40691	 88.340877	 88.276039	 88.212385	 88.149908	 88.088599	 88.028446	 87.969441	 87.911573	 87.854832	 87.799207	 87.744688	 87.691262	 87.638919	 87.587647	 87.537435	 87.488271	 87.440142	 87.393036	 87.346942	 87.301846	 87.257736	 87.214599	 87.172423	 87.131194	 87.090901	 87.051529	 87.013065	 86.975497	 86.938811	 86.902995	 86.868034	 86.833916	 86.800628	 86.768156	 86.736487	 86.705607	 86.675505	 86.646166	 86.617577	 86.589727	   86.5626	 86.536186	  86.51047	 86.485441	 86.461085	 86.437391	 86.414345	 86.391935	 86.370149	 86.348976	 86.328402	 86.308417	 86.289008	 86.270164	 86.251874	 86.234126	 86.216909	 86.200212	 86.184024	 86.168336	 86.153135	 86.138413	 86.124158	 86.110361	 86.097013	 86.084103	 86.071622	 86.059561	 86.047911	 86.036664	 86.025809	  86.01534	 86.005248	 85.995525	 85.986162	 85.977153	  85.96849	 85.960166	 85.952174	 85.944506	 85.937157	  85.93012	 85.923389	 85.916958	 85.910821	 85.904974	 85.899409	 85.894123	 85.889111	 85.884367	 85.879888	 85.875669	 85.871707	 85.867997	 85.864536	 85.861321	 85.858348	 85.855616	  85.85312	 85.850859	  85.84883	 85.847032	 85.845463	  85.84412	 85.843003	 85.842111	 85.841443	 85.840998	 85.840776	
        99	 98.840102	 98.680237	 98.520435	  98.36073	 98.201153	 98.041735	 97.882509	 97.723506	 97.564758	 97.406296	 97.248152	 97.090355	 96.932938	  96.77593	 96.619363	 96.463265	 96.307667	 96.152598	 95.998088	 95.844165	 95.690858	 95.538194	 95.386202	  95.23491	 95.084343	 94.934529	 94.785493	 94.637262	  94.48986	 94.343313	 94.197644	 94.052877	 93.909036	 93.766143	 93.624221	  93.48329	 93.343373	  93.20449	  93.06666	 92.929903	 92.794239	 92.659684	 92.526258	 92.393977	 92.262857	 92.132914	 92.004164	 91.876621	 91.750299	 91.625211	 91.501371	  91.37879	 91.257481	 91.137453	 91.018717	 90.901283	  90.78516	 90.670355	 90.556878	 90.444735	 90.333932	 90.224476	 90.116372	 90.009624	 89.904236	 89.800213	 89.697557	 89.596271	 89.496356	 89.397813	 89.300643	 89.204846	 89.110422	  89.01737	 88.925688	 88.835374	 88.746425	 88.658839	 88.572612	  88.48774	 88.404218	 88.322042	 88.241206	 88.161703	 88.083529	 88.006676	 87.931136	 87.856903	 87.783969	 87.712324	 87.641962	 87.572871	 87.505044	 87.438471	 87.373141	 87.309044	  87.24617	 87.184508	 87.124046	 87.064774	  87.00668	 86.949751	 86.893976	 86.839342	 86.785838	  86.73345	 86.682165	  86.63197	 86.582854	 86.534801	 86.487798	 86.441833	 86.396892	  86.35296	 86.310024	  86.26807	 86.227085	 86.187054	 86.147962	 86.109797	 86.072544	 86.036189	 86.000718	 85.966117	 85.932371	 85.899467	 85.867391	 85.836128	 85.805665	 85.775988	 85.747083	 85.718937	 85.691535	 85.664865	 85.638912	 85.613664	 85.589107	 85.565228	 85.542013	 85.519451	 85.497529	 85.476233	 85.455552	 85.435472	 85.415982	 85.397071	 85.378725	 85.360933	 85.343684	 85.326967	  85.31077	 85.295082	 85.279893	 85.265191	 85.250967	 85.237211	 85.223912	  85.21106	 85.198646	 85.186661	 85.175095	  85.16394	 85.153186	 85.142825	 85.132848	 85.123249	 85.114017	 85.105147	 85.096631	 85.088461	  85.08063	 85.073132	 85.065959	 85.059107	 85.052567	 85.046336	 85.040407	 85.034774	 85.029433	 85.024378	 85.019606	  85.01511	 85.010888	 85.006935	 85.003247	 84.999821	 84.996654	 84.993742	 84.991082	 84.988673	 84.986512	 84.984595	 84.982923	 84.981492	 84.980303	 84.979352	  84.97864	 84.978166	 84.977929	
        99	 98.830295	 98.660623	  98.49102	 98.321519	 98.152153	 97.982957	 97.813965	 97.645209	 97.476724	 97.308542	 97.140697	 96.973222	 96.806149	 96.639511	 96.473339	 96.307667	 96.142525	 95.977945	 95.813957	 95.650593	 95.487882	 95.325854	  95.16454	 95.003967	 94.844165	 94.685161	 94.526984	 94.369661	 94.213218	 94.057682	 93.903078	 93.749431	 93.596767	  93.44511	 93.294482	 93.144907	 92.996408	 92.849005	 92.702721	 92.557576	  92.41359	 92.270783	 92.129172	 91.988777	 91.849614	 91.711701	 91.575054	 91.439687	 91.305617	 91.172857	 91.041421	 90.911321	 90.782571	 90.655181	 90.529162	 90.404525	 90.281279	 90.159433	 90.038995	 89.919973	 89.802374	 89.686204	 89.571468	 89.458173	 89.346321	 89.235918	 89.126965	 89.019466	 88.913422	 88.808835	 88.705705	 88.604032	 88.503816	 88.405056	 88.307751	 88.211897	 88.117493	 88.024534	 87.933018	  87.84294	 87.754295	 87.667079	 87.581284	 87.496905	 87.413936	 87.332368	 87.252195	 87.173409	 87.096001	 87.019962	 86.945283	 86.871955	 86.799968	 86.729311	 86.659974	 86.591946	 86.525215	  86.45977	   86.3956	 86.332693	 86.271035	 86.210614	 86.151418	 86.093433	 86.036647	 85.981045	 85.926615	 85.873342	 85.821212	 85.770212	 85.720326	 85.671542	 85.623844	 85.577217	 85.531648	 85.487121	 85.443621	 85.401134	 85.359645	  85.31914	 85.279601	 85.241017	  85.20337	 85.166646	  85.13083	 85.095908	 85.061864	 85.028684	 84.996352	 84.964855	 84.934177	 84.904304	 84.875222	 84.846916	 84.819371	 84.792574	 84.766511	 84.741167	 84.716529	 84.692583	 84.669316	 84.646714	 84.624764	 84.603453	 84.582767	 84.562696	 84.543224	 84.524341	 84.506035	 84.488292	 84.471101	 84.454451	  84.43833	 84.422727	 84.407631	  84.39303	 84.378915	 84.365276	   84.3521	  84.33938	 84.327105	 84.315265	 84.303851	 84.292855	 84.282266	 84.272078	  84.26228	 84.252866	 84.243827	 84.235156	 84.226845	 84.218887	 84.211274	 84.204001	 84.197061	 84.190448	 84.184155	 84.178176	 84.172508	 84.167143	 84.162078	 84.157306	 84.152825	  84.14863	 84.144716	  84.14108	 84.137718	 84.134627	 84.131805	 84.129248	 84.126954	  84.12492	 84.123145	 84.121627	 84.120364	 84.119355	 84.118599	 84.118096	 84.117844	
