Time step 40:
        99	        99	        99	        99	        99	        99	        99	        99	        99	        99	        99	        99	        99	        99	        99	        99	        99	        99	        99	        99	        99	        99	        99	        99	        99	        99	        99	        99	        99	        99	        99	        99	        99	        99	        99	        99	        99	        99	        99	        99	        99	        99	        99	        99	        99	        99	        99	        99	        99	        99	        99	        99	        99	        99	        99	        99	        99	        99	        99	        99	        99	        99	        99	        99	        99	        99	        99	        99	        99	        99	        99	        99	        99	        99	        99	        99	        99	        99	        99	        99	        99	        99	        99	        99	        99	        99	        99	        99	        99	        99	        99	        99	        99	        99	        99	        99	        99	        99	        99	        99	        99	        99	        99	        99	        99	        99	        99	        99	        99	        99	        99	        99	        99	        99	        99	        99	        99	        99	        99	        99	        99	        99	        99	        99	        99	        99	        99	        99	        99	        99	        99	        99	        99	        99	        99	        99	        99	        99	        99	        99	        99	        99	        99	        99	        99	        99	        99	        99	        99	        99	        99	        99	        99	        99	        99	        99	        99	        99	        99	        99	        99	        99	        99	        99	        99	        99	        99	        99	        99	        99	        99	        99	        99	        99	        99	        99	        99	        99	        99	        99	        99	        99	        99	        99	        99	        99	        99	        99	        99	        99	        99	        99	        99	        99	        99	        99	        99	        99	        99	        99	
        99	 98.984126	 98.968258	 98.952399	 98.936555	 98.920732	 98.904933	 98.889164	  98.87343	 98.857736	 98.842086	 98.826486	  98.81094	 98.795452	 98.780028	 98.764672	 98.749388	 98.734182	 98.719056	 98.704017	 98.689067	 98.674212	 98.659455	 98.644799	  98.63025	 98.615811	 98.601485	 98.587276	 98.573188	 98.559224	 98.545387	  98.53168	 98.518107	  98.50467	 98.491373	 98.478218	 98.465207	 98.452343	 98.439628	 98.427065	 98.414656	 98.402403	 98.390307	  98.37837	 98.366594	 98.354981	 98.343532	 98.332247	 98.321129	 98.310178	 98.299395	 98.288781	 98.278336	 98.268062	 98.257958	 98.248024	 98.238262	  98.22867	  98.21925	 98.210001	 98.200922	 98.192014	 98.183275	 98.174706	 98.166306	 98.158073	 98.150008	 98.142109	 98.134375	 98.126806	 98.119399	 98.112155	 98.105071	 98.098146	 98.091379	 98.084768	 98.078312	 98.072009	 98.065857	 98.059855	 98.054001	 98.048292	 98.042728	 98.037306	 98.032024	  98.02688	 98.021873	 98.016999	 98.012258	 98.007646	 98.003163	 97.998804	  97.99457	 97.990456	 97.986461	 97.982584	  97.97882	 97.975169	 97.971628	 97.968195	 97.964868	 97.961644	 97.958521	 97.955497	  97.95257	 97.949737	 97.946997	 97.944346	 97.941784	 97.939308	 97.936915	 97.934604	 97.932373	 97.930219	 97.928141	 97.926136	 97.924202	 97.922338	 97.920542	 97.918811	 97.917144	 97.915539	 97.913994	 97.912508	 97.911078	 97.909703	 97.908381	 97.907111	 97.905891	 97.904719	 97.903594	 97.902514	 97.901478	 97.900484	 97.899531	 97.898617	 97.897742	 97.896903	   97.8961	 97.895331	 97.894596	 97.893892	 97.893219	 97.892575	  97.89196	 97.891372	 97.890811	 97.890274	 97.889763	 97.889275	 97.888809	 97.888365	 97.887941	 97.887538	 97.887154	 97.886788	  97.88644	 97.886109	 97.885794	 97.885494	 97.885209	 97.884939	 97.884682	 97.884438	 97.884207	 97.883988	  97.88378	 97.883583	 97.883397	 97.883221	 97.883054	 97.882897	 97.882748	 97.882608	 97.882476	 97.882352	 97.882235	 97.882125	 97.882022	 97.881925	 97.881835	  97.88175	 97.881671	 97.881598	 97.881531	 97.881468	  97.88141	 97.881358	 97.881309	 97.881266	 97.881226	 97.881191	  97.88116	 97.881133	 97.881111	 97.881092	 97.881076	 97.881065	 97.881058	 97.881054	
        99	 98.968258	 98.936525	 98.904813	 98.873131	 98.841489	 98.809896	 98.778364	 98.746901	 98.715517	 98.684223	 98.653027	 98.621939	 98.590969	 98.560125	 98.529418	 98.498856	 98.468447	 98.438201	 98.408127	 98.378233	 98.348527	 98.319017	 98.289711	 98.260617	 98.231743	 98.203096	 98.174682	 98.146511	 98.118587	 98.090917	 98.063508	 98.036366	 98.009497	 97.982907	   97.9566	 97.930582	 97.904858	 97.879433	 97.854312	 97.829497	 97.804994	 97.780806	 97.756936	 97.733389	 97.710166	 97.687271	 97.664705	 97.642472	 97.620574	 97.599011	 97.577786	   97.5569	 97.536354	 97.516149	 97.496286	 97.476764	 97.457584	 97.438747	 97.420251	 97.402096	 97.384282	 97.366808	 97.349672	 97.332874	 97.316412	 97.300284	 97.284489	 97.269024	 97.253887	 97.239077	  97.22459	 97.210424	 97.196577	 97.183045	 97.169825	 97.156915	 97.144311	 97.132009	 97.120007	   97.1083	 97.096885	 97.085758	 97.074916	 97.064354	 97.054068	 97.044054	 97.034309	 97.024828	 97.015606	  97.00664	 96.997925	 96.989457	 96.981231	 96.973243	 96.965488	 96.957963	 96.950662	 96.943581	 96.936716	 96.930062	 96.923615	 96.917371	 96.911324	  96.90547	 96.899805	 96.894326	 96.889026	 96.883902	 96.878951	 96.874166	 96.869545	 96.865083	 96.860776	  96.85662	  96.85261	 96.848744	 96.845017	 96.841424	 96.837964	  96.83463	 96.831421	 96.828332	 96.825359	   96.8225	 96.819751	 96.817107	 96.814567	 96.812127	 96.809784	 96.807534	 96.805374	 96.803302	 96.801314	 96.799409	 96.797582	 96.795832	 96.794155	 96.792549	 96.791012	  96.78954	 96.788133	 96.786786	 96.785499	 96.784269	 96.783094	 96.781971	 96.780899	 96.779876	   96.7789	 96.777968	  96.77708	 96.776234	 96.775427	 96.774659	 96.773928	 96.773231	 96.772569	 96.771939	  96.77134	  96.77077	  96.77023	 96.769716	 96.769229	 96.768767	 96.768328	 96.767913	 96.767519	 96.767147	 96.766794	 96.766461	 96.766147	 96.765849	 96.765569	 96.765305	 96.765056	 96.764822	 96.764602	 96.764396	 96.764203	 96.764022	 96.763853	 96.763696	  96.76355	 96.763414	 96.763289	 96.763174	 96.763068	 96.762972	 96.762884	 96.762806	 96.762735	 96.762674	  96.76262	 96.762574	 96.762536	 96.762506	 96.762484	 96.762469	 96.762461	
        99	 98.952399	 98.904813	 98.857257	 98.809747	 98.762296	  98.71492	 98.667633	 98.620451	 98.573388	 98.526459	 98.479677	 98.433058	 98.386614	 98.340361	 98.294312	 98.248481	  98.20288	 98.157524	 98.112424	 98.067594	 98.023047	 97.978793	 97.934846	 97.891217	 97.847917	 97.804958	 97.762349	 97.720102	 97.678227	 97.636734	 97.595632	  97.55493	 97.514637	 97.474761	 97.435311	 97.396295	  97.35772	 97.319592	 97.281919	 97.244707	 97.207962	  97.17169	 97.135895	 97.100583	 97.065758	 97.031424	 96.997585	 96.964244	 96.931404	 96.899069	  96.86724	  96.83592	 96.805109	 96.774809	 96.745022	 96.715747	 96.686985	 96.658736	    96.631	 96.603775	 96.577061	 96.550856	  96.52516	 96.499969	 96.475282	 96.451096	 96.427409	 96.404218	 96.381519	  96.35931	 96.337585	 96.316342	 96.295577	 96.275284	  96.25546	   96.2361	 96.217198	 96.198751	 96.180752	 96.163196	 96.146078	 96.129393	 96.113133	 96.097294	 96.081869	 96.066853	 96.052239	 96.038021	 96.024192	 96.010746	 95.997677	 95.984978	 95.972642	 95.960663	 95.949035	  95.93775	 95.926801	 95.916183	 95.905888	  95.89591	 95.886242	 95.876877	 95.867809	 95.859031	 95.850537	 95.842319	 95.834372	 95.826688	 95.819263	 95.812088	 95.805158	 95.798467	 95.792008	 95.785775	 95.779763	 95.773965	 95.768375	 95.762988	 95.757798	   95.7528	 95.747987	 95.743354	 95.738897	 95.734609	 95.730486	 95.726522	 95.722713	 95.719054	 95.715539	 95.712165	 95.708927	 95.705819	 95.702839	 95.699981	 95.697242	 95.694617	 95.692102	 95.689694	 95.687389	 95.685182	 95.683071	 95.681053	 95.679123	 95.677278	 95.675515	 95.673832	 95.672224	  95.67069	 95.669226	 95.667829	 95.666497	 95.665228	 95.664019	 95.662866	 95.661769	 95.660725	 95.659732	 95.658787	 95.657889	 95.657035	 95.656224	 95.655454	 95.654723	  95.65403	 95.653373	  95.65275	  95.65216	 95.651601	 95.651073	 95.650573	 95.650101	 95.649655	 95.649235	 95.648839	 95.648466	 95.648115	 95.647785	 95.647476	 95.647186	 95.646915	 95.646662	 95.646426	 95.646207	 95.646004	 95.645816	 95.645643	 95.645484	  95.64534	 95.645209	 95.645091	 95.644986	 95.644893	 95.644812	 95.644744	 95.644687	 95.644642	 95.644608	 95.644585	 95.644574	
        99	 98.936555	 98.873131	 98.809747	 98.746422	 98.683177	 98.620033	 98.557007	 98.494121	 98.431393	 98.368844	 98.306491	 98.244355	 98.182454	 98.120806	  98.05943	 97.998343	 97.937565	 97.877112	 97.817001	  97.75725	 97.697875	 97.638892	 97.580318	 97.522167	 97.464455	 97.407197	 97.350406	 97.294098	 97.238285	 97.182981	 97.128198	 97.073949	 97.020244	 96.967097	 96.914516	 96.862514	 96.811099	 96.760281	 96.710069	 96.660471	 96.611496	  96.56315	 96.515441	 96.468376	 96.421959	 96.376197	 96.331095	 96.286657	 96.242888	  96.19979	 96.157367	 96.115621	 96.074555	 96.034171	 95.994469	  95.95545	 95.917115	 95.879464	 95.842495	 95.806209	 95.770603	 95.735677	 95.701427	 95.667852	 95.634948	 95.602713	 95.571142	 95.540231	 95.509978	 95.480375	  95.45142	 95.423107	 95.395429	 95.368383	  95.34196	 95.316156	 95.290963	 95.266376	 95.242386	 95.218987	 95.196172	 95.173932	 95.152261	  95.13115	 95.110591	 95.090577	 95.071099	 95.052148	 95.033716	 95.015795	 94.998376	  94.98145	 94.965009	 94.949043	 94.933543	 94.918502	  94.90391	 94.889757	 94.876036	 94.862737	 94.849851	 94.837369	 94.825283	 94.813583	 94.802261	 94.791308	 94.780716	 94.770475	 94.760578	 94.751015	 94.741778	  94.73286	 94.724251	 94.715944	  94.70793	 94.700203	 94.692753	 94.685573	 94.678655	 94.671993	 94.665578	 94.659404	 94.653462	 94.647748	 94.642252	 94.636969	 94.631892	 94.627015	 94.622331	 94.617834	 94.613517	 94.609376	 94.605403	 94.601594	 94.597943	 94.594444	 94.591093	 94.587883	  94.58481	  94.58187	 94.579056	 94.576366	 94.573793	 94.571334	 94.568985	 94.566741	 94.564598	 94.562553	 94.560602	  94.55874	 94.556966	 94.555274	 94.553662	 94.552126	 94.550664	 94.549272	 94.547948	 94.546689	 94.545492	 94.544354	 94.543273	 94.542247	 94.541273	 94.540349	 94.539472	 94.538642	 94.537856	 94.537111	 94.536407	 94.535741	 94.535112	 94.534518	 94.533957	 94.533429	 94.532932	 94.532464	 94.532025	 94.531613	 94.531227	 94.530865	 94.530528	 94.530214	 94.529922	 94.529651	   94.5294	  94.52917	 94.528959	 94.528766	 94.528591	 94.528434	 94.528294	  94.52817	 94.528063	 94.527972	 94.527896	 94.527836	  94.52779	  94.52776	 94.527745	
        99	 98.920732	 98.841489	 98.762296	 98.683177	 98.604159	 98.525265	 98.446521	  98.36795	 98.289578	 98.211428	 98.133524	  98.05589	  97.97855	 97.901527	 97.824843	 97.748521	 97.672584	 97.597054	 97.521951	 97.447297	 97.373114	  97.29942	 97.226237	 97.153582	 97.081477	 97.009938	 96.938983	 96.868631	 96.798898	 96.729801	 96.661354	 96.593575	 96.526476	 96.460073	 96.394379	 96.329406	 96.265168	 96.201675	  96.13894	 96.076972	 96.015782	 95.955379	 95.895771	 95.836966	 95.778973	 95.721798	 95.665447	 95.609926	  95.55524	 95.501393	 95.448389	 95.396232	 95.344924	 95.294467	 95.244863	 95.196113	 95.148217	 95.101175	 95.054986	 95.009649	 94.965164	 94.921526	 94.878734	 94.836785	 94.795675	 94.755399	 94.715954	 94.677335	 94.639535	  94.60255	 94.566373	 94.530998	 94.496418	 94.462625	 94.429613	 94.397373	 94.365897	 94.335177	 94.305204	 94.275969	 94.247464	 94.219677	 94.192601	 94.166225	 94.140539	 94.115533	 94.091196	 94.067519	  94.04449	   94.0221	 94.000336	 93.979189	 93.958646	 93.938698	 93.919334	 93.900541	 93.882309	 93.864627	 93.847483	 93.830867	 93.814767	 93.799172	 93.784072	 93.769454	 93.755308	 93.741624	 93.728389	 93.715594	 93.703228	 93.691281	  93.67974	 93.668598	 93.657842	 93.647463	 93.637451	 93.627795	 93.618487	 93.609517	 93.600874	  93.59255	 93.584535	 93.576821	 93.569398	 93.562258	 93.555392	 93.548791	 93.542448	 93.536354	 93.530502	 93.524883	  93.51949	 93.514316	 93.509352	 93.504593	 93.500032	  93.49566	 93.491473	 93.487462	 93.483623	 93.479949	 93.476434	 93.473072	 93.469858	 93.466786	 93.463851	 93.461047	  93.45837	 93.455815	 93.453377	 93.451052	 93.448834	  93.44672	 93.444706	 93.442788	 93.440961	 93.439222	 93.437568	 93.435994	 93.434498	 93.433077	 93.431726	 93.430444	 93.429227	 93.428073	 93.426978	  93.42594	 93.424958	 93.424028	 93.423148	 93.422316	  93.42153	 93.420787	 93.420087	 93.419428	 93.418806	 93.418222	 93.417673	 93.417158	 93.416675	 93.416224	 93.415803	  93.41541	 93.415045	 93.414706	 93.414394	 93.414106	 93.413842	 93.413601	 93.413383	 93.413186	 93.413011	 93.412857	 93.412723	 93.412609	 93.412514	 93.412439	 93.412382	 93.412345	 93.412326	
        99	 98.904933	 98.809896	  98.71492	 98.620033	 98.525265	 98.430648	 98.336209	 98.241979	 98.147986	  98.05426	  97.96083	 97.867723	 97.774969	 97.682594	 97.590626	 97.499094	 97.408022	 97.317437	 97.227366	 97.137834	 97.048865	 96.960483	 96.872714	 96.785579	 96.699102	 96.613305	 96.528209	 96.443835	 96.360204	 96.277335	 96.195247	 96.113958	 96.033486	 95.953849	 95.875061	 95.797139	 95.720098	 95.643951	 95.568712	 95.494393	 95.421008	 95.348565	 95.277077	 95.206553	 95.137001	 95.068431	 95.000849	 94.934262	 94.868676	 94.804098	  94.74053	 94.677977	 94.616443	  94.55593	  94.49644	 94.437973	 94.380531	 94.324113	 94.268719	 94.214346	 94.160994	 94.108659	 94.057339	 94.007029	 93.957725	 93.909423	 93.862116	 93.815799	 93.770466	  93.72611	 93.682722	 93.640297	 93.598824	 93.558297	 93.518705	 93.480039	  93.44229	 93.405447	   93.3695	 93.334439	 93.300252	 93.266927	 93.234455	 93.202821	 93.172016	 93.142026	 93.112839	 93.084443	 93.056825	 93.029971	  93.00387	 92.978508	 92.953871	 92.929948	 92.906723	 92.884185	 92.862319	 92.841113	 92.820553	 92.800625	 92.781316	 92.762613	 92.744503	 92.726972	 92.710007	 92.693595	 92.677723	 92.662378	 92.647547	 92.633218	 92.619378	 92.606014	 92.593114	 92.580667	 92.568659	  92.55708	 92.545916	 92.535158	 92.524793	 92.514809	 92.505197	 92.495946	 92.487043	  92.47848	 92.470245	 92.462329	 92.454722	 92.447414	 92.440395	 92.433656	 92.427188	 92.420982	  92.41503	 92.409323	 92.403852	 92.398609	 92.393587	 92.388777	 92.384173	 92.379767	 92.375551	 92.371519	 92.367665	  92.36398	  92.36046	 92.357098	 92.353887	 92.350823	 92.347899	  92.34511	  92.34245	 92.339915	 92.337499	 92.335198	 92.333008	 92.330922	 92.328938	 92.327051	 92.325257	 92.323552	 92.321933	 92.320395	 92.318935	 92.317551	 92.316238	 92.314994	 92.313815	   92.3127	 92.311644	 92.310646	 92.309704	 92.308814	 92.307974	 92.307183	 92.306438	 92.305737	 92.305078	 92.304461	 92.303882	 92.303341	 92.302835	 92.302364	 92.301926	 92.301521	 92.301146	   92.3008	 92.300484	 92.300195	 92.299933	 92.299698	 92.299488	 92.299302	 92.299142	 92.299005	 92.298891	 92.298801	 92.298733	 92.298688	 92.298666	
        99	 98.889164	 98.778364	 98.667633	 98.557007	 98.446521	 98.336209	 98.226106	 98.116246	 98.006662	  97.89739	 97.788462	 97.679912	 97.571772	 97.464075	 97.356853	 97.250138	  97.14396	  97.03835	 96.933339	 96.828955	 96.725229	 96.622188	  96.51986	 96.418272	 96.317451	 96.217423	 96.118212	 96.019843	  95.92234	 95.825725	 95.730021	 95.635249	  95.54143	 95.448582	 95.356726	 95.265879	 95.176059	 95.087281	 94.999563	 94.912917	 94.827359	   94.7429	 94.659555	 94.577332	 94.496244	   94.4163	 94.337508	 94.259876	 94.183412	 94.108122	  94.03401	 93.961082	 93.889341	  93.81879	 93.749432	 93.681268	 93.614298	 93.548522	 93.483939	 93.420548	 93.358346	 93.297331	 93.237498	 93.178843	 93.121361	 93.065047	 93.009893	 92.955894	 92.903041	 92.851327	 92.800744	 92.751281	 92.702929	 92.655679	  92.60952	 92.564441	  92.52043	 92.477477	 92.435567	  92.39469	 92.354832	  92.31598	 92.278121	 92.241241	 92.205326	 92.170362	 92.136334	 92.103227	 92.071028	  92.03972	 92.009289	  91.97972	 91.950998	 91.923106	 91.896029	 91.869752	  91.84426	 91.819536	 91.795565	 91.772332	  91.74982	 91.728015	 91.706901	 91.686462	 91.666683	 91.647549	 91.629044	 91.611154	 91.593863	 91.577157	 91.561021	 91.545441	 91.530402	  91.51589	  91.50189	  91.48839	 91.475375	 91.462832	 91.450747	 91.439108	 91.427902	 91.417115	 91.406736	 91.396753	 91.387152	 91.377923	 91.369054	 91.360534	  91.35235	 91.344494	 91.336953	 91.329718	 91.322779	 91.316124	 91.309746	 91.303634	 91.297779	 91.292171	 91.286803	 91.281666	 91.276751	 91.272051	 91.267557	 91.263261	 91.259157	 91.255237	 91.251494	 91.247921	 91.244512	  91.24126	  91.23816	 91.235204	 91.232388	 91.229705	 91.227151	  91.22472	 91.222407	 91.220207	 91.218115	 91.216127	 91.214239	 91.212446	 91.210744	  91.20913	   91.2076	 91.206149	 91.204775	 91.203474	 91.202244	 91.201081	 91.199982	 91.198944	 91.197965	 91.197042	 91.196174	 91.195357	 91.194589	 91.193869	 91.193194	 91.192563	 91.191974	 91.191425	 91.190914	 91.190441	 91.190004	 91.189601	 91.189232	 91.188896	 91.188591	 91.188316	 91.188071	 91.187855	 91.187668	 91.187508	 91.187376	  91.18727	 91.187191	 91.187139	 91.187113	
        99	  98.87343	 98.746901	 98.620451	 98.494121	  98.36795	 98.241979	 98.116246	  97.99079	 97.865651	 97.740866	 97.616475	 97.492515	 97.369024	 97.246039	 97.123596	 97.001731	  96.88048	 96.759879	  96.63996	 96.520759	 96.402308	 96.284639	 96.167785	 96.051776	 95.936643	 95.822415	  95.70912	 95.596787	 95.485443	 95.375113	 95.265823	 95.157597	 95.050459	 94.944431	 94.839535	 94.735792	 94.633221	 94.531841	  94.43167	 94.332724	  94.23502	 94.138572	 94.043395	 93.949501	 93.856902	 93.765608	 93.675631	 93.586979	  93.49966	 93.413682	 93.329049	 93.245769	 93.163844	 93.083278	 93.004074	 92.926233	 92.849756	 92.774642	 92.700892	 92.628502	  92.55747	 92.487793	 92.419466	 92.352485	 92.286843	 92.222534	 92.159551	 92.097886	 92.037531	 91.978476	 91.920711	 91.864227	 91.809012	 91.755054	 91.702343	 91.650864	 91.600606	 91.551554	 91.503696	 91.457016	   91.4115	 91.367132	 91.323899	 91.281783	  91.24077	 91.200842	 91.161983	 91.124177	 91.087407	 91.051655	 91.016904	 90.983138	 90.950338	 90.918486	 90.887566	 90.857559	 90.828448	 90.800214	  90.77284	 90.746309	 90.720602	 90.695701	 90.671589	 90.648249	 90.625662	 90.603812	  90.58268	  90.56225	 90.542505	 90.523428	 90.505001	 90.487209	 90.470035	 90.453463	 90.437476	 90.422059	 90.407197	 90.392873	 90.379073	 90.365782	 90.352984	 90.340667	 90.328814	 90.317413	  90.30645	 90.295911	 90.285783	 90.276053	 90.266708	 90.257736	 90.249125	 90.240863	 90.232938	 90.225339	 90.218055	 90.211075	 90.204389	 90.197986	 90.191856	 90.185989	 90.180377	 90.175009	 90.169877	 90.164971	 90.160285	 90.155808	 90.151534	 90.147454	 90.143561	 90.139847	 90.136307	 90.132931	 90.129715	 90.126652	 90.123735	 90.120959	 90.118317	 90.115805	 90.113416	 90.111147	  90.10899	 90.106943	    90.105	 90.103156	 90.101408	 90.099752	 90.098183	 90.096698	 90.095293	 90.093964	 90.092709	 90.091524	 90.090406	 90.089353	 90.088361	 90.087428	 90.086551	 90.085729	 90.084958	 90.084237	 90.083564	 90.082937	 90.082355	 90.081814	 90.081315	 90.080855	 90.080434	 90.080049	 90.079701	 90.079387	 90.079108	 90.078861	 90.078647	 90.078465	 90.078313	 90.078193	 90.078103	 90.078043	 90.078013	
        99	 98.857736	 98.715517	 98.573388	 98.431393	 98.289578	 98.147986	 98.006662	 97.865651	 97.724994	 97.584737	 97.444922	 97.305591	 97.166788	 97.028552	 96.890927	 96.753951	 96.617666	  96.48211	 96.347322	  96.21334	 96.080201	 95.947942	 95.816598	 95.686204	 95.556795	 95.428403	  95.30106	 95.174798	 95.049647	 94.925636	 94.802795	 94.681149	 94.560727	 94.441552	 94.323649	 94.207042	 94.091752	 93.977801	 93.865209	 93.753995	 93.644176	 93.535769	 93.428789	 93.323253	 93.219171	 93.116558	 93.015424	  92.91578	 92.817633	 92.720993	 92.625867	  92.53226	 92.440176	  92.34962	 92.260595	 92.173102	 92.087142	 92.002715	  91.91982	 91.838454	 91.758614	 91.680297	 91.603498	 91.528211	  91.45443	 91.382147	 91.311354	 91.242043	 91.174204	 91.107826	 91.042899	 90.979411	 90.917349	 90.856701	 90.797453	 90.739591	 90.683101	 90.627967	 90.574174	 90.521706	 90.470546	 90.420678	 90.372083	 90.324746	 90.278646	 90.233768	 90.190091	 90.147597	 90.106267	 90.066082	 90.027022	 89.989069	 89.952201	   89.9164	 89.881646	 89.847918	 89.815197	 89.783463	 89.752695	 89.722874	 89.693979	 89.665991	 89.638889	 89.612654	 89.587267	 89.562707	 89.538955	 89.515992	 89.493799	 89.472356	 89.451644	 89.431646	 89.412343	 89.393715	 89.375746	 89.358418	 89.341712	 89.325613	 89.310101	 89.295162	 89.280778	 89.266933	 89.253611	 89.240796	 89.228473	 89.216627	 89.205243	 89.194307	 89.183803	 89.173719	  89.16404	 89.154754	 89.145846	 89.137305	 89.129118	 89.121273	 89.113757	  89.10656	  89.09967	 89.093076	 89.086767	 89.080734	 89.074965	 89.069452	 89.064184	 89.059152	 89.054348	 89.049762	 89.045386	 89.041213	 89.037233	 89.033439	 89.029824	 89.026381	 89.023103	 89.019982	 89.017013	 89.014189	 89.011504	 89.008953	 89.006529	 89.004228	 89.002044	 88.999972	 88.998007	 88.996145	 88.994382	 88.992712	 88.991133	  88.98964	 88.988229	 88.986897	 88.985641	 88.984457	 88.983342	 88.982293	 88.981308	 88.980383	 88.979517	 88.978707	 88.977951	 88.977246	 88.976591	 88.975984	 88.975422	 88.974906	 88.974432	    88.974	 88.973608	 88.973256	 88.972941	 88.972664	 88.972423	 88.972218	 88.972049	 88.971913	 88.971812	 88.971745	 88.971711	
        99	 98.842086	 98.684223	 98.526459	 98.368844	 98.211428	  98.05426	  97.89739	 97.740866	 97.584737	 97.429051	 97.273855	 97.119198	 96.965125	 96.811683	 96.658918	 96.506874	 96.355597	 96.205129	 96.055513	 95.906793	 95.759008	   95.6122	 95.466407	  95.32167	 95.178025	 95.035509	 94.894157	 94.754006	 94.615088	 94.477435	 94.341081	 94.206054	 94.072384	 93.940099	 93.809226	 93.679792	  93.55182	 93.425334	 93.300356	 93.176907	 93.055007	 92.934675	 92.815928	 92.698781	  92.58325	 92.469349	  92.35709	 92.246484	 92.137541	  92.03027	 91.924679	 91.820775	 91.718562	 91.618044	 91.519226	 91.422108	 91.326692	 91.232978	 91.140963	 91.050646	 90.962024	 90.875092	 90.789845	 90.706276	 90.624378	 90.544144	 90.465564	 90.388628	 90.313326	 90.239646	 90.167577	 90.097104	 90.028215	 89.960896	  89.89513	 89.830904	 89.768199	    89.707	  89.64729	  89.58905	 89.532262	 89.476908	 89.422968	 89.370423	 89.319253	 89.269437	 89.220955	 89.173787	  89.12791	 89.083305	 89.039948	  88.99782	 88.956897	 88.917158	  88.87858	 88.841142	 88.804822	 88.769596	 88.735444	 88.702342	 88.670269	 88.639201	 88.609119	 88.579998	 88.551818	 88.524556	 88.498192	 88.472702	 88.448067	 88.424266	 88.401276	 88.379078	 88.357651	 88.336974	 88.317029	 88.297794	 88.279251	  88.26138	 88.244163	  88.22758	 88.211613	 88.196245	 88.181458	 88.167233	 88.153555	 88.140406	  88.12777	  88.11563	 88.103971	 88.092777	 88.082034	 88.071726	 88.061838	 88.052358	  88.04327	 88.034562	 88.026219	 88.018231	 88.010583	 88.003263	 87.996261	 87.989564	  87.98316	  87.97704	 87.971193	 87.965608	 87.960275	 87.955185	 87.950328	 87.945695	 87.941277	 87.937066	 87.933054	 87.929232	 87.925592	 87.922129	 87.918833	 87.915698	 87.912718	 87.909886	 87.907196	 87.904641	 87.902217	 87.899917	 87.897736	  87.89567	 87.893712	 87.891859	 87.890106	 87.888449	 87.886883	 87.885404	  87.88401	 87.882695	 87.881458	 87.880294	   87.8792	 87.878174	 87.877212	 87.876313	 87.875474	 87.874691	 87.873964	  87.87329	 87.872667	 87.872094	 87.871568	 87.871088	 87.870653	 87.870262	 87.869913	 87.869605	 87.869338	 87.869111	 87.868922	 87.868772	  87.86866	 87.868585	 87.868548	
        99	 98.826486	 98.653027	 98.479677	 98.306491	 98.133524	  97.96083	 97.788462	 97.616475	 97.444922	 97.273855	 97.103328	 96.933392	 96.764098	 96.595497	  96.42764	 96.260576	 96.094354	 95.929021	 95.764625	 95.601212	 95.438827	 95.277516	 95.117321	 94.958284	 94.800448	 94.643853	 94.488537	  94.33454	 94.181898	 94.030647	 93.880822	 93.732455	  93.58558	 93.440227	 93.296425	 93.154203	 93.013589	 92.874607	 92.737283	 92.601638	 92.467696	 92.335476	 92.204997	 92.076278	 91.949334	  91.82418	 91.700831	 91.579298	 91.459592	 91.341724	 91.225702	 91.111532	 90.999222	 90.888774	 90.780193	 90.673481	 90.568639	 90.465666	 90.364562	 90.265322	 90.167945	 90.072425	 89.978756	 89.886931	 89.796943	 89.708782	 89.622439	 89.537902	 89.455161	 89.374203	 89.295013	 89.217579	 89.141884	 89.067914	 88.995652	  88.92508	 88.856181	 88.788936	 88.723327	 88.659333	 88.596936	 88.536113	 88.476844	 88.419108	 88.362882	 88.308145	 88.254874	 88.203046	 88.152637	 88.103625	 88.055986	 88.009695	 87.964729	 87.921064	 87.878676	 87.837539	  87.79763	 87.758925	 87.721399	 87.685027	 87.649785	 87.615648	 87.582594	 87.550596	 87.519632	 87.489677	 87.460708	 87.432701	 87.405632	 87.379479	 87.354218	 87.329827	 87.306283	 87.283564	 87.261648	 87.240513	 87.220138	 87.200502	 87.181583	 87.163362	 87.145819	 87.128932	 87.112684	 87.097054	 87.082025	 87.067577	 87.053692	 87.040353	 87.027542	 87.015243	 87.003438	 86.992111	 86.981247	  86.97083	 86.960844	 86.951276	 86.942109	 86.933331	 86.924928	 86.916885	 86.909191	 86.901832	 86.894797	 86.888072	 86.881647	  86.87551	  86.86965	 86.864057	  86.85872	 86.853629	 86.848775	 86.844148	  86.83974	  86.83554	 86.831541	 86.827735	 86.824114	  86.82067	 86.817395	 86.814283	 86.811327	 86.808521	 86.805857	  86.80333	 86.800933	 86.798663	 86.796512	 86.794476	 86.792549	 86.790728	 86.789007	 86.787383	 86.785851	 86.784406	 86.783046	 86.781767	 86.780566	 86.779438	 86.778382	 86.777394	 86.776471	 86.775612	 86.774813	 86.774072	 86.773387	 86.772757	  86.77218	 86.771652	 86.771175	 86.770745	 86.770361	 86.770023	  86.76973	  86.76948	 86.769273	 86.769108	 86.768984	 86.768902	 86.768861	
        99	  98.81094	 98.621939	 98.433058	 98.244355	  98.05589	 97.867723	 97.679912	 97.492515	 97.305591	 97.119198	 96.933392	 96.748229	 96.563767	 96.380061	 96.197164	 96.015132	 95.834016	  95.65387	 95.474745	  95.29669	 95.119757	 94.943992	 94.769444	 94.596158	  94.42418	 94.253555	 94.084323	 93.916529	  93.75021	 93.585407	 93.422158	 93.260498	 93.100463	 92.942087	 92.785401	 92.630437	 92.477224	  92.32579	 92.176161	 92.028364	  91.88242	 91.738354	 91.596185	 91.455932	 91.317614	 91.181247	 91.046846	 90.914424	 90.783994	 90.655565	 90.529147	 90.404748	 90.282375	 90.162032	 90.043722	 89.927449	 89.813213	 89.701015	 89.590851	 89.482721	 89.376619	  89.27254	 89.170478	 89.070426	 88.972375	 88.876316	 88.782236	 88.690126	 88.599971	 88.511759	 88.425475	 88.341102	 88.258626	 88.178028	 88.099291	 88.022396	 87.947324	 87.874055	 87.802567	  87.73284	 87.664851	 87.598579	    87.534	 87.471091	 87.409827	 87.350186	 87.292142	  87.23567	 87.180745	 87.127341	 87.075434	 87.024995	 86.976001	 86.928424	 86.882237	 86.837415	 86.793931	 86.751757	 86.710869	 86.671238	 86.632838	 86.595644	 86.559627	 86.524763	 86.491024	 86.458386	 86.426821	 86.396304	  86.36681	 86.338314	  86.31079	 86.284213	  86.25856	 86.233805	 86.209926	 86.186897	 86.164697	 86.143301	 86.122687	 86.102834	 86.083718	 86.065319	 86.047615	 86.030585	 86.014209	 85.998466	 85.983337	 85.968803	 85.954845	 85.941443	 85.928581	 85.916239	 85.904402	 85.893051	 85.882171	 85.871745	 85.861757	 85.852193	 85.843036	 85.834273	  85.82589	 85.817871	 85.810205	 85.802878	 85.795878	 85.789191	 85.782806	 85.776712	 85.770897	  85.76535	 85.760061	 85.755019	 85.750215	  85.74564	 85.741283	 85.737136	  85.73319	 85.729437	 85.725869	 85.722479	 85.719258	 85.716199	 85.713297	 85.710543	 85.707932	 85.705458	 85.703115	 85.700896	 85.698797	 85.696813	 85.694938	 85.693168	 85.691498	 85.689924	 85.688443	 85.687049	  85.68574	 85.684511	  85.68336	 85.682284	 85.681278	 85.680342	 85.679471	 85.678664	 85.677918	 85.677232	 85.676602	 85.676028	 85.675507	 85.675039	 85.674621	 85.674253	 85.673933	 85.673661	 85.673435	 85.673255	 85.673121	 85.673031	 85.672987	
        99	 98.795452	 98.590969	 98.386614	 98.182454	  97.97855	 97.774969	 97.571772	 97.369024	 97.166788	 96.965125	 96.764098	 96.563767	 96.364194	 96.165439	  95.96756	 95.770615	 95.574663	  95.37976	  95.18596	  94.99332	 94.801892	 94.611729	 94.422882	 94.235401	 94.049335	 93.864732	 93.681638	 93.500097	 93.320154	 93.141851	 92.965229	 92.790326	 92.617181	 92.445831	 92.276309	 92.108651	 91.942887	 91.779047	 91.617161	 91.457256	 91.299358	 91.143489	 90.989674	 90.837932	 90.688284	 90.540746	 90.395334	 90.252065	 90.110949	    89.972	 89.835226	 89.700637	 89.568239	 89.438037	 89.310036	 89.184238	 89.060644	 88.939254	 88.820066	 88.703078	 88.588284	 88.475679	 88.365257	 88.257009	 88.150926	 88.046997	 87.945211	 87.845555	 87.748015	 87.652576	 87.559224	  87.46794	 87.378707	 87.291507	  87.20632	 87.123126	 87.041904	 86.962632	 86.885288	 86.809849	 86.736291	  86.66459	  86.59472	 86.526658	 86.460376	 86.395849	  86.33305	 86.271952	 86.212527	 86.154749	 86.098589	 86.044019	 85.991011	 85.939536	 85.889566	 85.841072	 85.794026	 85.748398	 85.704159	 85.661282	 85.619737	 85.579495	 85.540528	 85.502808	 85.466306	 85.430993	 85.396843	 85.363826	 85.331916	 85.301085	 85.271307	 85.242553	 85.214798	 85.188016	  85.16218	 85.137265	 85.113246	 85.090097	 85.067795	 85.046315	 85.025634	 85.005727	 84.986573	 84.968148	  84.95043	 84.933398	  84.91703	 84.901305	 84.886203	 84.871703	 84.857787	 84.844435	 84.831628	 84.819347	 84.807576	 84.796296	  84.78549	 84.775142	 84.765235	 84.755754	 84.746684	 84.738009	 84.729715	 84.721788	 84.714213	 84.706979	 84.700071	 84.693477	 84.687186	 84.681185	 84.675463	 84.670008	 84.664811	  84.65986	 84.655146	 84.650659	  84.64639	  84.64233	  84.63847	 84.634802	 84.631317	 84.628008	 84.624868	 84.621889	 84.619064	 84.616387	 84.613851	 84.611451	  84.60918	 84.607033	 84.605005	  84.60309	 84.601283	 84.599581	 84.597978	  84.59647	 84.595053	 84.593724	 84.592479	 84.591314	 84.590226	 84.589213	 84.588271	 84.587398	 84.586591	 84.585848	 84.585167	 84.584546	 84.583983	 84.583476	 84.583024	 84.582625	 84.582279	 84.581985	  84.58174	 84.581546	   84.5814	 84.581304	 84.581256	
        99	 98.780028	 98.560125	 98.340361	 98.120806	 97.901527	 97.682594	 97.464075	 97.246039	 97.028552	 96.811683	 96.595497	 96.380061	 96.165439	 95.951696	 95.738895	   95.5271	 95.316372	 95.106772	 94.898359	 94.691192	  94.48533	 94.280827	  94.07774	 93.876122	 93.676025	 93.477502	 93.280601	 93.085372	  92.89186	 92.700112	 92.510171	 92.322079	 92.135878	 91.951607	 91.769303	 91.589002	 91.410738	 91.234544	 91.060451	 90.888488	 90.718683	 90.551061	 90.385647	 90.222463	  90.06153	 89.902867	 89.746491	 89.592418	 89.440661	 89.291234	 89.144147	 88.999409	 88.857027	 88.717007	 88.579354	  88.44407	 88.311157	 88.180613	 88.052438	 87.926628	 87.803178	 87.682082	 87.563333	 87.446923	  87.33284	 87.221074	 87.111613	 87.004442	 86.899547	 86.796912	  86.69652	 86.598353	 86.502391	 86.408616	 86.317005	 86.227538	 86.140191	 86.054942	 85.971766	 85.890638	 85.811533	 85.734425	 85.659287	 85.586092	 85.514813	  85.44542	 85.377885	  85.31218	 85.248275	  85.18614	 85.125745	  85.06706	 85.010055	 84.954698	  84.90096	  84.84881	 84.798216	 84.749147	 84.701573	 84.655462	 84.610784	 84.567508	 84.525603	 84.485038	 84.445784	 84.407808	 84.371083	 84.335577	  84.30126	 84.268105	  84.23608	 84.205159	 84.175311	 84.146509	 84.118725	 84.091931	 84.066101	 84.041207	 84.017223	 83.994123	 83.971882	 83.950475	 83.929876	 83.910061	 83.891008	 83.872691	 83.855089	 83.838178	 83.821937	 83.806345	 83.791379	  83.77702	 83.763247	 83.750041	 83.737382	 83.725251	  83.71363	 83.702502	 83.691848	 83.681652	 83.671898	 83.662569	 83.653649	 83.645124	 83.636979	 83.629199	  83.62177	 83.614679	 83.607914	  83.60146	 83.595306	  83.58944	 83.583851	 83.578527	 83.573458	 83.568633	 83.564042	 83.559675	 83.555524	 83.551579	 83.547832	 83.544273	 83.540896	 83.537692	 83.534655	 83.531776	 83.529049	 83.526468	 83.524026	 83.521717	 83.519535	 83.517476	 83.515533	 83.513702	 83.511978	 83.510357	 83.508833	 83.507404	 83.506065	 83.504812	 83.503643	 83.502553	  83.50154	 83.500601	 83.499733	 83.498934	 83.498202	 83.497534	 83.496928	 83.496383	 83.495897	 83.495468	 83.495096	 83.494779	 83.494517	 83.494308	 83.494151	 83.494047	 83.493995	
        99	 98.764672	 98.529418	 98.294312	  98.05943	 97.824843	 97.590626	 97.356853	 97.123596	 96.890927	 96.658918	  96.42764	 96.197164	  95.96756	 95.738895	 95.511239	 95.284659	  95.05922	 94.834987	 94.612025	 94.390397	 94.170163	 93.951384	  93.73412	 93.518427	 93.304362	 93.091979	 92.881333	 92.672475	 92.465454	  92.26032	 92.057119	 91.855897	 91.656698	 91.459562	 91.264532	 91.071644	 90.880935	 90.692442	 90.506195	 90.322228	 90.140569	 89.961245	 89.784284	 89.609708	  89.43754	 89.267801	 89.100508	 88.935679	 88.773329	 88.613471	 88.456115	 88.301273	 88.148952	 87.999157	 87.851895	 87.707167	 87.564974	 87.425318	 87.288195	 87.153602	 87.021534	 86.891984	 86.764946	 86.640409	 86.518362	 86.398794	 86.281691	 86.167039	 86.054821	 85.945021	 85.837621	   85.7326	  85.62994	 85.529618	 85.431612	 85.335899	 85.242455	 85.151254	 85.062272	 84.975481	 84.890853	 84.808363	  84.72798	 84.649675	 84.573419	 84.499182	 84.426933	 84.356641	 84.288274	 84.221802	 84.157191	 84.094409	 84.033424	 83.974203	 83.916714	 83.860923	 83.806797	 83.754303	 83.703407	 83.654078	 83.606281	 83.559984	 83.515153	 83.471757	 83.429762	 83.389135	 83.349846	 83.311861	 83.275149	 83.239679	 83.205419	 83.172339	 83.140407	 83.109595	 83.079871	 83.051207	 83.023573	 82.996941	 82.971283	 82.946571	 82.922777	 82.899875	 82.877839	 82.856641	 82.836257	 82.816662	 82.797831	  82.77974	 82.762365	 82.745684	 82.729674	 82.714312	 82.699578	 82.685449	 82.671906	 82.658929	 82.646497	 82.634592	 82.623194	 82.612287	 82.601852	 82.591871	 82.582329	 82.573209	 82.564495	 82.556172	 82.548224	 82.540639	   82.5334	 82.526496	 82.519913	 82.513637	 82.507658	 82.501962	 82.496539	 82.491377	 82.486466	 82.481795	 82.477354	 82.473133	 82.469124	 82.465317	 82.461704	 82.458277	 82.455027	 82.451947	  82.44903	 82.446269	 82.443656	 82.441186	 82.438853	 82.436649	 82.434571	 82.432612	 82.430768	 82.429033	 82.427403	 82.425874	 82.424442	 82.423102	  82.42185	 82.420685	 82.419601	 82.418596	 82.417668	 82.416813	  82.41603	 82.415315	 82.414667	 82.414084	 82.413564	 82.413106	 82.412707	 82.412368	 82.412087	 82.411864	 82.411696	 82.411585	  82.41153	
        99	 98.749388	 98.498856	 98.248481	 97.998343	 97.748521	 97.499094	 97.250138	 97.001731	 96.753951	 96.506874	 96.260576	 96.015132	 95.770615	   95.5271	 95.284659	 95.043363	 94.803283	 94.564487	 94.327045	 94.091022	 93.856485	 93.623498	 93.392122	 93.162421	 92.934454	 92.708278	 92.483951	 92.261528	 92.041062	 91.822605	 91.606208	 91.391917	 91.179781	 90.969842	 90.762145	  90.55673	 90.353636	   90.1529	 89.954558	 89.758643	 89.565185	 89.374216	 89.185761	 88.999848	 88.816498	 88.635735	 88.457577	 88.282044	 88.109149	 87.938909	 87.771334	 87.606435	 87.444221	 87.284698	 87.127871	 86.973744	 86.822317	  86.67359	 86.527561	 86.384227	 86.243582	 86.105619	  85.97033	 85.837704	 85.707731	 85.580398	  85.45569	 85.333591	 85.214086	 85.097155	 84.982779	 84.870938	  84.76161	 84.654773	 84.550402	 84.448472	 84.348959	 84.251836	 84.157074	 84.064646	 83.974523	 83.886675	 83.801071	 83.717681	 83.636473	 83.557414	 83.480473	 83.405615	 83.332809	 83.262019	 83.193212	 83.126353	 83.061407	  82.99834	 82.937117	 82.877703	 82.820061	 82.764158	 82.709957	 82.657424	 82.606523	 82.557219	 82.509477	 82.463262	 82.418539	 82.375275	 82.333433	 82.292982	 82.253886	 82.216112	 82.179627	 82.144398	 82.110393	 82.077579	 82.045925	 82.015399	 81.985971	 81.957609	 81.930285	 81.903968	 81.878629	 81.854239	 81.830771	 81.808197	 81.786489	 81.765621	 81.745567	 81.726301	 81.707798	 81.690034	 81.672983	 81.656624	 81.640933	 81.625887	 81.611464	 81.597644	 81.584405	 81.571726	 81.559589	 81.547973	  81.53686	 81.526231	 81.516069	 81.506357	 81.497077	 81.488213	  81.47975	 81.471671	 81.463963	  81.45661	   81.4496	 81.442917	 81.436549	 81.430483	 81.424708	 81.419211	  81.41398	 81.409006	 81.404276	 81.399782	 81.395512	 81.391458	 81.387611	 81.383961	   81.3805	  81.37722	 81.374114	 81.371173	  81.36839	  81.36576	 81.363275	 81.360928	 81.358715	 81.356629	 81.354665	 81.352818	 81.351082	 81.349454	 81.347928	 81.346501	 81.345168	 81.343927	 81.342773	 81.341703	 81.340714	 81.339804	  81.33897	 81.338209	 81.337518	 81.336897	 81.336344	 81.335856	 81.335432	 81.335071	 81.334771	 81.334533	 81.334355	 81.334236	 81.334177	
        99	 98.734182	 98.468447	  98.20288	 97.937565	 97.672584	 97.408022	  97.14396	  96.88048	 96.617666	 96.355597	 96.094354	 95.834016	 95.574663	 95.316372	  95.05922	 94.803283	 94.548635	  94.29535	   94.0435	 93.793156	 93.544387	 93.297263	 93.051848	 92.808209	 92.566409	  92.32651	 92.088571	 91.852652	 91.618809	 91.387096	 91.157568	 90.930275	 90.705266	 90.482589	  90.26229	  90.04441	 89.828993	 89.616077	   89.4057	 89.197897	 88.992701	 88.790144	 88.590254	  88.39306	 88.198585	 88.006853	 87.817886	 87.631701	 87.448316	 87.267745	 87.090002	 86.915098	 86.743041	 86.573839	 86.407496	 86.244016	 86.083401	  85.92565	  85.77076	 85.618729	  85.46955	 85.323215	 85.179717	 85.039044	 84.901185	 84.766125	  84.63385	 84.504343	 84.377586	 84.253559	 84.132244	 84.013616	 83.897655	 83.784335	 83.673631	 83.565517	 83.459965	 83.356948	 83.256437	 83.158401	 83.062809	  82.96963	 82.878832	 82.790382	 82.704246	 82.620391	 82.538781	 82.459381	 82.382157	 82.307072	 82.234089	 82.163173	 82.094287	 82.027394	 81.962456	 81.899436	 81.838297	 81.779001	 81.721512	 81.665791	 81.611801	 81.559506	 81.508867	 81.459848	 81.412411	 81.366522	 81.322142	 81.279235	 81.237767	 81.197701	 81.159002	 81.121636	 81.085567	 81.050762	 81.017187	 80.984809	 80.953595	 80.923513	 80.894531	 80.866617	  80.83974	 80.813871	 80.788979	 80.765035	  80.74201	 80.719876	 80.698605	  80.67817	 80.658544	 80.639702	 80.621617	 80.604265	 80.587622	 80.571663	 80.556365	 80.541706	 80.527664	 80.514216	 80.501342	 80.489021	 80.477234	  80.46596	 80.455182	  80.44488	 80.435037	 80.425635	 80.416658	  80.40809	 80.399914	 80.392115	 80.384679	  80.37759	 80.370836	 80.364402	 80.358276	 80.352446	 80.346898	 80.341622	 80.336605	 80.331838	 80.327309	 80.323009	 80.318928	 80.315057	 80.311386	 80.307907	 80.304612	 80.301493	 80.298542	 80.295752	 80.293116	 80.290627	  80.28828	 80.286067	 80.283984	 80.282024	 80.280183	 80.278456	 80.276838	 80.275324	 80.273911	 80.272594	  80.27137	 80.270235	 80.269187	 80.268221	 80.267336	 80.266529	 80.265797	 80.265138	 80.264551	 80.264033	 80.263583	   80.2632	 80.262883	  80.26263	 80.262441	 80.262315	 80.262253	
