Time step 69:
        99	        99	        99	        99	        99	        99	        99	        99	        99	        99	        99	        99	        99	        99	        99	        99	        99	        99	        99	        99	        99	        99	        99	        99	        99	        99	        99	        99	        99	        99	        99	        99	        99	        99	        99	        99	        99	        99	        99	        99	        99	        99	        99	        99	        99	        99	        99	        99	        99	        99	        99	        99	        99	        99	        99	        99	        99	        99	        99	        99	        99	        99	        99	        99	        99	        99	        99	        99	        99	        99	        99	        99	        99	        99	        99	        99	        99	        99	        99	        99	        99	        99	        99	        99	        99	        99	        99	        99	        99	        99	        99	        99	        99	        99	        99	        99	        99	        99	        99	        99	        99	        99	        99	        99	        99	        99	        99	        99	        99	        99	        99	        99	        99	        99	        99	        99	        99	        99	        99	        99	        99	        99	        99	        99	        99	        99	        99	        99	        99	        99	        99	        99	        99	        99	        99	        99	        99	        99	        99	        99	        99	        99	        99	        99	        99	        99	        99	        99	        99	        99	        99	        99	        99	        99	        99	        99	        99	        99	        99	        99	        99	        99	        99	        99	        99	        99	        99	        99	        99	        99	        99	        99	        99	        99	        99	        99	        99	        99	        99	        99	        99	        99	        99	        99	        99	        99	        99	        99	        99	        99	        99	        99	        99	        99	        99	        99	        99	        99	        99	        99	
        99	 98.990798	 98.981597	   98.9724	 98.963207	 98.954022	 98.944844	 98.935677	 98.926522	  98.91738	 98.908253	 98.899143	 98.890051	 98.880979	 98.871928	 98.862901	 98.853899	 98.844922	 98.835974	 98.827055	 98.818167	 98.809312	  98.80049	 98.791704	 98.782955	 98.774244	 98.765573	 98.756943	 98.748356	 98.739813	 98.731314	 98.722863	 98.714459	 98.706104	 98.697799	 98.689546	 98.681346	   98.6732	 98.665108	 98.657073	 98.649094	 98.641174	 98.633313	 98.625513	 98.617773	 98.610096	 98.602481	  98.59493	 98.587444	 98.580024	  98.57267	 98.565382	 98.558163	 98.551012	 98.543929	 98.536917	 98.529975	 98.523103	 98.516303	 98.509574	 98.502918	 98.496335	 98.489825	 98.483388	 98.477025	 98.470736	 98.464521	 98.458381	 98.452316	 98.446326	 98.440411	 98.434572	 98.428808	 98.423119	 98.417506	 98.411968	 98.406506	  98.40112	 98.395809	 98.390573	 98.385412	 98.380326	 98.375316	  98.37038	 98.365518	 98.360731	 98.356018	 98.351378	 98.346812	 98.342318	 98.337898	  98.33355	 98.329273	 98.325068	 98.320935	 98.316871	 98.312879	 98.308955	 98.305101	 98.301316	 98.297598	 98.293949	 98.290366	  98.28685	 98.283399	 98.280014	 98.276694	 98.273437	 98.270245	 98.267114	 98.264046	  98.26104	 98.258094	 98.255208	 98.252382	 98.249614	 98.246905	 98.244252	 98.241657	 98.239117	 98.236633	 98.234203	 98.231827	 98.229504	 98.227233	 98.225014	 98.222846	 98.220727	 98.218659	 98.216639	 98.214667	 98.212742	 98.210863	 98.209031	 98.207243	   98.2055	 98.203801	 98.202145	  98.20053	 98.198958	 98.197426	 98.195934	 98.194482	 98.193069	 98.191694	 98.190356	 98.189055	 98.187791	 98.186562	 98.185367	 98.184208	 98.183081	 98.181988	 98.180928	 98.179899	 98.178901	 98.177935	 98.176998	 98.176091	 98.175214	 98.174364	 98.173543	  98.17275	 98.171983	 98.171243	  98.17053	 98.169841	 98.169178	  98.16854	 98.167926	 98.167336	  98.16677	 98.166227	 98.165706	 98.165208	 98.164732	 98.164278	 98.163845	 98.163433	 98.163042	 98.162671	 98.162321	  98.16199	 98.161679	 98.161388	 98.161116	 98.160863	 98.160629	 98.160414	 98.160217	 98.160039	 98.159878	 98.159736	 98.159612	 98.159506	 98.159418	 98.159347	 98.159294	 98.159259	 98.159241	
        99	 98.981597	 98.963197	 98.944804	 98.926421	 98.908052	 98.889699	 98.871366	 98.853057	 98.834775	 98.816523	 98.798304	 98.780122	  98.76198	  98.74388	 98.725828	 98.707824	 98.689873	 98.671978	 98.654142	 98.636368	 98.618659	 98.601017	 98.583447	  98.56595	  98.54853	  98.53119	 98.513931	 98.496758	 98.479673	 98.462678	 98.445776	  98.42897	 98.412262	 98.395654	 98.379149	  98.36275	 98.346459	 98.330277	 98.314208	 98.298253	 98.282414	 98.266694	 98.251094	 98.235616	 98.220263	 98.205035	 98.189935	 98.174964	 98.160125	 98.145417	 98.130844	 98.116406	 98.102105	 98.087942	 98.073918	 98.060035	 98.046293	 98.032694	 98.019239	 98.005928	 97.992762	 97.979743	  97.96687	 97.954145	 97.941568	 97.929141	 97.916862	 97.904733	 97.892754	 97.880925	 97.869247	  97.85772	 97.846344	 97.835118	 97.824044	 97.813121	 97.802349	 97.791728	 97.781257	 97.770937	 97.760766	 97.750746	 97.740875	 97.731153	 97.721579	 97.712153	 97.702874	 97.693743	 97.684757	 97.675917	 97.667221	 97.658669	  97.65026	 97.641993	 97.633868	 97.625883	 97.618037	 97.610329	 97.602759	 97.595325	 97.588027	 97.580862	  97.57383	  97.56693	  97.56016	  97.55352	 97.547008	 97.540623	 97.534363	 97.528227	 97.522214	 97.516323	 97.510552	   97.5049	 97.499366	 97.493947	 97.488643	 97.483453	 97.478374	 97.473405	 97.468546	 97.463794	 97.459148	 97.454607	 97.450169	 97.445833	 97.441597	  97.43746	 97.433421	 97.429477	 97.425627	 97.421871	 97.418206	 97.414632	 97.411146	 97.407748	 97.404435	 97.401207	 97.398062	 97.394999	 97.392016	 97.389112	 97.386285	 97.383535	  97.38086	 97.378259	  97.37573	 97.373272	 97.370884	 97.368564	 97.366312	 97.364126	 97.362005	 97.359948	 97.357953	  97.35602	 97.354147	 97.352334	 97.350578	  97.34888	 97.347238	 97.345651	 97.344118	 97.342638	 97.341211	 97.339835	 97.338509	 97.337233	 97.336005	 97.334825	 97.333692	 97.332606	 97.331565	 97.330569	 97.329617	 97.328708	 97.327842	 97.327018	 97.326236	 97.325495	 97.324794	 97.324134	 97.323512	  97.32293	 97.322386	  97.32188	 97.321412	 97.320981	 97.320588	 97.320231	 97.319911	 97.319626	 97.319378	 97.319166	 97.318989	 97.318848	 97.318742	 97.318672	 97.318636	
        99	   98.9724	 98.944804	 98.917219	 98.889649	 98.862099	 98.834574	 98.807079	  98.77962	   98.7522	 98.724826	 98.697502	 98.670233	 98.643024	 98.615879	 98.588804	 98.561803	 98.534881	 98.508043	 98.481292	 98.454635	 98.428075	 98.401617	 98.375265	 98.349024	 98.322898	 98.296891	 98.271008	 98.245252	 98.219628	  98.19414	 98.168791	 98.143585	 98.118527	 98.093619	 98.068866	 98.044271	 98.019838	 97.995569	 97.971469	  97.94754	 97.923785	 97.900208	 97.876812	 97.853599	 97.830572	 97.807734	 97.785088	 97.762635	 97.740379	 97.718322	 97.696465	 97.674811	 97.653363	 97.632122	 97.611089	 97.590268	 97.569658	 97.549262	 97.529082	 97.509119	 97.489373	 97.469847	 97.450541	 97.431457	 97.412595	 97.393956	  97.37554	  97.35735	 97.339384	 97.321644	 97.304129	 97.286841	 97.269779	 97.252944	 97.236335	 97.219953	 97.203797	 97.187868	 97.172164	 97.156686	 97.141433	 97.126404	   97.1116	 97.097019	 97.082661	 97.068524	 97.054608	 97.040913	 97.027436	 97.014178	 97.001136	  96.98831	 96.975699	 96.963301	 96.951114	 96.939138	 96.927371	 96.915812	 96.904458	 96.893309	 96.882363	 96.871617	 96.861071	 96.850723	  96.84057	 96.830611	 96.820844	 96.811268	 96.801879	 96.792677	  96.78366	 96.774824	 96.766169	 96.757692	 96.749392	 96.741265	  96.73331	 96.725526	 96.717909	 96.710457	 96.703169	 96.696043	 96.689075	 96.682264	 96.675609	 96.669105	 96.662752	 96.656548	 96.650489	 96.644574	 96.638801	 96.633168	 96.627671	 96.622311	 96.617083	 96.611986	 96.607018	 96.602176	 96.597459	 96.592865	 96.588391	 96.584036	 96.579797	 96.575673	 96.571661	 96.567759	 96.563966	  96.56028	 96.556698	  96.55322	 96.549842	 96.546563	 96.543382	 96.540297	 96.537305	 96.534406	 96.531597	 96.528877	 96.526245	 96.523698	 96.521235	 96.518855	 96.516556	 96.514337	 96.512196	 96.510132	 96.508143	 96.506229	 96.504388	 96.502618	  96.50092	  96.49929	 96.497729	 96.496235	 96.494807	 96.493444	 96.492146	  96.49091	 96.489737	 96.488626	 96.487575	 96.486584	 96.485652	 96.484778	 96.483963	 96.483204	 96.482502	 96.481856	 96.481266	 96.480731	  96.48025	 96.479824	 96.479452	 96.479133	 96.478868	 96.478657	 96.478498	 96.478392	 96.478339	
        99	 98.963207	 98.926421	 98.889649	 98.852896	 98.816171	 98.779479	 98.742827	 98.706222	 98.669671	  98.63318	 98.596756	 98.560405	 98.524133	 98.487948	 98.451856	 98.415862	 98.379974	 98.344197	 98.308537	 98.273002	 98.237596	 98.202326	 98.167198	 98.132218	  98.09739	 98.062722	 98.028218	 97.993885	 97.959726	 97.925749	 97.891957	 97.858357	 97.824953	  97.79175	 97.758753	 97.725967	 97.693396	 97.661045	 97.628918	 97.597019	 97.565353	 97.533924	 97.502736	 97.471792	 97.441096	 97.410652	 97.380463	 97.350532	 97.320864	  97.29146	 97.262324	 97.233459	 97.204867	 97.176552	 97.148514	 97.120758	 97.093284	 97.066096	 97.039195	 97.012583	 96.986261	 96.960232	 96.934496	 96.909056	 96.883911	 96.859065	 96.834516	 96.810267	 96.786318	 96.762669	 96.739322	 96.716276	 96.693531	 96.671089	 96.648949	 96.627111	 96.605574	 96.584339	 96.563405	 96.542772	 96.522439	 96.502406	 96.482671	 96.463233	 96.444093	 96.425248	 96.406698	 96.388441	 96.370476	 96.352802	 96.335417	  96.31832	 96.301508	 96.284981	 96.268735	 96.252771	 96.237085	 96.221676	 96.206541	 96.191678	 96.177086	 96.162762	 96.148703	 96.134908	 96.121374	 96.108099	 96.095079	 96.082313	 96.069798	 96.057531	  96.04551	 96.033732	 96.022194	 96.010894	 95.999829	 95.988996	 95.978392	 95.968015	 95.957861	 95.947928	 95.938213	 95.928712	 95.919424	 95.910345	 95.901473	 95.892804	 95.884335	 95.876064	 95.867987	 95.860103	 95.852407	 95.844897	  95.83757	 95.830424	 95.823455	  95.81666	 95.810038	 95.803584	 95.797296	 95.791172	 95.785208	 95.779402	 95.773752	 95.768254	 95.762905	 95.757704	 95.752648	 95.747734	  95.74296	 95.738322	  95.73382	 95.729449	 95.725209	 95.721096	 95.717108	 95.713243	 95.709498	 95.705873	 95.702363	 95.698968	 95.695685	 95.692512	 95.689448	 95.686489	 95.683635	 95.680884	 95.678233	 95.675682	 95.673227	 95.670869	 95.668604	 95.666432	 95.664351	 95.662359	 95.660456	 95.658639	 95.656908	 95.655261	 95.653697	 95.652216	 95.650815	 95.649493	 95.648251	 95.647087	 95.645999	 95.644988	 95.644052	 95.643191	 95.642405	 95.641691	 95.641051	 95.640482	 95.639986	 95.639562	 95.639208	 95.638926	 95.638715	 95.638574	 95.638503	
        99	 98.954022	 98.908052	 98.862099	 98.816171	 98.770276	 98.724424	 98.678622	 98.632879	 98.587202	 98.541601	 98.496083	 98.450657	  98.40533	 98.360111	 98.315008	 98.270028	  98.22518	 98.180471	 98.135909	 98.091502	 98.047257	 98.003182	 97.959283	  97.91557	 97.872048	 97.828724	 97.785606	 97.742701	 97.700015	 97.657554	 97.615327	 97.573338	 97.531594	 97.490102	 97.448867	 97.407896	 97.367193	 97.326765	 97.286617	 97.246755	 97.207184	 97.167908	 97.128933	 97.090263	 97.051904	 97.013859	 96.976134	 96.938731	 96.901655	 96.864911	 96.828501	  96.79243	   96.7567	 96.721315	 96.686278	 96.651592	 96.617259	 96.583283	 96.549666	  96.51641	 96.483517	 96.450989	 96.418828	 96.387037	 96.355615	 96.324565	 96.293888	 96.263584	 96.233656	 96.204103	 96.174927	 96.146128	 96.117705	  96.08966	 96.061992	 96.034702	 96.007789	 95.981252	 95.955092	 95.929308	 95.903899	 95.878864	 95.854202	 95.829912	 95.805993	 95.782443	 95.759262	 95.736447	 95.713997	 95.691911	 95.670185	 95.648819	  95.62781	 95.607157	 95.586856	 95.566906	 95.547304	 95.528047	 95.509134	 95.490561	 95.472326	 95.454425	 95.436857	 95.419618	 95.402705	 95.386115	 95.369845	 95.353892	 95.338252	 95.322923	 95.307901	 95.293182	 95.278764	 95.264643	 95.250815	 95.237278	 95.224026	 95.211058	 95.198369	 95.185956	 95.173816	 95.161944	 95.150337	 95.138991	 95.127904	  95.11707	 95.106487	 95.096151	 95.086058	 95.076205	 95.066588	 95.057203	 95.048047	 95.039117	 95.030408	 95.021917	 95.013641	 95.005576	 94.997718	 94.990065	 94.982612	 94.975357	 94.968296	 94.961425	 94.954742	 94.948242	 94.941924	 94.935783	 94.929817	 94.924021	 94.918395	 94.912933	 94.907634	 94.902494	  94.89751	  94.89268	 94.888001	  94.88347	 94.879085	 94.874842	  94.87074	 94.866775	 94.862945	 94.859248	 94.855682	 94.852243	 94.848931	 94.845742	 94.842675	 94.839727	 94.836897	 94.834183	 94.831582	 94.829093	 94.826715	 94.824445	 94.822281	 94.820223	 94.818269	 94.816417	 94.814667	 94.813016	 94.811463	 94.810008	 94.808649	 94.807386	 94.806216	  94.80514	 94.804157	 94.803265	 94.802465	 94.801755	 94.801135	 94.800604	 94.800163	  94.79981	 94.799546	  94.79937	 94.799282	
        99	 98.944844	 98.889699	 98.834574	 98.779479	 98.724424	  98.66942	 98.614476	 98.559602	 98.504809	 98.450106	 98.395502	 98.341009	 98.286635	  98.23239	 98.178285	 98.124327	 98.070527	 98.016895	 97.963438	 97.910168	 97.857091	 97.804219	 97.751559	  97.69912	 97.646911	  97.59494	 97.543216	 97.491747	  97.44054	 97.389605	 97.338949	 97.288579	 97.238504	  97.18873	 97.139265	 97.090115	 97.041288	 96.992791	  96.94463	 96.896811	 96.849341	 96.802226	 96.755472	 96.709084	 96.663069	  96.61743	 96.572174	 96.527306	 96.482831	 96.438752	 96.395075	 96.351803	 96.308942	 96.266494	 96.224464	 96.182855	  96.14167	 96.100912	 96.060585	 96.020691	 95.981233	 95.942212	 95.903632	 95.865495	 95.827801	 95.790554	 95.753754	 95.717402	   95.6815	 95.646049	 95.611049	 95.576501	 95.542405	 95.508763	 95.475573	 95.442835	  95.41055	 95.378717	 95.347336	 95.316405	 95.285924	 95.255892	 95.226307	 95.197169	 95.168476	 95.140226	 95.112418	 95.085049	 95.058118	 95.031623	 95.005562	 94.979931	 94.954729	 94.929953	   94.9056	 94.881668	 94.858153	 94.835053	 94.812365	 94.790085	  94.76821	 94.746737	 94.725662	 94.704982	 94.684693	 94.664791	 94.645274	 94.626137	 94.607375	 94.588986	 94.570966	  94.55331	 94.536014	 94.519074	 94.502486	 94.486247	  94.47035	 94.454794	 94.439572	 94.424682	 94.410118	 94.395876	 94.381953	 94.368343	 94.355042	 94.342046	 94.329351	 94.316951	 94.304844	 94.293024	 94.281488	  94.27023	 94.259246	 94.248533	 94.238086	 94.227901	 94.217973	 94.208298	 94.198872	 94.189691	 94.180751	 94.172047	 94.163577	 94.155335	 94.147317	 94.139521	 94.131941	 94.124574	 94.117417	 94.110465	 94.103715	 94.097164	 94.090807	 94.084641	 94.078663	 94.072869	 94.067256	  94.06182	 94.056559	  94.05147	 94.046548	 94.041792	 94.037198	 94.032763	 94.028485	  94.02436	 94.020387	 94.016561	 94.012882	 94.009346	 94.005951	 94.002695	 93.999575	  93.99659	 93.993736	 93.991013	 93.988418	 93.985949	 93.983605	 93.981384	 93.979283	 93.977303	 93.975441	 93.973695	 93.972065	 93.970549	 93.969146	 93.967856	 93.966676	 93.965607	 93.964646	 93.963795	 93.963051	 93.962414	 93.961885	 93.961462	 93.961145	 93.960933	 93.960828	
        99	 98.935677	 98.871366	 98.807079	 98.742827	 98.678622	 98.614476	   98.5504	 98.486406	 98.422506	  98.35871	 98.295032	 98.231482	 98.168071	  98.10481	 98.041712	 97.978786	 97.916045	 97.853498	 97.791157	 97.729032	 97.667135	 97.605475	 97.544062	 97.482908	 97.422021	 97.361412	 97.301091	 97.241068	 97.181351	  97.12195	 97.062875	 97.004133	 96.945735	 96.887688	 96.830002	 96.772683	 96.715741	 96.659184	 96.603018	 96.547252	 96.491892	 96.436946	 96.382421	 96.328323	  96.27466	 96.221436	 96.168659	 96.116333	 96.064465	 96.013061	 95.962124	 95.911661	 95.861676	 95.812173	 95.763157	 95.714632	 95.666602	  95.61907	  95.57204	 95.525516	 95.479499	 95.433994	 95.389002	 95.344526	 95.300567	 95.257129	 95.214212	 95.171819	  95.12995	 95.088606	 95.047789	   95.0075	 94.967737	 94.928503	 94.889796	 94.851618	 94.813967	 94.776843	 94.740246	 94.704174	 94.668627	 94.633603	 94.599102	 94.565121	 94.531659	 94.498714	 94.466284	 94.434366	 94.402959	 94.372061	 94.341667	 94.311777	 94.282386	 94.253492	 94.225092	 94.197182	 94.169759	  94.14282	  94.11636	 94.090377	 94.064867	 94.039824	 94.015247	  93.99113	 93.967469	  93.94426	 93.921498	  93.89918	 93.877301	 93.855855	  93.83484	 93.814249	 93.794078	 93.774323	 93.754979	  93.73604	 93.717502	 93.699359	 93.681608	 93.664243	 93.647258	 93.630649	 93.614412	  93.59854	 93.583028	 93.567872	 93.553067	 93.538607	 93.524487	 93.510703	 93.497249	  93.48412	 93.471311	 93.458817	 93.446634	 93.434755	 93.423177	 93.411894	 93.400902	 93.390195	 93.379769	 93.369619	 93.359741	 93.350129	 93.340779	 93.331686	 93.322847	 93.314256	 93.305909	 93.297802	  93.28993	 93.282289	 93.274876	 93.267685	 93.260713	 93.253956	 93.247411	 93.241072	 93.234937	 93.229001	 93.223262	 93.217715	 93.212357	 93.207185	 93.202196	 93.197386	 93.192752	 93.188291	    93.184	 93.179876	 93.175917	  93.17212	 93.168481	    93.165	 93.161672	 93.158496	  93.15547	 93.152591	 93.149857	 93.147266	 93.144817	 93.142507	 93.140335	   93.1383	 93.136399	 93.134631	 93.132995	  93.13149	 93.130114	 93.128867	 93.127747	 93.126754	 93.125887	 93.125144	 93.124527	 93.124033	 93.123663	 93.123417	 93.123294	
        99	 98.926522	 98.853057	  98.77962	 98.706222	 98.632879	 98.559602	 98.486406	 98.413303	 98.340308	 98.267432	  98.19469	 98.122094	 98.049658	 97.977393	 97.905314	 97.833432	  97.76176	  97.69031	 97.619096	 97.548129	 97.477421	 97.406985	 97.336831	 97.266972	 97.197419	 97.128184	 97.059277	  96.99071	 96.922493	 96.854638	 96.787154	 96.720052	 96.653341	 96.587032	 96.521135	 96.455658	 96.390611	 96.326003	 96.261843	 96.198139	   96.1349	 96.072134	 96.009848	  95.94805	 95.886748	 95.825949	 95.765659	 95.705886	 95.646636	 95.587914	 95.529728	 95.472082	 95.414982	 95.358433	 95.302441	 95.247009	 95.192142	 95.137845	 95.084121	 95.030975	 94.978408	 94.926426	  94.87503	 94.824223	 94.774008	 94.724387	 94.675362	 94.626934	 94.579106	 94.531878	 94.485251	 94.439226	 94.393805	 94.348986	  94.30477	 94.261157	 94.218147	  94.17574	 94.133933	 94.092727	 94.052121	 94.012112	   93.9727	 93.933882	 93.895657	 93.858023	 93.820976	 93.784516	 93.748639	 93.713342	 93.678623	 93.644478	 93.610904	 93.577897	 93.545455	 93.513572	 93.482246	 93.451472	 93.421247	 93.391566	 93.362424	 93.333817	 93.305741	 93.278191	 93.251163	  93.22465	 93.198649	 93.173154	 93.148161	 93.123663	 93.099656	 93.076135	 93.053093	 93.030526	 93.008428	 92.986793	 92.965617	 92.944892	 92.924614	 92.904777	 92.885375	 92.866402	 92.847853	 92.829722	 92.812003	  92.79469	 92.777777	 92.761259	  92.74513	 92.729383	 92.714014	 92.699017	 92.684385	 92.670113	 92.656195	 92.642626	   92.6294	 92.616511	 92.603954	 92.591723	 92.579813	 92.568218	 92.556934	 92.545954	 92.535273	 92.524886	 92.514789	 92.504975	  92.49544	 92.486179	 92.477186	 92.468458	  92.45999	 92.451775	 92.443811	 92.436093	 92.428615	 92.421374	 92.414366	 92.407585	 92.401029	 92.394693	 92.388572	 92.382664	 92.376965	  92.37147	 92.366176	  92.36108	 92.356179	 92.351468	 92.346946	 92.342608	 92.338451	 92.334474	 92.330673	 92.327045	 92.323588	 92.320299	 92.317176	 92.314217	 92.311419	  92.30878	 92.306299	 92.303974	 92.301802	 92.299783	 92.297914	 92.296195	 92.294623	 92.293199	 92.291919	 92.290785	 92.289794	 92.288946	 92.288241	 92.287677	 92.287254	 92.286973	 92.286832	
        99	  98.91738	 98.834775	   98.7522	 98.669671	 98.587202	 98.504809	 98.422506	 98.340308	  98.25823	 98.176288	 98.094495	 98.012867	 97.931418	 97.850163	 97.769115	  97.68829	   97.6077	 97.527362	 97.447287	  97.36749	 97.287985	 97.208785	 97.129903	 97.051352	 96.973146	 96.895296	 96.817817	 96.740718	 96.664014	 96.587716	 96.511836	 96.436385	 96.361375	 96.286816	  96.21272	 96.139096	 96.065956	  95.99331	 95.921167	 95.849538	  95.77843	 95.707855	 95.637819	 95.568333	 95.499404	  95.43104	 95.363249	 95.296039	 95.229417	  95.16339	 95.097964	 95.033146	 94.968942	 94.905357	 94.842398	  94.78007	 94.718377	 94.657324	 94.596916	 94.537157	 94.478051	   94.4196	  94.36181	 94.304682	 94.248219	 94.192424	   94.1373	 94.082847	 94.029068	 93.975964	 93.923536	 93.871785	 93.820712	 93.770316	 93.720599	 93.671561	 93.623199	 93.575515	 93.528507	 93.482175	 93.436516	 93.391529	 93.347214	 93.303566	 93.260585	 93.218269	 93.176613	 93.135617	 93.095276	 93.055588	 93.016549	 92.978155	 92.940404	 92.903291	 92.866812	 92.830962	 92.795739	 92.761136	  92.72715	 92.693776	 92.661009	 92.628843	 92.597274	 92.566296	 92.535905	 92.506094	 92.476857	 92.448191	 92.420087	 92.392542	 92.365548	   92.3391	 92.313191	 92.287817	 92.262969	 92.238643	 92.214831	 92.191528	 92.168728	 92.146422	 92.124606	 92.103273	 92.082416	 92.062029	 92.042105	 92.022638	 92.003621	 91.985048	 91.966912	 91.949207	 91.931925	 91.915062	 91.898609	 91.882561	 91.866912	 91.851655	 91.836783	 91.822291	 91.808171	 91.794419	 91.781027	  91.76799	 91.755301	 91.742955	 91.730945	 91.719266	 91.707912	 91.696878	 91.686156	 91.675743	 91.665632	 91.655818	 91.646295	 91.637059	 91.628104	 91.619425	 91.611017	 91.602876	 91.594995	 91.587371	 91.579999	 91.572874	 91.565993	  91.55935	 91.552941	 91.546762	  91.54081	  91.53508	 91.529569	 91.524272	 91.519187	 91.514309	 91.509636	 91.505164	 91.500889	  91.49681	 91.492923	 91.489225	 91.485713	 91.482386	  91.47924	 91.476273	 91.473483	 91.470869	 91.468427	 91.466156	 91.464055	 91.462122	 91.460355	 91.458753	 91.457314	 91.456038	 91.454924	 91.453971	 91.453178	 91.452544	 91.452069	 91.451752	 91.451594	
        99	 98.908253	 98.816523	 98.724826	  98.63318	 98.541601	 98.450106	  98.35871	 98.267432	 98.176288	 98.085293	 97.994465	  97.90382	 97.813373	 97.723141	 97.633141	 97.543386	 97.453895	 97.364681	 97.275761	 97.187149	 97.098861	 97.010912	 96.923316	 96.836087	 96.749242	 96.662792	 96.576753	 96.491138	 96.405961	 96.321234	 96.236972	 96.153186	 96.069889	 95.987094	 95.904812	 95.823056	 95.741836	 95.661165	 95.581052	  95.50151	 95.422547	 95.344175	 95.266403	 95.189241	 95.112697	 95.036781	 94.961502	 94.886867	 94.812885	 94.739564	 94.666911	 94.594932	 94.523635	 94.453027	 94.383113	 94.313899	 94.245391	 94.177594	 94.110513	 94.044152	 93.978516	 93.913609	 93.849434	 93.785996	 93.723296	 93.661337	 93.600123	 93.539655	 93.479935	 93.420964	 93.362745	 93.305277	 93.248562	 93.192599	  93.13739	 93.082934	 93.029231	 92.976279	 92.924078	 92.872627	 92.821924	 92.771968	 92.722757	 92.674288	 92.626559	 92.579568	 92.533311	 92.487785	 92.442988	 92.398915	 92.355564	 92.312929	 92.271007	 92.229794	 92.189285	 92.149476	 92.110361	 92.071936	 92.034196	 91.997135	 91.960748	 91.925029	 91.889972	 91.855573	 91.821824	 91.788719	 91.756254	  91.72442	 91.693212	 91.662624	 91.632648	 91.603278	 91.574508	  91.54633	 91.518737	 91.491724	 91.465282	 91.439405	 91.414085	 91.389316	  91.36509	   91.3414	 91.318239	   91.2956	 91.273475	 91.251857	  91.23074	 91.210115	 91.189975	 91.170314	 91.151123	 91.132397	 91.114127	 91.096306	 91.078928	 91.061985	 91.045471	 91.029378	 91.013698	 90.998427	 90.983556	 90.969078	 90.954988	 90.941278	 90.927941	 90.914972	 90.902364	  90.89011	 90.878205	 90.866641	 90.855413	 90.844515	  90.83394	 90.823684	  90.81374	 90.804102	 90.794765	 90.785724	 90.776973	 90.768507	  90.76032	 90.752409	 90.744767	  90.73739	 90.730273	 90.723412	 90.716802	 90.710439	 90.704319	 90.698437	  90.69279	 90.687374	 90.682184	 90.677218	 90.672471	 90.667941	 90.663625	 90.659518	 90.655619	 90.651924	  90.64843	 90.645136	 90.642038	 90.639134	 90.636423	 90.633902	 90.631568	 90.629421	 90.627459	  90.62568	 90.624083	 90.622666	 90.621429	  90.62037	 90.619489	 90.618785	 90.618258	 90.617906	 90.617731	
        99	 98.899143	 98.798304	 98.697502	 98.596756	 98.496083	 98.395502	 98.295032	  98.19469	 98.094495	 97.994465	 97.894618	 97.794972	 97.695544	 97.596353	 97.497415	 97.398748	  97.30037	 97.202298	 97.104548	 97.007137	 96.910082	   96.8134	 96.717106	 96.621216	 96.525747	 96.430713	 96.336131	 96.242014	 96.148379	 96.055239	  95.96261	 95.870504	 95.778936	 95.687919	 95.597467	 95.507593	 95.418308	 95.329627	 95.241559	 95.154118	 95.067315	 94.981161	 94.895666	 94.810842	 94.726697	 94.643243	 94.560489	 94.478443	 94.397115	 94.316513	 94.236645	 94.157519	 94.079143	 94.001523	 93.924667	  93.84858	  93.77327	 93.698741	 93.624998	 93.552048	 93.479895	 93.408543	 93.337996	 93.268258	 93.199332	 93.131221	 93.063928	 92.997456	 92.931806	 92.866979	 92.802979	 92.739805	 92.677458	 92.615939	 92.555247	 92.495384	 92.436348	 92.378138	 92.320754	 92.264194	 92.208457	  92.15354	 92.099442	  92.04616	 91.993692	 91.942034	 91.891184	 91.841138	 91.791893	 91.743444	 91.695787	 91.648919	 91.602835	 91.557529	 91.512998	 91.469236	 91.426237	 91.383997	 91.342509	 91.301767	 91.261767	 91.222501	 91.183964	 91.146148	 91.109048	 91.072657	 91.036967	 91.001973	 90.967666	  90.93404	 90.901088	 90.868802	 90.837174	 90.806198	 90.775866	  90.74617	 90.717103	 90.688656	 90.660822	 90.633593	 90.606962	 90.580919	 90.555459	 90.530571	  90.50625	 90.482486	 90.459271	 90.436598	 90.414459	 90.392845	 90.371749	 90.351163	 90.331079	 90.311489	 90.292385	  90.27376	 90.255605	 90.237914	 90.220678	  90.20389	 90.187542	 90.171627	 90.156138	 90.141066	 90.126406	 90.112149	 90.098289	 90.084818	  90.07173	 90.059018	 90.046675	 90.034695	  90.02307	 90.011796	 90.000864	 89.990269	 89.980005	 89.970066	 89.960446	 89.951139	  89.94214	 89.933443	 89.925042	 89.916933	 89.909109	 89.901567	 89.894301	 89.887306	 89.880578	 89.874112	 89.867904	  89.86195	 89.856245	 89.850786	 89.845568	 89.840588	 89.835843	 89.831329	 89.827042	  89.82298	  89.81914	 89.815518	 89.812113	 89.808921	  89.80594	 89.803168	 89.800603	 89.798243	 89.796086	  89.79413	 89.792374	 89.790817	 89.789457	 89.788293	 89.787325	 89.786551	 89.785971	 89.785585	 89.785392	
        99	 98.890051	 98.780122	 98.670233	 98.560405	 98.450657	 98.341009	 98.231482	 98.122094	 98.012867	  97.90382	 97.794972	 97.686343	 97.577952	 97.469819	 97.361962	 97.254401	 97.147155	 97.040241	 96.933679	 96.827488	 96.721684	 96.616285	 96.511311	 96.406777	 96.302701	 96.199101	 96.095992	 95.993392	 95.891315	 95.789779	 95.688799	 95.588391	 95.488568	 95.389347	 95.290741	 95.192764	 95.095431	 94.998755	 94.902749	 94.807425	 94.712797	 94.618876	 94.525675	 94.433203	 94.341474	 94.250497	 94.160282	  94.07084	 93.982181	 93.894313	 93.807245	 93.720987	 93.635545	 93.550928	 93.467143	 93.384198	 93.302098	  93.22085	 93.140461	 93.060934	 92.982277	 92.904492	 92.827586	 92.751561	 92.676421	 92.602171	 92.528812	 92.456347	 92.384779	 92.314109	 92.244339	  92.17547	 92.107502	 92.040438	 91.974275	 91.909015	 91.844657	   91.7812	 91.718643	 91.656984	 91.596222	 91.536355	  91.47738	 91.419295	 91.362097	 91.305783	 91.250349	 91.195792	 91.142107	  91.08929	 91.037338	 90.986245	 90.936006	 90.886616	 90.838071	 90.790363	 90.743488	  90.69744	 90.652212	 90.607798	 90.564192	 90.521387	 90.479375	 90.438151	 90.397706	 90.358034	 90.319127	 90.280978	 90.243579	 90.206921	 90.170999	 90.135802	 90.101324	 90.067555	 90.034489	 90.002116	 89.970428	 89.939417	 89.909074	  89.87939	 89.850358	 89.821968	 89.794212	 89.767082	 89.740567	 89.714661	 89.689354	 89.664637	 89.640502	  89.61694	 89.593942	   89.5715	 89.549606	  89.52825	 89.507424	  89.48712	 89.467328	 89.448042	 89.429253	 89.410951	 89.393129	  89.37578	 89.358894	 89.342464	 89.326482	  89.31094	  89.29583	 89.281145	 89.266877	 89.253019	 89.239564	 89.226503	 89.213831	  89.20154	 89.189623	 89.178073	 89.166884	 89.156049	 89.145562	 89.135416	 89.125605	 89.116124	 89.106966	 89.098125	 89.089597	 89.081375	 89.073453	 89.065828	 89.058494	 89.051445	 89.044677	 89.038186	 89.031967	 89.026016	 89.020328	 89.014899	 89.009726	 89.004805	 89.000132	 88.995703	 88.991517	 88.987569	 88.983856	 88.980377	 88.977127	 88.974106	 88.971309	 88.968736	 88.966385	 88.964253	 88.962339	 88.960641	 88.959158	  88.95789	 88.956834	  88.95599	 88.955358	 88.954937	 88.954727	
        99	 98.880979	  98.76198	 98.643024	 98.524133	  98.40533	 98.286635	 98.168071	 98.049658	 97.931418	 97.813373	 97.695544	 97.577952	 97.460618	 97.343562	 97.226806	  97.11037	 96.994275	  96.87854	 96.763186	 96.648232	 96.533698	 96.419603	 96.305967	 96.192808	 96.080145	 95.967997	  95.85638	 95.745314	 95.634815	 95.524902	  95.41559	 95.306896	 95.198837	 95.091429	 94.984687	 94.878626	 94.773262	 94.668609	 94.564682	 94.461493	 94.359057	 94.257386	 94.156495	 94.056394	 93.957095	 93.858612	 93.760954	 93.664132	 93.568157	 93.473039	 93.378787	 93.285411	  93.19292	 93.101321	 93.010623	 92.920834	  92.83196	 92.744008	 92.656986	 92.570898	  92.48575	 92.401547	 92.318295	 92.235997	 92.154658	 92.074281	 91.994869	 91.916425	 91.838952	 91.762451	 91.686924	 91.612373	 91.538797	 91.466199	 91.394577	 91.323933	 91.254264	 91.185571	 91.117853	 91.051106	 90.985331	 90.920524	 90.856683	 90.793806	 90.731888	 90.670927	 90.610919	  90.55186	 90.493746	 90.436572	 90.380333	 90.325024	  90.27064	 90.217175	 90.164624	  90.11298	 90.062237	  90.01239	  89.96343	 89.915351	 89.868147	  89.82181	 89.776332	 89.731706	 89.687924	 89.644979	 89.602862	 89.561565	  89.52108	 89.481398	 89.442511	  89.40441	 89.367087	 89.330533	 89.294738	 89.259694	 89.225391	 89.191821	 89.158975	 89.126842	 89.095414	 89.064682	 89.034636	 89.005267	 88.976565	 88.948521	 88.921125	 88.894369	 88.868242	 88.842736	 88.817841	 88.793548	 88.769846	 88.746728	 88.724184	 88.702205	 88.680781	 88.659903	 88.639563	 88.619751	 88.600459	 88.581678	 88.563399	 88.545613	 88.528312	 88.511488	 88.495132	 88.479235	  88.46379	 88.448789	 88.434223	 88.420085	 88.406367	 88.393062	 88.380161	 88.367658	 88.355546	 88.343817	 88.332465	 88.321482	 88.310862	 88.300598	 88.290684	 88.281114	 88.271882	 88.262981	 88.254407	 88.246152	 88.238212	 88.230582	 88.223256	  88.21623	 88.209497	 88.203055	 88.196897	 88.191021	 88.185421	 88.180093	 88.175035	 88.170241	 88.165709	 88.161436	 88.157417	  88.15365	 88.150133	 88.146862	 88.143835	 88.141049	 88.138504	 88.136196	 88.134124	 88.132286	 88.130681	 88.129308	 88.128165	 88.127252	 88.126567	 88.126111	 88.125883	
        99	 98.871928	  98.74388	 98.615879	 98.487948	 98.360111	  98.23239	  98.10481	 97.977393	 97.850163	 97.723141	 97.596353	 97.469819	 97.343562	 97.217606	 97.091972	 96.966682	 96.841758	 96.717223	 96.593097	 96.469402	 96.346159	 96.223389	 96.101112	 95.979348	 95.858118	 95.737441	 95.617338	 95.497826	 95.378925	 95.260653	 95.143029	 95.026071	 94.909795	 94.794219	  94.67936	 94.565235	 94.451859	 94.339248	 94.227418	 94.116382	 94.006157	 93.896756	 93.788192	 93.680479	  93.57363	 93.467658	 93.362574	  93.25839	 93.155117	 93.052766	 92.951347	 92.850871	 92.751346	 92.652782	 92.555188	 92.458571	 92.362939	 92.268299	 92.174659	 92.082025	 91.990403	 91.899798	 91.810215	 91.721659	 91.634135	 91.547646	 91.462195	 91.377787	 91.294422	 91.212104	 91.130834	 91.050613	 90.971444	 90.893325	 90.816257	 90.740241	 90.665275	 90.591358	  90.51849	 90.446668	 90.375891	 90.306157	 90.237461	 90.169802	 90.103177	  90.03758	 89.973009	 89.909459	 89.846926	 89.785404	 89.724889	 89.665374	 89.606855	 89.549324	 89.492777	 89.437206	 89.382605	 89.328967	 89.276284	  89.22455	 89.173756	 89.123895	 89.074959	  89.02694	 88.979829	 88.933618	 88.888299	 88.843861	 88.800298	 88.757598	 88.715755	 88.674757	 88.634595	 88.595261	 88.556745	 88.519036	 88.482125	 88.446002	 88.410658	 88.376082	 88.342264	 88.309195	 88.276864	 88.245262	 88.214377	 88.184201	 88.154722	 88.125931	 88.097818	 88.070372	 88.043584	 88.017443	  87.99194	 87.967064	 87.942806	 87.919155	 87.896102	 87.873637	  87.85175	 87.830432	 87.809673	 87.789463	 87.769794	 87.750656	  87.73204	 87.713936	 87.696336	 87.679231	 87.662611	 87.646469	 87.630796	 87.615583	 87.600822	 87.586504	 87.572623	  87.55917	 87.546136	 87.533515	   87.5213	 87.509481	 87.498054	  87.48701	 87.476342	 87.466044	  87.45611	 87.446533	 87.437306	 87.428424	  87.41988	  87.41167	 87.403787	 87.396226	 87.388982	 87.382049	 87.375424	   87.3691	 87.363074	 87.357342	 87.351899	 87.346741	 87.341864	 87.337265	 87.332941	 87.328888	 87.325103	 87.321583	 87.318326	 87.315329	  87.31259	 87.310106	 87.307877	 87.305899	 87.304172	 87.302694	 87.301465	 87.300482	 87.299746	 87.299255	  87.29901	
        99	 98.862901	 98.725828	 98.588804	 98.451856	 98.315008	 98.178285	 98.041712	 97.905314	 97.769115	 97.633141	 97.497415	 97.361962	 97.226806	 97.091972	 96.957482	 96.823361	 96.689632	 96.556319	 96.423444	  96.29103	   96.1591	 96.027676	  95.89678	 95.766434	 95.636659	 95.507476	 95.378907	 95.250971	 95.123689	 94.997081	 94.871166	 94.745964	 94.621492	  94.49777	 94.374815	 94.252645	 94.131278	  94.01073	 93.891017	 93.772155	  93.65416	 93.537048	 93.420832	 93.305527	 93.191146	 93.077704	 92.965213	 92.853685	 92.743133	 92.633568	 92.525001	 92.417442	 92.310903	 92.205391	 92.100918	  91.99749	 91.895118	 91.793808	 91.693567	 91.594404	 91.496323	 91.399332	 91.303434	 91.208637	 91.114943	 91.022358	 90.930885	 90.840526	 90.751285	 90.663165	 90.576167	 90.490292	 90.405541	 90.321916	 90.239416	 90.158042	 90.077792	 89.998665	 89.920661	 89.843777	 89.768011	 89.693361	 89.619824	 89.547396	 89.476074	 89.405854	 89.336731	 89.268702	 89.201761	 89.135903	 89.071122	 89.007412	 88.944768	 88.883183	 88.822649	 88.763162	 88.704712	 88.647293	 88.590897	 88.535516	 88.481142	 88.427767	 88.375381	 88.323977	 88.273546	 88.224078	 88.175564	 88.127994	  88.08136	 88.035651	 87.990858	  87.94697	 87.903978	 87.861871	  87.82064	 87.780273	  87.74076	 87.702091	 87.664256	 87.627243	 87.591042	 87.555642	 87.521032	 87.487202	  87.45414	 87.421837	  87.39028	  87.35946	 87.329365	 87.299985	 87.271309	 87.243325	 87.216024	 87.189395	 87.163427	 87.138109	 87.113431	 87.089382	 87.065953	 87.043132	  87.02091	 86.999276	  86.97822	 86.957733	 86.937805	 86.918425	 86.899584	 86.881273	 86.863482	 86.846202	 86.829424	 86.813139	 86.797337	 86.782011	 86.767151	 86.752749	 86.738797	 86.725287	  86.71221	 86.699559	 86.687326	 86.675503	 86.664084	  86.65306	 86.642426	 86.632173	 86.622296	 86.612788	 86.603642	 86.594853	 86.586414	  86.57832	 86.570566	 86.563145	 86.556052	 86.549283	 86.542832	 86.536696	 86.530869	 86.525347	 86.520127	 86.515204	 86.510575	 86.506236	 86.502184	 86.498416	  86.49493	 86.491721	 86.488789	 86.486131	 86.483744	 86.481627	 86.479778	 86.478196	  86.47688	 86.475828	  86.47504	 86.474515	 86.474252	
        99	 98.853899	 98.707824	 98.561803	 98.415862	 98.270028	 98.124327	 97.978786	 97.833432	  97.68829	 97.543386	 97.398748	 97.254401	  97.11037	 96.966682	 96.823361	 96.680433	 96.537923	 96.395856	 96.254256	 96.113147	 95.972554	   95.8325	 95.693009	 95.554103	 95.415807	 95.278141	  95.14113	 95.004793	 94.869153	 94.734232	 94.600048	 94.466624	  94.33398	 94.202133	 94.071105	 93.940913	 93.811576	 93.683112	 93.555538	 93.428871	 93.303128	 93.178325	 93.054478	 92.931602	 92.809711	  92.68882	 92.568942	 92.450091	 92.332279	 92.215519	 92.099823	 91.985202	 91.871666	 91.759227	 91.647893	 91.537674	 91.428579	 91.320617	 91.213794	 91.108119	 91.003598	 90.900237	 90.798043	 90.697021	 90.597175	  90.49851	  90.40103	 90.304738	 90.209638	 90.115731	  90.02302	 89.931506	 89.841191	 89.752074	 89.664157	 89.577439	 89.491919	 89.407597	 89.324471	 89.242538	 89.161797	 89.082245	 89.003879	 88.926695	  88.85069	 88.775859	 88.702198	 88.629701	 88.558364	 88.488182	 88.419147	 88.351254	 88.284496	 88.218867	 88.154359	 88.090965	 88.028677	 87.967488	 87.907388	 87.848371	 87.790426	 87.733546	 87.677721	 87.622942	 87.569199	 87.516482	 87.464782	 87.414089	 87.364393	 87.315682	 87.267948	 87.221178	 87.175363	 87.130492	 87.086552	 87.043535	 87.001428	  86.96022	   86.9199	 86.880456	 86.841878	 86.804153	 86.767271	  86.73122	 86.695987	 86.661562	 86.627934	  86.59509	 86.563019	 86.531709	  86.50115	 86.471329	 86.442235	 86.413857	 86.386184	 86.359203	 86.332905	 86.307277	 86.282309	  86.25799	 86.234309	 86.211254	 86.188816	 86.166984	 86.145746	 86.125094	 86.105016	 86.085503	 86.066544	 86.048129	 86.030249	 86.012895	 85.996056	 85.979723	 85.963887	  85.94854	 85.933672	 85.919274	 85.905338	 85.891857	  85.87882	 85.866221	 85.854052	 85.842305	 85.830972	 85.820046	  85.80952	 85.799388	 85.789642	 85.780275	 85.771283	 85.762657	 85.754393	 85.746485	 85.738926	 85.731713	 85.724839	 85.718299	  85.71209	 85.706205	 85.700642	 85.695396	 85.690463	 85.685839	 85.681521	 85.677506	 85.673791	 85.670372	 85.667247	 85.664414	  85.66187	 85.659614	 85.657644	 85.655958	 85.654555	 85.653434	 85.652594	 85.652035	 85.651755	
        99	 98.844922	 98.689873	 98.534881	 98.379974	  98.22518	 98.070527	 97.916045	  97.76176	   97.6077	 97.453895	  97.30037	 97.147155	 96.994275	 96.841758	 96.689632	 96.537923	 96.386658	 96.235862	 96.085562	 95.935784	 95.786553	 95.637894	 95.489833	 95.342394	   95.1956	 95.049477	 94.904048	 94.759335	 94.615362	  94.47215	 94.329723	 94.188102	 94.047308	 93.907361	 93.768282	 93.630092	 93.492808	 93.356452	  93.22104	 93.086591	 92.953123	 92.820652	 92.689196	  92.55877	 92.429391	 92.301072	 92.173829	 92.047676	 91.922626	 91.798693	 91.675889	 91.554225	 91.433714	 91.314367	 91.196193	 91.079202	 90.963405	 90.848809	 90.735424	 90.623256	 90.512313	 90.402602	  90.29413	 90.186901	  90.08092	 89.976194	 89.872725	 89.770517	 89.669574	 89.569897	  89.47149	 89.374354	  89.27849	 89.183898	  89.09058	 88.998534	  88.90776	 88.818257	 88.730023	 88.643057	 88.557356	 88.472916	 88.389735	 88.307809	 88.227135	 88.147706	 88.069519	 87.992569	 87.916849	 87.842354	 87.769078	 87.697014	 87.626155	 87.556493	 87.488022	 87.420733	 87.354619	  87.28967	 87.225878	 87.163235	  87.10173	 87.041355	   86.9821	 86.923956	 86.866911	 86.810955	 86.756079	 86.702272	 86.649522	 86.597819	 86.547152	 86.497509	 86.448879	  86.40125	 86.354612	 86.308951	 86.264257	 86.220517	  86.17772	 86.135853	 86.094905	 86.054862	 86.015714	 85.977448	 85.940051	 85.903511	 85.867816	 85.832954	 85.798913	  85.76568	 85.733243	  85.70159	 85.670709	 85.640587	 85.611214	 85.582575	 85.554661	 85.527459	 85.500957	 85.475144	 85.450007	 85.425536	  85.40172	 85.378546	 85.356004	 85.334083	 85.312772	 85.292059	 85.271935	 85.252389	 85.233411	  85.21499	 85.197116	  85.17978	 85.162972	 85.146681	   85.1309	 85.115618	 85.100826	 85.086516	 85.072678	 85.059305	 85.046388	 85.033919	  85.02189	 85.010293	 84.999121	 84.988366	 84.978021	 84.968079	 84.958534	 84.949378	 84.940607	 84.932212	  84.92419	 84.916533	 84.909236	 84.902295	 84.895704	 84.889459	 84.883554	 84.877985	 84.872749	 84.867841	 84.863258	 84.858996	 84.855052	 84.851423	 84.848106	 84.845099	 84.842399	 84.840005	 84.837914	 84.836124	 84.834635	 84.833445	 84.832554	  84.83196	 84.831663	
