Time step 72:
        99	        99	        99	        99	        99	        99	        99	        99	        99	        99	        99	        99	        99	        99	        99	        99	        99	        99	        99	        99	        99	        99	        99	        99	        99	        99	        99	        99	        99	        99	        99	        99	        99	        99	        99	        99	        99	        99	        99	        99	        99	        99	        99	        99	        99	        99	        99	        99	        99	        99	        99	        99	        99	        99	        99	        99	        99	        99	        99	        99	        99	        99	        99	        99	        99	        99	        99	        99	        99	        99	        99	        99	        99	        99	        99	        99	        99	        99	        99	        99	        99	        99	        99	        99	        99	        99	        99	        99	        99	        99	        99	        99	        99	        99	        99	        99	        99	        99	        99	        99	        99	        99	        99	        99	        99	        99	        99	        99	        99	        99	        99	        99	        99	        99	        99	        99	        99	        99	        99	        99	        99	        99	        99	        99	        99	        99	        99	        99	        99	        99	        99	        99	        99	        99	        99	        99	        99	        99	        99	        99	        99	        99	        99	        99	        99	        99	        99	        99	        99	        99	        99	        99	        99	        99	        99	        99	        99	        99	        99	        99	        99	        99	        99	        99	        99	        99	        99	        99	        99	        99	        99	        99	        99	        99	        99	        99	        99	        99	        99	        99	        99	        99	        99	        99	        99	        99	        99	        99	        99	        99	        99	        99	        99	        99	        99	        99	        99	        99	        99	        99	
        99	 98.991181	 98.982364	 98.973549	  98.96474	 98.955936	  98.94714	 98.938354	 98.929578	 98.920814	 98.912065	  98.90333	 98.894613	 98.885914	 98.877235	 98.868576	 98.859941	  98.85133	 98.842745	 98.834186	 98.825656	 98.817156	 98.808687	 98.800251	 98.791849	 98.783482	 98.775151	 98.766859	 98.758606	 98.750393	 98.742222	 98.734093	 98.726009	  98.71797	 98.709977	 98.702032	 98.694136	 98.686289	 98.678493	 98.670749	 98.663057	  98.65542	 98.647837	  98.64031	 98.632839	 98.625426	 98.618071	 98.610775	 98.603539	 98.596363	 98.589249	 98.582198	 98.575209	 98.568283	 98.561422	 98.554625	 98.547893	 98.541228	 98.534628	 98.528096	  98.52163	 98.515233	 98.508903	 98.502642	  98.49645	 98.490327	 98.484273	 98.478289	 98.472375	 98.466531	 98.460758	 98.455055	 98.449422	  98.44386	  98.43837	 98.432949	   98.4276	 98.422322	 98.417115	 98.411978	 98.406912	 98.401917	 98.396992	 98.392138	 98.387354	  98.38264	 98.377996	 98.373421	 98.368916	  98.36448	 98.360113	 98.355814	 98.351584	 98.347421	 98.343326	 98.339298	 98.335337	 98.331442	 98.327613	 98.323849	 98.320151	 98.316517	 98.312947	  98.30944	 98.305997	 98.302616	 98.299297	  98.29604	 98.292844	 98.289707	 98.286631	 98.283614	 98.280655	 98.277754	 98.274911	 98.272125	 98.269394	 98.266719	   98.2641	 98.261534	 98.259022	 98.256563	 98.254156	 98.251801	 98.249497	 98.247243	 98.245039	 98.242884	 98.240777	 98.238719	 98.236707	 98.234742	 98.232822	 98.230947	 98.229117	 98.227331	 98.225588	 98.223887	 98.222229	 98.220611	 98.219034	 98.217497	 98.215999	  98.21454	 98.213119	 98.211736	 98.210389	 98.209079	 98.207804	 98.206565	  98.20536	 98.204188	 98.203051	 98.201946	 98.200873	 98.199832	 98.198822	 98.197843	 98.196894	 98.195975	 98.195085	 98.194224	 98.193391	 98.192585	 98.191807	 98.191056	 98.190331	 98.189632	 98.188959	 98.188311	 98.187688	 98.187089	 98.186514	 98.185963	 98.185436	 98.184931	 98.184449	  98.18399	 98.183552	 98.183137	 98.182743	  98.18237	 98.182019	 98.181688	 98.181378	 98.181088	 98.180818	 98.180569	 98.180339	 98.180129	 98.179938	 98.179767	 98.179616	 98.179483	  98.17937	 98.179275	   98.1792	 98.179143	 98.179106	 98.179087	
        99	 98.982364	  98.96473	 98.947103	 98.929485	  98.91188	  98.89429	 98.876718	 98.859168	 98.841643	 98.824145	 98.806678	 98.789244	 98.771848	 98.754491	 98.737176	 98.719907	 98.702686	 98.685517	 98.668401	 98.651343	 98.634344	 98.617408	 98.600537	 98.583734	 98.567002	 98.550342	 98.533759	 98.517254	 98.500829	 98.484488	 98.468233	 98.452066	  98.43599	 98.420006	 98.404117	 98.388325	 98.372633	 98.357043	 98.341556	 98.326174	   98.3109	 98.295735	 98.280682	 98.265742	 98.250917	 98.236208	 98.221618	 98.207147	 98.192797	 98.178571	 98.164468	 98.150492	 98.136642	  98.12292	 98.109328	 98.095866	 98.082536	 98.069338	 98.056274	 98.043344	  98.03055	 98.017892	 98.005371	 97.992988	 97.980743	 97.968637	  97.95667	 97.944843	 97.933156	  97.92161	 97.910205	 97.898941	 97.887818	 97.876838	 97.865998	 97.855301	 97.844745	 97.834331	 97.824059	 97.813928	 97.803939	  97.79409	 97.784382	 97.774815	 97.765388	   97.7561	 97.746952	 97.737943	 97.729072	 97.720338	 97.711741	 97.703281	 97.694957	 97.686767	 97.678712	  97.67079	 97.663001	 97.655344	 97.647817	 97.640421	 97.633154	 97.626014	 97.619002	 97.612116	 97.605355	 97.598718	 97.592204	 97.585811	 97.579539	 97.573387	 97.567353	 97.561436	 97.555636	 97.549949	 97.544377	 97.538917	 97.533568	 97.528328	 97.523197	 97.518173	 97.513256	 97.508443	 97.503733	 97.499125	 97.494618	  97.49021	 97.485901	 97.481688	 97.477571	 97.473548	 97.469617	 97.465778	  97.46203	  97.45837	 97.454798	 97.451312	 97.447911	 97.444594	 97.441359	 97.438205	 97.435131	 97.432136	 97.429218	 97.426377	  97.42361	 97.420917	 97.418296	 97.415747	 97.413268	 97.410858	 97.408516	 97.406241	 97.404031	 97.401886	 97.399804	 97.397785	 97.395827	 97.393929	 97.392091	 97.390311	 97.388589	 97.386923	 97.385312	 97.383756	 97.382254	 97.380804	 97.379407	  97.37806	 97.376764	 97.375518	 97.374321	 97.373171	 97.372069	 97.371014	 97.370005	 97.369041	 97.368122	 97.367248	 97.366417	 97.365629	 97.364884	  97.36418	 97.363519	 97.362899	 97.362319	  97.36178	 97.361281	 97.360822	 97.360402	 97.360021	 97.359679	 97.359375	  97.35911	 97.358883	 97.358694	 97.358544	  97.35843	 97.358355	 97.358318	
        99	 98.973549	 98.947103	 98.920666	 98.894243	 98.867839	 98.841458	 98.815104	 98.788783	 98.762499	 98.736256	 98.710059	 98.683913	 98.657822	  98.63179	 98.605821	 98.579922	 98.554094	 98.528344	 98.502675	 98.477091	 98.451596	 98.426196	 98.400893	 98.375692	 98.350597	 98.325612	  98.30074	 98.275986	 98.251353	 98.226846	 98.202466	 98.178219	 98.154108	 98.130136	 98.106306	 98.082622	 98.059087	 98.035705	 98.012478	 97.989409	 97.966501	 97.943758	 97.921181	 97.898774	 97.876539	  97.85448	 97.832597	 97.810894	 97.789373	 97.768036	 97.746886	 97.725924	 97.705152	 97.684572	 97.664187	 97.643997	 97.624004	 97.604211	 97.584618	 97.565226	 97.546038	 97.527054	 97.508275	 97.489703	 97.471338	 97.453181	 97.435233	 97.417495	 97.399968	 97.382651	 97.365546	 97.348653	 97.331971	 97.315503	 97.299246	 97.283202	 97.267371	 97.251752	 97.236346	 97.221152	  97.20617	 97.191399	  97.17684	 97.162491	 97.148353	 97.134423	 97.120703	 97.107191	 97.093886	 97.080787	 97.067895	 97.055206	 97.042721	 97.030439	 97.018358	 97.006477	 96.994795	 96.983311	 96.972023	 96.960929	  96.95003	 96.939323	 96.928806	 96.918478	 96.908338	 96.898384	 96.888614	 96.879027	  96.86962	 96.860393	 96.851344	  96.84247	  96.83377	 96.825242	 96.816884	 96.808695	 96.800673	 96.792815	 96.785119	 96.777585	 96.770209	 96.762991	 96.755927	 96.749016	 96.742257	 96.735646	 96.729183	 96.722865	  96.71669	 96.710656	 96.704761	 96.699004	 96.693382	 96.687893	 96.682535	 96.677307	 96.672206	 96.667231	  96.66238	  96.65765	  96.65304	 96.648548	 96.644172	  96.63991	  96.63576	 96.631722	 96.627791	 96.623968	  96.62025	 96.616636	 96.613123	 96.609711	 96.606397	 96.603179	 96.600057	 96.597029	 96.594092	 96.591246	 96.588489	  96.58582	 96.583236	 96.580737	 96.578322	 96.575988	 96.573735	 96.571561	 96.569465	 96.567446	 96.565502	 96.563633	 96.561837	 96.560113	 96.558461	 96.556878	 96.555365	 96.553919	 96.552541	  96.55123	 96.549983	 96.548802	 96.547684	 96.546629	 96.545637	 96.544707	 96.543838	 96.543029	 96.542281	 96.541592	 96.540962	  96.54039	 96.539877	 96.539422	 96.539025	 96.538685	 96.538401	 96.538175	 96.538006	 96.537893	 96.537836	
        99	  98.96474	 98.929485	 98.894243	  98.85902	 98.823821	 98.788654	 98.753523	 98.718435	 98.683397	 98.648413	 98.613491	 98.578637	 98.543855	 98.509153	 98.474536	  98.44001	 98.405581	 98.371254	 98.337035	  98.30293	 98.268945	 98.235084	 98.201354	  98.16776	 98.134307	    98.101	 98.067845	 98.034846	 98.002009	 97.969338	 97.936839	 97.904516	 97.872375	 97.840418	 97.808652	  97.77708	 97.745706	 97.714536	 97.683573	 97.652821	 97.622283	 97.591965	 97.561869	 97.531999	 97.502359	 97.472952	 97.443781	  97.41485	 97.386161	 97.357718	 97.329523	 97.301579	 97.273889	 97.246455	  97.21928	 97.192366	 97.165715	 97.139329	  97.11321	  97.08736	  97.06178	 97.036473	  97.01144	 96.986682	   96.9622	 96.937996	 96.914071	 96.890425	  96.86706	 96.843976	 96.821174	 96.798654	 96.776417	 96.754463	 96.732792	 96.711405	 96.690301	  96.66948	 96.648943	 96.628688	 96.608716	 96.589026	 96.569617	 96.550489	 96.531642	 96.513073	 96.494783	 96.476771	 96.459034	 96.441573	 96.424386	 96.407472	 96.390829	 96.374456	 96.358351	 96.342513	  96.32694	 96.311631	 96.296583	 96.281795	 96.267266	 96.252992	 96.238973	 96.225205	 96.211688	 96.198418	 96.185394	 96.172614	 96.160075	 96.147774	 96.135711	 96.123881	 96.112284	 96.100916	 96.089775	 96.078858	 96.068163	 96.057688	  96.04743	 96.037386	 96.027554	 96.017931	 96.008515	 95.999302	 95.990292	 95.981479	 95.972863	 95.964441	 95.956209	 95.948166	 95.940308	 95.932633	 95.925138	 95.917821	 95.910679	  95.90371	  95.89691	 95.890278	  95.88381	 95.877505	  95.87136	 95.865372	 95.859538	 95.853857	 95.848325	 95.842941	 95.837702	 95.832606	 95.827649	 95.822831	 95.818149	 95.813599	 95.809182	 95.804893	 95.800731	 95.796694	 95.792779	 95.788985	  95.78531	 95.781751	 95.778307	 95.774976	 95.771756	 95.768645	 95.765641	 95.762744	  95.75995	 95.757258	 95.754667	 95.752175	 95.749781	 95.747483	  95.74528	 95.743171	 95.741153	 95.739226	 95.737389	 95.735641	 95.733979	 95.732404	 95.730914	 95.729508	 95.728185	 95.726945	 95.725787	 95.724709	 95.723711	 95.722793	 95.721953	 95.721191	 95.720508	 95.719901	 95.719371	 95.718917	  95.71854	 95.718238	 95.718012	 95.717861	 95.717786	
        99	 98.955936	  98.91188	 98.867839	 98.823821	 98.779835	 98.735887	 98.691985	 98.648136	  98.60435	 98.560632	 98.516991	 98.473434	 98.429969	 98.386603	 98.343343	 98.300197	 98.257171	 98.214274	 98.171512	 98.128892	 98.086421	 98.044107	 98.001955	 97.959973	 97.918168	 97.876545	 97.835112	 97.793874	 97.752839	 97.712012	 97.671398	 97.631006	 97.590839	 97.550904	 97.511206	 97.471752	 97.432545	 97.393593	 97.354899	 97.316468	 97.278307	 97.240419	 97.202809	 97.165481	 97.128441	 97.091692	 97.055238	 97.019083	 96.983232	 96.947687	 96.912452	 96.877532	 96.842928	 96.808645	 96.774685	 96.741051	 96.707746	 96.674772	 96.642132	 96.609828	 96.577862	 96.546237	 96.514954	 96.484014	  96.45342	 96.423173	 96.393274	 96.363725	 96.334526	 96.305679	 96.277183	 96.249041	 96.221252	 96.193816	 96.166735	 96.140008	 96.113635	 96.087616	 96.061951	 96.036639	 96.011681	 95.987074	  95.96282	 95.938917	 95.915363	 95.892159	 95.869302	 95.846793	 95.824628	 95.802807	 95.781329	 95.760192	 95.739393	 95.718932	 95.698807	 95.679014	 95.659553	 95.640422	 95.621617	 95.603137	  95.58498	 95.567143	 95.549623	 95.532418	 95.515526	 95.498943	 95.482668	 95.466697	 95.451027	 95.435655	  95.42058	 95.405797	 95.391304	 95.377097	 95.363175	 95.349532	 95.336168	 95.323077	 95.310258	 95.297706	 95.285419	 95.273394	 95.261627	 95.250114	 95.238854	 95.227841	 95.217074	 95.206549	 95.196262	  95.18621	  95.17639	 95.166799	 95.157433	 95.148289	 95.139364	 95.130654	 95.122157	 95.113869	 95.105787	 95.097908	 95.090228	 95.082745	 95.075455	 95.068355	 95.061442	 95.054714	 95.048167	 95.041798	 95.035604	 95.029583	 95.023731	 95.018047	 95.012526	 95.007166	 95.001965	  94.99692	 94.992028	 94.987287	 94.982694	 94.978247	 94.973943	  94.96978	 94.965756	 94.961868	 94.958115	 94.954493	 94.951002	 94.947638	   94.9444	 94.941286	 94.938295	 94.935423	  94.93267	 94.930034	 94.927512	 94.925105	 94.922809	 94.920623	 94.918547	 94.916579	 94.914717	  94.91296	 94.911307	 94.909757	 94.908309	 94.906962	 94.905716	 94.904568	 94.903518	 94.902567	 94.901712	 94.900954	 94.900292	 94.899725	 94.899253	 94.898876	 94.898594	 94.898405	 94.898311	
        99	  98.94714	  98.89429	 98.841458	 98.788654	 98.735887	 98.683166	   98.6305	 98.577899	 98.525372	 98.472928	 98.420576	 98.368324	 98.316183	  98.26416	 98.212265	 98.160506	 98.108892	 98.057432	 98.006133	 97.955006	 97.904058	 97.853297	 97.802731	 97.752369	 97.702218	 97.652287	 97.602583	 97.553114	 97.503887	  97.45491	  97.40619	 97.357734	  97.30955	 97.261643	 97.214021	 97.166691	 97.119659	  97.07293	 97.026512	 96.980411	 96.934632	 96.889181	 96.844063	 96.799285	 96.754851	 96.710766	 96.667035	 96.623663	 96.580655	 96.538015	 96.495748	 96.453857	 96.412346	 96.371219	  96.33048	 96.290132	 96.250179	 96.210623	 96.171467	 96.132715	 96.094369	  96.05643	 96.018902	 95.981787	 95.945086	 95.908801	 95.872934	 95.837486	 95.802459	 95.767853	  95.73367	  95.69991	 95.666573	 95.633662	 95.601174	 95.569112	 95.537475	 95.506262	 95.475474	 95.445109	 95.415169	 95.385651	 95.356555	  95.32788	 95.299625	 95.271789	  95.24437	 95.217367	 95.190778	 95.164601	 95.138836	 95.113479	 95.088529	 95.063984	 95.039841	 95.016097	 94.992752	 94.969801	 94.947243	 94.925074	 94.903293	 94.881895	 94.860878	 94.840239	 94.819974	 94.800082	 94.780557	 94.761398	   94.7426	 94.724161	 94.706076	 94.688342	 94.670956	 94.653914	 94.637212	 94.620846	 94.604814	  94.58911	 94.573732	 94.558675	 94.543935	 94.529509	 94.515393	 94.501583	 94.488074	 94.474864	 94.461947	 94.449321	  94.43698	 94.424922	 94.413142	 94.401636	 94.390401	 94.379432	 94.368725	 94.358277	 94.348084	 94.338141	 94.328446	 94.318994	 94.309781	 94.300804	 94.292058	 94.283542	 94.275249	 94.267178	 94.259324	 94.251683	 94.244253	  94.23703	 94.230011	 94.223191	 94.216568	 94.210138	 94.203899	 94.197847	 94.191978	 94.186291	 94.180781	 94.175446	 94.170283	  94.16529	 94.160462	 94.155799	 94.151296	 94.146951	 94.142763	 94.138728	 94.134844	 94.131108	 94.127519	 94.124075	 94.120772	 94.117609	 94.114585	 94.111696	 94.108942	 94.106321	  94.10383	 94.101469	 94.099235	 94.097127	 94.095145	 94.093286	 94.091549	 94.089933	 94.088437	  94.08706	 94.085801	  94.08466	 94.083634	 94.082725	 94.081931	 94.081251	 94.080685	 94.080232	 94.079894	 94.079668	 94.079555	
        99	 98.938354	 98.876718	 98.815104	 98.753523	 98.691985	   98.6305	 98.569081	 98.507736	 98.446478	 98.385316	 98.324262	 98.263325	 98.202516	 98.141846	 98.081324	 98.020962	 97.960768	 97.900754	 97.840929	 97.781303	 97.721886	 97.662687	 97.603716	 97.544983	 97.486496	 97.428265	 97.370299	 97.312607	 97.255198	  97.19808	 97.141261	 97.084751	 97.028557	 96.972687	 96.917149	 96.861951	 96.807101	 96.752605	 96.698472	 96.644707	 96.591318	 96.538312	 96.485695	 96.433473	 96.381653	  96.33024	  96.27924	 96.228659	 96.178502	 96.128775	 96.079481	 96.030627	 95.982216	 95.934253	 95.886742	 95.839687	 95.793093	 95.746962	 95.701298	 95.656104	 95.611383	 95.567139	 95.523373	 95.480088	 95.437286	  95.39497	 95.353141	 95.311801	 95.270951	 95.230593	 95.190728	 95.151356	 95.112478	 95.074096	 95.036208	 94.998817	  94.96192	 94.925519	 94.889613	 94.854202	 94.819284	  94.78486	 94.750927	 94.717486	 94.684534	 94.652071	 94.620094	 94.588603	 94.557594	 94.527067	 94.497018	 94.467447	 94.438349	 94.409724	 94.381568	 94.353878	 94.326652	 94.299886	 94.273578	 94.247725	 94.222322	 94.197367	 94.172857	 94.148787	 94.125154	 94.101955	 94.079185	 94.056841	 94.034919	 94.013414	 93.992323	 93.971641	 93.951365	  93.93149	 93.912012	 93.892926	 93.874229	 93.855915	  93.83798	  93.82042	 93.803231	 93.786407	 93.769944	 93.753838	 93.738084	 93.722678	 93.707614	 93.692889	 93.678497	 93.664435	 93.650697	 93.637278	 93.624175	 93.611383	 93.598897	 93.586712	 93.574824	 93.563229	 93.551922	 93.540899	 93.530154	 93.519685	 93.509486	 93.499554	 93.489883	  93.48047	  93.47131	   93.4624	 93.453735	 93.445311	 93.437124	 93.429171	 93.421447	 93.413949	 93.406673	 93.399614	  93.39277	 93.386137	 93.379712	  93.37349	 93.367469	 93.361645	 93.356016	 93.350577	 93.345325	 93.340259	 93.335374	 93.330668	 93.326139	 93.321782	 93.317597	 93.313579	 93.309728	 93.306039	 93.302512	 93.299144	 93.295932	 93.292874	  93.28997	 93.287216	 93.284611	 93.282153	 93.279841	 93.277672	 93.275647	 93.273762	 93.272018	 93.270412	 93.268944	 93.267613	 93.266417	 93.265356	  93.26443	 93.263637	 93.262977	  93.26245	 93.262054	 93.261791	 93.261659	
        99	 98.929578	 98.859168	 98.788783	 98.718435	 98.648136	 98.577899	 98.507736	 98.437659	  98.36768	 98.297812	 98.228066	 98.158454	 98.088989	 98.019682	 97.950544	 97.881589	 97.812827	 97.744269	 97.675927	 97.607813	 97.539938	 97.472312	 97.404946	 97.337851	 97.271039	 97.204518	   97.1383	 97.072395	 97.006813	 96.941564	 96.876657	 96.812102	 96.747908	 96.684085	 96.620641	 96.557585	 96.494927	 96.432673	 96.370833	 96.309415	 96.248426	 96.187874	 96.127767	 96.068111	 96.008914	 95.950182	 95.891922	  95.83414	 95.776843	 95.720036	 95.663725	 95.607916	 95.552614	 95.497823	 95.443549	 95.389795	 95.336568	  95.28387	 95.231705	 95.180078	 95.128991	 95.078448	 95.028451	 94.979004	  94.93011	  94.88177	 94.833986	 94.786761	 94.740096	 94.693992	 94.648452	 94.603475	 94.559063	 94.515216	 94.471936	 94.429221	 94.387072	 94.345489	 94.304472	 94.264019	 94.224131	 94.184806	 94.146043	 94.107841	 94.070198	 94.033114	 93.996585	  93.96061	 93.925187	 93.890314	 93.855988	 93.822207	 93.788967	 93.756267	 93.724102	 93.692471	 93.661369	 93.630793	  93.60074	 93.571206	 93.542187	  93.51368	  93.48568	 93.458184	 93.431187	 93.404685	 93.378674	 93.353149	 93.328105	 93.303539	 93.279446	  93.25582	 93.232658	 93.209953	 93.187702	 93.165899	  93.14454	 93.123619	 93.103131	 93.083072	 93.063435	 93.044216	  93.02541	 93.007011	 92.989015	 92.971415	 92.954207	 92.937386	 92.920945	 92.904881	 92.889187	 92.873858	  92.85889	 92.844276	 92.830013	 92.816093	 92.802513	 92.789268	 92.776351	 92.763758	 92.751485	 92.739525	 92.727874	 92.716527	  92.70548	 92.694727	 92.684263	 92.674085	 92.664186	 92.654563	 92.645211	 92.636126	 92.627302	 92.618737	 92.610424	 92.602361	 92.594543	 92.586966	 92.579626	 92.572518	  92.56564	 92.558987	 92.552556	 92.546343	 92.540344	 92.534556	 92.528976	   92.5236	 92.518426	 92.513449	 92.508668	 92.504078	 92.499679	 92.495465	 92.491436	 92.487588	 92.483919	 92.480426	 92.477108	 92.473962	 92.470986	 92.468178	 92.465537	  92.46306	 92.460746	 92.458593	 92.456601	 92.454766	 92.453089	 92.451568	 92.450203	 92.448991	 92.447932	 92.447027	 92.446273	  92.44567	 92.445219	 92.444918	 92.444767	
        99	 98.920814	 98.841643	 98.762499	 98.683397	  98.60435	 98.525372	 98.446478	  98.36768	 98.288993	  98.21043	 98.132005	  98.05373	 97.975621	 97.897689	 97.819948	 97.742411	 97.665092	 97.588003	 97.511157	 97.434567	 97.358245	 97.282203	 97.206454	  97.13101	 97.055883	 96.981085	 96.906627	  96.83252	 96.758777	 96.685408	 96.612424	 96.539835	 96.467653	 96.395888	 96.324549	 96.253646	  96.18319	  96.11319	 96.043655	 95.974593	 95.906015	 95.837928	  95.77034	  95.70326	 95.636697	 95.570656	 95.505146	 95.440174	 95.375747	 95.311871	 95.248552	 95.185798	 95.123614	 95.062005	 95.000976	 94.940534	 94.880683	 94.821427	 94.762771	 94.704719	 94.647274	 94.590441	 94.534223	 94.478623	 94.423644	 94.369289	 94.315559	 94.262457	 94.209984	 94.158144	 94.106936	 94.056362	 94.006424	 93.957121	 93.908454	 93.860424	  93.81303	 93.766272	  93.72015	 93.674664	 93.629812	 93.585593	 93.542006	 93.499051	 93.456724	 93.415024	 93.373949	 93.333498	 93.293667	 93.254454	 93.215857	 93.177871	 93.140495	 93.103726	 93.067559	 93.031991	 92.997018	 92.962638	 92.928845	 92.895635	 92.863006	 92.830951	 92.799467	 92.768549	 92.738192	 92.708392	 92.679144	 92.650443	 92.622283	  92.59466	 92.567568	 92.541003	 92.514958	 92.489428	 92.464408	 92.439892	 92.415875	  92.39235	 92.369313	 92.346757	 92.324677	 92.303066	  92.28192	 92.261231	 92.240995	 92.221206	 92.201856	 92.182941	 92.164455	 92.146391	 92.128745	 92.111509	 92.094677	 92.078245	 92.062207	 92.046555	 92.031285	 92.016391	 92.001867	 91.987707	 91.973906	 91.960458	 91.947358	 91.934599	 91.922177	 91.910086	  91.89832	 91.886875	 91.875744	 91.864924	 91.854408	 91.844192	 91.834271	 91.824639	 91.815292	 91.806226	 91.797435	 91.788915	 91.780661	 91.772669	 91.764935	 91.757454	 91.750223	 91.743236	 91.736491	 91.729983	 91.723708	 91.717664	 91.711845	 91.706249	 91.700873	 91.695713	 91.690765	 91.686027	 91.681497	  91.67717	 91.673044	 91.669117	 91.665386	 91.661848	 91.658502	 91.655345	 91.652375	  91.64959	 91.646988	 91.644567	 91.642326	 91.640264	 91.638378	 91.636668	 91.635132	  91.63377	  91.63258	 91.631561	 91.630713	 91.630036	 91.629528	  91.62919	 91.629021	
        99	 98.912065	 98.824145	 98.736256	 98.648413	 98.560632	 98.472928	 98.385316	 98.297812	  98.21043	 98.123186	 98.036095	 97.949172	 97.862431	 97.775888	 97.689558	 97.603454	 97.517591	 97.431984	 97.346647	 97.261593	 97.176838	 97.092394	 97.008275	 96.924495	 96.841067	 96.758004	 96.675318	 96.593024	 96.511132	 96.429656	 96.348607	 96.267998	  96.18784	 96.108145	 96.028923	 95.950187	 95.871945	  95.79421	 95.716992	 95.640299	 95.564143	 95.488533	 95.413477	 95.338986	 95.265067	 95.191729	  95.11898	 95.046829	 94.975283	 94.904349	 94.834034	 94.764346	  94.69529	 94.626874	 94.559102	 94.491981	 94.425517	 94.359713	 94.294576	 94.230109	 94.166318	 94.103205	 94.040775	 93.979032	 93.917978	 93.857616	 93.797949	 93.738979	 93.680709	  93.62314	 93.566274	 93.510113	 93.454656	 93.399905	 93.345861	 93.292523	 93.239893	 93.187969	 93.136751	 93.086238	  93.03643	 92.987325	 92.938923	  92.89122	 92.844217	 92.797909	 92.752296	 92.707375	 92.663143	 92.619597	 92.576735	 92.534552	 92.493046	 92.452214	  92.41205	 92.372552	 92.333716	 92.295536	 92.258009	  92.22113	 92.184895	 92.149299	 92.114336	 92.080001	 92.046291	 92.013198	 91.980718	 91.948845	 91.917574	 91.886899	 91.856813	 91.827312	  91.79839	 91.770039	 91.742254	 91.715029	 91.688358	 91.662234	 91.636652	 91.611603	 91.587083	 91.563085	 91.539602	 91.516628	 91.494156	 91.472179	 91.450692	 91.429687	 91.409158	 91.389098	 91.369502	 91.350361	  91.33167	 91.313423	 91.295612	 91.278231	 91.261274	 91.244734	 91.228605	 91.212881	 91.197555	 91.182621	 91.168073	 91.153904	 91.140109	 91.126682	 91.113616	 91.100906	 91.088546	  91.07653	 91.064852	 91.053507	  91.04249	 91.031794	 91.021414	 91.011346	 91.001584	 90.992122	 90.982956	 90.974082	 90.965493	 90.957185	 90.949155	 90.941396	 90.933906	 90.926679	 90.919711	 90.912998	 90.906537	 90.900323	 90.894352	 90.888622	 90.883127	 90.877866	 90.872835	  90.86803	 90.863448	 90.859087	 90.854944	 90.851015	 90.847299	 90.843794	 90.840495	 90.837402	 90.834513	 90.831825	 90.829337	 90.827046	 90.824952	 90.823053	 90.821347	 90.819834	 90.818513	 90.817382	  90.81644	 90.815688	 90.815124	 90.814748	 90.814561	
        99	  98.90333	 98.806678	 98.710059	 98.613491	 98.516991	 98.420576	 98.324262	 98.228066	 98.132005	 98.036095	 97.940353	 97.844796	  97.74944	 97.654301	 97.559396	 97.464739	 97.370348	 97.276238	 97.182425	 97.088923	 96.995749	 96.902918	 96.810444	 96.718342	 96.626627	 96.535313	 96.444415	 96.353947	 96.263921	 96.174352	 96.085253	 95.996637	 95.908518	 95.820906	 95.733816	 95.647259	 95.561246	  95.47579	 95.390901	 95.306591	 95.222871	  95.13975	  95.05724	 94.975349	 94.894088	 94.813466	 94.733491	 94.654174	 94.575521	 94.497541	 94.420243	 94.343632	 94.267718	 94.192505	 94.118002	 94.044215	 93.971148	 93.898809	 93.827201	 93.756332	 93.686204	 93.616822	 93.548192	 93.480315	 93.413197	 93.346839	 93.281246	 93.216419	 93.152361	 93.089075	  93.02656	  92.96482	 92.903855	 92.843666	 92.784254	 92.725618	  92.66776	 92.610679	 92.554373	 92.498843	 92.444088	 92.390106	 92.336896	 92.284455	 92.232783	 92.181876	 92.131732	 92.082349	 92.033724	 91.985853	 91.938733	  91.89236	 91.846732	 91.801844	 91.757691	  91.71427	 91.671575	 91.629604	 91.588349	 91.547807	 91.507973	 91.468841	 91.430405	  91.39266	 91.355601	 91.319222	 91.283516	 91.248477	   91.2141	 91.180378	 91.147304	 91.114873	 91.083077	  91.05191	 91.021366	 90.991437	 90.962117	 90.933398	 90.905274	 90.877738	 90.850783	 90.824401	 90.798585	 90.773329	 90.748625	 90.724465	 90.700844	 90.677752	 90.655184	 90.633132	 90.611589	 90.590547	     90.57	  90.54994	  90.53036	 90.511253	 90.492611	 90.474429	 90.456698	 90.439411	 90.422563	 90.406146	 90.390153	 90.374577	 90.359412	 90.344651	 90.330287	 90.316315	 90.302727	 90.289517	  90.27668	 90.264208	 90.252096	 90.240338	 90.228927	 90.217859	 90.207127	 90.196726	  90.18665	 90.176893	 90.167451	 90.158319	 90.149491	 90.140962	 90.132727	 90.124782	 90.117122	 90.109743	  90.10264	 90.095808	 90.089245	 90.082945	 90.076905	 90.071121	  90.06559	 90.060308	 90.055271	 90.050477	 90.045922	 90.041603	 90.037518	 90.033664	 90.030038	 90.026638	 90.023462	 90.020507	 90.017771	 90.015253	 90.012951	 90.010863	 90.008988	 90.007325	 90.005872	 90.004629	 90.003594	 90.002767	 90.002147	 90.001734	 90.001528	
        99	 98.894613	 98.789244	 98.683913	 98.578637	 98.473434	 98.368324	 98.263325	 98.158454	  98.05373	 97.949172	 97.844796	 97.740622	 97.636667	 97.532949	 97.429484	 97.326292	 97.223389	 97.120792	 97.018519	 96.916586	 96.815009	 96.713807	 96.612993	 96.512586	 96.412601	 96.313052	 96.213957	  96.11533	 96.017186	  95.91954	 95.822407	   95.7258	 95.629733	 95.534221	 95.439277	 95.344914	 95.251145	 95.157983	 95.065439	 94.973526	 94.882256	  94.79164	 94.701689	 94.612413	 94.523824	 94.435932	 94.348745	 94.262275	 94.176529	 94.091518	 94.007248	 93.923729	 93.840969	 93.758974	 93.677753	 93.597311	 93.517655	 93.438792	 93.360728	 93.283467	 93.207015	 93.131377	 93.056557	  92.98256	 92.909389	 92.837048	 92.765539	 92.694866	 92.625032	 92.556038	 92.487886	 92.420578	 92.354116	 92.288499	 92.223729	 92.159806	  92.09673	 92.034501	 91.973118	 91.912581	 91.852888	 91.794038	 91.736029	 91.678859	 91.622527	  91.56703	 91.512364	 91.458528	 91.405517	 91.353329	  91.30196	 91.251406	 91.201663	 91.152727	 91.104592	 91.057256	 91.010711	 90.964955	  90.91998	 90.875782	 90.832356	 90.789694	 90.747793	 90.706644	 90.666243	 90.626583	 90.587657	 90.549459	 90.511981	 90.475218	 90.439162	 90.403806	 90.369143	 90.335166	 90.301867	 90.269239	 90.237275	 90.205967	 90.175306	 90.145287	 90.115901	  90.08714	 90.058996	 90.031462	 90.004531	 89.978193	 89.952441	 89.927267	 89.902664	 89.878623	 89.855137	 89.832198	 89.809798	 89.787929	 89.766583	 89.745753	  89.72543	 89.705608	 89.686278	 89.667433	 89.649065	 89.631168	 89.613732	 89.596752	 89.580219	 89.564127	 89.548468	 89.533236	 89.518423	 89.504022	 89.490027	  89.47643	 89.463226	 89.450407	 89.437968	 89.425901	 89.414202	 89.402862	 89.391877	 89.381241	 89.370948	 89.360992	 89.351368	 89.342069	 89.333092	 89.324431	  89.31608	 89.308035	 89.300292	 89.292844	 89.285689	 89.278821	 89.272236	 89.265931	 89.259901	 89.254142	 89.248651	 89.243425	 89.238459	 89.233751	 89.229298	 89.225096	 89.221143	 89.217437	 89.213974	 89.210752	  89.20777	 89.205025	 89.202515	 89.200239	 89.198195	 89.196382	 89.194798	 89.193442	 89.192314	 89.191413	 89.190737	 89.190287	 89.190062	
        99	 98.885914	 98.771848	 98.657822	 98.543855	 98.429969	 98.316183	 98.202516	 98.088989	 97.975621	 97.862431	  97.74944	 97.636667	 97.524131	 97.411851	 97.299846	 97.188136	 97.076739	 96.965673	 96.854958	 96.744611	  96.63465	 96.525093	 96.415958	 96.307263	 96.199024	 96.091259	 95.983984	 95.877215	  95.77097	 95.665264	 95.560113	 95.455531	 95.351535	 95.248139	 95.145358	 95.043206	 94.941697	 94.840844	 94.740661	 94.641162	 94.542357	 94.444261	 94.346885	  94.25024	 94.154339	 94.059191	 93.964808	   93.8712	 93.778377	 93.686348	 93.595122	 93.504709	 93.415117	 93.326354	 93.238428	 93.151346	 93.065116	 92.979743	 92.895235	 92.811596	 92.728834	 92.646952	 92.565957	 92.485851	  92.40664	 92.328327	 92.250916	  92.17441	 92.098811	 92.024122	 91.950345	 91.877481	 91.805532	 91.734499	 91.664383	 91.595183	 91.526901	 91.459535	 91.393085	 91.327551	  91.26293	 91.199222	 91.136425	 91.074537	 91.013555	 90.953476	 90.894298	 90.836018	 90.778632	 90.722136	 90.666527	   90.6118	  90.55795	 90.504975	 90.452867	 90.401623	 90.351237	 90.301703	 90.253016	  90.20517	 90.158158	 90.111976	 90.066615	  90.02207	 89.978334	   89.9354	 89.893261	  89.85191	 89.811339	 89.771541	 89.732509	 89.694235	  89.65671	 89.619928	 89.583881	  89.54856	 89.513957	 89.480064	 89.446873	 89.414376	 89.382564	 89.351429	 89.320962	 89.291156	 89.262001	 89.233489	 89.205611	  89.17836	 89.151726	 89.125701	 89.100276	 89.075443	 89.051194	  89.02752	 89.004412	 88.981862	 88.959862	 88.938403	 88.917478	 88.897077	 88.877194	 88.857819	 88.838944	 88.820562	 88.802665	 88.785244	 88.768293	 88.751803	 88.735767	 88.720178	 88.705027	 88.690308	 88.676014	 88.662137	 88.648671	 88.635609	 88.622943	 88.610668	 88.598776	 88.587262	 88.576119	 88.565341	 88.554923	 88.544857	 88.535139	 88.525762	 88.516722	 88.508013	  88.49963	 88.491568	 88.483822	 88.476387	 88.469259	 88.462434	 88.455906	 88.449672	 88.443728	  88.43807	 88.432694	 88.427598	 88.422777	 88.418228	 88.413949	 88.409936	 88.406187	   88.4027	 88.399472	   88.3965	 88.393783	 88.391319	 88.389107	 88.387144	 88.385429	 88.383961	  88.38274	 88.381764	 88.381033	 88.380545	 88.380302	
        99	 98.877235	 98.754491	  98.63179	 98.509153	 98.386603	  98.26416	 98.141846	 98.019682	 97.897689	 97.775888	 97.654301	 97.532949	 97.411851	 97.291029	 97.170504	 97.050295	 96.930423	 96.810908	 96.691769	 96.573027	 96.454701	 96.336809	 96.219372	 96.102407	 95.985934	  95.86997	 95.754534	 95.639643	 95.525315	 95.411567	 95.298416	 95.185878	  95.07397	 94.962708	 94.852108	 94.742184	 94.632953	 94.524427	 94.416623	 94.309554	 94.203233	 94.097674	 93.992889	 93.888892	 93.785695	 93.683309	 93.581745	 93.481016	 93.381131	   93.2821	 93.183935	 93.086644	 92.990236	  92.89472	 92.800105	 92.706398	 92.613607	 92.521739	 92.430802	 92.340801	 92.251742	 92.163631	 92.076473	 91.990274	 91.905036	 91.820766	 91.737466	 91.655139	 91.573789	 91.493417	 91.414027	  91.33562	 91.258198	 91.181761	  91.10631	 91.031846	 90.958369	 90.885878	 90.814373	 90.743853	 90.674316	 90.605762	 90.538187	  90.47159	 90.405969	  90.34132	  90.27764	 90.214926	 90.153174	  90.09238	  90.03254	  89.97365	 89.915704	 89.858698	 89.802626	 89.747483	 89.693264	 89.639961	  89.58757	 89.536084	 89.485497	   89.4358	 89.386989	 89.339055	 89.291992	 89.245792	 89.200447	 89.155949	 89.112292	 89.069467	 89.027465	 88.986279	   88.9459	  88.90632	  88.86753	 88.829521	 88.792286	 88.755815	 88.720099	 88.685129	 88.650897	 88.617394	 88.584609	 88.552535	 88.521162	 88.490481	 88.460482	 88.431158	 88.402497	 88.374492	 88.347133	 88.320412	 88.294317	 88.268842	 88.243976	 88.219711	 88.196037	 88.172946	 88.150429	 88.128476	  88.10708	 88.086231	  88.06592	  88.04614	 88.026881	 88.008135	 87.989894	  87.97215	 87.954894	 87.938118	 87.921815	 87.905977	 87.890595	 87.875663	 87.861172	 87.847116	 87.833486	 87.820277	 87.807481	 87.795091	   87.7831	 87.771503	 87.760291	  87.74946	 87.739002	 87.728912	 87.719185	 87.709813	 87.700793	 87.692117	 87.683782	 87.675781	 87.668111	 87.660766	 87.653741	 87.647033	 87.640637	 87.634549	 87.628764	  87.62328	 87.618092	 87.613197	 87.608593	 87.604275	 87.600241	 87.596488	 87.593014	 87.589816	 87.586893	 87.584241	  87.58186	 87.579748	 87.577903	 87.576324	  87.57501	 87.573959	 87.573172	 87.572648	 87.572386	
        99	 98.868576	 98.737176	 98.605821	 98.474536	 98.343343	 98.212265	 98.081324	 97.950544	 97.819948	 97.689558	 97.559396	 97.429484	 97.299846	 97.170504	 97.041478	 96.912791	 96.784465	 96.656521	 96.528981	 96.401864	 96.275193	 96.148987	 96.023268	 95.898054	 95.773366	 95.649224	 95.525647	 95.402653	 95.280262	 95.158492	 95.037361	 94.916886	 94.797086	 94.677978	 94.559577	 94.441901	 94.324966	 94.208787	  94.09338	 93.978759	  93.86494	 93.751936	 93.639762	 93.528431	 93.417955	 93.308348	 93.199622	 93.091788	 92.984859	 92.878844	 92.773756	 92.669603	 92.566396	 92.464144	 92.362856	  92.26254	 92.163205	 92.064859	 91.967508	 91.871159	 91.775819	 91.681495	  91.58819	 91.495911	 91.404663	 91.314449	 91.225274	 91.137141	 91.050053	 90.964014	 90.879025	 90.795088	 90.712205	 90.630378	 90.549606	  90.46989	 90.391231	 90.313628	  90.23708	 90.161587	 90.087146	 90.013757	 89.941416	 89.870123	 89.799873	 89.730665	 89.662494	 89.595357	  89.52925	 89.464168	 89.400108	 89.337064	 89.275032	 89.214005	 89.153979	 89.094947	 89.036904	 88.979843	 88.923757	  88.86864	 88.814484	 88.761283	  88.70903	 88.657715	 88.607333	 88.557874	 88.509331	 88.461696	  88.41496	 88.369114	  88.32415	 88.280059	 88.236832	 88.194461	 88.152935	 88.112246	 88.072385	 88.033342	 87.995107	 87.957671	 87.921025	 87.885158	 87.850062	 87.815725	  87.78214	 87.749295	 87.717181	 87.685788	 87.655106	 87.625126	 87.595838	 87.567231	 87.539297	 87.512025	 87.485405	 87.459429	 87.434086	 87.409366	 87.385261	  87.36176	 87.338854	 87.316535	 87.294792	 87.273616	 87.252999	 87.232932	 87.213404	 87.194408	 87.175936	 87.157977	 87.140524	 87.123568	 87.107102	 87.091117	 87.075604	 87.060556	 87.045966	 87.031825	 87.018127	 87.004863	 86.992026	 86.979611	 86.967608	 86.956013	 86.944818	 86.934017	 86.923603	 86.913571	 86.903914	 86.894626	 86.885703	 86.877139	 86.868927	 86.861064	 86.853544	 86.846363	 86.839516	 86.832998	 86.826805	 86.820934	 86.815381	 86.810141	 86.805211	 86.800589	  86.79627	 86.792253	 86.788534	 86.785111	 86.781981	 86.779143	 86.776594	 86.774333	 86.772357	 86.770667	  86.76926	 86.768135	 86.767293	 86.766731	 86.766451	
        99	 98.859941	 98.719907	 98.579922	  98.44001	 98.300197	 98.160506	 98.020962	 97.881589	 97.742411	 97.603454	 97.464739	 97.326292	 97.188136	 97.050295	 96.912791	 96.775649	 96.638892	 96.502541	  96.36662	 96.231151	 96.096157	 95.961659	 95.827678	 95.694237	 95.561357	 95.429058	 95.297361	 95.166286	 95.035853	 94.906082	 94.776992	 94.648601	  94.52093	 94.393995	 94.267815	 94.142407	 94.017788	 93.893975	 93.770985	 93.648833	 93.527536	 93.407107	 93.287562	 93.168916	 93.051181	 92.934372	 92.818502	 92.703583	 92.589628	 92.476648	 92.364654	 92.253658	 92.143669	 92.034699	 91.926756	 91.819849	 91.713987	 91.609178	 91.505431	 91.402752	 91.301148	 91.200625	  91.10119	 91.002848	 90.905604	 90.809462	 90.714428	 90.620504	 90.527694	 90.436002	 90.345428	 90.255976	 90.167648	 90.080443	 89.994364	 89.909411	 89.825583	 89.742881	 89.661304	  89.58085	 89.501518	 89.423307	 89.346213	 89.270235	  89.19537	 89.121614	 89.048964	 88.977415	 88.906965	 88.837607	 88.769338	 88.702152	 88.636043	 88.571007	 88.507037	 88.444126	 88.382269	 88.321459	 88.261687	 88.202949	 88.145235	 88.088538	 88.032851	 87.978165	 87.924472	 87.871764	 87.820031	 87.769266	 87.719459	 87.670601	 87.622683	 87.575695	 87.529628	 87.484472	 87.440218	 87.396856	 87.354375	 87.312767	  87.27202	 87.232124	  87.19307	 87.154846	 87.117444	 87.080852	 87.045059	 87.010056	 86.975832	 86.942376	 86.909679	 86.877729	 86.846516	  86.81603	  86.78626	 86.757196	 86.728828	 86.701144	 86.674136	 86.647792	 86.622103	 86.597058	 86.572647	 86.548861	  86.52569	 86.503123	 86.481151	 86.459765	 86.438954	  86.41871	 86.399024	 86.379885	 86.361285	 86.343216	 86.325667	 86.308632	   86.2921	 86.276063	 86.260514	 86.245444	 86.230846	  86.21671	 86.203031	 86.189799	 86.177008	 86.164651	  86.15272	 86.141209	 86.130111	  86.11942	 86.109128	 86.099231	 86.089721	 86.080594	 86.071843	 86.063463	 86.055449	 86.047796	 86.040499	 86.033553	 86.026954	 86.020697	 86.014778	 86.009194	 86.003941	 85.999015	 85.994412	 85.990131	 85.986168	  85.98252	 85.979184	 85.976159	 85.973443	 85.971033	 85.968928	 85.967126	 85.965627	 85.964429	 85.963531	 85.962932	 85.962633	
        99	  98.85133	 98.702686	 98.554094	 98.405581	 98.257171	 98.108892	 97.960768	 97.812827	 97.665092	 97.517591	 97.370348	 97.223389	 97.076739	 96.930423	 96.784465	 96.638892	 96.493726	 96.348992	 96.204714	 96.060916	 95.917622	 95.774855	 95.632637	 95.490992	 95.349942	 95.209509	 95.069715	 94.930581	 94.792129	 94.654379	 94.517352	 94.381068	 94.245547	 94.110808	  93.97687	 93.843752	 93.711471	 93.580046	 93.449494	 93.319832	 93.191077	 93.063244	 92.936349	 92.810408	 92.685435	 92.561445	 92.438451	 92.316466	 92.195505	 92.075578	 91.956699	 91.838878	 91.722128	 91.606457	 91.491878	 91.378398	 91.266027	 91.154775	 91.044649	 90.935657	 90.827806	 90.721103	 90.615554	 90.511166	 90.407943	 90.305891	 90.205013	 90.105315	 90.006799	 89.909469	 89.813327	 89.718375	 89.624616	  89.53205	 89.440679	 89.350502	 89.261521	 89.173734	 89.087141	 89.001741	 88.917531	 88.834511	 88.752678	 88.672028	  88.59256	  88.51427	 88.437153	 88.361205	 88.286423	 88.212801	 88.140335	 88.069018	 87.998845	  87.92981	 87.861907	 87.795129	 87.729468	 87.664919	 87.601473	 87.539123	 87.477861	 87.417679	 87.358568	 87.300519	 87.243525	 87.187576	 87.132663	 87.078777	 87.025907	 86.974045	 86.923181	 86.873304	 86.824405	 86.776473	 86.729498	  86.68347	 86.638378	 86.594211	 86.550958	  86.50861	 86.467155	 86.426581	 86.386879	 86.348037	 86.310044	 86.272889	 86.236561	 86.201048	  86.16634	 86.132426	 86.099294	 86.066934	 86.035334	 86.004483	  85.97437	 85.944985	 85.916316	 85.888352	 85.861083	 85.834499	 85.808587	 85.783339	 85.758743	 85.734788	 85.711466	 85.688764	 85.666675	 85.645186	 85.624289	 85.603974	  85.58423	  85.56505	 85.546423	 85.528339	 85.510791	 85.493769	 85.477264	 85.461267	 85.445771	 85.430767	 85.416246	 85.402201	 85.388624	 85.375507	 85.362842	 85.350624	 85.338843	 85.327494	  85.31657	 85.306064	  85.29597	 85.286282	 85.276993	 85.268098	 85.259591	 85.251467	 85.243721	 85.236348	 85.229343	 85.222702	 85.216419	 85.210492	 85.204915	 85.199686	 85.194801	 85.190257	  85.18605	 85.182177	 85.178637	 85.175426	 85.172542	 85.169984	  85.16775	 85.165838	 85.164246	 85.162974	 85.162021	 85.161386	 85.161068	
