Time step 36:
        99	        99	        99	        99	        99	        99	        99	        99	        99	        99	        99	        99	        99	        99	        99	        99	        99	        99	        99	        99	        99	        99	        99	        99	        99	        99	        99	        99	        99	        99	        99	        99	        99	        99	        99	        99	        99	        99	        99	        99	        99	        99	        99	        99	        99	        99	        99	        99	        99	        99	        99	        99	        99	        99	        99	        99	        99	        99	        99	        99	        99	        99	        99	        99	        99	        99	        99	        99	        99	        99	        99	        99	        99	        99	        99	        99	        99	        99	        99	        99	        99	        99	        99	        99	        99	        99	        99	        99	        99	        99	        99	        99	        99	        99	        99	        99	        99	        99	        99	        99	        99	        99	        99	        99	        99	        99	        99	        99	        99	        99	        99	        99	        99	        99	        99	        99	        99	        99	        99	        99	        99	        99	        99	        99	        99	        99	        99	        99	        99	        99	        99	        99	        99	        99	        99	        99	        99	        99	        99	        99	        99	        99	        99	        99	        99	        99	        99	        99	        99	        99	        99	        99	        99	        99	        99	        99	        99	        99	        99	        99	        99	        99	        99	        99	        99	        99	        99	        99	        99	        99	        99	        99	        99	        99	        99	        99	        99	        99	        99	        99	        99	        99	        99	        99	        99	        99	        99	        99	        99	        99	        99	        99	        99	        99	        99	        99	        99	        99	        99	        99	
        99	 98.982363	 98.964732	 98.947113	 98.929513	 98.911937	 98.894393	 98.876885	  98.85942	 98.842004	 98.824643	 98.807343	 98.790109	 98.772948	 98.755865	 98.738865	 98.721955	 98.705139	 98.688424	 98.671813	 98.655313	 98.638928	 98.622664	 98.606524	 98.590514	 98.574639	 98.558902	 98.543307	  98.52786	 98.512564	 98.497422	 98.482439	 98.467618	 98.452963	 98.438476	 98.424161	  98.41002	 98.396057	 98.382274	 98.368674	 98.355258	 98.342029	 98.328989	  98.31614	 98.303483	  98.29102	 98.278752	  98.26668	 98.254806	  98.24313	 98.231653	 98.220375	 98.209298	  98.19842	 98.187743	 98.177266	  98.16699	 98.156913	 98.147036	 98.137357	 98.127877	 98.118594	 98.109508	 98.100617	 98.091921	 98.083417	 98.075105	 98.066983	  98.05905	 98.051304	 98.043743	 98.036366	  98.02917	 98.022153	 98.015314	  98.00865	 98.002159	 97.995838	 97.989686	   97.9837	 97.977878	 97.972217	 97.966714	 97.961367	 97.956174	 97.951131	 97.946237	 97.941488	 97.936881	 97.932415	 97.928086	 97.923891	 97.919828	 97.915894	 97.912087	 97.908403	 97.904839	 97.901394	 97.898063	 97.894846	 97.891738	 97.888737	  97.88584	 97.883046	  97.88035	 97.877751	 97.875246	 97.872832	 97.870508	 97.868269	 97.866115	 97.864042	 97.862048	 97.860131	 97.858289	 97.856519	 97.854818	 97.853186	 97.851619	 97.850115	 97.848673	 97.847291	 97.845966	 97.844696	  97.84348	 97.842316	 97.841202	 97.840135	 97.839116	 97.838141	 97.837209	 97.836319	 97.835468	 97.834656	 97.833882	 97.833142	 97.832437	 97.831765	 97.831124	 97.830514	 97.829932	 97.829379	 97.828852	 97.828351	 97.827874	 97.827421	  97.82699	 97.826581	 97.826193	 97.825824	 97.825474	 97.825142	 97.824827	 97.824528	 97.824245	 97.823977	 97.823724	 97.823484	 97.823256	 97.823042	 97.822839	 97.822647	 97.822465	 97.822294	 97.822133	  97.82198	 97.821837	 97.821702	 97.821574	 97.821454	 97.821341	 97.821235	 97.821136	 97.821042	 97.820955	 97.820873	 97.820796	 97.820724	 97.820657	 97.820594	 97.820536	 97.820481	 97.820431	 97.820385	 97.820342	 97.820302	 97.820266	 97.820232	 97.820202	 97.820175	  97.82015	 97.820129	 97.820109	 97.820093	 97.820079	 97.820067	 97.820058	 97.820051	 97.820046	 97.820044	
        99	 98.964732	 98.929476	 98.894245	  98.85905	 98.823906	 98.788822	 98.753813	 98.718889	 98.684064	 98.649348	 98.614753	 98.580292	 98.545976	 98.511815	 98.477822	 98.444008	 98.410382	 98.376957	 98.343741	 98.310747	 98.277983	  98.24546	 98.213186	 98.181172	 98.149426	 98.117958	 98.086775	 98.055886	 98.025299	 97.995021	  97.96506	 97.935424	 97.906118	 97.877149	 97.848524	 97.820248	 97.792327	 97.764765	 97.737569	 97.710742	 97.684289	 97.658214	  97.63252	  97.60721	 97.582288	 97.557757	 97.533618	 97.509873	 97.486525	 97.463575	 97.441024	 97.418872	 97.397121	 97.375771	 97.354821	 97.334271	 97.314121	  97.29437	 97.275017	  97.25606	 97.237497	 97.219328	  97.20155	 97.184159	 97.167155	 97.150535	 97.134294	 97.118431	 97.102941	 97.087822	  97.07307	  97.05868	 97.044649	 97.030973	 97.017647	 97.004667	 96.992029	 96.979727	 96.967757	 96.956114	 96.944794	  96.93379	 96.923099	 96.912714	  96.90263	 96.892843	 96.883347	 96.874135	 96.865204	 96.856547	  96.84816	 96.840035	 96.832169	 96.824555	 96.817188	 96.810062	 96.803172	 96.796513	 96.790079	 96.783864	 96.777863	 96.772071	 96.766483	 96.761093	 96.755896	 96.750887	  96.74606	 96.741411	 96.736936	 96.732628	 96.728483	 96.724496	 96.720662	 96.716978	 96.713438	 96.710038	 96.706774	  96.70364	 96.700634	 96.697751	 96.694986	 96.692336	 96.689798	 96.687366	 96.685038	  96.68281	 96.680678	 96.678639	 96.676689	 96.674826	 96.673045	 96.671345	 96.669721	 96.668172	 96.666694	 96.665284	 96.663939	 96.662658	 96.661438	 96.660275	 96.659168	 96.658115	 96.657113	 96.656159	 96.655253	 96.654392	 96.653574	 96.652797	 96.652059	 96.651359	 96.650695	 96.650066	 96.649469	 96.648903	 96.648367	  96.64786	  96.64738	 96.646926	 96.646496	  96.64609	 96.645706	 96.645344	 96.645002	 96.644679	 96.644374	 96.644087	 96.643816	 96.643562	 96.643322	 96.643096	 96.642884	 96.642685	 96.642498	 96.642323	 96.642159	 96.642005	 96.641861	 96.641727	 96.641602	 96.641485	 96.641377	 96.641276	 96.641183	 96.641097	 96.641018	 96.640945	 96.640878	 96.640818	 96.640764	 96.640715	 96.640671	 96.640633	 96.640599	 96.640571	 96.640548	 96.640529	 96.640515	 96.640506	 96.640501	
        99	 98.947113	 98.894245	 98.841413	 98.788637	 98.735936	 98.683326	 98.630827	 98.578457	 98.526234	 98.474175	 98.422299	 98.370622	 98.319162	 98.267937	 98.216962	 98.166255	 98.115832	 98.065708	   98.0159	 97.966423	 97.917291	  97.86852	 97.820124	 97.772117	 97.724512	 97.677323	 97.630562	 97.584242	 97.538375	 97.492972	 97.448044	 97.403602	 97.359656	 97.316216	  97.27329	 97.230889	 97.189019	 97.147689	 97.106907	 97.066678	  97.02701	 96.987909	 96.949379	 96.911426	 96.874054	 96.837267	 96.801069	 96.765463	 96.730451	 96.696036	 96.662219	 96.629002	 96.596385	 96.564368	 96.532953	 96.502137	 96.471921	 96.442303	 96.413281	 96.384854	 96.357019	 96.329773	 96.303112	 96.277035	 96.251536	 96.226612	 96.202259	 96.178471	 96.155243	 96.132571	 96.110449	 96.088871	 96.067831	 96.047322	 96.027339	 96.007875	 95.988923	 95.970476	 95.952526	 95.935067	 95.918091	 95.901591	 95.885558	 95.869985	 95.854865	 95.840188	 95.825948	 95.812135	 95.798742	 95.785761	 95.773183	    95.761	 95.749203	 95.737786	 95.726738	 95.716053	 95.705721	 95.695735	 95.686086	 95.676767	 95.667769	 95.659083	 95.650703	  95.64262	 95.634827	 95.627316	 95.620078	 95.613107	 95.606395	 95.599935	 95.593719	 95.587741	 95.581993	 95.576468	 95.571159	 95.566061	 95.561166	 95.556467	 95.551959	 95.547635	 95.543489	 95.539516	 95.535709	 95.532063	 95.528571	  95.52523	 95.522033	 95.518975	 95.516052	 95.513257	 95.510588	 95.508038	 95.505603	  95.50328	 95.501063	 95.498949	 95.496933	 95.495012	 95.493181	 95.491438	 95.489778	 95.488198	 95.486696	 95.485266	 95.483907	 95.482616	 95.481389	 95.480224	 95.479118	 95.478068	 95.477072	 95.476128	 95.475233	 95.474385	 95.473581	 95.472821	 95.472101	  95.47142	 95.470775	 95.470166	 95.469591	 95.469047	 95.468534	  95.46805	 95.467593	 95.467163	 95.466757	 95.466375	 95.466016	 95.465677	 95.465359	 95.465061	 95.464781	 95.464518	 95.464271	 95.464041	 95.463825	 95.463624	 95.463436	 95.463261	 95.463099	 95.462948	 95.462808	 95.462679	  95.46256	 95.462451	 95.462352	 95.462261	 95.462179	 95.462106	  95.46204	 95.461983	 95.461933	 95.461891	 95.461856	 95.461828	 95.461807	 95.461793	 95.461786	
        99	 98.929513	  98.85905	 98.788637	 98.718299	 98.648058	 98.577941	 98.507971	 98.438173	  98.36857	 98.299187	 98.230047	 98.161172	 98.092588	 98.024315	 97.956376	 97.888795	 97.821591	 97.754787	 97.688403	  97.62246	 97.556978	 97.491977	 97.427476	 97.363492	 97.300045	 97.237152	  97.17483	 97.113095	 97.051964	 96.991451	 96.931572	  96.87234	 96.813769	 96.755872	 96.698662	 96.642149	 96.586346	 96.531262	 96.476908	 96.423292	 96.370423	 96.318309	 96.266956	 96.216373	 96.166564	 96.117535	 96.069291	 96.021835	 95.975172	 95.929304	 95.884233	 95.839962	  95.79649	 95.753819	 95.711949	 95.670878	 95.630606	 95.591132	 95.552452	 95.514564	 95.477466	 95.441153	  95.40562	 95.370865	  95.33688	 95.303662	 95.271204	 95.239499	 95.208542	 95.178325	 95.148841	 95.120082	  95.09204	 95.064706	 95.038073	 95.012132	 94.986872	 94.962286	 94.938363	 94.915094	 94.892469	 94.870477	 94.849109	 94.828354	 94.808201	  94.78864	 94.769661	 94.751251	 94.733401	   94.7161	 94.699336	 94.683099	 94.667377	  94.65216	 94.637436	 94.623194	 94.609425	 94.596115	 94.583255	 94.570834	 94.558841	 94.547266	 94.536097	 94.525324	 94.514938	 94.504926	  94.49528	 94.485989	 94.477044	 94.468434	 94.460149	 94.452181	  94.44452	 94.437157	 94.430082	 94.423287	 94.416762	   94.4105	 94.404492	 94.398729	 94.393204	 94.387908	 94.382834	 94.377974	 94.373321	 94.368868	 94.364607	 94.360531	 94.356635	 94.352911	 94.349353	 94.345954	  94.34271	 94.339613	 94.336658	  94.33384	 94.331154	 94.328593	 94.326154	  94.32383	 94.321618	 94.319513	  94.31751	 94.315605	 94.313794	 94.312072	 94.310437	 94.308884	  94.30741	 94.306011	 94.304684	 94.303425	 94.302232	 94.301102	 94.300031	 94.299017	 94.298058	  94.29715	 94.296291	  94.29548	 94.294713	 94.293988	 94.293304	 94.292659	  94.29205	 94.291477	 94.290936	 94.290427	 94.289948	 94.289497	 94.289073	 94.288675	 94.288301	 94.287951	 94.287623	 94.287316	 94.287028	  94.28676	  94.28651	 94.286276	  94.28606	 94.285859	 94.285672	   94.2855	 94.285342	 94.285197	 94.285064	 94.284944	 94.284834	 94.284737	 94.284649	 94.284573	 94.284506	  94.28445	 94.284403	 94.284366	 94.284338	  94.28432	 94.284311	
        99	 98.911937	 98.823906	 98.735936	 98.648058	 98.560304	 98.472703	 98.385287	 98.298085	 98.211128	 98.124444	 98.038064	 97.952017	 97.866331	 97.781034	 97.696156	 97.611723	 97.527763	 97.444301	 97.361365	  97.27898	 97.197171	 97.115962	 97.035377	  96.95544	 96.876173	 96.797598	 96.719736	 96.642608	 96.566234	 96.490633	 96.415823	 96.341822	 96.268647	 96.196314	 96.124839	 96.054236	 95.984518	   95.9157	 95.847792	 95.780807	 95.714756	 95.649647	 95.585491	 95.522295	 95.460066	 95.398812	 95.338539	 95.279251	 95.220952	 95.163647	 95.107338	 95.052028	 94.997717	 94.944406	 94.892095	 94.840784	 94.790471	 94.741154	  94.69283	 94.645495	 94.599146	 94.553778	 94.509386	 94.465965	 94.423507	 94.382005	 94.341454	 94.301844	 94.263168	 94.225417	 94.188581	 94.152651	 94.117616	 94.083468	 94.050194	 94.017784	 93.986227	  93.95551	 93.925622	 93.896551	 93.868284	 93.840809	 93.814113	 93.788182	 93.763005	 93.738567	 93.714854	 93.691855	 93.669554	 93.647939	 93.626995	 93.606709	 93.587067	 93.568056	  93.54966	 93.531868	 93.514665	 93.498037	  93.48197	 93.466452	 93.451469	 93.437007	 93.423053	 93.409595	 93.396618	  93.38411	 93.372059	 93.360452	 93.349276	 93.338519	 93.328169	 93.318214	 93.308643	 93.299443	 93.290604	 93.282115	 93.273963	  93.26614	 93.258633	 93.251434	 93.244531	 93.237914	 93.231575	 93.225504	 93.219691	 93.214127	 93.208803	 93.203712	 93.198844	 93.194191	 93.189746	   93.1855	 93.181446	 93.177577	 93.173886	 93.170366	 93.167009	  93.16381	 93.160762	 93.157859	 93.155095	 93.152465	 93.149963	 93.147583	  93.14532	  93.14317	 93.141127	 93.139187	 93.137345	 93.135597	 93.133939	 93.132367	 93.130876	 93.129464	 93.128126	  93.12686	 93.125661	 93.124527	 93.123454	  93.12244	 93.121482	 93.120577	 93.119722	 93.118916	 93.118156	 93.117439	 93.116763	 93.116127	 93.115528	 93.114965	 93.114436	 93.113939	 93.113472	 93.113034	 93.112624	  93.11224	 93.111881	 93.111546	 93.111233	 93.110942	 93.110671	  93.11042	 93.110187	 93.109972	 93.109775	 93.109593	 93.109427	 93.109277	  93.10914	 93.109018	 93.108909	 93.108813	 93.108731	  93.10866	 93.108602	 93.108555	 93.108521	 93.108497	 93.108486	
        99	 98.894393	 98.788822	 98.683326	 98.577941	 98.472703	  98.36765	 98.262818	 98.158243	 98.053961	 97.950007	 97.846418	 97.743227	  97.64047	  97.53818	 97.436392	 97.335137	 97.234449	  97.13436	 97.034901	 96.936102	 96.837994	 96.740606	 96.643966	 96.548103	 96.453044	 96.358814	  96.26544	 96.172946	 96.081356	 95.990693	 95.900978	 95.812234	 95.724481	 95.637737	 95.552022	 95.467352	 95.383745	 95.301216	 95.219779	 95.139449	 95.060238	 94.982158	 94.905219	 94.829432	 94.754806	 94.681349	 94.609067	 94.537967	 94.468054	 94.399332	 94.331805	 94.265474	 94.200343	 94.136411	 94.073679	 94.012145	 93.951808	 93.892665	 93.834713	 93.777948	 93.722365	 93.667959	 93.614723	  93.56265	 93.511733	 93.461964	 93.413333	 93.365832	 93.319451	 93.274178	 93.230003	 93.186915	 93.144901	 93.103949	 93.064046	 93.025179	 92.987334	 92.950498	 92.914656	 92.879793	 92.845894	 92.812945	  92.78093	 92.749834	  92.71964	 92.690333	 92.661897	 92.634315	 92.607571	 92.581649	 92.556533	 92.532206	  92.50865	 92.485851	 92.463791	 92.442454	 92.421823	 92.401882	 92.382615	 92.364006	 92.346037	 92.328694	  92.31196	  92.29582	 92.280258	 92.265259	 92.250806	 92.236886	 92.223484	 92.210584	 92.198172	 92.186234	 92.174756	 92.163723	 92.153123	 92.142942	 92.133167	 92.123785	 92.114783	 92.106149	  92.09787	 92.089936	 92.082334	 92.075053	 92.068081	 92.061409	 92.055025	 92.048919	 92.043081	 92.037502	 92.032171	 92.027079	 92.022218	 92.017578	 92.013151	 92.008929	 92.004904	 92.001068	 91.997413	 91.993931	 91.990617	 91.987463	 91.984462	 91.981608	 91.978894	 91.976316	 91.973866	 91.971539	  91.96933	 91.967234	 91.965246	  91.96336	 91.961573	 91.959879	 91.958275	 91.956756	 91.955318	 91.953958	 91.952672	 91.951456	 91.950306	 91.949221	 91.948197	  91.94723	 91.946318	 91.945458	 91.944648	 91.943885	 91.943167	 91.942492	 91.941857	  91.94126	 91.940701	 91.940176	 91.939684	 91.939224	 91.938793	 91.938391	 91.938016	 91.937667	 91.937342	 91.937041	 91.936762	 91.936504	 91.936267	 91.936049	 91.935851	  91.93567	 91.935506	  91.93536	 91.935229	 91.935114	 91.935015	  91.93493	  91.93486	 91.934805	 91.934763	 91.934735	 91.934722	
        99	 98.876885	 98.753813	 98.630827	 98.507971	 98.385287	 98.262818	 98.140607	 98.018695	 97.897124	 97.775937	 97.655174	 97.534877	 97.415084	 97.295837	 97.177173	 97.059133	 96.941753	  96.82507	 96.709122	 96.593945	 96.479572	 96.366039	 96.253378	 96.141623	 96.030804	 95.920953	 95.812099	 95.704271	 95.597497	 95.491803	 95.387216	  95.28376	 95.181458	 95.080334	 94.980408	 94.881702	 94.784234	 94.688023	 94.593086	 94.499438	 94.407096	 94.316071	 94.226378	 94.138027	 94.051029	 93.965394	 93.881129	 93.798242	 93.716738	 93.636623	 93.557901	 93.480575	 93.404646	 93.330115	 93.256983	 93.185248	 93.114908	 93.045961	 92.978401	 92.912226	 92.847428	 92.784002	  92.72194	 92.661235	 92.601877	 92.543857	 92.487164	 92.431788	 92.377717	 92.324939	 92.273441	 92.223209	  92.17423	 92.126489	 92.079971	 92.034661	 91.990542	 91.947599	 91.905814	 91.865172	 91.825654	 91.787242	  91.74992	 91.713668	 91.678469	 91.644303	 91.611152	 91.578998	 91.547821	 91.517602	 91.488321	 91.459961	 91.432501	 91.405922	 91.380205	  91.35533	 91.331279	 91.308032	 91.285571	 91.263876	 91.242929	 91.222711	 91.203203	 91.184387	 91.166245	 91.148759	 91.131911	 91.115683	 91.100059	  91.08502	  91.07055	 91.056633	 91.043252	 91.030391	 91.018034	 91.006165	 90.994769	 90.983831	 90.973337	 90.963271	 90.953621	 90.944371	 90.935509	  90.92702	 90.918893	 90.911115	 90.903673	 90.896554	 90.889749	 90.883244	 90.877029	 90.871094	 90.865426	 90.860017	 90.854857	 90.849935	 90.845242	  90.84077	 90.836509	 90.832451	 90.828587	 90.824909	 90.821411	 90.818084	  90.81492	 90.811914	 90.809058	 90.806346	 90.803771	 90.801327	 90.799009	 90.796811	 90.794728	 90.792753	 90.790883	 90.789112	 90.787436	  90.78585	 90.784351	 90.782933	 90.781593	 90.780328	 90.779134	 90.778006	 90.776943	 90.775941	 90.774997	 90.774107	  90.77327	 90.772483	 90.771743	 90.771048	 90.770395	 90.769783	  90.76921	 90.768673	 90.768171	 90.767702	 90.767265	 90.766858	  90.76648	 90.766128	 90.765803	 90.765503	 90.765226	 90.764973	 90.764741	  90.76453	  90.76434	 90.764169	 90.764016	 90.763883	 90.763767	 90.763668	 90.763586	 90.763522	 90.763473	 90.763441	 90.763425	
        99	  98.85942	 98.718889	 98.578457	 98.438173	 98.298085	 98.158243	 98.018695	 97.879489	 97.740673	 97.602294	   97.4644	 97.327037	 97.190251	 97.054087	 96.918591	 96.783805	 96.649774	 96.516539	 96.384143	 96.252626	 96.122029	  95.99239	 95.863747	 95.736139	   95.6096	 95.484165	 95.359869	 95.236745	 95.114824	 94.994137	 94.874714	 94.756581	 94.639767	 94.524298	 94.410197	 94.297488	 94.186194	 94.076335	  93.96793	 93.860997	 93.755555	 93.651618	 93.549201	 93.448317	 93.348978	 93.251194	 93.154976	  93.06033	 92.967265	 92.875785	 92.785896	   92.6976	   92.6109	 92.525797	  92.44229	 92.360379	 92.280061	 92.201332	 92.124189	 92.048626	 91.974636	 91.902213	 91.831347	  91.76203	 91.694252	 91.628001	 91.563266	 91.500034	 91.438293	 91.378028	 91.319224	 91.261867	  91.20594	 91.151426	 91.098309	 91.046571	 90.996194	 90.947159	 90.899447	 90.853039	 90.807915	 90.764054	 90.721437	 90.680043	  90.63985	 90.600838	 90.562985	 90.526269	 90.490669	 90.456163	 90.422729	 90.390346	  90.35899	 90.328641	 90.299275	 90.270872	 90.243409	 90.216865	 90.191217	 90.166445	 90.142526	  90.11944	 90.097164	 90.075679	 90.054964	 90.034997	 90.015759	 89.997229	 89.979388	 89.962216	 89.945694	 89.929803	 89.914523	 89.899838	 89.885727	 89.872175	 89.859162	 89.846673	  89.83469	 89.823197	 89.812177	 89.801615	 89.791496	 89.781803	 89.772523	 89.763641	 89.755143	 89.747015	 89.739244	 89.731817	  89.72472	 89.717943	 89.711472	 89.705295	 89.699403	 89.693783	 89.688424	 89.683317	 89.678452	 89.673818	 89.669406	 89.665207	 89.661212	 89.657413	 89.653801	 89.650368	 89.647107	  89.64401	  89.64107	  89.63828	 89.635633	 89.633123	 89.630744	 89.628489	 89.626353	 89.624331	 89.622418	 89.620607	 89.618895	 89.617276	 89.615746	 89.614301	 89.612938	  89.61165	 89.610436	 89.609292	 89.608214	 89.607198	 89.606242	 89.605343	 89.604498	 89.603705	 89.602959	 89.602261	 89.601606	 89.600993	  89.60042	 89.599885	 89.599386	 89.598921	 89.598488	 89.598087	 89.597716	 89.597373	 89.597057	 89.596768	 89.596503	 89.596262	 89.596045	  89.59585	 89.595676	 89.595523	 89.595391	 89.595278	 89.595185	 89.595111	 89.595055	 89.595019	    89.595	
        99	 98.842004	 98.684064	 98.526234	  98.36857	 98.211128	 98.053961	 97.897124	 97.740673	 97.584659	 97.429138	  97.27416	  97.11978	 96.966048	 96.813016	 96.660733	 96.509249	 96.358613	 96.208872	 96.060074	 95.912264	 95.765488	 95.619788	 95.475209	 95.331791	 95.189575	 95.048601	 94.908907	  94.77053	 94.633504	 94.497866	 94.363647	  94.23088	 94.099594	  93.96982	 93.841583	 93.714912	 93.589829	  93.46636	 93.344525	 93.224346	  93.10584	 92.989027	 92.873922	  92.76054	 92.648894	 92.538996	 92.430857	 92.324487	 92.219892	 92.117079	 92.016053	 91.916819	 91.819378	 91.723732	  91.62988	 91.537821	 91.447552	  91.35907	  91.27237	 91.187446	  91.10429	 91.022894	 90.943249	 90.865345	 90.789169	 90.714711	 90.641956	 90.570891	 90.501501	  90.43377	 90.367682	 90.303218	 90.240362	 90.179095	 90.119398	  90.06125	 90.004632	 89.949522	   89.8959	 89.843742	 89.793028	 89.743734	 89.695837	 89.649315	 89.604143	 89.560297	 89.517754	  89.47649	  89.43648	 89.397699	 89.360123	 89.323728	 89.288487	 89.254378	 89.221375	 89.189453	 89.158588	 89.128755	  89.09993	 89.072089	 89.045207	  89.01926	 88.994225	 88.970078	 88.946797	 88.924356	 88.902735	  88.88191	 88.861858	 88.842559	  88.82399	  88.80613	 88.788957	 88.772452	 88.756594	 88.741362	 88.726738	 88.712701	 88.699234	 88.686317	 88.673932	 88.662061	 88.650688	 88.639795	 88.629365	 88.619383	 88.609832	 88.600697	 88.591964	 88.583616	 88.575641	 88.568023	  88.56075	 88.553809	 88.547186	  88.54087	 88.534848	 88.529108	  88.52364	 88.518432	 88.513473	 88.508754	 88.504265	 88.499995	 88.495935	 88.492077	 88.488412	 88.484931	 88.481627	 88.478491	 88.475516	 88.472695	 88.470021	 88.467487	 88.465087	 88.462815	 88.460664	 88.458629	 88.456704	 88.454885	 88.453166	 88.451542	 88.450009	 88.448563	 88.447198	 88.445912	   88.4447	 88.443559	 88.442485	 88.441474	 88.440524	 88.439632	 88.438795	  88.43801	 88.437274	 88.436585	 88.435941	 88.435339	 88.434778	 88.434256	  88.43377	 88.433319	 88.432902	 88.432517	 88.432162	 88.431836	 88.431539	 88.431268	 88.431024	 88.430804	 88.430609	 88.430437	 88.430288	 88.430162	 88.430057	 88.429974	 88.429912	  88.42987	  88.42985	
        99	 98.824643	 98.649348	 98.474175	 98.299187	 98.124444	 97.950007	 97.775937	 97.602294	 97.429138	 97.256527	  97.08452	 96.913176	 96.742552	 96.572703	 96.403687	 96.235558	  96.06837	 95.902175	 95.737027	 95.572975	  95.41007	 95.248361	 95.087895	 94.928718	 94.770875	  94.61441	 94.459366	 94.305783	 94.153701	 94.003159	 93.854191	 93.706835	 93.561124	 93.417089	 93.274762	 93.134171	 92.995345	 92.858308	 92.723085	   92.5897	 92.458173	 92.328524	 92.200771	  92.07493	 91.951016	 91.829043	 91.709021	 91.590962	 91.474874	 91.360764	 91.248637	 91.138499	 91.030351	 90.924194	  90.82003	 90.717855	 90.617668	 90.519463	 90.423236	  90.32898	 90.236687	 90.146347	 90.057951	 89.971486	  89.88694	   89.8043	 89.723551	 89.644677	 89.567662	 89.492488	 89.419138	 89.347591	 89.277829	 89.209829	 89.143572	 89.079035	 89.016195	  88.95503	 88.895515	 88.837626	 88.781339	 88.726629	 88.673469	 88.621835	 88.571699	 88.523036	 88.475818	  88.43002	 88.385613	 88.342571	 88.300866	 88.260471	 88.221359	 88.183501	 88.146872	 88.111442	 88.077185	 88.044074	 88.012082	 87.981181	 87.951346	 87.922548	 87.894762	 87.867962	 87.842122	 87.817216	 87.793218	 87.770105	  87.74785	  87.72643	 87.705821	 87.685998	 87.666939	  87.64862	 87.631019	 87.614114	 87.597883	 87.582304	 87.567356	  87.55302	 87.539274	 87.526099	 87.513476	 87.501386	 87.489811	 87.478731	 87.468131	 87.457993	 87.448299	 87.439034	 87.430182	 87.421728	 87.413656	 87.405952	 87.398601	 87.391591	 87.384907	 87.378537	 87.372468	 87.366687	 87.361184	 87.355946	 87.350963	 87.346224	 87.341719	 87.337437	 87.333369	 87.329506	 87.325838	 87.322358	 87.319056	 87.315925	 87.312957	 87.310145	 87.307481	 87.304959	 87.302571	 87.300313	 87.298177	 87.296158	  87.29425	 87.292448	 87.290746	 87.289141	 87.287626	 87.286199	 87.284854	 87.283587	 87.282395	 87.281273	 87.280219	 87.279229	   87.2783	 87.277428	 87.276611	 87.275847	 87.275132	 87.274464	 87.273842	 87.273262	 87.272723	 87.272222	 87.271759	 87.271332	 87.270938	 87.270576	 87.270246	 87.269946	 87.269675	 87.269431	 87.269214	 87.269024	 87.268859	 87.268718	 87.268602	 87.268509	  87.26844	 87.268394	 87.268372	
        99	 98.807343	 98.614753	 98.422299	 98.230047	 98.038064	 97.846418	 97.655174	   97.4644	  97.27416	  97.08452	 96.895544	 96.707296	 96.519838	 96.333233	 96.147542	 95.962825	 95.779143	 95.596552	  95.41511	 95.234874	 95.055897	 94.878234	 94.701937	 94.527056	 94.353641	  94.18174	 94.011399	 93.842664	 93.675578	 93.510183	  93.34652	 93.184626	 93.024539	 92.866294	 92.709925	 92.555464	 92.402941	 92.252385	 92.103822	 91.957277	 91.812774	 91.670334	 91.529977	 91.391721	 91.255582	 91.121575	 90.989713	 90.860006	 90.732465	 90.607097	 90.483909	 90.362904	 90.244086	 90.127457	 90.013015	 89.900761	 89.790689	 89.682796	 89.577076	  89.47352	 89.372122	 89.272869	 89.175752	 89.080756	  88.98787	 88.897077	 88.808361	 88.721706	 88.637093	 88.554502	 88.473915	  88.39531	 88.318665	 88.243957	 88.171163	 88.100259	  88.03122	  87.96402	 87.898633	 87.835034	 87.773193	 87.713085	 87.654681	 87.597952	  87.54287	 87.489406	  87.43753	 87.387213	 87.338426	 87.291137	 87.245318	 87.200938	 87.157967	 87.116374	 87.076131	 87.037206	 86.999569	 86.963192	 86.928043	 86.894094	 86.861315	 86.829676	 86.799149	 86.769705	 86.741315	 86.713952	 86.687587	 86.662193	 86.637743	  86.61421	 86.591567	 86.569789	 86.548849	 86.528723	 86.509386	 86.490813	  86.47298	 86.455864	 86.439442	 86.423691	 86.408589	 86.394115	 86.380246	 86.366963	 86.354246	 86.342074	 86.330427	 86.319289	 86.308639	  86.29846	 86.288735	 86.279446	 86.270578	 86.262114	 86.254038	 86.246336	 86.238993	 86.231994	 86.225326	 86.218975	 86.212929	 86.207175	   86.2017	 86.196493	 86.191543	 86.186839	  86.18237	 86.178125	 86.174096	 86.170272	 86.166645	 86.163205	 86.159944	 86.156855	 86.153928	 86.151157	 86.148534	 86.146053	 86.143706	 86.141488	 86.139391	 86.137411	 86.135542	 86.133778	 86.132115	 86.130546	 86.129068	 86.127677	 86.126367	 86.125135	 86.123977	 86.122889	 86.121868	  86.12091	 86.120013	 86.119173	 86.118388	 86.117654	  86.11697	 86.116333	 86.115741	 86.115191	 86.114682	 86.114212	 86.113779	 86.113382	  86.11302	  86.11269	 86.112392	 86.112124	 86.111886	 86.111677	 86.111495	 86.111341	 86.111213	 86.111112	 86.111036	 86.110985	  86.11096	
        99	 98.790109	 98.580292	 98.370622	 98.161172	 97.952017	 97.743227	 97.534877	 97.327037	  97.11978	 96.913176	 96.707296	 96.502208	 96.297982	 96.094684	 95.892383	 95.691143	  95.49103	 95.292106	 95.094434	 94.898075	 94.703088	 94.509533	 94.317465	 94.126941	 93.938013	 93.750735	 93.565157	 93.381329	 93.199297	 93.019107	 92.840803	 92.664427	  92.49002	  92.31762	 92.147263	 91.978985	 91.812819	 91.648795	 91.486943	 91.327289	  91.16986	 91.014678	 90.861766	 90.711143	 90.562826	 90.416831	 90.273174	 90.131865	 89.992915	 89.856332	 89.722124	 89.590296	  89.46085	 89.333787	 89.209109	 89.086813	 88.966895	 88.849351	 88.734173	 88.621355	 88.510886	 88.402755	  88.29695	 88.193457	 88.092261	 87.993347	 87.896695	 87.802288	 87.710106	 87.620128	 87.532333	 87.446696	 87.363195	 87.281804	 87.202498	 87.125252	 87.050037	 86.976826	  86.90559	 86.836301	  86.76893	 86.703445	 86.639816	 86.578013	 86.518004	 86.459757	 86.403241	 86.348423	 86.295271	 86.243752	 86.193834	 86.145484	 86.098669	 86.053356	 86.009513	 85.967106	 85.926103	 85.886472	 85.848179	 85.811193	 85.775481	 85.741012	 85.707754	 85.675677	 85.644747	 85.614936	 85.586213	 85.558548	 85.531911	 85.506272	 85.481604	 85.457878	 85.435065	 85.413139	 85.392071	 85.371837	 85.352409	 85.333762	 85.315871	 85.298711	 85.282258	 85.266489	  85.25138	 85.236909	 85.223054	 85.209793	 85.197105	  85.18497	 85.173367	 85.162278	 85.151683	 85.141563	 85.131902	  85.12268	 85.113882	 85.105491	 85.097491	 85.089866	 85.082602	 85.075683	 85.069096	 85.062827	 85.056863	  85.05119	 85.045797	 85.040672	 85.035803	 85.031179	 85.026789	 85.022623	 85.018672	 85.014924	 85.011372	 85.008006	 85.004817	 85.001798	 84.998941	 84.996237	 84.993681	 84.991264	  84.98898	 84.986823	 84.984787	 84.982865	 84.981052	 84.979344	 84.977734	 84.976218	 84.974791	 84.973448	 84.972187	 84.971001	 84.969889	 84.968846	 84.967868	 84.966953	 84.966098	 84.965299	 84.964553	 84.963859	 84.963214	 84.962615	 84.962061	 84.961549	 84.961077	 84.960645	 84.960249	  84.95989	 84.959565	 84.959274	 84.959014	 84.958786	 84.958589	  84.95842	 84.958281	 84.958171	 84.958088	 84.958033	 84.958006	
        99	 98.772948	 98.545976	 98.319162	 98.092588	 97.866331	  97.64047	 97.415084	 97.190251	 96.966048	 96.742552	 96.519838	 96.297982	 96.077057	 95.857138	 95.638296	 95.420602	 95.204127	 94.988938	 94.775104	  94.56269	 94.351761	  94.14238	 93.934608	 93.728506	 93.524131	 93.321541	  93.12079	 92.921931	 92.725015	 92.530092	  92.33721	 92.146413	 91.957746	  91.77125	 91.586965	 91.404928	 91.225175	  91.04774	 90.872654	 90.699947	 90.529646	 90.361777	 90.196362	 90.033423	 89.872979	 89.715048	 89.559645	 89.406782	 89.256471	 89.108721	  88.96354	 88.820933	 88.680902	 88.543451	 88.408579	 88.276283	 88.146561	 88.019406	 87.894811	 87.772768	 87.653267	 87.536295	 87.421839	 87.309885	 87.200415	 87.093413	 86.988859	 86.886733	 86.787014	 86.689679	 86.594705	 86.502066	 86.411738	 86.323692	 86.237902	  86.15434	 86.072975	 85.993778	 85.916718	 85.841764	 85.768884	 85.698045	 85.629213	 85.562357	 85.497441	 85.434432	 85.373295	 85.313995	 85.256498	 85.200767	 85.146767	 85.094464	 85.043821	 84.994803	 84.947375	 84.901501	 84.857146	 84.814274	  84.77285	  84.73284	 84.694208	 84.656921	 84.620944	 84.586243	 84.552785	 84.520537	 84.489465	 84.459538	 84.430723	 84.402988	 84.376303	 84.350637	 84.325959	  84.30224	  84.27945	 84.257561	 84.236545	 84.216373	 84.197019	 84.178456	 84.160658	   84.1436	 84.127255	 84.111601	 84.096613	 84.082268	 84.068542	 84.055415	 84.042864	 84.030868	 84.019406	 84.008459	 83.998008	 83.988033	 83.978515	 83.969438	 83.960784	 83.952536	 83.944677	 83.937193	 83.930067	 83.923286	 83.916834	 83.910697	 83.904864	 83.899319	 83.894052	  83.88905	 83.884301	 83.879795	  83.87552	 83.871466	 83.867623	 83.863982	 83.860533	 83.857267	 83.854176	 83.851251	 83.848486	 83.845871	 83.843401	 83.841067	 83.838864	 83.836786	 83.834825	 83.832977	 83.831235	 83.829595	 83.828051	 83.826599	 83.825234	 83.823952	 83.822749	  83.82162	 83.820563	 83.819573	 83.818647	 83.817783	 83.816977	 83.816226	 83.815528	  83.81488	  83.81428	 83.813726	 83.813216	 83.812749	 83.812321	 83.811932	 83.811581	 83.811266	 83.810985	 83.810738	 83.810524	 83.810342	 83.810192	 83.810072	 83.809983	 83.809923	 83.809894	
        99	 98.755865	 98.511815	 98.267937	 98.024315	 97.781034	  97.53818	 97.295837	 97.054087	 96.813016	 96.572703	 96.333233	 96.094684	 95.857138	 95.620672	 95.385364	 95.151292	 94.918529	  94.68715	 94.457227	 94.228831	 94.002032	 93.776897	 93.553493	 93.331884	 93.112132	 92.894299	 92.678444	 92.464623	 92.252892	 92.043303	 91.835908	 91.630756	 91.427894	 91.227366	 91.029215	 90.833482	 90.640205	  90.44942	 90.261161	 90.075459	 89.892345	 89.711845	 89.533985	 89.358786	 89.186271	 89.016457	 88.849362	 88.684997	 88.523377	 88.364511	 88.208407	  88.05507	 87.904504	 87.756711	 87.611691	 87.469441	 87.329959	 87.193237	 87.059268	 86.928042	  86.79955	 86.673777	  86.55071	 86.430332	 86.312626	 86.197573	 86.085152	 85.975343	 85.868121	 85.763463	 85.661343	 85.561734	 85.464609	 85.369939	 85.277695	 85.187845	 85.100358	 85.015203	 84.932345	 84.851751	 84.773388	 84.697218	 84.623209	 84.551322	 84.481522	 84.413772	 84.348035	 84.284274	  84.22245	 84.162526	 84.104464	 84.048225	 83.993772	 83.941066	  83.89007	 83.840744	 83.793051	 83.746953	 83.702413	 83.659393	 83.617854	 83.577762	 83.539078	 83.501766	 83.465791	 83.431116	 83.397707	 83.365528	 83.334545	 83.304723	  83.27603	 83.248433	 83.221898	 83.196395	  83.17189	 83.148355	 83.125757	 83.104068	 83.083258	 83.063298	 83.044161	 83.025819	 83.008245	 82.991413	 82.975297	 82.959872	 82.945114	 82.930999	 82.917503	 82.904605	 82.892281	 82.880511	 82.869273	 82.858547	 82.848314	 82.838554	 82.829248	 82.820379	  82.81193	 82.803882	  82.79622	 82.788928	 82.781991	 82.775393	  82.76912	 82.763159	 82.757496	 82.752117	 82.747011	 82.742166	 82.737569	  82.73321	 82.729078	 82.725163	 82.721454	 82.717942	 82.714619	 82.711474	 82.708501	 82.705689	 82.703033	 82.700524	 82.698156	  82.69592	 82.693812	 82.691825	 82.689952	 82.688188	 82.686529	 82.684967	   82.6835	 82.682121	 82.680827	 82.679614	 82.678477	 82.677413	 82.676417	 82.675488	 82.674621	 82.673814	 82.673063	 82.672366	 82.671722	 82.671126	 82.670578	 82.670075	 82.669615	 82.669197	 82.668819	  82.66848	 82.668178	 82.667913	 82.667683	 82.667488	 82.667326	 82.667197	 82.667101	 82.667037	 82.667005	
        99	 98.738865	 98.477822	 98.216962	 97.956376	 97.696156	 97.436392	 97.177173	 96.918591	 96.660733	 96.403687	 96.147542	 95.892383	 95.638296	 95.385364	 95.133672	   94.8833	  94.63433	  94.38684	 94.140907	 93.896608	 93.654016	 93.413205	 93.174245	 92.937205	 92.702152	 92.469151	 92.238265	 92.009555	  91.78308	 91.558898	 91.337062	 91.117625	 90.900637	 90.686146	 90.474198	 90.264836	   90.0581	 89.854031	 89.652663	 89.454031	 89.258166	 89.065097	 88.874852	 88.687455	 88.502927	 88.321289	 88.142558	 87.966749	 87.793875	 87.623947	 87.456972	 87.292958	 87.131908	 86.973824	 86.818706	 86.666552	 86.517357	 86.371114	 86.227817	 86.087454	 85.950015	 85.815484	 85.683847	 85.555087	 85.429185	 85.306121	 85.185872	 85.068417	 84.953729	 84.841783	 84.732552	 84.626008	  84.52212	 84.420858	 84.322191	 84.226085	 84.132506	 84.041421	 83.952794	 83.866588	 83.782768	 83.701295	 83.622132	 83.545239	 83.470579	 83.398112	 83.327798	 83.259596	 83.193467	 83.129371	 83.067266	 83.007111	 82.948866	 82.892491	 82.837943	 82.785183	 82.734169	 82.684862	  82.63722	 82.591204	 82.546773	 82.503889	 82.462511	 82.422602	 82.384122	 82.347032	 82.311297	 82.276877	 82.243736	 82.211838	 82.181147	 82.151628	 82.123246	 82.095967	 82.069756	 82.044581	  82.02041	 81.997211	 81.974951	 81.953602	 81.933132	 81.913513	 81.894715	 81.876711	 81.859473	 81.842975	 81.827189	 81.812091	 81.797656	 81.783859	 81.770677	 81.758087	 81.746067	 81.734594	 81.723648	 81.713208	 81.703255	 81.693769	 81.684731	 81.676123	 81.667927	 81.660128	 81.652707	  81.64565	  81.63894	 81.632564	 81.626506	 81.620753	 81.615292	 81.610109	 81.605192	  81.60053	  81.59611	 81.591922	 81.587955	 81.584199	 81.580644	 81.577281	   81.5741	 81.571093	 81.568252	 81.565568	 81.563034	 81.560643	 81.558388	 81.556263	 81.554259	 81.552373	 81.550598	 81.548928	 81.547358	 81.545884	   81.5445	 81.543202	 81.541985	 81.540847	 81.539782	 81.538788	 81.537861	 81.536997	 81.536194	 81.535449	  81.53476	 81.534123	 81.533536	 81.532998	 81.532506	 81.532059	 81.531655	 81.531292	  81.53097	 81.530686	  81.53044	 81.530231	 81.530058	  81.52992	 81.529817	 81.529749	 81.529715	
        99	 98.721955	 98.444008	 98.166255	 97.888795	 97.611723	 97.335137	 97.059133	 96.783805	 96.509249	 96.235558	 95.962825	 95.691143	 95.420602	 95.151292	   94.8833	 94.616715	 94.351622	 94.088105	 93.826247	 93.566128	 93.307827	 93.051421	 92.796987	 92.544597	 92.294322	 92.046233	 91.800395	 91.556875	 91.315735	 91.077035	 90.840833	 90.607186	 90.376147	 90.147766	 89.922093	 89.699173	  89.47905	 89.261766	 89.047358	 88.835863	 88.627314	 88.421743	 88.219178	 88.019646	 87.823169	 87.629768	 87.439463	 87.252269	   87.0682	 86.887268	 86.709481	 86.534846	 86.363367	 86.195046	 86.029883	 85.867875	 85.709019	 85.553306	 85.400729	 85.251277	 85.104937	 84.961695	 84.821534	 84.684436	 84.550381	 84.419347	 84.291312	  84.16625	 84.044135	  83.92494	 83.808636	 83.695192	 83.584577	 83.476757	   83.3717	 83.269371	 83.169733	 83.072749	 82.978383	 82.886595	 82.797346	 82.710597	 82.626308	 82.544436	 82.464941	 82.387781	 82.312914	 82.240296	 82.169885	 82.101637	  82.03551	  81.97146	 81.909444	 81.849417	 81.791337	 81.735161	 81.680843	 81.628343	 81.577616	  81.52862	 81.481312	 81.435651	 81.391594	   81.3491	 81.308128	 81.268637	 81.230587	 81.193938	 81.158652	 81.124688	  81.09201	 81.060579	 81.030359	 81.001313	 80.973405	   80.9466	 80.920864	 80.896162	 80.872461	 80.849729	 80.827934	 80.807044	 80.787029	 80.767859	 80.749505	 80.731938	  80.71513	 80.699054	 80.683684	 80.668994	 80.654959	 80.641553	 80.628754	 80.616539	 80.604884	 80.593768	 80.583171	  80.57307	 80.563447	 80.554281	 80.545555	 80.537251	 80.529349	 80.521835	 80.514691	 80.507902	 80.501452	 80.495326	 80.489511	 80.483992	 80.478757	 80.473793	 80.469087	 80.464628	 80.460404	 80.456405	  80.45262	 80.449038	 80.445652	  80.44245	 80.439425	 80.436567	  80.43387	 80.431324	 80.428923	 80.426659	 80.424526	 80.422518	 80.420628	 80.418849	 80.417178	 80.415608	 80.414135	 80.412753	 80.411458	 80.410245	 80.409112	 80.408053	 80.407066	 80.406146	 80.405292	 80.404498	 80.403764	 80.403086	 80.402461	 80.401888	 80.401365	 80.400889	 80.400458	 80.400072	 80.399729	 80.399426	 80.399165	 80.398942	 80.398758	 80.398611	 80.398502	 80.398429	 80.398392	
        99	 98.705139	 98.410382	 98.115832	 97.821591	 97.527763	 97.234449	 96.941753	 96.649774	 96.358613	  96.06837	 95.779143	  95.49103	 95.204127	 94.918529	  94.63433	 94.351622	 94.070497	 93.791043	 93.513348	 93.237497	 92.963574	 92.691662	  92.42184	 92.154186	 91.888775	 91.625681	 91.364976	 91.106729	 90.851004	 90.597868	 90.347382	 90.099604	 89.854592	 89.612399	 89.373078	 89.136676	 88.903241	 88.672815	  88.44544	 88.221154	 87.999993	  87.78199	 87.567174	 87.355574	 87.147214	 86.942117	 86.740303	 86.541788	 86.346587	 86.154712	 85.966173	 85.780976	 85.599126	 85.420625	 85.245474	 85.073668	 84.905204	 84.740075	  84.57827	  84.41978	 84.264589	 84.112684	 83.964046	 83.818657	 83.676494	 83.537536	 83.401757	 83.269132	 83.139632	 83.013228	  82.88989	 82.769585	  82.65228	  82.53794	 82.426529	 82.318011	 82.212347	 82.109498	 82.009424	 81.912085	 81.817439	 81.725444	 81.636057	 81.549234	 81.464931	 81.383105	 81.303709	 81.226699	  81.15203	 81.079655	 81.009529	 80.941605	 80.875838	 80.812182	 80.750589	 80.691015	 80.633412	 80.577737	 80.523942	 80.471983	 80.421814	 80.373391	  80.32667	 80.281606	 80.238156	 80.196277	 80.155925	  80.11706	 80.079639	 80.043622	 80.008967	 79.975636	 79.943588	 79.912785	 79.883189	 79.854763	 79.827471	 79.801275	 79.776141	 79.752034	 79.728921	 79.706768	 79.685542	 79.665213	 79.645748	 79.627119	 79.609295	 79.592247	 79.575947	 79.560368	 79.545484	 79.531268	 79.517695	 79.504741	 79.492381	 79.480593	 79.469354	 79.458643	 79.448438	 79.438718	 79.429464	 79.420657	 79.412278	 79.404309	 79.396733	 79.389534	 79.382693	 79.376197	  79.37003	 79.364178	 79.358626	 79.353362	 79.348371	 79.343642	 79.339163	 79.334922	 79.330908	  79.32711	 79.323518	 79.320123	 79.316915	 79.313885	 79.311024	 79.308324	 79.305778	 79.303378	 79.301116	 79.298986	 79.296981	 79.295095	 79.293323	 79.291658	 79.290095	  79.28863	 79.287257	 79.285971	 79.284769	 79.283646	 79.282599	 79.281624	 79.280718	 79.279876	 79.279098	 79.278378	 79.277716	 79.277109	 79.276553	 79.276049	 79.275592	 79.275183	 79.274818	 79.274498	  79.27422	 79.273984	 79.273788	 79.273633	 79.273517	  79.27344	 79.273401	
