Time step 66:
        99	        99	        99	        99	        99	        99	        99	        99	        99	        99	        99	        99	        99	        99	        99	        99	        99	        99	        99	        99	        99	        99	        99	        99	        99	        99	        99	        99	        99	        99	        99	        99	        99	        99	        99	        99	        99	        99	        99	        99	        99	        99	        99	        99	        99	        99	        99	        99	        99	        99	        99	        99	        99	        99	        99	        99	        99	        99	        99	        99	        99	        99	        99	        99	        99	        99	        99	        99	        99	        99	        99	        99	        99	        99	        99	        99	        99	        99	        99	        99	        99	        99	        99	        99	        99	        99	        99	        99	        99	        99	        99	        99	        99	        99	        99	        99	        99	        99	        99	        99	        99	        99	        99	        99	        99	        99	        99	        99	        99	        99	        99	        99	        99	        99	        99	        99	        99	        99	        99	        99	        99	        99	        99	        99	        99	        99	        99	        99	        99	        99	        99	        99	        99	        99	        99	        99	        99	        99	        99	        99	        99	        99	        99	        99	        99	        99	        99	        99	        99	        99	        99	        99	        99	        99	        99	        99	        99	        99	        99	        99	        99	        99	        99	        99	        99	        99	        99	        99	        99	        99	        99	        99	        99	        99	        99	        99	        99	        99	        99	        99	        99	        99	        99	        99	        99	        99	        99	        99	        99	        99	        99	        99	        99	        99	        99	        99	        99	        99	        99	        99	
        99	 98.990379	  98.98076	 98.971145	 98.961536	 98.951933	  98.94234	 98.932758	 98.923189	 98.913634	 98.904096	 98.894576	 98.885076	 98.875598	 98.866143	 98.856714	 98.847312	 98.837938	 98.828595	 98.819284	 98.810006	 98.800765	  98.79156	 98.782394	 98.773268	 98.764184	 98.755143	 98.746147	 98.737198	 98.728296	 98.719444	 98.710642	 98.701892	 98.693196	 98.684554	 98.675969	  98.66744	 98.658971	 98.650561	 98.642212	 98.633925	 98.625701	 98.617541	 98.609447	 98.601419	 98.593458	 98.585566	 98.577743	 98.569989	 98.562307	 98.554696	 98.547158	 98.539693	 98.532302	 98.524986	 98.517744	 98.510579	  98.50349	 98.496477	 98.489542	 98.482685	 98.475907	 98.469206	 98.462585	 98.456044	 98.449581	 98.443199	 98.436897	 98.430675	 98.424534	 98.418473	 98.412493	 98.406593	 98.400774	 98.395036	 98.389379	 98.383802	 98.378306	  98.37289	 98.367554	 98.362299	 98.357123	 98.352027	  98.34701	 98.342073	 98.337214	 98.332434	 98.327731	 98.323107	 98.318559	 98.314089	 98.309695	 98.305376	 98.301134	 98.296966	 98.292872	 98.288853	 98.284906	 98.281032	 98.277231	 98.273501	 98.269841	 98.266252	 98.262732	 98.259281	 98.255899	 98.252583	 98.249335	 98.246152	 98.243035	 98.239982	 98.236994	 98.234068	 98.231204	 98.228402	 98.225661	  98.22298	 98.220358	 98.217794	 98.215288	 98.212839	 98.210446	 98.208108	 98.205824	 98.203594	 98.201417	 98.199292	 98.197218	 98.195194	  98.19322	 98.191295	 98.189418	 98.187587	 98.185804	 98.184066	 98.182373	 98.180724	 98.179118	 98.177555	 98.176034	 98.174553	 98.173113	 98.171713	 98.170351	 98.169028	 98.167742	 98.166492	 98.165279	 98.164101	 98.162957	 98.161848	 98.160772	 98.159728	 98.158717	 98.157737	 98.156787	 98.155868	 98.154979	 98.154118	 98.153286	 98.152481	 98.151704	 98.150954	  98.15023	 98.149532	 98.148859	 98.148211	 98.147587	 98.146987	  98.14641	 98.145856	 98.145325	 98.144815	 98.144328	 98.143862	 98.143417	 98.142992	 98.142588	 98.142203	 98.141838	 98.141493	 98.141166	 98.140859	  98.14057	 98.140299	 98.140046	 98.139811	 98.139594	 98.139394	 98.139211	 98.139045	 98.138897	 98.138765	  98.13865	 98.138552	  98.13847	 98.138404	 98.138355	 98.138323	 98.138306	
        99	  98.98076	 98.961525	 98.942296	 98.923079	 98.903876	 98.884692	 98.865529	 98.846392	 98.827285	  98.80821	 98.789172	 98.770174	  98.75122	 98.732312	 98.713455	 98.694652	 98.675907	 98.657222	 98.638602	 98.620049	 98.601567	  98.58316	 98.564829	 98.546579	 98.528413	 98.510333	 98.492343	 98.474446	 98.456644	 98.438941	 98.421339	 98.403841	  98.38645	 98.369169	 98.351999	 98.334944	 98.318007	 98.301188	 98.284492	 98.267919	 98.251473	 98.235156	 98.218969	 98.202914	 98.186994	 98.171211	 98.155566	 98.140061	 98.124698	 98.109478	 98.094403	 98.079474	 98.064694	 98.050062	 98.035581	 98.021251	 98.007074	 97.993051	 97.979182	  97.96547	 97.951913	 97.938514	 97.925274	 97.912191	 97.899268	 97.886505	 97.873902	 97.861459	 97.849178	 97.837057	 97.825098	   97.8133	 97.801663	 97.790188	 97.778874	 97.767722	  97.75673	   97.7459	  97.73523	  97.72472	 97.714369	 97.704178	 97.694146	 97.684272	 97.674555	 97.664995	 97.655591	 97.646343	 97.637249	 97.628309	 97.619521	 97.610886	 97.602401	 97.594066	  97.58588	 97.577841	 97.569949	 97.562202	   97.5546	  97.54714	 97.539822	 97.532644	 97.525605	 97.518704	  97.51194	  97.50531	 97.498813	 97.492449	 97.486215	  97.48011	 97.474133	 97.468282	 97.462556	 97.456953	 97.451471	 97.446109	 97.440865	 97.435738	 97.430727	 97.425829	 97.421043	 97.416367	   97.4118	 97.407341	 97.402987	 97.398737	 97.394589	 97.390542	 97.386594	 97.382744	  97.37899	  97.37533	 97.371763	 97.368288	 97.364902	 97.361604	 97.358393	 97.355267	 97.352225	 97.349264	 97.346385	 97.343584	 97.340861	 97.338214	 97.335643	 97.333144	 97.330717	 97.328362	 97.326075	 97.323856	 97.321704	 97.319617	 97.317594	 97.315634	 97.313736	 97.311898	 97.310119	 97.308398	 97.306734	 97.305125	 97.303571	 97.302071	 97.300623	 97.299227	 97.297881	 97.296584	 97.295337	 97.294136	 97.292983	 97.291875	 97.290813	 97.289795	  97.28882	 97.287887	 97.286997	 97.286148	 97.285339	  97.28457	 97.283841	  97.28315	 97.282497	 97.281882	 97.281304	 97.280762	 97.280256	 97.279786	 97.279352	 97.278952	 97.278587	 97.278256	 97.277958	 97.277695	 97.277465	 97.277268	 97.277104	 97.276973	 97.276875	  97.27681	 97.276778	
        99	 98.971145	 98.942296	 98.913458	 98.884636	 98.855837	 98.827065	 98.798326	 98.769625	 98.740969	 98.712361	 98.683809	 98.655316	 98.626889	 98.598532	 98.570251	 98.542051	 98.513938	 98.485916	  98.45799	 98.430165	 98.402446	 98.374839	 98.347348	 98.319977	 98.292732	 98.265617	 98.238636	 98.211794	 98.185096	 98.158546	 98.132147	 98.105905	 98.079822	 98.053904	 98.028154	 98.002576	 97.977173	 97.951949	 97.926909	 97.902054	 97.877389	 97.852916	  97.82864	 97.804562	 97.780686	 97.757015	 97.733551	 97.710297	 97.687256	  97.66443	 97.641821	 97.619432	 97.597264	  97.57532	 97.553602	 97.532111	 97.510848	 97.489817	 97.469018	 97.448452	 97.428121	 97.408025	 97.388167	 97.368547	 97.349166	 97.330024	 97.311122	 97.292461	 97.274041	 97.255863	 97.237927	 97.220233	 97.202781	 97.185571	 97.168603	 97.151877	 97.135393	  97.11915	 97.103147	 97.087384	 97.071861	 97.056577	 97.041531	 97.026722	 97.012149	 96.997812	 96.983708	 96.969838	 96.956199	 96.942791	 96.929612	 96.916661	 96.903936	 96.891435	 96.879158	 96.867102	 96.855266	 96.843647	 96.832245	 96.821057	 96.810082	 96.799317	 96.788761	 96.778411	 96.768265	 96.758322	 96.748579	 96.739034	 96.729684	 96.720529	 96.711565	  96.70279	 96.694201	 96.685798	 96.677576	 96.669535	  96.66167	 96.653981	 96.646465	 96.639119	 96.631942	 96.624929	  96.61808	 96.611392	 96.604862	 96.598488	 96.592267	 96.586198	 96.580277	 96.574503	 96.568873	 96.563384	 96.558035	 96.552822	 96.547744	 96.542798	 96.537982	 96.533294	 96.528731	 96.524291	 96.519972	 96.515772	 96.511688	 96.507719	 96.503862	 96.500115	 96.496475	 96.492942	 96.489513	 96.486185	 96.482957	 96.479828	 96.476794	 96.473854	 96.471007	  96.46825	 96.465582	 96.463001	 96.460505	 96.458093	 96.455762	 96.453512	 96.451341	 96.449247	 96.447228	 96.445284	 96.443413	 96.441613	 96.439883	 96.438222	 96.436628	 96.435101	 96.433638	  96.43224	 96.430905	 96.429631	 96.428419	 96.427266	 96.426172	 96.425135	 96.424156	 96.423234	 96.422366	 96.421554	 96.420796	 96.420091	 96.419439	 96.418839	 96.418291	 96.417795	 96.417349	 96.416954	 96.416609	 96.416314	 96.416068	 96.415872	 96.415725	 96.415627	 96.415578	
        99	 98.961536	 98.923079	 98.884636	 98.846216	 98.807825	 98.769471	 98.731161	 98.692902	 98.654702	 98.616567	 98.578506	 98.540524	 98.502629	 98.464829	 98.427129	 98.389538	 98.352062	 98.314707	 98.277481	 98.240389	  98.20344	 98.166638	 98.129991	 98.093505	 98.057186	 98.021041	 97.985075	 97.949294	 97.913704	 97.878311	 97.843121	 97.808139	  97.77337	  97.73882	 97.704494	 97.670398	 97.636535	 97.602911	 97.569531	 97.536398	 97.503519	 97.470896	 97.438535	 97.406438	 97.374611	 97.343056	 97.311778	  97.28078	 97.250065	 97.219637	 97.189499	 97.159653	 97.130103	 97.100851	 97.071899	 97.043251	 97.014908	 96.986872	 96.959146	 96.931731	 96.904629	 96.877841	 96.851369	 96.825215	 96.799378	 96.773862	 96.748665	 96.723789	 96.699235	 96.675003	 96.651094	 96.627507	 96.604243	 96.581302	 96.558683	 96.536386	 96.514412	 96.492759	 96.471427	 96.450415	 96.429722	 96.409348	 96.389291	  96.36955	 96.350124	 96.331011	 96.312211	 96.293721	 96.275541	 96.257667	 96.240099	 96.222834	 96.205871	 96.189208	 96.172841	  96.15677	 96.140992	 96.125505	 96.110305	 96.095391	 96.080761	 96.066411	 96.052339	 96.038542	 96.025017	 96.011763	 95.998775	 95.986051	 95.973588	 95.961383	 95.949434	 95.937736	 95.926288	 95.915085	 95.904126	 95.893406	 95.882923	 95.872673	 95.862654	 95.852862	 95.843293	 95.833946	 95.824815	   95.8159	 95.807195	 95.798698	 95.790406	 95.782315	 95.774423	 95.766725	  95.75922	 95.751903	 95.744772	 95.737824	 95.731055	 95.724462	 95.718042	 95.711792	  95.70571	 95.699792	 95.694034	 95.688435	 95.682991	   95.6777	 95.672558	 95.667563	 95.662712	 95.658002	  95.65343	 95.648994	 95.644692	  95.64052	 95.636476	 95.632557	 95.628762	 95.625087	  95.62153	 95.618089	 95.614762	 95.611547	  95.60844	 95.605441	 95.602546	 95.599754	 95.597064	 95.594472	 95.591977	 95.589578	 95.587272	 95.585057	 95.582933	 95.580897	 95.578948	 95.577084	 95.575304	 95.573606	  95.57199	 95.570453	 95.568994	 95.567613	 95.566308	 95.565078	 95.563922	 95.562839	 95.561828	 95.560889	  95.56002	  95.55922	  95.55849	 95.557828	 95.557234	 95.556707	 95.556247	 95.555854	 95.555526	 95.555265	 95.555069	 95.554938	 95.554873	
        99	 98.951933	 98.903876	 98.855837	 98.807825	 98.759851	 98.711922	 98.664048	 98.616238	 98.568501	 98.520847	 98.473283	  98.42582	 98.378465	 98.331228	 98.284117	 98.237142	 98.190309	 98.143629	  98.09711	 98.050759	 98.004585	 97.958597	 97.912801	 97.867207	 97.821821	 97.776652	 97.731707	 97.686994	 97.642519	 97.598291	 97.554316	 97.510601	 97.467152	 97.423977	 97.381082	 97.338474	 97.296157	  97.25414	 97.212426	 97.171023	 97.129935	 97.089168	 97.048728	 97.008619	 96.968846	 96.929414	 96.890328	 96.851591	 96.813209	 96.775185	 96.737523	 96.700226	 96.663299	 96.626744	 96.590565	 96.554765	 96.519346	 96.484312	 96.449664	 96.415405	 96.381537	 96.348062	 96.314982	 96.282298	 96.250012	 96.218125	 96.186638	 96.155553	 96.124869	 96.094588	 96.064709	 96.035234	 96.006162	 95.977494	 95.949229	 95.921366	 95.893906	 95.866847	  95.84019	 95.813932	 95.788074	 95.762613	 95.737549	  95.71288	 95.688605	 95.664721	 95.641227	 95.618122	 95.595402	 95.573067	 95.551113	 95.529538	 95.508341	 95.487517	 95.467065	 95.446982	 95.427265	 95.407911	 95.388917	  95.37028	 95.351997	 95.334065	  95.31648	 95.299239	 95.282338	 95.265774	 95.249544	 95.233644	  95.21807	 95.202818	 95.187886	 95.173268	 95.158962	 95.144963	 95.131267	 95.117871	 95.104771	 95.091963	 95.079442	 95.067205	 95.055248	 95.043567	 95.032157	 95.021016	 95.010138	  94.99952	 94.989158	 94.979047	 94.969185	 94.959566	 94.950187	 94.941044	 94.932133	 94.923449	  94.91499	 94.906751	 94.898729	 94.890919	 94.883318	 94.875923	 94.868728	 94.861731	 94.854928	 94.848316	 94.841891	 94.835648	 94.829586	   94.8237	 94.817987	 94.812444	 94.807068	 94.801854	   94.7968	 94.791904	 94.787161	 94.782568	 94.778124	 94.773824	 94.769667	 94.765648	 94.761766	 94.758018	 94.754401	 94.750912	  94.74755	 94.744311	 94.741193	 94.738195	 94.735313	 94.732546	 94.729891	 94.727347	 94.724911	 94.722582	 94.720358	 94.718236	 94.716216	 94.714295	 94.712473	 94.710747	 94.709116	 94.707579	 94.706134	 94.704781	 94.703518	 94.702344	 94.701258	 94.700259	 94.699346	 94.698519	 94.697777	 94.697118	 94.696544	 94.696052	 94.695643	 94.695316	 94.695071	 94.694908	 94.694826	
        99	  98.94234	 98.884692	 98.827065	 98.769471	 98.711922	 98.654427	 98.596999	 98.539647	 98.482383	 98.425218	 98.368161	 98.311225	 98.254419	 98.197755	 98.141242	 98.084891	 98.028712	 97.972715	 97.916911	  97.86131	 97.805921	 97.750754	 97.695818	 97.641124	 97.586681	 97.532497	 97.478582	 97.424945	 97.371594	 97.318539	 97.265787	 97.213347	 97.161227	 97.109436	  97.05798	 97.006867	 96.956105	 96.905702	 96.855663	 96.805996	 96.756708	 96.707806	 96.659294	  96.61118	 96.563469	 96.516168	 96.469281	 96.422813	  96.37677	 96.331157	 96.285978	 96.241238	 96.196941	 96.153091	 96.109691	 96.066746	 96.024258	 95.982232	 95.940669	 95.899572	 95.858945	 95.818789	 95.779107	   95.7399	 95.701171	  95.66292	 95.625149	 95.587859	 95.551052	 95.514727	 95.478886	 95.443528	 95.408654	 95.374264	 95.340357	 95.306934	 95.273993	 95.241534	 95.209556	 95.178059	 95.147039	 95.116497	 95.086431	 95.056838	 95.027718	 94.999068	 94.970885	 94.943168	 94.915914	 94.889121	 94.862786	 94.836905	 94.811477	 94.786497	 94.761964	 94.737873	  94.71422	 94.691004	 94.668219	 94.645863	 94.623931	  94.60242	 94.581325	 94.560643	 94.540369	   94.5205	  94.50103	 94.481956	 94.463274	 94.444979	 94.427066	 94.409531	 94.392369	 94.375576	 94.359147	 94.343078	 94.327363	 94.311998	 94.296979	   94.2823	 94.267956	 94.253944	 94.240257	 94.226892	 94.213843	 94.201106	 94.188676	 94.176548	 94.164717	 94.153178	 94.141927	 94.130959	  94.12027	 94.109853	 94.099706	 94.089823	 94.080199	 94.070831	 94.061713	 94.052841	 94.044211	 94.035818	 94.027657	 94.019725	 94.012017	 94.004529	 93.997257	 93.990196	 93.983343	 93.976694	 93.970244	  93.96399	 93.957928	 93.952054	 93.946364	 93.940855	 93.935524	 93.930366	 93.925379	 93.920558	 93.915901	 93.911405	 93.907066	 93.902881	 93.898848	 93.894962	 93.891223	 93.887626	 93.884169	  93.88085	 93.877665	 93.874613	 93.871691	 93.868897	 93.866229	 93.863684	 93.861261	 93.858957	  93.85677	   93.8547	 93.852744	   93.8509	 93.849167	 93.847543	 93.846028	  93.84462	 93.843317	 93.842119	 93.841024	 93.840032	 93.839141	 93.838351	 93.837662	 93.837072	 93.836581	 93.836189	 93.835896	   93.8357	 93.835602	
        99	 98.932758	 98.865529	 98.798326	 98.731161	 98.664048	 98.596999	 98.530026	 98.463144	 98.396363	 98.329698	  98.26316	 98.196762	 98.130516	 98.064435	  97.99853	 97.932814	 97.867299	 97.801997	  97.73692	 97.672078	 97.607484	 97.543149	 97.479085	 97.415301	  97.35181	 97.288622	 97.225747	 97.163196	  97.10098	 97.039107	 96.977589	 96.916435	 96.855653	 96.795255	 96.735247	 96.675641	 96.616443	 96.557663	 96.499309	 96.441389	  96.38391	  96.32688	 96.270307	 96.214197	 96.158558	 96.103395	 96.048716	 95.994527	 95.940832	 95.887639	 95.834952	 95.782777	 95.731118	 95.679981	 95.629369	 95.579287	 95.529739	 95.480728	 95.432258	 95.384332	 95.336953	 95.290124	 95.243847	 95.198125	 95.152959	 95.108352	 95.064304	 95.020817	 94.977893	 94.935531	 94.893734	   94.8525	 94.811831	 94.771725	 94.732184	 94.693206	 94.654792	 94.616939	 94.579647	 94.542914	  94.50674	 94.471122	 94.436059	 94.401549	 94.367589	 94.334178	 94.301312	 94.268989	 94.237206	  94.20596	 94.175248	 94.145067	 94.115413	 94.086282	 94.057671	 94.029576	 94.001994	 93.974919	 93.948348	 93.922276	   93.8967	 93.871613	 93.847013	 93.822894	 93.799251	  93.77608	 93.753375	 93.731131	 93.709344	 93.688009	 93.667119	  93.64667	 93.626656	 93.607072	 93.587913	 93.569173	 93.550847	 93.532929	 93.515414	 93.498295	 93.481568	 93.465227	 93.449266	  93.43368	 93.418462	 93.403609	 93.389113	 93.374969	 93.361172	 93.347715	 93.334595	 93.321804	 93.309338	 93.297191	 93.285357	 93.273832	 93.262609	 93.251684	  93.24105	 93.230704	  93.22064	 93.210852	 93.201335	 93.192085	 93.183096	 93.174363	 93.165883	 93.157649	 93.149657	 93.141902	 93.134381	 93.127087	 93.120018	 93.113168	 93.106532	 93.100108	 93.093891	 93.087876	 93.082059	 93.076438	 93.071007	 93.065763	 93.060703	 93.055823	 93.051119	 93.046589	 93.042227	 93.038033	 93.034001	  93.03013	 93.026417	 93.022858	  93.01945	 93.016192	  93.01308	 93.010112	 93.007286	 93.004599	  93.00205	 92.999635	 92.997353	 92.995203	 92.993182	 92.991289	 92.989522	  92.98788	  92.98636	 92.984963	 92.983686	 92.982529	  92.98149	  92.98057	 92.979766	 92.979078	 92.978505	 92.978048	 92.977706	 92.977477	 92.977363	
        99	 98.923189	 98.846392	 98.769625	 98.692902	 98.616238	 98.539647	 98.463144	 98.386743	 98.310459	 98.234306	 98.158299	 98.082452	 98.006778	 97.931293	 97.856009	 97.780942	 97.706103	 97.631508	 97.557169	   97.4831	 97.409313	 97.335823	 97.262641	 97.189781	 97.117254	 97.045073	 96.973251	 96.901798	 96.830727	  96.76005	 96.689777	 96.619919	 96.550488	 96.481494	 96.412947	 96.344858	 96.277236	 96.210091	 96.143432	 96.077269	  96.01161	 95.946465	  95.88184	 95.817746	 95.754188	 95.691175	 95.628715	 95.566813	 95.505478	 95.444715	  95.38453	  95.32493	 95.265919	 95.207504	  95.14969	  95.09248	 95.035881	 94.979895	 94.924527	 94.869781	  94.81566	 94.762166	 94.709304	 94.657075	 94.605481	 94.554526	 94.504209	 94.454534	 94.405501	 94.357111	 94.309365	 94.262263	 94.215806	 94.169994	 94.124825	 94.080301	 94.036419	 93.993179	  93.95058	  93.90862	 93.867298	 93.826611	 93.786558	 93.747137	 93.708344	 93.670178	 93.632635	 93.595712	 93.559406	 93.523713	 93.488631	 93.454154	  93.42028	 93.387004	 93.354321	 93.322228	  93.29072	 93.259792	  93.22944	 93.199658	 93.170442	 93.141785	 93.113684	 93.086132	 93.059125	 93.032656	  93.00672	 92.981311	 92.956424	 92.932051	 92.908189	  92.88483	 92.861968	 92.839597	 92.817711	 92.796305	  92.77537	 92.754902	 92.734894	 92.715339	 92.696232	 92.677565	 92.659333	 92.641529	 92.624146	 92.607178	 92.590619	 92.574462	 92.558702	 92.543331	 92.528343	 92.513732	 92.499492	 92.485616	 92.472098	 92.458932	 92.446113	 92.433632	 92.421486	 92.409667	  92.39817	 92.386989	 92.376118	 92.365552	 92.355284	 92.345309	 92.335621	 92.326215	 92.317086	 92.308228	 92.299636	 92.291305	 92.283229	 92.275404	 92.267825	 92.260486	 92.253384	 92.246513	 92.239869	 92.233447	 92.227244	 92.221254	 92.215474	 92.209899	 92.204526	  92.19935	 92.194368	 92.189577	 92.184972	  92.18055	 92.176308	 92.172242	  92.16835	 92.164627	 92.161073	 92.157683	 92.154454	 92.151385	 92.148473	 92.145714	 92.143108	 92.140652	 92.138343	 92.136181	 92.134162	 92.132286	 92.130551	 92.128954	 92.127496	 92.126174	 92.124988	 92.123936	 92.123017	 92.122232	 92.121578	 92.121056	 92.120664	 92.120404	 92.120273	
        99	 98.913634	 98.827285	 98.740969	 98.654702	 98.568501	 98.482383	 98.396363	 98.310459	 98.224686	 98.139061	 98.053599	 97.968317	  97.88323	 97.798355	 97.713707	 97.629301	 97.545154	 97.461279	 97.377693	  97.29441	 97.211446	 97.128813	 97.046528	 96.964605	 96.883056	 96.801897	  96.72114	   96.6408	 96.560888	 96.481419	 96.402405	 96.323858	  96.24579	 96.168213	  96.09114	 96.014581	 95.938547	  95.86305	   95.7881	 95.713706	  95.63988	 95.566631	 95.493968	   95.4219	 95.350437	 95.279586	 95.209356	 95.139754	 95.070789	 95.002467	 94.934796	 94.867782	 94.801431	  94.73575	 94.670744	 94.606418	 94.542778	 94.479828	 94.417573	 94.356017	 94.295163	 94.235016	 94.175578	 94.116852	 94.058841	 94.001546	 93.944971	 93.889117	 93.833985	 93.779575	  93.72589	 93.672929	 93.620693	 93.569182	 93.518395	 93.468332	 93.418992	 93.370373	 93.322475	 93.275296	 93.228833	 93.183086	 93.138051	 93.093726	 93.050108	 93.007194	  92.96498	 92.923465	 92.882642	  92.84251	 92.803064	 92.764298	  92.72621	 92.688795	 92.652047	 92.615962	 92.580535	  92.54576	 92.511632	 92.478145	 92.445294	 92.413073	 92.381477	 92.350498	 92.320131	 92.290369	 92.261207	 92.232638	 92.204654	  92.17725	 92.150419	 92.124155	 92.098449	 92.073296	 92.048688	 92.024618	  92.00108	 91.978065	 91.955568	 91.933581	 91.912097	 91.891108	 91.870608	 91.850589	 91.831044	 91.811966	 91.793347	  91.77518	 91.757459	 91.740176	 91.723324	 91.706895	 91.690884	 91.675282	 91.660083	 91.645279	 91.630865	 91.616832	 91.603175	 91.589886	 91.576959	 91.564387	 91.552164	 91.540283	 91.528738	 91.517522	 91.506629	 91.496054	 91.485789	 91.475829	 91.466168	   91.4568	  91.44772	 91.438922	 91.430399	 91.422148	 91.414162	 91.406437	 91.398966	 91.391746	  91.38477	 91.378036	 91.371536	 91.365268	 91.359227	 91.353407	 91.347806	 91.342418	  91.33724	 91.332268	 91.327498	 91.322927	  91.31855	 91.314365	 91.310369	 91.306557	 91.302927	 91.299476	 91.296201	   91.2931	 91.290169	 91.287408	 91.284812	  91.28238	 91.280111	 91.278001	  91.27605	 91.274255	 91.272615	 91.271129	 91.269795	 91.268612	 91.267579	 91.266696	 91.265961	 91.265374	 91.264934	  91.26464	 91.264494	
        99	 98.904096	  98.80821	 98.712361	 98.616567	 98.520847	 98.425218	 98.329698	 98.234306	 98.139061	 98.043979	 97.949079	 97.854378	 97.759894	 97.665646	 97.571649	 97.477922	 97.384481	 97.291343	 97.198526	 97.106045	 97.013918	  96.92216	 96.830788	 96.739816	 96.649262	 96.559139	 96.469464	  96.38025	 96.291514	 96.203268	 96.115527	 96.028305	 95.941616	 95.855472	 95.769886	 95.684872	 95.600441	 95.516606	 95.433378	 95.350769	  95.26879	 95.187451	 95.106763	 95.026736	  94.94738	 94.868704	 94.790718	  94.71343	 94.636848	 94.560981	 94.485836	 94.411421	 94.337743	 94.264808	 94.192622	 94.121193	 94.050524	 93.980622	 93.911491	 93.843137	 93.775563	 93.708772	  93.64277	 93.577558	  93.51314	 93.449519	 93.386695	 93.324672	 93.263451	 93.203033	 93.143419	 93.084609	 93.026604	 92.969404	 92.913008	 92.857416	 92.802627	 92.748639	 92.695451	 92.643061	 92.591467	 92.540668	 92.490659	 92.441438	 92.393003	  92.34535	 92.298475	 92.252374	 92.207043	 92.162479	 92.118676	 92.075629	 92.033335	 91.991787	 91.950981	 91.910911	 91.871571	 91.832955	 91.795058	 91.757873	 91.721394	 91.685615	 91.650529	 91.616129	 91.582408	  91.54936	 91.516977	 91.485252	 91.454178	 91.423748	 91.393954	 91.364788	 91.336244	 91.308312	 91.280987	 91.254259	 91.228121	 91.202565	 91.177583	 91.153168	 91.129311	 91.106004	  91.08324	  91.06101	 91.039306	 91.018121	 90.997446	 90.977273	 90.957595	 90.938403	  90.91969	 90.901447	 90.883667	 90.866342	 90.849464	 90.833026	  90.81702	 90.801437	 90.786272	 90.771515	 90.757161	   90.7432	 90.729627	 90.716434	 90.703614	 90.691159	 90.679064	  90.66732	 90.655921	 90.644862	 90.634134	 90.623731	 90.613648	 90.603878	 90.594415	 90.585252	 90.576384	 90.567806	  90.55951	 90.551492	 90.543747	 90.536268	 90.529051	 90.522091	 90.515382	  90.50892	   90.5027	 90.496717	 90.490967	 90.485446	  90.48015	 90.475073	 90.470213	 90.465566	 90.461128	 90.456895	 90.452864	 90.449032	 90.445396	 90.441952	 90.438698	 90.435631	 90.432749	 90.430049	 90.427528	 90.425186	 90.423019	 90.421026	 90.419205	 90.417554	 90.416073	  90.41476	 90.413613	 90.412632	 90.411816	 90.411164	 90.410675	  90.41035	 90.410187	
        99	 98.894576	 98.789172	 98.683809	 98.578506	 98.473283	 98.368161	  98.26316	 98.158299	 98.053599	 97.949079	 97.844758	 97.740657	 97.636794	  97.53319	 97.429863	 97.326831	 97.224115	 97.121732	 97.019701	 96.918041	 96.816768	 96.715902	 96.615459	 96.515457	 96.415914	 96.316845	 96.218268	 96.120199	 96.022654	 95.925648	 95.829198	 95.733318	 95.638023	 95.543328	 95.449247	 95.355793	 95.262982	 95.170824	 95.079335	 94.988525	 94.898408	 94.808995	 94.720298	 94.632327	 94.545094	 94.458608	  94.37288	  94.28792	 94.203737	 94.120339	 94.037734	 93.955932	  93.87494	 93.794765	 93.715414	 93.636894	 93.559211	  93.48237	 93.406377	 93.331237	 93.256955	 93.183535	 93.110981	 93.039296	 92.968483	 92.898546	 92.829487	 92.761307	 92.694008	 92.627593	 92.562061	 92.497414	 92.433651	 92.370772	 92.308778	 92.247668	  92.18744	 92.128093	 92.069625	 92.012035	  91.95532	 91.899477	 91.844504	 91.790398	 91.737155	 91.684771	 91.633243	 91.582566	 91.532735	 91.483747	 91.435596	 91.388277	 91.341784	 91.296112	 91.251255	 91.207207	 91.163962	 91.121513	 91.079854	 91.038978	 90.998878	 90.959547	 90.920978	 90.883163	 90.846095	 90.809766	 90.774169	 90.739295	 90.705137	 90.671686	 90.638934	 90.606873	 90.575495	 90.544791	 90.514753	 90.485372	 90.456639	 90.428547	 90.401085	 90.374246	 90.348021	 90.322401	 90.297377	  90.27294	 90.249082	 90.225794	 90.203067	 90.180891	  90.15926	 90.138163	 90.117592	 90.097538	 90.077993	 90.058949	 90.040395	 90.022325	  90.00473	 89.987601	  89.97093	 89.954709	 89.938929	 89.923583	 89.908663	  89.89416	 89.880067	 89.866376	  89.85308	  89.84017	  89.82764	 89.815483	  89.80369	 89.792255	 89.781171	 89.770431	 89.760028	 89.749956	 89.740208	 89.730778	 89.721659	 89.712845	  89.70433	 89.696109	 89.688176	 89.680525	  89.67315	 89.666046	 89.659209	 89.652632	 89.646312	 89.640243	  89.63442	  89.62884	 89.623498	 89.618389	  89.61351	 89.608857	 89.604426	 89.600214	 89.596216	 89.592431	 89.588854	 89.585483	 89.582314	 89.579346	 89.576576	    89.574	 89.571618	 89.569427	 89.567426	 89.565612	 89.563983	  89.56254	 89.561279	 89.560201	 89.559303	 89.558586	 89.558049	 89.557692	 89.557513	
        99	 98.885076	 98.770174	 98.655316	 98.540524	  98.42582	 98.311225	 98.196762	 98.082452	 97.968317	 97.854378	 97.740657	 97.627175	 97.513953	 97.401013	 97.288374	 97.176059	 97.064086	 96.952478	 96.841253	 96.730431	 96.620033	 96.510077	 96.400583	  96.29157	 96.183057	 96.075061	 95.967601	 95.860694	 95.754359	 95.648612	  95.54347	  95.43895	 95.335068	  95.23184	 95.129281	 95.027407	 94.926231	  94.82577	 94.726036	 94.627043	 94.528806	 94.431335	 94.334645	 94.238747	 94.143653	 94.049374	 93.955921	 93.863305	 93.771536	 93.680622	 93.590575	 93.501401	 93.413111	 93.325711	  93.23921	 93.153614	  93.06893	 92.985165	 92.902324	 92.820413	 92.739438	 92.659401	 92.580309	 92.502164	 92.424971	 92.348732	 92.273449	 92.199126	 92.125763	 92.053362	 91.981925	 91.911452	 91.841944	 91.773399	 91.705819	 91.639201	 91.573546	 91.508851	 91.445115	 91.382335	 91.320509	 91.259635	 91.199708	 91.140726	 91.082685	 91.025581	 90.969409	 90.914166	 90.859845	 90.806442	 90.753952	 90.702369	 90.651686	 90.601899	    90.553	 90.504983	 90.457841	 90.411567	 90.366154	 90.321594	 90.277881	 90.235006	 90.192961	 90.151738	  90.11133	 90.071728	 90.032922	 89.994906	  89.95767	 89.921204	 89.885501	 89.850551	 89.816346	 89.782875	  89.75013	 89.718101	  89.68678	 89.656156	  89.62622	 89.596962	 89.568374	 89.540445	 89.513166	 89.486527	 89.460519	 89.435132	 89.410357	 89.386184	 89.362603	 89.339605	  89.31718	 89.295319	 89.274013	 89.253252	 89.233027	 89.213329	 89.194148	 89.175475	 89.157302	 89.139619	 89.122418	 89.105689	 89.089424	 89.073614	 89.058251	 89.043327	 89.028832	 89.014759	   89.0011	 88.987847	 88.974992	 88.962526	 88.950444	 88.938736	 88.927396	 88.916416	 88.905789	 88.895509	 88.885568	  88.87596	 88.866679	 88.857717	 88.849069	 88.840728	 88.832688	 88.824945	 88.817491	 88.810322	 88.803432	 88.796816	 88.790469	 88.784386	 88.778562	 88.772993	 88.767675	 88.762602	 88.757772	  88.75318	 88.748822	 88.744696	 88.740796	 88.737121	 88.733667	 88.730432	 88.727412	 88.724604	 88.722008	 88.719619	 88.717437	  88.71546	 88.713685	 88.712111	 88.710737	 88.709561	 88.708583	 88.707801	 88.707216	 88.706826	 88.706631	
        99	 98.875598	  98.75122	 98.626889	 98.502629	 98.378465	 98.254419	 98.130516	 98.006778	  97.88323	 97.759894	 97.636794	 97.513953	 97.391394	 97.269139	 97.147211	 97.025632	 96.904425	 96.783611	 96.663213	 96.543252	 96.423748	 96.304724	   96.1862	 96.068196	 95.950733	 95.833831	 95.717508	 95.601785	 95.486679	 95.372211	 95.258398	 95.145258	 95.032808	 94.921067	 94.810049	 94.699773	 94.590253	 94.481506	 94.373547	  94.26639	  94.16005	 94.054541	 93.949877	  93.84607	 93.743133	 93.641079	 93.539918	 93.439664	 93.340326	 93.241914	  93.14444	 93.047912	  92.95234	 92.857732	 92.764097	 92.671442	 92.579774	   92.4891	 92.399427	 92.310761	 92.223107	  92.13647	 92.050854	 91.966265	 91.882705	 91.800178	 91.718687	 91.638233	  91.55882	 91.480449	  91.40312	 91.326835	 91.251594	 91.177396	 91.104242	  91.03213	  90.96106	  90.89103	 90.822037	 90.754079	 90.687154	 90.621259	  90.55639	 90.492544	 90.429716	 90.367902	 90.307098	 90.247298	 90.188498	 90.130691	 90.073871	 90.018034	 89.963171	 89.909278	 89.856346	 89.804368	 89.753338	 89.703248	  89.65409	 89.605855	 89.558537	 89.512126	 89.466613	 89.421991	  89.37825	 89.335382	 89.293376	 89.252224	 89.211917	 89.172444	 89.133796	 89.095964	 89.058937	 89.022706	 88.987261	 88.952591	 88.918686	 88.885536	 88.853131	 88.821461	 88.790514	 88.760282	 88.730753	 88.701918	 88.673765	 88.646284	 88.619465	 88.593298	 88.567772	 88.542878	 88.518604	  88.49494	 88.471877	 88.449404	 88.427511	 88.406188	 88.385425	 88.365212	  88.34554	 88.326399	 88.307778	  88.28967	 88.272063	  88.25495	  88.23832	 88.222165	 88.206475	 88.191241	 88.176456	 88.162109	 88.148194	   88.1347	 88.121621	 88.108948	 88.096672	 88.084787	 88.073284	 88.062156	 88.051395	 88.040995	 88.030948	 88.021247	 88.011885	 88.002857	 87.994154	 87.985772	 87.977703	 87.969943	 87.962485	 87.955323	 87.948453	 87.941868	 87.935564	 87.929536	 87.923779	 87.918288	 87.913059	 87.908089	 87.903372	 87.898905	 87.894684	 87.890705	 87.886967	 87.883464	 87.880195	 87.877156	 87.874345	  87.87176	 87.869398	 87.867257	 87.865336	 87.863632	 87.862145	 87.860872	 87.859813	 87.858968	 87.858334	 87.857912	 87.857701	
        99	 98.866143	 98.732312	 98.598532	 98.464829	 98.331228	 98.197755	 98.064435	 97.931293	 97.798355	 97.665646	  97.53319	 97.401013	 97.269139	 97.137592	 97.006397	 96.875579	  96.74516	 96.615164	 96.485616	 96.356537	 96.227952	 96.099882	  95.97235	 95.845378	 95.718987	   95.5932	 95.468036	 95.343518	 95.219665	 95.096497	 94.974034	 94.852295	 94.731299	 94.611065	  94.49161	 94.372953	  94.25511	 94.138098	 94.021934	 93.906633	 93.792211	 93.678683	 93.566064	 93.454368	 93.343608	 93.233797	 93.124949	 93.017075	 92.910187	 92.804296	 92.699414	  92.59555	 92.492714	 92.390916	 92.290164	 92.190467	 92.091832	 91.994268	  91.89778	 91.802375	 91.708059	 91.614837	 91.522715	 91.431697	 91.341786	 91.252987	 91.165302	 91.078734	 90.993286	 90.908958	 90.825752	 90.743669	  90.66271	 90.582873	 90.504159	 90.426567	 90.350096	 90.274743	 90.200506	 90.127384	 90.055373	  89.98447	 89.914671	 89.845972	 89.778369	 89.711858	 89.646432	 89.582087	 89.518818	 89.456617	  89.39548	 89.335399	 89.276367	 89.218377	 89.161422	 89.105495	 89.050586	 88.996689	 88.943795	 88.891895	  88.84098	 88.791041	  88.74207	 88.694056	 88.646991	 88.600864	 88.555666	 88.511387	 88.468016	 88.425543	 88.383959	 88.343251	  88.30341	 88.264426	 88.226286	 88.188981	 88.152499	  88.11683	 88.081963	 88.047885	 88.014587	 87.982057	 87.950284	 87.919257	 87.888964	 87.859395	 87.830538	 87.802382	 87.774917	  87.74813	 87.722011	 87.696549	 87.671733	 87.647552	 87.623995	 87.601051	  87.57871	 87.556962	 87.535794	 87.515198	 87.495163	 87.475678	 87.456734	 87.438319	 87.420426	 87.403042	  87.38616	 87.369769	  87.35386	 87.338423	  87.32345	 87.308931	 87.294858	 87.281221	 87.268013	 87.255224	 87.242847	 87.230873	 87.219295	 87.208104	 87.197293	 87.186855	 87.176782	 87.167067	 87.157703	 87.148684	 87.140002	 87.131652	 87.123627	 87.115921	 87.108528	 87.101443	  87.09466	 87.088174	 87.081979	 87.076071	 87.070445	 87.065096	 87.060021	 87.055214	 87.050673	 87.046392	 87.042369	   87.0386	 87.035083	 87.031813	 87.028789	 87.026007	 87.023465	 87.021162	 87.019094	 87.017261	 87.015661	 87.014291	 87.013152	 87.012242	  87.01156	 87.011106	 87.010879	
        99	 98.856714	 98.713455	 98.570251	 98.427129	 98.284117	 98.141242	  97.99853	 97.856009	 97.713707	 97.571649	 97.429863	 97.288374	 97.147211	 97.006397	 96.865961	 96.725927	 96.586321	 96.447168	 96.308493	 96.170322	 96.032679	 95.895587	 95.759071	 95.623155	 95.487861	 95.353212	 95.219232	 95.085942	 94.953365	  94.82152	 94.690431	 94.560116	 94.430597	 94.301893	 94.174023	 94.047007	 93.920863	 93.795608	 93.671261	 93.547838	 93.425356	 93.303831	 93.183278	 93.063714	 92.945151	 92.827605	 92.711089	 92.595616	 92.481199	 92.367849	 92.255578	 92.144398	 92.034318	 91.925349	 91.817499	 91.710779	 91.605196	 91.500759	 91.397474	 91.295348	 91.194388	   91.0946	 90.995988	 90.898558	 90.802314	  90.70726	 90.613398	 90.520732	 90.429264	 90.338996	 90.249929	 90.162064	 90.075401	 89.989941	 89.905682	 89.822624	 89.740765	 89.660104	 89.580639	 89.502365	 89.425281	 89.349383	 89.274668	 89.201129	 89.128764	 89.057568	 88.987533	 88.918656	 88.850929	 88.784347	 88.718903	 88.654589	 88.591399	 88.529325	 88.468358	  88.40849	 88.349714	  88.29202	   88.2354	 88.179843	 88.125342	 88.071886	 88.019465	 87.968069	 87.917688	 87.868312	  87.81993	 87.772532	 87.726105	 87.680641	 87.636127	 87.592552	 87.549904	 87.508173	 87.467347	 87.427414	 87.388363	 87.350181	 87.312857	 87.276379	 87.240735	 87.205914	 87.171902	  87.13869	 87.106263	 87.074611	 87.043721	 87.013582	 86.984182	 86.955508	 86.927549	 86.900293	 86.873729	 86.847845	 86.822628	 86.798068	 86.774154	 86.750873	 86.728215	 86.706168	 86.684721	 86.663864	 86.643585	 86.623873	 86.604719	 86.586111	 86.568039	 86.550494	 86.533464	  86.51694	 86.500912	  86.48537	 86.470305	 86.455708	 86.441569	  86.42788	 86.414631	 86.401814	  86.38942	  86.37744	 86.365868	 86.354695	 86.343912	 86.333513	 86.323489	 86.313834	 86.304541	 86.295603	 86.287013	 86.278764	  86.27085	 86.263266	 86.256005	 86.249062	 86.242431	 86.236107	 86.230084	 86.224359	 86.218926	 86.213781	 86.208919	 86.204337	 86.200031	 86.195997	 86.192231	 86.188731	 86.185494	 86.182516	 86.179795	  86.17733	 86.175117	 86.173154	 86.171441	 86.169975	 86.168756	 86.167781	 86.167051	 86.166565	 86.166322	
        99	 98.847312	 98.694652	 98.542051	 98.389538	 98.237142	 98.084891	 97.932814	 97.780942	 97.629301	 97.477922	 97.326831	 97.176059	 97.025632	 96.875579	 96.725927	 96.576704	 96.427937	 96.279653	 96.131879	 95.984641	 95.837965	 95.691878	 95.546404	 95.401569	 95.257397	 95.113913	 94.971141	 94.829105	 94.687827	 94.547332	  94.40764	 94.268774	 94.130756	 93.993606	 93.857346	 93.721995	 93.587573	   93.4541	 93.321593	 93.190071	 93.059552	 92.930052	 92.801589	 92.674179	 92.547837	 92.422577	 92.298415	 92.175365	  92.05344	 91.932652	 91.813014	 91.694538	 91.577235	 91.461115	 91.346189	 91.232466	 91.119955	 91.008664	 90.898602	 90.789775	  90.68219	 90.575853	 90.470771	 90.366948	 90.264388	 90.163096	 90.063075	 89.964329	 89.866859	 89.770667	 89.675756	 89.582125	 89.489776	 89.398707	  89.30892	 89.220411	 89.133181	 89.047227	 88.962547	 88.879137	 88.796995	 88.716117	 88.636498	 88.558135	 88.481021	 88.405152	 88.330523	 88.257126	 88.184955	 88.114004	 88.044265	 87.975731	 87.908394	 87.842246	 87.777279	 87.713483	  87.65085	  87.58937	 87.529035	 87.469833	 87.411755	 87.354791	  87.29893	 87.244162	 87.190475	 87.137859	 87.086302	 87.035793	 86.986321	 86.937873	 86.890438	 86.844003	 86.798557	 86.754088	 86.710583	  86.66803	 86.626416	 86.585728	 86.545955	 86.507084	 86.469101	 86.431994	 86.395751	 86.360359	 86.325805	 86.292076	 86.259159	 86.227042	 86.195712	 86.165157	 86.135364	 86.106319	 86.078012	 86.050429	 86.023558	 85.997387	 85.971903	 85.947094	 85.922949	 85.899456	 85.876601	 85.854375	 85.832766	 85.811761	  85.79135	 85.771521	 85.752263	 85.733566	 85.715419	  85.69781	 85.680731	 85.664169	 85.648116	 85.632561	 85.617494	 85.602907	 85.588788	  85.57513	 85.561923	 85.549157	 85.536826	 85.524919	 85.513429	 85.502347	 85.491666	 85.481378	 85.471475	  85.46195	 85.452796	 85.444006	 85.435573	 85.427491	 85.419754	 85.412355	 85.405289	 85.398549	 85.392132	 85.386031	 85.380241	 85.374758	 85.369578	 85.364695	 85.360106	 85.355807	 85.351795	 85.348065	 85.344615	 85.341442	 85.338543	 85.335915	 85.333557	 85.331466	  85.32964	 85.328078	 85.326779	 85.325741	 85.324963	 85.324445	 85.324186	
        99	 98.837938	 98.675907	 98.513938	 98.352062	 98.190309	 98.028712	 97.867299	 97.706103	 97.545154	 97.384481	 97.224115	 97.064086	 96.904425	  96.74516	 96.586321	 96.427937	 96.270037	  96.11265	 95.955804	 95.799527	 95.643847	 95.488791	 95.334386	  95.18066	 95.027637	 94.875345	 94.723808	 94.573052	 94.423102	 94.273981	 94.125713	 93.978323	 93.831832	 93.686262	 93.541637	 93.397977	 93.255303	 93.113635	 92.972994	 92.833398	 92.694866	 92.557416	 92.421067	 92.285835	 92.151736	 92.018787	 91.887003	 91.756399	 91.626988	 91.498785	 91.371803	 91.246053	 91.121549	 90.998301	 90.876319	 90.755615	 90.636196	 90.518073	 90.401254	 90.285746	 90.171557	 90.058692	 89.947159	 89.836962	 89.728106	 89.620596	 89.514435	 89.409626	 89.306172	 89.204076	 89.103337	 89.003959	  88.90594	 88.809281	 88.713981	 88.620039	 88.527454	 88.436223	 88.346345	 88.257814	  88.17063	 88.084786	  88.00028	 87.917105	 87.835258	 87.754731	  87.67552	 87.597617	 87.521016	 87.445709	 87.371689	 87.298948	 87.227477	 87.157268	 87.088313	   87.0206	 86.954122	 86.888868	 86.824828	 86.761992	 86.700349	 86.639888	 86.580597	 86.522467	 86.465484	 86.409638	 86.354916	 86.301307	 86.248797	 86.197375	 86.147028	 86.097743	 86.049507	 86.002308	 85.956132	 85.910966	 85.866797	 85.823612	 85.781397	 85.740139	 85.699825	 85.660441	 85.621973	 85.584407	 85.547732	 85.511932	 85.476995	 85.442906	 85.409653	 85.377222	 85.345599	 85.314772	 85.284727	 85.255451	  85.22693	 85.199152	 85.172104	 85.145772	 85.120145	 85.095209	 85.070952	 85.047361	 85.024425	 85.002131	 84.980466	  84.95942	  84.93898	 84.919136	 84.899874	 84.881185	 84.863056	 84.845478	  84.82844	  84.81193	 84.795938	 84.780455	  84.76547	 84.750973	 84.736955	 84.723406	 84.710317	 84.697679	 84.685484	 84.673722	 84.662385	 84.651465	 84.640954	 84.630844	 84.621128	 84.611799	 84.602848	  84.59427	 84.586058	 84.578205	 84.570705	 84.563552	 84.556741	 84.550265	  84.54412	 84.538301	 84.532802	 84.527619	 84.522749	 84.518186	 84.513927	 84.509968	 84.506307	 84.502939	 84.499862	 84.497073	  84.49457	  84.49235	 84.490413	 84.488755	 84.487376	 84.486274	 84.485448	 84.484898	 84.484623	
