Time step 81:
        99	        99	        99	        99	        99	        99	        99	        99	        99	        99	        99	        99	        99	        99	        99	        99	        99	        99	        99	        99	        99	        99	        99	        99	        99	        99	        99	        99	        99	        99	        99	        99	        99	        99	        99	        99	        99	        99	        99	        99	        99	        99	        99	        99	        99	        99	        99	        99	        99	        99	        99	        99	        99	        99	        99	        99	        99	        99	        99	        99	        99	        99	        99	        99	        99	        99	        99	        99	        99	        99	        99	        99	        99	        99	        99	        99	        99	        99	        99	        99	        99	        99	        99	        99	        99	        99	        99	        99	        99	        99	        99	        99	        99	        99	        99	        99	        99	        99	        99	        99	        99	        99	        99	        99	        99	        99	        99	        99	        99	        99	        99	        99	        99	        99	        99	        99	        99	        99	        99	        99	        99	        99	        99	        99	        99	        99	        99	        99	        99	        99	        99	        99	        99	        99	        99	        99	        99	        99	        99	        99	        99	        99	        99	        99	        99	        99	        99	        99	        99	        99	        99	        99	        99	        99	        99	        99	        99	        99	        99	        99	        99	        99	        99	        99	        99	        99	        99	        99	        99	        99	        99	        99	        99	        99	        99	        99	        99	        99	        99	        99	        99	        99	        99	        99	        99	        99	        99	        99	        99	        99	        99	        99	        99	        99	        99	        99	        99	        99	        99	        99	
        99	 98.992161	 98.984323	 98.976488	 98.968656	 98.960829	 98.953009	 98.945195	  98.93739	 98.929595	 98.921811	 98.914039	  98.90628	 98.898536	 98.890807	 98.883096	 98.875402	 98.867727	 98.860073	  98.85244	  98.84483	 98.837244	 98.829682	 98.822146	 98.814637	 98.807156	 98.799705	 98.792283	 98.784893	 98.777535	  98.77021	 98.762919	 98.755663	 98.748444	 98.741261	 98.734117	 98.727011	 98.719946	  98.71292	 98.705937	 98.698995	 98.692097	 98.685243	 98.678434	  98.67167	 98.664952	 98.658282	 98.651659	 98.645084	 98.638559	 98.632083	 98.625657	 98.619283	 98.612959	 98.606688	  98.60047	 98.594305	 98.588193	 98.582136	 98.576133	 98.570185	 98.564292	 98.558455	 98.552675	 98.546951	 98.541284	 98.535674	 98.530122	 98.524627	 98.519191	 98.513813	 98.508493	 98.503232	 98.498029	 98.492886	 98.487802	 98.482777	 98.477811	 98.472905	 98.468058	 98.463271	 98.458543	 98.453875	 98.449266	 98.444717	 98.440227	 98.435796	 98.431425	 98.427112	 98.422859	 98.418665	 98.414529	 98.410452	 98.406433	 98.402472	  98.39857	 98.394725	 98.390937	 98.387207	 98.383534	 98.379917	 98.376357	 98.372853	 98.369405	 98.366012	 98.362674	 98.359391	 98.356162	 98.352988	 98.349867	 98.346799	 98.343784	 98.340822	 98.337912	 98.335053	 98.332246	 98.329489	 98.326783	 98.324126	 98.321519	 98.318961	 98.316452	  98.31399	 98.311577	  98.30921	  98.30689	 98.304616	 98.302388	 98.300205	 98.298066	 98.295972	 98.293922	 98.291914	  98.28995	 98.288028	 98.286147	 98.284308	  98.28251	 98.280752	 98.279033	 98.277354	 98.275714	 98.274112	 98.272548	 98.271022	 98.269532	 98.268079	 98.266662	  98.26528	 98.263934	 98.262622	 98.261344	   98.2601	 98.258889	 98.257711	 98.256565	 98.255452	  98.25437	 98.253319	 98.252299	 98.251309	 98.250349	 98.249419	 98.248518	 98.247646	 98.246803	 98.245988	   98.2452	  98.24444	 98.243707	 98.243001	 98.242322	 98.241669	 98.241041	  98.24044	 98.239864	 98.239313	 98.238787	 98.238285	 98.237808	 98.237355	 98.236926	 98.236521	 98.236139	 98.235781	 98.235446	 98.235134	 98.234845	 98.234579	 98.234336	 98.234115	 98.233916	  98.23374	 98.233586	 98.233454	 98.233344	 98.233256	  98.23319	 98.233146	 98.233124	
        99	 98.984323	 98.968649	 98.952979	 98.937317	 98.921665	 98.906025	 98.890399	  98.87479	 98.859201	 98.843634	 98.828091	 98.812575	 98.797087	 98.781632	 98.766209	 98.750823	 98.735475	 98.720168	 98.704903	 98.689684	 98.674512	  98.65939	  98.64432	 98.629303	 98.614343	 98.599441	 98.584599	 98.569819	 98.555104	 98.540455	 98.525875	 98.511365	 98.496927	 98.482563	 98.468275	 98.454065	 98.439935	 98.425885	 98.411919	 98.398038	 98.384243	 98.370535	 98.356918	 98.343391	 98.329957	 98.316617	 98.303372	 98.290224	 98.277174	 98.264223	 98.251373	 98.238625	 98.225979	 98.213438	 98.201002	 98.188673	  98.17645	 98.164336	 98.152331	 98.140436	 98.128652	  98.11698	 98.105419	 98.093973	 98.082639	 98.071421	 98.060317	 98.049329	 98.038456	 98.027701	 98.017062	 98.006541	 97.996137	 97.985851	 97.975684	 97.965634	 97.955704	 97.945892	 97.936199	 97.926626	 97.917171	 97.907835	 97.898618	  97.88952	 97.880541	  97.87168	 97.862938	 97.854314	 97.845808	  97.83742	 97.829149	 97.820995	 97.812958	 97.805038	 97.797233	 97.789544	 97.781969	  97.77451	 97.767164	 97.759931	 97.752811	 97.745804	 97.738907	 97.732122	 97.725447	 97.718882	 97.712425	 97.706076	 97.699835	   97.6937	 97.687671	 97.681747	 97.675927	  97.67021	 97.664595	 97.659083	  97.65367	 97.648358	 97.643144	 97.638029	  97.63301	 97.628088	 97.623261	 97.618527	 97.613888	  97.60934	 97.604884	 97.600518	 97.596242	 97.592054	 97.587953	 97.583939	 97.580011	 97.576167	 97.572406	 97.568728	 97.565131	 97.561616	 97.558179	 97.554821	 97.551541	 97.548338	  97.54521	 97.542157	 97.539178	 97.536272	 97.533438	 97.530675	 97.527982	 97.525358	 97.522803	 97.520315	 97.517893	 97.515537	 97.513246	 97.511019	 97.508855	 97.506754	 97.504714	 97.502735	 97.500815	 97.498955	 97.497154	  97.49541	 97.493723	 97.492093	 97.490518	 97.488998	 97.487533	 97.486121	 97.484762	 97.483456	 97.482201	 97.480998	 97.479846	 97.478744	 97.477692	 97.476689	 97.475735	 97.474829	 97.473971	 97.473161	 97.472398	 97.471682	 97.471012	 97.470388	  97.46981	 97.469278	 97.468791	 97.468349	 97.467951	 97.467599	 97.467291	 97.467027	 97.466807	 97.466632	   97.4665	 97.466412	 97.466369	
        99	 98.976488	 98.952979	 98.929478	 98.905988	 98.882512	 98.859055	  98.83562	  98.81221	 98.788829	 98.765482	  98.74217	 98.718899	 98.695671	  98.67249	 98.649359	 98.626283	 98.603264	 98.580306	 98.557413	 98.534587	 98.511832	 98.489152	 98.466549	 98.444027	 98.421589	 98.399239	 98.376979	 98.354812	 98.332743	 98.310772	 98.288905	 98.267142	 98.245488	 98.223945	 98.202516	 98.181204	 98.160011	  98.13894	 98.117994	 98.097174	 98.076484	 98.055926	 98.035502	 98.015214	 97.995066	 97.975058	 97.955193	 97.935474	 97.915901	 97.896478	 97.877205	 97.858085	  97.83912	 97.820311	 97.801659	 97.783167	 97.764836	 97.746667	 97.728662	 97.710822	 97.693148	 97.675641	 97.658304	 97.641135	 97.624138	 97.607312	 97.590658	 97.574178	 97.557872	 97.541741	 97.525785	 97.510005	 97.494401	 97.478974	 97.463725	 97.448653	 97.433759	 97.419044	 97.404506	 97.390147	 97.375967	 97.361965	 97.348141	 97.334496	 97.321029	  97.30774	 97.294628	 97.281694	 97.268937	 97.256356	 97.243952	 97.231723	 97.219669	  97.20779	 97.196084	 97.184551	 97.173191	 97.162003	 97.150986	 97.140138	  97.12946	  97.11895	 97.108607	  97.09843	 97.088419	 97.078572	 97.068888	 97.059367	 97.050006	 97.040805	 97.031762	 97.022877	 97.014148	 97.005574	 96.997153	 96.988885	 96.980768	   96.9728	 96.964981	 96.957309	 96.949782	 96.942399	 96.935159	  96.92806	 96.921102	 96.914281	 96.907598	  96.90105	 96.894636	 96.888355	 96.882205	 96.876185	 96.870293	 96.864527	 96.858887	 96.853371	 96.847977	 96.842704	  96.83755	 96.832514	 96.827594	  96.82279	 96.818099	  96.81352	 96.809052	 96.804694	 96.800443	 96.796299	  96.79226	 96.788324	 96.784492	  96.78076	 96.777128	 96.773595	 96.770159	 96.766819	 96.763573	 96.760422	 96.757362	 96.754394	 96.751515	 96.748726	 96.746024	 96.743408	 96.740878	 96.738433	 96.736071	 96.733792	 96.731594	 96.729476	 96.727438	 96.725479	 96.723598	 96.721793	 96.720065	 96.718412	 96.716834	  96.71533	 96.713899	 96.712541	 96.711254	 96.710039	 96.708895	  96.70782	 96.706816	  96.70588	 96.705013	 96.704215	 96.703484	 96.702821	 96.702226	 96.701697	 96.701235	 96.700839	  96.70051	 96.700246	 96.700049	 96.699917	 96.699852	
        99	 98.968656	 98.937317	 98.905988	 98.874673	 98.843378	 98.812108	 98.780866	 98.749659	  98.71849	 98.687366	 98.656289	 98.625266	 98.594301	 98.563399	 98.532564	 98.501801	 98.471115	  98.44051	 98.409991	 98.379562	 98.349228	 98.318993	 98.288861	 98.258838	 98.228926	 98.199131	 98.169456	 98.139906	 98.110485	 98.081197	 98.052045	 98.023034	 97.994167	 97.965449	 97.936882	 97.908471	 97.880219	 97.852129	 97.824205	 97.796451	 97.768869	 97.741463	 97.714236	 97.687191	 97.660331	 97.633659	 97.607178	  97.58089	 97.554798	 97.528904	 97.503212	 97.477724	 97.452441	 97.427367	 97.402503	 97.377851	 97.353414	 97.329193	 97.305191	 97.281408	 97.257847	  97.23451	 97.211397	  97.18851	 97.165851	  97.14342	  97.12122	  97.09925	 97.077512	 97.056008	 97.034737	 97.013701	   96.9929	 96.972334	 96.952006	 96.931914	 96.912059	 96.892442	 96.873062	  96.85392	 96.835016	 96.816351	 96.797922	 96.779732	 96.761779	 96.744063	 96.726585	 96.709342	 96.692336	 96.675564	 96.659028	 96.642726	 96.626657	 96.610821	 96.595216	 96.579842	 96.564698	 96.549783	 96.535096	 96.520635	   96.5064	 96.492389	 96.478601	 96.465035	 96.451689	 96.438562	 96.425653	 96.412959	  96.40048	 96.388215	  96.37616	 96.364315	 96.352679	 96.341249	 96.330023	 96.319001	  96.30818	 96.297559	 96.287135	 96.276907	 96.266873	 96.257031	 96.247379	 96.237916	 96.228639	 96.219547	 96.210638	 96.201909	 96.193359	 96.184986	 96.176787	 96.168761	 96.160907	 96.153221	 96.145702	 96.138348	 96.131157	 96.124128	 96.117257	 96.110544	 96.103986	 96.097581	 96.091328	 96.085224	 96.079268	 96.073457	  96.06779	 96.062266	 96.056882	 96.051636	 96.046526	 96.041551	  96.03671	    96.032	 96.027419	 96.022967	  96.01864	 96.014439	  96.01036	 96.006403	 96.002565	 95.998847	 95.995245	 95.991758	 95.988386	 95.985126	 95.981977	 95.978938	 95.976008	 95.973185	 95.970469	 95.967857	 95.965349	 95.962944	  95.96064	 95.958436	 95.956333	 95.954327	  95.95242	 95.950609	 95.948894	 95.947274	 95.945748	 95.944316	 95.942977	  95.94173	 95.940574	  95.93951	 95.938536	 95.937652	 95.936858	 95.936153	 95.935537	  95.93501	  95.93457	 95.934219	 95.933956	 95.933781	 95.933693	
        99	 98.960829	 98.921665	 98.882512	 98.843378	 98.804269	 98.765189	 98.726147	 98.687147	 98.648195	 98.609298	 98.570462	 98.531693	 98.492995	 98.454377	 98.415842	 98.377397	 98.339048	 98.300801	 98.262661	 98.224634	 98.186725	  98.14894	 98.111284	 98.073763	 98.036383	 97.999148	 97.962063	 97.925134	 97.888366	 97.851764	 97.815333	 97.779078	 97.743003	 97.707113	 97.671413	 97.635907	   97.6006	 97.565497	   97.5306	 97.495915	 97.461446	 97.427197	 97.393171	 97.359373	 97.325806	 97.292473	 97.259379	 97.226527	 97.193919	  97.16156	 97.129453	 97.097599	 97.066004	 97.034668	 97.003595	 96.972788	 96.942249	  96.91198	 96.881984	 96.852262	 96.822818	 96.793653	 96.764768	 96.736167	 96.707849	 96.679818	 96.652073	 96.624618	 96.597452	 96.570578	 96.543995	 96.517706	 96.491711	 96.466011	 96.440606	 96.415496	 96.390684	 96.366168	 96.341949	 96.318027	 96.294403	 96.271076	 96.248046	 96.225314	 96.202878	 96.180738	 96.158895	 96.137347	 96.116094	 96.095135	 96.074469	 96.054096	 96.034015	 96.014224	 95.994723	  95.97551	 95.956584	 95.937945	  95.91959	 95.901518	 95.883728	 95.866219	 95.848988	 95.832034	 95.815356	 95.798951	 95.782818	 95.766955	  95.75136	 95.736031	 95.720967	 95.706164	 95.691622	 95.677338	 95.663309	 95.649535	 95.636012	 95.622738	 95.609711	 95.596929	 95.584389	  95.57209	 95.560028	 95.548202	 95.536609	 95.525247	 95.514112	 95.503204	 95.492519	 95.482054	 95.471809	 95.461779	 95.451963	 95.442358	 95.432962	 95.423771	 95.414785	    95.406	 95.397414	 95.389024	 95.380828	 95.372824	 95.365009	 95.357381	 95.349938	 95.342676	 95.335595	 95.328691	 95.321962	 95.315406	 95.309021	 95.302804	 95.296753	 95.290867	 95.285143	 95.279578	 95.274171	  95.26892	 95.263823	 95.258878	 95.254083	 95.249435	 95.244934	 95.240577	 95.236362	 95.232288	 95.228353	 95.224555	 95.220894	 95.217366	 95.213971	 95.210707	 95.207573	 95.204567	 95.201688	 95.198934	 95.196305	 95.193799	 95.191415	 95.189152	 95.187009	 95.184984	 95.183078	 95.181288	 95.179614	 95.178056	 95.176612	 95.175282	 95.174065	  95.17296	 95.171968	 95.171087	 95.170317	 95.169658	 95.169109	  95.16867	 95.168341	 95.168122	 95.168012	
        99	 98.953009	 98.906025	 98.859055	 98.812108	 98.765189	 98.718308	  98.67147	 98.624683	 98.577955	 98.531292	 98.484702	 98.438192	 98.391768	 98.345439	  98.29921	  98.25309	 98.207085	 98.161201	 98.115446	 98.069826	 98.024348	 97.979019	 97.933846	 97.888834	  97.84399	  97.79932	 97.754831	  97.71053	 97.666421	 97.622511	 97.578806	 97.535312	 97.492034	 97.448979	 97.406151	 97.363556	   97.3212	 97.279088	 97.237224	 97.195614	 97.154263	 97.113175	 97.072356	  97.03181	 96.991541	 96.951553	 96.911851	  96.87244	 96.833322	 96.794502	 96.755984	 96.717771	 96.679867	 96.642275	 96.604999	  96.56804	 96.531404	 96.495091	 96.459106	 96.423451	 96.388128	  96.35314	 96.318488	 96.284176	 96.250205	 96.216576	 96.183293	 96.150355	 96.117766	 96.085526	 96.053636	 96.022098	 95.990913	 95.960081	 95.929604	 95.899482	 95.869715	 95.840304	  95.81125	 95.782552	 95.754211	 95.726227	 95.698599	 95.671328	 95.644412	 95.617852	 95.591648	 95.565797	 95.540301	 95.515157	 95.490366	 95.465925	 95.441834	 95.418092	 95.394697	 95.371648	 95.348944	 95.326583	 95.304564	 95.282884	 95.261542	 95.240537	 95.219866	 95.199527	 95.179518	 95.159838	 95.140484	 95.121454	 95.102745	 95.084356	 95.066284	 95.048526	  95.03108	 95.013944	 94.997115	  94.98059	 94.964367	 94.948443	 94.932815	 94.917481	 94.902438	 94.887683	 94.873213	 94.859026	 94.845118	 94.831487	 94.818129	 94.805043	 94.792225	 94.779671	  94.76738	 94.755348	 94.743572	 94.732049	 94.720776	 94.709751	 94.698971	 94.688432	 94.678131	 94.668067	 94.658235	 94.648632	 94.639257	 94.630106	 94.621177	 94.612465	  94.60397	 94.595687	 94.587615	  94.57975	  94.57209	 94.564632	 94.557373	 94.550312	 94.543444	 94.536769	 94.530283	 94.523983	 94.517869	 94.511936	 94.506183	 94.500608	 94.495207	  94.48998	 94.484924	 94.480037	 94.475316	 94.470761	 94.466368	 94.462136	 94.458063	 94.454147	 94.450387	 94.446781	 94.443327	 94.440024	  94.43687	 94.433864	 94.431004	 94.428289	 94.425718	 94.423289	 94.421001	 94.418854	 94.416846	 94.414977	 94.413245	 94.411649	 94.410189	 94.408864	 94.407673	 94.406616	 94.405693	 94.404902	 94.404243	 94.403717	 94.403323	  94.40306	 94.402928	
        99	 98.945195	 98.890399	  98.83562	 98.780866	 98.726147	  98.67147	 98.616844	 98.562278	  98.50778	 98.453359	 98.399022	 98.344778	 98.290636	 98.236603	 98.182688	 98.128899	 98.075244	 98.021731	 97.968368	 97.915163	 97.862124	 97.809258	 97.756573	 97.704077	 97.651776	  97.59968	 97.547794	 97.496126	 97.444683	 97.393472	   97.3425	 97.291774	   97.2413	 97.191086	 97.141137	  97.09146	 97.042061	 96.992946	 96.944122	 96.895593	 96.847367	 96.799447	 96.751841	 96.704553	 96.657588	 96.610952	 96.564649	 96.518684	 96.473062	 96.427788	 96.382865	 96.338299	 96.294092	 96.250249	 96.206775	 96.163671	 96.120943	 96.078593	 96.036624	 95.995041	 95.953844	 95.913038	 95.872625	 95.832608	 95.792988	 95.753768	 95.714951	 95.676537	 95.638529	 95.600928	 95.563736	 95.526954	 95.490583	 95.454625	  95.41908	 95.383949	 95.349233	 95.314932	 95.281047	 95.247578	 95.214524	 95.181887	 95.149665	 95.117859	 95.086469	 95.055493	 95.024931	 94.994782	 94.965046	 94.935722	 94.906808	 94.878304	 94.850207	 94.822517	 94.795233	 94.768352	 94.741872	 94.715793	 94.690113	 94.664828	 94.639938	  94.61544	 94.591332	 94.567611	 94.544276	 94.521323	 94.498751	 94.476557	 94.454737	 94.433291	 94.412213	 94.391503	 94.371156	 94.351171	 94.331543	 94.312271	  94.29335	 94.274779	 94.256552	 94.238669	 94.221124	 94.203916	  94.18704	 94.170494	 94.154273	 94.138376	 94.122797	 94.107535	 94.092585	 94.077944	 94.063609	 94.049577	 94.035843	 94.022404	 94.009257	 93.996399	 93.983826	 93.971535	 93.959522	 93.947783	 93.936316	 93.925118	 93.914184	 93.903511	 93.893097	 93.882937	 93.873029	 93.863369	 93.853954	 93.844782	 93.835848	  93.82715	 93.818684	 93.810449	  93.80244	 93.794654	  93.78709	 93.779743	 93.772611	 93.765692	 93.758983	  93.75248	 93.746182	 93.740086	 93.734189	 93.728489	 93.722984	 93.717671	 93.712547	 93.707612	 93.702861	 93.698295	  93.69391	 93.689704	 93.685676	 93.681823	 93.678145	 93.674639	 93.671303	 93.668137	 93.665138	 93.662305	 93.659638	 93.657134	 93.654792	 93.652611	 93.650591	  93.64873	 93.647027	 93.645482	 93.644093	 93.642861	 93.641784	 93.640861	 93.640093	  93.63948	 93.639019	 93.638713	  93.63856	
        99	  98.93739	  98.87479	  98.81221	 98.749659	 98.687147	 98.624683	 98.562278	 98.499941	 98.437682	  98.37551	 98.313435	 98.251466	 98.189614	 98.127886	 98.066293	 98.004844	 97.943548	 97.882414	 97.821451	 97.760669	 97.700077	 97.639682	 97.579494	 97.519521	 97.459773	 97.400257	 97.340982	 97.281955	 97.223186	 97.164682	 97.106452	 97.048502	  96.99084	 96.933474	 96.876412	  96.81966	 96.763226	 96.707117	 96.651339	   96.5959	 96.540805	 96.486062	 96.431676	 96.377653	    96.324	 96.270722	 96.217825	 96.165314	 96.113195	 96.061473	 96.010153	  95.95924	 95.908737	 95.858651	 95.808985	 95.759743	  95.71093	 95.662549	 95.614603	 95.567097	 95.520034	 95.473417	 95.427249	 95.381532	  95.33627	 95.291465	 95.247119	 95.203235	 95.159814	 95.116858	 95.074369	 95.032349	 94.990799	  94.94972	 94.909113	 94.868979	 94.829319	 94.790133	 94.751422	 94.713187	 94.675426	 94.638141	  94.60133	 94.564995	 94.529134	 94.493746	 94.458832	  94.42439	  94.39042	 94.356919	 94.323887	 94.291324	 94.259226	 94.227593	 94.196422	 94.165713	 94.135463	  94.10567	 94.076332	 94.047446	 94.019011	 93.991025	 93.963483	 93.936384	 93.909726	 93.883505	 93.857718	 93.832363	 93.807436	 93.782935	 93.758856	 93.735196	 93.711952	  93.68912	 93.666698	 93.644681	 93.623066	 93.601849	 93.581027	 93.560597	 93.540554	 93.520895	 93.501616	 93.482713	 93.464182	 93.446021	 93.428224	 93.410788	 93.393709	 93.376983	 93.360607	 93.344576	 93.328886	 93.313533	 93.298514	 93.283825	 93.269461	 93.255419	 93.241695	 93.228285	 93.215186	 93.202392	 93.189901	 93.177708	 93.165811	 93.154204	 93.142885	  93.13185	 93.121094	 93.110615	 93.100409	 93.090473	 93.080802	 93.071393	 93.062243	 93.053349	 93.044707	 93.036314	 93.028167	 93.020263	 93.012598	 93.005169	 92.997974	  92.99101	 92.984273	 92.977761	 92.971472	 92.965402	 92.959549	  92.95391	 92.948484	 92.943267	 92.938257	 92.933452	 92.928851	  92.92445	 92.920247	 92.916242	 92.912431	 92.908814	 92.905388	 92.902152	 92.899105	 92.896244	 92.893569	 92.891078	  92.88877	 92.886644	 92.884698	 92.882933	 92.881347	 92.879938	 92.878708	 92.877654	 92.876777	 92.876076	  92.87555	   92.8752	 92.875025	
        99	 98.929595	 98.859201	 98.788829	  98.71849	 98.648195	 98.577955	  98.50778	 98.437682	 98.367671	 98.297759	 98.227955	 98.158271	 98.088717	 98.019304	 97.950043	 97.880943	 97.812015	  97.74327	 97.674718	 97.606368	 97.538231	 97.470317	 97.402635	 97.335196	 97.268009	 97.201083	 97.134427	 97.068052	 97.001966	 96.936178	 96.870697	 96.805532	 96.740692	 96.676184	 96.612017	   96.5482	 96.484739	 96.421644	 96.358922	  96.29658	 96.234626	 96.173067	 96.111909	 96.051161	 95.990827	 95.930916	 95.871433	 95.812385	 95.753777	 95.695615	 95.637906	 95.580653	 95.523863	 95.467541	 95.411691	 95.356319	 95.301428	 95.247023	 95.193108	 95.139688	 95.086765	 95.034344	 94.982427	 94.931019	 94.880122	 94.829738	 94.779871	 94.730523	 94.681696	 94.633392	 94.585613	 94.538361	 94.491638	 94.445444	 94.399782	 94.354651	 94.310053	 94.265989	 94.222458	 94.179462	    94.137	 94.095072	 94.053679	  94.01282	 93.972494	   93.9327	 93.893439	 93.854709	 93.816509	 93.778837	 93.741693	 93.705075	 93.668981	 93.633409	 93.598358	 93.563825	 93.529809	 93.496307	 93.463316	 93.430834	 93.398859	 93.367388	 93.336417	 93.305945	 93.275967	 93.246481	 93.217484	 93.188972	 93.160942	  93.13339	 93.106313	 93.079708	  93.05357	 93.027895	 93.002681	 92.977923	 92.953616	 92.929758	 92.906344	  92.88337	 92.860832	 92.838725	 92.817045	 92.795789	 92.774952	 92.754529	 92.734516	 92.714909	 92.695704	 92.676896	  92.65848	 92.640453	  92.62281	 92.605546	 92.588657	 92.572139	 92.555987	 92.540197	 92.524764	 92.509685	 92.494954	 92.480567	 92.466521	 92.452811	 92.439432	  92.42638	 92.413652	 92.401242	 92.389148	 92.377364	 92.365887	 92.354714	 92.343838	 92.333258	 92.322969	 92.312968	  92.30325	 92.293812	 92.284651	 92.275762	 92.267143	 92.258789	 92.250699	 92.242867	 92.235292	 92.227969	 92.220897	 92.214071	 92.207489	 92.201149	 92.195047	  92.18918	 92.183547	 92.178144	 92.172969	  92.16802	 92.163294	  92.15879	 92.154505	 92.150438	 92.146585	 92.142947	  92.13952	 92.136303	 92.133294	 92.130493	 92.127898	 92.125507	  92.12332	 92.121334	  92.11955	 92.117967	 92.116583	 92.115398	 92.114412	 92.113623	 92.113032	 92.112638	 92.112441	
        99	 98.921811	 98.843634	 98.765482	 98.687366	 98.609298	 98.531292	 98.453359	  98.37551	 98.297759	 98.220116	 98.142595	 98.065206	 97.987963	 97.910875	 97.833956	 97.757216	 97.680667	 97.604321	  97.52819	 97.452283	 97.376612	 97.301189	 97.226025	 97.151129	 97.076513	 97.002188	 96.928163	 96.854449	 96.781056	 96.707995	 96.635274	 96.562904	 96.490894	 96.419254	 96.347993	  96.27712	 96.206643	 96.136572	 96.066915	  95.99768	 95.928876	  95.86051	 95.792591	 95.725126	 95.658122	 95.591587	 95.525527	  95.45995	 95.394863	  95.33027	  95.26618	 95.202598	 95.139529	 95.076979	 95.014955	  94.95346	   94.8925	  94.83208	 94.772204	 94.712877	 94.654103	 94.595886	  94.53823	 94.481138	 94.424613	 94.368659	 94.313278	 94.258474	 94.204248	 94.150604	 94.097542	 94.045066	 93.993177	 93.941876	 93.891165	 93.841044	 93.791515	 93.742579	 93.694235	 93.646485	 93.599328	 93.552765	 93.506795	 93.461418	 93.416634	 93.372441	 93.328839	 93.285827	 93.243403	 93.201566	 93.160316	 93.119649	 93.079564	 93.040059	 93.001133	 92.962782	 92.925005	 92.887798	  92.85116	 92.815087	 92.779576	 92.744625	 92.710231	 92.676389	 92.643097	 92.610351	 92.578148	 92.546483	 92.515354	 92.484756	 92.454686	 92.425139	 92.396111	 92.367598	 92.339595	   92.3121	 92.285106	  92.25861	 92.232607	 92.207093	 92.182062	 92.157511	 92.133435	 92.109829	 92.086687	 92.064007	 92.041781	 92.020007	 91.998678	  91.97779	 91.957339	 91.937318	 91.917724	 91.898552	 91.879796	 91.861451	 91.843513	 91.825977	 91.808838	 91.792092	 91.775732	 91.759755	 91.744156	 91.728929	 91.714071	 91.699576	 91.685441	 91.671659	 91.658228	 91.645141	 91.632396	 91.619986	 91.607909	 91.596159	 91.584732	 91.573625	 91.562833	 91.552351	 91.542177	 91.532306	 91.522733	 91.513456	 91.504471	 91.495774	 91.487361	 91.479229	 91.471374	 91.463794	 91.456484	 91.449443	 91.442666	 91.436151	 91.429894	 91.423894	 91.418147	 91.412651	 91.407403	 91.402401	 91.397642	 91.393125	 91.388847	 91.384806	    91.381	 91.377427	 91.374086	 91.370975	 91.368093	 91.365438	 91.363008	 91.360804	 91.358823	 91.357064	 91.355527	 91.354211	 91.353116	  91.35224	 91.351584	 91.351146	 91.350928	
        99	 98.914039	 98.828091	  98.74217	 98.656289	 98.570462	 98.484702	 98.399022	 98.313435	 98.227955	 98.142595	 98.057368	 97.972287	 97.887365	 97.802615	 97.718049	 97.633682	 97.549524	 97.465589	  97.38189	 97.298438	 97.215246	 97.132326	 97.049689	 96.967349	 96.885316	 96.803603	 96.722219	 96.641178	  96.56049	 96.480166	 96.400217	 96.320654	 96.241486	 96.162725	  96.08438	 96.006462	  95.92898	 95.851944	 95.775362	 95.699246	 95.623602	 95.548441	 95.473771	 95.399599	 95.325935	 95.252786	 95.180161	 95.108065	 95.036507	 94.965495	 94.895034	 94.825131	 94.755793	 94.687026	 94.618836	 94.551229	 94.484209	 94.417784	 94.351956	 94.286732	 94.222116	 94.158112	 94.094724	 94.031957	 93.969813	 93.908297	 93.847412	  93.78716	 93.727544	 93.668567	 93.610232	  93.55254	 93.495492	 93.439092	  93.38334	 93.328237	 93.273785	 93.219984	 93.166836	 93.114339	 93.062495	 93.011303	 92.960764	 92.910877	  92.86164	 92.813055	 92.765119	 92.717831	  92.67119	 92.625195	 92.579844	 92.535134	 92.491065	 92.447634	 92.404838	 92.362675	 92.321142	 92.280238	 92.239957	 92.200299	 92.161258	 92.122833	  92.08502	 92.047814	 92.011213	 91.975212	 91.939807	 91.904996	 91.870772	 91.837133	 91.804073	 91.771589	 91.739676	 91.708328	 91.677543	 91.647314	 91.617637	 91.588507	  91.55992	 91.531869	 91.504351	 91.477359	  91.45089	 91.424937	 91.399495	  91.37456	 91.350126	 91.326187	 91.302738	 91.279774	 91.257289	 91.235279	 91.213737	 91.192659	 91.172038	  91.15187	 91.132149	  91.11287	 91.094028	 91.075616	 91.057631	 91.040065	 91.022916	 91.006176	 90.989841	 90.973905	 90.958364	 90.943213	 90.928446	 90.914059	 90.900046	 90.886403	 90.873125	 90.860208	 90.847645	 90.835434	 90.823569	 90.812046	  90.80086	 90.790007	 90.779484	 90.769284	 90.759406	 90.749844	 90.740595	 90.731655	 90.723019	 90.714685	  90.70665	 90.698908	 90.691457	 90.684295	 90.677416	  90.67082	 90.664502	 90.658459	 90.652689	  90.64719	 90.641958	 90.636992	 90.632288	 90.627846	 90.623661	 90.619734	 90.616061	 90.612641	 90.609472	 90.606553	 90.603882	 90.601458	  90.59928	 90.597347	 90.595657	  90.59421	 90.593006	 90.592043	 90.591321	 90.590841	   90.5906	
        99	  98.90628	 98.812575	 98.718899	 98.625266	 98.531693	 98.438192	 98.344778	 98.251466	 98.158271	 98.065206	 97.972287	 97.879526	 97.786939	  97.69454	 97.602342	 97.510359	 97.418605	 97.327095	 97.235841	 97.144856	 97.054155	 96.963751	 96.873656	 96.783884	 96.694447	 96.605358	 96.516629	 96.428273	 96.340302	 96.252728	 96.165563	 96.078818	 95.992505	 95.906635	 95.821219	 95.736268	 95.651792	 95.567803	  95.48431	 95.401323	 95.318852	 95.236907	 95.155497	 95.074631	 94.994318	 94.914566	 94.835385	 94.756783	 94.678766	 94.601344	 94.524523	 94.448311	 94.372715	 94.297741	 94.223396	 94.149687	 94.076618	 94.004197	 93.932428	 93.861317	 93.790869	 93.721088	 93.651979	 93.583546	 93.515794	 93.448725	 93.382344	 93.316654	 93.251657	 93.187357	 93.123756	 93.060857	 92.998661	  92.93717	 92.876386	 92.816309	 92.756943	 92.698286	  92.64034	 92.583105	 92.526581	 92.470769	 92.415668	 92.361278	 92.307598	 92.254627	 92.202364	 92.150808	 92.099958	 92.049811	 92.000366	 91.951622	 91.903575	 91.856223	 91.809565	 91.763596	 91.718315	 91.673718	 91.629802	 91.586564	    91.544	 91.502107	  91.46088	 91.420316	 91.380411	 91.341161	 91.302561	 91.264607	 91.227295	 91.190619	 91.154576	 91.119159	 91.084366	 91.050189	 91.016625	 90.983667	 90.951312	 90.919553	 90.888385	 90.857803	 90.827801	 90.798373	 90.769514	 90.741219	 90.713481	 90.686295	 90.659655	 90.633555	  90.60799	 90.582953	  90.55844	 90.534442	 90.510956	 90.487975	 90.465494	 90.443505	 90.422005	 90.400986	 90.380442	 90.360369	  90.34076	 90.321609	 90.302911	 90.284661	 90.266851	 90.249477	 90.232534	 90.216015	 90.199915	  90.18423	 90.168952	 90.154078	 90.139601	 90.125518	 90.111822	 90.098508	 90.085572	 90.073009	 90.060813	 90.048981	 90.037507	 90.026388	 90.015618	 90.005193	 89.995109	 89.985361	 89.975947	 89.966861	 89.958099	 89.949659	 89.941536	 89.933727	 89.926228	 89.919036	 89.912147	 89.905559	 89.899269	 89.893273	 89.887569	 89.882155	 89.877027	 89.872183	 89.867621	 89.863339	 89.859334	 89.855605	 89.852151	 89.848968	 89.846056	 89.843413	 89.841039	 89.838931	 89.837089	 89.835512	 89.834199	 89.833149	 89.832362	 89.831838	 89.831576	
        99	 98.898536	 98.797087	 98.695671	 98.594301	 98.492995	 98.391768	 98.290636	 98.189614	 98.088717	 97.987963	 97.887365	 97.786939	 97.686702	 97.586667	  97.48685	 97.387267	 97.287932	 97.188859	 97.090064	 96.991562	 96.893366	 96.795492	 96.697952	 96.600762	 96.503934	 96.407484	 96.311423	 96.215766	 96.120526	 96.025716	 95.931348	 95.837435	  95.74399	 95.651024	  95.55855	 95.466579	 95.375123	 95.284193	 95.193801	 95.103957	 95.014671	 94.925955	 94.837817	 94.750269	  94.66332	 94.576979	 94.491255	 94.406157	 94.321694	 94.237874	 94.154705	 94.072196	 93.990353	 93.909184	 93.828696	 93.748895	 93.669789	 93.591384	 93.513684	 93.436697	 93.360427	  93.28488	 93.210061	 93.135973	 93.062622	 92.990012	 92.918146	 92.847027	  92.77666	 92.707047	  92.63819	 92.570093	 92.502758	 92.436186	 92.370379	 92.305338	 92.241066	 92.177562	 92.114828	 92.052864	 91.991669	 91.931245	 91.871591	 91.812707	 91.754591	 91.697243	 91.640661	 91.584845	 91.529793	 91.475503	 91.421972	   91.3692	 91.317183	 91.265918	 91.215404	 91.165637	 91.116614	 91.068332	 91.020788	 90.973977	 90.927895	  90.88254	 90.837907	 90.793991	 90.750789	 90.708295	 90.666506	 90.625416	  90.58502	 90.545314	 90.506292	 90.467949	  90.43028	  90.39328	 90.356942	 90.321261	 90.286232	 90.251849	 90.218106	 90.184996	 90.152515	 90.120656	 90.089412	 90.058779	 90.028749	 89.999317	 89.970475	 89.942219	 89.914541	 89.887436	 89.860896	 89.834916	 89.809489	 89.784609	  89.76027	 89.736465	 89.713187	 89.690431	  89.66819	 89.646458	 89.625229	 89.604496	 89.584253	 89.564494	 89.545213	 89.526404	  89.50806	 89.490176	 89.472746	 89.455764	 89.439225	 89.423121	 89.407449	 89.392201	 89.377373	 89.362959	 89.348954	 89.335353	  89.32215	  89.30934	 89.296918	  89.28488	  89.27322	 89.261933	 89.251016	 89.240463	 89.230271	 89.220434	 89.210949	 89.201811	 89.193017	 89.184562	 89.176443	 89.168657	 89.161199	 89.154067	 89.147257	 89.140766	 89.134591	 89.128728	 89.123177	 89.117932	 89.112994	 89.108358	 89.104022	 89.099985	 89.096245	 89.092799	 89.089647	 89.086786	 89.084215	 89.081933	 89.079939	 89.078231	  89.07681	 89.075673	 89.074821	 89.074254	  89.07397	
        99	 98.890807	 98.781632	  98.67249	 98.563399	 98.454377	 98.345439	 98.236603	 98.127886	 98.019304	 97.910875	 97.802615	  97.69454	 97.586667	 97.479012	 97.371593	 97.264424	 97.157522	 97.050903	 96.944584	 96.838578	 96.732903	 96.627573	 96.522604	  96.41801	 96.313807	  96.21001	 96.106633	  96.00369	 95.901195	 95.799163	 95.697607	 95.596541	 95.495977	  95.39593	 95.296412	 95.197436	 95.099014	 95.001158	 94.903881	 94.807193	 94.711106	 94.615632	 94.520781	 94.426565	 94.332992	 94.240075	 94.147821	 94.056241	 93.965345	  93.87514	 93.785636	 93.696842	 93.608765	 93.521413	 93.434794	 93.348916	 93.263784	 93.179406	 93.095788	 93.012937	 92.930858	 92.849556	 92.769038	 92.689307	 92.610369	 92.532227	 92.454887	 92.378352	 92.302624	 92.227709	 92.153608	 92.080323	 92.007859	 91.936216	 91.865396	 91.795402	 91.726234	 91.657893	  91.59038	 91.523696	 91.457841	 91.392814	 91.328616	 91.265246	 91.202704	 91.140987	 91.080096	 91.020028	 90.960783	 90.902357	 90.844749	 90.787957	 90.731978	 90.676809	 90.622447	 90.568889	 90.516132	 90.464172	 90.413006	  90.36263	 90.313038	 90.264228	 90.216195	 90.168935	 90.122442	 90.076711	 90.031739	 89.987519	 89.944046	 89.901315	 89.859321	 89.818058	  89.77752	 89.737701	 89.698595	 89.660197	 89.622499	 89.585497	 89.549183	 89.513552	 89.478597	 89.444311	 89.410688	 89.377721	 89.345403	 89.313729	 89.282691	 89.252282	 89.222496	 89.193326	 89.164765	 89.136806	 89.109443	 89.082668	 89.056474	 89.030856	 89.005805	 88.981316	 88.957381	 88.933994	 88.911147	 88.888835	  88.86705	 88.845786	 88.825036	 88.804794	 88.785053	 88.765807	  88.74705	 88.728774	 88.710975	 88.693645	 88.676778	 88.660369	 88.644412	   88.6289	 88.613828	 88.599191	 88.584982	 88.571197	 88.557829	 88.544873	 88.532325	 88.520179	  88.50843	 88.497074	 88.486105	 88.475519	 88.465311	 88.455477	 88.446013	 88.436914	 88.428177	 88.419798	 88.411772	 88.404096	 88.396768	 88.389782	 88.383136	 88.376828	 88.370853	 88.365209	 88.359894	 88.354905	  88.35024	 88.345895	  88.34187	 88.338162	 88.334769	  88.33169	 88.328924	 88.326468	 88.324322	 88.322484	 88.320954	 88.319731	 88.318814	 88.318204	 88.317898	
        99	 98.883096	 98.766209	 98.649359	 98.532564	 98.415842	  98.29921	 98.182688	 98.066293	 97.950043	 97.833956	 97.718049	 97.602342	  97.48685	 97.371593	 97.256587	 97.141849	 97.027397	 96.913249	  96.79942	 96.685928	 96.572789	  96.46002	 96.347638	 96.235657	 96.124095	 96.012967	 95.902289	 95.792075	 95.682342	 95.573104	 95.464375	 95.356171	 95.248506	 95.141393	 95.034847	  94.92888	 94.823507	  94.71874	 94.614592	 94.511076	 94.408203	 94.305986	 94.204437	 94.103566	 94.003385	 93.903905	 93.805136	 93.707088	 93.609772	 93.513197	 93.417372	 93.322307	 93.228009	 93.134488	 93.041752	 92.949808	 92.858664	 92.768327	 92.678804	 92.590101	 92.502225	 92.415181	 92.328976	 92.243614	 92.159101	 92.075441	 91.992639	 91.910698	 91.829622	 91.749416	 91.670081	 91.591622	 91.514039	 91.437336	 91.361515	 91.286577	 91.212524	 91.139357	 91.067076	 90.995682	 90.925176	 90.855557	 90.786825	  90.71898	  90.65202	 90.585945	 90.520753	 90.456443	 90.393013	 90.330461	 90.268785	 90.207982	 90.148049	 90.088984	 90.030783	 89.973442	 89.916959	  89.86133	  89.80655	 89.752616	 89.699522	 89.647265	  89.59584	 89.545241	 89.495464	 89.446504	 89.398356	 89.351013	  89.30447	 89.258721	 89.213761	 89.169584	 89.126182	 89.083551	 89.041684	 89.000573	 88.960214	 88.920598	  88.88172	 88.843572	 88.806148	  88.76944	 88.733443	 88.698148	 88.663548	 88.629637	 88.596406	  88.56385	  88.53196	  88.50073	 88.470152	 88.440218	 88.410922	 88.382256	 88.354213	 88.326785	 88.299966	 88.273747	 88.248121	 88.223082	 88.198622	 88.174734	 88.151411	 88.128645	  88.10643	 88.084758	 88.063623	 88.043018	 88.022936	 88.003369	 87.984313	 87.965759	 87.947701	 87.930133	 87.913049	 87.896442	 87.880305	 87.864634	 87.849422	 87.834663	 87.820351	  87.80648	 87.793046	 87.780042	 87.767463	 87.755305	 87.743561	 87.732227	 87.721299	  87.71077	 87.700638	 87.690897	 87.681543	 87.672571	 87.663979	 87.655761	 87.647915	 87.640436	 87.633321	 87.626567	  87.62017	 87.614128	 87.608437	 87.603096	 87.598101	 87.593449	  87.58914	  87.58517	 87.581538	 87.578241	 87.575279	  87.57265	 87.570352	 87.568385	 87.566747	 87.565438	 87.564456	 87.563802	 87.563475	
        99	 98.875402	 98.750823	 98.626283	 98.501801	 98.377397	  98.25309	 98.128899	 98.004844	 97.880943	 97.757216	 97.633682	 97.510359	 97.387267	 97.264424	 97.141849	  97.01956	 96.897576	 96.775915	 96.654595	 96.533634	 96.413049	 96.292859	  96.17308	  96.05373	 95.934826	 95.816384	 95.698422	 95.580955	    95.464	 95.347573	 95.231689	 95.116364	 95.001613	  94.88745	 94.773892	 94.660952	 94.548644	 94.436982	  94.32598	 94.215651	 94.106008	 93.997064	 93.888831	 93.781322	 93.674548	 93.568521	 93.463251	 93.358751	  93.25503	 93.152099	 93.049968	 92.948646	 92.848143	 92.748467	 92.649628	 92.551633	  92.45449	 92.358208	 92.262793	 92.168252	 92.074593	 91.981821	 91.889943	 91.798963	 91.708888	 91.619722	  91.53147	 91.444137	 91.357726	  91.27224	 91.187685	 91.104061	 91.021373	 90.939622	 90.858811	 90.778942	 90.700015	 90.622032	 90.544994	 90.468902	 90.393755	 90.319555	 90.246299	 90.173989	 90.102622	 90.032199	 89.962717	 89.894175	  89.82657	 89.759902	 89.694166	 89.629361	 89.565484	 89.502532	   89.4405	 89.379386	 89.319186	 89.259896	 89.201511	 89.144027	 89.087439	 89.031743	 88.976933	 88.923004	 88.869952	  88.81777	 88.766452	 88.715993	 88.666387	 88.617628	 88.569709	 88.522624	 88.476366	  88.43093	 88.386307	 88.342491	 88.299475	 88.257252	 88.215815	 88.175157	  88.13527	 88.096147	  88.05778	 88.020162	 87.983285	 87.947142	 87.911725	 87.877026	 87.843038	 87.809752	 87.777161	 87.745258	 87.714034	 87.683481	 87.653592	 87.624359	 87.595775	  87.56783	 87.540518	 87.513832	 87.487762	 87.462302	 87.437443	 87.413179	 87.389502	 87.366404	 87.343878	 87.321917	 87.300513	 87.279659	 87.259348	 87.239573	 87.220327	 87.201603	 87.183394	 87.165694	 87.148496	 87.131793	  87.11558	 87.099849	 87.084595	 87.069812	 87.055494	 87.041634	 87.028228	 87.015269	 87.002752	 86.990673	 86.979025	 86.967803	 86.957004	 86.946622	 86.936652	  86.92709	 86.917932	 86.909174	 86.900811	  86.89284	 86.885257	 86.878058	  86.87124	 86.864801	 86.858736	 86.853043	 86.847719	 86.842761	 86.838168	 86.833937	 86.830066	 86.826553	 86.823396	 86.820593	 86.818144	 86.816047	 86.814302	 86.812906	  86.81186	 86.811163	 86.810814	
        99	 98.867727	 98.735475	 98.603264	 98.471115	 98.339048	 98.207085	 98.075244	 97.943548	 97.812015	 97.680667	 97.549524	 97.418605	 97.287932	 97.157522	 97.027397	 96.897576	 96.768079	 96.638924	 96.510131	  96.38172	 96.253708	 96.126114	 95.998958	 95.872257	 95.746028	 95.620292	 95.495063	 95.370361	 95.246202	 95.122604	 94.999582	 94.877153	 94.755334	  94.63414	 94.513587	 94.393691	 94.274465	 94.155926	 94.038086	 93.920962	 93.804565	 93.688911	 93.574012	 93.459881	  93.34653	 93.233972	 93.122219	 93.011282	 92.901173	 92.791902	  92.68348	 92.575917	 92.469223	 92.363408	  92.25848	 92.154449	 92.051323	 91.949111	 91.847819	 91.747455	 91.648027	 91.549541	 91.452003	  91.35542	 91.259796	 91.165138	 91.071451	 90.978738	 90.887004	 90.796254	  90.70649	 90.617716	 90.529934	 90.443148	  90.35736	 90.272571	 90.188782	 90.105996	 90.024213	 89.943434	 89.863659	 89.784888	 89.707121	 89.630356	 89.554594	 89.479833	 89.406071	 89.333307	 89.261538	 89.190763	 89.120979	 89.052183	 88.984371	 88.917541	 88.851689	 88.786811	 88.722902	  88.65996	 88.597979	 88.536954	 88.476881	 88.417754	 88.359568	 88.302318	 88.245998	 88.190601	 88.136123	 88.082556	 88.029895	 87.978132	 87.927262	 87.877277	  87.82817	 87.779934	 87.732563	 87.686048	 87.640383	 87.595559	  87.55157	 87.508408	 87.466064	 87.424531	 87.383801	 87.343866	 87.304717	 87.266348	 87.228749	 87.191913	 87.155831	 87.120496	 87.085898	 87.052029	 87.018882	 86.986447	 86.954717	 86.923684	 86.893338	 86.863673	 86.834679	 86.806348	 86.778673	 86.751644	 86.725255	 86.699496	 86.674361	  86.64984	 86.625927	 86.602613	  86.57989	 86.557752	  86.53619	 86.515197	 86.494765	 86.474888	 86.455558	 86.436767	  86.41851	 86.400778	 86.383566	 86.366867	 86.350673	  86.33498	 86.319779	 86.305066	 86.290834	 86.277077	 86.263789	 86.250965	   86.2386	 86.226688	 86.215223	 86.204201	 86.193618	 86.183467	 86.173745	 86.164447	 86.155569	 86.147107	 86.139057	 86.131414	 86.124177	  86.11734	 86.110902	 86.104858	 86.099206	 86.093944	 86.089068	 86.084576	 86.080466	 86.076736	 86.073385	  86.07041	  86.06781	 86.065584	 86.063731	 86.062249	 86.061139	 86.060399	 86.060029	
