Time step 65:
        99	        99	        99	        99	        99	        99	        99	        99	        99	        99	        99	        99	        99	        99	        99	        99	        99	        99	        99	        99	        99	        99	        99	        99	        99	        99	        99	        99	        99	        99	        99	        99	        99	        99	        99	        99	        99	        99	        99	        99	        99	        99	        99	        99	        99	        99	        99	        99	        99	        99	        99	        99	        99	        99	        99	        99	        99	        99	        99	        99	        99	        99	        99	        99	        99	        99	        99	        99	        99	        99	        99	        99	        99	        99	        99	        99	        99	        99	        99	        99	        99	        99	        99	        99	        99	        99	        99	        99	        99	        99	        99	        99	        99	        99	        99	        99	        99	        99	        99	        99	        99	        99	        99	        99	        99	        99	        99	        99	        99	        99	        99	        99	        99	        99	        99	        99	        99	        99	        99	        99	        99	        99	        99	        99	        99	        99	        99	        99	        99	        99	        99	        99	        99	        99	        99	        99	        99	        99	        99	        99	        99	        99	        99	        99	        99	        99	        99	        99	        99	        99	        99	        99	        99	        99	        99	        99	        99	        99	        99	        99	        99	        99	        99	        99	        99	        99	        99	        99	        99	        99	        99	        99	        99	        99	        99	        99	        99	        99	        99	        99	        99	        99	        99	        99	        99	        99	        99	        99	        99	        99	        99	        99	        99	        99	        99	        99	        99	        99	        99	        99	
        99	 98.990231	 98.980465	 98.970702	 98.960944	 98.951194	 98.941454	 98.931725	  98.92201	 98.912309	 98.902625	  98.89296	 98.883316	 98.873694	 98.864097	 98.854525	 98.844982	 98.835468	 98.825985	 98.816536	 98.807121	 98.797743	 98.788403	 98.779103	 98.769844	 98.760628	 98.751457	 98.742332	 98.733255	 98.724227	  98.71525	 98.706325	 98.697454	 98.688638	 98.679877	 98.671175	 98.662532	 98.653948	 98.645427	 98.636968	 98.628572	 98.620242	 98.611978	 98.603781	 98.595652	 98.587593	 98.579603	 98.571685	 98.563838	 98.556065	 98.548365	 98.540739	 98.533189	 98.525715	 98.518317	 98.510996	 98.503753	 98.496589	 98.489503	 98.482497	  98.47557	 98.468724	 98.461959	 98.455274	 98.448671	  98.44215	  98.43571	 98.429352	 98.423077	 98.416884	 98.410773	 98.404745	   98.3988	 98.392937	 98.387157	 98.381459	 98.375844	 98.370311	  98.36486	 98.359491	 98.354204	 98.348998	 98.343874	 98.338831	 98.333869	 98.328987	 98.324184	 98.319462	 98.314819	 98.310254	 98.305768	  98.30136	 98.297028	 98.292774	 98.288596	 98.284494	 98.280466	 98.276514	 98.272635	 98.268829	 98.265096	 98.261435	 98.257845	 98.254326	 98.250877	 98.247496	 98.244184	  98.24094	 98.237763	 98.234652	 98.231606	 98.228625	 98.225708	 98.222854	 98.220062	 98.217331	 98.214661	 98.212051	   98.2095	 98.207007	 98.204571	 98.202192	 98.199868	   98.1976	 98.195385	 98.193223	 98.191114	 98.189057	  98.18705	 98.185093	 98.183185	 98.181325	 98.179513	 98.177747	 98.176027	 98.174353	 98.172722	 98.171135	  98.16959	 98.168087	 98.166626	 98.165204	 98.163822	 98.162479	 98.161175	 98.159907	 98.158676	 98.157481	 98.156321	 98.155196	 98.154104	 98.153046	  98.15202	 98.151026	 98.150063	 98.149131	 98.148229	 98.147356	 98.146512	 98.145696	 98.144907	 98.144146	 98.143411	 98.142702	 98.142018	 98.141359	 98.140725	 98.140115	 98.139528	 98.138964	 98.138423	 98.137904	 98.137407	 98.136931	 98.136476	 98.136041	 98.135627	 98.135233	 98.134858	 98.134502	 98.134166	 98.133848	 98.133548	 98.133266	 98.133002	 98.132756	 98.132527	 98.132316	 98.132121	 98.131944	 98.131783	 98.131638	  98.13151	 98.131398	 98.131302	 98.131223	 98.131159	 98.131111	  98.13108	 98.131064	
        99	 98.980465	 98.960933	 98.941409	 98.921896	 98.902398	  98.88292	 98.863464	 98.844034	 98.824635	  98.80527	 98.785942	 98.766655	 98.747413	  98.72822	 98.709079	 98.689994	 98.670968	 98.652004	 98.633107	 98.614279	 98.595525	 98.576847	 98.558248	 98.539732	 98.521303	 98.502963	 98.484715	 98.466562	 98.448508	 98.430556	 98.412708	 98.394967	 98.377336	 98.359817	 98.342414	 98.325129	 98.307964	 98.290922	 98.274006	 98.257217	 98.240558	 98.224032	 98.207639	 98.191383	 98.175266	 98.159288	 98.143453	 98.127762	 98.112216	 98.096818	 98.081568	 98.066469	 98.051521	 98.036727	 98.022087	 98.007603	 97.993275	 97.979105	 97.965094	 97.951243	 97.937552	 97.924022	 97.910655	  97.89745	 97.884408	  97.87153	 97.858816	 97.846266	 97.833881	 97.821661	 97.809606	 97.797717	 97.785992	 97.774433	 97.763038	 97.751809	 97.740744	 97.729843	 97.719106	 97.708533	 97.698123	 97.687876	 97.677791	 97.667867	 97.658104	   97.6485	 97.639056	 97.629771	 97.620642	 97.611671	 97.602855	 97.594193	 97.585686	  97.57733	 97.569126	 97.561073	 97.553168	 97.545411	   97.5378	 97.530335	 97.523013	 97.515835	 97.508797	 97.501899	 97.495139	 97.488516	 97.482028	 97.475674	 97.469452	 97.463362	   97.4574	 97.451566	 97.445858	 97.440275	 97.434814	 97.429475	 97.424255	 97.419153	 97.414167	 97.409296	 97.404538	 97.399892	 97.395355	 97.390926	 97.386604	 97.382386	 97.378271	 97.374258	 97.370344	 97.366529	  97.36281	 97.359185	 97.355654	 97.352215	 97.348866	 97.345605	  97.34243	 97.339341	 97.336336	 97.333413	 97.330571	 97.327807	 97.325122	 97.322512	 97.319977	 97.317516	 97.315126	 97.312806	 97.310556	 97.308373	 97.306257	 97.304205	 97.302217	 97.300292	 97.298427	 97.296623	 97.294877	 97.293189	 97.291557	  97.28998	 97.288457	 97.286988	  97.28557	 97.284203	 97.282886	 97.281617	 97.280397	 97.279223	 97.278096	 97.277014	 97.275976	 97.274981	 97.274029	 97.273119	 97.272251	 97.271422	 97.270633	 97.269884	 97.269173	 97.268499	 97.267863	 97.267264	 97.266701	 97.266173	 97.265681	 97.265223	   97.2648	 97.264411	 97.264056	 97.263734	 97.263445	 97.263188	 97.262965	 97.262773	 97.262614	 97.262487	 97.262391	 97.262328	 97.262296	
        99	 98.970702	 98.941409	 98.912127	 98.882863	 98.853621	 98.824408	 98.795229	 98.766089	 98.736995	 98.707952	 98.678964	 98.650039	 98.621181	 98.592396	 98.563689	 98.535066	 98.506531	 98.478091	  98.44975	 98.421513	 98.393385	 98.365373	 98.337479	  98.30971	  98.28207	 98.254565	 98.227197	 98.199973	 98.172896	 98.145972	 98.119204	 98.092597	 98.066154	 98.039881	 98.013781	 97.987857	 97.962114	 97.936556	 97.911185	 97.886006	 97.861022	 97.836236	 97.811651	 97.787271	 97.763098	 97.739136	 97.715387	 97.691854	 97.668539	 97.645446	 97.622575	  97.59993	 97.577512	 97.555324	 97.533368	 97.511645	 97.490157	 97.468906	 97.447892	 97.427119	 97.406586	 97.386295	 97.366246	 97.346442	 97.326883	 97.307569	 97.288501	 97.269679	 97.251105	 97.232778	 97.214698	 97.196867	 97.179283	 97.161946	 97.144857	 97.128016	 97.111421	 97.095073	 97.078971	 97.063114	 97.047501	 97.032133	 97.017007	 97.002124	 96.987481	 96.973078	 96.958915	 96.944988	 96.931298	 96.917843	 96.904621	 96.891631	 96.878872	 96.866341	 96.854037	 96.841958	 96.830103	 96.818469	 96.807055	 96.795859	 96.784879	 96.774112	 96.763557	 96.753211	 96.743073	  96.73314	  96.72341	 96.713881	  96.70455	 96.695415	 96.686474	 96.677725	 96.669164	 96.660791	 96.652601	 96.644593	 96.636765	 96.629113	 96.621636	 96.614331	 96.607195	 96.600226	 96.593422	  96.58678	 96.580297	 96.573971	   96.5678	 96.561781	 96.555912	 96.550189	 96.544612	 96.539176	 96.533881	 96.528722	 96.523699	 96.518808	 96.514048	 96.509415	 96.504908	 96.500524	 96.496261	 96.492117	 96.488089	 96.484175	 96.480374	 96.476682	 96.473098	 96.469619	 96.466244	  96.46297	 96.459796	 96.456719	 96.453738	  96.45085	 96.448054	 96.445348	  96.44273	 96.440198	  96.43775	 96.435385	 96.433102	 96.430897	 96.428771	 96.426721	 96.424745	 96.422843	 96.421013	 96.419253	 96.417562	 96.415939	 96.414382	 96.412891	 96.411463	 96.410098	 96.408795	 96.407553	  96.40637	 96.405246	 96.404179	 96.403169	 96.402216	 96.401317	 96.400472	 96.399681	 96.398943	 96.398256	 96.397622	 96.397038	 96.396505	 96.396022	 96.395588	 96.395204	 96.394868	 96.394581	 96.394343	 96.394152	 96.394009	 96.393914	 96.393866	
        99	 98.960944	 98.921896	 98.882863	 98.843853	 98.804873	 98.765931	 98.727034	  98.68819	 98.649406	  98.61069	  98.57205	 98.533491	 98.495023	 98.456651	 98.418384	 98.380228	 98.342191	 98.304279	 98.266499	 98.228858	 98.191364	 98.154022	 98.116839	 98.079822	 98.042977	 98.006311	  97.96983	 97.933539	 97.897445	 97.861554	 97.825871	 97.790403	 97.755155	 97.720131	 97.685339	 97.650782	 97.616466	 97.582395	 97.548576	 97.515011	 97.481706	 97.448666	 97.415894	 97.383394	 97.351172	 97.319229	 97.287571	 97.256201	 97.225121	 97.194337	 97.163849	 97.133663	 97.103779	 97.074202	 97.044934	 97.015976	 96.987332	 96.959003	 96.930992	   96.9033	 96.875929	  96.84888	 96.822155	 96.795756	 96.769682	 96.743936	 96.718518	 96.693428	 96.668668	 96.644238	 96.620137	 96.596367	 96.572927	 96.549817	 96.527037	 96.504587	 96.482465	 96.460673	 96.439208	  96.41807	 96.397258	 96.376771	 96.356608	 96.336768	 96.317249	  96.29805	 96.279169	 96.260605	 96.242356	  96.22442	 96.206795	 96.189479	  96.17247	 96.155766	 96.139364	 96.123263	 96.107459	 96.091951	 96.076736	 96.061811	 96.047174	 96.032822	 96.018752	 96.004961	 95.991446	 95.978205	 95.965235	 95.952532	 95.940094	 95.927917	 95.915998	 95.904335	 95.892923	 95.881761	 95.870844	 95.860169	 95.849733	 95.839534	 95.829566	 95.819828	 95.810316	 95.801027	 95.791956	 95.783102	  95.77446	 95.766028	 95.757802	 95.749778	 95.741954	 95.734326	 95.726891	 95.719645	 95.712586	  95.70571	 95.699014	 95.692494	 95.686148	 95.679973	 95.673965	 95.668121	 95.662438	 95.656914	 95.651544	 95.646327	 95.641259	 95.636338	  95.63156	 95.626923	 95.622424	  95.61806	 95.613829	 95.609727	 95.605753	 95.601904	 95.598176	 95.594569	 95.591079	 95.587703	 95.584441	 95.581288	 95.578244	 95.575306	 95.572471	 95.569738	 95.567105	 95.564569	 95.562129	 95.559783	 95.557529	 95.555366	  95.55329	 95.551302	 95.549399	  95.54758	 95.545843	 95.544187	  95.54261	 95.541112	  95.53969	 95.538344	 95.537072	 95.535874	 95.534748	 95.533693	 95.532709	 95.531794	 95.530948	 95.530171	  95.52946	 95.528816	 95.528238	 95.527726	 95.527278	 95.526896	 95.526577	 95.526323	 95.526132	 95.526005	 95.525942	
        99	 98.951194	 98.902398	 98.853621	 98.804873	 98.756162	 98.707498	 98.658892	 98.610351	 98.561885	 98.513505	 98.465218	 98.417034	 98.368962	 98.321012	 98.273192	 98.225511	 98.177978	 98.130602	 98.083391	 98.036354	 97.989499	 97.942835	  97.89637	 97.850113	  97.80407	 97.758251	 97.712662	 97.667312	 97.622208	 97.577357	 97.532767	 97.488444	 97.444396	  97.40063	 97.357152	 97.313968	 97.271086	  97.22851	 97.186248	 97.144304	 97.102686	 97.061397	 97.020444	 96.979831	 96.939565	 96.899648	 96.860087	 96.820886	 96.782048	 96.743578	  96.70548	 96.667758	 96.630414	 96.593454	 96.556879	 96.520692	 96.484898	 96.449497	 96.414493	 96.379888	 96.345684	 96.311883	 96.278487	 96.245497	 96.212915	 96.180741	 96.148978	 96.117625	 96.086684	 96.056154	 96.026038	 95.996333	 95.967042	 95.938163	 95.909696	 95.881641	 95.853998	 95.826765	 95.799942	 95.773527	  95.74752	 95.721919	 95.696723	  95.67193	 95.647538	 95.623546	 95.599952	 95.576754	 95.553949	 95.531535	  95.50951	 95.487871	 95.466616	 95.445742	 95.425246	 95.405126	 95.385377	 95.365998	 95.346984	 95.328334	 95.310042	 95.292107	 95.274525	 95.257291	 95.240403	 95.223856	 95.207648	 95.191774	 95.176231	 95.161014	  95.14612	 95.131545	 95.117285	 95.103336	 95.089693	 95.076354	 95.063313	 95.050567	 95.038112	 95.025943	 95.014056	 95.002448	 94.991113	 94.980048	 94.969249	 94.958712	 94.948432	 94.938406	 94.928628	 94.919096	 94.909805	  94.90075	 94.891929	 94.883336	 94.874968	 94.866821	 94.858891	 94.851174	 94.843666	 94.836364	 94.829262	 94.822359	 94.815649	  94.80913	 94.802797	 94.796647	 94.790676	 94.784882	 94.779259	 94.773806	 94.768518	 94.763393	 94.758427	 94.753616	 94.748959	 94.744451	 94.740089	 94.735871	 94.731794	 94.727855	 94.724051	 94.720379	 94.716837	 94.713421	 94.710131	 94.706962	 94.703913	 94.700981	 94.698165	 94.695461	 94.692868	 94.690383	 94.688005	 94.685732	 94.683561	 94.681491	 94.679521	 94.677648	 94.675872	  94.67419	 94.672601	 94.671103	 94.669696	 94.668378	 94.667148	 94.666005	 94.664948	 94.663976	 94.663088	 94.662283	 94.661561	 94.660921	 94.660362	 94.659884	 94.659486	 94.659168	  94.65893	 94.658771	 94.658692	
        99	 98.941454	  98.88292	 98.824408	 98.765931	 98.707498	 98.649123	 98.590816	 98.532587	  98.47445	 98.416413	  98.35849	  98.30069	 98.243024	 98.185504	 98.128141	 98.070944	 98.013925	 97.957093	  97.90046	 97.844036	  97.78783	 97.731854	 97.676116	 97.620626	 97.565395	 97.510431	 97.455744	 97.401343	 97.347237	 97.293436	 97.239946	 97.186778	  97.13394	 97.081439	 97.029284	 96.977482	 96.926041	 96.874969	 96.824272	 96.773957	 96.724033	 96.674504	 96.625378	  96.57666	 96.528357	 96.480475	 96.433018	 96.385993	 96.339404	 96.293257	 96.247556	 96.202305	 96.157509	 96.113172	 96.069297	 96.025889	 95.982951	 95.940485	 95.898496	 95.856984	 95.815954	 95.775408	 95.735346	 95.695772	 95.656687	 95.618093	  95.57999	  95.54238	 95.505264	 95.468642	 95.432515	 95.396883	 95.361745	 95.327103	 95.292955	 95.259301	 95.226141	 95.193473	 95.161296	  95.12961	 95.098412	 95.067702	 95.037478	 95.007736	 94.978477	 94.949697	 94.921394	 94.893566	  94.86621	 94.839323	 94.812902	 94.786945	 94.761448	 94.736408	 94.711822	 94.687686	 94.663996	 94.640749	 94.617941	 94.595568	 94.573626	 94.552112	  94.53102	 94.510347	 94.490089	  94.47024	 94.450797	 94.431755	  94.41311	 94.394856	  94.37699	 94.359506	   94.3424	 94.325667	 94.309302	   94.2933	 94.277657	 94.262367	 94.247426	 94.232828	 94.218569	 94.204644	 94.191047	 94.177774	  94.16482	  94.15218	 94.139849	 94.127821	 94.116092	 94.104658	 94.093512	 94.082651	 94.072069	 94.061761	 94.051723	  94.04195	 94.032438	 94.023181	 94.014174	 94.005414	 93.996896	 93.988614	 93.980565	 93.972745	 93.965148	 93.957771	 93.950609	 93.943657	 93.936913	 93.930372	 93.924029	 93.917881	 93.911923	 93.906153	 93.900566	 93.895158	 93.889926	 93.884866	 93.879975	  93.87525	 93.870687	 93.866282	 93.862033	 93.857936	 93.853988	 93.850187	  93.84653	 93.843013	 93.839634	 93.836391	  93.83328	   93.8303	 93.827447	  93.82472	 93.822116	 93.819634	  93.81727	 93.815024	 93.812892	 93.810874	 93.808968	 93.807172	 93.805484	 93.803903	 93.802428	 93.801057	 93.799789	 93.798623	 93.797557	 93.796592	 93.795726	 93.794958	 93.794287	 93.793713	 93.793236	 93.792855	 93.792569	 93.792379	 93.792284	
        99	 98.931725	 98.863464	 98.795229	 98.727034	 98.658892	 98.590816	 98.522819	 98.454914	 98.387116	 98.319435	 98.251886	 98.184481	 98.117233	 98.050155	 97.983258	 97.916557	 97.850062	 97.783787	 97.717743	 97.651942	 97.586397	 97.521118	 97.456118	 97.391407	 97.326997	   97.2629	 97.199125	 97.135684	 97.072588	 97.009845	 96.947467	 96.885464	 96.823845	  96.76262	 96.701797	 96.641387	 96.581398	 96.521839	 96.462717	 96.404042	 96.345821	 96.288062	 96.230772	 96.173959	 96.117629	 96.061789	 96.006447	 95.951607	 95.897276	  95.84346	 95.790165	 95.737394	 95.685154	 95.633449	 95.582284	 95.531663	 95.481589	 95.432067	 95.383099	  95.33469	 95.286842	 95.239557	 95.192838	 95.146688	 95.101108	   95.0561	 95.011666	 94.967806	 94.924522	 94.881814	 94.839684	  94.79813	 94.757154	 94.716755	 94.676932	 94.637686	 94.599015	 94.560918	 94.523395	 94.486443	 94.450061	 94.414248	    94.379	 94.344317	 94.310195	 94.276633	 94.243627	 94.211174	 94.179272	 94.147917	 94.117106	 94.086836	 94.057102	 94.027901	 93.999228	 93.971081	 93.943455	 93.916345	 93.889747	 93.863656	 93.838068	 93.812978	 93.788382	 93.764273	 93.740648	 93.717501	 93.694827	 93.672621	 93.650877	  93.62959	 93.608755	 93.588366	 93.568417	 93.548903	 93.529819	 93.511158	 93.492915	 93.475085	 93.457661	 93.440637	 93.424009	 93.407769	 93.391913	 93.376435	 93.361328	 93.346587	 93.332207	  93.31818	 93.304503	 93.291168	  93.27817	 93.265504	 93.253163	 93.241143	 93.229437	  93.21804	 93.206947	 93.196151	 93.185648	 93.175432	 93.165498	 93.155841	 93.146455	 93.137334	 93.128475	 93.119872	  93.11152	 93.103413	 93.095548	  93.08792	 93.080523	 93.073353	 93.066406	 93.059676	 93.053161	 93.046854	 93.040753	 93.034853	 93.029149	 93.023638	 93.018316	  93.01318	 93.008224	 93.003447	 92.998843	 92.994411	 92.990146	 92.986044	 92.982104	 92.978322	 92.974694	 92.971218	 92.967891	 92.964711	 92.961675	  92.95878	 92.956023	 92.953404	 92.950918	 92.948565	 92.946342	 92.944247	 92.942279	 92.940435	 92.938715	 92.937116	 92.935637	 92.934277	 92.933035	 92.931909	 92.930899	 92.930003	 92.929221	 92.928552	 92.927996	 92.927551	 92.927218	 92.926996	 92.926885	
        99	  98.92201	 98.844034	 98.766089	  98.68819	 98.610351	 98.532587	 98.454914	 98.377347	   98.2999	 98.222589	 98.145427	  98.06843	 97.991613	 97.914989	 97.838573	  97.76238	 97.686423	 97.610716	 97.535274	 97.460109	 97.385237	 97.310668	 97.236418	 97.162499	 97.088924	 97.015705	 96.942855	 96.870387	 96.798311	  96.72664	 96.655386	 96.584559	 96.514172	 96.444234	 96.374756	  96.30575	 96.237224	 96.169189	 96.101654	 96.034629	 95.968123	 95.902145	 95.836702	 95.771804	 95.707459	 95.643673	 95.580455	 95.517811	 95.455749	 95.394275	 95.333395	 95.273115	 95.213442	 95.154379	 95.095933	 95.038108	 94.980908	 94.924339	 94.868403	 94.813105	 94.758448	 94.704434	 94.651068	  94.59835	 94.546284	 94.494871	 94.444114	 94.394013	 94.344569	 94.295784	 94.247658	 94.200191	 94.153384	 94.107236	 94.061746	 94.016915	 93.972741	 93.929223	  93.88636	  93.84415	 93.802591	 93.761681	 93.721418	 93.681799	 93.642822	 93.604483	  93.56678	  93.52971	 93.493268	 93.457451	 93.422255	 93.387677	 93.353712	 93.320356	 93.287603	 93.255451	 93.223893	 93.192925	 93.162542	 93.132739	 93.103509	 93.074849	 93.046752	 93.019213	 92.992226	 92.965786	 92.939885	 92.914519	 92.889681	 92.865365	 92.841564	 92.818274	 92.795486	 92.773196	 92.751396	 92.730079	  92.70924	 92.688873	 92.668969	 92.649523	 92.630528	 92.611978	 92.593866	 92.576184	 92.558928	  92.54209	 92.525662	  92.50964	 92.494016	 92.478784	 92.463936	 92.449468	 92.435371	  92.42164	 92.408268	  92.39525	 92.382578	 92.370246	 92.358248	 92.346579	 92.335231	 92.324199	 92.313477	 92.303059	 92.292939	 92.283112	 92.273571	 92.264311	 92.255327	 92.246613	 92.238163	 92.229973	 92.222037	  92.21435	 92.206907	 92.199703	 92.192734	 92.185994	 92.179479	 92.173184	 92.167105	 92.161237	 92.155576	 92.150119	 92.144861	 92.139797	 92.134925	  92.13024	 92.125739	 92.121418	 92.117274	 92.113304	 92.109504	 92.105871	 92.102403	 92.099095	 92.095947	 92.092954	 92.090115	 92.087427	 92.084888	 92.082495	 92.080247	 92.078141	 92.076175	 92.074349	  92.07266	 92.071106	 92.069687	 92.068401	 92.067247	 92.066224	 92.065331	 92.064566	 92.063931	 92.063423	 92.063042	 92.062789	 92.062662	
        99	 98.912309	 98.824635	 98.736995	 98.649406	 98.561885	  98.47445	 98.387116	   98.2999	  98.21282	 98.125892	 98.039133	 97.952559	 97.866187	 97.780033	 97.694112	 97.608442	 97.523037	 97.437914	 97.353088	 97.268575	 97.184389	 97.100546	  97.01706	 96.933947	  96.85122	 96.768895	 96.686983	 96.605501	  96.52446	 96.443875	 96.363758	 96.284121	 96.204979	 96.126342	 96.048223	 95.970633	 95.893584	 95.817086	 95.741152	  95.66579	 95.591012	 95.516827	 95.443245	 95.370275	 95.297925	 95.226206	 95.155125	 95.084689	 95.014908	 94.945787	 94.877335	 94.809558	 94.742461	 94.676052	 94.610337	 94.545319	 94.481005	 94.417399	 94.354506	  94.29233	 94.230874	 94.170143	 94.110138	 94.050864	 93.992321	 93.934514	 93.877443	  93.82111	 93.765517	 93.710664	 93.656551	 93.603181	 93.550551	 93.498663	 93.447516	 93.397109	  93.34744	 93.298509	 93.250315	 93.202854	 93.156126	 93.110128	 93.064857	  93.02031	 92.976485	 92.933378	 92.890985	 92.849303	 92.808329	 92.768057	 92.728484	 92.689605	 92.651415	 92.613909	 92.577083	 92.540932	 92.505449	 92.470629	 92.436467	 92.402956	 92.370091	 92.337866	 92.306275	 92.275311	 92.244967	 92.215237	 92.186115	 92.157594	 92.129666	 92.102326	 92.075565	 92.049377	 92.023756	 91.998693	 91.974181	 91.950213	 91.926782	 91.903881	 91.881502	 91.859637	  91.83828	 91.817422	 91.797057	 91.777177	 91.757774	 91.738841	 91.720371	 91.702355	 91.684788	 91.667661	 91.650967	 91.634698	 91.618848	  91.60341	 91.588375	 91.573737	 91.559489	 91.545623	 91.532133	 91.519012	 91.506253	 91.493849	 91.481793	 91.470079	 91.458701	 91.447651	 91.436923	 91.426512	  91.41641	 91.406612	 91.397111	 91.387903	 91.378979	 91.370336	 91.361968	 91.353868	 91.346032	 91.338453	 91.331128	  91.32405	 91.317214	 91.310617	 91.304252	 91.298116	 91.292204	  91.28651	 91.281032	 91.275765	 91.270704	 91.265846	 91.261186	 91.256722	 91.252449	 91.248365	 91.244465	 91.240746	 91.237206	 91.233841	 91.230649	 91.227627	 91.224772	 91.222081	 91.219553	 91.217185	 91.214975	 91.212922	 91.211022	 91.209276	  91.20768	 91.206234	 91.204937	 91.203786	 91.202782	 91.201922	 91.201208	 91.200637	 91.200209	 91.199924	 91.199781	
        99	 98.902625	  98.80527	 98.707952	  98.61069	 98.513505	 98.416413	 98.319435	 98.222589	 98.125892	 98.029365	 97.933025	 97.836891	 97.740981	 97.645312	 97.549904	 97.454773	 97.359937	 97.265414	  97.17122	 97.077374	 96.983892	  96.89079	 96.798086	 96.705794	 96.613932	 96.522515	 96.431558	 96.341078	 96.251088	 96.161603	 96.072639	 95.984209	 95.896326	 95.809006	  95.72226	 95.636102	 95.550544	 95.465599	 95.381279	 95.297595	 95.214559	 95.132182	 95.050474	 94.969446	 94.889108	 94.809468	 94.730537	 94.652324	 94.574837	 94.498083	 94.422072	  94.34681	 94.272304	 94.198562	 94.125589	 94.053391	 93.981975	 93.911346	 93.841507	 93.772465	 93.704223	 93.636784	 93.570154	 93.504333	 93.439326	 93.375135	 93.311762	 93.249208	 93.187476	 93.126565	 93.066477	 93.007213	 92.948772	 92.891154	 92.834358	 92.778385	 92.723231	 92.668897	  92.61538	 92.562679	 92.510791	 92.459713	 92.409442	 92.359976	 92.311311	 92.263444	  92.21637	 92.170086	 92.124586	 92.079867	 92.035924	 91.992751	 91.950344	 91.908697	 91.867804	  91.82766	 91.788259	 91.749594	 91.711659	 91.674448	 91.637955	 91.602171	 91.567091	 91.532707	 91.499012	    91.466	 91.433662	 91.401991	 91.370979	 91.340619	 91.310904	 91.281824	 91.253373	 91.225542	 91.198324	 91.171709	 91.145691	 91.120261	  91.09541	 91.071131	 91.047415	 91.024254	  91.00164	 90.979565	 90.958019	 90.936995	 90.916485	 90.896481	 90.876973	 90.857955	 90.839417	 90.821353	 90.803752	 90.786609	 90.769913	 90.753659	 90.737837	 90.722441	 90.707461	 90.692891	 90.678723	 90.664949	 90.651562	 90.638555	 90.625919	 90.613649	 90.601737	 90.590176	 90.578959	 90.568078	 90.557529	 90.547303	 90.537395	 90.527797	 90.518504	  90.50951	 90.500808	 90.492393	 90.484259	 90.476399	 90.468809	 90.461483	 90.454416	 90.447602	 90.441036	 90.434714	 90.428631	 90.422782	 90.417162	 90.411767	 90.406594	 90.401636	 90.396892	 90.392356	 90.388026	 90.383896	 90.379965	 90.376229	 90.372684	 90.369328	 90.366158	  90.36317	 90.360363	 90.357733	  90.35528	 90.352999	  90.35089	 90.348951	 90.347179	 90.345573	 90.344132	 90.342855	 90.341739	 90.340785	 90.339992	 90.339358	 90.338882	 90.338566	 90.338408	
        99	  98.89296	 98.785942	 98.678964	  98.57205	 98.465218	  98.35849	 98.251886	 98.145427	 98.039133	 97.933025	 97.827123	 97.721447	 97.616018	 97.510854	 97.405975	 97.301402	 97.197153	 97.093248	 96.989706	 96.886545	 96.783784	 96.681442	 96.579536	 96.478084	 96.377104	 96.276613	 96.176629	 96.077168	 95.978246	  95.87988	 95.782085	 95.684878	 95.588273	 95.492285	 95.396929	  95.30222	  95.20817	 95.114794	 95.022105	 94.930115	 94.838837	 94.748284	 94.658466	 94.569395	 94.481083	 94.393539	 94.306774	 94.220798	 94.135619	 94.051248	 93.967692	  93.88496	 93.803059	 93.721997	 93.641781	 93.562418	 93.483914	 93.406274	 93.329504	 93.253609	 93.178593	 93.104461	 93.031217	 92.958864	 92.887405	 92.816842	 92.747179	 92.678417	 92.610557	   92.5436	 92.477549	 92.412402	  92.34816	 92.284823	 92.222391	 92.160861	 92.100234	 92.040507	 91.981678	 91.923746	 91.866707	  91.81056	   91.7553	 91.700924	 91.647429	 91.594811	 91.543064	 91.492186	  91.44217	 91.393013	 91.344708	  91.29725	 91.250634	 91.204853	 91.159902	 91.115773	 91.072461	 91.029959	 90.988259	 90.947355	 90.907238	 90.867903	 90.829341	 90.791545	 90.754506	 90.718216	 90.682669	 90.647854	 90.613765	 90.580392	 90.547727	 90.515761	 90.484486	 90.453892	 90.423972	 90.394716	 90.366116	 90.338161	 90.310844	 90.284155	 90.258085	 90.232626	 90.207767	   90.1835	 90.159816	 90.136706	  90.11416	  90.09217	 90.070727	  90.04982	 90.029443	 90.009585	 89.990238	 89.971393	  89.95304	 89.935173	 89.917781	 89.900856	 89.884389	 89.868373	 89.852799	 89.837658	 89.822942	 89.808644	 89.794754	 89.781266	 89.768172	 89.755463	 89.743132	 89.731172	 89.719576	 89.708335	 89.697443	 89.686893	 89.676678	 89.666791	 89.657225	 89.647975	 89.639033	 89.630393	  89.62205	 89.613997	 89.606228	 89.598738	 89.591521	 89.584571	 89.577884	 89.571454	 89.565277	 89.559347	 89.553659	  89.54821	 89.542995	 89.538009	 89.533248	  89.52871	 89.524388	 89.520281	 89.516385	 89.512695	  89.50921	 89.505926	  89.50284	  89.49995	 89.497252	 89.494746	 89.492427	 89.490295	 89.488348	 89.486583	 89.484999	 89.483594	 89.482368	 89.481319	 89.480447	  89.47975	 89.479228	  89.47888	 89.478706	
        99	 98.883316	 98.766655	 98.650039	 98.533491	 98.417034	  98.30069	 98.184481	  98.06843	 97.952559	 97.836891	 97.721447	  97.60625	 97.491321	 97.376682	 97.262354	 97.148359	 97.034717	  96.92145	 96.808579	 96.696123	 96.584104	  96.47254	 96.361452	  96.25086	 96.140782	 96.031237	 95.922244	 95.813821	 95.705986	 95.598757	 95.492152	 95.386186	 95.280877	 95.176241	 95.072293	  94.96905	 94.866527	 94.764738	 94.663697	 94.563419	 94.463917	 94.365205	 94.267295	 94.170199	 94.073929	 93.978498	 93.883915	 93.790192	 93.697339	 93.605366	 93.514282	 93.424095	 93.334815	  93.24645	 93.159007	 93.072493	 92.986915	  92.90228	 92.818593	  92.73586	 92.654085	 92.573274	 92.493431	 92.414558	 92.336661	 92.259741	 92.183801	 92.108843	 92.034869	  91.96188	 91.889877	 91.818861	 91.748831	 91.679787	 91.611729	 91.544656	 91.478566	 91.413458	 91.349329	 91.286177	 91.223999	 91.162793	 91.102554	 91.043279	 90.984964	 90.927604	 90.871196	 90.815733	 90.761211	 90.707625	 90.654968	 90.603234	 90.552418	 90.502512	 90.453511	 90.405406	 90.358192	  90.31186	 90.266402	 90.221813	 90.178082	 90.135203	 90.093166	 90.051964	 90.011588	 89.972029	 89.933279	 89.895327	 89.858166	 89.821786	 89.786178	 89.751332	 89.717239	  89.68389	 89.651274	 89.619382	 89.588204	 89.557731	 89.527953	 89.498859	 89.470441	 89.442687	 89.415589	 89.389135	 89.363317	 89.338125	 89.313548	 89.289576	 89.266201	 89.243411	 89.221197	  89.19955	  89.17846	 89.157917	 89.137911	 89.118433	 89.099474	 89.081024	 89.063074	 89.045615	 89.028637	 89.012132	 88.996091	 88.980504	 88.965363	  88.95066	 88.936386	 88.922532	  88.90909	 88.896053	 88.883411	 88.871158	 88.859284	 88.847784	 88.836648	  88.82587	 88.815443	 88.805359	 88.795612	 88.786194	 88.777098	  88.76832	 88.759851	 88.751686	 88.743818	 88.736243	 88.728953	 88.721944	  88.71521	 88.708746	 88.702546	 88.696606	  88.69092	 88.685485	 88.680296	 88.675348	 88.670637	  88.66616	 88.661913	 88.657891	 88.654092	 88.650512	 88.647148	 88.643997	 88.641057	 88.638324	 88.635797	 88.633473	 88.631349	 88.629425	 88.627699	 88.626168	 88.624831	 88.623688	 88.622737	 88.621977	 88.621408	 88.621029	 88.620839	
        99	 98.873694	 98.747413	 98.621181	 98.495023	 98.368962	 98.243024	 98.117233	 97.991613	 97.866187	 97.740981	 97.616018	 97.491321	 97.366915	 97.242822	 97.119067	 96.995672	 96.872659	 96.750052	 96.627873	 96.506145	 96.384888	 96.264125	 96.143877	 96.024165	 95.905009	 95.786431	 95.668451	 95.551087	 95.434361	  95.31829	 95.202893	 95.088189	 94.974197	 94.860932	 94.748413	 94.636657	 94.525679	 94.415496	 94.306124	 94.197577	  94.08987	 93.983018	 93.877034	 93.771932	 93.667724	 93.564423	 93.462041	  93.36059	  93.26008	 93.160523	 93.061927	 92.964304	 92.867662	  92.77201	 92.677357	 92.583709	 92.491074	  92.39946	 92.308872	 92.219316	 92.130799	 92.043324	 91.956897	 91.871521	   91.7872	 91.703937	 91.621735	 91.540596	 91.460522	 91.381514	 91.303574	 91.226701	 91.150897	  91.07616	  91.00249	 90.929886	 90.858346	 90.787869	 90.718452	 90.650092	 90.582787	 90.516534	 90.451327	 90.387165	 90.324041	 90.261952	 90.200892	 90.140856	 90.081838	 90.023832	 89.966833	 89.910834	 89.855827	 89.801806	 89.748764	 89.696693	 89.645585	 89.595432	 89.546227	  89.49796	 89.450624	 89.404208	 89.358706	 89.314106	 89.270401	  89.22758	 89.185634	 89.144553	 89.104327	 89.064948	 89.026403	 88.988684	  88.95178	  88.91568	 88.880374	 88.845853	 88.812104	 88.779118	 88.746884	 88.715392	  88.68463	 88.654587	 88.625254	  88.59662	 88.568673	 88.541403	 88.514799	 88.488851	 88.463548	 88.438879	 88.414834	 88.391402	 88.368572	 88.346335	  88.32468	 88.303596	 88.283073	 88.263102	 88.243672	 88.224773	 88.206395	 88.188529	 88.171165	 88.154293	 88.137904	 88.121988	 88.106537	  88.09154	  88.07699	 88.062878	 88.049194	  88.03593	 88.023077	 88.010628	 87.998575	 87.986908	 87.975621	 87.964705	 87.954154	 87.943959	 87.934114	 87.924611	 87.915444	 87.906606	  87.89809	  87.88989	 87.881999	 87.874412	 87.867123	 87.860125	 87.853414	 87.846984	  87.84083	 87.834947	 87.829329	 87.823973	 87.818874	 87.814028	  87.80943	 87.805077	 87.800964	 87.797089	 87.793448	 87.790037	 87.786854	 87.783896	 87.781161	 87.778645	 87.776347	 87.774264	 87.772395	 87.770738	 87.769291	 87.768054	 87.767024	 87.766202	 87.765585	 87.765175	  87.76497	
        99	 98.864097	  98.72822	 98.592396	 98.456651	 98.321012	 98.185504	 98.050155	 97.914989	 97.780033	 97.645312	 97.510854	 97.376682	 97.242822	   97.1093	 96.976141	  96.84337	  96.71101	 96.579087	 96.447624	 96.316645	 96.186175	 96.056235	  95.92685	 95.798041	 95.669832	 95.542244	 95.415298	 95.289017	  95.16342	 95.038529	 94.914364	 94.790945	  94.66829	 94.546419	  94.42535	 94.305102	 94.185691	 94.067136	 93.949453	 93.832658	 93.716767	 93.601795	 93.487758	 93.374669	 93.262543	 93.151392	 93.041231	 92.932071	 92.823924	 92.716801	 92.610714	 92.505673	 92.401687	 92.298767	 92.196921	 92.096157	 91.996484	 91.897908	 91.800436	 91.704076	 91.608832	 91.514711	 91.421716	 91.329852	 91.239124	 91.149534	 91.061086	 90.973782	 90.887623	 90.802612	 90.718749	 90.636035	 90.554471	 90.474055	 90.394787	 90.316666	  90.23969	 90.163858	 90.089166	 90.015612	 89.943193	 89.871905	 89.801744	 89.732705	 89.664785	 89.597978	 89.532278	  89.46768	 89.404178	 89.341765	 89.280434	  89.22018	 89.160993	 89.102868	 89.045795	 88.989767	 88.934776	 88.880812	 88.827868	 88.775933	    88.725	 88.675058	 88.626097	 88.578109	 88.531082	 88.485007	 88.439874	 88.395672	  88.35239	 88.310018	 88.268544	 88.227959	  88.18825	 88.149408	 88.111419	 88.074275	 88.037962	 88.002469	 87.967786	   87.9339	 87.900801	 87.868476	 87.836914	 87.806103	 87.776033	 87.746691	 87.718066	 87.690146	  87.66292	 87.636376	 87.610504	 87.585291	 87.560727	   87.5368	 87.513499	 87.490813	 87.468731	 87.447243	 87.426336	 87.406001	 87.386227	 87.367003	 87.348319	 87.330165	 87.312531	 87.295406	  87.27878	 87.262645	 87.246989	 87.231804	  87.21708	 87.202808	 87.188979	 87.175584	 87.162615	 87.150062	 87.137917	 87.126172	 87.114819	 87.103849	 87.093256	 87.083031	 87.073168	 87.063658	 87.054495	 87.045671	 87.037181	 87.029017	 87.021174	 87.013645	 87.006424	 86.999505	 86.992884	 86.986553	 86.980509	 86.974746	  86.96926	 86.964045	 86.959098	 86.954414	 86.949989	 86.945819	 86.941901	 86.938231	 86.934807	 86.931624	  86.92868	 86.925973	 86.923501	  86.92126	 86.919248	 86.917465	 86.915909	 86.914577	 86.913469	 86.912584	 86.911921	  86.91148	 86.911259	
        99	 98.854525	 98.709079	 98.563689	 98.418384	 98.273192	 98.128141	 97.983258	 97.838573	 97.694112	 97.549904	 97.405975	 97.262354	 97.119067	 96.976141	 96.833604	 96.691481	   96.5498	 96.408585	 96.267864	 96.127661	 95.988001	  95.84891	 95.710412	 95.572532	 95.435293	 95.298719	 95.162833	 95.027658	 94.893216	 94.759529	 94.626619	 94.494507	 94.363214	  94.23276	 94.103164	 93.974447	 93.846627	 93.719722	  93.59375	 93.468729	 93.344676	 93.221608	 93.099539	 92.978485	 92.858462	 92.739484	 92.621564	 92.504715	 92.388952	 92.274285	 92.160726	 92.048287	 91.936978	 91.826809	  91.71779	  91.60993	 91.503236	 91.397718	 91.293382	 91.190235	 91.088283	 90.987533	 90.887988	 90.789655	 90.692537	 90.596638	  90.50196	 90.408507	  90.31628	 90.225282	 90.135513	 90.046974	 89.959665	 89.873585	 89.788735	 89.705112	 89.622714	 89.541541	 89.461589	 89.382855	 89.305335	 89.229026	 89.153924	 89.080023	  89.00732	 88.935807	  88.86548	 88.796333	 88.728358	  88.66155	   88.5959	 88.531401	 88.468047	 88.405827	 88.344735	 88.284761	 88.225897	 88.168133	 88.111459	 88.055867	 88.001347	 87.947887	 87.895479	  87.84411	 87.793772	 87.744452	  87.69614	 87.648825	 87.602494	 87.557138	 87.512744	   87.4693	 87.426795	 87.385216	 87.344553	 87.304792	 87.265921	 87.227929	 87.190803	 87.154531	   87.1191	 87.084499	 87.050714	 87.017734	 86.985545	 86.954137	 86.923496	 86.893609	 86.864466	 86.836053	 86.808359	  86.78137	 86.755076	 86.729464	 86.704522	 86.680238	 86.656601	 86.633599	  86.61122	 86.589453	 86.568286	 86.547708	 86.527709	 86.508276	   86.4894	 86.471069	 86.453272	    86.436	 86.419242	 86.402987	 86.387226	 86.371949	 86.357147	 86.342808	 86.328925	 86.315488	 86.302488	 86.289916	 86.277763	 86.266021	 86.254682	 86.243737	 86.233178	 86.222999	  86.21319	 86.203746	 86.194657	 86.185919	 86.177523	 86.169464	 86.161734	 86.154328	  86.14724	 86.140464	 86.133994	 86.127825	 86.121952	  86.11637	 86.111075	 86.106061	 86.101324	 86.096861	 86.092667	 86.088739	 86.085073	 86.081666	 86.078515	 86.075618	  86.07297	 86.070572	 86.068419	  86.06651	 86.064844	 86.063419	 86.062233	 86.061286	 86.060576	 86.060103	 86.059867	
        99	 98.844982	 98.689994	 98.535066	 98.380228	 98.225511	 98.070944	 97.916557	  97.76238	 97.608442	 97.454773	 97.301402	 97.148359	 96.995672	  96.84337	 96.691481	 96.540035	 96.389059	  96.23858	 96.088627	 95.939226	 95.790404	 95.642188	 95.494605	 95.347679	 95.201437	 95.055903	 94.911102	 94.767059	 94.623797	  94.48134	 94.339711	 94.198932	 94.059026	 93.920013	 93.781916	 93.644754	 93.508548	 93.373318	 93.239083	  93.10586	 92.973669	 92.842526	 92.712449	 92.583454	 92.455557	 92.328773	 92.203117	 92.078603	 91.955245	 91.833056	 91.712047	 91.592232	 91.473621	 91.356224	 91.240053	 91.125117	 91.011424	 90.898983	 90.787803	 90.677889	 90.569249	 90.461889	 90.355814	  90.25103	  90.14754	  90.04535	 89.944461	 89.844877	   89.7466	 89.649632	 89.553974	 89.459626	 89.366589	 89.274863	 89.184445	 89.095337	 89.007534	 88.921035	 88.835838	 88.751939	 88.669333	 88.588019	 88.507989	 88.429241	 88.351767	 88.275563	 88.200623	 88.126939	 88.054505	 87.983314	 87.913357	 87.844627	 87.777116	 87.710815	 87.645715	 87.581806	  87.51908	 87.457527	 87.397136	 87.337897	 87.279799	 87.222833	 87.166986	 87.112248	 87.058607	 87.006051	  86.95457	  86.90415	 86.854781	 86.806449	 86.759142	 86.712848	 86.667555	 86.623249	 86.579917	 86.537548	 86.496128	 86.455643	 86.416082	  86.37743	 86.339675	 86.302803	 86.266802	 86.231658	 86.197358	 86.163889	 86.131237	 86.099391	 86.068335	 86.038059	 86.008547	 85.979788	 85.951769	 85.924477	 85.897898	 85.872022	 85.846834	 85.822323	 85.798476	  85.77528	 85.752725	 85.730798	 85.709486	 85.688778	 85.668664	  85.64913	 85.630166	 85.611761	 85.593903	 85.576582	 85.559787	 85.543508	 85.527734	 85.512455	 85.497661	 85.483343	  85.46949	 85.456093	 85.443143	  85.43063	 85.418547	 85.406884	 85.395633	 85.384786	 85.374334	 85.364269	 85.354585	 85.345273	 85.336327	 85.327739	 85.319502	  85.31161	 85.304057	 85.296836	 85.289942	 85.283369	  85.27711	 85.271162	 85.265519	 85.260176	 85.255129	 85.250373	 85.245904	 85.241718	 85.237811	 85.234181	 85.230824	 85.227736	 85.224915	 85.222359	 85.220065	 85.218031	 85.216256	 85.214737	 85.213473	 85.212464	 85.211707	 85.211204	 85.210952	
        99	 98.835468	 98.670968	 98.506531	 98.342191	 98.177978	 98.013925	 97.850062	 97.686423	 97.523037	 97.359937	 97.197153	 97.034717	 96.872659	  96.71101	   96.5498	 96.389059	 96.228816	 96.069102	 95.909946	 95.751376	  95.59342	 95.436108	 95.279467	 95.123524	 94.968306	  94.81384	 94.660153	 94.507269	 94.355215	 94.204015	 94.053693	 93.904274	 93.755781	 93.608237	 93.461664	 93.316085	  93.17152	  93.02799	 92.885516	 92.744117	 92.603812	 92.464621	 92.326561	 92.189649	 92.053903	 91.919338	  91.78597	 91.653814	 91.522885	 91.393196	 91.264761	 91.137592	 91.011701	   90.8871	 90.763799	 90.641809	 90.521138	 90.401797	 90.283792	 90.167133	 90.051825	 89.937876	 89.825291	 89.714076	 89.604235	 89.495772	 89.388692	 89.282996	 89.178688	 89.075768	 88.974239	 88.874101	 88.775354	 88.677998	 88.582032	 88.487454	 88.394262	 88.302455	 88.212029	  88.12298	 88.035306	    87.949	 87.864059	 87.780477	 87.698249	 87.617369	 87.537829	 87.459623	 87.382743	 87.307182	 87.232932	 87.159984	  87.08833	 87.017959	 86.948864	 86.881033	 86.814457	 86.749126	 86.685029	 86.622154	 86.560491	 86.500028	 86.440754	 86.382656	 86.325723	 86.269942	 86.215301	 86.161787	 86.109388	 86.058089	 86.007879	 85.958744	 85.910671	 85.863646	 85.817655	 85.772685	 85.728723	 85.685754	 85.643764	  85.60274	 85.562668	 85.523533	 85.485323	 85.448022	 85.411617	 85.376093	 85.341438	 85.307637	 85.274675	  85.24254	 85.211218	 85.180694	 85.150955	 85.121988	 85.093778	 85.066313	  85.03958	 85.013564	 84.988253	 84.963635	 84.939695	 84.916422	 84.893802	 84.871824	 84.850474	 84.829742	 84.809614	 84.790079	 84.771125	 84.752742	 84.734916	 84.717638	 84.700896	 84.684679	 84.668977	  84.65378	 84.639076	 84.624857	 84.611112	 84.597832	 84.585008	 84.572629	 84.560687	 84.549174	 84.538081	 84.527399	  84.51712	 84.507237	 84.497741	 84.488626	 84.479884	 84.471508	 84.463491	 84.455827	  84.44851	 84.441533	  84.43489	 84.428577	 84.422588	 84.416917	  84.41156	 84.406512	 84.401768	 84.397326	 84.393179	 84.389326	 84.385763	 84.382485	 84.379492	 84.376779	 84.374344	 84.372185	 84.370301	 84.368689	 84.367347	 84.366276	 84.365473	 84.364938	 84.364671	
