Time step 42:
        99	        99	        99	        99	        99	        99	        99	        99	        99	        99	        99	        99	        99	        99	        99	        99	        99	        99	        99	        99	        99	        99	        99	        99	        99	        99	        99	        99	        99	        99	        99	        99	        99	        99	        99	        99	        99	        99	        99	        99	        99	        99	        99	        99	        99	        99	        99	        99	        99	        99	        99	        99	        99	        99	        99	        99	        99	        99	        99	        99	        99	        99	        99	        99	        99	        99	        99	        99	        99	        99	        99	        99	        99	        99	        99	        99	        99	        99	        99	        99	        99	        99	        99	        99	        99	        99	        99	        99	        99	        99	        99	        99	        99	        99	        99	        99	        99	        99	        99	        99	        99	        99	        99	        99	        99	        99	        99	        99	        99	        99	        99	        99	        99	        99	        99	        99	        99	        99	        99	        99	        99	        99	        99	        99	        99	        99	        99	        99	        99	        99	        99	        99	        99	        99	        99	        99	        99	        99	        99	        99	        99	        99	        99	        99	        99	        99	        99	        99	        99	        99	        99	        99	        99	        99	        99	        99	        99	        99	        99	        99	        99	        99	        99	        99	        99	        99	        99	        99	        99	        99	        99	        99	        99	        99	        99	        99	        99	        99	        99	        99	        99	        99	        99	        99	        99	        99	        99	        99	        99	        99	        99	        99	        99	        99	        99	        99	        99	        99	        99	        99	
        99	 98.984882	 98.969769	 98.954665	 98.939574	 98.924502	 98.909452	 98.894429	 98.879438	 98.864483	 98.849568	 98.834699	 98.819878	  98.80511	   98.7904	 98.775752	  98.76117	 98.746658	  98.73222	  98.71786	 98.703581	 98.689388	 98.675285	 98.661274	  98.64736	 98.633546	 98.619836	 98.606232	 98.592738	 98.579357	 98.566093	 98.552947	 98.539924	 98.527025	 98.514253	 98.501612	 98.489102	 98.476728	  98.46449	 98.452391	 98.440434	 98.428619	 98.416949	 98.405425	 98.394049	 98.382823	 98.371748	 98.360825	 98.350055	 98.339439	 98.328979	 98.318675	 98.308527	 98.298537	 98.288705	 98.279031	 98.269515	 98.260159	 98.250962	 98.241923	 98.233043	 98.224323	  98.21576	 98.207356	 98.199109	  98.19102	 98.183087	  98.17531	 98.167688	  98.16022	 98.152906	 98.145743	 98.138733	 98.131872	  98.12516	 98.118596	 98.112178	 98.105905	 98.099776	 98.093788	 98.087941	 98.082234	 98.076663	 98.071228	 98.065927	 98.060758	  98.05572	  98.05081	 98.046027	 98.041369	 98.036833	 98.032419	 98.028124	 98.023946	 98.019883	 98.015934	 98.012096	 98.008366	 98.004744	 98.001228	 97.997814	 97.994501	 97.991288	 97.988171	 97.985149	 97.982221	 97.979383	 97.976635	 97.973973	 97.971397	 97.968903	 97.966491	 97.964158	 97.961902	 97.959721	 97.957614	 97.955578	 97.953613	 97.951715	 97.949883	 97.948116	 97.946411	 97.944767	 97.943183	 97.941656	 97.940184	 97.938768	 97.937403	  97.93609	 97.934827	 97.933611	 97.932442	 97.931319	 97.930239	 97.929201	 97.928205	 97.927248	 97.926329	 97.925448	 97.924603	 97.923792	 97.923014	 97.922269	 97.921556	 97.920872	 97.920217	 97.919591	 97.918991	 97.918417	 97.917869	 97.917345	 97.916844	 97.916365	 97.915908	 97.915472	 97.915055	 97.914658	 97.914279	 97.913918	 97.913574	 97.913247	 97.912935	 97.912638	 97.912356	 97.912087	 97.911832	  97.91159	  97.91136	 97.911142	 97.910935	 97.910739	 97.910553	 97.910378	 97.910212	 97.910055	 97.909907	 97.909768	 97.909637	 97.909513	 97.909398	 97.909289	 97.909188	 97.909093	 97.909005	 97.908923	 97.908848	 97.908778	 97.908714	 97.908655	 97.908602	 97.908554	 97.908511	 97.908474	 97.908441	 97.908413	  97.90839	 97.908371	 97.908358	 97.908348	 97.908344	
        99	 98.969769	 98.939547	 98.909343	 98.879166	 98.849026	 98.818931	  98.78889	 98.758913	 98.729007	 98.699182	 98.669447	  98.63981	 98.610279	 98.580864	 98.551572	 98.522412	 98.493392	  98.46452	 98.435804	 98.407251	  98.37887	 98.350667	  98.32265	 98.294826	 98.267202	 98.239785	 98.212582	 98.185598	 98.158841	 98.132316	 98.106029	 98.079986	 98.054192	 98.028653	 98.003373	 97.978358	 97.953613	 97.929141	 97.904947	 97.881035	 97.857409	 97.834073	 97.811029	 97.788281	 97.765832	 97.743685	 97.721842	 97.700305	 97.679077	 97.658159	 97.637554	 97.617262	 97.597285	 97.577623	 97.558278	  97.53925	  97.52054	 97.502148	 97.484074	 97.466317	 97.448878	 97.431756	  97.41495	 97.398459	 97.382283	 97.366419	 97.350868	 97.335626	 97.320693	 97.306066	 97.291744	 97.277724	 97.264004	 97.250583	 97.237456	 97.224623	 97.212079	 97.199822	 97.187849	 97.176157	 97.164743	 97.153604	 97.142735	 97.132135	 97.121799	 97.111723	 97.101905	 97.092341	 97.083025	 97.073956	 97.065129	  97.05654	 97.048186	 97.040062	 97.032164	 97.024488	 97.017031	 97.009788	 97.002755	 96.995929	 96.989304	 96.982878	 96.976646	 96.970604	 96.964748	 96.959074	 96.953577	 96.948255	 96.943103	 96.938116	 96.933292	 96.928627	 96.924115	 96.919755	 96.915541	 96.911471	  96.90754	 96.903745	 96.900082	 96.896548	 96.893139	 96.889852	 96.886683	 96.883629	 96.880688	 96.877854	 96.875126	   96.8725	 96.869974	 96.867543	 96.865206	 96.862959	 96.860799	 96.858725	 96.856732	 96.854818	 96.852982	 96.851219	 96.849528	 96.847907	 96.846352	 96.844863	 96.843435	 96.842068	 96.840759	 96.839506	 96.838307	  96.83716	 96.836063	 96.835015	 96.834013	 96.833056	 96.832142	 96.831269	 96.830437	 96.829643	 96.828885	 96.828163	 96.827475	  96.82682	 96.826196	 96.825603	 96.825038	 96.824501	 96.823991	 96.823507	 96.823047	 96.822611	 96.822197	 96.821805	 96.821434	 96.821083	 96.820751	 96.820438	 96.820142	 96.819863	 96.819601	 96.819355	 96.819123	 96.818906	 96.818704	 96.818514	 96.818338	 96.818174	 96.818023	 96.817883	 96.817755	 96.817638	 96.817532	 96.817436	 96.817351	 96.817276	  96.81721	 96.817154	 96.817108	 96.817071	 96.817043	 96.817025	 96.817016	
        99	 98.954665	 98.909343	 98.864049	 98.818795	 98.773596	 98.728465	 98.683415	 98.638459	 98.593612	 98.548886	 98.504294	  98.45985	 98.415565	 98.371453	 98.327527	 98.283798	 98.240279	 98.196982	 98.153918	   98.1111	 98.068538	 98.026245	  97.98423	 97.942504	 97.901079	 97.859964	 97.819169	 97.778703	 97.738577	   97.6988	 97.659379	 97.620324	 97.581643	 97.543344	 97.505434	 97.467921	 97.430812	 97.394114	 97.357832	 97.321973	 97.286543	 97.251547	  97.21699	 97.182877	 97.149212	 97.115999	 97.083243	 97.050946	 97.019112	 96.987743	 96.956843	 96.926412	 96.896454	 96.866969	 96.837959	 96.809424	 96.781366	 96.753785	  96.72668	 96.700052	   96.6739	 96.648223	 96.623021	 96.598291	 96.574032	 96.550243	 96.526921	 96.504064	  96.48167	 96.459735	 96.438257	 96.417233	 96.396659	 96.376531	 96.356847	 96.337601	  96.31879	 96.300409	 96.282454	 96.264921	 96.247804	 96.231099	 96.214801	 96.198904	 96.183404	 96.168295	 96.153571	 96.139227	 96.125258	 96.111658	 96.098421	 96.085541	 96.073012	 96.060829	 96.048985	 96.037474	 96.026291	 96.015429	 96.004883	 95.994646	 95.984712	 95.975075	 95.965729	 95.956668	 95.947886	 95.939377	 95.931135	 95.923153	 95.915427	 95.907949	 95.900715	 95.893718	 95.886953	 95.880414	 95.874095	 95.867991	 95.862096	 95.856405	 95.850912	 95.845612	   95.8405	  95.83557	 95.830819	 95.826239	 95.821827	 95.817578	 95.813487	  95.80955	 95.805761	 95.802116	 95.798611	 95.795241	 95.792003	 95.788891	 95.785903	 95.783033	 95.780279	 95.777636	   95.7751	 95.772669	 95.770338	 95.768104	 95.765963	 95.763913	  95.76195	 95.760071	 95.758273	 95.756553	 95.754908	 95.753336	 95.751833	 95.750398	 95.749027	 95.747719	  95.74647	 95.745279	 95.744143	 95.743061	 95.742029	 95.741047	 95.740111	 95.739221	 95.738374	 95.737569	 95.736804	 95.736078	 95.735388	 95.734734	 95.734114	 95.733526	 95.732969	 95.732443	 95.731945	 95.731475	 95.731032	 95.730614	 95.730221	 95.729851	 95.729504	 95.729179	 95.728875	 95.728591	 95.728327	 95.728081	 95.727854	 95.727645	 95.727453	 95.727277	 95.727118	 95.726974	 95.726846	 95.726733	 95.726635	 95.726551	 95.726482	 95.726427	 95.726385	 95.726358	 95.726344	
        99	 98.939574	 98.879166	 98.818795	 98.758478	 98.698234	  98.63808	 98.578034	 98.518115	 98.458339	 98.398726	 98.339291	 98.280052	 98.221027	 98.162231	 98.103683	 98.045399	 97.987394	 97.929684	 97.872286	 97.815215	 97.758486	 97.702115	 97.646114	   97.5905	 97.535286	 97.480485	  97.42611	 97.372175	 97.318693	 97.265674	 97.213132	 97.161077	  97.10952	 97.058473	 97.007944	 96.957945	 96.908483	 96.859569	  96.81121	 96.763415	 96.716192	 96.669546	 96.623487	 96.578018	 96.533147	  96.48888	  96.44522	 96.402172	 96.359742	 96.317932	 96.276745	 96.236185	 96.196255	 96.156955	 96.118289	 96.080256	 96.042859	 96.006096	  95.96997	 95.934478	 95.899621	 95.865397	 95.831805	 95.798843	  95.76651	 95.734802	 95.703717	 95.673252	 95.643403	 95.614167	  95.58554	 95.557518	 95.530095	 95.503268	 95.477031	 95.451379	 95.426306	 95.401807	 95.377876	 95.354506	 95.331692	 95.309426	 95.287703	 95.266514	 95.245855	 95.225716	 95.206092	 95.186974	 95.168355	 95.150227	 95.132584	 95.115416	 95.098717	 95.082478	 95.066692	  95.05135	 95.036445	 95.021968	 95.007911	 94.994266	 94.981025	 94.968181	 94.955724	 94.943647	 94.931941	   94.9206	 94.909614	 94.898976	 94.888677	 94.878711	 94.869069	 94.859743	 94.850726	  94.84201	 94.833588	 94.825451	 94.817594	 94.810009	 94.802687	 94.795623	  94.78881	 94.782239	 94.775906	 94.769802	 94.763922	 94.758259	 94.752806	 94.747557	 94.742507	 94.737649	 94.732977	 94.728486	  94.72417	 94.720023	 94.716039	 94.712215	 94.708544	 94.705021	 94.701641	   94.6984	 94.695293	 94.692315	 94.689462	 94.686729	 94.684113	 94.681608	 94.679212	 94.676919	 94.674727	 94.672632	 94.670629	 94.668716	 94.666889	 94.665145	 94.663481	 94.661893	  94.66038	 94.658936	 94.657562	 94.656252	 94.655005	 94.653819	  94.65269	 94.651617	 94.650598	 94.649629	  94.64871	 94.647838	 94.647011	 94.646228	 94.645486	 94.644784	 94.644121	 94.643495	 94.642904	 94.642347	 94.641823	  94.64133	 94.640867	 94.640434	 94.640029	  94.63965	 94.639298	 94.638971	 94.638668	 94.638389	 94.638133	 94.637899	 94.637687	 94.637496	 94.637325	 94.637174	 94.637043	 94.636932	 94.636839	 94.636765	  94.63671	 94.636674	 94.636655	
        99	 98.924502	 98.849026	 98.773596	 98.698234	 98.622962	 98.547803	  98.47278	 98.397915	 98.323229	 98.248746	 98.174485	  98.10047	 98.026722	 97.953261	 97.880109	 97.807286	 97.734812	 97.662708	 97.590993	 97.519686	 97.448807	 97.378374	 97.308405	 97.238919	 97.169932	 97.101461	 97.033524	 96.966136	 96.899313	  96.83307	 96.767421	 96.702382	 96.637965	 96.574184	 96.511052	 96.448581	 96.386782	 96.325666	 96.265245	 96.205529	 96.146526	 96.088245	 96.030696	 95.973887	 95.917823	 95.862514	 95.807963	 95.754178	 95.701164	 95.648925	 95.597465	 95.546788	 95.496897	 95.447795	 95.399484	 95.351964	 95.305239	 95.259306	 95.214168	 95.169824	 95.126272	 95.083511	  95.04154	 95.000357	 94.959958	 94.920341	 94.881503	 94.843438	 94.806144	 94.769616	 94.733848	 94.698836	 94.664573	 94.631054	 94.598272	 94.566222	 94.534895	 94.504285	 94.474384	 94.445185	  94.41668	 94.388861	 94.361719	 94.335246	 94.309432	 94.284271	 94.259751	 94.235864	 94.212601	 94.189952	 94.167908	 94.146458	 94.125593	 94.105304	  94.08558	 94.066411	 94.047788	   94.0297	 94.012136	 93.995088	 93.978545	 93.962496	 93.946932	 93.931843	 93.917218	 93.903047	 93.889321	 93.876029	 93.863162	 93.850709	 93.838662	  93.82701	 93.815744	 93.804854	 93.794331	 93.784165	 93.774348	  93.76487	 93.755723	 93.746897	 93.738384	 93.730174	 93.722261	 93.714635	 93.707288	 93.700212	 93.693399	 93.686841	 93.680531	 93.674461	 93.668624	 93.663013	  93.65762	 93.652438	 93.647462	 93.642683	 93.638096	 93.633694	 93.629472	 93.625423	  93.62154	  93.61782	 93.614255	 93.610841	 93.607572	 93.604442	 93.601448	 93.598584	 93.595845	 93.593226	 93.590724	 93.588334	 93.586052	 93.583873	 93.581793	  93.57981	 93.577918	 93.576115	 93.574397	 93.572761	 93.571203	 93.569721	 93.568311	  93.56697	 93.565696	 93.564486	 93.563338	 93.562248	 93.561215	 93.560236	  93.55931	 93.558433	 93.557604	 93.556822	 93.556083	 93.555387	 93.554732	 93.554117	 93.553539	 93.552997	 93.552491	 93.552018	 93.551578	 93.551169	 93.550791	 93.550443	 93.550123	  93.54983	 93.549565	 93.549326	 93.549113	 93.548925	 93.548761	 93.548622	 93.548506	 93.548414	 93.548345	 93.548299	 93.548276	
        99	 98.909452	 98.818931	 98.728465	  98.63808	 98.547803	 98.457663	 98.367685	 98.277895	 98.188322	 98.098991	 98.009928	 97.921159	 97.832709	 97.744605	  97.65687	 97.569531	  97.48261	 97.396133	 97.310122	 97.224601	 97.139593	  97.05512	 96.971204	 96.887866	 96.805127	 96.723008	 96.641528	 96.560706	 96.480563	 96.401115	  96.32238	 96.244375	 96.167118	 96.090623	 96.014906	 95.939982	 95.865864	 95.792566	 95.720101	  95.64848	 95.577715	 95.507818	 95.438797	 95.370663	 95.303424	 95.237088	 95.171664	 95.107158	 95.043575	 94.980923	 94.919205	 94.858426	  94.79859	   94.7397	 94.681758	 94.624767	 94.568726	 94.513638	 94.459502	 94.406318	 94.354085	   94.3028	 94.252463	  94.20307	 94.154618	 94.107104	 94.060523	 94.014871	 93.970143	 93.926333	 93.883435	 93.841444	 93.800351	  93.76015	 93.720834	 93.682394	 93.644823	 93.608111	  93.57225	  93.53723	 93.503043	 93.469678	 93.437126	 93.405375	 93.374417	 93.344239	 93.314832	 93.286183	 93.258283	 93.231119	  93.20468	 93.178955	 93.153931	 93.129597	 93.105942	 93.082952	 93.060616	 93.038922	 93.017858	 92.997411	  92.97757	 92.958322	 92.939656	 92.921558	 92.904018	 92.887022	  92.87056	 92.854619	 92.839187	 92.824252	 92.809803	 92.795828	 92.782316	 92.769255	 92.756635	 92.744443	 92.732669	 92.721302	 92.710331	 92.699745	 92.689535	  92.67969	 92.670199	 92.661052	 92.652241	 92.643754	 92.635583	 92.627719	 92.620151	 92.612871	  92.60587	  92.59914	 92.592672	 92.586458	 92.580489	 92.574758	 92.569256	 92.563977	 92.558913	 92.554057	 92.549401	 92.544938	 92.540663	 92.536568	 92.532647	 92.528894	 92.525303	 92.521868	 92.518583	 92.515442	 92.512442	 92.509575	 92.506837	 92.504224	  92.50173	 92.499351	 92.497083	  92.49492	  92.49286	 92.490898	 92.489029	 92.487251	  92.48556	 92.483952	 92.482425	 92.480973	 92.479596	 92.478289	  92.47705	 92.475876	 92.474765	 92.473713	  92.47272	 92.471781	 92.470895	 92.470061	 92.469275	 92.468537	 92.467844	 92.467194	 92.466587	  92.46602	 92.465492	 92.465002	 92.464548	  92.46413	 92.463746	 92.463396	 92.463078	 92.462791	 92.462535	  92.46231	 92.462113	 92.461946	 92.461807	 92.461697	 92.461614	 92.461559	 92.461532	
        99	 98.894429	  98.78889	 98.683415	 98.578034	  98.47278	 98.367685	 98.262778	 98.158092	 98.053658	 97.949506	 97.845666	  97.74217	 97.639046	 97.536324	 97.434034	 97.332204	 97.230863	 97.130038	 97.029757	 96.930048	 96.830936	 96.732448	  96.63461	 96.537445	 96.440979	 96.345236	 96.250238	 96.156007	 96.062567	 95.969938	 95.878141	 95.787195	  95.69712	 95.607934	 95.519655	   95.4323	 95.345885	 95.260426	 95.175938	 95.092435	  95.00993	 94.928436	 94.847964	 94.768526	 94.690131	  94.61279	 94.536512	 94.461303	 94.387172	 94.314125	 94.242168	 94.171305	 94.101542	 94.032881	 93.965327	 93.898879	 93.833542	 93.769314	 93.706196	 93.644188	 93.583289	 93.523496	 93.464807	  93.40722	 93.350729	 93.295332	 93.241023	 93.187797	 93.135648	  93.08457	 93.034555	 92.985597	 92.937686	 92.890816	 92.844977	  92.80016	 92.756355	 92.713552	 92.671741	 92.630912	 92.591053	 92.552152	 92.514199	 92.477181	 92.441086	 92.405902	 92.371615	 92.338214	 92.305685	 92.274014	 92.243189	 92.213196	  92.18402	 92.155649	 92.128069	 92.101265	 92.075223	  92.04993	 92.025371	 92.001532	 91.978399	 91.955958	 91.934195	 91.913095	 91.892644	 91.872829	 91.853635	 91.835049	 91.817057	 91.799644	 91.782798	 91.766505	 91.750751	 91.735524	 91.720809	 91.706594	 91.692867	 91.679614	 91.666823	 91.654481	 91.642577	 91.631098	 91.620033	 91.609369	 91.599095	 91.589201	 91.579674	 91.570505	 91.561681	 91.553194	 91.545032	 91.537185	 91.529644	 91.522398	 91.515439	 91.508757	 91.502343	 91.496188	 91.490284	 91.484622	 91.479193	  91.47399	 91.469006	 91.464231	  91.45966	 91.455284	 91.451097	 91.447092	 91.443262	 91.439601	 91.436102	  91.43276	 91.429568	 91.426521	 91.423614	  91.42084	 91.418195	 91.415674	 91.413272	 91.410984	 91.408806	 91.406733	 91.404761	 91.402886	 91.401105	 91.399413	 91.397807	 91.396284	 91.394839	  91.39347	 91.392175	 91.390949	  91.38979	 91.388696	 91.387663	  91.38669	 91.385774	 91.384913	 91.384105	 91.383348	  91.38264	 91.381979	 91.381363	 91.380792	 91.380263	 91.379776	 91.379328	 91.378919	 91.378548	 91.378214	 91.377916	 91.377653	 91.377424	 91.377229	 91.377067	 91.376939	 91.376842	 91.376778	 91.376746	
        99	 98.879438	 98.758913	 98.638459	 98.518115	 98.397915	 98.277895	 98.158092	 98.038541	 97.919277	 97.800335	 97.681751	 97.563557	  97.44579	 97.328482	 97.211666	 97.095376	 96.979644	 96.864503	 96.749982	 96.636114	 96.522928	 96.410455	 96.298723	 96.187761	 96.077597	 95.968258	  95.85977	 95.752159	 95.645451	 95.539668	 95.434835	 95.330975	 95.228109	 95.126259	 95.025444	 94.925685	 94.826999	 94.729405	  94.63292	 94.537559	 94.443338	 94.350272	 94.258373	 94.167655	 94.078128	 93.989805	 93.902694	 93.816806	 93.732148	 93.648729	 93.566553	 93.485629	 93.405959	 93.327549	 93.250401	 93.174518	 93.099902	 93.026554	 92.954474	 92.883661	 92.814114	  92.74583	 92.678808	 92.613042	  92.54853	 92.485267	 92.423246	 92.362462	 92.302908	 92.244576	 92.187459	 92.131549	 92.076835	 92.023309	 91.970961	  91.91978	 91.869754	 91.820874	 91.773126	 91.726499	  91.68098	 91.636555	 91.593213	 91.550938	 91.509718	 91.469537	 91.430382	 91.392238	 91.355089	 91.318922	 91.283719	 91.249467	 91.216148	 91.183749	 91.152252	 91.121642	 91.091902	 91.063017	 91.034971	 91.007747	 90.981329	 90.955701	 90.930847	 90.906751	 90.883397	 90.860768	 90.838849	 90.817623	 90.797076	 90.777191	 90.757953	 90.739346	 90.721355	 90.703965	 90.687161	 90.670928	 90.655251	 90.640116	 90.625509	 90.611415	  90.59782	 90.584711	 90.572074	 90.559896	 90.548164	 90.536864	 90.525985	 90.515513	 90.505437	 90.495744	 90.486423	 90.477462	  90.46885	 90.460576	 90.452628	 90.444997	 90.437673	 90.430644	 90.423901	 90.417435	 90.411235	 90.405294	 90.399601	 90.394149	 90.388929	 90.383932	  90.37915	 90.374576	 90.370202	 90.366021	 90.362026	 90.358209	 90.354564	 90.351084	 90.347764	 90.344596	 90.341576	 90.338697	 90.335953	  90.33334	 90.330853	 90.328486	 90.326234	 90.324093	 90.322059	 90.320127	 90.318293	 90.316553	 90.314903	  90.31334	  90.31186	  90.31046	 90.309137	 90.307887	 90.306708	 90.305597	 90.304551	 90.303568	 90.302645	  90.30178	 90.300971	 90.300217	 90.299514	 90.298861	 90.298257	 90.297701	  90.29719	 90.296723	 90.296299	 90.295918	 90.295577	 90.295276	 90.295015	 90.294792	 90.294608	 90.294461	 90.294351	 90.294278	 90.294241	
        99	 98.864483	 98.729007	 98.593612	 98.458339	 98.323229	 98.188322	 98.053658	 97.919277	 97.785219	 97.651523	 97.518229	 97.385374	 97.252998	 97.121138	 96.989832	 96.859117	  96.72903	 96.599605	 96.470879	 96.342886	  96.21566	 96.089235	 95.963644	 95.838918	 95.715088	 95.592186	 95.470241	 95.349281	 95.229336	 95.110432	 94.992595	 94.875851	 94.760225	 94.645741	 94.532421	 94.420287	  94.30936	  94.19966	 94.091206	 93.984016	 93.878108	 93.773497	 93.670199	 93.568227	 93.467595	 93.368316	   93.2704	 93.173858	 93.078698	 92.984931	 92.892562	 92.801599	 92.712047	  92.62391	 92.537192	 92.451897	 92.368026	 92.285579	 92.204557	  92.12496	 92.046786	 91.970032	 91.894696	 91.820773	 91.748259	 91.677148	 91.607433	 91.539109	 91.472168	 91.406601	 91.342399	 91.279553	 91.218052	 91.157887	 91.099045	 91.041515	 90.985284	  90.93034	 90.876669	 90.824258	 90.773093	 90.723158	 90.674439	  90.62692	 90.580587	 90.535422	  90.49141	 90.448534	 90.406777	 90.366123	 90.326554	 90.288053	 90.250602	 90.214183	 90.178779	 90.144372	 90.110943	 90.078475	  90.04695	 90.016349	 89.986654	 89.957847	  89.92991	 89.902825	 89.876574	 89.851138	   89.8265	 89.802641	 89.779545	 89.757194	 89.735569	 89.714654	 89.694431	 89.674884	 89.655996	 89.637749	 89.620128	 89.603115	 89.586696	 89.570854	 89.555573	 89.540838	 89.526633	 89.512945	 89.499757	 89.487056	 89.474827	 89.463056	  89.45173	 89.440835	 89.430357	 89.420285	 89.410604	 89.401304	 89.392371	 89.383793	  89.37556	 89.367659	  89.36008	 89.352812	 89.345843	 89.339165	 89.332766	 89.326638	 89.320769	 89.315153	 89.309778	 89.304637	  89.29972	  89.29502	 89.290529	 89.286239	 89.282142	 89.278231	 89.274498	 89.270938	 89.267543	 89.264306	 89.261223	 89.258286	  89.25549	 89.252829	 89.250298	 89.247891	 89.245605	 89.243433	 89.241371	 89.239416	 89.237561	 89.235804	 89.234141	 89.232567	  89.23108	 89.229675	  89.22835	 89.227101	 89.225925	  89.22482	 89.223783	 89.222811	 89.221901	 89.221053	 89.220263	  89.21953	 89.218851	 89.218225	 89.217651	 89.217126	  89.21665	 89.216221	 89.215838	   89.2155	 89.215206	 89.214956	 89.214749	 89.214583	  89.21446	 89.214377	 89.214336	
        99	 98.849568	 98.699182	 98.548886	 98.398726	 98.248746	 98.098991	 97.949506	 97.800335	 97.651523	 97.503113	 97.355148	 97.207672	 97.060727	 96.914355	 96.768598	 96.623497	 96.479092	 96.335423	  96.19253	  96.05045	 95.909223	 95.768884	  95.62947	 95.491017	 95.353559	  95.21713	 95.081764	 94.947492	 94.814346	 94.682355	 94.551549	 94.421957	 94.293606	 94.166522	  94.04073	 93.916254	 93.793119	 93.671346	 93.550956	 93.431969	 93.314405	 93.198281	 93.083613	 92.970419	 92.858712	 92.748506	 92.639814	 92.532646	 92.427014	 92.322927	 92.220392	 92.119418	  92.02001	 91.922173	 91.825911	 91.731228	 91.638126	 91.546606	 91.456667	  91.36831	 91.281532	 91.196331	 91.112703	 91.030644	 90.950149	 90.871212	 90.793825	 90.717982	 90.643673	 90.570889	 90.499621	 90.429859	  90.36159	 90.294802	 90.229484	 90.165623	 90.103203	 90.042212	 89.982635	 89.924456	 89.867659	 89.812228	 89.758147	 89.705399	 89.653966	 89.603831	 89.554975	  89.50738	 89.461028	 89.415899	 89.371975	 89.329237	 89.287664	 89.247237	 89.207936	 89.169742	 89.132635	 89.096594	 89.061599	  89.02763	 88.994667	  88.96269	 88.931678	 88.901612	 88.872471	 88.844236	 88.816886	 88.790402	 88.764764	 88.739952	 88.715948	 88.692731	 88.670283	 88.648584	 88.627617	 88.607362	 88.587801	 88.568917	  88.55069	 88.533104	 88.516142	 88.499785	 88.484017	 88.468822	 88.454183	 88.440084	 88.426509	 88.413443	  88.40087	 88.388776	 88.377145	 88.365964	 88.355218	 88.344894	 88.334978	 88.325457	 88.316317	 88.307547	 88.299133	 88.291065	  88.28333	 88.275916	 88.268814	  88.26201	 88.255496	 88.249261	 88.243295	 88.237588	 88.232131	 88.226914	 88.221928	 88.217166	 88.212617	 88.208276	 88.204133	  88.20018	 88.196412	 88.192819	 88.189396	 88.186136	 88.183032	 88.180078	 88.177269	 88.174598	 88.172059	 88.169648	  88.16736	 88.165189	 88.163131	  88.16118	 88.159334	 88.157587	 88.155936	 88.154377	 88.152905	 88.151519	 88.150214	 88.148987	 88.147835	 88.146756	 88.145747	 88.144805	 88.143929	 88.143114	 88.142361	 88.141666	 88.141029	 88.140446	 88.139918	 88.139441	 88.139016	 88.138641	 88.138315	 88.138038	 88.137807	 88.137624	 88.137486	 88.137395	  88.13735	
        99	 98.834699	 98.669447	 98.504294	 98.339291	 98.174485	 98.009928	 97.845666	 97.681751	 97.518229	 97.355148	 97.192558	 97.030504	 96.869033	 96.708193	 96.548028	 96.388584	 96.229905	 96.072035	 95.915016	 95.758893	 95.603705	 95.449493	 95.296299	  95.14416	 94.993114	   94.8432	 94.694453	 94.546909	 94.400601	 94.255563	 94.111828	 93.969426	 93.828387	 93.688741	 93.550515	 93.413735	 93.278428	 93.144618	 93.012328	 92.881579	 92.752394	 92.624791	 92.498789	 92.374405	 92.251656	 92.130557	  92.01112	  91.89336	 91.777286	  91.66291	  91.55024	 91.439284	  91.33005	 91.222542	 91.116765	 91.012723	 90.910418	 90.809851	 90.711022	 90.613931	 90.518575	 90.424952	 90.333058	 90.242888	 90.154436	 90.067696	 89.982659	 89.899319	 89.817665	 89.737687	 89.659374	 89.582715	 89.507698	 89.434309	 89.362534	  89.29236	 89.223771	 89.156751	 89.091284	 89.027354	 88.964943	 88.904033	 88.844607	 88.786644	 88.730127	 88.675036	 88.621351	 88.569051	 88.518117	 88.468528	 88.420262	 88.373299	 88.327616	 88.283193	 88.240008	 88.198039	 88.157263	 88.117659	 88.079205	 88.041879	 88.005657	 87.970519	 87.936442	 87.903404	 87.871383	 87.840357	 87.810303	 87.781201	 87.753029	 87.725765	 87.699387	 87.673876	 87.649209	 87.625365	 87.602325	 87.580068	 87.558574	 87.537823	 87.517794	  87.49847	 87.479831	 87.461857	 87.444531	 87.427834	 87.411747	 87.396255	 87.381338	  87.36698	 87.353165	 87.339875	 87.327095	 87.314809	 87.303001	 87.291656	 87.280759	 87.270297	 87.260254	 87.250617	 87.241372	 87.232506	 87.224006	  87.21586	 87.208055	 87.200579	 87.193421	  87.18657	 87.180014	 87.173743	 87.167746	 87.162013	 87.156535	 87.151301	 87.146304	 87.141533	  87.13698	 87.132637	 87.128496	 87.124548	 87.120787	 87.117205	 87.113794	 87.110548	 87.107461	 87.104526	 87.101737	 87.099087	 87.096573	 87.094187	 87.091925	 87.089782	 87.087753	 87.085834	 87.084019	 87.082306	 87.080689	 87.079166	 87.077732	 87.076384	 87.075118	 87.073933	 87.072824	 87.071789	 87.070825	 87.069931	 87.069103	 87.068339	 87.067639	 87.066999	 87.066418	 87.065894	 87.065427	 87.065015	 87.064657	 87.064352	 87.064099	 87.063897	 87.063746	 87.063646	 87.063596	
        99	 98.819878	  98.63981	  98.45985	 98.280052	  98.10047	 97.921159	  97.74217	 97.563557	 97.385374	 97.207672	 97.030504	  96.85392	 96.677973	 96.502711	 96.328186	 96.154446	  95.98154	 95.809515	 95.638419	 95.468297	 95.299195	 95.131158	 94.964228	 94.798448	  94.63386	 94.470505	 94.308421	 94.147648	 93.988223	 93.830181	 93.673558	 93.518389	 93.364704	 93.212537	 93.061918	 92.912875	 92.765436	 92.619629	 92.475477	 92.333006	 92.192238	 92.053195	 91.915895	  91.78036	 91.646605	 91.514648	 91.384503	 91.256184	 91.129703	 91.005072	   90.8823	 90.761397	 90.642368	 90.525221	 90.409961	  90.29659	 90.185112	 90.075529	 89.967839	 89.862042	 89.758137	  89.65612	 89.555987	 89.457732	  89.36135	 89.266832	 89.174172	 89.083359	 88.994384	 88.907235	 88.821901	 88.738369	 88.656626	 88.576657	 88.498447	 88.421981	 88.347242	 88.274213	 88.202877	 88.133214	 88.065208	 87.998837	 87.934082	 87.870923	 87.809338	 87.749308	 87.690809	 87.633821	  87.57832	 87.524284	 87.471691	 87.420517	 87.370739	 87.322333	 87.275276	 87.229543	 87.185112	 87.141957	 87.100055	 87.059382	 87.019913	 86.981625	 86.944492	 86.908492	   86.8736	 86.839792	 86.807044	 86.775333	 86.744634	 86.714926	 86.686183	 86.658384	 86.631505	 86.605524	 86.580419	 86.556166	 86.532745	 86.510133	 86.488309	 86.467252	 86.446941	 86.427356	 86.408476	 86.390282	 86.372754	 86.355872	 86.339618	 86.323973	 86.308919	 86.294437	 86.280511	 86.267124	 86.254257	 86.241895	 86.230021	 86.218621	 86.207677	 86.197176	 86.187102	 86.177441	 86.168179	 86.159303	 86.150798	 86.142652	 86.134853	 86.127387	 86.120243	  86.11341	 86.106875	 86.100628	 86.094659	 86.088956	 86.083511	 86.078312	 86.073351	 86.068619	 86.064106	 86.059805	 86.055706	 86.051802	 86.048086	 86.044549	 86.041185	 86.037987	 86.034948	 86.032061	 86.029321	 86.026721	 86.024257	 86.021921	 86.019711	 86.017619	 86.015642	 86.013775	 86.012013	 86.010353	  86.00879	 86.007321	 86.005943	 86.004651	 86.003442	 86.002315	 86.001265	  86.00029	 85.999388	 85.998556	 85.997792	 85.997095	 85.996462	 85.995892	 85.995383	 85.994934	 85.994544	 85.994211	 85.993935	 85.993715	 85.993551	 85.993442	 85.993387	
        99	  98.80511	 98.610279	 98.415565	 98.221027	 98.026722	 97.832709	 97.639046	  97.44579	 97.252998	 97.060727	 96.869033	 96.677973	   96.4876	  96.29797	 96.109136	 95.921152	  95.73407	 95.547942	 95.362818	 95.178749	 94.995783	 94.813968	 94.633353	 94.453981	   94.2759	 94.099152	 93.923779	 93.749825	 93.577329	  93.40633	 93.236867	 93.068975	 92.902691	 92.738049	 92.575081	 92.413819	 92.254292	  92.09653	 91.940561	 91.786409	   91.6341	 91.483657	 91.335101	 91.188453	 91.043733	 90.900957	 90.760142	 90.621303	 90.484452	 90.349603	 90.216766	  90.08595	 89.957163	 89.830412	 89.705701	 89.583036	 89.462419	 89.343851	 89.227332	 89.112862	 89.000438	 88.890057	 88.781714	 88.675404	 88.571119	 88.468853	 88.368595	 88.270337	 88.174067	 88.079774	 87.987443	 87.897063	 87.808618	 87.722093	 87.637471	 87.554736	 87.473869	 87.394853	 87.317668	 87.242295	 87.168712	   87.0969	 87.026836	 86.958499	 86.891866	 86.826913	 86.763619	 86.701958	 86.641907	 86.583441	 86.526536	 86.471166	 86.417307	 86.364933	 86.314017	 86.264536	 86.216461	 86.169769	 86.124431	 86.080424	 86.037719	 85.996291	 85.956115	 85.917163	  85.87941	  85.84283	 85.807397	 85.773086	 85.739871	 85.707727	 85.676628	  85.64655	 85.617467	 85.589356	 85.562192	 85.535951	  85.51061	 85.486144	 85.462531	 85.439747	 85.417771	 85.396581	 85.376153	 85.356467	 85.337502	 85.319236	 85.301649	 85.284722	 85.268433	 85.252765	 85.237697	 85.223211	  85.20929	 85.195914	 85.183067	 85.170732	 85.158891	 85.147529	 85.136629	 85.126177	 85.116155	 85.106551	 85.097349	 85.088535	 85.080096	 85.072018	 85.064289	 85.056895	 85.049825	 85.043066	 85.036607	 85.030437	 85.024545	  85.01892	 85.013552	 85.008432	 85.003549	 84.998895	 84.994461	 84.990237	 84.986216	 84.982389	 84.978749	 84.975289	    84.972	 84.968877	 84.965912	 84.963099	 84.960433	 84.957906	 84.955514	 84.953251	 84.951112	 84.949092	 84.947186	 84.945389	 84.943698	 84.942109	 84.940617	 84.939219	 84.937912	 84.936692	 84.935556	 84.934501	 84.933525	 84.932625	 84.931799	 84.931044	 84.930359	 84.929742	 84.929192	 84.928706	 84.928284	 84.927924	 84.927625	 84.927388	  84.92721	 84.927091	 84.927032	
        99	   98.7904	 98.580864	 98.371453	 98.162231	 97.953261	 97.744605	 97.536324	 97.328482	 97.121138	 96.914355	 96.708193	 96.502711	  96.29797	 96.094027	  95.89094	 95.688768	 95.487565	 95.287388	 95.088292	 94.890329	 94.693554	 94.498016	 94.303768	 94.110858	 93.919336	 93.729247	 93.540638	 93.353554	 93.168038	 92.984133	 92.801879	 92.621315	 92.442481	 92.265411	 92.090143	 91.916709	 91.745142	 91.575472	 91.407731	 91.241944	 91.078139	  90.91634	 90.756572	 90.598856	 90.443212	  90.28966	 90.138217	 89.988898	 89.841719	 89.696691	 89.553828	 89.413138	  89.27463	 89.138312	 89.004189	 88.872265	 88.742544	 88.615027	 88.489714	 88.366603	 88.245694	 88.126981	 88.010461	 87.896127	 87.783971	 87.673986	 87.566162	 87.460487	 87.356951	  87.25554	 87.156241	 87.059039	 86.963918	 86.870862	 86.779853	 86.690873	 86.603903	 86.518923	 86.435913	  86.35485	 86.275714	 86.198481	 86.123129	 86.049634	 85.977971	 85.908117	 85.840045	  85.77373	 85.709146	 85.646268	 85.585068	 85.525519	 85.467594	 85.411267	 85.356509	 85.303292	 85.251589	 85.201372	 85.152613	 85.105284	 85.059356	 85.014801	 84.971592	   84.9297	 84.889098	 84.849757	  84.81165	 84.774749	 84.739027	 84.704457	 84.671011	 84.638662	 84.607385	 84.577152	 84.547937	 84.519716	 84.492461	 84.466149	 84.440754	 84.416251	 84.392616	 84.369826	 84.347857	 84.326685	 84.306288	 84.286643	 84.267729	 84.249524	 84.232006	 84.215155	  84.19895	 84.183371	 84.168399	 84.154014	 84.140197	 84.126931	 84.114196	 84.101977	 84.090254	 84.079012	 84.068235	 84.057905	 84.048009	  84.03853	 84.029454	 84.020766	 84.012453	 84.004502	 83.996898	 83.989629	 83.982682	 83.976047	  83.96971	  83.96366	 83.957888	 83.952381	  83.94713	 83.942124	 83.937355	 83.932812	 83.928488	 83.924372	 83.920458	 83.916736	 83.913199	  83.90984	 83.906651	 83.903627	 83.900759	 83.898041	 83.895469	 83.893035	 83.890734	 83.888561	 83.886511	  83.88458	 83.882761	 83.881052	 83.879447	 83.877944	 83.876538	 83.875226	 83.874004	  83.87287	  83.87182	 83.870852	 83.869963	 83.869152	 83.868415	 83.867752	  83.86716	 83.866637	 83.866183	 83.865796	 83.865475	 83.865219	 83.865028	 83.864901	 83.864837	
        99	 98.775752	 98.551572	 98.327527	 98.103683	 97.880109	  97.65687	 97.434034	 97.211666	 96.989832	 96.768598	 96.548028	 96.328186	 96.109136	  95.89094	 95.673661	 95.457359	 95.242096	 95.027929	 94.814919	 94.603122	 94.392594	 94.183391	 93.975568	 93.769177	 93.564269	 93.360896	 93.159106	 92.958947	 92.760467	 92.563709	 92.368718	 92.175536	 91.984203	 91.794759	 91.607242	 91.421687	  91.23813	 91.056603	 90.877138	 90.699765	 90.524513	 90.351407	 90.180473	 90.011735	 89.845214	  89.68093	 89.518903	 89.359149	 89.201684	 89.046522	 88.893674	 88.743152	 88.594965	  88.44912	 88.305623	  88.16448	 88.025693	 87.889264	 87.755193	 87.623479	  87.49412	 87.367111	 87.242448	 87.120123	  87.00013	 86.882458	 86.767098	 86.654038	 86.543266	 86.434768	  86.32853	 86.224535	 86.122766	 86.023207	 85.925838	  85.83064	 85.737592	 85.646673	 85.557861	 85.471133	 85.386466	 85.303836	 85.223218	 85.144587	 85.067916	 84.993179	  84.92035	 84.849401	 84.780304	 84.713031	 84.647554	 84.583843	 84.521871	 84.461607	 84.403022	 84.346086	  84.29077	 84.237043	 84.184877	  84.13424	 84.085102	 84.037434	 83.991205	 83.946385	 83.902945	 83.860855	 83.820085	 83.780605	 83.742387	   83.7054	 83.669617	 83.635008	 83.601544	 83.569199	 83.537943	 83.507749	  83.47859	 83.450438	 83.423268	 83.397053	 83.371767	 83.347384	 83.323879	 83.301228	 83.279405	 83.258388	 83.238152	 83.218674	 83.199932	 83.181903	 83.164566	 83.147898	  83.13188	 83.116489	 83.101707	 83.087514	 83.073889	 83.060815	 83.048274	 83.036246	 83.024715	 83.013664	 83.003076	 82.992935	 82.983224	  82.97393	 82.965036	 82.956528	 82.948393	 82.940616	 82.933184	 82.926085	 82.919305	 82.912833	 82.906657	 82.900765	 82.895147	 82.889792	 82.884689	 82.879829	 82.875202	 82.870799	 82.866611	 82.862629	 82.858845	 82.855251	  82.85184	 82.848604	 82.845535	 82.842628	 82.839875	 82.837271	  82.83481	 82.832485	 82.830292	 82.828226	  82.82628	 82.824451	 82.822735	 82.821126	 82.819622	 82.818218	 82.816911	 82.815697	 82.814574	 82.813538	 82.812588	  82.81172	 82.810932	 82.810222	 82.809588	 82.809029	 82.808543	 82.808129	 82.807786	 82.807512	 82.807307	 82.807171	 82.807103	
        99	  98.76117	 98.522412	 98.283798	 98.045399	 97.807286	 97.569531	 97.332204	 97.095376	 96.859117	 96.623497	 96.388584	 96.154446	 95.921152	 95.688768	 95.457359	 95.226992	 94.997731	 94.769638	 94.542776	 94.317206	 94.092989	 93.870182	 93.648844	 93.429032	   93.2108	 92.994202	  92.77929	 92.566116	 92.354729	 92.145177	 91.937506	 91.731761	 91.527987	 91.326224	 91.126513	 90.928892	 90.733399	 90.540068	 90.348933	 90.160026	 89.973378	 89.789015	 89.606966	 89.427255	 89.249906	  89.07494	 88.902376	 88.732234	  88.56453	 88.399277	 88.236491	  88.07618	 87.918357	 87.763028	 87.610201	 87.459879	 87.312067	 87.166767	 87.023978	 86.883699	 86.745928	  86.61066	  86.47789	 86.347611	 86.219815	 86.094491	  85.97163	 85.851218	 85.733243	  85.61769	 85.504543	 85.393785	 85.285399	 85.179366	 85.075665	 84.974276	 84.875178	 84.778347	 84.683759	 84.591392	  84.50122	 84.413217	 84.327356	 84.243611	 84.161955	 84.082358	 84.004793	  83.92923	  83.85564	 83.783993	 83.714258	 83.646405	 83.580402	 83.516219	 83.453825	 83.393187	 83.334274	 83.277053	 83.221494	 83.167564	 83.115232	 83.064464	 83.015229	 82.967495	  82.92123	 82.876403	 82.832982	 82.790935	 82.750231	 82.710839	 82.672729	 82.635869	  82.60023	 82.565781	 82.532492	 82.500335	  82.46928	 82.439298	 82.410361	 82.382441	  82.35551	 82.329542	 82.304509	 82.280384	 82.257143	 82.234759	 82.213207	 82.192463	 82.172502	 82.153301	 82.134836	 82.117084	 82.100024	 82.083633	  82.06789	 82.052773	 82.038263	 82.024339	 82.010982	 81.998172	 81.985891	 81.974122	 81.962845	 81.952044	 81.941702	 81.931803	 81.922331	  81.91327	 81.904606	 81.896323	 81.888408	 81.880847	 81.873626	 81.866734	 81.860156	 81.853881	 81.847897	 81.842194	 81.836759	 81.831583	 81.826656	 81.821966	 81.817506	 81.813265	 81.809235	 81.805408	 81.801774	 81.798328	  81.79506	 81.791963	 81.789032	 81.786259	 81.783637	 81.781161	 81.778826	 81.776624	 81.774552	 81.772605	 81.770777	 81.769063	 81.767461	 81.765966	 81.764574	 81.763281	 81.762085	 81.760982	  81.75997	 81.759045	 81.758206	  81.75745	 81.756775	  81.75618	 81.755662	 81.755221	 81.754855	 81.754564	 81.754346	 81.754201	 81.754129	
        99	 98.746658	 98.493392	 98.240279	 97.987394	 97.734812	  97.48261	 97.230863	 96.979644	  96.72903	 96.479092	 96.229905	  95.98154	  95.73407	 95.487565	 95.242096	 94.997731	 94.754538	 94.512586	 94.271939	 94.032662	 93.794821	 93.558476	 93.323689	  93.09052	 92.859027	 92.629268	 92.401297	  92.17517	 91.950938	 91.728653	 91.508363	 91.290117	  91.07396	 90.859938	 90.648091	 90.438463	  90.23109	 90.026012	 89.823263	 89.622878	 89.424887	 89.229322	 89.036211	 88.845581	 88.657455	 88.471857	 88.288808	 88.108328	 87.930433	 87.755139	 87.582461	  87.41241	 87.244996	 87.080229	 86.918115	  86.75866	 86.601866	 86.447737	 86.296271	 86.147468	 86.001326	 85.857839	 85.717001	 85.578806	 85.443244	 85.310306	 85.179979	  85.05225	 84.927107	 84.804532	  84.68451	 84.567022	  84.45205	 84.339574	 84.229572	 84.122022	 84.016902	 83.914187	 83.813853	 83.715873	 83.620221	 83.526871	 83.435793	  83.34696	 83.260341	 83.175908	  83.09363	 83.013476	 82.935414	 82.859413	 82.785441	 82.713464	 82.643451	 82.575369	 82.509183	  82.44486	 82.382367	  82.32167	 82.262735	 82.205528	 82.150015	 82.096163	 82.043936	 81.993302	 81.944226	 81.896675	 81.850615	 81.806013	 81.762836	 81.721051	 81.680625	 81.641525	  81.60372	 81.567178	 81.531867	 81.497755	 81.464813	 81.433009	 81.402314	 81.372698	 81.344131	 81.316584	  81.29003	  81.26444	 81.239786	 81.216042	 81.193181	 81.171176	 81.150002	 81.129634	 81.110047	 81.091217	  81.07312	 81.055733	 81.039033	 81.022998	 81.007606	 80.992836	 80.978667	 80.965079	 80.952052	 80.939567	 80.927606	 80.916148	 80.905178	 80.894678	  80.88463	 80.875019	 80.865828	 80.857042	 80.848646	 80.840625	 80.832966	 80.825654	 80.818677	  80.81202	 80.805673	 80.799623	 80.793859	 80.788368	 80.783141	 80.778167	 80.773435	 80.768937	 80.764662	 80.760602	 80.756748	 80.753091	 80.749625	 80.746341	 80.743231	 80.740289	 80.737508	 80.734882	 80.732405	  80.73007	 80.727872	 80.725806	 80.723866	 80.722049	  80.72035	 80.718764	 80.717287	 80.715916	 80.714647	 80.713477	 80.712403	 80.711422	 80.710532	  80.70973	 80.709014	 80.708383	 80.707834	 80.707366	 80.706978	 80.706669	 80.706438	 80.706284	 80.706207	
