Time step 44:
        99	        99	        99	        99	        99	        99	        99	        99	        99	        99	        99	        99	        99	        99	        99	        99	        99	        99	        99	        99	        99	        99	        99	        99	        99	        99	        99	        99	        99	        99	        99	        99	        99	        99	        99	        99	        99	        99	        99	        99	        99	        99	        99	        99	        99	        99	        99	        99	        99	        99	        99	        99	        99	        99	        99	        99	        99	        99	        99	        99	        99	        99	        99	        99	        99	        99	        99	        99	        99	        99	        99	        99	        99	        99	        99	        99	        99	        99	        99	        99	        99	        99	        99	        99	        99	        99	        99	        99	        99	        99	        99	        99	        99	        99	        99	        99	        99	        99	        99	        99	        99	        99	        99	        99	        99	        99	        99	        99	        99	        99	        99	        99	        99	        99	        99	        99	        99	        99	        99	        99	        99	        99	        99	        99	        99	        99	        99	        99	        99	        99	        99	        99	        99	        99	        99	        99	        99	        99	        99	        99	        99	        99	        99	        99	        99	        99	        99	        99	        99	        99	        99	        99	        99	        99	        99	        99	        99	        99	        99	        99	        99	        99	        99	        99	        99	        99	        99	        99	        99	        99	        99	        99	        99	        99	        99	        99	        99	        99	        99	        99	        99	        99	        99	        99	        99	        99	        99	        99	        99	        99	        99	        99	        99	        99	        99	        99	        99	        99	        99	        99	
        99	 98.985569	 98.971143	 98.956724	 98.942319	 98.927929	 98.913561	 98.899217	 98.884901	 98.870619	 98.856373	 98.842169	 98.828009	 98.813898	 98.799839	 98.785836	 98.771894	 98.758016	 98.744205	 98.730465	 98.716801	 98.703214	 98.689709	 98.676289	 98.662957	 98.649717	 98.636571	 98.623523	 98.610576	 98.597732	 98.584995	 98.572367	 98.559851	 98.547449	 98.535164	 98.522999	 98.510955	 98.499034	  98.48724	 98.475574	 98.464037	 98.452632	 98.441361	 98.430224	 98.419225	 98.408363	  98.39764	 98.387058	 98.376618	 98.366321	 98.356167	 98.346158	 98.336295	 98.326578	 98.317007	 98.307583	 98.298307	 98.289179	 98.280199	 98.271368	 98.262684	 98.254149	 98.245762	 98.237522	 98.229431	 98.221486	 98.213689	 98.206037	 98.198532	 98.191171	 98.183955	 98.176882	 98.169952	 98.163164	 98.156516	 98.150008	 98.143638	 98.137406	 98.131311	  98.12535	 98.119522	 98.113827	 98.108263	 98.102828	 98.097521	 98.092341	 98.087285	 98.082352	 98.077542	 98.072851	 98.068278	 98.063822	 98.059481	 98.055253	 98.051136	 98.047129	 98.043229	 98.039436	 98.035747	 98.032159	 98.028673	 98.025285	 98.021994	 98.018797	 98.015694	 98.012682	  98.00976	 98.006925	 98.004176	  98.00151	 97.998927	 97.996424	 97.993999	 97.991652	 97.989379	 97.987179	 97.985051	 97.982992	 97.981001	 97.979077	 97.977217	  97.97542	 97.973685	 97.972009	 97.970391	  97.96883	 97.967324	 97.965872	 97.964471	 97.963121	  97.96182	 97.960567	  97.95936	 97.958198	  97.95708	 97.956004	 97.954969	 97.953973	 97.953016	 97.952096	 97.951212	 97.950364	 97.949548	 97.948766	 97.948015	 97.947295	 97.946604	 97.945942	 97.945307	 97.944699	 97.944116	 97.943558	 97.943025	 97.942514	 97.942025	 97.941558	 97.941111	 97.940685	 97.940277	 97.939888	 97.939517	 97.939162	 97.938825	 97.938503	 97.938196	 97.937904	 97.937626	 97.937362	 97.937111	 97.936872	 97.936646	 97.936431	 97.936227	 97.936034	 97.935852	 97.935679	 97.935517	 97.935363	 97.935219	 97.935083	 97.934955	 97.934836	 97.934724	  97.93462	 97.934523	 97.934434	 97.934351	 97.934275	 97.934205	 97.934142	 97.934085	 97.934034	  97.93399	  97.93395	 97.933917	 97.933889	 97.933867	 97.933851	  97.93384	 97.933834	
        99	 98.971143	 98.942294	 98.913461	 98.884654	 98.855879	 98.827146	 98.798462	 98.769836	 98.741275	 98.712788	 98.684383	 98.656067	 98.627848	 98.599735	 98.571734	 98.543854	 98.516101	 98.488484	 98.461008	 98.433682	 98.406513	 98.379507	  98.35267	  98.32601	 98.299534	 98.273246	 98.247154	 98.221263	  98.19558	 98.170109	 98.144857	 98.119828	 98.095028	 98.070462	 98.046134	  98.02205	 97.998213	 97.974627	 97.951298	 97.928228	 97.905422	 97.882882	 97.860612	 97.838616	 97.816895	 97.795453	 97.774292	 97.753415	 97.732824	 97.712519	 97.692505	  97.67278	 97.653349	  97.63421	 97.615366	 97.596816	 97.578563	 97.560605	 97.542944	  97.52558	 97.508512	  97.49174	 97.475263	 97.459082	 97.443196	 97.427603	 97.412302	 97.397293	 97.382574	 97.368144	    97.354	 97.340142	 97.326567	 97.313274	  97.30026	 97.287523	  97.27506	  97.26287	  97.25095	 97.239297	 97.227909	 97.216782	 97.205914	 97.195301	 97.184942	 97.174832	 97.164968	 97.155348	 97.145967	 97.136823	 97.127913	 97.119232	 97.110777	 97.102544	 97.094531	 97.086733	 97.079147	  97.07177	 97.064597	 97.057624	 97.050849	 97.044268	 97.037876	 97.031671	 97.025648	 97.019804	 97.014135	 97.008637	 97.003307	 96.998141	 96.993136	 96.988288	 96.983593	 96.979047	 96.974649	 96.970392	 96.966276	 96.962295	 96.958447	 96.954728	 96.951134	 96.947664	 96.944313	 96.941078	 96.937957	 96.934945	  96.93204	  96.92924	  96.92654	 96.923939	 96.921433	 96.919019	 96.916696	 96.914459	 96.912307	 96.910237	 96.908246	 96.906332	 96.904493	 96.902726	 96.901028	 96.899398	 96.897834	 96.896332	 96.894892	  96.89351	 96.892186	 96.890917	   96.8897	 96.888535	  96.88742	 96.886352	 96.885331	 96.884354	 96.883419	 96.882526	 96.881673	 96.880858	  96.88008	 96.879337	 96.878629	 96.877954	  96.87731	 96.876697	 96.876113	 96.875557	 96.875029	 96.874526	 96.874049	 96.873596	 96.873167	 96.872759	 96.872374	 96.872009	 96.871664	 96.871339	 96.871032	 96.870743	 96.870471	 96.870216	 96.869977	 96.869754	 96.869546	 96.869353	 96.869173	 96.869008	 96.868856	 96.868717	  96.86859	 96.868477	 96.868375	 96.868285	 96.868207	  96.86814	 96.868085	 96.868041	 96.868008	 96.867986	 96.867975	
        99	 98.956724	 98.913461	 98.870223	 98.827022	 98.783871	 98.740781	 98.697765	 98.654836	 98.612005	 98.569285	 98.526687	 98.484224	 98.441906	 98.399746	 98.357755	 98.315944	 98.274325	 98.232909	 98.191706	 98.150727	 98.109982	 98.069482	 98.029237	 97.989257	 97.949552	  97.91013	 97.871001	 97.832174	 97.793658	 97.755461	 97.717591	 97.680057	 97.642866	 97.606026	 97.569543	 97.533425	 97.497678	 97.462309	 97.427323	 97.392727	 97.358525	 97.324724	 97.291327	  97.25834	 97.225767	 97.193612	 97.161878	  97.13057	  97.09969	 97.069241	 97.039226	 97.009647	 96.980506	 96.951805	 96.923545	 96.895728	 96.868354	 96.841424	 96.814939	 96.788898	 96.763302	  96.73815	 96.713442	 96.689176	 96.665352	 96.641968	 96.619023	 96.596515	 96.574442	 96.552801	 96.531591	 96.510808	 96.490451	 96.470516	 96.450999	 96.431898	 96.413209	 96.394928	 96.377052	 96.359577	 96.342498	 96.325812	 96.309514	 96.293599	 96.278063	 96.262902	  96.24811	 96.233683	 96.219616	 96.205903	  96.19254	 96.179522	 96.166842	 96.154497	  96.14248	 96.130786	  96.11941	 96.108346	 96.097589	 96.087133	 96.076973	 96.067103	 96.057518	 96.048212	  96.03918	 96.030416	 96.021914	  96.01367	 96.005677	  95.99793	 95.990424	 95.983153	 95.976112	 95.969296	 95.962699	 95.956316	 95.950143	 95.944173	 95.938402	 95.932825	 95.927436	 95.922232	 95.917207	 95.912356	 95.907674	 95.903158	 95.898802	 95.894602	 95.890554	 95.886653	 95.882895	 95.879275	 95.875791	 95.872437	 95.869209	 95.866105	 95.863119	 95.860249	 95.857491	 95.854841	 95.852295	 95.849851	 95.847504	 95.845253	 95.843093	 95.841021	 95.839035	 95.837131	 95.835307	  95.83356	 95.831888	 95.830287	 95.828755	 95.827289	 95.825888	 95.824549	 95.823269	 95.822047	  95.82088	 95.819767	 95.818704	 95.817691	 95.816726	 95.815806	 95.814931	 95.814097	 95.813305	 95.812552	 95.811836	 95.811157	 95.810513	 95.809902	 95.809324	 95.808777	  95.80826	 95.807771	 95.807311	 95.806878	  95.80647	 95.806088	  95.80573	 95.805395	 95.805083	 95.804793	 95.804524	 95.804276	 95.804048	 95.803839	  95.80365	 95.803479	 95.803327	 95.803192	 95.803075	 95.802975	 95.802892	 95.802826	 95.802776	 95.802743	 95.802727	
        99	 98.942319	 98.884654	 98.827022	  98.76944	 98.711924	  98.65449	 98.597155	 98.539936	 98.482847	 98.425906	 98.369128	 98.312528	 98.256124	 98.199929	  98.14396	 98.088231	 98.032758	 97.977554	 97.922635	 97.868014	 97.813706	 97.759725	 97.706083	 97.652794	 97.599871	 97.547326	 97.495171	  97.44342	 97.392082	  97.34117	 97.290694	 97.240665	 97.191094	  97.14199	 97.093363	 97.045221	 96.997574	 96.950431	 96.903799	 96.857686	 96.812099	 96.767045	 96.722532	 96.678564	 96.635147	 96.592288	 96.549991	  96.50826	 96.467101	 96.426516	 96.386509	 96.347083	 96.308242	 96.269987	 96.232319	 96.195242	 96.158756	 96.122862	  96.08756	 96.052851	 96.018734	 95.985209	 95.952276	 95.919933	 95.888178	  95.85701	 95.826426	 95.796425	 95.767004	  95.73816	 95.709889	 95.682188	 95.655054	 95.628483	 95.602469	  95.57701	 95.552099	 95.527733	 95.503907	 95.480614	  95.45785	 95.435609	 95.413885	 95.392673	 95.371966	 95.351757	 95.332041	 95.312812	 95.294062	 95.275784	 95.257973	 95.240621	  95.22372	 95.207265	 95.191248	 95.175661	 95.160498	 95.145751	 95.131413	 95.117477	 95.103935	  95.09078	 95.078004	   95.0656	 95.053561	 95.041879	 95.030548	 95.019558	 95.008905	 94.998579	 94.988574	 94.978883	 94.969498	 94.960413	  94.95162	 94.943113	 94.934884	 94.926927	 94.919235	 94.911801	 94.904619	 94.897682	 94.890984	 94.884518	 94.878279	 94.872259	 94.866453	 94.860855	 94.855459	 94.850259	  94.84525	 94.840426	 94.835781	 94.831311	 94.827009	 94.822871	 94.818892	 94.815067	  94.81139	 94.807857	 94.804464	 94.801206	 94.798079	 94.795078	 94.792198	 94.789437	  94.78679	 94.784253	 94.781822	 94.779493	 94.777264	  94.77513	 94.773088	 94.771134	 94.769267	 94.767482	 94.765776	 94.764147	 94.762592	 94.761108	 94.759692	 94.758342	 94.757055	 94.755829	 94.754662	 94.753551	 94.752495	 94.751491	 94.750537	 94.749632	 94.748773	 94.747959	 94.747188	 94.746459	  94.74577	 94.745119	 94.744506	 94.743928	 94.743385	 94.742876	 94.742398	 94.741952	 94.741536	  94.74115	 94.740791	  94.74046	 94.740156	 94.739878	 94.739626	 94.739398	 94.739195	 94.739015	 94.738859	 94.738726	 94.738615	 94.738527	 94.738461	 94.738417	 94.738396	
        99	 98.927929	 98.855879	 98.783871	 98.711924	  98.64006	 98.568298	 98.496661	 98.425167	 98.353837	 98.282691	 98.211749	  98.14103	 98.070555	 98.000342	  97.93041	 97.860779	 97.791467	 97.722492	 97.653873	 97.585626	 97.517771	 97.450323	 97.383299	 97.316717	 97.250591	 97.184938	 97.119773	 97.055111	 96.990967	 96.927354	 96.864286	 96.801777	  96.73984	 96.678486	 96.617728	 96.557577	 96.498045	 96.439141	 96.380876	 96.323259	   96.2663	 96.210007	 96.154389	 96.099452	 96.045205	 95.991654	 95.938806	 95.886665	 95.835238	 95.784528	 95.734541	  95.68528	 95.636749	 95.588951	 95.541887	  95.49556	 95.449972	 95.405124	 95.361015	 95.317648	  95.27502	 95.233132	 95.191983	 95.151571	 95.111895	 95.072952	 95.034739	 94.997254	 94.960493	 94.924453	  94.88913	 94.854519	 94.820616	 94.787416	 94.754913	 94.723102	 94.691978	 94.661533	 94.631763	 94.602659	 94.574217	 94.546427	 94.519284	  94.49278	 94.466907	 94.441658	 94.417024	 94.392997	 94.369569	 94.346732	 94.324478	 94.302797	  94.28168	  94.26112	 94.241107	 94.221632	 94.202687	 94.184261	 94.166346	 94.148933	 94.132013	 94.115576	 94.099613	 94.084115	 94.069073	 94.054477	 94.040318	 94.026588	 94.013276	 94.000375	 93.987874	 93.975765	  93.96404	 93.952688	 93.941702	 93.931072	 93.920791	 93.910849	 93.901238	 93.891949	 93.882976	 93.874308	 93.865939	  93.85786	 93.850064	 93.842542	 93.835288	 93.828294	 93.821552	 93.815055	 93.808796	 93.802768	 93.796965	 93.791379	 93.786005	 93.780835	 93.775863	 93.771083	 93.766489	 93.762075	 93.757836	 93.753765	 93.749857	 93.746107	  93.74251	  93.73906	 93.735752	 93.732582	 93.729544	 93.726635	 93.723849	 93.721183	 93.718632	 93.716191	 93.713858	 93.711627	 93.709496	 93.707461	 93.705518	 93.703663	 93.701894	 93.700207	 93.698599	 93.697068	 93.695609	 93.694222	 93.692902	 93.691647	 93.690456	 93.689325	 93.688252	 93.687235	 93.686272	 93.685361	 93.684499	 93.683686	  93.68292	 93.682198	  93.68152	 93.680883	 93.680287	 93.679729	 93.679209	 93.678726	 93.678279	 93.677865	 93.677485	 93.677138	 93.676823	 93.676538	 93.676284	  93.67606	 93.675864	 93.675698	  93.67556	  93.67545	 93.675367	 93.675313	 93.675285	
        99	 98.913561	 98.827146	 98.740781	  98.65449	 98.568298	  98.48223	  98.39631	 98.310563	 98.225011	 98.139681	 98.054595	 97.969778	 97.885252	  97.80104	 97.717167	 97.633653	 97.550522	 97.467796	 97.385496	 97.303643	 97.222259	 97.141364	 97.060978	 96.981121	 96.901812	  96.82307	 96.744913	  96.66736	 96.590427	 96.514131	  96.43849	 96.363519	 96.289233	 96.215647	 96.142776	 96.070632	 95.999231	 95.928583	 95.858702	 95.789598	 95.721283	 95.653768	 95.587061	 95.521172	 95.456109	 95.391882	 95.328497	 95.265961	  95.20428	 95.143461	 95.083508	 95.024426	  94.96622	 94.908891	 94.852445	 94.796882	 94.742205	 94.688415	 94.635513	 94.583499	 94.532373	 94.482134	 94.432781	 94.384312	 94.336725	 94.290018	 94.244187	 94.199228	 94.155138	 94.111913	 94.069548	 94.028036	 93.987374	 93.947554	 93.908572	 93.870419	 93.833089	 93.796575	 93.760869	 93.725964	  93.69185	 93.658521	 93.625966	 93.594178	 93.563147	 93.532863	 93.503318	 93.474501	 93.446402	 93.419012	 93.392321	 93.366317	 93.340991	 93.316332	 93.292329	 93.268971	 93.246248	 93.224149	 93.202663	 93.181778	 93.161485	 93.141771	 93.122625	 93.104037	 93.085996	  93.06849	 93.051509	 93.035041	 93.019075	 93.003602	 92.988609	 92.974086	 92.960022	 92.946408	 92.933231	 92.920482	 92.908151	 92.896227	   92.8847	  92.87356	 92.862797	 92.852401	 92.842364	 92.832674	 92.823323	 92.814302	 92.805602	 92.797213	 92.789127	 92.781335	 92.773828	 92.766599	 92.759638	 92.752939	 92.746493	 92.740292	 92.734329	 92.728596	 92.723086	 92.717793	 92.712708	 92.707825	 92.703139	 92.698641	 92.694327	 92.690189	 92.686221	 92.682419	 92.678776	 92.675287	 92.671946	 92.668748	 92.665688	 92.662761	 92.659962	 92.657287	 92.654731	  92.65229	 92.649959	 92.647735	 92.645613	  92.64359	 92.641661	 92.639825	 92.638076	 92.636411	 92.634828	 92.633324	 92.631894	 92.630538	 92.629251	 92.628031	 92.626876	 92.625783	  92.62475	 92.623775	 92.622856	 92.621991	 92.621177	 92.620413	 92.619698	 92.619029	 92.618406	 92.617826	 92.617289	 92.616794	 92.616338	 92.615922	 92.615543	 92.615202	 92.614897	 92.614628	 92.614394	 92.614194	 92.614029	 92.613897	 92.613798	 92.613732	 92.613699	
        99	 98.899217	 98.798462	 98.697765	 98.597155	 98.496661	  98.39631	 98.296132	 98.196155	 98.096408	 97.996918	 97.897712	  97.79882	 97.700267	 97.602082	  97.50429	 97.406918	 97.309992	 97.213538	 97.117581	 97.022146	 96.927256	 96.832937	 96.739212	 96.646103	 96.553633	 96.461824	 96.370698	 96.280275	 96.190576	  96.10162	 96.013427	 95.926014	 95.839401	 95.753604	  95.66864	 95.584525	 95.501275	 95.418904	 95.337427	 95.256856	 95.177204	 95.098485	 95.020708	 94.943886	 94.868027	 94.793141	 94.719238	 94.646324	 94.574409	 94.503497	 94.433595	 94.364709	 94.296843	 94.230002	 94.164188	 94.099405	 94.035655	 93.972939	 93.911258	 93.850613	 93.791003	 93.732427	 93.674884	 93.618372	 93.562889	 93.508431	 93.454994	 93.402575	 93.351169	 93.300771	 93.251375	 93.202976	 93.155566	 93.109138	 93.063687	 93.019203	 92.975678	 92.933105	 92.891474	 92.850776	 92.811002	 92.772141	 92.734185	 92.697121	 92.660941	 92.625632	 92.591184	 92.557585	 92.524824	 92.492889	 92.461768	 92.431449	  92.40192	 92.373169	 92.345183	 92.317949	 92.291456	 92.265689	 92.240638	 92.216287	 92.192626	 92.169641	 92.147318	 92.125646	 92.104611	   92.0842	   92.0644	   92.0452	 92.026585	 92.008544	 91.991063	  91.97413	 91.957733	 91.941859	 91.926495	 91.911631	 91.897253	  91.88335	 91.869911	 91.856922	 91.844373	 91.832252	 91.820549	 91.809252	 91.798349	 91.787831	 91.777687	 91.767906	 91.758478	 91.749393	 91.740641	 91.732212	 91.724096	 91.716285	 91.708769	 91.701539	 91.694587	 91.687903	 91.681479	 91.675306	 91.669378	 91.663685	 91.658221	 91.652977	 91.647946	 91.643122	 91.638496	 91.634063	 91.629816	 91.625747	 91.621852	 91.618123	 91.614555	 91.611142	 91.607879	  91.60476	  91.60178	 91.598934	 91.596216	 91.593623	 91.591149	  91.58879	 91.586542	   91.5844	 91.582361	  91.58042	 91.578575	 91.576821	 91.575154	 91.573572	 91.572072	  91.57065	 91.569303	 91.568029	 91.566825	 91.565688	 91.564616	 91.563607	 91.562658	 91.561768	 91.560934	 91.560154	 91.559427	 91.558752	 91.558126	 91.557548	 91.557016	 91.556531	 91.556089	 91.555692	 91.555336	 91.555022	  91.55475	 91.554517	 91.554324	  91.55417	 91.554055	 91.553978	  91.55394	
        99	 98.884901	 98.769836	 98.654836	 98.539936	 98.425167	 98.310563	 98.196155	 98.081978	 97.968062	  97.85444	 97.741144	 97.628205	 97.515654	 97.403522	  97.29184	 97.180638	 97.069945	  96.95979	 96.850204	 96.741213	 96.632845	 96.525129	 96.418091	 96.311757	 96.206153	 96.101304	 95.997234	 95.893967	 95.791527	 95.689936	 95.589216	 95.489388	 95.390472	 95.292488	 95.195456	 95.099394	 95.004319	 94.910248	 94.817197	 94.725182	 94.634217	 94.544317	 94.455493	 94.367758	 94.281124	 94.195602	 94.111202	 94.027932	 93.945801	 93.864817	 93.784986	 93.706316	  93.62881	 93.552475	 93.477313	 93.403328	 93.330523	 93.258899	 93.188457	 93.119198	 93.051121	 92.984225	 92.918509	  92.85397	 92.790606	 92.728412	 92.667386	 92.607521	 92.548814	 92.491257	 92.434845	  92.37957	 92.325426	 92.272405	 92.220497	 92.169694	 92.119988	 92.071368	 92.023823	 91.977345	 91.931921	 91.887541	 91.844193	 91.801865	 91.760545	 91.720221	  91.68088	 91.642509	 91.605094	 91.568623	 91.533082	 91.498457	 91.464734	 91.431899	 91.399937	 91.368836	 91.338579	 91.309153	 91.280543	 91.252734	 91.225712	 91.199461	 91.173968	 91.149217	 91.125194	 91.101885	 91.079273	 91.057345	 91.036086	 91.015482	 90.995518	  90.97618	 90.957454	 90.939325	  90.92178	 90.904804	 90.888384	 90.872507	 90.857158	 90.842324	 90.827993	 90.814151	 90.800785	 90.787883	 90.775432	  90.76342	 90.751835	 90.740665	 90.729897	 90.719522	 90.709526	   90.6999	 90.690632	 90.681712	 90.673128	 90.664871	 90.656931	 90.649298	 90.641961	 90.634912	 90.628142	 90.621641	   90.6154	 90.609411	 90.603666	 90.598156	 90.592874	 90.587811	  90.58296	 90.578314	 90.573865	 90.569607	 90.565532	 90.561635	 90.557908	 90.554346	 90.550943	 90.547692	 90.544588	 90.541627	 90.538801	 90.536107	  90.53354	 90.531094	 90.528765	 90.526549	 90.524441	 90.522438	 90.520534	 90.518728	 90.517014	  90.51539	 90.513852	 90.512397	 90.511022	 90.509724	   90.5085	 90.507347	 90.506264	 90.505247	 90.504294	 90.503404	 90.502574	 90.501802	 90.501087	 90.500427	  90.49982	 90.499266	 90.498762	 90.498308	 90.497902	 90.497543	 90.497232	 90.496966	 90.496745	 90.496569	 90.496438	 90.496351	 90.496307	
        99	 98.870619	 98.741275	 98.612005	 98.482847	 98.353837	 98.225011	 98.096408	 97.968062	 97.840011	  97.71229	 97.584935	 97.457982	 97.331464	 97.205418	 97.079878	 96.954876	 96.830448	 96.706624	 96.583439	 96.460924	  96.33911	 96.218027	 96.097707	 95.978178	  95.85947	  95.74161	 95.624626	 95.508546	 95.393394	 95.279196	 95.165978	 95.053762	 94.942572	  94.83243	 94.723358	 94.615375	 94.508502	 94.402758	 94.298161	 94.194728	 94.092476	 93.991419	 93.891573	 93.792952	 93.695568	 93.599433	  93.50456	 93.410957	 93.318635	 93.227601	 93.137865	 93.049432	 92.962309	 92.876502	 92.792013	 92.708848	 92.627008	 92.546496	 92.467313	  92.38946	 92.312935	 92.237738	 92.163868	  92.09132	 92.020093	 91.950183	 91.881583	  91.81429	 91.748298	 91.683599	 91.620187	 91.558054	 91.497191	  91.43759	 91.379241	 91.322134	  91.26626	 91.211606	 91.158163	 91.105917	 91.054856	 91.004969	 90.956242	 90.908662	 90.862215	 90.816887	 90.772664	 90.729531	 90.687474	 90.646477	 90.606526	 90.567604	 90.529696	 90.492787	  90.45686	 90.421899	 90.387887	  90.35481	  90.32265	  90.29139	 90.261015	 90.231507	  90.20285	 90.175028	 90.148024	 90.121822	 90.096405	 90.071756	 90.047859	 90.024698	 90.002257	 89.980519	 89.959469	 89.939091	 89.919369	 89.900286	 89.881829	 89.863981	 89.846728	 89.830053	 89.813944	 89.798384	  89.78336	 89.768857	 89.754861	 89.741358	 89.728335	 89.715779	 89.703676	 89.692013	 89.680777	 89.669956	 89.659538	 89.649511	 89.639862	 89.630581	 89.621655	 89.613074	 89.604828	 89.596904	 89.589293	 89.581986	 89.574971	 89.568239	 89.561781	 89.555587	 89.549649	 89.543958	 89.538505	 89.533282	 89.528281	 89.523495	 89.518914	 89.514533	 89.510344	  89.50634	 89.502515	 89.498861	 89.495372	 89.492043	 89.488867	 89.485839	 89.482952	 89.480203	 89.477585	 89.475094	 89.472725	 89.470473	 89.468333	 89.466303	 89.464376	 89.462551	 89.460822	 89.459186	  89.45764	 89.456181	 89.454805	 89.453509	 89.452291	 89.451148	 89.450078	 89.449077	 89.448144	 89.447277	 89.446473	 89.445731	 89.445049	 89.444425	 89.443859	 89.443348	 89.442892	 89.442489	 89.442139	  89.44184	 89.441592	 89.441394	 89.441247	 89.441148	 89.441099	
        99	 98.856373	 98.712788	 98.569285	 98.425906	 98.282691	 98.139681	 97.996918	  97.85444	  97.71229	 97.570506	 97.429129	 97.288197	  97.14775	 97.007825	 96.868462	 96.729697	 96.591568	 96.454112	 96.317363	 96.181358	 96.046131	 95.911717	 95.778149	  95.64546	 95.513681	 95.382844	  95.25298	 95.124118	 94.996287	 94.869516	 94.743832	  94.61926	 94.495828	 94.373559	 94.252476	 94.132604	 94.013964	 93.896578	 93.780464	 93.665642	 93.552131	 93.439948	 93.329108	 93.219628	 93.111522	 93.004802	 92.899482	 92.795573	 92.693086	  92.59203	 92.492413	 92.394243	 92.297528	 92.202272	 92.108481	 92.016159	 91.925308	 91.835931	  91.74803	 91.661604	 91.576654	 91.493178	 91.411173	 91.330638	 91.251569	  91.17396	 91.097808	 91.023106	 90.949847	 90.878024	  90.80763	 90.738656	 90.671092	 90.604928	 90.540155	 90.476761	 90.414734	 90.354063	 90.294735	 90.236736	 90.180054	 90.124674	 90.070582	 90.017763	 89.966201	 89.915883	 89.866791	 89.818909	 89.772221	  89.72671	  89.68236	 89.639153	 89.597071	 89.556098	 89.516215	 89.477404	 89.439648	 89.402929	 89.367227	 89.332526	 89.298806	 89.266049	 89.234237	 89.203352	 89.173375	 89.144287	 89.116071	 89.088709	 89.062181	  89.03647	 89.011558	 88.987427	 88.964059	 88.941437	 88.919543	  88.89836	  88.87787	 88.858057	 88.838904	 88.820394	  88.80251	 88.785237	 88.768559	 88.752459	 88.736922	 88.721933	 88.707476	 88.693537	 88.680101	 88.667154	 88.654681	 88.642669	 88.631104	 88.619972	 88.609261	 88.598958	 88.589049	 88.579524	 88.570369	 88.561573	 88.553125	 88.545012	 88.537225	 88.529752	 88.522583	 88.515707	 88.509115	 88.502797	 88.496744	 88.490946	 88.485395	 88.480081	 88.474996	 88.470133	 88.465483	 88.461038	 88.456791	 88.452735	 88.448862	 88.445166	 88.441641	 88.438279	 88.435075	 88.432023	 88.429117	 88.426351	 88.423721	 88.421221	 88.418846	 88.416592	 88.414454	 88.412427	 88.410508	 88.408692	 88.406976	 88.405356	 88.403828	  88.40239	 88.401038	 88.399769	  88.39858	  88.39747	 88.396434	 88.395471	 88.394579	 88.393755	 88.392998	 88.392306	 88.391677	  88.39111	 88.390604	 88.390156	 88.389767	 88.389436	 88.389161	 88.388941	 88.388777	 88.388668	 88.388613	
        99	 98.842169	 98.684383	 98.526687	 98.369128	 98.211749	 98.054595	 97.897712	 97.741144	 97.584935	 97.429129	 97.273769	 97.118899	 96.964562	 96.810799	 96.657652	 96.505164	 96.353374	 96.202322	 96.052049	 95.902593	 95.753993	 95.606285	 95.459507	 95.313694	 95.168883	 95.025106	 94.882398	 94.740792	 94.600319	  94.46101	 94.322895	 94.186004	 94.050364	 93.916002	 93.782945	 93.651217	 93.520844	 93.391847	  93.26425	 93.138072	 93.013335	 92.890057	 92.768255	 92.647947	 92.529149	 92.411875	 92.296139	 92.181954	  92.06933	 91.958279	  91.84881	 91.740932	 91.634651	 91.529974	 91.426907	 91.325454	 91.225619	 91.127402	 91.030808	 90.935834	 90.842482	  90.75075	 90.660636	 90.572136	 90.485246	 90.399962	 90.316278	 90.234188	 90.153684	 90.074758	 89.997402	 89.921606	  89.84736	 89.774653	 89.703473	 89.633809	 89.565648	 89.498977	 89.433781	 89.370046	 89.307758	 89.246901	 89.187459	 89.129416	 89.072756	  89.01746	 88.963513	 88.910896	  88.85959	 88.809579	 88.760842	 88.713362	 88.667118	 88.622092	 88.578265	 88.535616	 88.494126	 88.453775	 88.414543	 88.376409	 88.339354	 88.303358	   88.2684	  88.23446	 88.201518	 88.169554	 88.138547	 88.108478	 88.079327	 88.051073	 88.023697	  87.99718	 87.971501	 87.946642	 87.922582	 87.899304	 87.876788	 87.855015	 87.833968	 87.813627	 87.793975	 87.774994	 87.756666	 87.738973	   87.7219	 87.705428	 87.689542	 87.674224	 87.659459	 87.645232	 87.631525	 87.618325	 87.605616	 87.593384	 87.581614	 87.570291	 87.559403	 87.548935	 87.538875	 87.529209	 87.519925	  87.51101	 87.502453	 87.494241	 87.486362	 87.478807	 87.471563	  87.46462	 87.457969	 87.451597	 87.445497	 87.439657	  87.43407	 87.428726	 87.423615	 87.418731	 87.414064	 87.409607	 87.405351	 87.401289	 87.397415	 87.393721	   87.3902	 87.386846	 87.383653	 87.380614	 87.377723	 87.374976	 87.372366	 87.369889	 87.367539	 87.365312	 87.363203	 87.361208	 87.359322	 87.357542	 87.355863	 87.354283	 87.352797	 87.351403	 87.350096	 87.348876	 87.347738	 87.346679	 87.345699	 87.344794	 87.343962	 87.343201	  87.34251	 87.341887	 87.341331	 87.340839	 87.340412	 87.340047	 87.339745	 87.339504	 87.339324	 87.339204	 87.339144	
        99	 98.828009	 98.656067	 98.484224	 98.312528	  98.14103	 97.969778	  97.79882	 97.628205	 97.457982	 97.288197	 97.118899	 96.950135	 96.781951	 96.614393	 96.447507	 96.281338	  96.11593	 95.951327	 95.787572	 95.624707	 95.462775	 95.301815	 95.141869	 94.982975	 94.825171	 94.668496	 94.512985	 94.358674	 94.205598	 94.053791	 93.903285	 93.754113	 93.606303	 93.459887	 93.314893	 93.171348	 93.029277	 92.888708	 92.749663	 92.612165	 92.476237	 92.341899	  92.20917	 92.078068	 91.948612	 91.820817	 91.694697	 91.570268	  91.44754	 91.326526	 91.207236	 91.089679	 90.973863	 90.859796	 90.747482	 90.636927	 90.528134	 90.421107	 90.315846	 90.212352	 90.110625	 90.010663	 89.912464	 89.816024	 89.721339	 89.628404	 89.537212	 89.447757	  89.36003	 89.274024	 89.189728	 89.107131	 89.026224	 88.946994	 88.869429	 88.793515	 88.719239	 88.646586	 88.575541	 88.506088	 88.438212	 88.371895	  88.30712	  88.24387	 88.182126	  88.12187	 88.063082	 88.005744	 87.949836	 87.895338	 87.842229	 87.790488	 87.740096	 87.691031	 87.643272	 87.596796	 87.551584	 87.507613	 87.464861	 87.423306	 87.382927	 87.343701	 87.305607	 87.268622	 87.232725	 87.197893	 87.164104	 87.131338	 87.099571	 87.068782	 87.038951	 87.010054	 86.982071	 86.954982	 86.928764	 86.903397	 86.878861	 86.855135	 86.832199	 86.810034	 86.788618	 86.767934	 86.747962	 86.728682	 86.710077	 86.692128	 86.674816	 86.658124	 86.642035	  86.62653	 86.611594	  86.59721	 86.583361	 86.570031	 86.557205	 86.544867	 86.533002	 86.521595	 86.510632	 86.500099	 86.489982	 86.480267	 86.470942	 86.461993	 86.453408	 86.445175	 86.437281	 86.429716	 86.422467	 86.415524	 86.408876	 86.402513	 86.396424	 86.390601	 86.385032	 86.379709	 86.374623	 86.369766	 86.365129	 86.360703	 86.356481	 86.352455	 86.348619	 86.344964	 86.341484	 86.338172	 86.335022	 86.332029	 86.329185	 86.326485	 86.323925	 86.321498	   86.3192	 86.317025	  86.31497	  86.31303	 86.311201	 86.309479	  86.30786	  86.30634	 86.304917	 86.303587	 86.302346	 86.301193	 86.300125	 86.299139	 86.298232	 86.297403	  86.29665	 86.295971	 86.295365	 86.294829	 86.294364	 86.293966	 86.293637	 86.293374	 86.293178	 86.293047	 86.292982	
        99	 98.813898	 98.627848	 98.441906	 98.256124	 98.070555	 97.885252	 97.700267	 97.515654	 97.331464	  97.14775	 96.964562	 96.781951	 96.599968	 96.418662	 96.238084	 96.058281	 95.879302	 95.701194	 95.524004	 95.347777	 95.172558	 94.998393	 94.825323	 94.653392	 94.482641	 94.313111	 94.144841	  93.97787	 93.812235	 93.647972	 93.485118	 93.323706	  93.16377	 93.005341	  92.84845	 92.693127	 92.539401	 92.387298	 92.236845	 92.088066	 91.940985	 91.795625	 91.652006	 91.510149	 91.370071	  91.23179	 91.095323	 90.960685	 90.827888	 90.696945	 90.567867	 90.440665	 90.315347	 90.191921	 90.070392	 89.950766	 89.833048	 89.717239	 89.603342	 89.491357	 89.381283	  89.27312	 89.166864	 89.062511	 88.960058	 88.859498	 88.760824	 88.664029	 88.569105	 88.476042	  88.38483	 88.295457	 88.207911	 88.122181	 88.038251	 87.956109	 87.875739	 87.797125	 87.720251	   87.6451	 87.571655	 87.499897	 87.429807	 87.361368	 87.294558	 87.229358	 87.165747	 87.103705	  87.04321	  86.98424	 86.926773	 86.870788	 86.816261	  86.76317	 86.711492	 86.661204	 86.612282	 86.564703	 86.518444	  86.47348	 86.429787	 86.387343	 86.346124	 86.306104	 86.267262	 86.229572	 86.193011	 86.157556	 86.123183	 86.089868	 86.057589	 86.026322	 85.996043	 85.966731	 85.938362	 85.910914	 85.884365	 85.858692	 85.833875	  85.80989	 85.786718	 85.764337	 85.742726	 85.721864	 85.701733	  85.68231	 85.663578	 85.645517	 85.628108	 85.611331	  85.59517	 85.579605	  85.56462	 85.550196	 85.536318	 85.522967	 85.510129	 85.497786	 85.485924	 85.474527	 85.463579	 85.453068	 85.442977	 85.433294	 85.424005	 85.415096	 85.406555	 85.398369	 85.390525	 85.383012	 85.375819	 85.368934	 85.362346	 85.356044	 85.350019	 85.344259	 85.338756	   85.3335	 85.328482	 85.323693	 85.319125	 85.314769	 85.310618	 85.306663	 85.302898	 85.299314	 85.295906	 85.292667	  85.28959	 85.286669	 85.283898	 85.281272	 85.278785	 85.276432	 85.274209	  85.27211	  85.27013	 85.268267	 85.266515	 85.264871	 85.263331	 85.261891	 85.260549	 85.259301	 85.258145	 85.257078	 85.256097	   85.2552	 85.254386	 85.253651	 85.252995	 85.252415	 85.251911	 85.251482	 85.251125	 85.250841	 85.250628	 85.250487	 85.250416	
        99	 98.799839	 98.599735	 98.399746	 98.199929	 98.000342	  97.80104	 97.602082	 97.403522	 97.205418	 97.007825	 96.810799	 96.614393	 96.418662	 96.223661	 96.029441	 95.836055	 95.643555	 95.451993	 95.261417	 95.071877	 94.883422	   94.6961	 94.509956	 94.325037	 94.141387	  93.95905	 93.778068	 93.598483	 93.420336	 93.243665	 93.068508	 92.894903	 92.722884	 92.552487	 92.383744	 92.216688	 92.051349	 91.887755	 91.725937	 91.565919	 91.407727	 91.251386	 91.096917	 90.944343	 90.793684	 90.644957	 90.498181	 90.353371	 90.210542	 90.069708	  89.93088	 89.794068	 89.659283	 89.526533	 89.395824	 89.267161	  89.14055	 89.015992	 88.893491	 88.773046	 88.654657	 88.538323	  88.42404	 88.311804	 88.201611	 88.093455	 87.987327	  87.88322	 87.781125	 87.681032	 87.582929	 87.486804	 87.392646	 87.300439	 87.210169	 87.121822	  87.03538	 86.950827	 86.868146	 86.787318	 86.708324	 86.631145	 86.555761	 86.482152	 86.410295	 86.340169	 86.271753	 86.205024	 86.139959	 86.076534	 86.014727	 85.954512	 85.895866	 85.838765	 85.783183	 85.729096	 85.676478	 85.625305	 85.575551	  85.52719	 85.480197	 85.434547	 85.390213	 85.347171	 85.305394	 85.264857	 85.225534	 85.187401	 85.150431	   85.1146	 85.079882	 85.046252	 85.013686	  84.98216	 84.951648	 84.922126	 84.893572	  84.86596	 84.839267	 84.813471	 84.788548	 84.764476	 84.741233	 84.718795	 84.697143	 84.676254	 84.656106	 84.636681	 84.617956	 84.599912	  84.58253	  84.56579	 84.549672	 84.534159	 84.519232	 84.504873	 84.491065	  84.47779	 84.465031	 84.452773	 84.440999	 84.429693	 84.418841	 84.408426	 84.398435	 84.388853	 84.379666	 84.370862	 84.362426	 84.354346	 84.346609	 84.339204	 84.332118	  84.32534	 84.318859	 84.312665	 84.306746	 84.301093	 84.295696	 84.290546	 84.285632	 84.280947	 84.276482	 84.272229	 84.268179	 84.264325	 84.260659	 84.257175	 84.253865	 84.250724	 84.247744	 84.244919	 84.242245	 84.239714	 84.237323	 84.235065	 84.232936	 84.230932	 84.229048	 84.227279	 84.225623	 84.224075	 84.222631	 84.221289	 84.220046	 84.218898	 84.217843	 84.216878	 84.216002	 84.215212	 84.214506	 84.213883	 84.213341	 84.212879	 84.212495	 84.212189	 84.211961	 84.211809	 84.211733	
        99	 98.785836	 98.571734	 98.357755	  98.14396	  97.93041	 97.717167	  97.50429	  97.29184	 97.079878	 96.868462	 96.657652	 96.447507	 96.238084	 96.029441	 95.821634	  95.61472	 95.408754	  95.20379	 94.999883	 94.797084	 94.595445	 94.395019	 94.195853	 93.997998	 93.801501	 93.606408	 93.412766	 93.220618	 93.030008	 92.840978	 92.653568	 92.467818	 92.283766	 92.101449	 91.920902	 91.742159	 91.565253	 91.390216	 91.217077	 91.045865	 90.876607	 90.709328	 90.544054	 90.380807	 90.219608	 90.060477	 89.903433	 89.748493	 89.595673	 89.444986	 89.296446	 89.150064	  89.00585	 88.863813	  88.72396	 88.586297	 88.450828	 88.317557	 88.186486	 88.057616	 87.930945	 87.806472	 87.684195	 87.564108	 87.446206	 87.330483	 87.216931	 87.105542	 86.996305	 86.889209	 86.784243	 86.681395	 86.580649	 86.481992	 86.385407	 86.290879	  86.19839	 86.107923	 86.019458	 85.932975	 85.848455	 85.765878	  85.68522	 85.606461	 85.529577	 85.454546	 85.381344	 85.309947	  85.24033	 85.172469	 85.106337	  85.04191	 84.979162	 84.918066	 84.858596	 84.800725	 84.744426	 84.689673	 84.636438	 84.584694	 84.534414	  84.48557	 84.438135	 84.392082	 84.347382	  84.30401	 84.261936	 84.221135	 84.181579	 84.143241	 84.106095	 84.070113	 84.035269	 84.001536	  83.96889	 83.937303	 83.906751	 83.877208	 83.848648	 83.821047	 83.794381	 83.768625	 83.743755	 83.719748	 83.696581	  83.67423	 83.652674	 83.631889	 83.611855	 83.592549	 83.573951	 83.556039	 83.538794	 83.522196	 83.506225	 83.490861	 83.476087	 83.461883	 83.448232	 83.435116	 83.422519	 83.410422	  83.39881	 83.387667	 83.376977	 83.366725	 83.356896	 83.347475	 83.338449	 83.329804	 83.321526	 83.313602	 83.306021	 83.298769	 83.291835	 83.285207	 83.278874	 83.272826	 83.267051	  83.26154	 83.256283	  83.25127	 83.246493	 83.241942	 83.237609	 83.233485	 83.229563	 83.225835	 83.222294	 83.218933	 83.215744	 83.212722	 83.209861	 83.207153	 83.204594	 83.202179	 83.199901	 83.197756	  83.19574	 83.193848	 83.192076	 83.190419	 83.188875	 83.187439	 83.186109	  83.18488	 83.183752	  83.18272	 83.181782	 83.180937	 83.180181	 83.179515	 83.178935	  83.17844	  83.17803	 83.177703	 83.177458	 83.177295	 83.177214	
        99	 98.771894	 98.543854	 98.315944	 98.088231	 97.860779	 97.633653	 97.406918	 97.180638	 96.954876	 96.729697	 96.505164	 96.281338	 96.058281	 95.836055	  95.61472	 95.394336	 95.174961	 94.956654	 94.739472	 94.523471	 94.308706	 94.095231	   93.8831	 93.672364	 93.463075	 93.255281	 93.049033	 92.844376	 92.641357	 92.440021	 92.240411	 92.042568	 91.846534	 91.652348	 91.460047	 91.269668	 91.081245	 90.894813	 90.710403	 90.528045	 90.347768	   90.1696	 89.993566	 89.819691	 89.647998	 89.478508	  89.31124	 89.146213	 88.983444	 88.822947	 88.664737	 88.508826	 88.355223	  88.20394	 88.054982	 87.908357	 87.764069	 87.622122	 87.482519	 87.345259	 87.210341	 87.077765	 86.947527	 86.819623	 86.694045	 86.570789	 86.449845	 86.331204	 86.214855	 86.100788	 85.988988	 85.879444	  85.77214	  85.66706	 85.564188	 85.463506	 85.364996	 85.268639	 85.174415	 85.082302	  84.99228	 84.904326	 84.818418	 84.734531	 84.652643	 84.572727	  84.49476	 84.418714	 84.344565	 84.272286	 84.201849	 84.133228	 84.066395	 84.001321	  83.93798	 83.876341	 83.816378	  83.75806	  83.70136	 83.646247	 83.592694	  83.54067	 83.490147	 83.441096	 83.393486	  83.34729	 83.302477	  83.25902	 83.216889	 83.176055	  83.13649	 83.098166	 83.061053	 83.025125	 82.990354	 82.956711	 82.924169	 82.892703	 82.862284	 82.832886	 82.804484	 82.777051	 82.750562	 82.724993	 82.700317	 82.676511	 82.653552	 82.631414	 82.610075	 82.589512	 82.569703	 82.550626	 82.532258	 82.514579	 82.497568	 82.481205	 82.465468	  82.45034	 82.435801	 82.421831	 82.408413	 82.395529	 82.383161	 82.371292	 82.359906	 82.348987	 82.338518	 82.328484	  82.31887	 82.309662	 82.300845	 82.292406	 82.284331	 82.276607	 82.269222	 82.262162	 82.255417	 82.248975	 82.242825	 82.236955	 82.231355	 82.226016	 82.220928	 82.216081	 82.211465	 82.207073	 82.202896	 82.198925	 82.195154	 82.191574	 82.188178	 82.184959	 82.181911	 82.179027	 82.176302	 82.173729	 82.171303	 82.169019	 82.166871	 82.164856	 82.162968	 82.161204	 82.159559	  82.15803	 82.156612	 82.155304	 82.154102	 82.153003	 82.152004	 82.151104	 82.150299	 82.149589	 82.148971	 82.148445	 82.148008	 82.147659	 82.147399	 82.147225	 82.147139	
        99	 98.758016	 98.516101	 98.274325	 98.032758	 97.791467	 97.550522	 97.309992	 97.069945	 96.830448	 96.591568	 96.353374	  96.11593	 95.879302	 95.643555	 95.408754	 95.174961	  94.94224	  94.71065	 94.480254	 94.251111	 94.023279	 93.796817	 93.571779	 93.348222	 93.126199	 92.905763	 92.686966	 92.469858	 92.254487	 92.040901	 91.829146	 91.619266	 91.411305	 91.205304	 91.001304	 90.799342	 90.599455	  90.40168	  90.20605	 90.012597	 89.821351	 89.632343	 89.445599	 89.261146	 89.079006	 88.899204	  88.72176	 88.546692	  88.37402	 88.203759	 88.035923	 87.870525	 87.707577	 87.547089	 87.389069	 87.233523	 87.080456	 86.929873	 86.781776	 86.636165	 86.493039	 86.352397	 86.214235	 86.078548	 85.945331	 85.814575	 85.686272	 85.560413	 85.436985	 85.315978	 85.197377	 85.081168	 84.967335	 84.855861	  84.74673	 84.639923	  84.53542	   84.4332	 84.333243	 84.235526	 84.140027	 84.046722	 83.955587	 83.866596	 83.779725	 83.694948	 83.612236	 83.531564	 83.452904	 83.376227	 83.301505	 83.228709	 83.157809	 83.088777	 83.021581	 82.956193	 82.892581	 82.830715	 82.770565	 82.712099	 82.655288	 82.600099	 82.546502	 82.494466	  82.44396	 82.394953	 82.347414	 82.301313	 82.256618	   82.2133	 82.171328	 82.130672	 82.091301	 82.053187	   82.0163	  81.98061	 81.946089	 81.912708	 81.880438	 81.849252	 81.819121	  81.79002	 81.761919	 81.734794	 81.708617	 81.683363	 81.659006	 81.635522	 81.612885	 81.591071	 81.570057	 81.549818	 81.530333	 81.511579	 81.493533	 81.476173	  81.45948	 81.443431	 81.428007	 81.413187	 81.398953	 81.385285	 81.372165	 81.359574	 81.347495	 81.335911	 81.324805	 81.314161	 81.303962	 81.294194	 81.284841	 81.275888	 81.267322	 81.259128	 81.251293	 81.243804	 81.236649	 81.229815	  81.22329	 81.217063	 81.211123	 81.205459	 81.200061	 81.194919	 81.190023	 81.185363	 81.180932	  81.17672	 81.172719	 81.168921	 81.165318	 81.161903	  81.15867	 81.155611	  81.15272	  81.14999	 81.147417	 81.144993	 81.142715	 81.140577	 81.138575	 81.136703	 81.134958	 81.133336	 81.131833	 81.130445	 81.129169	 81.128003	 81.126944	 81.125989	 81.125135	 81.124382	 81.123727	 81.123168	 81.122704	 81.122334	 81.122058	 81.121874	 81.121782	
