Time step 93:
        99	        99	        99	        99	        99	        99	        99	        99	        99	        99	        99	        99	        99	        99	        99	        99	        99	        99	        99	        99	        99	        99	        99	        99	        99	        99	        99	        99	        99	        99	        99	        99	        99	        99	        99	        99	        99	        99	        99	        99	        99	        99	        99	        99	        99	        99	        99	        99	        99	        99	        99	        99	        99	        99	        99	        99	        99	        99	        99	        99	        99	        99	        99	        99	        99	        99	        99	        99	        99	        99	        99	        99	        99	        99	        99	        99	        99	        99	        99	        99	        99	        99	        99	        99	        99	        99	        99	        99	        99	        99	        99	        99	        99	        99	        99	        99	        99	        99	        99	        99	        99	        99	        99	        99	        99	        99	        99	        99	        99	        99	        99	        99	        99	        99	        99	        99	        99	        99	        99	        99	        99	        99	        99	        99	        99	        99	        99	        99	        99	        99	        99	        99	        99	        99	        99	        99	        99	        99	        99	        99	        99	        99	        99	        99	        99	        99	        99	        99	        99	        99	        99	        99	        99	        99	        99	        99	        99	        99	        99	        99	        99	        99	        99	        99	        99	        99	        99	        99	        99	        99	        99	        99	        99	        99	        99	        99	        99	        99	        99	        99	        99	        99	        99	        99	        99	        99	        99	        99	        99	        99	        99	        99	        99	        99	        99	        99	        99	        99	        99	        99	
        99	 98.993173	 98.986347	 98.979522	 98.972701	 98.965883	  98.95907	 98.952262	 98.945461	 98.938667	 98.931881	 98.925105	 98.918339	 98.911584	 98.904841	  98.89811	 98.891394	 98.884691	 98.878005	 98.871334	 98.864681	 98.858046	  98.85143	 98.844834	 98.838258	 98.831704	 98.825172	 98.818662	 98.812177	 98.805717	 98.799281	 98.792872	  98.78649	 98.780136	  98.77381	 98.767513	 98.761247	  98.75501	 98.748805	 98.742632	 98.736492	 98.730385	 98.724312	 98.718274	 98.712271	 98.706303	 98.700372	 98.694478	 98.688622	 98.682804	 98.677024	 98.671284	 98.665583	 98.659922	 98.654303	 98.648724	 98.643187	 98.637692	  98.63224	  98.62683	 98.621464	 98.616141	 98.610863	 98.605629	 98.600439	 98.595295	 98.590196	 98.585143	 98.580136	 98.575175	  98.57026	 98.565393	 98.560572	 98.555798	 98.551072	 98.546393	 98.541762	 98.537178	 98.532643	 98.528156	 98.523717	 98.519326	 98.514984	  98.51069	 98.506445	 98.502249	 98.498101	 98.494001	  98.48995	 98.485948	 98.481995	  98.47809	 98.474233	 98.470425	 98.466666	 98.462955	 98.459292	 98.455677	  98.45211	 98.448591	  98.44512	 98.441697	 98.438321	 98.434992	 98.431711	 98.428477	 98.425289	 98.422148	 98.419054	 98.416006	 98.413003	 98.410047	 98.407136	  98.40427	  98.40145	 98.398674	 98.395942	 98.393255	 98.390612	 98.388013	 98.385457	 98.382945	 98.380475	 98.378048	 98.375663	  98.37332	 98.371019	 98.368759	  98.36654	 98.364362	 98.362224	 98.360126	 98.358068	  98.35605	 98.354071	  98.35213	 98.350228	 98.348364	 98.346538	  98.34475	 98.342998	 98.341284	 98.339606	 98.337964	 98.336358	 98.334787	 98.333252	 98.331752	 98.330286	 98.328854	 98.327456	 98.326092	 98.324762	 98.323464	 98.322199	 98.320966	 98.319766	 98.318597	  98.31746	 98.316354	 98.315279	 98.314234	  98.31322	 98.312236	 98.311282	 98.310358	 98.309463	 98.308597	  98.30776	 98.306952	 98.306172	  98.30542	 98.304697	 98.304001	 98.303332	 98.302691	 98.302077	  98.30149	  98.30093	 98.300397	  98.29989	 98.299409	 98.298955	 98.298527	 98.298124	 98.297747	 98.297396	 98.297071	 98.296771	 98.296496	 98.296246	 98.296022	 98.295823	 98.295649	   98.2955	 98.295375	 98.295276	 98.295202	 98.295152	 98.295127	
        99	 98.986347	 98.972695	 98.959047	 98.945405	  98.93177	 98.918145	  98.90453	 98.890929	 98.877342	 98.863772	 98.850221	 98.836689	  98.82318	 98.809694	 98.796234	 98.782802	 98.769399	 98.756026	 98.742686	 98.729381	 98.716112	 98.702881	 98.689689	 98.676538	  98.66343	 98.650367	 98.637349	  98.62438	  98.61146	  98.59859	 98.585773	  98.57301	 98.560302	 98.547651	 98.535058	 98.522526	 98.510054	 98.497645	   98.4853	  98.47302	 98.460807	 98.448662	 98.436586	  98.42458	 98.412646	 98.400785	 98.388998	 98.377286	  98.36565	 98.354092	 98.342612	 98.331211	 98.319891	 98.308652	 98.297496	 98.286423	 98.275434	 98.264529	 98.253711	 98.242979	 98.232335	 98.221779	 98.211311	 98.200933	 98.190645	 98.180448	 98.170343	 98.160329	 98.150407	 98.140579	 98.130844	 98.121203	 98.111656	 98.102204	 98.092847	 98.083586	  98.07442	  98.06535	 98.056376	 98.047499	 98.038718	 98.030034	 98.021447	 98.012958	 98.004565	 97.996269	 97.988071	  97.97997	 97.971966	  97.96406	  97.95625	 97.948538	 97.940923	 97.933404	 97.925982	 97.918657	 97.911428	 97.904294	 97.897257	 97.890316	 97.883469	 97.876718	 97.870062	 97.863499	 97.857031	 97.850656	 97.844375	 97.838187	  97.83209	 97.826086	 97.820174	 97.814352	 97.808621	  97.80298	 97.797429	 97.791967	 97.786593	 97.781308	  97.77611	 97.770998	 97.765973	 97.761034	  97.75618	  97.75141	 97.746725	 97.742123	 97.737603	 97.733166	  97.72881	 97.724534	  97.72034	 97.716224	 97.712188	 97.708229	 97.704349	 97.700545	 97.696817	 97.693165	 97.689589	 97.686086	 97.682657	 97.679301	 97.676018	 97.672806	 97.669665	 97.666595	 97.663594	 97.660662	 97.657799	 97.655004	 97.652276	 97.649615	  97.64702	  97.64449	 97.642025	 97.639624	 97.637286	 97.635012	   97.6328	  97.63065	 97.628562	 97.626534	 97.624566	 97.622658	  97.62081	  97.61902	 97.617288	 97.615615	 97.613998	 97.612438	 97.610935	 97.609488	 97.608096	 97.606759	 97.605477	 97.604249	 97.603076	 97.601956	 97.600889	 97.599875	 97.598914	 97.598005	 97.597148	 97.596344	  97.59559	 97.594888	 97.594237	 97.593637	 97.593088	 97.592589	  97.59214	 97.591742	 97.591393	 97.591095	 97.590847	 97.590648	 97.590499	   97.5904	  97.59035	
        99	 98.979522	 98.959047	 98.938578	 98.918117	 98.897667	 98.877231	 98.856812	 98.836412	 98.816034	 98.795681	 98.775356	 98.755061	   98.7348	 98.714574	 98.694386	  98.67424	 98.654137	 98.634081	 98.614073	 98.594118	 98.574216	 98.554371	 98.534586	 98.514862	 98.495202	  98.47561	 98.456086	 98.436634	 98.417255	 98.397953	  98.37873	 98.359587	 98.340527	 98.321553	 98.302666	 98.283869	 98.265164	 98.246553	 98.228037	  98.20962	 98.191302	 98.173086	 98.154974	 98.136968	 98.119069	  98.10128	 98.083601	 98.066035	 98.048583	 98.031248	  98.01403	 97.996931	 97.979952	 97.963096	 97.946363	 97.929755	 97.913273	 97.896919	 97.880693	 97.864597	 97.848633	   97.8328	 97.817101	 97.801535	 97.786105	 97.770812	 97.755655	 97.740636	 97.725756	 97.711015	 97.696414	 97.681954	 97.667636	 97.653459	 97.639425	 97.625534	 97.611787	 97.598184	 97.584725	  97.57141	 97.558241	 97.545216	 97.532337	 97.519604	 97.507016	 97.494574	 97.482278	 97.470128	 97.458124	 97.446265	 97.434553	 97.422985	 97.411564	 97.400287	 97.389155	 97.378169	 97.367326	 97.356628	 97.346073	 97.335662	 97.325394	 97.315268	 97.305284	 97.295442	 97.285741	  97.27618	 97.266759	 97.257477	 97.248334	 97.239329	 97.230461	  97.22173	 97.213134	 97.204674	 97.196348	 97.188156	 97.180096	 97.172169	 97.164372	 97.156706	  97.14917	 97.141762	 97.134481	 97.127328	   97.1203	 97.113398	 97.106619	 97.099964	  97.09343	 97.087018	 97.080727	 97.074554	   97.0685	 97.062563	 97.056743	 97.051038	 97.045447	  97.03997	 97.034605	 97.029352	 97.024209	 97.019176	 97.014251	 97.009434	 97.004723	 97.000118	 96.995618	 96.991221	 96.986927	 96.982735	 96.978643	 96.974652	 96.970759	 96.966965	 96.963268	 96.959666	 96.956161	  96.95275	 96.949432	 96.946208	 96.943075	 96.940034	 96.937083	 96.934222	 96.931449	 96.928765	 96.926167	 96.923657	 96.921232	 96.918893	 96.916638	 96.914468	  96.91238	 96.910375	 96.908452	 96.906611	 96.904851	 96.903171	 96.901571	  96.90005	 96.898609	 96.897246	 96.895961	 96.894754	 96.893624	 96.892571	 96.891594	 96.890694	  96.88987	 96.889122	 96.888449	 96.887852	 96.887329	 96.886882	 96.886509	 96.886211	 96.885988	 96.885839	 96.885765	
        99	 98.972701	 98.945405	 98.918117	  98.89084	 98.863578	 98.836334	 98.809113	 98.781917	 98.754751	 98.727618	 98.700522	 98.673467	 98.646456	 98.619492	 98.592579	 98.565722	 98.538922	 98.512185	 98.485513	 98.458909	 98.432378	 98.405923	 98.379546	 98.353252	 98.327043	 98.300924	 98.274896	 98.248964	  98.22313	 98.197398	 98.171771	 98.146251	 98.120843	 98.095548	 98.070369	 98.045311	 98.020374	 97.995563	 97.970879	 97.946327	 97.921907	 97.897623	 97.873478	 97.849473	 97.825612	 97.801896	 97.778328	 97.754911	 97.731645	 97.708535	 97.685581	 97.662786	 97.640152	  97.61768	 97.595374	 97.573233	 97.551261	 97.529458	 97.507828	  97.48637	 97.465087	  97.44398	 97.423051	 97.402301	  97.38173	 97.361342	 97.341136	 97.321114	 97.301277	 97.281625	 97.262161	 97.242884	 97.223796	 97.204897	 97.186188	  97.16767	 97.149343	 97.131208	 97.113265	 97.095515	 97.077959	 97.060596	 97.043427	 97.026451	 97.009671	 96.993084	 96.976692	 96.960494	 96.944491	 96.928682	 96.913068	 96.897647	  96.88242	 96.867387	 96.852548	 96.837901	 96.823447	 96.809184	 96.795114	 96.781234	 96.767546	 96.754047	 96.740737	 96.727616	 96.714683	 96.701937	 96.689378	 96.677004	 96.664816	 96.652811	 96.640989	 96.629349	  96.61789	 96.606611	 96.595512	  96.58459	 96.573846	 96.563278	 96.552884	 96.542664	 96.532617	 96.522741	 96.513036	 96.503499	 96.494131	 96.484929	 96.475892	  96.46702	  96.45831	 96.449762	 96.441374	 96.433146	 96.425075	  96.41716	 96.409401	 96.401796	 96.394343	 96.387041	 96.379889	 96.372886	  96.36603	  96.35932	 96.352755	 96.346333	 96.340053	 96.333914	 96.327914	 96.322053	 96.316328	 96.310739	 96.305285	 96.299964	 96.294775	 96.289716	 96.284787	 96.279986	 96.275313	 96.270766	 96.266343	 96.262044	 96.257868	 96.253814	  96.24988	 96.246065	 96.242369	  96.23879	 96.235328	 96.231981	 96.228749	 96.225631	 96.222625	 96.219731	 96.216948	 96.214275	 96.211712	 96.209257	 96.206911	 96.204671	 96.202538	 96.200511	 96.198589	 96.196772	 96.195059	  96.19345	 96.191943	  96.19054	 96.189238	 96.188038	  96.18694	 96.185942	 96.185045	 96.184249	 96.183552	 96.182956	 96.182459	 96.182062	 96.181764	 96.181565	 96.181466	
        99	 98.965883	  98.93177	 98.897667	 98.863578	 98.829507	  98.79546	  98.76144	 98.727452	 98.693502	 98.659592	 98.625729	 98.591917	  98.55816	 98.524462	 98.490828	 98.457263	  98.42377	 98.390355	 98.357022	 98.323774	 98.290617	 98.257555	 98.224591	 98.191729	 98.158975	 98.126332	 98.093805	 98.061396	 98.029111	 97.996952	 97.964924	 97.933032	 97.901277	 97.869665	 97.838198	 97.806881	 97.775717	 97.744709	 97.713861	 97.683177	 97.652658	  97.62231	 97.592134	 97.562134	 97.532314	 97.502675	 97.473221	 97.443955	  97.41488	 97.385998	 97.357311	 97.328823	 97.300536	 97.272453	 97.244575	 97.216905	 97.189445	 97.162197	 97.135164	 97.108348	  97.08175	 97.055371	 97.029215	 97.003283	 96.977575	 96.952095	 96.926842	  96.90182	 96.877028	 96.852469	 96.828143	 96.804052	 96.780197	 96.756578	 96.733197	 96.710054	  96.68715	 96.664486	 96.642062	 96.619879	 96.597938	 96.576239	 96.554781	 96.533567	 96.512595	 96.491866	  96.47138	 96.451137	 96.431137	  96.41138	 96.391866	 96.372594	 96.353565	 96.334777	 96.316231	 96.297927	 96.279862	 96.262038	 96.244454	 96.227108	     96.21	  96.19313	 96.176497	 96.160099	 96.143936	 96.128007	 96.112311	 96.096847	 96.081614	 96.066611	 96.051837	  96.03729	 96.022969	 96.008874	 95.995002	 95.981353	 95.967926	 95.954718	 95.941728	 95.928956	   95.9164	 95.904058	 95.891928	  95.88001	 95.868302	 95.856801	 95.845508	  95.83442	 95.823535	 95.812852	  95.80237	 95.792086	 95.781999	 95.772108	 95.762411	 95.752906	 95.743592	 95.734467	 95.725529	 95.716777	 95.708208	 95.699823	 95.691618	 95.683592	 95.675744	 95.668071	 95.660573	 95.653248	 95.646094	 95.639109	 95.632293	 95.625642	 95.619157	 95.612835	 95.606675	 95.600676	 95.594835	 95.589152	 95.583625	 95.578253	 95.573034	 95.567967	  95.56305	 95.558283	 95.553664	 95.549191	 95.544864	 95.540682	 95.536642	 95.532745	 95.528988	 95.525372	 95.521894	 95.518553	  95.51535	 95.512282	 95.509349	 95.506551	 95.503885	 95.501352	  95.49895	 95.496679	 95.494538	 95.492527	 95.490644	  95.48889	 95.487263	 95.485764	 95.484391	 95.483144	 95.482023	 95.481028	 95.480158	 95.479412	 95.478791	 95.478295	 95.477923	 95.477675	 95.477551	
        99	  98.95907	 98.918145	 98.877231	 98.836334	  98.79546	 98.754613	 98.713799	 98.673024	 98.632293	 98.591613	 98.550987	 98.510422	 98.469923	 98.429496	 98.389146	 98.348877	 98.308697	 98.268609	 98.228618	 98.188731	 98.148953	 98.109287	  98.06974	 98.030317	 97.991022	  97.95186	 97.912836	 97.873956	 97.835223	 97.796642	 97.758219	 97.719957	 97.681861	 97.643936	 97.606185	 97.568614	 97.531226	 97.494026	 97.457018	 97.420205	 97.383593	 97.347183	 97.310982	 97.274991	 97.239215	 97.203657	 97.168322	 97.133211	 97.098329	 97.063679	 97.029264	 96.995087	 96.961151	 96.927459	 96.894014	 96.860818	 96.827875	 96.795186	 96.762754	 96.730583	 96.698673	 96.667027	 96.635647	 96.604536	 96.573694	 96.543125	  96.51283	 96.482811	 96.453068	 96.423605	 96.394421	 96.365519	 96.336899	 96.308564	 96.280513	 96.252748	 96.225271	  96.19808	 96.171179	 96.144566	 96.118243	  96.09221	 96.066468	 96.041017	 96.015857	 95.990989	 95.966412	 95.942126	 95.918132	  95.89443	 95.871018	 95.847898	 95.825069	 95.802529	  95.78028	 95.758319	 95.736648	 95.715264	 95.694168	 95.673358	 95.652834	 95.632595	  95.61264	 95.592967	 95.573576	 95.554466	 95.535636	 95.517084	 95.498809	  95.48081	 95.463085	 95.445633	 95.428452	 95.411542	   95.3949	 95.378526	 95.362416	 95.346571	 95.330988	 95.315665	 95.300601	 95.285794	 95.271242	 95.256944	 95.242898	 95.229101	 95.215552	 95.202249	 95.189191	 95.176375	 95.163799	 95.151461	 95.139361	 95.127494	 95.115861	 95.104458	 95.093283	 95.082336	 95.071613	 95.061113	 95.050833	 95.040773	  95.03093	 95.021301	 95.011885	 95.002681	 94.993686	 94.984897	 94.976315	 94.967935	 94.959757	 94.951779	 94.943999	 94.936414	 94.929024	 94.921827	  94.91482	 94.908002	 94.901371	 94.894926	 94.888664	 94.882585	 94.876687	 94.870968	 94.865426	  94.86006	 94.854869	 94.849852	 94.845005	  94.84033	 94.835823	 94.831484	 94.827311	 94.823304	 94.819461	 94.815781	 94.812262	 94.808905	 94.805707	 94.802667	 94.799786	 94.797062	 94.794493	  94.79208	 94.789822	 94.787717	 94.785765	 94.783966	 94.782319	 94.780824	 94.779479	 94.778285	 94.777241	 94.776346	 94.775601	 94.775006	 94.774559	 94.774262	 94.774113	
        99	 98.952262	  98.90453	 98.856812	 98.809113	  98.76144	 98.713799	 98.666197	  98.61864	 98.571135	 98.523688	 98.476306	 98.428994	 98.381759	 98.334608	 98.287546	  98.24058	 98.193717	 98.146961	  98.10032	 98.053798	 98.007403	 97.961141	 97.915016	 97.869036	 97.823205	  97.77753	 97.732016	 97.686668	 97.641493	 97.596495	 97.551681	 97.507055	 97.462623	  97.41839	 97.374361	 97.330541	 97.286935	 97.243547	 97.200384	 97.157448	 97.114746	 97.072281	 97.030058	 96.988081	 96.946355	 96.904883	 96.863671	  96.82272	 96.782037	 96.741624	 96.701485	 96.661623	 96.622043	 96.582747	 96.543739	 96.505022	 96.466599	 96.428474	 96.390648	 96.353125	 96.315908	 96.278998	   96.2424	 96.206114	 96.170143	  96.13449	 96.099156	 96.064143	 96.029454	  95.99509	 95.961052	 95.927343	 95.893963	 95.860915	 95.828199	 95.795816	 95.763768	 95.732055	 95.700679	  95.66964	 95.638939	 95.608577	 95.578553	 95.548869	 95.519524	 95.490519	 95.461855	  95.43353	 95.405545	   95.3779	 95.350595	  95.32363	 95.297003	 95.270715	 95.244764	 95.219152	 95.193875	 95.168935	  95.14433	 95.120059	 95.096122	 95.072516	 95.049242	 95.026298	 95.003682	 94.981393	 94.959431	 94.937793	 94.916479	 94.895486	 94.874813	 94.854458	  94.83442	 94.814697	 94.795288	 94.776189	 94.757401	  94.73892	 94.720745	 94.702874	 94.685304	 94.668034	 94.651062	 94.634386	 94.618003	 94.601912	 94.586109	 94.570594	 94.555364	 94.540416	 94.525748	 94.511359	 94.497246	 94.483406	 94.469837	 94.456537	 94.443505	 94.430736	  94.41823	 94.405983	 94.393994	 94.382261	  94.37078	  94.35955	 94.348568	 94.337833	 94.327341	 94.317092	 94.307081	 94.297308	  94.28777	 94.278465	  94.26939	 94.260545	 94.251925	 94.243531	 94.235358	 94.227406	 94.219673	 94.212155	 94.204853	 94.197763	 94.190883	 94.184213	 94.177749	 94.171491	 94.165437	 94.159584	 94.153932	 94.148479	 94.143223	 94.138162	 94.133295	 94.128622	 94.124139	 94.119847	 94.115743	 94.111827	 94.108097	 94.104552	 94.101192	 94.098014	 94.095019	 94.092204	  94.08957	 94.087115	 94.084839	 94.082741	  94.08082	 94.079076	 94.077507	 94.076114	 94.074897	 94.073853	 94.072985	  94.07229	 94.071769	 94.071422	 94.071249	
        99	 98.945461	 98.890929	 98.836412	 98.781917	 98.727452	 98.673024	  98.61864	 98.564308	 98.510035	 98.455828	 98.401695	 98.347643	 98.293679	  98.23981	 98.186043	 98.132386	 98.078846	 98.025429	 97.972143	 97.918994	 97.865989	 97.813135	 97.760439	 97.707908	 97.655548	 97.603365	 97.551367	 97.499559	 97.447947	 97.396539	  97.34534	 97.294357	 97.243594	 97.193059	 97.142757	 97.092694	 97.042875	 96.993307	 96.943994	 96.894941	 96.846155	  96.79764	 96.749402	 96.701445	 96.653774	 96.606394	 96.559309	 96.512525	 96.466045	 96.419874	 96.374017	 96.328476	 96.283257	 96.238363	 96.193797	 96.149564	 96.105667	  96.06211	 96.018895	 95.976027	 95.933507	 95.891339	 95.849526	  95.80807	 95.766975	 95.726242	 95.685874	 95.645873	 95.606242	 95.566982	 95.528095	 95.489583	 95.451448	 95.413691	 95.376314	 95.339318	 95.302704	 95.266473	 95.230627	 95.195166	 95.160091	 95.125403	 95.091102	 95.057188	 95.023663	 94.990526	 94.957777	 94.925417	 94.893446	 94.861862	 94.830667	 94.799859	 94.769439	 94.739406	 94.709758	 94.680497	 94.651619	 94.623126	 94.595016	 94.567287	 94.539939	  94.51297	  94.48638	 94.460167	 94.434329	 94.408865	 94.383774	 94.359053	 94.334702	 94.310718	   94.2871	 94.263845	 94.240953	  94.21842	 94.196245	 94.174426	 94.152961	 94.131847	 94.111082	 94.090665	 94.070592	 94.050862	 94.031472	  94.01242	 93.993703	 93.975319	 93.957265	  93.93954	 93.922139	 93.905062	 93.888305	 93.871865	 93.855741	 93.839929	 93.824428	 93.809233	 93.794344	 93.779756	 93.765468	 93.751477	  93.73778	 93.724374	 93.711258	 93.698428	 93.685882	 93.673617	 93.661631	 93.649921	 93.638484	 93.627319	 93.616422	 93.605791	 93.595423	 93.585317	  93.57547	 93.565879	 93.556543	 93.547458	 93.538622	 93.530034	 93.521691	 93.513591	 93.505731	 93.498111	 93.490726	 93.483577	  93.47666	 93.469974	 93.463516	 93.457286	 93.451281	 93.445499	 93.439939	 93.434599	 93.429478	 93.424575	 93.419886	 93.415412	 93.411151	 93.407101	 93.403262	 93.399632	 93.396209	 93.392994	 93.389984	  93.38718	 93.384579	 93.382182	 93.379988	 93.377995	 93.376203	 93.374611	  93.37322	 93.372029	 93.371036	 93.370243	 93.369648	 93.369251	 93.369053	
        99	 98.938667	 98.877342	 98.816034	 98.754751	 98.693502	 98.632293	 98.571135	 98.510035	 98.449001	 98.388042	 98.327166	 98.266381	 98.205694	 98.145115	 98.084651	  98.02431	   97.9641	 97.904029	 97.844105	 97.784335	 97.724728	  97.66529	  97.60603	 97.546955	 97.488073	  97.42939	 97.370914	 97.312652	 97.254612	   97.1968	 97.139223	 97.081889	 97.024803	 96.967973	 96.911405	 96.855106	 96.799081	 96.743338	 96.687882	 96.632719	 96.577856	 96.523298	  96.46905	 96.415119	  96.36151	 96.308228	 96.255278	 96.202666	 96.150397	 96.098474	 96.046904	 95.995691	 95.944839	 95.894352	 95.844235	 95.794493	 95.745128	 95.696144	 95.647547	 95.599338	 95.551521	 95.504101	 95.457079	  95.41046	 95.364245	 95.318438	 95.273042	 95.228058	  95.18349	 95.139339	 95.095609	 95.052299	 95.009414	 94.966954	 94.924921	 94.883316	 94.842141	 94.801397	 94.761086	 94.721208	 94.681763	 94.642754	  94.60418	 94.566042	 94.528341	 94.491076	 94.454248	 94.417857	 94.381902	 94.346385	 94.311304	 94.276658	 94.242449	 94.208674	 94.175334	 94.142427	 94.109952	  94.07791	 94.046298	 94.015115	  93.98436	 93.954032	  93.92413	 93.894651	 93.865595	 93.836959	 93.808742	 93.780942	 93.753557	 93.726586	 93.700026	 93.673874	  93.64813	  93.62279	 93.597853	 93.573316	 93.549177	 93.525433	 93.502082	 93.479121	 93.456548	  93.43436	 93.412555	 93.391129	 93.370081	 93.349407	 93.329104	 93.309171	 93.289603	 93.270398	 93.251554	 93.233066	 93.214934	 93.197152	  93.17972	 93.162632	 93.145888	 93.129483	 93.113415	 93.097681	 93.082278	 93.067203	 93.052453	 93.038024	 93.023916	 93.010123	 92.996643	 92.983475	 92.970613	 92.958057	 92.945803	 92.933848	 92.922189	 92.910824	  92.89975	 92.888965	 92.878465	 92.868248	 92.858312	 92.848654	 92.839272	 92.830163	 92.821324	 92.812754	  92.80445	  92.79641	 92.788631	 92.781112	  92.77385	 92.766844	  92.76009	 92.753589	 92.747336	 92.741331	 92.735572	 92.730058	 92.724785	 92.719754	 92.714962	 92.710408	  92.70609	 92.702008	 92.698159	 92.694543	 92.691159	 92.688005	 92.685081	 92.682385	 92.679917	 92.677675	  92.67566	 92.673871	 92.672306	 92.670966	  92.66985	 92.668958	 92.668289	 92.667843	  92.66762	
        99	 98.931881	 98.863772	 98.795681	 98.727618	 98.659592	 98.591613	 98.523688	 98.455828	 98.388042	 98.320339	 98.252728	 98.185217	 98.117817	 98.050536	 97.983382	 97.916366	 97.849494	 97.782778	 97.716224	 97.649842	  97.58364	 97.517626	  97.45181	 97.386199	 97.320802	 97.255627	 97.190682	 97.125974	 97.061513	 96.997305	 96.933358	 96.869681	  96.80628	 96.743162	 96.680336	 96.617808	 96.555585	 96.493675	 96.432083	 96.370818	 96.309885	 96.249291	 96.189042	 96.129144	 96.069604	 96.010427	 95.951619	 95.893186	 95.835134	 95.777467	 95.720192	 95.663313	 95.606835	 95.550762	 95.495101	 95.439855	 95.385029	 95.330626	 95.276652	 95.223109	 95.170003	 95.117336	 95.065112	 95.013335	 94.962008	 94.911133	 94.860714	 94.810754	 94.761255	  94.71222	 94.663651	  94.61555	  94.56792	 94.520762	 94.474079	 94.427871	 94.382141	  94.33689	 94.292118	 94.247828	  94.20402	 94.160695	 94.117854	 94.075496	 94.033624	 93.992236	 93.951334	 93.910916	 93.870984	 93.831537	 93.792575	 93.754097	 93.716103	 93.678591	 93.641562	 93.605015	 93.568948	  93.53336	  93.49825	 93.463618	 93.429461	 93.395777	 93.362567	 93.329827	 93.297556	 93.265752	 93.234413	 93.203538	 93.173123	 93.143168	 93.113669	 93.084624	 93.056032	 93.027889	 93.000193	 92.972941	 92.946131	 92.919761	 92.893826	 92.868325	 92.843255	 92.818612	 92.794394	 92.770598	 92.747221	  92.72426	 92.701711	 92.679572	  92.65784	  92.63651	 92.615581	 92.595048	 92.574909	 92.555161	 92.535799	 92.516822	 92.498225	 92.480005	  92.46216	 92.444685	 92.427578	 92.410835	 92.394453	 92.378428	 92.362758	  92.34744	 92.332469	 92.317843	 92.303559	 92.289614	 92.276003	 92.262726	 92.249777	 92.237155	 92.224856	 92.212877	 92.201216	 92.189869	 92.178834	 92.168107	 92.157687	  92.14757	 92.137753	 92.128235	 92.119012	 92.110083	 92.101443	 92.093092	 92.085027	 92.077246	 92.069745	 92.062524	  92.05558	 92.048911	 92.042515	  92.03639	 92.030534	 92.024946	 92.019624	 92.014566	 92.009771	 92.005236	 92.000962	 91.996946	 91.993187	 91.989685	 91.986437	 91.983443	 91.980701	 91.978212	 91.975974	 91.973987	 91.972249	 91.970761	 91.969521	  91.96853	 91.967787	 91.967292	 91.967044	
        99	 98.925105	 98.850221	 98.775356	 98.700522	 98.625729	 98.550987	 98.476306	 98.401695	 98.327166	 98.252728	 98.178391	 98.104164	 98.030059	 97.956085	 97.882251	 97.808568	 97.735045	 97.661691	 97.588516	 97.515531	 97.442743	 97.370163	 97.297799	 97.225662	 97.153759	   97.0821	 97.010695	  96.93955	 96.868676	 96.798081	 96.727773	 96.657761	 96.588053	 96.518656	  96.44958	 96.380832	  96.31242	 96.244351	 96.176632	 96.109272	 96.042278	 95.975656	 95.909413	 95.843557	 95.778094	  95.71303	 95.648372	 95.584127	 95.520299	 95.456896	 95.393923	 95.331386	 95.269289	 95.207639	 95.146441	 95.085699	 95.025418	 94.965604	 94.906261	 94.847392	 94.789003	 94.731096	 94.673678	  94.61675	 94.560316	 94.504381	 94.448946	 94.394016	 94.339593	  94.28568	 94.232279	 94.179394	 94.127026	 94.075177	 94.023849	 93.973045	 93.922766	 93.873013	 93.823788	 93.775092	 93.726926	 93.679291	 93.632187	 93.585617	 93.539579	 93.494074	 93.449103	 93.404665	  93.36076	 93.317389	 93.274551	 93.232245	 93.190471	 93.149228	 93.108516	 93.068332	 93.028678	  92.98955	 92.950947	  92.91287	 92.875314	 92.838281	 92.801766	 92.765769	 92.730288	  92.69532	 92.660864	 92.626917	 92.593477	 92.560542	 92.528109	 92.496175	 92.464738	 92.433795	 92.403344	 92.373382	 92.343905	 92.314911	 92.286396	 92.258358	 92.230794	   92.2037	 92.177073	  92.15091	 92.125208	 92.099962	  92.07517	 92.050829	 92.026934	 92.003483	 91.980472	 91.957897	 91.935754	 91.914041	 91.892754	 91.871888	 91.851441	 91.831409	 91.811789	 91.792575	 91.773766	 91.755358	 91.737346	 91.719727	 91.702499	 91.685656	 91.669196	 91.653116	 91.637411	 91.622078	 91.607114	 91.592515	 91.578279	 91.564401	 91.550878	 91.537708	 91.524886	 91.512411	 91.500278	 91.488484	 91.477027	 91.465904	 91.455111	 91.444646	 91.434506	 91.424687	 91.415189	 91.406007	  91.39714	 91.388584	 91.380337	 91.372398	 91.364763	  91.35743	 91.350398	 91.343664	 91.337226	 91.331082	  91.32523	 91.319669	 91.314397	 91.309411	 91.304712	 91.300296	 91.296164	 91.292312	 91.288741	  91.28545	 91.282436	 91.279699	 91.277238	 91.275053	 91.273143	 91.271506	 91.270143	 91.269054	 91.268237	 91.267692	  91.26742	
        99	 98.918339	 98.836689	 98.755061	 98.673467	 98.591917	 98.510422	 98.428994	 98.347643	 98.266381	 98.185217	 98.104164	 98.023233	 97.942433	 97.861775	 97.781271	 97.700931	 97.620765	 97.540785	    97.461	  97.38142	 97.302057	  97.22292	 97.144019	 97.065364	 96.986965	 96.908833	 96.830976	 96.753404	 96.676127	 96.599154	 96.522495	 96.446158	 96.370152	 96.294486	  96.21917	  96.14421	 96.069617	 95.995399	 95.921563	 95.848117	  95.77507	 95.702429	 95.630202	 95.558397	 95.487019	 95.416078	 95.345579	 95.275529	 95.205935	 95.136804	 95.068142	 94.999955	 94.932248	 94.865029	 94.798301	 94.732072	 94.666346	 94.601127	 94.536423	 94.472236	 94.408571	 94.345434	 94.282828	 94.220757	 94.159225	 94.098236	 94.037793	 93.977901	 93.918561	 93.859777	 93.801552	 93.743889	  93.68679	 93.630257	 93.574292	 93.518898	 93.464077	 93.409829	 93.356157	 93.303061	 93.250544	 93.198605	 93.147247	 93.096469	 93.046271	 92.996656	 92.947622	 92.899169	 92.851298	 92.804009	 92.757301	 92.711173	 92.665625	 92.620656	 92.576265	 92.532452	 92.489214	 92.446552	 92.404462	 92.362944	 92.321996	 92.281617	 92.241803	 92.202554	 92.163868	 92.125741	 92.088172	 92.051158	 92.014697	 91.978786	 91.943423	 91.908604	 91.874327	 91.840589	 91.807387	 91.774718	 91.742578	 91.710964	 91.679874	 91.649303	 91.619248	 91.589707	 91.560674	 91.532147	 91.504123	 91.476597	 91.449565	 91.423025	 91.396971	 91.371401	 91.346311	 91.321697	 91.297554	 91.273879	 91.250669	 91.227918	 91.205624	 91.183782	 91.162389	  91.14144	 91.120932	  91.10086	 91.081221	 91.062011	 91.043226	 91.024861	 91.006915	 90.989381	 90.972257	 90.955539	 90.939223	 90.923306	 90.907783	 90.892651	 90.877907	 90.863547	 90.849567	 90.835965	 90.822735	 90.809876	 90.797384	 90.785256	 90.773488	 90.762077	 90.751021	 90.740316	 90.729959	 90.719948	  90.71028	 90.700951	 90.691959	 90.683303	 90.674978	 90.666983	 90.659315	 90.651973	 90.644953	 90.638254	 90.631874	  90.62581	 90.620061	 90.614626	 90.609502	 90.604687	 90.600181	 90.595982	 90.592088	 90.588499	 90.585213	 90.582229	 90.579546	 90.577164	  90.57508	 90.573296	  90.57181	 90.570622	 90.569731	 90.569137	 90.568841	
        99	 98.911584	  98.82318	   98.7348	 98.646456	  98.55816	 98.469923	 98.381759	 98.293679	 98.205694	 98.117817	 98.030059	 97.942433	 97.854949	 97.767619	 97.680456	  97.59347	 97.506673	 97.420076	 97.333691	 97.247528	   97.1616	 97.075916	 96.990488	 96.905327	 96.820444	 96.735848	  96.65155	 96.567562	 96.483892	 96.400552	 96.317551	 96.234899	 96.152606	 96.070681	 95.989134	 95.907974	 95.827211	 95.746853	 95.666909	 95.587388	 95.508298	 95.429648	 95.351446	 95.273701	 95.196419	 95.119609	 95.043278	 94.967434	 94.892083	 94.817233	 94.742891	 94.669063	 94.595756	 94.522976	 94.450729	 94.379021	 94.307858	 94.237245	 94.167187	 94.097691	  94.02876	   93.9604	 93.892614	 93.825409	 93.758787	 93.692753	 93.627311	 93.562463	 93.498215	 93.434569	 93.371527	 93.309094	 93.247271	 93.186062	 93.125468	 93.065491	 93.006135	   92.9474	 92.889288	   92.8318	 92.774938	 92.718703	 92.663096	 92.608118	 92.553768	 92.500048	 92.446958	 92.394497	 92.342666	 92.291465	 92.240893	 92.190949	 92.141634	 92.092945	 92.044882	 91.997444	  91.95063	 91.904438	 91.858867	 91.813915	 91.769579	 91.725859	 91.682753	 91.640257	  91.59837	 91.557089	 91.516413	 91.476337	  91.43686	 91.397979	  91.35969	 91.321991	 91.284878	  91.24835	 91.212401	 91.177029	  91.14223	 91.108002	 91.074339	  91.04124	 91.008699	 90.976714	  90.94528	 90.914393	  90.88405	 90.854247	 90.824979	 90.796243	 90.768035	  90.74035	 90.713184	 90.686533	 90.660393	  90.63476	  90.60963	 90.584997	 90.560859	  90.53721	 90.514047	 90.491365	 90.469161	 90.447429	 90.426165	 90.405366	 90.385027	 90.365143	 90.345712	 90.326728	 90.308188	 90.290087	 90.272421	 90.255187	  90.23838	 90.221997	 90.206033	 90.190485	 90.175349	 90.160621	 90.146297	 90.132374	 90.118849	 90.105717	 90.092976	 90.080621	  90.06865	  90.05706	 90.045847	 90.035007	 90.024539	 90.014438	 90.004703	  89.99533	 89.986317	  89.97766	 89.969358	 89.961408	 89.953808	 89.946555	 89.939647	 89.933082	 89.926857	 89.920972	 89.915424	 89.910212	 89.905333	 89.900786	 89.896571	 89.892684	 89.889126	 89.885896	 89.882991	 89.880411	 89.878156	 89.876224	 89.874615	 89.873328	 89.872364	 89.871721	   89.8714	
        99	 98.904841	 98.809694	 98.714574	 98.619492	 98.524462	 98.429496	 98.334608	  98.23981	 98.145115	 98.050536	 97.956085	 97.861775	 97.767619	 97.673629	 97.579818	 97.486198	 97.392781	  97.29958	 97.206607	 97.113873	 97.021391	 96.929172	 96.837229	 96.745573	 96.654216	 96.563168	 96.472441	 96.382047	 96.291997	   96.2023	 96.112969	 96.024013	 95.935444	 95.847271	 95.759505	 95.672155	 95.585232	 95.498745	 95.412704	 95.327118	 95.241997	 95.157349	 95.073183	 94.989508	 94.906332	 94.823664	 94.741511	 94.659883	 94.578785	 94.498227	 94.418215	 94.338756	 94.259858	 94.181527	  94.10377	 94.026593	 93.950003	 93.874004	 93.798604	 93.723807	 93.649619	 93.576045	  93.50309	 93.430759	 93.359056	 93.287986	 93.217552	 93.147759	 93.078611	  93.01011	 92.942261	 92.875066	 92.808528	 92.742651	 92.677435	 92.612885	 92.549001	 92.485787	 92.423243	 92.361371	 92.300172	 92.239648	   92.1798	 92.120629	 92.062134	 92.004317	 91.947178	 91.890716	 91.834932	 91.779826	 91.725397	 91.671644	 91.618567	 91.566165	 91.514437	 91.463381	 91.412997	 91.363282	 91.314235	 91.265854	 91.218138	 91.171083	 91.124689	 91.078952	 91.033871	 90.989442	 90.945663	 90.902531	 90.860043	 90.818196	 90.776987	 90.736413	  90.69647	 90.657155	 90.618465	 90.580395	 90.542943	 90.506104	 90.469874	  90.43425	 90.399227	 90.364803	 90.330971	 90.297729	 90.265072	 90.232996	 90.201496	 90.170568	 90.140208	 90.110412	 90.081174	 90.052491	 90.024358	  89.99677	 89.969722	 89.943211	 89.917232	  89.89178	  89.86685	 89.842438	  89.81854	 89.795151	 89.772265	  89.74988	 89.727989	  89.70659	 89.685676	 89.665245	  89.64529	 89.625809	 89.606796	 89.588247	 89.570159	 89.552526	 89.535344	  89.51861	  89.50232	 89.486469	 89.471053	 89.456068	 89.441511	 89.427378	 89.413665	 89.400368	 89.387484	  89.37501	 89.362941	 89.351275	 89.340008	 89.329137	  89.31866	 89.308572	 89.298871	 89.289555	  89.28062	 89.272063	 89.263883	 89.256077	 89.248642	 89.241576	 89.234877	 89.228543	 89.222572	 89.216962	 89.211711	 89.206818	  89.20228	 89.198098	 89.194268	 89.190791	 89.187665	 89.184888	 89.182461	 89.180382	  89.17865	 89.177266	 89.176228	 89.175536	  89.17519	
        99	  98.89811	 98.796234	 98.694386	 98.592579	 98.490828	 98.389146	 98.287546	 98.186043	 98.084651	 97.983382	 97.882251	 97.781271	 97.680456	 97.579818	 97.479372	  97.37913	 97.279106	 97.179313	 97.079764	 96.980471	 96.881448	 96.782707	 96.684261	 96.586123	 96.488304	 96.390816	 96.293673	 96.196886	 96.100466	 96.004425	 95.908776	 95.813529	 95.718695	 95.624286	 95.530312	 95.436784	 95.343713	 95.251109	 95.158983	 95.067344	 94.976202	 94.885567	 94.795448	 94.705854	 94.616796	 94.528281	 94.440318	 94.352916	 94.266083	 94.179827	 94.094156	 94.009077	 93.924599	 93.840728	 93.757471	 93.674835	 93.592828	 93.511454	 93.430721	 93.350634	 93.271198	 93.192421	 93.114306	 93.036859	 92.960085	 92.883988	 92.808573	 92.733844	 92.659805	 92.586459	 92.513811	 92.441863	  92.37062	 92.300083	 92.230255	 92.161139	 92.092737	 92.025051	 91.958084	 91.891836	 91.826309	 91.761504	 91.697423	 91.634066	 91.571434	 91.509528	 91.448347	 91.387892	 91.328163	  91.26916	 91.210881	 91.153326	 91.096495	 91.040387	    90.985	 90.930333	 90.876385	 90.823154	 90.770638	 90.718836	 90.667744	 90.617362	 90.567686	 90.518715	 90.470445	 90.422873	 90.375998	 90.329815	 90.284322	 90.239516	 90.195392	 90.151948	  90.10918	 90.067085	 90.025658	 89.984896	 89.944794	  89.90535	 89.866557	 89.828414	 89.790914	 89.754055	  89.71783	 89.682237	  89.64727	 89.612925	 89.579198	 89.546083	 89.513575	 89.481671	 89.450366	 89.419654	 89.389531	 89.359991	 89.331031	 89.302645	 89.274828	 89.247576	 89.220883	 89.194745	 89.169156	 89.144112	 89.119608	  89.09564	 89.072201	 89.049288	 89.026895	 89.005018	 88.983653	 88.962793	 88.942436	 88.922575	 88.903207	 88.884327	 88.865931	 88.848013	  88.83057	 88.813598	 88.797092	 88.781047	 88.765461	 88.750328	 88.735645	 88.721408	 88.707613	 88.694256	 88.681334	 88.668843	 88.656779	 88.645139	  88.63392	 88.623119	 88.612732	 88.602757	  88.59319	 88.584028	  88.57527	 88.566911	  88.55895	 88.551385	 88.544212	  88.53743	 88.531037	  88.52503	 88.519407	 88.514168	  88.50931	 88.504831	 88.500731	 88.497008	 88.493661	 88.490688	 88.488089	 88.485862	 88.484008	 88.482526	 88.481414	 88.480674	 88.480303	
        99	 98.891394	 98.782802	  98.67424	 98.565722	 98.457263	 98.348877	  98.24058	 98.132386	  98.02431	 97.916366	 97.808568	 97.700931	  97.59347	 97.486198	  97.37913	 97.272281	 97.165663	 97.059291	  96.95318	 96.847341	 96.741791	 96.636541	 96.531605	 96.426997	 96.322729	 96.218816	 96.115269	 96.012101	 95.909325	 95.806953	 95.704999	 95.603472	 95.502387	 95.401754	 95.301586	 95.201893	 95.102686	 95.003978	 94.905778	 94.808098	 94.710948	 94.614338	 94.518278	 94.422779	  94.32785	 94.233499	 94.139738	 94.046574	 93.954017	 93.862075	 93.770756	 93.680069	 93.590022	 93.500622	 93.411877	 93.323794	  93.23638	 93.149642	 93.063587	  92.97822	 92.893549	 92.809578	 92.726314	 92.643761	 92.561926	 92.480813	 92.400426	 92.320771	 92.241851	 92.163671	 92.086233	 92.009543	 91.933603	 91.858416	 91.783985	 91.710313	 91.637402	 91.565254	 91.493872	 91.423256	  91.35341	 91.284333	 91.216028	 91.148495	 91.081734	 91.015747	 90.950533	 90.886093	 90.822426	 90.759533	 90.697412	 90.636064	 90.575487	 90.515679	 90.456641	 90.398371	 90.340866	 90.284126	 90.228148	 90.172931	 90.118472	 90.064768	 90.011818	 89.959618	 89.908166	 89.857458	 89.807493	 89.758266	 89.709774	 89.662013	 89.614981	 89.568674	 89.523086	 89.478216	 89.434058	 89.390609	 89.347864	 89.305819	  89.26447	 89.223811	  89.18384	  89.14455	 89.105938	 89.067998	 89.030727	 88.994118	 88.958167	 88.922869	 88.888218	 88.854211	 88.820842	 88.788106	 88.755997	  88.72451	 88.693641	 88.663383	 88.633733	 88.604684	 88.576232	  88.54837	 88.521095	   88.4944	 88.468281	 88.442732	 88.417748	 88.393324	 88.369456	 88.346137	 88.323363	 88.301128	 88.279429	 88.258259	 88.237614	 88.217489	  88.19788	 88.178782	 88.160189	 88.142098	 88.124503	 88.107401	 88.090787	 88.074657	 88.059006	  88.04383	 88.029126	 88.014888	 88.001114	   87.9878	 87.974941	 87.962534	 87.950576	 87.939062	 87.927991	 87.917358	  87.90716	 87.897395	 87.888058	 87.879149	 87.870663	 87.862599	 87.854954	 87.847724	 87.840909	 87.834507	 87.828514	 87.822929	 87.817751	 87.812977	 87.808606	 87.804638	  87.80107	 87.797901	  87.79513	 87.792757	 87.790781	 87.789201	 87.788016	 87.787226	 87.786832	
        99	 98.884691	 98.769399	 98.654137	 98.538922	  98.42377	 98.308697	 98.193717	 98.078846	   97.9641	 97.849494	 97.735045	 97.620765	 97.506673	 97.392781	 97.279106	 97.165663	 97.052466	  96.93953	  96.82687	 96.714501	 96.602436	 96.490692	  96.37928	 96.268217	 96.157515	 96.047189	 95.937252	 95.827717	 95.718599	  95.60991	 95.501664	 95.393873	 95.286549	 95.179706	 95.073356	 94.967511	 94.862183	 94.757383	 94.653124	 94.549416	  94.44627	 94.343699	 94.241711	 94.140318	 94.039531	 93.939358	 93.839811	 93.740898	 93.642629	 93.545013	 93.448059	 93.351776	 93.256172	 93.161255	 93.067034	 92.973515	 92.880707	 92.788616	  92.69725	 92.606616	 92.516719	 92.427567	 92.339164	 92.251518	 92.164632	 92.078513	 91.993166	 91.908595	 91.824805	   91.7418	 91.659584	 91.578161	 91.497535	 91.417708	 91.338684	 91.260466	 91.183055	 91.106455	 91.030668	 90.955695	 90.881538	 90.808199	 90.735679	 90.663978	 90.593098	 90.523038	   90.4538	 90.385383	 90.317788	 90.251013	 90.185059	 90.119925	 90.055609	 89.992112	  89.92943	 89.867564	 89.806511	 89.746269	 89.686837	 89.628212	 89.570392	 89.513374	 89.457156	 89.401735	 89.347108	 89.293272	 89.240223	 89.187958	 89.136473	 89.085766	 89.035831	 88.986666	 88.938266	 88.890626	 88.843743	 88.797613	  88.75223	  88.70759	 88.663689	 88.620522	 88.578084	  88.53637	 88.495375	 88.455094	 88.415522	 88.376654	 88.338484	 88.301008	  88.26422	 88.228114	 88.192686	 88.157929	 88.123839	 88.090409	 88.057635	  88.02551	  87.99403	 87.963189	  87.93298	   87.9034	 87.874441	 87.846099	 87.818368	 87.791242	 87.764717	 87.738786	 87.713444	 87.688686	 87.664507	   87.6409	 87.617861	 87.595385	 87.573467	   87.5521	 87.531281	 87.511004	 87.491264	 87.472056	 87.453376	 87.435218	 87.417579	 87.400453	 87.383837	 87.367724	 87.352113	 87.336997	 87.322373	 87.308236	 87.294584	 87.281411	 87.268715	 87.256491	 87.244736	 87.233447	  87.22262	 87.212252	  87.20234	 87.192881	 87.183871	 87.175309	 87.167192	 87.159517	 87.152281	 87.145483	 87.139121	 87.133191	 87.127693	 87.122625	 87.117985	 87.113771	 87.109983	 87.106619	 87.103677	 87.101158	  87.09906	 87.097382	 87.096124	 87.095286	 87.094866	
