Time step 83:
        99	        99	        99	        99	        99	        99	        99	        99	        99	        99	        99	        99	        99	        99	        99	        99	        99	        99	        99	        99	        99	        99	        99	        99	        99	        99	        99	        99	        99	        99	        99	        99	        99	        99	        99	        99	        99	        99	        99	        99	        99	        99	        99	        99	        99	        99	        99	        99	        99	        99	        99	        99	        99	        99	        99	        99	        99	        99	        99	        99	        99	        99	        99	        99	        99	        99	        99	        99	        99	        99	        99	        99	        99	        99	        99	        99	        99	        99	        99	        99	        99	        99	        99	        99	        99	        99	        99	        99	        99	        99	        99	        99	        99	        99	        99	        99	        99	        99	        99	        99	        99	        99	        99	        99	        99	        99	        99	        99	        99	        99	        99	        99	        99	        99	        99	        99	        99	        99	        99	        99	        99	        99	        99	        99	        99	        99	        99	        99	        99	        99	        99	        99	        99	        99	        99	        99	        99	        99	        99	        99	        99	        99	        99	        99	        99	        99	        99	        99	        99	        99	        99	        99	        99	        99	        99	        99	        99	        99	        99	        99	        99	        99	        99	        99	        99	        99	        99	        99	        99	        99	        99	        99	        99	        99	        99	        99	        99	        99	        99	        99	        99	        99	        99	        99	        99	        99	        99	        99	        99	        99	        99	        99	        99	        99	        99	        99	        99	        99	        99	        99	
        99	  98.99235	 98.984701	 98.977054	 98.969411	 98.961773	  98.95414	 98.946514	 98.938897	 98.931289	 98.923691	 98.916104	 98.908531	 98.900971	 98.893426	 98.885897	 98.878385	 98.870892	 98.863418	 98.855964	 98.848532	 98.841123	 98.833737	 98.826376	  98.81904	 98.811732	 98.804451	 98.797199	 98.789976	 98.782784	 98.775624	 98.768497	 98.761403	 98.754343	 98.747319	 98.740332	 98.733381	 98.726468	 98.719594	  98.71276	 98.705966	 98.699214	 98.692503	 98.685835	 98.679211	 98.672631	 98.666096	 98.659606	 98.653163	 98.646767	 98.640418	 98.634117	 98.627865	 98.621663	  98.61551	 98.609408	 98.603356	 98.597356	 98.591408	 98.585512	 98.579669	 98.573879	 98.568143	  98.56246	 98.556832	 98.551259	  98.54574	 98.540277	 98.534869	 98.529517	  98.52422	  98.51898	 98.513797	  98.50867	   98.5036	 98.498587	 98.493631	 98.488732	  98.48389	 98.479105	 98.474378	 98.469708	 98.465096	 98.460541	 98.456043	 98.451603	  98.44722	 98.442894	 98.438626	 98.434414	 98.430259	 98.426162	 98.422121	 98.418136	 98.414208	 98.410336	  98.40652	 98.402759	 98.399054	 98.395405	  98.39181	 98.388271	 98.384785	 98.381354	 98.377977	 98.374654	 98.371384	 98.368167	 98.365002	  98.36189	  98.35883	 98.355821	 98.352863	 98.349957	 98.347101	 98.344295	 98.341538	 98.338831	 98.336173	 98.333563	 98.331001	 98.328486	 98.326019	 98.323599	 98.321224	 98.318896	 98.316613	 98.314375	 98.312181	 98.310032	 98.307926	 98.305863	 98.303842	 98.301864	 98.299928	 98.298033	 98.296179	 98.294365	 98.292591	 98.290856	 98.289161	 98.287504	 98.285885	 98.284303	 98.282759	 98.281251	  98.27978	 98.278345	 98.276945	  98.27558	  98.27425	 98.272953	 98.271691	 98.270461	 98.269265	 98.268101	 98.266969	 98.265869	   98.2648	 98.263762	 98.262755	 98.261777	  98.26083	 98.259912	 98.259023	 98.258163	 98.257331	 98.256528	 98.255752	 98.255004	 98.254283	 98.253589	 98.252921	  98.25228	 98.251665	 98.251076	 98.250512	 98.249974	  98.24946	 98.248972	 98.248508	 98.248069	 98.247654	 98.247263	 98.246896	 98.246552	 98.246233	 98.245936	 98.245663	 98.245414	 98.245187	 98.244983	 98.244802	 98.244644	 98.244509	 98.244396	 98.244306	 98.244238	 98.244193	 98.244171	
        99	 98.984701	 98.969404	 98.954112	 98.938827	 98.923551	 98.908287	 98.893037	 98.877803	 98.862588	 98.847393	 98.832221	 98.817075	 98.801957	 98.786868	 98.771812	 98.756789	 98.741804	 98.726857	 98.711951	 98.697088	  98.68227	 98.667499	 98.652778	 98.638108	 98.623492	 98.608931	 98.594428	 98.579984	 98.565602	 98.551283	 98.537029	 98.522842	 98.508724	 98.494677	 98.480703	 98.466802	 98.452978	 98.439231	 98.425564	 98.411977	 98.398473	 98.385053	 98.371718	 98.358471	 98.345312	 98.332242	 98.319264	 98.306379	 98.293587	 98.280891	  98.26829	 98.255787	 98.243383	 98.231079	 98.218875	 98.206773	 98.194774	 98.182878	 98.171087	 98.159402	 98.147823	 98.136351	 98.124987	 98.113732	 98.102585	 98.091549	 98.080623	 98.069808	 98.059105	 98.048513	 98.038034	 98.027668	 98.017415	 98.007276	  97.99725	 97.987338	 97.977541	 97.967858	  97.95829	 97.948836	 97.939497	 97.930273	 97.921164	 97.912169	 97.903289	 97.894524	 97.885873	 97.877337	 97.868914	 97.860606	 97.852411	 97.844329	 97.836361	 97.828505	 97.820761	  97.81313	 97.805609	   97.7982	 97.790902	 97.783713	 97.776634	 97.769664	 97.762803	 97.756049	 97.749403	 97.742863	 97.736429	 97.730101	 97.723877	 97.717757	  97.71174	 97.705825	 97.700013	 97.694301	 97.688689	 97.683176	 97.677762	 97.672446	 97.667227	 97.662103	 97.657075	 97.652141	   97.6473	 97.642552	 97.637896	  97.63333	 97.628854	 97.624467	 97.620168	 97.615956	 97.611831	 97.607791	 97.603835	 97.599962	 97.596173	 97.592464	 97.588837	 97.585289	  97.58182	 97.578429	 97.575115	 97.571878	 97.568715	 97.565627	 97.562612	  97.55967	   97.5568	    97.554	  97.55127	 97.548609	 97.546017	 97.543492	 97.541034	 97.538641	 97.536313	  97.53405	 97.531849	 97.529712	 97.527636	 97.525621	 97.523667	 97.521772	 97.519937	 97.518159	 97.516439	 97.514776	 97.513169	 97.511618	 97.510121	 97.508679	 97.507291	 97.505956	 97.504674	 97.503444	 97.502265	 97.501138	 97.500061	 97.499035	 97.498058	 97.497131	 97.496252	 97.495422	  97.49464	 97.493906	 97.493219	  97.49258	 97.491987	 97.491442	 97.490942	 97.490489	 97.490081	 97.489719	 97.489403	 97.489133	 97.488907	 97.488727	 97.488592	 97.488502	 97.488457	
        99	 98.977054	 98.954112	 98.931177	 98.908252	 98.885342	 98.862448	 98.839576	 98.816728	 98.793908	 98.771119	 98.748364	 98.725648	 98.702973	 98.680343	 98.657761	  98.63523	 98.612755	 98.590337	 98.567981	 98.545689	 98.523465	 98.501312	 98.479233	 98.457231	  98.43531	 98.413471	 98.391719	 98.370056	 98.348485	 98.327009	 98.305631	 98.284354	  98.26318	 98.242112	 98.221153	 98.200305	 98.179571	 98.158953	 98.138455	 98.118078	 98.097824	 98.077696	 98.057697	 98.037828	 98.018092	 97.998491	 97.979026	   97.9597	 97.940515	 97.921473	 97.902575	 97.883823	 97.865219	 97.846764	 97.828461	  97.81031	 97.792314	 97.774473	 97.756789	 97.739263	 97.721897	 97.704691	 97.687647	 97.670766	 97.654049	 97.637496	 97.621109	 97.604889	 97.588836	 97.572951	 97.557234	 97.541687	 97.526309	 97.511102	 97.496066	   97.4812	 97.466506	 97.451983	 97.437633	 97.423454	 97.409447	 97.395613	 97.381951	 97.368461	 97.355142	 97.341996	 97.329022	 97.316218	 97.303586	 97.291125	 97.278834	 97.266713	 97.254762	  97.24298	 97.231366	  97.21992	 97.208641	 97.197529	 97.186583	 97.175801	 97.165184	 97.154731	  97.14444	 97.134311	 97.124342	 97.114534	 97.104884	 97.095393	 97.086058	 97.076879	 97.067855	 97.058984	 97.050266	 97.041699	 97.033283	 97.025015	 97.016895	 97.008922	 97.001093	 96.993409	 96.985868	 96.978467	 96.971207	 96.964086	 96.957102	 96.950255	 96.943542	 96.936962	 96.930515	 96.924198	  96.91801	 96.911951	 96.906018	  96.90021	 96.894526	 96.888964	 96.883524	 96.878203	    96.873	 96.867914	 96.862944	 96.858088	 96.853345	 96.848713	 96.844192	 96.839779	 96.835474	 96.831275	 96.827181	  96.82319	 96.819302	 96.815515	 96.811828	 96.808239	 96.804748	 96.801353	 96.798053	 96.794847	 96.791734	 96.788712	 96.785781	  96.78294	 96.780186	  96.77752	 96.774941	 96.772446	 96.770036	 96.767709	 96.765465	 96.763303	 96.761221	 96.759218	 96.757295	  96.75545	 96.753683	 96.751992	 96.750377	 96.748838	 96.747373	 96.745982	 96.744664	 96.743419	 96.742246	 96.741145	 96.740116	 96.739157	 96.738268	 96.737449	   96.7367	  96.73602	 96.735409	 96.734866	 96.734392	 96.733986	 96.733648	 96.733378	 96.733175	  96.73304	 96.732973	
        99	 98.969411	 98.938827	 98.908252	 98.877692	 98.847149	  98.81663	 98.786139	  98.75568	 98.725259	 98.694879	 98.664545	 98.634262	 98.604034	 98.573866	 98.543762	 98.513727	 98.483765	  98.45388	 98.424077	  98.39436	 98.364733	 98.335201	 98.305767	 98.276437	 98.247213	   98.2181	 98.189103	 98.160224	 98.131468	 98.102838	 98.074339	 98.045975	 98.017747	 97.989662	 97.961721	 97.933929	 97.906289	 97.878803	 97.851477	 97.824312	 97.797312	  97.77048	 97.743819	 97.717332	 97.691022	 97.664891	 97.638943	  97.61318	 97.587604	 97.562219	 97.537026	 97.512028	 97.487227	 97.462625	 97.438225	 97.414029	 97.390037	 97.366254	 97.342679	 97.319316	 97.296165	 97.273228	 97.250507	 97.228002	 97.205717	 97.183651	 97.161805	 97.140182	 97.118782	 97.097605	 97.076654	 97.055928	 97.035428	 97.015155	  96.99511	 96.975293	 96.955704	 96.936344	 96.917213	 96.898312	 96.879639	 96.861197	 96.842984	    96.825	 96.807246	 96.789721	 96.772424	 96.755356	 96.738517	 96.721905	  96.70552	 96.689361	 96.673429	 96.657722	  96.64224	 96.626981	 96.611945	 96.597132	 96.582539	 96.568167	 96.554013	 96.540078	 96.526359	 96.512856	 96.499567	 96.486491	 96.473628	 96.460974	  96.44853	 96.436294	 96.424264	 96.412438	 96.400816	 96.389396	 96.378176	 96.367154	 96.356329	   96.3457	 96.335264	  96.32502	 96.314967	 96.305102	 96.295423	  96.28593	  96.27662	 96.267491	 96.258542	 96.249771	 96.241176	 96.232755	 96.224507	 96.216429	 96.208519	 96.200777	 96.193199	 96.185785	 96.178532	 96.171439	 96.164503	 96.157724	 96.151098	 96.144624	 96.138301	 96.132127	 96.126099	 96.120216	 96.114477	  96.10888	 96.103422	 96.098102	 96.092919	  96.08787	 96.082955	 96.078171	 96.073517	 96.068991	 96.064592	 96.060318	 96.056168	  96.05214	 96.048232	 96.044444	 96.040774	  96.03722	 96.033781	 96.030455	 96.027242	 96.024141	 96.021149	 96.018266	 96.015491	 96.012822	 96.010258	 96.007798	 96.005442	 96.003188	 96.001035	 95.998983	  95.99703	 95.995175	 95.993419	 95.991759	 95.990196	 95.988728	 95.987356	 95.986077	 95.984892	 95.983801	 95.982802	 95.981896	 95.981081	 95.980358	 95.979726	 95.979184	 95.978734	 95.978374	 95.978103	 95.977923	 95.977834	
        99	 98.961773	 98.923551	 98.885342	 98.847149	  98.80898	  98.77084	 98.732735	  98.69467	 98.656652	 98.618686	 98.580777	 98.542932	 98.505156	 98.467454	 98.429833	 98.392297	 98.354853	 98.317506	  98.28026	 98.243122	 98.206098	 98.169191	 98.132407	 98.095752	 98.059231	 98.022849	  97.98661	 97.950519	 97.914582	 97.878804	 97.843188	  97.80774	 97.772464	 97.737365	 97.702448	 97.667715	 97.633173	 97.598824	 97.564674	 97.530725	 97.496983	 97.463451	 97.430132	 97.397031	 97.364151	 97.331495	 97.299067	  97.26687	 97.234908	 97.203183	 97.171699	 97.140459	 97.109465	  97.07872	 97.048227	 97.017988	 96.988006	 96.958283	 96.928822	 96.899624	 96.870692	 96.842027	 96.813632	 96.785508	 96.757658	 96.730081	 96.702781	 96.675758	 96.649014	 96.622549	 96.596366	 96.570464	 96.544845	  96.51951	 96.494459	 96.469693	 96.445213	 96.421019	  96.39711	 96.373489	 96.350154	 96.327106	 96.304345	  96.28187	 96.259683	 96.237781	 96.216165	 96.194835	 96.173791	  96.15303	 96.132554	 96.112361	  96.09245	 96.072821	 96.053472	 96.034403	 96.015613	   95.9971	 95.978863	 95.960902	 95.943214	 95.925798	 95.908654	 95.891779	 95.875172	 95.858831	 95.842755	 95.826942	  95.81139	 95.796098	 95.781064	 95.766286	 95.751762	 95.737489	 95.723467	 95.709693	 95.696165	 95.682882	  95.66984	 95.657038	 95.644474	 95.632145	  95.62005	 95.608186	 95.596551	 95.585143	  95.57396	 95.562998	 95.552257	 95.541733	 95.531425	 95.521329	 95.511445	 95.501769	   95.4923	 95.483034	  95.47397	 95.465105	 95.456438	 95.447965	 95.439685	 95.431595	 95.423692	 95.415976	 95.408443	 95.401092	 95.393919	 95.386924	 95.380103	 95.373455	 95.366977	 95.360668	 95.354525	 95.348547	 95.342731	 95.337075	 95.331577	 95.326236	 95.321049	 95.316015	 95.311132	 95.306398	 95.301811	 95.297369	 95.293072	 95.288916	 95.284901	 95.281025	 95.277286	 95.273683	 95.270214	 95.266879	 95.263675	 95.260601	 95.257657	  95.25484	 95.252149	 95.249584	 95.247144	 95.244826	 95.242631	 95.240557	 95.238603	 95.236769	 95.235054	 95.233456	 95.231975	 95.230611	 95.229363	  95.22823	 95.227212	 95.226308	 95.225518	 95.224842	 95.224279	 95.223829	 95.223491	 95.223266	 95.223154	
        99	  98.95414	 98.908287	 98.862448	  98.81663	  98.77084	 98.725085	 98.679371	 98.633706	 98.588097	  98.54255	 98.497073	 98.451671	 98.406352	 98.361123	  98.31599	  98.27096	 98.226039	 98.181235	 98.136553	    98.092	 98.047583	 98.003307	 97.959179	 97.915205	 97.871392	 97.827745	  97.78427	 97.740974	 97.697862	  97.65494	 97.612213	 97.569687	 97.527368	 97.485261	 97.443371	 97.401704	 97.360264	 97.319058	 97.278088	 97.237362	 97.196882	 97.156655	 97.116684	 97.076973	 97.037528	 96.998352	 96.959449	 96.920824	  96.88248	 96.844421	 96.806651	 96.769173	  96.73199	 96.695107	 96.658525	 96.622249	  96.58628	 96.550623	 96.515279	 96.480251	 96.445542	 96.411155	  96.37709	 96.343351	 96.309939	 96.276857	 96.244106	 96.211687	 96.179603	 96.147854	 96.116443	 96.085369	 96.054635	 96.024242	 95.994189	 95.964478	  95.93511	 95.906085	 95.877403	 95.849065	 95.821071	 95.793421	 95.766116	 95.739154	 95.712536	 95.686261	  95.66033	 95.634741	 95.609494	 95.584589	 95.560024	 95.535799	 95.511913	 95.488364	 95.465152	 95.442276	 95.419734	 95.397524	 95.375647	 95.354099	 95.332879	 95.311987	 95.291419	 95.271174	 95.251251	 95.231648	 95.212362	 95.193392	 95.174735	  95.15639	 95.138354	 95.120625	   95.1032	 95.086079	 95.069257	 95.052733	 95.036504	 95.020568	 95.004922	 94.989564	 94.974491	 94.959701	 94.945191	 94.930958	    94.917	 94.903314	 94.889897	 94.876747	 94.863861	 94.851236	  94.83887	 94.826759	 94.814901	 94.803293	 94.791933	 94.780817	 94.769944	 94.759309	 94.748911	 94.738746	 94.728813	 94.719107	 94.709627	  94.70037	 94.691333	 94.682514	  94.67391	 94.665517	 94.657335	 94.649359	 94.641588	 94.634019	  94.62665	 94.619478	   94.6125	 94.605715	  94.59912	 94.592712	  94.58649	 94.580451	 94.574593	 94.568913	  94.56341	 94.558082	 94.552926	 94.547941	 94.543124	 94.538474	 94.533988	 94.529666	 94.525505	 94.521503	  94.51766	 94.513972	  94.51044	  94.50706	 94.503833	 94.500756	 94.497828	 94.495048	 94.492414	 94.489926	 94.487582	 94.485382	 94.483324	 94.481407	 94.479631	 94.477995	 94.476497	 94.475138	 94.473917	 94.472832	 94.471885	 94.471073	 94.470398	 94.469857	 94.469453	 94.469183	 94.469048	
        99	 98.946514	 98.893037	 98.839576	 98.786139	 98.732735	 98.679371	 98.626056	 98.572798	 98.519605	 98.466484	 98.413445	 98.360494	 98.307639	 98.254889	 98.202251	 98.149733	 98.097343	 98.045089	 97.992977	 97.941016	 97.889212	 97.837574	 97.786109	 97.734823	 97.683724	  97.63282	 97.582116	  97.53162	 97.481339	  97.43128	 97.381448	 97.331851	 97.282495	 97.233386	 97.184531	 97.135935	 97.087605	 97.039546	 96.991765	 96.944266	 96.897056	 96.850139	 96.803521	 96.757208	 96.711203	 96.665513	 96.620142	 96.575094	 96.530374	 96.485986	 96.441936	 96.398225	  96.35486	 96.311843	 96.269179	  96.22687	 96.184921	 96.143334	 96.102113	 96.061261	 96.020781	 95.980675	 95.940946	 95.901597	 95.862629	 95.824046	 95.785849	  95.74804	  95.71062	 95.673593	 95.636958	 95.600718	 95.564873	 95.529425	 95.494376	 95.459724	 95.425473	 95.391621	  95.35817	  95.32512	 95.292471	 95.260224	 95.228377	 95.196932	 95.165888	 95.135245	 95.105001	 95.075158	 95.045713	 95.016666	 94.988016	 94.959763	 94.931905	 94.904441	 94.877369	 94.850689	 94.824398	 94.798496	  94.77298	  94.74785	 94.723102	 94.698735	 94.674747	 94.651136	 94.627901	 94.605037	 94.582545	  94.56042	 94.538661	 94.517265	  94.49623	 94.475553	 94.455231	 94.435262	 94.415643	 94.396371	 94.377444	 94.358858	 94.340611	 94.322699	  94.30512	  94.28787	 94.270948	 94.254348	 94.238069	 94.222107	  94.20646	 94.191123	 94.176094	  94.16137	 94.146947	 94.132822	 94.118993	 94.105455	 94.092205	 94.079241	  94.06656	 94.054157	 94.042029	 94.030175	 94.018589	  94.00727	 93.996214	 93.985417	 93.974878	 93.964592	 93.954557	 93.944769	 93.935226	 93.925924	 93.916861	 93.908034	 93.899439	 93.891074	 93.882936	 93.875023	 93.867331	 93.859858	 93.852601	 93.845558	 93.838725	 93.832101	 93.825683	 93.819469	 93.813456	 93.807641	 93.802024	   93.7966	 93.791369	 93.786328	 93.781475	 93.776808	 93.772325	 93.768025	 93.763905	 93.759963	 93.756199	 93.752611	 93.749196	 93.745953	 93.742882	  93.73998	 93.737247	  93.73468	  93.73228	 93.730045	 93.727973	 93.726065	 93.724318	 93.722733	 93.721309	 93.720044	 93.718939	 93.717992	 93.717204	 93.716574	 93.716102	 93.715788	  93.71563	
        99	 98.938897	 98.877803	 98.816728	  98.75568	  98.69467	 98.633706	 98.572798	 98.511955	 98.451186	 98.390499	 98.329906	 98.269413	 98.209031	 98.148768	 98.088634	 98.028636	 97.968784	 97.909087	 97.849554	 97.790192	 97.731011	 97.672018	 97.613223	 97.554633	 97.496257	 97.438102	 97.380177	 97.322489	 97.265047	 97.207858	 97.150929	 97.094268	 97.037883	  96.98178	 96.925967	  96.87045	 96.815236	 96.760333	 96.705746	 96.651482	 96.597548	 96.543949	 96.490692	 96.437783	 96.385226	 96.333029	 96.281195	 96.229731	 96.178642	 96.127933	 96.077608	 96.027673	 95.978131	 95.928988	 95.880247	 95.831913	 95.783989	  95.73648	 95.689388	 95.642718	 95.596472	 95.550654	 95.505267	 95.460313	 95.415796	 95.371717	  95.32808	 95.284886	 95.242137	 95.199836	 95.157983	 95.116582	 95.075632	 95.035136	 94.995094	 94.955508	 94.916378	 94.877705	  94.83949	 94.801733	 94.764434	 94.727594	 94.691212	 94.655288	 94.619823	 94.584815	 94.550264	  94.51617	 94.482531	 94.449348	 94.416618	 94.384341	 94.352515	 94.321139	 94.290212	 94.259732	 94.229697	 94.200106	 94.170956	 94.142246	 94.113973	 94.086136	 94.058732	 94.031758	 94.005213	 93.979094	 93.953398	 93.928122	 93.903264	 93.878821	  93.85479	 93.831168	 93.807952	 93.785139	 93.762726	 93.740709	 93.719086	 93.697853	 93.677007	 93.656544	 93.636461	 93.616755	 93.597422	 93.578458	 93.559861	 93.541626	  93.52375	 93.506229	 93.489059	 93.472238	 93.455761	 93.439625	 93.423825	 93.408359	 93.393223	 93.378413	 93.363924	 93.349755	 93.335901	 93.322357	 93.309122	 93.296191	  93.28356	 93.271226	 93.259185	 93.247434	  93.23597	 93.224788	 93.213886	 93.203259	 93.192905	 93.182821	 93.173002	 93.163446	 93.154149	 93.145109	 93.136321	 93.127784	 93.119493	 93.111447	 93.103641	 93.096074	 93.088742	 93.081642	 93.074773	  93.06813	 93.061712	 93.055517	  93.04954	 93.043781	 93.038237	 93.032906	 93.027784	 93.022871	 93.018165	 93.013662	 93.009362	 93.005262	 93.001361	 92.997656	 92.994147	 92.990832	  92.98771	 92.984778	 92.982036	 92.979482	 92.977115	 92.974935	  92.97294	 92.971129	 92.969502	 92.968057	 92.966794	 92.965713	 92.964813	 92.964093	 92.963554	 92.963194	 92.963015	
        99	 98.931289	 98.862588	 98.793908	 98.725259	 98.656652	 98.588097	 98.519605	 98.451186	  98.38285	 98.314607	 98.246468	 98.178443	 98.110543	 98.042776	 97.975154	 97.907686	 97.840382	 97.773252	 97.706305	 97.639552	 97.573002	 97.506663	 97.440547	 97.374662	 97.309017	 97.243621	 97.178483	 97.113613	 97.049018	 96.984708	 96.920691	 96.856975	 96.793569	  96.73048	 96.667717	 96.605287	 96.543199	 96.481459	 96.420075	 96.359055	 96.298405	 96.238132	 96.178244	 96.118746	 96.059646	 96.000949	 95.942661	 95.884789	 95.827339	 95.770315	 95.713725	 95.657571	 95.601861	 95.546599	 95.491789	 95.437436	 95.383545	  95.33012	 95.277164	 95.224683	 95.172679	 95.121156	 95.070117	 95.019566	 94.969506	 94.919939	 94.870868	 94.822295	 94.774224	 94.726655	 94.679592	 94.633035	 94.586986	 94.541448	  94.49642	 94.451905	 94.407903	 94.364415	 94.321441	 94.278982	 94.237039	 94.195612	   94.1547	 94.114303	 94.074421	 94.035055	 93.996202	 93.957862	 93.920035	  93.88272	 93.845914	 93.809618	  93.77383	 93.738547	 93.703769	 93.669494	 93.635719	 93.602443	 93.569664	 93.537379	 93.505586	 93.474282	 93.443466	 93.413134	 93.383283	 93.353912	 93.325016	 93.296593	  93.26864	 93.241153	  93.21413	 93.187567	  93.16146	 93.135806	 93.110602	 93.085844	 93.061529	 93.037652	  93.01421	 92.991199	 92.968616	 92.946456	 92.924716	 92.903391	 92.882478	 92.861972	  92.84187	 92.822167	  92.80286	 92.783944	 92.765416	  92.74727	 92.729504	 92.712112	 92.695091	 92.678436	 92.662144	  92.64621	 92.630631	 92.615401	 92.600518	 92.585976	 92.571773	 92.557903	 92.544363	 92.531149	 92.518257	 92.505683	 92.493423	 92.481474	  92.46983	  92.45849	 92.447449	 92.436703	 92.426248	 92.416082	 92.406201	   92.3966	 92.387277	 92.378229	 92.369452	 92.360942	 92.352697	 92.344714	 92.336988	 92.329519	 92.322302	 92.315335	 92.308614	 92.302138	 92.295904	 92.289908	 92.284149	 92.278625	 92.273332	 92.268268	 92.263433	 92.258822	 92.254435	  92.25027	 92.246324	 92.242596	 92.239085	 92.235788	 92.232704	 92.229832	 92.227171	 92.224719	 92.222476	  92.22044	  92.21861	 92.216985	 92.215565	 92.214349	 92.213337	 92.212528	 92.211921	 92.211517	 92.211315	
        99	 98.923691	 98.847393	 98.771119	 98.694879	 98.618686	  98.54255	 98.466484	 98.390499	 98.314607	 98.238818	 98.163145	 98.087598	 98.012189	  97.93693	  97.86183	 97.786901	 97.712155	 97.637602	 97.563252	 97.489118	 97.415209	 97.341535	 97.268108	 97.194937	 97.122033	 97.049406	 96.977066	 96.905022	 96.833285	 96.761863	 96.690767	 96.620006	 96.549588	 96.479524	  96.40982	 96.340487	 96.271534	 96.202967	 96.134795	 96.067028	 95.999671	 95.932734	 95.866223	 95.800146	 95.734511	 95.669323	  95.60459	 95.540319	 95.476516	 95.413187	 95.350339	 95.287976	 95.226106	 95.164733	 95.103862	 95.043499	 94.983649	 94.924316	 94.865505	  94.80722	 94.749466	 94.692246	 94.635563	 94.579423	 94.523827	 94.468779	 94.414282	 94.360338	 94.306951	 94.254123	 94.201855	  94.15015	  94.09901	 94.048435	 93.998429	 93.948991	 93.900123	 93.851826	 93.804101	 93.756947	 93.710366	 93.664358	 93.618922	 93.574058	 93.529767	 93.486047	 93.442898	 93.400319	 93.358309	 93.316867	 93.275992	 93.235682	 93.195936	 93.156752	 93.118129	 93.080063	 93.042554	 93.005598	 92.969194	 92.933339	 92.898031	 92.863266	 92.829042	 92.795356	 92.762205	 92.729585	 92.697494	 92.665928	 92.634884	 92.604358	 92.574347	 92.544846	 92.515853	 92.487362	 92.459372	 92.431876	 92.404872	 92.378355	 92.352321	 92.326765	 92.301685	 92.277075	  92.25293	 92.229247	 92.206022	 92.183248	 92.160924	 92.139042	   92.1176	 92.096593	 92.076015	 92.055863	 92.036132	 92.016817	 91.997914	 91.979418	 91.961324	 91.943629	 91.926326	 91.909413	 91.892884	 91.876734	  91.86096	 91.845557	 91.830519	 91.815844	 91.801527	 91.787562	 91.773947	 91.760676	 91.747745	 91.735151	 91.722888	 91.710954	 91.699344	 91.688054	 91.677079	 91.666417	 91.656064	 91.646015	 91.636267	 91.626816	 91.617659	 91.608793	 91.600214	 91.591918	 91.583903	 91.576166	 91.568702	  91.56151	 91.554586	 91.547928	 91.541532	 91.535396	 91.529518	 91.523895	 91.518525	 91.513404	 91.508532	 91.503906	 91.499524	 91.495384	 91.491484	 91.487823	 91.484398	 91.481209	 91.478253	 91.475531	 91.473039	 91.470777	 91.468745	 91.466941	 91.465364	 91.464014	 91.462889	 91.461991	 91.461317	 91.460868	 91.460644	
        99	 98.916104	 98.832221	 98.748364	 98.664545	 98.580777	 98.497073	 98.413445	 98.329906	 98.246468	 98.163145	 98.079949	 97.996891	 97.913986	 97.831244	 97.748678	   97.6663	 97.584123	 97.502158	 97.420417	 97.338913	 97.257656	 97.176658	 97.095931	 97.015486	 96.935334	 96.855487	 96.775955	 96.696749	 96.617879	 96.539358	 96.461194	 96.383397	 96.305979	 96.228949	 96.152316	  96.07609	 96.000281	 95.924898	 95.849949	 95.775444	 95.701392	   95.6278	 95.554677	 95.482031	  95.40987	 95.338202	 95.267034	 95.196373	 95.126227	 95.056602	 94.987505	 94.918943	 94.850922	 94.783447	 94.716525	 94.650161	 94.584361	 94.519129	 94.454472	 94.390393	 94.326896	 94.263988	  94.20167	 94.139948	 94.078825	 94.018304	  93.95839	 93.899083	 93.840389	 93.782308	 93.724844	 93.667999	 93.611775	 93.556172	 93.501194	 93.446842	 93.393116	 93.340017	 93.287547	 93.235706	 93.184494	 93.133912	 93.083959	 93.034635	  92.98594	 92.937874	 92.890435	 92.843623	 92.797437	 92.751875	 92.706936	 92.662619	 92.618922	 92.575842	 92.533379	 92.491529	 92.450291	 92.409661	 92.369638	 92.330219	   92.2914	 92.253179	 92.215552	 92.178517	 92.142071	 92.106208	 92.070927	 92.036223	 92.002092	 91.968532	 91.935537	 91.903103	 91.871227	 91.839905	 91.809131	 91.778902	 91.749213	  91.72006	 91.691437	 91.663342	 91.635768	 91.608711	 91.582166	 91.556129	 91.530594	 91.505557	 91.481013	 91.456956	 91.433382	 91.410286	 91.387663	 91.365508	 91.343815	  91.32258	 91.301797	 91.281462	  91.26157	 91.242115	 91.223093	 91.204498	 91.186325	  91.16857	 91.151228	 91.134293	 91.117761	 91.101627	 91.085886	 91.070533	 91.055564	 91.040974	 91.026758	 91.012911	  90.99943	 90.986309	 90.973545	 90.961132	 90.949067	 90.937345	 90.925962	 90.914914	 90.904197	 90.893806	 90.883739	 90.873992	  90.86456	 90.855439	 90.846628	 90.838121	 90.829915	 90.822008	 90.814396	 90.807075	 90.800044	 90.793298	 90.786836	 90.780654	 90.774749	  90.76912	 90.763763	 90.758677	  90.75386	 90.749308	  90.74502	 90.740995	  90.73723	 90.733724	 90.730474	 90.727481	 90.724741	 90.722255	 90.720021	 90.718037	 90.716303	 90.714819	 90.713583	 90.712595	 90.711854	 90.711361	 90.711114	
        99	 98.908531	 98.817075	 98.725648	 98.634262	 98.542932	 98.451671	 98.360494	 98.269413	 98.178443	 98.087598	 97.996891	 97.906336	 97.815946	 97.725735	 97.635715	 97.545901	 97.456305	 97.366941	 97.277821	 97.188959	 97.100366	 97.012056	 96.924042	 96.836334	 96.748947	 96.661891	  96.57518	 96.488823	 96.402834	 96.317224	 96.232004	 96.147185	 96.062777	 95.978793	 95.895242	 95.812136	 95.729483	 95.647294	  95.56558	 95.484349	 95.403611	 95.323376	 95.243651	 95.164447	 95.085772	 95.007634	 94.930041	 94.853002	 94.776523	 94.700613	 94.625279	 94.550527	 94.476365	 94.402799	 94.329836	 94.257481	 94.185741	 94.114621	 94.044126	 93.974262	 93.905034	 93.836446	 93.768503	 93.701209	 93.634568	 93.568584	  93.50326	   93.4386	 93.374607	 93.311283	 93.248632	 93.186655	 93.125354	 93.064733	 93.004792	 92.945533	 92.886956	 92.829065	 92.771858	 92.715337	 92.659501	 92.604353	  92.54989	 92.496114	 92.443023	 92.390617	 92.338896	 92.287858	 92.237503	 92.187828	 92.138832	 92.090514	 92.042872	 91.995904	 91.949607	 91.903979	 91.859018	 91.814721	 91.771085	 91.728106	 91.685783	 91.644112	 91.603089	 91.562711	 91.522973	 91.483874	 91.445407	  91.40757	 91.370359	 91.333768	 91.297795	 91.262433	  91.22768	  91.19353	 91.159978	  91.12702	 91.094651	 91.062866	  91.03166	 91.001028	 90.970964	 90.941465	 90.912524	 90.884136	 90.856296	 90.828999	 90.802239	  90.77601	 90.750309	 90.725128	 90.700462	 90.676307	 90.652655	 90.629503	 90.606845	 90.584674	 90.562986	 90.541775	 90.521035	 90.500762	 90.480949	 90.461591	 90.442683	 90.424219	 90.406195	 90.388604	 90.371442	 90.354704	 90.338383	 90.322476	 90.306976	  90.29188	 90.277181	 90.262876	 90.248959	 90.235426	 90.222271	 90.209491	 90.197081	 90.185035	 90.173351	 90.162023	 90.151047	 90.140419	 90.130136	 90.120192	 90.110585	  90.10131	 90.092364	 90.083743	 90.075443	 90.067462	 90.059796	 90.052441	 90.045395	 90.038655	 90.032218	  90.02608	  90.02024	 90.014695	 90.009442	  90.00448	 89.999805	 89.995416	 89.991311	 89.987489	 89.983946	 89.980682	 89.977695	 89.974985	 89.972549	 89.970386	 89.968496	 89.966877	  89.96553	 89.964452	 89.963645	 89.963107	 89.962838	
        99	 98.900971	 98.801957	 98.702973	 98.604034	 98.505156	 98.406352	 98.307639	 98.209031	 98.110543	 98.012189	 97.913986	 97.815946	 97.718085	 97.620418	 97.522959	 97.425721	 97.328721	 97.231971	 97.135485	 97.039278	 96.943363	 96.847755	 96.752466	  96.65751	   96.5629	 96.468649	 96.374771	 96.281278	 96.188182	 96.095496	 96.003232	 95.911403	 95.820019	 95.729094	 95.638638	 95.548662	 95.459178	 95.370197	 95.281729	 95.193784	 95.106374	 95.019507	 94.933194	 94.847443	 94.762266	  94.67767	 94.593664	 94.510257	 94.427458	 94.345274	 94.263713	 94.182783	 94.102492	 94.022846	 93.943852	 93.865517	 93.787848	  93.71085	 93.634529	 93.558891	 93.483941	 93.409684	 93.336126	  93.26327	 93.191121	 93.119683	 93.048961	 92.978957	 92.909674	 92.841117	 92.773288	 92.706188	 92.639822	  92.57419	 92.509295	 92.445138	  92.38172	 92.319044	 92.257109	 92.195916	 92.135467	  92.07576	 92.016796	 91.958575	 91.901096	  91.84436	 91.788364	 91.733108	  91.67859	  91.62481	 91.571765	 91.519453	 91.467874	 91.417023	   91.3669	 91.317501	 91.268824	 91.220866	 91.173623	 91.127093	 91.081272	 91.036156	 90.991743	 90.948027	 90.905006	 90.862674	 90.821029	 90.780065	 90.739778	 90.700163	 90.661216	 90.622932	 90.585307	 90.548334	 90.512009	 90.476327	 90.441283	 90.406871	 90.373086	 90.339922	 90.307374	 90.275436	 90.244103	 90.213369	 90.183228	 90.153675	 90.124703	 90.096307	 90.068481	 90.041219	 90.014515	 89.988363	 89.962757	 89.937691	  89.91316	 89.889157	 89.865677	 89.842712	 89.820259	 89.798309	 89.776859	 89.755901	  89.73543	 89.715441	 89.695927	 89.676882	 89.658302	  89.64018	  89.62251	 89.605288	 89.588508	 89.572164	 89.556251	 89.540763	 89.525696	 89.511044	 89.496802	 89.482966	  89.46953	 89.456489	 89.443838	 89.431574	 89.419691	 89.408185	 89.397052	 89.386286	 89.375885	 89.365843	 89.356158	 89.346824	 89.337839	 89.329198	 89.320898	 89.312936	 89.305307	  89.29801	 89.291041	 89.284396	 89.278073	  89.27207	 89.266383	  89.26101	 89.255949	 89.251198	 89.246754	 89.242615	 89.238779	 89.235246	 89.232012	 89.229078	  89.22644	 89.224099	 89.222052	   89.2203	 89.218841	 89.217675	   89.2168	 89.216218	 89.215927	
        99	 98.893426	 98.786868	 98.680343	 98.573866	 98.467454	 98.361123	 98.254889	 98.148768	 98.042776	  97.93693	 97.831244	 97.725735	 97.620418	  97.51531	 97.410425	 97.305779	 97.201388	 97.097267	  96.99343	 96.889893	 96.786671	 96.683778	 96.581229	 96.479039	 96.377221	 96.275789	 96.174758	 96.074142	 95.973953	 95.874206	 95.774912	 95.676087	 95.577741	 95.479888	  95.38254	  95.28571	 95.189408	 95.093647	 94.998439	 94.903794	 94.809724	 94.716239	 94.623349	 94.531066	 94.439399	 94.348357	 94.257951	  94.16819	 94.079082	 93.990637	 93.902862	 93.815766	 93.729358	 93.643643	 93.558631	 93.474328	 93.390741	 93.307877	 93.225741	  93.14434	  93.06368	 92.983766	 92.904603	 92.826196	 92.748551	  92.67167	 92.595559	 92.520222	 92.445661	  92.37188	 92.298883	 92.226672	 92.155249	 92.084616	 92.014777	 91.945732	 91.877483	 91.810031	 91.743377	 91.677523	 91.612467	 91.548212	 91.484755	 91.422099	 91.360241	 91.299181	 91.238919	 91.179453	 91.120782	 91.062904	 91.005818	 90.949521	 90.894011	 90.839287	 90.785345	 90.732182	 90.679797	 90.628184	 90.577342	 90.527267	 90.477955	 90.429402	 90.381605	 90.334559	 90.288259	 90.242703	 90.197885	 90.153799	 90.110443	  90.06781	 90.025896	 89.984695	 89.944203	 89.904413	 89.865321	  89.82692	 89.789206	 89.752172	 89.715813	 89.680122	 89.645095	 89.610724	 89.577004	 89.543928	 89.511491	 89.479686	 89.448507	 89.417947	 89.388001	 89.358662	 89.329923	 89.301779	 89.274222	 89.247247	 89.220846	 89.195015	 89.169745	 89.145031	 89.120867	 89.097245	 89.074161	 89.051606	 89.029576	 89.008063	 88.987062	 88.966567	 88.946571	 88.927068	 88.908052	 88.889518	 88.871459	  88.85387	 88.836744	 88.820077	 88.803862	 88.788094	 88.772767	 88.757876	 88.743416	 88.729382	 88.715768	 88.702569	 88.689781	 88.677398	 88.665416	 88.653831	 88.642637	  88.63183	 88.621407	 88.611362	 88.601692	 88.592393	 88.583461	 88.574892	 88.566682	 88.558829	 88.551329	 88.544178	 88.537373	 88.530913	 88.524792	  88.51901	 88.513564	  88.50845	 88.503667	 88.499213	 88.495086	 88.491283	 88.487803	 88.484645	 88.481806	 88.479286	 88.477084	 88.475198	 88.473628	 88.472373	 88.471432	 88.470805	 88.470492	
        99	 98.885897	 98.771812	 98.657761	 98.543762	 98.429833	  98.31599	 98.202251	 98.088634	 97.975154	  97.86183	 97.748678	 97.635715	 97.522959	 97.410425	 97.298131	 97.186093	 97.074327	  96.96285	 96.851678	 96.740827	 96.630312	 96.520151	 96.410357	 96.300948	 96.191937	  96.08334	 95.975172	 95.867447	 95.760181	 95.653386	 95.547079	 95.441272	 95.335978	 95.231213	 95.126988	 95.023317	 94.920212	 94.817686	 94.715752	 94.614421	 94.513705	 94.413616	 94.314164	 94.215362	 94.117219	 94.019746	 93.922953	 93.826851	 93.731448	 93.636754	 93.542779	  93.44953	 93.357017	 93.265248	  93.17423	 93.083972	  92.99448	 92.905761	 92.817823	 92.730672	 92.644313	 92.558754	 92.473998	 92.390053	 92.306922	 92.224611	 92.143123	 92.062463	 91.982635	 91.903642	 91.825488	 91.748175	 91.671707	 91.596085	 91.521312	 91.447389	 91.374319	 91.302102	 91.230739	 91.160232	 91.090581	 91.021786	 90.953847	 90.886764	 90.820536	 90.755163	 90.690644	 90.626977	 90.564161	 90.502194	 90.441075	 90.380801	  90.32137	  90.26278	 90.205027	 90.148109	 90.092022	 90.036764	  89.98233	 89.928718	 89.875922	 89.823939	 89.772765	 89.722396	 89.672826	 89.624051	 89.576066	 89.528867	 89.482447	 89.436803	 89.391928	 89.347816	 89.304463	 89.261863	 89.220009	 89.178896	 89.138517	 89.098867	 89.059939	 89.021727	 88.984225	 88.947426	 88.911324	 88.875911	 88.841183	 88.807131	 88.773749	 88.741031	 88.708969	 88.677557	 88.646788	 88.616656	 88.587152	 88.558271	 88.530006	 88.502349	 88.475295	 88.448835	 88.422963	 88.397673	 88.372958	  88.34881	 88.325223	 88.302191	 88.279707	 88.257763	 88.236355	 88.215474	 88.195115	 88.175271	 88.155937	 88.137105	 88.118769	 88.100924	 88.083564	 88.066682	 88.050272	  88.03433	 88.018848	 88.003822	 87.989247	 87.975115	 87.961424	 87.948166	 87.935338	 87.922934	  87.91095	  87.89938	  87.88822	 87.877465	 87.867112	 87.857156	 87.847593	 87.838418	 87.829629	 87.821221	 87.813191	 87.805535	  87.79825	 87.791332	  87.78478	 87.778589	 87.772758	 87.767283	 87.762162	 87.757394	 87.752974	 87.748903	 87.745177	 87.741796	 87.738757	 87.736059	 87.733701	 87.731682	 87.730001	 87.728657	  87.72765	 87.726979	 87.726643	
        99	 98.878385	 98.756789	  98.63523	 98.513727	 98.392297	  98.27096	 98.149733	 98.028636	 97.907686	 97.786901	   97.6663	 97.545901	 97.425721	 97.305779	 97.186093	 97.066679	 96.947555	 96.828739	 96.710248	   96.5921	  96.47431	 96.356896	 96.239875	 96.123262	 96.007075	 95.891329	  95.77604	 95.661223	 95.546895	 95.433071	 95.319765	 95.206992	 95.094767	 94.983104	 94.872018	 94.761522	 94.651629	 94.542354	 94.433709	 94.325707	 94.218361	 94.111683	 94.005684	 93.900377	 93.795773	 93.691884	 93.588719	  93.48629	 93.384606	 93.283679	 93.183517	 93.084129	 92.985526	 92.887715	 92.790706	 92.694505	 92.599121	 92.504562	 92.410835	 92.317946	 92.225903	 92.134711	 92.044376	 91.954904	   91.8663	  91.77857	 91.691718	 91.605748	 91.520665	 91.436472	 91.353172	  91.27077	 91.189267	 91.108667	 91.028971	 90.950182	 90.872301	  90.79533	  90.71927	 90.644121	 90.569885	 90.496561	 90.424149	  90.35265	 90.282062	 90.212385	 90.143619	  90.07576	 90.008809	 89.942763	  89.87762	 89.813378	 89.750035	 89.687587	 89.626033	 89.565367	 89.505589	 89.446692	 89.388675	 89.331533	 89.275262	 89.219857	 89.165314	 89.111628	 89.058795	 89.006809	 88.955666	 88.905359	 88.855884	 88.807234	 88.759405	  88.71239	 88.666182	 88.620777	 88.576168	 88.532348	 88.489311	 88.447051	 88.405561	 88.364833	 88.324862	 88.285641	 88.247161	 88.209418	 88.172403	 88.136109	  88.10053	 88.065658	 88.031486	 87.998006	 87.965211	 87.933095	 87.901649	 87.870867	 87.840741	 87.811264	 87.782428	 87.754226	 87.726651	 87.699696	 87.673353	 87.647616	 87.622477	 87.597928	 87.573963	 87.550576	 87.527757	 87.505502	 87.483803	 87.462653	 87.442046	 87.421974	 87.402431	 87.383412	 87.364908	 87.346915	 87.329425	 87.312433	 87.295932	 87.279917	 87.264382	  87.24932	 87.234727	 87.220597	 87.206924	 87.193704	  87.18093	 87.168599	 87.156704	 87.145242	 87.134207	 87.123595	 87.113403	 87.103624	 87.094256	 87.085295	 87.076736	 87.068576	 87.060811	 87.053438	 87.046455	 87.039856	 87.033641	 87.027806	 87.022348	 87.017265	 87.012555	 87.008216	 87.004245	 87.000641	 86.997402	 86.994526	 86.992013	 86.989861	  86.98807	 86.986637	 86.985564	 86.984848	  86.98449	
        99	 98.870892	 98.741804	 98.612755	 98.483765	 98.354853	 98.226039	 98.097343	 97.968784	 97.840382	 97.712155	 97.584123	 97.456305	 97.328721	 97.201388	 97.074327	 96.947555	 96.821092	 96.694955	 96.569163	 96.443734	 96.318687	 96.194039	 96.069807	 95.946009	 95.822663	 95.699785	 95.577392	 95.455501	 95.334129	 95.213291	 95.093003	 94.973282	 94.854142	 94.735599	 94.617668	 94.500364	   94.3837	 94.267692	 94.152353	 94.037696	 93.923736	 93.810484	 93.697954	 93.586159	  93.47511	 93.364819	 93.255297	 93.146557	 93.038608	 92.931462	 92.825128	 92.719617	 92.614938	 92.511101	 92.408114	 92.305986	 92.204725	 92.104339	 92.004837	 91.906225	  91.80851	 91.711699	 91.615798	 91.520813	  91.42675	 91.333614	 91.241411	 91.150144	 91.059818	 90.970437	 90.882005	 90.794526	 90.708001	 90.622434	 90.537828	 90.454184	 90.371505	 90.289791	 90.209044	 90.129265	 90.050455	 89.972613	 89.895739	 89.819835	 89.744898	 89.670928	 89.597924	 89.525884	 89.454808	 89.384692	 89.315536	 89.247335	 89.180089	 89.113794	 89.048446	 88.984043	 88.920581	 88.858056	 88.796464	 88.735801	 88.676062	 88.617243	  88.55934	 88.502346	 88.446258	 88.391069	 88.336774	 88.283367	 88.230844	 88.179197	  88.12842	 88.078508	 88.029454	 87.981251	 87.933893	 87.887373	 87.841685	  87.79682	 87.752773	 87.709537	 87.667103	 87.625464	 87.584614	 87.544545	  87.50525	  87.46672	 87.428948	 87.391927	 87.355649	 87.320107	 87.285292	 87.251196	 87.217813	 87.185134	 87.153152	 87.121858	 87.091246	 87.061306	 87.032032	 87.003416	 86.975451	 86.948127	 86.921439	 86.895378	 86.869937	 86.845108	 86.820884	 86.797257	 86.774221	 86.751768	  86.72989	 86.708582	 86.687835	 86.667644	    86.648	 86.628898	 86.610331	 86.592291	 86.574774	 86.557772	  86.54128	  86.52529	 86.509798	 86.494797	 86.480282	 86.466247	 86.452686	 86.439595	 86.426967	 86.414799	 86.403084	 86.391819	 86.380998	 86.370617	 86.360672	 86.351158	 86.342072	 86.333409	 86.325166	 86.317339	 86.309925	  86.30292	 86.296322	 86.290127	 86.284333	 86.278937	 86.273937	  86.26933	 86.265114	 86.261288	 86.257849	 86.254797	 86.252129	 86.249844	 86.247942	 86.246422	 86.245282	 86.244522	 86.244143	
