Time step 84:
        99	        99	        99	        99	        99	        99	        99	        99	        99	        99	        99	        99	        99	        99	        99	        99	        99	        99	        99	        99	        99	        99	        99	        99	        99	        99	        99	        99	        99	        99	        99	        99	        99	        99	        99	        99	        99	        99	        99	        99	        99	        99	        99	        99	        99	        99	        99	        99	        99	        99	        99	        99	        99	        99	        99	        99	        99	        99	        99	        99	        99	        99	        99	        99	        99	        99	        99	        99	        99	        99	        99	        99	        99	        99	        99	        99	        99	        99	        99	        99	        99	        99	        99	        99	        99	        99	        99	        99	        99	        99	        99	        99	        99	        99	        99	        99	        99	        99	        99	        99	        99	        99	        99	        99	        99	        99	        99	        99	        99	        99	        99	        99	        99	        99	        99	        99	        99	        99	        99	        99	        99	        99	        99	        99	        99	        99	        99	        99	        99	        99	        99	        99	        99	        99	        99	        99	        99	        99	        99	        99	        99	        99	        99	        99	        99	        99	        99	        99	        99	        99	        99	        99	        99	        99	        99	        99	        99	        99	        99	        99	        99	        99	        99	        99	        99	        99	        99	        99	        99	        99	        99	        99	        99	        99	        99	        99	        99	        99	        99	        99	        99	        99	        99	        99	        99	        99	        99	        99	        99	        99	        99	        99	        99	        99	        99	        99	        99	        99	        99	        99	
        99	 98.992441	 98.984883	 98.977328	 98.969775	 98.962228	 98.954686	 98.947151	 98.939623	 98.932105	 98.924597	   98.9171	 98.909616	 98.902145	 98.894689	 98.887248	 98.879824	 98.872418	 98.865031	 98.857664	 98.850318	 98.842994	 98.835693	 98.828416	 98.821165	 98.813939	 98.806741	  98.79957	 98.792429	 98.785318	 98.778237	 98.771189	 98.764173	 98.757191	 98.750243	 98.743331	 98.736456	 98.729617	 98.722816	 98.716055	 98.709332	  98.70265	 98.696009	  98.68941	 98.682854	  98.67634	 98.669871	 98.663446	 98.657067	 98.650733	 98.644446	 98.638206	 98.632014	  98.62587	 98.619775	 98.613729	 98.607733	 98.601787	 98.595892	 98.590049	 98.584257	 98.578517	 98.572829	 98.567195	 98.561614	 98.556086	 98.550612	 98.545192	 98.539826	 98.534516	  98.52926	 98.524059	 98.518914	 98.513824	  98.50879	 98.503812	  98.49889	 98.494023	 98.489213	  98.48446	 98.479762	 98.475121	 98.470536	 98.466008	 98.461536	 98.457121	 98.452762	 98.448459	 98.444212	 98.440021	 98.435887	 98.431808	 98.427785	 98.423818	 98.419906	  98.41605	 98.412248	 98.408502	  98.40481	 98.401173	  98.39759	 98.394061	 98.390585	 98.387163	 98.383795	 98.380479	 98.377216	 98.374005	 98.370846	 98.367739	 98.364683	 98.361678	 98.358723	 98.355819	 98.352965	  98.35016	 98.347404	 98.344697	 98.342039	 98.339428	 98.336865	 98.334349	  98.33188	 98.329456	 98.327079	 98.324747	 98.322461	 98.320218	  98.31802	 98.315866	 98.313754	 98.311686	  98.30966	 98.307676	 98.305733	 98.303832	 98.301971	  98.30015	 98.298369	 98.296627	 98.294923	 98.293259	 98.291632	 98.290042	  98.28849	 98.286974	 98.285495	 98.284051	 98.282643	 98.281269	  98.27993	 98.278625	 98.277354	 98.276116	 98.274911	 98.273739	 98.272598	  98.27149	 98.270412	 98.269366	  98.26835	 98.267365	 98.266409	 98.265483	 98.264586	 98.263719	 98.262879	 98.262068	 98.261285	  98.26053	 98.259801	   98.2591	 98.258426	 98.257778	 98.257157	 98.256561	 98.255992	 98.255448	 98.254929	 98.254435	 98.253966	 98.253522	 98.253102	 98.252707	 98.252335	 98.251988	 98.251665	 98.251365	 98.251089	 98.250836	 98.250606	   98.2504	 98.250217	 98.250057	  98.24992	 98.249806	 98.249715	 98.249647	 98.249601	 98.249578	
        99	 98.984883	 98.969769	 98.954658	 98.939555	 98.924461	 98.909378	 98.894309	 98.879256	  98.86422	 98.849206	 98.834213	 98.819246	 98.804305	 98.789394	 98.774514	 98.759667	 98.744856	 98.730083	  98.71535	 98.700659	 98.686012	 98.671411	 98.656858	 98.642356	 98.627906	  98.61351	 98.599171	 98.584889	 98.570667	 98.556508	 98.542412	 98.528381	 98.514418	 98.500524	 98.486701	 98.472951	 98.459275	 98.445674	 98.432152	 98.418708	 98.405345	 98.392064	 98.378867	 98.365755	 98.352729	 98.339791	 98.326943	 98.314185	 98.301519	 98.288945	 98.276466	 98.264083	 98.251796	 98.239606	 98.227516	 98.215525	 98.203634	 98.191845	 98.180159	 98.168576	 98.157097	 98.145723	 98.134455	 98.123293	 98.112238	 98.101291	 98.090452	 98.079722	 98.069101	 98.058591	  98.04819	   98.0379	 98.027721	 98.017654	 98.007698	 97.997854	 97.988123	 97.978504	 97.968997	 97.959603	 97.950321	 97.941153	 97.932097	 97.923154	 97.914323	 97.905606	    97.897	 97.888508	 97.880127	 97.871859	 97.863702	 97.855657	 97.847723	   97.8399	 97.832187	 97.824585	 97.817093	  97.80971	 97.802435	  97.79527	 97.788212	 97.781262	 97.774419	 97.767682	 97.761051	 97.754525	 97.748104	 97.741787	 97.735573	 97.729461	 97.723452	 97.717543	 97.711735	 97.706027	 97.700418	 97.694907	 97.689493	 97.684177	 97.678956	  97.67383	 97.668798	  97.66386	 97.659014	  97.65426	 97.649596	 97.645023	 97.640539	 97.636143	 97.631834	 97.627612	 97.623476	 97.619424	 97.615456	 97.611571	 97.607768	 97.604046	 97.600405	 97.596843	 97.593359	 97.589953	 97.586623	  97.58337	 97.580191	 97.577087	 97.574056	 97.571097	  97.56821	 97.565393	 97.562646	 97.559969	 97.557359	 97.554817	 97.552341	 97.549932	 97.547587	 97.545306	 97.543089	 97.540934	 97.538842	 97.536811	  97.53484	 97.532929	 97.531077	 97.529284	 97.527548	 97.525869	 97.524247	 97.522681	  97.52117	 97.519714	 97.518312	 97.516964	 97.515668	 97.514425	 97.513235	 97.512095	 97.511007	 97.509969	 97.508982	 97.508044	 97.507156	 97.506316	 97.505525	 97.504783	 97.504088	 97.503442	 97.502842	  97.50229	 97.501784	 97.501326	 97.500913	 97.500547	 97.500227	 97.499953	 97.499725	 97.499543	 97.499406	 97.499315	 97.499269	
        99	 98.977328	 98.954658	 98.931996	 98.909344	 98.886706	 98.864084	 98.841484	 98.818906	 98.796356	 98.773837	 98.751351	 98.728902	 98.706494	  98.68413	 98.661813	 98.639546	 98.617332	 98.595175	 98.573078	 98.551044	 98.529077	 98.507178	 98.485352	 98.463601	 98.441929	 98.420338	 98.398831	 98.377411	 98.356082	 98.334845	 98.313704	 98.292661	 98.271719	 98.250881	 98.230149	 98.209526	 98.189014	 98.168616	 98.148334	 98.128171	 98.108129	  98.08821	 98.068417	 98.048751	 98.029215	 98.009811	 97.990541	 97.971406	 97.952409	 97.933552	 97.914836	 97.896263	 97.877834	 97.859553	 97.841419	 97.823434	 97.805601	  97.78792	 97.770393	  97.75302	 97.735804	 97.718745	 97.701845	 97.685104	 97.668524	 97.652105	 97.635849	 97.619756	 97.603827	 97.588063	 97.572464	 97.557031	 97.541765	 97.526666	 97.511734	  97.49697	 97.482374	 97.467947	 97.453689	 97.439599	 97.425679	 97.411928	 97.398346	 97.384933	 97.371689	 97.358614	 97.345708	  97.33297	 97.320401	    97.308	 97.295766	   97.2837	 97.271801	 97.260067	   97.2485	 97.237098	 97.225861	 97.214788	 97.203878	 97.193131	 97.182546	 97.172122	 97.161859	 97.151755	 97.141809	 97.132022	 97.122391	 97.112916	 97.103596	  97.09443	 97.085417	 97.076556	 97.067845	 97.059284	 97.050871	 97.042606	 97.034486	 97.026512	 97.018682	 97.010994	 97.003447	  96.99604	 96.988773	 96.981642	 96.974648	 96.967789	 96.961064	 96.954471	 96.948008	 96.941676	 96.935472	 96.929395	 96.923444	 96.917617	 96.911914	 96.906332	  96.90087	 96.895527	 96.890303	 96.885194	 96.880201	 96.875321	 96.870554	 96.865898	 96.861352	 96.856914	 96.852584	 96.848359	  96.84424	 96.840224	  96.83631	 96.832497	 96.828784	  96.82517	 96.821653	 96.818233	 96.814907	 96.811676	 96.808537	 96.805491	 96.802535	 96.799669	 96.796891	 96.794202	 96.791598	 96.789081	 96.786648	 96.784299	 96.782033	  96.77985	 96.777747	 96.775724	 96.773781	 96.771917	 96.770131	 96.768422	  96.76679	 96.765234	 96.763753	 96.762346	 96.761014	 96.759755	 96.758569	 96.757455	 96.756414	 96.755444	 96.754545	 96.753716	 96.752958	  96.75227	 96.751652	 96.751103	 96.750623	 96.750212	  96.74987	 96.749596	 96.749391	 96.749254	 96.749186	
        99	 98.969775	 98.939555	 98.909344	 98.879147	 98.848968	 98.818811	 98.788682	 98.758584	 98.728523	 98.698502	 98.668526	   98.6386	 98.608728	 98.578914	 98.549163	 98.519478	 98.489866	 98.460328	 98.430871	 98.401498	 98.372212	  98.34302	 98.313923	 98.284927	 98.256036	 98.227253	 98.198582	 98.170027	 98.141593	 98.113282	 98.085099	 98.057046	 98.029129	 98.001349	 97.973711	 97.946219	 97.918875	 97.891682	 97.864645	 97.837766	 97.811047	 97.784494	 97.758107	 97.731891	 97.705847	 97.679979	  97.65429	 97.628782	 97.603457	 97.578318	 97.553368	 97.528608	 97.504042	  97.47967	 97.455496	 97.431521	 97.407747	 97.384177	 97.360811	 97.337652	 97.314701	  97.29196	  97.26943	 97.247113	  97.22501	 97.203122	 97.181451	 97.159998	 97.138763	 97.117747	 97.096952	 97.076379	 97.056027	 97.035899	 97.015993	 96.996311	 96.976854	 96.957621	 96.938613	 96.919831	 96.901274	 96.882942	 96.864836	 96.846955	 96.829299	 96.811869	 96.794664	 96.777684	 96.760927	 96.744395	 96.728087	 96.712001	 96.696138	 96.680497	 96.665076	 96.649877	 96.634896	 96.620135	 96.605591	 96.591264	 96.577153	 96.563257	 96.549575	 96.536105	 96.522847	 96.509799	 96.496961	  96.48433	 96.471905	 96.459686	 96.447671	 96.435857	 96.424245	 96.412832	 96.401617	 96.390599	 96.379775	 96.369144	 96.358705	 96.348457	 96.338396	 96.328522	 96.318834	 96.309328	 96.300004	 96.290861	 96.281895	 96.273106	 96.264491	 96.256049	 96.247779	 96.239678	 96.231744	 96.223977	 96.216373	 96.208932	 96.201651	 96.194529	 96.187563	 96.180753	 96.174097	 96.167592	 96.161237	  96.15503	 96.148969	 96.143053	  96.13728	 96.131649	 96.126157	 96.120803	 96.115586	 96.110503	 96.105553	 96.100735	 96.096047	 96.091487	 96.087054	 96.082746	 96.078562	 96.074501	  96.07056	  96.06674	 96.063037	 96.059451	 96.055981	 96.052625	 96.049382	 96.046251	  96.04323	 96.040318	 96.037515	 96.034819	 96.032229	 96.029744	 96.027363	 96.025085	 96.022909	 96.020834	  96.01886	 96.016985	 96.015209	  96.01353	 96.011949	 96.010465	 96.009076	 96.007783	 96.006584	  96.00548	  96.00447	 96.003552	 96.002728	 96.001996	 96.001356	 96.000808	 96.000352	 95.999988	 95.999714	 95.999532	 95.999441	
        99	 98.962228	 98.924461	 98.886706	 98.848968	 98.811252	 98.773565	 98.735912	 98.698298	  98.66073	 98.623212	 98.585751	 98.548352	  98.51102	 98.473761	  98.43658	 98.399483	 98.362476	 98.325563	 98.288749	 98.252041	 98.215442	  98.17896	 98.142597	 98.106361	 98.070254	 98.034284	 97.998453	 97.962768	 97.927233	 97.891852	 97.856631	 97.821574	 97.786684	 97.751968	 97.717429	 97.683071	 97.648898	 97.614915	 97.581126	 97.547534	 97.514144	  97.48096	 97.447984	 97.415221	 97.382674	 97.350346	 97.318242	 97.286364	 97.254715	 97.223298	 97.192117	 97.161175	 97.130474	 97.100016	 97.069805	 97.039843	 97.010133	 96.980676	 96.951476	 96.922533	 96.893851	 96.865431	 96.837275	 96.809385	 96.781763	 96.754409	 96.727326	 96.700515	 96.673978	 96.647715	 96.621727	 96.596016	 96.570582	 96.545427	  96.52055	 96.495954	 96.471638	 96.447602	 96.423848	 96.400375	 96.377183	 96.354274	 96.331646	   96.3093	 96.287236	 96.265453	 96.243951	 96.222731	  96.20179	  96.18113	 96.160749	 96.140646	 96.120822	 96.101275	 96.082004	 96.063008	 96.044287	 96.025839	 96.007663	 95.989759	 95.972124	 95.954758	 95.937659	 95.920826	 95.904257	 95.887951	 95.871906	 95.856121	 95.840594	 95.825323	 95.810307	 95.795544	 95.781032	 95.766769	 95.752754	 95.738984	 95.725457	 95.712172	 95.699126	 95.686318	 95.673745	 95.661406	 95.649298	 95.637418	 95.625766	 95.614339	 95.603135	 95.592151	 95.581385	 95.570835	 95.560499	 95.550375	 95.540461	 95.530753	 95.521251	 95.511951	 95.502852	 95.493951	 95.485247	 95.476736	 95.468417	 95.460288	 95.452346	 95.444589	 95.437015	 95.429622	 95.422407	  95.41537	 95.408506	 95.401815	 95.395295	 95.388943	 95.382757	 95.376736	 95.370877	 95.365178	 95.359638	 95.354255	 95.349026	  95.34395	 95.339026	 95.334251	 95.329624	 95.325143	 95.320806	 95.316612	 95.312559	 95.308646	 95.304871	 95.301232	 95.297729	  95.29436	 95.291123	 95.288017	 95.285042	 95.282195	 95.279475	 95.276882	 95.274415	 95.272072	 95.269852	 95.267755	 95.265779	 95.263924	 95.262188	 95.260572	 95.259074	 95.257694	 95.256431	 95.255285	 95.254254	  95.25334	  95.25254	 95.251856	 95.251286	  95.25083	 95.250488	 95.250261	 95.250147	
        99	 98.954686	 98.909378	 98.864084	 98.818811	 98.773565	 98.728353	 98.683181	 98.638057	 98.592988	 98.547979	 98.503038	 98.458171	 98.413385	 98.368687	 98.324083	 98.279579	 98.235182	 98.190898	 98.146734	 98.102696	  98.05879	 98.015023	   97.9714	 97.927928	 97.884613	  97.84146	 97.798475	 97.755665	 97.713034	 97.670589	 97.628335	 97.586278	 97.544422	 97.502774	 97.461338	  97.42012	 97.379124	 97.338356	  97.29782	 97.257521	 97.217464	 97.177654	 97.138094	 97.098789	 97.059743	 97.020961	 96.982446	 96.944203	 96.906235	 96.868545	 96.831139	 96.794018	 96.757186	 96.720647	 96.684404	  96.64846	 96.612817	 96.577479	 96.542448	 96.507726	 96.473317	 96.439223	 96.405445	 96.371986	 96.338848	 96.306033	 96.273543	 96.241379	 96.209542	 96.178035	 96.146858	 96.116013	 96.085502	 96.055323	  96.02548	 95.995972	 95.966801	 95.937966	 95.909469	 95.881309	 95.853487	 95.826003	 95.798857	  95.77205	  95.74558	 95.719448	 95.693653	 95.668195	 95.643073	 95.618288	 95.593837	 95.569721	 95.545938	 95.522488	 95.499369	  95.47658	 95.454121	  95.43199	 95.410185	 95.388706	  95.36755	 95.346716	 95.326203	 95.306009	 95.286131	  95.26657	 95.247321	 95.228384	 95.209757	 95.191437	 95.173423	 95.155712	 95.138303	 95.121192	 95.104378	 95.087858	 95.071631	 95.055693	 95.040042	 95.024677	 95.009594	  94.99479	 94.980265	 94.966014	 94.952035	 94.938326	 94.924884	 94.911707	 94.898792	 94.886136	 94.873736	  94.86159	 94.849696	  94.83805	 94.826651	 94.815494	 94.804578	 94.793901	 94.783458	 94.773248	 94.763268	 94.753515	 94.743987	 94.734682	 94.725595	 94.716726	 94.708071	 94.699628	 94.691395	 94.683368	 94.675546	 94.667925	 94.660504	 94.653281	 94.646252	 94.639415	 94.632769	 94.626311	 94.620038	 94.613949	 94.608041	 94.602313	 94.596762	 94.591386	 94.586183	 94.581152	  94.57629	 94.571595	 94.567066	 94.562701	 94.558498	 94.554456	 94.550573	 94.546848	 94.543278	 94.539862	   94.5366	  94.53349	 94.530529	 94.527718	 94.525055	 94.522539	 94.520169	 94.517943	 94.515861	 94.513922	 94.512125	  94.51047	 94.508955	 94.507579	 94.506343	 94.505246	 94.504287	 94.503466	 94.502782	 94.502235	 94.501825	 94.501552	 94.501416	
        99	 98.947151	 98.894309	 98.841484	 98.788682	 98.735912	 98.683181	 98.630499	 98.577871	 98.525307	 98.472814	   98.4204	 98.368072	 98.315839	 98.263708	 98.211686	 98.159782	 98.108002	 98.056355	 98.004847	 97.953486	 97.902279	 97.851234	 97.800358	 97.749657	 97.699138	 97.648809	 97.598677	 97.548748	 97.499029	 97.449525	 97.400245	 97.351194	 97.302379	 97.253805	 97.205479	 97.157406	 97.109594	 97.062046	  97.01477	  96.96777	 96.921052	 96.874621	 96.828483	 96.782642	 96.737104	 96.691872	 96.646953	  96.60235	 96.558069	 96.514112	 96.470485	 96.427192	 96.384236	 96.341621	 96.299351	 96.257429	  96.21586	 96.174645	 96.133789	 96.093294	 96.053163	 96.013399	 95.974004	 95.934982	 95.896334	 95.858062	 95.820169	 95.782656	 95.745525	 95.708779	 95.672418	 95.636444	 95.600858	 95.565662	 95.530856	 95.496442	 95.462419	  95.42879	 95.395554	 95.362711	 95.330263	 95.298209	 95.266549	 95.235283	 95.204412	 95.173934	  95.14385	 95.114159	  95.08486	 95.055953	 95.027436	  94.99931	 94.971572	 94.944223	 94.917259	 94.890682	 94.864488	 94.838676	 94.813246	 94.788194	 94.763521	 94.739223	 94.715298	 94.691746	 94.668564	 94.645749	   94.6233	 94.601214	 94.579489	 94.558123	 94.537113	 94.516457	 94.496153	 94.476197	 94.456587	  94.43732	 94.418394	 94.399806	 94.381553	 94.363632	 94.346041	 94.328776	 94.311835	 94.295214	 94.278911	 94.262923	 94.247246	 94.231877	 94.216814	 94.202054	 94.187592	 94.173427	 94.159555	 94.145973	 94.132677	 94.119666	 94.106935	 94.094481	 94.082302	 94.070394	 94.058755	  94.04738	 94.036268	 94.025415	 94.014818	 94.004474	 93.994379	 93.984533	  93.97493	 93.965568	 93.956445	 93.947558	 93.938903	 93.930478	  93.92228	 93.914307	 93.906555	 93.899023	 93.891708	 93.884606	 93.877716	 93.871035	 93.864561	 93.858291	 93.852223	 93.846355	 93.840684	 93.835209	 93.829927	 93.824836	 93.819935	  93.81522	 93.810692	 93.806346	 93.802183	   93.7982	 93.794395	 93.790767	 93.787315	 93.784036	  93.78093	 93.777996	 93.775231	 93.772636	 93.770207	 93.767946	  93.76585	 93.763919	 93.762152	 93.760548	 93.759107	 93.757827	 93.756709	 93.755751	 93.754953	 93.754316	 93.753838	 93.753519	  93.75336	
        99	 98.939623	 98.879256	 98.818906	 98.758584	 98.698298	 98.638057	 98.577871	 98.517748	 98.457697	 98.397728	 98.337849	 98.278068	 98.218395	 98.158839	 98.099408	 98.040111	 97.980957	 97.921953	 97.863109	 97.804433	 97.745933	 97.687618	 97.629495	 97.571573	 97.513859	 97.456362	 97.399089	 97.342049	 97.285248	 97.228694	 97.172395	 97.116358	  97.06059	 97.005098	 96.949889	 96.894969	 96.840347	 96.786027	 96.732017	 96.678323	 96.624951	 96.571908	 96.519198	 96.466828	 96.414804	  96.36313	 96.311813	 96.260858	 96.210269	 96.160052	 96.110211	 96.060751	 96.011677	 95.962993	 95.914702	  95.86681	  95.81932	 95.772235	  95.72556	 95.679297	 95.633451	 95.588023	 95.543018	 95.498437	 95.454284	 95.410562	 95.367271	 95.324416	 95.281997	 95.240017	 95.198477	 95.157379	 95.116725	 95.076516	 95.036753	 94.997437	 94.958569	 94.920149	 94.882179	 94.844659	 94.807589	  94.77097	 94.734801	 94.699082	 94.663814	 94.628995	 94.594626	 94.560706	 94.527234	  94.49421	 94.461632	 94.429499	 94.397811	 94.366566	 94.335762	 94.305399	 94.275475	 94.245987	 94.216934	 94.188315	 94.160127	 94.132368	 94.105036	  94.07813	 94.051645	 94.025581	 93.999935	 93.974703	 93.949884	 93.925475	 93.901473	 93.877875	 93.854678	  93.83188	 93.809477	 93.787466	 93.765845	 93.744609	 93.723756	 93.703283	 93.683187	 93.663463	 93.644109	 93.625121	 93.606495	  93.58823	  93.57032	 93.552763	 93.535554	 93.518691	  93.50217	 93.485987	 93.470139	 93.454623	 93.439434	 93.424569	 93.410025	 93.395797	 93.381884	  93.36828	 93.354982	 93.341988	 93.329293	 93.316894	 93.304788	  93.29297	 93.281438	 93.270189	 93.259219	 93.248524	 93.238101	 93.227948	  93.21806	 93.208435	  93.19907	 93.189961	 93.181106	 93.172501	 93.164143	  93.15603	 93.148159	 93.140526	  93.13313	 93.125967	 93.119035	 93.112331	 93.105853	 93.099598	 93.093563	 93.087747	 93.082148	 93.076762	 93.071588	 93.066624	 93.061868	 93.057317	 93.052971	 93.048826	 93.044882	 93.041137	 93.037588	 93.034236	 93.031077	 93.028112	 93.025338	 93.022755	  93.02036	 93.018154	 93.016136	 93.014303	 93.012656	 93.011194	 93.009917	 93.008822	 93.007911	 93.007183	 93.006637	 93.006273	 93.006091	
        99	 98.932105	  98.86422	 98.796356	 98.728523	  98.66073	 98.592988	 98.525307	 98.457697	 98.390169	 98.322732	 98.255396	 98.188172	 98.121069	 98.054097	 97.987265	 97.920584	 97.854064	 97.787713	 97.721542	 97.655559	 97.589775	 97.524198	 97.458837	 97.393703	 97.328802	 97.264146	 97.199742	 97.135598	 97.071724	 97.008129	 96.944819	 96.881804	 96.819091	 96.756689	 96.694606	 96.632848	 96.571423	  96.51034	 96.449605	 96.389225	 96.329207	 96.269558	 96.210285	 96.151394	 96.092891	 96.034783	 95.977076	 95.919776	 95.862888	 95.806417	  95.75037	 95.694752	 95.639567	  95.58482	 95.530516	 95.476661	 95.423257	 95.370309	 95.317822	 95.265798	 95.214243	 95.163159	 95.112549	 95.062417	 95.012766	 94.963599	 94.914918	 94.866726	 94.819025	 94.771818	 94.725105	  94.67889	 94.633174	 94.587958	 94.543243	 94.499031	 94.455323	  94.41212	 94.369422	  94.32723	 94.285544	 94.244364	 94.203692	 94.163525	 94.123865	 94.084711	 94.046062	 94.007918	 93.970279	 93.933142	 93.896507	 93.860374	  93.82474	 93.789604	 93.754965	  93.72082	 93.687169	  93.65401	  93.62134	 93.589157	 93.557459	 93.526243	 93.495508	 93.465251	 93.435469	 93.406159	 93.377319	 93.348946	 93.321036	 93.293588	 93.266597	  93.24006	 93.213975	 93.188338	 93.163145	 93.138394	  93.11408	   93.0902	 93.066751	 93.043728	 93.021129	 92.998949	 92.977185	 92.955832	 92.934888	 92.914348	 92.894208	 92.874464	 92.855113	  92.83615	 92.817572	 92.799374	 92.781553	 92.764104	 92.747023	 92.730308	 92.713952	 92.697953	 92.682307	 92.667009	 92.652056	 92.637444	 92.623168	 92.609225	 92.595611	 92.582322	 92.569355	 92.556704	 92.544368	 92.532341	 92.520621	 92.509203	 92.498084	 92.487261	 92.476729	 92.466486	 92.456528	 92.446852	 92.437453	  92.42833	 92.419479	 92.410896	 92.402578	 92.394524	 92.386728	 92.379189	 92.371904	  92.36487	 92.358085	 92.351545	 92.345248	 92.339192	 92.333373	 92.327791	 92.322443	 92.317325	 92.312437	 92.307777	 92.303342	  92.29913	  92.29514	  92.29137	 92.287818	 92.284483	 92.281364	 92.278459	 92.275767	 92.273286	 92.271016	 92.268955	 92.267103	 92.265459	 92.264022	 92.262792	 92.261767	 92.260948	 92.260334	 92.259925	  92.25972	
        99	 98.924597	 98.849206	 98.773837	 98.698502	 98.623212	 98.547979	 98.472814	 98.397728	 98.322732	 98.247838	 98.173056	 98.098398	 98.023874	 97.949496	 97.875274	 97.801219	 97.727343	 97.653655	 97.580166	 97.506887	 97.433828	 97.360999	 97.288411	 97.216073	 97.143996	  97.07219	 97.000663	 96.929427	  96.85849	 96.787861	 96.717551	 96.647567	  96.57792	 96.508617	 96.439668	 96.371081	 96.302864	 96.235026	 96.167574	 96.100517	 96.033862	 95.967617	 95.901789	 95.836386	 95.771414	  95.70688	 95.642792	 95.579155	 95.515976	 95.453261	 95.391016	 95.329247	 95.267959	 95.207159	  95.14685	 95.087039	 95.027729	 94.968926	 94.910635	 94.852859	 94.795602	 94.738869	 94.682663	 94.626987	 94.571846	 94.517241	 94.463177	 94.409656	  94.35668	 94.304252	 94.252374	 94.201048	 94.150277	  94.10006	 94.050401	   94.0013	 93.952759	 93.904778	 93.857358	   93.8105	 93.764205	 93.718471	 93.673301	 93.628693	 93.584647	 93.541163	  93.49824	 93.455878	 93.414076	 93.372833	 93.332147	 93.292018	 93.252443	 93.213422	 93.174952	 93.137032	  93.09966	 93.062834	  93.02655	 92.990809	 92.955605	 92.920938	 92.886804	 92.853201	 92.820125	 92.787574	 92.755545	 92.724034	 92.693039	 92.662555	 92.632579	 92.603108	 92.574138	 92.545666	 92.517687	 92.490199	 92.463196	 92.436676	 92.410633	 92.385065	 92.359967	 92.335334	 92.311163	 92.287449	 92.264189	 92.241377	  92.21901	 92.197083	 92.175592	 92.154532	   92.1339	 92.113689	 92.093897	 92.074519	  92.05555	 92.036985	 92.018821	 92.001053	 91.983677	 91.966687	 91.950081	 91.933852	 91.917998	 91.902513	 91.887394	 91.872635	 91.858234	 91.844184	 91.830484	 91.817127	 91.804111	  91.79143	 91.779082	 91.767062	 91.755366	  91.74399	 91.732931	 91.722184	 91.711746	 91.701614	 91.691784	 91.682252	 91.673015	 91.664069	 91.655412	 91.647039	 91.638949	 91.631137	 91.623601	 91.616338	 91.609344	 91.602618	 91.596157	 91.589957	 91.584017	 91.578334	 91.572906	  91.56773	 91.562804	 91.558127	 91.553695	 91.549508	 91.545564	 91.541861	 91.538396	  91.53517	  91.53218	 91.529425	 91.526904	 91.524615	 91.522558	 91.520733	 91.519137	  91.51777	 91.516632	 91.515723	 91.515041	 91.514586	 91.514359	
        99	   98.9171	 98.834213	 98.751351	 98.668526	 98.585751	 98.503038	   98.4204	 98.337849	 98.255396	 98.173056	 98.090839	 98.008758	 97.926825	 97.845052	 97.763451	 97.682034	 97.600812	 97.519798	 97.439002	 97.358438	 97.278115	 97.198045	  97.11824	 97.038711	 96.959468	 96.880522	 96.801884	 96.723565	 96.645575	 96.567925	 96.490624	 96.413682	  96.33711	 96.260917	 96.185113	 96.109707	 96.034708	 95.960125	 95.885967	 95.812243	 95.738961	  95.66613	 95.593757	 95.521851	  95.45042	  95.37947	  95.30901	 95.239046	 95.169585	 95.100635	 95.032202	 94.964291	  94.89691	 94.830065	  94.76376	 94.698002	 94.632796	 94.568147	  94.50406	 94.440539	  94.37759	 94.315216	 94.253422	 94.192211	 94.131587	 94.071554	 94.012115	 93.953272	 93.895029	 93.837389	 93.780353	 93.723924	 93.668105	 93.612896	 93.558299	 93.504317	 93.450949	 93.398198	 93.346064	 93.294547	 93.243649	 93.193368	 93.143707	 93.094664	 93.046239	 92.998432	 92.951241	 92.904668	  92.85871	 92.813366	 92.768635	 92.724516	 92.681006	 92.638106	 92.595811	 92.554121	 92.513033	 92.472545	 92.432655	  92.39336	 92.354656	 92.316542	 92.279015	 92.242071	 92.205707	 92.169919	 92.134706	 92.100062	 92.065984	  92.03247	 91.999514	 91.967113	 91.935263	  91.90396	 91.873199	 91.842978	 91.813291	 91.784133	 91.755502	 91.727391	 91.699798	 91.672716	 91.646142	 91.620071	 91.594498	 91.569418	 91.544827	  91.52072	 91.497092	 91.473939	 91.451255	 91.429035	 91.407275	  91.38597	 91.365115	 91.344705	 91.324735	   91.3052	 91.286096	 91.267418	  91.24916	 91.231318	 91.213887	 91.196863	  91.18024	 91.164015	 91.148181	 91.132735	 91.117672	 91.102988	 91.088677	 91.074736	  91.06116	 91.047945	 91.035086	 91.022579	  91.01042	 90.998605	  90.98713	  90.97599	 90.965183	 90.954703	 90.944547	 90.934712	 90.925194	 90.915989	 90.907095	 90.898506	 90.890221	 90.882235	 90.874547	 90.867152	 90.860048	 90.853232	 90.846702	 90.840453	 90.834485	 90.828795	 90.823379	 90.818237	 90.813365	 90.808762	 90.804425	 90.800353	 90.796545	 90.792998	  90.78971	 90.786681	 90.783909	 90.781393	 90.779132	 90.777125	  90.77537	 90.773868	 90.772617	 90.771617	 90.770867	 90.770367	 90.770118	
        99	 98.909616	 98.819246	 98.728902	   98.6386	 98.548352	 98.458171	 98.368072	 98.278068	 98.188172	 98.098398	 98.008758	 97.919266	 97.829936	 97.740781	 97.651812	 97.563045	  97.47449	 97.386162	 97.298072	 97.210234	 97.122659	 97.035361	 96.948351	 96.861641	 96.775244	 96.689171	 96.603434	 96.518044	 96.433013	 96.348352	 96.264072	 96.180184	 96.096699	 96.013627	 95.930979	 95.848765	 95.766995	 95.685678	 95.604825	 95.524445	 95.444547	 95.365141	 95.286234	 95.207836	 95.129956	 95.052601	 94.975779	 94.899499	 94.823767	 94.748592	  94.67398	 94.599939	 94.526475	 94.453594	 94.381303	 94.309609	 94.238515	  94.16803	 94.098157	 94.028901	 93.960269	 93.892264	 93.824891	 93.758154	 93.692057	 93.626603	 93.561798	 93.497643	 93.434142	 93.371297	 93.309112	 93.247589	  93.18673	 93.126537	 93.067011	 93.008155	 92.949969	 92.892455	 92.835614	 92.779447	 92.723953	 92.669133	 92.614988	 92.561517	  92.50872	 92.456597	 92.405147	 92.354368	 92.304261	 92.254823	 92.206054	 92.157951	 92.110514	  92.06374	 92.017627	 91.972173	 91.927376	 91.883233	 91.839741	 91.796898	   91.7547	 91.713145	  91.67223	  91.63195	 91.592303	 91.553285	 91.514892	 91.477121	 91.439967	 91.403426	 91.367495	 91.332169	 91.297443	 91.263314	 91.229777	 91.196827	 91.164459	 91.132669	 91.101453	 91.070805	  91.04072	 91.011193	  90.98222	 90.953795	 90.925913	 90.898569	 90.871758	 90.845475	 90.819714	  90.79447	 90.769738	 90.745512	 90.721788	 90.698559	 90.675821	 90.653568	 90.631796	 90.610497	 90.589669	 90.569304	 90.549397	 90.529945	  90.51094	 90.492379	 90.474256	 90.456565	 90.439302	 90.422462	 90.406039	 90.390029	 90.374426	 90.359226	 90.344425	 90.330016	 90.315996	  90.30236	 90.289104	 90.276222	 90.263711	 90.251565	 90.239782	 90.228356	 90.217284	 90.206561	 90.196184	 90.186148	  90.17645	 90.167086	 90.158052	 90.149346	 90.140963	 90.132901	 90.125156	 90.117725	 90.110604	 90.103792	 90.097285	 90.091081	 90.085176	  90.07957	 90.074258	 90.069239	 90.064511	 90.060072	 90.055919	 90.052052	 90.048468	 90.045165	 90.042143	   90.0394	 90.036935	 90.034746	 90.032833	 90.031195	 90.029831	 90.028741	 90.027923	 90.027379	 90.027106	
        99	 98.902145	 98.804305	 98.706494	 98.608728	  98.51102	 98.413385	 98.315839	 98.218395	 98.121069	 98.023874	 97.926825	 97.829936	 97.733222	 97.636697	 97.540375	  97.44427	 97.348396	 97.252767	 97.157396	 97.062297	 96.967484	  96.87297	 96.778768	 96.684891	 96.591352	 96.498165	 96.405341	 96.312893	 96.220834	 96.129175	 96.037929	 95.947107	 95.856721	 95.766783	 95.677303	 95.588294	 95.499764	 95.411727	 95.324191	 95.237167	 95.150665	 95.064694	 94.979266	 94.894388	  94.81007	 94.726321	 94.643149	 94.560564	 94.478573	 94.397184	 94.316405	 94.236243	 94.156707	 94.077802	 93.999536	 93.921915	 93.844946	 93.768634	 93.692985	 93.618006	   93.5437	 93.470074	 93.397132	 93.324879	 93.253318	 93.182455	 93.112293	 93.042835	 92.974085	 92.906046	 92.838721	 92.772112	 92.706223	 92.641054	 92.576608	 92.512887	 92.449892	 92.387624	 92.326085	 92.265275	 92.205194	 92.145843	 92.087223	 92.029332	 91.972171	 91.915739	 91.860036	 91.805061	 91.750811	 91.697287	 91.644487	 91.592409	  91.54105	  91.49041	 91.440486	 91.391275	 91.342775	 91.294983	 91.247896	 91.201511	 91.155826	 91.110836	 91.066539	  91.02293	 90.980006	 90.937762	 90.896196	 90.855302	 90.815077	 90.775516	 90.736615	 90.698369	 90.660773	 90.623823	 90.587514	  90.55184	 90.516797	  90.48238	 90.448583	 90.415402	  90.38283	 90.350863	 90.319495	  90.28872	 90.258534	  90.22893	 90.199903	 90.171447	 90.143556	 90.116226	 90.089449	 90.063221	 90.037536	 90.012387	  89.98777	 89.963678	 89.940105	 89.917047	 89.894496	 89.872448	 89.850897	 89.829836	 89.809261	 89.789165	 89.769544	 89.750391	 89.731701	 89.713469	 89.695688	 89.678355	 89.661462	 89.645006	 89.628981	 89.613382	 89.598203	  89.58344	 89.569088	 89.555141	 89.541596	 89.528447	 89.515689	 89.503319	 89.491331	 89.479722	 89.468487	 89.457622	 89.447122	 89.436984	 89.427204	 89.417778	 89.408703	 89.399974	 89.391588	 89.383543	 89.375834	 89.368459	 89.361414	 89.354697	 89.348304	 89.342234	 89.336483	  89.33105	 89.325931	 89.321125	 89.316629	 89.312442	 89.308561	 89.304986	 89.301714	 89.298744	 89.296075	 89.293706	 89.291635	 89.289861	 89.288384	 89.287204	 89.286319	 89.285729	 89.285434	
        99	 98.894689	 98.789394	  98.68413	 98.578914	 98.473761	 98.368687	 98.263708	 98.158839	 98.054097	 97.949496	 97.845052	 97.740781	 97.636697	 97.532817	 97.429156	 97.325728	 97.222549	 97.119633	 97.016995	  96.91465	 96.812612	 96.710896	 96.609516	 96.508486	  96.40782	 96.307532	 96.207635	 96.108143	 96.009069	 95.910426	 95.812227	 95.714485	 95.617212	  95.52042	 95.424123	 95.328331	 95.233056	  95.13831	 95.044104	 94.950449	 94.857356	 94.764835	 94.672897	 94.581551	 94.490808	 94.400678	 94.311169	 94.222291	 94.134052	 94.046462	 93.959528	 93.873258	 93.787661	 93.702744	 93.618514	 93.534979	 93.452145	 93.370018	 93.288605	 93.207912	 93.127945	 93.048709	 92.970209	  92.89245	 92.815437	 92.739174	 92.663665	 92.588915	 92.514927	 92.441703	 92.369248	 92.297564	 92.226654	  92.15652	 92.087163	 92.018587	 91.950792	 91.883779	 91.817551	 91.752107	 91.687448	 91.623575	 91.560488	 91.498186	  91.43667	 91.375938	  91.31599	 91.256826	 91.198443	  91.14084	 91.084017	  91.02797	 90.972698	   90.9182	 90.864471	  90.81151	 90.759315	 90.707881	 90.657207	 90.607288	 90.558121	 90.509703	  90.46203	 90.415099	 90.368904	 90.323442	 90.278708	 90.234699	 90.191408	 90.148833	 90.106968	 90.065807	 90.025347	 89.985581	 89.946505	 89.908113	   89.8704	  89.83336	 89.796988	 89.761279	 89.726225	 89.691822	 89.658064	 89.624944	 89.592458	 89.560598	 89.529359	 89.498735	 89.468719	 89.439306	 89.410489	 89.382263	  89.35462	 89.327556	 89.301062	 89.275135	 89.249766	  89.22495	 89.200682	 89.176953	  89.15376	 89.131094	 89.108951	 89.087325	 89.066208	 89.045596	 89.025482	  89.00586	 88.986725	 88.968071	 88.949891	 88.932181	 88.914935	 88.898147	 88.881812	 88.865924	 88.850478	 88.835469	 88.820891	  88.80674	  88.79301	 88.779698	 88.766797	 88.754303	 88.742211	 88.730518	 88.719219	 88.708308	 88.697783	 88.687639	 88.677872	 88.668478	 88.659453	 88.650795	 88.642499	 88.634561	  88.62698	 88.619751	 88.612871	 88.606338	  88.60015	 88.594302	 88.588793	 88.583621	 88.578782	 88.574276	   88.5701	 88.566252	 88.562731	 88.559535	 88.556662	 88.554112	 88.551883	 88.549975	 88.548386	 88.547115	 88.546163	 88.545528	 88.545211	
        99	 98.887248	 98.774514	 98.661813	 98.549163	  98.43658	 98.324083	 98.211686	 98.099408	 97.987265	 97.875274	 97.763451	 97.651812	 97.540375	 97.429156	  97.31817	 97.207435	 97.096965	 96.986778	 96.876889	 96.767312	 96.658065	 96.549163	  96.44062	 96.332452	 96.224674	   96.1173	 96.010345	 95.903823	 95.797749	 95.692137	    95.587	 95.482352	 95.378206	 95.274576	 95.171475	 95.068915	 94.966908	 94.865468	 94.764606	 94.664334	 94.564664	 94.465606	 94.367172	 94.269373	 94.172219	  94.07572	 93.979887	 93.884729	 93.790256	 93.696477	 93.603401	 93.511036	 93.419391	 93.328475	 93.238294	 93.148856	 93.060169	  92.97224	 92.885075	 92.798681	 92.713064	 92.628229	 92.544183	  92.46093	 92.378476	 92.296825	 92.215981	  92.13595	 92.056734	 91.978337	 91.900763	 91.824014	 91.748094	 91.673004	 91.598747	 91.525326	 91.452741	 91.380994	 91.310086	 91.240018	 91.170791	 91.102405	  91.03486	 90.968157	 90.902294	 90.837272	 90.773088	 90.709744	 90.647236	 90.585564	 90.524725	 90.464719	 90.405542	 90.347192	 90.289668	 90.232965	 90.177082	 90.122014	 90.067759	 90.014314	 89.961673	 89.909835	 89.858793	 89.808546	 89.759087	 89.710413	 89.662519	   89.6154	 89.569051	 89.523468	 89.478644	 89.434576	 89.391257	 89.348681	 89.306844	  89.26574	 89.225362	 89.185706	 89.146764	 89.108531	 89.071001	 89.034167	 88.998024	 88.962564	 88.927782	 88.893672	 88.860225	 88.827438	 88.795301	  88.76381	 88.732957	 88.702737	 88.673141	 88.644164	 88.615799	 88.588039	 88.560878	 88.534309	 88.508326	 88.482921	 88.458089	 88.433822	 88.410115	  88.38696	 88.364351	 88.342283	 88.320747	 88.299739	 88.279252	  88.25928	 88.239816	 88.220855	  88.20239	 88.184416	 88.166927	 88.149916	 88.133379	 88.117309	 88.101702	 88.086551	 88.071851	 88.057598	 88.043785	 88.030409	 88.017463	 88.004944	 87.992846	 87.981165	 87.969896	 87.959035	 87.948578	  87.93852	 87.928858	 87.919588	 87.910705	 87.902207	  87.89409	  87.88635	 87.878985	  87.87199	 87.865364	 87.859103	 87.853205	 87.847667	 87.842487	 87.837663	 87.833191	 87.829072	 87.825302	  87.82188	 87.818804	 87.816074	 87.813688	 87.811644	 87.809943	 87.808583	 87.807563	 87.806883	 87.806544	
        99	 98.879824	 98.759667	 98.639546	 98.519478	 98.399483	 98.279579	 98.159782	 98.040111	 97.920584	 97.801219	 97.682034	 97.563045	  97.44427	 97.325728	 97.207435	 97.089408	 96.971665	 96.854223	 96.737098	 96.620307	 96.503867	 96.387794	 96.272105	 96.156814	  96.04194	 95.927496	 95.813499	 95.699964	 95.586905	 95.474339	  95.36228	 95.250742	 95.139739	 95.029286	 94.919396	 94.810083	  94.70136	 94.593241	 94.485738	 94.378864	 94.272631	 94.167051	 94.062136	 93.957897	 93.854346	 93.751494	 93.649351	 93.547928	 93.447235	 93.347281	 93.248076	  93.14963	 93.051951	 92.955048	  92.85893	 92.763603	 92.669077	 92.575359	 92.482455	 92.390372	 92.299118	 92.208697	 92.119117	 92.030383	   91.9425	 91.855472	 91.769306	 91.684005	 91.599573	 91.516015	 91.433333	 91.351531	 91.270611	 91.190578	 91.111432	 91.033176	 90.955812	 90.879341	 90.803764	 90.729083	 90.655298	 90.582409	 90.510417	 90.439322	 90.369123	 90.299819	  90.23141	 90.163894	 90.097271	 90.031538	 89.966694	 89.902736	 89.839663	 89.777472	  89.71616	 89.655724	 89.596161	 89.537467	  89.47964	 89.422675	 89.366569	 89.311317	 89.256915	 89.203359	 89.150644	 89.098765	 89.047718	 88.997496	 88.948096	 88.899511	 88.851736	 88.804766	 88.758595	 88.713216	 88.668625	 88.624814	 88.581778	  88.53951	 88.498004	 88.457254	 88.417253	 88.377994	 88.339471	 88.301676	 88.264604	 88.228248	 88.192599	 88.157653	 88.123401	 88.089836	 88.056952	 88.024741	 87.993197	 87.962312	 87.932079	 87.902492	 87.873543	 87.845224	  87.81753	 87.790453	 87.763985	 87.738121	 87.712852	 87.688173	 87.664076	 87.640554	 87.617601	  87.59521	 87.573374	 87.552086	 87.531341	 87.511131	 87.491451	 87.472293	 87.453652	 87.435522	 87.417896	 87.400768	 87.384133	 87.367984	 87.352317	 87.337125	 87.322403	 87.308146	 87.294348	 87.281004	  87.26811	 87.255659	 87.243648	 87.232072	 87.220927	 87.210207	 87.199909	 87.190028	 87.180561	 87.171503	 87.162852	 87.154602	 87.146752	 87.139297	 87.132234	 87.125561	 87.119275	 87.113372	 87.107851	 87.102709	 87.097943	 87.093552	 87.089534	 87.085887	 87.082609	 87.079699	 87.077155	 87.074977	 87.073164	 87.071714	 87.070627	 87.069903	 87.069541	
        99	 98.872418	 98.744856	 98.617332	 98.489866	 98.362476	 98.235182	 98.108002	 97.980957	 97.854064	 97.727343	 97.600812	  97.47449	 97.348396	 97.222549	 97.096965	 96.971665	 96.846666	 96.721986	 96.597643	 96.473655	 96.350039	 96.226813	 96.103994	 95.981599	 95.859645	 95.738148	 95.617126	 95.496594	 95.376568	 95.257065	   95.1381	 95.019688	 94.901845	 94.784585	 94.667923	 94.551873	 94.436451	 94.321668	  94.20754	  94.09408	   93.9813	 93.869213	 93.757833	  93.64717	 93.537238	 93.428047	  93.31961	 93.211936	 93.105037	 92.998924	 92.893606	 92.789093	 92.685394	 92.582519	 92.480477	 92.379277	 92.278925	 92.179431	 92.080802	 91.983044	 91.886166	 91.790173	 91.695073	  91.60087	 91.507571	 91.415181	 91.323704	 91.233146	 91.143511	 91.054803	 90.967026	 90.880183	 90.794277	 90.709311	 90.625288	 90.542209	 90.460077	 90.378893	 90.298659	 90.219376	 90.141044	 90.063663	 89.987235	 89.911758	 89.837232	 89.763658	 89.691033	 89.619356	 89.548627	 89.478843	 89.410003	 89.342104	 89.275144	  89.20912	  89.14403	 89.079869	 89.016635	 88.954325	 88.892934	 88.832459	 88.772895	 88.714238	 88.656484	 88.599627	 88.543663	 88.488587	 88.434394	 88.381077	 88.328633	 88.277054	 88.226335	  88.17647	 88.127453	 88.079278	 88.031939	 87.985428	  87.93974	 87.894867	 87.850804	 87.807542	 87.765076	 87.723397	   87.6825	 87.642377	  87.60302	 87.564423	 87.526578	 87.489477	 87.453114	 87.417481	 87.382571	 87.348375	 87.314887	 87.282099	 87.250003	 87.218592	 87.187859	 87.157795	 87.128394	 87.099648	  87.07155	 87.044091	 87.017266	 86.991065	 86.965483	 86.940512	 86.916144	 86.892373	 86.869191	 86.846592	 86.824568	 86.803113	  86.78222	 86.761882	 86.742092	 86.722844	 86.704132	 86.685949	 86.668288	 86.651145	 86.634512	 86.618384	 86.602754	 86.587619	  86.57297	 86.558804	 86.545115	 86.531897	 86.519146	 86.506857	 86.495024	 86.483644	 86.472711	 86.462222	 86.452171	 86.442555	  86.43337	 86.424612	 86.416278	 86.408364	 86.400866	 86.393782	 86.387108	 86.380842	  86.37498	 86.369521	 86.364462	   86.3598	 86.355534	 86.351662	 86.348183	 86.345093	 86.342393	 86.340081	 86.338155	 86.336616	 86.335462	 86.334694	 86.334309	
