Time step 71:
        99	        99	        99	        99	        99	        99	        99	        99	        99	        99	        99	        99	        99	        99	        99	        99	        99	        99	        99	        99	        99	        99	        99	        99	        99	        99	        99	        99	        99	        99	        99	        99	        99	        99	        99	        99	        99	        99	        99	        99	        99	        99	        99	        99	        99	        99	        99	        99	        99	        99	        99	        99	        99	        99	        99	        99	        99	        99	        99	        99	        99	        99	        99	        99	        99	        99	        99	        99	        99	        99	        99	        99	        99	        99	        99	        99	        99	        99	        99	        99	        99	        99	        99	        99	        99	        99	        99	        99	        99	        99	        99	        99	        99	        99	        99	        99	        99	        99	        99	        99	        99	        99	        99	        99	        99	        99	        99	        99	        99	        99	        99	        99	        99	        99	        99	        99	        99	        99	        99	        99	        99	        99	        99	        99	        99	        99	        99	        99	        99	        99	        99	        99	        99	        99	        99	        99	        99	        99	        99	        99	        99	        99	        99	        99	        99	        99	        99	        99	        99	        99	        99	        99	        99	        99	        99	        99	        99	        99	        99	        99	        99	        99	        99	        99	        99	        99	        99	        99	        99	        99	        99	        99	        99	        99	        99	        99	        99	        99	        99	        99	        99	        99	        99	        99	        99	        99	        99	        99	        99	        99	        99	        99	        99	        99	        99	        99	        99	        99	        99	        99	
        99	 98.991057	 98.982115	 98.973177	 98.964243	 98.955316	 98.946397	 98.937487	 98.928588	 98.919702	  98.91083	 98.901974	 98.893135	 98.884315	 98.875515	 98.866738	 98.857983	 98.849254	 98.840551	 98.831875	 98.823229	 98.814614	 98.806031	 98.797481	 98.788966	 98.780488	 98.772047	 98.763645	 98.755283	 98.746963	 98.738686	 98.730452	 98.722264	 98.714123	 98.706029	 98.697983	 98.689988	 98.682044	 98.674152	 98.666313	 98.658528	 98.650799	 98.643125	 98.635509	 98.627951	 98.620451	 98.613012	 98.605633	 98.598315	  98.59106	 98.583867	 98.576739	 98.569674	 98.562675	 98.555742	 98.548874	 98.542074	 98.535341	 98.528676	 98.522079	 98.515551	 98.509093	 98.502704	 98.496385	 98.490137	 98.483959	 98.477853	 98.471817	 98.465854	 98.459962	 98.454142	 98.448394	 98.442718	 98.437114	 98.431583	 98.426124	 98.420737	 98.415423	 98.410181	 98.405011	 98.399914	 98.394889	 98.389935	 98.385054	 98.380244	 98.375505	 98.370838	 98.366241	 98.361716	  98.35726	 98.352875	 98.348559	 98.344313	 98.340136	 98.336028	 98.331988	 98.328015	  98.32411	 98.320272	 98.316501	 98.312796	 98.309156	 98.305581	 98.302071	 98.298624	 98.295241	 98.291921	 98.288664	 98.285468	 98.282333	 98.279258	 98.276244	 98.273289	 98.270392	 98.267554	 98.264773	 98.262049	 98.259381	 98.256768	  98.25421	 98.251707	 98.249257	 98.246859	 98.244514	  98.24222	 98.239977	 98.237784	 98.235641	 98.233546	   98.2315	   98.2295	 98.227548	 98.225641	  98.22378	 98.221963	 98.220191	 98.218461	 98.216775	  98.21513	 98.213527	 98.211964	 98.210442	 98.208959	 98.207514	 98.206108	 98.204739	 98.203407	 98.202111	 98.200851	 98.199626	 98.198436	 98.197279	 98.196156	 98.195065	 98.194006	 98.192979	 98.191984	 98.191018	 98.190083	 98.189177	   98.1883	 98.187452	 98.186631	 98.185839	 98.185073	 98.184334	 98.183621	 98.182934	 98.182272	 98.181635	 98.181022	 98.180434	 98.179869	 98.179328	  98.17881	 98.178315	 98.177842	 98.177391	 98.176962	 98.176554	 98.176168	 98.175802	 98.175458	 98.175133	 98.174829	 98.174545	 98.174281	 98.174037	 98.173812	 98.173606	 98.173419	 98.173252	 98.173103	 98.172973	 98.172862	  98.17277	 98.172696	 98.172641	 98.172604	 98.172585	
        99	 98.982115	 98.964234	 98.946358	 98.928493	  98.91064	 98.892803	 98.874984	 98.857189	 98.839418	 98.821676	 98.803965	 98.786289	 98.768651	 98.751053	 98.733499	 98.715992	 98.698534	  98.68113	 98.663781	  98.64649	 98.629261	 98.612096	 98.594998	  98.57797	 98.561015	 98.544134	 98.527332	  98.51061	 98.493971	 98.477418	 98.460952	 98.444578	 98.428296	 98.412109	 98.396021	 98.380031	 98.364144	 98.348362	 98.332685	 98.317117	 98.301659	 98.286314	 98.271082	 98.255967	  98.24097	 98.226092	 98.211335	 98.196702	 98.182192	 98.167809	 98.153553	 98.139426	 98.125428	 98.111562	 98.097829	 98.084229	 98.070764	 98.057435	 98.044243	 98.031189	 98.018273	 98.005496	  97.99286	 97.980364	  97.96801	 97.955798	 97.943729	 97.931803	  97.92002	  97.90838	 97.896885	 97.885534	 97.874328	 97.863266	 97.852349	 97.841577	  97.83095	 97.820467	 97.810129	 97.799935	 97.789885	 97.779979	 97.770217	 97.760598	 97.751121	 97.741787	 97.732595	 97.723545	 97.714635	 97.705865	 97.697234	 97.688743	  97.68039	 97.672173	 97.664094	  97.65615	 97.648341	 97.640666	 97.633124	 97.625713	 97.618434	 97.611285	 97.604265	 97.597373	 97.590608	 97.583969	 97.577454	 97.571062	 97.564793	 97.558645	 97.552616	 97.546707	 97.540914	 97.535238	 97.529677	 97.524229	 97.518893	 97.513668	 97.508553	 97.503546	 97.498647	 97.493852	 97.489162	 97.484575	  97.48009	 97.475704	 97.471418	 97.467229	 97.463136	 97.459138	 97.455233	  97.45142	 97.447698	 97.444065	  97.44052	 97.437062	 97.433689	   97.4304	 97.427194	 97.424069	 97.421024	 97.418058	 97.415169	 97.412357	  97.40962	 97.406956	 97.404365	 97.401845	 97.399395	 97.397014	 97.394701	 97.392454	 97.390273	 97.388156	 97.386102	 97.384111	  97.38218	  97.38031	 97.378498	 97.376745	 97.375048	 97.373407	 97.371822	 97.370291	 97.368812	 97.367387	 97.366012	 97.364689	 97.363415	  97.36219	 97.361014	 97.359885	 97.358802	 97.357766	 97.356776	  97.35583	 97.354928	  97.35407	 97.353255	 97.352482	 97.351751	 97.351062	 97.350414	 97.349806	 97.349238	 97.348709	  97.34822	  97.34777	 97.347359	 97.346986	 97.346651	 97.346354	 97.346094	 97.345872	 97.345687	 97.345539	 97.345429	 97.345355	 97.345318	
        99	 98.973177	 98.946358	  98.91955	 98.892755	 98.865979	 98.839228	 98.812504	 98.785815	 98.759163	 98.732553	 98.705991	 98.679481	 98.653027	 98.626635	 98.600308	 98.574051	 98.547869	 98.521765	 98.495746	 98.469814	 98.443974	  98.41823	 98.392587	 98.367049	 98.341619	 98.316303	 98.291103	 98.266023	 98.241069	 98.216243	 98.191548	  98.16699	 98.142571	 98.118295	 98.094165	 98.070185	 98.046358	 98.022687	 97.999176	 97.975827	 97.952644	 97.929629	 97.906786	 97.884116	 97.861624	  97.83931	 97.817178	 97.795231	  97.77347	 97.751898	 97.730517	  97.70933	 97.688337	 97.667541	 97.646944	 97.626547	 97.606353	 97.586362	 97.566577	 97.546998	 97.527627	 97.508465	 97.489514	 97.470773	 97.452245	  97.43393	 97.415828	 97.397941	 97.380269	 97.362813	 97.345573	 97.328549	 97.311742	 97.295152	 97.278779	 97.262623	 97.246684	 97.230963	 97.215457	 97.200169	 97.185096	  97.17024	 97.155598	 97.141172	  97.12696	 97.112961	 97.099175	 97.085601	 97.072238	 97.059085	 97.046141	 97.033406	 97.020878	 97.008555	 96.996438	 96.984524	 96.972812	 96.961301	 96.949989	 96.938876	 96.927959	 96.917237	 96.906708	 96.896372	 96.886225	 96.876267	 96.866497	 96.856911	 96.847508	 96.838287	 96.829246	 96.820383	 96.811696	 96.803183	 96.794842	 96.786671	 96.778669	 96.770833	 96.763161	 96.755652	 96.748304	 96.741113	 96.734079	   96.7272	 96.720472	 96.713895	 96.707466	 96.701184	 96.695045	 96.689049	 96.683192	 96.677474	 96.671892	 96.666443	 96.661127	  96.65594	 96.650882	 96.645949	  96.64114	 96.636454	 96.631887	 96.627439	 96.623106	 96.618888	 96.614783	 96.610788	 96.606902	 96.603122	 96.599448	 96.595877	 96.592408	 96.589039	 96.585767	 96.582592	 96.579512	 96.576525	  96.57363	 96.570825	 96.568108	 96.565478	 96.562933	 96.560473	 96.558095	 96.555798	 96.553581	 96.551443	 96.549382	 96.547396	 96.545486	 96.543649	 96.541885	 96.540191	 96.538568	 96.537015	 96.535529	  96.53411	 96.532758	 96.531471	 96.530248	  96.52909	 96.527993	  96.52696	 96.525987	 96.525075	 96.524223	 96.523431	 96.522698	 96.522023	 96.521406	 96.520846	 96.520344	 96.519898	 96.519509	 96.519175	 96.518898	 96.518677	 96.518511	   96.5184	 96.518345	
        99	 98.964243	 98.928493	 98.892755	 98.857036	 98.821343	 98.785681	 98.750058	 98.714479	  98.67895	 98.643478	 98.608069	  98.57273	 98.537466	 98.502283	 98.467187	 98.432186	 98.397283	 98.362486	   98.3278	 98.293232	 98.258786	 98.224468	 98.190284	  98.15624	 98.122341	 98.088593	    98.055	 98.021568	 97.988302	 97.955207	 97.922288	  97.88955	 97.856998	 97.824637	  97.79247	 97.760504	 97.728741	 97.697187	 97.665845	  97.63472	 97.603815	 97.573135	 97.542683	 97.512464	  97.48248	 97.452734	 97.423232	 97.393975	 97.364966	  97.33621	 97.307708	 97.279463	 97.251478	 97.223756	 97.196299	  97.16911	  97.14219	 97.115541	 97.089166	 97.063066	 97.037244	   97.0117	 96.986436	 96.961454	 96.936755	 96.912339	 96.888209	 96.864365	 96.840807	 96.817537	 96.794555	 96.771861	 96.749457	 96.727341	 96.705515	 96.683978	 96.662731	 96.641773	 96.621103	 96.600723	  96.58063	 96.560826	 96.541308	 96.522077	 96.503131	 96.484469	 96.466092	 96.447997	 96.430183	  96.41265	 96.395395	 96.378418	 96.361717	 96.345291	 96.329138	 96.313255	 96.297643	 96.282298	 96.267219	 96.252404	 96.237851	 96.223558	 96.209523	 96.195744	 96.182218	 96.168944	 96.155919	  96.14314	 96.130606	 96.118314	 96.106262	 96.094447	 96.082866	 96.071518	 96.060399	 96.049507	 96.038839	 96.028394	 96.018167	 96.008157	 95.998361	 95.988776	 95.979399	 95.970228	  95.96126	 95.952493	 95.943922	 95.935547	 95.927364	 95.919371	 95.911564	 95.903941	 95.896499	 95.889236	 95.882149	 95.875235	 95.868492	 95.861916	 95.855506	 95.849259	 95.843171	 95.837241	 95.831466	 95.825843	  95.82037	 95.815045	 95.809864	 95.804826	 95.799928	 95.795168	 95.790543	 95.786052	 95.781691	 95.777458	 95.773352	 95.769371	 95.765511	 95.761771	 95.758149	 95.754644	 95.751252	 95.747972	 95.744802	  95.74174	 95.738785	 95.735934	 95.733187	  95.73054	 95.727993	 95.725545	 95.723193	 95.720936	 95.718772	 95.716701	  95.71472	 95.712829	 95.711026	 95.709311	 95.707681	 95.706136	 95.704675	 95.703297	    95.702	 95.700785	 95.699649	 95.698593	 95.697615	 95.696715	 95.695893	 95.695147	 95.694477	 95.693883	 95.693364	  95.69292	  95.69255	 95.692255	 95.692034	 95.691886	 95.691813	
        99	 98.955316	  98.91064	 98.865979	 98.821343	 98.776738	 98.732173	 98.687656	 98.643193	 98.598794	 98.554466	 98.510217	 98.466055	 98.421986	 98.378019	 98.334162	 98.290421	 98.246805	  98.20332	 98.159975	 98.116775	 98.073729	 98.030843	 97.988125	 97.945582	 97.903219	 97.861045	 97.819064	 97.777286	 97.735714	 97.694357	 97.653219	 97.612308	 97.571629	 97.531188	 97.490991	 97.451043	  97.41135	 97.371917	 97.332751	 97.293854	 97.255234	 97.216894	  97.17884	 97.141075	 97.103605	 97.066434	 97.029565	 96.993004	 96.956753	 96.920817	 96.885199	 96.849902	 96.814931	 96.780287	 96.745975	 96.711997	 96.678356	 96.645054	 96.612094	 96.579478	 96.547209	 96.515287	 96.483716	 96.452497	 96.421631	  96.39112	 96.360965	 96.331167	 96.301728	 96.272648	 96.243929	 96.215569	 96.187571	 96.159934	 96.132658	 96.105745	 96.079192	 96.053002	 96.027172	 96.001703	 95.976594	 95.951845	 95.927454	 95.903422	 95.879746	 95.856425	 95.833459	 95.810847	 95.788585	 95.766675	 95.745112	 95.723897	 95.703026	 95.682499	 95.662312	 95.642465	 95.622954	 95.603778	 95.584935	 95.566421	 95.548235	 95.530373	 95.512834	 95.495614	 95.478712	 95.462123	 95.445846	 95.429877	 95.414214	 95.398853	 95.383792	 95.369027	 95.354555	 95.340373	 95.326478	 95.312867	 95.299536	 95.286482	 95.273702	 95.261193	 95.248951	 95.236973	 95.225255	 95.213795	 95.202588	 95.191631	 95.180922	 95.170455	 95.160229	  95.15024	 95.140484	 95.130958	 95.121658	 95.112582	 95.103725	 95.095085	 95.086658	 95.078441	 95.070431	 95.062623	 95.055016	 95.047605	 95.040388	 95.033362	 95.026522	 95.019867	 95.013393	 95.007098	 95.000977	 94.995028	 94.989249	 94.983635	 94.978186	 94.972897	 94.967766	  94.96279	 94.957967	 94.953293	 94.948767	 94.944386	 94.940147	 94.936048	 94.932087	 94.928261	 94.924568	 94.921006	 94.917572	 94.914265	 94.911082	 94.908022	 94.905083	 94.902262	 94.899558	  94.89697	 94.894495	 94.892132	 94.889879	 94.887735	 94.885698	 94.883768	 94.881942	 94.880219	 94.878599	  94.87708	 94.875661	 94.874341	  94.87312	 94.871995	 94.870967	 94.870035	 94.869198	 94.868456	 94.867807	 94.867252	  94.86679	 94.866421	 94.866145	  94.86596	 94.865868	
        99	 98.946397	 98.892803	 98.839228	 98.785681	 98.732173	 98.678712	 98.625309	 98.571972	  98.51871	 98.465534	 98.412452	 98.359474	 98.306609	 98.253866	 98.201254	 98.148783	  98.09646	 98.044296	 97.992298	 97.940475	 97.888837	 97.837391	 97.786146	  97.73511	 97.684292	 97.633699	 97.583339	 97.533221	 97.483351	 97.433738	 97.384389	 97.335312	 97.286513	    97.238	 97.189779	 97.141857	 97.094241	 97.046937	 96.999952	 96.953292	 96.906963	  96.86097	  96.81532	 96.770017	 96.725067	 96.680476	 96.636248	 96.592389	 96.548902	 96.505793	 96.463065	 96.420723	 96.378771	 96.337213	 96.296052	 96.255291	 96.214935	 96.174986	 96.135446	  96.09632	 96.057609	 96.019316	 95.981443	 95.943992	 95.906965	 95.870364	  95.83419	 95.798444	 95.763129	 95.728244	 95.693792	 95.659771	 95.626184	 95.593031	 95.560311	 95.528025	 95.496173	 95.464754	 95.433769	 95.403216	 95.373095	 95.343406	 95.314146	 95.285316	 95.256914	 95.228939	 95.201389	 95.174263	 95.147558	 95.121273	 95.095407	 95.069957	  95.04492	 95.020295	 94.996079	  94.97227	 94.948865	 94.925862	 94.903257	 94.881047	 94.859231	 94.837804	 94.816764	 94.796107	 94.775831	 94.755931	 94.736405	 94.717249	 94.698459	 94.680032	 94.661964	 94.644251	 94.626891	 94.609878	  94.59321	 94.576881	  94.56089	  94.54523	   94.5299	 94.514893	 94.500208	 94.485839	 94.471782	 94.458034	  94.44459	 94.431446	 94.418599	 94.406044	 94.393776	 94.381793	  94.37009	 94.358662	 94.347506	 94.336618	 94.325994	 94.315629	  94.30552	 94.295662	 94.286053	 94.276687	 94.267561	 94.258671	 94.250014	 94.241585	  94.23338	 94.225397	  94.21763	 94.210078	 94.202735	 94.195599	 94.188666	 94.181933	 94.175395	  94.16905	 94.162895	 94.156926	  94.15114	 94.145534	 94.140104	 94.134849	 94.129764	 94.124847	 94.120094	 94.115505	 94.111074	 94.106801	 94.102682	 94.098715	 94.094897	 94.091226	   94.0877	 94.084316	 94.081073	 94.077968	 94.074999	 94.072164	 94.069461	 94.066889	 94.064446	  94.06213	  94.05994	 94.057874	  94.05593	 94.054108	 94.052406	 94.050822	 94.049357	 94.048008	 94.046775	 94.045657	 94.044653	 94.043762	 94.042984	 94.042318	 94.041764	 94.041321	 94.040989	 94.040768	 94.040658	
        99	 98.937487	 98.874984	 98.812504	 98.750058	 98.687656	 98.625309	 98.563028	 98.500826	 98.438711	 98.376696	 98.314791	 98.253008	 98.191355	 98.129846	 98.068489	 98.007296	 97.946276	 97.885441	   97.8248	 97.764364	 97.704142	 97.644145	 97.584382	 97.524863	 97.465598	 97.406595	 97.347865	 97.289416	 97.231257	 97.173398	 97.115847	 97.058611	 97.001701	 96.945124	 96.888888	 96.833001	  96.77747	 96.722304	 96.667509	 96.613093	 96.559063	 96.505426	 96.452187	 96.399354	 96.346934	 96.294931	 96.243351	 96.192201	 96.141486	 96.091211	 96.041382	 95.992002	 95.943077	  95.89461	 95.846608	 95.799072	 95.752008	 95.705418	 95.659307	 95.613677	 95.568532	 95.523874	 95.479705	 95.436029	 95.392848	 95.350163	 95.307976	 95.266289	 95.225104	 95.184421	 95.144241	 95.104567	 95.065397	 95.026732	 94.988574	 94.950921	 94.913775	 94.877134	 94.840998	 94.805367	  94.77024	 94.735615	 94.701492	  94.66787	 94.634748	 94.602122	 94.569993	 94.538357	 94.507214	 94.476561	 94.446395	 94.416714	 94.387516	 94.358798	 94.330557	  94.30279	 94.275495	 94.248668	 94.222306	 94.196405	 94.170962	 94.145974	 94.121436	 94.097346	 94.073699	 94.050492	  94.02772	  94.00538	 93.983467	 93.961977	 93.940905	 93.920249	 93.900003	 93.880162	 93.860723	 93.841681	 93.823031	 93.804769	  93.78689	  93.76939	 93.752263	 93.735505	 93.719112	 93.703079	   93.6874	 93.672072	 93.657089	 93.642447	 93.628141	 93.614166	 93.600517	  93.58719	  93.57418	 93.561482	 93.549091	 93.537004	 93.525214	 93.513718	 93.502512	 93.491589	 93.480946	 93.470579	 93.460482	 93.450652	 93.441084	 93.431773	 93.422716	 93.413908	 93.405345	 93.397023	 93.388938	 93.381085	 93.373461	 93.366061	 93.358883	 93.351922	 93.345174	 93.338636	 93.332304	 93.326175	 93.320244	  93.31451	 93.308968	 93.303615	 93.298449	 93.293465	 93.288662	 93.284035	 93.279583	 93.275302	 93.271189	 93.267243	 93.263461	 93.259839	 93.256377	 93.253071	 93.249919	 93.246919	  93.24407	 93.241369	 93.238815	 93.236405	 93.234139	 93.232013	 93.230028	 93.228182	 93.226473	 93.224899	 93.223461	 93.222157	 93.220986	 93.219948	  93.21904	 93.218264	 93.217618	 93.217101	 93.216714	 93.216457	 93.216328	
        99	 98.928588	 98.857189	 98.785815	 98.714479	 98.643193	 98.571972	 98.500826	 98.429768	 98.358812	 98.287969	 98.217252	 98.146673	 98.076245	 98.005979	 97.935888	 97.865984	 97.796279	 97.726784	 97.657511	 97.588471	 97.519677	 97.451139	 97.382869	 97.314878	 97.247176	 97.179774	 97.112684	 97.045915	 96.979477	 96.913382	 96.847638	 96.782255	 96.717244	 96.652613	 96.588371	 96.524529	 96.461093	 96.398074	  96.33548	 96.273318	 96.211596	 96.150323	 96.089507	 96.029153	  95.96927	 95.909864	 95.850943	 95.792512	 95.734577	 95.677146	 95.620223	 95.563814	 95.507924	 95.452559	 95.397723	 95.343421	 95.289657	 95.236435	  95.18376	 95.131635	 95.080063	 95.029048	 94.978592	 94.928699	  94.87937	 94.830609	 94.782417	 94.734796	 94.687748	 94.641274	 94.595375	 94.550052	 94.505307	 94.461139	 94.417548	 94.374536	 94.332102	 94.290245	 94.248965	 94.208262	 94.168134	 94.128581	 94.089601	 94.051193	 94.013355	 93.976085	 93.939382	 93.903244	 93.867667	  93.83265	  93.79819	 93.764284	  93.73093	 93.698124	 93.665863	 93.634144	 93.602963	 93.572317	 93.542202	 93.512614	 93.483549	 93.455004	 93.426974	 93.399454	 93.372441	 93.345931	 93.319917	 93.294396	 93.269364	 93.244815	 93.220744	 93.197147	 93.174019	 93.151354	 93.129148	 93.107395	 93.086091	 93.065229	 93.044805	 93.024813	 93.005249	 92.986106	 92.967379	 92.949063	 92.931153	 92.913643	 92.896527	   92.8798	 92.863458	 92.847493	 92.831902	 92.816677	 92.801815	  92.78731	 92.773156	 92.759347	  92.74588	 92.732747	 92.719945	 92.707468	  92.69531	 92.683467	 92.671933	 92.660703	 92.649773	 92.639137	 92.628791	 92.618729	 92.608947	 92.599441	 92.590204	 92.581233	 92.572524	 92.564071	 92.555871	 92.547919	 92.540211	 92.532742	 92.525508	 92.518507	 92.511732	 92.505182	 92.498851	 92.492736	 92.486834	 92.481141	 92.475654	 92.470368	 92.465282	 92.460392	 92.455694	 92.451186	 92.446865	 92.442729	 92.438773	 92.434996	 92.431396	  92.42797	 92.424715	 92.421629	 92.418711	 92.415959	 92.413369	 92.410942	 92.408674	 92.406565	 92.404612	 92.402815	 92.401172	 92.399683	 92.398345	 92.397158	 92.396122	 92.395235	 92.394497	 92.393907	 92.393465	  92.39317	 92.393023	
        99	 98.919702	 98.839418	 98.759163	  98.67895	 98.598794	  98.51871	 98.438711	 98.358812	 98.279026	 98.199368	 98.119851	  98.04049	 97.961298	 97.882289	 97.803477	 97.724874	 97.646495	 97.568352	 97.490459	 97.412829	 97.335474	 97.258408	 97.181643	 97.105191	 97.029065	 96.953276	 96.877837	  96.80276	 96.728055	 96.653735	  96.57981	 96.506292	 96.433191	 96.360517	 96.288282	 96.216495	 96.145167	 96.074306	 96.003922	 95.934025	 95.864623	 95.795726	 95.727342	 95.659478	 95.592144	 95.525346	 95.459092	 95.393391	 95.328247	 95.263669	 95.199663	 95.136235	  95.07339	 95.011136	 94.949476	 94.888417	 94.827963	 94.768119	 94.708889	 94.650278	 94.592289	 94.534925	 94.478191	  94.42209	 94.366623	 94.311794	 94.257606	 94.204059	 94.151156	 94.098899	 94.047289	 93.996327	 93.946013	 93.896349	 93.847334	  93.79897	 93.751255	  93.70419	 93.657774	 93.612005	 93.566884	  93.52241	 93.478579	 93.435392	 93.392845	 93.350938	 93.309668	 93.269033	 93.229029	 93.189655	 93.150907	 93.112782	 93.075277	 93.038389	 93.002114	 92.966447	 92.931387	 92.896927	 92.863065	 92.829795	 92.797114	 92.765017	 92.733499	 92.702555	 92.672181	 92.642371	  92.61312	 92.584424	 92.556277	 92.528673	 92.501607	 92.475074	 92.449068	 92.423583	 92.398613	 92.374154	 92.350198	  92.32674	 92.303775	 92.281296	 92.259296	 92.237771	 92.216714	 92.196119	 92.175981	 92.156291	 92.137046	 92.118238	 92.099862	 92.081911	 92.064379	  92.04726	 92.030549	 92.014238	 91.998323	 91.982797	 91.967653	 91.952887	 91.938491	 91.924461	 91.910791	 91.897474	 91.884505	 91.871878	 91.859588	 91.847628	 91.835995	 91.824681	 91.813682	 91.802992	 91.792606	 91.782519	 91.772726	 91.763222	 91.754001	 91.745059	 91.736392	 91.727994	  91.71986	 91.711987	  91.70437	 91.697004	 91.689885	  91.68301	 91.676373	 91.669972	 91.663802	 91.657859	  91.65214	 91.646641	 91.641359	  91.63629	 91.631431	  91.62678	 91.622332	 91.618085	 91.614037	 91.610184	 91.606524	 91.603055	 91.599774	 91.596679	 91.593767	 91.591037	 91.588487	 91.586116	  91.58392	   91.5819	 91.580052	 91.578377	 91.576873	 91.575539	 91.574373	 91.573376	 91.572546	 91.571883	 91.571386	 91.571055	 91.570889	
        99	  98.91083	 98.821676	 98.732553	 98.643478	 98.554466	 98.465534	 98.376696	 98.287969	 98.199368	 98.110909	 98.022607	 97.934477	 97.846535	 97.758797	 97.671276	 97.583989	  97.49695	 97.410174	 97.323674	 97.237467	 97.151566	 97.065985	 96.980738	 96.895839	 96.811302	  96.72714	 96.643366	 96.559993	 96.477035	 96.394503	 96.312411	  96.23077	 96.149592	 96.068889	 95.988673	 95.908955	 95.829745	 95.751055	 95.672895	 95.595275	 95.518206	 95.441696	 95.365756	 95.290394	  95.21562	 95.141442	 95.067869	 94.994908	 94.922567	 94.850854	 94.779776	 94.709339	 94.639552	 94.570419	 94.501947	 94.434141	 94.367008	 94.300552	 94.234778	 94.169691	 94.105294	 94.041593	 93.978591	 93.916291	 93.854696	 93.793809	 93.733633	  93.67417	 93.615423	 93.557392	 93.500079	 93.443486	 93.387614	 93.332462	 93.278033	 93.224324	 93.171338	 93.119073	 93.067528	 93.016703	 92.966597	 92.917208	 92.868535	 92.820576	 92.773328	 92.726791	 92.680961	 92.635836	 92.591413	 92.547688	 92.504659	 92.462322	 92.420673	 92.379709	 92.339426	 92.299819	 92.260885	 92.222618	 92.185014	 92.148069	 92.111777	 92.076133	 92.041133	  92.00677	  91.97304	 91.939936	 91.907454	 91.875587	  91.84433	 91.813676	  91.78362	 91.754155	 91.725276	 91.696975	 91.669247	 91.642085	 91.615482	 91.589433	  91.56393	 91.538967	 91.514537	 91.490634	  91.46725	  91.44438	 91.422016	 91.400151	  91.37878	 91.357894	 91.337487	 91.317553	 91.298084	 91.279074	 91.260516	 91.242404	  91.22473	 91.207488	 91.190671	 91.174273	 91.158287	 91.142707	 91.127526	 91.112738	 91.098336	 91.084314	 91.070666	 91.057385	 91.044466	 91.031902	 91.019688	 91.007817	 90.996284	 90.985082	 90.974207	 90.963653	 90.953413	 90.943484	 90.933858	 90.924532	   90.9155	 90.906757	 90.898298	 90.890119	 90.882214	 90.874579	 90.867209	   90.8601	 90.853248	 90.846649	 90.840298	 90.834191	 90.828325	 90.822697	 90.817301	 90.812135	 90.807196	 90.802481	 90.797985	 90.793707	 90.789642	  90.78579	 90.782146	 90.778709	 90.775476	 90.772444	 90.769613	 90.766979	 90.764541	 90.762297	 90.760246	 90.758385	 90.756715	 90.755233	 90.753939	 90.752832	  90.75191	 90.751173	 90.750621	 90.750254	  90.75007	
        99	 98.901974	 98.803965	 98.705991	 98.608069	 98.510217	 98.412452	 98.314791	 98.217252	 98.119851	 98.022607	 97.925535	 97.828652	 97.731976	 97.635524	 97.539311	 97.443355	 97.347671	 97.252276	 97.157186	 97.062417	 96.967984	 96.873904	  96.78019	  96.68686	 96.593927	 96.501406	 96.409312	 96.317659	 96.226461	 96.135733	 96.045487	 95.955737	 95.866497	 95.777779	 95.689596	  95.60196	 95.514884	 95.428379	 95.342456	 95.257127	 95.172403	 95.088295	 95.004813	 94.921966	 94.839766	 94.758221	  94.67734	 94.597133	 94.517607	 94.438772	 94.360634	 94.283202	 94.206484	 94.130485	 94.055212	 93.980672	 93.906872	 93.833815	 93.761509	 93.689957	 93.619166	 93.549138	 93.479878	  93.41139	 93.343678	 93.276744	 93.210592	 93.145223	 93.080641	 93.016847	 92.953842	 92.891628	 92.830207	 92.769578	 92.709742	   92.6507	 92.592451	 92.534995	 92.478331	 92.422458	 92.367375	 92.313081	 92.259574	 92.206852	 92.154912	 92.103753	 92.053371	 92.003764	 91.954929	 91.906862	 91.859559	 91.813017	 91.767232	   91.7222	 91.677916	 91.634375	 91.591574	 91.549507	 91.508168	 91.467553	 91.427657	 91.388473	 91.349997	 91.312221	 91.275141	  91.23875	 91.203042	  91.16801	 91.133648	  91.09995	 91.066909	 91.034518	  91.00277	 90.971658	 90.941176	 90.911317	 90.882072	 90.853435	   90.8254	 90.797957	 90.771101	 90.744824	 90.719118	 90.693976	 90.669391	 90.645355	 90.621861	   90.5989	 90.576467	 90.554553	  90.53315	 90.512253	 90.491852	  90.47194	 90.452511	 90.433557	  90.41507	 90.397043	  90.37947	 90.362342	 90.345654	 90.329397	 90.313564	  90.29815	 90.283146	 90.268546	 90.254344	 90.240532	 90.227105	 90.214055	 90.201376	 90.189062	 90.177107	 90.165504	 90.154248	 90.143332	 90.132751	 90.122499	  90.11257	 90.102958	 90.093659	 90.084667	 90.075977	 90.067584	 90.059482	 90.051667	 90.044135	  90.03688	 90.029898	 90.023185	 90.016737	 90.010549	 90.004618	 89.998939	 89.993509	 89.988325	 89.983383	  89.97868	 89.974212	 89.969977	 89.965971	 89.962192	 89.958638	 89.955306	 89.952193	 89.949297	 89.946617	  89.94415	 89.941896	 89.939851	 89.938014	 89.936386	 89.934963	 89.933745	 89.932732	 89.931922	 89.931316	 89.930911	 89.930709	
        99	 98.893135	 98.786289	 98.679481	  98.57273	 98.466055	 98.359474	 98.253008	 98.146673	  98.04049	 97.934477	 97.828652	 97.723034	 97.617641	 97.512492	 97.407604	 97.302995	 97.198684	 97.094688	 96.991024	 96.887709	 96.784762	 96.682198	 96.580035	 96.478289	 96.376976	 96.276112	 96.175714	 96.075797	 95.976377	 95.877467	 95.779084	 95.681242	 95.583956	 95.487238	 95.391104	 95.295566	 95.200638	 95.106333	 95.012663	  94.91964	 94.827277	 94.735584	 94.644575	 94.554258	 94.464646	 94.375748	 94.287575	 94.200135	 94.113439	 94.027495	 93.942312	 93.857899	 93.774262	  93.69141	 93.609351	  93.52809	 93.447635	 93.367991	 93.289165	 93.211162	 93.133987	 93.057645	  92.98214	 92.907477	 92.833659	  92.76069	 92.688573	  92.61731	 92.546905	 92.477358	 92.408672	 92.340849	 92.273889	 92.207794	 92.142563	 92.078197	 92.014695	 91.952058	 91.890285	 91.829375	 91.769325	 91.710136	 91.651804	 91.594328	 91.537705	 91.481933	 91.427008	 91.372928	 91.319689	 91.267288	  91.21572	 91.164982	 91.115068	 91.065976	 91.017698	 90.970232	 90.923571	 90.877711	 90.832645	 90.788368	 90.744874	 90.702158	 90.660212	  90.61903	 90.578606	 90.538934	 90.500006	 90.461815	 90.424355	 90.387619	 90.351598	 90.316287	 90.281676	 90.247759	 90.214529	 90.181977	 90.150095	 90.118876	 90.088313	 90.058396	 90.029118	 90.000472	 89.972448	 89.945039	 89.918237	 89.892034	 89.866421	 89.841391	 89.816934	 89.793044	 89.769712	  89.74693	 89.724689	 89.702982	 89.681801	 89.661138	 89.640984	 89.621332	 89.602174	 89.583502	 89.565309	 89.547586	 89.530326	 89.513522	 89.497165	 89.481249	 89.465766	 89.450709	 89.436071	 89.421844	 89.408022	 89.394598	 89.381565	 89.368916	 89.356645	 89.344745	 89.333209	 89.322033	 89.311208	  89.30073	 89.290593	  89.28079	 89.271316	 89.262166	 89.253334	 89.244815	 89.236603	 89.228694	 89.221082	 89.213764	 89.206734	 89.199989	 89.193522	 89.187332	 89.181413	 89.175761	 89.170373	 89.165246	 89.160375	 89.155758	 89.151391	 89.147272	 89.143397	 89.139764	 89.136371	 89.133214	 89.130292	 89.127603	 89.125145	 89.122916	 89.120914	 89.119138	 89.117587	  89.11626	 89.115155	 89.114272	 89.113611	  89.11317	  89.11295	
        99	 98.884315	 98.768651	 98.653027	 98.537466	 98.421986	 98.306609	 98.191355	 98.076245	 97.961298	 97.846535	 97.731976	 97.617641	  97.50355	 97.389722	 97.276177	 97.162935	 97.050015	 96.937435	 96.825215	 96.713374	  96.60193	 96.490901	 96.380306	 96.270162	 96.160488	   96.0513	 95.942615	 95.834452	 95.726826	 95.619753	  95.51325	 95.407333	 95.302017	 95.197317	 95.093248	 94.989825	 94.887062	 94.784974	 94.683572	 94.582872	 94.482886	 94.383626	 94.285105	 94.187334	 94.090326	 93.994091	  93.89864	 93.803984	 93.710132	 93.617095	 93.524882	 93.433501	 93.342962	 93.253272	  93.16444	 93.076472	 92.989377	  92.90316	 92.817828	 92.733387	 92.649842	 92.567199	 92.485463	 92.404638	 92.324728	 92.245736	 92.167667	 92.090523	 92.014306	  91.93902	 91.864665	 91.791244	 91.718758	 91.647207	 91.576592	 91.506914	 91.438172	 91.370365	 91.303493	 91.237555	  91.17255	 91.108475	 91.045329	 90.983109	 90.921813	 90.861438	  90.80198	 90.743437	 90.685804	 90.629078	 90.573254	 90.518328	 90.464295	  90.41115	 90.358889	 90.307505	 90.256993	 90.207347	 90.158562	 90.110631	 90.063547	 90.017305	 89.971897	 89.927317	 89.883557	  89.84061	 89.798469	 89.757126	 89.716575	 89.676806	 89.637813	 89.599587	 89.562119	 89.525403	  89.48943	 89.454191	 89.419679	 89.385883	 89.352797	 89.320411	 89.288717	 89.257706	  89.22737	 89.197699	 89.168685	 89.140319	 89.112592	 89.085496	 89.059021	 89.033159	 89.007901	 88.983239	 88.959162	 88.935664	 88.912735	 88.890366	 88.868549	 88.847275	 88.826536	 88.806323	 88.786628	 88.767442	 88.748758	 88.730566	  88.71286	  88.69563	  88.67887	  88.66257	 88.646723	 88.631323	  88.61636	 88.601828	 88.587719	 88.574026	 88.560742	  88.54786	 88.535372	 88.523273	 88.511555	 88.500213	 88.489238	 88.478627	 88.468371	 88.458465	 88.448904	 88.439682	 88.430792	 88.422231	 88.413991	 88.406069	 88.398459	 88.391156	 88.384156	 88.377455	 88.371047	 88.364929	 88.359097	 88.353546	 88.348273	 88.343275	 88.338548	 88.334089	 88.329894	 88.325961	 88.322288	 88.318871	 88.315708	 88.312797	 88.310135	 88.307722	 88.305555	 88.303633	 88.301954	 88.300517	 88.299321	 88.298366	 88.297649	 88.297172	 88.296934	
        99	 98.875515	 98.751053	 98.626635	 98.502283	 98.378019	 98.253866	 98.129846	 98.005979	 97.882289	 97.758797	 97.635524	 97.512492	 97.389722	 97.267236	 97.145054	 97.023198	 96.901688	 96.780545	 96.659789	 96.539441	  96.41952	 96.300046	 96.181038	 96.062516	 95.944499	 95.827006	 95.710055	 95.593664	 95.477851	 95.362633	 95.248029	 95.134056	 95.020728	 94.908065	  94.79608	  94.68479	 94.574211	 94.464356	 94.355242	 94.246882	  94.13929	  94.03248	 93.926465	 93.821258	  93.71687	 93.613315	 93.510604	 93.408748	 93.307757	 93.207643	 93.108416	 93.010084	 92.912658	 92.816146	 92.720556	 92.625898	 92.532177	 92.439402	 92.347579	 92.256715	 92.166816	 92.077887	 91.989933	  91.90296	 91.816971	 91.731971	 91.647964	 91.564951	 91.482937	 91.401924	 91.321914	 91.242908	 91.164908	 91.087915	 91.011929	  90.93695	 90.862979	 90.790015	 90.718057	 90.647103	 90.577153	 90.508204	 90.440255	 90.373302	 90.307344	 90.242376	 90.178396	 90.115399	 90.053383	 89.992341	 89.932271	 89.873167	 89.815024	 89.757837	   89.7016	 89.646308	 89.591954	 89.538532	 89.486036	 89.434459	 89.383794	 89.334034	 89.285172	   89.2372	 89.190112	 89.143898	 89.098552	 89.054065	 89.010429	 88.967635	 88.925675	 88.884542	 88.844225	 88.804716	 88.766006	 88.728087	 88.690949	 88.654583	  88.61898	 88.584131	 88.550026	 88.516656	 88.484012	 88.452084	 88.420863	 88.390339	 88.360504	 88.331346	 88.302858	 88.275029	  88.24785	 88.221311	 88.195404	 88.170118	 88.145444	 88.121374	 88.097897	 88.075005	 88.052689	 88.030938	 88.009745	   87.9891	 87.968994	 87.949419	 87.930366	 87.911826	  87.89379	 87.876251	 87.859199	 87.842627	 87.826526	 87.810888	 87.795706	 87.780972	 87.766677	 87.752815	 87.739378	 87.726358	 87.713749	 87.701544	 87.689735	 87.678316	  87.66728	 87.656621	 87.646332	 87.636408	 87.626843	  87.61763	 87.608764	 87.600239	  87.59205	 87.584192	  87.57666	 87.569448	 87.562553	  87.55597	 87.549694	 87.543721	 87.538047	 87.532668	 87.527582	 87.522783	  87.51827	 87.514038	 87.510085	 87.506408	 87.503004	 87.499872	 87.497008	 87.494411	 87.492079	 87.490011	 87.488204	 87.486658	 87.485371	 87.484343	 87.483572	 87.483059	 87.482802	
        99	 98.866738	 98.733499	 98.600308	 98.467187	 98.334162	 98.201254	 98.068489	 97.935888	 97.803477	 97.671276	 97.539311	 97.407604	 97.276177	 97.145054	 97.014257	 96.883809	 96.753731	 96.624046	 96.494775	 96.365941	 96.237564	 96.109665	 95.982266	 95.855387	 95.729048	  95.60327	 95.478072	 95.353474	 95.229495	 95.106154	 94.983468	 94.861458	  94.74014	 94.619532	 94.499651	 94.380514	 94.262137	 94.144537	 94.027728	 93.911728	 93.796549	 93.682208	 93.568717	 93.456091	 93.344343	 93.233486	 93.123533	 93.014494	 92.906383	 92.799209	 92.692985	  92.58772	 92.483424	 92.380107	 92.277777	 92.176443	 92.076114	 91.976798	   91.8785	 91.781229	 91.684991	 91.589791	 91.495635	 91.402529	 91.310478	 91.219484	 91.129553	 91.040687	  90.95289	 90.866165	 90.780513	 90.695936	 90.612436	 90.530013	 90.448669	 90.368404	 90.289217	 90.211108	 90.134076	 90.058119	 89.983237	 89.909426	 89.836685	 89.765012	 89.694402	 89.624854	 89.556362	 89.488923	 89.422534	 89.357188	 89.292882	 89.229611	 89.167368	 89.106149	 89.045946	 88.986755	 88.928568	  88.87138	 88.815182	 88.759968	  88.70573	 88.652462	 88.600155	 88.548801	 88.498392	 88.448919	 88.400376	 88.352752	 88.306038	 88.260227	 88.215309	 88.171275	 88.128115	  88.08582	 88.044381	 88.003788	 87.964031	 87.925101	 87.886988	 87.849681	 87.813172	 87.777449	 87.742503	 87.708324	 87.674901	 87.642225	 87.610286	 87.579072	 87.548575	 87.518784	 87.489688	 87.461278	 87.433544	 87.406475	 87.380062	 87.354294	 87.329162	 87.304656	 87.280766	 87.257482	 87.234794	 87.212693	  87.19117	 87.170215	 87.149818	  87.12997	 87.110663	 87.091887	 87.073632	 87.055892	 87.038656	 87.021915	 87.005663	 86.989889	 86.974587	 86.959747	 86.945362	 86.931425	 86.917927	 86.904861	 86.892219	 86.879995	 86.868181	  86.85677	 86.845756	 86.835133	 86.824893	  86.81503	 86.805538	 86.796412	 86.787646	 86.779234	 86.771171	 86.763451	 86.756069	 86.749022	 86.742303	 86.735909	 86.729835	 86.724078	 86.718632	 86.713495	 86.708663	 86.704133	 86.699901	 86.695965	 86.692322	 86.688968	 86.685903	 86.683123	 86.680627	 86.678412	 86.676478	 86.674823	 86.673445	 86.672345	  86.67152	  86.67097	 86.670695	
        99	 98.857983	 98.715992	 98.574051	 98.432186	 98.290421	 98.148783	 98.007296	 97.865984	 97.724874	 97.583989	 97.443355	 97.302995	 97.162935	 97.023198	 96.883809	 96.744791	 96.606168	 96.467963	 96.330201	 96.192903	 96.056092	 95.919792	 95.784023	 95.648809	 95.514171	  95.38013	 95.246708	 95.113925	 94.981801	 94.850357	 94.719612	 94.589587	 94.460299	 94.331768	 94.204011	 94.077048	 93.950895	 93.825569	 93.701087	 93.577466	 93.454721	 93.332869	 93.211922	 93.091898	 92.972809	 92.854669	 92.737492	 92.621291	 92.506077	 92.391864	 92.278661	 92.166481	 92.055333	 91.945229	 91.836177	 91.728187	 91.621267	 91.515426	 91.410671	  91.30701	 91.204449	 91.102995	 91.002655	 90.903432	 90.805333	 90.708362	 90.612523	  90.51782	 90.424255	 90.331832	 90.240553	 90.150421	 90.061435	 89.973598	 89.886911	 89.801372	 89.716983	 89.633743	  89.55165	 89.470704	 89.390902	 89.312243	 89.234724	 89.158342	 89.083094	 89.008976	 88.935985	 88.864117	 88.793366	 88.723728	 88.655197	 88.587769	 88.521438	 88.456196	 88.392039	 88.328959	  88.26695	 88.206005	 88.146115	 88.087274	 88.029474	 87.972706	 87.916962	 87.862235	 87.808514	 87.755792	 87.704059	 87.653307	 87.603525	 87.554704	 87.506835	 87.459908	 87.413913	  87.36884	 87.324679	 87.281419	 87.239051	 87.197563	 87.156946	 87.117189	  87.07828	 87.040211	 87.002969	 86.966545	 86.930927	 86.896104	 86.862066	 86.828802	 86.796302	 86.764553	 86.733546	  86.70327	 86.673714	 86.644867	 86.616719	 86.589258	 86.562475	 86.536359	   86.5109	 86.486086	 86.461908	 86.438355	 86.415418	 86.393086	 86.371349	 86.350198	 86.329622	 86.309612	 86.290159	 86.271253	 86.252884	 86.235044	 86.217724	 86.200914	 86.184607	 86.168792	 86.153463	 86.138609	 86.124225	   86.1103	 86.096828	 86.083801	 86.071211	 86.059051	 86.047313	 86.035992	 86.025079	 86.014568	 86.004453	 85.994728	 85.985386	 85.976421	 85.967828	 85.959601	 85.951735	 85.944224	 85.937064	  85.93025	 85.923777	 85.917641	 85.911838	 85.906364	 85.901214	 85.896386	 85.891877	 85.887682	 85.883799	 85.880225	 85.876958	 85.873996	 85.871336	 85.868976	 85.866915	 85.865151	 85.863683	 85.862509	  85.86163	 85.861045	 85.860752	
        99	 98.849254	 98.698534	 98.547869	 98.397283	 98.246805	  98.09646	 97.946276	 97.796279	 97.646495	  97.49695	 97.347671	 97.198684	 97.050015	 96.901688	 96.753731	 96.606168	 96.459024	 96.312324	 96.166094	 96.020356	 95.875136	 95.730458	 95.586344	 95.442819	 95.299905	 95.157624	 95.016001	 94.875056	 94.734811	 94.595287	 94.456506	 94.318488	 94.181253	 94.044821	 93.909212	 93.774444	 93.640537	 93.507507	 93.375374	 93.244154	 93.113865	 92.984522	 92.856142	 92.728739	  92.60233	 92.476929	 92.352549	 92.229205	  92.10691	 91.985675	 91.865515	 91.746439	 91.628459	 91.511587	 91.395832	 91.281204	 91.167712	 91.055364	 90.944171	 90.834138	 90.725273	 90.617583	 90.511075	 90.405753	 90.301624	 90.198693	 90.096962	 89.996438	 89.897122	 89.799018	 89.702129	 89.606456	 89.512001	 89.418765	 89.326748	 89.235952	 89.146376	 89.058019	  88.97088	 88.884958	 88.800251	 88.716757	 88.634473	 88.553396	 88.473523	 88.394849	 88.317371	 88.241085	 88.165985	 88.092067	 88.019324	 87.947751	 87.877342	 87.808091	  87.73999	 87.673033	 87.607212	 87.542521	  87.47895	 87.416492	 87.355139	 87.294881	 87.235711	  87.17762	 87.120597	 87.064634	 87.009722	 86.955849	 86.903007	 86.851186	 86.800375	 86.750563	 86.701741	 86.653897	 86.607021	 86.561103	  86.51613	 86.472092	 86.428978	 86.386777	 86.345477	 86.305068	 86.265537	 86.226874	 86.189066	 86.152103	 86.115973	 86.080664	 86.046166	 86.012466	 85.979553	 85.947416	 85.916043	 85.885423	 85.855544	 85.826396	 85.797967	 85.770245	 85.743221	 85.716882	 85.691218	 85.666217	  85.64187	 85.618165	 85.595092	 85.572641	 85.550801	 85.529561	 85.508912	 85.488843	 85.469346	 85.450409	 85.432025	 85.414182	 85.396871	 85.380085	 85.363813	 85.348047	 85.332778	 85.317997	 85.303697	 85.289869	 85.276505	 85.263598	 85.251139	 85.239121	 85.227538	 85.216381	 85.205644	 85.195321	 85.185405	 85.175889	 85.166767	 85.158035	 85.149685	 85.141713	 85.134113	  85.12688	 85.120009	 85.113496	 85.107336	 85.101525	 85.096059	 85.090935	 85.086148	 85.081695	 85.077574	  85.07378	 85.070313	 85.067168	 85.064344	 85.061839	 85.059651	 85.057779	 85.056221	 85.054976	 85.054042	 85.053421	  85.05311	
