Time step 97:
        99	        99	        99	        99	        99	        99	        99	        99	        99	        99	        99	        99	        99	        99	        99	        99	        99	        99	        99	        99	        99	        99	        99	        99	        99	        99	        99	        99	        99	        99	        99	        99	        99	        99	        99	        99	        99	        99	        99	        99	        99	        99	        99	        99	        99	        99	        99	        99	        99	        99	        99	        99	        99	        99	        99	        99	        99	        99	        99	        99	        99	        99	        99	        99	        99	        99	        99	        99	        99	        99	        99	        99	        99	        99	        99	        99	        99	        99	        99	        99	        99	        99	        99	        99	        99	        99	        99	        99	        99	        99	        99	        99	        99	        99	        99	        99	        99	        99	        99	        99	        99	        99	        99	        99	        99	        99	        99	        99	        99	        99	        99	        99	        99	        99	        99	        99	        99	        99	        99	        99	        99	        99	        99	        99	        99	        99	        99	        99	        99	        99	        99	        99	        99	        99	        99	        99	        99	        99	        99	        99	        99	        99	        99	        99	        99	        99	        99	        99	        99	        99	        99	        99	        99	        99	        99	        99	        99	        99	        99	        99	        99	        99	        99	        99	        99	        99	        99	        99	        99	        99	        99	        99	        99	        99	        99	        99	        99	        99	        99	        99	        99	        99	        99	        99	        99	        99	        99	        99	        99	        99	        99	        99	        99	        99	        99	        99	        99	        99	        99	        99	
        99	 98.993455	  98.98691	 98.980367	 98.973827	 98.967291	 98.960758	 98.954231	 98.947709	 98.941194	 98.934687	 98.928189	   98.9217	 98.915221	 98.908752	 98.902296	 98.895852	 98.889422	 98.883006	 98.876605	  98.87022	 98.863851	   98.8575	 98.851167	 98.844853	 98.838559	 98.832285	 98.826032	 98.819802	 98.813594	  98.80741	 98.801249	 98.795114	 98.789004	  98.78292	 98.776864	 98.770835	 98.764834	 98.758862	 98.752919	 98.747007	 98.741126	 98.735275	 98.729457	 98.723672	 98.717919	 98.712201	 98.706516	 98.700866	 98.695252	 98.689673	 98.684131	 98.678626	 98.673157	 98.667727	 98.662335	 98.656981	 98.651666	 98.646391	 98.641156	 98.635961	 98.630806	 98.625693	  98.62062	  98.61559	 98.610601	 98.605655	 98.600751	  98.59589	 98.591072	 98.586298	 98.581567	  98.57688	 98.572237	 98.567638	 98.563084	 98.558574	 98.554109	 98.549689	 98.545314	 98.540984	   98.5367	 98.532461	 98.528267	 98.524119	 98.520017	  98.51596	 98.511949	 98.507984	 98.504065	 98.500191	 98.496363	 98.492581	 98.488845	 98.485154	  98.48151	  98.47791	 98.474357	 98.470848	 98.467386	 98.463968	 98.460596	 98.457268	 98.453986	 98.450749	 98.447556	 98.444408	 98.441304	 98.438245	 98.435229	 98.432258	  98.42933	 98.426445	 98.423605	 98.420807	 98.418052	  98.41534	  98.41267	 98.410042	 98.407457	 98.404913	 98.402411	  98.39995	  98.39753	 98.395151	 98.392813	 98.390515	 98.388257	 98.386039	  98.38386	  98.38172	 98.379619	 98.377557	 98.375534	 98.373548	   98.3716	  98.36969	 98.367817	 98.365981	 98.364182	 98.362419	 98.360692	 98.359001	 98.357346	 98.355726	 98.354141	  98.35259	 98.351074	 98.349592	 98.348144	  98.34673	 98.345348	    98.344	 98.342685	 98.341402	 98.340151	 98.338933	 98.337746	  98.33659	 98.335466	 98.334372	  98.33331	 98.332277	 98.331275	 98.330303	 98.329361	 98.328449	 98.327565	 98.326711	 98.325886	 98.325089	 98.324321	 98.323581	  98.32287	 98.322186	  98.32153	 98.320902	 98.320301	 98.319727	 98.319181	 98.318662	 98.318169	 98.317703	 98.317264	 98.316851	 98.316464	 98.316104	  98.31577	 98.315462	  98.31518	 98.314924	 98.314694	 98.314489	  98.31431	 98.314157	 98.314029	 98.313927	 98.313851	   98.3138	 98.313774	
        99	  98.98691	 98.973822	 98.960738	 98.947658	 98.934585	 98.921521	 98.908467	 98.895425	 98.882397	 98.869383	 98.856387	 98.843409	 98.830452	 98.817517	 98.804605	 98.791718	 98.778858	 98.766027	 98.753226	 98.740456	  98.72772	 98.715019	 98.702354	 98.689726	 98.677139	 98.664592	 98.652088	 98.639627	 98.627212	 98.614844	 98.602525	 98.590255	 98.578036	 98.565869	 98.553756	 98.541699	 98.529698	 98.517755	 98.505871	 98.494047	 98.482285	 98.470585	  98.45895	  98.44738	 98.435875	 98.424439	  98.41307	 98.401772	 98.390544	 98.379387	 98.368303	 98.357293	 98.346357	 98.335497	 98.324713	 98.314006	 98.303378	 98.292828	 98.282358	 98.271969	  98.26166	 98.251434	  98.24129	  98.23123	 98.221253	 98.211361	 98.201554	 98.191833	 98.182198	 98.172649	 98.163188	 98.153815	 98.144529	 98.135332	 98.126224	 98.117205	 98.108276	 98.099437	 98.090687	 98.082028	  98.07346	 98.064982	 98.056596	   98.0483	 98.040096	 98.031983	 98.023962	 98.016032	 98.008194	 98.000447	 97.992792	 97.985229	 97.977757	 97.970376	 97.963087	 97.955889	 97.948782	 97.941766	 97.934841	 97.928006	 97.921262	 97.914608	 97.908044	 97.901569	 97.895184	 97.888888	 97.882681	 97.876562	 97.870532	 97.864589	 97.858734	 97.852966	 97.847284	 97.841689	 97.836179	 97.830755	 97.825416	 97.820161	 97.814991	 97.809904	   97.8049	 97.799979	 97.795139	 97.790382	 97.785705	 97.781109	 97.776593	 97.772157	   97.7678	 97.763521	 97.759319	 97.755196	 97.751149	 97.747178	 97.743283	 97.739462	 97.735717	 97.732045	 97.728447	 97.724921	 97.721468	 97.718086	 97.714776	 97.711536	 97.708365	 97.705265	 97.702233	 97.699269	 97.696373	 97.693544	 97.690782	 97.688086	 97.685455	  97.68289	 97.680389	 97.677951	 97.675577	 97.673267	 97.671018	 97.668831	 97.666706	 97.664642	 97.662638	 97.660694	  97.65881	 97.656985	 97.655218	  97.65351	 97.651859	 97.650266	  97.64873	 97.647251	 97.645828	 97.644461	 97.643149	 97.641892	 97.640691	 97.639544	 97.638451	 97.637412	 97.636427	 97.635495	 97.634617	 97.633791	 97.633018	 97.632298	 97.631629	 97.631013	 97.630449	 97.629937	 97.629476	 97.629067	  97.62871	 97.628403	 97.628148	 97.627944	 97.627791	 97.627689	 97.627638	
        99	 98.980367	 98.960738	 98.941113	 98.921496	 98.901889	 98.882294	 98.862716	 98.843155	 98.823614	 98.804096	 98.784604	  98.76514	 98.745706	 98.726305	 98.706939	 98.687611	 98.668324	 98.649079	 98.629879	 98.610727	 98.591625	 98.572574	 98.553579	  98.53464	 98.515761	 98.496943	 98.478188	   98.4595	 98.440879	 98.422329	 98.403852	 98.385449	 98.367122	 98.348874	 98.330707	 98.312623	 98.294624	 98.276711	 98.258887	 98.241153	 98.223512	 98.205964	 98.188513	 98.171159	 98.153905	 98.136752	 98.119701	 98.102755	 98.085915	 98.069182	 98.052558	 98.036044	 98.019642	 98.003354	  97.98718	 97.971121	  97.95518	 97.939357	 97.923654	 97.908071	 97.892611	 97.877273	 97.862059	  97.84697	 97.832006	  97.81717	 97.802461	 97.787881	  97.77343	 97.759109	 97.744919	  97.73086	 97.716933	 97.703139	 97.689479	 97.675952	 97.662559	 97.649302	 97.636179	 97.623192	 97.610341	 97.597626	 97.585047	 97.572606	 97.560301	 97.548133	 97.536102	 97.524209	 97.512452	 97.500834	 97.489352	 97.478008	 97.466801	 97.455732	 97.444799	 97.434003	 97.423344	 97.412821	 97.402434	 97.392184	 97.382068	 97.372088	 97.362243	 97.352533	 97.342956	 97.333513	 97.324204	 97.315027	 97.305982	 97.297069	 97.288287	 97.279635	 97.271114	 97.262722	 97.254459	 97.246323	 97.238315	 97.230434	 97.222679	  97.21505	 97.207545	 97.200163	 97.192905	  97.18577	 97.178756	 97.171863	 97.165089	 97.158436	   97.1519	 97.145482	 97.139181	 97.132996	 97.126926	 97.120971	 97.115129	 97.109399	 97.103781	 97.098274	 97.092877	 97.087589	  97.08241	 97.077338	 97.072373	 97.067513	 97.062759	 97.058108	 97.053561	 97.049116	 97.044772	 97.040529	 97.036387	 97.032343	 97.028397	 97.024549	 97.020798	 97.017142	 97.013582	 97.010116	 97.006744	 97.003464	 97.000276	  96.99718	 96.994175	  96.99126	 96.988433	 96.985696	 96.983046	 96.980484	 96.978009	  96.97562	 96.973316	 96.971097	 96.968962	 96.966912	 96.964944	  96.96306	 96.961258	 96.959537	 96.957898	  96.95634	 96.954862	 96.953465	 96.952147	 96.950909	  96.94975	 96.948669	 96.947667	 96.946743	 96.945897	 96.945129	 96.944438	 96.943824	 96.943288	 96.942828	 96.942445	 96.942139	  96.94191	 96.941757	  96.94168	
        99	 98.973827	 98.947658	 98.921496	 98.895343	 98.869205	 98.843083	 98.816982	 98.790905	 98.764854	 98.738835	 98.712849	   98.6869	 98.660993	 98.635128	 98.609312	 98.583545	 98.557832	 98.532176	 98.506581	 98.481048	 98.455582	 98.430186	 98.404862	 98.379615	 98.354446	 98.329359	 98.304357	 98.279442	 98.254619	 98.229889	 98.205256	 98.180723	 98.156291	 98.131964	 98.107746	 98.083637	 98.059641	 98.035761	 98.011999	 97.988358	  97.96484	 97.941447	 97.918182	 97.895047	 97.872045	 97.849177	 97.826447	 97.803855	 97.781405	 97.759098	 97.736936	 97.714921	 97.693055	  97.67134	 97.649778	  97.62837	 97.607119	 97.586025	  97.56509	 97.544317	 97.523705	 97.503258	 97.482975	  97.46286	 97.442912	 97.423133	 97.403524	 97.384087	 97.364821	  97.34573	 97.326812	  97.30807	 97.289504	 97.271115	 97.252904	 97.234871	 97.217017	 97.199343	 97.181848	 97.164535	 97.147403	 97.130452	 97.113683	 97.097097	 97.080693	 97.064471	 97.048433	 97.032577	 97.016905	 97.001416	 96.986109	 96.970986	 96.956046	 96.941289	 96.926714	 96.912321	 96.898111	 96.884083	 96.870236	 96.856571	 96.843086	 96.829781	 96.816656	 96.803711	 96.790944	 96.778356	 96.765945	  96.75371	 96.741653	  96.72977	 96.718063	 96.706529	 96.695169	 96.683981	 96.672965	  96.66212	 96.651444	 96.640938	 96.630599	 96.620428	 96.610423	 96.600583	 96.590907	 96.581394	 96.572044	 96.562854	 96.553825	 96.544954	 96.536242	 96.527686	 96.519286	  96.51104	 96.502948	 96.495008	  96.48722	 96.479582	 96.472092	 96.464751	 96.457556	 96.450507	 96.443602	 96.436841	 96.430221	 96.423743	 96.417404	 96.411204	 96.405142	 96.399216	 96.393426	  96.38777	 96.382247	 96.376856	 96.371596	 96.366466	 96.361465	 96.356592	 96.351845	 96.347225	 96.342729	 96.338357	 96.334107	  96.32998	 96.325973	 96.322087	 96.318319	  96.31467	 96.311137	 96.307722	 96.304422	 96.301236	 96.298165	 96.295207	 96.292361	 96.289628	 96.287005	 96.284493	  96.28209	 96.279796	 96.277611	 96.275534	 96.273564	 96.271701	 96.269945	 96.268294	 96.266748	 96.265308	 96.263972	  96.26274	 96.261613	 96.260588	 96.259667	 96.258849	 96.258134	 96.257521	 96.257011	 96.256603	 96.256297	 96.256093	 96.255991	
        99	 98.967291	 98.934585	 98.901889	 98.869205	 98.836538	 98.803892	 98.771272	 98.738682	 98.706125	 98.673607	 98.641131	 98.608702	 98.576323	    98.544	 98.511735	 98.479533	 98.447398	 98.415335	 98.383346	 98.351437	 98.319611	 98.287871	 98.256223	  98.22467	 98.193215	 98.161862	 98.130616	 98.099479	 98.068456	  98.03755	 98.006765	 97.976103	  97.94557	 97.915168	   97.8849	  97.85477	 97.824781	 97.794937	  97.76524	 97.735694	 97.706302	 97.677067	 97.647991	 97.619079	 97.590332	 97.561753	 97.533345	 97.505111	 97.477054	 97.449175	 97.421478	 97.393965	 97.366638	   97.3395	 97.312552	 97.285798	 97.259239	 97.232876	 97.206713	 97.180751	 97.154992	 97.129438	  97.10409	  97.07895	  97.05402	 97.029301	 97.004795	 96.980503	 96.956426	 96.932566	 96.908924	 96.885501	 96.862298	 96.839316	 96.816557	  96.79402	 96.771707	 96.749618	 96.727755	 96.706117	 96.684706	 96.663522	 96.642565	 96.621836	 96.601335	 96.581062	 96.561018	 96.541202	 96.521615	 96.502258	 96.483129	 96.464228	 96.445557	 96.427114	 96.408899	 96.390912	 96.373153	 96.355621	 96.338316	 96.321237	 96.304384	 96.287757	 96.271354	 96.255175	  96.23922	 96.223487	 96.207976	 96.192687	 96.177617	 96.162767	 96.148136	 96.133722	 96.119524	 96.105542	 96.091775	 96.078221	 96.064879	 96.051749	 96.038828	 96.026116	 96.013612	 96.001315	 95.989222	 95.977333	 95.965648	 95.954163	 95.942878	 95.931792	 95.920904	 95.910211	 95.899713	 95.889408	 95.879295	 95.869373	 95.859639	 95.850093	 95.840733	 95.831558	 95.822566	 95.813756	 95.805127	 95.796677	 95.788404	 95.780308	 95.772386	 95.764638	 95.757061	 95.749656	 95.742419	  95.73535	 95.728448	 95.721711	 95.715137	 95.708726	 95.702476	 95.696385	 95.690453	 95.684679	  95.67906	 95.673596	 95.668285	 95.663127	  95.65812	 95.653262	 95.648554	 95.643993	 95.639579	  95.63531	 95.631186	 95.627205	 95.623366	  95.61967	 95.616113	 95.612697	 95.609419	 95.606279	 95.603276	  95.60041	 95.597679	 95.595083	 95.592622	 95.590293	 95.588098	 95.586035	 95.584103	 95.582303	 95.580633	 95.579094	 95.577685	 95.576404	 95.575253	 95.574231	 95.573337	 95.572571	 95.571933	 95.571423	 95.571041	 95.570786	 95.570659	
        99	 98.960758	 98.921521	 98.882294	 98.843083	 98.803892	 98.764727	 98.725592	 98.686493	 98.647435	 98.608422	 98.569461	 98.530555	  98.49171	  98.45293	 98.414222	 98.375589	 98.337036	 98.298569	 98.260192	  98.22191	 98.183728	  98.14565	 98.107681	 98.069826	 98.032089	 97.994475	 97.956988	 97.919633	 97.882414	 97.845336	 97.808402	 97.771617	 97.734986	 97.698512	 97.662199	 97.626052	 97.590074	  97.55427	 97.518642	 97.483196	 97.447933	 97.412859	 97.377977	  97.34329	 97.308802	 97.274515	 97.240434	 97.206562	 97.172901	 97.139455	 97.106226	 97.073218	 97.040434	 97.007876	 96.975546	 96.943449	 96.911585	 96.879958	  96.84857	 96.817423	 96.786519	 96.755861	 96.725451	 96.695291	 96.665382	 96.635726	 96.606326	 96.577182	 96.548297	 96.519672	 96.491308	 96.463207	 96.435371	 96.407799	 96.380494	 96.353456	 96.326687	 96.300187	 96.273957	 96.247998	 96.222311	 96.196896	 96.171753	 96.146884	 96.122289	 96.097967	  96.07392	 96.050147	 96.026649	 96.003425	 95.980476	 95.957801	   95.9354	 95.913274	 95.891421	 95.869842	 95.848536	 95.827503	 95.806741	 95.786252	 95.766033	 95.746085	 95.726406	 95.706997	 95.687855	  95.66898	 95.650372	 95.632029	  95.61395	 95.596134	  95.57858	 95.561288	 95.544255	  95.52748	 95.510963	 95.494702	 95.478696	 95.462943	 95.447442	 95.432192	  95.41719	 95.402437	 95.387929	 95.373666	 95.359647	 95.345868	  95.33233	  95.31903	 95.305967	 95.293139	 95.280544	 95.268181	 95.256048	 95.244144	 95.232467	 95.221014	 95.209785	 95.198778	  95.18799	 95.177421	 95.167068	  95.15693	 95.147005	 95.137292	 95.127788	 95.118492	 95.109403	 95.100518	 95.091836	 95.083356	 95.075075	 95.066992	 95.059106	 95.051414	 95.043916	 95.036609	 95.029493	 95.022565	 95.015824	 95.009268	 95.002897	 94.996709	 94.990701	 94.984874	 94.979225	 94.973753	 94.968457	 94.963336	 94.958388	 94.953612	 94.949007	 94.944572	 94.940306	 94.936207	 94.932274	 94.928507	 94.924905	 94.921466	  94.91819	 94.915076	 94.912122	 94.909329	 94.906695	  94.90422	 94.901903	 94.899743	  94.89774	 94.895893	 94.894202	 94.892666	 94.891285	 94.890059	 94.888986	 94.888068	 94.887302	 94.886691	 94.886232	 94.885926	 94.885773	
        99	 98.954231	 98.908467	 98.862716	 98.816982	 98.771272	 98.725592	 98.679948	 98.634345	  98.58879	 98.543288	 98.497846	 98.452468	 98.407162	 98.361932	 98.316785	 98.271726	 98.226761	 98.181895	 98.137134	 98.092485	 98.047951	 98.003539	 97.959255	 97.915103	 97.871089	 97.827218	 97.783496	 97.739927	 97.696518	 97.653272	 97.610195	 97.567291	 97.524567	 97.482026	 97.439673	 97.397513	 97.355551	 97.313791	 97.272237	 97.230894	 97.189767	 97.148858	 97.108174	 97.067717	 97.027492	 96.987503	 96.947753	 96.908246	 96.868986	 96.829976	 96.791221	 96.752722	 96.714485	 96.676511	 96.638804	 96.601367	 96.564203	 96.527316	 96.490706	 96.454378	 96.418335	 96.382577	 96.347109	 96.311931	 96.277047	 96.242459	 96.208168	 96.174177	 96.140487	 96.107101	 96.074019	 96.041244	 96.008777	 95.976619	 95.944772	 95.913236	 95.882014	 95.851107	 95.820514	 95.790237	 95.760277	 95.730634	  95.70131	 95.672304	 95.643618	 95.615251	 95.587203	 95.559476	 95.532069	 95.504982	 95.478215	 95.451769	 95.425642	 95.399835	 95.374348	 95.349179	 95.324329	 95.299797	 95.275583	 95.251685	 95.228103	 95.204837	 95.181885	 95.159247	 95.136921	 95.114907	 95.093203	 95.071809	 95.050723	 95.029943	  95.00947	 94.989301	 94.969435	  94.94987	 94.930606	  94.91164	 94.892971	 94.874598	 94.856519	 94.838731	 94.821235	 94.804027	 94.787106	 94.770471	 94.754119	 94.738049	 94.722259	 94.706747	 94.691511	 94.676549	 94.661859	  94.64744	 94.633289	 94.619405	 94.605785	 94.592427	  94.57933	 94.566492	  94.55391	 94.541583	 94.529508	 94.517684	 94.506108	 94.494779	 94.483694	 94.472852	 94.462251	 94.451888	 94.441762	 94.431871	 94.422213	 94.412786	 94.403587	 94.394616	 94.385871	 94.377349	 94.369048	 94.360968	 94.353106	  94.34546	 94.338029	 94.330811	 94.323805	 94.317008	 94.310419	 94.304037	 94.297861	 94.291887	 94.286116	 94.280546	 94.275175	 94.270002	 94.265026	 94.260246	 94.255659	 94.251266	 94.247064	 94.243053	 94.239232	   94.2356	 94.232155	 94.228897	 94.225825	 94.222938	 94.220236	 94.217717	  94.21538	 94.213227	 94.211254	 94.209463	 94.207852	 94.206422	 94.205171	 94.204099	 94.203207	 94.202493	 94.201958	 94.201601	 94.201423	
        99	 98.947709	 98.895425	 98.843155	 98.790905	 98.738682	 98.686493	 98.634345	 98.582245	 98.530199	 98.478213	 98.426296	 98.374453	 98.322691	 98.271017	 98.219437	 98.167957	 98.116585	 98.065327	 98.014189	 97.963177	 97.912298	 97.861559	 97.810964	 97.760521	 97.710236	 97.660114	 97.610162	 97.560386	 97.510791	 97.461383	 97.412168	 97.363152	  97.31434	 97.265737	  97.21735	 97.169183	 97.121241	 97.073531	 97.026056	 96.978823	 96.931835	 96.885098	 96.838617	 96.792396	 96.746439	 96.700752	 96.655338	 96.610202	 96.565348	  96.52078	 96.476502	 96.432519	 96.388833	 96.345448	 96.302369	 96.259598	 96.217139	 96.174995	 96.133169	 96.091665	 96.050486	 96.009633	 95.969111	 95.928921	 95.889067	  95.84955	 95.810373	 95.771539	 95.733049	 95.694905	  95.65711	 95.619665	 95.582572	 95.545832	 95.509447	 95.473418	 95.437748	 95.402436	 95.367484	 95.332893	 95.298664	 95.264798	 95.231296	 95.198157	 95.165383	 95.132974	 95.100931	 95.069253	  95.03794	 95.006994	 94.976413	 94.946199	 94.916349	 94.886865	 94.857746	 94.828991	 94.800601	 94.772573	 94.744909	 94.717606	 94.690664	 94.664083	  94.63786	 94.611996	  94.58649	 94.561339	 94.536543	   94.5121	 94.488009	 94.464269	 94.440879	 94.417836	 94.395139	 94.372787	 94.350778	 94.329109	 94.307781	 94.286789	 94.266134	 94.245812	 94.225823	 94.206163	 94.186832	 94.167826	 94.149144	 94.130785	 94.112744	 94.095022	 94.077615	 94.060521	 94.043738	 94.027265	 94.011098	 93.995235	 93.979674	 93.964413	  93.94945	 93.934783	 93.920408	 93.906324	 93.892529	  93.87902	 93.865795	 93.852851	 93.840188	 93.827801	 93.815689	  93.80385	 93.792281	  93.78098	 93.769946	 93.759176	 93.748667	 93.738418	 93.728426	  93.71869	 93.709207	 93.699975	 93.690992	 93.682257	 93.673767	 93.665521	 93.657516	 93.649751	 93.642224	 93.634932	 93.627876	 93.621051	 93.614458	 93.608094	 93.601958	 93.596048	 93.590363	 93.584901	 93.579661	 93.574641	 93.569841	 93.565259	 93.560893	 93.556743	 93.552808	 93.549086	 93.545576	 93.542278	  93.53919	 93.536312	 93.533643	 93.531182	 93.528929	 93.526882	 93.525042	 93.523408	 93.521979	 93.520754	 93.519735	 93.518919	 93.518308	 93.517901	 93.517697	
        99	 98.941194	 98.882397	 98.823614	 98.764854	 98.706125	 98.647435	  98.58879	 98.530199	 98.471668	 98.413207	 98.354821	 98.296519	 98.238309	 98.180196	  98.12219	 98.064297	 98.006525	 97.948881	 97.891371	 97.834004	 97.776787	 97.719726	 97.662828	 97.606101	 97.549551	 97.493184	 97.437009	 97.381031	 97.325257	 97.269694	 97.214348	 97.159225	 97.104331	 97.049674	 96.995258	  96.94109	 96.887176	 96.833521	 96.780132	 96.727014	 96.674173	 96.621613	 96.569341	 96.517361	 96.465679	   96.4143	 96.363228	 96.312469	 96.262027	 96.211906	 96.162112	 96.112649	  96.06352	  96.01473	 95.966284	 95.918184	 95.870435	 95.823041	 95.776005	  95.72933	  95.68302	 95.637078	 95.591507	 95.546311	 95.501491	 95.457051	 95.412993	 95.369321	 95.326035	  95.28314	 95.240636	 95.198525	 95.156811	 95.115494	 95.074576	 95.034059	 94.993944	 94.954233	 94.914927	 94.876026	 94.837533	 94.799448	 94.761771	 94.724504	 94.687647	   94.6512	 94.615164	  94.57954	 94.544327	 94.509525	 94.475134	 94.441155	 94.407587	  94.37443	 94.341683	 94.309346	 94.277418	 94.245899	 94.214788	 94.184083	 94.153785	 94.123892	 94.094403	 94.065316	 94.036632	 94.008348	 93.980462	 93.952974	 93.925882	 93.899185	  93.87288	 93.846966	 93.821442	 93.796305	 93.771554	 93.747186	   93.7232	 93.699593	 93.676365	 93.653511	 93.631031	 93.608923	 93.587182	 93.565809	   93.5448	 93.524153	 93.503865	 93.483935	 93.464359	 93.445136	 93.426262	 93.407736	 93.389554	 93.371715	 93.354216	 93.337054	 93.320227	 93.303732	 93.287567	 93.271728	 93.256214	 93.241022	 93.226149	 93.211593	 93.197352	 93.183422	 93.169801	 93.156487	 93.143477	 93.130768	 93.118359	 93.106247	 93.094429	 93.082903	 93.071666	 93.060717	 93.050052	 93.039671	 93.029569	 93.019746	 93.010198	 93.000924	 92.991922	  92.98319	 92.974724	 92.966525	 92.958589	 92.950914	   92.9435	 92.936343	 92.929442	 92.922796	 92.916402	  92.91026	 92.904367	 92.898722	 92.893324	 92.888171	 92.883261	 92.878594	 92.874169	 92.869983	 92.866036	 92.862327	 92.858855	 92.855618	 92.852616	 92.849849	 92.847315	 92.845013	 92.842944	 92.841106	 92.839499	 92.838122	 92.836975	 92.836058	 92.835371	 92.834913	 92.834684	
        99	 98.934687	 98.869383	 98.804096	 98.738835	 98.673607	 98.608422	 98.543288	 98.478213	 98.413207	 98.348276	  98.28343	 98.218677	 98.154025	 98.089482	 98.025058	 97.960759	 97.896594	 97.832571	 97.768698	 97.704983	 97.641434	 97.578059	 97.514865	 97.451861	 97.389053	  97.32645	 97.264059	 97.201887	 97.139942	  97.07823	 97.016759	 96.955537	 96.894569	 96.833864	 96.773427	 96.713265	 96.653385	 96.593793	 96.534497	 96.475501	 96.416812	 96.358437	  96.30038	 96.242649	 96.185248	 96.128183	  96.07146	 96.015084	 95.959061	 95.903394	  95.84809	 95.793154	 95.738589	   95.6844	 95.630593	 95.577171	 95.524139	   95.4715	 95.419259	 95.367419	 95.315985	  95.26496	 95.214346	 95.164148	 95.114369	 95.065012	 95.016079	 94.967574	 94.919499	 94.871857	  94.82465	  94.77788	 94.731549	  94.68566	 94.640215	 94.595214	 94.550661	 94.506555	   94.4629	 94.419695	 94.376942	 94.334643	 94.292797	 94.251406	 94.210471	 94.169991	 94.129968	 94.090401	 94.051292	 94.012639	 93.974443	 93.936704	 93.899422	 93.862595	 93.826225	 93.790309	 93.754849	 93.719842	 93.685288	 93.651186	 93.617535	 93.584334	 93.551582	 93.519277	 93.487419	 93.456005	 93.425034	 93.394504	 93.364414	 93.334763	 93.305547	 93.276766	 93.248417	 93.220499	 93.193009	 93.165945	 93.139304	 93.113086	 93.087287	 93.061905	 93.036937	 93.012382	 92.988236	 92.964498	 92.941164	 92.918232	   92.8957	 92.873564	 92.851822	 92.830471	 92.809509	 92.788933	  92.76874	 92.748927	 92.729492	 92.710431	 92.691741	 92.673421	 92.655467	 92.637876	 92.620645	 92.603772	 92.587254	 92.571087	 92.555269	 92.539798	  92.52467	 92.509883	 92.495433	 92.481318	 92.467536	 92.454084	 92.440958	 92.428156	 92.415676	 92.403515	 92.391671	  92.38014	 92.368921	 92.358011	 92.347407	 92.337107	 92.327108	  92.31741	 92.308008	 92.298901	 92.290087	 92.281563	 92.273328	 92.265379	 92.257715	 92.250333	 92.243232	  92.23641	 92.229865	 92.223596	   92.2176	 92.211877	 92.206424	 92.201241	 92.196325	 92.191676	 92.187293	 92.183173	 92.179316	 92.175722	 92.172388	 92.169314	   92.1665	 92.163944	 92.161645	 92.159604	 92.157819	  92.15629	 92.155016	 92.153998	 92.153234	 92.152725	 92.152471	
        99	 98.928189	 98.856387	 98.784604	 98.712849	 98.641131	 98.569461	 98.497846	 98.426296	 98.354821	  98.28343	 98.212132	 98.140936	 98.069851	 97.998887	 97.928052	 97.857355	 97.786806	 97.716413	 97.646184	  97.57613	 97.506258	 97.436577	 97.367096	 97.297822	 97.228766	 97.159933	 97.091334	 97.022976	 96.954867	 96.887015	 96.819429	 96.752114	 96.685081	 96.618335	 96.551884	 96.485736	 96.419898	 96.354378	 96.289181	 96.224315	 96.159787	 96.095603	  96.03177	 95.968294	 95.905182	  95.84244	 95.780073	 95.718088	  95.65649	 95.595284	 95.534478	 95.474075	 95.414081	 95.354501	  95.29534	 95.236602	 95.178293	 95.120417	 95.062978	  95.00598	 94.949428	 94.893326	 94.837676	 94.782484	 94.727752	 94.673484	 94.619682	 94.566351	 94.513492	  94.46111	 94.409205	 94.357782	 94.306842	 94.256387	 94.206419	 94.156942	 94.107955	 94.059461	 94.011462	 93.963958	 93.916952	 93.870443	 93.824434	 93.778925	 93.733916	 93.689409	 93.645403	   93.6019	 93.558899	   93.5164	 93.474404	  93.43291	 93.391918	 93.351427	 93.311438	 93.271949	  93.23296	  93.19447	 93.156478	 93.118983	 93.081984	  93.04548	 93.009469	  92.97395	 92.938921	 92.904381	 92.870329	 92.836762	 92.803678	 92.771076	 92.738953	 92.707309	 92.676139	 92.645443	 92.615217	  92.58546	  92.55617	 92.527342	 92.498976	 92.471069	 92.443617	 92.416618	  92.39007	  92.36397	 92.338314	 92.313101	 92.288326	 92.263988	 92.240083	 92.216608	  92.19356	 92.170937	 92.148734	  92.12695	 92.105581	 92.084623	 92.064074	 92.043931	 92.024191	 92.004849	 91.985904	 91.967352	  91.94919	 91.931415	 91.914024	 91.897013	  91.88038	 91.864121	 91.848233	 91.832715	 91.817561	  91.80277	 91.788338	 91.774263	 91.760541	  91.74717	 91.734147	 91.721469	 91.709134	 91.697138	 91.685479	 91.674154	 91.663161	 91.652497	  91.64216	 91.632147	 91.622455	 91.613084	 91.604029	 91.595289	 91.586863	 91.578747	 91.570939	 91.563438	 91.556242	 91.549349	 91.542757	 91.536464	 91.530468	 91.524769	 91.519365	 91.514253	 91.509433	 91.504904	 91.500664	 91.496711	 91.493046	 91.489666	 91.486572	 91.483761	 91.481234	  91.47899	 91.477027	 91.475346	 91.473945	 91.472826	 91.471986	 91.471427	 91.471147	
        99	   98.9217	 98.843409	  98.76514	   98.6869	 98.608702	 98.530555	 98.452468	 98.374453	 98.296519	 98.218677	 98.140936	 98.063306	 97.985798	 97.908421	 97.831185	 97.754099	 97.677175	 97.600421	 97.523846	 97.447461	 97.371275	 97.295298	 97.219538	 97.144004	 97.068707	 96.993655	 96.918857	 96.844322	 96.770058	 96.696075	  96.62238	 96.548983	 96.475892	 96.403115	 96.330659	 96.258534	 96.186747	 96.115305	 96.044217	 95.973489	  95.90313	 95.833146	 95.763545	 95.694333	 95.625518	 95.557106	 95.489103	 95.421516	 95.354352	 95.287616	 95.221314	 95.155453	 95.090038	 95.025074	 94.960566	 94.896521	 94.832943	 94.769837	 94.707207	 94.645059	 94.583397	 94.522225	 94.461546	 94.401367	 94.341689	 94.282516	 94.223853	 94.165702	 94.108067	 94.050951	 93.994356	 93.938286	 93.882743	 93.827728	 93.773246	 93.719297	 93.665883	 93.613007	 93.560671	 93.508874	  93.45762	 93.406909	 93.356742	  93.30712	 93.258044	 93.209515	 93.161533	 93.114099	 93.067212	 93.020873	 92.975081	 92.929838	 92.885141	 92.840992	 92.797389	 92.754332	 92.711819	 92.669851	 92.628426	 92.587543	   92.5472	 92.507397	 92.468132	 92.429403	 92.391209	 92.353548	 92.316419	 92.279818	 92.243745	 92.208197	 92.173172	 92.138667	 92.104681	 92.071211	 92.038254	 92.005808	  91.97387	 91.942438	 91.911509	 91.881079	 91.851147	 91.821709	 91.792762	 91.764302	 91.736329	 91.708837	 91.681823	 91.655286	  91.62922	 91.603624	 91.578494	 91.553826	 91.529617	 91.505864	 91.482564	 91.459713	 91.437307	 91.415343	 91.393819	  91.37273	 91.352073	 91.331844	 91.312041	  91.29266	 91.273697	 91.255149	 91.237012	 91.219284	 91.201961	  91.18504	 91.168517	 91.152389	 91.136653	 91.121306	 91.106345	 91.091765	 91.077566	 91.063742	 91.050292	 91.037212	 91.024499	 91.012151	 91.000164	 90.988537	 90.977265	 90.966348	 90.955781	 90.945562	 90.935689	  90.92616	 90.916972	 90.908122	 90.899609	  90.89143	 90.883584	 90.876068	  90.86888	 90.862018	 90.855481	 90.849267	 90.843374	 90.837801	 90.832545	 90.827607	 90.822983	 90.818674	 90.814677	 90.810992	 90.807618	 90.804554	 90.801798	 90.799351	 90.797211	 90.795377	 90.793851	  90.79263	 90.791714	 90.791104	 90.790799	
        99	 98.915221	 98.830452	 98.745706	 98.660993	 98.576323	  98.49171	 98.407162	 98.322691	 98.238309	 98.154025	 98.069851	 97.985798	 97.901876	 97.818096	 97.734469	 97.651005	 97.567716	  97.48461	   97.4017	 97.318994	 97.236504	 97.154239	  97.07221	 96.990427	 96.908899	 96.827637	 96.746649	 96.665946	 96.585538	 96.505432	  96.42564	  96.34617	  96.26703	 96.188231	  96.10978	 96.031687	 95.953959	 95.876606	 95.799635	 95.723055	 95.646874	 95.571099	 95.495739	   95.4208	  95.34629	 95.272217	 95.198588	 95.125408	 95.052687	 94.980428	 94.908641	  94.83733	 94.766501	 94.696162	 94.626317	 94.556972	 94.488133	 94.419805	 94.351993	 94.284702	 94.217938	 94.151703	 94.086004	 94.020845	 93.956229	  93.89216	 93.828643	  93.76568	 93.703276	 93.641434	 93.580156	 93.519446	 93.459306	  93.39974	 93.340749	 93.282336	 93.224503	 93.167251	 93.110584	 93.054502	 92.999006	 92.944099	 92.889781	 92.836053	 92.782916	 92.730372	 92.678419	  92.62706	 92.576293	 92.526119	 92.476539	 92.427552	 92.379157	 92.331354	 92.284143	 92.237523	 92.191493	 92.146052	 92.101199	 92.056933	 92.013252	 91.970156	 91.927641	 91.885708	 91.844354	 91.803576	 91.763374	 91.723745	 91.684687	 91.646197	 91.608274	 91.570914	 91.534116	 91.497876	 91.462192	 91.427062	 91.392481	 91.358448	 91.324959	 91.292012	 91.259603	 91.227729	 91.196386	 91.165572	 91.135284	 91.105517	 91.076268	 91.047535	 91.019313	 90.991598	 90.964388	 90.937679	 90.911468	 90.885749	 90.860521	 90.835778	 90.811519	 90.787738	 90.764432	 90.741598	 90.719232	  90.69733	 90.675888	 90.654902	  90.63437	 90.614288	 90.594651	 90.575456	 90.556699	 90.538378	 90.520488	 90.503025	 90.485987	  90.46937	 90.453171	 90.437385	  90.42201	 90.407043	 90.392479	 90.378317	 90.364553	 90.351183	 90.338204	 90.325615	 90.313411	 90.301589	 90.290148	 90.279084	 90.268394	 90.258076	 90.248128	 90.238546	 90.229328	 90.220473	 90.211977	 90.203839	 90.196056	 90.188627	 90.181549	 90.174821	  90.16844	 90.162406	 90.156715	 90.151368	 90.146362	 90.141696	 90.137368	 90.133379	 90.129725	 90.126407	 90.123424	 90.120774	 90.118457	 90.116472	 90.114819	 90.113497	 90.112506	 90.111845	 90.111515	
        99	 98.908752	 98.817517	 98.726305	 98.635128	    98.544	  98.45293	 98.361932	 98.271017	 98.180196	 98.089482	 97.998887	 97.908421	 97.818096	 97.727924	 97.637917	 97.548086	 97.458441	 97.368996	 97.279759	 97.190744	  97.10196	  97.01342	 96.925132	 96.837109	 96.749362	 96.661899	 96.574733	 96.487873	  96.40133	 96.315113	 96.229233	   96.1437	 96.058522	 95.973711	 95.889275	 95.805223	 95.721566	 95.638311	 95.555468	 95.473046	 95.391052	 95.309496	 95.228386	  95.14773	 95.067536	 94.987811	 94.908564	 94.829802	 94.751532	 94.673761	 94.596496	 94.519745	 94.443512	 94.367806	 94.292633	 94.217997	 94.143906	 94.070365	  93.99738	 93.924955	 93.853097	  93.78181	 93.711098	 93.640967	 93.571421	 93.502465	 93.434101	 93.366335	  93.29917	 93.232609	 93.166657	 93.101315	 93.036587	 92.972476	 92.908984	 92.846115	 92.783869	  92.72225	 92.661259	 92.600898	 92.541169	 92.482073	  92.42361	 92.365784	 92.308593	 92.252039	 92.196123	 92.140845	 92.086205	 92.032204	 91.978841	 91.926116	 91.874029	 91.822579	 91.771767	  91.72159	 91.672048	  91.62314	 91.574865	 91.527222	 91.480208	 91.433824	 91.388066	 91.342933	 91.298424	 91.254535	 91.211266	 91.168614	 91.126576	 91.085149	 91.044333	 91.004123	 90.964517	 90.925512	 90.887106	 90.849295	 90.812076	 90.775447	 90.739403	 90.703942	  90.66906	 90.634754	 90.601021	 90.567856	 90.535256	 90.503218	 90.471738	 90.440813	 90.410437	 90.380609	 90.351323	 90.322576	 90.294365	 90.266684	 90.239531	 90.212901	  90.18679	 90.161195	 90.136112	 90.111535	 90.087462	 90.063889	 90.040811	 90.018225	 89.996127	 89.974512	 89.953376	 89.932717	  89.91253	  89.89281	 89.873555	 89.854761	 89.836423	 89.818538	 89.801102	 89.784113	 89.767565	 89.751455	 89.735781	 89.720538	 89.705723	 89.691334	 89.677365	 89.663815	  89.65068	 89.637956	 89.625642	 89.613734	 89.602229	 89.591124	 89.580416	 89.570103	 89.560182	 89.550651	 89.541508	 89.532749	 89.524372	 89.516376	 89.508758	 89.501516	 89.494649	 89.488154	  89.48203	 89.476274	 89.470886	 89.465864	 89.461207	 89.456913	  89.45298	 89.449409	 89.446198	 89.443346	 89.440852	 89.438716	 89.436937	 89.435514	 89.434447	 89.433736	  89.43338	
        99	 98.902296	 98.804605	 98.706939	 98.609312	 98.511735	 98.414222	 98.316785	 98.219437	  98.12219	 98.025058	 97.928052	 97.831185	 97.734469	 97.637917	 97.541541	 97.445354	 97.349367	 97.253592	 97.158042	 97.062728	 96.967662	 96.872857	 96.778323	 96.684071	 96.590115	 96.496464	  96.40313	 96.310124	 96.217458	 96.125141	 96.033184	 95.941599	 95.850394	 95.759582	 95.669172	 95.579173	 95.489596	 95.400451	 95.311746	 95.223492	 95.135697	  95.04837	 94.961521	 94.875158	  94.78929	 94.703924	  94.61907	 94.534735	 94.450926	 94.367653	 94.284921	 94.202739	 94.121113	  94.04005	 93.959557	 93.879641	 93.800308	 93.721563	 93.643413	 93.565864	 93.488921	  93.41259	 93.336875	 93.261782	 93.187316	  93.11348	 93.040279	 92.967718	 92.895801	 92.824531	 92.753911	 92.683946	 92.614638	 92.545991	 92.478007	 92.410689	 92.344039	  92.27806	 92.212754	 92.148122	 92.084167	 92.020889	  91.95829	 91.896372	 91.835134	 91.774579	 91.714707	 91.655517	 91.597011	 91.539189	  91.48205	 91.425595	 91.369822	 91.314732	 91.260324	 91.206597	  91.15355	 91.101181	 91.049491	 90.998476	 90.948136	  90.89847	 90.849474	 90.801148	 90.753489	 90.706496	 90.660165	 90.614494	 90.569482	 90.525125	  90.48142	 90.438365	 90.395957	 90.354192	 90.313068	 90.272582	  90.23273	 90.193509	 90.154915	 90.116944	 90.079594	 90.042861	 90.006741	 89.971229	 89.936323	 89.902018	 89.868311	 89.835197	 89.802672	 89.770733	 89.739375	 89.708595	 89.678387	 89.648748	 89.619673	 89.591159	 89.563201	 89.535795	 89.508936	 89.482621	 89.456845	 89.431604	 89.406893	 89.382709	 89.359047	 89.335902	 89.313272	  89.29115	 89.269535	  89.24842	 89.227803	 89.207678	 89.188043	 89.168892	 89.150223	 89.132031	 89.114313	 89.097063	  89.08028	 89.063959	 89.048096	 89.032687	 89.017731	 89.003222	 88.989157	 88.975534	 88.962348	 88.949597	 88.937278	 88.925387	 88.913922	 88.902879	 88.892257	 88.882051	  88.87226	 88.862882	 88.853913	 88.845351	 88.837194	  88.82944	 88.822086	 88.815132	 88.808574	 88.802411	 88.796642	 88.791265	 88.786278	  88.78168	 88.777469	 88.773646	 88.770207	 88.767153	 88.764483	 88.762196	  88.76029	 88.758767	 88.757625	 88.756863	 88.756483	
        99	 98.895852	 98.791718	 98.687611	 98.583545	 98.479533	 98.375589	 98.271726	 98.167957	 98.064297	 97.960759	 97.857355	 97.754099	 97.651005	 97.548086	 97.445354	 97.342822	 97.240505	 97.138414	 97.036562	 96.934962	 96.833627	 96.732568	   96.6318	 96.531332	 96.431179	 96.331352	 96.231863	 96.132723	 96.033945	 95.935539	 95.837518	 95.739892	 95.642673	 95.545872	 95.449499	 95.353564	  95.25808	 95.163055	   95.0685	 94.974425	  94.88084	 94.787754	 94.695177	 94.603118	 94.511587	 94.420591	 94.330141	 94.240244	 94.150908	 94.062142	 93.973954	 93.886352	 93.799343	 93.712934	 93.627132	 93.541946	  93.45738	 93.373442	 93.290138	 93.207475	 93.125457	 93.044092	 92.963384	 92.883338	  92.80396	 92.725255	 92.647227	  92.56988	  92.49322	 92.417249	 92.341972	 92.267393	 92.193514	 92.120339	 92.047872	 91.976114	 91.905069	 91.834738	 91.765125	  91.69623	 91.628057	 91.560606	 91.493879	 91.427876	 91.362601	 91.298052	  91.23423	 91.171138	 91.108773	 91.047137	  90.98623	 90.926051	 90.866601	 90.807877	 90.749881	  90.69261	 90.636064	 90.580242	 90.525142	 90.470763	 90.417104	 90.364161	 90.311935	 90.260421	 90.209619	 90.159526	  90.11014	 90.061458	 90.013476	 89.966194	 89.919607	 89.873712	 89.828507	 89.783988	 89.740152	 89.696996	 89.654515	 89.612707	 89.571568	 89.531093	  89.49128	 89.452124	 89.413622	 89.375768	  89.33856	 89.301993	 89.266062	 89.230764	 89.196095	 89.162049	 89.128623	 89.095812	 89.063612	 89.032018	 89.001026	 88.970632	  88.94083	 88.911616	 88.882986	 88.854936	 88.827459	 88.800554	 88.774213	 88.748434	 88.723211	  88.69854	 88.674417	 88.650837	 88.627796	 88.605288	 88.583311	  88.56186	 88.540929	 88.520516	 88.500616	 88.481224	 88.462336	  88.44395	 88.426059	 88.408662	 88.391752	 88.375328	 88.359385	 88.343919	 88.328927	 88.314405	  88.30035	 88.286758	 88.273626	 88.260951	  88.24873	 88.236959	 88.225636	 88.214757	 88.204321	 88.194323	 88.184763	 88.175636	 88.166941	 88.158676	 88.150837	 88.143424	 88.136434	 88.129865	 88.123715	 88.117983	 88.112667	 88.107766	 88.103278	 88.099202	 88.095537	 88.092281	 88.089435	 88.086997	 88.084966	 88.083342	 88.082124	 88.081313	 88.080907	
        99	 98.889422	 98.778858	 98.668324	 98.557832	 98.447398	 98.337036	 98.226761	 98.116585	 98.006525	 97.896594	 97.786806	 97.677175	 97.567716	 97.458441	 97.349367	 97.240505	  97.13187	 97.023475	 96.915335	 96.807462	  96.69987	 96.592572	 96.485582	 96.378912	 96.272575	 96.166584	 96.060952	 95.955691	 95.850814	 95.746333	  95.64226	 95.538606	 95.435385	 95.332606	 95.230283	 95.128426	 95.027046	 94.926154	 94.825761	 94.725878	 94.626514	 94.527681	 94.429388	 94.331646	 94.234463	 94.137849	 94.041814	 93.946366	 93.851515	 93.757269	 93.663636	 93.570624	 93.478243	 93.386499	   93.2954	 93.204954	 93.115167	 93.026046	 92.937599	 92.849832	 92.762751	 92.676362	  92.59067	 92.505682	 92.421404	 92.337839	 92.254993	 92.172871	 92.091477	 92.010816	 91.930891	 91.851707	 91.773267	 91.695575	 91.618633	 91.542445	 91.467013	  91.39234	 91.318428	  91.24528	 91.172897	 91.101282	 91.030435	 90.960357	 90.891051	 90.822517	 90.754755	 90.687767	 90.621552	 90.556111	 90.491443	 90.427549	 90.364427	 90.302078	 90.240501	 90.179694	 90.119657	 90.060388	 90.001887	  89.94415	 89.887178	 89.830966	 89.775515	 89.720821	 89.666883	 89.613697	 89.561261	 89.509573	 89.458629	 89.408427	 89.358964	 89.310236	  89.26224	 89.214972	  89.16843	 89.122608	 89.077505	 89.033116	 88.989436	 88.946463	 88.904192	 88.862618	 88.821738	 88.781548	 88.742042	 88.703217	 88.665068	 88.627591	 88.590781	 88.554633	 88.519143	 88.484307	 88.450118	 88.416574	 88.383669	 88.351397	 88.319755	 88.288738	  88.25834	 88.228558	 88.199385	 88.170818	 88.142851	  88.11548	   88.0887	 88.062506	 88.036894	 88.011858	 87.987394	 87.963497	 87.940163	 87.917387	 87.895164	  87.87349	 87.852361	 87.831772	 87.811719	 87.792197	 87.773202	  87.75473	 87.736777	 87.719338	 87.702411	  87.68599	 87.670072	 87.654654	 87.639731	   87.6253	 87.611357	 87.597899	 87.584923	 87.572426	 87.560404	 87.548853	 87.537773	 87.527158	 87.517007	 87.507317	 87.498085	 87.489309	 87.480987	 87.473116	 87.465694	  87.45872	  87.45219	 87.446104	  87.44046	 87.435256	 87.430491	 87.426164	 87.422272	 87.418816	 87.415794	 87.413205	 87.411049	 87.409324	 87.408032	  87.40717	 87.406739	
