Time step 61:
        99	        99	        99	        99	        99	        99	        99	        99	        99	        99	        99	        99	        99	        99	        99	        99	        99	        99	        99	        99	        99	        99	        99	        99	        99	        99	        99	        99	        99	        99	        99	        99	        99	        99	        99	        99	        99	        99	        99	        99	        99	        99	        99	        99	        99	        99	        99	        99	        99	        99	        99	        99	        99	        99	        99	        99	        99	        99	        99	        99	        99	        99	        99	        99	        99	        99	        99	        99	        99	        99	        99	        99	        99	        99	        99	        99	        99	        99	        99	        99	        99	        99	        99	        99	        99	        99	        99	        99	        99	        99	        99	        99	        99	        99	        99	        99	        99	        99	        99	        99	        99	        99	        99	        99	        99	        99	        99	        99	        99	        99	        99	        99	        99	        99	        99	        99	        99	        99	        99	        99	        99	        99	        99	        99	        99	        99	        99	        99	        99	        99	        99	        99	        99	        99	        99	        99	        99	        99	        99	        99	        99	        99	        99	        99	        99	        99	        99	        99	        99	        99	        99	        99	        99	        99	        99	        99	        99	        99	        99	        99	        99	        99	        99	        99	        99	        99	        99	        99	        99	        99	        99	        99	        99	        99	        99	        99	        99	        99	        99	        99	        99	        99	        99	        99	        99	        99	        99	        99	        99	        99	        99	        99	        99	        99	        99	        99	        99	        99	        99	        99	
        99	 98.989591	 98.979184	 98.968781	 98.958385	 98.947997	  98.93762	 98.927256	 98.916907	 98.906575	 98.896262	 98.885971	 98.875703	  98.86546	 98.855245	  98.84506	 98.834906	 98.824786	 98.814701	 98.804654	 98.794646	 98.784679	 98.774756	 98.764878	 98.755047	 98.745264	 98.735532	 98.725853	 98.716227	 98.706657	 98.697144	  98.68769	 98.678296	 98.668965	 98.659697	 98.650494	 98.641357	 98.632288	 98.623289	  98.61436	 98.605502	 98.596718	 98.588008	 98.579374	 98.570815	 98.562335	 98.553933	 98.545611	 98.537369	 98.529209	 98.521131	 98.513136	 98.505226	   98.4974	 98.489659	 98.482005	 98.474437	 98.466956	 98.459563	 98.452258	 98.445042	 98.437915	 98.430878	  98.42393	 98.417072	 98.410304	 98.403627	 98.397041	 98.390545	  98.38414	 98.377826	 98.371603	  98.36547	 98.359428	 98.353477	 98.347617	 98.341846	 98.336166	 98.330575	 98.325074	 98.319663	  98.31434	 98.309106	  98.30396	 98.298901	  98.29393	 98.289045	 98.284247	 98.279534	 98.274907	 98.270364	 98.265905	 98.261529	 98.257236	 98.253024	 98.248894	 98.244844	 98.240874	 98.236983	  98.23317	 98.229435	 98.225776	 98.222193	 98.218685	 98.215251	  98.21189	 98.208602	 98.205385	 98.202239	 98.199162	 98.196154	 98.193214	 98.190341	 98.187534	 98.184792	 98.182114	   98.1795	 98.176947	 98.174456	 98.172025	 98.169654	 98.167341	 98.165086	 98.162887	 98.160743	 98.158655	  98.15662	 98.154637	 98.152707	 98.150827	 98.148998	 98.147217	 98.145485	   98.1438	 98.142161	 98.140568	 98.139019	 98.137514	 98.136051	 98.134631	 98.133251	 98.131912	 98.130612	 98.129351	 98.128127	  98.12694	  98.12579	 98.124675	 98.123594	 98.122548	 98.121534	 98.120553	 98.119603	 98.118685	 98.117796	 98.116937	 98.116108	 98.115306	 98.114532	 98.113785	 98.113064	 98.112369	 98.111699	 98.111054	 98.110433	 98.109835	 98.109261	 98.108709	 98.108179	  98.10767	 98.107182	 98.106715	 98.106268	 98.105841	 98.105433	 98.105044	 98.104674	 98.104321	 98.103987	  98.10367	  98.10337	 98.103087	 98.102821	 98.102571	 98.102337	 98.102118	 98.101916	 98.101728	 98.101556	 98.101399	 98.101257	 98.101129	 98.101016	 98.100917	 98.100833	 98.100762	 98.100706	 98.100664	 98.100636	 98.100622	
        99	 98.979184	 98.958372	 98.937568	 98.916778	 98.896005	 98.875253	 98.854527	 98.833831	 98.813169	 98.792546	 98.771965	 98.751431	 98.730948	  98.71052	 98.690152	 98.669846	 98.649608	  98.62944	 98.609348	 98.589334	 98.569403	 98.549559	 98.529805	 98.510144	 98.490581	  98.47112	 98.451762	 98.432512	 98.413374	  98.39435	 98.375444	 98.356659	 98.337998	 98.319464	 98.301059	 98.282788	 98.264653	 98.246655	 98.228799	 98.211086	  98.19352	 98.176101	 98.158834	  98.14172	  98.12476	 98.107958	 98.091316	 98.074834	 98.058515	 98.042361	 98.026374	 98.010554	 97.994904	 97.979424	 97.964116	 97.948982	 97.934022	 97.919238	  97.90463	 97.890199	 97.875947	 97.861873	 97.847979	 97.834265	 97.820731	 97.807378	 97.794206	 97.781216	 97.768408	 97.755781	 97.743335	 97.731072	 97.718989	 97.707088	 97.695368	 97.683829	 97.672469	 97.661289	 97.650289	 97.639466	 97.628822	 97.618355	 97.608063	 97.597947	 97.588006	 97.578238	 97.568642	 97.559218	 97.549964	 97.540879	 97.531961	 97.523211	 97.514625	 97.506203	 97.497943	 97.489845	 97.481906	 97.474124	   97.4665	  97.45903	 97.451713	 97.444547	 97.437532	 97.430665	 97.423944	 97.417368	 97.410935	 97.404643	  97.39849	 97.392475	 97.386596	  97.38085	 97.375237	 97.369753	 97.364398	 97.359169	 97.354065	 97.349083	 97.344222	  97.33948	 97.334854	 97.330344	 97.325946	  97.32166	 97.317483	 97.313414	  97.30945	 97.305589	 97.301831	 97.298172	 97.294611	 97.291147	 97.287777	   97.2845	 97.281313	 97.278216	 97.275206	 97.272281	  97.26944	 97.266682	 97.264003	 97.261404	 97.258881	 97.256435	 97.254062	 97.251761	 97.249531	  97.24737	 97.245277	  97.24325	 97.241288	 97.239389	 97.237552	 97.235775	 97.234058	 97.232398	 97.230795	 97.229247	 97.227753	 97.226312	 97.224922	 97.223582	 97.222292	  97.22105	 97.219855	 97.218706	 97.217602	 97.216542	 97.215524	 97.214549	 97.213615	 97.212722	 97.211867	 97.211051	 97.210274	 97.209533	 97.208828	 97.208159	 97.207525	 97.206926	  97.20636	 97.205827	 97.205327	 97.204859	 97.204422	 97.204017	 97.203643	 97.203298	 97.202984	 97.202699	 97.202444	 97.202218	  97.20202	 97.201852	 97.201711	 97.201599	 97.201515	 97.201459	 97.201431	
        99	 98.968781	 98.937568	 98.906369	 98.875188	 98.844034	 98.812911	 98.781828	 98.750789	 98.719802	 98.688872	 98.658007	 98.627211	 98.596492	 98.565855	 98.535308	 98.504854	 98.474502	 98.444256	 98.414123	 98.384108	 98.354217	 98.324455	 98.294829	 98.265343	 98.236004	 98.206816	 98.177785	 98.148915	 98.120213	 98.091682	 98.063328	 98.035155	 98.007168	 97.979371	  97.95177	 97.924368	 97.897169	 97.870178	 97.843398	 97.816834	 97.790488	 97.764365	 97.738469	 97.712802	 97.687367	 97.662168	 97.637209	  97.61249	 97.588017	  97.56379	 97.539812	 97.516087	 97.492615	   97.4694	 97.446442	 97.423745	 97.401309	 97.379136	 97.357228	 97.335586	 97.314211	 97.293104	 97.272266	 97.251698	 97.231401	 97.211376	 97.191622	  97.17214	  97.15293	 97.133993	 97.115328	 97.096936	 97.078815	 97.060967	  97.04339	 97.026083	 97.009047	  96.99228	 96.975782	 96.959552	 96.943588	 96.927889	 96.912455	 96.897284	 96.882374	 96.867725	 96.853334	   96.8392	 96.825321	 96.811696	 96.798322	 96.785198	 96.772321	 96.759691	 96.747304	 96.735158	 96.723251	 96.711581	 96.700146	 96.688943	  96.67797	 96.667224	 96.656702	 96.646403	 96.636324	 96.626461	 96.616813	 96.607377	  96.59815	 96.589129	 96.580311	 96.571694	 96.563275	 96.555052	  96.54702	 96.539178	 96.531523	 96.524052	 96.516761	 96.509649	 96.502712	 96.495948	 96.489353	 96.482925	  96.47666	 96.470557	 96.464612	 96.458822	 96.453185	 96.447698	 96.442358	 96.437163	 96.432109	 96.427193	 96.422415	 96.417769	 96.413255	 96.408869	 96.404608	 96.400471	 96.396454	 96.392556	 96.388773	 96.385103	 96.381544	 96.378093	 96.374749	 96.371508	 96.368369	 96.365329	 96.362386	 96.359539	 96.356783	 96.354119	 96.351543	 96.349054	  96.34665	 96.344328	 96.342088	 96.339926	 96.337842	 96.335833	 96.333898	 96.332035	 96.330243	  96.32852	 96.326864	 96.325274	 96.323748	 96.322286	 96.320885	 96.319545	 96.318263	  96.31704	 96.315873	 96.314762	 96.313706	 96.312702	 96.311752	 96.310852	 96.310004	 96.309205	 96.308455	 96.307753	 96.307098	  96.30649	 96.305929	 96.305412	 96.304941	 96.304514	 96.304131	 96.303792	 96.303496	 96.303242	 96.303032	 96.302864	 96.302738	 96.302654	 96.302612	
        99	 98.958385	 98.916778	 98.875188	 98.833625	 98.792095	 98.750609	 98.709174	 98.667799	 98.626493	 98.585263	 98.544119	 98.503068	 98.462119	  98.42128	  98.38056	 98.339965	 98.299505	 98.259187	 98.219019	 98.179008	 98.139163	 98.099491	 98.059999	 98.020694	 97.981585	 97.942677	 97.903978	 97.865494	 97.827233	 97.789201	 97.751405	  97.71385	 97.676543	  97.63949	 97.602697	  97.56617	 97.529914	 97.493934	 97.458236	 97.422826	 97.387707	 97.352885	 97.318364	  97.28415	 97.250245	 97.216655	 97.183383	 97.150434	  97.11781	 97.085515	 97.053553	 97.021927	 96.990639	 96.959692	  96.92909	 96.898834	 96.868926	  96.83937	 96.810166	 96.781317	 96.752823	 96.724688	 96.696911	 96.669494	 96.642438	 96.615743	 96.589411	 96.563441	 96.537834	 96.512591	 96.487711	 96.463193	 96.439039	 96.415246	 96.391816	 96.368746	 96.346037	 96.323687	 96.301694	 96.280059	 96.258779	 96.237852	 96.217279	 96.197055	  96.17718	 96.157652	 96.138469	 96.119628	 96.101128	 96.082965	 96.065138	 96.047643	 96.030479	 96.013642	  95.99713	 95.980939	 95.965068	 95.949512	 95.934268	 95.919334	 95.904707	 95.890382	 95.876357	 95.862628	 95.849192	 95.836046	 95.823185	 95.810606	 95.798306	 95.786281	 95.774527	  95.76304	 95.751818	 95.740856	  95.73015	 95.719697	 95.709492	 95.699533	 95.689815	 95.680334	 95.671087	  95.66207	 95.653278	 95.644709	 95.636359	 95.628223	 95.620299	 95.612581	 95.605067	 95.597752	 95.590634	 95.583708	 95.576971	 95.570419	 95.564049	 95.557857	 95.551839	 95.545992	 95.540313	 95.534798	 95.529443	 95.524247	 95.519204	 95.514312	 95.509568	 95.504968	  95.50051	  95.49619	 95.492006	 95.487954	 95.484031	 95.480235	 95.476562	  95.47301	 95.469577	 95.466259	 95.463054	 95.459959	 95.456973	 95.454091	 95.451313	 95.448635	 95.446056	 95.443573	 95.441183	 95.438886	 95.436679	 95.434559	 95.432526	 95.430576	 95.428709	 95.426922	 95.425214	 95.423583	 95.422028	 95.420547	 95.419139	 95.417801	 95.416534	 95.415335	 95.414204	 95.413139	 95.412139	 95.411203	 95.410331	 95.409521	 95.408772	 95.408084	 95.407455	 95.406886	 95.406376	 95.405923	 95.405529	 95.405191	  95.40491	 95.404686	 95.404518	 95.404406	  95.40435	
        99	 98.947997	 98.896005	 98.844034	 98.792095	   98.7402	 98.688358	  98.63658	 98.584878	 98.533261	  98.48174	 98.430325	 98.379028	 98.327858	 98.276825	  98.22594	 98.175213	 98.124653	 98.074271	 98.024077	 97.974079	 97.924288	 97.874713	 97.825363	 97.776248	 97.727376	 97.678756	 97.630397	 97.582308	 97.534497	 97.486971	  97.43974	 97.392811	 97.346192	 97.299891	 97.253914	 97.208268	 97.162962	 97.118002	 97.073393	 97.029144	 96.985259	 96.941745	 96.898608	 96.855853	 96.813485	 96.771511	 96.729934	  96.68876	 96.647992	 96.607637	 96.567696	 96.528176	 96.489078	 96.450407	 96.412166	 96.374357	 96.336985	  96.30005	 96.263557	 96.227506	 96.191901	 96.156742	 96.122032	 96.087771	 96.053961	 96.020604	 95.987698	 95.955246	 95.923248	 95.891703	 95.860613	 95.829976	 95.799792	 95.770061	 95.740781	 95.711953	 95.683575	 95.655646	 95.628164	 95.601128	 95.574536	 95.548387	 95.522677	 95.497406	  95.47257	 95.448168	 95.424196	 95.400653	 95.377534	 95.354838	  95.33256	 95.310699	  95.28925	 95.268211	 95.247577	 95.227345	 95.207512	 95.188073	 95.169024	 95.150363	 95.132084	 95.114184	 95.096658	 95.079502	 95.062713	 95.046284	 95.030213	 95.014495	 94.999124	 94.984097	 94.969409	 94.955056	 94.941032	 94.927334	 94.913955	 94.900893	 94.888141	 94.875696	 94.863552	 94.851705	  94.84015	 94.828882	 94.817896	 94.807188	 94.796753	 94.786587	 94.776684	  94.76704	  94.75765	  94.74851	 94.739615	  94.73096	 94.722542	 94.714354	 94.706394	 94.698656	 94.691136	  94.68383	 94.676733	 94.669841	  94.66315	 94.656656	 94.650355	 94.644242	 94.638314	 94.632566	 94.626995	 94.621597	 94.616368	 94.611304	 94.606402	 94.601658	 94.597069	 94.592631	  94.58834	 94.584194	 94.580189	 94.576322	  94.57259	 94.568989	 94.565517	 94.562171	 94.558948	 94.555845	  94.55286	 94.549989	 94.547231	 94.544582	 94.542041	 94.539605	 94.537271	 94.535039	 94.532904	 94.530866	 94.528923	 94.527072	 94.525312	 94.523641	 94.522057	 94.520559	 94.519146	 94.517815	 94.516565	 94.515396	 94.514306	 94.513293	 94.512358	 94.511498	 94.510712	 94.510001	 94.509364	 94.508798	 94.508305	 94.507883	 94.507532	 94.507252	 94.507042	 94.506903	 94.506833	
        99	  98.93762	 98.875253	 98.812911	 98.750609	 98.688358	 98.626171	 98.564062	 98.502042	 98.440125	 98.378323	  98.31665	 98.255116	 98.193735	 98.132519	  98.07148	  98.01063	 97.949982	 97.889546	 97.829336	 97.769361	 97.709635	 97.650167	  97.59097	 97.532054	  97.47343	 97.415108	   97.3571	 97.299414	 97.242062	 97.185054	 97.128398	 97.072105	 97.016183	 96.960642	 96.905491	 96.850737	  96.79639	 96.742458	 96.688948	 96.635869	 96.583227	  96.53103	 96.479285	 96.427999	 96.377177	 96.326827	 96.276953	 96.227563	 96.178661	 96.130252	 96.082342	 96.034935	 95.988036	 95.941648	 95.895776	 95.850423	 95.805593	 95.761289	 95.717513	 95.674269	 95.631559	 95.589384	 95.547747	  95.50665	 95.466094	  95.42608	 95.386608	 95.347681	 95.309297	 95.271458	 95.234163	 95.197413	 95.161206	 95.125542	  95.09042	  95.05584	 95.021799	 94.988297	 94.955331	   94.9229	 94.891002	 94.859634	 94.828795	 94.798481	 94.768689	 94.739417	 94.710662	 94.682421	 94.654689	 94.627464	 94.600741	 94.574517	 94.548788	 94.523551	 94.498799	  94.47453	 94.450739	 94.427421	 94.404572	 94.382187	  94.36026	 94.338788	 94.317765	 94.297186	 94.277046	  94.25734	 94.238062	 94.219207	 94.200769	 94.182744	 94.165125	 94.147907	 94.131085	 94.114653	 94.098605	 94.082936	  94.06764	 94.052711	 94.038144	 94.023933	 94.010072	 93.996555	 93.983378	 93.970533	 93.958016	 93.945821	 93.933942	 93.922374	  93.91111	 93.900146	 93.889476	 93.879095	 93.868996	 93.859175	 93.849626	 93.840344	 93.831323	 93.822559	 93.814046	 93.805779	 93.797753	 93.789963	 93.782405	 93.775072	 93.767961	 93.761066	 93.754384	 93.747908	 93.741636	 93.735562	 93.729681	 93.723991	 93.718486	 93.713162	 93.708015	 93.703042	 93.698238	 93.693599	 93.689122	 93.684803	 93.680638	 93.676624	 93.672758	 93.669036	 93.665455	 93.662011	 93.658702	 93.655525	 93.652477	 93.649555	 93.646756	 93.644077	 93.641517	 93.639073	 93.636742	 93.634521	  93.63241	 93.630406	 93.628506	 93.626709	 93.625013	 93.623417	 93.621918	 93.620516	 93.619208	 93.617993	 93.616871	 93.615839	 93.614897	 93.614044	 93.613279	 93.612601	 93.612009	 93.611503	 93.611083	 93.610747	 93.610495	 93.610327	 93.610243	
        99	 98.927256	 98.854527	 98.781828	 98.709174	  98.63658	 98.564062	 98.491633	 98.419309	 98.347105	 98.275036	 98.203115	 98.131358	 98.059779	 97.988392	 97.917212	 97.846252	 97.775528	 97.705051	 97.634837	 97.564898	 97.495248	 97.425901	 97.356868	 97.288163	 97.219799	 97.151788	 97.084141	 97.016872	 96.949991	 96.883511	 96.817442	 96.751796	 96.686583	 96.621815	   96.5575	  96.49365	 96.430273	 96.367381	 96.304981	 96.243082	 96.181694	 96.120825	 96.060483	 96.000676	  95.94141	 95.882694	 95.824535	 95.766939	 95.709912	 95.653461	  95.59759	 95.542307	 95.487616	 95.433521	 95.380027	 95.327139	 95.274861	 95.223196	 95.172147	 95.121718	 95.071912	  95.02273	 94.974176	 94.926251	 94.878956	 94.832294	 94.786264	 94.740869	 94.696109	 94.651983	 94.608492	 94.565635	 94.523413	 94.481824	 94.440867	 94.400541	 94.360844	 94.321776	 94.283333	 94.245514	 94.208316	 94.171737	 94.135773	 94.100423	 94.065682	 94.031547	 93.998014	  93.96508	 93.932741	 93.900992	  93.86983	 93.839249	 93.809246	 93.779815	 93.750951	  93.72265	 93.694906	 93.667714	 93.641069	 93.614964	 93.589395	 93.564355	 93.539839	 93.515841	 93.492355	 93.469375	 93.446893	 93.424906	 93.403405	 93.382385	 93.361839	 93.341761	 93.322144	 93.302981	 93.284267	 93.265995	 93.248157	 93.230748	 93.213761	 93.197188	 93.181024	 93.165262	 93.149895	 93.134917	  93.12032	 93.106099	 93.092246	 93.078756	 93.065621	 93.052835	 93.040393	 93.028286	  93.01651	 93.005057	 92.993921	 92.983097	 92.972578	 92.962358	  92.95243	  92.94279	  92.93343	 92.924346	 92.915532	 92.906981	 92.898688	 92.890648	 92.882855	 92.875304	 92.867989	 92.860906	 92.854049	 92.847413	 92.840993	 92.834785	 92.828783	 92.822983	 92.817381	 92.811971	 92.806751	 92.801714	 92.796857	 92.792177	 92.787668	 92.783327	 92.779151	 92.775136	 92.771277	 92.767572	 92.764017	  92.76061	 92.757346	 92.754222	 92.751237	 92.748386	 92.745668	 92.743079	 92.740617	 92.738279	 92.736064	 92.733968	 92.731991	 92.730129	 92.728381	 92.726746	 92.725221	 92.723804	 92.722495	 92.721292	 92.720194	 92.719199	 92.718307	 92.717516	 92.716826	 92.716236	 92.715746	 92.715354	  92.71506	 92.714864	 92.714767	
        99	 98.916907	 98.833831	 98.750789	 98.667799	 98.584878	 98.502042	 98.419309	 98.336696	  98.25422	 98.171897	 98.089745	 98.007779	 97.926016	 97.844474	 97.763167	 97.682112	 97.601326	 97.520823	 97.440619	 97.360731	 97.281172	 97.201959	 97.123105	 97.044626	 96.966536	 96.888848	 96.811578	 96.734739	 96.658343	 96.582405	 96.506937	 96.431952	 96.357461	 96.283478	 96.210013	 96.137079	 96.064687	 95.992846	 95.921569	 95.850865	 95.780743	 95.711214	 95.642287	 95.573971	 95.506275	 95.439205	 95.372772	 95.306982	 95.241842	 95.177359	 95.113541	 95.050392	  94.98792	 94.926129	 94.865025	 94.804613	 94.744897	 94.685882	 94.627571	 94.569967	 94.513075	 94.456897	 94.401435	 94.346691	 94.292668	 94.239367	  94.18679	 94.134936	 94.083808	 94.033404	 93.983726	 93.934772	 93.886543	 93.839037	 93.792253	  93.74619	 93.700847	  93.65622	 93.612308	 93.569109	 93.526619	 93.484835	 93.443756	 93.403376	 93.363692	 93.324701	 93.286397	 93.248778	 93.211838	 93.175573	 93.139977	 93.105046	 93.070774	 93.037156	 93.004186	 92.971858	 92.940167	 92.909107	 92.878671	 92.848852	 92.819645	 92.791044	  92.76304	 92.735628	   92.7088	  92.68255	 92.656871	 92.631755	 92.607195	 92.583185	 92.559716	 92.536781	 92.514373	 92.492485	 92.471108	 92.450236	 92.429861	 92.409975	 92.390571	 92.371641	 92.353177	 92.335173	  92.31762	  92.30051	 92.283837	 92.267592	 92.251769	 92.236359	 92.221356	 92.206751	 92.192538	 92.178709	 92.165258	 92.152175	 92.139456	 92.127091	 92.115076	 92.103401	 92.092062	  92.08105	 92.070359	 92.059983	 92.049914	 92.040146	 92.030674	  92.02149	 92.012588	 92.003963	 91.995608	 91.987517	 91.979684	 91.972104	 91.964771	 91.957679	 91.950824	 91.944199	   91.9378	  91.93162	 91.925657	 91.919904	 91.914356	 91.909009	 91.903859	 91.898901	 91.894131	 91.889544	 91.885137	 91.880905	 91.876844	 91.872952	 91.869223	 91.865656	 91.862245	 91.858989	 91.855884	 91.852926	 91.850114	 91.847444	 91.844914	  91.84252	 91.840261	 91.838135	 91.836138	  91.83427	 91.832528	  91.83091	 91.829415	 91.828041	 91.826786	  91.82565	 91.824631	 91.823727	 91.822939	 91.822265	 91.821705	 91.821257	 91.820922	 91.820698	 91.820587	
        99	 98.906575	 98.813169	 98.719802	 98.626493	 98.533261	 98.440125	 98.347105	  98.25422	 98.161488	 98.068929	 97.976562	 97.884404	 97.792476	 97.700794	 97.609377	 97.518244	 97.427412	 97.336899	 97.246723	 97.156901	  97.06745	 96.978387	 96.889729	 96.801491	 96.713691	 96.626344	 96.539466	 96.453072	 96.367178	 96.281797	 96.196945	 96.112636	 96.028883	 95.945701	 95.863102	 95.781099	 95.699705	 95.618932	 95.538791	 95.459296	 95.380455	 95.302281	 95.224784	 95.147973	 95.071859	  94.99645	 94.921756	 94.847785	 94.774546	 94.702045	 94.630292	 94.559291	 94.489051	 94.419577	 94.350876	 94.282952	 94.215811	 94.149457	 94.083895	  94.01913	 93.955163	    93.892	 93.829641	 93.768091	 93.707351	 93.647422	 93.588307	 93.530006	  93.47252	 93.415849	 93.359994	 93.304953	 93.250727	 93.197314	 93.144713	 93.092923	 93.041941	 92.991765	 92.942393	 92.893822	 92.846049	  92.79907	 92.752883	 92.707482	 92.662864	 92.619024	 92.575958	 92.533661	 92.492128	 92.451353	 92.411332	 92.372057	 92.333524	 92.295725	 92.258656	 92.222309	 92.186677	 92.151755	 92.117534	 92.084008	  92.05117	 92.019011	 91.987526	 91.956705	 91.926542	 91.897028	 91.868155	 91.839916	 91.812303	 91.785307	  91.75892	 91.733133	 91.707939	 91.683329	 91.659295	 91.635828	 91.612919	  91.59056	 91.568743	  91.54746	   91.5267	 91.506457	 91.486721	 91.467484	 91.448738	 91.430473	 91.412682	 91.395357	 91.378488	 91.362067	 91.346087	 91.330539	 91.315414	 91.300705	 91.286404	 91.272502	 91.258993	 91.245867	 91.233117	 91.220736	 91.208716	 91.197049	 91.185728	 91.174746	 91.164096	  91.15377	 91.143762	 91.134064	  91.12467	 91.115573	 91.106766	 91.098244	 91.089999	 91.082025	 91.074317	 91.066869	 91.059674	 91.052726	 91.046021	 91.039552	 91.033315	 91.027304	 91.021513	 91.015938	 91.010575	 91.005418	 91.000462	 90.995704	 90.991139	 90.986762	  90.98257	 90.978559	 90.974725	 90.971064	 90.967572	 90.964247	 90.961085	 90.958083	 90.955238	 90.952547	 90.950007	 90.947616	 90.945371	 90.943271	 90.941312	 90.939493	 90.937812	 90.936267	 90.934856	 90.933579	 90.932433	 90.931418	 90.930531	 90.929774	 90.929143	  90.92864	 90.928263	 90.928012	 90.927886	
        99	 98.896262	 98.792546	 98.688872	 98.585263	  98.48174	 98.378323	 98.275036	 98.171897	 98.068929	 97.966153	  97.86359	  97.76126	 97.659183	 97.557381	 97.455873	 97.354681	 97.253822	 97.153318	 97.053188	 96.953451	 96.854126	 96.755232	 96.656787	 96.558809	 96.461317	 96.364329	 96.267861	  96.17193	 96.076554	 95.981749	  95.88753	 95.793915	 95.700917	 95.608553	 95.516836	 95.425781	 95.335402	 95.245713	 95.156727	 95.068456	 94.980912	 94.894109	 94.808057	 94.722768	 94.638251	 94.554519	  94.47158	 94.389444	  94.30812	 94.227616	 94.147942	 94.069104	 93.991111	 93.913968	 93.837683	 93.762261	 93.687709	 93.614031	 93.541232	 93.469317	  93.39829	 93.328154	 93.258912	 93.190568	 93.123122	 93.056579	 92.990938	 92.926202	  92.86237	 92.799444	 92.737423	 92.676306	 92.616094	 92.556786	 92.498378	 92.440871	 92.384261	 92.328547	 92.273725	 92.219793	 92.166746	 92.114582	 92.063296	 92.012883	  91.96334	 91.914661	 91.866841	 91.819876	 91.773758	 91.728482	 91.684043	 91.640433	 91.597646	 91.555675	 91.514514	 91.474154	  91.43459	 91.395812	 91.357814	 91.320587	 91.284124	 91.248416	 91.213455	 91.179232	 91.145739	 91.112967	 91.080908	 91.049552	  91.01889	 90.988914	 90.959614	 90.930981	 90.903006	  90.87568	 90.848992	 90.822935	 90.797497	 90.772671	 90.748445	 90.724812	 90.701761	 90.679283	 90.657369	 90.636009	 90.615193	 90.594912	 90.575158	 90.555919	 90.537188	 90.518955	 90.501211	 90.483946	 90.467152	  90.45082	  90.43494	 90.419504	 90.404503	 90.389928	 90.375771	 90.362023	 90.348676	 90.335721	 90.323151	 90.310957	 90.299131	 90.287665	 90.276552	 90.265784	 90.255353	 90.245251	 90.235473	 90.226009	 90.216854	 90.208001	 90.199442	 90.191171	 90.183182	 90.175468	 90.168022	 90.160839	 90.153914	 90.147239	 90.140809	 90.134619	 90.128664	 90.122937	 90.117435	 90.112151	 90.107082	 90.102222	 90.097567	 90.093113	 90.088856	 90.084791	 90.080914	 90.077222	 90.073711	 90.070377	 90.067218	  90.06423	  90.06141	 90.058755	 90.056263	  90.05393	 90.051755	 90.049735	 90.047869	 90.046153	 90.044587	 90.043168	 90.041896	 90.040768	 90.039784	 90.038943	 90.038243	 90.037684	 90.037265	 90.036987	 90.036847	
        99	 98.885971	 98.771965	 98.658007	 98.544119	 98.430325	  98.31665	 98.203115	 98.089745	 97.976562	  97.86359	 97.750851	 97.638369	 97.526166	 97.414265	 97.302687	 97.191455	 97.080591	 96.970117	 96.860053	 96.750422	 96.641243	 96.532538	 96.424326	 96.316629	 96.209465	 96.102855	 95.996817	 95.891369	 95.786531	 95.682321	 95.578756	 95.475853	 95.373629	 95.272101	 95.171286	 95.071198	 94.971853	 94.873266	 94.775452	 94.678424	 94.582196	 94.486781	 94.392192	 94.298442	 94.205541	 94.113502	 94.022334	  93.93205	 93.842658	 93.754168	  93.66659	 93.579931	   93.4942	 93.409404	 93.325551	 93.242647	 93.160699	 93.079711	 92.999691	 92.920641	 92.842568	 92.765474	 92.689363	 92.614238	 92.540102	 92.466957	 92.394805	 92.323646	 92.253482	 92.184313	 92.116139	  92.04896	 91.982774	 91.917582	  91.85338	 91.790168	 91.727942	   91.6667	  91.60644	 91.547157	 91.488848	 91.431509	 91.375134	 91.319721	 91.265263	 91.211755	 91.159191	 91.107566	 91.056873	 91.007106	 90.958257	 90.910321	 90.863289	 90.817155	  90.77191	 90.727547	 90.684057	 90.641433	 90.599665	 90.558745	 90.518665	 90.479414	 90.440985	 90.403367	 90.366551	 90.330528	 90.295288	 90.260821	 90.227118	 90.194168	 90.161961	 90.130488	 90.099738	   90.0697	 90.040365	 90.011722	 89.983761	 89.956472	 89.929844	 89.903866	 89.878528	  89.85382	 89.829732	 89.806252	 89.783372	 89.761079	 89.739365	 89.718218	 89.697629	 89.677587	 89.658082	 89.639105	 89.620644	 89.602692	 89.585236	 89.568269	  89.55178	 89.535759	 89.520198	 89.505086	 89.490415	 89.476175	 89.462358	 89.448954	 89.435955	 89.423351	 89.411136	 89.399299	 89.387833	  89.37673	 89.365981	 89.355579	 89.345516	 89.335784	 89.326376	 89.317285	 89.308503	 89.300023	 89.291839	 89.283944	 89.276331	 89.268994	 89.261926	 89.255122	 89.248576	 89.242281	 89.236233	 89.230425	 89.224853	 89.219511	 89.214395	 89.209499	 89.204819	  89.20035	 89.196089	 89.192031	 89.188171	 89.184507	 89.181035	  89.17775	  89.17465	 89.171732	 89.168992	 89.166428	 89.164037	 89.161817	 89.159765	  89.15788	 89.156158	 89.154599	   89.1532	 89.151961	 89.150879	 89.149954	 89.149185	 89.148571	  89.14811	 89.147804	 89.147651	
        99	 98.875703	 98.751431	 98.627211	 98.503068	 98.379028	 98.255116	 98.131358	 98.007779	 97.884404	  97.76126	 97.638369	 97.515759	 97.393452	 97.271474	 97.149849	 97.028601	 96.907755	 96.787332	 96.667358	 96.547854	 96.428844	  96.31035	 96.192395	    96.075	 95.958186	 95.841976	 95.726389	 95.611447	 95.497168	 95.383574	 95.270683	 95.158514	 95.047085	 94.936415	 94.826522	 94.717421	 94.609131	 94.501666	 94.395044	 94.289279	 94.184386	 94.080379	 93.977273	  93.87508	 93.773814	 93.673487	 93.574111	 93.475697	 93.378255	 93.281797	 93.186332	  93.09187	 92.998419	 92.905988	 92.814584	 92.724215	 92.634887	 92.546607	 92.459381	 92.373214	  92.28811	 92.204074	 92.121109	  92.03922	 91.958408	 91.878676	 91.800027	  91.72246	 91.645978	 91.570581	 91.496268	 91.423039	 91.350894	 91.279831	 91.209849	 91.140944	 91.073115	 91.006359	 90.940672	 90.876051	 90.812491	 90.749989	 90.688538	 90.628135	 90.568773	 90.510447	  90.45315	 90.396876	 90.341618	  90.28737	 90.234123	  90.18187	 90.130603	 90.080315	 90.030996	 89.982638	 89.935232	 89.888769	 89.843241	 89.798636	 89.754946	 89.712161	 89.670271	 89.629266	 89.589135	 89.549868	 89.511455	 89.473885	 89.437147	  89.40123	 89.366123	 89.331815	 89.298296	 89.265554	 89.233577	 89.202355	 89.171877	  89.14213	 89.113103	 89.084786	 89.057167	 89.030234	 89.003977	 88.978383	 88.953442	 88.929142	 88.905472	 88.882421	 88.859978	 88.838132	 88.816871	 88.796184	 88.776062	 88.756493	 88.737466	  88.71897	 88.700996	 88.683533	  88.66657	 88.650098	 88.634105	 88.618583	 88.603522	 88.588911	 88.574741	 88.561003	 88.547688	 88.534785	 88.522287	 88.510183	 88.498467	 88.487128	 88.476159	 88.465551	 88.455295	 88.445385	 88.435813	  88.42657	 88.417649	 88.409042	 88.400744	 88.392746	 88.385042	 88.377625	  88.37049	 88.363628	 88.357035	 88.350705	 88.344631	 88.338808	 88.333231	 88.327894	 88.322793	 88.317922	 88.313277	 88.308853	 88.304646	 88.300652	 88.296866	 88.293286	 88.289907	 88.286726	  88.28374	 88.280945	 88.278339	 88.275919	 88.273682	 88.271627	  88.26975	  88.26805	 88.266526	 88.265175	 88.263996	 88.262988	 88.262149	 88.261479	 88.260978	 88.260643	 88.260477	
        99	  98.86546	 98.730948	 98.596492	 98.462119	 98.327858	 98.193735	 98.059779	 97.926016	 97.792476	 97.659183	 97.526166	 97.393452	 97.261067	 97.129038	 96.997391	 96.866152	 96.735346	 96.605001	  96.47514	 96.345789	 96.216972	 96.088714	 95.961039	  95.83397	  95.70753	 95.581744	 95.456632	 95.332218	 95.208523	 95.085568	 94.963374	 94.841962	 94.721352	 94.601562	 94.482613	 94.364522	 94.247308	 94.130988	  94.01558	 93.901099	 93.787563	 93.674986	 93.563383	  93.45277	 93.343159	 93.234564	 93.126999	 93.020475	 92.915004	 92.810598	 92.707267	  92.60502	 92.503869	 92.403821	 92.304885	 92.207069	  92.11038	 92.014826	 91.920412	 91.827144	 91.735027	 91.644066	 91.554265	 91.465628	 91.378157	 91.291855	 91.206725	 91.122766	 91.039982	 90.958371	 90.877935	 90.798672	 90.720582	 90.643663	 90.567914	 90.493331	 90.419913	 90.347656	 90.276556	  90.20661	 90.137813	  90.07016	 90.003646	 89.938265	 89.874011	 89.810879	  89.74886	 89.687949	 89.628138	 89.569419	 89.511785	 89.455226	 89.399735	 89.345302	 89.291919	 89.239577	 89.188264	 89.137973	 89.088692	 89.040412	 88.993122	 88.946812	  88.90147	 88.857086	 88.813648	 88.771145	 88.729567	 88.688901	 88.649135	 88.610258	 88.572259	 88.535124	 88.498843	 88.463402	 88.428791	 88.394996	 88.362006	 88.329808	  88.29839	 88.267739	 88.237844	 88.208692	 88.180271	 88.152568	 88.125572	 88.099269	 88.073649	 88.048699	 88.024406	 88.000759	 87.977746	 87.955355	 87.933575	 87.912393	 87.891798	 87.871778	 87.852323	 87.833421	  87.81506	 87.797231	  87.77992	 87.763119	 87.746817	 87.731002	 87.715665	 87.700795	 87.686382	 87.672416	 87.658887	 87.645787	 87.633105	 87.620832	 87.608958	 87.597476	 87.586376	 87.575649	 87.565288	 87.555283	 87.545627	 87.536311	 87.527329	 87.518672	 87.510334	 87.502306	 87.494582	 87.487155	 87.480019	 87.473167	 87.466592	 87.460289	 87.454253	 87.448476	 87.442954	 87.437682	 87.432654	 87.427866	 87.423312	 87.418989	 87.414892	 87.411017	 87.407359	 87.403916	 87.400684	 87.397658	 87.394838	 87.392218	 87.389797	 87.387572	 87.385541	 87.383701	 87.382051	 87.380589	 87.379313	 87.378221	 87.377314	 87.376589	 87.376046	 87.375684	 87.375503	
        99	 98.855245	  98.71052	 98.565855	  98.42128	 98.276825	 98.132519	 97.988392	 97.844474	 97.700794	 97.557381	 97.414265	 97.271474	 97.129038	 96.986984	 96.845342	 96.704138	 96.563402	 96.423159	 96.283439	 96.144267	 96.005669	 95.867673	 95.730304	 95.593587	 95.457548	 95.322211	 95.187601	  95.05374	 94.920653	 94.788363	 94.656892	 94.526261	 94.396493	 94.267609	 94.139628	 94.012571	 93.886458	 93.761306	 93.637136	 93.513963	 93.391806	 93.270682	 93.150606	 93.031594	 92.913661	 92.796821	 92.681089	 92.566477	 92.452998	 92.340665	 92.229488	 92.119479	 92.010647	 91.903003	 91.796555	 91.691313	 91.587283	 91.484473	 91.382891	 91.282542	 91.183431	 91.085564	 90.988945	 90.893577	 90.799465	 90.706611	 90.615017	 90.524684	 90.435614	 90.347807	 90.261264	 90.175983	 90.091964	 90.009205	 89.927704	 89.847459	 89.768466	 89.690723	 89.614225	 89.538968	 89.464948	 89.392158	 89.320594	 89.250249	 89.181117	 89.113191	 89.046464	 88.980928	 88.916575	 88.853398	 88.791388	 88.730535	 88.670831	 88.612265	 88.554829	 88.498512	 88.443304	 88.389194	 88.336172	 88.284226	 88.233346	 88.183519	 88.134735	  88.08698	 88.040245	 87.994515	  87.94978	 87.906026	 87.863241	 87.821413	 87.780528	 87.740574	 87.701538	 87.663407	 87.626167	 87.589807	 87.554311	 87.519669	 87.485865	 87.452887	 87.420723	 87.389357	 87.358778	 87.328972	 87.299926	 87.271627	 87.244061	 87.217216	 87.191079	 87.165637	 87.140877	 87.116786	 87.093352	 87.070561	 87.048403	 87.026863	 87.005931	 86.985593	 86.965839	 86.946655	 86.928031	 86.909954	 86.892414	 86.875398	 86.858896	 86.842897	  86.82739	 86.812364	 86.797809	 86.783713	 86.770068	 86.756863	 86.744089	 86.731734	 86.719792	  86.70825	 86.697102	 86.686338	 86.675948	 86.665926	 86.656262	 86.646947	 86.637976	 86.629338	 86.621028	 86.613037	 86.605359	 86.597987	 86.590913	 86.584132	 86.577637	 86.571422	 86.565481	 86.559808	 86.554399	 86.549247	 86.544347	 86.539696	 86.535287	 86.531118	 86.527183	 86.523478	     86.52	 86.516746	 86.513711	 86.510892	 86.508287	 86.505894	 86.503708	 86.501729	 86.499953	  86.49838	 86.497007	 86.495833	 86.494856	 86.494076	 86.493492	 86.493103	 86.492908	
        99	  98.84506	 98.690152	 98.535308	  98.38056	  98.22594	  98.07148	 97.917212	 97.763167	 97.609377	 97.455873	 97.302687	 97.149849	 96.997391	 96.845342	 96.693733	 96.542594	 96.391954	 96.241844	 96.092292	 95.943328	 95.794978	 95.647272	 95.500237	 95.353901	 95.208289	  95.06343	 94.919347	 94.776068	 94.633617	 94.492018	 94.351296	 94.211474	 94.072575	 93.934622	 93.797636	 93.661639	 93.526652	 93.392694	 93.259786	 93.127947	 92.997195	 92.867548	 92.739023	 92.611637	 92.485405	 92.360345	 92.236469	 92.113793	 91.992329	 91.872092	 91.753092	 91.635342	 91.518853	 91.403634	 91.289697	 91.177049	 91.065699	 90.955656	 90.846926	 90.739515	 90.633431	 90.528677	  90.42526	 90.323182	 90.222448	  90.12306	 90.025021	 89.928332	 89.832995	  89.73901	 89.646377	 89.555095	 89.465164	 89.376582	 89.289346	 89.203455	 89.118904	 89.035691	  88.95381	 88.873258	 88.794029	 88.716118	 88.639518	 88.564223	 88.490227	 88.417521	 88.346099	 88.275952	 88.207072	 88.139449	 88.073076	 88.007941	 87.944035	 87.881349	 87.819872	 87.759592	 87.700499	 87.642582	 87.585829	 87.530228	 87.475768	 87.422435	 87.370218	 87.319104	 87.269079	 87.220132	 87.172249	 87.125417	 87.079621	  87.03485	 86.991088	 86.948323	  86.90654	 86.865726	 86.825866	 86.786947	 86.748954	 86.711874	 86.675692	 86.640394	 86.605966	 86.572393	 86.539662	 86.507759	 86.476669	 86.446379	 86.416874	  86.38814	 86.360164	 86.332931	 86.306429	 86.280643	  86.25556	 86.231166	 86.207448	 86.184393	 86.161988	 86.140219	 86.119075	 86.098541	 86.078607	 86.059258	 86.040483	 86.022271	 86.004608	 85.987483	 85.970884	 85.954801	 85.939221	 85.924134	 85.909529	 85.895395	 85.881721	 85.868498	 85.855715	 85.843362	 85.831429	 85.819907	 85.808787	 85.798059	 85.787715	 85.777745	 85.768142	 85.758897	 85.750002	 85.741449	 85.733231	 85.725339	 85.717768	  85.71051	 85.703558	 85.696905	 85.690546	 85.684474	 85.678684	  85.67317	 85.667926	 85.662947	 85.658228	 85.653765	 85.649553	 85.645588	 85.641866	 85.638382	 85.635133	 85.632117	 85.629329	 85.626766	 85.624427	 85.622308	 85.620408	 85.618724	 85.617254	 85.615997	 85.614952	 85.614117	 85.613492	 85.613075	 85.612867	
        99	 98.834906	 98.669846	 98.504854	 98.339965	 98.175213	  98.01063	 97.846252	 97.682112	 97.518244	 97.354681	 97.191455	 97.028601	 96.866152	 96.704138	 96.542594	  96.38155	 96.221039	 96.061091	 95.901739	 95.743011	  95.58494	 95.427554	 95.270884	 95.114957	 94.959803	  94.80545	 94.651926	 94.499257	  94.34747	 94.196592	 94.046648	 93.897663	 93.749661	 93.602667	 93.456704	 93.311795	 93.167961	 93.025225	 92.883607	 92.743128	 92.603807	 92.465663	 92.328716	 92.192981	 92.058478	 91.925221	 91.793228	 91.662512	 91.533088	 91.404971	 91.278173	 91.152706	 91.028583	 90.905814	 90.784409	 90.664379	 90.545732	 90.428477	 90.312622	 90.198172	 90.085136	 89.973517	 89.863323	 89.754555	  89.64722	 89.541319	 89.436854	 89.333829	 89.232244	   89.1321	 89.033396	 88.936132	 88.840308	 88.745921	 88.652968	 88.561448	 88.471356	 88.382689	 88.295443	 88.209612	 88.125191	 88.042174	 87.960554	 87.880325	 87.801479	 87.724009	 87.647906	 87.573162	 87.499768	 87.427714	  87.35699	 87.287587	 87.219494	 87.152699	 87.087193	 87.022963	 86.959998	 86.898285	 86.837813	 86.778568	 86.720538	 86.663711	 86.608071	 86.553607	 86.500305	  86.44815	 86.397129	 86.347227	 86.298431	 86.250725	 86.204096	 86.158528	 86.114007	 86.070518	 86.028046	 85.986576	 85.946094	 85.906583	  85.86803	 85.830419	 85.793735	 85.757962	 85.723086	 85.689092	 85.655965	 85.623689	 85.592251	 85.561634	 85.531824	 85.502807	 85.474568	 85.447092	 85.420365	 85.394373	 85.369101	 85.344535	 85.320661	 85.297466	 85.274936	 85.253057	 85.231816	 85.211199	 85.191194	 85.171788	 85.152967	  85.13472	 85.117034	 85.099896	 85.083296	  85.06722	 85.051658	 85.036597	 85.022028	 85.007938	 84.994317	 84.981154	 84.968439	 84.956162	 84.944313	 84.932882	  84.92186	 84.911237	 84.901005	 84.891154	 84.881676	 84.872563	 84.863806	 84.855397	  84.84733	 84.839596	 84.832188	   84.8251	 84.818324	 84.811854	 84.805685	 84.799809	 84.794221	 84.788916	 84.783888	 84.779133	 84.774645	  84.77042	 84.766453	 84.762741	  84.75928	 84.756065	 84.753094	 84.750364	 84.747872	 84.745614	 84.743589	 84.741795	 84.740229	  84.73889	 84.737776	 84.736886	  84.73622	 84.735776	 84.735554	
        99	 98.824786	 98.649608	 98.474502	 98.299505	 98.124653	 97.949982	 97.775528	 97.601326	 97.427412	 97.253822	 97.080591	 96.907755	 96.735346	 96.563402	 96.391954	 96.221039	 96.050688	 95.880936	 95.711815	 95.543358	 95.375597	 95.208563	 95.042288	 94.876804	 94.712139	 94.548324	 94.385388	 94.223361	  94.06227	 93.902143	 93.743007	 93.584889	 93.427815	  93.27181	   93.1169	 92.963107	 92.810457	 92.658971	 92.508671	 92.359581	  92.21172	 92.065108	 91.919765	  91.77571	 91.632962	 91.491537	 91.351452	 91.212723	 91.075366	 90.939395	 90.804824	 90.671666	 90.539934	 90.409639	 90.280793	 90.153405	 90.027485	 89.903042	 89.780085	 89.658619	 89.538654	 89.420193	 89.303243	 89.187809	 89.073893	   88.9615	 88.850633	 88.741292	  88.63348	 88.527196	 88.422442	 88.319216	 88.217518	 88.117344	 88.018694	 87.921564	 87.825949	 87.731847	 87.639253	  87.54816	 87.458564	 87.370458	 87.283835	 87.198688	 87.115009	  87.03279	 86.952022	 86.872696	 86.794802	 86.718331	 86.643272	 86.569615	 86.497347	 86.426458	 86.356937	 86.288769	 86.221944	 86.156449	 86.092269	 86.029393	 85.967806	 85.907495	 85.848445	 85.790642	 85.734072	  85.67872	 85.624571	 85.571611	 85.519823	 85.469193	 85.419705	 85.371344	 85.324094	 85.277939	 85.232864	 85.188852	 85.145888	 85.103956	 85.063039	 85.023122	 84.984189	 84.946224	  84.90921	 84.873132	 84.837974	  84.80372	 84.770354	 84.737861	 84.706224	 84.675428	 84.645458	 84.616297	 84.587932	 84.560346	 84.533525	 84.507453	 84.482116	 84.457499	 84.433588	 84.410368	 84.387824	 84.365944	 84.344713	 84.324117	 84.304143	 84.284777	 84.266006	 84.247819	   84.2302	 84.213139	 84.196623	 84.180639	 84.165177	 84.150223	 84.135767	 84.121797	 84.108303	 84.095274	 84.082698	 84.070567	 84.058869	 84.047595	 84.036735	  84.02628	 84.016221	 84.006549	 83.997255	 83.988332	 83.979769	 83.971561	   83.9637	 83.956177	 83.948986	 83.942119	 83.935572	 83.929336	 83.923405	 83.917775	 83.912439	 83.907392	 83.902629	 83.898145	 83.893935	 83.889996	 83.886322	  83.88291	 83.879758	  83.87686	 83.874215	 83.871819	  83.86967	 83.867765	 83.866103	 83.864682	   83.8635	 83.862556	 83.861849	 83.861378	 83.861142	
