Time step 16:
        99	        99	        99	        99	        99	        99	        99	        99	        99	        99	        99	        99	        99	        99	        99	        99	        99	        99	        99	        99	        99	        99	        99	        99	        99	        99	        99	        99	        99	        99	        99	        99	        99	        99	        99	        99	        99	        99	        99	        99	        99	        99	        99	        99	        99	        99	        99	        99	        99	        99	        99	        99	        99	        99	        99	        99	        99	        99	        99	        99	        99	        99	        99	        99	        99	        99	        99	        99	        99	        99	        99	        99	        99	        99	        99	        99	        99	        99	        99	        99	        99	        99	        99	        99	        99	        99	        99	        99	        99	        99	        99	        99	        99	        99	        99	        99	        99	        99	        99	        99	        99	        99	        99	        99	        99	        99	        99	        99	        99	        99	        99	        99	        99	        99	        99	        99	        99	        99	        99	        99	        99	        99	        99	        99	        99	        99	        99	        99	        99	        99	        99	        99	        99	        99	        99	        99	        99	        99	        99	        99	        99	        99	        99	        99	        99	        99	        99	        99	        99	        99	        99	        99	        99	        99	        99	        99	        99	        99	        99	        99	        99	        99	        99	        99	        99	        99	        99	        99	        99	        99	        99	        99	        99	        99	        99	        99	        99	        99	        99	        99	        99	        99	        99	        99	        99	        99	        99	        99	        99	        99	        99	        99	        99	        99	        99	        99	        99	        99	        99	        99	
        99	 98.960321	 98.920672	 98.881087	 98.841595	 98.802227	 98.763015	 98.723988	 98.685176	 98.646608	 98.608313	 98.570319	 98.532654	 98.495344	 98.458414	 98.421891	 98.385797	 98.350156	  98.31499	  98.28032	 98.246166	 98.212548	 98.179481	 98.146984	 98.115072	 98.083758	 98.053056	 98.022978	 97.993533	 97.964733	 97.936584	 97.909093	 97.882267	  97.85611	 97.830626	 97.805816	 97.781682	 97.758224	 97.735441	 97.713331	 97.691891	 97.671118	 97.651006	 97.631549	 97.612742	 97.594576	 97.577044	 97.560137	 97.543846	  97.52816	 97.513069	 97.498562	 97.484627	 97.471253	 97.458426	 97.446134	 97.434364	 97.423103	 97.412337	 97.402053	 97.392236	 97.382874	 97.373951	 97.365454	 97.357369	 97.349683	  97.34238	 97.335448	 97.328873	 97.322641	  97.31674	 97.311156	 97.305875	 97.300887	 97.296177	 97.291734	 97.287547	 97.283603	 97.279892	 97.276402	 97.273123	 97.270045	 97.267157	  97.26445	 97.261914	 97.259541	 97.257322	 97.255249	 97.253313	 97.251506	 97.249822	 97.248254	 97.246794	 97.245436	 97.244175	 97.243003	 97.241916	 97.240908	 97.239975	 97.239111	 97.238311	 97.237573	 97.236891	 97.236261	 97.235681	 97.235146	 97.234654	 97.234201	 97.233785	 97.233403	 97.233052	 97.232731	 97.232436	 97.232167	  97.23192	 97.231694	 97.231488	   97.2313	 97.231129	 97.230973	 97.230831	 97.230701	 97.230584	 97.230477	  97.23038	 97.230292	 97.230212	  97.23014	 97.230075	 97.230016	 97.229962	 97.229914	 97.229871	 97.229832	 97.229797	 97.229765	 97.229736	 97.229711	 97.229688	 97.229667	 97.229649	 97.229632	 97.229617	 97.229604	 97.229592	 97.229582	 97.229572	 97.229564	 97.229556	  97.22955	 97.229544	 97.229539	 97.229534	  97.22953	 97.229526	 97.229523	  97.22952	 97.229517	 97.229515	 97.229513	 97.229511	  97.22951	 97.229508	 97.229507	 97.229506	 97.229505	 97.229504	 97.229504	 97.229503	 97.229503	 97.229502	 97.229502	 97.229501	 97.229501	 97.229501	   97.2295	   97.2295	   97.2295	   97.2295	   97.2295	   97.2295	   97.2295	 97.229499	 97.229499	 97.229499	 97.229499	 97.229499	 97.229499	 97.229499	 97.229499	 97.229499	 97.229499	 97.229499	 97.229499	 97.229499	 97.229499	 97.229499	 97.229499	 97.229499	 97.229499	
        99	 98.920672	 98.841408	 98.762268	 98.683315	 98.604611	 98.526217	 98.448193	   98.3706	 98.293495	 98.216935	 98.140977	 98.065676	 97.991085	 97.917256	 97.844237	 97.772078	 97.700824	 97.630521	 97.561208	 97.492928	 97.425716	  97.35961	 97.294641	 97.230842	 97.168239	 97.106859	 97.046726	 96.987861	 96.930282	 96.874006	 96.819047	 96.765416	 96.713123	 96.662174	 96.612574	 96.564325	 96.517427	 96.471879	 96.427677	 96.384815	 96.343284	 96.303075	 96.264178	 96.226578	 96.190261	 96.155211	 96.121411	 96.088841	 96.057482	 96.027312	 95.998309	  95.97045	 95.943711	 95.918068	 95.893494	 95.869963	  95.84745	 95.825927	 95.805366	 95.785741	 95.767023	 95.749185	 95.732198	 95.716034	 95.700667	 95.686068	  95.67221	 95.659065	 95.646606	 95.634808	 95.623643	 95.613087	 95.603114	 95.593698	 95.584817	 95.576445	 95.568561	 95.561142	 95.554165	 95.547609	 95.541455	 95.535681	 95.530269	   95.5252	 95.520456	 95.516019	 95.511874	 95.508003	 95.504392	 95.501026	  95.49789	 95.494971	 95.492257	 95.489734	 95.487392	 95.485219	 95.483204	 95.481338	  95.47961	 95.478012	 95.476536	 95.475172	 95.473914	 95.472754	 95.471685	 95.470701	 95.469796	 95.468964	   95.4682	 95.467499	 95.466856	 95.466267	 95.465728	 95.465235	 95.464784	 95.464372	 95.463996	 95.463654	 95.463341	 95.463057	 95.462798	 95.462563	  95.46235	 95.462156	  95.46198	 95.461821	 95.461676	 95.461546	 95.461428	 95.461321	 95.461225	 95.461138	  95.46106	  95.46099	 95.460926	 95.460869	 95.460818	 95.460772	 95.460731	 95.460694	 95.460661	 95.460631	 95.460605	 95.460581	  95.46056	 95.460541	 95.460524	  95.46051	 95.460496	 95.460484	 95.460474	 95.460465	 95.460456	 95.460449	 95.460442	 95.460437	 95.460432	 95.460427	 95.460423	  95.46042	 95.460416	 95.460414	 95.460411	 95.460409	 95.460407	 95.460406	 95.460404	 95.460403	 95.460402	 95.460401	   95.4604	 95.460399	 95.460399	 95.460398	 95.460398	 95.460397	 95.460397	 95.460397	 95.460396	 95.460396	 95.460396	 95.460396	 95.460396	 95.460395	 95.460395	 95.460395	 95.460395	 95.460395	 95.460395	 95.460395	 95.460395	 95.460395	 95.460395	 95.460395	 95.460395	 95.460395	 95.460395	 95.460395	 95.460395	
        99	 98.881087	 98.762268	 98.643636	 98.525284	 98.407306	 98.289793	 98.172834	  98.05652	 97.940938	 97.826174	 97.712313	 97.599436	 97.487622	 97.376951	 97.267495	 97.159327	 97.052517	 96.947131	 96.843231	 96.740877	 96.640126	 96.541032	 96.443643	 96.348006	 96.254164	 96.162155	 96.072014	 95.983775	 95.897463	 95.813105	  95.73072	 95.650327	 95.571939	 95.495565	 95.421214	 95.348888	 95.278588	 95.210311	 95.144051	   95.0798	 95.017545	 94.957271	 94.898963	   94.8426	 94.788161	 94.735621	 94.684953	 94.636131	 94.589123	 94.543898	 94.500422	 94.458662	  94.41858	 94.380139	 94.343303	  94.30803	 94.274282	 94.242019	 94.211198	  94.18178	 94.153721	 94.126981	 94.101517	 94.077289	 94.054253	 94.032368	 94.011594	  93.99189	 93.973215	 93.955529	 93.938793	 93.922969	 93.908019	 93.893905	 93.880591	 93.868043	 93.856224	 93.845102	 93.834643	 93.824817	 93.815591	 93.806936	 93.798824	 93.791225	 93.784114	 93.777463	 93.771249	 93.765447	 93.760033	 93.754987	 93.750287	 93.745912	 93.741843	 93.738062	 93.734551	 93.731293	 93.728273	 93.725475	 93.722885	  93.72049	 93.718277	 93.716232	 93.714346	 93.712607	 93.711005	  93.70953	 93.708173	 93.706926	 93.705781	  93.70473	 93.703767	 93.702884	 93.702076	 93.701336	  93.70066	 93.700043	  93.69948	 93.698966	 93.698498	 93.698072	 93.697684	 93.697332	 93.697011	 93.696721	 93.696457	 93.696219	 93.696002	 93.695807	  93.69563	  93.69547	 93.695326	 93.695196	 93.695078	 93.694973	 93.694878	 93.694792	 93.694716	 93.694647	 93.694585	  93.69453	  93.69448	 93.694436	 93.694396	 93.694361	 93.694329	 93.694301	 93.694275	 93.694253	 93.694233	 93.694215	   93.6942	 93.694186	 93.694173	 93.694162	 93.694152	 93.694144	 93.694136	 93.694129	 93.694123	 93.694118	 93.694114	 93.694109	 93.694106	 93.694103	   93.6941	 93.694097	 93.694095	 93.694093	 93.694092	  93.69409	 93.694089	 93.694088	 93.694087	 93.694086	 93.694085	 93.694085	 93.694084	 93.694084	 93.694083	 93.694083	 93.694083	 93.694082	 93.694082	 93.694082	 93.694082	 93.694082	 93.694081	 93.694081	 93.694081	 93.694081	 93.694081	 93.694081	 93.694081	 93.694081	 93.694081	 93.694081	 93.694081	 93.694081	 93.694081	
        99	 98.841595	 98.683315	 98.525284	 98.367628	 98.210468	 98.053927	 97.898126	 97.743183	 97.589216	 97.436338	 97.284662	 97.134298	  96.98535	 96.837923	 96.692117	 96.548026	 96.405743	 96.265357	 96.126951	 95.990605	 95.856394	  95.72439	 95.594657	 95.467259	  95.34225	 95.219684	 95.099608	 94.982063	 94.867087	 94.754713	 94.644968	 94.537875	 94.433453	 94.331715	 94.232671	 94.136326	 94.042679	 93.951726	 93.863461	 93.777871	 93.694941	  93.61465	 93.536977	 93.461896	 93.389377	 93.319388	 93.251893	 93.186856	 93.124237	 93.063992	 93.006078	 92.950448	 92.897055	 92.845848	 92.796778	 92.749791	 92.704835	 92.661857	   92.6208	 92.581612	 92.544235	 92.508614	 92.474694	 92.442418	 92.411732	  92.38258	 92.354907	 92.328658	 92.303781	 92.280221	 92.257928	 92.236848	 92.216933	 92.198131	 92.180396	  92.16368	 92.147937	 92.133121	 92.119189	 92.106099	 92.093809	  92.08228	 92.071473	 92.061351	 92.051878	 92.043019	  92.03474	 92.027011	   92.0198	 92.013078	 92.006817	 92.000988	 91.995568	 91.990531	 91.985854	 91.981515	 91.977492	 91.973765	 91.970315	 91.967124	 91.964176	 91.961453	  91.95894	 91.956623	 91.954489	 91.952524	 91.950717	 91.949056	  91.94753	 91.946131	 91.944847	 91.943671	 91.942594	 91.941609	 91.940709	 91.939887	 91.939136	 91.938452	 91.937828	 91.937261	 91.936744	 91.936275	 91.935848	 91.935461	  91.93511	 91.934792	 91.934504	 91.934243	 91.934008	 91.933795	 91.933603	 91.933429	 91.933273	 91.933133	 91.933006	 91.932892	  91.93279	 91.932698	 91.932616	 91.932542	 91.932476	 91.932417	 91.932364	 91.932317	 91.932275	 91.932237	 91.932204	 91.932174	 91.932147	 91.932124	 91.932103	 91.932084	 91.932067	 91.932053	  91.93204	 91.932028	 91.932018	 91.932009	 91.932001	 91.931994	 91.931988	 91.931982	 91.931978	 91.931973	  91.93197	 91.931967	 91.931964	 91.931961	 91.931959	 91.931957	 91.931955	 91.931954	 91.931953	 91.931952	 91.931951	  91.93195	 91.931949	 91.931948	 91.931948	 91.931947	 91.931947	 91.931946	 91.931946	 91.931946	 91.931946	 91.931945	 91.931945	 91.931945	 91.931945	 91.931945	 91.931945	 91.931945	 91.931945	 91.931945	 91.931945	 91.931945	 91.931945	 91.931944	 91.931944	
        99	 98.802227	 98.604611	 98.407306	 98.210468	  98.01425	 97.818805	 97.624284	 97.430834	 97.238602	  97.04773	 96.858359	 96.670626	 96.484661	 96.300595	 96.118552	 95.938651	 95.761008	 95.585732	 95.412929	 95.242698	 95.075132	 94.910322	 94.748348	 94.589287	 94.433211	 94.280185	 94.130266	 93.983509	 93.839959	 93.699657	 93.562637	  93.42893	 93.298556	 93.171534	 93.047876	 92.927586	 92.810665	 92.697109	 92.586908	 92.480046	 92.376506	 92.276261	 92.179285	 92.085544	 91.995002	 91.907619	  91.82335	  91.74215	 91.663968	 91.588751	 91.516444	 91.446989	 91.380326	 91.316393	 91.255128	 91.196464	 91.140335	 91.086675	 91.035416	 90.986488	 90.939822	 90.895348	 90.852998	 90.812702	 90.774389	 90.737992	 90.703441	 90.670669	 90.639609	 90.610195	  90.58236	 90.556042	 90.531177	 90.507703	 90.485561	  90.46469	 90.445034	 90.426536	 90.409142	 90.392798	 90.377455	  90.36306	 90.349567	  90.33693	 90.325102	 90.314041	 90.303706	 90.294056	 90.285053	  90.27666	 90.268842	 90.261566	 90.254798	  90.24851	  90.24267	 90.237252	 90.232229	 90.227576	 90.223269	 90.219286	 90.215604	 90.212204	 90.209067	 90.206175	  90.20351	 90.201057	   90.1988	 90.196727	 90.194822	 90.193074	 90.191472	 90.190003	 90.188659	 90.187429	 90.186305	 90.185279	 90.184342	 90.183487	 90.182709	    90.182	 90.181355	 90.180769	 90.180237	 90.179753	 90.179315	 90.178918	 90.178558	 90.178233	 90.177939	 90.177673	 90.177433	 90.177217	 90.177022	 90.176846	 90.176688	 90.176546	 90.176418	 90.176304	 90.176201	 90.176109	 90.176026	 90.175953	 90.175887	 90.175828	 90.175775	 90.175728	 90.175686	 90.175649	 90.175616	 90.175586	  90.17556	 90.175537	 90.175516	 90.175498	 90.175481	 90.175467	 90.175454	 90.175443	 90.175433	 90.175424	 90.175417	  90.17541	 90.175404	 90.175399	 90.175394	  90.17539	 90.175386	 90.175383	 90.175381	 90.175378	 90.175376	 90.175374	 90.175373	 90.175371	  90.17537	 90.175369	 90.175368	 90.175367	 90.175367	 90.175366	 90.175365	 90.175365	 90.175365	 90.175364	 90.175364	 90.175364	 90.175364	 90.175363	 90.175363	 90.175363	 90.175363	 90.175363	 90.175363	 90.175363	 90.175363	 90.175363	 90.175363	 90.175363	 90.175363	
        99	 98.763015	 98.526217	 98.289793	 98.053927	 97.818805	  97.58461	  97.35152	 97.119715	 96.889369	 96.660653	 96.433736	  96.20878	 95.985944	 95.765384	 95.547247	 95.331677	 95.118812	 94.908784	 94.701719	 94.497736	 94.296948	  94.09946	 93.905371	 93.714774	 93.527753	 93.344386	 93.164743	 92.988888	 92.816876	 92.648756	  92.48457	 92.324352	 92.168129	 92.015923	 91.867746	 91.723606	 91.583504	 91.447433	 91.315382	 91.187333	 91.063263	 90.943144	  90.82694	 90.714613	 90.606119	  90.50141	 90.400434	 90.303134	 90.209451	 90.119321	 90.032677	 89.949451	 89.869571	 89.792962	 89.719549	 89.649254	 89.581997	 89.517698	 89.456275	 89.397646	 89.341728	 89.288437	  89.23769	 89.189403	 89.143495	 89.099881	  89.05848	  89.01921	 88.981992	 88.946745	 88.913392	 88.881856	 88.852061	 88.823933	   88.7974	 88.772392	 88.748838	 88.726673	  88.70583	 88.686246	  88.66786	 88.650612	 88.634444	   88.6193	 88.605127	 88.591874	 88.579489	 88.567926	 88.557137	 88.547081	 88.537713	 88.528994	 88.520885	 88.513349	 88.506352	  88.49986	 88.493841	 88.488265	 88.483104	 88.478331	 88.473919	 88.469845	 88.466086	  88.46262	 88.459427	 88.456488	 88.453784	 88.451299	 88.449017	 88.446923	 88.445002	 88.443243	 88.441632	 88.440158	 88.438811	 88.437581	 88.436459	 88.435435	 88.434502	 88.433653	  88.43288	 88.432177	 88.431539	  88.43096	 88.430435	 88.429959	 88.429528	 88.429138	 88.428786	 88.428467	  88.42818	 88.427921	 88.427687	 88.427477	 88.427287	 88.427117	 88.426964	 88.426827	 88.426704	 88.426593	 88.426495	 88.426406	 88.426327	 88.426256	 88.426193	 88.426137	 88.426087	 88.426042	 88.426002	 88.425967	 88.425936	 88.425908	 88.425883	 88.425861	 88.425842	 88.425824	 88.425809	 88.425796	 88.425784	 88.425773	 88.425764	 88.425756	 88.425749	 88.425742	 88.425737	 88.425732	 88.425728	 88.425724	 88.425721	 88.425718	 88.425715	 88.425713	 88.425711	  88.42571	 88.425708	 88.425707	 88.425706	 88.425705	 88.425704	 88.425703	 88.425703	 88.425702	 88.425702	 88.425701	 88.425701	 88.425701	   88.4257	   88.4257	   88.4257	   88.4257	   88.4257	 88.425699	 88.425699	 88.425699	 88.425699	 88.425699	 88.425699	 88.425699	 88.425699	
        99	 98.723988	 98.448193	 98.172834	 97.898126	 97.624284	  97.35152	 97.080045	 96.810066	 96.541786	 96.275405	 96.011118	 95.749116	 95.489584	   95.2327	  94.97864	  94.72757	  94.47965	 94.235035	  93.99387	 93.756294	  93.52244	 93.292429	 93.066377	 92.844392	 92.626572	 92.413008	 92.203781	 91.998965	 91.798626	  91.60282	 91.411596	 91.224993	 91.043043	 90.865771	 90.693192	 90.525315	  90.36214	 90.203661	 90.049863	 89.900727	 89.756226	 89.616324	 89.480984	 89.350158	 89.223798	 89.101845	  88.98424	 88.870917	 88.761806	 88.656833	  88.55592	 88.458989	 88.365954	 88.276729	 88.191226	 88.109354	 88.031022	 87.956134	 87.884595	 87.816311	 87.751184	 87.689117	 87.630013	 87.573775	 87.520306	 87.469509	  87.42129	 87.375554	 87.332206	 87.291155	 87.252309	  87.21558	 87.180878	 87.148118	 87.117216	 87.088088	 87.060656	  87.03484	 87.010565	 86.987756	 86.966342	 86.946253	 86.927423	 86.909785	 86.893279	 86.877842	 86.863418	  86.84995	 86.837386	 86.825673	 86.814762	 86.804607	 86.795163	 86.786386	 86.778237	 86.770676	 86.763665	 86.757172	 86.751161	 86.745601	 86.740463	 86.735718	  86.73134	 86.727303	 86.723584	 86.720161	 86.717012	 86.714118	  86.71146	  86.70902	 86.706784	 86.704735	 86.702858	 86.701142	 86.699574	 86.698141	 86.696833	 86.695641	 86.694554	 86.693565	 86.692665	 86.691847	 86.691104	 86.690429	 86.689818	 86.689263	 86.688762	 86.688307	 86.687897	 86.687526	 86.687191	 86.686889	 86.686617	 86.686372	 86.686152	 86.685953	 86.685775	 86.685615	 86.685472	 86.685343	 86.685228	 86.685125	 86.685033	 86.684951	 86.684877	 86.684812	 86.684753	 86.684701	 86.684655	 86.684614	 86.684577	 86.684545	 86.684516	  86.68449	 86.684468	 86.684448	  86.68443	 86.684414	   86.6844	 86.684388	 86.684377	 86.684368	  86.68436	 86.684352	 86.684346	  86.68434	 86.684335	 86.684331	 86.684327	 86.684324	 86.684321	 86.684318	 86.684316	 86.684314	 86.684312	 86.684311	  86.68431	 86.684308	 86.684307	 86.684307	 86.684306	 86.684305	 86.684305	 86.684304	 86.684304	 86.684303	 86.684303	 86.684303	 86.684303	 86.684303	 86.684302	 86.684302	 86.684302	 86.684302	 86.684302	 86.684302	 86.684302	 86.684302	 86.684302	
        99	 98.685176	   98.3706	  98.05652	 97.743183	 97.430834	 97.119715	 96.810066	 96.502123	 96.196118	 95.892279	 95.590829	 95.291985	 94.995958	 94.702952	 94.413167	 94.126791	  93.84401	 93.564997	  93.28992	 93.018938	 92.752199	 92.489845	 92.232006	 91.978806	 91.730357	 91.486761	 91.248114	 91.014497	 90.785987	 90.562647	 90.344533	  90.13169	 89.924156	 89.721956	 89.525109	 89.333626	 89.147506	 88.966741	 88.791318	  88.62121	 88.456389	 88.296815	 88.142443	 87.993222	 87.849092	 87.709991	 87.575849	  87.44659	 87.322136	 87.202402	   87.0873	 86.976738	  86.87062	 86.768849	 86.671323	 86.577939	 86.488591	 86.403173	 86.321575	 86.243689	 86.169403	 86.098609	 86.031194	 85.967047	  85.90606	  85.84812	 85.793121	 85.740953	  85.69151	 85.644686	 85.600378	 85.558484	 85.518902	 85.481536	 85.446288	 85.413065	 85.381775	 85.352329	 85.324641	 85.298625	 85.274199	 85.251286	 85.229807	  85.20969	 85.190862	 85.173255	 85.156802	 85.141441	 85.127109	 85.113749	 85.101304	 85.089721	 85.078949	 85.068938	 85.059643	 85.051018	 85.043023	 85.035616	 85.028759	 85.022418	 85.016557	 85.011145	 85.006152	 85.001547	 84.997305	 84.993401	 84.989809	 84.986508	 84.983476	 84.980693	 84.978142	 84.975805	 84.973665	 84.971708	 84.969918	 84.968284	 84.966793	 84.965433	 84.964193	 84.963065	 84.962038	 84.961105	 84.960258	 84.959488	 84.958791	 84.958158	 84.957586	 84.957068	   84.9566	 84.956177	 84.955795	  84.95545	  84.95514	 84.954861	 84.954609	 84.954383	  84.95418	 84.953997	 84.953834	 84.953687	 84.953556	 84.953438	 84.953333	 84.953239	 84.953156	 84.953081	 84.953014	 84.952955	 84.952902	 84.952855	 84.952813	 84.952776	 84.952743	 84.952714	 84.952688	 84.952665	 84.952645	 84.952627	 84.952612	 84.952598	 84.952585	 84.952575	 84.952565	 84.952557	 84.952549	 84.952543	 84.952537	 84.952532	 84.952528	 84.952524	 84.952521	 84.952518	 84.952515	 84.952513	 84.952511	 84.952509	 84.952508	 84.952507	 84.952506	 84.952505	 84.952504	 84.952503	 84.952502	 84.952502	 84.952501	 84.952501	 84.952501	   84.9525	   84.9525	   84.9525	   84.9525	   84.9525	 84.952499	 84.952499	 84.952499	 84.952499	 84.952499	 84.952499	 84.952499	
        99	 98.646608	 98.293495	 97.940938	 97.589216	 97.238602	 96.889369	 96.541786	 96.196118	 95.852626	 95.511565	 95.173185	 94.837731	 94.505439	 94.176538	 93.851252	 93.529794	 93.212371	 92.899177	 92.590402	 92.286222	 91.986806	 91.692312	 91.402887	 91.118668	 90.839782	 90.566345	 90.298462	 90.036226	 89.779722	 89.529021	 89.284187	  89.04527	 88.812311	  88.58534	 88.364379	 88.149438	 87.940517	 87.737608	 87.540693	 87.349747	 87.164734	 86.985611	 86.812328	 86.644826	  86.48304	 86.326898	 86.176323	 86.031229	 85.891529	 85.757126	 85.627924	 85.503817	 85.384699	 85.270461	 85.160987	 85.056163	 84.955869	 84.859987	 84.768393	 84.680965	 84.597579	 84.518112	 84.442438	 84.370433	 84.301974	 84.236937	   84.1752	 84.116641	 84.061141	 84.008581	 83.958845	 83.911818	 83.867388	 83.825444	 83.785878	 83.748585	 83.713462	 83.680409	 83.649328	 83.620125	 83.592707	 83.566987	 83.542877	 83.520295	  83.49916	 83.479396	 83.460928	 83.443685	 83.427598	 83.412601	 83.398632	  83.38563	 83.373538	 83.362301	 83.351867	 83.342185	  83.33321	 83.324896	 83.317199	 83.310081	 83.303503	 83.297428	 83.291822	 83.286654	 83.281892	 83.277509	 83.273477	 83.269771	 83.266368	 83.263245	 83.260382	 83.257758	 83.255356	 83.253159	  83.25115	 83.249316	 83.247641	 83.246115	 83.244724	 83.243457	 83.242305	 83.241257	 83.240306	 83.239442	 83.238659	 83.237949	 83.237307	 83.236725	   83.2362	 83.235725	 83.235296	  83.23491	 83.234561	 83.234248	 83.233965	 83.233711	 83.233483	 83.233279	 83.233095	  83.23293	 83.232783	 83.232651	 83.232533	 83.232428	 83.232334	  83.23225	 83.232175	 83.232108	 83.232049	 83.231996	 83.231949	 83.231908	 83.231871	 83.231838	 83.231809	 83.231784	 83.231761	 83.231741	 83.231723	 83.231707	 83.231694	 83.231682	 83.231671	 83.231661	 83.231653	 83.231646	  83.23164	 83.231634	 83.231629	 83.231625	 83.231621	 83.231618	 83.231615	 83.231612	  83.23161	 83.231608	 83.231607	 83.231605	 83.231604	 83.231603	 83.231602	 83.231601	 83.231601	   83.2316	 83.231599	 83.231599	 83.231599	 83.231598	 83.231598	 83.231598	 83.231597	 83.231597	 83.231597	 83.231597	 83.231597	 83.231597	 83.231597	 83.231597	 83.231597	
        99	 98.608313	 98.216935	 97.826174	 97.436338	  97.04773	 96.660653	 96.275405	 95.892279	 95.511565	 95.133546	 94.758498	 94.386692	 94.018392	  93.65385	 93.293315	 92.937023	 92.585202	  92.23807	 91.895834	 91.558693	 91.226831	 90.900424	 90.579636	 90.264618	 89.955511	 89.652444	 89.355531	 89.064879	 88.780579	 88.502712	 88.231346	 87.966539	 87.708336	  87.45677	 87.211865	 86.973631	 86.742071	 86.517174	 86.298921	 86.087283	 85.882222	 85.683689	 85.491628	 85.305975	 85.126657	 84.953595	 84.786702	 84.625886	 84.471047	 84.322081	 84.178877	 84.041322	 83.909296	 83.782678	 83.661342	 83.545158	 83.433997	 83.327723	 83.226204	 83.129302	 83.036881	 82.948802	 82.864928	  82.78512	 82.709243	 82.637158	 82.568731	 82.503827	 82.442312	 82.384057	 82.328931	 82.276808	 82.227563	 82.181074	 82.137221	 82.095886	 82.056957	 82.020322	 81.985873	 81.953506	 81.923117	 81.894609	 81.867887	 81.842858	 81.819433	 81.797528	 81.777058	 81.757946	 81.740116	 81.723494	 81.708011	   81.6936	 81.680198	 81.667743	 81.656178	 81.645448	   81.6355	 81.626285	 81.617754	 81.609865	 81.602573	  81.59584	 81.589627	 81.583899	 81.578621	 81.573763	 81.569294	 81.565187	 81.561415	 81.557953	  81.55478	 81.551871	 81.549209	 81.546774	 81.544548	 81.542514	 81.540659	 81.538967	 81.537425	 81.536021	 81.534744	 81.533583	 81.532528	 81.531571	 81.530703	 81.529917	 81.529204	  81.52856	 81.527977	 81.527451	 81.526976	 81.526547	 81.526161	 81.525814	 81.525501	 81.525219	 81.524967	  81.52474	 81.524536	 81.524354	  81.52419	 81.524044	 81.523913	 81.523797	 81.523692	 81.523599	 81.523516	 81.523443	 81.523377	 81.523318	 81.523266	  81.52322	 81.523179	 81.523143	 81.523111	 81.523083	 81.523057	 81.523035	 81.523015	 81.522998	 81.522983	 81.522969	 81.522958	 81.522947	 81.522938	  81.52293	 81.522923	 81.522917	 81.522911	 81.522907	 81.522902	 81.522899	 81.522896	 81.522893	  81.52289	 81.522888	 81.522887	 81.522885	 81.522884	 81.522882	 81.522881	  81.52288	  81.52288	 81.522879	 81.522878	 81.522878	 81.522877	 81.522877	 81.522877	 81.522877	 81.522876	 81.522876	 81.522876	 81.522876	 81.522876	 81.522876	 81.522876	 81.522876	 81.522875	
        99	 98.570319	 98.140977	 97.712313	 97.284662	 96.858359	 96.433736	 96.011118	 95.590829	 95.173185	 94.758498	 94.347071	   93.9392	 93.535174	 93.135272	 92.739765	 92.348912	 91.962964	  91.58216	 91.206728	 90.836883	 90.472831	 90.114762	 89.762857	 89.417283	 89.078193	 88.745727	 88.420014	 88.101168	 87.789291	 87.484471	 87.186783	 86.896289	  86.61304	 86.337072	 86.068411	 85.807069	 85.553047	 85.306335	 85.066912	 84.834745	 84.609792	 84.392001	  84.18131	 83.977649	 83.780937	 83.591088	 83.408007	 83.231591	 83.061733	 82.898317	 82.741222	 82.590324	 82.445492	 82.306592	 82.173486	 82.046032	 81.924088	 81.807506	  81.69614	 81.589838	 81.488452	 81.391829	 81.299819	 81.212271	 81.129033	 81.049956	 80.974891	 80.903691	  80.83621	 80.772304	 80.711831	 80.654652	  80.60063	 80.549631	 80.501524	 80.456181	 80.413476	 80.373287	 80.335497	 80.299989	 80.266653	  80.23538	 80.206065	 80.178608	 80.152912	 80.128881	 80.106426	  80.08546	   80.0659	 80.047666	 80.030681	 80.014872	  80.00017	 79.986507	 79.973821	  79.96205	 79.951137	 79.941027	  79.93167	 79.923015	 79.915016	  79.90763	 79.900814	  79.89453	  79.88874	 79.883411	 79.878509	 79.874003	 79.869865	 79.866068	 79.862586	 79.859396	 79.856476	 79.853804	 79.851362	 79.849131	 79.847096	  79.84524	 79.843548	 79.842008	 79.840607	 79.839334	 79.838177	 79.837127	 79.836174	 79.835312	  79.83453	 79.833823	 79.833184	 79.832607	 79.832086	 79.831616	 79.831192	 79.830811	 79.830467	 79.830159	 79.829881	 79.829632	 79.829409	 79.829209	  79.82903	  79.82887	 79.828726	 79.828598	 79.828484	 79.828382	 79.828291	  79.82821	 79.828137	 79.828073	 79.828016	 79.827966	 79.827921	 79.827881	 79.827846	 79.827815	 79.827787	 79.827763	 79.827741	 79.827722	 79.827705	 79.827691	 79.827678	 79.827666	 79.827656	 79.827647	  79.82764	 79.827633	 79.827627	 79.827622	 79.827617	 79.827613	  79.82761	 79.827607	 79.827604	 79.827602	   79.8276	 79.827598	 79.827596	 79.827595	 79.827594	 79.827593	 79.827592	 79.827591	 79.827591	  79.82759	  79.82759	 79.827589	 79.827589	 79.827589	 79.827588	 79.827588	 79.827588	 79.827588	 79.827588	 79.827588	 79.827588	 79.827588	 79.827588	
        99	 98.532654	 98.065676	 97.599436	 97.134298	 96.670626	  96.20878	 95.749116	 95.291985	 94.837731	 94.386692	   93.9392	 93.495575	 93.056133	 92.621176	 92.190999	 91.765885	 91.346105	  90.93192	 90.523578	 90.121313	 89.725348	 89.335892	 88.953139	 88.577272	 88.208457	 87.846848	 87.492584	 87.145788	 86.806572	 86.475032	 86.151249	 85.835291	 85.527212	 85.227054	 84.934842	  84.65059	 84.374301	 84.105963	 83.845552	 83.593034	 83.348362	  83.11148	  82.88232	 82.660805	  82.44685	 82.240359	 82.041229	  81.84935	 81.664601	  81.48686	 81.315995	 81.151869	 80.994341	 80.843265	 80.698491	 80.559866	 80.427232	 80.300431	 80.179302	 80.063682	 79.953408	 79.848316	  79.74824	 79.653017	 79.562483	 79.476474	 79.394829	 79.317388	 79.243991	 79.174483	 79.108709	 79.046518	 78.987761	 78.932292	 78.879968	 78.830649	 78.784201	 78.740489	 78.699386	 78.660766	 78.624507	 78.590493	 78.558609	 78.528745	 78.500796	 78.474659	 78.450236	 78.427432	 78.406157	 78.386325	 78.367851	 78.350656	 78.334665	 78.319805	 78.306006	 78.293203	 78.281334	 78.270338	  78.26016	 78.250747	 78.242047	 78.234013	   78.2266	 78.219765	 78.213468	 78.207671	 78.202339	 78.197439	 78.192938	 78.188808	 78.185021	 78.181551	 78.178375	 78.175469	 78.172813	 78.170387	 78.168173	 78.166154	 78.164314	 78.162639	 78.161115	  78.15973	 78.158472	  78.15733	 78.156294	 78.155355	 78.154506	 78.153737	 78.153041	 78.152414	 78.151847	 78.151335	 78.150875	  78.15046	 78.150086	 78.149751	 78.149449	 78.149178	 78.148936	 78.148718	 78.148523	 78.148349	 78.148193	 78.148053	 78.147929	 78.147818	 78.147719	 78.147631	 78.147552	 78.147483	 78.147421	 78.147366	 78.147317	 78.147274	 78.147235	 78.147201	 78.147171	 78.147145	 78.147121	 78.147101	 78.147082	 78.147066	 78.147052	  78.14704	 78.147029	 78.147019	 78.147011	 78.147003	 78.146997	 78.146991	 78.146986	 78.146982	 78.146978	 78.146975	 78.146972	  78.14697	 78.146967	 78.146966	 78.146964	 78.146962	 78.146961	  78.14696	 78.146959	 78.146958	 78.146958	 78.146957	 78.146957	 78.146956	 78.146956	 78.146955	 78.146955	 78.146955	 78.146955	 78.146955	 78.146954	 78.146954	 78.146954	 78.146954	 78.146954	
        99	 98.495344	 97.991085	 97.487622	  96.98535	 96.484661	 95.985944	 95.489584	 94.995958	 94.505439	 94.018392	 93.535174	 93.056133	 92.581608	 92.111926	 91.647406	 91.188353	 90.735061	  90.28781	 89.846867	 89.412488	 88.984911	 88.564363	 88.151054	  87.74518	 87.346921	 86.956443	 86.573896	 86.199414	 85.833117	 85.475108	 85.125476	 84.784294	  84.45162	 84.127498	 83.811958	 83.505014	 83.206667	 82.916906	 82.635705	 82.363027	 82.098822	 81.843029	 81.595574	 81.356375	 81.125339	 80.902363	 80.687336	 80.480137	  80.28064	 80.088709	 79.904203	 79.726974	  79.55687	 79.393733	 79.237401	 79.087708	 78.944486	 78.807561	 78.676762	 78.551912	 78.432834	 78.319352	 78.211287	 78.108462	   78.0107	 77.917825	 77.829662	 77.746038	 77.666782	 77.591725	   77.5207	 77.453544	 77.390095	 77.330198	 77.273696	 77.220441	 77.170284	 77.123083	 77.078698	 77.036995	 76.997842	 76.961112	 76.926682	 76.894434	 76.864254	  76.83603	 76.809657	 76.785033	  76.76206	 76.740644	 76.720695	 76.702128	  76.68486	 76.668813	 76.653913	 76.640088	 76.627271	 76.615398	 76.604407	 76.594242	 76.584848	 76.576172	 76.568167	 76.560787	 76.553987	 76.547728	  76.54197	 76.536678	 76.531818	 76.527358	 76.523269	 76.519522	 76.516092	 76.512954	 76.510086	 76.507466	 76.505076	 76.502896	 76.500909	   76.4991	 76.497455	 76.495959	   76.4946	 76.493367	 76.492249	 76.491235	 76.490318	 76.489487	 76.488737	 76.488059	 76.487446	 76.486894	 76.486397	 76.485949	 76.485546	 76.485183	 76.484858	 76.484565	 76.484303	 76.484068	 76.483857	 76.483669	 76.483501	  76.48335	 76.483216	 76.483096	 76.482989	 76.482894	 76.482809	 76.482734	 76.482667	 76.482608	 76.482555	 76.482508	 76.482467	  76.48243	 76.482398	 76.482369	 76.482344	 76.482321	 76.482302	 76.482284	 76.482269	 76.482256	 76.482244	 76.482234	 76.482225	 76.482217	  76.48221	 76.482203	 76.482198	 76.482193	 76.482189	 76.482186	 76.482183	  76.48218	 76.482178	 76.482176	 76.482174	 76.482172	 76.482171	  76.48217	 76.482169	 76.482168	 76.482167	 76.482167	 76.482166	 76.482165	 76.482165	 76.482165	 76.482164	 76.482164	 76.482164	 76.482164	 76.482164	 76.482164	 76.482163	 76.482163	 76.482163	
        99	 98.458414	 97.917256	 97.376951	 96.837923	 96.300595	 95.765384	   95.2327	 94.702952	 94.176538	  93.65385	 93.135272	 92.621176	 92.111926	 91.607875	 91.109363	 90.616717	 90.130254	 89.650274	 89.177065	 88.710899	 88.252033	  87.80071	 87.357156	 86.921581	 86.494179	 86.075127	 85.664586	 85.262701	 84.869599	 84.485392	 84.110174	 83.744025	 83.387007	 83.039167	 82.700536	 82.371131	 82.050952	 81.739987	 81.438209	 81.145577	 80.862038	 80.587526	 80.321963	 80.065261	 79.817318	 79.578025	 79.347263	 79.124902	 78.910806	  78.70483	 78.506822	 78.316624	 78.134072	 77.958997	 77.791225	 77.630579	 77.476875	 77.329931	  77.18956	 77.055574	 76.927783	 76.805996	 76.690023	 76.579674	 76.474758	 76.375086	 76.280472	 76.190728	 76.105673	 76.025123	   75.9489	  75.87683	 75.808739	 75.744458	 75.683822	 75.626669	 75.572842	 75.522187	 75.474554	 75.429799	 75.387781	 75.348363	 75.311414	 75.276807	 75.244417	 75.214128	 75.185825	 75.159399	 75.134745	 75.111762	 75.090354	 75.070428	 75.051896	 75.034675	 75.018684	 75.003848	 74.990093	 74.977351	 74.965556	 74.954647	 74.944565	 74.935255	 74.926664	 74.918743	 74.911446	 74.904729	  74.89855	 74.892871	 74.887655	 74.882869	  74.87848	 74.874459	 74.870778	 74.867411	 74.864333	 74.861521	 74.858956	 74.856616	 74.854484	 74.852543	 74.850777	 74.849172	 74.847714	  74.84639	  74.84519	 74.844102	 74.843118	 74.842226	 74.841421	 74.840693	 74.840036	 74.839444	  74.83891	 74.838429	 74.837996	 74.837607	 74.837258	 74.836944	 74.836663	 74.836411	 74.836185	 74.835983	 74.835802	  74.83564	 74.835496	 74.835368	 74.835253	 74.835151	  74.83506	 74.834979	 74.834907	 74.834843	 74.834787	 74.834737	 74.834692	 74.834653	 74.834618	 74.834587	  74.83456	 74.834536	 74.834515	 74.834497	  74.83448	 74.834466	 74.834453	 74.834442	 74.834432	 74.834424	 74.834416	  74.83441	 74.834404	 74.834399	 74.834395	 74.834391	 74.834387	 74.834385	 74.834382	  74.83438	 74.834378	 74.834376	 74.834375	 74.834374	 74.834372	 74.834372	 74.834371	  74.83437	 74.834369	 74.834369	 74.834368	 74.834368	 74.834368	 74.834368	 74.834367	 74.834367	 74.834367	 74.834367	 74.834367	 74.834367	 74.834367	
        99	 98.421891	 97.844237	 97.267495	 96.692117	 96.118552	 95.547247	  94.97864	 94.413167	 93.851252	 93.293315	 92.739765	 92.190999	 91.647406	 91.109363	 90.577231	 90.051363	 89.532093	 89.019744	 88.514623	 88.017019	 87.527209	 87.045449	 86.571983	 86.107033	 85.650807	 85.203495	 84.765268	  84.33628	 83.916669	 83.506551	  83.10603	 82.715188	 82.334094	 81.962796	 81.601328	 81.249708	 80.907937	 80.576001	 80.253872	 79.941505	 79.638845	  79.34582	 79.062348	 78.788334	  78.52367	  78.26824	 78.021915	 77.784559	 77.556025	 77.336158	 77.124797	 76.921772	  76.72691	 76.540028	 76.360942	 76.189461	 76.025392	 75.868539	 75.718701	 75.575679	  75.43927	  75.30927	 75.185476	 75.067685	 74.955694	   74.8493	 74.748305	  74.65251	 74.561718	 74.475736	 74.394373	 74.317443	  74.24476	 74.176144	 74.111418	 74.050411	 73.992954	 73.938883	 73.888038	 73.840265	 73.795413	 73.753337	 73.713896	 73.676955	 73.642381	 73.610049	 73.579838	  73.55163	 73.525313	  73.50078	 73.477928	 73.456658	 73.436877	 73.418494	 73.401425	 73.385588	 73.370905	 73.357304	 73.344714	 73.333069	 73.322307	 73.312369	 73.303199	 73.294744	 73.286955	 73.279785	 73.273189	 73.267127	  73.26156	 73.256451	 73.251766	 73.247474	 73.243544	  73.23995	 73.236664	 73.233663	 73.230925	 73.228427	 73.226151	 73.224079	 73.222194	 73.220481	 73.218924	 73.217512	 73.216231	  73.21507	 73.214018	 73.213067	 73.212207	  73.21143	 73.210729	 73.210097	 73.209527	 73.209014	 73.208552	 73.208137	 73.207764	 73.207429	 73.207128	 73.206859	 73.206618	 73.206402	 73.206209	 73.206037	 73.205883	 73.205746	 73.205623	 73.205514	 73.205417	 73.205331	 73.205254	 73.205186	 73.205126	 73.205072	 73.205025	 73.204983	 73.204946	 73.204913	 73.204884	 73.204858	 73.204836	 73.204816	 73.204799	 73.204783	  73.20477	 73.204758	 73.204747	 73.204738	  73.20473	 73.204723	 73.204717	 73.204712	 73.204707	 73.204703	 73.204699	 73.204696	 73.204694	 73.204691	 73.204689	 73.204688	 73.204686	 73.204685	 73.204683	 73.204683	 73.204682	 73.204681	  73.20468	  73.20468	 73.204679	 73.204679	 73.204679	 73.204678	 73.204678	 73.204678	 73.204678	 73.204678	 73.204677	 73.204677	 73.204677	
        99	 98.385797	 97.772078	 97.159327	 96.548026	 95.938651	 95.331677	  94.72757	 94.126791	 93.529794	 92.937023	 92.348912	 91.765885	 91.188353	 90.616717	 90.051363	 89.492662	 88.940972	 88.396636	 87.859977	 87.331306	 86.810915	 86.299077	  85.79605	 85.302072	 84.817362	 84.342122	 83.876535	 83.420763	 82.974953	 82.539231	 82.113703	  81.69846	 81.293572	 80.899092	 80.515057	 80.141483	 79.778374	 79.425714	 79.083473	 78.751604	 78.430047	 78.118728	 77.817558	 77.526435	 77.245248	  76.97387	 76.712166	 76.459991	 76.217188	 75.983594	 75.759037	 75.543337	 75.336308	 75.137758	 74.947491	 74.765304	 74.590992	 74.424345	 74.265153	 74.113201	 73.968275	 73.830159	 73.698636	 73.573491	 73.454507	 73.341472	 73.234171	 73.132395	 73.035934	 72.944584	 72.858142	 72.776408	 72.699187	 72.626287	 72.557521	 72.492705	  72.43166	 72.374213	 72.320194	 72.269438	 72.221786	 72.177083	  72.13518	 72.095932	 72.059199	 72.024849	 71.992751	 71.962782	 71.934822	 71.908757	 71.884478	 71.861881	 71.840864	 71.821334	 71.803199	 71.786373	 71.770774	 71.756323	 71.742947	 71.730576	 71.719142	 71.708583	 71.698841	 71.689858	 71.681583	 71.673964	 71.666957	 71.660516	 71.654601	 71.649174	 71.644197	 71.639636	 71.635462	 71.631643	 71.628152	 71.624964	 71.622054	   71.6194	 71.616983	 71.614781	 71.612779	 71.610958	 71.609305	 71.607804	 71.606443	 71.605209	 71.604092	 71.603082	 71.602168	 71.601343	 71.600598	 71.599926	  71.59932	 71.598775	 71.598284	 71.597843	 71.597447	 71.597091	 71.596772	 71.596486	  71.59623	    71.596	 71.595795	 71.595612	 71.595449	 71.595303	 71.595173	 71.595057	 71.594954	 71.594862	 71.594781	 71.594709	 71.594644	 71.594588	 71.594537	 71.594493	 71.594453	 71.594418	 71.594387	  71.59436	 71.594336	 71.594315	 71.594297	  71.59428	 71.594266	 71.594253	 71.594242	 71.594233	 71.594224	 71.594217	  71.59421	 71.594205	   71.5942	 71.594195	 71.594191	 71.594188	 71.594185	 71.594183	 71.594181	 71.594179	 71.594177	 71.594176	 71.594174	 71.594173	 71.594172	 71.594172	 71.594171	  71.59417	  71.59417	  71.59417	 71.594169	 71.594169	 71.594169	 71.594168	 71.594168	 71.594168	 71.594168	 71.594168	 71.594168	
        99	 98.350156	 97.700824	 97.052517	 96.405743	 95.761008	 95.118812	  94.47965	  93.84401	 93.212371	 92.585202	 91.962964	 91.346105	 90.735061	 90.130254	 89.532093	 88.940972	 88.357269	 87.781346	 87.213546	 86.654198	 86.103609	 85.562071	 85.029854	 84.507211	 83.994375	 83.491558	 82.998953	 82.516735	 82.045055	 81.584049	 81.133829	  80.69449	 80.266107	 79.848737	 79.442416	 79.047166	 78.662986	 78.289862	 77.927761	 77.576634	 77.236418	 76.907034	 76.588388	 76.280372	 75.982868	 75.695743	 75.418853	 75.152044	 74.895152	 74.648003	 74.410415	 74.182198	 73.963156	 73.753085	 73.551777	 73.359018	 73.174591	 72.998274	 72.829845	 72.669076	  72.51574	 72.369609	 72.230454	 72.098047	 71.972159	 71.852564	 71.739037	 71.631355	 71.529297	 71.432646	 71.341188	 71.254711	 71.173009	 71.095879	 71.023122	 70.954545	 70.889959	 70.829178	 70.772024	 70.718323	 70.667905	 70.620608	 70.576274	 70.534748	 70.495885	 70.459541	 70.425581	 70.393872	  70.36429	 70.336713	 70.311025	 70.287116	  70.26488	 70.244217	 70.225029	 70.207227	 70.190723	 70.175433	 70.161281	 70.148192	 70.136094	 70.124923	 70.114615	 70.105111	 70.096355	 70.088295	 70.080881	 70.074067	 70.067809	 70.062066	   70.0568	 70.051975	 70.047558	 70.043518	 70.039824	 70.036451	 70.033372	 70.030565	 70.028007	 70.025678	 70.023559	 70.021633	 70.019883	 70.018295	 70.016855	  70.01555	 70.014368	 70.013299	 70.012333	 70.011459	 70.010671	  70.00996	  70.00932	 70.008743	 70.008224	 70.007757	 70.007338	 70.006961	 70.006623	 70.006321	  70.00605	 70.005807	  70.00559	 70.005397	 70.005224	 70.005069	 70.004932	 70.004809	   70.0047	 70.004603	 70.004517	  70.00444	 70.004372	 70.004312	 70.004259	 70.004212	  70.00417	 70.004133	 70.004101	 70.004072	 70.004047	 70.004024	 70.004005	 70.003987	 70.003972	 70.003959	 70.003947	 70.003937	 70.003928	  70.00392	 70.003913	 70.003907	 70.003902	 70.003897	 70.003893	  70.00389	 70.003887	 70.003884	 70.003882	  70.00388	 70.003878	 70.003877	 70.003875	 70.003874	 70.003873	 70.003872	 70.003872	 70.003871	  70.00387	  70.00387	  70.00387	 70.003869	 70.003869	 70.003869	 70.003869	 70.003869	 70.003868	 70.003868	 70.003868	
