Time step 35:
        99	        99	        99	        99	        99	        99	        99	        99	        99	        99	        99	        99	        99	        99	        99	        99	        99	        99	        99	        99	        99	        99	        99	        99	        99	        99	        99	        99	        99	        99	        99	        99	        99	        99	        99	        99	        99	        99	        99	        99	        99	        99	        99	        99	        99	        99	        99	        99	        99	        99	        99	        99	        99	        99	        99	        99	        99	        99	        99	        99	        99	        99	        99	        99	        99	        99	        99	        99	        99	        99	        99	        99	        99	        99	        99	        99	        99	        99	        99	        99	        99	        99	        99	        99	        99	        99	        99	        99	        99	        99	        99	        99	        99	        99	        99	        99	        99	        99	        99	        99	        99	        99	        99	        99	        99	        99	        99	        99	        99	        99	        99	        99	        99	        99	        99	        99	        99	        99	        99	        99	        99	        99	        99	        99	        99	        99	        99	        99	        99	        99	        99	        99	        99	        99	        99	        99	        99	        99	        99	        99	        99	        99	        99	        99	        99	        99	        99	        99	        99	        99	        99	        99	        99	        99	        99	        99	        99	        99	        99	        99	        99	        99	        99	        99	        99	        99	        99	        99	        99	        99	        99	        99	        99	        99	        99	        99	        99	        99	        99	        99	        99	        99	        99	        99	        99	        99	        99	        99	        99	        99	        99	        99	        99	        99	        99	        99	        99	        99	        99	        99	
        99	 98.981859	 98.963724	 98.945603	 98.927501	 98.909425	 98.891382	 98.873378	 98.855419	 98.837512	 98.819663	 98.801878	 98.784164	 98.766526	 98.748971	 98.731504	 98.714132	 98.696859	 98.679693	 98.662637	 98.645698	  98.62888	 98.612189	 98.595631	 98.579209	 98.562929	 98.546795	 98.530812	 98.514983	 98.499314	 98.483807	 98.468468	 98.453299	 98.438305	 98.423487	 98.408851	 98.394398	 98.380132	 98.366054	 98.352169	 98.338477	 98.324982	 98.311684	 98.298587	 98.285691	 98.272999	  98.26051	 98.248228	 98.236151	 98.224283	 98.212622	 98.201169	 98.189925	 98.178891	 98.168065	 98.157448	  98.14704	  98.13684	 98.126847	 98.117061	 98.107482	 98.098107	 98.088937	 98.079969	 98.071203	 98.062637	 98.054269	 98.046099	 98.038123	 98.030341	  98.02275	 98.015348	 98.008134	 98.001104	 97.994258	 97.987591	 97.981102	 97.974789	 97.968649	 97.962679	 97.956877	  97.95124	 97.945766	 97.940451	 97.935292	 97.930288	 97.925434	 97.920729	  97.91617	 97.911753	 97.907475	 97.903334	 97.899327	  97.89545	 97.891701	 97.888078	 97.884576	 97.881194	 97.877928	 97.874775	 97.871733	 97.868799	 97.865969	 97.863242	 97.860614	 97.858084	 97.855647	 97.853301	 97.851045	 97.848874	 97.846787	 97.844782	 97.842855	 97.841004	 97.839228	 97.837522	 97.835887	 97.834318	 97.832814	 97.831372	 97.829992	 97.828669	 97.827404	 97.826192	 97.825033	 97.823925	 97.822866	 97.821854	 97.820887	 97.819964	 97.819083	 97.818242	  97.81744	 97.816675	 97.815946	 97.815251	  97.81459	  97.81396	  97.81336	  97.81279	 97.812247	 97.811732	 97.811241	 97.810776	 97.810334	 97.809914	 97.809515	 97.809137	 97.808779	 97.808439	 97.808117	 97.807812	 97.807523	  97.80725	 97.806991	 97.806747	 97.806515	 97.806297	  97.80609	 97.805895	 97.805711	 97.805538	 97.805374	  97.80522	 97.805074	 97.804937	 97.804808	 97.804687	 97.804573	 97.804466	 97.804365	 97.804271	 97.804182	 97.804099	 97.804021	 97.803949	 97.803881	 97.803817	 97.803758	 97.803703	 97.803651	 97.803604	  97.80356	 97.803519	 97.803481	 97.803447	 97.803415	 97.803386	  97.80336	 97.803336	 97.803314	 97.803295	 97.803279	 97.803264	 97.803252	 97.803242	 97.803234	 97.803228	 97.803224	 97.803222	
        99	 98.963724	 98.927462	 98.891225	 98.855028	 98.818883	 98.782803	 98.746801	  98.71089	 98.675083	 98.639391	 98.603828	 98.568406	 98.533137	 98.498033	 98.463106	 98.428367	 98.393828	 98.359501	 98.325395	 98.291523	 98.257894	 98.224519	 98.191408	  98.15857	 98.126016	 98.093753	 98.061792	 98.030141	 97.998808	 97.967801	 97.937128	 97.906796	 97.876812	 97.847183	 97.817915	 97.789014	 97.760487	 97.732337	 97.704571	 97.677193	 97.650207	 97.623617	 97.597427	  97.57164	  97.54626	 97.521288	 97.496727	 97.472579	 97.448845	 97.425527	 97.402626	 97.380143	 97.358078	  97.33643	   97.3152	 97.294387	  97.27399	 97.254009	 97.234441	 97.215285	  97.19654	 97.178202	  97.16027	 97.142741	 97.125612	  97.10888	 97.092542	 97.076594	 97.061032	 97.045853	 97.031052	 97.016626	 97.002569	 96.988878	 96.975547	 96.962572	 96.949949	 96.937671	 96.925733	 96.914131	 96.902859	 96.891912	 96.881283	 96.870968	 96.860961	 96.851257	 96.841848	  96.83273	 96.823898	 96.815344	 96.807063	  96.79905	 96.791299	 96.783803	 96.776557	 96.769555	 96.762791	  96.75626	 96.749956	 96.743873	 96.738005	 96.732348	 96.726894	  96.72164	 96.716579	 96.711706	 96.707016	 96.702504	 96.698163	 96.693991	  96.68998	 96.686127	 96.682426	 96.678874	 96.675464	 96.672193	 96.669056	 96.666048	 96.663166	 96.660405	 96.657761	  96.65523	 96.652808	 96.650491	 96.648275	 96.646157	 96.644133	 96.642199	 96.640353	 96.638591	  96.63691	 96.635306	 96.633776	 96.632319	  96.63093	 96.629607	 96.628347	 96.627149	 96.626008	 96.624923	 96.623892	 96.622912	 96.621981	 96.621096	 96.620257	  96.61946	 96.618704	 96.617987	 96.617308	 96.616664	 96.616054	 96.615476	  96.61493	 96.614413	 96.613924	 96.613461	 96.613024	 96.612611	 96.612221	 96.611854	 96.611506	 96.611179	  96.61087	  96.61058	 96.610306	 96.610048	 96.609805	 96.609577	 96.609363	 96.609162	 96.608973	 96.608796	  96.60863	 96.608474	 96.608329	 96.608193	 96.608066	 96.607947	 96.607837	 96.607735	 96.607639	 96.607551	 96.607469	 96.607394	 96.607325	 96.607261	 96.607203	 96.607151	 96.607103	  96.60706	 96.607023	 96.606989	  96.60696	 96.606936	 96.606916	 96.606899	 96.606887	 96.606879	 96.606875	
        99	 98.945603	 98.891225	 98.836887	 98.782607	 98.728406	 98.674303	 98.620316	 98.566466	  98.51277	 98.459249	 98.405921	 98.352804	 98.299916	 98.247276	   98.1949	 98.142808	 98.091016	  98.03954	 97.988397	 97.937604	 97.887175	 97.837128	 97.787476	 97.738234	 97.689417	 97.641038	 97.593111	 97.545649	 97.498663	 97.452167	 97.406171	 97.360686	 97.315724	 97.271294	 97.227405	 97.184067	 97.141289	 97.099077	  97.05744	 97.016385	 96.975919	 96.936046	 96.896773	 96.858104	 96.820045	 96.782598	 96.745768	 96.709556	 96.673967	 96.639001	  96.60466	 96.570945	 96.537857	 96.505395	 96.473559	 96.442349	 96.411764	   96.3818	 96.352457	 96.323732	 96.295622	 96.268124	 96.241234	 96.214949	 96.189263	 96.164173	 96.139672	 96.115757	 96.092422	  96.06966	 96.047465	 96.025832	 96.004754	 95.984223	 95.964233	 95.944777	 95.925847	 95.907435	 95.889535	 95.872137	 95.855234	 95.838818	  95.82288	 95.807412	 95.792406	 95.777853	 95.763745	 95.750073	 95.736827	 95.724001	 95.711583	 95.699567	 95.687943	 95.676703	 95.665837	 95.655338	 95.645195	 95.635402	 95.625948	 95.616826	 95.608028	 95.599544	 95.591366	 95.583487	 95.575898	 95.568591	 95.561558	 95.554791	 95.548283	 95.542025	 95.536011	 95.530234	 95.524684	 95.519357	 95.514244	 95.509339	 95.504635	 95.500125	 95.495803	 95.491663	 95.487698	 95.483902	  95.48027	 95.476795	 95.473472	 95.470296	 95.467261	 95.464362	 95.461594	 95.458951	  95.45643	 95.454025	 95.451731	 95.449545	 95.447463	 95.445479	  95.44359	 95.441793	 95.440082	 95.438456	 95.436909	 95.435439	 95.434043	 95.432717	 95.431458	 95.430263	 95.429129	 95.428055	 95.427036	  95.42607	 95.425156	  95.42429	  95.42347	 95.422694	 95.421961	 95.421267	 95.420612	 95.419993	 95.419409	 95.418857	 95.418336	 95.417845	 95.417382	 95.416946	 95.416536	 95.416149	 95.415786	 95.415444	 95.415122	 95.414821	 95.414537	 95.414272	 95.414023	  95.41379	 95.413571	 95.413367	 95.413177	 95.412999	 95.412834	  95.41268	 95.412537	 95.412405	 95.412282	  95.41217	 95.412066	  95.41197	 95.411884	 95.411805	 95.411733	 95.411669	 95.411613	 95.411563	 95.411519	 95.411483	 95.411452	 95.411428	  95.41141	 95.411398	 95.411392	
        99	 98.927501	 98.855028	 98.782607	 98.710265	 98.638027	 98.565919	 98.493968	 98.422197	 98.350634	 98.279302	 98.208228	 98.137434	 98.066947	  97.99679	 97.926985	 97.857558	  97.78853	 97.719925	 97.651763	 97.584067	 97.516858	 97.450156	 97.383981	 97.318353	 97.253291	 97.188813	 97.124937	 97.061681	  96.99906	  96.93709	 96.875788	 96.815168	 96.755243	 96.696028	 96.637534	 96.579775	 96.522761	 96.466502	  96.41101	 96.356293	  96.30236	 96.249219	 96.196877	  96.14534	 96.094615	 96.044707	 95.995621	 95.947359	 95.899927	 95.853325	 95.807556	 95.762622	 95.718523	 95.675259	 95.632829	 95.591233	  95.55047	 95.510535	 95.471428	 95.433144	  95.39568	 95.359031	 95.323193	  95.28816	 95.253927	 95.220487	 95.187834	  95.15596	 95.124859	 95.094523	 95.064943	 95.036111	 95.008018	 94.980655	 94.954014	 94.928083	 94.902853	 94.878315	 94.854457	  94.83127	 94.808742	 94.786863	 94.765622	 94.745007	 94.725007	 94.705612	 94.686808	 94.668586	 94.650933	 94.633838	 94.617289	 94.601274	 94.585782	 94.570801	 94.556319	 94.542326	 94.528808	 94.515756	 94.503156	 94.490999	 94.479272	 94.467965	 94.457066	 94.446565	 94.436451	 94.426712	 94.417338	  94.40832	 94.399646	 94.391306	 94.383291	  94.37559	 94.368195	 94.361094	  94.35428	 94.347742	 94.341473	 94.335462	 94.329702	 94.324184	   94.3189	 94.313841	    94.309	 94.304369	 94.299941	 94.295708	 94.291663	 94.287799	 94.284109	 94.280587	 94.277227	 94.274021	 94.270965	 94.268051	 94.265276	 94.262632	 94.260115	 94.257719	 94.255439	 94.253271	  94.25121	 94.249251	  94.24739	 94.245623	 94.243945	 94.242352	 94.240842	 94.239409	 94.238051	 94.236764	 94.235545	 94.234391	 94.233299	 94.232265	 94.231288	 94.230363	  94.22949	 94.228665	 94.227886	 94.227151	 94.226457	 94.225802	 94.225186	 94.224605	 94.224057	 94.223542	 94.223057	 94.222602	 94.222174	 94.221771	 94.221394	  94.22104	 94.220708	 94.220397	 94.220106	 94.219835	 94.219581	 94.219344	 94.219124	 94.218918	 94.218728	 94.218552	 94.218388	 94.218238	   94.2181	 94.217973	 94.217857	 94.217752	 94.217657	 94.217571	 94.217496	 94.217429	 94.217371	 94.217322	 94.217282	  94.21725	 94.217226	  94.21721	 94.217202	
        99	 98.909425	 98.818883	 98.728406	 98.638027	 98.547779	 98.457693	 98.367801	 98.278137	 98.188731	 98.099615	 98.010819	 97.922376	 97.834314	 97.746665	 97.659457	  97.57272	 97.486482	 97.400771	 97.315615	 97.231041	 97.147074	 97.063742	 96.981068	 96.899078	 96.817794	  96.73724	 96.657439	  96.57841	 96.500176	 96.422757	  96.34617	 96.270436	 96.195571	 96.121591	 96.048514	 95.976354	 95.905124	  95.83484	 95.765512	 95.697152	 95.629772	 95.563382	  95.49799	 95.433604	 95.370232	 95.307881	 95.246556	 95.186262	 95.127003	 95.068782	 95.011602	 94.955465	  94.90037	  94.84632	 94.793312	 94.741345	 94.690417	 94.640527	 94.591669	  94.54384	 94.497035	 94.451249	 94.406475	 94.362708	  94.31994	 94.278162	 94.237368	 94.197548	 94.158692	 94.120792	 94.083837	 94.047817	  94.01272	 93.978535	  93.94525	 93.912854	 93.881335	 93.850678	 93.820872	 93.791904	 93.763759	 93.736425	 93.709888	 93.684133	 93.659147	 93.634916	 93.611424	 93.588659	 93.566605	 93.545247	 93.524572	 93.504564	  93.48521	 93.466494	 93.448401	 93.430919	 93.414031	 93.397724	 93.381983	 93.366795	 93.352145	 93.338018	 93.324402	 93.311283	 93.298646	  93.28648	 93.274769	 93.263502	 93.252665	 93.242247	 93.232233	 93.222612	 93.213373	 93.204502	 93.195989	 93.187821	 93.179988	 93.172479	 93.165283	 93.158389	 93.151787	 93.145467	 93.139419	 93.133634	 93.128101	 93.122813	 93.117759	 93.112932	 93.108322	 93.103922	 93.099724	 93.095719	 93.091901	 93.088261	 93.084794	 93.081491	 93.078346	 93.075352	 93.072505	 93.069796	 93.067221	 93.064774	 93.062448	  93.06024	 93.058144	 93.056155	 93.054267	 93.052478	 93.050781	 93.049174	 93.047651	 93.046209	 93.044844	 93.043553	 93.042331	 93.041177	 93.040086	 93.039055	 93.038082	 93.037163	 93.036296	 93.035479	 93.034708	 93.033982	 93.033298	 93.032655	 93.032049	  93.03148	 93.030945	 93.030442	 93.029971	 93.029528	 93.029114	 93.028726	 93.028362	 93.028023	 93.027706	  93.02741	 93.027135	 93.026878	  93.02664	  93.02642	 93.026216	 93.026028	 93.025855	 93.025697	 93.025552	 93.025421	 93.025302	 93.025195	 93.025101	 93.025018	 93.024945	 93.024884	 93.024834	 93.024793	 93.024763	 93.024743	 93.024733	
        99	 98.891382	 98.782803	 98.674303	 98.565919	 98.457693	 98.349661	 98.241863	 98.134336	  98.02712	 97.920251	 97.813767	 97.707705	 97.602101	 97.496991	  97.39241	 97.288394	 97.184977	 97.082192	 96.980072	  96.87865	 96.777957	 96.678024	 96.578882	 96.480558	 96.383082	 96.286481	 96.190782	 96.096011	 96.002192	  95.90935	 95.817507	 95.726686	 95.636907	  95.54819	 95.460555	  95.37402	 95.288601	 95.204315	 95.121177	   95.0392	 94.958397	 94.878781	 94.800362	  94.72315	 94.647154	 94.572382	 94.498841	 94.426536	 94.355472	 94.285653	 94.217083	 94.149762	 94.083693	 94.018875	 93.955307	 93.892988	 93.831915	 93.772086	 93.713495	 93.656138	  93.60001	 93.545103	  93.49141	 93.438924	 93.387635	 93.337536	 93.288615	 93.240862	 93.194267	 93.148817	   93.1045	 93.061304	 93.019215	  92.97822	 92.938305	 92.899456	 92.861657	 92.824894	  92.78915	 92.754411	  92.72066	 92.687881	 92.656057	 92.625172	 92.595208	  92.56615	 92.537979	 92.510678	  92.48423	 92.458618	 92.433824	 92.409831	 92.386621	 92.364176	  92.34248	 92.321515	 92.301263	 92.281708	 92.262831	 92.244617	 92.227048	 92.210108	 92.193779	 92.178047	 92.162893	 92.148302	 92.134259	 92.120748	 92.107752	 92.095258	 92.083249	 92.071712	 92.060632	 92.049994	 92.039785	  92.02999	 92.020597	 92.011592	 92.002963	 91.994695	 91.986778	 91.979199	 91.971947	 91.965009	 91.958374	 91.952032	 91.945972	 91.940183	 91.934655	 91.929378	 91.924344	 91.919541	 91.914962	 91.910598	 91.906439	 91.902478	 91.898707	 91.895117	 91.891702	 91.888454	 91.885366	 91.882431	 91.879642	 91.876994	 91.874481	 91.872095	 91.869832	 91.867685	 91.865651	 91.863723	 91.861897	 91.860168	 91.858531	 91.856983	 91.855518	 91.854133	 91.852825	 91.851589	 91.850421	  91.84932	  91.84828	   91.8473	 91.846376	 91.845505	 91.844685	 91.843914	 91.843187	 91.842505	 91.841863	 91.841261	 91.840695	 91.840165	 91.839667	 91.839202	 91.838766	 91.838359	 91.837979	 91.837624	 91.837294	 91.836986	 91.836701	 91.836437	 91.836192	 91.835967	  91.83576	 91.835569	 91.835396	 91.835238	 91.835096	 91.834968	 91.834855	 91.834755	 91.834669	 91.834595	 91.834534	 91.834486	  91.83445	 91.834426	 91.834414	
        99	 98.873378	 98.746801	 98.620316	 98.493968	 98.367801	 98.241863	 98.116196	 97.990847	 97.865858	 97.741275	 97.617141	 97.493498	 97.370389	 97.247856	 97.125941	 97.004684	 96.884124	 96.764302	 96.645255	 96.527022	 96.409639	 96.293141	 96.177565	 96.062943	  95.94931	 95.836697	 95.725135	 95.614655	 95.505285	 95.397054	 95.289987	 95.184111	 95.079451	 94.976029	 94.873868	 94.772989	 94.673411	 94.575154	 94.478235	  94.38267	 94.288474	  94.19566	 94.104243	 94.014233	  93.92564	 93.838474	 93.752743	 93.668452	 93.585609	 93.504218	 93.424281	 93.345802	 93.268781	 93.193219	 93.119114	 93.046465	  92.97527	 92.905523	 92.837221	 92.770356	 92.704924	 92.640916	 92.578323	 92.517137	 92.457347	 92.398943	 92.341913	 92.286245	 92.231926	 92.178943	  92.12728	 92.076924	 92.027859	 91.980069	 91.933538	 91.888249	 91.844184	 91.801327	 91.759659	 91.719161	 91.679816	 91.641603	 91.604504	   91.5685	  91.53357	 91.499695	 91.466854	 91.435028	 91.404197	 91.374339	 91.345435	 91.317465	 91.290408	 91.264243	  91.23895	  91.21451	 91.190901	 91.168104	 91.146099	 91.124866	 91.104385	 91.084636	 91.065601	 91.047261	 91.029595	 91.012586	 90.996215	 90.980464	 90.965315	 90.950749	  90.93675	 90.923301	 90.910384	 90.897983	 90.886081	 90.874663	 90.863713	 90.853216	 90.843155	 90.833518	 90.824288	 90.815453	 90.806998	  90.79891	 90.791176	 90.783783	 90.776718	 90.769969	 90.763525	 90.757374	 90.751505	 90.745906	 90.740568	  90.73548	 90.730632	 90.726015	 90.721618	 90.717434	 90.713452	 90.709666	 90.706066	 90.702645	 90.699394	 90.696307	 90.693376	 90.690595	 90.687957	 90.685455	 90.683083	 90.680836	 90.678707	 90.676691	 90.674783	 90.672978	 90.671271	 90.669657	 90.668131	  90.66669	 90.665329	 90.664045	 90.662833	 90.661691	 90.660613	 90.659598	 90.658643	 90.657743	 90.656896	 90.656101	 90.655353	  90.65465	 90.653991	 90.653372	 90.652793	  90.65225	 90.651742	 90.651267	 90.650824	 90.650411	 90.650026	 90.649668	 90.649335	 90.649027	 90.648742	 90.648479	 90.648237	 90.648016	 90.647813	  90.64763	 90.647464	 90.647315	 90.647182	 90.647066	 90.646965	  90.64688	 90.646809	 90.646753	 90.646711	 90.646683	 90.646669	
        99	 98.855419	  98.71089	 98.566466	 98.422197	 98.278137	 98.134336	 97.990847	 97.847719	 97.705003	 97.562751	  97.42101	 97.279831	 97.139262	 96.999351	 96.860144	 96.721689	 96.584031	 96.447214	 96.311283	  96.17628	 96.042249	 95.909228	  95.77726	 95.646381	 95.516632	 95.388047	 95.260662	 95.134513	 95.009631	 94.886049	 94.763797	 94.642905	 94.523401	 94.405311	  94.28866	 94.173474	 94.059773	  93.94758	 93.836915	 93.727796	  93.62024	 93.514263	  93.40988	 93.307104	 93.205946	 93.106417	 93.008526	 92.912281	 92.817688	 92.724753	 92.633479	 92.543869	 92.455924	 92.369645	  92.28503	 92.202078	 92.120785	 92.041146	 91.963156	 91.886809	 91.812096	 91.739009	 91.667539	 91.597675	 91.529406	 91.462718	   91.3976	 91.334036	 91.272013	 91.211515	 91.152525	 91.095027	 91.039003	 90.984435	 90.931304	 90.879592	 90.829278	 90.780342	 90.732764	 90.686523	 90.641597	 90.597965	 90.555604	 90.514493	 90.474609	 90.435929	 90.398431	 90.362091	 90.326887	 90.292795	 90.259792	 90.227854	 90.196959	 90.167084	 90.138204	 90.110297	  90.08334	  90.05731	 90.032183	 90.007939	 89.984553	 89.962004	 89.940269	 89.919327	 89.899156	 89.879734	 89.861042	 89.843056	 89.825758	 89.809127	 89.793143	 89.777786	 89.763037	 89.748877	 89.735288	  89.72225	 89.709747	  89.69776	 89.686273	 89.675269	  89.66473	 89.654642	 89.644988	 89.635753	 89.626922	  89.61848	 89.610413	 89.602707	 89.595349	 89.588326	 89.581624	 89.575232	 89.569136	 89.563327	 89.557791	 89.552519	 89.547499	 89.542721	 89.538175	 89.533851	 89.529741	 89.525834	 89.522123	 89.518598	 89.515251	 89.512076	 89.509063	 89.506207	 89.503498	 89.500932	 89.498501	   89.4962	 89.494021	  89.49196	 89.490011	 89.488167	 89.486426	  89.48478	 89.483227	  89.48176	 89.480376	 89.479072	 89.477842	 89.476683	 89.475591	 89.474564	 89.473597	 89.472689	 89.471835	 89.471033	  89.47028	 89.469574	 89.468912	 89.468292	 89.467712	  89.46717	 89.466664	 89.466192	 89.465752	 89.465343	 89.464964	 89.464612	 89.464286	 89.463986	  89.46371	 89.463457	 89.463226	 89.463016	 89.462827	 89.462657	 89.462506	 89.462373	 89.462258	  89.46216	 89.462079	 89.462015	 89.461967	 89.461935	 89.461919	
        99	 98.837512	 98.675083	  98.51277	 98.350634	 98.188731	  98.02712	 97.865858	 97.705003	 97.544612	 97.384741	 97.225445	  97.06678	 96.908801	 96.751561	 96.595113	  96.43951	 96.284802	  96.13104	 95.978273	  95.82655	 95.675917	 95.526422	 95.378108	  95.23102	   95.0852	  94.94069	 94.797528	 94.655754	 94.515406	 94.376517	 94.239124	 94.103259	 93.968954	 93.836238	 93.705139	 93.575686	 93.447903	 93.321815	 93.197443	 93.074809	 92.953932	 92.834829	 92.717518	 92.602012	 92.488326	  92.37647	 92.266455	 92.158289	 92.051981	 91.947535	 91.844956	 91.744248	 91.645411	 91.548445	 91.453351	 91.360124	 91.268762	  91.17926	 91.091611	 91.005807	 90.921841	 90.839702	  90.75938	 90.680863	 90.604138	 90.529191	 90.456008	 90.384572	 90.314867	 90.246875	 90.180579	  90.11596	 90.052997	  89.99167	 89.931959	 89.873842	 89.817296	   89.7623	 89.708829	 89.656861	  89.60637	 89.557334	 89.509727	 89.463524	   89.4187	  89.37523	 89.333087	 89.292247	 89.252682	 89.214368	 89.177277	 89.141384	 89.106662	 89.073086	  89.04063	 89.009266	 88.978971	 88.949716	 88.921478	 88.894231	 88.867948	 88.842606	  88.81818	 88.794644	 88.771975	 88.750148	  88.72914	 88.708927	 88.689486	 88.670795	 88.652831	 88.635572	 88.618997	 88.603083	  88.58781	 88.573158	 88.559106	 88.545635	 88.532726	 88.520358	 88.508514	 88.497177	 88.486327	 88.475948	 88.466023	 88.456535	 88.447469	 88.438809	  88.43054	 88.422647	 88.415115	 88.407931	 88.401081	 88.394551	  88.38833	 88.382405	 88.376763	 88.371393	 88.366284	 88.361425	 88.356806	 88.352415	 88.348244	 88.344283	 88.340522	 88.336953	 88.333567	 88.330357	 88.327313	 88.324429	 88.321697	 88.319111	 88.316662	 88.314346	 88.312155	 88.310083	 88.308126	 88.306277	  88.30453	 88.302882	 88.301327	 88.299861	 88.298479	 88.297176	  88.29595	 88.294795	 88.293709	 88.292687	 88.291728	 88.290826	  88.28998	 88.289187	 88.288443	 88.287746	 88.287095	 88.286485	 88.285917	 88.285386	 88.284892	 88.284432	 88.284006	  88.28361	 88.283244	 88.282907	 88.282597	 88.282312	 88.282053	 88.281817	 88.281604	 88.281413	 88.281243	 88.281094	 88.280965	 88.280855	 88.280764	 88.280692	 88.280638	 88.280602	 88.280584	
        99	 98.819663	 98.639391	 98.459249	 98.279302	 98.099615	 97.920251	 97.741275	 97.562751	 97.384741	 97.207308	 97.030514	  96.85442	 96.679087	 96.504575	 96.330941	 96.158245	 95.986543	  95.81589	 95.646343	 95.477953	 95.310774	 95.144857	 94.980251	 94.817006	 94.655168	 94.494783	 94.335895	 94.178548	 94.022782	 93.868637	 93.716152	 93.565362	 93.416304	 93.269009	  93.12351	 92.979836	 92.838017	 92.698078	 92.560044	 92.423939	 92.289784	 92.157598	   92.0274	 91.899207	 91.773032	 91.648889	 91.526789	 91.406742	 91.288755	 91.172836	  91.05899	 90.947218	 90.837524	 90.729908	 90.624367	   90.5209	 90.419502	 90.320168	  90.22289	 90.127662	 90.034472	 89.943311	 89.854165	 89.767023	  89.68187	  89.59869	 89.517468	 89.438185	 89.360823	 89.285363	 89.211784	 89.140066	 89.070187	 89.002124	 88.935854	 88.871353	 88.808596	 88.747558	 88.688213	 88.630536	   88.5745	 88.520077	  88.46724	 88.415962	 88.366214	 88.317969	 88.271197	  88.22587	 88.181959	 88.139436	 88.098271	 88.058435	   88.0199	 87.982636	 87.946614	 87.911805	 87.878181	 87.845714	 87.814374	 87.784133	 87.754964	 87.726838	 87.699728	 87.673607	 87.648447	 87.624223	 87.600907	 87.578474	 87.556898	 87.536154	 87.516216	 87.497062	 87.478665	 87.461003	 87.444053	 87.427791	 87.412196	 87.397245	 87.382917	 87.369191	 87.356047	 87.343463	 87.331422	 87.319903	 87.308887	 87.298358	 87.288296	 87.278685	 87.269507	 87.260746	 87.252387	 87.244414	 87.236811	 87.229565	  87.22266	 87.216084	 87.209822	 87.203863	 87.198193	   87.1928	 87.187673	   87.1828	 87.178171	 87.173774	   87.1696	 87.165639	 87.161882	 87.158318	 87.154941	  87.15174	 87.148708	 87.145837	  87.14312	 87.140549	 87.138117	 87.135818	 87.133646	 87.131593	 87.129655	 87.127826	   87.1261	 87.124473	 87.122939	 87.121493	 87.120132	  87.11885	 87.117645	 87.116511	 87.115446	 87.114446	 87.113507	 87.112626	   87.1118	 87.111027	 87.110304	 87.109628	 87.108997	 87.108408	  87.10786	  87.10735	 87.106876	 87.106437	 87.106031	 87.105657	 87.105312	 87.104997	 87.104709	 87.104447	 87.104211	 87.103999	  87.10381	 87.103645	 87.103501	 87.103379	 87.103278	 87.103198	 87.103138	 87.103099	 87.103079	
        99	 98.801878	 98.603828	 98.405921	 98.208228	 98.010819	 97.813767	 97.617141	  97.42101	 97.225445	 97.030514	 96.836285	 96.642825	 96.450201	 96.258478	 96.067721	 95.877993	 95.689358	 95.501876	 95.315607	 95.130611	 94.946945	 94.764666	 94.583827	 94.404482	 94.226684	 94.050482	 93.875925	  93.70306	 93.531933	 93.362587	 93.195063	 93.029403	 92.865644	 92.703823	 92.543975	 92.386133	 92.230327	 92.076587	 91.924941	 91.775413	 91.628027	 91.482806	 91.339768	 91.198932	 91.060314	 90.923928	 90.789786	   90.6579	 90.528278	 90.400928	 90.275853	 90.153059	 90.032547	 89.914317	 89.798369	 89.684698	   89.5733	  89.46417	 89.357299	 89.252679	 89.150299	 89.050147	  88.95221	 88.856474	 88.762924	 88.671541	 88.582308	 88.495206	 88.410215	 88.327313	 88.246478	 88.167687	 88.090917	 88.016141	 87.943336	 87.872473	 87.803527	  87.73647	 87.671273	 87.607908	 87.546345	 87.486555	 87.428508	 87.372173	 87.317519	 87.264515	 87.213131	 87.163334	 87.115093	 87.068376	 87.023151	 86.979387	 86.937051	 86.896112	 86.856537	 86.818296	 86.781356	 86.745687	 86.711256	 86.678033	 86.645987	 86.615087	 86.585304	 86.556607	 86.528966	 86.502352	 86.476737	 86.452092	 86.428388	 86.405598	 86.383695	 86.362651	  86.34244	 86.323036	 86.304414	 86.286549	 86.269416	 86.252991	  86.23725	  86.22217	 86.207729	 86.193905	 86.180676	 86.168021	 86.155919	 86.144351	 86.133297	 86.122738	 86.112655	  86.10303	 86.093847	 86.085087	 86.076735	 86.068774	 86.061188	 86.053963	 86.047084	 86.040537	 86.034308	 86.028383	  86.02275	 86.017397	 86.012311	 86.007481	 86.002896	 85.998544	 85.994416	 85.990501	  85.98679	 85.983274	 85.979943	 85.976789	 85.973803	 85.970979	 85.968307	 85.965782	 85.963395	  85.96114	 85.959011	 85.957002	 85.955106	 85.953318	 85.951632	 85.950044	 85.948549	 85.947141	 85.945816	 85.944571	 85.943401	 85.942302	  85.94127	 85.940302	 85.939396	 85.938546	 85.937752	 85.937009	 85.936315	 85.935669	 85.935066	 85.934506	 85.933985	 85.933503	 85.933057	 85.932646	 85.932268	 85.931921	 85.931604	 85.931317	 85.931057	 85.930824	 85.930617	 85.930435	 85.930278	 85.930144	 85.930033	 85.929945	 85.929879	 85.929835	 85.929814	
        99	 98.784164	 98.568406	 98.352804	 98.137434	 97.922376	 97.707705	 97.493498	 97.279831	  97.06678	  96.85442	 96.642825	 96.432068	 96.222221	 96.013356	 95.805543	 95.598852	  95.39335	 95.189105	 94.986182	 94.784646	 94.584558	  94.38598	 94.188972	 93.993593	 93.799897	 93.607941	 93.417777	 93.229456	 93.043028	  92.85854	 92.676038	 92.495566	 92.317165	 92.140876	 91.966736	  91.79478	 91.625044	 91.457558	 91.292353	 91.129456	 90.968892	 90.810686	 90.654859	 90.501431	 90.350419	 90.201838	 90.055703	 89.912025	 89.770814	 89.632076	 89.495819	 89.362046	 89.230759	 89.101958	 88.975642	 88.851807	 88.730449	 88.611562	 88.495135	 88.381161	 88.269627	 88.160521	 88.053828	 87.949532	 87.847616	 87.748063	 87.650852	 87.555962	 87.463372	 87.373057	 87.284995	  87.19916	 87.115525	 87.034064	 86.954748	  86.87755	  86.80244	 86.729387	  86.65836	  86.58933	 86.522263	 86.457127	 86.393889	 86.332517	 86.272977	 86.215234	 86.159255	 86.105006	 86.052452	 86.001558	 85.952289	 85.904612	 85.858491	 85.813891	 85.770778	 85.729118	 85.688875	 85.650016	 85.612507	 85.576314	 85.541402	  85.50774	 85.475294	 85.444031	 85.413919	 85.384926	  85.35702	 85.330171	 85.304348	  85.27952	 85.255658	 85.232733	 85.210715	 85.189577	  85.16929	 85.149827	 85.131162	 85.113268	  85.09612	 85.079692	  85.06396	 85.048899	 85.034487	 85.020701	 85.007517	 84.994915	 84.982872	 84.971369	 84.960385	   84.9499	 84.939895	 84.930352	 84.921253	  84.91258	 84.904316	 84.896445	 84.888951	 84.881819	 84.875032	 84.868578	 84.862442	  84.85661	 84.851069	 84.845807	 84.840812	 84.836071	 84.831574	 84.827309	 84.823266	 84.819435	 84.815807	 84.812371	 84.809118	 84.806041	 84.803131	  84.80038	 84.797779	 84.795323	 84.793004	 84.790814	 84.788749	 84.786801	 84.784965	 84.783235	 84.781605	 84.780072	 84.778629	 84.777272	 84.775997	   84.7748	 84.773676	 84.772622	 84.771634	 84.770709	 84.769843	 84.769034	 84.768279	 84.767574	 84.766917	 84.766307	  84.76574	 84.765215	 84.764729	 84.764281	 84.763869	 84.763491	 84.763146	 84.762833	  84.76255	 84.762296	 84.762071	 84.761873	 84.761701	 84.761555	 84.761434	 84.761338	 84.761267	 84.761219	 84.761195	
        99	 98.766526	 98.533137	 98.299916	 98.066947	 97.834314	 97.602101	 97.370389	 97.139262	 96.908801	 96.679087	 96.450201	 96.222221	 95.995225	 95.769292	 95.544498	 95.320916	 95.098621	 94.877686	  94.65818	 94.440174	 94.223736	 94.008931	 93.795824	 93.584478	 93.374954	 93.167311	 92.961607	 92.757897	 92.556234	 92.356671	 92.159255	 91.964035	 91.771056	  91.58036	  91.39199	 91.205983	 91.022376	 90.841203	 90.662497	 90.486289	 90.312604	  90.14147	 89.972909	 89.806943	  89.64359	 89.482868	 89.324791	 89.169372	 89.016621	 88.866546	 88.719154	 88.574449	 88.432433	 88.293107	 88.156469	 88.022515	  87.89124	 87.762637	 87.636696	 87.513408	  87.39276	 87.274738	 87.159326	 87.046507	 86.936263	 86.828575	  86.72342	 86.620775	 86.520619	 86.422924	 86.327666	 86.234816	 86.144347	 86.056229	 85.970432	 85.886925	 85.805677	 85.726654	 85.649823	 85.575152	 85.502604	 85.432145	  85.36374	 85.297353	 85.232947	 85.170486	 85.109932	  85.05125	 84.994401	 84.939348	 84.886053	  84.83448	  84.78459	 84.736346	  84.68971	 84.644645	 84.601114	 84.559079	 84.518505	 84.479354	  84.44159	 84.405176	 84.370079	 84.336261	 84.303688	 84.272326	  84.24214	 84.213097	 84.185164	 84.158307	 84.132495	 84.107696	 84.083879	 84.061013	 84.039069	 84.018015	 83.997825	 83.978469	 83.959919	 83.942149	 83.925131	  83.90884	  83.89325	 83.878337	 83.864076	 83.850444	 83.837417	 83.824974	 83.813092	  83.80175	 83.790928	 83.780606	 83.770763	 83.761381	 83.752442	 83.743928	 83.735822	 83.728106	 83.720765	 83.713783	 83.707146	 83.700837	 83.694844	 83.689152	 83.683748	  83.67862	 83.673755	 83.669142	 83.664769	 83.660625	   83.6567	 83.652983	 83.649465	 83.646136	 83.642988	 83.640012	 83.637199	 83.634542	 83.632033	 83.629665	 83.627431	 83.625324	 83.623337	 83.621466	 83.619703	 83.618045	 83.616484	 83.615016	 83.613637	 83.612342	 83.611126	 83.609986	 83.608917	 83.607916	  83.60698	 83.606105	 83.605287	 83.604525	 83.603815	 83.603155	 83.602542	 83.601973	 83.601448	 83.600963	 83.600517	 83.600109	 83.599736	 83.599397	 83.599091	 83.598817	 83.598573	 83.598358	 83.598172	 83.598015	 83.597884	  83.59778	 83.597703	 83.597651	 83.597626	
        99	 98.748971	 98.498033	 98.247276	  97.99679	 97.746665	 97.496991	 97.247856	 96.999351	 96.751561	 96.504575	 96.258478	 96.013356	 95.769292	 95.526371	 95.284674	 95.044281	 94.805271	 94.567723	 94.331713	 94.097315	 93.864602	 93.633645	 93.404515	 93.177277	 92.951999	 92.728743	 92.507572	 92.288545	 92.071719	  91.85715	  91.64489	 91.434991	 91.227502	 91.022467	 90.819933	  90.61994	 90.422527	 90.227732	 90.035589	 89.846131	 89.659387	 89.475385	  89.29415	 89.115704	 88.940069	 88.767262	 88.597299	 88.430194	 88.265957	 88.104598	 87.946123	 87.790538	 87.637844	 87.488041	 87.341129	 87.197103	 87.055957	 86.917684	 86.782274	 86.649716	 86.519996	 86.393099	 86.269009	 86.147708	 86.029175	 85.913389	 85.800327	 85.689965	 85.582277	 85.477237	 85.374816	 85.274984	 85.177713	 85.082969	 84.990721	 84.900935	 84.813577	 84.728613	 84.646006	 84.565719	 84.487716	  84.41196	 84.338411	 84.267032	 84.197783	 84.130626	 84.065519	 84.002424	 83.941301	 83.882108	 83.824807	 83.769355	 83.715714	 83.663842	   83.6137	 83.565246	 83.518442	 83.473247	 83.429622	 83.387527	 83.346923	 83.307772	 83.270035	 83.233674	 83.198652	 83.164932	 83.132476	  83.10125	 83.071216	  83.04234	 83.014587	 82.987924	 82.962316	 82.937731	 82.914136	   82.8915	 82.869791	 82.848979	 82.829035	 82.809928	 82.791631	 82.774115	 82.757353	 82.741319	 82.725986	 82.711328	 82.697322	 82.683943	 82.671168	 82.658973	 82.647338	 82.636239	 82.625656	 82.615569	 82.605958	 82.596803	 82.588087	 82.579792	 82.571899	 82.564392	 82.557255	 82.550472	 82.544028	 82.537908	 82.532098	 82.526584	 82.521354	 82.516394	 82.511692	 82.507236	 82.503016	  82.49902	 82.495237	 82.491658	 82.488274	 82.485073	 82.482049	 82.479192	 82.476495	 82.473949	 82.471546	 82.469281	 82.467145	 82.465133	 82.463238	 82.461454	 82.459776	 82.458198	 82.456716	 82.455323	 82.454016	  82.45279	 82.451641	 82.450565	 82.449558	 82.448617	 82.447738	 82.446919	 82.446155	 82.445445	 82.444786	 82.444175	  82.44361	 82.443089	 82.442609	  82.44217	 82.441769	 82.441405	 82.441076	 82.440781	 82.440518	 82.440288	 82.440088	 82.439918	 82.439778	 82.439666	 82.439583	 82.439528	   82.4395	
        99	 98.731504	 98.463106	   98.1949	 97.926985	 97.659457	  97.39241	 97.125941	 96.860144	 96.595113	 96.330941	 96.067721	 95.805543	 95.544498	 95.284674	 95.026159	 94.769039	 94.513399	 94.259323	  94.00689	 93.756183	 93.507277	 93.260251	 93.015177	 92.772128	 92.531175	 92.292385	 92.055825	 91.821557	 91.589644	 91.360145	 91.133117	 90.908613	 90.686686	 90.467385	 90.250758	  90.03685	 89.825701	 89.617352	  89.41184	 89.209199	 89.009461	 88.812656	  88.61881	 88.427948	 88.240092	 88.055261	 87.873472	 87.694739	 87.519075	 87.346488	 87.176987	 87.010576	 86.847257	 86.687032	 86.529897	 86.375849	 86.224883	 86.076989	 85.932157	 85.790375	 85.651629	 85.515903	 85.383178	 85.253437	 85.126656	 85.002813	 84.881885	 84.763844	 84.648663	 84.536314	 84.426766	 84.319988	 84.215948	 84.114612	 84.015946	 83.919913	 83.826477	   83.7356	 83.647245	 83.561372	 83.477942	 83.396914	 83.318248	 83.241902	 83.167835	 83.096005	 83.026368	 82.958883	 82.893506	 82.830195	 82.768906	 82.709597	 82.652223	 82.596742	 82.543111	 82.491286	 82.441225	 82.392885	 82.346224	   82.3012	 82.257771	 82.215896	 82.175533	 82.136643	 82.099184	 82.063117	 82.028404	 81.995004	  81.96288	 81.931995	 81.902312	 81.873793	 81.846403	 81.820107	 81.794871	 81.770659	  81.74744	 81.725181	 81.703848	 81.683412	 81.663842	 81.645107	 81.627179	 81.610029	 81.593629	 81.577952	 81.562971	 81.548661	 81.534997	 81.521954	 81.509508	 81.497637	 81.486318	 81.475529	 81.465249	 81.455458	 81.446135	 81.437262	  81.42882	 81.420791	 81.413158	 81.405903	  81.39901	 81.392465	  81.38625	 81.380353	 81.374759	 81.369453	 81.364424	 81.359659	 81.355145	  81.35087	 81.346825	 81.342997	 81.339376	 81.335954	 81.332719	 81.329664	 81.326778	 81.324055	 81.321485	 81.319062	 81.316778	 81.314626	 81.312599	 81.310691	 81.308896	 81.307209	 81.305623	 81.304133	 81.302735	 81.301424	 81.300195	 81.299044	 81.297967	 81.296961	 81.296021	 81.295144	 81.294327	 81.293568	 81.292863	 81.292209	 81.291605	 81.291048	 81.290535	 81.290065	 81.289636	 81.289247	 81.288895	 81.288579	 81.288298	 81.288052	 81.287838	 81.287657	 81.287507	 81.287387	 81.287298	 81.287239	 81.287209	
        99	 98.714132	 98.428367	 98.142808	 97.857558	  97.57272	 97.288394	 97.004684	 96.721689	  96.43951	 96.158245	 95.877993	 95.598852	 95.320916	 95.044281	 94.769039	 94.495283	 94.223102	 93.952586	 93.683821	 93.416892	 93.151881	 92.888871	 92.627941	 92.369166	 92.112622	 91.858382	 91.606515	  91.35709	 91.110172	 90.865823	 90.624105	 90.385075	 90.148789	 89.915299	 89.684656	 89.456906	 89.232096	 89.010266	 88.791456	 88.575704	 88.363042	 88.153503	 87.947115	 87.743904	 87.543893	 87.347103	 87.153552	 86.963254	 86.776224	 86.592471	 86.412002	 86.234823	 86.060938	 85.890345	 85.723043	 85.559028	 85.398293	  85.24083	 85.086627	 84.935672	 84.787948	  84.64344	 84.502128	 84.363992	 84.229008	 84.097153	 83.968399	 83.842721	 83.720087	 83.600469	 83.483833	 83.370147	 83.259375	 83.151482	 83.046432	 82.944185	 82.844703	 82.747947	 82.653875	 82.562446	 82.473617	 82.387347	 82.303591	 82.222305	 82.143446	 82.066967	 81.992825	 81.920974	 81.851367	 81.783959	 81.718705	 81.655558	 81.594472	 81.535401	 81.478299	 81.423121	 81.369821	 81.318354	 81.268674	 81.220737	 81.174498	 81.129913	 81.086939	 81.045532	 81.005649	 80.967249	 80.930289	 80.894729	 80.860527	 80.827643	 80.796039	 80.765675	 80.736513	 80.708515	 80.681646	 80.655868	 80.631147	 80.607447	 80.584734	 80.562976	 80.542139	 80.522192	 80.503104	 80.484844	 80.467383	 80.450692	 80.434742	 80.419506	 80.404958	 80.391071	  80.37782	 80.365181	 80.353129	 80.341642	 80.330697	 80.320272	 80.310346	 80.300899	 80.291911	 80.283363	 80.275235	 80.267511	 80.260172	 80.253203	 80.246587	 80.240308	 80.234351	 80.228703	 80.223348	 80.218275	 80.213468	 80.208918	  80.20461	 80.200535	  80.19668	 80.193036	 80.189592	 80.186339	 80.183267	 80.180367	 80.177631	 80.175051	 80.172619	 80.170328	  80.16817	 80.166139	 80.164228	 80.162431	 80.160742	 80.159156	 80.157668	 80.156272	 80.154963	 80.153738	 80.152591	  80.15152	 80.150519	 80.149586	 80.148716	 80.147908	 80.147157	 80.146461	 80.145818	 80.145224	 80.144678	 80.144178	 80.143721	 80.143306	 80.142932	 80.142596	 80.142297	 80.142035	 80.141807	 80.141614	 80.141454	 80.141327	 80.141232	 80.141169	 80.141138	
        99	 98.696859	 98.393828	 98.091016	  97.78853	 97.486482	 97.184977	 96.884124	 96.584031	 96.284802	 95.986543	 95.689358	  95.39335	 95.098621	 94.805271	 94.513399	 94.223102	 93.934476	 93.647615	 93.362611	 93.079553	 92.798531	  92.51963	 92.242933	 91.968523	 91.696479	 91.426877	 91.159792	 90.895296	 90.633459	 90.374346	 90.118023	 89.864551	 89.613988	  89.36639	 89.121811	 88.880301	 88.641907	 88.406674	 88.174644	 87.945855	 87.720345	 87.498145	 87.279287	 87.063797	 86.851701	 86.643021	 86.437775	  86.23598	 86.037649	 85.842793	  85.65142	 85.463536	 85.279144	 85.098243	 84.920833	 84.746908	 84.576462	 84.409484	 84.245964	 84.085888	 83.929239	 83.775999	 83.626149	 83.479666	 83.336527	 83.196704	 83.060172	 82.926899	 82.796856	  82.67001	 82.546327	 82.425772	 82.308307	 82.193896	 82.082498	 81.974073	  81.86858	 81.765978	 81.666222	 81.569269	 81.475073	  81.38359	 81.294773	 81.208576	 81.124952	 81.043853	 80.965231	 80.889038	 80.815226	 80.743745	 80.674548	 80.607586	 80.542809	 80.480169	 80.419617	 80.361105	 80.304584	 80.250007	 80.197326	 80.146492	 80.097459	 80.050181	  80.00461	 79.960701	 79.918409	 79.877688	 79.838495	 79.800786	 79.764518	 79.729647	 79.696133	 79.663935	 79.633011	 79.603322	 79.574829	 79.547493	 79.521278	 79.496146	 79.472062	 79.448989	 79.426893	 79.405741	 79.385499	 79.366136	  79.34762	  79.32992	 79.313006	  79.29685	 79.281423	 79.266697	 79.252645	 79.239242	 79.226462	 79.214281	 79.202675	  79.19162	 79.181095	 79.171077	 79.161546	 79.152481	 79.143862	 79.135671	 79.127889	 79.120499	 79.113483	 79.106825	 79.100508	 79.094518	  79.08884	  79.08346	 79.078363	 79.073538	  79.06897	 79.064648	 79.060561	 79.056696	 79.053044	 79.049594	 79.046337	 79.043262	 79.040361	 79.037625	 79.035046	 79.032616	 79.030328	 79.028174	 79.026148	 79.024242	 79.022451	  79.02077	 79.019191	 79.017711	 79.016323	 79.015024	 79.013808	 79.012672	  79.01161	 79.010621	 79.009699	 79.008841	 79.008045	 79.007307	 79.006625	 79.005996	 79.005417	 79.004886	 79.004402	 79.003962	 79.003565	 79.003208	 79.002892	 79.002613	 79.002372	 79.002167	 79.001998	 79.001863	 79.001762	 79.001696	 79.001662	
