Time step 75:
        99	        99	        99	        99	        99	        99	        99	        99	        99	        99	        99	        99	        99	        99	        99	        99	        99	        99	        99	        99	        99	        99	        99	        99	        99	        99	        99	        99	        99	        99	        99	        99	        99	        99	        99	        99	        99	        99	        99	        99	        99	        99	        99	        99	        99	        99	        99	        99	        99	        99	        99	        99	        99	        99	        99	        99	        99	        99	        99	        99	        99	        99	        99	        99	        99	        99	        99	        99	        99	        99	        99	        99	        99	        99	        99	        99	        99	        99	        99	        99	        99	        99	        99	        99	        99	        99	        99	        99	        99	        99	        99	        99	        99	        99	        99	        99	        99	        99	        99	        99	        99	        99	        99	        99	        99	        99	        99	        99	        99	        99	        99	        99	        99	        99	        99	        99	        99	        99	        99	        99	        99	        99	        99	        99	        99	        99	        99	        99	        99	        99	        99	        99	        99	        99	        99	        99	        99	        99	        99	        99	        99	        99	        99	        99	        99	        99	        99	        99	        99	        99	        99	        99	        99	        99	        99	        99	        99	        99	        99	        99	        99	        99	        99	        99	        99	        99	        99	        99	        99	        99	        99	        99	        99	        99	        99	        99	        99	        99	        99	        99	        99	        99	        99	        99	        99	        99	        99	        99	        99	        99	        99	        99	        99	        99	        99	        99	        99	        99	        99	        99	
        99	 98.991534	 98.983069	 98.974607	 98.966149	 98.957697	 98.949253	 98.940816	  98.93239	 98.923975	 98.915573	 98.907184	 98.898812	 98.890456	 98.882118	 98.873801	 98.865504	 98.857229	 98.848978	 98.840752	 98.832553	 98.824381	 98.816237	 98.808124	 98.800042	 98.791993	 98.783978	 98.775998	 98.768053	 98.760147	 98.752278	  98.74445	 98.736662	 98.728916	 98.721213	 98.713553	 98.705939	 98.698371	  98.69085	 98.683377	 98.675953	 98.668578	 98.661255	 98.653983	 98.646763	 98.639597	 98.632485	 98.625427	 98.618426	  98.61148	 98.604592	 98.597762	  98.59099	 98.584277	 98.577623	  98.57103	 98.564498	 98.558027	 98.551618	 98.545271	 98.538987	 98.532766	 98.526609	 98.520515	 98.514486	 98.508522	 98.502622	 98.496788	  98.49102	 98.485317	  98.47968	 98.474109	 98.468604	 98.463166	 98.457794	 98.452489	  98.44725	 98.442078	 98.436973	 98.431935	 98.426963	 98.422058	 98.417219	 98.412447	 98.407741	 98.403102	 98.398528	  98.39402	 98.389578	 98.385202	 98.380891	 98.376644	 98.372463	 98.368346	 98.364293	 98.360304	 98.356379	 98.352516	 98.348717	  98.34498	 98.341305	 98.337692	 98.334139	 98.330648	 98.327217	 98.323846	 98.320535	 98.317282	 98.314088	 98.310952	 98.307874	 98.304852	 98.301887	 98.298978	 98.296124	 98.293325	  98.29058	 98.287889	 98.285252	 98.282666	 98.280133	 98.277652	 98.275221	 98.272841	  98.27051	 98.268228	 98.265995	  98.26381	 98.261672	 98.259581	 98.257536	 98.255537	 98.253582	 98.251672	 98.249806	 98.247983	 98.246202	 98.244463	 98.242766	 98.241109	 98.239493	 98.237916	 98.236379	  98.23488	 98.233418	 98.231995	 98.230608	 98.229257	 98.227942	 98.226662	 98.225416	 98.224205	 98.223027	 98.221883	 98.220771	 98.219691	 98.218642	 98.217625	 98.216638	 98.215681	 98.214754	 98.213856	 98.212987	 98.212147	 98.211334	 98.210549	 98.209791	 98.209059	 98.208354	 98.207675	 98.207021	 98.206393	 98.205789	  98.20521	 98.204656	 98.204125	 98.203618	 98.203134	 98.202673	 98.202235	  98.20182	 98.201426	 98.201055	 98.200706	 98.200378	 98.200072	 98.199787	 98.199523	  98.19928	 98.199058	 98.198857	 98.198675	 98.198515	 98.198374	 98.198254	 98.198154	 98.198074	 98.198014	 98.197975	 98.197955	
        99	 98.983069	 98.966141	 98.949218	 98.932305	 98.915402	 98.898514	 98.881643	 98.864791	 98.847962	 98.831159	 98.814384	  98.79764	  98.78093	 98.764257	 98.747623	  98.73103	 98.714482	 98.697982	 98.681532	 98.665134	 98.648791	 98.632506	 98.616281	 98.600119	 98.584022	 98.567992	 98.552033	 98.536146	 98.520333	 98.504598	 98.488942	 98.473368	 98.457877	 98.442472	 98.427155	 98.411928	 98.396793	 98.381752	 98.366807	  98.35196	 98.337212	 98.322566	 98.308023	 98.293585	 98.279254	 98.265031	 98.250918	 98.236915	 98.223026	 98.209251	 98.195591	 98.182048	 98.168623	 98.155318	 98.142132	 98.129069	 98.116128	 98.103311	 98.090618	 98.078051	  98.06561	 98.053297	 98.041111	 98.029054	 98.017126	 98.005329	 97.993661	 97.982125	  97.97072	 97.959447	 97.948306	 97.937298	 97.926422	 97.915679	  97.90507	 97.894594	 97.884251	 97.874041	 97.863965	 97.854023	 97.844213	 97.834537	 97.824993	 97.815582	 97.806304	 97.797157	 97.788143	  97.77926	 97.770507	 97.761886	 97.753394	 97.745032	 97.736798	 97.728693	 97.720716	 97.712866	 97.705142	 97.697543	  97.69007	 97.682721	 97.675495	 97.668391	 97.661409	 97.654548	 97.647806	 97.641184	 97.634679	 97.628292	  97.62202	 97.615864	 97.609821	 97.603891	 97.598073	 97.592366	 97.586769	  97.58128	 97.575899	 97.570624	 97.565454	 97.560388	 97.555425	 97.550564	 97.545804	 97.541143	  97.53658	 97.532114	 97.527744	 97.523469	 97.519287	 97.515197	 97.511199	  97.50729	  97.50347	 97.499738	 97.496092	 97.492531	 97.489054	 97.485659	 97.482347	 97.479114	 97.475961	 97.472886	 97.469888	 97.466966	 97.464118	 97.461345	 97.458643	 97.456013	 97.453453	 97.450963	 97.448541	 97.446185	 97.443896	 97.441672	 97.439513	 97.437416	 97.435381	 97.433408	 97.431495	 97.429641	 97.427845	 97.426107	 97.424426	 97.422801	  97.42123	 97.419714	 97.418251	 97.416841	 97.415483	 97.414176	 97.412919	 97.411712	 97.410555	 97.409445	 97.408384	  97.40737	 97.406402	  97.40548	 97.404605	 97.403774	 97.402987	 97.402245	 97.401547	 97.400891	 97.400279	 97.399709	 97.399181	 97.398695	 97.398251	 97.397848	 97.397486	 97.397165	 97.396884	 97.396644	 97.396444	 97.396284	 97.396164	 97.396084	 97.396044	
        99	 98.974607	 98.949218	 98.923838	 98.898471	 98.873121	 98.847792	 98.822489	 98.797215	 98.771976	 98.746774	 98.721616	 98.696503	 98.671442	 98.646435	 98.621487	 98.596602	 98.571784	 98.547037	 98.522364	 98.497771	  98.47326	 98.448836	 98.424502	 98.400262	  98.37612	 98.352079	 98.328143	 98.304316	 98.280601	 98.257002	 98.233521	 98.210162	  98.18693	 98.163825	 98.140853	 98.118016	 98.095317	 98.072758	 98.050344	 98.028076	 98.005958	 97.983992	 97.962181	 97.940527	 97.919033	 97.897701	 97.876534	 97.855534	 97.834702	 97.814042	 97.793556	 97.773244	  97.75311	 97.733154	 97.713379	 97.693787	 97.674378	 97.655155	 97.636119	 97.617271	 97.598612	 97.580144	 97.561868	 97.543786	 97.525897	 97.508202	 97.490704	 97.473402	 97.456297	 97.439389	  97.42268	  97.40617	 97.389859	 97.373747	 97.357835	 97.342123	 97.326611	 97.311299	 97.296187	 97.281275	 97.266563	  97.25205	 97.237737	 97.223622	 97.209707	 97.195989	 97.182469	 97.169146	  97.15602	 97.143089	 97.130353	 97.117811	 97.105463	 97.093307	 97.081343	 97.069569	 97.057985	 97.046589	  97.03538	 97.024358	 97.013521	 97.002867	 96.992395	 96.982105	 96.971994	 96.962062	 96.952306	 96.942726	  96.93332	 96.924087	 96.915024	  96.90613	 96.897405	 96.888845	  96.88045	 96.872218	 96.864147	 96.856236	 96.848482	 96.840885	 96.833442	 96.826151	 96.819012	 96.812021	 96.805178	  96.79848	 96.791926	 96.785514	 96.779242	 96.773108	 96.767112	 96.761249	  96.75552	 96.749923	 96.744454	 96.739113	 96.733898	 96.728808	 96.723839	 96.718991	 96.714262	 96.709651	 96.705154	 96.700771	 96.696501	 96.692341	 96.688289	 96.684345	 96.680505	  96.67677	 96.673137	 96.669605	 96.666172	 96.662836	 96.659597	 96.656452	 96.653401	 96.650441	 96.647572	 96.644791	 96.642099	 96.639492	 96.636971	 96.634533	 96.632178	 96.629904	  96.62771	 96.625595	 96.623558	 96.621598	 96.619713	 96.617903	 96.616166	 96.614503	 96.612911	 96.611389	 96.609938	 96.608556	 96.607243	 96.605996	 96.604817	 96.603704	 96.602656	 96.601674	 96.600755	   96.5999	 96.599109	  96.59838	 96.597714	 96.597109	 96.596566	 96.596084	 96.595663	 96.595303	 96.595003	 96.594763	 96.594583	 96.594464	 96.594404	
        99	 98.966149	 98.932305	 98.898471	 98.864655	 98.830861	 98.797096	 98.763365	 98.729673	 98.696027	 98.662432	 98.628894	 98.595417	 98.562008	 98.528672	 98.495415	 98.462241	 98.429157	 98.396167	 98.363278	 98.330493	 98.297818	 98.265259	  98.23282	 98.200506	 98.168323	 98.136275	 98.104367	 98.072604	  98.04099	  98.00953	 97.978229	  97.94709	 97.916119	 97.885319	 97.854696	 97.824252	 97.793992	  97.76392	  97.73404	 97.704356	 97.674871	 97.645589	 97.616513	 97.587646	 97.558993	 97.530557	 97.502339	 97.474344	 97.446575	 97.419034	 97.391723	 97.364647	 97.337806	 97.311204	 97.284842	 97.258724	 97.232851	 97.207225	 97.181849	 97.156723	  97.13185	 97.107231	 97.082868	 97.058762	 97.034915	 97.011327	    96.988	 96.964935	 96.942133	 96.919595	  96.89732	 96.875311	 96.853567	 96.832089	 96.810877	 96.789932	 96.769253	 96.748841	 96.728695	 96.708817	 96.689204	 96.669858	 96.650777	 96.631962	 96.613411	 96.595124	 96.577101	 96.559341	 96.541842	 96.524605	 96.507627	 96.490908	 96.474447	 96.458242	 96.442293	 96.426598	 96.411155	 96.395963	 96.381022	 96.366328	 96.351881	 96.337678	 96.323719	 96.310001	 96.296523	 96.283283	 96.270278	 96.257507	 96.244968	 96.232659	 96.220578	 96.208722	  96.19709	  96.18568	 96.174489	 96.163515	 96.152756	 96.142209	 96.131873	 96.121745	 96.111823	 96.102104	 96.092586	 96.083267	 96.074145	 96.065216	 96.056479	 96.047932	 96.039571	 96.031394	   96.0234	 96.015585	 96.007948	 96.000486	 95.993196	 95.986076	 95.979124	 95.972338	 95.965715	 95.959252	 95.952948	   95.9468	 95.940806	 95.934964	 95.929271	 95.923725	 95.918324	 95.913066	 95.907948	 95.902969	 95.898126	 95.893417	  95.88884	 95.884394	 95.880076	 95.875883	 95.871816	  95.86787	 95.864045	 95.860338	 95.856749	 95.853274	 95.849913	 95.846663	 95.843524	 95.840492	 95.837568	 95.834748	 95.832033	  95.82942	 95.826907	 95.824494	 95.822179	 95.819961	 95.817839	 95.815811	 95.813877	 95.812034	 95.810283	 95.808622	  95.80705	 95.805566	 95.804169	 95.802859	 95.801635	 95.800496	  95.79944	 95.798469	 95.797581	 95.796775	 95.796051	 95.795408	 95.794847	 95.794367	 95.793967	 95.793647	 95.793408	 95.793248	 95.793168	
        99	 98.957697	 98.915402	 98.873121	 98.830861	  98.78863	 98.746434	 98.704281	 98.662177	  98.62013	 98.578147	 98.536234	 98.494399	 98.452649	 98.410989	 98.369428	 98.327971	 98.286627	   98.2454	 98.204298	 98.163327	 98.122494	 98.081805	 98.041267	 98.000885	 97.960666	 97.920616	 97.880741	 97.841047	  97.80154	 97.762225	 97.723108	 97.684195	 97.645491	 97.607001	 97.568731	 97.530686	 97.492871	 97.455291	  97.41795	 97.380854	 97.344007	 97.307413	 97.271077	 97.235004	 97.199196	 97.163659	 97.128397	 97.093412	 97.058709	 97.024291	 96.990162	 96.956324	 96.922782	 96.889538	 96.856594	 96.823955	 96.791622	 96.759597	 96.727884	 96.696485	 96.665402	 96.634636	  96.60419	 96.574065	 96.544263	 96.514786	 96.485635	 96.456811	 96.428316	  96.40015	 96.372314	 96.344809	 96.317636	 96.290795	 96.264287	 96.238112	  96.21227	 96.186761	 96.161586	 96.136744	 96.112234	 96.088057	 96.064213	 96.040699	 96.017517	 95.994664	 95.972141	 95.949946	 95.928078	 95.906537	  95.88532	 95.864426	 95.843855	 95.823605	 95.803673	 95.784059	 95.764761	 95.745776	 95.727103	 95.708741	 95.690686	 95.672938	 95.655493	  95.63835	 95.621507	  95.60496	 95.588709	 95.572749	 95.557079	 95.541697	 95.526599	 95.511783	 95.497247	 95.482988	 95.469003	 95.455289	 95.441843	 95.428663	 95.415747	  95.40309	  95.39069	 95.378544	  95.36665	 95.355005	 95.343604	 95.332446	 95.321528	 95.310846	 95.300397	  95.29018	 95.280189	 95.270423	 95.260879	 95.251554	 95.242444	 95.233546	 95.224859	 95.216378	 95.208101	 95.200025	 95.192147	 95.184464	 95.176973	 95.169672	 95.162557	 95.155627	 95.148877	 95.142306	  95.13591	 95.129688	 95.123636	 95.117751	 95.112032	 95.106475	 95.101079	  95.09584	 95.090756	 95.085826	 95.081046	 95.076414	 95.071928	 95.067586	 95.063385	 95.059324	   95.0554	 95.051612	 95.047957	 95.044434	 95.041041	 95.037775	 95.034635	  95.03162	 95.028727	 95.025955	 95.023303	 95.020769	 95.018351	 95.016049	  95.01386	 95.011784	  95.00982	 95.007965	  95.00622	 95.004583	 95.003053	 95.001629	  95.00031	 94.999096	 94.997986	 94.996979	 94.996074	 94.995271	  94.99457	  94.99397	  94.99347	 94.993071	 94.992771	 94.992572	 94.992472	
        99	 98.949253	 98.898514	 98.847792	 98.797096	 98.746434	 98.695814	 98.645246	 98.594737	 98.544297	 98.493932	 98.443653	 98.393466	 98.343381	 98.293405	 98.243547	 98.193814	 98.144216	 98.094759	 98.045452	 97.996302	 97.947318	 97.898506	 97.849875	 97.801432	 97.753184	 97.705139	 97.657304	 97.609686	 97.562291	 97.515128	 97.468202	 97.421521	  97.37509	 97.328917	 97.283007	 97.237367	 97.192003	  97.14692	 97.102125	 97.057624	 97.013421	 96.969522	 96.925933	 96.882658	 96.839702	 96.797071	 96.754769	   96.7128	 96.671169	  96.62988	 96.588938	 96.548345	 96.508107	 96.468226	 96.428706	 96.389551	 96.350763	 96.312346	 96.274302	 96.236635	 96.199346	 96.162438	 96.125914	 96.089776	 96.054025	 96.018663	 95.983693	 95.949115	 95.914931	 95.881142	 95.847749	 95.814753	 95.782156	 95.749957	 95.718157	 95.686756	 95.655756	 95.625155	 95.594954	 95.565152	  95.53575	 95.506747	 95.478142	 95.449934	 95.422124	 95.394709	  95.36769	 95.341064	 95.314831	 95.288989	 95.263537	 95.238472	 95.213794	 95.189501	 95.165591	 95.142061	  95.11891	 95.096136	 95.073735	 95.051707	 95.030049	 95.008757	  94.98783	 94.967265	 94.947059	 94.927209	 94.907713	 94.888567	 94.869769	 94.851316	 94.833204	 94.815431	 94.797993	 94.780887	  94.76411	 94.747658	 94.731529	 94.715718	 94.700222	 94.685039	 94.670164	 94.655594	 94.641325	 94.627354	 94.613678	 94.600293	 94.587195	  94.57438	 94.561846	 94.549588	 94.537604	 94.525888	 94.514439	 94.503252	 94.492323	  94.48165	 94.471228	 94.461054	 94.451124	 94.441436	 94.431985	 94.422769	 94.413783	 94.405024	 94.396489	 94.388175	 94.380078	 94.372195	 94.364523	 94.357058	 94.349797	 94.342738	 94.335877	 94.329211	 94.322738	 94.316453	 94.310355	  94.30444	 94.298705	 94.293149	 94.287767	 94.282558	 94.277519	 94.272647	  94.26794	 94.263396	 94.259012	 94.254785	 94.250714	 94.246796	  94.24303	 94.239412	 94.235942	 94.232617	 94.229435	 94.226395	 94.223495	 94.220733	 94.218108	 94.215617	  94.21326	 94.211036	 94.208942	 94.206978	 94.205143	 94.203435	 94.201853	 94.200396	 94.199064	 94.197856	 94.196771	 94.195808	 94.194966	 94.194246	 94.193647	 94.193168	 94.192809	 94.192569	  94.19245	
        99	 98.940816	 98.881643	 98.822489	 98.763365	 98.704281	 98.645246	 98.586271	 98.527366	  98.46854	 98.409803	 98.351165	 98.292635	 98.234223	  98.17594	 98.117793	 98.059793	 98.001949	  97.94427	 97.886766	 97.829446	 97.772318	 97.715392	 97.658677	  97.60218	 97.545912	  97.48988	 97.434092	 97.378558	 97.323285	 97.268281	 97.213554	 97.159112	 97.104963	 97.051113	 96.997571	 96.944344	 96.891439	 96.838862	  96.78662	  96.73472	 96.683169	 96.631972	 96.581136	 96.530667	 96.480571	 96.430853	 96.381518	 96.332572	 96.284021	 96.235868	 96.188119	 96.140779	 96.093851	  96.04734	 96.001251	 95.955586	  95.91035	 95.865546	 95.821178	 95.777249	 95.733761	 95.690718	 95.648122	 95.605976	 95.564281	 95.523041	 95.482257	 95.441931	 95.402064	 95.362658	 95.323714	 95.285233	 95.247216	 95.209664	 95.172578	 95.135958	 95.099803	 95.064115	 95.028893	 94.994138	 94.959848	 94.926023	 94.892662	 94.859766	 94.827332	  94.79536	 94.763849	 94.732797	 94.702203	 94.672065	 94.642381	  94.61315	  94.58437	 94.556038	 94.528153	 94.500711	 94.473712	 94.447151	 94.421027	 94.395337	 94.370078	 94.345247	 94.320841	 94.296857	 94.273291	 94.250142	 94.227405	 94.205076	 94.183153	 94.161632	  94.14051	 94.119782	 94.099445	 94.079495	 94.059929	 94.040742	 94.021931	 94.003492	 93.985421	 93.967713	 93.950365	 93.933373	 93.916732	 93.900439	 93.884489	 93.868879	 93.853603	 93.838658	 93.824041	 93.809745	 93.795768	 93.782105	 93.768752	 93.755705	  93.74296	 93.730512	 93.718357	 93.706492	 93.694912	 93.683613	 93.672591	 93.661843	 93.651363	 93.641148	 93.631194	 93.621498	 93.612055	 93.602861	 93.593914	 93.585208	 93.576741	 93.568508	 93.560506	 93.552732	 93.545182	 93.537853	 93.530741	 93.523842	 93.517155	 93.510674	 93.504398	 93.498323	 93.492446	 93.486765	 93.481275	 93.475976	 93.470862	 93.465933	 93.461185	 93.456616	 93.452223	 93.448005	 93.443958	  93.44008	 93.436369	 93.432824	 93.429442	  93.42622	 93.423158	 93.420254	 93.417505	 93.414911	 93.412469	 93.410179	 93.408038	 93.406046	 93.404201	 93.402503	 93.400949	  93.39954	 93.398275	 93.397151	  93.39617	  93.39533	 93.394631	 93.394072	 93.393654	 93.393375	 93.393235	
        99	  98.93239	 98.864791	 98.797215	 98.729673	 98.662177	 98.594737	 98.527366	 98.460074	 98.392872	 98.325772	 98.258786	 98.191923	 98.125195	 98.058612	 97.992187	 97.925929	  97.85985	 97.793959	 97.728268	 97.662786	 97.597525	 97.532494	 97.467703	 97.403163	 97.338883	 97.274873	 97.211143	 97.147702	 97.084559	 97.021724	 96.959205	 96.897012	 96.835153	 96.773637	 96.712472	 96.651666	 96.591228	 96.531166	 96.471486	 96.412197	 96.353306	  96.29482	 96.236746	 96.179092	 96.121863	 96.065066	 96.008707	 95.952793	 95.897328	  95.84232	 95.787773	 95.733692	 95.680083	  95.62695	 95.574298	 95.522132	 95.470455	 95.419273	 95.368587	 95.318404	 95.268724	 95.219553	 95.170892	 95.122745	 95.075115	 95.028003	 94.981412	 94.935344	 94.889801	 94.844785	 94.800296	 94.756336	 94.712907	 94.670009	 94.627642	 94.585808	 94.544506	 94.503736	   94.4635	 94.423796	 94.384624	 94.345983	 94.307873	 94.270293	 94.233241	 94.196717	 94.160719	 94.125246	 94.090296	 94.055867	 94.021957	 93.988564	 93.955686	 93.923321	 93.891465	 93.860117	 93.829273	 93.798931	 93.769088	  93.73974	 93.710884	 93.682518	 93.654637	 93.627238	 93.600318	 93.573872	 93.547898	  93.52239	 93.497346	 93.472761	 93.448631	 93.424952	  93.40172	  93.37893	 93.356577	 93.334659	  93.31317	 93.292105	 93.271461	 93.251232	 93.231414	 93.212003	 93.192993	  93.17438	 93.156159	 93.138326	 93.120876	 93.103803	 93.087104	 93.070773	 93.054806	 93.039198	 93.023944	 93.009039	 92.994479	 92.980259	 92.966374	  92.95282	 92.939591	 92.926683	 92.914092	 92.901813	 92.889841	 92.878172	 92.866801	 92.855724	 92.844937	 92.834434	 92.824212	 92.814267	 92.804594	 92.795189	 92.786049	 92.777168	 92.768543	  92.76017	 92.752045	 92.744165	 92.736525	 92.729122	 92.721952	 92.715012	 92.708299	 92.701808	 92.695537	 92.689483	 92.683641	  92.67801	 92.672586	 92.667367	 92.662349	 92.657529	 92.652906	 92.648476	 92.644237	 92.640187	 92.636323	 92.632643	 92.629146	 92.625828	 92.622688	 92.619724	 92.616935	 92.614318	 92.611873	 92.609597	 92.607489	 92.605549	 92.603775	 92.602165	 92.600719	 92.599436	 92.598315	 92.597355	 92.596557	 92.595918	  92.59544	 92.595121	 92.594962	
        99	 98.923975	 98.847962	 98.771976	 98.696027	  98.62013	 98.544297	  98.46854	 98.392872	 98.317307	 98.241855	 98.166531	 98.091346	 98.016312	 97.941443	  97.86675	 97.792246	 97.717942	  97.64385	 97.569982	 97.496351	 97.422967	 97.349842	 97.276987	 97.204414	 97.132134	 97.060157	 96.988494	 96.917157	 96.846155	 96.775499	 96.705199	 96.635265	 96.565707	 96.496534	 96.427756	 96.359383	 96.291422	 96.223884	 96.156776	 96.090108	 96.023887	 95.958122	  95.89282	 95.827989	 95.763637	 95.699771	 95.636398	 95.573524	 95.511156	 95.449301	 95.387965	 95.327153	 95.266871	 95.207126	 95.147921	 95.089261	 95.031153	   94.9736	 94.916606	 94.860176	 94.804313	 94.749022	 94.694305	 94.640165	 94.586607	 94.533631	 94.481241	  94.42944	 94.378228	 94.327609	 94.277583	 94.228152	 94.179317	 94.131079	 94.083439	 94.036398	 93.989956	 93.944112	 93.898867	 93.854222	 93.810174	 93.766724	  93.72387	 93.681613	  93.63995	  93.59888	 93.558402	 93.518513	 93.479213	 93.440499	 93.402368	 93.364819	 93.327849	 93.291455	 93.255635	 93.220385	 93.185702	 93.151583	 93.118026	 93.085025	 93.052578	 93.020681	  92.98933	 92.958521	  92.92825	 92.898513	 92.869306	 92.840623	 92.812462	 92.784817	 92.757684	 92.731057	 92.704933	 92.679307	 92.654173	 92.629526	 92.605362	 92.581676	 92.558462	 92.535716	 92.513431	 92.491604	 92.470228	 92.449298	  92.42881	 92.408757	 92.389134	 92.369937	 92.351159	 92.332796	 92.314842	 92.297291	 92.280138	 92.263378	 92.247006	 92.231016	 92.215403	 92.200161	 92.185286	 92.170772	 92.156614	 92.142806	 92.129344	 92.116223	 92.103437	 92.090981	 92.078851	 92.067041	 92.055547	 92.044364	 92.033487	 92.022912	 92.012633	 92.002647	 91.992949	 91.983534	 91.974398	 91.965536	 91.956945	 91.948621	 91.940559	 91.932755	 91.925206	 91.917908	 91.910856	 91.904048	  91.89748	 91.891148	 91.885049	  91.87918	 91.873537	 91.868118	 91.862919	 91.857938	 91.853172	 91.848617	 91.844273	 91.840135	 91.836202	 91.832471	  91.82894	 91.825607	 91.822471	 91.819528	 91.816779	  91.81422	  91.81185	 91.809668	 91.807673	 91.805863	 91.804237	 91.802794	 91.801533	 91.800455	 91.799556	 91.798839	 91.798301	 91.797942	 91.797763	
        99	 98.915573	 98.831159	 98.746774	 98.662432	 98.578147	 98.493932	 98.409803	 98.325772	 98.241855	 98.158065	 98.074416	 97.990921	 97.907595	 97.824452	 97.741504	 97.658765	 97.576249	 97.493968	 97.411937	 97.330167	 97.248673	 97.167466	  97.08656	 97.005966	 96.925697	 96.845765	 96.766183	 96.686961	 96.608112	 96.529647	 96.451578	 96.373915	 96.296669	 96.219851	 96.143472	 96.067541	  95.99207	 95.917067	 95.842543	 95.768506	 95.694967	 95.621933	 95.549414	 95.477418	 95.405954	  95.33503	 95.264652	  95.19483	 95.125569	 95.056878	 94.988763	  94.92123	 94.854286	 94.787937	 94.722188	 94.657046	 94.592516	 94.528602	 94.465309	 94.402643	 94.340606	 94.279204	 94.218439	 94.158316	 94.098838	 94.040008	 93.981828	 93.924301	  93.86743	 93.811216	 93.755661	 93.700767	 93.646535	 93.592966	 93.540061	 93.487821	 93.436245	 93.385335	  93.33509	  93.28551	 93.236594	 93.188342	 93.140752	 93.093824	 93.047557	 93.001948	 92.956996	 92.912699	 92.869055	 92.826063	 92.783718	 92.742019	 92.700963	 92.660547	 92.620767	 92.581621	 92.543106	 92.505216	 92.467949	 92.431302	 92.395269	 92.359846	  92.32503	 92.290816	   92.2572	 92.224176	 92.191741	 92.159889	 92.128615	 92.097915	 92.067783	 92.038214	 92.009202	 91.980743	 91.952831	 91.925461	 91.898627	 91.872322	 91.846543	 91.821282	 91.796535	 91.772295	 91.748557	 91.725314	 91.702561	 91.680292	 91.658501	 91.637182	 91.616329	 91.595936	 91.575998	 91.556507	 91.537459	 91.518847	 91.500665	 91.482908	 91.465569	 91.448643	 91.432123	 91.416005	 91.400282	 91.384949	 91.369999	 91.355427	 91.341228	 91.327396	 91.313925	  91.30081	 91.288046	 91.275627	 91.263548	 91.251804	 91.240389	 91.229299	 91.218529	 91.208073	 91.197928	 91.188087	 91.178547	 91.169302	 91.160349	 91.151683	   91.1433	 91.135195	 91.127364	 91.119803	 91.112509	 91.105477	 91.098704	 91.092187	  91.08592	 91.079902	 91.074129	 91.068597	 91.063304	 91.058246	 91.053421	 91.048826	 91.044458	 91.040315	 91.036394	 91.032693	  91.02921	 91.025942	 91.022889	 91.020047	 91.017415	 91.014992	 91.012776	 91.010766	  91.00896	 91.007358	 91.005959	  91.00476	 91.003763	 91.002966	 91.002368	  91.00197	 91.001771	
        99	 98.907184	 98.814384	 98.721616	 98.628894	 98.536234	 98.443653	 98.351165	 98.258786	 98.166531	 98.074416	 97.982456	 97.890666	 97.799061	 97.707657	 97.616467	 97.525508	 97.434794	 97.344339	 97.254157	 97.164264	 97.074672	 96.985397	 96.896452	 96.807851	 96.719607	 96.631734	 96.544245	 96.457152	 96.370469	 96.284209	 96.198383	 96.113004	 96.028083	 95.943633	 95.859666	 95.776191	 95.693221	 95.610767	 95.528838	 95.447446	   95.3666	  95.28631	 95.206586	 95.127437	 95.048873	 94.970902	 94.893532	 94.816772	 94.740631	 94.665115	 94.590232	 94.515989	 94.442394	 94.369453	 94.297173	 94.225558	 94.154617	 94.084352	 94.014772	 93.945879	 93.877678	 93.810176	 93.743374	 93.677278	  93.61189	 93.547215	 93.483254	 93.420012	  93.35749	 93.295691	 93.234617	 93.174269	 93.114649	 93.055758	 92.997596	 92.940166	 92.883466	 92.827498	 92.772261	 92.717755	 92.663979	 92.610933	 92.558615	 92.507025	  92.45616	  92.40602	 92.356602	 92.307904	 92.259924	  92.21266	 92.166108	 92.120266	 92.075131	 92.030699	 91.986968	 91.943933	  91.90159	 91.859936	 91.818967	 91.778678	 91.739065	 91.700123	 91.661848	 91.624235	 91.587278	 91.550974	 91.515316	 91.480299	 91.445918	 91.412168	 91.379042	 91.346535	 91.314642	 91.283355	  91.25267	  91.22258	  91.19308	 91.164162	 91.135822	 91.108051	 91.080845	 91.054197	   91.0281	 91.002548	 90.977535	 90.953053	 90.929097	  90.90566	 90.882735	 90.860316	 90.838396	 90.816969	 90.796029	 90.775567	 90.755579	 90.736058	 90.716996	 90.698388	 90.680228	 90.662508	 90.645223	 90.628366	 90.611931	 90.595911	 90.580302	 90.565095	 90.550286	 90.535868	 90.521836	 90.508183	 90.494904	 90.481993	 90.469444	 90.457252	 90.445412	 90.433918	 90.422764	 90.411945	 90.401457	 90.391294	 90.381452	 90.371925	 90.362708	 90.353798	 90.345189	 90.336878	 90.328859	 90.321128	 90.313682	 90.306517	 90.299628	 90.293012	 90.286665	 90.280584	 90.274765	 90.269204	   90.2639	 90.258848	 90.254047	 90.249492	 90.245181	 90.241113	 90.237283	 90.233691	 90.230334	  90.22721	 90.224317	 90.221653	 90.219217	 90.217007	 90.215022	 90.213261	 90.211722	 90.210405	 90.209308	 90.208432	 90.207775	 90.207338	 90.207119	
        99	 98.898812	  98.79764	 98.696503	 98.595417	 98.494399	 98.393466	 98.292635	 98.191923	 98.091346	 97.990921	 97.890666	 97.790596	 97.690727	 97.591078	 97.491663	 97.392498	 97.293601	 97.194986	 97.096669	 96.998667	 96.900994	 96.803665	 96.706697	 96.610103	 96.513899	 96.418099	 96.322718	 96.227769	 96.133267	 96.039225	 95.945656	 95.852575	 95.759995	 95.667927	 95.576384	  95.48538	 95.394926	 95.305033	 95.215714	 95.126979	 95.038841	 94.951308	 94.864392	 94.778104	 94.692452	 94.607447	 94.523099	 94.439415	 94.356404	 94.274076	 94.192438	 94.111499	 94.031265	 93.951744	 93.872943	 93.794869	 93.717528	 93.640925	 93.565067	  93.48996	 93.415608	 93.342015	 93.269188	 93.197129	 93.125843	 93.055334	 92.985604	 92.916656	 92.848495	 92.781121	 92.714537	 92.648745	 92.583747	 92.519543	 92.456136	 92.393524	  92.33171	 92.270693	 92.210473	  92.15105	 92.092423	 92.034592	 91.977555	 91.921311	 91.865858	 91.811194	 91.757319	 91.704228	  91.65192	 91.600392	 91.549641	 91.499664	 91.450457	 91.402017	 91.354341	 91.307424	 91.261262	  91.21585	 91.171185	 91.127262	 91.084075	 91.041621	 90.999893	 90.958887	 90.918597	 90.879017	 90.840143	 90.801967	 90.764485	  90.72769	 90.691576	 90.656137	 90.621366	 90.587257	 90.553804	    90.521	 90.488838	 90.457312	 90.426415	  90.39614	 90.366479	 90.337427	 90.308976	 90.281119	 90.253849	  90.22716	 90.201042	 90.175491	 90.150498	 90.126057	  90.10216	   90.0788	  90.05597	 90.033663	 90.011872	  89.99059	 89.969809	 89.949522	 89.929724	 89.910405	 89.891561	 89.873183	 89.855266	 89.837801	 89.820783	 89.804205	  89.78806	 89.772341	 89.757043	 89.742159	 89.727682	 89.713606	 89.699926	 89.686634	 89.673726	 89.661194	 89.649034	  89.63724	 89.625806	 89.614726	 89.603996	 89.593609	 89.583562	 89.573847	 89.564462	 89.555401	 89.546658	 89.538231	 89.530113	 89.522301	 89.514791	 89.507578	 89.500658	 89.494029	 89.487685	 89.481623	  89.47584	 89.470333	 89.465098	 89.460132	 89.455433	 89.450997	 89.446822	 89.442906	 89.439246	  89.43584	 89.432686	 89.429782	 89.427126	 89.424717	 89.422553	 89.420633	 89.418955	 89.417519	 89.416324	 89.415368	 89.414652	 89.414175	 89.413937	
        99	 98.890456	  98.78093	 98.671442	 98.562008	 98.452649	 98.343381	 98.234223	 98.125195	 98.016312	 97.907595	 97.799061	 97.690727	 97.582613	 97.474734	  97.36711	 97.259757	 97.152693	 97.045934	 96.939499	 96.833404	 96.727666	   96.6223	 96.517325	 96.412755	 96.308606	 96.204896	 96.101638	 95.998848	 95.896542	 95.794735	  95.69344	 95.592673	 95.492447	 95.392777	 95.293675	 95.195156	 95.097232	 94.999917	 94.903222	  94.80716	 94.711743	 94.616982	 94.522889	 94.429476	 94.336751	 94.244727	 94.153413	 94.062818	 93.972953	 93.883827	 93.795448	 93.707825	 93.620965	 93.534878	  93.44957	 93.365049	 93.281321	 93.198393	 93.116271	 93.034961	 92.954469	   92.8748	 92.795959	  92.71795	 92.640777	 92.564445	 92.488957	 92.414317	 92.340526	 92.267589	 92.195507	 92.124282	 92.053917	 91.984412	 91.915768	 91.847986	 91.781068	 91.715012	  91.64982	  91.58549	 91.522022	 91.459415	 91.397668	 91.336779	 91.276747	  91.21757	 91.159245	  91.10177	 91.045143	  90.98936	 90.934418	 90.880314	 90.827044	 90.774604	 90.722991	 90.672199	 90.622225	 90.573064	 90.524711	 90.477161	 90.430408	 90.384448	 90.339274	 90.294882	 90.251265	 90.208417	 90.166332	 90.125004	 90.084427	 90.044593	 90.005497	 89.967132	  89.92949	 89.892564	 89.856349	 89.820836	 89.786019	 89.751889	  89.71844	 89.685665	 89.653556	 89.622104	 89.591304	 89.561147	 89.531625	 89.502731	 89.474457	 89.446796	  89.41974	  89.39328	  89.36741	 89.342121	 89.317406	 89.293257	 89.269666	 89.246626	 89.224129	 89.202168	 89.180734	 89.159821	  89.13942	 89.119525	 89.100128	 89.081221	 89.062798	  89.04485	 89.027372	 89.010356	 88.993794	 88.977681	 88.962008	  88.94677	  88.93196	 88.917571	 88.903597	 88.890031	 88.876866	 88.864098	  88.85172	 88.839725	 88.828109	 88.816865	 88.805987	 88.795471	 88.785311	 88.775501	 88.766037	 88.756913	 88.748125	 88.739668	 88.731538	 88.723729	 88.716238	 88.709061	 88.702193	 88.695631	  88.68937	 88.683408	 88.677741	 88.672365	 88.667278	 88.662476	 88.657956	 88.653717	 88.649755	 88.646067	 88.642653	 88.639509	 88.636634	 88.634026	 88.631683	 88.629604	 88.627788	 88.626233	 88.624939	 88.623905	  88.62313	 88.622613	 88.622355	
        99	 98.882118	 98.764257	 98.646435	 98.528672	 98.410989	 98.293405	  98.17594	 98.058612	 97.941443	 97.824452	 97.707657	 97.591078	 97.474734	 97.358645	 97.242829	 97.127306	 97.012093	 96.897209	 96.782673	 96.668503	 96.554716	 96.441332	 96.328366	 96.215837	 96.103762	 95.992158	 95.881041	 95.770428	 95.660336	  95.55078	 95.441775	 95.333339	 95.225484	 95.118228	 95.011584	 94.905566	  94.80019	 94.695467	 94.591413	  94.48804	  94.38536	 94.283387	 94.182133	 94.081609	 93.981828	 93.882799	 93.784535	 93.687046	 93.590341	 93.494431	 93.399325	 93.305033	 93.211563	 93.118923	 93.027122	 92.936168	 92.846068	 92.756828	 92.668456	 92.580958	 92.494339	 92.408607	 92.323764	 92.239818	 92.156772	  92.07463	 91.993397	 91.913075	 91.833669	  91.75518	 91.677612	 91.600966	 91.525245	  91.45045	 91.376581	 91.303641	 91.231629	 91.160546	 91.090392	 91.021166	 90.952867	 90.885495	 90.819048	 90.753525	 90.688924	 90.625243	 90.562479	  90.50063	 90.439693	 90.379664	 90.320541	 90.262319	 90.204994	 90.148563	 90.093021	 90.038364	 89.984587	 89.931684	  89.87965	 89.828481	  89.77817	 89.728711	   89.6801	 89.632328	 89.585392	 89.539283	 89.493995	 89.449521	 89.405856	  89.36299	 89.320919	 89.279633	 89.239126	 89.199391	 89.160419	 89.122203	 89.084735	 89.048008	 89.012014	 88.976744	  88.94219	 88.908346	 88.875201	 88.842748	  88.81098	 88.779887	 88.749461	 88.719694	 88.690579	 88.662105	 88.634266	 88.607052	 88.580456	 88.554469	 88.529083	 88.504289	  88.48008	 88.456447	 88.433382	 88.410877	 88.388924	 88.367514	 88.346641	 88.326295	  88.30647	 88.287156	 88.268348	 88.250036	 88.232214	 88.214874	 88.198009	 88.181611	 88.165674	  88.15019	 88.135152	 88.120553	 88.106387	 88.092647	 88.079326	 88.066419	 88.053918	 88.041818	 88.030113	 88.018796	 88.007863	 87.997306	 87.987122	 87.977304	 87.967847	 87.958746	 87.949997	 87.941594	 87.933533	  87.92581	 87.918419	 87.911357	  87.90462	 87.898204	 87.892106	 87.886321	 87.880846	 87.875679	 87.870816	 87.866253	  87.86199	 87.858022	 87.854347	 87.850964	  87.84787	 87.845063	 87.842542	 87.840305	 87.838351	 87.836678	 87.835286	 87.834173	 87.833338	 87.832783	 87.832505	
        99	 98.873801	 98.747623	 98.621487	 98.495415	 98.369428	 98.243547	 98.117793	 97.992187	  97.86675	 97.741504	 97.616467	 97.491663	  97.36711	 97.242829	 97.118841	 96.995166	 96.871824	 96.748834	 96.626216	  96.50399	 96.382175	 96.260789	 96.139853	 96.019384	 95.899401	 95.779921	 95.660964	 95.542546	 95.424685	 95.307399	 95.190703	 95.074615	  94.95915	 94.844326	 94.730157	 94.616658	 94.503846	 94.391735	 94.280338	 94.169671	 94.059746	 93.950578	 93.842179	 93.734562	  93.62774	 93.521724	 93.416526	 93.312158	 93.208629	 93.105952	 93.004136	  92.90319	 92.803124	 92.703948	  92.60567	 92.508297	 92.411839	 92.316303	 92.221695	 92.128023	 92.035293	  91.94351	 91.852682	 91.762812	 91.673906	 91.585968	 91.499003	 91.413014	 91.328004	 91.243978	 91.160936	 91.078882	 90.997818	 90.917745	 90.838664	 90.760577	 90.683484	 90.607386	 90.532281	  90.45817	 90.385052	 90.312926	 90.241791	 90.171645	 90.102485	 90.034311	 89.967118	 89.900905	 89.835668	 89.771403	 89.708108	 89.645778	 89.584409	 89.523996	 89.464535	 89.406021	 89.348449	 89.291813	 89.236108	 89.181328	 89.127467	 89.074519	 89.022477	 88.971335	 88.921086	 88.871724	  88.82324	 88.775629	 88.728882	 88.682992	 88.637952	 88.593753	 88.550388	 88.507849	 88.466127	 88.425214	 88.385103	 88.345785	  88.30725	 88.269492	   88.2325	 88.196267	 88.160784	 88.126041	 88.092031	 88.058744	 88.026172	 87.994305	 87.963134	 87.932652	 87.902848	 87.873714	 87.845241	 87.817421	 87.790243	   87.7637	 87.737783	 87.712482	  87.68779	 87.663697	 87.640194	 87.617274	 87.594928	 87.573147	 87.551922	 87.531246	  87.51111	 87.491507	 87.472427	 87.453864	 87.435809	 87.418254	 87.401192	 87.384615	 87.368516	 87.352887	 87.337721	 87.323012	 87.308751	 87.294933	 87.281551	 87.268597	 87.256066	  87.24395	 87.232245	 87.220944	 87.210041	  87.19953	 87.189406	 87.179663	 87.170297	 87.161301	 87.152671	 87.144402	  87.13649	  87.12893	 87.121718	 87.114849	  87.10832	 87.102127	 87.096266	 87.090734	 87.085528	 87.080644	 87.076079	 87.071831	 87.067898	 87.064276	 87.060963	 87.057959	  87.05526	 87.052865	 87.050773	 87.048982	 87.047491	 87.046299	 87.045406	 87.044811	 87.044514	
        99	 98.865504	  98.73103	 98.596602	 98.462241	 98.327971	 98.193814	 98.059793	 97.925929	 97.792246	 97.658765	 97.525508	 97.392498	 97.259757	 97.127306	 96.995166	  96.86336	 96.731908	 96.600833	 96.470153	 96.339892	 96.210068	 96.080702	 95.951815	 95.823426	 95.695554	  95.56822	 95.441442	 95.315239	 95.189629	 95.064632	 94.940264	 94.816544	 94.693488	 94.571115	 94.449439	 94.328479	  94.20825	 94.088768	 93.970048	 93.852105	 93.734953	 93.618608	 93.503082	  93.38839	 93.274545	 93.161559	 93.049445	 92.938215	 92.827881	 92.718453	 92.609942	  92.50236	 92.395716	 92.290019	  92.18528	 92.081506	 91.978706	 91.876889	 91.776061	 91.676231	 91.577404	 91.479587	 91.382787	 91.287009	 91.192258	 91.098539	 91.005856	 90.914214	 90.823616	 90.734064	 90.645563	 90.558115	 90.471721	 90.386384	 90.302104	 90.218883	 90.136722	  90.05562	 89.975578	 89.896595	  89.81867	 89.741802	  89.66599	 89.591232	 89.517526	 89.444869	 89.373259	 89.302693	 89.233167	 89.164677	 89.097221	 89.030793	 88.965389	 88.901004	 88.837634	 88.775273	 88.713916	 88.653556	 88.594189	 88.535808	 88.478406	 88.421976	 88.366513	 88.312009	 88.258457	 88.205849	 88.154178	 88.103436	 88.053616	 88.004709	 87.956708	 87.909603	 87.863387	 87.818051	 87.773586	 87.729984	 87.687236	 87.645332	 87.604264	 87.564023	   87.5246	 87.485985	 87.448169	 87.411142	 87.374896	  87.33942	 87.304706	 87.270744	 87.237525	 87.205038	 87.173275	 87.142226	 87.111881	 87.082231	 87.053267	 87.024979	 86.997358	 86.970394	 86.944078	 86.918401	 86.893354	 86.868927	 86.845111	 86.821898	 86.799278	 86.777243	 86.755783	 86.734891	 86.714557	 86.694773	 86.675531	 86.656822	 86.638638	 86.620971	 86.603814	 86.587157	 86.570995	 86.555318	  86.54012	 86.525394	 86.511131	 86.497326	  86.48397	 86.471059	 86.458584	  86.44654	  86.43492	 86.423718	 86.412928	 86.402545	 86.392563	 86.382976	 86.373778	 86.364966	 86.356534	 86.348477	  86.34079	  86.33347	 86.326512	 86.319912	 86.313666	  86.30777	 86.302221	 86.297016	 86.292151	 86.287624	 86.283432	 86.279572	 86.276041	 86.272839	 86.269963	 86.267411	 86.265181	 86.263272	 86.261683	 86.260413	 86.259462	 86.258827	  86.25851	
        99	 98.857229	 98.714482	 98.571784	 98.429157	 98.286627	 98.144216	 98.001949	  97.85985	 97.717942	 97.576249	 97.434794	 97.293601	 97.152693	 97.012093	 96.871824	 96.731908	  96.59237	  96.45323	 96.314511	 96.176235	 96.038424	   95.9011	 95.764283	 95.627995	 95.492256	 95.357088	  95.22251	 95.088543	 94.955206	 94.822518	 94.690499	 94.559167	 94.428541	 94.298638	 94.169477	 94.041076	  93.91345	 93.786617	 93.660592	 93.535393	 93.411034	 93.287531	 93.164898	  93.04315	 92.922301	 92.802364	 92.683352	 92.565279	 92.448156	 92.331996	  92.21681	 92.102609	 91.989404	 91.877204	 91.766021	 91.655862	 91.546738	 91.438657	 91.331626	 91.225654	 91.120747	 91.016913	 90.914157	 90.812486	 90.711906	 90.612421	 90.514036	 90.416756	 90.320584	 90.225523	 90.131577	 90.038749	  89.94704	 89.856452	 89.766988	 89.678647	 89.591431	 89.505339	 89.420372	  89.33653	 89.253811	 89.172214	 89.091738	 89.012381	  88.93414	 88.857013	 88.780998	  88.70609	 88.632286	 88.559583	 88.487976	 88.417462	 88.348034	 88.279688	 88.212419	 88.146222	  88.08109	 88.017017	 87.953997	 87.892024	  87.83109	 87.771189	 87.712314	 87.654457	  87.59761	 87.541765	 87.486915	 87.433052	 87.380167	 87.328251	 87.277296	 87.227294	 87.178234	 87.130109	 87.082909	 87.036624	 86.991246	 86.946764	  86.90317	 86.860453	 86.818604	 86.777613	 86.737471	 86.698166	  86.65969	 86.622032	 86.585182	 86.549131	 86.513867	 86.479382	 86.445665	 86.412705	 86.380494	  86.34902	 86.318274	 86.288245	 86.258925	 86.230302	 86.202367	  86.17511	 86.148522	 86.122592	 86.097311	  86.07267	 86.048658	 86.025267	 86.002488	  85.98031	 85.958725	 85.937724	 85.917298	 85.897438	 85.878135	 85.859382	 85.841169	 85.823488	 85.806331	  85.78969	 85.773557	 85.757924	 85.742784	 85.728129	 85.713953	 85.700247	 85.687004	 85.674219	 85.661884	 85.649993	  85.63854	 85.627518	 85.616921	 85.606744	 85.596981	 85.587627	 85.578676	 85.570123	 85.561964	 85.554193	 85.546807	   85.5398	  85.53317	 85.526912	 85.521021	 85.515496	 85.510332	 85.505526	 85.501076	 85.496978	 85.493231	 85.489832	 85.486779	 85.484069	 85.481702	 85.479676	  85.47799	 85.476642	 85.475631	 85.474958	 85.474622	
