Time step 53:
        99	        99	        99	        99	        99	        99	        99	        99	        99	        99	        99	        99	        99	        99	        99	        99	        99	        99	        99	        99	        99	        99	        99	        99	        99	        99	        99	        99	        99	        99	        99	        99	        99	        99	        99	        99	        99	        99	        99	        99	        99	        99	        99	        99	        99	        99	        99	        99	        99	        99	        99	        99	        99	        99	        99	        99	        99	        99	        99	        99	        99	        99	        99	        99	        99	        99	        99	        99	        99	        99	        99	        99	        99	        99	        99	        99	        99	        99	        99	        99	        99	        99	        99	        99	        99	        99	        99	        99	        99	        99	        99	        99	        99	        99	        99	        99	        99	        99	        99	        99	        99	        99	        99	        99	        99	        99	        99	        99	        99	        99	        99	        99	        99	        99	        99	        99	        99	        99	        99	        99	        99	        99	        99	        99	        99	        99	        99	        99	        99	        99	        99	        99	        99	        99	        99	        99	        99	        99	        99	        99	        99	        99	        99	        99	        99	        99	        99	        99	        99	        99	        99	        99	        99	        99	        99	        99	        99	        99	        99	        99	        99	        99	        99	        99	        99	        99	        99	        99	        99	        99	        99	        99	        99	        99	        99	        99	        99	        99	        99	        99	        99	        99	        99	        99	        99	        99	        99	        99	        99	        99	        99	        99	        99	        99	        99	        99	        99	        99	        99	        99	
        99	  98.98802	 98.976042	  98.96407	 98.952107	 98.940155	 98.928218	 98.916297	 98.904396	 98.892518	 98.880666	 98.868841	 98.857048	 98.845288	 98.833565	  98.82188	 98.810238	 98.798639	 98.787088	 98.775586	 98.764136	  98.75274	 98.741401	 98.730122	 98.718904	  98.70775	 98.696662	 98.685643	 98.674694	 98.663818	 98.653017	 98.642293	 98.631648	 98.621084	 98.610602	 98.600205	 98.589895	 98.579672	 98.569539	 98.559498	 98.549549	 98.539695	 98.529936	 98.520275	 98.510712	 98.501248	 98.491886	 98.482626	 98.473469	 98.464416	 98.455468	 98.446626	  98.43789	 98.429263	 98.420743	 98.412333	 98.404032	 98.395841	  98.38776	  98.37979	 98.371932	 98.364185	  98.35655	 98.349027	 98.341616	 98.334317	  98.32713	 98.320055	 98.313092	 98.306242	 98.299502	 98.292875	 98.286358	 98.279953	 98.273657	 98.267472	 98.261396	  98.25543	 98.249572	 98.243821	 98.238178	 98.232641	 98.227211	 98.221885	 98.216664	 98.211546	  98.20653	 98.201616	 98.196804	 98.192091	 98.187476	  98.18296	 98.178541	 98.174217	 98.169988	 98.165853	 98.161811	 98.157859	 98.153999	 98.150227	 98.146543	 98.142946	 98.139434	 98.136007	 98.132663	   98.1294	 98.126219	 98.123117	 98.120092	 98.117145	 98.114273	 98.111476	 98.108752	 98.106099	 98.103517	 98.101004	 98.098559	 98.096181	 98.093869	  98.09162	 98.089435	 98.087311	 98.085248	 98.083243	 98.081297	 98.079408	 98.077574	 98.075795	 98.074068	 98.072394	 98.070771	 98.069197	 98.067672	 98.066194	 98.064763	 98.063377	 98.062035	 98.060736	 98.059479	 98.058263	 98.057088	 98.055951	 98.054852	 98.053789	 98.052763	 98.051772	 98.050816	 98.049892	 98.049001	 98.048141	 98.047312	 98.046513	 98.045743	 98.045001	 98.044286	 98.043598	 98.042935	 98.042298	 98.041686	 98.041097	 98.040531	 98.039987	 98.039466	 98.038965	 98.038485	 98.038025	 98.037584	 98.037162	 98.036759	 98.036373	 98.036004	 98.035653	 98.035317	 98.034997	 98.034693	 98.034404	  98.03413	  98.03387	 98.033623	  98.03339	 98.033171	 98.032964	  98.03277	 98.032588	 98.032419	 98.032261	 98.032115	  98.03198	 98.031856	 98.031743	 98.031641	  98.03155	 98.031469	 98.031398	 98.031338	 98.031288	 98.031248	 98.031218	 98.031198	 98.031188	
        99	 98.976042	  98.95209	 98.928149	 98.904226	 98.880325	 98.856453	 98.832614	 98.808816	 98.785062	  98.76136	 98.737714	  98.71413	 98.690613	 98.667169	 98.643803	 98.620521	 98.597327	 98.574226	 98.551225	 98.528327	 98.505539	 98.482864	 98.460307	 98.437874	 98.415569	 98.393396	  98.37136	 98.349465	 98.327716	 98.306117	 98.284672	 98.263384	 98.242258	 98.221297	 98.200506	 98.179887	 98.159444	 98.139181	   98.1191	 98.099205	 98.079499	 98.059984	 98.040663	  98.02154	 98.002616	 97.983893	 97.965375	 97.947063	 97.928959	 97.911065	 97.893383	 97.875915	 97.858662	 97.841625	 97.824806	 97.808205	 97.791825	 97.775666	 97.759729	 97.744014	 97.728522	 97.713253	 97.698209	 97.683388	 97.668792	  97.65442	 97.640272	 97.626348	 97.612648	 97.599172	 97.585918	 97.572887	 97.560077	 97.547488	 97.535119	 97.522969	 97.511037	 97.499322	 97.487823	 97.476538	 97.465466	 97.454605	 97.443955	 97.433514	 97.423279	 97.413249	 97.403423	 97.393798	 97.384374	 97.375146	 97.366115	 97.357277	 97.348631	 97.340174	 97.331905	 97.323821	 97.315919	 97.308199	 97.300656	 97.293289	 97.286096	 97.279073	  97.27222	 97.265532	 97.259008	 97.252646	 97.246442	 97.240394	   97.2345	 97.228758	 97.223164	 97.217716	 97.212411	 97.207248	 97.202223	 97.197334	 97.192578	 97.187953	 97.183457	 97.179086	 97.174839	 97.170713	 97.166705	 97.162813	 97.159035	 97.155368	 97.151809	 97.148357	 97.145009	 97.141763	 97.138616	 97.135566	 97.132611	 97.129749	 97.126977	 97.124294	 97.121696	 97.119183	 97.116751	   97.1144	 97.112126	 97.109928	 97.107804	 97.105753	 97.103771	 97.101858	 97.100011	 97.098228	 97.096509	 97.094851	 97.093253	 97.091713	 97.090229	 97.088799	 97.087423	 97.086099	 97.084825	   97.0836	 97.082422	  97.08129	 97.080203	  97.07916	 97.078159	 97.077199	 97.076279	 97.075398	 97.074554	 97.073747	 97.072975	 97.072238	 97.071535	 97.070864	 97.070225	 97.069617	 97.069038	  97.06849	 97.067969	 97.067477	 97.067011	 97.066572	 97.066159	 97.065771	 97.065407	 97.065068	 97.064752	  97.06446	  97.06419	 97.063942	 97.063717	 97.063513	  97.06333	 97.063168	 97.063027	 97.062907	 97.062806	 97.062727	 97.062667	 97.062627	 97.062607	
        99	  98.96407	 98.928149	 98.892245	 98.856367	 98.820523	 98.784721	 98.748971	  98.71328	 98.677658	 98.642111	 98.606649	  98.57128	 98.536012	 98.500853	 98.465811	 98.430894	  98.39611	 98.361466	 98.326971	 98.292632	 98.258455	  98.22445	 98.190622	 98.156979	 98.123527	 98.090275	 98.057227	 98.024392	 97.991775	 97.959382	  97.92722	 97.895295	 97.863612	 97.832178	 97.800997	 97.770075	 97.739417	 97.709028	 97.678912	 97.649076	 97.619522	 97.590256	 97.561281	 97.532601	 97.504221	 97.476143	 97.448371	 97.420908	 97.393757	 97.366922	 97.340404	 97.314207	 97.288332	 97.262782	 97.237558	 97.212663	 97.188098	 97.163864	 97.139962	 97.116394	 97.093161	 97.070263	   97.0477	 97.025474	 97.003584	  96.98203	 96.960813	 96.939932	 96.919386	 96.899175	 96.879298	 96.859755	 96.840544	 96.821664	 96.803114	 96.784893	 96.766999	  96.74943	 96.732184	  96.71526	 96.698656	 96.682368	 96.666396	 96.650737	 96.635388	 96.620346	  96.60561	 96.591176	 96.577041	 96.563203	 96.549659	 96.536405	 96.523438	 96.510756	 96.498354	  96.48623	 96.474381	 96.462801	  96.45149	 96.440442	 96.429654	 96.419122	 96.408844	 96.398815	 96.389031	 96.379489	 96.370185	 96.361115	 96.352276	 96.343664	 96.335274	 96.327104	 96.319149	 96.311405	 96.303869	 96.296537	 96.289405	 96.282469	 96.275726	 96.269172	 96.262802	 96.256614	 96.250604	 96.244767	 96.239101	 96.233601	 96.228264	 96.223087	 96.218066	 96.213198	 96.208478	 96.203905	 96.199473	  96.19518	 96.191023	 96.186999	 96.183103	 96.179334	 96.175688	 96.172161	 96.168751	 96.165455	  96.16227	 96.159193	 96.156221	 96.153351	 96.150582	 96.147909	 96.145331	 96.142844	 96.140447	 96.138137	 96.135911	 96.133768	 96.131704	 96.129718	 96.127807	  96.12597	 96.124204	 96.122507	 96.120877	 96.119312	 96.117811	 96.116371	 96.114991	  96.11367	 96.112404	 96.111194	 96.110037	 96.108931	 96.107876	  96.10687	 96.105912	    96.105	 96.104133	 96.103309	 96.102529	  96.10179	 96.101092	 96.100434	 96.099814	 96.099232	 96.098687	 96.098178	 96.097705	 96.097266	 96.096861	  96.09649	 96.096151	 96.095845	 96.095571	 96.095329	 96.095117	 96.094937	 96.094786	 96.094667	 96.094577	 96.094517	 96.094487	
        99	 98.952107	 98.904226	 98.856367	 98.808543	 98.760764	 98.713042	 98.665388	 98.617813	  98.57033	 98.522947	 98.475678	 98.428532	 98.381521	 98.334656	 98.287946	 98.241403	 98.195037	 98.148858	 98.102877	 98.057104	 98.011548	  97.96622	 97.921129	 97.876284	 97.831694	  97.78737	 97.743319	  97.69955	 97.656073	 97.612895	 97.570024	 97.527469	 97.485237	 97.443336	 97.401773	 97.360555	 97.319689	 97.279182	 97.239039	 97.199268	 97.159874	 97.120863	 97.082241	 97.044012	 97.006181	 96.968754	 96.931735	 96.895129	 96.858938	 96.823167	  96.78782	   96.7529	  96.71841	 96.684353	 96.650731	 96.617546	 96.584801	 96.552498	 96.520639	 96.489224	 96.458254	 96.427732	 96.397657	  96.36803	 96.338852	 96.310121	 96.281839	 96.254005	 96.226618	 96.199678	 96.173183	 96.147133	 96.121525	 96.096359	 96.071633	 96.047345	 96.023492	 96.000073	 95.977086	 95.954526	 95.932393	 95.910683	 95.889393	 95.868519	 95.848059	  95.82801	 95.808367	 95.789127	 95.770286	  95.75184	 95.733786	 95.716119	 95.698835	  95.68193	 95.665399	 95.649238	 95.633443	 95.618008	  95.60293	 95.588204	 95.573824	 95.559786	 95.546085	 95.532716	 95.519675	 95.506956	 95.494554	 95.482465	 95.470682	 95.459202	 95.448019	 95.437129	 95.426525	 95.416203	 95.406158	 95.396384	 95.386877	 95.377632	 95.368644	 95.359907	 95.351417	 95.343168	 95.335156	 95.327376	 95.319823	 95.312493	 95.305379	 95.298478	 95.291786	 95.285296	 95.279005	 95.272908	 95.267001	 95.261279	 95.255738	 95.250374	 95.245181	 95.240157	 95.235296	 95.230595	  95.22605	 95.221656	 95.217411	 95.213309	 95.209348	 95.205523	 95.201831	 95.198268	 95.194832	 95.191517	 95.188322	 95.185243	 95.182276	 95.179419	 95.176668	 95.174021	 95.171474	 95.169024	  95.16667	 95.164408	 95.162235	  95.16015	 95.158149	  95.15623	  95.15439	 95.152628	 95.150942	 95.149328	 95.147786	 95.146312	 95.144906	 95.143565	 95.142288	 95.141072	 95.139916	 95.138819	 95.137779	 95.136794	 95.135863	 95.134986	  95.13416	 95.133384	 95.132657	 95.131979	 95.131348	 95.130763	 95.130223	 95.129729	 95.129277	  95.12887	 95.128504	 95.128181	 95.127899	 95.127658	 95.127458	 95.127298	 95.127179	 95.127099	 95.127059	
        99	 98.940155	 98.880325	 98.820523	 98.760764	 98.701061	  98.64143	 98.581884	 98.522437	 98.463104	 98.403897	 98.344832	 98.285921	 98.227178	 98.168616	  98.11025	 98.052092	 97.994155	 97.936453	 97.878997	 97.821801	 97.764877	 97.708236	 97.651892	 97.595856	 97.540139	 97.484753	  97.42971	 97.375019	 97.320691	 97.266738	 97.213169	 97.159994	 97.107223	 97.054865	  97.00293	 96.951426	 96.900361	 96.849745	 96.799585	 96.749889	 96.700664	 96.651918	 96.603657	 96.555888	 96.508617	  96.46185	 96.415592	  96.36985	 96.324628	 96.279931	 96.235763	 96.192128	 96.149031	 96.106474	 96.064462	 96.022996	  95.98208	 95.941715	 95.901905	  95.86265	 95.823952	 95.785813	 95.748233	 95.711212	 95.674752	 95.638852	 95.603512	 95.568732	 95.534511	 95.500847	  95.46774	 95.435189	 95.403191	 95.371745	 95.340848	 95.310499	 95.280694	 95.251431	 95.222706	 95.194517	 95.166861	 95.139732	 95.113129	 95.087047	 95.061481	 95.036428	 95.011883	 94.987842	 94.964299	  94.94125	  94.91869	 94.896615	 94.875017	 94.853893	 94.833237	 94.813043	 94.793306	  94.77402	 94.755179	 94.736777	 94.718809	 94.701268	 94.684148	 94.667443	 94.651147	 94.635254	 94.619757	 94.604651	 94.589928	 94.575583	  94.56161	 94.548001	 94.534751	 94.521853	 94.509301	 94.497089	 94.485209	 94.473657	 94.462426	 94.451508	 94.440899	 94.430592	 94.420581	  94.41086	 94.401422	 94.392262	 94.383373	  94.37475	 94.366387	 94.358278	 94.350417	 94.342799	 94.335418	 94.328268	 94.321344	 94.314641	 94.308153	 94.301874	 94.295801	 94.289926	 94.284247	 94.278757	 94.273452	 94.268327	 94.263377	 94.258597	 94.253984	 94.249532	 94.245238	 94.241097	 94.237104	 94.233256	 94.229549	 94.225979	 94.222541	 94.219233	 94.216051	 94.212991	 94.210049	 94.207222	 94.204507	 94.201901	 94.199401	 94.197003	 94.194704	 94.192503	 94.190395	 94.188379	 94.186452	 94.184611	 94.182853	 94.181178	 94.179581	 94.178062	 94.176618	 94.175247	 94.173947	 94.172717	 94.171554	 94.170457	 94.169425	 94.168456	 94.167548	   94.1667	 94.165911	 94.165181	 94.164506	 94.163888	 94.163324	 94.162815	 94.162358	 94.161954	 94.161602	 94.161301	 94.161051	 94.160851	 94.160702	 94.160603	 94.160553	
        99	 98.928218	 98.856453	 98.784721	 98.713042	  98.64143	 98.569904	  98.49848	 98.427175	 98.356006	 98.284989	 98.214141	 98.143478	 98.073018	 98.002775	 97.932766	 97.863007	 97.793513	   97.7243	 97.655383	 97.586778	 97.518499	  97.45056	 97.382977	 97.315762	 97.248931	 97.182497	 97.116473	 97.050873	 96.985709	 96.920993	 96.856738	 96.792956	 96.729658	 96.666856	 96.604561	 96.542783	 96.481533	  96.42082	 96.360654	 96.301045	 96.242001	 96.183531	 96.125643	 96.068345	 96.011644	 95.955548	 95.900064	 95.845197	 95.790954	 95.737341	 95.684363	 95.632024	  95.58033	 95.529284	 95.478891	 95.429154	 95.380076	 95.331659	 95.283908	 95.236823	 95.190406	 95.144658	 95.099582	 95.055177	 95.011443	 94.968382	 94.925993	 94.884275	 94.843227	 94.802848	 94.763138	 94.724093	 94.685712	 94.647993	 94.610934	  94.57453	  94.53878	 94.503679	 94.469225	 94.435413	 94.402239	   94.3697	  94.33779	 94.306505	 94.275839	 94.245789	 94.216348	  94.18751	 94.159271	 94.131625	 94.104565	 94.078086	  94.05218	 94.026842	 94.002066	 93.977844	  93.95417	 93.931036	 93.908437	 93.886365	 93.864812	 93.843772	 93.823237	   93.8032	 93.783653	  93.76459	 93.746002	 93.727882	 93.710223	 93.693016	 93.676255	 93.659932	 93.644039	 93.628568	 93.613512	 93.598864	 93.584615	 93.570758	 93.557286	 93.544191	 93.531466	 93.519103	 93.507095	 93.495434	 93.484114	 93.473126	 93.462465	 93.452122	  93.44209	 93.432364	 93.422935	 93.413797	 93.404943	 93.396367	 93.388062	 93.380022	 93.372239	 93.364709	 93.357423	 93.350378	 93.343565	  93.33698	 93.330617	 93.324469	 93.318532	 93.312799	 93.307265	 93.301926	 93.296775	 93.291807	 93.287018	 93.282403	 93.277956	 93.273674	 93.269551	 93.265583	 93.261766	 93.258095	 93.254566	 93.251175	 93.247919	 93.244793	 93.241794	 93.238918	 93.236161	  93.23352	 93.230992	 93.228574	 93.226262	 93.224054	 93.221946	 93.219936	 93.218021	 93.216199	 93.214467	 93.212822	 93.211263	 93.209787	 93.208393	 93.207077	 93.205839	 93.204676	 93.203587	  93.20257	 93.201624	 93.200748	 93.199939	 93.199197	 93.198521	  93.19791	 93.197362	 93.196878	 93.196455	 93.196094	 93.195794	 93.195555	 93.195376	 93.195257	 93.195197	
        99	 98.916297	 98.832614	 98.748971	 98.665388	 98.581884	  98.49848	 98.415195	 98.332048	  98.24906	  98.16625	 98.083637	  98.00124	 97.919078	  97.83717	 97.755535	 97.674192	 97.593157	 97.512451	 97.432089	 97.352091	 97.272472	 97.193252	 97.114445	 97.036069	  96.95814	 96.880673	 96.803685	  96.72719	 96.651204	 96.575742	 96.500816	 96.426442	 96.352633	 96.279402	 96.206762	 96.134724	 96.063302	 95.992507	  95.92235	 95.852842	 95.783992	 95.715812	 95.648311	 95.581498	 95.515382	  95.44997	 95.385272	 95.321294	 95.258043	 95.195526	  95.13375	  95.07272	 95.012441	 94.952918	 94.894156	  94.83616	 94.778931	 94.722475	 94.666793	 94.611889	 94.557764	 94.504419	 94.451857	 94.400078	 94.349082	  94.29887	 94.249441	 94.200795	 94.152931	 94.105847	 94.059541	 94.014013	 93.969258	 93.925276	 93.882061	 93.839613	 93.797925	 93.756996	  93.71682	 93.677393	  93.63871	 93.600767	 93.563558	 93.527077	  93.49132	 93.456279	 93.421948	 93.388322	 93.355394	 93.323156	 93.291603	 93.260726	 93.230518	 93.200973	 93.172082	 93.143838	 93.116232	 93.089257	 93.062905	 93.037167	 93.012035	   92.9875	 92.963555	 92.940191	 92.917398	 92.895169	 92.873494	 92.852366	 92.831774	  92.81171	 92.792165	 92.773131	 92.754599	 92.736559	 92.719003	 92.701922	 92.685307	 92.669149	  92.65344	  92.63817	 92.623332	 92.608916	 92.594913	 92.581316	 92.568116	 92.555304	 92.542872	 92.530811	 92.519114	 92.507772	 92.496777	 92.486122	 92.475798	 92.465798	 92.456114	 92.446738	 92.437663	 92.428882	 92.420387	 92.412171	 92.404227	 92.396548	 92.389128	  92.38196	 92.375036	 92.368352	 92.361899	 92.355673	 92.349666	 92.343874	  92.33829	 92.332908	 92.327723	 92.322729	 92.317921	 92.313295	 92.308843	 92.304563	 92.300448	 92.296495	 92.292697	 92.289052	 92.285555	 92.282201	 92.278987	 92.275907	  92.27296	  92.27014	 92.267444	 92.264869	 92.262411	 92.260067	 92.257835	  92.25571	  92.25369	 92.251772	 92.249954	 92.248233	 92.246607	 92.245073	 92.243629	 92.242273	 92.241003	 92.239818	 92.238715	 92.237693	  92.23675	 92.235885	 92.235097	 92.234384	 92.233745	  92.23318	 92.232687	 92.232266	 92.231917	 92.231638	 92.231429	 92.231289	  92.23122	
        99	 98.904396	 98.808816	  98.71328	 98.617813	 98.522437	 98.427175	 98.332048	 98.237081	 98.142293	 98.047709	  97.95335	 97.859238	 97.765395	 97.671842	   97.5786	 97.485691	 97.393135	 97.300954	 97.209167	 97.117794	 97.026856	 96.936372	 96.846361	 96.756841	 96.667832	 96.579352	 96.491417	 96.404047	 96.317258	 96.231066	 96.145488	 96.060539	 95.976236	 95.892593	 95.809625	 95.727346	 95.645769	 95.564908	 95.484776	 95.405385	 95.326747	 95.248874	 95.171775	 95.095463	 95.019946	 94.945235	 94.871337	 94.798263	  94.72602	 94.654614	 94.584055	 94.514347	 94.445498	 94.377513	 94.310396	 94.244154	 94.178789	 94.114306	 94.050707	 93.987997	 93.926176	 93.865247	 93.805212	 93.746071	 93.687825	 93.630473	 93.574017	 93.518454	 93.463785	 93.410006	 93.357118	 93.305116	 93.253998	 93.203762	 93.154404	  93.10592	 93.058305	 93.011557	 92.965669	 92.920636	 92.876454	 92.833116	 92.790616	 92.748949	 92.708107	 92.668084	 92.628873	 92.590466	 92.552856	 92.516035	 92.479995	 92.444728	 92.410226	  92.37648	 92.343481	 92.311221	  92.27969	  92.24888	 92.218781	 92.189384	 92.160678	 92.132656	 92.105306	  92.07862	 92.052587	 92.027197	 92.002441	 91.978308	 91.954788	 91.931872	 91.909549	 91.887808	 91.866641	 91.846036	 91.825984	 91.806474	 91.787497	 91.769042	 91.751099	 91.733659	 91.716711	 91.700245	 91.684252	 91.668722	 91.653644	 91.639011	 91.624811	 91.611035	 91.597675	 91.584721	 91.572163	 91.559993	 91.548201	 91.536779	 91.525718	 91.515009	 91.504644	 91.494614	 91.484911	 91.475527	 91.466454	 91.457684	 91.449209	 91.441021	 91.433113	 91.425478	 91.418108	 91.410996	 91.404136	  91.39752	 91.391142	 91.384995	 91.379073	 91.373369	 91.367878	 91.362593	 91.357509	  91.35262	  91.34792	 91.343404	 91.339068	 91.334904	  91.33091	 91.327079	 91.323407	  91.31989	 91.316523	 91.313303	 91.310223	 91.307282	 91.304475	 91.301798	 91.299248	 91.296821	 91.294514	 91.292324	 91.290247	 91.288281	 91.286424	 91.284672	 91.283023	 91.281474	 91.280024	  91.27867	  91.27741	 91.276242	 91.275165	 91.274177	 91.273277	 91.272463	 91.271733	 91.271088	 91.270525	 91.270045	 91.269645	 91.269326	 91.269088	 91.268929	 91.268849	
        99	 98.892518	 98.785062	 98.677658	  98.57033	 98.463104	 98.356006	  98.24906	 98.142293	  98.03573	 97.929394	 97.823312	 97.717507	 97.612004	 97.506828	 97.402002	 97.297549	 97.193494	  97.08986	 96.986669	 96.883944	 96.781708	 96.679981	 96.578787	 96.478145	 96.378078	 96.278604	 96.179745	 96.081519	 95.983947	 95.887046	 95.790836	 95.695333	 95.600556	 95.506521	 95.413244	 95.320743	 95.229031	 95.138123	 95.048036	 94.958781	 94.870373	 94.782824	 94.696147	 94.610353	 94.525454	  94.44146	 94.358382	 94.276228	 94.195009	 94.114732	 94.035406	 93.957038	 93.879635	 93.803203	 93.727748	 93.653275	 93.579789	 93.507294	 93.435794	 93.365292	 93.295791	 93.227292	 93.159798	 93.093309	 93.027826	 92.963349	 92.899879	 92.837413	 92.775951	 92.715491	 92.656031	 92.597569	   92.5401	 92.483622	 92.428132	 92.373624	 92.320094	 92.267537	 92.215948	  92.16532	 92.115648	 92.066926	 92.019146	 91.972302	 91.926386	  91.88139	 91.837307	 91.794129	 91.751846	  91.71045	 91.669933	 91.630284	 91.591495	 91.553556	 91.516458	  91.48019	 91.444742	 91.410103	 91.376265	 91.343215	 91.310943	 91.279439	 91.248692	  91.21869	 91.189422	 91.160878	 91.133046	 91.105915	 91.079473	 91.053709	 91.028613	 91.004171	 90.980374	 90.957209	 90.934666	 90.912732	 90.891397	 90.870649	 90.850477	  90.83087	 90.811816	 90.793304	 90.775324	 90.757864	 90.740914	 90.724462	 90.708498	 90.693011	 90.677991	 90.663427	 90.649309	 90.635627	  90.62237	 90.609529	 90.597094	 90.585054	 90.573401	 90.562125	 90.551217	 90.540667	 90.530467	 90.520607	 90.511079	 90.501874	 90.492983	   90.4844	 90.476114	 90.468119	 90.460406	 90.452968	 90.445797	 90.438887	 90.432229	 90.425817	 90.419643	 90.413702	 90.407986	 90.402489	 90.397206	 90.392129	 90.387253	 90.382573	 90.378082	 90.373775	 90.369647	 90.365693	 90.361908	 90.358287	 90.354826	 90.351519	 90.348363	 90.345354	 90.342486	 90.339758	 90.337164	 90.334702	 90.332367	 90.330158	 90.328069	 90.326099	 90.324245	 90.322504	 90.320874	 90.319352	 90.317935	 90.316623	 90.315412	 90.314301	 90.313289	 90.312373	 90.311553	 90.310828	 90.310195	 90.309655	 90.309206	 90.308847	 90.308579	   90.3084	 90.308311	
        99	 98.880666	  98.76136	 98.642111	 98.522947	 98.403897	 98.284989	  98.16625	 98.047709	 97.929394	 97.811333	 97.693552	  97.57608	 97.458942	 97.342168	 97.225781	 97.109811	 96.994281	 96.879218	 96.764648	 96.650595	 96.537084	  96.42414	 96.311786	 96.200046	 96.088944	   95.9785	 95.868739	 95.759682	  95.65135	 95.543764	 95.436943	 95.330909	  95.22568	 95.121276	 95.017713	  94.91501	 94.813185	 94.712253	 94.612231	 94.513133	 94.414976	 94.317773	 94.221537	 94.126282	 94.032021	 93.938764	 93.846525	 93.755312	 93.665136	 93.576007	 93.487933	 93.400923	 93.314984	 93.230123	 93.146347	 93.063662	 92.982072	 92.901583	 92.822198	 92.743922	 92.666756	 92.590704	 92.515766	 92.441945	 92.369241	 92.297654	 92.227184	  92.15783	 92.089591	 92.022463	 91.956446	 91.891537	 91.827731	 91.765025	 91.703415	 91.642896	 91.583463	 91.525111	 91.467832	 91.411622	 91.356473	 91.302377	 91.249329	 91.197319	 91.146339	 91.096382	 91.047437	 90.999497	 90.952552	 90.906591	 90.861605	 90.817585	 90.774518	 90.732396	 90.691206	 90.650938	 90.611581	 90.573123	 90.535553	 90.498859	 90.463028	  90.42805	 90.393912	 90.360601	 90.328106	 90.296414	 90.265513	  90.23539	 90.206032	 90.177428	 90.149563	 90.122427	 90.096005	 90.070286	 90.045257	 90.020904	 89.997216	  89.97418	 89.951784	 89.930014	 89.908859	 89.888306	 89.868344	 89.848958	 89.830139	 89.811872	 89.794148	 89.776953	 89.760277	 89.744107	 89.728432	 89.713241	 89.698522	 89.684265	 89.670458	 89.657091	 89.644153	 89.631634	 89.619523	 89.607809	 89.596484	 89.585537	 89.574958	 89.564738	 89.554867	 89.545337	 89.536138	 89.527261	 89.518698	 89.510439	 89.502478	 89.494805	 89.487413	 89.480294	 89.473439	 89.466843	 89.460497	 89.454394	 89.448528	 89.442891	 89.437478	 89.432281	 89.427295	 89.422513	  89.41793	  89.41354	 89.409338	 89.405317	 89.401474	 89.397803	 89.394299	 89.390957	 89.387774	 89.384745	 89.381865	 89.379131	 89.376539	 89.374086	 89.371767	  89.36958	 89.367522	 89.365589	 89.363778	 89.362088	 89.360515	 89.359058	 89.357714	 89.356481	 89.355357	  89.35434	  89.35343	 89.352624	 89.351922	 89.351322	 89.350823	 89.350425	 89.350128	 89.349929	  89.34983	
        99	 98.868841	 98.737714	 98.606649	 98.475678	 98.344832	 98.214141	 98.083637	  97.95335	 97.823312	 97.693552	 97.564101	 97.434988	 97.306245	 97.177899	 97.049981	 96.922519	 96.795542	 96.669078	 96.543155	 96.417801	 96.293043	 96.168908	 96.045421	 95.922609	 95.800498	 95.679111	 95.558474	 95.438611	 95.319544	 95.201298	 95.083893	 94.967352	 94.851697	 94.736947	 94.623123	 94.510244	 94.398329	 94.287396	 94.177462	 94.068546	 93.960663	 93.853828	 93.748057	 93.643363	 93.539762	 93.437265	 93.335885	 93.235635	 93.136524	 93.038563	 92.941762	 92.846131	 92.751676	 92.658407	  92.56633	 92.475452	 92.385778	 92.297313	 92.210063	  92.12403	 92.039218	  91.95563	 91.873267	 91.792132	 91.712224	 91.633543	 91.556091	 91.479865	 91.404863	 91.331085	 91.258526	 91.187185	 91.117057	 91.048138	 90.980423	 90.913908	 90.848586	 90.784451	 90.721497	 90.659717	 90.599103	 90.539648	 90.481343	  90.42418	 90.368149	 90.313241	 90.259447	 90.206757	 90.155159	 90.104645	 90.055201	 90.006819	 89.959485	 89.913189	 89.867918	  89.82366	 89.780403	 89.738135	 89.696842	 89.656512	 89.617131	 89.578687	 89.541166	 89.504555	  89.46884	 89.434008	 89.400045	 89.366937	  89.33467	 89.303231	 89.272606	  89.24278	 89.213741	 89.185473	 89.157964	 89.131198	 89.105163	 89.079845	 89.055229	 89.031303	 89.008051	 88.985462	 88.963521	 88.942215	  88.92153	 88.901454	 88.881974	 88.863075	 88.844746	 88.826974	 88.809746	  88.79305	 88.776873	 88.761203	 88.746028	 88.731337	 88.717117	 88.703357	 88.690045	 88.677171	 88.664724	 88.652692	 88.641065	 88.629832	 88.618984	 88.608509	 88.598398	 88.588642	  88.57923	 88.570153	 88.561403	  88.55297	 88.544845	 88.537021	 88.529487	 88.522237	 88.515262	 88.508555	 88.502107	 88.495912	 88.489962	 88.484251	  88.47877	 88.473515	 88.468478	 88.463653	 88.459034	 88.454615	 88.450391	 88.446356	 88.442505	 88.438832	 88.435334	 88.432004	 88.428839	 88.425834	 88.422986	 88.420289	 88.417741	 88.415337	 88.413074	  88.41095	  88.40896	 88.407103	 88.405374	 88.403772	 88.402295	  88.40094	 88.399704	 88.398587	 88.397587	 88.396701	 88.395929	  88.39527	 88.394722	 88.394284	 88.393957	 88.393739	  88.39363	
        99	 98.857048	  98.71413	  98.57128	 98.428532	 98.285921	 98.143478	  98.00124	 97.859238	 97.717507	  97.57608	 97.434988	 97.294267	 97.153946	  97.01406	  96.87464	 96.735717	 96.597322	 96.459487	 96.322242	 96.185616	  96.04964	 95.914343	 95.779753	 95.645898	 95.512807	 95.380505	 95.249021	  95.11838	 94.988607	 94.859728	 94.731767	 94.604747	 94.478692	 94.353624	 94.229565	 94.106536	 93.984558	  93.86365	 93.743832	 93.625122	 93.507538	 93.391097	 93.275815	 93.161708	 93.048791	 92.937078	 92.826583	 92.717318	 92.609295	 92.502526	 92.397021	  92.29279	 92.189843	 92.088187	 91.987831	 91.888781	 91.791044	 91.694625	 91.599529	  91.50576	 91.413322	 91.322218	  91.23245	 91.144018	 91.056925	 90.971171	 90.886754	 90.803673	 90.721928	 90.641516	 90.562433	 90.484677	 90.408243	 90.333127	 90.259324	 90.186827	 90.115632	  90.04573	 89.977116	  89.90978	 89.843716	 89.778915	 89.715367	 89.653064	 89.591995	  89.53215	 89.473519	 89.416091	 89.359854	 89.304797	 89.250908	 89.198175	 89.146585	 89.096126	 89.046785	 88.998547	 88.951401	 88.905332	 88.860326	 88.816369	 88.773447	 88.731547	 88.690652	 88.650749	 88.611823	 88.573858	 88.536841	 88.500756	 88.465588	 88.431323	 88.397944	 88.365436	 88.333785	 88.302976	 88.272993	 88.243821	 88.215445	  88.18785	 88.161021	 88.134943	 88.109601	  88.08498	 88.061067	 88.037845	   88.0153	 87.993419	 87.972187	 87.951589	 87.931612	 87.912242	 87.893465	 87.875267	 87.857635	 87.840557	 87.824017	 87.808005	 87.792506	 87.777509	 87.763001	 87.748969	 87.735402	 87.722289	 87.709616	 87.697373	 87.685549	 87.674133	 87.663113	 87.652479	 87.642221	 87.632328	 87.622791	   87.6136	 87.604745	 87.596216	 87.588006	 87.580104	 87.572502	 87.565191	 87.558164	 87.551412	 87.544927	 87.538702	 87.532729	 87.527001	  87.52151	 87.516252	 87.511217	 87.506401	 87.501797	   87.4974	 87.493202	 87.489199	 87.485386	 87.481757	 87.478308	 87.475033	 87.471928	 87.468989	 87.466211	 87.463591	 87.461125	  87.45881	 87.456641	 87.454616	 87.452733	 87.450987	 87.449376	 87.447899	 87.446553	 87.445335	 87.444245	  87.44328	 87.442438	  87.44172	 87.441122	 87.440646	 87.440289	 87.440051	 87.439932	
        99	 98.845288	 98.690613	 98.536012	 98.381521	 98.227178	 98.073018	 97.919078	 97.765395	 97.612004	 97.458942	 97.306245	 97.153946	 97.002083	 96.850689	   96.6998	 96.549448	 96.399669	 96.250495	 96.101959	 95.954095	 95.806933	 95.660505	 95.514843	 95.369977	 95.225937	 95.082752	 94.940451	 94.799063	 94.658615	 94.519134	 94.380646	 94.243177	 94.106752	 93.971396	 93.837131	 93.703981	 93.571969	 93.441115	  93.31144	 93.182965	 93.055708	 92.929687	 92.804922	 92.681428	 92.559222	 92.438319	 92.318734	  92.20048	 92.083571	 91.968019	 91.853835	  91.74103	 91.629614	 91.519595	 91.410983	 91.303785	 91.198008	 91.093657	 90.990738	 90.889256	 90.789213	 90.690615	 90.593462	 90.497756	 90.403498	 90.310689	 90.219327	 90.129412	 90.040942	 89.953915	 89.868327	 89.784174	 89.701452	 89.620157	 89.540282	 89.461822	  89.38477	 89.309118	 89.234859	 89.161984	 89.090486	 89.020354	 88.951578	 88.884149	 88.818057	 88.753289	 88.689835	 88.627682	 88.566819	 88.507233	 88.448911	  88.39184	 88.336006	 88.281396	 88.227995	  88.17579	 88.124765	 88.074906	 88.026198	 87.978625	 87.932172	 87.886825	 87.842566	  87.79938	 87.757252	 87.716164	 87.676102	 87.637049	 87.598988	 87.561903	 87.525778	 87.490597	 87.456342	 87.422998	 87.390549	 87.358977	 87.328267	 87.298401	 87.269365	 87.241142	 87.213715	  87.18707	 87.161188	 87.136056	 87.111657	 87.087976	 87.064997	 87.042705	 87.021085	 87.000121	 86.979799	 86.960104	 86.941022	 86.922538	 86.904639	 86.887309	 86.870535	 86.854304	 86.838603	 86.823417	 86.808734	 86.794541	 86.780826	 86.767576	  86.75478	 86.742424	 86.730497	 86.718989	 86.707887	 86.697181	 86.686859	 86.676911	 86.667328	 86.658098	 86.649212	  86.64066	 86.632432	  86.62452	 86.616915	 86.609607	 86.602589	 86.595852	 86.589387	 86.583188	 86.577246	 86.571555	 86.566107	 86.560894	 86.555912	 86.551152	 86.546609	 86.542277	  86.53815	 86.534223	 86.530489	 86.526945	 86.523585	 86.520404	 86.517398	 86.514562	 86.511894	 86.509388	 86.507041	 86.504849	 86.502811	 86.500921	 86.499178	  86.49758	 86.496123	 86.494805	 86.493625	  86.49258	 86.491669	 86.490892	 86.490245	 86.489729	 86.489343	 86.489086	 86.488957	
        99	 98.833565	 98.667169	 98.500853	 98.334656	 98.168616	 98.002775	  97.83717	 97.671842	 97.506828	 97.342168	 97.177899	  97.01406	 96.850689	 96.687824	   96.5255	 96.363756	 96.202627	 96.042149	 95.882358	 95.723289	 95.564975	 95.407452	 95.250752	 95.094909	 94.939954	 94.785919	 94.632836	 94.480734	 94.329643	 94.179592	  94.03061	 93.882725	 93.735962	 93.590349	  93.44591	 93.302671	 93.160655	 93.019886	 92.880385	 92.742174	 92.605274	 92.469705	 92.335485	 92.202633	 92.071167	 91.941103	 91.812456	 91.685241	 91.559473	 91.435165	 91.312329	 91.190976	 91.071117	 90.952762	  90.83592	 90.720598	 90.606805	 90.494547	  90.38383	 90.274657	 90.167035	 90.060964	 89.956449	 89.853491	 89.752091	 89.652249	 89.553965	 89.457236	 89.362063	 89.268441	 89.176367	 89.085837	 88.996848	 88.909392	 88.823465	 88.739059	 88.656168	 88.574784	 88.494897	 88.416501	 88.339584	 88.264138	 88.190151	 88.117613	 88.046512	 87.976836	 87.908573	 87.841711	 87.776236	 87.712135	 87.649394	 87.587998	 87.527933	 87.469185	 87.411738	 87.355577	 87.300685	 87.247048	 87.194649	 87.143471	 87.093499	 87.044715	 86.997102	 86.950644	 86.905324	 86.861123	 86.818025	 86.776012	 86.735067	 86.695172	  86.65631	 86.618462	 86.581612	 86.545742	 86.510833	 86.476869	 86.443832	 86.411703	 86.380467	 86.350105	   86.3206	 86.291935	 86.264093	 86.237056	 86.210809	 86.185333	 86.160613	 86.136631	 86.113373	  86.09082	 86.068959	 86.047772	 86.027244	 86.007359	 85.988103	  85.96946	 85.951415	 85.933954	 85.917063	 85.900726	 85.884931	 85.869663	 85.854909	 85.840655	 85.826888	 85.813596	 85.800766	 85.788385	 85.776442	 85.764925	 85.753821	  85.74312	  85.73281	  85.72288	 85.713321	 85.704121	  85.69527	 85.686758	 85.678577	 85.670715	 85.663165	 85.655917	 85.648963	 85.642294	 85.635902	  85.62978	 85.623918	 85.618311	 85.612951	 85.607831	 85.602944	 85.598283	 85.593844	 85.589619	 85.585602	 85.581789	 85.578174	 85.574752	 85.571519	 85.568468	 85.565597	 85.562901	 85.560377	 85.558019	 85.555826	 85.553793	 85.551919	 85.550199	 85.548631	 85.547214	 85.545944	  85.54482	 85.543841	 85.543004	 85.542308	 85.541753	 85.541338	 85.541061	 85.540923	
        99	  98.82188	 98.643803	 98.465811	 98.287946	  98.11025	 97.932766	 97.755535	   97.5786	 97.402002	 97.225781	 97.049981	  96.87464	   96.6998	   96.5255	 96.351781	 96.178682	 96.006241	 95.834497	 95.663488	 95.493251	 95.323824	 95.155242	 94.987541	 94.820757	 94.654924	 94.490075	 94.326245	 94.163464	 94.001766	 93.841182	 93.681741	 93.523473	 93.366407	 93.210571	 93.055993	 92.902698	 92.750712	 92.600059	 92.450765	 92.302851	  92.15634	 92.011254	 91.867611	 91.725433	 91.584737	 91.445542	 91.307863	 91.171718	 91.037121	 90.904085	 90.772625	 90.642753	  90.51448	 90.387816	 90.262771	 90.139353	 90.017572	 89.897433	 89.778942	 89.662106	 89.546927	 89.433411	 89.321558	 89.211372	 89.102853	 88.996002	 88.890818	 88.787299	 88.685443	 88.585249	 88.486711	 88.389826	 88.294589	 88.200994	 88.109034	 88.018703	 87.929992	 87.842894	   87.7574	   87.6735	 87.591183	  87.51044	 87.431259	 87.353628	 87.277536	 87.202969	 87.129914	 87.058358	 86.988286	 86.919685	 86.852539	 86.786833	 86.722551	 86.659679	 86.598199	 86.538095	  86.47935	 86.421947	 86.365869	 86.311099	 86.257618	 86.205409	 86.154454	 86.104734	 86.056232	 86.008928	 85.962805	 85.917842	 85.874023	 85.831327	 85.789737	 85.749232	 85.709795	 85.671406	 85.634047	 85.597698	 85.562342	 85.527958	 85.494529	 85.462035	 85.430459	 85.399782	 85.369985	  85.34105	  85.31296	 85.285695	  85.25924	 85.233575	 85.208683	 85.184548	 85.161151	 85.138477	 85.116508	 85.095227	 85.074619	 85.054667	 85.035356	 85.016669	 84.998592	 84.981108	 84.964204	 84.947864	 84.932074	 84.916819	 84.902086	 84.887861	  84.87413	 84.860881	 84.848099	 84.835773	  84.82389	 84.812437	 84.801403	 84.790777	 84.780546	   84.7707	 84.761228	 84.752119	 84.743363	  84.73495	  84.72687	 84.719113	 84.711671	 84.704533	 84.697693	  84.69114	 84.684867	 84.678867	  84.67313	  84.66765	  84.66242	 84.657433	 84.652681	  84.64816	 84.643861	 84.639781	 84.635912	  84.63225	 84.628789	 84.625525	 84.622452	 84.619567	 84.616865	 84.614342	 84.611995	 84.609819	 84.607813	 84.605972	 84.604295	 84.602778	 84.601419	 84.600216	 84.599168	 84.598272	 84.597528	 84.596934	  84.59649	 84.596193	 84.596046	
        99	 98.810238	 98.620521	 98.430894	 98.241403	 98.052092	 97.863007	 97.674192	 97.485691	 97.297549	 97.109811	 96.922519	 96.735717	 96.549448	 96.363756	 96.178682	 95.994268	 95.810555	 95.627585	 95.445399	 95.264034	 95.083532	 94.903931	 94.725269	 94.547583	  94.37091	 94.195286	 94.020747	 93.847327	 93.675059	 93.503978	 93.334116	 93.165503	  92.99817	 92.832148	 92.667466	 92.504151	  92.34223	 92.181731	 92.022678	 91.865096	 91.709008	 91.554438	 91.401406	 91.249935	 91.100042	 90.951749	 90.805071	 90.660026	 90.516631	   90.3749	 90.234847	 90.096486	 89.959828	 89.824885	 89.691666	 89.560182	  89.43044	 89.302448	 89.176213	 89.051739	 88.929032	 88.808096	 88.688932	 88.571544	 88.455932	 88.342096	 88.230036	 88.119751	 88.011238	 87.904494	 87.799515	 87.696298	 87.594835	 87.495122	 87.397152	 87.300916	 87.206407	 87.113616	 87.022533	 86.933149	 86.845452	 86.759431	 86.675074	 86.592369	 86.511303	 86.431862	 86.354032	 86.277798	 86.203147	 86.130061	 86.058526	 85.988525	 85.920042	  85.85306	 85.787561	 85.723529	 85.660944	 85.599789	 85.540046	 85.481695	 85.424719	 85.369097	 85.314812	 85.261842	 85.210169	 85.159774	 85.110635	 85.062734	  85.01605	 84.970564	 84.926255	 84.883103	 84.841088	  84.80019	 84.760389	 84.721664	 84.683996	 84.647365	 84.611751	 84.577133	 84.543493	  84.51081	 84.479066	  84.44824	 84.418313	 84.389267	 84.361082	  84.33374	 84.307221	 84.281508	 84.256582	 84.232426	  84.20902	 84.186349	 84.164394	 84.143138	 84.122564	 84.102656	 84.083397	 84.064771	 84.046762	 84.029354	 84.012531	  83.99628	 83.980584	 83.965429	   83.9508	 83.936685	 83.923067	 83.909936	 83.897276	 83.885074	  83.87332	 83.861999	 83.851099	  83.84061	 83.830518	 83.820814	 83.811485	 83.802522	 83.793914	  83.78565	 83.777721	 83.770118	  83.76283	 83.755849	 83.749166	 83.742773	 83.736662	 83.730824	 83.725252	 83.719938	 83.714876	 83.710059	  83.70548	 83.701133	 83.697011	 83.693109	 83.689422	 83.685945	 83.682671	 83.679597	 83.676719	 83.674031	  83.67153	 83.669213	 83.667075	 83.665114	 83.663327	 83.661711	 83.660263	 83.658982	 83.657865	 83.656911	 83.656118	 83.655485	 83.655012	 83.654696	 83.654539	
        99	 98.798639	 98.597327	  98.39611	 98.195037	 97.994155	 97.793513	 97.593157	 97.393135	 97.193494	 96.994281	 96.795542	 96.597322	 96.399669	 96.202627	 96.006241	 95.810555	 95.615614	 95.421461	 95.228139	  95.03569	 94.844155	 94.653577	 94.463995	 94.275448	 94.087977	 93.901619	 93.716412	 93.532392	 93.349596	 93.168058	 92.987813	 92.808894	 92.631334	 92.455165	 92.280417	  92.10712	 91.935303	 91.764993	 91.596219	 91.429005	 91.263378	  91.09936	 90.936975	 90.776245	 90.617192	 90.459834	 90.304191	 90.150282	 89.998122	 89.847728	 89.699115	 89.552297	 89.407287	 89.264095	 89.122735	 88.983214	 88.845542	 88.709727	 88.575776	 88.443695	 88.313488	  88.18516	 88.058713	 87.934149	 87.811471	 87.690678	 87.571769	 87.454743	 87.339597	 87.226329	 87.114934	 87.005408	 86.897744	 86.791936	 86.687978	  86.58586	 86.485575	 86.387112	 86.290463	 86.195615	 86.102558	 86.011279	 85.921767	 85.834007	 85.747986	 85.663689	 85.581102	 85.500209	 85.420994	 85.343442	 85.267535	 85.193255	 85.120587	  85.04951	 84.980008	 84.912062	 84.845652	 84.780759	 84.717364	 84.655448	 84.594989	 84.535968	 84.478364	 84.422157	 84.367326	  84.31385	 84.261708	 84.210879	 84.161342	 84.113075	 84.066058	 84.020268	 83.975686	 83.932288	 83.890054	 83.848963	 83.808992	 83.770122	 83.732331	 83.695598	 83.659902	 83.625221	 83.591537	 83.558827	 83.527071	 83.496249	 83.466342	 83.437328	 83.409189	 83.381904	 83.355455	 83.329822	 83.304986	 83.280929	 83.257632	 83.235077	 83.213245	 83.192121	 83.171684	  83.15192	  83.13281	 83.114338	 83.096487	 83.079242	 83.062587	 83.046506	 83.030983	 83.016005	 83.001555	 82.987621	 82.974187	  82.96124	 82.948767	 82.936754	 82.925188	 82.914057	 82.903349	 82.893052	 82.883153	 82.873642	 82.864508	 82.855739	 82.847325	 82.839257	 82.831524	 82.824116	 82.817025	 82.810241	 82.803756	 82.797562	 82.791649	 82.786011	 82.780639	 82.775528	 82.770669	 82.766056	 82.761682	 82.757542	  82.75363	 82.749939	 82.746466	 82.743204	  82.74015	 82.737298	 82.734644	 82.732185	 82.729917	 82.727836	 82.725939	 82.724224	 82.722688	 82.721329	 82.720144	 82.719131	  82.71829	 82.717618	 82.717116	 82.716781	 82.716614	
