Time step 32:
        99	        99	        99	        99	        99	        99	        99	        99	        99	        99	        99	        99	        99	        99	        99	        99	        99	        99	        99	        99	        99	        99	        99	        99	        99	        99	        99	        99	        99	        99	        99	        99	        99	        99	        99	        99	        99	        99	        99	        99	        99	        99	        99	        99	        99	        99	        99	        99	        99	        99	        99	        99	        99	        99	        99	        99	        99	        99	        99	        99	        99	        99	        99	        99	        99	        99	        99	        99	        99	        99	        99	        99	        99	        99	        99	        99	        99	        99	        99	        99	        99	        99	        99	        99	        99	        99	        99	        99	        99	        99	        99	        99	        99	        99	        99	        99	        99	        99	        99	        99	        99	        99	        99	        99	        99	        99	        99	        99	        99	        99	        99	        99	        99	        99	        99	        99	        99	        99	        99	        99	        99	        99	        99	        99	        99	        99	        99	        99	        99	        99	        99	        99	        99	        99	        99	        99	        99	        99	        99	        99	        99	        99	        99	        99	        99	        99	        99	        99	        99	        99	        99	        99	        99	        99	        99	        99	        99	        99	        99	        99	        99	        99	        99	        99	        99	        99	        99	        99	        99	        99	        99	        99	        99	        99	        99	        99	        99	        99	        99	        99	        99	        99	        99	        99	        99	        99	        99	        99	        99	        99	        99	        99	        99	        99	        99	        99	        99	        99	        99	        99	
        99	 98.980158	 98.960324	 98.940506	 98.920712	 98.900948	 98.881223	 98.861546	 98.841922	  98.82236	 98.802868	 98.783452	  98.76412	  98.74488	 98.725738	 98.706702	 98.687778	 98.668973	 98.650294	 98.631747	 98.613338	 98.595074	 98.576961	 98.559005	 98.541211	 98.523584	 98.506131	 98.488855	 98.471763	 98.454859	 98.438146	 98.421631	 98.405316	 98.389206	 98.373305	 98.357615	 98.342141	 98.326884	 98.311849	 98.297038	 98.282453	 98.268096	  98.25397	 98.240076	 98.226415	  98.21299	 98.199801	 98.186849	 98.174135	  98.16166	 98.149424	 98.137426	 98.125668	 98.114148	 98.102867	 98.091824	 98.081018	 98.070448	 98.060113	 98.050011	 98.040143	 98.030505	 98.021096	 98.011915	 98.002959	 97.994226	 97.985715	 97.977422	 97.969346	 97.961483	 97.953832	 97.946389	 97.939151	 97.932117	 97.925282	 97.918644	 97.912199	 97.905945	 97.899877	 97.893994	 97.888291	 97.882766	 97.877414	 97.872233	 97.867218	 97.862367	 97.857676	 97.853141	  97.84876	 97.844528	 97.840442	 97.836498	 97.832694	 97.829025	 97.825488	  97.82208	 97.818798	 97.815637	 97.812595	 97.809669	 97.806854	 97.804149	 97.801549	 97.799051	 97.796654	 97.794352	 97.792144	 97.790026	 97.787996	  97.78605	 97.784187	 97.782402	 97.780694	  97.77906	 97.777497	 97.776003	 97.774575	 97.773211	 97.771908	 97.770665	 97.769479	 97.768347	 97.767268	  97.76624	 97.765261	 97.764328	  97.76344	 97.762596	 97.761792	 97.761028	 97.760302	 97.759613	 97.758958	 97.758336	 97.757746	 97.757187	 97.756656	 97.756153	 97.755677	 97.755226	 97.754799	 97.754394	 97.754012	 97.753651	 97.753309	 97.752986	 97.752682	 97.752394	 97.752122	 97.751866	 97.751625	 97.751397	 97.751183	 97.750981	 97.750791	 97.750612	 97.750444	 97.750285	 97.750137	 97.749997	 97.749866	 97.749743	 97.749628	 97.749519	 97.749418	 97.749323	 97.749234	  97.74915	 97.749073	    97.749	 97.748932	 97.748868	 97.748809	 97.748754	 97.748702	 97.748654	 97.748609	 97.748568	  97.74853	 97.748494	 97.748461	  97.74843	 97.748402	 97.748376	 97.748352	 97.748331	 97.748311	 97.748293	 97.748276	 97.748261	 97.748248	 97.748236	 97.748226	 97.748217	  97.74821	 97.748204	 97.748199	 97.748195	 97.748192	 97.748191	
        99	 98.960324	 98.920665	 98.881036	 98.841454	 98.801935	 98.762494	 98.723146	 98.683906	  98.64479	 98.605813	 98.566989	 98.528334	 98.489861	 98.451585	 98.413519	 98.375679	 98.338076	 98.300725	 98.263639	 98.226829	 98.190309	  98.15409	 98.118184	 98.082602	 98.047356	 98.012456	 97.977912	 97.943734	 97.909932	 97.876514	  97.84349	 97.810867	 97.778654	 97.746857	 97.715484	 97.684541	 97.654034	  97.62397	 97.594353	 97.565189	 97.536481	 97.508234	 97.480451	 97.453136	  97.42629	 97.399918	 97.374019	 97.348596	 97.323651	 97.299183	 97.275193	 97.251681	 97.228646	 97.206088	 97.184006	 97.162398	 97.141262	 97.120596	 97.100397	 97.080664	 97.061392	 97.042578	 97.024219	 97.006311	 96.988849	  96.97183	 96.955247	 96.939098	 96.923376	 96.908076	 96.893193	 96.878721	 96.864655	 96.850988	 96.837714	 96.824827	 96.812321	 96.800189	 96.788425	 96.777021	 96.765972	 96.755271	  96.74491	 96.734883	 96.725183	 96.715803	 96.706735	 96.697974	 96.689511	 96.681341	 96.673455	 96.665848	 96.658512	  96.65144	 96.644625	 96.638062	 96.631742	 96.625659	 96.619807	 96.614179	 96.608769	  96.60357	 96.598577	 96.593782	  96.58918	 96.584764	  96.58053	  96.57647	  96.57258	 96.568853	 96.565285	  96.56187	 96.558602	 96.555476	 96.552489	 96.549633	 96.546906	 96.544301	 96.541815	 96.539442	  96.53718	 96.535023	 96.532967	 96.531009	 96.529144	 96.527369	  96.52568	 96.524073	 96.522546	 96.521094	 96.519715	 96.518405	 96.517162	 96.515982	 96.514863	 96.513803	 96.512797	 96.511844	 96.510942	 96.510088	  96.50928	 96.508516	 96.507793	  96.50711	 96.506465	 96.505855	  96.50528	 96.504737	 96.504225	 96.503742	 96.503287	 96.502858	 96.502454	 96.502074	 96.501717	  96.50138	 96.501064	 96.500767	 96.500487	 96.500225	 96.499979	 96.499748	 96.499532	 96.499329	 96.499139	 96.498961	 96.498794	 96.498639	 96.498493	 96.498357	  96.49823	 96.498111	 96.498001	 96.497898	 96.497802	 96.497713	  96.49763	 96.497553	 96.497482	 96.497415	 96.497354	 96.497298	 96.497246	 96.497199	 96.497155	 96.497115	 96.497079	 96.497046	 96.497016	  96.49699	 96.496967	 96.496946	 96.496928	 96.496913	 96.496901	 96.496891	 96.496884	 96.496879	 96.496876	
        99	 98.940506	 98.881036	 98.821613	  98.76226	    98.703	 98.643858	 98.584855	 98.526015	  98.46736	 98.408914	 98.350697	 98.292733	 98.235043	 98.177647	 98.120568	 98.063826	 98.007441	 97.951433	 97.895821	 97.840625	 97.785862	 97.731552	 97.677711	 97.624356	 97.571504	 97.519171	 97.467372	 97.416122	 97.365436	 97.315326	 97.265805	 97.216887	 97.168582	 97.120903	 97.073859	  97.02746	 96.981715	 96.936634	 96.892223	 96.848491	 96.805443	 96.763086	 96.721426	 96.680466	 96.640211	 96.600665	  96.56183	 96.523709	 96.486303	 96.449613	  96.41364	 96.378383	 96.343843	 96.310017	 96.276904	 96.244503	 96.212809	  96.18182	 96.151533	 96.121942	 96.093044	 96.064832	 96.037303	 96.010449	 95.984265	 95.958744	 95.933879	 95.909663	 95.886088	 95.863146	 95.840829	 95.819128	 95.798035	 95.777541	 95.757637	 95.738313	  95.71956	 95.701368	 95.683727	 95.666628	  95.65006	 95.634013	 95.618477	 95.603441	 95.588896	  95.57483	 95.561233	 95.548096	 95.535406	 95.523154	  95.51133	 95.499923	 95.488922	 95.478318	 95.468099	 95.458257	  95.44878	 95.439659	 95.430884	 95.422445	 95.414333	 95.406537	 95.399049	 95.391859	 95.384958	 95.378337	 95.371987	   95.3659	 95.360067	 95.354479	 95.349128	 95.344006	 95.339106	  95.33442	  95.32994	 95.325658	 95.321568	 95.317662	 95.313934	 95.310377	 95.306984	  95.30375	 95.300667	 95.297731	 95.294934	 95.292272	 95.289739	  95.28733	  95.28504	 95.282863	 95.280795	 95.278831	 95.276967	 95.275198	  95.27352	  95.27193	 95.270422	 95.268993	 95.267641	  95.26636	 95.265148	 95.264002	 95.262918	 95.261894	 95.260926	 95.260012	  95.25915	 95.258336	 95.257568	 95.256844	 95.256161	 95.255518	 95.254913	 95.254343	 95.253806	 95.253302	 95.252828	 95.252382	 95.251963	  95.25157	 95.251201	 95.250855	 95.250531	 95.250226	 95.249941	 95.249675	 95.249425	 95.249191	 95.248973	 95.248769	 95.248578	   95.2484	 95.248235	  95.24808	 95.247936	 95.247803	 95.247678	 95.247563	 95.247456	 95.247357	 95.247266	 95.247181	 95.247103	 95.247032	 95.246966	 95.246907	 95.246852	 95.246803	 95.246759	 95.246719	 95.246684	 95.246653	 95.246627	 95.246604	 95.246585	 95.246571	  95.24656	 95.246552	 95.246549	
        99	 98.920712	 98.841454	  98.76226	 98.683159	 98.604183	 98.525362	 98.446728	 98.368311	 98.290141	 98.212248	 98.134661	 98.057411	 97.980526	 97.904034	 97.827964	 97.752342	 97.677197	 97.602554	 97.528439	 97.454877	 97.381894	 97.309514	 97.237758	 97.166652	 97.096215	  97.02647	 96.957436	 96.889135	 96.821583	 96.754801	 96.688804	  96.62361	 96.559233	  96.49569	 96.432993	 96.371156	 96.310191	  96.25011	 96.190924	  96.13264	  96.07527	  96.01882	 95.963299	 95.908711	 95.855062	 95.802358	 95.750602	 95.699797	 95.649945	 95.601048	 95.553106	 95.506119	 95.460086	 95.415006	 95.370876	 95.327694	 95.285455	 95.244156	 95.203791	 95.164354	 95.125841	 95.088243	 95.051554	 95.015766	  94.98087	 94.946858	  94.91372	 94.881446	 94.850027	 94.819451	 94.789709	 94.760788	 94.732677	 94.705365	 94.678838	 94.653084	 94.628092	 94.603847	 94.580337	 94.557548	 94.535468	 94.514082	 94.493376	 94.473338	 94.453953	 94.435207	 94.417087	 94.399578	 94.382666	 94.366338	  94.35058	 94.335377	 94.320716	 94.306583	 94.292965	 94.279848	 94.267218	 94.255062	 94.243368	 94.232121	 94.221309	  94.21092	 94.200941	 94.191358	 94.182161	 94.173337	 94.164875	 94.156762	 94.148988	 94.141541	  94.13441	 94.127584	 94.121054	 94.114808	 94.108837	 94.103131	  94.09768	 94.092474	 94.087506	 94.082765	 94.078244	 94.073933	 94.069825	 94.065911	 94.062184	 94.058637	 94.055261	 94.052051	 94.048998	 94.046097	 94.043341	 94.040724	  94.03824	 94.035882	 94.033646	 94.031526	 94.029516	 94.027613	  94.02581	 94.024103	 94.022488	 94.020961	 94.019516	 94.018151	 94.016862	 94.015644	 94.014494	 94.013409	 94.012385	  94.01142	 94.010511	 94.009654	 94.008847	 94.008088	 94.007373	 94.006701	 94.006069	 94.005475	 94.004917	 94.004393	 94.003901	  94.00344	 94.003007	 94.002602	 94.002222	 94.001866	 94.001533	 94.001222	 94.000931	 94.000659	 94.000405	 94.000168	 93.999947	 93.999741	  93.99955	 93.999371	 93.999206	 93.999052	  93.99891	 93.998778	 93.998656	 93.998543	 93.998439	 93.998344	 93.998257	 93.998177	 93.998105	 93.998039	  93.99798	 93.997927	 93.997881	  93.99784	 93.997804	 93.997774	 93.997749	 93.997729	 93.997715	 93.997705	   93.9977	
        99	 98.900948	 98.801935	    98.703	 98.604183	 98.505521	 98.407053	 98.308819	 98.210855	   98.1132	 98.015892	 97.918966	 97.822461	 97.726411	 97.630853	 97.535821	  97.44135	 97.347473	 97.254224	 97.161636	 97.069738	 96.978563	 96.888141	   96.7985	 96.709669	 96.621675	 96.534545	 96.448305	 96.362978	 96.278589	  96.19516	 96.112713	 96.031268	 95.950845	 95.871462	 95.793138	 95.715887	 95.639727	  95.56467	  95.49073	 95.417919	 95.346249	 95.275728	 95.206367	 95.138173	 95.071152	 95.005311	 94.940654	 94.877185	 94.814907	 94.753821	 94.693929	  94.63523	 94.577723	 94.521406	 94.466277	  94.41233	 94.359563	  94.30797	 94.257543	 94.208277	 94.160164	 94.113194	  94.06736	 94.022651	 93.979057	 93.936567	 93.895169	 93.854851	   93.8156	 93.777403	 93.740247	 93.704118	    93.669	 93.634879	  93.60174	 93.569567	 93.538345	 93.508057	 93.478687	 93.450218	 93.422633	 93.395917	  93.37005	 93.345017	   93.3208	 93.297382	 93.274745	 93.252872	 93.231745	 93.211347	  93.19166	 93.172668	 93.154353	 93.136697	 93.119684	 93.103297	  93.08752	 93.072334	 93.057724	 93.043674	 93.030168	 93.017189	 93.004722	 92.992751	 92.981261	 92.970238	 92.959666	 92.949531	 92.939819	 92.930515	 92.921607	  92.91308	 92.904922	  92.89712	  92.88966	 92.882531	 92.875722	 92.869219	 92.863012	  92.85709	 92.851441	 92.846056	 92.840924	 92.836035	 92.831379	 92.826947	  92.82273	  92.81872	 92.814906	 92.811282	 92.807839	 92.804569	 92.801466	  92.79852	 92.795727	 92.793078	 92.790568	  92.78819	 92.785938	 92.783806	 92.781788	  92.77988	 92.778075	  92.77637	 92.774759	 92.773237	 92.771801	 92.770445	 92.769167	 92.767961	 92.766825	 92.765755	 92.764747	 92.763798	 92.762905	 92.762065	 92.761276	 92.760534	 92.759837	 92.759182	 92.758568	 92.757991	 92.757451	 92.756945	  92.75647	 92.756026	  92.75561	 92.755221	 92.754857	 92.754518	   92.7542	 92.753904	 92.753628	 92.753371	 92.753132	 92.752909	 92.752702	  92.75251	 92.752332	 92.752167	 92.752015	 92.751874	 92.751745	 92.751626	 92.751517	 92.751417	 92.751327	 92.751245	 92.751171	 92.751105	 92.751047	 92.750995	 92.750951	 92.750914	 92.750882	 92.750858	 92.750839	 92.750827	 92.750821	
        99	 98.881223	 98.762494	 98.643858	 98.525362	 98.407053	 98.288978	 98.171181	  98.05371	 97.936609	 97.819923	 97.703696	 97.587973	 97.472796	 97.358209	 97.244253	  97.13097	   97.0184	 96.906582	 96.795556	 96.685358	 96.576028	 96.467599	 96.360108	 96.253587	 96.148071	 96.043591	 95.940177	 95.837858	 95.736664	 95.636622	 95.537757	 95.440094	 95.343656	 95.248466	 95.154544	  95.06191	 94.970584	  94.88058	 94.791917	 94.704607	 94.618664	 94.534101	 94.450927	 94.369153	 94.288786	 94.209834	 94.132302	 94.056194	 93.981514	 93.908265	 93.836446	 93.766058	 93.697099	 93.629568	  93.56346	 93.498771	 93.435497	 93.373629	 93.313161	 93.254084	  93.19639	 93.140067	 93.085106	 93.031494	 92.979219	 92.928267	 92.878625	 92.830279	 92.783212	 92.737409	 92.692854	  92.64953	 92.607419	 92.566503	 92.526765	 92.488186	 92.450746	 92.414427	 92.379208	  92.34507	 92.311993	 92.279956	 92.248938	  92.21892	 92.189881	 92.161799	 92.134654	 92.108425	 92.083091	 92.058631	 92.035025	  92.01225	 91.990288	 91.969117	 91.948716	 91.929066	 91.910146	 91.891937	 91.874418	  91.85757	 91.841374	  91.82581	  91.81086	 91.796506	 91.782729	  91.76951	 91.756833	  91.74468	 91.733034	 91.721877	 91.711195	  91.70097	 91.691188	 91.681831	 91.672886	 91.664338	 91.656172	 91.648375	 91.640932	  91.63383	 91.627057	 91.620599	 91.614445	 91.608582	    91.603	 91.597685	 91.592629	 91.587819	 91.583246	 91.578901	 91.574772	 91.570851	 91.567129	 91.563598	 91.560248	 91.557072	 91.554062	  91.55121	 91.548509	 91.545953	 91.543533	 91.541245	 91.539081	 91.537036	 91.535104	  91.53328	 91.531557	 91.529932	 91.528399	 91.526953	 91.525591	 91.524307	 91.523099	 91.521961	  91.52089	 91.519883	 91.518936	 91.518046	 91.517211	 91.516426	 91.515689	 91.514998	  91.51435	 91.513743	 91.513174	 91.512641	 91.512142	 91.511676	  91.51124	 91.510833	 91.510452	 91.510097	 91.509766	 91.509458	 91.509171	 91.508904	 91.508656	 91.508425	 91.508212	 91.508014	 91.507831	 91.507663	 91.507507	 91.507365	 91.507234	 91.507115	 91.507006	 91.506908	  91.50682	 91.506741	  91.50667	 91.506609	 91.506556	 91.506511	 91.506473	 91.506444	 91.506422	 91.506407	   91.5064	
        99	 98.861546	 98.723146	 98.584855	 98.446728	 98.308819	 98.171181	 98.033869	 97.896936	 97.760435	 97.624417	 97.488935	  97.35404	 97.219782	 97.086211	 96.953376	 96.821325	 96.690104	 96.559762	 96.430341	 96.301888	 96.174444	 96.048051	 95.922752	 95.798584	 95.675587	 95.553797	  95.43325	 95.313981	 95.196022	 95.079405	 94.964161	 94.850317	 94.737902	 94.626942	  94.51746	  94.40948	 94.303023	 94.198109	 94.094756	 93.992981	   93.8928	 93.794227	 93.697274	 93.601952	 93.508271	 93.416238	 93.325861	 93.237145	 93.150093	 93.064707	  92.98099	 92.898941	 92.818558	 92.739839	 92.662779	 92.587373	 92.513615	 92.441498	 92.371012	 92.302148	 92.234895	 92.169242	 92.105175	 92.042681	 91.981745	 91.922352	 91.864486	  91.80813	 91.753265	 91.699874	 91.647937	 91.597436	 91.548348	 91.500654	 91.454333	 91.409362	 91.365719	 91.323383	 91.282329	 91.242535	 91.203978	 91.166633	 91.130478	 91.095487	 91.061636	 91.028902	  90.99726	 90.966686	 90.937154	 90.908642	 90.881125	 90.854577	 90.828976	 90.804297	 90.780517	 90.757612	 90.735557	 90.714331	  90.69391	 90.674271	 90.655391	 90.637249	 90.619823	  90.60309	  90.58703	 90.571622	 90.556844	 90.542678	 90.529102	 90.516098	 90.503645	 90.491727	 90.480323	 90.469417	  90.45899	 90.449026	 90.439507	 90.430418	 90.421742	 90.413463	 90.405568	 90.398041	 90.390867	 90.384033	 90.377525	  90.37133	 90.365436	  90.35983	 90.354499	 90.349433	 90.344621	  90.34005	 90.335712	 90.331595	 90.327691	 90.323988	  90.32048	 90.317155	 90.314007	 90.311027	 90.308207	  90.30554	 90.303017	 90.300634	 90.298382	 90.296255	 90.294247	 90.292352	 90.290565	  90.28888	 90.287292	 90.285796	 90.284387	  90.28306	 90.281812	 90.280638	 90.279535	 90.278498	 90.277523	 90.276608	  90.27575	 90.274944	 90.274189	 90.273481	 90.272817	 90.272196	 90.271615	 90.271072	 90.270563	 90.270088	 90.269645	 90.269231	 90.268846	 90.268486	 90.268151	  90.26784	 90.267551	 90.267282	 90.267034	 90.266803	  90.26659	 90.266394	 90.266213	 90.266046	 90.265894	 90.265755	 90.265628	 90.265514	 90.265411	 90.265319	 90.265237	 90.265165	 90.265103	 90.265051	 90.265007	 90.264973	 90.264947	  90.26493	 90.264922	
        99	 98.841922	 98.683906	 98.526015	 98.368311	 98.210855	  98.05371	 97.896936	 97.740595	 97.584747	 97.429451	 97.274766	 97.120752	 96.967465	 96.814963	   96.6633	 96.512533	 96.362715	 96.213898	 96.066134	 95.919474	 95.773967	 95.629661	 95.486602	 95.344836	 95.204406	 95.065354	 94.927722	 94.791548	  94.65687	 94.523725	 94.392147	 94.262168	  94.13382	 94.007133	 93.882134	 93.758849	 93.637303	 93.517519	 93.399518	 93.283318	 93.168939	 93.056394	   92.9457	 92.836868	 92.729909	 92.624832	 92.521645	 92.420355	 92.320964	 92.223477	 92.127895	 92.034216	  91.94244	 91.852563	 91.764582	 91.678488	 91.594277	 91.511938	 91.431462	 91.352837	 91.276053	 91.201094	 91.127946	 91.056595	 90.987023	 90.919212	 90.853144	   90.7888	  90.72616	 90.665201	 90.605903	 90.548244	 90.492199	 90.437745	 90.384858	 90.333513	 90.283685	 90.235348	 90.188476	 90.143042	  90.09902	 90.056382	 90.015102	 89.975152	 89.936503	  89.89913	 89.863003	 89.828095	 89.794378	 89.761825	 89.730407	 89.700097	 89.670868	 89.642691	  89.61554	 89.589388	 89.564208	 89.539973	 89.516658	 89.494235	  89.47268	 89.451966	  89.43207	 89.412966	  89.39463	 89.377037	 89.360166	 89.343991	 89.328491	 89.313644	 89.299427	 89.285819	 89.272799	 89.260347	 89.248442	 89.237065	 89.226198	  89.21582	 89.205914	 89.196463	 89.187448	 89.178854	 89.170664	 89.162861	 89.155431	 89.148358	 89.141628	 89.135227	 89.129142	 89.123358	 89.117863	 89.112645	 89.107692	 89.102991	 89.098533	 89.094306	   89.0903	 89.086505	  89.08291	 89.079508	 89.076288	 89.073243	 89.070363	 89.067641	  89.06507	 89.062642	 89.060349	 89.058186	 89.056146	 89.054222	 89.052409	   89.0507	 89.049092	 89.047577	 89.046152	 89.044812	 89.043552	 89.042368	 89.041255	 89.040211	  89.03923	 89.038311	 89.037448	  89.03664	 89.035883	 89.035174	  89.03451	 89.033889	 89.033309	 89.032767	 89.032261	 89.031788	 89.031348	 89.030937	 89.030555	   89.0302	  89.02987	 89.029563	 89.029279	 89.029016	 89.028773	 89.028548	 89.028342	 89.028152	 89.027978	 89.027819	 89.027675	 89.027544	 89.027426	 89.027321	 89.027228	 89.027146	 89.027075	 89.027015	 89.026965	 89.026926	 89.026897	 89.026877	 89.026868	
        99	  98.82236	  98.64479	  98.46736	 98.290141	   98.1132	 97.936609	 97.760435	 97.584747	 97.409612	 97.235099	 97.061273	 96.888199	 96.715944	 96.544569	 96.374139	 96.204715	 96.036357	 95.869124	 95.703075	 95.538267	 95.374753	  95.21259	 95.051828	 94.892518	  94.73471	 94.578451	 94.423787	 94.270762	 94.119418	 93.969796	 93.821936	 93.675872	 93.531642	 93.389277	  93.24881	 93.110269	 92.973682	 92.839075	 92.706471	 92.575892	 92.447358	 92.320887	 92.196494	 92.074194	 91.953999	  91.83592	 91.719964	 91.606139	 91.494449	 91.384898	 91.277488	 91.172217	 91.069084	 90.968085	 90.869215	 90.772468	 90.677836	 90.585307	 90.494873	 90.406519	 90.320232	 90.235997	 90.153798	 90.073617	 89.995435	 89.919233	  89.84499	 89.772683	 89.702291	 89.633789	 89.567153	 89.502358	 89.439378	 89.378186	 89.318755	 89.261056	 89.205062	 89.150743	 89.098071	 89.047014	 88.997545	 88.949631	 88.903242	 88.858348	 88.814917	 88.772918	 88.732321	 88.693093	 88.655204	 88.618622	 88.583317	 88.549256	 88.516409	 88.484746	 88.454236	 88.424847	 88.396551	 88.369317	 88.343116	 88.317919	 88.293696	  88.27042	 88.248061	 88.226593	 88.205987	 88.186218	 88.167259	 88.149083	 88.131665	  88.11498	 88.099003	 88.083712	 88.069081	 88.055087	  88.04171	 88.028925	 88.016712	 88.005051	 87.993919	 87.983298	 87.973168	  87.96351	 87.954306	 87.945538	 87.937188	  87.92924	 87.921678	 87.914485	 87.907646	 87.901146	 87.894972	 87.889108	 87.883541	  87.87826	  87.87325	   87.8685	 87.863998	 87.859733	 87.855694	  87.85187	 87.848252	  87.84483	 87.841594	 87.838535	 87.835646	 87.832917	 87.830341	  87.82791	 87.825617	 87.823455	 87.821418	 87.819498	  87.81769	 87.815988	 87.814387	 87.812881	 87.811465	 87.810134	 87.808884	  87.80771	 87.806608	 87.805575	 87.804606	 87.803697	 87.802846	  87.80205	 87.801304	 87.800606	 87.799954	 87.799345	 87.798776	 87.798245	  87.79775	 87.797289	  87.79686	  87.79646	 87.796089	 87.795745	 87.795425	  87.79513	 87.794857	 87.794604	 87.794372	 87.794159	 87.793963	 87.793785	 87.793623	 87.793476	 87.793343	 87.793225	  87.79312	 87.793028	 87.792949	 87.792881	 87.792826	 87.792782	 87.792749	 87.792727	 87.792716	
        99	 98.802868	 98.605813	 98.408914	 98.212248	 98.015892	 97.819923	 97.624417	 97.429451	 97.235099	 97.041436	 96.848536	 96.656471	 96.465314	 96.275135	 96.086003	 95.897988	 95.711156	 95.525573	 95.341303	  95.15841	 94.976955	 94.796997	 94.618594	 94.441803	 94.266679	 94.093274	 93.921638	 93.751822	 93.583871	 93.417832	 93.253746	 93.091655	 92.931598	 92.773612	 92.617731	 92.463988	 92.312414	 92.163036	 92.015882	 91.870974	 91.728336	 91.587987	 91.449945	 91.314225	 91.180841	 91.049804	 90.921125	  90.79481	 90.670864	 90.549292	 90.430095	 90.313273	 90.198823	 90.086742	 89.977023	  89.86966	 89.764644	 89.661962	 89.561604	 89.463555	   89.3678	 89.274322	 89.183103	 89.094124	 89.007364	   88.9228	  88.84041	 88.760169	 88.682052	 88.606034	 88.532086	 88.460181	  88.39029	 88.322383	  88.25643	   88.1924	 88.130262	 88.069983	 88.011531	 87.954872	 87.899974	 87.846802	 87.795323	 87.745503	 87.697307	   87.6507	 87.605647	 87.562115	 87.520069	 87.479473	 87.440293	 87.402495	 87.366044	 87.330906	 87.297047	 87.264434	 87.233033	 87.202811	 87.173735	 87.145773	 87.118892	 87.093061	  87.06825	 87.044426	 87.021559	 86.999621	 86.978581	  86.95841	 86.939081	 86.920565	 86.902836	 86.885866	 86.869629	 86.854101	 86.839255	 86.825068	 86.811515	 86.798574	 86.786221	 86.774434	 86.763193	 86.752475	 86.742261	 86.732531	 86.723265	 86.714445	 86.706052	  86.69807	 86.690481	 86.683268	 86.676415	 86.669908	 86.663731	  86.65787	  86.65231	 86.647039	 86.642043	  86.63731	 86.632828	 86.628584	 86.624569	 86.620771	  86.61718	 86.613786	  86.61058	 86.607552	 86.604693	 86.601995	 86.599451	 86.597052	  86.59479	  86.59266	 86.590654	 86.588765	 86.586988	 86.585317	 86.583745	 86.582269	 86.580881	 86.579579	 86.578356	 86.577209	 86.576134	 86.575126	 86.574181	 86.573297	  86.57247	 86.571696	 86.570972	 86.570296	 86.569664	 86.569075	 86.568526	 86.568014	 86.567538	 86.567095	 86.566683	 86.566301	 86.565946	 86.565618	 86.565315	 86.565035	 86.564777	 86.564541	 86.564324	 86.564126	 86.563946	 86.563782	 86.563636	 86.563504	 86.563388	 86.563286	 86.563198	 86.563123	 86.563061	 86.563012	 86.562976	 86.562951	 86.562939	
        99	 98.783452	 98.566989	 98.350697	 98.134661	 97.918966	 97.703696	 97.488935	 97.274766	 97.061273	 96.848536	 96.636637	 96.425656	 96.215671	 96.006761	 95.799002	 95.592469	 95.387236	 95.183374	 94.980956	  94.78005	 94.580723	  94.38304	 94.187067	 93.992864	 93.800491	 93.610007	 93.421467	 93.234926	 93.050434	 92.868041	 92.687794	 92.509739	 92.333918	 92.160371	 91.989137	 91.820252	 91.653749	 91.489659	 91.328012	 91.168832	 91.012146	 90.857974	 90.706335	 90.557248	 90.410727	 90.266785	 90.125432	 89.986676	 89.850523	 89.716977	  89.58604	 89.457712	  89.33199	  89.20887	 89.088345	 88.970408	 88.855048	 88.742253	 88.632011	 88.524305	 88.419119	 88.316435	 88.216231	 88.118489	 88.023183	  87.93029	 87.839785	 87.751642	 87.665832	 87.582326	 87.501095	 87.422108	 87.345333	 87.270738	  87.19829	 87.127954	 87.059695	 86.993479	  86.92927	 86.867031	 86.806726	 86.748317	 86.691768	 86.637041	 86.584098	   86.5329	 86.483411	 86.435591	 86.389403	 86.344809	  86.30177	  86.26025	 86.220209	  86.18161	 86.144417	 86.108592	 86.074098	 86.040899	 86.008959	 85.978243	 85.948715	  85.92034	 85.893084	 85.866914	 85.841795	 85.817696	 85.794584	 85.772427	 85.751194	 85.730854	 85.711379	 85.692738	 85.674902	 85.657844	 85.641536	 85.625951	 85.611064	 85.596848	 85.583278	 85.570331	 85.557982	 85.546209	 85.534989	   85.5243	 85.514122	 85.504433	 85.495214	 85.486445	 85.478109	 85.470185	 85.462658	  85.45551	 85.448725	 85.442286	 85.436179	 85.430388	   85.4249	 85.419701	 85.414777	 85.410116	 85.405706	 85.401534	 85.397589	 85.393861	 85.390338	 85.387012	 85.383872	 85.380908	 85.378113	 85.375478	 85.372994	 85.370654	  85.36845	 85.366375	 85.364423	 85.362587	 85.360861	 85.359239	 85.357715	 85.356284	 85.354941	 85.353681	   85.3525	 85.351392	 85.350355	 85.349384	 85.348475	 85.347624	  85.34683	 85.346087	 85.345393	 85.344746	 85.344143	 85.343581	 85.343057	  85.34257	 85.342118	 85.341698	 85.341309	 85.340948	 85.340615	 85.340308	 85.340025	 85.339765	 85.339527	 85.339309	 85.339111	 85.338932	 85.338771	 85.338627	 85.338499	 85.338387	  85.33829	 85.338208	  85.33814	 85.338086	 85.338046	 85.338019	 85.338006	
        99	  98.76412	 98.528334	 98.292733	 98.057411	 97.822461	 97.587973	  97.35404	 97.120752	 96.888199	 96.656471	 96.425656	  96.19584	  95.96711	  95.73955	 95.513244	 95.288273	 95.064718	 94.842658	  94.62217	 94.403328	 94.186207	 93.970877	 93.757409	 93.545869	 93.336323	 93.128834	 92.923463	 92.720268	 92.519306	 92.320631	 92.124293	 91.930343	 91.738826	 91.549787	 91.363267	 91.179305	 90.997938	 90.819199	 90.643121	 90.469731	 90.299057	 90.131122	 89.965947	  89.80355	 89.643949	 89.487157	 89.333185	 89.182042	 89.033734	 88.888267	 88.745641	 88.605857	 88.468911	   88.3348	 88.203516	  88.07505	 87.949392	 87.826528	 87.706444	 87.589123	 87.474547	 87.362696	 87.253547	 87.147079	 87.043265	  86.94208	 86.843495	 86.747483	 86.654012	 86.563052	 86.474569	 86.388531	 86.304903	 86.223648	 86.144732	 86.068117	 85.993765	 85.921638	 85.851696	 85.783901	 85.718213	  85.65459	 85.592993	  85.53338	  85.47571	 85.419942	 85.366035	 85.313946	 85.263635	  85.21506	 85.168179	 85.122952	 85.079336	 85.037292	 84.996778	 84.957755	 84.920182	 84.884019	 84.849228	  84.81577	 84.783606	 84.752698	 84.723009	 84.694502	 84.667141	 84.640891	 84.615715	  84.59158	 84.568452	 84.546297	 84.525082	 84.504777	 84.485349	 84.466768	 84.449005	 84.432029	 84.415812	 84.400327	 84.385546	 84.371443	 84.357992	 84.345167	 84.332946	 84.321303	 84.310216	 84.299662	  84.28962	 84.280069	 84.270988	 84.262357	 84.254158	 84.246372	 84.238981	 84.231967	 84.225315	 84.219008	  84.21303	 84.207366	 84.202003	 84.196926	 84.192121	 84.187577	  84.18328	 84.179219	 84.175382	 84.171759	 84.168338	  84.16511	 84.162066	 84.159195	 84.156489	  84.15394	  84.15154	  84.14928	 84.147154	 84.145154	 84.143273	 84.141506	 84.139846	 84.138288	 84.136825	 84.135453	 84.134166	 84.132959	 84.131829	 84.130771	 84.129781	 84.128855	 84.127989	  84.12718	 84.126425	  84.12572	 84.125063	  84.12445	  84.12388	  84.12335	 84.122857	   84.1224	 84.121976	 84.121583	  84.12122	 84.120885	 84.120577	 84.120294	 84.120034	 84.119797	 84.119582	 84.119387	 84.119211	 84.119054	 84.118915	 84.118792	 84.118687	 84.118597	 84.118523	 84.118465	 84.118421	 84.118392	 84.118377	
        99	  98.74488	 98.489861	 98.235043	 97.980526	 97.726411	 97.472796	 97.219782	 96.967465	 96.715944	 96.465314	 96.215671	  95.96711	 95.719722	 95.473601	 95.228835	 94.985514	 94.743725	 94.503551	 94.265078	 94.028386	 93.793554	 93.560661	  93.32978	 93.100985	 92.874347	 92.649934	 92.427811	 92.208042	 91.990688	 91.775807	 91.563454	 91.353684	 91.146545	 90.942086	 90.740352	 90.541385	 90.345224	 90.151906	 89.961466	 89.773933	 89.589337	 89.407704	 89.229055	 89.053413	 88.880793	 88.711212	  88.54468	 88.381209	 88.220804	 88.063471	 87.909212	 87.758026	  87.60991	 87.464859	 87.322866	 87.183922	 87.048014	 86.915128	 86.785249	 86.658359	 86.534437	 86.413462	 86.295411	 86.180258	 86.067976	 85.958537	 85.851911	 85.748068	 85.646973	 85.548593	 85.452893	 85.359837	 85.269387	 85.181505	 85.096152	 85.013287	  84.93287	  84.85486	 84.779213	 84.705888	 84.634842	 84.566029	 84.499408	 84.434932	 84.372559	 84.312242	 84.253937	   84.1976	 84.143185	 84.090648	 84.039943	 83.991026	 83.943853	 83.898379	 83.854561	 83.812355	 83.771717	 83.732605	 83.694976	 83.658788	    83.624	 83.590572	 83.558461	 83.527629	 83.498036	 83.469645	 83.442415	 83.416312	 83.391297	 83.367335	  83.34439	 83.322428	 83.301416	 83.281319	 83.262107	 83.243746	 83.226207	 83.209458	 83.193472	 83.178218	  83.16367	   83.1498	 83.136581	 83.123989	 83.111997	 83.100583	 83.089721	 83.079391	 83.069569	 83.060235	 83.051367	 83.042945	 83.034951	 83.027366	 83.020171	 83.013349	 83.006884	 83.000758	 82.994957	 82.989466	  82.98427	 82.979355	 82.974707	 82.970315	 82.966165	 82.962246	 82.958547	 82.955056	 82.951763	 82.948658	 82.945731	 82.942974	 82.940378	 82.937934	 82.935634	 82.933471	 82.931438	 82.929526	 82.927731	 82.926045	 82.924463	 82.922979	 82.921587	 82.920282	  82.91906	 82.917916	 82.916845	 82.915843	 82.914907	 82.914032	 82.913215	 82.912452	 82.911741	 82.911079	 82.910462	 82.909889	 82.909356	 82.908861	 82.908402	 82.907978	 82.907585	 82.907223	  82.90689	 82.906583	 82.906303	 82.906046	 82.905813	 82.905602	 82.905412	 82.905242	 82.905092	  82.90496	 82.904846	 82.904749	 82.904669	 82.904605	 82.904558	 82.904527	 82.904511	
        99	 98.725738	 98.451585	 98.177647	 97.904034	 97.630853	 97.358209	 97.086211	 96.814963	 96.544569	 96.275135	 96.006761	  95.73955	 95.473601	 95.209013	 94.945882	 94.684305	 94.424373	  94.16618	 93.909814	 93.655362	 93.402911	 93.152543	  92.90434	 92.658378	 92.414735	 92.173484	 91.934695	 91.698437	 91.464774	 91.233771	 91.005485	 90.779975	 90.557295	 90.337496	 90.120625	 89.906729	  89.69585	 89.488028	 89.283298	 89.081695	 88.883249	 88.687987	 88.495935	 88.307113	 88.121542	 87.939237	  87.76021	 87.584474	 87.412034	 87.242896	 87.077062	 86.914532	 86.755303	  86.59937	 86.446723	 86.297353	 86.151248	 86.008392	 85.868768	 85.732357	 85.599137	 85.469085	 85.342176	 85.218383	 85.097677	 84.980027	 84.865401	 84.753766	 84.645086	 84.539324	 84.436444	 84.336406	 84.239169	 84.144694	 84.052936	 83.963854	 83.877404	  83.79354	 83.712218	 83.633391	 83.557014	 83.483039	 83.411418	 83.342105	 83.275052	 83.210209	  83.14753	 83.086966	 83.028468	 82.971989	 82.917479	 82.864893	  82.81418	 82.765294	 82.718188	 82.672815	 82.629128	 82.587082	 82.546629	 82.507727	 82.470329	 82.434391	 82.399872	 82.366726	 82.334913	 82.304391	 82.275119	 82.247057	 82.220165	 82.194405	 82.169739	 82.146129	  82.12354	 82.101936	 82.081282	 82.061543	 82.042688	 82.024683	 82.007497	 81.991099	 81.975459	 81.960548	 81.946338	   81.9328	 81.919909	 81.907638	 81.895962	 81.884857	 81.874298	 81.864263	  81.85473	 81.845677	 81.837083	 81.828928	 81.821193	  81.81386	 81.806909	 81.800324	 81.794088	 81.788185	 81.782598	 81.777315	 81.772319	 81.767597	 81.763135	 81.758922	 81.754945	 81.751192	 81.747652	 81.744314	 81.741168	 81.738205	 81.735413	 81.732786	 81.730314	 81.727988	 81.725802	 81.723748	 81.721817	 81.720005	 81.718304	 81.716709	 81.715212	  81.71381	 81.712496	 81.711266	 81.710115	 81.709038	 81.708031	  81.70709	 81.706212	 81.705392	 81.704628	 81.703916	 81.703253	 81.702637	 81.702064	 81.701532	 81.701039	 81.700582	  81.70016	 81.699771	 81.699413	 81.699083	 81.698781	 81.698506	 81.698255	 81.698028	 81.697824	 81.697642	  81.69748	 81.697338	 81.697215	 81.697111	 81.697025	 81.696957	 81.696906	 81.696872	 81.696855	
        99	 98.706702	 98.413519	 98.120568	 97.827964	 97.535821	 97.244253	 96.953376	   96.6633	 96.374139	 96.086003	 95.799002	 95.513244	 95.228835	 94.945882	 94.664488	 94.384754	 94.106781	 93.830667	 93.556506	 93.284394	  93.01442	 92.746674	 92.481243	  92.21821	 91.957655	 91.699659	 91.444296	 91.191639	 90.941758	 90.694721	  90.45059	 90.209428	 89.971291	 89.736235	 89.504312	  89.27557	 89.050054	 88.827807	 88.608867	  88.39327	  88.18105	 87.972235	 87.766853	 87.564926	 87.366474	 87.171515	 86.980062	 86.792128	 86.607719	 86.426841	 86.249497	 86.075686	 85.905405	 85.738648	 85.575406	 85.415669	 85.259423	 85.106651	 84.957336	 84.811456	  84.66899	 84.529911	 84.394194	 84.261808	 84.132724	 84.006908	 83.884326	 83.764942	 83.648718	 83.535616	 83.425595	 83.318613	 83.214628	 83.113594	 83.015468	 82.920203	 82.827752	 82.738067	 82.651101	 82.566803	 82.485124	 82.406014	 82.329423	 82.255299	 82.183591	 82.114248	 82.047218	  81.98245	 81.919892	 81.859492	   81.8012	 81.744963	  81.69073	 81.638452	 81.588076	 81.539554	 81.492834	 81.447869	 81.404609	 81.363006	 81.323012	 81.284581	 81.247665	 81.212219	 81.178198	 81.145557	 81.114253	 81.084243	 81.055485	 81.027937	 81.001559	 80.976311	 80.952154	  80.92905	 80.906962	 80.885854	  80.86569	 80.846435	 80.828056	  80.81052	 80.793794	 80.777848	 80.762652	 80.748175	 80.734389	 80.721266	  80.70878	 80.696903	 80.685612	  80.67488	 80.664685	 80.655004	 80.645813	 80.637093	 80.628821	 80.620978	 80.613545	 80.606503	 80.599834	 80.593521	 80.587547	 80.581897	 80.576554	 80.571504	 80.566733	 80.562228	 80.557975	 80.553961	 80.550175	 80.546606	 80.543242	 80.540072	 80.537087	 80.534277	 80.531634	 80.529147	 80.526809	 80.524612	 80.522548	 80.520609	 80.518791	 80.517084	 80.515484	 80.513984	 80.512579	 80.511264	 80.510032	 80.508881	 80.507804	 80.506798	 80.505859	 80.504982	 80.504165	 80.503404	 80.502695	 80.502035	 80.501423	 80.500854	 80.500327	 80.499838	 80.499387	 80.498971	 80.498587	 80.498235	 80.497913	 80.497618	  80.49735	 80.497107	 80.496889	 80.496694	  80.49652	 80.496369	 80.496237	 80.496126	 80.496034	 80.495961	 80.495907	 80.495871	 80.495853	
        99	 98.687778	 98.375679	 98.063826	 97.752342	  97.44135	  97.13097	 96.821325	 96.512533	 96.204715	 95.897988	 95.592469	 95.288273	 94.985514	 94.684305	 94.384754	 94.086972	 93.791064	 93.497134	 93.205284	 92.915614	 92.628222	 92.343201	 92.060643	 91.780638	 91.503273	  91.22863	 90.956791	 90.687832	 90.421829	 90.158852	 89.898969	 89.642247	 89.388746	 89.138524	 88.891636	 88.648135	 88.408069	 88.171482	 87.938416	 87.708909	 87.482995	 87.260708	 87.042074	 86.827118	 86.615862	 86.408323	 86.204518	 86.004458	 85.808151	 85.615603	 85.426816	  85.24179	 85.060523	 84.883006	 84.709232	 84.539188	  84.37286	 84.210232	 84.051282	 83.895991	 83.744332	  83.59628	 83.451806	 83.310878	 83.173465	 83.039531	  82.90904	 82.781954	 82.658231	 82.537831	 82.420712	 82.306827	 82.196132	  82.08858	 81.984122	 81.882711	 81.784295	 81.688823	 81.596245	 81.506509	  81.41956	 81.335346	 81.253812	 81.174906	 81.098571	 81.024754	   80.9534	 80.884453	 80.817858	 80.753562	 80.691508	 80.631642	 80.573911	 80.518259	 80.464633	  80.41298	 80.363246	  80.31538	 80.269329	 80.225041	 80.182467	 80.141556	 80.102258	 80.064525	 80.028309	 79.993562	 79.960239	 79.928292	 79.897678	 79.868353	 79.840273	 79.813396	  79.78768	 79.763085	 79.739572	 79.717102	 79.695637	  79.67514	 79.655575	 79.636908	 79.619103	 79.602128	 79.585951	  79.57054	 79.555865	 79.541895	 79.528603	  79.51596	  79.50394	 79.492516	 79.481664	 79.471357	 79.461574	 79.452291	 79.443485	 79.435137	 79.427224	 79.419728	 79.412628	 79.405908	 79.399549	 79.393533	 79.387846	  79.38247	 79.377392	 79.372596	 79.368068	 79.363796	 79.359766	 79.355966	 79.352384	  79.34901	 79.345833	 79.342842	 79.340027	  79.33738	 79.334891	 79.332552	 79.330355	 79.328292	 79.326356	 79.324539	 79.322836	 79.321239	 79.319743	 79.318343	 79.317032	 79.315806	  79.31466	 79.313589	 79.312589	 79.311657	 79.310787	 79.309976	 79.309221	 79.308519	 79.307867	 79.307262	   79.3067	 79.306181	   79.3057	 79.305257	 79.304849	 79.304474	 79.304131	 79.303817	 79.303532	 79.303273	 79.303041	 79.302833	 79.302649	 79.302487	 79.302347	 79.302229	 79.302131	 79.302053	 79.301995	 79.301957	 79.301938	
        99	 98.668973	 98.338076	 98.007441	 97.677197	 97.347473	   97.0184	 96.690104	 96.362715	 96.036357	 95.711156	 95.387236	 95.064718	 94.743725	 94.424373	 94.106781	 93.791064	 93.477333	   93.1657	 92.856272	 92.549156	 92.244454	 91.942266	  91.64269	 91.345821	  91.05175	 90.760566	 90.472354	 90.187196	 89.905171	 89.626355	 89.350821	 89.078636	 88.809866	 88.544574	 88.282817	  88.02465	 87.770124	 87.519287	 87.272184	 87.028854	 86.789334	 86.553658	 86.321856	 86.093953	 85.869973	 85.649935	 85.433855	 85.221745	 85.013615	  84.80947	 84.609312	 84.413143	 84.220957	 84.032749	 83.848509	 83.668223	 83.491878	 83.319454	 83.150931	 82.986286	 82.825493	 82.668524	 82.515349	 82.365933	 82.220244	 82.078243	 81.939893	 81.805152	 81.673978	 81.546326	 81.422152	 81.301409	 81.184047	 81.070017	 80.959268	 80.851748	 80.747404	 80.646183	 80.548029	 80.452888	 80.360702	 80.271416	 80.184972	 80.101313	  80.02038	 79.942117	 79.866465	 79.793366	  79.72276	 79.654591	   79.5888	 79.525329	  79.46412	 79.405116	 79.348261	 79.293496	 79.240767	 79.190018	 79.141193	 79.094238	   79.0491	 79.005725	  78.96406	 78.924055	 78.885657	 78.848818	 78.813487	 78.779616	 78.747159	 78.716067	 78.686295	 78.657799	 78.630535	 78.604459	  78.57953	 78.555707	 78.532949	 78.511217	 78.490474	 78.470682	 78.451805	 78.433808	 78.416656	 78.400317	 78.384758	 78.369947	 78.355854	  78.34245	 78.329706	 78.317594	 78.306088	 78.295161	 78.284788	 78.274946	  78.26561	 78.256758	 78.248369	 78.240421	 78.232894	 78.225769	 78.219027	 78.212649	 78.206619	  78.20092	 78.195536	 78.190451	  78.18565	  78.18112	 78.176848	 78.172819	 78.169022	 78.165445	 78.162076	 78.158905	 78.155921	 78.153114	 78.150475	 78.147995	 78.145666	 78.143478	 78.141426	   78.1395	 78.137694	 78.136001	 78.134415	  78.13293	 78.131541	 78.130241	 78.129026	  78.12789	  78.12683	 78.125841	 78.124919	 78.124059	 78.123259	 78.122515	 78.121823	 78.121182	 78.120586	 78.120035	 78.119526	 78.119056	 78.118624	 78.118226	 78.117862	 78.117529	 78.117227	 78.116953	 78.116707	 78.116486	 78.116291	 78.116119	 78.115971	 78.115846	 78.115742	 78.115659	 78.115598	 78.115557	 78.115537	
