Time step 85:
        99	        99	        99	        99	        99	        99	        99	        99	        99	        99	        99	        99	        99	        99	        99	        99	        99	        99	        99	        99	        99	        99	        99	        99	        99	        99	        99	        99	        99	        99	        99	        99	        99	        99	        99	        99	        99	        99	        99	        99	        99	        99	        99	        99	        99	        99	        99	        99	        99	        99	        99	        99	        99	        99	        99	        99	        99	        99	        99	        99	        99	        99	        99	        99	        99	        99	        99	        99	        99	        99	        99	        99	        99	        99	        99	        99	        99	        99	        99	        99	        99	        99	        99	        99	        99	        99	        99	        99	        99	        99	        99	        99	        99	        99	        99	        99	        99	        99	        99	        99	        99	        99	        99	        99	        99	        99	        99	        99	        99	        99	        99	        99	        99	        99	        99	        99	        99	        99	        99	        99	        99	        99	        99	        99	        99	        99	        99	        99	        99	        99	        99	        99	        99	        99	        99	        99	        99	        99	        99	        99	        99	        99	        99	        99	        99	        99	        99	        99	        99	        99	        99	        99	        99	        99	        99	        99	        99	        99	        99	        99	        99	        99	        99	        99	        99	        99	        99	        99	        99	        99	        99	        99	        99	        99	        99	        99	        99	        99	        99	        99	        99	        99	        99	        99	        99	        99	        99	        99	        99	        99	        99	        99	        99	        99	        99	        99	        99	        99	        99	        99	
        99	  98.99253	 98.985061	 98.977594	 98.970131	 98.962672	 98.955219	 98.947772	 98.940333	 98.932903	 98.925482	 98.918073	 98.910676	 98.903292	 98.895922	 98.888568	  98.88123	 98.873909	 98.866607	 98.859325	 98.852062	 98.844822	 98.837604	  98.83041	  98.82324	 98.816095	 98.808978	 98.801887	 98.794825	 98.787792	  98.78079	 98.773819	  98.76688	 98.759973	 98.753101	 98.746263	 98.739461	 98.732695	 98.725966	 98.719275	 98.712622	 98.706009	 98.699436	 98.692905	 98.686414	 98.679967	 98.673562	   98.6672	 98.660883	 98.654611	 98.648385	 98.642205	 98.636071	 98.629985	 98.623946	 98.617956	 98.612014	 98.606122	  98.60028	 98.594487	 98.588746	 98.583055	 98.577416	 98.571829	 98.566293	 98.560811	 98.555381	 98.550004	  98.54468	  98.53941	 98.534195	 98.529033	 98.523925	 98.518872	 98.513873	  98.50893	 98.504041	 98.499208	 98.494429	 98.489706	 98.485038	 98.480426	 98.475869	 98.471367	 98.466921	  98.46253	 98.458194	 98.453914	  98.44969	  98.44552	 98.441405	 98.437346	 98.433341	 98.429391	 98.425496	 98.421655	 98.417869	 98.414136	 98.410458	 98.406833	 98.403262	 98.399743	 98.396278	 98.392866	 98.389506	 98.386198	 98.382942	 98.379738	 98.376585	 98.373483	 98.370432	 98.367431	  98.36448	 98.361579	 98.358727	 98.355924	 98.353169	 98.350463	 98.347804	 98.345193	 98.342629	 98.340112	 98.337641	 98.335216	 98.332836	 98.330501	 98.328211	 98.325965	 98.323763	 98.321604	 98.319488	 98.317415	 98.315384	 98.313394	 98.311446	 98.309538	  98.30767	 98.305843	 98.304055	 98.302306	 98.300596	 98.298924	  98.29729	 98.295693	 98.294133	 98.292609	 98.291122	  98.28967	 98.288254	 98.286872	 98.285525	 98.284212	 98.282933	 98.281687	 98.280474	 98.279293	 98.278144	 98.277028	 98.275942	 98.274888	 98.273864	 98.272871	 98.271908	 98.270974	 98.270069	 98.269194	 98.268347	 98.267529	 98.266739	 98.265976	 98.265242	 98.264534	 98.263853	 98.263199	 98.262571	  98.26197	 98.261394	 98.260845	  98.26032	 98.259821	 98.259348	 98.258899	 98.258474	 98.258075	 98.257699	 98.257348	 98.257021	 98.256718	 98.256439	 98.256183	 98.255951	 98.255743	 98.255558	 98.255396	 98.255257	 98.255142	  98.25505	  98.25498	 98.254934	 98.254911	
        99	 98.985061	 98.970124	 98.955192	 98.940266	 98.925349	 98.910444	 98.895551	 98.880674	 98.865815	 98.850976	 98.836158	 98.821365	 98.806598	  98.79186	 98.777152	 98.762477	 98.747837	 98.733234	  98.71867	 98.704147	 98.689667	 98.675232	 98.660844	 98.646506	 98.632218	 98.617983	 98.603804	 98.589681	 98.575616	 98.561613	 98.547671	 98.533794	 98.519982	 98.506238	 98.492564	  98.47896	 98.465429	 98.451972	 98.438591	 98.425287	 98.412062	 98.398918	 98.385855	 98.372875	 98.359981	 98.347172	  98.33445	 98.321817	 98.309274	 98.296822	 98.284463	 98.272196	 98.260024	 98.247948	 98.235968	 98.224086	 98.212303	 98.200619	 98.189035	 98.177553	 98.166172	 98.154895	 98.143721	 98.132651	 98.121687	 98.110827	 98.100075	 98.089428	 98.078889	 98.068458	 98.058135	 98.047921	 98.037815	 98.027819	 98.017933	 98.008156	  97.99849	 97.988933	 97.979488	 97.970153	 97.960929	 97.951815	 97.942812	 97.933921	  97.92514	 97.916469	  97.90791	 97.899461	 97.891122	 97.882894	 97.874775	 97.866767	 97.858868	 97.851078	 97.843397	 97.835824	  97.82836	 97.821003	 97.813754	 97.806612	 97.799576	 97.792646	 97.785822	 97.779103	 97.772487	 97.765976	 97.759568	 97.753263	 97.747059	 97.740957	 97.734956	 97.729054	 97.723252	 97.717549	 97.711943	 97.706434	 97.701022	 97.695706	 97.690484	 97.685357	 97.680322	 97.675381	 97.670531	 97.665771	 97.661102	 97.656522	 97.652031	 97.647627	 97.643309	 97.639078	 97.634931	 97.630869	  97.62689	 97.622993	 97.619178	 97.615444	 97.611789	 97.608214	 97.604716	 97.601296	 97.597952	 97.594684	  97.59149	 97.588371	 97.585324	 97.582349	 97.579446	 97.576614	 97.573851	 97.571157	 97.568531	 97.565972	  97.56348	 97.561054	 97.558693	 97.556396	 97.554163	 97.551992	 97.549884	 97.547836	  97.54585	 97.543923	 97.542056	 97.540247	 97.538497	 97.536804	 97.535167	 97.533587	 97.532062	 97.530592	 97.529177	 97.527815	 97.526507	 97.525252	 97.524049	 97.522899	 97.521799	 97.520751	 97.519753	 97.518805	 97.517907	 97.517059	  97.51626	 97.515509	 97.514807	 97.514153	 97.513547	 97.512988	 97.512477	 97.512013	 97.511596	 97.511226	 97.510902	 97.510625	 97.510394	  97.51021	 97.510072	 97.509979	 97.509933	
        99	 98.977594	 98.955192	 98.932796	  98.91041	 98.888038	 98.865682	 98.843346	 98.821034	 98.798748	 98.776491	 98.754268	 98.732081	 98.709933	 98.687829	  98.66577	  98.64376	 98.621803	 98.599901	 98.578057	 98.556275	 98.534558	 98.512908	 98.491329	 98.469824	 98.448395	 98.427046	 98.405779	 98.384597	 98.363504	   98.3425	 98.321591	 98.300777	 98.280063	 98.259449	  98.23894	 98.218537	 98.198242	  98.17806	  98.15799	 98.138037	 98.118202	 98.098488	 98.078896	  98.05943	  98.04009	 98.020879	 98.001799	 97.982852	  97.96404	 97.945364	 97.926827	 97.908429	 97.890174	 97.872062	 97.854094	 97.836273	   97.8186	 97.801076	 97.783703	 97.766482	 97.749413	 97.732499	  97.71574	 97.699138	 97.682693	 97.666406	 97.650279	 97.634312	 97.618505	  97.60286	 97.587378	 97.572058	 97.556902	 97.541909	 97.527081	 97.512418	  97.49792	 97.483588	 97.469421	  97.45542	 97.441586	 97.427917	 97.414415	 97.401079	 97.387909	 97.374905	 97.362068	 97.349396	 97.336889	 97.324548	 97.312372	 97.300361	 97.288513	  97.27683	  97.26531	 97.253952	 97.242757	 97.231724	 97.220852	 97.210139	 97.199587	 97.189194	 97.178958	 97.168881	 97.158959	 97.149194	 97.139583	 97.130126	 97.120822	  97.11167	 97.102669	 97.093818	 97.085115	 97.076561	 97.068154	 97.059892	 97.051775	 97.043801	 97.035969	 97.028279	 97.020729	 97.013317	 97.006043	 96.998905	 96.991902	 96.985033	 96.978296	 96.971691	 96.965216	  96.95887	 96.952651	 96.946558	  96.94059	 96.934746	 96.929024	 96.923423	 96.917942	 96.912579	 96.907333	 96.902204	 96.897189	 96.892287	 96.887497	 96.882818	 96.878249	 96.873787	 96.869433	 96.865185	 96.861041	 96.857001	 96.853062	 96.849225	 96.845488	 96.841849	 96.838307	 96.834862	 96.831513	 96.828257	 96.825095	 96.822024	 96.819045	 96.816155	 96.813355	 96.810642	 96.808017	 96.805477	 96.803023	 96.800652	 96.798366	 96.796161	 96.794038	 96.791997	 96.790035	 96.788152	 96.786348	 96.784622	 96.782973	 96.781401	 96.779904	 96.778483	 96.777136	 96.775864	 96.774665	 96.773539	 96.772486	 96.771505	 96.770596	 96.769758	 96.768992	 96.768296	  96.76767	 96.767115	  96.76663	 96.766214	 96.765868	 96.765591	 96.765384	 96.765246	 96.765177	
        99	 98.970131	 98.940266	  98.91041	 98.880568	 98.850743	 98.820941	 98.791165	  98.76142	  98.73171	  98.70204	 98.672414	 98.642836	 98.613311	 98.583844	 98.554437	 98.525096	 98.495824	 98.466627	 98.437507	 98.408469	 98.379518	 98.350657	  98.32189	 98.293221	 98.264655	 98.236194	 98.207843	 98.179605	 98.151485	 98.123486	 98.095611	 98.067865	  98.04025	  98.01277	 97.985429	 97.958229	 97.931175	 97.904269	 97.877515	 97.850915	 97.824474	 97.798192	 97.772075	 97.746124	 97.720342	 97.694732	 97.669296	 97.644038	 97.618959	 97.594062	  97.56935	 97.544825	 97.520488	 97.496343	 97.472391	 97.448633	 97.425073	 97.401712	 97.378552	 97.355594	  97.33284	 97.310292	 97.287951	 97.265818	 97.243895	 97.222183	 97.200684	 97.179398	 97.158326	  97.13747	  97.11683	 97.096407	 97.076202	 97.056216	 97.036449	 97.016902	 96.997574	 96.978468	 96.959582	 96.940918	 96.922474	 96.904253	 96.886253	 96.868475	 96.850918	 96.833583	 96.816469	 96.799576	 96.782903	 96.766451	 96.750219	 96.734207	 96.718413	 96.702838	 96.687481	  96.67234	 96.657416	 96.642707	 96.628213	 96.613933	 96.599866	  96.58601	 96.572365	 96.558931	 96.545704	 96.532686	 96.519873	 96.507266	 96.494863	 96.482663	 96.470663	 96.458864	 96.447263	 96.435859	 96.424651	 96.413638	 96.402816	 96.392187	 96.381746	 96.371494	 96.361429	 96.351548	 96.341851	 96.332335	    96.323	 96.313843	 96.304862	 96.296057	 96.287425	 96.278964	 96.270674	 96.262552	 96.254596	 96.246805	 96.239177	  96.23171	 96.224403	 96.217254	 96.210261	 96.203423	 96.196737	 96.190203	 96.183817	  96.17758	 96.171488	 96.165541	 96.159737	 96.154073	 96.148549	 96.143163	 96.137912	 96.132797	 96.127815	 96.122964	 96.118243	  96.11365	 96.109185	 96.104845	 96.100629	 96.096536	 96.092564	 96.088712	 96.084978	 96.081362	 96.077862	 96.074477	 96.071205	 96.068045	 96.064996	 96.062058	 96.059228	 96.056506	  96.05389	 96.051381	 96.048976	 96.046675	 96.044477	  96.04238	 96.040385	  96.03849	 96.036695	 96.034999	 96.033401	   96.0319	 96.030496	 96.029189	 96.027977	  96.02686	 96.025838	  96.02491	 96.024076	 96.023336	 96.022689	 96.022135	 96.021674	 96.021305	 96.021028	 96.020844	 96.020752	
        99	 98.962672	 98.925349	 98.888038	 98.850743	 98.813471	 98.776226	 98.739014	 98.701841	 98.664712	 98.627633	 98.590609	 98.553645	 98.516747	  98.47992	  98.44317	 98.406502	 98.369921	 98.333432	  98.29704	 98.260752	  98.22457	 98.188502	 98.152551	 98.116723	 98.081023	 98.045455	 98.010024	 97.974735	 97.939593	 97.904601	 97.869766	  97.83509	 97.800579	 97.766237	 97.732068	 97.698077	 97.664267	 97.630642	 97.597206	 97.563964	 97.530919	 97.498075	 97.465435	 97.433004	 97.400783	 97.368778	 97.336991	 97.305425	 97.274083	  97.24297	 97.212086	 97.181436	 97.151022	 97.120847	 97.090914	 97.061224	  97.03178	 97.002585	 96.973641	  96.94495	 96.916514	 96.888335	 96.860415	 96.832755	 96.805358	 96.778224	 96.751356	 96.724754	 96.698421	 96.672356	 96.646562	 96.621039	 96.595789	 96.570811	 96.546108	 96.521679	 96.497526	 96.473648	 96.450046	  96.42672	 96.403672	   96.3809	 96.358405	 96.336187	 96.314246	 96.292582	 96.271194	 96.250082	 96.229247	 96.208686	 96.188401	  96.16839	 96.148652	 96.129187	 96.109995	 96.091073	 96.072422	  96.05404	 96.035927	 96.018081	   96.0005	 95.983185	 95.966133	 95.949343	 95.932814	 95.916544	 95.900533	 95.884777	 95.869277	 95.854029	 95.839033	 95.824287	  95.80979	 95.795538	 95.781531	 95.767767	 95.754244	  95.74096	 95.727912	   95.7151	 95.702521	 95.690173	 95.678054	 95.666162	 95.654495	 95.643052	 95.631829	 95.620824	 95.610037	 95.599463	 95.589103	 95.578952	 95.569009	 95.559273	  95.54974	 95.540409	 95.531277	 95.522343	 95.513604	 95.505058	 95.496702	 95.488536	 95.480556	 95.472761	 95.465148	 95.457716	 95.450462	 95.443384	  95.43648	 95.429749	 95.423188	 95.416795	 95.410568	 95.404506	 95.398606	 95.392867	 95.387286	 95.381862	 95.376594	 95.371478	 95.366514	 95.361701	 95.357035	 95.352516	 95.348141	  95.34391	 95.339821	 95.335873	 95.332063	  95.32839	 95.324854	 95.321452	 95.318183	 95.315047	 95.312042	 95.309166	 95.306419	 95.303799	 95.301306	 95.298938	 95.296694	 95.294574	 95.292577	 95.290702	 95.288947	 95.287313	 95.285798	 95.284403	 95.283126	 95.281966	 95.280924	 95.279999	 95.279191	 95.278498	 95.277922	 95.277461	 95.277115	 95.276885	  95.27677	
        99	 98.955219	 98.910444	 98.865682	 98.820941	 98.776226	 98.731544	 98.686902	 98.642307	 98.597764	 98.553281	 98.508864	  98.46452	 98.420254	 98.376074	 98.331986	 98.287996	 98.244111	 98.200336	 98.156678	 98.113143	 98.069738	 98.026468	 97.983338	 97.940357	 97.897528	 97.854858	 97.812352	 97.770017	 97.727858	  97.68588	 97.644088	 97.602489	 97.561087	 97.519888	 97.478896	 97.438117	 97.397556	 97.357218	 97.317106	 97.277226	 97.237583	 97.198181	 97.159024	 97.120116	 97.081462	 97.043066	 97.004932	 96.967063	 96.929464	 96.892137	 96.855087	 96.818317	 96.781831	 96.745631	  96.70972	 96.674102	 96.638779	 96.603755	 96.569032	 96.534612	 96.500498	 96.466692	 96.433197	 96.400014	 96.367146	 96.334595	 96.302362	 96.270448	 96.238857	 96.207588	 96.176643	 96.146024	 96.115732	 96.085767	 96.056131	 96.026825	 95.997848	 95.969202	 95.940888	 95.912905	 95.885254	 95.857935	 95.830949	 95.804295	 95.777973	 95.751982	 95.726324	 95.700997	 95.676001	 95.651335	 95.626999	 95.602992	 95.579314	 95.555963	 95.532938	 95.510238	 95.487863	 95.465811	 95.444081	 95.422671	  95.40158	 95.380807	  95.36035	 95.340208	 95.320379	  95.30086	 95.281652	  95.26275	 95.244155	 95.225863	 95.207873	 95.190182	  95.17279	 95.155693	 95.138889	 95.122376	 95.106153	 95.090216	 95.074564	 95.059193	 95.044102	 95.029289	  95.01475	 95.000484	 94.986487	 94.972759	 94.959295	 94.946093	 94.933151	 94.920467	 94.908037	  94.89586	 94.883932	 94.872251	 94.860815	 94.849621	 94.838666	 94.827948	 94.817463	 94.807211	 94.797187	  94.78739	 94.777817	 94.768465	 94.759332	 94.750416	 94.741714	 94.733222	  94.72494	 94.716865	 94.708994	 94.701324	 94.693854	 94.686581	 94.679504	 94.672618	 94.665923	 94.659417	 94.653096	 94.646959	 94.641004	 94.635229	 94.629632	  94.62421	 94.618963	 94.613887	 94.608981	 94.604244	 94.599673	 94.595268	 94.591025	 94.586944	 94.583023	  94.57926	 94.575655	 94.572205	 94.568909	 94.565766	 94.562775	 94.559934	 94.557243	   94.5547	 94.552304	 94.550054	 94.547949	 94.545988	 94.544171	 94.542497	 94.540965	 94.539574	 94.538324	 94.537214	 94.536244	 94.535414	 94.534722	 94.534169	 94.533754	 94.533478	  94.53334	
        99	 98.947772	 98.895551	 98.843346	 98.791165	 98.739014	 98.686902	 98.634837	 98.582825	 98.530876	 98.478996	 98.427192	 98.375474	 98.323848	 98.272321	 98.220901	 98.169596	 98.118413	 98.067359	 98.016441	 97.965667	 97.915043	 97.864577	 97.814276	 97.764147	 97.714196	  97.66443	 97.614857	 97.565481	 97.516311	 97.467353	 97.418612	 97.370095	 97.321808	 97.273758	  97.22595	  97.17839	 97.131084	 97.084037	 97.037255	 96.990744	 96.944508	 96.898554	 96.852885	 96.807508	 96.762426	 96.717645	 96.673169	 96.629003	 96.585151	 96.541618	 96.498407	 96.455522	 96.412968	 96.370748	 96.328866	 96.287325	 96.246129	  96.20528	 96.164783	 96.124639	 96.084852	 96.045425	  96.00636	 95.967659	 95.929325	 95.891361	 95.853768	 95.816547	 95.779702	 95.743234	 95.707143	 95.671433	 95.636103	 95.601155	 95.566591	 95.532411	 95.498616	 95.465207	 95.432184	 95.399548	 95.367299	 95.335437	 95.303963	 95.272876	 95.242177	 95.211865	  95.18194	 95.152401	 95.123249	 95.094481	 95.066098	 95.038099	 95.010483	 94.983249	 94.956395	 94.929921	 94.903825	 94.878106	 94.852762	 94.827792	 94.803194	 94.778967	 94.755108	 94.731616	 94.708489	 94.685725	 94.663322	 94.641278	  94.61959	 94.598256	 94.577275	 94.556642	 94.536358	 94.516417	 94.496819	 94.477561	  94.45864	 94.440053	 94.421797	 94.403871	  94.38627	 94.368994	 94.352037	 94.335399	 94.319075	 94.303063	  94.28736	 94.271963	 94.256869	 94.242076	 94.227579	 94.213377	 94.199465	 94.185842	 94.172504	 94.159448	 94.146672	 94.134171	 94.121943	 94.109986	 94.098296	 94.086869	 94.075704	 94.064797	 94.054146	 94.043747	 94.033597	 94.023694	 94.014035	 94.004616	 93.995436	 93.986491	 93.977779	 93.969297	 93.961042	 93.953012	 93.945204	 93.937615	 93.930243	 93.923086	 93.916141	 93.909405	 93.902877	 93.896554	 93.890434	 93.884514	 93.878793	 93.873268	 93.867937	 93.862798	  93.85785	 93.853091	 93.848517	 93.844129	 93.839924	   93.8359	 93.832057	 93.828391	 93.824903	  93.82159	 93.818451	 93.815485	  93.81269	 93.810066	 93.807611	 93.805325	 93.803205	 93.801253	 93.799466	 93.797844	 93.796386	 93.795091	  93.79396	 93.792991	 93.792184	 93.791539	 93.791056	 93.790734	 93.790573	
        99	 98.940333	 98.880674	 98.821034	  98.76142	 98.701841	 98.642307	 98.582825	 98.523406	 98.464057	 98.404787	 98.345606	 98.286521	 98.227541	 98.168675	 98.109932	 98.051319	 97.992846	  97.93452	  97.87635	 97.818343	 97.760509	 97.702856	  97.64539	 97.588121	 97.531055	 97.474201	 97.417566	 97.361158	 97.304985	 97.249053	  97.19337	 97.137942	 97.082778	 97.027884	 96.973266	 96.918932	 96.864888	  96.81114	 96.757695	 96.704559	 96.651738	 96.599238	 96.547065	 96.495224	 96.443721	 96.392562	 96.341752	 96.291295	 96.241197	 96.191463	 96.142097	 96.093105	 96.044489	 95.996256	 95.948408	  95.90095	 95.853886	 95.807219	 95.760954	 95.715092	 95.669639	 95.624595	 95.579966	 95.535753	  95.49196	 95.448588	  95.40564	 95.363118	 95.321025	 95.279362	 95.238131	 95.197334	 95.156972	 95.117047	  95.07756	 95.038512	 94.999903	 94.961735	 94.924009	 94.886724	 94.849882	 94.813482	 94.777525	  94.74201	 94.706939	 94.672309	 94.638122	 94.604376	 94.571071	 94.538206	  94.50578	 94.473793	 94.442244	  94.41113	 94.380452	 94.350207	 94.320394	 94.291011	 94.262058	 94.233531	  94.20543	 94.177752	 94.150495	 94.123657	 94.097236	  94.07123	 94.045636	 94.020451	 93.995674	 93.971302	 93.947332	 93.923761	 93.900587	 93.877807	 93.855417	 93.833416	 93.811799	 93.790565	 93.769709	  93.74923	 93.729123	 93.709385	 93.690013	 93.671005	 93.652356	 93.634063	 93.616124	 93.598534	  93.58129	  93.56439	 93.547828	 93.531603	  93.51571	 93.500147	 93.484909	 93.469994	 93.455397	 93.441116	 93.427147	 93.413486	 93.400131	 93.387077	 93.374321	 93.361861	 93.349692	 93.337812	 93.326217	 93.314903	 93.303868	 93.293108	  93.28262	 93.272402	 93.262449	 93.252758	 93.243328	 93.234154	 93.225233	 93.216564	 93.208142	 93.199965	 93.192031	 93.184336	 93.176878	 93.169654	 93.162662	 93.155899	 93.149363	 93.143051	 93.136961	 93.131091	 93.125438	     93.12	 93.114776	 93.109762	 93.104958	 93.100362	  93.09597	 93.091783	 93.087798	 93.084013	 93.080426	 93.077038	 93.073845	 93.070847	 93.068043	 93.065431	  93.06301	 93.060779	 93.058737	 93.056884	 93.055219	  93.05374	 93.052447	 93.051341	 93.050419	 93.049682	  93.04913	 93.048762	 93.048578	
        99	 98.932903	 98.865815	 98.798748	  98.73171	 98.664712	 98.597764	 98.530876	 98.464057	 98.397317	 98.330667	 98.264116	 98.197673	 98.131349	 98.065153	 97.999094	 97.933183	 97.867428	 97.801838	 97.736425	 97.671195	 97.606159	 97.541326	 97.476704	 97.412303	 97.348132	 97.284198	  97.22051	 97.157078	  97.09391	 97.031012	 96.968395	 96.906066	 96.844032	 96.782302	 96.720883	 96.659783	 96.599009	 96.538568	 96.478468	 96.418715	 96.359316	 96.300278	 96.241608	 96.183312	 96.125395	 96.067865	 96.010728	 95.953988	 95.897651	 95.841724	 95.786211	 95.731117	 95.676448	 95.622208	 95.568402	 95.515035	  95.46211	 95.409632	 95.357605	 95.306032	 95.254918	 95.204266	 95.154079	 95.104361	 95.055114	 95.006341	 94.958045	 94.910228	 94.862893	 94.816042	 94.769677	 94.723799	 94.678411	 94.633514	  94.58911	 94.545199	 94.501783	 94.458862	 94.416437	  94.37451	 94.333079	 94.292147	 94.251712	 94.211775	 94.172336	 94.133394	  94.09495	 94.057001	 94.019549	 93.982592	 93.946128	 93.910158	 93.874679	 93.839692	 93.805193	 93.771181	 93.737656	 93.704615	 93.672055	 93.639976	 93.608376	 93.577251	   93.5466	  93.51642	 93.486709	 93.457464	 93.428683	 93.400362	   93.3725	 93.345093	 93.318138	 93.291632	 93.265572	 93.239955	 93.214777	 93.190036	 93.165728	 93.141849	 93.118396	 93.095366	 93.072755	  93.05056	 93.028776	   93.0074	 92.986429	 92.965859	 92.945685	 92.925905	 92.906514	 92.887509	 92.868885	 92.850639	 92.832768	 92.815266	 92.798131	 92.781358	 92.764944	 92.748884	 92.733175	 92.717814	 92.702795	 92.688116	 92.673772	  92.65976	 92.646076	 92.632716	 92.619677	 92.606954	 92.594545	 92.582445	 92.570652	  92.55916	 92.547968	 92.537071	 92.526466	 92.516149	 92.506118	 92.496369	 92.486899	 92.477704	 92.468781	 92.460128	 92.451741	 92.443618	 92.435755	  92.42815	   92.4208	 92.413702	 92.406854	 92.400252	 92.393895	 92.387781	 92.381906	 92.376268	 92.370866	 92.365697	 92.360759	  92.35605	 92.351568	 92.347312	 92.343279	 92.339468	 92.335878	 92.332507	 92.329353	 92.326416	 92.323693	 92.321185	 92.318889	 92.316805	 92.314932	 92.313269	 92.311816	 92.310571	 92.309535	 92.308706	 92.308085	 92.307671	 92.307464	
        99	 98.925482	 98.850976	 98.776491	  98.70204	 98.627633	 98.553281	 98.478996	 98.404787	 98.330667	 98.256646	 98.182735	 98.108944	 98.035285	 97.961769	 97.888405	 97.815204	 97.742177	 97.669335	 97.596687	 97.524243	 97.452015	 97.380012	 97.308244	 97.236721	 97.165453	 97.094448	 97.023718	 96.953271	 96.883116	 96.813263	 96.743721	 96.674499	 96.605605	 96.537048	 96.468837	  96.40098	 96.333485	  96.26636	 96.199613	 96.133252	 96.067285	 96.001718	 95.936559	 95.871816	 95.807495	 95.743603	 95.680146	 95.617131	 95.554565	 95.492452	   95.4308	 95.369614	 95.308899	  95.24866	 95.188904	 95.129635	 95.070857	 95.012575	 94.954795	 94.897519	 94.840752	 94.784498	 94.728761	 94.673545	 94.618851	 94.564685	 94.511047	 94.457943	 94.405373	 94.353341	 94.301848	 94.250897	  94.20049	 94.150628	 94.101313	 94.052545	 94.004328	  93.95666	 93.909544	  93.86298	 93.816968	 93.771509	 93.726602	 93.682249	 93.638448	   93.5952	 93.552503	 93.510358	 93.468764	  93.42772	 93.387224	 93.347276	 93.307874	 93.269017	 93.230702	  93.19293	 93.155697	 93.119001	 93.082842	 93.047215	  93.01212	 92.977553	 92.943512	 92.909995	 92.876998	 92.844519	 92.812555	 92.781102	 92.750159	 92.719721	 92.689785	 92.660347	 92.631405	 92.602955	 92.574993	 92.547516	  92.52052	    92.494	 92.467954	 92.442377	 92.417265	 92.392615	 92.368422	 92.344683	 92.321393	 92.298547	 92.276143	 92.254175	  92.23264	 92.211532	 92.190849	 92.170586	 92.150737	   92.1313	  92.11227	 92.093642	 92.075413	 92.057577	 92.040131	 92.023071	 92.006391	 91.990089	 91.974159	 91.958597	   91.9434	 91.928563	 91.914081	 91.899952	  91.88617	 91.872733	 91.859634	 91.846872	 91.834442	  91.82234	 91.810562	 91.799105	 91.787964	 91.777137	 91.766619	 91.756407	 91.746498	 91.736888	 91.727574	 91.718552	  91.70982	 91.701374	 91.693211	 91.685328	 91.677722	 91.670391	 91.663331	  91.65654	 91.650015	 91.643754	 91.637754	 91.632014	  91.62653	   91.6213	 91.616322	 91.611595	 91.607117	 91.602885	 91.598898	 91.595153	 91.591651	 91.588389	 91.585365	 91.582579	  91.58003	 91.577715	 91.575635	 91.573788	 91.572174	 91.570792	 91.569641	 91.568721	 91.568031	 91.567571	 91.567341	
        99	 98.918073	 98.836158	 98.754268	 98.672414	 98.590609	 98.508864	 98.427192	 98.345606	 98.264116	 98.182735	 98.101475	 98.020347	 97.939365	 97.858538	  97.77788	 97.697401	 97.617113	 97.537027	 97.457156	  97.37751	   97.2981	 97.218938	 97.140034	 97.061399	 96.983045	 96.904981	 96.827218	 96.749766	 96.672636	 96.595838	 96.519381	 96.443276	 96.367532	 96.292159	 96.217165	 96.142561	 96.068355	 95.994556	 95.921173	 95.848213	 95.775687	 95.703601	 95.631964	 95.560783	 95.490066	 95.419821	 95.350055	 95.280775	 95.211988	 95.143699	 95.075917	 95.008647	 94.941895	 94.875667	  94.80997	 94.744807	 94.680185	 94.616109	 94.552583	 94.489612	 94.427201	 94.365354	 94.304075	 94.243368	 94.183237	 94.123684	 94.064714	 94.006329	 93.948533	 93.891327	 93.834714	 93.778697	 93.723278	 93.668458	  93.61424	 93.560624	 93.507612	 93.455205	 93.403404	  93.35221	 93.301623	 93.251643	 93.202272	 93.153508	 93.105353	 93.057804	 93.010863	 92.964527	 92.918797	 92.873672	  92.82915	 92.785229	  92.74191	 92.699189	 92.657065	 92.615537	 92.574602	 92.534258	 92.494503	 92.455334	 92.416749	 92.378745	  92.34132	  92.30447	 92.268192	 92.232484	 92.197341	 92.162762	 92.128741	 92.095277	 92.062364	     92.03	 91.998181	 91.966902	  91.93616	  91.90595	  91.87627	 91.847113	 91.818477	 91.790357	 91.762749	 91.735648	 91.709049	  91.68295	 91.657343	 91.632227	 91.607594	 91.583442	 91.559766	  91.53656	  91.51382	 91.491542	  91.46972	 91.448351	 91.427428	 91.406948	 91.386906	 91.367297	 91.348117	  91.32936	 91.311022	 91.293098	 91.275584	 91.258476	 91.241767	 91.225455	 91.209534	 91.193999	 91.178847	 91.164073	 91.149673	 91.135642	 91.121976	  91.10867	 91.095721	 91.083125	 91.070877	 91.058973	 91.047409	 91.036182	 91.025288	 91.014722	 91.004482	 90.994563	 90.984963	 90.975677	 90.966702	 90.958035	 90.949673	 90.941613	 90.933851	 90.926385	 90.919211	 90.912328	 90.905732	  90.89942	 90.893391	 90.887641	 90.882169	 90.876972	 90.872048	 90.867395	 90.863011	 90.858895	 90.855044	 90.851458	 90.848133	  90.84507	 90.842267	 90.839723	 90.837436	 90.835405	 90.833631	 90.832111	 90.830846	 90.829834	 90.829075	  90.82857	 90.828317	
        99	 98.910676	 98.821365	 98.732081	 98.642836	 98.553645	  98.46452	 98.375474	 98.286521	 98.197673	 98.108944	 98.020347	 97.931895	   97.8436	 97.755476	 97.667535	  97.57979	 97.492253	 97.404936	 97.317854	 97.231016	 97.144437	 97.058127	 96.972099	 96.886364	 96.800935	 96.715822	 96.631038	 96.546594	   96.4625	 96.378767	 96.295407	 96.212431	 96.129848	 96.047669	 95.965905	 95.884564	 95.803658	 95.723196	 95.643187	  95.56364	 95.484565	 95.405971	 95.327865	 95.250258	 95.173156	 95.096569	 95.020504	 94.944968	  94.86997	 94.795516	 94.721614	  94.64827	 94.575491	 94.503284	 94.431654	 94.360608	 94.290151	 94.220289	 94.151028	 94.082372	 94.014326	 93.946894	 93.880083	 93.813894	 93.748334	 93.683404	  93.61911	 93.555453	 93.492438	 93.430067	 93.368343	 93.307269	 93.246846	 93.187076	 93.127962	 93.069505	 93.011707	 92.954568	  92.89809	 92.842274	 92.787119	 92.732627	 92.678798	 92.625632	 92.573128	 92.521286	 92.470107	 92.419588	 92.369729	 92.320529	 92.271987	 92.224101	  92.17687	 92.130292	 92.084365	 92.039087	 91.994456	  91.95047	 91.907125	  91.86442	 91.822351	 91.780916	 91.740111	 91.699934	 91.660381	 91.621448	 91.583133	 91.545431	 91.508339	 91.471853	 91.435969	 91.400683	  91.36599	 91.331887	 91.298369	 91.265432	 91.233072	 91.201283	 91.170061	 91.139402	 91.109301	 91.079753	 91.050753	 91.022297	 90.994379	 90.966994	 90.940138	 90.913805	 90.887991	  90.86269	 90.837897	 90.813607	 90.789815	 90.766516	 90.743705	 90.721376	 90.699524	 90.678145	 90.657232	 90.636782	 90.616788	 90.597246	 90.578151	 90.559497	  90.54128	 90.523495	 90.506136	   90.4892	  90.47268	 90.456572	 90.440871	 90.425573	 90.410673	 90.396166	 90.382048	 90.368314	  90.35496	 90.341982	 90.329374	 90.317133	 90.305255	 90.293736	 90.282571	 90.271757	 90.261289	 90.251165	  90.24138	 90.231931	 90.222814	 90.214025	 90.205563	 90.197423	 90.189601	 90.182096	 90.174904	 90.168023	 90.161449	  90.15518	 90.149214	 90.143548	 90.138179	 90.133106	 90.128327	 90.123839	  90.11964	  90.11573	 90.112106	 90.108766	  90.10571	 90.102936	 90.100442	 90.098229	 90.096294	 90.094637	 90.093257	 90.092154	 90.091327	 90.090776	   90.0905	
        99	 98.903292	 98.806598	 98.709933	 98.613311	 98.516747	 98.420254	 98.323848	 98.227541	 98.131349	 98.035285	 97.939365	   97.8436	 97.748007	 97.652598	 97.557387	 97.462388	 97.367615	 97.273081	 97.178799	 97.084784	 96.991047	 96.897602	 96.804463	 96.711641	  96.61915	 96.527001	 96.435208	 96.343783	 96.252738	 96.162083	 96.071833	 95.981997	 95.892587	 95.803615	 95.715092	 95.627027	 95.539433	 95.452319	 95.365696	 95.279574	 95.193962	 95.108871	 95.024309	 94.940286	 94.856811	 94.773893	 94.691539	  94.60976	 94.528562	 94.447953	 94.367942	 94.288535	  94.20974	 94.131563	 94.054012	 93.977093	 93.900812	 93.825175	 93.750188	 93.675857	 93.602186	  93.52918	 93.456846	 93.385186	 93.314206	 93.243909	 93.174299	 93.105381	 93.037157	  92.96963	 92.902803	  92.83668	 92.771262	 92.706552	 92.642551	 92.579262	 92.516685	 92.454823	 92.393677	 92.333246	 92.273532	 92.214536	 92.156257	 92.098696	 92.041852	 91.985725	 91.930314	 91.875619	 91.821639	 91.768372	 91.715817	 91.663973	 91.612837	 91.562409	 91.512685	 91.463664	 91.415344	 91.367721	 91.320794	 91.274558	 91.229012	 91.184151	 91.139973	 91.096475	 91.053652	 91.011501	 90.970019	   90.9292	 90.889042	  90.84954	 90.810689	 90.772486	 90.734926	 90.698004	 90.661715	 90.626055	  90.59102	 90.556603	 90.522801	 90.489607	 90.457018	 90.425027	  90.39363	 90.362821	 90.332595	 90.302947	 90.273871	 90.245361	 90.217413	  90.19002	 90.163178	  90.13688	 90.111122	 90.085896	 90.061199	 90.037024	 90.013366	  89.99022	 89.967579	 89.945438	 89.923791	 89.902634	  89.88196	 89.861765	 89.842042	 89.822786	 89.803993	 89.785656	  89.76777	 89.750331	 89.733332	  89.71677	 89.700638	 89.684932	 89.669647	 89.654777	 89.640319	 89.626268	 89.612618	 89.599365	 89.586505	 89.574034	 89.561946	 89.550238	 89.538905	 89.527944	  89.51735	  89.50712	 89.497249	 89.487734	 89.478572	 89.469759	 89.461291	 89.453166	 89.445379	 89.437929	 89.430812	 89.424025	 89.417565	  89.41143	 89.405618	 89.400126	 89.394951	 89.390092	 89.385547	 89.381313	 89.377389	 89.373774	 89.370465	 89.367461	 89.364762	 89.362365	  89.36027	 89.358476	 89.356982	 89.355788	 89.354893	 89.354296	 89.353998	
        99	 98.895922	  98.79186	 98.687829	 98.583844	  98.47992	 98.376074	 98.272321	 98.168675	 98.065153	 97.961769	 97.858538	 97.755476	 97.652598	 97.549918	 97.447451	 97.345213	 97.243218	  97.14148	 97.040013	 96.938833	 96.837953	 96.737387	  96.63715	 96.537255	 96.437715	 96.338545	 96.239757	 96.141364	  96.04338	 95.945818	  95.84869	 95.752008	 95.655785	 95.560032	 95.464763	 95.369988	 95.275718	 95.181966	 95.088742	 94.996056	  94.90392	 94.812344	 94.721338	 94.630912	 94.541076	 94.451839	  94.36321	 94.275198	 94.187812	 94.101061	 94.014952	 93.929494	 93.844694	  93.76056	 93.677099	 93.594319	 93.512225	 93.430824	 93.350122	 93.270126	 93.190841	 93.112272	 93.034425	 92.957305	 92.880915	 92.805261	 92.730347	 92.656177	 92.582753	 92.510081	 92.438162	 92.366999	 92.296596	 92.226955	 92.158077	 92.089964	  92.02262	 91.956043	 91.890237	 91.825201	 91.760937	 91.697444	 91.634724	 91.572777	 91.511601	 91.451196	 91.391563	   91.3327	 91.274606	  91.21728	  91.16072	 91.104925	 91.049893	 90.995621	 90.942109	 90.889352	 90.837349	 90.786098	 90.735594	 90.685835	 90.636817	 90.588538	 90.540994	 90.494181	 90.448095	 90.402732	 90.358088	 90.314159	  90.27094	 90.228428	 90.186617	 90.145502	 90.105079	 90.065344	  90.02629	 89.987913	 89.950207	 89.913168	 89.876789	 89.841066	 89.805993	 89.771565	 89.737775	 89.704619	 89.672089	 89.640181	 89.608889	 89.578207	 89.548129	 89.518649	 89.489761	 89.461459	 89.433738	  89.40659	 89.380011	 89.353994	 89.328533	 89.303622	 89.279256	 89.255428	 89.232132	 89.209362	 89.187113	 89.165378	 89.144152	  89.12343	 89.103204	 89.083469	 89.064221	 89.045452	 89.027159	 89.009334	 88.991973	  88.97507	  88.95862	 88.942618	 88.927058	 88.911935	 88.897245	 88.882983	 88.869143	 88.855721	 88.842712	 88.830111	 88.817915	 88.806118	 88.794717	 88.783707	 88.773084	 88.762845	 88.752984	   88.7435	 88.734387	 88.725642	 88.717262	 88.709244	 88.701584	  88.69428	 88.687328	 88.680726	 88.674471	  88.66856	 88.662991	 88.657762	  88.65287	 88.648314	 88.644091	   88.6402	 88.636639	 88.633406	 88.630501	 88.627922	 88.625667	 88.623736	 88.622129	 88.620844	  88.61988	 88.619238	 88.618917	
        99	 98.888568	 98.777152	  98.66577	 98.554437	  98.44317	 98.331986	 98.220901	 98.109932	 97.999094	 97.888405	  97.77788	 97.667535	 97.557387	 97.447451	 97.337745	 97.228282	 97.119079	 97.010152	 96.901516	 96.793186	 96.685177	 96.577506	 96.470185	 96.363231	 96.256658	 96.150479	 96.044711	 95.939366	 95.834458	 95.730002	  95.62601	 95.522496	 95.419474	 95.316956	 95.214954	 95.113482	 95.012551	 94.912174	 94.812362	 94.713127	 94.614481	 94.516434	 94.418998	 94.322182	 94.225997	 94.130454	 94.035563	 93.941332	 93.847771	  93.75489	 93.662696	 93.571199	 93.480407	 93.390328	  93.30097	  93.21234	 93.124445	 93.037292	 92.950888	 92.865239	 92.780351	 92.696231	 92.612883	 92.530313	 92.448525	 92.367526	 92.287318	 92.207906	 92.129295	 92.051487	 91.974486	 91.898295	 91.822917	 91.748354	 91.674609	 91.601684	  91.52958	   91.4583	 91.387843	 91.318212	 91.249406	 91.181428	 91.114276	  91.04795	 90.982452	 90.917779	 90.853932	 90.790909	  90.72871	 90.667333	 90.606777	 90.547039	 90.488118	 90.430012	 90.372718	 90.316234	 90.260556	 90.205683	  90.15161	 90.098335	 90.045854	 89.994164	  89.94326	 89.893138	 89.843796	 89.795227	 89.747429	 89.700396	 89.654123	 89.608607	 89.563841	 89.519821	 89.476542	 89.433999	 89.392185	 89.351096	 89.310726	 89.271069	  89.23212	 89.193873	 89.156322	 89.119461	 89.083283	 89.047784	 89.012956	 88.978793	  88.94529	  88.91244	 88.880236	 88.848673	 88.817744	 88.787442	 88.757762	 88.728696	 88.700239	 88.672383	 88.645123	 88.618452	 88.592364	 88.566852	  88.54191	 88.517531	  88.49371	 88.470439	 88.447714	 88.425526	 88.403871	 88.382743	 88.362134	 88.342039	 88.322453	 88.303368	 88.284781	 88.266683	 88.249071	 88.231938	 88.215279	 88.199088	  88.18336	 88.168089	 88.153271	 88.138901	 88.124972	 88.111482	 88.098424	 88.085793	 88.073587	 88.061799	 88.050425	 88.039462	 88.028905	  88.01875	 88.008993	  87.99963	 87.990658	 87.982074	 87.973873	 87.966052	 87.958609	 87.951541	 87.944843	 87.938515	 87.932552	 87.926954	 87.921716	 87.916838	 87.912317	  87.90815	 87.904338	 87.900877	 87.897766	 87.895005	 87.892591	 87.890524	 87.888803	 87.887427	 87.886395	 87.885708	 87.885364	
        99	  98.88123	 98.762477	  98.64376	 98.525096	 98.406502	 98.287996	 98.169596	 98.051319	 97.933183	 97.815204	 97.697401	  97.57979	 97.462388	 97.345213	 97.228282	 97.111611	 96.995217	 96.879117	 96.763327	 96.647863	 96.532742	  96.41798	 96.303592	 96.189595	 96.076003	 95.962833	 95.850099	 95.737817	 95.626001	 95.514666	 95.403826	 95.293496	  95.18369	  95.07442	 94.965702	 94.857547	  94.74997	 94.642983	 94.536598	 94.430829	 94.325686	 94.221183	  94.11733	 94.014139	  93.91162	 93.809786	 93.708645	 93.608209	 93.508487	 93.409489	 93.311224	 93.213702	 93.116932	 93.020921	 92.925678	 92.831211	 92.737528	 92.644636	 92.552542	 92.461253	 92.370776	 92.281116	 92.192279	 92.104272	 92.017098	 91.930765	 91.845275	 91.760634	 91.676846	 91.593914	 91.511842	 91.430634	 91.350292	  91.27082	 91.192218	 91.114491	 91.037639	 90.961664	 90.886568	 90.812351	 90.739015	  90.66656	 90.594986	 90.524293	 90.454481	  90.38555	 90.317498	 90.250325	  90.18403	 90.118611	 90.054067	 89.990396	 89.927595	 89.865662	 89.804595	 89.744391	 89.685047	  89.62656	 89.568927	 89.512144	 89.456207	 89.401112	 89.346856	 89.293434	 89.240842	 89.189076	  89.13813	 89.087999	  89.03868	 88.990166	 88.942452	 88.895533	 88.849404	 88.804059	 88.759492	 88.715697	 88.672669	 88.630401	 88.588887	 88.548121	 88.508097	 88.468808	 88.430249	 88.392411	  88.35529	 88.318878	 88.283168	 88.248155	 88.213831	 88.180189	 88.147223	 88.114926	 88.083291	 88.052311	  88.02198	  87.99229	 87.963235	 87.934808	 87.907001	 87.879809	 87.853225	 87.827241	 87.801851	 87.777048	 87.752826	 87.729177	 87.706096	 87.683576	  87.66161	 87.640192	 87.619316	 87.598975	 87.579163	 87.559874	 87.541102	  87.52284	 87.505084	 87.487827	 87.471063	 87.454787	 87.438994	 87.423677	 87.408831	 87.394452	 87.380534	 87.367072	 87.354061	 87.341497	 87.329375	  87.31769	 87.306437	 87.295613	 87.285214	 87.275235	 87.265672	 87.256522	 87.247781	 87.239446	 87.231513	 87.223978	  87.21684	 87.210095	  87.20374	 87.197772	  87.19219	 87.186991	 87.182172	 87.177731	 87.173667	 87.169979	 87.166663	  87.16372	 87.161147	 87.158944	 87.157109	 87.155642	 87.154543	  87.15381	 87.153444	
        99	 98.873909	 98.747837	 98.621803	 98.495824	 98.369921	 98.244111	 98.118413	 97.992846	 97.867428	 97.742177	 97.617113	 97.492253	 97.367615	 97.243218	 97.119079	 96.995217	 96.871649	 96.748393	 96.625466	 96.502885	 96.380668	 96.258833	 96.137395	 96.016371	 95.895778	 95.775632	  95.65595	 95.536747	 95.418039	 95.299842	  95.18217	  95.06504	 94.948465	 94.832461	 94.717041	  94.60222	 94.488012	 94.374431	 94.261489	 94.149201	 94.037577	 93.926633	 93.816379	 93.706827	  93.59799	 93.489878	 93.382504	 93.275877	 93.170009	 93.064909	 92.960588	 92.857055	 92.754319	 92.652391	 92.551277	 92.450988	 92.351531	 92.252913	 92.155143	 92.058227	 91.962173	 91.866986	 91.772674	 91.679242	 91.586696	 91.495041	 91.404282	 91.314424	 91.225471	 91.137428	 91.050298	 90.964084	  90.87879	 90.794419	 90.710973	 90.628455	 90.546866	 90.466208	 90.386484	 90.307692	 90.229836	 90.152915	 90.076929	 90.001879	 89.927764	 89.854584	 89.782338	 89.711025	 89.640644	 89.571193	  89.50267	 89.435074	 89.368402	 89.302652	 89.237821	 89.173907	 89.110905	 89.048813	 88.987627	 88.927344	 88.867959	 88.809469	 88.751869	 88.695154	 88.639321	 88.584363	 88.530277	 88.477057	 88.424697	 88.373193	 88.322539	 88.272728	 88.223756	 88.175616	 88.128302	 88.081808	 88.036127	 87.991254	 87.947181	 87.903903	 87.861412	 87.819701	 87.778765	 87.738595	 87.699186	  87.66053	 87.622619	 87.585448	 87.549008	 87.513292	 87.478295	 87.444007	 87.410422	 87.377533	 87.345332	 87.313812	 87.282966	 87.252786	 87.223266	 87.194398	 87.166175	  87.13859	 87.111635	 87.085303	 87.059588	 87.034482	 87.009978	  86.98607	  86.96275	 86.940012	 86.917849	 86.896254	 86.875221	 86.854743	 86.834814	 86.815427	 86.796576	 86.778255	 86.760458	 86.743179	 86.726412	 86.710151	 86.694391	 86.679125	 86.664349	 86.650058	 86.636245	 86.622906	 86.610037	 86.597631	 86.585685	 86.574194	 86.563154	  86.55256	 86.542408	 86.532694	 86.523414	 86.514565	 86.506143	 86.498144	 86.490566	 86.483405	 86.476658	 86.470323	 86.464397	 86.458877	  86.45376	 86.449046	 86.444732	 86.440816	 86.437296	 86.434171	  86.43144	 86.429101	 86.427153	 86.425596	 86.424429	 86.423651	 86.423262	
