Time step 46:
        99	        99	        99	        99	        99	        99	        99	        99	        99	        99	        99	        99	        99	        99	        99	        99	        99	        99	        99	        99	        99	        99	        99	        99	        99	        99	        99	        99	        99	        99	        99	        99	        99	        99	        99	        99	        99	        99	        99	        99	        99	        99	        99	        99	        99	        99	        99	        99	        99	        99	        99	        99	        99	        99	        99	        99	        99	        99	        99	        99	        99	        99	        99	        99	        99	        99	        99	        99	        99	        99	        99	        99	        99	        99	        99	        99	        99	        99	        99	        99	        99	        99	        99	        99	        99	        99	        99	        99	        99	        99	        99	        99	        99	        99	        99	        99	        99	        99	        99	        99	        99	        99	        99	        99	        99	        99	        99	        99	        99	        99	        99	        99	        99	        99	        99	        99	        99	        99	        99	        99	        99	        99	        99	        99	        99	        99	        99	        99	        99	        99	        99	        99	        99	        99	        99	        99	        99	        99	        99	        99	        99	        99	        99	        99	        99	        99	        99	        99	        99	        99	        99	        99	        99	        99	        99	        99	        99	        99	        99	        99	        99	        99	        99	        99	        99	        99	        99	        99	        99	        99	        99	        99	        99	        99	        99	        99	        99	        99	        99	        99	        99	        99	        99	        99	        99	        99	        99	        99	        99	        99	        99	        99	        99	        99	        99	        99	        99	        99	        99	        99	
        99	 98.986197	 98.972397	 98.958605	 98.944825	 98.931059	 98.917313	 98.903589	 98.889891	 98.876223	 98.862589	 98.848993	 98.835437	 98.821927	 98.808464	 98.795053	 98.781697	 98.768399	 98.755163	 98.741993	 98.728891	 98.715861	 98.702906	 98.690029	 98.677232	  98.66452	 98.651895	  98.63936	 98.626917	 98.614569	 98.602319	  98.59017	 98.578124	 98.566183	 98.554349	 98.542626	 98.531015	 98.519518	 98.508137	 98.496874	 98.485731	  98.47471	 98.463812	 98.453039	 98.442392	 98.431873	 98.421484	 98.411224	 98.401097	 98.391102	  98.38124	 98.371513	 98.361921	 98.352464	 98.343145	 98.333962	 98.324918	 98.316011	 98.307242	 98.298612	 98.290121	 98.281768	 98.273554	 98.265478	 98.257541	 98.249742	 98.242082	 98.234558	 98.227172	 98.219922	 98.212809	  98.20583	 98.198987	 98.192277	   98.1857	 98.179256	 98.172943	  98.16676	 98.160707	 98.154781	 98.148983	 98.143311	 98.137764	  98.13234	 98.127038	 98.121857	 98.116795	 98.111852	 98.107025	 98.102313	 98.097715	  98.09323	 98.088855	 98.084589	  98.08043	 98.076378	 98.072429	 98.068584	 98.064839	 98.061194	 98.057647	 98.054195	 98.050838	 98.047574	 98.044401	 98.041317	  98.03832	  98.03541	 98.032584	  98.02984	 98.027177	 98.024594	 98.022088	 98.019657	 98.017301	 98.015018	 98.012806	 98.010663	 98.008587	 98.006578	 98.004634	 98.002752	 98.000932	 97.999172	  97.99747	 97.995826	 97.994237	 97.992702	 97.991219	 97.989788	 97.988407	 97.987074	 97.985788	 97.984549	 97.983353	 97.982201	 97.981091	 97.980022	 97.978992	 97.978001	 97.977047	 97.976129	 97.975246	 97.974397	 97.973581	 97.972796	 97.972043	 97.971319	 97.970624	 97.969957	 97.969317	 97.968703	 97.968115	  97.96755	  97.96701	 97.966492	 97.965996	 97.965521	 97.965067	 97.964633	 97.964217	 97.963821	 97.963441	 97.963079	 97.962734	 97.962405	 97.962091	 97.961791	 97.961506	 97.961235	 97.960978	 97.960733	   97.9605	  97.96028	 97.960071	 97.959873	 97.959686	 97.959509	 97.959343	 97.959186	 97.959039	   97.9589	 97.958771	  97.95865	 97.958538	 97.958434	 97.958337	 97.958249	 97.958168	 97.958094	 97.958028	 97.957968	 97.957915	  97.95787	 97.957831	 97.957798	 97.957772	 97.957753	  97.95774	 97.957734	
        99	 98.972397	 98.944802	 98.917222	 98.889664	 98.862137	 98.834648	 98.807204	 98.779812	 98.752481	 98.725217	 98.698027	  98.67092	 98.643902	  98.61698	 98.590161	 98.563453	 98.536862	 98.510394	 98.484057	 98.457857	   98.4318	 98.405893	 98.380142	 98.354553	 98.329132	 98.303885	 98.278818	 98.253936	 98.229244	 98.204748	 98.180452	 98.156363	 98.132484	 98.108821	 98.085378	 98.062158	 98.039167	 98.016408	 97.993886	 97.971603	 97.949563	 97.927771	 97.906228	 97.884937	 97.863903	 97.843126	 97.822611	 97.802358	  97.78237	 97.762649	 97.743198	 97.724016	 97.705107	  97.68647	 97.668108	 97.650021	 97.632209	 97.614675	 97.597417	 97.580436	 97.563733	 97.547307	 97.531158	 97.515286	 97.499691	 97.484371	 97.469326	 97.454556	 97.440059	 97.425833	 97.411878	 97.398193	 97.384775	 97.371624	 97.358737	 97.346113	 97.333749	 97.321644	 97.309795	   97.2982	 97.286857	 97.275764	 97.264917	 97.254315	 97.243954	 97.233833	 97.223947	 97.214295	 97.204873	 97.195678	 97.186708	 97.177959	 97.169429	 97.161113	 97.153009	 97.145113	 97.137423	 97.129935	 97.122646	 97.115552	  97.10865	 97.101937	  97.09541	 97.089064	 97.082897	 97.076905	 97.071084	 97.065433	 97.059946	 97.054621	 97.049455	 97.044443	 97.039584	 97.034872	 97.030306	 97.025882	 97.021597	 97.017447	 97.013429	  97.00954	 97.005778	 97.002138	 96.998619	 96.995216	 96.991927	  96.98875	  96.98568	 96.982716	 96.979854	 96.977091	 96.974426	 96.971855	 96.969376	 96.966985	 96.964682	 96.962462	 96.960323	 96.958264	 96.956282	 96.954374	 96.952538	 96.950773	 96.949075	 96.947443	 96.945874	 96.944367	  96.94292	 96.941531	 96.940197	 96.938917	  96.93769	 96.936512	 96.935384	 96.934303	 96.933267	 96.932276	 96.931326	 96.930418	  96.92955	 96.928719	 96.927925	 96.927167	 96.926443	 96.925753	 96.925094	 96.924466	 96.923868	 96.923298	 96.922756	  96.92224	  96.92175	 96.921286	 96.920845	 96.920427	 96.920031	 96.919657	 96.919304	 96.918971	 96.918657	 96.918363	 96.918087	 96.917828	 96.917587	 96.917362	 96.917153	 96.916961	 96.916784	 96.916621	 96.916474	 96.916341	 96.916222	 96.916117	 96.916025	 96.915947	 96.915883	 96.915831	 96.915792	 96.915767	 96.915754	
        99	 98.958605	 98.917222	 98.875861	 98.834534	 98.793253	 98.752028	 98.710871	 98.669794	 98.628806	 98.587919	 98.547145	 98.506493	 98.465975	 98.425602	 98.385383	 98.345329	 98.305451	 98.265759	 98.226262	 98.186971	 98.147895	 98.109044	 98.070426	 98.032051	 97.993929	 97.956067	 97.918474	 97.881159	  97.84413	 97.807394	  97.77096	 97.734834	 97.699024	 97.663537	  97.62838	 97.593559	  97.55908	  97.52495	 97.491174	 97.457757	 97.424706	 97.392024	 97.359717	 97.327789	 97.296244	 97.265086	  97.23432	 97.203948	 97.173973	 97.144399	 97.115228	 97.086462	 97.058104	 97.030156	 97.002619	 96.975494	 96.948783	 96.922487	 96.896606	 96.871141	 96.846092	 96.821459	 96.797241	 96.773439	 96.750051	 96.727077	 96.704515	 96.682364	 96.660623	  96.63929	 96.618362	 96.597839	 96.577717	 96.557995	 96.538668	 96.519736	 96.501195	 96.483041	 96.465272	 96.447884	 96.430874	 96.414237	 96.397971	 96.382071	 96.366534	 96.351355	  96.33653	 96.322055	 96.307925	 96.294137	 96.280684	 96.267564	 96.254771	   96.2423	 96.230147	 96.218306	 96.206774	 96.195544	 96.184613	 96.173975	 96.163624	 96.153557	 96.143768	 96.134251	 96.125002	 96.116017	 96.107288	 96.098813	 96.090585	 96.082599	 96.074851	 96.067336	 96.060048	 96.052983	 96.046135	   96.0395	 96.033074	  96.02685	 96.020825	 96.014993	 96.009351	 96.003893	 95.998615	 95.993512	  95.98858	 95.983814	 95.979211	 95.974765	 95.970473	 95.966331	 95.962334	 95.958478	  95.95476	 95.951175	  95.94772	 95.944392	 95.941185	 95.938097	 95.935124	 95.932263	  95.92951	 95.926862	 95.924316	 95.921868	 95.919516	 95.917256	 95.915086	 95.913002	 95.911002	 95.909083	 95.907242	 95.905476	 95.903784	 95.902163	  95.90061	 95.899123	 95.897699	 95.896337	 95.895035	 95.893789	 95.892599	 95.891462	 95.890376	 95.889341	 95.888353	 95.887411	 95.886513	 95.885659	 95.884846	 95.884073	 95.883339	 95.882641	  95.88198	 95.881353	  95.88076	 95.880199	  95.87967	  95.87917	   95.8787	 95.878258	 95.877844	 95.877456	 95.877094	 95.876757	 95.876445	 95.876156	  95.87589	 95.875647	 95.875426	 95.875226	 95.875048	  95.87489	 95.874753	 95.874636	 95.874539	 95.874461	 95.874403	 95.874365	 95.874346	
        99	 98.944825	 98.889664	 98.834534	  98.77945	 98.724426	 98.669477	 98.614619	 98.559866	 98.505233	 98.450735	 98.396386	 98.342201	 98.288195	 98.234381	 98.180773	 98.127385	 98.074232	 98.021325	  97.96868	 97.916309	 97.864224	 97.812438	 97.760965	 97.709815	 97.659001	 97.608535	 97.558427	  97.50869	 97.459333	 97.410368	 97.361804	 97.313652	 97.265921	  97.21862	 97.171759	 97.125345	 97.079388	 97.033896	 96.988875	 96.944334	  96.90028	 96.856718	 96.813656	 96.771098	 96.729052	 96.687522	 96.646513	  96.60603	 96.566076	 96.526657	 96.487774	 96.449433	 96.411634	 96.374382	 96.337677	 96.301523	  96.26592	 96.230869	 96.196372	  96.16243	 96.129042	 96.096208	 96.063928	 96.032202	 96.001028	 95.970405	 95.940333	 95.910808	 95.881829	 95.853394	 95.825499	 95.798144	 95.771323	 95.745035	 95.719275	  95.69404	 95.669326	 95.645129	 95.621444	 95.598268	 95.575594	  95.55342	 95.531739	 95.510546	 95.489836	 95.469604	 95.449843	 95.430549	 95.411716	 95.393337	 95.375406	 95.357918	 95.340866	 95.324243	 95.308044	 95.292262	 95.276891	 95.261923	 95.247352	 95.233172	 95.219376	 95.205957	 95.192909	 95.180224	 95.167897	 95.155919	 95.144286	 95.132988	 95.122021	 95.111377	  95.10105	 95.091033	 95.081319	 95.071901	 95.062774	 95.053931	 95.045364	 95.037069	 95.029038	 95.021265	 95.013744	 95.006469	 94.999434	 94.992632	 94.986058	 94.979706	  94.97357	 94.967645	 94.961924	 94.956403	 94.951075	 94.945936	  94.94098	 94.936202	 94.931597	 94.927159	 94.922885	 94.918769	 94.914807	 94.910993	 94.907324	 94.903794	   94.9004	 94.897138	 94.894002	  94.89099	 94.888097	  94.88532	 94.882654	 94.880096	 94.877642	 94.875289	 94.873034	 94.870873	 94.868803	  94.86682	 94.864923	 94.863107	 94.861371	 94.859711	 94.858125	 94.856609	 94.855162	 94.853782	 94.852465	 94.851209	 94.850013	 94.848874	 94.847791	  94.84676	 94.845781	 94.844852	 94.843971	 94.843135	 94.842345	 94.841597	 94.840891	 94.840225	 94.839599	  94.83901	 94.838458	 94.837941	 94.837458	 94.837009	 94.836592	 94.836207	 94.835853	 94.835529	 94.835234	 94.834968	 94.834731	 94.834521	 94.834338	 94.834182	 94.834052	 94.833949	 94.833872	  94.83382	 94.833795	
        99	 98.931059	 98.862137	 98.793253	 98.724426	 98.655674	 98.587016	 98.518472	 98.450058	 98.381796	 98.313701	 98.245793	  98.17809	 98.110609	 98.043369	 97.976387	  97.90968	 97.843265	  97.77716	  97.71138	 97.645943	 97.580864	 97.516159	 97.451843	 97.387932	 97.324441	 97.261384	 97.198775	 97.136629	 97.074959	 97.013777	 96.953098	 96.892932	 96.833293	 96.774191	 96.715638	 96.657646	 96.600223	 96.543381	 96.487128	 96.431475	 96.376429	 96.321999	 96.268194	 96.215019	 96.162483	 96.110592	 96.059352	 96.008768	 95.958847	 95.909593	  95.86101	 95.813102	 95.765874	 95.719327	 95.673465	 95.628291	 95.583805	  95.54001	 95.496907	 95.454496	 95.412778	 95.371753	  95.33142	 95.291778	 95.252827	 95.214565	 95.176989	 95.140098	 95.103889	  95.06836	 95.033507	 94.999326	 94.965814	 94.932967	 94.900781	  94.86925	  94.83837	 94.808136	 94.778543	 94.749584	 94.721254	 94.693547	 94.666457	 94.639976	   94.6141	  94.58882	  94.56413	 94.540022	  94.51649	 94.493526	 94.471122	  94.44927	 94.427964	 94.407194	 94.386954	 94.367234	 94.348028	 94.329326	  94.31112	 94.293402	 94.276164	 94.259398	 94.243094	 94.227245	 94.211841	 94.196876	  94.18234	 94.168224	 94.154521	 94.141221	 94.128317	 94.115801	 94.103663	 94.091896	 94.080492	 94.069442	 94.058739	 94.048374	 94.038339	 94.028627	  94.01923	  94.01014	 94.001349	 93.992851	 93.984637	   93.9767	 93.969033	 93.961629	 93.954481	 93.947582	 93.940926	 93.934504	 93.928312	 93.922342	 93.916588	 93.911043	 93.905703	  93.90056	 93.895609	 93.890844	 93.886259	 93.881849	 93.877608	 93.873532	 93.869614	 93.865851	 93.862236	 93.858765	 93.855434	 93.852238	 93.849172	 93.846232	 93.843414	 93.840714	 93.838127	 93.835651	  93.83328	 93.831011	 93.828842	 93.826768	 93.824785	 93.822892	 93.821084	 93.819359	 93.817713	 93.816145	  93.81465	 93.813227	 93.811874	 93.810586	 93.809363	 93.808202	   93.8071	 93.806057	 93.805069	 93.804135	 93.803252	 93.802421	 93.801638	 93.800902	 93.800212	 93.799566	 93.798963	 93.798402	 93.797881	   93.7974	 93.796958	 93.796553	 93.796184	 93.795852	 93.795555	 93.795293	 93.795064	 93.794869	 93.794707	 93.794578	 93.794482	 93.794418	 93.794386	
        99	 98.917313	 98.834648	 98.752028	 98.669477	 98.587016	 98.504668	 98.422456	 98.340402	 98.258527	 98.176855	 98.095407	 98.014204	 97.933268	  97.85262	 97.772282	 97.692274	 97.612616	 97.533329	 97.454434	 97.375948	 97.297892	 97.220285	 97.143145	 97.066491	  96.99034	 96.914709	 96.839617	 96.765079	 96.691111	 96.617731	 96.544952	 96.472789	 96.401258	 96.330372	 96.260144	 96.190587	 96.121715	 96.053539	  95.98607	 95.919319	 95.853297	 95.788014	  95.72348	 95.659702	 95.596691	 95.534453	 95.472995	 95.412326	  95.35245	 95.293375	 95.235105	 95.177645	 95.120999	 95.065171	 95.010164	 94.955982	 94.902627	 94.850099	 94.798401	 94.747534	 94.697498	 94.648292	 94.599916	  94.55237	 94.505652	  94.45976	 94.414692	 94.370446	 94.327017	 94.284403	   94.2426	 94.201604	  94.16141	 94.122013	 94.083409	 94.045591	 94.008554	 93.972291	 93.936797	 93.902064	 93.868085	 93.834853	 93.802361	 93.770601	 93.739565	 93.709244	 93.679631	 93.650716	 93.622492	 93.594948	 93.568077	 93.541869	 93.516314	 93.491403	 93.467127	 93.443475	 93.420439	 93.398007	 93.376172	 93.354921	 93.334246	 93.314136	 93.294581	 93.275572	 93.257097	 93.239148	 93.221713	 93.204783	 93.188347	 93.172396	 93.156919	 93.141907	 93.127349	 93.113236	 93.099557	 93.086304	 93.073467	 93.061035	 93.048999	 93.037351	  93.02608	 93.015177	 93.004634	  92.99444	 92.984589	 92.975069	 92.965874	 92.956994	 92.948421	 92.940146	 92.932162	  92.92446	 92.917033	 92.909872	 92.902971	 92.896321	 92.889916	 92.883747	 92.877809	 92.872094	 92.866595	 92.861305	 92.856219	  92.85133	 92.846631	 92.842117	 92.837782	 92.833619	 92.829624	  92.82579	 92.822113	 92.818587	 92.815207	 92.811968	 92.808866	 92.805895	 92.803052	 92.800331	 92.797729	 92.795241	 92.792864	 92.790593	 92.788424	 92.786355	 92.784382	   92.7825	 92.780708	 92.779001	 92.777377	 92.775833	 92.774366	 92.772973	 92.771652	   92.7704	 92.769215	 92.768095	 92.767037	  92.76604	   92.7651	 92.764218	  92.76339	 92.762615	 92.761892	 92.761219	 92.760595	 92.760018	 92.759487	 92.759001	  92.75856	 92.758161	 92.757805	  92.75749	 92.757216	 92.756982	 92.756788	 92.756633	 92.756518	 92.756441	 92.756402	
        99	 98.903589	 98.807204	 98.710871	 98.614619	 98.518472	 98.422456	 98.326599	 98.230926	 98.135462	 98.040234	 97.945268	 97.850587	 97.756218	 97.662185	 97.568513	 97.475225	 97.382346	   97.2899	  97.19791	 97.106398	 97.015387	 96.924899	 96.834955	 96.745578	 96.656788	 96.568605	 96.481049	  96.39414	 96.307896	 96.222336	 96.137477	 96.053338	 95.969934	 95.887283	 95.805399	 95.724298	 95.643994	 95.564502	 95.485835	 95.408006	 95.331026	 95.254908	 95.179662	   95.1053	  95.03183	 94.959262	 94.887604	 94.816865	 94.747052	 94.678171	  94.61023	 94.543233	 94.477185	 94.412091	 94.347955	  94.28478	 94.222569	 94.161323	 94.101045	 94.041735	 93.983394	 93.926021	 93.869617	 93.814179	 93.759707	 93.706198	  93.65365	  93.60206	 93.551423	 93.501736	 93.452995	 93.405195	  93.35833	 93.312394	 93.267382	 93.223288	 93.180103	 93.137822	 93.096436	 93.055939	  93.01632	 92.977573	 92.939688	 92.902656	 92.866469	 92.831116	 92.796588	 92.762874	 92.729965	  92.69785	 92.666519	  92.63596	 92.606164	 92.577119	 92.548813	 92.521236	 92.494376	 92.468222	 92.442762	 92.417984	 92.393878	  92.37043	  92.34763	 92.325465	 92.303925	 92.282996	 92.262667	 92.242927	 92.223763	 92.205164	 92.187119	 92.169615	 92.152641	 92.136185	 92.120237	 92.104784	 92.089816	 92.075321	 92.061288	 92.047706	 92.034564	 92.021852	 92.009558	 91.997673	 91.986186	 91.975087	 91.964365	 91.954011	 91.944015	 91.934367	 91.925058	 91.916078	 91.907418	 91.899069	 91.891022	 91.883269	   91.8758	 91.868608	 91.861684	  91.85502	 91.848608	 91.842441	 91.836511	  91.83081	 91.825332	 91.820068	 91.815013	  91.81016	 91.805501	 91.801032	 91.796744	 91.792633	 91.788692	 91.784916	 91.781298	 91.777835	 91.774519	 91.771347	 91.768313	 91.765412	  91.76264	 91.759992	 91.757464	 91.755051	  91.75275	 91.750556	 91.748466	 91.746476	 91.744583	 91.742783	 91.741072	 91.739448	 91.737908	 91.736448	 91.735067	  91.73376	 91.732527	 91.731364	 91.730269	  91.72924	 91.728275	 91.727371	 91.726528	 91.725743	 91.725015	 91.724343	 91.723724	 91.723157	 91.722642	 91.722178	 91.721762	 91.721395	 91.721076	 91.720803	 91.720577	 91.720396	 91.720261	 91.720172	 91.720127	
        99	 98.889891	 98.779812	 98.669794	 98.559866	 98.450058	 98.340402	 98.230926	  98.12166	 98.012633	 97.903876	 97.795417	 97.687284	 97.579508	 97.472115	 97.365134	 97.258593	 97.152519	 97.046938	 96.941878	 96.837364	 96.733423	 96.630079	 96.527357	 96.425282	 96.323877	 96.223165	  96.12317	 96.023913	 95.925416	   95.8277	 95.730785	 95.634691	 95.539438	 95.445044	 95.351527	 95.258903	 95.167191	 95.076405	 94.986561	 94.897674	 94.809758	 94.722825	 94.636889	 94.551961	 94.468053	 94.385175	 94.303336	 94.222547	 94.142815	 94.064149	 93.986554	 93.910039	 93.834607	 93.760265	 93.687017	 93.614867	 93.543817	 93.473869	 93.405027	 93.337291	 93.270661	 93.205137	 93.140719	 93.077405	 93.015194	 92.954083	 92.894069	 92.835149	 92.777318	 92.720572	 92.664906	 92.610314	 92.556791	 92.504329	 92.452922	 92.402563	 92.353243	 92.304955	 92.257689	 92.211438	  92.16619	 92.121938	 92.078671	 92.036378	 91.995049	 91.954673	 91.915239	 91.876736	 91.839151	 91.802474	 91.766691	 91.731791	 91.697762	  91.66459	 91.632262	 91.600767	 91.570091	 91.540221	 91.511144	 91.482846	 91.455315	 91.428536	 91.402496	 91.377183	 91.352581	 91.328679	 91.305462	 91.282917	 91.261031	  91.23979	 91.219181	  91.19919	 91.179804	 91.161011	 91.142796	 91.125148	 91.108053	 91.091499	 91.075472	  91.05996	 91.044951	 91.030433	 91.016393	  91.00282	 90.989701	 90.977024	 90.964779	 90.952954	 90.941538	 90.930519	 90.919887	 90.909631	 90.899741	 90.890206	 90.881016	 90.872161	 90.863631	 90.855417	 90.847509	 90.839899	 90.832576	 90.825533	  90.81876	 90.812249	 90.805992	 90.799981	 90.794208	 90.788665	 90.783345	  90.77824	 90.773343	 90.768648	 90.764147	 90.759834	 90.755703	 90.751747	 90.747961	 90.744338	 90.740873	  90.73756	 90.734394	  90.73137	 90.728482	 90.725727	 90.723099	 90.720594	 90.718207	 90.715934	 90.713772	 90.711715	 90.709762	 90.707907	 90.706148	 90.704481	 90.702903	 90.701411	 90.700002	 90.698674	 90.697424	 90.696248	 90.695146	 90.694115	 90.693152	 90.692255	 90.691424	 90.690656	 90.689949	 90.689302	 90.688714	 90.688183	 90.687708	 90.687289	 90.686924	 90.686613	 90.686355	 90.686149	 90.685994	 90.685892	 90.685841	
        99	 98.876223	 98.752481	 98.628806	 98.505233	 98.381796	 98.258527	 98.135462	 98.012633	 97.890074	 97.767817	 97.645895	  97.52434	 97.403185	 97.282462	 97.162202	 97.042436	 96.923195	 96.804509	 96.686408	 96.568922	 96.452078	 96.335906	 96.220434	 96.105688	 95.991696	 95.878483	 95.766076	 95.654498	 95.543775	 95.433929	 95.324985	 95.216964	 95.109887	 95.003776	  94.89865	  94.79453	 94.691433	 94.589378	 94.488382	 94.388462	 94.289633	 94.191909	 94.095306	 93.999836	 93.905513	 93.812347	  93.72035	 93.629533	 93.539904	 93.451473	 93.364247	 93.278233	 93.193439	 93.109869	 93.027529	 92.946422	 92.866553	 92.787924	 92.710536	 92.634392	 92.559491	 92.485834	  92.41342	 92.342247	 92.272314	 92.203617	 92.136154	  92.06992	 92.004911	 91.941121	 91.878545	 91.817177	  91.75701	 91.698036	 91.640249	 91.583638	 91.528196	 91.473914	 91.420782	 91.368789	 91.317925	  91.26818	 91.219542	    91.172	 91.125541	 91.080153	 91.035824	 90.992542	 90.950292	 90.909062	 90.868837	 90.829605	 90.791352	 90.754062	 90.717722	 90.682318	 90.647834	 90.614256	  90.58157	 90.549759	  90.51881	 90.488707	 90.459436	  90.43098	 90.403325	 90.376456	 90.350357	 90.325014	 90.300411	 90.276533	 90.253365	 90.230893	 90.209101	 90.187975	   90.1675	 90.147661	 90.128444	 90.109835	 90.091818	 90.074381	  90.05751	 90.041189	 90.025407	 90.010148	 89.995401	 89.981151	 89.967386	 89.954093	  89.94126	 89.928873	 89.916922	 89.905393	 89.894275	 89.883556	 89.873225	 89.863271	 89.853683	 89.844449	  89.83556	 89.827004	 89.818773	 89.810855	 89.803242	 89.795923	 89.788889	 89.782132	 89.775642	 89.769411	  89.76343	 89.757692	 89.752187	 89.746909	  89.74185	 89.737002	 89.732358	 89.727911	 89.723654	 89.719582	 89.715686	 89.711962	 89.708403	 89.705004	 89.701758	 89.698661	 89.695706	  89.69289	 89.690207	 89.687652	 89.685221	  89.68291	 89.680714	 89.678629	 89.676651	 89.674777	 89.673004	 89.671327	 89.669743	  89.66825	 89.666844	 89.665523	 89.664284	 89.663124	 89.662042	 89.661034	   89.6601	 89.659236	 89.658441	 89.657714	 89.657053	 89.656456	 89.655923	 89.655452	 89.655042	 89.654692	 89.654401	  89.65417	 89.653996	 89.653881	 89.653823	
        99	 98.862589	 98.725217	 98.587919	 98.450735	 98.313701	 98.176855	 98.040234	 97.903876	 97.767817	 97.632093	 97.496741	 97.361798	 97.227298	 97.093277	 96.959771	 96.826813	 96.694437	 96.562678	 96.431569	 96.301141	 96.171427	 96.042459	 95.914268	 95.786883	 95.660335	 95.534652	 95.409863	 95.285995	 95.163076	 95.041131	 94.920186	 94.800266	 94.681395	 94.563596	 94.446891	 94.331302	 94.216849	 94.103553	 93.991433	 93.880506	 93.770791	 93.662303	  93.55506	 93.449074	 93.344361	 93.240933	 93.138803	 93.037982	 92.938481	 92.840309	 92.743475	 92.647987	 92.553853	 92.461078	 92.369668	 92.279628	 92.190961	  92.10367	 92.017759	 91.933227	 91.850076	 91.768306	 91.687915	 91.608903	 91.531267	 91.455003	 91.380109	 91.306579	 91.234409	 91.163593	 91.094125	 91.025997	 90.959203	 90.893733	  90.82958	 90.766734	 90.705186	 90.644924	 90.585939	  90.52822	 90.471754	 90.416529	 90.362533	 90.309754	 90.258178	 90.207791	 90.158579	 90.110529	 90.063625	 90.017854	 89.973199	 89.929645	 89.887178	 89.845781	 89.805439	 89.766134	 89.727852	 89.690576	 89.654289	 89.618975	 89.584617	 89.551198	 89.518702	 89.487112	 89.456411	 89.426582	 89.397609	 89.369474	 89.342161	 89.315653	 89.289933	 89.264986	 89.240794	 89.217341	  89.19461	 89.172586	 89.151252	 89.130593	 89.110592	 89.091234	 89.072504	 89.054386	 89.036865	 89.019926	 89.003554	 88.987735	 88.972454	 88.957697	  88.94345	 88.929699	 88.916431	 88.903632	 88.891289	  88.87939	 88.867921	 88.856871	 88.846226	 88.835975	 88.826107	 88.816609	 88.807471	 88.798681	 88.790229	 88.782104	 88.774296	 88.766794	  88.75959	 88.752672	 88.746033	 88.739662	 88.733551	 88.727692	 88.722075	 88.716693	 88.711537	   88.7066	 88.701875	 88.697354	 88.693029	 88.688895	 88.684944	  88.68117	 88.677567	 88.674128	 88.670849	 88.667722	 88.664744	 88.661907	 88.659209	 88.656643	 88.654205	  88.65189	 88.649695	 88.647615	 88.645645	 88.643784	 88.642026	 88.640368	 88.638807	 88.637341	 88.635965	 88.634678	 88.633476	 88.632358	  88.63132	 88.630361	 88.629479	 88.628672	 88.627938	 88.627275	 88.626683	  88.62616	 88.625705	 88.625316	 88.624994	 88.624737	 88.624544	 88.624416	 88.624352	
        99	 98.848993	 98.698027	 98.547145	 98.396386	 98.245793	 98.095407	 97.945268	 97.795417	 97.645895	 97.496741	 97.347997	 97.199701	 97.051893	 96.904611	 96.757894	  96.61178	 96.466307	  96.32151	 96.177428	 96.034094	 95.891546	 95.749817	 95.608941	 95.468952	 95.329882	 95.191763	 95.054626	 94.918502	  94.78342	 94.649409	 94.516497	 94.384711	 94.254078	 94.124623	  93.99637	 93.869344	 93.743566	  93.61906	 93.495845	 93.373943	 93.253371	 93.134149	 93.016294	 92.899821	 92.784747	 92.671085	  92.55885	 92.448053	 92.338706	  92.23082	 92.124405	 92.019469	  91.91602	 91.814065	  91.71361	 91.614661	  91.51722	 91.421293	  91.32688	 91.233984	 91.142606	 91.052745	   90.9644	 90.877569	 90.792251	 90.708441	 90.626136	 90.545331	  90.46602	 90.388197	 90.311855	 90.236986	 90.163582	 90.091635	 90.021134	  89.95207	 89.884431	 89.818207	 89.753385	 89.689954	 89.627901	 89.567212	 89.507874	 89.449872	 89.393193	  89.33782	 89.283739	 89.230934	  89.17939	 89.129089	 89.080015	 89.032153	 88.985483	  88.93999	 88.895656	 88.852462	 88.810392	 88.769428	  88.72955	 88.690742	 88.652984	 88.616259	 88.580547	 88.545831	 88.512092	 88.479312	 88.447472	 88.416553	 88.386537	 88.357407	 88.329142	 88.301726	  88.27514	 88.249367	 88.224387	 88.200184	 88.176739	 88.154035	 88.132056	 88.110783	 88.090199	 88.070288	 88.051033	 88.032418	 88.014426	 87.997042	 87.980249	 87.964032	 87.948375	 87.933263	 87.918682	 87.904617	 87.891053	 87.877976	 87.865373	 87.853229	 87.841531	 87.830266	 87.819421	 87.808984	 87.798941	 87.789282	 87.779993	 87.771064	 87.762483	  87.75424	 87.746322	  87.73872	 87.731424	 87.724423	 87.717707	 87.711268	 87.705095	 87.699181	 87.693515	  87.68809	 87.682897	 87.677928	 87.673176	 87.668633	 87.664291	 87.660143	 87.656184	 87.652405	 87.648801	 87.645365	 87.642091	 87.638974	 87.636009	 87.633189	  87.63051	 87.627966	 87.625553	 87.623267	 87.621103	 87.619057	 87.617125	 87.615304	 87.613589	 87.611977	 87.610465	  87.60905	  87.60773	 87.606501	 87.605361	 87.604307	 87.603337	  87.60245	 87.601644	 87.600916	 87.600265	  87.59969	  87.59919	 87.598763	 87.598408	 87.598126	 87.597914	 87.597774	 87.597703	
        99	 98.835437	  98.67092	 98.506493	 98.342201	  98.17809	 98.014204	 97.850587	 97.687284	  97.52434	 97.361798	 97.199701	 97.038093	 96.877017	 96.716514	 96.556627	 96.397396	 96.238864	  96.08107	 95.924053	 95.767853	 95.612508	 95.458057	 95.304535	 95.151979	 95.000425	 94.849907	  94.70046	 94.552117	 94.404909	 94.258868	 94.114025	 93.970409	 93.828049	 93.686973	 93.547208	 93.408778	  93.27171	 93.136027	 93.001752	 92.868907	 92.737512	 92.607588	 92.479153	 92.352225	  92.22682	 92.102955	 91.980645	 91.859902	 91.740739	 91.623169	 91.507201	 91.392845	  91.28011	 91.169003	 91.059531	 90.951698	 90.845511	 90.740972	 90.638085	  90.53685	 90.437269	 90.339341	 90.243065	  90.14844	 90.055463	  89.96413	 89.874437	 89.786378	 89.699947	 89.615138	 89.531943	 89.450354	 89.370361	 89.291955	 89.215125	 89.139861	 89.066151	 88.993982	 88.923341	 88.854217	 88.786593	 88.720456	 88.655791	 88.592583	 88.530815	 88.470472	 88.411536	 88.353991	  88.29782	 88.243003	 88.189525	 88.137366	 88.086507	  88.03693	 87.988616	 87.941545	 87.895698	 87.851056	 87.807599	 87.765307	  87.72416	 87.684138	 87.645221	 87.607388	 87.570621	 87.534898	 87.500199	 87.466505	 87.433795	 87.402049	 87.371248	 87.341371	 87.312398	 87.284311	 87.257089	 87.230713	 87.205164	 87.180422	 87.156469	 87.133287	 87.110855	 87.089157	 87.068174	 87.047888	 87.028281	 87.009336	 86.991035	 86.973362	   86.9563	 86.939832	 86.923942	 86.908614	 86.893833	 86.879582	 86.865847	 86.852613	 86.839865	 86.827589	  86.81577	 86.804396	 86.793452	 86.782925	 86.772803	 86.763073	 86.753721	 86.744738	 86.736109	 86.727825	 86.719874	 86.712244	 86.704926	 86.697909	 86.691182	 86.684736	 86.678562	  86.67265	 86.666991	 86.661576	 86.656397	 86.651446	 86.646714	 86.642195	 86.637879	 86.633761	 86.629834	 86.626089	 86.622522	 86.619125	 86.615894	 86.612821	 86.609901	 86.607129	   86.6045	 86.602008	  86.59965	 86.597421	 86.595315	  86.59333	 86.591461	 86.589704	 86.588057	 86.586515	 86.585076	 86.583737	 86.582494	 86.581346	 86.580289	 86.579323	 86.578444	  86.57765	 86.576941	 86.576315	 86.575769	 86.575304	 86.574918	  86.57461	  86.57438	 86.574226	  86.57415	
        99	 98.821927	 98.643902	 98.465975	 98.288195	 98.110609	 97.933268	 97.756218	 97.579508	 97.403185	 97.227298	 97.051893	 96.877017	 96.702715	 96.529035	 96.356021	 96.183717	 96.012169	 95.841419	 95.671511	 95.502487	 95.334388	 95.167256	 95.001129	 94.836048	 94.672052	 94.509176	 94.347459	 94.186936	 94.027642	 93.869611	 93.712876	 93.557469	 93.403422	 93.250763	 93.099522	 92.949728	 92.801406	 92.654583	 92.509284	 92.365531	 92.223349	 92.082758	 91.943778	 91.806429	 91.670728	 91.536694	 91.404341	 91.273685	 91.144739	 91.017516	 90.892027	 90.768282	 90.646291	 90.526062	 90.407602	 90.290916	 90.176011	 90.062889	 89.951554	 89.842008	 89.734251	 89.628283	 89.524103	 89.421709	 89.321099	 89.222267	  89.12521	 89.029921	 88.936394	 88.844622	 88.754596	 88.666308	 88.579748	 88.494904	 88.411767	 88.330323	 88.250561	 88.172467	 88.096027	 88.021227	 87.948051	 87.876484	  87.80651	 87.738113	 87.671274	 87.605976	 87.542202	 87.479932	 87.419149	 87.359832	 87.301963	 87.245521	 87.190487	 87.136839	 87.084558	 87.033623	 86.984013	 86.935705	  86.88868	 86.842916	  86.79839	 86.755082	  86.71297	 86.672032	 86.632245	  86.59359	 86.556042	 86.519582	 86.484186	 86.449834	 86.416504	 86.384174	 86.352822	 86.322429	 86.292972	  86.26443	 86.236783	 86.210011	 86.184091	 86.159005	 86.134732	 86.111253	 86.088547	 86.066595	 86.045378	 86.024878	 86.005075	 85.985951	 85.967487	 85.949668	 85.932473	 85.915887	 85.899892	 85.884471	 85.869608	 85.855288	 85.841493	 85.828209	  85.81542	 85.803112	 85.791269	 85.779879	 85.768925	 85.758396	 85.748277	 85.738556	 85.729219	 85.720254	  85.71165	 85.703394	 85.695475	 85.687882	 85.680603	 85.673628	 85.666947	 85.660549	 85.654426	 85.648566	 85.642962	 85.637604	 85.632484	 85.627594	 85.622924	 85.618468	 85.614218	 85.610166	 85.606306	  85.60263	 85.599133	 85.595808	 85.592648	 85.589649	 85.586804	 85.584108	 85.581556	 85.579143	 85.576865	 85.574717	 85.572694	 85.570794	 85.569011	 85.567343	 85.565786	 85.564336	 85.562992	 85.561749	 85.560606	  85.55956	 85.558609	  85.55775	 85.556983	 85.556305	 85.555715	 85.555211	 85.554793	  85.55446	 85.554211	 85.554045	 85.553962	
        99	 98.808464	  98.61698	 98.425602	 98.234381	 98.043369	  97.85262	 97.662185	 97.472115	 97.282462	 97.093277	 96.904611	 96.716514	 96.529035	 96.342224	 96.156129	 95.970799	 95.786282	 95.602623	 95.419869	 95.238067	 95.057259	 94.877491	 94.698805	 94.521243	 94.344848	 94.169659	 93.995716	 93.823057	  93.65172	 93.481741	 93.313157	 93.146001	 92.980306	 92.816106	 92.653432	 92.492312	 92.332777	 92.174854	 92.018569	 91.863949	 91.711017	 91.559797	  91.41031	 91.262577	 91.116617	  90.97245	 90.830091	 90.689557	 90.550862	  90.41402	 90.279044	 90.145944	  90.01473	 89.885411	 89.757995	 89.632488	 89.508896	 89.387222	  89.26747	 89.149641	 89.033737	 88.919758	 88.807702	 88.697567	  88.58935	 88.483046	 88.378651	 88.276158	 88.175561	  88.07685	 87.980019	 87.885056	 87.791951	 87.700693	  87.61127	 87.523669	 87.437877	 87.353879	  87.27166	 87.191205	 87.112497	 87.035519	 86.960255	 86.886686	 86.814794	  86.74456	 86.675964	 86.608987	 86.543608	 86.479807	 86.417562	 86.356853	 86.297658	 86.239955	 86.183722	 86.128936	 86.075574	 86.023615	 85.973035	  85.92381	 85.875918	 85.829336	  85.78404	 85.740007	 85.697213	 85.655634	 85.615248	 85.576031	  85.53796	  85.50101	  85.46516	 85.430386	 85.396664	 85.363973	 85.332289	  85.30159	 85.271853	 85.243056	 85.215177	 85.188194	 85.162086	 85.136831	 85.112409	 85.088797	 85.065977	 85.043926	 85.022626	 85.002056	 84.982197	  84.96303	 84.944536	 84.926695	 84.909491	 84.892904	 84.876918	 84.861515	 84.846677	 84.832389	 84.818633	 84.805395	 84.792657	 84.780405	 84.768623	 84.757298	 84.746414	 84.735958	 84.725915	 84.716273	 84.707018	 84.698138	  84.68962	 84.681453	 84.673623	 84.666121	 84.658935	 84.652054	 84.645467	 84.639165	 84.633137	 84.627374	 84.621867	 84.616607	 84.611584	 84.606791	 84.602219	 84.597861	 84.593709	 84.589756	 84.585994	 84.582418	 84.579019	 84.575793	 84.572733	 84.569833	 84.567089	 84.564493	 84.562043	 84.559732	 84.557557	 84.555513	 84.553595	 84.551801	 84.550126	 84.548567	  84.54712	 84.545784	 84.544554	 84.543429	 84.542406	 84.541483	 84.540657	 84.539928	 84.539293	 84.538752	 84.538302	 84.537944	 84.537676	 84.537497	 84.537408	
        99	 98.795053	 98.590161	 98.385383	 98.180773	 97.976387	 97.772282	 97.568513	 97.365134	 97.162202	 96.959771	 96.757894	 96.556627	 96.356021	 96.156129	 95.957005	 95.758698	 95.561261	 95.364742	 95.169193	  94.97466	 94.781193	 94.588837	  94.39764	 94.207646	 94.018899	 93.831444	 93.645321	 93.460573	 93.277239	 93.095359	  92.91497	  92.73611	 92.558814	 92.383117	 92.209052	 92.036651	 91.865945	 91.696965	 91.529737	 91.364291	 91.200651	 91.038842	 90.878888	 90.720811	 90.564632	 90.410369	 90.258043	 90.107669	 89.959263	  89.81284	 89.668412	 89.525993	 89.385591	 89.247218	  89.11088	 88.976585	 88.844339	 88.714146	 88.586009	  88.45993	 88.335911	 88.213951	 88.094048	 87.976202	 87.860407	 87.746661	 87.634956	 87.525287	 87.417645	 87.312023	 87.208412	 87.106799	 87.007176	 86.909528	 86.813844	 86.720109	  86.62831	  86.53843	 86.450454	 86.364366	 86.280147	 86.197779	 86.117245	 86.038525	 85.961599	 85.886447	 85.813048	 85.741381	 85.671425	 85.603156	 85.536554	 85.471594	 85.408254	 85.346511	  85.28634	 85.227718	  85.17062	 85.115023	 85.060901	  85.00823	 84.956985	 84.907141	 84.858673	 84.811557	 84.765766	 84.721277	 84.678063	   84.6361	 84.595362	 84.555826	 84.517466	 84.480256	 84.444174	 84.409194	 84.375291	 84.342442	 84.310623	  84.27981	 84.249979	 84.221107	 84.193171	 84.166148	 84.140015	  84.11475	 84.090332	 84.066737	 84.043946	 84.021936	 84.000686	 83.980177	 83.960388	 83.941298	 83.922889	 83.905141	 83.888036	 83.871554	 83.855677	 83.840388	  83.82567	 83.811504	 83.797874	 83.784764	 83.772158	  83.76004	 83.748394	 83.737205	 83.726459	 83.716142	 83.706239	 83.696738	 83.687623	 83.678884	 83.670506	 83.662479	 83.654789	 83.647426	 83.640379	 83.633635	 83.627185	 83.621019	 83.615126	 83.609497	 83.604123	 83.598994	 83.594103	  83.58944	 83.584997	 83.580767	 83.576742	 83.572914	 83.569278	 83.565826	 83.562552	 83.559449	 83.556512	 83.553735	 83.551113	 83.548641	 83.546313	 83.544126	 83.542074	 83.540154	 83.538362	 83.536693	 83.535146	 83.533716	   83.5324	 83.531196	 83.530101	 83.529113	  83.52823	  83.52745	 83.526771	 83.526191	  83.52571	 83.525327	  83.52504	 83.524849	 83.524754	
        99	 98.781697	 98.563453	 98.345329	 98.127385	  97.90968	 97.692274	 97.475225	 97.258593	 97.042436	 96.826813	  96.61178	 96.397396	 96.183717	 95.970799	 95.758698	 95.547468	 95.337164	 95.127839	 94.919546	 94.712336	 94.506261	  94.30137	 94.097712	 93.895337	  93.69429	 93.494618	 93.296366	 93.099578	 92.904297	 92.710564	  92.51842	 92.327904	 92.139054	 91.951907	 91.766498	 91.582862	 91.401032	 91.221039	 91.042914	 90.866686	 90.692381	 90.520028	  90.34965	 90.181271	 90.014914	 89.850599	 89.688345	 89.528171	 89.370094	 89.214129	  89.06029	 88.908589	 88.759038	 88.611647	 88.466424	 88.323378	 88.182513	 88.043835	 87.907348	 87.773053	 87.640951	 87.511043	 87.383327	 87.257801	  87.13446	 87.013301	 86.894317	   86.7775	 86.662844	 86.550339	 86.439975	 86.331741	 86.225625	 86.121614	 86.019694	 85.919851	 85.822069	 85.726332	 85.632623	 85.540924	 85.451217	 85.363482	   85.2777	 85.193849	  85.11191	 85.031861	 84.953679	 84.877341	 84.802826	 84.730108	 84.659165	 84.589973	 84.522505	 84.456738	 84.392646	 84.330203	 84.269385	 84.210164	 84.152515	 84.096412	 84.041827	 83.988735	 83.937109	 83.886922	 83.838147	 83.790758	 83.744728	  83.70003	 83.656638	 83.614525	 83.573665	 83.534031	 83.495597	 83.458337	 83.422225	 83.387236	 83.353343	 83.320522	 83.288747	 83.257993	 83.228237	 83.199452	 83.171617	 83.144706	 83.118696	 83.093564	 83.069287	 83.045842	 83.023208	 83.001362	 82.980283	  82.95995	 82.940341	 82.921437	 82.903216	  82.88566	 82.868749	 82.852464	 82.836786	 82.821697	 82.807179	 82.793215	 82.779787	 82.766879	 82.754474	 82.742556	  82.73111	 82.720121	 82.709573	 82.699452	 82.689743	 82.680434	 82.671511	 82.662961	  82.65477	 82.646927	  82.63942	 82.632237	 82.625367	 82.618799	 82.612522	 82.606526	 82.600802	 82.595339	 82.590128	 82.585161	 82.580429	 82.575923	 82.571636	 82.567559	 82.563686	 82.560009	 82.556521	 82.553216	 82.550088	  82.54713	 82.544337	 82.541704	 82.539224	 82.536894	 82.534709	 82.532664	 82.530755	 82.528978	 82.527329	 82.525806	 82.524405	 82.523122	 82.521956	 82.520904	 82.519963	 82.519132	 82.518408	 82.517791	 82.517279	  82.51687	 82.516565	 82.516362	  82.51626	
        99	 98.768399	 98.536862	 98.305451	 98.074232	 97.843265	 97.612616	 97.382346	 97.152519	 96.923195	 96.694437	 96.466307	 96.238864	 96.012169	 95.786282	 95.561261	 95.337164	  95.11405	 94.891974	 94.670993	 94.451161	 94.232533	 94.015162	 93.799099	 93.584396	 93.371103	 93.159269	 92.948941	 92.740166	 92.532989	 92.327456	 92.123607	 91.921486	 91.721133	 91.522586	 91.325884	 91.131062	 90.938156	 90.747199	 90.558224	 90.371261	 90.186339	 90.003487	 89.822731	 89.644096	 89.467605	 89.293281	 89.121144	 88.951214	 88.783508	 88.618042	 88.454832	  88.29389	  88.13523	 87.978861	 87.824792	 87.673032	 87.523587	 87.376462	 87.231661	 87.089185	 86.949037	 86.811216	 86.675721	 86.542548	 86.411695	 86.283155	 86.156923	 86.032991	 85.911351	 85.791993	 85.674906	 85.560079	 85.447499	 85.337153	 85.229025	   85.1231	 85.019362	 84.917793	 84.818376	 84.721092	  84.62592	 84.532841	 84.441833	 84.352875	 84.265945	 84.181019	 84.098075	 84.017088	 83.938033	 83.860886	 83.785622	 83.712214	 83.640637	 83.570864	 83.502868	 83.436622	 83.372099	 83.309271	  83.24811	 83.188589	  83.13068	 83.074354	 83.019583	 82.966339	 82.914593	 82.864317	 82.815484	 82.768063	 82.722028	  82.67735	 82.634001	 82.591952	 82.551177	 82.511648	 82.473336	 82.436215	 82.400258	 82.365437	 82.331727	   82.2991	 82.267531	 82.236993	 82.207462	 82.178912	 82.151318	 82.124655	 82.098899	 82.074027	 82.050014	 82.026837	 82.004474	 81.982902	 81.962099	 81.942043	 81.922713	 81.904087	 81.886146	 81.868869	 81.852236	 81.836228	 81.820826	 81.806011	 81.791765	 81.778071	  81.76491	 81.752267	 81.740123	 81.728464	 81.717274	 81.706536	 81.696237	 81.686361	 81.676894	 81.667822	 81.659133	 81.650812	 81.642848	 81.635227	 81.627939	  81.62097	 81.614311	  81.60795	 81.601877	 81.596082	 81.590554	 81.585284	 81.580264	 81.575483	 81.570935	  81.56661	 81.562501	   81.5586	 81.554899	 81.551393	 81.548074	 81.544936	 81.541973	 81.539179	 81.536549	 81.534077	 81.531758	 81.529589	 81.527563	 81.525678	 81.523929	 81.522313	 81.520827	 81.519466	 81.518229	 81.517112	 81.516114	 81.515233	 81.514465	  81.51381	 81.513267	 81.512833	 81.512509	 81.512293	 81.512186	
