Time step 54:
        99	        99	        99	        99	        99	        99	        99	        99	        99	        99	        99	        99	        99	        99	        99	        99	        99	        99	        99	        99	        99	        99	        99	        99	        99	        99	        99	        99	        99	        99	        99	        99	        99	        99	        99	        99	        99	        99	        99	        99	        99	        99	        99	        99	        99	        99	        99	        99	        99	        99	        99	        99	        99	        99	        99	        99	        99	        99	        99	        99	        99	        99	        99	        99	        99	        99	        99	        99	        99	        99	        99	        99	        99	        99	        99	        99	        99	        99	        99	        99	        99	        99	        99	        99	        99	        99	        99	        99	        99	        99	        99	        99	        99	        99	        99	        99	        99	        99	        99	        99	        99	        99	        99	        99	        99	        99	        99	        99	        99	        99	        99	        99	        99	        99	        99	        99	        99	        99	        99	        99	        99	        99	        99	        99	        99	        99	        99	        99	        99	        99	        99	        99	        99	        99	        99	        99	        99	        99	        99	        99	        99	        99	        99	        99	        99	        99	        99	        99	        99	        99	        99	        99	        99	        99	        99	        99	        99	        99	        99	        99	        99	        99	        99	        99	        99	        99	        99	        99	        99	        99	        99	        99	        99	        99	        99	        99	        99	        99	        99	        99	        99	        99	        99	        99	        99	        99	        99	        99	        99	        99	        99	        99	        99	        99	        99	        99	        99	        99	        99	        99	
        99	 98.988242	 98.976486	 98.964735	 98.952993	 98.941262	 98.929545	 98.917844	 98.906162	 98.894503	 98.882867	 98.871259	  98.85968	 98.848134	 98.836623	  98.82515	 98.813717	 98.802327	 98.790981	 98.779684	 98.768436	 98.757241	 98.746101	 98.735018	 98.723994	 98.713032	 98.702134	 98.691302	 98.680538	 98.669845	 98.659224	 98.648676	 98.638206	 98.627813	   98.6175	 98.607269	 98.597121	 98.587058	 98.577082	 98.567194	 98.557396	 98.547689	 98.538074	 98.528554	 98.519129	   98.5098	 98.500569	 98.491437	 98.482405	 98.473473	 98.464643	 98.455916	 98.447292	 98.438773	 98.430358	 98.422049	 98.413846	  98.40575	 98.397761	  98.38988	 98.382106	 98.374441	 98.366885	 98.359437	 98.352098	 98.344868	 98.337747	 98.330735	 98.323833	 98.317039	 98.310354	 98.303777	 98.297309	 98.290948	 98.284696	  98.27855	 98.272511	 98.266579	 98.260753	 98.255032	 98.249415	 98.243903	 98.238494	 98.233188	 98.227984	 98.222881	 98.217878	 98.212975	 98.208171	 98.203465	 98.198855	 98.194342	 98.189924	 98.185599	 98.181368	 98.177229	  98.17318	 98.169222	 98.165352	  98.16157	 98.157875	 98.154265	 98.150739	 98.147297	 98.143936	 98.140656	 98.137456	 98.134334	 98.131289	 98.128321	 98.125427	 98.122606	 98.119858	 98.117181	 98.114574	 98.112035	 98.109564	  98.10716	  98.10482	 98.102544	  98.10033	 98.098178	 98.096086	 98.094053	 98.092078	 98.090159	 98.088296	 98.086487	 98.084731	 98.083027	 98.081374	 98.079771	 98.078216	 98.076709	 98.075248	 98.073832	 98.072461	 98.071133	 98.069848	 98.068603	 98.067399	 98.066234	 98.065107	 98.064017	 98.062964	 98.061946	 98.060963	 98.060013	 98.059096	 98.058211	 98.057357	 98.056533	 98.055738	 98.054972	 98.054234	 98.053523	 98.052838	 98.052179	 98.051545	 98.050935	 98.050348	 98.049785	 98.049244	 98.048724	 98.048225	 98.047747	 98.047289	  98.04685	 98.046429	 98.046028	 98.045643	 98.045277	 98.044927	 98.044593	 98.044275	 98.043973	 98.043686	 98.043414	 98.043157	 98.042913	 98.042683	 98.042467	 98.042263	 98.042073	 98.041895	 98.041729	 98.041576	 98.041434	 98.041304	 98.041186	 98.041078	 98.040982	 98.040897	 98.040823	  98.04076	 98.040707	 98.040665	 98.040634	 98.040613	 98.040602	
        99	 98.976486	 98.952977	 98.929479	 98.905998	 98.882539	 98.859107	 98.835708	 98.812347	  98.78903	 98.765762	 98.742548	 98.719394	 98.696304	 98.673285	 98.650341	 98.627478	 98.604699	 98.582011	 98.559419	 98.536926	 98.514539	 98.492261	 98.470098	 98.448053	 98.426132	 98.404338	 98.382677	 98.361152	 98.339767	 98.318527	 98.297435	 98.276496	 98.255713	 98.235089	 98.214629	 98.194336	 98.174212	 98.154262	 98.134489	 98.114895	 98.095483	 98.076257	 98.057218	  98.03837	 98.019715	 98.001256	 97.982993	  97.96493	 97.947069	 97.929412	 97.911959	 97.894714	 97.877677	 97.860849	 97.844233	 97.827829	 97.811639	 97.795663	 97.779902	 97.764357	 97.749028	 97.733917	 97.719023	 97.704347	 97.689889	 97.675649	 97.661627	 97.647823	 97.634237	 97.620868	 97.607717	 97.594781	 97.582062	 97.569558	 97.557269	 97.545193	  97.53333	 97.521678	 97.510238	 97.499006	 97.487983	 97.477166	 97.466555	 97.456148	 97.445943	 97.435939	 97.426135	 97.416528	 97.407116	 97.397898	 97.388873	 97.380037	 97.371389	 97.362928	  97.35465	 97.346554	 97.338638	   97.3309	 97.323337	 97.315947	 97.308728	 97.301677	 97.294793	 97.288072	 97.281513	 97.275113	  97.26887	 97.262782	 97.256845	 97.251058	 97.245417	 97.239922	 97.234569	 97.229355	 97.224278	 97.219337	 97.214528	 97.209849	 97.205297	  97.20087	 97.196567	 97.192383	 97.188318	 97.184368	 97.180531	 97.176805	 97.173187	 97.169676	 97.166268	 97.162963	 97.159756	 97.156647	 97.153633	 97.150712	 97.147881	 97.145139	 97.142484	 97.139913	 97.137424	 97.135016	 97.132686	 97.130432	 97.128253	 97.126147	 97.124111	 97.122145	 97.120246	 97.118412	 97.116642	 97.114934	 97.113286	 97.111697	 97.110165	 97.108689	 97.107267	 97.105898	  97.10458	 97.103312	 97.102092	 97.100919	 97.099792	 97.098709	  97.09767	 97.096673	 97.095717	   97.0948	 97.093922	 97.093082	 97.092278	  97.09151	 97.090776	 97.090077	 97.089409	 97.088774	  97.08817	 97.087597	 97.087052	 97.086537	  97.08605	  97.08559	 97.085157	  97.08475	 97.084369	 97.084014	 97.083682	 97.083375	 97.083092	 97.082832	 97.082595	 97.082381	 97.082189	 97.082019	 97.081871	 97.081744	 97.081639	 97.081555	 97.081492	  97.08145	 97.081429	
        99	 98.964735	 98.929479	 98.894239	 98.859024	 98.823842	 98.788701	 98.753609	 98.718575	 98.683606	 98.648711	 98.613897	 98.579172	 98.544545	 98.510023	 98.475614	 98.441325	 98.407165	 98.373139	 98.339257	 98.305525	  98.27195	  98.23854	 98.205301	 98.172241	 98.139365	 98.106681	 98.074195	 98.041914	 98.009843	 97.977989	 97.946358	 97.914955	 97.883786	 97.852857	 97.822173	 97.791739	  97.76156	 97.731641	 97.701986	 97.672601	 97.643489	 97.614655	 97.586103	 97.557837	 97.529859	 97.502175	 97.474787	 97.447698	 97.420912	  97.39443	 97.368257	 97.342393	 97.316843	 97.291607	 97.266687	 97.242086	 97.217805	 97.193846	 97.170209	 97.146896	 97.123908	 97.101246	 97.078909	 97.056899	 97.035217	 97.013861	 96.992832	  96.97213	 96.951755	 96.931706	 96.911982	 96.892583	 96.873508	 96.854755	 96.836325	 96.818215	 96.800423	  96.78295	 96.765792	 96.748948	 96.732416	 96.716194	 96.700281	 96.684673	 96.669369	 96.654366	 96.639662	 96.625254	 96.611139	 96.597316	  96.58378	 96.570529	  96.55756	  96.54487	 96.532456	 96.520315	 96.508443	 96.496837	 96.485495	 96.474412	 96.463586	 96.453012	 96.442687	 96.432609	 96.422772	 96.413174	 96.403812	  96.39468	 96.385777	 96.377098	 96.368639	 96.360397	 96.352369	  96.34455	 96.336937	 96.329526	 96.322313	 96.315296	  96.30847	 96.301831	 96.295377	 96.289103	 96.283006	 96.277082	 96.271328	  96.26574	 96.260315	 96.255049	 96.249939	 96.244981	 96.240172	  96.23551	 96.230989	 96.226608	 96.222363	 96.218251	 96.214269	 96.210413	  96.20668	 96.203069	 96.199574	 96.196195	 96.192927	 96.189768	 96.186715	 96.183766	 96.180918	 96.178168	 96.175513	 96.172951	  96.17048	 96.168097	   96.1658	 96.163587	 96.161454	   96.1594	 96.157424	 96.155522	 96.153692	 96.151933	 96.150243	  96.14862	 96.147061	 96.145566	 96.144131	 96.142757	  96.14144	  96.14018	 96.138975	 96.137823	 96.136723	 96.135673	 96.134673	  96.13372	 96.132814	 96.131954	 96.131138	 96.130365	 96.129634	 96.128944	 96.128295	 96.127685	 96.127114	  96.12658	 96.126084	 96.125623	 96.125198	 96.124808	 96.124453	 96.124132	 96.123844	 96.123589	 96.123366	 96.123176	 96.123019	 96.122893	 96.122798	 96.122735	 96.122704	
        99	 98.952993	 98.905998	 98.859024	 98.812084	 98.765187	 98.718345	 98.671569	 98.624869	 98.578257	 98.531742	 98.485336	  98.43905	 98.392893	 98.346876	 98.301009	 98.255303	 98.209768	 98.164414	  98.11925	 98.074286	 98.029532	 97.984997	  97.94069	 97.896622	   97.8528	 97.809233	  97.76593	   97.7229	 97.680151	 97.637691	 97.595527	 97.553668	 97.512121	 97.470893	 97.429992	 97.389424	 97.349196	 97.309315	 97.269787	 97.230617	 97.191812	 97.153377	 97.115318	  97.07764	 97.040347	 97.003445	 96.966937	 96.930828	 96.895123	 96.859824	 96.824936	 96.790461	 96.756402	 96.722763	 96.689547	 96.656754	 96.624388	 96.592451	 96.560944	 96.529869	 96.499226	 96.469018	 96.439244	 96.409906	 96.381003	 96.352536	 96.324506	 96.296911	 96.269751	 96.243026	 96.216735	 96.190877	  96.16545	 96.140454	 96.115886	 96.091746	 96.068031	 96.044739	 96.021868	 95.999415	 95.977379	 95.955756	 95.934544	 95.913739	 95.893339	 95.873341	 95.853741	 95.834535	 95.815721	 95.797294	 95.779251	 95.761588	 95.744301	 95.727386	 95.710838	 95.694654	  95.67883	  95.66336	 95.648241	 95.633468	 95.619036	 95.604942	 95.591179	 95.577745	 95.564633	 95.551839	 95.539359	 95.527187	 95.515319	  95.50375	 95.492475	 95.481489	 95.470787	 95.460365	 95.450217	 95.440338	 95.430725	 95.421371	 95.412272	 95.403423	 95.394819	 95.386456	 95.378329	 95.370432	 95.362762	 95.355314	 95.348082	 95.341063	 95.334251	 95.327643	 95.321233	 95.315018	 95.308993	 95.303153	 95.297494	 95.292013	 95.286704	 95.281565	 95.276589	 95.271775	 95.267117	 95.262612	 95.258256	 95.254046	 95.249977	 95.246045	 95.242249	 95.238583	 95.235044	 95.231629	 95.228336	 95.225159	 95.222097	 95.219147	 95.216304	 95.213567	 95.210932	 95.208396	 95.205958	 95.203613	  95.20136	 95.199196	 95.197119	 95.195125	 95.193213	 95.191381	 95.189626	 95.187946	  95.18634	 95.184804	 95.183338	 95.181939	 95.180605	 95.179335	 95.178128	 95.176981	 95.175893	 95.174863	 95.173889	  95.17297	 95.172104	 95.171291	  95.17053	 95.169818	 95.169156	 95.168542	 95.167976	 95.167456	 95.166983	 95.166554	  95.16617	 95.165831	 95.165534	 95.165281	 95.165071	 95.164903	 95.164777	 95.164693	 95.164652	
        99	 98.941262	 98.882539	 98.823842	 98.765187	 98.706587	 98.648055	 98.589605	 98.531251	 98.473006	 98.414883	 98.356896	 98.299058	 98.241382	 98.183881	 98.126568	 98.069456	 98.012556	 97.955883	 97.899448	 97.843263	  97.78734	 97.731691	 97.676327	 97.621261	 97.566502	 97.512063	 97.457954	 97.404185	 97.350767	  97.29771	 97.245024	 97.192719	 97.140803	 97.089286	 97.038178	 96.987486	 96.937219	 96.887385	 96.837991	 96.789047	 96.740557	 96.692531	 96.644973	 96.597892	 96.551292	 96.505181	 96.459562	 96.414442	 96.369826	 96.325718	 96.282122	 96.239044	 96.196486	 96.154452	 96.112945	 96.071969	 96.031526	 95.991619	 95.952249	 95.913418	 95.875128	 95.837381	 95.800177	 95.763517	 95.727401	  95.69183	 95.656804	 95.622323	 95.588385	  95.55499	 95.522138	 95.489826	 95.458054	  95.42682	 95.396121	 95.365956	 95.336323	 95.307218	 95.278639	 95.250584	 95.223048	 95.196029	 95.169523	 95.143526	 95.118035	 95.093046	 95.068554	 95.044556	 95.021046	 94.998021	 94.975475	 94.953404	 94.931802	 94.910666	 94.889989	 94.869766	 94.849992	 94.830662	 94.811769	  94.79331	 94.775277	 94.757665	 94.740468	  94.72368	 94.707296	  94.69131	 94.675715	 94.660506	 94.645676	  94.63122	 94.617131	 94.603403	  94.59003	 94.577007	 94.564326	 94.551982	 94.539969	 94.528281	 94.516911	 94.505854	 94.495103	 94.484653	 94.474498	  94.46463	 94.455046	 94.445739	 94.436702	 94.427931	  94.41942	 94.411162	 94.403153	 94.395387	 94.387858	 94.380561	  94.37349	 94.366641	 94.360007	 94.353585	 94.347368	 94.341352	 94.335532	 94.329903	  94.32446	 94.319198	 94.314114	 94.309201	 94.304457	 94.299876	 94.295454	 94.291188	 94.287072	 94.283103	 94.279277	 94.275589	 94.272038	 94.268617	 94.265325	 94.262156	 94.259109	  94.25618	 94.253364	  94.25066	 94.248064	 94.245573	 94.243184	 94.240895	 94.238702	 94.236603	 94.234595	 94.232676	 94.230844	 94.229096	 94.227429	 94.225843	 94.224334	 94.222901	 94.221542	 94.220254	 94.219037	 94.217889	 94.216807	 94.215791	  94.21484	 94.213951	 94.213123	 94.212357	 94.211649	    94.211	 94.210408	 94.209872	 94.209393	 94.208968	 94.208598	 94.208281	 94.208018	 94.207809	 94.207651	 94.207547	 94.207495	
        99	 98.929545	 98.859107	 98.788701	 98.718345	 98.648055	 98.577847	 98.507737	 98.437742	 98.367877	  98.29816	 98.228605	 98.159229	 98.090048	 98.021076	  97.95233	 97.883825	 97.815575	 97.747596	 97.679903	  97.61251	 97.545431	 97.478681	 97.412273	 97.346221	 97.280539	  97.21524	 97.150337	 97.085842	 97.021768	 96.958127	 96.894931	 96.832191	 96.769919	 96.708126	 96.646822	 96.586017	 96.525722	 96.465947	 96.406701	 96.347992	  96.28983	 96.232222	 96.175178	 96.118705	 96.062809	 96.007499	  95.95278	 95.898659	 95.845142	 95.792235	 95.739943	 95.688271	 95.637223	 95.586804	 95.537018	 95.487868	 95.439357	 95.391488	 95.344264	 95.297687	  95.25176	 95.206482	 95.161856	 95.117883	 95.074563	 95.031896	 94.989883	 94.948523	 94.907815	 94.867758	 94.828352	 94.789595	 94.751485	  94.71402	 94.677197	 94.641015	  94.60547	 94.570559	 94.536279	 94.502627	 94.469598	 94.437189	 94.405395	 94.374213	 94.343637	 94.313663	 94.284285	 94.255499	   94.2273	 94.199681	 94.172638	 94.146164	 94.120253	   94.0949	 94.070098	 94.045841	 94.022123	 93.998936	 93.976275	 93.954133	 93.932503	 93.911377	  93.89075	 93.870614	 93.850961	 93.831786	  93.81308	 93.794837	 93.777048	 93.759708	 93.742809	 93.726343	 93.710302	 93.694681	 93.679471	 93.664664	 93.650255	 93.636235	 93.622597	 93.609334	 93.596439	 93.583904	 93.571722	 93.559887	 93.548391	 93.537227	 93.526388	 93.515867	 93.505658	 93.495753	 93.486146	  93.47683	 93.467799	 93.459046	 93.450565	 93.442349	 93.434393	 93.426689	 93.419232	 93.412016	 93.405035	 93.398283	 93.391754	 93.385443	 93.379344	 93.373452	 93.367761	 93.362266	 93.356963	 93.351845	 93.346908	 93.342147	 93.337558	 93.333135	 93.328874	 93.324772	 93.320822	 93.317022	 93.313367	 93.309853	 93.306476	 93.303233	 93.300119	 93.297131	 93.294265	 93.291519	 93.288889	 93.286371	 93.283963	 93.281661	 93.279463	 93.277366	 93.275368	 93.273465	 93.271655	 93.269936	 93.268305	 93.266761	 93.265301	 93.263924	 93.262626	 93.261408	 93.260266	   93.2592	 93.258208	 93.257288	 93.256439	  93.25566	  93.25495	 93.254308	 93.253733	 93.253223	 93.252779	   93.2524	 93.252084	 93.251833	 93.251644	 93.251519	 93.251456	
        99	 98.917844	 98.835708	 98.753609	 98.671569	 98.589605	 98.507737	 98.425983	 98.344364	 98.262897	 98.181601	 98.100495	 98.019597	 97.938926	   97.8585	 97.778337	 97.698454	  97.61887	 97.539601	 97.460666	  97.38208	 97.303861	 97.226025	 97.148588	 97.071567	 96.994977	 96.918833	 96.843151	 96.767945	  96.69323	  96.61902	 96.545328	 96.472169	 96.399555	 96.327499	 96.256014	 96.185111	 96.114803	   96.0451	 95.976014	 95.907556	 95.839734	  95.77256	 95.706042	 95.640189	 95.575011	 95.510514	 95.446708	 95.383599	 95.321195	 95.259501	 95.198524	 95.138271	 95.078745	 95.019953	 94.961898	 94.904585	 94.848017	 94.792199	 94.737132	  94.68282	 94.629265	 94.576468	 94.524431	 94.473154	  94.42264	 94.372887	 94.323897	 94.275667	 94.228199	  94.18149	  94.13554	 94.090346	 94.045906	 94.002219	 93.959281	  93.91709	 93.875642	 93.834933	  93.79496	 93.755719	 93.717205	 93.679413	 93.642339	 93.605978	 93.570324	 93.535372	 93.501116	 93.467549	 93.434667	 93.402461	 93.370926	 93.340055	 93.309842	 93.280278	 93.251357	 93.223072	 93.195414	 93.168377	 93.141953	 93.116133	  93.09091	 93.066277	 93.042223	 93.018743	 92.995827	 92.973467	 92.951654	 92.930381	 92.909639	 92.889419	 92.869713	 92.850512	 92.831808	 92.813592	 92.795856	 92.778591	 92.761788	  92.74544	 92.729537	 92.714071	 92.699034	 92.684418	 92.670213	 92.656412	 92.643006	 92.629988	 92.617349	 92.605081	 92.593176	 92.581626	 92.570424	 92.559561	  92.54903	 92.538824	 92.528934	 92.519354	 92.510076	 92.501093	 92.492398	 92.483983	 92.475842	 92.467969	 92.460356	 92.452997	 92.445885	 92.439014	 92.432378	 92.425971	 92.419786	 92.413819	 92.408062	  92.40251	 92.397159	 92.392002	 92.387034	 92.382249	 92.377644	 92.373213	 92.368951	 92.364853	 92.360916	 92.357133	 92.353502	 92.350018	 92.346677	 92.343475	 92.340407	 92.337471	 92.334663	 92.331979	 92.329417	 92.326971	 92.324641	 92.322422	 92.320311	 92.318307	 92.316405	 92.314605	 92.312902	 92.311296	 92.309783	 92.308363	 92.307031	 92.305788	 92.304631	 92.303558	 92.302568	  92.30166	 92.300832	 92.300083	 92.299412	 92.298819	 92.298301	 92.297858	 92.297491	 92.297197	 92.296977	 92.296831	 92.296758	
        99	 98.906162	 98.812347	 98.718575	 98.624869	 98.531251	 98.437742	 98.344364	 98.251139	 98.158088	 98.065232	 97.972594	 97.880193	 97.788052	  97.69619	 97.604628	 97.513387	 97.422487	 97.331947	 97.241787	 97.152027	 97.062686	 96.973783	 96.885336	 96.797363	 96.709882	 96.622911	 96.536468	 96.450568	 96.365229	 96.280467	 96.196297	 96.112735	 96.029796	 95.947495	 95.865845	 95.784861	 95.704556	 95.624942	 95.546033	  95.46784	 95.390375	 95.313648	 95.237672	 95.162456	  95.08801	 95.014343	 94.941464	 94.869382	 94.798104	 94.727638	 94.657991	  94.58917	  94.52118	 94.454028	 94.387718	 94.322256	 94.257645	  94.19389	 94.130993	 94.068959	 94.007788	 93.947484	 93.888048	  93.82948	 93.771783	 93.714956	 93.658999	 93.603912	 93.549694	 93.496344	  93.44386	  93.39224	 93.341482	 93.291583	 93.242539	 93.194349	 93.147007	  93.10051	 93.054853	 93.010032	 92.966042	 92.922877	 92.880531	    92.839	 92.798277	 92.758354	 92.719227	 92.680888	 92.643329	 92.606545	 92.570526	 92.535266	 92.500756	 92.466988	 92.433955	 92.401648	 92.370058	 92.339176	 92.308994	 92.279504	 92.250694	 92.222558	 92.195085	 92.168265	 92.142091	 92.116551	 92.091637	  92.06734	 92.043648	 92.020553	 91.998045	 91.976113	  91.95475	 91.933944	 91.913686	 91.893966	 91.874774	 91.856101	 91.837937	 91.820272	 91.803097	 91.786402	 91.770178	 91.754414	 91.739103	 91.724234	 91.709797	 91.695785	 91.682187	 91.668995	   91.6562	 91.643793	 91.631764	 91.620107	 91.608811	 91.597868	 91.587271	 91.577011	 91.567079	 91.557468	  91.54817	 91.539177	 91.530481	 91.522076	 91.513953	 91.506105	 91.498525	 91.491207	 91.484143	 91.477327	 91.470751	 91.464411	 91.458298	 91.452408	 91.446733	 91.441269	 91.436009	 91.430947	 91.426079	 91.421399	 91.416901	 91.412581	 91.408434	 91.404454	 91.400638	  91.39698	 91.393477	 91.390124	 91.386916	 91.383851	 91.380923	 91.378131	 91.375468	 91.372934	 91.370523	 91.368234	 91.366062	 91.364005	 91.362061	 91.360226	 91.358499	 91.356876	 91.355355	 91.353935	 91.352614	 91.351388	 91.350258	  91.34922	 91.348275	 91.347419	 91.346653	 91.345975	 91.345383	 91.344878	 91.344458	 91.344123	 91.343872	 91.343705	 91.343621	
        99	 98.894503	  98.78903	 98.683606	 98.578257	 98.473006	 98.367877	 98.262897	 98.158088	 98.053475	 97.949081	 97.844932	  97.74105	 97.637459	 97.534183	 97.431244	 97.328665	  97.22647	  97.12468	 97.023318	 96.922405	 96.821962	 96.722012	 96.622575	  96.52367	  96.42532	 96.327542	 96.230358	 96.133784	 96.037842	 95.942547	 95.847919	 95.753974	 95.660729	 95.568201	 95.476406	 95.385359	 95.295075	 95.205569	 95.116854	 95.028945	 94.941855	 94.855595	 94.770178	 94.685616	 94.601919	 94.519099	 94.437164	 94.356125	  94.27599	 94.196769	 94.118468	 94.041095	 93.964657	 93.889161	 93.814612	 93.741015	 93.668376	 93.596699	 93.525987	 93.456244	 93.387473	 93.319675	 93.252854	 93.187009	 93.122143	 93.058255	 92.995345	 92.933413	 92.872458	 92.812479	 92.753473	 92.695439	 92.638374	 92.582274	 92.527137	 92.472958	 92.419734	 92.367459	  92.31613	 92.265739	 92.216283	 92.167754	 92.120147	 92.073455	 92.027672	 91.982789	   91.9388	 91.895697	 91.853471	 91.812116	 91.771621	  91.73198	 91.693182	 91.655219	 91.618081	 91.581759	 91.546244	 91.511525	 91.477593	 91.444438	 91.412049	 91.380416	 91.349529	 91.319377	 91.289951	 91.261238	 91.233228	 91.205911	 91.179275	  91.15331	 91.128005	 91.103349	 91.079331	  91.05594	 91.033164	 91.010994	 90.989418	 90.968424	 90.948003	 90.928144	 90.908835	 90.890065	 90.871825	 90.854103	 90.836889	 90.820172	 90.803942	 90.788188	 90.772901	  90.75807	 90.743684	 90.729735	 90.716213	 90.703106	 90.690407	 90.678105	 90.666191	 90.654655	 90.643489	 90.632684	 90.622231	  90.61212	 90.602344	 90.592894	 90.583762	 90.574939	 90.566418	  90.55819	 90.550248	 90.542585	 90.535193	 90.528064	 90.521192	 90.514569	  90.50819	 90.502047	 90.496133	 90.490443	  90.48497	 90.479708	 90.474651	 90.469795	 90.465132	 90.460658	 90.456367	 90.452255	 90.448316	 90.444546	  90.44094	 90.437494	 90.434203	 90.431063	  90.42807	 90.425221	 90.422511	 90.419937	 90.417495	 90.415183	 90.412997	 90.410934	 90.408992	 90.407167	 90.405458	 90.403861	 90.402375	 90.400998	 90.399727	 90.398561	 90.397498	 90.396536	 90.395674	 90.394912	 90.394247	 90.393679	 90.393206	 90.392829	 90.392547	 90.392359	 90.392265	
        99	 98.882867	 98.765762	 98.648711	 98.531742	 98.414883	  98.29816	 98.181601	 98.065232	 97.949081	 97.833174	 97.717538	 97.602199	 97.487183	 97.372516	 97.258224	 97.144332	 97.030866	 96.917849	 96.805307	 96.693264	 96.581744	  96.47077	 96.360366	 96.250554	 96.141356	 96.032794	 95.924891	 95.817667	 95.711142	 95.605338	 95.500272	 95.395966	 95.292438	 95.189705	 95.087785	 94.986696	 94.886455	 94.787077	 94.688578	 94.590974	 94.494278	 94.398504	 94.303667	 94.209778	 94.116851	 94.024896	 93.933924	 93.843947	 93.754975	 93.667015	 93.580079	 93.494172	 93.409304	 93.325481	  93.24271	 93.160997	 93.080346	 93.000764	 92.922253	 92.844818	 92.768462	 92.693187	 92.618995	 92.545889	 92.473868	 92.402934	 92.333086	 92.264323	 92.196645	 92.130051	 92.064537	 92.000103	 91.936744	 91.874457	 91.813239	 91.753084	  91.69399	  91.63595	 91.578959	 91.523011	   91.4681	 91.414219	 91.361361	  91.30952	 91.258687	 91.208854	 91.160013	 91.112156	 91.065273	 91.019357	 90.974396	 90.930383	 90.887306	 90.845155	 90.803922	 90.763594	 90.724162	 90.685614	 90.647939	 90.611127	 90.575166	 90.540045	 90.505751	 90.472274	 90.439602	 90.407722	 90.376623	 90.346293	  90.31672	 90.287891	 90.259795	  90.23242	 90.205753	 90.179782	 90.154494	 90.129879	 90.105923	 90.082614	 90.059941	 90.037891	 90.016452	 89.995612	  89.97536	 89.955684	 89.936571	  89.91801	  89.89999	 89.882499	 89.865526	 89.849059	 89.833087	   89.8176	 89.802585	 89.788034	 89.773934	 89.760275	 89.747046	 89.734239	 89.721842	 89.709845	 89.698238	 89.687013	 89.676159	 89.665666	 89.655527	 89.645731	  89.63627	 89.627135	 89.618317	 89.609808	 89.601601	 89.593686	 89.586056	 89.578703	  89.57162	 89.564799	 89.558233	 89.551915	 89.545839	 89.539996	 89.534382	  89.52899	 89.523813	 89.518845	 89.514082	 89.509516	 89.505143	 89.500957	 89.496953	 89.493127	 89.489473	 89.485987	 89.482664	   89.4795	 89.476491	 89.473633	 89.470922	 89.468355	 89.465928	 89.463638	 89.461481	 89.459455	 89.457557	 89.455785	 89.454135	 89.452605	 89.451194	 89.449899	 89.448719	 89.447651	 89.446695	 89.445848	  89.44511	 89.444479	 89.443955	 89.443536	 89.443223	 89.443014	  89.44291	
        99	 98.871259	 98.742548	 98.613897	 98.485336	 98.356896	 98.228605	 98.100495	 97.972594	 97.844932	 97.717538	 97.590442	 97.463673	 97.337258	 97.211227	 97.085609	  96.96043	 96.835718	 96.711501	 96.587806	  96.46466	 96.342087	 96.220116	  96.09877	 95.978075	 95.858055	 95.738735	 95.620138	 95.502287	 95.385206	 95.268916	 95.153438	 95.038795	 94.925006	 94.812092	 94.700072	 94.588965	  94.47879	 94.369563	 94.261303	 94.154025	 94.047746	 93.942482	 93.838245	 93.735052	 93.632915	 93.531847	  93.43186	 93.332966	 93.235176	   93.1385	 93.042947	 92.948527	 92.855248	 92.763118	 92.672144	 92.582333	  92.49369	  92.40622	 92.319929	  92.23482	 92.150896	 92.068161	 91.986617	 91.906266	 91.827107	 91.749143	 91.672373	 91.596796	 91.522411	 91.449217	 91.377211	  91.30639	 91.236752	 91.168293	 91.101007	 91.034892	 90.969941	 90.906149	  90.84351	 90.782017	 90.721664	 90.662444	 90.604348	 90.547368	 90.491497	 90.436726	 90.383045	 90.330445	 90.278917	 90.228449	 90.179033	 90.130658	 90.083311	 90.036984	 89.991664	  89.94734	 89.903999	 89.861631	 89.820223	 89.779763	 89.740238	 89.701636	 89.663944	 89.627149	 89.591239	 89.556199	 89.522019	 89.488683	 89.456179	 89.424493	 89.393613	 89.363525	 89.334215	  89.30567	 89.277876	 89.250821	 89.224491	 89.198873	 89.173952	 89.149717	 89.126153	 89.103249	 89.080989	 89.059363	 89.038356	 89.017956	  88.99815	 88.978926	  88.96027	 88.942171	 88.924617	 88.907594	 88.891092	 88.875098	 88.859601	 88.844588	 88.830049	 88.815972	 88.802346	  88.78916	 88.776404	 88.764066	 88.752136	 88.740604	 88.729459	 88.718693	 88.708294	 88.698254	 88.688562	  88.67921	 88.670189	  88.66149	 88.653104	 88.645022	 88.637237	  88.62974	 88.622524	  88.61558	 88.608901	  88.60248	 88.596309	 88.590382	 88.584692	 88.579233	 88.573997	 88.568978	 88.564172	 88.559571	 88.555171	 88.550965	 88.546949	 88.543117	 88.539465	 88.535988	  88.53268	 88.529539	  88.52656	 88.523738	 88.521071	 88.518553	 88.516183	 88.513957	 88.511871	 88.509922	 88.508109	 88.506428	 88.504877	 88.503454	 88.502156	 88.500983	 88.499931	 88.499001	 88.498189	 88.497496	  88.49692	  88.49646	 88.496115	 88.495886	 88.495772	
        99	  98.85968	 98.719394	 98.579172	  98.43905	 98.299058	 98.159229	 98.019597	 97.880193	  97.74105	 97.602199	 97.463673	 97.325502	 97.187718	 97.050353	 96.913437	    96.777	 96.641072	 96.505684	 96.370864	 96.236642	 96.103046	 95.970105	 95.837845	 95.706296	 95.575482	 95.445431	 95.316168	 95.187718	 95.060107	 94.933358	 94.807495	 94.682541	 94.558519	  94.43545	 94.313355	 94.192256	 94.072171	 93.953121	 93.835125	 93.718199	 93.602362	  93.48763	 93.374019	 93.261545	 93.150222	 93.040065	 92.931085	 92.823297	 92.716712	 92.611341	 92.507195	 92.404284	 92.302616	   92.2022	 92.103044	 92.005155	  91.90854	 91.813204	 91.719152	 91.626388	 91.534917	 91.444742	 91.355864	 91.268286	 91.182008	 91.097032	 91.013358	 90.930983	 90.849909	 90.770132	  90.69165	  90.61446	 90.538559	 90.463942	 90.390606	 90.318544	 90.247752	 90.178223	  90.10995	 90.042927	 89.977146	   89.9126	 89.849279	 89.787175	 89.726279	 89.666582	 89.608073	 89.550743	  89.49458	 89.439574	 89.385713	 89.332987	 89.281383	 89.230889	 89.181493	 89.133182	 89.085944	 89.039766	 88.994633	 88.950534	 88.907455	 88.865381	 88.824299	 88.784195	 88.745055	 88.706864	  88.66961	 88.633276	 88.597848	 88.563313	 88.529656	 88.496861	 88.464915	 88.433803	  88.40351	 88.374022	 88.345324	 88.317401	  88.29024	 88.263825	 88.238142	 88.213177	 88.188916	 88.165345	 88.142448	 88.120214	 88.098626	 88.077673	  88.05734	 88.037613	  88.01848	 87.999927	  87.98194	 87.964508	 87.947617	 87.931254	 87.915407	 87.900064	 87.885213	 87.870841	 87.856937	  87.84349	 87.830487	 87.817918	 87.805771	 87.794036	 87.782702	 87.771759	 87.761195	 87.751003	  87.74117	 87.731689	 87.722548	  87.71374	 87.705254	 87.697083	 87.689218	 87.681649	  87.67437	 87.667371	 87.660646	 87.654186	 87.647984	 87.642033	 87.636327	 87.630857	 87.625618	 87.620604	 87.615808	 87.611224	 87.606846	  87.60267	 87.598689	 87.594899	 87.591295	 87.587871	 87.584623	 87.581548	 87.578641	 87.575897	 87.573314	 87.570887	 87.568613	  87.56649	 87.564513	 87.562681	 87.560991	 87.559439	 87.558025	 87.556746	   87.5556	 87.554586	 87.553701	 87.552946	 87.552318	 87.551816	 87.551441	 87.551191	 87.551066	
        99	 98.848134	 98.696304	 98.544545	 98.392893	 98.241382	 98.090048	 97.938926	 97.788052	 97.637459	 97.487183	 97.337258	 97.187718	 97.038597	 96.889929	 96.741747	 96.594083	 96.446971	 96.300443	 96.154529	 96.009263	 95.864675	 95.720794	 95.577652	 95.435278	 95.293701	 95.152948	 95.013049	  94.87403	 94.735919	  94.59874	 94.462521	 94.327285	 94.193058	 94.059862	 93.927722	 93.796658	 93.666692	 93.537847	 93.410141	 93.283594	 93.158225	 93.034053	 92.911094	 92.789365	 92.668882	  92.54966	 92.431714	 92.315057	 92.199701	  92.08566	 91.972944	 91.861565	 91.751532	 91.642853	 91.535539	 91.429595	  91.32503	 91.221849	 91.120058	 91.019662	 90.920664	 90.823069	 90.726878	 90.632093	 90.538717	 90.446748	 90.356189	 90.267037	 90.179291	 90.092949	  90.00801	 89.924469	 89.842322	 89.761566	 89.682195	 89.604204	 89.527586	 89.452336	 89.378446	 89.305908	 89.234714	 89.164856	 89.096325	 89.029112	 88.963205	 88.898596	 88.835273	 88.773225	 88.712441	 88.652908	 88.594616	 88.537551	 88.481701	 88.427052	 88.373592	 88.321306	 88.270181	 88.220203	 88.171357	 88.123629	 88.077005	 88.031469	 87.987007	 87.943603	 87.901242	 87.859909	 87.819589	 87.780265	 87.741923	 87.704546	 87.668119	 87.632626	 87.598052	 87.564379	 87.531594	 87.499679	  87.46862	   87.4384	 87.409003	 87.380415	 87.352619	   87.3256	 87.299342	 87.273831	 87.249051	 87.224987	 87.201623	 87.178946	  87.15694	  87.13559	 87.114882	 87.094802	 87.075336	 87.056469	 87.038188	 87.020479	 87.003328	 86.986723	  86.97065	 86.955095	 86.940047	 86.925493	  86.91142	 86.897817	 86.884671	  86.87197	 86.859704	  86.84786	 86.836427	 86.825396	 86.814754	 86.804493	   86.7946	 86.785067	 86.775883	  86.76704	 86.758527	 86.750336	 86.742457	 86.734883	 86.727604	 86.720613	 86.713901	  86.70746	 86.701284	 86.695364	 86.689694	 86.684267	 86.679077	 86.674115	 86.669378	 86.664858	  86.66055	 86.656448	 86.652546	 86.648841	 86.645326	 86.641998	 86.638851	 86.635882	 86.633086	 86.630459	 86.627999	 86.625701	 86.623561	 86.621579	 86.619749	  86.61807	  86.61654	 86.615155	 86.613915	 86.612817	  86.61186	 86.611042	 86.610362	  86.60982	 86.609414	 86.609143	 86.609008	
        99	 98.836623	 98.673285	 98.510023	 98.346876	 98.183881	 98.021076	   97.8585	  97.69619	 97.534183	 97.372516	 97.211227	 97.050353	 96.889929	 96.729992	 96.570578	 96.411722	 96.253459	 96.095824	 95.938852	 95.782575	 95.627027	 95.472241	 95.318249	 95.165083	 95.012774	 94.861354	  94.71085	 94.561294	 94.412714	 94.265138	 94.118594	 93.973108	 93.828707	 93.685415	 93.543258	  93.40226	 93.262444	 93.123832	 92.986447	 92.850308	 92.715437	 92.581853	 92.449574	 92.318618	 92.189003	 92.060744	 91.933858	 91.808359	  91.68426	 91.561575	 91.440315	 91.320494	  91.20212	 91.085204	 90.969755	 90.855782	 90.743291	 90.632289	 90.522783	 90.414777	 90.308275	 90.203282	   90.0998	 89.997832	 89.897377	 89.798438	 89.701014	 89.605105	 89.510708	 89.417823	 89.326445	 89.236571	 89.148198	 89.061321	 88.975934	 88.892031	 88.809606	 88.728652	 88.649162	 88.571126	 88.494536	 88.419383	 88.345657	 88.273349	 88.202447	  88.13294	 88.064818	 87.998067	 87.932675	 87.868631	  87.80592	  87.74453	 87.684446	 87.625655	 87.568143	 87.511894	 87.456894	 87.403127	 87.350579	 87.299234	 87.249075	 87.200088	 87.152256	 87.105562	 87.059991	 87.015525	 86.972148	 86.929844	 86.888596	 86.848386	 86.809198	 86.771014	 86.733819	 86.697595	 86.662324	  86.62799	 86.594577	 86.562066	 86.530441	 86.499686	 86.469783	 86.440716	 86.412469	 86.385024	 86.358365	 86.332477	 86.307343	 86.282946	 86.259272	 86.236304	 86.214027	 86.192425	 86.171483	 86.151186	  86.13152	 86.112468	 86.094018	 86.076154	 86.058862	 86.042129	  86.02594	 86.010283	 85.995143	 85.980509	 85.966366	 85.952703	 85.939506	 85.926765	 85.914466	 85.902598	  85.89115	 85.880111	 85.869468	 85.859213	 85.849333	 85.839819	 85.830661	 85.821849	 85.813374	 85.805225	 85.797394	 85.789873	 85.782652	 85.775724	 85.769079	 85.762711	 85.756611	 85.750773	 85.745189	 85.739851	 85.734755	 85.729892	 85.725257	 85.720844	 85.716648	 85.712661	  85.70888	   85.7053	 85.701914	  85.69872	 85.695712	 85.692886	 85.690239	 85.687767	 85.685466	 85.683332	 85.681364	 85.679558	 85.677912	 85.676422	 85.675088	 85.673907	 85.672877	 85.671997	 85.671266	 85.670682	 85.670245	 85.669954	 85.669809	
        99	  98.82515	 98.650341	 98.475614	 98.301009	 98.126568	  97.95233	 97.778337	 97.604628	 97.431244	 97.258224	 97.085609	 96.913437	 96.741747	 96.570578	 96.399969	 96.229957	  96.06058	 95.891875	 95.723879	 95.556627	 95.390155	 95.224499	 95.059693	 94.895771	 94.732767	 94.570712	 94.409639	 94.249581	 94.090566	 93.932627	 93.775791	 93.620088	 93.465546	 93.312192	 93.160052	 93.009152	 92.859517	 92.711171	 92.564137	 92.418438	 92.274096	  92.13113	 91.989562	  91.84941	 91.710692	 91.573426	 91.437629	 91.303316	 91.170503	 91.039202	 90.909427	 90.781191	 90.654504	 90.529378	 90.405821	 90.283844	 90.163453	 90.044656	  89.92746	 89.811869	 89.697888	 89.585522	 89.474773	 89.365643	 89.258134	 89.152247	 89.047981	 88.945337	 88.844311	 88.744902	 88.647107	 88.550922	 88.456343	 88.363365	 88.271981	 88.182186	 88.093973	 88.007334	 87.922261	 87.838745	 87.756776	 87.676346	 87.597443	 87.520056	 87.444175	 87.369787	 87.296881	 87.225442	 87.155458	 87.086916	 87.019802	   86.9541	 86.889797	 86.826878	 86.765326	 86.705127	 86.646265	 86.588722	 86.532484	 86.477533	 86.423852	 86.371424	 86.320233	  86.27026	 86.221488	   86.1739	 86.127477	 86.082202	 86.038057	 85.995023	 85.953083	 85.912219	 85.872411	 85.833643	 85.795895	  85.75915	  85.72339	 85.688596	 85.654751	 85.621836	 85.589833	 85.558725	 85.528493	 85.499121	 85.470591	 85.442884	 85.415985	 85.389875	 85.364538	 85.339957	 85.316116	 85.292997	 85.270584	 85.248862	 85.227814	 85.207425	 85.187679	  85.16856	 85.150054	 85.132146	  85.11482	 85.098064	 85.081861	 85.066199	 85.051063	  85.03644	 85.022317	  85.00868	 84.995518	 84.982817	 84.970565	  84.95875	  84.94736	 84.936384	 84.925811	 84.915629	 84.905828	 84.896397	 84.887326	 84.878605	 84.870225	 84.862175	 84.854447	 84.847032	 84.839921	 84.833106	 84.826578	 84.820329	 84.814353	 84.808641	 84.803186	 84.797982	 84.793022	 84.788299	 84.783807	 84.779541	 84.775495	 84.771663	  84.76804	 84.764621	 84.761402	 84.758378	 84.755545	 84.752898	 84.750436	 84.748153	 84.746046	 84.744113	 84.742351	 84.740757	 84.739329	 84.738065	 84.736963	 84.736022	 84.735239	 84.734614	 84.734147	 84.733835	  84.73368	
        99	 98.813717	 98.627478	 98.441325	 98.255303	 98.069456	 97.883825	 97.698454	 97.513387	 97.328665	 97.144332	  96.96043	    96.777	 96.594083	 96.411722	 96.229957	 96.048828	 95.868376	  95.68864	 95.509658	  95.33147	 95.154113	 94.977625	 94.802043	 94.627402	 94.453739	 94.281088	 94.109483	 93.938958	 93.769546	 93.601279	 93.434189	 93.268305	 93.103657	 92.940275	 92.778187	  92.61742	 92.458001	 92.299955	 92.143306	  91.98808	 91.834299	 91.681986	  91.53116	 91.381844	 91.234056	 91.087815	 90.943138	 90.800043	 90.658544	 90.518658	 90.380397	 90.243776	 90.108805	 89.975497	 89.843862	 89.713908	 89.585646	 89.459081	 89.334221	 89.211072	 89.089638	 88.969924	 88.851933	 88.735668	 88.621129	 88.508318	 88.397235	 88.287878	 88.180247	 88.074338	 87.970148	 87.867674	  87.76691	 87.667852	 87.570493	 87.474827	 87.380846	 87.288541	 87.197905	 87.108928	   87.0216	  86.93591	 86.851848	 86.769401	 86.688558	 86.609306	 86.531632	 86.455522	 86.380963	 86.307939	 86.236436	 86.166438	 86.097931	 86.030897	 85.965321	 85.901185	 85.838474	 85.777169	 85.717253	 85.658709	 85.601518	 85.545662	 85.491123	 85.437883	 85.385922	 85.335222	 85.285764	 85.237528	 85.190496	 85.144649	 85.099966	 85.056429	 85.014019	 84.972716	   84.9325	 84.893353	 84.855254	 84.818185	 84.782126	 84.747059	 84.712964	 84.679821	 84.647613	  84.61632	 84.585924	 84.556406	 84.527748	 84.499931	 84.472937	 84.446749	 84.421349	 84.396718	  84.37284	 84.349697	 84.327273	 84.305551	 84.284513	 84.264144	 84.244428	 84.225349	 84.206891	 84.189038	 84.171776	  84.15509	 84.138964	 84.123385	 84.108339	 84.093811	 84.079787	 84.066256	 84.053203	 84.040615	 84.028481	 84.016787	 84.005522	 83.994675	 83.984233	 83.974185	 83.964521	  83.95523	 83.946301	 83.937725	 83.929492	 83.921592	 83.914016	 83.906755	   83.8998	 83.893143	 83.886776	 83.880691	 83.874879	 83.869335	  83.86405	 83.859019	 83.854233	 83.849688	 83.845377	 83.841294	 83.837434	 83.833792	 83.830363	 83.827141	 83.824122	 83.821303	 83.818679	 83.816247	 83.814003	 83.811944	 83.810066	 83.808368	 83.806847	   83.8055	 83.804326	 83.803323	 83.802489	 83.801824	 83.801325	 83.800994	 83.800828	
        99	 98.802327	 98.604699	 98.407165	 98.209768	 98.012556	 97.815575	  97.61887	 97.422487	  97.22647	 97.030866	 96.835718	 96.641072	 96.446971	 96.253459	  96.06058	 95.868376	  95.67689	 95.486163	 95.296238	 95.107154	 94.918953	 94.731673	 94.545355	 94.360036	 94.175753	 93.992545	 93.810448	 93.629496	 93.449725	 93.271169	 93.093862	 92.917834	 92.743119	 92.569747	 92.397748	 92.227151	 92.057984	 91.890274	 91.724047	  91.55933	 91.396146	 91.234518	 91.074471	 90.916024	   90.7592	 90.604016	 90.450493	 90.298648	 90.148498	 90.000058	 89.853343	 89.708368	 89.565145	 89.423685	 89.284001	 89.146101	 89.009996	 88.875692	 88.743197	 88.612518	 88.483659	 88.356625	  88.23142	 88.108045	 87.986503	 87.866794	 87.748918	 87.632875	 87.518662	 87.406277	 87.295717	 87.186977	 87.080052	 86.974937	 86.871625	 86.770109	 86.670381	 86.572433	 86.476255	 86.381837	 86.289169	  86.19824	 86.109037	 86.021549	 85.935763	 85.851665	 85.769242	 85.688478	 85.609359	  85.53187	 85.455995	 85.381718	 85.309021	 85.237888	 85.168302	 85.100245	 85.033699	 84.968646	 84.905066	 84.842942	 84.782254	 84.722983	  84.66511	 84.608614	 84.553476	 84.499676	 84.447193	 84.396008	 84.346101	  84.29745	 84.250035	 84.203836	 84.158833	 84.115004	 84.072329	 84.030788	  83.99036	 83.951024	 83.912761	 83.875549	 83.839369	   83.8042	 83.770022	 83.736816	 83.704562	 83.673239	 83.642828	  83.61331	 83.584666	 83.556876	 83.529923	 83.503786	 83.478448	  83.45389	 83.430095	 83.407044	  83.38472	 83.363106	 83.342184	 83.321938	 83.302352	 83.283407	  83.26509	 83.247383	 83.230271	  83.21374	 83.197773	 83.182357	 83.167476	 83.153117	 83.139266	 83.125909	 83.113032	 83.100624	  83.08867	 83.077159	 83.066079	 83.055417	 83.045162	 83.035303	 83.025828	 83.016728	 83.007991	 82.999608	 82.991569	 82.983864	 82.976484	  82.96942	 82.962663	 82.956206	 82.950039	 82.944156	 82.938548	 82.933208	 82.928131	 82.923307	 82.918733	   82.9144	 82.910304	 82.906439	   82.9028	 82.899381	 82.896178	 82.893187	 82.890403	 82.887822	  82.88544	 82.883255	 82.881263	 82.879461	 82.877847	 82.876418	 82.875172	 82.874107	 82.873222	 82.872516	 82.871988	 82.871635	  82.87146	
