Time step 50:
        99	        99	        99	        99	        99	        99	        99	        99	        99	        99	        99	        99	        99	        99	        99	        99	        99	        99	        99	        99	        99	        99	        99	        99	        99	        99	        99	        99	        99	        99	        99	        99	        99	        99	        99	        99	        99	        99	        99	        99	        99	        99	        99	        99	        99	        99	        99	        99	        99	        99	        99	        99	        99	        99	        99	        99	        99	        99	        99	        99	        99	        99	        99	        99	        99	        99	        99	        99	        99	        99	        99	        99	        99	        99	        99	        99	        99	        99	        99	        99	        99	        99	        99	        99	        99	        99	        99	        99	        99	        99	        99	        99	        99	        99	        99	        99	        99	        99	        99	        99	        99	        99	        99	        99	        99	        99	        99	        99	        99	        99	        99	        99	        99	        99	        99	        99	        99	        99	        99	        99	        99	        99	        99	        99	        99	        99	        99	        99	        99	        99	        99	        99	        99	        99	        99	        99	        99	        99	        99	        99	        99	        99	        99	        99	        99	        99	        99	        99	        99	        99	        99	        99	        99	        99	        99	        99	        99	        99	        99	        99	        99	        99	        99	        99	        99	        99	        99	        99	        99	        99	        99	        99	        99	        99	        99	        99	        99	        99	        99	        99	        99	        99	        99	        99	        99	        99	        99	        99	        99	        99	        99	        99	        99	        99	        99	        99	        99	        99	        99	        99	
        99	 98.987301	 98.974605	 98.961915	 98.949236	 98.936568	 98.923917	 98.911285	 98.898676	 98.886092	 98.873536	 98.861012	 98.848523	 98.836071	 98.823661	 98.811294	 98.798974	 98.786704	 98.774486	 98.762323	 98.750219	 98.738176	 98.726196	 98.714283	 98.702439	 98.690667	 98.678968	 98.667346	 98.655803	 98.644342	 98.632964	 98.621671	 98.610467	 98.599354	 98.588332	 98.577404	 98.566573	  98.55584	 98.545207	 98.534675	 98.524246	 98.513922	 98.503705	 98.493595	 98.483594	 98.473704	 98.463926	 98.454261	  98.44471	 98.435273	 98.425953	  98.41675	 98.407664	 98.398698	  98.38985	 98.381122	 98.372514	 98.364028	 98.355662	 98.347419	 98.339297	 98.331297	  98.32342	 98.315665	 98.308032	 98.300522	 98.293134	 98.285868	 98.278724	 98.271702	 98.264801	  98.25802	 98.251361	 98.244821	 98.238401	   98.2321	 98.225916	 98.219851	 98.213902	 98.208069	 98.202352	 98.196748	 98.191259	 98.185881	 98.180616	  98.17546	 98.170415	 98.165477	 98.160647	 98.155923	 98.151304	 98.146789	 98.142377	 98.138066	 98.133854	 98.129742	 98.125727	 98.121809	 98.117985	 98.114254	 98.110616	 98.107069	  98.10361	  98.10024	 98.096956	 98.093758	 98.090643	  98.08761	 98.084659	 98.081786	 98.078992	 98.076275	 98.073632	 98.071063	 98.068567	 98.066141	 98.063785	 98.061497	 98.059275	 98.057119	 98.055027	 98.052997	 98.051029	  98.04912	 98.047269	 98.045476	 98.043739	 98.042056	 98.040426	 98.038848	 98.037321	 98.035844	 98.034414	 98.033032	 98.031695	 98.030403	 98.029155	 98.027949	 98.026784	 98.025659	 98.024573	 98.023526	 98.022515	  98.02154	   98.0206	 98.019694	 98.018821	 98.017979	 98.017169	 98.016389	 98.015638	 98.014916	 98.014221	 98.013553	 98.012911	 98.012294	 98.011702	 98.011133	 98.010586	 98.010063	  98.00956	 98.009078	 98.008617	 98.008175	 98.007752	 98.007347	  98.00696	 98.006591	 98.006238	 98.005901	 98.005579	 98.005273	 98.004982	 98.004705	 98.004442	 98.004192	 98.003955	 98.003731	 98.003519	 98.003319	  98.00313	 98.002953	 98.002787	 98.002632	 98.002487	 98.002352	 98.002228	 98.002113	 98.002008	 98.001912	 98.001825	 98.001748	 98.001679	 98.001619	 98.001568	 98.001526	 98.001492	 98.001467	  98.00145	 98.001442	
        99	 98.974605	 98.949216	 98.923841	 98.898484	 98.873153	 98.847854	 98.822593	 98.797377	 98.772212	 98.747104	 98.722059	 98.697084	 98.672184	 98.647366	 98.622636	 98.597999	 98.573461	 98.549028	 98.524707	 98.500501	 98.476418	 98.452462	 98.428639	 98.404953	 98.381411	 98.358017	 98.334776	 98.311693	 98.288773	  98.26602	 98.243438	 98.221033	 98.198808	 98.176768	 98.154916	 98.133256	 98.111792	 98.090528	 98.069467	 98.048612	 98.027967	 98.007535	 97.987318	 97.967319	 97.947542	 97.927988	 97.908659	 97.889559	 97.870689	 97.852051	 97.833647	 97.815478	 97.797547	 97.779854	   97.7624	 97.745187	 97.728216	 97.711487	 97.695002	 97.678761	 97.662763	  97.64701	 97.631502	 97.616239	  97.60122	 97.586446	 97.571916	  97.55763	 97.543587	 97.529787	 97.516228	 97.502911	 97.489833	 97.476994	 97.464393	 97.452028	 97.439898	 97.428002	 97.416338	 97.404905	   97.3937	 97.382721	 97.371968	 97.361438	 97.351129	 97.341039	 97.331165	 97.321506	  97.31206	 97.302823	 97.293794	  97.28497	 97.276349	 97.267928	 97.259704	 97.251675	 97.243839	 97.236192	 97.228732	 97.221457	 97.214363	 97.207447	 97.200707	 97.194141	 97.187745	 97.181516	 97.175451	 97.169549	 97.163805	 97.158217	 97.152782	 97.147498	 97.142361	 97.137369	 97.132518	 97.127806	 97.123231	 97.118788	 97.114476	 97.110292	 97.106233	 97.102297	 97.098479	 97.094779	 97.091193	 97.087719	 97.084353	 97.081094	 97.077939	 97.074885	 97.071931	 97.069072	 97.066308	 97.063635	 97.061051	 97.058555	 97.056143	 97.053813	 97.051564	 97.049393	 97.047298	 97.045276	 97.043327	 97.041447	 97.039635	 97.037889	 97.036207	 97.034587	 97.033027	 97.031526	 97.030081	 97.028692	 97.027356	 97.026072	 97.024838	 97.023653	 97.022515	 97.021423	 97.020375	  97.01937	 97.018407	 97.017484	   97.0166	 97.015755	 97.014945	 97.014172	 97.013432	 97.012726	 97.012053	  97.01141	 97.010798	 97.010215	 97.009661	 97.009135	 97.008635	 97.008161	 97.007713	 97.007289	 97.006889	 97.006512	 97.006158	 97.005826	 97.005516	 97.005226	 97.004957	 97.004707	 97.004478	 97.004267	 97.004076	 97.003902	 97.003747	  97.00361	 97.003491	 97.003389	 97.003304	 97.003237	 97.003186	 97.003152	 97.003135	
        99	 98.961915	 98.923841	 98.885785	 98.847758	 98.809769	 98.771829	 98.733946	  98.69613	  98.65839	 98.620736	 98.583176	 98.545721	  98.50838	  98.47116	 98.434072	 98.397125	 98.360326	 98.323685	  98.28721	  98.25091	 98.214792	 98.178866	 98.143138	 98.107618	 98.072312	 98.037228	 98.002374	 97.967757	 97.933384	 97.899261	 97.865396	 97.831796	 97.798465	 97.765411	  97.73264	 97.700157	 97.667968	 97.636079	 97.604494	 97.573218	 97.542257	 97.511615	 97.481296	 97.451305	 97.421645	  97.39232	 97.363334	 97.334689	  97.30639	 97.278439	 97.250839	 97.223592	   97.1967	 97.170166	 97.143991	 97.118177	 97.092725	 97.067638	 97.042915	 97.018558	 96.994567	 96.970943	 96.947685	 96.924795	 96.902272	 96.880115	 96.858325	   96.8369	  96.81584	 96.795144	 96.774811	 96.754838	 96.735226	 96.715972	 96.697074	 96.678531	  96.66034	   96.6425	 96.625007	  96.60786	 96.591056	 96.574592	 96.558466	 96.542674	 96.527214	 96.512082	 96.497275	 96.482789	 96.468622	  96.45477	  96.44123	 96.427996	 96.415067	 96.402438	 96.390105	 96.378065	 96.366313	 96.354845	 96.343657	 96.332746	 96.322107	 96.311736	 96.301629	 96.291781	 96.282189	 96.272847	 96.263753	   96.2549	 96.246287	 96.237907	 96.229756	 96.221831	 96.214128	 96.206641	 96.199366	   96.1923	 96.185438	 96.178776	  96.17231	 96.166035	 96.159948	 96.154044	 96.148319	  96.14277	 96.137392	 96.132182	 96.127135	 96.122247	 96.117515	 96.112936	 96.108504	 96.104218	 96.100072	 96.096063	 96.092189	 96.088445	 96.084828	 96.081334	 96.077961	 96.074705	 96.071563	 96.068531	 96.065608	 96.062789	 96.060071	 96.057452	  96.05493	   96.0525	 96.050161	 96.047909	 96.045743	  96.04366	 96.041656	 96.039731	  96.03788	 96.036103	 96.034396	 96.032759	 96.031187	  96.02968	 96.028236	 96.026852	 96.025527	 96.024258	 96.023044	 96.021884	 96.020775	 96.019716	 96.018706	 96.017743	 96.016825	 96.015951	  96.01512	  96.01433	 96.013581	  96.01287	 96.012198	 96.011562	 96.010963	 96.010398	 96.009867	 96.009369	 96.008903	 96.008468	 96.008065	 96.007691	 96.007346	 96.007031	 96.006743	 96.006484	 96.006251	 96.006045	 96.005866	 96.005713	 96.005586	 96.005485	 96.005409	 96.005359	 96.005333	
        99	 98.949236	 98.898484	 98.847758	  98.79707	 98.746434	 98.695862	 98.645366	 98.594959	 98.544654	 98.494463	 98.444399	 98.394473	 98.344699	 98.295088	 98.245652	 98.196403	 98.147352	 98.098512	 98.049893	 98.001507	 97.953364	 97.905477	 97.857854	 97.810508	 97.763447	 97.716683	 97.670224	 97.624082	 97.578264	 97.532781	 97.487641	 97.442853	 97.398425	 97.354367	 97.310684	 97.267387	 97.224481	 97.181974	 97.139873	 97.098185	 97.056916	 97.016071	 96.975658	 96.935681	 96.896146	 96.857058	 96.818421	  96.78024	 96.742519	 96.705261	 96.668472	 96.632153	 96.596308	 96.560939	  96.52605	 96.491641	 96.457716	 96.424276	 96.391322	 96.358855	 96.326876	 96.295387	 96.264386	 96.233875	 96.203853	 96.174319	 96.145274	 96.116716	 96.088645	 96.061058	 96.033954	 96.007333	  95.98119	 95.955526	 95.930336	 95.905619	 95.881372	 95.857592	 95.834275	  95.81142	 95.789021	 95.767076	  95.74558	  95.72453	 95.703923	 95.683752	 95.664016	 95.644708	 95.625824	  95.60736	 95.589311	 95.571672	 95.554438	 95.537604	 95.521165	 95.505116	 95.489451	 95.474165	 95.459253	 95.444709	 95.430528	 95.416704	 95.403231	 95.390105	 95.377319	 95.364867	 95.352744	 95.340945	 95.329463	 95.318293	 95.307429	 95.296866	 95.286597	 95.276617	 95.266921	 95.257502	 95.248356	 95.239476	 95.230856	 95.222493	 95.214379	 95.206509	 95.198879	 95.191482	 95.184313	 95.177368	 95.170641	 95.164126	 95.157819	 95.151714	 95.145808	 95.140094	 95.134568	 95.129225	  95.12406	  95.11907	 95.114248	 95.109592	 95.105095	 95.100755	 95.096567	 95.092526	 95.088629	 95.084871	 95.081249	 95.077758	 95.074396	 95.071157	 95.068039	 95.065038	 95.062151	 95.059374	 95.056703	 95.054136	  95.05167	 95.049301	 95.047026	 95.044843	 95.042749	  95.04074	 95.038815	  95.03697	 95.035203	 95.033512	 95.031895	 95.030348	  95.02887	 95.027459	 95.026112	 95.024828	 95.023604	 95.022439	 95.021332	 95.020279	  95.01928	 95.018333	 95.017437	  95.01659	  95.01579	 95.015037	 95.014329	 95.013666	 95.013045	 95.012466	 95.011927	 95.011429	  95.01097	 95.010549	 95.010166	  95.00982	  95.00951	 95.009236	 95.008997	 95.008793	 95.008624	 95.008489	 95.008388	  95.00832	 95.008287	
        99	 98.936568	 98.873153	 98.809769	 98.746434	 98.683162	 98.619971	 98.556875	  98.49389	 98.431033	 98.368318	 98.305761	 98.243378	 98.181184	 98.119194	 98.057422	 97.995884	 97.934594	 97.873566	 97.812816	 97.752356	 97.692201	 97.632364	 97.572858	 97.513697	 97.454894	  97.39646	 97.338409	 97.280753	 97.223503	  97.16667	 97.110266	 97.054303	 96.998789	 96.943737	 96.889155	 96.835053	 96.781441	 96.728328	 96.675721	 96.623631	 96.572064	 96.521028	  96.47053	 96.420578	 96.371178	 96.322336	 96.274058	  96.22635	 96.179216	 96.132662	 96.086693	 96.041311	 95.996522	 95.952328	 95.908732	 95.865738	 95.823348	 95.781563	 95.740386	 95.699818	  95.65986	 95.620513	 95.581777	 95.543652	 95.506139	 95.469236	 95.432943	 95.397259	 95.362183	 95.327713	 95.293846	 95.260581	 95.227916	 95.195847	 95.164372	 95.133488	  95.10319	 95.073476	 95.044342	 95.015783	 94.987795	 94.960374	 94.933515	 94.907213	 94.881463	 94.856259	 94.831598	 94.807472	 94.783876	 94.760805	 94.738252	 94.716212	 94.694677	 94.673643	 94.653102	 94.633048	 94.613474	 94.594374	 94.575741	 94.557568	 94.539848	 94.522575	 94.505741	 94.489339	 94.473362	 94.457804	 94.442656	 94.427912	 94.413566	 94.399608	 94.386034	 94.372834	 94.360003	 94.347533	 94.335417	 94.323649	  94.31222	 94.301124	 94.290354	 94.279903	 94.269764	 94.259931	 94.250397	 94.241154	 94.232197	 94.223519	 94.215112	 94.206972	 94.199091	 94.191464	 94.184083	 94.176943	 94.170038	 94.163362	 94.156909	 94.150673	 94.144649	  94.13883	 94.133212	 94.127789	 94.122555	 94.117506	 94.112637	 94.107941	 94.103415	 94.099054	 94.094852	 94.090805	 94.086909	  94.08316	 94.079552	 94.076081	 94.072744	 94.069537	 94.066455	 94.063495	 94.060653	 94.057925	 94.055308	 94.052798	 94.050392	 94.048087	  94.04588	 94.043767	 94.041746	 94.039813	 94.037966	 94.036203	  94.03452	 94.032915	 94.031386	 94.029931	 94.028547	 94.027232	 94.025983	   94.0248	  94.02368	 94.022622	 94.021623	 94.020682	 94.019797	 94.018968	 94.018192	 94.017468	 94.016796	 94.016173	   94.0156	 94.015074	 94.014595	 94.014163	 94.013776	 94.013433	 94.013135	  94.01288	 94.012668	 94.012499	 94.012373	 94.012289	 94.012247	
        99	 98.923917	 98.847854	 98.771829	 98.695862	 98.619971	 98.544176	 98.468496	 98.392949	 98.317555	 98.242332	 98.167299	 98.092474	 98.017875	 97.943521	 97.869429	 97.795618	 97.722104	 97.648905	 97.576038	 97.503519	 97.431367	 97.359595	 97.288222	 97.217261	  97.14673	 97.076642	 97.007013	 96.937857	 96.869189	 96.801021	 96.733368	 96.666243	 96.599658	 96.533625	 96.468157	 96.403265	  96.33896	 96.275254	 96.212155	 96.149676	 96.087824	 96.026609	  95.96604	 95.906125	 95.846872	 95.788289	 95.730382	 95.673159	 95.616625	 95.560786	 95.505648	 95.451215	 95.397493	 95.344485	 95.292194	 95.240625	  95.18978	 95.139662	 95.090272	 95.041613	 94.993686	 94.946491	 94.900029	 94.854301	 94.809305	 94.765042	 94.721511	  94.67871	 94.636638	 94.595293	 94.554672	 94.514773	 94.475592	 94.437128	 94.399375	 94.362331	 94.325991	  94.29035	 94.255405	  94.22115	  94.18758	  94.15469	 94.122474	 94.090926	  94.06004	 94.029811	  94.00023	 93.971292	 93.942991	 93.915318	 93.888267	 93.861831	 93.836002	 93.810772	 93.786135	 93.762081	 93.738603	 93.715694	 93.693344	 93.671547	 93.650293	 93.629574	 93.609383	  93.58971	 93.570546	 93.551885	 93.533716	 93.516032	 93.498824	 93.482083	 93.465801	 93.449969	 93.434579	 93.419622	 93.405089	 93.390973	 93.377265	 93.363956	 93.351038	 93.338503	 93.326342	 93.314548	 93.303111	 93.292026	 93.281282	 93.270873	  93.26079	 93.251026	 93.241574	 93.232425	 93.223572	 93.215008	 93.206726	 93.198718	 93.190978	 93.183499	 93.176273	 93.169294	 93.162555	  93.15605	 93.149773	 93.143717	 93.137876	 93.132244	 93.126815	 93.121584	 93.116544	  93.11169	 93.107017	  93.10252	 93.098192	  93.09403	 93.090027	  93.08618	 93.082484	 93.078933	 93.075524	 93.072252	 93.069113	 93.066103	 93.063217	 93.060453	 93.057805	 93.055271	 93.052846	 93.050528	 93.048313	 93.046198	 93.044179	 93.042255	 93.040421	 93.038675	 93.037015	 93.035437	  93.03394	 93.032521	 93.031178	 93.029908	  93.02871	 93.027581	  93.02652	 93.025525	 93.024595	 93.023727	  93.02292	 93.022174	 93.021486	 93.020855	 93.020281	 93.019762	 93.019297	 93.018887	 93.018529	 93.018223	 93.017969	 93.017767	 93.017615	 93.017514	 93.017464	
        99	 98.911285	 98.822593	 98.733946	 98.645366	 98.556875	 98.468496	  98.38025	 98.292161	 98.204249	 98.116537	 98.029046	 97.941798	 97.854814	 97.768115	 97.681721	 97.595655	 97.509935	 97.424583	 97.339618	  97.25506	 97.170927	  97.08724	 97.004016	 96.921274	 96.839032	 96.757308	 96.676119	 96.595481	 96.515412	 96.435926	 96.357041	 96.278771	  96.20113	 96.124134	 96.047797	 95.972131	  95.89715	 95.822866	 95.749291	 95.676438	 95.604317	 95.532939	 95.462313	 95.392451	  95.32336	 95.255051	  95.18753	 95.120805	 95.054885	 94.989775	 94.925483	 94.862013	 94.799371	 94.737562	 94.676589	 94.616458	 94.557172	 94.498732	 94.441143	 94.384404	  94.32852	 94.273489	 94.219313	 94.165993	 94.113527	 94.061915	 94.011156	 93.961249	 93.912192	 93.863982	 93.816617	 93.770093	 93.724408	 93.679557	 93.635536	 93.592342	 93.549968	  93.50841	 93.467663	 93.427721	 93.388577	 93.350226	 93.312662	 93.275876	 93.239862	 93.204613	 93.170121	 93.136379	 93.103379	 93.071112	 93.039569	 93.008744	 92.978626	 92.949208	  92.92048	 92.892432	 92.865057	 92.838344	 92.812284	 92.786867	 92.762084	 92.737926	 92.714382	 92.691442	 92.669097	 92.647337	 92.626152	 92.605532	 92.585467	 92.565946	 92.546961	 92.528501	 92.510555	 92.493115	  92.47617	  92.45971	 92.443725	 92.428207	 92.413144	 92.398528	 92.384348	 92.370595	  92.35726	 92.344334	 92.331807	 92.319669	 92.307912	 92.296528	 92.285506	 92.274838	 92.264515	 92.254529	 92.244872	 92.235535	  92.22651	 92.217788	 92.209363	 92.201225	 92.193367	 92.185783	 92.178463	 92.171402	 92.164591	 92.158024	 92.151694	 92.145594	 92.139717	 92.134058	 92.128609	 92.123365	 92.118319	 92.113465	 92.108798	 92.104313	 92.100002	 92.095862	 92.091887	 92.088072	 92.084412	 92.080902	 92.077537	 92.074313	 92.071226	 92.068271	 92.065444	 92.062741	 92.060158	 92.057692	 92.055338	 92.053094	 92.050956	  92.04892	 92.046984	 92.045145	 92.043399	 92.041744	 92.040178	 92.038697	   92.0373	 92.035984	 92.034747	 92.033587	 92.032502	  92.03149	 92.030549	 92.029679	 92.028876	 92.028141	 92.027472	 92.026867	 92.026325	 92.025846	 92.025429	 92.025072	 92.024777	  92.02454	 92.024364	 92.024246	 92.024187	
        99	 98.898676	 98.797377	  98.69613	 98.594959	  98.49389	 98.392949	 98.292161	  98.19155	 98.091143	 97.990964	 97.891037	 97.791388	  97.69204	 97.593018	 97.494345	 97.396045	 97.298142	 97.200658	 97.103616	 97.007039	 96.910948	 96.815366	 96.720313	  96.62581	 96.531879	 96.438538	 96.345809	  96.25371	 96.162259	 96.071476	 95.981378	 95.891983	 95.803307	 95.715367	 95.628179	 95.541758	 95.456119	 95.371277	 95.287245	 95.204036	 95.121664	  95.04014	 94.959476	 94.879684	 94.800773	 94.722754	 94.645636	 94.569428	 94.494137	 94.419773	 94.346342	 94.273851	 94.202305	  94.13171	 94.062072	 93.993394	 93.925681	 93.858935	 93.793159	 93.728357	 93.664528	 93.601676	   93.5398	   93.4789	 93.418977	  93.36003	 93.302056	 93.245056	 93.189025	 93.133963	 93.079865	 93.026729	  92.97455	 92.923324	 92.873046	 92.823712	 92.775316	 92.727851	 92.681312	 92.635693	 92.590986	 92.547184	 92.504279	 92.462265	 92.421132	 92.380873	 92.341479	 92.302941	 92.265249	 92.228396	 92.192371	 92.157164	 92.122765	 92.089165	 92.056354	  92.02432	 91.993053	 91.962543	 91.932779	  91.90375	 91.875445	 91.847852	 91.820962	 91.794762	 91.769241	 91.744388	 91.720191	  91.69664	 91.673723	 91.651428	 91.629744	  91.60866	 91.588164	 91.568244	 91.548891	 91.530091	 91.511835	  91.49411	 91.476907	 91.460213	 91.444018	  91.42831	  91.41308	 91.398316	 91.384008	 91.370146	 91.356718	 91.343715	 91.331126	 91.318942	 91.307152	 91.295747	 91.284717	 91.274053	 91.263745	 91.253784	  91.24416	 91.234866	 91.225892	 91.217229	 91.208869	 91.200804	 91.193025	 91.185525	 91.178295	 91.171328	 91.164616	 91.158152	 91.151929	 91.145939	 91.140176	 91.134632	 91.129302	 91.124179	 91.119256	 91.114528	 91.109987	  91.10563	 91.101449	  91.09744	 91.093597	 91.089915	 91.086389	 91.083014	 91.079785	 91.076698	 91.073748	 91.070931	 91.068243	  91.06568	 91.063238	 91.060913	 91.058702	 91.056601	 91.054607	 91.052717	 91.050928	 91.049237	 91.047641	 91.046138	 91.044725	   91.0434	 91.042161	 91.041005	 91.039931	 91.038937	  91.03802	 91.037181	 91.036416	 91.035725	 91.035106	 91.034559	 91.034083	 91.033676	 91.033338	 91.033068	 91.032866	 91.032732	 91.032665	
        99	 98.886092	 98.772212	  98.65839	 98.544654	 98.431033	 98.317555	 98.204249	 98.091143	 97.978266	 97.865644	 97.753307	 97.641282	 97.529595	 97.418274	 97.307347	 97.196838	 97.086776	 96.977185	  96.86809	 96.759518	 96.651493	  96.54404	 96.437182	 96.330942	 96.225345	 96.120412	 96.016166	 95.912628	 95.809819	 95.707761	 95.606473	 95.505975	 95.406286	 95.307424	 95.209408	 95.112254	 95.015979	 94.920599	 94.826131	 94.732588	 94.639985	 94.548336	 94.457654	 94.367952	 94.279241	 94.191532	 94.104836	 94.019162	 93.934522	 93.850922	 93.768371	 93.686876	 93.606444	 93.527082	 93.448795	 93.371587	 93.295464	 93.220428	 93.146484	 93.073633	 93.001877	 92.931219	 92.861658	 92.793195	 92.725829	 92.659561	 92.594387	 92.530307	 92.467318	 92.405417	 92.344601	 92.284865	 92.226205	 92.168617	 92.112095	 92.056634	 92.002227	 91.948867	 91.896548	 91.845263	 91.795003	 91.745761	 91.697528	 91.650296	 91.604055	 91.558795	 91.514509	 91.471184	 91.428812	 91.387381	 91.346882	 91.307302	 91.268631	 91.230858	 91.193972	 91.157959	 91.122809	  91.08851	 91.055049	 91.022415	 90.990594	 90.959575	 90.929345	 90.899891	   90.8712	 90.843261	 90.816059	 90.789583	 90.763819	 90.738755	 90.714378	 90.690675	 90.667634	 90.645241	 90.623483	 90.602349	 90.581825	 90.561899	 90.542559	 90.523792	 90.505585	 90.487927	 90.470805	 90.454208	 90.438123	 90.422539	 90.407443	 90.392825	 90.378673	 90.364975	 90.351721	   90.3389	   90.3265	 90.314511	 90.302923	 90.291725	 90.280906	 90.270458	 90.260369	  90.25063	 90.241232	 90.232165	  90.22342	 90.214988	  90.20686	 90.199028	 90.191483	 90.184216	  90.17722	 90.170486	 90.164007	 90.157775	 90.151783	 90.146023	 90.140489	 90.135173	 90.130069	 90.125171	 90.120471	 90.115964	 90.111644	 90.107504	  90.10354	 90.099746	 90.096116	 90.092646	 90.089329	 90.086163	 90.083141	 90.080259	 90.077514	   90.0749	 90.072414	 90.070052	 90.067811	 90.065686	 90.063675	 90.061774	  90.05998	  90.05829	 90.056702	 90.055212	 90.053819	  90.05252	 90.051312	 90.050194	 90.049164	  90.04822	  90.04736	 90.046584	 90.045888	 90.045273	 90.044738	  90.04428	   90.0439	 90.043597	  90.04337	 90.043219	 90.043143	
        99	 98.873536	 98.747104	 98.620736	 98.494463	 98.368318	 98.242332	 98.116537	 97.990964	 97.865644	 97.740609	  97.61589	 97.491516	 97.367519	 97.243928	 97.120773	 96.998084	 96.875889	 96.754219	 96.633099	  96.51256	 96.392628	  96.27333	 96.154693	 96.036744	 95.919507	 95.803007	 95.687271	  95.57232	  95.45818	 95.344872	  95.23242	 95.120844	 95.010167	 94.900408	 94.791587	 94.683724	 94.576838	 94.470945	 94.366063	  94.26221	   94.1594	 94.057649	 93.956972	 93.857382	 93.758892	 93.661515	 93.565263	 93.470147	 93.376176	 93.283361	 93.191711	 93.101234	 93.011936	 92.923826	  92.83691	 92.751192	 92.666678	 92.583372	 92.501277	 92.420396	 92.340731	 92.262284	 92.185055	 92.109046	 92.034255	 91.960682	 91.888325	 91.817181	 91.747249	 91.678525	 91.611005	 91.544685	  91.47956	 91.415624	 91.352872	 91.291297	 91.230893	 91.171652	 91.113566	 91.056628	 91.000828	 90.946158	 90.892609	  90.84017	 90.788832	 90.738584	 90.689416	 90.641316	 90.594273	 90.548276	 90.503312	  90.45937	 90.416437	   90.3745	 90.333547	 90.293566	 90.254541	 90.216461	 90.179312	 90.143081	 90.107753	 90.073314	 90.039752	 90.007051	 89.975198	 89.944179	 89.913979	 89.884585	 89.855981	 89.828155	 89.801091	 89.774775	 89.749194	 89.724332	 89.700177	 89.676713	 89.653927	 89.631805	 89.610332	 89.589497	 89.569283	 89.549679	  89.53067	 89.512243	 89.494385	 89.477083	 89.460323	 89.444094	 89.428382	 89.413175	  89.39846	 89.384225	 89.370458	 89.357148	 89.344283	  89.33185	 89.319839	 89.308239	 89.297038	 89.286225	 89.275791	 89.265725	 89.256016	 89.246655	 89.237631	 89.228936	 89.220559	 89.212491	 89.204724	 89.197248	 89.190054	 89.183136	 89.176483	 89.170088	 89.163944	 89.158042	 89.152376	 89.146937	  89.14172	 89.136716	 89.131919	 89.127324	 89.122923	  89.11871	  89.11468	 89.110827	 89.107145	 89.103629	 89.100274	 89.097075	 89.094027	 89.091125	 89.088366	 89.085743	 89.083255	 89.080896	 89.078663	 89.076553	 89.074561	 89.072685	 89.070922	 89.069268	 89.067721	 89.066278	 89.064938	 89.063697	 89.062553	 89.061505	  89.06055	 89.059688	 89.058916	 89.058233	 89.057638	  89.05713	 89.056709	 89.056372	  89.05612	 89.055952	 89.055868	
        99	 98.861012	 98.722059	 98.583176	 98.444399	 98.305761	 98.167299	 98.029046	 97.891037	 97.753307	  97.61589	 97.478819	 97.342128	 97.205851	 97.070021	  96.93467	 96.799831	 96.665535	 96.531815	 96.398701	 96.266224	 96.134415	 96.003303	 95.872918	 95.743287	  95.61444	 95.486404	 95.359205	 95.232871	 95.107427	 94.982899	  94.85931	 94.736685	 94.615047	 94.494418	 94.374821	 94.256276	 94.138804	 94.022424	 93.907156	 93.793018	 93.680027	 93.568199	 93.457552	 93.348099	 93.239856	 93.132836	 93.027052	 92.922516	 92.819239	 92.717233	 92.616506	 92.517068	 92.418928	 92.322092	 92.226568	 92.132362	 92.039478	 91.947922	 91.857696	 91.768806	 91.681252	 91.595036	 91.510159	 91.426623	 91.344425	 91.263566	 91.184043	 91.105854	 91.028997	 90.953467	  90.87926	 90.806372	 90.734797	  90.66453	 90.595563	 90.527891	 90.461505	 90.396397	 90.332559	 90.269982	 90.208656	 90.148572	  90.08972	 90.032088	 89.975666	 89.920442	 89.866404	 89.813541	 89.761839	 89.711286	  89.66187	 89.613576	 89.566391	 89.520302	 89.475293	 89.431352	 89.388463	 89.346612	 89.305784	 89.265964	 89.227138	 89.189289	 89.152403	 89.116464	 89.081456	 89.047365	 89.014175	 88.981869	 88.950433	 88.919851	 88.890107	 88.861185	  88.83307	 88.805746	 88.779199	 88.753411	 88.728369	 88.704056	 88.680457	 88.657558	 88.635343	 88.613797	 88.592905	 88.572654	 88.553027	 88.534011	 88.515592	 88.497756	 88.480488	 88.463774	 88.447602	 88.431958	 88.416828	   88.4022	  88.38806	 88.374396	 88.361196	 88.348446	 88.336136	 88.324253	 88.312786	 88.301723	 88.291053	 88.280764	 88.270847	  88.26129	 88.252083	 88.243217	  88.23468	 88.226464	 88.218558	 88.210954	 88.203643	 88.196615	 88.189862	 88.183376	 88.177148	 88.171171	 88.165437	 88.159937	 88.154666	 88.149615	 88.144778	 88.140149	  88.13572	 88.131485	 88.127438	 88.123574	 88.119887	 88.116371	 88.113021	 88.109832	 88.106799	 88.103917	 88.101182	  88.09859	 88.096136	 88.093816	 88.091627	 88.089566	 88.087628	  88.08581	  88.08411	 88.082525	 88.081051	 88.079687	  88.07843	 88.077278	 88.076229	 88.075281	 88.074433	 88.073682	 88.073029	 88.072471	 88.072007	 88.071637	  88.07136	 88.071176	 88.071084	
        99	 98.848523	 98.697084	 98.545721	 98.394473	 98.243378	 98.092474	 97.941798	 97.791388	 97.641282	 97.491516	 97.342128	 97.193155	 97.044632	 96.896596	 96.749083	 96.602127	 96.455764	 96.310028	 96.164953	 96.020572	 95.876919	 95.734025	 95.591924	 95.450645	 95.310219	 95.170678	  95.03205	 94.894364	 94.757648	 94.621929	 94.487235	 94.353591	 94.221023	 94.089555	 93.959211	 93.830013	 93.701986	 93.575148	 93.449522	 93.325128	 93.201983	 93.080107	 92.959517	 92.840229	 92.722259	 92.605623	 92.490333	 92.376404	 92.263847	 92.152674	 92.042897	 91.934524	 91.827564	 91.722027	  91.61792	 91.515248	 91.414018	 91.314234	 91.215902	 91.119023	 91.023602	 90.929639	 90.837136	 90.746092	 90.656509	 90.568383	 90.481715	   90.3965	 90.312736	 90.230419	 90.149545	 90.070107	 89.992101	 89.915519	 89.840356	 89.766602	 89.694251	 89.623292	 89.553718	 89.485518	 89.418682	 89.353199	 89.289058	 89.226247	 89.164755	 89.104569	 89.045675	 88.988062	 88.931714	 88.876619	 88.822762	 88.770129	 88.718704	 88.668473	  88.61942	  88.57153	 88.524787	 88.479176	 88.434679	 88.391281	 88.348966	 88.307716	 88.267515	 88.228347	 88.190194	 88.153039	 88.116866	 88.081658	 88.047397	 88.014066	 87.981649	 87.950129	 87.919488	 87.889709	 87.860776	 87.832671	 87.805378	  87.77888	 87.753161	 87.728204	 87.703993	 87.680511	 87.657742	 87.635671	 87.614281	 87.593556	 87.573482	 87.554043	 87.535223	 87.517008	 87.499383	 87.482332	 87.465843	   87.4499	  87.43449	 87.419598	 87.405211	 87.391317	   87.3779	  87.36495	 87.352452	 87.340395	 87.328765	 87.317553	 87.306744	 87.296329	 87.286295	 87.276631	 87.267327	 87.258373	 87.249757	  87.24147	 87.233501	 87.225842	 87.218482	 87.211413	 87.204626	 87.198112	 87.191862	 87.185869	 87.180123	 87.174619	 87.169347	 87.164302	 87.159475	 87.154859	 87.150449	 87.146238	  87.14222	 87.138388	 87.134737	 87.131261	 87.127955	 87.124815	 87.121834	 87.119008	 87.116334	 87.113806	  87.11142	 87.109173	 87.107061	  87.10508	 87.103227	   87.1015	 87.099894	 87.098407	 87.097037	 87.095782	 87.094639	 87.093605	 87.092681	 87.091863	 87.091151	 87.090542	 87.090037	 87.089634	 87.089332	 87.089131	 87.089031	
        99	 98.836071	 98.672184	  98.50838	 98.344699	 98.181184	 98.017875	 97.854814	  97.69204	 97.529595	 97.367519	 97.205851	 97.044632	 96.883901	 96.723697	 96.564058	 96.405022	 96.246628	 96.088912	 95.931912	 95.775663	 95.620202	 95.465562	  95.31178	 95.158888	  95.00692	 94.855908	 94.705884	  94.55688	 94.408926	 94.262052	 94.116286	 93.971656	 93.828191	 93.685916	 93.544858	 93.405041	 93.266489	 93.129226	 92.993273	 92.858653	 92.725386	 92.593492	 92.462989	 92.333896	 92.206229	 92.080005	 91.955238	 91.831944	 91.710135	 91.589824	 91.471023	 91.353742	  91.23799	 91.123778	 91.011113	 90.900001	  90.79045	 90.682465	 90.576049	 90.471207	 90.367942	 90.266255	 90.166148	 90.067621	 89.970674	 89.875305	 89.781512	 89.689293	 89.598643	  89.50956	 89.422037	  89.33607	 89.251652	 89.168775	 89.087433	 89.007617	 88.929318	 88.852527	 88.777234	 88.703428	 88.631097	 88.560232	 88.490818	 88.422845	 88.356298	 88.291164	  88.22743	 88.165081	 88.104101	 88.044477	 87.986193	 87.929233	 87.873582	 87.819221	 87.766137	  87.71431	 87.663725	 87.614364	  87.56621	 87.519245	 87.473451	  87.42881	 87.385305	 87.342917	 87.301628	 87.261419	 87.222273	  87.18417	 87.147093	 87.111023	 87.075941	  87.04183	  87.00867	 86.976443	 86.945132	 86.914717	  86.88518	 86.856505	 86.828671	 86.801663	 86.775461	 86.750049	 86.725409	 86.701523	 86.678375	 86.655947	 86.634222	 86.613185	 86.592818	 86.573106	 86.554032	  86.53558	 86.517735	 86.500482	 86.483805	 86.467689	  86.45212	 86.437083	 86.422564	 86.408549	 86.395024	 86.381975	  86.36939	 86.357256	 86.345559	 86.334287	 86.323428	  86.31297	 86.302902	 86.293211	 86.283887	 86.274919	 86.266295	 86.258006	 86.250042	 86.242392	 86.235047	 86.227997	 86.221233	 86.214747	  86.20853	 86.202573	 86.196868	 86.191407	 86.186184	 86.181189	 86.176416	 86.171859	  86.16751	 86.163363	 86.159412	 86.155651	 86.152073	 86.148674	 86.145449	 86.142391	 86.139497	 86.136761	 86.134179	 86.131748	 86.129462	 86.127318	 86.125313	 86.123443	 86.121705	 86.120096	 86.118614	 86.117255	 86.116018	   86.1149	 86.113899	 86.113014	 86.112243	 86.111585	 86.111038	 86.110602	 86.110275	 86.110058	 86.109949	
        99	 98.823661	 98.647366	  98.47116	 98.295088	 98.119194	 97.943521	 97.768115	 97.593018	 97.418274	 97.243928	 97.070021	 96.896596	 96.723697	 96.551364	 96.379639	 96.208563	 96.038177	 95.868522	 95.699635	 95.531557	 95.364326	 95.197979	 95.032554	 94.868087	 94.704614	 94.542169	 94.380788	 94.220503	 94.061348	 93.903354	 93.746552	 93.590973	 93.436647	 93.283601	 93.131863	 92.981461	  92.83242	 92.684764	  92.53852	 92.393708	 92.250352	 92.108472	 91.968089	 91.829223	  91.69189	  91.55611	 91.421898	 91.289269	 91.158238	 91.028819	 90.901023	 90.774863	 90.650349	  90.52749	 90.406295	 90.286771	 90.168926	 90.052765	 89.938293	 89.825514	 89.714431	 89.605046	  89.49736	 89.391374	 89.287087	 89.184498	 89.083604	 88.984403	 88.886891	 88.791063	 88.696915	 88.604439	 88.513629	 88.424479	 88.336978	 88.251119	 88.166893	 88.084288	 88.003294	 87.923901	 87.846095	 87.769864	 87.695195	 87.622076	 87.550491	 87.480426	 87.411866	 87.344797	 87.279201	 87.215063	 87.152366	 87.091094	 87.031229	 86.972754	  86.91565	   86.8599	 86.805485	 86.752387	 86.700587	 86.650066	 86.600806	 86.552785	 86.505986	 86.460389	 86.415974	 86.372721	 86.330611	 86.289624	  86.24974	 86.210939	 86.173202	 86.136507	 86.100837	 86.066171	 86.032489	 85.999771	 85.967999	 85.937152	 85.907212	 85.878158	 85.849973	 85.822637	 85.796131	 85.770437	 85.745536	  85.72141	 85.698041	 85.675411	 85.653503	 85.632298	  85.61178	 85.591931	 85.572735	 85.554176	 85.536236	   85.5189	 85.502152	 85.485977	 85.470359	 85.455282	 85.440733	 85.426697	 85.413159	 85.400106	 85.387524	 85.375399	 85.363718	 85.352468	 85.341637	 85.331213	 85.321183	 85.311536	 85.302259	 85.293343	 85.284775	 85.276546	 85.268645	 85.261061	 85.253786	 85.246809	 85.240121	 85.233713	 85.227576	 85.221702	 85.216083	  85.21071	 85.205576	 85.200674	 85.195995	 85.191535	 85.187284	 85.183238	  85.17939	 85.175734	 85.172264	 85.168975	 85.165861	 85.162918	 85.160141	 85.157525	 85.155066	  85.15276	 85.150604	 85.148592	 85.146723	 85.144992	 85.143397	 85.141936	 85.140605	 85.139402	 85.138326	 85.137374	 85.136544	 85.135836	 85.135248	 85.134779	 85.134427	 85.134193	 85.134077	
        99	 98.811294	 98.622636	 98.434072	 98.245652	 98.057422	 97.869429	 97.681721	 97.494345	 97.307347	 97.120773	  96.93467	 96.749083	 96.564058	 96.379639	 96.195871	 96.012797	 95.830462	 95.648908	 95.468178	 95.288312	 95.109353	  94.93134	 94.754314	 94.578313	 94.403375	 94.229538	 94.056839	 93.885313	 93.714996	 93.545922	 93.378124	 93.211634	 93.046484	 92.882705	 92.720326	 92.559376	 92.399882	 92.241872	 92.085371	 91.930403	 91.776993	 91.625164	 91.474936	  91.32633	 91.179367	 91.034064	 90.890439	 90.748509	 90.608289	 90.469794	 90.333036	 90.198028	 90.064781	 89.933306	 89.803611	 89.675706	 89.549596	 89.425289	 89.302789	   89.1821	 89.063227	  88.94617	 88.830932	 88.717513	 88.605912	 88.496128	 88.388159	 88.282001	  88.17765	 88.075102	 87.974351	  87.87539	 87.778212	 87.682809	 87.589172	 87.497292	 87.407158	  87.31876	 87.232087	 87.147125	 87.063862	 86.982285	  86.90238	 86.824133	 86.747527	 86.672549	 86.599181	 86.527408	 86.457212	 86.388576	 86.321482	 86.255913	  86.19185	 86.129273	 86.068165	 86.008505	 85.950274	 85.893452	 85.838019	 85.783956	  85.73124	 85.679852	 85.629771	 85.580976	 85.533446	  85.48716	 85.442097	 85.398235	 85.355554	 85.314032	 85.273648	  85.23438	 85.196208	 85.159111	 85.123066	 85.088054	 85.054054	 85.021044	 84.989004	 84.957913	 84.927751	 84.898498	 84.870133	 84.842637	  84.81599	 84.790172	 84.765164	 84.740947	 84.717502	  84.69481	 84.672853	 84.651613	  84.63107	 84.611209	 84.592011	  84.57346	 84.555537	 84.538228	 84.521514	  84.50538	 84.489811	  84.47479	 84.460303	 84.446335	  84.43287	 84.419894	 84.407394	 84.395356	 84.383765	  84.37261	 84.361877	 84.351553	 84.341626	 84.332084	 84.322916	 84.314109	 84.305654	 84.297539	 84.289753	 84.282286	 84.275129	 84.268272	 84.261705	 84.255419	 84.249405	 84.243656	 84.238162	 84.232916	 84.227909	 84.223136	 84.218587	 84.214257	 84.210139	 84.206227	 84.202514	 84.198994	 84.195662	 84.192513	 84.189541	 84.186741	  84.18411	 84.181642	 84.179334	 84.177182	 84.175181	 84.173329	 84.171623	 84.170059	 84.168634	 84.167347	 84.166196	 84.165177	 84.164289	 84.163531	 84.162902	 84.162399	 84.162023	 84.161773	 84.161648	
        99	 98.798974	 98.597999	 98.397125	 98.196403	 97.995884	 97.795618	 97.595655	 97.396045	 97.196838	 96.998084	 96.799831	 96.602127	 96.405022	 96.208563	 96.012797	 95.817772	 95.623533	 95.430126	 95.237596	 95.045987	 94.855344	  94.66571	 94.477126	 94.289634	 94.103275	 93.918089	 93.734115	 93.551391	 93.369954	 93.189841	 93.011088	 92.833729	 92.657797	 92.483325	 92.310345	 92.138886	  91.96898	 91.800654	 91.633935	  91.46885	 91.305425	 91.143682	 90.983647	 90.825339	 90.668781	 90.513992	  90.36099	 90.209794	 90.060419	 89.912882	 89.767195	 89.623373	 89.481427	 89.341368	 89.203206	  89.06695	 88.932607	 88.800184	 88.669687	 88.541119	 88.414484	 88.289786	 88.167024	   88.0462	 87.927313	 87.810362	 87.695344	 87.582255	 87.471091	 87.361848	 87.254519	 87.149097	 87.045575	 86.943943	 86.844193	 86.746314	 86.650296	 86.556127	 86.463795	 86.373286	 86.284587	 86.197685	 86.112563	 86.029207	   85.9476	 85.867726	 85.789569	 85.713109	 85.638331	 85.565214	  85.49374	  85.42389	 85.355643	 85.288982	 85.223884	 85.160329	 85.098296	 85.037765	 84.978713	 84.921119	 84.864962	 84.810219	 84.756869	 84.704888	 84.654255	 84.604947	 84.556942	 84.510216	 84.464749	 84.420516	 84.377495	 84.335664	    84.295	  84.25548	 84.217083	 84.179785	 84.143565	 84.108399	 84.074267	 84.041147	 84.009016	 83.977853	 83.947636	 83.918345	 83.889958	 83.862455	 83.835814	 83.810016	  83.78504	 83.760867	 83.737476	 83.714849	 83.692966	 83.671808	 83.651357	 83.631594	 83.612501	 83.594062	 83.576257	  83.55907	 83.542484	 83.526483	  83.51105	 83.496169	 83.481825	 83.468003	 83.454686	 83.441862	 83.429515	 83.417631	 83.406197	 83.395199	 83.384624	 83.374459	 83.364692	 83.355311	 83.346304	 83.337659	 83.329364	 83.321411	 83.313786	 83.306481	 83.299485	 83.292789	 83.286383	 83.280258	 83.274405	 83.268817	 83.263484	 83.258398	 83.253553	  83.24894	 83.244553	 83.240385	  83.23643	  83.23268	 83.229131	 83.225776	  83.22261	 83.219628	 83.216825	 83.214196	 83.211737	 83.209444	 83.207313	  83.20534	 83.203522	 83.201856	 83.200339	 83.198968	 83.197741	 83.196655	  83.19571	 83.194902	 83.194232	 83.193697	 83.193296	  83.19303	 83.192896	
        99	 98.786704	 98.573461	 98.360326	 98.147352	 97.934594	 97.722104	 97.509935	 97.298142	 97.086776	 96.875889	 96.665535	 96.455764	 96.246628	 96.038177	 95.830462	 95.623533	 95.417437	 95.212225	 95.007943	  94.80464	  94.60236	  94.40115	 94.201055	 94.002119	 93.804385	 93.607895	 93.412692	 93.218814	 93.026303	 92.835197	 92.645533	 92.457347	 92.270677	 92.085555	 91.902017	 91.720093	 91.539816	 91.361215	  91.18432	 91.009159	 90.835758	 90.664143	 90.494339	 90.326368	 90.160254	 89.996017	 89.833676	 89.673251	 89.514759	 89.358216	 89.203637	 89.051036	 88.900425	 88.751818	 88.605223	 88.460649	 88.318106	   88.1776	 88.039137	 87.902722	 87.768358	 87.636048	 87.505793	 87.377594	 87.251451	 87.127361	 87.005322	  86.88533	 86.767382	  86.65147	  86.53759	 86.425733	 86.315892	 86.208057	 86.102218	 85.998365	 85.896486	 85.796569	 85.698601	 85.602567	 85.508455	 85.416248	  85.32593	 85.237486	 85.150898	 85.066149	 84.983221	 84.902095	 84.822751	 84.745171	 84.669335	 84.595221	 84.522809	 84.452079	 84.383007	 84.315573	 84.249754	 84.185528	 84.122871	 84.061762	 84.002177	 83.944093	 83.887486	 83.832333	 83.778609	 83.726291	 83.675356	 83.625779	 83.577536	 83.530603	 83.484956	 83.440572	 83.397425	 83.355494	 83.314752	 83.275178	 83.236747	 83.199435	  83.16322	 83.128077	 83.093985	  83.06092	 83.028859	  82.99778	  82.96766	 82.938478	 82.910212	 82.882839	 82.856339	  82.83069	 82.805871	 82.781863	 82.758644	 82.736195	 82.714495	 82.693526	 82.673268	 82.653703	 82.634811	 82.616575	 82.598977	 82.581999	 82.565624	 82.549835	 82.534615	 82.519949	  82.50582	 82.492213	 82.479112	 82.466503	 82.454371	 82.442702	 82.431481	 82.420696	 82.410333	 82.400379	 82.390822	 82.381649	 82.372849	 82.364409	  82.35632	 82.348569	 82.341146	 82.334041	 82.327244	 82.320745	 82.314535	 82.308605	 82.302947	 82.297551	  82.29241	 82.287516	 82.282861	 82.278439	 82.274241	 82.270263	 82.266497	 82.262937	 82.259578	 82.256414	  82.25344	 82.250651	 82.248042	 82.245609	 82.243347	 82.241254	 82.239325	 82.237557	 82.235947	 82.234493	 82.233191	 82.232039	 82.231036	 82.230179	 82.229468	   82.2289	 82.228475	 82.228192	 82.228051	
