Time step 41:
        99	        99	        99	        99	        99	        99	        99	        99	        99	        99	        99	        99	        99	        99	        99	        99	        99	        99	        99	        99	        99	        99	        99	        99	        99	        99	        99	        99	        99	        99	        99	        99	        99	        99	        99	        99	        99	        99	        99	        99	        99	        99	        99	        99	        99	        99	        99	        99	        99	        99	        99	        99	        99	        99	        99	        99	        99	        99	        99	        99	        99	        99	        99	        99	        99	        99	        99	        99	        99	        99	        99	        99	        99	        99	        99	        99	        99	        99	        99	        99	        99	        99	        99	        99	        99	        99	        99	        99	        99	        99	        99	        99	        99	        99	        99	        99	        99	        99	        99	        99	        99	        99	        99	        99	        99	        99	        99	        99	        99	        99	        99	        99	        99	        99	        99	        99	        99	        99	        99	        99	        99	        99	        99	        99	        99	        99	        99	        99	        99	        99	        99	        99	        99	        99	        99	        99	        99	        99	        99	        99	        99	        99	        99	        99	        99	        99	        99	        99	        99	        99	        99	        99	        99	        99	        99	        99	        99	        99	        99	        99	        99	        99	        99	        99	        99	        99	        99	        99	        99	        99	        99	        99	        99	        99	        99	        99	        99	        99	        99	        99	        99	        99	        99	        99	        99	        99	        99	        99	        99	        99	        99	        99	        99	        99	        99	        99	        99	        99	        99	        99	
        99	 98.984513	 98.969032	  98.95356	 98.938102	 98.922663	 98.907248	 98.891861	 98.876507	 98.861192	 98.845918	 98.830692	 98.815517	 98.800398	 98.785339	 98.770346	 98.755421	  98.74057	 98.725796	 98.711104	 98.696498	 98.681981	 98.667558	 98.653232	 98.639008	 98.624888	 98.610876	 98.596977	 98.583192	 98.569526	 98.555981	 98.542561	 98.529268	 98.516106	 98.503076	 98.490183	 98.477427	 98.464813	 98.452341	 98.440014	 98.427835	 98.415805	 98.403925	 98.392198	 98.380626	 98.369209	 98.357949	 98.346848	 98.335907	 98.325125	 98.314506	 98.304048	 98.293754	 98.283623	 98.273656	 98.263854	 98.254216	 98.244743	 98.235434	 98.226291	 98.217312	 98.208497	 98.199847	  98.19136	 98.183036	 98.174875	 98.166876	 98.159037	 98.151358	 98.143839	 98.136478	 98.129273	 98.122225	 98.115331	  98.10859	 98.102001	 98.095563	 98.089273	 98.083131	 98.077135	 98.071282	 98.065573	 98.060004	 98.054573	  98.04928	 98.044122	 98.039097	 98.034204	 98.029439	 98.024803	 98.020291	 98.015903	 98.011636	 98.007489	 98.003458	 97.999542	  97.99574	 97.992048	 97.988465	 97.984988	 97.981615	 97.978345	 97.975175	 97.972103	 97.969127	 97.966245	 97.963455	 97.960754	  97.95814	 97.955612	 97.953168	 97.950805	 97.948521	 97.946315	 97.944184	 97.942127	 97.940141	 97.938225	 97.936377	 97.934595	 97.932877	 97.931221	 97.929626	 97.928089	  97.92661	 97.925186	 97.923816	 97.922498	 97.921231	 97.920012	 97.918841	 97.917717	 97.916636	 97.915599	 97.914603	 97.913648	 97.912731	 97.911852	  97.91101	 97.910202	 97.909429	 97.908688	 97.907979	   97.9073	  97.90665	 97.906029	 97.905435	 97.904867	 97.904324	 97.903806	 97.903311	 97.902838	 97.902387	 97.901957	 97.901547	 97.901156	 97.900783	 97.900428	  97.90009	 97.899769	 97.899463	 97.899172	 97.898895	 97.898632	 97.898383	 97.898146	 97.897921	 97.897707	 97.897505	 97.897314	 97.897133	 97.896962	   97.8968	 97.896647	 97.896502	 97.896367	 97.896238	 97.896118	 97.896005	 97.895899	   97.8958	 97.895707	  97.89562	  97.89554	 97.895465	 97.895396	 97.895333	 97.895274	 97.895221	 97.895173	 97.895129	  97.89509	 97.895056	 97.895026	 97.895001	  97.89498	 97.894963	 97.894951	 97.894942	 97.894938	
        99	 98.969032	 98.938073	 98.907133	 98.876222	 98.845349	 98.814524	 98.783755	 98.753053	 98.722426	 98.691884	 98.661436	 98.631091	 98.600857	 98.570745	 98.540762	 98.510917	 98.481219	 98.451677	 98.422297	 98.393089	  98.36406	 98.335218	 98.306571	 98.278127	 98.249891	 98.221873	 98.194077	 98.166512	 98.139184	 98.112099	 98.085262	 98.058681	  98.03236	 98.006306	 97.980523	 97.955016	  97.92979	 97.904851	 97.880201	 97.855846	 97.831789	 97.808034	 97.784584	 97.761442	 97.738612	 97.716097	 97.693898	 97.672018	 97.650459	 97.629223	 97.608311	 97.587725	 97.567466	 97.547536	 97.527934	 97.508661	 97.489718	 97.471104	  97.45282	 97.434865	 97.417239	  97.39994	 97.382969	 97.366324	 97.350004	 97.334008	 97.318333	 97.302978	 97.287941	 97.273221	 97.258815	  97.24472	 97.230934	 97.217454	 97.204279	 97.191404	 97.178827	 97.166544	 97.154554	 97.142851	 97.131433	 97.120297	 97.109438	 97.098853	 97.088538	  97.07849	 97.068705	 97.059178	 97.049906	 97.040884	 97.032109	 97.023577	 97.015283	 97.007223	 96.999393	 96.991789	 96.984406	 96.977241	 96.970288	 96.963544	 96.957005	 96.950666	 96.944523	 96.938572	 96.932809	 96.927228	 96.921827	 96.916601	 96.911546	 96.906658	 96.901933	 96.897366	 96.892954	 96.888693	  96.88458	 96.880609	 96.876777	 96.873081	 96.869518	 96.866082	 96.862771	 96.859581	 96.856508	  96.85355	 96.850703	 96.847963	 96.845328	 96.842794	 96.840357	 96.838016	 96.835766	 96.833606	 96.831531	  96.82954	  96.82763	 96.825797	  96.82404	 96.822355	  96.82074	 96.819193	 96.817712	 96.816293	 96.814936	 96.813637	 96.812395	 96.811206	 96.810071	 96.808986	 96.807949	 96.806959	 96.806014	 96.805113	 96.804252	 96.803432	  96.80265	 96.801905	 96.801195	  96.80052	 96.799876	 96.799264	 96.798682	 96.798129	 96.797604	 96.797104	  96.79663	 96.796181	 96.795754	  96.79535	 96.794968	 96.794605	 96.794263	 96.793939	 96.793633	 96.793345	 96.793073	 96.792817	 96.792576	  96.79235	 96.792138	 96.791939	 96.791754	 96.791581	  96.79142	 96.791271	 96.791133	 96.791005	 96.790889	 96.790782	 96.790686	 96.790598	 96.790521	 96.790452	 96.790393	 96.790342	   96.7903	 96.790267	 96.790242	 96.790225	 96.790217	
        99	  98.95356	 98.907133	 98.860736	 98.814381	 98.768083	 98.721857	 98.675716	 98.629674	 98.583746	 98.537944	 98.492284	 98.446778	  98.40144	 98.356283	  98.31132	 98.266564	 98.222029	 98.177726	 98.133668	 98.089867	 98.046335	 98.003083	 97.960124	 97.917468	 97.875126	 97.833109	 97.791426	 97.750089	 97.709107	  97.66849	 97.628245	 97.588384	 97.548913	 97.509841	 97.471176	 97.432926	 97.395097	 97.357698	 97.320733	 97.284209	 97.248133	 97.212509	 97.177343	  97.14264	 97.108404	 97.074639	 97.041349	 97.008537	 96.976207	 96.944361	 96.913002	 96.882131	 96.851751	 96.821863	 96.792467	 96.763565	 96.735158	 96.707244	 96.679825	   96.6529	 96.626467	 96.600526	 96.575076	 96.550115	 96.525641	 96.501652	 96.478146	  96.45512	 96.432571	 96.410496	 96.388892	 96.367755	 96.347081	 96.326868	 96.307109	 96.287802	 96.268941	 96.250522	 96.232541	 96.214991	 96.197869	 96.181168	 96.164884	 96.149011	 96.133543	 96.118475	   96.1038	 96.089514	 96.075609	  96.06208	 96.048921	 96.036126	 96.023688	 96.011601	 95.999859	 95.988456	 95.977385	 95.966639	 95.956213	   95.9461	 95.936294	 95.926788	 95.917576	 95.908652	 95.900008	  95.89164	 95.883541	 95.875704	 95.868123	 95.860793	 95.853707	 95.846858	 95.840242	 95.833853	 95.827683	 95.821729	 95.815983	 95.810441	 95.805096	 95.799944	 95.794979	 95.790195	 95.785588	 95.781152	 95.776882	 95.772773	 95.768821	  95.76502	 95.761367	 95.757856	 95.754482	 95.751242	 95.748131	 95.745146	  95.74228	 95.739532	 95.736897	  95.73437	 95.731949	 95.729629	 95.727408	 95.725281	 95.723245	 95.721297	 95.719434	 95.717652	 95.715949	 95.714322	 95.712767	 95.711283	 95.709866	 95.708514	 95.707224	 95.705994	 95.704821	 95.703704	 95.702639	 95.701626	 95.700661	 95.699744	 95.698871	 95.698041	 95.697253	 95.696504	 95.695793	 95.695119	  95.69448	 95.693874	   95.6933	 95.692757	 95.692243	 95.691757	 95.691299	 95.690866	 95.690459	 95.690075	 95.689714	 95.689375	 95.689057	 95.688759	 95.688481	 95.688221	  95.68798	 95.687756	 95.687549	 95.687358	 95.687183	 95.687023	 95.686878	 95.686748	 95.686632	 95.686529	  95.68644	 95.686364	 95.686301	  95.68625	 95.686213	 95.686188	 95.686176	
        99	 98.938102	 98.876222	 98.814381	 98.752597	 98.690889	 98.629276	 98.567776	 98.506409	 98.445193	 98.384147	 98.323288	 98.262635	 98.202206	 98.142018	 98.082089	 98.022437	 97.963078	 97.904028	 97.845305	 97.786925	 97.728903	 97.671255	 97.613996	 97.557142	 97.500706	 97.444703	 97.389147	 97.334051	 97.279428	  97.22529	 97.171651	 97.118521	 97.065912	 97.013835	   96.9623	 96.911318	 96.860898	  96.81105	 96.761781	   96.7131	 96.665016	 96.617535	 96.570664	  96.52441	 96.478778	 96.433774	 96.389403	  96.34567	 96.302579	 96.260132	 96.218335	 96.177189	 96.136696	 96.096859	  96.05768	 96.019158	 95.981294	  95.94409	 95.907544	 95.871656	 95.836426	 95.801851	 95.767929	  95.73466	  95.70204	 95.670066	 95.638736	 95.608045	 95.577991	 95.548568	 95.519773	   95.4916	 95.464045	 95.437103	 95.410768	 95.385034	 95.359896	 95.335346	 95.311379	 95.287988	 95.265166	 95.242907	 95.221203	 95.200046	 95.179429	 95.159346	 95.139787	 95.120745	 95.102212	  95.08418	 95.066641	 95.049587	 95.033009	 95.016899	 95.001249	  94.98605	 94.971293	 94.956971	 94.943075	 94.929596	 94.916526	 94.903855	 94.891577	 94.879682	 94.868162	 94.857008	 94.846213	 94.835767	 94.825664	 94.815893	 94.806448	 94.797321	 94.788503	 94.779986	 94.771763	 94.763827	 94.756168	 94.748781	 94.741658	 94.734791	 94.728172	 94.721796	 94.715656	 94.709743	 94.704052	 94.698576	 94.693308	 94.688243	 94.683373	 94.678693	 94.674197	 94.669878	 94.665732	 94.661752	 94.657934	  94.65427	 94.650758	  94.64739	 94.644163	 94.641071	  94.63811	 94.635275	 94.632562	 94.629965	 94.627482	 94.625107	 94.622838	 94.620669	 94.618597	 94.616618	  94.61473	 94.612927	 94.611208	 94.609568	 94.608006	 94.606516	 94.605098	 94.603747	 94.602461	 94.601238	 94.600075	 94.598969	 94.597918	  94.59692	 94.595973	 94.595074	 94.594222	 94.593415	  94.59265	 94.591926	 94.591241	 94.590594	 94.589983	 94.589406	 94.588863	 94.588351	  94.58787	 94.587418	 94.586994	 94.586597	 94.586226	 94.585881	 94.585559	  94.58526	 94.584984	  94.58473	 94.584497	 94.584284	 94.584091	 94.583917	 94.583762	 94.583625	 94.583506	 94.583405	 94.583321	 94.583254	 94.583204	  94.58317	 94.583154	
        99	 98.922663	 98.845349	 98.768083	 98.690889	 98.613789	 98.536808	  98.45997	 98.383296	 98.306812	 98.230539	 98.154501	 98.078719	 98.003218	 97.928018	 97.853141	  97.77861	 97.704445	 97.630667	 97.557297	 97.484356	 97.411862	 97.339835	 97.268295	  97.19726	 97.126748	 97.056776	 96.987363	 96.918525	 96.850277	 96.782637	 96.715618	 96.649236	 96.583505	 96.518439	 96.454051	 96.390353	 96.327357	 96.265075	 96.203517	 96.142695	 96.082617	 96.023293	 95.964731	  95.90694	 95.849927	 95.793698	  95.73826	 95.683619	 95.629779	 95.576746	 95.524523	 95.473114	 95.422522	 95.372749	 95.323797	 95.275667	 95.228359	 95.181875	 95.136214	 95.091375	 95.047357	 95.004158	 94.961776	 94.920209	 94.879452	 94.839503	 94.800359	 94.762013	 94.724462	 94.687701	 94.651723	 94.616524	 94.582096	 94.548434	  94.51553	 94.483378	 94.451969	 94.421296	 94.391352	 94.362126	 94.333613	 94.305801	 94.278683	 94.252249	 94.226491	 94.201397	  94.17696	 94.153169	 94.130013	 94.107484	  94.08557	 94.064262	  94.04355	 94.023422	 94.003868	 93.984878	 93.966441	 93.948546	 93.931184	 93.914343	 93.898013	 93.882182	 93.866841	 93.851979	 93.837586	  93.82365	 93.810162	 93.797111	 93.784487	  93.77228	 93.760479	 93.749075	 93.738058	 93.727417	 93.717143	 93.707227	 93.697659	 93.688429	 93.679529	 93.670949	  93.66268	 93.654713	 93.647041	 93.639654	 93.632543	 93.625701	  93.61912	 93.612791	 93.606706	 93.600859	 93.595241	 93.589846	 93.584665	 93.579693	 93.574922	 93.570345	 93.565956	 93.561749	 93.557716	 93.553854	 93.550154	 93.546612	 93.543221	 93.539978	 93.536875	 93.533908	 93.531072	 93.528362	 93.525773	 93.523301	 93.520942	  93.51869	 93.516542	 93.514493	 93.512541	  93.51068	 93.508907	  93.50722	 93.505613	 93.504085	 93.502632	  93.50125	 93.499937	  93.49869	 93.497507	 93.496384	 93.495319	  93.49431	 93.493354	  93.49245	 93.491594	 93.490786	 93.490022	 93.489302	 93.488623	 93.487983	 93.487382	 93.486818	 93.486288	 93.485792	 93.485329	 93.484897	 93.484495	 93.484122	 93.483777	  93.48346	 93.483168	 93.482902	 93.482661	 93.482443	  93.48225	 93.482079	  93.48193	 93.481803	 93.481699	 93.481615	 93.481552	 93.481511	  93.48149	
        99	 98.907248	 98.814524	 98.721857	 98.629276	 98.536808	 98.444483	 98.352329	 98.260373	 98.168643	 98.077167	 97.985973	 97.895087	 97.804536	 97.714347	 97.624545	 97.535158	  97.44621	 97.357727	 97.269733	 97.182252	 97.095309	 97.008925	 96.923126	 96.837931	 96.753365	 96.669446	 96.586197	 96.503638	 96.421787	 96.340664	 96.260287	 96.180674	 96.101841	 96.023806	 95.946583	 95.870189	 95.794636	  95.71994	 95.646113	 95.573167	 95.501114	 95.429965	 95.359731	  95.29042	 95.222043	 95.154606	 95.088118	 95.022586	 94.958015	 94.894411	 94.831779	 94.770123	 94.709447	 94.649753	 94.591043	 94.533319	 94.476583	 94.420833	 94.366071	 94.312294	 94.259502	 94.207693	 94.156863	  94.10701	  94.05813	 94.010219	 93.963271	 93.917283	 93.872247	 93.828158	  93.78501	 93.742794	 93.701504	 93.661133	  93.62167	 93.583109	  93.54544	 93.508653	  93.47274	 93.437689	 93.403492	 93.370137	 93.337614	 93.305911	 93.275018	 93.244923	 93.215615	 93.187081	 93.159311	 93.132291	 93.106009	 93.080454	 93.055613	 93.031473	 93.008021	 92.985246	 92.963134	 92.941673	  92.92085	 92.900652	 92.881067	 92.862081	 92.843682	 92.825858	 92.808596	 92.791882	 92.775706	 92.760054	 92.744913	 92.730273	  92.71612	 92.702443	 92.689229	 92.676467	 92.664146	 92.652253	 92.640777	 92.629708	 92.619034	 92.608743	 92.598827	 92.589272	 92.580071	 92.571211	 92.562683	 92.554477	 92.546584	 92.538993	 92.531696	 92.524683	 92.517946	 92.511475	 92.505262	 92.499299	 92.493576	 92.488087	 92.482823	 92.477777	 92.472942	 92.468309	 92.463872	 92.459623	 92.455557	 92.451667	 92.447946	 92.444388	 92.440986	 92.437736	 92.434632	 92.431667	 92.428837	 92.426136	  92.42356	 92.421103	 92.418761	 92.416529	 92.414404	  92.41238	 92.410453	  92.40862	 92.406877	  92.40522	 92.403645	  92.40215	 92.400731	 92.399384	 92.398107	 92.396897	 92.395751	 92.394666	  92.39364	  92.39267	 92.391754	  92.39089	 92.390076	 92.389309	 92.388588	 92.387911	 92.387276	 92.386681	 92.386126	 92.385607	 92.385125	 92.384678	 92.384265	 92.383884	 92.383534	 92.383215	 92.382925	 92.382665	 92.382432	 92.382227	 92.382049	 92.381897	 92.381771	 92.381671	 92.381596	 92.381546	 92.381522	
        99	 98.891861	 98.783755	 98.675716	 98.567776	  98.45997	 98.352329	 98.244887	 98.137676	  98.03073	 97.924079	 97.817756	 97.711793	  97.60622	  97.50107	 97.396372	 97.292156	 97.188453	 97.085291	 96.982699	 96.880706	  96.77934	 96.678627	 96.578593	 96.479266	 96.380671	 96.282831	 96.185772	 96.089517	 95.994088	 95.899507	 95.805797	 95.712976	 95.621066	 95.530086	 95.440053	 95.350985	 95.262899	 95.175812	 95.089737	  95.00469	 94.920685	 94.837733	 94.755847	 94.675039	 94.595318	 94.516695	 94.439177	 94.362774	 94.287491	 94.213336	 94.140314	  94.06843	 93.997688	 93.928091	 93.859642	 93.792343	 93.726194	 93.661196	 93.597349	 93.534652	 93.473102	 93.412698	 93.353436	 93.295313	 93.238325	 93.182465	  93.12773	 93.074112	 93.021605	 92.970203	 92.919896	 92.870678	 92.822538	 92.775469	  92.72946	 92.684502	 92.640584	 92.597695	 92.555824	 92.514959	 92.475088	   92.4362	 92.398282	  92.36132	 92.325302	 92.290215	 92.256045	 92.222778	   92.1904	 92.158898	 92.128256	 92.098462	   92.0695	 92.041355	 92.014013	  91.98746	  91.96168	 91.936659	 91.912381	 91.888833	 91.865998	 91.843863	 91.822412	 91.801631	 91.781505	 91.762019	 91.743159	  91.72491	 91.707258	 91.690189	 91.673688	 91.657742	 91.642337	 91.627458	 91.613092	 91.599227	 91.585847	 91.572942	 91.560497	 91.548499	 91.536937	 91.525798	  91.51507	  91.50474	 91.494798	 91.485231	 91.476028	 91.467178	 91.458671	 91.450495	  91.44264	 91.435095	 91.427851	 91.420899	 91.414227	 91.407827	  91.40169	 91.395807	 91.390169	 91.384768	 91.379595	 91.374642	 91.369901	 91.365365	 91.361027	 91.356878	 91.352913	 91.349124	 91.345504	 91.342047	 91.338748	 91.335599	 91.332595	 91.329731	 91.327001	 91.324399	 91.321921	 91.319561	 91.317315	 91.315178	 91.313145	 91.311213	 91.309378	 91.307634	 91.305979	 91.304409	  91.30292	  91.30151	 91.300173	 91.298908	 91.297712	 91.296581	 91.295514	 91.294506	 91.293557	 91.292663	 91.291822	 91.291033	 91.290292	 91.289599	 91.288951	 91.288347	 91.287785	 91.287264	 91.286782	 91.286338	  91.28593	 91.285558	  91.28522	 91.284917	 91.284646	 91.284406	 91.284199	 91.284022	 91.283875	 91.283758	 91.283671	 91.283613	 91.283584	
        99	 98.876507	 98.753053	 98.629674	 98.506409	 98.383296	 98.260373	 98.137676	 98.015244	 97.893113	  97.77132	 97.649901	 97.528894	 97.408332	 97.288252	 97.168689	 97.049677	  96.93125	 96.813441	 96.696284	  96.57981	 96.464051	 96.349039	 96.234803	 96.121374	 96.008779	 95.897049	 95.786209	 95.676287	  95.56731	 95.459301	 95.352285	 95.246286	 95.141327	 95.037429	 94.934613	 94.832899	 94.732307	 94.632855	  94.53456	 94.437438	 94.341505	 94.246776	 94.153265	 94.060983	 93.969944	 93.880157	 93.791634	 93.704382	 93.618411	 93.533728	 93.450338	 93.368248	 93.287462	 93.207984	 93.129816	 93.052962	 92.977421	 92.903195	 92.830283	 92.758684	 92.688396	 92.619415	  92.55174	 92.485364	 92.420284	 92.356494	 92.293987	 92.232757	 92.172795	 92.114094	 92.056645	 92.000439	 91.945465	 91.891713	 91.839172	 91.787831	 91.737677	 91.688698	 91.640882	 91.594216	 91.548684	 91.504275	 91.460973	 91.418763	 91.377631	 91.337562	 91.298541	  91.26055	 91.223576	 91.187601	 91.152609	 91.118584	  91.08551	 91.053369	 91.022146	 90.991822	 90.962382	 90.933808	 90.906084	 90.879192	 90.853116	 90.827838	 90.803341	  90.77961	 90.756626	 90.734374	 90.712836	 90.691996	 90.671838	 90.652345	 90.633502	 90.615292	 90.597699	 90.580707	 90.564302	 90.548468	 90.533189	 90.518451	 90.504239	 90.490538	 90.477335	 90.464614	 90.452363	 90.440567	 90.429212	 90.418287	 90.407778	 90.397672	 90.387956	 90.378619	 90.369649	 90.361033	 90.352761	 90.344821	 90.337202	 90.329894	 90.322886	 90.316167	 90.309729	  90.30356	 90.297653	 90.291997	 90.286583	 90.281403	 90.276449	 90.271711	 90.267183	 90.262856	 90.258722	 90.254775	 90.251007	 90.247411	 90.243981	  90.24071	 90.237592	  90.23462	  90.23179	 90.229095	  90.22653	  90.22409	 90.221769	 90.219563	 90.217466	 90.215476	 90.213586	 90.211793	 90.210092	 90.208481	 90.206955	 90.205511	 90.204144	 90.202853	 90.201634	 90.200484	 90.199399	 90.198379	 90.197419	 90.196517	 90.195671	  90.19488	  90.19414	  90.19345	 90.192808	 90.192213	 90.191662	 90.191155	  90.19069	 90.190265	 90.189879	 90.189532	 90.189223	  90.18895	 90.188713	  90.18851	 90.188343	 90.188209	  90.18811	 90.188043	  90.18801	
        99	 98.861192	 98.722426	 98.583746	 98.445193	 98.306812	 98.168643	  98.03073	 97.893113	 97.755835	 97.618937	  97.48246	 97.346445	 97.210931	 97.075959	 96.941567	 96.807795	  96.67468	 96.542261	 96.410573	 96.279654	 96.149539	 96.020262	 95.891859	 95.764362	 95.637803	 95.512216	  95.38763	 95.264075	 95.141582	 95.020177	 94.899889	 94.780744	 94.662768	 94.545984	 94.430417	 94.316089	 94.203021	 94.091234	 93.980748	 93.871581	 93.763751	 93.657273	 93.552164	 93.448438	 93.346108	 93.245186	 93.145683	 93.047611	 92.950978	 92.855791	  92.76206	 92.669789	 92.578983	 92.489648	 92.401787	   92.3154	 92.230491	  92.14706	 92.065105	 91.984626	  91.90562	 91.828085	 91.752016	 91.677408	 91.604257	 91.532555	 91.462296	 91.393472	 91.326074	 91.260093	 91.195519	 91.132342	  91.07055	 91.010131	 90.951074	 90.893365	 90.836992	 90.781939	 90.728192	 90.675738	  90.62456	 90.574643	  90.52597	 90.478526	 90.432293	 90.387254	 90.343393	 90.300691	 90.259131	 90.218694	 90.179363	 90.141118	 90.103942	 90.067815	 90.032719	 89.998635	 89.965544	 89.933426	 89.902263	 89.872036	 89.842726	 89.814313	 89.786778	 89.760103	 89.734269	 89.709257	 89.685048	 89.661624	 89.638966	 89.617055	 89.595875	 89.575406	 89.555631	 89.536533	 89.518093	 89.500295	 89.483121	 89.466555	 89.450581	 89.435181	  89.42034	 89.406042	 89.392271	 89.379011	 89.366249	 89.353969	 89.342156	 89.330797	 89.319876	 89.309381	 89.299298	 89.289614	 89.280316	 89.271391	 89.262828	 89.254613	 89.246736	 89.239184	 89.231947	 89.225014	 89.218373	 89.212016	 89.205931	 89.200109	  89.19454	 89.189214	 89.184124	  89.17926	 89.174614	 89.170177	 89.165942	   89.1619	 89.158045	 89.154368	 89.150863	 89.147523	 89.144342	 89.141313	  89.13843	 89.135687	 89.133078	 89.130598	 89.128242	 89.126004	  89.12388	 89.121865	 89.119954	 89.118142	 89.116427	 89.114803	 89.113268	 89.111817	 89.110446	 89.109153	 89.107934	 89.106787	 89.105708	 89.104694	 89.103744	 89.102854	 89.102023	 89.101247	 89.100526	 89.099857	 89.099238	 89.098668	 89.098144	 89.097667	 89.097234	 89.096844	 89.096496	 89.096189	 89.095922	 89.095695	 89.095507	 89.095357	 89.095244	  89.09517	 89.095133	
        99	 98.845918	 98.691884	 98.537944	 98.384147	 98.230539	 98.077167	 97.924079	  97.77132	 97.618937	 97.466976	 97.315482	   97.1645	 97.014076	 96.864252	 96.715073	 96.566582	 96.418821	 96.271831	 96.125653	 95.980329	 95.835897	 95.692396	 95.549864	 95.408338	 95.267854	 95.128448	 94.990153	 94.853004	 94.717032	 94.582269	 94.448746	 94.316491	 94.185533	   94.0559	 93.927616	 93.800708	   93.6752	 93.551113	  93.42847	 93.307291	 93.187596	 93.069402	 92.952728	 92.837588	 92.723999	 92.611972	 92.501521	 92.392658	 92.285391	 92.179732	 92.075686	 91.973263	 91.872466	 91.773301	 91.675772	  91.57988	 91.485629	 91.393017	 91.302044	  91.21271	 91.125011	 91.038945	 90.954505	 90.871689	 90.790489	 90.710897	 90.632908	  90.55651	 90.481696	 90.408455	 90.336776	 90.266647	 90.198056	  90.13099	 90.065435	 90.001376	 89.938799	 89.877689	 89.818029	 89.759803	 89.702993	 89.647583	 89.593555	 89.540891	 89.489571	 89.439576	 89.390889	 89.343489	 89.297355	 89.252469	  89.20881	 89.166358	 89.125091	 89.084989	 89.046031	 89.008197	 88.971464	 88.935813	 88.901221	 88.867668	 88.835132	 88.803593	 88.773029	 88.743419	 88.714742	 88.686978	 88.660105	 88.634103	 88.608952	 88.584631	  88.56112	 88.538399	 88.516448	 88.495248	  88.47478	 88.455023	  88.43596	 88.417571	 88.399839	 88.382745	  88.36627	 88.350399	 88.335113	 88.320395	 88.306228	 88.292597	 88.279484	 88.266875	 88.254753	 88.243103	 88.231911	 88.221161	  88.21084	 88.200933	 88.191427	 88.182308	 88.173564	 88.165182	 88.157148	 88.149452	 88.142081	 88.135024	  88.12827	 88.121807	 88.115625	 88.109714	 88.104064	 88.098665	 88.093507	 88.088582	 88.083881	 88.079394	 88.075114	 88.071033	 88.067143	 88.063436	 88.059904	 88.056542	 88.053341	 88.050297	 88.047401	 88.044648	 88.042033	 88.039549	 88.037191	 88.034953	 88.032832	 88.030822	 88.028918	 88.027115	 88.025411	   88.0238	 88.022279	 88.020843	  88.01949	 88.018217	 88.017019	 88.015894	 88.014839	 88.013851	 88.012928	 88.012068	 88.011267	 88.010524	 88.009837	 88.009204	 88.008623	 88.008093	 88.007612	 88.007179	 88.006793	 88.006452	 88.006156	 88.005904	 88.005695	 88.005529	 88.005404	 88.005321	  88.00528	
        99	 98.830692	 98.661436	 98.492284	 98.323288	 98.154501	 97.985973	 97.817756	 97.649901	  97.48246	 97.315482	 97.149017	 96.983116	 96.817826	 96.653197	 96.489276	 96.326111	 96.163748	 96.002232	  95.84161	 95.681924	 95.523219	 95.365537	  95.20892	 95.053409	 94.899042	  94.74586	 94.593899	 94.443196	 94.293788	 94.145708	  93.99899	 93.853665	 93.709766	 93.567322	 93.426362	 93.286913	 93.149001	 93.012652	  92.87789	 92.744736	 92.613212	 92.483339	 92.355135	 92.228617	 92.103802	 91.980705	  91.85934	 91.739718	 91.621852	 91.505751	 91.391424	 91.278879	 91.168121	 91.059157	 90.951989	 90.846622	 90.743056	 90.641293	  90.54133	 90.443168	 90.346803	 90.252231	 90.159447	 90.068447	 89.979222	 89.891766	 89.806069	 89.722122	 89.639915	 89.559437	 89.480674	 89.403615	 89.328246	 89.254552	 89.182518	  89.11213	 89.043369	  88.97622	 88.910664	 88.846684	  88.78426	 88.723375	 88.664008	 88.606139	 88.549747	 88.494813	 88.441314	 88.389229	 88.338537	 88.289216	 88.241242	 88.194594	 88.149249	 88.105185	 88.062377	 88.020804	 87.980441	 87.941267	 87.903257	 87.866388	 87.830637	 87.795981	 87.762397	 87.729861	  87.69835	 87.667842	 87.638314	 87.609743	 87.582106	 87.555381	 87.529547	 87.504581	 87.480461	 87.457166	 87.434675	 87.412966	 87.392019	 87.371813	 87.352328	 87.333544	 87.315442	 87.298002	 87.281206	 87.265033	 87.249467	 87.234488	  87.22008	 87.206224	 87.192904	 87.180103	 87.167805	 87.155993	 87.144652	 87.133766	 87.123321	 87.113301	 87.103693	 87.094482	 87.085655	 87.077198	 87.069099	 87.061344	 87.053922	 87.046821	 87.040028	 87.033533	 87.027324	 87.021392	 87.015724	 87.010313	 87.005147	 87.000217	 86.995514	  86.99103	 86.986755	 86.982681	 86.978801	 86.975106	  86.97159	 86.968244	 86.965062	 86.962037	 86.959163	 86.956434	 86.953843	 86.951384	 86.949053	 86.946844	 86.944752	 86.942772	 86.940899	 86.939129	 86.937457	  86.93588	 86.934393	 86.932994	 86.931678	 86.930442	 86.929282	 86.928197	 86.927183	 86.926237	 86.925357	 86.924541	 86.923786	  86.92309	 86.922452	  86.92187	 86.921341	 86.920866	 86.920441	 86.920067	 86.919742	 86.919465	 86.919235	 86.919052	 86.918915	 86.918824	 86.918779	
        99	 98.815517	 98.631091	 98.446778	 98.262635	 98.078719	 97.895087	 97.711793	 97.528894	 97.346445	   97.1645	 96.983116	 96.802345	  96.62224	 96.442856	 96.264243	 96.086453	 95.909537	 95.733546	 95.558527	 95.384529	 95.211599	 95.039784	  94.86913	  94.69968	 94.531478	 94.364566	 94.198985	 94.034775	 93.871975	 93.710623	 93.550754	 93.392405	 93.235608	 93.080397	 92.926803	 92.774855	 92.624583	 92.476013	 92.329172	 92.184083	 92.040772	 91.899258	 91.759563	 91.621706	 91.485704	 91.351573	  91.21933	 91.088987	 90.960556	 90.834049	 90.709475	 90.586843	 90.466158	 90.347428	 90.230655	 90.115844	 90.002995	 89.892111	 89.783189	 89.676228	 89.571226	 89.468178	 89.367078	 89.267921	   89.1707	 89.075405	 88.982027	 88.890556	 88.800981	 88.713289	 88.627467	 88.543502	 88.461377	 88.381078	 88.302588	  88.22589	 88.150967	 88.077799	 88.006368	 87.936653	 87.868635	 87.802292	 87.737604	 87.674548	 87.613102	 87.553244	  87.49495	 87.438198	 87.382962	  87.32922	 87.276946	 87.226117	 87.176708	 87.128694	  87.08205	  87.03675	  86.99277	 86.950085	 86.908668	 86.868494	 86.829539	 86.791777	 86.755182	  86.71973	 86.685395	 86.652153	 86.619978	 86.588846	 86.558732	 86.529613	 86.501463	 86.474259	 86.447977	 86.422594	 86.398087	 86.374432	 86.351608	 86.329591	  86.30836	 86.287893	 86.268168	 86.249165	 86.230863	 86.213241	 86.196279	 86.179958	 86.164258	 86.149161	 86.134647	 86.120699	 86.107298	 86.094427	  86.08207	 86.070208	 86.058827	 86.047909	  86.03744	 86.027403	 86.017785	  86.00857	 85.999745	 85.991295	 85.983208	  85.97547	 85.968069	 85.960991	 85.954226	 85.947762	 85.941587	  85.93569	 85.930061	 85.924689	 85.919565	 85.914679	 85.910021	 85.905582	 85.901354	 85.897328	 85.893496	 85.889851	 85.886383	 85.883088	 85.879956	 85.876982	 85.874159	  85.87148	  85.86894	 85.866533	 85.864253	 85.862096	 85.860055	 85.858126	 85.856304	 85.854586	 85.852966	 85.851441	 85.850007	  85.84866	 85.847397	 85.846214	 85.845109	 85.844079	  85.84312	 85.842231	 85.841408	  85.84065	 85.839955	  85.83932	 85.838744	 85.838226	 85.837764	 85.837356	 85.837001	 85.836699	 85.836449	  85.83625	 85.836101	 85.836002	 85.835952	
        99	 98.800398	 98.600857	  98.40144	 98.202206	 98.003218	 97.804536	  97.60622	 97.408332	 97.210931	 97.014076	 96.817826	  96.62224	 96.427376	  96.23329	  96.04004	  95.84768	 95.656265	  95.46585	 95.276488	  95.08823	 94.901129	 94.715233	 94.530593	 94.347256	 94.165269	 93.984678	 93.805528	  93.62786	 93.451719	 93.277143	 93.104173	 92.932846	   92.7632	 92.595268	 92.429087	 92.264686	 92.102099	 91.941353	 91.782478	 91.625499	 91.470442	 91.317331	 91.166188	 91.017033	 90.869885	 90.724762	 90.581681	 90.440656	   90.3017	 90.164826	 90.030043	  89.89736	 89.766785	 89.638324	 89.511981	 89.387761	 89.265664	 89.145692	 89.027844	 88.912118	  88.79851	 88.687017	 88.577632	 88.470349	  88.36516	 88.262055	 88.161025	 88.062058	 87.965142	 87.870263	 87.777408	 87.686561	 87.597706	 87.510826	 87.425904	 87.342921	 87.261857	 87.182692	 87.105407	 87.029979	 86.956387	 86.884607	 86.814618	 86.746394	 86.679913	 86.615149	 86.552078	 86.490674	 86.430912	 86.372765	 86.316208	 86.261213	 86.207755	 86.155806	 86.105339	 86.056327	 86.008743	 85.962559	 85.917747	 85.874282	 85.832134	 85.791277	 85.751684	 85.713326	 85.676177	 85.640211	 85.605399	 85.571716	 85.539134	 85.507628	 85.477171	 85.447738	 85.419302	 85.391839	 85.365323	  85.33973	 85.315035	 85.291214	 85.268243	 85.246098	 85.224757	 85.204197	 85.184394	 85.165328	 85.146977	 85.129318	 85.112332	 85.095997	 85.080294	 85.065202	 85.050703	 85.036778	 85.023408	 85.010574	  84.99826	 84.986447	  84.97512	 84.964261	 84.953854	 84.943884	 84.934336	 84.925194	 84.916444	 84.908072	 84.900064	 84.892406	 84.885087	 84.878093	 84.871412	 84.865032	 84.858941	 84.853129	 84.847585	 84.842298	 84.837258	 84.832456	 84.827881	 84.823526	  84.81938	 84.815435	 84.811684	 84.808118	  84.80473	 84.801512	 84.798457	 84.795559	 84.792811	 84.790207	  84.78774	 84.785406	 84.783198	 84.781111	  84.77914	 84.777281	 84.775528	 84.773878	 84.772327	 84.770869	 84.769503	 84.768223	 84.767027	 84.765912	 84.764875	 84.763913	 84.763023	 84.762203	  84.76145	 84.760764	 84.760141	  84.75958	  84.75908	 84.758638	 84.758255	 84.757928	 84.757657	 84.757442	  84.75728	 84.757173	  84.75712	
        99	 98.785339	 98.570745	 98.356283	 98.142018	 97.928018	 97.714347	  97.50107	 97.288252	 97.075959	 96.864252	 96.653197	 96.442856	  96.23329	 96.024562	 95.816732	  95.60986	 95.404004	 95.199224	 94.995576	 94.793116	 94.591899	 94.391979	 94.193409	  93.99624	 93.800524	 93.606309	 93.413642	 93.222572	 93.033141	 92.845395	 92.659376	 92.475124	 92.292678	 92.112078	 91.933359	 91.756556	 91.581702	 91.408829	 91.237968	 91.069147	 90.902392	  90.73773	 90.575184	 90.414776	 90.256527	 90.100456	  89.94658	 89.794916	 89.645477	 89.498276	 89.353325	 89.210632	 89.070206	 88.932053	 88.796179	 88.662587	  88.53128	 88.402257	 88.275518	 88.151061	 88.028882	 87.908977	  87.79134	 87.675964	 87.562838	 87.451955	 87.343303	  87.23687	 87.132642	 87.030605	 86.930745	 86.833044	 86.737486	 86.644052	 86.552723	 86.463479	 86.376299	 86.291163	 86.208047	 86.126928	 86.047784	 85.970589	 85.895319	 85.821949	 85.750452	 85.680802	 85.612973	 85.546936	 85.482665	 85.420132	 85.359308	 85.300164	 85.242673	 85.186805	 85.132531	 85.079821	 85.028647	 84.978978	 84.930787	 84.884042	 84.838714	 84.794775	 84.752194	 84.710943	 84.670992	 84.632312	 84.594874	 84.558649	  84.52361	 84.489727	 84.456972	 84.425318	 84.394737	 84.365202	 84.336686	 84.309162	 84.282604	 84.256986	 84.232281	 84.208466	 84.185515	 84.163404	 84.142107	 84.121603	 84.101867	 84.082876	 84.064608	 84.047041	 84.030153	 84.013923	  83.99833	 83.983354	 83.968975	 83.955174	  83.94193	 83.929227	 83.917045	 83.905366	 83.894175	 83.883453	 83.873184	 83.863352	 83.853942	 83.844938	 83.836326	 83.828091	 83.820219	 83.812698	 83.805512	 83.798651	 83.792101	 83.785851	 83.779888	 83.774203	 83.768783	 83.763618	 83.758698	 83.754014	 83.749555	 83.745313	 83.741279	 83.737444	   83.7338	 83.730339	 83.727054	 83.723938	 83.720982	 83.718181	 83.715529	 83.713018	 83.710643	 83.708399	  83.70628	  83.70428	 83.702395	 83.700621	 83.698952	 83.697385	 83.695915	 83.694539	 83.693253	 83.692054	 83.690939	 83.689904	 83.688946	 83.688064	 83.687255	 83.686517	 83.685847	 83.685244	 83.684706	 83.684231	 83.683819	 83.683468	 83.683176	 83.682944	 83.682771	 83.682656	 83.682598	
        99	 98.770346	 98.540762	  98.31132	 98.082089	 97.853141	 97.624545	 97.396372	 97.168689	 96.941567	 96.715073	 96.489276	 96.264243	  96.04004	 95.816732	 95.594385	 95.373063	 95.152829	 94.933745	 94.715872	 94.499271	 94.283999	 94.070115	 93.857675	 93.646735	 93.437348	 93.229567	 93.023443	 92.819026	 92.616365	 92.415505	 92.216492	  92.01937	 91.824181	 91.630966	 91.439764	 91.250612	 91.063544	 90.878597	 90.695801	 90.515188	 90.336786	 90.160622	 89.986722	  89.81511	 89.645808	 89.478835	 89.314212	 89.151954	 88.992077	 88.834594	 88.679518	 88.526858	 88.376624	 88.228822	 88.083457	 87.940534	 87.800054	 87.662019	 87.526428	 87.393278	 87.262565	 87.134285	 87.008431	 86.884996	 86.763969	 86.645341	 86.529099	 86.415232	 86.303724	  86.19456	 86.087725	   85.9832	 85.880967	 85.781006	 85.683298	  85.58782	 85.494552	 85.403468	 85.314547	 85.227762	  85.14309	 85.060503	 84.979976	 84.901481	  84.82499	 84.750475	 84.677908	 84.607259	 84.538499	 84.471597	 84.406525	  84.34325	 84.281743	 84.221973	 84.163907	 84.107516	 84.052768	  83.99963	 83.948072	 83.898062	 83.849569	  83.80256	 83.757006	 83.712873	 83.670131	 83.628749	 83.588696	 83.549941	 83.512454	 83.476205	 83.441162	 83.407297	  83.37458	 83.342982	 83.312474	 83.283028	 83.254615	 83.227207	 83.200777	 83.175299	 83.150745	 83.127088	 83.104305	 83.082368	 83.061253	 83.040936	 83.021392	 83.002598	 82.984531	 82.967167	 82.950485	 82.934463	  82.91908	 82.904314	 82.890146	 82.876555	 82.863522	 82.851028	 82.839054	 82.827583	 82.816597	 82.806079	 82.796011	 82.786379	 82.777165	 82.768355	 82.759933	 82.751886	 82.744199	 82.736858	 82.729851	 82.723164	 82.716785	 82.710702	 82.704904	 82.699378	 82.694115	 82.689103	 82.684333	 82.679795	 82.675479	 82.671376	 82.667478	 82.663775	 82.660261	 82.656926	 82.653765	 82.650768	  82.64793	 82.645244	 82.642703	 82.640302	 82.638035	 82.635896	 82.633879	 82.631981	 82.630196	 82.628519	 82.626947	 82.625474	 82.624099	 82.622816	 82.621622	 82.620515	 82.619491	 82.618548	 82.617682	 82.616892	 82.616175	  82.61553	 82.614954	 82.614447	 82.614005	  82.61363	 82.613318	  82.61307	 82.612884	 82.612761	 82.612699	
        99	 98.755421	 98.510917	 98.266564	 98.022437	  97.77861	 97.535158	 97.292156	 97.049677	 96.807795	 96.566582	 96.326111	 96.086453	  95.84768	  95.60986	 95.373063	 95.137358	 94.902812	  94.66949	 94.437458	  94.20678	 93.977518	 93.749735	 93.523489	  93.29884	 93.075846	 92.854562	 92.635043	 92.417341	 92.201509	 91.987596	  91.77565	 91.565717	 91.357844	 91.152072	 90.948444	 90.746999	 90.547775	 90.350808	 90.156133	 89.963782	 89.773786	 89.586174	 89.400973	 89.218208	 89.037903	  88.86008	 88.684758	 88.511955	 88.341688	 88.173971	 88.008817	 87.846236	 87.686239	 87.528831	  87.37402	 87.221808	 87.072199	 86.925194	  86.78079	 86.638987	  86.49978	 86.363164	 86.229131	 86.097673	 85.968781	 85.842444	 85.718648	 85.597381	 85.478626	 85.362368	  85.24859	 85.137272	 85.028395	 84.921938	  84.81788	 84.716198	 84.616868	 84.519865	 84.425165	 84.332741	 84.242566	 84.154612	 84.068851	 83.985255	 83.903793	 83.824436	 83.747153	 83.671912	 83.598684	 83.527435	 83.458133	 83.390747	 83.325242	 83.261588	 83.199749	 83.139693	 83.081386	 83.024795	 82.969887	 82.916627	 82.864982	 82.814919	 82.766403	 82.719403	 82.673883	 82.629812	 82.587156	 82.545883	 82.505959	 82.467354	 82.430034	 82.393968	 82.359125	 82.325474	 82.292983	 82.261623	 82.231363	 82.202174	 82.174027	 82.146893	 82.120743	  82.09555	 82.071285	 82.047923	 82.025436	 82.003798	 81.982984	 81.962969	 81.943727	 81.925235	 81.907469	 81.890406	 81.874023	 81.858297	 81.843208	 81.828734	 81.814854	 81.801548	 81.788797	  81.77658	  81.76488	 81.753678	 81.742957	 81.732698	 81.722885	 81.713503	 81.704534	 81.695964	 81.687777	 81.679959	 81.672497	 81.665375	 81.658582	 81.652103	 81.645928	 81.640043	 81.634438	 81.629101	 81.624021	 81.619188	 81.614591	 81.610222	  81.60607	 81.602127	 81.598384	 81.594833	 81.591466	 81.588274	 81.585252	 81.582391	 81.579686	 81.577128	 81.574714	 81.572435	 81.570288	 81.568266	 81.566365	 81.564579	 81.562905	 81.561337	 81.559872	 81.558506	 81.557234	 81.556055	 81.554965	  81.55396	 81.553038	 81.552197	 81.551433	 81.550746	 81.550133	 81.549592	 81.549123	 81.548722	  81.54839	 81.548126	 81.547928	 81.547797	 81.547731	
        99	  98.74057	 98.481219	 98.222029	 97.963078	 97.704445	  97.44621	 97.188453	  96.93125	  96.67468	 96.418821	 96.163748	 95.909537	 95.656265	 95.404004	 95.152829	 94.902812	 94.654023	 94.406534	 94.160412	 93.915727	 93.672544	 93.430929	 93.190946	 92.952656	 92.716121	   92.4814	 92.248551	  92.01763	 91.788692	  91.56179	 91.336974	 91.114294	 90.893799	 90.675532	 90.459539	 90.245862	 90.034541	 89.825614	 89.619118	 89.415087	 89.213554	  89.01455	 88.818103	  88.62424	 88.432987	 88.244366	 88.058398	 87.875102	 87.694496	 87.516595	 87.341413	  87.16896	 86.999247	 86.832281	 86.668069	 86.506615	 86.347922	  86.19199	 86.038818	 85.888404	 85.740744	 85.595832	 85.453661	 85.314221	 85.177503	 85.043494	 84.912181	  84.78355	 84.657584	 84.534267	 84.413579	 84.295502	 84.180014	 84.067093	 83.956717	  83.84886	 83.743498	 83.640606	 83.540155	 83.442119	 83.346468	 83.253173	 83.162205	 83.073533	 82.987124	 82.902948	 82.820972	 82.741163	 82.663488	 82.587913	 82.514403	 82.442925	 82.373443	 82.305923	 82.240329	 82.176627	 82.114779	 82.054752	  81.99651	 81.940016	 81.885235	 81.832132	  81.78067	 81.730816	 81.682532	 81.635785	 81.590539	 81.546759	 81.504412	 81.463462	 81.423876	  81.38562	 81.348662	 81.312967	 81.278503	 81.245239	 81.213142	  81.18218	 81.152324	 81.123542	 81.095804	 81.069081	 81.043343	 81.018562	  80.99471	 80.971759	 80.949681	  80.92845	  80.90804	 80.888425	  80.86958	 80.851481	 80.834103	 80.817423	 80.801417	 80.786064	 80.771342	 80.757228	 80.743702	 80.730744	 80.718333	 80.706451	 80.695078	 80.684196	 80.673788	 80.663836	 80.654322	 80.645232	 80.636548	 80.628256	  80.62034	 80.612786	  80.60558	 80.598708	 80.592158	 80.585916	  80.57997	 80.574309	  80.56892	 80.563794	 80.558918	 80.554283	 80.549879	 80.545697	 80.541727	  80.53796	 80.534388	 80.531003	 80.527797	 80.524763	 80.521893	 80.519181	 80.516619	 80.514203	 80.511925	  80.50978	 80.507763	 80.505869	 80.504093	  80.50243	 80.500876	 80.499427	 80.498079	 80.496828	 80.495671	 80.494605	 80.493627	 80.492735	 80.491925	 80.491196	 80.490546	 80.489972	 80.489474	  80.48905	 80.488698	 80.488417	 80.488208	 80.488068	 80.487999	
