Time step 47:
        99	        99	        99	        99	        99	        99	        99	        99	        99	        99	        99	        99	        99	        99	        99	        99	        99	        99	        99	        99	        99	        99	        99	        99	        99	        99	        99	        99	        99	        99	        99	        99	        99	        99	        99	        99	        99	        99	        99	        99	        99	        99	        99	        99	        99	        99	        99	        99	        99	        99	        99	        99	        99	        99	        99	        99	        99	        99	        99	        99	        99	        99	        99	        99	        99	        99	        99	        99	        99	        99	        99	        99	        99	        99	        99	        99	        99	        99	        99	        99	        99	        99	        99	        99	        99	        99	        99	        99	        99	        99	        99	        99	        99	        99	        99	        99	        99	        99	        99	        99	        99	        99	        99	        99	        99	        99	        99	        99	        99	        99	        99	        99	        99	        99	        99	        99	        99	        99	        99	        99	        99	        99	        99	        99	        99	        99	        99	        99	        99	        99	        99	        99	        99	        99	        99	        99	        99	        99	        99	        99	        99	        99	        99	        99	        99	        99	        99	        99	        99	        99	        99	        99	        99	        99	        99	        99	        99	        99	        99	        99	        99	        99	        99	        99	        99	        99	        99	        99	        99	        99	        99	        99	        99	        99	        99	        99	        99	        99	        99	        99	        99	        99	        99	        99	        99	        99	        99	        99	        99	        99	        99	        99	        99	        99	        99	        99	        99	        99	        99	        99	
        99	  98.98649	 98.972984	 98.959486	 98.945998	 98.932524	 98.919069	 98.905635	 98.892227	 98.878847	   98.8655	 98.852188	 98.838916	 98.825687	 98.812503	  98.79937	 98.786288	 98.773264	 98.760298	 98.747395	 98.734557	 98.721789	 98.709092	  98.69647	 98.683926	 98.671463	 98.659082	 98.646789	 98.634583	  98.62247	  98.61045	 98.598527	 98.586703	  98.57498	  98.56336	 98.551846	  98.54044	 98.529144	 98.517959	 98.506888	 98.495932	 98.485094	 98.474374	 98.463775	 98.453297	 98.442942	 98.432712	 98.422607	 98.412629	 98.402779	 98.393058	 98.383467	 98.374006	 98.364676	 98.355478	 98.346413	 98.337481	 98.328682	 98.320016	 98.311485	 98.303088	 98.294825	 98.286696	 98.278702	 98.270842	 98.263116	 98.255523	 98.248064	 98.240738	 98.233545	 98.226484	 98.219554	 98.212755	 98.206087	 98.199548	 98.193137	 98.186855	 98.180699	  98.17467	 98.168765	 98.162985	 98.157327	 98.151792	 98.146376	 98.141081	 98.135903	 98.130842	 98.125897	 98.121066	 98.116348	 98.111742	 98.107245	 98.102857	 98.098576	 98.094401	  98.09033	 98.086362	 98.082494	 98.078726	 98.075056	 98.071482	 98.068003	 98.064617	 98.061323	 98.058119	 98.055002	 98.051973	 98.049028	 98.046167	 98.043388	 98.040689	 98.038069	 98.035526	 98.033058	 98.030663	 98.028342	  98.02609	 98.023908	 98.021793	 98.019745	 98.017761	  98.01584	  98.01398	  98.01218	 98.010439	 98.008755	 98.007127	 98.005553	 98.004031	 98.002562	 98.001142	 97.999771	 97.998448	 97.997171	 97.995938	  97.99475	 97.993604	 97.992499	 97.991434	 97.990408	  97.98942	 97.988468	 97.987552	 97.986671	 97.985823	 97.985007	 97.984223	 97.983469	 97.982745	 97.982049	 97.981381	 97.980739	 97.980124	 97.979533	 97.978967	 97.978424	 97.977903	 97.977405	 97.976927	  97.97647	 97.976033	 97.975615	 97.975215	 97.974833	 97.974468	  97.97412	 97.973788	 97.973471	 97.973169	 97.972881	 97.972608	 97.972348	   97.9721	 97.971866	 97.971643	 97.971433	 97.971233	 97.971045	 97.970867	   97.9707	 97.970542	 97.970395	 97.970256	 97.970127	 97.970007	 97.969895	 97.969792	 97.969697	  97.96961	  97.96953	 97.969459	 97.969395	 97.969339	 97.969289	 97.969247	 97.969213	 97.969185	 97.969164	  97.96915	 97.969143	
        99	 98.972984	 98.945976	 98.918982	  98.89201	 98.865067	  98.83816	 98.811296	 98.784483	 98.757727	 98.731036	 98.704417	 98.677876	  98.65142	 98.625057	 98.598793	 98.572634	 98.546588	  98.52066	 98.494858	 98.469186	 98.443653	 98.418263	 98.393022	 98.367937	 98.343013	 98.318256	 98.293672	 98.269265	 98.245041	 98.221005	 98.197162	 98.173517	 98.150074	 98.126838	 98.103813	 98.081004	 98.058414	 98.036048	 98.013909	    97.992	 97.970326	 97.948889	 97.927693	  97.90674	 97.886034	 97.865576	  97.84537	 97.825417	 97.805719	  97.78628	 97.767099	  97.74818	 97.729523	  97.71113	 97.693002	 97.675139	 97.657544	 97.640215	 97.623155	 97.606363	 97.589839	 97.573584	 97.557598	  97.54188	 97.526429	 97.511246	  97.49633	  97.48168	 97.467296	 97.453175	 97.439318	 97.425722	 97.412387	  97.39931	 97.386491	 97.373928	 97.361619	 97.349561	 97.337754	 97.326195	 97.314881	 97.303811	 97.292982	 97.282392	 97.272038	 97.261918	 97.252029	 97.242369	 97.232934	 97.223722	  97.21473	 97.205956	 97.197395	 97.189046	 97.180905	 97.172969	 97.165235	   97.1577	 97.150361	 97.143214	 97.136257	 97.129486	 97.122898	  97.11649	 97.110259	   97.1042	 97.098312	 97.092591	 97.087034	 97.081636	 97.076396	  97.07131	 97.066375	 97.061587	 97.056944	 97.052442	 97.048078	  97.04385	 97.039753	 97.035785	 97.031944	 97.028225	 97.024626	 97.021144	 97.017776	  97.01452	 97.011372	  97.00833	 97.005391	 97.002552	 96.999811	 96.997164	  96.99461	 96.992146	 96.989769	 96.987478	 96.985268	 96.983139	 96.981087	 96.979111	 96.977209	 96.975377	 96.973614	 96.971918	 96.970287	 96.968719	 96.967211	 96.965763	 96.964371	 96.963035	 96.961752	 96.960521	  96.95934	 96.958207	 96.957122	 96.956081	 96.955084	 96.954129	 96.953216	 96.952341	 96.951505	 96.950705	 96.949941	 96.949212	 96.948515	 96.947851	 96.947217	 96.946613	 96.946038	 96.945491	 96.944971	 96.944477	 96.944008	 96.943563	 96.943142	 96.942743	 96.942366	 96.942011	 96.941676	 96.941361	 96.941066	 96.940789	 96.940531	  96.94029	 96.940066	  96.93986	  96.93967	 96.939496	 96.939338	 96.939195	 96.939067	 96.938954	 96.938856	 96.938772	 96.938702	 96.938646	 96.938605	 96.938577	 96.938563	
        99	 98.959486	 98.918982	   98.8785	 98.838051	 98.797645	 98.757294	 98.717007	 98.676797	 98.636672	 98.596644	 98.556724	 98.516922	 98.477248	 98.437712	 98.398324	 98.359095	 98.320034	 98.281151	 98.242456	 98.203958	 98.165666	 98.127589	 98.089737	 98.052118	 98.014741	 97.977614	 97.940745	 97.904143	 97.867815	 97.831769	 97.796012	 97.760552	 97.725396	  97.69055	  97.65602	 97.621814	 97.587937	 97.554395	 97.521194	 97.488339	 97.455835	 97.423687	   97.3919	 97.360478	 97.329425	 97.298745	 97.268442	 97.238519	  97.20898	 97.179827	 97.151063	  97.12269	 97.094711	 97.067127	 97.039941	 97.013154	 96.986766	 96.960779	 96.935195	 96.910012	 96.885232	 96.860855	 96.836881	 96.813309	 96.790139	 96.767369	    96.745	  96.72303	 96.701458	 96.680282	   96.6595	 96.639111	 96.619113	 96.599503	 96.580279	 96.561438	 96.542978	 96.524896	 96.507189	 96.489854	 96.472888	 96.456286	 96.440046	 96.424165	 96.408638	 96.393461	 96.378631	 96.364143	 96.349994	 96.336179	 96.322695	 96.309536	 96.296698	 96.284177	 96.271968	 96.260066	 96.248468	 96.237168	 96.226162	 96.215444	 96.205011	 96.194857	 96.184977	 96.175368	 96.166022	 96.156937	 96.148107	 96.139527	 96.131193	 96.123099	  96.11524	 96.107613	 96.100212	 96.093032	 96.086068	 96.079317	 96.072773	 96.066431	 96.060288	 96.054337	 96.048576	 96.042999	 96.037602	  96.03238	  96.02733	 96.022447	 96.017726	 96.013164	 96.008756	 96.004499	 96.000388	 95.996419	 95.992589	 95.988893	 95.985329	 95.981892	 95.978579	 95.975385	 95.972309	 95.969345	 95.966492	 95.963745	 95.961101	 95.958558	 95.956112	  95.95376	   95.9515	 95.949327	  95.94724	 95.945236	 95.943313	 95.941466	 95.939695	 95.937997	 95.936368	 95.934808	 95.933313	 95.931881	  95.93051	 95.929199	 95.927945	 95.926746	   95.9256	 95.924506	 95.923462	 95.922465	 95.921515	 95.920609	 95.919747	 95.918927	 95.918147	 95.917406	 95.916702	 95.916035	 95.915403	 95.914805	  95.91424	 95.913707	 95.913205	 95.912733	  95.91229	 95.911875	 95.911487	 95.911126	 95.910791	 95.910482	 95.910196	 95.909935	 95.909698	 95.909484	 95.909292	 95.909123	 95.908975	 95.908849	 95.908745	 95.908662	 95.908599	 95.908558	 95.908537	
        99	 98.945998	  98.89201	 98.838051	 98.784136	 98.730278	 98.676493	 98.622795	 98.569197	 98.515714	 98.462361	 98.409151	 98.356098	 98.303215	 98.250517	 98.198017	 98.145728	 98.093663	 98.041835	 97.990258	 97.938943	 97.887903	  97.83715	 97.786696	 97.736553	 97.686732	 97.637245	 97.588102	 97.539315	 97.490893	 97.442847	 97.395186	 97.347921	  97.30106	 97.254613	 97.208589	 97.162995	 97.117839	 97.073131	 97.028877	 96.985083	 96.941758	 96.898908	 96.856538	 96.814655	 96.773264	  96.73237	 96.691979	 96.652095	 96.612721	 96.573863	 96.535522	 96.497704	  96.46041	 96.423644	 96.387407	 96.351701	 96.316529	 96.281891	 96.247789	 96.214222	 96.181193	   96.1487	 96.116745	 96.085325	 96.054441	 96.024092	 95.994276	 95.964991	 95.936237	 95.908011	 95.880311	 95.853134	 95.826478	  95.80034	 95.774716	 95.749603	 95.724997	 95.700895	 95.677294	 95.654187	 95.631572	 95.609444	 95.587798	 95.566629	 95.545932	 95.525703	 95.505936	 95.486625	 95.467766	 95.449352	 95.431378	 95.413838	 95.396726	 95.380036	 95.363763	   95.3479	  95.33244	 95.317378	 95.302708	 95.288422	 95.274516	 95.260981	 95.247812	 95.235003	 95.222547	 95.210437	 95.198667	 95.187231	 95.176122	 95.165333	 95.154859	 95.144692	 95.134827	 95.125256	 95.115975	 95.106976	 95.098253	   95.0898	 95.081611	  95.07368	 95.066001	 95.058567	 95.051373	 95.044413	 95.037682	 95.031172	  95.02488	 95.018799	 95.012924	 95.007249	  95.00177	  94.99648	 94.991375	 94.986449	 94.981698	 94.977117	   94.9727	 94.968444	 94.964343	 94.960393	 94.956589	 94.952928	 94.949404	 94.946015	 94.942754	 94.939619	 94.936606	  94.93371	 94.930929	 94.928258	 94.925694	 94.923233	 94.920872	 94.918608	 94.916437	 94.914357	 94.912364	 94.910456	 94.908629	 94.906881	  94.90521	 94.903612	 94.902084	 94.900626	 94.899234	 94.897905	 94.896639	 94.895432	 94.894283	 94.893189	  94.89215	 94.891162	 94.890224	 94.889335	 94.888492	 94.887696	 94.886943	 94.886232	 94.885563	 94.884933	 94.884343	 94.883789	 94.883273	 94.882792	 94.882345	 94.881932	 94.881552	 94.881205	 94.880888	 94.880603	 94.880347	 94.880121	 94.879925	 94.879757	 94.879618	 94.879507	 94.879424	 94.879368	 94.879341	
        99	 98.932524	 98.865067	 98.797645	 98.730278	 98.662984	 98.595779	 98.528683	 98.461713	 98.394887	 98.328222	 98.261736	 98.195446	  98.12937	 98.063523	 97.997925	 97.932589	 97.867535	 97.802776	  97.73833	 97.674212	 97.610438	 97.547022	 97.483981	 97.421327	 97.359076	 97.297242	 97.235839	 97.174879	 97.114376	 97.054342	  96.99479	 96.935733	  96.87718	 96.819145	 96.761637	 96.704668	 96.648247	 96.592383	 96.537088	 96.482368	 96.428234	 96.374692	 96.321751	 96.269419	 96.217701	 96.166604	 96.116136	   96.0663	 96.017103	 95.968549	 95.920643	 95.873389	 95.826791	 95.780851	 95.735573	 95.690959	 95.647012	 95.603732	 95.561121	  95.51918	  95.47791	 95.437311	 95.397382	 95.358123	 95.319534	 95.281612	 95.244357	 95.207767	 95.171839	  95.13657	 95.101959	 95.068002	 95.034695	 95.002035	 94.970018	 94.938639	 94.907895	  94.87778	 94.848289	 94.819418	  94.79116	 94.763511	 94.736464	 94.710014	 94.684154	 94.658877	 94.634178	  94.61005	 94.586485	 94.563477	 94.541018	 94.519102	 94.497721	 94.476867	 94.456534	 94.436712	 94.417396	 94.398576	 94.380245	 94.362396	 94.345019	 94.328108	 94.311654	 94.295649	 94.280085	 94.264953	 94.250247	 94.235957	 94.222076	 94.208596	 94.195508	 94.182805	 94.170479	 94.158521	 94.146923	 94.135679	  94.12478	 94.114218	 94.103986	 94.094076	 94.084481	 94.075192	 94.066204	 94.057507	 94.049096	 94.040963	 94.033101	 94.025503	 94.018162	 94.011071	 94.004224	 93.997615	 93.991236	 93.985081	 93.979145	  93.97342	 93.967902	 93.962584	  93.95746	 93.952524	 93.947772	 93.943197	 93.938794	 93.934558	 93.930485	 93.926567	 93.922802	 93.919184	 93.915709	 93.912371	 93.909167	 93.906093	 93.903143	 93.900314	 93.897602	 93.895002	 93.892512	 93.890128	 93.887846	 93.885662	 93.883573	 93.881576	 93.879668	 93.877845	 93.876106	 93.874446	 93.872864	 93.871356	  93.86992	 93.868553	 93.867254	  93.86602	 93.864848	 93.863737	 93.862685	 93.861689	 93.860748	  93.85986	 93.859024	 93.858238	 93.857499	 93.856808	 93.856163	 93.855562	 93.855004	 93.854488	 93.854013	 93.853579	 93.853183	 93.852826	 93.852507	 93.852225	 93.851979	  93.85177	 93.851596	 93.851457	 93.851353	 93.851284	  93.85125	
        99	 98.919069	  98.83816	 98.757294	 98.676493	 98.595779	 98.515174	 98.434698	 98.354373	 98.274221	 98.194263	 98.114519	  98.03501	 97.955757	 97.876781	 97.798101	 97.719737	  97.64171	 97.564038	 97.486741	 97.409837	 97.333346	 97.257285	 97.181672	 97.106524	  97.03186	 96.957696	 96.884048	 96.810932	 96.738364	 96.666359	 96.594932	 96.524098	  96.45387	 96.384261	 96.315286	 96.246956	 96.179284	 96.112281	 96.045959	 95.980328	 95.915398	  95.85118	 95.787682	 95.724914	 95.662883	 95.601598	 95.541065	 95.481292	 95.422284	 95.364048	  95.30659	 95.249913	 95.194022	 95.138922	 95.084615	 95.031104	 94.978393	 94.926483	 94.875375	 94.825071	 94.775571	 94.726876	 94.678985	 94.631897	 94.585613	  94.54013	 94.495446	 94.451559	 94.408466	 94.366165	 94.324652	 94.283923	 94.243975	 94.204802	   94.1664	 94.128764	 94.091889	 94.055769	 94.020398	 93.985769	 93.951877	 93.918714	 93.886274	 93.854549	 93.823532	 93.793215	 93.763591	 93.734651	 93.706387	 93.678791	 93.651854	 93.625567	 93.599923	 93.574911	 93.550522	 93.526748	  93.50358	 93.481007	 93.459021	 93.437612	 93.416771	 93.396487	 93.376752	 93.357555	 93.338887	 93.320739	   93.3031	 93.285961	 93.269312	 93.253143	 93.237446	  93.22221	 93.207425	 93.193083	 93.179173	 93.165686	 93.152614	 93.139946	 93.127673	 93.115787	 93.104278	 93.093138	 93.082357	 93.071926	 93.061838	 93.052083	 93.042653	 93.033539	 93.024735	  93.01623	 93.008018	  93.00009	 92.992439	 92.985057	 92.977937	 92.971071	 92.964453	 92.958074	 92.951928	 92.946008	 92.940308	 92.934821	  92.92954	  92.92446	 92.919574	 92.914876	  92.91036	  92.90602	 92.901852	 92.897849	 92.894006	 92.890318	  92.88678	 92.883387	 92.880134	 92.877016	  92.87403	  92.87117	 92.868432	 92.865813	 92.863307	 92.860912	 92.858624	 92.856438	 92.854352	 92.852361	 92.850463	 92.848654	 92.846932	 92.845293	 92.843735	 92.842254	 92.840849	 92.839516	 92.838254	  92.83706	 92.835931	 92.834866	 92.833863	  92.83292	 92.832035	 92.831206	 92.830432	 92.829711	 92.829041	 92.828423	 92.827853	 92.827332	 92.826858	  92.82643	 92.826047	 92.825709	 92.825414	 92.825163	 92.824954	 92.824788	 92.824663	  92.82458	 92.824539	
        99	 98.905635	 98.811296	 98.717007	 98.622795	 98.528683	 98.434698	 98.340864	 98.247207	  98.15375	  98.06052	 97.967539	 97.874833	 97.782425	 97.690339	 97.598599	 97.507228	 97.416249	 97.325685	 97.235557	 97.145888	   97.0567	 96.968013	  96.87985	 96.792229	 96.705171	 96.618696	 96.532823	 96.447571	 96.362957	 96.279001	 96.195718	 96.113126	  96.03124	 95.950078	 95.869654	 95.789982	 95.711077	 95.632952	 95.555621	 95.479096	 95.403389	 95.328511	 95.254474	 95.181286	 95.108959	 95.037501	  94.96692	 94.897226	 94.828424	 94.760521	 94.693525	  94.62744	 94.562273	 94.498026	 94.434705	 94.372312	 94.310851	 94.250324	 94.190733	 94.132079	 94.074363	 94.017585	 93.961745	 93.906841	 93.852874	 93.799841	  93.74774	 93.696568	 93.646323	    93.597	 93.548597	 93.501107	 93.454528	 93.408853	 93.364077	 93.320194	 93.277198	 93.235082	 93.193839	 93.153463	 93.113945	 93.075278	 93.037453	 93.000462	 92.964297	 92.928948	 92.894406	 92.860662	 92.827707	  92.79553	 92.764122	 92.733472	  92.70357	 92.674407	  92.64597	  92.61825	 92.591236	 92.564917	 92.539281	 92.514318	 92.490018	 92.466367	 92.443356	 92.420973	 92.399206	 92.378045	 92.357478	 92.337494	 92.318082	  92.29923	 92.280927	 92.263161	 92.245923	 92.229199	 92.212981	 92.197256	 92.182013	 92.167243	 92.152933	 92.139074	 92.125655	 92.112665	 92.100094	 92.087932	 92.076169	 92.064795	   92.0538	 92.043174	 92.032908	 92.022991	 92.013416	 92.004172	 91.995252	 91.986644	 91.978342	 91.970337	 91.962619	 91.955182	 91.948016	 91.941114	 91.934467	 91.928069	 91.921912	 91.915989	 91.910291	 91.904813	 91.899548	 91.894488	 91.889628	  91.88496	 91.880479	 91.876179	 91.872054	 91.868098	 91.864305	  91.86067	 91.857187	 91.853853	 91.850661	 91.847607	 91.844685	 91.841893	 91.839224	 91.836676	 91.834243	 91.831922	 91.829709	   91.8276	 91.825592	 91.823681	 91.821864	 91.820138	 91.818499	 91.816945	 91.815473	 91.814081	 91.812765	 91.811523	 91.810354	 91.809254	 91.808222	 91.807255	 91.806353	 91.805512	 91.804732	  91.80401	 91.803346	 91.802738	 91.802185	 91.801686	  91.80124	 91.800845	 91.800502	 91.800209	 91.799966	 91.799772	 91.799626	  91.79953	 91.799481	
        99	 98.892227	 98.784483	 98.676797	 98.569197	 98.461713	 98.354373	 98.247207	 98.140241	 98.033505	 97.927027	 97.820835	 97.714956	 97.609418	 97.504248	 97.399472	 97.295118	 97.191212	 97.087779	 96.984845	 96.882435	 96.780574	 96.679286	 96.578595	 96.478524	 96.379096	 96.280334	 96.182259	 96.084893	 95.988256	  95.89237	 95.797253	 95.702926	 95.609405	  95.51671	 95.424858	 95.333866	 95.243749	 95.154524	 95.066205	 94.978806	 94.892342	 94.806825	 94.722267	  94.63868	 94.556076	 94.474464	 94.393855	 94.314257	 94.235679	 94.158128	 94.081612	 94.006138	  93.93171	 93.858334	 93.786016	 93.714758	 93.644564	 93.575437	 93.507378	  93.44039	 93.374473	 93.309627	 93.245852	 93.183148	 93.121512	 93.060943	 93.001439	 92.942997	 92.885612	 92.829281	 92.773999	 92.719762	 92.666564	 92.614399	 92.563261	 92.513142	 92.464037	 92.415937	 92.368834	 92.322721	 92.277588	 92.233426	 92.190226	  92.14798	 92.106675	 92.066303	 92.026854	 91.988315	 91.950677	 91.913928	 91.878057	 91.843052	 91.808902	 91.775594	 91.743117	 91.711459	 91.680606	 91.650547	 91.621269	 91.592759	 91.565005	 91.537994	 91.511713	  91.48615	 91.461291	 91.437123	 91.413634	  91.39081	 91.368639	 91.347108	 91.326204	 91.305915	 91.286227	 91.267127	 91.248604	 91.230645	 91.213236	 91.196367	 91.180024	 91.164196	  91.14887	 91.134034	 91.119677	 91.105787	 91.092353	 91.079363	 91.066805	 91.054669	 91.042944	 91.031619	 91.020683	 91.010126	 90.999937	 90.990107	 90.980626	 90.971483	 90.962669	 90.954174	  90.94599	 90.938107	 90.930516	 90.923209	 90.916177	 90.909412	 90.902905	 90.896649	 90.890635	 90.884856	 90.879305	 90.873975	 90.868857	 90.863946	 90.859234	 90.854716	 90.850384	 90.846233	 90.842256	 90.838447	 90.834802	 90.831313	 90.827977	 90.824788	  90.82174	 90.818829	 90.816051	   90.8134	 90.810872	 90.808464	  90.80617	 90.803988	 90.801913	 90.799941	  90.79807	 90.796295	 90.794614	 90.793024	 90.791521	 90.790103	 90.788767	 90.787511	 90.786332	 90.785228	 90.784197	 90.783237	 90.782346	 90.781522	 90.780764	  90.78007	 90.779438	 90.778868	 90.778358	 90.777908	 90.777516	 90.777181	 90.776903	 90.776681	 90.776516	 90.776405	  90.77635	
        99	 98.878847	 98.757727	 98.636672	 98.515714	 98.394887	 98.274221	  98.15375	 98.033505	 97.913519	 97.793822	 97.674446	 97.555423	 97.436783	 97.318556	 97.200773	 97.083464	 96.966658	 96.850384	 96.734671	 96.619547	  96.50504	 96.391178	 96.277986	 96.165492	  96.05372	 95.942697	 95.832447	 95.722993	  95.61436	  95.50657	 95.399645	 95.293606	 95.188476	 95.084273	 94.981018	 94.878729	 94.777425	 94.677123	 94.577839	  94.47959	 94.382392	 94.286258	 94.191203	 94.097239	  94.00438	 93.912636	 93.822019	  93.73254	 93.644206	 93.557028	 93.471013	 93.386169	 93.302501	 93.220016	  93.13872	 93.058615	 92.979707	 92.901998	  92.82549	 92.750185	 92.676085	 92.603189	 92.531497	 92.461008	  92.39172	 92.323632	 92.256741	 92.191043	 92.126534	  92.06321	 92.001065	 91.940095	 91.880292	 91.821651	 91.764164	 91.707824	 91.652622	 91.598551	   91.5456	 91.493762	 91.443026	 91.393382	 91.344819	 91.297327	 91.250895	 91.205511	 91.161164	 91.117841	 91.075531	 91.034219	 90.993895	 90.954545	 90.916155	 90.878712	 90.842203	 90.806614	 90.771931	  90.73814	 90.705228	 90.673179	 90.641979	 90.611615	 90.582071	 90.553334	 90.525389	  90.49822	 90.471815	 90.446158	 90.421235	 90.397031	 90.373532	 90.350723	 90.328591	  90.30712	 90.286298	 90.266109	 90.246539	 90.227576	 90.209204	  90.19141	 90.174182	 90.157504	 90.141365	 90.125751	 90.110649	 90.096046	 90.081929	 90.068287	 90.055106	 90.042375	 90.030081	 90.018213	  90.00676	  89.99571	 89.985051	 89.974773	 89.964864	 89.955315	 89.946115	 89.937254	 89.928721	 89.920506	 89.912601	 89.904996	 89.897681	 89.890648	 89.883888	 89.877392	 89.871152	 89.865159	 89.859407	 89.853886	 89.848589	  89.84351	  89.83864	 89.833973	 89.829503	 89.825221	 89.821123	 89.817202	 89.813452	 89.809866	  89.80644	 89.803168	 89.800045	 89.797065	 89.794223	 89.791516	 89.788938	 89.786484	 89.784151	 89.781935	 89.779831	 89.777837	 89.775947	 89.774159	  89.77247	 89.770876	 89.769374	 89.767962	 89.766637	 89.765396	 89.764237	 89.763158	 89.762156	  89.76123	 89.760377	 89.759597	 89.758887	 89.758246	 89.757673	 89.757166	 89.756726	 89.756349	 89.756037	 89.755788	 89.755601	 89.755477	 89.755415	
        99	   98.8655	 98.731036	 98.596644	 98.462361	 98.328222	 98.194263	  98.06052	 97.927027	 97.793822	 97.660938	 97.528411	 97.396275	 97.264564	 97.133312	 97.002553	  96.87232	 96.742646	 96.613562	 96.485101	 96.357295	 96.230173	 96.103766	 95.978104	 95.853216	 95.729131	 95.605876	  95.48348	 95.361968	 95.241366	 95.121701	 95.002996	 94.885276	 94.768563	 94.652881	  94.53825	 94.424692	 94.312227	 94.200874	 94.090653	  93.98158	 93.873673	 93.766948	 93.661421	 93.557105	 93.454016	 93.352165	 93.251565	 93.152227	 93.054162	  92.95738	 92.861889	 92.767697	 92.674812	  92.58324	 92.492987	 92.404057	 92.316456	 92.230185	 92.145249	 92.061648	 91.979384	 91.898456	 91.818866	 91.740611	 91.663691	 91.588102	 91.513841	 91.440905	 91.369289	 91.298988	 91.229997	  91.16231	 91.095919	 91.030817	 90.966997	  90.90445	 90.843167	 90.783138	 90.724354	 90.666805	 90.610479	 90.555366	 90.501453	 90.448729	 90.397182	 90.346798	 90.297565	 90.249469	 90.202497	 90.156635	 90.111868	 90.068183	 90.025563	 89.983996	 89.943464	 89.903955	 89.865451	 89.827937	 89.791398	 89.755819	 89.721182	 89.687472	 89.654674	 89.622771	 89.591747	 89.561586	 89.532271	 89.503788	 89.476118	 89.449248	  89.42316	 89.397839	 89.373268	 89.349432	 89.326315	 89.303902	 89.282177	 89.261124	 89.240728	 89.220974	 89.201848	 89.183333	 89.165416	 89.148081	 89.131315	 89.115103	 89.099432	 89.084286	 89.069653	 89.055519	 89.041872	 89.028696	 89.015981	 89.003713	  88.99188	  88.98047	  88.96947	 88.958869	 88.948655	 88.938817	 88.929344	 88.920225	 88.911449	 88.903006	 88.894886	 88.887078	 88.879573	 88.872361	 88.865433	 88.858781	 88.852394	 88.846265	 88.840385	 88.834746	  88.82934	 88.824159	 88.819196	 88.814443	 88.809893	  88.80554	 88.801376	 88.797396	 88.793592	  88.78996	 88.786492	 88.783184	  88.78003	 88.777024	 88.774161	 88.771438	 88.768848	 88.766388	 88.764052	 88.761837	  88.75974	 88.757755	 88.755879	  88.75411	 88.752443	 88.750875	 88.749404	 88.748026	 88.746739	 88.745541	 88.744429	 88.743401	 88.742455	 88.741588	   88.7408	 88.740089	 88.739452	  88.73889	 88.738401	 88.737983	 88.737636	 88.737359	 88.737153	 88.737015	 88.736946	
        99	 98.852188	 98.704417	 98.556724	 98.409151	 98.261736	 98.114519	 97.967539	 97.820835	 97.674446	 97.528411	 97.382768	 97.237554	 97.092807	 96.948566	 96.804866	 96.661743	 96.519235	 96.377376	 96.236201	 96.095745	 95.956042	 95.817125	 95.679026	 95.541778	 95.405412	 95.269959	 95.135449	 95.001911	 94.869374	 94.737865	 94.607412	 94.478041	 94.349777	 94.222645	 94.096669	 93.971873	 93.848277	 93.725904	 93.604774	 93.484906	 93.366319	 93.249032	  93.13306	 93.018421	 92.905128	 92.793197	 92.682641	 92.573472	 92.465701	  92.35934	 92.254398	 92.150884	 92.048806	 91.948171	 91.848986	 91.751255	 91.654984	 91.560175	 91.466832	 91.374957	 91.284552	 91.195615	 91.108148	 91.022148	 90.937615	 90.854544	 90.772934	 90.692779	 90.614076	 90.536817	 90.460998	 90.386612	  90.31365	 90.242106	 90.171969	 90.103232	 90.035883	 89.969914	 89.905312	 89.842067	 89.780167	 89.719599	  89.66035	 89.602408	 89.545759	 89.490389	 89.436283	 89.383427	 89.331807	 89.281405	 89.232208	 89.184199	 89.137361	  89.09168	 89.047137	 89.003717	 88.961402	 88.920176	 88.880021	  88.84092	 88.802855	 88.765809	 88.729765	 88.694704	  88.66061	 88.627464	 88.595248	 88.563945	 88.533538	 88.504008	 88.475338	 88.447511	 88.420508	 88.394313	 88.368909	 88.344277	 88.320402	 88.297265	 88.274851	 88.253142	 88.232122	 88.211775	 88.192085	 88.173035	 88.154609	 88.136793	  88.11957	 88.102926	 88.086844	 88.071312	 88.056313	 88.041834	 88.027861	 88.014379	 88.001374	 87.988835	 87.976746	 87.965096	 87.953871	  87.94306	 87.932649	 87.922628	 87.912983	 87.903704	  87.89478	 87.886199	 87.877952	 87.870026	 87.862413	 87.855102	 87.848083	 87.841348	 87.834886	 87.828688	 87.822747	 87.817054	 87.811599	 87.806376	 87.801376	 87.796592	 87.792016	 87.787642	 87.783462	  87.77947	 87.775659	 87.772023	 87.768557	 87.765254	 87.762108	 87.759115	 87.756269	 87.753565	 87.750998	 87.748564	 87.746259	 87.744077	 87.742016	 87.740072	  87.73824	 87.736517	   87.7349	 87.733386	 87.731972	 87.730655	 87.729433	 87.728303	 87.727263	 87.726311	 87.725445	 87.724663	 87.723964	 87.723346	 87.722808	 87.722349	 87.721968	 87.721664	 87.721436	 87.721285	 87.721209	
        99	 98.838916	 98.677876	 98.516922	 98.356098	 98.195446	  98.03501	 97.874833	 97.714956	 97.555423	 97.396275	 97.237554	 97.079301	 96.921558	 96.764364	 96.607761	 96.451788	 96.296483	 96.141887	 95.988036	 95.834968	 95.682721	  95.53133	 95.380831	 95.231259	 95.082649	 94.935033	 94.788445	 94.642917	 94.498479	 94.355161	 94.212995	 94.072007	 93.932226	 93.793679	 93.656392	  93.52039	 93.385696	 93.252335	 93.120328	 92.989697	 92.860463	 92.732644	 92.606259	 92.481326	 92.357861	 92.235879	 92.115396	 91.996424	 91.878977	 91.763065	 91.648701	 91.535892	 91.424648	 91.314977	 91.206886	  91.10038	 90.995464	 90.892142	 90.790418	 90.690293	  90.59177	 90.494848	 90.399526	 90.305805	 90.213681	 90.123152	 90.034213	 89.946862	 89.861091	 89.776896	 89.694269	 89.613203	  89.53369	 89.455721	 89.379287	 89.304377	 89.230982	 89.159089	 89.088686	 89.019762	 88.952304	 88.886297	 88.821729	 88.758584	 88.696849	 88.636507	 88.577543	 88.519941	 88.463685	 88.408758	 88.355143	 88.302823	  88.25178	 88.201997	 88.153455	 88.106136	 88.060022	 88.015094	 87.971333	 87.928721	 87.887238	 87.846866	 87.807585	 87.769376	  87.73222	 87.696098	  87.66099	 87.626876	 87.593738	 87.561557	 87.530313	 87.499987	  87.47056	 87.442013	 87.414327	 87.387484	 87.361464	  87.33625	 87.311824	 87.288166	 87.265258	 87.243084	 87.221626	 87.200865	 87.180785	 87.161369	   87.1426	 87.124461	 87.106936	 87.090009	 87.073663	 87.057884	 87.042656	 87.027963	 87.013791	 87.000126	 86.986952	 86.974255	 86.962023	 86.950241	 86.938895	 86.927974	 86.917463	 86.907351	 86.897626	 86.888275	 86.879286	 86.870649	 86.862352	 86.854385	 86.846736	 86.839395	 86.832353	   86.8256	 86.819125	  86.81292	 86.806976	 86.801283	 86.795835	 86.790621	 86.785634	 86.780867	 86.776312	 86.771961	 86.767809	 86.763846	 86.760069	 86.756469	 86.753041	 86.749779	 86.746677	  86.74373	 86.740933	 86.738281	 86.735768	 86.733391	 86.731145	 86.729026	 86.727029	 86.725152	  86.72339	  86.72174	 86.720199	 86.718764	 86.717432	   86.7162	 86.715067	 86.714029	 86.713086	 86.712234	 86.711472	 86.710798	 86.710212	 86.709712	 86.709296	 86.708965	 86.708717	 86.708552	  86.70847	
        99	 98.825687	  98.65142	 98.477248	 98.303215	  98.12937	 97.955757	 97.782425	 97.609418	 97.436783	 97.264564	 97.092807	 96.921558	 96.750859	 96.580756	 96.411291	 96.242508	 96.074449	 95.907155	 95.740669	  95.57503	 95.410279	 95.246454	 95.083596	  94.92174	 94.760924	 94.601185	 94.442558	 94.285078	 94.128777	  93.97369	 93.819847	  93.66728	  93.51602	 93.366094	 93.217532	  93.07036	 92.924604	  92.78029	 92.637442	 92.496083	 92.356234	 92.217918	 92.081153	  91.94596	 91.812355	 91.680355	 91.549977	 91.421234	 91.294141	  91.16871	 91.044952	 90.922879	 90.802499	 90.683821	 90.566852	 90.451599	 90.338066	 90.226259	 90.116181	 90.007833	 89.901218	 89.796336	 89.693186	 89.591767	 89.492077	 89.394113	 89.297871	 89.203345	  89.11053	  89.01942	 88.930007	 88.842283	  88.75624	 88.671868	 88.589156	 88.508094	 88.428671	 88.350873	 88.274689	 88.200105	 88.127106	 88.055678	 87.985807	 87.917477	 87.850671	 87.785373	 87.721566	 87.659234	 87.598358	  87.53892	 87.480901	 87.424284	 87.369049	 87.315177	 87.262649	 87.211444	 87.161542	 87.112924	  87.06557	 87.019458	 86.974568	 86.930881	 86.888374	 86.847027	 86.806819	  86.76773	 86.729738	 86.692823	 86.656964	  86.62214	  86.58833	 86.555513	 86.523669	 86.492777	 86.462818	  86.43377	 86.405614	 86.378329	 86.351896	 86.326295	 86.301507	 86.277511	  86.25429	 86.231825	 86.210096	 86.189085	 86.168774	 86.149146	 86.130181	 86.111864	 86.094176	 86.077101	 86.060622	 86.044723	 86.029387	 86.014599	 86.000343	 85.986604	 85.973367	 85.960617	  85.94834	 85.936521	 85.925148	 85.914205	 85.903681	 85.893562	 85.883835	 85.874489	 85.865511	 85.856889	 85.848612	 85.840668	 85.833048	 85.825739	 85.818733	 85.812019	 85.805586	 85.799426	  85.79353	 85.787888	 85.782492	 85.777333	 85.772404	 85.767696	 85.763202	 85.758915	 85.754827	 85.750931	 85.747222	 85.743692	 85.740335	 85.737146	  85.73412	 85.731249	 85.728531	 85.725958	 85.723528	 85.721234	 85.719074	 85.717042	 85.715135	  85.71335	 85.711682	 85.710129	 85.708688	 85.707356	 85.706129	 85.705006	 85.703985	 85.703063	 85.702238	  85.70151	 85.700875	 85.700334	 85.699884	 85.699526	 85.699258	 85.699079	  85.69899	
        99	 98.812503	 98.625057	 98.437712	 98.250517	 98.063523	 97.876781	 97.690339	 97.504248	 97.318556	 97.133312	 96.948566	 96.764364	 96.580756	 96.397788	 96.215506	 96.033958	 95.853188	 95.673242	 95.494164	 95.315998	 95.138787	 94.962572	 94.787396	   94.6133	 94.440322	 94.268501	 94.097877	 93.928486	 93.760365	 93.593548	  93.42807	 93.263965	 93.101264	     92.94	 92.780202	 92.621899	  92.46512	 92.309891	 92.156239	 92.004189	 91.853764	 91.704987	 91.557879	  91.41246	  91.26875	 91.126768	 90.986529	 90.848049	 90.711344	 90.576427	 90.443309	 90.312003	 90.182519	 90.054865	  89.92905	  89.80508	 89.682961	 89.562698	 89.444294	 89.327752	 89.213074	 89.100259	 88.989308	 88.880219	  88.77299	 88.667616	 88.564095	  88.46242	 88.362586	 88.264585	 88.168409	 88.074051	 87.981501	 87.890747	  87.80178	 87.714588	 87.629157	 87.545476	  87.46353	 87.383304	 87.304785	 87.227955	   87.1528	 87.079301	 87.007443	 86.937206	 86.868574	 86.801528	 86.736047	 86.672114	 86.609708	 86.548809	 86.489396	  86.43145	 86.374948	 86.319871	 86.266195	   86.2139	 86.162964	 86.113365	 86.065081	 86.018089	 85.972367	 85.927893	 85.884645	 85.842599	 85.801734	 85.762027	 85.723456	 85.685997	  85.64963	 85.614332	 85.580079	 85.546852	 85.514626	 85.483381	 85.453096	 85.423747	 85.395315	 85.367778	 85.341115	 85.315305	 85.290328	 85.266163	 85.242791	 85.220191	 85.198344	 85.177231	 85.156832	 85.137129	 85.118104	 85.099737	 85.082012	  85.06491	 85.048415	 85.032508	 85.017174	 85.002396	 84.988158	 84.974444	 84.961238	 84.948526	 84.936292	 84.924522	 84.913202	 84.902317	 84.891855	 84.881802	 84.872144	  84.86287	 84.853967	 84.845423	 84.837226	 84.829365	 84.821829	 84.814607	 84.807688	 84.801062	  84.79472	 84.788651	 84.782847	 84.777298	 84.771996	 84.766932	 84.762098	 84.757486	 84.753089	 84.748899	 84.744909	 84.741112	 84.737502	 84.734072	 84.730816	 84.727729	 84.724804	 84.722038	 84.719423	 84.716956	 84.714632	 84.712447	 84.710396	 84.708476	 84.706682	 84.705012	 84.703461	 84.702028	 84.700709	 84.699501	 84.698402	  84.69741	 84.696524	  84.69574	 84.695057	 84.694475	 84.693991	 84.693606	 84.693317	 84.693125	  84.69303	
        99	  98.79937	 98.598793	 98.398324	 98.198017	 97.997925	 97.798101	 97.598599	 97.399472	 97.200773	 97.002553	 96.804866	 96.607761	 96.411291	 96.215506	 96.020456	 95.826191	 95.632758	 95.440207	 95.248585	 95.057939	 94.868314	 94.679756	 94.492309	 94.306017	 94.120922	 93.937066	  93.75449	 93.573234	 93.393335	 93.214833	 93.037764	 92.862163	 92.688066	 92.515505	 92.344513	 92.175121	  92.00736	 91.841258	 91.676843	 91.514142	  91.35318	 91.193981	 91.036568	 90.880963	 90.727187	 90.575258	 90.425196	 90.277016	 90.130735	 89.986367	 89.843925	 89.703421	 89.564866	 89.428271	 89.293642	 89.160988	 89.030315	 88.901628	  88.77493	 88.650224	 88.527513	 88.406796	 88.288073	 88.171342	 88.056601	 87.943847	 87.833074	 87.724277	 87.617449	 87.512583	 87.409671	 87.308703	  87.20967	 87.112559	  87.01736	  86.92406	 86.832645	 86.743102	 86.655416	 86.569571	 86.485551	 86.403339	 86.322919	 86.244272	  86.16738	 86.092224	 86.018784	 85.947041	 85.876974	 85.808562	 85.741785	  85.67662	 85.613045	  85.55104	 85.490581	 85.431645	 85.374209	 85.318251	 85.263747	 85.210674	 85.159007	 85.108723	 85.059799	  85.01221	 84.965932	 84.920941	 84.877213	 84.834725	 84.793452	  84.75337	 84.714455	 84.676684	 84.640032	 84.604477	 84.569994	 84.536561	 84.504153	 84.472749	 84.442325	 84.412859	 84.384328	 84.356711	 84.329984	 84.304126	 84.279117	 84.254934	 84.231557	 84.208965	 84.187137	 84.166054	 84.145696	 84.126043	 84.107076	 84.088776	 84.071125	 84.054104	 84.037696	 84.021883	 84.006647	 83.991972	 83.977842	 83.964239	 83.951148	 83.938554	  83.92644	 83.914794	 83.903598	 83.892841	 83.882507	 83.872584	 83.863057	 83.853914	 83.845143	 83.836731	 83.828667	 83.820939	 83.813535	 83.806446	 83.799659	 83.793165	 83.786954	 83.781017	 83.775344	 83.769925	 83.764752	 83.759818	 83.755112	 83.750629	 83.746359	 83.742296	 83.738433	 83.734763	 83.731279	 83.727976	 83.724846	 83.721886	 83.719088	 83.716448	 83.713962	 83.711623	 83.709429	 83.707374	 83.705454	 83.703667	 83.702008	 83.700474	 83.699063	  83.69777	 83.696595	 83.695533	 83.694584	 83.693746	 83.693015	 83.692392	 83.691875	 83.691462	 83.691154	 83.690948	 83.690846	
        99	 98.786288	 98.572634	 98.359095	 98.145728	 97.932589	 97.719737	 97.507228	 97.295118	 97.083464	  96.87232	 96.661743	 96.451788	 96.242508	 96.033958	 95.826191	 95.619259	 95.413215	  95.20811	 95.003994	 94.800917	 94.598929	 94.398077	 94.198409	 93.999971	 93.802807	 93.606964	 93.412484	  93.21941	 93.027782	 92.837642	 92.649028	 92.461978	 92.276529	 92.092717	 91.910577	 91.730141	 91.551442	  91.37451	 91.199375	 91.026066	 90.854609	  90.68503	 90.517354	 90.351604	 90.187801	 90.025967	  89.86612	 89.708279	 89.552461	  89.39868	 89.246951	 89.097286	 88.949698	 88.804196	  88.66079	 88.519487	 88.380294	 88.243216	 88.108258	 87.975421	 87.844709	 87.716121	 87.589658	 87.465316	 87.343094	 87.222988	 87.104993	 86.989102	 86.875309	 86.763606	 86.653984	 86.546433	 86.440943	 86.337501	 86.236095	 86.136711	 86.039336	 85.943955	 85.850552	 85.759109	 85.669612	  85.58204	 85.496376	 85.412602	 85.330696	  85.25064	 85.172412	 85.095991	 85.021356	 84.948483	 84.877352	 84.807938	 84.740219	 84.674171	  84.60977	 84.546991	 84.485811	 84.426204	 84.368147	 84.311613	 84.256577	 84.203015	 84.150901	 84.100209	 84.050914	 84.002989	 83.956411	 83.911152	 83.867188	 83.824493	 83.783041	 83.742807	 83.703765	 83.665892	 83.629161	 83.593548	 83.559027	 83.525576	 83.493168	 83.461781	  83.43139	 83.401971	 83.373502	 83.345959	 83.319319	 83.293559	 83.268658	 83.244592	 83.221342	 83.198884	 83.177199	 83.156264	 83.136061	 83.116568	 83.097766	 83.079635	 83.062157	 83.045313	 83.029084	 83.013452	   82.9984	 82.983911	 82.969966	 82.956551	 82.943648	 82.931241	 82.919317	 82.907858	  82.89685	 82.886279	 82.876132	 82.866393	  82.85705	  82.84809	   82.8395	 82.831268	 82.823381	 82.815829	   82.8086	 82.801683	 82.795067	 82.788743	 82.782699	 82.776927	 82.771418	 82.766161	 82.761149	 82.756373	 82.751825	 82.747497	 82.743382	 82.739473	 82.735762	 82.732243	  82.72891	 82.725756	 82.722776	 82.719964	 82.717315	 82.714824	 82.712487	 82.710298	 82.708253	  82.70635	 82.704582	 82.702949	 82.701445	 82.700068	 82.698816	 82.697686	 82.696675	 82.695781	 82.695004	  82.69434	 82.693789	 82.693349	  82.69302	 82.692802	 82.692692	
        99	 98.773264	 98.546588	 98.320034	 98.093663	 97.867535	  97.64171	 97.416249	 97.191212	 96.966658	 96.742646	 96.519235	 96.296483	 96.074449	 95.853188	 95.632758	 95.413215	 95.194613	 94.977008	 94.760452	 94.544998	   94.3307	 94.117606	 93.905769	 93.695237	 93.486057	 93.278278	 93.071945	 92.867103	 92.663797	 92.462068	 92.261959	 92.063509	 91.866758	 91.671743	 91.478502	 91.287069	 91.097479	 90.909764	 90.723955	 90.540083	 90.358176	 90.178262	 90.000367	 89.824515	 89.650729	 89.479032	 89.309443	 89.141982	 88.976667	 88.813514	 88.652537	 88.493751	 88.337168	 88.182798	 88.030652	 87.880737	 87.733061	 87.587629	 87.444445	 87.303513	 87.164834	 87.028409	 86.894238	 86.762319	 86.632648	 86.505221	 86.380035	 86.257081	 86.136353	 86.017842	 85.901539	 85.787433	 85.675513	 85.565767	  85.45818	  85.35274	  85.24943	 85.148236	  85.04914	 84.952125	 84.857172	 84.764263	 84.673379	 84.584498	 84.497601	 84.412666	  84.32967	 84.248591	 84.169407	 84.092094	 84.016627	 83.942983	 83.871136	 83.801063	 83.732736	 83.666132	 83.601223	 83.537984	 83.476388	 83.416408	 83.358019	 83.301192	 83.245901	  83.19212	  83.13982	 83.088975	 83.039558	 82.991541	 82.944897	   82.8996	 82.855621	 82.812935	 82.771515	 82.731333	 82.692363	  82.65458	 82.617955	 82.582465	 82.548082	 82.514782	 82.482539	 82.451327	 82.421123	 82.391901	 82.363637	 82.336308	 82.309888	 82.284357	 82.259689	 82.235863	 82.212855	 82.190645	  82.16921	 82.148529	 82.128582	 82.109346	 82.090803	 82.072932	 82.055714	  82.03913	  82.02316	 82.007787	 81.992993	  81.97876	  81.96507	 81.951908	 81.939256	 81.927099	 81.915421	 81.904206	 81.893439	 81.883107	 81.873195	 81.863689	 81.854575	 81.845841	 81.837474	 81.829462	 81.821792	 81.814454	 81.807435	 81.800725	 81.794313	 81.788189	 81.782344	 81.776767	 81.771449	 81.766382	 81.761557	 81.756966	   81.7526	 81.748452	 81.744515	 81.740781	 81.737245	 81.733899	 81.730737	 81.727754	 81.724944	 81.722301	 81.719821	 81.717499	  81.71533	  81.71331	 81.711435	 81.709702	 81.708106	 81.706646	 81.705317	 81.704118	 81.703045	 81.702098	 81.701272	 81.700568	 81.699983	 81.699517	 81.699168	 81.698936	  81.69882	
