Time step 24:
        99	        99	        99	        99	        99	        99	        99	        99	        99	        99	        99	        99	        99	        99	        99	        99	        99	        99	        99	        99	        99	        99	        99	        99	        99	        99	        99	        99	        99	        99	        99	        99	        99	        99	        99	        99	        99	        99	        99	        99	        99	        99	        99	        99	        99	        99	        99	        99	        99	        99	        99	        99	        99	        99	        99	        99	        99	        99	        99	        99	        99	        99	        99	        99	        99	        99	        99	        99	        99	        99	        99	        99	        99	        99	        99	        99	        99	        99	        99	        99	        99	        99	        99	        99	        99	        99	        99	        99	        99	        99	        99	        99	        99	        99	        99	        99	        99	        99	        99	        99	        99	        99	        99	        99	        99	        99	        99	        99	        99	        99	        99	        99	        99	        99	        99	        99	        99	        99	        99	        99	        99	        99	        99	        99	        99	        99	        99	        99	        99	        99	        99	        99	        99	        99	        99	        99	        99	        99	        99	        99	        99	        99	        99	        99	        99	        99	        99	        99	        99	        99	        99	        99	        99	        99	        99	        99	        99	        99	        99	        99	        99	        99	        99	        99	        99	        99	        99	        99	        99	        99	        99	        99	        99	        99	        99	        99	        99	        99	        99	        99	        99	        99	        99	        99	        99	        99	        99	        99	        99	        99	        99	        99	        99	        99	        99	        99	        99	        99	        99	        99	
        99	 98.973545	 98.947105	 98.920692	  98.89432	 98.868004	 98.841758	 98.815594	 98.789526	 98.763568	 98.737732	 98.712032	  98.68648	 98.661089	 98.635871	 98.610838	 98.586002	 98.561374	 98.536966	 98.512787	 98.488849	 98.465162	 98.441735	 98.418577	 98.395698	 98.373107	  98.35081	 98.328816	 98.307133	 98.285766	 98.264723	  98.24401	 98.223632	 98.203594	 98.183901	 98.164557	 98.145565	 98.126931	 98.108655	 98.090741	 98.073191	 98.056007	 98.039189	 98.022739	 98.006657	 97.990942	 97.975596	 97.960616	 97.946002	 97.931753	 97.917866	  97.90434	 97.891172	 97.878359	 97.865899	 97.853787	 97.842021	 97.830597	  97.81951	 97.808756	  97.79833	 97.788229	 97.778447	 97.768979	 97.759819	 97.750962	 97.742404	 97.734137	 97.726157	 97.718457	 97.711031	 97.703874	 97.696979	 97.690341	 97.683953	 97.677808	 97.671901	 97.666226	 97.660776	 97.655545	 97.650527	 97.645716	 97.641105	 97.636689	 97.632462	 97.628417	 97.624549	 97.620853	 97.617321	  97.61395	 97.610732	 97.607663	 97.604738	 97.601951	 97.599297	 97.596771	 97.594368	 97.592083	 97.589912	  97.58785	 97.585893	 97.584036	 97.582275	 97.580606	 97.579025	 97.577528	 97.576112	 97.574772	 97.573506	 97.572309	 97.571179	 97.570113	 97.569107	 97.568159	 97.567265	 97.566424	 97.565632	 97.564886	 97.564185	 97.563527	 97.562908	 97.562327	 97.561782	 97.561271	 97.560791	 97.560342	 97.559922	 97.559528	  97.55916	 97.558816	 97.558495	 97.558194	 97.557914	 97.557653	 97.557409	 97.557181	  97.55697	 97.556773	 97.556589	 97.556419	  97.55626	 97.556113	 97.555976	 97.555849	 97.555731	 97.555622	 97.555521	 97.555427	 97.555341	 97.555261	 97.555186	 97.555118	 97.555054	 97.554996	 97.554942	 97.554892	 97.554846	 97.554804	 97.554765	  97.55473	 97.554697	 97.554666	 97.554639	 97.554613	  97.55459	 97.554568	 97.554548	  97.55453	 97.554514	 97.554499	 97.554485	 97.554472	  97.55446	  97.55445	  97.55444	 97.554432	 97.554424	 97.554416	  97.55441	 97.554404	 97.554398	 97.554393	 97.554389	 97.554385	 97.554381	 97.554378	 97.554375	 97.554372	  97.55437	 97.554368	 97.554366	 97.554364	 97.554363	 97.554362	 97.554361	  97.55436	 97.554359	 97.554359	 97.554358	 97.554358	
        99	 98.947105	 98.894237	 98.841425	 98.788696	 98.736078	 98.683599	 98.631284	 98.579162	 98.527259	 98.475602	 98.424215	 98.373125	 98.322356	 98.271934	 98.221881	 98.172222	  98.12298	 98.074175	 98.025831	 97.977968	 97.930605	 97.883763	 97.837461	 97.791715	 97.746543	 97.701961	 97.657985	  97.61463	 97.571908	 97.529833	 97.488418	 97.447672	 97.407606	  97.36823	 97.329552	  97.29158	 97.254321	 97.217779	 97.181961	  97.14687	 97.112511	 97.078884	 97.045992	 97.013836	 96.982416	 96.951731	 96.921779	 96.892559	 96.864068	 96.836302	 96.809256	 96.782927	 96.757308	 96.732394	 96.708177	 96.684651	 96.661808	  96.63964	 96.618138	 96.597293	 96.577096	 96.557537	 96.538605	  96.52029	 96.502582	 96.485469	  96.46894	 96.452983	 96.437587	  96.42274	  96.40843	 96.394644	 96.381371	 96.368597	 96.356312	 96.344501	 96.333154	 96.322256	 96.311797	 96.301764	 96.292144	 96.282925	 96.274095	 96.265643	 96.257556	 96.249822	 96.242431	  96.23537	 96.228628	 96.222195	 96.216059	  96.21021	 96.204638	 96.199331	  96.19428	 96.189475	 96.184907	 96.180566	 96.176444	  96.17253	 96.168817	 96.165296	 96.161959	 96.158797	 96.155804	 96.152972	 96.150294	 96.147762	 96.145369	  96.14311	 96.140978	 96.138967	 96.137071	 96.135284	 96.133602	 96.132018	 96.130527	 96.129126	 96.127809	 96.126572	  96.12541	  96.12432	 96.123298	  96.12234	 96.121442	 96.120601	 96.119815	 96.119079	 96.118391	 96.117748	 96.117147	 96.116587	 96.116064	 96.115576	 96.115122	 96.114699	 96.114305	 96.113938	 96.113597	  96.11328	 96.112985	 96.112712	 96.112458	 96.112223	 96.112004	 96.111802	 96.111615	 96.111441	 96.111281	 96.111133	 96.110996	 96.110869	 96.110752	 96.110644	 96.110545	 96.110453	 96.110369	 96.110291	 96.110219	 96.110153	 96.110093	 96.110037	 96.109986	 96.109939	 96.109896	 96.109857	 96.109821	 96.109788	 96.109757	  96.10973	 96.109704	 96.109681	  96.10966	 96.109641	 96.109623	 96.109607	 96.109593	  96.10958	 96.109568	 96.109557	 96.109547	 96.109538	  96.10953	 96.109522	 96.109516	  96.10951	 96.109505	   96.1095	 96.109496	 96.109492	 96.109489	 96.109486	 96.109484	 96.109482	  96.10948	 96.109479	 96.109478	 96.109477	 96.109477	
        99	 98.920692	 98.841425	 98.762242	 98.683183	 98.604291	 98.525606	 98.447169	  98.36902	   98.2912	 98.213747	 98.136701	 98.060099	  97.98398	 97.908379	 97.833333	 97.758877	 97.685046	 97.611871	 97.539387	 97.467623	 97.396611	 97.326379	 97.256955	 97.188366	 97.120638	 97.053795	  96.98786	 96.922855	 96.858801	 96.795716	  96.73362	 96.672528	 96.612456	 96.553418	 96.495427	 96.438493	 96.382628	  96.32784	 96.274137	 96.221524	 96.170006	 96.119588	 96.070272	 96.022059	  95.97495	 95.928942	 95.884035	 95.840224	 95.797506	 95.755875	 95.715324	 95.675848	 95.637436	 95.600081	 95.563772	 95.528498	 95.494249	 95.461011	 95.428772	 95.397519	 95.367236	  95.33791	 95.309525	 95.282065	 95.255514	 95.229856	 95.205074	 95.181149	 95.158065	 95.135804	 95.114348	 95.093679	 95.073777	 95.054626	 95.036205	 95.018497	 95.001483	 94.985144	 94.969463	 94.954419	 94.939995	 94.926173	 94.912935	 94.900262	 94.888136	 94.876541	 94.865459	 94.854872	 94.844764	 94.835118	 94.825919	 94.817149	 94.808794	 94.800837	 94.793264	  94.78606	 94.779211	 94.772703	 94.766521	 94.760653	 94.755086	 94.749807	 94.744803	 94.740064	 94.735576	  94.73133	 94.727314	 94.723517	  94.71993	 94.716543	 94.713347	 94.710331	 94.707488	 94.704809	 94.702286	 94.699911	 94.697677	 94.695576	 94.693601	 94.691746	 94.690004	  94.68837	 94.686838	 94.685401	 94.684055	 94.682795	 94.681615	 94.680512	  94.67948	 94.678516	 94.677616	 94.676775	 94.675991	  94.67526	 94.674579	 94.673944	 94.673353	 94.672804	 94.672292	 94.671817	 94.671375	 94.670965	 94.670585	 94.670232	 94.669905	 94.669601	 94.669321	 94.669061	  94.66882	 94.668598	 94.668392	 94.668202	 94.668027	 94.667865	 94.667716	 94.667579	 94.667452	 94.667336	 94.667228	  94.66713	 94.667039	 94.666955	 94.666879	 94.666809	 94.666744	 94.666685	 94.666631	 94.666581	 94.666536	 94.666494	 94.666456	 94.666422	  94.66639	 94.666361	 94.666335	 94.666311	 94.666289	 94.666269	 94.666251	 94.666235	  94.66622	 94.666207	 94.666194	 94.666183	 94.666174	 94.666165	 94.666157	  94.66615	 94.666143	 94.666138	 94.666133	 94.666129	 94.666125	 94.666122	  94.66612	 94.666118	 94.666116	 94.666115	 94.666115	
        99	  98.89432	 98.788696	 98.683183	 98.577836	 98.472711	 98.367862	 98.263344	  98.15921	 98.055513	 97.952306	  97.84964	 97.747567	 97.646137	 97.545398	 97.445398	 97.346185	 97.247803	 97.150297	  97.05371	 96.958084	 96.863459	 96.769873	 96.677365	 96.585969	 96.495721	 96.406651	 96.318792	 96.232172	 96.146818	 96.062757	 95.980013	 95.898607	  95.81856	 95.739891	 95.662616	 95.586752	 95.512311	 95.439305	 95.367744	 95.297636	 95.228989	 95.161806	 95.096092	 95.031847	 94.969073	 94.907767	 94.847927	 94.789548	 94.732626	 94.677152	 94.623118	 94.570514	 94.519331	 94.469554	 94.421172	 94.374169	 94.328531	 94.284242	 94.241283	 94.199637	 94.159285	 94.120207	 94.082384	 94.045793	 94.010414	 93.976224	   93.9432	 93.911321	 93.880561	 93.850898	 93.822308	 93.794765	 93.768246	 93.742726	 93.718181	 93.694584	 93.671913	 93.650142	 93.629245	 93.609199	  93.58998	 93.571561	 93.553921	 93.537034	 93.520876	 93.505426	 93.490658	 93.476551	 93.463082	  93.45023	 93.437971	 93.426285	 93.415151	 93.404549	 93.394458	 93.384859	 93.375732	  93.36706	 93.358823	 93.351004	 93.343585	  93.33655	 93.329883	 93.323567	 93.317588	 93.311929	 93.306578	 93.301519	  93.29674	 93.292226	 93.287967	 93.283949	  93.28016	 93.276591	 93.273229	 93.270064	 93.267086	 93.264287	 93.261655	 93.259183	 93.256863	 93.254685	 93.252643	 93.250729	 93.248935	 93.247255	 93.245684	 93.244213	 93.242839	 93.241554	 93.240355	 93.239235	  93.23819	 93.237216	 93.236308	 93.235462	 93.234675	 93.233942	 93.233261	 93.232628	 93.232039	 93.231493	 93.230986	 93.230516	 93.230079	 93.229675	 93.229301	 93.228955	 93.228634	 93.228338	 93.228064	 93.227811	 93.227578	 93.227362	 93.227163	  93.22698	 93.226812	 93.226656	 93.226513	 93.226382	 93.226261	  93.22615	 93.226048	 93.225954	 93.225868	 93.225789	 93.225717	 93.225651	 93.225591	 93.225535	 93.225485	 93.225439	 93.225396	 93.225358	 93.225323	 93.225291	 93.225262	 93.225235	 93.225211	 93.225189	  93.22517	 93.225152	 93.225135	 93.225121	 93.225108	 93.225096	 93.225085	 93.225076	 93.225068	  93.22506	 93.225054	 93.225048	 93.225043	 93.225039	 93.225036	 93.225033	 93.225032	  93.22503	  93.22503	
        99	 98.868004	 98.736078	 98.604291	 98.472711	 98.341408	  98.21045	 98.079905	  97.94984	 97.820321	 97.691414	 97.563183	 97.435693	 97.309004	  97.18318	 97.058279	 96.934359	 96.811479	 96.689692	 96.569054	 96.449616	 96.331427	 96.214538	 96.098994	 95.984839	 95.872117	 95.760868	  95.65113	  95.54294	 95.436333	 95.331339	  95.22799	 95.126313	 95.026333	 94.928074	 94.831557	 94.736801	 94.643823	 94.552638	 94.463257	 94.375691	  94.28995	 94.206037	 94.123959	 94.043716	  93.96531	 93.888738	 93.813997	 93.741082	 93.669985	 93.600697	 93.533207	 93.467505	 93.403576	 93.341404	 93.280974	 93.222267	 93.165265	 93.109946	  93.05629	 93.004273	 92.953873	 92.905065	 92.857822	  92.81212	 92.767931	 92.725227	  92.68398	 92.644162	 92.605743	 92.568693	 92.532983	 92.498582	  92.46546	 92.433585	 92.402927	 92.373455	 92.345138	 92.317945	 92.291845	 92.266808	 92.242802	 92.219797	 92.197764	 92.176672	 92.156491	 92.137193	 92.118748	 92.101128	 92.084306	 92.068252	 92.052941	 92.038345	 92.024439	 92.011196	 91.998593	 91.986603	 91.975204	 91.964372	 91.954084	 91.944318	 91.935052	 91.926265	 91.917938	 91.910049	 91.902581	 91.895513	 91.888829	  91.88251	 91.876541	 91.870904	 91.865583	 91.860565	 91.855833	 91.851375	 91.847175	 91.843223	 91.839504	 91.836007	  91.83272	 91.829633	 91.826734	 91.824014	 91.821463	 91.819072	 91.816832	 91.814734	 91.812771	 91.810935	 91.809218	 91.807614	 91.806115	 91.804717	 91.803412	 91.802195	 91.801061	 91.800005	 91.799021	 91.798106	 91.797255	 91.796464	 91.795729	 91.795047	 91.794414	 91.793826	 91.793281	 91.792777	 91.792309	 91.791877	 91.791476	 91.791106	 91.790764	 91.790448	 91.790157	 91.789887	 91.789639	  91.78941	   91.7892	 91.789006	 91.788827	 91.788663	 91.788512	 91.788373	 91.788246	 91.788129	 91.788021	 91.787923	 91.787833	  91.78775	 91.787675	 91.787606	 91.787542	 91.787485	 91.787432	 91.787384	  91.78734	   91.7873	 91.787264	 91.787231	 91.787201	 91.787174	 91.787149	 91.787126	 91.787106	 91.787088	 91.787072	 91.787057	 91.787044	 91.787032	 91.787021	 91.787012	 91.787004	 91.786997	 91.786991	 91.786986	 91.786982	 91.786979	 91.786976	 91.786975	 91.786974	
        99	 98.841758	 98.683599	 98.525606	 98.367862	  98.21045	 98.053452	 97.896949	  97.74102	 97.585747	 97.431208	 97.277479	 97.124637	 96.972758	 96.821913	 96.672176	 96.523616	 96.376301	 96.230298	 96.085671	 95.942483	 95.800794	 95.660661	 95.522142	 95.385288	 95.250152	 95.116781	 94.985223	  94.85552	 94.727714	 94.601843	 94.477943	 94.356047	 94.236187	  94.11839	 94.002681	 93.889083	 93.777617	   93.6683	 93.561146	 93.456169	 93.353377	  93.25278	  93.15438	 93.058182	 92.964185	 92.872387	 92.782784	  92.69537	 92.610135	  92.52707	 92.446161	 92.367394	 92.290752	 92.216218	 92.143771	 92.073391	 92.005054	 91.938736	  91.87441	  91.81205	 91.751628	 91.693115	 91.636478	 91.581688	 91.528712	 91.477517	 91.428069	 91.380333	 91.334274	 91.289857	 91.247046	 91.205805	 91.166096	 91.127883	 91.091129	 91.055797	 91.021849	 90.989249	 90.957959	 90.927943	 90.899164	 90.871585	  90.84517	 90.819884	 90.795691	 90.772555	 90.750443	 90.729319	 90.709151	 90.689906	  90.67155	 90.654052	  90.63738	 90.621505	 90.606395	 90.592021	 90.578355	 90.565369	 90.553035	 90.541327	 90.530219	 90.519685	 90.509702	 90.500245	 90.491291	 90.482818	 90.474805	  90.46723	 90.460073	 90.453315	 90.446937	 90.440921	 90.435248	 90.429903	 90.424869	  90.42013	 90.415671	 90.411479	 90.407539	 90.403838	 90.400363	 90.397102	 90.394044	 90.391178	 90.388492	 90.385977	 90.383623	 90.381422	 90.379364	  90.37744	 90.375644	 90.373967	 90.372403	 90.370944	 90.369585	 90.368318	  90.36714	 90.366043	 90.365022	 90.364074	 90.363193	 90.362375	 90.361615	 90.360911	 90.360258	 90.359653	 90.359093	 90.358574	 90.358094	 90.357651	 90.357241	 90.356862	 90.356512	 90.356189	 90.355892	 90.355618	 90.355365	 90.355132	 90.354918	 90.354721	  90.35454	 90.354374	 90.354221	 90.354081	 90.353952	 90.353834	 90.353726	 90.353627	 90.353537	 90.353454	 90.353378	 90.353309	 90.353246	 90.353188	 90.353136	 90.353088	 90.353044	 90.353005	 90.352969	 90.352936	 90.352906	 90.352879	 90.352855	 90.352833	 90.352814	 90.352796	  90.35278	 90.352766	 90.352754	 90.352742	 90.352733	 90.352724	 90.352717	 90.352711	 90.352706	 90.352702	   90.3527	 90.352698	 90.352697	
        99	 98.815594	 98.631284	 98.447169	 98.263344	 98.079905	 97.896949	 97.714569	 97.532859	 97.351913	 97.171821	 96.992675	 96.814562	 96.637571	 96.461786	 96.287291	 96.114167	 95.942495	 95.772352	 95.603813	 95.436949	 95.271833	 95.108531	 94.947108	 94.787627	 94.630147	 94.474724	 94.321414	 94.170266	 94.021328	 93.874645	  93.73026	  93.58821	 93.448532	 93.311258	 93.176418	 93.044038	 92.914141	 92.786749	 92.661879	 92.539544	 92.419757	 92.302527	 92.187858	 92.075754	 91.966215	  91.85924	 91.754822	 91.652954	 91.553626	 91.456827	  91.36254	  91.27075	 91.181436	 91.094578	 91.010153	 90.928136	   90.8485	 90.771217	 90.696256	 90.623585	 90.553173	 90.484984	 90.418984	 90.355135	   90.2934	  90.23374	 90.176115	 90.120487	 90.066813	 90.015052	 89.965163	 89.917102	 89.870828	 89.826297	 89.783466	 89.742292	 89.702731	 89.664741	 89.628278	 89.593299	 89.559761	 89.527622	  89.49684	 89.467373	 89.439179	 89.412218	  89.38645	 89.361834	 89.338331	 89.315904	 89.294513	 89.274121	 89.254693	 89.236193	 89.218585	 89.201835	 89.185909	 89.170776	 89.156403	 89.142759	 89.129814	 89.117539	 89.105905	 89.094884	  89.08445	 89.074576	 89.065238	  89.05641	  89.04807	 89.040195	 89.032762	 89.025751	 89.019141	 89.012912	 89.007045	 89.001523	 88.996327	 88.991442	  88.98685	 88.982537	 88.978487	 88.974688	 88.971124	 88.967783	 88.964654	 88.961723	  88.95898	 88.956415	 88.954016	 88.951775	 88.949681	 88.947727	 88.945905	 88.944205	  88.94262	 88.941145	 88.939771	 88.938492	 88.937304	 88.936198	 88.935172	 88.934218	 88.933333	 88.932513	 88.931752	 88.931047	 88.930394	 88.929789	  88.92923	 88.928713	 88.928235	 88.927794	 88.927386	  88.92701	 88.926663	 88.926344	 88.926049	 88.925778	 88.925529	 88.925299	 88.925088	 88.924894	 88.924716	 88.924553	 88.924403	 88.924266	  88.92414	 88.924024	 88.923919	 88.923822	 88.923734	 88.923653	  88.92358	 88.923513	 88.923451	 88.923396	 88.923345	 88.923299	 88.923257	 88.923219	 88.923184	 88.923153	 88.923125	 88.923099	 88.923076	 88.923056	 88.923037	 88.923021	 88.923006	 88.922993	 88.922982	 88.922972	 88.922964	 88.922957	 88.922951	 88.922947	 88.922943	 88.922941	  88.92294	
        99	 98.789526	 98.579162	  98.36902	  98.15921	  97.94984	  97.74102	 97.532859	 97.325463	 97.118938	 96.913389	 96.708918	 96.505627	 96.303616	 96.102982	  95.90382	 95.706224	 95.510284	 95.316089	 95.123725	 94.933274	 94.744816	  94.55843	 94.374188	 94.192163	 94.012421	 93.835028	 93.660046	 93.487531	 93.317539	 93.150122	 92.985326	 92.823196	 92.663772	 92.507093	 92.353192	 92.202099	  92.05384	  91.90844	 91.765917	  91.62629	 91.489569	 91.355767	 91.224888	 91.096938	 90.971914	 90.849817	 90.730638	  90.61437	 90.501002	 90.390518	 90.282903	 90.178137	 90.076198	 89.977062	 89.880703	 89.787092	 89.696198	  89.60799	 89.522432	 89.439489	 89.359123	 89.281296	 89.205965	  89.13309	 89.062628	 88.994535	 88.928765	 88.865272	 88.804011	 88.744933	 88.687992	 88.633137	 88.580322	 88.529496	  88.48061	 88.433615	 88.388463	 88.345102	 88.303484	  88.26356	 88.225282	   88.1886	 88.153466	 88.119834	 88.087655	 88.056883	 88.027471	 87.999376	 87.972551	 87.946953	 87.922538	 87.899264	  87.87709	 87.855974	 87.835877	 87.816759	 87.798582	  87.78131	 87.764905	 87.749332	 87.734557	 87.720547	 87.707268	  87.69469	  87.68278	 87.671511	 87.660853	 87.650777	 87.641259	  87.63227	 87.623786	 87.615784	 87.608239	  87.60113	 87.594434	 87.588131	 87.582201	 87.576625	 87.571384	 87.566461	 87.561839	 87.557502	 87.553435	 87.549622	  87.54605	 87.542705	 87.539574	 87.536646	 87.533909	  87.53135	 87.528961	 87.526731	  87.52465	  87.52271	 87.520902	 87.519218	  87.51765	  87.51619	 87.514833	 87.513572	   87.5124	 87.511312	 87.510302	 87.509365	 87.508497	 87.507692	 87.506947	 87.506257	 87.505619	 87.505029	 87.504483	 87.503979	 87.503514	 87.503085	 87.502689	 87.502324	 87.501988	 87.501679	 87.501394	 87.501132	 87.500891	  87.50067	 87.500467	  87.50028	 87.500109	 87.499952	 87.499809	 87.499677	 87.499557	 87.499447	 87.499346	 87.499254	  87.49917	 87.499093	 87.499023	  87.49896	 87.498902	 87.498849	 87.498801	 87.498758	 87.498718	 87.498683	  87.49865	 87.498621	 87.498595	 87.498572	  87.49855	 87.498532	 87.498515	   87.4985	 87.498488	 87.498476	 87.498467	 87.498459	 87.498452	 87.498447	 87.498443	 87.498441	 87.498439	
        99	 98.763568	 98.527259	   98.2912	 98.055513	 97.820321	 97.585747	 97.351913	 97.118938	 96.886942	 96.656041	 96.426353	  96.19799	 95.971064	 95.745685	  95.52196	 95.299994	 95.079889	 94.861743	 94.645654	 94.431714	 94.220014	  94.01064	 93.803675	   93.5992	  93.39729	 93.198019	 93.001455	 92.807664	 92.616707	 92.428641	  92.24352	 92.061394	 91.882309	 91.706306	 91.533424	 91.363696	 91.197152	 91.033819	 90.873719	 90.716871	 90.563289	 90.412984	 90.265964	 90.122232	  89.98179	 89.844633	 89.710756	 89.580149	 89.452798	 89.328689	 89.207801	 89.090114	 88.975603	  88.86424	 88.755997	  88.65084	 88.548737	 88.449649	 88.353539	 88.260367	 88.170089	 88.082663	 87.998042	 87.916179	 87.837026	 87.760535	 87.686653	  87.61533	 87.546513	  87.48015	 87.416185	 87.354565	 87.295236	 87.238141	 87.183227	 87.130436	 87.079714	 87.031006	 86.984255	 86.939408	 86.896408	 86.855202	 86.815735	 86.777955	 86.741807	  86.70724	 86.674201	  86.64264	 86.612507	 86.583752	 86.556326	 86.530182	 86.505273	 86.481553	 86.458977	 86.437501	 86.417083	  86.39768	 86.379252	 86.361758	 86.345161	 86.329423	 86.314506	 86.300376	 86.286999	 86.274339	 86.262366	 86.251049	 86.240356	 86.230258	 86.220729	 86.211739	 86.203264	 86.195278	 86.187756	 86.180675	 86.174014	  86.16775	 86.161863	 86.156333	 86.151141	 86.146269	   86.1417	 86.137417	 86.133405	 86.129647	 86.126131	 86.122841	 86.119766	 86.116892	 86.114208	 86.111703	 86.109366	 86.107186	 86.105155	 86.103263	 86.101502	 86.099863	 86.098338	 86.096921	 86.095605	 86.094383	 86.093248	 86.092196	  86.09122	 86.090316	 86.089479	 86.088704	 86.087987	 86.087324	 86.086711	 86.086146	 86.085623	 86.085141	 86.084696	 86.084287	 86.083909	 86.083561	 86.083241	 86.082947	 86.082677	 86.082428	   86.0822	  86.08199	 86.081798	 86.081622	 86.081461	 86.081313	 86.081177	 86.081054	  86.08094	 86.080837	 86.080743	 86.080657	 86.080578	 86.080507	 86.080442	 86.080382	 86.080329	  86.08028	 86.080235	 86.080195	 86.080159	 86.080127	 86.080097	 86.080071	 86.080047	 86.080026	 86.080007	 86.079991	 86.079976	 86.079964	 86.079953	 86.079944	 86.079937	 86.079931	 86.079927	 86.079924	 86.079922	
        99	 98.737732	 98.475602	 98.213747	 97.952306	 97.691414	 97.431208	 97.171821	 96.913389	 96.656041	  96.39991	 96.145123	 95.891806	 95.640083	 95.390076	 95.141904	 94.895683	 94.651526	 94.409543	 94.169841	 93.932524	  93.69769	 93.465437	 93.235857	 93.009038	 92.785065	 92.564019	 92.345976	 92.131009	 91.919185	 91.710569	 91.505219	 91.303192	 91.104538	 90.909303	 90.717529	 90.529254	 90.344512	 90.163331	 89.985736	 89.811748	 89.641384	 89.474655	 89.311569	 89.152132	 88.996343	 88.844199	 88.695693	 88.550813	 88.409547	 88.271875	 88.137778	 88.007231	 87.880207	 87.756675	 87.636603	 87.519956	 87.406695	  87.29678	 87.190168	 87.086815	 86.986672	 86.889692	 86.795824	 86.705016	 86.617215	 86.532365	  86.45041	 86.371293	 86.294956	 86.221341	 86.150387	 86.082034	 86.016221	 85.952888	 85.891972	 85.833413	 85.777149	 85.723118	 85.671259	  85.62151	 85.573812	 85.528103	 85.484324	 85.442415	 85.402317	 85.363973	 85.327324	 85.292314	 85.258888	 85.226991	 85.196568	 85.167567	 85.139936	 85.113624	 85.088581	 85.064759	 85.042109	 85.020586	 85.000144	  84.98074	 84.962329	 84.944871	 84.928324	  84.91265	 84.897811	 84.883768	 84.870487	 84.857932	 84.846071	  84.83487	 84.824299	 84.814327	 84.804926	 84.796067	 84.787723	 84.779869	  84.77248	 84.765532	 84.759001	 84.752867	 84.747108	 84.741704	 84.736635	 84.731884	 84.727433	 84.723265	 84.719364	 84.715715	 84.712304	 84.709116	 84.706139	  84.70336	 84.700767	  84.69835	 84.696097	 84.693998	 84.692044	 84.690226	 84.688535	 84.686963	 84.685503	 84.684147	 84.682888	 84.681721	 84.680639	 84.679636	 84.678707	 84.677848	 84.677052	 84.676317	 84.675637	  84.67501	  84.67443	 84.673895	 84.673402	 84.672948	 84.672529	 84.672143	 84.671788	 84.671462	 84.671162	 84.670886	 84.670633	   84.6704	 84.670187	 84.669992	 84.669813	 84.669649	 84.669499	 84.669361	 84.669236	 84.669121	 84.669017	 84.668921	 84.668834	 84.668755	 84.668682	 84.668617	 84.668557	 84.668503	 84.668454	 84.668409	 84.668369	 84.668333	   84.6683	 84.668271	 84.668245	 84.668221	 84.668201	 84.668182	 84.668166	 84.668153	 84.668141	 84.668131	 84.668123	 84.668116	 84.668111	 84.668108	 84.668107	
        99	 98.712032	 98.424215	 98.136701	  97.84964	 97.563183	 97.277479	 96.992675	 96.708918	 96.426353	 96.145123	 95.865368	 95.587228	 95.310839	 95.036334	 94.763843	 94.493494	 94.225412	 93.959717	 93.696526	 93.435953	 93.178108	 92.923096	 92.671018	 92.421973	 92.176053	 91.933346	 91.693937	 91.457904	 91.225324	 90.996265	 90.770793	 90.548969	 90.330848	 90.116481	 89.905915	 89.699191	 89.496345	  89.29741	 89.102413	 88.911376	 88.724317	  88.54125	 88.362183	 88.187122	 88.016067	 87.849014	 87.685956	 87.526879	  87.37177	 87.220608	  87.07337	  86.93003	 86.790559	 86.654922	 86.523085	 86.395007	 86.270647	 86.149962	 86.032903	 85.919421	 85.809465	 85.702982	 85.599916	  85.50021	 85.403804	 85.310639	 85.220654	 85.133784	 85.049967	 84.969138	 84.891231	  84.81618	 84.743918	 84.674378	 84.607494	 84.543196	 84.481419	 84.422093	 84.365152	 84.310529	 84.258157	 84.207969	   84.1599	 84.113884	 84.069857	 84.027755	 83.987515	 83.949075	 83.912373	  83.87735	 83.843946	 83.812103	 83.781764	 83.752874	 83.725377	  83.69922	 83.674351	 83.650719	 83.628274	 83.606968	 83.586753	 83.567584	 83.549416	 83.532206	 83.515913	 83.500494	 83.485911	 83.472126	 83.459103	 83.446805	 83.435198	 83.424249	 83.413926	 83.404199	 83.395038	 83.386414	 83.378301	 83.370671	 83.363501	 83.356766	 83.350442	 83.344508	 83.338943	 83.333727	 83.328839	 83.324263	  83.31998	 83.315973	 83.312228	 83.308728	 83.305459	 83.302407	 83.299561	 83.296906	 83.294432	 83.292128	 83.289982	 83.287986	  83.28613	 83.284404	   83.2828	 83.281311	  83.27993	 83.278648	  83.27746	 83.276359	 83.275339	 83.274395	 83.273522	 83.272715	 83.271968	 83.271279	 83.270643	 83.270056	 83.269514	 83.269015	 83.268555	 83.268132	 83.267742	 83.267384	 83.267054	 83.266751	 83.266473	 83.266218	 83.265984	 83.265769	 83.265573	 83.265393	 83.265228	 83.265077	 83.264939	 83.264814	 83.264699	 83.264594	 83.264498	 83.264411	 83.264332	  83.26426	 83.264194	 83.264135	 83.264081	 83.264032	 83.263988	 83.263948	 83.263912	  83.26388	 83.263851	 83.263826	 83.263803	 83.263783	 83.263765	  83.26375	 83.263737	 83.263726	 83.263717	  83.26371	 83.263705	 83.263701	 83.263699	
        99	  98.68648	 98.373125	 98.060099	 97.747567	 97.435693	 97.124637	 96.814562	 96.505627	  96.19799	 95.891806	 95.587228	 95.284409	 94.983495	 94.684632	 94.387963	 94.093626	 93.801756	 93.512486	 93.225942	 92.942248	 92.661524	 92.383884	  92.10944	 91.838296	 91.570555	 91.306313	  91.04566	 90.788685	 90.535467	 90.286083	 90.040605	 89.799098	 89.561622	 89.328235	 89.098985	 88.873918	 88.653074	 88.436487	 88.224187	 88.016199	 87.812542	 87.613231	 87.418276	 87.227682	 87.041449	 86.859573	 86.682046	 86.508854	 86.339982	 86.175407	 86.015105	 85.859046	 85.707199	 85.559527	 85.415992	 85.276549	 85.141155	 85.009761	 84.882315	 84.758764	 84.639052	 84.523121	 84.410909	 84.302356	 84.197396	 84.095965	 83.997994	 83.903417	 83.812163	 83.724161	 83.639341	 83.557631	 83.478957	 83.403247	 83.330428	 83.260425	 83.193166	 83.128576	 83.066583	 83.007113	 82.950094	 82.895453	 82.843118	 82.793019	 82.745086	 82.699248	 82.655437	 82.613586	 82.573628	 82.535497	  82.49913	 82.464461	 82.431431	 82.399977	  82.37004	 82.341562	 82.314487	 82.288758	 82.264321	 82.241124	 82.219116	 82.198246	 82.178466	 82.159729	 82.141989	 82.125203	 82.109326	 82.094318	 82.080139	 82.066749	 82.054112	 82.042192	 82.030953	 82.020363	 82.010389	    82.001	 81.992167	 81.983861	 81.976054	 81.968721	 81.961837	 81.955376	 81.949317	 81.943638	 81.938317	 81.933334	 81.928671	 81.924309	 81.920231	 81.916421	 81.912862	  81.90954	  81.90644	  81.90355	 81.900857	 81.898348	 81.896012	 81.893839	 81.891817	 81.889938	 81.888193	 81.886572	 81.885067	 81.883672	 81.882378	  81.88118	 81.880069	 81.879042	 81.878091	 81.877212	   81.8764	 81.875649	 81.874956	 81.874317	 81.873728	 81.873184	 81.872683	 81.872222	 81.871798	 81.871408	 81.871049	  81.87072	 81.870417	 81.870139	 81.869884	 81.869651	 81.869437	 81.869241	 81.869061	 81.868897	 81.868747	  81.86861	 81.868485	 81.868371	 81.868267	 81.868172	 81.868085	 81.868007	 81.867936	 81.867871	 81.867812	 81.867759	 81.867711	 81.867668	 81.867629	 81.867594	 81.867562	 81.867534	  81.86751	 81.867488	 81.867469	 81.867452	 81.867438	 81.867426	 81.867416	 81.867408	 81.867403	 81.867399	 81.867397	
        99	 98.661089	 98.322356	  97.98398	 97.646137	 97.309004	 96.972758	 96.637571	 96.303616	 95.971064	 95.640083	 95.310839	 94.983495	 94.658211	 94.335145	 94.014449	 93.696275	 93.380767	  93.06807	 92.758319	  92.45165	 92.148191	 91.848066	 91.551395	 91.258293	 90.968868	 90.683226	 90.401464	 90.123677	 89.849951	 89.580371	 89.315012	 89.053946	 88.797239	  88.54495	 88.297134	 88.053839	 87.815109	 87.580982	 87.351489	 87.126656	 86.906506	 86.691053	 86.480309	  86.27428	 86.072964	 85.876359	 85.684454	 85.497237	 85.314688	 85.136785	   84.9635	 84.794803	 84.630658	 84.471027	 84.315867	 84.165131	 84.018772	 83.876737	 83.738969	 83.605412	 83.476005	 83.350685	 83.229386	 83.112041	 82.998581	 82.888935	  82.78303	 82.680793	 82.582149	  82.48702	 82.395331	 82.307003	 82.221958	 82.140117	   82.0614	 81.985728	 81.913021	 81.843201	 81.776187	 81.711901	 81.650264	 81.591197	 81.534624	 81.480468	 81.428653	 81.379103	 81.331744	 81.286504	 81.243309	  81.20209	 81.162777	 81.125301	 81.089596	 81.055594	 81.023233	 80.992449	 80.963181	 80.935368	 80.908952	 80.883877	 80.860086	 80.837526	 80.816144	  80.79589	 80.776713	 80.758567	 80.741405	 80.725181	 80.709854	  80.69538	  80.68172	 80.668834	 80.656685	 80.645237	 80.634455	 80.624306	 80.614757	 80.605778	  80.59734	 80.589413	 80.581971	 80.574987	 80.568438	 80.562298	 80.556546	  80.55116	 80.546119	 80.541404	 80.536996	 80.532877	  80.52903	 80.525438	 80.522088	 80.518964	 80.516052	  80.51334	 80.510815	 80.508466	 80.506281	  80.50425	 80.502363	  80.50061	 80.498984	 80.497476	 80.496077	 80.494782	 80.493582	 80.492471	 80.491443	 80.490493	 80.489614	 80.488803	 80.488054	 80.487363	 80.486726	 80.486138	 80.485597	 80.485099	  80.48464	 80.484219	 80.483831	 80.483475	 80.483147	 80.482847	 80.482572	 80.482319	 80.482088	 80.481876	 80.481682	 80.481504	 80.481342	 80.481194	 80.481059	 80.480935	 80.480823	  80.48072	 80.480627	 80.480542	 80.480465	 80.480395	 80.480332	 80.480274	 80.480222	 80.480175	 80.480133	 80.480095	 80.480062	 80.480031	 80.480004	 80.479981	  80.47996	 80.479942	 80.479927	 80.479914	 80.479903	 80.479895	 80.479889	 80.479885	 80.479883	
        99	 98.635871	 98.271934	 97.908379	 97.545398	  97.18318	 96.821913	 96.461786	 96.102982	 95.745685	 95.390076	 95.036334	 94.684632	 94.335145	 93.988039	 93.643481	 93.301632	 92.962648	 92.626683	 92.293885	 91.964396	 91.638357	 91.315901	 90.997155	 90.682243	 90.371283	 90.064386	 89.761659	 89.463202	 89.169109	 88.879469	 88.594366	 88.313874	 88.038065	 87.767004	 87.500748	 87.239351	 86.982857	 86.731309	 86.484739	 86.243177	 86.006646	 85.775162	 85.548737	 85.327376	 85.111081	 84.899847	 84.693663	 84.492515	 84.296383	 84.105242	 83.919063	 83.737814	 83.561455	 83.389946	 83.223241	 83.061289	  82.90404	 82.751436	 82.603417	 82.459923	 82.320886	 82.186241	 82.055916	  81.92984	 81.807937	 81.690133	 81.576348	 81.466504	 81.360519	 81.258312	 81.159801	 81.064901	 80.973527	 80.885596	 80.801022	  80.71972	 80.641603	 80.566587	 80.494587	 80.425517	 80.359294	 80.295832	  80.23505	 80.176864	 80.121193	 80.067956	 80.017074	 79.968467	 79.922059	 79.877773	 79.835534	  79.79527	 79.756907	 79.720376	 79.685607	 79.652532	 79.621086	 79.591204	 79.562823	 79.535881	  79.51032	 79.486082	 79.463109	 79.441347	 79.420744	 79.401247	 79.382808	 79.365378	 79.348909	 79.333359	 79.318682	 79.304837	 79.291784	 79.279485	 79.267901	 79.256996	 79.246737	  79.23709	 79.228023	 79.219507	 79.211511	 79.204008	 79.196971	 79.190374	 79.184194	 79.178408	 79.172992	 79.167926	 79.163189	 79.158764	  79.15463	 79.150772	 79.147172	 79.143816	 79.140688	 79.137774	 79.135061	 79.132537	 79.130189	 79.128007	 79.125979	 79.124097	 79.122349	 79.120729	 79.119226	 79.117834	 79.116545	 79.115351	 79.114247	 79.113226	 79.112282	 79.111411	 79.110606	 79.109864	 79.109179	 79.108548	 79.107966	 79.107431	 79.106938	 79.106485	 79.106068	 79.105686	 79.105334	 79.105011	 79.104715	 79.104444	 79.104195	 79.103968	 79.103759	 79.103569	 79.103395	 79.103235	  79.10309	 79.102957	 79.102837	 79.102726	 79.102626	 79.102535	 79.102452	 79.102377	 79.102309	 79.102247	 79.102191	 79.102141	 79.102096	 79.102055	 79.102019	 79.101986	 79.101957	 79.101932	  79.10191	  79.10189	 79.101874	  79.10186	 79.101849	  79.10184	 79.101833	 79.101829	 79.101827	
        99	 98.610838	 98.221881	 97.833333	 97.445398	 97.058279	 96.672176	 96.287291	  95.90382	  95.52196	 95.141904	 94.763843	 94.387963	 94.014449	 93.643481	 93.275236	 92.909885	 92.547597	 92.188536	 91.832858	 91.480719	 91.132265	 90.787641	 90.446982	 90.110421	 89.778083	 89.450088	 89.126549	 88.807574	 88.493263	 88.183712	 87.879008	 87.579233	 87.284464	 86.994768	 86.710208	 86.430839	 86.156713	 85.887871	 85.624351	 85.366182	  85.11339	 84.865992	 84.624001	 84.387422	 84.156258	 83.930502	 83.710143	 83.495167	 83.285551	  83.08127	 82.882292	 82.688582	 82.500099	 82.316799	 82.138633	 81.965549	 81.797489	 81.634393	 81.476199	 81.322839	 81.174245	 81.030343	 80.891059	 80.756315	 80.626032	 80.500129	 80.378522	 80.261126	 80.147855	 80.038622	 79.933338	 79.831914	 79.734259	 79.640283	 79.549894	 79.463002	 79.379516	 79.299343	 79.222393	 79.148575	 79.077798	 79.009974	 78.945013	 78.882827	 78.823329	 78.766432	 78.712051	 78.660103	 78.610505	 78.563174	 78.518032	 78.474999	    78.434	 78.394957	 78.357797	 78.322449	 78.288841	 78.256904	 78.226572	 78.197779	  78.17046	 78.144555	 78.120003	 78.096746	 78.074726	 78.053889	 78.034182	 78.015553	 77.997953	 77.981333	 77.965647	 77.950851	 77.936901	 77.923755	 77.911375	 77.899721	 77.888756	 77.878446	 77.868756	 77.859654	 77.851108	 77.843089	 77.835569	 77.828519	 77.821914	  77.81573	 77.809942	 77.804527	 77.799465	 77.794735	 77.790318	 77.786194	 77.782347	  77.77876	 77.775417	 77.772302	 77.769403	 77.766705	 77.764196	 77.761864	 77.759697	 77.757685	 77.755818	 77.754086	  77.75248	 77.750992	 77.749614	 77.748338	 77.747158	 77.746067	 77.745059	 77.744127	 77.743267	 77.742474	 77.741742	 77.741067	 77.740446	 77.739874	 77.739347	 77.738863	 77.738417	 77.738008	 77.737633	 77.737288	 77.736971	 77.736681	 77.736416	 77.736172	  77.73595	 77.735746	  77.73556	  77.73539	 77.735234	 77.735092	 77.734963	 77.734846	 77.734738	 77.734641	 77.734552	 77.734472	 77.734399	 77.734333	 77.734274	  77.73422	 77.734171	 77.734128	 77.734089	 77.734054	 77.734024	 77.733997	 77.733973	 77.733952	 77.733935	  77.73392	 77.733908	 77.733898	 77.733891	 77.733886	 77.733884	
        99	 98.586002	 98.172222	 97.758877	 97.346185	 96.934359	 96.523616	 96.114167	 95.706224	 95.299994	 94.895683	 94.493494	 94.093626	 93.696275	 93.301632	 92.909885	 92.521218	 92.135809	 91.753833	 91.375456	 91.000843	 90.630152	 90.263534	 89.901134	 89.543094	 89.189547	 88.840619	 88.496432	   88.1571	  87.82273	 87.493424	 87.169274	 86.850368	 86.536786	 86.228602	 85.925881	 85.628684	 85.337063	 85.051064	 84.770726	 84.496081	 84.227156	 83.963969	 83.706534	 83.454858	  83.20894	 82.968776	 82.734355	 82.505659	 82.282666	 82.065347	 81.853671	 81.647598	 81.447087	 81.252089	 81.062552	 80.878421	 80.699636	 80.526132	 80.357842	 80.194695	 80.036617	 79.883532	 79.735358	 79.592015	 79.453418	  79.31948	 79.190111	 79.065224	 78.944724	  78.82852	 78.716517	 78.608619	 78.504732	 78.404759	 78.308602	 78.216164	  78.12735	  78.04206	 77.960199	  77.88167	 77.806377	 77.734224	 77.665118	 77.598963	 77.535667	 77.475139	 77.417288	 77.362025	 77.309261	  77.25891	 77.210887	 77.165108	 77.121491	 77.079957	 77.040426	 77.002822	 76.967069	 76.933094	 76.900826	 76.870195	 76.841133	 76.813575	 76.787456	 76.762714	 76.739289	 76.717122	 76.696158	  76.67634	 76.657616	 76.639936	 76.623249	 76.607509	 76.592668	 76.578684	 76.565513	 76.553115	 76.541451	 76.530483	 76.520175	 76.510491	   76.5014	  76.49287	 76.484869	  76.47737	 76.470343	 76.463764	 76.457606	 76.451847	 76.446462	  76.44143	  76.43673	 76.432343	 76.428251	 76.424435	 76.420878	 76.417565	 76.414481	 76.411611	 76.408941	  76.40646	 76.404155	 76.402015	 76.400028	 76.398186	 76.396477	 76.394895	 76.393429	 76.392072	 76.390816	 76.389655	 76.388583	 76.387592	 76.386677	 76.385833	 76.385054	 76.384336	 76.383675	 76.383067	 76.382506	 76.381991	 76.381518	 76.381082	 76.380683	 76.380316	 76.379979	 76.379671	 76.379388	 76.379129	 76.378892	 76.378676	 76.378477	 76.378296	 76.378131	  76.37798	 76.377843	 76.377718	 76.377604	   76.3775	 76.377406	  76.37732	 76.377243	 76.377173	 76.377109	 76.377052	 76.377001	 76.376954	 76.376913	 76.376876	 76.376843	 76.376815	 76.376789	 76.376767	 76.376749	 76.376733	  76.37672	  76.37671	 76.376702	 76.376697	 76.376695	
        99	 98.561374	  98.12298	 97.685046	 97.247803	 96.811479	 96.376301	 95.942495	 95.510284	 95.079889	 94.651526	 94.225412	 93.801756	 93.380767	 92.962648	 92.547597	 92.135809	 91.727474	 91.322774	 90.921888	 90.524991	 90.132248	  89.74382	 89.359862	 88.980523	 88.605944	  88.23626	 87.871598	 87.512079	 87.157819	 86.808922	 86.465489	 86.127612	 85.795376	 85.468859	  85.14813	 84.833253	 84.524284	 84.221272	 83.924257	 83.633274	 83.348351	 83.069508	 82.796759	 82.530111	 82.269564	 82.015113	 81.766747	 81.524446	 81.288187	 81.057941	 80.833673	 80.615341	 80.402902	 80.196304	 79.995492	 79.800408	 79.610987	 79.427161	  79.24886	 79.076008	 78.908526	 78.746334	 78.589346	 78.437476	 78.290634	 78.148728	 78.011664	 77.879347	 77.751679	 77.628562	 77.509896	  77.39558	 77.285513	 77.179592	 77.077715	 76.979779	  76.88568	 76.795317	 76.708587	 76.625386	 76.545614	 76.469169	 76.395951	 76.325861	   76.2588	 76.194672	 76.133379	 76.074828	 76.018925	 75.965579	 75.914699	 75.866197	 75.819986	 75.775981	 75.734098	 75.694257	 75.656377	 75.620381	 75.586194	  75.55374	  75.52295	 75.493752	 75.466079	 75.439866	 75.415047	 75.391562	  75.36935	 75.348353	 75.328516	 75.309784	 75.292104	 75.275427	 75.259704	 75.244888	 75.230934	 75.217798	  75.20544	  75.19382	 75.182898	 75.172639	 75.163007	 75.153969	 75.145492	 75.137547	 75.130102	 75.123132	 75.116608	 75.110505	   75.1048	 75.099469	  75.09449	 75.089842	 75.085506	 75.081463	 75.077694	 75.074184	 75.070917	 75.067876	 75.065048	 75.062419	 75.059977	 75.057709	 75.055605	 75.053652	 75.051842	 75.050165	 75.048612	 75.047174	 75.045844	 75.044614	 75.043478	 75.042428	 75.041459	 75.040564	 75.039739	 75.038979	 75.038279	 75.037634	  75.03704	 75.036494	 75.035993	 75.035531	 75.035108	 75.034719	 75.034363	 75.034036	 75.033736	 75.033462	 75.033211	 75.032982	 75.032772	  75.03258	 75.032405	 75.032245	 75.032099	 75.031967	 75.031846	 75.031736	 75.031636	 75.031546	 75.031464	 75.031389	 75.031322	 75.031262	 75.031207	 75.031158	 75.031114	 75.031075	  75.03104	  75.03101	 75.030983	  75.03096	  75.03094	 75.030923	  75.03091	 75.030899	 75.030891	 75.030886	 75.030883	
