Time step 70:
        99	        99	        99	        99	        99	        99	        99	        99	        99	        99	        99	        99	        99	        99	        99	        99	        99	        99	        99	        99	        99	        99	        99	        99	        99	        99	        99	        99	        99	        99	        99	        99	        99	        99	        99	        99	        99	        99	        99	        99	        99	        99	        99	        99	        99	        99	        99	        99	        99	        99	        99	        99	        99	        99	        99	        99	        99	        99	        99	        99	        99	        99	        99	        99	        99	        99	        99	        99	        99	        99	        99	        99	        99	        99	        99	        99	        99	        99	        99	        99	        99	        99	        99	        99	        99	        99	        99	        99	        99	        99	        99	        99	        99	        99	        99	        99	        99	        99	        99	        99	        99	        99	        99	        99	        99	        99	        99	        99	        99	        99	        99	        99	        99	        99	        99	        99	        99	        99	        99	        99	        99	        99	        99	        99	        99	        99	        99	        99	        99	        99	        99	        99	        99	        99	        99	        99	        99	        99	        99	        99	        99	        99	        99	        99	        99	        99	        99	        99	        99	        99	        99	        99	        99	        99	        99	        99	        99	        99	        99	        99	        99	        99	        99	        99	        99	        99	        99	        99	        99	        99	        99	        99	        99	        99	        99	        99	        99	        99	        99	        99	        99	        99	        99	        99	        99	        99	        99	        99	        99	        99	        99	        99	        99	        99	        99	        99	        99	        99	        99	        99	
        99	 98.990929	  98.98186	 98.972794	 98.963733	 98.954678	 98.945632	 98.936595	  98.92757	 98.918557	  98.90956	 98.900578	 98.891615	 98.882671	 98.873747	 98.864847	  98.85597	 98.847119	 98.838295	 98.829499	 98.820734	    98.812	   98.8033	 98.794633	 98.786003	  98.77741	 98.768855	 98.760341	 98.751868	 98.743438	 98.735051	  98.72671	 98.718415	 98.710169	 98.701971	 98.693823	 98.685726	 98.677682	 98.669692	 98.661756	 98.653875	 98.646052	 98.638286	 98.630578	  98.62293	 98.615343	 98.607817	 98.600353	 98.592952	 98.585615	 98.578343	 98.571136	 98.563994	  98.55692	 98.549913	 98.542974	 98.536103	 98.529301	 98.522569	 98.515907	 98.509316	 98.502796	 98.496346	 98.489969	 98.483664	 98.477431	 98.471271	 98.465184	  98.45917	 98.453229	 98.447362	 98.441568	 98.435848	 98.430202	  98.42463	 98.419132	 98.413708	 98.408358	 98.403081	 98.397878	 98.392749	 98.387694	 98.382712	 98.377803	 98.372967	 98.368204	 98.363514	 98.358895	 98.354349	 98.349875	 98.345472	  98.34114	 98.336878	 98.332687	 98.328566	 98.324514	 98.320531	 98.316617	  98.31277	 98.308992	  98.30528	 98.301635	 98.298056	 98.294542	 98.291093	 98.287709	 98.284389	 98.281131	 98.277936	 98.274803	 98.271732	 98.268721	  98.26577	 98.262878	 98.260046	 98.257271	 98.254554	 98.251893	 98.249289	  98.24674	 98.244245	 98.241805	 98.239418	 98.237083	 98.234801	 98.232569	 98.230388	 98.228257	 98.226175	 98.224141	 98.222155	 98.220216	 98.218323	 98.216476	 98.214673	 98.212915	 98.211201	 98.209529	 98.207899	 98.206311	 98.204763	 98.203256	 98.201788	 98.200359	 98.198967	 98.197614	 98.196297	 98.195017	 98.193772	 98.192562	 98.191386	 98.190245	 98.189136	  98.18806	 98.187016	 98.186004	 98.185022	 98.184071	  98.18315	 98.182258	 98.181395	  98.18056	 98.179753	 98.178973	  98.17822	 98.177493	 98.176792	 98.176117	 98.175467	 98.174841	  98.17424	 98.173662	 98.173108	 98.172577	 98.172069	 98.171583	 98.171119	 98.170677	 98.170257	 98.169857	 98.169479	 98.169121	 98.168783	 98.168465	 98.168168	  98.16789	 98.167631	 98.167392	 98.167171	  98.16697	 98.166788	 98.166624	 98.166478	 98.166351	 98.166243	 98.166152	  98.16608	 98.166026	  98.16599	 98.165972	
        99	  98.98186	 98.963723	 98.945592	 98.927472	 98.909364	 98.891273	 98.873201	 98.855152	  98.83713	 98.819136	 98.801175	 98.783249	 98.765362	 98.747518	 98.729718	 98.711966	 98.694265	 98.676619	  98.65903	   98.6415	 98.624035	 98.606635	 98.589304	 98.572044	  98.55486	 98.537752	 98.520725	 98.503781	 98.486921	  98.47015	 98.453469	 98.436882	  98.42039	 98.403995	 98.387701	  98.37151	 98.355423	 98.339443	 98.323573	 98.307813	 98.292167	 98.276637	 98.261223	 98.245929	 98.230755	 98.215705	 98.200778	 98.185978	 98.171305	 98.156762	 98.142349	 98.128068	  98.11392	 98.099907	  98.08603	  98.07229	 98.058688	 98.045225	 98.031902	  98.01872	 98.005681	 97.992784	  97.98003	 97.967421	 97.954956	 97.942637	 97.930464	 97.918437	 97.906556	 97.894823	 97.883237	 97.871798	 97.860507	 97.849364	 97.838369	 97.827521	 97.816822	  97.80627	 97.795865	 97.785608	 97.775498	 97.765535	 97.755718	 97.746047	 97.736522	 97.727142	 97.717907	 97.708815	 97.699867	 97.691062	 97.682398	 97.673876	 97.665494	 97.657253	  97.64915	 97.641184	 97.633356	 97.625665	 97.618108	 97.610685	 97.603396	 97.596238	 97.589212	 97.582315	 97.575547	 97.568906	 97.562392	 97.556003	 97.549737	 97.543595	 97.537573	 97.531672	  97.52589	 97.520225	 97.514676	 97.509242	 97.503921	 97.498713	 97.493615	 97.488627	 97.483746	 97.478973	 97.474304	 97.469739	 97.465277	 97.460915	 97.456653	 97.452489	 97.448422	  97.44445	 97.440572	 97.436787	 97.433093	 97.429489	 97.425972	 97.422543	   97.4192	 97.415941	 97.412764	  97.40967	 97.406655	 97.403719	 97.400861	 97.398079	 97.395373	 97.392739	 97.390179	 97.387689	  97.38527	 97.382919	 97.380636	 97.378419	 97.376267	 97.374179	 97.372155	 97.370192	  97.36829	 97.366447	 97.364663	 97.362937	 97.361267	 97.359653	 97.358093	 97.356587	 97.355134	 97.353733	 97.352382	 97.351082	 97.349831	 97.348628	 97.347474	 97.346366	 97.345304	 97.344287	 97.343316	 97.342388	 97.341504	 97.340663	 97.339864	 97.339107	 97.338391	 97.337716	 97.337081	 97.336485	 97.335929	 97.335412	 97.334933	 97.334493	  97.33409	 97.333725	 97.333398	 97.333107	 97.332853	 97.332636	 97.332455	  97.33231	 97.332202	  97.33213	 97.332094	
        99	 98.972794	 98.945592	 98.918401	 98.891224	 98.864067	 98.836934	  98.80983	 98.782761	 98.755731	 98.728745	 98.701807	 98.674923	 98.648097	 98.621333	 98.594637	 98.568014	 98.541467	 98.515001	 98.488621	 98.462332	 98.436137	 98.410041	 98.384048	 98.358163	  98.33239	 98.306733	 98.281196	 98.255783	 98.230498	 98.205345	 98.180327	  98.15545	 98.130715	 98.106127	  98.08169	 98.057406	  98.03328	 98.009314	 97.985511	 97.961876	 97.938411	 97.915118	 97.892001	 97.869063	 97.846307	 97.823734	 97.801348	  97.77915	 97.757145	 97.735333	 97.713716	 97.692298	  97.67108	 97.650063	 97.629251	 97.608644	 97.588244	 97.568052	 97.548071	 97.528302	 97.508745	 97.489403	 97.470275	 97.451364	  97.43267	 97.414194	 97.395937	 97.377899	 97.360081	 97.342483	 97.325107	 97.307952	 97.291018	 97.274306	 97.257815	 97.241546	 97.225499	 97.209674	 97.194069	 97.178686	 97.163523	 97.148581	 97.133858	 97.119354	 97.105068	    97.091	 97.077149	 97.063514	 97.050094	 97.036887	 97.023894	 97.011113	 96.998543	 96.986182	 96.974029	 96.962083	 96.950343	 96.938807	 96.927473	 96.916341	 96.905408	 96.894674	 96.884135	 96.873792	 96.863641	 96.853682	 96.843912	 96.834329	 96.824933	  96.81572	  96.80669	 96.797839	 96.789167	 96.780671	 96.772349	 96.764199	 96.756219	 96.748408	 96.740762	 96.733281	 96.725961	 96.718802	   96.7118	 96.704954	 96.698261	 96.691719	 96.685327	 96.679083	 96.672983	 96.667026	  96.66121	 96.655533	 96.649993	 96.644587	 96.639314	 96.634171	 96.629156	 96.624268	 96.619504	 96.614863	 96.610342	 96.605939	 96.601652	  96.59748	 96.593421	 96.589471	 96.585631	 96.581897	 96.578268	 96.574743	 96.571318	 96.567994	 96.564767	 96.561636	 96.558599	 96.555655	 96.552802	 96.550039	 96.547364	 96.544774	  96.54227	 96.539849	  96.53751	 96.535252	 96.533072	  96.53097	 96.528945	 96.526995	 96.525119	 96.523315	 96.521583	 96.519921	 96.518329	 96.516804	 96.515347	 96.513956	  96.51263	 96.511369	 96.510171	 96.509035	 96.507961	 96.506948	 96.505996	 96.505103	 96.504269	 96.503493	 96.502776	 96.502115	 96.501511	 96.500964	 96.500472	 96.500036	 96.499655	 96.499329	 96.499058	 96.498841	 96.498679	 96.498571	 96.498517	
        99	 98.963733	 98.927472	 98.891224	 98.854996	 98.818794	 98.782624	 98.746494	 98.710409	 98.674377	 98.638402	 98.602493	 98.566655	 98.530894	 98.495217	  98.45963	 98.424139	 98.388751	 98.353471	 98.318305	  98.28326	  98.24834	 98.213553	 98.178904	 98.144398	 98.110041	 98.075838	 98.041796	 98.007919	 97.974213	 97.940682	 97.907333	  97.87417	 97.841197	  97.80842	 97.775844	 97.743472	 97.711311	 97.679363	 97.647633	 97.616126	 97.584845	 97.553795	 97.522979	 97.492402	 97.462066	 97.431975	 97.402133	 97.372543	 97.343208	 97.314131	 97.285316	 97.256764	 97.228479	 97.200463	 97.172719	 97.145248	 97.118054	 97.091138	 97.064502	 97.038149	 97.012079	 96.986294	 96.960796	 96.935587	 96.910666	 96.886037	 96.861699	 96.837653	 96.813901	 96.790443	 96.767279	  96.74441	 96.721836	 96.699558	 96.677575	 96.655888	 96.634497	 96.613401	 96.592599	 96.572092	  96.55188	  96.53196	 96.512334	 96.492999	 96.473956	 96.455202	 96.436738	 96.418561	 96.400672	 96.383067	 96.365747	 96.348709	 96.331951	 96.315474	 96.299273	 96.283349	 96.267699	  96.25232	 96.237212	 96.222372	 96.207799	 96.193489	 96.179441	 96.165652	 96.152121	 96.138844	  96.12582	 96.113047	 96.100521	  96.08824	 96.076202	 96.064403	 96.052843	 96.041517	 96.030423	 96.019559	 96.008922	 95.998509	 95.988317	 95.978344	 95.968587	 95.959042	 95.949708	 95.940582	  95.93166	  95.92294	 95.914419	 95.906094	 95.897963	 95.890022	  95.88227	 95.874702	 95.867316	  95.86011	  95.85308	 95.846225	  95.83954	 95.833024	 95.826674	 95.820486	 95.814459	  95.80859	 95.802876	 95.797314	 95.791902	 95.786638	 95.781518	 95.776541	 95.771704	 95.767004	 95.762439	 95.758007	 95.753705	 95.749531	 95.745483	 95.741559	 95.737756	 95.734073	 95.730506	 95.727055	 95.723716	 95.720489	 95.717371	  95.71436	 95.711455	 95.708653	 95.705953	 95.703354	 95.700852	 95.698448	 95.696139	 95.693924	 95.691801	 95.689769	 95.687826	 95.685972	 95.684205	 95.682523	 95.680926	 95.679412	 95.677981	 95.676631	 95.675361	  95.67417	 95.673059	 95.672025	 95.671068	 95.670187	 95.669382	 95.668652	 95.667997	 95.667416	 95.666908	 95.666474	 95.666112	 95.665823	 95.665607	 95.665462	  95.66539	
        99	 98.954678	 98.909364	 98.864067	 98.818794	 98.773553	 98.728354	 98.683203	 98.638109	 98.593081	 98.548125	 98.503251	 98.458465	 98.413776	 98.369192	  98.32472	 98.280369	 98.236145	 98.192057	 98.148112	 98.104317	 98.060679	 98.017207	 97.973907	 97.930786	 97.887852	  97.84511	 97.802569	 97.760234	 97.718113	 97.676211	 97.634536	 97.593093	 97.551888	 97.510928	 97.470219	 97.429765	 97.389574	  97.34965	 97.309998	 97.270625	 97.231535	 97.192733	 97.154223	 97.116012	 97.078102	 97.040499	 97.003206	 96.966229	  96.92957	 96.893234	 96.857224	 96.821544	 96.786198	 96.751187	 96.716516	 96.682187	 96.648204	 96.614568	 96.581282	 96.548349	  96.51577	 96.483548	 96.451684	 96.420181	 96.389039	 96.358261	 96.327846	 96.297798	 96.268115	   96.2388	 96.209853	 96.181275	 96.153065	 96.125225	 96.097754	 96.070653	 96.043921	 96.017557	 95.991563	 95.965936	 95.940677	 95.915785	 95.891258	 95.867096	 95.843299	 95.819863	 95.796789	 95.774074	 95.751718	 95.729719	 95.708074	 95.686782	 95.665841	 95.645249	 95.625005	 95.605104	 95.585547	 95.566329	 95.547449	 95.528904	 95.510692	  95.49281	 95.475254	 95.458023	 95.441114	 95.424523	 95.408247	 95.392284	 95.376631	 95.361284	  95.34624	 95.331497	  95.31705	 95.302896	 95.289033	 95.275456	 95.262163	 95.249151	 95.236414	 95.223951	 95.211758	 95.199831	 95.188166	 95.176761	 95.165612	 95.154715	 95.144067	 95.133664	 95.123502	 95.113579	 95.103891	 95.094433	 95.085204	 95.076199	 95.067414	 95.058847	 95.050493	  95.04235	 95.034415	 95.026683	 95.019151	 95.011816	 95.004676	 94.997725	 94.990962	 94.984384	 94.977986	 94.971766	 94.965721	 94.959848	 94.954143	 94.948605	 94.943229	 94.938013	 94.932954	  94.92805	 94.923298	 94.918695	 94.914238	 94.909925	 94.905753	  94.90172	 94.897823	 94.894061	  94.89043	 94.886929	 94.883555	 94.880306	 94.877181	 94.874176	  94.87129	 94.868522	 94.865869	  94.86333	 94.860902	 94.858585	 94.856377	 94.854275	 94.852279	 94.850387	 94.848599	 94.846911	 94.845325	 94.843837	 94.842448	 94.841156	  94.83996	  94.83886	 94.837854	 94.836942	 94.836123	 94.835396	 94.834762	 94.834219	 94.833767	 94.833406	 94.833135	 94.832955	 94.832865	
        99	 98.945632	 98.891273	 98.836934	 98.782624	 98.728354	 98.674132	 98.619969	 98.565875	 98.511858	 98.457929	 98.404098	 98.350373	 98.296764	 98.243281	 98.189932	 98.136728	 98.083677	 98.030789	 97.978072	 97.925535	 97.873188	 97.821038	 97.769095	 97.717367	 97.665863	  97.61459	 97.563557	 97.512773	 97.462244	 97.411978	 97.361984	 97.312269	  97.26284	 97.213704	 97.164869	 97.116341	 97.068127	 97.020234	 96.972668	 96.925436	 96.878543	 96.831996	   96.7858	 96.739961	 96.694484	 96.649376	 96.604639	 96.560281	 96.516305	 96.472716	 96.429519	 96.386717	 96.344315	 96.302316	 96.260725	 96.219544	 96.178777	 96.138427	 96.098498	 96.058991	 96.019909	 95.981255	 95.943032	  95.90524	 95.867882	  95.83096	 95.794475	 95.758429	 95.722822	 95.687655	  95.65293	 95.618648	 95.584807	  95.55141	 95.518456	 95.485945	 95.453877	 95.422251	 95.391068	 95.360326	 95.330025	 95.300165	 95.270742	 95.241758	  95.21321	 95.185097	 95.157417	 95.130168	  95.10335	 95.076959	 95.050994	 95.025452	 95.000331	 94.975629	 94.951344	 94.927471	  94.90401	 94.880956	 94.858308	 94.836062	 94.814214	 94.792762	 94.771703	 94.751032	 94.730747	 94.710845	 94.691321	 94.672172	 94.653394	 94.634984	 94.616937	  94.59925	  94.58192	 94.564941	 94.548311	 94.532024	 94.516078	 94.500468	 94.485189	 94.470239	 94.455611	 94.441304	 94.427311	 94.413629	 94.400255	 94.387183	 94.374409	 94.361929	  94.34974	 94.337836	 94.326214	 94.314869	 94.303797	 94.292994	 94.282456	 94.272179	 94.262158	  94.25239	  94.24287	 94.233595	  94.22456	 94.215761	 94.207195	 94.198857	 94.190745	 94.182853	 94.175178	 94.167717	 94.160465	 94.153419	 94.146576	 94.139932	 94.133483	 94.127226	 94.121158	 94.115275	 94.109574	 94.104052	 94.098705	 94.093531	 94.088527	 94.083689	 94.079014	 94.074501	 94.070146	 94.065946	 94.061898	 94.058001	 94.054251	 94.050647	 94.047186	 94.043865	 94.040682	 94.037636	 94.034724	 94.031944	 94.029295	 94.026774	 94.024379	  94.02211	 94.019964	  94.01794	 94.016037	 94.014253	 94.012586	 94.011036	 94.009601	 94.008281	 94.007075	  94.00598	 94.004998	 94.004127	 94.003366	 94.002714	 94.002172	 94.001739	 94.001415	 94.001198	  94.00109	
        99	 98.936595	 98.873201	  98.80983	 98.746494	 98.683203	 98.619969	 98.556804	 98.493718	 98.430724	 98.367831	 98.305052	 98.242397	 98.179878	 98.117505	  98.05529	 97.993243	 97.931374	 97.869695	 97.808216	 97.746947	 97.685899	 97.625081	 97.564505	 97.504179	 97.444114	  97.38432	 97.324805	 97.265579	 97.206651	 97.148031	 97.089728	 97.031749	 96.974104	 96.916802	 96.859849	 96.803256	 96.747028	 96.691175	 96.635703	  96.58062	 96.525933	 96.471649	 96.417775	 96.364317	 96.311282	 96.258675	 96.206504	 96.154772	 96.103487	 96.052653	 96.002276	  95.95236	  95.90291	 95.853931	 95.805426	 95.757401	 95.709858	 95.662802	 95.616235	 95.570162	 95.524585	 95.479506	 95.434929	 95.390856	 95.347289	  95.30423	 95.261681	 95.219643	 95.178118	 95.137106	  95.09661	 95.056629	 95.017164	 94.978216	 94.939784	 94.901869	 94.864471	 94.827589	 94.791223	 94.755372	 94.720034	  94.68521	 94.650898	 94.617096	 94.583803	 94.551017	 94.518736	 94.486959	 94.455683	 94.424905	 94.394624	 94.364837	 94.335541	 94.306734	 94.278411	 94.250571	  94.22321	 94.196325	 94.169912	 94.143968	 94.118489	 94.093472	 94.068912	 94.044806	  94.02115	 93.997939	  93.97517	 93.952838	 93.930939	 93.909469	 93.888423	 93.867796	 93.847585	 93.827785	  93.80839	 93.789397	   93.7708	 93.752595	 93.734777	 93.717341	 93.700283	 93.683597	 93.667279	 93.651323	 93.635725	 93.620481	 93.605584	  93.59103	 93.576814	 93.562932	 93.549378	 93.536147	 93.523235	 93.510637	 93.498347	 93.486362	 93.474675	 93.463284	 93.452181	 93.441364	 93.430828	 93.420567	 93.410577	 93.400853	 93.391392	 93.382189	 93.373238	 93.364537	  93.35608	 93.347863	 93.339882	 93.332134	 93.324613	 93.317316	 93.310239	 93.303379	  93.29673	  93.29029	 93.284055	 93.278021	 93.272185	 93.266543	 93.261091	 93.255828	 93.250748	  93.24585	  93.24113	 93.236585	 93.232212	 93.228009	 93.223972	 93.220099	 93.216388	 93.212835	 93.209439	 93.206198	 93.203108	 93.200168	 93.197375	 93.194729	 93.192226	 93.189866	 93.187646	 93.185565	 93.183622	 93.181814	 93.180141	 93.178602	 93.177194	 93.175918	 93.174773	 93.173756	 93.172869	 93.172109	 93.171477	 93.170972	 93.170594	 93.170341	 93.170215	
        99	  98.92757	 98.855152	 98.782761	 98.710409	 98.638109	 98.565875	 98.493718	 98.421653	 98.349691	 98.277847	 98.206131	 98.134558	  98.06314	 97.991889	 97.920817	 97.849938	 97.779263	 97.708804	 97.638574	 97.568584	 97.498846	 97.429372	 97.360173	  97.29126	 97.222646	 97.154339	 97.086353	 97.018697	 96.951381	 96.884417	 96.817815	 96.751583	 96.685733	 96.620274	 96.555215	 96.490565	 96.426334	 96.362531	 96.299163	 96.236239	 96.173768	 96.111757	 96.050214	 95.989147	 95.928563	 95.868468	  95.80887	 95.749775	  95.69119	 95.633121	 95.575572	 95.518551	 95.462062	 95.406111	 95.350703	 95.295841	 95.241531	 95.187776	 95.134582	  95.08195	 95.029885	  94.97839	 94.927468	 94.877121	 94.827353	 94.778165	 94.729559	 94.681537	 94.634101	 94.587252	 94.540991	 94.495319	 94.450237	 94.405745	 94.361843	 94.318531	 94.275809	 94.233678	 94.192135	  94.15118	 94.110813	 94.071032	 94.031836	 93.993222	  93.95519	 93.917737	 93.880862	 93.844561	 93.808833	 93.773675	 93.739083	 93.705056	  93.67159	 93.638682	 93.606328	 93.574525	  93.54327	 93.512558	 93.482385	 93.452748	 93.423642	 93.395064	 93.367008	 93.339471	 93.312447	 93.285933	 93.259923	 93.234412	 93.209396	 93.184869	 93.160828	 93.137265	 93.114177	 93.091558	 93.069403	 93.047706	 93.026462	 93.005666	 92.985312	 92.965394	 92.945908	 92.926847	 92.908205	 92.889979	 92.872161	 92.854746	 92.837729	 92.821103	 92.804864	 92.789006	 92.773522	 92.758408	 92.743658	 92.729267	 92.715228	 92.701536	 92.688186	 92.675173	 92.662491	 92.650134	 92.638097	 92.626376	 92.614964	 92.603857	 92.593049	 92.582535	  92.57231	  92.56237	  92.55271	 92.543323	 92.534207	 92.525355	 92.516764	 92.508429	 92.500344	 92.492507	 92.484912	 92.477555	 92.470433	  92.46354	 92.456873	 92.450428	   92.4442	 92.438188	 92.432385	  92.42679	 92.421398	 92.416206	 92.411211	 92.406409	 92.401798	 92.397373	 92.393134	 92.389076	 92.385196	 92.381493	 92.377963	 92.374605	 92.371415	 92.368392	 92.365533	 92.362837	 92.360301	 92.357924	 92.355704	 92.353639	 92.351728	 92.349969	 92.348361	 92.346904	 92.345595	 92.344434	  92.34342	 92.342552	  92.34183	 92.341253	 92.340821	 92.340533	 92.340389	
        99	 98.918557	  98.83713	 98.755731	 98.674377	 98.593081	 98.511858	 98.430724	 98.349691	 98.268776	 98.187992	 98.107353	 98.026875	  97.94657	 97.866453	 97.786539	  97.70684	 97.627371	 97.548146	 97.469177	 97.390479	 97.312063	 97.233945	 97.156136	 97.078648	 97.001496	 96.924691	 96.848245	 96.772171	  96.69648	 96.621183	 96.546294	 96.471821	 96.397778	 96.324174	  96.25102	 96.178326	 96.106103	 96.034361	 95.963108	 95.892355	 95.822111	 95.752384	 95.683184	 95.614518	 95.546396	 95.478824	  95.41181	 95.345362	 95.279488	 95.214193	 95.149484	 95.085368	  95.02185	 94.958938	 94.896635	 94.834947	 94.773879	 94.713436	 94.653622	 94.594442	 94.535899	 94.477997	 94.420738	 94.364127	 94.308166	 94.252858	 94.198204	 94.144207	 94.090869	 94.038191	 93.986174	 93.934819	 93.884127	 93.834099	 93.784735	 93.736034	 93.687997	 93.640622	 93.593911	  93.54786	  93.50247	 93.457739	 93.413666	 93.370248	 93.327484	 93.285371	 93.243907	  93.20309	 93.162916	 93.123383	 93.084488	 93.046227	 93.008597	 92.971594	 92.935214	 92.899455	  92.86431	 92.829776	 92.795849	 92.762525	 92.729798	 92.697663	 92.666117	 92.635153	 92.604767	 92.574953	 92.545707	 92.517022	 92.488893	 92.461315	 92.434282	 92.407788	 92.381827	 92.356394	 92.331482	 92.307085	 92.283198	 92.259814	 92.236927	 92.214531	  92.19262	 92.171187	 92.150227	 92.129732	 92.109697	 92.090116	 92.070981	 92.052287	 92.034027	 92.016195	 91.998786	 91.981791	 91.965206	 91.949023	 91.933238	 91.917843	 91.902832	 91.888199	 91.873939	 91.860044	  91.84651	  91.83333	 91.820498	 91.808009	 91.795856	 91.784034	 91.772538	 91.761361	 91.750498	 91.739944	 91.729693	  91.71974	  91.71008	 91.700707	 91.691617	 91.682805	 91.674265	 91.665993	 91.657984	 91.650233	 91.642736	 91.635489	 91.628487	 91.621726	 91.615202	  91.60891	 91.602848	  91.59701	 91.591393	 91.585994	 91.580809	 91.575834	 91.571067	 91.566504	 91.562142	 91.557977	 91.554009	 91.550232	 91.546646	 91.543246	 91.540032	    91.537	 91.534149	 91.531476	 91.528979	 91.526657	 91.524508	 91.522531	 91.520723	 91.519084	 91.517613	 91.516307	 91.515167	 91.514192	  91.51338	 91.512731	 91.512245	 91.511921	 91.511759	
        99	  98.90956	 98.819136	 98.728745	 98.638402	 98.548125	 98.457929	 98.367831	 98.277847	 98.187992	 98.098283	 98.008736	 97.919366	 97.830189	 97.741222	 97.652478	 97.563975	 97.475726	 97.387748	 97.300055	 97.212662	 97.125584	 97.038835	 96.952429	 96.866381	 96.780705	 96.695415	 96.610524	 96.526045	 96.441991	 96.358377	 96.275213	 96.192513	  96.11029	 96.028554	 95.947318	 95.866593	 95.786391	 95.706723	 95.627598	 95.549029	 95.471024	 95.393594	 95.316749	 95.240497	 95.164848	 95.089811	 95.015394	 94.941605	 94.868453	 94.795944	 94.724087	 94.652887	 94.582353	 94.512489	 94.443303	   94.3748	 94.306986	 94.239865	 94.173443	 94.107725	 94.042714	 93.978415	 93.914831	 93.851966	 93.789822	 93.728403	 93.667712	 93.607749	 93.548518	  93.49002	 93.432256	 93.375228	 93.318936	 93.263381	 93.208563	 93.154481	 93.101137	 93.048529	 92.996657	 92.945519	 92.895115	 92.845442	 92.796499	 92.748284	 92.700795	  92.65403	 92.607985	 92.562659	 92.518047	 92.474146	 92.430954	 92.388466	 92.346679	 92.305588	 92.265189	 92.225479	 92.186451	 92.148103	 92.110428	 92.073421	 92.037078	 92.001394	 91.966362	 91.931978	 91.898234	 91.865127	 91.832649	 91.800796	 91.769559	 91.738934	 91.708915	 91.679494	 91.650665	 91.622421	 91.594757	 91.567665	 91.541139	 91.515172	 91.489757	 91.464886	 91.440555	 91.416754	 91.393478	 91.370719	 91.348471	 91.326726	 91.305477	 91.284718	 91.264441	 91.244639	 91.225306	 91.206434	 91.188016	 91.170046	 91.152516	  91.13542	 91.118751	 91.102502	 91.086666	 91.071237	 91.056207	 91.041571	 91.027322	 91.013452	 90.999957	 90.986829	 90.974062	 90.961651	 90.949588	 90.937868	 90.926484	 90.915432	 90.904704	 90.894296	 90.884202	 90.874416	 90.864932	 90.855746	 90.846852	 90.838246	 90.829921	 90.821873	 90.814098	  90.80659	 90.799345	 90.792358	 90.785625	 90.779142	 90.772905	 90.766909	 90.761151	 90.755627	 90.750333	 90.745266	 90.740422	 90.735798	 90.731391	 90.727197	 90.723214	 90.719439	  90.71587	 90.712503	 90.709337	 90.706368	 90.703596	 90.701018	 90.698631	 90.696435	 90.694428	 90.692608	 90.690974	 90.689524	 90.688258	 90.687175	 90.686273	 90.685553	 90.685013	 90.684653	 90.684473	
        99	 98.900578	 98.801175	 98.701807	 98.602493	 98.503251	 98.404098	 98.305052	 98.206131	 98.107353	 98.008736	 97.910296	 97.812051	 97.714018	 97.616215	 97.518659	 97.421367	 97.324354	 97.227639	 97.131238	 97.035166	  96.93944	 96.844076	  96.74909	 96.654497	 96.560313	 96.466552	 96.373231	 96.280362	 96.187962	 96.096043	 96.004621	 95.913709	  95.82332	 95.733467	 95.644164	 95.555422	 95.467256	 95.379675	 95.292693	 95.206321	  95.12057	 95.035451	 94.950974	  94.86715	 94.783989	   94.7015	 94.619693	 94.538576	 94.458159	  94.37845	 94.299456	 94.221186	 94.143647	 94.066845	 93.990789	 93.915483	 93.840934	 93.767148	  93.69413	 93.621885	 93.550418	 93.479733	 93.409835	 93.340727	 93.272412	 93.204894	 93.138175	 93.072258	 93.007145	 92.942837	 92.879337	 92.816646	 92.754763	 92.693691	 92.633429	 92.573977	 92.515335	 92.457503	 92.400479	 92.344263	 92.288853	 92.234248	 92.180444	 92.127442	 92.075237	 92.023827	  91.97321	 91.923382	  91.87434	  91.82608	 91.778598	 91.731891	 91.685954	 91.640782	 91.596372	 91.552717	 91.509814	 91.467657	 91.426241	  91.38556	 91.345608	 91.306379	 91.267869	 91.230069	 91.192975	  91.15658	 91.120877	  91.08586	 91.051522	 91.017856	 90.984855	 90.952512	  90.92082	 90.889772	  90.85936	 90.829578	 90.800418	 90.771872	 90.743932	 90.716593	 90.689844	  90.66368	 90.638093	 90.613074	 90.588616	 90.564711	 90.541353	 90.518532	 90.496241	 90.474473	  90.45322	 90.432473	 90.412227	 90.392472	 90.373202	 90.354408	 90.336083	  90.31822	 90.300812	  90.28385	 90.267328	 90.251239	 90.235574	 90.220328	 90.205492	 90.191061	 90.177026	 90.163382	 90.150121	 90.137237	 90.124723	 90.112573	  90.10078	 90.089338	 90.078242	 90.067484	 90.057058	  90.04696	 90.037183	 90.027722	  90.01857	 90.009723	 90.001176	 89.992922	 89.984957	 89.977277	 89.969876	 89.962749	 89.955892	 89.949301	 89.942971	 89.936899	 89.931079	 89.925508	 89.920183	   89.9151	 89.910255	 89.905645	 89.901267	 89.897117	 89.893193	 89.889492	 89.886011	 89.882748	   89.8797	 89.876866	 89.874243	 89.871828	 89.869622	 89.867621	 89.865824	 89.864231	 89.862839	 89.861648	 89.860657	 89.859865	 89.859272	 89.858876	 89.858679	
        99	 98.891615	 98.783249	 98.674923	 98.566655	 98.458465	 98.350373	 98.242397	 98.134558	 98.026875	 97.919366	 97.812051	 97.704948	 97.598077	 97.491457	 97.385105	 97.279041	 97.173282	 97.067848	 96.962755	 96.858021	 96.753665	 96.649704	 96.546154	 96.443033	 96.340357	 96.238143	 96.136408	 96.035167	 95.934436	  95.83423	 95.734566	 95.635457	 95.536918	 95.438965	  95.34161	 95.244868	 95.148753	 95.053276	 94.958452	 94.864293	 94.770811	 94.678017	 94.585924	 94.494543	 94.403884	 94.313958	 94.224776	 94.136346	 94.048679	 93.961783	 93.875667	 93.790341	 93.705811	 93.622085	 93.539171	 93.457076	 93.375806	 93.295367	 93.215766	 93.137008	 93.059098	 92.982041	  92.90584	 92.830501	 92.756028	 92.682422	 92.609688	 92.537828	 92.466845	 92.396739	 92.327514	  92.25917	 92.191709	 92.125131	 92.059435	 91.994624	 91.930695	 91.867649	 91.805484	 91.744199	 91.683794	 91.624265	 91.565611	  91.50783	 91.450918	 91.394874	 91.339693	 91.285372	 91.231909	 91.179298	 91.127535	 91.076617	 91.026538	 90.977294	  90.92888	  90.88129	 90.834519	 90.788561	  90.74341	 90.699061	 90.655507	 90.612742	  90.57076	 90.529553	 90.489114	 90.449438	 90.410516	 90.372342	 90.334908	 90.298206	  90.26223	 90.226971	 90.192422	 90.158575	 90.125422	 90.092954	 90.061165	 90.030045	 89.999587	 89.969782	 89.940622	 89.912099	 89.884205	  89.85693	 89.830267	 89.804208	 89.778743	 89.753865	 89.729564	 89.705833	 89.682664	 89.660047	 89.637975	  89.61644	 89.595432	 89.574944	 89.554967	 89.535494	 89.516516	 89.498025	 89.480013	 89.462473	 89.445396	 89.428775	 89.412602	 89.396869	  89.38157	 89.366695	 89.352239	 89.338193	 89.324551	 89.311305	 89.298449	 89.285976	 89.273879	 89.262151	 89.250786	 89.239777	 89.229119	 89.218804	 89.208828	 89.199183	 89.189865	 89.180867	 89.172185	 89.163812	 89.155743	 89.147974	 89.140499	 89.133314	 89.126413	 89.119793	 89.113449	 89.107376	 89.101571	 89.096029	 89.090747	 89.085722	 89.080948	 89.076425	 89.072147	 89.068112	 89.064317	  89.06076	 89.057438	 89.054348	 89.051488	 89.048856	 89.046451	 89.044269	 89.042311	 89.040574	 89.039057	 89.037758	 89.036678	 89.035814	 89.035167	 89.034736	 89.034521	
        99	 98.882671	 98.765362	 98.648097	 98.530894	 98.413776	 98.296764	 98.179878	  98.06314	  97.94657	 97.830189	 97.714018	 97.598077	 97.482387	 97.366968	  97.25184	 97.137023	 97.022537	 96.908402	 96.794636	  96.68126	 96.568292	 96.455751	 96.343656	 96.232025	 96.120877	 96.010228	 95.900097	 95.790501	 95.681458	 95.572983	 95.465094	 95.357806	 95.251136	 95.145099	 95.039711	 94.934986	 94.830938	 94.727583	 94.624934	 94.523004	 94.421808	 94.321357	 94.221664	 94.122742	 94.024601	 93.927255	 93.830712	 93.734985	 93.640083	 93.546017	 93.452795	 93.360427	 93.268921	 93.178286	  93.08853	  92.99966	 92.911684	 92.824607	 92.738437	  92.65318	  92.56884	 92.485424	 92.402935	 92.321379	  92.24076	  92.16108	 92.082344	 92.004554	 91.927713	 91.851822	 91.776884	 91.702901	 91.629872	   91.5578	 91.486683	 91.416523	 91.347319	  91.27907	 91.211775	 91.145433	 91.080042	 91.015601	 90.952107	 90.889557	 90.827949	  90.76728	 90.707545	 90.648742	 90.590867	 90.533914	  90.47788	  90.42276	 90.368549	 90.315241	 90.262831	 90.211314	 90.160683	 90.110933	 90.062056	 90.014048	   89.9669	 89.920605	 89.875158	 89.830551	 89.786775	 89.743824	 89.701691	 89.660366	 89.619843	 89.580113	 89.541168	 89.502999	 89.465599	 89.428959	  89.39307	 89.357923	  89.32351	 89.289822	 89.256851	 89.224586	  89.19302	 89.162144	 89.131947	 89.102422	 89.073559	 89.045348	 89.017782	 88.990851	 88.964545	 88.938856	 88.913775	 88.889292	 88.865398	 88.842085	 88.819344	 88.797165	  88.77554	  88.75446	 88.733915	 88.713899	 88.694401	 88.675413	 88.656927	 88.638934	 88.621427	 88.604396	 88.587833	 88.571731	 88.556082	 88.540877	 88.526109	 88.511771	 88.497854	 88.484351	 88.471256	  88.45856	 88.446257	  88.43434	 88.422802	 88.411636	 88.400836	 88.390396	 88.380309	 88.370568	 88.361169	 88.352105	 88.343371	 88.334961	 88.326869	 88.319091	 88.311621	 88.304454	 88.297586	 88.291012	 88.284728	 88.278729	 88.273011	 88.267571	 88.262404	 88.257507	 88.252876	 88.248508	   88.2444	  88.24055	 88.236953	 88.233608	 88.230512	 88.227664	 88.225059	 88.222698	 88.220578	 88.218698	 88.217055	  88.21565	  88.21448	 88.213545	 88.212845	 88.212378	 88.212145	
        99	 98.873747	 98.747518	 98.621333	 98.495217	 98.369192	 98.243281	 98.117505	 97.991889	 97.866453	 97.741222	 97.616215	 97.491457	 97.366968	 97.242771	 97.118887	 96.995338	 96.872145	 96.749329	 96.626912	 96.504913	 96.383353	 96.262253	 96.141633	 96.021512	  95.90191	 95.782847	  95.66434	 95.546409	 95.429072	 95.312348	 95.196253	 95.080806	 94.966024	 94.851922	 94.738519	 94.625829	 94.513868	 94.402653	 94.292197	 94.182515	 94.073622	 93.965532	 93.858257	 93.751811	 93.646207	 93.541457	 93.437572	 93.334565	 93.232445	 93.131225	 93.030913	  92.93152	 92.833055	 92.735527	 92.638945	 92.543316	 92.448649	  92.35495	 92.262226	 92.170485	 92.079731	  91.98997	 91.901208	  91.81345	 91.726699	 91.640959	 91.556235	 91.472529	 91.389843	 91.308181	 91.227544	 91.147934	 91.069351	 90.991797	 90.915272	 90.839776	 90.765309	 90.691869	 90.619456	 90.548069	 90.477705	 90.408363	  90.34004	 90.272733	  90.20644	 90.141156	 90.076879	 90.013604	 89.951326	 89.890042	 89.829747	 89.770434	   89.7121	 89.654738	 89.598343	 89.542907	 89.488426	 89.434892	 89.382298	 89.330638	 89.279905	  89.23009	 89.181186	 89.133186	 89.086081	 89.039864	 88.994526	 88.950058	 88.906453	 88.863702	 88.821795	 88.780723	 88.740479	 88.701052	 88.662433	 88.624613	 88.587583	 88.551334	 88.515854	 88.481136	 88.447169	 88.413944	 88.381451	  88.34968	 88.318622	 88.288267	 88.258604	 88.229624	 88.201318	 88.173675	 88.146686	 88.120341	 88.094631	 88.069545	 88.045074	 88.021208	 87.997938	 87.975255	 87.953148	 87.931609	 87.910628	 87.890197	 87.870305	 87.850944	 87.832104	 87.813778	 87.795956	 87.778629	  87.76179	 87.745429	 87.729538	 87.714109	 87.699133	 87.684604	 87.670512	 87.656851	 87.643613	 87.630789	 87.618374	 87.606359	 87.594737	 87.583503	 87.572648	 87.562167	 87.552053	   87.5423	 87.532901	 87.523852	 87.515144	 87.506775	 87.498736	 87.491025	 87.483635	 87.476561	 87.469799	 87.463344	 87.457191	 87.451337	 87.445777	 87.440507	 87.435524	 87.430824	 87.426404	  87.42226	  87.41839	 87.414791	  87.41146	 87.408394	 87.405592	 87.403051	  87.40077	 87.398746	 87.396979	 87.395467	 87.394208	 87.393202	 87.392449	 87.391947	 87.391696	
        99	 98.864847	 98.729718	 98.594637	  98.45963	  98.32472	 98.189932	  98.05529	 97.920817	 97.786539	 97.652478	 97.518659	 97.385105	  97.25184	 97.118887	  96.98627	  96.85401	 96.722132	 96.590658	  96.45961	  96.32901	 96.198881	 96.069244	  95.94012	  95.81153	 95.683497	 95.556039	 95.429178	 95.302933	 95.177324	  95.05237	 94.928091	 94.804505	  94.68163	 94.559485	 94.438086	 94.317452	 94.197598	 94.078542	 93.960299	 93.842885	 93.726315	 93.610604	 93.495766	 93.381816	 93.268767	 93.156632	 93.045424	 92.935154	 92.825835	 92.717479	 92.610095	 92.503695	 92.398288	 92.293885	 92.190493	 92.088123	 91.986781	 91.886477	 91.787216	 91.689007	 91.591855	 91.495766	 91.400747	 91.306801	 91.213934	  91.12215	 91.031453	 90.941845	 90.853331	 90.765912	  90.67959	 90.594367	 90.510244	 90.427223	 90.345303	 90.264484	 90.184767	  90.10615	 90.028632	 89.952212	 89.876887	 89.802657	 89.729517	 89.657465	 89.586498	 89.516612	 89.447803	 89.380067	 89.313399	 89.247794	 89.183248	 89.119754	 89.057307	 88.995901	  88.93553	 88.876187	 88.817864	 88.760556	 88.704255	 88.648953	 88.594642	 88.541315	 88.488964	  88.43758	 88.387154	 88.337679	 88.289144	 88.241542	 88.194863	 88.149097	 88.104236	 88.060269	 88.017187	 87.974981	 87.933639	 87.893153	 87.853513	 87.814707	 87.776727	 87.739561	   87.7032	 87.667632	 87.632848	 87.598838	  87.56559	 87.533094	  87.50134	 87.470318	 87.440016	 87.410424	 87.381533	  87.35333	 87.325807	 87.298953	 87.272756	 87.247208	 87.222298	 87.198015	  87.17435	 87.151293	 87.128833	  87.10696	 87.085666	  87.06494	 87.044773	 87.025154	 87.006076	 86.987528	 86.969501	 86.951986	 86.934975	 86.918458	 86.902427	 86.886874	 86.871789	 86.857164	 86.842992	 86.829265	 86.815974	 86.803112	 86.790672	 86.778645	 86.767025	 86.755805	 86.744978	 86.734538	 86.724476	 86.714788	 86.705467	 86.696507	 86.687903	 86.679647	 86.671736	 86.664164	 86.656925	 86.650015	 86.643428	 86.637161	 86.631209	 86.625568	 86.620234	 86.615203	 86.610471	 86.606035	 86.601892	 86.598039	 86.594473	 86.591191	 86.588192	 86.585472	  86.58303	 86.580863	 86.578971	 86.577352	 86.576005	 86.574928	 86.574122	 86.573584	 86.573315	
        99	  98.85597	 98.711966	 98.568014	 98.424139	 98.280369	 98.136728	 97.993243	 97.849938	  97.70684	 97.563975	 97.421367	 97.279041	 97.137023	 96.995338	  96.85401	 96.713065	 96.572525	 96.432416	  96.29276	 96.153583	 96.014907	 95.876755	 95.739151	 95.602116	 95.465673	 95.329844	  95.19465	 95.060114	 94.926255	 94.793095	 94.660653	  94.52895	 94.398005	 94.267837	 94.138465	 94.009908	 93.882182	 93.755307	 93.629297	 93.504172	 93.379946	 93.256635	 93.134255	 93.012821	 92.892347	 92.772847	 92.654335	 92.536823	 92.420324	 92.304851	 92.190414	 92.077026	 91.964696	 91.853435	 91.743253	 91.634159	 91.526162	  91.41927	  91.31349	  91.20883	 91.105297	 91.002898	 90.901638	 90.801522	 90.702555	 90.604743	 90.508089	 90.412596	 90.318268	 90.225107	 90.133116	 90.042296	 89.952648	 89.864174	 89.776873	 89.690747	 89.605793	 89.522013	 89.439404	 89.357965	 89.277693	 89.198587	 89.120643	 89.043859	 88.968231	 88.893755	 88.820427	 88.748242	 88.677195	 88.607282	 88.538496	 88.470832	 88.404284	 88.338845	 88.274508	 88.211267	 88.149115	 88.088042	 88.028043	 87.969109	 87.911232	 87.854402	 87.798613	 87.743854	 87.690116	 87.637391	 87.585669	  87.53494	 87.485195	 87.436424	 87.388616	 87.341761	  87.29585	 87.250871	 87.206815	  87.16367	 87.121426	 87.080072	 87.039597	  86.99999	  86.96124	 86.923337	 86.886268	 86.850024	 86.814592	 86.779962	 86.746123	 86.713063	 86.680771	 86.649236	 86.618446	 86.588392	 86.559061	 86.530443	 86.502526	   86.4753	 86.448753	 86.422876	 86.397657	 86.373085	  86.34915	 86.325841	 86.303148	 86.281061	 86.259569	 86.238662	  86.21833	 86.198564	 86.179353	 86.160688	  86.14256	 86.124958	 86.107874	 86.091299	 86.075223	 86.059638	 86.044536	 86.029907	 86.015743	 86.002036	 85.988778	 85.975962	 85.963579	 85.951622	 85.940084	 85.928958	 85.918236	 85.907911	 85.897978	  85.88843	  85.87926	 85.870462	 85.862032	 85.853962	 85.846247	 85.838883	 85.831864	 85.825186	 85.818843	 85.812831	 85.807147	 85.801785	 85.796742	 85.792015	   85.7876	 85.783494	 85.779694	 85.776197	    85.773	 85.770101	 85.767499	  85.76519	 85.763174	 85.761449	 85.760013	 85.758865	 85.758006	 85.757433	 85.757147	
        99	 98.847119	 98.694265	 98.541467	 98.388751	 98.236145	 98.083677	 97.931374	 97.779263	 97.627371	 97.475726	 97.324354	 97.173282	 97.022537	 96.872145	 96.722132	 96.572525	 96.423349	 96.274629	 96.126392	 95.978661	 95.831463	 95.684822	 95.538761	 95.393305	 95.248477	 95.104301	 94.960799	 94.817995	  94.67591	 94.534567	 94.393986	  94.25419	 94.115198	 93.977031	 93.839708	  93.70325	 93.567676	 93.433003	  93.29925	 93.166435	 93.034575	 92.903687	 92.773786	  92.64489	 92.517012	 92.390168	 92.264373	 92.139639	 92.015981	 91.893412	 91.771943	 91.651586	 91.532354	 91.414256	 91.297303	 91.181504	  91.06687	 90.953409	 90.841129	 90.730037	 90.620142	  90.51145	 90.403967	 90.297699	  90.19265	 90.088827	 89.986233	 89.884872	 89.784747	 89.685861	 89.588217	 89.491815	 89.396659	 89.302747	 89.210082	 89.118663	 89.028489	  88.93956	 88.851874	  88.76543	 88.680225	 88.596258	 88.513525	 88.432022	 88.351746	 88.272693	 88.194859	 88.118238	 88.042825	 87.968615	 87.895603	 87.823781	 87.753143	 87.683682	 87.615392	 87.548265	 87.482292	 87.417467	 87.353781	 87.291225	 87.229791	 87.169469	 87.110251	 87.052127	 86.995087	 86.939122	 86.884221	 86.830375	 86.777573	 86.725804	 86.675058	 86.625325	 86.576592	 86.528849	 86.482085	 86.436289	 86.391449	 86.347553	 86.304591	  86.26255	 86.221419	 86.181186	  86.14184	 86.103368	 86.065759	 86.029001	 85.993082	  85.95799	 85.923714	 85.890241	  85.85756	 85.825658	 85.794525	 85.764148	 85.734515	 85.705616	 85.677438	 85.649971	 85.623201	 85.597119	 85.571714	 85.546972	 85.522885	  85.49944	 85.476628	 85.454436	 85.432855	 85.411874	 85.391483	 85.371671	 85.352428	 85.333745	 85.315611	 85.298017	 85.280954	 85.264411	  85.24838	 85.232852	 85.217818	 85.203269	 85.189196	 85.175592	 85.162449	 85.149757	  85.13751	 85.125699	 85.114318	  85.10336	 85.092816	 85.082681	 85.072947	 85.063609	 85.054661	 85.046095	 85.037906	  85.03009	 85.022639	 85.015551	 85.008818	 85.002437	 84.996403	 84.990712	 84.985359	 84.980342	 84.975655	 84.971297	 84.967263	 84.963551	 84.960158	 84.957081	 84.954318	 84.951868	 84.949728	 84.947896	 84.946372	 84.945155	 84.944242	 84.943634	  84.94333	
