Time step 59:
        99	        99	        99	        99	        99	        99	        99	        99	        99	        99	        99	        99	        99	        99	        99	        99	        99	        99	        99	        99	        99	        99	        99	        99	        99	        99	        99	        99	        99	        99	        99	        99	        99	        99	        99	        99	        99	        99	        99	        99	        99	        99	        99	        99	        99	        99	        99	        99	        99	        99	        99	        99	        99	        99	        99	        99	        99	        99	        99	        99	        99	        99	        99	        99	        99	        99	        99	        99	        99	        99	        99	        99	        99	        99	        99	        99	        99	        99	        99	        99	        99	        99	        99	        99	        99	        99	        99	        99	        99	        99	        99	        99	        99	        99	        99	        99	        99	        99	        99	        99	        99	        99	        99	        99	        99	        99	        99	        99	        99	        99	        99	        99	        99	        99	        99	        99	        99	        99	        99	        99	        99	        99	        99	        99	        99	        99	        99	        99	        99	        99	        99	        99	        99	        99	        99	        99	        99	        99	        99	        99	        99	        99	        99	        99	        99	        99	        99	        99	        99	        99	        99	        99	        99	        99	        99	        99	        99	        99	        99	        99	        99	        99	        99	        99	        99	        99	        99	        99	        99	        99	        99	        99	        99	        99	        99	        99	        99	        99	        99	        99	        99	        99	        99	        99	        99	        99	        99	        99	        99	        99	        99	        99	        99	        99	        99	        99	        99	        99	        99	        99	
        99	 98.989238	 98.978478	 98.967723	 98.956975	 98.946236	 98.935508	 98.924794	 98.914097	 98.903417	 98.892758	 98.882122	 98.871511	 98.860927	 98.850372	  98.83985	  98.82936	 98.818907	 98.808492	 98.798116	 98.787783	 98.777494	 98.767251	 98.757056	 98.746911	 98.736818	  98.72678	 98.716796	 98.706871	 98.697004	 98.687199	 98.677456	 98.667778	 98.658166	 98.648621	 98.639146	 98.629741	 98.620409	  98.61115	 98.601966	 98.592859	 98.583829	 98.574878	 98.566007	 98.557217	  98.54851	 98.539886	 98.531347	 98.522893	 98.514525	 98.506245	 98.498053	  98.48995	 98.481937	 98.474014	 98.466181	 98.458441	 98.450793	 98.443238	 98.435775	 98.428407	 98.421132	 98.413952	 98.406866	 98.399876	  98.39298	  98.38618	 98.379475	 98.372865	 98.366351	 98.359933	  98.35361	 98.347382	 98.341249	 98.335212	 98.329269	 98.323421	 98.317668	 98.312008	 98.306443	  98.30097	 98.295591	 98.290303	 98.285108	 98.280005	 98.274992	  98.27007	 98.265237	 98.260494	 98.255839	 98.251272	 98.246792	 98.242398	 98.238091	 98.233868	 98.229729	 98.225674	 98.221701	  98.21781	    98.214	 98.210269	 98.206618	 98.203045	 98.199549	 98.196129	 98.192784	 98.189514	 98.186318	 98.183194	 98.180141	 98.177159	 98.174247	 98.171402	 98.168626	 98.165916	 98.163271	 98.160691	 98.158174	 98.155719	 98.153326	 98.150994	 98.148721	 98.146506	 98.144348	 98.142247	 98.140201	 98.138209	 98.136271	 98.134385	  98.13255	 98.130765	  98.12903	 98.127343	 98.125704	 98.124111	 98.122564	 98.121061	 98.119602	 98.118186	 98.116811	 98.115478	 98.114184	  98.11293	 98.111714	 98.110535	 98.109393	 98.108287	 98.107216	 98.106179	 98.105175	 98.104204	 98.103265	 98.102357	 98.101479	 98.100631	 98.099812	 98.099022	 98.098258	 98.097522	 98.096812	 98.096128	 98.095469	 98.094834	 98.094223	 98.093635	  98.09307	 98.092527	 98.092006	 98.091506	 98.091027	 98.090568	 98.090128	 98.089708	 98.089307	 98.088924	 98.088559	 98.088211	 98.087881	 98.087568	 98.087271	 98.086991	 98.086726	 98.086477	 98.086244	 98.086025	 98.085822	 98.085633	 98.085458	 98.085298	 98.085151	 98.085019	   98.0849	 98.084795	 98.084703	 98.084624	 98.084559	 98.084507	 98.084468	 98.084442	 98.084429	
        99	 98.978478	 98.956961	 98.935453	 98.913959	 98.892483	  98.87103	 98.849605	 98.828211	 98.806855	 98.785539	 98.764269	 98.743049	 98.721884	 98.700777	 98.679733	 98.658757	 98.637853	 98.617024	 98.596276	 98.575611	 98.555035	 98.534552	 98.514164	 98.493877	 98.473693	 98.453617	 98.433653	 98.413804	 98.394073	 98.374464	 98.354981	 98.335627	 98.316404	 98.297317	 98.278369	 98.259562	 98.240899	 98.222383	 98.204017	 98.185804	 98.167746	 98.149846	 98.132106	 98.114529	 98.097116	 98.079871	 98.062794	 98.045888	 98.029155	 98.012596	 97.996214	 97.980009	 97.963984	  97.94814	 97.932477	 97.916998	 97.901703	 97.886594	 97.871671	 97.856936	 97.842388	 97.828029	 97.813859	  97.79988	  97.78609	 97.772491	 97.759082	 97.745865	 97.732838	 97.720002	 97.707357	 97.694903	  97.68264	 97.670566	 97.658682	 97.646988	 97.635482	 97.624164	 97.613034	  97.60209	 97.591332	 97.580759	 97.570369	 97.560163	 97.550139	 97.540295	 97.530631	 97.521146	 97.511837	 97.502704	 97.493745	 97.484959	 97.476345	   97.4679	 97.459623	 97.451514	 97.443569	 97.435787	 97.428167	 97.420707	 97.413405	  97.40626	 97.399268	  97.39243	 97.385742	 97.379202	  97.37281	 97.366563	 97.360458	 97.354494	  97.34867	 97.342982	 97.337429	  97.33201	 97.326721	 97.321561	 97.316528	  97.31162	 97.306834	 97.302169	 97.297623	 97.293194	 97.288879	 97.284677	 97.280586	 97.276603	 97.272726	 97.268954	 97.265285	 97.261717	 97.258247	 97.254874	 97.251595	  97.24841	 97.245316	  97.24231	 97.239393	  97.23656	 97.233811	 97.231144	 97.228558	 97.226049	 97.223617	  97.22126	 97.218977	 97.216765	 97.214622	 97.212549	 97.210542	   97.2086	 97.206722	 97.204906	 97.203151	 97.201455	 97.199817	 97.198236	  97.19671	 97.195238	 97.193818	 97.192449	 97.191131	 97.189861	  97.18864	 97.187464	 97.186335	 97.185249	 97.184207	 97.183207	 97.182248	  97.18133	 97.180451	 97.179611	 97.178808	 97.178042	 97.177312	 97.176617	 97.175957	 97.175331	 97.174738	 97.174177	 97.173648	  97.17315	 97.172683	 97.172246	 97.171839	 97.171461	 97.171112	 97.170791	 97.170498	 97.170233	 97.169996	 97.169785	 97.169601	 97.169444	 97.169314	 97.169209	 97.169131	 97.169079	 97.169053	
        99	 98.967723	 98.935453	 98.903197	 98.870961	 98.838753	  98.80658	 98.774447	 98.742363	 98.710334	 98.678366	 98.646467	 98.614643	   98.5829	 98.551245	 98.519686	 98.488227	 98.456876	 98.425639	 98.394522	 98.363531	 98.332672	 98.301952	 98.271376	 98.240951	 98.210681	 98.180572	 98.150631	 98.120862	 98.091272	 98.061864	 98.032644	 98.003618	 97.974789	 97.946164	 97.917746	  97.88954	 97.861551	 97.833782	 97.806239	 97.778924	 97.751842	 97.724997	 97.698392	  97.67203	 97.645916	 97.620052	 97.594441	 97.569087	 97.543992	 97.519158	 97.494589	 97.470287	 97.446253	 97.422491	 97.399001	 97.375787	 97.352849	 97.330189	 97.307809	 97.285709	 97.263892	 97.242357	 97.221106	  97.20014	 97.179459	 97.159064	 97.138955	 97.119132	 97.099596	 97.080346	 97.061382	 97.042704	 97.024312	 97.006205	 96.988382	 96.970844	 96.953588	 96.936614	 96.919921	 96.903509	 96.887374	 96.871518	 96.855937	  96.84063	 96.825596	 96.810833	  96.79634	 96.782114	 96.768153	 96.754456	  96.74102	 96.727844	 96.714924	 96.702259	 96.689847	 96.677684	 96.665769	 96.654099	 96.642671	 96.631483	 96.620532	 96.609816	 96.599331	 96.589074	 96.579044	 96.569237	  96.55965	 96.550281	 96.541125	 96.532182	 96.523446	 96.514916	 96.506589	 96.498461	 96.490529	  96.48279	 96.475242	 96.467881	 96.460704	 96.453708	  96.44689	 96.440247	 96.433776	 96.427474	 96.421338	 96.415365	 96.409551	 96.403894	 96.398392	  96.39304	 96.387836	 96.382777	 96.377861	 96.373083	 96.368443	 96.363936	  96.35956	 96.355312	 96.351189	  96.34719	  96.34331	 96.339548	 96.335901	 96.332366	 96.328941	 96.325624	 96.322411	 96.319301	 96.316291	 96.313379	 96.310562	 96.307839	 96.305207	 96.302664	 96.300207	 96.297836	 96.295547	 96.293339	  96.29121	 96.289157	  96.28718	 96.285276	 96.283444	 96.281681	 96.279987	 96.278359	 96.276796	 96.275296	 96.273859	 96.272481	 96.271163	 96.269903	 96.268699	  96.26755	 96.266456	 96.265414	 96.264424	 96.263484	 96.262594	 96.261753	  96.26096	 96.260214	 96.259513	 96.258858	 96.258247	  96.25768	 96.257157	 96.256676	 96.256237	 96.255839	 96.255483	 96.255167	 96.254892	 96.254656	  96.25446	 96.254304	 96.254187	 96.254108	  96.25407	
        99	 98.956975	 98.913959	 98.870961	 98.827991	 98.785058	  98.74217	 98.699338	  98.65657	 98.613875	 98.571262	  98.52874	 98.486318	 98.444005	  98.40181	 98.359741	 98.317806	 98.276015	 98.234376	 98.192897	 98.151586	 98.110452	 98.069502	 98.028744	 97.988187	 97.947837	 97.907703	 97.867791	 97.828109	 97.788664	 97.749464	 97.710514	 97.671822	 97.633394	 97.595236	 97.557355	 97.519757	 97.482447	 97.445431	 97.408716	 97.372305	 97.336205	  97.30042	 97.264955	 97.229816	 97.195005	 97.160528	 97.126389	 97.092592	  97.05914	 97.026037	 96.993286	 96.960891	 96.928855	 96.897179	 96.865868	 96.834923	 96.804347	 96.774141	 96.744308	 96.714849	 96.685767	 96.657061	 96.628734	 96.600786	 96.573218	 96.546032	 96.519226	 96.492802	  96.46676	   96.4411	 96.415821	 96.390923	 96.366407	  96.34227	 96.318512	 96.295133	 96.272131	 96.249505	 96.227254	 96.205376	 96.183869	 96.162732	 96.141962	 96.121558	 96.101518	  96.08184	  96.06252	 96.043556	 96.024947	 96.006689	 95.988779	 95.971214	 95.953993	 95.937111	 95.920565	 95.904352	 95.888469	 95.872913	  95.85768	 95.842766	 95.828168	 95.813883	 95.799906	 95.786235	 95.772865	 95.759792	 95.747012	 95.734523	 95.722319	 95.710397	 95.698752	 95.687382	 95.676281	 95.665447	 95.654874	 95.644558	 95.634496	 95.624684	 95.615117	 95.605792	 95.596703	 95.587848	 95.579223	 95.570822	 95.562642	  95.55468	  95.54693	  95.53939	 95.532055	 95.524921	 95.517984	  95.51124	 95.504687	 95.498319	 95.492133	 95.486125	 95.480291	 95.474629	 95.469134	 95.463802	 95.458631	 95.453616	 95.448755	 95.444043	 95.439477	 95.435055	 95.430773	 95.426627	 95.422614	 95.418733	 95.414978	 95.411348	 95.407839	 95.404449	 95.401175	 95.398014	 95.394963	 95.392019	 95.389181	 95.386445	  95.38381	 95.381272	 95.378829	  95.37648	 95.374221	 95.372051	 95.369967	 95.367968	 95.366052	 95.364216	 95.362459	 95.360779	 95.359174	 95.357643	 95.356184	 95.354795	 95.353475	 95.352223	 95.351037	 95.349916	 95.348858	 95.347863	 95.346929	 95.346056	 95.345242	 95.344486	 95.343788	 95.343147	 95.342562	 95.342032	 95.341557	 95.341136	 95.340769	 95.340455	 95.340194	 95.339985	 95.339829	 95.339725	 95.339673	
        99	 98.946236	 98.892483	 98.838753	 98.785058	 98.731408	 98.677816	 98.624293	  98.57085	 98.517498	 98.464249	 98.411114	 98.358104	  98.30523	 98.252502	 98.199933	 98.147531	 98.095309	 98.043277	 97.991445	 97.939823	 97.888421	  97.83725	  97.78632	 97.735639	 97.685218	 97.635066	 97.585192	 97.535606	 97.486316	 97.437331	  97.38866	  97.34031	  97.29229	 97.244608	 97.197272	 97.150289	 97.103667	 97.057412	 97.011533	 96.966034	 96.920923	 96.876206	  96.83189	 96.787979	  96.74448	 96.701398	 96.658738	 96.616505	 96.574703	 96.533338	 96.492413	 96.451932	 96.411899	 96.372317	 96.333191	 96.294522	 96.256314	 96.218569	 96.181289	 96.144478	 96.108136	 96.072266	 96.036868	 96.001944	 95.967496	 95.933523	 95.900027	 95.867008	 95.834466	 95.802401	 95.770812	   95.7397	 95.709064	 95.678903	 95.649216	 95.620001	 95.591258	 95.562985	 95.535179	  95.50784	 95.480965	 95.454552	 95.428599	 95.403102	  95.37806	  95.35347	 95.329328	 95.305631	 95.282377	 95.259561	 95.237181	 95.215233	 95.193712	 95.172616	 95.151941	 95.131681	 95.111834	 95.092395	  95.07336	 95.054723	 95.036482	 95.018631	 95.001166	 94.984082	 94.967375	 94.951039	  94.93507	 94.919463	 94.904213	 94.889315	 94.874764	 94.860556	 94.846685	 94.833145	 94.819933	 94.807043	  94.79447	 94.782208	 94.770254	   94.7586	 94.747244	 94.736179	   94.7254	 94.714902	 94.704681	 94.694731	 94.685047	 94.675625	 94.666459	 94.657544	 94.648876	 94.640449	  94.63226	 94.624302	 94.616572	 94.609065	 94.601776	   94.5947	 94.587833	 94.581171	 94.574709	 94.568442	 94.562367	 94.556479	 94.550774	 94.545248	 94.539897	 94.534716	 94.529703	 94.524852	  94.52016	 94.515624	  94.51124	 94.507003	 94.502912	 94.498961	 94.495149	 94.491471	 94.487924	 94.484506	 94.481212	 94.478041	 94.474988	 94.472052	  94.46923	 94.466518	 94.463915	 94.461417	 94.459022	 94.456728	 94.454532	 94.452433	 94.450428	 94.448514	 94.446691	 94.444955	 94.443306	 94.441741	 94.440259	 94.438858	 94.437537	 94.436293	 94.435127	 94.434035	 94.433018	 94.432074	 94.431202	   94.4304	 94.429669	 94.429007	 94.428413	 94.427887	 94.427428	 94.427036	  94.42671	 94.426449	 94.426254	 94.426124	 94.426059	
        99	 98.935508	  98.87103	  98.80658	  98.74217	 98.677816	 98.613531	 98.549329	 98.485222	 98.421225	 98.357351	 98.293614	 98.230027	 98.166602	 98.103354	 98.040295	 97.977439	 97.914797	 97.852382	 97.790208	 97.728286	 97.666628	 97.605247	 97.544154	 97.483361	  97.42288	 97.362721	 97.302896	 97.243416	 97.184291	 97.125532	 97.067149	 97.009152	 96.951551	 96.894356	 96.837575	 96.781217	 96.725292	 96.669809	 96.614774	 96.560197	 96.506086	 96.452447	 96.399288	 96.346616	 96.294437	 96.242759	 96.191587	 96.140927	 96.090785	 96.041165	 95.992074	 95.943516	 95.895496	 95.848016	 95.801083	 95.754699	 95.708867	 95.663591	 95.618873	 95.574717	 95.531124	 95.488096	 95.445635	 95.403743	 95.362421	  95.32167	 95.281491	 95.241883	 95.202848	 95.164385	 95.126494	 95.089174	 95.052425	 95.016246	 94.980635	 94.945591	 94.911113	 94.877198	 94.843845	 94.811051	 94.778813	  94.74713	 94.715998	 94.685414	 94.655376	 94.625879	 94.596919	 94.568495	   94.5406	 94.513232	 94.486387	 94.460059	 94.434245	  94.40894	 94.384139	 94.359837	  94.33603	 94.312712	 94.289878	 94.267524	 94.245643	  94.22423	  94.20328	 94.182787	 94.162746	 94.143151	 94.123996	 94.105274	 94.086982	 94.069111	 94.051657	 94.034614	 94.017975	 94.001734	 93.985886	 93.970424	 93.955342	 93.940634	 93.926294	 93.912315	 93.898693	  93.88542	  93.87249	 93.859898	 93.847638	 93.835702	 93.824086	 93.812784	 93.801789	 93.791095	 93.780698	  93.77059	 93.760766	 93.751221	 93.741948	 93.732943	 93.724199	 93.715712	 93.707475	 93.699483	 93.691732	 93.684215	 93.676928	 93.669865	 93.663022	 93.656393	 93.649974	  93.64376	 93.637746	 93.631927	 93.626299	 93.620858	 93.615599	 93.610517	 93.605609	 93.600871	 93.596297	 93.591886	 93.587631	 93.583531	  93.57958	 93.575776	 93.572114	 93.568593	 93.565207	 93.561954	 93.558831	 93.555835	 93.552962	  93.55021	 93.547577	 93.545058	 93.542653	 93.540358	 93.538171	 93.536089	 93.534111	 93.532233	 93.530456	 93.528775	  93.52719	 93.525698	 93.524299	  93.52299	  93.52177	 93.520637	 93.519591	  93.51863	 93.517752	 93.516958	 93.516246	 93.515615	 93.515065	 93.514594	 93.514203	  93.51389	 93.513656	   93.5135	 93.513422	
        99	 98.924794	 98.849605	 98.774447	 98.699338	 98.624293	 98.549329	  98.47446	 98.399704	 98.325075	  98.25059	 98.176265	 98.102114	 98.028153	 97.954398	 97.880863	 97.807564	 97.734516	 97.661733	  97.58923	 97.517021	  97.44512	 97.373542	   97.3023	 97.231408	 97.160879	 97.090726	 97.020963	 96.951601	 96.882654	 96.814134	 96.746052	  96.67842	  96.61125	 96.544552	 96.478338	 96.412619	 96.347403	 96.282702	 96.218525	 96.154882	  96.09178	 96.029231	  95.96724	 95.905818	 95.844972	 95.784708	 95.725035	 95.665959	 95.607487	 95.549625	 95.492378	 95.435754	 95.379755	 95.324389	 95.269658	 95.215568	 95.162122	 95.109325	 95.057178	 95.005686	 94.954851	 94.904676	 94.855161	  94.80631	 94.758123	 94.710602	 94.663748	 94.617561	  94.57204	 94.527188	 94.483002	 94.439482	 94.396628	 94.354439	 94.312912	 94.272046	  94.23184	 94.192291	 94.153397	 94.115155	 94.077563	 94.040616	 94.004312	 93.968648	 93.933619	 93.899221	 93.865451	 93.832304	 93.799776	 93.767862	 93.736556	 93.705855	 93.675752	 93.646243	 93.617322	 93.588983	 93.561221	 93.534029	 93.507402	 93.481334	 93.455818	 93.430848	 93.406418	 93.382521	  93.35915	   93.3363	 93.313962	 93.292131	 93.270799	  93.24996	 93.229607	 93.209732	 93.190329	  93.17139	 93.152909	 93.134878	 93.117291	 93.100139	 93.083417	 93.067116	 93.051231	 93.035753	 93.020675	 93.005991	 92.991694	 92.977776	  92.96423	  92.95105	 92.938228	 92.925758	 92.913633	 92.901846	 92.890391	  92.87926	 92.868447	 92.857946	 92.847749	 92.837852	 92.828247	 92.818927	 92.809888	 92.801122	 92.792625	 92.784389	 92.776409	 92.768679	 92.761193	 92.753946	 92.746933	 92.740148	 92.733585	  92.72724	 92.721107	 92.715181	 92.709458	 92.703932	 92.698599	 92.693455	 92.688493	 92.683712	 92.679105	 92.674668	 92.670399	 92.666292	 92.662344	 92.658551	 92.654909	 92.651415	 92.648065	 92.644856	 92.641785	 92.638848	 92.636043	 92.633367	 92.630816	 92.628389	 92.626082	 92.623893	  92.62182	  92.61986	 92.618011	 92.616272	  92.61464	 92.613113	 92.611691	  92.61037	  92.60915	 92.608029	 92.607006	  92.60608	 92.605249	 92.604514	 92.603872	 92.603323	 92.602866	 92.602502	 92.602229	 92.602047	 92.601956	
        99	 98.914097	 98.828211	 98.742363	  98.65657	  98.57085	 98.485222	 98.399704	 98.314313	 98.229069	 98.143989	 98.059091	 97.974392	 97.889911	 97.805664	 97.721669	 97.637944	 97.554505	 97.471369	 97.388552	 97.306071	 97.223943	 97.142183	 97.060807	 96.979831	 96.899269	 96.819138	 96.739451	 96.660223	 96.581468	 96.503201	 96.425435	 96.348183	 96.271458	 96.195273	  96.11964	 96.044572	  95.97008	 95.896175	 95.822869	 95.750172	 95.678095	 95.606648	  95.53584	 95.465681	 95.396179	 95.327343	 95.259182	 95.191702	 95.124913	  95.05882	  94.99343	 94.928751	 94.864787	 94.801545	 94.739029	 94.677245	 94.616197	 94.555889	 94.496325	 94.437508	 94.379442	 94.322129	 94.265571	 94.209771	  94.15473	 94.100449	  94.04693	 93.994172	 93.942177	 93.890944	 93.840473	 93.790763	 93.741813	 93.693622	 93.646189	  93.59951	 93.553585	  93.50841	 93.463983	 93.420302	 93.377361	 93.335159	 93.293691	 93.252954	 93.212942	 93.173652	 93.135078	 93.097216	 93.060061	 93.023607	 92.987848	  92.95278	 92.918395	 92.884688	 92.851653	 92.819283	 92.787572	 92.756512	 92.726098	 92.696321	 92.667176	 92.638654	 92.610749	 92.583452	 92.556757	 92.530656	 92.505141	 92.480205	 92.455839	 92.432035	 92.408787	 92.386085	 92.363921	 92.342289	 92.321179	 92.300583	 92.280494	 92.260903	 92.241802	 92.223183	 92.205037	 92.187357	 92.170135	 92.153363	 92.137031	 92.121133	 92.105661	 92.090606	 92.075961	 92.061717	 92.047867	 92.034403	 92.021318	 92.008604	 91.996253	 91.984258	 91.972611	 91.961306	 91.950334	 91.939689	 91.929364	 91.919352	 91.909645	 91.900238	 91.891122	 91.882293	 91.873743	 91.865465	 91.857454	 91.849704	 91.842208	  91.83496	 91.827955	 91.821186	 91.814649	 91.808337	 91.802245	 91.796369	 91.790702	  91.78524	 91.779977	  91.77491	 91.770033	 91.765342	 91.760832	   91.7565	  91.75234	 91.748349	 91.744522	 91.740857	 91.737349	 91.733995	 91.730791	 91.727733	  91.72482	 91.722047	 91.719412	 91.716912	 91.714544	 91.712305	 91.710194	 91.708207	 91.706343	 91.704599	 91.702974	 91.701465	 91.700072	 91.698791	 91.697623	 91.696565	 91.695616	 91.694776	 91.694043	 91.693416	 91.692894	 91.692478	 91.692166	 91.691959	 91.691855	
        99	 98.903417	 98.806855	 98.710334	 98.613875	 98.517498	 98.421225	 98.325075	 98.229069	 98.133228	  98.03757	 97.942118	 97.846889	 97.751905	 97.657185	 97.562748	 97.468614	 97.374802	  97.28133	 97.188218	 97.095483	 97.003145	 96.911221	 96.819728	 96.728685	 96.638108	 96.548014	 96.458421	 96.369343	 96.280798	 96.192801	 96.105366	  96.01851	 95.932247	 95.846591	 95.761555	 95.677155	 95.593402	 95.510309	  95.42789	 95.346156	 95.265118	 95.184788	 95.105178	 95.026296	 94.948154	  94.87076	 94.794125	 94.718257	 94.643164	 94.568854	 94.495336	 94.422615	   94.3507	 94.279595	 94.209307	 94.139842	 94.071205	 94.003399	  93.93643	 93.870302	 93.805017	 93.740578	  93.67699	 93.614252	 93.552369	  93.49134	 93.431167	 93.371851	 93.313392	 93.255789	 93.199044	 93.143154	 93.088118	 93.033936	 92.980606	 92.928124	 92.876489	 92.825699	 92.775749	 92.726637	 92.678358	 92.630909	 92.584286	 92.538484	 92.493498	 92.449323	 92.405954	 92.363385	 92.321611	 92.280625	 92.240421	 92.200992	 92.162333	 92.124436	 92.087294	   92.0509	 92.015246	 91.980325	  91.94613	 91.912652	 91.879883	 91.847815	 91.816441	 91.785751	 91.755737	 91.726391	 91.697704	 91.669667	 91.642272	  91.61551	 91.589371	 91.563846	 91.538928	 91.514606	 91.490871	 91.467715	 91.445129	 91.423102	 91.401626	 91.380692	 91.360291	 91.340414	  91.32105	 91.302192	 91.283831	 91.265957	 91.248561	 91.231634	 91.215168	 91.199153	 91.183582	 91.168444	 91.153732	 91.139437	 91.125551	 91.112065	  91.09897	 91.086259	 91.073924	 91.061956	 91.050347	  91.03909	 91.028176	 91.017599	 91.007351	 90.997423	  90.98781	 90.978504	 90.969497	 90.960783	 90.952355	 90.944206	  90.93633	  90.92872	  90.92137	 90.914273	 90.907424	 90.900817	 90.894446	 90.888305	 90.882388	 90.876691	 90.871208	 90.865934	 90.860863	 90.855992	 90.851315	 90.846827	 90.842525	 90.838404	  90.83446	 90.830689	 90.827086	 90.823649	 90.820374	 90.817256	 90.814293	 90.811482	  90.80882	 90.806303	 90.803929	 90.801695	 90.799599	 90.797639	 90.795812	 90.794116	 90.792549	 90.791109	 90.789796	 90.788606	  90.78754	 90.786595	  90.78577	 90.785065	 90.784479	 90.784011	 90.783661	 90.783427	  90.78331	
        99	 98.892758	 98.785539	 98.678366	 98.571262	 98.464249	 98.357351	  98.25059	 98.143989	  98.03757	 97.931356	 97.825369	 97.719632	 97.614165	 97.508991	 97.404133	  97.29961	 97.195444	 97.091657	 96.988269	   96.8853	 96.782771	 96.680702	 96.579113	 96.478022	 96.377449	 96.277412	 96.177931	 96.079023	 95.980706	 95.882997	 95.785914	 95.689472	 95.593689	 95.498579	  95.40416	 95.310444	 95.217449	 95.125186	 95.033671	 94.942916	 94.852935	 94.763741	 94.675344	 94.587757	 94.500991	 94.415056	 94.329964	 94.245722	 94.162342	 94.079832	   93.9982	 93.917454	 93.837601	  93.75865	 93.680605	 93.603474	 93.527261	 93.451973	 93.377613	 93.304186	 93.231697	 93.160147	 93.089541	  93.01988	 92.951166	 92.883402	 92.816589	 92.750727	 92.685816	 92.621857	 92.558848	  92.49679	 92.435682	  92.37552	 92.316304	  92.25803	 92.200697	 92.144301	 92.088839	 92.034306	   91.9807	 91.928015	 91.876246	 91.825389	 91.775439	 91.726389	 91.678233	 91.630967	 91.584582	 91.539073	 91.494432	 91.450652	 91.407726	 91.365647	 91.324406	 91.283995	 91.244407	 91.205632	 91.167663	  91.13049	 91.094105	 91.058498	 91.023661	 90.989584	 90.956258	 90.923674	 90.891821	  90.86069	 90.830271	 90.800555	 90.771531	  90.74319	 90.715522	 90.688515	 90.662162	  90.63645	 90.611371	 90.586913	 90.563067	 90.539823	 90.517171	 90.495099	 90.473599	  90.45266	 90.432272	 90.412425	 90.393109	 90.374315	 90.356031	  90.33825	 90.320959	 90.304151	 90.287816	 90.271943	 90.256525	  90.24155	  90.22701	 90.212897	   90.1992	 90.185911	 90.173021	 90.160521	 90.148403	 90.136659	  90.12528	 90.114257	 90.103583	 90.093249	 90.083248	 90.073573	 90.064214	 90.055166	 90.046421	 90.037971	  90.02981	  90.02193	 90.014325	 90.006989	 89.999914	 89.993096	 89.986526	   89.9802	 89.974112	 89.968256	 89.962626	 89.957217	 89.952023	 89.947041	 89.942264	 89.937688	 89.933309	 89.929121	 89.925121	 89.921305	 89.917668	 89.914206	 89.910916	 89.907795	 89.904839	 89.902044	 89.899408	 89.896928	 89.894601	 89.892424	 89.890395	 89.888512	 89.886772	 89.885174	 89.883715	 89.882394	  89.88121	 89.880161	 89.879245	 89.878463	 89.877812	 89.877292	 89.876903	 89.876644	 89.876514	
        99	 98.882122	 98.764269	 98.646467	  98.52874	 98.411114	 98.293614	 98.176265	 98.059091	 97.942118	 97.825369	 97.708871	 97.592646	 97.476719	 97.361115	 97.245856	 97.130967	  97.01647	  96.90239	 96.788747	 96.675566	 96.562869	 96.450677	 96.339011	 96.227895	 96.117347	 96.007389	 95.898041	 95.789324	 95.681256	 95.573856	 95.467144	 95.361137	 95.255854	 95.151312	 95.047528	 94.944518	 94.842299	 94.740886	 94.640295	 94.540539	 94.441634	 94.343593	 94.246429	 94.150155	 94.054784	 93.960326	 93.866794	 93.774198	 93.682549	 93.591855	 93.502127	 93.413372	   93.3256	 93.238818	 93.153033	 93.068252	 92.984481	 92.901725	 92.819991	 92.739282	 92.659602	 92.580957	 92.503347	 92.426778	 92.351249	 92.276765	 92.203325	  92.13093	 92.059582	 91.989279	 91.920022	 91.851809	 91.784639	 91.718511	 91.653422	 91.589369	 91.526349	  91.46436	 91.403397	 91.343456	 91.284533	 91.226623	  91.16972	 91.113819	 91.058914	    91.005	 90.952068	 90.900114	 90.849128	 90.799106	 90.750037	 90.701916	 90.654733	  90.60848	 90.563148	  90.51873	 90.475215	 90.432595	  90.39086	     90.35	 90.310006	 90.270868	 90.232576	  90.19512	 90.158488	 90.122672	  90.08766	 90.053442	 90.020006	 89.987343	  89.95544	 89.924289	 89.893876	 89.864191	 89.835224	 89.806962	 89.779395	 89.752512	 89.726301	 89.700752	 89.675853	 89.651592	  89.62796	 89.604944	 89.582534	 89.560719	 89.539487	 89.518828	 89.498732	 89.479186	 89.460181	 89.441706	 89.423751	 89.406304	 89.389356	 89.372896	 89.356914	 89.341401	 89.326346	 89.311739	  89.29757	 89.283831	 89.270511	 89.257602	 89.245094	 89.232978	 89.221245	 89.209887	 89.198894	 89.188259	 89.177973	 89.168027	 89.158414	 89.149126	 89.140156	 89.131495	 89.123136	 89.115072	 89.107295	   89.0998	 89.092579	 89.085626	 89.078934	 89.072497	 89.066308	 89.060363	 89.054655	 89.049178	 89.043927	 89.038898	 89.034084	 89.029481	 89.025084	 89.020889	 89.016891	 89.013087	 89.009471	  89.00604	  89.00279	 88.999718	 88.996821	 88.994095	 88.991537	 88.989144	 88.986914	 88.984844	 88.982932	 88.981175	 88.979571	  88.97812	 88.976818	 88.975665	 88.974659	 88.973798	 88.973083	 88.972512	 88.972084	 88.971799	 88.971656	
        99	 98.871511	 98.743049	 98.614643	 98.486318	 98.358104	 98.230027	 98.102114	 97.974392	 97.846889	 97.719632	 97.592646	 97.465959	 97.339597	 97.213586	 97.087952	  96.96272	 96.837917	 96.713567	 96.589695	 96.466326	 96.343484	 96.221192	 96.099475	 95.978355	 95.857857	 95.738001	  95.61881	 95.500306	 95.382509	 95.265442	 95.149124	 95.033575	 94.918814	 94.804862	 94.691735	 94.579452	 94.468032	  94.35749	 94.247843	 94.139108	   94.0313	 93.924433	 93.818523	 93.713583	 93.609626	 93.506666	 93.404714	 93.303783	 93.203883	 93.105025	  93.00722	 92.910476	 92.814803	 92.720209	 92.626702	 92.534289	 92.442977	 92.352772	  92.26368	 92.175705	 92.088853	 92.003128	 91.918533	  91.83507	 91.752743	 91.671553	 91.591503	 91.512591	  91.43482	 91.358189	 91.282697	 91.208344	 91.135128	 91.063047	 90.992098	  90.92228	 90.853587	 90.786018	 90.719567	 90.654231	 90.590003	  90.52688	 90.464855	 90.403922	 90.344075	 90.285307	 90.227611	 90.170979	 90.115404	 90.060879	 90.007393	  89.95494	 89.903509	 89.853093	 89.803681	 89.755264	 89.707832	 89.661375	 89.615883	 89.571346	 89.527752	  89.48509	 89.443351	 89.402523	 89.362594	 89.323554	  89.28539	 89.248091	 89.211646	 89.176043	 89.141269	 89.107312	 89.074162	 89.041805	  89.01023	 88.979424	 88.949376	 88.920073	 88.891503	 88.863653	 88.836513	 88.810069	 88.784309	 88.759221	 88.734794	 88.711015	 88.687872	 88.665354	 88.643448	 88.622143	 88.601427	 88.581289	 88.561717	   88.5427	 88.524226	 88.506285	 88.488864	 88.471954	 88.455544	 88.439622	 88.424178	 88.409202	 88.394684	 88.380612	 88.366978	 88.353772	 88.340983	 88.328602	  88.31662	 88.305027	 88.293815	 88.282974	 88.272496	 88.262372	 88.252594	 88.243153	 88.234041	 88.225251	 88.216775	 88.208606	 88.200735	 88.193155	 88.185861	 88.178844	 88.172099	 88.165618	 88.159396	 88.153426	 88.147703	 88.142221	 88.136974	 88.131956	 88.127164	 88.122591	 88.118233	 88.114086	 88.110145	 88.106405	 88.102863	 88.099515	 88.096356	 88.093385	 88.090596	 88.087988	 88.085557	 88.083301	 88.081217	 88.079302	 88.077554	 88.075971	 88.074553	 88.073295	 88.072199	 88.071261	 88.070481	 88.069859	 88.069392	 88.069082	 88.068926	
        99	 98.860927	 98.721884	   98.5829	 98.444005	  98.30523	 98.166602	 98.028153	 97.889911	 97.751905	 97.614165	 97.476719	 97.339597	 97.202826	 97.066435	 96.930453	 96.794906	 96.659822	 96.525229	 96.391154	 96.257622	 96.124661	 95.992296	 95.860553	 95.729457	 95.599032	 95.469303	 95.340294	 95.212029	 95.084529	 94.957819	 94.831919	 94.706852	 94.582639	 94.459299	 94.336854	 94.215323	 94.094724	 93.975077	 93.856398	 93.738706	 93.622018	 93.506348	 93.391714	  93.27813	  93.16561	 93.054169	 92.943819	 92.834574	 92.726445	 92.619444	 92.513582	  92.40887	 92.305316	  92.20293	  92.10172	 92.001695	 91.902861	 91.805226	 91.708795	 91.613574	 91.519568	 91.426782	 91.335218	  91.24488	 91.155772	 91.067894	  90.98125	 90.895838	 90.811661	 90.728717	 90.647007	  90.56653	 90.487283	 90.409264	 90.332471	 90.256901	 90.182551	 90.109416	 90.037491	 89.966773	 89.897255	 89.828932	 89.761798	 89.695845	 89.631069	  89.56746	 89.505011	 89.443715	 89.383562	 89.324545	 89.266654	  89.20988	 89.154213	 89.099644	 89.046162	 88.993756	 88.942417	 88.892134	 88.842894	 88.794688	 88.747503	 88.701328	 88.656151	 88.611959	 88.568742	 88.526485	 88.485178	 88.444807	  88.40536	 88.366823	 88.329185	 88.292432	 88.256551	 88.221529	 88.187352	 88.154009	 88.121486	 88.089769	 88.058845	 88.028702	 87.999326	 87.970703	 87.942821	 87.915667	 87.889228	  87.86349	 87.838441	 87.814068	 87.790358	 87.767298	 87.744876	 87.723079	 87.701895	 87.681311	 87.661316	 87.641896	 87.623041	 87.604738	 87.586976	 87.569742	 87.553026	 87.536817	 87.521102	 87.505872	 87.491115	  87.47682	 87.462978	 87.449577	 87.436608	  87.42406	 87.411925	 87.400191	  87.38885	 87.377892	 87.367308	 87.357089	 87.347228	 87.337714	 87.328539	 87.319696	 87.311177	 87.302974	 87.295078	 87.287484	 87.280182	 87.273168	 87.266433	 87.259972	 87.253777	 87.247843	 87.242164	 87.236733	 87.231546	 87.226597	  87.22188	 87.217391	 87.213125	 87.209077	 87.205243	 87.201619	 87.198201	 87.194985	 87.191967	 87.189144	 87.186513	  87.18407	 87.181814	 87.179741	  87.17785	 87.176137	 87.174601	 87.173241	 87.172054	 87.171039	 87.170195	 87.169521	 87.169016	  87.16868	 87.168512	
        99	 98.850372	 98.700777	 98.551245	  98.40181	 98.252502	 98.103354	 97.954398	 97.805664	 97.657185	 97.508991	 97.361115	 97.213586	 97.066435	 96.919694	 96.773391	 96.627557	 96.482222	 96.337414	 96.193163	 96.049498	 95.906446	 95.764036	 95.622294	 95.481249	 95.340926	 95.201352	 95.062552	 94.924553	 94.787377	  94.65105	 94.515596	 94.381038	 94.247397	 94.114698	  93.98296	 93.852205	 93.722454	 93.593726	 93.466041	 93.339417	 93.213873	 93.089425	 92.966091	 92.843887	 92.722827	 92.602929	 92.484204	 92.366668	 92.250334	 92.135212	 92.021316	 91.908657	 91.797244	 91.687088	 91.578197	 91.470581	 91.364247	 91.259202	 91.155452	 91.053005	 90.951865	 90.852036	 90.753524	  90.65633	 90.560459	 90.465913	 90.372692	 90.280799	 90.190233	 90.100995	 90.013084	 89.926498	 89.841237	 89.757297	 89.674677	 89.593372	 89.513379	 89.434693	  89.35731	 89.281225	 89.206431	 89.132923	 89.060694	 88.989736	 88.920043	 88.851607	 88.784419	 88.718471	 88.653753	 88.590257	 88.527973	  88.46689	 88.406998	 88.348288	 88.290747	 88.234364	 88.179129	  88.12503	 88.072053	 88.020189	 87.969423	 87.919743	 87.871137	 87.823592	 87.777095	 87.731631	 87.687189	 87.643754	 87.601313	 87.559852	 87.519357	 87.479815	 87.441211	 87.403531	 87.366761	 87.330887	 87.295896	 87.261772	 87.228501	  87.19607	 87.164465	  87.13367	 87.103672	 87.074457	 87.046011	  87.01832	  86.99137	 86.965147	 86.939638	 86.914828	 86.890704	 86.867253	 86.844461	 86.822315	 86.800802	 86.779909	 86.759623	 86.739931	  86.72082	 86.702279	 86.684295	 86.666855	 86.649948	 86.633562	 86.617685	 86.602305	 86.587412	 86.572995	 86.559041	 86.545541	 86.532485	  86.51986	 86.507658	 86.495869	 86.484482	 86.473488	 86.462877	 86.452642	 86.442771	 86.433257	 86.424091	 86.415265	  86.40677	 86.398599	 86.390744	 86.383197	 86.375952	    86.369	 86.362335	 86.355951	  86.34984	 86.343998	 86.338417	 86.333092	 86.328017	 86.323188	 86.318598	 86.314243	 86.310118	 86.306219	 86.302541	 86.299081	 86.295834	 86.292797	 86.289966	 86.287338	 86.284911	 86.282681	 86.280645	 86.278803	  86.27715	 86.275686	 86.274409	 86.273317	 86.272409	 86.271684	 86.271141	 86.270779	 86.270599	
        99	  98.83985	 98.679733	 98.519686	 98.359741	 98.199933	 98.040295	 97.880863	 97.721669	 97.562748	 97.404133	 97.245856	 97.087952	 96.930453	 96.773391	 96.616799	 96.460709	 96.305153	 96.150161	 95.995766	 95.841997	 95.688884	 95.536459	 95.384749	 95.233784	 95.083593	 94.934203	 94.785642	 94.637937	 94.491114	   94.3452	 94.200219	 94.056197	 93.913159	 93.771126	 93.630124	 93.490174	 93.351298	 93.213517	 93.076852	 92.941323	 92.806949	 92.673749	 92.541741	 92.410943	  92.28137	 92.153039	 92.025965	 91.900163	 91.775646	 91.652429	 91.530523	  91.40994	 91.290692	 91.172789	  91.05624	 90.941056	 90.827243	 90.714811	 90.603765	 90.494113	  90.38586	  90.27901	  90.17357	 90.069541	 89.966928	 89.865732	 89.765955	 89.667599	 89.570664	  89.47515	 89.381056	 89.288382	 89.197124	 89.107281	  89.01885	 88.931827	 88.846208	 88.761989	 88.679164	 88.597728	 88.517674	 88.438996	 88.361687	  88.28574	 88.211145	 88.137896	 88.065983	 87.995397	 87.926128	 87.858166	 87.791501	 87.726123	 87.662019	 87.599179	 87.537592	 87.477244	 87.418125	  87.36022	 87.303518	 87.248006	  87.19367	 87.140497	 87.088472	 87.037584	 86.987816	 86.939155	 86.891588	 86.845098	 86.799672	 86.755295	 86.711953	 86.669629	  86.62831	  86.58798	 86.548625	 86.510228	 86.472775	 86.436252	 86.400641	  86.36593	 86.332101	 86.299141	 86.267033	 86.235764	 86.205317	 86.175679	 86.146833	 86.118766	 86.091463	 86.064908	 86.039088	 86.013987	 85.989592	 85.965889	 85.942863	 85.920501	 85.898788	 85.877711	 85.857257	 85.837411	 85.818162	 85.799496	   85.7814	 85.763861	 85.746868	 85.730407	 85.714466	 85.699035	   85.6841	 85.669651	 85.655675	 85.642163	 85.629103	 85.616485	 85.604297	  85.59253	 85.581173	 85.570217	 85.559653	  85.54947	 85.539659	 85.530212	  85.52112	 85.512375	 85.503967	 85.495889	 85.488134	 85.480693	  85.47356	 85.466727	 85.460187	 85.453933	  85.44796	  85.44226	 85.436829	 85.431659	 85.426747	 85.422085	  85.41767	 85.413497	 85.409561	 85.405857	 85.402382	 85.399131	 85.396101	 85.393288	  85.39069	 85.388303	 85.386125	 85.384153	 85.382384	 85.380817	  85.37945	 85.378282	  85.37731	 85.376534	 85.375952	 85.375565	 85.375372	
        99	  98.82936	 98.658757	 98.488227	 98.317806	 98.147531	 97.977439	 97.807564	 97.637944	 97.468614	  97.29961	 97.130967	  96.96272	 96.794906	 96.627557	 96.460709	 96.294396	 96.128651	 95.963508	 95.799001	  95.63516	  95.47202	 95.309611	 95.147965	 94.987112	 94.827084	  94.66791	 94.509618	 94.352239	   94.1958	 94.040329	 93.885853	 93.732399	 93.579991	 93.428657	 93.278419	 93.129303	 92.981331	 92.834526	  92.68891	 92.544504	 92.401329	 92.259406	 92.118752	 91.979386	 91.841327	 91.704591	 91.569194	 91.435152	 91.302481	 91.171193	 91.041303	 90.912822	 90.785764	 90.660138	 90.535956	 90.413228	 90.291961	 90.172164	 90.053846	 89.937012	 89.821668	 89.707821	 89.595474	 89.484632	 89.375298	 89.267474	 89.161163	 89.056365	 88.953081	 88.851311	 88.751055	  88.65231	 88.555076	 88.459349	 88.365126	 88.272403	 88.181176	 88.091441	 88.003191	 87.916421	 87.831124	 87.747293	 87.664921	 87.583999	 87.504519	 87.426473	  87.34985	  87.27464	 87.200834	 87.128421	  87.05739	  86.98773	 86.919428	 86.852472	 86.786851	 86.722551	 86.659559	 86.597862	 86.537446	 86.478298	 86.420403	 86.363747	 86.308316	 86.254094	 86.201067	 86.149219	 86.098536	 86.049001	   86.0006	 85.953317	 85.907136	  85.86204	 85.818015	 85.775043	  85.73311	 85.692199	 85.652293	 85.613377	 85.575435	  85.53845	 85.502405	 85.467286	 85.433076	 85.399758	 85.367318	 85.335738	 85.305003	 85.275098	 85.246006	 85.217712	 85.190201	 85.163456	 85.137464	 85.112208	 85.087674	 85.063847	 85.040712	 85.018254	  84.99646	 84.975315	 84.954805	 84.934917	 84.915635	 84.896948	 84.878841	 84.861302	 84.844318	 84.827876	 84.811963	 84.796567	 84.781677	 84.767279	 84.753364	 84.739919	 84.726933	 84.714395	 84.702295	 84.690621	 84.679365	 84.668515	 84.658062	 84.647996	 84.638309	  84.62899	 84.620032	 84.611425	 84.603162	 84.595234	 84.587633	 84.580352	 84.573384	 84.566721	 84.560356	 84.554283	 84.548496	 84.542988	 84.537754	 84.532787	 84.528083	 84.523637	 84.519442	 84.515496	 84.511793	 84.508329	 84.505101	 84.502104	 84.499336	 84.496793	 84.494472	  84.49237	 84.490486	 84.488816	  84.48736	 84.486115	 84.485079	 84.484252	 84.483633	  84.48322	 84.483014	
        99	 98.818907	 98.637853	 98.456876	 98.276015	 98.095309	 97.914797	 97.734516	 97.554505	 97.374802	 97.195444	  97.01647	 96.837917	 96.659822	 96.482222	 96.305153	 96.128651	 95.952753	 95.777494	 95.602908	 95.429031	 95.255896	 95.083538	  94.91199	 94.741284	 94.571452	 94.402527	 94.234539	 94.067518	 93.901496	 93.736501	 93.572562	 93.409706	 93.247963	 93.087357	 92.927916	 92.769665	 92.612628	  92.45683	 92.302294	 92.149042	 91.997096	 91.846478	 91.697208	 91.549305	 91.402788	 91.257676	 91.113984	 90.971732	 90.830932	 90.691602	 90.553755	 90.417404	 90.282562	  90.14924	 90.017451	 89.887204	 89.758508	 89.631373	 89.505806	 89.381815	 89.259406	 89.138584	 89.019355	 88.901723	 88.785691	 88.671262	 88.558438	  88.44722	 88.337609	 88.229605	 88.123207	 88.018413	 87.915222	 87.813631	 87.713635	 87.615233	 87.518418	 87.423185	 87.329529	 87.237444	 87.146921	 87.057955	 86.970537	 86.884658	 86.800309	 86.717481	 86.636164	 86.556347	  86.47802	 86.401171	 86.325789	 86.251861	 86.179375	 86.108317	 86.038676	 85.970437	 85.903586	  85.83811	 85.773993	 85.711222	  85.64978	 85.589653	 85.530826	 85.473283	 85.417007	 85.361983	 85.308195	 85.255626	  85.20426	  85.15408	  85.10507	 85.057212	 85.010489	 84.964886	 84.920384	 84.876966	 84.834616	 84.793316	 84.753049	 84.713798	 84.675546	 84.638275	 84.601969	 84.566611	 84.532183	 84.498668	 84.466051	 84.434314	 84.403439	 84.373412	 84.344215	 84.315833	 84.288248	 84.261445	 84.235408	 84.210121	 84.185569	 84.161736	 84.138607	 84.116166	   84.0944	 84.073293	  84.05283	 84.032998	 84.013782	 83.995169	 83.977144	 83.959694	 83.942807	 83.926468	 83.910665	 83.895386	 83.880618	  83.86635	 83.852568	 83.839262	  83.82642	 83.814032	 83.802086	 83.790571	 83.779478	 83.768796	 83.758515	 83.748625	 83.739118	 83.729984	 83.721215	 83.712801	 83.704735	 83.697008	 83.689613	 83.682541	 83.675787	 83.669342	   83.6632	 83.657355	   83.6518	 83.646529	 83.641537	 83.636818	 83.632367	 83.628179	 83.624249	 83.620573	 83.617147	 83.613967	 83.611029	  83.60833	 83.605866	 83.603636	 83.601636	 83.599865	 83.598319	 83.596997	 83.595898	 83.595021	 83.594363	 83.593926	 83.593707	
