Time step 48:
        99	        99	        99	        99	        99	        99	        99	        99	        99	        99	        99	        99	        99	        99	        99	        99	        99	        99	        99	        99	        99	        99	        99	        99	        99	        99	        99	        99	        99	        99	        99	        99	        99	        99	        99	        99	        99	        99	        99	        99	        99	        99	        99	        99	        99	        99	        99	        99	        99	        99	        99	        99	        99	        99	        99	        99	        99	        99	        99	        99	        99	        99	        99	        99	        99	        99	        99	        99	        99	        99	        99	        99	        99	        99	        99	        99	        99	        99	        99	        99	        99	        99	        99	        99	        99	        99	        99	        99	        99	        99	        99	        99	        99	        99	        99	        99	        99	        99	        99	        99	        99	        99	        99	        99	        99	        99	        99	        99	        99	        99	        99	        99	        99	        99	        99	        99	        99	        99	        99	        99	        99	        99	        99	        99	        99	        99	        99	        99	        99	        99	        99	        99	        99	        99	        99	        99	        99	        99	        99	        99	        99	        99	        99	        99	        99	        99	        99	        99	        99	        99	        99	        99	        99	        99	        99	        99	        99	        99	        99	        99	        99	        99	        99	        99	        99	        99	        99	        99	        99	        99	        99	        99	        99	        99	        99	        99	        99	        99	        99	        99	        99	        99	        99	        99	        99	        99	        99	        99	        99	        99	        99	        99	        99	        99	        99	        99	        99	        99	        99	        99	
        99	 98.986772	 98.973547	 98.960329	 98.947122	 98.933928	 98.920752	 98.907597	 98.894466	 98.881362	  98.86829	 98.855252	 98.842251	 98.829291	 98.816376	 98.803508	 98.790691	 98.777928	 98.765221	 98.752575	 98.739992	 98.727475	 98.715026	  98.70265	 98.690348	 98.678123	 98.665979	 98.653918	 98.641942	 98.630053	 98.618255	  98.60655	  98.59494	 98.583427	 98.572014	 98.560702	 98.549494	 98.538392	 98.527397	 98.516512	 98.505737	 98.495076	 98.484529	 98.474097	 98.463783	 98.453588	 98.443513	 98.433558	 98.423727	 98.414018	 98.404434	 98.394975	 98.385642	 98.376436	 98.367357	 98.358407	 98.349585	 98.340892	 98.332328	 98.323894	  98.31559	 98.307416	 98.299372	 98.291458	 98.283675	 98.276021	 98.268497	 98.261102	 98.253837	   98.2467	 98.239692	 98.232812	 98.226059	 98.219432	 98.212932	 98.206557	 98.200306	  98.19418	 98.188176	 98.182294	 98.176533	 98.170892	 98.165369	 98.159965	 98.154677	 98.149505	 98.144448	 98.139503	  98.13467	 98.129948	 98.125336	 98.120831	 98.116432	 98.112139	  98.10795	 98.103862	 98.099876	 98.095989	   98.0922	 98.088508	  98.08491	 98.081406	 98.077994	 98.074672	 98.071439	 98.068293	 98.065233	 98.062257	 98.059363	 98.056551	 98.053818	 98.051163	 98.048585	 98.046081	 98.043651	 98.041292	 98.039004	 98.036785	 98.034633	 98.032546	 98.030524	 98.028565	 98.026668	  98.02483	 98.023051	 98.021329	 98.019663	 98.018051	 98.016492	 98.014985	 98.013529	 98.012121	 98.010761	 98.009448	  98.00818	 98.006956	 98.005774	 98.004635	 98.003536	 98.002476	 98.001455	  98.00047	 97.999522	 97.998609	 97.997729	 97.996883	 97.996069	 97.995285	 97.994532	 97.993807	 97.993111	 97.992442	   97.9918	 97.991183	 97.990591	 97.990023	 97.989479	 97.988957	 97.988456	 97.987977	 97.987517	 97.987078	 97.986658	 97.986255	 97.985871	 97.985504	 97.985153	 97.984819	   97.9845	 97.984196	 97.983907	 97.983631	 97.983369	 97.983121	 97.982885	 97.982661	 97.982449	 97.982249	  97.98206	 97.981881	 97.981714	 97.981556	 97.981409	 97.981271	 97.981142	 97.981023	 97.980913	 97.980811	 97.980718	 97.980634	 97.980557	 97.980489	 97.980428	 97.980376	 97.980331	 97.980293	 97.980264	 97.980241	 97.980226	 97.980219	
        99	 98.973547	 98.947101	 98.920669	 98.894258	 98.867874	 98.841526	 98.815218	 98.788959	 98.762756	 98.736614	 98.710541	 98.684544	 98.658628	 98.632801	 98.607068	 98.581437	 98.555914	 98.530505	 98.505215	 98.480052	 98.455021	 98.430127	 98.405378	 98.380777	 98.356332	 98.332046	 98.307926	 98.283977	 98.260204	 98.236611	 98.213204	 98.189987	 98.166964	 98.144141	  98.12152	 98.099107	 98.076905	 98.054919	 98.033151	 98.011605	 97.990284	 97.969193	 97.948333	 97.927708	  97.90732	 97.887172	 97.867266	 97.847605	  97.82819	 97.809025	 97.790109	 97.771446	 97.753036	 97.734881	 97.716983	 97.699341	 97.681957	 97.664832	 97.647966	  97.63136	 97.615014	 97.598929	 97.583103	 97.567538	 97.552232	 97.537186	 97.522399	  97.50787	 97.493598	 97.479584	 97.465825	 97.452321	  97.43907	 97.426071	 97.413322	 97.400823	 97.388571	 97.376565	 97.364802	 97.353282	 97.342001	 97.330958	 97.320151	 97.309577	 97.299235	  97.28912	 97.279233	 97.269569	 97.260126	 97.250901	 97.241892	 97.233097	 97.224512	 97.216134	 97.207961	 97.199989	 97.192216	  97.18464	 97.177256	 97.170061	 97.163054	  97.15623	 97.149587	 97.143122	 97.136831	 97.130711	  97.12476	 97.118974	  97.11335	 97.107885	 97.102576	 97.097419	 97.092413	 97.087553	 97.082837	 97.078261	 97.073823	 97.069519	 97.065347	 97.061304	 97.057386	 97.053592	 97.049917	 97.046359	 97.042916	 97.039584	 97.036361	 97.033243	  97.03023	 97.027317	 97.024502	 97.021782	 97.019156	  97.01662	 97.014172	  97.01181	 97.009532	 97.007334	 97.005215	 97.003172	 97.001204	 96.999307	 96.997481	 96.995722	  96.99403	 96.992401	 96.990834	 96.989328	 96.987879	 96.986487	  96.98515	 96.983865	 96.982632	 96.981448	 96.980313	 96.979223	 96.978179	 96.977178	 96.976219	 96.975301	 96.974422	 96.973582	 96.972777	 96.972009	 96.971275	 96.970574	 96.969905	 96.969267	 96.968659	  96.96808	  96.96753	 96.967006	 96.966509	 96.966037	 96.965589	 96.965166	 96.964765	 96.964387	 96.964031	 96.963695	 96.963381	 96.963085	  96.96281	 96.962553	 96.962314	 96.962094	 96.961891	 96.961705	 96.961535	 96.961382	 96.961246	 96.961125	 96.961019	  96.96093	 96.960855	 96.960795	 96.960751	 96.960721	 96.960706	
        99	 98.960329	 98.920669	  98.88103	 98.841421	 98.801855	  98.76234	 98.722888	 98.683509	 98.644212	 98.605008	 98.565907	 98.526919	 98.488054	 98.449322	 98.410732	 98.372294	 98.334017	 98.295911	 98.257986	 98.220249	  98.18271	 98.145378	 98.108262	 98.071369	 98.034709	 97.998289	 97.962117	 97.926201	 97.890549	 97.855168	 97.820064	 97.785246	  97.75072	 97.716492	 97.682569	 97.648957	 97.615662	 97.582689	 97.550044	 97.517732	 97.485758	 97.454128	 97.422845	 97.391914	 97.361339	 97.331123	 97.301271	 97.271786	 97.242671	 97.213928	 97.185562	 97.157573	 97.129964	 97.102738	 97.075896	 97.049439	 97.023369	 96.997687	 96.972394	  96.94749	 96.922977	 96.898853	  96.87512	 96.851777	 96.828824	  96.80626	 96.784084	 96.762295	 96.740893	 96.719876	 96.699242	  96.67899	 96.659118	 96.639623	 96.620505	  96.60176	 96.583386	 96.565381	 96.547741	 96.530464	 96.513547	 96.496986	 96.480779	 96.464922	 96.449411	 96.434243	 96.419415	 96.404922	  96.39076	 96.376927	 96.363417	 96.350226	 96.337351	 96.324787	  96.31253	 96.300575	 96.288919	 96.277556	 96.266482	 96.255694	 96.245185	 96.234951	 96.224989	 96.215293	 96.205858	 96.196681	 96.187756	 96.179079	 96.170645	 96.162449	 96.154487	 96.146754	 96.139246	 96.131958	 96.124885	 96.118023	 96.111367	 96.104913	 96.098657	 96.092593	 96.086718	 96.081027	 96.075516	 96.070181	 96.065017	  96.06002	 96.055186	 96.050512	 96.045992	 96.041623	 96.037402	 96.033324	 96.029385	 96.025582	 96.021911	 96.018369	 96.014952	 96.011656	 96.008478	 96.005414	 96.002462	 95.999619	  95.99688	 95.994243	 95.991704	 95.989262	 95.986912	 95.984653	  95.98248	 95.980393	 95.978387	 95.976461	 95.974611	 95.972836	 95.971133	 95.969499	 95.967933	 95.966432	 95.964994	 95.963617	 95.962299	 95.961038	 95.959833	  95.95868	 95.957579	 95.956528	 95.955525	 95.954568	 95.953657	 95.952789	 95.951963	 95.951177	 95.950431	 95.949724	 95.949053	 95.948418	 95.947817	  95.94725	 95.946715	 95.946212	  95.94574	 95.945298	 95.944884	 95.944499	 95.944141	 95.943811	 95.943506	 95.943227	 95.942973	 95.942744	 95.942539	 95.942357	 95.942199	 95.942065	 95.941953	 95.941863	 95.941797	 95.941752	  95.94173	
        99	 98.947122	 98.894258	 98.841421	 98.788627	 98.735888	 98.683218	 98.630631	 98.578141	 98.525761	 98.473505	 98.421387	 98.369419	 98.317615	 98.265987	  98.21455	 98.163315	 98.112295	 98.061503	 98.010951	 97.960651	 97.910614	 97.860854	  97.81138	 97.762206	  97.71334	 97.664795	  97.61658	 97.568707	 97.521186	 97.474025	 97.427235	 97.380825	 97.334804	 97.289181	 97.243964	 97.199162	 97.154782	 97.110831	 97.067318	 97.024249	 96.981631	 96.939469	 96.897772	 96.856543	 96.815788	 96.775513	 96.735723	 96.696421	 96.657613	 96.619302	 96.581491	 96.544184	 96.507384	 96.471093	 96.435314	  96.40005	   96.3653	 96.331068	 96.297355	  96.26416	 96.231485	 96.199331	 96.167696	 96.136582	 96.105986	  96.07591	 96.046351	 96.017309	 95.988781	 95.960767	 95.933263	 95.906269	 95.879781	 95.853797	 95.828313	 95.803328	 95.778837	 95.754837	 95.731324	 95.708295	 95.685746	 95.663672	 95.642069	 95.620932	 95.600258	  95.58004	 95.560275	 95.540957	 95.522081	 95.503642	 95.485634	 95.468052	  95.45089	 95.434144	 95.417806	 95.401871	 95.386334	 95.371188	 95.356428	 95.342047	  95.32804	 95.314399	  95.30112	 95.288196	 95.275621	 95.263388	 95.251492	 95.239926	 95.228684	 95.217759	 95.207147	 95.196839	 95.186832	 95.177117	 95.167689	 95.158543	 95.149671	 95.141069	 95.132729	 95.124647	 95.116816	  95.10923	 95.101884	 95.094773	 95.087889	 95.081229	 95.074786	 95.068555	 95.062531	 95.056708	 95.051081	 95.045645	 95.040395	 95.035326	 95.030433	 95.025711	 95.021156	 95.016763	 95.012527	 95.008444	 95.004509	 95.000718	 94.997068	 94.993553	 94.990169	 94.986914	 94.983782	  94.98077	 94.977875	 94.975092	 94.972418	 94.969851	 94.967385	 94.965019	 94.962749	 94.960572	 94.958484	 94.956483	 94.954567	 94.952732	 94.950975	 94.949294	 94.947687	 94.946151	 94.944683	 94.943282	 94.941945	  94.94067	 94.939455	 94.938298	 94.937197	  94.93615	 94.935156	 94.934212	 94.933318	 94.932471	 94.931671	 94.930915	 94.930203	 94.929532	 94.928903	 94.928313	 94.927762	 94.927248	 94.926772	 94.926331	 94.925925	 94.925553	 94.925214	 94.924909	 94.924635	 94.924393	 94.924183	 94.924003	 94.923854	 94.923735	 94.923646	 94.923587	 94.923557	
        99	 98.933928	 98.867874	 98.801855	 98.735888	  98.66999	 98.604178	 98.538471	 98.472884	 98.407435	 98.342141	 98.277019	 98.212084	 98.147355	 98.082846	 98.018574	 97.954556	 97.890806	 97.827341	 97.764176	 97.701326	 97.638805	 97.576629	 97.514811	 97.453367	 97.392309	 97.331651	 97.271407	  97.21159	 97.152211	 97.093283	 97.034819	 96.976829	 96.919326	  96.86232	 96.805821	  96.74984	 96.694386	  96.63947	   96.5851	 96.531285	 96.478033	 96.425352	  96.37325	 96.321735	 96.270812	 96.220488	  96.17077	 96.121662	 96.073171	   96.0253	 95.978055	  95.93144	 95.885458	 95.840113	 95.795407	 95.751343	 95.707924	 95.665151	 95.623025	 95.581548	 95.540721	 95.500543	 95.461016	 95.422138	 95.383909	 95.346328	 95.309394	 95.273106	  95.23746	 95.202456	  95.16809	 95.134361	 95.101264	 95.068796	 95.036954	 95.005735	 94.975133	 94.945145	 94.915766	 94.886991	 94.858816	 94.831234	 94.804241	  94.77783	 94.751997	 94.726736	 94.702039	 94.677901	 94.654315	 94.631275	 94.608774	 94.586805	 94.565362	 94.544437	 94.524022	 94.504112	 94.484698	 94.465774	  94.44733	 94.429361	 94.411859	 94.394815	 94.378223	 94.362074	 94.346361	 94.331076	 94.316212	  94.30176	 94.287713	 94.274063	 94.260802	 94.247923	 94.235419	  94.22328	   94.2115	 94.200071	 94.188986	 94.178237	 94.167817	 94.157718	 94.147933	 94.138455	 94.129276	  94.12039	 94.111789	 94.103467	 94.095417	 94.087631	 94.080104	 94.072828	 94.065797	 94.059005	 94.052445	 94.046111	 94.039998	 94.034098	 94.028406	 94.022917	 94.017624	 94.012522	 94.007605	 94.002869	 93.998307	 93.993915	 93.989688	  93.98562	 93.981706	 93.977943	 93.974325	 93.970848	 93.967508	   93.9643	 93.961219	 93.958263	 93.955426	 93.952705	 93.950097	 93.947597	 93.945202	 93.942909	 93.940714	 93.938614	 93.936606	 93.934686	 93.932852	 93.931101	 93.929431	 93.927838	 93.926319	 93.924874	 93.923498	  93.92219	 93.920948	 93.919769	 93.918652	 93.917594	 93.916593	 93.915649	 93.914759	 93.913921	 93.913135	 93.912398	 93.911709	 93.911068	 93.910472	 93.909921	 93.909413	 93.908949	 93.908526	 93.908144	 93.907802	   93.9075	 93.907237	 93.907013	 93.906826	 93.906678	 93.906567	 93.906493	 93.906456	
        99	 98.920752	 98.841526	  98.76234	 98.683218	 98.604178	 98.525243	 98.446432	 98.367765	 98.289265	  98.21095	  98.13284	 98.054957	 97.977318	 97.899945	 97.822857	 97.746071	 97.669609	 97.593487	 97.517725	 97.442341	 97.367353	 97.292777	 97.218632	 97.144934	   97.0717	 96.998946	 96.926688	 96.854941	 96.783721	 96.713042	 96.642918	 96.573365	 96.504394	 96.436019	 96.368253	 96.301108	 96.234596	 96.168728	 96.103516	 96.038969	 95.975097	 95.911911	 95.849419	  95.78763	 95.726551	 95.666192	 95.606559	 95.547658	 95.489496	  95.43208	 95.375413	 95.319502	  95.26435	 95.209962	  95.15634	 95.103489	 95.051411	 95.000108	 94.949582	 94.899834	 94.850864	 94.802675	 94.755264	 94.708634	 94.662781	 94.617706	 94.573406	 94.529881	 94.487127	 94.445142	 94.403923	 94.363467	  94.32377	 94.284828	 94.246636	  94.20919	 94.172486	 94.136518	  94.10128	 94.066767	 94.032972	  93.99989	 93.967514	 93.935837	 93.904852	 93.874553	 93.844931	 93.815979	  93.78769	 93.760055	 93.733067	 93.706717	 93.680997	 93.655899	 93.631414	 93.607533	 93.584248	 93.561549	 93.539428	 93.517875	 93.496883	  93.47644	 93.456539	  93.43717	 93.418323	  93.39999	 93.382161	 93.364827	 93.347979	 93.331607	 93.315702	 93.300255	 93.285256	 93.270697	 93.256568	  93.24286	 93.229564	 93.216672	 93.204173	  93.19206	 93.180324	 93.168956	 93.157947	 93.147288	 93.136973	 93.126991	 93.117335	 93.107997	 93.098968	 93.090241	 93.081808	 93.073662	 93.065794	 93.058197	 93.050864	 93.043788	 93.036961	 93.030377	 93.024028	 93.017909	 93.012012	 93.006331	  93.00086	 92.995592	 92.990521	 92.985642	 92.980948	 92.976434	 92.972095	 92.967925	 92.963918	  92.96007	 92.956375	 92.952829	 92.949427	 92.946164	 92.943035	 92.940037	 92.937164	 92.934414	 92.931781	 92.929262	 92.926853	 92.924551	 92.922351	 92.920251	 92.918248	 92.916337	 92.914516	 92.912782	 92.911132	 92.909563	 92.908073	 92.906659	 92.905319	  92.90405	  92.90285	 92.901717	  92.90065	 92.899645	 92.898702	 92.897818	 92.896992	 92.896222	 92.895508	 92.894847	 92.894238	 92.893681	 92.893174	 92.892716	 92.892306	 92.891944	 92.891628	 92.891359	 92.891136	 92.890957	 92.890824	 92.890735	 92.890691	
        99	 98.907597	 98.815218	 98.722888	 98.630631	 98.538471	 98.446432	 98.354538	 98.262813	 98.171281	 98.079965	 97.988889	 97.898077	  97.80755	 97.717333	 97.627447	 97.537916	  97.44876	 97.360002	 97.271664	 97.183765	 97.096329	 97.009373	  96.92292	 96.836988	 96.751597	 96.666765	 96.582512	 96.498855	 96.415812	   96.3334	 96.251636	 96.170536	 96.090116	 96.010391	 95.931375	 95.853084	 95.775531	 95.698729	 95.622691	 95.547429	 95.472955	 95.399279	 95.326413	 95.254367	  95.18315	  95.11277	 95.043238	 94.974559	 94.906743	 94.839795	 94.773721	 94.708528	 94.644221	 94.580804	 94.518282	 94.456657	 94.395934	 94.336115	 94.277201	 94.219194	 94.162096	 94.105907	 94.050626	 93.996254	  93.94279	 93.890232	 93.838579	 93.787828	 93.737977	 93.689023	 93.640961	 93.593789	 93.547502	 93.502095	 93.457564	 93.413902	 93.371105	 93.329166	 93.288078	 93.247836	 93.208431	 93.169857	 93.132107	 93.095171	 93.059043	 93.023713	 92.989174	 92.955416	 92.922431	 92.890209	 92.858741	 92.828017	 92.798028	 92.768763	 92.740213	 92.712368	 92.685217	  92.65875	 92.632957	 92.607827	 92.583349	 92.559513	 92.536308	 92.513724	 92.491749	 92.470372	 92.449584	 92.429373	 92.409727	 92.390637	 92.372092	 92.354081	 92.336592	 92.319616	 92.303141	 92.287158	 92.271655	 92.256622	 92.242049	 92.227926	 92.214241	 92.200986	 92.188149	 92.175721	 92.163693	 92.152054	 92.140796	 92.129907	  92.11938	 92.109204	 92.099371	 92.089872	 92.080698	  92.07184	  92.06329	 92.055039	 92.047079	 92.039402	    92.032	 92.024865	 92.017989	 92.011365	 92.004985	 91.998842	  91.99293	 91.987241	 91.981768	 91.976505	 91.971446	 91.966583	 91.961911	 91.957424	 91.953116	 91.948981	 91.945014	 91.941209	 91.937561	 91.934065	 91.930716	 91.927509	 91.924439	 91.921502	 91.918693	 91.916009	 91.913444	 91.910996	 91.908659	 91.906431	 91.904308	 91.902286	 91.900362	 91.898533	 91.896796	 91.895147	 91.893584	 91.892105	 91.890706	 91.889385	  91.88814	 91.886969	 91.885869	 91.884838	 91.883875	 91.882978	 91.882145	 91.881374	 91.880664	 91.880014	 91.879423	 91.878889	 91.878411	 91.877989	 91.877621	 91.877307	 91.877046	 91.876839	 91.876683	 91.876579	 91.876528	
        99	 98.894466	 98.788959	 98.683509	 98.578141	 98.472884	 98.367765	 98.262813	 98.158053	 98.053514	 97.949221	 97.845203	 97.741485	 97.638095	 97.535057	 97.432398	 97.330143	 97.228317	 97.126947	 97.026054	 96.925665	 96.825803	 96.726491	 96.627752	 96.529608	 96.432082	 96.335196	 96.238969	 96.143424	  96.04858	 95.954457	 95.861074	 95.768449	   95.6766	 95.585546	 95.495302	 95.405885	 95.317311	 95.229594	 95.142751	 95.056793	 94.971736	 94.887591	  94.80437	 94.722085	 94.640747	 94.560367	 94.480953	 94.402515	 94.325061	 94.248599	 94.173136	 94.098679	 94.025233	 93.952804	 93.881397	 93.811015	 93.741663	 93.673343	 93.606057	 93.539807	 93.474595	  93.41042	 93.347284	 93.285186	 93.224124	 93.164097	 93.105104	 93.047141	 92.990205	 92.934294	 92.879403	 92.825527	 92.772662	 92.720803	 92.669943	 92.620077	 92.571198	 92.523299	 92.476373	 92.430411	 92.385407	 92.341352	 92.298236	 92.256052	  92.21479	  92.17444	 92.134992	 92.096437	 92.058764	 92.021963	 91.986023	 91.950933	 91.916682	 91.883259	 91.850652	  91.81885	 91.787841	 91.757613	 91.728154	 91.699453	 91.671497	 91.644273	 91.617771	 91.591977	 91.566879	 91.542465	 91.518722	 91.495639	 91.473202	 91.451399	 91.430218	 91.409647	 91.389673	 91.370285	 91.351469	 91.333214	 91.315509	  91.29834	 91.281695	 91.265565	 91.249935	 91.234796	 91.220135	 91.205942	 91.192204	 91.178912	 91.166053	 91.153617	 91.141594	 91.129972	 91.118742	 91.107893	 91.097415	 91.087299	 91.077533	  91.06811	 91.059019	 91.050251	 91.041796	 91.033647	 91.025794	 91.018229	 91.010942	 91.003927	 90.997175	 90.990677	 90.984426	 90.978416	 90.972637	 90.967083	 90.961748	 90.956623	 90.951703	  90.94698	 90.942449	 90.938104	 90.933937	 90.929945	 90.926119	 90.922456	  90.91895	 90.915596	 90.912388	 90.909322	 90.906393	 90.903597	 90.900928	 90.898383	 90.895958	 90.893649	 90.891452	 90.889363	 90.887379	 90.885496	 90.883711	 90.882021	 90.880423	 90.878915	 90.877493	 90.876155	 90.874899	 90.873722	 90.872622	 90.871597	 90.870646	 90.869765	 90.868955	 90.868213	 90.867537	 90.866927	 90.866382	 90.865899	 90.865479	 90.865121	 90.864823	 90.864586	 90.864408	  90.86429	  90.86423	
        99	 98.881362	 98.762756	 98.644212	 98.525761	 98.407435	 98.289265	 98.171281	 98.053514	 97.935994	 97.818752	 97.701819	 97.585223	 97.468995	 97.353164	 97.237758	 97.122807	 97.008338	 96.894381	 96.780962	 96.668108	 96.555846	 96.444203	 96.333204	 96.222875	  96.11324	 96.004323	 95.896149	 95.788741	  95.68212	  95.57631	 95.471332	 95.367207	 95.263954	 95.161593	 95.060144	 94.959625	 94.860053	 94.761446	 94.663819	 94.567189	 94.471571	 94.376978	 94.283424	 94.190922	 94.099486	 94.009125	  93.91985	 93.831673	 93.744602	 93.658647	 93.573814	 93.490112	 93.407547	 93.326125	 93.245851	 93.166731	 93.088767	 93.011964	 92.936324	 92.861848	 92.788539	 92.716396	 92.645421	 92.575612	 92.506968	 92.439489	  92.37317	  92.30801	 92.244006	 92.181152	 92.119445	  92.05888	 91.999452	 91.941153	 91.883979	 91.827921	 91.772973	 91.719126	 91.666373	 91.614705	 91.564113	 91.514588	 91.466119	 91.418697	 91.372311	 91.326951	 91.282606	 91.239264	 91.196913	 91.155543	  91.11514	 91.075693	  91.03719	 90.999617	 90.962961	  90.92721	 90.892351	 90.858369	 90.825253	 90.792988	 90.761561	 90.730957	 90.701164	 90.672168	 90.643953	 90.616508	 90.589817	 90.563868	 90.538645	 90.514135	 90.490324	 90.467199	 90.444745	 90.422949	 90.401798	 90.381276	 90.361372	 90.342071	  90.32336	 90.305227	 90.287657	 90.270638	 90.254157	 90.238201	 90.222758	 90.207815	 90.193359	 90.179379	 90.165863	 90.152798	 90.140174	 90.127978	 90.116199	 90.104826	 90.093849	 90.083255	 90.073035	 90.063178	 90.053675	 90.044513	 90.035685	 90.027181	  90.01899	 90.011103	 90.003512	 89.996208	 89.989181	 89.982424	 89.975928	 89.969685	 89.963687	 89.957926	 89.952395	 89.947086	 89.941992	 89.937107	 89.932423	 89.927935	 89.923635	 89.919517	 89.915575	 89.911805	 89.908198	 89.904752	 89.901459	 89.898315	 89.895316	 89.892455	 89.889729	 89.887133	 89.884663	 89.882314	 89.880084	 89.877967	  89.87596	 89.874061	 89.872265	 89.870569	 89.868971	 89.867467	 89.866054	 89.864731	 89.863495	 89.862343	 89.861273	 89.860284	 89.859372	 89.858538	 89.857779	 89.857093	  89.85648	 89.855937	 89.855465	 89.855062	 89.854727	 89.854461	 89.854261	 89.854128	 89.854061	
        99	  98.86829	 98.736614	 98.605008	 98.473505	 98.342141	  98.21095	 98.079965	 97.949221	 97.818752	 97.688592	 97.558774	 97.429331	 97.300295	 97.171701	 97.043579	 96.915961	  96.78888	 96.662365	 96.536448	 96.411159	 96.286528	 96.162583	 96.039353	 95.916866	 95.795151	 95.674233	 95.554139	 95.434896	 95.316527	 95.199058	 95.082512	 94.966913	 94.852283	 94.738644	 94.626016	 94.514421	 94.403878	 94.294405	 94.186021	 94.078743	 93.972588	 93.867572	  93.76371	 93.661016	 93.559504	 93.459186	 93.360075	 93.262181	 93.165516	 93.070089	 92.975909	 92.882984	 92.791321	 92.700927	 92.611808	  92.52397	 92.437415	 92.352149	 92.268174	 92.185492	 92.104105	 92.024013	 91.945217	 91.867716	 91.791509	 91.716593	 91.642968	 91.570628	 91.499571	 91.429791	 91.361285	 91.294047	  91.22807	 91.163347	 91.099873	 91.037638	 90.976635	 90.916855	  90.85829	 90.800928	 90.744762	 90.689779	  90.63597	 90.583322	 90.531825	 90.481467	 90.432235	 90.384117	   90.3371	 90.291171	 90.246317	 90.202523	 90.159777	 90.118064	 90.077369	 90.037679	 89.998978	 89.961253	 89.924487	 89.888667	 89.853777	 89.819801	 89.786725	 89.754533	  89.72321	 89.692741	 89.663109	   89.6343	 89.606298	 89.579087	 89.552653	  89.52698	 89.502052	 89.477854	 89.454372	 89.431589	 89.409492	 89.388064	 89.367292	  89.34716	 89.327654	  89.30876	 89.290463	 89.272749	 89.255604	 89.239014	 89.222966	 89.207445	  89.19244	 89.177936	  89.16392	  89.15038	 89.137304	 89.124678	  89.11249	 89.100729	 89.089383	  89.07844	 89.067889	 89.057719	 89.047918	 89.038476	 89.029383	 89.020627	   89.0122	 89.004091	  88.99629	 88.988788	 88.981576	 88.974645	 88.967986	  88.96159	 88.955449	 88.949556	 88.943901	 88.938477	 88.933278	 88.928294	  88.92352	 88.918949	 88.914573	 88.910387	 88.906383	 88.902557	 88.898901	 88.895411	 88.892081	 88.888905	 88.885879	 88.882997	 88.880254	 88.877647	 88.875171	 88.872821	 88.870593	 88.868484	  88.86649	 88.864608	 88.862833	 88.861163	 88.859596	 88.858127	 88.856754	 88.855475	 88.854287	 88.853189	 88.852177	 88.851251	 88.850408	 88.849647	 88.848966	 88.848364	  88.84784	 88.847392	 88.847021	 88.846724	 88.846502	 88.846355	 88.846281	
        99	 98.855252	 98.710541	 98.565907	 98.421387	 98.277019	  98.13284	 97.988889	 97.845203	 97.701819	 97.558774	 97.416105	 97.273848	 97.132039	 96.990714	 96.849909	 96.709659	 96.569997	 96.430959	 96.292577	 96.154886	 96.017917	 95.881702	 95.746274	 95.611662	 95.477898	  95.34501	 95.213028	  95.08198	 94.951894	 94.822797	 94.694714	 94.567672	 94.441694	 94.316805	 94.193029	 94.070386	   93.9489	  93.82859	 93.709477	  93.59158	 93.474917	 93.359505	 93.245361	 93.132501	  93.02094	 92.910692	 92.801769	 92.694185	 92.587951	 92.483078	 92.379574	  92.27745	 92.176714	 92.077372	 91.979431	 91.882897	 91.787775	 91.694068	  91.60178	 91.510913	 91.421469	 91.333449	 91.246853	  91.16168	 91.077929	 90.995597	 90.914683	 90.835182	 90.757091	 90.680404	 90.605117	 90.531222	 90.458714	 90.387585	 90.317826	 90.249431	 90.182389	 90.116692	 90.052329	 89.989289	 89.927563	 89.867137	 89.808001	 89.750142	 89.693547	 89.638204	 89.584099	 89.531217	 89.479546	 89.429071	 89.379776	 89.331647	 89.284669	 89.238827	 89.194104	 89.150484	 89.107953	 89.066493	 89.026088	 88.986722	 88.948378	 88.911039	 88.874689	  88.83931	 88.804886	   88.7714	 88.738836	 88.707175	   88.6764	 88.646496	 88.617445	  88.58923	 88.561835	 88.535242	 88.509435	 88.484397	 88.460112	 88.436563	 88.413735	  88.39161	 88.370173	 88.349409	   88.3293	 88.309833	  88.29099	 88.272758	 88.255121	 88.238065	 88.221574	 88.205634	 88.190231	 88.175351	  88.16098	 88.147104	  88.13371	 88.120785	 88.108316	  88.09629	 88.084694	 88.073517	 88.062746	 88.052369	 88.042375	 88.032753	 88.023492	  88.01458	 88.006007	 87.997762	 87.989836	 87.982219	 87.974901	 87.967872	 87.961123	 87.954646	 87.948432	 87.942471	 87.936757	  87.93128	 87.926034	  87.92101	 87.916201	   87.9116	   87.9072	 87.902995	 87.898978	 87.895142	 87.891482	 87.887992	 87.884666	 87.881498	 87.878485	 87.875619	 87.872898	 87.870315	 87.867867	 87.865549	 87.863358	 87.861289	 87.859339	 87.857504	 87.855781	 87.854166	 87.852658	 87.851252	 87.849947	  87.84874	 87.847628	  87.84661	 87.845684	 87.844847	 87.844099	 87.843437	 87.842861	 87.842369	 87.841961	 87.841635	 87.841392	 87.841229	 87.841148	
        99	 98.842251	 98.684544	 98.526919	 98.369419	 98.212084	 98.054957	 97.898077	 97.741485	 97.585223	 97.429331	 97.273848	 97.118814	 96.964269	 96.810251	   96.6568	 96.503952	 96.351747	 96.200221	 96.049411	 95.899353	 95.750082	 95.601633	 95.454041	  95.30734	 95.161561	 95.016738	 94.872903	 94.730085	 94.588315	 94.447623	 94.308036	 94.169584	 94.032291	 93.896186	 93.761292	 93.627635	 93.495237	 93.364122	 93.234311	 93.105825	 92.978683	 92.852906	  92.72851	 92.605514	 92.483933	 92.363783	 92.245077	 92.127831	 92.012055	 91.897763	 91.784963	 91.673667	 91.563883	 91.455618	 91.348881	 91.243677	 91.140011	 91.037888	 90.937311	 90.838283	 90.740806	 90.644881	 90.550507	 90.457684	 90.366411	 90.276685	 90.188503	 90.101862	 90.016757	 89.933183	 89.851133	 89.770602	 89.691581	 89.614063	  89.53804	 89.463502	 89.390439	 89.318841	 89.248697	 89.179995	 89.112725	 89.046872	 88.982425	 88.919369	 88.857691	 88.797377	 88.738413	 88.680782	  88.62447	 88.569461	 88.515739	 88.463287	  88.41209	  88.36213	  88.31339	 88.265853	 88.219502	 88.174318	 88.130284	 88.087382	 88.045594	 88.004902	 87.965287	 87.926731	 87.889216	 87.852722	 87.817233	 87.782728	  87.74919	   87.7166	  87.68494	 87.654191	 87.624335	 87.595353	 87.567228	 87.539942	 87.513475	 87.487812	 87.462933	 87.438821	 87.415459	 87.392829	 87.370915	 87.349699	 87.329164	 87.309295	 87.290074	 87.271485	 87.253513	 87.236142	 87.219355	 87.203139	 87.187477	 87.172355	 87.157758	 87.143672	 87.130083	 87.116976	 87.104339	 87.092158	  87.08042	 87.069111	  87.05822	 87.047734	  87.03764	 87.027928	 87.018585	   87.0096	 87.000962	 86.992661	 86.984685	 86.977025	  86.96967	 86.962612	 86.955839	 86.949343	 86.943115	 86.937147	 86.931429	 86.925954	 86.920713	 86.915699	 86.910904	 86.906321	 86.901943	 86.897763	 86.893774	 86.889971	 86.886346	 86.882894	  86.87961	 86.876487	 86.873521	 86.870706	 86.868038	 86.865513	 86.863124	  86.86087	 86.858744	 86.856744	 86.854867	 86.853107	 86.851463	 86.849931	 86.848509	 86.847193	 86.845982	 86.844872	 86.843863	 86.842951	 86.842135	 86.841414	 86.840786	  86.84025	 86.839805	 86.839451	 86.839185	 86.839008	  86.83892	
        99	 98.829291	 98.658628	 98.488054	 98.317615	 98.147355	 97.977318	  97.80755	 97.638095	 97.468995	 97.300295	 97.132039	 96.964269	 96.797027	 96.630356	 96.464299	 96.298895	 96.134185	 95.970211	 95.807011	 95.644625	 95.483091	 95.322447	  95.16273	 95.003976	 94.846222	 94.689501	 94.533849	 94.379298	 94.225882	 94.073631	 93.922577	  93.77275	 93.624179	 93.476892	 93.330917	 93.186279	 93.043004	 92.901118	 92.760642	   92.6216	 92.484014	 92.347903	 92.213288	 92.080187	 91.948618	 91.818597	  91.69014	 91.563261	 91.437974	 91.314292	 91.192226	 91.071786	 90.952983	 90.835824	 90.720318	 90.606471	 90.494289	 90.383776	 90.274937	 90.167774	 90.062288	 89.958482	 89.856355	 89.755907	 89.657135	 89.560038	 89.464612	 89.370853	 89.278756	 89.188316	 89.099526	 89.012378	 88.926866	  88.84298	 88.760711	 88.680049	 88.600984	 88.523504	 88.447598	 88.373252	 88.300455	 88.229192	  88.15945	 88.091214	  88.02447	 87.959201	 87.895392	 87.833027	 87.772088	  87.71256	 87.654425	 87.597664	 87.542261	 87.488197	 87.435453	 87.384011	 87.333851	 87.284955	 87.237304	 87.190878	 87.145657	 87.101621	 87.058752	 87.017028	 86.976431	 86.936939	 86.898534	 86.861195	 86.824902	 86.789634	 86.755373	 86.722098	 86.689789	 86.658427	 86.627991	 86.598463	 86.569822	  86.54205	 86.515128	 86.489035	 86.463754	 86.439265	  86.41555	 86.392591	  86.37037	 86.348868	 86.328068	 86.307952	 86.288503	 86.269705	 86.251539	  86.23399	 86.217042	 86.200678	 86.184882	 86.169638	 86.154933	  86.14075	 86.127075	 86.113893	  86.10119	 86.088952	 86.077166	 86.065819	 86.054896	 86.044386	 86.034275	 86.024552	 86.015205	 86.006221	 85.997591	 85.989301	 85.981342	 85.973703	 85.966374	 85.959345	 85.952606	 85.946147	 85.939959	 85.934034	 85.928363	 85.922937	 85.917748	 85.912789	 85.908051	 85.903527	 85.899211	 85.895095	 85.891172	 85.887437	 85.883883	 85.880503	 85.877294	 85.874248	 85.871361	 85.868627	 85.866043	 85.863603	 85.861303	 85.859139	 85.857107	 85.855203	 85.853424	 85.851766	 85.850227	 85.848803	 85.847492	 85.846292	 85.845199	 85.844212	  85.84333	 85.842549	  85.84187	  85.84129	 85.840808	 85.840424	 85.840137	 85.839946	  85.83985	
        99	 98.816376	 98.632801	 98.449322	 98.265987	 98.082846	 97.899945	 97.717333	 97.535057	 97.353164	 97.171701	 96.990714	 96.810251	 96.630356	 96.451076	 96.272455	 96.094537	 95.917366	 95.740986	 95.565439	 95.390767	 95.217012	 95.044214	 94.872413	 94.701649	 94.531959	 94.363381	 94.195953	 94.029709	 93.864686	 93.700916	 93.538434	 93.377272	  93.21746	  93.05903	  92.90201	 92.746429	 92.592315	 92.439694	  92.28859	 92.139029	 91.991033	 91.844625	 91.699825	 91.556654	 91.415131	 91.275273	 91.137097	 91.000619	 90.865853	 90.732814	 90.601512	 90.471961	 90.344169	 90.218146	 90.093902	 89.971441	 89.850772	 89.731898	 89.614824	 89.499553	 89.386087	 89.274427	 89.164573	 89.056525	 88.950281	 88.845838	 88.743192	  88.64234	 88.543275	 88.445992	 88.350484	 88.256744	 88.164762	 88.074529	 87.986036	 87.899272	 87.814224	 87.730883	 87.649233	 87.569263	 87.490958	 87.414304	 87.339286	 87.265887	 87.194093	 87.123886	 87.055249	 86.988166	 86.922617	 86.858585	 86.796051	 86.734996	 86.675402	 86.617247	 86.560512	 86.505178	 86.451224	 86.398629	 86.347372	 86.297434	 86.248791	 86.201424	 86.155311	 86.110431	 86.066762	 86.024283	 85.982972	 85.942808	 85.903769	 85.865833	  85.82898	 85.793187	 85.758434	 85.724699	 85.691961	 85.660198	 85.629391	 85.599518	 85.570558	 85.542491	 85.515297	 85.488956	 85.463447	 85.438751	 85.414848	  85.39172	 85.369346	 85.347708	 85.326788	 85.306567	 85.287028	 85.268151	  85.24992	 85.232318	 85.215327	  85.19893	 85.183112	 85.167856	 85.153146	 85.138967	 85.125303	  85.11214	 85.099462	 85.087256	 85.075507	 85.064201	 85.053326	 85.042867	 85.032813	  85.02315	 85.013866	 85.004949	 84.996388	 84.988171	 84.980288	 84.972727	 84.965477	  84.95853	 84.951874	 84.945501	 84.939401	 84.933564	 84.927983	 84.922648	 84.917552	 84.912686	 84.908043	 84.903615	 84.899396	 84.895378	 84.891555	  84.88792	 84.884467	 84.881191	 84.878086	 84.875146	 84.872366	 84.869741	 84.867267	 84.864939	 84.862753	 84.860705	 84.858792	 84.857009	 84.855353	 84.853822	 84.852411	  84.85112	 84.849945	 84.848883	 84.847934	 84.847095	 84.846364	  84.84574	 84.845222	 84.844809	   84.8445	 84.844294	 84.844191	
        99	 98.803508	 98.607068	 98.410732	  98.21455	 98.018574	 97.822857	 97.627447	 97.432398	 97.237758	 97.043579	 96.849909	   96.6568	 96.464299	 96.272455	 96.081316	  95.89093	 95.701344	 95.512603	 95.324755	 95.137842	 94.951911	 94.767004	 94.583164	 94.400432	 94.218851	  94.03846	 93.859299	 93.681405	 93.504817	 93.329571	 93.155703	 92.983247	 92.812236	 92.642703	  92.47468	 92.308197	 92.143283	 91.979966	 91.818274	 91.658231	 91.499865	 91.343196	  91.18825	 91.035046	 90.883605	 90.733946	 90.586087	 90.440045	 90.295835	 90.153473	  90.01297	  89.87434	 89.737593	 89.602739	 89.469787	 89.338745	  89.20962	 89.082415	 88.957137	 88.833788	 88.712371	 88.592886	 88.475334	 88.359715	 88.246025	 88.134263	 88.024424	 87.916504	 87.810497	 87.706397	 87.604197	 87.503887	 87.405459	 87.308903	 87.214209	 87.121364	 87.030357	 86.941175	 86.853804	 86.768229	 86.684437	 86.602411	 86.522136	 86.443594	 86.366768	 86.291641	 86.218195	  86.14641	 86.076268	 86.007749	 85.940833	   85.8755	 85.811729	 85.749499	 85.688788	 85.629577	 85.571841	 85.515561	 85.460712	 85.407274	 85.355223	 85.304536	 85.255192	 85.207167	 85.160438	 85.114982	 85.070776	 85.027797	 84.986022	 84.945428	 84.905992	 84.867691	 84.830503	 84.794403	 84.759371	 84.725383	 84.692417	  84.66045	 84.629461	 84.599427	 84.570328	  84.54214	 84.514844	 84.488417	 84.462839	  84.43809	 84.414148	 84.390994	 84.368608	  84.34697	 84.326061	 84.305862	 84.286354	 84.267518	 84.249336	  84.23179	 84.214864	 84.198539	 84.182798	 84.167625	 84.153004	 84.138918	 84.125352	  84.11229	 84.099718	  84.08762	 84.075982	 84.064791	 84.054032	 84.043691	 84.033757	 84.024216	 84.015055	 84.006262	 83.997826	 83.989735	 83.981978	 83.974544	 83.967422	 83.960602	 83.954074	 83.947828	 83.941856	 83.936147	 83.930694	 83.925487	 83.920519	 83.915781	 83.911266	 83.906966	 83.902875	 83.898986	 83.895291	 83.891785	 83.888462	 83.885316	 83.882341	 83.879533	 83.876885	 83.874394	 83.872055	 83.869864	 83.867816	 83.865908	 83.864136	 83.862497	 83.860988	 83.859606	 83.858349	 83.857213	 83.856197	 83.855299	 83.854517	  83.85385	 83.853295	 83.852853	 83.852522	 83.852302	 83.852192	
        99	 98.790691	 98.581437	 98.372294	 98.163315	 97.954556	 97.746071	 97.537916	 97.330143	 97.122807	 96.915961	 96.709659	 96.503952	 96.298895	 96.094537	  95.89093	 95.688125	 95.486172	  95.28512	 95.085018	 94.885914	 94.687854	 94.490885	 94.295053	 94.100402	 93.906977	 93.714819	 93.523971	 93.334473	 93.146366	 92.959689	 92.774479	 92.590774	 92.408608	 92.228016	 92.049033	  91.87169	 91.696019	 91.522049	 91.349809	 91.179327	  91.01063	 90.843743	 90.678689	 90.515491	 90.354172	 90.194751	 90.037247	 89.881679	 89.728062	 89.576413	 89.426745	 89.279072	 89.133405	 88.989755	 88.848131	 88.708541	 88.570992	 88.435491	 88.302041	 88.170646	 88.041308	  87.91403	  87.78881	 87.665648	 87.544543	  87.42549	 87.308486	 87.193527	 87.080605	 86.969715	 86.860848	 86.753995	 86.649146	 86.546292	 86.445421	  86.34652	 86.249577	 86.154577	 86.061507	  85.97035	 85.881092	 85.793716	 85.708204	 85.624539	 85.542702	 85.462675	 85.384437	  85.30797	 85.233252	 85.160264	 85.088983	 85.019388	 84.951457	 84.885168	 84.820497	 84.757423	 84.695922	  84.63597	 84.577544	 84.520619	 84.465173	 84.411181	 84.358617	 84.307459	 84.257682	 84.209261	 84.162172	 84.116389	 84.071889	 84.028647	 83.986639	  83.94584	 83.906225	 83.867772	 83.830454	 83.794249	 83.759132	  83.72508	  83.69207	 83.660077	 83.629079	 83.599053	 83.569976	 83.541826	 83.514579	 83.488216	 83.462712	 83.438048	 83.414202	 83.391152	 83.368879	 83.347362	 83.326582	 83.306517	 83.287149	 83.268459	 83.250429	 83.233038	 83.216271	 83.200108	 83.184533	 83.169529	 83.155078	 83.141164	 83.127771	 83.114885	 83.102488	 83.090566	 83.079105	 83.068091	 83.057508	 83.047344	 83.037586	  83.02822	 83.019233	 83.010615	 83.002351	 82.994432	 82.986846	 82.979581	 82.972627	 82.965974	 82.959612	 82.953531	 82.947722	 82.942176	 82.936883	 82.931836	 82.927027	 82.922447	 82.918089	 82.913945	  82.91001	 82.906275	 82.902736	 82.899384	 82.896215	 82.893224	 82.890404	  82.88775	 82.885259	 82.882924	 82.880743	  82.87871	 82.876823	 82.875077	  82.87347	 82.871998	 82.870658	 82.869448	 82.868366	 82.867409	 82.866576	 82.865865	 82.865275	 82.864804	 82.864451	 82.864217	   82.8641	
        99	 98.777928	 98.555914	 98.334017	 98.112295	 97.890806	 97.669609	  97.44876	 97.228317	 97.008338	  96.78888	 96.569997	 96.351747	 96.134185	 95.917366	 95.701344	 95.486172	 95.271904	 95.058593	 94.846289	 94.635043	 94.424906	 94.215926	 94.008153	 93.801632	 93.596412	 93.392537	 93.190051	 92.988998	 92.789421	  92.59136	 92.394857	 92.199949	 92.006675	 91.815071	 91.625174	 91.437017	 91.250633	 91.066055	 90.883312	 90.702435	 90.523451	 90.346387	 90.171268	 89.998119	 89.826963	  89.65782	 89.490712	 89.325658	 89.162674	 89.001777	 88.842983	 88.686305	 88.531756	 88.379346	 88.229086	 88.080984	 87.935048	 87.791283	 87.649696	 87.510288	 87.373064	 87.238024	 87.105169	 86.974497	 86.846006	 86.719694	 86.595556	 86.473586	 86.353779	 86.236127	 86.120621	 86.007252	  85.89601	 85.786884	 85.679862	  85.57493	 85.472075	 85.371283	 85.272537	 85.175822	 85.081121	 84.988417	 84.897691	 84.808924	 84.722097	 84.637189	 84.554181	 84.473051	 84.393777	 84.316338	  84.24071	 84.166872	 84.094798	 84.024467	 83.955853	 83.888933	 83.823681	 83.760073	 83.698085	 83.637689	 83.578862	 83.521577	 83.465809	 83.411531	 83.358718	 83.307345	 83.257384	  83.20881	 83.161596	 83.115717	 83.071148	  83.02786	  82.98583	 82.945032	 82.905438	 82.867026	 82.829768	 82.793639	 82.758616	 82.724672	 82.691784	 82.659927	 82.629077	  82.59921	 82.570302	 82.542331	 82.515272	 82.489104	 82.463804	 82.439349	 82.415718	 82.392889	 82.370841	 82.349552	 82.329004	 82.309174	 82.290044	 82.271593	 82.253804	 82.236655	 82.220131	 82.204211	 82.188879	 82.174117	 82.159907	 82.146235	 82.133082	 82.120434	 82.108274	 82.096587	  82.08536	 82.074576	 82.064222	 82.054285	 82.044751	 82.035607	 82.026839	 82.018437	 82.010388	  82.00268	 81.995303	 81.988244	 81.981494	 81.975042	 81.968879	 81.962994	 81.957379	 81.952024	 81.946922	 81.942062	 81.937439	 81.933043	 81.928867	 81.924905	 81.921149	 81.917593	 81.914231	 81.911057	 81.908065	  81.90525	 81.902606	  81.90013	 81.897815	 81.895659	 81.893656	 81.891804	 81.890099	 81.888537	 81.887116	 81.885832	 81.884684	 81.883669	 81.882785	 81.882031	 81.881404	 81.880904	 81.880531	 81.880282	 81.880157	
