Time step 52:
        99	        99	        99	        99	        99	        99	        99	        99	        99	        99	        99	        99	        99	        99	        99	        99	        99	        99	        99	        99	        99	        99	        99	        99	        99	        99	        99	        99	        99	        99	        99	        99	        99	        99	        99	        99	        99	        99	        99	        99	        99	        99	        99	        99	        99	        99	        99	        99	        99	        99	        99	        99	        99	        99	        99	        99	        99	        99	        99	        99	        99	        99	        99	        99	        99	        99	        99	        99	        99	        99	        99	        99	        99	        99	        99	        99	        99	        99	        99	        99	        99	        99	        99	        99	        99	        99	        99	        99	        99	        99	        99	        99	        99	        99	        99	        99	        99	        99	        99	        99	        99	        99	        99	        99	        99	        99	        99	        99	        99	        99	        99	        99	        99	        99	        99	        99	        99	        99	        99	        99	        99	        99	        99	        99	        99	        99	        99	        99	        99	        99	        99	        99	        99	        99	        99	        99	        99	        99	        99	        99	        99	        99	        99	        99	        99	        99	        99	        99	        99	        99	        99	        99	        99	        99	        99	        99	        99	        99	        99	        99	        99	        99	        99	        99	        99	        99	        99	        99	        99	        99	        99	        99	        99	        99	        99	        99	        99	        99	        99	        99	        99	        99	        99	        99	        99	        99	        99	        99	        99	        99	        99	        99	        99	        99	        99	        99	        99	        99	        99	        99	
        99	 98.987789	 98.975582	  98.96338	 98.951187	 98.939006	 98.926839	 98.914691	 98.902563	 98.890458	  98.87838	 98.866332	 98.854315	 98.842333	 98.830389	 98.818486	 98.806626	 98.794812	 98.783047	 98.771333	 98.759672	 98.748069	 98.736524	 98.725041	 98.713622	 98.702269	 98.690985	 98.679772	 98.668632	 98.657567	 98.646581	 98.635674	 98.624848	 98.614107	 98.603451	 98.592883	 98.582405	 98.572017	 98.561723	 98.551523	 98.541419	 98.531413	 98.521506	 98.511699	 98.501995	 98.492393	 98.482896	 98.473504	 98.464219	 98.455041	 98.445972	 98.437013	 98.428164	 98.419425	 98.410799	 98.402285	 98.393883	 98.385596	 98.377422	 98.369362	 98.361418	 98.353588	 98.345873	 98.338273	 98.330789	  98.32342	 98.316167	 98.309029	 98.302006	 98.295098	 98.288305	 98.281626	 98.275062	 98.268611	 98.262273	 98.256049	 98.249937	 98.243936	 98.238047	 98.232268	 98.226599	 98.221039	 98.215588	 98.210243	 98.205006	 98.199874	 98.194847	 98.189924	 98.185104	 98.180386	 98.175768	 98.171251	 98.166832	 98.162511	 98.158286	 98.154156	 98.150121	 98.146179	 98.142329	 98.138569	 98.134898	 98.131316	  98.12782	  98.12441	 98.121084	 98.117841	  98.11468	 98.111599	 98.108597	 98.105673	 98.102825	 98.100052	 98.097354	 98.094727	 98.092172	 98.089686	 98.087269	  98.08492	 98.082636	 98.080416	  98.07826	 98.076166	 98.074133	 98.072159	 98.070244	 98.068385	 98.066582	 98.064833	 98.063138	 98.061495	 98.059902	 98.058359	 98.056865	 98.055418	 98.054017	 98.052662	  98.05135	 98.050081	 98.048854	 98.047667	 98.046521	 98.045413	 98.044342	 98.043308	  98.04231	 98.041347	 98.040418	 98.039521	 98.038656	 98.037822	 98.037019	 98.036245	 98.035499	 98.034781	 98.034091	 98.033426	 98.032786	 98.032172	 98.031581	 98.031013	 98.030468	 98.029945	 98.029443	 98.028962	 98.028501	 98.028059	 98.027636	 98.027232	 98.026845	 98.026475	 98.026122	 98.025786	 98.025465	 98.025159	 98.024869	 98.024593	 98.024331	 98.024082	 98.023848	 98.023626	 98.023416	  98.02322	 98.023035	 98.022862	 98.022701	  98.02255	 98.022411	 98.022283	 98.022166	 98.022058	 98.021962	 98.021875	 98.021798	 98.021731	 98.021674	 98.021626	 98.021589	  98.02156	 98.021541	 98.021532	
        99	 98.975582	 98.951169	 98.926768	 98.902385	 98.878026	 98.853696	 98.829402	 98.805149	 98.780943	  98.75679	 98.732695	 98.708665	 98.684705	  98.66082	 98.637016	 98.613299	 98.589674	 98.566146	 98.542721	 98.519403	 98.496198	 98.473112	 98.450148	 98.427313	  98.40461	 98.382044	 98.359621	 98.337344	 98.315218	 98.293247	 98.271436	 98.249788	 98.228308	 98.206999	 98.185866	 98.164911	 98.144138	 98.123552	 98.103154	 98.082949	 98.062939	 98.043128	 98.023517	  98.00411	 97.984909	 97.965917	 97.947136	 97.928568	 97.910215	 97.892079	 97.874162	 97.856466	 97.838992	 97.821741	 97.804714	 97.787914	 97.771341	 97.754995	 97.738878	  97.72299	 97.707332	 97.691904	 97.676707	  97.66174	 97.647005	   97.6325	 97.618225	 97.604181	 97.590367	 97.576782	 97.563427	 97.550299	 97.537399	 97.524726	 97.512279	 97.500056	 97.488056	 97.476279	 97.464723	 97.453386	 97.442268	 97.431366	 97.420679	 97.410205	 97.399942	  97.38989	 97.380045	 97.370405	  97.36097	 97.351736	 97.342702	 97.333866	 97.325224	 97.316776	 97.308518	 97.300449	 97.292565	 97.284865	 97.277347	 97.270006	 97.262842	 97.255852	 97.249032	 97.242381	 97.235896	 97.229574	 97.223413	  97.21741	 97.211563	 97.205868	 97.200323	 97.194926	 97.189674	 97.184564	 97.179594	  97.17476	 97.170061	 97.165494	 97.161056	 97.156745	 97.152557	 97.148491	 97.144544	 97.140713	 97.136996	  97.13339	 97.129894	 97.126503	 97.123217	 97.120033	 97.116947	 97.113959	 97.111065	 97.108264	 97.105553	  97.10293	 97.100392	 97.097938	 97.095566	 97.093273	 97.091057	 97.088916	 97.086849	 97.084853	 97.082927	 97.081068	 97.079275	 97.077546	 97.075878	 97.074272	 97.072724	 97.071233	 97.069797	 97.068416	 97.067086	 97.065808	 97.064578	 97.063397	 97.062262	 97.061172	 97.060126	 97.059122	  97.05816	 97.057238	 97.056354	 97.055509	 97.054699	 97.053926	 97.053187	 97.052481	 97.051808	 97.051166	 97.050555	 97.049974	 97.049422	 97.048898	 97.048402	 97.047932	 97.047488	  97.04707	 97.046676	 97.046307	 97.045961	 97.045638	 97.045338	  97.04506	 97.044804	 97.044569	 97.044354	  97.04416	 97.043987	 97.043833	   97.0437	 97.043585	  97.04349	 97.043415	 97.043358	  97.04332	 97.043301	
        99	  98.96338	 98.926768	 98.890175	 98.853608	 98.817076	 98.780589	 98.744155	 98.707783	 98.671481	 98.635259	 98.599124	 98.563086	 98.527153	 98.491333	 98.455635	 98.420066	 98.384635	  98.34935	  98.31422	  98.27925	 98.244451	 98.209828	  98.17539	 98.141143	 98.107096	 98.073254	 98.039626	 98.006217	 97.973035	 97.940085	 97.907375	  97.87491	 97.842696	 97.810739	 97.779045	  97.74762	 97.716467	 97.685594	 97.655004	 97.624702	 97.594693	 97.564982	 97.535572	 97.506467	 97.477672	 97.449189	 97.421023	 97.393177	 97.365653	 97.338455	 97.311585	 97.285046	  97.25884	 97.232969	 97.207434	 97.182239	 97.157384	  97.13287	   97.1087	 97.084873	  97.06139	 97.038253	 97.015462	 96.993017	 96.970917	 96.949164	 96.927757	 96.906695	 96.885978	 96.865605	 96.845576	 96.825889	 96.806543	 96.787537	 96.768869	 96.750539	 96.732543	 96.714881	  96.69755	 96.680549	 96.663874	 96.647524	 96.631497	  96.61579	 96.600399	 96.585323	 96.570559	 96.556103	 96.541952	 96.528105	 96.514556	 96.501304	 96.488345	 96.475675	 96.463291	 96.451189	 96.439366	 96.427819	 96.416543	 96.405534	  96.39479	 96.384307	  96.37408	 96.364105	 96.354379	 96.344899	 96.335659	 96.326656	 96.317887	 96.309346	 96.301031	 96.292937	  96.28506	 96.277397	 96.269943	 96.262695	 96.255648	 96.248798	 96.242142	 96.235676	 96.229396	 96.223299	 96.217379	 96.211634	 96.206059	 96.200652	 96.195408	 96.190324	 96.185395	 96.180619	 96.175992	 96.171511	 96.167171	  96.16297	 96.158904	  96.15497	 96.151165	 96.147485	 96.143927	 96.140488	 96.137165	 96.133955	 96.130854	 96.127861	 96.124972	 96.122184	 96.119495	 96.116902	 96.114402	 96.111992	  96.10967	 96.107434	 96.105282	  96.10321	 96.101216	 96.099298	 96.097455	 96.095683	 96.093981	 96.092346	 96.090778	 96.089273	 96.087829	 96.086446	 96.085121	 96.083853	 96.082639	 96.081479	 96.080371	 96.079312	 96.078303	  96.07734	 96.076424	 96.075553	 96.074725	 96.073939	 96.073195	  96.07249	 96.071825	 96.071198	 96.070607	 96.070053	 96.069535	 96.069051	 96.068601	 96.068183	 96.067799	 96.067446	 96.067125	 96.066834	 96.066574	 96.066344	 96.066143	 96.065972	 96.065829	 96.065716	 96.065631	 96.065574	 96.065546	
        99	 98.951187	 98.902385	 98.853608	 98.804865	 98.756171	 98.707535	  98.65897	 98.610487	 98.562099	 98.513816	  98.46565	 98.417613	 98.369716	 98.321969	 98.274385	 98.226974	 98.179746	 98.132713	 98.085885	 98.039273	 97.992886	 97.946735	 97.900831	 97.855182	 97.809798	 97.764689	 97.719863	 97.675331	   97.6311	  97.58718	 97.543579	 97.500304	 97.457365	 97.414768	 97.372521	 97.330632	 97.289108	 97.247955	  97.20718	 97.166789	 97.126788	 97.087184	 97.047982	 97.009187	 96.970804	 96.932838	 96.895294	 96.858176	 96.821488	 96.785234	 96.749418	 96.714042	  96.67911	 96.644625	 96.610589	 96.577005	 96.543874	 96.511199	  96.47898	  96.44722	 96.415919	 96.385078	 96.354698	  96.32478	 96.295323	 96.266327	 96.237791	 96.209717	 96.182102	 96.154946	 96.128248	 96.102006	 96.076218	 96.050884	 96.026001	 96.001567	  95.97758	 95.954037	 95.930936	 95.908274	 95.886047	 95.864254	  95.84289	 95.821953	 95.801438	 95.781342	 95.761662	 95.742393	 95.723531	 95.705073	 95.687014	 95.669349	 95.652075	 95.635186	 95.618678	 95.602547	 95.586788	 95.571396	 95.556365	 95.541692	 95.527371	 95.513396	 95.499764	 95.486469	 95.473505	 95.460867	 95.448551	 95.436551	 95.424861	 95.413477	 95.402394	 95.391605	 95.381105	 95.370891	 95.360955	 95.351293	 95.341899	 95.332769	 95.323898	 95.315279	 95.306908	  95.29878	 95.290889	 95.283231	 95.275801	 95.268593	 95.261603	 95.254826	 95.248256	  95.24189	 95.235723	 95.229749	 95.223965	 95.218365	 95.212945	 95.207701	 95.202629	 95.197723	 95.192981	 95.188397	 95.183967	 95.179688	 95.175556	 95.171566	 95.167715	 95.163999	 95.160414	 95.156957	 95.153625	 95.150413	 95.147318	 95.144338	 95.141468	 95.138706	 95.136049	 95.133493	 95.131035	 95.128674	 95.126405	 95.124226	 95.122135	 95.120129	 95.118205	 95.116361	 95.114595	 95.112905	 95.111287	 95.109741	 95.108263	 95.106852	 95.105507	 95.104224	 95.103003	 95.101841	 95.100738	  95.09969	 95.098698	 95.097759	 95.096872	 95.096036	 95.095249	 95.094511	 95.093819	 95.093174	 95.092574	 95.092018	 95.091505	 95.091035	 95.090607	  95.09022	 95.089873	 95.089566	 95.089298	  95.08907	  95.08888	 95.088729	 95.088615	  95.08854	 95.088502	
        99	 98.939006	 98.878026	 98.817076	 98.756171	 98.695324	 98.634552	 98.573867	 98.513286	 98.452823	 98.392491	 98.332306	 98.272282	 98.212432	  98.15277	 98.093311	 98.034069	 97.975056	 97.916286	 97.857772	 97.799528	 97.741566	 97.683898	 97.626538	 97.569498	 97.512789	 97.456423	 97.400412	 97.344766	 97.289498	 97.234618	 97.180136	 97.126063	 97.072408	 97.019181	 96.966392	  96.91405	 96.862163	  96.81074	  96.75979	  96.70932	 96.659338	  96.60985	 96.560865	 96.512389	 96.464428	 96.416988	 96.370075	 96.323694	 96.277851	  96.23255	 96.187796	 96.143593	 96.099944	 96.056853	 96.014323	 95.972358	  95.93096	  95.89013	 95.849872	 95.810186	 95.771074	 95.732537	 95.694576	 95.657192	 95.620384	 95.584152	 95.548496	 95.513415	 95.478909	 95.444977	 95.411616	 95.378825	 95.346603	 95.314947	 95.283854	 95.253323	  95.22335	 95.193932	 95.165066	 95.136749	 95.108976	 95.081744	 95.055049	 95.028887	 95.003253	 94.978142	 94.953551	 94.929473	 94.905905	  94.88284	 94.860274	 94.838201	 94.816616	 94.795513	 94.774886	  94.75473	 94.735038	 94.715804	 94.697023	 94.678688	 94.660793	 94.643332	 94.626297	 94.609684	 94.593485	 94.577694	 94.562304	  94.54731	 94.532703	 94.518478	 94.504629	 94.491147	 94.478028	 94.465264	 94.452849	 94.440776	 94.429038	  94.41763	 94.406544	 94.395775	 94.385315	 94.375158	 94.365299	  94.35573	 94.346445	 94.337439	 94.328704	 94.320236	 94.312027	 94.304073	 94.296366	 94.288902	 94.281674	 94.274676	 94.267904	 94.261352	 94.255013	 94.248884	 94.242958	  94.23723	 94.231695	 94.226348	 94.221184	 94.216199	 94.211387	 94.206744	 94.202265	 94.197945	 94.193781	 94.189767	 94.185901	 94.182176	 94.178591	 94.175139	 94.171819	 94.168625	 94.165554	 94.162603	 94.159768	 94.157046	 94.154433	 94.151926	 94.149522	 94.147219	 94.145012	 94.142899	 94.140878	 94.138945	 94.137099	 94.135336	 94.133655	 94.132052	 94.130526	 94.129075	 94.127696	 94.126387	 94.125147	 94.123974	 94.122866	 94.121821	 94.120838	 94.119915	 94.119051	 94.118245	 94.117495	   94.1168	  94.11616	 94.115572	 94.115037	 94.114553	  94.11412	 94.113736	 94.113402	 94.113117	 94.112879	  94.11269	 94.112548	 94.112454	 94.112407	
        99	 98.926839	 98.853696	 98.780589	 98.707535	 98.634552	 98.561657	 98.488868	 98.416203	 98.343679	 98.271314	 98.199124	 98.127126	 98.055338	 97.983776	 97.912457	 97.841398	 97.770614	 97.700121	 97.629936	 97.560074	  97.49055	  97.42138	 97.352579	 97.284161	  97.21614	 97.148531	 97.081347	 97.014603	 96.948311	 96.882484	 96.817134	 96.752275	 96.687918	 96.624074	 96.560756	 96.497973	 96.435736	 96.374057	 96.312943	 96.252406	 96.192454	 96.133096	  96.07434	 96.016194	 95.958666	 95.901764	 95.845493	 95.789861	 95.734874	 95.680537	 95.626856	 95.573835	  95.52148	 95.469794	 95.418781	 95.368445	 95.318789	 95.269816	 95.221527	 95.173925	 95.127012	 95.080788	 95.035255	 94.990414	 94.946264	 94.902805	 94.860037	 94.817959	  94.77657	 94.735869	 94.695854	 94.656523	 94.617873	 94.579903	 94.542608	 94.505987	 94.470035	 94.434749	 94.400126	  94.36616	 94.332847	 94.300184	 94.268164	 94.236783	 94.206036	 94.175916	  94.14642	  94.11754	  94.08927	 94.061605	 94.034538	 94.008062	 93.982172	 93.956859	 93.932118	 93.907941	 93.884321	 93.861251	 93.838724	 93.816732	 93.795267	 93.774323	 93.753891	 93.733964	 93.714533	 93.695593	 93.677133	 93.659147	 93.641627	 93.624565	 93.607953	 93.591783	 93.576046	 93.560737	 93.545845	 93.531364	 93.517285	 93.503601	 93.490304	 93.477386	  93.46484	 93.452658	 93.440831	 93.429354	 93.418217	 93.407414	 93.396937	  93.38678	 93.376934	 93.367393	 93.358149	 93.349196	 93.340526	 93.332133	  93.32401	  93.31615	 93.308548	 93.301196	 93.294087	 93.287217	 93.280578	 93.274165	 93.267971	 93.261991	 93.256219	  93.25065	 93.245277	 93.240096	 93.235101	 93.230288	  93.22565	 93.221182	 93.216881	 93.212742	 93.208759	 93.204928	 93.201245	 93.197705	 93.194305	 93.191039	 93.187905	 93.184898	 93.182015	 93.179252	 93.176605	 93.174071	 93.171646	 93.169328	 93.167114	 93.164999	 93.162982	  93.16106	  93.15923	 93.157489	 93.155835	 93.154265	 93.152778	  93.15137	 93.150041	 93.148788	 93.147609	 93.146502	 93.145466	 93.144499	 93.143599	 93.142766	 93.141998	 93.141293	 93.140651	  93.14007	 93.139551	 93.139091	  93.13869	 93.138347	 93.138063	 93.137836	 93.137666	 93.137553	 93.137496	
        99	 98.914691	 98.829402	 98.744155	  98.65897	 98.573867	 98.488868	 98.403993	 98.319262	 98.234695	 98.150313	 98.066135	 97.982182	 97.898473	 97.815028	 97.731867	 97.649007	 97.566469	 97.484271	 97.402432	 97.320969	   97.2399	 97.159244	 97.079018	 96.999239	 96.919923	 96.841087	 96.762748	  96.68492	  96.60762	 96.530862	 96.454661	 96.379032	 96.303988	 96.229543	  96.15571	 96.082501	  96.00993	 95.938009	 95.866747	 95.796157	  95.72625	 95.657035	 95.588523	 95.520722	 95.453641	  95.38729	 95.321675	 95.256805	 95.192687	 95.129327	 95.066732	 95.004907	 94.943858	 94.883589	 94.824106	 94.765412	  94.70751	 94.650404	 94.594097	 94.538591	 94.483887	 94.429988	 94.376894	 94.324607	 94.273125	  94.22245	  94.17258	 94.123515	 94.075253	 94.027794	 93.981134	 93.935271	 93.890204	 93.845928	 93.802441	 93.759739	 93.717817	 93.676672	 93.636299	 93.596693	 93.557848	 93.519761	 93.482424	 93.445832	 93.409979	 93.374859	 93.340464	 93.306788	 93.273824	 93.241565	 93.210004	 93.179132	 93.148942	 93.119426	 93.090577	 93.062385	 93.034843	 93.007942	 92.981674	  92.95603	 92.931001	 92.906579	 92.882754	 92.859518	 92.836861	 92.814775	 92.793251	 92.772278	 92.751849	 92.731953	 92.712583	 92.693727	 92.675378	 92.657526	 92.640161	 92.623275	 92.606859	 92.590903	 92.575398	 92.560335	 92.545705	   92.5315	  92.51771	 92.504326	  92.49134	 92.478744	 92.466527	 92.454683	 92.443202	 92.432076	 92.421298	 92.410858	 92.400748	 92.390962	  92.38149	 92.372325	  92.36346	 92.354887	 92.346598	 92.338587	 92.330846	 92.323368	 92.316145	 92.309173	 92.302442	 92.295948	 92.289683	 92.283642	 92.277818	 92.272204	 92.266796	 92.261587	 92.256572	 92.251745	 92.247101	 92.242634	 92.238339	 92.234212	 92.230246	 92.226439	 92.222784	 92.219278	 92.215916	 92.212694	 92.209607	 92.206653	 92.203826	 92.201123	  92.19854	 92.196075	 92.193723	 92.191482	 92.189347	 92.187317	 92.185388	 92.183558	 92.181824	 92.180183	 92.178633	 92.177172	 92.175797	 92.174506	 92.173298	  92.17217	 92.171121	  92.17015	 92.169254	 92.168432	 92.167683	 92.167007	   92.1664	 92.165864	 92.165397	 92.164997	 92.164666	 92.164401	 92.164203	 92.164071	 92.164005	
        99	 98.902563	 98.805149	 98.707783	 98.610487	 98.513286	 98.416203	 98.319262	 98.222485	 98.125895	 98.029517	 97.933372	 97.837484	 97.741875	 97.646567	 97.551583	 97.456944	 97.362671	 97.268788	 97.175313	 97.082269	 96.989676	 96.897554	 96.805922	 96.714801	 96.624209	 96.534166	 96.444689	 96.355797	 96.267507	 96.179837	 96.092803	 96.006422	  95.92071	 95.835681	 95.751352	 95.667736	 95.584848	 95.502701	 95.421309	 95.340684	 95.260838	 95.181783	 95.103531	 95.026091	 94.949474	 94.873689	 94.798747	 94.724655	 94.651421	 94.579054	  94.50756	 94.436945	 94.367217	 94.298381	 94.230441	 94.163402	 94.097269	 94.032045	 93.967733	 93.904335	 93.841855	 93.780293	 93.719651	  93.65993	  93.60113	  93.54325	  93.48629	  93.43025	 93.375127	 93.320921	 93.267628	 93.215245	 93.163771	 93.113201	 93.063531	 93.014758	 92.966876	 92.919882	 92.873769	 92.828532	 92.784166	 92.740664	 92.698019	 92.656225	 92.615275	 92.575161	 92.535877	 92.497414	 92.459764	 92.422918	  92.38687	 92.351609	 92.317127	 92.283415	 92.250464	 92.218265	 92.186807	 92.156082	  92.12608	  92.09679	 92.068203	 92.040309	 92.013097	 91.986557	  91.96068	 91.935454	 91.910869	 91.886915	 91.863582	 91.840858	 91.818733	 91.797197	 91.776239	 91.755849	 91.736016	 91.716729	 91.697979	 91.679755	 91.662045	 91.644841	 91.628132	 91.611907	 91.596156	  91.58087	 91.566038	  91.55165	 91.537697	 91.524169	 91.511056	 91.498349	 91.486038	 91.474113	 91.462567	 91.451389	 91.440571	 91.430103	 91.419978	 91.410186	 91.400719	 91.391568	 91.382727	 91.374185	 91.365936	 91.357972	 91.350285	 91.342868	 91.335712	 91.328812	  91.32216	 91.315749	 91.309572	 91.303622	 91.297894	 91.292381	 91.287076	 91.281974	 91.277069	 91.272354	 91.267826	 91.263477	 91.259303	 91.255298	 91.251458	 91.247778	 91.244252	 91.240877	 91.237649	 91.234561	 91.231612	 91.228796	  91.22611	  91.22355	 91.221112	 91.218793	  91.21659	   91.2145	 91.212519	 91.210645	 91.208874	 91.207205	 91.205635	 91.204161	 91.202781	 91.201493	 91.200295	 91.199185	 91.198162	 91.197223	 91.196368	 91.195595	 91.194903	  91.19429	 91.193756	   91.1933	 91.192921	 91.192619	 91.192393	 91.192242	 91.192167	
        99	 98.890458	 98.780943	 98.671481	 98.562099	 98.452823	 98.343679	 98.234695	 98.125895	 98.017307	 97.908956	 97.800867	 97.693067	  97.58558	 97.478433	 97.371649	 97.265253	 97.159269	 97.053723	 96.948636	 96.844033	 96.739937	 96.636371	 96.533356	 96.430915	 96.329069	  96.22784	 96.127248	 96.027313	 95.928055	 95.829494	 95.731648	 95.634536	 95.538175	 95.442584	 95.347778	 95.253775	  95.16059	 95.068238	 94.976735	 94.886094	 94.796329	 94.707453	  94.61948	  94.53242	 94.446285	 94.361086	 94.276833	 94.193537	 94.111206	 94.029848	 93.949473	 93.870086	 93.791696	 93.714308	 93.637928	 93.562561	 93.488212	 93.414885	 93.342584	 93.271311	 93.201069	 93.131859	 93.063684	 92.996543	 92.930438	 92.865368	 92.801333	 92.738331	  92.67636	  92.61542	 92.555506	 92.496616	 92.438747	 92.381895	 92.326055	 92.271223	 92.217393	 92.164561	 92.112719	 92.061863	 92.011985	 91.963078	 91.915136	  91.86815	 91.822113	 91.777016	 91.732851	  91.68961	 91.647283	  91.60586	 91.565333	 91.525692	 91.486927	 91.449027	 91.411983	 91.375783	 91.340418	 91.305876	 91.272146	 91.239217	 91.207079	 91.175719	 91.145127	 91.115291	 91.086199	 91.057839	   91.0302	  91.00327	 90.977038	 90.951491	 90.926618	 90.902407	 90.878845	 90.855922	 90.833625	 90.811943	 90.790863	 90.770375	 90.750465	 90.731124	 90.712339	 90.694098	 90.676391	 90.659206	 90.642531	 90.626356	  90.61067	 90.595461	 90.580719	 90.566433	 90.552592	 90.539187	 90.526206	 90.513639	 90.501477	 90.489709	 90.478326	 90.467318	 90.456675	 90.446388	 90.436448	 90.426845	 90.417571	 90.408618	 90.399976	 90.391637	 90.383593	 90.375835	 90.368357	 90.361149	 90.354204	 90.347516	 90.341076	 90.334878	 90.328914	 90.323178	 90.317664	 90.312364	 90.307272	 90.302383	 90.297691	 90.293189	 90.288871	 90.284734	 90.280771	 90.276977	 90.273347	 90.269876	  90.26656	 90.263394	 90.260374	 90.257496	 90.254756	 90.252149	 90.249672	 90.247322	 90.245095	 90.242988	 90.240998	 90.239121	 90.237356	 90.235699	 90.234147	 90.232699	 90.231353	 90.230105	 90.228955	 90.227899	 90.226938	 90.226069	 90.225291	 90.224602	 90.224002	 90.223489	 90.223063	 90.222723	 90.222469	 90.222299	 90.222215	
        99	  98.87838	  98.75679	 98.635259	 98.513816	 98.392491	 98.271314	 98.150313	 98.029517	 97.908956	 97.788658	 97.668651	 97.548965	 97.429627	 97.310665	 97.192107	  97.07398	 96.956311	 96.839127	 96.722454	 96.606318	 96.490744	 96.375758	 96.261385	 96.147649	 96.034574	 95.922183	 95.810499	 95.699546	 95.589344	 95.479915	 95.371281	 95.263461	 95.156476	 95.050345	 94.945086	 94.840718	 94.737258	 94.634724	 94.533132	 94.432497	 94.332834	 94.234159	 94.136485	 94.039826	 93.944194	 93.849601	 93.756059	 93.663578	 93.572169	 93.481842	 93.392604	 93.304464	  93.21743	  93.13151	 93.046708	 92.963031	 92.880485	 92.799073	   92.7188	 92.639668	 92.561681	 92.484841	 92.409148	 92.334605	 92.261211	 92.188967	 92.117871	 92.047922	 91.979119	 91.911459	 91.844939	 91.779556	 91.715306	 91.652186	 91.590189	 91.529311	 91.469546	 91.410888	 91.353331	 91.296867	 91.241489	 91.187191	 91.133962	 91.081796	 91.030682	 90.980613	 90.931579	  90.88357	 90.836575	 90.790586	  90.74559	 90.701578	 90.658539	  90.61646	 90.575331	  90.53514	 90.495876	 90.457525	 90.420076	 90.383517	 90.347835	 90.313018	 90.279052	 90.245926	 90.213626	  90.18214	 90.151454	 90.121555	  90.09243	 90.064066	 90.036451	  90.00957	 89.983411	  89.95796	 89.933204	 89.909131	 89.885727	  89.86298	 89.840875	 89.819401	 89.798545	 89.778293	 89.758634	 89.739553	  89.72104	 89.703082	 89.685666	  89.66878	 89.652413	 89.636552	 89.621185	 89.606301	 89.591889	 89.577937	 89.564434	 89.551369	  89.53873	 89.526508	 89.514691	  89.50327	 89.492234	 89.481573	 89.471277	 89.461336	 89.451741	 89.442483	 89.433552	 89.424939	 89.416635	 89.408633	 89.400923	 89.393497	 89.386347	 89.379466	 89.372844	 89.366476	 89.360353	 89.354469	 89.348816	 89.343388	 89.338178	 89.333179	 89.328386	 89.323793	 89.319392	  89.31518	  89.31115	 89.307296	 89.303615	   89.3001	 89.296747	 89.293552	 89.290509	 89.287615	 89.284865	 89.282256	 89.279783	 89.277444	 89.275234	 89.273151	 89.271191	 89.269351	 89.267628	 89.266021	 89.264525	  89.26314	 89.261863	 89.260692	 89.259624	 89.258659	 89.257795	 89.257031	 89.256364	 89.255795	 89.255322	 89.254945	 89.254662	 89.254474	  89.25438	
        99	 98.866332	 98.732695	 98.599124	  98.46565	 98.332306	 98.199124	 98.066135	 97.933372	 97.800867	 97.668651	 97.536756	 97.405213	 97.274052	 97.143305	 97.013001	 96.883172	 96.753845	 96.625052	  96.49682	 96.369178	 96.242155	 96.115778	 95.990074	  95.86507	 95.740793	 95.617267	 95.494519	 95.372574	 95.251454	 95.131184	 95.011788	 94.893287	 94.775702	 94.659057	  94.54337	 94.428663	 94.314953	 94.202261	 94.090604	 93.979999	 93.870463	 93.762013	 93.654663	 93.548427	 93.443321	 93.339357	 93.236548	 93.134905	  93.03444	 92.935164	 92.837085	 92.740214	 92.644558	 92.550125	 92.456922	 92.364956	 92.274231	 92.184754	 92.096528	 92.009557	 91.923844	 91.839391	   91.7562	 91.674272	 91.593607	 91.514205	 91.436066	 91.359188	 91.283568	 91.209205	 91.136095	 91.064235	  90.99362	 90.924246	 90.856107	 90.789198	 90.723512	 90.659043	 90.595784	 90.533726	 90.472863	 90.413184	 90.354683	 90.297348	 90.241171	 90.186142	  90.13225	 90.079484	 90.027834	 89.977289	 89.927835	 89.879463	  89.83216	 89.785912	 89.740709	 89.696536	 89.653382	 89.611232	 89.570073	 89.529892	 89.490675	 89.452408	 89.415078	  89.37867	  89.34317	 89.308564	 89.274838	 89.241977	 89.209967	 89.178794	 89.148442	 89.118898	 89.090147	 89.062175	 89.034967	 89.008509	 88.982787	 88.957786	 88.933491	  88.90989	 88.886967	 88.864709	 88.843102	 88.822132	 88.801784	 88.782047	 88.762906	 88.744347	 88.726358	 88.708926	 88.692037	 88.675679	 88.659839	 88.644504	 88.629663	 88.615303	 88.601413	  88.58798	 88.574993	  88.56244	 88.550311	 88.538593	 88.527277	 88.516351	 88.505806	  88.49563	 88.485814	 88.476348	 88.467223	 88.458427	 88.449953	 88.441792	 88.433934	  88.42637	 88.419093	 88.412094	 88.405365	 88.398897	 88.392684	 88.386719	 88.380992	 88.375499	 88.370231	 88.365182	 88.360346	 88.355716	 88.351286	 88.347051	 88.343005	 88.339142	 88.335457	 88.331945	 88.328601	  88.32542	 88.322398	  88.31953	 88.316813	 88.314242	 88.311813	 88.309523	 88.307369	 88.305346	 88.303453	 88.301687	 88.300043	 88.298521	 88.297117	 88.295829	 88.294656	 88.293596	 88.292646	 88.291806	 88.291073	 88.290448	 88.289928	 88.289513	 88.289203	 88.288996	 88.288892	
        99	 98.854315	 98.708665	 98.563086	 98.417613	 98.272282	 98.127126	 97.982182	 97.837484	 97.693067	 97.548965	 97.405213	 97.261844	 97.118892	 96.976391	 96.834373	 96.692872	 96.551919	 96.411548	 96.271788	 96.132671	 95.994229	 95.856491	 95.719486	 95.583245	 95.447795	 95.313165	 95.179382	 95.046474	 94.914466	 94.783384	 94.653254	 94.524099	 94.395945	 94.268813	 94.142726	 94.017706	 93.893775	 93.770952	 93.649257	 93.528709	 93.409326	 93.291126	 93.174125	 93.058339	 92.943784	 92.830474	 92.718422	 92.607642	 92.498146	 92.389944	 92.283049	 92.177469	 92.073213	 91.970291	  91.86871	 91.768476	 91.669595	 91.572074	 91.475917	 91.381127	 91.287709	 91.195663	 91.104994	   91.0157	 90.927784	 90.841244	  90.75608	  90.67229	 90.589873	 90.508825	 90.429142	 90.350822	 90.273859	 90.198248	 90.123984	  90.05106	 89.979469	 89.909204	 89.840258	 89.772622	 89.706286	 89.641243	 89.577482	 89.514993	 89.453766	  89.39379	 89.335053	 89.277544	  89.22125	 89.166161	 89.112262	 89.059541	 89.007985	  88.95758	 88.908313	 88.860169	 88.813135	 88.767196	 88.722337	 88.678544	 88.635801	 88.594095	 88.553409	 88.513728	 88.475036	 88.437319	 88.400561	 88.364746	 88.329858	 88.295882	 88.262802	 88.230602	 88.199267	  88.16878	 88.139126	  88.11029	 88.082255	 88.055006	 88.028528	 88.002805	 87.977821	 87.953562	 87.930013	 87.907157	 87.884981	 87.863469	 87.842607	  87.82238	 87.802774	 87.783774	 87.765367	 87.747538	 87.730274	 87.713561	 87.697386	 87.681735	 87.666596	 87.651955	 87.637801	  87.62412	   87.6109	 87.598129	 87.585795	 87.573888	 87.562394	 87.551304	 87.540605	 87.530288	 87.520342	 87.510756	 87.501521	 87.492625	 87.484061	 87.475817	 87.467886	 87.460257	 87.452923	 87.445875	 87.439103	 87.432601	  87.42636	 87.420372	 87.414631	 87.409128	 87.403857	 87.398811	 87.393984	 87.389368	 87.384958	 87.380747	 87.376731	 87.372903	 87.369259	 87.365792	 87.362498	 87.359372	 87.356411	 87.353608	 87.350961	 87.348466	 87.346118	 87.343914	  87.34185	 87.339925	 87.338134	 87.336474	 87.334944	 87.333541	 87.332263	 87.331107	 87.330072	 87.329156	 87.328357	 87.327676	 87.327109	 87.326657	 87.326318	 87.326093	  87.32598	
        99	 98.842333	 98.684705	 98.527153	 98.369716	 98.212432	 98.055338	 97.898473	 97.741875	  97.58558	 97.429627	 97.274052	 97.118892	 96.964184	 96.809963	 96.656265	 96.503126	 96.350581	 96.198665	  96.04741	 95.896853	 95.747024	 95.597958	 95.449686	 95.302239	  95.15565	 95.009947	 94.865162	 94.721322	 94.578458	 94.436595	 94.295763	 94.155986	 94.017292	 93.879704	 93.743248	 93.607946	 93.473822	 93.340897	 93.209194	 93.078732	  92.94953	 92.821609	 92.694986	 92.569677	 92.445701	 92.323072	 92.201805	 92.081914	 91.963412	 91.846311	 91.730624	 91.616361	 91.503531	 91.392144	 91.282208	 91.173731	 91.066718	 90.961177	 90.857111	 90.754526	 90.653424	 90.553809	 90.455682	 90.359045	 90.263898	 90.170241	 90.078073	 89.987392	 89.898196	 89.810482	 89.724246	 89.639485	 89.556192	 89.474363	 89.393991	 89.315069	  89.23759	 89.161547	  89.08693	 89.013731	  88.94194	 88.871548	 88.802543	 88.734915	 88.668652	 88.603743	 88.540175	 88.477936	 88.417013	 88.357393	 88.299061	 88.242005	 88.186208	 88.131658	 88.078339	 88.026236	 87.975333	 87.925616	 87.877068	 87.829673	 87.783415	 87.738278	 87.694246	 87.651301	 87.609428	 87.568609	 87.528828	 87.490067	  87.45231	  87.41554	 87.379739	 87.344891	 87.310979	 87.277984	 87.245892	 87.214684	 87.184343	 87.154853	 87.126197	 87.098359	 87.071321	 87.045066	  87.01958	 86.994845	 86.970844	 86.947563	 86.924985	 86.903095	 86.881876	 86.861314	 86.841393	 86.822098	 86.803414	 86.785327	 86.767821	 86.750883	 86.734499	 86.718654	 86.703336	 86.688529	 86.674222	 86.660401	 86.647053	 86.634166	 86.621727	 86.609725	 86.598147	 86.586981	 86.576217	 86.565842	 86.555847	  86.54622	 86.536951	  86.52803	 86.519446	  86.51119	 86.503253	 86.495625	 86.488296	 86.481259	 86.474505	 86.468025	 86.461811	 86.455856	 86.450152	 86.444691	 86.439466	 86.434471	 86.429698	 86.425141	 86.420795	 86.416652	 86.412708	 86.408956	 86.405391	 86.402008	 86.398803	  86.39577	 86.392906	 86.390205	 86.387663	 86.385278	 86.383045	 86.380961	 86.379023	 86.377227	 86.375571	 86.374053	 86.372669	 86.371418	 86.370298	 86.369306	 86.368443	 86.367705	 86.367092	 86.366602	 86.366236	 86.365992	  86.36587	
        99	 98.830389	  98.66082	 98.491333	 98.321969	  98.15277	 97.983776	 97.815028	 97.646567	 97.478433	 97.310665	 97.143305	 96.976391	 96.809963	 96.644059	 96.478718	 96.313978	 96.149877	 95.986453	  95.82374	 95.661777	 95.500599	  95.34024	 95.180736	  95.02212	 94.864425	 94.707685	 94.551932	 94.397196	 94.243509	   94.0909	 93.939399	 93.789033	 93.639832	 93.491822	 93.345028	 93.199477	 93.055193	 92.912199	 92.770518	 92.630173	 92.491184	 92.353572	 92.217356	 92.082556	 91.949187	 91.817268	 91.686815	 91.557842	 91.430363	 91.304392	 91.179941	 91.057022	 90.935645	  90.81582	 90.697556	 90.580861	 90.465741	 90.352205	 90.240256	 90.129899	 90.021139	 89.913977	 89.808417	 89.704459	 89.602104	 89.501352	 89.402202	 89.304652	 89.208699	  89.11434	 89.021572	 88.930389	 88.840787	 88.752759	 88.666298	 88.581398	  88.49805	 88.416246	 88.335977	 88.257233	 88.180003	 88.104278	 88.030046	 87.957294	 87.886012	 87.816186	 87.747803	 87.680849	 87.615311	 87.551174	 87.488424	 87.427045	 87.367022	 87.308339	 87.250981	 87.194931	 87.140172	 87.086688	 87.034463	 86.983477	 86.933715	 86.885159	 86.837791	 86.791594	 86.746548	 86.702637	 86.659842	 86.618145	 86.577528	 86.537972	 86.499459	 86.461971	  86.42549	 86.389996	 86.355473	   86.3219	 86.289261	 86.257538	 86.226711	 86.196763	 86.167677	 86.139434	 86.112017	 86.085407	 86.059589	 86.034544	 86.010256	 85.986707	 85.963881	 85.941762	 85.920331	 85.899575	 85.879475	 85.860018	 85.841186	 85.822965	  85.80534	 85.788295	 85.771816	 85.755888	 85.740497	 85.725629	  85.71127	 85.697406	 85.684025	 85.671113	 85.658658	 85.646647	 85.635067	 85.623907	 85.613154	 85.602798	 85.592827	  85.58323	 85.573996	 85.565115	 85.556576	  85.54837	 85.540486	 85.532916	  85.52565	 85.518679	 85.511995	 85.505589	 85.499452	 85.493577	 85.487957	 85.482583	 85.477449	 85.472547	 85.467871	 85.463415	 85.459171	 85.455135	 85.451301	 85.447662	 85.444214	 85.440951	 85.437869	 85.434964	  85.43223	 85.429664	 85.427262	  85.42502	 85.422935	 85.421003	 85.419222	 85.417588	   85.4161	 85.414754	 85.413549	 85.412482	 85.411553	 85.410759	   85.4101	 85.409573	 85.409179	 85.408917	 85.408786	
        99	 98.818486	 98.637016	 98.455635	 98.274385	 98.093311	 97.912457	 97.731867	 97.551583	 97.371649	 97.192107	 97.013001	 96.834373	 96.656265	 96.478718	 96.301773	 96.125472	 95.949855	 95.774961	 95.600829	   95.4275	 95.255009	 95.083397	 94.912698	  94.74295	 94.574189	 94.406449	 94.239765	 94.074169	 93.909696	 93.746377	 93.584244	 93.423326	 93.263654	 93.105256	  92.94816	 92.792394	 92.637984	 92.484954	 92.333331	 92.183136	 92.034393	 91.887123	 91.741348	 91.597087	 91.454359	 91.313182	 91.173573	 91.035548	 90.899123	 90.764311	 90.631126	 90.499581	 90.369685	 90.241451	 90.114887	 89.990002	 89.866804	 89.745299	 89.625494	 89.507392	 89.390999	 89.276317	 89.163348	 89.052095	 88.942557	 88.834734	 88.728625	 88.624229	 88.521542	 88.420561	 88.321282	 88.223701	  88.12781	 88.033604	 87.941075	 87.850217	 87.761019	 87.673474	 87.587572	 87.503301	 87.420652	 87.339612	  87.26017	 87.182313	 87.106029	 87.031302	  86.95812	 86.886467	  86.81633	 86.747692	 86.680537	 86.614851	 86.550615	 86.487814	 86.426431	 86.366447	 86.307845	 86.250608	 86.194717	 86.140153	 86.086899	 86.034935	 85.984243	 85.934803	 85.886597	 85.839604	 85.793805	 85.749182	 85.705714	 85.663383	 85.622167	 85.582048	 85.543006	 85.505022	 85.468075	 85.432147	 85.397217	 85.363267	 85.330277	 85.298228	   85.2671	 85.236875	 85.207533	 85.179057	 85.151427	 85.124624	 85.098631	  85.07343	 85.049002	  85.02533	 85.002396	 84.980182	 84.958672	 84.937849	 84.917696	 84.898196	 84.879334	 84.861093	 84.843457	 84.826411	  84.80994	 84.794028	 84.778662	 84.763825	 84.749505	 84.735687	 84.722358	 84.709504	 84.697111	 84.685168	 84.673661	 84.662578	 84.651907	 84.641636	 84.631754	  84.62225	 84.613112	  84.60433	 84.595893	 84.587792	 84.580016	 84.572556	 84.565402	 84.558546	 84.551979	 84.545692	 84.539677	 84.533926	 84.528431	 84.523186	 84.518182	 84.513412	 84.508871	 84.504552	 84.500448	 84.496554	 84.492864	 84.489372	 84.486074	 84.482965	 84.480039	 84.477293	 84.474722	 84.472323	 84.470092	 84.468024	 84.466118	  84.46437	 84.462777	 84.461337	 84.460047	 84.458906	 84.457911	 84.457062	 84.456356	 84.455792	 84.455371	  84.45509	  84.45495	
        99	 98.806626	 98.613299	 98.420066	 98.226974	 98.034069	 97.841398	 97.649007	 97.456944	 97.265253	  97.07398	 96.883172	 96.692872	 96.503126	 96.313978	 96.125472	 95.937652	 95.750559	 95.564238	 95.378729	 95.194074	 95.010313	 94.827487	 94.645635	 94.464796	 94.285008	 94.106308	 93.928733	 93.752317	 93.577098	 93.403108	  93.23038	 93.058948	 92.888843	 92.720095	 92.552735	 92.386791	 92.222292	 92.059264	 91.897733	 91.737724	 91.579263	  91.42237	  91.26707	 91.113383	 90.961329	 90.810928	 90.662197	 90.515154	 90.369815	 90.226194	 90.084307	 89.944166	 89.805784	 89.669171	 89.534337	 89.401292	 89.270044	 89.140601	 89.012967	 88.887149	  88.76315	 88.640975	 88.520625	 88.402102	 88.285407	 88.170539	 88.057497	  87.94628	 87.836883	 87.729305	 87.623539	 87.519581	 87.417425	 87.317063	 87.218489	 87.121694	 87.026668	 86.933403	 86.841888	 86.752111	 86.664062	 86.577727	 86.493094	  86.41015	 86.328881	 86.249271	 86.171307	 86.094973	 86.020253	  85.94713	 85.875588	 85.805609	 85.737177	 85.670272	 85.604878	 85.540975	 85.478544	 85.417567	 85.358024	 85.299896	 85.243162	 85.187803	 85.133798	 85.081128	 85.029771	 84.979708	 84.930917	 84.883379	 84.837071	 84.791973	 84.748064	 84.705324	 84.663731	 84.623265	 84.583904	 84.545628	 84.508416	 84.472248	 84.437102	 84.402959	 84.369797	 84.337597	 84.306338	 84.276001	 84.246566	 84.218012	 84.190321	 84.163473	 84.137449	  84.11223	 84.087797	 84.064132	 84.041217	 84.019033	 83.997563	  83.97679	 83.956695	 83.937262	 83.918473	 83.900314	 83.882766	 83.865815	 83.849445	 83.833639	 83.818383	 83.803662	 83.789462	 83.775768	 83.762566	 83.749842	 83.737583	 83.725776	 83.714408	 83.703466	 83.692938	 83.682813	 83.673078	 83.663722	 83.654734	 83.646103	 83.637819	 83.629872	 83.622251	 83.614947	  83.60795	 83.601253	 83.594845	 83.588718	 83.582864	 83.577276	 83.571945	 83.566864	 83.562026	 83.557424	 83.553052	 83.548904	 83.544973	 83.541253	 83.537739	 83.534427	  83.53131	 83.528385	 83.525646	  83.52309	 83.520712	  83.51851	 83.516479	 83.514617	  83.51292	 83.511385	 83.510012	 83.508796	 83.507736	 83.506831	 83.506079	 83.505479	  83.50503	 83.504731	 83.504581	
        99	 98.794812	 98.589674	 98.384635	 98.179746	 97.975056	 97.770614	 97.566469	 97.362671	 97.159269	 96.956311	 96.753845	 96.551919	 96.350581	 96.149877	 95.949855	 95.750559	 95.552037	 95.354332	 95.157489	 94.961553	 94.766566	  94.57257	 94.379608	 94.187721	 93.996949	 93.807331	 93.618907	 93.431713	 93.245789	 93.061169	 92.877889	 92.695983	 92.515486	 92.336428	 92.158844	 91.982762	 91.808212	 91.635224	 91.463824	  91.29404	 91.125897	  90.95942	 90.794632	 90.631555	 90.470212	 90.310621	 90.152804	 89.996777	 89.842559	 89.690164	 89.539608	 89.390906	 89.244069	 89.099109	 88.956038	 88.814865	 88.675599	 88.538246	 88.402815	  88.26931	 88.137736	 88.008096	 87.880394	  87.75463	 87.630805	 87.508919	 87.388972	 87.270959	 87.154879	 87.040728	 86.928501	 86.818192	 86.709794	 86.603301	 86.498705	 86.395996	 86.295165	 86.196202	 86.099095	 86.003834	 85.910405	 85.818796	 85.728992	 85.640981	 85.554746	 85.470273	 85.387546	 85.306548	 85.227263	 85.149673	  85.07376	 84.999506	 84.926893	 84.855901	 84.786511	 84.718704	 84.652459	 84.587757	 84.524576	 84.462896	 84.402696	 84.343955	 84.286651	 84.230763	 84.176269	 84.123147	 84.071375	 84.020932	 83.971795	 83.923942	 83.877351	 83.831999	 83.787865	 83.744927	 83.703161	 83.662547	 83.623062	 83.584684	 83.547391	 83.511161	 83.475974	 83.441806	 83.408638	 83.376447	 83.345214	 83.314915	 83.285533	 83.257044	  83.22943	  83.20267	 83.176745	 83.151634	 83.127319	  83.10378	 83.080999	 83.058956	 83.037633	 83.017013	 82.997077	 82.977808	 82.959188	 82.941201	 82.923831	 82.907059	 82.890871	 82.875251	 82.860183	 82.845652	 82.831644	 82.818143	 82.805135	 82.792606	 82.780544	 82.768933	 82.757762	 82.747018	 82.736689	 82.726761	 82.717224	 82.708066	 82.699276	 82.690843	 82.682756	 82.675006	 82.667582	 82.660475	 82.653676	 82.647175	 82.640964	 82.635034	 82.629377	 82.623986	 82.618852	  82.61397	  82.60933	 82.604928	 82.600757	  82.59681	 82.593082	 82.589567	  82.58626	 82.583156	  82.58025	 82.577537	 82.575015	 82.572678	 82.570523	 82.568547	 82.566746	 82.565118	  82.56366	  82.56237	 82.561246	 82.560285	 82.559487	 82.558851	 82.558374	 82.558056	 82.557898	
