Time step 57:
        99	        99	        99	        99	        99	        99	        99	        99	        99	        99	        99	        99	        99	        99	        99	        99	        99	        99	        99	        99	        99	        99	        99	        99	        99	        99	        99	        99	        99	        99	        99	        99	        99	        99	        99	        99	        99	        99	        99	        99	        99	        99	        99	        99	        99	        99	        99	        99	        99	        99	        99	        99	        99	        99	        99	        99	        99	        99	        99	        99	        99	        99	        99	        99	        99	        99	        99	        99	        99	        99	        99	        99	        99	        99	        99	        99	        99	        99	        99	        99	        99	        99	        99	        99	        99	        99	        99	        99	        99	        99	        99	        99	        99	        99	        99	        99	        99	        99	        99	        99	        99	        99	        99	        99	        99	        99	        99	        99	        99	        99	        99	        99	        99	        99	        99	        99	        99	        99	        99	        99	        99	        99	        99	        99	        99	        99	        99	        99	        99	        99	        99	        99	        99	        99	        99	        99	        99	        99	        99	        99	        99	        99	        99	        99	        99	        99	        99	        99	        99	        99	        99	        99	        99	        99	        99	        99	        99	        99	        99	        99	        99	        99	        99	        99	        99	        99	        99	        99	        99	        99	        99	        99	        99	        99	        99	        99	        99	        99	        99	        99	        99	        99	        99	        99	        99	        99	        99	        99	        99	        99	        99	        99	        99	        99	        99	        99	        99	        99	        99	        99	
        99	  98.98886	 98.977723	 98.966591	 98.955466	 98.944351	 98.933248	  98.92216	  98.91109	 98.900038	 98.889009	 98.878004	 98.867026	 98.856078	  98.84516	 98.834277	 98.823429	  98.81262	 98.801852	 98.791126	 98.780446	 98.769812	 98.759228	 98.748696	 98.738217	 98.727793	 98.717428	 98.707121	 98.696876	 98.686695	 98.676578	 98.666529	 98.656549	 98.646639	 98.636801	 98.627037	 98.617348	 98.607736	 98.598203	  98.58875	 98.579378	 98.570088	 98.560883	 98.551763	 98.542729	 98.533783	 98.524926	 98.516159	 98.507482	 98.498897	 98.490405	 98.482006	 98.473702	 98.465492	 98.457379	 98.449362	 98.441442	  98.43362	 98.425896	 98.418271	 98.410744	 98.403317	  98.39599	 98.388762	 98.381635	 98.374608	 98.367681	 98.360856	  98.35413	 98.347505	 98.340981	 98.334557	 98.328233	  98.32201	 98.315886	 98.309862	 98.303937	 98.298111	 98.292383	 98.286754	 98.281222	 98.275787	 98.270449	 98.265208	 98.260061	  98.25501	 98.250053	 98.245189	 98.240418	  98.23574	 98.231152	 98.226656	 98.222249	  98.21793	 98.213701	 98.209558	 98.205501	  98.20153	 98.197644	  98.19384	  98.19012	 98.186481	 98.182922	 98.179443	 98.176043	  98.17272	 98.169474	 98.166302	 98.163206	 98.160182	 98.157231	 98.154351	 98.151541	   98.1488	 98.146127	  98.14352	  98.14098	 98.138503	 98.136091	 98.133741	 98.131452	 98.129223	 98.127053	 98.124942	 98.122887	 98.120888	 98.118944	 98.117054	 98.115217	 98.113431	 98.111696	  98.11001	 98.108373	 98.106783	  98.10524	 98.103743	  98.10229	  98.10088	 98.099514	 98.098189	 98.096904	  98.09566	 98.094454	 98.093286	 98.092155	 98.091061	 98.090002	 98.088977	 98.087986	 98.087028	 98.086102	 98.085208	 98.084343	 98.083509	 98.082703	 98.081926	 98.081176	 98.080454	 98.079757	 98.079086	  98.07844	 98.077817	 98.077219	 98.076644	 98.076091	  98.07556	  98.07505	 98.074561	 98.074092	 98.073643	 98.073213	 98.072802	 98.072409	 98.072035	 98.071677	 98.071337	 98.071013	 98.070706	 98.070415	 98.070139	 98.069878	 98.069633	 98.069402	 98.069185	 98.068983	 98.068794	 98.068619	 98.068458	 98.068309	 98.068174	 98.068051	 98.067942	 98.067844	  98.06776	 98.067687	 98.067627	 98.067579	 98.067543	 98.067519	 98.067507	
        99	 98.977723	 98.955451	 98.933189	 98.910942	 98.888714	 98.866511	 98.844338	 98.822199	 98.800099	 98.778043	 98.756036	 98.734082	 98.712187	 98.690355	  98.66859	 98.646898	 98.625282	 98.603747	 98.582299	  98.56094	 98.539676	  98.51851	 98.497447	 98.476492	 98.455647	 98.434918	 98.414307	  98.39382	 98.373459	 98.353229	 98.333132	 98.313173	 98.293355	 98.273682	 98.254156	 98.234781	 98.215559	 98.196495	  98.17759	 98.158849	 98.140272	 98.121863	 98.103625	  98.08556	  98.06767	 98.049957	 98.032424	 98.015073	 97.997905	 97.980922	 97.964127	  97.94752	 97.931103	 97.914878	 97.898846	 97.883008	 97.867366	 97.851919	  97.83667	 97.821619	 97.806766	 97.792113	  97.77766	 97.763407	 97.749354	 97.735503	 97.721853	 97.708403	 97.695155	 97.682108	 97.669261	 97.656615	 97.644169	 97.631923	 97.619876	 97.608027	 97.596376	 97.584923	 97.573665	 97.562603	 97.551735	  97.54106	 97.530578	 97.520286	 97.510185	 97.500271	 97.490545	 97.481005	 97.471648	 97.462475	 97.453482	 97.444669	 97.436034	 97.427575	 97.419291	 97.411178	 97.403237	 97.395465	 97.387859	 97.380419	 97.373142	 97.366025	 97.359068	 97.352268	 97.345623	 97.339131	  97.33279	 97.326597	 97.320551	 97.314649	 97.308889	  97.30327	 97.297789	 97.292443	  97.28723	  97.28215	 97.277198	 97.272373	 97.267673	 97.263096	 97.258639	   97.2543	 97.250077	 97.245968	 97.241971	 97.238084	 97.234304	 97.230629	 97.227058	 97.223588	 97.220217	 97.216943	 97.213765	 97.210679	 97.207684	 97.204779	  97.20196	 97.199227	 97.196577	 97.194008	 97.191519	 97.189108	 97.186773	 97.184512	 97.182323	 97.180205	 97.178156	 97.176175	 97.174259	 97.172407	 97.170618	 97.168889	 97.167221	  97.16561	 97.164056	 97.162556	 97.161111	 97.159718	 97.158376	 97.157083	 97.155839	 97.154643	 97.153492	 97.152386	 97.151324	 97.150304	 97.149326	 97.148389	 97.147491	 97.146632	  97.14581	 97.145024	 97.144275	  97.14356	  97.14288	 97.142233	 97.141618	 97.141035	 97.140484	 97.139963	 97.139472	  97.13901	 97.138577	 97.138172	 97.137795	 97.137445	 97.137122	 97.136825	 97.136554	 97.136309	  97.13609	 97.135895	 97.135726	 97.135581	  97.13546	 97.135364	 97.135292	 97.135244	  97.13522	
        99	 98.966591	 98.933189	 98.899802	 98.866437	 98.833102	 98.799804	  98.76655	 98.733347	 98.700204	 98.667126	 98.634121	 98.601197	  98.56836	 98.535618	 98.502977	 98.470444	 98.438027	 98.405731	 98.373563	 98.341531	 98.309641	 98.277898	  98.24631	 98.214882	 98.183621	 98.152533	 98.121623	 98.090897	 98.060362	 98.030022	 97.999883	  97.96995	 97.940229	 97.910724	  97.88144	 97.852383	 97.823556	 97.794965	 97.766613	 97.738506	 97.710646	 97.683038	 97.655686	 97.628593	 97.601763	 97.575199	 97.548904	 97.522882	 97.497135	 97.471666	 97.446477	 97.421571	 97.396951	 97.372618	 97.348574	 97.324822	 97.301362	 97.278197	 97.255327	 97.232754	  97.21048	 97.188504	 97.166828	 97.145452	 97.124378	 97.103605	 97.083133	 97.062963	 97.043094	 97.023527	  97.00426	 96.985295	 96.966629	 96.948263	 96.930196	 96.912426	 96.894953	 96.877776	 96.860893	 96.844302	 96.828003	 96.811994	 96.796274	 96.780839	 96.765689	 96.750822	 96.736236	 96.721928	 96.707896	 96.694138	 96.680652	 96.667435	 96.654484	 96.641798	 96.629373	 96.617208	 96.605298	 96.593641	 96.582235	 96.571077	 96.560163	  96.54949	 96.539057	 96.528858	 96.518893	 96.509156	 96.499646	 96.490359	 96.481291	  96.47244	 96.463802	 96.455375	 96.447154	 96.439137	  96.43132	   96.4237	 96.416274	 96.409038	 96.401989	 96.395124	  96.38844	 96.381933	   96.3756	 96.369438	 96.363444	 96.357614	 96.351945	 96.346434	 96.341078	 96.335874	 96.330819	 96.325909	 96.321141	 96.316514	 96.312022	 96.307665	 96.303438	 96.299339	 96.295365	 96.291513	  96.28778	 96.284164	 96.280661	  96.27727	 96.273988	 96.270812	 96.267739	 96.264767	 96.261894	 96.259116	 96.256433	 96.253841	 96.251338	 96.248923	 96.246591	 96.244343	 96.242175	 96.240086	 96.238073	 96.236135	 96.234269	 96.232475	 96.230749	 96.229091	 96.227498	 96.225969	 96.224502	 96.223096	 96.221749	  96.22046	 96.219228	  96.21805	 96.216926	 96.215854	 96.214834	 96.213863	 96.212942	 96.212068	 96.211241	 96.210459	 96.209723	  96.20903	 96.208381	 96.207773	 96.207208	 96.206683	 96.206198	 96.205753	 96.205347	  96.20498	 96.204651	 96.204359	 96.204104	 96.203887	 96.203706	 96.203562	 96.203454	 96.203382	 96.203346	
        99	 98.955466	 98.910942	 98.866437	 98.821963	 98.777527	 98.733141	 98.688814	 98.644555	 98.600375	 98.556282	 98.512288	   98.4684	 98.424629	 98.380984	 98.337474	 98.294108	 98.250896	 98.207846	 98.164967	 98.122269	 98.079759	 98.037446	  97.99534	 97.953447	 97.911776	 97.870336	 97.829133	 97.788176	 97.747473	  97.70703	 97.666855	 97.626955	 97.587336	 97.548007	 97.508972	 97.470239	 97.431813	 97.393702	 97.355909	 97.318442	 97.281305	 97.244504	 97.208044	  97.17193	 97.136165	 97.100756	 97.065705	 97.031018	 96.996697	 96.962747	 96.929171	 96.895972	 96.863153	 96.830718	 96.798668	 96.767006	 96.735734	 96.704855	  96.67437	 96.644281	 96.614589	 96.585296	 96.556402	 96.527909	 96.499817	 96.472126	 96.444837	 96.417951	 96.391466	 96.365383	 96.339701	  96.31442	  96.28954	 96.265058	 96.240974	 96.217287	 96.193996	 96.171099	 96.148594	 96.126479	 96.104753	 96.083413	 96.062457	 96.041883	 96.021689	 96.001871	 95.982427	 95.963355	  95.94465	 95.926311	 95.908334	 95.890716	 95.873454	 95.856543	 95.839981	 95.823764	 95.807888	 95.792351	 95.777146	 95.762272	 95.747724	 95.733498	  95.71959	 95.705996	 95.692711	 95.679733	 95.667056	 95.654676	 95.642589	 95.630791	 95.619277	 95.608043	 95.597085	 95.586398	 95.575978	  95.56582	 95.555921	 95.546276	  95.53688	 95.527729	 95.518819	 95.510146	 95.501704	  95.49349	   95.4855	 95.477728	 95.470172	 95.462826	 95.455687	  95.44875	 95.442011	 95.435466	 95.429111	 95.422942	 95.416956	 95.411147	 95.405513	 95.400049	 95.394751	 95.389616	 95.384641	  95.37982	 95.375152	 95.370632	 95.366256	 95.362022	 95.357926	 95.353965	 95.350135	 95.346433	 95.342856	 95.339401	 95.336064	 95.332844	 95.329737	  95.32674	  95.32385	 95.321065	 95.318382	 95.315799	 95.313312	 95.310919	 95.308619	 95.306408	 95.304285	 95.302247	 95.300292	 95.298418	 95.296623	 95.294904	 95.293261	 95.291692	 95.290193	 95.288765	 95.287404	 95.286111	 95.284882	 95.283717	 95.282615	 95.281573	 95.280591	 95.279668	 95.278802	 95.277993	 95.277239	 95.276539	 95.275893	   95.2753	 95.274759	 95.274269	  95.27383	 95.273441	 95.273102	 95.272812	 95.272571	 95.272379	 95.272235	 95.272139	 95.272091	
        99	 98.944351	 98.888714	 98.833102	 98.777527	 98.722001	 98.666537	 98.611146	 98.555841	 98.500634	 98.445537	 98.390562	 98.335721	 98.281025	 98.226487	 98.172117	 98.117928	  98.06393	 98.010136	 97.956555	   97.9032	  97.85008	 97.797207	 97.744591	 97.692243	 97.640172	 97.588388	 97.536902	 97.485723	 97.434861	 97.384324	 97.334122	 97.284263	 97.234757	 97.185611	 97.136834	 97.088434	 97.040418	 96.992794	 96.945569	  96.89875	 96.852345	 96.806359	 96.760799	 96.715671	  96.67098	 96.626733	 96.582934	 96.539589	 96.496703	 96.454279	 96.412323	 96.370838	 96.329828	 96.289297	 96.249248	 96.209684	 96.170608	 96.132021	 96.093928	 96.056329	 96.019226	 95.982622	 95.946517	 95.910912	 95.875808	 95.841207	 95.807107	  95.77351	 95.740415	 95.707822	 95.675731	  95.64414	 95.613049	 95.582457	 95.552363	 95.522764	  95.49366	 95.465047	 95.436925	 95.409291	 95.382142	 95.355476	 95.329291	 95.303582	 95.278347	 95.253583	 95.229286	 95.205454	 95.182081	 95.159165	 95.136701	 95.114686	 95.093115	 95.071983	 95.051288	 95.031023	 95.011185	 94.991769	 94.972771	 94.954184	 94.936005	 94.918228	 94.900849	 94.883862	 94.867262	 94.851044	 94.835203	 94.819733	  94.80463	 94.789887	 94.775499	 94.761461	 94.747768	 94.734414	 94.721393	 94.708701	 94.696331	 94.684278	 94.672538	 94.661103	 94.649969	  94.63913	 94.628582	 94.618318	 94.608333	 94.598622	  94.58918	     94.58	 94.571079	 94.562411	  94.55399	 94.545812	 94.537871	 94.530163	 94.522682	 94.515423	 94.508383	 94.501555	 94.494935	 94.488519	 94.482301	 94.476278	 94.470444	 94.464796	 94.459328	 94.454038	 94.448919	 94.443969	 94.439183	 94.434557	 94.430087	  94.42577	 94.421601	 94.417577	 94.413695	 94.409949	 94.406339	 94.402858	 94.399506	 94.396277	  94.39317	  94.39018	 94.387306	 94.384543	  94.38189	 94.379343	   94.3769	 94.374559	 94.372315	 94.370168	 94.368115	 94.366153	 94.364281	 94.362496	 94.360796	  94.35918	 94.357645	 94.356189	 94.354811	  94.35351	 94.352283	 94.351129	 94.350047	 94.349036	 94.348094	  94.34722	 94.346412	 94.345671	 94.344995	 94.344383	 94.343834	 94.343348	 94.342925	 94.342562	 94.342261	 94.342021	 94.341841	 94.341721	 94.341661	
        99	 98.933248	 98.866511	 98.799804	 98.733141	 98.666537	 98.600007	 98.533565	 98.467226	 98.401004	 98.334915	 98.268971	 98.203188	  98.13758	 98.072161	 98.006943	 97.941943	 97.877172	 97.812645	 97.748374	 97.684374	 97.620656	 97.557234	 97.494121	 97.431328	 97.368868	 97.306753	 97.244995	 97.183605	 97.122595	 97.061975	 97.001757	 96.941951	 96.882568	 96.823616	 96.765108	 96.707051	 96.649455	  96.59233	 96.535683	 96.479523	 96.423859	 96.368699	 96.314049	 96.259917	  96.20631	 96.153235	 96.100698	 96.048705	 95.997262	 95.946375	 95.896048	 95.846286	 95.797094	 95.748476	 95.700437	 95.652979	 95.606106	 95.559822	 95.514128	 95.469028	 95.424523	 95.380615	 95.337307	 95.294598	 95.252491	 95.210986	 95.170083	 95.129782	 95.090085	 95.050989	 95.012495	 94.974602	 94.937308	 94.900613	 94.864514	  94.82901	 94.794099	 94.759778	 94.726045	 94.692897	 94.660332	 94.628346	 94.596936	 94.566098	 94.535828	 94.506124	 94.476979	 94.448392	 94.420356	 94.392868	 94.365922	 94.339514	 94.313639	 94.288292	 94.263468	  94.23916	 94.215364	 94.192075	 94.169285	  94.14699	 94.125184	 94.103861	 94.083014	 94.062638	 94.042726	 94.023273	 94.004271	 93.985715	 93.967598	 93.949913	 93.932655	 93.915817	 93.899392	 93.883373	 93.867755	  93.85253	 93.837692	 93.823235	 93.809152	 93.795436	  93.78208	 93.769079	 93.756426	 93.744115	 93.732138	 93.720489	 93.709163	 93.698152	 93.687451	 93.677053	 93.666952	 93.657143	 93.647617	 93.638371	 93.629398	 93.620691	 93.612246	 93.604056	 93.596115	 93.588419	 93.580961	 93.573736	 93.566738	 93.559963	 93.553405	 93.547058	 93.540919	 93.534981	  93.52924	 93.523691	  93.51833	 93.513151	  93.50815	 93.503324	 93.498666	 93.494174	 93.489843	 93.485668	 93.481646	 93.477774	 93.474046	 93.470461	 93.467013	 93.463699	 93.460516	 93.457462	 93.454531	 93.451722	 93.449031	 93.446456	 93.443993	  93.44164	 93.439394	 93.437253	 93.435214	 93.433275	 93.431434	 93.429688	 93.428035	 93.426474	 93.425002	 93.423618	 93.422321	 93.421107	 93.419977	 93.418929	  93.41796	 93.417071	  93.41626	 93.415526	 93.414868	 93.414285	 93.413777	 93.413342	 93.412981	 93.412692	 93.412476	 93.412333	 93.412261	
        99	  98.92216	 98.844338	  98.76655	 98.688814	 98.611146	 98.533565	 98.456086	 98.378728	 98.301507	 98.224439	 98.147542	 98.070832	 97.994326	 97.918039	 97.841989	 97.766192	 97.690662	 97.615416	  97.54047	 97.465838	 97.391537	  97.31758	 97.243983	  97.17076	 97.097925	 97.025492	 96.953476	 96.881888	 96.810744	 96.740055	 96.669834	 96.600094	 96.530846	 96.462103	 96.393875	 96.326175	 96.259012	 96.192397	 96.126341	 96.060853	 95.995943	  95.93162	 95.867892	 95.804768	 95.742257	 95.680366	 95.619102	 95.558473	 95.498485	 95.439144	 95.380458	  95.32243	 95.265067	 95.208374	 95.152355	 95.097014	 95.042355	 94.988382	 94.935099	 94.882507	 94.830609	 94.779408	 94.728906	 94.679103	 94.630001	 94.581602	 94.533905	  94.48691	 94.440618	 94.395029	  94.35014	 94.305953	 94.262464	 94.219673	 94.177578	 94.136177	 94.095467	 94.055445	 94.016109	 93.977455	 93.939481	 93.902181	 93.865553	 93.829593	 93.794296	 93.759657	 93.725672	 93.692335	 93.659643	 93.627588	 93.596167	 93.565372	   93.5352	 93.505642	 93.476694	 93.448349	   93.4206	 93.393442	 93.366867	 93.340869	 93.315441	 93.290575	 93.266266	 93.242505	 93.219286	 93.196601	 93.174443	 93.152804	 93.131678	 93.111056	 93.090931	 93.071296	 93.052142	 93.033463	  93.01525	 92.997497	 92.980194	 92.963335	 92.946913	 92.930918	 92.915345	 92.900184	 92.885429	 92.871072	 92.857106	 92.843523	 92.830315	 92.817475	 92.804997	 92.792872	 92.781093	 92.769654	 92.758546	 92.747764	   92.7373	 92.727147	 92.717299	 92.707749	 92.698489	 92.689514	 92.680817	 92.672392	 92.664232	 92.656332	 92.648684	 92.641283	 92.634124	   92.6272	 92.620505	 92.614035	 92.607783	 92.601744	 92.595913	 92.590284	 92.584853	 92.579615	 92.574564	 92.569696	 92.565006	  92.56049	 92.556144	 92.551962	 92.547942	 92.544078	 92.540366	 92.536804	 92.533387	 92.530111	 92.526973	  92.52397	 92.521098	 92.518354	 92.515736	 92.513239	 92.510861	   92.5086	 92.506453	 92.504417	  92.50249	 92.500669	 92.498953	 92.497339	 92.495826	 92.494411	 92.493093	 92.491871	 92.490741	 92.489705	 92.488759	 92.487903	 92.487135	 92.486456	 92.485863	 92.485356	 92.484935	 92.484599	 92.484347	 92.484179	 92.484095	
        99	  98.91109	 98.822199	 98.733347	 98.644555	 98.555841	 98.467226	 98.378728	 98.290367	 98.202163	 98.114134	 98.026301	 97.938681	 97.851293	 97.764157	 97.677291	 97.590713	 97.504441	 97.418493	 97.332888	 97.247642	 97.162773	 97.078297	 96.994233	 96.910595	 96.827401	 96.744667	 96.662408	 96.580639	 96.499376	 96.418633	 96.338425	 96.258766	  96.17967	 96.101149	 96.023218	 95.945889	 95.869174	 95.793085	 95.717634	 95.642832	  95.56869	 95.495218	 95.422427	 95.350325	 95.278923	 95.208229	 95.138252	    95.069	  95.00048	   94.9327	 94.865667	 94.799386	 94.733865	 94.669108	 94.605122	  94.54191	 94.479477	 94.417828	 94.356966	 94.296894	 94.237616	 94.179133	 94.121447	 94.064561	 94.008476	 93.953193	 93.898712	 93.845034	 93.792158	 93.740085	 93.688812	  93.63834	 93.588666	 93.539789	 93.491707	 93.444418	 93.397917	 93.352203	 93.307273	 93.263122	 93.219746	 93.177142	 93.135305	  93.09423	 93.053912	 93.014347	 92.975528	  92.93745	 92.900108	 92.863495	 92.827604	  92.79243	 92.757966	 92.724205	 92.691139	 92.658763	 92.627068	 92.596047	 92.565692	 92.535996	 92.506952	  92.47855	 92.450783	 92.423643	 92.397121	  92.37121	   92.3459	 92.321184	 92.297053	 92.273498	 92.250511	 92.228083	 92.206206	  92.18487	 92.164067	 92.143788	 92.124025	 92.104768	  92.08601	  92.06774	 92.049952	 92.032635	 92.015782	 91.999383	  91.98343	 91.967915	 91.952829	 91.938163	  91.92391	  91.91006	 91.896606	  91.88354	 91.870853	 91.858537	 91.846585	 91.834988	 91.823739	  91.81283	 91.802254	 91.792003	 91.782069	 91.772445	 91.763125	 91.754101	 91.745365	 91.736912	 91.728734	 91.720826	 91.713179	 91.705788	 91.698647	 91.691749	 91.685089	 91.678659	 91.672456	 91.666472	 91.660703	 91.655143	 91.649786	 91.644628	 91.639664	 91.634887	 91.630295	 91.625881	 91.621642	 91.617573	  91.61367	 91.609928	 91.606344	 91.602914	 91.599634	   91.5965	 91.593508	 91.590656	 91.587941	 91.585358	 91.582905	 91.580579	 91.578378	 91.576299	 91.574339	 91.572495	 91.570767	 91.569151	 91.567646	 91.566249	 91.564959	 91.563775	 91.562695	 91.561717	  91.56084	 91.560064	 91.559387	 91.558808	 91.558327	 91.557943	 91.557655	 91.557463	 91.557368	
        99	 98.900038	 98.800099	 98.700204	 98.600375	 98.500634	 98.401004	 98.301507	 98.202163	 98.102995	 98.004025	 97.905274	 97.806763	 97.708514	 97.610547	 97.512884	 97.415544	 97.318549	 97.221919	 97.125673	 97.029831	 96.934413	 96.839438	 96.744925	 96.650891	 96.557357	 96.464339	 96.371855	 96.279923	 96.188559	  96.09778	 96.007603	 95.918043	 95.829115	 95.740835	 95.653217	 95.566276	 95.480026	 95.394479	  95.30965	 95.225551	 95.142193	 95.059589	  94.97775	 94.896687	  94.81641	 94.736929	 94.658254	 94.580394	 94.503357	 94.427153	 94.351787	 94.277268	 94.203603	 94.130797	 94.058857	 93.987789	 93.917596	 93.848284	 93.779857	 93.712319	 93.645672	  93.57992	 93.515065	 93.451108	 93.388052	 93.325897	 93.264644	 93.204294	 93.144846	   93.0863	 93.028655	 92.971909	 92.916061	 92.861109	 92.807051	 92.753883	 92.701603	 92.650207	 92.599692	 92.550053	 92.501286	 92.453386	 92.406349	 92.360168	 92.314839	 92.270356	 92.226712	 92.183902	 92.141918	 92.100754	 92.060402	 92.020856	 91.982108	 91.944151	 91.906976	 91.870575	  91.83494	 91.800063	 91.765936	 91.732549	 91.699894	 91.667962	 91.636744	  91.60623	 91.576412	  91.54728	 91.518825	 91.491037	 91.463906	 91.437424	 91.411579	 91.386364	 91.361767	 91.337779	  91.31439	 91.291591	 91.269371	 91.247721	 91.226631	 91.206091	 91.186091	 91.166622	 91.147674	 91.129237	 91.111301	 91.093857	 91.076896	 91.060408	 91.044382	 91.028812	 91.013685	 90.998995	 90.984731	 90.970885	 90.957447	 90.944409	 90.931762	 90.919497	 90.907606	  90.89608	 90.884912	 90.874092	 90.863613	 90.853467	 90.843646	 90.834142	 90.824948	 90.816056	 90.807459	 90.799149	 90.791121	 90.783365	 90.775877	 90.768649	 90.761674	 90.754947	 90.748461	 90.742209	 90.736187	 90.730388	 90.724806	 90.719436	 90.714273	 90.709311	 90.704545	  90.69997	 90.695581	 90.691375	 90.687345	 90.683489	 90.679801	 90.676277	 90.672914	 90.669707	 90.666654	  90.66375	 90.660993	 90.658378	 90.655903	 90.653565	 90.651361	 90.649289	 90.647346	 90.645529	 90.643836	 90.642266	 90.640816	 90.639485	  90.63827	 90.637171	 90.636185	 90.635313	 90.634551	   90.6339	 90.633359	 90.632927	 90.632604	 90.632389	 90.632281	
        99	 98.889009	 98.778043	 98.667126	 98.556282	 98.445537	 98.334915	 98.224439	 98.114134	 98.004025	 97.894135	 97.784489	 97.675109	 97.566019	 97.457243	 97.348804	 97.240725	 97.133028	 97.025736	 96.918871	 96.812455	 96.706509	 96.601055	 96.496113	 96.391705	  96.28785	 96.184569	 96.081881	 95.979806	 95.878362	 95.777567	  95.67744	 95.577998	 95.479258	 95.381238	 95.283953	  95.18742	 95.091653	 94.996668	 94.902479	   94.8091	 94.716546	 94.624827	 94.533959	 94.443952	 94.354817	 94.266567	 94.179212	 94.092761	 94.007225	 93.922612	 93.838931	  93.75619	 93.674397	 93.593559	 93.513681	 93.434771	 93.356834	 93.279875	 93.203898	 93.128908	 93.054908	 92.981901	  92.90989	 92.838876	 92.768863	  92.69985	  92.63184	 92.564831	 92.498824	 92.433818	 92.369812	 92.306805	 92.244796	 92.183781	 92.123758	 92.064724	 92.006675	 91.949609	  91.89352	 91.838404	 91.784256	 91.731072	 91.678844	 91.627569	 91.577239	 91.527847	 91.479388	 91.431854	 91.385238	 91.339532	 91.294729	 91.250819	 91.207796	  91.16565	 91.124374	 91.083957	  91.04439	 91.005665	 90.967772	 90.930702	 90.894444	 90.858989	 90.824326	 90.790446	 90.757338	 90.724992	 90.693397	 90.662543	 90.632419	 90.603014	 90.574318	  90.54632	  90.51901	 90.492375	 90.466406	 90.441091	  90.41642	 90.392381	 90.368964	 90.346158	 90.323951	 90.302334	 90.281295	 90.260824	 90.240909	 90.221541	 90.202708	   90.1844	 90.166607	 90.149318	 90.132523	 90.116212	 90.100374	    90.085	  90.07008	 90.055603	  90.04156	 90.027942	 90.014739	 90.001942	 89.989541	 89.977528	 89.965893	 89.954627	 89.943723	  89.93317	 89.922962	 89.913089	 89.903543	 89.894317	 89.885402	 89.876791	 89.868476	 89.860451	 89.852707	 89.845237	 89.838035	 89.831094	 89.824407	 89.817968	 89.811771	 89.805808	 89.800075	 89.794565	 89.789274	 89.784194	 89.779322	 89.774651	 89.770177	 89.765894	 89.761799	 89.757887	 89.754153	 89.750593	 89.747202	 89.743978	 89.740916	 89.738013	 89.735265	 89.732669	 89.730223	 89.727922	 89.725764	 89.723746	 89.721867	 89.720124	 89.718514	 89.717036	 89.715687	 89.714466	 89.713372	 89.712403	 89.711558	 89.710835	 89.710234	 89.709755	 89.709395	 89.709156	 89.709037	
        99	 98.878004	 98.756036	 98.634121	 98.512288	 98.390562	 98.268971	 98.147542	 98.026301	 97.905274	 97.784489	  97.66397	 97.543745	  97.42384	 97.304279	 97.185088	 97.066292	 96.947917	 96.829987	 96.712526	 96.595559	 96.479108	 96.363199	 96.247852	 96.133092	  96.01894	 95.905419	 95.792549	 95.680353	  95.56885	 95.458062	 95.348007	 95.238705	 95.130176	 95.022437	 94.915506	 94.809401	 94.704139	 94.599736	 94.496209	 94.393572	  94.29184	 94.191028	  94.09115	 93.992218	 93.894246	 93.797246	 93.701229	 93.606207	  93.51219	 93.419188	  93.32721	 93.236265	 93.146362	 93.057509	 92.969711	 92.882977	 92.797313	 92.712723	 92.629213	 92.546788	  92.46545	 92.385205	 92.306054	    92.228	 92.151044	 92.075189	 92.000435	 91.926782	  91.85423	 91.782779	 91.712427	 91.643174	 91.575016	 91.507951	 91.441977	 91.377089	 91.313286	 91.250561	 91.188911	  91.12833	 91.068814	 91.010356	  90.95295	 90.896591	  90.84127	 90.786982	 90.733718	 90.681471	 90.630233	 90.579995	 90.530749	 90.482486	 90.435197	 90.388873	 90.343503	 90.299079	  90.25559	 90.213025	 90.171375	 90.130629	 90.090776	 90.051806	 90.013706	 89.976467	 89.940076	 89.904523	 89.869795	 89.835882	 89.802771	 89.770451	  89.73891	 89.708136	 89.678117	 89.648842	 89.620298	 89.592473	 89.565356	 89.538933	 89.513195	 89.488127	 89.463719	 89.439958	 89.416833	 89.394332	 89.372443	 89.351155	 89.330454	 89.310331	 89.290774	 89.271771	 89.253311	 89.235382	 89.217974	 89.201076	 89.184676	 89.168764	 89.153329	 89.138361	 89.123849	 89.109782	 89.096152	 89.082948	 89.070159	 89.057776	  89.04579	 89.034192	 89.022971	 89.012119	 89.001627	 88.991486	 88.981687	 88.972223	 88.963084	 88.954262	  88.94575	  88.93754	 88.929624	 88.921995	 88.914645	 88.907568	 88.900755	 88.894202	   88.8879	 88.881844	 88.876028	 88.870445	 88.865089	 88.859955	 88.855037	 88.850331	  88.84583	 88.841529	 88.837425	 88.833512	 88.829785	 88.826241	 88.822876	 88.819685	 88.816665	 88.813811	 88.811122	 88.808593	 88.806221	 88.804004	 88.801938	 88.800022	 88.798252	 88.796627	 88.795145	 88.793803	 88.792601	 88.791535	 88.790606	 88.789812	 88.789152	 88.788625	  88.78823	 88.787967	 88.787836	
        99	 98.867026	 98.734082	 98.601197	   98.4684	 98.335721	 98.203188	 98.070832	 97.938681	 97.806763	 97.675109	 97.543745	 97.412702	 97.282006	 97.151686	  97.02177	 96.892284	 96.763257	 96.634715	 96.506684	 96.379191	 96.252262	 96.125921	 96.000195	 95.875108	 95.750684	 95.626947	 95.503921	 95.381629	 95.260092	 95.139334	 95.019376	 94.900239	 94.781943	 94.664509	 94.547956	 94.432303	 94.317569	 94.203771	 94.090927	 93.979054	 93.868168	 93.758284	 93.649418	 93.541584	 93.434796	 93.329067	  93.22441	 93.120837	  93.01836	 92.916989	 92.816734	 92.717606	 92.619613	 92.522763	 92.427065	 92.332527	 92.239153	 92.146952	 92.055927	 91.966084	 91.877427	 91.789961	 91.703687	 91.618609	 91.534729	 91.452048	 91.370567	 91.290286	 91.211206	 91.133325	 91.056643	 90.981157	 90.906865	 90.833766	 90.761855	 90.691129	 90.621583	 90.553214	 90.486016	 90.419984	 90.355112	 90.291394	 90.228822	 90.167391	 90.107093	 90.047919	 89.989862	 89.932914	 89.877065	 89.822306	 89.768629	 89.716023	 89.664479	 89.613986	 89.564534	 89.516112	 89.468709	 89.422314	 89.376916	 89.332503	 89.289064	 89.246587	 89.205059	 89.164468	 89.124803	  89.08605	 89.048198	 89.011233	 88.975142	 88.939914	 88.905535	 88.871992	 88.839272	 88.807362	 88.776249	 88.745921	 88.716363	 88.687563	 88.659508	 88.632185	  88.60558	 88.579682	 88.554476	  88.52995	 88.506091	 88.482886	 88.460324	  88.43839	 88.417073	  88.39636	 88.376238	 88.356696	 88.337722	 88.319302	 88.301427	 88.284083	 88.267259	 88.250944	 88.235126	 88.219794	 88.204937	 88.190544	 88.176605	 88.163108	 88.150044	 88.137401	 88.125171	 88.113342	 88.101906	 88.090852	 88.080172	 88.069856	 88.059894	 88.050279	 88.041001	 88.032052	 88.023424	 88.015108	 88.007097	 87.999383	 87.991957	 87.984814	 87.977946	 87.971345	 87.965005	 87.958919	 87.953082	 87.947486	 87.942125	 87.936995	 87.932089	 87.927402	 87.922928	 87.918663	 87.914601	 87.910738	  87.90707	 87.903592	   87.9003	  87.89719	 87.894258	 87.891501	 87.888916	 87.886499	 87.884248	 87.882159	  87.88023	 87.878459	 87.876843	 87.875381	  87.87407	 87.872909	 87.871896	 87.871031	 87.870311	 87.869736	 87.869306	 87.869019	 87.868876	
        99	 98.856078	 98.712187	  98.56836	 98.424629	 98.281025	  98.13758	 97.994326	 97.851293	 97.708514	 97.566019	  97.42384	 97.282006	 97.140549	 96.999499	 96.858885	 96.718738	 96.579087	 96.439961	 96.301388	 96.163398	 96.026017	 95.889274	 95.753196	 95.617809	 95.483141	 95.349215	  95.21606	 95.083698	 94.952154	 94.821453	 94.691618	 94.562671	 94.434635	 94.307531	 94.181381	 94.056206	 93.932025	 93.808857	 93.686722	 93.565637	 93.445621	  93.32669	  93.20886	 93.092147	 92.976566	 92.862131	 92.748857	 92.636756	 92.525841	 92.416123	 92.307613	 92.200323	 92.094261	 91.989437	  91.88586	 91.783537	 91.682476	 91.582682	 91.484162	 91.386922	 91.290966	 91.196297	  91.10292	 91.010837	  90.92005	 90.830561	 90.742371	  90.65548	 90.569889	 90.485595	 90.402599	 90.320898	 90.240489	 90.161371	 90.083538	 90.006989	 89.931717	 89.857719	 89.784988	 89.713519	 89.643305	  89.57434	 89.506617	 89.440128	 89.374864	 89.310818	 89.247981	 89.186344	 89.125896	 89.066629	 89.008532	 88.951595	 88.895806	 88.841156	 88.787632	 88.735223	 88.683917	 88.633702	 88.584566	 88.536497	 88.489481	 88.443506	 88.398558	 88.354626	 88.311694	 88.269751	 88.228782	 88.188773	 88.149711	 88.111582	 88.074372	 88.038067	 88.002653	 87.968116	 87.934441	 87.901615	 87.869624	 87.838453	 87.808088	 87.778515	  87.74972	 87.721688	 87.694407	 87.667862	 87.642039	 87.616923	 87.592503	 87.568763	 87.545691	 87.523272	 87.501494	 87.480343	 87.459806	  87.43987	 87.420523	 87.401751	 87.383542	 87.365883	 87.348763	 87.332168	 87.316088	  87.30051	 87.285423	 87.270815	 87.256675	 87.242992	 87.229754	 87.216952	 87.204574	  87.19261	  87.18105	 87.169884	 87.159103	 87.148696	 87.138654	 87.128968	  87.11963	 87.110629	 87.101958	 87.093609	 87.085572	 87.077841	 87.070406	 87.063262	   87.0564	 87.049814	 87.043495	 87.037439	 87.031637	 87.026084	 87.020774	 87.015701	 87.010859	 87.006242	 87.001846	 86.997665	 86.993695	  86.98993	 86.986367	 86.983001	 86.979828	 86.976845	 86.974047	 86.971431	 86.968994	 86.966733	 86.964646	 86.962729	  86.96098	 86.959397	 86.957978	 86.956721	 86.955625	 86.954688	 86.953909	 86.953288	 86.952822	 86.952512	 86.952357	
        99	  98.84516	 98.690355	 98.535618	 98.380984	 98.226487	 98.072161	 97.918039	 97.764157	 97.610547	 97.457243	 97.304279	 97.151686	 96.999499	 96.847749	 96.696469	 96.545691	 96.395447	 96.245767	 96.096683	 95.948225	 95.800423	 95.653307	 95.506907	  95.36125	 95.216366	 95.072282	 94.929026	 94.786623	 94.645101	 94.504486	 94.364802	 94.226073	 94.088325	  93.95158	 93.815861	  93.68119	 93.547589	 93.415078	 93.283679	 93.153409	 93.024289	 92.896336	 92.769568	 92.644002	 92.519653	 92.396538	 92.274672	 92.154067	 92.034738	 91.916697	 91.799957	 91.684528	 91.570421	 91.457645	 91.346211	 91.236126	 91.127399	 91.020035	 90.914042	 90.809426	  90.70619	 90.604341	  90.50388	 90.404812	 90.307139	 90.210862	 90.115982	   90.0225	 89.930415	 89.839728	 89.750436	 89.662537	 89.576029	 89.490909	 89.407173	 89.324816	 89.243835	 89.164223	 89.085975	 89.009085	 88.933545	 88.859349	 88.786489	 88.714956	 88.644742	 88.575837	 88.508234	  88.44192	 88.376888	 88.313125	 88.250621	 88.189364	 88.129344	 88.070548	 88.012964	 87.956579	 87.901382	 87.847358	 87.794495	 87.742779	 87.692196	 87.642734	 87.594377	 87.547112	 87.500924	 87.455799	 87.411722	 87.368678	 87.326653	 87.285632	 87.245599	  87.20654	  87.16844	 87.131283	 87.095054	 87.059738	  87.02532	 86.991784	 86.959116	 86.927299	  86.89632	 86.866163	 86.836812	 86.808253	 86.780471	 86.753451	 86.727178	 86.701637	 86.676814	 86.652695	 86.629265	  86.60651	 86.584415	 86.562967	 86.542152	 86.521956	 86.502365	 86.483367	 86.464948	 86.447095	 86.429795	 86.413036	 86.396804	 86.381088	 86.365875	 86.351154	 86.336912	 86.323139	 86.309822	 86.296951	 86.284514	 86.272501	 86.260902	 86.249705	 86.238902	 86.228481	 86.218434	 86.208751	 86.199422	 86.190439	 86.181793	 86.173475	 86.165477	 86.157791	 86.150408	 86.143322	 86.136525	 86.130008	 86.123767	 86.117793	  86.11208	 86.106622	 86.101412	 86.096446	 86.091716	 86.087218	 86.082947	 86.078897	 86.075063	 86.071442	 86.068028	 86.064818	 86.061808	 86.058994	 86.056372	  86.05394	 86.051694	 86.049631	  86.04775	 86.046047	  86.04452	 86.043168	 86.041989	 86.040981	 86.040143	 86.039474	 86.038973	 86.038639	 86.038472	
        99	 98.834277	  98.66859	 98.502977	 98.337474	 98.172117	 98.006943	 97.841989	 97.677291	 97.512884	 97.348804	 97.185088	  97.02177	 96.858885	 96.696469	 96.534556	  96.37318	 96.212375	 96.052174	 95.892611	 95.733718	 95.575528	 95.418071	  95.26138	 95.105486	 94.950418	 94.796206	  94.64288	 94.490469	 94.338999	   94.1885	 94.038998	 93.890518	 93.743088	 93.596731	 93.451472	 93.307336	 93.164344	 93.022519	 92.881883	 92.742457	 92.604261	 92.467315	 92.331636	 92.197244	 92.064155	 91.932387	 91.801954	 91.672872	 91.545156	 91.418818	 91.293872	  91.17033	 91.048202	   90.9275	 90.808233	  90.69041	  90.57404	  90.45913	 90.345687	 90.233718	 90.123226	 90.014217	 89.906696	 89.800664	 89.696125	 89.593081	 89.491532	 89.391479	 89.292922	  89.19586	 89.100292	 89.006215	 88.913627	 88.822523	 88.732901	 88.644756	 88.558083	 88.472875	 88.389127	 88.306832	 88.225983	 88.146572	  88.06859	 87.992029	  87.91688	 87.843132	 87.770777	 87.699802	 87.630199	 87.561954	 87.495056	 87.429494	 87.365255	 87.302326	 87.240695	 87.180347	  87.12127	 87.063448	  87.00687	 86.951519	 86.897381	 86.844442	 86.792686	 86.742099	 86.692664	 86.644367	 86.597192	 86.551123	 86.506144	 86.462239	 86.419393	 86.377589	  86.33681	 86.297041	 86.258266	 86.220468	  86.18363	 86.147737	 86.112773	  86.07872	 86.045563	 86.013286	 85.981872	 85.951306	 85.921571	 85.892652	 85.864532	 85.837196	 85.810629	 85.784814	 85.759737	 85.735382	 85.711734	 85.688779	 85.666501	 85.644885	 85.623918	 85.603584	 85.583871	 85.564763	 85.546247	 85.528309	 85.510937	 85.494116	 85.477834	 85.462078	 85.446835	 85.432093	  85.41784	 85.404064	 85.390754	 85.377896	 85.365482	 85.353498	 85.341936	 85.330783	 85.320029	 85.309665	 85.299681	 85.290067	 85.280813	  85.27191	  85.26335	 85.255123	 85.247222	 85.239638	 85.232362	 85.225388	 85.218708	 85.212314	 85.206199	 85.200358	 85.194782	 85.189466	 85.184404	  85.17959	 85.175018	 85.170684	 85.166581	 85.162705	 85.159051	 85.155616	 85.152394	 85.149382	 85.146576	 85.143973	 85.141569	 85.139361	 85.137348	 85.135525	 85.133891	 85.132444	 85.131182	 85.130103	 85.129206	  85.12849	 85.127954	 85.127597	 85.127418	
        99	 98.823429	 98.646898	 98.470444	 98.294108	 98.117928	 97.941943	 97.766192	 97.590713	 97.415544	 97.240725	 97.066292	 96.892284	 96.718738	 96.545691	  96.37318	 96.201241	 96.029911	 95.859224	 95.689217	 95.519923	 95.351378	 95.183616	 95.016669	  94.85057	 94.685352	 94.521046	 94.357684	 94.195297	 94.033913	 93.873563	 93.714274	 93.556076	 93.398996	 93.243059	 93.088293	 92.934722	  92.78237	 92.631262	 92.481421	 92.332869	 92.185627	 92.039717	 91.895157	 91.751969	 91.610169	 91.469775	 91.330805	 91.193274	 91.057198	 90.922591	 90.789466	 90.657837	 90.527716	 90.399113	  90.27204	 90.146505	 90.022518	 89.900086	 89.779218	 89.659919	 89.542195	 89.426052	 89.311492	  89.19852	 89.087139	 88.977349	 88.869154	 88.762552	 88.657544	 88.554129	 88.452305	  88.35207	 88.253421	 88.156355	 88.060867	 87.966952	 87.874605	 87.783821	 87.694591	 87.606909	 87.520768	 87.436159	 87.353073	   87.2715	 87.191432	 87.112858	 87.035766	 86.960146	 86.885986	 86.813275	 86.741998	 86.672145	 86.603701	 86.536653	 86.470988	  86.40669	 86.343745	  86.28214	 86.221857	 86.162883	 86.105202	 86.048798	 85.993654	 85.939756	 85.887085	 85.835627	 85.785364	  85.73628	 85.688357	 85.641578	 85.595927	 85.551387	 85.507939	 85.465567	 85.424254	 85.383981	 85.344733	  85.30649	 85.269237	 85.232956	 85.197628	 85.163239	 85.129769	 85.097202	  85.06552	 85.034708	 85.004748	 84.975623	 84.947316	 84.919812	 84.893093	 84.867144	 84.841949	 84.817491	 84.793754	 84.770724	 84.748384	  84.72672	 84.705716	 84.685357	 84.665629	 84.646518	 84.628008	 84.610086	 84.592738	 84.575951	  84.55971	 84.544004	 84.528818	  84.51414	 84.499958	  84.48626	 84.473032	 84.460264	 84.447945	 84.436062	 84.424605	 84.413562	 84.402924	 84.392681	 84.382821	 84.373336	 84.364215	  84.35545	 84.347032	 84.338951	 84.331199	 84.323769	 84.316651	 84.309839	 84.303324	   84.2971	 84.291159	 84.285496	 84.280102	 84.274973	 84.270102	 84.265484	 84.261112	 84.256982	  84.25309	 84.249429	 84.245996	 84.242787	 84.239798	 84.237024	 84.234463	 84.232111	 84.229965	 84.228024	 84.226283	 84.224741	 84.223396	 84.222247	 84.221291	 84.220528	 84.219957	 84.219576	 84.219386	
        99	  98.81262	 98.625282	 98.438027	 98.250896	  98.06393	 97.877172	 97.690662	 97.504441	 97.318549	 97.133028	 96.947917	 96.763257	 96.579087	 96.395447	 96.212375	 96.029911	 95.848092	 95.666956	 95.486542	 95.306885	 95.128022	 94.949989	 94.772822	 94.596556	 94.421224	  94.24686	 94.073497	 93.901169	 93.729906	 93.559739	   93.3907	 93.222818	 93.056121	 92.890639	 92.726398	 92.563426	 92.401748	  92.24139	 92.082376	  91.92473	 91.768474	 91.613632	 91.460223	 91.308269	 91.157788	   91.0088	 90.861323	 90.715373	 90.570966	 90.428119	 90.286845	 90.147158	 90.009071	 89.872596	 89.737743	 89.604524	 89.472947	  89.34302	 89.214753	 89.088151	  88.96322	 88.839967	 88.718394	 88.598507	 88.480307	 88.363797	 88.248977	  88.13585	 88.024414	 87.914668	 87.806611	  87.70024	 87.595552	 87.492544	  87.39121	 87.291546	 87.193546	 87.097204	 87.002512	 86.909463	 86.818048	 86.728259	 86.640087	 86.553521	 86.468551	 86.385167	 86.303356	 86.223107	 86.144407	 86.067244	 85.991605	 85.917475	 85.844842	 85.773689	 85.704004	  85.63577	 85.568972	 85.503595	 85.439622	 85.377038	 85.315826	 85.255969	  85.19745	 85.140252	 85.084357	 85.029749	 84.976409	 84.924319	 84.873463	 84.823821	 84.775375	 84.728108	    84.682	 84.637035	 84.593192	 84.550454	 84.508803	  84.46822	 84.428686	 84.390183	 84.352694	 84.316199	  84.28068	 84.246119	 84.212498	   84.1798	 84.148005	 84.117097	 84.087058	  84.05787	 84.029516	 84.001979	 83.975241	 83.949285	 83.924096	 83.899656	 83.875948	 83.852958	 83.830668	 83.809063	 83.788127	 83.767846	 83.748203	 83.729184	 83.710774	 83.692959	 83.675724	 83.659056	 83.642941	 83.627365	 83.612314	 83.597777	  83.58374	 83.570191	 83.557117	 83.544507	 83.532348	  83.52063	 83.509341	  83.49847	 83.488007	 83.477941	 83.468262	  83.45896	 83.450026	 83.441451	 83.433225	 83.425339	 83.417786	 83.410556	 83.403643	 83.397038	 83.390734	 83.384723	    83.379	 83.373556	 83.368387	 83.363486	 83.358847	 83.354465	 83.350334	 83.346449	 83.342806	   83.3394	 83.336228	 83.333284	 83.330566	 83.328071	 83.325794	 83.323733	 83.321886	 83.320249	 83.318822	 83.317603	 83.316588	 83.315779	 83.315172	 83.314768	 83.314567	
