Time step 100:
        99	        99	        99	        99	        99	        99	        99	        99	        99	        99	        99	        99	        99	        99	        99	        99	        99	        99	        99	        99	        99	        99	        99	        99	        99	        99	        99	        99	        99	        99	        99	        99	        99	        99	        99	        99	        99	        99	        99	        99	        99	        99	        99	        99	        99	        99	        99	        99	        99	        99	        99	        99	        99	        99	        99	        99	        99	        99	        99	        99	        99	        99	        99	        99	        99	        99	        99	        99	        99	        99	        99	        99	        99	        99	        99	        99	        99	        99	        99	        99	        99	        99	        99	        99	        99	        99	        99	        99	        99	        99	        99	        99	        99	        99	        99	        99	        99	        99	        99	        99	        99	        99	        99	        99	        99	        99	        99	        99	        99	        99	        99	        99	        99	        99	        99	        99	        99	        99	        99	        99	        99	        99	        99	        99	        99	        99	        99	        99	        99	        99	        99	        99	        99	        99	        99	        99	        99	        99	        99	        99	        99	        99	        99	        99	        99	        99	        99	        99	        99	        99	        99	        99	        99	        99	        99	        99	        99	        99	        99	        99	        99	        99	        99	        99	        99	        99	        99	        99	        99	        99	        99	        99	        99	        99	        99	        99	        99	        99	        99	        99	        99	        99	        99	        99	        99	        99	        99	        99	        99	        99	        99	        99	        99	        99	        99	        99	        99	        99	        99	        99	
        99	 98.993651	 98.987303	 98.980957	 98.974613	 98.968273	 98.961936	 98.955604	 98.949278	 98.942958	 98.936646	 98.930341	 98.924045	 98.917759	 98.911483	 98.905218	 98.898965	 98.892724	 98.886497	 98.880285	 98.874087	 98.867905	 98.861739	  98.85559	 98.849459	 98.843347	 98.837254	 98.831181	 98.825129	 98.819098	  98.81309	 98.807104	 98.801141	 98.795203	 98.789289	 98.783401	 98.777539	 98.771703	 98.765895	 98.760115	 98.754363	  98.74864	 98.742947	 98.737284	 98.731652	 98.726051	 98.720482	 98.714945	 98.709442	 98.703971	 98.698535	 98.693133	 98.687765	 98.682433	 98.677137	 98.671877	 98.666653	 98.661467	 98.656318	 98.651206	 98.646133	 98.641098	 98.636103	 98.631146	 98.626229	 98.621352	 98.616514	 98.611718	 98.606962	 98.602247	 98.597573	 98.592941	  98.58835	 98.583801	 98.579295	  98.57483	 98.570409	 98.566029	 98.561693	   98.5574	  98.55315	 98.548943	 98.544779	 98.540659	 98.536582	 98.532549	  98.52856	 98.524614	 98.520712	 98.516854	  98.51304	  98.50927	 98.505544	 98.501861	 98.498222	 98.494627	 98.491076	 98.487569	 98.484105	 98.480685	 98.477309	 98.473976	 98.470686	  98.46744	 98.464237	 98.461077	  98.45796	 98.454886	 98.451855	 98.448866	 98.445919	 98.443015	 98.440153	 98.437333	 98.434555	 98.431818	 98.429123	 98.426468	 98.423855	 98.421283	 98.418751	  98.41626	 98.413809	 98.411398	 98.409026	 98.406694	 98.404402	 98.402148	 98.399934	 98.397757	  98.39562	  98.39352	 98.391458	 98.389434	 98.387447	 98.385497	 98.383584	 98.381708	 98.379868	 98.378064	 98.376296	 98.374563	 98.372866	 98.371204	 98.369577	 98.367984	 98.366425	 98.364901	  98.36341	 98.361953	 98.360529	 98.359138	  98.35778	 98.356455	 98.355161	   98.3539	 98.352671	 98.351473	 98.350307	 98.349172	 98.348067	 98.346994	 98.345951	 98.344938	 98.343955	 98.343002	 98.342078	 98.341184	  98.34032	 98.339484	 98.338677	 98.337899	 98.337149	 98.336428	 98.335735	  98.33507	 98.334433	 98.333823	 98.333241	 98.332687	 98.332159	 98.331659	 98.331186	  98.33074	 98.330321	 98.329928	 98.329562	 98.329223	  98.32891	 98.328623	 98.328363	 98.328128	  98.32792	 98.327739	 98.327583	 98.327453	 98.327349	 98.327271	  98.32722	 98.327194	
        99	 98.987303	 98.974609	 98.961917	  98.94923	  98.93655	 98.923877	 98.911214	 98.898563	 98.885924	 98.873299	 98.860691	   98.8481	 98.835528	 98.822977	 98.810448	 98.797942	 98.785463	 98.773009	 98.760585	  98.74819	 98.735826	 98.723495	 98.711198	 98.698938	 98.686714	 98.674529	 98.662384	  98.65028	 98.638219	 98.626203	 98.614232	 98.602308	 98.590432	 98.578605	 98.566829	 98.555106	 98.543436	  98.53182	  98.52026	 98.508757	 98.497312	 98.485927	 98.474601	 98.463338	 98.452137	 98.440999	 98.429927	  98.41892	  98.40798	 98.397108	 98.386304	  98.37557	 98.364907	 98.354315	 98.343796	 98.333349	 98.322977	 98.312679	 98.302457	 98.292311	 98.282242	 98.272251	 98.262339	 98.252505	 98.242751	 98.233077	 98.223485	 98.213973	 98.204544	 98.195197	 98.185933	 98.176752	 98.167655	 98.158642	 98.149714	 98.140871	 98.132114	 98.123442	 98.114856	 98.106356	 98.097942	 98.089616	 98.081376	 98.073223	 98.065158	 98.057179	 98.049289	 98.041485	  98.03377	 98.026142	 98.018602	  98.01115	 98.003785	 97.996508	 97.989319	 97.982217	 97.975203	 97.968276	 97.961436	 97.954684	 97.948018	  97.94144	 97.934948	 97.928542	 97.922222	 97.915989	 97.909841	 97.903778	 97.897801	 97.891909	 97.886101	 97.880377	 97.874737	 97.869181	 97.863708	 97.858317	 97.853009	 97.847783	 97.842639	 97.837576	 97.832594	 97.827692	  97.82287	 97.818127	 97.813464	 97.808879	 97.804372	 97.799943	 97.795591	 97.791316	 97.787117	 97.782993	 97.778945	 97.774971	 97.771072	 97.767246	 97.763494	 97.759814	 97.756206	 97.752671	 97.749206	 97.745811	 97.742487	 97.739233	 97.736047	 97.732931	 97.729882	 97.726901	 97.723986	 97.721139	 97.718357	 97.715641	 97.712991	 97.710404	 97.707882	 97.705424	 97.703029	 97.700696	 97.698426	 97.696217	  97.69407	 97.691984	 97.689958	 97.687993	 97.686087	  97.68424	 97.682452	 97.680723	 97.679052	 97.677438	 97.675882	 97.674383	  97.67294	 97.671554	 97.670224	  97.66895	 97.667731	 97.666567	 97.665458	 97.664403	 97.663403	 97.662457	 97.661565	 97.660726	 97.659941	 97.659209	  97.65853	 97.657904	 97.657331	  97.65681	 97.656342	 97.655926	 97.655562	 97.655251	 97.654991	 97.654783	 97.654628	 97.654524	 97.654472	
        99	 98.980957	 98.961917	 98.942881	 98.923853	 98.904834	 98.885828	 98.866835	  98.84786	 98.828904	 98.809969	 98.791058	 98.772174	 98.753318	 98.734493	 98.715702	 98.696946	 98.678228	  98.65955	 98.640915	 98.622324	 98.603781	 98.585286	 98.566843	 98.548454	  98.53012	 98.511845	 98.493629	 98.475476	 98.457386	 98.439363	 98.421409	 98.403524	 98.385712	 98.367974	 98.350313	 98.332729	 98.315226	 98.297804	 98.280466	 98.263213	 98.246048	 98.228971	 98.211985	 98.195091	 98.178292	 98.161588	  98.14498	 98.128472	 98.112064	 98.095757	 98.079553	 98.063454	 98.047461	 98.031575	 98.015797	 98.000129	 97.984572	 97.969127	 97.953796	 97.938579	 97.923477	 97.908492	 97.893624	 97.878876	 97.864246	 97.849737	  97.83535	 97.821084	 97.806941	 97.792922	 97.779028	 97.765258	 97.751614	 97.738097	 97.724706	 97.711443	 97.698308	 97.685301	 97.672424	 97.659675	 97.647056	 97.634567	 97.622209	 97.609981	 97.597884	 97.585918	 97.574083	  97.56238	 97.550808	 97.539367	 97.528058	 97.516881	 97.505835	 97.494921	 97.484138	 97.473486	 97.462966	 97.452577	 97.442319	 97.432191	 97.422194	 97.412327	  97.40259	 97.392982	 97.383504	 97.374155	 97.364934	 97.355841	 97.346876	 97.338038	 97.329327	 97.320742	 97.312284	  97.30395	 97.295741	 97.287656	 97.279695	 97.271857	 97.264142	 97.256548	 97.249075	 97.241723	 97.234491	 97.227378	 97.220383	 97.213507	 97.206747	 97.200104	 97.193577	 97.187165	 97.180867	 97.174682	  97.16861	 97.162651	 97.156802	 97.151064	 97.145436	 97.139917	 97.134506	 97.129203	 97.124006	 97.118915	  97.11393	 97.109048	 97.104271	 97.099596	 97.095023	 97.090552	 97.086181	  97.08191	 97.077739	 97.073665	 97.069689	  97.06581	 97.062028	  97.05834	 97.054748	 97.051249	 97.047844	 97.044532	 97.041312	 97.038183	 97.035144	 97.032196	 97.029338	 97.026568	 97.023887	 97.021293	 97.018786	 97.016366	 97.014032	 97.011784	  97.00962	 97.007541	 97.005546	 97.003635	 97.001806	 97.000061	 96.998397	 96.996816	 96.995316	 96.993897	 96.992559	 96.991301	 96.990123	 96.989025	 96.988007	 96.987068	 96.986208	 96.985427	 96.984725	 96.984101	 96.983556	 96.983088	 96.982699	 96.982388	 96.982154	 96.981999	 96.981921	
        99	 98.974613	  98.94923	 98.923853	 98.898486	 98.873131	 98.847793	 98.822473	 98.797176	 98.771905	 98.746663	 98.721452	 98.696276	 98.671139	 98.646043	 98.620991	 98.595987	 98.571034	 98.546134	  98.52129	 98.496506	 98.471785	  98.44713	 98.422543	 98.398027	 98.373586	 98.349222	 98.324938	 98.300737	 98.276622	 98.252595	 98.228659	 98.204816	  98.18107	 98.157423	 98.133878	 98.110437	 98.087102	 98.063877	 98.040763	 98.017762	 97.994878	 97.972113	 97.949469	 97.926947	 97.904551	 97.882282	 97.860142	 97.838134	  97.81626	 97.794521	 97.772919	 97.751457	 97.730135	 97.708957	 97.687923	 97.667035	 97.646296	 97.625706	 97.605267	  97.58498	 97.564848	 97.544871	  97.52505	 97.505388	 97.485885	 97.466543	 97.447362	 97.428344	  97.40949	   97.3908	 97.372277	  97.35392	 97.335731	 97.317711	 97.299859	 97.282178	 97.264667	 97.247327	 97.230159	 97.213164	 97.196341	 97.179692	 97.163216	 97.146915	 97.130788	 97.114835	 97.099058	 97.083456	 97.068028	 97.052777	   97.0377	 97.022799	 97.008074	 96.993523	 96.979148	 96.964949	 96.950924	 96.937073	 96.923398	 96.909896	 96.896569	 96.883415	 96.870434	 96.857626	  96.84499	 96.832526	 96.820233	 96.808111	  96.79616	 96.784378	 96.772765	  96.76132	 96.750043	 96.738934	  96.72799	 96.717212	 96.706599	  96.69615	 96.685864	  96.67574	 96.665778	 96.655977	 96.646335	 96.636853	 96.627528	 96.618361	 96.609349	 96.600493	 96.591791	 96.583243	 96.574847	 96.566602	 96.558508	 96.550562	 96.542766	 96.535116	 96.527613	 96.520256	 96.513042	 96.505972	 96.499044	 96.492257	 96.485611	 96.479103	 96.472734	 96.466502	 96.460406	 96.454445	 96.448618	 96.442925	 96.437363	 96.431932	 96.426632	 96.421461	 96.416418	 96.411502	 96.406713	 96.402049	  96.39751	 96.393094	 96.388801	 96.384629	 96.380579	 96.376649	 96.372838	 96.369146	 96.365571	 96.362113	 96.358771	 96.355545	 96.352434	 96.349436	 96.346552	  96.34378	 96.341121	 96.338572	 96.336135	 96.333808	  96.33159	 96.329482	 96.327482	  96.32559	 96.323806	  96.32213	  96.32056	 96.319096	 96.317739	 96.316487	 96.315341	 96.314299	 96.313363	 96.312532	 96.311804	 96.311181	 96.310662	 96.310247	 96.309936	 96.309729	 96.309625	
        99	 98.968273	  98.93655	 98.904834	 98.873131	 98.841444	 98.809777	 98.778134	 98.746519	 98.714936	 98.683388	 98.651881	 98.620418	 98.589002	 98.557638	 98.526329	  98.49508	 98.463894	 98.432774	 98.401726	 98.370752	 98.339857	 98.309043	 98.278316	 98.247677	 98.217131	 98.186682	 98.156333	 98.126087	 98.095949	  98.06592	 98.036006	 98.006209	 97.976532	 97.946979	 97.917553	 97.888257	 97.859094	 97.830068	 97.801181	 97.772436	 97.743836	 97.715385	 97.687085	 97.658938	 97.630948	 97.603117	 97.575448	 97.547943	 97.520605	 97.493436	  97.46644	 97.439617	  97.41297	 97.386502	 97.360215	  97.33411	 97.308191	 97.282458	 97.256914	 97.231561	   97.2064	 97.181433	 97.156662	 97.132089	 97.107715	 97.083542	  97.05957	 97.035802	 97.012239	 96.988882	 96.965732	 96.942791	 96.920058	 96.897537	 96.875227	 96.853129	 96.831245	 96.809574	 96.788118	 96.766878	 96.745854	 96.725046	 96.704456	 96.684083	 96.663928	 96.643991	 96.624273	 96.604774	 96.585494	 96.566432	  96.54759	 96.528968	 96.510564	  96.49238	 96.474415	 96.456668	  96.43914	 96.421831	 96.404739	 96.387866	 96.371209	  96.35477	 96.338547	  96.32254	 96.306748	 96.291171	 96.275808	 96.260659	 96.245722	 96.230997	 96.216484	 96.202181	 96.188088	 96.174203	 96.160526	 96.147056	 96.133792	 96.120733	 96.107878	 96.095226	 96.082776	 96.070527	 96.058477	 96.046626	 96.034972	 96.023515	 96.012253	 96.001185	  95.99031	 95.979627	 95.969133	 95.958829	 95.948713	 95.938784	  95.92904	  95.91948	 95.910103	 95.900907	 95.891892	 95.883056	 95.874398	 95.865916	 95.857609	 95.849477	 95.841517	 95.833728	 95.826109	  95.81866	 95.811378	 95.804262	 95.797311	 95.790524	   95.7839	 95.777438	 95.771135	 95.764992	 95.759006	 95.753177	 95.747504	 95.741985	  95.73662	 95.731407	 95.726345	 95.721433	  95.71667	 95.712056	 95.707588	 95.703267	  95.69909	 95.695058	  95.69117	 95.687423	 95.683819	 95.680355	 95.677031	 95.673846	   95.6708	 95.667892	  95.66512	 95.662485	 95.659986	 95.657622	 95.655392	 95.653297	 95.651335	 95.649506	 95.647809	 95.646245	 95.644812	 95.643511	 95.642341	 95.641301	 95.640393	 95.639614	 95.638965	 95.638447	 95.638058	 95.637799	 95.637669	
        99	 98.961936	 98.923877	 98.885828	 98.847793	 98.809777	 98.771785	 98.733822	 98.695893	 98.658002	 98.620154	 98.582354	 98.544607	 98.506916	 98.469288	 98.431727	 98.394236	 98.356821	 98.319487	 98.282238	 98.245078	 98.208012	 98.171044	 98.134179	 98.097422	 98.060775	 98.024245	 97.987834	 97.951548	  97.91539	 97.879364	 97.843475	 97.807727	 97.772123	 97.736668	 97.701364	 97.666217	  97.63123	 97.596407	  97.56175	 97.527264	 97.492953	 97.458819	 97.424867	 97.391099	 97.357518	 97.324129	 97.290934	 97.257936	 97.225138	 97.192543	 97.160154	 97.127974	 97.096005	 97.064251	 97.032714	 97.001396	 96.970299	 96.939427	 96.908781	 96.878365	 96.848179	 96.818226	 96.788508	 96.759027	 96.729784	 96.700783	 96.672024	 96.643509	  96.61524	 96.587218	 96.559444	 96.531921	 96.504649	 96.477629	 96.450863	 96.424352	 96.398097	 96.372098	 96.346357	 96.320875	 96.295652	 96.270688	 96.245985	 96.221544	 96.197363	 96.173445	 96.149788	 96.126395	 96.103264	 96.080396	 96.057791	 96.035449	 96.013369	 95.991553	     95.97	 95.948709	 95.927681	 95.906914	 95.886409	 95.866165	 95.846182	  95.82646	 95.806997	 95.787792	 95.768847	 95.750159	 95.731727	 95.713552	 95.695633	 95.677967	 95.660555	 95.643395	 95.626487	 95.609829	 95.593421	 95.577261	 95.561348	  95.54568	 95.530258	 95.515079	 95.500142	 95.485446	  95.47099	 95.456772	 95.442791	 95.429046	 95.415535	 95.402256	 95.389209	 95.376392	 95.363803	 95.351441	 95.339304	 95.327392	 95.315702	 95.304232	 95.292983	 95.281951	 95.271135	 95.260534	 95.250147	 95.239971	 95.230005	 95.220248	 95.210698	 95.201354	 95.192214	 95.183276	  95.17454	 95.166003	 95.157664	 95.149522	 95.141575	 95.133821	  95.12626	  95.11889	 95.111709	 95.104716	 95.097909	 95.091288	 95.084852	 95.078597	 95.072524	 95.066631	 95.060917	 95.055381	 95.050021	 95.044837	 95.039826	 95.034989	 95.030324	 95.025829	 95.021505	 95.017349	 95.013361	 95.009541	 95.005886	 95.002397	 94.999072	 94.995911	 94.992912	 94.990076	 94.987401	 94.984887	 94.982533	 94.980339	 94.978303	 94.976426	 94.974708	 94.973147	 94.971743	 94.970496	 94.969405	 94.968471	 94.967693	 94.967071	 94.966604	 94.966294	 94.966138	
        99	 98.955604	 98.911214	 98.866835	 98.822473	 98.778134	 98.733822	 98.689544	 98.645305	 98.601111	 98.556968	  98.51288	 98.468853	 98.424893	 98.381006	 98.337196	 98.293469	  98.24983	 98.206286	  98.16284	 98.119499	 98.076267	  98.03315	 97.990152	  97.94728	 97.904538	 97.861931	 97.819463	 97.777141	 97.734968	  97.69295	 97.651091	 97.609396	 97.567869	 97.526516	  97.48534	 97.444346	 97.403539	 97.362923	 97.322501	 97.282279	  97.24226	 97.202448	 97.162848	 97.123462	 97.084296	 97.045352	 97.006635	 96.968148	 96.929894	 96.891877	 96.854101	 96.816568	 96.779281	 96.742245	 96.705461	 96.668933	 96.632664	 96.596657	 96.560913	 96.525436	 96.490229	 96.455293	 96.420632	 96.386247	  96.35214	 96.318315	 96.284772	 96.251513	 96.218542	 96.185858	 96.153465	 96.121363	 96.089554	  96.05804	 96.026821	   95.9959	 95.965277	 95.934954	 95.904931	  95.87521	 95.845791	 95.816675	 95.787863	 95.759355	 95.731152	 95.703255	 95.675664	 95.648378	   95.6214	 95.594728	 95.568362	 95.542304	 95.516552	 95.491107	 95.465968	 95.441135	 95.416609	 95.392388	 95.368472	 95.344861	 95.321554	  95.29855	 95.275849	 95.253451	 95.231353	 95.209557	 95.188059	 95.166861	  95.14596	 95.125356	 95.105048	 95.085033	 95.065313	 95.045884	 95.026746	 95.007898	 94.989337	 94.971064	 94.953076	 94.935372	 94.917951	  94.90081	 94.883949	 94.867366	  94.85106	 94.835028	 94.819269	 94.803782	 94.788564	 94.773615	 94.758932	 94.744513	 94.730358	 94.716464	 94.702829	 94.689452	 94.676331	 94.663463	 94.650849	 94.638484	 94.626369	   94.6145	 94.602877	 94.591497	 94.580359	  94.56946	 94.558799	 94.548375	 94.538185	 94.528228	 94.518502	 94.509005	 94.499736	 94.490693	 94.481874	 94.473278	 94.464902	 94.456746	 94.448808	 94.441085	 94.433577	 94.426283	   94.4192	 94.412327	 94.405662	 94.399205	 94.392953	 94.386906	 94.381063	 94.375421	 94.369979	 94.364737	 94.359693	 94.354846	 94.350195	 94.345739	 94.341476	 94.337407	 94.333529	 94.329841	 94.326344	 94.323036	 94.319916	 94.316984	 94.314238	 94.311679	 94.309305	 94.307116	 94.305112	 94.303291	 94.301653	 94.300199	 94.298927	 94.297838	  94.29693	 94.296204	  94.29566	 94.295298	 94.295116	
        99	 98.949278	 98.898563	  98.84786	 98.797176	 98.746519	 98.695893	 98.645305	 98.594763	 98.544271	 98.493837	 98.443467	 98.393167	 98.342943	 98.292801	 98.242749	 98.192791	 98.142934	 98.093184	 98.043548	 97.994031	 97.944638	 97.895377	 97.846253	 97.797272	 97.748439	  97.69976	 97.651241	 97.602888	 97.554706	   97.5067	 97.458876	  97.41124	 97.363796	  97.31655	 97.269507	 97.222672	  97.17605	 97.129646	 97.083464	  97.03751	 96.991789	 96.946304	 96.901061	 96.856063	 96.811316	 96.766823	 96.722588	 96.678617	 96.634912	 96.591478	 96.548318	 96.505437	 96.462837	 96.420523	 96.378498	 96.336765	 96.295328	 96.254189	 96.213353	 96.172821	 96.132596	 96.092683	 96.053082	 96.013797	 95.974831	 95.936185	 95.897862	 95.859865	 95.822194	 95.784854	 95.747844	 95.711168	 95.674826	 95.638822	 95.603155	 95.567827	 95.532841	 95.498197	 95.463896	 95.429939	 95.396328	 95.363063	 95.330146	 95.297576	 95.265354	 95.233482	 95.201959	 95.170785	 95.139962	 95.109489	 95.079367	 95.049595	 95.020174	 94.991103	 94.962382	 94.934011	 94.905989	 94.878317	 94.850993	 94.824017	 94.797389	 94.771108	 94.745172	 94.719582	 94.694336	 94.669433	 94.644873	 94.620653	 94.596774	 94.573234	 94.550032	 94.527166	 94.504635	 94.482438	 94.460573	 94.439038	 94.417833	 94.396956	 94.376405	 94.356178	 94.336274	 94.316692	 94.297428	 94.278482	 94.259852	 94.241535	 94.223531	 94.205837	 94.188451	 94.171371	 94.154596	 94.138123	  94.12195	 94.106076	 94.090498	 94.075215	 94.060224	 94.045524	 94.031111	 94.016985	 94.003143	 93.989584	 93.976304	 93.963302	 93.950577	 93.938125	 93.925945	 93.914036	 93.902394	 93.891018	 93.879906	 93.869056	 93.858466	 93.848134	 93.838059	 93.828237	 93.818668	  93.80935	  93.80028	 93.791457	  93.78288	 93.774546	 93.766453	 93.758601	 93.750987	 93.743609	 93.736467	 93.729558	 93.722882	 93.716436	 93.710219	  93.70423	 93.698467	  93.69293	 93.687616	 93.682525	 93.677655	 93.673005	 93.668574	 93.664362	 93.660366	 93.656587	 93.653022	 93.649672	 93.646535	 93.643611	 93.640899	 93.638398	 93.636108	 93.634028	 93.632157	 93.630495	 93.629042	 93.627798	 93.626761	 93.625932	  93.62531	 93.624896	 93.624689	
        99	 98.942958	 98.885924	 98.828904	 98.771905	 98.714936	 98.658002	 98.601111	 98.544271	 98.487489	 98.430771	 98.374125	 98.317557	 98.261075	 98.204686	 98.148397	 98.092215	 98.036146	 97.980198	 97.924377	 97.868689	 97.813143	 97.757744	 97.702499	 97.647415	 97.592497	 97.537754	 97.483189	 97.428811	 97.374626	 97.320639	 97.266856	 97.213285	 97.159929	 97.106797	 97.053892	 97.001221	  96.94879	 96.896604	 96.844669	 96.792989	 96.741571	 96.690419	 96.639538	 96.588934	 96.538611	 96.488575	 96.438829	 96.389379	 96.340228	 96.291382	 96.242845	 96.194621	 96.146714	 96.099127	 96.051866	 96.004933	 95.958333	 95.912069	 95.866144	 95.820561	 95.775325	 95.730438	 95.685904	 95.641724	 95.597902	 95.554441	 95.511344	 95.468612	 95.426248	 95.384255	 95.342634	 95.301388	 95.260519	 95.220028	 95.179917	 95.140188	 95.100842	 95.061881	 95.023307	 94.985119	  94.94732	  94.90991	 94.872891	 94.836263	 94.800027	 94.764183	 94.728733	 94.693675	 94.659012	 94.624742	 94.590866	 94.557385	 94.524298	 94.491605	 94.459305	 94.427399	 94.395886	 94.364766	 94.334038	 94.303701	 94.273755	 94.244199	 94.215032	 94.186253	 94.157861	 94.129856	 94.102235	 94.074998	 94.048144	 94.021671	 93.995577	 93.969862	 93.944524	 93.919561	 93.894972	 93.870755	 93.846907	 93.823429	 93.800317	  93.77757	 93.755186	 93.733164	   93.7115	 93.690193	 93.669242	 93.648643	 93.628395	 93.608496	 93.588944	 93.569737	 93.550871	 93.532346	 93.514158	 93.496306	 93.478787	   93.4616	 93.444741	 93.428209	 93.412001	 93.396115	 93.380548	 93.365299	 93.350364	 93.335743	 93.321432	 93.307429	 93.293731	 93.280338	 93.267245	 93.254452	 93.241956	 93.229754	 93.217844	 93.206225	 93.194894	 93.183849	 93.173088	 93.162608	 93.152409	 93.142487	  93.13284	 93.123468	 93.114367	 93.105536	 93.096973	 93.088677	 93.080645	 93.072875	 93.065367	 93.058118	 93.051126	 93.044391	  93.03791	 93.031683	 93.025707	 93.019981	 93.014504	 93.009275	 93.004293	 92.999555	 92.995062	 92.990811	 92.986803	 92.983035	 92.979508	 92.976219	 92.973169	 92.970357	 92.967781	 92.965442	 92.963338	 92.961469	 92.959835	 92.958435	 92.957269	 92.956337	 92.955638	 92.955172	 92.954939	
        99	 98.936646	 98.873299	 98.809969	 98.746663	 98.683388	 98.620154	 98.556968	 98.493837	 98.430771	 98.367776	 98.304861	 98.242033	 98.179301	 98.116672	 98.054153	 97.991753	 97.929479	 97.867339	 97.805341	 97.743491	 97.681797	 97.620268	 97.558909	 97.497728	 97.436734	 97.375931	 97.315329	 97.254933	 97.194751	 97.134789	 97.075055	 97.015554	 96.956295	 96.897282	 96.838522	 96.780023	 96.721789	 96.663828	 96.606145	 96.548746	 96.491638	 96.434825	 96.378313	 96.322109	 96.266217	 96.210643	 96.155392	 96.100469	  96.04588	 95.991628	  95.93772	 95.884158	 95.830949	 95.778097	 95.725605	 95.673479	 95.621721	 95.570337	  95.51933	 95.468703	 95.418461	 95.368606	 95.319143	 95.270074	 95.221403	 95.173132	 95.125265	 95.077804	 95.030752	 94.984112	 94.937885	 94.892074	 94.846682	  94.80171	  94.75716	 94.713035	 94.669335	 94.626062	 94.583218	 94.540805	 94.498823	 94.457273	 94.416157	 94.375476	 94.335229	 94.295419	 94.256045	 94.217108	 94.178608	 94.140546	 94.102922	 94.065735	 94.028986	 93.992675	 93.956801	 93.921364	 93.886364	 93.851799	  93.81767	 93.783976	 93.750716	 93.717889	 93.685495	 93.653531	 93.621997	 93.590892	 93.560215	 93.529964	 93.500138	 93.470735	 93.441754	 93.413193	 93.385051	 93.357325	 93.330015	 93.303117	 93.276631	 93.250554	 93.224885	 93.199621	  93.17476	   93.1503	 93.126238	 93.102574	 93.079304	 93.056425	 93.033937	 93.011836	  92.99012	 92.968786	 92.947833	 92.927258	 92.907057	  92.88723	 92.867772	 92.848683	 92.829958	 92.811596	 92.793595	  92.77595	 92.758661	 92.741724	 92.725137	 92.708898	 92.693003	  92.67745	 92.662237	 92.647361	  92.63282	 92.618611	 92.604731	 92.591179	 92.577952	 92.565047	 92.552462	 92.540194	 92.528242	 92.516603	 92.505274	 92.494254	  92.48354	 92.473131	 92.463023	 92.453214	 92.443704	 92.434489	 92.425568	 92.416939	   92.4086	 92.400548	 92.392783	 92.385303	 92.378105	 92.371188	 92.364551	 92.358191	 92.352109	 92.346301	 92.340767	 92.335505	 92.330514	 92.325794	 92.321341	 92.317157	 92.313239	 92.309587	 92.306199	 92.303075	 92.300215	 92.297616	  92.29528	 92.293204	 92.291389	 92.289835	  92.28854	 92.287504	 92.286727	  92.28621	 92.285951	
        99	 98.930341	 98.860691	 98.791058	 98.721452	 98.651881	 98.582354	  98.51288	 98.443467	 98.374125	 98.304861	 98.235685	 98.166605	  98.09763	 98.028768	 97.960028	 97.891418	 97.822948	 97.754624	 97.686455	 97.618451	 97.550618	 97.482965	   97.4155	 97.348231	 97.281167	 97.214314	  97.14768	 97.081274	 97.015103	 96.949175	 96.883496	 96.818074	 96.752917	 96.688032	 96.623425	 96.559104	 96.495075	 96.431346	 96.367923	 96.304812	  96.24202	 96.179554	 96.117419	 96.055621	 95.994167	 95.933063	 95.872314	 95.811925	 95.751903	 95.692253	  95.63298	 95.574089	 95.515584	 95.457472	 95.399757	 95.342443	 95.285535	 95.229037	 95.172954	  95.11729	 95.062047	 95.007232	 94.952846	 94.898894	  94.84538	 94.792305	 94.739675	 94.687491	 94.635757	 94.584475	 94.533648	 94.483278	 94.433369	 94.383921	 94.334938	 94.286421	 94.238373	 94.190794	 94.143687	 94.097053	 94.050893	 94.005208	 93.960001	 93.915271	 93.871019	 93.827247	 93.783955	 93.741143	 93.698812	 93.656962	 93.615594	 93.574706	 93.534301	 93.494376	 93.454932	 93.415968	 93.377485	 93.339481	 93.301956	 93.264909	 93.228339	 93.192245	 93.156627	 93.121482	  93.08681	  93.05261	  93.01888	 92.985619	 92.952824	 92.920495	  92.88863	 92.857227	 92.826284	   92.7958	 92.765772	 92.736197	 92.707076	 92.678404	  92.65018	 92.622402	 92.595066	 92.568172	 92.541717	 92.515697	 92.490111	 92.464956	  92.44023	  92.41593	 92.392053	 92.368596	 92.345558	 92.322935	 92.300724	 92.278923	  92.25753	  92.23654	 92.215953	 92.195763	  92.17597	  92.15657	  92.13756	 92.118938	   92.1007	 92.082845	 92.065368	 92.048267	  92.03154	 92.015184	 91.999196	 91.983573	 91.968312	 91.953411	 91.938868	 91.924679	 91.910841	 91.897353	 91.884211	 91.871414	 91.858958	 91.846841	 91.835061	 91.823615	 91.812502	 91.801717	 91.791261	 91.781129	  91.77132	 91.761832	 91.752663	  91.74381	 91.735272	 91.727047	 91.719133	 91.711528	  91.70423	 91.697238	  91.69055	 91.684164	  91.67808	 91.672294	 91.666807	 91.661616	 91.656721	  91.65212	 91.647812	 91.643797	 91.640072	 91.636637	 91.633492	 91.630635	 91.628066	 91.625784	 91.623788	 91.622079	 91.620655	 91.619516	 91.618663	 91.618094	 91.617809	
        99	 98.924045	   98.8481	 98.772174	 98.696276	 98.620418	 98.544607	 98.468853	 98.393167	 98.317557	 98.242033	 98.166605	 98.091281	 98.016072	 97.940987	 97.866034	 97.791223	 97.716564	 97.642065	 97.567735	 97.493584	 97.419621	 97.345853	 97.272291	 97.198942	 97.125816	 97.052921	 96.980265	 96.907857	 96.835706	 96.763818	 96.692203	 96.620869	 96.549823	 96.479073	 96.408627	 96.338492	 96.268677	 96.199188	 96.130032	 96.061217	  95.99275	 95.924638	 95.856887	 95.789504	 95.722496	 95.655869	 95.589629	 95.523783	 95.458336	 95.393294	 95.328664	  95.26445	 95.200658	 95.137294	 95.074362	 95.011868	 94.949816	 94.888212	  94.82706	 94.766365	  94.70613	  94.64636	 94.587059	 94.528231	 94.469879	 94.412008	 94.354621	  94.29772	  94.24131	 94.185393	 94.129972	  94.07505	  94.02063	 93.966713	 93.913303	 93.860401	  93.80801	 93.756131	 93.704766	 93.653917	 93.603585	 93.553772	 93.504478	 93.455705	 93.407455	 93.359726	 93.312521	  93.26584	 93.219683	 93.174051	 93.128943	 93.084361	 93.040303	  92.99677	 92.953761	 92.911276	 92.869314	 92.827875	 92.786959	 92.746563	 92.706688	 92.667332	 92.628494	 92.590173	 92.552368	 92.515077	 92.478298	  92.44203	 92.406272	 92.371021	 92.336276	 92.302035	 92.268295	 92.235055	 92.202313	 92.170066	 92.138312	 92.107049	 92.076274	 92.045985	 92.016179	 91.986854	 91.958008	 91.929636	 91.901738	  91.87431	 91.847349	 91.820852	 91.794817	  91.76924	  91.74412	 91.719452	 91.695234	 91.671463	 91.648136	 91.625249	 91.602801	 91.580787	 91.559205	 91.538051	 91.517323	 91.497018	 91.477132	 91.457662	 91.438606	  91.41996	 91.401721	 91.383887	 91.366453	 91.349418	 91.332778	 91.316531	 91.300672	 91.285201	 91.270113	 91.255405	 91.241076	 91.227122	  91.21354	 91.200329	 91.187484	 91.175004	 91.162885	 91.151126	 91.139724	 91.128677	 91.117982	 91.107636	 91.097638	 91.087985	 91.078676	 91.069707	 91.061078	 91.052786	 91.044828	 91.037204	 91.029912	 91.022949	 91.016314	 91.010006	 91.004022	 90.998363	 90.993025	 90.988008	 90.983311	 90.978932	 90.974871	 90.971126	 90.967696	 90.964581	  90.96178	 90.959292	 90.957116	 90.955252	 90.953699	 90.952458	 90.951527	 90.950906	 90.950596	
        99	 98.917759	 98.835528	 98.753318	 98.671139	 98.589002	 98.506916	 98.424893	 98.342943	 98.261075	 98.179301	  98.09763	 98.016072	 97.934638	 97.853338	 97.772182	  97.69118	 97.610341	 97.529677	 97.449195	 97.368907	 97.288822	 97.208949	 97.129299	 97.049879	 96.970701	 96.891773	 96.813104	 96.734703	  96.65658	 96.578743	 96.501201	 96.423962	 96.347036	 96.270431	 96.194154	 96.118215	 96.042622	 95.967381	 95.892502	 95.817992	 95.743858	 95.670109	  95.59675	 95.523791	 95.451237	 95.379095	 95.307373	 95.236077	 95.165213	 95.094789	 95.024809	 94.955281	 94.886209	 94.817601	  94.74946	 94.681794	 94.614607	 94.547904	 94.481691	 94.415972	 94.350752	 94.286035	 94.221826	 94.158129	 94.094948	 94.032287	  93.97015	 93.908541	 93.847462	 93.786917	 93.726909	 93.667442	 93.608517	 93.550138	 93.492308	 93.435028	   93.3783	 93.322127	 93.266511	 93.211454	 93.156956	  93.10302	 93.049647	 92.996837	 92.944593	 92.892915	 92.841803	 92.791258	 92.741281	 92.691872	 92.643031	 92.594759	 92.547054	 92.499918	  92.45335	 92.407348	 92.361914	 92.317046	 92.272742	 92.229004	 92.185828	 92.143215	 92.101163	  92.05967	 92.018736	 91.978358	 91.938536	 91.899266	 91.860549	  91.82238	  91.78476	 91.747684	 91.711152	 91.675161	 91.639709	 91.604793	 91.570411	 91.536561	 91.503239	 91.470443	  91.43817	 91.406418	 91.375184	 91.344465	 91.314257	 91.284559	 91.255366	 91.226677	 91.198487	 91.170794	 91.143594	 91.116884	 91.090662	 91.064924	 91.039666	 91.014885	 90.990579	 90.966743	 90.943375	  90.92047	 90.898027	 90.876041	 90.854509	 90.833428	 90.812795	 90.792605	 90.772857	 90.753546	  90.73467	 90.716225	 90.698208	 90.680616	 90.663445	 90.646693	 90.630356	 90.614432	 90.598916	 90.583807	 90.569102	 90.554796	 90.540889	 90.527375	 90.514254	 90.501522	 90.489176	 90.477215	 90.465634	 90.454432	 90.443607	 90.433155	 90.423075	 90.413365	 90.404021	 90.395042	 90.386426	 90.378171	 90.370275	 90.362736	 90.355552	 90.348722	 90.342243	 90.336115	 90.330336	 90.324904	 90.319818	 90.315077	 90.310679	 90.306624	 90.302911	 90.299538	 90.296505	  90.29381	 90.291455	 90.289436	 90.287755	 90.286411	 90.285403	 90.284731	 90.284395	
        99	 98.911483	 98.822977	 98.734493	 98.646043	 98.557638	 98.469288	 98.381006	 98.292801	 98.204686	 98.116672	 98.028768	 97.940987	 97.853338	 97.765834	 97.678485	 97.591301	 97.504294	 97.417473	  97.33085	 97.244435	 97.158238	  97.07227	 96.986541	 96.901062	 96.815841	 96.730889	 96.646217	 96.561833	 96.477748	 96.393971	 96.310512	 96.227379	 96.144583	 96.062131	 95.980034	   95.8983	 95.816938	 95.735956	 95.655362	 95.575166	 95.495375	 95.415997	 95.337041	 95.258514	 95.180423	 95.102776	 95.025581	 94.948844	 94.872573	 94.796774	 94.721454	 94.646619	 94.572277	 94.498433	 94.425093	 94.352263	 94.279948	 94.208155	 94.136889	 94.066155	 93.995958	 93.926302	 93.857193	 93.788636	 93.720633	 93.653191	 93.586312	 93.520001	 93.454261	 93.389095	 93.324508	 93.260503	 93.197082	 93.134248	 93.072004	 93.010353	 92.949296	 92.888837	 92.828977	 92.769718	 92.711061	 92.653009	 92.595563	 92.538723	 92.482492	  92.42687	 92.371857	 92.317456	 92.263665	 92.210485	 92.157917	 92.105961	 92.054616	 92.003883	 91.953761	 91.904249	 91.855347	 91.807055	 91.759371	 91.712295	 91.665824	 91.619959	 91.574698	 91.530039	 91.485981	 91.442522	  91.39966	 91.357394	 91.315722	 91.274641	 91.234149	 91.194245	 91.154925	 91.116187	  91.07803	 91.040449	 91.003444	  90.96701	 90.931145	 90.895846	 90.861111	 90.826936	 90.793318	 90.760255	 90.727742	 90.695777	 90.664357	 90.633478	 90.603137	  90.57333	 90.544055	 90.515307	 90.487084	 90.459381	 90.432196	 90.405524	 90.379363	 90.353708	 90.328556	 90.303904	 90.279748	 90.256084	 90.232909	  90.21022	 90.188012	 90.166282	 90.145026	 90.124242	 90.103925	 90.084073	 90.064681	 90.045746	 90.027265	 90.009234	 89.991651	 89.974511	 89.957812	  89.94155	 89.925722	 89.910325	 89.895356	 89.880811	 89.866689	 89.852985	 89.839697	 89.826823	 89.814359	 89.802302	  89.79065	 89.779401	 89.768552	   89.7581	 89.748043	  89.73838	 89.729106	 89.720221	 89.711722	 89.703608	 89.695876	 89.688524	 89.681551	 89.674956	 89.668735	 89.662889	 89.657415	 89.652312	 89.647579	 89.643214	 89.639217	 89.635587	 89.632322	 89.629423	 89.626887	 89.624715	 89.622905	 89.621458	 89.620373	  89.61965	 89.619289	
        99	 98.905218	 98.810448	 98.715702	 98.620991	 98.526329	 98.431727	 98.337196	 98.242749	 98.148397	 98.054153	 97.960028	 97.866034	 97.772182	 97.678485	 97.584953	 97.491599	 97.398434	 97.305468	 97.212714	 97.120183	 97.027886	 96.935833	 96.844037	 96.752507	 96.661255	 96.570291	 96.479626	  96.38927	 96.299233	 96.209527	 96.120161	 96.031144	 95.942488	 95.854201	 95.766293	 95.678774	 95.591653	 95.504939	 95.418642	  95.33277	 95.247332	 95.162336	 95.077791	 94.993706	 94.910088	 94.826946	 94.744287	 94.662119	  94.58045	 94.499286	 94.418635	 94.338504	   94.2589	  94.17983	 94.101299	 94.023314	 93.945882	 93.869008	 93.792698	 93.716957	 93.641791	 93.567206	 93.493206	 93.419796	 93.346981	 93.274765	 93.203152	 93.132148	 93.061755	 92.991978	  92.92282	 92.854284	 92.786374	 92.719093	 92.652444	 92.586429	 92.521052	 92.456313	 92.392216	 92.328763	 92.265955	 92.203794	 92.142282	  92.08142	 92.021209	  91.96165	 91.902744	 91.844492	 91.786894	  91.72995	 91.673662	 91.618028	  91.56305	 91.508726	 91.455056	  91.40204	 91.349677	 91.297967	 91.246908	   91.1965	 91.146741	 91.097629	 91.049165	 91.001345	 90.954169	 90.907634	 90.861739	 90.816481	 90.771859	 90.727871	 90.684513	 90.641784	 90.599682	 90.558202	 90.517344	 90.477104	 90.437479	 90.398467	 90.360063	 90.322267	 90.285073	 90.248479	 90.212482	 90.177078	 90.142265	 90.108037	 90.074393	 90.041329	  90.00884	 89.976924	 89.945577	 89.914794	 89.884573	  89.85491	 89.825801	 89.797241	 89.769228	 89.741758	 89.714826	 89.688429	 89.662563	 89.637225	 89.612409	 89.588114	 89.564334	 89.541066	 89.518306	 89.496051	 89.474297	 89.453039	 89.432274	    89.412	 89.392211	 89.372904	 89.354076	 89.335723	 89.317842	 89.300429	 89.283481	 89.266994	 89.250965	 89.235392	 89.220269	 89.205596	 89.191368	 89.177582	 89.164235	 89.151325	 89.138849	 89.126804	 89.115187	 89.103995	 89.093227	 89.082879	 89.072949	 89.063435	 89.054335	 89.045646	 89.037367	 89.029495	 89.022029	 89.014966	 89.008305	 89.002045	 88.996184	  88.99072	 88.985652	 88.980978	 88.976698	 88.972811	 88.969315	  88.96621	 88.963495	 88.961169	 88.959232	 88.957682	 88.956521	 88.955746	 88.955359	
        99	 98.898965	 98.797942	 98.696946	 98.595987	  98.49508	 98.394236	 98.293469	 98.192791	 98.092215	 97.991753	 97.891418	 97.791223	  97.69118	 97.591301	 97.491599	 97.392086	 97.292774	 97.193676	 97.094802	 96.996167	  96.89778	 96.799655	 96.701802	 96.604234	 96.506962	 96.409997	  96.31335	 96.217033	 96.121057	 96.025432	  95.93017	 95.835281	 95.740776	 95.646664	 95.552957	 95.459664	 95.366796	 95.274361	 95.182371	 95.090833	 94.999758	 94.909155	 94.819033	 94.729401	 94.640266	 94.551639	 94.463527	 94.375938	 94.288881	 94.202362	 94.116391	 94.030974	 93.946118	 93.861831	 93.778119	 93.694989	 93.612449	 93.530503	 93.449158	 93.368421	 93.288297	 93.208791	 93.129909	 93.051655	 92.974036	 92.897056	  92.82072	 92.745031	 92.669994	 92.595613	 92.521892	 92.448835	 92.376445	 92.304726	 92.233679	  92.16331	 92.093619	 92.024609	 91.956284	 91.888644	 91.821693	 91.755431	 91.689861	 91.624983	   91.5608	 91.497312	  91.43452	 91.372424	 91.311027	 91.250326	 91.190324	 91.131021	 91.072415	 91.014507	 90.957297	 90.900783	 90.844966	 90.789844	 90.735417	 90.681683	 90.628641	  90.57629	 90.524628	 90.473653	 90.423364	 90.373759	 90.324837	 90.276593	 90.229028	 90.182137	 90.135919	 90.090371	 90.045491	 90.001275	 89.957721	 89.914827	 89.872588	 89.831001	 89.790065	 89.749774	 89.710127	 89.671119	 89.632747	 89.595007	 89.557897	 89.521412	 89.485548	 89.450302	  89.41567	 89.381649	 89.348233	  89.31542	 89.283205	 89.251585	 89.220555	 89.190112	 89.160251	 89.130968	 89.102259	 89.074121	 89.046549	 89.019538	 88.993086	 88.967187	 88.941839	 88.917036	 88.892775	 88.869051	 88.845861	 88.823201	 88.801067	 88.779454	  88.75836	  88.73778	 88.717709	 88.698146	 88.679085	 88.660523	 88.642457	 88.624882	 88.607796	 88.591195	 88.575075	 88.559434	 88.544267	 88.529572	 88.515345	 88.501583	 88.488284	 88.475444	  88.46306	  88.45113	 88.439651	 88.428621	 88.418036	 88.407895	 88.398194	 88.388932	 88.380107	 88.371715	 88.363756	 88.356228	 88.349128	 88.342454	 88.336206	 88.330382	 88.324979	 88.319998	 88.315435	 88.311292	 88.307565	 88.304256	 88.301361	 88.298882	 88.296816	 88.295165	 88.293927	 88.293101	 88.292689	
        99	 98.892724	 98.785463	 98.678228	 98.571034	 98.463894	 98.356821	  98.24983	 98.142934	 98.036146	 97.929479	 97.822948	 97.716564	 97.610341	 97.504294	 97.398434	 97.292774	 97.187328	 97.082109	 96.977129	 96.872401	 96.767938	 96.663752	 96.559856	 96.456261	 96.352981	 96.250027	 96.147411	 96.045145	 95.943241	  95.84171	 95.740564	 95.639814	 95.539472	 95.439548	 95.340053	 95.240998	 95.142393	 95.044249	 94.946577	 94.849386	 94.752686	 94.656487	 94.560798	  94.46563	  94.37099	 94.276889	 94.183334	 94.090336	 93.997901	 93.906039	 93.814758	 93.724065	 93.633968	 93.544475	 93.455593	 93.367329	  93.27969	 93.192683	 93.106314	  93.02059	 92.935517	   92.8511	 92.767346	 92.684259	 92.601846	 92.520111	  92.43906	 92.358696	 92.279025	  92.20005	 92.121776	 92.044207	 91.967345	 91.891196	 91.815762	 91.741045	  91.66705	 91.593778	 91.521233	 91.449416	 91.378329	 91.307975	 91.238354	  91.16947	 91.101322	 91.033913	 90.967242	 90.901312	 90.836122	 90.771672	 90.707964	 90.644998	 90.582772	 90.521288	 90.460544	  90.40054	 90.341275	 90.282749	  90.22496	 90.167907	 90.111589	 90.056004	 90.001151	 89.947028	 89.893633	 89.840965	  89.78902	 89.737797	 89.687294	 89.637507	 89.588434	 89.540073	 89.492421	 89.445474	  89.39923	 89.353686	 89.308838	 89.264683	 89.221218	 89.178439	 89.136343	 89.094926	 89.054184	 89.014114	 88.974711	 88.935972	 88.897894	 88.860471	   88.8237	 88.787577	 88.752097	 88.717258	 88.683053	  88.64948	 88.616533	  88.58421	 88.552504	 88.521413	 88.490931	 88.461055	 88.431779	 88.403101	 88.375015	 88.347517	 88.320602	 88.294268	 88.268508	 88.243319	 88.218697	 88.194637	 88.171136	 88.148188	 88.125791	 88.103939	  88.08263	 88.061858	  88.04162	 88.021911	 88.002729	 87.984069	 87.965928	 87.948301	 87.931186	 87.914578	 87.898475	 87.882872	 87.867766	 87.853154	 87.839034	 87.825401	 87.812252	 87.799586	 87.787398	 87.775686	 87.764447	 87.753679	  87.74338	 87.733546	 87.724175	 87.715265	 87.706815	 87.698821	 87.691283	 87.684197	 87.677563	 87.671379	 87.665643	 87.660353	  87.65551	  87.65111	 87.647153	 87.643639	 87.640566	 87.637933	 87.635741	 87.633987	 87.632672	 87.631796	 87.631358	
