Time step 23:
        99	        99	        99	        99	        99	        99	        99	        99	        99	        99	        99	        99	        99	        99	        99	        99	        99	        99	        99	        99	        99	        99	        99	        99	        99	        99	        99	        99	        99	        99	        99	        99	        99	        99	        99	        99	        99	        99	        99	        99	        99	        99	        99	        99	        99	        99	        99	        99	        99	        99	        99	        99	        99	        99	        99	        99	        99	        99	        99	        99	        99	        99	        99	        99	        99	        99	        99	        99	        99	        99	        99	        99	        99	        99	        99	        99	        99	        99	        99	        99	        99	        99	        99	        99	        99	        99	        99	        99	        99	        99	        99	        99	        99	        99	        99	        99	        99	        99	        99	        99	        99	        99	        99	        99	        99	        99	        99	        99	        99	        99	        99	        99	        99	        99	        99	        99	        99	        99	        99	        99	        99	        99	        99	        99	        99	        99	        99	        99	        99	        99	        99	        99	        99	        99	        99	        99	        99	        99	        99	        99	        99	        99	        99	        99	        99	        99	        99	        99	        99	        99	        99	        99	        99	        99	        99	        99	        99	        99	        99	        99	        99	        99	        99	        99	        99	        99	        99	        99	        99	        99	        99	        99	        99	        99	        99	        99	        99	        99	        99	        99	        99	        99	        99	        99	        99	        99	        99	        99	        99	        99	        99	        99	        99	        99	        99	        99	        99	        99	        99	        99	
        99	 98.972395	 98.944806	 98.917246	 98.889732	 98.862279	 98.834901	 98.807612	 98.780429	 98.753364	 98.726433	 98.699649	 98.673027	  98.64658	  98.62032	 98.594262	 98.568417	 98.542798	 98.517418	 98.492287	 98.467416	 98.442818	 98.418501	 98.394476	 98.370753	  98.34734	 98.324247	  98.30148	 98.279049	  98.25696	  98.23522	 98.213835	  98.19281	 98.172152	 98.151865	 98.131953	  98.11242	 98.093269	 98.074503	 98.056125	 98.038136	 98.020538	 98.003331	 97.986517	 97.970095	 97.954064	 97.938425	 97.923176	 97.908316	 97.893841	 97.879751	 97.866043	 97.852713	 97.839758	 97.827174	 97.814958	 97.803106	 97.791612	 97.780472	 97.769682	 97.759235	 97.749127	 97.739351	 97.729903	 97.720776	 97.711964	  97.70346	  97.69526	 97.687355	  97.67974	 97.672408	 97.665353	 97.658567	 97.652044	 97.645777	  97.63976	 97.633985	 97.628446	 97.623137	  97.61805	 97.613179	 97.608517	 97.604057	 97.599795	 97.595721	 97.591832	  97.58812	 97.584578	 97.581202	 97.577985	 97.574922	 97.572006	 97.569232	 97.566595	 97.564089	 97.561709	  97.55945	 97.557306	 97.555274	 97.553349	 97.551525	 97.549798	 97.548165	  97.54662	 97.545161	 97.543782	 97.542481	 97.541253	 97.540095	 97.539003	 97.537976	 97.537008	 97.536097	 97.535241	 97.534436	  97.53368	  97.53297	 97.532304	  97.53168	 97.531094	 97.530546	 97.530032	 97.529552	 97.529103	 97.528682	  97.52829	 97.527924	 97.527582	 97.527263	 97.526965	 97.526688	  97.52643	  97.52619	 97.525967	 97.525759	 97.525567	 97.525387	 97.525221	 97.525067	 97.524924	 97.524792	 97.524669	 97.524555	  97.52445	 97.524353	 97.524264	 97.524181	 97.524104	 97.524034	 97.523969	 97.523909	 97.523853	 97.523802	 97.523756	 97.523713	 97.523673	 97.523637	 97.523604	 97.523573	 97.523545	 97.523519	 97.523496	 97.523474	 97.523454	 97.523436	  97.52342	 97.523405	 97.523391	 97.523379	 97.523367	 97.523357	 97.523347	 97.523339	 97.523331	 97.523324	 97.523317	 97.523311	 97.523306	 97.523301	 97.523297	 97.523293	 97.523289	 97.523286	 97.523283	  97.52328	 97.523278	 97.523276	 97.523274	 97.523272	 97.523271	  97.52327	 97.523269	 97.523268	 97.523267	 97.523266	 97.523266	 97.523265	 97.523265	 97.523265	 97.523264	
        99	 98.944806	 98.889642	 98.834538	 98.779525	 98.724633	 98.669892	  98.61533	 98.560978	 98.506864	 98.453016	 98.399464	 98.346234	 98.293353	 98.240849	 98.188746	 98.137071	 98.085848	   98.0351	 97.984852	 97.935125	 97.885941	 97.837321	 97.789285	 97.741851	 97.695039	 97.648864	 97.603344	 97.558494	 97.514328	 97.470859	 97.428101	 97.386064	 97.344759	 97.304196	 97.264382	 97.225327	 97.187036	 97.149515	 97.112768	   97.0768	 97.041613	 97.007209	  96.97359	 96.940754	 96.908703	 96.877433	 96.846943	  96.81723	  96.78829	 96.760118	 96.732708	 96.706055	 96.680152	 96.654992	 96.630567	 96.606869	 96.583887	 96.561614	 96.540039	 96.519151	  96.49894	 96.479394	 96.460503	 96.442253	 96.424634	 96.407632	 96.391235	 96.375431	 96.360205	 96.345545	 96.331438	  96.31787	 96.304827	 96.292297	 96.280266	  96.26872	 96.257645	 96.247029	 96.236858	 96.227118	 96.217797	 96.208881	 96.200358	 96.192214	 96.184437	 96.177014	 96.169934	 96.163183	 96.156751	 96.150626	 96.144796	  96.13925	 96.133977	 96.128966	 96.124207	  96.11969	 96.115405	 96.111342	 96.107491	 96.103845	 96.100393	 96.097127	 96.094038	  96.09112	 96.088363	 96.085761	 96.083306	 96.080991	 96.078809	 96.076754	 96.074819	 96.072998	 96.071286	 96.069677	 96.068165	 96.066746	 96.065414	 96.064166	 96.062995	 96.061899	 96.060872	 96.059911	 96.059012	 96.058173	 96.057388	 96.056655	 96.055971	 96.055334	 96.054739	 96.054185	  96.05367	  96.05319	 96.052743	 96.052328	 96.051942	 96.051584	 96.051252	 96.050944	 96.050658	 96.050393	 96.050148	 96.049921	 96.049711	 96.049516	 96.049337	 96.049171	 96.049018	 96.048877	 96.048747	 96.048627	 96.048517	 96.048415	 96.048322	 96.048236	 96.048157	 96.048084	 96.048017	 96.047956	   96.0479	 96.047849	 96.047802	 96.047759	 96.047719	 96.047683	  96.04765	  96.04762	 96.047593	 96.047568	 96.047545	 96.047524	 96.047505	 96.047488	 96.047472	 96.047458	 96.047445	 96.047433	 96.047422	 96.047413	 96.047404	 96.047396	 96.047389	 96.047382	 96.047377	 96.047371	 96.047367	 96.047363	 96.047359	 96.047356	 96.047353	  96.04735	 96.047348	 96.047346	 96.047344	 96.047343	 96.047342	 96.047341	  96.04734	  96.04734	 96.047339	
        99	 98.917246	 98.834538	 98.751921	 98.669439	 98.587139	 98.505064	 98.423259	 98.341768	 98.260634	 98.179899	 98.099607	 98.019799	 97.940514	 97.861793	 97.783675	 97.706198	 97.629398	 97.553312	 97.477974	 97.403418	 97.329676	 97.256779	 97.184758	  97.11364	 97.043453	 96.974223	 96.905974	 96.838729	  96.77251	 96.707337	 96.643229	 96.580202	 96.518274	 96.457456	 96.397764	 96.339208	 96.281797	 96.225541	 96.170446	 96.116519	 96.063763	 96.012181	 95.961774	 95.912544	 95.864488	 95.817606	 95.771892	 95.727342	 95.683952	 95.641712	 95.600617	 95.560656	  95.52182	 95.484097	 95.447476	 95.411944	 95.377488	 95.344093	 95.311745	 95.280428	 95.250125	  95.22082	 95.192496	 95.165134	 95.138717	 95.113226	 95.088642	 95.064946	 95.042118	 95.020138	 94.998987	 94.978644	 94.959089	 94.940303	 94.922264	 94.904953	 94.888349	 94.872432	 94.857182	 94.842579	 94.828604	 94.815236	 94.802456	 94.790246	 94.778586	 94.767457	 94.756841	 94.746721	 94.737077	 94.727893	 94.719152	 94.710837	  94.70293	 94.695418	 94.688283	  94.68151	 94.675086	 94.668994	 94.663221	 94.657753	 94.652577	 94.647681	 94.643051	 94.638675	 94.634542	 94.630641	 94.626959	 94.623488	 94.620217	 94.617135	 94.614234	 94.611505	 94.608938	 94.606525	 94.604259	 94.602131	 94.600134	 94.598262	 94.596507	 94.594863	 94.593323	 94.591883	 94.590536	 94.589276	   94.5881	 94.587001	 94.585976	  94.58502	 94.584129	 94.583298	 94.582525	 94.581805	 94.581136	 94.580514	 94.579935	 94.579399	   94.5789	 94.578438	 94.578009	 94.577612	 94.577245	 94.576904	 94.576589	 94.576298	 94.576029	 94.575781	 94.575551	  94.57534	 94.575145	 94.574965	 94.574799	 94.574647	 94.574507	 94.574378	 94.574259	 94.574151	 94.574051	 94.573959	 94.573875	 94.573798	 94.573727	 94.573663	 94.573604	  94.57355	   94.5735	 94.573455	 94.573414	 94.573376	 94.573342	 94.573311	 94.573282	 94.573257	 94.573233	 94.573212	 94.573192	 94.573175	 94.573159	 94.573144	 94.573131	 94.573119	 94.573108	 94.573099	  94.57309	 94.573082	 94.573075	 94.573069	 94.573063	 94.573058	 94.573054	  94.57305	 94.573047	 94.573044	 94.573041	 94.573039	 94.573037	 94.573036	 94.573035	 94.573034	 94.573034	
        99	 98.889732	 98.779525	 98.669439	 98.559534	 98.449871	 98.340507	 98.231504	 98.122918	 98.014809	 97.907232	 97.800245	 97.693901	 97.588256	 97.483362	 97.379271	 97.276035	   97.1737	 97.072317	 96.971931	 96.872586	 96.774326	 96.677193	 96.581226	 96.486462	  96.39294	 96.300692	 96.209752	 96.120149	 96.031914	 95.945072	 95.859649	 95.775667	 95.693148	 95.612111	 95.532572	 95.454547	 95.378048	 95.303088	 95.229676	 95.157818	 95.087522	 95.018789	 94.951624	 94.886026	 94.821993	 94.759522	 94.698609	 94.639248	 94.581431	 94.525148	 94.470389	 94.417142	 94.365393	 94.315128	 94.266332	 94.218986	 94.173074	 94.128576	 94.085473	 94.043743	 94.003365	 93.964317	 93.926576	 93.890117	 93.854917	 93.820951	 93.788193	 93.756618	   93.7262	 93.696912	 93.668729	 93.641622	 93.615566	 93.590533	 93.566497	  93.54343	 93.521306	 93.500097	 93.479777	 93.460319	 93.441697	 93.423884	 93.406856	 93.390586	 93.375049	  93.36022	 93.346075	 93.332589	 93.319739	 93.307502	 93.295854	 93.284774	  93.27424	 93.264229	 93.254722	 93.245698	 93.237137	 93.229019	 93.221327	 93.214042	 93.207145	  93.20062	 93.194451	  93.18862	 93.183113	 93.177915	  93.17301	 93.168384	 93.164025	 93.159919	 93.156053	 93.152416	 93.148996	 93.145781	 93.142761	 93.139926	 93.137266	 93.134771	 93.132432	 93.130241	  93.12819	 93.126271	 93.124476	 93.122798	  93.12123	 93.119766	   93.1184	 93.117126	 93.115939	 93.114832	 93.113802	 93.112843	 93.111951	 93.111122	 93.110351	 93.109636	 93.108972	 93.108356	 93.107785	 93.107256	 93.106766	 93.106312	 93.105892	 93.105505	 93.105146	 93.104815	 93.104509	 93.104228	 93.103968	 93.103728	 93.103507	 93.103304	 93.103118	 93.102946	 93.102788	 93.102643	  93.10251	 93.102388	 93.102276	 93.102173	 93.102079	 93.101993	 93.101914	 93.101842	 93.101776	 93.101716	 93.101661	 93.101611	 93.101566	 93.101524	 93.101486	 93.101452	  93.10142	 93.101392	 93.101366	 93.101342	 93.101321	 93.101302	 93.101284	 93.101268	 93.101254	 93.101241	  93.10123	 93.101219	  93.10121	 93.101202	 93.101194	 93.101187	 93.101182	 93.101176	 93.101172	 93.101168	 93.101165	 93.101162	  93.10116	 93.101158	 93.101156	 93.101156	 93.101155	
        99	 98.862279	 98.724633	 98.587139	 98.449871	 98.312903	 98.176312	 98.040169	 97.904549	 97.769523	 97.635163	 97.501538	 97.368718	  97.23677	 97.105761	 96.975755	 96.846815	 96.719002	 96.592377	 96.466997	 96.342919	 96.220195	 96.098878	 95.979017	 95.860661	 95.743854	 95.628639	 95.515057	 95.403146	 95.292942	 95.184479	 95.077788	 94.972897	 94.869833	  94.76862	 94.669278	 94.571826	 94.476282	 94.382659	 94.290969	 94.201221	 94.113422	 94.027578	  93.94369	 93.861759	 93.781784	  93.70376	 93.627682	 93.553541	 93.481329	 93.411033	  93.34264	 93.276136	 93.211503	 93.148724	 93.087778	 93.028645	 92.971302	 92.915726	 92.861891	 92.809771	 92.759341	 92.710571	 92.663433	 92.617897	 92.573933	  92.53151	 92.490596	  92.45116	 92.413169	 92.376589	 92.341389	 92.307533	  92.27499	 92.243725	 92.213704	 92.184894	 92.157261	 92.130772	 92.105393	  92.08109	 92.057832	 92.035585	 92.014317	 91.993996	 91.974591	  91.95607	 91.938403	  91.92156	  91.90551	 91.890226	 91.875679	  91.86184	 91.848683	  91.83618	 91.824306	 91.813035	 91.802342	 91.792204	 91.782596	 91.773497	 91.764884	 91.756734	 91.749029	 91.741747	 91.734869	 91.728375	 91.722249	 91.716472	 91.711028	   91.7059	 91.701072	 91.696529	 91.692257	 91.688242	  91.68447	 91.680929	 91.677606	  91.67449	 91.671569	 91.668833	 91.666271	 91.663874	 91.661632	 91.659536	 91.657578	  91.65575	 91.654044	 91.652452	 91.650969	 91.649587	   91.6483	 91.647102	 91.645988	 91.644953	 91.643991	 91.643097	 91.642268	 91.641498	 91.640785	 91.640124	 91.639512	 91.638946	 91.638422	 91.637937	  91.63749	 91.637076	 91.636694	 91.636342	 91.636018	 91.635719	 91.635443	 91.635189	 91.634956	 91.634741	 91.634544	 91.634363	 91.634197	 91.634044	 91.633904	 91.633776	 91.633659	 91.633551	 91.633453	 91.633363	 91.633281	 91.633206	 91.633137	 91.633075	 91.633018	 91.632966	 91.632918	 91.632875	 91.632836	 91.632801	 91.632768	 91.632739	 91.632712	 91.632688	 91.632666	 91.632647	 91.632629	 91.632613	 91.632598	 91.632585	 91.632573	 91.632563	 91.632554	 91.632545	 91.632538	 91.632532	 91.632526	 91.632521	 91.632517	 91.632513	 91.632511	 91.632508	 91.632507	 91.632506	 91.632505	
        99	 98.834901	 98.669892	 98.505064	 98.340507	 98.176312	 98.012566	 97.849359	 97.686779	  97.52491	  97.36384	 97.203651	 97.044427	 96.886249	 96.729195	 96.573344	 96.418771	  96.26555	 96.113753	 95.963448	 95.814703	 95.667582	 95.522148	  95.37846	 95.236575	 95.096547	 94.958428	 94.822266	 94.688108	 94.555996	 94.425971	 94.298071	 94.172328	 94.048775	 93.927441	  93.80835	 93.691526	 93.576988	 93.464753	 93.354835	 93.247245	 93.141993	 93.039083	 92.938519	 92.840301	 92.744426	 92.650892	 92.559689	  92.47081	 92.384242	 92.299972	 92.217984	 92.138258	 92.060777	 91.985517	 91.912456	 91.841567	 91.772825	   91.7062	 91.641663	 91.579183	 91.518727	 91.460261	 91.403752	 91.349164	  91.29646	 91.245604	 91.196557	 91.149281	 91.103737	 91.059886	 91.017687	 90.977102	 90.938089	 90.900609	  90.86462	 90.830083	 90.796957	 90.765201	 90.734777	 90.705643	 90.677761	 90.651091	 90.625595	 90.601235	 90.577972	 90.555769	  90.53459	 90.514398	 90.495159	 90.476836	 90.459397	 90.442807	 90.427034	 90.412046	 90.397811	 90.384299	 90.371481	 90.359327	  90.34781	 90.336902	 90.326576	 90.316807	 90.307569	 90.298839	 90.290594	  90.28281	 90.275466	 90.268541	 90.262014	 90.255866	 90.250078	 90.244633	 90.239511	 90.234698	 90.230176	 90.225931	 90.221948	 90.218213	 90.214711	 90.211431	  90.20836	 90.205486	 90.202798	 90.200286	 90.197938	 90.195747	 90.193702	 90.191794	 90.190016	 90.188359	 90.186816	  90.18538	 90.184045	 90.182803	  90.18165	 90.180579	 90.179584	 90.178662	 90.177807	 90.177015	 90.176281	 90.175602	 90.174974	 90.174393	 90.173857	 90.173361	 90.172903	 90.172481	 90.172092	 90.171733	 90.171403	 90.171099	 90.170819	 90.170562	 90.170326	 90.170109	 90.169909	 90.169726	 90.169559	 90.169405	 90.169264	 90.169135	 90.169017	  90.16891	 90.168811	 90.168721	 90.168639	 90.168564	 90.168496	 90.168433	 90.168377	 90.168325	 90.168278	 90.168235	 90.168197	 90.168161	 90.168129	 90.168101	 90.168074	 90.168051	 90.168029	  90.16801	 90.167993	 90.167977	 90.167963	 90.167951	 90.167939	 90.167929	 90.167921	 90.167913	 90.167906	   90.1679	 90.167895	 90.167891	 90.167888	 90.167885	 90.167883	 90.167882	 90.167881	
        99	 98.807612	  98.61533	 98.423259	 98.231504	 98.040169	 97.849359	 97.659177	 97.469724	 97.281102	 97.093409	 96.906744	 96.721202	  96.53688	 96.353868	 96.172257	 95.992136	  95.81359	 95.636703	 95.461555	 95.288225	 95.116787	 94.947315	 94.779878	 94.614541	 94.451369	 94.290421	 94.131754	 93.975421	 93.821474	 93.669958	 93.520917	 93.374391	 93.230417	 93.089028	 92.950254	  92.81412	 92.680651	 92.549865	  92.42178	 92.296408	 92.173759	 92.053839	 91.936653	 91.822201	 91.710481	 91.601486	  91.49521	  91.39164	 91.290764	 91.192565	 91.097025	 91.004123	 90.913835	 90.826136	 90.740999	 90.658394	 90.578289	 90.500652	 90.425448	 90.352641	 90.282192	 90.214064	 90.148215	 90.084604	 90.023189	 89.963927	 89.906773	 89.851683	 89.798612	 89.747513	  89.69834	 89.651046	 89.605585	  89.56191	 89.519973	 89.479727	 89.441125	 89.404121	 89.368668	 89.334719	 89.302229	 89.271151	 89.241441	 89.213054	 89.185946	 89.160074	 89.135394	 89.111865	 89.089445	 89.068094	 89.047772	 89.028441	  89.01006	 88.992595	 88.976007	 88.960263	 88.945326	 88.931163	 88.917742	 88.905031	 88.892998	 88.881614	  88.87085	 88.860678	 88.851069	 88.841999	 88.833441	 88.825371	 88.817765	 88.810601	 88.803857	 88.797511	 88.791543	 88.785934	 88.780666	 88.775719	 88.771077	 88.766724	 88.762644	 88.758822	 88.755243	 88.751894	 88.748762	 88.745834	 88.743099	 88.740545	 88.738162	 88.735939	 88.733867	 88.731936	 88.730139	 88.728466	 88.726909	 88.725463	 88.724118	  88.72287	 88.721712	 88.720637	 88.719641	 88.718718	 88.717863	 88.717071	 88.716339	 88.715662	 88.715037	 88.714459	 88.713926	 88.713434	 88.712981	 88.712563	 88.712178	 88.711824	 88.711498	 88.711198	 88.710923	  88.71067	 88.710437	 88.710224	 88.710029	  88.70985	 88.709686	 88.709535	 88.709398	 88.709272	 88.709158	 88.709053	 88.708957	  88.70887	  88.70879	 88.708717	 88.708651	 88.708591	 88.708536	 88.708487	 88.708441	   88.7084	 88.708363	  88.70833	 88.708299	 88.708272	 88.708247	 88.708224	 88.708204	 88.708186	 88.708169	 88.708155	 88.708142	  88.70813	  88.70812	 88.708111	 88.708103	 88.708096	  88.70809	 88.708086	 88.708082	 88.708078	 88.708076	 88.708075	 88.708074	
        99	 98.780429	 98.560978	 98.341768	 98.122918	 97.904549	 97.686779	 97.469724	 97.253502	 97.038228	 96.824015	 96.610975	 96.399217	 96.188851	  95.97998	 95.772708	 95.567137	 95.363363	 95.161482	 94.961587	 94.763766	 94.568105	 94.374687	 94.183591	 93.994893	 93.808665	 93.624976	  93.44389	 93.265469	 93.089769	 92.916845	 92.746745	 92.579516	 92.415199	 92.253832	 92.095449	  91.94008	 91.787752	 91.638487	 91.492304	 91.349217	 91.209238	 91.072375	 90.938631	 90.808007	 90.680501	 90.556106	 90.434813	  90.31661	  90.20148	 90.089406	 89.980367	 89.874338	 89.771293	 89.671202	 89.574035	 89.479758	 89.388335	 89.299729	 89.213899	 89.130804	 89.050401	 88.972646	 88.897493	 88.824895	 88.754802	 88.687166	 88.621937	 88.559063	 88.498493	 88.440174	 88.384053	 88.330077	 88.278192	 88.228346	 88.180483	 88.134551	 88.090495	 88.048263	   88.0078	 87.969054	 87.931973	 87.896504	 87.862596	 87.830198	  87.79926	 87.769732	 87.741565	 87.714711	 87.689124	 87.664756	 87.641563	 87.619499	 87.598522	 87.578589	 87.559658	 87.541688	 87.524641	 87.508477	  87.49316	 87.478652	  87.46492	 87.451927	 87.439642	 87.428032	 87.417066	 87.406714	 87.396947	 87.387737	 87.379057	 87.370881	 87.363183	 87.355941	  87.34913	 87.342728	 87.336715	 87.331069	 87.325772	 87.320804	 87.316147	 87.311785	   87.3077	 87.303878	 87.300304	 87.296962	 87.293841	 87.290926	 87.288206	 87.285669	 87.283304	   87.2811	 87.279049	 87.277139	 87.275363	 87.273712	 87.272178	 87.270753	 87.269431	 87.268204	 87.267067	 87.266014	 87.265038	 87.264135	 87.263299	 87.262527	 87.261813	 87.261154	 87.260546	 87.259984	 87.259467	  87.25899	  87.25855	 87.258146	 87.257774	 87.257432	 87.257117	 87.256829	 87.256564	  87.25632	 87.256097	 87.255893	 87.255706	 87.255534	 87.255378	 87.255234	 87.255103	 87.254983	 87.254874	 87.254774	 87.254683	 87.254601	 87.254525	 87.254457	 87.254394	 87.254337	 87.254286	 87.254239	 87.254197	 87.254158	 87.254123	 87.254092	 87.254063	 87.254038	 87.254015	 87.253994	 87.253975	 87.253959	 87.253944	 87.253931	 87.253919	 87.253909	   87.2539	 87.253892	 87.253885	  87.25388	 87.253875	 87.253871	 87.253869	 87.253867	 87.253866	
        99	 98.753364	 98.506864	 98.260634	 98.014809	 97.769523	  97.52491	 97.281102	 97.038228	 96.796419	 96.555802	 96.316503	 96.078644	 95.842347	  95.60773	 95.374911	    95.144	 94.915109	 94.688345	  94.46381	 94.241605	 94.021827	 93.804569	 93.589918	 93.377961	 93.168779	 92.962448	 92.759041	 92.558628	 92.361271	 92.167032	 91.975966	 91.788123	 91.603553	 91.422296	  91.24439	 91.069871	 90.898767	 90.731104	 90.566902	 90.406178	 90.248945	 90.095212	 89.944982	 89.798258	 89.655035	 89.515307	 89.379064	  89.24629	  89.11697	 88.991082	 88.868602	 88.749504	 88.633757	  88.52133	 88.412186	 88.306289	 88.203597	 88.104068	 88.007659	 87.914322	 87.824009	  87.73667	 87.652253	 87.570706	 87.491974	 87.416001	 87.342732	 87.272108	 87.204072	 87.138564	 87.075525	 87.014896	 86.956617	 86.900626	 86.846864	  86.79527	 86.745784	 86.698346	 86.652896	 86.609374	 86.567722	 86.527881	 86.489794	 86.453403	 86.418651	 86.385483	 86.353844	 86.323681	  86.29494	 86.267568	 86.241516	 86.216733	  86.19317	  86.17078	 86.149515	 86.129331	 86.110182	 86.092026	 86.074821	 86.058525	   86.0431	 86.028506	 86.014707	 86.001666	 85.989348	  85.97772	 85.966749	 85.956404	 85.946653	 85.937469	 85.928823	 85.920688	 85.913037	 85.905847	 85.899092	 85.892751	 85.886801	  85.88122	 85.875989	 85.871089	 85.866501	 85.862208	 85.858193	  85.85444	 85.850933	 85.847659	 85.844604	 85.841754	 85.839098	 85.836623	 85.834318	 85.832173	 85.830178	 85.828324	   85.8266	    85.825	 85.823515	 85.822137	  85.82086	 85.819677	 85.818581	 85.817566	 85.816628	  85.81576	 85.814958	 85.814218	 85.813534	 85.812904	 85.812323	 85.811787	 85.811293	 85.810839	 85.810421	 85.810037	 85.809684	 85.809359	 85.809062	 85.808788	 85.808538	 85.808308	 85.808098	 85.807906	 85.807729	 85.807568	 85.807421	 85.807287	 85.807164	 85.807052	  85.80695	 85.806857	 85.806772	 85.806695	 85.806625	 85.806561	 85.806503	 85.806451	 85.806403	  85.80636	 85.806321	 85.806285	 85.806253	 85.806225	 85.806199	 85.806175	 85.806154	 85.806136	 85.806119	 85.806104	 85.806091	 85.806079	 85.806069	 85.806061	 85.806053	 85.806047	 85.806042	 85.806038	 85.806035	 85.806033	 85.806032	
        99	 98.726433	 98.453016	 98.179899	 97.907232	 97.635163	  97.36384	 97.093409	 96.824015	 96.555802	 96.288911	 96.023482	  95.75965	 95.497551	 95.237316	 94.979074	 94.722949	 94.469065	 94.217539	 93.968487	 93.722019	 93.478242	  93.23726	 92.999172	  92.76407	 92.532046	 92.303185	 92.077568	  91.85527	 91.636364	 91.420915	 91.208985	 91.000632	 90.795907	 90.594858	 90.397527	 90.203951	 90.014164	 89.828192	  89.64606	 89.467787	 89.293385	 89.122865	 88.956232	 88.793486	 88.634624	 88.479639	 88.328518	 88.181247	 88.037806	 87.898171	 87.762318	 87.630215	 87.501829	 87.377125	 87.256064	 87.138603	 87.024698	 86.914301	 86.807365	 86.703836	 86.603661	 86.506785	 86.413151	 86.322699	  86.23537	 86.151102	 86.069832	 85.991496	 85.916031	  85.84337	 85.773448	 85.706199	 85.641555	 85.579451	 85.519818	  85.46259	 85.407701	 85.355083	  85.30467	 85.256396	 85.210196	 85.166005	 85.123759	 85.083393	 85.044847	 85.008058	 84.972964	 84.939507	 84.907627	 84.877267	  84.84837	 84.820881	 84.794745	  84.76991	 84.746323	 84.723935	 84.702695	 84.682557	 84.663473	 84.645398	 84.628288	 84.612101	 84.596795	  84.58233	 84.568667	 84.555769	   84.5436	 84.532125	  84.52131	 84.511124	 84.501533	  84.49251	 84.484024	 84.476048	 84.468556	 84.461522	 84.454922	 84.448732	  84.44293	 84.437495	 84.432406	 84.427644	 84.423191	 84.419028	 84.415138	 84.411507	 84.408118	 84.404957	  84.40201	 84.399265	 84.396709	  84.39433	 84.392117	  84.39006	 84.388148	 84.386374	 84.384726	 84.383198	 84.381781	 84.380469	 84.379253	 84.378128	 84.377087	 84.376124	 84.375235	 84.374414	 84.373656	 84.372956	 84.372311	 84.371717	  84.37117	 84.370666	 84.370203	 84.369776	 84.369385	 84.369025	 84.368695	 84.368391	 84.368114	 84.367859	 84.367626	 84.367412	 84.367217	 84.367038	 84.366875	 84.366726	  84.36659	 84.366465	 84.366352	 84.366249	 84.366155	 84.366069	 84.365991	 84.365921	 84.365857	 84.365798	 84.365745	 84.365697	 84.365654	 84.365615	  84.36558	 84.365548	 84.365519	 84.365493	  84.36547	 84.365449	  84.36543	 84.365414	 84.365399	 84.365387	 84.365375	 84.365366	 84.365357	  84.36535	 84.365345	  84.36534	 84.365337	 84.365335	 84.365334	
        99	 98.699649	 98.399464	 98.099607	 97.800245	 97.501538	 97.203651	 96.906744	 96.610975	 96.316503	 96.023482	 95.732065	 95.442403	 95.154643	  94.86893	 94.585404	 94.304204	 94.025463	 93.749311	 93.475875	 93.205277	 92.937634	 92.673058	 92.411659	  92.15354	   91.8988	 91.647532	 91.399826	 91.155764	 90.915426	 90.678883	 90.446205	 90.217452	 89.992684	 89.771951	   89.5553	 89.342772	 89.134404	 88.930225	 88.730261	 88.534533	 88.343057	 88.155842	 87.972895	 87.794215	   87.6198	 87.449641	 87.283725	 87.122035	  86.96455	 86.811245	  86.66209	 86.517054	 86.376099	 86.239186	 86.106272	  85.97731	 85.852253	 85.731049	 85.613642	 85.499977	 85.389995	 85.283635	 85.180833	 85.081526	 84.985646	 84.893128	 84.803901	 84.717896	 84.635042	 84.555268	   84.4785	 84.404667	 84.333694	 84.265509	 84.200038	 84.137208	 84.076944	 84.019175	 83.963826	 83.910826	 83.860103	 83.811585	 83.765202	 83.720885	 83.678565	 83.638174	 83.599644	 83.562912	 83.527911	 83.494578	 83.462852	 83.432672	 83.403977	  83.37671	 83.350814	 83.326234	 83.302915	 83.280805	 83.259852	 83.240008	 83.221223	 83.203451	 83.186646	 83.170765	 83.155765	 83.141604	 83.128244	 83.115645	 83.103772	 83.092587	 83.082058	 83.072151	 83.062834	 83.054078	 83.045852	  83.03813	 83.030883	 83.024087	 83.017718	  83.01175	 83.006163	 83.000935	 82.996045	 82.991475	 82.987205	 82.983218	 82.979497	 82.976027	 82.972791	 82.969777	 82.966971	 82.964359	 82.961929	 82.959671	 82.957572	 82.955624	 82.953815	 82.952137	 82.950582	 82.949141	 82.947806	  82.94657	 82.945428	 82.944371	 82.943395	 82.942493	 82.941661	 82.940893	 82.940185	 82.939532	 82.938931	 82.938378	 82.937869	 82.937401	 82.936971	 82.936576	 82.936214	 82.935881	 82.935576	 82.935296	  82.93504	 82.934806	 82.934591	 82.934395	 82.934216	 82.934052	 82.933903	 82.933766	 82.933642	 82.933529	 82.933425	 82.933331	 82.933246	 82.933168	 82.933098	 82.933034	 82.932976	 82.932923	 82.932876	 82.932833	 82.932794	 82.932759	 82.932727	 82.932699	 82.932673	  82.93265	  82.93263	 82.932612	 82.932596	 82.932582	  82.93257	 82.932559	  82.93255	 82.932542	 82.932536	 82.932531	 82.932527	 82.932525	 82.932524	
        99	 98.673027	 98.346234	 98.019799	 97.693901	 97.368718	 97.044427	 96.721202	 96.399217	 96.078644	  95.75965	 95.442403	 95.127066	   94.8138	 94.502762	 94.194105	  93.88798	 93.584532	 93.283903	  92.98623	 92.691647	  92.40028	 92.112253	 91.827684	 91.546686	 91.269367	 90.995827	 90.726165	  90.46047	 90.198828	 89.941319	 89.688016	 89.438988	 89.194297	 88.953999	 88.718144	 88.486779	 88.259941	 88.037664	 87.819976	 87.606899	 87.398451	 87.194642	 86.995478	 86.800961	 86.611086	 86.425845	 86.245222	   86.0692	 85.897756	 85.730862	 85.568487	 85.410595	 85.257146	 85.108097	 84.963402	  84.82301	 84.686869	 84.554921	 84.427108	 84.303368	 84.183637	 84.067849	 83.955935	 83.847825	 83.743448	 83.642728	 83.545593	 83.451965	 83.361767	 83.274921	 83.191349	 83.110971	 83.033708	 82.959479	 82.888205	 82.819805	   82.7542	  82.69131	 82.631055	 82.573357	 82.518138	  82.46532	 82.414826	 82.366581	  82.32051	 82.276538	 82.234594	 82.194605	 82.156502	 82.120215	 82.085677	 82.052821	 82.021583	 81.991899	 81.963708	 81.936949	 81.911563	 81.887493	 81.864683	  81.84308	  81.82263	 81.803282	 81.784988	 81.767699	 81.751369	 81.735954	 81.721409	 81.707694	 81.694768	 81.682592	  81.67113	 81.660344	 81.650202	 81.640669	 81.631715	 81.623308	 81.615419	 81.608021	 81.601086	  81.59459	 81.588508	 81.582816	 81.577493	 81.572517	 81.567869	 81.563528	 81.559478	   81.5557	 81.552178	 81.548897	 81.545841	 81.542998	 81.540353	 81.537894	  81.53561	 81.533488	 81.531519	 81.529693	    81.528	 81.526431	 81.524978	 81.523633	 81.522389	 81.521238	 81.520175	 81.519194	 81.518288	 81.517452	 81.516681	 81.515971	 81.515317	 81.514714	  81.51416	 81.513651	 81.513183	 81.512753	 81.512358	 81.511996	 81.511664	 81.511359	 81.511081	 81.510825	 81.510592	 81.510378	 81.510183	 81.510005	 81.509842	 81.509694	 81.509558	 81.509435	 81.509323	  81.50922	 81.509127	 81.509043	 81.508966	 81.508896	 81.508833	 81.508776	 81.508724	 81.508677	 81.508635	 81.508597	 81.508562	 81.508531	 81.508504	 81.508479	 81.508457	 81.508437	  81.50842	 81.508404	 81.508391	 81.508379	 81.508369	 81.508361	 81.508354	 81.508349	 81.508345	 81.508342	 81.508341	
        99	  98.64658	 98.293353	 97.940514	 97.588256	  97.23677	 96.886249	  96.53688	 96.188851	 95.842347	 95.497551	 95.154643	   94.8138	 94.475195	 94.138998	 93.805375	 93.474489	 93.146496	  92.82155	   92.4998	 92.181389	 91.866455	 91.555131	 91.247544	 90.943818	 90.644067	 90.348402	 90.056927	 89.769741	 89.486936	 89.208598	 88.934807	 88.665636	 88.401153	 88.141418	 87.886486	 87.636406	  87.39122	 87.150964	 86.915668	 86.685357	 86.460048	 86.239753	  86.02448	 85.814229	 85.608996	 85.408771	 85.213539	 85.023279	 84.837968	 84.657575	 84.482066	 84.311402	 84.145541	 83.984437	 83.828038	  83.67629	 83.529136	 83.386516	 83.248364	 83.114615	   82.9852	 82.860046	  82.73908	 82.622226	 82.509406	  82.40054	 82.295547	 82.194346	 82.096852	 82.002982	  81.91265	 81.825771	 81.742258	 81.662025	 81.584986	 81.511054	 81.440142	 81.372165	 81.307037	 81.244672	 81.184986	 81.127896	 81.073318	  81.02117	 80.971372	 80.923844	 80.878507	 80.835283	 80.794098	 80.754876	 80.717544	 80.682031	 80.648266	 80.616182	  80.58571	 80.556787	 80.529347	  80.50333	 80.478676	 80.455325	 80.433221	 80.412308	 80.392534	 80.373847	 80.356196	 80.339534	 80.323813	 80.308988	 80.295016	 80.281856	 80.269466	 80.257809	 80.246846	 80.236542	 80.226863	 80.217776	 80.209249	 80.201253	 80.193757	 80.186736	 80.180161	 80.174009	 80.168256	 80.162878	 80.157853	 80.153161	 80.148783	   80.1447	 80.140893	 80.137346	 80.134044	 80.130971	 80.128112	 80.125454	 80.122985	 80.120692	 80.118563	 80.116589	 80.114759	 80.113063	 80.111493	 80.110039	 80.108694	 80.107451	 80.106302	 80.105241	 80.104262	 80.103358	 80.102525	 80.101757	  80.10105	 80.100399	   80.0998	  80.09925	 80.098744	 80.098279	 80.097852	 80.097461	 80.097102	 80.096773	 80.096471	 80.096196	 80.095943	 80.095712	 80.095501	 80.095309	 80.095133	 80.094972	 80.094826	 80.094693	 80.094571	 80.094461	  80.09436	 80.094269	 80.094186	 80.094111	 80.094042	  80.09398	 80.093924	 80.093874	 80.093828	 80.093787	  80.09375	 80.093716	 80.093686	 80.093659	 80.093635	 80.093614	 80.093595	 80.093579	 80.093564	 80.093552	 80.093541	 80.093532	 80.093525	 80.093519	 80.093515	 80.093512	  80.09351	
        99	  98.62032	 98.240849	 97.861793	 97.483362	 97.105761	 96.729195	 96.353868	  95.97998	  95.60773	 95.237316	  94.86893	 94.502762	 94.138998	 93.777821	  93.41941	 93.063938	 92.711576	 92.362486	  92.01683	  91.67476	 91.336426	 91.001971	  90.67153	 90.345236	 90.023213	  89.70558	 89.392449	 89.083925	 88.780108	 88.481089	 88.186955	 87.897784	 87.613649	 87.334616	 87.060742	 86.792081	 86.528678	  86.27057	 86.017792	 85.770368	 85.528319	 85.291656	 85.060388	 84.834515	 84.614033	 84.398931	 84.189193	 83.984797	 83.785717	  83.59192	 83.403371	 83.220027	 83.041842	 82.868767	 82.700748	 82.537725	 82.379638	  82.22642	 82.078004	 81.934318	 81.795287	 81.660834	  81.53088	 81.405343	  81.28414	 81.167186	 81.054392	 80.945671	 80.840934	 80.740089	 80.643045	 80.549711	 80.459993	 80.373799	 80.291035	  80.21161	 80.135429	 80.062402	 79.992434	 79.925435	 79.861315	 79.799983	  79.74135	 79.685327	 79.631829	  79.58077	 79.532064	 79.485629	 79.441384	 79.399248	 79.359142	  79.32099	 79.284717	 79.250248	 79.217513	  79.18644	 79.156962	 79.129012	 79.102525	 79.077439	 79.053693	 79.031227	 79.009984	 78.989908	 78.970945	 78.953045	 78.936156	  78.92023	  78.90522	 78.891082	 78.877771	 78.865248	  78.85347	 78.842401	 78.832003	 78.822241	  78.81308	 78.804489	 78.796437	 78.788894	 78.781831	 78.775222	 78.769041	 78.763263	 78.757865	 78.752825	 78.748122	 78.743735	 78.739645	 78.735835	 78.732287	 78.728985	 78.725914	 78.723059	 78.720406	 78.717943	 78.715656	 78.713536	 78.711569	 78.709747	  78.70806	 78.706499	 78.705054	 78.703718	 78.702484	 78.701344	 78.700292	 78.699321	 78.698426	 78.697601	 78.696842	 78.696143	 78.695499	 78.694908	 78.694364	 78.693865	 78.693406	 78.692986	   78.6926	 78.692247	 78.691923	 78.691627	 78.691355	 78.691107	 78.690881	 78.690674	 78.690485	 78.690312	 78.690155	 78.690012	 78.689882	 78.689763	 78.689655	 78.689557	 78.689468	 78.689387	 78.689313	 78.689247	 78.689187	 78.689132	 78.689083	 78.689039	 78.688999	 78.688963	 78.688931	 78.688902	 78.688876	 78.688853	 78.688833	 78.688815	   78.6888	 78.688786	 78.688775	 78.688765	 78.688757	 78.688751	 78.688746	 78.688743	 78.688742	
        99	 98.594262	 98.188746	 97.783675	 97.379271	 96.975755	 96.573344	 96.172257	 95.772708	 95.374911	 94.979074	 94.585404	 94.194105	 93.805375	  93.41941	   93.0364	 92.656532	 92.279985	 91.906937	 91.537557	 91.172011	 90.810456	 90.453046	 90.099927	 89.751238	 89.407114	 89.067681	 88.733059	  88.40336	 88.078691	  87.75915	 87.444828	 87.135811	 86.832176	 86.533991	 86.241321	 85.954221	  85.67274	 85.396918	 85.126791	 84.862386	 84.603723	 84.350818	 84.103678	 83.862303	 83.626688	 83.396823	  83.17269	 82.954266	 82.741522	 82.534425	 82.332935	 82.137008	 81.946594	 81.761641	 81.582089	 81.407878	 81.238941	 81.075208	 80.916605	 80.763057	 80.614484	 80.470804	 80.331931	 80.197778	 80.068257	 79.943275	  79.82274	 79.706558	 79.594632	 79.486865	 79.383161	 79.283421	 79.187546	 79.095436	 79.006992	 78.922116	 78.840707	 78.762667	 78.687897	   78.6163	 78.547779	 78.482238	  78.41958	 78.359713	 78.302543	 78.247979	 78.195931	 78.146309	 78.099027	 78.053999	 78.011141	  77.97037	 77.931607	 77.894773	 77.859791	 77.826586	 77.795085	 77.765216	 77.736912	 77.710104	 77.684728	  77.66072	 77.638019	 77.616565	 77.596301	 77.577172	 77.559124	 77.542105	 77.526065	 77.510956	 77.496733	 77.483349	 77.470764	 77.458935	 77.447823	 77.437391	 77.427602	 77.418421	 77.409816	 77.401755	 77.394208	 77.387145	  77.38054	 77.374365	 77.368597	 77.363211	 77.358185	 77.353496	 77.349126	 77.345055	 77.341263	 77.337735	 77.334453	 77.331402	 77.328567	 77.325935	 77.323491	 77.321225	 77.319124	 77.317177	 77.315374	 77.313705	 77.312161	 77.310734	 77.309415	 77.308197	 77.307072	 77.306035	 77.305079	 77.304197	 77.303385	 77.302638	 77.301951	 77.301318	 77.300738	 77.300204	 77.299714	 77.299265	 77.298853	 77.298475	 77.298129	 77.297812	 77.297522	 77.297257	 77.297015	 77.296794	 77.296592	 77.296408	  77.29624	 77.296087	 77.295947	 77.295821	 77.295705	   77.2956	 77.295505	 77.295419	  77.29534	 77.295269	 77.295205	 77.295147	 77.295094	 77.295047	 77.295004	 77.294966	 77.294931	   77.2949	 77.294873	 77.294849	 77.294827	 77.294808	 77.294791	 77.294777	 77.294765	 77.294754	 77.294746	 77.294739	 77.294734	 77.294731	  77.29473	
        99	 98.568417	 98.137071	 97.706198	 97.276035	 96.846815	 96.418771	 95.992136	 95.567137	    95.144	 94.722949	 94.304204	  93.88798	 93.474489	 93.063938	 92.656532	 92.252466	 91.851935	 91.455124	 91.062216	 90.673385	 90.288799	 89.908623	 89.533011	 89.162112	 88.796068	 88.435014	 88.079077	 87.728377	 87.383027	 87.043132	 86.708789	 86.380088	 86.057111	 85.739933	 85.428621	 85.123233	 84.823822	 84.530431	 84.243097	  83.96185	 83.686711	 83.417697	 83.154814	 82.898064	 82.647441	 82.402934	 82.164524	 81.932187	 81.705892	 81.485603	 81.271278	 81.062871	 80.860328	 80.663594	 80.472606	 80.287298	 80.107599	 79.933437	 79.764732	 79.601403	 79.443366	 79.290533	 79.142815	 79.000117	 78.862345	 78.729402	  78.60119	 78.477606	 78.358551	  78.24392	 78.133611	 78.027517	 77.925535	 77.827558	 77.733481	 77.643197	 77.556603	 77.473592	  77.39406	 77.317902	 77.245017	   77.1753	 77.108652	 77.044971	  76.98416	  76.92612	 76.870756	 76.817974	  76.76768	 76.719783	 76.674195	 76.630828	 76.589596	 76.550415	 76.513205	 76.477884	 76.444377	 76.412606	 76.382499	 76.353983	 76.326991	 76.301453	 76.277306	 76.254486	 76.232932	 76.212584	 76.193386	 76.175283	 76.158221	  76.14215	  76.12702	 76.112785	 76.099397	 76.086815	 76.074995	 76.063898	 76.053486	 76.043721	 76.034568	 76.025993	 76.017965	 76.010452	 76.003426	 75.996859	 75.990723	 75.984994	 75.979647	  75.97466	 75.970012	 75.965681	 75.961648	 75.957895	 75.954404	 75.951158	 75.948143	 75.945343	 75.942744	 75.940333	 75.938098	 75.936027	 75.934109	 75.932334	 75.930692	 75.929174	 75.927771	 75.926475	 75.925279	 75.924176	 75.923158	 75.922221	 75.921357	 75.920563	 75.919831	 75.919159	 75.918541	 75.917973	 75.917452	 75.916974	 75.916536	 75.916134	 75.915766	 75.915429	 75.915121	 75.914839	 75.914581	 75.914346	 75.914131	 75.913935	 75.913757	 75.913594	 75.913446	 75.913311	 75.913188	 75.913076	 75.912975	 75.912883	   75.9128	 75.912724	 75.912656	 75.912594	 75.912538	 75.912488	 75.912442	 75.912401	 75.912365	 75.912332	 75.912303	 75.912277	 75.912254	 75.912234	 75.912216	 75.912201	 75.912188	 75.912177	 75.912168	 75.912161	 75.912155	 75.912152	  75.91215	
        99	 98.542798	 98.085848	 97.629398	   97.1737	 96.719002	  96.26555	  95.81359	 95.363363	 94.915109	 94.469065	 94.025463	 93.584532	 93.146496	 92.711576	 92.279985	 91.851935	 91.427628	 91.007263	 90.591031	 90.179119	 89.771705	 89.368962	 88.971053	 88.578138	 88.190366	 87.807879	 87.430814	 87.059297	 86.693447	 86.333376	 85.979186	 85.630974	 85.288825	  84.95282	 84.623028	 84.299512	 83.982328	 83.671522	 83.367132	  83.06919	 82.777719	 82.492736	 82.214249	 81.942258	 81.676759	 81.417738	 81.165176	 80.919047	 80.679319	 80.445954	 80.218907	 79.998129	 79.783563	 79.575151	 79.372825	 79.176517	 78.986152	 78.801651	 78.622932	 78.449908	 78.282491	 78.120586	 77.964098	  77.81293	  77.66698	 77.526146	 77.390323	 77.259404	 77.133281	 77.011846	 76.894988	 76.782597	 76.674561	 76.570768	 76.471107	 76.375464	  76.28373	 76.195791	 76.111538	  76.03086	 75.953648	 75.879793	 75.809188	 75.741727	 75.677306	 75.615821	 75.557171	 75.501256	 75.447976	 75.397237	 75.348943	 75.303001	 75.259321	 75.217815	 75.178396	 75.140979	 75.105482	 75.071825	 75.039931	 75.009723	 74.981128	 74.954075	 74.928494	 74.904319	 74.881486	  74.85993	 74.839593	 74.820415	  74.80234	 74.785315	 74.769288	 74.754207	 74.740025	 74.726695	 74.714174	 74.702419	 74.691388	 74.681043	 74.671347	 74.662263	 74.653759	   74.6458	 74.638357	 74.631399	 74.624899	  74.61883	 74.613166	 74.607884	 74.602959	 74.598371	 74.594099	 74.590123	 74.586425	 74.582987	 74.579792	 74.576826	 74.574073	 74.571519	 74.569151	 74.566957	 74.564925	 74.563045	 74.561305	 74.559697	 74.558211	 74.556838	 74.555571	 74.554402	 74.553324	 74.552331	 74.551416	 74.550574	   74.5498	 74.549087	 74.548433	 74.547831	 74.547279	 74.546773	 74.546309	 74.545883	 74.545493	 74.545136	  74.54481	 74.544511	 74.544238	 74.543989	 74.543761	 74.543554	 74.543365	 74.543192	 74.543035	 74.542892	 74.542762	 74.542644	 74.542536	 74.542439	 74.542351	 74.542271	 74.542198	 74.542133	 74.542073	  74.54202	 74.541972	 74.541929	  74.54189	 74.541855	 74.541824	 74.541797	 74.541772	 74.541751	 74.541732	 74.541716	 74.541702	 74.541691	 74.541681	 74.541674	 74.541668	 74.541665	 74.541663	
