Time step 11:
        99	        99	        99	        99	        99	        99	        99	        99	        99	        99	        99	        99	        99	        99	        99	        99	        99	        99	        99	        99	        99	        99	        99	        99	        99	        99	        99	        99	        99	        99	        99	        99	        99	        99	        99	        99	        99	        99	        99	        99	        99	        99	        99	        99	        99	        99	        99	        99	        99	        99	        99	        99	        99	        99	        99	        99	        99	        99	        99	        99	        99	        99	        99	        99	        99	        99	        99	        99	        99	        99	        99	        99	        99	        99	        99	        99	        99	        99	        99	        99	        99	        99	        99	        99	        99	        99	        99	        99	        99	        99	        99	        99	        99	        99	        99	        99	        99	        99	        99	        99	        99	        99	        99	        99	        99	        99	        99	        99	        99	        99	        99	        99	        99	        99	        99	        99	        99	        99	        99	        99	        99	        99	        99	        99	        99	        99	        99	        99	        99	        99	        99	        99	        99	        99	        99	        99	        99	        99	        99	        99	        99	        99	        99	        99	        99	        99	        99	        99	        99	        99	        99	        99	        99	        99	        99	        99	        99	        99	        99	        99	        99	        99	        99	        99	        99	        99	        99	        99	        99	        99	        99	        99	        99	        99	        99	        99	        99	        99	        99	        99	        99	        99	        99	        99	        99	        99	        99	        99	        99	        99	        99	        99	        99	        99	        99	        99	        99	        99	        99	        99	
        99	  98.94229	 98.884646	 98.827134	 98.769819	 98.712768	 98.656043	 98.599707	 98.543823	 98.488449	 98.433645	 98.379466	 98.325967	   98.2732	 98.221215	 98.170059	 98.119776	 98.070409	 98.021995	 97.974572	 97.928172	 97.882825	 97.838559	 97.795396	 97.753359	 97.712463	 97.672725	 97.634155	 97.596762	 97.560553	 97.525528	  97.49169	 97.459034	 97.427556	 97.397248	   97.3681	   97.3401	 97.313233	 97.287484	 97.262833	 97.239262	 97.216748	 97.195269	 97.174801	 97.155318	 97.136795	 97.119204	 97.102518	 97.086708	 97.071745	   97.0576	 97.044244	 97.031647	  97.01978	 97.008613	 96.998117	 96.988263	 96.979022	 96.970366	 96.962267	 96.954699	 96.947634	 96.941046	 96.934911	 96.929203	 96.923899	 96.918977	 96.914413	 96.910187	 96.906278	 96.902666	 96.899333	 96.896261	 96.893432	 96.890831	 96.888441	 96.886248	 96.884238	 96.882398	 96.880715	 96.879178	 96.877776	 96.876498	 96.875334	 96.874277	 96.873316	 96.872445	 96.871655	 96.870941	 96.870294	 96.869711	 96.869185	 96.868711	 96.868284	   96.8679	 96.867556	 96.867247	  96.86697	 96.866723	 96.866502	 96.866304	 96.866128	 96.865971	 96.865831	 96.865707	 96.865597	 96.865499	 96.865413	 96.865336	 96.865269	 96.865209	 96.865156	  96.86511	 96.865069	 96.865034	 96.865002	 96.864975	  96.86495	 96.864929	 96.864911	 96.864895	 96.864881	 96.864869	 96.864858	 96.864849	 96.864841	 96.864834	 96.864828	 96.864823	 96.864818	 96.864814	 96.864811	 96.864808	 96.864805	 96.864803	 96.864802	   96.8648	 96.864799	 96.864798	 96.864797	 96.864796	 96.864795	 96.864794	 96.864794	 96.864793	 96.864793	 96.864793	 96.864792	 96.864792	 96.864792	 96.864792	 96.864792	 96.864792	 96.864792	 96.864791	 96.864791	 96.864791	 96.864791	 96.864791	 96.864791	 96.864791	 96.864791	 96.864791	 96.864791	 96.864791	 96.864791	 96.864791	 96.864791	 96.864791	 96.864791	 96.864791	 96.864791	 96.864791	 96.864791	 96.864791	 96.864791	 96.864791	 96.864791	 96.864791	 96.864791	 96.864791	 96.864791	 96.864791	 96.864791	 96.864791	 96.864791	 96.864791	 96.864791	 96.864791	 96.864791	 96.864791	 96.864791	 96.864791	 96.864791	 96.864791	 96.864791	 96.864791	 96.864791	 96.864791	 96.864791	
        99	 98.884646	 98.769423	 98.654466	 98.539903	 98.425865	 98.312481	 98.199874	 98.088169	 97.977485	  97.86794	 97.759644	 97.652708	 97.547235	 97.443324	  97.34107	 97.240563	 97.141884	 97.045113	 96.950321	 96.857574	 96.766933	  96.67845	 96.592175	 96.508148	 96.426404	 96.346973	 96.269877	 96.195135	 96.122757	 96.052748	  95.98511	 95.919836	 95.856916	 95.796335	 95.738073	 95.682105	 95.628402	 95.576933	  95.52766	 95.480544	 95.435542	 95.392609	 95.351696	 95.312753	 95.275728	 95.240567	 95.207213	 95.175611	 95.145702	 95.117429	 95.090733	 95.065554	 95.041833	 95.019512	 94.998532	 94.978834	 94.960363	 94.943061	 94.926873	 94.911745	 94.897622	 94.884454	 94.872191	 94.860782	 94.850181	 94.840341	 94.831219	 94.822772	 94.814958	 94.807739	 94.801077	 94.794936	 94.789282	 94.784082	 94.779304	 94.774921	 94.770903	 94.767225	 94.763861	 94.760789	 94.757986	 94.755432	 94.753107	 94.750993	 94.749073	 94.747331	 94.745753	 94.744324	 94.743033	 94.741866	 94.740815	 94.739867	 94.739014	 94.738247	 94.737559	 94.736942	 94.736389	 94.735894	 94.735451	 94.735056	 94.734704	 94.734391	 94.734111	 94.733863	 94.733643	 94.733448	 94.733275	 94.733122	 94.732987	 94.732868	 94.732763	  94.73267	 94.732588	 94.732517	 94.732454	 94.732399	 94.732351	 94.732309	 94.732272	 94.732239	 94.732211	 94.732187	 94.732166	 94.732147	 94.732131	 94.732118	 94.732105	 94.732095	 94.732086	 94.732078	 94.732072	 94.732066	 94.732061	 94.732057	 94.732053	  94.73205	 94.732047	 94.732045	 94.732043	 94.732042	  94.73204	 94.732039	 94.732038	 94.732037	 94.732036	 94.732036	 94.732035	 94.732035	 94.732034	 94.732034	 94.732034	 94.732033	 94.732033	 94.732033	 94.732033	 94.732033	 94.732033	 94.732033	 94.732033	 94.732033	 94.732033	 94.732032	 94.732032	 94.732032	 94.732032	 94.732032	 94.732032	 94.732032	 94.732032	 94.732032	 94.732032	 94.732032	 94.732032	 94.732032	 94.732032	 94.732032	 94.732032	 94.732032	 94.732032	 94.732032	 94.732032	 94.732032	 94.732032	 94.732032	 94.732032	 94.732032	 94.732032	 94.732032	 94.732032	 94.732032	 94.732032	 94.732032	 94.732032	 94.732032	 94.732032	 94.732032	 94.732032	 94.732032	 94.732032	
        99	 98.827134	 98.654466	 98.482194	 98.310514	 98.139621	 97.969706	 97.800958	 97.633561	 97.467694	 97.303532	 97.141244	 96.980993	 96.822934	 96.667217	 96.513983	 96.363365	 96.215489	 96.070471	 95.928419	 95.789432	   95.6536	 95.521003	 95.391713	 95.265793	 95.143294	 95.024262	 94.908729	 94.796722	 94.688259	 94.583347	 94.481986	 94.384168	 94.289879	 94.199094	 94.111784	 94.027912	 93.947436	 93.870305	 93.796466	  93.72586	 93.658422	 93.594083	 93.532773	 93.474415	  93.41893	 93.366238	 93.316256	 93.268898	 93.224078	 93.181708	 93.141702	 93.103969	 93.068422	 93.034972	 93.003532	 92.974015	 92.946334	 92.920406	 92.896147	 92.873476	 92.852313	  92.83258	 92.814202	 92.797105	 92.781219	 92.766474	 92.752804	 92.740145	 92.728436	 92.717617	 92.707634	 92.698431	 92.689958	 92.682165	 92.675006	 92.668437	 92.662416	 92.656904	 92.651863	  92.64726	 92.643059	 92.639231	 92.635747	 92.632579	 92.629701	 92.627091	 92.624726	 92.622585	  92.62065	 92.618902	 92.617326	 92.615906	 92.614628	 92.613479	 92.612447	 92.611522	 92.610693	 92.609952	 92.609289	 92.608697	 92.608169	 92.607699	 92.607281	 92.606909	 92.606579	 92.606287	 92.606028	 92.605799	 92.605596	 92.605417	  92.60526	 92.605121	 92.604999	 92.604891	 92.604797	 92.604715	 92.604642	 92.604579	 92.604524	 92.604476	 92.604434	 92.604397	 92.604365	 92.604338	 92.604314	 92.604293	 92.604275	 92.604259	 92.604246	 92.604234	 92.604224	 92.604216	 92.604208	 92.604202	 92.604197	 92.604192	 92.604188	 92.604185	 92.604182	 92.604179	 92.604177	 92.604175	 92.604174	 92.604172	 92.604171	  92.60417	 92.604169	 92.604169	 92.604168	 92.604168	 92.604167	 92.604167	 92.604167	 92.604167	 92.604166	 92.604166	 92.604166	 92.604166	 92.604166	 92.604166	 92.604166	 92.604166	 92.604166	 92.604165	 92.604165	 92.604165	 92.604165	 92.604165	 92.604165	 92.604165	 92.604165	 92.604165	 92.604165	 92.604165	 92.604165	 92.604165	 92.604165	 92.604165	 92.604165	 92.604165	 92.604165	 92.604165	 92.604165	 92.604165	 92.604165	 92.604165	 92.604165	 92.604165	 92.604165	 92.604165	 92.604165	 92.604165	 92.604165	 92.604165	 92.604165	 92.604165	 92.604165	 92.604165	 92.604165	
        99	 98.769819	 98.539903	 98.310514	 98.081914	 97.854361	 97.628111	 97.403414	 97.180515	 96.959655	 96.741065	  96.52497	 96.311587	 96.101124	 95.893779	  95.68974	 95.489185	  95.29228	  95.09918	 94.910031	 94.724962	 94.544095	 94.367535	  94.19538	  94.02771	 93.864597	 93.706098	 93.552261	 93.403118	 93.258693	 93.118997	  92.98403	 92.853781	  92.72823	 92.607345	 92.491088	 92.379408	 92.272249	 92.169546	 92.071226	 91.977209	 91.887412	 91.801742	 91.720104	 91.642397	 91.568516	 91.498354	   91.4318	  91.36874	  91.30906	 91.252644	 91.199373	  91.14913	 91.101797	 91.057257	 91.015393	 90.976089	 90.939231	 90.904706	 90.872404	 90.842216	 90.814036	 90.787761	  90.76329	 90.740525	 90.719371	 90.699737	 90.681534	 90.664679	 90.649087	 90.634682	 90.621389	 90.609135	 90.597852	 90.587475	 90.577942	 90.569195	 90.561179	 90.553839	 90.547128	 90.540997	 90.535404	 90.530307	 90.525667	 90.521449	 90.517618	 90.514142	 90.510993	 90.508142	 90.505565	 90.503238	 90.501139	 90.499248	 90.497546	 90.496017	 90.494643	 90.493411	 90.492307	  90.49132	 90.490437	 90.489649	 90.488947	 90.488321	 90.487764	 90.487269	  90.48683	  90.48644	 90.486095	  90.48579	  90.48552	 90.485282	 90.485072	 90.484887	 90.484725	 90.484582	 90.484456	 90.484347	  90.48425	 90.484166	 90.484093	 90.484028	 90.483972	 90.483924	 90.483881	 90.483845	 90.483813	 90.483785	 90.483761	  90.48374	 90.483722	 90.483707	 90.483694	 90.483682	 90.483672	 90.483664	 90.483657	  90.48365	 90.483645	 90.483641	 90.483637	 90.483633	 90.483631	 90.483628	 90.483626	 90.483624	 90.483623	 90.483622	 90.483621	  90.48362	 90.483619	 90.483618	 90.483618	 90.483617	 90.483617	 90.483617	 90.483616	 90.483616	 90.483616	 90.483616	 90.483616	 90.483616	 90.483615	 90.483615	 90.483615	 90.483615	 90.483615	 90.483615	 90.483615	 90.483615	 90.483615	 90.483615	 90.483615	 90.483615	 90.483615	 90.483615	 90.483615	 90.483615	 90.483615	 90.483615	 90.483615	 90.483615	 90.483615	 90.483615	 90.483615	 90.483615	 90.483615	 90.483615	 90.483615	 90.483615	 90.483615	 90.483615	 90.483615	 90.483615	 90.483615	 90.483615	 90.483615	 90.483615	 90.483615	 90.483615	 90.483615	
        99	 98.712768	 98.425865	 98.139621	 97.854361	 97.570408	  97.28808	 97.007691	 96.729546	 96.453944	 96.181175	  95.91152	 95.645249	 95.382622	 95.123885	 94.869273	 94.619009	   94.3733	  94.13234	 93.896309	  93.66537	 93.439673	 93.219353	 93.004527	   92.7953	 92.591758	 92.393975	 92.202008	   92.0159	 91.835678	 91.661358	 91.492938	 91.330406	 91.173736	  91.02289	 90.877817	 90.738457	 90.604738	 90.476579	  90.35389	 90.236571	 90.124517	 90.017614	 89.915741	 89.818774	 89.726581	 89.639029	 89.555979	  89.47729	 89.402818	 89.332418	 89.265943	 89.203247	 89.144183	 89.088603	 89.036363	 88.987317	 88.941324	 88.898242	 88.857934	 88.820264	 88.785099	 88.752312	 88.721775	 88.693367	  88.66697	  88.64247	 88.619756	 88.598722	 88.579267	 88.561291	 88.544703	 88.529411	 88.515332	 88.502383	 88.490488	 88.479573	 88.469569	 88.460411	 88.452036	 88.444386	 88.437406	 88.431046	 88.425256	 88.419992	 88.415211	 88.410874	 88.406944	 88.403387	 88.400172	 88.397268	 88.394649	 88.392289	 88.390165	 88.388256	 88.386542	 88.385005	 88.383628	 88.382396	 88.381294	 88.380311	 88.379434	 88.378653	 88.377958	 88.377341	 88.376792	 88.376306	 88.375876	 88.375495	 88.375158	 88.374861	 88.374599	 88.374369	 88.374166	 88.373988	 88.373831	 88.373694	 88.373574	 88.373469	 88.373377	 88.373297	 88.373227	 88.373166	 88.373114	 88.373068	 88.373028	 88.372993	 88.372963	 88.372937	 88.372915	 88.372896	 88.372879	 88.372865	 88.372853	 88.372842	 88.372833	 88.372825	 88.372819	 88.372813	 88.372808	 88.372804	   88.3728	 88.372797	 88.372795	 88.372793	 88.372791	 88.372789	 88.372788	 88.372787	 88.372786	 88.372785	 88.372784	 88.372784	 88.372783	 88.372783	 88.372783	 88.372782	 88.372782	 88.372782	 88.372782	 88.372782	 88.372782	 88.372782	 88.372781	 88.372781	 88.372781	 88.372781	 88.372781	 88.372781	 88.372781	 88.372781	 88.372781	 88.372781	 88.372781	 88.372781	 88.372781	 88.372781	 88.372781	 88.372781	 88.372781	 88.372781	 88.372781	 88.372781	 88.372781	 88.372781	 88.372781	 88.372781	 88.372781	 88.372781	 88.372781	 88.372781	 88.372781	 88.372781	 88.372781	 88.372781	 88.372781	 88.372781	 88.372781	 88.372781	 88.372781	
        99	 98.656043	 98.312481	 97.969706	 97.628111	  97.28808	 96.949996	 96.614233	 96.281158	 95.951128	  95.62449	 95.301581	 94.982725	 94.668232	 94.358397	 94.053503	 93.753815	 93.459581	 93.171035	  92.88839	 92.611843	 92.341574	 92.077743	 91.820492	 91.569944	 91.326206	 91.089363	 90.859484	 90.636622	 90.420809	 90.212062	 90.010381	 89.815751	 89.628141	 89.447504	 89.273781	 89.106899	 88.946773	 88.793304	 88.646385	 88.505897	 88.371713	 88.243698	 88.121706	 88.005589	  87.89519	 87.790347	 87.690896	 87.596666	 87.507487	 87.423184	 87.343581	 87.268504	 87.197775	 87.131219	 87.068661	  87.00993	 86.954853	 86.903264	 86.854995	 86.809885	 86.767776	 86.728513	 86.691946	 86.657928	 86.626318	 86.596979	  86.56978	 86.544592	 86.521294	 86.499769	 86.479904	 86.461593	 86.444733	 86.429227	 86.414983	 86.401912	 86.389933	 86.378965	 86.368936	 86.359776	 86.351418	 86.343802	 86.336869	 86.330565	  86.32484	 86.319646	  86.31494	 86.310681	  86.30683	 86.303353	 86.300216	 86.297391	 86.294848	 86.292562	 86.290509	 86.288668	 86.287019	 86.285544	 86.284225	 86.283047	 86.281997	 86.281062	  86.28023	  86.27949	 86.278834	 86.278252	 86.277736	  86.27728	 86.276877	 86.276521	 86.276207	 86.275931	 86.275688	 86.275475	 86.275287	 86.275123	 86.274979	 86.274854	 86.274744	 86.274648	 86.274564	 86.274491	 86.274428	 86.274373	 86.274325	 86.274284	 86.274248	 86.274217	 86.274191	 86.274168	 86.274148	 86.274131	 86.274116	 86.274103	 86.274092	 86.274083	 86.274075	 86.274068	 86.274062	 86.274057	 86.274053	  86.27405	 86.274047	 86.274044	 86.274042	  86.27404	 86.274038	 86.274037	 86.274036	 86.274035	 86.274034	 86.274033	 86.274033	 86.274032	 86.274032	 86.274032	 86.274031	 86.274031	 86.274031	 86.274031	 86.274031	 86.274031	  86.27403	  86.27403	  86.27403	  86.27403	  86.27403	  86.27403	  86.27403	  86.27403	  86.27403	  86.27403	  86.27403	  86.27403	  86.27403	  86.27403	  86.27403	  86.27403	  86.27403	  86.27403	  86.27403	  86.27403	  86.27403	  86.27403	  86.27403	  86.27403	  86.27403	  86.27403	  86.27403	  86.27403	  86.27403	  86.27403	  86.27403	  86.27403	  86.27403	  86.27403	  86.27403	  86.27403	  86.27403	
        99	 98.599707	 98.199874	 97.800958	 97.403414	 97.007691	 96.614233	 96.223476	 95.835848	 95.451763	 95.071627	  94.69583	  94.32475	 93.958746	 93.598165	 93.243334	  92.89456	 92.552135	 92.216328	  91.88739	 91.565549	 91.251013	  90.94397	 90.644585	 90.353001	 90.069341	 89.793707	 89.526177	 89.266813	 89.015653	 88.772716	 88.538003	 88.311495	 88.093156	 87.882934	 87.680757	 87.486542	 87.300189	 87.121584	 86.950602	 86.787104	 86.630943	  86.48196	 86.339988	 86.204852	 86.076371	 85.954357	 85.838617	 85.728954	 85.625168	 85.527057	 85.434417	 85.347042	 85.264729	 85.187272	 85.114469	 85.046118	  84.98202	 84.921981	 84.865806	 84.813308	 84.764302	 84.718609	 84.676052	 84.636463	 84.599675	 84.565531	 84.533877	 84.504563	  84.47745	 84.452399	 84.429281	 84.407971	 84.388349	 84.370304	 84.353726	 84.338515	 84.324573	  84.31181	 84.300138	 84.289477	 84.279751	 84.270887	 84.262818	 84.255482	 84.248819	 84.242775	 84.237298	 84.232341	  84.22786	 84.223813	 84.220163	 84.216874	 84.213914	 84.211254	 84.208865	 84.206723	 84.204804	 84.203086	 84.201552	 84.200181	 84.198959	 84.197871	 84.196902	 84.196042	 84.195278	   84.1946	    84.194	 84.193469	    84.193	 84.192586	 84.192221	   84.1919	 84.191617	 84.191369	 84.191151	 84.190959	 84.190792	 84.190646	 84.190518	 84.190406	 84.190309	 84.190224	 84.190151	 84.190087	 84.190031	 84.189983	 84.189941	 84.189905	 84.189874	 84.189847	 84.189824	 84.189804	 84.189787	 84.189772	  84.18976	 84.189749	  84.18974	 84.189732	 84.189725	 84.189719	 84.189714	  84.18971	 84.189706	 84.189703	 84.189701	 84.189699	 84.189697	 84.189695	 84.189694	 84.189693	 84.189692	 84.189691	 84.189691	  84.18969	  84.18969	 84.189689	 84.189689	 84.189689	 84.189688	 84.189688	 84.189688	 84.189688	 84.189688	 84.189688	 84.189688	 84.189688	 84.189687	 84.189687	 84.189687	 84.189687	 84.189687	 84.189687	 84.189687	 84.189687	 84.189687	 84.189687	 84.189687	 84.189687	 84.189687	 84.189687	 84.189687	 84.189687	 84.189687	 84.189687	 84.189687	 84.189687	 84.189687	 84.189687	 84.189687	 84.189687	 84.189687	 84.189687	 84.189687	 84.189687	 84.189687	 84.189687	 84.189687	 84.189687	 84.189687	
        99	 98.543823	 98.088169	 97.633561	 97.180515	 96.729546	 96.281158	 95.835848	 95.394103	 94.956396	 94.523189	 94.094928	 93.672041	  93.25494	 92.844019	 92.439649	 92.042184	 91.651953	 91.269264	 90.894403	  90.52763	 90.169182	 89.819273	 89.478091	 89.145799	 88.822538	 88.508422	 88.203543	 87.907969	 87.621744	 87.344891	  87.07741	  86.81928	 86.570459	 86.330887	 86.100485	 85.879156	 85.666786	 85.463246	 85.268393	 85.082069	 84.904107	 84.734324	 84.572532	  84.41853	 84.272112	 84.133063	 84.001164	 83.876191	 83.757916	 83.646108	 83.540534	 83.440961	 83.347156	 83.258886	 83.175918	 83.098025	 83.024979	 82.956557	  82.89254	 82.832713	 82.776866	 82.724793	 82.676295	 82.631178	 82.589255	 82.550344	  82.51427	 82.480865	 82.449966	 82.421418	 82.395072	 82.370787	 82.348426	 82.327861	 82.308969	 82.291634	 82.275746	 82.261201	   82.2479	  82.23575	 82.224666	 82.214565	 82.205369	 82.197009	 82.189416	 82.182528	 82.176287	 82.170638	 82.165531	 82.160919	 82.156759	 82.153011	 82.149638	 82.146607	 82.143884	 82.141443	 82.139256	 82.137299	  82.13555	 82.133988	 82.132595	 82.131355	 82.130251	  82.12927	   82.1284	 82.127628	 82.126944	 82.126339	 82.125805	 82.125333	 82.124917	  82.12455	 82.124228	 82.123945	 82.123697	 82.123479	 82.123288	 82.123121	 82.122975	 82.122848	 82.122737	 82.122641	 82.122557	 82.122484	 82.122421	 82.122366	 82.122318	 82.122277	 82.122242	 82.122211	 82.122185	 82.122162	 82.122143	 82.122126	 82.122112	 82.122099	 82.122089	  82.12208	 82.122072	 82.122065	  82.12206	 82.122055	 82.122051	 82.122047	 82.122045	 82.122042	  82.12204	 82.122038	 82.122037	 82.122035	 82.122034	 82.122033	 82.122033	 82.122032	 82.122032	 82.122031	 82.122031	  82.12203	  82.12203	  82.12203	  82.12203	  82.12203	  82.12203	 82.122029	 82.122029	 82.122029	 82.122029	 82.122029	 82.122029	 82.122029	 82.122029	 82.122029	 82.122029	 82.122029	 82.122029	 82.122029	 82.122029	 82.122029	 82.122029	 82.122029	 82.122029	 82.122029	 82.122029	 82.122029	 82.122029	 82.122029	 82.122029	 82.122029	 82.122029	 82.122029	 82.122029	 82.122029	 82.122029	 82.122029	 82.122029	 82.122029	 82.122029	 82.122029	 82.122029	
        99	 98.488449	 97.977485	 97.467694	 96.959655	 96.453944	 95.951128	 95.451763	 94.956396	 94.465558	 93.979766	 93.499519	   93.0253	 92.557569	 92.096767	 91.643313	   91.1976	 90.760001	 90.330859	 89.910495	 89.499201	 89.097243	 88.704859	 88.322262	 87.949634	 87.587134	 87.234889	 86.893002	 86.561549	 86.240581	 85.930121	 85.630171	 85.340708	 85.061684	 84.793031	 84.534661	 84.286466	 84.048317	  83.82007	 83.601564	 83.392624	 83.193059	 83.002667	 82.821235	  82.64854	 82.484348	 82.328421	 82.180512	 82.040369	 81.907737	 81.782356	 81.663967	 81.552308	 81.447116	 81.348131	 81.255092	 81.167744	 81.085831	 81.009104	 80.937316	 80.870227	   80.8076	 80.749206	 80.694821	 80.644228	 80.597216	 80.553582	 80.513129	 80.475669	 80.441019	 80.409006	 80.379462	 80.352229	 80.327154	 80.304093	 80.282908	 80.263468	 80.245652	 80.229341	 80.214425	 80.200801	 80.188371	 80.177043	 80.166732	 80.157357	 80.148842	 80.141118	 80.134119	 80.127784	 80.122057	 80.116886	 80.112221	 80.108018	 80.104236	 80.100836	 80.097784	 80.095046	 80.092593	 80.090399	 80.088437	 80.086686	 80.085124	 80.083733	 80.082496	 80.081396	 80.080419	 80.079554	 80.078787	 80.078108	 80.077509	  80.07698	 80.076514	 80.076103	 80.075741	 80.075424	 80.075145	 80.074901	 80.074687	   80.0745	 80.074337	 80.074194	  80.07407	 80.073961	 80.073867	 80.073785	 80.073715	 80.073653	   80.0736	 80.073554	 80.073514	  80.07348	  80.07345	 80.073425	 80.073403	 80.073384	 80.073368	 80.073354	 80.073342	 80.073332	 80.073323	 80.073316	  80.07331	 80.073304	   80.0733	 80.073296	 80.073293	  80.07329	 80.073288	 80.073286	 80.073284	 80.073282	 80.073281	  80.07328	 80.073279	 80.073279	 80.073278	 80.073278	 80.073277	 80.073277	 80.073277	 80.073276	 80.073276	 80.073276	 80.073276	 80.073276	 80.073276	 80.073276	 80.073275	 80.073275	 80.073275	 80.073275	 80.073275	 80.073275	 80.073275	 80.073275	 80.073275	 80.073275	 80.073275	 80.073275	 80.073275	 80.073275	 80.073275	 80.073275	 80.073275	 80.073275	 80.073275	 80.073275	 80.073275	 80.073275	 80.073275	 80.073275	 80.073275	 80.073275	 80.073275	 80.073275	 80.073275	 80.073275	 80.073275	 80.073275	 80.073275	
        99	 98.433645	  97.86794	 97.303532	 96.741065	 96.181175	  95.62449	 95.071627	 94.523189	 93.979766	 93.441929	 92.910232	 92.385207	 91.867366	 91.357197	 90.855162	 90.361699	 89.877218	 89.402101	 88.936701	 88.481344	 88.036322	 87.601901	 87.178315	 86.765766	 86.364429	 85.974447	 85.595932	  85.22897	 84.873615	 84.529895	  84.19781	 83.877335	 83.568418	 83.270984	 82.984934	 82.710148	 82.446486	 82.193786	 81.951871	 81.720546	 81.499601	 81.288812	 81.087942	 80.896745	 80.714963	 80.542331	 80.378575	 80.223418	 80.076577	 79.937764	 79.806692	  79.68307	 79.566608	 79.457018	 79.354012	 79.257306	 79.166617	  79.08167	 79.002191	 78.927915	 78.858579	 78.793929	 78.733717	 78.677704	 78.625655	 78.577346	  78.53256	 78.491086	 78.452724	 78.417281	 78.384572	 78.354421	  78.32666	 78.301128	 78.277673	 78.256152	 78.236426	 78.218368	 78.201854	  78.18677	 78.173009	 78.160468	 78.149052	 78.138672	 78.129245	 78.120693	 78.112945	 78.105931	 78.099591	 78.093865	 78.088701	 78.084048	  78.07986	 78.076096	 78.072716	 78.069685	  78.06697	  78.06454	 78.062369	  78.06043	 78.058701	 78.057161	 78.055791	 78.054573	 78.053492	 78.052533	 78.051684	 78.050933	  78.05027	 78.049684	 78.049168	 78.048713	 78.048313	 78.047961	 78.047653	 78.047382	 78.047146	 78.046938	 78.046758	   78.0466	 78.046462	 78.046342	 78.046238	 78.046147	 78.046069	 78.046001	 78.045942	 78.045891	 78.045847	 78.045809	 78.045776	 78.045748	 78.045724	 78.045703	 78.045685	  78.04567	 78.045656	 78.045645	 78.045636	 78.045628	 78.045621	 78.045615	  78.04561	 78.045605	 78.045602	 78.045599	 78.045596	 78.045594	 78.045592	  78.04559	 78.045589	 78.045588	 78.045587	 78.045586	 78.045586	 78.045585	 78.045585	 78.045584	 78.045584	 78.045584	 78.045583	 78.045583	 78.045583	 78.045583	 78.045583	 78.045583	 78.045583	 78.045583	 78.045583	 78.045583	 78.045583	 78.045582	 78.045582	 78.045582	 78.045582	 78.045582	 78.045582	 78.045582	 78.045582	 78.045582	 78.045582	 78.045582	 78.045582	 78.045582	 78.045582	 78.045582	 78.045582	 78.045582	 78.045582	 78.045582	 78.045582	 78.045582	 78.045582	 78.045582	 78.045582	 78.045582	 78.045582	 78.045582	 78.045582	
        99	 98.379466	 97.759644	 97.141244	  96.52497	  95.91152	 95.301581	  94.69583	 94.094928	 93.499519	 92.910232	 92.327671	 91.752421	 91.185043	  90.62607	 90.076009	 89.535341	 89.004513	 88.483945	 87.974024	 87.475106	 86.987512	 86.511534	 86.047426	 85.595413	 85.155683	 84.728394	  84.31367	 83.911603	 83.522254	 83.145653	   82.7818	 82.430668	 82.092199	 81.766312	 81.452898	 81.151825	  80.86294	 80.586066	 80.321009	 80.067555	 79.825474	  79.59452	 79.374435	 79.164948	 78.965776	  78.77663	 78.597209	 78.427209	  78.26632	 78.114229	 77.970617	  77.83517	 77.707567	 77.587494	 77.474634	 77.368676	 77.269312	 77.176239	 77.089157	 77.007775	 76.931806	 76.860971	    76.795	 76.733628	 76.676601	 76.623671	 76.574599	 76.529158	 76.487126	 76.448293	 76.412455	  76.37942	 76.349003	 76.321028	  76.29533	  76.27175	 76.250137	 76.230351	 76.212258	 76.195731	 76.180653	 76.166912	 76.154404	 76.143031	 76.132703	 76.123333	 76.114843	 76.107159	 76.100212	 76.093938	  76.08828	 76.083182	 76.078594	  76.07447	 76.070767	 76.067445	  76.06447	 76.061808	 76.059429	 76.057304	  76.05541	 76.053723	 76.052221	 76.050887	 76.049703	 76.048653	 76.047723	   76.0469	 76.046173	 76.045531	 76.044965	 76.044467	 76.044028	 76.043643	 76.043305	 76.043009	  76.04275	 76.042523	 76.042324	 76.042151	    76.042	 76.041869	 76.041755	 76.041656	  76.04157	 76.041495	  76.04143	 76.041375	 76.041326	 76.041285	 76.041249	 76.041218	 76.041191	 76.041169	 76.041149	 76.041132	 76.041118	 76.041106	 76.041095	 76.041086	 76.041079	 76.041072	 76.041067	 76.041062	 76.041058	 76.041055	 76.041052	 76.041049	 76.041047	 76.041046	 76.041044	 76.041043	 76.041042	 76.041041	  76.04104	  76.04104	 76.041039	 76.041039	 76.041038	 76.041038	 76.041038	 76.041038	 76.041038	 76.041037	 76.041037	 76.041037	 76.041037	 76.041037	 76.041037	 76.041037	 76.041037	 76.041037	 76.041037	 76.041037	 76.041037	 76.041037	 76.041037	 76.041037	 76.041037	 76.041037	 76.041037	 76.041037	 76.041037	 76.041037	 76.041037	 76.041037	 76.041037	 76.041037	 76.041037	 76.041037	 76.041037	 76.041037	 76.041037	 76.041037	 76.041037	 76.041037	 76.041037	 76.041037	 76.041037	
        99	 98.325967	 97.652708	 96.980993	 96.311587	 95.645249	 94.982725	  94.32475	 93.672041	   93.0253	 92.385207	 91.752421	 91.127577	 90.511283	 89.904118	 89.306635	 88.719352	  88.14276	 87.577311	 87.023428	 86.481496	 85.951865	 85.434851	  84.93073	 84.439747	 83.962106	 83.497979	 83.047499	 82.610769	 82.187852	 81.778783	 81.383561	 81.002156	 80.634506	 80.280523	 79.940088	 79.613059	 79.299268	 78.998524	 78.710615	 78.435309	 78.172357	 77.921492	 77.682433	 77.454885	 77.238542	 77.033088	 76.838198	 76.653542	 76.478783	 76.313578	 76.157586	  76.01046	 75.871857	 75.741431	 75.618841	 75.503749	 75.395818	  75.29472	 75.200131	 75.111732	 75.029214	 74.952273	 74.880614	 74.813951	 74.752007	 74.694513	 74.641211	 74.591852	 74.546197	 74.504015	 74.465088	 74.429204	 74.396165	 74.365779	 74.337865	 74.312251	 74.288776	 74.267284	  74.24763	 74.229679	 74.213301	 74.198375	 74.184789	 74.172436	 74.161217	 74.151039	 74.141817	  74.13347	 74.125924	  74.11911	 74.112964	 74.107426	 74.102443	 74.097963	 74.093941	 74.090333	 74.087102	  74.08421	 74.081625	 74.079318	  74.07726	 74.075428	 74.073797	 74.072348	 74.071061	  74.06992	  74.06891	 74.068016	 74.067226	 74.066529	 74.065915	 74.065373	 74.064897	 74.064479	 74.064112	  74.06379	 74.063508	 74.063262	 74.063046	 74.062858	 74.062695	 74.062552	 74.062428	  74.06232	 74.062227	 74.062146	 74.062075	 74.062015	 74.061962	 74.061917	 74.061878	 74.061845	 74.061816	 74.061791	  74.06177	 74.061752	 74.061736	 74.061723	 74.061711	 74.061702	 74.061693	 74.061686	  74.06168	 74.061675	 74.061671	 74.061667	 74.061664	 74.061661	 74.061659	 74.061657	 74.061656	 74.061654	 74.061653	 74.061652	 74.061652	 74.061651	  74.06165	  74.06165	  74.06165	 74.061649	 74.061649	 74.061649	 74.061649	 74.061648	 74.061648	 74.061648	 74.061648	 74.061648	 74.061648	 74.061648	 74.061648	 74.061648	 74.061648	 74.061648	 74.061648	 74.061648	 74.061648	 74.061648	 74.061648	 74.061648	 74.061648	 74.061648	 74.061648	 74.061648	 74.061648	 74.061648	 74.061648	 74.061648	 74.061648	 74.061648	 74.061648	 74.061648	 74.061648	 74.061648	 74.061648	 74.061648	 74.061648	 74.061648	 74.061648	
        99	   98.2732	 97.547235	 96.822934	 96.101124	 95.382622	 94.668232	 93.958746	  93.25494	 92.557569	 91.867366	 91.185043	 90.511283	 89.846741	 89.192044	 88.547787	 87.914529	 87.292798	 86.683083	 86.085839	 85.501482	 84.930389	 84.372899	 83.829314	 83.299893	 82.784861	 82.284399	 81.798654	 81.327733	 80.871709	 80.430615	 80.004453	  79.59319	 79.196759	 78.815064	 78.447978	 78.095347	 77.756991	 77.432703	 77.122255	 76.825397	  76.54186	 76.271356	 76.013582	  75.76822	  75.53494	 75.313402	 75.103256	 74.904144	 74.715703	 74.537566	 74.369361	 74.210718	 74.061264	 73.920628	 73.788441	 73.664339	 73.547959	 73.438947	 73.336952	 73.241633	 73.152655	  73.06969	 72.992421	  72.92054	 72.853746	 72.791752	 72.734277	 72.681054	 72.631824	 72.586341	 72.544366	 72.505673	 72.470047	 72.437282	 72.407183	 72.379565	 72.354251	 72.331076	 72.309885	 72.290528	 72.272868	 72.256774	 72.242124	 72.228804	 72.216706	 72.205732	 72.195788	 72.186788	 72.178651	 72.171303	 72.164676	 72.158705	 72.153331	 72.148501	 72.144163	 72.140274	 72.136789	 72.133671	 72.130884	 72.128396	 72.126177	 72.124201	 72.122442	  72.12088	 72.119493	 72.118263	 72.117173	 72.116209	 72.115358	 72.114606	 72.113943	  72.11336	 72.112846	 72.112395	 72.111999	 72.111652	 72.111348	 72.111083	  72.11085	 72.110648	 72.110471	 72.110317	 72.110184	 72.110067	 72.109967	 72.109879	 72.109804	 72.109738	 72.109682	 72.109633	 72.109591	 72.109555	 72.109524	 72.109497	 72.109474	 72.109454	 72.109437	 72.109423	 72.109411	   72.1094	 72.109391	 72.109384	 72.109377	 72.109372	 72.109367	 72.109363	  72.10936	 72.109357	 72.109355	 72.109353	 72.109351	  72.10935	 72.109348	 72.109347	 72.109347	 72.109346	 72.109345	 72.109345	 72.109344	 72.109344	 72.109344	 72.109344	 72.109343	 72.109343	 72.109343	 72.109343	 72.109343	 72.109343	 72.109343	 72.109343	 72.109343	 72.109343	 72.109343	 72.109342	 72.109342	 72.109342	 72.109342	 72.109342	 72.109342	 72.109342	 72.109342	 72.109342	 72.109342	 72.109342	 72.109342	 72.109342	 72.109342	 72.109342	 72.109342	 72.109342	 72.109342	 72.109342	 72.109342	 72.109342	 72.109342	 72.109342	 72.109342	 72.109342	 72.109342	
        99	 98.221215	 97.443324	 96.667217	 95.893779	 95.123885	 94.358397	 93.598165	 92.844019	 92.096767	 91.357197	  90.62607	 89.904118	 89.192044	  88.49052	 87.800181	 87.121629	 86.455428	 85.802103	  85.16214	 84.535986	 83.924045	  83.32668	 82.744214	 82.176927	 81.625055	 81.088798	 80.568309	 80.063706	 79.575063	  79.10242	 78.645777	 78.205097	 77.780311	 77.371314	 76.977973	  76.60012	 76.237562	 75.890079	 75.557426	 75.239335	 74.935517	 74.645665	 74.369453	 74.106542	 73.856577	 73.619193	 73.394016	 73.180662	 72.978743	 72.787864	 72.607629	 72.437638	 72.277494	 72.126799	 71.985158	 71.852178	 71.727474	 71.610665	 71.501375	 71.399238	 71.303896	 71.214997	 71.132201	 71.055178	 70.983607	 70.917179	 70.855593	 70.798563	 70.745813	 70.697075	 70.652098	 70.610638	 70.572464	 70.537356	 70.505104	  70.47551	 70.448385	 70.423553	 70.400846	 70.380104	 70.361181	 70.343936	 70.328238	 70.313965	 70.301002	 70.289243	 70.278588	 70.268944	 70.260225	 70.252352	  70.24525	 70.238852	 70.233094	 70.227918	 70.223271	 70.219103	 70.215369	 70.212028	 70.209042	 70.206376	 70.203998	 70.201881	 70.199996	 70.198322	 70.196836	 70.195518	  70.19435	 70.193318	 70.192405	   70.1916	 70.190889	 70.190264	 70.189714	 70.189231	 70.188806	 70.188435	 70.188109	 70.187824	 70.187575	 70.187358	 70.187169	 70.187004	 70.186861	 70.186736	 70.186628	 70.186535	 70.186453	 70.186383	 70.186323	 70.186271	 70.186226	 70.186187	 70.186153	 70.186125	   70.1861	 70.186079	 70.186061	 70.186046	 70.186033	 70.186021	 70.186012	 70.186004	 70.185997	 70.185991	 70.185986	 70.185982	 70.185978	 70.185975	 70.185973	  70.18597	 70.185969	 70.185967	 70.185966	 70.185965	 70.185964	 70.185963	 70.185962	 70.185962	 70.185962	 70.185961	 70.185961	 70.185961	  70.18596	  70.18596	  70.18596	  70.18596	  70.18596	  70.18596	  70.18596	  70.18596	  70.18596	  70.18596	 70.185959	 70.185959	 70.185959	 70.185959	 70.185959	 70.185959	 70.185959	 70.185959	 70.185959	 70.185959	 70.185959	 70.185959	 70.185959	 70.185959	 70.185959	 70.185959	 70.185959	 70.185959	 70.185959	 70.185959	 70.185959	 70.185959	 70.185959	 70.185959	 70.185959	 70.185959	 70.185959	
        99	 98.170059	  97.34107	 96.513983	  95.68974	 94.869273	 94.053503	 93.243334	 92.439649	 91.643313	 90.855162	 90.076009	 89.306635	 88.547787	 87.800181	 87.064496	 86.341372	 85.631409	 84.935169	 84.253169	 83.585884	 82.933747	 82.297143	 81.676416	 81.071865	 80.483743	  79.91226	 79.357582	 78.819832	 78.299093	 77.795403	 77.308764	 76.839137	 76.386448	 75.950586	 75.531406	 75.128733	  74.74236	 74.372052	 74.017548	 73.678562	 73.354788	 73.045896	 72.751541	 72.471359	 72.204974	 71.951998	 71.712029	 71.484661	 71.269478	 71.066061	 70.873986	  70.69283	 70.522166	 70.361572	 70.210627	 70.068913	 69.936017	 69.811535	 69.695066	  69.58622	 69.484615	 69.389876	 69.301642	  69.21956	 69.143288	 69.072495	 69.006865	 68.946089	 68.889873	 68.837934	 68.790002	 68.745819	 68.705137	 68.667723	 68.633352	 68.601814	 68.572908	 68.546445	 68.522246	 68.500142	 68.479976	 68.461598	 68.444869	 68.429658	 68.415844	 68.403313	 68.391957	  68.38168	 68.372388	 68.363998	  68.35643	 68.349612	 68.343475	 68.337959	 68.333007	 68.328565	 68.324586	 68.321025	 68.317843	 68.315002	 68.312468	 68.310211	 68.308203	 68.306419	 68.304835	  68.30343	 68.302186	 68.301086	 68.300113	 68.299255	 68.298498	 68.297832	 68.297246	  68.29673	 68.296278	 68.295882	 68.295535	 68.295232	 68.294966	 68.294735	 68.294533	 68.294358	 68.294205	 68.294072	 68.293957	 68.293857	 68.293771	 68.293696	 68.293632	 68.293576	 68.293528	 68.293487	 68.293451	 68.293421	 68.293395	 68.293372	 68.293353	 68.293336	 68.293322	 68.293311	   68.2933	 68.293292	 68.293284	 68.293278	 68.293273	 68.293268	 68.293264	 68.293261	 68.293258	 68.293256	 68.293254	 68.293253	 68.293251	  68.29325	 68.293249	 68.293248	 68.293248	 68.293247	 68.293247	 68.293246	 68.293246	 68.293246	 68.293245	 68.293245	 68.293245	 68.293245	 68.293245	 68.293245	 68.293245	 68.293245	 68.293245	 68.293244	 68.293244	 68.293244	 68.293244	 68.293244	 68.293244	 68.293244	 68.293244	 68.293244	 68.293244	 68.293244	 68.293244	 68.293244	 68.293244	 68.293244	 68.293244	 68.293244	 68.293244	 68.293244	 68.293244	 68.293244	 68.293244	 68.293244	 68.293244	 68.293244	 68.293244	 68.293244	 68.293244	
        99	 98.119776	 97.240563	 96.363365	 95.489185	 94.619009	 93.753815	  92.89456	 92.042184	   91.1976	 90.361699	 89.535341	 88.719352	 87.914529	 87.121629	 86.341372	 85.574436	  84.82146	 84.083037	 83.359718	 82.652005	 81.960357	 81.285184	  80.62685	 79.985671	 79.361917	  78.75581	 78.167527	 77.597197	 77.044908	 76.510702	 75.994579	 75.496499	 75.016383	 74.554114	 74.109538	 73.682469	 73.272687	 72.879943	 72.503961	 72.144438	 71.801047	 71.473441	 71.161252	 70.864095	 70.581571	 70.313268	 70.058761	 69.817617	 69.589397	 69.373656	 69.169944	 68.977812	 68.796809	 68.626485	 68.466394	 68.316094	 68.175147	 68.043123	 67.919598	 67.804158	 67.696396	 67.595918	 67.502338	 67.415282	 67.334389	 67.259308	 67.189701	 67.125243	 67.065621	 67.010536	   66.9597	  66.91284	 66.869693	 66.830012	 66.793559	  66.76011	 66.729453	 66.701386	 66.675721	 66.652278	  66.63089	 66.611399	 66.593656	 66.577524	 66.562873	 66.549582	 66.537539	 66.526639	 66.516784	 66.507886	 66.499859	 66.492628	  66.48612	 66.480269	 66.475017	 66.470306	 66.466086	 66.462309	 66.458934	 66.455921	 66.453234	  66.45084	 66.448711	 66.446818	 66.445138	 66.443648	 66.442329	 66.441162	  66.44013	  66.43922	 66.438417	 66.437711	 66.437089	 66.436543	 66.436063	 66.435643	 66.435275	 66.434953	 66.434672	 66.434426	 66.434212	 66.434026	 66.433864	 66.433723	 66.433601	 66.433495	 66.433404	 66.433324	 66.433256	 66.433197	 66.433146	 66.433102	 66.433065	 66.433032	 66.433005	 66.432981	  66.43296	 66.432943	 66.432928	 66.432915	 66.432905	 66.432895	 66.432888	 66.432881	 66.432875	 66.432871	 66.432866	 66.432863	  66.43286	 66.432858	 66.432856	 66.432854	 66.432853	 66.432851	  66.43285	 66.432849	 66.432849	 66.432848	 66.432848	 66.432847	 66.432847	 66.432847	 66.432846	 66.432846	 66.432846	 66.432846	 66.432846	 66.432846	 66.432846	 66.432845	 66.432845	 66.432845	 66.432845	 66.432845	 66.432845	 66.432845	 66.432845	 66.432845	 66.432845	 66.432845	 66.432845	 66.432845	 66.432845	 66.432845	 66.432845	 66.432845	 66.432845	 66.432845	 66.432845	 66.432845	 66.432845	 66.432845	 66.432845	 66.432845	 66.432845	 66.432845	 66.432845	 66.432845	 66.432845	
        99	 98.070409	 97.141884	 96.215489	  95.29228	   94.3733	 93.459581	 92.552135	 91.651953	 90.760001	 89.877218	 89.004513	  88.14276	 87.292798	 86.455428	 85.631409	  84.82146	 84.026253	 83.246416	 82.482529	 81.735124	 81.004684	 80.291644	 79.596387	 78.919248	 78.260511	  77.62041	 76.999132	 76.396816	 75.813551	 75.249384	 74.704314	   74.1783	 73.671256	 73.183061	  72.71355	 72.262529	 71.829764	 71.414993	 71.017924	 70.638237	 70.275587	 69.929607	 69.599909	 69.286086	 68.987717	 68.704365	 68.435584	 68.180916	 67.939896	 67.712055	 67.496918	  67.29401	 67.102855	 66.922979	 66.753909	  66.59518	 66.446328	 66.306899	 66.176446	 66.054531	 65.940726	 65.834612	 65.735784	 65.643846	 65.558415	 65.479123	 65.405612	 65.337539	 65.274573	 65.216399	 65.162712	 65.113223	 65.067657	  65.02575	 64.987253	 64.951928	 64.919551	 64.889911	 64.862806	 64.838048	 64.815461	 64.794876	 64.776138	 64.759101	 64.743629	 64.729592	 64.716874	 64.705362	 64.694955	 64.685557	 64.677081	 64.669443	  64.66257	 64.656392	 64.650845	  64.64587	 64.641413	 64.637425	  64.63386	 64.630678	  64.62784	 64.625313	 64.623064	 64.621065	 64.619291	 64.617717	 64.616324	 64.615091	 64.614002	 64.613041	 64.612193	 64.611447	  64.61079	 64.610213	 64.609707	 64.609263	 64.608874	 64.608534	 64.608237	 64.607978	 64.607752	 64.607555	 64.607384	 64.607236	 64.607107	 64.606995	 64.606898	 64.606814	 64.606742	  64.60668	 64.606626	  64.60658	  64.60654	 64.606506	 64.606476	 64.606451	  64.60643	 64.606411	 64.606396	 64.606382	 64.606371	 64.606361	 64.606353	 64.606346	  64.60634	 64.606335	 64.606331	 64.606327	 64.606324	 64.606322	 64.606319	 64.606318	 64.606316	 64.606315	 64.606314	 64.606313	 64.606312	 64.606311	 64.606311	  64.60631	  64.60631	  64.60631	 64.606309	 64.606309	 64.606309	 64.606309	 64.606309	 64.606309	 64.606309	 64.606309	 64.606308	 64.606308	 64.606308	 64.606308	 64.606308	 64.606308	 64.606308	 64.606308	 64.606308	 64.606308	 64.606308	 64.606308	 64.606308	 64.606308	 64.606308	 64.606308	 64.606308	 64.606308	 64.606308	 64.606308	 64.606308	 64.606308	 64.606308	 64.606308	 64.606308	 64.606308	 64.606308	 64.606308	 64.606308	
