Time step 79:
        99	        99	        99	        99	        99	        99	        99	        99	        99	        99	        99	        99	        99	        99	        99	        99	        99	        99	        99	        99	        99	        99	        99	        99	        99	        99	        99	        99	        99	        99	        99	        99	        99	        99	        99	        99	        99	        99	        99	        99	        99	        99	        99	        99	        99	        99	        99	        99	        99	        99	        99	        99	        99	        99	        99	        99	        99	        99	        99	        99	        99	        99	        99	        99	        99	        99	        99	        99	        99	        99	        99	        99	        99	        99	        99	        99	        99	        99	        99	        99	        99	        99	        99	        99	        99	        99	        99	        99	        99	        99	        99	        99	        99	        99	        99	        99	        99	        99	        99	        99	        99	        99	        99	        99	        99	        99	        99	        99	        99	        99	        99	        99	        99	        99	        99	        99	        99	        99	        99	        99	        99	        99	        99	        99	        99	        99	        99	        99	        99	        99	        99	        99	        99	        99	        99	        99	        99	        99	        99	        99	        99	        99	        99	        99	        99	        99	        99	        99	        99	        99	        99	        99	        99	        99	        99	        99	        99	        99	        99	        99	        99	        99	        99	        99	        99	        99	        99	        99	        99	        99	        99	        99	        99	        99	        99	        99	        99	        99	        99	        99	        99	        99	        99	        99	        99	        99	        99	        99	        99	        99	        99	        99	        99	        99	        99	        99	        99	        99	        99	        99	
        99	 98.991962	 98.983926	 98.975893	 98.967863	 98.959838	  98.95182	 98.943809	 98.935808	 98.927816	 98.919836	 98.911869	 98.903916	 98.895978	 98.888057	 98.880153	 98.872268	 98.864404	  98.85656	 98.848739	 98.840942	  98.83317	 98.825424	 98.817705	 98.810015	 98.802353	 98.794723	 98.787124	 98.779558	 98.772025	 98.764528	 98.757066	 98.749641	 98.742254	 98.734906	 98.727598	 98.720331	 98.713105	 98.705922	 98.698782	 98.691687	 98.684637	 98.677633	 98.670676	 98.663767	 98.656906	 98.650094	 98.643332	 98.636621	 98.629961	 98.623353	 98.616798	 98.610296	 98.603848	 98.597454	 98.591115	 98.584832	 98.578605	 98.572434	  98.56632	 98.560264	 98.554265	 98.548325	 98.542444	 98.536621	 98.530858	 98.525154	 98.519511	 98.513927	 98.508404	 98.502942	  98.49754	 98.492199	  98.48692	 98.481702	 98.476546	 98.471451	 98.466417	 98.461446	 98.456536	 98.451688	 98.446901	 98.442177	 98.437514	 98.432912	 98.428372	 98.423894	 98.419477	 98.415121	 98.410826	 98.406592	 98.402419	 98.398307	 98.394254	 98.390262	 98.386329	 98.382457	 98.378643	 98.374888	 98.371192	 98.367555	 98.363976	 98.360454	  98.35699	 98.353582	 98.350232	 98.346938	 98.343699	 98.340516	 98.337388	 98.334315	 98.331296	  98.32833	 98.325418	 98.322559	 98.319752	 98.316998	 98.314294	 98.311642	  98.30904	 98.306488	 98.303985	 98.301532	 98.299127	  98.29677	  98.29446	 98.292197	 98.289981	 98.287811	 98.285686	 98.283606	  98.28157	 98.279578	 98.277629	 98.275723	  98.27386	 98.272038	 98.270257	 98.268517	 98.266817	 98.265157	 98.263535	 98.261953	 98.260408	 98.258901	 98.257432	 98.255998	 98.254601	  98.25324	 98.251913	 98.250621	 98.249364	  98.24814	 98.246949	 98.245792	 98.244666	 98.243572	  98.24251	 98.241479	 98.240478	 98.239508	 98.238567	 98.237656	 98.236774	  98.23592	 98.235095	 98.234297	 98.233527	 98.232784	 98.232068	 98.231378	 98.230714	 98.230077	 98.229464	 98.228877	 98.228315	 98.227778	 98.227265	 98.226776	 98.226311	  98.22587	 98.225452	 98.225058	 98.224686	 98.224337	 98.224011	 98.223708	 98.223427	 98.223168	 98.222931	 98.222716	 98.222523	 98.222351	 98.222202	 98.222073	 98.221967	 98.221881	 98.221817	 98.221775	 98.221753	
        99	 98.983926	 98.967855	 98.951789	 98.935731	 98.919683	 98.903647	 98.887628	 98.871626	 98.855644	 98.839686	 98.823753	 98.807848	 98.791973	 98.776131	 98.760325	 98.744557	 98.728829	 98.713143	 98.697503	  98.68191	 98.666367	 98.650876	  98.63544	  98.62006	 98.604739	 98.589479	 98.574282	 98.559151	 98.544087	 98.529093	 98.514171	 98.499322	  98.48455	 98.469855	  98.45524	 98.440706	 98.426256	  98.41189	 98.397612	 98.383423	 98.369324	 98.355318	 98.341405	 98.327587	 98.313866	 98.300244	 98.286721	   98.2733	 98.259981	 98.246766	 98.233657	 98.220654	 98.207759	 98.194972	 98.182296	  98.16973	 98.157277	 98.144936	  98.13271	 98.120598	 98.108602	 98.096723	 98.084961	 98.073316	 98.061791	 98.050384	 98.039098	 98.027932	 98.016886	 98.005963	  97.99516	  97.98448	 97.973922	 97.963487	 97.953175	 97.942986	  97.93292	 97.922978	 97.913159	 97.903463	 97.893891	 97.884442	 97.875117	 97.865915	 97.856836	  97.84788	 97.839047	 97.830336	 97.821747	  97.81328	 97.804934	 97.796709	 97.788605	 97.780621	 97.772757	 97.765012	 97.757385	 97.749877	 97.742485	 97.735211	 97.728053	  97.72101	 97.714082	 97.707268	 97.700568	 97.693979	 97.687503	 97.681138	 97.674882	 97.668736	 97.662698	 97.656768	 97.650945	 97.645227	 97.639614	 97.634104	 97.628698	 97.623393	  97.61819	 97.613086	 97.608082	 97.603175	 97.598365	 97.593652	 97.589033	 97.584508	 97.580076	 97.575735	 97.571486	 97.567326	 97.563255	 97.559271	 97.555374	 97.551562	 97.547835	 97.544192	  97.54063	 97.537151	 97.533751	 97.530431	 97.527188	 97.524023	 97.520935	 97.517921	 97.514982	 97.512115	 97.509321	 97.506599	 97.503946	 97.501363	 97.498848	   97.4964	 97.494019	 97.491704	 97.489453	 97.487266	 97.485141	 97.483079	 97.481078	 97.479138	 97.477256	 97.475434	  97.47367	 97.471962	 97.470312	 97.468716	 97.467176	  97.46569	 97.464258	 97.462879	 97.461552	 97.460276	 97.459052	 97.457878	 97.456754	 97.455679	 97.454653	 97.453676	 97.452746	 97.451864	 97.451028	 97.450239	 97.449496	 97.448799	 97.448147	  97.44754	 97.446978	  97.44646	 97.445986	 97.445556	  97.44517	 97.444827	 97.444528	 97.444271	 97.444058	 97.443887	 97.443759	 97.443674	 97.443631	
        99	 98.975893	 98.951789	 98.927693	 98.903609	  98.87954	  98.85549	 98.831464	 98.807464	 98.783495	  98.75956	 98.735664	  98.71181	 98.688001	 98.664242	 98.640536	 98.616886	 98.593297	 98.569773	 98.546315	 98.522929	 98.499617	 98.476384	 98.453232	 98.430165	 98.407187	   98.3843	 98.361508	 98.338814	 98.316222	 98.293734	 98.271353	 98.249084	 98.226928	 98.204888	 98.182968	 98.161171	 98.139498	 98.117953	 98.096539	 98.075258	 98.054112	 98.033105	 98.012238	 97.991515	 97.970936	 97.950505	 97.930224	 97.910095	 97.890119	   97.8703	 97.850638	 97.831136	 97.811796	 97.792619	 97.773607	 97.754761	 97.736083	 97.717575	 97.699238	 97.681073	 97.663081	 97.645265	 97.627624	  97.61016	 97.592874	 97.575766	 97.558839	 97.542092	 97.525526	 97.509142	 97.492941	 97.476923	 97.461088	 97.445438	 97.429972	  97.41469	 97.399593	 97.384682	 97.369955	 97.355414	 97.341057	 97.326886	   97.3129	 97.299099	 97.285483	  97.27205	 97.258802	 97.245737	 97.232856	 97.220157	  97.20764	 97.195304	  97.18315	 97.171175	 97.159381	 97.147764	 97.136326	 97.125065	 97.113979	 97.103069	 97.092334	 97.081771	  97.07138	 97.061161	 97.051111	  97.04123	 97.031517	  97.02197	 97.012588	  97.00337	 96.994315	 96.985421	 96.976686	 96.968111	 96.959692	 96.951429	 96.943321	 96.935365	 96.927561	 96.919907	 96.912401	 96.905042	 96.897828	 96.890758	 96.883831	 96.877044	 96.870397	 96.863887	 96.857514	 96.851275	 96.845169	 96.839194	  96.83335	 96.827633	 96.822043	 96.816578	 96.811237	 96.806018	 96.800919	 96.795939	 96.791077	  96.78633	 96.781697	 96.777178	 96.772769	  96.76847	  96.76428	 96.760196	 96.756218	 96.752344	 96.748572	 96.744901	  96.74133	 96.737857	 96.734481	 96.731201	 96.728015	 96.724922	 96.721921	  96.71901	 96.716189	 96.713456	 96.710809	 96.708249	 96.705773	 96.703381	 96.701071	 96.698842	 96.696694	 96.694625	 96.692635	 96.690722	 96.688886	 96.687125	 96.685439	 96.683827	 96.682289	 96.680823	 96.679428	 96.678105	 96.676852	 96.675668	 96.674554	 96.673508	  96.67253	  96.67162	 96.670777	     96.67	  96.66929	 96.668645	 96.668066	 96.667552	 96.667102	 96.666718	 96.666397	 96.666142	  96.66595	 96.665822	 96.665758	
        99	 98.967863	 98.935731	 98.903609	 98.871503	 98.839417	 98.807357	 98.775327	 98.743333	 98.711381	 98.679474	 98.647618	 98.615818	 98.584079	 98.552406	 98.520804	 98.489277	 98.457831	  98.42647	   98.3952	 98.364024	 98.332948	 98.301976	 98.271112	 98.240362	  98.20973	  98.17922	 98.148836	 98.118583	 98.088466	 98.058487	 98.028652	 97.998965	 97.969429	 97.940049	 97.910827	 97.881769	 97.852878	 97.824157	  97.79561	  97.76724	 97.739052	 97.711047	  97.68323	 97.655604	 97.628171	 97.600935	 97.573898	 97.547064	 97.520435	 97.494014	 97.467804	 97.441806	 97.416023	 97.390459	 97.365114	 97.339991	 97.315092	 97.290419	 97.265974	 97.241758	 97.217774	 97.194023	 97.170506	 97.147225	 97.124181	 97.101376	  97.07881	 97.056485	 97.034401	  97.01256	 96.990963	 96.969609	   96.9485	 96.927637	 96.907019	 96.886647	 96.866522	 96.846644	 96.827012	 96.807627	 96.788489	 96.769598	 96.750953	 96.732555	 96.714403	 96.696497	 96.678835	 96.661419	 96.644247	 96.627318	 96.610632	 96.594188	 96.577985	 96.562022	 96.546298	 96.530813	 96.515565	 96.500552	 96.485775	 96.471231	 96.456919	 96.442838	 96.428986	 96.415363	 96.401966	 96.388794	 96.375845	 96.363118	 96.350611	 96.338323	 96.326252	 96.314395	 96.302751	 96.291319	 96.280097	 96.269082	 96.258272	 96.247667	 96.237263	 96.227059	 96.217053	 96.207243	 96.197627	 96.188202	 96.178967	  96.16992	 96.161059	 96.152381	 96.143884	 96.135567	 96.127428	 96.119463	 96.111671	 96.104051	 96.096599	 96.089314	 96.082194	 96.075236	 96.068439	   96.0618	 96.055318	  96.04899	 96.042815	  96.03679	 96.030913	 96.025182	 96.019596	 96.014152	 96.008848	 96.003683	 95.998655	 95.993762	 95.989001	 95.984371	 95.979871	 95.975498	 95.971251	 95.967128	 95.963127	 95.959247	 95.955486	 95.951843	 95.948315	 95.944902	 95.941601	 95.938412	 95.935332	 95.932362	 95.929498	  95.92674	 95.924087	 95.921537	 95.919089	 95.916742	 95.914494	 95.912346	 95.910294	  95.90834	 95.906481	 95.904717	 95.903046	 95.901469	 95.899983	 95.898589	 95.897286	 95.896072	 95.894948	 95.893913	 95.892966	 95.892106	 95.891334	 95.890649	  95.89005	 95.889537	  95.88911	 95.888769	 95.888513	 95.888343	 95.888257	
        99	 98.959838	 98.919683	  98.87954	 98.839417	 98.799319	 98.759253	 98.719226	 98.679244	 98.639312	 98.599438	 98.559628	 98.519888	 98.480223	 98.440641	 98.401148	 98.361749	 98.322451	  98.28326	 98.244181	  98.20522	 98.166384	 98.127679	 98.089109	  98.05068	 98.012399	  97.97427	   97.9363	 97.898493	 97.860855	 97.823391	 97.786106	 97.749006	 97.712095	 97.675378	 97.638861	 97.602547	 97.566441	 97.530548	 97.494873	  97.45942	 97.424192	 97.389195	 97.354432	 97.319907	 97.285624	 97.251587	   97.2178	 97.184265	 97.150987	 97.117969	 97.085213	 97.052724	 97.020504	 96.988555	 96.956882	 96.925486	 96.894369	 96.863536	 96.832987	 96.802724	 96.772751	 96.743069	  96.71368	 96.684586	 96.655788	 96.627288	 96.599088	 96.571188	 96.543591	 96.516296	 96.489305	  96.46262	  96.43624	 96.410167	 96.384401	 96.358942	 96.333792	  96.30895	 96.284416	 96.260191	 96.236274	 96.212665	 96.189365	 96.166373	 96.143688	 96.121311	  96.09924	 96.077474	 96.056014	 96.034858	 96.014005	 95.993455	 95.973206	 95.953258	 95.933608	 95.914256	   95.8952	 95.876439	 95.857972	 95.839796	  95.82191	 95.804313	 95.787003	 95.769978	 95.753235	 95.736774	 95.720592	 95.704688	 95.689058	 95.673701	 95.658615	 95.643798	 95.629247	 95.614961	 95.600936	  95.58717	 95.573662	 95.560408	 95.547406	 95.534655	  95.52215	  95.50989	 95.497873	 95.486095	 95.474554	 95.463248	 95.452174	 95.441329	 95.430711	 95.420317	 95.410145	 95.400191	 95.390454	 95.380931	 95.371618	 95.362514	 95.353616	 95.344921	 95.336427	 95.328131	  95.32003	 95.312122	 95.304404	 95.296875	  95.28953	 95.282369	 95.275387	 95.268584	 95.261956	 95.255502	 95.249218	 95.243102	 95.237153	 95.231367	 95.225743	 95.220279	 95.214971	 95.209819	 95.204819	  95.19997	  95.19527	 95.190716	 95.186308	 95.182042	 95.177917	 95.173932	 95.170084	 95.166371	 95.162792	 95.159346	  95.15603	 95.152843	 95.149784	 95.146851	 95.144042	 95.141357	 95.138794	 95.136351	 95.134028	 95.131823	 95.129736	 95.127764	 95.125908	 95.124166	 95.122537	  95.12102	 95.119616	 95.118322	 95.117138	 95.116064	 95.115099	 95.114242	 95.113494	 95.112853	 95.112319	 95.111893	 95.111573	  95.11136	 95.111254	
        99	  98.95182	 98.903647	  98.85549	 98.807357	 98.759253	 98.711189	  98.66317	 98.615205	 98.567301	 98.519467	 98.471708	 98.424034	 98.376451	 98.328966	 98.281588	 98.234323	 98.187179	 98.140163	 98.093283	 98.046544	 97.999954	 97.953521	  97.90725	  97.86115	 97.815226	 97.769485	 97.723934	 97.678579	 97.633426	 97.588483	 97.543754	 97.499247	 97.454967	 97.410919	 97.367111	 97.323547	 97.280233	 97.237174	 97.194377	 97.151845	 97.109584	   97.0676	 97.025897	 96.984479	 96.943352	 96.902519	 96.861986	 96.821756	 96.781834	 96.742224	 96.702929	 96.663953	   96.6253	 96.586973	 96.548976	 96.511312	 96.473983	 96.436994	 96.400345	 96.364041	 96.328084	 96.292476	  96.25722	 96.222317	  96.18777	  96.15358	 96.119749	 96.086279	 96.053172	 96.020428	 95.988049	 95.956035	 95.924389	  95.89311	   95.8622	 95.831659	 95.801487	 95.771685	 95.742253	 95.713191	   95.6845	 95.656178	 95.628226	 95.600643	  95.57343	 95.546584	 95.520107	 95.493996	 95.468251	 95.442872	 95.417856	 95.393203	 95.368911	  95.34498	 95.321407	 95.298191	 95.275331	 95.252825	  95.23067	 95.208866	 95.187409	 95.166299	 95.145533	 95.125108	 95.105023	 95.085276	 95.065863	 95.046783	 95.028033	  95.00961	 94.991513	 94.973737	 94.956281	 94.939142	 94.922317	 94.905803	 94.889598	 94.873698	 94.858101	 94.842803	 94.827802	 94.813095	 94.798678	 94.784549	 94.770704	 94.757141	 94.743855	 94.730846	 94.718108	 94.705639	 94.693435	 94.681495	 94.669814	 94.658389	 94.647217	 94.636296	 94.625621	  94.61519	    94.605	 94.595047	 94.585329	 94.575842	 94.566584	 94.557551	  94.54874	 94.540149	 94.531774	 94.523612	 94.515661	 94.507918	  94.50038	 94.493043	 94.485906	 94.478965	 94.472218	 94.465663	 94.459295	 94.453114	 94.447116	 94.441299	 94.435661	 94.430198	  94.42491	 94.419792	 94.414844	 94.410063	 94.405446	 94.400992	 94.396699	 94.392564	 94.388587	 94.384764	 94.381094	 94.377575	 94.374206	 94.370984	 94.367909	 94.364979	 94.362192	 94.359547	 94.357043	 94.354678	 94.352451	 94.350361	 94.348407	 94.346587	 94.344902	  94.34335	  94.34193	 94.340641	 94.339484	 94.338456	 94.337558	  94.33679	  94.33615	 94.335638	 94.335255	 94.334999	 94.334871	
        99	 98.943809	 98.887628	 98.831464	 98.775327	 98.719226	  98.66317	 98.607168	 98.551228	  98.49536	 98.439572	 98.383873	 98.328272	 98.272777	 98.217398	 98.162143	  98.10702	 98.052037	 97.997204	 97.942529	 97.888019	 97.833684	  97.77953	 97.725567	 97.671801	 97.618242	 97.564896	 97.511771	 97.458875	 97.406216	   97.3538	 97.301634	 97.249727	 97.198085	 97.146714	 97.095622	 97.044815	 96.994299	 96.944082	 96.894168	 96.844565	 96.795278	 96.746313	 96.697676	 96.649372	 96.601407	 96.553786	 96.506513	 96.459595	 96.413035	 96.366839	 96.321011	 96.275555	 96.230475	 96.185776	 96.141462	 96.097535	    96.054	  96.01086	 95.968119	 95.925779	 95.883844	 95.842315	 95.801197	 95.760491	   95.7202	 95.680326	  95.64087	 95.601835	 95.563223	 95.525035	 95.487273	 95.449937	 95.413029	  95.37655	   95.3405	 95.304881	 95.269693	 95.234936	  95.20061	 95.166717	 95.133255	 95.100224	 95.067625	 95.035456	 95.003718	 94.972409	 94.941529	 94.911077	 94.881052	 94.851453	 94.822278	 94.793526	 94.765195	 94.737285	 94.709793	 94.682717	 94.656056	 94.629808	  94.60397	  94.57854	 94.553516	 94.528896	 94.504677	 94.480857	 94.457433	 94.434402	 94.411762	 94.389509	 94.367642	 94.346156	 94.325049	 94.304319	  94.28396	 94.263972	 94.244349	  94.22509	  94.20619	 94.187647	 94.169456	 94.151615	  94.13412	 94.116967	 94.100153	 94.083675	 94.067528	  94.05171	 94.036216	 94.021043	 94.006187	 93.991645	 93.977413	 93.963487	 93.949864	 93.936539	  93.92351	 93.910773	 93.898323	 93.886158	 93.874274	 93.862666	 93.851332	 93.840268	 93.829471	 93.818936	  93.80866	  93.79864	 93.788873	 93.779354	 93.770082	 93.761051	 93.752259	 93.743703	 93.735379	 93.727284	 93.719416	  93.71177	 93.704344	 93.697135	  93.69014	 93.683356	  93.67678	 93.670409	 93.664241	 93.658273	 93.652502	 93.646926	 93.641542	 93.636347	  93.63134	 93.626518	 93.621879	  93.61742	  93.61314	 93.609036	 93.605107	  93.60135	 93.597764	 93.594346	 93.591096	 93.588011	 93.585091	 93.582332	 93.579735	 93.577298	 93.575019	 93.572897	 93.570932	 93.569121	 93.567465	 93.565962	 93.564612	 93.563414	 93.562367	  93.56147	 93.560724	 93.560127	  93.55968	 93.559382	 93.559233	
        99	 98.935808	 98.871626	 98.807464	 98.743333	 98.679244	 98.615205	 98.551228	 98.487322	 98.423498	 98.359766	 98.296136	 98.232617	  98.16922	 98.105955	 98.042831	 97.979858	 97.917047	 97.854405	 97.791944	 97.729672	 97.667599	 97.605734	 97.544086	 97.482664	 97.421478	 97.360535	 97.299846	 97.239417	 97.179259	 97.119379	 97.059785	 97.000486	  96.94149	 96.882804	 96.824436	 96.766394	 96.708685	 96.651317	 96.594296	 96.537629	 96.481324	 96.425386	 96.369823	 96.314641	 96.259845	 96.205442	 96.151438	 96.097839	 96.044649	 95.991874	  95.93952	 95.887591	 95.836092	 95.785028	 95.734403	 95.684221	 95.634487	 95.585204	 95.536376	 95.488007	   95.4401	 95.392658	 95.345684	 95.299182	 95.253153	   95.2076	 95.162526	 95.117933	 95.073823	 95.030197	 94.987056	 94.944404	  94.90224	 94.860566	 94.819383	 94.778692	 94.738493	 94.698787	 94.659573	 94.620853	 94.582626	 94.544892	  94.50765	 94.470901	 94.434643	 94.398876	 94.363599	  94.32881	  94.29451	 94.260695	 94.227366	 94.194519	 94.162155	  94.13027	 94.098863	 94.067932	 94.037474	 94.007488	 93.977971	  93.94892	 93.920332	 93.892206	 93.864539	 93.837326	 93.810567	 93.784256	 93.758392	 93.732971	 93.707989	 93.683444	 93.659332	 93.635649	 93.612391	 93.589556	  93.56714	 93.545138	 93.523547	 93.502363	 93.481582	   93.4612	 93.441214	 93.421618	  93.40241	 93.383585	 93.365139	 93.347068	 93.329368	 93.312034	 93.295063	  93.27845	 93.262191	 93.246282	 93.230719	 93.215497	 93.200613	 93.186061	 93.171839	 93.157942	 93.144365	 93.131104	 93.118157	 93.105517	 93.093182	 93.081147	 93.069408	 93.057961	 93.046803	 93.035929	 93.025336	 93.015019	 93.004975	 92.995201	 92.985691	 92.976444	 92.967455	 92.958721	 92.950237	 92.942002	  92.93401	  92.92626	 92.918748	  92.91147	 92.904424	 92.897605	 92.891013	 92.884642	 92.878492	 92.872558	 92.866838	 92.861329	 92.856029	 92.850935	 92.846046	 92.841358	 92.836869	 92.832577	  92.82848	 92.824576	 92.820863	 92.817339	 92.814002	 92.810851	 92.807884	 92.805099	 92.802496	 92.800072	 92.797826	 92.795758	 92.793866	  92.79215	 92.790607	 92.789238	 92.788042	 92.787018	 92.786165	 92.785483	 92.784972	 92.784632	 92.784462	
        99	 98.927816	 98.855644	 98.783495	 98.711381	 98.639312	 98.567301	  98.49536	 98.423498	 98.351729	 98.280063	 98.208511	 98.137085	 98.065795	 97.994654	 97.923672	  97.85286	 97.782228	 97.711789	 97.641551	 97.571527	 97.501726	  97.43216	 97.362837	 97.293769	 97.224965	 97.156436	 97.088191	  97.02024	 96.952593	 96.885258	 96.818246	 96.751564	 96.685223	 96.619232	 96.553598	  96.48833	 96.423436	 96.358926	 96.294806	 96.231085	  96.16777	 96.104869	 96.042389	 95.980336	 95.918719	 95.857544	 95.796817	 95.736545	 95.676733	 95.617389	 95.558517	 95.500123	 95.442213	 95.384792	 95.327864	 95.271435	 95.215509	 95.160091	 95.105185	 95.050794	 94.996923	 94.943575	 94.890753	 94.838462	 94.786703	 94.735479	 94.684794	 94.634649	 94.585047	  94.53599	  94.48748	 94.439517	 94.392105	 94.345243	 94.298933	 94.253176	 94.207972	 94.163323	 94.119228	 94.075687	 94.032701	 93.990269	 93.948391	 93.907067	 93.866295	 93.826076	 93.786407	 93.747288	 93.708717	 93.670693	 93.633214	 93.596279	 93.559885	 93.524031	 93.488714	 93.453932	 93.419683	 93.385963	 93.352771	 93.320104	 93.287958	  93.25633	 93.225218	 93.194618	 93.164527	 93.134941	 93.105857	 93.077271	  93.04918	 93.021579	 92.994465	 92.967833	 92.941681	 92.916003	 92.890796	 92.866054	 92.841776	 92.817954	 92.794586	 92.771667	 92.749193	 92.727158	 92.705559	  92.68439	 92.663648	 92.643327	 92.623423	 92.603932	 92.584848	 92.566167	 92.547884	 92.529994	 92.512493	 92.495377	 92.478639	 92.462276	 92.446283	 92.430656	 92.415389	 92.400478	 92.385918	 92.371705	 92.357834	 92.344301	   92.3311	 92.318229	 92.305681	 92.293454	 92.281542	 92.269941	 92.258646	 92.247655	 92.236962	 92.226563	 92.216455	 92.206633	 92.197094	 92.187833	 92.178847	 92.170132	 92.161684	 92.153501	 92.145577	  92.13791	 92.130497	 92.123333	 92.116417	 92.109744	 92.103312	 92.097117	 92.091158	  92.08543	 92.079932	  92.07466	 92.069612	 92.064786	 92.060179	 92.055789	 92.051613	 92.047651	 92.043898	 92.040355	 92.037019	 92.033888	  92.03096	 92.028234	 92.025709	 92.023384	 92.021256	 92.019326	 92.017591	 92.016052	 92.014707	 92.013555	 92.012596	  92.01183	 92.011255	 92.010872	 92.010681	
        99	 98.919836	 98.839686	  98.75956	 98.679474	 98.599438	 98.519467	 98.439572	 98.359766	 98.280063	 98.200473	 98.121012	 98.041689	 97.962519	 97.883513	 97.804684	 97.726043	 97.647604	 97.569377	 97.491375	  97.41361	 97.336092	 97.258835	 97.181849	 97.105145	 97.028735	  96.95263	 96.876841	 96.801378	 96.726252	 96.651473	 96.577053	    96.503	 96.429325	 96.356038	 96.283148	 96.210665	 96.138598	 96.066956	 95.995747	 95.924982	 95.854667	 95.784812	 95.715425	 95.646513	 95.578084	 95.510146	 95.442706	  95.37577	 95.309347	 95.243442	 95.178061	 95.113212	   95.0489	 94.985131	  94.92191	 94.859243	 94.797134	  94.73559	 94.674613	  94.61421	 94.554383	 94.495137	 94.436477	 94.378404	 94.320923	 94.264037	 94.207749	  94.15206	 94.096975	 94.042495	 93.988621	 93.935356	 93.882702	  93.83066	  93.77923	 93.728415	 93.678214	 93.628629	 93.579659	 93.531305	 93.483567	 93.436444	 93.389937	 93.344044	 93.298765	 93.254099	 93.210045	 93.166601	 93.123766	 93.081538	 93.039916	 92.998898	 92.958481	 92.918663	 92.879442	 92.840815	 92.802779	 92.765332	 92.728471	 92.692192	 92.656492	 92.621368	 92.586817	 92.552834	 92.519416	  92.48656	  92.45426	 92.422514	 92.391317	 92.360665	 92.330553	 92.300978	 92.271934	 92.243418	 92.215424	 92.187948	 92.160985	  92.13453	 92.108579	 92.083126	 92.058167	 92.033696	 92.009709	   91.9862	 91.963165	 91.940598	 91.918493	 91.896847	 91.875653	 91.854907	 91.834603	 91.814736	   91.7953	 91.776291	 91.757703	 91.739532	 91.721771	 91.704416	 91.687461	 91.670901	 91.654732	 91.638948	 91.623543	 91.608514	 91.593854	  91.57956	 91.565625	 91.552046	 91.538817	 91.525933	 91.513391	 91.501184	 91.489309	 91.477761	 91.466535	 91.455628	 91.445034	 91.434749	 91.424769	 91.415091	 91.405709	 91.396621	 91.387821	 91.379307	 91.371074	 91.363118	 91.355437	 91.348027	 91.340884	 91.334004	 91.327386	 91.321025	 91.314919	 91.309064	 91.303458	 91.298099	 91.292982	 91.288107	  91.28347	 91.279069	 91.274902	 91.270967	 91.267262	 91.263785	 91.260533	 91.257506	 91.254702	  91.25212	 91.249757	 91.247613	 91.245687	 91.243977	 91.242483	 91.241204	  91.24014	 91.239288	  91.23865	 91.238225	 91.238013	
        99	 98.911869	 98.823753	 98.735664	 98.647618	 98.559628	 98.471708	 98.383873	 98.296136	 98.208511	 98.121012	 98.033652	 97.946447	 97.859408	  97.77255	 97.685886	  97.59943	 97.513194	 97.427193	 97.341439	 97.255944	 97.170723	 97.085787	  97.00115	 96.916823	 96.832819	  96.74915	 96.665828	 96.582865	 96.500273	 96.418062	 96.336245	 96.254833	 96.173836	 96.093265	 96.013131	 95.933443	 95.854214	 95.775451	 95.697166	 95.619367	 95.542065	 95.465267	 95.388984	 95.313223	 95.237993	 95.163303	  95.08916	 95.015572	 94.942547	 94.870092	 94.798213	 94.726919	 94.656215	 94.586108	 94.516604	 94.447709	 94.379427	 94.311766	  94.24473	 94.178323	  94.11255	 94.047416	 93.982926	 93.919081	 93.855888	 93.793348	 93.731465	 93.670242	 93.609682	 93.549787	 93.490559	 93.432001	 93.374114	 93.316899	 93.260358	 93.204492	 93.149302	 93.094789	 93.040952	 92.987792	  92.93531	 92.883504	 92.832374	  92.78192	 92.732141	 92.683036	 92.634603	 92.586842	  92.53975	 92.493325	 92.447566	 92.402471	 92.358037	 92.314262	 92.271143	 92.228677	 92.186861	 92.145692	 92.105167	 92.065283	 92.026035	  91.98742	 91.949435	 91.912075	 91.875336	 91.839214	 91.803704	 91.768803	 91.734505	 91.700807	 91.667703	 91.635188	 91.603257	 91.571907	 91.541131	 91.510924	 91.481281	 91.452197	 91.423667	 91.395684	 91.368244	 91.341342	 91.314971	 91.289125	 91.263801	 91.238991	  91.21469	 91.190892	 91.167592	 91.144784	 91.122461	  91.10062	 91.079253	 91.058354	 91.037919	 91.017942	 90.998416	 90.979335	 90.960696	  90.94249	 90.924714	 90.907361	 90.890425	 90.873902	 90.857786	 90.842071	 90.826751	 90.811822	 90.797278	 90.783114	 90.769325	 90.755905	  90.74285	 90.730154	 90.717813	 90.705821	 90.694174	 90.682868	 90.671896	 90.661256	 90.650942	  90.64095	 90.631276	 90.621915	 90.612864	 90.604118	 90.595674	 90.587527	 90.579673	 90.572111	 90.564834	 90.557841	 90.551128	 90.544692	 90.538529	 90.532636	 90.527011	 90.521651	 90.516554	 90.511715	 90.507134	 90.502808	 90.498735	 90.494912	 90.491337	  90.48801	 90.484927	 90.482088	  90.47949	 90.477133	 90.475015	 90.473136	 90.471493	 90.470087	 90.468917	 90.467981	 90.467279	 90.466812	 90.466578	
        99	 98.903916	 98.807848	  98.71181	 98.615818	 98.519888	 98.424034	 98.328272	 98.232617	 98.137085	 98.041689	 97.946447	 97.851371	 97.756478	 97.661781	 97.567297	 97.473038	 97.379021	 97.285259	 97.191766	 97.098556	 97.005644	 96.913044	 96.820768	 96.728831	 96.637247	 96.546027	 96.455186	 96.364737	 96.274691	 96.185061	 96.095861	 96.007101	 95.918795	 95.830953	 95.743587	 95.656709	  95.57033	  95.48446	  95.39911	  95.31429	 95.230011	 95.146283	 95.063116	 94.980518	 94.898499	 94.817069	 94.736235	 94.656006	 94.576391	 94.497397	 94.419033	 94.341305	  94.26422	 94.187787	  94.11201	 94.036898	 93.962455	 93.888687	 93.815601	 93.743202	 93.671494	 93.600482	 93.530171	 93.460566	 93.391669	 93.323486	 93.256018	 93.189271	 93.123245	 93.057945	 92.993373	  92.92953	 92.866418	 92.804041	 92.742397	  92.68149	 92.621319	 92.561886	 92.503191	 92.445234	 92.388016	 92.331535	 92.275791	 92.220784	 92.166513	 92.112976	 92.060173	 92.008101	 91.956759	 91.906145	 91.856257	 91.807093	 91.758649	 91.710923	 91.663913	 91.617614	 91.572025	 91.527141	 91.482959	 91.439475	 91.396686	 91.354586	 91.313173	 91.272441	 91.232387	 91.193005	 91.154291	  91.11624	 91.078848	 91.042108	 91.006016	 90.970567	 90.935756	 90.901576	 90.868022	 90.835089	 90.802771	 90.771063	 90.739958	  90.70945	 90.679534	 90.650204	 90.621453	 90.593275	 90.565665	 90.538616	 90.512122	 90.486177	 90.460774	 90.435908	 90.411571	 90.387758	 90.364463	 90.341679	   90.3194	 90.297619	 90.276331	 90.255529	 90.235207	 90.215359	 90.195978	 90.177059	 90.158596	 90.140581	  90.12301	 90.105877	 90.089175	 90.072899	 90.057043	 90.041601	 90.026567	 90.011936	 89.997703	 89.983861	 89.970406	 89.957332	 89.944634	 89.932307	 89.920346	 89.908745	 89.897501	 89.886607	  89.87606	 89.865854	 89.855986	 89.846451	 89.837244	 89.828362	 89.819801	 89.811555	 89.803622	 89.795998	 89.788679	 89.781662	 89.774943	 89.768518	 89.762386	 89.756542	 89.750984	  89.74571	 89.740715	 89.735999	 89.731558	  89.72739	 89.723493	 89.719865	 89.716504	 89.713408	 89.710576	 89.708007	 89.705698	 89.703649	 89.701858	 89.700325	 89.699049	 89.698029	 89.697264	 89.696754	   89.6965	
        99	 98.895978	 98.791973	 98.688001	 98.584079	 98.480223	 98.376451	 98.272777	  98.16922	 98.065795	 97.962519	 97.859408	 97.756478	 97.653745	 97.551225	 97.448935	 97.346889	 97.245105	 97.143596	 97.042379	 96.941469	 96.840882	 96.740631	 96.640732	   96.5412	 96.442049	 96.343294	 96.244948	 96.147026	 96.049541	 95.952507	 95.855937	 95.759845	 95.664243	 95.569144	 95.474561	 95.380505	 95.286989	 95.194025	 95.101624	 95.009797	 94.918556	 94.827911	 94.737872	 94.648451	 94.559656	 94.471498	 94.383987	  94.29713	 94.210937	 94.125418	 94.040579	 93.956429	 93.872977	 93.790229	 93.708192	 93.626874	 93.546281	 93.466419	 93.387295	 93.308914	 93.231282	 93.154404	 93.078285	 93.002929	  92.92834	 92.854524	 92.781483	 92.709221	 92.637741	 92.567046	 92.497139	 92.428021	 92.359696	 92.292165	 92.225429	  92.15949	 92.094349	 92.030006	 91.966461	 91.903716	  91.84177	 91.780623	 91.720274	 91.660723	 91.601968	 91.544009	 91.486843	 91.430469	 91.374886	 91.320091	 91.266081	 91.212855	 91.160409	  91.10874	 91.057846	 91.007723	 90.958367	 90.909775	 90.861943	 90.814867	 90.768543	 90.722965	  90.67813	 90.634034	  90.59067	 90.548035	 90.506122	 90.464928	 90.424446	 90.384671	 90.345598	  90.30722	 90.269533	 90.232529	 90.196204	  90.16055	 90.125562	 90.091234	 90.057559	 90.024531	 89.992144	  89.96039	 89.929264	 89.898759	 89.868868	 89.839584	 89.810901	 89.782813	 89.755311	  89.72839	 89.702043	 89.676263	 89.651043	 89.626377	 89.602257	 89.578677	  89.55563	  89.53311	 89.511109	 89.489621	 89.468639	 89.448157	 89.428168	 89.408666	 89.389643	 89.371094	 89.353013	 89.335392	 89.318226	 89.301508	 89.285232	 89.269393	 89.253983	 89.238998	 89.224432	 89.210278	 89.196531	 89.183185	 89.170236	 89.157677	 89.145503	 89.133709	 89.122291	 89.111242	 89.100559	 89.090236	 89.080269	 89.070653	 89.061384	 89.052457	 89.043869	 89.035615	 89.027691	 89.020094	  89.01282	 89.005865	 88.999226	   88.9929	 88.986883	 88.981172	 88.975765	 88.970659	 88.965851	 88.961339	  88.95712	 88.953192	 88.949553	 88.946202	 88.943136	 88.940354	 88.937855	 88.935636	 88.933698	 88.932038	 88.930656	 88.929552	 88.928724	 88.928172	 88.927896	
        99	 98.888057	 98.776131	 98.664242	 98.552406	 98.440641	 98.328966	 98.217398	 98.105955	 97.994654	 97.883513	  97.77255	 97.661781	 97.551225	 97.440899	 97.330819	 97.221002	 97.111467	 97.002228	 96.893303	 96.784709	 96.676461	 96.568576	  96.46107	 96.353959	 96.247257	 96.140981	 96.035146	 95.929767	 95.824859	 95.720435	 95.616512	 95.513102	  95.41022	 95.307879	 95.206093	 95.104875	 95.004237	 94.904194	 94.804756	 94.705937	 94.607747	 94.510199	 94.413304	 94.317073	 94.221517	 94.126645	 94.032469	 93.938998	 93.846242	  93.75421	 93.662911	 93.572353	 93.482545	 93.393496	 93.305212	 93.217701	 93.130971	 93.045028	 92.959878	 92.875529	 92.791985	 92.709252	 92.627336	 92.546242	 92.465973	 92.386536	 92.307932	 92.230167	 92.153244	 92.077166	 92.001935	 91.927554	 91.854026	 91.781352	 91.709534	 91.638574	 91.568472	 91.499229	 91.430846	 91.363322	 91.296659	 91.230856	 91.165911	 91.101825	 91.038596	 90.976222	 90.914703	 90.854037	 90.794221	 90.735253	  90.67713	 90.619851	 90.563411	 90.507808	 90.453038	 90.399098	 90.345984	 90.293691	 90.242217	 90.191556	 90.141703	 90.092655	 90.044406	 89.996951	 89.950286	 89.904403	 89.859299	 89.814968	 89.771403	   89.7286	 89.686551	 89.645251	 89.604693	 89.564872	  89.52578	 89.487411	 89.449759	 89.412817	 89.376578	 89.341034	 89.306181	 89.272009	 89.238512	 89.205684	 89.173517	 89.142003	 89.111136	 89.080908	 89.051313	 89.022342	 88.993988	 88.966245	 88.939105	  88.91256	 88.886603	 88.861228	 88.836426	  88.81219	 88.788514	  88.76539	  88.74281	 88.720768	 88.699257	  88.67827	 88.657799	 88.637837	 88.618379	 88.599416	 88.580942	 88.562951	 88.545436	 88.528391	 88.511808	 88.495682	 88.480006	 88.464774	  88.44998	 88.435618	 88.421683	 88.408167	 88.395067	 88.382375	 88.370087	 88.358197	   88.3467	 88.335591	 88.324865	 88.314517	 88.304542	 88.294935	 88.285693	  88.27681	 88.268283	 88.260108	  88.25228	 88.244795	  88.23765	 88.230842	 88.224367	 88.218222	 88.212403	 88.206908	 88.201734	 88.196878	 88.192337	 88.188111	 88.184195	 88.180589	 88.177289	 88.174295	 88.171606	 88.169218	 88.167132	 88.165346	 88.163859	  88.16267	 88.161779	 88.161186	 88.160889	
        99	 98.880153	 98.760325	 98.640536	 98.520804	 98.401148	 98.281588	 98.162143	 98.042831	 97.923672	 97.804684	 97.685886	 97.567297	 97.448935	 97.330819	 97.212967	 97.095397	 96.978127	 96.861176	  96.74456	 96.628299	 96.512408	 96.396906	  96.28181	 96.167135	   96.0529	 95.939121	 95.825813	 95.712994	 95.600678	 95.488882	 95.377621	  95.26691	 95.156764	 95.047197	 94.938225	  94.82986	 94.722118	  94.61501	 94.508552	 94.402755	 94.297633	 94.193198	 94.089462	 93.986436	 93.884133	 93.782563	 93.681738	 93.581668	 93.482362	 93.383832	 93.286087	 93.189135	 93.092987	  92.99765	 92.903133	 92.809443	  92.71659	 92.624578	 92.533417	 92.443112	 92.353669	 92.265095	 92.177396	 92.090575	  92.00464	 91.919593	  91.83544	 91.752185	  91.66983	 91.588381	 91.507838	 91.428206	 91.349486	 91.271681	 91.194793	 91.118822	  91.04377	 90.969639	 90.896427	 90.824137	 90.752767	 90.682317	 90.612787	 90.544176	 90.476483	 90.409706	 90.343843	 90.278893	 90.214854	 90.151722	 90.089496	 90.028172	 89.967747	 89.908219	 89.849582	 89.791833	 89.734969	 89.678984	 89.623876	 89.569637	 89.516265	 89.463754	 89.412098	 89.361293	 89.311333	 89.262211	 89.213922	 89.166461	 89.119821	 89.073995	 89.028977	 88.984761	  88.94134	 88.898707	 88.856855	 88.815777	 88.775467	 88.735916	 88.697118	 88.659065	 88.621751	 88.585166	 88.549305	 88.514159	  88.47972	 88.445982	 88.412935	 88.380573	 88.348888	 88.317872	 88.287516	 88.257814	 88.228758	 88.200339	 88.172549	 88.145382	 88.118829	 88.092882	 88.067534	 88.042777	 88.018604	 87.995006	 87.971976	 87.949506	  87.92759	 87.906219	 87.885387	 87.865085	 87.845307	 87.826046	 87.807294	 87.789045	 87.771291	 87.754027	 87.737244	 87.720937	 87.705098	 87.689723	 87.674803	 87.660333	 87.646308	  87.63272	 87.619564	 87.606835	 87.594526	 87.582633	 87.571149	 87.560071	 87.549391	 87.539107	 87.529212	 87.519702	 87.510573	  87.50182	 87.493439	 87.485426	 87.477777	 87.470488	 87.463556	 87.456977	 87.450747	 87.444864	 87.439325	 87.434126	 87.429265	  87.42474	 87.420548	 87.416687	 87.413154	 87.409949	 87.407069	 87.404513	  87.40228	 87.400368	 87.398776	 87.397503	 87.396549	 87.395914	 87.395596	
        99	 98.872268	 98.744557	 98.616886	 98.489277	 98.361749	 98.234323	  98.10702	 97.979858	  97.85286	 97.726043	  97.59943	 97.473038	 97.346889	 97.221002	 97.095397	 96.970092	 96.845107	 96.720461	 96.596174	 96.472263	 96.348748	 96.225647	 96.102978	  95.98076	 95.859009	 95.737744	 95.616982	  95.49674	 95.377035	 95.257884	 95.139303	 95.021308	 94.903915	  94.78714	 94.670998	 94.555504	 94.440673	  94.32652	 94.213057	   94.1003	 93.988262	 93.876956	 93.766395	 93.656591	 93.547557	 93.439305	 93.331847	 93.225193	 93.119354	 93.014342	 92.910165	 92.806835	 92.704361	 92.602752	 92.502017	 92.402163	 92.303201	 92.205136	 92.107977	 92.011731	 91.916404	 91.822002	 91.728533	 91.636001	 91.544411	  91.45377	  91.36408	 91.275347	 91.187575	 91.100766	 91.014925	 90.930053	 90.846155	 90.763231	 90.681284	 90.600315	 90.520326	 90.441317	 90.363289	 90.286242	 90.210177	 90.135092	 90.060988	 89.987863	 89.915716	 89.844545	  89.77435	 89.705127	 89.636874	 89.569589	 89.503269	 89.437911	 89.373511	 89.310065	 89.247571	 89.186023	 89.125417	  89.06575	 89.007015	 88.949209	 88.892325	 88.836359	 88.781305	 88.727157	  88.67391	 88.621557	 88.570091	 88.519507	 88.469798	 88.420957	 88.372978	 88.325853	 88.279575	 88.234137	 88.189532	 88.145752	 88.102789	 88.060636	 88.019286	  87.97873	  87.93896	 87.899969	 87.861748	  87.82429	 87.787585	 87.751627	 87.716406	 87.681915	 87.648145	 87.615089	 87.582736	  87.55108	 87.520112	 87.489823	 87.460205	 87.431251	 87.402951	 87.375297	 87.348282	 87.321896	 87.296132	 87.270981	 87.246436	 87.222488	  87.19913	 87.176353	  87.15415	 87.132513	 87.111434	 87.090905	  87.07092	  87.05147	 87.032549	 87.014148	 86.996261	 86.978881	 86.962001	 86.945613	 86.929712	 86.914291	 86.899342	  86.88486	 86.870839	 86.857272	 86.844154	 86.831478	 86.819239	 86.807431	 86.796049	 86.785088	 86.774542	 86.764407	 86.754677	 86.745349	 86.736416	 86.727876	 86.719724	 86.711955	 86.704567	 86.697555	 86.690915	 86.684645	 86.678741	 86.673201	  86.66802	 86.663197	 86.658729	 86.654614	 86.650849	 86.647433	 86.644364	  86.64164	 86.639259	 86.637221	 86.635525	 86.634169	 86.633152	 86.632475	 86.632136	
        99	 98.864404	 98.728829	 98.593297	 98.457831	 98.322451	 98.187179	 98.052037	 97.917047	 97.782228	 97.647604	 97.513194	 97.379021	 97.245105	 97.111467	 96.978127	 96.845107	 96.712427	 96.580106	 96.448166	 96.316626	 96.185506	 96.054826	 95.924604	  95.79486	 95.665613	 95.536882	 95.408684	 95.281039	 95.153963	 95.027476	 94.901593	 94.776333	 94.651713	 94.527748	 94.404455	  94.28185	 94.159948	 94.038766	 93.918317	 93.798618	 93.679681	 93.561522	 93.444153	 93.327589	 93.211842	 93.096924	 92.982849	 92.869628	 92.757273	 92.645795	 92.535204	 92.425512	 92.316728	 92.208863	 92.101925	 91.995924	 91.890868	 91.786765	 91.683624	 91.581451	 91.480255	 91.380041	 91.280817	 91.182587	 91.085358	 90.989136	 90.893924	 90.799728	 90.706551	 90.614397	  90.52327	 90.433173	 90.344109	  90.25608	 90.169087	 90.083133	 89.998218	 89.914345	 89.831512	 89.749722	 89.668973	 89.589265	 89.510598	 89.432971	 89.356381	 89.280829	 89.206311	 89.132826	 89.060371	 88.988943	  88.91854	 88.849157	 88.780792	  88.71344	 88.647098	  88.58176	 88.517423	 88.454082	 88.391731	 88.330365	 88.269979	 88.210567	 88.152123	 88.094641	 88.038115	 87.982539	 87.927904	 87.874206	 87.821436	 87.769588	 87.718655	 87.668628	 87.619501	 87.571265	 87.523913	 87.477438	  87.43183	 87.387082	 87.343185	 87.300132	 87.257914	 87.216522	 87.175947	 87.136183	 87.097218	 87.059046	 87.021657	 86.985042	 86.949193	 86.914101	 86.879756	 86.846151	 86.813276	 86.781122	 86.749681	 86.718944	 86.688901	 86.659545	 86.630866	 86.602856	 86.575505	 86.548806	  86.52275	 86.497327	 86.472531	 86.448352	 86.424782	 86.401812	 86.379435	 86.357643	 86.336427	 86.315779	 86.295693	 86.276159	 86.257171	 86.238721	 86.220801	 86.203405	 86.186525	 86.170153	 86.154285	 86.138911	 86.124027	 86.109625	 86.095698	 86.082242	 86.069249	 86.056715	 86.044632	 86.032996	 86.021801	 86.011041	 86.000713	 85.990809	 85.981327	 85.972261	 85.963607	  85.95536	 85.947517	 85.940073	 85.933025	 85.926369	 85.920101	 85.914219	  85.90872	   85.9036	 85.898857	 85.894488	 85.890492	 85.886865	 85.883607	 85.880715	 85.878188	 85.876025	 85.874224	 85.872784	 85.871705	 85.870986	 85.870626	
