Time step 10:
        99	        99	        99	        99	        99	        99	        99	        99	        99	        99	        99	        99	        99	        99	        99	        99	        99	        99	        99	        99	        99	        99	        99	        99	        99	        99	        99	        99	        99	        99	        99	        99	        99	        99	        99	        99	        99	        99	        99	        99	        99	        99	        99	        99	        99	        99	        99	        99	        99	        99	        99	        99	        99	        99	        99	        99	        99	        99	        99	        99	        99	        99	        99	        99	        99	        99	        99	        99	        99	        99	        99	        99	        99	        99	        99	        99	        99	        99	        99	        99	        99	        99	        99	        99	        99	        99	        99	        99	        99	        99	        99	        99	        99	        99	        99	        99	        99	        99	        99	        99	        99	        99	        99	        99	        99	        99	        99	        99	        99	        99	        99	        99	        99	        99	        99	        99	        99	        99	        99	        99	        99	        99	        99	        99	        99	        99	        99	        99	        99	        99	        99	        99	        99	        99	        99	        99	        99	        99	        99	        99	        99	        99	        99	        99	        99	        99	        99	        99	        99	        99	        99	        99	        99	        99	        99	        99	        99	        99	        99	        99	        99	        99	        99	        99	        99	        99	        99	        99	        99	        99	        99	        99	        99	        99	        99	        99	        99	        99	        99	        99	        99	        99	        99	        99	        99	        99	        99	        99	        99	        99	        99	        99	        99	        99	        99	        99	        99	        99	        99	        99	
        99	  98.93652	 98.873121	 98.809882	 98.746881	 98.684198	  98.62191	 98.560092	 98.498818	  98.43816	 98.378188	 98.318968	 98.260565	 98.203041	 98.146454	 98.090858	 98.036305	 97.982844	 97.930518	 97.879369	 97.829432	  97.78074	 97.733323	 97.687205	 97.642408	 97.598947	 97.556837	 97.516088	 97.476704	 97.438688	 97.402039	 97.366753	 97.332821	 97.300233	 97.268974	  97.23903	 97.210379	 97.183002	 97.156874	  97.13197	 97.108263	 97.085723	  97.06432	 97.044022	 97.024797	  97.00661	 96.989428	 96.973215	 96.957936	 96.943555	 96.930037	 96.917345	 96.905444	   96.8943	 96.883876	 96.874139	 96.865056	 96.856591	 96.848715	 96.841394	 96.834598	 96.828298	 96.822465	  96.81707	 96.812088	 96.807492	 96.803258	 96.799363	 96.795783	 96.792497	 96.789485	 96.786728	 96.784207	 96.781904	 96.779805	 96.777892	 96.776152	 96.774571	 96.773136	 96.771836	 96.770659	 96.769595	 96.768634	 96.767767	 96.766987	 96.766285	 96.765655	 96.765089	 96.764582	 96.764128	 96.763722	  96.76336	 96.763037	 96.762749	 96.762494	 96.762266	 96.762065	 96.761886	 96.761728	 96.761588	 96.761465	 96.761356	 96.761261	 96.761176	 96.761103	 96.761038	 96.760981	 96.760931	 96.760888	  96.76085	 96.760817	 96.760788	 96.760763	 96.760741	 96.760722	 96.760706	 96.760692	 96.760679	 96.760669	  96.76066	 96.760652	 96.760645	 96.760639	 96.760634	  96.76063	 96.760627	 96.760623	 96.760621	 96.760619	 96.760617	 96.760615	 96.760614	 96.760612	 96.760611	 96.760611	  96.76061	 96.760609	 96.760609	 96.760608	 96.760608	 96.760608	 96.760607	 96.760607	 96.760607	 96.760607	 96.760607	 96.760607	 96.760607	 96.760607	 96.760606	 96.760606	 96.760606	 96.760606	 96.760606	 96.760606	 96.760606	 96.760606	 96.760606	 96.760606	 96.760606	 96.760606	 96.760606	 96.760606	 96.760606	 96.760606	 96.760606	 96.760606	 96.760606	 96.760606	 96.760606	 96.760606	 96.760606	 96.760606	 96.760606	 96.760606	 96.760606	 96.760606	 96.760606	 96.760606	 96.760606	 96.760606	 96.760606	 96.760606	 96.760606	 96.760606	 96.760606	 96.760606	 96.760606	 96.760606	 96.760606	 96.760606	 96.760606	 96.760606	 96.760606	 96.760606	 96.760606	 96.760606	 96.760606	 96.760606	 96.760606	
        99	 98.873121	 98.746402	 98.620003	 98.494082	 98.368795	 98.244297	 98.120739	 97.998269	  97.87703	 97.757161	 97.638796	 97.522064	 97.407088	 97.293985	 97.182863	 97.073827	 96.966972	 96.862387	 96.760152	 96.660341	  96.56302	 96.468245	 96.376068	 96.286529	 96.199663	 96.115496	 96.034048	  95.95533	 95.879347	 95.806096	 95.735567	 95.667746	 95.602611	 95.540134	 95.480282	 95.423018	 95.368298	 95.316075	 95.266299	 95.218914	 95.173862	 95.131083	 95.090513	 95.052087	 95.015737	 94.981394	 94.948988	 94.918449	 94.889706	 94.862686	 94.837318	 94.813532	 94.791257	 94.770424	 94.750962	 94.732806	 94.715888	 94.700145	 94.685512	  94.67193	 94.659338	 94.647678	 94.636896	 94.626938	 94.617752	 94.609289	 94.601503	 94.594347	  94.58778	  94.58176	 94.576249	  94.57121	 94.566609	 94.562412	 94.558589	 94.555111	 94.551951	 94.549083	 94.546484	 94.544132	 94.542005	 94.540084	 94.538352	 94.536793	  94.53539	 94.534129	 94.532998	 94.531985	 94.531078	 94.530267	 94.529543	 94.528898	 94.528323	 94.527811	 94.527357	 94.526954	 94.526597	 94.526282	 94.526002	 94.525756	 94.525538	 94.525347	 94.525179	 94.525031	 94.524901	 94.524788	 94.524688	 94.524601	 94.524526	 94.524459	 94.524402	 94.524352	 94.524308	 94.524271	 94.524238	  94.52421	 94.524185	 94.524164	 94.524146	  94.52413	 94.524117	 94.524105	 94.524095	 94.524087	  94.52408	 94.524073	 94.524068	 94.524064	  94.52406	 94.524057	 94.524054	 94.524051	 94.524049	 94.524048	 94.524046	 94.524045	 94.524044	 94.524043	 94.524043	 94.524042	 94.524041	 94.524041	 94.524041	  94.52404	  94.52404	  94.52404	  94.52404	  94.52404	 94.524039	 94.524039	 94.524039	 94.524039	 94.524039	 94.524039	 94.524039	 94.524039	 94.524039	 94.524039	 94.524039	 94.524039	 94.524039	 94.524039	 94.524039	 94.524039	 94.524039	 94.524039	 94.524039	 94.524039	 94.524039	 94.524039	 94.524039	 94.524039	 94.524039	 94.524039	 94.524039	 94.524039	 94.524039	 94.524039	 94.524039	 94.524039	 94.524039	 94.524039	 94.524039	 94.524039	 94.524039	 94.524039	 94.524039	 94.524039	 94.524039	 94.524039	 94.524039	 94.524039	 94.524039	 94.524039	 94.524039	 94.524039	 94.524039	 94.524039	 94.524039	
        99	 98.809882	 98.620003	 98.430604	  98.24192	 98.054188	 97.867637	 97.682495	 97.498982	 97.317315	   97.1377	  96.96034	 96.785426	 96.613144	 96.443666	  96.27716	 96.113777	 95.953663	  95.79695	 95.643759	   95.4942	 95.348371	 95.206359	 95.068237	  94.93407	 94.803908	 94.677791	 94.555748	 94.437795	  94.32394	 94.214178	 94.108497	 94.006872	 93.909272	 93.815655	 93.725971	 93.640165	 93.558171	 93.479919	 93.405333	 93.334331	 93.266825	 93.202724	 93.141933	 93.084354	 93.029886	 92.978426	 92.929868	 92.884108	 92.841038	  92.80055	 92.762539	 92.726898	  92.69352	 92.662303	 92.633141	 92.605935	 92.580586	 92.556995	  92.53507	 92.514717	 92.495849	 92.478378	 92.462222	   92.4473	 92.433536	 92.420855	 92.409188	 92.398466	 92.388625	 92.379605	 92.371347	 92.363796	 92.356901	 92.350613	 92.344884	 92.339673	 92.334938	 92.330641	 92.326747	 92.323221	 92.320034	 92.317157	 92.314562	 92.312225	 92.310122	 92.308234	 92.306539	  92.30502	 92.303661	 92.302446	 92.301362	 92.300394	 92.299533	 92.298767	 92.298086	 92.297483	 92.296948	 92.296474	 92.296056	 92.295687	 92.295361	 92.295074	 92.294822	 92.294601	 92.294406	 92.294236	 92.294087	 92.293957	 92.293843	 92.293744	 92.293658	 92.293583	 92.293518	 92.293461	 92.293412	  92.29337	 92.293333	 92.293302	 92.293274	 92.293251	 92.293231	 92.293214	 92.293199	 92.293186	 92.293175	 92.293166	 92.293158	 92.293151	 92.293145	  92.29314	 92.293136	 92.293133	  92.29313	 92.293127	 92.293125	 92.293123	 92.293122	 92.293121	 92.293119	 92.293119	 92.293118	 92.293117	 92.293117	 92.293116	 92.293116	 92.293116	 92.293115	 92.293115	 92.293115	 92.293115	 92.293115	 92.293114	 92.293114	 92.293114	 92.293114	 92.293114	 92.293114	 92.293114	 92.293114	 92.293114	 92.293114	 92.293114	 92.293114	 92.293114	 92.293114	 92.293114	 92.293114	 92.293114	 92.293114	 92.293114	 92.293114	 92.293114	 92.293114	 92.293114	 92.293114	 92.293114	 92.293114	 92.293114	 92.293114	 92.293114	 92.293114	 92.293114	 92.293114	 92.293114	 92.293114	 92.293114	 92.293114	 92.293114	 92.293114	 92.293114	 92.293114	 92.293114	 92.293114	 92.293114	 92.293114	 92.293114	 92.293114	 92.293114	 92.293114	
        99	 98.746881	 98.494082	  98.24192	 97.990712	  97.74077	 97.492402	 97.245908	 97.001584	 96.759716	 96.520582	 96.284449	 96.051574	 95.822201	 95.596564	 95.374881	 95.157358	 94.944186	 94.735542	 94.531588	 94.332469	 94.138316	 93.949244	 93.765353	 93.586727	 93.413432	 93.245523	 93.083038	 92.925999	 92.774415	 92.628281	  92.48758	 92.352279	 92.222337	 92.097697	 91.978295	 91.864055	  91.75489	 91.650708	 91.551406	 91.456875	 91.366999	 91.281657	 91.200721	 91.124062	 91.051545	 90.983032	 90.918384	  90.85746	 90.800117	 90.746214	 90.695607	 90.648155	 90.603717	 90.562154	 90.523329	 90.487108	 90.453358	 90.421951	  90.39276	 90.365663	 90.340542	 90.317282	 90.295772	 90.275906	  90.25758	 90.240698	 90.225164	 90.210889	 90.197787	 90.185778	 90.174784	 90.164731	 90.155551	 90.147178	 90.139552	 90.132613	 90.126309	 90.120588	 90.115403	  90.11071	 90.106467	 90.102636	 90.099181	  90.09607	 90.093271	 90.090756	   90.0885	 90.086478	 90.084668	 90.083051	 90.081607	 90.080319	 90.079172	 90.078152	 90.077246	 90.076442	  90.07573	   90.0751	 90.074543	 90.074051	 90.073618	 90.073236	   90.0729	 90.072605	 90.072346	  90.07212	 90.071921	 90.071748	 90.071597	 90.071465	  90.07135	  90.07125	 90.071164	 90.071088	 90.071023	 90.070967	 90.070918	 90.070876	  90.07084	 90.070809	 90.070782	 90.070759	 90.070739	 90.070722	 90.070707	 90.070695	 90.070684	 90.070675	 90.070668	 90.070661	 90.070656	 90.070651	 90.070647	 90.070644	 90.070641	 90.070638	 90.070636	 90.070635	 90.070633	 90.070632	 90.070631	  90.07063	  90.07063	 90.070629	 90.070628	 90.070628	 90.070628	 90.070627	 90.070627	 90.070627	 90.070627	 90.070627	 90.070627	 90.070626	 90.070626	 90.070626	 90.070626	 90.070626	 90.070626	 90.070626	 90.070626	 90.070626	 90.070626	 90.070626	 90.070626	 90.070626	 90.070626	 90.070626	 90.070626	 90.070626	 90.070626	 90.070626	 90.070626	 90.070626	 90.070626	 90.070626	 90.070626	 90.070626	 90.070626	 90.070626	 90.070626	 90.070626	 90.070626	 90.070626	 90.070626	 90.070626	 90.070626	 90.070626	 90.070626	 90.070626	 90.070626	 90.070626	 90.070626	 90.070626	 90.070626	 90.070626	 90.070626	 90.070626	 90.070626	
        99	 98.684198	 98.368795	 98.054188	  97.74077	 97.428932	 97.119057	 96.811521	 96.506692	 96.204928	 95.906574	 95.611964	 95.321419	 95.035245	  94.75373	 94.477149	 94.205758	 93.939796	 93.679483	 93.425021	 93.176592	 92.934359	 92.698465	 92.469035	 92.246173	 92.029963	 91.820473	 91.617749	  91.42182	 91.232698	 91.050376	 90.874831	 90.706024	 90.543903	 90.388397	 90.239426	 90.096894	 89.960696	 89.830714	 89.706821	  89.58888	 89.476747	  89.37027	 89.269292	 89.173649	 89.083173	 88.997694	 88.917036	 88.841025	 88.769482	 88.702229	  88.63909	 88.579887	 88.524444	 88.472589	 88.424149	 88.378958	 88.336851	 88.297665	 88.261245	 88.227438	 88.196096	 88.167076	 88.140239	 88.115453	  88.09259	 88.071526	 88.052145	 88.034335	  88.01799	 88.003006	 87.989289	 87.976747	 87.965293	 87.954847	 87.945332	 87.936676	  87.92881	 87.921673	 87.915204	 87.909348	 87.904054	 87.899275	 87.894964	 87.891082	  87.88759	 87.884453	 87.881638	 87.879115	 87.876857	 87.874839	 87.873037	 87.871431	     87.87	 87.868728	 87.867597	 87.866594	 87.865706	  87.86492	 87.864224	 87.863611	  87.86307	 87.862594	 87.862175	 87.861807	 87.861484	 87.861201	 87.860954	 87.860738	 87.860549	 87.860384	 87.860241	 87.860116	 87.860008	 87.859914	 87.859833	 87.859763	 87.859702	 87.859649	 87.859604	 87.859565	 87.859532	 87.859503	 87.859478	 87.859457	 87.859439	 87.859424	 87.859411	 87.859399	  87.85939	 87.859382	 87.859375	 87.859369	 87.859364	  87.85936	 87.859356	 87.859353	 87.859351	 87.859348	 87.859347	 87.859345	 87.859344	 87.859343	 87.859342	 87.859341	 87.859341	  87.85934	  87.85934	 87.859339	 87.859339	 87.859339	 87.859339	 87.859338	 87.859338	 87.859338	 87.859338	 87.859338	 87.859338	 87.859338	 87.859338	 87.859338	 87.859338	 87.859338	 87.859338	 87.859338	 87.859338	 87.859338	 87.859338	 87.859338	 87.859338	 87.859338	 87.859338	 87.859338	 87.859338	 87.859338	 87.859338	 87.859338	 87.859338	 87.859338	 87.859338	 87.859338	 87.859338	 87.859338	 87.859338	 87.859338	 87.859338	 87.859338	 87.859338	 87.859338	 87.859338	 87.859338	 87.859338	 87.859338	 87.859338	 87.859338	 87.859338	 87.859338	 87.859338	 87.859338	 87.859338	
        99	  98.62191	 98.244297	 97.867637	 97.492402	 97.119057	 96.748063	 96.379869	 96.014916	 95.653632	 95.296431	 94.943713	 94.595862	 94.253242	 93.916202	 93.585068	 93.260149	 92.941729	 92.630072	  92.32542	 92.027991	  91.73798	 91.455559	 91.180877	 90.914057	 90.655203	 90.404394	 90.161685	 89.927111	 89.700686	 89.482403	 89.272234	 89.070132	 88.876034	 88.689857	 88.511503	 88.340859	 88.177797	 88.022178	 87.873848	 87.732644	 87.598394	 87.470916	 87.350021	 87.235513	 87.127193	 87.024853	 86.928287	 86.837283	 86.751629	 86.671112	 86.595519	 86.524638	  86.45826	 86.396177	 86.338184	 86.284079	 86.233666	 86.186752	 86.143149	 86.102673	  86.06515	 86.030405	 85.998275	 85.968601	 85.941228	  85.91601	 85.892806	 85.871483	 85.851914	 85.833975	 85.817552	 85.802536	 85.788824	 85.776317	 85.764925	 85.754562	 85.745145	 85.736599	 85.728855	 85.721844	 85.715506	 85.709783	 85.704623	 85.699975	 85.695794	 85.692038	 85.688668	 85.685648	 85.682945	 85.680528	 85.678371	 85.676448	 85.674735	 85.673211	 85.671858	 85.670658	 85.669594	 85.668652	  85.66782	 85.667086	 85.666438	 85.665868	 85.665366	 85.664926	 85.664539	 85.664201	 85.663904	 85.663646	  85.66342	 85.663223	 85.663051	 85.662902	 85.662772	  85.66266	 85.662563	 85.662478	 85.662406	 85.662343	 85.662289	 85.662242	 85.662202	 85.662167	 85.662138	 85.662113	 85.662091	 85.662072	 85.662057	 85.662043	 85.662032	 85.662022	 85.662014	 85.662007	 85.662001	 85.661996	 85.661992	 85.661988	 85.661985	 85.661982	  85.66198	 85.661978	 85.661977	 85.661976	 85.661975	 85.661974	 85.661973	 85.661972	 85.661972	 85.661971	 85.661971	 85.661971	 85.661971	  85.66197	  85.66197	  85.66197	  85.66197	  85.66197	  85.66197	  85.66197	  85.66197	  85.66197	  85.66197	  85.66197	  85.66197	  85.66197	 85.661969	 85.661969	 85.661969	 85.661969	 85.661969	 85.661969	 85.661969	 85.661969	 85.661969	 85.661969	 85.661969	 85.661969	 85.661969	 85.661969	 85.661969	 85.661969	 85.661969	 85.661969	 85.661969	 85.661969	 85.661969	 85.661969	 85.661969	 85.661969	 85.661969	 85.661969	 85.661969	 85.661969	 85.661969	 85.661969	 85.661969	 85.661969	 85.661969	 85.661969	 85.661969	
        99	 98.560092	 98.120739	 97.682495	 97.245908	 96.811521	 96.379869	 95.951475	 95.526852	 95.106498	 94.690894	 94.280507	 93.875781	 93.477143	 93.084996	 92.699722	 92.321678	 91.951196	 91.588583	  91.23412	 90.888061	 90.550634	 90.222037	 89.902443	 89.591999	 89.290822	 88.999004	 88.716612	 88.443686	  88.18024	 87.926268	 87.681736	  87.44659	 87.220757	 87.004139	 86.796624	  86.59808	 86.408357	 86.227294	 86.054712	 85.890422	 85.734222	 85.585901	 85.445239	 85.312009	 85.185978	 85.066906	 84.954551	 84.848668	 84.749009	 84.655328	 84.567375	 84.484906	 84.407675	 84.335441	 84.267966	 84.205015	 84.146359	 84.091775	 84.041042	 83.993949	  83.95029	 83.909865	 83.872482	 83.837955	 83.806107	 83.776766	 83.749768	 83.724959	  83.70219	 83.681318	  83.66221	 83.644739	 83.628785	 83.614234	 83.600979	 83.588921	 83.577964	 83.568022	 83.559011	 83.550854	  83.54348	 83.536821	 83.530817	 83.525409	 83.520545	 83.516175	 83.512253	 83.508739	 83.505594	 83.502783	 83.500273	 83.498035	 83.496042	  83.49427	 83.492695	 83.491298	  83.49006	 83.488965	 83.487997	 83.487142	 83.486389	 83.485725	 83.485142	 83.484629	  83.48418	 83.483786	 83.483441	  83.48314	 83.482877	 83.482648	 83.482448	 83.482275	 83.482124	 83.481993	  83.48188	 83.481782	 83.481697	 83.481624	 83.481561	 83.481507	  83.48146	  83.48142	 83.481386	 83.481356	 83.481331	  83.48131	 83.481291	 83.481275	 83.481262	 83.481251	 83.481241	 83.481233	 83.481226	  83.48122	 83.481215	 83.481211	 83.481208	 83.481205	 83.481202	   83.4812	 83.481198	 83.481197	 83.481196	 83.481195	 83.481194	 83.481193	 83.481192	 83.481192	 83.481192	 83.481191	 83.481191	 83.481191	 83.481191	  83.48119	  83.48119	  83.48119	  83.48119	  83.48119	  83.48119	  83.48119	  83.48119	  83.48119	  83.48119	  83.48119	  83.48119	  83.48119	  83.48119	  83.48119	  83.48119	  83.48119	  83.48119	  83.48119	  83.48119	  83.48119	  83.48119	  83.48119	  83.48119	  83.48119	  83.48119	  83.48119	  83.48119	  83.48119	  83.48119	  83.48119	  83.48119	  83.48119	  83.48119	  83.48119	  83.48119	  83.48119	  83.48119	  83.48119	  83.48119	  83.48119	  83.48119	  83.48119	  83.48119	  83.48119	  83.48119	
        99	 98.498818	 97.998269	 97.498982	 97.001584	 96.506692	 96.014916	 95.526852	 95.043084	 94.564179	 94.090687	 93.623138	 93.162039	 92.707875	 92.261107	 91.822169	 91.391467	 90.969382	 90.556261	 90.152426	 89.758165	 89.373738	 88.999371	 88.635262	 88.281576	 87.938449	 87.605985	 87.284259	 86.973317	 86.673177	 86.383829	 86.105237	 85.837338	 85.580049	 85.333259	  85.09684	  84.87064	 84.654492	 84.448209	 84.251588	 84.064414	 83.886457	 83.717477	 83.557223	 83.405436	  83.26185	 83.126193	 82.998188	 82.877556	 82.764017	 82.657286	 82.557083	 82.463127	 82.375138	 82.292843	 82.215969	  82.14425	 82.077425	 82.015237	 81.957438	 81.903786	 81.854045	  81.80799	   81.7654	 81.726064	 81.689779	 81.656351	 81.625593	 81.597329	 81.571388	 81.547609	 81.525839	 81.505935	 81.487758	  81.47118	 81.456079	 81.442341	 81.429859	 81.418532	 81.408265	 81.398972	 81.390571	 81.382985	 81.376145	 81.369984	 81.364442	 81.359463	 81.354995	 81.350992	 81.347409	 81.344206	 81.341346	 81.338797	 81.336526	 81.334507	 81.332713	 81.331121	 81.329711	 81.328463	  81.32736	 81.326387	 81.325528	 81.324772	 81.324107	 81.323523	 81.323011	 81.322562	  81.32217	 81.321827	 81.321527	 81.321266	 81.321038	 81.320841	 81.320669	  81.32052	 81.320391	 81.320279	 81.320183	   81.3201	 81.320028	 81.319966	 81.319913	 81.319867	 81.319828	 81.319795	 81.319766	 81.319741	  81.31972	 81.319703	 81.319687	 81.319674	 81.319664	 81.319654	 81.319646	  81.31964	 81.319634	 81.319629	 81.319625	 81.319622	 81.319619	 81.319617	 81.319615	 81.319613	 81.319612	  81.31961	  81.31961	 81.319609	 81.319608	 81.319607	 81.319607	 81.319607	 81.319606	 81.319606	 81.319606	 81.319606	 81.319605	 81.319605	 81.319605	 81.319605	 81.319605	 81.319605	 81.319605	 81.319605	 81.319605	 81.319605	 81.319605	 81.319605	 81.319605	 81.319605	 81.319605	 81.319605	 81.319605	 81.319605	 81.319605	 81.319605	 81.319605	 81.319605	 81.319605	 81.319605	 81.319605	 81.319605	 81.319605	 81.319605	 81.319605	 81.319605	 81.319605	 81.319605	 81.319605	 81.319605	 81.319605	 81.319605	 81.319605	 81.319605	 81.319605	 81.319605	 81.319605	 81.319605	 81.319605	 81.319605	 81.319605	
        99	  98.43816	  97.87703	 97.317315	 96.759716	 96.204928	 95.653632	 95.106498	 94.564179	 94.027313	 93.496514	 92.972377	 92.455471	  91.94634	   91.4455	 90.953437	 90.470608	 89.997438	 89.534317	 89.081606	 88.639628	 88.208673	 87.788997	  87.38082	 86.984328	 86.599672	  86.22697	 85.866305	  85.51773	 85.181264	 84.856896	 84.544586	 84.244264	 83.955835	 83.679176	 83.414143	 83.160567	 82.918258	 82.687008	 82.466591	 82.256763	 82.057268	 81.867836	 81.688187	 81.518029	 81.357065	 81.204989	 81.061492	  80.92626	 80.798979	 80.679331	    80.567	 80.461672	 80.363035	 80.270779	 80.184602	 80.104202	 80.029289	 79.959574	  79.89478	 79.834634	 79.778874	 79.727244	 79.679499	 79.635403	 79.594726	 79.557253	 79.522773	 79.491087	 79.462006	 79.435349	 79.410945	 79.388632	 79.368255	 79.349671	 79.332742	 79.317342	 79.303348	  79.29065	 79.279141	 79.268723	 79.259305	 79.250801	 79.243133	 79.236226	 79.230013	 79.224432	 79.219424	 79.214936	 79.210919	 79.207329	 79.204123	 79.201265	  79.19872	 79.196456	 79.194445	 79.192661	  79.19108	 79.189681	 79.188444	 79.187353	  79.18639	 79.185543	 79.184798	 79.184143	 79.183569	 79.183066	 79.182626	 79.182241	 79.181905	 79.181612	 79.181357	 79.181136	 79.180943	 79.180776	 79.180632	 79.180506	 79.180398	 79.180305	 79.180224	 79.180155	 79.180096	 79.180044	     79.18	 79.179963	 79.179931	 79.179903	  79.17988	  79.17986	 79.179843	 79.179828	 79.179816	 79.179806	 79.179797	 79.179789	 79.179783	 79.179778	 79.179773	 79.179769	 79.179766	 79.179764	 79.179761	 79.179759	 79.179758	 79.179757	 79.179755	 79.179755	 79.179754	 79.179753	 79.179753	 79.179752	 79.179752	 79.179752	 79.179751	 79.179751	 79.179751	 79.179751	 79.179751	 79.179751	  79.17975	  79.17975	  79.17975	  79.17975	  79.17975	  79.17975	  79.17975	  79.17975	  79.17975	  79.17975	  79.17975	  79.17975	  79.17975	  79.17975	  79.17975	  79.17975	  79.17975	  79.17975	  79.17975	  79.17975	  79.17975	  79.17975	  79.17975	  79.17975	  79.17975	  79.17975	  79.17975	  79.17975	  79.17975	  79.17975	  79.17975	  79.17975	  79.17975	  79.17975	  79.17975	  79.17975	  79.17975	  79.17975	  79.17975	  79.17975	  79.17975	
        99	 98.378188	 97.757161	   97.1377	 96.520582	 95.906574	 95.296431	 94.690894	 94.090687	 93.496514	 92.909056	 92.328972	  91.75689	 91.193413	 90.639111	 90.094524	 89.560157	 89.036479	 88.523924	 88.022889	 87.533733	 87.056777	 86.592303	 86.140556	 85.701741	 85.276026	 84.863541	 84.464378	 84.078595	 83.706214	 83.347222	 83.001574	 82.669195	 82.349978	 82.043788	 81.750465	 81.469821	 81.201648	 80.945714	 80.701768	 80.469543	 80.248753	 80.039101	 79.840275	 79.651954	 79.473808	 79.305499	 79.146685	 78.997019	 78.856151	 78.723731	  78.59941	 78.482839	 78.373673	  78.27157	 78.176193	 78.087212	 78.004302	 77.927146	 77.855435	 77.788869	 77.727157	 77.670016	 77.617175	 77.568371	 77.523353	 77.481879	 77.443718	 77.408651	 77.376466	 77.346963	 77.319954	 77.295259	 77.272707	 77.252139	 77.233404	 77.216359	 77.200872	 77.186818	 77.174081	 77.162551	 77.152128	 77.142716	 77.134229	 77.126585	 77.119709	 77.113532	 77.107989	 77.103023	 77.098577	 77.094603	 77.091056	 77.087892	 77.085075	  77.08257	 77.080344	 77.078369	  77.07662	 77.075071	 77.073703	 77.072495	  77.07143	 77.070492	 77.069667	 77.068943	 77.068307	  77.06775	 77.067263	 77.066837	 77.066466	 77.066142	  77.06586	 77.065614	 77.065401	 77.065216	 77.065056	 77.064918	 77.064798	 77.064695	 77.064606	 77.064529	 77.064463	 77.064406	 77.064358	 77.064316	 77.064281	  77.06425	 77.064224	 77.064202	 77.064183	 77.064167	 77.064154	 77.064142	 77.064132	 77.064124	 77.064117	 77.064111	 77.064106	 77.064102	 77.064099	 77.064096	 77.064093	 77.064091	 77.064089	 77.064088	 77.064087	 77.064086	 77.064085	 77.064084	 77.064084	 77.064083	 77.064083	 77.064082	 77.064082	 77.064082	 77.064082	 77.064082	 77.064081	 77.064081	 77.064081	 77.064081	 77.064081	 77.064081	 77.064081	 77.064081	 77.064081	 77.064081	 77.064081	 77.064081	 77.064081	 77.064081	 77.064081	 77.064081	 77.064081	 77.064081	 77.064081	 77.064081	 77.064081	 77.064081	 77.064081	 77.064081	 77.064081	 77.064081	 77.064081	 77.064081	 77.064081	 77.064081	 77.064081	 77.064081	 77.064081	 77.064081	 77.064081	 77.064081	 77.064081	 77.064081	 77.064081	 77.064081	 77.064081	 77.064081	 77.064081	
        99	 98.318968	 97.638796	  96.96034	 96.284449	 95.611964	 94.943713	 94.280507	 93.623138	 92.972377	 92.328972	 91.693641	 91.067076	 90.449935	 89.842843	 89.246391	 88.661132	  88.08758	 87.526211	 86.977459	 86.441717	 85.919336	 85.410628	 84.915858	 84.435251	 83.968992	 83.517223	 83.080045	 82.657521	 82.249675	 81.856494	 81.477928	 81.113894	 80.764275	 80.428925	 80.107666	 79.800295	 79.506581	 79.226272	 78.959094	 78.704752	 78.462936	 78.233317	 78.015555	 77.809299	 77.614187	 77.429849	 77.255909	 77.091989	 76.937705	 76.792674	 76.656513	  76.52884	 76.409277	  76.29745	  76.19299	 76.095535	 76.004728	 75.920224	 75.841684	 75.768779	 75.701189	 75.638606	 75.580732	 75.527281	 75.477975	 75.432552	 75.390757	 75.352349	 75.317099	 75.284787	 75.255206	 75.228158	 75.203459	 75.180932	 75.160412	 75.141744	 75.124783	  75.10939	  75.09544	 75.082812	 75.071396	 75.061088	 75.051793	 75.043421	  75.03589	 75.029124	 75.023054	 75.017614	 75.012745	 75.008393	 75.004507	 75.001043	 74.997957	 74.995213	 74.992776	 74.990613	 74.988697	 74.987001	 74.985502	 74.984179	 74.983012	 74.981985	 74.981082	 74.980288	 74.979592	 74.978983	 74.978449	 74.977983	 74.977576	 74.977221	 74.976912	 74.976643	  74.97641	 74.976207	 74.976032	  74.97588	 74.975749	 74.975636	 74.975538	 74.975454	 74.975382	  74.97532	 74.975267	 74.975221	 74.975182	 74.975149	 74.975121	 74.975096	 74.975076	 74.975058	 74.975043	 74.975031	  74.97502	 74.975011	 74.975003	 74.974997	 74.974991	 74.974987	 74.974983	  74.97498	 74.974977	 74.974975	 74.974973	 74.974971	  74.97497	 74.974969	 74.974968	 74.974967	 74.974967	 74.974966	 74.974966	 74.974965	 74.974965	 74.974965	 74.974964	 74.974964	 74.974964	 74.974964	 74.974964	 74.974964	 74.974964	 74.974964	 74.974964	 74.974964	 74.974964	 74.974964	 74.974964	 74.974964	 74.974964	 74.974964	 74.974964	 74.974964	 74.974964	 74.974964	 74.974964	 74.974964	 74.974964	 74.974964	 74.974964	 74.974964	 74.974964	 74.974964	 74.974964	 74.974964	 74.974964	 74.974964	 74.974964	 74.974964	 74.974964	 74.974964	 74.974964	 74.974964	 74.974964	 74.974964	 74.974964	 74.974964	 74.974964	 74.974964	 74.974964	
        99	 98.260565	 97.522064	 96.785426	 96.051574	 95.321419	 94.595862	 93.875781	 93.162039	 92.455471	  91.75689	 91.067076	 90.386778	 89.716714	  89.05756	 88.409959	  87.77451	 87.151773	 86.542263	 85.946451	 85.364766	 84.797589	 84.245255	 83.708055	 83.186234	  82.67999	 82.189479	  81.71481	 81.256053	 80.813231	 80.386332	 79.975302	  79.58005	  79.20045	 78.836341	 78.487532	 78.153802	   77.8349	 77.530553	 77.240463	  76.96431	 76.701756	 76.452445	  76.21601	 75.992066	 75.780221	 75.580075	 75.391219	 75.213242	 75.045727	 74.888259	 74.740421	   74.6018	 74.471984	 74.350567	 74.237149	 74.131336	 74.032742	 73.940991	 73.855716	 73.776558	 73.703172	 73.635223	 73.572386	  73.51435	 73.460817	 73.411498	 73.366119	 73.324418	 73.286144	 73.251061	 73.218943	 73.189576	 73.162759	   73.1383	 73.116021	 73.095752	 73.077336	 73.060623	 73.045477	 73.031766	 73.019371	 73.008179	 72.998086	 72.988996	  72.98082	 72.973474	 72.966883	 72.960977	  72.95569	 72.950965	 72.946746	 72.942984	 72.939634	 72.936655	 72.934008	  72.93166	 72.929579	 72.927738	 72.926111	 72.924674	 72.923408	 72.922292	 72.921312	  72.92045	 72.919694	 72.919032	 72.918453	 72.917947	 72.917505	 72.917119	 72.916784	 72.916492	 72.916239	 72.916019	 72.915829	 72.915664	 72.915522	 72.915399	 72.915293	 72.915202	 72.915123	 72.915056	 72.914998	 72.914949	 72.914906	  72.91487	 72.914839	 72.914813	  72.91479	 72.914771	 72.914755	 72.914742	  72.91473	  72.91472	 72.914712	 72.914705	 72.914699	 72.914694	  72.91469	 72.914686	 72.914683	 72.914681	 72.914679	 72.914677	 72.914676	 72.914674	 72.914673	 72.914673	 72.914672	 72.914671	 72.914671	  72.91467	  72.91467	  72.91467	  72.91467	 72.914669	 72.914669	 72.914669	 72.914669	 72.914669	 72.914669	 72.914669	 72.914669	 72.914669	 72.914669	 72.914669	 72.914669	 72.914669	 72.914669	 72.914669	 72.914669	 72.914669	 72.914669	 72.914669	 72.914669	 72.914669	 72.914669	 72.914669	 72.914669	 72.914669	 72.914669	 72.914669	 72.914669	 72.914669	 72.914669	 72.914669	 72.914669	 72.914669	 72.914669	 72.914669	 72.914669	 72.914669	 72.914669	 72.914669	 72.914669	 72.914669	 72.914669	 72.914669	 72.914669	
        99	 98.203041	 97.407088	 96.613144	 95.822201	 95.035245	 94.253242	 93.477143	 92.707875	  91.94634	 91.193413	 90.449935	 89.716714	 88.994521	 88.284089	 87.586108	 86.901224	 86.230041	 85.573114	 84.930952	 84.304015	 83.692714	 83.097411	  82.51842	 81.956004	 81.410377	 80.881706	 80.370111	 79.875664	 79.398393	 78.938284	 78.495278	 78.069277	 77.660145	 77.267711	 76.891766	 76.532073	 76.188363	  75.86034	 75.547682	 75.250045	 74.967066	 74.698361	 74.443531	 74.202166	 73.973841	 73.758124	 73.554577	 73.362753	 73.182207	 73.012489	  72.85315	 72.703744	 72.563829	 72.432966	 72.310725	  72.19668	 72.090417	 71.991528	 71.899619	 71.814303	 71.735208	 71.661972	 71.594247	 71.531697	 71.473998	 71.420842	 71.371933	 71.326988	 71.285737	 71.247925	 71.213308	 71.181657	 71.152753	 71.126392	 71.102379	 71.080533	 71.060684	 71.042672	 71.026347	  71.01157	  70.99821	 70.986148	  70.97527	 70.965473	  70.95666	 70.948743	 70.941639	 70.935273	 70.929575	 70.924482	 70.919935	 70.915881	 70.912271	 70.909059	 70.906207	 70.903676	 70.901434	 70.899449	 70.897695	 70.896147	 70.894782	  70.89358	 70.892522	 70.891594	 70.890779	 70.890066	 70.889441	 70.888896	 70.888419	 70.888004	 70.887642	 70.887328	 70.887055	 70.886818	 70.886613	 70.886435	 70.886282	  70.88615	 70.886035	 70.885937	 70.885853	  70.88578	 70.885718	 70.885664	 70.885619	  70.88558	 70.885547	 70.885518	 70.885494	 70.885474	 70.885456	 70.885441	 70.885429	 70.885418	 70.885409	 70.885402	 70.885395	  70.88539	 70.885385	 70.885382	 70.885378	 70.885376	 70.885374	 70.885372	  70.88537	 70.885369	 70.885368	 70.885367	 70.885366	 70.885366	 70.885365	 70.885365	 70.885364	 70.885364	 70.885364	 70.885364	 70.885363	 70.885363	 70.885363	 70.885363	 70.885363	 70.885363	 70.885363	 70.885363	 70.885363	 70.885363	 70.885363	 70.885363	 70.885363	 70.885363	 70.885363	 70.885363	 70.885363	 70.885363	 70.885363	 70.885363	 70.885363	 70.885363	 70.885363	 70.885363	 70.885363	 70.885363	 70.885363	 70.885363	 70.885363	 70.885363	 70.885363	 70.885363	 70.885363	 70.885363	 70.885363	 70.885363	 70.885363	 70.885363	 70.885363	 70.885363	 70.885363	 70.885363	 70.885363	
        99	 98.146454	 97.293985	 96.443666	 95.596564	  94.75373	 93.916202	 93.084996	 92.261107	   91.4455	 90.639111	 89.842843	  89.05756	 88.284089	 87.523213	 86.775672	 86.042159	 85.323319	 84.619747	 83.931989	 83.260536	  82.60583	 81.968259	 81.348157	 80.745806	 80.161438	 79.595229	 79.047308	 78.517754	 78.006595	 77.513816	 77.039354	 76.583105	 76.144924	 75.724625	 75.321987	 74.936754	 74.568639	 74.217324	 73.882466	 73.563696	 73.260624	 72.972839	 72.699916	 72.441412	 72.196876	 71.965842	 71.747842	 71.542398	 71.349032	 71.167263	 70.996611	 70.836597	 70.686747	 70.546592	 70.415671	 70.293529	  70.17972	  70.07381	 69.975375	 69.884001	  69.79929	 69.720854	 69.648321	 69.581329	 69.519533	 69.462603	 69.410221	 69.362085	 69.317905	 69.277408	 69.240333	 69.206435	 69.175479	 69.147245	 69.121528	 69.098131	 69.076872	 69.057581	 69.040097	  69.02427	 69.009962	 68.997043	 68.985393	 68.974901	 68.965462	 68.956983	 68.949375	 68.942557	 68.936454	    68.931	  68.92613	 68.921788	 68.917921	 68.914481	 68.911426	 68.908716	 68.906314	 68.904189	  68.90231	 68.900652	  68.89919	 68.897903	  68.89677	 68.895776	 68.894904	 68.894139	 68.893471	 68.892886	 68.892376	 68.891931	 68.891544	 68.891207	 68.890915	 68.890661	 68.890441	 68.890251	 68.890087	 68.889945	 68.889823	 68.889717	 68.889627	 68.889549	 68.889483	 68.889425	 68.889377	 68.889335	 68.889299	 68.889269	 68.889243	 68.889221	 68.889202	 68.889186	 68.889173	 68.889162	 68.889152	 68.889144	 68.889137	 68.889131	 68.889127	 68.889123	 68.889119	 68.889116	 68.889114	 68.889112	  68.88911	 68.889109	 68.889108	 68.889107	 68.889106	 68.889105	 68.889105	 68.889104	 68.889104	 68.889104	 68.889103	 68.889103	 68.889103	 68.889103	 68.889103	 68.889103	 68.889103	 68.889103	 68.889102	 68.889102	 68.889102	 68.889102	 68.889102	 68.889102	 68.889102	 68.889102	 68.889102	 68.889102	 68.889102	 68.889102	 68.889102	 68.889102	 68.889102	 68.889102	 68.889102	 68.889102	 68.889102	 68.889102	 68.889102	 68.889102	 68.889102	 68.889102	 68.889102	 68.889102	 68.889102	 68.889102	 68.889102	 68.889102	 68.889102	 68.889102	 68.889102	 68.889102	 68.889102	 68.889102	 68.889102	
        99	 98.090858	 97.182863	  96.27716	 95.374881	 94.477149	 93.585068	 92.699722	 91.822169	 90.953437	 90.094524	 89.246391	 88.409959	 87.586108	 86.775672	  85.97944	  85.19815	 84.432488	 83.683089	 82.950533	 82.235346	 81.537995	 80.858896	 80.198403	 79.556819	 78.934387	 78.331298	 77.747689	 77.183641	 76.639188	 76.114312	 75.608946	  75.12298	 74.656257	 74.208582	 73.779718	 73.369393	 72.977301	 72.603103	 72.246434	 71.906901	 71.584088	 71.277559	 70.986859	 70.711518	 70.451053	 70.204971	 69.972771	 69.753946	 69.547985	 69.354377	 69.172608	 69.002172	 68.842562	 68.693278	  68.55383	 68.423731	  68.30251	 68.189701	 68.084854	 67.987529	 67.897301	 67.813756	 67.736497	 67.665142	 67.599322	 67.538684	  67.48289	 67.431618	  67.38456	 67.341426	 67.301936	 67.265829	 67.232857	 67.202785	 67.175392	 67.150471	 67.127828	  67.10728	 67.088657	   67.0718	  67.05656	 67.042799	  67.03039	 67.019214	 67.009161	 67.000129	 66.992026	 66.984763	 66.978264	 66.972454	 66.967267	 66.962642	 66.958523	  66.95486	 66.951606	 66.948719	  66.94616	 66.943897	 66.941896	 66.940129	 66.938572	 66.937201	 66.935995	 66.934936	 66.934007	 66.933193	  66.93248	 66.931858	 66.931314	 66.930841	 66.930428	 66.930069	 66.929758	 66.929488	 66.929254	 66.929051	 66.928876	 66.928725	 66.928595	 66.928483	 66.928386	 66.928304	 66.928232	 66.928172	  66.92812	 66.928075	 66.928037	 66.928005	 66.927977	 66.927954	 66.927934	 66.927917	 66.927903	 66.927891	 66.927881	 66.927872	 66.927865	 66.927859	 66.927853	 66.927849	 66.927845	 66.927842	  66.92784	 66.927838	 66.927836	 66.927835	 66.927833	 66.927832	 66.927831	 66.927831	  66.92783	  66.92783	 66.927829	 66.927829	 66.927829	 66.927828	 66.927828	 66.927828	 66.927828	 66.927828	 66.927828	 66.927828	 66.927828	 66.927828	 66.927828	 66.927828	 66.927828	 66.927828	 66.927827	 66.927827	 66.927827	 66.927827	 66.927827	 66.927827	 66.927827	 66.927827	 66.927827	 66.927827	 66.927827	 66.927827	 66.927827	 66.927827	 66.927827	 66.927827	 66.927827	 66.927827	 66.927827	 66.927827	 66.927827	 66.927827	 66.927827	 66.927827	 66.927827	 66.927827	 66.927827	 66.927827	 66.927827	 66.927827	 66.927827	
        99	 98.036305	 97.073827	 96.113777	 95.157358	 94.205758	 93.260149	 92.321678	 91.391467	 90.470608	 89.560157	 88.661132	  87.77451	 86.901224	 86.042159	  85.19815	 84.369978	 83.558373	 82.764007	 81.987495	 81.229393	 80.490199	  79.77035	 79.070225	 78.390143	 77.730363	 77.091086	 76.472457	 75.874565	 75.297442	  74.74107	 74.205381	 73.690254	 73.195526	 72.720988	 72.266391	 71.831445	 71.415825	 71.019174	 70.641104	 70.281197	 69.939014	 69.614091	 69.305948	 69.014085	 68.737991	 68.477143	 68.231011	 67.999055	 67.780736	 67.575509	 67.382835	 67.202171	 67.032983	 66.874743	 66.726926	 66.589022	 66.460526	 66.340949	  66.22981	 66.126646	 66.031003	 65.942445	 65.860551	 65.784914	 65.715144	 65.650867	 65.591725	 65.537377	 65.487496	 65.441773	 65.399914	  65.36164	 65.326689	 65.294813	 65.265776	  65.23936	 65.215358	 65.193578	 65.173837	 65.155968	 65.139814	 65.125228	 65.112074	 65.100227	 65.089571	 65.079997	 65.071407	 65.063709	  65.05682	 65.050661	 65.045163	  65.04026	 65.035894	 65.032011	 65.028562	 65.025502	  65.02279	  65.02039	 65.018269	 65.016397	 65.014746	 65.013293	 65.012015	 65.010892	 65.009907	 65.009044	 65.008289	 65.007629	 65.007053	 65.006551	 65.006114	 65.005733	 65.005403	 65.005117	 65.004869	 65.004654	 65.004468	 65.004308	  65.00417	 65.004051	 65.003949	 65.003861	 65.003786	 65.003722	 65.003667	 65.003619	 65.003579	 65.003545	 65.003516	 65.003491	  65.00347	 65.003452	 65.003437	 65.003424	 65.003413	 65.003404	 65.003396	  65.00339	 65.003384	  65.00338	 65.003376	 65.003373	  65.00337	 65.003368	 65.003366	 65.003364	 65.003363	 65.003362	 65.003361	  65.00336	  65.00336	 65.003359	 65.003359	 65.003358	 65.003358	 65.003358	 65.003358	 65.003358	 65.003357	 65.003357	 65.003357	 65.003357	 65.003357	 65.003357	 65.003357	 65.003357	 65.003357	 65.003357	 65.003357	 65.003357	 65.003357	 65.003357	 65.003357	 65.003357	 65.003357	 65.003357	 65.003357	 65.003357	 65.003357	 65.003357	 65.003357	 65.003357	 65.003357	 65.003357	 65.003357	 65.003357	 65.003357	 65.003357	 65.003357	 65.003357	 65.003357	 65.003357	 65.003357	 65.003357	 65.003357	 65.003357	 65.003357	 65.003357	 65.003357	
        99	 97.982844	 96.966972	 95.953663	 94.944186	 93.939796	 92.941729	 91.951196	 90.969382	 89.997438	 89.036479	  88.08758	 87.151773	 86.230041	 85.323319	 84.432488	 83.558373	 82.701744	 81.863311	 81.043721	 80.243563	 79.463362	 78.703579	 77.964615	 77.246805	 76.550423	 75.875682	 75.222735	 74.591674	 73.982535	 73.395299	 72.829892	 72.286188	 71.764015	 71.263152	 70.783336	 70.324261	 69.885585	 69.466929	 69.067885	 68.688013	 68.326847	 67.983899	 67.658661	 67.350607	 67.059197	 66.783879	 66.524092	 66.279268	 66.048837	 65.832226	 65.628863	 65.438177	 65.259604	 65.092584	 64.936568	 64.791013	 64.655389	 64.529178	 64.411874	 64.302986	 64.202038	 64.108567	  64.02213	 63.942297	 63.868656	 63.800814	 63.738391	 63.681028	  63.62838	  63.58012	 63.535939	 63.495542	 63.458652	 63.425007	  63.39436	 63.366479	 63.341145	 63.318156	  63.29732	  63.27846	  63.26141	 63.246014	 63.232131	 63.219627	  63.20838	 63.198275	 63.189208	 63.181083	 63.173811	 63.167311	 63.161508	 63.156333	 63.151725	 63.147627	 63.143986	 63.140756	 63.137894	 63.135361	 63.133123	 63.131146	 63.129404	  63.12787	 63.126521	 63.125336	 63.124296	 63.123385	 63.122588	 63.121892	 63.121284	 63.120754	 63.120293	 63.119891	 63.119543	  63.11924	 63.118979	 63.118752	 63.118556	 63.118387	 63.118241	 63.118116	 63.118008	 63.117915	 63.117836	 63.117768	  63.11771	  63.11766	 63.117618	 63.117581	  63.11755	 63.117524	 63.117502	 63.117483	 63.117467	 63.117454	 63.117442	 63.117433	 63.117424	 63.117418	 63.117412	 63.117407	 63.117403	   63.1174	 63.117397	 63.117394	 63.117392	 63.117391	 63.117389	 63.117388	 63.117387	 63.117386	 63.117386	 63.117385	 63.117385	 63.117384	 63.117384	 63.117384	 63.117384	 63.117384	 63.117383	 63.117383	 63.117383	 63.117383	 63.117383	 63.117383	 63.117383	 63.117383	 63.117383	 63.117383	 63.117383	 63.117383	 63.117383	 63.117383	 63.117383	 63.117383	 63.117383	 63.117383	 63.117383	 63.117383	 63.117383	 63.117383	 63.117383	 63.117383	 63.117383	 63.117383	 63.117383	 63.117383	 63.117383	 63.117383	 63.117383	 63.117383	 63.117383	 63.117383	 63.117383	 63.117383	 63.117383	 63.117383	 63.117383	 63.117383	 63.117383	
