Time step 88:
        99	        99	        99	        99	        99	        99	        99	        99	        99	        99	        99	        99	        99	        99	        99	        99	        99	        99	        99	        99	        99	        99	        99	        99	        99	        99	        99	        99	        99	        99	        99	        99	        99	        99	        99	        99	        99	        99	        99	        99	        99	        99	        99	        99	        99	        99	        99	        99	        99	        99	        99	        99	        99	        99	        99	        99	        99	        99	        99	        99	        99	        99	        99	        99	        99	        99	        99	        99	        99	        99	        99	        99	        99	        99	        99	        99	        99	        99	        99	        99	        99	        99	        99	        99	        99	        99	        99	        99	        99	        99	        99	        99	        99	        99	        99	        99	        99	        99	        99	        99	        99	        99	        99	        99	        99	        99	        99	        99	        99	        99	        99	        99	        99	        99	        99	        99	        99	        99	        99	        99	        99	        99	        99	        99	        99	        99	        99	        99	        99	        99	        99	        99	        99	        99	        99	        99	        99	        99	        99	        99	        99	        99	        99	        99	        99	        99	        99	        99	        99	        99	        99	        99	        99	        99	        99	        99	        99	        99	        99	        99	        99	        99	        99	        99	        99	        99	        99	        99	        99	        99	        99	        99	        99	        99	        99	        99	        99	        99	        99	        99	        99	        99	        99	        99	        99	        99	        99	        99	        99	        99	        99	        99	        99	        99	        99	        99	        99	        99	        99	        99	
        99	 98.992785	  98.98557	 98.978358	 98.971149	 98.963944	 98.956744	 98.949551	 98.942365	 98.935186	 98.928018	 98.920859	 98.913712	 98.906577	 98.899455	 98.892348	 98.885256	  98.87818	 98.871122	 98.864081	  98.85706	 98.850059	 98.843079	 98.836121	 98.829186	 98.822275	 98.815389	 98.808528	 98.801694	 98.794887	 98.788109	 98.781359	  98.77464	 98.767952	 98.761295	  98.75467	 98.748079	 98.741522	 98.734999	 98.728512	 98.722061	 98.715647	 98.709271	 98.702933	 98.696635	 98.690376	 98.684157	 98.677979	 98.671843	 98.665749	 98.659697	 98.653689	 98.647725	 98.641806	 98.635931	 98.630102	 98.624318	 98.618581	 98.612891	 98.607248	 98.601652	 98.596105	 98.590606	 98.585156	 98.579756	 98.574404	 98.569103	 98.563851	  98.55865	   98.5535	 98.548401	 98.543352	 98.538355	  98.53341	 98.528516	 98.523674	 98.518885	 98.514147	 98.509462	 98.504829	 98.500249	 98.495721	 98.491245	 98.486823	 98.482453	 98.478136	 98.473871	 98.469659	   98.4655	 98.461393	 98.457339	 98.453337	 98.449388	 98.445491	 98.441646	 98.437853	 98.434112	 98.430423	 98.426785	 98.423199	 98.419664	  98.41618	 98.412747	 98.409364	 98.406032	  98.40275	 98.399518	 98.396335	 98.393202	 98.390118	 98.387083	 98.384096	 98.381158	 98.378268	 98.375425	 98.372629	 98.369881	 98.367179	 98.364524	 98.361914	 98.359351	 98.356832	 98.354359	  98.35193	 98.349545	 98.347204	 98.344907	 98.342653	 98.340441	 98.338272	 98.336145	 98.334059	 98.332015	 98.330011	 98.328048	 98.326125	 98.324241	 98.322397	 98.320592	 98.318825	 98.317096	 98.315405	 98.313751	 98.312134	 98.310554	  98.30901	 98.307502	 98.306029	 98.304591	 98.303188	 98.301819	 98.300484	 98.299182	 98.297914	 98.296679	 98.295476	 98.294305	 98.293166	 98.292059	 98.290983	 98.289937	 98.288922	 98.287938	 98.286983	 98.286058	 98.285162	 98.284295	 98.283456	 98.282647	 98.281865	 98.281111	 98.280385	 98.279687	 98.279015	  98.27837	 98.277752	 98.277161	 98.276596	 98.276057	 98.275543	 98.275056	 98.274594	 98.274157	 98.273745	 98.273359	 98.272997	  98.27266	 98.272348	  98.27206	 98.271796	 98.271557	 98.271342	 98.271151	 98.270984	 98.270841	 98.270722	 98.270627	 98.270556	 98.270508	 98.270484	
        99	  98.98557	 98.971143	  98.95672	 98.942303	 98.927894	 98.913495	 98.899109	 98.884737	 98.870382	 98.856046	  98.84173	 98.827436	 98.813167	 98.798925	 98.784711	 98.770528	 98.756378	 98.742262	 98.728182	 98.714141	  98.70014	 98.686181	 98.672266	 98.658397	 98.644576	 98.630804	 98.617084	 98.603416	 98.589804	 98.576248	  98.56275	 98.549313	 98.535936	 98.522624	 98.509376	 98.496194	  98.48308	 98.470036	 98.457063	 98.444163	 98.431336	 98.418584	  98.40591	 98.393313	 98.380796	 98.368359	 98.356004	 98.343733	 98.331545	 98.319444	 98.307429	 98.295501	 98.283663	 98.271914	 98.260256	  98.24869	 98.237217	 98.225837	 98.214552	 98.203362	 98.192268	 98.181272	 98.170372	 98.159572	  98.14887	 98.138267	 98.127765	 98.117364	 98.107064	 98.096866	  98.08677	 98.076777	 98.066887	   98.0571	 98.047417	 98.037838	 98.028364	 98.018994	 98.009729	 98.000569	 97.991514	 97.982564	 97.973719	  97.96498	 97.956346	 97.947818	 97.939395	 97.931077	 97.922864	 97.914756	 97.906753	 97.898855	 97.891062	 97.883372	 97.875787	 97.868306	 97.860928	 97.853653	 97.846481	 97.839411	 97.832444	 97.825578	 97.818813	 97.812149	 97.805585	 97.799122	 97.792757	 97.786491	 97.780324	 97.774254	 97.768281	 97.762405	 97.756624	 97.750939	 97.745349	 97.739852	 97.734449	 97.729139	 97.723921	 97.718793	 97.713757	  97.70881	 97.703953	 97.699184	 97.694502	 97.689908	   97.6854	 97.680977	 97.676639	 97.672385	 97.668214	 97.664125	 97.660118	 97.656192	 97.652346	  97.64858	 97.644892	 97.641281	 97.637748	  97.63429	 97.630908	 97.627601	 97.624368	 97.621207	 97.618119	 97.615103	 97.612157	 97.609282	 97.606475	 97.603738	 97.601068	 97.598465	 97.595929	 97.593458	 97.591053	 97.588712	 97.586434	  97.58422	 97.582067	 97.579977	 97.577947	 97.575978	 97.574068	 97.572218	 97.570426	 97.568692	 97.567016	 97.565396	 97.563833	 97.562326	 97.560874	 97.559476	 97.558133	 97.556844	 97.555608	 97.554426	 97.553295	 97.552217	 97.551191	 97.550216	 97.549291	 97.548418	 97.547595	 97.546822	 97.546098	 97.545424	   97.5448	 97.544224	 97.543697	 97.543219	 97.542789	 97.542407	 97.542073	 97.541787	 97.541549	 97.541359	 97.541216	 97.541121	 97.541073	
        99	 98.978358	  98.95672	 98.935087	 98.913464	 98.891853	 98.870258	 98.848682	 98.827127	 98.805597	 98.784094	 98.762623	 98.741185	 98.719784	 98.698424	 98.677106	 98.655834	  98.63461	 98.613439	 98.592322	 98.571262	 98.550263	 98.529328	 98.508458	 98.487657	 98.466927	 98.446272	 98.425694	 98.405196	 98.384779	 98.364448	 98.344204	  98.32405	 98.303988	 98.284021	 98.264151	 98.244381	 98.224713	 98.205149	 98.185692	 98.166343	 98.147106	 98.127981	 98.108971	 98.090078	 98.071305	 98.052652	 98.034122	 98.015717	 97.997438	 97.979288	 97.961267	 97.943378	 97.925623	 97.908002	 97.890517	  97.87317	 97.855962	 97.838895	 97.821969	 97.805186	 97.788548	 97.772054	 97.755707	 97.739508	 97.723457	 97.707556	 97.691805	 97.676205	 97.660756	 97.645461	 97.630319	 97.615331	 97.600498	 97.585819	 97.571297	  97.55693	  97.54272	 97.528667	 97.514771	 97.501033	 97.487452	 97.474029	 97.460763	 97.447656	 97.434707	 97.421916	 97.409282	 97.396807	 97.384489	 97.372329	 97.360326	 97.348481	 97.336792	 97.325259	 97.313882	 97.302662	 97.291596	 97.280685	 97.269928	 97.259325	 97.248875	 97.238577	 97.228431	 97.218437	 97.208592	 97.198898	 97.189352	 97.179955	 97.170704	 97.161601	 97.152643	 97.143829	  97.13516	 97.126633	 97.118249	 97.110005	 97.101901	 97.093936	  97.08611	  97.07842	 97.070866	 97.063447	 97.056162	 97.049009	 97.041988	 97.035097	 97.028335	 97.021702	 97.015196	 97.008815	  97.00256	 96.996428	 96.990418	  96.98453	 96.978761	 96.973112	  96.96758	 96.962165	 96.956866	  96.95168	 96.946608	 96.941648	 96.936798	 96.932058	 96.927427	 96.922903	 96.918485	 96.914172	 96.909963	 96.905857	 96.901853	 96.897949	 96.894145	  96.89044	 96.886832	 96.883321	 96.879905	 96.876583	 96.873355	  96.87022	 96.867175	 96.864222	 96.861358	 96.858583	 96.855895	 96.853295	 96.850781	 96.848352	 96.846007	 96.843747	 96.841569	 96.839473	 96.837459	 96.835525	 96.833672	 96.831898	 96.830203	 96.828585	 96.827046	 96.825583	 96.824197	 96.822887	 96.821653	 96.820493	 96.819408	 96.818398	 96.817461	 96.816597	 96.815807	 96.815089	 96.814444	 96.813871	 96.813371	 96.812942	 96.812585	   96.8123	 96.812086	 96.811943	 96.811872	
        99	 98.971149	 98.942303	 98.913464	 98.884638	 98.855829	  98.82704	 98.798276	 98.769541	 98.740839	 98.712174	  98.68355	 98.654971	 98.626442	 98.597965	 98.569546	 98.541188	 98.512895	 98.484671	  98.45652	 98.428446	 98.400452	 98.372542	  98.34472	  98.31699	 98.289356	  98.26182	 98.234387	  98.20706	 98.179843	 98.152739	 98.125751	 98.098884	 98.072139	 98.045521	 98.019033	 97.992677	 97.966457	 97.940377	 97.914438	 97.888644	 97.862998	 97.837502	  97.81216	 97.786974	 97.761947	 97.737081	 97.712378	 97.687842	 97.663475	 97.639278	 97.615255	 97.591407	 97.567737	 97.544246	 97.520937	 97.497812	 97.474872	 97.452119	 97.429555	 97.407182	    97.385	 97.363013	 97.341221	 97.319626	 97.298228	  97.27703	 97.256031	 97.235235	 97.214641	  97.19425	 97.174064	 97.154084	 97.134309	 97.114742	 97.095381	 97.076229	 97.057286	 97.038551	 97.020026	 97.001711	 96.983607	 96.965712	 96.948028	 96.930555	 96.913292	  96.89624	 96.879398	 96.862767	 96.846346	 96.830136	 96.814134	 96.798343	  96.78276	 96.767386	  96.75222	 96.737261	 96.722509	 96.707964	 96.693624	 96.679489	 96.665557	  96.65183	 96.638304	  96.62498	 96.611857	 96.598933	 96.586207	 96.573679	 96.561348	 96.549211	 96.537269	  96.52552	 96.513963	 96.502596	 96.491418	 96.480428	 96.469625	 96.459007	 96.448574	 96.438322	 96.428252	 96.418362	 96.408649	 96.399114	 96.389754	 96.380568	 96.371554	 96.362711	 96.354038	 96.345532	 96.337192	 96.329018	 96.321006	 96.313156	 96.305466	 96.297935	 96.290561	 96.283342	 96.276277	 96.269365	 96.262603	  96.25599	 96.249525	 96.243206	 96.237032	 96.231001	 96.225111	 96.219362	 96.213751	 96.208277	 96.202939	 96.197735	 96.192664	 96.187724	 96.182915	 96.178234	  96.17368	 96.169252	 96.164948	 96.160768	  96.15671	 96.152773	 96.148955	 96.145255	 96.141673	 96.138206	 96.134854	 96.131616	 96.128491	 96.125477	 96.122574	  96.11978	 96.117095	 96.114517	 96.112046	 96.109681	 96.107421	 96.105265	 96.103213	 96.101263	 96.099416	 96.097669	 96.096023	 96.094478	 96.093031	 96.091684	 96.090435	 96.089284	  96.08823	 96.087273	 96.086414	  96.08565	 96.084983	 96.084411	 96.083935	 96.083554	 96.083269	 96.083079	 96.082984	
        99	 98.963944	 98.927894	 98.891853	 98.855829	 98.819825	 98.783847	 98.747899	 98.711988	 98.676118	 98.640295	 98.604523	 98.568807	 98.533153	 98.497565	 98.462049	 98.426609	  98.39125	 98.355978	 98.320796	 98.285711	 98.250726	 98.215846	 98.181076	 98.146421	 98.111886	 98.077474	  98.04319	 98.009039	 97.975025	 97.941152	 97.907425	 97.873847	 97.840424	 97.807158	 97.774055	 97.741117	  97.70835	 97.675756	  97.64334	 97.611104	 97.579053	 97.547191	  97.51552	 97.484044	 97.452766	  97.42169	 97.390819	 97.360156	 97.329703	 97.299464	 97.269441	 97.239638	 97.210056	 97.180699	 97.151569	 97.122669	    97.094	 97.065565	 97.037366	 97.009405	 96.981685	 96.954207	 96.926973	 96.899984	 96.873243	  96.84675	 96.820509	 96.794518	 96.768781	 96.743299	 96.718072	 96.693101	 96.668388	 96.643934	 96.619739	 96.595804	  96.57213	 96.548717	 96.525566	 96.502677	 96.480051	 96.457687	 96.435587	  96.41375	 96.392176	 96.370866	 96.349818	 96.329034	 96.308512	 96.288253	 96.268256	 96.248521	 96.229047	 96.209833	 96.190879	 96.172185	 96.153749	 96.135571	  96.11765	 96.099985	 96.082575	 96.065419	 96.048515	 96.031864	 96.015463	 95.999312	 95.983408	 95.967752	 95.952341	 95.937174	 95.922249	 95.907566	 95.893122	 95.878917	 95.864948	 95.851213	 95.837712	 95.824443	 95.811403	 95.798592	 95.786007	 95.773646	 95.761509	 95.749592	 95.737895	 95.726414	  95.71515	 95.704098	 95.693259	 95.682629	 95.672207	 95.661991	 95.651978	 95.642168	 95.632558	 95.623146	  95.61393	 95.604909	 95.596079	  95.58744	  95.57899	 95.570726	 95.562646	 95.554749	 95.547033	 95.539496	 95.532135	  95.52495	 95.517938	 95.511097	 95.504426	 95.497923	 95.491585	 95.485412	 95.479401	 95.473551	  95.46786	 95.462326	 95.456948	 95.451724	 95.446653	 95.441732	  95.43696	 95.432337	  95.42786	 95.423527	 95.419339	 95.415292	 95.411386	 95.407619	 95.403991	   95.4005	 95.397144	 95.393922	 95.390835	 95.387879	 95.385055	  95.38236	 95.379796	 95.377359	  95.37505	 95.372867	 95.370811	 95.368879	 95.367071	 95.365387	 95.363826	 95.362388	 95.361071	 95.359875	 95.358801	 95.357847	 95.357012	 95.356298	 95.355703	 95.355228	 95.354871	 95.354633	 95.354515	
        99	 98.956744	 98.913495	 98.870258	  98.82704	 98.783847	 98.740684	 98.697559	 98.654477	 98.611444	 98.568467	 98.525552	 98.482704	 98.439931	 98.397236	 98.354628	 98.312111	 98.269692	 98.227376	  98.18517	 98.143078	 98.101107	 98.059263	  98.01755	 97.975975	 97.934543	  97.89326	  97.85213	 97.811159	 97.770353	 97.729716	 97.689254	 97.648972	 97.608874	 97.568966	 97.529253	 97.489738	 97.450428	 97.411325	 97.372436	 97.333763	 97.295312	 97.257087	 97.219092	 97.181331	 97.143808	 97.106527	 97.069491	 97.032704	 96.996171	 96.959893	 96.923876	 96.888121	 96.852632	 96.817413	 96.782466	 96.747795	 96.713401	 96.679288	 96.645459	 96.611915	 96.578659	 96.545694	 96.513021	 96.480644	 96.448563	  96.41678	 96.385298	 96.354118	 96.323242	 96.292671	 96.262406	  96.23245	 96.202802	 96.173465	 96.144438	 96.115724	 96.087322	 96.059234	  96.03146	    96.004	 95.976856	 95.950027	 95.923514	 95.897316	 95.871434	 95.845869	 95.820618	 95.795684	 95.771064	  95.74676	 95.722769	 95.699093	  95.67573	  95.65268	 95.629942	 95.607514	 95.585397	 95.563589	  95.54209	 95.520897	 95.500011	 95.479429	  95.45915	 95.439174	 95.419498	 95.400121	 95.381042	 95.362259	 95.343771	 95.325575	  95.30767	 95.290055	 95.272727	 95.255685	 95.238926	  95.22245	 95.206253	 95.190334	  95.17469	 95.159321	 95.144223	 95.129394	 95.114833	 95.100536	 95.086503	  95.07273	 95.059216	 95.045958	 95.032954	 95.020202	 95.007698	 94.995442	 94.983431	 94.971661	 94.960132	 94.948841	 94.937785	 94.926962	 94.916369	 94.906005	 94.895867	 94.885953	  94.87626	 94.866786	 94.857529	 94.848487	 94.839657	 94.831037	 94.822625	 94.814418	 94.806415	 94.798613	  94.79101	 94.783604	 94.776393	 94.769374	 94.762547	 94.755908	 94.749456	 94.743189	 94.737104	 94.731201	 94.725477	  94.71993	 94.714559	 94.709362	 94.704336	 94.699482	 94.694796	 94.690277	 94.685924	 94.681735	  94.67771	 94.673845	 94.670141	 94.666595	 94.663206	 94.659974	 94.656897	 94.653974	 94.651204	 94.648585	 94.646118	   94.6438	 94.641632	 94.639612	 94.637739	 94.636013	 94.634433	 94.632999	  94.63171	 94.630565	 94.629565	 94.628708	 94.627994	 94.627423	 94.626996	 94.626711	 94.626568	
        99	 98.949551	 98.899109	 98.848682	 98.798276	 98.747899	 98.697559	 98.647262	 98.597015	 98.546826	 98.496702	 98.446649	 98.396676	 98.346789	 98.296994	   98.2473	 98.197713	 98.148239	 98.098886	  98.04966	 98.000569	 97.951618	 97.902814	 97.854165	 97.805676	 97.757353	 97.709204	 97.661234	  97.61345	 97.565858	 97.518463	 97.471272	  97.42429	 97.377525	  97.33098	 97.284661	 97.238576	 97.192727	 97.147122	 97.101765	 97.056661	 97.011816	 96.967234	  96.92292	 96.878879	 96.835116	 96.791634	 96.748439	 96.705535	 96.662926	 96.620615	 96.578607	 96.536907	 96.495516	  96.45444	 96.413681	 96.373244	  96.33313	 96.293344	 96.253889	 96.214766	  96.17598	 96.137533	 96.099426	 96.061664	 96.024248	  95.98718	 95.950462	 95.914097	 95.878086	 95.842431	 95.807133	 95.772195	 95.737616	   95.7034	 95.669546	 95.636057	 95.602932	 95.570172	 95.537779	 95.505753	 95.474095	 95.442804	 95.411881	 95.381327	 95.351141	 95.321323	 95.291874	 95.262793	 95.234079	 95.205732	 95.177752	 95.150139	 95.122891	 95.096007	 95.069487	  95.04333	 95.017535	   94.9921	 94.967025	 94.942308	 94.917948	 94.893943	 94.870292	 94.846993	 94.824045	 94.801446	 94.779194	 94.757288	 94.735725	 94.714503	 94.693621	 94.673076	 94.652866	  94.63299	 94.613444	 94.594227	 94.575337	  94.55677	 94.538525	   94.5206	 94.502991	 94.485696	 94.468713	 94.452039	 94.435672	 94.419609	 94.403848	 94.388385	 94.373218	 94.358345	 94.343762	 94.329468	 94.315459	 94.301732	 94.288286	 94.275116	 94.262222	 94.249599	 94.237245	 94.225157	 94.213333	  94.20177	 94.190465	 94.179416	 94.168619	 94.158073	 94.147775	 94.137721	  94.12791	 94.118338	 94.109004	 94.099904	 94.091037	 94.082399	 94.073989	 94.065804	 94.057841	 94.050098	 94.042573	 94.035263	 94.028167	 94.021282	 94.014606	 94.008137	 94.001872	 93.995811	  93.98995	 93.984288	 93.978822	 93.973552	 93.968475	  93.96359	 93.958895	 93.954388	 93.950067	 93.945931	  93.94198	  93.93821	 93.934621	 93.931212	 93.927981	 93.924927	 93.922049	 93.919346	 93.916817	 93.914461	 93.912277	 93.910264	 93.908422	 93.906749	 93.905245	  93.90391	 93.902743	 93.901744	 93.900911	 93.900246	 93.899747	 93.899415	 93.899248	
        99	 98.942365	 98.884737	 98.827127	 98.769541	 98.711988	 98.654477	 98.597015	 98.539611	 98.482272	 98.425008	 98.367826	 98.310734	  98.25374	 98.196853	  98.14008	 98.083429	 98.026908	 97.970524	 97.914287	 97.858202	 97.802278	 97.746523	 97.690943	 97.635547	 97.580341	 97.525333	  97.47053	 97.415939	 97.361568	 97.307422	 97.253508	 97.199835	 97.146407	 97.093232	 97.040316	 96.987665	 96.935286	 96.883184	 96.831366	 96.779837	 96.728604	 96.677671	 96.627045	 96.576731	 96.526733	 96.477058	  96.42771	 96.378694	 96.330015	 96.281678	 96.233686	 96.186045	 96.138759	 96.091831	 96.045267	 95.999069	 95.953241	 95.907788	 95.862712	 95.818017	 95.773706	 95.729781	 95.686247	 95.643106	 95.600359	 95.558011	 95.516063	 95.474518	 95.433377	 95.392643	 95.352317	 95.312402	 95.272898	 95.233808	 95.195132	 95.156871	 95.119028	 95.081602	 95.044595	 95.008007	 94.971838	  94.93609	 94.900763	 94.865856	  94.83137	 94.797305	 94.763661	 94.730437	 94.697633	 94.665248	 94.633283	 94.601736	 94.570606	 94.539893	 94.509595	 94.479712	 94.450243	 94.421185	 94.392538	   94.3643	  94.33647	 94.309045	 94.282025	 94.255408	 94.229191	 94.203373	 94.177951	 94.152924	 94.128289	 94.104045	 94.080188	 94.056716	 94.033628	  94.01092	  93.98859	 93.966636	 93.945055	 93.923843	    93.903	  93.88252	 93.862403	 93.842645	 93.823243	 93.804194	 93.785495	 93.767144	 93.749137	 93.731472	 93.714144	 93.697152	 93.680493	 93.664162	 93.648157	 93.632476	 93.617114	 93.602069	 93.587337	 93.572916	 93.558802	 93.544993	 93.531484	 93.518274	 93.505359	 93.492736	 93.480401	 93.468353	 93.456587	 93.445102	 93.433893	 93.422958	 93.412294	 93.401898	 93.391768	   93.3819	 93.372291	  93.36294	 93.353842	 93.344997	   93.3364	 93.328049	 93.319942	 93.312076	 93.304449	 93.297059	 93.289902	 93.282977	 93.276281	 93.269812	 93.263568	 93.257547	 93.251747	 93.246166	 93.240802	 93.235653	 93.230717	 93.225992	 93.221477	 93.217171	 93.213071	 93.209176	 93.205485	 93.201996	 93.198708	  93.19562	 93.192731	 93.190039	 93.187544	 93.185244	 93.183139	 93.181228	  93.17951	 93.177985	 93.176652	  93.17551	 93.174559	 93.173799	 93.173229	 93.172849	 93.172659	
        99	 98.935186	 98.870382	 98.805597	 98.740839	 98.676118	 98.611444	 98.546826	 98.482272	 98.417793	 98.353397	 98.289093	 98.224891	 98.160799	 98.096827	 98.032983	 97.969276	 97.905716	  97.84231	 97.779069	 97.715999	  97.65311	 97.590411	 97.527909	 97.465614	 97.403533	 97.341674	 97.280045	 97.218656	 97.157512	 97.096623	 97.035995	 96.975636	 96.915555	 96.855757	 96.796251	 96.737042	  96.67814	 96.619549	 96.561278	 96.503331	 96.445717	 96.388441	  96.33151	 96.274929	 96.218705	 96.162843	 96.107349	 96.052228	 95.997487	 95.943129	 95.889161	 95.835586	 95.782411	 95.729639	 95.677275	 95.625324	 95.573789	 95.522674	 95.471984	 95.421723	 95.371893	 95.322498	 95.273542	 95.225027	 95.176958	 95.129335	 95.082163	 95.035443	 94.989179	 94.943371	 94.898023	 94.853137	 94.808713	 94.764754	 94.721261	 94.678236	 94.635679	 94.593592	 94.551976	 94.510831	 94.470159	 94.429958	 94.390231	 94.350977	 94.312196	 94.273888	 94.236054	 94.198692	 94.161802	 94.125385	 94.089438	 94.053962	 94.018955	 93.984417	 93.950346	 93.916742	 93.883602	 93.850925	  93.81871	 93.786955	 93.755659	 93.724819	 93.694434	 93.664502	 93.635019	 93.605986	 93.577398	 93.549254	 93.521551	 93.494287	 93.467459	 93.441064	   93.4151	 93.389565	 93.364454	 93.339765	 93.315496	 93.291643	 93.268203	 93.245173	 93.222551	 93.200332	 93.178513	 93.157092	 93.136064	 93.115428	 93.095178	 93.075313	 93.055827	 93.036719	 93.017985	  92.99962	 92.981622	 92.963987	 92.946712	 92.929793	 92.913227	  92.89701	 92.881138	 92.865609	 92.850418	 92.835563	 92.821039	 92.806844	 92.792973	 92.779424	 92.766193	 92.753277	 92.740672	 92.728375	 92.716383	 92.704693	 92.693301	 92.682204	 92.671399	 92.660883	 92.650652	 92.640705	 92.631037	 92.621647	  92.61253	 92.603684	 92.595108	 92.586796	 92.578748	  92.57096	 92.563431	 92.556156	 92.549135	 92.542364	 92.535842	 92.529566	 92.523533	 92.517743	 92.512192	 92.506879	 92.501802	 92.496959	 92.492348	 92.487968	 92.483818	 92.479894	 92.476197	 92.472724	 92.469475	 92.466448	 92.463642	 92.461056	 92.458689	  92.45654	 92.454608	 92.452893	 92.451394	  92.45011	  92.44904	 92.448185	 92.447544	 92.447117	 92.446904	
        99	 98.928018	 98.856046	 98.784094	 98.712174	 98.640295	 98.568467	 98.496702	 98.425008	 98.353397	 98.281878	 98.210462	 98.139158	 98.067977	 97.996929	 97.926024	 97.855271	  97.78468	 97.714262	 97.644025	  97.57398	 97.504135	 97.434501	 97.365086	   97.2959	 97.226952	 97.158251	 97.089806	 97.021626	  96.95372	 96.886096	 96.818762	 96.751728	    96.685	 96.618589	   96.5525	 96.486744	 96.421326	 96.356255	 96.291538	 96.227182	 96.163196	 96.099585	 96.036356	 95.973517	 95.911074	 95.849034	 95.787402	 95.726184	 95.665388	 95.605018	  95.54508	  95.48558	 95.426523	 95.367914	 95.309759	 95.252061	 95.194826	 95.138058	 95.081761	  95.02594	 94.970599	 94.915741	  94.86137	 94.807489	 94.754102	 94.701213	 94.648823	 94.596936	 94.545554	  94.49468	 94.444316	 94.394465	 94.345127	 94.296306	 94.248003	 94.200219	 94.152955	 94.106213	 94.059994	 94.014298	 93.969126	  93.92448	 93.880358	 93.836762	 93.793692	 93.751147	 93.709128	 93.667634	 93.626664	 93.586218	 93.546296	 93.506896	 93.468017	 93.429659	 93.391819	 93.354498	 93.317692	 93.281401	 93.245623	 93.210356	 93.175598	 93.141347	 93.107601	 93.074358	 93.041615	  93.00937	  92.97762	 92.946363	 92.915596	 92.885316	 92.855521	 92.826207	 92.797371	 92.769011	 92.741123	 92.713704	  92.68675	 92.660259	 92.634226	 92.608649	 92.583524	 92.558848	 92.534616	 92.510825	 92.487472	 92.464553	 92.442064	 92.420001	  92.39836	 92.377139	 92.356332	 92.335936	 92.315947	 92.296362	 92.277176	 92.258386	 92.239987	 92.221976	 92.204349	 92.187102	 92.170232	 92.153733	 92.137603	 92.121837	 92.106433	 92.091385	 92.076691	 92.062346	 92.048347	  92.03469	 92.021371	 92.008388	 91.995736	 91.983411	 91.971411	 91.959732	  91.94837	 91.937322	 91.926585	 91.916156	 91.906031	 91.896207	 91.886682	 91.877451	 91.868513	 91.859864	 91.851501	 91.843422	 91.835624	 91.828105	 91.820861	  91.81389	 91.807191	  91.80076	 91.794595	 91.788694	 91.783056	 91.777677	 91.772557	 91.767692	 91.763082	 91.758725	 91.754619	 91.750762	 91.747153	 91.743792	 91.740675	 91.737803	 91.735174	 91.732788	 91.730642	 91.728737	 91.727072	 91.725646	 91.724458	 91.723509	 91.722797	 91.722323	 91.722085	
        99	 98.920859	  98.84173	 98.762623	  98.68355	 98.604523	 98.525552	 98.446649	 98.367826	 98.289093	 98.210462	 98.131943	 98.053549	 97.975289	 97.897175	 97.819218	 97.741429	 97.663818	 97.586397	 97.509175	 97.432164	 97.355373	 97.278814	 97.202496	  97.12643	 97.050625	 96.975092	  96.89984	  96.82488	  96.75022	 96.675871	 96.601841	  96.52814	 96.454777	 96.381761	   96.3091	 96.236804	  96.16488	 96.093338	 96.022185	  95.95143	 95.881079	 95.811142	 95.741626	 95.672538	 95.603885	 95.535674	 95.467913	 95.400608	 95.333765	 95.267392	 95.201493	 95.136076	 95.071146	 95.006708	 94.942769	 94.879333	 94.816406	 94.753993	 94.692098	 94.630725	  94.56988	 94.509567	 94.449789	  94.39055	 94.331854	 94.273704	 94.216104	 94.159057	 94.102565	 94.046632	  93.99126	 93.936451	 93.882207	 93.828531	 93.775423	 93.722887	 93.670923	 93.619533	 93.568717	 93.518477	 93.468813	 93.419726	 93.371217	 93.323286	 93.275932	 93.229156	 93.182958	 93.137337	 93.092293	 93.047825	 93.003932	 92.960614	 92.917869	 92.875696	 92.834093	  92.79306	 92.752594	 92.712694	 92.673358	 92.634584	  92.59637	 92.558713	 92.521611	 92.485061	 92.449062	  92.41361	 92.378703	 92.344338	 92.310511	  92.27722	 92.244461	 92.212232	 92.180529	 92.149348	 92.118686	  92.08854	 92.058906	  92.02978	 92.001159	 91.973039	 91.945415	 91.918284	 91.891643	 91.865486	  91.83981	 91.814612	 91.789886	 91.765629	 91.741836	 91.718504	 91.695628	 91.673204	 91.651228	 91.629695	 91.608601	 91.587942	 91.567713	 91.547911	 91.528531	 91.509569	 91.491021	 91.472881	 91.455147	 91.437814	 91.420877	 91.404333	 91.388177	 91.372406	 91.357015	    91.342	 91.327357	 91.313082	 91.299171	 91.285621	 91.272428	 91.259587	 91.247095	 91.234949	 91.223144	 91.211678	 91.200546	 91.189745	 91.179272	 91.169124	 91.159296	 91.149787	 91.140593	 91.131711	 91.123137	  91.11487	 91.106905	 91.099242	 91.091876	 91.084805	 91.078028	  91.07154	 91.065341	 91.059427	 91.053797	 91.048449	 91.043381	  91.03859	 91.034076	 91.029835	 91.025868	 91.022172	 91.018745	 91.015588	 91.012697	 91.010073	 91.007715	  91.00562	 91.003789	 91.002221	 91.000916	 90.999872	 90.999089	 90.998568	 90.998307	
        99	 98.913712	 98.827436	 98.741185	 98.654971	 98.568807	 98.482704	 98.396676	 98.310734	 98.224891	 98.139158	 98.053549	 97.968074	 97.882747	 97.797579	 97.712581	 97.627767	 97.543147	 97.458734	 97.374538	 97.290572	 97.206846	 97.123373	 97.040163	 96.957227	 96.874576	 96.792222	 96.710174	 96.628444	 96.547042	 96.465978	 96.385262	 96.304905	 96.224917	 96.145306	 96.066084	 95.987258	 95.908839	 95.830836	 95.753257	 95.676112	 95.599408	 95.523155	 95.447361	 95.372033	  95.29718	  95.22281	 95.148929	 95.075545	 95.002666	 94.930298	 94.858448	 94.787123	 94.716329	 94.646072	 94.576359	 94.507194	 94.438584	 94.370534	 94.303049	 94.236134	 94.169794	 94.104034	 94.038857	 93.974268	 93.910271	  93.84687	 93.784068	 93.721869	 93.660276	 93.599291	 93.538918	 93.479159	 93.420017	 93.361493	  93.30359	 93.246309	 93.189652	  93.13362	 93.078215	 93.023438	 92.969289	 92.915769	 92.862879	 92.810619	 92.758989	 92.707989	 92.657619	 92.607878	 92.558766	 92.510282	 92.462425	 92.415195	 92.368589	 92.322607	 92.277248	 92.232509	 92.188389	 92.144885	 92.101997	 92.059721	 92.018055	 91.976997	 91.936544	 91.896694	 91.857444	  91.81879	 91.780731	 91.743262	  91.70638	 91.670082	 91.634365	 91.599226	 91.564659	 91.530663	 91.497232	 91.464363	 91.432053	 91.400297	 91.369091	 91.338431	 91.308312	 91.278731	 91.249684	 91.221165	 91.193171	 91.165696	 91.138737	  91.11229	 91.086348	 91.060909	 91.035967	 91.011518	 90.987557	 90.964079	  90.94108	 90.918556	   90.8965	  90.87491	  90.85378	 90.833105	 90.812881	 90.793104	 90.773768	 90.754869	 90.736403	 90.718365	  90.70075	 90.683554	 90.666773	 90.650402	 90.634437	 90.618873	 90.603706	 90.588932	 90.574547	 90.560547	 90.546927	 90.533684	 90.520813	 90.508311	 90.496174	 90.484397	 90.472979	 90.461914	 90.451199	 90.440831	 90.430806	 90.421122	 90.411774	  90.40276	 90.394077	 90.385721	  90.37769	 90.369981	 90.362591	 90.355517	 90.348758	 90.342311	 90.336172	 90.330341	 90.324815	 90.319592	 90.314669	 90.310046	  90.30572	 90.301691	 90.297955	 90.294512	 90.291361	   90.2885	 90.285928	 90.283644	 90.281648	 90.279939	 90.278515	 90.277377	 90.276523	 90.275955	  90.27567	
        99	 98.906577	 98.813167	 98.719784	 98.626442	 98.533153	 98.439931	 98.346789	  98.25374	 98.160799	 98.067977	 97.975289	 97.882747	 97.790364	 97.698153	 97.606128	 97.514301	 97.422684	  97.33129	 97.240133	 97.149224	 97.058575	 96.968199	 96.878109	 96.788315	  96.69883	 96.609666	 96.520834	 96.432346	 96.344213	 96.256446	 96.169056	 96.082055	 95.995452	 95.909259	 95.823486	 95.738142	 95.653239	 95.568786	 95.484792	 95.401268	 95.318222	 95.235664	 95.153602	 95.072046	 94.991004	 94.910483	 94.830494	 94.751042	 94.672137	 94.593785	 94.515994	 94.438771	 94.362123	 94.286057	 94.210579	 94.135696	 94.061412	 93.987735	  93.91467	 93.842222	 93.770397	 93.699199	 93.628633	 93.558703	 93.489415	 93.420771	 93.352776	 93.285434	 93.218748	  93.15272	 93.087355	 93.022655	 92.958622	 92.895259	 92.832568	 92.770551	 92.709209	 92.648544	 92.588558	 92.529251	 92.470625	  92.41268	 92.355416	 92.298835	 92.242936	 92.187719	 92.133183	 92.079329	 92.026156	 91.973663	  91.92185	 91.870714	 91.820255	 91.770471	  91.72136	 91.672922	 91.625154	 91.578053	 91.531618	 91.485847	 91.440736	 91.396283	 91.352485	  91.30934	 91.266844	 91.224995	 91.183788	  91.14322	 91.103289	  91.06399	  91.02532	 90.987274	  90.94985	 90.913042	 90.876847	 90.841261	 90.806279	 90.771897	  90.73811	 90.704915	 90.672306	 90.640279	  90.60883	 90.577953	 90.547644	 90.517898	  90.48871	 90.460075	 90.431989	 90.404446	 90.377442	 90.350971	 90.325028	 90.299609	 90.274709	 90.250321	 90.226443	 90.203067	  90.18019	 90.157805	 90.135909	 90.114497	 90.093562	   90.0731	 90.053107	 90.033578	 90.014506	 89.995889	  89.97772	 89.959995	  89.94271	 89.925859	 89.909438	 89.893443	 89.877868	  89.86271	 89.847964	 89.833626	  89.81969	 89.806155	 89.793014	 89.780264	 89.767901	 89.755921	  89.74432	 89.733095	 89.722242	 89.711756	 89.701636	 89.691876	 89.682475	 89.673428	 89.664733	 89.656386	 89.648385	 89.640727	 89.633409	 89.626428	 89.619783	 89.613469	 89.607486	 89.601831	 89.596502	 89.591496	 89.586813	 89.582449	 89.578405	 89.574677	 89.571265	 89.568168	 89.565383	 89.562911	  89.56075	 89.558899	 89.557358	 89.556125	 89.555201	 89.554586	 89.554278	
        99	 98.899455	 98.798925	 98.698424	 98.597965	 98.497565	 98.397236	 98.296994	 98.196853	 98.096827	 97.996929	 97.897175	 97.797579	 97.698153	 97.598914	 97.499873	 97.401046	 97.302445	 97.204085	 97.105978	 97.008139	  96.91058	 96.813315	 96.716357	 96.619718	 96.523412	 96.427451	 96.331847	 96.236614	 96.141762	 96.047305	 95.953253	  95.85962	 95.766415	 95.673652	  95.58134	 95.489491	 95.398115	 95.307224	 95.216828	 95.126937	  95.03756	 94.948709	 94.860391	 94.772618	 94.685398	 94.598739	 94.512652	 94.427144	 94.342224	 94.257899	 94.174178	 94.091069	 94.008578	 93.926713	 93.845482	  93.76489	 93.684944	  93.60565	 93.527015	 93.449045	 93.371744	 93.295118	 93.219173	 93.143913	 93.069343	 92.995466	 92.922288	 92.849813	 92.778043	 92.706982	 92.636634	 92.567002	 92.498088	 92.429895	 92.362424	  92.29568	 92.229662	 92.164373	 92.099814	 92.035986	 91.972891	 91.910528	   91.8489	 91.788005	 91.727845	 91.668418	 91.609726	 91.551767	  91.49454	 91.438046	 91.382282	 91.327248	 91.272942	 91.219364	  91.16651	 91.114379	 91.062969	 91.012278	 90.962303	 90.913043	 90.864493	 90.816651	 90.769515	 90.723081	 90.677346	 90.632306	 90.587958	 90.544298	 90.501323	 90.459028	  90.41741	 90.376464	 90.336187	 90.296573	 90.257619	  90.21932	 90.181671	 90.144668	 90.108306	  90.07258	 90.037486	 90.003018	 89.969171	  89.93594	  89.90332	 89.871307	 89.839894	 89.809076	 89.778849	 89.749207	 89.720144	 89.691655	 89.663735	 89.636378	  89.60958	 89.583333	 89.557634	 89.532477	 89.507855	 89.483765	   89.4602	 89.437154	 89.414624	 89.392603	 89.371086	 89.350067	 89.329542	 89.309505	 89.289951	 89.270875	 89.252272	 89.234137	 89.216464	  89.19925	 89.182488	 89.166174	 89.150304	 89.134873	 89.119875	 89.105308	 89.091165	 89.077443	 89.064138	 89.051245	  89.03876	 89.026679	 89.014998	 89.003713	 88.992821	 88.982318	   88.9722	 88.962463	 88.953105	 88.944122	 88.935512	  88.92727	 88.919394	 88.911881	 88.904728	 88.897934	 88.891495	 88.885408	 88.879673	 88.874286	 88.869245	 88.864549	 88.860196	 88.856185	 88.852513	 88.849179	 88.846182	 88.843522	 88.841196	 88.839204	 88.837545	 88.836218	 88.835224	 88.834562	  88.83423	
        99	 98.892348	 98.784711	 98.677106	 98.569546	 98.462049	 98.354628	   98.2473	  98.14008	 98.032983	 97.926024	 97.819218	 97.712581	 97.606128	 97.499873	 97.393832	 97.288018	 97.182448	 97.077134	 96.972093	 96.867337	 96.762882	 96.658742	  96.55493	  96.45146	 96.348346	 96.245601	  96.14324	 96.041274	 95.939718	 95.838583	 95.737884	 95.637631	 95.537839	 95.438518	  95.33968	 95.241339	 95.143504	 95.046188	 94.949402	 94.853156	 94.757462	 94.662329	 94.567769	 94.473791	 94.380405	 94.287621	 94.195449	 94.103896	 94.012973	 93.922688	 93.833049	 93.744064	 93.655743	 93.568091	 93.481117	 93.394828	 93.309231	 93.224332	 93.140139	 93.056657	 92.973892	  92.89185	 92.810536	 92.729956	 92.650114	 92.571016	 92.492665	 92.415066	 92.338223	 92.262139	 92.186818	 92.112264	 92.038478	 91.965464	 91.893225	 91.821762	 91.751077	 91.681173	 91.612051	 91.543711	 91.476156	 91.409385	   91.3434	 91.278201	 91.213788	 91.150161	 91.087319	 91.025263	 90.963991	 90.903503	 90.843798	 90.784874	 90.726729	 90.669363	 90.612773	 90.556957	 90.501913	 90.447639	 90.394132	 90.341389	 90.289407	 90.238184	 90.187715	 90.137999	 90.089031	 90.040807	 89.993324	 89.946578	 89.900565	 89.855281	 89.810721	  89.76688	 89.723756	 89.681342	 89.639634	 89.598628	 89.558318	 89.518699	 89.479767	 89.441516	  89.40394	 89.367036	 89.330796	 89.295216	 89.260291	 89.226014	 89.192381	 89.159385	 89.127021	 89.095283	 89.064166	 89.033663	  89.00377	 88.974479	 88.945786	 88.917684	 88.890169	 88.863233	 88.836871	 88.811077	 88.785847	 88.761172	 88.737049	 88.713471	 88.690433	 88.667929	 88.645953	   88.6245	 88.603564	 88.583139	 88.563221	 88.543804	 88.524882	  88.50645	 88.488504	 88.471037	 88.454045	 88.437523	 88.421465	 88.405868	 88.390726	 88.376034	 88.361788	 88.347983	 88.334616	 88.321681	 88.309174	 88.297092	  88.28543	 88.274184	 88.263351	 88.252926	 88.242907	 88.233289	 88.224069	 88.215245	 88.206812	 88.198768	  88.19111	 88.183835	 88.176941	 88.170424	 88.164283	 88.158515	 88.153119	 88.148091	  88.14343	 88.139135	 88.135203	 88.131634	 88.128425	 88.125577	 88.123086	 88.120953	 88.119177	 88.117757	 88.116693	 88.115983	 88.115629	
        99	 98.885256	 98.770528	 98.655834	 98.541188	 98.426609	 98.312111	 98.197713	 98.083429	 97.969276	 97.855271	 97.741429	 97.627767	 97.514301	 97.401046	 97.288018	 97.175234	 97.062708	 96.950457	 96.838495	 96.726839	 96.615502	 96.504501	  96.39385	 96.283564	 96.173656	 96.064143	 95.955038	 95.846355	 95.738108	 95.630311	 95.522977	  95.41612	 95.309753	 95.203889	 95.098541	  94.99372	  94.88944	 94.785713	 94.682551	 94.579964	 94.477966	 94.376566	 94.275776	 94.175607	 94.076069	 93.977173	 93.878928	 93.781344	 93.684431	 93.588197	 93.492653	 93.397806	 93.303666	  93.21024	 93.117536	 93.025563	 92.934327	 92.843835	 92.754095	 92.665113	 92.576895	 92.489448	 92.402778	 92.316889	 92.231787	 92.147478	 92.063965	 91.981254	 91.899349	 91.818253	  91.73797	 91.658504	 91.579857	 91.502033	 91.425035	 91.348864	 91.273523	 91.199013	 91.125337	 91.052495	 90.980489	  90.90932	 90.838988	 90.769493	 90.700837	 90.633018	 90.566036	 90.499892	 90.434584	 90.370111	 90.306472	 90.243666	 90.181691	 90.120546	 90.060227	 90.000734	 89.942064	 89.884214	 89.827182	 89.770964	 89.715558	  89.66096	 89.607167	 89.554175	 89.501981	 89.450581	  89.39997	 89.350144	   89.3011	 89.252832	 89.205336	 89.158608	 89.112642	 89.067434	 89.022979	 88.979271	 88.936305	 88.894077	 88.852579	 88.811808	 88.771757	 88.732421	 88.693795	 88.655871	 88.618645	  88.58211	 88.546261	 88.511091	 88.476595	 88.442766	 88.409599	 88.377087	 88.345224	 88.314004	  88.28342	 88.253467	 88.224139	 88.195428	  88.16733	 88.139837	 88.112944	 88.086644	 88.060932	 88.035801	 88.011245	 87.987258	 87.963835	 87.940968	 87.918653	 87.896883	 87.875652	 87.854956	 87.834787	 87.815142	 87.796013	 87.777395	 87.759284	 87.741673	 87.724558	 87.707933	 87.691793	 87.676133	 87.660949	 87.646235	 87.631987	 87.618199	 87.604869	 87.591991	  87.57956	 87.567574	 87.556027	 87.544915	 87.534236	 87.523984	 87.514157	 87.504751	 87.495763	 87.487189	 87.479027	 87.471273	 87.463924	 87.456978	 87.450433	 87.444285	 87.438532	 87.433173	 87.428206	 87.423627	 87.419437	 87.415632	 87.412213	 87.409176	 87.406522	 87.404248	 87.402355	 87.400841	 87.399707	 87.398951	 87.398573	
        99	  98.87818	 98.756378	  98.63461	 98.512895	  98.39125	 98.269692	 98.148239	 98.026908	 97.905716	  97.78468	 97.663818	 97.543147	 97.422684	 97.302445	 97.182448	 97.062708	 96.943244	  96.82407	 96.705205	 96.586663	 96.468461	 96.350614	  96.23314	 96.116052	 95.999368	 95.883101	 95.767268	 95.651883	 95.536961	 95.422517	 95.308564	 95.195118	 95.082192	 94.969799	 94.857954	  94.74667	  94.63596	 94.525836	 94.416312	   94.3074	 94.199111	 94.091459	 93.984453	 93.878107	 93.772431	 93.667436	 93.563133	 93.459531	 93.356642	 93.254474	 93.153038	 93.052343	 92.952397	  92.85321	  92.75479	 92.657145	 92.560282	  92.46421	 92.368936	 92.274467	  92.18081	  92.08797	 91.995955	  91.90477	  91.81442	 91.724912	  91.63625	 91.548438	 91.461482	 91.375385	 91.290151	 91.205785	 91.122288	 91.039666	 90.957919	 90.877051	 90.797064	 90.717959	  90.63974	 90.562406	  90.48596	 90.410402	 90.335733	 90.261953	 90.189062	 90.117062	  90.04595	 89.975726	 89.906391	 89.837942	 89.770379	   89.7037	 89.637903	 89.572987	  89.50895	 89.445788	   89.3835	 89.322083	 89.261533	 89.201849	 89.143026	 89.085061	 89.027951	 88.971692	 88.916279	 88.861708	 88.807977	 88.755078	  88.70301	 88.651765	 88.601341	 88.551731	 88.502931	 88.454935	 88.407738	 88.361335	  88.31572	 88.270887	 88.226831	 88.183546	 88.141025	 88.099263	 88.058255	 88.017992	  87.97847	 87.939683	 87.901623	 87.864285	 87.827661	 87.791746	 87.756534	 87.722017	 87.688189	 87.655044	 87.622574	 87.590774	 87.559637	 87.529156	 87.499325	 87.470137	 87.441586	 87.413664	 87.386366	 87.359685	 87.333615	 87.308149	 87.283281	 87.259004	 87.235313	 87.212201	 87.189661	 87.167688	 87.146276	 87.125419	  87.10511	 87.085345	 87.066117	  87.04742	 87.029249	 87.011599	 86.994464	 86.977838	 86.961718	 86.946096	 86.930969	 86.916332	  86.90218	 86.888507	  86.87531	 86.862584	 86.850325	 86.838529	 86.827191	 86.816307	 86.805874	 86.795888	 86.786346	 86.777243	 86.768577	 86.760345	 86.752543	 86.745169	  86.73822	 86.731693	 86.725586	 86.719896	 86.714622	 86.709762	 86.705313	 86.701274	 86.697643	 86.694419	 86.691601	 86.689187	 86.687178	 86.685571	 86.684366	 86.683563	 86.683162	
