Time step 96:
        99	        99	        99	        99	        99	        99	        99	        99	        99	        99	        99	        99	        99	        99	        99	        99	        99	        99	        99	        99	        99	        99	        99	        99	        99	        99	        99	        99	        99	        99	        99	        99	        99	        99	        99	        99	        99	        99	        99	        99	        99	        99	        99	        99	        99	        99	        99	        99	        99	        99	        99	        99	        99	        99	        99	        99	        99	        99	        99	        99	        99	        99	        99	        99	        99	        99	        99	        99	        99	        99	        99	        99	        99	        99	        99	        99	        99	        99	        99	        99	        99	        99	        99	        99	        99	        99	        99	        99	        99	        99	        99	        99	        99	        99	        99	        99	        99	        99	        99	        99	        99	        99	        99	        99	        99	        99	        99	        99	        99	        99	        99	        99	        99	        99	        99	        99	        99	        99	        99	        99	        99	        99	        99	        99	        99	        99	        99	        99	        99	        99	        99	        99	        99	        99	        99	        99	        99	        99	        99	        99	        99	        99	        99	        99	        99	        99	        99	        99	        99	        99	        99	        99	        99	        99	        99	        99	        99	        99	        99	        99	        99	        99	        99	        99	        99	        99	        99	        99	        99	        99	        99	        99	        99	        99	        99	        99	        99	        99	        99	        99	        99	        99	        99	        99	        99	        99	        99	        99	        99	        99	        99	        99	        99	        99	        99	        99	        99	        99	        99	        99	
        99	 98.993386	 98.986774	 98.980163	 98.973554	  98.96695	 98.960349	 98.953754	 98.947164	 98.940582	 98.934008	 98.927442	 98.920886	  98.91434	 98.907805	 98.901282	 98.894772	 98.888276	 98.881794	 98.875328	 98.868878	 98.862445	 98.856029	 98.849632	 98.843255	 98.836898	 98.830561	 98.824246	 98.817954	 98.811685	 98.805439	 98.799219	 98.793024	 98.786854	 98.780712	 98.774597	  98.76851	 98.762452	 98.756423	 98.750425	 98.744457	 98.738521	 98.732617	 98.726745	 98.720906	 98.715102	 98.709331	 98.703596	 98.697896	 98.692232	 98.686604	 98.681013	  98.67546	 98.669945	 98.664468	 98.659031	 98.653632	 98.648274	 98.642955	 98.637677	  98.63244	 98.627245	 98.622091	 98.616979	  98.61191	 98.606883	 98.601899	 98.596959	 98.592062	 98.587209	   98.5824	 98.577636	 98.572916	  98.56824	  98.56361	 98.559025	 98.554486	 98.549992	 98.545543	  98.54114	 98.536784	 98.532473	 98.528208	  98.52399	 98.519818	 98.515692	 98.511613	  98.50758	 98.503594	 98.499654	  98.49576	 98.491913	 98.488112	 98.484358	  98.48065	 98.476989	 98.473374	 98.469805	 98.466282	 98.462805	 98.459374	 98.455988	 98.452649	 98.449355	 98.446106	 98.442903	 98.439745	 98.436631	 98.433563	 98.430539	 98.427559	 98.424624	 98.421732	 98.418885	 98.416081	 98.413321	 98.410603	 98.407929	 98.405297	 98.402708	  98.40016	 98.397655	 98.395192	  98.39277	 98.390389	 98.388049	 98.385749	  98.38349	 98.381271	 98.379092	 98.376953	 98.374852	 98.372791	 98.370768	 98.368783	 98.366837	 98.364928	 98.363057	 98.361223	 98.359426	 98.357665	 98.355941	 98.354253	   98.3526	 98.350983	 98.349401	 98.347854	 98.346341	 98.344863	 98.343419	 98.342008	 98.340631	 98.339286	 98.337975	 98.336696	 98.335449	 98.334235	 98.333052	   98.3319	  98.33078	 98.329691	 98.328632	 98.327604	 98.326607	 98.325639	 98.324701	 98.323792	 98.322913	 98.322062	 98.321241	 98.320448	 98.319684	 98.318948	  98.31824	  98.31756	 98.316907	 98.316282	 98.315685	 98.315114	 98.314571	 98.314054	 98.313564	 98.313101	 98.312664	 98.312254	  98.31187	 98.311512	  98.31118	 98.310873	 98.310593	 98.310338	 98.310109	 98.309906	 98.309728	 98.309576	 98.309449	 98.309348	 98.309272	 98.309221	 98.309196	
        99	 98.986774	 98.973549	 98.960328	 98.947112	 98.933903	 98.920703	 98.907514	 98.894336	 98.881172	 98.868024	 98.854893	 98.841781	  98.82869	 98.815622	 98.802577	 98.789558	 98.776567	 98.763604	 98.750672	 98.737773	 98.724907	 98.712077	 98.699285	 98.686531	 98.673817	 98.661145	 98.648516	 98.635932	 98.623394	 98.610905	 98.598464	 98.586074	 98.573737	 98.561453	 98.549223	  98.53705	 98.524935	 98.512879	 98.500883	 98.488948	 98.477076	 98.465268	 98.453526	 98.441849	 98.430241	 98.418701	  98.40723	 98.395831	 98.384504	 98.373249	 98.362069	 98.350963	 98.339934	 98.328981	 98.318106	  98.30731	 98.296594	 98.285957	 98.275402	 98.264929	 98.254538	 98.244231	 98.234008	  98.22387	 98.213817	 98.203851	  98.19397	 98.184177	 98.174472	 98.164855	 98.155327	 98.145887	 98.136538	 98.127278	 98.118109	  98.10903	 98.100042	 98.091146	 98.082341	 98.073629	 98.065008	 98.056479	 98.048043	 98.039699	 98.031448	  98.02329	 98.015225	 98.007253	 97.999373	 97.991587	 97.983893	 97.976292	 97.968784	 97.961369	 97.954047	 97.946817	 97.939679	 97.932634	  97.92568	 97.918818	 97.912048	  97.90537	 97.898782	 97.892285	 97.885879	 97.879563	 97.873337	   97.8672	 97.861152	 97.855194	 97.849323	 97.843541	 97.837846	 97.832239	 97.826718	 97.821284	 97.815935	 97.810672	 97.805494	   97.8004	  97.79539	 97.790463	 97.785619	 97.780858	 97.776178	  97.77158	 97.767062	 97.762624	 97.758266	 97.753987	 97.749787	 97.745664	 97.741618	  97.73765	 97.733757	  97.72994	 97.726198	  97.72253	 97.718936	 97.715415	 97.711967	 97.708591	 97.705286	 97.702052	 97.698888	 97.695794	 97.692769	 97.689812	 97.686924	 97.684102	 97.681348	 97.678659	 97.676037	 97.673479	 97.670986	 97.668557	 97.666191	 97.663889	 97.661649	  97.65947	 97.657353	 97.655297	 97.653302	 97.651366	  97.64949	 97.647673	 97.645914	 97.644214	 97.642571	 97.640986	 97.639458	 97.637986	  97.63657	 97.635209	 97.633905	 97.632655	  97.63146	 97.630319	 97.629232	 97.628199	 97.627219	 97.626293	 97.625419	 97.624598	  97.62383	 97.623114	  97.62245	 97.621837	 97.621277	 97.620768	  97.62031	 97.619903	 97.619548	 97.619243	 97.618989	 97.618786	 97.618634	 97.618533	 97.618482	
        99	 98.980163	 98.960328	 98.940499	 98.920677	 98.900866	 98.881068	 98.861286	 98.841521	 98.821778	 98.802058	 98.782364	 98.762698	 98.743064	 98.723463	 98.703898	 98.684372	 98.664887	 98.645445	  98.62605	 98.606703	 98.587406	 98.568164	 98.548976	 98.529847	 98.510779	 98.491773	 98.472832	 98.453958	 98.435153	 98.416421	 98.397762	  98.37918	 98.360675	 98.342251	 98.323909	 98.305652	 98.287481	 98.269398	 98.251406	 98.233506	   98.2157	  98.19799	 98.180378	 98.162866	 98.145455	 98.128147	 98.110943	 98.093846	 98.076857	 98.059977	 98.043208	 98.026552	 98.010009	 97.993582	 97.977272	 97.961079	 97.945006	 97.929053	 97.913222	 97.897514	  97.88193	 97.866471	 97.851139	 97.835933	 97.820855	 97.805907	 97.791088	   97.7764	 97.761844	  97.74742	 97.733129	 97.718972	 97.704949	 97.691061	 97.677308	 97.663692	 97.650212	 97.636869	 97.623663	 97.610595	 97.597665	 97.584874	 97.572221	 97.559707	 97.547332	 97.535096	 97.522999	 97.511042	 97.499224	 97.487546	 97.476007	 97.464607	 97.453346	 97.442225	 97.431242	 97.420398	 97.409693	 97.399126	 97.388697	 97.378406	 97.368252	 97.358235	 97.348354	  97.33861	 97.329002	 97.319529	  97.31019	 97.300986	 97.291916	 97.282979	 97.274174	 97.265502	 97.256961	 97.248551	 97.240271	  97.23212	 97.224098	 97.216204	 97.208437	 97.200797	 97.193283	 97.185894	 97.178629	 97.171487	 97.164469	 97.157572	 97.150796	  97.14414	 97.137604	 97.131186	 97.124886	 97.118702	 97.112635	 97.106682	 97.100844	 97.095119	 97.089506	 97.084005	 97.078615	 97.073334	 97.068163	 97.063099	 97.058142	 97.053292	 97.048547	 97.043906	 97.039369	 97.034934	 97.030602	  97.02637	 97.022239	 97.018207	 97.014273	 97.010437	 97.006698	 97.003055	 96.999507	 96.996053	 96.992693	 96.989426	 96.986251	 96.983167	 96.980174	 96.977271	 96.974457	 96.971732	 96.969095	 96.966544	 96.964081	 96.961703	  96.95941	 96.957202	 96.955079	 96.953039	 96.951082	 96.949207	 96.947414	 96.945703	 96.944073	 96.942524	 96.941055	 96.939665	 96.938355	 96.937124	 96.935972	 96.934898	 96.933901	 96.932983	 96.932142	 96.931378	 96.930692	 96.930082	 96.929549	 96.929092	 96.928711	 96.928407	 96.928179	 96.928027	 96.927951	
        99	 98.973554	 98.947112	 98.920677	 98.894252	 98.867842	 98.841448	 98.815076	 98.788728	 98.762407	 98.736118	 98.709863	 98.683646	 98.657471	  98.63134	 98.605258	 98.579227	 98.553251	 98.527333	 98.501476	 98.475684	  98.44996	 98.424307	 98.398728	 98.373226	 98.347805	 98.322468	 98.297217	 98.272056	 98.246987	 98.222014	  98.19714	 98.172367	 98.147698	 98.123136	 98.098684	 98.074345	  98.05012	 98.026014	 98.002028	 97.978165	 97.954428	 97.930818	 97.907339	 97.883993	 97.860781	 97.837707	 97.814773	  97.79198	 97.769331	 97.746828	 97.724473	 97.702268	 97.680215	 97.658316	 97.636572	 97.614985	 97.593557	 97.572291	 97.551186	 97.530245	 97.509469	 97.488861	  97.46842	 97.448149	 97.428049	  97.40812	 97.388365	 97.368784	 97.349379	  97.33015	 97.311098	 97.292225	  97.27353	 97.255016	 97.236682	 97.218529	 97.200559	 97.182771	 97.165166	 97.147745	 97.130508	 97.113455	 97.096587	 97.079904	 97.063407	 97.047095	 97.030968	 97.015028	 96.999273	 96.983704	 96.968321	 96.953124	 96.938112	 96.923285	 96.908644	 96.894188	 96.879916	 96.865829	 96.851926	 96.838206	  96.82467	 96.811316	 96.798144	 96.785154	 96.772344	 96.759716	 96.747266	 96.734996	 96.722904	  96.71099	 96.699253	 96.687691	 96.676305	 96.665093	 96.654054	 96.643189	 96.632494	 96.621971	 96.611617	 96.601431	 96.591414	 96.581563	 96.571878	 96.562358	 96.553001	 96.543806	 96.534773	   96.5259	 96.517186	  96.50863	 96.500231	 96.491988	 96.483899	 96.475964	 96.468181	 96.460549	 96.453067	 96.445733	 96.438547	 96.431507	 96.424612	 96.417862	 96.411254	 96.404788	 96.398462	 96.392275	 96.386226	 96.380315	 96.374539	 96.368898	  96.36339	 96.358015	 96.352771	 96.347657	 96.342672	 96.337815	 96.333085	 96.328481	 96.324002	 96.319646	 96.315414	 96.311303	 96.307313	 96.303443	 96.299691	 96.296058	 96.292542	 96.289142	 96.285858	 96.282688	 96.279632	 96.276688	 96.273857	 96.271137	 96.268528	 96.266029	  96.26364	 96.261359	 96.259186	  96.25712	 96.255161	 96.253309	 96.251562	 96.249921	 96.248385	 96.246953	 96.245625	 96.244401	  96.24328	 96.242261	 96.241346	 96.240533	 96.239822	 96.239213	 96.238706	   96.2383	 96.237996	 96.237794	 96.237692	
        99	  98.96695	 98.933903	 98.900866	 98.867842	 98.834835	  98.80185	  98.76889	 98.735962	 98.703067	 98.670212	   98.6374	 98.604636	 98.571923	 98.539266	  98.50667	 98.474137	 98.441674	 98.409283	 98.376968	 98.344734	 98.312585	 98.280525	 98.248558	 98.216687	 98.184917	 98.153252	 98.121694	 98.090249	  98.05892	  98.02771	 97.996623	 97.965662	 97.934833	 97.904136	 97.873577	 97.843159	 97.812885	 97.782758	 97.752781	 97.722958	 97.693293	 97.663786	 97.634443	 97.605266	 97.576258	 97.547421	 97.518758	 97.490273	 97.461968	 97.433845	 97.405906	 97.378156	 97.350595	 97.323226	 97.296051	 97.269073	 97.242294	 97.215716	  97.18934	 97.163169	 97.137205	 97.111449	 97.085903	 97.060569	 97.035449	 97.010543	 96.985854	 96.961383	 96.937131	 96.913099	 96.889289	 96.865702	 96.842339	   96.8192	 96.796287	 96.773601	 96.751143	 96.728912	  96.70691	 96.685138	 96.663596	 96.642284	 96.621204	 96.600354	 96.579736	  96.55935	 96.539197	 96.519275	 96.499585	 96.480128	 96.460903	  96.44191	 96.423149	 96.404619	 96.386321	 96.368255	 96.350419	 96.332813	 96.315438	 96.298291	 96.281374	 96.264685	 96.248223	 96.231989	  96.21598	 96.200197	 96.184639	 96.169304	 96.154192	 96.139303	 96.124634	 96.110185	 96.095955	 96.081942	 96.068147	 96.054567	 96.041202	  96.02805	  96.01511	 96.002381	 95.989862	 95.977551	 95.965447	 95.953549	 95.941855	 95.930364	 95.919075	 95.907986	 95.897095	 95.886403	 95.875906	 95.865604	 95.855495	 95.845578	 95.835851	 95.826313	 95.816962	 95.807797	 95.798816	 95.790018	 95.781401	 95.772965	 95.764706	 95.756625	 95.748719	 95.740987	 95.733428	  95.72604	 95.718822	 95.711772	 95.704888	  95.69817	 95.691617	 95.685226	 95.678996	 95.672926	 95.667015	 95.661261	 95.655663	 95.650219	  95.64493	 95.639792	 95.634805	 95.629969	 95.625281	  95.62074	 95.616346	 95.612097	 95.607992	  95.60403	 95.600211	 95.596532	 95.592994	 95.589595	 95.586335	 95.583211	 95.580225	 95.577374	 95.574658	 95.572077	 95.569629	 95.567314	 95.565131	  95.56308	  95.56116	 95.559371	 95.557711	 95.556181	  95.55478	 95.553507	 95.552363	 95.551347	 95.550459	 95.549698	 95.549064	 95.548557	 95.548177	 95.547924	 95.547797	
        99	 98.960349	 98.920703	 98.881068	 98.841448	  98.80185	 98.762277	 98.722735	  98.68323	 98.643767	  98.60435	 98.564985	 98.525677	 98.486432	 98.447253	 98.408147	 98.369117	  98.33017	  98.29131	 98.252542	 98.213871	 98.175301	 98.136839	 98.098487	 98.060252	 98.022137	 97.984147	 97.946287	 97.908562	 97.870976	 97.833533	 97.796238	 97.759094	 97.722107	 97.685281	 97.648619	 97.612126	 97.575806	 97.539662	 97.503699	  97.46792	 97.432329	 97.396931	 97.361727	 97.326723	 97.291921	 97.257326	 97.222939	 97.188765	 97.154807	 97.121067	 97.087549	 97.054256	 97.021191	 96.988356	 96.955755	 96.923389	 96.891262	 96.859375	 96.827732	 96.796335	 96.765185	 96.734285	 96.703638	 96.673245	 96.643107	 96.613228	 96.583608	  96.55425	 96.525154	 96.496323	 96.467758	  96.43946	 96.411431	 96.383672	 96.356183	 96.328966	 96.302022	 96.275352	 96.248956	 96.222836	 96.196992	 96.171424	 96.146133	  96.12112	 96.096384	 96.071927	 96.047748	 96.023848	 96.000226	 95.976883	 95.953818	 95.931032	 95.908524	 95.886295	 95.864342	 95.842668	  95.82127	 95.800148	 95.779302	 95.758732	 95.738436	 95.718414	 95.698665	 95.679188	 95.659982	 95.641047	 95.622382	 95.603985	 95.585855	 95.567991	 95.550393	 95.533058	 95.515986	 95.499176	 95.482625	 95.466333	 95.450299	  95.43452	 95.418996	 95.403725	 95.388706	 95.373936	 95.359415	  95.34514	 95.331111	 95.317325	 95.303781	 95.290478	 95.277413	 95.264585	 95.251992	 95.239632	 95.227505	 95.215607	 95.203937	 95.192494	 95.181276	  95.17028	 95.159506	 95.148951	 95.138613	 95.128492	 95.118584	 95.108889	 95.099404	 95.090128	  95.08106	 95.072196	 95.063536	 95.055078	  95.04682	  95.03876	 95.030898	  95.02323	 95.015756	 95.008474	 95.001382	 94.994479	 94.987763	 94.981233	 94.974887	 94.968723	 94.962741	 94.956938	 94.951314	 94.945866	 94.940594	 94.935497	 94.930572	  94.92582	 94.921237	 94.916824	 94.912579	 94.908502	  94.90459	 94.900843	  94.89726	  94.89384	 94.890582	 94.887485	 94.884548	 94.881771	 94.879152	 94.876691	 94.874388	 94.872241	  94.87025	 94.868414	 94.866733	 94.865207	 94.863834	 94.862615	 94.861549	 94.860636	 94.859876	 94.859268	 94.858812	 94.858508	 94.858356	
        99	 98.953754	 98.907514	 98.861286	 98.815076	  98.76889	 98.722735	 98.676617	 98.630541	 98.584513	  98.53854	 98.492628	 98.446781	 98.401008	 98.355312	 98.309701	  98.26418	 98.218755	 98.173431	 98.128214	 98.083111	 98.038126	 97.993265	 97.948535	 97.903939	 97.859485	 97.815176	 97.771019	 97.727019	 97.683181	  97.63951	 97.596011	 97.552689	  97.50955	 97.466598	 97.423838	 97.381275	 97.338913	 97.296758	 97.254813	 97.213083	 97.171572	 97.130285	 97.089227	   97.0484	  97.00781	 96.967459	 96.927353	 96.887495	 96.847888	 96.808536	 96.769444	 96.730613	 96.692048	 96.653751	 96.615727	 96.577978	 96.540507	 96.503316	  96.46641	  96.42979	 96.393459	  96.35742	 96.321675	 96.286226	 96.251076	 96.216226	  96.18168	 96.147438	 96.113503	 96.079877	  96.04656	 96.013555	 95.980864	 95.948487	 95.916426	 95.884682	 95.853256	  95.82215	 95.791364	 95.760899	 95.730756	 95.700935	 95.671438	 95.642264	 95.613414	 95.584889	 95.556688	 95.528812	 95.501261	 95.474036	 95.447135	 95.420558	 95.394307	 95.368379	 95.342776	 95.317495	 95.292538	 95.267904	  95.24359	 95.219598	 95.195927	 95.172574	  95.14954	 95.126824	 95.104424	 95.082339	 95.060569	 95.039112	 95.017966	 94.997131	 94.976606	 94.956388	 94.936476	 94.916869	 94.897566	 94.878564	 94.859863	  94.84146	 94.823353	 94.805542	 94.788024	 94.770798	 94.753861	 94.737212	  94.72085	 94.704771	 94.688974	 94.673458	  94.65822	 94.643258	  94.62857	 94.614155	  94.60001	 94.586133	 94.572523	 94.559176	 94.546092	 94.533267	 94.520701	  94.50839	 94.496333	 94.484528	 94.472972	 94.461665	 94.450602	 94.439783	 94.429206	 94.418868	 94.408768	 94.398903	 94.389271	 94.379871	 94.370701	 94.361758	 94.353041	 94.344547	 94.336276	 94.328225	 94.320392	 94.312775	 94.305373	 94.298184	 94.291207	 94.284439	 94.277879	 94.271526	 94.265377	 94.259431	 94.253688	 94.248144	   94.2428	 94.237653	 94.232702	 94.227946	 94.223383	 94.219013	 94.214834	 94.210845	 94.207045	 94.203433	 94.200008	 94.196769	 94.193715	 94.190845	 94.188158	 94.185654	 94.183331	  94.18119	  94.17923	  94.17745	 94.175849	 94.174427	 94.173184	 94.172119	 94.171232	 94.170523	 94.169991	 94.169636	 94.169459	
        99	 98.947164	 98.894336	 98.841521	 98.788728	 98.735962	  98.68323	 98.630541	   98.5779	 98.525314	 98.472791	 98.420336	 98.367958	 98.315663	 98.263456	 98.211346	 98.159339	 98.107442	  98.05566	 98.004001	 97.952471	 97.901077	 97.849825	 97.798721	 97.747771	 97.696982	 97.646361	 97.595912	 97.545643	 97.495559	 97.445665	 97.395969	 97.346475	 97.297189	 97.248117	 97.199265	 97.150637	  97.10224	 97.054078	 97.006156	  96.95848	 96.911055	 96.863886	 96.816977	 96.770334	  96.72396	  96.67786	  96.63204	 96.586502	 96.541252	 96.496294	 96.451631	 96.407268	 96.363208	 96.319455	 96.276013	 96.232885	 96.190075	 96.147585	 96.105421	 96.063583	 96.022076	 95.980901	 95.940063	 95.899564	 95.859405	 95.819591	 95.780122	 95.741001	 95.702231	 95.663814	  95.62575	 95.588043	 95.550693	 95.513703	 95.477074	 95.440807	 95.404904	 95.369366	 95.334193	 95.299387	 95.264949	  95.23088	  95.19718	 95.163849	 95.130889	 95.098299	  95.06608	 95.034233	 95.002757	 94.971651	 94.940918	 94.910555	 94.880563	 94.850941	 94.821689	 94.792807	 94.764294	 94.736149	 94.708372	 94.680962	 94.653917	 94.627237	 94.600921	 94.574968	 94.549377	 94.524145	 94.499273	 94.474759	 94.450601	 94.426797	 94.403347	 94.380248	   94.3575	 94.335099	 94.313046	 94.291337	  94.26997	 94.248945	 94.228259	  94.20791	 94.187896	 94.168216	 94.148866	 94.129845	 94.111151	 94.092781	 94.074734	 94.057006	 94.039597	 94.022503	 94.005723	 93.989254	 93.973094	  93.95724	  93.94169	 93.926442	 93.911493	 93.896841	 93.882484	 93.868419	 93.854645	 93.841157	 93.827955	 93.815036	 93.802398	 93.790038	 93.777953	 93.766142	 93.754603	 93.743332	 93.732329	 93.721589	 93.711112	 93.700895	 93.690936	 93.681232	 93.671782	 93.662584	 93.653635	 93.644933	 93.636477	 93.628264	 93.620292	  93.61256	 93.605065	 93.597806	 93.590782	 93.583989	 93.577427	 93.571094	 93.564988	 93.559107	 93.553451	 93.548017	 93.542805	 93.537812	 93.533038	  93.52848	 93.524139	 93.520012	 93.516099	 93.512398	 93.508909	  93.50563	  93.50256	 93.499699	 93.497046	   93.4946	  93.49236	 93.490326	 93.488497	 93.486873	 93.485452	 93.484236	 93.483223	 93.482412	 93.481805	   93.4814	 93.481197	
        99	 98.940582	 98.881172	 98.821778	 98.762407	 98.703067	 98.643767	 98.584513	 98.525314	 98.466177	  98.40711	 98.348121	 98.289218	 98.230407	 98.171697	 98.113095	 98.054609	 97.996246	 97.938013	 97.879919	 97.821969	 97.764172	 97.706535	 97.649064	 97.591767	 97.534651	 97.477723	  97.42099	 97.364458	 97.308134	 97.252025	 97.196137	 97.140477	 97.085051	 97.029866	 96.974928	 96.920242	 96.865815	 96.811653	 96.757761	 96.704146	 96.650813	 96.597767	 96.545014	  96.49256	 96.440409	 96.388566	 96.337037	 96.285827	 96.234939	  96.18438	 96.134153	 96.084263	 96.034714	  95.98551	 95.936656	 95.888155	 95.840012	 95.792229	 95.744811	 95.697762	 95.651083	 95.604779	 95.558854	 95.513309	 95.468147	 95.423372	 95.378987	 95.334992	 95.291392	 95.248189	 95.205383	 95.162978	 95.120976	 95.079377	 95.038185	   94.9974	 94.957024	 94.917058	 94.877504	 94.838362	 94.799634	  94.76132	 94.723421	 94.685938	 94.648872	 94.612222	 94.575989	 94.540174	 94.504776	 94.469796	 94.435234	 94.401088	  94.36736	 94.334048	 94.301152	 94.268672	 94.236606	 94.204955	 94.173717	 94.142892	 94.112478	 94.082475	  94.05288	 94.023694	 93.994914	  93.96654	 93.938569	    93.911	 93.883833	 93.857064	 93.830692	 93.804716	 93.779133	 93.753942	 93.729141	 93.704727	 93.680699	 93.657055	 93.633792	 93.610908	   93.5884	 93.566268	 93.544507	 93.523117	 93.502093	 93.481435	  93.46114	 93.441204	 93.421626	 93.402403	 93.383532	 93.365011	 93.346837	 93.329008	 93.311521	 93.294373	 93.277562	 93.261085	 93.244939	 93.229123	 93.213632	 93.198464	 93.183618	 93.169089	 93.154876	 93.140976	 93.127386	 93.114104	 93.101127	 93.088452	 93.076077	    93.064	 93.052218	 93.040728	 93.029528	 93.018616	 93.007988	 92.997644	  92.98758	 92.977794	 92.968284	 92.959048	 92.950083	 92.941388	 92.932959	 92.924796	 92.916896	 92.909258	 92.901878	 92.894756	 92.887889	 92.881276	 92.874915	 92.868805	 92.862943	 92.857328	 92.851959	 92.846834	 92.841951	  92.83731	  92.83291	 92.828748	 92.824824	 92.821136	 92.817684	 92.814467	 92.811483	 92.808733	 92.806214	 92.803926	 92.801869	 92.800043	 92.798445	 92.797077	 92.795938	 92.795026	 92.794343	 92.793888	  92.79366	
        99	 98.934008	 98.868024	 98.802058	 98.736118	 98.670212	  98.60435	  98.53854	 98.472791	  98.40711	 98.341508	 98.275992	 98.210571	 98.145253	 98.080047	 98.014961	 97.950003	 97.885182	 97.820506	 97.755983	 97.691622	  97.62743	 97.563415	 97.499585	 97.435948	 97.372513	 97.309286	 97.246275	 97.183487	 97.120931	 97.058614	 96.996542	 96.934724	 96.873165	 96.811874	 96.750856	 96.690119	  96.62967	 96.569515	 96.509661	 96.450113	 96.390879	 96.331963	 96.273374	 96.215115	 96.157194	 96.099615	 96.042384	 95.985507	 95.928989	 95.872835	 95.817051	  95.76164	 95.706609	 95.651961	 95.597701	 95.543834	 95.490363	 95.437294	 95.384629	 95.332373	  95.28053	 95.229103	 95.178096	 95.127511	 95.077353	 95.027624	 94.978327	 94.929465	  94.88104	 94.833056	 94.785514	 94.738417	 94.691767	 94.645566	 94.599816	 94.554518	 94.509674	 94.465286	 94.421355	 94.377883	 94.334869	 94.292316	 94.250224	 94.208593	 94.167425	  94.12672	 94.086479	 94.046701	 94.007386	 93.968536	 93.930149	 93.892225	 93.854764	 93.817767	 93.781231	 93.745157	 93.709544	  93.67439	 93.639696	  93.60546	 93.571681	 93.538357	 93.505489	 93.473073	 93.441108	 93.409594	 93.378529	  93.34791	 93.317736	 93.288005	 93.258715	 93.229865	 93.201451	 93.173473	 93.145928	 93.118813	 93.092126	 93.065865	 93.040028	 93.014612	 92.989614	 92.965033	 92.940865	 92.917107	 92.893758	 92.870814	 92.848272	 92.826131	 92.804387	 92.783036	 92.762078	 92.741507	 92.721323	 92.701521	 92.682099	 92.663054	 92.644382	 92.626082	  92.60815	 92.590583	 92.573378	 92.556532	 92.540043	 92.523907	 92.508121	 92.492683	  92.47759	 92.462838	 92.448425	 92.434348	 92.420604	  92.40719	 92.394104	 92.381343	 92.368904	 92.356784	 92.344981	 92.333492	 92.322314	 92.311445	 92.300883	 92.290625	 92.280668	 92.271011	  92.26165	 92.252584	 92.243809	 92.235325	 92.227129	 92.219219	 92.211593	 92.204248	 92.197183	 92.190396	 92.183886	  92.17765	 92.171686	 92.165994	 92.160572	 92.155417	  92.15053	 92.145907	 92.141549	 92.137454	  92.13362	 92.130046	 92.126733	 92.123677	  92.12088	 92.118339	 92.116055	 92.114026	 92.112252	 92.110732	 92.109467	 92.108455	 92.107696	  92.10719	 92.106937	
        99	 98.927442	 98.854893	 98.782364	 98.709863	   98.6374	 98.564985	 98.492628	 98.420336	 98.348121	 98.275992	 98.203957	 98.132027	  98.06021	 97.988517	 97.916955	 97.845534	 97.774264	 97.703153	 97.632211	 97.561446	 97.490867	 97.420483	 97.350303	 97.280334	 97.210587	 97.141069	 97.071789	 97.002755	 96.933975	 96.865457	  96.79721	 96.729241	 96.661557	 96.594168	  96.52708	   96.4603	 96.393837	 96.327696	 96.261887	 96.196414	 96.131286	  96.06651	  96.00209	 95.938035	 95.874351	 95.811043	 95.748119	 95.685583	 95.623442	 95.561701	 95.500366	 95.439443	 95.378936	 95.318851	 95.259193	 95.199966	 95.141175	 95.082826	 95.024921	 94.967466	 94.910465	 94.853921	 94.797839	 94.742221	 94.687072	 94.632396	 94.578194	  94.52447	 94.471228	 94.418469	 94.366198	 94.314415	 94.263123	 94.212326	 94.162023	 94.112219	 94.062913	 94.014109	 93.965807	 93.918009	 93.870716	 93.823929	 93.777649	 93.731877	 93.686613	 93.641858	 93.597612	 93.553877	 93.510651	 93.467935	 93.425728	 93.384031	 93.342844	 93.302165	 93.261994	 93.222331	 93.183174	 93.144523	 93.106377	 93.068735	 93.031595	 92.994956	 92.958817	 92.923176	 92.888032	 92.853382	 92.819225	  92.78556	 92.752384	 92.719695	 92.687491	  92.65577	  92.62453	 92.593768	 92.563482	 92.533669	 92.504328	 92.475454	 92.447046	 92.419101	 92.391617	 92.364589	 92.338016	 92.311895	 92.286223	 92.260996	 92.236212	 92.211867	  92.18796	 92.164485	 92.141441	 92.118824	 92.096631	 92.074859	 92.053505	 92.032565	 92.012036	 91.991915	 91.972199	 91.952884	 91.933967	 91.915445	 91.897316	 91.879574	 91.862218	 91.845244	 91.828648	 91.812429	 91.796582	 91.781104	 91.765993	 91.751244	 91.736856	 91.722825	 91.709149	 91.695823	 91.682846	 91.670213	 91.657924	 91.645974	 91.634361	 91.623082	 91.612134	 91.601516	 91.591224	 91.581255	 91.571608	  91.56228	 91.553269	 91.544571	 91.536186	 91.528111	 91.520343	 91.512881	 91.505723	 91.498866	  91.49231	 91.486051	 91.480089	 91.474422	 91.469048	 91.463966	 91.459174	 91.454671	 91.450455	 91.446527	 91.442883	 91.439524	 91.436448	 91.433655	 91.431143	 91.428912	 91.426962	 91.425291	 91.423899	 91.422787	 91.421952	 91.421396	 91.421118	
        99	 98.920886	 98.841781	 98.762698	 98.683646	 98.604636	 98.525677	 98.446781	 98.367958	 98.289218	 98.210571	 98.132027	 98.053597	 97.975291	 97.897119	 97.819091	 97.741217	 97.663507	 97.585971	 97.508618	 97.431458	 97.354502	 97.277758	 97.201236	 97.124946	 97.048896	 96.973097	 96.897556	 96.822284	 96.747289	  96.67258	 96.598166	 96.524055	 96.450256	 96.376777	 96.303627	 96.230813	 96.158344	 96.086228	 96.014471	 95.943083	  95.87207	  95.80144	   95.7312	 95.661357	 95.591918	  95.52289	 95.454279	 95.386093	 95.318337	 95.251017	  95.18414	 95.117711	 95.051737	 94.986223	 94.921174	 94.856595	 94.792493	  94.72887	 94.665734	 94.603087	 94.540935	 94.479282	 94.418132	 94.357489	 94.297357	  94.23774	  94.17864	 94.120062	 94.062009	 94.004483	 93.947488	 93.891026	   93.8351	 93.779712	 93.724865	  93.67056	 93.616799	 93.563585	 93.510919	 93.458801	 93.407235	  93.35622	 93.305758	  93.25585	 93.206496	 93.157697	 93.109454	 93.061766	 93.014634	 92.968058	 92.922038	 92.876574	 92.831664	  92.78731	 92.743509	 92.700262	 92.657567	 92.615424	 92.573831	 92.532787	 92.492291	 92.452342	 92.412937	 92.374075	 92.335755	 92.297975	 92.260732	 92.224024	 92.187851	 92.152208	 92.117094	 92.082507	 92.048444	 92.014902	 91.981879	 91.949373	  91.91738	 91.885897	 91.854922	 91.824452	 91.794484	 91.765015	 91.736041	 91.707559	 91.679567	 91.652061	 91.625037	 91.598493	 91.572425	 91.546829	 91.521703	 91.497042	 91.472844	 91.449105	 91.425821	 91.402989	 91.380605	 91.358666	 91.337168	 91.316108	 91.295482	 91.275286	 91.255518	 91.236174	 91.217249	 91.198741	 91.180646	 91.162961	 91.145682	 91.128806	 91.112329	 91.096248	  91.08056	 91.065261	 91.050349	 91.035819	 91.021669	 91.007895	 90.994495	 90.981465	 90.968803	 90.956505	 90.944568	  90.93299	 90.921768	 90.910899	  90.90038	 90.890209	 90.880383	   90.8709	 90.861757	 90.852952	 90.844483	 90.836346	 90.828541	 90.821065	 90.813916	 90.807092	 90.800591	 90.794412	 90.788553	 90.783011	 90.777786	 90.772876	  90.76828	 90.763996	 90.760023	 90.756361	 90.753007	 90.749961	 90.747223	  90.74479	 90.742663	 90.740842	 90.739324	 90.738111	 90.737201	 90.736595	 90.736292	
        99	  98.91434	  98.82869	 98.743064	 98.657471	 98.571923	 98.486432	 98.401008	 98.315663	 98.230407	 98.145253	  98.06021	 97.975291	 97.890506	 97.805866	 97.721382	 97.637064	 97.552925	 97.468973	  97.38522	 97.301676	 97.218352	 97.135258	 97.052405	 96.969803	 96.887461	 96.805389	 96.723599	 96.642099	 96.560899	 96.480008	 96.399437	 96.319194	 96.239289	  96.15973	 96.080527	 96.001689	 95.923223	  95.84514	 95.767447	 95.690151	 95.613263	 95.536789	 95.460737	 95.385115	 95.309931	 95.235191	 95.160904	 95.087076	 95.013713	 94.940823	 94.868413	 94.796488	 94.725055	  94.65412	 94.583689	 94.513767	 94.444361	 94.375474	 94.307114	 94.239284	 94.171989	 94.105235	 94.039025	 93.973365	 93.908257	 93.843707	 93.779718	 93.716293	 93.653436	 93.591151	  93.52944	 93.468306	 93.407753	 93.347782	 93.288396	 93.229598	 93.171389	 93.113772	 93.056748	 93.000319	 92.944486	  92.88925	 92.834613	 92.780575	 92.727137	 92.674301	 92.622066	 92.570432	 92.519401	 92.468971	 92.419143	 92.369917	 92.321292	 92.273267	 92.225843	 92.179017	  92.13279	 92.087159	 92.042125	 91.997685	 91.953839	 91.910584	 91.867919	 91.825842	 91.784351	 91.743444	  91.70312	 91.663375	 91.624209	 91.585617	 91.547598	 91.510149	 91.473267	  91.43695	 91.401195	 91.365999	 91.331359	 91.297271	 91.263734	 91.230743	 91.198295	 91.166387	 91.135016	 91.104178	 91.073869	 91.044087	 91.014828	 90.986087	 90.957862	 90.930149	 90.902943	 90.876242	 90.850042	 90.824339	 90.799128	 90.774407	 90.750171	 90.726416	  90.70314	 90.680337	 90.658005	 90.636138	 90.614734	 90.593789	 90.573299	  90.55326	 90.533668	 90.514519	  90.49581	 90.477538	 90.459698	 90.442286	   90.4253	 90.408736	 90.392589	 90.376857	 90.361536	 90.346623	 90.332114	 90.318006	 90.304296	  90.29098	 90.278056	  90.26552	  90.25337	 90.241601	 90.230212	   90.2192	 90.208561	 90.198293	 90.188393	  90.17886	 90.169689	  90.16088	 90.152429	 90.144334	 90.136594	 90.129205	 90.122167	 90.115476	 90.109132	 90.103132	 90.097474	 90.092158	 90.087182	 90.082543	 90.078242	 90.074276	 90.070645	 90.067347	 90.064382	 90.061748	 90.059446	 90.057473	  90.05583	 90.054517	 90.053532	 90.052875	 90.052547	
        99	 98.907805	 98.815622	 98.723463	  98.63134	 98.539266	 98.447253	 98.355312	 98.263456	 98.171697	 98.080047	 97.988517	 97.897119	 97.805866	 97.714769	  97.62384	  97.53309	 97.442531	 97.352175	 97.262033	 97.172116	 97.082435	 96.993003	 96.903829	 96.814925	 96.726301	 96.637969	 96.549939	 96.462221	 96.374827	 96.287765	 96.201047	 96.114683	 96.028682	 95.943054	 95.857809	 95.772956	 95.688505	 95.604465	 95.520844	 95.437653	 95.354899	  95.27259	 95.190737	 95.109346	 95.028426	 94.947985	  94.86803	  94.78857	 94.709611	 94.631161	 94.553226	 94.475814	 94.398932	 94.322586	 94.246781	 94.171525	 94.096824	 94.022683	 93.949107	 93.876102	 93.803674	 93.731827	 93.660567	 93.589897	 93.519823	 93.450348	 93.381477	 93.313214	 93.245562	 93.178525	 93.112106	 93.046309	 92.981136	 92.916591	 92.852675	 92.789391	 92.726742	 92.664729	 92.603355	  92.54262	 92.482528	 92.423078	 92.364273	 92.306113	 92.248599	 92.191732	 92.135512	 92.079939	 92.025015	 91.970738	 91.917109	 91.864127	 91.811792	 91.760104	 91.709062	 91.658664	  91.60891	 91.559799	 91.511329	 91.463499	 91.416307	 91.369753	 91.323833	 91.278546	  91.23389	 91.189863	 91.146462	 91.103686	 91.061531	 91.019995	 90.979075	  90.93877	 90.899074	 90.859987	 90.821504	 90.783623	  90.74634	 90.709653	 90.673556	 90.638048	 90.603125	 90.568783	 90.535019	 90.501828	 90.469208	 90.437154	 90.405662	 90.374729	 90.344351	 90.314523	 90.285242	 90.256504	 90.228305	 90.200641	 90.173507	   90.1469	 90.120815	 90.095249	 90.070196	 90.045654	 90.021618	 89.998083	 89.975047	 89.952504	  89.93045	 89.908882	 89.887796	 89.867186	  89.84705	 89.827384	 89.808183	 89.789443	 89.771161	 89.753333	 89.735954	 89.719022	 89.702533	 89.686482	 89.670866	 89.655682	 89.640926	 89.626595	 89.612684	 89.599192	 89.586114	 89.573448	  89.56119	 89.549338	 89.537887	 89.526836	 89.516181	  89.50592	  89.49605	 89.486569	 89.477473	 89.468761	  89.46043	 89.452478	 89.444902	 89.437701	 89.430873	 89.424415	 89.418326	 89.412605	 89.407249	 89.402256	 89.397627	 89.393359	  89.38945	 89.385901	 89.382709	 89.379875	 89.377397	 89.375274	 89.373505	 89.372091	 89.371031	 89.370325	 89.369972	
        99	 98.901282	 98.802577	 98.703898	 98.605258	  98.50667	 98.408147	 98.309701	 98.211346	 98.113095	 98.014961	 97.916955	 97.819091	 97.721382	  97.62384	 97.526477	 97.429307	 97.332341	 97.235593	 97.139073	 97.042794	 96.946769	 96.851009	 96.755526	 96.660332	 96.565438	 96.470857	 96.376599	 96.282675	 96.189097	 96.095876	 96.003023	 95.910549	 95.818463	 95.726777	 95.635501	 95.544645	 95.454219	 95.364233	 95.274696	 95.185619	  95.09701	 95.008879	 94.921234	 94.834085	  94.74744	 94.661308	 94.575696	 94.490614	 94.406069	 94.322068	  94.23862	 94.155731	  94.07341	 93.991662	 93.910494	 93.829914	 93.749927	 93.670541	  93.59176	  93.51359	 93.436038	 93.359108	 93.282805	 93.207136	 93.132104	 93.057714	 92.983971	 92.910878	  92.83844	  92.76666	 92.695542	  92.62509	 92.555306	 92.486193	 92.417755	 92.349994	 92.282913	 92.216513	 92.150796	 92.085765	 92.021421	 91.957766	   91.8948	 91.832525	 91.770942	 91.710051	 91.649854	 91.590349	 91.531539	 91.473422	 91.415999	 91.359269	 91.303232	 91.247886	 91.193233	 91.139269	 91.085995	  91.03341	  90.98151	 90.930297	 90.879766	 90.829918	 90.780749	 90.732258	 90.684443	 90.637301	  90.59083	 90.545027	 90.499889	 90.455415	   90.4116	 90.368443	 90.325939	 90.284087	 90.242881	  90.20232	 90.162399	 90.123116	 90.084466	 90.046446	 90.009052	  89.97228	 89.936127	 89.900588	  89.86566	 89.831338	 89.797618	 89.764497	 89.731969	 89.700031	 89.668679	 89.637908	 89.607714	 89.578092	 89.549039	 89.520549	 89.492619	 89.465243	 89.438419	  89.41214	 89.386403	 89.361204	 89.336537	 89.312399	 89.288786	 89.265692	 89.243113	 89.221046	 89.199485	 89.178427	 89.157868	 89.137802	 89.118227	 89.099137	 89.080529	 89.062399	 89.044743	 89.027557	 89.010836	 88.994578	 88.978778	 88.963432	 88.948538	 88.934091	 88.920088	 88.906526	 88.893401	  88.88071	 88.868449	 88.856616	 88.845208	 88.834221	 88.823652	   88.8135	 88.803761	 88.794432	 88.785512	 88.776997	 88.768886	 88.761175	 88.753864	 88.746949	 88.740429	 88.734303	 88.728568	 88.723222	 88.718265	 88.713695	  88.70951	  88.70571	 88.702293	 88.699258	 88.696604	 88.694331	 88.692437	 88.690923	 88.689788	 88.689032	 88.688654	
        99	 98.894772	 98.789558	 98.684372	 98.579227	 98.474137	 98.369117	  98.26418	 98.159339	 98.054609	 97.950003	 97.845534	 97.741217	 97.637064	  97.53309	 97.429307	 97.325729	 97.222369	  97.11924	 97.016355	 96.913728	  96.81137	 96.709296	 96.607516	 96.506044	 96.404893	 96.304074	   96.2036	 96.103483	 96.003735	 95.904366	  95.80539	 95.706817	 95.608659	 95.510927	 95.413632	 95.316784	 95.220395	 95.124475	 95.029034	 94.934083	  94.83963	 94.745687	 94.652263	 94.559367	 94.467008	 94.375196	 94.283939	 94.193246	 94.103126	 94.013586	 93.924635	  93.83628	  93.74853	 93.661391	 93.574871	 93.488977	 93.403716	 93.319094	 93.235117	 93.151793	 93.069127	 92.987124	  92.90579	  92.82513	  92.74515	 92.665855	 92.587248	 92.509335	  92.43212	 92.355607	   92.2798	 92.204701	 92.130316	 92.056646	 91.983695	 91.911465	  91.83996	 91.769181	 91.699131	 91.629811	 91.561224	 91.493371	 91.426253	 91.359872	 91.294227	 91.229321	 91.165154	 91.101726	 91.039037	 90.977088	 90.915878	 90.855407	 90.795674	  90.73668	 90.678422	   90.6209	 90.564113	 90.508059	 90.452738	 90.398147	 90.344284	 90.291148	 90.238737	 90.187049	  90.13608	 90.085829	 90.036294	  89.98747	 89.939356	 89.891949	 89.845245	 89.799242	 89.753935	 89.709323	   89.6654	 89.622164	 89.579611	 89.537737	 89.496538	 89.456011	 89.416151	 89.376955	 89.338417	 89.300535	 89.263303	 89.226718	 89.190775	 89.155469	 89.120796	 89.086752	 89.053333	 89.020532	 88.988347	 88.956772	 88.925803	 88.895434	 88.865662	 88.836481	 88.807888	 88.779876	 88.752442	 88.725581	 88.699288	 88.673558	 88.648387	 88.623771	 88.599703	 88.576181	 88.553198	 88.530752	 88.508836	 88.487448	 88.466581	 88.446233	 88.426398	 88.407072	 88.388252	 88.369932	 88.352109	 88.334778	 88.317936	 88.301579	 88.285702	 88.270303	 88.255377	  88.24092	 88.226929	 88.213401	 88.200332	 88.187719	 88.175558	 88.163847	 88.152581	  88.14176	 88.131378	 88.121434	 88.111926	 88.102849	 88.094203	 88.085984	  88.07819	  88.07082	  88.06387	  88.05734	 88.051226	 88.045529	 88.040245	 88.035373	 88.030912	 88.026861	 88.023219	 88.019983	 88.017155	 88.014732	 88.012713	   88.0111	  88.00989	 88.009083	  88.00868	
        99	 98.888276	 98.776567	 98.664887	 98.553251	 98.441674	  98.33017	 98.218755	 98.107442	 97.996246	 97.885182	 97.774264	 97.663507	 97.552925	 97.442531	 97.332341	 97.222369	 97.112628	 97.003133	 96.893896	 96.784933	 96.676257	  96.56788	 96.459818	 96.352082	 96.244686	 96.137643	 96.030967	 95.924669	 95.818762	 95.713259	 95.608173	 95.503515	 95.399297	 95.295531	  95.19223	 95.089403	 94.987064	 94.885222	 94.783889	 94.683076	 94.582793	  94.48305	 94.383858	 94.285227	 94.187167	 94.089687	 93.992796	 93.896504	  93.80082	 93.705753	  93.61131	 93.517501	 93.424333	 93.331815	 93.239954	 93.148757	 93.058233	 92.968387	 92.879226	 92.790758	 92.702988	 92.615922	 92.529567	 92.443929	 92.359011	  92.27482	 92.191361	 92.108638	 92.026657	  91.94542	 91.864932	 91.785198	  91.70622	 91.628002	 91.550547	 91.473859	 91.397939	 91.322791	 91.248416	 91.174818	 91.101996	 91.029954	 90.958693	 90.888213	 90.818516	 90.749603	 90.681475	 90.614131	 90.547572	 90.481799	  90.41681	 90.352606	 90.289186	 90.226549	 90.164694	 90.103621	 90.043329	 89.983815	 89.925078	 89.867117	 89.809929	 89.753513	 89.697866	 89.642987	 89.588872	 89.535519	 89.482925	 89.431087	 89.380003	 89.329669	 89.280082	 89.231239	 89.183136	 89.135769	 89.089135	 89.043229	 88.998049	  88.95359	 88.909848	 88.866819	 88.824498	 88.782882	 88.741966	 88.701745	 88.662214	  88.62337	 88.585208	 88.547723	  88.51091	 88.474764	 88.439282	 88.404456	 88.370284	  88.33676	 88.303878	 88.271635	 88.240025	 88.209043	 88.178684	 88.148944	 88.119816	 88.091297	  88.06338	 88.036062	 88.009337	 87.983201	 87.957647	 87.932673	 87.908272	 87.884439	 87.861171	 87.838462	 87.816307	 87.794703	 87.773643	 87.753125	 87.733142	 87.713691	 87.694768	 87.676368	 87.658486	 87.641119	 87.624262	 87.607912	 87.592064	 87.576715	 87.561861	 87.547497	 87.533621	 87.520229	 87.507318	 87.494883	 87.482923	 87.471433	 87.460411	 87.449853	 87.439757	 87.430121	 87.420941	 87.412214	 87.403939	 87.396114	 87.388735	 87.381802	 87.375311	 87.369261	 87.363651	 87.358479	 87.353743	 87.349442	 87.345574	 87.342139	 87.339136	 87.336563	  87.33442	 87.332707	 87.331422	 87.330566	 87.330138	
