Time step 55:
        99	        99	        99	        99	        99	        99	        99	        99	        99	        99	        99	        99	        99	        99	        99	        99	        99	        99	        99	        99	        99	        99	        99	        99	        99	        99	        99	        99	        99	        99	        99	        99	        99	        99	        99	        99	        99	        99	        99	        99	        99	        99	        99	        99	        99	        99	        99	        99	        99	        99	        99	        99	        99	        99	        99	        99	        99	        99	        99	        99	        99	        99	        99	        99	        99	        99	        99	        99	        99	        99	        99	        99	        99	        99	        99	        99	        99	        99	        99	        99	        99	        99	        99	        99	        99	        99	        99	        99	        99	        99	        99	        99	        99	        99	        99	        99	        99	        99	        99	        99	        99	        99	        99	        99	        99	        99	        99	        99	        99	        99	        99	        99	        99	        99	        99	        99	        99	        99	        99	        99	        99	        99	        99	        99	        99	        99	        99	        99	        99	        99	        99	        99	        99	        99	        99	        99	        99	        99	        99	        99	        99	        99	        99	        99	        99	        99	        99	        99	        99	        99	        99	        99	        99	        99	        99	        99	        99	        99	        99	        99	        99	        99	        99	        99	        99	        99	        99	        99	        99	        99	        99	        99	        99	        99	        99	        99	        99	        99	        99	        99	        99	        99	        99	        99	        99	        99	        99	        99	        99	        99	        99	        99	        99	        99	        99	        99	        99	        99	        99	        99	
        99	 98.988455	 98.976913	 98.965376	 98.953848	 98.942329	 98.930824	 98.919335	 98.907864	 98.896415	 98.884989	 98.873589	 98.862218	 98.850878	 98.839572	 98.828302	 98.817071	 98.805881	 98.794735	 98.783635	 98.772583	 98.761581	 98.750633	  98.73974	 98.728904	 98.718127	 98.707413	 98.696762	 98.686177	 98.675659	 98.665212	 98.654836	 98.644534	 98.634307	 98.624157	 98.614087	 98.604097	 98.594189	 98.584365	 98.574626	 98.564974	  98.55541	 98.545936	 98.536553	 98.527262	 98.518064	 98.508961	 98.499953	 98.491043	 98.482229	 98.473515	   98.4649	 98.456385	 98.447971	 98.439659	 98.431449	 98.423343	  98.41534	  98.40744	 98.399646	 98.391956	 98.384372	 98.376893	 98.369519	 98.362252	  98.35509	 98.348035	 98.341086	 98.334242	 98.327505	 98.320874	 98.314348	 98.307928	 98.301613	 98.295403	 98.289298	 98.283297	   98.2774	 98.271606	 98.265915	 98.260326	 98.254839	 98.249453	 98.244167	 98.238981	 98.233894	 98.228906	 98.224015	 98.219221	 98.214522	 98.209919	  98.20541	 98.200994	 98.196671	 98.192438	 98.188297	 98.184244	  98.18028	 98.176403	 98.172613	 98.168907	 98.165286	 98.161748	 98.158292	 98.154916	  98.15162	 98.148403	 98.145263	   98.1422	 98.139211	 98.136297	 98.133455	 98.130685	 98.127985	 98.125354	 98.122791	 98.120296	 98.117866	   98.1155	 98.113198	 98.110958	 98.108779	 98.106659	 98.104599	 98.102596	 98.100649	 98.098758	 98.096921	 98.095136	 98.093404	 98.091722	 98.090091	 98.088507	 98.086972	 98.085482	 98.084039	 98.082639	 98.081283	  98.07997	 98.078697	 98.077465	 98.076273	 98.075119	 98.074003	 98.072923	 98.071879	 98.070869	 98.069894	 98.068952	 98.068042	 98.067163	 98.066315	 98.065497	 98.064707	 98.063946	 98.063213	 98.062506	 98.061825	  98.06117	 98.060539	 98.059932	 98.059349	 98.058788	  98.05825	 98.057733	 98.057237	 98.056761	 98.056305	 98.055868	 98.055451	 98.055051	 98.054669	 98.054305	 98.053957	 98.053626	 98.053312	 98.053012	 98.052728	 98.052459	 98.052205	 98.051965	 98.051738	 98.051526	 98.051327	  98.05114	 98.050967	 98.050806	 98.050658	 98.050522	 98.050398	 98.050285	 98.050185	 98.050096	 98.050018	 98.049951	 98.049896	 98.049852	 98.049819	 98.049797	 98.049786	
        99	 98.976913	 98.953832	 98.930761	 98.907706	 98.884672	 98.861665	 98.838689	  98.81575	 98.792853	 98.770004	 98.747207	 98.724467	  98.70179	  98.67918	 98.656643	 98.634184	 98.611807	 98.589517	 98.567319	 98.545218	 98.523217	 98.501323	 98.479539	  98.45787	 98.436319	 98.414892	 98.393593	 98.372425	 98.351393	   98.3305	 98.309751	 98.289149	 98.268698	 98.248401	 98.228262	 98.208284	  98.18847	 98.168825	 98.149349	 98.130048	 98.110922	 98.091976	 98.073212	 98.054632	 98.036239	 98.018035	 98.000022	 97.982202	 97.964578	 97.947151	 97.929922	 97.912894	 97.896069	 97.879447	 97.863029	 97.846818	 97.830813	 97.815017	  97.79943	 97.784052	 97.768885	 97.753928	 97.739183	  97.72465	 97.710329	  97.69622	 97.682323	 97.668638	 97.655165	 97.641904	 97.628854	 97.616015	 97.603387	 97.590968	 97.578759	 97.566758	 97.554965	 97.543379	 97.531998	 97.520821	 97.509848	 97.499077	 97.488507	 97.478137	 97.467965	 97.457989	 97.448208	 97.438621	 97.429225	  97.42002	 97.411003	 97.402172	 97.393526	 97.385062	 97.376779	 97.368675	 97.360748	 97.352995	 97.345415	 97.338005	 97.330764	 97.323688	 97.316776	 97.310026	 97.303436	 97.297002	 97.290723	 97.284596	  97.27862	 97.272792	 97.267109	 97.261569	 97.256169	 97.250909	 97.245784	 97.240793	 97.235934	 97.231203	 97.226599	  97.22212	 97.217762	 97.213524	 97.209403	 97.205398	 97.201505	 97.197723	 97.194049	 97.190481	 97.187016	 97.183653	  97.18039	 97.177224	 97.174153	 97.171175	 97.168287	 97.165489	 97.162777	  97.16015	 97.157606	 97.155143	 97.152758	  97.15045	 97.148218	 97.146058	  97.14397	 97.141952	 97.140002	 97.138117	 97.136297	  97.13454	 97.132844	 97.131208	 97.129629	 97.128108	 97.126641	 97.125227	 97.123866	 97.122555	 97.121294	  97.12008	 97.118914	 97.117793	 97.116716	 97.115682	  97.11469	 97.113738	 97.112826	 97.111953	 97.111118	 97.110319	 97.109556	 97.108827	 97.108132	  97.10747	  97.10684	 97.106242	 97.105674	 97.105136	 97.104627	 97.104147	 97.103695	 97.103269	 97.102871	 97.102499	 97.102152	  97.10183	 97.101534	 97.101262	 97.101013	 97.100789	 97.100587	 97.100409	 97.100254	 97.100121	 97.100011	 97.099923	 97.099857	 97.099813	 97.099791	
        99	 98.965376	 98.930761	 98.896161	 98.861585	 98.827041	 98.792536	 98.758079	 98.723678	 98.689339	 98.655071	 98.620882	 98.586779	  98.55277	 98.518863	 98.485064	 98.451381	 98.417822	 98.384393	 98.351103	 98.317957	 98.284963	 98.252128	 98.219458	  98.18696	 98.154641	 98.122507	 98.090564	 98.058818	 98.027276	 97.995943	 97.964825	 97.933928	 97.903257	 97.872817	 97.842614	 97.812653	 97.782938	 97.753475	 97.724268	 97.695321	 97.666639	 97.638225	 97.610084	 97.582219	 97.554635	 97.527334	 97.500319	 97.473595	 97.447164	 97.421028	  97.39519	 97.369654	  97.34442	 97.319491	  97.29487	 97.270557	 97.246555	 97.222865	 97.199489	 97.176427	  97.15368	  97.13125	 97.109137	 97.087341	 97.065863	 97.044703	 97.023862	 97.003339	 96.983133	 96.963245	 96.943674	  96.92442	 96.905481	 96.886857	 96.868546	 96.850549	 96.832862	 96.815486	 96.798418	 96.781656	   96.7652	 96.749047	 96.733195	 96.717642	 96.702386	 96.687426	 96.672757	 96.658379	 96.644289	 96.630483	  96.61696	 96.603716	 96.590749	 96.578057	 96.565635	 96.553481	 96.541592	 96.529965	 96.518597	 96.507485	 96.496624	 96.486013	 96.475648	 96.465524	  96.45564	 96.445991	 96.436575	 96.427387	 96.418424	 96.409683	  96.40116	 96.392852	 96.384755	 96.376865	 96.369179	 96.361694	 96.354407	 96.347312	 96.340407	 96.333689	 96.327154	 96.320798	 96.314619	 96.308612	 96.302773	 96.297101	 96.291591	  96.28624	 96.281044	 96.276001	 96.271107	 96.266359	 96.261753	 96.257287	 96.252957	  96.24876	 96.244693	 96.240753	 96.236938	 96.233243	 96.229667	 96.226206	 96.222858	  96.21962	 96.216488	 96.213461	 96.210536	  96.20771	 96.204981	 96.202346	 96.199802	 96.197348	 96.194981	 96.192698	 96.190498	 96.188379	 96.186337	 96.184371	  96.18248	  96.18066	  96.17891	 96.177229	 96.175614	 96.174063	 96.172575	 96.171148	 96.169781	 96.168472	 96.167219	  96.16602	 96.164876	 96.163783	 96.162741	 96.161748	 96.160804	 96.159906	 96.159055	 96.158248	 96.157485	 96.156764	 96.156086	 96.155448	 96.154851	 96.154292	 96.153772	  96.15329	 96.152845	 96.152437	 96.152065	 96.151728	 96.151426	 96.151159	 96.150926	 96.150727	 96.150561	 96.150429	  96.15033	 96.150264	 96.150231	
        99	 98.953848	 98.907706	 98.861585	 98.815496	  98.76945	 98.723456	 98.677526	 98.631669	 98.585896	 98.540218	 98.494645	 98.449187	 98.403853	 98.358655	 98.313602	 98.268704	  98.22397	 98.179411	 98.135035	 98.090852	 98.046872	 98.003104	 97.959556	 97.916237	 97.873156	 97.830322	 97.787743	 97.745426	 97.703381	 97.661615	 97.620136	 97.578951	 97.538067	 97.497492	 97.457232	 97.417295	 97.377686	 97.338412	 97.299479	 97.260894	 97.222661	 97.184786	 97.147275	 97.110132	 97.073362	 97.036971	 97.000961	 96.965338	 96.930106	 96.895267	 96.860827	 96.826787	 96.793151	 96.759921	 96.727102	 96.694694	   96.6627	 96.631122	 96.599961	  96.56922	 96.538899	    96.509	 96.479524	 96.450471	 96.421841	 96.393636	 96.365855	 96.338497	 96.311564	 96.285054	 96.258966	 96.233301	 96.208056	  96.18323	 96.158823	 96.134832	 96.111257	 96.088094	 96.065343	    96.043	 96.021064	 95.999532	 95.978402	 95.957671	 95.937335	 95.917393	  95.89784	 95.878675	 95.859892	  95.84149	 95.823464	  95.80581	 95.788526	 95.771607	 95.755049	 95.738848	    95.723	 95.707502	 95.692349	 95.677536	 95.663059	 95.648915	 95.635098	 95.621604	 95.608428	 95.595567	 95.583015	 95.570767	  95.55882	 95.547168	 95.535808	 95.524733	  95.51394	 95.503423	 95.493178	 95.483201	 95.473486	  95.46403	 95.454826	 95.445871	  95.43716	 95.428688	  95.42045	 95.412443	 95.404661	   95.3971	 95.389755	 95.382622	 95.375696	 95.368974	  95.36245	 95.356121	 95.349981	 95.344028	 95.338256	 95.332662	 95.327241	 95.321989	 95.316903	 95.311979	 95.307212	 95.302598	 95.298135	 95.293818	 95.289644	  95.28561	  95.28171	 95.277943	 95.274305	 95.270793	 95.267402	 95.264131	 95.260976	 95.257933	 95.255001	 95.252175	 95.249454	 95.246833	 95.244312	 95.241886	 95.239554	 95.237313	  95.23516	 95.233093	 95.231109	 95.229208	 95.227385	  95.22564	 95.223969	 95.222372	 95.220846	  95.21939	 95.218001	 95.216677	 95.215418	 95.214222	 95.213087	 95.212011	 95.210994	 95.210034	  95.20913	  95.20828	 95.207483	 95.206739	 95.206046	 95.205403	  95.20481	 95.204266	  95.20377	 95.203321	 95.202918	 95.202562	 95.202251	 95.201986	 95.201765	 95.201589	 95.201457	 95.201369	 95.201325	
        99	 98.942329	 98.884672	 98.827041	  98.76945	 98.711911	 98.654439	 98.597046	 98.539745	 98.482549	 98.425471	 98.368524	  98.31172	 98.255073	 98.198595	 98.142298	 98.086194	 98.030296	 97.974616	 97.919166	 97.863957	    97.809	 97.754308	 97.699892	 97.645762	  97.59193	 97.538405	   97.4852	 97.432323	 97.379784	 97.327595	 97.275764	   97.2243	 97.173213	 97.122511	 97.072204	 97.022299	 96.972805	  96.92373	 96.875081	 96.826865	  96.77909	 96.731763	  96.68489	 96.638478	 96.592531	 96.547058	 96.502061	 96.457548	 96.413522	 96.369989	 96.326953	 96.284418	 96.242388	 96.200865	 96.159855	 96.119359	  96.07938	 96.039921	 96.000984	 95.962571	 95.924683	 95.887322	 95.850489	 95.814185	 95.778411	 95.743166	 95.708451	 95.674267	 95.640611	 95.607485	 95.574887	 95.542816	  95.51127	 95.480249	 95.449751	 95.419773	 95.390313	  95.36137	  95.33294	 95.305022	 95.277611	 95.250706	 95.224302	 95.198397	 95.172986	 95.148067	 95.123635	 95.099686	 95.076216	 95.053221	 95.030696	 95.008637	 94.987038	 94.965897	 94.945206	 94.924963	  94.90516	 94.885794	 94.866859	 94.848349	  94.83026	 94.812585	  94.79532	 94.778458	 94.761994	 94.745923	 94.730238	 94.714934	 94.700005	 94.685446	 94.671249	 94.657411	 94.643924	 94.630783	 94.617981	 94.605514	 94.593375	 94.581558	 94.570057	 94.558867	 94.547982	 94.537396	 94.527102	 94.517097	 94.507372	 94.497924	 94.488746	 94.479833	 94.471179	 94.462779	 94.454627	 94.446718	 94.439047	 94.431607	 94.424395	 94.417405	 94.410631	 94.404069	 94.397713	 94.391559	 94.385603	 94.379838	 94.374261	 94.368867	 94.363651	  94.35861	 94.353737	  94.34903	 94.344484	 94.340095	 94.335858	 94.331771	 94.327828	 94.324026	 94.320362	 94.316831	  94.31343	 94.310156	 94.307005	 94.303974	  94.30106	 94.298259	 94.295569	 94.292986	 94.290508	 94.288131	 94.285854	 94.283673	 94.281586	  94.27959	 94.277683	 94.275863	 94.274127	 94.272474	 94.270901	 94.269406	 94.267988	 94.266644	 94.265373	 94.264173	 94.263042	  94.26198	 94.260985	 94.260055	 94.259189	 94.258386	 94.257645	 94.256965	 94.256345	 94.255784	 94.255281	 94.254836	 94.254448	 94.254116	  94.25384	  94.25362	 94.253455	 94.253345	 94.253291	
        99	 98.930824	 98.861665	 98.792536	 98.723456	 98.654439	 98.585501	 98.516658	 98.447926	 98.379319	 98.310855	 98.242547	 98.174412	 98.106464	 98.038718	  97.97119	 97.903894	 97.836845	 97.770057	 97.703544	 97.637321	 97.571401	 97.505799	 97.440526	 97.375598	 97.311026	 97.246824	 97.183004	 97.119578	 97.056559	 96.993958	 96.931786	 96.870055	 96.808777	  96.74796	 96.687617	 96.627756	 96.568389	 96.509523	 96.451169	 96.393334	 96.336029	  96.27926	 96.223036	 96.167364	 96.112252	 96.057707	 96.003734	  95.95034	 95.897532	 95.845314	 95.793692	 95.742672	 95.692256	 95.642451	 95.593259	 95.544684	 95.496729	 95.449398	 95.402694	 95.356617	 95.311171	 95.266357	 95.222176	 95.178629	 95.135718	 95.093442	 95.051802	 95.010798	 94.970428	 94.930694	 94.891592	 94.853123	 94.815284	 94.778075	 94.741492	 94.705533	 94.670197	  94.63548	 94.601379	  94.56789	 94.535012	 94.502739	 94.471068	 94.439994	 94.409514	 94.379624	 94.350317	 94.321591	 94.293439	 94.265856	 94.238837	 94.212378	 94.186471	 94.161111	 94.136293	 94.112011	 94.088258	 94.065028	 94.042315	 94.020113	 93.998415	 93.977214	 93.956505	 93.936279	 93.916531	 93.897253	  93.87844	 93.860083	 93.842176	 93.824712	 93.807683	 93.791084	 93.774906	 93.759143	 93.743788	 93.728834	 93.714273	 93.700098	 93.686304	 93.672881	 93.659824	 93.647126	 93.634779	 93.622777	 93.611113	  93.59978	 93.588772	  93.57808	   93.5677	 93.557624	 93.547846	 93.538359	 93.529157	 93.520234	 93.511582	 93.503197	 93.495072	 93.487201	 93.479578	 93.472196	 93.465051	 93.458137	 93.451447	 93.444977	 93.438721	 93.432673	 93.426829	 93.421183	  93.41573	 93.410465	 93.405383	  93.40048	  93.39575	  93.39119	 93.386795	  93.38256	  93.37848	 93.374553	 93.370774	 93.367138	 93.363643	 93.360283	 93.357056	 93.353958	 93.350985	 93.348135	 93.345403	 93.342787	 93.340283	 93.337889	 93.335602	 93.333419	 93.331337	 93.329354	 93.327467	 93.325674	 93.323972	  93.32236	 93.320836	 93.319396	 93.318041	 93.316767	 93.315573	 93.314457	 93.313419	 93.312455	 93.311567	 93.310751	 93.310007	 93.309334	 93.308731	 93.308197	 93.307731	 93.307333	 93.307003	 93.306739	 93.306541	 93.306409	 93.306344	
        99	 98.919335	 98.838689	 98.758079	 98.677526	 98.597046	 98.516658	 98.436381	 98.356233	 98.276232	 98.196396	 98.116744	 98.037292	 97.958059	 97.879061	 97.800318	 97.721845	  97.64366	 97.565779	 97.488219	 97.410997	 97.334129	 97.257631	 97.181518	 97.105805	 97.030509	 96.955644	 96.881224	 96.807264	 96.733778	  96.66078	 96.588282	 96.516299	 96.444843	 96.373925	  96.30356	 96.233757	 96.164529	 96.095887	  96.02784	 95.960401	 95.893577	  95.82738	 95.761818	   95.6969	 95.632634	 95.569029	 95.506092	 95.443831	 95.382251	 95.321361	 95.261166	 95.201671	 95.142882	 95.084804	 95.027442	   94.9708	 94.914881	 94.859689	 94.805227	 94.751498	 94.698503	 94.646246	 94.594727	 94.543948	  94.49391	 94.444613	 94.396057	 94.348242	 94.301168	 94.254834	 94.209238	  94.16438	 94.120257	 94.076867	 94.034208	 93.992277	 93.951072	 93.910588	 93.870824	 93.831773	 93.793434	 93.755801	  93.71887	 93.682635	 93.647093	 93.612238	 93.578065	 93.544567	 93.511739	 93.479575	 93.448069	 93.417215	 93.387005	 93.357434	 93.328494	 93.300178	  93.27248	 93.245392	 93.218907	 93.193018	 93.167716	 93.142994	 93.118844	  93.09526	 93.072232	 93.049752	 93.027814	 93.006408	 92.985527	 92.965162	 92.945306	 92.925949	 92.907085	 92.888704	 92.870799	  92.85336	 92.836381	 92.819852	 92.803766	 92.788115	 92.772889	 92.758082	 92.743685	 92.729689	 92.716088	 92.702873	 92.690036	 92.677569	 92.665464	 92.653715	 92.642313	  92.63125	  92.62052	 92.610114	 92.600026	 92.590249	 92.580774	 92.571595	 92.562706	 92.554099	 92.545767	 92.537704	 92.529903	 92.522359	 92.515063	 92.508011	 92.501196	 92.494612	 92.488254	 92.482114	 92.476189	 92.470471	 92.464956	 92.459638	 92.454513	 92.449574	 92.444818	 92.440238	 92.435831	 92.431592	 92.427516	 92.423598	 92.419835	 92.416222	 92.412756	 92.409432	 92.406247	 92.403196	 92.400277	 92.397485	 92.394818	 92.392272	 92.389844	 92.387532	 92.385331	 92.383241	 92.381257	 92.379377	 92.377599	 92.375921	  92.37434	 92.372854	 92.371462	 92.370161	  92.36895	 92.367827	  92.36679	 92.365839	 92.364972	 92.364187	 92.363484	 92.362861	 92.362318	 92.361854	 92.361468	 92.361161	  92.36093	 92.360777	   92.3607	
        99	 98.907864	  98.81575	 98.723678	 98.631669	 98.539745	 98.447926	 98.356233	 98.264688	 98.173311	 98.082122	 97.991142	 97.900392	 97.809892	 97.719661	  97.62972	 97.540088	 97.450785	 97.361829	  97.27324	 97.185037	 97.097238	 97.009862	 96.922925	 96.836446	 96.750443	 96.664931	 96.579929	 96.495451	 96.411516	 96.328137	  96.24533	  96.16311	 96.081493	 96.000491	 95.920119	  95.84039	 95.761318	 95.682914	 95.605192	 95.528162	 95.451836	 95.376225	  95.30134	 95.227191	 95.153786	 95.081136	  95.00925	 94.938134	 94.867799	 94.798249	 94.729494	 94.661539	  94.59439	 94.528054	 94.462535	 94.397837	 94.333967	 94.270926	  94.20872	  94.14735	  94.08682	 94.027131	 93.968287	 93.910287	 93.853133	 93.796825	 93.741365	  93.68675	 93.632982	 93.580059	  93.52798	 93.476742	 93.426345	 93.376785	  93.32806	 93.280166	 93.233102	 93.186861	 93.141442	 93.096839	 93.053047	 93.010063	  92.96788	 92.926493	 92.885897	 92.846085	 92.807052	  92.76879	 92.731294	 92.694557	  92.65857	 92.623328	 92.588823	 92.555046	 92.521991	 92.489649	 92.458013	 92.427073	 92.396821	  92.36725	  92.33835	 92.310113	 92.282529	 92.255591	 92.229288	 92.203612	 92.178554	 92.154104	 92.130254	 92.106993	 92.084313	 92.062204	 92.040657	 92.019662	 91.999211	 91.979293	 91.959899	  91.94102	 91.922646	 91.904769	 91.887379	 91.870466	 91.854021	 91.838035	   91.8225	 91.807405	 91.792743	 91.778503	 91.764677	 91.751257	 91.738234	 91.725598	 91.713342	 91.701457	 91.689934	 91.678766	 91.667944	  91.65746	 91.647306	 91.637475	 91.627959	 91.618749	 91.609839	 91.601222	 91.592889	 91.584834	  91.57705	  91.56953	 91.562267	 91.555254	 91.548486	 91.541956	 91.535656	 91.529583	 91.523728	 91.518087	 91.512654	 91.507424	  91.50239	 91.497548	 91.492892	 91.488417	 91.484119	 91.479993	 91.476033	 91.472237	 91.468598	 91.465114	 91.461779	 91.458591	 91.455545	 91.452637	 91.449864	 91.447222	 91.444709	 91.442321	 91.440055	 91.437908	 91.435877	  91.43396	 91.432154	 91.430457	 91.428867	 91.427381	 91.425998	 91.424715	 91.423531	 91.422445	 91.421454	 91.420558	 91.419754	 91.419043	 91.418423	 91.417893	 91.417452	 91.417101	 91.416838	 91.416662	 91.416575	
        99	 98.896415	 98.792853	 98.689339	 98.585896	 98.482549	 98.379319	 98.276232	 98.173311	 98.070578	 97.968057	 97.865772	 97.763744	 97.661997	 97.560553	 97.459435	 97.358665	 97.258264	 97.158254	 97.058656	 96.959492	 96.860782	 96.762547	 96.664807	 96.567581	  96.47089	 96.374752	 96.279186	 96.184211	 96.089844	 95.996104	 95.903007	  95.81057	  95.71881	 95.627742	 95.537382	 95.447746	 95.358847	   95.2707	 95.183319	 95.096716	 95.010905	 94.925899	 94.841707	 94.758343	 94.675817	 94.594139	 94.513319	 94.433366	  94.35429	 94.276098	 94.198798	 94.122398	 94.046905	 93.972325	 93.898663	 93.825926	 93.754118	 93.683244	 93.613307	 93.544311	 93.476258	 93.409153	 93.342995	 93.277788	 93.213531	 93.150226	 93.087874	 93.026473	 92.966023	 92.906523	 92.847971	 92.790367	 92.733706	 92.677987	 92.623207	 92.569362	 92.516449	 92.464462	 92.413398	 92.363252	 92.314019	 92.265693	 92.218268	 92.171738	 92.126097	 92.081338	 92.037454	 91.994437	 91.952282	 91.910979	 91.870521	 91.830899	 91.792105	 91.754132	 91.716969	 91.680608	 91.645039	 91.610255	 91.576244	 91.542998	 91.510506	  91.47876	 91.447749	 91.417463	 91.387891	 91.359025	 91.330852	 91.303364	  91.27655	 91.250398	   91.2249	 91.200044	 91.175819	 91.152215	 91.129222	 91.106829	 91.085025	   91.0638	 91.043143	 91.023044	 91.003493	 90.984478	  90.96599	 90.948018	 90.930551	 90.913581	 90.897096	 90.881087	 90.865543	 90.850455	 90.835813	 90.821608	 90.807828	 90.794466	 90.781512	 90.768955	 90.756789	 90.745002	 90.733587	 90.722534	 90.711835	 90.701481	 90.691464	 90.681775	 90.672407	 90.663351	 90.654599	 90.646145	 90.637979	 90.630095	 90.622486	 90.615144	 90.608062	 90.601233	 90.594651	  90.58831	 90.582201	 90.576321	 90.570661	 90.565217	 90.559983	 90.554952	  90.55012	 90.545481	  90.54103	 90.536761	 90.532671	 90.528753	 90.525004	 90.521419	 90.517995	 90.514725	 90.511608	 90.508638	 90.505812	 90.503127	  90.50058	 90.498166	 90.495883	 90.493728	 90.491697	  90.48979	 90.488002	 90.486331	 90.484776	 90.483334	 90.482003	 90.480781	 90.479667	  90.47866	 90.477757	 90.476957	  90.47626	 90.475664	 90.475169	 90.474773	 90.474477	  90.47428	 90.474182	
        99	 98.884989	 98.770004	 98.655071	 98.540218	 98.425471	 98.310855	 98.196396	 98.082122	 97.968057	 97.854228	  97.74066	 97.627378	 97.514408	 97.401774	 97.289502	 97.177616	  97.06614	 96.955098	 96.844514	 96.734412	 96.624814	 96.515743	 96.407221	 96.299271	 96.191914	 96.085172	 95.979065	 95.873613	 95.768837	 95.664757	  95.56139	 95.458757	 95.356875	 95.255762	 95.155435	 95.055911	 94.957206	 94.859336	 94.762316	 94.666161	 94.570885	 94.476501	 94.383023	 94.290464	 94.198834	 94.108147	 94.018412	  93.92964	  93.84184	 93.755023	 93.669197	  93.58437	  93.50055	 93.417743	 93.335956	 93.255196	 93.175467	 93.096775	 93.019123	 92.942516	 92.866957	 92.792449	 92.718994	 92.646594	  92.57525	 92.504962	 92.435731	 92.367557	  92.30044	 92.234376	 92.169366	 92.105408	 92.042497	 91.980632	  91.91981	 91.860025	 91.801275	 91.743554	 91.686858	  91.63118	 91.576516	 91.522859	 91.470203	  91.41854	 91.367865	 91.318169	 91.269444	 91.221683	 91.174877	 91.129018	 91.084097	 91.040105	 90.997032	  90.95487	 90.913608	 90.873236	 90.833744	 90.795122	  90.75736	 90.720447	 90.684371	 90.649123	 90.614691	 90.581064	 90.548231	  90.51618	   90.4849	  90.45438	 90.424608	 90.395572	 90.367261	 90.339663	 90.312766	 90.286559	 90.261029	 90.236166	 90.211957	 90.188391	 90.165455	 90.143139	 90.121431	 90.100319	 90.079791	 90.059837	 90.040444	 90.021602	 90.003299	 89.985523	 89.968265	 89.951513	 89.935256	 89.919483	 89.904184	 89.889348	 89.874964	 89.861023	 89.847514	 89.834427	 89.821753	 89.809481	 89.797601	 89.786105	 89.774983	 89.764226	 89.753824	  89.74377	 89.734053	 89.724666	 89.715599	 89.706846	 89.698397	 89.690245	 89.682382	   89.6748	 89.667492	 89.660451	 89.653669	  89.64714	 89.640856	 89.634811	 89.628999	 89.623414	 89.618049	 89.612898	 89.607956	 89.603216	 89.598674	 89.594325	 89.590163	 89.586182	  89.58238	  89.57875	 89.575288	 89.571991	 89.568854	 89.565873	 89.563044	 89.560364	 89.557829	 89.555436	 89.553182	 89.551064	 89.549079	 89.547224	 89.545497	 89.543896	 89.542418	 89.541062	 89.539825	 89.538706	 89.537703	 89.536815	 89.536041	  89.53538	  89.53483	 89.534391	 89.534062	 89.533843	 89.533734	
        99	 98.873589	 98.747207	 98.620882	 98.494645	 98.368524	 98.242547	 98.116744	 97.991142	 97.865772	  97.74066	 97.615835	 97.491324	 97.367156	 97.243359	 97.119958	 96.996982	 96.874457	 96.752409	 96.630864	 96.509848	 96.389386	 96.269504	 96.150226	 96.031576	 95.913578	 95.796256	 95.679631	 95.563727	 95.448566	 95.334169	 95.220557	 95.107751	  94.99577	 94.884635	 94.774364	 94.664975	 94.556487	 94.448916	 94.342279	 94.236593	 94.131874	 94.028135	 93.925391	 93.823657	 93.722945	 93.623269	 93.524639	 93.427068	 93.330567	 93.235144	 93.140811	 93.047576	 92.955447	 92.864432	 92.774539	 92.685774	 92.598142	  92.51165	 92.426302	 92.342102	 92.259054	  92.17716	 92.096424	 92.016848	 91.938432	 91.861177	 91.785085	 91.710153	 91.636383	 91.563772	 91.492318	 91.422019	 91.352873	 91.284877	 91.218025	 91.152315	 91.087741	 91.024299	 90.961983	 90.900787	 90.840704	 90.781729	 90.723853	  90.66707	 90.611372	  90.55675	 90.503195	   90.4507	 90.399255	 90.348851	 90.299477	 90.251125	 90.203783	 90.157441	 90.112089	 90.067715	 90.024309	 89.981859	 89.940354	 89.899782	 89.860131	 89.821389	 89.783544	 89.746584	 89.710496	 89.675269	 89.640888	 89.607343	  89.57462	 89.542706	 89.511588	 89.481255	 89.451692	 89.422887	 89.394827	 89.367499	 89.340891	 89.314989	  89.28978	 89.265252	 89.241392	 89.218187	 89.195625	 89.173693	 89.152378	 89.131668	  89.11155	 89.092013	 89.073045	 89.054632	 89.036763	 89.019427	 89.002611	 88.986305	 88.970496	 88.955173	 88.940325	 88.925941	  88.91201	 88.898521	 88.885465	 88.872829	 88.860605	 88.848781	 88.837349	 88.826297	 88.815617	   88.8053	 88.795335	 88.785714	 88.776427	 88.767467	 88.758825	 88.750491	 88.742459	  88.73472	 88.727266	 88.720089	 88.713183	 88.706539	 88.700151	 88.694012	 88.688115	 88.682453	 88.677021	 88.671812	  88.66682	  88.66204	 88.657465	  88.65309	  88.64891	 88.644921	 88.641116	 88.637492	 88.634044	 88.630767	 88.627658	 88.624712	 88.621926	 88.619296	 88.616818	  88.61449	 88.612308	  88.61027	 88.608372	 88.606612	 88.604988	 88.603497	 88.602137	 88.600908	 88.599806	  88.59883	 88.597979	 88.597252	 88.596647	 88.596165	 88.595804	 88.595563	 88.595443	
        99	 98.862218	 98.724467	 98.586779	 98.449187	  98.31172	 98.174412	 98.037292	 97.900392	 97.763744	 97.627378	 97.491324	 97.355614	 97.220277	 97.085343	 96.950842	 96.816804	 96.683257	  96.55023	 96.417752	  96.28585	 96.154553	 96.023887	  95.89388	 95.764557	 95.635944	 95.508068	 95.380953	 95.254623	 95.129103	 95.004415	 94.880584	  94.75763	 94.635577	 94.514444	 94.394254	 94.275025	 94.156778	 94.039531	 93.923302	 93.808109	 93.693969	 93.580899	 93.468913	 93.358028	 93.248257	 93.139614	 93.032112	 92.925764	 92.820582	 92.716576	 92.613757	 92.512135	 92.411719	 92.312518	 92.214538	 92.117788	 92.022274	 91.928001	 91.834976	 91.743202	 91.652683	 91.563423	 91.475425	  91.38869	  91.30322	 91.219017	 91.136079	 91.054407	 90.974001	 90.894858	 90.816977	 90.740355	 90.664989	 90.590875	 90.518011	 90.446389	 90.376007	 90.306858	 90.238936	 90.172236	 90.106749	 90.042468	 89.979386	 89.917495	 89.856787	 89.797251	 89.738879	 89.681662	  89.62559	 89.570651	 89.516836	 89.464134	 89.412534	 89.362023	 89.312592	 89.264226	 89.216916	 89.170648	 89.125409	 89.081187	 89.037969	 88.995742	 88.954493	 88.914208	 88.874874	 88.836478	 88.799005	 88.762442	 88.726775	 88.691991	 88.658074	 88.625012	  88.59279	 88.561394	  88.53081	 88.501024	 88.472022	  88.44379	 88.416313	 88.389579	 88.363573	 88.338281	 88.313689	 88.289784	 88.266551	 88.243978	 88.222051	 88.200757	 88.180082	 88.160013	 88.140537	 88.121641	 88.103313	 88.085539	 88.068308	 88.051607	 88.035423	 88.019746	 88.004562	  87.98986	 87.975628	 87.961856	 87.948532	 87.935645	 87.923184	 87.911139	 87.899498	 87.888252	 87.877391	 87.866904	 87.856783	 87.847017	 87.837597	 87.828514	 87.819759	 87.811324	 87.803199	 87.795377	 87.787849	 87.780608	 87.773645	 87.766954	 87.760526	 87.754356	 87.748435	 87.742757	 87.737316	 87.732106	 87.727119	 87.722351	 87.717795	 87.713447	   87.7093	  87.70535	 87.701591	  87.69802	 87.694631	  87.69142	 87.688384	 87.685517	 87.682817	 87.680279	 87.677901	 87.675679	  87.67361	 87.671692	 87.669922	 87.668297	 87.666815	 87.665475	 87.664273	  87.66321	 87.662282	  87.66149	 87.660831	 87.660305	 87.659912	 87.659649	 87.659518	
        99	 98.850878	  98.70179	  98.55277	 98.403853	 98.255073	 98.106464	 97.958059	 97.809892	 97.661997	 97.514408	 97.367156	 97.220277	 97.073801	 96.927762	 96.782191	 96.637121	 96.492583	 96.348608	 96.205227	 96.062469	 95.920366	 95.778946	 95.638238	 95.498272	 95.359074	 95.220673	 95.083096	 94.946369	 94.810518	 94.675569	 94.541545	 94.408473	 94.276374	 94.145272	 94.015189	 93.886148	 93.758169	 93.631272	 93.505477	 93.380804	  93.25727	 93.134893	 93.013691	 92.893679	 92.774874	  92.65729	  92.54094	  92.42584	 92.312001	 92.199435	 92.088154	 91.978168	 91.869488	 91.762121	 91.656078	 91.551365	  91.44799	 91.345958	 91.245276	 91.145949	 91.047981	 90.951374	 90.856134	  90.76226	 90.669756	 90.578622	 90.488859	 90.400465	 90.313441	 90.227785	 90.143494	 90.060565	 89.978997	 89.898784	 89.819922	 89.742406	 89.666231	 89.591391	 89.517879	 89.445689	 89.374812	 89.305241	 89.236967	 89.169983	 89.104277	 89.039842	 88.976666	  88.91474	 88.854052	 88.794592	 88.736348	 88.679309	 88.623461	 88.568794	 88.515294	 88.462948	 88.411744	 88.361667	 88.312705	 88.264844	 88.218069	 88.172367	 88.127723	 88.084123	 88.041551	 87.999995	 87.959438	 87.919866	 87.881264	 87.843616	 87.806908	 87.771125	 87.736251	 87.702271	 87.669169	 87.636932	 87.605543	 87.574987	  87.54525	 87.516315	 87.488168	 87.460795	 87.434179	 87.408306	 87.383162	 87.358731	    87.335	 87.311953	 87.289576	 87.267855	 87.246776	 87.226325	 87.206489	 87.187252	 87.168603	 87.150527	 87.133012	 87.116043	  87.09961	 87.083698	 87.068295	  87.05339	 87.038969	 87.025021	 87.011535	 86.998498	 86.985899	 86.973728	 86.961973	 86.950623	 86.939668	 86.929099	 86.918903	 86.909073	 86.899598	 86.890468	 86.881674	 86.873209	 86.865061	 86.857224	 86.849688	 86.842446	  86.83549	 86.828811	 86.822403	 86.816258	 86.810369	  86.80473	 86.799333	 86.794172	 86.789242	 86.784535	 86.780047	 86.775772	 86.771704	 86.767839	 86.764171	 86.760696	 86.757409	 86.754307	 86.751384	 86.748638	 86.746064	 86.743659	  86.74142	 86.739344	 86.737428	 86.735669	 86.734066	 86.732615	 86.731315	 86.730164	  86.72916	 86.728302	 86.727589	  86.72702	 86.726594	  86.72631	 86.726169	
        99	 98.839572	  98.67918	 98.518863	 98.358655	 98.198595	 98.038718	 97.879061	 97.719661	 97.560553	 97.401774	 97.243359	 97.085343	 96.927762	 96.770651	 96.614043	 96.457974	 96.302478	 96.147587	 95.993335	 95.839754	 95.686876	 95.534734	 95.383359	  95.23278	 95.083029	 94.934135	 94.786127	 94.639034	 94.492883	 94.347702	 94.203518	 94.060356	 93.918241	   93.7772	 93.637255	  93.49843	 93.360747	 93.224229	 93.088897	 92.954771	 92.821872	 92.690217	 92.559826	 92.430715	 92.302902	 92.176403	 92.051232	 91.927405	 91.804935	 91.683835	 91.564117	 91.445792	 91.328872	 91.213365	 91.099282	  90.98663	 90.875417	  90.76565	 90.657334	 90.550476	  90.44508	  90.34115	 90.238688	 90.137697	  90.03818	 89.940136	 89.843567	 89.748472	  89.65485	 89.562699	 89.472018	 89.382802	 89.295049	 89.208754	 89.123913	 89.040521	  88.95857	 88.878056	 88.798971	 88.721307	 88.645056	 88.570211	 88.496761	 88.424698	 88.354011	  88.28469	 88.216725	 88.150103	 88.084814	 88.020846	 87.958186	 87.896822	 87.836741	 87.777928	 87.720372	 87.664058	 87.608971	 87.555098	 87.502424	 87.450934	 87.400613	 87.351445	 87.303417	 87.256511	 87.210712	 87.166005	 87.122373	   87.0798	 87.038271	 86.997769	 86.958278	 86.919782	 86.882264	 86.845708	 86.810097	 86.775415	 86.741646	 86.708774	 86.676782	 86.645654	 86.615373	 86.585924	  86.55729	 86.529456	 86.502405	 86.476122	 86.450591	 86.425797	 86.401723	 86.378356	 86.355679	 86.333677	 86.312337	 86.291642	 86.271579	 86.252132	 86.233289	 86.215034	 86.197355	 86.180236	 86.163666	  86.14763	 86.132116	 86.117111	 86.102602	 86.088577	 86.075023	 86.061929	 86.049282	 86.037072	 86.025287	 86.013916	 86.002948	 85.992372	 85.982178	 85.972356	 85.962896	 85.953788	 85.945023	 85.936592	 85.928485	 85.920694	  85.91321	 85.906025	 85.899131	  85.89252	 85.886185	 85.880118	 85.874312	  85.86876	 85.863455	 85.858392	 85.853564	 85.848964	 85.844588	  85.84043	 85.836484	 85.832746	  85.82921	 85.825872	 85.822728	 85.819773	 85.817004	 85.814417	 85.812008	 85.809775	 85.807713	 85.805821	 85.804096	 85.802535	 85.801137	 85.799898	 85.798819	 85.797896	 85.797129	 85.796517	 85.796058	 85.795753	   85.7956	
        99	 98.828302	 98.656643	 98.485064	 98.313602	 98.142298	  97.97119	 97.800318	  97.62972	 97.459435	 97.289502	 97.119958	 96.950842	 96.782191	 96.614043	 96.446435	 96.279402	 96.112982	 95.947211	 95.782122	 95.617753	 95.454136	 95.291306	 95.129297	 94.968141	  94.80787	 94.648517	 94.490111	 94.332685	 94.176267	 94.020888	 93.866575	 93.713356	 93.561258	 93.410309	 93.260533	 93.111956	 92.964601	 92.818493	 92.673654	 92.530106	 92.387871	 92.246968	 92.107416	 91.969236	 91.832444	 91.697059	 91.563095	  91.43057	 91.299496	 91.169889	 91.041761	 90.915124	  90.78999	  90.66637	 90.544272	 90.423707	 90.304681	 90.187203	 90.071279	 89.956915	 89.844114	 89.732883	 89.623224	 89.515139	  89.40863	 89.303699	 89.200347	 89.098571	 88.998372	 88.899748	 88.802696	 88.707213	 88.613296	 88.520939	 88.430138	 88.340887	  88.25318	  88.16701	 88.082369	  87.99925	 87.917643	 87.837539	  87.75893	 87.681804	 87.606152	 87.531961	 87.459221	  87.38792	 87.318045	 87.249583	 87.182521	 87.116846	 87.052544	 86.989601	 86.928001	 86.867731	 86.808775	 86.751117	 86.694743	 86.639635	 86.585779	 86.533158	 86.481755	 86.431554	 86.382538	  86.33469	 86.287994	 86.242431	 86.197984	 86.154637	 86.112372	 86.071171	 86.031018	 85.991893	 85.953781	 85.916663	 85.880522	  85.84534	 85.811101	 85.777786	 85.745378	  85.71386	 85.683215	 85.653425	 85.624474	 85.596345	 85.569021	 85.542484	  85.51672	 85.491711	 85.467441	 85.443894	 85.421054	 85.398906	 85.377433	 85.356621	 85.336453	 85.316916	 85.297995	 85.279674	  85.26194	 85.244778	 85.228174	 85.212114	 85.196586	 85.181575	  85.16707	 85.153055	 85.139521	 85.126453	  85.11384	  85.10167	 85.089931	 85.078612	 85.067703	 85.057191	 85.047066	 85.037319	 85.027938	 85.018914	 85.010238	 85.001899	  84.99389	   84.9862	 84.978822	 84.971746	 84.964966	 84.958473	 84.952259	 84.946317	  84.94064	 84.935221	 84.930053	 84.925131	 84.920447	 84.915997	 84.911774	 84.907773	 84.903988	 84.900416	 84.897051	 84.893889	 84.890925	 84.888157	 84.885579	 84.883188	 84.880982	 84.878957	 84.877111	  84.87544	 84.873943	 84.872618	 84.871462	 84.870475	 84.869654	 84.868999	 84.868508	 84.868181	 84.868018	
        99	 98.817071	 98.634184	 98.451381	 98.268704	 98.086194	 97.903894	 97.721845	 97.540088	 97.358665	 97.177616	 96.996982	 96.816804	 96.637121	 96.457974	 96.279402	 96.101444	 95.924138	 95.747523	 95.571636	 95.396515	 95.222196	 95.048715	 94.876109	 94.704411	 94.533657	  94.36388	 94.195113	 94.027389	  93.86074	 93.695197	  93.53079	 93.367548	 93.205502	 93.044679	 92.885106	  92.72681	 92.569817	 92.414152	 92.259839	 92.106901	 91.955362	 91.805242	 91.656562	 91.509344	 91.363604	 91.219363	 91.076637	 90.935442	 90.795795	  90.65771	 90.521201	 90.386281	 90.252962	 90.121255	 89.991171	 89.862719	 89.735908	 89.610746	 89.487239	 89.365393	 89.245215	 89.126707	 89.009875	  88.89472	 88.781245	  88.66945	 88.559337	 88.450904	 88.344151	 88.239076	 88.135676	 88.033947	 87.933886	 87.835489	 87.738748	 87.643659	 87.550215	 87.458408	 87.368231	 87.279674	  87.19273	 87.107386	 87.023635	 86.941465	 86.860863	  86.78182	 86.704322	 86.628357	 86.553911	 86.480971	 86.409523	 86.339552	 86.271044	 86.203983	 86.138354	 86.074141	 86.011329	   85.9499	 85.889838	 85.831126	 85.773747	 85.717684	 85.662919	 85.609434	 85.557212	 85.506234	 85.456483	 85.407939	 85.360586	 85.314403	 85.269373	 85.225478	 85.182698	 85.141014	 85.100409	 85.060863	 85.022358	 84.984875	 84.948396	 84.912902	 84.878374	 84.844794	 84.812145	 84.780406	 84.749562	 84.719592	 84.690481	 84.662209	 84.634759	 84.608114	 84.582257	 84.557169	 84.532836	 84.509238	 84.486361	 84.464187	 84.442701	 84.421886	 84.401727	 84.382208	 84.363313	 84.345028	 84.327339	 84.310229	 84.293685	 84.277692	 84.262237	 84.247307	 84.232887	 84.218964	 84.205526	  84.19256	 84.180053	 84.167994	 84.156371	 84.145171	 84.134384	 84.123999	 84.114005	 84.104391	 84.095147	 84.086263	  84.07773	 84.069537	 84.061676	 84.054138	 84.046914	 84.039996	 84.033376	 84.027045	 84.020997	 84.015223	 84.009718	 84.004473	 83.999483	 83.994742	 83.990242	  83.98598	 83.981948	 83.978142	 83.974557	 83.971188	  83.96803	  83.96508	 83.962334	 83.959787	 83.957437	 83.955279	 83.953312	 83.951532	 83.949938	 83.948525	 83.947294	 83.946242	 83.945368	 83.944669	 83.944147	 83.943798	 83.943625	
        99	 98.805881	 98.611807	 98.417822	  98.22397	 98.030296	 97.836845	  97.64366	 97.450785	 97.258264	  97.06614	 96.874457	 96.683257	 96.492583	 96.302478	 96.112982	 95.924138	 95.735987	 95.548568	 95.361922	 95.176088	 94.991106	 94.807014	 94.623849	 94.441648	 94.260449	 94.080286	 93.901196	 93.723213	  93.54637	   93.3707	 93.196236	 93.023009	  92.85105	  92.68039	 92.511055	 92.343077	  92.17648	 92.011293	 91.847541	 91.685248	 91.524439	 91.365136	 91.207362	 91.051137	 90.896483	 90.743418	 90.591961	  90.44213	 90.293941	 90.147409	 90.002549	 89.859376	 89.717902	 89.578139	 89.440097	 89.303788	  89.16922	 89.036401	 88.905339	 88.776041	 88.648511	 88.522754	 88.398775	 88.276576	  88.15616	 88.037527	 87.920678	 87.805612	 87.692329	 87.580826	 87.471101	  87.36315	 87.256968	 87.152551	 87.049893	 86.948988	 86.849828	 86.752405	 86.656711	 86.562738	 86.470474	 86.379911	 86.291036	 86.203839	 86.118308	 86.034429	 85.952191	 85.871579	 85.792579	 85.715177	 85.639359	 85.565108	 85.492409	 85.421246	 85.351602	 85.283462	 85.216807	  85.15162	 85.087884	 85.025581	 84.964692	 84.905199	 84.847084	 84.790328	 84.734911	 84.680815	 84.628021	 84.576508	 84.526258	  84.47725	 84.429466	 84.382885	 84.337488	 84.293255	 84.250166	 84.208201	  84.16734	 84.127565	 84.088854	 84.051188	 84.014549	 83.978915	 83.944268	 83.910588	 83.877857	 83.846054	 83.815162	 83.785161	 83.756032	 83.727757	 83.700318	 83.673696	 83.647874	 83.622833	 83.598556	 83.575026	 83.552225	 83.530137	 83.508745	 83.488032	 83.467982	 83.448578	 83.429806	  83.41165	 83.394094	 83.377123	 83.360723	 83.344879	 83.329577	 83.314802	 83.300542	 83.286783	 83.273511	 83.260715	  83.24838	 83.236496	 83.225049	 83.214029	 83.203423	 83.193221	 83.183411	 83.173984	 83.164929	 83.156235	 83.147893	 83.139894	 83.132228	 83.124887	 83.117861	 83.111144	 83.104725	 83.098599	 83.092756	 83.087191	 83.081896	 83.076864	  83.07209	 83.067566	 83.063288	 83.059249	 83.055445	  83.05187	 83.048519	 83.045389	 83.042474	 83.039772	 83.037277	 83.034988	   83.0329	 83.031012	 83.029319	 83.027821	 83.026514	 83.025398	  83.02447	 83.023729	 83.023174	 83.022805	  83.02262	
