Time step 3:
        99	        99	        99	        99	        99	        99	        99	        99	        99	        99	        99	        99	        99	        99	        99	        99	        99	        99	        99	        99	        99	        99	        99	        99	        99	        99	        99	        99	        99	        99	        99	        99	        99	        99	        99	        99	        99	        99	        99	        99	        99	        99	        99	        99	        99	        99	        99	        99	        99	        99	        99	        99	        99	        99	        99	        99	        99	        99	        99	        99	        99	        99	        99	        99	        99	        99	        99	        99	        99	        99	        99	        99	        99	        99	        99	        99	        99	        99	        99	        99	        99	        99	        99	        99	        99	        99	        99	        99	        99	        99	        99	        99	        99	        99	        99	        99	        99	        99	        99	        99	        99	        99	        99	        99	        99	        99	        99	        99	        99	        99	        99	        99	        99	        99	        99	        99	        99	        99	        99	        99	        99	        99	        99	        99	        99	        99	        99	        99	        99	        99	        99	        99	        99	        99	        99	        99	        99	        99	        99	        99	        99	        99	        99	        99	        99	        99	        99	        99	        99	        99	        99	        99	        99	        99	        99	        99	        99	        99	        99	        99	        99	        99	        99	        99	        99	        99	        99	        99	        99	        99	        99	        99	        99	        99	        99	        99	        99	        99	        99	        99	        99	        99	        99	        99	        99	        99	        99	        99	        99	        99	        99	        99	        99	        99	        99	        99	        99	        99	        99	        99	
        99	 98.788558	 98.578004	 98.369217	 98.163053	 97.960333	 97.761839	 97.568299	 97.380383	 97.198694	 97.023763	 96.856048	 96.695924	 96.543692	 96.399569	 96.263697	  96.13614	 96.016892	 95.905879	 95.802966	 95.707962	 95.620627	 95.540677	 95.467795	 95.401634	 95.341825	 95.287985	 95.239721	 95.196635	 95.158333	 95.124426	 95.094535	 95.068294	 95.045353	 95.025381	 95.008066	 94.993117	 94.980264	  94.96926	 94.959877	  94.95191	 94.945173	 94.939501	 94.934743	 94.930771	 94.927467	  94.92473	 94.922473	 94.920619	 94.919102	 94.917867	 94.916865	 94.916055	 94.915403	 94.914881	 94.914464	 94.914133	 94.913871	 94.913664	 94.913502	 94.913375	 94.913276	   94.9132	  94.91314	 94.913095	  94.91306	 94.913033	 94.913013	 94.912998	 94.912986	 94.912978	 94.912971	 94.912966	 94.912963	  94.91296	 94.912958	 94.912957	 94.912956	 94.912955	 94.912955	 94.912954	 94.912954	 94.912954	 94.912954	 94.912953	 94.912953	 94.912953	 94.912953	 94.912953	 94.912953	 94.912953	 94.912953	 94.912953	 94.912953	 94.912953	 94.912953	 94.912953	 94.912953	 94.912953	 94.912953	 94.912953	 94.912953	 94.912953	 94.912953	 94.912953	 94.912953	 94.912953	 94.912953	 94.912953	 94.912953	 94.912953	 94.912953	 94.912953	 94.912953	 94.912953	 94.912953	 94.912953	 94.912953	 94.912953	 94.912953	 94.912953	 94.912953	 94.912953	 94.912953	 94.912953	 94.912953	 94.912953	 94.912953	 94.912953	 94.912953	 94.912953	 94.912953	 94.912953	 94.912953	 94.912953	 94.912953	 94.912953	 94.912953	 94.912953	 94.912953	 94.912953	 94.912953	 94.912953	 94.912953	 94.912953	 94.912953	 94.912953	 94.912953	 94.912953	 94.912953	 94.912953	 94.912953	 94.912953	 94.912953	 94.912953	 94.912953	 94.912953	 94.912953	 94.912953	 94.912953	 94.912953	 94.912953	 94.912953	 94.912953	 94.912953	 94.912953	 94.912953	 94.912953	 94.912953	 94.912953	 94.912953	 94.912953	 94.912953	 94.912953	 94.912953	 94.912953	 94.912953	 94.912953	 94.912953	 94.912953	 94.912953	 94.912953	 94.912953	 94.912953	 94.912953	 94.912953	 94.912953	 94.912953	 94.912953	 94.912953	 94.912953	 94.912953	 94.912953	 94.912953	 94.912953	 94.912953	 94.912953	 94.912953	 94.912953	 94.912953	
        99	 98.578004	 98.157782	 97.741087	 97.329624	 96.925038	 96.528884	 96.142618	 95.767576	 95.404961	 95.055835	 94.721109	 94.401535	 94.097711	 93.810071	 93.538897	 93.284319	 93.046325	 92.824766	 92.619374	 92.429765	 92.255461	 92.095898	 91.950441	 91.818396	  91.69903	 91.591577	  91.49525	  91.40926	 91.332818	 91.265146	  91.20549	 91.153118	 91.107332	 91.067472	 91.032915	  91.00308	 90.977429	 90.955466	  90.93674	 90.920839	 90.907394	 90.896072	 90.886578	 90.878649	 90.872055	 90.866594	 90.862089	 90.858389	 90.855362	 90.852896	 90.850896	 90.849279	 90.847979	 90.846937	 90.846105	 90.845444	 90.844921	 90.844508	 90.844184	 90.843931	 90.843734	 90.843581	 90.843463	 90.843372	 90.843303	 90.843249	 90.843209	 90.843179	 90.843156	 90.843138	 90.843125	 90.843116	 90.843109	 90.843103	 90.843099	 90.843097	 90.843095	 90.843093	 90.843092	 90.843091	 90.843091	  90.84309	  90.84309	  90.84309	  90.84309	 90.843089	 90.843089	 90.843089	 90.843089	 90.843089	 90.843089	 90.843089	 90.843089	 90.843089	 90.843089	 90.843089	 90.843089	 90.843089	 90.843089	 90.843089	 90.843089	 90.843089	 90.843089	 90.843089	 90.843089	 90.843089	 90.843089	 90.843089	 90.843089	 90.843089	 90.843089	 90.843089	 90.843089	 90.843089	 90.843089	 90.843089	 90.843089	 90.843089	 90.843089	 90.843089	 90.843089	 90.843089	 90.843089	 90.843089	 90.843089	 90.843089	 90.843089	 90.843089	 90.843089	 90.843089	 90.843089	 90.843089	 90.843089	 90.843089	 90.843089	 90.843089	 90.843089	 90.843089	 90.843089	 90.843089	 90.843089	 90.843089	 90.843089	 90.843089	 90.843089	 90.843089	 90.843089	 90.843089	 90.843089	 90.843089	 90.843089	 90.843089	 90.843089	 90.843089	 90.843089	 90.843089	 90.843089	 90.843089	 90.843089	 90.843089	 90.843089	 90.843089	 90.843089	 90.843089	 90.843089	 90.843089	 90.843089	 90.843089	 90.843089	 90.843089	 90.843089	 90.843089	 90.843089	 90.843089	 90.843089	 90.843089	 90.843089	 90.843089	 90.843089	 90.843089	 90.843089	 90.843089	 90.843089	 90.843089	 90.843089	 90.843089	 90.843089	 90.843089	 90.843089	 90.843089	 90.843089	 90.843089	 90.843089	 90.843089	 90.843089	 90.843089	 90.843089	 90.843089	 90.843089	
        99	 98.369217	 97.741087	 97.118226	 96.503189	 95.898429	 95.306274	 94.728899	 94.168301	 93.626279	 93.104419	 92.604083	 92.126398	 91.672253	   91.2423	  90.83696	 90.456428	 90.100683	 89.769506	 89.462493	 89.179074	 88.918532	 88.680023	 88.462599	 88.265224	 88.086801	 87.926183	 87.782198	 87.653664	 87.539401	 87.438248	 87.349076	 87.270792	 87.202354	 87.142773	 87.091118	 87.046522	 87.008179	  86.97535	 86.947359	 86.923592	 86.903495	 86.886571	  86.87238	 86.860528	 86.850671	 86.842507	 86.835774	 86.830243	 86.825719	 86.822033	 86.819043	 86.816627	 86.814683	 86.813125	 86.811882	 86.810894	 86.810111	 86.809495	 86.809011	 86.808632	 86.808338	 86.808109	 86.807933	 86.807797	 86.807693	 86.807614	 86.807553	 86.807508	 86.807473	 86.807447	 86.807428	 86.807414	 86.807403	 86.807395	 86.807389	 86.807385	 86.807382	  86.80738	 86.807378	 86.807377	 86.807376	 86.807376	 86.807375	 86.807375	 86.807375	 86.807374	 86.807374	 86.807374	 86.807374	 86.807374	 86.807374	 86.807374	 86.807374	 86.807374	 86.807374	 86.807374	 86.807374	 86.807374	 86.807374	 86.807374	 86.807374	 86.807374	 86.807374	 86.807374	 86.807374	 86.807374	 86.807374	 86.807374	 86.807374	 86.807374	 86.807374	 86.807374	 86.807374	 86.807374	 86.807374	 86.807374	 86.807374	 86.807374	 86.807374	 86.807374	 86.807374	 86.807374	 86.807374	 86.807374	 86.807374	 86.807374	 86.807374	 86.807374	 86.807374	 86.807374	 86.807374	 86.807374	 86.807374	 86.807374	 86.807374	 86.807374	 86.807374	 86.807374	 86.807374	 86.807374	 86.807374	 86.807374	 86.807374	 86.807374	 86.807374	 86.807374	 86.807374	 86.807374	 86.807374	 86.807374	 86.807374	 86.807374	 86.807374	 86.807374	 86.807374	 86.807374	 86.807374	 86.807374	 86.807374	 86.807374	 86.807374	 86.807374	 86.807374	 86.807374	 86.807374	 86.807374	 86.807374	 86.807374	 86.807374	 86.807374	 86.807374	 86.807374	 86.807374	 86.807374	 86.807374	 86.807374	 86.807374	 86.807374	 86.807374	 86.807374	 86.807374	 86.807374	 86.807374	 86.807374	 86.807374	 86.807374	 86.807374	 86.807374	 86.807374	 86.807374	 86.807374	 86.807374	 86.807374	 86.807374	 86.807374	 86.807374	 86.807374	 86.807374	 86.807374	
        99	 98.163053	 97.329624	 96.503189	 95.687133	 94.884714	 94.099019	 93.332935	 92.589111	 91.869935	 91.177512	 90.513646	 89.879835	 89.277257	 88.706779	 88.168958	 87.664053	 87.192037	 86.752618	 86.345262	  85.96921	 85.623512	 85.307049	 85.018562	 84.756678	 84.519939	 84.306825	  84.11578	 83.945236	 83.793627	 83.659413	 83.541096	 83.437226	  83.34642	 83.267366	 83.198828	 83.139656	 83.088781	 83.045223	 83.008083	 82.976547	 82.949882	 82.927427	 82.908597	 82.892871	 82.879793	 82.868961	 82.860027	 82.852689	 82.846685	 82.841795	 82.837827	 82.834622	 82.832042	 82.829975	 82.828326	 82.827015	 82.825977	 82.825159	 82.824517	 82.824015	 82.823624	  82.82332	 82.823086	 82.822906	 82.822768	 82.822663	 82.822583	 82.822522	 82.822477	 82.822442	 82.822417	 82.822398	 82.822383	 82.822373	 82.822365	  82.82236	 82.822356	 82.822353	  82.82235	 82.822349	 82.822348	 82.822347	 82.822346	 82.822346	 82.822346	 82.822345	 82.822345	 82.822345	 82.822345	 82.822345	 82.822345	 82.822345	 82.822345	 82.822345	 82.822345	 82.822345	 82.822345	 82.822345	 82.822345	 82.822345	 82.822345	 82.822345	 82.822345	 82.822345	 82.822345	 82.822345	 82.822345	 82.822345	 82.822345	 82.822345	 82.822345	 82.822345	 82.822345	 82.822345	 82.822345	 82.822345	 82.822345	 82.822345	 82.822345	 82.822345	 82.822345	 82.822345	 82.822345	 82.822345	 82.822345	 82.822345	 82.822345	 82.822345	 82.822345	 82.822345	 82.822345	 82.822345	 82.822345	 82.822345	 82.822345	 82.822345	 82.822345	 82.822345	 82.822345	 82.822345	 82.822345	 82.822345	 82.822345	 82.822345	 82.822345	 82.822345	 82.822345	 82.822345	 82.822345	 82.822345	 82.822345	 82.822345	 82.822345	 82.822345	 82.822345	 82.822345	 82.822345	 82.822345	 82.822345	 82.822345	 82.822345	 82.822345	 82.822345	 82.822345	 82.822345	 82.822345	 82.822345	 82.822345	 82.822345	 82.822345	 82.822345	 82.822345	 82.822345	 82.822345	 82.822345	 82.822345	 82.822345	 82.822345	 82.822345	 82.822345	 82.822345	 82.822345	 82.822345	 82.822345	 82.822345	 82.822345	 82.822345	 82.822345	 82.822345	 82.822345	 82.822345	 82.822345	 82.822345	 82.822345	 82.822345	 82.822345	 82.822345	 82.822345	 82.822345	
        99	 97.960333	 96.925038	 95.898429	 94.884714	 93.887938	 92.911938	 91.960299	 91.036311	 90.142941	 89.282804	 88.458142	 87.670812	 86.922282	 86.213628	  85.54554	 84.918339	 84.331995	 83.786144	  83.28012	 82.812983	 82.383553	 81.990439	 81.632076	 81.306761	  81.01268	 80.747947	 80.510629	 80.298776	 80.110446	 79.943724	 79.796749	 79.667721	  79.55492	 79.456718	 79.371579	 79.298075	 79.234877	 79.180768	 79.134633	 79.095459	 79.062335	 79.034441	  79.01105	 78.991516	  78.97527	 78.961815	 78.950716	   78.9416	 78.934143	 78.928068	  78.92314	 78.919157	 78.915953	 78.913386	 78.911337	 78.909708	 78.908419	 78.907403	 78.906605	 78.905981	 78.905495	 78.905119	 78.904828	 78.904604	 78.904433	 78.904302	 78.904202	 78.904127	  78.90407	 78.904028	 78.903996	 78.903972	 78.903955	 78.903942	 78.903932	 78.903925	  78.90392	 78.903916	 78.903914	 78.903912	  78.90391	 78.903909	 78.903909	 78.903908	 78.903908	 78.903908	 78.903907	 78.903907	 78.903907	 78.903907	 78.903907	 78.903907	 78.903907	 78.903907	 78.903907	 78.903907	 78.903907	 78.903907	 78.903907	 78.903907	 78.903907	 78.903907	 78.903907	 78.903907	 78.903907	 78.903907	 78.903907	 78.903907	 78.903907	 78.903907	 78.903907	 78.903907	 78.903907	 78.903907	 78.903907	 78.903907	 78.903907	 78.903907	 78.903907	 78.903907	 78.903907	 78.903907	 78.903907	 78.903907	 78.903907	 78.903907	 78.903907	 78.903907	 78.903907	 78.903907	 78.903907	 78.903907	 78.903907	 78.903907	 78.903907	 78.903907	 78.903907	 78.903907	 78.903907	 78.903907	 78.903907	 78.903907	 78.903907	 78.903907	 78.903907	 78.903907	 78.903907	 78.903907	 78.903907	 78.903907	 78.903907	 78.903907	 78.903907	 78.903907	 78.903907	 78.903907	 78.903907	 78.903907	 78.903907	 78.903907	 78.903907	 78.903907	 78.903907	 78.903907	 78.903907	 78.903907	 78.903907	 78.903907	 78.903907	 78.903907	 78.903907	 78.903907	 78.903907	 78.903907	 78.903907	 78.903907	 78.903907	 78.903907	 78.903907	 78.903907	 78.903907	 78.903907	 78.903907	 78.903907	 78.903907	 78.903907	 78.903907	 78.903907	 78.903907	 78.903907	 78.903907	 78.903907	 78.903907	 78.903907	 78.903907	 78.903907	 78.903907	 78.903907	 78.903907	
        99	 97.761839	 96.528884	 95.306274	 94.099019	 92.911938	   91.7496	 90.616273	 89.515876	 88.451944	 87.427588	 86.445481	 85.507834	 84.616394	 83.772442	 82.976802	 82.229856	 81.531566	 80.881501	 80.278866	 79.722544	 79.211126	 78.742959	 78.316177	 77.928752	 77.578525	 77.263249	 76.980622	 76.728322	 76.504035	 76.305483	 76.130447	 75.976785	 75.842448	 75.725497	 75.624104	 75.536566	 75.461303	 75.396863	  75.34192	 75.295267	 75.255818	 75.222599	 75.194742	 75.171479	 75.152131	 75.136107	  75.12289	 75.112033	 75.103152	 75.095917	 75.090048	 75.085305	 75.081489	 75.078432	 75.075991	 75.074052	 75.072516	 75.071306	 75.070356	 75.069613	 75.069035	 75.068586	  75.06824	 75.067973	 75.067769	 75.067613	 75.067495	 75.067405	 75.067338	 75.067287	 75.067249	 75.067221	   75.0672	 75.067185	 75.067173	 75.067165	 75.067159	 75.067155	 75.067151	 75.067149	 75.067147	 75.067146	 75.067145	 75.067145	 75.067144	 75.067144	 75.067144	 75.067144	 75.067144	 75.067143	 75.067143	 75.067143	 75.067143	 75.067143	 75.067143	 75.067143	 75.067143	 75.067143	 75.067143	 75.067143	 75.067143	 75.067143	 75.067143	 75.067143	 75.067143	 75.067143	 75.067143	 75.067143	 75.067143	 75.067143	 75.067143	 75.067143	 75.067143	 75.067143	 75.067143	 75.067143	 75.067143	 75.067143	 75.067143	 75.067143	 75.067143	 75.067143	 75.067143	 75.067143	 75.067143	 75.067143	 75.067143	 75.067143	 75.067143	 75.067143	 75.067143	 75.067143	 75.067143	 75.067143	 75.067143	 75.067143	 75.067143	 75.067143	 75.067143	 75.067143	 75.067143	 75.067143	 75.067143	 75.067143	 75.067143	 75.067143	 75.067143	 75.067143	 75.067143	 75.067143	 75.067143	 75.067143	 75.067143	 75.067143	 75.067143	 75.067143	 75.067143	 75.067143	 75.067143	 75.067143	 75.067143	 75.067143	 75.067143	 75.067143	 75.067143	 75.067143	 75.067143	 75.067143	 75.067143	 75.067143	 75.067143	 75.067143	 75.067143	 75.067143	 75.067143	 75.067143	 75.067143	 75.067143	 75.067143	 75.067143	 75.067143	 75.067143	 75.067143	 75.067143	 75.067143	 75.067143	 75.067143	 75.067143	 75.067143	 75.067143	 75.067143	 75.067143	 75.067143	 75.067143	 75.067143	 75.067143	 75.067143	 75.067143	 75.067143	
        99	 97.568299	 96.142618	 94.728899	 93.332935	 91.960299	 90.616273	 89.305793	  88.03339	 86.803152	 85.618677	 84.483054	 83.398841	 82.368058	 81.392186	 80.472178	 79.608475	 78.801034	 78.049355	 77.352521	 76.709239	 76.117881	 75.576532	  75.08304	 74.635055	 74.230083	 73.865526	 73.538721	 73.246983	 72.987637	 72.758049	 72.555653	 72.377971	 72.222636	 72.087404	 71.970162	  71.86894	 71.781913	 71.707401	 71.643869	 71.589923	 71.544308	 71.505897	 71.473686	 71.446786	 71.424414	 71.405884	 71.390601	 71.378048	 71.367779	 71.359413	 71.352626	 71.347142	  71.34273	 71.339194	 71.336372	  71.33413	 71.332354	 71.330955	 71.329857	 71.328998	 71.328329	  71.32781	 71.327409	 71.327101	 71.326865	 71.326685	 71.326548	 71.326445	 71.326366	 71.326308	 71.326264	 71.326231	 71.326207	 71.326189	 71.326176	 71.326167	  71.32616	 71.326154	 71.326151	 71.326148	 71.326146	 71.326145	 71.326144	 71.326143	 71.326143	 71.326142	 71.326142	 71.326142	 71.326142	 71.326142	 71.326142	 71.326142	 71.326141	 71.326141	 71.326141	 71.326141	 71.326141	 71.326141	 71.326141	 71.326141	 71.326141	 71.326141	 71.326141	 71.326141	 71.326141	 71.326141	 71.326141	 71.326141	 71.326141	 71.326141	 71.326141	 71.326141	 71.326141	 71.326141	 71.326141	 71.326141	 71.326141	 71.326141	 71.326141	 71.326141	 71.326141	 71.326141	 71.326141	 71.326141	 71.326141	 71.326141	 71.326141	 71.326141	 71.326141	 71.326141	 71.326141	 71.326141	 71.326141	 71.326141	 71.326141	 71.326141	 71.326141	 71.326141	 71.326141	 71.326141	 71.326141	 71.326141	 71.326141	 71.326141	 71.326141	 71.326141	 71.326141	 71.326141	 71.326141	 71.326141	 71.326141	 71.326141	 71.326141	 71.326141	 71.326141	 71.326141	 71.326141	 71.326141	 71.326141	 71.326141	 71.326141	 71.326141	 71.326141	 71.326141	 71.326141	 71.326141	 71.326141	 71.326141	 71.326141	 71.326141	 71.326141	 71.326141	 71.326141	 71.326141	 71.326141	 71.326141	 71.326141	 71.326141	 71.326141	 71.326141	 71.326141	 71.326141	 71.326141	 71.326141	 71.326141	 71.326141	 71.326141	 71.326141	 71.326141	 71.326141	 71.326141	 71.326141	 71.326141	 71.326141	 71.326141	 71.326141	 71.326141	 71.326141	 71.326141	
        99	 97.380383	 95.767576	 94.168301	 92.589111	 91.036311	 89.515876	  88.03339	 86.593981	 85.202268	 83.862327	 82.577649	 81.351129	 80.185052	 79.081093	  78.04033	 77.063263	 76.149842	 75.299502	 74.511206	 73.783491	 73.114514	 72.502112	 71.943846	 71.437062	 70.978937	 70.566529	  70.19683	 69.866801	 69.573415	 69.313692	 69.084731	 68.883727	 68.708004	 68.555022	 68.422392	 68.307884	 68.209434	 68.125142	 68.053271	 67.992245	 67.940643	  67.89719	 67.860751	  67.83032	 67.805012	 67.784051	 67.766762	  67.75256	 67.740944	  67.73148	 67.723802	 67.717598	 67.712607	 67.708607	 67.705415	 67.702878	  67.70087	 67.699287	 67.698044	 67.697072	 67.696315	 67.695729	 67.695275	 67.694927	  67.69466	 67.694456	 67.694301	 67.694184	 67.694096	 67.694029	  67.69398	 67.693943	 67.693915	 67.693895	  67.69388	 67.693869	 67.693861	 67.693856	 67.693851	 67.693848	 67.693846	 67.693845	 67.693844	 67.693843	 67.693842	 67.693842	 67.693842	 67.693841	 67.693841	 67.693841	 67.693841	 67.693841	 67.693841	 67.693841	 67.693841	 67.693841	 67.693841	 67.693841	 67.693841	 67.693841	 67.693841	 67.693841	 67.693841	 67.693841	 67.693841	 67.693841	 67.693841	 67.693841	 67.693841	 67.693841	 67.693841	 67.693841	 67.693841	 67.693841	 67.693841	 67.693841	 67.693841	 67.693841	 67.693841	 67.693841	 67.693841	 67.693841	 67.693841	 67.693841	 67.693841	 67.693841	 67.693841	 67.693841	 67.693841	 67.693841	 67.693841	 67.693841	 67.693841	 67.693841	 67.693841	 67.693841	 67.693841	 67.693841	 67.693841	 67.693841	 67.693841	 67.693841	 67.693841	 67.693841	 67.693841	 67.693841	 67.693841	 67.693841	 67.693841	 67.693841	 67.693841	 67.693841	 67.693841	 67.693841	 67.693841	 67.693841	 67.693841	 67.693841	 67.693841	 67.693841	 67.693841	 67.693841	 67.693841	 67.693841	 67.693841	 67.693841	 67.693841	 67.693841	 67.693841	 67.693841	 67.693841	 67.693841	 67.693841	 67.693841	 67.693841	 67.693841	 67.693841	 67.693841	 67.693841	 67.693841	 67.693841	 67.693841	 67.693841	 67.693841	 67.693841	 67.693841	 67.693841	 67.693841	 67.693841	 67.693841	 67.693841	 67.693841	 67.693841	 67.693841	 67.693841	 67.693841	 67.693841	 67.693841	 67.693841	
        99	 97.198694	 95.404961	 93.626279	 91.869935	 90.142941	 88.451944	 86.803152	 85.202268	 83.654433	 82.164176	 80.735383	 79.371271	 78.074383	 76.846582	 75.689066	 74.602391	 73.586502	 72.640771	 71.764043	 70.954692	  70.21067	 69.529568	 68.908676	 68.345041	 67.835522	 67.376851	 66.965679	 66.598626	 66.272328	  65.98347	 65.728823	 65.505272	 65.309836	 65.139692	 64.992183	  64.86483	 64.755336	 64.661588	 64.581655	 64.513783	 64.456392	 64.408065	 64.367538	 64.333693	 64.305545	 64.282233	 64.263004	  64.24721	  64.23429	 64.223764	 64.215225	 64.208326	 64.202774	 64.198326	 64.194775	 64.191954	  64.18972	  64.18796	 64.186578	 64.185497	 64.184655	 64.184003	 64.183499	 64.183111	 64.182814	 64.182587	 64.182415	 64.182285	 64.182187	 64.182113	 64.182058	 64.182017	 64.181986	 64.181964	 64.181947	 64.181935	 64.181926	  64.18192	 64.181915	 64.181912	 64.181909	 64.181908	 64.181906	 64.181905	 64.181905	 64.181904	 64.181904	 64.181904	 64.181904	 64.181904	 64.181904	 64.181903	 64.181903	 64.181903	 64.181903	 64.181903	 64.181903	 64.181903	 64.181903	 64.181903	 64.181903	 64.181903	 64.181903	 64.181903	 64.181903	 64.181903	 64.181903	 64.181903	 64.181903	 64.181903	 64.181903	 64.181903	 64.181903	 64.181903	 64.181903	 64.181903	 64.181903	 64.181903	 64.181903	 64.181903	 64.181903	 64.181903	 64.181903	 64.181903	 64.181903	 64.181903	 64.181903	 64.181903	 64.181903	 64.181903	 64.181903	 64.181903	 64.181903	 64.181903	 64.181903	 64.181903	 64.181903	 64.181903	 64.181903	 64.181903	 64.181903	 64.181903	 64.181903	 64.181903	 64.181903	 64.181903	 64.181903	 64.181903	 64.181903	 64.181903	 64.181903	 64.181903	 64.181903	 64.181903	 64.181903	 64.181903	 64.181903	 64.181903	 64.181903	 64.181903	 64.181903	 64.181903	 64.181903	 64.181903	 64.181903	 64.181903	 64.181903	 64.181903	 64.181903	 64.181903	 64.181903	 64.181903	 64.181903	 64.181903	 64.181903	 64.181903	 64.181903	 64.181903	 64.181903	 64.181903	 64.181903	 64.181903	 64.181903	 64.181903	 64.181903	 64.181903	 64.181903	 64.181903	 64.181903	 64.181903	 64.181903	 64.181903	 64.181903	 64.181903	 64.181903	 64.181903	 64.181903	 64.181903	 64.181903	
        99	 97.023763	 95.055835	 93.104419	 91.177512	 89.282804	 87.427588	 85.618677	 83.862327	 82.164176	 80.529195	 78.961647	 77.465063	 76.042229	 74.695192	 73.425266	 72.233061	 71.118516	 70.080941	 69.119072	 68.231123	 67.414846	   66.6676	 65.986411	 65.368039	  64.80904	 64.305826	 63.854723	 63.452025	 63.094039	 62.777129	 62.497753	 62.252491	 62.038076	 61.851409	 61.689575	 61.549855	 61.429727	 61.326875	 61.239179	 61.164716	 61.101752	 61.048731	 61.004268	 60.967137	 60.936256	 60.910679	 60.889583	 60.872255	  60.85808	 60.846533	 60.837164	 60.829595	 60.823504	 60.818624	 60.814729	 60.811633	 60.809183	 60.807251	 60.805735	 60.804549	 60.803626	  60.80291	 60.802357	 60.801931	 60.801606	 60.801357	 60.801168	 60.801025	 60.800917	 60.800836	 60.800776	 60.800731	 60.800697	 60.800673	 60.800655	 60.800641	 60.800632	 60.800624	 60.800619	 60.800616	 60.800613	 60.800611	  60.80061	 60.800609	 60.800608	 60.800608	 60.800607	 60.800607	 60.800607	 60.800607	 60.800607	 60.800607	 60.800607	 60.800607	 60.800607	 60.800607	 60.800607	 60.800607	 60.800607	 60.800607	 60.800607	 60.800607	 60.800607	 60.800607	 60.800607	 60.800607	 60.800607	 60.800607	 60.800607	 60.800607	 60.800607	 60.800607	 60.800607	 60.800607	 60.800607	 60.800607	 60.800607	 60.800607	 60.800607	 60.800607	 60.800607	 60.800607	 60.800607	 60.800607	 60.800607	 60.800607	 60.800607	 60.800607	 60.800607	 60.800607	 60.800607	 60.800607	 60.800607	 60.800607	 60.800607	 60.800607	 60.800607	 60.800607	 60.800607	 60.800607	 60.800607	 60.800607	 60.800607	 60.800607	 60.800607	 60.800607	 60.800607	 60.800607	 60.800607	 60.800607	 60.800607	 60.800607	 60.800607	 60.800607	 60.800607	 60.800607	 60.800607	 60.800607	 60.800607	 60.800607	 60.800607	 60.800607	 60.800607	 60.800607	 60.800607	 60.800607	 60.800607	 60.800607	 60.800607	 60.800607	 60.800607	 60.800607	 60.800607	 60.800607	 60.800607	 60.800607	 60.800607	 60.800607	 60.800607	 60.800607	 60.800607	 60.800607	 60.800607	 60.800607	 60.800607	 60.800607	 60.800607	 60.800607	 60.800607	 60.800607	 60.800607	 60.800607	 60.800607	 60.800607	 60.800607	 60.800607	 60.800607	 60.800607	 60.800607	
        99	 96.856048	 94.721109	 92.604083	 90.513646	 88.458142	 86.445481	 84.483054	 82.577649	 80.735383	 78.961647	 77.261067	 75.637473	 74.093889	 72.632534	 71.254834	 69.961451	 68.752318	 67.626689	  66.58319	 65.619883	 64.734332	  63.92367	 63.184671	 62.513821	 61.907381	 61.361461	 60.872075	 60.435201	 60.046835	  59.70303	 59.399944	 59.133868	 58.901256	 58.698747	 58.523179	 58.371601	 58.241279	 58.129698	 58.034559	 57.953777	 57.885469	 57.827949	 57.779713	  57.73943	 57.705928	 57.678181	 57.655295	 57.636496	 57.621118	 57.608591	 57.598427	 57.590215	 57.583608	 57.578313	 57.574087	 57.570729	 57.568071	 57.565975	  57.56433	 57.563044	 57.562042	 57.561265	 57.560666	 57.560204	 57.559851	 57.559581	 57.559376	 57.559221	 57.559104	 57.559016	  57.55895	 57.558902	 57.558865	 57.558839	 57.558819	 57.558804	 57.558794	 57.558786	 57.558781	 57.558777	 57.558774	 57.558772	  57.55877	 57.558769	 57.558768	 57.558768	 57.558768	 57.558767	 57.558767	 57.558767	 57.558767	 57.558767	 57.558767	 57.558767	 57.558767	 57.558767	 57.558767	 57.558767	 57.558767	 57.558767	 57.558767	 57.558767	 57.558767	 57.558767	 57.558767	 57.558767	 57.558767	 57.558767	 57.558767	 57.558767	 57.558767	 57.558767	 57.558767	 57.558767	 57.558767	 57.558767	 57.558767	 57.558767	 57.558767	 57.558767	 57.558767	 57.558767	 57.558767	 57.558767	 57.558767	 57.558767	 57.558767	 57.558767	 57.558767	 57.558767	 57.558767	 57.558767	 57.558767	 57.558767	 57.558767	 57.558767	 57.558767	 57.558767	 57.558767	 57.558767	 57.558767	 57.558767	 57.558767	 57.558767	 57.558767	 57.558767	 57.558767	 57.558767	 57.558767	 57.558767	 57.558767	 57.558767	 57.558767	 57.558767	 57.558767	 57.558767	 57.558767	 57.558767	 57.558767	 57.558767	 57.558767	 57.558767	 57.558767	 57.558767	 57.558767	 57.558767	 57.558767	 57.558767	 57.558767	 57.558767	 57.558767	 57.558767	 57.558767	 57.558767	 57.558767	 57.558767	 57.558767	 57.558767	 57.558767	 57.558767	 57.558767	 57.558767	 57.558767	 57.558767	 57.558767	 57.558767	 57.558767	 57.558767	 57.558767	 57.558767	 57.558767	 57.558767	 57.558767	 57.558767	 57.558767	 57.558767	 57.558767	 57.558767	 57.558767	
        99	 96.695924	 94.401535	 92.126398	 89.879835	 87.670812	 85.507834	 83.398841	 81.351129	 79.371271	 77.465063	 75.637473	 73.892619	 72.233751	 70.663253	 69.182658	 67.792678	  66.49324	 65.283542	 64.162108	 63.126855	 62.175166	 61.303959	 60.509768	 59.788814	 59.137082	 58.550389	 58.024452	 57.554951	 57.137578	 56.768096	 56.442374	 56.156426	 55.906441	 55.688808	 55.500127	 55.337228	 55.197173	 55.077258	 54.975014	 54.888199	 54.814789	 54.752973	 54.701134	 54.657843	 54.621839	  54.59202	 54.567424	 54.547221	 54.530695	 54.517232	 54.506309	 54.497484	 54.490383	 54.484693	 54.480152	 54.476542	 54.473686	 54.471434	 54.469666	 54.468283	 54.467207	 54.466372	 54.465727	 54.465231	 54.464852	 54.464562	 54.464341	 54.464175	 54.464049	 54.463955	 54.463884	 54.463832	 54.463793	 54.463764	 54.463743	 54.463727	 54.463716	 54.463708	 54.463702	 54.463697	 54.463694	 54.463692	 54.463691	 54.463689	 54.463689	 54.463688	 54.463688	 54.463687	 54.463687	 54.463687	 54.463687	 54.463687	 54.463687	 54.463687	 54.463687	 54.463687	 54.463687	 54.463687	 54.463687	 54.463687	 54.463687	 54.463687	 54.463687	 54.463687	 54.463687	 54.463687	 54.463687	 54.463687	 54.463687	 54.463687	 54.463687	 54.463687	 54.463687	 54.463687	 54.463687	 54.463687	 54.463687	 54.463687	 54.463687	 54.463687	 54.463687	 54.463687	 54.463687	 54.463687	 54.463687	 54.463687	 54.463687	 54.463687	 54.463687	 54.463687	 54.463687	 54.463687	 54.463687	 54.463687	 54.463687	 54.463687	 54.463687	 54.463687	 54.463687	 54.463687	 54.463687	 54.463687	 54.463687	 54.463687	 54.463687	 54.463687	 54.463687	 54.463687	 54.463687	 54.463687	 54.463687	 54.463687	 54.463687	 54.463687	 54.463687	 54.463687	 54.463687	 54.463687	 54.463687	 54.463687	 54.463687	 54.463687	 54.463687	 54.463687	 54.463687	 54.463687	 54.463687	 54.463687	 54.463687	 54.463687	 54.463687	 54.463687	 54.463687	 54.463687	 54.463687	 54.463687	 54.463687	 54.463687	 54.463687	 54.463687	 54.463687	 54.463687	 54.463687	 54.463687	 54.463687	 54.463687	 54.463687	 54.463687	 54.463687	 54.463687	 54.463687	 54.463687	 54.463687	 54.463687	 54.463687	 54.463687	 54.463687	 54.463687	 54.463687	
        99	 96.543692	 94.097711	 91.672253	 89.277257	 86.922282	 84.616394	 82.368058	 80.185052	 78.074383	 76.042229	 74.093889	 72.233751	 70.465281	 68.791018	 67.212599	 65.730781	 64.345488	 63.055864	 61.860336	 60.756684	 59.742115	 58.813347	 57.966682	 57.198094	 56.503302	 55.877846	  55.31716	 54.816638	  54.37169	 53.977795	 53.630552	 53.325711	  53.05921	 52.827197	  52.62605	 52.452388	  52.30308	 52.175242	 52.066243	 51.973691	 51.895431	 51.829531	 51.774267	 51.728116	 51.689733	 51.657943	 51.631723	 51.610185	 51.592567	 51.578214	  51.56657	 51.557162	 51.549592	 51.543525	 51.538684	 51.534837	 51.531791	  51.52939	 51.527505	 51.526032	 51.524884	 51.523994	 51.523307	 51.522778	 51.522373	 51.522064	 51.521829	 51.521652	 51.521518	 51.521417	 51.521342	 51.521286	 51.521244	 51.521214	 51.521191	 51.521175	 51.521162	 51.521154	 51.521147	 51.521143	 51.521139	 51.521137	 51.521135	 51.521134	 51.521133	 51.521133	 51.521132	 51.521132	 51.521132	 51.521132	 51.521132	 51.521132	 51.521132	 51.521132	 51.521132	 51.521132	 51.521132	 51.521131	 51.521131	 51.521131	 51.521131	 51.521131	 51.521131	 51.521131	 51.521131	 51.521131	 51.521131	 51.521131	 51.521131	 51.521131	 51.521131	 51.521131	 51.521131	 51.521131	 51.521131	 51.521131	 51.521131	 51.521131	 51.521131	 51.521131	 51.521131	 51.521131	 51.521131	 51.521131	 51.521131	 51.521131	 51.521131	 51.521131	 51.521131	 51.521131	 51.521131	 51.521131	 51.521131	 51.521131	 51.521131	 51.521131	 51.521131	 51.521131	 51.521131	 51.521131	 51.521131	 51.521131	 51.521131	 51.521131	 51.521131	 51.521131	 51.521131	 51.521131	 51.521131	 51.521131	 51.521131	 51.521131	 51.521131	 51.521131	 51.521131	 51.521131	 51.521131	 51.521131	 51.521131	 51.521131	 51.521131	 51.521131	 51.521131	 51.521131	 51.521131	 51.521131	 51.521131	 51.521131	 51.521131	 51.521131	 51.521131	 51.521131	 51.521131	 51.521131	 51.521131	 51.521131	 51.521131	 51.521131	 51.521131	 51.521131	 51.521131	 51.521131	 51.521131	 51.521131	 51.521131	 51.521131	 51.521131	 51.521131	 51.521131	 51.521131	 51.521131	 51.521131	 51.521131	 51.521131	 51.521131	 51.521131	 51.521131	 51.521131	 51.521131	
        99	 96.399569	 93.810071	   91.2423	 88.706779	 86.213628	 83.772442	 81.392186	 79.081093	 76.846582	 74.695192	 72.632534	 70.663253	 68.791018	 67.018519	 65.347487	 63.778724	  62.31215	 60.946858	 59.681182	 58.512774	 57.438676	 56.455412	  55.55907	 54.745386	 54.009826	 53.347672	 52.754089	 52.224199	 51.753143	 51.336137	 50.968519	 50.645792	 50.363654	 50.118028	 49.905079	 49.721227	 49.563158	  49.42782	 49.312425	 49.214443	 49.131591	 49.061824	 49.003318	 48.954458	 48.913824	 48.880169	  48.85241	 48.829608	 48.810957	 48.795762	 48.783434	 48.773474	  48.76546	 48.759038	 48.753912	 48.749839	 48.746614	 48.744073	 48.742077	 48.740517	 48.739302	  48.73836	 48.737633	 48.737073	 48.736644	 48.736317	 48.736068	  48.73588	 48.735738	 48.735632	 48.735552	 48.735493	 48.735449	 48.735417	 48.735393	 48.735375	 48.735362	 48.735353	 48.735346	 48.735342	 48.735338	 48.735336	 48.735334	 48.735333	 48.735332	 48.735331	 48.735331	  48.73533	  48.73533	  48.73533	  48.73533	  48.73533	  48.73533	  48.73533	  48.73533	  48.73533	  48.73533	  48.73533	  48.73533	  48.73533	  48.73533	  48.73533	  48.73533	  48.73533	  48.73533	  48.73533	  48.73533	  48.73533	  48.73533	  48.73533	  48.73533	  48.73533	  48.73533	  48.73533	  48.73533	  48.73533	  48.73533	  48.73533	  48.73533	  48.73533	  48.73533	  48.73533	  48.73533	  48.73533	  48.73533	  48.73533	  48.73533	  48.73533	  48.73533	  48.73533	  48.73533	  48.73533	  48.73533	  48.73533	  48.73533	  48.73533	  48.73533	  48.73533	  48.73533	  48.73533	  48.73533	  48.73533	  48.73533	  48.73533	  48.73533	  48.73533	  48.73533	  48.73533	  48.73533	  48.73533	  48.73533	  48.73533	  48.73533	  48.73533	  48.73533	  48.73533	  48.73533	  48.73533	  48.73533	  48.73533	  48.73533	  48.73533	  48.73533	  48.73533	  48.73533	  48.73533	  48.73533	  48.73533	  48.73533	  48.73533	  48.73533	  48.73533	  48.73533	  48.73533	  48.73533	  48.73533	  48.73533	  48.73533	  48.73533	  48.73533	  48.73533	  48.73533	  48.73533	  48.73533	  48.73533	  48.73533	  48.73533	  48.73533	  48.73533	  48.73533	  48.73533	  48.73533	  48.73533	  48.73533	  48.73533	  48.73533	  48.73533	  48.73533	  48.73533	
        99	 96.263697	 93.538897	  90.83696	 88.168958	  85.54554	 82.976802	 80.472178	  78.04033	 75.689066	 73.425266	 71.254834	 69.182658	 67.212599	 65.347487	 63.589143	 61.938413	  60.39521	 58.958581	 57.626774	 56.397316	 55.267097	 54.232458	 53.289282	 52.433082	  51.65909	 50.962338	  50.33774	 49.780163	 49.284495	 48.845701	 48.458875	 48.119285	 47.822405	 47.563945	 47.339869	 47.146412	 46.980083	 46.837674	 46.716249	 46.613148	 46.525967	 46.452555	 46.390992	 46.339579	 46.296821	 46.261408	 46.232199	 46.208206	 46.188579	 46.172591	 46.159619	 46.149138	 46.140705	 46.133948	 46.128554	 46.124268	 46.120875	 46.118201	 46.116101	  46.11446	 46.113181	  46.11219	 46.111424	 46.110835	 46.110384	  46.11004	 46.109778	  46.10958	 46.109431	 46.109319	 46.109235	 46.109173	 46.109127	 46.109092	 46.109067	 46.109049	 46.109035	 46.109026	 46.109019	 46.109013	  46.10901	 46.109007	 46.109005	 46.109004	 46.109003	 46.109002	 46.109002	 46.109002	 46.109001	 46.109001	 46.109001	 46.109001	 46.109001	 46.109001	 46.109001	 46.109001	 46.109001	 46.109001	 46.109001	 46.109001	 46.109001	 46.109001	 46.109001	 46.109001	 46.109001	 46.109001	 46.109001	 46.109001	 46.109001	 46.109001	 46.109001	 46.109001	 46.109001	 46.109001	 46.109001	 46.109001	 46.109001	 46.109001	 46.109001	 46.109001	 46.109001	 46.109001	 46.109001	 46.109001	 46.109001	 46.109001	 46.109001	 46.109001	 46.109001	 46.109001	 46.109001	 46.109001	 46.109001	 46.109001	 46.109001	 46.109001	 46.109001	 46.109001	 46.109001	 46.109001	 46.109001	 46.109001	 46.109001	 46.109001	 46.109001	 46.109001	 46.109001	 46.109001	 46.109001	 46.109001	 46.109001	 46.109001	 46.109001	 46.109001	 46.109001	 46.109001	 46.109001	 46.109001	 46.109001	 46.109001	 46.109001	 46.109001	 46.109001	 46.109001	 46.109001	 46.109001	 46.109001	 46.109001	 46.109001	 46.109001	 46.109001	 46.109001	 46.109001	 46.109001	 46.109001	 46.109001	 46.109001	 46.109001	 46.109001	 46.109001	 46.109001	 46.109001	 46.109001	 46.109001	 46.109001	 46.109001	 46.109001	 46.109001	 46.109001	 46.109001	 46.109001	 46.109001	 46.109001	 46.109001	 46.109001	 46.109001	 46.109001	 46.109001	 46.109001	
        99	  96.13614	 93.284319	 90.456428	 87.664053	 84.918339	 82.229856	 79.608475	 77.063263	 74.602391	 72.233061	 69.961451	 67.792678	 65.730781	 63.778724	 61.938413	  60.21073	 58.595589	 57.091989	 55.698099	 54.411327	 53.228421	 52.145551	 51.158407	 50.262295	 49.452222	 48.722989	 48.069275	 47.485706	 46.966931	 46.507682	 46.102823	 45.747403	 45.436684	 45.166175	 44.931654	 44.729178	 44.555096	 44.406048	 44.278963	 44.171055	 44.079811	 44.002976	 43.938543	 43.884734	 43.839982	 43.802918	 43.772347	 43.747236	 43.726695	 43.709961	 43.696384	 43.685415	 43.676589	 43.669516	 43.663872	 43.659386	 43.655835	 43.653035	 43.650838	  43.64912	 43.647782	 43.646744	 43.645943	 43.645326	 43.644854	 43.644494	  43.64422	 43.644013	 43.643857	  43.64374	 43.643652	 43.643587	 43.643538	 43.643502	 43.643476	 43.643457	 43.643443	 43.643432	 43.643425	  43.64342	 43.643416	 43.643413	 43.643411	  43.64341	 43.643409	 43.643408	 43.643408	 43.643407	 43.643407	 43.643407	 43.643407	 43.643407	 43.643407	 43.643407	 43.643407	 43.643407	 43.643407	 43.643407	 43.643407	 43.643407	 43.643407	 43.643407	 43.643407	 43.643407	 43.643407	 43.643407	 43.643407	 43.643407	 43.643407	 43.643407	 43.643407	 43.643407	 43.643407	 43.643407	 43.643407	 43.643407	 43.643407	 43.643407	 43.643407	 43.643407	 43.643407	 43.643407	 43.643407	 43.643407	 43.643407	 43.643407	 43.643407	 43.643407	 43.643407	 43.643407	 43.643407	 43.643407	 43.643407	 43.643407	 43.643407	 43.643407	 43.643407	 43.643407	 43.643407	 43.643407	 43.643407	 43.643407	 43.643407	 43.643407	 43.643407	 43.643407	 43.643407	 43.643407	 43.643407	 43.643407	 43.643407	 43.643407	 43.643407	 43.643407	 43.643407	 43.643407	 43.643407	 43.643407	 43.643407	 43.643407	 43.643407	 43.643407	 43.643407	 43.643407	 43.643407	 43.643407	 43.643407	 43.643407	 43.643407	 43.643407	 43.643407	 43.643407	 43.643407	 43.643407	 43.643407	 43.643407	 43.643407	 43.643407	 43.643407	 43.643407	 43.643407	 43.643407	 43.643407	 43.643407	 43.643407	 43.643407	 43.643407	 43.643407	 43.643407	 43.643407	 43.643407	 43.643407	 43.643407	 43.643407	 43.643407	 43.643407	 43.643407	 43.643407	 43.643407	
        99	 96.016892	 93.046325	 90.100683	 87.192037	 84.331995	 81.531566	 78.801034	 76.149842	 73.586502	 71.118516	 68.752318	  66.49324	 64.345488	  62.31215	  60.39521	 58.595589	 56.913194	 55.346987	 53.895056	 52.554705	 51.322544	 50.194584	 49.166337	 48.232911	 47.389108	 46.629511	 45.948576	 45.340708	 44.800332	  44.32196	 43.900244	 43.530025	 43.206368	 42.924595	 42.680309	 42.469402	 42.288071	 42.132817	  42.00044	  41.88804	 41.792996	 41.712961	 41.645845	 41.589796	 41.543181	 41.504574	  41.47273	 41.446573	 41.425176	 41.407746	 41.393604	 41.382178	 41.372984	 41.365617	 41.359738	 41.355065	 41.351366	  41.34845	 41.346161	 41.344371	 41.342978	 41.341897	 41.341062	  41.34042	 41.339928	 41.339553	 41.339268	 41.339052	 41.338889	 41.338767	 41.338676	 41.338608	 41.338557	  41.33852	 41.338493	 41.338473	 41.338458	 41.338447	  41.33844	 41.338434	  41.33843	 41.338427	 41.338425	 41.338424	 41.338423	 41.338422	 41.338421	 41.338421	 41.338421	 41.338421	 41.338421	  41.33842	  41.33842	  41.33842	  41.33842	  41.33842	  41.33842	  41.33842	  41.33842	  41.33842	  41.33842	  41.33842	  41.33842	  41.33842	  41.33842	  41.33842	  41.33842	  41.33842	  41.33842	  41.33842	  41.33842	  41.33842	  41.33842	  41.33842	  41.33842	  41.33842	  41.33842	  41.33842	  41.33842	  41.33842	  41.33842	  41.33842	  41.33842	  41.33842	  41.33842	  41.33842	  41.33842	  41.33842	  41.33842	  41.33842	  41.33842	  41.33842	  41.33842	  41.33842	  41.33842	  41.33842	  41.33842	  41.33842	  41.33842	  41.33842	  41.33842	  41.33842	  41.33842	  41.33842	  41.33842	  41.33842	  41.33842	  41.33842	  41.33842	  41.33842	  41.33842	  41.33842	  41.33842	  41.33842	  41.33842	  41.33842	  41.33842	  41.33842	  41.33842	  41.33842	  41.33842	  41.33842	  41.33842	  41.33842	  41.33842	  41.33842	  41.33842	  41.33842	  41.33842	  41.33842	  41.33842	  41.33842	  41.33842	  41.33842	  41.33842	  41.33842	  41.33842	  41.33842	  41.33842	  41.33842	  41.33842	  41.33842	  41.33842	  41.33842	  41.33842	  41.33842	  41.33842	  41.33842	  41.33842	  41.33842	  41.33842	  41.33842	  41.33842	  41.33842	  41.33842	  41.33842	  41.33842	  41.33842	  41.33842	
