         0          0          0          0          0          0          0          0          0          0          0          0          0          0          0          0          0          0          0          0          0          0          0          0          0          0          0          0          0          0          0          0          0          0          0          0          0          0          0          0          0          0          0          0          0          0          0          0          0          0
         0      2e-06      3e-06      5e-06      6e-06      8e-06      9e-06    1.1e-05    1.1e-05    1.2e-05    1.2e-05    1.3e-05    1.3e-05    1.3e-05    1.2e-05    1.3e-05    1.3e-05    1.2e-05    1.2e-05    1.2e-05    1.1e-05    1.2e-05    1.1e-05    1.1e-05    1.1e-05      1e-05    1.1e-05      1e-05    1.1e-05    1.1e-05    1.1e-05    1.1e-05    1.1e-05    1.1e-05    1.1e-05    1.2e-05    1.2e-05    1.3e-05    1.4e-05    1.6e-05    1.9e-05    2.3e-05    2.8e-05    3.7e-05      5e-05    6.8e-05    9.5e-05   0.000133   0.000188   0.000265
         0      3e-06      6e-06      1e-05    1.3e-05    1.5e-05    1.8e-05      2e-05    2.2e-05    2.3e-05    2.4e-05    2.5e-05    2.5e-05    2.6e-05    2.6e-05    2.5e-05    2.5e-05    2.4e-05    2.3e-05    2.3e-05    2.3e-05    2.2e-05    2.2e-05    2.1e-05    2.1e-05      2e-05      2e-05      2e-05    2.1e-05      2e-05      2e-05    2.1e-05    2.1e-05    2.1e-05    2.1e-05    2.3e-05    2.3e-05    2.6e-05    2.7e-05    3.1e-05    3.6e-05    4.4e-05    5.7e-05    7.4e-05    9.9e-05   0.000135   0.000189   0.000265   0.000374   0.000529
         0      5e-06      1e-05    1.5e-05    1.9e-05    2.4e-05    2.6e-05      3e-05    3.2e-05    3.5e-05    3.6e-05    3.7e-05    3.8e-05    3.8e-05    3.7e-05    3.7e-05    3.7e-05    3.6e-05    3.5e-05    3.4e-05    3.3e-05    3.3e-05    3.2e-05    3.1e-05      3e-05      3e-05      3e-05    2.9e-05    2.9e-05    2.9e-05    2.9e-05    2.9e-05      3e-05    3.1e-05    3.2e-05    3.2e-05    3.4e-05    3.7e-05      4e-05    4.6e-05    5.4e-05    6.6e-05    8.3e-05   0.000109   0.000147   0.000201    0.00028   0.000395   0.000557   0.000789
         0      6e-06    1.3e-05    1.9e-05    2.5e-05      3e-05    3.4e-05    3.9e-05    4.2e-05    4.5e-05    4.6e-05    4.8e-05    4.8e-05    4.9e-05    4.8e-05    4.8e-05    4.7e-05    4.6e-05    4.5e-05    4.4e-05    4.2e-05    4.2e-05      4e-05      4e-05    3.8e-05    3.8e-05    3.8e-05    3.7e-05    3.7e-05    3.7e-05    3.7e-05    3.8e-05    3.8e-05    3.9e-05      4e-05    4.1e-05    4.4e-05    4.8e-05    5.2e-05    5.9e-05    6.9e-05    8.6e-05   0.000109   0.000142   0.000193   0.000265    0.00037   0.000521   0.000736   0.001042
         0      8e-06    1.5e-05    2.4e-05      3e-05    3.7e-05    4.2e-05    4.7e-05      5e-05    5.4e-05    5.7e-05    5.8e-05    5.9e-05    5.9e-05    5.9e-05    5.7e-05    5.6e-05    5.5e-05    5.3e-05    5.2e-05      5e-05    4.9e-05    4.7e-05    4.7e-05    4.5e-05    4.5e-05    4.5e-05    4.4e-05    4.4e-05    4.4e-05    4.4e-05    4.5e-05    4.5e-05    4.6e-05    4.8e-05      5e-05    5.2e-05    5.7e-05    6.3e-05    7.1e-05    8.4e-05   0.000103   0.000132   0.000174   0.000236   0.000325   0.000455   0.000642   0.000909   0.001287
         0      9e-06    1.8e-05    2.6e-05    3.4e-05    4.2e-05    4.8e-05    5.4e-05    5.8e-05    6.2e-05    6.4e-05    6.6e-05    6.7e-05    6.7e-05    6.6e-05    6.6e-05    6.4e-05    6.2e-05    6.1e-05    5.9e-05    5.7e-05    5.6e-05    5.4e-05    5.2e-05    5.1e-05    5.1e-05      5e-05      5e-05    4.9e-05    4.9e-05      5e-05      5e-05    5.1e-05    5.2e-05    5.4e-05    5.6e-05    5.9e-05    6.4e-05      7e-05    8.1e-05    9.6e-05    0.00012   0.000153   0.000203   0.000277   0.000383   0.000537   0.000758   0.001074   0.001522
         0    1.1e-05      2e-05      3e-05    3.9e-05    4.7e-05    5.4e-05      6e-05    6.5e-05    6.9e-05    7.1e-05    7.3e-05    7.4e-05    7.4e-05    7.3e-05    7.2e-05    7.1e-05    6.8e-05    6.7e-05    6.4e-05    6.2e-05      6e-05    5.8e-05    5.6e-05    5.6e-05    5.4e-05    5.3e-05    5.3e-05    5.3e-05    5.3e-05    5.3e-05    5.4e-05    5.5e-05    5.5e-05    5.8e-05      6e-05    6.3e-05      7e-05    7.8e-05    8.9e-05   0.000107   0.000134   0.000173    0.00023   0.000314   0.000436   0.000614   0.000868   0.001231   0.001747
         0    1.1e-05    2.2e-05    3.2e-05    4.2e-05      5e-05    5.8e-05    6.5e-05      7e-05    7.5e-05    7.8e-05    7.9e-05      8e-05    7.9e-05    7.8e-05    7.7e-05    7.5e-05    7.3e-05      7e-05    6.7e-05    6.5e-05    6.3e-05      6e-05    5.8e-05    5.8e-05    5.6e-05    5.6e-05    5.5e-05    5.4e-05    5.5e-05    5.5e-05    5.5e-05    5.6e-05    5.8e-05      6e-05    6.3e-05    6.7e-05    7.3e-05    8.2e-05    9.6e-05   0.000116   0.000145    0.00019   0.000254   0.000348   0.000486   0.000685   0.000971    0.00138   0.001959
         0    1.2e-05    2.3e-05    3.5e-05    4.5e-05    5.4e-05    6.2e-05    6.9e-05    7.5e-05    7.8e-05    8.1e-05    8.3e-05    8.3e-05    8.3e-05    8.1e-05      8e-05    7.7e-05    7.5e-05    7.2e-05    6.9e-05    6.6e-05    6.4e-05    6.1e-05      6e-05    5.7e-05    5.6e-05    5.5e-05    5.5e-05    5.4e-05    5.5e-05    5.5e-05    5.6e-05    5.6e-05    5.8e-05    6.1e-05    6.4e-05    6.9e-05    7.5e-05    8.6e-05   0.000101   0.000122   0.000155   0.000204   0.000275   0.000379   0.000531    0.00075   0.001067   0.001518   0.002158
         0    1.2e-05    2.4e-05    3.6e-05    4.6e-05    5.7e-05    6.4e-05    7.1e-05    7.8e-05    8.1e-05    8.4e-05    8.6e-05    8.6e-05    8.5e-05    8.4e-05    8.1e-05    7.8e-05    7.6e-05    7.2e-05    6.9e-05    6.5e-05    6.3e-05      6e-05    5.8e-05    5.6e-05    5.5e-05    5.4e-05    5.3e-05    5.3e-05    5.3e-05    5.3e-05    5.5e-05    5.6e-05    5.7e-05    5.9e-05    6.3e-05    6.8e-05    7.5e-05    8.7e-05   0.000102   0.000127   0.000162   0.000215   0.000293   0.000406   0.000571   0.000811   0.001155   0.001646   0.002343
         0    1.3e-05    2.5e-05    3.7e-05    4.8e-05    5.8e-05    6.6e-05    7.3e-05    7.9e-05    8.3e-05    8.6e-05    8.7e-05    8.7e-05    8.6e-05    8.4e-05    8.1e-05    7.8e-05    7.5e-05      7e-05    6.7e-05    6.4e-05    6.1e-05    5.7e-05    5.5e-05    5.3e-05    5.2e-05    5.1e-05      5e-05    4.9e-05    4.9e-05      5e-05    5.1e-05    5.3e-05    5.4e-05    5.7e-05    6.1e-05    6.6e-05    7.4e-05    8.6e-05   0.000103   0.000129   0.000167   0.000224   0.000307    0.00043   0.000608   0.000865   0.001236   0.001765   0.002514
         0    1.3e-05    2.5e-05    3.8e-05    4.8e-05    5.9e-05    6.7e-05    7.4e-05      8e-05    8.3e-05    8.6e-05    8.7e-05    8.7e-05    8.5e-05    8.3e-05      8e-05    7.6e-05    7.2e-05    6.8e-05    6.4e-05      6e-05    5.7e-05    5.4e-05    5.1e-05    4.9e-05    4.8e-05    4.7e-05    4.5e-05    4.5e-05    4.5e-05    4.6e-05    4.6e-05    4.8e-05      5e-05    5.3e-05    5.7e-05    6.3e-05    7.1e-05    8.3e-05   0.000102   0.000129   0.000171   0.000232   0.000321    0.00045    0.00064   0.000914   0.001308   0.001872   0.002671
         0    1.3e-05    2.6e-05    3.8e-05    4.9e-05    5.9e-05    6.7e-05    7.4e-05    7.9e-05    8.3e-05    8.5e-05    8.6e-05    8.5e-05    8.4e-05    8.1e-05    7.7e-05    7.3e-05    6.9e-05    6.5e-05      6e-05    5.6e-05    5.3e-05    4.8e-05    4.6e-05    4.4e-05    4.2e-05    4.1e-05      4e-05      4e-05      4e-05      4e-05    4.1e-05    4.2e-05    4.5e-05    4.8e-05    5.2e-05    5.8e-05    6.7e-05      8e-05    9.9e-05   0.000129   0.000172   0.000236    0.00033   0.000468   0.000669   0.000958   0.001375    0.00197   0.002814
         0    1.2e-05    2.6e-05    3.7e-05    4.8e-05    5.9e-05    6.6e-05    7.3e-05    7.8e-05    8.1e-05    8.4e-05    8.4e-05    8.3e-05    8.1e-05    7.7e-05    7.3e-05    6.9e-05    6.5e-05      6e-05    5.5e-05      5e-05    4.7e-05    4.4e-05    4.1e-05    3.7e-05    3.5e-05    3.5e-05    3.3e-05    3.4e-05    3.3e-05    3.4e-05    3.5e-05    3.6e-05    3.9e-05    4.2e-05    4.6e-05    5.3e-05    6.2e-05    7.5e-05    9.6e-05   0.000127   0.000172   0.000239   0.000338   0.000483   0.000692   0.000996   0.001434   0.002058   0.002943
         0    1.3e-05    2.5e-05    3.7e-05    4.8e-05    5.7e-05    6.6e-05    7.2e-05    7.7e-05      8e-05    8.1e-05    8.1e-05      8e-05    7.7e-05    7.3e-05    6.9e-05    6.5e-05      6e-05    5.4e-05    4.9e-05    4.5e-05    4.1e-05    3.6e-05    3.4e-05    3.1e-05    2.9e-05    2.8e-05    2.6e-05    2.6e-05    2.6e-05    2.7e-05    2.8e-05    2.9e-05    3.2e-05    3.5e-05    3.9e-05    4.6e-05    5.6e-05    7.1e-05    9.2e-05   0.000124   0.000171   0.000241   0.000344   0.000494   0.000714   0.001031   0.001486   0.002136    0.00306
         0    1.3e-05    2.5e-05    3.7e-05    4.7e-05    5.6e-05    6.4e-05    7.1e-05    7.5e-05    7.7e-05    7.8e-05    7.8e-05    7.6e-05    7.3e-05    6.9e-05    6.5e-05    5.9e-05    5.4e-05    4.8e-05    4.3e-05    3.8e-05    3.4e-05      3e-05    2.7e-05    2.3e-05    2.1e-05    2.1e-05    1.9e-05    1.9e-05    1.9e-05      2e-05    2.1e-05    2.3e-05    2.5e-05    2.8e-05    3.3e-05      4e-05    5.1e-05    6.5e-05    8.7e-05    0.00012    0.00017   0.000242   0.000348   0.000504   0.000731   0.001061   0.001532   0.002207   0.003164
         0    1.2e-05    2.4e-05    3.6e-05    4.6e-05    5.5e-05    6.2e-05    6.8e-05    7.3e-05    7.5e-05    7.6e-05    7.5e-05    7.2e-05    6.9e-05    6.5e-05      6e-05    5.4e-05    4.8e-05    4.2e-05    3.7e-05    3.2e-05    2.7e-05    2.3e-05    1.9e-05    1.6e-05    1.4e-05    1.3e-05    1.2e-05    1.2e-05    1.2e-05    1.3e-05    1.4e-05    1.5e-05    1.8e-05    2.2e-05    2.6e-05    3.4e-05    4.4e-05      6e-05    8.2e-05   0.000116   0.000167   0.000242   0.000352   0.000513   0.000747   0.001086   0.001573   0.002268   0.003256
         0    1.2e-05    2.3e-05    3.5e-05    4.5e-05    5.3e-05    6.1e-05    6.7e-05      7e-05    7.2e-05    7.2e-05      7e-05    6.8e-05    6.5e-05      6e-05    5.4e-05    4.8e-05    4.2e-05    3.7e-05    3.1e-05    2.5e-05    2.1e-05    1.6e-05    1.3e-05      1e-05      7e-06      6e-06      5e-06      4e-06      5e-06      5e-06      6e-06      8e-06    1.1e-05    1.4e-05    1.9e-05    2.7e-05    3.8e-05    5.4e-05    7.8e-05   0.000112   0.000164   0.000241   0.000354    0.00052    0.00076   0.001108   0.001609   0.002323   0.003337
         0    1.2e-05    2.3e-05    3.4e-05    4.4e-05    5.2e-05    5.9e-05    6.4e-05    6.7e-05    6.9e-05    6.9e-05    6.7e-05    6.4e-05      6e-05    5.5e-05    4.9e-05    4.3e-05    3.7e-05    3.1e-05    2.5e-05      2e-05    1.4e-05      1e-05      6e-06      3e-06      1e-06     -1e-06     -2e-06     -3e-06     -2e-06     -1e-06          0      1e-06      4e-06      8e-06    1.4e-05    2.1e-05    3.2e-05    4.8e-05    7.3e-05   0.000108   0.000161    0.00024   0.000356   0.000525   0.000771   0.001127   0.001639   0.002371   0.003409
         0    1.1e-05    2.3e-05    3.3e-05    4.2e-05      5e-05    5.7e-05    6.2e-05    6.5e-05    6.6e-05    6.5e-05    6.4e-05      6e-05    5.6e-05      5e-05    4.5e-05    3.8e-05    3.2e-05    2.5e-05      2e-05    1.4e-05      8e-06      4e-06          0     -3e-06     -5e-06     -7e-06     -8e-06     -8e-06     -9e-06     -7e-06     -6e-06     -4e-06     -2e-06      2e-06      8e-06    1.5e-05    2.6e-05    4.3e-05    6.7e-05   0.000105   0.000159   0.000239   0.000357    0.00053   0.000781   0.001144   0.001666   0.002412   0.003471
         0    1.2e-05    2.2e-05    3.3e-05    4.2e-05    4.9e-05    5.6e-05      6e-05    6.3e-05    6.4e-05    6.3e-05    6.1e-05    5.7e-05    5.3e-05    4.7e-05    4.1e-05    3.4e-05    2.7e-05    2.1e-05    1.4e-05      8e-06      3e-06     -1e-06     -6e-06     -8e-06   -1.1e-05   -1.3e-05   -1.3e-05   -1.4e-05   -1.4e-05   -1.3e-05   -1.2e-05     -1e-05     -7e-06     -3e-06      2e-06    1.1e-05    2.2e-05    3.9e-05    6.4e-05   0.000101   0.000156   0.000238   0.000357   0.000533   0.000788   0.001159    0.00169   0.002448   0.003525
         0    1.1e-05    2.2e-05    3.2e-05      4e-05    4.7e-05    5.4e-05    5.8e-05      6e-05    6.1e-05      6e-05    5.7e-05    5.4e-05    4.8e-05    4.4e-05    3.6e-05      3e-05    2.3e-05    1.6e-05      1e-05      4e-06     -1e-06     -6e-06     -1e-05   -1.3e-05   -1.5e-05   -1.7e-05   -1.8e-05   -1.9e-05   -1.9e-05   -1.7e-05   -1.6e-05   -1.4e-05   -1.2e-05     -7e-06     -2e-06      6e-06    1.8e-05    3.5e-05    6.1e-05    9.8e-05   0.000154   0.000236   0.000358   0.000537   0.000796   0.001171   0.001709    0.00248   0.003572
         0    1.1e-05    2.1e-05    3.1e-05      4e-05    4.7e-05    5.2e-05    5.6e-05    5.8e-05      6e-05    5.8e-05    5.5e-05    5.1e-05    4.6e-05    4.1e-05    3.4e-05    2.7e-05    1.9e-05    1.3e-05      6e-06          0     -6e-06     -1e-05   -1.4e-05   -1.8e-05     -2e-05   -2.1e-05   -2.2e-05   -2.2e-05   -2.2e-05   -2.2e-05   -2.1e-05   -1.8e-05   -1.5e-05   -1.1e-05     -5e-06      3e-06    1.4e-05    3.2e-05    5.7e-05    9.6e-05   0.000153   0.000236   0.000359    0.00054   0.000802   0.001182   0.001728   0.002506   0.003613
         0    1.1e-05    2.1e-05      3e-05    3.8e-05    4.5e-05    5.1e-05    5.6e-05    5.8e-05    5.7e-05    5.6e-05    5.3e-05    4.9e-05    4.4e-05    3.7e-05    3.1e-05    2.3e-05    1.6e-05      1e-05      3e-06     -3e-06     -8e-06   -1.3e-05   -1.8e-05     -2e-05   -2.3e-05   -2.4e-05   -2.6e-05   -2.6e-05   -2.5e-05   -2.5e-05   -2.3e-05   -2.1e-05   -1.8e-05   -1.5e-05     -9e-06     -1e-06    1.2e-05    2.9e-05    5.6e-05    9.3e-05   0.000151   0.000236   0.000361   0.000542   0.000808   0.001191   0.001743    0.00253   0.003647
         0      1e-05      2e-05      3e-05    3.8e-05    4.5e-05    5.1e-05    5.4e-05    5.6e-05    5.6e-05    5.5e-05    5.2e-05    4.8e-05    4.2e-05    3.5e-05    2.9e-05    2.1e-05    1.4e-05      7e-06      1e-06     -5e-06   -1.1e-05   -1.5e-05     -2e-05   -2.3e-05   -2.5e-05   -2.6e-05   -2.8e-05   -2.8e-05   -2.8e-05   -2.7e-05   -2.5e-05   -2.3e-05     -2e-05   -1.6e-05   -1.1e-05     -2e-06      1e-05    2.7e-05    5.4e-05    9.3e-05   0.000151   0.000236   0.000361   0.000545   0.000813   0.001199   0.001756    0.00255   0.003677
         0    1.1e-05      2e-05      3e-05    3.8e-05    4.5e-05      5e-05    5.3e-05    5.6e-05    5.5e-05    5.4e-05    5.1e-05    4.7e-05    4.1e-05    3.5e-05    2.8e-05    2.1e-05    1.3e-05      6e-06     -1e-06     -7e-06   -1.3e-05   -1.7e-05   -2.1e-05   -2.4e-05   -2.6e-05   -2.8e-05   -2.9e-05     -3e-05     -3e-05   -2.9e-05   -2.7e-05   -2.5e-05   -2.2e-05   -1.8e-05   -1.2e-05     -4e-06      9e-06    2.6e-05    5.3e-05    9.2e-05    0.00015   0.000236   0.000362   0.000548   0.000817   0.001207   0.001766   0.002567   0.003703
         0      1e-05      2e-05    2.9e-05    3.7e-05    4.4e-05      5e-05    5.3e-05    5.5e-05    5.5e-05    5.3e-05      5e-05    4.5e-05      4e-05    3.3e-05    2.6e-05    1.9e-05    1.2e-05      5e-06     -2e-06     -8e-06   -1.3e-05   -1.8e-05   -2.2e-05   -2.6e-05   -2.8e-05   -2.9e-05     -3e-05   -3.1e-05     -3e-05   -2.9e-05   -2.7e-05   -2.6e-05   -2.2e-05   -1.9e-05   -1.3e-05     -4e-06      8e-06    2.6e-05    5.3e-05    9.2e-05    0.00015   0.000237   0.000364   0.000551   0.000822   0.001214   0.001777   0.002582   0.003724
         0    1.1e-05    2.1e-05    2.9e-05    3.7e-05    4.4e-05    4.9e-05    5.3e-05    5.4e-05    5.4e-05    5.3e-05    4.9e-05    4.5e-05      4e-05    3.4e-05    2.6e-05    1.9e-05    1.2e-05      4e-06     -3e-06     -8e-06   -1.4e-05   -1.9e-05   -2.2e-05   -2.6e-05   -2.8e-05     -3e-05   -3.1e-05   -3.1e-05     -3e-05     -3e-05   -2.8e-05   -2.6e-05   -2.3e-05   -1.9e-05   -1.3e-05     -4e-06      8e-06    2.6e-05    5.3e-05    9.3e-05   0.000152   0.000238   0.000366   0.000553   0.000826    0.00122   0.001785   0.002594   0.003742
         0    1.1e-05      2e-05    2.9e-05    3.7e-05    4.4e-05    4.9e-05    5.3e-05    5.5e-05    5.5e-05    5.3e-05    4.9e-05    4.5e-05      4e-05    3.3e-05    2.6e-05    1.9e-05    1.2e-05      5e-06     -2e-06     -9e-06   -1.4e-05   -1.9e-05   -2.2e-05   -2.5e-05   -2.8e-05     -3e-05     -3e-05     -3e-05     -3e-05   -2.9e-05   -2.8e-05   -2.5e-05   -2.2e-05   -1.8e-05   -1.3e-05     -4e-06      9e-06    2.7e-05    5.4e-05    9.4e-05   0.000153    0.00024   0.000369   0.000557    0.00083   0.001225   0.001793   0.002606   0.003758
         0    1.1e-05      2e-05    2.9e-05    3.7e-05    4.4e-05      5e-05    5.3e-05    5.5e-05    5.5e-05    5.3e-05      5e-05    4.6e-05      4e-05    3.4e-05    2.7e-05      2e-05    1.3e-05      5e-06     -1e-06     -7e-06   -1.3e-05   -1.7e-05   -2.2e-05   -2.5e-05   -2.7e-05   -2.9e-05   -2.9e-05     -3e-05   -2.9e-05   -2.8e-05   -2.6e-05   -2.4e-05   -2.2e-05   -1.7e-05   -1.1e-05     -3e-06      9e-06    2.8e-05    5.5e-05    9.5e-05   0.000154   0.000242    0.00037   0.000559   0.000833    0.00123   0.001801   0.002616   0.003772
         0    1.1e-05    2.1e-05    2.9e-05    3.8e-05    4.5e-05      5e-05    5.4e-05    5.5e-05    5.6e-05    5.5e-05    5.1e-05    4.6e-05    4.1e-05    3.5e-05    2.8e-05    2.1e-05    1.4e-05      6e-06          0     -6e-06   -1.2e-05   -1.6e-05   -2.1e-05   -2.3e-05   -2.5e-05   -2.7e-05   -2.7e-05   -2.8e-05   -2.8e-05   -2.6e-05   -2.5e-05   -2.3e-05   -1.9e-05   -1.5e-05     -1e-05     -1e-06    1.2e-05      3e-05    5.6e-05    9.7e-05   0.000157   0.000244   0.000374   0.000563   0.000838   0.001235   0.001807   0.002624   0.003783
         0    1.1e-05    2.1e-05      3e-05    3.8e-05    4.5e-05    5.1e-05    5.5e-05    5.6e-05    5.6e-05    5.6e-05    5.3e-05    4.8e-05    4.2e-05    3.6e-05    2.9e-05    2.3e-05    1.5e-05      8e-06      1e-06     -4e-06     -1e-05   -1.4e-05   -1.8e-05   -2.1e-05   -2.3e-05   -2.5e-05   -2.6e-05   -2.6e-05   -2.5e-05   -2.4e-05   -2.3e-05     -2e-05   -1.8e-05   -1.4e-05     -7e-06      1e-06    1.4e-05    3.2e-05      6e-05    9.9e-05   0.000159   0.000247   0.000377   0.000566   0.000842    0.00124   0.001814   0.002632   0.003794
         0    1.1e-05    2.1e-05    3.1e-05    3.9e-05    4.6e-05    5.2e-05    5.5e-05    5.8e-05    5.8e-05    5.7e-05    5.4e-05      5e-05    4.5e-05    3.9e-05    3.2e-05    2.5e-05    1.8e-05    1.1e-05      4e-06     -2e-06     -7e-06   -1.2e-05   -1.5e-05   -1.8e-05     -2e-05   -2.2e-05   -2.2e-05   -2.3e-05   -2.2e-05   -2.2e-05   -1.9e-05   -1.8e-05   -1.4e-05     -1e-05     -4e-06      5e-06    1.7e-05    3.5e-05    6.2e-05   0.000103   0.000162   0.000251    0.00038   0.000571   0.000847   0.001246    0.00182    0.00264   0.003804
         0    1.1e-05    2.1e-05    3.2e-05      4e-05    4.8e-05    5.4e-05    5.8e-05      6e-05    6.1e-05    5.9e-05    5.7e-05    5.3e-05    4.8e-05    4.2e-05    3.5e-05    2.8e-05    2.2e-05    1.4e-05      8e-06      2e-06     -3e-06     -7e-06   -1.1e-05   -1.5e-05   -1.6e-05   -1.8e-05   -1.9e-05   -1.9e-05   -1.8e-05   -1.7e-05   -1.5e-05   -1.4e-05     -1e-05     -6e-06          0      9e-06    2.2e-05    3.9e-05    6.7e-05   0.000107   0.000167   0.000255   0.000386   0.000575   0.000852   0.001252   0.001827   0.002648   0.003814
         0    1.2e-05    2.3e-05    3.2e-05    4.1e-05      5e-05    5.6e-05      6e-05    6.3e-05    6.4e-05    6.3e-05    6.1e-05    5.7e-05    5.2e-05    4.6e-05    3.9e-05    3.3e-05    2.6e-05    1.9e-05    1.4e-05      8e-06      2e-06     -2e-06     -5e-06     -9e-06   -1.1e-05   -1.2e-05   -1.3e-05   -1.3e-05   -1.3e-05   -1.1e-05     -1e-05     -7e-06     -4e-06          0      6e-06    1.5e-05    2.8e-05    4.6e-05    7.3e-05   0.000113   0.000174   0.000262   0.000391   0.000582   0.000859   0.001259   0.001835   0.002657   0.003824
         0    1.2e-05    2.3e-05    3.4e-05    4.4e-05    5.2e-05    5.9e-05    6.3e-05    6.7e-05    6.9e-05    6.8e-05    6.6e-05    6.3e-05    5.8e-05    5.3e-05    4.6e-05      4e-05    3.4e-05    2.7e-05    2.1e-05    1.5e-05    1.1e-05      6e-06      3e-06     -1e-06     -2e-06     -4e-06     -4e-06     -4e-06     -4e-06     -3e-06     -1e-06      1e-06      5e-06      9e-06    1.5e-05    2.4e-05    3.6e-05    5.4e-05    8.2e-05   0.000123   0.000182   0.000271   0.000401   0.000591   0.000868   0.001269   0.001845   0.002668   0.003836
         0    1.3e-05    2.6e-05    3.7e-05    4.8e-05    5.7e-05    6.4e-05      7e-05    7.3e-05    7.5e-05    7.5e-05    7.4e-05    7.1e-05    6.7e-05    6.2e-05    5.6e-05    5.1e-05    4.4e-05    3.8e-05    3.2e-05    2.6e-05    2.2e-05    1.8e-05    1.4e-05    1.2e-05      1e-05      9e-06      8e-06      8e-06      9e-06      9e-06    1.2e-05    1.4e-05    1.7e-05    2.2e-05    2.8e-05    3.6e-05    4.9e-05    6.8e-05    9.4e-05   0.000135   0.000195   0.000283   0.000414   0.000604   0.000882   0.001282   0.001859   0.002683   0.003851
         0    1.4e-05    2.7e-05      4e-05    5.2e-05    6.3e-05      7e-05    7.8e-05    8.2e-05    8.6e-05    8.7e-05    8.6e-05    8.3e-05      8e-05    7.5e-05    7.1e-05    6.5e-05      6e-05    5.4e-05    4.8e-05    4.3e-05    3.9e-05    3.5e-05    3.2e-05    2.9e-05    2.7e-05    2.6e-05    2.6e-05    2.6e-05    2.7e-05    2.8e-05      3e-05    3.2e-05    3.5e-05    3.9e-05    4.6e-05    5.4e-05    6.8e-05    8.6e-05   0.000113   0.000153   0.000214   0.000302   0.000432   0.000623     0.0009   0.001302   0.001878   0.002702   0.003872
         0    1.6e-05    3.1e-05    4.6e-05    5.9e-05    7.1e-05    8.1e-05    8.9e-05    9.6e-05   0.000101   0.000102   0.000103   0.000102    9.9e-05    9.6e-05    9.2e-05    8.7e-05    8.2e-05    7.8e-05    7.3e-05    6.7e-05    6.4e-05    6.1e-05    5.7e-05    5.6e-05    5.4e-05    5.3e-05    5.3e-05    5.3e-05    5.4e-05    5.5e-05    5.6e-05      6e-05    6.2e-05    6.7e-05    7.3e-05    8.2e-05    9.4e-05   0.000113    0.00014   0.000181   0.000241    0.00033    0.00046    0.00065   0.000928   0.001329   0.001906    0.00273     0.0039
         0    1.9e-05    3.6e-05    5.4e-05    6.9e-05    8.4e-05    9.6e-05   0.000107   0.000116   0.000122   0.000127   0.000129   0.000129   0.000129   0.000127   0.000124    0.00012   0.000116   0.000112   0.000108   0.000105   0.000101    9.8e-05    9.6e-05    9.3e-05    9.3e-05    9.2e-05    9.2e-05    9.3e-05    9.4e-05    9.5e-05    9.7e-05    9.9e-05   0.000103   0.000107   0.000113   0.000123   0.000135   0.000153   0.000181   0.000222   0.000281   0.000371   0.000501   0.000691   0.000968   0.001371   0.001947   0.002772   0.003941
         0    2.3e-05    4.4e-05    6.6e-05    8.6e-05   0.000103    0.00012   0.000134   0.000145   0.000155   0.000162   0.000167   0.000171   0.000172   0.000172   0.000171    0.00017   0.000167   0.000164   0.000161   0.000159   0.000156   0.000154   0.000153   0.000151   0.000151    0.00015    0.00015   0.000152   0.000153   0.000154   0.000157   0.000159   0.000162   0.000167   0.000174   0.000182   0.000195   0.000214   0.000241   0.000281   0.000342    0.00043    0.00056   0.000751   0.001029   0.001431   0.002007   0.002832   0.004002
         0    2.8e-05    5.7e-05    8.3e-05   0.000109   0.000132   0.000153   0.000173    0.00019   0.000204   0.000215   0.000224   0.000232   0.000236   0.000239   0.000241   0.000242   0.000242   0.000241    0.00024   0.000239   0.000238   0.000236   0.000236   0.000236   0.000236   0.000236   0.000237   0.000238    0.00024   0.000242   0.000244   0.000247   0.000251   0.000255   0.000262   0.000271   0.000283   0.000302    0.00033   0.000371    0.00043   0.000518   0.000649    0.00084   0.001118   0.001519   0.002097   0.002922   0.004092
         0    3.7e-05    7.4e-05   0.000109   0.000142   0.000174   0.000203    0.00023   0.000254   0.000275   0.000293   0.000307   0.000321    0.00033   0.000338   0.000344   0.000348   0.000352   0.000354   0.000356   0.000357   0.000357   0.000358   0.000359   0.000361   0.000361   0.000362   0.000364   0.000366   0.000369    0.00037   0.000374   0.000377    0.00038   0.000386   0.000391   0.000401   0.000414   0.000432    0.00046   0.000501    0.00056   0.000649    0.00078   0.000971   0.001248    0.00165   0.002227   0.003052   0.004223
         0      5e-05    9.9e-05   0.000147   0.000193   0.000236   0.000277   0.000314   0.000348   0.000379   0.000406    0.00043    0.00045   0.000468   0.000483   0.000494   0.000504   0.000513    0.00052   0.000525    0.00053   0.000533   0.000537    0.00054   0.000542   0.000545   0.000548   0.000551   0.000553   0.000557   0.000559   0.000563   0.000566   0.000571   0.000575   0.000582   0.000591   0.000604   0.000623    0.00065   0.000691   0.000751    0.00084   0.000971   0.001161   0.001439   0.001841   0.002419   0.003243   0.004415
         0    6.8e-05   0.000135   0.000201   0.000265   0.000325   0.000383   0.000436   0.000486   0.000531   0.000571   0.000608    0.00064   0.000669   0.000692   0.000714   0.000731   0.000747    0.00076   0.000771   0.000781   0.000788   0.000796   0.000802   0.000808   0.000813   0.000817   0.000822   0.000826    0.00083   0.000833   0.000838   0.000842   0.000847   0.000852   0.000859   0.000868   0.000882     0.0009   0.000928   0.000968   0.001029   0.001118   0.001248   0.001439   0.001717   0.002119   0.002697   0.003522   0.004692
         0    9.5e-05   0.000189    0.00028    0.00037   0.000455   0.000537   0.000614   0.000685    0.00075   0.000811   0.000865   0.000914   0.000958   0.000996   0.001031   0.001061   0.001086   0.001108   0.001127   0.001144   0.001159   0.001171   0.001182   0.001191   0.001199   0.001207   0.001214    0.00122   0.001225    0.00123   0.001235    0.00124   0.001246   0.001252   0.001259   0.001269   0.001282   0.001302   0.001329   0.001371   0.001431   0.001519    0.00165   0.001841   0.002119   0.002521   0.003099   0.003924   0.005095
         0   0.000133   0.000265   0.000395   0.000521   0.000642   0.000758   0.000868   0.000971   0.001067   0.001155   0.001236   0.001308   0.001375   0.001434   0.001486   0.001532   0.001573   0.001609   0.001639   0.001666    0.00169   0.001709   0.001728   0.001743   0.001756   0.001766   0.001777   0.001785   0.001793   0.001801   0.001807   0.001814    0.00182   0.001827   0.001835   0.001845   0.001859   0.001878   0.001906   0.001947   0.002007   0.002097   0.002227   0.002419   0.002697   0.003099   0.003676   0.004501   0.005672
         0   0.000188   0.000374   0.000557   0.000736   0.000909   0.001074   0.001231    0.00138   0.001518   0.001646   0.001765   0.001872    0.00197   0.002058   0.002136   0.002207   0.002268   0.002323   0.002371   0.002412   0.002448    0.00248   0.002506    0.00253    0.00255   0.002567   0.002582   0.002594   0.002606   0.002616   0.002624   0.002632    0.00264   0.002648   0.002657   0.002668   0.002683   0.002702    0.00273   0.002772   0.002832   0.002922   0.003052   0.003243   0.003522   0.003924   0.004501   0.005327   0.006498
         0   0.000265   0.000529   0.000789   0.001042   0.001287   0.001522   0.001747   0.001959   0.002158   0.002343   0.002514   0.002671   0.002814   0.002943    0.00306   0.003164   0.003256   0.003337   0.003409   0.003471   0.003525   0.003572   0.003613   0.003647   0.003677   0.003703   0.003724   0.003742   0.003758   0.003772   0.003783   0.003794   0.003804   0.003814   0.003824   0.003836   0.003851   0.003872     0.0039   0.003941   0.004002   0.004092   0.004223   0.004415   0.004692   0.005095   0.005672   0.006498   0.007669