         0          0          0          0          0          0          0          0          0          0          0          0          0          0          0          0          0          0          0          0          0          0          0          0          0          0          0          0          0          0          0          0          0          0          0          0          0          0          0          0          0          0          0          0          0          0          0          0          0          0
         0      2e-06      5e-06      8e-06    1.2e-05    1.5e-05    1.9e-05    2.3e-05    2.8e-05    3.5e-05    4.2e-05    5.1e-05    6.3e-05    7.5e-05    9.2e-05   0.000111   0.000137   0.000167   0.000203   0.000249   0.000306   0.000374   0.000457   0.000559   0.000683   0.000834   0.001017   0.001237   0.001504   0.001824   0.002208   0.002668   0.003216    0.00387   0.004647   0.005566   0.006654   0.007935   0.009442    0.01121   0.013277   0.015689   0.018497   0.021755   0.025528   0.029886   0.034906   0.040671   0.047279   0.054833
         0      5e-06    1.1e-05    1.7e-05    2.3e-05      3e-05    3.8e-05    4.7e-05    5.8e-05      7e-05    8.5e-05   0.000103   0.000125   0.000152   0.000184   0.000224   0.000273   0.000334   0.000409   0.000499   0.000611   0.000748   0.000915   0.001119   0.001366   0.001667   0.002032   0.002473   0.003005   0.003645   0.004412    0.00533   0.006426   0.007732   0.009283    0.01112   0.013292   0.015852   0.018862   0.022392   0.026522    0.03134   0.036947   0.043456   0.050992   0.059697   0.069721   0.081239   0.094439   0.109525
         0      8e-06    1.7e-05    2.6e-05    3.6e-05    4.7e-05    5.8e-05    7.2e-05    8.8e-05   0.000107    0.00013   0.000156   0.000189   0.000229   0.000278   0.000338   0.000413   0.000502   0.000615    0.00075   0.000918   0.001122   0.001373   0.001678   0.002049     0.0025   0.003046   0.003707   0.004502   0.005459   0.006608   0.007982   0.009623   0.011577   0.013899    0.01665   0.019899   0.023731   0.028237    0.03352   0.039702   0.046913   0.055305   0.065048   0.076329   0.089355    0.10436     0.1216   0.141357   0.163937
         0    1.2e-05    2.3e-05    3.6e-05    4.8e-05    6.3e-05    7.9e-05    9.8e-05    0.00012   0.000145   0.000176   0.000212   0.000256    0.00031   0.000375   0.000455   0.000554   0.000675   0.000822   0.001004   0.001227     0.0015   0.001833   0.002238   0.002732   0.003332   0.004058   0.004935   0.005993   0.007265   0.008792   0.010619   0.012801   0.015399   0.018484    0.02214   0.026462   0.031556   0.037544   0.044568   0.052785    0.06237   0.073528   0.086478   0.101474   0.118789   0.138736   0.161653   0.187915   0.217932
         0    1.5e-05      3e-05    4.7e-05    6.3e-05    8.2e-05   0.000103   0.000127   0.000154   0.000186   0.000225    0.00027   0.000326   0.000393   0.000476   0.000576   0.000698    0.00085   0.001035   0.001261   0.001539   0.001878   0.002294   0.002799   0.003414   0.004161   0.005065   0.006157   0.007475    0.00906   0.010962   0.013236   0.015953   0.019189   0.023031   0.027583   0.032964   0.039307   0.046764   0.055509    0.06574   0.077677   0.091569   0.107695   0.126366   0.147928   0.172764     0.2013      0.234   0.271375
         0    1.9e-05    3.8e-05    5.8e-05    7.9e-05   0.000103   0.000129   0.000158   0.000192   0.000232   0.000278   0.000333   0.000401   0.000482   0.000581   0.000702   0.000849   0.001029   0.001251   0.001522   0.001856   0.002261   0.002758   0.003362   0.004097   0.004989   0.006069   0.007375    0.00895   0.010842   0.013114   0.015831   0.019077    0.02294    0.02753   0.032967   0.039393   0.046969   0.055875   0.066321    0.07854   0.092797   0.109388   0.128649   0.150949   0.176701   0.206364   0.240445     0.2795    0.32414
         0    2.3e-05    4.7e-05    7.2e-05    9.8e-05   0.000127   0.000158   0.000194   0.000235   0.000282   0.000336   0.000402   0.000482   0.000577   0.000693   0.000834   0.001006   0.001218   0.001476   0.001791   0.002178    0.00265   0.003226   0.003927   0.004781   0.005817   0.007072   0.008587   0.010413   0.012611   0.015246     0.0184   0.022164   0.026648   0.031973   0.038282   0.045738   0.054526   0.064861    0.07698   0.091156   0.107697   0.126948   0.149293   0.175165   0.205043   0.239459   0.278999   0.324311   0.376102
         0    2.8e-05    5.8e-05    8.8e-05    0.00012   0.000154   0.000192   0.000235   0.000282   0.000338   0.000403   0.000479   0.000571    0.00068   0.000814   0.000975   0.001173   0.001414   0.001708   0.002068   0.002508   0.003045   0.003701     0.0045   0.005469   0.006646   0.008072   0.009793   0.011869   0.014364   0.017358    0.02094   0.025216   0.030308   0.036355   0.043519   0.051987   0.061969   0.073704   0.087466   0.103565   0.122349   0.144209   0.169584   0.198964   0.232894   0.271975   0.316877   0.368332   0.427144
         0    3.5e-05      7e-05   0.000107   0.000145   0.000186   0.000232   0.000282   0.000338   0.000402   0.000477   0.000566    0.00067   0.000795   0.000946   0.001129   0.001351   0.001623   0.001953   0.002357   0.002851   0.003452   0.004186   0.005079   0.006165   0.007481   0.009073   0.010998   0.013317   0.016105   0.019449   0.023451   0.028228   0.033916   0.040671   0.048674   0.058132    0.06928   0.082388   0.097761   0.115742   0.136724    0.16114   0.189483   0.222299   0.260195   0.303847   0.353999   0.411471   0.477161
         0    4.2e-05    8.5e-05    0.00013   0.000176   0.000225   0.000278   0.000336   0.000403   0.000477   0.000563   0.000664   0.000782   0.000923   0.001093   0.001297   0.001545   0.001847   0.002214   0.002662   0.003208   0.003874   0.004685   0.005671   0.006869   0.008322    0.01008   0.012202   0.014759   0.017834   0.021522   0.025934     0.0312   0.037471   0.044918    0.05374   0.064166   0.076456   0.090904   0.107849   0.127671   0.150798   0.177711   0.208953   0.245125   0.286897   0.335014   0.390295   0.453644   0.526052
         0    5.1e-05   0.000103   0.000156   0.000212    0.00027   0.000333   0.000402   0.000479   0.000566   0.000664   0.000778   0.000911    0.00107   0.001258   0.001486    0.00176   0.002092   0.002496   0.002987   0.003586   0.004315   0.005202    0.00628   0.007589   0.009176   0.011094   0.013411   0.016202   0.019555   0.023578   0.028391   0.034135   0.040973   0.049095   0.058716   0.070085   0.083486   0.099241   0.117719   0.139333    0.16455   0.193898   0.227964   0.267406   0.312955    0.36542   0.425699   0.494775   0.573728
         0    6.3e-05   0.000125   0.000189   0.000256   0.000326   0.000401   0.000482   0.000571    0.00067   0.000782   0.000911   0.001062   0.001238   0.001447   0.001698   0.001999   0.002363   0.002804    0.00334   0.003991   0.004782   0.005744   0.006913   0.008331   0.010047   0.012123    0.01463   0.017647   0.021275   0.025624   0.030826   0.037034   0.044425   0.053202     0.0636   0.075886   0.090369   0.107394   0.127361   0.150717   0.177967   0.209679    0.24649    0.28911   0.338329   0.395021   0.460156   0.534797   0.620111
         0    7.5e-05   0.000152   0.000229    0.00031   0.000393   0.000482   0.000577    0.00068   0.000795   0.000923    0.00107   0.001238   0.001434   0.001666   0.001941    0.00227   0.002667   0.003146   0.003726    0.00443   0.005283    0.00632   0.007577   0.009102   0.010947   0.013177   0.015867   0.019106   0.022999   0.027665   0.033246   0.039905   0.047832   0.057246   0.068397   0.081572   0.097102    0.11536   0.136771   0.161815   0.191036    0.22504   0.264512   0.310212   0.362988   0.423778    0.49362   0.573654   0.665133
         0    9.2e-05   0.000184   0.000278   0.000375   0.000476   0.000581   0.000693   0.000814   0.000946   0.001093   0.001258   0.001447   0.001666   0.001922   0.002223   0.002583   0.003013   0.003531   0.004155   0.004912   0.005827   0.006938   0.008284   0.009913   0.011884   0.014264   0.017134   0.020589   0.024739   0.029712    0.03566   0.042757   0.051203   0.061232   0.073112   0.087149   0.103692    0.12314   0.145948   0.172625   0.203751   0.239972   0.282016   0.330695   0.386909    0.45166   0.526052   0.611301    0.70874
         0   0.000111   0.000224   0.000338   0.000455   0.000576   0.000702   0.000834   0.000975   0.001129   0.001297   0.001486   0.001698   0.001941   0.002223   0.002555   0.002946   0.003411   0.003969   0.004641   0.005451   0.006429   0.007613   0.009045   0.010778   0.012871   0.015398   0.018444   0.022107   0.026506   0.031778   0.038081     0.0456   0.054549   0.065172   0.077756   0.092623   0.110145   0.130744   0.154898    0.18315   0.216112   0.254471   0.298996   0.350545   0.410077   0.478647   0.557427   0.647703   0.750889
         0   0.000137   0.000273   0.000413   0.000554   0.000698   0.000849   0.001006   0.001173   0.001351   0.001545    0.00176   0.001999    0.00227   0.002583   0.002946   0.003372   0.003875   0.004475   0.005194   0.006059     0.0071   0.008359   0.009876   0.011711   0.013925   0.016596   0.019812   0.023679    0.02832    0.03388   0.040526   0.048453   0.057885   0.069082   0.082343    0.09801   0.116474   0.138178   0.163629   0.193397   0.228127   0.268542   0.315453   0.369765   0.432485   0.504729   0.587729   0.682841   0.791553
         0   0.000167   0.000334   0.000502   0.000675    0.00085   0.001029   0.001218   0.001414   0.001623   0.001847   0.002092   0.002363   0.002667   0.003013   0.003411   0.003875   0.004421   0.005066   0.005835   0.006755   0.007862   0.009194   0.010798   0.012734   0.015067   0.017877    0.02126   0.025325   0.030201   0.036039   0.043016   0.051336   0.061234   0.072982   0.086895   0.103331   0.122699   0.145465    0.17216   0.203382   0.239808   0.282196   0.331397   0.388358   0.454139   0.529907   0.616954   0.716705   0.830719
         0   0.000203   0.000409   0.000615   0.000822   0.001035   0.001251   0.001476   0.001708   0.001953   0.002214   0.002496   0.002804   0.003146   0.003531   0.003969   0.004475   0.005066    0.00576   0.006582   0.007562   0.008735   0.010142   0.011834    0.01387    0.01632   0.019269   0.022813   0.027069   0.032173   0.038281   0.045577   0.054275   0.064621   0.076899   0.091437   0.108609   0.128843   0.152627   0.180514   0.213128   0.251178   0.295455   0.346846   0.406344   0.475052   0.554191   0.645113   0.749302   0.868388
         0   0.000249   0.000499    0.00075   0.001004   0.001261   0.001522   0.001791   0.002068   0.002357   0.002662   0.002987    0.00334   0.003726   0.004155   0.004641   0.005194   0.005835   0.006582   0.007463   0.008506   0.009747   0.011231   0.013012   0.015148   0.017716     0.0208   0.024503   0.028946    0.03427   0.040638   0.048241   0.057303   0.068079   0.080865   0.096002   0.113879   0.134942   0.159698   0.188723   0.222668   0.262268   0.308347   0.361831    0.42375   0.495252   0.577609   0.672227   0.780652   0.904578
         0   0.000306   0.000611   0.000918   0.001227   0.001539   0.001856   0.002178   0.002508   0.002851   0.003208   0.003586   0.003991    0.00443   0.004912   0.005451   0.006059   0.006755   0.007562   0.008506   0.009614    0.01093   0.012495   0.014365   0.016604   0.019288   0.022507   0.026367   0.030993    0.03653    0.04315    0.05105   0.060461   0.071649   0.084921    0.10063   0.119181   0.141035   0.166718   0.196829   0.232042   0.273118   0.320915    0.37639   0.440615   0.514777   0.600199   0.698335   0.810791   0.939325
         0   0.000374   0.000748   0.001122     0.0015   0.001878   0.002261    0.00265   0.003045   0.003452   0.003874   0.004315   0.004782   0.005283   0.005827   0.006429     0.0071   0.007862   0.008735   0.009747    0.01093   0.012323   0.013974   0.015938   0.018281   0.021082   0.024435    0.02845   0.033255   0.039001   0.045865   0.054051   0.063798   0.075381   0.089119   0.105374   0.124567   0.147174   0.173741   0.204883   0.241301   0.283782   0.333211   0.390578   0.456991   0.533681   0.622011   0.723489   0.839773    0.97268
         0   0.000457   0.000915   0.001373   0.001833   0.002294   0.002758   0.003226   0.003701   0.004186   0.004685   0.005202   0.005744    0.00632   0.006938   0.007613   0.008359   0.009194   0.010142   0.011231   0.012495   0.013974   0.015716   0.017777   0.020229   0.023151   0.026639   0.030808   0.035789   0.041739   0.048839   0.057303   0.067373   0.079335   0.093517   0.110294   0.130098   0.153422   0.180827    0.21295   0.250512   0.294324   0.345299    0.40446   0.472948   0.552031   0.643117   0.747759   0.867668   1.004718
         0   0.000559   0.001119   0.001678   0.002238   0.002799   0.003362   0.003927     0.0045   0.005079   0.005671    0.00628   0.006913   0.007577   0.008284   0.009045   0.009876   0.010798   0.011834   0.013012   0.014365   0.015938   0.017777   0.019945   0.022509   0.025555   0.029181   0.033504   0.038661   0.044812   0.052143   0.060874   0.071256   0.083581   0.098188   0.115462   0.135849   0.159854   0.188055   0.221108   0.259752   0.304824   0.357262   0.418118   0.488567   0.569912   0.663602   0.771233   0.894567    1.03553
         0   0.000683   0.001366   0.002049   0.002732   0.003414   0.004097   0.004781   0.005469   0.006165   0.006869   0.007589   0.008331   0.009102   0.009913   0.010778   0.011711   0.012734    0.01387   0.015148   0.016604   0.018281   0.020229   0.022509   0.025194    0.02837   0.032137   0.036618   0.041949   0.048299   0.055858   0.064849   0.075532   0.088207   0.103221    0.12097    0.14191   0.166561   0.195516   0.229447   0.269115   0.315377   0.369197   0.431653    0.50395   0.587429   0.683572   0.794022   0.920581    1.06523
         0   0.000834   0.001667     0.0025   0.003332   0.004161   0.004989   0.005817   0.006646   0.007481   0.008322   0.009176   0.010047   0.010947   0.011884   0.012871   0.013925   0.015067    0.01632   0.017716   0.019288   0.021082   0.023151   0.025555    0.02837   0.031683   0.035599   0.040239   0.045749   0.052297    0.06008   0.069325   0.080301   0.093314   0.108718   0.126919   0.148386    0.17365   0.203319   0.238081   0.278715   0.326099    0.38122   0.445182    0.51922   0.604704   0.703154   0.816252   0.945844   1.093959
         0   0.001017   0.002032   0.003046   0.004058   0.005065   0.006069   0.007072   0.008072   0.009073    0.01008   0.011094   0.012123   0.013177   0.014264   0.015398   0.016596   0.017877   0.019269     0.0208   0.022507   0.024435   0.026639   0.029181   0.032137   0.035599   0.039671   0.044479   0.050171   0.056919   0.064924   0.074422   0.085683   0.099022     0.1148   0.133435   0.155403   0.181249   0.211594   0.247141   0.288685   0.337125   0.393468   0.458846   0.534517   0.621884   0.722499   0.838081   0.970518    1.12188
         0   0.001237   0.002473   0.003707   0.004935   0.006157   0.007375   0.008587   0.009793   0.010998   0.012202   0.013411    0.01463   0.015867   0.017134   0.018444   0.019812    0.02126   0.022813   0.024503   0.026367    0.02845   0.030808   0.033504   0.036618   0.040239   0.044479   0.049463   0.055345   0.062297   0.070527   0.080275   0.091816   0.105472   0.121613   0.140663    0.16311   0.189508   0.220492   0.256779   0.299181   0.348614   0.406106   0.472811   0.550012   0.639142   0.741784   0.859691   0.994788   1.149186
         0   0.001504   0.003005   0.004502   0.005993   0.007475    0.00895   0.010413   0.011869   0.013317   0.014759   0.016202   0.017647   0.019106   0.020589   0.022107   0.023679   0.025325   0.027069   0.028946   0.030993   0.033255   0.035789   0.038661   0.041949   0.045749   0.050171   0.055345   0.061423   0.068588   0.077047   0.087045   0.098864   0.112832   0.129325   0.148775   0.171678   0.198603   0.230192   0.267178   0.310387   0.360752   0.419322   0.487268   0.565902    0.65668   0.761215   0.881292   1.018871   1.176104
         0   0.001824   0.003645   0.005459   0.007265    0.00906   0.010842   0.012611   0.014364   0.016105   0.017834   0.019555   0.021275   0.022999   0.024739   0.026506    0.02832   0.030201   0.032173    0.03427    0.03653   0.039001   0.041739   0.044812   0.048299   0.052297   0.056919   0.062297   0.068588   0.075975    0.08467   0.094923   0.107021   0.121296   0.138132   0.157969   0.181313   0.208739   0.240903   0.278548   0.322517   0.373758   0.433336   0.502445   0.582416    0.67473   0.781031   0.903129   1.043019   1.202891
         0   0.002208   0.004412   0.006608   0.008792   0.010962   0.013114   0.015246   0.017358   0.019449   0.021522   0.023578   0.025624   0.027665   0.029712   0.031778    0.03388   0.036039   0.038281   0.040638    0.04315   0.045865   0.048839   0.052143   0.055858    0.06008   0.064924   0.070527   0.077047    0.08467   0.093613   0.104128   0.116508   0.131091   0.148265   0.168481   0.192248   0.220154   0.252864   0.291135    0.33582   0.387882   0.448405   0.518599   0.599818   0.693565   0.801507   0.925484   1.067523   1.229844
         0   0.002668    0.00533   0.007982   0.010619   0.013236   0.015831     0.0184    0.02094   0.023451   0.025934   0.028391   0.030826   0.033246    0.03566   0.038081   0.040526   0.043016   0.045577   0.048241    0.05105   0.054051   0.057303   0.060874   0.064849   0.069325   0.074422   0.080275   0.087045   0.094923   0.104128   0.114917   0.127586   0.142479   0.159992   0.180578   0.204759   0.233128    0.26636   0.305223   0.350584   0.403419   0.464826   0.536035   0.618415   0.713494   0.822961   0.948684   1.092714   1.257305
         0   0.003216   0.006426   0.009623   0.012801   0.015953   0.019077   0.022164   0.025216   0.028228     0.0312   0.034135   0.037034   0.039905   0.042757     0.0456   0.048453   0.051336   0.054275   0.057303   0.060461   0.063798   0.067373   0.071256   0.075532   0.080301   0.085683   0.091816   0.098864   0.107021   0.116508   0.127586   0.140556   0.155768   0.173621   0.194577   0.219162   0.247979   0.281713   0.321141   0.367142   0.420704    0.48294   0.555096   0.638559   0.734876   0.845758   0.973096    1.11897    1.28566
         0    0.00387   0.007732   0.011577   0.015399   0.019189    0.02294   0.026648   0.030308   0.033916   0.037471   0.040973   0.044425   0.047832   0.051203   0.054549   0.057885   0.061234   0.064621   0.068079   0.071649   0.075381   0.079335   0.083581   0.088207   0.093314   0.099022   0.105472   0.112832   0.121296   0.131091   0.142479   0.155768   0.171309   0.189511   0.210837   0.235823    0.26508   0.299299   0.339269   0.385876   0.440124   0.503139   0.576179   0.660651   0.758118   0.870312   0.999145   1.146722   1.315351
         0   0.004647   0.009283   0.013899   0.018484   0.023031    0.02753   0.031973   0.036355   0.040671   0.044918   0.049095   0.053202   0.057246   0.061232   0.065172   0.069082   0.072982   0.076899   0.080865   0.084921   0.089119   0.093517   0.098188   0.103221   0.108718     0.1148   0.121613   0.129325   0.138132   0.148265   0.159992   0.173621   0.189511   0.208071   0.229775   0.255164   0.284855   0.319547   0.360039   0.407227   0.462126   0.525873   0.599742   0.685154   0.783689   0.897098   1.027314   1.176462   1.346876
         0   0.005566    0.01112    0.01665    0.02214   0.027583   0.032967   0.038282   0.043519   0.048674    0.05374   0.058716     0.0636   0.068397   0.073112   0.077756   0.082343   0.086895   0.091437   0.096002    0.10063   0.105374   0.110294   0.115462    0.12097   0.126919   0.133435   0.140663   0.148775   0.157969   0.168481   0.180578   0.194577   0.210837   0.229775    0.25187   0.277668   0.307791   0.342952    0.38395   0.431698   0.487217   0.551656   0.626304   0.712593   0.812122   0.926656   1.058149   1.208747   1.380804
         0   0.006654   0.013292   0.019899   0.026462   0.032964   0.039393   0.045738   0.051987   0.058132   0.064166   0.070085   0.075886   0.081572   0.087149   0.092623    0.09801   0.103331   0.108609   0.113879   0.119181   0.124567   0.130098   0.135849    0.14191   0.148386   0.155403    0.16311   0.171678   0.181313   0.192248   0.204759   0.219162   0.235823   0.255164   0.277668   0.303886    0.33445   0.370075   0.411574   0.459863   0.515977   0.581074   0.656456   0.743567    0.84402   0.959598    1.09227   1.244203   1.417771
         0   0.007935   0.015852   0.023731   0.031556   0.039307   0.046969   0.054526   0.061969    0.06928   0.076456   0.083486   0.090369   0.097102   0.103692   0.110145   0.116474   0.122699   0.128843   0.134942   0.141035   0.147174   0.153422   0.159854   0.166561    0.17365   0.181249   0.189508   0.198603   0.208739   0.220154   0.233128   0.247979    0.26508   0.284855   0.307791    0.33445   0.365465    0.40156   0.443556   0.492377   0.549067   0.614794    0.69087   0.778754   0.880071   0.996618   1.130381   1.283543     1.4585
         0   0.009442   0.018862   0.028237   0.037544   0.046764   0.055875   0.064861   0.073704   0.082388   0.090904   0.099241   0.107394    0.11536    0.12314   0.130744   0.138178   0.145465   0.152627   0.159698   0.166718   0.173741   0.180827   0.188055   0.195516   0.203319   0.211594   0.220492   0.230192   0.240903   0.252864    0.26636   0.281713   0.299299   0.319547   0.342952   0.370075    0.40156   0.438138   0.480635   0.529983   0.587235    0.65357    0.73031   0.818923   0.921049   1.038499   1.173272   1.327568     1.5038
         0    0.01121   0.022392    0.03352   0.044568   0.055509   0.066321    0.07698   0.087466   0.097761   0.107849   0.117719   0.127361   0.136771   0.145948   0.154898   0.163629    0.17216   0.180514   0.188723   0.196829   0.204883    0.21295   0.221108   0.229447   0.238081   0.247141   0.256779   0.267178   0.278548   0.291135   0.305223   0.321141   0.339269   0.360039    0.38395   0.411574   0.443556   0.480635   0.523642   0.573521    0.63133   0.698257   0.775635   0.864944   0.967833   1.086125   1.221835   1.377179   1.554583
         0   0.013277   0.026522   0.039702   0.052785    0.06574    0.07854   0.091156   0.103565   0.115742   0.127671   0.139333   0.150717   0.161815   0.172625    0.18315   0.193397   0.203382   0.213128   0.222668   0.232042   0.241301   0.250512   0.259752   0.269115   0.278715   0.288685   0.299181   0.310387   0.322517    0.33582   0.350584   0.367142   0.385876   0.407227   0.431698   0.459863   0.492377   0.529983   0.573521   0.623939   0.682306   0.749819   0.827817   0.917793   1.021404   1.140489   1.277073   1.433385   1.611868
         0   0.015689    0.03134   0.046913    0.06237   0.077677   0.092797   0.107697   0.122349   0.136724   0.150798    0.16455   0.177967   0.191036   0.203751   0.216112   0.228127   0.239808   0.251178   0.262268   0.273118   0.283782   0.294324   0.304824   0.315377   0.326099   0.337125   0.348614   0.360752   0.373758   0.387882   0.403419   0.420704   0.440124   0.462126   0.487217   0.515977   0.549067   0.587235    0.63133   0.682306    0.74124   0.809337   0.887945   0.978568   1.082872   1.202706   1.340109   1.497321     1.6768
         0   0.018497   0.036947   0.055305   0.073528   0.091569   0.109388   0.126948   0.144209    0.16114   0.177711   0.193898   0.209679    0.22504   0.239972   0.254471   0.268542   0.282196   0.295455   0.308347   0.320915   0.333211   0.345299   0.357262   0.369197    0.38122   0.393468   0.406106   0.419322   0.433336   0.448405   0.464826    0.48294   0.503139   0.525873   0.551656   0.581074   0.614794    0.65357   0.698257   0.749819   0.809337   0.878027   0.957243   1.048499   1.153472   1.274021   1.412196   1.570249   1.750649
         0   0.021755   0.043456   0.065048   0.086478   0.107695   0.128649   0.149293   0.169584   0.189483   0.208953   0.227964    0.24649   0.264512   0.282016   0.298996   0.315453   0.331397   0.346846   0.361831    0.37639   0.390578    0.40446   0.418118   0.431653   0.445182   0.458846   0.472811   0.487268   0.502445   0.518599   0.536035   0.555096   0.576179   0.599742   0.626304   0.656456    0.69087    0.73031   0.775635   0.827817   0.887945   0.957243   1.037075    1.12896   1.234589   1.355827   1.494734   1.653577   1.834836
         0   0.025528   0.050992   0.076329   0.101474   0.126366   0.150949   0.175165   0.198964   0.222299   0.245125   0.267406    0.28911   0.310212   0.330695   0.350545   0.369765   0.388358   0.406344    0.42375   0.440615   0.456991   0.472948   0.488567    0.50395    0.51922   0.534517   0.550012   0.565902   0.582416   0.599818   0.618415   0.638559   0.660651   0.685154   0.712593   0.743567   0.778754   0.818923   0.864944   0.917793   0.978568   1.048499    1.12896   1.221481   1.327757   1.449666   1.589278    1.74887   1.930931
         0   0.029886   0.059697   0.089355   0.118789   0.147928   0.176701   0.205043   0.232894   0.260195   0.286897   0.312955   0.338329   0.362988   0.386909   0.410077   0.432485   0.454139   0.475052   0.495252   0.514777   0.533681   0.552031   0.569912   0.587429   0.604704   0.621884   0.639142    0.65668    0.67473   0.693565   0.713494   0.734876   0.758118   0.783689   0.812122    0.84402   0.880071   0.921049   0.967833   1.021404   1.082872   1.153472   1.234589   1.327757   1.434683   1.557256   1.697552   1.857861   2.040681
         0   0.034906   0.069721    0.10436   0.138736   0.172764   0.206364   0.239459   0.271975   0.303847   0.335014    0.36542   0.395021   0.423778    0.45166   0.478647   0.504729   0.529907   0.554191   0.577609   0.600199   0.622011   0.643117   0.663602   0.683572   0.703154   0.722499   0.741784   0.761215   0.781031   0.801507   0.822961   0.845758   0.870312   0.897098   0.926656   0.959598   0.996618   1.038499   1.086125   1.140489   1.202706   1.274021   1.355827   1.449666   1.557256   1.680491   1.821462   1.982464   2.166008
         0   0.040671   0.081239     0.1216   0.161653     0.2013   0.240445   0.278999   0.316877   0.353999   0.390295   0.425699   0.460156    0.49362   0.526052   0.557427   0.587729   0.616954   0.645113   0.672227   0.698335   0.723489   0.747759   0.771233   0.794022   0.816252   0.838081   0.859691   0.881292   0.903129   0.925484   0.948684   0.973096   0.999145   1.027314   1.058149    1.09227   1.130381   1.173272   1.221835   1.277073   1.340109   1.412196   1.494734   1.589278   1.697552   1.821462   1.963105   2.124787   2.309029
         0   0.047279   0.094439   0.141357   0.187915      0.234     0.2795   0.324311   0.368332   0.411471   0.453644   0.494775   0.534797   0.573654   0.611301   0.647703   0.682841   0.716705   0.749302   0.780652   0.810791   0.839773   0.867668   0.894567   0.920581   0.945844   0.970518   0.994788   1.018871   1.043019   1.067523   1.092714    1.11897   1.146722   1.176462   1.208747   1.244203   1.283543   1.327568   1.377179   1.433385   1.497321   1.570249   1.653577    1.74887   1.857861   1.982464   2.124787   2.287144   2.472069
         0   0.054833   0.109525   0.163937   0.217932   0.271375    0.32414   0.376102   0.427144   0.477161   0.526052   0.573728   0.620111   0.665133    0.70874   0.750889   0.791553   0.830719   0.868388   0.904578   0.939325    0.97268   1.004718    1.03553    1.06523   1.093959    1.12188   1.149186   1.176104   1.202891   1.229844   1.257305    1.28566   1.315351   1.346876   1.380804   1.417771     1.4585     1.5038   1.554583   1.611868     1.6768   1.750649   1.834836   1.930931   2.040681   2.166008   2.309029   2.472069   2.657666