         0          0          0          0          0          0          0          0          0          0          0          0          0          0          0          0          0          0          0          0          0          0          0          0          0          0          0          0          0          0          0          0          0          0          0          0          0          0          0          0          0          0          0          0          0          0          0          0          0          0
         0      1e-06      2e-06      2e-06      3e-06      5e-06      5e-06      6e-06      7e-06      7e-06      8e-06      8e-06      8e-06      8e-06      8e-06      8e-06      9e-06      9e-06      8e-06      8e-06      9e-06      8e-06      8e-06      8e-06      8e-06      7e-06      8e-06      9e-06      9e-06      1e-05    1.2e-05    1.3e-05    1.7e-05    2.1e-05    2.6e-05    3.5e-05    4.6e-05    6.2e-05    8.3e-05   0.000114   0.000155    0.00021   0.000285   0.000384   0.000518   0.000696   0.000931   0.001241   0.001647   0.002177
         0      2e-06      4e-06      5e-06      8e-06      1e-05    1.1e-05    1.2e-05    1.4e-05    1.4e-05    1.5e-05    1.6e-05    1.6e-05    1.6e-05    1.6e-05    1.7e-05    1.7e-05    1.7e-05    1.7e-05    1.7e-05    1.6e-05    1.5e-05    1.5e-05    1.5e-05    1.6e-05    1.6e-05    1.6e-05    1.7e-05    1.8e-05      2e-05    2.3e-05    2.7e-05    3.3e-05    4.1e-05    5.3e-05    6.9e-05    9.3e-05   0.000124   0.000168   0.000227   0.000308   0.000418   0.000567   0.000766   0.001033   0.001388   0.001857   0.002475   0.003286   0.004341
         0      2e-06      5e-06      8e-06    1.1e-05    1.3e-05    1.6e-05    1.8e-05    1.9e-05    2.1e-05    2.2e-05    2.3e-05    2.4e-05    2.4e-05    2.4e-05    2.5e-05    2.5e-05    2.4e-05    2.4e-05    2.4e-05    2.3e-05    2.3e-05    2.3e-05    2.3e-05    2.2e-05    2.3e-05    2.4e-05    2.5e-05    2.7e-05    2.9e-05    3.3e-05      4e-05    4.8e-05    6.1e-05    7.8e-05   0.000103   0.000137   0.000185   0.000249   0.000339   0.000459   0.000624   0.000847   0.001145   0.001543   0.002073   0.002775   0.003698   0.004907   0.006483
         0      3e-06      8e-06    1.1e-05    1.4e-05    1.8e-05      2e-05    2.3e-05    2.6e-05    2.7e-05    2.9e-05      3e-05    3.1e-05    3.2e-05    3.2e-05    3.2e-05    3.2e-05    3.2e-05    3.2e-05    3.1e-05    3.1e-05      3e-05    2.9e-05      3e-05      3e-05    2.9e-05      3e-05    3.2e-05    3.5e-05    3.8e-05    4.4e-05    5.2e-05    6.4e-05    8.1e-05   0.000103   0.000136   0.000181   0.000243    0.00033   0.000447   0.000609   0.000827    0.00112   0.001516   0.002044   0.002747   0.003676     0.0049   0.006502   0.008592
         0      5e-06      1e-05    1.3e-05    1.8e-05    2.1e-05    2.5e-05    2.8e-05      3e-05    3.3e-05    3.5e-05    3.7e-05    3.8e-05    3.9e-05    3.9e-05    3.9e-05    3.9e-05    3.9e-05    3.9e-05    3.8e-05    3.7e-05    3.6e-05    3.6e-05    3.6e-05    3.5e-05    3.6e-05    3.7e-05    3.8e-05    4.2e-05    4.7e-05    5.3e-05    6.4e-05    7.8e-05    9.8e-05   0.000127   0.000167   0.000224   0.000301   0.000408   0.000554   0.000754   0.001024   0.001389    0.00188   0.002535   0.003406   0.004559   0.006076   0.008064   0.010655
         0      5e-06    1.1e-05    1.6e-05      2e-05    2.5e-05    2.9e-05    3.3e-05    3.6e-05    3.9e-05    4.1e-05    4.3e-05    4.4e-05    4.5e-05    4.5e-05    4.6e-05    4.5e-05    4.5e-05    4.4e-05    4.3e-05    4.2e-05    4.2e-05    4.2e-05    4.1e-05    4.1e-05    4.1e-05    4.2e-05    4.5e-05    4.8e-05    5.4e-05    6.2e-05    7.4e-05    9.1e-05   0.000115    0.00015   0.000197   0.000264   0.000356   0.000483   0.000657   0.000894   0.001215    0.00165   0.002233   0.003012   0.004048   0.005418   0.007222   0.009585   0.012667
         0      6e-06    1.2e-05    1.8e-05    2.3e-05    2.8e-05    3.3e-05    3.7e-05    4.1e-05    4.3e-05    4.6e-05    4.8e-05      5e-05    5.1e-05    5.1e-05      5e-05    5.1e-05      5e-05    4.9e-05    4.8e-05    4.7e-05    4.6e-05    4.5e-05    4.5e-05    4.5e-05    4.6e-05    4.7e-05      5e-05    5.4e-05      6e-05      7e-05    8.3e-05   0.000103   0.000131   0.000171   0.000225   0.000303   0.000409   0.000556   0.000756    0.00103   0.001402   0.001902   0.002575   0.003474   0.004669   0.006251   0.008332   0.011059   0.014614
         0      7e-06    1.4e-05    1.9e-05    2.6e-05      3e-05    3.6e-05    4.1e-05    4.5e-05    4.7e-05      5e-05    5.3e-05    5.4e-05    5.5e-05    5.6e-05    5.6e-05    5.5e-05    5.4e-05    5.3e-05    5.2e-05    5.1e-05      5e-05    4.9e-05    4.9e-05    4.9e-05    4.9e-05    5.1e-05    5.3e-05    5.8e-05    6.5e-05    7.5e-05    9.1e-05   0.000114   0.000145    0.00019   0.000252   0.000339   0.000459   0.000625   0.000851    0.00116   0.001579   0.002144   0.002903   0.003918   0.005267   0.007051   0.009401   0.012479   0.016491
         0      7e-06    1.4e-05    2.1e-05    2.7e-05    3.3e-05    3.9e-05    4.3e-05    4.7e-05    5.1e-05    5.4e-05    5.6e-05    5.8e-05    5.9e-05    5.9e-05    5.9e-05    5.9e-05    5.8e-05    5.6e-05    5.5e-05    5.4e-05    5.2e-05    5.2e-05    5.2e-05    5.1e-05    5.2e-05    5.4e-05    5.6e-05    6.1e-05    6.9e-05    8.1e-05    9.9e-05   0.000123   0.000158   0.000208   0.000277   0.000374   0.000507    0.00069   0.000941   0.001284   0.001748   0.002376   0.003217   0.004343    0.00584   0.007819   0.010426   0.013841   0.018291
         0      8e-06    1.5e-05    2.2e-05    2.9e-05    3.5e-05    4.1e-05    4.6e-05      5e-05    5.4e-05    5.7e-05    5.9e-05    6.1e-05    6.1e-05    6.2e-05    6.1e-05    6.1e-05      6e-05    5.9e-05    5.7e-05    5.6e-05    5.4e-05    5.3e-05    5.3e-05    5.2e-05    5.3e-05    5.4e-05    5.8e-05    6.4e-05    7.3e-05    8.5e-05   0.000104   0.000132    0.00017   0.000223     0.0003   0.000405   0.000551   0.000752   0.001026   0.001401    0.00191   0.002595   0.003516   0.004748   0.006385   0.008552   0.011403   0.015138   0.020007
         0      8e-06    1.6e-05    2.3e-05      3e-05    3.7e-05    4.3e-05    4.8e-05    5.3e-05    5.6e-05    5.9e-05    6.2e-05    6.3e-05    6.4e-05    6.4e-05    6.3e-05    6.3e-05    6.1e-05      6e-05    5.9e-05    5.7e-05    5.5e-05    5.4e-05    5.3e-05    5.3e-05    5.4e-05    5.5e-05    5.9e-05    6.5e-05    7.4e-05    8.8e-05   0.000108   0.000138    0.00018   0.000238    0.00032   0.000434   0.000591   0.000808   0.001106   0.001511   0.002062   0.002803     0.0038   0.005131   0.006902   0.009244   0.012329   0.016369   0.021635
         0      8e-06    1.6e-05    2.4e-05    3.1e-05    3.8e-05    4.4e-05      5e-05    5.4e-05    5.8e-05    6.1e-05    6.3e-05    6.4e-05    6.5e-05    6.5e-05    6.4e-05    6.3e-05    6.2e-05      6e-05    5.8e-05    5.7e-05    5.5e-05    5.4e-05    5.3e-05    5.2e-05    5.3e-05    5.5e-05    5.9e-05    6.5e-05    7.5e-05      9e-05   0.000112   0.000143   0.000187   0.000251   0.000338    0.00046    0.00063   0.000862   0.001181   0.001615   0.002204   0.002999   0.004066   0.005492   0.007389   0.009899   0.013202   0.017531   0.023172
         0      8e-06    1.6e-05    2.4e-05    3.2e-05    3.9e-05    4.5e-05    5.1e-05    5.5e-05    5.9e-05    6.1e-05    6.4e-05    6.5e-05    6.6e-05    6.5e-05    6.5e-05    6.4e-05    6.2e-05      6e-05    5.8e-05    5.6e-05    5.4e-05    5.2e-05    5.1e-05    5.1e-05    5.2e-05    5.4e-05    5.8e-05    6.4e-05    7.5e-05    9.1e-05   0.000114   0.000147   0.000195   0.000261   0.000354   0.000484   0.000664   0.000911   0.001249   0.001711   0.002337   0.003181   0.004315    0.00583   0.007846   0.010512   0.014023   0.018622   0.024615
         0      8e-06    1.6e-05    2.4e-05    3.2e-05    3.9e-05    4.5e-05    5.1e-05    5.6e-05    5.9e-05    6.2e-05    6.4e-05    6.5e-05    6.5e-05    6.5e-05    6.4e-05    6.3e-05      6e-05    5.9e-05    5.6e-05    5.5e-05    5.2e-05    5.1e-05    4.9e-05    4.8e-05    4.9e-05    5.2e-05    5.6e-05    6.3e-05    7.4e-05    9.1e-05   0.000116    0.00015     0.0002   0.000271   0.000369   0.000506   0.000695   0.000956   0.001313     0.0018    0.00246    0.00335   0.004547   0.006146   0.008272   0.011084   0.014789   0.019639   0.025962
         0      8e-06    1.7e-05    2.5e-05    3.2e-05    3.9e-05    4.6e-05      5e-05    5.6e-05    5.9e-05    6.1e-05    6.3e-05    6.4e-05    6.5e-05    6.4e-05    6.3e-05    6.1e-05    5.9e-05    5.7e-05    5.5e-05    5.2e-05      5e-05    4.8e-05    4.7e-05    4.6e-05    4.7e-05    4.9e-05    5.3e-05    6.1e-05    7.3e-05      9e-05   0.000116   0.000153   0.000205   0.000279   0.000382   0.000525   0.000724   0.000997   0.001372   0.001881   0.002574   0.003508   0.004762   0.006439   0.008668   0.011616   0.015499   0.020585   0.027214
         0      9e-06    1.7e-05    2.5e-05    3.2e-05    3.9e-05    4.5e-05    5.1e-05    5.5e-05    5.9e-05    6.1e-05    6.3e-05    6.3e-05    6.4e-05    6.3e-05    6.1e-05      6e-05    5.7e-05    5.5e-05    5.2e-05      5e-05    4.7e-05    4.5e-05    4.3e-05    4.3e-05    4.4e-05    4.5e-05    5.1e-05    5.8e-05    7.1e-05    8.9e-05   0.000116   0.000153   0.000208   0.000285   0.000393   0.000543    0.00075   0.001035   0.001425   0.001957   0.002678   0.003652    0.00496   0.006708   0.009032   0.012107   0.016155   0.021459   0.028371
         0      9e-06    1.7e-05    2.4e-05    3.2e-05    3.9e-05    4.5e-05      5e-05    5.4e-05    5.8e-05      6e-05    6.1e-05    6.2e-05    6.2e-05      6e-05    5.9e-05    5.7e-05    5.5e-05    5.2e-05    4.8e-05    4.7e-05    4.4e-05    4.1e-05      4e-05    3.9e-05      4e-05    4.2e-05    4.7e-05    5.5e-05    6.8e-05    8.7e-05   0.000115   0.000155   0.000211   0.000291   0.000402   0.000558   0.000772   0.001068   0.001473   0.002025   0.002774   0.003785   0.005142   0.006956   0.009367   0.012558   0.016759   0.022263   0.029435
         0      8e-06    1.7e-05    2.4e-05    3.2e-05    3.9e-05    4.4e-05    4.9e-05    5.3e-05    5.6e-05    5.9e-05      6e-05      6e-05      6e-05    5.9e-05    5.7e-05    5.5e-05    5.2e-05    4.9e-05    4.6e-05    4.3e-05      4e-05    3.7e-05    3.7e-05    3.6e-05    3.6e-05    3.9e-05    4.3e-05    5.2e-05    6.5e-05    8.5e-05   0.000113   0.000154   0.000213   0.000295    0.00041   0.000571   0.000793   0.001099   0.001517   0.002088   0.002861   0.003905   0.005307   0.007182   0.009674    0.01297   0.017312   0.022997   0.030409
         0      8e-06    1.7e-05    2.4e-05    3.1e-05    3.8e-05    4.3e-05    4.8e-05    5.2e-05    5.5e-05    5.7e-05    5.9e-05    5.8e-05    5.8e-05    5.6e-05    5.5e-05    5.2e-05    4.8e-05    4.6e-05    4.3e-05    3.9e-05    3.7e-05    3.4e-05    3.2e-05    3.2e-05    3.3e-05    3.4e-05      4e-05    4.8e-05    6.2e-05    8.2e-05   0.000112   0.000154   0.000214   0.000299   0.000418   0.000582   0.000812   0.001126   0.001556   0.002144    0.00294   0.004015   0.005459   0.007387   0.009952   0.013346   0.017813   0.023666   0.031295
         0      9e-06    1.6e-05    2.3e-05    3.1e-05    3.7e-05    4.2e-05    4.7e-05    5.1e-05    5.4e-05    5.6e-05    5.7e-05    5.7e-05    5.6e-05    5.5e-05    5.2e-05      5e-05    4.7e-05    4.3e-05    3.9e-05    3.6e-05    3.3e-05      3e-05    2.9e-05    2.8e-05    2.9e-05    3.1e-05    3.6e-05    4.6e-05    5.9e-05      8e-05    0.00011   0.000154   0.000215   0.000302   0.000424   0.000593   0.000827    0.00115   0.001593   0.002194   0.003011   0.004114   0.005594   0.007573   0.010205   0.013686   0.018269   0.024272   0.032096
         0      8e-06    1.5e-05    2.3e-05      3e-05    3.6e-05    4.2e-05    4.6e-05      5e-05    5.2e-05    5.4e-05    5.5e-05    5.5e-05    5.4e-05    5.2e-05      5e-05    4.7e-05    4.4e-05      4e-05    3.7e-05    3.3e-05      3e-05    2.8e-05    2.5e-05    2.4e-05    2.5e-05    2.8e-05    3.3e-05    4.3e-05    5.7e-05    7.8e-05   0.000109   0.000153   0.000216   0.000305    0.00043   0.000603   0.000842   0.001172   0.001625    0.00224   0.003076   0.004204   0.005718    0.00774   0.010431   0.013992   0.018678   0.024817    0.03282
         0      8e-06    1.5e-05    2.3e-05    2.9e-05    3.6e-05    4.2e-05    4.5e-05    4.9e-05    5.2e-05    5.3e-05    5.4e-05    5.4e-05    5.2e-05    5.1e-05    4.8e-05    4.5e-05    4.1e-05    3.7e-05    3.4e-05      3e-05    2.8e-05    2.5e-05    2.2e-05    2.2e-05    2.3e-05    2.5e-05      3e-05      4e-05    5.5e-05    7.6e-05   0.000108   0.000153   0.000218   0.000308   0.000435   0.000612   0.000856   0.001193   0.001653   0.002282   0.003134   0.004284   0.005828   0.007891   0.010636   0.014266   0.019046   0.025307   0.033468
         0      8e-06    1.5e-05    2.3e-05      3e-05    3.6e-05    4.1e-05    4.5e-05    4.9e-05    5.2e-05    5.3e-05    5.3e-05    5.3e-05    5.1e-05    4.9e-05    4.7e-05    4.3e-05      4e-05    3.7e-05    3.2e-05    2.9e-05    2.5e-05    2.2e-05    2.1e-05      2e-05      2e-05    2.4e-05    2.9e-05    3.8e-05    5.3e-05    7.5e-05   0.000107   0.000154   0.000219   0.000311   0.000441    0.00062   0.000869   0.001211   0.001681   0.002319   0.003186   0.004356   0.005927   0.008026   0.010818   0.014511   0.019374   0.025745   0.034047
         0      8e-06    1.6e-05    2.2e-05      3e-05    3.5e-05    4.1e-05    4.5e-05    4.9e-05    5.1e-05    5.2e-05    5.3e-05    5.2e-05    5.1e-05    4.8e-05    4.6e-05    4.3e-05    3.9e-05    3.6e-05    3.2e-05    2.8e-05    2.4e-05    2.2e-05      2e-05    1.9e-05      2e-05    2.3e-05    2.8e-05    3.8e-05    5.3e-05    7.5e-05   0.000108   0.000155   0.000221   0.000315   0.000446   0.000629   0.000881   0.001228   0.001705   0.002353   0.003233   0.004421   0.006016   0.008147   0.010981   0.014731   0.019668   0.026134   0.034562
         0      7e-06    1.6e-05    2.3e-05    2.9e-05    3.6e-05    4.1e-05    4.6e-05    4.9e-05    5.2e-05    5.3e-05    5.4e-05    5.3e-05    5.2e-05    4.9e-05    4.7e-05    4.4e-05      4e-05    3.6e-05    3.3e-05    2.9e-05    2.5e-05    2.3e-05      2e-05      2e-05    2.1e-05    2.4e-05      3e-05    3.9e-05    5.4e-05    7.6e-05    0.00011   0.000157   0.000225    0.00032   0.000453   0.000638   0.000893   0.001246   0.001728   0.002386   0.003277    0.00448   0.006096   0.008255   0.011126   0.014926   0.019927   0.026479   0.035018
         0      8e-06    1.6e-05    2.4e-05      3e-05    3.7e-05    4.2e-05    4.7e-05    5.1e-05    5.4e-05    5.4e-05    5.5e-05    5.5e-05    5.4e-05    5.2e-05    4.9e-05    4.5e-05    4.2e-05    3.9e-05    3.4e-05    3.1e-05    2.8e-05    2.5e-05    2.4e-05    2.3e-05    2.4e-05    2.6e-05    3.2e-05    4.3e-05    5.8e-05    8.1e-05   0.000115   0.000163   0.000231   0.000327   0.000461   0.000648   0.000907   0.001263   0.001751   0.002416   0.003317   0.004534   0.006168   0.008353   0.011257   0.015099   0.020158   0.026785   0.035421
         0      9e-06    1.7e-05    2.5e-05    3.2e-05    3.8e-05    4.5e-05      5e-05    5.3e-05    5.6e-05    5.8e-05    5.9e-05    5.9e-05    5.8e-05    5.6e-05    5.3e-05    5.1e-05    4.7e-05    4.3e-05      4e-05    3.6e-05    3.3e-05      3e-05    2.9e-05    2.8e-05      3e-05    3.2e-05    3.8e-05    4.8e-05    6.4e-05    8.7e-05   0.000121    0.00017   0.000239   0.000336   0.000472   0.000661   0.000922   0.001282   0.001774   0.002446   0.003357   0.004585   0.006236   0.008441   0.011374   0.015255   0.020363   0.027055   0.035777
         0      9e-06    1.8e-05    2.7e-05    3.5e-05    4.2e-05    4.8e-05    5.4e-05    5.8e-05    6.1e-05    6.4e-05    6.5e-05    6.5e-05    6.4e-05    6.3e-05    6.1e-05    5.8e-05    5.5e-05    5.2e-05    4.8e-05    4.6e-05    4.3e-05      4e-05    3.8e-05    3.8e-05    3.9e-05    4.3e-05    4.8e-05    5.9e-05    7.5e-05    9.8e-05   0.000133   0.000181   0.000251   0.000349   0.000486   0.000677    0.00094   0.001303     0.0018   0.002477   0.003395   0.004635   0.006299   0.008524   0.011481   0.015394   0.020546   0.027294    0.03609
         0      1e-05      2e-05    2.9e-05    3.8e-05    4.7e-05    5.4e-05      6e-05    6.5e-05    6.9e-05    7.3e-05    7.4e-05    7.5e-05    7.5e-05    7.4e-05    7.3e-05    7.1e-05    6.8e-05    6.5e-05    6.2e-05    5.9e-05    5.7e-05    5.5e-05    5.3e-05    5.3e-05    5.4e-05    5.8e-05    6.4e-05    7.5e-05    9.1e-05   0.000115   0.000149   0.000198   0.000269   0.000368   0.000506   0.000698   0.000963   0.001328   0.001829   0.002511   0.003436   0.004685   0.006362   0.008601   0.011581   0.015522   0.020712   0.027509   0.036369
         0    1.2e-05    2.3e-05    3.3e-05    4.4e-05    5.3e-05    6.2e-05      7e-05    7.5e-05    8.1e-05    8.5e-05    8.8e-05      9e-05    9.1e-05    9.1e-05      9e-05    8.9e-05    8.7e-05    8.5e-05    8.2e-05      8e-05    7.8e-05    7.6e-05    7.5e-05    7.5e-05    7.6e-05    8.1e-05    8.7e-05    9.8e-05   0.000115   0.000139   0.000174   0.000223   0.000295   0.000394   0.000533   0.000726   0.000993   0.001361   0.001865   0.002551   0.003482   0.004738   0.006425    0.00868   0.011677   0.015643   0.020865   0.027704   0.036619
         0    1.3e-05    2.7e-05      4e-05    5.2e-05    6.4e-05    7.4e-05    8.3e-05    9.1e-05    9.9e-05   0.000104   0.000108   0.000112   0.000114   0.000116   0.000116   0.000116   0.000115   0.000113   0.000112    0.00011   0.000109   0.000108   0.000107   0.000108    0.00011   0.000115   0.000121   0.000133   0.000149   0.000174   0.000209   0.000259   0.000331    0.00043    0.00057   0.000765   0.001033   0.001404    0.00191     0.0026   0.003535   0.004798   0.006494    0.00876   0.011774   0.015761   0.021011   0.027886   0.036848
         0    1.7e-05    3.3e-05    4.8e-05    6.4e-05    7.8e-05    9.1e-05   0.000103   0.000114   0.000123   0.000132   0.000138   0.000143   0.000147    0.00015   0.000153   0.000153   0.000155   0.000154   0.000154   0.000154   0.000153   0.000153   0.000154   0.000155   0.000157   0.000163    0.00017   0.000181   0.000198   0.000223   0.000259    0.00031   0.000382   0.000482   0.000623   0.000818   0.001089    0.00146   0.001969   0.002662   0.003602   0.004871   0.006574    0.00885   0.011877   0.015882   0.021155   0.028062   0.037064
         0    2.1e-05    4.1e-05    6.1e-05    8.1e-05    9.8e-05   0.000115   0.000131   0.000145   0.000158    0.00017    0.00018   0.000187   0.000195     0.0002   0.000205   0.000208   0.000211   0.000213   0.000214   0.000215   0.000216   0.000218   0.000219   0.000221   0.000225   0.000231   0.000239   0.000251   0.000269   0.000295   0.000331   0.000382   0.000454   0.000555   0.000697   0.000893   0.001165   0.001538   0.002048   0.002744   0.003688   0.004961   0.006671   0.008956   0.011994   0.016015   0.021307    0.02824   0.037276
         0    2.6e-05    5.3e-05    7.8e-05   0.000103   0.000127    0.00015   0.000171    0.00019   0.000208   0.000223   0.000238   0.000251   0.000261   0.000271   0.000279   0.000285   0.000291   0.000295   0.000299   0.000302   0.000305   0.000308   0.000311   0.000315    0.00032   0.000327   0.000336   0.000349   0.000368   0.000394    0.00043   0.000482   0.000555   0.000658   0.000799   0.000996   0.001269   0.001643   0.002156   0.002854     0.0038   0.005079   0.006793   0.009086   0.012134   0.016167   0.021476   0.028431   0.037496
         0    3.5e-05    6.9e-05   0.000103   0.000136   0.000167   0.000197   0.000225   0.000252   0.000277     0.0003    0.00032   0.000338   0.000354   0.000369   0.000382   0.000393   0.000402    0.00041   0.000418   0.000424    0.00043   0.000435   0.000441   0.000446   0.000453   0.000461   0.000472   0.000486   0.000506   0.000533    0.00057   0.000623   0.000697   0.000799   0.000943   0.001141   0.001413    0.00179   0.002303   0.003003   0.003953   0.005233   0.006954   0.009253   0.012308   0.016352   0.021675   0.028649   0.037737
         0    4.6e-05    9.3e-05   0.000137   0.000181   0.000224   0.000264   0.000303   0.000339   0.000374   0.000405   0.000434    0.00046   0.000484   0.000506   0.000525   0.000543   0.000558   0.000571   0.000582   0.000593   0.000603   0.000612    0.00062   0.000629   0.000638   0.000648   0.000661   0.000677   0.000698   0.000726   0.000765   0.000818   0.000893   0.000996   0.001141   0.001339   0.001613    0.00199   0.002505   0.003208   0.004159   0.005443   0.007167   0.009471   0.012534   0.016586   0.021922    0.02891   0.038019
         0    6.2e-05   0.000124   0.000185   0.000243   0.000301   0.000356   0.000409   0.000459   0.000507   0.000551   0.000591    0.00063   0.000664   0.000695   0.000724    0.00075   0.000772   0.000793   0.000812   0.000827   0.000842   0.000856   0.000869   0.000881   0.000893   0.000907   0.000922    0.00094   0.000963   0.000993   0.001033   0.001089   0.001165   0.001269   0.001413   0.001613   0.001889   0.002267   0.002783   0.003487   0.004441   0.005727   0.007453   0.009762   0.012831   0.016891   0.022235   0.029237   0.038362
         0    8.3e-05   0.000168   0.000249    0.00033   0.000408   0.000483   0.000556   0.000625    0.00069   0.000752   0.000808   0.000862   0.000911   0.000956   0.000997   0.001035   0.001068   0.001099   0.001126    0.00115   0.001172   0.001193   0.001211   0.001228   0.001246   0.001263   0.001282   0.001303   0.001328   0.001361   0.001404    0.00146   0.001538   0.001643    0.00179    0.00199   0.002267   0.002645   0.003163   0.003868   0.004823   0.006112   0.007842   0.010154   0.013227   0.017293   0.022646   0.029658   0.038798
         0   0.000114   0.000227   0.000339   0.000447   0.000554   0.000657   0.000756   0.000851   0.000941   0.001026   0.001106   0.001181   0.001249   0.001313   0.001372   0.001425   0.001473   0.001517   0.001556   0.001593   0.001625   0.001653   0.001681   0.001705   0.001728   0.001751   0.001774     0.0018   0.001829   0.001865    0.00191   0.001969   0.002048   0.002156   0.002303   0.002505   0.002783   0.003163   0.003682   0.004389   0.005346   0.006637   0.008369   0.010683   0.013761   0.017831   0.023192   0.030212   0.039363
         0   0.000155   0.000308   0.000459   0.000609   0.000754   0.000894    0.00103    0.00116   0.001284   0.001401   0.001511   0.001615   0.001711     0.0018   0.001881   0.001957   0.002025   0.002088   0.002144   0.002194    0.00224   0.002282   0.002319   0.002353   0.002386   0.002416   0.002446   0.002477   0.002511   0.002551     0.0026   0.002662   0.002744   0.002854   0.003003   0.003208   0.003487   0.003868   0.004389   0.005097   0.006055   0.007347   0.009082   0.011399    0.01448   0.018555   0.023921   0.030949   0.040108
         0    0.00021   0.000418   0.000624   0.000827   0.001024   0.001215   0.001402   0.001579   0.001748    0.00191   0.002062   0.002204   0.002337    0.00246   0.002574   0.002678   0.002774   0.002861    0.00294   0.003011   0.003076   0.003134   0.003186   0.003233   0.003277   0.003317   0.003357   0.003395   0.003436   0.003482   0.003535   0.003602   0.003688     0.0038   0.003953   0.004159   0.004441   0.004823   0.005346   0.006055   0.007015   0.008309   0.010045   0.012365   0.015448   0.019527   0.024898   0.031931   0.041098
         0   0.000285   0.000567   0.000847    0.00112   0.001389    0.00165   0.001902   0.002144   0.002376   0.002595   0.002803   0.002999   0.003181    0.00335   0.003508   0.003652   0.003785   0.003905   0.004015   0.004114   0.004204   0.004284   0.004356   0.004421    0.00448   0.004534   0.004585   0.004635   0.004685   0.004738   0.004798   0.004871   0.004961   0.005079   0.005233   0.005443   0.005727   0.006112   0.006637   0.007347   0.008309   0.009604   0.011342   0.013665   0.016751   0.020832   0.026206   0.033245   0.042419
         0   0.000384   0.000766   0.001145   0.001516    0.00188   0.002233   0.002575   0.002903   0.003217   0.003516     0.0038   0.004066   0.004315   0.004547   0.004762    0.00496   0.005142   0.005307   0.005459   0.005594   0.005718   0.005828   0.005927   0.006016   0.006096   0.006168   0.006236   0.006299   0.006362   0.006425   0.006494   0.006574   0.006671   0.006793   0.006954   0.007167   0.007453   0.007842   0.008369   0.009082   0.010045   0.011342   0.013083   0.015407   0.018495    0.02258   0.027957   0.034999   0.044177
         0   0.000518   0.001033   0.001543   0.002044   0.002535   0.003012   0.003474   0.003918   0.004343   0.004748   0.005131   0.005492    0.00583   0.006146   0.006439   0.006708   0.006956   0.007182   0.007387   0.007573    0.00774   0.007891   0.008026   0.008147   0.008255   0.008353   0.008441   0.008524   0.008601    0.00868    0.00876    0.00885   0.008956   0.009086   0.009253   0.009471   0.009762   0.010154   0.010683   0.011399   0.012365   0.013665   0.015407   0.017732   0.020822    0.02491   0.030289   0.037335   0.046518
         0   0.000696   0.001388   0.002073   0.002747   0.003406   0.004048   0.004669   0.005267    0.00584   0.006385   0.006902   0.007389   0.007846   0.008272   0.008668   0.009032   0.009367   0.009674   0.009952   0.010205   0.010431   0.010636   0.010818   0.010981   0.011126   0.011257   0.011374   0.011481   0.011581   0.011677   0.011774   0.011877   0.011994   0.012134   0.012308   0.012534   0.012831   0.013227   0.013761    0.01448   0.015448   0.016751   0.018495   0.020822   0.023914   0.028004   0.033386   0.040435   0.049621
         0   0.000931   0.001857   0.002775   0.003676   0.004559   0.005418   0.006251   0.007051   0.007819   0.008552   0.009244   0.009899   0.010512   0.011084   0.011616   0.012107   0.012558    0.01297   0.013346   0.013686   0.013992   0.014266   0.014511   0.014731   0.014926   0.015099   0.015255   0.015394   0.015522   0.015643   0.015761   0.015882   0.016015   0.016167   0.016352   0.016586   0.016891   0.017293   0.017831   0.018555   0.019527   0.020832    0.02258    0.02491   0.028004   0.032095    0.03748   0.044531   0.053721
         0   0.001241   0.002475   0.003698     0.0049   0.006076   0.007222   0.008332   0.009401   0.010426   0.011403   0.012329   0.013202   0.014023   0.014789   0.015499   0.016155   0.016759   0.017312   0.017813   0.018269   0.018678   0.019046   0.019374   0.019668   0.019927   0.020158   0.020363   0.020546   0.020712   0.020865   0.021011   0.021155   0.021307   0.021476   0.021675   0.021922   0.022235   0.022646   0.023192   0.023921   0.024898   0.026206   0.027957   0.030289   0.033386    0.03748   0.042866    0.04992   0.059111
         0   0.001647   0.003286   0.004907   0.006502   0.008064   0.009585   0.011059   0.012479   0.013841   0.015138   0.016369   0.017531   0.018622   0.019639   0.020585   0.021459   0.022263   0.022997   0.023666   0.024272   0.024817   0.025307   0.025745   0.026134   0.026479   0.026785   0.027055   0.027294   0.027509   0.027704   0.027886   0.028062    0.02824   0.028431   0.028649    0.02891   0.029237   0.029658   0.030212   0.030949   0.031931   0.033245   0.034999   0.037335   0.040435   0.044531    0.04992   0.056975   0.066169
         0   0.002177   0.004341   0.006483   0.008592   0.010655   0.012667   0.014614   0.016491   0.018291   0.020007   0.021635   0.023172   0.024615   0.025962   0.027214   0.028371   0.029435   0.030409   0.031295   0.032096    0.03282   0.033468   0.034047   0.034562   0.035018   0.035421   0.035777    0.03609   0.036369   0.036619   0.036848   0.037064   0.037276   0.037496   0.037737   0.038019   0.038362   0.038798   0.039363   0.040108   0.041098   0.042419   0.044177   0.046518   0.049621   0.053721   0.059111   0.066169   0.075365