         0          0          0          0          0          0          0          0          0          0          0          0          0          0          0          0          0          0          0          0          0          0          0          0          0          0          0          0          0          0          0          0          0          0          0          0          0          0          0          0          0          0          0          0          0          0          0          0          0          0
         0          0      1e-06      1e-06      2e-06      2e-06      3e-06      4e-06      3e-06      4e-06      4e-06      5e-06      6e-06      7e-06      8e-06      9e-06    1.1e-05    1.3e-05    1.6e-05    1.9e-05    2.4e-05      3e-05    3.9e-05      5e-05    6.3e-05    8.1e-05   0.000104   0.000134   0.000172   0.000221   0.000284   0.000363   0.000463    0.00059   0.000749   0.000949   0.001199   0.001508   0.001893   0.002369   0.002954   0.003673   0.004551   0.005624   0.006926   0.008505   0.010409   0.012699   0.015445   0.018724
         0      1e-06      2e-06      3e-06      4e-06      5e-06      5e-06      6e-06      7e-06      9e-06      1e-05    1.1e-05    1.2e-05    1.4e-05    1.6e-05    1.9e-05    2.2e-05    2.6e-05    3.1e-05    3.9e-05    4.8e-05    6.1e-05    7.7e-05    9.8e-05   0.000126   0.000161   0.000208   0.000267   0.000344   0.000442   0.000566   0.000724   0.000926   0.001178   0.001496   0.001895   0.002392   0.003011   0.003779   0.004728   0.005897   0.007332   0.009088   0.011229   0.013829    0.01698   0.020782   0.025355   0.030836   0.037384
         0      1e-06      3e-06      5e-06      6e-06      7e-06      9e-06      1e-05    1.1e-05    1.2e-05    1.4e-05    1.6e-05    1.8e-05    2.1e-05    2.4e-05    2.7e-05    3.3e-05    3.9e-05    4.7e-05    5.8e-05    7.2e-05    9.1e-05   0.000115   0.000147   0.000188   0.000242   0.000311     0.0004   0.000515    0.00066   0.000847   0.001084   0.001384   0.001762   0.002237   0.002833   0.003577   0.004504   0.005653   0.007072    0.00882   0.010967   0.013593   0.016794   0.020685   0.025397   0.031083   0.037923   0.046121   0.055915
         0      2e-06      4e-06      6e-06      8e-06      9e-06    1.1e-05    1.3e-05    1.6e-05    1.7e-05    1.9e-05    2.2e-05    2.4e-05    2.8e-05    3.2e-05    3.7e-05    4.4e-05    5.2e-05    6.3e-05    7.7e-05    9.6e-05   0.000121   0.000153   0.000195    0.00025   0.000321   0.000413   0.000531   0.000683   0.000878   0.001125    0.00144   0.001838    0.00234   0.002972   0.003763   0.004752   0.005981   0.007506   0.009391   0.011713   0.014563    0.01805   0.022302   0.027469   0.033726   0.041277    0.05036   0.061247   0.074253
         0      2e-06      5e-06      7e-06      9e-06    1.2e-05    1.4e-05    1.6e-05    1.8e-05    2.1e-05    2.4e-05    2.7e-05      3e-05    3.5e-05    3.9e-05    4.5e-05    5.4e-05    6.4e-05    7.8e-05    9.6e-05   0.000119    0.00015    0.00019   0.000242   0.000311     0.0004   0.000514   0.000661    0.00085   0.001091     0.0014   0.001791   0.002286   0.002911   0.003696    0.00468   0.005909   0.007438   0.009335   0.011678   0.014565    0.01811   0.022447   0.027735    0.03416    0.04194   0.051332   0.062626   0.076165   0.092338
         0      3e-06      5e-06      9e-06    1.1e-05    1.4e-05    1.6e-05    1.9e-05    2.2e-05    2.6e-05    2.8e-05    3.2e-05    3.6e-05    4.1e-05    4.7e-05    5.5e-05    6.4e-05    7.7e-05    9.3e-05   0.000115   0.000142   0.000179   0.000227    0.00029   0.000371   0.000477   0.000613   0.000789   0.001014   0.001302   0.001669   0.002136   0.002726   0.003471   0.004407   0.005581   0.007046    0.00887   0.011132   0.013926   0.017369   0.021596   0.026768   0.033073   0.040735   0.050014   0.061212   0.074681   0.090826   0.110113
         0      4e-06      6e-06      1e-05    1.3e-05    1.6e-05    1.9e-05    2.2e-05    2.6e-05    2.9e-05    3.4e-05    3.7e-05    4.3e-05    4.8e-05    5.5e-05    6.4e-05    7.5e-05    8.9e-05   0.000108   0.000132   0.000166   0.000208   0.000264   0.000336    0.00043   0.000552    0.00071   0.000913   0.001174   0.001508   0.001934   0.002474   0.003158   0.004021   0.005105   0.006464    0.00816   0.010273   0.012892   0.016129   0.020116   0.025012      0.031   0.038302   0.047175   0.057921    0.07089   0.086487   0.105185   0.127521
         0      3e-06      7e-06    1.1e-05    1.6e-05    1.8e-05    2.2e-05    2.6e-05      3e-05    3.4e-05    3.8e-05    4.2e-05    4.8e-05    5.5e-05    6.3e-05    7.3e-05    8.5e-05   0.000101   0.000123   0.000151   0.000188   0.000236   0.000299   0.000382   0.000488   0.000626   0.000805   0.001036   0.001332   0.001709   0.002192   0.002804   0.003579   0.004557   0.005786   0.007326   0.009249   0.011642    0.01461   0.018278   0.022797   0.028345   0.035131   0.043407   0.053462   0.065638   0.080335   0.098011   0.119199   0.144511
         0      4e-06      9e-06    1.2e-05    1.7e-05    2.1e-05    2.6e-05    2.9e-05    3.4e-05    3.9e-05    4.3e-05    4.8e-05    5.5e-05    6.2e-05      7e-05    8.2e-05    9.5e-05   0.000115   0.000138    0.00017   0.000211   0.000264   0.000335   0.000426   0.000545   0.000699   0.000899   0.001156   0.001486   0.001907   0.002444   0.003126    0.00399   0.005079   0.006449   0.008165   0.010308   0.012975   0.016282    0.02037   0.025406   0.031587    0.03915   0.048371   0.059576   0.073146   0.089522   0.109219   0.132831   0.161036
         0      4e-06      1e-05    1.4e-05    1.9e-05    2.4e-05    2.8e-05    3.4e-05    3.8e-05    4.3e-05    4.9e-05    5.5e-05    6.1e-05    6.9e-05    7.9e-05    9.1e-05   0.000107   0.000127   0.000154   0.000188   0.000233   0.000292    0.00037    0.00047   0.000602   0.000771   0.000991   0.001273   0.001635   0.002099   0.002689    0.00344   0.004389   0.005587   0.007093   0.008979   0.011336   0.014268   0.017904   0.022399   0.027934   0.034731   0.043046   0.053184   0.065504   0.080422   0.098428   0.120085   0.146044   0.177054
         0      5e-06    1.1e-05    1.6e-05    2.2e-05    2.7e-05    3.2e-05    3.7e-05    4.2e-05    4.8e-05    5.5e-05    6.1e-05    6.9e-05    7.8e-05    8.8e-05   0.000102   0.000119   0.000142    0.00017   0.000208   0.000257   0.000321   0.000405   0.000515   0.000658   0.000842   0.001081   0.001388   0.001782   0.002286   0.002928   0.003744   0.004776   0.006079   0.007716   0.009768    0.01233   0.015518   0.019473   0.024359   0.030379   0.037769    0.04681   0.057835    0.07123   0.087453   0.107032   0.130581   0.158807   0.192527
         0      6e-06    1.2e-05    1.8e-05    2.4e-05      3e-05    3.6e-05    4.3e-05    4.8e-05    5.5e-05    6.1e-05    6.9e-05    7.7e-05    8.7e-05    9.9e-05   0.000113   0.000132   0.000157   0.000187   0.000228   0.000281   0.000351   0.000442    0.00056   0.000713   0.000913    0.00117   0.001501   0.001925   0.002468    0.00316   0.004039   0.005152   0.006555   0.008319    0.01053    0.01329   0.016725   0.020984    0.02625   0.032735   0.040697   0.050437   0.062314   0.076745   0.094222   0.115316   0.140685   0.171095   0.207423
         0      7e-06    1.4e-05    2.1e-05    2.8e-05    3.5e-05    4.1e-05    4.8e-05    5.5e-05    6.2e-05    6.9e-05    7.8e-05    8.7e-05    9.8e-05    0.00011   0.000126   0.000147   0.000173   0.000206    0.00025   0.000307   0.000382    0.00048   0.000606    0.00077   0.000983   0.001258   0.001611   0.002066   0.002646   0.003386   0.004325   0.005515   0.007015   0.008901   0.011263   0.014214   0.017885   0.022438   0.028065   0.034998   0.043507   0.053919   0.066613   0.082038    0.10072   0.123265   0.150381   0.182885   0.221715
         0      8e-06    1.6e-05    2.4e-05    3.2e-05    3.9e-05    4.7e-05    5.5e-05    6.3e-05      7e-05    7.9e-05    8.8e-05    9.9e-05    0.00011   0.000125   0.000142   0.000164   0.000192   0.000228   0.000275   0.000336   0.000415   0.000519   0.000653   0.000829   0.001054   0.001346   0.001722   0.002204   0.002821   0.003606   0.004604   0.005866   0.007459    0.00946   0.011969   0.015101   0.018998   0.023832   0.029806   0.037166   0.046199   0.057252   0.070728   0.087103   0.106934   0.130867   0.159654   0.194159   0.235379
         0      9e-06    1.9e-05    2.7e-05    3.7e-05    4.5e-05    5.5e-05    6.4e-05    7.3e-05    8.2e-05    9.1e-05   0.000102   0.000113   0.000126   0.000142   0.000161   0.000185   0.000215   0.000254   0.000304   0.000368   0.000452   0.000562   0.000704   0.000889   0.001128   0.001437   0.001834   0.002342   0.002993   0.003822   0.004875   0.006208   0.007888   0.010001   0.012648   0.015953   0.020066   0.025166   0.031471   0.039237    0.04877   0.060433   0.074654   0.091934    0.11286   0.138116   0.168494   0.204905   0.248403
         0    1.1e-05    2.2e-05    3.3e-05    4.4e-05    5.4e-05    6.4e-05    7.5e-05    8.5e-05    9.5e-05   0.000107   0.000119   0.000132   0.000147   0.000164   0.000185    0.00021   0.000243   0.000285   0.000338   0.000406   0.000495   0.000611    0.00076   0.000955   0.001206   0.001531   0.001948   0.002482   0.003165   0.004036   0.005141    0.00654   0.008304   0.010522   0.013301   0.016771   0.021088   0.026442    0.03306   0.041212   0.051219   0.063462   0.078389   0.096528   0.118496   0.145006   0.176893   0.215115   0.260774
         0    1.3e-05    2.6e-05    3.9e-05    5.2e-05    6.4e-05    7.7e-05    8.9e-05   0.000101   0.000115   0.000127   0.000142   0.000157   0.000173   0.000192   0.000215   0.000243   0.000278   0.000322   0.000379   0.000451   0.000544   0.000666   0.000823   0.001027    0.00129   0.001629   0.002065   0.002625   0.003339   0.004249   0.005404   0.006865    0.00871   0.011027    0.01393   0.017556   0.022067   0.027661   0.034575   0.043092   0.053548   0.066339   0.081935   0.100887   0.123838   0.151537   0.184851   0.224785   0.272489
         0    1.6e-05    3.1e-05    4.7e-05    6.3e-05    7.8e-05    9.3e-05   0.000108   0.000123   0.000138   0.000154    0.00017   0.000187   0.000206   0.000228   0.000254   0.000285   0.000322   0.000369   0.000429   0.000506   0.000604   0.000732   0.000897   0.001109   0.001384   0.001738   0.002192   0.002774   0.003518   0.004466   0.005668   0.007188   0.009107   0.011518    0.01454   0.018312   0.023006   0.028826    0.03602   0.044881   0.055759   0.069068   0.085295   0.105012    0.12889   0.157709    0.19237   0.233917    0.28355
         0    1.9e-05    3.9e-05    5.8e-05    7.7e-05    9.6e-05   0.000115   0.000132   0.000151    0.00017   0.000188   0.000208   0.000228    0.00025   0.000275   0.000304   0.000338   0.000379   0.000429   0.000493   0.000574   0.000677   0.000811   0.000983   0.001204    0.00149   0.001858    0.00233   0.002934   0.003707   0.004688   0.005935   0.007513   0.009502   0.012001   0.015133   0.019043   0.023909   0.029942   0.037399   0.046583   0.057859   0.071653   0.088472    0.10891   0.133658   0.163529   0.199455   0.242519   0.293962
         0    2.4e-05    4.8e-05    7.2e-05    9.6e-05   0.000119   0.000142   0.000166   0.000188   0.000211   0.000233   0.000257   0.000281   0.000307   0.000336   0.000368   0.000406   0.000451   0.000506   0.000574    0.00066   0.000768   0.000909   0.001088   0.001319   0.001616   0.001996   0.002485   0.003111   0.003909   0.004924   0.006213   0.007843   0.009898   0.012481   0.015717   0.019756   0.024782   0.031015   0.038718   0.048205   0.059852   0.074101   0.091475   0.112586   0.138152   0.169006   0.206116   0.250599   0.303739
         0      3e-05    6.1e-05    9.1e-05   0.000121    0.00015   0.000179   0.000208   0.000236   0.000264   0.000292   0.000321   0.000351   0.000382   0.000415   0.000452   0.000495   0.000544   0.000604   0.000677   0.000768   0.000884    0.00103   0.001217   0.001458   0.001764   0.002159   0.002664   0.003309   0.004132    0.00518   0.006508   0.008187   0.010305   0.012966   0.016298   0.020459   0.025635   0.032053   0.039985   0.049757   0.061751   0.076424   0.094314   0.116054   0.142381   0.174154   0.212369   0.258177   0.312898
         0    3.9e-05    7.7e-05   0.000115   0.000153    0.00019   0.000227   0.000264   0.000299   0.000335    0.00037   0.000405   0.000442    0.00048   0.000519   0.000562   0.000611   0.000666   0.000732   0.000811   0.000909    0.00103   0.001184   0.001379   0.001628   0.001947   0.002353   0.002875   0.003539   0.004386   0.005464   0.006829   0.008555   0.010731   0.013464   0.016887   0.021159   0.026475   0.033067   0.041213   0.051248   0.063564   0.078633   0.097005   0.119328   0.146363    0.17899   0.218232   0.265271   0.321463
         0      5e-05    9.8e-05   0.000147   0.000195   0.000242    0.00029   0.000336   0.000382   0.000426    0.00047   0.000515    0.00056   0.000606   0.000653   0.000704    0.00076   0.000823   0.000897   0.000983   0.001088   0.001217   0.001379   0.001583   0.001842   0.002171   0.002592   0.003127   0.003811   0.004682   0.005787   0.007188   0.008957   0.011187   0.013988   0.017495   0.021873   0.027318   0.034071   0.042416   0.052693    0.06531   0.080743   0.099562   0.122427   0.150117   0.183535    0.22373   0.271909   0.329463
         0    6.3e-05   0.000126   0.000188    0.00025   0.000311   0.000371    0.00043   0.000488   0.000545   0.000602   0.000658   0.000713    0.00077   0.000829   0.000889   0.000955   0.001027   0.001109   0.001204   0.001319   0.001458   0.001628   0.001842   0.002112   0.002453   0.002886   0.003438    0.00414   0.005032   0.006164   0.007598   0.009409   0.011689   0.014553   0.018139   0.022614    0.02818   0.035081   0.043609   0.054112   0.067005   0.082777   0.102007   0.125373   0.153669   0.187817    0.22889   0.278123   0.336936
         0    8.1e-05   0.000161   0.000242   0.000321     0.0004   0.000477   0.000552   0.000626   0.000699   0.000771   0.000842   0.000913   0.000983   0.001054   0.001128   0.001206    0.00129   0.001384    0.00149   0.001616   0.001764   0.001947   0.002171   0.002453   0.002807   0.003254   0.003822   0.004542   0.005455   0.006613   0.008079   0.009928   0.012257    0.01518   0.018837   0.023403    0.02908   0.036118   0.044816   0.055527   0.068673   0.084757   0.104366   0.128192   0.157045   0.191867   0.233749   0.283951   0.343922
         0   0.000104   0.000208   0.000311   0.000413   0.000514   0.000613    0.00071   0.000805   0.000899   0.000991   0.001081    0.00117   0.001258   0.001346   0.001437   0.001531   0.001629   0.001738   0.001858   0.001996   0.002159   0.002353   0.002592   0.002886   0.003254   0.003716   0.004301    0.00504   0.005975   0.007158   0.008653    0.01054   0.012913    0.01589   0.019616   0.024264   0.030044   0.037209   0.046062   0.056963   0.070345   0.086714   0.106671    0.13092   0.160284   0.195723   0.238346   0.289437   0.350469
         0   0.000134   0.000267     0.0004   0.000531   0.000661   0.000789   0.000913   0.001036   0.001156   0.001273   0.001388   0.001501   0.001611   0.001722   0.001834   0.001948   0.002065   0.002192    0.00233   0.002485   0.002664   0.002875   0.003127   0.003438   0.003822   0.004301   0.004902    0.00566   0.006617   0.007827   0.009351   0.011272   0.013687   0.016716   0.020505    0.02523   0.031104   0.038385   0.047381   0.058458   0.072053   0.088685    0.10896   0.133595   0.163427   0.199429   0.242731   0.294634   0.356636
         0   0.000172   0.000344   0.000515   0.000683    0.00085   0.001014   0.001174   0.001332   0.001486   0.001635   0.001782   0.001925   0.002066   0.002204   0.002342   0.002482   0.002625   0.002774   0.002934   0.003111   0.003309   0.003539   0.003811    0.00414   0.004542    0.00504    0.00566   0.006439   0.007419   0.008653   0.010206   0.012162   0.014617   0.017695   0.021541   0.026338   0.032299   0.039688   0.048814   0.060052   0.073842   0.090713   0.111278   0.136266   0.166524    0.20304   0.246958   0.299602   0.362488
         0   0.000221   0.000442    0.00066   0.000878   0.001091   0.001302   0.001508   0.001709   0.001907   0.002099   0.002286   0.002468   0.002646   0.002821   0.002993   0.003165   0.003339   0.003518   0.003707   0.003909   0.004132   0.004386   0.004682   0.005032   0.005455   0.005975   0.006617   0.007419   0.008423   0.009683   0.011266   0.013254   0.015748   0.018871   0.022774   0.027636   0.033678   0.041165   0.050411   0.061795   0.075765   0.092851   0.113681   0.138989   0.169633   0.206617   0.251096   0.304411   0.368099
         0   0.000284   0.000566   0.000847   0.001125     0.0014   0.001669   0.001934   0.002192   0.002444   0.002689   0.002928    0.00316   0.003386   0.003606   0.003822   0.004036   0.004249   0.004466   0.004688   0.004924    0.00518   0.005464   0.005787   0.006164   0.006613   0.007158   0.007827   0.008653   0.009683    0.01097   0.012584   0.014605   0.017137   0.020304   0.024258   0.029184   0.035301   0.042877   0.052234   0.063751   0.077882   0.095167   0.116237   0.141834    0.17283   0.210234   0.255222   0.309144   0.373558
         0   0.000363   0.000724   0.001084    0.00144   0.001791   0.002136   0.002474   0.002804   0.003126    0.00344   0.003744   0.004039   0.004325   0.004604   0.004875   0.005141   0.005404   0.005668   0.005935   0.006213   0.006508   0.006829   0.007188   0.007598   0.008079   0.008653   0.009351   0.010206   0.011266   0.012584   0.014228   0.016284   0.018854   0.022064   0.026068   0.031052   0.037238   0.044898   0.054355   0.065994   0.080274   0.097737   0.119023   0.144884   0.176196   0.213982   0.259427   0.313898   0.378966
         0   0.000463   0.000926   0.001384   0.001838   0.002286   0.002726   0.003158   0.003579    0.00399   0.004389   0.004776   0.005152   0.005515   0.005866   0.006208    0.00654   0.006865   0.007188   0.007513   0.007843   0.008187   0.008555   0.008957   0.009409   0.009928    0.01054   0.011272   0.012162   0.013254   0.014605   0.016284   0.018375   0.020984   0.024237    0.02829   0.033328    0.03958   0.047319   0.056868   0.068618   0.083032   0.100658   0.122141   0.148238   0.179835   0.217965   0.263822   0.318785   0.384441
         0    0.00059   0.001178   0.001762    0.00234   0.002911   0.003471   0.004021   0.004557   0.005079   0.005587   0.006079   0.006555   0.007015   0.007459   0.007888   0.008304    0.00871   0.009107   0.009502   0.009898   0.010305   0.010731   0.011187   0.011689   0.012257   0.012913   0.013687   0.014617   0.015748   0.017137   0.018854   0.020984   0.023633    0.02693    0.03103   0.036124   0.042438   0.050248   0.059883   0.071736   0.086273   0.104046   0.125705   0.152015   0.183869   0.222307   0.268533   0.323938    0.39012
         0   0.000749   0.001496   0.002237   0.002972   0.003696   0.004407   0.005105   0.005786   0.006449   0.007093   0.007716   0.008319   0.008901    0.00946   0.010001   0.010522   0.011027   0.011518   0.012001   0.012481   0.012966   0.013464   0.013988   0.014553    0.01518    0.01589   0.016716   0.017695   0.018871   0.020304   0.022064   0.024237    0.02693   0.030272   0.034422   0.039568   0.045943   0.053822   0.063537   0.075483   0.090132   0.108038   0.129858   0.156359   0.188444   0.227158   0.273714   0.329514   0.396168
         0   0.000949   0.001895   0.002833   0.003763    0.00468   0.005581   0.006464   0.007326   0.008165   0.008979   0.009768    0.01053   0.011263   0.011969   0.012648   0.013301    0.01393    0.01454   0.015133   0.015717   0.016298   0.016887   0.017495   0.018139   0.018837   0.019616   0.020505   0.021541   0.022774   0.024258   0.026068    0.02829    0.03103   0.034422   0.038621   0.043822   0.050255   0.058201   0.067992   0.080025   0.094777   0.112805   0.134769   0.161443   0.193734   0.232694   0.279546   0.335698    0.40277
         0   0.001199   0.002392   0.003577   0.004752   0.005909   0.007046    0.00816   0.009249   0.010308   0.011336    0.01233    0.01329   0.014214   0.015101   0.015953   0.016771   0.017556   0.018312   0.019043   0.019756   0.020459   0.021159   0.021873   0.022614   0.023403   0.024264    0.02523   0.026338   0.027636   0.029184   0.031052   0.033328   0.036124   0.039568   0.043822   0.049078   0.055571   0.063582   0.073445   0.085561   0.100408   0.118547   0.140641   0.167472   0.199948   0.239129   0.286243   0.342709   0.410153
         0   0.001508   0.003011   0.004504   0.005981   0.007438    0.00887   0.010273   0.011642   0.012975   0.014268   0.015518   0.016725   0.017885   0.018998   0.020066   0.021088   0.022067   0.023006   0.023909   0.024782   0.025635   0.026475   0.027318    0.02818    0.02908   0.030044   0.031104   0.032299   0.033678   0.035301   0.037238    0.03958   0.042438   0.045943   0.050255   0.055571   0.062127   0.070202   0.080135   0.092331   0.107266   0.125508   0.147723   0.174693   0.207336   0.246713   0.294063   0.350806    0.41858
         0   0.001893   0.003779   0.005653   0.007506   0.009335   0.011132   0.012892    0.01461   0.016282   0.017904   0.019473   0.020984   0.022438   0.023832   0.025166   0.026442   0.027661   0.028826   0.029942   0.031015   0.032053   0.033067   0.034071   0.035081   0.036118   0.037209   0.038385   0.039688   0.041165   0.042877   0.044898   0.047319   0.050248   0.053822   0.058201   0.063582   0.070202   0.078344   0.088348    0.10062   0.115641   0.133978   0.156303   0.183402   0.216194   0.255748   0.303305   0.360295   0.428362
         0   0.002369   0.004728   0.007072   0.009391   0.011678   0.013926   0.016129   0.018278    0.02037   0.022399   0.024359    0.02625   0.028065   0.029806   0.031471    0.03306   0.034575    0.03602   0.037399   0.038718   0.039985   0.041213   0.042416   0.043609   0.044816   0.046062   0.047381   0.048814   0.050411   0.052234   0.054355   0.056868   0.059883   0.063537   0.067992   0.073445   0.080135   0.088348   0.098426   0.110775   0.125877   0.144306   0.166733   0.193948   0.226876   0.266589   0.314332   0.371541   0.439865
         0   0.002954   0.005897    0.00882   0.011713   0.014565   0.017369   0.020116   0.022797   0.025406   0.027934   0.030379   0.032735   0.034998   0.037166   0.039237   0.041212   0.043092   0.044881   0.046583   0.048205   0.049757   0.051248   0.052693   0.054112   0.055527   0.056963   0.058458   0.060052   0.061795   0.063751   0.065994   0.068618   0.071736   0.075483   0.080025   0.085561   0.092331    0.10062   0.110775   0.123201   0.138385   0.156902   0.179426    0.20675   0.239802   0.279657   0.327566   0.384969   0.453521
         0   0.003673   0.007332   0.010967   0.014563    0.01811   0.021596   0.025012   0.028345   0.031587   0.034731   0.037769   0.040697   0.043507   0.046199    0.04877   0.051219   0.053548   0.055759   0.057859   0.059852   0.061751   0.063564    0.06531   0.067005   0.068673   0.070345   0.072053   0.073842   0.075765   0.077882   0.080274   0.083032   0.086273   0.090132   0.094777   0.100408   0.107266   0.115641   0.125877   0.138385   0.153653   0.172257   0.194874   0.222301   0.255466   0.295452    0.34351   0.401087    0.46984
         0   0.004551   0.009088   0.013593    0.01805   0.022447   0.026768      0.031   0.035131    0.03915   0.043046    0.04681   0.050437   0.053919   0.057252   0.060433   0.063462   0.066339   0.069068   0.071653   0.074101   0.076424   0.078633   0.080743   0.082777   0.084757   0.086714   0.088685   0.090713   0.092851   0.095167   0.097737   0.100658   0.104046   0.108038   0.112805   0.118547   0.125508   0.133978   0.144306   0.156902   0.172257   0.190949   0.213658   0.241183   0.274456    0.31456   0.362754   0.420484   0.489417
         0   0.005624   0.011229   0.016794   0.022302   0.027735   0.033073   0.038302   0.043407   0.048371   0.053184   0.057835   0.062314   0.066613   0.070728   0.074654   0.078389   0.081935   0.085295   0.088472   0.091475   0.094314   0.097005   0.099562   0.102007   0.104366   0.106671    0.10896   0.111278   0.113681   0.116237   0.119023   0.122141   0.125705   0.129858   0.134769   0.140641   0.147723   0.156303   0.166733   0.179426   0.194874   0.213658   0.236461   0.264082   0.297457   0.337673    0.38599   0.443861   0.512952
         0   0.006926   0.013829   0.020685   0.027469    0.03416   0.040735   0.047175   0.053462   0.059576   0.065504    0.07123   0.076745   0.082038   0.087103   0.091934   0.096528   0.100887   0.105012    0.10891   0.112586   0.116054   0.119328   0.122427   0.125373   0.128192    0.13092   0.133595   0.136266   0.138989   0.141834   0.144884   0.148238   0.152015   0.156359   0.161443   0.167472   0.174693   0.183402   0.193948    0.20675   0.222301   0.241183   0.264082     0.2918   0.325276   0.365598   0.414029   0.472027   0.541262
         0   0.008505    0.01698   0.025397   0.033726    0.04194   0.050014   0.057921   0.065638   0.073146   0.080422   0.087453   0.094222    0.10072   0.106934    0.11286   0.118496   0.123838    0.12889   0.133658   0.138152   0.142381   0.146363   0.150117   0.153669   0.157045   0.160284   0.163427   0.166524   0.169633    0.17283   0.176196   0.179835   0.183869   0.188444   0.193734   0.199948   0.207336   0.216194   0.226876   0.239802   0.255466   0.274456   0.297457   0.325276   0.358851   0.399276   0.447818   0.505932   0.575297
         0   0.010409   0.020782   0.031083   0.041277   0.051332   0.061212    0.07089   0.080335   0.089522   0.098428   0.107032   0.115316   0.123265   0.130867   0.138116   0.145006   0.151537   0.157709   0.163529   0.169006   0.174154    0.17899   0.183535   0.187817   0.191867   0.195723   0.199429    0.20304   0.206617   0.210234   0.213982   0.217965   0.222307   0.227158   0.232694   0.239129   0.246713   0.255748   0.266589   0.279657   0.295452    0.31456   0.337673   0.365598   0.399276   0.439806   0.488452   0.546678   0.616161
         0   0.012699   0.025355   0.037923    0.05036   0.062626   0.074681   0.086487   0.098011   0.109219   0.120085   0.130581   0.140685   0.150381   0.159654   0.168494   0.176893   0.184851    0.19237   0.199455   0.206116   0.212369   0.218232    0.22373    0.22889   0.233749   0.238346   0.242731   0.246958   0.251096   0.255222   0.259427   0.263822   0.268533   0.273714   0.279546   0.286243   0.294063   0.303305   0.314332   0.327566    0.34351   0.362754    0.38599   0.414029   0.447818   0.488452   0.537203   0.595536   0.665131
         0   0.015445   0.030836   0.046121   0.061247   0.076165   0.090826   0.105185   0.119199   0.132831   0.146044   0.158807   0.171095   0.182885   0.194159   0.204905   0.215115   0.224785   0.233917   0.242519   0.250599   0.258177   0.265271   0.271909   0.278123   0.283951   0.289437   0.294634   0.299602   0.304411   0.309144   0.313898   0.318785   0.323938   0.329514   0.335698   0.342709   0.350806   0.360295   0.371541   0.384969   0.401087   0.420484   0.443861   0.472027   0.505932   0.546678   0.595536   0.653973   0.723676
         0   0.018724   0.037384   0.055915   0.074253   0.092338   0.110113   0.127521   0.144511   0.161036   0.177054   0.192527   0.207423   0.221715   0.235379   0.248403   0.260774   0.272489    0.28355   0.293962   0.303739   0.312898   0.321463   0.329463   0.336936   0.343922   0.350469   0.356636   0.362488   0.368099   0.373558   0.378966   0.384441    0.39012   0.396168    0.40277   0.410153    0.41858   0.428362   0.439865   0.453521    0.46984   0.489417   0.512952   0.541262   0.575297   0.616161   0.665131   0.723676   0.793484