         0          0          0          0          0          0          0          0          0          0          0          0          0          0          0          0          0          0          0          0          0          0          0          0          0          0          0          0          0          0          0          0          0          0          0          0          0          0          0          0          0          0          0          0          0          0          0          0          0          0
         0    2.5e-05      5e-05    7.7e-05   0.000104   0.000134   0.000167   0.000202   0.000243   0.000288   0.000339   0.000399   0.000467   0.000547    0.00064   0.000748   0.000874   0.001022   0.001196     0.0014   0.001638   0.001917   0.002244   0.002627   0.003073   0.003593     0.0042   0.004903   0.005721   0.006669   0.007763   0.009028   0.010484   0.012157   0.014078   0.016278   0.018792    0.02166   0.024925   0.028634   0.032839   0.037596   0.042968   0.049022   0.055828   0.063467   0.072021    0.08158   0.092242   0.104108
         0      5e-05   0.000101   0.000154   0.000211   0.000271   0.000336   0.000408   0.000488    0.00058   0.000683   0.000803    0.00094   0.001099   0.001285   0.001501   0.001754   0.002051   0.002398   0.002805   0.003281    0.00384   0.004494   0.005257    0.00615    0.00719   0.008401   0.009808   0.011442   0.013335   0.015523   0.018048   0.020957   0.024301   0.028139   0.032534   0.037557   0.043288   0.049811   0.057221   0.065623   0.075128   0.085861   0.097955   0.111554   0.126815   0.143905   0.163006   0.184307   0.208013
         0    7.7e-05   0.000154   0.000235    0.00032   0.000411    0.00051    0.00062   0.000742   0.000879   0.001036   0.001216   0.001422   0.001663   0.001941   0.002267   0.002646   0.003091   0.003612   0.004222   0.004937   0.005775   0.006754   0.007898   0.009236   0.010794   0.012608   0.014716   0.017162   0.019996   0.023274   0.027055   0.031411    0.03642   0.042168    0.04875   0.056272   0.064853    0.07462   0.085716   0.098298   0.112531   0.128603   0.146713   0.167076   0.189928    0.21552    0.24412   0.276016   0.311515
         0   0.000104   0.000211    0.00032   0.000436   0.000559   0.000694   0.000842   0.001007   0.001192   0.001403   0.001643   0.001921   0.002242   0.002615    0.00305   0.003557    0.00415   0.004845   0.005659   0.006612   0.007726   0.009031   0.010555   0.012334   0.014408   0.016822   0.019628   0.022883   0.026654   0.031013   0.036045   0.041841   0.048503   0.056149   0.064904    0.07491   0.086324   0.099316   0.114076    0.13081   0.149744   0.171121   0.195209   0.222295   0.252692   0.286731   0.324772   0.367197   0.414415
         0   0.000134   0.000271   0.000411   0.000559   0.000718    0.00089   0.001078   0.001287   0.001522   0.001788   0.002092   0.002442   0.002845   0.003313   0.003858   0.004494   0.005236   0.006105   0.007121   0.008312   0.009703   0.011332   0.013234   0.015453    0.01804    0.02105   0.024548   0.028607   0.033307   0.038741   0.045012   0.052236    0.06054   0.070068   0.080979    0.09345   0.107673   0.123865   0.142258   0.163112   0.186706   0.213345   0.243362   0.277116   0.314994   0.357412   0.404816   0.457684   0.516523
         0   0.000167   0.000336    0.00051   0.000694    0.00089   0.001101   0.001332   0.001588   0.001875   0.002199   0.002567    0.00299   0.003479   0.004043   0.004699   0.005464   0.006357     0.0074   0.008619   0.010047   0.011715   0.013665   0.015943   0.018599   0.021695   0.025296   0.029482   0.034337   0.039958   0.046457   0.053956   0.062593   0.072524   0.083916   0.096962   0.111871   0.128876   0.148235   0.170225   0.195155   0.223362   0.255209   0.291094   0.331447   0.376729   0.427438   0.484109   0.547311   0.617652
         0   0.000202   0.000408    0.00062   0.000842   0.001078   0.001332   0.001609   0.001916   0.002257   0.002641   0.003078   0.003577   0.004151   0.004814   0.005584   0.006479   0.007522    0.00874   0.010164   0.011827    0.01377   0.016041   0.018691   0.021782   0.025383   0.029571   0.034436   0.040079   0.046613   0.054165   0.062878   0.072913   0.084449   0.097684   0.112839   0.130158   0.149912   0.172398    0.19794   0.226898   0.259661   0.296652   0.338334   0.385203   0.437798   0.496696   0.562518   0.635926   0.717627
         0   0.000243   0.000488   0.000742   0.001007   0.001287   0.001588   0.001916   0.002275   0.002675   0.003122    0.00363   0.004209   0.004872   0.005637   0.006522   0.007549   0.008745   0.010139   0.011765   0.013665   0.015883   0.018472   0.021494   0.025014   0.029115   0.033883    0.03942   0.045842   0.053276   0.061868    0.07178   0.083195   0.096315   0.111367   0.128602   0.148298   0.170761    0.19633   0.225375   0.258304   0.295558   0.337619   0.385013   0.438306   0.498108   0.565077   0.639919   0.723387    0.81628
         0   0.000288    0.00058   0.000879   0.001192   0.001522   0.001875   0.002257   0.002675   0.003137   0.003654   0.004236   0.004898   0.005653   0.006522   0.007526   0.008688   0.010038   0.011609    0.01344   0.015576   0.018068   0.020974   0.024362    0.02831   0.032905   0.038247   0.044449    0.05164   0.059962   0.069578   0.080672   0.093444   0.108126   0.124966   0.144249   0.166283   0.191413   0.220015   0.252507    0.28934   0.331012   0.378061   0.431074   0.490684   0.557575   0.632483   0.716196   0.809556   0.913461
         0   0.000339   0.000683   0.001036   0.001403   0.001788   0.002199   0.002641   0.003122   0.003654   0.004244   0.004907   0.005656   0.006509   0.007486   0.008611   0.009911   0.011418   0.013168   0.015205   0.017578   0.020342   0.023564   0.027318   0.031689   0.036773   0.042681   0.049539   0.057486   0.066684   0.077309   0.089564   0.103673   0.119887   0.138487    0.15978   0.184112    0.21186   0.243442   0.279316   0.319983   0.365992   0.417937   0.476465   0.542278   0.616128   0.698827   0.791248   0.894318   1.009028
         0   0.000399   0.000803   0.001216   0.001643   0.002092   0.002567   0.003078    0.00363   0.004236   0.004907   0.005654   0.006497   0.007453   0.008544   0.009795   0.011236   0.012904   0.014836    0.01708    0.01969   0.022728   0.026265   0.030381   0.035171   0.040739   0.047207   0.054711   0.063404   0.073461   0.085078   0.098474   0.113895   0.131615   0.151937   0.175204   0.201787   0.232102   0.266604   0.305793   0.350218   0.400476   0.457217   0.521149   0.593036   0.673702   0.764034   0.864982   0.977562   1.102856
         0   0.000467    0.00094   0.001422   0.001921   0.002442    0.00299   0.003577   0.004209   0.004898   0.005656   0.006497   0.007441   0.008505   0.009716   0.011098   0.012687   0.014519   0.016637   0.019091    0.02194   0.025252   0.029103    0.03358   0.038785   0.044832   0.051851   0.059992   0.069419   0.080322   0.092912   0.107427   0.124133   0.143327   0.165339   0.190535   0.219322   0.252149   0.289507   0.331938   0.380037    0.43445   0.495881   0.565095    0.64292   0.730249   0.828041   0.937326   1.059202   1.194841
         0   0.000547   0.001099   0.001663   0.002242   0.002845   0.003479   0.004151   0.004872   0.005653   0.006509   0.007453   0.008505   0.009687   0.011024   0.012546   0.014288   0.016289   0.018597   0.021266   0.024357   0.027943   0.032108   0.036945   0.042562   0.049083   0.056647   0.065414   0.075563   0.087296    0.10084   0.116451   0.134416   0.155052   0.178715   0.205798   0.236739   0.272016   0.312163   0.357759   0.409444   0.467911   0.533918   0.608286   0.691905   0.785734   0.890803   1.008218   1.139162   1.284893
         0    0.00064   0.001285   0.001941   0.002615   0.003313   0.004043   0.004814   0.005637   0.006522   0.007486   0.008544   0.009716   0.011024   0.012498   0.014168    0.01607   0.018247   0.020751   0.023639   0.026976    0.03084   0.035319   0.040516   0.046542   0.053532   0.061635   0.071019   0.081877   0.094423   0.108903   0.125588   0.144782   0.166827   0.192101   0.221025   0.254064   0.291733   0.334597   0.383277   0.438453    0.50087   0.571333   0.650719   0.739979   0.840136   0.952289    1.07762   1.217391   1.372944
         0   0.000748   0.001501   0.002267    0.00305   0.003858   0.004699   0.005584   0.006522   0.007526   0.008611   0.009795   0.011098   0.012546   0.014168   0.015995   0.018067   0.020431   0.023138    0.02625   0.029839   0.033984   0.038781   0.044336   0.050771   0.058226    0.06686   0.076853   0.088407   0.101753   0.117148   0.134882   0.155277   0.178696   0.205541   0.236258   0.271341   0.311336   0.356843   0.408522   0.467095    0.53335   0.608142   0.692407   0.787147   0.893452   1.012489   1.145511   1.293855   1.458949
         0   0.000874   0.001754   0.002646   0.003557   0.004494   0.005464   0.006479   0.007549   0.008688   0.009911   0.011236   0.012687   0.014288    0.01607   0.018067   0.020321   0.022881   0.025801   0.029147   0.032993   0.037426   0.042543   0.048458   0.055302    0.06322    0.07238   0.082973   0.095213   0.109342   0.125632   0.144391   0.165958   0.190717   0.219091   0.251551   0.288622   0.330877   0.378951   0.433541    0.49541   0.565388   0.644383   0.733377   0.833433     0.9457    1.07141   1.211887   1.368545   1.542887
         0   0.001022   0.002051   0.003091    0.00415   0.005236   0.006357   0.007522   0.008745   0.010038   0.011418   0.012904   0.014519   0.016289   0.018247   0.020431   0.022881   0.025649   0.028794   0.032384   0.036497   0.041224   0.046667   0.052947   0.060199   0.068578   0.078261   0.089447   0.102361   0.117259   0.134427   0.154186   0.176897   0.202958   0.232819   0.266975   0.305973   0.350421   0.400984   0.458395   0.523456   0.597041   0.680104   0.773676   0.878877   0.996913   1.129081   1.276772   1.441472   1.624763
         0   0.001196   0.002398   0.003612   0.004845   0.006105     0.0074    0.00874   0.010139   0.011609   0.013168   0.014836   0.016637   0.018597   0.020751   0.023138   0.025801   0.028794   0.032179   0.036026   0.040417   0.045446   0.051224   0.057873   0.065538   0.074379   0.084581   0.096354   0.109933   0.125587   0.143613    0.16435   0.188173   0.215505    0.24681   0.282609   0.323478   0.370048   0.423022   0.483162    0.55131   0.628382   0.715375   0.813372   0.923542   1.047151   1.185555   1.340212   1.512677   1.704607
         0     0.0014   0.002805   0.004222   0.005659   0.007121   0.008619   0.010164   0.011765    0.01344   0.015205    0.01708   0.019091   0.021266   0.023639    0.02625   0.029147   0.032384   0.036026   0.040145   0.044829   0.050174   0.056296   0.063323   0.071404   0.080709    0.09143   0.103786   0.118022   0.134418   0.153287   0.174979   0.199889   0.228453   0.261162   0.298555   0.341234    0.38986   0.445161   0.507938   0.579067   0.659504   0.750289   0.852552   0.967515   1.096496    1.24091    1.40228   1.582227   1.782482
         0   0.001638   0.003281   0.004937   0.006612   0.008312   0.010047   0.011827   0.013665   0.015576   0.017578    0.01969    0.02194   0.024357   0.026976   0.029839   0.032993   0.036497   0.040417   0.044829   0.049822   0.055499   0.061977   0.069392   0.077898   0.087673   0.098914   0.111851   0.126738   0.143866   0.163562   0.186189   0.212158   0.241922   0.275992    0.31493    0.35936   0.409971   0.467521   0.532842   0.606844   0.690523   0.784961   0.891331   1.010905   1.145054   1.295251   1.463077    1.65022   1.858479
         0   0.001917    0.00384   0.005775   0.007726   0.009703   0.011715    0.01377   0.015883   0.018068   0.020342   0.022728   0.025252   0.027943    0.03084   0.033984   0.037426   0.041224   0.045446   0.050174   0.055499   0.061525   0.068378   0.076196   0.085138   0.095389   0.107156   0.120673   0.136208   0.154061    0.17457   0.198113   0.225114   0.256047   0.291439   0.331873   0.377997   0.430525   0.490243   0.558014   0.634782    0.72158   0.819529   0.929846    1.05385   1.192963   1.348712   1.522736   1.716786   1.932726
         0   0.002244   0.004494   0.006754   0.009031   0.011332   0.013665   0.016041   0.018472   0.020974   0.023564   0.026265   0.029103   0.032108   0.035319   0.038781   0.042543   0.046667   0.051224   0.056296   0.061977   0.068378   0.075625   0.083862   0.093256   0.103995   0.116295   0.130397   0.146579   0.165152   0.186462   0.210904   0.238916   0.270987   0.307662   0.349546   0.397307   0.451684   0.513491    0.58362   0.663047   0.752841    0.85416   0.968265   1.096518   1.240389   1.401458   1.581421   1.782088   2.005386
         0   0.002627   0.005257   0.007898   0.010555   0.013234   0.015943   0.018691   0.021494   0.024362   0.027318   0.030381    0.03358   0.036945   0.040516   0.044336   0.048458   0.052947   0.057873   0.063323   0.069392   0.076196   0.083862   0.092543   0.102407    0.11365   0.126493   0.141188    0.15802   0.177309   0.199414   0.224741   0.253743   0.286924   0.324847   0.368134   0.417479    0.47364   0.537458   0.609854   0.691836   0.784503   0.889053   1.006786   1.139106   1.287531   1.453691   1.639334   1.846326   2.076658
         0   0.003073    0.00615   0.009236   0.012334   0.015453   0.018599   0.021782   0.025014    0.02831   0.031689   0.035171   0.038785   0.042562   0.046542   0.050771   0.055302   0.060199   0.065538   0.071404   0.077898   0.085138   0.093256   0.102407   0.112765   0.124533   0.137936   0.153236   0.170724   0.190731   0.213627   0.239829   0.269803   0.304069   0.343207   0.387857   0.438732   0.496614   0.562368   0.636942   0.721374   0.816795   0.924438   1.045642   1.181851   1.334627   1.505648   1.696713   1.909743   2.146785
         0   0.003593    0.00719   0.010794   0.014408    0.01804   0.021695   0.025383   0.029115   0.032905   0.036773   0.040739   0.044832   0.049083   0.053532   0.058226    0.06322   0.068578   0.074379   0.080709   0.087673   0.095389   0.103995    0.11365   0.124533    0.13685   0.150835   0.166756   0.184912   0.205643    0.22933     0.2564   0.287334   0.322664   0.362987   0.408961   0.461316    0.52086   0.588478   0.665145   0.751925   0.849984   0.960585   1.085103   1.225024    1.38195   1.557606   1.753837    1.97262   2.216053
         0     0.0042   0.008401   0.012608   0.016822    0.02105   0.025296   0.029571   0.033883   0.038247   0.042681   0.047207   0.051851   0.056647   0.061635    0.06686    0.07238   0.078261   0.084581    0.09143   0.098914   0.107156   0.116295   0.126493   0.137936   0.150835   0.165431   0.181994   0.200835   0.222302   0.246784   0.274721   0.306605   0.342983   0.384466   0.431728    0.48552   0.546667   0.616081   0.694757   0.783789    0.88437   0.997798    1.12548    1.26894    1.42982   1.609886   1.811034   2.035286   2.284796
         0   0.004903   0.009808   0.014716   0.019628   0.024548   0.029482   0.034436    0.03942   0.044449   0.049539   0.054711   0.059992   0.065414   0.071019   0.076853   0.082973   0.089447   0.096354   0.103786   0.111851   0.120673   0.130397   0.141188   0.153236   0.166756   0.181994    0.19923    0.21878   0.240998   0.266287   0.295095   0.327926   0.365339    0.40796   0.456481   0.511669   0.574368   0.645511   0.726118   0.817309   0.920303   1.036429   1.167127   1.313956   1.478597   1.662858   1.868675    2.09812   2.353395
         0   0.005721   0.011442   0.017162   0.022883   0.028607   0.034337   0.040079   0.045842    0.05164   0.057486   0.063404   0.069419   0.075563   0.081877   0.088407   0.095213   0.102361   0.109933   0.118022   0.126738   0.136208   0.146579    0.15802   0.170724   0.184912   0.200835    0.21878   0.239067   0.262062   0.288174   0.317863   0.351641   0.390084   0.433828   0.483583   0.540129   0.604333   0.677146   0.759612   0.852873   0.958175   1.076876   1.210448   1.360483   1.528697   1.716939   1.927186   2.161553    2.42229
         0   0.006669   0.013335   0.019996   0.026654   0.033307   0.039958   0.046613   0.053276   0.059962   0.066684   0.073461   0.080322   0.087296   0.094423   0.101753   0.109342   0.117259   0.125587   0.134418   0.143866   0.154061   0.165152   0.177309   0.190731   0.205643   0.222302   0.240998   0.262062   0.285865   0.312825    0.34341   0.378146   0.417618   0.462477   0.513444   0.571321   0.636988   0.711417   0.795672   0.890919    0.99843   1.119589   1.255898   1.408981   1.580589   1.772605   1.987048   2.226073   2.491978
         0   0.007763   0.015523   0.023274   0.031013   0.038741   0.046457   0.054165   0.061868   0.069578   0.077309   0.085078   0.092912    0.10084   0.108903   0.117148   0.125632   0.134427   0.143613   0.153287   0.163562    0.17457   0.186462   0.199414   0.213627    0.22933   0.246784   0.266287   0.288174   0.312825   0.340664   0.372172    0.40788   0.448389   0.494359   0.546529   0.605712   0.672806   0.748802   0.834785   0.931942   1.041568   1.165075   1.303991    1.45997   1.634797   1.830389   2.048802   2.292231   2.563015
         0   0.009028   0.018048   0.027055   0.036045   0.045012   0.053956   0.062878    0.07178   0.080672   0.089564   0.098474   0.107427   0.116451   0.125588   0.134882   0.144391   0.154186    0.16435   0.174979   0.186189   0.198113   0.210904   0.224741   0.239829     0.2564   0.274721   0.295095   0.317863    0.34341   0.372172   0.404634   0.441341     0.4829   0.529988   0.583354   0.643826   0.712321   0.789843   0.877498   0.976494    1.08815     1.2139     1.3553   1.514033   1.691912   1.890889   2.113054   2.360642   2.636029
         0   0.010484   0.020957   0.031411   0.041841   0.052236   0.062593   0.072913   0.083195   0.093444   0.103673   0.113895   0.124133   0.134416   0.144782   0.155277   0.165958   0.176897   0.188173   0.199889   0.212158   0.225114   0.238916   0.253743   0.269803   0.287334   0.306605   0.327926   0.351641   0.378146    0.40788   0.441341   0.479079   0.521715   0.569934   0.624499   0.686253   0.756127   0.835142   0.924422   1.025197   1.138803     1.2667   1.410468   1.571818   1.752592   1.954773   2.180484   2.431993   2.711716
         0   0.012157   0.024301    0.03642   0.048503    0.06054   0.072524   0.084449   0.096315   0.108126   0.119887   0.131615   0.143327   0.155052   0.166827   0.178696   0.190717   0.202958   0.215505   0.228453   0.241922   0.256047   0.270987   0.286924   0.304069   0.322664   0.342983   0.365339   0.390084   0.417618   0.448389     0.4829   0.521715    0.56546   0.614834   0.670611   0.733647   0.804889   0.885372   0.976239   1.078736   1.194223    1.32418   1.470211   1.634051   1.817572   2.022784   2.251842   2.507048   2.790853
         0   0.014078   0.028139   0.042168   0.056149   0.070068   0.083916   0.097684   0.111367   0.124966   0.138487   0.151937   0.165339   0.178715   0.192101   0.205541   0.219091   0.232819    0.24681   0.261162   0.275992   0.291439   0.307662   0.324847   0.343207   0.362987   0.384466    0.40796   0.433828   0.462477   0.494359   0.529988   0.569934   0.614834   0.665397   0.722409   0.786739   0.859345   0.941282   1.033706   1.137881   1.255187   1.387124   1.535321   1.701534   1.887663   2.095744   2.327963   2.586652   2.874295
         0   0.016278   0.032534    0.04875   0.064904   0.080979   0.096962   0.112839   0.128602   0.144249    0.15978   0.175204   0.190535   0.205798   0.221025   0.236258   0.251551   0.266975   0.282609   0.298555    0.31493   0.331873   0.349546   0.368134   0.387857   0.408961   0.431728   0.456481   0.483583   0.513444   0.546529   0.583354   0.624499   0.670611   0.722409   0.780689   0.846334   0.920313   1.003698   1.097658   1.203477   1.322551   1.456401   1.606675   1.775156   1.963764   2.174564   2.409768   2.671738    2.96299
         0   0.018792   0.037557   0.056272    0.07491    0.09345   0.111871   0.130158   0.148298   0.166283   0.184112   0.201787   0.219322   0.236739   0.254064   0.271341   0.288622   0.305973   0.323478   0.341234    0.35936   0.377997   0.397307   0.417479   0.438732   0.461316    0.48552   0.511669   0.540129   0.571321   0.605712   0.643826   0.686253   0.733647   0.786739   0.846334   0.913326   0.988699   1.073536   1.169025   1.276462   1.397263   1.532968   1.685244   1.855895   2.046866   2.260245   2.498271   2.763333   3.057977
         0    0.02166   0.043288   0.064853   0.086324   0.107673   0.128876   0.149912   0.170761   0.191413    0.21186   0.232102   0.252149   0.272016   0.291733   0.311336   0.330877   0.350421   0.370048    0.38986   0.409971   0.430525   0.451684    0.47364   0.496614    0.52086   0.546667   0.574368   0.604333   0.636988   0.672806   0.712321   0.756127   0.804889   0.859345   0.920313   0.988699   1.065498   1.151806   1.248825   1.357868   1.480367   1.617879   1.772092    1.94483   2.138058   2.353889   2.594586   2.862566   3.160399
         0   0.024925   0.049811    0.07462   0.099316   0.123865   0.148235   0.172398    0.19633   0.220015   0.243442   0.266604   0.289507   0.312163   0.334597   0.356843   0.378951   0.400984   0.423022   0.445161   0.467521   0.490243   0.513491   0.537458   0.562368   0.588478   0.616081   0.645511   0.677146   0.711417   0.748802   0.789843   0.835142   0.885372   0.941282   1.003698   1.073536   1.151806   1.239615    1.33818   1.448828   1.573008   1.712293    1.86839   2.043141   2.238534   2.456702   2.699934   2.970668   3.271501
         0   0.028634   0.057221   0.085716   0.114076   0.142258   0.170225    0.19794   0.225375   0.252507   0.279316   0.305793   0.331938   0.357759   0.383277   0.408522   0.433541   0.458395   0.483162   0.507938   0.532842   0.558014    0.58362   0.609854   0.636942   0.665145   0.694757   0.726118   0.759612   0.795672   0.834785   0.877498   0.924422   0.976239   1.033706   1.097658   1.169025   1.248825    1.33818   1.438319   1.550585   1.676441   1.817477   1.975417   2.152122     2.3496   2.570005   2.815646   3.088985   3.392647
         0   0.032839   0.065623   0.098298    0.13081   0.163112   0.195155   0.226898   0.258304    0.28934   0.319983   0.350218   0.380037   0.409444   0.438453   0.467095    0.49541   0.523456    0.55131   0.579067   0.606844   0.634782   0.663047   0.691836   0.721374   0.751925   0.783789   0.817309   0.852873   0.890919   0.931942   0.976494   1.025197   1.078736   1.137881   1.203477   1.276462   1.357868   1.448828   1.550585   1.664495   1.792036   1.934814    2.09457   2.273184    2.47268   2.695233   2.943173   3.218987   3.525317
         0   0.037596   0.075128   0.112531   0.149744   0.186706   0.223362   0.259661   0.295558   0.331012   0.365992   0.400476    0.43445   0.467911    0.50087    0.53335   0.565388   0.597041   0.628382   0.659504   0.690523    0.72158   0.752841   0.784503   0.816795   0.849984    0.88437   0.920303   0.958175    0.99843   1.041568    1.08815   1.138803   1.194223   1.255187   1.322551   1.397263   1.480367   1.573008   1.676441   1.792036   1.921285   2.065812   2.227372    2.40786   2.609323   2.833951   3.084096   3.362263    3.67112
         0   0.042968   0.085861   0.128603   0.171121   0.213345   0.255209   0.296652   0.337619   0.378061   0.417937   0.457217   0.495881   0.533918   0.571333   0.608142   0.644383   0.680104   0.715375   0.750289   0.784961   0.819529    0.85416   0.889053   0.924438   0.960585   0.997798   1.036429   1.076876   1.119589   1.165075     1.2139     1.2667    1.32418   1.387124   1.456401   1.532968   1.617879   1.712293   1.817477   1.934814   2.065812   2.212107   2.375471   2.557817   2.761208   2.987853   3.240121   3.520539   3.831795
         0   0.049022   0.097955   0.146713   0.195209   0.243362   0.291094   0.338334   0.385013   0.431074   0.476465   0.521149   0.565095   0.608286   0.650719   0.692407   0.733377   0.773676   0.813372   0.852552   0.891331   0.929846   0.968265   1.006786   1.045642   1.085103    1.12548   1.167127   1.210448   1.255898   1.303991     1.3553   1.410468   1.470211   1.535321   1.606675   1.685244   1.772092    1.86839   1.975417    2.09457   2.227372   2.375471   2.540657   2.724859   2.930154   3.158772   3.413099    3.69568   4.009224
         0   0.055828   0.111554   0.167076   0.222295   0.277116   0.331447   0.385203   0.438306   0.490684   0.542278   0.593036    0.64292   0.691905   0.739979   0.787147   0.833433   0.878877   0.923542   0.967515   1.010905    1.05385   1.096518   1.139106   1.181851   1.225024    1.26894   1.313956   1.360483   1.408981    1.45997   1.514033   1.571818   1.634051   1.701534   1.775156   1.855895    1.94483   2.043141   2.152122   2.273184    2.40786   2.557817   2.724859   2.910929   3.118122   3.348685    3.60502   3.889692    4.20543
         0   0.063467   0.126815   0.189928   0.252692   0.314994   0.376729   0.437798   0.498108   0.557575   0.616128   0.673702   0.730249   0.785734   0.840136   0.893452     0.9457   0.996913   1.047151   1.096496   1.145054   1.192963   1.240389   1.287531   1.334627    1.38195    1.42982   1.478597   1.528697   1.580589   1.634797   1.691912   1.752592   1.817572   1.887663   1.963764   2.046866   2.138058   2.238534     2.3496    2.47268   2.609323   2.761208   2.930154   3.118122   3.327222   3.559716   3.818027   4.104736   4.422586
         0   0.072021   0.143905    0.21552   0.286731   0.357412   0.427438   0.496696   0.565077   0.632483   0.698827   0.764034   0.828041   0.890803   0.952289   1.012489    1.07141   1.129081   1.185555    1.24091   1.295251   1.348712   1.401458   1.453691   1.505648   1.557606   1.609886   1.662858   1.716939   1.772605   1.830389   1.890889   1.954773   2.022784   2.095744   2.174564   2.260245   2.353889   2.456702   2.570005   2.695233   2.833951   2.987853   3.158772   3.348685   3.559716   3.794148   4.054417   4.343121   4.663025
         0    0.08158   0.163006    0.24412   0.324772   0.404816   0.484109   0.562518   0.639919   0.716196   0.791248   0.864982   0.937326   1.008218    1.07762   1.145511   1.211887   1.276772   1.340212    1.40228   1.463077   1.522736   1.581421   1.639334   1.696713   1.753837   1.811034   1.868675   1.927186   1.987048   2.048802   2.113054   2.180484   2.251842   2.327963   2.409768   2.498271   2.594586   2.699934   2.815646   2.943173   3.084096   3.240121   3.413099    3.60502   3.818027   4.054417   4.316642   4.607321   4.929231
         0   0.092242   0.184307   0.276016   0.367197   0.457684   0.547311   0.635926   0.723387   0.809556   0.894318   0.977562   1.059202   1.139162   1.217391   1.293855   1.368545   1.441472   1.512677   1.582227    1.65022   1.716786   1.782088   1.846326   1.909743    1.97262   2.035286    2.09812   2.161553   2.226073   2.292231   2.360642   2.431993   2.507048   2.586652   2.671738   2.763333   2.862566   2.970668   3.088985   3.218987   3.362263   3.520539    3.69568   3.889692   4.104736   4.343121   4.607321   4.899966   5.223855
         0   0.104108   0.208013   0.311515   0.414415   0.516523   0.617652   0.717627    0.81628   0.913461   1.009028   1.102856   1.194841   1.284893   1.372944   1.458949   1.542887   1.624763   1.704607   1.782482   1.858479   1.932726   2.005386   2.076658   2.146785   2.216053   2.284796   2.353395    2.42229   2.491978   2.563015   2.636029   2.711716   2.790853   2.874295    2.96299   3.057977   3.160399   3.271501   3.392647   3.525317    3.67112   3.831795   4.009224    4.20543   4.422586   4.663025   4.929231   5.223855   5.549712