         0          0          0          0          0          0          0          0          0          0          0          0          0          0          0          0          0          0          0          0          0          0          0          0          0          0          0          0          0          0          0          0          0          0          0          0          0          0          0          0          0          0          0          0          0          0          0          0          0          0
         0      9e-06    1.8e-05    2.8e-05    3.8e-05    4.9e-05    6.2e-05    7.6e-05    9.2e-05   0.000111   0.000133   0.000159   0.000189   0.000224   0.000267   0.000318   0.000379   0.000453    0.00054   0.000645   0.000771   0.000921   0.001099   0.001313   0.001567   0.001868   0.002225   0.002648   0.003147   0.003734   0.004425   0.005236   0.006184   0.007292   0.008584   0.010086   0.011827   0.013844   0.016173   0.018855   0.021941    0.02548    0.02953   0.034153   0.039422   0.045409   0.052199   0.059881   0.068552   0.078319
         0    1.8e-05    3.7e-05    5.6e-05    7.8e-05     0.0001   0.000125   0.000154   0.000186   0.000223   0.000267   0.000318   0.000379   0.000451   0.000536   0.000639   0.000761   0.000908   0.001083   0.001292   0.001543   0.001843   0.002201   0.002627   0.003134   0.003736    0.00445   0.005294    0.00629   0.007465   0.008845   0.010465    0.01236   0.014573   0.017153   0.020153   0.023633   0.027661   0.032313   0.037674   0.043836   0.050906   0.058995   0.068234   0.078757   0.090718   0.104282   0.119629   0.136952   0.156462
         0    2.8e-05    5.6e-05    8.7e-05   0.000119   0.000153   0.000192   0.000235   0.000284    0.00034   0.000406   0.000483   0.000574   0.000682   0.000811   0.000965   0.001148   0.001368   0.001631   0.001945   0.002321    0.00277   0.003306   0.003944   0.004703   0.005605   0.006673   0.007938    0.00943   0.011188   0.013255    0.01568   0.018518   0.021831   0.025694   0.030185   0.035394   0.041425   0.048391   0.056416   0.065643   0.076226   0.088339   0.102168   0.117923    0.13583   0.156138   0.179113   0.205048   0.234257
         0    3.8e-05    7.8e-05   0.000119   0.000162   0.000209   0.000261    0.00032   0.000385   0.000462   0.000551   0.000654   0.000777   0.000921   0.001093   0.001298   0.001543   0.001835   0.002186   0.002605   0.003105   0.003704   0.004416   0.005266   0.006277   0.007476   0.008897   0.010579   0.012564   0.014902    0.01765   0.020875   0.024649   0.029057   0.034192   0.040165   0.047093   0.055112   0.064374   0.075047   0.087316   0.101389   0.117496   0.135886   0.156837   0.180649   0.207652   0.238203   0.272691   0.311532
         0    4.9e-05     0.0001   0.000153   0.000209    0.00027   0.000336   0.000411   0.000495   0.000592   0.000704   0.000834   0.000989    0.00117   0.001386   0.001643   0.001949   0.002315   0.002752   0.003276     0.0039   0.004646   0.005536   0.006595   0.007855    0.00935   0.011122   0.013217    0.01569   0.018604   0.022029   0.026046   0.030747   0.036238   0.042638   0.050077   0.058708   0.068698   0.080237   0.093531   0.108814   0.126347    0.14641   0.169319   0.195417    0.22508   0.258718   0.296776   0.339737   0.388121
         0    6.2e-05   0.000125   0.000192   0.000261   0.000336   0.000418   0.000511   0.000614   0.000732   0.000868   0.001027   0.001213   0.001432   0.001693   0.002002   0.002371    0.00281   0.003334   0.003962    0.00471   0.005603   0.006668   0.007936   0.009442    0.01123   0.013348   0.015854    0.01881   0.022293   0.026387   0.031188   0.036806    0.04337   0.051016   0.059907   0.070222   0.082161   0.095948   0.111835     0.1301    0.15105   0.175025   0.202401   0.233587   0.269034   0.309231   0.354709   0.406046   0.463863
         0    7.6e-05   0.000154   0.000235    0.00032   0.000411   0.000511    0.00062   0.000744   0.000886   0.001048   0.001236   0.001455   0.001713   0.002018   0.002381   0.002811   0.003324   0.003937   0.004668   0.005539   0.006578   0.007817    0.00929   0.011042    0.01312    0.01558   0.018491   0.021925    0.02597   0.030723   0.036299   0.042823   0.050443   0.059321   0.069644   0.081619    0.09548   0.111486    0.12993   0.151135   0.175456    0.20329   0.235071   0.271276   0.312427   0.359091   0.411888   0.471485   0.538605
         0    9.2e-05   0.000186   0.000284   0.000385   0.000495   0.000614   0.000744    0.00089   0.001056   0.001245   0.001464   0.001718   0.002017   0.002368   0.002784   0.003278   0.003866   0.004565   0.005399   0.006393   0.007578   0.008989   0.010666    0.01266   0.015024   0.017824   0.021133   0.025038   0.029636   0.035039   0.041377   0.048794   0.057454   0.067545   0.079277   0.092886   0.108638   0.126829   0.147789   0.171886   0.199525   0.231156   0.267272   0.308415   0.355178   0.408207   0.468204   0.535929   0.612203
         0   0.000111   0.000223    0.00034   0.000462   0.000592   0.000732   0.000886   0.001056   0.001248   0.001467   0.001717   0.002009   0.002349   0.002748   0.003219   0.003777    0.00444   0.005227   0.006164    0.00728    0.00861   0.010191   0.012071   0.014303   0.016949   0.020083   0.023785   0.028153   0.033296   0.039339   0.046427   0.054718   0.064402   0.075684   0.088799   0.104014   0.121623   0.141959    0.16539   0.192327   0.223223   0.258581   0.298952   0.344943   0.397215   0.456492   0.523558   0.599262   0.684522
         0   0.000133   0.000267   0.000406   0.000551   0.000704   0.000868   0.001048   0.001245   0.001467   0.001717   0.002003   0.002333   0.002717   0.003165   0.003693   0.004316   0.005055    0.00593   0.006971    0.00821   0.009683   0.011432   0.013513    0.01598   0.018905   0.022366   0.026455   0.031279   0.036957   0.043628    0.05145   0.060601   0.071286   0.083736   0.098208   0.114995   0.134425    0.15686   0.182712   0.212431   0.246518   0.285527   0.330066   0.380804   0.438474    0.50387   0.577858   0.661378   0.755439
         0   0.000159   0.000318   0.000483   0.000654   0.000834   0.001027   0.001236   0.001464   0.001717   0.002003   0.002327   0.002698   0.003129   0.003629   0.004216   0.004907   0.005722   0.006687   0.007832   0.009193   0.010808   0.012726   0.015003   0.017703   0.020903   0.024687   0.029156   0.034425   0.040628   0.047914   0.056454   0.066448   0.078113   0.091705   0.107503   0.125828   0.147036   0.171527   0.199744   0.232181   0.269386   0.311963   0.360576   0.415955   0.478898   0.550273   0.631027   0.722181   0.824842
         0   0.000189   0.000379   0.000574   0.000777   0.000989   0.001213   0.001455   0.001718   0.002009   0.002333   0.002698   0.003115   0.003595   0.004151   0.004799   0.005558   0.006453   0.007509    0.00876   0.010242      0.012   0.014085   0.016558   0.019487   0.022956   0.027058     0.0319   0.037607   0.044322   0.052209   0.061454   0.072268   0.084892   0.099597    0.11669   0.136516   0.159459   0.185953   0.216477   0.251566   0.291812   0.337867   0.390452   0.450354   0.518438   0.595644   0.682993   0.781592   0.892636
         0   0.000224   0.000451   0.000682   0.000921    0.00117   0.001432   0.001713   0.002017   0.002349   0.002717   0.003129   0.003595   0.004128   0.004742   0.005455   0.006287   0.007264   0.008413    0.00977   0.011375   0.013276   0.015527   0.018193   0.021351   0.025085   0.029497   0.034705   0.040841   0.048058   0.056531   0.066462   0.078078   0.091634   0.107425   0.125779   0.147065   0.171698   0.200142   0.232911    0.27058   0.313784   0.363223   0.419672   0.483975    0.55706   0.639936     0.7337   0.839541   0.958739
         0   0.000267   0.000536   0.000811   0.001093   0.001386   0.001693   0.002018   0.002368   0.002748   0.003165   0.003629   0.004151   0.004742    0.00542   0.006201    0.00711   0.008172   0.009417   0.010884   0.012613   0.014657   0.017073   0.019933   0.023313    0.02731   0.032028   0.037594   0.044148   0.051855   0.060902   0.071502   0.083896   0.098361   0.115208   0.134787   0.157492   0.183766   0.214103   0.249052   0.289225   0.335301   0.388027   0.448225   0.516799   0.594737   0.683116   0.783106   0.895973   1.023086
         0   0.000318   0.000639   0.000965   0.001298   0.001643   0.002002   0.002381   0.002784   0.003219   0.003693   0.004216   0.004799   0.005455   0.006201   0.007058   0.008049     0.0092   0.010545   0.012123   0.013979   0.016167    0.01875   0.021801   0.025404   0.029659   0.034679   0.040595   0.047558   0.055743   0.065348   0.076597   0.089751   0.105097   0.122969   0.143736   0.167819   0.195682   0.227854   0.264915   0.307515   0.356372    0.41228    0.47611    0.54882   0.631458   0.725165   0.831184   0.950853   1.085627
         0   0.000379   0.000761   0.001148   0.001543   0.001949   0.002371   0.002811   0.003278   0.003777   0.004316   0.004907   0.005558   0.006287    0.00711   0.008049   0.009126   0.010372   0.011822   0.013516   0.015502   0.017837   0.020588    0.02383   0.027654   0.032164    0.03748    0.04374   0.051104   0.059756   0.069904   0.081786   0.095675   0.111877   0.130741    0.15266   0.178074   0.207476   0.241423   0.280526   0.325472   0.377017   0.435999   0.503338   0.580044   0.667223   0.766078   0.877918   1.004161   1.146336
         0   0.000453   0.000908   0.001368   0.001835   0.002315    0.00281   0.003324   0.003866    0.00444   0.005055   0.005722   0.006453   0.007264   0.008172     0.0092   0.010372    0.01172   0.013281   0.015096   0.017216   0.019703   0.022623   0.026057   0.030102   0.034865   0.040473   0.047071   0.054828   0.063933    0.07461   0.087107   0.101709    0.11874   0.138565   0.161596   0.188296   0.219186   0.254844   0.295918   0.343127   0.397265   0.459212   0.529934   0.610492   0.702047   0.805865   0.923317   1.055894   1.205201
         0    0.00054   0.001083   0.001631   0.002186   0.002752   0.003334   0.003937   0.004565   0.005227    0.00593   0.006687   0.007509   0.008413   0.009417   0.010545   0.011822   0.013281    0.01496   0.016903   0.019165   0.021805   0.024899   0.028529   0.032794   0.037809   0.043706   0.050637   0.058777   0.068328   0.079519   0.092612   0.107905   0.125738   0.146491   0.170596   0.198538   0.230859   0.268168   0.311139   0.360526   0.417159   0.481959   0.555936     0.6402   0.735965   0.844554   0.967404   1.106072   1.262237
         0   0.000645   0.001292   0.001945   0.002605   0.003276   0.003962   0.004668   0.005399   0.006164   0.006971   0.007832    0.00876    0.00977   0.010884   0.012123   0.013516   0.015096   0.016903   0.018984   0.021393   0.024196   0.027468   0.031296   0.035785   0.041052   0.047236   0.054494   0.063012   0.072997   0.084689   0.098361   0.114324   0.132932   0.154582   0.179722    0.20886   0.242559   0.281454    0.32625   0.377729   0.436759   0.504297   0.581399   0.669219   0.769023   0.882192    1.01022   1.154732   1.317476
         0   0.000771   0.001543   0.002321   0.003105     0.0039    0.00471   0.005539   0.006393    0.00728    0.00821   0.009193   0.010242   0.011375   0.012613   0.013979   0.015502   0.017216   0.019165   0.021393    0.02396   0.026934   0.030391   0.034423   0.039138   0.044659   0.051129   0.058714   0.067603   0.078013   0.090193   0.104428   0.121041   0.140397   0.162911   0.189049   0.219336    0.25436   0.294779   0.341324   0.394809   0.456137   0.526299   0.606395   0.697621   0.801294   0.918846   1.051832   1.201938    1.37098
         0   0.000921   0.001843    0.00277   0.003704   0.004646   0.005603   0.006578   0.007578    0.00861   0.009683   0.010808      0.012   0.013276   0.014657   0.016167   0.017837   0.019703   0.021805   0.024196   0.026934   0.030088   0.033739   0.037983   0.042931   0.048709   0.055467   0.063376   0.072631   0.083459   0.096117     0.1109   0.128141   0.148221   0.171569   0.198667   0.230059   0.266354   0.308232   0.356454   0.411861   0.475385   0.548058   0.631013   0.725496   0.832866   0.954606   1.092327   1.247776   1.422834
         0   0.001099   0.002201   0.003306   0.004416   0.005536   0.006668   0.007817   0.008989   0.010191   0.011432   0.012726   0.014085   0.015527   0.017073    0.01875   0.020588   0.022623   0.024899   0.027468   0.030391   0.033739   0.037597   0.042063   0.047252   0.053292   0.060342   0.068575   0.078195   0.089435   0.102561   0.117877   0.135731    0.15651   0.180662   0.208683   0.241136   0.278648   0.321925    0.37175   0.428992   0.494614   0.569683   0.655369   0.752957   0.863851   0.989583    1.13182    1.29236   1.473149
         0   0.001313   0.002627   0.003944   0.005266   0.006595   0.007936    0.00929   0.010666   0.012071   0.013513   0.015003   0.016558   0.018193   0.019933   0.021801    0.02383   0.026057   0.028529   0.031296   0.034423   0.037983   0.042063   0.046764   0.052203   0.058516   0.065863   0.074423   0.084407   0.096056   0.109643   0.125482   0.143929   0.165387   0.190313   0.219223   0.252694   0.291373   0.335988   0.387342   0.446336    0.51396   0.591312   0.679597    0.78014   0.894388   1.023919   1.170448    1.33583   1.522069
         0   0.001567   0.003134   0.004703   0.006277   0.007855   0.009442   0.011042    0.01266   0.014303    0.01598   0.017703   0.019487   0.021351   0.023313   0.025404   0.027654   0.030102   0.032794   0.035785   0.039138   0.042931   0.047252   0.052203   0.057907   0.064504   0.072155   0.081049   0.091401   0.103457   0.117499    0.13385   0.152877   0.174993    0.20067   0.230434   0.264882    0.30468   0.350572   0.403388   0.464051   0.533579   0.613102   0.703859   0.807209   0.924641   1.057779   1.208382   1.378359   1.569768
         0   0.001868   0.003736   0.005605   0.007476    0.00935    0.01123    0.01312   0.015024   0.016949   0.018905   0.020903   0.022956   0.025085    0.02731   0.029659   0.032164   0.034865   0.037809   0.041052   0.044659   0.048709   0.053292   0.058516   0.064504   0.071399   0.079369   0.088605    0.09933   0.111795   0.126291   0.143148   0.162743     0.1855   0.211902    0.24249   0.277877   0.318744   0.365857   0.420067   0.482317   0.553657   0.635242   0.728343   0.834356   0.954808   1.091361   1.245824   1.420151   1.616455
         0   0.002225    0.00445   0.006673   0.008897   0.011122   0.013348    0.01558   0.017824   0.020083   0.022366   0.024687   0.027058   0.029497   0.032028   0.034679    0.03748   0.040473   0.043706   0.047236   0.051129   0.055467   0.060342   0.065863   0.072155   0.079369   0.087673   0.097266   0.108372   0.121252   0.136203   0.153561   0.173715   0.197098   0.224205    0.25559   0.291879   0.333772   0.382051   0.437588   0.501349    0.57441   0.657949   0.753273   0.861807   0.985115   1.124899   1.283009   1.461447   1.662376
         0   0.002648   0.005294   0.007938   0.010579   0.013217   0.015854   0.018491   0.021133   0.023785   0.026455   0.029156     0.0319   0.034705   0.037594   0.040595    0.04374   0.047071   0.050637   0.054494   0.058714   0.063376   0.068575   0.074423   0.081049   0.088605   0.097266   0.107231   0.118733   0.132037   0.147447   0.165309   0.186015   0.210013   0.237807   0.269963   0.307122   0.349999   0.399393   0.456195   0.521395   0.596087   0.681479   0.778906   0.889823   1.015828   1.158662   1.320214   1.502528   1.707815
         0   0.003147    0.00629    0.00943   0.012564    0.01569    0.01881   0.021925   0.025038   0.028153   0.031279   0.034425   0.037607   0.040841   0.044148   0.047558   0.051104   0.054828   0.058777   0.063012   0.067603   0.072631   0.078195   0.084407   0.091401    0.09933   0.108372   0.118733   0.130649   0.144391    0.16027   0.178638   0.199897   0.224503   0.252968   0.285876   0.323876   0.367699    0.41816   0.476169   0.542735   0.618975   0.706123   0.805536   0.918704   1.047253   1.192961   1.357752   1.543717   1.753105
         0   0.003734   0.007465   0.011188   0.014902   0.018604   0.022293    0.02597   0.029636   0.033296   0.036957   0.040628   0.044322   0.048058   0.051855   0.055743   0.059756   0.063933   0.068328   0.072997   0.078013   0.083459   0.089435   0.096056   0.103457   0.111795   0.121252   0.132037   0.144391   0.158592   0.174954   0.193837   0.215652   0.240861   0.269991   0.303632   0.342448   0.387183   0.438668    0.49783   0.565695   0.643405   0.732213   0.833503   0.948793   1.079739    1.22815   1.395988   1.585381    1.79862
         0   0.004425   0.008845   0.013255    0.01765   0.022029   0.026387   0.030723   0.035039   0.039339   0.043628   0.047914   0.052209   0.056531   0.060902   0.065348   0.069904    0.07461   0.079519   0.084689   0.090193   0.096117   0.102561   0.109643   0.117499   0.126291   0.136203   0.147447    0.16027   0.174954   0.191819   0.211231   0.233611   0.259428   0.289217   0.323579   0.363191   0.408808   0.461279   0.521543   0.590648   0.669751   0.760131   0.863194   0.980484   1.113684   1.264636   1.435334   1.627941   1.844789
         0   0.005236   0.010465    0.01568   0.020875   0.026046   0.031188   0.036299   0.041377   0.046427    0.05145   0.056454   0.061454   0.066462   0.071502   0.076597   0.081786   0.087107   0.092612   0.098361   0.104428     0.1109   0.117877   0.125482    0.13385   0.143148   0.153561   0.165309   0.178638   0.193837   0.211231   0.231197   0.254155   0.280587   0.311036   0.346113   0.386505   0.432982   0.486403   0.547726   0.618014   0.698443   0.790311   0.895048   1.014219    1.14954   1.302876   1.476255   1.671874   1.892099
         0   0.006184    0.01236   0.018518   0.024649   0.030747   0.036806   0.042823   0.048794   0.054718   0.060601   0.066448   0.072268   0.078078   0.083896   0.089751   0.095675   0.101709   0.107905   0.114324   0.121041   0.128141   0.135731   0.143929   0.152877   0.162743   0.173715   0.186015   0.199897   0.215652   0.233611   0.254155   0.277713   0.304775   0.335891   0.371682   0.412845   0.460164   0.514509   0.576852   0.648272   0.729962   0.823243   0.929561   1.050506   1.187819    1.34339    1.51928   1.717714   1.941094
         0   0.007292   0.014573   0.021831   0.029057   0.036238    0.04337   0.050443   0.057454   0.064402   0.071286   0.078113   0.084892   0.091634   0.098361   0.105097   0.111877    0.11874   0.125738   0.132932   0.140397   0.148221    0.15651   0.165387   0.174993     0.1855   0.197098   0.210013   0.224503   0.240861   0.259428   0.280587   0.304775   0.332488   0.364285   0.400796   0.442729   0.490876   0.546123   0.609454   0.681963    0.76486    0.85948   0.967294   1.089912   1.229096   1.386764   1.565003   1.766066    1.99239
         0   0.008584   0.017153   0.025694   0.034192   0.042638   0.051016   0.059321   0.067545   0.075684   0.083736   0.091705   0.099597   0.107425   0.115208   0.122969   0.130741   0.138565   0.146491   0.154582   0.162911   0.171569   0.180662   0.190313    0.20067   0.211902   0.224205   0.237807   0.252968   0.269991   0.289217   0.311036   0.335891   0.364285   0.396786   0.434031   0.476738   0.525709   0.581842   0.646135   0.719695   0.803748   0.899647   1.008879   1.133075   1.274018   1.433652   1.614087   1.817605   2.046672
         0   0.010086   0.020153   0.030185   0.040165   0.050077   0.059907   0.069644   0.079277   0.088799   0.098208   0.107503    0.11669   0.125779   0.134787   0.143736    0.15266   0.161596   0.170596   0.179722   0.189049   0.198667   0.208683   0.219223   0.230434    0.24249    0.25559   0.269963   0.285876   0.303632   0.323579   0.346113   0.371682   0.400796   0.434031   0.472031   0.515525   0.565324   0.622337   0.687574   0.762156   0.847324   0.944445   1.055024   1.180712   1.323313    1.48479   1.667278   1.873088   2.104708
         0   0.011827   0.023633   0.035394   0.047093   0.058708   0.070222   0.081619   0.092886   0.104014   0.114995   0.125828   0.136516   0.147065   0.157492   0.167819   0.178074   0.188296   0.198538    0.20886   0.219336   0.230059   0.241136   0.252694   0.264882   0.277877   0.291879   0.307122   0.323876   0.342448   0.363191   0.386505   0.412845   0.442729   0.476738   0.515525   0.559826   0.610465    0.66836   0.734532   0.810114   0.896361   0.994657   1.106523   1.233625   1.377788   1.540997   1.725407   1.933352   2.167349
         0   0.013844   0.027661   0.041425   0.055112   0.068698   0.082161    0.09548   0.108638   0.121623   0.134425   0.147036   0.159459   0.171698   0.183766   0.195682   0.207476   0.219186   0.230859   0.242559    0.25436   0.266354   0.278648   0.291373    0.30468   0.318744   0.333772   0.349999   0.367699   0.387183   0.408808   0.432982   0.460164   0.490876   0.525709   0.565324   0.610465   0.661965    0.72075   0.787856   0.864426   0.951728   1.051161    1.16426   1.292709    1.43835   1.603187   1.789397   1.999336   2.235544
         0   0.016173   0.032313   0.048391   0.064374   0.080237   0.095948   0.111486   0.126829   0.141959    0.15686   0.171527   0.185953   0.200142   0.214103   0.227854   0.241423   0.254844   0.268168   0.281454   0.294779   0.308232   0.321925   0.335988   0.350572   0.365857   0.382051   0.399393    0.41816   0.438668   0.461279   0.486403   0.514509   0.546123   0.581842   0.622337    0.66836    0.72075   0.780447   0.848495   0.926049   1.014391   1.114931   1.229219   1.358957   1.506001   1.672375   1.860274   2.072076   2.310343
         0   0.018855   0.037674   0.056416   0.075047   0.093531   0.111835    0.12993   0.147789    0.16539   0.182712   0.199744   0.216477   0.232911   0.249052   0.264915   0.280526   0.295918   0.311139    0.32625   0.341324   0.356454    0.37175   0.387342   0.403388   0.420067   0.437588   0.456195   0.476169    0.49783   0.521543   0.547726   0.576852   0.609454   0.646135   0.687574   0.734532   0.787856   0.848495   0.917503   0.996049   1.085423    1.18705   1.302495   1.433472   1.581855   1.749684   1.939173   2.152718   2.392903
         0   0.021941   0.043836   0.065643   0.087316   0.108814     0.1301   0.151135   0.171886   0.192327   0.212431   0.232181   0.251566    0.27058   0.289225   0.307515   0.325472   0.343127   0.360526   0.377729   0.394809   0.411861   0.428992   0.446336   0.464051   0.482317   0.501349   0.521395   0.542735   0.565695   0.590648   0.618014   0.648272   0.681963   0.719695   0.762156   0.810114   0.864426   0.926049   0.996049   1.075602   1.166014    1.26872   1.385297   1.517475   1.667144   1.836358   2.027348    2.24253   2.484505
         0    0.02548   0.050906   0.076226   0.101389   0.126347    0.15105   0.175456   0.199525   0.223223   0.246518   0.269386   0.291812   0.313784   0.335301   0.356372   0.377017   0.397265   0.417159   0.436759   0.456137   0.475385   0.494614    0.51396   0.533579   0.553657    0.57441   0.596087   0.618975   0.643405   0.669751   0.698443   0.729962    0.76486   0.803748   0.847324   0.896361   0.951728   1.014391   1.085423   1.166014   1.257479   1.361264   1.478963   1.612315   1.763226   1.933765    2.12618   2.342903   2.586555
         0    0.02953   0.058995   0.088339   0.117496    0.14641   0.175025    0.20329   0.231156   0.258581   0.285527   0.311963   0.337867   0.363223   0.388027    0.41228   0.435999   0.459212   0.481959   0.504297   0.526299   0.548058   0.569683   0.591312   0.613102   0.635242   0.657949   0.681479   0.706123   0.732213   0.760131   0.790311   0.823243    0.85948   0.899647   0.944445   0.994657   1.051161   1.114931    1.18705    1.26872   1.361264   1.466144   1.584962   1.719473   1.871594   2.043412   2.237187   2.455369   2.700594
         0   0.034153   0.068234   0.102168   0.135886   0.169319   0.202401   0.235071   0.267272   0.298952   0.330066   0.360576   0.390452   0.419672   0.448225    0.47611   0.503338   0.529934   0.555936   0.581399   0.606395   0.631013   0.655369   0.679597   0.703859   0.728343   0.753273   0.778906   0.805536   0.833503   0.863194   0.895048   0.929561   0.967294   1.008879   1.055024   1.106523    1.16426   1.229219   1.302495   1.385297   1.478963   1.584962    1.70491   1.840576   1.993889   2.166948   2.362032   2.581602   2.828313
         0   0.039422   0.078757   0.117923   0.156837   0.195417   0.233587   0.271276   0.308415   0.344943   0.380804   0.415955   0.450354   0.483975   0.516799    0.54882   0.580044   0.610492     0.6402   0.669219   0.697621   0.725496   0.752957    0.78014   0.807209   0.834356   0.861807   0.889823   0.918704   0.948793   0.980484   1.014219   1.050506   1.089912   1.133075   1.180712   1.233625   1.292709   1.358957   1.433472   1.517475   1.612315   1.719473   1.840576   1.977405   2.131902    2.30618   2.502531   2.723432   2.971552
         0   0.045409   0.090718    0.13583   0.180649    0.22508   0.269034   0.312427   0.355178   0.397215   0.438474   0.478898   0.518438    0.55706   0.594737   0.631458   0.667223   0.702047   0.735965   0.769023   0.801294   0.832866   0.863851   0.894388   0.924641   0.954808   0.985115   1.015828   1.047253   1.079739   1.113684    1.14954   1.187819   1.229096   1.274018   1.323313   1.377788    1.43835   1.506001   1.581855   1.667144   1.763226   1.871594   1.993889   2.131902   2.287588   2.463075   2.660666   2.882854   3.132321
         0   0.052199   0.104282   0.156138   0.207652   0.258718   0.309231   0.359091   0.408207   0.456492    0.50387   0.550273   0.595644   0.639936   0.683116   0.725165   0.766078   0.805865   0.844554   0.882192   0.918846   0.954606   0.989583   1.023919   1.057779   1.091361   1.124899   1.158662   1.192961    1.22815   1.264636   1.302876    1.34339   1.386764   1.433652    1.48479   1.540997   1.603187   1.672375   1.749684   1.836358   1.933765   2.043412   2.166948    2.30618   2.463075   2.639771   2.838588    3.06203   3.312796
         0   0.059881   0.119629   0.179113   0.238203   0.296776   0.354709   0.411888   0.468204   0.523558   0.577858   0.631027   0.682993     0.7337   0.783106   0.831184   0.877918   0.923317   0.967404    1.01022   1.051832   1.092327    1.13182   1.170448   1.208382   1.245824   1.283009   1.320214   1.357752   1.395988   1.435334   1.476255    1.51928   1.565003   1.614087   1.667278   1.725407   1.789397   1.860274   1.939173   2.027348    2.12618   2.237187   2.362032   2.502531   2.660666   2.838588   3.038629   3.263307   3.515335
         0   0.068552   0.136952   0.205048   0.272691   0.339737   0.406046   0.471485   0.535929   0.599262   0.661378   0.722181   0.781592   0.839541   0.895973   0.950853   1.004161   1.055894   1.106072   1.154732   1.201938   1.247776    1.29236    1.33583   1.378359   1.420151   1.461447   1.502528   1.543717   1.585381   1.627941   1.671874   1.717714   1.766066   1.817605   1.873088   1.933352   1.999336   2.072076   2.152718    2.24253   2.342903   2.455369   2.581602   2.723432   2.882854    3.06203   3.263307   3.489217   3.742483
         0   0.078319   0.156462   0.234257   0.311532   0.388121   0.463863   0.538605   0.612203   0.684522   0.755439   0.824842   0.892636   0.958739   1.023086   1.085627   1.146336   1.205201   1.262237   1.317476    1.37098   1.422834   1.473149   1.522069   1.569768   1.616455   1.662376   1.707815   1.753105    1.79862   1.844789   1.892099   1.941094    1.99239   2.046672   2.104708   2.167349   2.235544   2.310343   2.392903   2.484505   2.586555   2.700594   2.828313   2.971552   3.132321   3.312796   3.515335   3.742483    3.99698