         0          0          0          0          0          0          0          0          0          0          0          0          0          0          0          0          0          0          0          0          0          0          0          0          0          0          0          0          0          0          0          0          0          0          0          0          0          0          0          0          0          0          0          0          0          0          0          0          0          0
         0      1e-06      1e-06      2e-06      2e-06      3e-06      4e-06      4e-06      4e-06      5e-06      5e-06      5e-06      6e-06      6e-06      6e-06      6e-06      6e-06      7e-06      8e-06      8e-06      8e-06      9e-06      1e-05    1.2e-05    1.4e-05    1.7e-05    2.1e-05    2.7e-05    3.5e-05    4.6e-05    5.9e-05    7.8e-05   0.000103   0.000136   0.000179   0.000235   0.000309   0.000404   0.000528   0.000687   0.000893   0.001154   0.001486   0.001909   0.002442   0.003112   0.003952   0.004998   0.006299   0.007908
         0      1e-06      2e-06      4e-06      5e-06      6e-06      7e-06      8e-06      9e-06      9e-06      1e-05    1.1e-05    1.1e-05    1.1e-05    1.3e-05    1.2e-05    1.3e-05    1.4e-05    1.4e-05    1.5e-05    1.6e-05    1.8e-05      2e-05    2.3e-05    2.8e-05    3.4e-05    4.2e-05    5.4e-05      7e-05    9.1e-05   0.000118   0.000155   0.000205   0.000271   0.000357   0.000469   0.000616   0.000808   0.001054   0.001373   0.001781   0.002303   0.002968    0.00381   0.004873   0.006211   0.007886   0.009975   0.012571   0.015783
         0      2e-06      4e-06      5e-06      8e-06      9e-06      1e-05    1.1e-05    1.3e-05    1.4e-05    1.5e-05    1.7e-05    1.7e-05    1.7e-05    1.8e-05    1.9e-05      2e-05      2e-05    2.2e-05    2.3e-05    2.4e-05    2.7e-05    3.1e-05    3.5e-05    4.1e-05    5.1e-05    6.4e-05      8e-05   0.000104   0.000135   0.000177   0.000233   0.000306   0.000405   0.000533   0.000701   0.000921   0.001206   0.001576   0.002052   0.002662   0.003442   0.004436   0.005695   0.007284   0.009284   0.011788   0.014911   0.018791   0.023591
         0      2e-06      5e-06      8e-06      1e-05    1.1e-05    1.3e-05    1.6e-05    1.7e-05    1.9e-05      2e-05    2.1e-05    2.2e-05    2.3e-05    2.4e-05    2.5e-05    2.6e-05    2.6e-05    2.8e-05      3e-05    3.1e-05    3.5e-05    3.9e-05    4.6e-05    5.5e-05    6.7e-05    8.4e-05   0.000107   0.000137   0.000179   0.000235   0.000308   0.000406   0.000537   0.000707   0.000931   0.001221   0.001601    0.00209   0.002722   0.003532   0.004568   0.005886   0.007557   0.009666   0.012318   0.015641   0.019785   0.024934   0.031303
         0      3e-06      6e-06      9e-06    1.1e-05    1.4e-05    1.7e-05    1.9e-05    2.1e-05    2.2e-05    2.4e-05    2.6e-05    2.8e-05    2.8e-05    2.9e-05      3e-05    3.2e-05    3.2e-05    3.4e-05    3.6e-05    3.9e-05    4.3e-05    4.9e-05    5.6e-05    6.8e-05    8.2e-05   0.000103   0.000132    0.00017   0.000222    0.00029   0.000383   0.000504   0.000665   0.000877   0.001155   0.001517   0.001988   0.002596   0.003381   0.004387   0.005673   0.007311   0.009386   0.012007   0.015303    0.01943   0.024579   0.030975   0.038888
         0      4e-06      7e-06      1e-05    1.3e-05    1.7e-05      2e-05    2.2e-05    2.5e-05    2.7e-05    2.9e-05    3.1e-05    3.2e-05    3.3e-05    3.5e-05    3.6e-05    3.7e-05    3.8e-05      4e-05    4.2e-05    4.6e-05      5e-05    5.7e-05    6.7e-05      8e-05    9.7e-05   0.000122   0.000156   0.000202   0.000263   0.000345   0.000455     0.0006   0.000792   0.001044   0.001375   0.001806   0.002367   0.003092   0.004025   0.005225   0.006756   0.008707   0.011178     0.0143   0.018225   0.023141   0.029273    0.03689   0.046314
         0      4e-06      8e-06    1.1e-05    1.6e-05    1.9e-05    2.2e-05    2.5e-05    2.7e-05    3.1e-05    3.2e-05    3.4e-05    3.6e-05    3.8e-05    3.9e-05      4e-05    4.1e-05    4.3e-05    4.5e-05    4.8e-05    5.2e-05    5.7e-05    6.5e-05    7.6e-05    9.1e-05   0.000112    0.00014   0.000179   0.000232   0.000303   0.000398   0.000525   0.000692   0.000915   0.001206   0.001589   0.002088   0.002736   0.003574   0.004654    0.00604   0.007812   0.010068   0.012926   0.016536   0.021075    0.02676    0.03385   0.042659   0.053558
         0      4e-06      9e-06    1.3e-05    1.7e-05    2.1e-05    2.5e-05    2.7e-05    3.1e-05    3.3e-05    3.6e-05    3.8e-05      4e-05    4.2e-05    4.3e-05    4.4e-05    4.6e-05    4.8e-05      5e-05    5.3e-05    5.8e-05    6.4e-05    7.2e-05    8.5e-05   0.000102   0.000126   0.000157   0.000201   0.000262   0.000341   0.000449   0.000592   0.000782   0.001033   0.001364   0.001797   0.002361   0.003094   0.004042   0.005264   0.006833   0.008837   0.011389   0.014622   0.018707   0.023842   0.030273   0.038296   0.048262   0.060593
         0      5e-06      9e-06    1.4e-05    1.9e-05    2.2e-05    2.7e-05    3.1e-05    3.3e-05    3.7e-05    3.9e-05    4.1e-05    4.4e-05    4.5e-05    4.6e-05    4.8e-05      5e-05    5.2e-05    5.5e-05    5.8e-05    6.3e-05      7e-05    7.9e-05    9.3e-05   0.000112   0.000137   0.000173   0.000222   0.000289   0.000378   0.000498   0.000657   0.000868   0.001147   0.001515   0.001996   0.002625    0.00344   0.004495   0.005855   0.007599   0.009828   0.012666   0.016264   0.020806   0.026518   0.033673   0.042595   0.053681   0.067395
         0      5e-06      1e-05    1.5e-05      2e-05    2.4e-05    2.9e-05    3.2e-05    3.6e-05    3.9e-05    4.2e-05    4.4e-05    4.6e-05    4.8e-05      5e-05    5.2e-05    5.4e-05    5.5e-05    5.8e-05    6.2e-05    6.7e-05    7.4e-05    8.5e-05     0.0001   0.000121   0.000149   0.000189   0.000242   0.000315   0.000414   0.000544    0.00072   0.000951   0.001258   0.001661   0.002189   0.002878   0.003772    0.00493   0.006421   0.008335   0.010782   0.013896   0.017844   0.022827   0.029095   0.036945   0.046736   0.058899   0.073947
         0      5e-06    1.1e-05    1.7e-05    2.1e-05    2.6e-05    3.1e-05    3.4e-05    3.8e-05    4.1e-05    4.4e-05    4.7e-05    4.9e-05    5.1e-05    5.3e-05    5.5e-05    5.6e-05    5.9e-05    6.2e-05    6.5e-05    7.1e-05    7.9e-05      9e-05   0.000107   0.000129   0.000161   0.000203   0.000261    0.00034   0.000446   0.000588   0.000778   0.001029   0.001362   0.001799   0.002373   0.003121   0.004092   0.005347   0.006966   0.009042   0.011696   0.015075   0.019359   0.024766   0.031566   0.040084   0.050708   0.063904   0.080233
         0      6e-06    1.1e-05    1.7e-05    2.2e-05    2.8e-05    3.2e-05    3.6e-05      4e-05    4.4e-05    4.6e-05    4.9e-05    5.2e-05    5.3e-05    5.5e-05    5.7e-05    5.8e-05    6.1e-05    6.4e-05    6.8e-05    7.4e-05    8.3e-05    9.5e-05   0.000113   0.000137    0.00017   0.000216   0.000279   0.000364   0.000478    0.00063   0.000834   0.001104   0.001462   0.001932   0.002548   0.003352   0.004395   0.005745   0.007485   0.009717    0.01257   0.016201   0.020805   0.026618   0.033927   0.043081     0.0545   0.068685   0.086235
         0      6e-06    1.1e-05    1.7e-05    2.3e-05    2.8e-05    3.3e-05    3.8e-05    4.2e-05    4.5e-05    4.8e-05    5.1e-05    5.3e-05    5.6e-05    5.7e-05    5.9e-05      6e-05    6.3e-05    6.7e-05    7.1e-05    7.7e-05    8.7e-05     0.0001   0.000118   0.000144   0.000179   0.000229   0.000295   0.000385   0.000507    0.00067   0.000887   0.001176   0.001557   0.002058   0.002715   0.003571   0.004685   0.006124   0.007979   0.010358   0.013401   0.017273   0.022181   0.028378   0.036172   0.045933   0.058107   0.073232   0.091944
         0      6e-06    1.3e-05    1.8e-05    2.4e-05    2.9e-05    3.5e-05    3.9e-05    4.3e-05    4.6e-05      5e-05    5.3e-05    5.5e-05    5.7e-05    5.9e-05      6e-05    6.3e-05    6.6e-05    6.9e-05    7.3e-05      8e-05      9e-05   0.000103   0.000124   0.000151   0.000188    0.00024    0.00031   0.000406   0.000534   0.000708   0.000938   0.001243   0.001647   0.002178   0.002873    0.00378   0.004959   0.006483   0.008446   0.010966   0.014187   0.018287   0.023484   0.030047   0.038299   0.048634   0.061525   0.077539   0.097353
         0      6e-06    1.2e-05    1.9e-05    2.5e-05      3e-05    3.6e-05      4e-05    4.4e-05    4.8e-05    5.2e-05    5.5e-05    5.7e-05    5.9e-05      6e-05    6.2e-05    6.5e-05    6.7e-05    7.1e-05    7.6e-05    8.3e-05    9.3e-05   0.000107   0.000128   0.000157   0.000196   0.000251   0.000325   0.000426   0.000561   0.000743   0.000986   0.001307   0.001731    0.00229   0.003022   0.003976   0.005217   0.006821   0.008888   0.011539   0.014929   0.019244   0.024714    0.03162   0.040305   0.051182   0.064749   0.081602   0.102455
         0      6e-06    1.3e-05      2e-05    2.6e-05    3.2e-05    3.7e-05    4.1e-05    4.6e-05      5e-05    5.4e-05    5.6e-05    5.8e-05      6e-05    6.3e-05    6.5e-05    6.7e-05    6.9e-05    7.4e-05    7.8e-05    8.6e-05    9.6e-05   0.000111   0.000133   0.000163   0.000205   0.000262   0.000339   0.000445   0.000587   0.000777    0.00103   0.001367   0.001812   0.002397   0.003162   0.004162    0.00546   0.007139   0.009302   0.012078   0.015627   0.020143    0.02587     0.0331    0.04219   0.053576   0.067778    0.08542   0.107249
         0      7e-06    1.4e-05      2e-05    2.6e-05    3.2e-05    3.8e-05    4.3e-05    4.8e-05    5.2e-05    5.5e-05    5.9e-05    6.1e-05    6.3e-05    6.6e-05    6.7e-05    6.9e-05    7.3e-05    7.6e-05    8.2e-05      9e-05   0.000101   0.000116   0.000139    0.00017   0.000214   0.000273   0.000354   0.000464   0.000612    0.00081   0.001074   0.001425   0.001888   0.002497   0.003295   0.004336   0.005688   0.007438   0.009692   0.012585   0.016281   0.020986   0.026952   0.034483   0.043955   0.055817   0.070613   0.088993   0.111734
         0      8e-06    1.4e-05    2.2e-05    2.8e-05    3.4e-05      4e-05    4.5e-05      5e-05    5.5e-05    5.8e-05    6.2e-05    6.4e-05    6.7e-05    6.9e-05    7.1e-05    7.4e-05    7.6e-05    8.1e-05    8.6e-05    9.4e-05   0.000106   0.000122   0.000146   0.000178   0.000223   0.000284   0.000368   0.000483   0.000636   0.000842   0.001116    0.00148   0.001961   0.002592    0.00342     0.0045   0.005903   0.007718   0.010056   0.013057   0.016892   0.021773   0.027962   0.035775   0.045601   0.057907   0.073256   0.092323   0.115915
         0      8e-06    1.5e-05    2.3e-05      3e-05    3.6e-05    4.2e-05    4.8e-05    5.3e-05    5.8e-05    6.2e-05    6.5e-05    6.8e-05    7.1e-05    7.3e-05    7.6e-05    7.8e-05    8.2e-05    8.6e-05    9.3e-05   0.000101   0.000113    0.00013   0.000154   0.000188   0.000234   0.000298   0.000385   0.000502   0.000661   0.000874   0.001157   0.001534    0.00203   0.002683    0.00354   0.004655   0.006105    0.00798   0.010397   0.013498   0.017461   0.022506   0.028902   0.036976    0.04713   0.059847    0.07571   0.095416   0.119796
         0      8e-06    1.6e-05    2.4e-05    3.1e-05    3.9e-05    4.6e-05    5.2e-05    5.8e-05    6.3e-05    6.7e-05    7.1e-05    7.4e-05    7.7e-05      8e-05    8.3e-05    8.6e-05      9e-05    9.4e-05   0.000101    0.00011   0.000122    0.00014   0.000165     0.0002   0.000248   0.000313   0.000403   0.000525   0.000689   0.000907   0.001199   0.001587   0.002098   0.002771   0.003652   0.004802   0.006295   0.008227   0.010715   0.013909   0.017991   0.023187   0.029773    0.03809   0.048548   0.061645   0.077982   0.098276   0.123386
         0      9e-06    1.8e-05    2.7e-05    3.5e-05    4.3e-05      5e-05    5.7e-05    6.4e-05      7e-05    7.4e-05    7.9e-05    8.3e-05    8.7e-05      9e-05    9.3e-05    9.6e-05   0.000101   0.000106   0.000113   0.000122   0.000136   0.000154    0.00018   0.000216   0.000266   0.000333   0.000425    0.00055   0.000719   0.000943   0.001243   0.001641   0.002166   0.002858   0.003762   0.004942   0.006476   0.008459   0.011014   0.014293   0.018485   0.023818   0.030581    0.03912   0.049857   0.063304   0.080077   0.100915   0.126694
         0      1e-05      2e-05    3.1e-05    3.9e-05    4.9e-05    5.7e-05    6.5e-05    7.2e-05    7.9e-05    8.5e-05      9e-05    9.5e-05     0.0001   0.000103   0.000107   0.000111   0.000116   0.000122    0.00013    0.00014   0.000154   0.000173   0.000201   0.000237   0.000288   0.000358   0.000453   0.000581   0.000753   0.000984   0.001291   0.001698   0.002237   0.002944    0.00387   0.005079   0.006648   0.008679   0.011296   0.014653   0.018944   0.024406    0.03133   0.040071   0.051065   0.064832   0.082005   0.103339   0.129734
         0    1.2e-05    2.3e-05    3.5e-05    4.6e-05    5.6e-05    6.7e-05    7.6e-05    8.5e-05    9.3e-05     0.0001   0.000107   0.000113   0.000118   0.000124   0.000128   0.000133   0.000139   0.000146   0.000154   0.000165    0.00018   0.000201   0.000229   0.000267   0.000319   0.000391   0.000488   0.000619   0.000795   0.001031   0.001345   0.001761   0.002311   0.003034    0.00398   0.005215   0.006817   0.008891   0.011563   0.014992   0.019374   0.024952   0.032023    0.04095   0.052177   0.066237   0.083776   0.105562   0.132517
         0    1.4e-05    2.8e-05    4.1e-05    5.5e-05    6.8e-05      8e-05    9.1e-05   0.000102   0.000112   0.000121   0.000129   0.000137   0.000144   0.000151   0.000157   0.000163    0.00017   0.000178   0.000188     0.0002   0.000216   0.000237   0.000267   0.000307    0.00036   0.000434   0.000534   0.000668   0.000848   0.001089   0.001408   0.001833   0.002393    0.00313   0.004094   0.005352   0.006986   0.009099   0.011822   0.015315    0.01978   0.025463   0.032668   0.041764   0.053204   0.067529   0.085399   0.107598   0.135062
         0    1.7e-05    3.4e-05    5.1e-05    6.7e-05    8.2e-05    9.7e-05   0.000112   0.000126   0.000137   0.000149   0.000161    0.00017   0.000179   0.000188   0.000196   0.000205   0.000214   0.000223   0.000234   0.000248   0.000266   0.000288   0.000319    0.00036   0.000417   0.000492   0.000594   0.000731   0.000914   0.001159   0.001485   0.001917   0.002487   0.003237   0.004217   0.005497   0.007158   0.009307   0.012075   0.015627   0.020168   0.025946   0.033272   0.042521   0.054153    0.06872   0.086889   0.109461   0.137386
         0    2.1e-05    4.2e-05    6.4e-05    8.4e-05   0.000103   0.000122    0.00014   0.000157   0.000173   0.000189   0.000203   0.000216   0.000229    0.00024   0.000251   0.000262   0.000273   0.000284   0.000298   0.000313   0.000333   0.000358   0.000391   0.000434   0.000492    0.00057   0.000675   0.000814   0.001001   0.001251   0.001581   0.002021     0.0026   0.003361   0.004356   0.005655   0.007341   0.009522   0.012332   0.015937   0.020545    0.02641   0.033844   0.043232   0.055036    0.06982    0.08826   0.111167   0.139509
         0    2.7e-05    5.4e-05      8e-05   0.000107   0.000132   0.000156   0.000179   0.000201   0.000222   0.000242   0.000261   0.000279   0.000295    0.00031   0.000325   0.000339   0.000354   0.000368   0.000385   0.000403   0.000425   0.000453   0.000488   0.000534   0.000594   0.000675   0.000781   0.000924   0.001114   0.001368   0.001704    0.00215   0.002738   0.003509   0.004518   0.005834   0.007543   0.009752     0.0126   0.016253   0.020921   0.026864   0.034396   0.043907   0.055867   0.070845   0.089528   0.112737   0.141452
         0    3.5e-05      7e-05   0.000104   0.000137    0.00017   0.000202   0.000232   0.000262   0.000289   0.000315    0.00034   0.000364   0.000385   0.000406   0.000426   0.000445   0.000464   0.000483   0.000502   0.000525    0.00055   0.000581   0.000619   0.000668   0.000731   0.000814   0.000924   0.001069   0.001264   0.001522   0.001863   0.002315   0.002909   0.003691   0.004713   0.006044   0.007774    0.01001    0.01289   0.016586   0.021309    0.02732   0.034941   0.044562    0.05666   0.071813   0.090713   0.114191   0.143239
         0    4.6e-05    9.1e-05   0.000135   0.000179   0.000222   0.000263   0.000303   0.000341   0.000378   0.000414   0.000446   0.000478   0.000507   0.000534   0.000561   0.000587   0.000612   0.000636   0.000661   0.000689   0.000719   0.000753   0.000795   0.000848   0.000914   0.001001   0.001114   0.001264   0.001462   0.001724   0.002071   0.002528    0.00313    0.00392   0.004953   0.006299   0.008047   0.010306   0.013217   0.016951   0.021722   0.027795   0.035493   0.045213   0.057436   0.072743   0.091836   0.115554   0.144898
         0    5.9e-05   0.000118   0.000177   0.000235    0.00029   0.000345   0.000398   0.000449   0.000498   0.000544   0.000588    0.00063    0.00067   0.000708   0.000743   0.000777    0.00081   0.000842   0.000874   0.000907   0.000943   0.000984   0.001031   0.001089   0.001159   0.001251   0.001368   0.001522   0.001724    0.00199   0.002343   0.002806   0.003415   0.004214   0.005257   0.006616    0.00838   0.010661   0.013598   0.017366    0.02218   0.028308   0.036076   0.045883   0.058215    0.07366   0.092924   0.116855   0.146463
         0    7.8e-05   0.000155   0.000233   0.000308   0.000383   0.000455   0.000525   0.000592   0.000657    0.00072   0.000778   0.000834   0.000887   0.000938   0.000986    0.00103   0.001074   0.001116   0.001157   0.001199   0.001243   0.001291   0.001345   0.001408   0.001485   0.001581   0.001704   0.001863   0.002071   0.002343   0.002699   0.003168   0.003784   0.004591   0.005644   0.007016   0.008795   0.011094   0.014055   0.017853   0.022706   0.028883   0.036711   0.046596   0.059025   0.074591   0.094006   0.118125   0.147965
         0   0.000103   0.000205   0.000306   0.000406   0.000504     0.0006   0.000692   0.000782   0.000868   0.000951   0.001029   0.001104   0.001176   0.001243   0.001307   0.001367   0.001425    0.00148   0.001534   0.001587   0.001641   0.001698   0.001761   0.001833   0.001917   0.002021    0.00215   0.002315   0.002528   0.002806   0.003168   0.003644   0.004267   0.005081   0.006144   0.007526   0.009319   0.011636   0.014618   0.018442   0.023329   0.029549   0.037432   0.047384     0.0599   0.075572    0.09512   0.119405   0.149448
         0   0.000136   0.000271   0.000405   0.000537   0.000665   0.000792   0.000915   0.001033   0.001147   0.001258   0.001362   0.001462   0.001557   0.001647   0.001731   0.001812   0.001888   0.001961    0.00203   0.002098   0.002166   0.002237   0.002311   0.002393   0.002487     0.0026   0.002738   0.002909    0.00313   0.003415   0.003784   0.004267   0.004897   0.005719    0.00679   0.008184   0.009989   0.012321   0.015323   0.019172   0.024089   0.030346   0.038277   0.048289   0.060879   0.076645    0.09631   0.120739   0.150961
         0   0.000179   0.000357   0.000533   0.000707   0.000877   0.001044   0.001206   0.001364   0.001515   0.001661   0.001799   0.001932   0.002058   0.002178    0.00229   0.002397   0.002497   0.002592   0.002683   0.002771   0.002858   0.002944   0.003034    0.00313   0.003237   0.003361   0.003509   0.003691    0.00392   0.004214   0.004591   0.005081   0.005719    0.00655    0.00763   0.009033   0.010851   0.013198   0.016216   0.020087   0.025031   0.031322   0.039295   0.049359   0.062014   0.077862   0.097628   0.122184   0.152562
         0   0.000235   0.000469   0.000701   0.000931   0.001155   0.001375   0.001589   0.001797   0.001996   0.002189   0.002373   0.002548   0.002715   0.002873   0.003022   0.003162   0.003295    0.00342    0.00354   0.003652   0.003762    0.00387    0.00398   0.004094   0.004217   0.004356   0.004518   0.004713   0.004953   0.005257   0.005644   0.006144    0.00679    0.00763   0.008721   0.010134   0.011963   0.014323   0.017358   0.021248   0.026215   0.032536   0.040545   0.050656   0.063368   0.079287   0.099143   0.123807   0.154322
         0   0.000309   0.000616   0.000921   0.001221   0.001517   0.001806   0.002088   0.002361   0.002625   0.002878   0.003121   0.003352   0.003571    0.00378   0.003976   0.004162   0.004336     0.0045   0.004655   0.004802   0.004942   0.005079   0.005215   0.005352   0.005497   0.005655   0.005834   0.006044   0.006299   0.006616   0.007016   0.007526   0.008184   0.009033   0.010134   0.011558   0.013399   0.015772   0.018822   0.022729   0.027719   0.034065   0.042107   0.052258   0.065019      0.081   0.100933   0.125692   0.156325
         0   0.000404   0.000808   0.001206   0.001601   0.001988   0.002367   0.002736   0.003094    0.00344   0.003772   0.004092   0.004395   0.004685   0.004959   0.005217    0.00546   0.005688   0.005903   0.006105   0.006295   0.006476   0.006648   0.006817   0.006986   0.007158   0.007341   0.007543   0.007774   0.008047    0.00838   0.008795   0.009319   0.009989   0.010851   0.011963   0.013399   0.015251   0.017637   0.020701   0.024625   0.029634   0.036004   0.044074   0.054261   0.067066   0.083101   0.103099   0.127941   0.158675
         0   0.000528   0.001054   0.001576    0.00209   0.002596   0.003092   0.003574   0.004042   0.004495    0.00493   0.005347   0.005745   0.006124   0.006483   0.006821   0.007139   0.007438   0.007718    0.00798   0.008227   0.008459   0.008679   0.008891   0.009099   0.009307   0.009522   0.009752    0.01001   0.010306   0.010661   0.011094   0.011636   0.012321   0.013198   0.014323   0.015772   0.017637   0.020035   0.023114   0.027054   0.032081   0.038472   0.046568   0.056785   0.069628    0.08571   0.105766   0.130679   0.161499
         0   0.000687   0.001373   0.002052   0.002722   0.003381   0.004025   0.004654   0.005264   0.005855   0.006421   0.006966   0.007485   0.007979   0.008446   0.008888   0.009302   0.009692   0.010056   0.010397   0.010715   0.011014   0.011296   0.011563   0.011822   0.012075   0.012332     0.0126    0.01289   0.013217   0.013598   0.014055   0.014618   0.015323   0.016216   0.017358   0.018822   0.020701   0.023114   0.026208   0.030163   0.035207   0.041618   0.049737   0.059981   0.072858    0.08898   0.109086   0.134059   0.164955
         0   0.000893   0.001781   0.002662   0.003532   0.004387   0.005225    0.00604   0.006833   0.007599   0.008335   0.009042   0.009717   0.010358   0.010966   0.011539   0.012078   0.012585   0.013057   0.013498   0.013909   0.014293   0.014653   0.014992   0.015315   0.015627   0.015937   0.016253   0.016586   0.016951   0.017366   0.017853   0.018442   0.019172   0.020087   0.021248   0.022729   0.024625   0.027054   0.030163   0.034134   0.039196   0.045624   0.053765   0.064034    0.07694   0.093098   0.113246   0.138273   0.169232
         0   0.001154   0.002303   0.003442   0.004568   0.005673   0.006756   0.007812   0.008837   0.009828   0.010782   0.011696    0.01257   0.013401   0.014187   0.014929   0.015627   0.016281   0.016892   0.017461   0.017991   0.018485   0.018944   0.019374    0.01978   0.020168   0.020545   0.020921   0.021309   0.021722    0.02218   0.022706   0.023329   0.024089   0.025031   0.026215   0.027719   0.029634   0.032081   0.035207   0.039196   0.044273   0.050721   0.058881   0.069173   0.082105   0.098294    0.11848   0.143551   0.174565
         0   0.001486   0.002968   0.004436   0.005886   0.007311   0.008707   0.010068   0.011389   0.012666   0.013896   0.015075   0.016201   0.017273   0.018287   0.019244   0.020143   0.020986   0.021773   0.022506   0.023187   0.023818   0.024406   0.024952   0.025463   0.025946    0.02641   0.026864    0.02732   0.027795   0.028308   0.028883   0.029549   0.030346   0.031322   0.032536   0.034065   0.036004   0.038472   0.041618   0.045624   0.050721   0.057188   0.065367    0.07568   0.088637   0.104853   0.125071   0.150182   0.181242
         0   0.001909    0.00381   0.005695   0.007557   0.009386   0.011178   0.012926   0.014622   0.016264   0.017844   0.019359   0.020805   0.022181   0.023484   0.024714    0.02587   0.026952   0.027962   0.028902   0.029773   0.030581    0.03133   0.032023   0.032668   0.033272   0.033844   0.034396   0.034941   0.035493   0.036076   0.036711   0.037432   0.038277   0.039295   0.040545   0.042107   0.044074   0.046568   0.049737   0.053765   0.058881   0.065367   0.073567     0.0839   0.096879    0.11312   0.133368   0.158512   0.189614
         0   0.002442   0.004873   0.007284   0.009666   0.012007     0.0143   0.016536   0.018707   0.020806   0.022827   0.024766   0.026618   0.028378   0.030047    0.03162     0.0331   0.034483   0.035775   0.036976    0.03809    0.03912   0.040071    0.04095   0.041764   0.042521   0.043232   0.043907   0.044562   0.045213   0.045883   0.046596   0.047384   0.048289   0.049359   0.050656   0.052258   0.054261   0.056785   0.059981   0.064034   0.069173    0.07568     0.0839   0.094254   0.107255   0.123519   0.143793   0.168967   0.200103
         0   0.003112   0.006211   0.009284   0.012318   0.015303   0.018225   0.021075   0.023842   0.026518   0.029095   0.031566   0.033927   0.036172   0.038299   0.040305    0.04219   0.043955   0.045601    0.04713   0.048548   0.049857   0.051065   0.052177   0.053204   0.054153   0.055036   0.055867    0.05666   0.057436   0.058215   0.059025     0.0599   0.060879   0.062014   0.063368   0.065019   0.067066   0.069628   0.072858    0.07694   0.082105   0.088637   0.096879   0.107255   0.120276   0.136564   0.156862   0.182062   0.213229
         0   0.003952   0.007886   0.011788   0.015641    0.01943   0.023141    0.02676   0.030273   0.033673   0.036945   0.040084   0.043081   0.045933   0.048634   0.051182   0.053576   0.055817   0.057907   0.059847   0.061645   0.063304   0.064832   0.066237   0.067529    0.06872    0.06982   0.070845   0.071813   0.072743    0.07366   0.074591   0.075572   0.076645   0.077862   0.079287      0.081   0.083101    0.08571    0.08898   0.093098   0.098294   0.104853    0.11312   0.123519   0.136564   0.152873   0.173194    0.19842   0.229614
         0   0.004998   0.009975   0.014911   0.019785   0.024579   0.029273    0.03385   0.038296   0.042595   0.046736   0.050708     0.0545   0.058107   0.061525   0.064749   0.067778   0.070613   0.073256    0.07571   0.077982   0.080077   0.082005   0.083776   0.085399   0.086889    0.08826   0.089528   0.090713   0.091836   0.092924   0.094006    0.09512    0.09631   0.097628   0.099143   0.100933   0.103099   0.105766   0.109086   0.113246    0.11848   0.125071   0.133368   0.143793   0.156862   0.173194   0.193537   0.218786   0.250006
         0   0.006299   0.012571   0.018791   0.024934   0.030975    0.03689   0.042659   0.048262   0.053681   0.058899   0.063904   0.068685   0.073232   0.077539   0.081602    0.08542   0.088993   0.092323   0.095416   0.098276   0.100915   0.103339   0.105562   0.107598   0.109461   0.111167   0.112737   0.114191   0.115554   0.116855   0.118125   0.119405   0.120739   0.122184   0.123807   0.125692   0.127941   0.130679   0.134059   0.138273   0.143551   0.150182   0.158512   0.168967   0.182062    0.19842   0.218786   0.244058   0.275301
         0   0.007908   0.015783   0.023591   0.031303   0.038888   0.046314   0.053558   0.060593   0.067395   0.073947   0.080233   0.086235   0.091944   0.097353   0.102455   0.107249   0.111734   0.115915   0.119796   0.123386   0.126694   0.129734   0.132517   0.135062   0.137386   0.139509   0.141452   0.143239   0.144898   0.146463   0.147965   0.149448   0.150961   0.152562   0.154322   0.156325   0.158675   0.161499   0.164955   0.169232   0.174565   0.181242   0.189614   0.200103   0.213229   0.229614   0.250006   0.275301   0.306567