Time step 24:
        99	        99	        99	        99	        99	        99	        99	        99	        99	        99	        99	        99	        99	        99	        99	        99	        99	        99	        99	        99	        99	        99	        99	        99	        99	        99	        99	        99	        99	        99	        99	        99	        99	        99	        99	        99	        99	        99	        99	        99	        99	        99	        99	        99	        99	        99	        99	        99	        99	        99	        99	        99	        99	        99	        99	        99	        99	        99	        99	        99	        99	        99	        99	        99	        99	        99	        99	        99	        99	        99	        99	        99	        99	        99	        99	        99	        99	        99	        99	        99	        99	        99	        99	        99	        99	        99	        99	        99	        99	        99	        99	        99	        99	        99	        99	        99	        99	        99	        99	        99	        99	        99	        99	        99	        99	        99	        99	        99	        99	        99	        99	        99	        99	        99	        99	        99	        99	        99	        99	        99	        99	        99	        99	        99	        99	        99	        99	        99	        99	        99	        99	        99	        99	        99	        99	        99	        99	        99	        99	        99	        99	        99	        99	        99	        99	        99	        99	        99	        99	        99	        99	        99	        99	        99	        99	        99	        99	        99	        99	        99	        99	        99	        99	        99	        99	        99	        99	        99	        99	        99	        99	        99	        99	        99	        99	        99	        99	        99	        99	        99	        99	        99	        99	        99	        99	        99	        99	        99	        99	        99	        99	        99	        99	        99	        99	        99	        99	        99	        99	        99	
        99	 98.973546	 98.947105	 98.920692	 98.894321	 98.868005	 98.841759	 98.815595	 98.789528	 98.763569	 98.737734	 98.712034	 98.686483	 98.661092	 98.635874	 98.610841	 98.586006	 98.561378	  98.53697	 98.512791	 98.488853	 98.465166	 98.441739	 98.418582	 98.395703	 98.373111	 98.350815	 98.328821	 98.307138	 98.285772	 98.264729	 98.244015	 98.223637	 98.203599	 98.183906	 98.164562	 98.145571	 98.126937	 98.108661	 98.090748	 98.073198	 98.056013	 98.039196	 98.022745	 98.006663	 97.990949	 97.975602	 97.960623	 97.946009	  97.93176	 97.917873	 97.904347	 97.891178	 97.878366	 97.865905	 97.853794	 97.842028	 97.830603	 97.819516	 97.808762	 97.798337	 97.788236	 97.778454	 97.768985	 97.759825	 97.750969	  97.74241	 97.734143	 97.726163	 97.718463	 97.711037	  97.70388	 97.696986	 97.690347	 97.683959	 97.677814	 97.671907	 97.666232	 97.660782	 97.655551	 97.650533	 97.645722	 97.641111	 97.636695	 97.632468	 97.628423	 97.624555	 97.620858	 97.617327	 97.613955	 97.610738	 97.607669	 97.604744	 97.601957	 97.599303	 97.596777	 97.594374	 97.592089	 97.589918	 97.587856	 97.585899	 97.584041	  97.58228	 97.580611	  97.57903	 97.577534	 97.576117	 97.574777	 97.573511	 97.572315	 97.571185	 97.570118	 97.569113	 97.568164	 97.567271	 97.566429	 97.565637	 97.564891	 97.564191	 97.563532	 97.562913	 97.562332	 97.561787	 97.561276	 97.560797	 97.560348	 97.559927	 97.559534	 97.559166	 97.558821	   97.5585	   97.5582	 97.557919	 97.557658	 97.557414	 97.557187	 97.556975	 97.556778	 97.556594	 97.556424	 97.556265	 97.556118	 97.555981	 97.555854	 97.555737	 97.555627	 97.555526	 97.555433	 97.555346	 97.555266	 97.555192	 97.555123	  97.55506	 97.555001	 97.554947	 97.554898	 97.554852	 97.554809	 97.554771	 97.554735	 97.554702	 97.554672	 97.554644	 97.554618	 97.554595	 97.554573	 97.554554	 97.554535	 97.554519	 97.554504	  97.55449	 97.554477	 97.554466	 97.554455	 97.554446	 97.554437	 97.554429	 97.554421	 97.554415	 97.554409	 97.554403	 97.554398	 97.554394	  97.55439	 97.554386	 97.554383	  97.55438	 97.554377	 97.554375	 97.554373	 97.554371	 97.554369	 97.554368	 97.554367	 97.554366	 97.554365	 97.554364	 97.554364	 97.554364	 97.554363	
        99	 98.947105	 98.894238	 98.841426	 98.788698	  98.73608	 98.683601	 98.631287	 98.579166	 98.527263	 98.475606	  98.42422	  98.37313	 98.322362	  98.27194	 98.221887	 98.172229	 98.122986	 98.074183	 98.025839	 97.977976	 97.930614	 97.883772	  97.83747	 97.791724	 97.746552	 97.701971	 97.657995	  97.61464	 97.571919	 97.529844	 97.488429	 97.447683	 97.407618	 97.368242	 97.329564	 97.291592	 97.254333	 97.217791	 97.181974	 97.146883	 97.112523	 97.078897	 97.046005	 97.013849	 96.982429	 96.951744	 96.921792	 96.892572	 96.864081	 96.836315	  96.80927	  96.78294	 96.757321	 96.732407	  96.70819	 96.684664	 96.661821	 96.639653	 96.618151	 96.597306	 96.577109	  96.55755	 96.538618	 96.520303	 96.502595	 96.485482	 96.468953	 96.452996	   96.4376	 96.422753	 96.408443	 96.394657	 96.381383	  96.36861	 96.356324	 96.344513	 96.333166	 96.322268	 96.311809	 96.301776	 96.292156	 96.282937	 96.274107	 96.265655	 96.257567	 96.249834	 96.242442	 96.235381	  96.22864	 96.222207	 96.216071	 96.210222	 96.204649	 96.199342	 96.194291	 96.189486	 96.184918	 96.180577	 96.176455	 96.172541	 96.168828	 96.165307	 96.161969	 96.158808	 96.155815	 96.152983	 96.150304	 96.147772	  96.14538	 96.143121	 96.140989	 96.138978	 96.137082	 96.135295	 96.133612	 96.132028	 96.130538	 96.129136	 96.127819	 96.126582	 96.125421	 96.124331	 96.123308	  96.12235	 96.121452	 96.120612	 96.119825	 96.119089	 96.118401	 96.117758	 96.117158	 96.116597	 96.116074	 96.115587	 96.115132	 96.114709	 96.114315	 96.113948	 96.113607	  96.11329	 96.112996	 96.112722	 96.112468	 96.112233	 96.112015	 96.111812	 96.111625	 96.111452	 96.111291	 96.111143	 96.111006	 96.110879	 96.110762	 96.110655	 96.110555	 96.110463	 96.110379	 96.110301	  96.11023	 96.110164	 96.110103	 96.110048	 96.109997	  96.10995	 96.109907	 96.109867	 96.109831	 96.109798	 96.109768	  96.10974	 96.109715	 96.109692	 96.109671	 96.109651	 96.109634	 96.109618	 96.109603	  96.10959	 96.109578	 96.109567	 96.109557	 96.109548	  96.10954	 96.109533	 96.109526	  96.10952	 96.109515	  96.10951	 96.109506	 96.109502	 96.109499	 96.109496	 96.109494	 96.109492	  96.10949	 96.109489	 96.109488	 96.109487	 96.109487	
        99	 98.920692	 98.841426	 98.762243	 98.683186	 98.604294	  98.52561	 98.447173	 98.369025	 98.291206	 98.213754	 98.136708	 98.060107	 97.983988	 97.908388	 97.833343	 97.758887	 97.685056	 97.611882	 97.539398	 97.467635	 97.396623	 97.326392	 97.256968	  97.18838	 97.120652	  97.05381	 96.987875	 96.922871	 96.858817	 96.795733	 96.733636	 96.672545	 96.612473	 96.553435	 96.495444	 96.438511	 96.382646	 96.327859	 96.274155	 96.221542	 96.170025	 96.119608	 96.070292	 96.022079	 95.974969	 95.928962	 95.884054	 95.840244	 95.797525	 95.755894	 95.715344	 95.675867	 95.637456	 95.600101	 95.563792	 95.528518	 95.494269	 95.461031	 95.428792	 95.397539	 95.367256	  95.33793	 95.309545	 95.282085	 95.255534	 95.229876	 95.205093	 95.181168	 95.158084	 95.135823	 95.114367	 95.093697	 95.073796	 95.054644	 95.036224	 95.018516	 95.001501	 94.985163	 94.969481	 94.954437	 94.940013	 94.926191	 94.912952	 94.900279	 94.888154	 94.876558	 94.865476	 94.854889	 94.844781	 94.835136	 94.825936	 94.817166	  94.80881	 94.800854	 94.793281	 94.786077	 94.779228	 94.772719	 94.766538	  94.76067	 94.755102	 94.749823	  94.74482	  94.74008	 94.735592	 94.731346	  94.72733	 94.723533	 94.719946	 94.716559	 94.713363	 94.710347	 94.707504	 94.704825	 94.702302	 94.699927	 94.697693	 94.695591	 94.693617	 94.691762	  94.69002	 94.688386	 94.686853	 94.685417	 94.684071	  94.68281	 94.681631	 94.680527	 94.679496	 94.678532	 94.677631	 94.676791	 94.676007	 94.675276	 94.674595	  94.67396	 94.673369	 94.672819	 94.672308	 94.671833	 94.671391	 94.670981	   94.6706	 94.670247	  94.66992	 94.669617	 94.669336	 94.669076	 94.668836	 94.668613	 94.668408	 94.668218	 94.668043	 94.667881	 94.667732	 94.667594	 94.667468	 94.667351	 94.667244	 94.667145	 94.667054	 94.666971	 94.666894	 94.666824	  94.66676	 94.666701	 94.666646	 94.666597	 94.666552	  94.66651	 94.666472	 94.666437	 94.666406	 94.666377	 94.666351	 94.666327	 94.666305	 94.666285	 94.666267	  94.66625	 94.666236	 94.666222	  94.66621	 94.666199	 94.666189	  94.66618	 94.666172	 94.666165	 94.666159	 94.666153	 94.666149	 94.666144	 94.666141	 94.666138	 94.666135	 94.666133	 94.666132	 94.666131	 94.666131	
        99	 98.894321	 98.788698	 98.683186	  98.57784	 98.472716	 98.367867	  98.26335	 98.159216	  98.05552	 97.952314	  97.84965	 97.747578	 97.646148	  97.54541	 97.445411	 97.346198	 97.247816	 97.150311	 97.053725	   96.9581	 96.863475	 96.769891	 96.677383	 96.585988	  96.49574	 96.406671	 96.318812	 96.232192	 96.146839	 96.062779	 95.980035	 95.898629	 95.818583	 95.739914	  95.66264	 95.586776	 95.512335	 95.439329	 95.367769	 95.297661	 95.229014	 95.161831	 95.096117	 95.031873	 94.969098	 94.907793	 94.847953	 94.789575	 94.732652	 94.677178	 94.623144	 94.570541	 94.519357	 94.469581	 94.421198	 94.374196	 94.328558	 94.284268	 94.241309	 94.199663	 94.159311	 94.120233	  94.08241	 94.045819	  94.01044	  93.97625	 93.943226	 93.911346	 93.880587	 93.850924	 93.822333	  93.79479	 93.768271	 93.742751	 93.718205	 93.694609	 93.671937	 93.650166	 93.629269	 93.609223	 93.590003	 93.571585	 93.553944	 93.537057	   93.5209	 93.505449	 93.490681	 93.476574	 93.463105	 93.450252	 93.437993	 93.426308	 93.415174	 93.404571	  93.39448	 93.384881	 93.375754	 93.367082	 93.358845	 93.351025	 93.343607	 93.336572	 93.329905	 93.323589	 93.317609	 93.311951	 93.306599	  93.30154	 93.296761	 93.292247	 93.287988	  93.28397	 93.280181	 93.276612	  93.27325	 93.270085	 93.267107	 93.264308	 93.261676	 93.259204	 93.256884	 93.254706	 93.252664	 93.250749	 93.248956	 93.247276	 93.245704	 93.244234	 93.242859	 93.241575	 93.240375	 93.239256	 93.238211	 93.237237	 93.236329	 93.235483	 93.234696	 93.233963	 93.233282	 93.232648	  93.23206	 93.231514	 93.231007	 93.230536	   93.2301	 93.229696	 93.229322	 93.228976	 93.228655	 93.228359	 93.228085	 93.227832	 93.227598	 93.227383	 93.227184	 93.227001	 93.226832	 93.226677	 93.226534	 93.226402	 93.226281	  93.22617	 93.226068	 93.225975	 93.225889	  93.22581	 93.225738	 93.225672	 93.225611	 93.225556	 93.225505	 93.225459	 93.225417	 93.225379	 93.225343	 93.225312	 93.225282	 93.225256	 93.225232	  93.22521	  93.22519	 93.225172	 93.225156	 93.225142	 93.225128	 93.225117	 93.225106	 93.225097	 93.225088	 93.225081	 93.225075	 93.225069	 93.225064	  93.22506	 93.225057	 93.225054	 93.225052	 93.225051	  93.22505	
        99	 98.868005	  98.73608	 98.604294	 98.472716	 98.341414	 98.210457	 98.079913	 97.949848	 97.820331	 97.691425	 97.563195	 97.435705	 97.309018	 97.183194	 97.058294	 96.934376	 96.811496	 96.689711	 96.569073	 96.449636	 96.331448	 96.214559	 96.099016	 95.984862	 95.872141	 95.760892	 95.651155	 95.542966	 95.436359	 95.331366	 95.228017	 95.126341	 95.026361	 94.928103	 94.831586	 94.736831	 94.643853	 94.552668	 94.463288	 94.375723	 94.289981	 94.206069	 94.123991	 94.043749	 93.965343	 93.888771	  93.81403	 93.741115	 93.670017	 93.600729	  93.53324	 93.467538	 93.403609	 93.341437	 93.281007	   93.2223	 93.165298	 93.109979	 93.056323	 93.004306	 92.953906	 92.905097	 92.857855	 92.812152	 92.767963	 92.725259	 92.684012	 92.644194	 92.605775	 92.568725	 92.533015	 92.498613	 92.465491	 92.433616	 92.402958	 92.373486	 92.345169	 92.317975	 92.291875	 92.266838	 92.242832	 92.219827	 92.197793	 92.176701	  92.15652	 92.137222	 92.118777	 92.101157	 92.084334	  92.06828	 92.052969	 92.038373	 92.024467	 92.011224	  91.99862	 91.986631	 91.975231	 91.964399	 91.954111	 91.944345	 91.935079	 91.926292	 91.917965	 91.910076	 91.902607	  91.89554	 91.888856	 91.882537	 91.876567	  91.87093	  91.86561	 91.860591	 91.855859	 91.851401	 91.847201	 91.843249	  91.83953	 91.836033	 91.832746	 91.829659	  91.82676	  91.82404	 91.821489	 91.819098	 91.816858	  91.81476	 91.812797	 91.810961	 91.809244	 91.807639	 91.806141	 91.804742	 91.803438	 91.802221	 91.801087	 91.800031	 91.799047	 91.798132	 91.797281	  91.79649	 91.795755	 91.795073	 91.794439	 91.793852	 91.793307	 91.792802	 91.792335	 91.791902	 91.791502	 91.791132	  91.79079	 91.790474	 91.790182	 91.789913	 91.789665	 91.789436	 91.789225	 91.789031	 91.788853	 91.788689	 91.788538	 91.788399	 91.788271	 91.788154	 91.788047	 91.787949	 91.787859	 91.787776	 91.787701	 91.787631	 91.787568	 91.787511	 91.787458	  91.78741	 91.787366	 91.787326	  91.78729	 91.787257	 91.787227	 91.787199	 91.787175	 91.787152	 91.787132	 91.787114	 91.787097	 91.787083	  91.78707	 91.787058	 91.787047	 91.787038	  91.78703	 91.787023	 91.787017	 91.787012	 91.787008	 91.787005	 91.787002	 91.787001	    91.787	
        99	 98.841759	 98.683601	  98.52561	 98.367867	 98.210457	  98.05346	 97.896958	 97.741031	 97.585759	  97.43122	 97.277493	 97.124652	 96.972774	 96.821931	 96.672195	 96.523636	 96.376322	  96.23032	 96.085694	 95.942507	 95.800819	 95.660687	 95.522168	 95.385316	  95.25018	  95.11681	 94.985253	  94.85555	 94.727745	 94.601875	 94.477976	 94.356081	 94.236221	 94.118425	 94.002716	 93.889119	 93.777653	 93.668336	 93.561183	 93.456206	 93.353415	 93.252818	 93.154419	  93.05822	 92.964224	 92.872426	 92.782823	 92.695409	 92.610174	 92.527109	   92.4462	 92.367433	 92.290792	 92.216257	 92.143811	 92.073431	 92.005093	 91.938775	 91.874449	  91.81209	 91.751667	 91.693153	 91.636517	 91.581727	 91.528751	 91.477555	 91.428107	 91.380371	 91.334312	 91.289895	 91.247084	 91.205842	 91.166133	  91.12792	 91.091166	 91.055833	 91.021886	 90.989285	 90.957995	 90.927979	 90.899199	  90.87162	 90.845205	 90.819919	 90.795725	  90.77259	 90.750477	 90.729353	 90.709185	 90.689939	 90.671583	 90.654085	 90.637414	 90.621538	 90.606428	 90.592054	 90.578388	 90.565402	 90.553068	  90.54136	 90.530251	 90.519718	 90.509734	 90.500277	 90.491323	  90.48285	 90.474837	 90.467262	 90.460105	 90.453347	 90.446969	 90.440952	 90.435279	 90.429934	   90.4249	 90.420161	 90.415703	  90.41151	  90.40757	 90.403869	 90.400394	 90.397133	 90.394075	 90.391209	 90.388523	 90.386008	 90.383654	 90.381453	 90.379394	 90.377471	 90.375675	 90.373998	 90.372434	 90.370975	 90.369616	 90.368349	  90.36717	 90.366073	 90.365053	 90.364105	 90.363224	 90.362406	 90.361646	 90.360942	 90.360289	 90.359684	 90.359124	 90.358605	 90.358125	 90.357681	 90.357271	 90.356893	 90.356543	  90.35622	 90.355923	 90.355648	 90.355396	 90.355163	 90.354949	 90.354752	 90.354571	 90.354405	 90.354252	 90.354112	 90.353983	 90.353865	 90.353757	 90.353658	 90.353568	 90.353485	 90.353409	  90.35334	 90.353277	 90.353219	 90.353166	 90.353119	 90.353075	 90.353035	 90.352999	 90.352967	 90.352937	  90.35291	 90.352886	 90.352864	 90.352845	 90.352827	 90.352811	 90.352797	 90.352784	 90.352773	 90.352764	 90.352755	 90.352748	 90.352742	 90.352737	 90.352733	  90.35273	 90.352729	 90.352728	
        99	 98.815595	 98.631287	 98.447173	  98.26335	 98.079913	 97.896958	 97.714579	 97.532871	 97.351926	 97.171836	 96.992691	  96.81458	  96.63759	 96.461806	 96.287312	  96.11419	  95.94252	 95.772377	 95.603839	 95.436977	 95.271862	 95.108561	 94.947139	 94.787659	  94.63018	 94.474758	 94.321449	 94.170302	 94.021365	 93.874683	 93.730298	 93.588249	 93.448572	 93.311298	 93.176459	 93.044079	 92.914183	 92.786792	 92.661922	 92.539588	 92.419801	 92.302571	 92.187902	 92.075799	  91.96626	 91.859285	 91.754867	 91.652999	 91.553672	 91.456872	 91.362586	 91.270795	 91.181482	 91.094624	 91.010199	 90.928182	 90.848546	 90.771262	 90.696301	 90.623631	 90.553218	  90.48503	 90.419029	  90.35518	 90.293444	 90.233784	  90.17616	 90.120531	 90.066857	 90.015096	 89.965206	 89.917146	 89.870871	  89.82634	 89.783509	 89.742334	 89.702773	 89.664783	 89.628319	  89.59334	 89.559802	 89.527663	 89.496881	 89.467413	  89.43922	 89.412258	  89.38649	 89.361874	 89.338371	 89.315943	 89.294552	  89.27416	 89.254732	 89.236231	 89.218623	 89.201873	 89.185947	 89.170814	 89.156441	 89.142797	 89.129852	 89.117576	 89.105942	 89.094921	 89.084487	 89.074613	 89.065275	 89.056447	 89.048107	 89.040232	 89.032799	 89.025787	 89.019177	 89.012948	 89.007081	 89.001559	 88.996363	 88.991478	 88.986886	 88.982573	 88.978523	 88.974724	  88.97116	 88.967819	  88.96469	 88.961759	 88.959016	 88.956451	 88.954052	 88.951811	 88.949717	 88.947763	  88.94594	  88.94424	 88.942656	 88.941181	 88.939807	 88.938528	 88.937339	 88.936234	 88.935207	 88.934254	 88.933369	 88.932548	 88.931788	 88.931082	 88.930429	 88.929825	 88.929266	 88.928749	 88.928271	  88.92783	 88.927422	 88.927046	 88.926699	  88.92638	 88.926085	 88.925814	 88.925565	 88.925335	 88.925124	  88.92493	 88.924752	 88.924589	 88.924439	 88.924301	 88.924176	  88.92406	 88.923955	 88.923858	  88.92377	 88.923689	 88.923616	 88.923549	 88.923487	 88.923432	 88.923381	 88.923335	 88.923293	 88.923255	  88.92322	 88.923189	 88.923161	 88.923135	 88.923112	 88.923092	 88.923073	 88.923057	 88.923042	 88.923029	 88.923018	 88.923008	    88.923	 88.922993	 88.922987	 88.922983	 88.922979	 88.922977	 88.922976	
        99	 98.789528	 98.579166	 98.369025	 98.159216	 97.949848	 97.741031	 97.532871	 97.325476	 97.118953	 96.913405	 96.708936	 96.505647	 96.303638	 96.103005	 95.903845	  95.70625	 95.510312	 95.316118	 95.123755	 94.933306	 94.744849	 94.558464	 94.374223	 94.192199	 94.012459	 93.835067	 93.660085	 93.487572	 93.317581	 93.150164	 92.985369	  92.82324	 92.663818	 92.507139	 92.353238	 92.202146	 92.053888	 91.908488	 91.765966	 91.626339	 91.489619	 91.355817	 91.224939	 91.096988	 90.971966	 90.849868	  90.73069	 90.614422	 90.501054	  90.39057	 90.282955	 90.178189	  90.07625	 89.977115	 89.880755	 89.787144	 89.696251	 89.608042	 89.522484	 89.439541	 89.359175	 89.281347	 89.206016	 89.133141	 89.062679	 88.994585	 88.928815	 88.865323	 88.804061	 88.744983	 88.688041	 88.633187	 88.580371	 88.529544	 88.480659	 88.433664	 88.388511	  88.34515	 88.303532	 88.263608	 88.225329	 88.188647	 88.153513	  88.11988	 88.087701	 88.056928	 88.027517	 87.999421	 87.972596	 87.946997	 87.922582	 87.899309	 87.877134	 87.856018	  87.83592	 87.816802	 87.798626	 87.781353	 87.764948	 87.749375	   87.7346	 87.720589	 87.707311	 87.694732	 87.682823	 87.671553	 87.660895	 87.650819	   87.6413	 87.632312	 87.623828	 87.615825	 87.608281	 87.601171	 87.594475	 87.588172	 87.582242	 87.576666	 87.571425	 87.566502	  87.56188	 87.557543	 87.553476	 87.549663	 87.546091	 87.542746	 87.539615	 87.536687	 87.533949	 87.531391	 87.529002	 87.526772	 87.524691	 87.522751	 87.520943	 87.519258	  87.51769	 87.516231	 87.514874	 87.513613	 87.512441	 87.511353	 87.510343	 87.509406	 87.508538	 87.507733	 87.506988	 87.506298	 87.505659	 87.505069	 87.504524	  87.50402	 87.503555	 87.503126	  87.50273	 87.502365	 87.502029	  87.50172	 87.501435	 87.501173	 87.500932	 87.500711	 87.500508	 87.500321	  87.50015	 87.499993	  87.49985	 87.499718	 87.499598	 87.499487	 87.499387	 87.499295	 87.499211	 87.499134	 87.499064	    87.499	 87.498942	  87.49889	 87.498842	 87.498798	 87.498759	 87.498723	 87.498691	 87.498662	 87.498636	 87.498612	 87.498591	 87.498573	 87.498556	 87.498541	 87.498528	 87.498517	 87.498508	   87.4985	 87.498493	 87.498488	 87.498484	 87.498482	  87.49848	
        99	 98.763569	 98.527263	 98.291206	  98.05552	 97.820331	 97.585759	 97.351926	 97.118953	 96.886959	  96.65606	 96.426374	 96.198012	 95.971088	 95.745711	 95.521988	 95.300023	  95.07992	 94.861776	 94.645688	  94.43175	 94.220051	 94.010678	 93.803714	 93.599241	 93.397332	 93.198062	   93.0015	  92.80771	 92.616754	 92.428689	 92.243569	 92.061444	  91.88236	 91.706358	 91.533476	 91.363749	 91.197206	 91.033873	 90.873774	 90.716926	 90.563344	  90.41304	  90.26602	 90.122289	 89.981847	 89.844691	 89.710814	 89.580207	 89.452857	 89.328747	  89.20786	 89.090173	 88.975661	 88.864299	 88.756055	 88.650899	 88.548795	 88.449707	 88.353598	 88.260425	 88.170147	  88.08272	 87.998099	 87.916236	 87.837084	 87.760592	  87.68671	 87.615387	  87.54657	 87.480205	 87.416241	 87.354621	 87.295291	 87.238196	 87.183281	  87.13049	 87.079768	 87.031059	 86.984308	 86.939461	 86.896461	 86.855254	 86.815787	 86.778006	 86.741858	 86.707291	 86.674252	 86.642691	 86.612557	 86.583802	 86.556376	 86.530231	 86.505322	 86.481602	 86.459026	  86.43755	 86.417131	 86.397728	   86.3793	 86.361806	 86.345209	 86.329471	 86.314554	 86.300424	 86.287046	 86.274386	 86.262413	 86.251095	 86.240402	 86.230305	 86.220775	 86.211786	  86.20331	 86.195324	 86.187802	 86.180722	  86.17406	 86.167796	 86.161909	 86.156379	 86.151187	 86.146315	 86.141746	 86.137463	  86.13345	 86.129693	 86.126176	 86.122887	 86.119811	 86.116938	 86.114254	 86.111749	 86.109411	 86.107232	 86.105201	 86.103309	 86.101547	 86.099908	 86.098384	 86.096967	  86.09565	 86.094428	 86.093294	 86.092241	 86.091266	 86.090362	 86.089524	  86.08875	 86.088033	  86.08737	 86.086757	 86.086191	 86.085669	 86.085186	 86.084742	 86.084332	 86.083955	 86.083607	 86.083287	 86.082993	 86.082722	 86.082474	 86.082245	 86.082036	 86.081844	 86.081668	 86.081506	 86.081358	 86.081223	 86.081099	 86.080986	 86.080883	 86.080788	 86.080702	 86.080624	 86.080552	 86.080487	 86.080428	 86.080374	 86.080325	 86.080281	 86.080241	 86.080205	 86.080172	 86.080143	 86.080116	 86.080093	 86.080072	 86.080053	 86.080036	 86.080022	  86.08001	 86.079999	  86.07999	 86.079982	 86.079977	 86.079972	 86.079969	 86.079968	
        99	 98.737734	 98.475606	 98.213754	 97.952314	 97.691425	  97.43122	 97.171836	 96.913405	  96.65606	 96.399931	 96.145146	 95.891831	  95.64011	 95.390105	 95.141935	 94.895716	  94.65156	 94.409579	 94.169879	 93.932563	 93.697731	 93.465479	 93.235901	 93.009083	 92.785112	 92.564067	 92.346025	 92.131059	 91.919237	 91.710622	 91.505273	 91.303247	 91.104594	 90.909359	 90.717586	 90.529312	 90.344571	 90.163391	 89.985797	  89.81181	 89.641445	 89.474717	 89.311632	 89.152195	 88.996406	 88.844263	 88.695757	 88.550878	 88.409611	  88.27194	 88.137843	 88.007296	 87.880271	  87.75674	 87.636668	 87.520021	  87.40676	 87.296845	 87.190233	 87.086879	 86.986736	 86.889756	 86.795888	  86.70508	 86.617278	 86.532427	 86.450472	 86.371355	 86.295018	 86.221403	 86.150448	 86.082095	 86.016282	 85.952948	 85.892032	 85.833473	 85.777208	 85.723177	 85.671317	 85.621569	  85.57387	 85.528161	 85.484381	 85.442472	 85.402374	 85.364029	  85.32738	  85.29237	 85.258944	 85.227046	 85.196623	 85.167622	 85.139991	 85.113678	 85.088635	 85.064813	 85.042163	  85.02064	 85.000198	 84.980793	 84.962382	 84.944923	 84.928377	 84.912703	 84.897863	  84.88382	 84.870539	 84.857984	 84.846122	 84.834922	  84.82435	 84.814379	 84.804977	 84.796118	 84.787774	  84.77992	 84.772531	 84.765582	 84.759052	 84.752918	 84.747158	 84.741754	 84.736686	 84.731935	 84.727483	 84.723315	 84.719415	 84.715766	 84.712354	 84.709166	 84.706189	  84.70341	 84.700818	   84.6984	 84.696147	 84.694048	 84.692094	 84.690276	 84.688585	 84.687013	 84.685553	 84.684197	 84.682939	 84.681771	 84.680689	 84.679686	 84.678758	 84.677898	 84.677103	 84.676367	 84.675688	  84.67506	  84.67448	 84.673946	 84.673452	 84.672998	 84.672579	 84.672193	 84.671839	 84.671512	 84.671212	 84.670936	 84.670683	 84.670451	 84.670238	 84.670042	 84.669863	 84.669699	 84.669549	 84.669412	 84.669286	 84.669172	 84.669067	 84.668971	 84.668884	 84.668805	 84.668733	 84.668667	 84.668607	 84.668553	 84.668504	  84.66846	  84.66842	 84.668383	 84.668351	 84.668321	 84.668295	 84.668272	 84.668251	 84.668233	 84.668217	 84.668203	 84.668191	 84.668181	 84.668173	 84.668166	 84.668162	 84.668159	 84.668157	
        99	 98.712034	  98.42422	 98.136708	  97.84965	 97.563195	 97.277493	 96.992691	 96.708936	 96.426374	 96.145146	 95.865393	 95.587256	 95.310868	 95.036365	 94.763876	  94.49353	 94.225449	 93.959756	 93.696567	 93.435996	 93.178152	 92.923142	 92.671066	 92.422023	 92.176104	 91.933399	 91.693991	  91.45796	  91.22538	 90.996323	 90.770852	 90.549029	 90.330909	 90.116543	 89.905978	 89.699255	  89.49641	 89.297476	 89.102479	 88.911443	 88.724384	 88.541318	 88.362252	 88.187191	 88.016137	 87.849084	 87.686026	  87.52695	  87.37184	 87.220678	 87.073441	 86.930101	  86.79063	 86.654993	 86.523155	 86.395078	 86.270718	 86.150032	 86.032973	 85.919491	 85.809535	 85.703052	 85.599986	 85.500279	 85.403873	 85.310708	 85.220722	 85.133852	 85.050035	 84.969205	 84.891298	 84.816246	 84.743984	 84.674444	 84.607559	 84.543262	 84.481483	 84.422157	 84.365216	 84.310593	  84.25822	 84.208032	 84.159962	 84.113946	 84.069919	 84.027816	 83.987576	 83.949136	 83.912434	  83.87741	 83.844006	 83.812163	 83.781824	 83.752933	 83.725436	 83.699279	  83.67441	 83.650777	 83.628332	 83.607026	 83.586811	 83.567642	 83.549474	 83.532264	 83.515969	 83.500551	 83.485968	 83.472183	 83.459159	 83.446861	 83.435254	 83.424305	 83.413982	 83.404255	 83.395093	  83.38647	 83.378356	 83.370727	 83.363556	 83.356821	 83.350497	 83.344564	 83.338998	 83.333782	 83.328895	 83.324318	 83.320035	 83.316028	 83.312283	 83.308783	 83.305514	 83.302462	 83.299616	 83.296961	 83.294487	 83.292183	 83.290037	 83.288041	 83.286184	 83.284459	 83.282855	 83.281366	 83.279985	 83.278703	 83.277515	 83.276414	 83.275394	  83.27445	 83.273577	 83.272769	 83.272023	 83.271334	 83.270698	  83.27011	 83.269569	  83.26907	  83.26861	 83.268187	 83.267797	 83.267438	 83.267109	 83.266806	 83.266528	 83.266273	 83.266039	 83.265824	 83.265628	 83.265448	 83.265283	 83.265132	 83.264994	 83.264869	 83.264754	 83.264649	 83.264553	 83.264466	 83.264387	 83.264315	 83.264249	  83.26419	 83.264136	 83.264087	 83.264043	 83.264003	 83.263967	 83.263935	 83.263906	 83.263881	 83.263858	 83.263838	  83.26382	 83.263805	 83.263792	 83.263781	 83.263772	 83.263765	  83.26376	 83.263756	 83.263754	
        99	 98.686483	  98.37313	 98.060107	 97.747578	 97.435705	 97.124652	  96.81458	 96.505647	 96.198012	 95.891831	 95.587256	 95.284438	 94.983527	 94.684666	 94.387999	 94.093664	 93.801797	 93.512528	 93.225986	 92.942294	 92.661572	 92.383934	 92.109492	  91.83835	 91.570611	  91.30637	 91.045719	 90.788745	 90.535528	 90.286146	 90.040669	 89.799163	 89.561689	 89.328302	 89.099053	 88.873987	 88.653144	 88.436558	 88.224259	 88.016271	 87.812615	 87.613305	  87.41835	 87.227757	 87.041524	 86.859649	 86.682122	 86.508931	 86.340058	 86.175484	 86.015181	 85.859123	 85.707276	 85.559604	 85.416068	 85.276626	 85.141232	 85.009837	 84.882391	  84.75884	 84.639128	 84.523196	 84.410985	 84.302431	 84.197471	 84.096039	 83.998068	 83.903491	 83.812236	 83.724234	 83.639414	 83.557703	 83.479029	 83.403319	 83.330499	 83.260496	 83.193236	 83.128646	 83.066653	 83.007182	 82.950162	 82.895521	 82.843186	 82.793087	 82.745153	 82.699315	 82.655504	 82.613652	 82.573694	 82.535563	 82.499195	 82.464526	 82.431495	 82.400041	 82.370104	 82.341626	  82.31455	 82.288821	 82.264384	 82.241187	 82.219178	 82.198308	 82.178528	 82.159791	 82.142051	 82.125264	 82.109387	 82.094379	   82.0802	  82.06681	 82.054173	 82.042253	 82.031014	 82.020423	 82.010449	  82.00106	 81.992227	 81.983921	 81.976114	 81.968781	 81.961896	 81.955436	 81.949377	 81.943698	 81.938377	 81.933394	 81.928731	 81.924369	 81.920291	  81.91648	 81.912921	 81.909599	   81.9065	  81.90361	 81.900916	 81.898407	 81.896072	 81.893898	 81.891877	 81.889998	 81.888252	 81.886631	 81.885127	 81.883731	 81.882438	 81.881239	 81.880129	 81.879101	 81.878151	 81.877271	 81.876459	 81.875709	 81.875016	 81.874377	 81.873787	 81.873244	 81.872743	 81.872282	 81.871858	 81.871467	 81.871109	 81.870779	 81.870477	 81.870199	 81.869944	  81.86971	 81.869496	   81.8693	 81.869121	 81.868957	 81.868807	  81.86867	 81.868544	  81.86843	 81.868326	 81.868231	 81.868145	 81.868067	 81.867995	  81.86793	 81.867872	 81.867819	 81.867771	 81.867727	 81.867688	 81.867653	 81.867622	 81.867594	 81.867569	 81.867547	 81.867528	 81.867512	 81.867497	 81.867486	 81.867476	 81.867468	 81.867462	 81.867459	 81.867457	
        99	 98.661092	 98.322362	 97.983988	 97.646148	 97.309018	 96.972774	  96.63759	 96.303638	 95.971088	  95.64011	 95.310868	 94.983527	 94.658245	 94.335181	 94.014488	 93.696316	 93.380811	 93.068116	 92.758367	   92.4517	 92.148243	  91.84812	 91.551451	 91.258351	 90.968928	 90.683287	 90.401527	 90.123741	 89.850018	 89.580439	 89.315081	 89.054016	  88.79731	 88.545022	 88.297207	 88.053914	 87.815185	 87.581059	 87.351566	 87.126734	 86.906585	 86.691133	  86.48039	  86.27436	 86.073045	  85.87644	 85.684536	 85.497319	  85.31477	 85.136867	 84.963583	 84.794885	 84.630741	 84.471109	 84.315949	 84.165214	 84.018855	 83.876819	 83.739052	 83.605494	 83.476087	 83.350766	 83.229467	 83.112122	 82.998661	 82.889015	  82.78311	 82.680873	 82.582228	 82.487099	 82.395409	 82.307081	 82.222035	 82.140194	 82.061476	 81.985804	 81.913097	 81.843276	 81.776262	 81.711975	 81.650337	 81.591271	 81.534697	 81.480541	 81.428725	 81.379174	 81.331815	 81.286575	  81.24338	 81.202161	 81.162847	 81.125371	 81.089665	 81.055663	 81.023302	 80.992517	 80.963249	 80.935436	  80.90902	 80.883944	 80.860153	 80.837593	 80.816211	 80.795956	  80.77678	 80.758633	 80.741471	 80.725247	 80.709919	 80.695445	 80.681785	 80.668899	  80.65675	 80.645302	  80.63452	 80.624371	 80.614822	 80.605843	 80.597404	 80.589477	 80.582035	 80.575051	 80.568502	 80.562362	  80.55661	 80.551224	 80.546183	 80.541468	  80.53706	 80.532941	 80.529093	 80.525502	 80.522152	 80.519028	 80.516116	 80.513404	 80.510879	  80.50853	 80.506345	 80.504313	 80.502426	 80.500674	 80.499048	  80.49754	 80.496141	 80.494845	 80.493645	 80.492534	 80.491507	 80.490557	 80.489678	 80.488867	 80.488118	 80.487427	  80.48679	 80.486202	 80.485661	 80.485163	 80.484704	 80.484282	 80.483895	 80.483538	 80.483211	 80.482911	 80.482636	 80.482383	 80.482152	  80.48194	 80.481746	 80.481568	 80.481406	 80.481258	 80.481123	 80.480999	 80.480887	 80.480784	 80.480691	 80.480606	 80.480529	 80.480459	 80.480396	 80.480338	 80.480286	 80.480239	 80.480197	 80.480159	 80.480126	 80.480095	 80.480069	 80.480045	 80.480024	 80.480006	 80.479991	 80.479978	 80.479967	 80.479959	 80.479953	 80.479949	 80.479947	
        99	 98.635874	  98.27194	 97.908388	  97.54541	 97.183194	 96.821931	 96.461806	 96.103005	 95.745711	 95.390105	 95.036365	 94.684666	 94.335181	 93.988079	 93.643523	 93.301676	 92.962695	 92.626732	 92.293936	  91.96445	 91.638413	 91.315959	 90.997215	 90.682305	 90.371347	 90.064452	 89.761726	 89.463271	  89.16918	 88.879542	 88.594439	 88.313949	 88.038142	 87.767082	 87.500827	 87.239431	 86.982938	 86.731391	 86.484822	 86.243261	  86.00673	 85.775247	 85.548822	 85.327463	 85.111168	 84.899934	 84.693751	 84.492603	 84.296471	  84.10533	 83.919152	 83.737902	 83.561544	 83.390035	 83.223329	 83.061378	 82.904128	 82.751524	 82.603505	  82.46001	 82.320974	 82.186328	 82.056003	 81.929926	 81.808023	 81.690218	 81.576433	 81.466589	 81.360604	 81.258396	 81.159884	 81.064984	  80.97361	 80.885678	 80.801104	 80.719801	 80.641684	 80.566668	 80.494667	 80.425597	 80.359373	 80.295911	 80.235128	 80.176942	  80.12127	 80.068033	  80.01715	 79.968543	 79.922134	 79.877848	 79.835609	 79.795344	 79.756981	  79.72045	  79.68568	 79.652605	 79.621159	 79.591276	 79.562895	 79.535953	 79.510392	 79.486153	  79.46318	 79.441418	 79.420815	 79.401318	 79.382878	 79.365448	 79.348979	 79.333428	 79.318751	 79.304907	 79.291854	 79.279554	  79.26797	 79.257065	 79.246806	 79.237159	 79.228092	 79.219575	 79.211579	 79.204076	 79.197039	 79.190443	 79.184263	 79.178476	  79.17306	 79.167994	 79.163258	 79.158832	 79.154698	  79.15084	  79.14724	 79.143884	 79.140756	 79.137842	 79.135129	 79.132605	 79.130257	 79.128075	 79.126047	 79.124165	 79.122417	 79.120797	 79.119294	 79.117902	 79.116613	 79.115419	 79.114315	 79.113294	  79.11235	 79.111479	 79.110674	 79.109932	 79.109247	 79.108616	 79.108034	 79.107499	 79.107006	 79.106553	 79.106137	 79.105754	 79.105402	  79.10508	 79.104784	 79.104512	 79.104264	 79.104036	 79.103828	 79.103637	 79.103463	 79.103304	 79.103158	 79.103026	 79.102905	 79.102795	 79.102694	 79.102603	  79.10252	 79.102445	 79.102377	 79.102315	  79.10226	 79.102209	 79.102164	 79.102123	 79.102087	 79.102054	 79.102026	    79.102	 79.101978	 79.101959	 79.101942	 79.101928	 79.101917	 79.101908	 79.101901	 79.101897	 79.101895	
        99	 98.610841	 98.221887	 97.833343	 97.445411	 97.058294	 96.672195	 96.287312	 95.903845	 95.521988	 95.141935	 94.763876	 94.387999	 94.014488	 93.643523	  93.27528	 92.909932	 92.547647	 92.188588	 91.832913	 91.480776	 91.132325	 90.787702	 90.447046	 90.110487	 89.778151	 89.450158	 89.126621	 88.807648	 88.493339	 88.183789	 87.879086	 87.579313	 87.284545	  86.99485	 86.710292	 86.430925	 86.156799	 85.887958	 85.624439	 85.366271	  85.11348	 84.866082	 84.624092	 84.387514	  84.15635	 83.930594	 83.710236	  83.49526	 83.285645	 83.081364	 82.882386	 82.688676	 82.500193	 82.316893	 82.138727	 81.965643	 81.797582	 81.634487	 81.476292	 81.322933	 81.174338	 81.030435	 80.891151	 80.756407	 80.626124	  80.50022	 80.378612	 80.261216	 80.147945	 80.038711	 79.933427	 79.832002	 79.734346	  79.64037	 79.549981	 79.463089	 79.379601	 79.299428	 79.222477	 79.148659	 79.077882	 79.010058	 78.945096	  78.88291	 78.823411	 78.766513	 78.712132	 78.660184	 78.610585	 78.563254	 78.518111	 78.475078	 78.434078	 78.395035	 78.357875	 78.322526	 78.288918	 78.256981	 78.226649	 78.197855	 78.170536	 78.144631	 78.120079	 78.096821	 78.074801	 78.053964	 78.034257	 78.015628	 77.998027	 77.981407	 77.965721	 77.950925	 77.936974	 77.923829	 77.911448	 77.899794	  77.88883	 77.878519	 77.868829	 77.859727	 77.851181	 77.843162	 77.835641	 77.828592	 77.821987	 77.815802	 77.810014	   77.8046	 77.799538	 77.794808	  77.79039	 77.786266	 77.782419	 77.778832	 77.775489	 77.772375	 77.769475	 77.766777	 77.764268	 77.761936	 77.759769	 77.757757	  77.75589	 77.754158	 77.752552	 77.751064	 77.749686	  77.74841	  77.74723	 77.746139	 77.745131	 77.744199	 77.743339	 77.742546	 77.741814	 77.741139	 77.740518	 77.739946	 77.739419	 77.738935	  77.73849	 77.738081	 77.737705	  77.73736	 77.737044	 77.736754	 77.736488	 77.736245	 77.736022	 77.735818	 77.735632	 77.735462	 77.735307	 77.735165	 77.735036	 77.734918	 77.734811	 77.734713	 77.734625	 77.734545	 77.734472	 77.734406	 77.734346	 77.734292	 77.734244	 77.734201	 77.734162	 77.734127	 77.734096	 77.734069	 77.734045	 77.734025	 77.734007	 77.733992	  77.73398	 77.733971	 77.733963	 77.733959	 77.733956	
        99	 98.586006	 98.172229	 97.758887	 97.346198	 96.934376	 96.523636	  96.11419	  95.70625	 95.300023	 94.895716	  94.49353	 94.093664	 93.696316	 93.301676	 92.909932	 92.521268	 92.135862	 91.753888	 91.375514	 91.000904	 90.630215	 90.263599	 89.901202	 89.543164	 89.189619	 88.840693	 88.496508	 88.157178	  87.82281	 87.493505	 87.169357	 86.850453	 86.536872	 86.228689	  85.92597	 85.628774	 85.337154	 85.051156	 84.770819	 84.496175	 84.227251	 83.964065	 83.706631	 83.454955	 83.209038	 82.968875	 82.734454	 82.505758	 82.282765	 82.065447	  81.85377	 81.647698	 81.447186	 81.252188	 81.062652	 80.878521	 80.699735	 80.526231	 80.357941	 80.194794	 80.036715	 79.883629	 79.735456	 79.592112	 79.453515	 79.319576	 79.190207	 79.065319	 78.944819	 78.828614	  78.71661	 78.608713	 78.504825	 78.404851	 78.308693	 78.216256	  78.12744	  78.04215	 77.960289	 77.881759	 77.806466	 77.734312	 77.665205	  77.59905	 77.535754	 77.475225	 77.417374	  77.36211	 77.309345	 77.258994	  77.21097	 77.165191	 77.121574	  77.08004	 77.040508	 77.002903	  76.96715	 76.933175	 76.900907	 76.870276	 76.841214	 76.813655	 76.787536	 76.762794	 76.739368	 76.717201	 76.696236	 76.676419	 76.657695	 76.640014	 76.623327	 76.607586	 76.592746	 76.578761	 76.565591	 76.553193	 76.541528	  76.53056	 76.520252	 76.510568	 76.501477	 76.492947	 76.484946	 76.477446	  76.47042	  76.46384	 76.457683	 76.451923	 76.446538	 76.441506	 76.436806	  76.43242	 76.428327	 76.424511	 76.420954	 76.417641	 76.414557	 76.411687	 76.409018	 76.406536	 76.404231	 76.402091	 76.400105	 76.398262	 76.396554	 76.394971	 76.393505	 76.392148	 76.390892	 76.389732	 76.388659	 76.387668	 76.386753	 76.385909	  76.38513	 76.384413	 76.383752	 76.383143	 76.382583	 76.382068	 76.381594	 76.381159	 76.380759	 76.380392	 76.380056	 76.379747	 76.379465	 76.379206	 76.378969	 76.378752	 76.378554	 76.378373	 76.378208	 76.378057	 76.377919	 76.377794	  76.37768	 76.377577	 76.377482	 76.377397	 76.377319	 76.377249	 76.377186	 76.377129	 76.377077	 76.377031	  76.37699	 76.376953	  76.37692	 76.376891	 76.376866	 76.376844	 76.376825	 76.376809	 76.376797	 76.376786	 76.376779	 76.376774	 76.376771	
        99	 98.561378	 98.122986	 97.685056	 97.247816	 96.811496	 96.376322	  95.94252	 95.510312	  95.07992	  94.65156	 94.225449	 93.801797	 93.380811	 92.962695	 92.547647	 92.135862	 91.727529	 91.322832	  90.92195	 90.525054	 90.132314	 89.743889	 89.359934	 88.980597	  88.60602	 88.236338	 87.871678	 87.512162	 87.157903	 86.809008	 86.465577	 86.127702	 85.795467	 85.468951	 85.148224	 84.833348	 84.524381	 84.221369	 83.924355	 83.633373	 83.348451	 83.069609	  82.79686	 82.530213	 82.269667	 82.015217	 81.766851	  81.52455	 81.288292	 81.058046	 80.833777	 80.615446	 80.403007	 80.196409	 79.995597	 79.800512	 79.611091	 79.427265	 79.248964	 79.076112	  78.90863	 78.746437	 78.589449	 78.437578	 78.290736	 78.148829	 78.011765	 77.879447	 77.751779	 77.628661	 77.509994	 77.395678	  77.28561	 77.179689	 77.077811	 76.979875	 76.885776	 76.795412	 76.708681	  76.62548	 76.545707	 76.469262	 76.396043	 76.325953	 76.258891	 76.194762	 76.133469	 76.074918	 76.019014	 75.965668	 75.914787	 75.866285	 75.820073	 75.776067	 75.734185	 75.694343	 75.656463	 75.620466	 75.586279	 75.553825	 75.523034	 75.493836	 75.466163	 75.439949	  75.41513	 75.391645	 75.369433	 75.348436	 75.328598	 75.309866	 75.292186	 75.275509	 75.259786	 75.244969	 75.231015	  75.21788	 75.205521	 75.193901	 75.182979	  75.17272	 75.163088	  75.15405	 75.145573	 75.137627	 75.130183	 75.123212	 75.116688	 75.110586	  75.10488	 75.099549	  75.09457	 75.089922	 75.085586	 75.081543	 75.077775	 75.074265	 75.070997	 75.067956	 75.065128	 75.062499	 75.060057	 75.057789	 75.055685	 75.053732	 75.051922	 75.050245	 75.048692	 75.047255	 75.045924	 75.044695	 75.043558	 75.042508	 75.041539	 75.040644	  75.03982	 75.039059	 75.038359	 75.037714	 75.037121	 75.036575	 75.036073	 75.035612	 75.035188	   75.0348	 75.034443	 75.034116	 75.033817	 75.033542	 75.033291	 75.033062	 75.032852	  75.03266	 75.032485	 75.032325	  75.03218	 75.032047	 75.031926	 75.031817	 75.031717	 75.031626	 75.031544	  75.03147	 75.031403	 75.031342	 75.031287	 75.031238	 75.031195	 75.031156	 75.031121	  75.03109	 75.031063	  75.03104	  75.03102	 75.031004	  75.03099	 75.030979	 75.030971	 75.030966	 75.030963	
