Time step 13:
        99	        99	        99	        99	        99	        99	        99	        99	        99	        99	        99	        99	        99	        99	        99	        99	        99	        99	        99	        99	        99	        99	        99	        99	        99	        99	        99	        99	        99	        99	        99	        99	        99	        99	        99	        99	        99	        99	        99	        99	        99	        99	        99	        99	        99	        99	        99	        99	        99	        99	        99	        99	        99	        99	        99	        99	        99	        99	        99	        99	        99	        99	        99	        99	        99	        99	        99	        99	        99	        99	        99	        99	        99	        99	        99	        99	        99	        99	        99	        99	        99	        99	        99	        99	        99	        99	        99	        99	        99	        99	        99	        99	        99	        99	        99	        99	        99	        99	        99	        99	        99	        99	        99	        99	        99	        99	        99	        99	        99	        99	        99	        99	        99	        99	        99	        99	        99	        99	        99	        99	        99	        99	        99	        99	        99	        99	        99	        99	        99	        99	        99	        99	        99	        99	        99	        99	        99	        99	        99	        99	        99	        99	        99	        99	        99	        99	        99	        99	        99	        99	        99	        99	        99	        99	        99	        99	        99	        99	        99	        99	        99	        99	        99	        99	        99	        99	        99	        99	        99	        99	        99	        99	        99	        99	        99	        99	        99	        99	        99	        99	        99	        99	        99	        99	        99	        99	        99	        99	        99	        99	        99	        99	        99	        99	        99	        99	        99	        99	        99	        99	
        99	 98.951167	 98.902381	  98.85369	  98.80514	 98.756779	 98.708652	 98.660805	 98.613282	 98.566127	 98.519383	  98.47309	  98.42729	  98.38202	 98.337318	  98.29322	  98.24976	 98.206971	 98.164882	 98.123522	 98.082919	 98.043097	  98.00408	 97.965887	 97.928538	  97.89205	 97.856437	 97.821712	 97.787886	 97.754968	 97.722963	 97.691878	 97.661716	 97.632476	 97.604158	 97.576761	 97.550279	 97.524707	 97.500037	 97.476262	  97.45337	  97.43135	  97.41019	 97.389876	 97.370393	 97.351724	 97.333854	 97.316765	 97.300438	 97.284854	 97.269995	  97.25584	 97.242369	 97.229561	 97.217396	 97.205852	 97.194909	 97.184544	 97.174738	 97.165469	 97.156715	 97.148457	 97.140674	 97.133346	 97.126452	 97.119974	 97.113892	 97.108187	 97.102842	 97.097838	 97.093158	 97.088786	 97.084704	 97.080899	 97.077353	 97.074054	 97.070986	 97.068136	 97.065491	  97.06304	 97.060769	 97.058668	 97.056725	 97.054931	 97.053276	 97.051751	 97.050346	 97.049054	 97.047867	 97.046776	 97.045776	 97.044859	  97.04402	 97.043253	 97.042552	 97.041912	 97.041328	 97.040796	 97.040312	 97.039872	 97.039472	 97.039109	  97.03878	 97.038482	 97.038212	 97.037968	 97.037748	 97.037549	  97.03737	 97.037209	 97.037064	 97.036933	 97.036816	 97.036711	 97.036617	 97.036532	 97.036457	 97.036389	 97.036329	 97.036276	 97.036228	 97.036185	 97.036147	 97.036114	 97.036084	 97.036057	 97.036034	 97.036013	 97.035995	 97.035979	 97.035964	 97.035952	  97.03594	 97.035931	 97.035922	 97.035915	 97.035908	 97.035902	 97.035897	 97.035893	 97.035889	 97.035885	 97.035882	  97.03588	 97.035878	 97.035876	 97.035874	 97.035872	 97.035871	  97.03587	 97.035869	 97.035868	 97.035868	 97.035867	 97.035866	 97.035866	 97.035865	 97.035865	 97.035865	 97.035865	 97.035864	 97.035864	 97.035864	 97.035864	 97.035864	 97.035864	 97.035864	 97.035864	 97.035863	 97.035863	 97.035863	 97.035863	 97.035863	 97.035863	 97.035863	 97.035863	 97.035863	 97.035863	 97.035863	 97.035863	 97.035863	 97.035863	 97.035863	 97.035863	 97.035863	 97.035863	 97.035863	 97.035863	 97.035863	 97.035863	 97.035863	 97.035863	 97.035863	 97.035863	 97.035863	 97.035863	 97.035863	 97.035863	 97.035863	 97.035863	
        99	 98.902381	 98.804857	 98.707522	  98.61047	 98.513795	 98.417588	  98.32194	  98.22694	 98.132676	 98.039232	 97.946692	 97.855135	  97.76464	  97.67528	 97.587127	 97.500249	 97.414711	 97.330574	 97.247896	 97.166729	 97.087124	 97.009126	 96.932778	 96.858116	 96.785175	 96.713984	 96.644568	 96.576949	 96.511144	 96.447167	 96.385027	 96.324731	 96.266279	 96.209672	 96.154903	 96.101965	 96.050846	 96.001531	 95.954003	 95.908241	 95.864224	 95.821924	 95.781316	 95.742368	 95.705049	 95.669326	 95.635164	 95.602526	 95.571374	  95.54167	 95.513374	 95.486445	 95.460842	 95.436523	 95.413447	  95.39157	 95.370851	 95.351248	 95.332719	 95.315221	 95.298713	 95.283154	 95.268504	 95.254724	 95.241774	 95.229615	 95.218211	 95.207526	 95.197522	 95.188167	 95.179427	 95.171269	 95.163661	 95.156574	 95.149978	 95.143845	 95.138148	 95.132861	  95.12796	  95.12342	  95.11922	 95.115337	 95.111751	 95.108443	 95.105394	 95.102586	 95.100003	 95.097629	 95.095449	 95.093449	 95.091617	  95.08994	 95.088406	 95.087004	 95.085724	 95.084557	 95.083494	 95.082526	 95.081646	 95.080847	 95.080122	 95.079464	 95.078868	 95.078329	 95.077841	 95.077401	 95.077004	 95.076646	 95.076323	 95.076033	 95.075772	 95.075538	 95.075328	  95.07514	 95.074971	  95.07482	 95.074686	 95.074565	 95.074458	 95.074362	 95.074277	 95.074202	 95.074134	 95.074075	 95.074022	 95.073975	 95.073933	 95.073897	 95.073864	 95.073835	  95.07381	 95.073788	 95.073768	 95.073751	 95.073736	 95.073723	 95.073711	 95.073701	 95.073692	 95.073685	 95.073678	 95.073672	 95.073667	 95.073662	 95.073658	 95.073655	 95.073652	 95.073649	 95.073647	 95.073645	 95.073644	 95.073642	 95.073641	  95.07364	 95.073639	 95.073638	 95.073637	 95.073637	 95.073636	 95.073636	 95.073636	 95.073635	 95.073635	 95.073635	 95.073635	 95.073634	 95.073634	 95.073634	 95.073634	 95.073634	 95.073634	 95.073634	 95.073634	 95.073634	 95.073634	 95.073634	 95.073634	 95.073634	 95.073634	 95.073634	 95.073633	 95.073633	 95.073633	 95.073633	 95.073633	 95.073633	 95.073633	 95.073633	 95.073633	 95.073633	 95.073633	 95.073633	 95.073633	 95.073633	 95.073633	 95.073633	 95.073633	 95.073633	 95.073633	
        99	  98.85369	 98.707522	 98.561637	 98.416177	 98.271282	 98.127088	 97.983732	 97.841348	 97.700066	 97.560014	 97.421316	 97.284092	 97.148458	 97.014527	 96.882404	 96.752193	  96.62399	 96.497886	 96.373969	 96.252317	 96.133006	 96.016104	 95.901674	 95.789772	 95.680449	 95.573748	 95.469709	 95.368362	 95.269735	 95.173847	 95.080712	 94.990341	 94.902735	 94.817892	 94.735805	 94.656462	 94.579845	 94.505933	 94.434699	 94.366112	 94.300139	 94.236741	 94.175877	 94.117503	  94.06157	 94.008029	 93.956827	 93.907909	  93.86122	   93.8167	  93.77429	 93.733929	 93.695555	 93.659107	  93.62452	 93.591732	 93.560679	 93.531298	 93.503526	   93.4773	 93.452558	 93.429239	 93.407282	 93.386628	 93.367219	 93.348996	 93.331904	 93.315888	 93.300896	 93.286874	 93.273774	 93.261547	 93.250144	 93.239522	 93.229636	 93.220444	 93.211906	 93.203982	 93.196636	 93.189832	 93.183537	 93.177717	 93.172343	 93.167385	 93.162814	 93.158606	 93.154734	 93.151176	 93.147909	 93.144912	 93.142166	 93.139652	 93.137353	 93.135252	 93.133334	 93.131585	 93.129991	 93.128541	 93.127222	 93.126024	 93.124937	 93.123951	 93.123058	  93.12225	 93.121519	 93.120859	 93.120264	 93.119727	 93.119244	 93.118809	 93.118418	 93.118067	 93.117752	  93.11747	 93.117217	 93.116991	 93.116789	 93.116609	 93.116448	 93.116305	 93.116177	 93.116064	 93.115963	 93.115874	 93.115794	 93.115724	 93.115662	 93.115607	 93.115558	 93.115515	 93.115477	 93.115444	 93.115415	 93.115389	 93.115366	 93.115347	 93.115329	 93.115314	 93.115301	 93.115289	 93.115279	  93.11527	 93.115262	 93.115255	  93.11525	 93.115244	  93.11524	 93.115236	 93.115233	  93.11523	 93.115228	 93.115225	 93.115224	 93.115222	 93.115221	 93.115219	 93.115218	 93.115218	 93.115217	 93.115216	 93.115216	 93.115215	 93.115215	 93.115214	 93.115214	 93.115214	 93.115214	 93.115213	 93.115213	 93.115213	 93.115213	 93.115213	 93.115213	 93.115213	 93.115213	 93.115213	 93.115213	 93.115213	 93.115213	 93.115213	 93.115212	 93.115212	 93.115212	 93.115212	 93.115212	 93.115212	 93.115212	 93.115212	 93.115212	 93.115212	 93.115212	 93.115212	 93.115212	 93.115212	 93.115212	 93.115212	 93.115212	 93.115212	 93.115212	
        99	  98.80514	  98.61047	 98.416177	  98.22245	 98.029474	 97.837433	 97.646509	 97.456878	 97.268715	  97.08219	 96.897468	  96.71471	  96.53407	 96.355696	 96.179732	 96.006313	 95.835569	 95.667621	 95.502585	 95.340566	 95.181665	 95.025972	 94.873571	 94.724537	 94.578937	 94.436831	 94.298268	 94.163292	 94.031938	 93.904232	 93.780193	 93.659834	 93.543158	 93.430162	 93.320837	 93.215166	 93.113126	 93.014687	 92.919816	 92.828471	 92.740606	 92.656171	 92.575111	 92.497366	 92.422873	 92.351566	 92.283374	 92.218225	 92.156042	 92.096749	 92.040266	 91.986513	 91.935406	 91.886863	 91.840799	 91.797131	 91.755774	 91.716644	 91.679656	 91.644728	 91.611776	 91.580719	 91.551477	 91.523969	 91.498119	 91.473849	 91.451086	 91.429756	 91.409788	 91.391114	 91.373667	 91.357382	 91.342196	 91.328049	 91.314883	 91.302641	 91.291269	 91.280716	 91.270933	 91.261871	 91.253487	 91.245736	 91.238579	 91.231975	 91.225888	 91.220283	 91.215127	 91.210388	 91.206037	 91.202046	 91.198388	  91.19504	 91.191978	  91.18918	 91.186625	 91.184296	 91.182174	 91.180242	 91.178486	  91.17689	 91.175442	 91.174129	 91.172939	 91.171863	  91.17089	 91.170011	 91.169218	 91.168503	  91.16786	  91.16728	  91.16676	 91.166292	 91.165873	 91.165497	 91.165161	  91.16486	 91.164591	 91.164351	 91.164136	 91.163945	 91.163776	 91.163624	  91.16349	 91.163371	 91.163265	 91.163172	 91.163089	 91.163016	 91.162951	 91.162894	 91.162843	 91.162799	  91.16276	 91.162726	 91.162696	 91.162669	 91.162646	 91.162626	 91.162608	 91.162593	 91.162579	 91.162567	 91.162557	 91.162548	  91.16254	 91.162533	 91.162527	 91.162522	 91.162518	 91.162514	 91.162511	 91.162508	 91.162505	 91.162503	 91.162501	   91.1625	 91.162498	 91.162497	 91.162496	 91.162495	 91.162495	 91.162494	 91.162494	 91.162493	 91.162493	 91.162492	 91.162492	 91.162492	 91.162492	 91.162491	 91.162491	 91.162491	 91.162491	 91.162491	 91.162491	 91.162491	 91.162491	 91.162491	 91.162491	 91.162491	 91.162491	 91.162491	 91.162491	 91.162491	 91.162491	 91.162491	 91.162491	 91.162491	 91.162491	 91.162491	 91.162491	 91.162491	 91.162491	 91.162491	 91.162491	 91.162491	 91.162491	 91.162491	 91.162491	
        99	 98.756779	 98.513795	 98.271282	 98.029474	 97.788605	 97.548902	 97.310593	 97.073899	 96.839037	 96.606219	 96.375652	 96.147536	 95.922064	 95.699421	 95.479785	 95.263326	 95.050206	 94.840576	  94.63458	 94.432351	 94.234013	 94.039679	 93.849455	 93.663433	 93.481698	 93.304323	 93.131371	 92.962896	 92.798941	 92.639541	 92.484718	 92.334487	 92.188854	 92.047815	 91.911357	  91.77946	 91.652095	 91.529225	 91.410808	 91.296792	 91.187121	 91.081731	 90.980553	 90.883513	 90.790532	 90.701528	 90.616411	 90.535093	 90.457478	 90.383469	 90.312968	 90.245874	 90.182083	 90.121492	 90.063996	  90.00949	 89.957869	 89.909027	  89.86286	 89.819263	 89.778133	 89.739369	 89.702868	 89.668534	 89.636268	 89.605975	 89.577562	 89.550938	 89.526015	 89.502707	 89.480929	 89.460603	 89.441648	  89.42399	 89.407555	 89.392275	 89.378081	 89.364909	 89.352698	 89.341387	 89.330922	 89.321248	 89.312314	 89.304071	 89.296473	 89.289477	 89.283041	 89.277126	 89.271696	 89.266714	 89.262149	  89.25797	 89.254147	 89.250655	 89.247466	 89.244559	  89.24191	 89.239499	 89.237306	 89.235315	 89.233507	 89.231868	 89.230384	  89.22904	 89.227826	 89.226729	 89.225739	 89.224847	 89.224043	  89.22332	 89.222671	 89.222087	 89.221564	 89.221095	 89.220675	 89.220299	 89.219963	 89.219663	 89.219396	 89.219158	 89.218946	 89.218757	  89.21859	 89.218441	 89.218309	 89.218192	 89.218089	 89.217997	 89.217916	 89.217845	 89.217782	 89.217727	 89.217678	 89.217635	 89.217598	 89.217565	 89.217536	 89.217511	 89.217488	 89.217469	 89.217452	 89.217437	 89.217425	 89.217413	 89.217404	 89.217395	 89.217388	 89.217381	 89.217376	 89.217371	 89.217367	 89.217363	  89.21736	 89.217358	 89.217355	 89.217353	 89.217352	  89.21735	 89.217349	 89.217348	 89.217347	 89.217346	 89.217346	 89.217345	 89.217344	 89.217344	 89.217344	 89.217343	 89.217343	 89.217343	 89.217343	 89.217343	 89.217342	 89.217342	 89.217342	 89.217342	 89.217342	 89.217342	 89.217342	 89.217342	 89.217342	 89.217342	 89.217342	 89.217342	 89.217342	 89.217342	 89.217342	 89.217342	 89.217342	 89.217342	 89.217342	 89.217342	 89.217342	 89.217342	 89.217342	 89.217342	 89.217342	 89.217342	 89.217342	
        99	 98.708652	 98.417588	 98.127088	 97.837433	 97.548902	 97.261769	 96.976305	 96.692775	 96.411441	 96.132555	 95.856365	 95.583111	 95.313023	 95.046325	 94.783229	  94.52394	 94.268649	 94.017539	 93.770782	 93.528537	 93.290953	 93.058166	 92.830301	 92.607471	 92.389775	 92.177302	 91.970128	 91.768316	  91.57192	 91.380978	 91.195519	 91.015562	 90.841112	 90.672165	 90.508706	  90.35071	 90.198143	 90.050961	 89.909112	 89.772536	 89.641163	 89.514919	 89.393721	 89.277479	   89.1661	 89.059484	 88.957526	 88.860116	 88.767143	  88.67849	 88.594039	 88.513668	 88.437255	 88.364675	 88.295802	 88.230512	 88.168676	  88.11017	 88.054867	 88.002643	 87.953375	  87.90694	 87.863217	 87.822089	 87.783438	 87.747151	 87.713116	 87.681224	 87.651369	 87.623449	 87.597363	 87.573014	 87.550308	 87.529156	  87.50947	 87.491166	 87.474163	 87.458385	 87.443757	 87.430209	 87.417673	 87.406084	 87.395382	 87.385509	 87.376408	 87.368027	 87.360318	 87.353232	 87.346727	  87.34076	 87.335291	 87.330285	 87.325706	 87.321523	 87.317704	 87.314221	 87.311048	 87.308159	 87.305533	 87.303147	 87.300982	 87.299019	 87.297241	 87.295631	 87.294177	 87.292863	 87.291677	 87.290608	 87.289646	  87.28878	 87.288001	 87.287302	 87.286675	 87.286114	  87.28561	  87.28516	 87.284758	 87.284399	 87.284079	 87.283793	 87.283539	 87.283313	 87.283113	 87.282935	 87.282777	 87.282637	 87.282513	 87.282403	 87.282306	 87.282221	 87.282146	 87.282079	 87.282021	  87.28197	 87.281925	 87.281885	 87.281851	  87.28182	 87.281794	 87.281771	  87.28175	 87.281733	 87.281717	 87.281704	 87.281692	 87.281682	 87.281673	 87.281666	 87.281659	 87.281653	 87.281648	 87.281644	  87.28164	 87.281637	 87.281634	 87.281632	  87.28163	 87.281628	 87.281627	 87.281625	 87.281624	 87.281623	 87.281623	 87.281622	 87.281621	 87.281621	  87.28162	  87.28162	  87.28162	 87.281619	 87.281619	 87.281619	 87.281619	 87.281619	 87.281619	 87.281619	 87.281618	 87.281618	 87.281618	 87.281618	 87.281618	 87.281618	 87.281618	 87.281618	 87.281618	 87.281618	 87.281618	 87.281618	 87.281618	 87.281618	 87.281618	 87.281618	 87.281618	 87.281618	 87.281618	 87.281618	 87.281618	 87.281618	 87.281618	
        99	 98.660805	  98.32194	 97.983732	 97.646509	 97.310593	 96.976305	  96.64396	 96.313867	 95.986329	 95.661643	 95.340095	 95.021965	 94.707522	 94.397025	 94.090722	  93.78885	 93.491633	 93.199284	 92.912003	 92.629975	 92.353373	 92.082357	 91.817071	 91.557645	 91.304198	 91.056831	 90.815633	 90.580679	 90.352029	 90.129729	 89.913813	 89.704302	 89.501203	  89.30451	 89.114206	 88.930263	 88.752641	 88.581288	 88.416143	 88.257137	  88.10419	 87.957213	 87.816111	 87.680779	 87.551109	 87.426984	 87.308281	 87.194874	 87.086632	 86.983421	   86.8851	  86.79153	 86.702568	 86.618068	 86.537885	 86.461871	 86.389881	 86.321766	 86.257381	 86.196581	 86.139222	 86.085161	 86.034258	 85.986375	 85.941377	  85.89913	 85.859505	 85.822376	 85.787619	 85.755113	 85.724742	 85.696395	  85.66996	 85.645334	 85.622415	 85.601105	  85.58131	 85.562941	 85.545911	 85.530138	 85.515543	 85.502051	 85.489592	 85.478096	 85.467501	 85.457744	 85.448768	  85.44052	 85.432946	 85.425998	 85.419632	 85.413804	 85.408473	 85.403602	 85.399156	 85.395101	 85.391407	 85.388044	 85.384987	 85.382209	 85.379688	 85.377403	 85.375332	 85.373459	 85.371765	 85.370235	 85.368855	 85.367611	  85.36649	 85.365482	 85.364576	 85.363762	 85.363032	 85.362378	 85.361792	 85.361268	   85.3608	 85.360382	 85.360009	 85.359677	 85.359381	 85.359118	 85.358884	 85.358677	 85.358493	  85.35833	 85.358186	 85.358058	 85.357946	 85.357846	 85.357759	 85.357681	 85.357613	 85.357554	 85.357501	 85.357455	 85.357415	  85.35738	 85.357349	 85.357322	 85.357298	 85.357278	  85.35726	 85.357244	  85.35723	 85.357219	 85.357208	 85.357199	 85.357192	 85.357185	 85.357179	 85.357174	  85.35717	 85.357166	 85.357163	  85.35716	 85.357158	 85.357156	 85.357154	 85.357153	 85.357151	  85.35715	 85.357149	 85.357149	 85.357148	 85.357147	 85.357147	 85.357146	 85.357146	 85.357146	 85.357146	 85.357145	 85.357145	 85.357145	 85.357145	 85.357145	 85.357145	 85.357145	 85.357145	 85.357144	 85.357144	 85.357144	 85.357144	 85.357144	 85.357144	 85.357144	 85.357144	 85.357144	 85.357144	 85.357144	 85.357144	 85.357144	 85.357144	 85.357144	 85.357144	 85.357144	 85.357144	 85.357144	 85.357144	
        99	 98.613282	  98.22694	 97.841348	 97.456878	 97.073899	 96.692775	 96.313867	 95.937526	 95.564099	 95.193923	 94.827324	 94.464623	 94.106125	 93.752126	 93.402908	 93.058742	 92.719884	 92.386575	 92.059044	 91.737503	 91.422148	 91.113161	 90.810706	 90.514934	 90.225978	 89.943954	 89.668963	  89.40109	 89.140405	  88.88696	 88.640794	 88.401929	 88.170374	 87.946124	 87.729158	 87.519443	 87.316935	 87.121574	 86.933293	 86.752009	 86.577633	 86.410064	 86.249192	   86.0949	 85.947063	 85.805547	 85.670213	 85.540917	 85.417511	 85.299838	 85.187743	 85.081063	 84.979637	 84.883298	 84.791881	 84.705217	 84.623141	 84.545483	 84.472077	 84.402759	 84.337363	 84.275728	 84.217693	 84.163101	 84.111799	 84.063633	 84.018457	 83.976126	 83.936498	 83.899438	 83.864813	 83.832494	 83.802356	  83.77428	 83.748149	 83.723853	 83.701285	 83.680342	 83.660926	 83.642943	 83.626303	 83.610922	 83.596716	  83.58361	  83.57153	 83.560407	 83.550174	 83.540769	 83.532134	 83.524213	 83.516955	  83.51031	 83.504233	 83.498679	  83.49361	 83.488987	 83.484776	 83.480942	 83.477456	 83.474289	 83.471415	 83.468809	 83.466449	 83.464313	 83.462382	 83.460638	 83.459064	 83.457645	 83.456368	 83.455218	 83.454185	 83.453258	 83.452425	 83.451679	 83.451012	 83.450414	  83.44988	 83.449404	 83.448979	   83.4486	 83.448263	 83.447963	 83.447696	  83.44746	  83.44725	 83.447064	   83.4469	 83.446755	 83.446626	 83.446513	 83.446413	 83.446325	 83.446247	 83.446179	  83.44612	 83.446067	 83.446021	 83.445981	 83.445946	 83.445915	 83.445888	 83.445864	 83.445844	 83.445826	 83.445811	 83.445797	 83.445786	 83.445775	 83.445767	 83.445759	 83.445752	 83.445747	 83.445742	 83.445738	 83.445734	 83.445731	 83.445728	 83.445726	 83.445724	 83.445722	 83.445721	 83.445719	 83.445718	 83.445718	 83.445717	 83.445716	 83.445716	 83.445715	 83.445715	 83.445714	 83.445714	 83.445714	 83.445714	 83.445713	 83.445713	 83.445713	 83.445713	 83.445713	 83.445713	 83.445713	 83.445713	 83.445713	 83.445713	 83.445713	 83.445713	 83.445712	 83.445712	 83.445712	 83.445712	 83.445712	 83.445712	 83.445712	 83.445712	 83.445712	 83.445712	 83.445712	 83.445712	 83.445712	 83.445712	
        99	 98.566127	 98.132676	 97.700066	 97.268715	 96.839037	 96.411441	 95.986329	 95.564099	 95.145138	 94.729823	 94.318523	 93.911595	 93.509383	 93.112218	 92.720418	 92.334286	 91.954109	 91.580158	 91.212689	  90.85194	 90.498131	 90.151467	 89.812133	 89.480296	 89.156105	 88.839692	 88.531169	 88.230633	 87.938161	 87.653812	 87.377629	 87.109638	 86.849848	 86.598253	 86.354831	 86.119545	 85.892343	 85.673161	 85.461921	 85.258532	 85.062893	 84.874892	 84.694404	 84.521298	 84.355434	 84.196662	 84.044826	 83.899765	  83.76131	 83.629289	 83.503525	 83.383837	 83.270043	 83.161957	 83.059393	 82.962162	 82.870077	  82.78295	 82.700594	 82.622823	 82.549453	 82.480302	 82.415191	 82.353943	 82.296384	 82.242345	 82.191661	 82.144168	 82.099708	 82.058129	 82.019282	 81.983022	 81.949209	 81.917709	 81.888393	 81.861134	 81.835814	 81.812318	 81.790534	 81.770358	 81.751689	 81.734432	 81.718495	 81.703791	 81.690238	 81.677757	 81.666277	 81.655725	 81.646037	 81.637151	 81.629008	 81.621552	 81.614734	 81.608503	 81.602816	 81.597629	 81.592904	 81.588603	 81.584692	 81.581139	 81.577915	 81.574991	 81.572343	 81.569946	  81.56778	 81.565823	 81.564057	 81.562466	 81.561032	 81.559743	 81.558584	 81.557543	 81.556609	 81.555772	 81.555023	 81.554353	 81.553754	 81.553219	 81.552742	 81.552317	 81.551939	 81.551603	 81.551304	 81.551038	 81.550803	 81.550595	  81.55041	 81.550247	 81.550103	 81.549976	 81.549864	 81.549765	 81.549678	 81.549602	 81.549534	 81.549476	 81.549424	 81.549379	 81.549339	 81.549305	 81.549275	 81.549248	 81.549225	 81.549205	 81.549188	 81.549173	  81.54916	 81.549148	 81.549139	  81.54913	 81.549123	 81.549116	 81.549111	 81.549106	 81.549102	 81.549098	 81.549095	 81.549093	 81.549091	 81.549089	 81.549087	 81.549086	 81.549084	 81.549083	 81.549083	 81.549082	 81.549081	 81.549081	  81.54908	  81.54908	 81.549079	 81.549079	 81.549079	 81.549079	 81.549079	 81.549078	 81.549078	 81.549078	 81.549078	 81.549078	 81.549078	 81.549078	 81.549078	 81.549078	 81.549078	 81.549078	 81.549078	 81.549078	 81.549078	 81.549078	 81.549078	 81.549078	 81.549078	 81.549078	 81.549078	 81.549078	 81.549078	 81.549078	 81.549078	
        99	 98.519383	 98.039232	 97.560014	  97.08219	 96.606219	 96.132555	 95.661643	 95.193923	 94.729823	 94.269763	 93.814151	 93.363381	 92.917836	 92.477881	  92.04387	 91.616136	 91.194999	  90.78076	   90.3737	 89.974085	 89.582158	 89.198145	 88.822252	 88.454663	 88.095544	 87.745042	  87.40328	 87.070365	 86.746382	 86.431397	 86.125459	 85.828595	 85.540817	 85.262115	 84.992468	 84.731832	 84.480152	 84.237356	 84.003357	 83.778056	 83.561339	 83.353083	  83.15315	 82.961394	 82.777659	 82.601782	 82.433587	 82.272898	 82.119526	 81.973281	 81.833968	 81.701385	 81.575331	 81.455601	 81.341986	  81.23428	 81.132274	  81.03576	 80.944531	 80.858381	 80.777106	 80.700505	 80.628379	 80.560532	 80.496772	 80.436912	 80.380766	 80.328156	 80.278907	 80.232849	 80.189816	 80.149649	 80.112193	   80.0773	 80.044825	  80.01463	 79.986582	 79.960554	 79.936423	 79.914073	 79.893393	 79.874277	 79.856622	 79.840334	 79.825321	 79.811496	 79.798778	  79.78709	 79.776359	 79.766515	 79.757494	 79.749236	 79.741682	 79.734781	 79.728481	 79.722735	 79.717501	 79.712736	 79.708404	 79.704468	 79.700896	 79.697658	 79.694724	  79.69207	  79.68967	 79.687502	 79.685546	 79.683783	 79.682195	 79.680767	 79.679483	  79.67833	 79.677296	 79.676369	 79.675539	 79.674796	 79.674133	  79.67354	 79.673012	 79.672541	 79.672122	  79.67175	 79.671418	 79.671125	 79.670864	 79.670633	 79.670429	 79.670248	 79.670088	 79.669948	 79.669823	 79.669714	 79.669618	 79.669533	 79.669459	 79.669394	 79.669336	 79.669286	 79.669243	 79.669204	 79.669171	 79.669142	 79.669116	 79.669094	 79.669075	 79.669058	 79.669044	 79.669031	  79.66902	 79.669011	 79.669003	 79.668996	 79.668989	 79.668984	  79.66898	 79.668976	 79.668972	  79.66897	 79.668967	 79.668965	 79.668963	 79.668962	  79.66896	 79.668959	 79.668958	 79.668957	 79.668957	 79.668956	 79.668956	 79.668955	 79.668955	 79.668954	 79.668954	 79.668954	 79.668954	 79.668954	 79.668953	 79.668953	 79.668953	 79.668953	 79.668953	 79.668953	 79.668953	 79.668953	 79.668953	 79.668953	 79.668953	 79.668953	 79.668953	 79.668953	 79.668953	 79.668953	 79.668953	 79.668953	 79.668953	 79.668953	 79.668953	 79.668953	 79.668953	
        99	  98.47309	 97.946692	 97.421316	 96.897468	 96.375652	 95.856365	 95.340095	 94.827324	 94.318523	 93.814151	 93.314654	 92.820467	 92.332007	 91.849676	 91.373861	 90.904929	 90.443228	  89.98909	 89.542823	 89.104717	  88.67504	 88.254039	  87.84194	 87.438945	 87.045237	 86.660974	 86.286294	 85.921313	 85.566124	 85.220801	 84.885395	 84.559937	  84.24444	 83.938894	 83.643274	 83.357535	 83.081613	 82.815431	 82.558894	 82.311892	 82.074301	 81.845985	 81.626795	  81.41657	 81.215138	  81.02232	 80.837925	 80.661758	 80.493614	 80.333283	 80.180551	 80.035198	 79.897003	  79.76574	 79.641182	 79.523102	  79.41127	  79.30546	 79.205444	 79.110996	 79.021893	 78.937914	 78.858841	 78.784459	 78.714558	 78.648931	 78.587378	 78.529701	 78.475708	 78.425213	 78.378036	    78.334	 78.292936	 78.254682	 78.219079	 78.185976	 78.155226	 78.126691	 78.100236	 78.075734	 78.053062	 78.032104	 78.012749	 77.994892	 77.978433	 77.963277	 77.949334	  77.93652	 77.924755	 77.913963	 77.904073	 77.895019	 77.886738	 77.879172	 77.872265	 77.865966	 77.860228	 77.855004	 77.850255	  77.84594	 77.842024	 77.838473	 77.835257	 77.832347	 77.829716	  77.82734	 77.825195	 77.823262	 77.821522	 77.819956	 77.818548	 77.817284	  77.81615	 77.815134	 77.814224	  77.81341	 77.812682	 77.812033	 77.811454	 77.810938	 77.810478	  77.81007	 77.809707	 77.809384	 77.809099	 77.808846	 77.808622	 77.808423	 77.808249	 77.808094	 77.807958	 77.807838	 77.807732	  77.80764	 77.807558	 77.807487	 77.807424	 77.807369	 77.807321	 77.807279	 77.807243	 77.807211	 77.807183	 77.807159	 77.807137	 77.807119	 77.807103	 77.807089	 77.807077	 77.807067	 77.807058	  77.80705	 77.807044	 77.807038	 77.807033	 77.807029	 77.807025	 77.807022	 77.807019	 77.807017	 77.807015	 77.807013	 77.807012	  77.80701	 77.807009	 77.807009	 77.807008	 77.807007	 77.807007	 77.807006	 77.807006	 77.807005	 77.807005	 77.807005	 77.807005	 77.807004	 77.807004	 77.807004	 77.807004	 77.807004	 77.807004	 77.807004	 77.807004	 77.807004	 77.807004	 77.807004	 77.807004	 77.807004	 77.807004	 77.807004	 77.807004	 77.807004	 77.807004	 77.807004	 77.807004	 77.807004	 77.807004	 77.807004	 77.807004	
        99	  98.42729	 97.855135	 97.284092	  96.71471	 96.147536	 95.583111	 95.021965	 94.464623	 93.911595	 93.363381	 92.820467	 92.283323	 91.752405	 91.228149	 90.710974	 90.201281	 89.699448	 89.205834	 88.720776	 88.244589	 87.777563	 87.319968	 86.872048	 86.434024	 86.006093	 85.588429	  85.18118	 84.784474	 84.398411	 84.023071	 83.658511	 83.304763	 82.961842	 82.629738	 82.308421	 81.997844	 81.697939	  81.40862	 81.129783	 80.861311	 80.603068	 80.354907	 80.116664	 79.888165	 79.669224	 79.459645	 79.259223	 79.067743	 78.884983	 78.710716	 78.544707	  78.38672	 78.236513	  78.09384	 77.958455	 77.830111	 77.708559	 77.593551	 77.484842	 77.382184	 77.285336	 77.194057	  77.10811	 77.027263	 76.951286	 76.879955	 76.813052	 76.750361	 76.691675	 76.636791	 76.585512	 76.537649	 76.493016	 76.451437	 76.412739	 76.376758	 76.343336	  76.31232	 76.283566	 76.256934	 76.232291	 76.209511	 76.188474	 76.169065	 76.151175	 76.134701	 76.119547	 76.105619	 76.092831	 76.081101	 76.070352	 76.060511	  76.05151	 76.043286	 76.035779	 76.028933	 76.022695	 76.017018	 76.011855	 76.007165	 76.002909	  75.99905	 75.995554	 75.992391	 75.989531	 75.986948	 75.984618	 75.982517	 75.980625	 75.978922	 75.977392	 75.976019	 75.974786	 75.973681	 75.972692	 75.971808	 75.971017	 75.970311	 75.969682	 75.969121	 75.968621	 75.968177	 75.967783	 75.967432	 75.967122	 75.966847	 75.966603	 75.966388	 75.966198	  75.96603	 75.965882	 75.965752	 75.965637	 75.965536	 75.965447	  75.96537	 75.965302	 75.965242	  75.96519	 75.965144	 75.965104	  75.96507	 75.965039	 75.965013	  75.96499	  75.96497	 75.964953	 75.964938	 75.964925	 75.964914	 75.964904	 75.964895	 75.964888	 75.964882	 75.964877	 75.964872	 75.964868	 75.964864	 75.964862	 75.964859	 75.964857	 75.964855	 75.964853	 75.964852	 75.964851	  75.96485	 75.964849	 75.964848	 75.964848	 75.964847	 75.964847	 75.964846	 75.964846	 75.964846	 75.964846	 75.964845	 75.964845	 75.964845	 75.964845	 75.964845	 75.964845	 75.964845	 75.964845	 75.964845	 75.964845	 75.964845	 75.964845	 75.964845	 75.964845	 75.964845	 75.964845	 75.964845	 75.964845	 75.964845	 75.964845	 75.964845	 75.964845	 75.964845	 75.964845	
        99	  98.38202	  97.76464	 97.148458	  96.53407	 95.922064	 95.313023	 94.707522	 94.106125	 93.509383	 92.917836	 92.332007	 91.752405	  91.17952	 90.613824	  90.05577	 89.505788	 88.964287	 88.431656	 87.908257	 87.394429	 86.890488	 86.396722	 85.913396	 85.440748	 84.978992	 84.528313	 84.088874	  83.66081	 83.244231	 82.839222	 82.445845	 82.064136	 81.694109	 81.335753	 80.989039	 80.653912	 80.330301	 80.018112	 79.717235	 79.427542	 79.148886	 78.881109	 78.624034	 78.377473	 78.141226	 77.915082	 77.698817	 77.492201	 77.294995	 77.106953	 76.927823	 76.757348	 76.595267	 76.441316	  76.29523	 76.156741	 76.025581	 75.901483	  75.78418	 75.673408	 75.568904	  75.47041	  75.37767	 75.290432	  75.20845	 75.131481	 75.059288	 74.991642	 74.928317	 74.869095	 74.813763	 74.762116	 74.713956	  74.66909	 74.627333	 74.588508	 74.552444	 74.518977	  74.48795	 74.459212	 74.432622	 74.408041	 74.385341	 74.364398	 74.345094	 74.327318	 74.310966	 74.295937	 74.282138	 74.269481	 74.257882	 74.247263	 74.237551	 74.228677	 74.220576	 74.213189	 74.206458	 74.200332	 74.194762	 74.189701	 74.185108	 74.180944	 74.177172	 74.173759	 74.170673	 74.167886	 74.165371	 74.163104	 74.161063	 74.159226	 74.157575	 74.156092	 74.154762	  74.15357	 74.152503	 74.151549	 74.150695	 74.149934	 74.149254	 74.148649	  74.14811	 74.147631	 74.147205	 74.146828	 74.146492	 74.146196	 74.145933	   74.1457	 74.145495	 74.145314	 74.145154	 74.145014	  74.14489	 74.144781	 74.144686	 74.144602	 74.144528	 74.144464	 74.144408	 74.144358	 74.144315	 74.144278	 74.144245	 74.144217	 74.144192	 74.144171	 74.144152	 74.144136	 74.144122	  74.14411	 74.144099	  74.14409	 74.144082	 74.144075	  74.14407	 74.144065	  74.14406	 74.144057	 74.144053	 74.144051	 74.144048	 74.144046	 74.144045	 74.144043	 74.144042	 74.144041	  74.14404	 74.144039	 74.144039	 74.144038	 74.144038	 74.144037	 74.144037	 74.144037	 74.144036	 74.144036	 74.144036	 74.144036	 74.144036	 74.144036	 74.144035	 74.144035	 74.144035	 74.144035	 74.144035	 74.144035	 74.144035	 74.144035	 74.144035	 74.144035	 74.144035	 74.144035	 74.144035	 74.144035	 74.144035	 74.144035	 74.144035	 74.144035	 74.144035	
        99	 98.337318	  97.67528	 97.014527	 96.355696	 95.699421	 95.046325	 94.397025	 93.752126	 93.112218	 92.477881	 91.849676	 91.228149	 90.613824	 90.007209	 89.408787	 88.819022	 88.238352	 87.667193	 87.105934	 86.554938	 86.014544	 85.485062	 84.966774	 84.459937	  83.96478	 83.481501	 83.010275	 82.551247	 82.104535	  81.67023	 81.248398	 80.839078	 80.442284	 80.058007	 79.686213	 79.326845	 78.979825	 78.645054	 78.322413	 78.011765	 77.712953	 77.425805	 77.150135	 76.885739	 76.632404	 76.389901	 76.157992	 75.936431	  75.72496	 75.523316	 75.331228	 75.148422	 74.974617	  74.80953	 74.652877	  74.50437	 74.363723	 74.230648	  74.10486	 73.986075	 73.874012	 73.768394	 73.668945	 73.575397	 73.487484	 73.404947	 73.327533	 73.254994	 73.187088	 73.123582	 73.064248	 73.008865	 72.957221	 72.909109	 72.864332	 72.822699	 72.784026	 72.748138	 72.714867	 72.684051	 72.655537	 72.629178	 72.604836	 72.582378	 72.561677	 72.542616	  72.52508	 72.508965	 72.494168	 72.480595	 72.468157	  72.45677	 72.446356	  72.43684	 72.428153	 72.420231	 72.413014	 72.406444	 72.400471	 72.395044	 72.390119	 72.385654	 72.381609	 72.377949	  72.37464	 72.371651	 72.368954	 72.366523	 72.364334	 72.362364	 72.360594	 72.359004	 72.357578	   72.3563	 72.355156	 72.354132	 72.353217	   72.3524	 72.351672	 72.351023	 72.350445	 72.349931	 72.349475	 72.349069	  72.34871	 72.348392	  72.34811	 72.347861	 72.347641	 72.347446	 72.347275	 72.347124	 72.346992	 72.346875	 72.346773	 72.346683	 72.346604	 72.346535	 72.346474	 72.346422	 72.346376	 72.346335	   72.3463	  72.34627	 72.346243	  72.34622	   72.3462	 72.346183	 72.346168	 72.346155	 72.346144	 72.346134	 72.346125	 72.346118	 72.346112	 72.346107	 72.346102	 72.346098	 72.346095	 72.346092	 72.346089	 72.346087	 72.346085	 72.346084	 72.346082	 72.346081	  72.34608	 72.346079	 72.346079	 72.346078	 72.346078	 72.346077	 72.346077	 72.346077	 72.346076	 72.346076	 72.346076	 72.346076	 72.346076	 72.346075	 72.346075	 72.346075	 72.346075	 72.346075	 72.346075	 72.346075	 72.346075	 72.346075	 72.346075	 72.346075	 72.346075	 72.346075	 72.346075	 72.346075	 72.346075	 72.346075	 72.346075	 72.346075	 72.346075	
        99	  98.29322	 97.587127	 96.882404	 96.179732	 95.479785	 94.783229	 94.090722	 93.402908	 92.720418	  92.04387	 91.373861	 90.710974	  90.05577	 89.408787	 88.770544	 88.141533	 87.522223	 86.913056	 86.314448	 85.726787	 85.150432	 84.585716	 84.032939	 83.492375	 82.964267	 82.448829	 81.946246	 81.456672	 80.980233	 80.517028	 80.067125	 79.630567	 79.207369	  78.79752	 78.400985	 78.017703	 77.647591	 77.290543	 76.946432	 76.615111	 76.296415	  75.99016	 75.696145	 75.414155	 75.143962	 74.885321	 74.637981	 74.401675	 74.176132	  73.96107	   73.7562	 73.561229	 73.375858	 73.199786	 73.032708	 72.874319	 72.724312	 72.582382	 72.448224	 72.321534	 72.202014	 72.089367	 71.983301	 71.883528	 71.789765	 71.701736	  71.61917	 71.541804	  71.46938	 71.401647	 71.338365	 71.279297	 71.224216	 71.172903	 71.125146	 71.080742	 71.039496	 71.001219	 70.965734	 70.932867	 70.902456	 70.874344	 70.848382	 70.824429	 70.802351	 70.782021	 70.763318	  70.74613	 70.730349	 70.715873	 70.702607	 70.690463	 70.679355	 70.669206	 70.659941	 70.651492	 70.643794	 70.636788	 70.630417	 70.624629	 70.619376	 70.614614	   70.6103	 70.606396	 70.602867	 70.599679	 70.596803	  70.59421	 70.591875	 70.589775	 70.587887	 70.586191	  70.58467	 70.583307	 70.582086	 70.580994	 70.580019	 70.579148	 70.578371	 70.577678	 70.577062	 70.576514	 70.576027	 70.575595	 70.575212	 70.574872	 70.574572	 70.574306	 70.574071	 70.573864	 70.573681	 70.573521	 70.573379	 70.573255	 70.573145	 70.573049	 70.572965	 70.572892	 70.572827	 70.572771	 70.572722	 70.572679	 70.572642	 70.572609	 70.572581	 70.572556	 70.572535	 70.572516	   70.5725	 70.572486	 70.572474	 70.572464	 70.572455	 70.572447	 70.572441	 70.572435	  70.57243	 70.572426	 70.572422	 70.572419	 70.572416	 70.572414	 70.572412	 70.572411	 70.572409	 70.572408	 70.572407	 70.572406	 70.572405	 70.572405	 70.572404	 70.572404	 70.572403	 70.572403	 70.572403	 70.572402	 70.572402	 70.572402	 70.572402	 70.572402	 70.572402	 70.572402	 70.572402	 70.572401	 70.572401	 70.572401	 70.572401	 70.572401	 70.572401	 70.572401	 70.572401	 70.572401	 70.572401	 70.572401	 70.572401	 70.572401	 70.572401	 70.572401	 70.572401	
        99	  98.24976	 97.500249	 96.752193	 96.006313	 95.263326	  94.52394	  93.78885	 93.058742	 92.334286	 91.616136	 90.904929	 90.201281	 89.505788	 88.819022	 88.141533	 87.473844	 86.816453	 86.169829	 85.534412	 84.910615	 84.298821	 83.699379	 83.112612	 82.538809	 81.978228	 81.431096	 80.897608	  80.37793	 79.872195	 79.380507	  78.90294	 78.439538	 77.990317	 77.555267	 77.134349	 76.727499	 76.334628	 75.955625	 75.590355	 75.238662	 74.900369	 74.575282	 74.263188	 73.963859	 73.677051	 73.402506	 73.139957	 72.889121	 72.649709	 72.421423	 72.203955	 71.996995	 71.800226	 71.613327	 71.435976	 71.267847	 71.108617	 70.957959	 70.815551	 70.681072	 70.554203	 70.434629	 70.322041	 70.216132	 70.116604	 70.023162	 69.935519	 69.853396	 69.776518	 69.704621	 69.637447	 69.574747	 69.516279	 69.461811	 69.411117	 69.363983	 69.320201	 69.279571	 69.241903	 69.207016	 69.174734	 69.144893	 69.117335	 69.091909	 69.068474	 69.046894	 69.027041	 69.008796	 68.992044	 68.976678	 68.962597	 68.949705	 68.937915	 68.927142	 68.917307	 68.908339	 68.900168	  68.89273	 68.885968	 68.879824	 68.874248	 68.869193	 68.864614	  68.86047	 68.856724	  68.85334	 68.850287	 68.847535	 68.845056	 68.842826	 68.840822	 68.839022	 68.837408	 68.835961	 68.834665	 68.833506	  68.83247	 68.831546	 68.830721	 68.829986	 68.829332	  68.82875	 68.828234	 68.827775	 68.827368	 68.827007	 68.826688	 68.826406	 68.826157	 68.825937	 68.825744	 68.825573	 68.825423	  68.82529	 68.825174	 68.825073	 68.824983	 68.824905	 68.824837	 68.824777	 68.824725	  68.82468	  68.82464	 68.824605	 68.824575	 68.824549	 68.824527	 68.824507	  68.82449	 68.824475	 68.824462	 68.824451	 68.824442	 68.824434	 68.824427	  68.82442	 68.824415	 68.824411	 68.824407	 68.824404	 68.824401	 68.824398	 68.824396	 68.824394	 68.824393	 68.824392	 68.824391	  68.82439	 68.824389	 68.824388	 68.824388	 68.824387	 68.824387	 68.824386	 68.824386	 68.824386	 68.824386	 68.824385	 68.824385	 68.824385	 68.824385	 68.824385	 68.824385	 68.824385	 68.824385	 68.824385	 68.824385	 68.824385	 68.824385	 68.824385	 68.824385	 68.824385	 68.824385	 68.824385	 68.824385	 68.824385	 68.824385	 68.824385	 68.824385	
        99	 98.206971	 97.414711	  96.62399	 95.835569	 95.050206	 94.268649	 93.491633	 92.719884	 91.954109	 91.194999	 90.443228	 89.699448	 88.964287	 88.238352	 87.522223	 86.816453	 86.121568	 85.438063	 84.766406	 84.107031	 83.460342	 82.826712	 82.206479	 81.599949	 81.007395	 80.429058	 79.865143	 79.315825	 78.781246	 78.261514	 77.756709	 77.266877	 76.792035	 76.332172	 75.887247	 75.457192	 75.041915	 74.641295	 74.255192	  73.88344	 73.525852	 73.182224	  72.85233	 72.535929	 72.232763	  71.94256	 71.665036	 71.399894	 71.146827	  70.90552	  70.67565	 70.456886	 70.248894	 70.051336	 69.863869	 69.686151	 69.517839	 69.358589	 69.208059	 69.065909	 68.931804	 68.805411	 68.686401	 68.574452	 68.469247	 68.370476	 68.277834	 68.191027	 68.109765	 68.033767	 67.962762	 67.896485	 67.834683	 67.777108	 67.723523	 67.673701	 67.627421	 67.584474	 67.544658	 67.507781	 67.473658	 67.442115	 67.412985	 67.386109	 67.361337	 67.338526	 67.317542	 67.298256	 67.280548	 67.264306	 67.249422	 67.235795	 67.223332	 67.211944	 67.201549	 67.192069	 67.183432	  67.17557	 67.168422	 67.161928	 67.156034	  67.15069	  67.14585	  67.14147	  67.13751	 67.133933	 67.130706	 67.127797	 67.125177	  67.12282	 67.120701	 67.118799	 67.117092	 67.115563	 67.114193	 67.112968	 67.111873	 67.110896	 67.110024	 67.109248	 67.108556	 67.107941	 67.107395	  67.10691	  67.10648	 67.106099	 67.105762	 67.105464	   67.1052	 67.104968	 67.104763	 67.104582	 67.104424	 67.104284	 67.104161	 67.104054	 67.103959	 67.103877	 67.103805	 67.103741	 67.103686	 67.103638	 67.103596	  67.10356	 67.103528	   67.1035	 67.103476	 67.103456	 67.103438	 67.103422	 67.103409	 67.103397	 67.103387	 67.103378	 67.103371	 67.103364	 67.103359	 67.103354	  67.10335	 67.103347	 67.103344	 67.103341	 67.103339	 67.103337	 67.103335	 67.103334	 67.103333	 67.103332	 67.103331	  67.10333	  67.10333	 67.103329	 67.103329	 67.103328	 67.103328	 67.103328	 67.103328	 67.103327	 67.103327	 67.103327	 67.103327	 67.103327	 67.103327	 67.103327	 67.103327	 67.103327	 67.103327	 67.103327	 67.103327	 67.103327	 67.103326	 67.103326	 67.103326	 67.103326	 67.103326	 67.103326	 67.103326	 67.103326	 67.103326	
