Time step 48:
        99	        99	        99	        99	        99	        99	        99	        99	        99	        99	        99	        99	        99	        99	        99	        99	        99	        99	        99	        99	        99	        99	        99	        99	        99	        99	        99	        99	        99	        99	        99	        99	        99	        99	        99	        99	        99	        99	        99	        99	        99	        99	        99	        99	        99	        99	        99	        99	        99	        99	        99	        99	        99	        99	        99	        99	        99	        99	        99	        99	        99	        99	        99	        99	        99	        99	        99	        99	        99	        99	        99	        99	        99	        99	        99	        99	        99	        99	        99	        99	        99	        99	        99	        99	        99	        99	        99	        99	        99	        99	        99	        99	        99	        99	        99	        99	        99	        99	        99	        99	        99	        99	        99	        99	        99	        99	        99	        99	        99	        99	        99	        99	        99	        99	        99	        99	        99	        99	        99	        99	        99	        99	        99	        99	        99	        99	        99	        99	        99	        99	        99	        99	        99	        99	        99	        99	        99	        99	        99	        99	        99	        99	        99	        99	        99	        99	        99	        99	        99	        99	        99	        99	        99	        99	        99	        99	        99	        99	        99	        99	        99	        99	        99	        99	        99	        99	        99	        99	        99	        99	        99	        99	        99	        99	        99	        99	        99	        99	        99	        99	        99	        99	        99	        99	        99	        99	        99	        99	        99	        99	        99	        99	        99	        99	        99	        99	        99	        99	        99	        99	
        99	 98.986772	 98.973547	 98.960329	 98.947122	 98.933929	 98.920753	 98.907597	 98.894466	 98.881363	  98.86829	 98.855252	 98.842252	 98.829292	 98.816377	 98.803509	 98.790692	 98.777929	 98.765222	 98.752576	 98.739993	 98.727476	 98.715027	 98.702651	 98.690349	 98.678125	  98.66598	 98.653919	 98.641943	 98.630055	 98.618257	 98.606552	 98.594942	 98.583429	 98.572016	 98.560704	 98.549496	 98.538394	 98.527399	 98.516514	 98.505739	 98.495078	  98.48453	 98.474099	 98.463785	  98.45359	 98.443515	  98.43356	 98.423729	  98.41402	 98.404436	 98.394977	 98.385644	 98.376438	  98.36736	 98.358409	 98.349587	 98.340894	  98.33233	 98.323897	 98.315592	 98.307418	 98.299374	 98.291461	 98.283677	 98.276023	 98.268499	 98.261104	 98.253839	 98.246703	 98.239694	 98.232814	 98.226061	 98.219435	 98.212934	 98.206559	 98.200309	 98.194182	 98.188178	 98.182296	 98.176535	 98.170894	 98.165372	 98.159967	  98.15468	 98.149508	  98.14445	 98.139505	 98.134673	 98.129951	 98.125338	 98.120833	 98.116435	 98.112141	 98.107952	 98.103865	 98.099878	 98.095992	 98.092203	  98.08851	 98.084913	 98.081408	 98.077996	 98.074674	 98.071441	 98.068295	 98.065235	 98.062259	 98.059365	 98.056553	  98.05382	 98.051165	 98.048587	 98.046083	 98.043653	 98.041294	 98.039006	 98.036787	 98.034635	 98.032548	 98.030527	 98.028567	  98.02667	 98.024832	 98.023053	 98.021331	 98.019665	 98.018053	 98.016494	 98.014987	 98.013531	 98.012123	 98.010763	  98.00945	 98.008182	 98.006958	 98.005776	 98.004637	 98.003538	 98.002478	 98.001457	 98.000472	 97.999524	 97.998611	 97.997731	 97.996885	  97.99607	 97.995287	 97.994534	 97.993809	 97.993113	 97.992444	 97.991802	 97.991185	 97.990593	 97.990025	 97.989481	 97.988958	 97.988458	 97.987978	 97.987519	  97.98708	 97.986659	 97.986257	 97.985873	 97.985506	 97.985155	 97.984821	 97.984502	 97.984198	 97.983908	 97.983633	 97.983371	 97.983122	 97.982886	 97.982663	 97.982451	 97.982251	 97.982062	 97.981883	 97.981716	 97.981558	 97.981411	 97.981273	 97.981144	 97.981025	 97.980915	 97.980813	  97.98072	 97.980635	 97.980559	 97.980491	  97.98043	 97.980377	 97.980333	 97.980295	 97.980265	 97.980243	 97.980228	 97.980221	
        99	 98.973547	 98.947101	 98.920669	 98.894258	 98.867875	 98.841526	 98.815219	  98.78896	 98.762757	 98.736615	 98.710542	 98.684545	 98.658629	 98.632802	  98.60707	 98.581439	 98.555916	 98.530507	 98.505217	 98.480054	 98.455023	  98.43013	  98.40538	  98.38078	 98.356334	 98.332049	 98.307929	  98.28398	 98.260207	 98.236614	 98.213207	  98.18999	 98.166967	 98.144144	 98.121524	 98.099111	 98.076909	 98.054922	 98.033154	 98.011608	 97.990288	 97.969197	 97.948337	 97.927711	 97.907324	 97.887176	  97.86727	 97.847609	 97.828195	 97.809029	 97.790113	  97.77145	 97.753041	 97.734886	 97.716987	 97.699345	 97.681962	 97.664837	 97.647971	 97.631365	 97.615019	 97.598933	 97.583108	 97.567542	 97.552237	  97.53719	 97.522403	 97.507874	 97.493603	 97.479589	  97.46583	 97.452325	 97.439074	 97.426075	 97.413327	 97.400828	 97.388576	 97.376569	 97.364807	 97.353286	 97.342006	 97.330963	 97.320156	 97.309582	 97.299239	 97.289125	 97.279237	 97.269573	  97.26013	 97.250906	 97.241897	 97.233101	 97.224516	 97.216138	 97.207965	 97.199994	 97.192221	 97.184644	  97.17726	 97.170066	 97.163058	 97.156235	 97.149592	 97.143126	 97.136835	 97.130715	 97.124764	 97.118978	 97.113354	 97.107889	  97.10258	 97.097424	 97.092417	 97.087557	 97.082841	 97.078265	 97.073827	 97.069523	 97.065351	 97.061308	  97.05739	 97.053596	 97.049921	 97.046363	  97.04292	 97.039588	 97.036365	 97.033247	 97.030234	 97.027321	 97.024506	 97.021786	  97.01916	 97.016624	 97.014176	 97.011814	 97.009535	 97.007338	 97.005219	 97.003176	 97.001207	 96.999311	 96.997485	 96.995726	 96.994034	 96.992405	 96.990838	 96.989332	 96.987883	 96.986491	 96.985154	 96.983869	 96.982636	 96.981452	 96.980316	 96.979227	 96.978183	 96.977182	 96.976223	 96.975305	 96.974426	 96.973585	 96.972781	 96.972013	 96.971279	 96.970578	 96.969909	 96.969271	 96.968663	 96.968084	 96.967533	  96.96701	 96.966512	  96.96604	 96.965593	 96.965169	 96.964769	 96.964391	 96.964034	 96.963699	 96.963384	 96.963089	 96.962813	 96.962557	 96.962318	 96.962097	 96.961894	 96.961708	 96.961539	 96.961386	 96.961249	 96.961128	 96.961023	 96.960933	 96.960859	 96.960799	 96.960755	 96.960725	  96.96071	
        99	 98.960329	 98.920669	  98.88103	 98.841422	 98.801856	 98.762341	 98.722889	  98.68351	 98.644213	 98.605009	 98.565909	 98.526921	 98.488056	 98.449324	 98.410734	 98.372296	  98.33402	 98.295914	 98.257989	 98.220252	 98.182713	 98.145382	 98.108265	 98.071373	 98.034713	 97.998293	 97.962121	 97.926205	 97.890553	 97.855172	 97.820069	 97.785251	 97.750725	 97.716497	 97.682574	 97.648962	 97.615667	 97.582694	 97.550049	 97.517738	 97.485764	 97.454134	 97.422851	  97.39192	 97.361345	 97.331129	 97.301277	 97.271792	 97.242677	 97.213935	 97.185568	 97.157579	 97.129971	 97.102744	 97.075902	 97.049445	 97.023376	 96.997694	 96.972401	 96.947497	 96.922984	  96.89886	 96.875127	 96.851784	 96.828831	 96.806266	 96.784091	 96.762302	   96.7409	 96.719883	 96.699249	 96.678997	 96.659125	  96.63963	 96.620512	 96.601767	 96.583393	 96.565388	 96.547748	 96.530471	 96.513554	 96.496993	 96.480786	 96.464929	 96.449418	  96.43425	 96.419422	 96.404929	 96.390767	 96.376934	 96.363423	 96.350233	 96.337358	 96.324794	 96.312537	 96.300582	 96.288926	 96.277563	 96.266489	   96.2557	 96.245191	 96.234958	 96.224996	 96.215299	 96.205865	 96.196688	 96.187763	 96.179085	 96.170651	 96.162456	 96.154494	 96.146761	 96.139253	 96.131964	 96.124891	 96.118029	 96.111374	  96.10492	 96.098663	 96.092599	 96.086724	 96.081033	 96.075522	 96.070187	 96.065023	 96.060026	 96.055192	 96.050518	 96.045998	 96.041629	 96.037408	  96.03333	 96.029391	 96.025588	 96.021917	 96.018375	 96.014958	 96.011662	 96.008484	  96.00542	 96.002468	 95.999624	 95.996885	 95.994248	  95.99171	 95.989267	 95.986918	 95.984658	 95.982486	 95.980398	 95.978393	 95.976466	 95.974617	 95.972842	 95.971138	 95.969505	 95.967939	 95.966438	    95.965	 95.963623	 95.962305	 95.961044	 95.959838	 95.958686	 95.957585	 95.956533	  95.95553	 95.954574	 95.953662	 95.952794	 95.951968	 95.951183	 95.950437	 95.949729	 95.949058	 95.948423	 95.947822	 95.947255	 95.946721	 95.946218	 95.945746	 95.945303	  95.94489	 95.944505	 95.944147	 95.943816	 95.943511	 95.943232	 95.942978	 95.942749	 95.942544	 95.942363	 95.942205	  95.94207	 95.941958	 95.941869	 95.941802	 95.941758	 95.941735	
        99	 98.947122	 98.894258	 98.841422	 98.788628	 98.735889	 98.683219	 98.630632	 98.578143	 98.525763	 98.473507	 98.421389	 98.369421	 98.317617	  98.26599	 98.214553	 98.163318	 98.112299	 98.061507	 98.010955	 97.960655	 97.910619	 97.860858	 97.811385	  97.76221	 97.713345	   97.6648	 97.616586	 97.568713	 97.521191	 97.474031	 97.427241	 97.380831	 97.334811	 97.289188	 97.243971	 97.199169	 97.154789	 97.110838	 97.067325	 97.024256	 96.981638	 96.939477	 96.897779	 96.856551	 96.815796	 96.775521	 96.735731	  96.69643	 96.657621	  96.61931	 96.581499	 96.544192	 96.507392	 96.471102	 96.435323	 96.400058	 96.365309	 96.331077	 96.297364	 96.264169	 96.231494	  96.19934	 96.167705	 96.136591	 96.105996	 96.075919	  96.04636	 96.017318	  95.98879	 95.960776	 95.933273	 95.906278	  95.87979	 95.853806	 95.828323	 95.803337	 95.778846	 95.754846	 95.731334	 95.708305	 95.685755	 95.663681	 95.642078	 95.620942	 95.600267	 95.580049	 95.560284	 95.540966	  95.52209	 95.503651	 95.485643	 95.468061	 95.450899	 95.434153	 95.417815	  95.40188	 95.386343	 95.371197	 95.356437	 95.342056	 95.328048	 95.314408	 95.301129	 95.288205	 95.275629	 95.263397	   95.2515	 95.239934	 95.228692	 95.217768	 95.207155	 95.196848	  95.18684	 95.177125	 95.167698	 95.158551	 95.149679	 95.141077	 95.132737	 95.124655	 95.116824	 95.109238	 95.101892	 95.094781	 95.087897	 95.081237	 95.074794	 95.068563	 95.062539	 95.056716	 95.051089	 95.045653	 95.040403	 95.035334	 95.030441	 95.025719	 95.021164	 95.016771	 95.012535	 95.008452	 95.004517	 95.000726	 94.997075	  94.99356	 94.990177	 94.986921	 94.983789	 94.980778	 94.977882	   94.9751	 94.972426	 94.969858	 94.967393	 94.965027	 94.962757	 94.960579	 94.958492	 94.956491	 94.954574	 94.952739	 94.950982	 94.949302	 94.947694	 94.946158	  94.94469	 94.943289	 94.941952	 94.940677	 94.939462	 94.938305	 94.937204	 94.936157	 94.935163	  94.93422	 94.933325	 94.932479	 94.931678	 94.930922	  94.93021	  94.92954	  94.92891	  94.92832	 94.927769	 94.927256	 94.926779	 94.926338	 94.925932	  94.92556	 94.925222	 94.924916	 94.924642	 94.924401	  94.92419	 94.924011	 94.923862	 94.923743	 94.923654	 94.923594	 94.923565	
        99	 98.933929	 98.867875	 98.801856	 98.735889	 98.669991	  98.60418	 98.538473	 98.472886	 98.407438	 98.342144	 98.277022	 98.212088	 98.147358	  98.08285	 98.018578	  97.95456	 97.890811	 97.827346	 97.764181	 97.701331	  97.63881	 97.576634	 97.514817	 97.453373	 97.392315	 97.331658	 97.271414	 97.211597	 97.152218	 97.093291	 97.034826	 96.976837	 96.919334	 96.862328	 96.805829	 96.749848	 96.694395	 96.639479	 96.585109	 96.531294	 96.478042	 96.425362	  96.37326	 96.321744	 96.270822	 96.220498	  96.17078	 96.121672	 96.073181	 96.025311	 95.978066	 95.931451	 95.885469	 95.840124	 95.795418	 95.751354	 95.707935	 95.665162	 95.623036	 95.581559	 95.540732	 95.500555	 95.461027	 95.422149	 95.383921	  95.34634	 95.309406	 95.273117	 95.237472	 95.202468	 95.168102	 95.134372	 95.101275	 95.068808	 95.036966	 95.005747	 94.975145	 94.945157	 94.915778	 94.887003	 94.858827	 94.831245	 94.804252	 94.777842	 94.752009	 94.726747	  94.70205	 94.677912	 94.654326	 94.631286	 94.608785	 94.586817	 94.565373	 94.544448	 94.524034	 94.504123	  94.48471	 94.465785	 94.447342	 94.429373	  94.41187	 94.394826	 94.378234	 94.362085	 94.346372	 94.331087	 94.316223	 94.301771	 94.287724	 94.274074	 94.260813	 94.247934	 94.235429	  94.22329	 94.211511	 94.200082	 94.188997	 94.178248	 94.167827	 94.157728	 94.147943	 94.138465	 94.129286	   94.1204	   94.1118	 94.103477	 94.095427	 94.087641	 94.080114	 94.072838	 94.065807	 94.059015	 94.052455	 94.046121	 94.040007	 94.034108	 94.028416	 94.022926	 94.017634	 94.012532	 94.007615	 94.002878	 93.998317	 93.993925	 93.989697	 93.985629	 93.981716	 93.977953	 93.974335	 93.970858	 93.967517	 93.964309	 93.961228	 93.958272	 93.955435	 93.952715	 93.950106	 93.947606	 93.945211	 93.942918	 93.940723	 93.938623	 93.936615	 93.934695	 93.932861	 93.931111	  93.92944	 93.927847	 93.926329	 93.924883	 93.923507	 93.922199	 93.920957	 93.919778	 93.918661	 93.917603	 93.916603	 93.915658	 93.914768	  93.91393	 93.913144	 93.912407	 93.911718	 93.911077	 93.910481	  93.90993	 93.909422	 93.908958	 93.908535	 93.908153	 93.907811	 93.907509	 93.907246	 93.907022	 93.906836	 93.906687	 93.906576	 93.906502	 93.906465	
        99	 98.920753	 98.841526	 98.762341	 98.683219	  98.60418	 98.525245	 98.446434	 98.367768	 98.289268	 98.210953	 98.132844	  98.05496	 97.977323	  97.89995	 97.822861	 97.746076	 97.669614	 97.593493	 97.517731	 97.442348	 97.367359	 97.292784	 97.218639	 97.144942	 97.071708	 96.998954	 96.926696	  96.85495	  96.78373	 96.713051	 96.642928	 96.573374	 96.504403	 96.436029	 96.368263	 96.301118	 96.234607	 96.168739	 96.103526	  96.03898	 95.975108	 95.911922	  95.84943	 95.787641	 95.726563	 95.666204	 95.606571	  95.54767	 95.489509	 95.432092	 95.375426	 95.319514	 95.264363	 95.209975	 95.156353	 95.103503	 95.051425	 95.000122	 94.949595	 94.899847	 94.850878	 94.802688	 94.755278	 94.708647	 94.662795	  94.61772	  94.57342	 94.529895	 94.487141	 94.445156	 94.403937	 94.363481	 94.323784	 94.284842	  94.24665	 94.209205	   94.1725	 94.136532	 94.101294	 94.066781	 94.032986	 93.999904	 93.967528	 93.935851	 93.904866	 93.874566	 93.844944	 93.815993	 93.787703	 93.760069	 93.733081	 93.706731	 93.681011	 93.655913	 93.631428	 93.607547	 93.584261	 93.561562	 93.539441	 93.517889	 93.496896	 93.476453	 93.456552	 93.437183	 93.418336	 93.400003	 93.382174	  93.36484	 93.347992	  93.33162	 93.315715	 93.300267	 93.285269	 93.270709	  93.25658	 93.242872	 93.229577	 93.216684	 93.204186	 93.192073	 93.180336	 93.168968	 93.157959	 93.147301	 93.136985	 93.127003	 93.117347	 93.108009	  93.09898	 93.090253	  93.08182	 93.073673	 93.065805	 93.058209	 93.050876	 93.043799	 93.036973	 93.030388	  93.02404	  93.01792	 93.012023	 93.006342	 93.000871	 92.995603	 92.990532	 92.985653	  92.98096	 92.976446	 92.972107	 92.967936	 92.963929	 92.960081	 92.956386	  92.95284	 92.949438	 92.946175	 92.943046	 92.940048	 92.937175	 92.934425	 92.931792	 92.929273	 92.926864	 92.924562	 92.922362	 92.920262	 92.918259	 92.916348	 92.914527	 92.912793	 92.911143	 92.909574	 92.908084	  92.90667	  92.90533	 92.904061	 92.902861	 92.901728	 92.900661	 92.899656	 92.898713	 92.897829	 92.897003	 92.896233	 92.895519	 92.894858	 92.894249	 92.893692	 92.893185	 92.892727	 92.892317	 92.891955	 92.891639	  92.89137	 92.891146	 92.890968	 92.890835	 92.890746	 92.890702	
        99	 98.907597	 98.815219	 98.722889	 98.630632	 98.538473	 98.446434	  98.35454	 98.262816	 98.171284	 98.079969	 97.988893	 97.898081	 97.807555	 97.717338	 97.627453	 97.537922	 97.448766	 97.360009	 97.271671	 97.183773	 97.096336	 97.009381	 96.922928	 96.836996	 96.751606	 96.666774	 96.582522	 96.498865	 96.415822	 96.333411	 96.251647	 96.170547	 96.090127	 96.010402	 95.931387	 95.853096	 95.775543	 95.698741	 95.622703	 95.547442	 95.472968	 95.399292	 95.326427	  95.25438	 95.183163	 95.112784	 95.043252	 94.974574	 94.906757	 94.839809	 94.773736	 94.708543	 94.644236	 94.580819	 94.518297	 94.456673	  94.39595	  94.33613	 94.277216	  94.21921	 94.162112	 94.105922	 94.050642	  93.99627	 93.942806	 93.890248	 93.838595	 93.787844	 93.737993	 93.689039	 93.640977	 93.593805	 93.547518	 93.502112	  93.45758	 93.413919	 93.371121	 93.329182	 93.288095	 93.247852	 93.208448	 93.169874	 93.132123	 93.095187	 93.059059	  93.02373	  92.98919	 92.955433	 92.922447	 92.890225	 92.858757	 92.828033	 92.798044	 92.768779	 92.740229	 92.712384	 92.685233	 92.658766	 92.632973	 92.607842	 92.583365	 92.559529	 92.536324	 92.513739	 92.491764	 92.470388	 92.449599	 92.429388	 92.409742	 92.390652	 92.372107	 92.354095	 92.336607	 92.319631	 92.303156	 92.287173	  92.27167	 92.256637	 92.242064	  92.22794	 92.214255	    92.201	 92.188163	 92.175736	 92.163707	 92.152069	  92.14081	 92.129921	 92.119394	 92.109218	 92.099385	 92.089886	 92.080712	 92.071854	 92.063304	 92.055053	 92.047093	 92.039416	 92.032013	 92.024878	 92.018002	 92.011378	 92.004998	 91.998856	 91.992943	 91.987254	 91.981781	 91.976518	 91.971459	 91.966596	 91.961924	 91.957437	 91.953129	 91.948994	 91.945027	 91.941222	 91.937574	 91.934078	 91.930729	 91.927522	 91.924452	 91.921515	 91.918706	 91.916022	 91.913457	 91.911008	 91.908672	 91.906444	 91.904321	 91.902299	 91.900375	 91.898546	 91.896808	  91.89516	 91.893597	 91.892117	 91.890718	 91.889398	 91.888153	 91.886981	 91.885881	 91.884851	 91.883888	  91.88299	 91.882157	 91.881387	 91.880677	 91.880027	 91.879436	 91.878902	 91.878424	 91.878002	 91.877634	  91.87732	 91.877059	 91.876851	 91.876696	 91.876592	  91.87654	
        99	 98.894466	  98.78896	  98.68351	 98.578143	 98.472886	 98.367768	 98.262816	 98.158056	 98.053517	 97.949226	 97.845208	  97.74149	   97.6381	 97.535063	 97.432404	  97.33015	 97.228325	 97.126954	 97.026062	 96.925674	 96.825812	   96.7265	 96.627761	 96.529618	 96.432092	 96.335206	  96.23898	 96.143435	 96.048592	 95.954469	 95.861086	 95.768461	 95.676613	 95.585559	 95.495315	 95.405898	 95.317324	 95.229609	 95.142765	 95.056808	 94.971751	 94.887606	 94.804385	 94.722101	 94.640763	 94.560383	 94.480969	 94.402531	 94.325078	 94.248616	 94.173153	 94.098696	  94.02525	 93.952822	 93.881415	 93.811033	 93.741681	  93.67336	 93.606075	 93.539825	 93.474613	 93.410438	 93.347302	 93.285204	 93.224142	 93.164116	 93.105122	 93.047159	 92.990224	 92.934313	 92.879421	 92.825546	 92.772681	 92.720822	 92.669962	 92.620096	 92.571217	 92.523318	 92.476391	  92.43043	 92.385426	  92.34137	 92.298255	 92.256071	 92.214808	 92.174458	 92.135011	 92.096456	 92.058783	 92.021982	 91.986042	 91.950951	   91.9167	 91.883277	  91.85067	 91.818868	 91.787859	 91.757631	 91.728172	  91.69947	 91.671514	 91.644291	 91.617788	 91.591994	 91.566896	 91.542482	 91.518739	 91.495656	 91.473219	 91.451416	 91.430235	 91.409664	  91.38969	 91.370302	 91.351486	 91.333231	 91.315525	 91.298356	 91.281712	 91.265581	 91.249952	 91.234812	 91.220152	 91.205958	  91.19222	 91.178928	 91.166069	 91.153633	 91.141609	 91.129988	 91.118758	 91.107909	 91.097431	 91.087314	 91.077549	 91.068125	 91.059034	 91.050266	 91.041812	 91.033662	 91.025809	 91.018244	 91.010958	 91.003942	  90.99719	 90.990692	 90.984442	 90.978431	 90.972652	 90.967098	 90.961763	 90.956638	 90.951718	 90.946995	 90.942464	 90.938119	 90.933952	 90.929959	 90.926134	 90.922471	 90.918965	 90.915611	 90.912403	 90.909337	 90.906408	 90.903611	 90.900943	 90.898398	 90.895973	 90.893664	 90.891467	 90.889377	 90.887393	  90.88551	 90.883725	 90.882036	 90.880438	 90.878929	 90.877508	  90.87617	 90.874913	 90.873736	 90.872636	 90.871612	  90.87066	  90.86978	 90.868969	 90.868227	 90.867552	 90.866942	 90.866396	 90.865914	 90.865494	 90.865135	 90.864837	   90.8646	 90.864422	 90.864304	 90.864245	
        99	 98.881363	 98.762757	 98.644213	 98.525763	 98.407438	 98.289268	 98.171284	 98.053517	 97.935998	 97.818757	 97.701824	 97.585229	 97.469001	  97.35317	 97.237765	 97.122814	 97.008346	 96.894389	  96.78097	 96.668117	 96.555856	 96.444213	 96.333215	 96.222886	 96.113251	 96.004335	 95.896161	 95.788753	 95.682133	 95.576324	 95.471346	 95.367221	 95.263968	 95.161608	 95.060159	 94.959641	 94.860069	 94.761462	 94.663836	 94.567206	 94.471587	 94.376995	 94.283441	  94.19094	 94.099503	 94.009142	 93.919868	 93.831691	 93.744621	 93.658665	 93.573833	 93.490131	 93.407566	 93.326144	 93.245871	  93.16675	 93.088787	 93.011984	 92.936344	 92.861868	 92.788559	 92.716417	 92.645441	 92.575632	 92.506989	 92.439509	 92.373191	 92.308031	 92.244026	 92.181173	 92.119466	 92.058901	 91.999473	 91.941174	    91.884	 91.827942	 91.772994	 91.719147	 91.666394	 91.614726	 91.564134	 91.514609	  91.46614	 91.418718	 91.372332	 91.326972	 91.282627	 91.239284	 91.196934	 91.155563	 91.115161	 91.075714	  91.03721	 90.999637	 90.962981	  90.92723	 90.892371	  90.85839	 90.825273	 90.793008	 90.761581	 90.730977	 90.701184	 90.672187	 90.643973	 90.616527	 90.589837	 90.563887	 90.538664	 90.514154	 90.490343	 90.467218	 90.444764	 90.422968	 90.401816	 90.381295	 90.361391	  90.34209	 90.323379	 90.305245	 90.287675	 90.270656	 90.254175	 90.238219	 90.222776	 90.207833	 90.193377	 90.179397	 90.165881	 90.152816	 90.140192	 90.127996	 90.116217	 90.104844	 90.093866	 90.083273	 90.073053	 90.063196	 90.053692	 90.044531	 90.035703	 90.027198	 90.019007	  90.01112	 90.003529	 89.996225	 89.989198	 89.982441	 89.975945	 89.969702	 89.963703	 89.957942	 89.952411	 89.947102	 89.942009	 89.937124	  89.93244	 89.927951	 89.923651	 89.919533	 89.915592	 89.911821	 89.908215	 89.904768	 89.901476	 89.898332	 89.895332	 89.892471	 89.889745	 89.887149	 89.884679	 89.882331	   89.8801	 89.877983	 89.875977	 89.874077	 89.872281	 89.870585	 89.868987	 89.867483	 89.866071	 89.864748	 89.863511	 89.862359	 89.861289	   89.8603	 89.859389	 89.858554	 89.857795	 89.857109	 89.856496	 89.855954	 89.855481	 89.855078	 89.854744	 89.854477	 89.854277	 89.854144	 89.854078	
        99	  98.86829	 98.736615	 98.605009	 98.473507	 98.342144	 98.210953	 98.079969	 97.949226	 97.818757	 97.688598	  97.55878	 97.429337	 97.300302	 97.171708	 97.043586	 96.915969	 96.788888	 96.662374	 96.536458	  96.41117	 96.286538	 96.162594	 96.039365	 95.916879	 95.795163	 95.674246	 95.554153	  95.43491	 95.316541	 95.199073	 95.082528	 94.966929	 94.852299	  94.73866	 94.626033	 94.514438	 94.403895	 94.294422	 94.186039	 94.078761	 93.972607	 93.867591	 93.763729	 93.661035	 93.559523	 93.459206	 93.360095	 93.262202	 93.165537	  93.07011	  92.97593	 92.883005	 92.791342	 92.700949	  92.61183	 92.523991	 92.437437	 92.352171	 92.268196	 92.185514	 92.104127	 92.024036	  91.94524	 91.867739	 91.791532	 91.716616	  91.64299	 91.570651	 91.499594	 91.429814	 91.361308	  91.29407	 91.228093	  91.16337	 91.099896	 91.037661	 90.976658	 90.916879	 90.858313	 90.800952	 90.744785	 90.689802	 90.635993	 90.583345	 90.531848	  90.48149	 90.432258	  90.38414	 90.337123	 90.291194	  90.24634	 90.202546	   90.1598	 90.118086	 90.077391	 90.037701	    89.999	 89.961275	 89.924509	 89.888689	 89.853799	 89.819823	 89.786747	 89.754555	 89.723232	 89.692762	 89.663131	 89.634321	 89.606319	 89.579109	 89.552674	 89.527001	 89.502073	 89.477875	 89.454392	  89.43161	 89.409512	 89.388085	 89.367312	  89.34718	 89.327674	  89.30878	 89.290483	 89.272769	 89.255624	 89.239034	 89.222985	 89.207465	 89.192459	 89.177955	  89.16394	   89.1504	 89.137323	 89.124697	  89.11251	 89.100749	 89.089403	  89.07846	 89.067908	 89.057738	 89.047937	 89.038495	 89.029402	 89.020646	 89.012219	 89.004109	 88.996309	 88.988807	 88.981595	 88.974664	 88.968004	 88.961609	 88.955468	 88.949574	 88.943919	 88.938496	 88.933296	 88.928313	 88.923539	 88.918967	 88.914592	 88.910405	 88.906402	 88.902575	  88.89892	  88.89543	 88.892099	 88.888923	 88.885897	 88.883015	 88.880273	 88.877665	 88.875189	 88.872839	 88.870611	 88.868502	 88.866508	 88.864626	 88.862851	 88.861181	 88.859614	 88.858145	 88.856772	 88.855493	 88.854305	 88.853207	 88.852195	 88.851269	 88.850426	 88.849665	 88.848984	 88.848382	 88.847858	  88.84741	 88.847039	 88.846742	  88.84652	 88.846373	 88.846299	
        99	 98.855252	 98.710542	 98.565909	 98.421389	 98.277022	 98.132844	 97.988893	 97.845208	 97.701824	  97.55878	 97.416111	 97.273855	 97.132046	 96.990722	 96.849918	 96.709668	 96.570007	 96.430969	 96.292588	 96.154897	 96.017929	 95.881715	 95.746287	 95.611675	 95.477911	 95.345024	 95.213043	 95.081996	  94.95191	 94.822813	 94.694731	 94.567689	 94.441712	 94.316823	 94.193047	 94.070405	 93.948919	  93.82861	 93.709497	   93.5916	 93.474937	 93.359526	 93.245382	 93.132523	 93.020962	 92.910714	 92.801791	 92.694208	 92.587974	   92.4831	 92.379597	 92.277474	 92.176737	 92.077395	 91.979455	 91.882921	 91.787799	 91.694092	 91.601804	 91.510938	 91.421494	 91.333474	 91.246878	 91.161705	 91.077954	 90.995623	 90.914708	 90.835208	 90.757116	  90.68043	 90.605142	 90.531247	 90.458739	  90.38761	 90.317852	 90.249457	 90.182415	 90.116717	 90.052354	 89.989315	 89.927588	 89.867162	 89.808026	 89.750167	 89.693572	 89.638229	 89.584124	 89.531242	 89.479571	 89.429095	 89.379801	 89.331672	 89.284694	 89.238851	 89.194128	 89.150509	 89.107977	 89.066517	 89.026112	 88.986746	 88.948402	 88.911063	 88.874712	 88.839334	  88.80491	 88.771424	 88.738859	 88.707198	 88.676424	  88.64652	 88.617468	 88.589253	 88.561858	 88.535265	 88.509458	  88.48442	 88.460134	 88.436586	 88.413757	 88.391632	 88.370195	 88.349431	 88.329322	 88.309855	 88.291012	  88.27278	 88.255143	 88.238087	 88.221595	 88.205655	 88.190252	 88.175372	 88.161001	 88.147125	 88.133731	 88.120806	 88.108337	 88.096311	 88.084715	 88.073538	 88.062766	  88.05239	 88.042396	 88.032774	 88.023512	   88.0146	 88.006027	 87.997783	 87.989857	  87.98224	 87.974921	 87.967892	 87.961144	 87.954667	 87.948452	 87.942492	 87.936777	   87.9313	 87.926054	  87.92103	 87.916221	  87.91162	  87.90722	 87.903015	 87.898998	 87.895162	 87.891502	 87.888012	 87.884686	 87.881518	 87.878505	 87.875639	 87.872918	 87.870335	 87.867887	 87.865569	 87.863378	 87.861309	 87.859359	 87.857524	 87.855801	 87.854186	 87.852678	 87.851272	 87.849967	  87.84876	 87.847648	  87.84663	 87.845704	 87.844867	 87.844118	 87.843457	 87.842881	 87.842389	 87.841981	 87.841655	 87.841411	 87.841249	 87.841168	
        99	 98.842252	 98.684545	 98.526921	 98.369421	 98.212088	  98.05496	 97.898081	  97.74149	 97.585229	 97.429337	 97.273855	 97.118821	 96.964277	  96.81026	 96.656809	 96.503963	 96.351758	 96.200233	 96.049423	 95.899365	 95.750095	 95.601647	 95.454055	 95.307354	 95.161576	 95.016754	 94.872919	 94.730101	 94.588332	  94.44764	 94.308054	 94.169602	  94.03231	 93.896205	 93.761312	 93.627655	 93.495258	 93.364143	 93.234332	 93.105846	 92.978705	 92.852928	 92.728533	 92.605537	 92.483956	 92.363806	 92.245101	 92.127855	  92.01208	 91.897787	 91.784988	 91.673692	 91.563908	 91.455644	 91.348907	 91.243703	 91.140037	 91.037914	 90.937338	  90.83831	 90.740833	 90.644907	 90.550534	 90.457711	 90.366438	 90.276712	 90.188531	  90.10189	 90.016785	  89.93321	 89.851161	 89.770629	 89.691609	 89.614091	 89.538068	 89.463529	 89.390466	 89.318868	 89.248724	 89.180023	 89.112752	   89.0469	 88.982452	 88.919396	 88.857719	 88.797405	  88.73844	 88.680809	 88.624497	 88.569488	 88.515766	 88.463314	 88.412117	 88.362157	 88.313417	  88.26588	 88.219528	 88.174345	 88.130311	 88.087409	 88.045621	 88.004928	 87.965313	 87.926757	 87.889241	 87.852748	 87.817258	 87.782753	 87.749215	 87.716625	 87.684965	 87.654216	  87.62436	 87.595378	 87.567253	 87.539966	   87.5135	 87.487836	 87.462957	 87.438845	 87.415483	 87.392853	 87.370939	 87.349723	 87.329188	 87.309319	 87.290098	 87.271509	 87.253537	 87.236165	 87.219379	 87.203162	   87.1875	 87.172378	 87.157781	 87.143695	 87.130106	 87.116999	 87.104362	 87.092181	 87.080442	 87.069134	 87.058243	 87.047756	 87.037663	  87.02795	 87.018607	 87.009622	 87.000985	 86.992683	 86.984707	 86.977047	 86.969693	 86.962634	 86.955861	 86.949365	 86.943137	 86.937169	 86.931451	 86.925976	 86.920735	 86.915721	 86.910926	 86.906343	 86.901965	 86.897785	 86.893796	 86.889992	 86.886367	 86.882916	 86.879631	 86.876508	 86.873542	 86.870728	  86.86806	 86.865534	 86.863146	 86.860891	 86.858766	 86.856766	 86.854888	 86.853129	 86.851485	 86.849953	  86.84853	 86.847215	 86.846003	 86.844894	 86.843884	 86.842972	 86.842157	 86.841436	 86.840808	 86.840272	 86.839827	 86.839472	 86.839206	  86.83903	 86.838941	
        99	 98.829292	 98.658629	 98.488056	 98.317617	 98.147358	 97.977323	 97.807555	   97.6381	 97.469001	 97.300302	 97.132046	 96.964277	 96.797036	 96.630366	 96.464309	 96.298905	 96.134197	 95.970223	 95.807024	 95.644639	 95.483105	 95.322462	 95.162745	 95.003992	 94.846238	 94.689518	 94.533866	 94.379316	   94.2259	  94.07365	 93.922597	  93.77277	   93.6242	 93.476913	 93.330938	 93.186301	 93.043027	  92.90114	 92.760665	 92.621624	 92.484038	 92.347928	 92.213313	 92.080212	 91.948643	 91.818623	 91.690166	 91.563287	 91.438001	 91.314319	 91.192253	 91.071814	  90.95301	 90.835852	 90.720346	 90.606499	 90.494317	 90.383805	 90.274966	 90.167802	 90.062317	 89.958511	 89.856384	 89.755936	 89.657164	 89.560067	 89.464642	 89.370883	 89.278786	 89.188346	 89.099556	 89.012408	 88.926896	  88.84301	 88.760741	 88.680079	 88.601014	 88.523534	 88.447627	 88.373282	 88.300485	 88.229222	  88.15948	 88.091244	 88.024499	  87.95923	 87.895421	 87.833056	 87.772118	 87.712589	 87.654454	 87.597693	  87.54229	 87.488226	 87.435482	 87.384039	  87.33388	 87.284984	 87.237333	 87.190906	 87.145685	 87.101649	  87.05878	 87.017056	 86.976459	 86.936967	 86.898562	 86.861222	 86.824929	 86.789662	   86.7554	 86.722125	 86.689816	 86.658454	 86.628018	  86.59849	 86.569849	 86.542077	 86.515154	 86.489061	  86.46378	 86.439291	 86.415576	 86.392617	 86.370395	 86.348893	 86.328093	 86.307978	 86.288529	  86.26973	 86.251565	 86.234016	 86.217067	 86.200703	 86.184906	 86.169663	 86.154958	 86.140775	 86.127099	 86.113917	 86.101214	 86.088977	 86.077191	 86.065843	  86.05492	  86.04441	 86.034299	 86.024576	 86.015229	 86.006245	 85.997614	 85.989325	 85.981366	 85.973727	 85.966398	 85.959369	 85.952629	 85.946171	 85.939983	 85.934058	 85.928387	 85.922961	 85.917772	 85.912812	 85.908074	 85.903551	 85.899234	 85.895118	 85.891196	  85.88746	 85.883906	 85.880527	 85.877317	 85.874271	 85.871384	 85.868651	 85.866066	 85.863626	 85.861326	 85.859162	  85.85713	 85.855226	 85.853447	 85.851789	  85.85025	 85.848826	 85.847515	 85.846315	 85.845222	 85.844235	 85.843353	 85.842573	 85.841893	 85.841313	 85.840832	 85.840447	  85.84016	 85.839969	 85.839873	
        99	 98.816377	 98.632802	 98.449324	  98.26599	  98.08285	  97.89995	 97.717338	 97.535063	  97.35317	 97.171708	 96.990722	  96.81026	 96.630366	 96.451086	 96.272466	 96.094548	 95.917378	 95.740999	 95.565453	 95.390782	 95.217027	  95.04423	 94.872429	 94.701666	 94.531976	 94.363399	 94.195971	 94.029729	 93.864706	 93.700937	 93.538455	 93.377293	 93.217482	 93.059052	 92.902033	 92.746453	 92.592339	 92.439718	 92.288615	 92.139054	 91.991059	 91.844651	 91.699852	 91.556681	 91.415158	   91.2753	 91.137125	 91.000647	 90.865882	 90.732842	 90.601541	  90.47199	 90.344198	 90.218176	 90.093931	 89.971471	 89.850802	 89.731928	 89.614854	 89.499584	 89.386118	 89.274458	 89.164605	 89.056557	 88.950312	 88.845869	 88.743224	 88.642371	 88.543307	 88.446024	 88.350516	 88.256776	 88.164794	 88.074561	 87.986068	 87.899304	 87.814257	 87.730915	 87.649265	 87.569295	  87.49099	 87.414336	 87.339317	 87.265919	 87.194125	 87.123918	 87.055281	 86.988197	 86.922648	 86.858616	 86.796083	 86.735028	 86.675433	 86.617278	 86.560543	 86.505209	 86.451255	  86.39866	 86.347403	 86.297464	 86.248822	 86.201454	 86.155341	 86.110461	 86.066792	 86.024313	 85.983002	 85.942837	 85.903798	 85.865862	 85.829009	 85.793216	 85.758463	 85.724728	 85.691989	 85.660227	 85.629419	 85.599546	 85.570586	 85.542519	 85.515325	 85.488984	 85.463475	 85.438779	 85.414876	 85.391747	 85.369373	 85.347736	 85.326815	 85.306594	 85.287055	 85.268178	 85.249947	 85.232344	 85.215353	 85.198957	 85.183139	 85.167883	 85.153173	 85.138993	 85.125329	 85.112166	 85.099488	 85.087282	 85.075533	 85.064227	 85.053352	 85.042893	 85.032838	 85.023175	 85.013891	 85.004975	 84.996414	 84.988197	 84.980313	 84.972752	 84.965503	 84.958555	   84.9519	 84.945526	 84.939426	 84.933589	 84.928008	 84.922673	 84.917577	 84.912711	 84.908068	  84.90364	 84.899421	 84.895403	  84.89158	 84.887945	 84.884492	 84.881216	 84.878111	 84.875171	 84.872391	 84.869766	 84.867292	 84.864964	 84.862778	  84.86073	 84.858817	 84.857034	 84.855378	 84.853846	 84.852436	 84.851145	 84.849969	 84.848908	 84.847959	 84.847119	 84.846389	 84.845765	 84.845247	 84.844834	 84.844524	 84.844319	 84.844216	
        99	 98.803509	  98.60707	 98.410734	 98.214553	 98.018578	 97.822861	 97.627453	 97.432404	 97.237765	 97.043586	 96.849918	 96.656809	 96.464309	 96.272466	 96.081328	 95.890943	 95.701357	 95.512617	 95.324769	 95.137858	 94.951927	  94.76702	 94.583181	  94.40045	  94.21887	  94.03848	 93.859319	 93.681426	 93.504839	 93.329593	 93.155725	  92.98327	 92.812259	 92.642727	 92.474705	 92.308222	 92.143308	 91.979992	   91.8183	 91.658258	 91.499892	 91.343224	 91.188278	 91.035074	 90.883634	 90.733975	 90.586117	 90.440075	 90.295866	 90.153503	 90.013001	 89.874371	 89.737624	 89.602771	 89.469819	 89.338778	 89.209652	 89.082448	  88.95717	 88.833821	 88.712404	  88.59292	 88.475368	 88.359748	 88.246059	 88.134296	 88.024458	 87.916538	 87.810531	 87.706431	 87.604231	 87.503921	 87.405493	 87.308937	 87.214243	 87.121398	 87.030391	 86.941209	 86.853838	 86.768264	 86.684471	 86.602445	  86.52217	 86.443628	 86.366802	 86.291675	 86.218229	 86.146444	 86.076302	 86.007783	 85.940867	 85.875533	 85.811762	 85.749532	 85.688821	  85.62961	 85.571874	 85.515593	 85.460745	 85.407306	 85.355255	 85.304569	 85.255224	 85.207199	 85.160469	 85.115013	 85.070807	 85.027828	 84.986053	 84.945459	 84.906023	 84.867722	 84.830533	 84.794434	 84.759402	 84.725413	 84.692447	  84.66048	 84.629491	 84.599457	 84.570357	  84.54217	 84.514873	 84.488447	 84.462869	 84.438119	 84.414177	 84.391024	 84.368637	 84.346999	  84.32609	 84.305891	 84.286382	 84.267546	 84.249364	 84.231819	 84.214892	 84.198567	 84.182826	 84.167653	 84.153032	 84.138946	  84.12538	 84.112318	 84.099745	 84.087648	  84.07601	 84.064818	 84.054059	 84.043719	 84.033784	 84.024243	 84.015082	 84.006289	 83.997853	 83.989762	 83.982005	 83.974571	 83.967449	 83.960629	 83.954101	 83.947855	 83.941883	 83.936174	 83.930721	 83.925514	 83.920545	 83.915807	 83.911292	 83.906993	 83.902902	 83.899012	 83.895318	 83.891812	 83.888489	 83.885343	 83.882368	 83.879559	 83.876912	 83.874421	 83.872082	  83.86989	 83.867842	 83.865934	 83.864163	 83.862524	 83.861015	 83.859633	 83.858375	  83.85724	 83.856224	 83.855326	 83.854543	 83.853876	 83.853322	  83.85288	 83.852549	 83.852328	 83.852218	
        99	 98.790692	 98.581439	 98.372296	 98.163318	  97.95456	 97.746076	 97.537922	  97.33015	 97.122814	 96.915969	 96.709668	 96.503963	 96.298905	 96.094548	 95.890943	 95.688139	 95.486186	 95.285135	 95.085034	  94.88593	 94.687871	 94.490903	 94.295072	 94.100422	 93.906996	 93.714839	 93.523992	 93.334495	 93.146389	 92.959712	 92.774503	 92.590798	 92.408633	 92.228042	 92.049059	 91.871717	 91.696046	 91.522076	 91.349837	 91.179356	 91.010659	 90.843772	 90.678719	 90.515522	 90.354203	 90.194782	 90.037279	 89.881711	 89.728094	 89.576446	 89.426778	 89.279106	 89.133439	 88.989789	 88.848165	 88.708575	 88.571027	 88.435525	 88.302076	 88.170681	 88.041344	 87.914065	 87.788845	 87.665684	 87.544578	 87.425526	 87.308522	 87.193563	 87.080642	 86.969751	 86.860884	 86.754031	 86.649183	 86.546329	 86.445457	 86.346556	 86.249613	 86.154613	 86.061543	 85.970387	 85.881129	 85.793752	  85.70824	 85.624575	 85.542738	  85.46271	 85.384473	 85.308006	 85.233288	 85.160299	 85.089018	 85.019423	 84.951492	 84.885203	 84.820532	 84.757458	 84.695957	 84.636005	 84.577578	 84.520654	 84.465207	 84.411215	 84.358652	 84.307493	 84.257716	 84.209295	 84.162205	 84.116423	 84.071923	 84.028681	 83.986672	 83.945873	 83.906258	 83.867804	 83.830486	 83.794281	 83.759164	 83.725112	 83.692102	 83.660109	 83.629111	 83.599085	 83.570008	 83.541857	 83.514611	 83.488247	 83.462743	 83.438079	 83.414233	 83.391183	  83.36891	 83.347393	 83.326612	 83.306547	 83.287179	 83.268489	 83.250459	 83.233068	 83.216301	 83.200138	 83.184563	 83.169558	 83.155107	 83.141193	 83.127801	 83.114914	 83.102517	 83.090596	 83.079134	  83.06812	 83.057537	 83.047373	 83.037615	 83.028249	 83.019262	 83.010643	  83.00238	 82.994461	 82.986874	 82.979609	 82.972656	 82.966003	 82.959641	  82.95356	  82.94775	 82.942204	 82.936912	 82.931865	 82.927055	 82.922475	 82.918117	 82.913974	 82.910038	 82.906304	 82.902764	 82.899412	 82.896244	 82.893252	 82.890432	 82.887778	 82.885287	 82.882952	 82.880771	 82.878738	 82.876851	 82.875105	 82.873498	 82.872026	 82.870686	 82.869476	 82.868394	 82.867437	 82.866604	 82.865893	 82.865303	 82.864832	 82.864479	 82.864245	 82.864128	
        99	 98.777929	 98.555916	  98.33402	 98.112299	 97.890811	 97.669614	 97.448766	 97.228325	 97.008346	 96.788888	 96.570007	 96.351758	 96.134197	 95.917378	 95.701357	 95.486186	 95.271919	 95.058608	 94.846305	  94.63506	 94.424924	 94.215945	 94.008172	 93.801653	 93.596433	 93.392558	 93.190073	 92.989021	 92.789445	 92.591385	 92.394882	 92.199975	 92.006701	 91.815098	 91.625201	 91.437045	 91.250662	 91.066084	 90.883342	 90.702465	 90.523482	 90.346418	   90.1713	 89.998151	 89.826995	 89.657853	 89.490746	 89.325691	 89.162708	 89.001812	 88.843018	  88.68634	 88.531791	 88.379382	 88.229122	  88.08102	 87.935084	  87.79132	 87.649733	 87.510326	 87.373101	 87.238062	 87.105206	 86.974535	 86.846044	 86.719732	 86.595594	 86.473625	 86.353817	 86.236165	 86.120659	 86.007291	 85.896049	 85.786923	   85.6799	 85.574969	 85.472114	 85.371321	 85.272576	 85.175861	  85.08116	 84.988455	 84.897729	 84.808962	 84.722135	 84.637227	 84.554219	 84.473089	 84.393815	 84.316376	 84.240748	 84.166909	 84.094836	 84.024504	  83.95589	  83.88897	 83.823718	  83.76011	 83.698121	 83.637726	 83.578898	 83.521613	 83.465845	 83.411567	 83.358754	  83.30738	 83.257419	 83.208845	 83.161631	 83.115752	 83.071182	 83.027895	 82.985865	 82.945066	 82.905473	  82.86706	 82.829802	 82.793673	  82.75865	 82.724706	 82.691818	 82.659961	  82.62911	 82.599243	 82.570335	 82.542364	 82.515305	 82.489137	 82.463836	 82.439381	  82.41575	 82.392921	 82.370873	 82.349584	 82.329036	 82.309206	 82.290076	 82.271625	 82.253835	 82.236687	 82.220162	 82.204242	  82.18891	 82.174148	 82.159939	 82.146266	 82.133113	 82.120464	 82.108305	 82.096618	  82.08539	 82.074607	 82.064253	 82.054316	 82.044781	 82.035637	  82.02687	 82.018468	 82.010418	 82.002711	 81.995333	 81.988274	 81.981524	 81.975072	 81.968909	 81.963024	 81.957409	 81.952054	 81.946952	 81.942092	 81.937468	 81.933073	 81.928897	 81.924935	 81.921179	 81.917623	 81.914261	 81.911087	 81.908095	  81.90528	 81.902636	 81.900159	 81.897845	 81.895689	 81.893686	 81.891834	 81.890129	 81.888567	 81.887145	 81.885862	 81.884714	 81.883699	 81.882815	  81.88206	 81.881434	 81.880934	  81.88056	 81.880311	 81.880187	
