Time step 49:
        99	        99	        99	        99	        99	        99	        99	        99	        99	        99	        99	        99	        99	        99	        99	        99	        99	        99	        99	        99	        99	        99	        99	        99	        99	        99	        99	        99	        99	        99	        99	        99	        99	        99	        99	        99	        99	        99	        99	        99	        99	        99	        99	        99	        99	        99	        99	        99	        99	        99	        99	        99	        99	        99	        99	        99	        99	        99	        99	        99	        99	        99	        99	        99	        99	        99	        99	        99	        99	        99	        99	        99	        99	        99	        99	        99	        99	        99	        99	        99	        99	        99	        99	        99	        99	        99	        99	        99	        99	        99	        99	        99	        99	        99	        99	        99	        99	        99	        99	        99	        99	        99	        99	        99	        99	        99	        99	        99	        99	        99	        99	        99	        99	        99	        99	        99	        99	        99	        99	        99	        99	        99	        99	        99	        99	        99	        99	        99	        99	        99	        99	        99	        99	        99	        99	        99	        99	        99	        99	        99	        99	        99	        99	        99	        99	        99	        99	        99	        99	        99	        99	        99	        99	        99	        99	        99	        99	        99	        99	        99	        99	        99	        99	        99	        99	        99	        99	        99	        99	        99	        99	        99	        99	        99	        99	        99	        99	        99	        99	        99	        99	        99	        99	        99	        99	        99	        99	        99	        99	        99	        99	        99	        99	        99	        99	        99	        99	        99	        99	        99	
        99	 98.987042	 98.974087	 98.961139	 98.948201	 98.935276	 98.922367	 98.909479	 98.896614	 98.883776	 98.870967	 98.858191	 98.845451	 98.832751	 98.820093	 98.807481	 98.794917	 98.782405	 98.769948	 98.757548	 98.745209	 98.732933	 98.720724	 98.708584	 98.696515	 98.684521	 98.672604	 98.660766	  98.64901	 98.637339	 98.625755	  98.61426	 98.602857	 98.591547	 98.580333	 98.569217	   98.5582	 98.547286	 98.536475	 98.525769	  98.51517	  98.50468	   98.4943	 98.484032	 98.473877	 98.463837	 98.453912	 98.444104	 98.434414	 98.424844	 98.415393	 98.406064	 98.396856	 98.387771	 98.378809	 98.369971	 98.361257	 98.352668	 98.344205	 98.335867	 98.327654	 98.319568	 98.311608	 98.303774	 98.296066	 98.288484	 98.281028	 98.273698	 98.266494	 98.259414	 98.252459	 98.245629	 98.238922	 98.232339	 98.225878	 98.219539	 98.213322	 98.207225	 98.201248	  98.19539	  98.18965	 98.184027	 98.178521	 98.173129	 98.167851	 98.162687	 98.157634	 98.152692	  98.14786	 98.143136	 98.138519	 98.134008	 98.129601	 98.125298	 98.121097	 98.116996	 98.112994	  98.10909	 98.105283	  98.10157	 98.097951	 98.094424	 98.090988	 98.087641	 98.084381	 98.081208	 98.078119	 98.075114	  98.07219	 98.069347	 98.066582	 98.063895	 98.061283	 98.058746	 98.056282	 98.053889	 98.051566	 98.049311	 98.047123	 98.045001	 98.042943	 98.040948	 98.039014	  98.03714	 98.035325	 98.033566	 98.031864	 98.030216	 98.028621	 98.027078	 98.025585	 98.024142	 98.022747	 98.021398	 98.020095	 98.018837	 98.017622	 98.016448	 98.015316	 98.014223	 98.013169	 98.012153	 98.011173	 98.010228	 98.009318	 98.008442	 98.007598	 98.006785	 98.006003	 98.005251	 98.004527	 98.003831	 98.003163	  98.00252	 98.001903	  98.00131	 98.000741	 98.000196	 97.999672	 97.999171	  97.99869	 97.998229	 97.997788	 97.997366	 97.996962	 97.996576	 97.996207	 97.995855	 97.995519	 97.995199	 97.994894	 97.994603	 97.994326	 97.994063	 97.993814	 97.993577	 97.993353	  97.99314	  97.99294	 97.992751	 97.992573	 97.992405	 97.992249	 97.992102	 97.991965	 97.991839	 97.991721	 97.991613	 97.991514	 97.991424	 97.991342	 97.991269	 97.991205	 97.991148	   97.9911	 97.991061	 97.991029	 97.991005	 97.990989	 97.990981	
        99	 98.974087	  98.94818	 98.922287	 98.896414	 98.870568	 98.844755	 98.818982	 98.793255	 98.767581	 98.741967	 98.716418	 98.690942	 98.665545	 98.640232	 98.615011	 98.589887	 98.564866	 98.539955	 98.515159	 98.490484	 98.465936	  98.44152	 98.417242	 98.393108	 98.369123	 98.345292	 98.321619	 98.298111	 98.274772	 98.251607	  98.22862	 98.205816	 98.183199	 98.160774	 98.138545	 98.116515	 98.094688	 98.073068	  98.05166	 98.030465	 98.009487	 97.988731	 97.968197	  97.94789	 97.927811	 97.907965	 97.888352	 97.868975	 97.849836	 97.830937	 97.812281	 97.793868	   97.7757	 97.757778	 97.740104	 97.722679	 97.705504	 97.688579	 97.671905	 97.655482	 97.639312	 97.623393	 97.607727	 97.592313	 97.577152	 97.562242	 97.547584	 97.533176	 97.519019	 97.505111	 97.491452	  97.47804	 97.464875	 97.451956	  97.43928	 97.426847	 97.414655	 97.402702	 97.390988	 97.379509	 97.368265	 97.357253	 97.346471	 97.335917	  97.32559	 97.315486	 97.305603	  97.29594	 97.286493	  97.27726	 97.268239	 97.259427	 97.250822	  97.24242	  97.23422	 97.226217	  97.21841	 97.210796	 97.203372	 97.196135	 97.189082	  97.18221	 97.175517	 97.168998	 97.162653	 97.156476	 97.150466	  97.14462	 97.138934	 97.133405	 97.128031	 97.122809	 97.117735	 97.112807	 97.108021	 97.103376	 97.098867	 97.094492	 97.090249	 97.086133	 97.082143	 97.078276	 97.074528	 97.070898	 97.067382	 97.063977	 97.060681	 97.057492	 97.054406	 97.051422	 97.048535	 97.045745	 97.043049	 97.040443	 97.037927	 97.035496	  97.03315	 97.030886	 97.028701	 97.026593	  97.02456	 97.022601	 97.020712	 97.018892	 97.017139	 97.015451	 97.013826	 97.012262	 97.010758	 97.009311	 97.007919	 97.006582	 97.005297	 97.004063	 97.002878	  97.00174	 97.000649	 96.999602	 96.998599	 96.997637	 96.996716	 96.995834	  96.99499	 96.994183	 96.993411	 96.992674	 96.991969	 96.991297	 96.990657	 96.990046	 96.989465	 96.988911	 96.988386	 96.987886	 96.987413	 96.986964	  96.98654	 96.986139	 96.985761	 96.985405	 96.985071	 96.984757	 96.984464	 96.984191	 96.983937	 96.983702	 96.983486	 96.983287	 96.983107	 96.982944	 96.982798	 96.982669	 96.982557	 96.982461	 96.982381	 96.982318	  96.98227	 96.982239	 96.982223	
        99	 98.961139	 98.922287	 98.883456	 98.844655	 98.805894	 98.767182	 98.728531	 98.689949	 98.651446	 98.613033	 98.574719	 98.536513	 98.498425	 98.460464	  98.42264	 98.384962	 98.347439	  98.31008	 98.272894	  98.23589	 98.199075	  98.16246	 98.126051	 98.089858	 98.053888	 98.018148	 97.982648	 97.947393	 97.912392	 97.877652	 97.843179	  97.80898	 97.775062	 97.741432	 97.708094	 97.675056	 97.642323	 97.609901	 97.577795	  97.54601	  97.51455	 97.483421	 97.452628	 97.422173	 97.392062	 97.362298	 97.332885	 97.303826	 97.275124	 97.246783	 97.218804	  97.19119	 97.163944	 97.137067	 97.110562	  97.08443	 97.058672	  97.03329	 97.008284	 96.983656	 96.959405	 96.935533	 96.912039	 96.888923	 96.866186	 96.843826	 96.821843	 96.800236	 96.779005	 96.758148	 96.737663	  96.71755	 96.697807	 96.678432	 96.659422	 96.640777	 96.622493	 96.604568	    96.587	 96.569786	 96.552923	 96.536408	 96.520239	 96.504412	 96.488923	 96.473771	  96.45895	 96.444458	 96.430291	 96.416445	 96.402916	 96.389701	 96.376796	 96.364196	 96.351898	 96.339897	 96.328189	 96.316771	 96.305637	 96.294783	 96.284206	 96.273901	 96.263862	 96.254087	  96.24457	 96.235308	 96.226295	 96.217527	    96.209	 96.200709	 96.192649	 96.184818	 96.177209	 96.169818	 96.162641	 96.155675	 96.148913	 96.142352	 96.135988	 96.129816	 96.123833	 96.118033	 96.112413	 96.106968	 96.101695	 96.096589	 96.091646	 96.086863	 96.082236	  96.07776	 96.073432	 96.069247	 96.065203	 96.061296	 96.057522	 96.053877	 96.050359	 96.046963	 96.043686	 96.040525	 96.037477	 96.034538	 96.031705	 96.028976	 96.026347	 96.023816	 96.021379	 96.019034	 96.016777	 96.014607	 96.012521	 96.010515	 96.008588	 96.006737	  96.00496	 96.003254	 96.001617	 96.000048	 95.998543	 95.997101	 95.995719	 95.994397	 95.993131	  95.99192	 95.990763	 95.989657	 95.988601	 95.987593	 95.986632	 95.985716	 95.984844	 95.984015	 95.983226	 95.982478	 95.981768	 95.981095	 95.980458	 95.979857	  95.97929	 95.978756	 95.978255	 95.977784	 95.977345	 95.976935	 95.976555	 95.976202	 95.975878	 95.975581	  95.97531	 95.975066	 95.974847	 95.974653	 95.974485	 95.974341	 95.974222	 95.974126	 95.974055	 95.974008	 95.973984	
        99	 98.948201	 98.896414	 98.844655	 98.792935	 98.741269	  98.68967	  98.63815	 98.586723	 98.535401	 98.484199	 98.433129	 98.382203	 98.331434	 98.280835	 98.230418	 98.180196	  98.13018	 98.080383	 98.030817	 97.981492	 97.932421	 97.883615	 97.835085	 97.786842	 97.738896	 97.691258	 97.643938	 97.596946	 97.550292	 97.503985	 97.458035	 97.412451	  97.36724	 97.322413	 97.277977	 97.233939	 97.190309	 97.147092	 97.104296	 97.061929	 97.019995	 96.978503	 96.937457	 96.896863	 96.856727	 96.817054	 96.777848	 96.739115	 96.700857	 96.663079	 96.625785	 96.588978	 96.552661	 96.516836	 96.481507	 96.446674	 96.412341	 96.378508	 96.345177	 96.312349	 96.280025	 96.248205	 96.216889	 96.186077	 96.155769	 96.125965	 96.096663	 96.067863	 96.039563	 96.011762	 95.984458	 95.957648	 95.931332	 95.905506	 95.880168	 95.855314	 95.830943	  95.80705	 95.783633	 95.760688	 95.738211	 95.716198	 95.694645	 95.673549	 95.652904	 95.632706	 95.612952	 95.593635	 95.574751	 95.556295	 95.538262	 95.520648	 95.503446	 95.486651	 95.470258	 95.454262	 95.438656	 95.423436	 95.408595	 95.394128	  95.38003	 95.366293	 95.352913	 95.339883	 95.327198	 95.314851	 95.302837	  95.29115	 95.279784	 95.268733	 95.257991	 95.247551	 95.237409	 95.227558	 95.217992	 95.208706	 95.199693	 95.190948	 95.182465	 95.174238	 95.166262	 95.158532	  95.15104	 95.143783	 95.136754	 95.129948	  95.12336	 95.116985	 95.110817	  95.10485	 95.099081	 95.093504	 95.088114	 95.082906	 95.077875	 95.073017	 95.068326	   95.0638	 95.059432	 95.055219	 95.051156	 95.047238	 95.043463	 95.039825	 95.036321	 95.032947	 95.029699	 95.026573	 95.023565	 95.020672	 95.017891	 95.015218	 95.012649	 95.010182	 95.007813	 95.005539	 95.003358	 95.001265	  94.99926	 94.997337	 94.995496	 94.993733	 94.992046	 94.990432	 94.988889	 94.987415	 94.986007	 94.984664	 94.983383	 94.982163	    94.981	 94.979895	 94.978844	 94.977846	 94.976899	 94.976002	 94.975154	 94.974353	 94.973597	 94.972885	 94.972217	  94.97159	 94.971004	 94.970458	 94.969951	 94.969481	 94.969049	 94.968652	 94.968292	 94.967966	 94.967674	 94.967416	 94.967192	    94.967	 94.966841	 94.966714	 94.966619	 94.966556	 94.966524	
        99	 98.935276	 98.870568	 98.805894	 98.741269	 98.676711	 98.612237	 98.547862	 98.483603	 98.419476	 98.355498	 98.291684	 98.228051	 98.164615	 98.101391	 98.038394	 97.975641	 97.913145	 97.850923	 97.788989	 97.727357	 97.666042	 97.605058	 97.544419	 97.484138	 97.424229	 97.364704	 97.305577	  97.24686	 97.188565	 97.130704	 97.073288	  97.01633	 96.959839	 96.903826	 96.848302	 96.793277	 96.738759	 96.684759	 96.631285	 96.578346	  96.52595	 96.474104	 96.422817	 96.372094	 96.321944	 96.272371	 96.223383	 96.174985	 96.127181	 96.079977	 96.033378	 95.987386	 95.942007	 95.897244	 95.853099	 95.809575	 95.766675	 95.724401	 95.682753	 95.641734	 95.601344	 95.561584	 95.522454	 95.483955	 95.446085	 95.408844	 95.372231	 95.336244	 95.300883	 95.266145	 95.232028	 95.198529	 95.165646	 95.133376	 95.101715	 95.070661	 95.040208	 95.010354	 94.981094	 94.952424	 94.924338	 94.896833	 94.869902	 94.843542	 94.817746	 94.792509	 94.767824	 94.743688	 94.720092	 94.697031	 94.674499	 94.652489	 94.630995	  94.61001	 94.589526	 94.569539	 94.550039	 94.531021	 94.512478	 94.494401	 94.476784	  94.45962	 94.442901	 94.426621	  94.41077	 94.395343	 94.380332	 94.365729	 94.351526	 94.337717	 94.324295	  94.31125	 94.298578	 94.286268	 94.274316	 94.262712	 94.251451	 94.240524	 94.229924	 94.219645	 94.209679	 94.200019	 94.190659	  94.18159	 94.172808	 94.164304	 94.156072	 94.148106	 94.140398	 94.132943	 94.125735	 94.118766	  94.11203	 94.105523	 94.099237	 94.093166	 94.087306	  94.08165	 94.076192	 94.070928	 94.065851	 94.060956	 94.056239	 94.051693	 94.047315	 94.043099	  94.03904	 94.035134	 94.031376	 94.027761	 94.024286	 94.020946	 94.017736	 94.014653	 94.011694	 94.008852	 94.006127	 94.003512	 94.001006	 93.998604	 93.996303	   93.9941	 93.991992	 93.989976	 93.988048	 93.986206	 93.984447	 93.982769	 93.981168	 93.979643	 93.978191	 93.976809	 93.975496	 93.974249	 93.973066	 93.971946	 93.970886	 93.969884	  93.96894	 93.968051	 93.967215	 93.966432	   93.9657	 93.965018	 93.964384	 93.963797	 93.963257	 93.962762	 93.962311	 93.961904	 93.961539	 93.961217	 93.960937	 93.960697	 93.960498	  93.96034	 93.960221	 93.960142	 93.960102	
        99	 98.922367	 98.844755	 98.767182	  98.68967	 98.612237	 98.534904	  98.45769	 98.380616	   98.3037	 98.226962	 98.150422	 98.074099	 97.998011	 97.922178	 97.846617	 97.771349	  97.69639	 97.621758	 97.547472	 97.473549	 97.400006	  97.32686	 97.254127	 97.181824	 97.109967	 97.038571	 96.967652	 96.897224	 96.827303	 96.757903	 96.689037	 96.620719	 96.552961	 96.485778	 96.419181	 96.353181	 96.287791	 96.223022	 96.158884	 96.095387	 96.032541	 95.970355	 95.908839	 95.848001	 95.787849	  95.72839	 95.669632	 95.611581	 95.554244	 95.497626	 95.441733	  95.38657	  95.33214	  95.27845	 95.225501	 95.173297	 95.121841	 95.071135	 95.021182	 94.971982	 94.923537	 94.875848	 94.828914	 94.782736	 94.737314	 94.692646	 94.648731	 94.605568	 94.563154	 94.521488	 94.480567	 94.440387	 94.400946	 94.362241	 94.324266	 94.287018	 94.250492	 94.214684	 94.179588	   94.1452	 94.111513	 94.078522	 94.046221	 94.014604	 93.983663	 93.953393	 93.923786	 93.894835	 93.866533	 93.838874	 93.811848	 93.785448	 93.759668	 93.734497	 93.709929	 93.685955	 93.662567	 93.639756	 93.617514	 93.595832	 93.574702	 93.554115	 93.534062	 93.514534	 93.495523	 93.477019	 93.459014	 93.441498	 93.424463	 93.407901	 93.391801	 93.376155	 93.360955	 93.346191	 93.331854	 93.317937	 93.304429	 93.291323	  93.27861	  93.26628	 93.254327	 93.242741	 93.231513	 93.220637	 93.210102	 93.199903	 93.190029	 93.180474	 93.171229	 93.162288	 93.153641	 93.145283	 93.137204	 93.129399	 93.121859	 93.114578	 93.107549	 93.100765	 93.094218	 93.087904	 93.081815	 93.075944	 93.070286	 93.064834	 93.059582	 93.054525	 93.049657	 93.044972	 93.040464	 93.036129	  93.03196	 93.027954	 93.024104	 93.020407	 93.016857	 93.013449	 93.010179	 93.007044	 93.004037	 93.001156	 92.998397	 92.995754	 92.993226	 92.990807	 92.988495	 92.986286	 92.984176	 92.982163	 92.980243	 92.978414	 92.976672	 92.975015	  92.97344	 92.971944	 92.970526	 92.969182	  92.96791	 92.966709	 92.965576	  92.96451	 92.963508	 92.962569	 92.961691	 92.960872	 92.960112	 92.959408	  92.95876	 92.958166	 92.957625	 92.957137	   92.9567	 92.956314	 92.955977	  92.95569	 92.955451	 92.955261	 92.955118	 92.955024	 92.954976	
        99	 98.909479	 98.818982	 98.728531	  98.63815	 98.547862	  98.45769	 98.367658	 98.277788	 98.188103	 98.098625	 98.009378	 97.920384	 97.831664	 97.743242	 97.655137	 97.567372	 97.479969	 97.392948	 97.306329	 97.220133	 97.134381	 97.049091	 96.964283	 96.879977	  96.79619	 96.712941	 96.630248	 96.548129	   96.4666	 96.385678	 96.305379	 96.225719	 96.146713	 96.068376	 95.990722	 95.913766	  95.83752	 95.761998	 95.687212	 95.613173	 95.539894	 95.467385	 95.395656	 95.324718	 95.254579	 95.185249	 95.116736	 95.049048	 94.982192	 94.916174	 94.851002	 94.786681	 94.723216	 94.660611	 94.598872	 94.538001	 94.478003	 94.418879	 94.360633	 94.303265	 94.246777	 94.191171	 94.136445	 94.082601	 94.029638	 93.977554	 93.926349	  93.87602	 93.826565	 93.777982	 93.730267	 93.683417	 93.637428	 93.592296	 93.548017	 93.504585	 93.461996	 93.420243	 93.379321	 93.339224	 93.299944	 93.261476	 93.223813	 93.186946	 93.150869	 93.115573	 93.081051	 93.047294	 93.014294	 92.982042	 92.950529	 92.919747	 92.889686	 92.860337	  92.83169	 92.803736	 92.776465	 92.749868	 92.723933	 92.698652	 92.674014	 92.650009	 92.626627	 92.603857	 92.581689	 92.560113	 92.539119	 92.518696	 92.498833	  92.47952	 92.460748	 92.442505	 92.424781	 92.407566	 92.390849	 92.374621	 92.358871	 92.343589	 92.328765	 92.314389	 92.300451	 92.286941	  92.27385	 92.261167	 92.248884	 92.236991	 92.225479	 92.214337	 92.203558	 92.193132	  92.18305	 92.173303	 92.163884	 92.154782	 92.145991	 92.137501	 92.129305	 92.121395	 92.113762	 92.106399	 92.099299	 92.092453	 92.085856	 92.079499	 92.073375	 92.067479	 92.061802	 92.056339	 92.051083	 92.046028	 92.041168	 92.036496	 92.032008	 92.027696	 92.023557	 92.019583	 92.015771	 92.012115	 92.008609	  92.00525	 92.002032	 91.998951	 91.996003	 91.993183	 91.990487	 91.987911	 91.985451	 91.983104	 91.980865	 91.978732	 91.976701	 91.974769	 91.972932	 91.971188	 91.969534	 91.967967	 91.966484	 91.965084	 91.963763	 91.962519	 91.961351	 91.960256	 91.959232	 91.958278	 91.957391	 91.956571	 91.955815	 91.955122	 91.954492	 91.953923	 91.953413	 91.952963	  91.95257	 91.952235	 91.951957	 91.951735	 91.951569	 91.951458	 91.951403	
        99	 98.896614	 98.793255	 98.689949	 98.586723	 98.483603	 98.380616	 98.277788	 98.175145	 98.072714	  97.97052	 97.868589	 97.766946	 97.665618	 97.564628	 97.464002	 97.363764	 97.263938	 97.164549	  97.06562	 96.967174	 96.869234	 96.771823	 96.674962	 96.578674	 96.482979	 96.387899	 96.293453	 96.199663	 96.106547	 96.014124	 95.922412	 95.831431	 95.741197	 95.651726	 95.563036	 95.475143	 95.388061	 95.301805	  95.21639	 95.131829	 95.048135	  94.96532	 94.883397	 94.802377	  94.72227	 94.643087	 94.564837	 94.487529	 94.411171	 94.335771	 94.261336	 94.187873	 94.115388	 94.043886	 93.973372	 93.903851	 93.835325	 93.767799	 93.701274	 93.635753	 93.571237	 93.507728	 93.445225	 93.383728	 93.323237	 93.263751	 93.205268	 93.147787	 93.091303	 93.035815	 92.981319	 92.927811	 92.875286	  92.82374	 92.773168	 92.723563	 92.674921	 92.627234	 92.580496	   92.5347	 92.489838	 92.445903	 92.402886	  92.36078	 92.319575	 92.279263	 92.239835	  92.20128	  92.16359	 92.126754	 92.090763	 92.055606	 92.021273	 91.987753	 91.955035	 91.923108	 91.891961	 91.861583	 91.831963	 91.803088	 91.774949	 91.747532	 91.720826	 91.694821	 91.669502	  91.64486	 91.620882	 91.597556	 91.574871	 91.552813	 91.531373	 91.510537	 91.490294	 91.470632	  91.45154	 91.433005	 91.415017	 91.397563	 91.380632	 91.364213	 91.348294	 91.332864	 91.317912	 91.303427	 91.289399	 91.275815	 91.262666	 91.249941	  91.23763	 91.225722	 91.214207	 91.203076	 91.192318	 91.181923	 91.171882	 91.162186	 91.152825	  91.14379	 91.135072	 91.126663	 91.118553	 91.110735	   91.1032	 91.095939	 91.088946	 91.082211	 91.075728	 91.069488	 91.063486	 91.057712	 91.052161	 91.046826	 91.041699	 91.036775	 91.032047	 91.027509	 91.023154	 91.018978	 91.014975	 91.011138	 91.007463	 91.003944	 91.000577	 90.997356	 90.994277	 90.991335	 90.988525	 90.985844	 90.983288	 90.980851	 90.978532	 90.976325	 90.974227	 90.972235	 90.970346	 90.968556	 90.966863	 90.965264	 90.963755	 90.962335	    90.961	  90.95975	  90.95858	  90.95749	 90.956478	  90.95554	 90.954677	 90.953886	 90.953167	 90.952516	 90.951934	  90.95142	 90.950972	 90.950589	 90.950271	 90.950018	 90.949828	 90.949702	 90.949639	
        99	 98.883776	 98.767581	 98.651446	 98.535401	 98.419476	   98.3037	 98.188103	 98.072714	 97.957562	 97.842678	 97.728089	 97.613824	 97.499913	 97.386382	  97.27326	 97.160574	 97.048353	 96.936621	 96.825407	 96.714736	 96.604633	 96.495125	 96.386236	 96.277991	 96.170413	 96.063525	 95.957352	 95.851914	 95.747235	 95.643335	 95.540235	 95.437955	 95.336515	 95.235934	 95.136231	 95.037423	 94.939527	  94.84256	 94.746538	 94.651476	 94.557388	  94.46429	 94.372194	 94.281112	 94.191058	 94.102041	 94.014074	 93.927166	 93.841325	 93.756562	 93.672884	 93.590299	 93.508812	 93.428431	 93.349161	 93.271006	 93.193971	 93.118059	 93.043273	 92.969616	 92.897089	 92.825692	 92.755427	 92.686294	 92.618292	 92.551419	 92.485673	 92.421053	 92.357556	 92.295177	 92.233913	  92.17376	 92.114713	 92.056766	 91.999914	 91.944149	 91.889466	 91.835858	 91.783316	 91.731833	   91.6814	 91.632009	  91.58365	 91.536315	 91.489994	 91.444676	 91.400351	 91.357009	 91.314638	 91.273228	 91.232768	 91.193245	 91.154648	 91.116965	 91.080184	 91.044292	 91.009278	 90.975128	 90.941829	 90.909369	 90.877735	 90.846914	 90.816892	 90.787657	 90.759194	 90.731492	 90.704536	 90.678314	 90.652811	 90.628015	 90.603912	 90.580488	 90.557732	 90.535628	 90.514165	 90.493329	 90.473107	 90.453485	 90.434452	 90.415993	 90.398098	 90.380752	 90.363943	  90.34766	 90.331889	 90.316619	 90.301837	 90.287532	 90.273692	 90.260305	  90.24736	 90.234846	 90.222752	 90.211067	 90.199779	 90.188878	 90.178355	 90.168198	 90.158398	 90.148944	 90.139828	 90.131039	 90.122568	 90.114406	 90.106544	 90.098973	 90.091684	  90.08467	 90.077922	 90.071431	 90.065191	 90.059193	  90.05343	 90.047894	 90.042579	 90.037477	 90.032582	 90.027888	 90.023387	 90.019074	 90.014942	 90.010987	 90.007201	  90.00358	 90.000118	 89.996811	 89.993653	 89.990639	 89.987765	 89.985026	 89.982418	 89.979937	 89.977579	  89.97534	 89.973216	 89.971204	 89.969301	 89.967503	 89.965807	  89.96421	  89.96271	 89.961304	 89.959989	 89.958764	 89.957625	 89.956572	 89.955602	 89.954712	 89.953903	 89.953172	 89.952518	 89.951939	 89.951436	 89.951005	 89.950648	 89.950363	  89.95015	 89.950008	 89.949937	
        99	 98.870967	 98.741967	 98.613033	 98.484199	 98.355498	 98.226962	 98.098625	  97.97052	 97.842678	 97.715132	 97.587915	 97.461057	 97.334592	 97.208549	  97.08296	 96.957856	 96.833266	 96.709221	  96.58575	 96.462882	 96.340646	 96.219069	  96.09818	 95.978005	 95.858571	 95.739904	 95.622029	 95.504971	 95.388755	 95.273405	 95.158942	 95.045391	 94.932771	 94.821106	 94.710414	 94.600716	 94.492032	 94.384378	 94.277774	 94.172235	 94.067779	  93.96442	 93.862174	 93.761055	 93.661076	 93.562249	 93.464587	 93.368101	   93.2728	 93.178696	 93.085796	 92.994108	 92.903642	 92.814402	 92.726396	 92.639628	 92.554103	 92.469825	 92.386797	 92.305022	 92.224501	 92.145237	 92.067228	 91.990476	 91.914979	 91.840736	 91.767745	 91.696003	 91.625508	 91.556254	 91.488239	 91.421457	 91.355902	 91.291569	 91.228451	 91.166541	 91.105832	 91.046315	 90.987982	 90.930825	 90.874835	     90.82	 90.766312	 90.713761	 90.662334	 90.612022	 90.562812	 90.514693	 90.467653	 90.421679	  90.37676	 90.332881	 90.290031	 90.248195	  90.20736	 90.167513	  90.12864	 90.090726	 90.053757	  90.01772	   89.9826	 89.948382	 89.915051	 89.882594	 89.850995	  89.82024	 89.790313	 89.761201	 89.732887	 89.705358	 89.678599	 89.652594	  89.62733	  89.60279	 89.578962	 89.555829	 89.533378	 89.511594	 89.490463	 89.469971	 89.450103	 89.430845	 89.412184	 89.394106	 89.376597	 89.359644	 89.343233	 89.327352	 89.311986	 89.297124	 89.282753	  89.26886	 89.255433	 89.242459	 89.229928	 89.217826	 89.206143	 89.194867	 89.183986	 89.173491	  89.16337	 89.153612	 89.144207	 89.135146	 89.126417	 89.118012	  89.10992	 89.102133	 89.094641	 89.087435	 89.080507	 89.073848	  89.06745	 89.061304	 89.055403	 89.049739	 89.044305	 89.039093	 89.034096	 89.029307	 89.024721	 89.020329	 89.016126	 89.012106	 89.008263	 89.004591	 89.001085	 88.997739	 88.994548	 88.991507	 88.988612	 88.985858	  88.98324	 88.980754	 88.978396	 88.976162	 88.974049	 88.972053	  88.97017	 88.968397	 88.966732	 88.965171	 88.963711	 88.962351	 88.961087	 88.959917	  88.95884	 88.957853	 88.956955	 88.956143	 88.955417	 88.954774	 88.954215	 88.953738	 88.953341	 88.953025	 88.952788	  88.95263	 88.952551	
        99	 98.858191	 98.716418	 98.574719	 98.433129	 98.291684	 98.150422	 98.009378	 97.868589	 97.728089	 97.587915	 97.448101	 97.308683	 97.169696	 97.031174	  96.89315	 96.755659	 96.618733	 96.482406	  96.34671	 96.211677	 96.077338	 95.943723	 95.810865	 95.678791	 95.547531	 95.417115	 95.287569	 95.158921	 95.031199	 94.904427	 94.778631	 94.653836	 94.530067	 94.407345	 94.285693	 94.165134	 94.045688	 93.927376	 93.810216	 93.694228	 93.579429	 93.465837	 93.353468	 93.242336	 93.132458	 93.023846	 92.916514	 92.810475	 92.705738	 92.602316	 92.500218	 92.399453	 92.300029	 92.201953	 92.105233	 92.009874	 91.915881	 91.823258	  91.73201	 91.642138	 91.553645	 91.466532	   91.3808	 91.296448	 91.213476	 91.131882	 91.051664	 90.972819	 90.895344	 90.819234	 90.744484	 90.671089	 90.599044	 90.528341	 90.458974	 90.390934	 90.324213	 90.258804	 90.194696	  90.13188	 90.070345	 90.010081	 89.951078	 89.893323	 89.836804	  89.78151	 89.727428	 89.674545	 89.622847	 89.572322	 89.522955	 89.474732	 89.427638	  89.38166	 89.336783	  89.29299	 89.250268	   89.2086	 89.167971	 89.128366	 89.089768	 89.052162	 89.015531	  88.97986	 88.945133	 88.911332	 88.878443	 88.846448	 88.815331	 88.785076	 88.755668	 88.727088	 88.699322	 88.672353	 88.646165	 88.620742	 88.596068	 88.572127	 88.548904	 88.526383	 88.504548	 88.483383	 88.462875	 88.443007	 88.423764	 88.405132	 88.387097	 88.369643	 88.352756	 88.336422	 88.320628	 88.305359	 88.290603	 88.276345	 88.262572	 88.249272	 88.236432	  88.22404	 88.212082	 88.200548	 88.189424	 88.178701	 88.168365	 88.158406	 88.148813	 88.139576	 88.130683	 88.122125	 88.113891	 88.105971	 88.098357	 88.091039	 88.084007	 88.077253	 88.070768	 88.064543	 88.058571	 88.052842	 88.047351	 88.042088	 88.037047	 88.032221	 88.027602	 88.023184	  88.01896	 88.014925	 88.011071	 88.007394	 88.003887	 88.000546	 87.997364	 87.994337	 87.991459	 87.988727	 87.986136	 87.983681	 87.981359	 87.979165	 87.977095	 87.975147	 87.973317	 87.971601	 87.969997	 87.968502	 87.967113	 87.965828	 87.964644	 87.963559	 87.962572	  87.96168	 87.960882	 87.960176	 87.959561	 87.959036	   87.9586	 87.958253	 87.957992	 87.957819	 87.957733	
        99	 98.845451	 98.690942	 98.536513	 98.382203	 98.228051	 98.074099	 97.920384	 97.766946	 97.613824	 97.461057	 97.308683	 97.156741	 97.005267	   96.8543	 96.703877	 96.554034	 96.404808	 96.256234	 96.108347	 95.961183	 95.814775	 95.669157	 95.524363	 95.380424	 95.237372	 95.095239	 94.954056	 94.813851	 94.674654	 94.536493	 94.399397	 94.263391	 94.128502	 93.994755	 93.862175	 93.730785	 93.600608	 93.471667	 93.343982	 93.217574	 93.092462	 92.968665	 92.846201	 92.725086	 92.605336	 92.486967	 92.369993	 92.254427	 92.140281	 92.027568	 91.916298	  91.80648	 91.698124	 91.591238	 91.485828	 91.381903	 91.279466	 91.178522	 91.079076	 90.981131	 90.884688	 90.789749	 90.696315	 90.604385	 90.513959	 90.425035	  90.33761	 90.251682	 90.167247	 90.084299	 90.002834	 89.922846	 89.844328	 89.767274	 89.691674	 89.617522	 89.544808	 89.473522	 89.403655	 89.335195	 89.268132	 89.202455	 89.138151	 89.075207	 89.013611	  88.95335	 88.894409	 88.836775	 88.780433	 88.725369	 88.671567	 88.619011	 88.567687	 88.517579	 88.468669	 88.420942	 88.374382	 88.328971	 88.284692	 88.241529	 88.199464	 88.158479	 88.118558	 88.079682	 88.041835	 88.004998	 87.969154	 87.934284	 87.900372	 87.867399	 87.835349	 87.804202	 87.773941	 87.744549	 87.716009	 87.688302	 87.661411	  87.63532	  87.61001	 87.585465	 87.561669	 87.538603	 87.516252	 87.494599	 87.473628	 87.453322	 87.433666	 87.414644	 87.396241	  87.37844	 87.361227	 87.344586	 87.328504	 87.312965	 87.297955	 87.283461	 87.269467	 87.255961	 87.242929	 87.230359	 87.218236	 87.206549	 87.195284	 87.184431	 87.173976	 87.163909	 87.154217	  87.14489	 87.135916	 87.127286	 87.118988	 87.111012	 87.103348	 87.095987	 87.088919	 87.082135	 87.075627	 87.069384	 87.063399	 87.057664	  87.05217	  87.04691	 87.041876	 87.037061	 87.032458	  87.02806	  87.02386	 87.019853	 87.016031	 87.012389	 87.008921	 87.005622	 87.002486	 86.999509	 86.996685	 86.994009	 86.991478	 86.989087	 86.986832	 86.984709	 86.982714	 86.980844	 86.979096	 86.977467	 86.975953	 86.974552	 86.973262	  86.97208	 86.971003	 86.970031	 86.969161	 86.968392	 86.967722	  86.96715	 86.966675	 86.966296	 86.966013	 86.965824	  86.96573	
        99	 98.832751	 98.665545	 98.498425	 98.331434	 98.164615	 97.998011	 97.831664	 97.665618	 97.499913	 97.334592	 97.169696	 97.005267	 96.841346	 96.677973	 96.515189	 96.353032	 96.191543	 96.030759	  95.87072	 95.711462	 95.553023	 95.395438	 95.238745	 95.082978	 94.928171	 94.774358	 94.621572	 94.469846	  94.31921	 94.169696	 94.021333	  93.87415	 93.728177	 93.583439	 93.439964	 93.297777	 93.156903	 93.017365	 92.879188	 92.742392	 92.606998	 92.473028	   92.3405	 92.209432	 92.079842	 91.951746	 91.825159	 91.700096	  91.57657	 91.454595	  91.33418	 91.215338	 91.098078	 90.982408	 90.868336	  90.75587	 90.645015	 90.535777	 90.428158	 90.322164	 90.217796	 90.115055	 90.013943	 89.914459	 89.816602	  89.72037	 89.625761	 89.532772	 89.441398	 89.351633	 89.263474	 89.176913	 89.091943	 89.008556	 88.926744	 88.846498	 88.767808	 88.690665	 88.615056	 88.540971	 88.468397	 88.397322	 88.327734	 88.259617	  88.19296	 88.127746	 88.063962	 88.001592	  87.94062	  87.88103	 87.822807	 87.765933	 87.710391	 87.656165	 87.603236	 87.551587	 87.501201	 87.452058	  87.40414	  87.35743	 87.311908	 87.267555	 87.224354	 87.182283	 87.141326	 87.101462	 87.062672	 87.024937	 86.988238	 86.952556	 86.917871	 86.884165	 86.851417	  86.81961	 86.788724	  86.75874	  86.72964	 86.701404	 86.674015	 86.647453	 86.621701	  86.59674	 86.572552	  86.54912	 86.526425	 86.504451	  86.48318	 86.462595	 86.442678	 86.423415	 86.404787	 86.386779	 86.369375	  86.35256	 86.336316	 86.320631	 86.305487	 86.290871	 86.276769	 86.263165	 86.250046	 86.237398	 86.225208	 86.213463	 86.202149	 86.191254	 86.180766	 86.170673	 86.160962	 86.151622	 86.142642	  86.13401	 86.125717	 86.117751	 86.110102	 86.102761	 86.095717	 86.088962	 86.082485	 86.076278	 86.070333	 86.064641	 86.059193	 86.053983	 86.049001	 86.044242	 86.039697	  86.03536	 86.031224	 86.027283	  86.02353	  86.01996	 86.016567	 86.013345	 86.010288	 86.007393	 86.004654	 86.002066	 85.999626	 85.997328	  85.99517	 85.993146	 85.991255	 85.989491	 85.987853	 85.986337	 85.984941	 85.983661	 85.982497	 85.981445	 85.980503	 85.979671	 85.978946	 85.978327	 85.977813	 85.977403	 85.977096	 85.976891	 85.976789	
        99	 98.820093	 98.640232	 98.460464	 98.280835	 98.101391	 97.922178	 97.743242	 97.564628	 97.386382	 97.208549	 97.031174	   96.8543	 96.677973	 96.502236	 96.327131	 96.152702	 95.978991	 95.806039	 95.633887	 95.462576	 95.292146	 95.122635	 94.954083	 94.786527	 94.620003	 94.454549	   94.2902	 94.126991	 93.964955	 93.804125	 93.644533	 93.486212	  93.32919	 93.173498	 93.019165	 92.866216	 92.714681	 92.564583	 92.415947	 92.268798	 92.123158	 91.979049	  91.83649	 91.695503	 91.556105	 91.418314	 91.282147	 91.147619	 91.014744	 90.883537	  90.75401	 90.626173	 90.500038	 90.375614	 90.252909	 90.131931	 90.012687	 89.895181	 89.779418	 89.665401	 89.553134	 89.442618	 89.333853	  89.22684	 89.121577	 89.018062	 88.916293	 88.816266	 88.717976	 88.621418	 88.526587	 88.433474	 88.342073	 88.252375	 88.164372	 88.078053	 87.993408	 87.910425	 87.829094	 87.749402	 87.671336	 87.594882	 87.520027	 87.446755	 87.375053	 87.304904	 87.236292	 87.169202	 87.103615	 87.039516	 86.976886	 86.915707	 86.855962	 86.797632	 86.740697	  86.68514	 86.630939	 86.578077	 86.526533	 86.476288	 86.427321	 86.379611	  86.33314	 86.287886	 86.243828	 86.200947	 86.159221	 86.118631	 86.079154	 86.040772	 86.003462	 85.967204	 85.931979	 85.897764	 85.864541	 85.832288	 85.800985	 85.770612	  85.74115	 85.712578	 85.684877	 85.658027	 85.632008	 85.606803	  85.58239	 85.558753	 85.535872	 85.513729	 85.492305	 85.471584	 85.451546	 85.432176	 85.413454	 85.395366	 85.377893	 85.361021	 85.344731	 85.329009	 85.313839	 85.299206	 85.285094	 85.271489	 85.258376	 85.245742	 85.233572	 85.221853	 85.210571	 85.199713	 85.189268	 85.179221	 85.169561	 85.160276	 85.151355	 85.142787	 85.134559	 85.126662	 85.119085	 85.111818	 85.104851	 85.098175	  85.09178	 85.085657	 85.079797	 85.074192	 85.068834	 85.063714	 85.058825	  85.05416	 85.049711	 85.045472	 85.041435	 85.037595	 85.033944	 85.030478	 85.027191	 85.024076	  85.02113	 85.018347	 85.015721	  85.01325	 85.010928	 85.008751	 85.006716	  85.00482	 85.003057	 85.001427	 84.999925	 84.998548	 84.997296	 84.996164	 84.995151	 84.994256	 84.993476	  84.99281	 84.992257	 84.991816	 84.991486	 84.991266	 84.991157	
        99	 98.807481	 98.615011	  98.42264	 98.230418	 98.038394	 97.846617	 97.655137	 97.464002	  97.27326	  97.08296	  96.89315	 96.703877	 96.515189	 96.327131	 96.139751	 95.953094	 95.767204	 95.582127	 95.397907	 95.214587	 95.032208	 94.850814	 94.670446	 94.491143	 94.312946	 94.135893	 93.960022	 93.785371	 93.611975	  93.43987	 93.269091	  93.09967	 92.931641	 92.765034	 92.599881	  92.43621	 92.274051	 92.113431	 91.954375	 91.796911	  91.64106	 91.486848	 91.334296	 91.183424	 91.034254	 90.886803	  90.74109	 90.597131	 90.454942	 90.314536	 90.175928	  90.03913	 89.904152	 89.771006	 89.639699	  89.51024	 89.382635	 89.256891	 89.133013	 89.011003	 88.890866	 88.772602	 88.656212	 88.541697	 88.429054	 88.318283	 88.209379	  88.10234	 87.997159	 87.893833	 87.792353	 87.692713	 87.594904	 87.498918	 87.404745	 87.312375	 87.221796	 87.132996	 87.045963	 86.960684	 86.877145	 86.795331	 86.715228	  86.63682	 86.560091	 86.485025	 86.411603	 86.339809	 86.269625	 86.201032	 86.134011	 86.068544	  86.00461	  85.94219	 85.881264	 85.821812	 85.763812	 85.707244	 85.652087	 85.598319	 85.545919	 85.494865	 85.445135	 85.396709	 85.349563	 85.303675	 85.259025	 85.215588	 85.173345	 85.132271	 85.092346	 85.053546	 85.015851	 84.979238	 84.943685	 84.909171	 84.875674	 84.843172	 84.811645	  84.78107	 84.751426	 84.722694	 84.694851	 84.667879	 84.641755	 84.616461	 84.591975	  84.56828	 84.545355	  84.52318	 84.501738	  84.48101	 84.460976	 84.441619	 84.422922	 84.404866	 84.387435	  84.37061	 84.354377	 84.338718	 84.323617	 84.309058	 84.295026	 84.281506	 84.268483	 84.255942	 84.243869	 84.232251	 84.221073	 84.210321	 84.199985	 84.190049	 84.180503	 84.171333	 84.162529	 84.154078	  84.14597	 84.138194	 84.130739	 84.123594	 84.116751	 84.110198	 84.103928	  84.09793	 84.092196	 84.086717	 84.081486	 84.076493	 84.071733	 84.067196	 84.062876	 84.058767	  84.05486	 84.051151	 84.047633	 84.044301	 84.041148	 84.038169	  84.03536	 84.032715	  84.03023	 84.027901	 84.025724	 84.023694	 84.021808	 84.020063	 84.018456	 84.016983	 84.015643	 84.014432	 84.013348	  84.01239	 84.011555	 84.010843	 84.010251	 84.009779	 84.009426	 84.009191	 84.009073	
        99	 98.794917	 98.589887	 98.384962	 98.180196	 97.975641	 97.771349	 97.567372	 97.363764	 97.160574	 96.957856	 96.755659	 96.554034	 96.353032	 96.152702	 95.953094	 95.754255	 95.556235	  95.35908	 95.162838	 94.967554	 94.773274	 94.580042	 94.387903	 94.196899	 94.007073	 93.818465	 93.631118	 93.445069	 93.260357	 93.077021	 92.895097	  92.71462	 92.535625	 92.358146	 92.182215	 92.007863	 91.835122	 91.664019	 91.494584	 91.326843	 91.160822	 90.996546	 90.834039	 90.673322	 90.514416	 90.357343	 90.202121	 90.048767	 89.897299	 89.747731	 89.600077	 89.454351	 89.310565	 89.168729	 89.028854	 88.890946	 88.755014	 88.621065	 88.489102	  88.35913	 88.231153	 88.105171	 87.981186	 87.859197	 87.739204	 87.621203	 87.505193	 87.391168	 87.279124	 87.169054	 87.060952	 86.954809	 86.850618	 86.748368	 86.648049	 86.549651	  86.45316	 86.358566	 86.265853	 86.175009	 86.086018	 85.998865	 85.913535	  85.83001	 85.748274	 85.668308	 85.590095	 85.513616	 85.438851	 85.365782	 85.294388	 85.224648	 85.156542	 85.090049	 85.025147	 84.961815	  84.90003	  84.83977	 84.781014	 84.723737	 84.667917	 84.613531	 84.560557	  84.50897	 84.458747	 84.409865	 84.362301	  84.31603	 84.271029	 84.227275	 84.184744	 84.143413	 84.103258	 84.064255	 84.026383	 83.989616	 83.953933	  83.91931	 83.885725	 83.853155	 83.821577	 83.790969	  83.76131	 83.732577	 83.704749	 83.677803	  83.65172	 83.626479	 83.602057	 83.578436	 83.555594	 83.533513	 83.512172	 83.491552	 83.471635	 83.452401	 83.433831	 83.415909	 83.398616	 83.381935	 83.365849	  83.35034	 83.335393	  83.32099	 83.307117	 83.293758	 83.280897	  83.26852	 83.256613	  83.24516	 83.234148	 83.223565	 83.213395	 83.203627	 83.194248	 83.185246	 83.176609	 83.168325	 83.160384	 83.152773	 83.145483	 83.138503	 83.131823	 83.125434	 83.119325	 83.113489	 83.107916	 83.102598	 83.097527	 83.092694	 83.088093	 83.083715	 83.079554	 83.075603	 83.071855	 83.068305	 83.064946	 83.061773	 83.058781	 83.055963	 83.053316	 83.050835	 83.048516	 83.046353	 83.044345	 83.042486	 83.040773	 83.039205	 83.037777	 83.036487	 83.035332	 83.034312	 83.033423	 83.032664	 83.032033	  83.03153	 83.031154	 83.030903	 83.030778	
        99	 98.782405	 98.564866	 98.347439	  98.13018	 97.913145	  97.69639	 97.479969	 97.263938	 97.048353	 96.833266	 96.618733	 96.404808	 96.191543	 95.978991	 95.767204	 95.556235	 95.346133	  95.13695	 94.928735	 94.721537	 94.515404	 94.310384	 94.106522	 93.903866	 93.702458	 93.502344	 93.303566	 93.106167	 92.910186	 92.715665	 92.522641	 92.331154	 92.141239	 91.952931	 91.766267	 91.581279	 91.397998	 91.216457	 91.036685	  90.85871	  90.68256	 90.508262	  90.33584	 90.165318	 89.996718	 89.830062	 89.665369	  89.50266	  89.34195	 89.183257	 89.026595	 88.871979	 88.719421	 88.568931	 88.420522	 88.274201	 88.129976	 87.987854	  87.84784	 87.709939	 87.574154	 87.440486	 87.308936	 87.179505	 87.052191	 86.926992	 86.803904	 86.682922	 86.564042	 86.447257	  86.33256	 86.219941	 86.109393	 86.000905	 85.894466	 85.790065	 85.687687	 85.587322	 85.488953	 85.392566	 85.298146	 85.205677	  85.11514	  85.02652	 84.939796	 84.854952	 84.771967	 84.690822	 84.611497	 84.533969	 84.458219	 84.384225	 84.311964	 84.241414	 84.172553	 84.105356	 84.039802	 83.975866	 83.913525	 83.852753	 83.793528	 83.735824	 83.679618	 83.624884	 83.571597	 83.519733	 83.469266	 83.420172	 83.372426	 83.326003	 83.280877	 83.237024	 83.194419	 83.153038	 83.112854	 83.073845	 83.035984	 82.999249	 82.963615	 82.929058	 82.895553	 82.863078	  82.83161	 82.801124	 82.771597	 82.743008	 82.715334	 82.688552	 82.662641	 82.637578	 82.613343	 82.589915	 82.567272	 82.545394	 82.524261	 82.503854	 82.484152	 82.465136	 82.446788	  82.42909	 82.412022	 82.395567	 82.379707	 82.364426	 82.349707	 82.335533	 82.321887	 82.308755	 82.296121	  82.28397	 82.272286	 82.261057	 82.250267	 82.239903	 82.229952	 82.220401	 82.211237	 82.202447	 82.194021	 82.185946	 82.178211	 82.170805	 82.163718	 82.156939	 82.150458	 82.144266	 82.138353	 82.132711	  82.12733	 82.122202	  82.11732	 82.112675	  82.10826	 82.104068	 82.100092	 82.096325	 82.092761	 82.089395	  82.08622	  82.08323	 82.080422	 82.077789	 82.075328	 82.073034	 82.070903	  82.06893	 82.067114	 82.065449	 82.063934	 82.062565	 82.061341	 82.060258	 82.059314	 82.058509	  82.05784	 82.057307	 82.056907	 82.056642	 82.056509	
