Time step 26:
        99	        99	        99	        99	        99	        99	        99	        99	        99	        99	        99	        99	        99	        99	        99	        99	        99	        99	        99	        99	        99	        99	        99	        99	        99	        99	        99	        99	        99	        99	        99	        99	        99	        99	        99	        99	        99	        99	        99	        99	        99	        99	        99	        99	        99	        99	        99	        99	        99	        99	        99	        99	        99	        99	        99	        99	        99	        99	        99	        99	        99	        99	        99	        99	        99	        99	        99	        99	        99	        99	        99	        99	        99	        99	        99	        99	        99	        99	        99	        99	        99	        99	        99	        99	        99	        99	        99	        99	        99	        99	        99	        99	        99	        99	        99	        99	        99	        99	        99	        99	        99	        99	        99	        99	        99	        99	        99	        99	        99	        99	        99	        99	        99	        99	        99	        99	        99	        99	        99	        99	        99	        99	        99	        99	        99	        99	        99	        99	        99	        99	        99	        99	        99	        99	        99	        99	        99	        99	        99	        99	        99	        99	        99	        99	        99	        99	        99	        99	        99	        99	        99	        99	        99	        99	        99	        99	        99	        99	        99	        99	        99	        99	        99	        99	        99	        99	        99	        99	        99	        99	        99	        99	        99	        99	        99	        99	        99	        99	        99	        99	        99	        99	        99	        99	        99	        99	        99	        99	        99	        99	        99	        99	        99	        99	        99	        99	        99	        99	        99	        99	
        99	  98.97558	 98.951172	 98.926788	 98.902439	 98.878138	 98.853895	 98.829723	 98.805633	 98.781637	 98.757745	 98.733969	 98.710319	 98.686807	 98.663443	 98.640238	   98.6172	 98.594342	 98.571671	 98.549197	  98.52693	 98.504878	 98.483049	 98.461453	 98.440097	 98.418988	 98.398134	 98.377541	 98.357217	 98.337167	 98.317398	 98.297914	 98.278722	 98.259826	  98.24123	 98.222939	 98.204956	 98.187284	 98.169927	 98.152888	 98.136168	  98.11977	 98.103696	 98.087946	 98.072521	 98.057422	  98.04265	 98.028204	 98.014084	  98.00029	  97.98682	 97.973672	 97.960847	 97.948341	 97.936153	 97.924281	 97.912721	 97.901472	  97.89053	 97.879891	 97.869553	 97.859512	 97.849764	 97.840305	 97.831131	 97.822238	 97.813621	 97.805276	 97.797198	 97.789383	 97.781825	 97.774519	 97.767461	 97.760646	 97.754068	 97.747722	 97.741603	 97.735705	 97.730025	 97.724555	 97.719291	 97.714228	 97.709359	 97.704681	 97.700188	 97.695874	 97.691735	 97.687765	 97.683959	 97.680313	  97.67682	 97.673477	 97.670278	  97.66722	 97.664296	 97.661502	 97.658835	 97.656289	  97.65386	 97.651544	 97.649336	 97.647234	 97.645231	 97.643326	 97.641514	  97.63979	 97.638153	 97.636597	 97.635121	 97.633719	  97.63239	  97.63113	 97.629936	 97.628806	 97.627735	 97.626722	 97.625765	 97.624859	 97.624004	 97.623196	 97.622434	 97.621715	 97.621037	 97.620397	 97.619795	 97.619228	 97.618695	 97.618193	 97.617721	 97.617277	 97.616861	 97.616469	 97.616102	 97.615758	 97.615435	 97.615133	  97.61485	 97.614585	 97.614336	 97.614104	 97.613888	 97.613685	 97.613496	 97.613319	 97.613154	 97.613001	 97.612857	 97.612724	   97.6126	 97.612484	 97.612377	 97.612276	 97.612184	 97.612097	 97.612017	 97.611943	 97.611874	  97.61181	  97.61175	 97.611696	 97.611645	 97.611598	 97.611554	 97.611514	 97.611477	 97.611443	 97.611411	 97.611382	 97.611355	  97.61133	 97.611307	 97.611286	 97.611267	 97.611249	 97.611233	 97.611218	 97.611204	 97.611192	  97.61118	  97.61117	  97.61116	 97.611151	 97.611143	 97.611136	  97.61113	 97.611124	 97.611118	 97.611113	 97.611109	 97.611105	 97.611102	 97.611099	 97.611096	 97.611094	 97.611092	  97.61109	 97.611089	 97.611088	 97.611088	 97.611087	
        99	 98.951172	 98.902368	 98.853612	 98.804926	 98.756335	 98.707862	 98.659529	 98.611361	  98.56338	 98.515608	 98.468067	  98.42078	 98.373767	  98.32705	  98.28065	 98.234587	  98.18888	 98.143549	 98.098613	 98.054089	 98.009996	  97.96635	 97.923168	 97.880465	 97.838258	 97.796559	 97.755384	 97.714746	 97.674656	 97.635127	  97.59617	 97.557795	 97.520011	 97.482828	 97.446255	 97.410297	 97.374963	 97.340258	 97.306188	 97.272756	 97.239968	 97.207827	 97.176334	 97.145492	 97.115302	 97.085765	  97.05688	 97.028647	 97.001065	 96.974131	 96.947843	 96.922199	 96.897193	 96.872823	 96.849084	 96.825971	 96.803477	 96.781598	 96.760327	 96.739656	 96.719578	 96.700087	 96.681174	  96.66283	 96.645048	 96.627819	 96.611133	  96.59498	 96.579353	 96.564241	 96.549633	 96.535521	 96.521893	  96.50874	 96.496051	 96.483816	 96.472025	 96.460666	 96.449729	 96.439204	 96.429079	 96.419346	 96.409992	 96.401007	 96.392382	 96.384105	 96.376167	 96.368557	 96.361266	 96.354283	 96.347598	 96.341202	 96.335086	  96.32924	 96.323654	 96.318321	  96.31323	 96.308373	 96.303742	 96.299329	 96.295124	 96.291121	 96.287311	 96.283687	 96.280241	 96.276967	 96.273857	 96.270904	 96.268102	 96.265444	 96.262925	 96.260538	 96.258277	 96.256137	 96.254112	 96.252197	 96.250387	 96.248676	 96.247061	 96.245537	 96.244099	 96.242743	 96.241465	 96.240261	 96.239127	  96.23806	 96.237056	 96.236113	 96.235226	 96.234393	 96.233611	 96.232877	 96.232188	 96.231543	 96.230938	 96.230372	 96.229842	 96.229346	 96.228882	 96.228448	 96.228043	 96.227665	 96.227311	 96.226982	 96.226675	 96.226388	 96.226121	 96.225873	 96.225642	 96.225427	 96.225227	 96.225041	 96.224868	 96.224708	 96.224559	 96.224421	 96.224294	 96.224175	 96.224065	 96.223964	  96.22387	 96.223783	 96.223702	 96.223628	  96.22356	 96.223496	 96.223438	 96.223384	 96.223335	 96.223289	 96.223247	 96.223209	 96.223173	 96.223141	 96.223111	 96.223083	 96.223058	 96.223035	 96.223014	 96.222995	 96.222977	 96.222961	 96.222947	 96.222934	 96.222922	 96.222911	 96.222901	 96.222893	 96.222885	 96.222878	 96.222872	 96.222867	 96.222862	 96.222858	 96.222855	 96.222853	 96.222851	  96.22285	 96.222849	
        99	 98.926788	 98.853612	 98.780506	 98.707508	  98.63465	  98.56197	 98.489501	 98.417278	 98.345335	 98.273705	 98.202423	 98.131521	 98.061031	 97.990984	 97.921412	 97.852345	 97.783812	 97.715843	 97.648466	 97.581707	 97.515594	 97.450152	 97.385405	 97.321377	 97.258091	 97.195569	 97.133832	 97.072899	 97.012788	 96.953519	 96.895106	 96.837567	 96.780915	 96.725163	 96.670324	  96.61641	  96.56343	 96.511394	 96.460309	 96.410182	  96.36102	 96.312827	 96.265607	 96.219363	 96.174097	 96.129809	 96.086499	 96.044167	  96.00281	 95.962426	  95.92301	 95.884558	 95.847066	 95.810526	 95.774932	 95.740275	 95.706549	 95.673743	 95.641849	 95.610855	 95.580751	 95.551526	 95.523168	 95.495664	 95.469001	 95.443167	 95.418148	  95.39393	 95.370498	 95.347839	 95.325936	 95.304776	 95.284343	 95.264622	 95.245596	 95.227251	 95.209571	 95.192539	 95.176141	 95.160359	 95.145179	 95.130584	 95.116559	 95.103088	 95.090155	 95.077745	 95.065843	 95.054433	   95.0435	 95.033029	 95.023006	 95.013417	 95.004246	  94.99548	 94.987105	 94.979108	 94.971475	 94.964193	 94.957249	 94.950631	 94.944327	 94.938325	 94.932612	 94.927178	 94.922012	 94.917102	 94.912439	 94.908011	  94.90381	 94.899826	 94.896048	 94.892469	 94.889079	  94.88587	 94.882834	 94.879962	 94.877248	 94.874684	 94.872262	 94.869977	  94.86782	 94.865787	 94.863871	 94.862065	 94.860365	 94.858766	 94.857261	 94.855846	 94.854516	 94.853267	 94.852094	 94.850994	 94.849962	 94.848994	 94.848088	 94.847238	 94.846443	   94.8457	 94.845004	 94.844354	 94.843746	 94.843179	 94.842649	 94.842155	 94.841695	 94.841265	 94.840865	 94.840493	 94.840146	 94.839824	 94.839524	 94.839245	 94.838986	 94.838746	 94.838523	 94.838316	 94.838124	 94.837947	 94.837782	  94.83763	 94.837489	 94.837359	 94.837238	 94.837127	 94.837024	 94.836929	 94.836842	 94.836761	 94.836687	 94.836618	 94.836556	 94.836498	 94.836444	 94.836396	 94.836351	  94.83631	 94.836272	 94.836237	 94.836206	 94.836177	 94.836151	 94.836127	 94.836105	 94.836085	 94.836067	 94.836051	 94.836037	 94.836024	 94.836012	 94.836002	 94.835993	 94.835985	 94.835978	 94.835972	 94.835968	 94.835964	 94.835961	  94.83596	 94.835959	
        99	 98.902439	 98.804926	 98.707508	 98.610231	 98.513143	  98.41629	  98.31972	 98.223477	 98.127607	 98.032155	 97.937166	 97.842683	 97.748749	 97.655407	 97.562696	 97.470659	 97.379334	  97.28876	 97.198974	 97.110013	 97.021912	 96.934705	 96.848425	 96.763103	  96.67877	 96.595454	 96.513184	 96.431986	 96.351884	 96.272903	 96.195064	 96.118388	 96.042894	 95.968601	 95.895524	 95.823679	 95.753079	 95.683737	 95.615662	 95.548864	 95.483352	 95.419131	 95.356207	 95.294583	 95.234262	 95.175245	 95.117531	  95.06112	 95.006009	 94.952193	 94.899669	 94.848429	 94.798467	 94.749775	 94.702343	 94.656161	 94.611217	 94.567501	 94.524999	 94.483698	 94.443582	 94.404637	 94.366847	 94.330196	 94.294666	 94.260241	 94.226901	 94.194628	 94.163404	 94.133208	 94.104021	 94.075824	 94.048595	 94.022315	 93.996962	 93.972516	 93.948955	 93.926259	 93.904407	 93.883377	 93.863148	 93.843699	  93.82501	 93.807058	 93.789824	 93.773287	 93.757426	 93.742221	 93.727652	   93.7137	 93.700343	 93.687564	 93.675344	 93.663662	 93.652502	 93.641845	 93.631674	  93.62197	 93.612717	 93.603898	 93.595497	 93.587498	 93.579886	 93.572645	  93.56576	 93.559218	 93.553003	 93.547104	 93.541505	 93.536195	 93.531161	 93.526392	 93.521874	 93.517598	 93.513552	 93.509726	 93.506109	 93.502692	 93.499465	 93.496419	 93.493546	 93.490836	 93.488282	 93.485877	 93.483611	 93.481479	 93.479474	 93.477588	 93.475817	 93.474152	  93.47259	 93.471123	 93.469748	 93.468458	  93.46725	 93.466119	 93.465059	 93.464068	 93.463141	 93.462275	 93.461465	 93.460709	 93.460003	 93.459345	 93.458731	 93.458159	 93.457626	 93.457129	 93.456667	 93.456238	 93.455838	 93.455467	 93.455122	 93.454802	 93.454505	 93.454229	 93.453973	 93.453737	 93.453517	 93.453314	 93.453127	 93.452953	 93.452792	 93.452644	 93.452507	 93.452381	 93.452264	 93.452157	 93.452058	 93.451967	 93.451883	 93.451806	 93.451735	  93.45167	  93.45161	 93.451555	 93.451505	 93.451459	 93.451417	 93.451379	 93.451343	 93.451312	 93.451283	 93.451256	 93.451232	 93.451211	 93.451192	 93.451174	 93.451159	 93.451145	 93.451133	 93.451122	 93.451113	 93.451106	   93.4511	 93.451095	 93.451091	 93.451089	 93.451087	
        99	 98.878138	 98.756335	  98.63465	 98.513143	 98.391871	 98.270894	 98.150268	 98.030052	 97.910302	 97.791074	 97.672424	 97.554406	 97.437074	 97.320481	 97.204677	 97.089714	 96.975641	 96.862506	 96.750355	 96.639235	 96.529189	 96.420259	 96.312487	 96.205912	 96.100572	 95.996504	 95.893741	 95.792317	 95.692263	 95.593608	  95.49638	 95.400604	 95.306306	 95.213507	 95.122228	 95.032487	 94.944301	 94.857686	 94.772654	 94.689218	 94.607387	 94.527169	 94.448571	 94.371597	 94.296251	 94.222533	 94.150444	 94.079981	 94.011142	 93.943921	 93.878314	 93.814311	 93.751904	 93.691082	 93.631835	  93.57415	 93.518012	 93.463406	 93.410317	 93.358728	  93.30862	 93.259974	 93.212771	 93.166991	 93.122611	  93.07961	 93.037965	 92.997654	 92.958651	 92.920934	 92.884478	 92.849257	 92.815245	 92.782419	 92.750751	 92.720215	 92.690786	 92.662437	 92.635141	 92.608872	 92.583605	 92.559312	 92.535967	 92.513544	 92.492017	  92.47136	 92.451549	 92.432557	 92.414359	  92.39693	 92.380247	 92.364285	  92.34902	 92.334429	 92.320489	 92.307178	 92.294472	 92.282351	 92.270794	 92.259778	 92.249285	 92.239293	 92.229785	  92.22074	 92.212141	 92.203968	 92.196206	 92.188837	 92.181844	 92.175211	 92.168924	 92.162966	 92.157323	 92.151982	 92.146928	 92.142149	 92.137631	 92.133362	 92.129332	 92.125527	 92.121938	 92.118554	 92.115364	 92.112359	 92.109529	 92.106866	 92.104361	 92.102006	 92.099793	 92.097714	 92.095762	  92.09393	 92.092212	 92.090602	 92.089093	 92.087679	 92.086356	 92.085118	  92.08396	 92.082878	 92.081867	 92.080922	 92.080041	 92.079218	 92.078452	 92.077737	 92.077071	 92.076451	 92.075874	 92.075337	 92.074838	 92.074374	 92.073943	 92.073543	 92.073172	 92.072828	 92.072509	 92.072213	 92.071939	 92.071686	 92.071451	 92.071234	 92.071034	 92.070848	 92.070677	 92.070519	 92.070374	  92.07024	 92.070116	 92.070002	 92.069897	 92.069801	 92.069713	 92.069631	 92.069557	 92.069488	 92.069425	 92.069368	 92.069315	 92.069268	 92.069224	 92.069184	 92.069148	 92.069115	 92.069085	 92.069058	 92.069034	 92.069012	 92.068993	 92.068976	 92.068961	 92.068948	 92.068936	 92.068927	 92.068919	 92.068913	 92.068908	 92.068905	 92.068904	
        99	 98.853895	 98.707862	  98.56197	  98.41629	 98.270894	 98.125849	 97.981227	 97.837096	 97.693524	 97.550578	 97.408324	 97.266828	 97.126155	 96.986367	 96.847526	 96.709693	 96.572927	 96.437285	 96.302824	 96.169598	  96.03766	 95.907061	 95.777849	 95.650073	 95.523777	 95.399006	   95.2758	 95.154199	 95.034241	  94.91596	  94.79939	 94.684562	 94.571504	 94.460244	 94.350806	 94.243213	 94.137484	 94.033638	 93.931691	 93.831657	 93.733547	 93.637371	 93.543137	  93.45085	 93.360515	 93.272132	 93.185702	 93.101222	 93.018688	 92.938095	 92.859436	   92.7827	 92.707879	 92.634958	 92.563925	 92.494763	 92.427458	 92.361989	 92.298339	 92.236487	  92.17641	 92.118087	 92.061494	 92.006606	 91.953398	 91.901843	 91.851913	 91.803583	 91.756821	 91.711601	 91.667892	 91.625664	 91.584887	  91.54553	 91.507562	 91.470952	 91.435668	 91.401679	 91.368954	 91.337459	 91.307165	 91.278039	  91.25005	 91.223167	 91.197357	 91.172592	 91.148839	 91.126068	  91.10425	 91.083355	 91.063353	 91.044215	 91.025914	  91.00842	 90.991707	 90.975747	 90.960515	 90.945982	 90.932125	 90.918918	 90.906338	 90.894359	 90.882958	 90.872114	 90.861804	 90.852006	   90.8427	 90.833864	  90.82548	 90.817528	  90.80999	 90.802847	 90.796082	 90.789678	 90.783618	 90.777888	 90.772472	 90.767354	 90.762522	  90.75796	 90.753657	 90.749599	 90.745775	 90.742172	  90.73878	 90.735587	 90.732584	  90.72976	 90.727107	 90.724614	 90.722274	 90.720078	 90.718018	 90.716087	 90.714278	 90.712583	 90.710997	 90.709512	 90.708124	 90.706827	 90.705614	 90.704482	 90.703425	 90.702439	  90.70152	 90.700663	 90.699865	 90.699121	 90.698429	 90.697786	 90.697187	 90.696631	 90.696115	 90.695635	  90.69519	 90.694777	 90.694395	  90.69404	 90.693712	 90.693408	 90.693127	 90.692866	 90.692626	 90.692404	 90.692199	  90.69201	 90.691835	 90.691674	 90.691526	  90.69139	 90.691264	 90.691148	 90.691042	 90.690945	 90.690855	 90.690773	 90.690698	 90.690629	 90.690566	 90.690509	 90.690456	 90.690408	 90.690365	 90.690326	  90.69029	 90.690258	 90.690229	 90.690203	  90.69018	 90.690159	 90.690141	 90.690125	 90.690112	   90.6901	 90.690091	 90.690084	 90.690078	 90.690075	 90.690073	
        99	 98.829723	 98.659529	 98.489501	  98.31972	 98.150268	 97.981227	 97.812679	 97.644702	 97.477376	 97.310781	 97.144992	 96.980087	  96.81614	 96.653225	 96.491414	 96.330778	 96.171385	 96.013302	 95.856595	 95.701328	 95.547562	 95.395355	 95.244767	 95.095851	 94.948661	 94.803247	 94.659657	 94.517939	 94.378134	 94.240284	 94.104429	 93.970603	 93.838841	 93.709174	  93.58163	 93.456236	 93.333015	 93.211989	 93.093175	 92.976591	 92.862249	 92.750162	 92.640337	 92.532782	 92.427502	 92.324496	 92.223767	  92.12531	 92.029122	 91.935196	 91.843522	 91.754092	 91.666891	 91.581906	 91.499121	 91.418518	 91.340077	 91.263777	 91.189596	 91.117511	 91.047495	 90.979523	 90.913567	 90.849598	 90.787587	 90.727502	 90.669313	 90.612986	 90.558488	 90.505787	 90.454846	 90.405632	 90.358109	  90.31224	 90.267991	 90.225324	 90.184203	 90.144591	 90.106451	 90.069746	  90.03444	 90.000495	 89.967875	 89.936544	 89.906465	 89.877602	 89.849919	 89.823382	 89.797954	 89.773601	  89.75029	 89.727987	 89.706657	  89.68627	 89.666791	 89.648191	 89.630438	 89.613502	 89.597352	  89.58196	 89.567298	 89.553337	 89.540051	 89.527413	 89.515397	 89.503978	 89.493132	 89.482834	 89.473063	 89.463796	  89.45501	 89.446685	 89.438801	 89.431337	 89.424276	 89.417598	 89.411285	 89.405321	 89.399689	 89.394373	 89.389358	 89.384629	 89.380171	 89.375973	 89.372019	 89.368298	 89.364798	 89.361507	 89.358414	 89.355509	 89.352782	 89.350223	 89.347822	 89.345572	 89.343463	 89.341488	 89.339639	 89.337909	 89.336292	 89.334779	 89.333366	 89.332047	 89.330815	 89.329666	 89.328594	 89.327596	 89.326665	 89.325799	 89.324993	 89.324243	 89.323545	 89.322897	 89.322295	 89.321736	 89.321218	 89.320737	 89.320291	 89.319877	 89.319495	  89.31914	 89.318813	  89.31851	 89.318229	 89.317971	 89.317732	 89.317511	 89.317308	  89.31712	 89.316947	 89.316788	 89.316642	 89.316507	 89.316384	  89.31627	 89.316166	  89.31607	 89.315982	 89.315902	 89.315829	 89.315762	 89.315701	 89.315645	 89.315594	 89.315548	 89.315507	 89.315469	 89.315435	 89.315405	 89.315378	 89.315354	 89.315333	 89.315315	 89.315299	 89.315286	 89.315275	 89.315266	  89.31526	 89.315256	 89.315254	
        99	 98.805633	 98.611361	 98.417278	 98.223477	 98.030052	 97.837096	 97.644702	 97.452961	 97.261963	 97.071798	 96.882555	 96.694319	 96.507178	 96.321215	 96.136511	 95.953149	 95.771205	 95.590758	 95.411881	 95.234647	 95.059127	 94.885387	 94.713494	  94.54351	 94.375496	  94.20951	 94.045606	 93.883837	 93.724254	 93.566902	 93.411826	 93.259067	 93.108664	 92.960652	 92.815064	  92.67193	 92.531276	 92.393127	 92.257505	 92.124426	 91.993908	 91.865963	 91.740602	  91.61783	 91.497655	 91.380077	 91.265097	 91.152711	 91.042914	   90.9357	 90.831057	 90.728974	 90.629437	 90.532429	 90.437931	 90.345925	 90.256386	 90.169292	 90.084616	 90.002333	 89.922412	 89.844823	 89.769536	 89.696517	 89.625733	 89.557148	 89.490726	  89.42643	 89.364222	 89.304065	 89.245917	 89.189741	 89.135494	 89.083136	 89.032627	 88.983923	 88.936984	 88.891768	 88.848232	 88.806335	 88.766034	 88.727287	 88.690052	 88.654288	 88.619954	 88.587007	 88.555408	 88.525116	 88.496091	 88.468293	 88.441684	 88.416225	 88.391878	 88.368606	 88.346372	 88.325141	 88.304876	 88.285543	 88.267109	  88.24954	 88.232803	 88.216867	 88.201701	 88.187275	 88.173559	 88.160524	 88.148144	  88.13639	 88.125236	 88.114658	 88.104629	 88.095126	 88.086127	 88.077607	 88.069547	 88.061924	 88.054718	  88.04791	 88.041481	 88.035413	 88.029688	  88.02429	 88.019203	  88.01441	 88.009897	 88.005649	 88.001654	 87.997898	 87.994368	 87.991052	 87.987938	 87.985017	 87.982277	 87.979708	 87.977301	 87.975047	 87.972936	 87.970962	 87.969115	 87.967388	 87.965776	 87.964269	 87.962864	 87.961552	 87.960329	 87.959189	 87.958127	 87.957138	 87.956218	 87.955361	 87.954565	 87.953826	 87.953138	   87.9525	 87.951908	 87.951359	  87.95085	 87.950379	 87.949942	 87.949537	 87.949163	 87.948817	 87.948497	 87.948202	 87.947929	 87.947677	 87.947445	 87.947231	 87.947034	 87.946852	 87.946685	 87.946532	  87.94639	 87.946261	 87.946141	 87.946032	 87.945932	 87.945841	 87.945757	  87.94568	 87.945611	 87.945547	 87.945489	 87.945437	 87.945389	 87.945347	 87.945308	 87.945273	 87.945243	 87.945215	 87.945191	  87.94517	 87.945152	 87.945137	 87.945125	 87.945115	 87.945108	 87.945103	 87.945101	
        99	 98.781637	  98.56338	 98.345335	 98.127607	 97.910302	 97.693524	 97.477376	 97.261963	 97.047384	 96.833742	 96.621134	  96.40966	 96.199414	 95.990491	 95.782984	 95.576984	 95.372578	 95.169852	 94.968891	 94.769776	 94.572586	 94.377396	 94.184281	 93.993311	 93.804554	 93.618075	 93.433935	 93.252195	 93.072909	  92.89613	 92.721909	  92.55029	 92.381319	 92.215033	 92.051471	 91.890665	 91.732646	 91.577442	 91.425075	 91.275567	 91.128935	 90.985194	 90.844355	 90.706426	 90.571414	  90.43932	 90.310144	 90.183883	 90.060531	  89.94008	 89.822518	 89.707832	 89.596006	 89.487021	 89.380857	 89.277491	 89.176898	 89.079051	 88.983921	 88.891479	 88.801691	 88.714523	 88.629941	 88.547908	 88.468384	 88.391331	 88.316709	 88.244475	 88.174587	 88.107003	 88.041676	 87.978564	  87.91762	 87.858798	 87.802053	 87.747337	 87.694603	 87.643804	 87.594893	 87.547823	 87.502546	 87.459016	 87.417184	 87.377005	 87.338431	 87.301417	 87.265917	 87.231885	 87.199276	 87.168047	 87.138153	  87.10955	 87.082198	 87.056052	 87.031073	 87.007221	 86.984454	 86.962734	 86.942024	 86.922286	 86.903483	 86.885579	 86.868541	 86.852334	 86.836924	 86.822281	 86.808372	 86.795167	 86.782636	 86.770751	 86.759485	 86.748809	 86.738698	 86.729127	 86.720071	 86.711507	 86.703411	 86.695763	  86.68854	 86.681723	 86.675292	 86.669227	 86.663511	 86.658127	 86.653057	 86.648285	 86.643796	 86.639576	  86.63561	 86.631885	 86.628387	 86.625105	 86.622027	 86.619141	 86.616437	 86.613904	 86.611533	 86.609314	  86.60724	   86.6053	 86.603488	 86.601796	 86.600217	 86.598743	 86.597369	 86.596088	 86.594895	 86.593784	  86.59275	 86.591788	 86.590894	 86.590063	 86.589291	 86.588574	 86.587909	 86.587292	  86.58672	  86.58619	 86.585699	 86.585245	 86.584825	 86.584436	 86.584077	 86.583745	 86.583438	 86.583156	 86.582895	 86.582654	 86.582433	 86.582229	 86.582041	 86.581868	  86.58171	 86.581564	  86.58143	 86.581307	 86.581195	 86.581092	 86.580998	 86.580912	 86.580834	 86.580762	 86.580697	 86.580638	 86.580585	 86.580537	 86.580494	 86.580455	  86.58042	  86.58039	 86.580363	 86.580339	 86.580319	 86.580302	 86.580288	 86.580277	 86.580269	 86.580263	 86.580261	
        99	 98.757745	 98.515608	 98.273705	 98.032155	 97.791074	 97.550578	 97.310781	 97.071798	 96.833742	 96.596724	 96.360854	 96.126241	 95.892992	  95.66121	    95.431	  95.20246	 94.975689	 94.750782	 94.527833	 94.306932	 94.088167	 93.871621	 93.657376	 93.445511	 93.236102	 93.029219	 92.824933	 92.623307	 92.424405	 92.228285	 92.035001	 91.844605	 91.657145	 91.472666	 91.291208	 91.112808	   90.9375	 90.765314	 90.596276	  90.43041	 90.267734	 90.108266	 89.952017	 89.798997	 89.649213	 89.502666	 89.359356	 89.219281	 89.082432	 88.948802	 88.818377	 88.691143	 88.567082	 88.446172	 88.328393	 88.213717	 88.102118	 87.993565	 87.888027	  87.78547	 87.685858	 87.589153	 87.495317	 87.404307	 87.316083	   87.2306	 87.147812	 87.067675	 86.990141	 86.915162	 86.842688	  86.77267	 86.705058	   86.6398	 86.576846	 86.516143	  86.45764	 86.401283	 86.347021	   86.2948	  86.24457	 86.196276	 86.149868	 86.105292	 86.062498	 86.021434	  85.98205	 85.944294	 85.908118	 85.873471	 85.840306	 85.808574	 85.778229	 85.749223	 85.721511	 85.695048	 85.669791	 85.645695	 85.622719	 85.600821	  85.57996	 85.560098	 85.541196	 85.523215	  85.50612	 85.489874	 85.474443	 85.459793	 85.445891	 85.432706	 85.420207	 85.408363	 85.397146	 85.386527	 85.376481	  85.36698	 85.357998	 85.349513	   85.3415	 85.333937	 85.326802	 85.320074	 85.313733	 85.307759	 85.302134	  85.29684	 85.291861	 85.287179	 85.282779	 85.278646	 85.274766	 85.271125	 85.267709	 85.264508	 85.261507	 85.258698	 85.256067	 85.253606	 85.251304	 85.249153	 85.247142	 85.245265	 85.243513	 85.241878	 85.240354	 85.238933	 85.237609	 85.236376	 85.235229	 85.234162	  85.23317	 85.232248	 85.231392	 85.230596	 85.229859	 85.229174	  85.22854	 85.227952	 85.227407	 85.226903	 85.226437	 85.226006	 85.225607	 85.225239	 85.224899	 85.224585	 85.224296	 85.224029	 85.223783	 85.223557	 85.223348	 85.223157	 85.222981	 85.222819	 85.222671	 85.222535	  85.22241	 85.222296	 85.222192	 85.222096	 85.222009	  85.22193	 85.221858	 85.221793	 85.221733	  85.22168	 85.221632	 85.221589	  85.22155	 85.221516	 85.221486	  85.22146	 85.221438	 85.221419	 85.221404	 85.221391	 85.221382	 85.221376	 85.221373	
        99	 98.733969	 98.468067	 98.202423	 97.937166	 97.672424	 97.408324	 97.144992	 96.882555	 96.621134	 96.360854	 96.101835	 95.844196	 95.588055	 95.333525	  95.08072	  94.82975	 94.580723	 94.333743	 94.088913	 93.846331	 93.606095	 93.368296	 93.133024	 92.900366	 92.670404	 92.443217	 92.218881	 91.997467	 91.779043	 91.563675	 91.351421	 91.142339	 90.936481	 90.733896	 90.534628	 90.338719	 90.146205	  89.95712	 89.771492	 89.589347	 89.410706	 89.235586	 89.064003	 88.895965	 88.731479	  88.57055	 88.413175	 88.259352	 88.109072	 87.962327	 87.819102	  87.67938	 87.543143	 87.410367	 87.281027	 87.155097	 87.032545	 86.913338	 86.797442	  86.68482	 86.575431	 86.469236	 86.366189	 86.266248	 86.169365	 86.075492	 85.984579	 85.896577	 85.811433	 85.729095	 85.649508	 85.572619	 85.498371	 85.426708	 85.357575	 85.290915	 85.226669	 85.164781	 85.105194	 85.047848	 84.992688	 84.939654	 84.888691	 84.839741	 84.792747	 84.747653	 84.704403	 84.662942	 84.623215	 84.585168	 84.548748	 84.513902	 84.480578	 84.448725	 84.418294	 84.389234	 84.361497	 84.335036	 84.309805	 84.285758	  84.26285	 84.241039	 84.220281	 84.200536	 84.181762	 84.163922	 84.146977	 84.130889	 84.115623	 84.101144	 84.087418	 84.074411	 84.062093	 84.050433	   84.0394	 84.028966	 84.019104	 84.009786	 84.000987	 83.992681	 83.984846	 83.977457	 83.970494	 83.963934	 83.957757	 83.951944	 83.946475	 83.941334	 83.936502	 83.931963	 83.927702	 83.923704	 83.919953	 83.916437	 83.913143	 83.910057	 83.907169	 83.904466	 83.901938	 83.899575	 83.897368	 83.895306	 83.893382	 83.891587	 83.889913	 83.888352	 83.886899	 83.885545	 83.884286	 83.883114	 83.882024	 83.881012	 83.880071	 83.879198	 83.878388	 83.877636	 83.876939	 83.876294	 83.875696	 83.875142	  83.87463	 83.874157	 83.873719	 83.873315	 83.872941	 83.872597	 83.872279	 83.871986	 83.871716	 83.871467	 83.871239	 83.871028	 83.870835	 83.870657	 83.870495	 83.870345	 83.870208	 83.870083	 83.869968	 83.869864	 83.869768	 83.869681	 83.869602	  83.86953	 83.869465	 83.869406	 83.869354	 83.869306	 83.869264	 83.869227	 83.869194	 83.869165	 83.869141	  83.86912	 83.869103	  83.86909	  83.86908	 83.869073	  83.86907	
        99	 98.710319	  98.42078	 98.131521	 97.842683	 97.554406	 97.266828	 96.980087	 96.694319	  96.40966	 96.126241	 95.844196	 95.563654	 95.284742	 95.007585	 94.732307	 94.459026	 94.187861	 93.918925	  93.65233	 93.388184	 93.126591	 92.867653	 92.611466	 92.358125	  92.10772	 91.860337	 91.616058	 91.374961	  91.13712	 90.902605	 90.671483	 90.443814	 90.219656	 89.999062	  89.78208	 89.568755	 89.359127	 89.153233	 88.951103	 88.752765	 88.558244	 88.367557	  88.18072	 87.997744	 87.818636	   87.6434	 87.472035	 87.304537	 87.140899	 86.981108	  86.82515	 86.673008	 86.524659	  86.38008	 86.239243	 86.102117	 85.968671	 85.838867	 85.712668	 85.590034	 85.470921	 85.355285	 85.243078	 85.134252	 85.028756	 84.926538	 84.827544	 84.731718	 84.639006	 84.549348	 84.462686	 84.378961	 84.298113	  84.22008	 84.144801	 84.072214	 84.002258	 83.934868	 83.869983	  83.80754	 83.747476	 83.689728	 83.634234	 83.580932	 83.529761	 83.480658	 83.433563	 83.388416	 83.345158	 83.303729	 83.264071	 83.226127	 83.189841	 83.155157	  83.12202	 83.090376	 83.060174	 83.031361	 83.003887	 82.977702	 82.952758	 82.929007	 82.906404	 82.884904	 82.864461	 82.845035	 82.826584	 82.809066	 82.792443	 82.776676	  82.76173	 82.747567	 82.734154	 82.721457	 82.709444	 82.698082	 82.687343	 82.677197	 82.667615	 82.658572	  82.65004	 82.641994	 82.634412	 82.627268	 82.620542	 82.614212	 82.608258	 82.602659	 82.597398	 82.592456	 82.587816	 82.583462	 82.579378	  82.57555	 82.571962	 82.568602	 82.565457	 82.562514	 82.559762	 82.557189	 82.554785	  82.55254	 82.550445	  82.54849	 82.546667	 82.544968	 82.543385	 82.541912	  82.54054	 82.539264	 82.538078	 82.536975	 82.535951	    82.535	 82.534118	 82.533299	 82.532541	 82.531838	 82.531186	 82.530584	 82.530026	  82.52951	 82.529034	 82.528593	 82.528187	 82.527812	 82.527466	 82.527147	 82.526853	 82.526582	 82.526333	 82.526104	 82.525894	   82.5257	 82.525523	  82.52536	 82.525211	 82.525074	  82.52495	 82.524836	 82.524732	 82.524637	 82.524551	 82.524473	 82.524402	 82.524338	  82.52428	 82.524229	 82.524183	 82.524142	 82.524107	 82.524075	 82.524049	 82.524026	 82.524008	 82.523993	 82.523982	 82.523975	 82.523971	
        99	 98.686807	 98.373767	 98.061031	 97.748749	 97.437074	 97.126155	  96.81614	 96.507178	 96.199414	 95.892992	 95.588055	 95.284742	 94.983192	  94.68354	 94.385918	 94.090456	 93.797282	 93.506518	 93.218285	 92.932699	 92.649874	 92.369919	 92.092939	 91.819035	 91.548306	 91.280844	 91.016738	 90.756072	 90.498927	 90.245378	 89.995496	 89.749349	 89.506996	 89.268498	 89.033904	 88.803265	 88.576623	 88.354017	 88.135481	 87.921045	 87.710735	 87.504571	 87.302569	 87.104742	 86.911097	 86.721638	 86.536364	 86.355271	 86.178351	 86.005591	 85.836975	 85.672484	 85.512094	  85.35578	 85.203512	 85.055257	 84.910979	 84.770639	 84.634198	  84.50161	 84.372829	 84.247807	 84.126493	 84.008834	 83.894776	 83.784261	 83.677232	 83.573629	 83.473391	 83.376456	  83.28276	  83.19224	 83.104829	 83.020463	 82.939074	 82.860596	 82.784961	 82.712102	 82.641951	 82.574439	   82.5095	 82.447065	 82.387067	 82.329439	 82.274114	 82.221025	 82.170108	 82.121297	 82.074527	 82.029736	 81.986859	 81.945836	 81.906604	 81.869105	 81.833278	 81.799067	 81.766413	 81.735261	 81.705557	 81.677247	 81.650278	   81.6246	 81.600162	 81.576917	 81.554815	 81.533813	 81.513863	 81.494923	 81.476951	 81.459905	 81.443745	 81.428434	 81.413932	 81.400204	 81.387216	 81.374932	 81.363321	 81.352351	 81.341992	 81.332215	  81.32299	 81.314292	 81.306094	 81.298371	 81.291099	 81.284255	 81.277817	 81.271764	 81.266076	 81.260732	 81.255716	 81.251009	 81.246593	 81.242454	 81.238576	 81.234943	 81.231542	  81.22836	 81.225385	 81.222603	 81.220004	 81.217577	 81.215312	 81.213198	 81.211227	  81.20939	 81.207679	 81.206086	 81.204603	 81.203223	  81.20194	 81.200748	 81.199641	 81.198613	 81.197659	 81.196774	 81.195954	 81.195194	  81.19449	 81.193838	 81.193235	 81.192678	 81.192163	 81.191687	 81.191247	 81.190841	 81.190467	 81.190122	 81.189805	 81.189512	 81.189243	 81.188995	 81.188768	 81.188558	 81.188367	 81.188191	  81.18803	 81.187882	 81.187747	 81.187624	 81.187511	 81.187409	 81.187316	 81.187231	 81.187155	 81.187086	 81.187024	 81.186968	 81.186918	 81.186874	 81.186835	 81.186802	 81.186773	 81.186749	 81.186729	 81.186713	 81.186701	 81.186693	 81.186689	
        99	 98.663443	  98.32705	 97.990984	 97.655407	 97.320481	 96.986367	 96.653225	 96.321215	 95.990491	  95.66121	 95.333525	 95.007585	  94.68354	 94.361533	 94.041709	 93.724207	 93.409161	 93.096707	 92.786971	 92.480081	 92.176157	 91.875318	 91.577675	 91.283338	 90.992413	 90.704998	 90.421189	 90.141078	  89.86475	 89.592287	 89.323764	 89.059254	 88.798822	 88.542531	 88.290438	 88.042593	 87.799043	 87.559831	 87.324992	  87.09456	 86.868561	 86.647017	 86.429946	 86.217361	  86.00927	 85.805677	 85.606582	  85.41198	 85.221861	 85.036213	 84.855019	 84.678257	 84.505902	 84.337927	   84.1743	 84.014984	 83.859943	 83.709135	 83.562515	 83.420036	 83.281648	   83.1473	 83.016936	   82.8905	 82.767932	 82.649173	  82.53416	 82.422828	 82.315112	 82.210946	 82.110261	 82.012987	 81.919056	 81.828396	 81.740936	 81.656603	 81.575326	 81.497032	 81.421647	 81.349099	 81.279315	 81.212223	 81.147749	 81.085822	  81.02637	 80.969321	 80.914605	 80.862153	 80.811894	 80.763761	 80.717686	 80.673602	 80.631444	 80.591147	 80.552648	 80.515884	 80.480795	 80.447319	 80.415399	 80.384977	 80.355996	 80.328403	 80.302142	 80.277162	 80.253412	 80.230842	 80.209405	 80.189052	 80.169739	 80.151421	 80.134056	 80.117602	 80.102019	 80.087267	 80.073309	 80.060109	 80.047632	 80.035844	 80.024712	 80.014205	 80.004293	 79.994945	 79.986136	 79.977836	 79.970022	 79.962668	  79.95575	 79.949245	 79.943132	 79.937391	    79.932	 79.926941	 79.922197	 79.917749	 79.913581	 79.909677	 79.906023	 79.902603	 79.899406	 79.896417	 79.893624	 79.891016	 79.888581	  79.88631	 79.884192	 79.882218	 79.880379	 79.878667	 79.877073	 79.875591	 79.874213	 79.872932	 79.871742	 79.870637	 79.869612	 79.868661	  79.86778	 79.866963	 79.866206	 79.865506	 79.864858	 79.864259	 79.863705	 79.863194	 79.862722	 79.862286	 79.861884	 79.861513	 79.861171	 79.860857	 79.860568	 79.860302	 79.860057	 79.859832	 79.859626	 79.859437	 79.859264	 79.859105	  79.85896	 79.858828	 79.858707	 79.858597	 79.858497	 79.858406	 79.858324	  79.85825	 79.858183	 79.858123	  79.85807	 79.858022	 79.857981	 79.857945	 79.857914	 79.857887	 79.857866	 79.857849	 79.857836	 79.857828	 79.857824	
        99	 98.640238	  98.28065	 97.921412	 97.562696	 97.204677	 96.847526	 96.491414	 96.136511	 95.782984	    95.431	  95.08072	 94.732307	 94.385918	 94.041709	 93.699833	 93.360438	 93.023671	 92.689672	 92.358581	  92.03053	 91.705651	 91.384068	 91.065902	 90.751271	 90.440286	 90.133054	 89.829677	 89.530252	 89.234871	 88.943621	 88.656584	 88.373835	 88.095447	 87.821485	 87.552009	 87.287075	 87.026733	 86.771026	 86.519996	 86.273675	 86.032093	 85.795273	 85.563235	 85.335992	 85.113554	 84.895923	 84.683101	  84.47508	 84.271853	 84.073404	 83.879716	 83.690766	 83.506528	 83.326971	 83.152061	 82.981762	  82.81603	 82.654824	 82.498094	 82.345791	 82.197862	  82.05425	 81.914897	 81.779743	 81.648725	 81.521777	 81.398833	 81.279825	 81.164683	 81.053334	 80.945706	 80.841726	 80.741318	 80.644407	 80.550916	 80.460769	 80.373888	 80.290195	 80.209612	 80.132062	 80.057467	 79.985748	 79.916829	 79.850632	  79.78708	 79.726098	  79.66761	 79.611541	 79.557817	 79.506365	 79.457113	  79.40999	 79.364925	 79.321849	 79.280696	 79.241397	 79.203888	 79.168104	 79.133983	 79.101464	 79.070485	 79.040988	 79.012917	 78.986215	 78.960827	 78.936701	 78.913785	  78.89203	 78.871385	 78.851804	 78.833242	 78.815653	 78.798995	 78.783226	 78.768306	 78.754196	 78.740859	 78.728258	 78.716358	 78.705127	 78.694531	 78.684539	 78.675122	 78.666251	 78.657897	 78.650036	 78.642641	 78.635688	 78.629154	 78.623016	 78.617254	 78.611846	 78.606774	  78.60202	 78.597564	 78.593392	 78.589485	  78.58583	 78.582412	 78.579217	 78.576231	 78.573444	 78.570841	 78.568414	  78.56615	  78.56404	 78.562074	 78.560243	  78.55854	 78.556955	 78.555482	 78.554113	 78.552841	  78.55166	 78.550564	 78.549548	 78.548605	 78.547732	 78.546924	 78.546175	 78.545483	 78.544842	  78.54425	 78.543703	 78.543198	 78.542732	 78.542303	 78.541907	 78.541541	 78.541205	 78.540896	 78.540612	  78.54035	  78.54011	  78.53989	 78.539688	 78.539502	 78.539333	 78.539178	 78.539036	 78.538907	  78.53879	 78.538683	 78.538586	 78.538498	 78.538418	 78.538347	 78.538283	 78.538226	 78.538175	 78.538131	 78.538092	 78.538059	 78.538031	 78.538008	  78.53799	 78.537976	 78.537967	 78.537963	
        99	   98.6172	 98.234587	 97.852345	 97.470659	 97.089714	 96.709693	 96.330778	 95.953149	 95.576984	  95.20246	  94.82975	 94.459026	 94.090456	 93.724207	 93.360438	 92.999311	 92.640978	 92.285592	 91.933299	 91.584242	 91.238559	 90.896384	 90.557845	 90.223066	 89.892167	 89.565262	 89.242458	 88.923859	 88.609564	 88.299664	 87.994246	 87.693392	 87.397177	 87.105672	  86.81894	 86.537041	 86.260028	 85.987948	 85.720842	 85.458748	 85.201697	 84.949713	 84.702816	 84.461022	 84.224339	 83.992773	 83.766322	 83.544981	  83.32874	 83.117584	 82.911493	 82.710444	 82.514408	 82.323353	 82.137243	 81.956038	 81.779695	 81.608165	 81.441399	 81.279344	 81.121941	 80.969133	 80.820857	 80.677049	 80.537641	 80.402564	 80.271748	 80.145119	 80.022603	 79.904124	 79.789605	 79.678966	 79.572129	 79.469012	 79.369535	 79.273615	  79.18117	 79.092118	 79.006375	 78.923859	 78.844487	 78.768176	 78.694844	 78.624408	 78.556787	   78.4919	 78.429666	 78.370007	 78.312842	 78.258096	  78.20569	 78.155549	 78.107598	 78.061765	 78.017976	 77.976161	  77.93625	 77.898175	 77.861869	 77.827266	 77.794304	 77.762919	  77.73305	 77.704638	 77.677624	 77.651954	  77.62757	 77.604421	 77.582455	  77.56162	 77.541869	 77.523154	 77.505429	 77.488651	 77.472776	 77.457762	 77.443571	 77.430163	 77.417501	 77.405551	 77.394276	 77.383644	 77.373624	 77.364185	 77.355297	 77.346932	 77.339063	 77.331665	 77.324712	 77.318182	  77.31205	 77.306297	   77.3009	 77.295841	   77.2911	  77.28666	 77.282504	 77.278615	 77.274978	 77.271578	 77.268401	 77.265435	 77.262666	 77.260083	 77.257674	 77.255429	 77.253337	  77.25139	 77.249577	 77.247891	 77.246323	 77.244866	 77.243513	 77.242256	  77.24109	 77.240009	 77.239006	 77.238077	 77.237217	  77.23642	 77.235683	 77.235002	 77.234372	  77.23379	 77.233253	 77.232757	   77.2323	 77.231878	  77.23149	 77.231132	 77.230803	 77.230501	 77.230222	 77.229967	 77.229732	 77.229517	  77.22932	  77.22914	 77.228975	 77.228825	 77.228687	 77.228562	 77.228448	 77.228345	 77.228251	 77.228167	 77.228091	 77.228023	 77.227962	 77.227908	 77.227861	  77.22782	 77.227785	 77.227755	  77.22773	 77.227711	 77.227697	 77.227687	 77.227682	
        99	 98.594342	  98.18888	 97.783812	 97.379334	 96.975641	 96.572927	 96.171385	 95.771205	 95.372578	 94.975689	 94.580723	 94.187861	 93.797282	 93.409161	 93.023671	 92.640978	 92.261248	  91.88464	  91.51131	 91.141409	 90.775083	 90.412475	  90.05372	  89.69895	 89.348291	 89.001864	 88.659784	  88.32216	 87.989097	 87.660691	 87.337035	 87.018215	 86.704312	 86.395399	 86.091546	 85.792813	 85.499258	  85.21093	 84.927875	  84.65013	 84.377728	 84.110697	 83.849057	 83.592823	 83.342007	 83.096613	  82.85664	 82.622082	 82.392928	 82.169162	 81.950765	  81.73771	 81.529968	 81.327504	  81.13028	 80.938255	  80.75138	 80.569608	 80.392884	 80.221151	 80.054349	 79.892416	 79.735286	  79.58289	 79.435157	 79.292014	 79.153386	 79.019196	 78.889364	  78.76381	 78.642452	 78.525207	 78.411989	 78.302715	 78.197297	  78.09565	 77.997684	 77.903315	 77.812452	 77.725008	 77.640897	 77.560029	 77.482317	 77.407675	 77.336016	 77.267254	 77.201304	 77.138082	 77.077505	 77.019489	 76.963953	 76.910818	 76.860004	 76.811434	  76.76503	 76.720718	 76.678423	 76.638075	 76.599601	 76.562932	 76.528001	 76.494742	  76.46309	 76.432981	 76.404354	 76.377151	 76.351311	  76.32678	 76.303502	 76.281423	 76.260493	  76.24066	 76.221877	 76.204096	 76.187273	 76.171363	 76.156324	 76.142116	 76.128698	 76.116034	 76.104086	 76.092819	 76.082201	 76.072198	 76.062779	 76.053914	 76.045576	 76.037736	 76.030368	 76.023447	  76.01695	 76.010853	 76.005134	 75.999773	 75.994749	 75.990044	 75.985639	 75.981518	 75.977664	 75.974061	 75.970694	 75.967551	 75.964617	 75.961879	 75.959326	 75.956947	 75.954731	 75.952667	 75.950746	 75.948959	 75.947298	 75.945754	  75.94432	 75.942988	 75.941752	 75.940606	 75.939544	 75.938559	 75.937648	 75.936804	 75.936023	 75.935301	 75.934633	 75.934017	 75.933447	 75.932922	 75.932437	 75.931991	 75.931579	   75.9312	 75.930851	  75.93053	 75.930236	 75.929965	 75.929716	 75.929489	  75.92928	 75.929089	 75.928914	 75.928754	 75.928609	 75.928476	 75.928355	 75.928246	 75.928147	 75.928057	 75.927977	 75.927905	  75.92784	 75.927783	 75.927733	  75.92769	 75.927652	 75.927621	 75.927595	 75.927574	 75.927559	 75.927549	 75.927544	
