Time step 71:
        99	        99	        99	        99	        99	        99	        99	        99	        99	        99	        99	        99	        99	        99	        99	        99	        99	        99	        99	        99	        99	        99	        99	        99	        99	        99	        99	        99	        99	        99	        99	        99	        99	        99	        99	        99	        99	        99	        99	        99	        99	        99	        99	        99	        99	        99	        99	        99	        99	        99	        99	        99	        99	        99	        99	        99	        99	        99	        99	        99	        99	        99	        99	        99	        99	        99	        99	        99	        99	        99	        99	        99	        99	        99	        99	        99	        99	        99	        99	        99	        99	        99	        99	        99	        99	        99	        99	        99	        99	        99	        99	        99	        99	        99	        99	        99	        99	        99	        99	        99	        99	        99	        99	        99	        99	        99	        99	        99	        99	        99	        99	        99	        99	        99	        99	        99	        99	        99	        99	        99	        99	        99	        99	        99	        99	        99	        99	        99	        99	        99	        99	        99	        99	        99	        99	        99	        99	        99	        99	        99	        99	        99	        99	        99	        99	        99	        99	        99	        99	        99	        99	        99	        99	        99	        99	        99	        99	        99	        99	        99	        99	        99	        99	        99	        99	        99	        99	        99	        99	        99	        99	        99	        99	        99	        99	        99	        99	        99	        99	        99	        99	        99	        99	        99	        99	        99	        99	        99	        99	        99	        99	        99	        99	        99	        99	        99	        99	        99	        99	        99	
        99	 98.991057	 98.982115	 98.973177	 98.964243	 98.955316	 98.946397	 98.937487	 98.928588	 98.919702	  98.91083	 98.901974	 98.893135	 98.884315	 98.875516	 98.866738	 98.857984	 98.849254	 98.840551	 98.831876	  98.82323	 98.814615	 98.806031	 98.797482	 98.788967	 98.780488	 98.772047	 98.763646	 98.755284	 98.746964	 98.738686	 98.730453	 98.722265	 98.714123	 98.706029	 98.697984	 98.689989	 98.682045	 98.674153	 98.666314	 98.658529	 98.650799	 98.643126	  98.63551	 98.627952	 98.620452	 98.613013	 98.605634	 98.598316	 98.591061	 98.583869	  98.57674	 98.569676	 98.562676	 98.555743	 98.548875	 98.542075	 98.535342	 98.528677	  98.52208	 98.515552	 98.509094	 98.502705	 98.496386	 98.490138	  98.48396	 98.477854	 98.471819	 98.465855	 98.459963	 98.454143	 98.448395	 98.442719	 98.437115	 98.431584	 98.426125	 98.420738	 98.415424	 98.410182	 98.405013	 98.399915	  98.39489	 98.389937	 98.385055	 98.380245	 98.375506	 98.370839	 98.366243	 98.361717	 98.357261	 98.352876	 98.348561	 98.344314	 98.340137	 98.336029	 98.331989	 98.328017	 98.324112	 98.320274	 98.316502	 98.312797	 98.309157	 98.305582	 98.302072	 98.298626	 98.295243	 98.291923	 98.288665	 98.285469	 98.282334	  98.27926	 98.276245	  98.27329	 98.270394	 98.267555	 98.264774	  98.26205	 98.259382	 98.256769	 98.254212	 98.251708	 98.249258	  98.24686	 98.244515	 98.242221	 98.239978	 98.237786	 98.235642	 98.233547	 98.231501	 98.229501	 98.227549	 98.225642	 98.223781	 98.221964	 98.220192	 98.218463	 98.216776	 98.215131	 98.213528	 98.211966	 98.210443	  98.20896	 98.207515	 98.206109	  98.20474	 98.203408	 98.202113	 98.200853	 98.199627	 98.198437	  98.19728	 98.196157	 98.195066	 98.194007	 98.192981	 98.191985	 98.191019	 98.190084	 98.189178	 98.188301	 98.187453	 98.186632	  98.18584	 98.185074	 98.184335	 98.183622	 98.182935	 98.182273	 98.181636	 98.181023	 98.180435	  98.17987	 98.179329	 98.178811	 98.178316	 98.177843	 98.177392	 98.176963	 98.176555	 98.176169	 98.175803	 98.175459	 98.175134	  98.17483	 98.174546	 98.174282	 98.174038	 98.173813	 98.173607	  98.17342	 98.173253	 98.173104	 98.172975	 98.172863	 98.172771	 98.172697	 98.172642	 98.172605	 98.172586	
        99	 98.982115	 98.964234	 98.946359	 98.928493	  98.91064	 98.892803	 98.874985	 98.857189	 98.839418	 98.821676	 98.803966	 98.786289	 98.768651	 98.751054	   98.7335	 98.715993	 98.698535	 98.681131	 98.663782	 98.646491	 98.629262	 98.612097	 98.594999	 98.577971	 98.561016	 98.544135	 98.527333	 98.510611	 98.493972	 98.477419	 98.460954	 98.444579	 98.428297	 98.412111	 98.396022	 98.380033	 98.364146	 98.348363	 98.332687	 98.317119	 98.301661	 98.286316	 98.271084	 98.255969	 98.240972	 98.226094	 98.211337	 98.196704	 98.182194	 98.167811	 98.153555	 98.139428	  98.12543	 98.111564	 98.097831	 98.084231	 98.070767	 98.057438	 98.044245	 98.031191	 98.018275	 98.005499	 97.992862	 97.980367	 97.968013	 97.955801	 97.943731	 97.931805	 97.920022	 97.908383	 97.896888	 97.885537	 97.874331	 97.863269	 97.852352	  97.84158	 97.830952	  97.82047	 97.810131	 97.799937	 97.789888	 97.779982	 97.770219	   97.7606	 97.751124	  97.74179	 97.732598	 97.723547	 97.714637	 97.705867	 97.697237	 97.688746	 97.680392	 97.672176	 97.664096	 97.656153	 97.648343	 97.640668	 97.633126	 97.625716	 97.618437	 97.611288	 97.604268	 97.597376	 97.590611	 97.583971	 97.577456	 97.571065	 97.564795	 97.558647	 97.552619	 97.546709	 97.540917	 97.535241	 97.529679	 97.524231	 97.518896	 97.513671	 97.508556	 97.503549	 97.498649	 97.493855	 97.489165	 97.484578	 97.480092	 97.475707	  97.47142	 97.467231	 97.463138	  97.45914	 97.455235	 97.451422	   97.4477	 97.444067	 97.440522	 97.437064	 97.433691	 97.430402	 97.427196	 97.424071	 97.421026	  97.41806	 97.415172	 97.412359	 97.409622	 97.406958	 97.404367	 97.401847	 97.399397	 97.397016	 97.394703	 97.392456	 97.390275	 97.388158	 97.386105	 97.384113	 97.382182	 97.380312	   97.3785	 97.376747	  97.37505	  97.37341	 97.371824	 97.370293	 97.368815	 97.367389	 97.366014	 97.364691	 97.363417	 97.362192	 97.361016	 97.359887	 97.358805	 97.357769	 97.356778	 97.355832	  97.35493	 97.354072	 97.353257	 97.352484	 97.351754	 97.351064	 97.350416	 97.349808	  97.34924	 97.348711	 97.348222	 97.347772	 97.347361	 97.346988	 97.346653	 97.346356	 97.346096	 97.345874	 97.345689	 97.345541	 97.345431	 97.345357	  97.34532	
        99	 98.973177	 98.946359	  98.91955	 98.892755	  98.86598	 98.839228	 98.812505	 98.785815	 98.759163	 98.732554	 98.705992	 98.679482	 98.653028	 98.626636	 98.600309	 98.574052	  98.54787	 98.521767	 98.495747	 98.469815	 98.443975	 98.418232	 98.392589	 98.367051	 98.341621	 98.316305	 98.291105	 98.266025	 98.241071	 98.216245	  98.19155	 98.166992	 98.142573	 98.118297	 98.094167	 98.070187	  98.04636	  98.02269	 97.999179	  97.97583	 97.952647	 97.929632	 97.906789	 97.884119	 97.861626	 97.839313	 97.817181	 97.795234	 97.773473	 97.751902	 97.730521	 97.709333	  97.68834	 97.667544	 97.646947	 97.626551	 97.606356	 97.586366	 97.566581	 97.547002	 97.527631	 97.508469	 97.489517	 97.470777	 97.452248	 97.433933	 97.415832	 97.397945	 97.380273	 97.362817	 97.345577	 97.328553	 97.311746	 97.295156	 97.278783	 97.262627	 97.246688	 97.230966	 97.215461	 97.200173	   97.1851	 97.170244	 97.155602	 97.141176	 97.126963	 97.112965	 97.099179	 97.085604	 97.072241	 97.059089	 97.046145	  97.03341	 97.020882	 97.008559	 96.996442	 96.984528	 96.972816	 96.961305	 96.949993	  96.93888	 96.927963	 96.917241	 96.906712	 96.896376	 96.886229	 96.876271	   96.8665	 96.856915	 96.847512	 96.838291	  96.82925	 96.820387	 96.811699	 96.803186	 96.794845	 96.786675	 96.778672	 96.770837	 96.763165	 96.755656	 96.748307	 96.741117	 96.734083	 96.727203	 96.720476	 96.713899	  96.70747	 96.701187	 96.695049	 96.689052	 96.683196	 96.677478	 96.671895	 96.666447	  96.66113	 96.655944	 96.650885	 96.645953	 96.641144	 96.636457	 96.631891	 96.627442	  96.62311	 96.618892	 96.614786	 96.610791	 96.606905	 96.603126	 96.599452	 96.595881	 96.592411	 96.589042	 96.585771	 96.582596	 96.579516	 96.576529	 96.573633	 96.570828	 96.568111	 96.565481	 96.562936	 96.560476	 96.558098	 96.555801	 96.553584	 96.551446	 96.549385	   96.5474	 96.545489	 96.543652	 96.541888	 96.540195	 96.538572	 96.537018	 96.535532	 96.534114	 96.532761	 96.531474	 96.530252	 96.529093	 96.527997	 96.526963	  96.52599	 96.525078	 96.524226	 96.523434	 96.522701	 96.522026	 96.521409	 96.520849	 96.520347	 96.519901	 96.519512	 96.519179	 96.518901	  96.51868	 96.518514	 96.518403	 96.518348	
        99	 98.964243	 98.928493	 98.892755	 98.857037	 98.821343	 98.785682	 98.750058	 98.714479	 98.678951	 98.643479	  98.60807	 98.572731	 98.537467	 98.502284	 98.467189	 98.432187	 98.397285	 98.362488	 98.327802	 98.293234	 98.258788	  98.22447	 98.190287	 98.156243	 98.122344	 98.088595	 98.055002	  98.02157	 97.988304	  97.95521	 97.922291	 97.889553	 97.857001	  97.82464	 97.792474	 97.760507	 97.728744	  97.69719	 97.665848	 97.634723	 97.603819	 97.573139	 97.542687	 97.512467	 97.482483	 97.452738	 97.423236	 97.393979	  97.36497	 97.336214	 97.307712	 97.279467	 97.251483	 97.223761	 97.196304	 97.169114	 97.142194	 97.115545	  97.08917	 97.063071	 97.037248	 97.011704	 96.986441	 96.961459	 96.936759	 96.912344	 96.888214	  96.86437	 96.840812	 96.817542	  96.79456	 96.771866	 96.749462	 96.727346	  96.70552	 96.683983	 96.662736	 96.641778	 96.621109	 96.600728	 96.580636	 96.560831	 96.541313	 96.522082	 96.503136	 96.484475	 96.466097	 96.448002	 96.430188	 96.412655	 96.395401	 96.378424	 96.361723	 96.345296	 96.329143	 96.313261	 96.297648	 96.282303	 96.267224	 96.252409	 96.237856	 96.223563	 96.209528	 96.195749	 96.182223	 96.168949	 96.155924	 96.143145	 96.130611	 96.118319	 96.106267	 96.094452	 96.082871	 96.071523	 96.060404	 96.049512	 96.038844	 96.028399	 96.018172	 96.008162	 95.998366	 95.988781	 95.979404	 95.970233	 95.961265	 95.952497	 95.943927	 95.935552	 95.927369	 95.919376	 95.911569	 95.903946	 95.896504	 95.889241	 95.882154	  95.87524	 95.868497	 95.861921	 95.855511	 95.849263	 95.843176	 95.837246	  95.83147	 95.825848	 95.820375	 95.815049	 95.809869	 95.804831	 95.799933	 95.795173	 95.790548	 95.786056	 95.781695	 95.777463	 95.773357	 95.769375	 95.765515	 95.761776	 95.758154	 95.754648	 95.751256	 95.747976	 95.744806	 95.741744	 95.738789	 95.735939	 95.733191	 95.730545	 95.727998	 95.725549	 95.723197	  95.72094	 95.718776	 95.716705	 95.714724	 95.712833	 95.711031	 95.709315	 95.707685	  95.70614	 95.704679	 95.703301	 95.702004	 95.700789	 95.699653	 95.698597	 95.697619	  95.69672	 95.695897	 95.695151	 95.694481	 95.693887	 95.693368	 95.692924	 95.692555	 95.692259	 95.692038	  95.69189	 95.691817	
        99	 98.955316	  98.91064	  98.86598	 98.821343	 98.776739	 98.732174	 98.687656	 98.643194	 98.598796	 98.554468	 98.510219	 98.466056	 98.421988	 98.378021	 98.334164	 98.290423	 98.246807	 98.203322	 98.159977	 98.116778	 98.073732	 98.030846	 97.988128	 97.945584	 97.903222	 97.861048	 97.819068	 97.777289	 97.735718	  97.69436	 97.653223	 97.612312	 97.571633	 97.531192	 97.490995	 97.451047	 97.411354	 97.371922	 97.332755	 97.293859	 97.255239	 97.216899	 97.178844	  97.14108	  97.10361	 97.066439	  97.02957	 96.993009	 96.956758	 96.920822	 96.885204	 96.849907	 96.814936	 96.780293	 96.745981	 96.712003	 96.678362	  96.64506	   96.6121	 96.579484	 96.547214	 96.515293	 96.483722	 96.452503	 96.421637	 96.391126	 96.360971	 96.331174	 96.301735	 96.272655	 96.243935	 96.215575	 96.187577	  96.15994	 96.132665	 96.105751	 96.079199	 96.053008	 96.027179	  96.00171	 95.976601	 95.951851	 95.927461	 95.903428	 95.879752	 95.856432	 95.833466	 95.810853	 95.788592	 95.766681	 95.745119	 95.723903	 95.703033	 95.682505	 95.662319	 95.642471	 95.622961	 95.603785	 95.584941	 95.566427	 95.548241	  95.53038	  95.51284	 95.495621	 95.478718	  95.46213	 95.445853	 95.429884	  95.41422	  95.39886	 95.383798	 95.369033	 95.354561	 95.340379	 95.326484	 95.312873	 95.299542	 95.286489	 95.273709	 95.261199	 95.248957	 95.236979	 95.225261	 95.213801	 95.202594	 95.191637	 95.180928	 95.170461	 95.160235	 95.150246	  95.14049	 95.130964	 95.121664	 95.112588	 95.103731	 95.095091	 95.086664	 95.078447	 95.070436	 95.062629	 95.055022	 95.047611	 95.040394	 95.033367	 95.026528	 95.019873	 95.013399	 95.007103	 95.000982	 94.995034	 94.989254	 94.983641	 94.978191	 94.972902	 94.967771	 94.962795	 94.957972	 94.953299	 94.948773	 94.944391	 94.940153	 94.936054	 94.932092	 94.928266	 94.924573	 94.921011	 94.917577	  94.91427	 94.911088	 94.908028	 94.905088	 94.902268	 94.899564	 94.896975	   94.8945	 94.892137	 94.889884	  94.88774	 94.885704	 94.883773	 94.881947	 94.880225	 94.878604	 94.877085	 94.875666	 94.874347	 94.873125	    94.872	 94.870973	  94.87004	 94.869203	 94.868461	 94.867812	 94.867257	 94.866795	 94.866426	  94.86615	 94.865965	 94.865873	
        99	 98.946397	 98.892803	 98.839228	 98.785682	 98.732174	 98.678713	  98.62531	 98.571973	 98.518711	 98.465535	 98.412454	 98.359476	 98.306611	 98.253868	 98.201257	 98.148785	 98.096463	 98.044298	 97.992301	 97.940478	  97.88884	 97.837394	 97.786149	 97.735114	 97.684295	 97.633702	 97.583343	 97.533225	 97.483355	 97.433743	 97.384394	 97.335316	 97.286517	 97.238004	 97.189783	 97.141862	 97.094246	 97.046942	 96.999958	 96.953298	 96.906968	 96.860976	 96.815325	 96.770023	 96.725073	 96.680482	 96.636254	 96.592395	 96.548908	 96.505799	 96.463071	 96.420729	 96.378778	 96.337219	 96.296058	 96.255298	 96.214942	 96.174992	 96.135453	 96.096327	 96.057616	 96.019323	  95.98145	 95.943999	 95.906972	 95.870371	 95.834197	 95.798452	 95.763136	 95.728252	 95.693799	 95.659779	 95.626192	 95.593038	 95.560319	 95.528033	  95.49618	 95.464762	 95.433776	 95.403224	 95.373103	 95.343413	 95.314154	 95.285324	 95.256922	 95.228947	 95.201397	  95.17427	 95.147566	 95.121281	 95.095415	 95.069964	 95.044928	 95.020303	 94.996087	 94.972278	 94.948873	 94.925869	 94.903264	 94.881055	 94.859239	 94.837812	 94.816772	 94.796115	 94.775839	 94.755939	 94.736413	 94.717256	 94.698466	 94.680039	 94.661971	 94.644259	 94.626898	 94.609886	 94.593217	 94.576889	 94.560897	 94.545238	 94.529907	 94.514901	 94.500215	 94.485846	 94.471789	 94.458041	 94.444597	 94.431454	 94.418606	 94.406051	 94.393784	   94.3818	 94.370097	 94.358669	 94.347513	 94.336625	 94.326001	 94.315636	 94.305527	 94.295669	  94.28606	 94.276694	 94.267568	 94.258678	 94.250021	 94.241591	 94.233387	 94.225404	 94.217637	 94.210085	 94.202742	 94.195606	 94.188673	 94.181939	 94.175402	 94.169057	 94.162902	 94.156933	 94.151147	  94.14554	 94.140111	 94.134855	  94.12977	 94.124853	 94.120101	 94.115511	 94.111081	 94.106808	 94.102689	 94.098721	 94.094904	 94.091233	 94.087707	 94.084323	 94.081079	 94.077974	 94.075005	  94.07217	 94.069468	 94.066896	 94.064453	 94.062137	 94.059946	  94.05788	 94.055936	 94.054114	 94.052412	 94.050829	 94.049363	 94.048014	 94.046781	 94.045663	 94.044659	 94.043768	  94.04299	 94.042324	  94.04177	 94.041327	 94.040996	 94.040775	 94.040664	
        99	 98.937487	 98.874985	 98.812505	 98.750058	 98.687656	  98.62531	  98.56303	 98.500827	 98.438713	 98.376698	 98.314793	  98.25301	 98.191358	 98.129848	 98.068491	 98.007298	 97.946279	 97.885444	 97.824803	 97.764367	 97.704146	 97.644149	 97.584386	 97.524867	 97.465602	   97.4066	 97.347869	 97.289421	 97.231262	 97.173403	 97.115852	 97.058617	 97.001706	 96.945129	 96.888893	 96.833006	 96.777476	  96.72231	 96.667515	   96.6131	  96.55907	 96.505432	 96.452194	 96.399361	  96.34694	 96.294937	 96.243358	 96.192208	 96.141493	 96.091219	 96.041389	 95.992009	 95.943084	 95.894618	 95.846615	  95.79908	 95.752016	 95.705426	 95.659315	 95.613685	  95.56854	 95.523882	 95.479714	 95.436038	 95.392856	 95.350171	 95.307985	 95.266298	 95.225112	 95.184429	  95.14425	 95.104575	 95.065405	 95.026741	 94.988583	  94.95093	 94.913784	 94.877143	 94.841007	 94.805376	 94.770249	 94.735624	 94.701502	 94.667879	 94.634757	 94.602131	 94.570002	 94.538367	 94.507223	  94.47657	 94.446404	 94.416723	 94.387525	 94.358807	 94.330566	   94.3028	 94.275504	 94.248677	 94.222315	 94.196414	 94.170971	 94.145983	 94.121445	 94.097355	 94.073708	 94.050501	 94.027729	 94.005389	 93.983475	 93.961985	 93.940914	 93.920258	 93.900012	 93.880171	 93.860732	  93.84169	  93.82304	 93.804778	 93.786899	 93.769398	 93.752272	 93.735514	 93.719121	 93.703087	 93.687409	 93.672081	 93.657098	 93.642455	 93.628149	 93.614174	 93.600525	 93.587198	 93.574188	  93.56149	   93.5491	 93.537012	 93.525223	 93.513727	  93.50252	 93.491597	 93.480954	 93.470587	  93.46049	  93.45066	 93.441092	 93.431781	 93.422724	 93.413916	 93.405353	 93.397031	 93.388946	 93.381093	 93.373469	 93.366069	 93.358891	  93.35193	 93.345182	 93.338644	 93.332312	 93.326182	 93.320252	 93.314518	 93.308976	 93.303623	 93.298456	 93.293473	 93.288669	 93.284042	  93.27959	 93.275309	 93.271197	 93.267251	 93.263468	 93.259847	 93.256384	 93.253078	 93.249926	 93.246927	 93.244078	 93.241377	 93.238822	 93.236413	 93.234146	 93.232021	 93.230036	 93.228189	  93.22648	 93.224907	 93.223469	 93.222165	 93.220994	 93.219955	 93.219048	 93.218271	 93.217625	 93.217109	 93.216722	 93.216464	 93.216335	
        99	 98.928588	 98.857189	 98.785815	 98.714479	 98.643194	 98.571973	 98.500827	  98.42977	 98.358814	 98.287971	 98.217254	 98.146676	 98.076248	 98.005982	 97.935891	 97.865987	 97.796282	 97.726787	 97.657514	 97.588475	 97.519681	 97.451143	 97.382874	 97.314882	 97.247181	 97.179779	 97.112689	  97.04592	 96.979483	 96.913387	 96.847643	 96.782261	  96.71725	 96.652619	 96.588378	 96.524535	   96.4611	 96.398081	 96.335487	 96.273325	 96.211604	 96.150331	 96.089514	 96.029161	 95.969278	 95.909872	 95.850951	  95.79252	 95.734586	 95.677154	 95.620231	 95.563822	 95.507933	 95.452568	 95.397732	  95.34343	 95.289666	 95.236444	 95.183769	 95.131644	 95.080072	 95.029057	 94.978602	 94.928708	  94.87938	 94.830619	 94.782427	 94.734806	 94.687758	 94.641284	 94.595385	 94.550062	 94.505317	 94.461149	 94.417558	 94.374546	 94.332112	 94.290255	 94.248975	 94.208272	 94.168144	 94.128591	 94.089611	 94.051203	 94.013365	 93.976096	 93.939393	 93.903254	 93.867677	  93.83266	   93.7982	 93.764295	  93.73094	 93.698134	 93.665873	 93.634154	 93.602973	 93.572327	 93.542212	 93.512624	  93.48356	 93.455014	 93.426984	 93.399465	 93.372452	 93.345941	 93.319927	 93.294407	 93.269374	 93.244825	 93.220755	 93.197158	 93.174029	 93.151365	 93.129158	 93.107405	 93.086101	 93.065239	 93.044815	 93.024823	 93.005258	 92.986115	 92.967389	 92.949073	 92.931163	 92.913652	 92.896537	  92.87981	 92.863467	 92.847503	 92.831911	 92.816687	 92.801825	 92.787319	 92.773165	 92.759357	 92.745889	 92.732757	 92.719955	 92.707477	 92.695319	 92.683476	 92.671942	 92.660713	 92.649782	 92.639147	   92.6288	 92.618738	 92.608956	  92.59945	 92.590213	 92.581242	 92.572533	  92.56408	  92.55588	 92.547928	 92.540219	 92.532751	 92.525517	 92.518515	 92.511741	  92.50519	  92.49886	 92.492745	 92.486843	  92.48115	 92.475662	 92.470377	 92.465291	   92.4604	 92.455703	 92.451195	 92.446874	 92.442737	 92.438782	 92.435005	 92.431404	 92.427978	 92.424723	 92.421638	  92.41872	 92.415967	 92.413378	  92.41095	 92.408682	 92.406573	  92.40462	 92.402823	 92.401181	 92.399691	 92.398353	 92.397167	  92.39613	 92.395243	 92.394505	 92.393915	 92.393473	 92.393179	 92.393031	
        99	 98.919702	 98.839418	 98.759163	 98.678951	 98.598796	 98.518711	 98.438713	 98.358814	 98.279028	  98.19937	 98.119854	 98.040493	 97.961301	 97.882292	  97.80348	 97.724877	 97.646498	 97.568356	 97.490463	 97.412833	 97.335479	 97.258413	 97.181648	 97.105196	  97.02907	 96.953282	 96.877843	 96.802766	 96.728061	 96.653741	 96.579817	 96.506298	 96.433198	 96.360524	 96.288289	 96.216503	 96.145174	 96.074313	  96.00393	 95.934033	 95.864632	 95.795734	  95.72735	 95.659487	 95.592152	 95.525355	 95.459101	   95.3934	 95.328256	 95.263678	 95.199672	 95.136244	   95.0734	 95.011146	 94.949486	 94.888427	 94.827973	 94.768129	 94.708899	 94.650288	 94.592299	 94.534936	 94.478202	   94.4221	 94.366634	 94.311805	 94.257616	  94.20407	 94.151167	  94.09891	   94.0473	 93.996338	 93.946024	  93.89636	 93.847346	 93.798981	 93.751267	 93.704201	 93.657785	 93.612017	 93.566896	 93.522421	 93.478591	 93.435403	 93.392857	  93.35095	  93.30968	 93.269044	 93.229041	 93.189666	 93.150918	 93.112794	 93.075289	 93.038401	 93.002125	 92.966459	 92.931398	 92.896939	 92.863076	 92.829807	 92.797126	 92.765028	  92.73351	 92.702566	 92.672192	 92.642382	 92.613132	 92.584436	 92.556288	 92.528684	 92.501619	 92.475085	 92.449079	 92.423594	 92.398625	 92.374165	 92.350209	 92.326752	 92.303786	 92.281307	 92.259307	 92.237782	 92.216725	  92.19613	 92.175991	 92.156302	 92.137057	 92.118249	 92.099872	 92.081921	  92.06439	 92.047271	  92.03056	 92.014249	 91.998334	 91.982807	 91.967664	 91.952897	 91.938502	 91.924472	 91.910801	 91.897484	 91.884515	 91.871888	 91.859598	 91.847639	 91.836005	 91.824691	 91.813692	 91.803002	 91.792616	 91.782529	 91.772736	 91.763232	 91.754011	 91.745069	 91.736402	 91.728003	  91.71987	 91.711997	  91.70438	 91.697014	 91.689895	  91.68302	 91.676383	 91.669982	 91.663811	 91.657868	 91.652149	  91.64665	 91.641368	 91.636299	 91.631441	 91.626789	 91.622341	 91.618095	 91.614046	 91.610194	 91.606534	 91.603064	 91.599783	 91.596688	 91.593776	 91.591047	 91.588497	 91.586125	 91.583929	 91.581909	 91.580062	 91.578387	 91.576883	 91.575548	 91.574383	 91.573385	 91.572555	 91.571892	 91.571395	 91.571064	 91.570898	
        99	  98.91083	 98.821676	 98.732554	 98.643479	 98.554468	 98.465535	 98.376698	 98.287971	  98.19937	 98.110911	 98.022609	  97.93448	 97.846539	   97.7588	  97.67128	 97.583993	 97.496954	 97.410178	 97.323679	 97.237472	 97.151571	  97.06599	 96.980744	 96.895845	 96.811308	 96.727146	 96.643372	     96.56	 96.477042	  96.39451	 96.312418	 96.230777	   96.1496	 96.068897	 95.988681	 95.908963	 95.829753	 95.751063	 95.672904	 95.595284	 95.518215	 95.441705	 95.365765	 95.290404	  95.21563	 95.141452	 95.067879	 94.994918	 94.922577	 94.850864	 94.779786	  94.70935	 94.639562	 94.570429	 94.501958	 94.434152	 94.367019	 94.300563	 94.234789	 94.169702	 94.105306	 94.041605	 93.978603	 93.916303	 93.854708	 93.793821	 93.733645	 93.674183	 93.615435	 93.557404	 93.500092	 93.443499	 93.387626	 93.332475	 93.278045	 93.224337	  93.17135	 93.119085	 93.067541	 93.016716	 92.966609	 92.917221	 92.868547	 92.820588	 92.773341	 92.726804	 92.680974	 92.635849	 92.591425	 92.547701	 92.504672	 92.462335	 92.420686	 92.379722	 92.339439	 92.299832	 92.260897	 92.222631	 92.185027	 92.148082	  92.11179	 92.076146	 92.041145	 92.006783	 91.973052	 91.939949	 91.907467	   91.8756	 91.844343	 91.813689	 91.783633	 91.754168	 91.725288	 91.696988	 91.669259	 91.642097	 91.615495	 91.589445	 91.563942	 91.538979	 91.514549	 91.490646	 91.467263	 91.444392	 91.422028	 91.400164	 91.378792	 91.357906	 91.337499	 91.317565	 91.298096	 91.279086	 91.260528	 91.242415	 91.224741	 91.207499	 91.190683	 91.174285	 91.158299	 91.142719	 91.127538	  91.11275	 91.098348	 91.084326	 91.070677	 91.057397	 91.044477	 91.031914	 91.019699	 91.007828	 90.996295	 90.985093	 90.974218	 90.963664	 90.953424	 90.943495	 90.933869	 90.924543	 90.915511	 90.906768	 90.898309	  90.89013	 90.882225	 90.874589	  90.86722	 90.860111	 90.853259	 90.846659	 90.840308	 90.834202	 90.828336	 90.822707	 90.817312	 90.812146	 90.807207	 90.802491	 90.797995	 90.793717	 90.789653	   90.7858	 90.782156	 90.778719	 90.775486	 90.772455	 90.769623	 90.766989	 90.764551	 90.762307	 90.760256	 90.758396	 90.756726	 90.755244	  90.75395	 90.752842	  90.75192	 90.751184	 90.750632	 90.750264	  90.75008	
        99	 98.901974	 98.803966	 98.705992	  98.60807	 98.510219	 98.412454	 98.314793	 98.217254	 98.119854	 98.022609	 97.925538	 97.828655	  97.73198	 97.635528	 97.539315	 97.443359	 97.347676	 97.252281	 97.157191	 97.062422	  96.96799	  96.87391	 96.780196	 96.686866	 96.593933	 96.501412	 96.409318	 96.317666	 96.226468	  96.13574	 96.045495	 95.955745	 95.866505	 95.777788	 95.689605	 95.601969	 95.514893	 95.428388	 95.342465	 95.257137	 95.172413	 95.088305	 95.004823	 94.921977	 94.839776	 94.758231	 94.677351	 94.597144	 94.517618	 94.438783	 94.360646	 94.283214	 94.206495	 94.130497	 94.055224	 93.980685	 93.906884	 93.833828	 93.761521	  93.68997	 93.619178	 93.549151	 93.479891	 93.411403	 93.343691	 93.276758	 93.210605	 93.145237	 93.080655	  93.01686	 92.953856	 92.891642	 92.830221	 92.769592	 92.709756	 92.650714	 92.592465	 92.535009	 92.478345	 92.422472	 92.367389	 92.313095	 92.259588	 92.206866	 92.154926	 92.103767	 92.053386	 92.003779	 91.954943	 91.906876	 91.859573	 91.813031	 91.767246	 91.722214	  91.67793	  91.63439	 91.591588	 91.549521	 91.508182	 91.467568	 91.427671	 91.388487	 91.350011	 91.312235	 91.275155	 91.238764	 91.203056	 91.168024	 91.133662	 91.099964	 91.066923	 91.034532	 91.002784	 90.971672	  90.94119	  90.91133	 90.882086	 90.853449	 90.825413	 90.797971	 90.771115	 90.744837	 90.719132	  90.69399	 90.669404	 90.645368	 90.621874	 90.598914	  90.57648	 90.554566	 90.533164	 90.512266	 90.491865	 90.471953	 90.452524	 90.433569	 90.415083	 90.397056	 90.379483	 90.362355	 90.345666	 90.329409	 90.313577	 90.298162	 90.283158	 90.268559	 90.254356	 90.240545	 90.227117	 90.214067	 90.201389	 90.189075	 90.177119	 90.165517	  90.15426	 90.143344	 90.132763	 90.122511	 90.112582	  90.10297	 90.093671	 90.084679	 90.075989	 90.067596	 90.059494	 90.051679	 90.044147	 90.036892	  90.02991	 90.023197	 90.016748	 90.010561	 90.004629	 89.998951	 89.993521	 89.988337	 89.983395	 89.978691	 89.974223	 89.969988	 89.965982	 89.962204	  89.95865	 89.955317	 89.952204	 89.949309	 89.946629	 89.944162	 89.941907	 89.939862	 89.938026	 89.936397	 89.934974	 89.933757	 89.932743	 89.931934	 89.931327	 89.930923	  89.93072	
        99	 98.893135	 98.786289	 98.679482	 98.572731	 98.466056	 98.359476	  98.25301	 98.146676	 98.040493	  97.93448	 97.828655	 97.723038	 97.617645	 97.512496	 97.407608	    97.303	 97.198689	 97.094693	 96.991029	 96.887715	 96.784768	 96.682204	 96.580041	 96.478295	 96.376983	  96.27612	 96.175722	 96.075805	 95.976385	 95.877476	 95.779093	 95.681251	 95.583965	 95.487248	 95.391113	 95.295576	 95.200648	 95.106343	 95.012673	  94.91965	 94.827287	 94.735595	 94.644586	  94.55427	 94.464658	  94.37576	 94.287586	 94.200147	 94.113451	 94.027507	 93.942325	 93.857911	 93.774275	 93.691423	 93.609364	 93.528103	 93.447648	 93.368005	 93.289179	 93.211175	 93.134001	 93.057659	 92.982154	 92.907491	 92.833673	 92.760705	 92.688587	 92.617325	 92.546919	 92.477373	 92.408687	 92.340864	 92.273904	 92.207809	 92.142578	 92.078212	  92.01471	 91.952074	   91.8903	  91.82939	  91.76934	 91.710151	 91.651819	 91.594343	  91.53772	 91.481948	 91.427024	 91.372944	 91.319705	 91.267303	 91.215736	 91.164997	 91.115084	 91.065991	 91.017714	 90.970248	 90.923587	 90.877726	  90.83266	 90.788384	  90.74489	 90.702173	 90.660227	 90.619045	 90.578622	 90.538949	 90.500021	 90.461831	 90.424371	 90.387634	 90.351613	 90.316302	 90.281691	 90.247774	 90.214544	 90.181991	  90.15011	 90.118891	 90.088327	 90.058411	 90.029133	 90.000486	 89.972463	 89.945054	 89.918252	 89.892048	 89.866435	 89.841405	 89.816949	 89.793058	 89.769726	 89.746944	 89.724703	 89.702997	 89.681815	 89.661152	 89.640998	 89.621346	 89.602188	 89.583516	 89.565323	   89.5476	  89.53034	 89.513535	 89.497179	 89.481263	  89.46578	 89.450723	 89.436084	 89.421858	 89.408036	 89.394612	 89.381578	 89.368929	 89.356658	 89.344758	 89.333223	 89.322046	 89.311221	 89.300743	 89.290606	 89.280803	 89.271329	 89.262179	 89.253347	 89.244827	 89.236616	 89.228706	 89.221095	 89.213777	 89.206747	 89.200001	 89.193535	 89.187344	 89.181425	 89.175774	 89.170386	 89.165258	 89.160388	  89.15577	 89.151404	 89.147284	 89.143409	 89.139777	 89.136383	 89.133226	 89.130305	 89.127616	 89.125157	 89.122928	 89.120926	  89.11915	 89.117599	 89.116272	 89.115167	 89.114285	 89.113623	 89.113182	 89.112962	
        99	 98.884315	 98.768651	 98.653028	 98.537467	 98.421988	 98.306611	 98.191358	 98.076248	 97.961301	 97.846539	  97.73198	 97.617645	 97.503554	 97.389727	 97.276182	  97.16294	  97.05002	 96.937441	 96.825221	  96.71338	 96.601936	 96.490908	 96.380313	  96.27017	 96.160495	 96.051308	 95.942624	  95.83446	 95.726834	 95.619762	 95.513259	 95.407342	 95.302026	 95.197327	 95.093258	 94.989836	 94.887073	 94.784984	 94.683584	 94.582884	 94.482897	 94.383638	 94.285117	 94.187347	 94.090338	 93.994104	 93.898653	 93.803997	 93.710146	 93.617109	 93.524895	 93.433515	 93.342976	 93.253286	 93.164454	 93.076487	 92.989391	 92.903174	 92.817843	 92.733402	 92.649857	 92.567215	 92.485478	 92.404653	 92.324743	 92.245752	 92.167682	 92.090538	 92.014322	 91.939036	 91.864681	  91.79126	 91.718774	 91.647223	 91.576608	  91.50693	 91.438188	 91.370381	  91.30351	 91.237572	 91.172567	 91.108492	 91.045346	 90.983126	  90.92183	 90.861455	 90.801997	 90.743454	 90.685821	 90.629094	 90.573271	 90.518344	 90.464312	 90.411167	 90.358905	 90.307521	  90.25701	 90.207364	 90.158579	 90.110647	 90.063564	 90.017322	 89.971914	 89.927333	 89.883573	 89.840626	 89.798485	 89.757143	 89.716591	 89.676822	 89.637829	 89.599603	 89.562136	  89.52542	 89.489446	 89.454208	 89.419695	 89.385899	 89.352813	 89.320427	 89.288733	 89.257722	 89.227386	 89.197715	   89.1687	 89.140334	 89.112607	 89.085511	 89.059036	 89.033174	 89.007917	 88.983254	 88.959178	 88.935679	  88.91275	 88.890381	 88.868564	  88.84729	 88.826551	 88.806338	 88.786643	 88.767457	 88.748773	 88.730581	 88.712875	 88.695645	 88.678884	 88.662584	 88.646738	 88.631337	 88.616374	 88.601842	 88.587733	  88.57404	 88.560756	 88.547874	 88.535386	 88.523287	 88.511569	 88.500227	 88.489253	 88.478641	 88.468385	 88.458479	 88.448918	 88.439696	 88.430806	 88.422244	 88.414005	 88.406083	 88.398473	  88.39117	  88.38417	 88.377468	 88.371061	 88.364943	  88.35911	  88.35356	 88.348287	 88.343289	 88.338561	 88.334102	 88.329907	 88.325975	 88.322301	 88.318884	 88.315721	  88.31281	 88.310149	 88.307735	 88.305569	 88.303646	 88.301967	  88.30053	 88.299334	 88.298379	 88.297663	 88.297186	 88.296947	
        99	 98.875516	 98.751054	 98.626636	 98.502284	 98.378021	 98.253868	 98.129848	 98.005982	 97.882292	   97.7588	 97.635528	 97.512496	 97.389727	 97.267241	 97.145059	 97.023204	 96.901694	 96.780551	 96.659796	 96.539448	 96.419527	 96.300053	 96.181046	 96.062524	 95.944508	 95.827015	 95.710063	 95.593673	  95.47786	 95.362643	 95.248039	 95.134066	 95.020739	 94.908075	 94.796091	 94.684801	 94.574222	 94.464368	 94.355254	 94.246894	 94.139303	 94.032493	 93.926478	 93.821271	 93.716884	 93.613329	 93.510618	 93.408762	 93.307771	 93.207658	  93.10843	 93.010099	 92.912673	 92.816161	 92.720572	 92.625913	 92.532193	 92.439418	 92.347595	 92.256731	 92.166832	 92.077903	  91.98995	 91.902976	 91.816988	 91.731988	  91.64798	 91.564968	 91.482954	 91.401941	 91.321931	 91.242925	 91.164925	 91.087932	 91.011946	 90.936968	 90.862997	 90.790032	 90.718074	 90.647121	 90.577171	 90.508222	 90.440273	  90.37332	 90.307362	 90.242394	 90.178414	 90.115417	 90.053401	 89.992359	 89.932289	 89.873185	 89.815042	 89.757855	 89.701618	 89.646326	 89.591972	  89.53855	 89.486054	 89.434477	 89.383812	 89.334052	  89.28519	 89.237218	  89.19013	 89.143916	  89.09857	 89.054082	 89.010446	 88.967653	 88.925693	 88.884559	 88.844242	 88.804733	 88.766024	 88.728104	 88.690966	   88.6546	 88.618997	 88.584148	 88.550043	 88.516673	 88.484029	 88.452101	  88.42088	 88.390356	  88.36052	 88.331363	 88.302874	 88.275045	 88.247866	 88.221327	  88.19542	 88.170134	 88.145461	  88.12139	 88.097914	 88.075022	 88.052705	 88.030954	 88.009761	 87.989116	  87.96901	 87.949435	 87.930382	 87.911841	 87.893806	 87.876266	 87.859214	 87.842642	 87.826541	 87.810904	 87.795721	 87.780987	 87.766692	  87.75283	 87.739393	 87.726373	 87.713764	 87.701559	  87.68975	 87.678331	 87.667295	 87.656636	 87.646347	 87.636423	 87.626858	 87.617645	 87.608778	 87.600253	 87.592065	 87.584206	 87.576674	 87.569463	 87.562568	 87.555984	 87.549708	 87.543735	 87.538061	 87.532683	 87.527596	 87.522798	 87.518284	 87.514052	 87.510099	 87.506422	 87.503018	 87.499886	 87.497022	 87.494426	 87.492094	 87.490025	 87.488219	 87.486672	 87.485386	 87.484357	 87.483587	 87.483073	 87.482817	
        99	 98.866738	   98.7335	 98.600309	 98.467189	 98.334164	 98.201257	 98.068491	 97.935891	  97.80348	  97.67128	 97.539315	 97.407608	 97.276182	 97.145059	 97.014263	 96.883815	 96.753737	 96.624052	 96.494782	 96.365948	 96.237571	 96.109673	 95.982274	 95.855395	 95.729057	 95.603279	 95.478082	 95.353484	 95.229505	 95.106164	 94.983479	 94.861469	 94.740151	 94.619543	 94.499662	 94.380526	 94.262149	 94.144549	 94.027741	 93.911741	 93.796563	 93.682221	 93.568731	 93.456105	 93.344358	 93.233501	 93.123547	 93.014509	 92.906398	 92.799225	 92.693001	 92.587736	  92.48344	 92.380123	 92.277793	  92.17646	 92.076131	 91.976814	 91.878517	 91.781246	 91.685008	 91.589808	 91.495653	 91.402547	 91.310495	 91.219502	 91.129571	 91.040705	 90.952908	 90.866183	 90.780531	 90.695954	 90.612454	 90.530032	 90.448688	 90.368423	 90.289236	 90.211127	 90.134094	 90.058138	 89.983255	 89.909445	 89.836704	 89.765031	 89.694421	 89.624873	 89.556381	 89.488943	 89.422553	 89.357208	 89.292902	  89.22963	 89.167387	 89.106168	 89.045965	 88.986774	 88.928588	 88.871399	 88.815201	 88.759987	  88.70575	 88.652481	 88.600174	  88.54882	 88.498411	 88.448938	 88.400395	  88.35277	 88.306057	 88.260246	 88.215328	 88.171294	 88.128134	 88.085839	   88.0444	 88.003807	  87.96405	  87.92512	 87.887006	   87.8497	  87.81319	 87.777467	 87.742521	 87.708342	 87.674919	 87.642243	 87.610303	  87.57909	 87.548593	 87.518801	 87.489706	 87.461296	 87.433561	 87.406493	 87.380079	 87.354312	  87.32918	 87.304673	 87.280783	 87.257499	 87.234811	  87.21271	 87.191187	 87.170232	 87.149835	 87.129987	  87.11068	 87.091903	 87.073649	 87.055908	 87.038672	 87.021932	 87.005679	 86.989906	 86.974603	 86.959763	 86.945379	 86.931441	 86.917943	 86.904877	 86.892235	 86.880011	 86.868197	 86.856786	 86.845772	 86.835149	 86.824908	 86.815046	 86.805554	 86.796428	 86.787662	  86.77925	 86.771186	 86.763466	 86.756085	 86.749037	 86.742319	 86.735925	 86.729851	 86.724093	 86.718648	 86.713511	 86.708679	 86.704149	 86.699917	  86.69598	 86.692337	 86.688984	 86.685918	 86.683138	 86.680642	 86.678428	 86.676493	 86.674838	 86.673461	  86.67236	 86.671535	 86.670985	 86.670711	
        99	 98.857984	 98.715993	 98.574052	 98.432187	 98.290423	 98.148785	 98.007298	 97.865987	 97.724877	 97.583993	 97.443359	    97.303	  97.16294	 97.023204	 96.883815	 96.744797	 96.606174	  96.46797	 96.330208	  96.19291	   96.0561	   95.9198	 95.784032	 95.648818	  95.51418	  95.38014	 95.246718	 95.113935	 94.981811	 94.850368	 94.719624	 94.589598	 94.460311	  94.33178	 94.204024	 94.077061	 93.950908	 93.825582	 93.701101	  93.57748	 93.454736	 93.332883	 93.211937	 93.091913	 92.972824	 92.854685	 92.737508	 92.621307	 92.506094	  92.39188	 92.278678	 92.166498	  92.05535	 91.945246	 91.836194	 91.728204	 91.621284	 91.515443	 91.410689	 91.307028	 91.204467	 91.103014	 91.002673	 90.903451	 90.805352	 90.708381	 90.612542	 90.517839	 90.424274	 90.331852	 90.240573	  90.15044	 90.061455	 89.973618	 89.886931	 89.801392	 89.717003	 89.633763	  89.55167	 89.470724	 89.390923	 89.312263	 89.234744	 89.158362	 89.083114	 89.008997	 88.936006	 88.864137	 88.793386	 88.723748	 88.655218	  88.58779	 88.521458	 88.456217	  88.39206	  88.32898	 88.266971	 88.206025	 88.146136	 88.087294	 88.029494	 87.972726	 87.916983	 87.862255	 87.808534	 87.755812	 87.704079	 87.653327	 87.603545	 87.554724	 87.506855	 87.459928	 87.413933	  87.36886	 87.324698	 87.281439	  87.23907	 87.197583	 87.156965	 87.117208	   87.0783	  87.04023	 87.002989	 86.966564	 86.930946	 86.896123	 86.862085	 86.828821	 86.796321	 86.764572	 86.733565	 86.703289	 86.673733	 86.644886	 86.616737	 86.589277	 86.562494	 86.536378	 86.510918	 86.486104	 86.461926	 86.438373	 86.415436	 86.393104	 86.371367	 86.350216	  86.32964	  86.30963	 86.290177	  86.27127	 86.252902	 86.235062	 86.217742	 86.200932	 86.184624	  86.16881	  86.15348	 86.138627	 86.124242	 86.110317	 86.096845	 86.083818	 86.071228	 86.059068	  86.04733	 86.036008	 86.025096	 86.014585	  86.00447	 85.994744	 85.985402	 85.976437	 85.967844	 85.959617	 85.951751	  85.94424	  85.93708	 85.930266	 85.923793	 85.917658	 85.911854	  85.90638	 85.901231	 85.896403	 85.891893	 85.887698	 85.883815	 85.880242	 85.876975	 85.874012	 85.871352	 85.868992	 85.866931	 85.865167	 85.863699	 85.862526	 85.861647	 85.861061	 85.860768	
        99	 98.849254	 98.698535	  98.54787	 98.397285	 98.246807	 98.096463	 97.946279	 97.796282	 97.646498	 97.496954	 97.347676	 97.198689	  97.05002	 96.901694	 96.753737	 96.606174	 96.459031	 96.312332	 96.166101	 96.020364	 95.875145	 95.730466	 95.586353	 95.442828	 95.299914	 95.157635	 95.016011	 94.875067	 94.734822	 94.595299	 94.456518	   94.3185	 94.181266	 94.044834	 93.909225	 93.774458	 93.640551	 93.507522	 93.375389	 93.244169	  93.11388	 92.984537	 92.856157	 92.728755	 92.602346	 92.476945	 92.352566	 92.229222	 92.106927	 91.985693	 91.865532	 91.746457	 91.628477	 91.511605	  91.39585	 91.281222	  91.16773	 91.055383	  90.94419	 90.834157	 90.725292	 90.617603	 90.511094	 90.405773	 90.301644	 90.198713	 90.096983	 89.996458	 89.897143	 89.799039	 89.702149	 89.606476	 89.512021	 89.418785	 89.326769	 89.235973	 89.146397	  89.05804	 88.970902	  88.88498	 88.800273	 88.716779	 88.634494	 88.553417	 88.473544	 88.394871	 88.317393	 88.241107	 88.166007	 88.092088	 88.019346	 87.947773	 87.877364	 87.808113	 87.740012	 87.673055	 87.607234	 87.542542	 87.478971	 87.416513	  87.35516	 87.294903	 87.235733	 87.177641	 87.120619	 87.064656	 87.009743	 86.955871	 86.903029	 86.851207	 86.800396	 86.750584	 86.701762	 86.653918	 86.607042	 86.561123	 86.516151	 86.472113	 86.428999	 86.386798	 86.345498	 86.305088	 86.265557	 86.226894	 86.189086	 86.152123	 86.115993	 86.080685	 86.046186	 86.012486	 85.979573	 85.947436	 85.916063	 85.885443	 85.855564	 85.826416	 85.797986	 85.770265	  85.74324	 85.716901	 85.691237	 85.666236	 85.641889	 85.618184	 85.595111	  85.57266	 85.550819	  85.52958	 85.508931	 85.488862	 85.469365	 85.450428	 85.432043	   85.4142	  85.39689	 85.380103	 85.363831	 85.348065	 85.332796	 85.318015	 85.303715	 85.289887	 85.276523	 85.263616	 85.251157	 85.239139	 85.227555	 85.216399	 85.205662	 85.195339	 85.185422	 85.175906	 85.166785	 85.158052	 85.149703	  85.14173	  85.13413	 85.126897	 85.120027	 85.113513	 85.107354	 85.101543	 85.096077	 85.090952	 85.086165	 85.081712	 85.077591	 85.073797	  85.07033	 85.067185	 85.064361	 85.061856	 85.059669	 85.057796	 85.056238	 85.054993	  85.05406	 85.053438	 85.053127	
