Time step 10:
        99	        99	        99	        99	        99	        99	        99	        99	        99	        99	        99	        99	        99	        99	        99	        99	        99	        99	        99	        99	        99	        99	        99	        99	        99	        99	        99	        99	        99	        99	        99	        99	        99	        99	        99	        99	        99	        99	        99	        99	        99	        99	        99	        99	        99	        99	        99	        99	        99	        99	        99	        99	        99	        99	        99	        99	        99	        99	        99	        99	        99	        99	        99	        99	        99	        99	        99	        99	        99	        99	        99	        99	        99	        99	        99	        99	        99	        99	        99	        99	        99	        99	        99	        99	        99	        99	        99	        99	        99	        99	        99	        99	        99	        99	        99	        99	        99	        99	        99	        99	        99	        99	        99	        99	        99	        99	        99	        99	        99	        99	        99	        99	        99	        99	        99	        99	        99	        99	        99	        99	        99	        99	        99	        99	        99	        99	        99	        99	        99	        99	        99	        99	        99	        99	        99	        99	        99	        99	        99	        99	        99	        99	        99	        99	        99	        99	        99	        99	        99	        99	        99	        99	        99	        99	        99	        99	        99	        99	        99	        99	        99	        99	        99	        99	        99	        99	        99	        99	        99	        99	        99	        99	        99	        99	        99	        99	        99	        99	        99	        99	        99	        99	        99	        99	        99	        99	        99	        99	        99	        99	        99	        99	        99	        99	        99	        99	        99	        99	        99	        99	
        99	 98.936522	 98.873124	 98.809885	 98.746886	 98.684205	 98.621917	 98.560101	 98.498828	 98.438171	   98.3782	 98.318981	 98.260579	 98.203056	  98.14647	 98.090875	 98.036323	 97.982863	 97.930538	 97.879389	 97.829452	 97.780761	 97.733345	 97.687227	  97.64243	  97.59897	 97.556861	 97.516111	 97.476728	 97.438712	 97.402064	 97.366777	 97.332846	 97.300257	 97.268999	 97.239054	 97.210404	 97.183027	 97.156899	 97.131995	 97.108287	 97.085747	 97.064344	 97.044046	 97.024821	 97.006634	 96.989451	 96.973238	 96.957959	 96.943578	 96.930059	 96.917367	 96.905467	 96.894322	 96.883898	 96.874161	 96.865077	 96.856613	 96.848736	 96.841415	 96.834619	 96.828319	 96.822486	 96.817091	 96.812109	 96.807513	 96.803279	 96.799383	 96.795803	 96.792517	 96.789505	 96.786748	 96.784226	 96.781924	 96.779824	 96.777912	 96.776171	  96.77459	 96.773156	 96.771855	 96.770678	 96.769614	 96.768653	 96.767787	 96.767006	 96.766305	 96.765674	 96.765108	 96.764601	 96.764147	 96.763741	 96.763379	 96.763056	 96.762769	 96.762513	 96.762286	 96.762084	 96.761906	 96.761748	 96.761608	 96.761484	 96.761376	  96.76128	 96.761196	 96.761122	 96.761057	    96.761	  96.76095	 96.760907	 96.760869	 96.760836	 96.760807	 96.760782	  96.76076	 96.760741	 96.760725	 96.760711	 96.760699	 96.760688	 96.760679	 96.760671	 96.760665	 96.760659	 96.760654	  96.76065	 96.760646	 96.760643	  96.76064	 96.760638	 96.760636	 96.760634	 96.760633	 96.760632	 96.760631	  96.76063	 96.760629	 96.760629	 96.760628	 96.760628	 96.760627	 96.760627	 96.760627	 96.760627	 96.760626	 96.760626	 96.760626	 96.760626	 96.760626	 96.760626	 96.760626	 96.760626	 96.760626	 96.760626	 96.760626	 96.760626	 96.760626	 96.760626	 96.760626	 96.760626	 96.760626	 96.760626	 96.760626	 96.760626	 96.760626	 96.760626	 96.760626	 96.760626	 96.760626	 96.760626	 96.760626	 96.760626	 96.760626	 96.760626	 96.760626	 96.760626	 96.760626	 96.760626	 96.760626	 96.760626	 96.760626	 96.760626	 96.760626	 96.760626	 96.760626	 96.760626	 96.760626	 96.760626	 96.760626	 96.760626	 96.760626	 96.760626	 96.760626	 96.760626	 96.760626	 96.760626	 96.760626	 96.760626	 96.760626	 96.760626	 96.760626	
        99	 98.873124	 98.746407	 98.620011	 98.494092	 98.368808	 98.244312	 98.120756	 97.998288	 97.877051	 97.757184	 97.638822	 97.522092	 97.407118	 97.294017	 97.182897	 97.073862	 96.967009	 96.862425	 96.760192	 96.660382	 96.563062	 96.468288	 96.376112	 96.286574	 96.199709	 96.115543	 96.034095	 95.955378	 95.879395	 95.806144	 95.735616	 95.667795	  95.60266	 95.540183	 95.480331	 95.423067	 95.368347	 95.316124	 95.266347	 95.218962	 95.173911	 95.131131	 95.090561	 95.052134	 95.015784	 94.981441	 94.949035	 94.918495	 94.889751	 94.862731	 94.837363	 94.813577	 94.791301	 94.770467	 94.751006	 94.732849	 94.715931	 94.700187	 94.685554	 94.671972	 94.659379	 94.647719	 94.636937	 94.626979	 94.617792	  94.60933	 94.601543	 94.594387	  94.58782	   94.5818	 94.576289	 94.571249	 94.566648	 94.562451	 94.558628	  94.55515	  94.55199	 94.549122	 94.546523	  94.54417	 94.542043	 94.540123	 94.538391	 94.536831	 94.535428	 94.534168	 94.533037	 94.532023	 94.531116	 94.530305	 94.529582	 94.528936	 94.528361	  94.52785	 94.527396	 94.526993	 94.526636	  94.52632	 94.526041	 94.525794	 94.525577	 94.525386	 94.525217	  94.52507	  94.52494	 94.524826	 94.524727	  94.52464	 94.524564	 94.524498	  94.52444	  94.52439	 94.524347	 94.524309	 94.524277	 94.524248	 94.524224	 94.524203	 94.524185	 94.524169	 94.524156	 94.524144	 94.524134	 94.524126	 94.524118	 94.524112	 94.524107	 94.524102	 94.524098	 94.524095	 94.524092	  94.52409	 94.524088	 94.524086	 94.524085	 94.524084	 94.524083	 94.524082	 94.524081	 94.524081	  94.52408	  94.52408	 94.524079	 94.524079	 94.524079	 94.524079	 94.524078	 94.524078	 94.524078	 94.524078	 94.524078	 94.524078	 94.524078	 94.524078	 94.524078	 94.524078	 94.524078	 94.524078	 94.524078	 94.524078	 94.524078	 94.524078	 94.524078	 94.524078	 94.524078	 94.524078	 94.524078	 94.524078	 94.524078	 94.524078	 94.524078	 94.524078	 94.524078	 94.524078	 94.524078	 94.524078	 94.524078	 94.524078	 94.524078	 94.524078	 94.524078	 94.524078	 94.524078	 94.524078	 94.524078	 94.524078	 94.524078	 94.524078	 94.524078	 94.524078	 94.524078	 94.524078	 94.524078	 94.524078	 94.524078	 94.524078	 94.524078	 94.524078	 94.524078	
        99	 98.809885	 98.620011	 98.430615	 98.241935	 98.054207	 97.867659	 97.682521	 97.499011	 97.317347	 97.137736	 96.960378	 96.785468	 96.613188	 96.443714	  96.27721	  96.11383	 95.953718	 95.797007	 95.643818	 95.494261	 95.348434	 95.206423	 95.068304	 94.934138	 94.803977	 94.677861	 94.555818	 94.437866	 94.324012	 94.214251	  94.10857	 94.006946	 93.909346	 93.815729	 93.726045	 93.640239	 93.558245	 93.479993	 93.405406	 93.334403	 93.266897	 93.202795	 93.142004	 93.084425	 93.029956	 92.978495	 92.929938	 92.884177	 92.841106	 92.800618	 92.762606	 92.726964	 92.693586	 92.662368	 92.633206	    92.606	 92.580649	 92.557059	 92.535133	  92.51478	 92.495911	  92.47844	 92.462283	 92.447361	 92.433596	 92.420916	 92.409248	 92.398526	 92.388685	 92.379664	 92.371406	 92.363855	  92.35696	 92.350671	 92.344943	 92.339731	 92.334996	 92.330699	 92.326804	 92.323279	 92.320092	 92.317215	  92.31462	 92.312282	  92.31018	 92.308291	 92.306597	 92.305078	 92.303719	 92.302504	 92.301419	 92.300452	 92.299591	 92.298825	 92.298144	  92.29754	 92.297005	 92.296532	 92.296114	 92.295744	 92.295419	 92.295132	  92.29488	 92.294658	 92.294464	 92.294294	 92.294145	 92.294015	 92.293901	 92.293802	 92.293716	 92.293641	 92.293575	 92.293519	  92.29347	 92.293428	 92.293391	 92.293359	 92.293332	 92.293309	 92.293289	 92.293271	 92.293257	 92.293244	 92.293233	 92.293224	 92.293216	 92.293209	 92.293203	 92.293198	 92.293194	 92.293191	 92.293188	 92.293185	 92.293183	 92.293181	  92.29318	 92.293178	 92.293177	 92.293176	 92.293176	 92.293175	 92.293174	 92.293174	 92.293174	 92.293173	 92.293173	 92.293173	 92.293173	 92.293173	 92.293172	 92.293172	 92.293172	 92.293172	 92.293172	 92.293172	 92.293172	 92.293172	 92.293172	 92.293172	 92.293172	 92.293172	 92.293172	 92.293172	 92.293172	 92.293172	 92.293172	 92.293172	 92.293172	 92.293172	 92.293172	 92.293172	 92.293172	 92.293172	 92.293172	 92.293172	 92.293172	 92.293172	 92.293172	 92.293172	 92.293172	 92.293172	 92.293172	 92.293172	 92.293172	 92.293172	 92.293172	 92.293172	 92.293172	 92.293172	 92.293172	 92.293172	 92.293172	 92.293172	 92.293172	 92.293172	 92.293172	 92.293172	 92.293172	
        99	 98.746886	 98.494092	 98.241935	 97.990732	 97.740795	 97.492431	 97.245942	 97.001623	 96.759759	 96.520629	 96.284501	 96.051629	 95.822261	 95.596627	 95.374947	 95.157428	 94.944259	 94.735618	 94.531666	  94.33255	   94.1384	  93.94933	 93.765441	 93.586816	 93.413524	 93.245616	 93.083132	 92.926093	  92.77451	 92.628378	 92.487677	 92.352377	 92.222435	 92.097795	 91.978393	 91.864152	 91.754988	 91.650805	 91.551503	 91.456971	 91.367095	 91.281752	 91.200816	 91.124156	 91.051638	 90.983125	 90.918476	 90.857551	 90.800208	 90.746303	 90.695696	 90.648243	 90.603804	 90.562241	 90.523415	 90.487193	 90.453443	 90.422035	 90.392843	 90.365746	 90.340624	 90.317363	 90.295853	 90.275986	  90.25766	 90.240777	 90.225243	 90.210968	 90.197866	 90.185856	 90.174862	 90.164809	 90.155629	 90.147256	 90.139629	 90.132691	 90.126386	 90.120665	  90.11548	 90.110787	 90.106544	 90.102712	 90.099258	 90.096146	 90.093347	 90.090832	 90.088576	 90.086554	 90.084745	 90.083127	 90.081683	 90.080395	 90.079248	 90.078229	 90.077323	 90.076519	 90.075807	 90.075176	 90.074619	 90.074128	 90.073694	 90.073312	 90.072976	 90.072682	 90.072423	 90.072196	 90.071998	 90.071825	 90.071673	 90.071541	 90.071427	 90.071327	  90.07124	 90.071165	   90.0711	 90.071043	 90.070995	 90.070953	 90.070916	 90.070885	 90.070858	 90.070835	 90.070815	 90.070798	 90.070784	 90.070772	 90.070761	 90.070752	 90.070744	 90.070738	 90.070732	 90.070728	 90.070724	  90.07072	 90.070717	 90.070715	 90.070713	 90.070711	  90.07071	 90.070709	 90.070708	 90.070707	 90.070706	 90.070706	 90.070705	 90.070705	 90.070704	 90.070704	 90.070704	 90.070704	 90.070703	 90.070703	 90.070703	 90.070703	 90.070703	 90.070703	 90.070703	 90.070703	 90.070703	 90.070703	 90.070703	 90.070703	 90.070703	 90.070703	 90.070703	 90.070703	 90.070703	 90.070703	 90.070703	 90.070703	 90.070703	 90.070703	 90.070703	 90.070703	 90.070703	 90.070703	 90.070703	 90.070703	 90.070703	 90.070703	 90.070703	 90.070703	 90.070703	 90.070703	 90.070703	 90.070703	 90.070703	 90.070703	 90.070703	 90.070703	 90.070703	 90.070703	 90.070703	 90.070703	 90.070703	 90.070703	 90.070703	 90.070703	 90.070703	
        99	 98.684205	 98.368808	 98.054207	 97.740795	 97.428963	 97.119094	 96.811564	  96.50674	 96.204981	 95.906633	 95.612028	 95.321489	 95.035319	 94.753808	 94.477232	 94.205845	 93.939887	 93.679578	 93.425119	 93.176693	 92.934463	 92.698572	 92.469144	 92.246284	 92.030077	 91.820588	 91.617866	 91.421938	 91.232817	 91.050496	 90.874951	 90.706145	 90.544024	 90.388519	 90.239548	 90.097016	 89.960818	 89.830835	 89.706942	    89.589	 89.476866	 89.370389	  89.26941	 89.173766	 89.083289	 88.997809	  88.91715	 88.841138	 88.769594	 88.702341	   88.6392	 88.579996	 88.524553	 88.472696	 88.424256	 88.379064	 88.336955	 88.297769	 88.261349	 88.227541	 88.196198	 88.167177	  88.14034	 88.115553	 88.092689	 88.071625	 88.052244	 88.034434	 88.018087	 88.003103	 87.989386	 87.976843	  87.96539	 87.954944	 87.945428	 87.936771	 87.928906	 87.921768	 87.915299	 87.909443	 87.904149	  87.89937	 87.895059	 87.891177	 87.887685	 87.884547	 87.881732	  87.87921	 87.876952	 87.874934	 87.873132	 87.871526	 87.870095	 87.868822	 87.867692	 87.866689	 87.865801	 87.865014	 87.864319	 87.863706	 87.863165	 87.862689	  87.86227	 87.861902	 87.861579	 87.861296	 87.861049	 87.860833	 87.860644	 87.860479	 87.860336	 87.860211	 87.860103	 87.860009	 87.859928	 87.859858	 87.859797	 87.859744	 87.859699	  87.85966	 87.859627	 87.859598	 87.859573	 87.859552	 87.859534	 87.859519	 87.859506	 87.859494	 87.859485	 87.859477	  87.85947	 87.859464	 87.859459	 87.859455	 87.859451	 87.859448	 87.859446	 87.859444	 87.859442	  87.85944	 87.859439	 87.859438	 87.859437	 87.859436	 87.859436	 87.859435	 87.859435	 87.859434	 87.859434	 87.859434	 87.859434	 87.859434	 87.859433	 87.859433	 87.859433	 87.859433	 87.859433	 87.859433	 87.859433	 87.859433	 87.859433	 87.859433	 87.859433	 87.859433	 87.859433	 87.859433	 87.859433	 87.859433	 87.859433	 87.859433	 87.859433	 87.859433	 87.859433	 87.859433	 87.859433	 87.859433	 87.859433	 87.859433	 87.859433	 87.859433	 87.859433	 87.859433	 87.859433	 87.859433	 87.859433	 87.859433	 87.859433	 87.859433	 87.859433	 87.859433	 87.859433	 87.859433	 87.859433	 87.859433	 87.859433	 87.859433	 87.859433	 87.859433	 87.859433	
        99	 98.621917	 98.244312	 97.867659	 97.492431	 97.119094	 96.748106	 96.379919	 96.014973	 95.653696	 95.296501	  94.94379	 94.595944	  94.25333	 93.916295	 93.585167	 93.260252	 92.941837	 92.630185	 92.325537	 92.028112	 91.738104	 91.455687	 91.181007	  90.91419	 90.655339	 90.404531	 90.161824	 89.927252	 89.700828	 89.482546	 89.272378	 89.070277	 88.876179	 88.690002	 88.511648	 88.341004	 88.177942	 88.022322	 87.873991	 87.732787	 87.598536	 87.471057	 87.350161	 87.235653	 87.127331	  87.02499	 86.928423	 86.837418	 86.751763	 86.671244	  86.59565	 86.524769	  86.45839	 86.396305	 86.338311	 86.284205	 86.233791	 86.186876	 86.143272	 86.102796	 86.065271	 86.030526	 85.998395	  85.96872	 85.941346	 85.916127	 85.892923	   85.8716	  85.85203	 85.834091	 85.817667	 85.802651	 85.788938	 85.776432	 85.765039	 85.754675	 85.745258	 85.736713	 85.728968	 85.721957	 85.715619	 85.709896	 85.704736	 85.700088	 85.695907	 85.692151	 85.688781	  85.68576	 85.683057	 85.680641	 85.678484	  85.67656	 85.674848	 85.673324	 85.671971	  85.67077	 85.669706	 85.668765	 85.667933	 85.667198	 85.666551	  85.66598	 85.665479	 85.665038	 85.664652	 85.664314	 85.664017	 85.663758	 85.663532	 85.663335	 85.663164	 85.663015	 85.662885	 85.662773	 85.662676	 85.662591	 85.662519	 85.662456	 85.662402	 85.662355	 85.662315	  85.66228	 85.662251	 85.662226	 85.662204	 85.662185	  85.66217	 85.662156	 85.662145	 85.662135	 85.662127	  85.66212	 85.662114	 85.662109	 85.662105	 85.662101	 85.662098	 85.662095	 85.662093	 85.662092	  85.66209	 85.662089	 85.662088	 85.662087	 85.662086	 85.662085	 85.662085	 85.662085	 85.662084	 85.662084	 85.662084	 85.662083	 85.662083	 85.662083	 85.662083	 85.662083	 85.662083	 85.662083	 85.662083	 85.662083	 85.662083	 85.662083	 85.662083	 85.662083	 85.662083	 85.662083	 85.662083	 85.662083	 85.662083	 85.662083	 85.662083	 85.662083	 85.662083	 85.662083	 85.662083	 85.662083	 85.662083	 85.662083	 85.662083	 85.662083	 85.662083	 85.662083	 85.662083	 85.662083	 85.662083	 85.662083	 85.662083	 85.662083	 85.662083	 85.662083	 85.662083	 85.662083	 85.662083	 85.662083	 85.662083	 85.662083	 85.662083	 85.662083	 85.662083	
        99	 98.560101	 98.120756	 97.682521	 97.245942	 96.811564	 96.379919	 95.951534	 95.526918	 95.106572	 94.690976	 94.280595	 93.875876	 93.477245	 93.085105	 92.699837	 92.321798	 91.951322	 91.588714	 91.234256	 90.888201	 90.550777	 90.222184	 89.902594	 89.592153	 89.290978	 88.999163	 88.716773	 88.443849	 88.180405	 87.926433	 87.681902	 87.446757	 87.220924	 87.004307	 86.796792	 86.598247	 86.408525	 86.227461	 86.054878	 85.890587	 85.734386	 85.586064	 85.445401	 85.312171	 85.186138	 85.067065	 84.954708	 84.848824	 84.749164	 84.655481	 84.567527	 84.485056	 84.407824	 84.335589	 84.268112	  84.20516	 84.146504	 84.091918	 84.041184	  83.99409	  83.95043	 83.910004	  83.87262	 83.838093	 83.806243	 83.776902	 83.749904	 83.725094	 83.702324	 83.681452	 83.662343	 83.644872	 83.628917	 83.614366	 83.601111	 83.589052	 83.578095	 83.568153	 83.559141	 83.550984	  83.54361	 83.536952	 83.530947	 83.525539	 83.520675	 83.516305	 83.512383	 83.508869	 83.505724	 83.502913	 83.500403	 83.498165	 83.496172	   83.4944	 83.492825	 83.491428	 83.490191	 83.489095	 83.488127	 83.487272	 83.486519	 83.485855	 83.485272	 83.484759	  83.48431	 83.483916	 83.483571	  83.48327	 83.483007	 83.482778	 83.482578	 83.482405	 83.482254	 83.482123	  83.48201	 83.481912	 83.481827	 83.481754	 83.481691	 83.481637	 83.481591	  83.48155	 83.481516	 83.481487	 83.481462	  83.48144	 83.481422	 83.481406	 83.481393	 83.481381	 83.481372	 83.481364	 83.481357	 83.481351	 83.481346	 83.481342	 83.481338	 83.481335	 83.481333	 83.481331	 83.481329	 83.481327	 83.481326	 83.481325	 83.481324	 83.481324	 83.481323	 83.481323	 83.481322	 83.481322	 83.481321	 83.481321	 83.481321	 83.481321	 83.481321	 83.481321	 83.481321	  83.48132	  83.48132	  83.48132	  83.48132	  83.48132	  83.48132	  83.48132	  83.48132	  83.48132	  83.48132	  83.48132	  83.48132	  83.48132	  83.48132	  83.48132	  83.48132	  83.48132	  83.48132	  83.48132	  83.48132	  83.48132	  83.48132	  83.48132	  83.48132	  83.48132	  83.48132	  83.48132	  83.48132	  83.48132	  83.48132	  83.48132	  83.48132	  83.48132	  83.48132	  83.48132	  83.48132	  83.48132	  83.48132	  83.48132	  83.48132	  83.48132	  83.48132	
        99	 98.498828	 97.998288	 97.499011	 97.001623	  96.50674	 96.014973	 95.526918	 95.043159	 94.564263	 94.090779	 93.623238	 93.162147	 92.707991	  92.26123	 91.822298	 91.391604	 90.969524	 90.556409	  90.15258	 89.758324	 89.373901	 88.999538	 88.635433	 88.281751	 87.938627	 87.606165	 87.284442	 86.973502	 86.673363	 86.384017	 86.105425	 85.837528	 85.580238	 85.333449	  85.09703	  84.87083	 84.654681	 84.448397	 84.251776	 84.064601	 83.886643	 83.717662	 83.557407	 83.405618	 83.262031	 83.126372	 82.998366	 82.877733	 82.764191	 82.657459	 82.557255	 82.463297	 82.375307	  82.29301	 82.216135	 82.144415	 82.077588	 82.015399	 81.957598	 81.903945	 81.854204	 81.808147	 81.765556	 81.726219	 81.689933	 81.656504	 81.625746	 81.597481	 81.571539	  81.54776	  81.52599	 81.506085	 81.487908	 81.471329	 81.456228	  81.44249	 81.430007	 81.418679	 81.408413	  81.39912	 81.390718	 81.383132	 81.376292	  81.37013	 81.364588	 81.359609	 81.355142	 81.351139	 81.347556	 81.344353	 81.341493	 81.338944	 81.336673	 81.334654	  81.33286	 81.331268	 81.329858	  81.32861	 81.327507	 81.326533	 81.325675	 81.324919	 81.324254	  81.32367	 81.323158	  81.32271	 81.322317	 81.321974	 81.321674	 81.321413	 81.321186	 81.320988	 81.320816	 81.320667	 81.320538	 81.320427	  81.32033	 81.320247	 81.320175	 81.320113	  81.32006	 81.320015	 81.319975	 81.319942	 81.319913	 81.319889	 81.319868	  81.31985	 81.319835	 81.319822	 81.319811	 81.319802	 81.319794	 81.319787	 81.319781	 81.319777	 81.319773	 81.319769	 81.319766	 81.319764	 81.319762	  81.31976	 81.319759	 81.319758	 81.319757	 81.319756	 81.319755	 81.319755	 81.319754	 81.319754	 81.319754	 81.319753	 81.319753	 81.319753	 81.319753	 81.319753	 81.319753	 81.319753	 81.319752	 81.319752	 81.319752	 81.319752	 81.319752	 81.319752	 81.319752	 81.319752	 81.319752	 81.319752	 81.319752	 81.319752	 81.319752	 81.319752	 81.319752	 81.319752	 81.319752	 81.319752	 81.319752	 81.319752	 81.319752	 81.319752	 81.319752	 81.319752	 81.319752	 81.319752	 81.319752	 81.319752	 81.319752	 81.319752	 81.319752	 81.319752	 81.319752	 81.319752	 81.319752	 81.319752	 81.319752	 81.319752	 81.319752	 81.319752	 81.319752	
        99	 98.438171	 97.877051	 97.317347	 96.759759	 96.204981	 95.653696	 95.106572	 94.564263	 94.027406	 93.496617	 92.972489	 92.455592	 91.946469	 91.445637	 90.953582	  90.47076	 89.997596	 89.534482	 89.081777	 88.639805	 88.208855	 87.789183	 87.381011	 86.984522	  86.59987	  86.22717	 85.866509	 85.517936	 85.181472	 84.857105	 84.544796	 84.244475	 83.956046	 83.679388	 83.414355	 83.160778	 82.918469	 82.687218	   82.4668	 82.256971	 82.057475	 81.868042	 81.688391	 81.518232	 81.357266	 81.205188	  81.06169	 80.926456	 80.799173	 80.679523	 80.567191	 80.461861	 80.363222	 80.270965	 80.184786	 80.104385	  80.02947	 79.959754	 79.894958	 79.834811	  79.77905	 79.727419	 79.679673	 79.635575	 79.594898	 79.557423	 79.522942	 79.491256	 79.462174	 79.435517	 79.411112	 79.388798	 79.368421	 79.349836	 79.332907	 79.317506	 79.303513	 79.290814	 79.279305	 79.268887	 79.259469	 79.250965	 79.243296	 79.236389	 79.230176	 79.224595	 79.219587	 79.215099	 79.211082	 79.207491	 79.204286	 79.201428	 79.198882	 79.196619	 79.194608	 79.192824	 79.191243	 79.189844	 79.188607	 79.187516	 79.186553	 79.185706	 79.184961	 79.184306	 79.183732	 79.183229	 79.182789	 79.182404	 79.182068	 79.181776	 79.181521	 79.181299	 79.181107	  79.18094	 79.180795	  79.18067	 79.180562	 79.180468	 79.180388	 79.180318	 79.180259	 79.180208	 79.180164	 79.180126	 79.180094	 79.180067	 79.180043	 79.180023	 79.180006	 79.179992	 79.179979	 79.179969	  79.17996	 79.179953	 79.179946	 79.179941	 79.179937	 79.179933	  79.17993	 79.179927	 79.179925	 79.179923	 79.179921	  79.17992	 79.179919	 79.179918	 79.179917	 79.179917	 79.179916	 79.179916	 79.179915	 79.179915	 79.179915	 79.179915	 79.179914	 79.179914	 79.179914	 79.179914	 79.179914	 79.179914	 79.179914	 79.179914	 79.179914	 79.179914	 79.179914	 79.179914	 79.179914	 79.179914	 79.179914	 79.179914	 79.179914	 79.179914	 79.179914	 79.179914	 79.179914	 79.179914	 79.179914	 79.179914	 79.179914	 79.179914	 79.179914	 79.179914	 79.179914	 79.179914	 79.179914	 79.179914	 79.179914	 79.179914	 79.179914	 79.179914	 79.179914	 79.179914	 79.179914	 79.179914	 79.179914	 79.179914	 79.179914	 79.179914	 79.179914	
        99	   98.3782	 97.757184	 97.137736	 96.520629	 95.906633	 95.296501	 94.690976	 94.090779	 93.496617	  92.90917	 92.329095	 91.757023	 91.193555	 90.639262	 90.094684	 89.560324	 89.036653	 88.524105	 88.023077	 87.533927	 87.056976	 86.592508	 86.140765	 85.701955	 85.276243	 84.863761	 84.464601	 84.078821	 83.706441	 83.347451	 83.001805	 82.669427	  82.35021	 82.044021	 81.750697	 81.470053	 81.201879	 80.945944	 80.701998	 80.469771	  80.24898	 80.039327	 79.840499	 79.652177	 79.474029	 79.305718	 79.146902	 78.997233	 78.856364	 78.723942	 78.599619	 78.483046	 78.373878	 78.271773	 78.176395	 78.087412	   78.0045	 77.927343	  77.85563	 77.789063	 77.727349	 77.670207	 77.617364	  77.56856	  77.52354	 77.482066	 77.443904	 77.408835	  77.37665	 77.347147	 77.320137	 77.295441	 77.272889	  77.25232	 77.233584	 77.216539	 77.201052	 77.186998	  77.17426	  77.16273	 77.152307	 77.142895	 77.134408	 77.126764	 77.119888	  77.11371	 77.108168	 77.103201	 77.098755	 77.094781	 77.091234	  77.08807	 77.085253	 77.082748	 77.080522	 77.078548	 77.076798	  77.07525	 77.073881	 77.072673	 77.071608	  77.07067	 77.069846	 77.069121	 77.068486	 77.067929	 77.067442	 77.067016	 77.066644	  77.06632	 77.066038	 77.065793	  77.06558	 77.065395	 77.065235	 77.065097	 77.064977	 77.064874	 77.064784	 77.064708	 77.064642	 77.064585	 77.064537	 77.064495	  77.06446	 77.064429	 77.064403	 77.064381	 77.064362	 77.064346	 77.064333	 77.064321	 77.064311	 77.064303	 77.064296	  77.06429	 77.064285	 77.064281	 77.064277	 77.064275	 77.064272	  77.06427	 77.064268	 77.064267	 77.064266	 77.064265	 77.064264	 77.064263	 77.064262	 77.064262	 77.064262	 77.064261	 77.064261	 77.064261	 77.064261	  77.06426	  77.06426	  77.06426	  77.06426	  77.06426	  77.06426	  77.06426	  77.06426	  77.06426	  77.06426	  77.06426	  77.06426	  77.06426	  77.06426	  77.06426	  77.06426	  77.06426	  77.06426	  77.06426	  77.06426	  77.06426	  77.06426	  77.06426	  77.06426	  77.06426	  77.06426	  77.06426	  77.06426	  77.06426	  77.06426	  77.06426	  77.06426	  77.06426	  77.06426	  77.06426	  77.06426	  77.06426	  77.06426	  77.06426	  77.06426	  77.06426	  77.06426	  77.06426	  77.06426	
        99	 98.318981	 97.638822	 96.960378	 96.284501	 95.612028	  94.94379	 94.280595	 93.623238	 92.972489	 92.329095	 91.693775	  91.06722	 90.450089	 89.843007	 89.246564	 88.661314	  88.08777	 87.526408	 86.977663	 86.441928	 85.919554	  85.41085	 84.916085	 84.435483	 83.969228	 83.517462	 83.080288	 82.657766	 82.249923	 81.856743	 81.478178	 81.114145	 80.764527	 80.429177	 80.107918	 79.800546	 79.506832	 79.226523	 78.959343	    78.705	 78.463182	 78.233561	 78.015798	  77.80954	 77.614426	 77.430086	 77.256144	 77.092222	 76.937936	 76.792903	  76.65674	 76.529065	   76.4095	 76.297671	 76.193209	 76.095751	 76.004943	 75.920437	 75.841896	 75.768988	 75.701397	 75.638813	 75.580938	 75.527485	 75.478178	 75.432753	 75.390958	 75.352549	 75.317298	 75.284985	 75.255403	 75.228355	 75.203655	 75.181128	 75.160607	 75.141939	 75.124977	 75.109584	 75.095634	 75.083006	 75.071589	 75.061281	 75.051986	 75.043614	 75.036083	 75.029317	 75.023247	 75.017807	 75.012938	 75.008585	   75.0047	 75.001235	  74.99815	 74.995406	 74.992968	 74.990806	 74.988889	 74.987194	 74.985695	 74.984372	 74.983205	 74.982178	 74.981275	 74.980481	 74.979785	 74.979176	 74.978642	 74.978176	 74.977769	 74.977414	 74.977105	 74.976836	 74.976603	 74.976401	 74.976225	 74.976073	 74.975942	 74.975829	 74.975732	 74.975648	 74.975576	 74.975514	  74.97546	 74.975415	 74.975376	 74.975342	 74.975314	  74.97529	 74.975269	 74.975252	 74.975237	 74.975224	 74.975213	 74.975204	 74.975197	  74.97519	 74.975185	  74.97518	 74.975176	 74.975173	  74.97517	 74.975168	 74.975166	 74.975165	 74.975163	 74.975162	 74.975161	 74.975161	  74.97516	 74.975159	 74.975159	 74.975159	 74.975158	 74.975158	 74.975158	 74.975158	 74.975158	 74.975157	 74.975157	 74.975157	 74.975157	 74.975157	 74.975157	 74.975157	 74.975157	 74.975157	 74.975157	 74.975157	 74.975157	 74.975157	 74.975157	 74.975157	 74.975157	 74.975157	 74.975157	 74.975157	 74.975157	 74.975157	 74.975157	 74.975157	 74.975157	 74.975157	 74.975157	 74.975157	 74.975157	 74.975157	 74.975157	 74.975157	 74.975157	 74.975157	 74.975157	 74.975157	 74.975157	 74.975157	 74.975157	 74.975157	 74.975157	 74.975157	 74.975157	
        99	 98.260579	 97.522092	 96.785468	 96.051629	 95.321489	 94.595944	 93.875876	 93.162147	 92.455592	 91.757023	  91.06722	 90.386934	  89.71688	 89.057737	 88.410146	 87.774706	 87.151977	 86.542475	 85.946672	 85.364994	 84.797823	 84.245495	 83.708301	 83.186484	 82.680245	 82.189737	 81.715072	 81.256317	 80.813498	 80.386601	 79.975572	 79.580321	 79.200721	 78.836612	 78.487803	 78.154072	  77.83517	 77.530822	 77.240731	 76.964576	  76.70202	 76.452708	 76.216271	 75.992325	 75.780478	  75.58033	 75.391472	 75.213492	 75.045975	 74.888505	 74.740665	 74.602041	 74.472222	 74.350803	 74.237383	 74.131568	 74.032972	  73.94122	 73.855942	 73.776783	 73.703395	 73.635444	 73.572606	 73.514569	 73.461034	 73.411714	 73.366334	 73.324632	 73.286357	 73.251274	 73.219155	 73.189787	 73.162969	  73.13851	  73.11623	  73.09596	 73.077544	 73.060831	 73.045684	 73.031973	 73.019578	 73.008386	 72.998293	 72.989203	 72.981026	  72.97368	 72.967089	 72.961183	 72.955896	 72.951171	 72.946952	  72.94319	  72.93984	 72.936861	 72.934214	 72.931866	 72.929786	 72.927945	 72.926317	 72.924881	 72.923614	 72.922499	 72.921518	 72.920657	 72.919901	 72.919239	  72.91866	 72.918153	 72.917711	 72.917326	 72.916991	 72.916699	 72.916446	 72.916226	 72.916035	 72.915871	 72.915728	 72.915606	   72.9155	 72.915409	  72.91533	 72.915263	 72.915205	 72.915156	 72.915113	 72.915077	 72.915046	  72.91502	 72.914998	 72.914978	 72.914962	 72.914949	 72.914937	 72.914927	 72.914919	 72.914912	 72.914906	 72.914901	 72.914897	 72.914893	  72.91489	 72.914888	 72.914886	 72.914884	 72.914883	 72.914881	  72.91488	  72.91488	 72.914879	 72.914878	 72.914878	 72.914877	 72.914877	 72.914877	 72.914877	 72.914876	 72.914876	 72.914876	 72.914876	 72.914876	 72.914876	 72.914876	 72.914876	 72.914876	 72.914876	 72.914876	 72.914876	 72.914876	 72.914876	 72.914876	 72.914876	 72.914876	 72.914876	 72.914876	 72.914876	 72.914876	 72.914876	 72.914876	 72.914876	 72.914876	 72.914876	 72.914876	 72.914876	 72.914876	 72.914876	 72.914876	 72.914876	 72.914876	 72.914876	 72.914876	 72.914876	 72.914876	 72.914876	 72.914876	 72.914876	 72.914876	 72.914876	 72.914876	 72.914876	
        99	 98.203056	 97.407118	 96.613188	 95.822261	 95.035319	  94.25333	 93.477245	 92.707991	 91.946469	 91.193555	 90.450089	  89.71688	 88.994699	 88.284278	 87.586307	 86.901434	  86.23026	 85.573341	 84.931187	 84.304258	 83.692964	 83.097668	 82.518682	 81.956271	 81.410648	 80.881982	  80.37039	 79.875946	 79.398678	  78.93857	 78.495565	 78.069566	 77.660435	    77.268	 76.892056	 76.532362	 76.188651	 75.860627	 75.547967	 75.250329	 74.967348	 74.698641	 74.443809	 74.202442	 73.974114	 73.758395	 73.554845	  73.36302	 73.182471	  73.01275	 72.853408	    72.704	 72.564083	 72.433218	 72.310974	 72.196927	 72.090661	 71.991771	 71.899859	 71.814542	 71.735445	 71.662208	 71.594481	 71.531929	 71.474229	 71.421072	 71.372162	 71.327215	 71.285964	  71.24815	 71.213533	 71.181881	 71.152976	 71.126614	 71.102601	 71.080755	 71.060905	 71.042893	 71.026567	 71.011789	  70.99843	 70.986367	 70.975489	 70.965692	 70.956879	 70.948962	 70.941858	 70.935492	 70.929794	 70.924701	 70.920154	   70.9161	 70.912489	 70.909278	 70.906426	 70.903895	 70.901652	 70.899668	 70.897914	 70.896366	 70.895001	 70.893799	 70.892742	 70.891813	 70.890999	 70.890285	 70.889661	 70.889115	 70.888639	 70.888223	 70.887862	 70.887548	 70.887275	 70.887038	 70.886833	 70.886655	 70.886502	 70.886369	 70.886255	 70.886157	 70.886072	    70.886	 70.885937	 70.885884	 70.885839	   70.8858	 70.885766	 70.885738	 70.885714	 70.885693	 70.885676	 70.885661	 70.885649	 70.885638	 70.885629	 70.885621	 70.885615	  70.88561	 70.885605	 70.885601	 70.885598	 70.885596	 70.885593	 70.885592	  70.88559	 70.885589	 70.885588	 70.885587	 70.885586	 70.885585	 70.885585	 70.885584	 70.885584	 70.885584	 70.885584	 70.885583	 70.885583	 70.885583	 70.885583	 70.885583	 70.885583	 70.885583	 70.885583	 70.885583	 70.885583	 70.885583	 70.885583	 70.885583	 70.885583	 70.885583	 70.885583	 70.885583	 70.885583	 70.885583	 70.885583	 70.885582	 70.885582	 70.885582	 70.885582	 70.885582	 70.885582	 70.885582	 70.885582	 70.885582	 70.885582	 70.885582	 70.885582	 70.885582	 70.885582	 70.885582	 70.885582	 70.885582	 70.885582	 70.885582	 70.885582	 70.885582	 70.885582	 70.885582	 70.885582	
        99	  98.14647	 97.294017	 96.443714	 95.596627	 94.753808	 93.916295	 93.085105	  92.26123	 91.445637	 90.639262	 89.843007	 89.057737	 88.284278	 87.523414	 86.775884	 86.042381	 85.323551	 84.619989	 83.932239	 83.260794	 82.606096	 81.968531	 81.348435	  80.74609	 80.161726	 79.595521	 79.047604	 78.518053	 78.006896	 77.514119	 77.039659	 76.583411	  76.14523	 75.724931	 75.322293	  74.93706	 74.568944	 74.217628	 73.882768	 73.563997	 73.260922	 72.973136	  72.70021	 72.441704	 72.197165	 71.966129	 71.748126	  71.54268	 71.349311	 71.167539	 70.996884	 70.836867	 70.687015	 70.546858	 70.415934	 70.293789	 70.179979	 70.074066	 69.975629	 69.884253	  69.79954	 69.721103	 69.648567	 69.581574	 69.519777	 69.462845	 69.410462	 69.362324	 69.318144	 69.277646	  69.24057	  69.20667	 69.175714	  69.14748	 69.121761	 69.098364	 69.077105	 69.057813	 69.040329	 69.024502	 69.010194	 68.997275	 68.985624	 68.975131	 68.965693	 68.957213	 68.949605	 68.942787	 68.936685	  68.93123	  68.92636	 68.922018	 68.918151	 68.914712	 68.911657	 68.908946	 68.906545	 68.904419	 68.902541	 68.900883	 68.899421	 68.898133	 68.897001	 68.896007	 68.895135	  68.89437	 68.893702	 68.893117	 68.892607	 68.892162	 68.891775	 68.891438	 68.891146	 68.890892	 68.890673	 68.890482	 68.890318	 68.890176	 68.890054	 68.889949	 68.889858	 68.889781	 68.889714	 68.889657	 68.889608	 68.889566	 68.889531	   68.8895	 68.889474	 68.889452	 68.889434	 68.889418	 68.889405	 68.889393	 68.889384	 68.889376	 68.889369	 68.889363	 68.889358	 68.889354	 68.889351	 68.889348	 68.889345	 68.889343	 68.889342	  68.88934	 68.889339	 68.889338	 68.889338	 68.889337	 68.889336	 68.889336	 68.889335	 68.889335	 68.889335	 68.889335	 68.889335	 68.889334	 68.889334	 68.889334	 68.889334	 68.889334	 68.889334	 68.889334	 68.889334	 68.889334	 68.889334	 68.889334	 68.889334	 68.889334	 68.889334	 68.889334	 68.889334	 68.889334	 68.889334	 68.889334	 68.889334	 68.889334	 68.889334	 68.889334	 68.889334	 68.889334	 68.889334	 68.889334	 68.889334	 68.889334	 68.889334	 68.889334	 68.889334	 68.889334	 68.889334	 68.889334	 68.889334	 68.889334	 68.889334	 68.889334	 68.889334	 68.889334	 68.889334	
        99	 98.090875	 97.182897	  96.27721	 95.374947	 94.477232	 93.585167	 92.699837	 91.822298	 90.953582	 90.094684	 89.246564	 88.410146	 87.586307	 86.775884	 85.979663	 85.198384	 84.432733	 83.683343	 82.950797	 82.235618	 81.538275	 80.859182	 80.198696	 79.557117	 78.934691	 78.331607	 77.748001	 77.183957	 76.639506	 76.114632	 75.609267	 75.123302	  74.65658	 74.208905	 73.780041	 73.369715	 72.977622	 72.603423	 72.246752	 71.907217	 71.584402	 71.277871	 70.987168	 70.711824	 70.451357	 70.205272	 69.973069	 69.754242	 69.548278	 69.354666	 69.172895	 69.002456	 68.842843	 68.693557	 68.554105	 68.424005	 68.302781	  68.18997	  68.08512	 67.987793	 67.897563	 67.814016	 67.736756	 67.665399	 67.599577	 67.538937	 67.483142	 67.431869	  67.38481	 67.341674	 67.302184	 67.266076	 67.233103	  67.20303	 67.175636	 67.150715	 67.128072	 67.107523	   67.0889	 67.072042	 67.056802	 67.043041	 67.030632	 67.019456	 67.009402	 67.000371	 66.992267	 66.985005	 66.978505	 66.972695	 66.967508	 66.962883	 66.958764	 66.955101	 66.951847	  66.94896	 66.946402	 66.944138	 66.942137	 66.940371	 66.938814	 66.937442	 66.936237	 66.935178	 66.934248	 66.933434	 66.932722	   66.9321	 66.931556	 66.931082	  66.93067	 66.930311	     66.93	  66.92973	 66.929496	 66.929293	 66.929118	 66.928967	 66.928837	 66.928725	 66.928628	 66.928546	 66.928475	 66.928414	 66.928362	 66.928317	 66.928279	 66.928247	  66.92822	 66.928196	 66.928176	 66.928159	 66.928145	 66.928133	 66.928123	 66.928114	 66.928107	 66.928101	 66.928096	 66.928091	 66.928088	 66.928085	 66.928082	  66.92808	 66.928078	 66.928077	 66.928076	 66.928075	 66.928074	 66.928073	 66.928072	 66.928072	 66.928072	 66.928071	 66.928071	 66.928071	 66.928071	  66.92807	  66.92807	  66.92807	  66.92807	  66.92807	  66.92807	  66.92807	  66.92807	  66.92807	  66.92807	  66.92807	  66.92807	  66.92807	  66.92807	  66.92807	  66.92807	  66.92807	  66.92807	  66.92807	  66.92807	  66.92807	  66.92807	  66.92807	  66.92807	  66.92807	  66.92807	  66.92807	  66.92807	  66.92807	  66.92807	  66.92807	  66.92807	  66.92807	  66.92807	  66.92807	  66.92807	  66.92807	  66.92807	  66.92807	  66.92807	  66.92807	  66.92807	
        99	 98.036323	 97.073862	  96.11383	 95.157428	 94.205845	 93.260252	 92.321798	 91.391604	  90.47076	 89.560324	 88.661314	 87.774706	 86.901434	 86.042381	 85.198384	 84.370224	  83.55863	 82.764274	 81.987771	 81.229678	 80.490492	 79.770651	 79.070532	 78.390456	 77.730681	 77.091409	 76.472784	 75.874895	 75.297775	 74.741405	 74.205717	 73.690592	 73.195864	 72.721326	 72.266728	 71.831781	 71.416161	 71.019508	 70.641436	 70.281527	 69.939342	 69.614417	 69.306271	 69.014405	 68.738309	 68.477458	 68.231322	 67.999363	 67.781041	 67.575812	 67.383134	 67.202467	 67.033277	 66.875033	 66.727214	 66.589306	 66.460808	 66.341228	 66.230088	  66.12692	 66.031275	 65.942716	 65.860819	 65.785181	 65.715409	 65.651131	 65.591988	 65.537638	 65.487756	 65.442031	 65.400171	 65.361897	 65.326945	 65.295068	  65.26603	 65.239614	 65.215612	  65.19383	 65.174089	  65.15622	 65.140065	 65.125479	 65.112325	 65.100478	 65.089822	 65.080248	 65.071658	  65.06396	  65.05707	 65.050912	 65.045413	 65.040511	 65.036145	 65.032262	 65.028813	 65.025752	 65.023041	 65.020641	  65.01852	 65.016648	 65.014997	 65.013544	 65.012266	 65.011143	 65.010158	 65.009295	  65.00854	  65.00788	 65.007304	 65.006802	 65.006365	 65.005985	 65.005655	 65.005368	  65.00512	 65.004906	  65.00472	  65.00456	 65.004422	 65.004303	 65.004201	 65.004113	 65.004038	 65.003974	 65.003918	 65.003871	 65.003831	 65.003797	 65.003768	 65.003743	 65.003722	 65.003704	 65.003689	 65.003676	 65.003665	 65.003656	 65.003648	 65.003642	 65.003636	 65.003632	 65.003628	 65.003625	 65.003622	  65.00362	 65.003618	 65.003616	 65.003615	 65.003614	 65.003613	 65.003612	 65.003612	 65.003611	 65.003611	  65.00361	  65.00361	  65.00361	  65.00361	 65.003609	 65.003609	 65.003609	 65.003609	 65.003609	 65.003609	 65.003609	 65.003609	 65.003609	 65.003609	 65.003609	 65.003609	 65.003609	 65.003609	 65.003609	 65.003609	 65.003609	 65.003609	 65.003609	 65.003609	 65.003609	 65.003609	 65.003609	 65.003609	 65.003609	 65.003609	 65.003609	 65.003609	 65.003609	 65.003609	 65.003609	 65.003609	 65.003609	 65.003609	 65.003609	 65.003609	 65.003609	 65.003609	 65.003609	 65.003609	 65.003609	 65.003609	
        99	 97.982863	 96.967009	 95.953718	 94.944259	 93.939887	 92.941837	 91.951322	 90.969524	 89.997596	 89.036653	  88.08777	 87.151977	  86.23026	 85.323551	 84.432733	  83.55863	 82.702013	 81.863589	  81.04401	 80.243861	 79.463668	 78.703893	 77.964936	 77.247132	 76.550755	 75.876019	 75.223076	 74.592018	 73.982882	 73.395648	 72.830242	  72.28654	 71.764367	 71.263504	 70.783687	 70.324612	 69.885934	 69.467277	 69.068231	 68.688356	 68.327188	 67.984238	 67.658997	  67.35094	 67.059527	 66.784205	 66.524415	 66.279588	 66.049154	  65.83254	 65.629173	 65.438484	 65.259908	 65.092885	 64.936866	 64.791308	 64.655682	 64.529468	 64.412161	 64.303271	  64.20232	 64.108847	 64.022408	 63.942573	 63.868931	 63.801087	 63.738663	 63.681298	 63.628648	 63.580387	 63.536205	 63.495808	 63.458917	 63.425271	 63.394623	 63.366741	 63.341407	 63.318418	 63.297581	 63.278721	  63.26167	 63.246274	 63.232391	 63.219887	 63.208639	 63.198534	 63.189468	 63.181343	 63.174071	  63.16757	 63.161767	 63.156592	 63.151984	 63.147886	 63.144245	 63.141015	 63.138153	 63.135621	 63.133382	 63.131406	 63.129664	  63.12813	 63.126781	 63.125596	 63.124556	 63.123645	 63.122848	 63.122152	 63.121544	 63.121014	 63.120553	 63.120151	 63.119803	 63.119501	 63.119239	 63.119012	 63.118816	 63.118647	 63.118502	 63.118376	 63.118268	 63.118176	 63.118096	 63.118028	  63.11797	  63.11792	 63.117878	 63.117842	 63.117811	 63.117785	 63.117763	 63.117744	 63.117728	 63.117714	 63.117703	 63.117693	 63.117685	 63.117678	 63.117672	 63.117668	 63.117663	  63.11766	 63.117657	 63.117655	 63.117653	 63.117651	  63.11765	 63.117649	 63.117648	 63.117647	 63.117646	 63.117646	 63.117645	 63.117645	 63.117645	 63.117644	 63.117644	 63.117644	 63.117644	 63.117644	 63.117644	 63.117644	 63.117644	 63.117644	 63.117644	 63.117643	 63.117643	 63.117643	 63.117643	 63.117643	 63.117643	 63.117643	 63.117643	 63.117643	 63.117643	 63.117643	 63.117643	 63.117643	 63.117643	 63.117643	 63.117643	 63.117643	 63.117643	 63.117643	 63.117643	 63.117643	 63.117643	 63.117643	 63.117643	 63.117643	 63.117643	 63.117643	 63.117643	 63.117643	 63.117643	 63.117643	 63.117643	 63.117643	 63.117643	
