Time step 69:
        99	        99	        99	        99	        99	        99	        99	        99	        99	        99	        99	        99	        99	        99	        99	        99	        99	        99	        99	        99	        99	        99	        99	        99	        99	        99	        99	        99	        99	        99	        99	        99	        99	        99	        99	        99	        99	        99	        99	        99	        99	        99	        99	        99	        99	        99	        99	        99	        99	        99	        99	        99	        99	        99	        99	        99	        99	        99	        99	        99	        99	        99	        99	        99	        99	        99	        99	        99	        99	        99	        99	        99	        99	        99	        99	        99	        99	        99	        99	        99	        99	        99	        99	        99	        99	        99	        99	        99	        99	        99	        99	        99	        99	        99	        99	        99	        99	        99	        99	        99	        99	        99	        99	        99	        99	        99	        99	        99	        99	        99	        99	        99	        99	        99	        99	        99	        99	        99	        99	        99	        99	        99	        99	        99	        99	        99	        99	        99	        99	        99	        99	        99	        99	        99	        99	        99	        99	        99	        99	        99	        99	        99	        99	        99	        99	        99	        99	        99	        99	        99	        99	        99	        99	        99	        99	        99	        99	        99	        99	        99	        99	        99	        99	        99	        99	        99	        99	        99	        99	        99	        99	        99	        99	        99	        99	        99	        99	        99	        99	        99	        99	        99	        99	        99	        99	        99	        99	        99	        99	        99	        99	        99	        99	        99	        99	        99	        99	        99	        99	        99	
        99	 98.990798	 98.981597	   98.9724	 98.963207	 98.954022	 98.944845	 98.935678	 98.926522	  98.91738	 98.908253	 98.899143	 98.890051	 98.880979	 98.871929	 98.862902	 98.853899	 98.844923	 98.835975	 98.827056	 98.818168	 98.809312	 98.800491	 98.791705	 98.782956	 98.774245	 98.765574	 98.756944	 98.748357	 98.739813	 98.731315	 98.722863	  98.71446	 98.706105	   98.6978	 98.689547	 98.681347	   98.6732	 98.665109	 98.657074	 98.649095	 98.641175	 98.633314	 98.625514	 98.617774	 98.610097	 98.602482	 98.594931	 98.587445	 98.580025	 98.572671	 98.565383	 98.558164	 98.551013	  98.54393	 98.536918	 98.529976	 98.523104	 98.516304	 98.509576	  98.50292	 98.496336	 98.489826	 98.483389	 98.477026	 98.470737	 98.464523	 98.458383	 98.452318	 98.446328	 98.440413	 98.434573	 98.428809	  98.42312	 98.417507	  98.41197	 98.406508	 98.401121	  98.39581	 98.390574	 98.385413	 98.380328	 98.375317	 98.370381	  98.36552	 98.360732	 98.356019	 98.351379	 98.346813	  98.34232	 98.337899	 98.333551	 98.329275	  98.32507	 98.320936	 98.316873	  98.31288	 98.308957	 98.305102	 98.301317	   98.2976	  98.29395	 98.290367	 98.286851	 98.283401	 98.280016	 98.276695	 98.273439	 98.270246	 98.267116	 98.264048	 98.261041	 98.258095	 98.255209	 98.252383	 98.249615	 98.246906	 98.244254	 98.241658	 98.239119	 98.236634	 98.234204	 98.231828	 98.229505	 98.227234	 98.225015	 98.222847	 98.220729	  98.21866	  98.21664	 98.214668	 98.212743	 98.210865	 98.209032	 98.207245	 98.205502	 98.203802	 98.202146	 98.200532	 98.198959	 98.197427	 98.195936	 98.194483	  98.19307	 98.191695	 98.190357	 98.189056	 98.187792	 98.186563	 98.185369	 98.184209	 98.183083	 98.181989	 98.180929	   98.1799	 98.178903	 98.177936	 98.176999	 98.176093	 98.175215	 98.174366	 98.173544	 98.172751	 98.171984	 98.171244	 98.170531	 98.169843	  98.16918	 98.168541	 98.167927	 98.167337	 98.166771	 98.166228	 98.165707	 98.165209	 98.164733	 98.164279	 98.163846	 98.163434	 98.163043	 98.162672	 98.162322	 98.161991	 98.161681	 98.161389	 98.161117	 98.160864	  98.16063	 98.160415	 98.160218	  98.16004	  98.15988	 98.159737	 98.159613	 98.159507	 98.159419	 98.159348	 98.159295	  98.15926	 98.159242	
        99	 98.981597	 98.963197	 98.944804	 98.926421	 98.908052	 98.889699	 98.871367	 98.853058	 98.834776	 98.816523	 98.798305	 98.780123	  98.76198	 98.743881	 98.725828	 98.707825	 98.689874	 98.671979	 98.654143	 98.636369	  98.61866	 98.601018	 98.583448	 98.565951	 98.548531	 98.531191	 98.513933	  98.49676	 98.479674	 98.462679	 98.445778	 98.428971	 98.412263	 98.395656	 98.379151	 98.362752	 98.346461	 98.330279	  98.31421	 98.298255	 98.282416	 98.266696	 98.251096	 98.235618	 98.220265	 98.205037	 98.189937	 98.174966	 98.160127	  98.14542	 98.130846	 98.116409	 98.102107	 98.087944	 98.073921	 98.060037	 98.046296	 98.032697	 98.019241	  98.00593	 97.992765	 97.979745	 97.966873	 97.954148	 97.941571	 97.929143	 97.916864	 97.904735	 97.892756	 97.880928	  97.86925	 97.857722	 97.846346	 97.835121	 97.824047	 97.813124	 97.802352	  97.79173	  97.78126	 97.770939	 97.760769	 97.750749	 97.740877	 97.731155	 97.721581	 97.712156	 97.702877	 97.693745	  97.68476	 97.675919	 97.667224	 97.658672	 97.650263	 97.641996	 97.633871	 97.625885	  97.61804	 97.610332	 97.602762	 97.595328	 97.588029	 97.580865	 97.573833	 97.566933	 97.560163	 97.553523	 97.547011	 97.540625	 97.534365	  97.52823	 97.522217	 97.516326	 97.510555	 97.504903	 97.499368	  97.49395	 97.488646	 97.483455	 97.478376	 97.473408	 97.468549	 97.463797	 97.459151	  97.45461	 97.450172	 97.445836	   97.4416	 97.437463	 97.433423	 97.429479	  97.42563	 97.421874	 97.418209	 97.414634	 97.411149	  97.40775	 97.404438	 97.401209	 97.398064	 97.395001	 97.392018	 97.389114	 97.386288	 97.383538	 97.380863	 97.378261	 97.375732	 97.373274	 97.370886	 97.368567	 97.366315	 97.364128	 97.362007	  97.35995	 97.357955	 97.356022	 97.354149	 97.352336	  97.35058	 97.348882	  97.34724	 97.345653	  97.34412	 97.342641	 97.341213	 97.339837	 97.338511	 97.337235	 97.336007	 97.334827	 97.333695	 97.332608	 97.331567	 97.330571	 97.329619	  97.32871	 97.327844	 97.327021	 97.326239	 97.325497	 97.324797	 97.324136	 97.323514	 97.322932	 97.322388	 97.321882	 97.321414	 97.320984	  97.32059	 97.320233	 97.319913	 97.319629	  97.31938	 97.319168	 97.318991	  97.31885	 97.318744	 97.318674	 97.318639	
        99	   98.9724	 98.944804	 98.917219	 98.889649	 98.862099	 98.834574	  98.80708	  98.77962	 98.752201	 98.724827	 98.697503	 98.670234	 98.643025	  98.61588	 98.588805	 98.561804	 98.534882	 98.508044	 98.481294	 98.454637	 98.428077	 98.401619	 98.375267	 98.349026	   98.3229	 98.296893	  98.27101	 98.245254	  98.21963	 98.194142	 98.168793	 98.143588	 98.118529	 98.093622	 98.068869	 98.044274	  98.01984	 97.995572	 97.971472	 97.947543	 97.923788	 97.900211	 97.876815	 97.853602	 97.830575	 97.807737	 97.785091	 97.762638	 97.740382	 97.718325	 97.696468	 97.674815	 97.653367	 97.632125	 97.611093	 97.590271	 97.569662	 97.549266	 97.529086	 97.509123	 97.489377	 97.469851	 97.450545	 97.431461	 97.412599	 97.393959	 97.375544	 97.357353	 97.339388	 97.321647	 97.304133	 97.286845	 97.269783	 97.252948	 97.236339	 97.219957	 97.203801	 97.187872	 97.172168	  97.15669	 97.141437	 97.126408	 97.111604	 97.097023	 97.082665	 97.068528	 97.054612	 97.040917	  97.02744	 97.014182	  97.00114	 96.988315	 96.975703	 96.963305	 96.951118	 96.939142	 96.927375	 96.915816	 96.904462	 96.893313	 96.882367	 96.871621	 96.861075	 96.850727	 96.840574	 96.830615	 96.820848	 96.811272	 96.801883	 96.792681	 96.783664	 96.774828	 96.766173	 96.757696	 96.749395	 96.741269	 96.733314	  96.72553	 96.717913	 96.710461	 96.703173	 96.696046	 96.689079	 96.682268	 96.675612	 96.669109	 96.662756	 96.656552	 96.650493	 96.644578	 96.638805	 96.633171	 96.627675	 96.622314	 96.617086	 96.611989	 96.607021	  96.60218	 96.597463	 96.592869	 96.588395	  96.58404	 96.579801	 96.575676	 96.571664	 96.567763	  96.56397	 96.560284	 96.556702	 96.553223	 96.549845	 96.546567	 96.543386	   96.5403	 96.537309	 96.534409	   96.5316	 96.528881	 96.526248	 96.523701	 96.521238	 96.518858	 96.516559	  96.51434	 96.512199	 96.510135	 96.508147	 96.506232	 96.504391	 96.502622	 96.500923	 96.499293	 96.497732	 96.496238	  96.49481	 96.493448	 96.492149	 96.490914	 96.489741	 96.488629	 96.487578	 96.486587	 96.485655	 96.484782	 96.483966	 96.483207	 96.482505	 96.481859	 96.481269	 96.480734	 96.480253	 96.479827	 96.479455	 96.479137	 96.478872	  96.47866	 96.478501	 96.478395	 96.478343	
        99	 98.963207	 98.926421	 98.889649	 98.852897	 98.816171	 98.779479	 98.742828	 98.706223	 98.669672	 98.633181	 98.596757	 98.560406	 98.524135	  98.48795	 98.451857	 98.415864	 98.379975	 98.344199	 98.308539	 98.273004	 98.237598	 98.202329	 98.167201	  98.13222	 98.097393	 98.062725	 98.028221	 97.993887	 97.959729	 97.925752	 97.891961	  97.85836	 97.824956	 97.791754	 97.758757	  97.72597	 97.693399	 97.661048	 97.628921	 97.597023	 97.565357	 97.533928	  97.50274	 97.471796	   97.4411	 97.410656	 97.380467	 97.350537	 97.320868	 97.291464	 97.262329	 97.233464	 97.204872	 97.176556	 97.148519	 97.120763	 97.093289	 97.066101	   97.0392	 97.012588	 96.986266	 96.960237	 96.934501	 96.909061	 96.883916	  96.85907	 96.834521	 96.810272	 96.786323	 96.762674	 96.739327	 96.716281	 96.693537	 96.671094	 96.648954	 96.627116	  96.60558	 96.584345	 96.563411	 96.542778	 96.522445	 96.502411	 96.482676	 96.463239	 96.444098	 96.425254	 96.406704	 96.388447	 96.370482	 96.352808	 96.335423	 96.318325	 96.301513	 96.284986	 96.268741	 96.252776	  96.23709	 96.221681	 96.206546	 96.191684	 96.177092	 96.162767	 96.148709	 96.134914	  96.12138	 96.108104	 96.095084	 96.082318	 96.069803	 96.057536	 96.045515	 96.033737	   96.0222	   96.0109	 95.999834	 95.989001	 95.978397	  95.96802	 95.957866	 95.947933	 95.938218	 95.928718	 95.919429	 95.910351	 95.901478	 95.892809	  95.88434	 95.876069	 95.867992	 95.860108	 95.852412	 95.844902	 95.837575	 95.830429	  95.82346	 95.816665	 95.810043	 95.803589	 95.797301	 95.791177	 95.785213	 95.779407	 95.773756	 95.768258	  95.76291	 95.757709	 95.752653	 95.747739	 95.742964	 95.738327	 95.733824	 95.729454	 95.725213	   95.7211	 95.717112	 95.713247	 95.709503	 95.705877	 95.702368	 95.698973	  95.69569	 95.692517	 95.689452	 95.686494	  95.68364	 95.680889	 95.678238	 95.675686	 95.673232	 95.670873	 95.668608	 95.666436	 95.664355	 95.662363	  95.66046	 95.658643	 95.656912	 95.655265	 95.653702	  95.65222	 95.650819	 95.649498	 95.648255	 95.647091	 95.646004	 95.644993	 95.644057	 95.643196	 95.642409	 95.641695	 95.641055	 95.640487	 95.639991	 95.639566	 95.639213	  95.63893	 95.638719	 95.638578	 95.638508	
        99	 98.954022	 98.908052	 98.862099	 98.816171	 98.770277	 98.724425	 98.678623	  98.63288	 98.587203	 98.541602	 98.496084	 98.450658	 98.405332	 98.360113	  98.31501	  98.27003	 98.225182	 98.180473	 98.135911	 98.091504	  98.04726	 98.003184	 97.959286	 97.915573	 97.872051	 97.828727	 97.785609	 97.742704	 97.700018	 97.657558	 97.615331	 97.573342	 97.531598	 97.490106	 97.448871	   97.4079	 97.367197	  97.32677	 97.286622	  97.24676	 97.207188	 97.167913	 97.128938	 97.090268	 97.051909	 97.013865	 96.976139	 96.938736	 96.901661	 96.864916	 96.828507	 96.792435	 96.756705	  96.72132	 96.686284	 96.651598	 96.617265	 96.583289	 96.549672	 96.516416	 96.483523	 96.450995	 96.418835	 96.387043	 96.355621	 96.324571	 96.293894	 96.263591	 96.233663	  96.20411	 96.174934	 96.146134	 96.117712	 96.089667	 96.061999	 96.034709	 96.007795	 95.981259	 95.955099	 95.929315	 95.903905	  95.87887	 95.854208	 95.829918	 95.805999	  95.78245	 95.759269	 95.736454	 95.714004	 95.691917	 95.670192	 95.648826	 95.627817	 95.607163	 95.586863	 95.566913	  95.54731	 95.528054	 95.509141	 95.490568	 95.472332	 95.454432	 95.436864	 95.419625	 95.402712	 95.386122	 95.369852	 95.353898	 95.338259	 95.322929	 95.307907	 95.293189	 95.278771	 95.264649	 95.250822	 95.237284	 95.224033	 95.211065	 95.198376	 95.185963	 95.173822	  95.16195	 95.150343	 95.138998	  95.12791	 95.117076	 95.106493	 95.096157	 95.086064	 95.076211	 95.066594	 95.057209	 95.048054	 95.039123	 95.030414	 95.021923	 95.013647	 95.005582	 94.997724	 94.990071	 94.982618	 94.975363	 94.968302	 94.961431	 94.954748	 94.948248	  94.94193	 94.935789	 94.929822	 94.924027	   94.9184	 94.912939	  94.90764	   94.9025	 94.897516	 94.892686	 94.888007	 94.883476	 94.879091	 94.874848	 94.870745	  94.86678	 94.862951	 94.859254	 94.855687	 94.852249	 94.848936	 94.845748	  94.84268	 94.839733	 94.836903	 94.834188	 94.831588	 94.829099	  94.82672	  94.82445	 94.822287	 94.820229	 94.818275	 94.816423	 94.814672	 94.813021	 94.811469	 94.810014	 94.808655	 94.807391	 94.806222	 94.805146	 94.804162	 94.803271	  94.80247	  94.80176	  94.80114	  94.80061	 94.800168	 94.799816	 94.799551	 94.799375	 94.799287	
        99	 98.944845	 98.889699	 98.834574	 98.779479	 98.724425	 98.669421	 98.614477	 98.559603	  98.50481	 98.450107	 98.395504	 98.341011	 98.286637	 98.232393	 98.178287	  98.12433	  98.07053	 98.016897	 97.963441	 97.910171	 97.857095	 97.804222	 97.751562	 97.699123	 97.646914	 97.594944	  97.54322	 97.491751	 97.440545	  97.38961	 97.338954	 97.288584	 97.238509	 97.188735	  97.13927	  97.09012	 97.041294	 96.992796	 96.944635	 96.896817	 96.849347	 96.802232	 96.755478	  96.70909	 96.663075	 96.617436	 96.572181	 96.527313	 96.482837	 96.438759	 96.395081	  96.35181	 96.308949	 96.266501	 96.224471	 96.182862	 96.141677	 96.100919	 96.060592	 96.020698	  95.98124	  95.94222	  95.90364	 95.865502	 95.827809	 95.790562	 95.753761	  95.71741	 95.681508	 95.646057	 95.611057	 95.576509	 95.542413	 95.508771	 95.475581	 95.442843	 95.410558	 95.378725	 95.347344	 95.316413	 95.285932	   95.2559	 95.226315	 95.197177	 95.168484	 95.140234	 95.112426	 95.085057	 95.058127	 95.031631	  95.00557	 94.979939	 94.954737	 94.929961	 94.905608	 94.881676	 94.858161	 94.835061	 94.812373	 94.790093	 94.768218	 94.746745	  94.72567	  94.70499	 94.684701	   94.6648	 94.645282	 94.626145	 94.607383	 94.588994	 94.570974	 94.553318	 94.536022	 94.519082	 94.502494	 94.486254	 94.470358	 94.454802	  94.43958	  94.42469	 94.410126	 94.395884	  94.38196	  94.36835	 94.355049	 94.342053	 94.329358	 94.316959	 94.304852	 94.293032	 94.281495	 94.270237	 94.259254	 94.248541	 94.238094	 94.227908	  94.21798	 94.208305	 94.198879	 94.189698	 94.180758	 94.172055	 94.163584	 94.155342	 94.147324	 94.139528	 94.131948	 94.124581	 94.117424	 94.110472	 94.103722	 94.097171	 94.090814	 94.084648	 94.078669	 94.072876	 94.067263	 94.061827	 94.056566	 94.051477	 94.046555	 94.041799	 94.037205	  94.03277	 94.028492	 94.024367	 94.020393	 94.016568	 94.012889	 94.009353	 94.005958	 94.002702	 93.999582	 93.996596	 93.993743	  93.99102	 93.988424	 93.985956	 93.983612	  93.98139	  93.97929	  93.97731	 93.975447	 93.973702	 93.972072	 93.970556	 93.969153	 93.967862	 93.966683	 93.965613	 93.964653	 93.963801	 93.963057	 93.962421	 93.961891	 93.961468	 93.961151	  93.96094	 93.960834	
        99	 98.935678	 98.871367	  98.80708	 98.742828	 98.678623	 98.614477	 98.550401	 98.486407	 98.422507	 98.358712	 98.295034	 98.231484	 98.168073	 98.104813	 98.041714	 97.978789	 97.916048	 97.853501	  97.79116	 97.729036	 97.667138	 97.605478	 97.544066	 97.482912	 97.422025	 97.361417	 97.301096	 97.241073	 97.181356	 97.121955	  97.06288	 97.004139	 96.945741	 96.887694	 96.830008	 96.772689	 96.715747	  96.65919	 96.603024	 96.547258	 96.491899	 96.436953	 96.382428	  96.32833	 96.274667	 96.221443	 96.168666	 96.116341	 96.064473	 96.013068	 95.962132	 95.911669	 95.861684	 95.812181	 95.763165	  95.71464	  95.66661	 95.619079	 95.572049	 95.525524	 95.479508	 95.434002	  95.38901	 95.344534	 95.300576	 95.257138	 95.214221	 95.171828	 95.129959	 95.088616	 95.047799	 95.007509	 94.967746	 94.928512	 94.889806	 94.851627	 94.813976	 94.776852	 94.740255	 94.704183	 94.668636	 94.633613	 94.599111	  94.56513	 94.531668	 94.498723	 94.466293	 94.434376	 94.402969	  94.37207	 94.341677	 94.311786	 94.282395	 94.253501	 94.225101	 94.197191	 94.169768	 94.142829	  94.11637	 94.090387	 94.064876	 94.039834	 94.015256	 93.991139	 93.967478	 93.944269	 93.921508	 93.899189	  93.87731	 93.855865	 93.834849	 93.814258	 93.794088	 93.774332	 93.754988	 93.736049	 93.717511	 93.699368	 93.681617	 93.664252	 93.647267	 93.630658	 93.614421	 93.598548	 93.583037	 93.567881	 93.553076	 93.538616	 93.524496	 93.510712	 93.497258	 93.484129	  93.47132	 93.458826	 93.446642	 93.434764	 93.423186	 93.411903	  93.40091	 93.390204	 93.379778	 93.369628	 93.359749	 93.350137	 93.340787	 93.331695	 93.322855	 93.314264	 93.305917	  93.29781	 93.289938	 93.282298	 93.274884	 93.267693	 93.260721	 93.253965	 93.247419	  93.24108	 93.234945	 93.229009	  93.22327	 93.217723	 93.212365	 93.207193	 93.202204	 93.197394	  93.19276	 93.188299	 93.184008	 93.179884	 93.175925	 93.172127	 93.168489	 93.165007	  93.16168	 93.158504	 93.155477	 93.152598	 93.149864	 93.147274	 93.144825	 93.142515	 93.140343	 93.138307	 93.136406	 93.134639	 93.133003	 93.131498	 93.130122	 93.128875	 93.127755	 93.126761	 93.125894	 93.125152	 93.124534	 93.124041	 93.123671	 93.123425	 93.123301	
        99	 98.926522	 98.853058	  98.77962	 98.706223	  98.63288	 98.559603	 98.486407	 98.413305	  98.34031	 98.267435	 98.194693	 98.122097	  98.04966	 97.977396	 97.905317	 97.833435	 97.761763	 97.690314	   97.6191	 97.548133	 97.477425	 97.406989	 97.336836	 97.266977	 97.197424	 97.128189	 97.059282	 96.990716	 96.922499	 96.854644	  96.78716	 96.720058	 96.653347	 96.587039	 96.521141	 96.455665	 96.390618	  96.32601	  96.26185	 96.198147	 96.134908	 96.072141	 96.009856	 95.948058	 95.886756	 95.825957	 95.765668	 95.705895	 95.646644	 95.587923	 95.529737	 95.472091	 95.414991	 95.358442	  95.30245	 95.247018	 95.192152	 95.137855	 95.084131	 95.030984	 94.978418	 94.926436	  94.87504	 94.824233	 94.774018	 94.724397	 94.675372	 94.626945	 94.579116	 94.531888	 94.485261	 94.439237	 94.393815	 94.348996	 94.304781	 94.261168	 94.218158	  94.17575	 94.133944	 94.092738	 94.052131	 94.012123	  93.97271	 93.933893	 93.895668	 93.858033	 93.820987	 93.784527	  93.74865	 93.713353	 93.678634	 93.644489	 93.610915	 93.577908	 93.545465	 93.513583	 93.482257	 93.451483	 93.421258	 93.391576	 93.362435	 93.333828	 93.305752	 93.278202	 93.251173	 93.224661	  93.19866	 93.173165	 93.148171	 93.123674	 93.099667	 93.076145	 93.053103	 93.030536	 93.008438	 92.986804	 92.965627	 92.944902	 92.924624	 92.904787	 92.885385	 92.866413	 92.847863	 92.829732	 92.812013	   92.7947	 92.777787	 92.761269	  92.74514	 92.729393	 92.714024	 92.699026	 92.684394	 92.670122	 92.656205	 92.642635	 92.629409	  92.61652	 92.603963	 92.591733	 92.579823	 92.568228	 92.556943	 92.545963	 92.535282	 92.524896	 92.514798	 92.504984	 92.495449	 92.486188	 92.477196	 92.468468	 92.459999	 92.451785	  92.44382	 92.436102	 92.428624	 92.421383	 92.414375	 92.407594	 92.401038	 92.394702	 92.388581	 92.382673	 92.376974	 92.371479	 92.366185	 92.361089	 92.356188	 92.351477	 92.346954	 92.342616	  92.33846	 92.334483	 92.330682	 92.327054	 92.323596	 92.320308	 92.317185	 92.314225	 92.311428	 92.308789	 92.306308	 92.303983	 92.301811	 92.299792	 92.297923	 92.296204	 92.294632	 92.293207	 92.291928	 92.290793	 92.289803	 92.288955	 92.288249	 92.287685	 92.287263	 92.286981	 92.286841	
        99	  98.91738	 98.834776	 98.752201	 98.669672	 98.587203	  98.50481	 98.422507	  98.34031	 98.258233	  98.17629	 98.094498	  98.01287	 97.931421	 97.850166	 97.769119	 97.688293	 97.607704	 97.527366	 97.447291	 97.367495	  97.28799	  97.20879	 97.129908	 97.051358	 96.973152	 96.895302	 96.817823	 96.740725	 96.664021	 96.587723	 96.511843	 96.436392	 96.361382	 96.286823	 96.212727	 96.139104	 96.065964	 95.993318	 95.921176	 95.849546	 95.778439	 95.707863	 95.637828	 95.568342	 95.499413	 95.431049	 95.363259	 95.296049	 95.229427	   95.1634	 95.097974	 95.033156	 94.968952	 94.905367	 94.842408	  94.78008	 94.718387	 94.657335	 94.596927	 94.537168	 94.478062	 94.419611	 94.361821	 94.304693	 94.248231	 94.192436	 94.137311	 94.082858	 94.029079	 93.975975	 93.923547	 93.871796	 93.820723	 93.770328	 93.720611	 93.671573	 93.623211	 93.575527	 93.528519	 93.482187	 93.436528	 93.391542	 93.347226	 93.303578	 93.260598	 93.218281	 93.176626	 93.135629	 93.095288	   93.0556	 93.016561	 92.978167	 92.940416	 92.903303	 92.866824	 92.830975	 92.795751	 92.761148	 92.727162	 92.693788	 92.661021	 92.628855	 92.597286	 92.566308	 92.535917	 92.506106	 92.476869	 92.448203	 92.420099	 92.392554	  92.36556	 92.339112	 92.313203	 92.287828	 92.262981	 92.238655	 92.214843	  92.19154	 92.168739	 92.146434	 92.124618	 92.103285	 92.082428	 92.062041	 92.042117	  92.02265	 92.003633	 91.985059	 91.966923	 91.949218	 91.931936	 91.915073	  91.89862	 91.882573	 91.866923	 91.851666	 91.836794	 91.822302	 91.808182	  91.79443	 91.781038	 91.768001	 91.755312	 91.742966	 91.730956	 91.719277	 91.707923	 91.696888	 91.686167	 91.675753	 91.665642	 91.655828	 91.646306	  91.63707	 91.628115	 91.619436	 91.611028	 91.602886	 91.595005	 91.587381	 91.580009	 91.572885	 91.566003	  91.55936	 91.552951	 91.546772	  91.54082	  91.53509	 91.529579	 91.524282	 91.519197	 91.514319	 91.509646	 91.505173	 91.500899	  91.49682	 91.492933	 91.489235	 91.485723	 91.482396	  91.47925	 91.476283	 91.473493	 91.470879	 91.468437	 91.466166	 91.464065	 91.462131	 91.460364	 91.458762	 91.457324	 91.456048	 91.454934	 91.453981	 91.453187	 91.452553	 91.452078	 91.451762	 91.451604	
        99	 98.908253	 98.816523	 98.724827	 98.633181	 98.541602	 98.450107	 98.358712	 98.267435	  98.17629	 98.085296	 97.994468	 97.903823	 97.813377	 97.723145	 97.633144	 97.543391	 97.453899	 97.364686	 97.275765	 97.187154	 97.098866	 97.010917	 96.923321	 96.836094	 96.749248	 96.662799	  96.57676	 96.491145	 96.405968	 96.321242	 96.236979	 96.153193	 96.069897	 95.987102	  95.90482	 95.823064	 95.741845	 95.661174	 95.581062	 95.501519	 95.422557	 95.344185	 95.266413	 95.189251	 95.112707	 95.036792	 94.961512	 94.886878	 94.812896	 94.739575	 94.666922	 94.594943	 94.523647	 94.453038	 94.383124	  94.31391	 94.245403	 94.177606	 94.110525	 94.044164	 93.978528	 93.913621	 93.849447	 93.786008	 93.723308	  93.66135	 93.600136	 93.539668	 93.479947	 93.420977	 93.362758	  93.30529	 93.248575	 93.192613	 93.137403	 93.082947	 93.029244	 92.976292	 92.924091	  92.87264	 92.821938	 92.771982	  92.72277	 92.674301	 92.626573	 92.579581	 92.533324	 92.487799	 92.443002	 92.398929	 92.355577	 92.312943	 92.271021	 92.229808	 92.189299	  92.14949	 92.110375	  92.07195	 92.034209	 91.997148	 91.960761	 91.925042	 91.889986	 91.855586	 91.821837	 91.788733	 91.756267	 91.724433	 91.693225	 91.662637	 91.632661	 91.603291	 91.574521	 91.546343	  91.51875	 91.491737	 91.465295	 91.439417	 91.414098	 91.389328	 91.365102	 91.341413	 91.318252	 91.295612	 91.273487	  91.25187	 91.230752	 91.210127	 91.189987	 91.170326	 91.151136	 91.132409	 91.114139	 91.096319	 91.078941	 91.061998	 91.045483	  91.02939	  91.01371	 90.998439	 90.983567	  90.96909	    90.955	  90.94129	 90.927953	 90.914984	 90.902376	 90.890122	 90.878216	 90.866652	 90.855424	 90.844526	 90.833952	 90.823695	 90.813751	 90.804113	 90.794777	 90.785735	 90.776984	 90.768518	 90.760332	  90.75242	 90.744778	 90.737401	 90.730284	 90.723423	 90.716813	  90.71045	  90.70433	 90.698448	 90.692801	 90.687385	 90.682195	 90.677229	 90.672482	 90.667952	 90.663636	 90.659529	  90.65563	 90.651935	 90.648441	 90.645147	 90.642049	 90.639145	 90.636434	 90.633912	 90.631579	 90.629432	  90.62747	 90.625691	 90.624093	 90.622677	 90.621439	 90.620381	   90.6195	 90.618796	 90.618268	 90.617917	 90.617741	
        99	 98.899143	 98.798305	 98.697503	 98.596757	 98.496084	 98.395504	 98.295034	 98.194693	 98.094498	 97.994468	 97.894621	 97.794975	 97.695548	 97.596357	 97.497419	 97.398753	 97.300375	 97.202303	 97.104553	 97.007143	 96.910088	 96.813406	 96.717112	 96.621223	 96.525754	  96.43072	 96.336138	 96.242022	 96.148387	 96.055247	 95.962618	 95.870512	 95.778945	 95.687928	 95.597477	 95.507602	 95.418318	 95.329636	 95.241569	 95.154129	 95.067326	 94.981171	 94.895677	 94.810853	 94.726709	 94.643255	   94.5605	 94.478455	 94.397127	 94.316525	 94.236657	 94.157532	 94.079156	 94.001536	  93.92468	 93.848593	 93.773283	 93.698754	 93.625012	 93.552062	 93.479908	 93.408556	 93.338009	 93.268271	 93.199345	 93.131235	 93.063942	  92.99747	  92.93182	 92.866994	 92.802993	 92.739819	 92.677472	 92.615953	 92.555262	 92.495398	 92.436362	 92.378153	 92.320768	 92.264209	 92.208471	 92.153555	 92.099457	 92.046175	 91.993707	 91.942049	 91.891199	 91.841153	 91.791908	 91.743459	 91.695802	 91.648934	  91.60285	 91.557544	 91.513013	 91.469251	 91.426252	 91.384011	 91.342523	 91.301782	 91.261782	 91.222516	 91.183978	 91.146163	 91.109063	 91.072671	 91.036982	 91.001987	  90.96768	 90.934054	 90.901102	 90.868816	 90.837189	 90.806213	  90.77588	 90.746184	 90.717117	  90.68867	 90.660836	 90.633607	 90.606976	 90.580933	 90.555473	 90.530585	 90.506264	 90.482499	 90.459285	 90.436612	 90.414472	 90.392858	 90.371763	 90.351176	 90.331092	 90.311502	 90.292399	 90.273773	 90.255619	 90.237927	 90.220691	 90.203903	 90.187555	  90.17164	 90.156151	 90.141079	 90.126419	 90.112162	 90.098301	 90.084831	 90.071743	 90.059031	 90.046688	 90.034708	 90.023083	 90.011808	 90.000876	 89.990282	 89.980018	 89.970079	 89.960459	 89.951152	 89.942152	 89.933455	 89.925054	 89.916945	 89.909121	 89.901579	 89.894313	 89.887318	  89.88059	 89.874124	 89.867916	 89.861962	 89.856257	 89.850798	  89.84558	   89.8406	 89.835855	 89.831341	 89.827054	 89.822992	 89.819152	  89.81553	 89.812125	 89.808933	 89.805952	  89.80318	 89.800615	 89.798255	 89.796098	 89.794142	 89.792386	 89.790829	 89.789469	 89.788305	 89.787337	 89.786563	 89.785983	 89.785597	 89.785403	
        99	 98.890051	 98.780123	 98.670234	 98.560406	 98.450658	 98.341011	 98.231484	 98.122097	  98.01287	 97.903823	 97.794975	 97.686346	 97.577956	 97.469823	 97.361967	 97.254406	  97.14716	 97.040247	 96.933685	 96.827494	  96.72169	 96.616292	 96.511318	 96.406784	 96.302709	 96.199109	    96.096	   95.9934	 95.891324	 95.789788	 95.688808	   95.5884	 95.488578	 95.389357	 95.290751	 95.192775	 95.095442	 94.998766	  94.90276	 94.807436	 94.712808	 94.618888	 94.525686	 94.433215	 94.341486	 94.250509	 94.160295	 94.070853	 93.982194	 93.894326	 93.807258	    93.721	 93.635558	 93.550942	 93.467157	 93.384212	 93.302112	 93.220864	 93.140475	 93.060949	 92.982291	 92.904507	   92.8276	 92.751576	 92.676436	 92.602186	 92.528827	 92.456362	 92.384794	 92.314124	 92.244354	 92.175485	 92.107518	 92.040453	 91.974291	 91.909031	 91.844673	 91.781216	 91.718659	    91.657	 91.596238	 91.536371	 91.477396	 91.419312	 91.362113	 91.305799	 91.250365	 91.195808	 91.142123	 91.089306	 91.037354	 90.986261	 90.936022	 90.886633	 90.838087	 90.790379	 90.743505	 90.697456	 90.652228	 90.607814	 90.564208	 90.521403	 90.479391	 90.438167	 90.397722	  90.35805	 90.319143	 90.280994	 90.243594	 90.206937	 90.171014	 90.135818	 90.101339	 90.067571	 90.034504	 90.002131	 89.970443	 89.939432	 89.909089	 89.879406	 89.850373	 89.821984	 89.794228	 89.767097	 89.740582	 89.714676	 89.689369	 89.664652	 89.640516	 89.616954	 89.593957	 89.571515	  89.54962	 89.528264	 89.507438	 89.487134	 89.467343	 89.448057	 89.429267	 89.410965	 89.393144	 89.375794	 89.358908	 89.342478	 89.326496	 89.310954	 89.295844	 89.281159	 89.266891	 89.253033	 89.239578	 89.226517	 89.213845	 89.201554	 89.189636	 89.178087	 89.166897	 89.156062	 89.145575	 89.135429	 89.125619	 89.116137	 89.106979	 89.098139	  89.08961	 89.081388	 89.073467	 89.065841	 89.058507	 89.051458	 89.044691	 89.038199	  89.03198	 89.026029	 89.020341	 89.014912	 89.009739	 89.004818	 89.000145	 88.995716	  88.99153	 88.987582	 88.983869	  88.98039	  88.97714	 88.974119	 88.971322	 88.968749	 88.966398	 88.964266	 88.962352	 88.960654	 88.959171	 88.957902	 88.956847	 88.956003	 88.955371	  88.95495	 88.954739	
        99	 98.880979	  98.76198	 98.643025	 98.524135	 98.405332	 98.286637	 98.168073	  98.04966	 97.931421	 97.813377	 97.695548	 97.577956	 97.460622	 97.343567	 97.226811	 97.110376	  96.99428	 96.878546	 96.763192	 96.648238	 96.533705	 96.419611	 96.305975	 96.192816	 96.080153	 95.968005	 95.856389	 95.745323	 95.634825	 95.524911	   95.4156	 95.306906	 95.198848	  95.09144	 94.984698	 94.878638	 94.773274	 94.668621	 94.564693	 94.461505	 94.359069	 94.257399	 94.156507	 94.056407	 93.957109	 93.858625	 93.760967	 93.664145	 93.568171	 93.473053	 93.378801	 93.285426	 93.192934	 93.101336	 93.010638	 92.920849	 92.831975	 92.744024	 92.657001	 92.570913	 92.485765	 92.401563	 92.318311	 92.236014	 92.154674	 92.074297	 91.994886	 91.916442	 91.838969	 91.762468	 91.686941	 91.612389	 91.538814	 91.466216	 91.394594	  91.32395	 91.254282	 91.185589	  91.11787	 91.051124	 90.985348	 90.920542	 90.856701	 90.793823	 90.731906	 90.670945	 90.610937	 90.551878	 90.493763	 90.436589	  90.38035	 90.325041	 90.270657	 90.217192	 90.164641	 90.112997	 90.062255	 90.012407	 89.963447	 89.915369	 89.868164	 89.821827	 89.776349	 89.731723	 89.687942	 89.644996	 89.602879	 89.561582	 89.521097	 89.481415	 89.442528	 89.404427	 89.367104	  89.33055	 89.294755	  89.25971	 89.225408	 89.191838	 89.158991	 89.126859	 89.095431	 89.064699	 89.034652	 89.005283	 88.976581	 88.948537	 88.921141	 88.894385	 88.868258	 88.842752	 88.817857	 88.793563	 88.769862	 88.746744	   88.7242	  88.70222	 88.680796	 88.659919	 88.639578	 88.619767	 88.600475	 88.581693	 88.563414	 88.545629	 88.528328	 88.511503	 88.495147	  88.47925	 88.463805	 88.448804	 88.434238	   88.4201	 88.406382	 88.393076	 88.380176	 88.367673	 88.355561	 88.343832	 88.332479	 88.321496	 88.310876	 88.300612	 88.290699	 88.281129	 88.271896	 88.262996	 88.254421	 88.246166	 88.238227	 88.230596	  88.22327	 88.216244	 88.209511	 88.203069	 88.196911	 88.191035	 88.185435	 88.180108	 88.175049	 88.170255	 88.165723	  88.16145	 88.157431	 88.153664	 88.150147	 88.146876	 88.143849	 88.141063	 88.138518	  88.13621	 88.134138	   88.1323	 88.130695	 88.129321	 88.128179	 88.127265	 88.126581	 88.126125	 88.125897	
        99	 98.871929	 98.743881	  98.61588	  98.48795	 98.360113	 98.232393	 98.104813	 97.977396	 97.850166	 97.723145	 97.596357	 97.469823	 97.343567	 97.217611	 97.091977	 96.966688	 96.841765	 96.717229	 96.593104	 96.469409	 96.346166	 96.223396	  96.10112	 95.979356	 95.858127	  95.73745	 95.617347	 95.497836	 95.378935	 95.260664	  95.14304	 95.026081	 94.909806	 94.794231	 94.679372	 94.565247	 94.451871	 94.339261	  94.22743	 94.116395	  94.00617	 93.896769	 93.788206	 93.680493	 93.573644	 93.467672	 93.362588	 93.258404	 93.155132	 93.052781	 92.951362	 92.850886	 92.751362	 92.652798	 92.555204	 92.458587	 92.362955	 92.268316	 92.174676	 92.082042	  91.99042	 91.899815	 91.810232	 91.721676	 91.634152	 91.547663	 91.462213	 91.377804	  91.29444	 91.212122	 91.130852	 91.050632	 90.971462	 90.893343	 90.816275	 90.740259	 90.665293	 90.591377	 90.518508	 90.446687	  90.37591	 90.306175	  90.23748	 90.169821	 90.103195	 90.037599	 89.973028	 89.909478	 89.846945	 89.785423	 89.724907	 89.665393	 89.606873	 89.549343	 89.492796	 89.437225	 89.382624	 89.328986	 89.276303	 89.224569	 89.173775	 89.123914	 89.074978	 89.026959	 88.979848	 88.933637	 88.888317	  88.84388	 88.800316	 88.757617	 88.715773	 88.674775	 88.634614	 88.595279	 88.556763	 88.519054	 88.482143	  88.44602	 88.410676	   88.3761	 88.342282	 88.309213	 88.276882	 88.245279	 88.214395	 88.184218	  88.15474	 88.125949	 88.097835	  88.07039	 88.043601	 88.017461	 87.991957	 87.967081	 87.942823	 87.919172	 87.896119	 87.873653	 87.851767	 87.830448	 87.809689	  87.78948	 87.769811	 87.750673	 87.732056	 87.713952	 87.696352	 87.679247	 87.662627	 87.646485	 87.630812	 87.615599	 87.600838	  87.58652	 87.572639	 87.559185	 87.546152	 87.533531	 87.521315	 87.509497	 87.498069	 87.487025	 87.476358	  87.46606	 87.456126	 87.446548	 87.437321	 87.428439	 87.419896	 87.411685	 87.403802	 87.396241	 87.388997	 87.382064	 87.375439	 87.369115	  87.36309	 87.357357	 87.351914	 87.346756	 87.341879	  87.33728	 87.332956	 87.328903	 87.325118	 87.321598	 87.318341	 87.315344	 87.312605	 87.310121	 87.307892	 87.305914	 87.304187	 87.302709	 87.301479	 87.300497	 87.299761	  87.29927	 87.299025	
        99	 98.862902	 98.725828	 98.588805	 98.451857	  98.31501	 98.178287	 98.041714	 97.905317	 97.769119	 97.633144	 97.497419	 97.361967	 97.226811	 97.091977	 96.957488	 96.823367	 96.689639	 96.556326	 96.423451	 96.291038	 96.159108	 96.027684	 95.896789	 95.766443	 95.636668	 95.507486	 95.378917	 95.250981	   95.1237	 94.997092	 94.871178	 94.745975	 94.621504	 94.497782	 94.374828	 94.252658	 94.131291	 94.010743	  93.89103	 93.772169	 93.654174	 93.537062	 93.420846	 93.305541	 93.191161	  93.07772	 92.965229	 92.853701	 92.743149	 92.633584	 92.525017	 92.417459	 92.310919	 92.205408	 92.100935	 91.997508	 91.895135	 91.793825	 91.693585	 91.594422	 91.496341	  91.39935	 91.303453	 91.208655	 91.114962	 91.022377	 90.930903	 90.840545	 90.751305	 90.663184	 90.576186	 90.490311	 90.405561	 90.321936	 90.239436	 90.158061	 90.077811	 89.998685	 89.920681	 89.843797	 89.768031	 89.693381	 89.619844	 89.547416	 89.476094	 89.405874	 89.336751	 89.268722	 89.201781	 89.135923	 89.071142	 89.007432	 88.944788	 88.883203	  88.82267	 88.763182	 88.704732	 88.647313	 88.590917	 88.535536	 88.481162	 88.427787	 88.375401	 88.323997	 88.273566	 88.224097	 88.175583	 88.128014	 88.081379	  88.03567	 87.990877	 87.946989	 87.903997	 87.861891	 87.820659	 87.780292	 87.740779	 87.702111	 87.664275	 87.627262	 87.591061	  87.55566	 87.521051	  87.48722	 87.454159	 87.421855	 87.390299	 87.359479	 87.329384	 87.300003	 87.271327	 87.243344	 87.216042	 87.189413	 87.163445	 87.138127	 87.113449	   87.0894	  87.06597	  87.04315	 87.020927	 86.999293	 86.978238	 86.957751	 86.937822	 86.918442	 86.899601	  86.88129	 86.863499	 86.846219	 86.829441	 86.813156	 86.797354	 86.782028	 86.767168	 86.752766	 86.738814	 86.725304	 86.712227	 86.699576	 86.687342	  86.67552	   86.6641	 86.653077	 86.642442	  86.63219	 86.622313	 86.612804	 86.603659	 86.594869	 86.586431	 86.578337	 86.570582	 86.563161	 86.556068	 86.549299	 86.542848	 86.536712	 86.530885	 86.525363	 86.520143	  86.51522	 86.510591	 86.506252	   86.5022	 86.498432	 86.494946	 86.491737	 86.488805	 86.486147	  86.48376	 86.481643	 86.479794	 86.478212	 86.476896	 86.475844	 86.475056	  86.47453	 86.474268	
        99	 98.853899	 98.707825	 98.561804	 98.415864	  98.27003	  98.12433	 97.978789	 97.833435	 97.688293	 97.543391	 97.398753	 97.254406	 97.110376	 96.966688	 96.823367	  96.68044	  96.53793	 96.395863	 96.254263	 96.113155	 95.972562	 95.832509	 95.693018	 95.554113	 95.415817	 95.278152	  95.14114	 95.004804	 94.869165	 94.734243	  94.60006	 94.466637	 94.333992	 94.202146	 94.071118	 93.940926	  93.81159	 93.683126	 93.555552	 93.428886	 93.303143	 93.178341	 93.054494	 92.931618	 92.809727	 92.688836	 92.568958	 92.450108	 92.332296	 92.215537	 92.099841	  91.98522	 91.871684	 91.759245	 91.647911	 91.537692	 91.428598	 91.320635	 91.213813	 91.108138	 91.003617	 90.900257	 90.798063	 90.697041	 90.597195	  90.49853	  90.40105	 90.304758	 90.209658	 90.115751	  90.02304	 89.931527	 89.841211	 89.752095	 89.664178	  89.57746	  89.49194	 89.407618	 89.324492	 89.242559	 89.161818	 89.082266	   89.0039	 88.926716	 88.850711	  88.77588	 88.702219	 88.629723	 88.558386	 88.488203	 88.419168	 88.351275	 88.284517	 88.218888	  88.15438	 88.090986	 88.028698	 87.967509	  87.90741	 87.848392	 87.790448	 87.733567	 87.677742	 87.622963	  87.56922	 87.516503	 87.464803	  87.41411	 87.364414	 87.315703	 87.267968	 87.221199	 87.175384	 87.130512	 87.086573	 87.043555	 87.001448	  86.96024	  86.91992	 86.880477	 86.841898	 86.804174	 86.767291	 86.731239	 86.696007	 86.661582	 86.627954	 86.595109	 86.563038	 86.531729	 86.501169	 86.471348	 86.442255	 86.413877	 86.386203	 86.359223	 86.332924	 86.307296	 86.282328	 86.258009	 86.234327	 86.211273	 86.188835	 86.167002	 86.145765	 86.125113	 86.105035	 86.085521	 86.066562	 86.048147	 86.030268	 86.012913	 85.996074	 85.979741	 85.963905	 85.948558	 85.933689	 85.919292	 85.905356	 85.891874	 85.878838	 85.866239	  85.85407	 85.842322	 85.830989	 85.820063	 85.809538	 85.799405	 85.789659	 85.780293	   85.7713	 85.762674	  85.75441	 85.746502	 85.738943	  85.73173	 85.724856	 85.718316	 85.712107	 85.706223	 85.700659	 85.695413	  85.69048	 85.685856	 85.681538	 85.677523	 85.673807	 85.670389	 85.667264	 85.664431	 85.661887	 85.659631	 85.657661	 85.655975	 85.654572	 85.653451	 85.652611	 85.652052	 85.651772	
        99	 98.844923	 98.689874	 98.534882	 98.379975	 98.225182	  98.07053	 97.916048	 97.761763	 97.607704	 97.453899	 97.300375	  97.14716	  96.99428	 96.841765	 96.689639	  96.53793	 96.386665	  96.23587	  96.08557	 95.935792	 95.786562	 95.637904	 95.489843	 95.342404	 95.195611	 95.049488	 94.904059	 94.759346	 94.615373	 94.472163	 94.329736	 94.188115	 94.047321	 93.907375	 93.768296	 93.630106	 93.492823	 93.356467	 93.221055	 93.086606	 92.953139	 92.820668	 92.689212	 92.558787	 92.429408	 92.301089	 92.173847	 92.047694	 91.922644	 91.798711	 91.675907	 91.554244	 91.433733	 91.314386	 91.196212	 91.079222	 90.963424	 90.848829	 90.735444	 90.623276	 90.512334	 90.402623	  90.29415	 90.186922	 90.080941	 89.976215	 89.872746	 89.770538	 89.669595	 89.569919	 89.471512	 89.374376	 89.278512	  89.18392	 89.090602	 88.998556	 88.907782	 88.818279	 88.730046	 88.643079	 88.557378	 88.472938	 88.389758	 88.307832	 88.227157	 88.147729	 88.069542	 87.992591	 87.916872	 87.842377	 87.769101	 87.697036	 87.626177	 87.556516	 87.488045	 87.420756	 87.354641	 87.289692	 87.225901	 87.163257	 87.101753	 87.041378	 86.982123	 86.923978	 86.866933	 86.810977	 86.756101	 86.702294	 86.649544	 86.597841	 86.547173	  86.49753	   86.4489	 86.401272	 86.354633	 86.308973	 86.264279	 86.220539	 86.177742	 86.135875	 86.094926	 86.054884	 86.015735	 85.977469	 85.940072	 85.903532	 85.867837	 85.832975	 85.798934	 85.765701	 85.733264	  85.70161	 85.670729	 85.640608	 85.611234	 85.582596	 85.554681	 85.527479	 85.500977	 85.475164	 85.450027	 85.425556	  85.40174	 85.378566	 85.356024	 85.334103	 85.312791	 85.292079	 85.271955	 85.252409	  85.23343	 85.215009	 85.197136	 85.179799	 85.162991	   85.1467	 85.130919	 85.115636	 85.100845	 85.086534	 85.072697	 85.059324	 85.046407	 85.033938	 85.021909	 85.010312	 84.999139	 84.988384	 84.978039	 84.968098	 84.958552	 84.949397	 84.940625	 84.932231	 84.924208	 84.916551	 84.909255	 84.902313	 84.895722	 84.889477	 84.883572	 84.878003	 84.872767	 84.867859	 84.863276	 84.859014	  84.85507	 84.851441	 84.848124	 84.845117	 84.842417	 84.840023	 84.837931	 84.836142	 84.834653	 84.833463	 84.832572	 84.831978	 84.831681	
