Time step 90:
        99	        99	        99	        99	        99	        99	        99	        99	        99	        99	        99	        99	        99	        99	        99	        99	        99	        99	        99	        99	        99	        99	        99	        99	        99	        99	        99	        99	        99	        99	        99	        99	        99	        99	        99	        99	        99	        99	        99	        99	        99	        99	        99	        99	        99	        99	        99	        99	        99	        99	        99	        99	        99	        99	        99	        99	        99	        99	        99	        99	        99	        99	        99	        99	        99	        99	        99	        99	        99	        99	        99	        99	        99	        99	        99	        99	        99	        99	        99	        99	        99	        99	        99	        99	        99	        99	        99	        99	        99	        99	        99	        99	        99	        99	        99	        99	        99	        99	        99	        99	        99	        99	        99	        99	        99	        99	        99	        99	        99	        99	        99	        99	        99	        99	        99	        99	        99	        99	        99	        99	        99	        99	        99	        99	        99	        99	        99	        99	        99	        99	        99	        99	        99	        99	        99	        99	        99	        99	        99	        99	        99	        99	        99	        99	        99	        99	        99	        99	        99	        99	        99	        99	        99	        99	        99	        99	        99	        99	        99	        99	        99	        99	        99	        99	        99	        99	        99	        99	        99	        99	        99	        99	        99	        99	        99	        99	        99	        99	        99	        99	        99	        99	        99	        99	        99	        99	        99	        99	        99	        99	        99	        99	        99	        99	        99	        99	        99	        99	        99	        99	
        99	 98.992945	 98.985891	 98.978839	 98.971791	 98.964746	 98.957706	 98.950671	 98.943644	 98.936625	 98.929615	 98.922614	 98.915624	 98.908646	 98.901681	 98.894729	 98.887792	 98.880871	 98.873966	 98.867078	 98.860209	 98.853359	  98.84653	 98.839721	 98.832934	  98.82617	  98.81943	 98.812715	 98.806024	  98.79936	 98.792724	 98.786115	 98.779534	 98.772984	 98.766463	 98.759974	 98.753516	 98.747091	 98.740699	 98.734342	 98.728019	 98.721731	  98.71548	 98.709265	 98.703088	 98.696949	 98.690849	 98.684787	 98.678766	 98.672785	 98.666846	 98.660948	 98.655092	 98.649278	 98.643508	 98.637782	 98.632099	 98.626461	 98.620869	 98.615321	  98.60982	 98.604364	 98.598956	 98.593594	 98.588279	 98.583013	 98.577794	 98.572623	 98.567501	 98.562428	 98.557404	 98.552429	 98.547504	 98.542628	 98.537803	 98.533027	 98.528302	 98.523627	 98.519002	 98.514429	 98.509905	 98.505433	 98.501011	 98.496641	 98.492321	 98.488053	 98.483835	 98.479668	 98.475553	 98.471488	 98.467474	 98.463511	 98.459599	 98.455737	 98.451926	 98.448166	 98.444456	 98.440796	 98.437186	 98.433626	 98.430117	 98.426656	 98.423245	 98.419884	 98.416571	 98.413308	 98.410093	 98.406926	 98.403808	 98.400737	 98.397714	 98.394739	 98.391811	 98.388929	 98.386095	 98.383306	 98.380563	 98.377867	 98.375215	 98.372609	 98.370047	  98.36753	 98.365057	 98.362627	 98.360241	 98.357899	 98.355599	 98.353341	 98.351125	 98.348951	 98.346819	 98.344727	 98.342676	 98.340665	 98.338695	 98.336763	 98.334871	 98.333018	 98.331203	 98.329426	 98.327687	 98.325986	 98.324321	 98.322693	 98.321101	 98.319546	 98.318025	  98.31654	  98.31509	 98.313674	 98.312293	 98.310945	 98.309631	  98.30835	 98.307102	 98.305886	 98.304702	  98.30355	  98.30243	 98.301341	 98.300283	 98.299255	 98.298258	  98.29729	 98.296353	 98.295445	 98.294566	 98.293715	 98.292894	 98.292101	 98.291336	 98.290599	 98.289889	 98.289207	 98.288553	 98.287925	 98.287324	 98.286749	 98.286201	 98.285679	 98.285184	 98.284714	 98.284269	  98.28385	 98.283457	 98.283089	 98.282746	 98.282428	 98.282135	 98.281867	 98.281623	 98.281404	  98.28121	  98.28104	 98.280894	 98.280773	 98.280676	 98.280603	 98.280555	 98.280531	
        99	 98.985891	 98.971785	 98.957682	 98.943585	 98.929496	 98.915417	  98.90135	 98.887296	 98.873259	 98.859239	 98.845239	  98.83126	 98.817305	 98.803376	 98.789473	   98.7756	 98.761758	  98.74795	 98.734175	 98.720438	 98.706739	 98.693081	 98.679464	 98.665892	 98.652365	 98.638886	 98.625455	 98.612076	 98.598749	 98.585476	 98.572259	   98.5591	 98.545999	 98.532959	 98.519981	 98.507067	 98.494218	 98.481435	 98.468721	 98.456076	 98.443502	    98.431	 98.418571	 98.406218	 98.393941	 98.381741	 98.369619	 98.357578	 98.345617	 98.333738	 98.321943	 98.310232	 98.298606	 98.287066	 98.275614	  98.26425	 98.252975	  98.24179	 98.230696	 98.219694	 98.208784	 98.197967	 98.187245	 98.176617	 98.166084	 98.155647	 98.145307	 98.135064	 98.124918	  98.11487	 98.104922	 98.095072	 98.085321	 98.075671	  98.06612	  98.05667	 98.047321	 98.038072	 98.028925	  98.01988	 98.010935	 98.002093	 97.993352	 97.984714	 97.976177	 97.967742	  97.95941	 97.951179	  97.94305	 97.935023	 97.927097	 97.919273	 97.911551	 97.903929	 97.896409	 97.888989	  97.88167	 97.874451	 97.867332	 97.860313	 97.853393	 97.846572	 97.839849	 97.833225	 97.826698	 97.820268	 97.813936	 97.807699	 97.801559	 97.795513	 97.789563	 97.783707	 97.777944	 97.772275	 97.766699	 97.761214	 97.755821	 97.750518	 97.745306	 97.740183	 97.735149	 97.730203	 97.725344	 97.720573	 97.715887	 97.711288	 97.706773	 97.702342	 97.697994	 97.693729	 97.689546	 97.685445	 97.681424	 97.677482	  97.67362	 97.669836	  97.66613	   97.6625	 97.658947	 97.655469	 97.652066	 97.648737	 97.645481	 97.642298	 97.639187	 97.636146	 97.633176	 97.630276	 97.627445	 97.624682	 97.621987	 97.619359	 97.616797	   97.6143	 97.611869	 97.609502	 97.607198	 97.604958	  97.60278	 97.600663	 97.598608	 97.596614	 97.594679	 97.592804	 97.590988	  97.58923	  97.58753	 97.585887	 97.584301	 97.582771	 97.581297	 97.579879	 97.578515	 97.577205	  97.57595	 97.574748	 97.573599	 97.572503	 97.571459	 97.570467	 97.569528	 97.568639	 97.567802	 97.567015	 97.566279	 97.565593	 97.564957	 97.564371	 97.563834	 97.563347	 97.562909	  97.56252	  97.56218	 97.561889	 97.561647	 97.561453	 97.561307	 97.561211	 97.561162	
        99	 98.978839	 98.957682	  98.93653	 98.915387	 98.894256	  98.87314	 98.852042	 98.830965	 98.809911	 98.788883	 98.767885	  98.74692	  98.72599	 98.705098	 98.684247	  98.66344	 98.642679	 98.621969	  98.60131	 98.580706	  98.56016	 98.539675	 98.519253	 98.498897	 98.478609	 98.458392	 98.438249	 98.418182	 98.398194	 98.378287	 98.358464	 98.338727	 98.319078	 98.299521	 98.280056	 98.260687	 98.241416	 98.222244	 98.203175	 98.184209	  98.16535	   98.1466	 98.127959	 98.109431	 98.091017	 98.072719	 98.054539	 98.036479	  98.01854	 98.000724	 97.983033	 97.965469	 97.948032	 97.930725	 97.913548	 97.896504	 97.879594	 97.862818	 97.846179	 97.829678	 97.813315	 97.797092	  97.78101	  97.76507	 97.749272	 97.733619	  97.71811	 97.702747	  97.68753	 97.672461	 97.657539	 97.642766	 97.628142	 97.613668	 97.599344	  97.58517	 97.571148	 97.557277	 97.543558	 97.529991	 97.516577	 97.503315	 97.490205	 97.477249	 97.464445	 97.451795	 97.439297	 97.426952	  97.41476	 97.402721	 97.390834	 97.379099	 97.367517	 97.356086	 97.344807	 97.333679	 97.322701	 97.311874	 97.301197	 97.290669	 97.280291	  97.27006	 97.259977	 97.250042	 97.240253	  97.23061	 97.221112	 97.211758	 97.202548	 97.193482	 97.184557	 97.175774	 97.167131	 97.158628	 97.150264	 97.142038	 97.133949	 97.125996	 97.118178	 97.110495	 97.102945	 97.095527	  97.08824	 97.081084	 97.074056	 97.067158	 97.060386	  97.05374	  97.04722	 97.040823	 97.034549	 97.028398	 97.022367	 97.016455	 97.010663	 97.004987	 96.999429	 96.993985	 96.988656	  96.98344	 96.978336	 96.973343	  96.96846	 96.963685	 96.959019	 96.954459	 96.950005	 96.945655	 96.941408	 96.937265	 96.933222	  96.92928	 96.925438	 96.921694	 96.918047	 96.914496	 96.911042	 96.907681	 96.904415	 96.901241	 96.898158	 96.895167	 96.892265	 96.889453	 96.886729	 96.884093	 96.881543	 96.879079	   96.8767	 96.874406	 96.872195	 96.870067	 96.868021	 96.866057	 96.864174	 96.862371	 96.860648	 96.859005	 96.857439	 96.855952	 96.854542	  96.85321	 96.851954	 96.850774	  96.84967	 96.848641	 96.847687	 96.846808	 96.846003	 96.845273	 96.844616	 96.844033	 96.843523	 96.843086	 96.842722	 96.842432	 96.842214	 96.842068	 96.841996	
        99	 98.971791	 98.943585	 98.915387	 98.887202	 98.859032	 98.830882	 98.802755	 98.774656	 98.746589	 98.718557	 98.690565	 98.662615	 98.634713	 98.606862	 98.579065	 98.551327	 98.523651	 98.496041	   98.4685	 98.441033	 98.413643	 98.386334	 98.359109	 98.331972	 98.304926	 98.277974	 98.251121	  98.22437	 98.197723	 98.171185	 98.144759	 98.118447	 98.092253	  98.06618	 98.040232	 98.014411	  97.98872	 97.963162	  97.93774	 97.912457	 97.887316	 97.862319	 97.837469	 97.812769	 97.788221	 97.763828	 97.739592	 97.715516	 97.691601	 97.667851	 97.644266	 97.620851	 97.597606	 97.574533	 97.551635	 97.528913	  97.50637	 97.484006	 97.461824	 97.439826	 97.418012	 97.396385	 97.374946	 97.353696	 97.332636	 97.311768	 97.291093	 97.270613	 97.250327	 97.230238	 97.210346	 97.190651	 97.171156	  97.15186	 97.132764	 97.113869	 97.095176	 97.076685	 97.058396	 97.040309	 97.022426	 97.004746	  96.98727	 96.969998	 96.952929	 96.936064	 96.919403	 96.902946	 96.886693	 96.870643	 96.854796	 96.839153	 96.823712	 96.808474	 96.793437	 96.778602	 96.763968	 96.749534	   96.7353	 96.721266	  96.70743	 96.693791	  96.68035	 96.667104	 96.654054	 96.641199	 96.628537	 96.616068	  96.60379	 96.591703	 96.579806	 96.568097	 96.556575	  96.54524	 96.534089	 96.523123	 96.512339	 96.501737	 96.491315	 96.481072	 96.471007	 96.461118	 96.451404	 96.441864	 96.432496	 96.423299	 96.414271	 96.405412	 96.396719	 96.388192	 96.379828	 96.371627	 96.363587	 96.355707	 96.347984	 96.340419	 96.333008	 96.325751	 96.318647	 96.311693	 96.304889	 96.298233	 96.291723	 96.285358	 96.279137	 96.273058	  96.26712	 96.261321	 96.255661	 96.250136	 96.244748	 96.239492	  96.23437	 96.229378	 96.224517	 96.219784	 96.215178	 96.210699	 96.206344	 96.202112	 96.198003	 96.194015	 96.190147	 96.186398	 96.182767	 96.179252	 96.175853	 96.172568	 96.169397	 96.166338	 96.163391	 96.160554	 96.157827	 96.155209	 96.152699	 96.150295	 96.147998	 96.145807	  96.14372	 96.141737	 96.139858	 96.138081	 96.136407	 96.134834	 96.133362	 96.131991	 96.130719	 96.129547	 96.128475	 96.127501	 96.126625	 96.125847	 96.125168	 96.124585	 96.124101	 96.123713	 96.123422	 96.123229	 96.123132	
        99	 98.964746	 98.929496	 98.894256	 98.859032	 98.823827	 98.788646	 98.753496	  98.71838	 98.683303	  98.64827	 98.613287	 98.578358	 98.543487	  98.50868	 98.473942	 98.439276	 98.404689	 98.370183	 98.335765	 98.301439	 98.267208	 98.233079	 98.199055	  98.16514	  98.13134	 98.097658	 98.064099	 98.030666	 97.997365	   97.9642	 97.931173	  97.89829	 97.865555	 97.832971	 97.800542	 97.768273	 97.736166	 97.704225	 97.672454	 97.640857	 97.609438	 97.578198	 97.547142	 97.516274	 97.485595	  97.45511	 97.424822	 97.394732	 97.364846	 97.335164	  97.30569	 97.276426	 97.247376	 97.218541	 97.189925	 97.161529	 97.133355	 97.105407	 97.077685	 97.050193	 97.022932	 96.995903	  96.96911	 96.942553	 96.916234	 96.890154	 96.864316	 96.838721	 96.813369	 96.788263	 96.763403	  96.73879	 96.714426	 96.690311	 96.666447	 96.642833	 96.619471	 96.596362	 96.573505	 96.550902	 96.528553	 96.506458	 96.484617	 96.463031	   96.4417	 96.420623	 96.399801	 96.379234	 96.358922	 96.338864	  96.31906	  96.29951	 96.280213	 96.261169	 96.242377	 96.223837	 96.205548	  96.18751	 96.169721	 96.152182	  96.13489	 96.117846	 96.101047	 96.084494	 96.068185	 96.052119	 96.036295	 96.020712	 96.005368	 95.990262	 95.975394	 95.960761	 95.946362	 95.932195	 95.918261	 95.904555	 95.891079	 95.877829	 95.864804	 95.852003	 95.839424	 95.827066	 95.814926	 95.803003	 95.791295	 95.779801	 95.768519	 95.757447	 95.746584	 95.735927	 95.725475	 95.715226	 95.705178	 95.695329	 95.685678	 95.676223	 95.666962	 95.657893	 95.649014	 95.640324	 95.631821	 95.623502	 95.615366	 95.607412	 95.599637	  95.59204	 95.584619	 95.577372	 95.570298	 95.563394	 95.556659	 95.550092	  95.54369	 95.537452	 95.531376	 95.525461	 95.519705	 95.514107	 95.508665	 95.503376	 95.498241	 95.493257	 95.488423	 95.483738	   95.4792	 95.474807	 95.470559	 95.466454	 95.462491	 95.458668	 95.454985	  95.45144	 95.448032	  95.44476	 95.441622	 95.438619	 95.435748	 95.433009	 95.430401	 95.427924	 95.425575	 95.423355	 95.421262	 95.419296	 95.417457	 95.415743	 95.414154	 95.412689	 95.411349	 95.410131	 95.409037	 95.408065	 95.407216	 95.406488	 95.405882	 95.405398	 95.405035	 95.404793	 95.404672	
        99	 98.957706	 98.915417	  98.87314	 98.830882	 98.788646	 98.746441	 98.704271	 98.662142	 98.620061	 98.578033	 98.536064	 98.494159	 98.452326	 98.410568	 98.368892	 98.327305	  98.28581	 98.244414	 98.203123	 98.161942	 98.120876	 98.079931	 98.039113	 97.998426	 97.957876	 97.917468	 97.877207	 97.837099	 97.797148	 97.757359	 97.717738	 97.678289	 97.639016	 97.599926	 97.561021	 97.522307	 97.483789	  97.44547	 97.407355	 97.369448	 97.331754	 97.294276	 97.257019	 97.219986	 97.183182	 97.146609	 97.110272	 97.074174	 97.038319	  97.00271	 96.967351	 96.932243	 96.897392	 96.862799	 96.828468	 96.794402	 96.760602	 96.727073	 96.693816	 96.660833	 96.628128	 96.595702	 96.563558	 96.531698	 96.500124	 96.468836	 96.437839	 96.407132	 96.376718	 96.346598	 96.316774	 96.287246	 96.258017	 96.229086	 96.200456	 96.172127	   96.1441	 96.116376	 96.088955	 96.061838	 96.035026	 96.008519	 95.982317	  95.95642	 95.930829	 95.905544	 95.880564	  95.85589	 95.831521	 95.807458	 95.783699	 95.760245	 95.737095	 95.714248	 95.691703	 95.669461	  95.64752	  95.62588	 95.604539	 95.583497	 95.562752	 95.542304	 95.522151	 95.502293	 95.482727	 95.463453	 95.444469	 95.425774	 95.407366	 95.389244	 95.371406	 95.353851	 95.336576	 95.319581	 95.302864	 95.286422	 95.270254	 95.254358	 95.238733	 95.223375	 95.208284	 95.193458	 95.178894	  95.16459	 95.150545	 95.136755	  95.12322	 95.109938	 95.096905	  95.08412	  95.07158	 95.059284	  95.04723	 95.035415	 95.023837	 95.012494	 95.001383	 94.990503	 94.979851	 94.969426	 94.959224	 94.949244	 94.939484	 94.929942	 94.920614	   94.9115	 94.902597	 94.893903	 94.885416	 94.877134	 94.869054	 94.861175	 94.853495	 94.846011	 94.838722	 94.831626	 94.824721	 94.818004	 94.811475	 94.805131	  94.79897	 94.792991	 94.787192	 94.781571	 94.776126	 94.770857	  94.76576	 94.760836	 94.756081	 94.751495	 94.747076	 94.742823	 94.738734	 94.734809	 94.731045	 94.727442	 94.723998	 94.720712	 94.717583	 94.714611	 94.711793	  94.70913	 94.706619	 94.704261	 94.702054	 94.699998	 94.698091	 94.696334	 94.694726	 94.693266	 94.691953	 94.690787	 94.689768	 94.688895	 94.688168	 94.687587	 94.687151	 94.686861	 94.686716	
        99	 98.950671	  98.90135	 98.852042	 98.802755	 98.753496	 98.704271	 98.655088	 98.605953	 98.556873	 98.507855	 98.458906	 98.410032	 98.361241	 98.312538	 98.263932	 98.215427	 98.167031	 98.118751	 98.070593	 98.022563	 97.974667	 97.926913	 97.879306	 97.831852	 97.784558	  97.73743	 97.690473	 97.643694	 97.597099	 97.550693	 97.504482	 97.458472	 97.412668	 97.367076	 97.321701	 97.276549	 97.231624	 97.186933	 97.142479	 97.098268	 97.054305	 97.010594	  96.96714	 96.923949	 96.881023	 96.838368	 96.795988	 96.753886	 96.712068	 96.670537	 96.629296	  96.58835	 96.547703	 96.507357	 96.467316	 96.427584	 96.388163	 96.349057	 96.310269	 96.271801	 96.233657	 96.195839	 96.158349	  96.12119	 96.084364	 96.047873	  96.01172	 95.975907	 95.940434	 95.905305	  95.87052	 95.836082	 95.801991	  95.76825	 95.734858	 95.701818	 95.669129	 95.636794	 95.604813	 95.573186	 95.541915	 95.510999	 95.480439	 95.450236	 95.420389	 95.390898	 95.361764	 95.332986	 95.304565	 95.276499	 95.248789	 95.221434	 95.194434	 95.167787	 95.141493	 95.115552	 95.089962	 95.064723	 95.039833	 95.015291	 94.991096	 94.967247	 94.943743	 94.920582	 94.897762	 94.875282	 94.853141	 94.831337	 94.809867	 94.788731	 94.767927	 94.747452	 94.727305	 94.707483	 94.687985	 94.668809	 94.649952	 94.631413	 94.613188	 94.595277	 94.577676	 94.560384	 94.543397	 94.526715	 94.510333	 94.494251	 94.478465	 94.462973	 94.447772	 94.432861	 94.418236	 94.403896	 94.389836	 94.376056	 94.362553	 94.349323	 94.336364	 94.323675	 94.311252	 94.299092	 94.287194	 94.275555	 94.264171	 94.253041	 94.242163	 94.231533	 94.221149	 94.211009	 94.201111	 94.191451	 94.182027	 94.172838	  94.16388	 94.155152	 94.146651	 94.138375	 94.130321	 94.122488	 94.114872	 94.107473	 94.100288	 94.093314	 94.086551	 94.079995	 94.073645	 94.067499	 94.061555	 94.055811	 94.050266	 94.044917	 94.039763	 94.034803	 94.030034	 94.025456	 94.021066	 94.016863	 94.012847	 94.009015	 94.005366	 94.001899	 93.998612	 93.995506	 93.992578	 93.989827	 93.987253	 93.984855	 93.982632	 93.980583	 93.978707	 93.977003	 93.975472	 93.974113	 93.972924	 93.971906	 93.971058	  93.97038	 93.969872	 93.969533	 93.969364	
        99	 98.943644	 98.887296	 98.830965	 98.774656	  98.71838	 98.662142	 98.605953	 98.549818	 98.493746	 98.437746	 98.381823	 98.325987	 98.270245	 98.214605	 98.159074	  98.10366	  98.04837	 97.993212	 97.938193	  97.88332	 97.828602	 97.774044	 97.719655	 97.665442	  97.61141	 97.557568	 97.503922	  97.45048	 97.397246	  97.34423	 97.291436	 97.238871	 97.186542	 97.134455	 97.082617	 97.031032	 96.979708	 96.928649	 96.877863	 96.827354	 96.777128	  96.72719	 96.677546	 96.628201	 96.579161	 96.530429	 96.482012	 96.433913	 96.386137	 96.338689	 96.291574	 96.244795	 96.198357	 96.152264	 96.106519	 96.061126	  96.01609	 95.971413	 95.927099	 95.883152	 95.839573	 95.796367	 95.753537	 95.711084	 95.669012	 95.627323	  95.58602	 95.545105	 95.504579	 95.464446	 95.424706	 95.385361	 95.346414	 95.307866	 95.269717	  95.23197	 95.194625	 95.157684	 95.121147	 95.085015	 95.049288	 95.013968	 94.979055	 94.944549	  94.91045	 94.876758	 94.843474	 94.810596	 94.778126	 94.746062	 94.714405	 94.683153	 94.652306	 94.621863	 94.591824	 94.562187	 94.532952	 94.504117	 94.475681	 94.447643	 94.420002	 94.392756	 94.365903	 94.339442	 94.313371	 94.287689	 94.262394	 94.237483	 94.212955	 94.188808	  94.16504	 94.141648	 94.118631	 94.095986	  94.07371	 94.051802	 94.030259	 94.009079	 93.988258	 93.967795	 93.947687	 93.927931	 93.908525	 93.889466	 93.870751	 93.852377	 93.834343	 93.816644	 93.799278	 93.782242	 93.765534	  93.74915	 93.733088	 93.717345	 93.701918	 93.686803	 93.671999	 93.657502	 93.643309	 93.629417	 93.615824	 93.602526	 93.589521	 93.576806	 93.564378	 93.552234	 93.540371	 93.528786	 93.517477	 93.506441	 93.495676	 93.485177	 93.474944	 93.464972	  93.45526	 93.445804	 93.436603	 93.427654	 93.418954	 93.410501	 93.402292	 93.394325	 93.386598	 93.379108	 93.371853	 93.364832	 93.358041	 93.351479	 93.345144	 93.339033	 93.333145	 93.327478	  93.32203	 93.316799	 93.311784	 93.306983	 93.302394	 93.298016	 93.293847	 93.289886	 93.286132	 93.282583	 93.279238	 93.276095	 93.273155	 93.270415	 93.267875	 93.265534	 93.263391	 93.261445	 93.259695	 93.258142	 93.256784	 93.255621	 93.254653	 93.253878	 93.253298	 93.252911	 93.252717	
        99	 98.936625	 98.873259	 98.809911	 98.746589	 98.683303	 98.620061	 98.556873	 98.493746	 98.430691	 98.367715	 98.304827	 98.242037	 98.179352	 98.116781	 98.054334	 97.992018	 97.929841	 97.867813	 97.805941	 97.744234	   97.6827	 97.621348	 97.560184	 97.499218	 97.438457	 97.377909	 97.317581	 97.257482	 97.197618	 97.137998	 97.078629	 97.019517	  96.96067	 96.902096	   96.8438	 96.785791	 96.728074	 96.670656	 96.613544	 96.556744	 96.500262	 96.444104	 96.388277	 96.332786	 96.277637	 96.222836	 96.168388	 96.114298	 96.060572	 96.007215	 95.954231	 95.901626	 95.849403	 95.797569	 95.746126	  95.69508	 95.644434	 95.594193	  95.54436	 95.494938	 95.445932	 95.397345	 95.349179	 95.301439	 95.254127	 95.207246	 95.160798	 95.114786	 95.069213	 95.024081	 94.979391	 94.935146	 94.891348	 94.847998	 94.805098	  94.76265	 94.720653	 94.679111	 94.638023	  94.59739	 94.557214	 94.517495	 94.478233	 94.439429	 94.401083	 94.363195	 94.325765	 94.288793	 94.252278	 94.216221	  94.18062	 94.145476	 94.110787	 94.076552	 94.042771	 94.009443	 93.976567	  93.94414	 93.912163	 93.880633	 93.849548	 93.818908	 93.788711	 93.758954	 93.729637	 93.700756	  93.67231	 93.644296	 93.616714	 93.589559	  93.56283	 93.536525	 93.510641	 93.485175	 93.460125	 93.435488	 93.411262	 93.387443	  93.36403	 93.341018	 93.318405	 93.296189	 93.274366	 93.252933	 93.231886	 93.211224	 93.190943	  93.17104	 93.151511	 93.132354	 93.113565	  93.09514	 93.077078	 93.059374	 93.042025	 93.025028	 93.008379	 92.992077	 92.976116	 92.960494	 92.945208	 92.930254	 92.915629	  92.90133	 92.887354	 92.873697	 92.860356	 92.847329	 92.834612	 92.822201	 92.810094	 92.798288	  92.78678	 92.775566	 92.764645	 92.754012	 92.743664	   92.7336	 92.723817	 92.714311	 92.705079	  92.69612	 92.687431	 92.679008	  92.67085	 92.662953	 92.655317	 92.647937	 92.640813	 92.633941	  92.62732	 92.620947	 92.614821	 92.608938	 92.603299	 92.597899	 92.592739	 92.587816	 92.583128	 92.578673	 92.574451	  92.57046	 92.566698	 92.563165	 92.559858	 92.556777	  92.55392	 92.551288	 92.548878	 92.546689	 92.544722	 92.542975	 92.541448	  92.54014	 92.539051	  92.53818	 92.537527	 92.537092	 92.536875	
        99	 98.929615	 98.859239	 98.788883	 98.718557	  98.64827	 98.578033	 98.507855	 98.437746	 98.367715	 98.297773	 98.227929	 98.158192	 98.088573	 98.019082	 97.949726	 97.880516	 97.811462	 97.742572	 97.673857	 97.605324	 97.536983	 97.468844	 97.400915	 97.333204	 97.265722	 97.198476	 97.131475	 97.064728	 96.998242	 96.932027	  96.86609	  96.80044	 96.735084	  96.67003	 96.605286	 96.540859	 96.476758	 96.412988	 96.349559	 96.286475	 96.223745	 96.161376	 96.099373	 96.037744	 95.976495	 95.915632	  95.85516	 95.795087	 95.735418	 95.676158	 95.617314	 95.558889	  95.50089	 95.443322	 95.386189	 95.329496	 95.273248	 95.217449	 95.162103	 95.107215	 95.052788	 94.998826	 94.945332	 94.892311	 94.839766	 94.787698	 94.736113	 94.685011	 94.634397	 94.584272	 94.534639	   94.4855	 94.436857	 94.388712	 94.341066	 94.293922	  94.24728	 94.201142	 94.155509	 94.110382	 94.065762	 94.021649	 93.978044	 93.934948	  93.89236	  93.85028	  93.80871	 93.767648	 93.727094	 93.687048	 93.647509	 93.608477	 93.569951	  93.53193	 93.494412	 93.457397	 93.420884	 93.384871	 93.349356	 93.314338	 93.279815	 93.245786	 93.212248	   93.1792	 93.146639	 93.114563	 93.082971	 93.051859	 93.021225	 92.991066	 92.961381	 92.932166	 92.903418	 92.875136	 92.847315	 92.819953	 92.793046	 92.766593	 92.740589	 92.715032	 92.689918	 92.665244	 92.641007	 92.617203	 92.593829	 92.570881	 92.548357	 92.526251	 92.504562	 92.483286	 92.462418	 92.441956	 92.421895	 92.402233	 92.382965	 92.364088	 92.345598	 92.327491	 92.309765	 92.292415	 92.275438	  92.25883	 92.242587	 92.226707	 92.211184	 92.196017	 92.181201	 92.166732	 92.152608	 92.138825	 92.125379	 92.112267	 92.099485	 92.087031	 92.074901	 92.063092	   92.0516	 92.040423	 92.029557	    92.019	 92.008747	 91.998797	 91.989146	 91.979792	 91.970731	 91.961961	  91.95348	 91.945284	 91.937372	  91.92974	 91.922386	 91.915308	 91.908504	 91.901971	 91.895708	 91.889711	  91.88398	 91.878512	 91.873305	 91.868358	 91.863669	 91.859237	 91.855059	 91.851134	 91.847461	  91.84404	 91.840867	 91.837943	 91.835267	 91.832836	 91.830651	 91.828711	 91.827015	 91.825563	 91.824353	 91.823386	 91.822661	 91.822177	 91.821936	
        99	 98.922614	 98.845239	 98.767885	 98.690565	 98.613287	 98.536064	 98.458906	 98.381823	 98.304827	 98.227929	 98.151138	 98.074466	 97.997922	 97.921519	 97.845265	 97.769172	 97.693249	 97.617508	 97.541957	 97.466608	  97.39147	 97.316554	 97.241868	 97.167424	 97.093229	 97.019295	  96.94563	 96.872244	 96.799146	 96.726345	  96.65385	  96.58167	 96.509813	 96.438289	 96.367106	 96.296271	 96.225794	 96.155682	 96.085944	 96.016586	 95.947617	 95.879044	 95.810875	 95.743116	 95.675775	 95.608858	 95.542372	 95.476324	  95.41072	 95.345567	 95.280869	 95.216634	 95.152866	 95.089572	 95.026757	 94.964425	 94.902582	 94.841234	 94.780383	 94.720035	 94.660195	 94.600866	 94.542052	 94.483757	 94.425986	  94.36874	 94.312023	 94.255839	 94.200191	 94.145081	 94.090511	 94.036484	 93.983003	  93.93007	 93.877685	 93.825852	 93.774571	 93.723844	 93.673672	 93.624057	 93.574999	 93.526498	 93.478556	 93.431174	  93.38435	 93.338085	  93.29238	 93.247234	 93.202647	 93.158618	 93.115147	 93.072232	 93.029874	 92.988071	 92.946822	 92.906126	 92.865981	 92.826385	 92.787338	 92.748837	 92.710881	 92.673467	 92.636594	 92.600259	 92.564459	 92.529193	 92.494459	 92.460252	 92.426571	 92.393413	 92.360775	 92.328654	 92.297048	 92.265952	 92.235364	  92.20528	 92.175698	 92.146614	 92.118024	 92.089924	 92.062313	 92.035184	 92.008536	 91.982365	 91.956666	 91.931436	 91.906671	 91.882367	 91.858521	 91.835128	 91.812185	 91.789688	 91.767632	 91.746014	 91.724829	 91.704075	 91.683746	 91.663839	 91.644349	 91.625274	 91.606608	 91.588348	  91.57049	  91.55303	 91.535964	 91.519288	 91.502998	  91.48709	 91.471561	 91.456407	 91.441624	 91.427208	 91.413155	 91.399462	 91.386126	 91.373142	 91.360507	 91.348218	 91.336272	 91.324664	 91.313392	 91.302452	 91.291841	 91.281556	 91.271595	 91.261953	 91.252628	 91.243617	 91.234917	 91.226526	 91.218441	  91.21066	 91.203179	 91.195996	 91.189109	 91.182516	 91.176215	 91.170203	 91.164479	  91.15904	 91.153884	 91.149011	 91.144417	 91.140102	 91.136065	 91.132302	 91.128814	   91.1256	 91.122657	 91.119985	 91.117583	  91.11545	 91.113585	 91.111988	 91.110658	 91.109594	 91.108797	 91.108266	    91.108	
        99	 98.915624	  98.83126	  98.74692	 98.662615	 98.578358	 98.494159	 98.410032	 98.325987	 98.242037	 98.158192	 98.074466	 97.990868	 97.907411	 97.824106	 97.740965	 97.657999	 97.575219	 97.492636	 97.410262	 97.328107	 97.246182	 97.164499	 97.083067	 97.001899	 96.921003	 96.840391	 96.760072	 96.680057	 96.600357	  96.52098	 96.441937	 96.363237	 96.284891	 96.206906	 96.129293	 96.052061	 95.975218	 95.898773	 95.822735	 95.747113	 95.671915	 95.597148	 95.522821	 95.448942	 95.375519	 95.302558	 95.230067	 95.158053	 95.086524	 95.015485	 94.944944	 94.874906	 94.805379	 94.736368	 94.667879	 94.599917	 94.532489	 94.465599	 94.399252	 94.333453	 94.268208	  94.20352	 94.139394	 94.075834	 94.012844	 93.950427	 93.888588	  93.82733	 93.766655	 93.706567	 93.647068	 93.588162	  93.52985	 93.472135	 93.415019	 93.358504	 93.302591	 93.247283	 93.192579	 93.138482	 93.084993	 93.032112	  92.97984	 92.928177	 92.877124	 92.826681	 92.776847	 92.727623	 92.679009	 92.631003	 92.583605	 92.536815	 92.490631	 92.445052	 92.400077	 92.355705	 92.311934	 92.268762	 92.226188	  92.18421	 92.142825	 92.102032	 92.061828	 92.022211	 91.983178	 91.944727	 91.906854	 91.869558	 91.832835	 91.796682	 91.761096	 91.726074	 91.691613	 91.657708	 91.624357	 91.591557	 91.559302	 91.527591	 91.496418	 91.465781	 91.435675	 91.406097	 91.377042	 91.348507	 91.320487	 91.292978	 91.265976	 91.239477	 91.213477	 91.187971	 91.162956	 91.138426	 91.114378	 91.090807	 91.067709	  91.04508	 91.022915	  91.00121	  90.97996	 90.959162	  90.93881	 90.918901	  90.89943	 90.880392	 90.861785	 90.843602	 90.825841	 90.808497	 90.791565	 90.775042	 90.758924	 90.743205	 90.727884	 90.712954	 90.698413	 90.684256	 90.670481	 90.657082	 90.644056	   90.6314	 90.619109	 90.607181	 90.595612	 90.584399	 90.573537	 90.563024	 90.552857	 90.543032	 90.533547	 90.524398	 90.515583	 90.507098	 90.498941	  90.49111	 90.483601	 90.476413	 90.469543	 90.462988	 90.456746	 90.450816	 90.445195	 90.439881	 90.434873	 90.430168	 90.425765	 90.421663	  90.41786	 90.414355	 90.411146	 90.408233	 90.405614	 90.403288	 90.401255	 90.399514	 90.398064	 90.396904	 90.396035	 90.395456	 90.395166	
        99	 98.908646	 98.817305	  98.72599	 98.634713	 98.543487	 98.452326	 98.361241	 98.270245	 98.179352	 98.088573	 97.997922	 97.907411	 97.817052	 97.726858	 97.636841	 97.547013	 97.457387	 97.367974	 97.278788	 97.189838	 97.101139	   97.0127	 96.924534	 96.836652	 96.749066	 96.661787	 96.574826	 96.488194	 96.401902	 96.315961	 96.230381	 96.145173	 96.060346	 95.975912	 95.891881	 95.808261	 95.725063	 95.642296	  95.55997	 95.478094	 95.396677	 95.315727	 95.235253	 95.155264	 95.075768	 94.996773	 94.918287	 94.840318	 94.762872	 94.685959	 94.609584	 94.533754	 94.458477	 94.383759	 94.309605	 94.236023	 94.163018	 94.090596	 94.018762	 93.947522	 93.876881	 93.806843	 93.737414	 93.668597	 93.600398	 93.532819	 93.465866	 93.399541	 93.333848	 93.268791	 93.204372	 93.140594	 93.077459	 93.014971	 92.953132	 92.891943	 92.831406	 92.771523	 92.712296	 92.653725	 92.595812	 92.538557	 92.481962	 92.426027	 92.370752	 92.316137	 92.262182	 92.208887	 92.156252	 92.104276	 92.052959	 92.002299	 91.952295	 91.902947	 91.854253	 91.806211	  91.75882	 91.712078	 91.665983	 91.620532	 91.575725	 91.531558	 91.488029	 91.445136	 91.402875	 91.361244	 91.320239	 91.279859	 91.240099	 91.200956	 91.162427	 91.124508	 91.087197	 91.050488	 91.014379	 90.978866	 90.943944	  90.90961	  90.87586	 90.842689	 90.810093	 90.778068	 90.746611	 90.715715	 90.685378	 90.655594	 90.626359	 90.597669	 90.569518	 90.541903	 90.514819	 90.488261	 90.462224	 90.436704	 90.411696	 90.387195	 90.363197	 90.339696	 90.316689	 90.294171	 90.272136	  90.25058	 90.229499	 90.208887	 90.188741	 90.169055	 90.149825	 90.131046	 90.112714	 90.094824	 90.077373	 90.060355	 90.043766	 90.027601	 90.011858	  89.99653	 89.981615	 89.967108	 89.953005	 89.939302	 89.925996	 89.913081	 89.900555	 89.888414	 89.876654	 89.865272	 89.854264	 89.843627	 89.833357	 89.823452	 89.813907	 89.804721	  89.79589	  89.78741	 89.779281	 89.771498	 89.764059	 89.756962	 89.750205	 89.743784	 89.737698	 89.731945	 89.726522	 89.721428	 89.716662	  89.71222	 89.708103	 89.704308	 89.700834	  89.69768	 89.694844	 89.692326	 89.690125	 89.688239	 89.686669	 89.685414	 89.684473	 89.683845	 89.683532	
        99	 98.901681	 98.803376	 98.705098	 98.606862	  98.50868	 98.410568	 98.312538	 98.214605	 98.116781	 98.019082	 97.921519	 97.824106	 97.726858	 97.629787	 97.532906	  97.43623	  97.33977	  97.24354	 97.147553	 97.051822	 96.956359	 96.861178	 96.766289	 96.671707	 96.577443	  96.48351	 96.389918	 96.296681	  96.20381	 96.111316	 96.019211	 95.927506	 95.836212	  95.74534	 95.654901	 95.564906	 95.475365	 95.386287	 95.297684	 95.209565	  95.12194	 95.034818	 94.948209	 94.862121	 94.776564	 94.691546	 94.607076	 94.523161	 94.439812	 94.357034	 94.274835	 94.193224	 94.112207	 94.031792	 93.951985	 93.872792	 93.794221	 93.716277	 93.638967	 93.562295	 93.486267	  93.41089	 93.336167	 93.262103	 93.188704	 93.115973	 93.043914	 92.972533	 92.901831	 92.831813	 92.762482	 92.693842	 92.625894	 92.558641	 92.492087	 92.426232	  92.36108	 92.296631	 92.232888	 92.169852	 92.107523	 92.045903	 91.984993	 91.924793	 91.865303	 91.806524	 91.748455	 91.691097	 91.634449	  91.57851	  91.52328	 91.468757	 91.414941	  91.36183	 91.309423	 91.257718	 91.206714	 91.156408	 91.106798	 91.057883	 91.009659	 90.962125	 90.915277	 90.869113	  90.82363	 90.778825	 90.734694	 90.691234	 90.648443	 90.606316	 90.564849	  90.52404	 90.483883	 90.444376	 90.405514	 90.367292	 90.329708	 90.292756	 90.256432	 90.220732	 90.185651	 90.151185	 90.117329	 90.084078	 90.051427	 90.019373	 89.987909	 89.957031	 89.926734	 89.897014	 89.867864	 89.839281	 89.811259	 89.783793	 89.756878	 89.730509	 89.704681	 89.679389	 89.654628	 89.630392	 89.606678	 89.583478	  89.56079	 89.538606	 89.516924	 89.495737	 89.475041	  89.45483	   89.4351	 89.415847	 89.397065	 89.378749	 89.360895	 89.343498	 89.326554	 89.310059	 89.294006	 89.278393	 89.263215	 89.248467	 89.234146	 89.220247	 89.206766	 89.193699	 89.181042	 89.168792	 89.156945	 89.145497	 89.134444	 89.123783	 89.113511	 89.103624	  89.09412	 89.084994	 89.076245	 89.067868	 89.059863	 89.052224	 89.044952	 89.038041	 89.031491	 89.025299	 89.019463	 89.013981	 89.008851	 89.004071	  88.99964	 88.995555	 88.991816	 88.988422	  88.98537	  88.98266	 88.980291	 88.978262	 88.976572	 88.975221	 88.974208	 88.973533	 88.973195	
        99	 98.894729	 98.789473	 98.684247	 98.579065	 98.473942	 98.368892	 98.263932	 98.159074	 98.054334	 97.949726	 97.845265	 97.740965	 97.636841	 97.532906	 97.429176	 97.325664	 97.222384	  97.11935	 97.016577	 96.914077	 96.811864	 96.709953	 96.608356	 96.507086	 96.406157	 96.305582	 96.205373	 96.105544	 96.006106	 95.907072	 95.808455	 95.710266	 95.612517	  95.51522	 95.418387	 95.322029	 95.226157	 95.130781	 95.035913	 94.941564	 94.847743	 94.754461	 94.661728	 94.569554	 94.477947	 94.386918	 94.296475	 94.206628	 94.117385	 94.028754	 93.940744	 93.853363	 93.766618	 93.680517	 93.595067	 93.510275	 93.426148	 93.342693	 93.259916	 93.177824	 93.096421	 93.015713	 92.935707	 92.856407	 92.777818	 92.699945	 92.622791	 92.546362	 92.470662	 92.395694	 92.321461	 92.247967	 92.175215	 92.103207	 92.031947	 91.961436	 91.891677	 91.822672	 91.754422	 91.686928	 91.620193	 91.554216	 91.488999	 91.424542	 91.360847	 91.297911	 91.235737	 91.174324	  91.11367	 91.053776	 90.994641	 90.936263	 90.878642	 90.821776	 90.765663	 90.710303	 90.655692	 90.601829	 90.548712	 90.496338	 90.444705	  90.39381	  90.34365	 90.294222	 90.245523	 90.197549	 90.150298	 90.103766	 90.057949	 90.012843	 89.968445	  89.92475	 89.881754	 89.839453	 89.797843	  89.75692	 89.716678	 89.677113	 89.638221	 89.599997	 89.562436	 89.525533	 89.489283	  89.45368	 89.418721	   89.3844	 89.350712	 89.317651	 89.285212	  89.25339	  89.22218	 89.191575	 89.161572	 89.132164	 89.103346	 89.075113	 89.047459	 89.020379	 88.993867	 88.967918	 88.942526	 88.917686	 88.893393	 88.869642	 88.846426	 88.823741	 88.801582	 88.779942	 88.758817	 88.738203	 88.718092	 88.698482	 88.679365	 88.660739	 88.642597	 88.624935	 88.607747	  88.59103	 88.574779	 88.558988	 88.543654	 88.528772	 88.514338	 88.500348	 88.486796	  88.47368	 88.460995	 88.448737	 88.436903	 88.425489	  88.41449	 88.403904	 88.393728	 88.383957	 88.374589	  88.36562	 88.357049	  88.34887	 88.341083	 88.333684	 88.326671	 88.320041	 88.313793	 88.307923	  88.30243	 88.297312	 88.292568	 88.288195	 88.284191	 88.280556	 88.277289	 88.274387	  88.27185	 88.269678	 88.267869	 88.266422	 88.265338	 88.264615	 88.264253	
        99	 98.887792	   98.7756	  98.66344	 98.551327	 98.439276	 98.327305	 98.215427	  98.10366	 97.992018	 97.880516	 97.769172	 97.657999	 97.547013	  97.43623	 97.325664	 97.215331	 97.105245	 96.995422	 96.885876	 96.776621	 96.667673	 96.559046	 96.450754	 96.342811	 96.235231	 96.128029	 96.021216	 95.914808	 95.808818	 95.703258	 95.598142	 95.493483	 95.389293	 95.285585	 95.182371	 95.079663	 94.977473	 94.875812	 94.774693	 94.674126	 94.574123	 94.474694	  94.37585	 94.277602	 94.179959	 94.082931	 93.986529	 93.890761	 93.795637	 93.701165	 93.607356	 93.514216	 93.421755	  93.32998	 93.238899	  93.14852	  93.05885	 92.969895	 92.881664	 92.794161	 92.707394	 92.621369	  92.53609	 92.451564	 92.367797	 92.284792	 92.202554	 92.121089	   92.0404	 91.960491	 91.881367	  91.80303	 91.725484	 91.648731	 91.572775	 91.497618	 91.423262	 91.349709	 91.276962	 91.205021	 91.133888	 91.063563	 90.994049	 90.925345	 90.857451	 90.790369	 90.724098	 90.658637	 90.593987	 90.530146	 90.467114	 90.404889	 90.343471	 90.282858	 90.223048	 90.164039	  90.10583	 90.048418	   89.9918	 89.935975	 89.880939	  89.82669	 89.773225	 89.720539	 89.668631	 89.617497	 89.567132	 89.517533	 89.468697	 89.420619	 89.373295	  89.32672	 89.280891	 89.235803	 89.191451	 89.147831	 89.104937	 89.062766	 89.021311	 88.980568	 88.940531	 88.901196	 88.862557	 88.824609	 88.787347	 88.750764	 88.714855	 88.679616	 88.645039	  88.61112	 88.577853	 88.545232	 88.513252	 88.481906	 88.451189	 88.421096	 88.391619	 88.362754	 88.334495	 88.306836	 88.279771	 88.253295	 88.227401	 88.202084	 88.177339	 88.153159	 88.129539	 88.106474	 88.083957	 88.061984	 88.040548	 88.019645	  87.99927	 87.979415	 87.960078	 87.941252	 87.922932	 87.905113	 87.887791	  87.87096	 87.854615	 87.838753	 87.823368	 87.808455	 87.794011	  87.78003	 87.766509	 87.753444	  87.74083	 87.728663	  87.71694	 87.705656	 87.694809	 87.684395	 87.674409	  87.66485	 87.655713	 87.646996	 87.638696	 87.630809	 87.623334	 87.616267	 87.609607	  87.60335	 87.597496	  87.59204	 87.586983	 87.582322	 87.578055	  87.57418	 87.570697	 87.567604	 87.564901	 87.562585	 87.560656	 87.559115	 87.557959	 87.557188	 87.556803	
        99	 98.880871	 98.761758	 98.642679	 98.523651	 98.404689	  98.28581	 98.167031	  98.04837	 97.929841	 97.811462	 97.693249	 97.575219	 97.457387	  97.33977	 97.222384	 97.105245	 96.988369	 96.871771	 96.755468	 96.639474	 96.523806	 96.408478	 96.293506	 96.178905	 96.064689	 95.950874	 95.837473	 95.724501	 95.611973	 95.499902	 95.388302	 95.277187	  95.16657	 95.056465	 94.946884	  94.83784	 94.729347	 94.621416	 94.514059	 94.407289	 94.301117	 94.195555	 94.090614	 93.986305	 93.882639	 93.779626	 93.677277	 93.575602	  93.47461	 93.374312	 93.274715	 93.175831	 93.077666	  92.98023	 92.883531	 92.787577	 92.692375	 92.597934	  92.50426	  92.41136	 92.319241	 92.227909	  92.13737	  92.04763	 91.958695	  91.87057	  91.78326	  91.69677	 91.611104	 91.526266	 91.442261	 91.359091	 91.276762	 91.195275	 91.114634	  91.03484	 90.955898	 90.877808	 90.800573	 90.724195	 90.648674	 90.574011	 90.500209	 90.427267	 90.355186	 90.283966	 90.213606	 90.144108	  90.07547	 90.007691	 89.940771	 89.874708	 89.809501	 89.745149	  89.68165	 89.619001	 89.557201	 89.496247	 89.436138	 89.376869	 89.318438	 89.260843	 89.204079	 89.148144	 89.093034	 89.038746	 88.985274	 88.932616	 88.880767	 88.829724	  88.77948	 88.730033	 88.681377	 88.633508	  88.58642	 88.540109	  88.49457	 88.449797	 88.405785	 88.362528	 88.320022	 88.278261	 88.237239	  88.19695	 88.157388	 88.118549	 88.080426	 88.043012	 88.006303	 87.970292	 87.934973	  87.90034	 87.866387	 87.833107	 87.800496	 87.768546	 87.737251	 87.706606	 87.676603	 87.647238	 87.618504	 87.590394	 87.562903	 87.536025	 87.509753	 87.484082	 87.459005	 87.434517	 87.410611	 87.387282	 87.364525	 87.342332	   87.3207	 87.299621	  87.27909	 87.259103	 87.239653	 87.220735	 87.202344	 87.184475	 87.167123	 87.150282	 87.133947	 87.118115	  87.10278	 87.087937	 87.073582	  87.05971	 87.046318	 87.033401	 87.020955	 87.008975	 86.997459	 86.986402	 86.975801	 86.965651	 86.955951	 86.946696	 86.937884	 86.929511	 86.921575	 86.914072	 86.907001	 86.900359	 86.894143	 86.888351	 86.882982	 86.878033	 86.873502	 86.869389	 86.865691	 86.862408	 86.859537	 86.857079	 86.855031	 86.853394	 86.852167	 86.851349	  86.85094	
