Time step 98:
        99	        99	        99	        99	        99	        99	        99	        99	        99	        99	        99	        99	        99	        99	        99	        99	        99	        99	        99	        99	        99	        99	        99	        99	        99	        99	        99	        99	        99	        99	        99	        99	        99	        99	        99	        99	        99	        99	        99	        99	        99	        99	        99	        99	        99	        99	        99	        99	        99	        99	        99	        99	        99	        99	        99	        99	        99	        99	        99	        99	        99	        99	        99	        99	        99	        99	        99	        99	        99	        99	        99	        99	        99	        99	        99	        99	        99	        99	        99	        99	        99	        99	        99	        99	        99	        99	        99	        99	        99	        99	        99	        99	        99	        99	        99	        99	        99	        99	        99	        99	        99	        99	        99	        99	        99	        99	        99	        99	        99	        99	        99	        99	        99	        99	        99	        99	        99	        99	        99	        99	        99	        99	        99	        99	        99	        99	        99	        99	        99	        99	        99	        99	        99	        99	        99	        99	        99	        99	        99	        99	        99	        99	        99	        99	        99	        99	        99	        99	        99	        99	        99	        99	        99	        99	        99	        99	        99	        99	        99	        99	        99	        99	        99	        99	        99	        99	        99	        99	        99	        99	        99	        99	        99	        99	        99	        99	        99	        99	        99	        99	        99	        99	        99	        99	        99	        99	        99	        99	        99	        99	        99	        99	        99	        99	        99	        99	        99	        99	        99	        99	
        99	 98.993522	 98.987044	 98.980568	 98.974095	 98.967625	 98.961159	 98.954698	 98.948243	 98.941794	 98.935353	 98.928921	 98.922497	 98.916084	 98.909681	  98.90329	 98.896911	 98.890545	 98.884193	 98.877856	 98.871535	  98.86523	 98.858942	 98.852671	  98.84642	 98.840187	 98.833975	 98.827783	 98.821613	 98.815466	 98.809341	  98.80324	 98.797163	 98.791112	 98.785086	 98.779086	 98.773114	 98.767169	 98.761253	 98.755365	 98.749507	  98.74368	 98.737883	 98.732118	 98.726384	 98.720683	 98.715015	 98.709381	  98.70378	 98.698215	 98.692684	  98.68719	 98.681731	 98.676309	 98.670924	 98.665576	 98.660267	 98.654995	 98.649763	 98.644569	 98.639416	 98.634302	 98.629228	 98.624195	 98.619202	 98.614251	 98.609342	 98.604474	 98.599649	 98.594866	 98.590125	 98.585427	 98.580773	 98.576162	 98.571594	  98.56707	  98.56259	 98.558154	 98.553762	 98.549414	 98.545111	 98.540853	 98.536639	  98.53247	 98.528346	 98.524267	 98.520233	 98.516244	   98.5123	 98.508401	 98.504548	 98.500739	 98.496975	 98.493257	 98.489584	 98.485956	 98.482372	 98.478834	 98.475341	 98.471892	 98.468488	 98.465129	 98.461814	 98.458544	 98.455318	 98.452136	 98.448998	 98.445904	 98.442854	 98.439847	 98.436883	 98.433963	 98.431086	 98.428252	  98.42546	 98.422711	 98.420004	  98.41734	 98.414717	 98.412135	 98.409595	 98.407097	 98.404639	 98.402222	 98.399845	 98.397509	 98.395212	 98.392955	 98.390738	 98.388559	  98.38642	 98.384319	 98.382257	 98.380233	 98.378247	 98.376298	 98.374387	 98.372512	 98.370675	 98.368873	 98.367108	 98.365379	 98.363686	 98.362028	 98.360405	 98.358817	 98.357264	 98.355745	 98.354259	 98.352808	  98.35139	 98.350005	 98.348654	 98.347335	 98.346048	 98.344794	 98.343571	  98.34238	 98.341221	 98.340093	 98.338995	 98.337929	 98.336893	 98.335887	 98.334911	 98.333965	 98.333048	 98.332161	 98.331303	 98.330474	 98.329674	 98.328903	 98.328159	 98.327444	 98.326757	 98.326098	 98.325467	 98.324863	 98.324286	 98.323737	 98.323215	  98.32272	 98.322251	 98.321809	 98.321394	 98.321006	 98.320643	 98.320307	 98.319998	 98.319714	 98.319456	 98.319225	 98.319019	 98.318839	 98.318685	 98.318556	 98.318454	 98.318377	 98.318325	   98.3183	
        99	 98.987044	  98.97409	 98.961139	 98.948193	 98.935253	 98.922322	 98.909402	 98.896492	 98.883596	 98.870715	 98.857851	 98.845005	 98.832179	 98.819374	 98.806592	 98.793835	 98.781105	 98.768402	 98.755729	 98.743086	 98.730477	 98.717901	 98.705362	 98.692859	 98.680395	 98.667971	 98.655589	  98.64325	 98.630955	 98.618706	 98.606505	 98.594353	  98.58225	 98.570199	 98.558201	 98.546257	 98.534368	 98.522536	 98.510762	 98.499047	 98.487393	   98.4758	  98.46427	 98.452803	 98.441402	 98.430067	 98.418799	 98.407599	 98.396469	 98.385408	  98.37442	 98.363503	 98.352659	  98.34189	 98.331196	 98.320577	 98.310035	 98.299571	 98.289185	 98.278878	  98.26865	 98.258503	 98.248438	 98.238454	 98.228553	 98.218734	    98.209	 98.199349	 98.189784	 98.180303	 98.170908	   98.1616	 98.152378	 98.143243	 98.134196	 98.125236	 98.116365	 98.107582	 98.098887	 98.090282	 98.081765	 98.073338	 98.065001	 98.056754	 98.048596	 98.040528	 98.032551	 98.024663	 98.016866	 98.009159	 98.001542	 97.994016	  97.98658	 97.979234	 97.971978	 97.964812	 97.957736	 97.950749	 97.943852	 97.937045	 97.930327	 97.923698	 97.917157	 97.910706	 97.904342	 97.898067	 97.891879	 97.885779	 97.879766	 97.873839	    97.868	 97.862246	 97.856578	 97.850995	 97.845497	 97.840084	 97.834755	 97.829509	 97.824347	 97.819267	  97.81427	 97.809355	 97.804521	 97.799767	 97.795095	 97.790502	 97.785988	 97.781554	 97.777198	 97.772919	 97.768718	 97.764594	 97.760546	 97.756574	 97.752676	 97.748854	 97.745105	  97.74143	 97.737828	 97.734299	 97.730841	 97.727454	 97.724139	 97.720893	 97.717717	 97.714611	 97.711572	 97.708602	   97.7057	 97.702864	 97.700095	 97.697392	 97.694754	 97.692181	 97.689672	 97.687227	 97.684845	 97.682527	  97.68027	 97.678076	 97.675943	 97.673871	 97.671859	 97.669908	 97.668016	 97.666183	 97.664409	 97.662693	 97.661035	 97.659435	 97.657892	 97.656405	 97.654975	 97.653602	 97.652283	 97.651021	 97.649813	  97.64866	 97.647561	 97.646517	 97.645526	  97.64459	 97.643706	 97.642876	 97.642099	 97.641374	 97.640703	 97.640083	 97.639516	    97.639	 97.638537	 97.638126	 97.637766	 97.637457	 97.637201	 97.636995	 97.636841	 97.636739	 97.636688	
        99	 98.980568	 98.961139	 98.941714	 98.922297	 98.902891	 98.883496	 98.864117	 98.844755	 98.825413	 98.806094	 98.786799	 98.767532	 98.748295	  98.72909	 98.709919	 98.690786	 98.671692	  98.65264	 98.633632	 98.614671	 98.595759	 98.576898	  98.55809	 98.539338	 98.520644	  98.50201	 98.483439	 98.464932	 98.446492	 98.428121	 98.409821	 98.391594	 98.373443	 98.355368	 98.337373	 98.319459	 98.301627	 98.283881	 98.266222	 98.248652	 98.231172	 98.213784	 98.196491	 98.179293	 98.162193	 98.145192	 98.128292	 98.111494	   98.0948	 98.078212	  98.06173	 98.045357	 98.029094	 98.012941	 97.996901	 97.980975	 97.965164	 97.949469	 97.933892	 97.918433	 97.903093	 97.887875	 97.872778	 97.857804	 97.842953	 97.828227	 97.813627	 97.799153	 97.784806	 97.770587	 97.756496	 97.742535	 97.728704	 97.715003	 97.701433	 97.687995	  97.67469	 97.661516	 97.648476	 97.635569	 97.622796	 97.610157	 97.597652	 97.585282	 97.573047	 97.560947	 97.548982	 97.537152	 97.525457	 97.513898	 97.502474	 97.491186	 97.480033	 97.469015	 97.458132	 97.447384	 97.436771	 97.426293	 97.415949	 97.405739	 97.395663	  97.38572	 97.375911	 97.366234	  97.35669	 97.347278	 97.337997	 97.328848	 97.319829	 97.310941	 97.302182	 97.293552	 97.285051	 97.276678	 97.268432	 97.260313	  97.25232	 97.244452	  97.23671	 97.229091	 97.221596	 97.214224	 97.206974	 97.199845	 97.192836	 97.185948	 97.179178	 97.172527	 97.165994	 97.159577	 97.153276	  97.14709	 97.141019	 97.135061	 97.129216	 97.123482	  97.11786	 97.112348	 97.106946	 97.101652	 97.096466	 97.091387	 97.086414	 97.081546	 97.076783	 97.072123	 97.067566	 97.063112	 97.058758	 97.054505	 97.050352	 97.046297	 97.042341	 97.038482	 97.034719	 97.031052	  97.02748	 97.024003	 97.020618	 97.017327	 97.014128	  97.01102	 97.008003	 97.005076	 97.002238	 96.999489	 96.996829	 96.994255	 96.991769	 96.989369	 96.987054	 96.984825	  96.98268	 96.980619	 96.978642	 96.976748	 96.974937	 96.973208	  96.97156	 96.969994	 96.968508	 96.967103	 96.965778	 96.964533	 96.963367	 96.962281	 96.961273	 96.960344	 96.959493	  96.95872	 96.958025	 96.957408	 96.956868	 96.956406	 96.956021	 96.955713	 96.955482	 96.955328	 96.955251	
        99	 98.974095	 98.948193	 98.922297	 98.896412	  98.87054	 98.844685	  98.81885	 98.793038	 98.767253	 98.741497	 98.715775	  98.69009	 98.664444	 98.638841	 98.613284	 98.587777	 98.562322	 98.536923	 98.511583	 98.486305	 98.461093	 98.435948	 98.410875	 98.385876	 98.360955	 98.336113	 98.311355	 98.286684	 98.262101	  98.23761	 98.213213	 98.188915	 98.164716	  98.14062	  98.11663	 98.092748	 98.068977	 98.045319	 98.021777	 97.998353	  97.97505	  97.95187	 97.928816	 97.905889	 97.883092	 97.860428	 97.837897	 97.815504	 97.793249	 97.771134	 97.749162	 97.727334	 97.705653	  97.68412	 97.662736	 97.641505	 97.620426	 97.599503	 97.578736	 97.558127	 97.537678	 97.517389	 97.497263	 97.477301	 97.457503	 97.437872	 97.418407	 97.399112	 97.379985	 97.361029	 97.342245	 97.323633	 97.305194	 97.286929	 97.268838	 97.250924	 97.233185	 97.215624	 97.198239	 97.181033	 97.164004	 97.147155	 97.130485	 97.113994	 97.097683	 97.081551	   97.0656	 97.049829	 97.034239	 97.018829	   97.0036	 96.988551	 96.973682	 96.958994	 96.944486	 96.930157	 96.916009	  96.90204	  96.88825	 96.874638	 96.861206	 96.847951	 96.834874	 96.821973	  96.80925	 96.796702	  96.78433	 96.772133	  96.76011	  96.74826	 96.736583	 96.725079	 96.713745	 96.702583	  96.69159	 96.680766	  96.67011	 96.659622	   96.6493	 96.639144	 96.629152	 96.619323	 96.609658	 96.600154	 96.590811	 96.581628	 96.572603	 96.563736	 96.555026	 96.546472	 96.538072	 96.529825	 96.521731	 96.513789	 96.505996	 96.498353	 96.490858	  96.48351	 96.476308	  96.46925	 96.462336	 96.455565	 96.448935	 96.442446	 96.436096	 96.429884	  96.42381	 96.417871	 96.412067	 96.406397	  96.40086	 96.395455	 96.390181	 96.385036	  96.38002	 96.375131	 96.370369	 96.365733	 96.361222	 96.356834	 96.352569	 96.348426	 96.344404	 96.340502	 96.336719	 96.333054	 96.329507	 96.326076	 96.322761	 96.319562	 96.316476	 96.313504	 96.310645	 96.307898	 96.305262	 96.302737	 96.300322	 96.298017	  96.29582	 96.293732	 96.291752	 96.289879	 96.288112	 96.286452	 96.284898	  96.28345	 96.282106	 96.280868	 96.279733	 96.278703	 96.277777	 96.276954	 96.276234	 96.275618	 96.275105	 96.274694	 96.274386	 96.274181	 96.274079	
        99	 98.967625	 98.935253	 98.902891	  98.87054	 98.838207	 98.805894	 98.773606	 98.741347	 98.709122	 98.676934	 98.644788	 98.612687	 98.580636	 98.548638	 98.516699	 98.484821	 98.453009	 98.421266	 98.389597	 98.358006	 98.326496	 98.295072	 98.263736	 98.232494	 98.201348	 98.170302	 98.139361	 98.108527	 98.077804	 98.047196	 98.016707	 97.986339	 97.956097	 97.925983	 97.896001	 97.866154	 97.836446	 97.806879	 97.777457	 97.748183	  97.71906	 97.690091	 97.661278	 97.632626	 97.604135	  97.57581	 97.547653	 97.519666	 97.491853	 97.464215	 97.436755	 97.409475	 97.382379	 97.355468	 97.328744	 97.302209	 97.275867	 97.249717	 97.223764	 97.198008	 97.172451	 97.147095	 97.121942	 97.096994	 97.072252	 97.047717	 97.023392	 96.999277	 96.975373	 96.951683	 96.928207	 96.904946	 96.881902	 96.859075	 96.836467	 96.814078	 96.791909	 96.769961	 96.748235	 96.726731	  96.70545	 96.684392	 96.663558	 96.642948	 96.622563	 96.602403	 96.582468	 96.562758	 96.543274	 96.524016	 96.504983	 96.486175	 96.467593	 96.449236	 96.431104	 96.413197	 96.395515	 96.378057	 96.360823	 96.343812	 96.327024	 96.310459	 96.294116	 96.277993	 96.262092	 96.246411	 96.230948	 96.215705	 96.200679	  96.18587	 96.171276	 96.156898	 96.142735	 96.128784	 96.115046	 96.101518	 96.088201	 96.075093	 96.062193	   96.0495	 96.037013	  96.02473	  96.01265	 96.000773	 95.989097	  95.97762	 95.966341	  95.95526	 95.944374	 95.933683	 95.923185	 95.912879	 95.902763	 95.892837	 95.883098	 95.873546	 95.864179	 95.854996	 95.845995	 95.837175	 95.828534	 95.820072	 95.811786	 95.803676	  95.79574	 95.787977	 95.780385	 95.772963	  95.76571	 95.758624	 95.751704	 95.744949	 95.738357	 95.731927	 95.725658	 95.719549	 95.713598	 95.707804	 95.702165	 95.696682	 95.691352	 95.686174	 95.681147	  95.67627	 95.671542	 95.666962	 95.662529	 95.658242	 95.654099	   95.6501	 95.646244	  95.64253	 95.638956	 95.635523	 95.632229	 95.629074	 95.626056	 95.623174	 95.620429	  95.61782	 95.615345	 95.613004	 95.610796	 95.608722	  95.60678	 95.604969	  95.60329	 95.601742	 95.600324	 95.599037	 95.597879	 95.596851	 95.595952	 95.595181	  95.59454	 95.594027	 95.593642	 95.593386	 95.593257	
        99	 98.961159	 98.922322	 98.883496	 98.844685	 98.805894	 98.767128	 98.728392	  98.68969	 98.651029	 98.612413	 98.573846	 98.535334	 98.496882	 98.458494	 98.420175	 98.381931	 98.343765	 98.305683	  98.26769	 98.229789	 98.191987	 98.154286	 98.116692	  98.07921	 98.041844	 98.004598	 97.967477	 97.930485	 97.893627	 97.856906	 97.820327	 97.783895	 97.747612	 97.711484	 97.675514	 97.639707	 97.604065	 97.568594	 97.533296	 97.498175	 97.463236	 97.428481	 97.393914	 97.359539	 97.325358	 97.291376	 97.257595	 97.224019	 97.190651	 97.157493	 97.124549	 97.091822	 97.059314	 97.027028	 96.994967	 96.963133	 96.931529	 96.900157	  96.86902	  96.83812	  96.80746	  96.77704	 96.746864	 96.716933	 96.687249	 96.657815	 96.628631	 96.599699	 96.571022	   96.5426	 96.514436	  96.48653	 96.458883	 96.431497	 96.404374	 96.377513	 96.350917	 96.324586	  96.29852	 96.272722	  96.24719	 96.221927	 96.196932	 96.172207	  96.14775	 96.123564	 96.099648	 96.076002	 96.052626	 96.029521	 96.006687	 95.984123	  95.96183	 95.939807	 95.918054	 95.896571	 95.875357	 95.854412	 95.833736	 95.813328	 95.793187	 95.773314	 95.753706	 95.734364	 95.715287	 95.696474	 95.677924	 95.659635	 95.641608	 95.623842	 95.606334	 95.589085	 95.572092	 95.555355	 95.538873	 95.522644	 95.506668	 95.490942	 95.475466	 95.460237	 95.445256	  95.43052	 95.416028	 95.401779	  95.38777	 95.374001	  95.36047	 95.347175	 95.334116	  95.32129	 95.308695	 95.296331	 95.284195	 95.272286	 95.260602	 95.249142	 95.237905	 95.226887	 95.216088	 95.205507	 95.195141	 95.184988	 95.175048	 95.165318	 95.155797	 95.146483	 95.137375	 95.128471	 95.119769	 95.111268	 95.102966	 95.094862	 95.086954	  95.07924	 95.071719	 95.064389	 95.057249	 95.050298	 95.043534	 95.036955	  95.03056	 95.024348	 95.018318	 95.012467	 95.006795	   95.0013	 94.995982	 94.990838	 94.985868	 94.981071	 94.976444	 94.971988	 94.967701	 94.963582	  94.95963	 94.955845	 94.952224	 94.948767	 94.945474	 94.942343	 94.939374	 94.936565	 94.933917	 94.931428	 94.929098	 94.926926	 94.924912	 94.923055	 94.921354	 94.919809	  94.91842	 94.917186	 94.916108	 94.915183	 94.914414	 94.913798	 94.913337	 94.913029	 94.912875	
        99	 98.954698	 98.909402	 98.864117	  98.81885	 98.773606	 98.728392	 98.683212	 98.638073	 98.592981	 98.547941	 98.502959	 98.458041	 98.413193	  98.36842	 98.323727	 98.279121	 98.234607	  98.19019	 98.145877	 98.101672	 98.057581	 98.013609	 97.969762	 97.926045	 97.882464	 97.839022	 97.795726	 97.752581	 97.709592	 97.666763	   97.6241	 97.581607	 97.539289	 97.497151	 97.455198	 97.413435	 97.371864	 97.330492	 97.289323	  97.24836	 97.207609	 97.167073	 97.126756	 97.086663	 97.046797	 97.007162	 96.967762	 96.928601	 96.889682	 96.851009	 96.812585	 96.774414	 96.736498	 96.698842	 96.661448	 96.624319	 96.587458	 96.550868	 96.514552	 96.478512	 96.442751	 96.407271	 96.372075	 96.337166	 96.302544	 96.268214	 96.234175	 96.200431	 96.166984	 96.133835	 96.100985	 96.068437	 96.036192	 96.004251	 95.972615	 95.941287	 95.910267	 95.879555	 95.849154	 95.819064	 95.789286	  95.75982	 95.730668	 95.701829	 95.673305	 95.645095	 95.617201	 95.589621	 95.562358	 95.535409	 95.508777	  95.48246	 95.456458	 95.430772	   95.4054	 95.380344	 95.355601	 95.331173	 95.307057	 95.283254	 95.259764	 95.236584	 95.213715	 95.191156	 95.168905	 95.146963	 95.125327	 95.103997	 95.082971	 95.062249	 95.041829	  95.02171	 95.001891	  94.98237	 94.963146	 94.944218	 94.925584	 94.907242	 94.889192	  94.87143	 94.853957	  94.83677	 94.819867	 94.803247	 94.786909	 94.770849	 94.755068	 94.739562	  94.72433	  94.70937	  94.69468	 94.680259	 94.666105	 94.652215	 94.638588	 94.625222	 94.612115	 94.599264	 94.586669	 94.574328	 94.562237	 94.550396	 94.538802	 94.527454	 94.516349	 94.505486	 94.494863	 94.484478	 94.474329	 94.464413	 94.454731	 94.445278	 94.436054	 94.427057	 94.418285	 94.409736	 94.401409	 94.393302	 94.385412	 94.377739	 94.370281	 94.363035	 94.356002	 94.349178	 94.342562	 94.336154	  94.32995	 94.323951	 94.318154	 94.312559	 94.307163	 94.301966	 94.296965	 94.292161	 94.287552	 94.283137	 94.278913	 94.274882	 94.271041	 94.267389	 94.263926	  94.26065	 94.257562	 94.254659	 94.251941	 94.249408	 94.247058	 94.244892	 94.242908	 94.241107	 94.239487	 94.238048	  94.23679	 94.235712	 94.234814	 94.234096	 94.233558	 94.233199	  94.23302	
        99	 98.948243	 98.896492	 98.844755	 98.793038	 98.741347	  98.68969	 98.638073	 98.586503	 98.534985	 98.483528	 98.432137	 98.380818	 98.329579	 98.278426	 98.227366	 98.176404	 98.125547	 98.074801	 98.024174	  97.97367	 97.923297	  97.87306	 97.822965	 97.773019	 97.723227	 97.673596	 97.624131	 97.574838	 97.525723	 97.476791	 97.428049	 97.379502	 97.331154	 97.283012	 97.235081	 97.187367	 97.139873	 97.092606	 97.045571	 96.998771	 96.952213	 96.905901	  96.85984	 96.814034	 96.768487	 96.723205	 96.678191	  96.63345	 96.588985	 96.544802	 96.500903	 96.457293	 96.413975	 96.370953	  96.32823	 96.285811	 96.243697	 96.201894	 96.160403	 96.119227	 96.078371	 96.037836	 95.997625	 95.957741	 95.918187	 95.878964	 95.840076	 95.801524	 95.763311	 95.725438	 95.687908	 95.650722	 95.613882	  95.57739	 95.541247	 95.505454	 95.470014	 95.434927	 95.400194	 95.365816	 95.331795	  95.29813	 95.264824	 95.231876	 95.199288	 95.167058	 95.135189	  95.10368	 95.072532	 95.041744	 95.011316	 94.981249	 94.951543	 94.922196	  94.89321	 94.864583	 94.836315	 94.808405	 94.780854	 94.753659	 94.726821	 94.700339	 94.674212	 94.648438	 94.623017	 94.597948	 94.573229	 94.548859	 94.524838	 94.501163	 94.477834	 94.454848	 94.432205	 94.409903	  94.38794	 94.366314	 94.345025	  94.32407	 94.303447	 94.283155	 94.263192	 94.243556	 94.224245	 94.205257	  94.18659	 94.168242	 94.150212	 94.132497	 94.115094	 94.098003	  94.08122	 94.064744	 94.048573	 94.032704	 94.017135	 94.001864	  93.98689	 93.972209	 93.957819	 93.943718	 93.929905	 93.916377	 93.903131	 93.890166	 93.877479	 93.865068	 93.852931	 93.841066	 93.829471	 93.818143	  93.80708	 93.796281	 93.785743	 93.775464	 93.765442	 93.755675	 93.746161	 93.736898	 93.727885	 93.719118	 93.710597	 93.702319	 93.694283	 93.686487	 93.678929	 93.671607	  93.66452	 93.657666	 93.651043	  93.64465	 93.638486	 93.632548	 93.626835	 93.621347	 93.616081	 93.611036	 93.606211	 93.601605	 93.597216	 93.593044	 93.589088	 93.585346	 93.581817	   93.5785	 93.575395	 93.572501	 93.569817	 93.567342	 93.565076	 93.563017	 93.561166	 93.559522	 93.558085	 93.556854	 93.555828	 93.555008	 93.554393	 93.553983	 93.553778	
        99	 98.941794	 98.883596	 98.825413	 98.767253	 98.709122	 98.651029	 98.592981	 98.534985	 98.477049	 98.419181	 98.361387	 98.303675	 98.246052	 98.188526	 98.131104	 98.073792	 98.016599	 97.959532	 97.902596	   97.8458	 97.789151	 97.732655	 97.676319	  97.62015	 97.564155	  97.50834	 97.452712	 97.397278	 97.342044	 97.287016	 97.232201	 97.177605	 97.123234	 97.069094	 97.015191	 96.961532	 96.908121	 96.854965	  96.80207	  96.74944	 96.697081	 96.644999	 96.593199	 96.541686	 96.490465	 96.439541	 96.388919	 96.338603	 96.288599	  96.23891	 96.189542	 96.140498	 96.091784	 96.043401	 95.995356	 95.947652	 95.900292	  95.85328	 95.806619	 95.760314	 95.714367	 95.668782	 95.623561	 95.578708	 95.534226	 95.490117	 95.446383	 95.403028	 95.360054	 95.317462	 95.275256	 95.233437	 95.192008	 95.150969	 95.110323	 95.070071	 95.030215	 94.990757	 94.951696	 94.913036	 94.874776	 94.836917	 94.799461	 94.762408	  94.72576	 94.689515	 94.653675	  94.61824	 94.583211	 94.548587	 94.514369	 94.480556	 94.447148	 94.414146	 94.381548	 94.349354	 94.317564	 94.286178	 94.255193	 94.224611	 94.194429	 94.164647	 94.135265	  94.10628	 94.077692	 94.049499	   94.0217	 93.994295	  93.96728	 93.940656	  93.91442	 93.888571	 93.863107	 93.838026	 93.813326	 93.789007	 93.765065	 93.741499	 93.718307	 93.695487	 93.673036	 93.650954	 93.629237	 93.607883	 93.586891	 93.566257	  93.54598	 93.526058	 93.506487	 93.487266	 93.468393	 93.449864	 93.431678	 93.413832	 93.396323	  93.37915	  93.36231	 93.345799	 93.329617	  93.31376	 93.298226	 93.283012	 93.268116	 93.253535	 93.239268	  93.22531	 93.211661	 93.198318	 93.185278	 93.172539	 93.160098	 93.147953	 93.136102	 93.124542	 93.113272	 93.102288	 93.091589	 93.081172	 93.071035	 93.061177	 93.051594	 93.042285	 93.033248	  93.02448	 93.015981	 93.007747	 92.999776	 92.992068	  92.98462	 92.977431	 92.970498	 92.963821	 92.957396	 92.951224	 92.945302	 92.939629	 92.934203	 92.929023	 92.924087	 92.919396	 92.914946	 92.910738	 92.906769	 92.903039	 92.899548	 92.896293	 92.893274	 92.890491	 92.887942	 92.885628	 92.883546	 92.881697	 92.880081	 92.878696	 92.877542	  92.87662	 92.875928	 92.875467	 92.875237	
        99	 98.935353	 98.870715	 98.806094	 98.741497	 98.676934	 98.612413	 98.547941	 98.483528	 98.419181	 98.354909	 98.290719	 98.226621	 98.162622	  98.09873	 98.034953	   97.9713	 97.907778	 97.844396	  97.78116	 97.718079	 97.655161	 97.592413	 97.529843	 97.467459	 97.405267	 97.343276	 97.281493	 97.219924	 97.158578	 97.097461	  97.03658	 96.975942	 96.915555	 96.855424	 96.795557	 96.735959	 96.676638	   96.6176	 96.558851	 96.500397	 96.442245	 96.384399	 96.326867	 96.269654	 96.212765	 96.156206	 96.099982	 96.044098	 95.988561	 95.933374	 95.878543	 95.824072	 95.769966	  95.71623	 95.662869	 95.609885	 95.557284	  95.50507	 95.453246	 95.401817	 95.350786	 95.300156	 95.249932	 95.200115	 95.150711	  95.10172	 95.053147	 95.004995	 94.957265	 94.909961	 94.863084	 94.816637	 94.770623	 94.725043	 94.679899	 94.635193	 94.590927	 94.547102	 94.503719	 94.460781	 94.418287	 94.376239	 94.334638	 94.293485	 94.252781	 94.212526	  94.17272	 94.133364	 94.094458	 94.056003	 94.017998	 93.980444	 93.943339	 93.906685	 93.870479	 93.834723	 93.799416	 93.764556	 93.730143	 93.696176	 93.662655	 93.629577	 93.596943	 93.564751	 93.532999	 93.501687	 93.470812	 93.440374	  93.41037	   93.3808	  93.35166	 93.322951	 93.294669	 93.266812	  93.23938	 93.212369	 93.185778	 93.159604	 93.133846	   93.1085	 93.083566	  93.05904	 93.034919	 93.011203	 92.987887	  92.96497	  92.94245	 92.920323	 92.898587	 92.877239	 92.856277	 92.835698	 92.815499	 92.795678	 92.776232	 92.757159	 92.738455	 92.720117	 92.702144	 92.684532	 92.667279	 92.650382	 92.633837	 92.617643	 92.601797	 92.586295	 92.571136	 92.556316	 92.541833	 92.527684	 92.513866	 92.500378	 92.487215	 92.474376	 92.461859	  92.44966	 92.437776	 92.426207	 92.414949	 92.403999	 92.393356	 92.383017	  92.37298	 92.363242	 92.353801	 92.344656	 92.335804	 92.327243	 92.318971	 92.310986	 92.303286	  92.29587	 92.288735	 92.281879	 92.275302	    92.269	 92.262974	 92.257221	  92.25174	 92.246529	 92.241587	 92.236913	 92.232505	 92.228362	 92.224484	 92.220869	 92.217517	 92.214426	 92.211595	 92.209024	 92.206712	 92.204659	 92.202863	 92.201325	 92.200044	 92.199019	 92.198251	 92.197739	 92.197483	
        99	 98.928921	 98.857851	 98.786799	 98.715775	 98.644788	 98.573846	 98.502959	 98.432137	 98.361387	 98.290719	 98.220143	 98.149666	 98.079299	  98.00905	 97.938927	  97.86894	 97.799097	 97.729408	  97.65988	 97.590522	 97.521344	 97.452352	 97.383556	 97.314964	 97.246584	 97.178425	 97.110494	 97.042799	 96.975348	  96.90815	 96.841211	  96.77454	 96.708143	 96.642029	 96.576205	 96.510677	 96.445454	 96.380541	 96.315946	 96.251676	 96.187737	 96.124136	 96.060879	 95.997973	 95.935423	 95.873236	 95.811417	 95.749974	  95.68891	 95.628232	 95.567944	 95.508054	 95.448564	 95.389481	  95.33081	 95.272554	 95.214719	  95.15731	 95.100329	 95.043783	 94.987674	 94.932006	 94.876784	 94.822011	  94.76769	 94.713825	 94.660419	 94.607475	 94.554996	 94.502984	 94.451443	 94.400375	 94.349782	 94.299667	 94.250031	 94.200877	 94.152206	  94.10402	  94.05632	 94.009109	 93.962387	 93.916155	 93.870415	 93.825167	 93.780412	 93.736151	 93.692385	 93.649113	 93.606336	 93.564054	 93.522268	 93.480976	  93.44018	 93.399878	  93.36007	 93.320756	 93.281935	 93.243607	  93.20577	 93.168423	 93.131566	 93.095197	 93.059316	  93.02392	 92.989009	 92.954581	 92.920634	 92.887167	 92.854178	 92.821665	 92.789626	  92.75806	 92.726964	 92.696336	 92.666173	 92.636475	 92.607238	  92.57846	 92.550138	 92.522271	 92.494855	 92.467889	 92.441368	 92.415292	 92.389656	 92.364459	 92.339698	 92.315369	  92.29147	 92.267998	  92.24495	 92.222323	 92.200115	 92.178322	 92.156941	 92.135969	 92.115404	 92.095242	 92.075481	 92.056116	 92.037146	 92.018568	 92.000377	 91.982572	 91.965148	 91.948104	 91.931437	 91.915142	 91.899218	 91.883661	 91.868468	 91.853638	 91.839165	 91.825049	 91.811286	 91.797873	 91.784807	 91.772086	 91.759708	 91.747669	 91.735967	 91.724599	 91.713563	 91.702856	 91.692476	 91.682421	 91.672688	 91.663275	  91.65418	 91.645401	 91.636935	  91.62878	 91.620935	 91.613397	 91.606165	 91.599237	 91.592611	 91.586286	 91.580259	 91.574529	 91.569096	 91.563956	  91.55911	 91.554556	 91.550291	 91.546317	 91.542631	 91.539232	 91.536119	 91.533293	 91.530751	 91.528493	 91.526519	 91.524828	 91.523419	 91.522293	 91.521448	 91.520885	 91.520604	
        99	 98.922497	 98.845005	 98.767532	  98.69009	 98.612687	 98.535334	 98.458041	 98.380818	 98.303675	 98.226621	 98.149666	 98.072821	 97.996095	 97.919497	 97.843037	 97.766725	 97.690571	 97.614583	 97.538772	 97.463147	 97.387716	  97.31249	 97.237477	 97.162686	 97.088127	 97.013808	 96.939737	 96.865925	 96.792379	 96.719108	  96.64612	 96.573423	 96.501026	 96.428938	 96.357165	 96.285715	 96.214597	 96.143818	 96.073386	 96.003308	 95.933591	 95.864242	 95.795268	 95.726677	 95.658474	 95.590668	 95.523263	 95.456266	 95.389684	 95.323522	 95.257787	 95.192483	 95.127618	 95.063196	 94.999222	 94.935702	  94.87264	 94.810042	 94.747913	 94.686256	 94.625076	 94.564378	 94.504165	 94.444442	 94.385212	 94.326479	 94.268247	 94.210518	 94.153297	 94.096585	 94.040386	 93.984703	 93.929538	 93.874894	 93.820772	 93.767176	 93.714106	 93.661566	 93.609556	 93.558078	 93.507133	 93.456724	  93.40685	 93.357513	 93.308714	 93.260453	 93.212731	 93.165549	 93.118906	 93.072803	  93.02724	 92.982217	 92.937734	  92.89379	 92.850385	 92.807518	 92.765189	 92.723396	  92.68214	 92.641418	 92.601231	 92.561575	 92.522451	 92.483857	 92.445791	 92.408251	 92.371237	 92.334745	 92.298775	 92.263324	  92.22839	 92.193971	 92.160064	 92.126668	  92.09378	 92.061398	 92.029518	  91.99814	 91.967259	 91.936873	  91.90698	 91.877576	 91.848659	 91.820226	 91.792274	   91.7648	   91.7378	 91.711273	 91.685214	 91.659621	  91.63449	 91.609819	 91.585603	 91.561841	 91.538528	 91.515661	 91.493237	 91.471253	 91.449706	 91.428592	 91.407907	  91.38765	 91.367815	 91.348401	 91.329403	 91.310819	 91.292644	 91.274877	 91.257514	 91.240551	 91.223986	 91.207815	 91.192035	 91.176643	 91.161635	  91.14701	 91.132764	 91.118894	 91.105396	 91.092269	  91.07951	 91.067114	 91.055081	 91.043407	 91.032089	 91.021125	 91.010513	 91.000249	 90.990332	 90.980759	 90.971528	 90.962637	 90.954082	 90.945864	 90.937978	 90.930424	 90.923199	 90.916302	 90.909731	 90.903483	 90.897559	 90.891955	  90.88667	 90.881704	 90.877055	 90.872721	 90.868702	 90.864996	 90.861602	  90.85852	 90.855748	 90.853287	 90.851134	  90.84929	 90.847754	 90.846526	 90.845605	 90.844991	 90.844685	
        99	 98.916084	 98.832179	 98.748295	 98.664444	 98.580636	 98.496882	 98.413193	 98.329579	 98.246052	 98.162622	 98.079299	 97.996095	 97.913019	 97.830082	 97.747295	 97.664669	 97.582212	 97.499937	 97.417852	 97.335968	 97.254296	 97.172844	 97.091623	 97.010644	 96.929914	 96.849445	 96.769245	 96.689325	 96.609692	 96.530358	  96.45133	 96.372618	  96.29423	 96.216175	 96.138463	 96.061101	 95.984098	 95.907462	 95.831201	 95.755324	 95.679837	  95.60475	 95.530068	 95.455801	 95.381955	 95.308536	 95.235553	 95.163013	 95.090921	 95.019284	 94.948109	 94.877401	 94.807168	 94.737415	 94.668147	  94.59937	  94.53109	 94.463312	 94.396041	 94.329282	  94.26304	 94.197319	 94.132123	 94.067458	 94.003327	 93.939733	 93.876682	 93.814176	 93.752219	 93.690815	 93.629965	 93.569674	 93.509944	 93.450778	 93.392178	 93.334146	 93.276685	 93.219796	 93.163482	 93.107745	 93.052584	 92.998003	 92.944002	 92.890582	 92.837745	 92.785491	  92.73382	 92.682733	  92.63223	 92.582312	 92.532979	  92.48423	 92.436066	 92.388485	 92.341488	 92.295074	 92.249242	 92.203991	 92.159321	 92.115229	 92.071716	 92.028779	 91.986417	 91.944629	 91.903413	 91.862767	 91.822689	 91.783178	 91.744231	 91.705846	 91.668021	 91.630754	 91.594042	 91.557882	 91.522272	  91.48721	 91.452693	 91.418717	 91.385281	 91.352381	 91.320014	 91.288177	 91.256867	 91.226081	 91.195816	 91.166068	 91.136834	 91.108112	 91.079897	 91.052186	 91.024975	 90.998262	 90.972043	 90.946314	 90.921071	 90.896312	 90.872033	  90.84823	   90.8249	 90.802038	 90.779642	 90.757708	 90.736232	 90.715211	 90.694641	 90.674519	 90.654841	 90.635603	 90.616803	 90.598437	   90.5805	 90.562991	 90.545905	 90.529239	  90.51299	 90.497155	  90.48173	 90.466712	 90.452097	 90.437884	 90.424068	 90.410648	 90.397618	 90.384978	 90.372724	 90.360853	 90.349362	 90.338249	 90.327511	 90.317146	 90.307151	 90.297524	 90.288262	 90.279363	 90.270825	 90.262646	 90.254823	 90.247355	  90.24024	 90.233475	  90.22706	 90.220993	 90.215271	 90.209894	  90.20486	 90.200168	 90.195816	 90.191803	 90.188129	 90.184791	  90.18179	 90.179125	 90.176794	 90.174798	 90.173135	 90.171805	 90.170808	 90.170143	 90.169811	
        99	 98.909681	 98.819374	  98.72909	 98.638841	 98.548638	 98.458494	  98.36842	 98.278426	 98.188526	  98.09873	  98.00905	 97.919497	 97.830082	 97.740818	 97.651714	 97.562783	 97.474035	 97.385482	 97.297134	 97.209003	 97.121099	 97.033432	 96.946014	 96.858856	 96.771967	 96.685358	 96.599039	  96.51302	 96.427312	 96.341924	 96.256867	 96.172149	  96.08778	  96.00377	 95.920128	 95.836863	 95.753985	 95.671502	 95.589422	 95.507755	 95.426509	 95.345692	 95.265313	 95.185379	 95.105898	 95.026878	 94.948327	 94.870251	 94.792658	 94.715556	  94.63895	 94.562848	 94.487256	  94.41218	 94.337627	 94.263603	 94.190113	 94.117164	  94.04476	 93.972907	  93.90161	 93.830875	 93.760705	 93.691105	 93.622081	 93.553636	 93.485774	 93.418499	 93.351814	 93.285724	 93.220232	 93.155341	 93.091053	 93.027373	 92.964301	 92.901842	 92.839996	 92.778767	 92.718157	 92.658166	 92.598797	 92.540051	  92.48193	 92.424435	 92.367566	 92.311324	 92.255711	 92.200726	  92.14637	 92.092643	 92.039546	 91.987078	 91.935238	 91.884027	 91.833445	 91.783489	  91.73416	 91.685456	 91.637378	 91.589922	 91.543089	 91.496876	 91.451282	 91.406305	 91.361944	 91.318197	 91.275061	 91.232535	 91.190617	 91.149303	 91.108592	 91.068481	 91.028968	 90.990049	 90.951723	 90.913985	 90.876834	 90.840266	 90.804279	 90.768868	 90.734032	 90.699766	 90.666067	 90.632932	 90.600357	  90.56834	 90.536876	 90.505962	 90.475594	 90.445768	 90.416482	  90.38773	 90.359511	 90.331818	  90.30465	 90.278002	  90.25187	 90.226251	  90.20114	 90.176534	  90.15243	 90.128822	 90.105707	 90.083082	 90.060943	 90.039285	 90.018106	 89.997401	 89.977166	 89.957398	 89.938094	 89.919248	 89.900859	 89.882921	 89.865432	 89.848389	 89.831787	 89.815623	 89.799893	 89.784596	 89.769726	 89.755281	 89.741258	 89.727653	 89.714464	 89.701687	 89.689319	 89.677358	 89.665801	 89.654645	 89.643888	 89.633526	 89.623557	 89.613979	  89.60479	 89.595986	 89.587567	 89.579529	 89.571871	 89.564591	 89.557686	 89.551156	 89.544997	  89.53921	 89.533792	 89.528741	 89.524057	 89.519739	 89.515784	 89.512192	 89.508962	 89.506093	 89.503585	 89.501436	 89.499646	 89.498214	 89.497141	 89.496426	 89.496068	
        99	  98.90329	 98.806592	 98.709919	 98.613284	 98.516699	 98.420175	 98.323727	 98.227366	 98.131104	 98.034953	 97.938927	 97.843037	 97.747295	 97.651714	 97.556305	 97.461081	 97.366053	 97.271234	 97.176634	 97.082266	 96.988142	 96.894272	 96.800668	 96.707342	 96.614305	 96.521567	  96.42914	 96.337034	 96.245261	 96.153831	 96.062754	 95.972041	 95.881703	 95.791748	 95.702187	 95.613031	 95.524287	 95.435967	  95.34808	 95.260634	 95.173638	 95.087103	 95.001035	 94.915445	  94.83034	 94.745728	 94.661618	 94.578018	 94.494934	 94.412376	 94.330349	 94.248862	  94.16792	 94.087532	 94.007704	 93.928441	 93.849751	  93.77164	 93.694112	 93.617175	 93.540833	 93.465092	 93.389957	 93.315432	 93.241524	 93.168235	 93.095571	 93.023535	 92.952132	 92.881365	 92.811239	 92.741755	 92.672919	 92.604732	 92.537197	 92.470318	 92.404096	 92.338535	 92.273635	 92.209399	 92.145829	 92.082926	 92.020692	 91.959128	 91.898235	 91.838014	 91.778465	 91.719589	 91.661387	 91.603858	 91.547004	 91.490823	 91.435315	  91.38048	 91.326318	 91.272827	 91.220008	 91.167858	 91.116377	 91.065563	 91.015415	 90.965932	 90.917112	 90.868953	 90.821453	  90.77461	 90.728422	 90.682887	 90.638002	 90.593765	 90.550173	 90.507223	 90.464914	 90.423241	 90.382203	 90.341795	 90.302015	  90.26286	 90.224325	 90.186409	 90.149107	 90.112416	 90.076333	 90.040853	 90.005974	 89.971691	    89.938	 89.904898	 89.872381	 89.840445	 89.809086	 89.778301	 89.748084	 89.718432	 89.689341	 89.660808	 89.632827	 89.605394	 89.578507	  89.55216	 89.526349	 89.501071	 89.476321	 89.452095	 89.428389	 89.405199	 89.382521	  89.36035	 89.338684	 89.317517	 89.296846	 89.276667	 89.256976	  89.23777	 89.219043	 89.200794	 89.183017	 89.165709	 89.148867	 89.132486	 89.116564	 89.101097	 89.086082	 89.071514	 89.057391	  89.04371	 89.030468	 89.017661	 89.005286	  88.99334	 88.981822	 88.970726	 88.960052	 88.949797	 88.939957	  88.93053	 88.921515	 88.912909	 88.904709	 88.896913	  88.88952	 88.882527	 88.875934	 88.869737	 88.863935	 88.858527	 88.853512	 88.848887	 88.844652	 88.840806	 88.837348	 88.834276	  88.83159	 88.829289	 88.827373	  88.82584	 88.824691	 88.823925	 88.823542	
        99	 98.896911	 98.793835	 98.690786	 98.587777	 98.484821	 98.381931	 98.279121	 98.176404	 98.073792	   97.9713	  97.86894	 97.766725	 97.664669	 97.562783	 97.461081	 97.359576	  97.25828	 97.157207	 97.056367	 96.955775	 96.855442	 96.755381	 96.655603	 96.556121	 96.456947	 96.358093	 96.259569	 96.161389	 96.063562	 95.966102	 95.869018	 95.772321	 95.676024	 95.580136	 95.484668	  95.38963	 95.295034	 95.200888	 95.107204	  95.01399	 94.921257	 94.829013	 94.737269	 94.646033	 94.555315	 94.465122	 94.375464	 94.286349	 94.197786	 94.109782	 94.022345	 93.935483	 93.849203	 93.763512	 93.678418	 93.593928	 93.510048	 93.426784	 93.344143	 93.262131	 93.180754	 93.100017	 93.019926	 92.940486	 92.861702	 92.783579	 92.706122	 92.629335	 92.553222	 92.477788	 92.403036	  92.32897	 92.255593	 92.182908	 92.110919	 92.039629	 91.969039	 91.899153	 91.829973	   91.7615	 91.693737	 91.626685	 91.560346	 91.494721	 91.429812	 91.365618	 91.302142	 91.239383	 91.177342	 91.116019	 91.055414	 90.995527	 90.936358	 90.877907	 90.820172	 90.763153	 90.706849	  90.65126	 90.596383	 90.542218	 90.488763	 90.436016	 90.383975	  90.33264	 90.282007	 90.232074	  90.18284	 90.134301	 90.086455	   90.0393	 89.992833	 89.947051	 89.901951	  89.85753	 89.813784	 89.770711	 89.728307	 89.686569	 89.645493	 89.605076	 89.565314	 89.526203	  89.48774	  89.44992	  89.41274	 89.376195	 89.340282	 89.304997	 89.270336	 89.236293	 89.202866	 89.170049	  89.13784	 89.106232	 89.075223	 89.044807	  89.01498	 88.985739	 88.957078	 88.928993	  88.90148	 88.874534	 88.848151	 88.822327	 88.797058	 88.772338	 88.748164	 88.724532	 88.701436	 88.678873	 88.656839	 88.635329	 88.614339	 88.593866	 88.573904	 88.554451	 88.535501	 88.517052	 88.499099	 88.481638	 88.464666	 88.448179	 88.432172	 88.416644	  88.40159	 88.387007	 88.372891	 88.359239	 88.346048	 88.333314	 88.321036	 88.309209	  88.29783	 88.286898	  88.27641	 88.266361	 88.256752	 88.247577	 88.238836	 88.230527	 88.222646	 88.215192	 88.208163	 88.201558	 88.195373	 88.189609	 88.184263	 88.179333	 88.174819	 88.170719	 88.167033	 88.163758	 88.160895	 88.158442	 88.156399	 88.154766	 88.153541	 88.152724	 88.152316	
        99	 98.890545	 98.781105	 98.671692	 98.562322	 98.453009	 98.343765	 98.234607	 98.125547	 98.016599	 97.907778	 97.799097	 97.690571	 97.582212	 97.474035	 97.366053	  97.25828	  97.15073	 97.043415	 96.936349	 96.829545	 96.723017	 96.616776	 96.510838	 96.405213	 96.299915	 96.194956	 96.090348	 95.986105	 95.882238	 95.778759	  95.67568	 95.573013	 95.470769	  95.36896	 95.267597	 95.166691	 95.066253	 94.966294	 94.866825	 94.767855	 94.669395	 94.571456	 94.474047	 94.377177	 94.280856	 94.185095	   94.0899	 93.995283	 93.901251	 93.807812	 93.714976	  93.62275	 93.531143	 93.440161	 93.349812	 93.260105	 93.171045	 93.082639	 92.994895	 92.907819	 92.821417	 92.735694	 92.650658	 92.566312	 92.482664	 92.399717	 92.317477	 92.235948	 92.155136	 92.075043	 91.995675	 91.917036	 91.839128	 91.761955	 91.685521	 91.609828	 91.534879	 91.460678	 91.387226	 91.314525	 91.242577	 91.171385	  91.10095	 91.031273	 90.962355	 90.894198	 90.826801	 90.760167	 90.694295	 90.629185	 90.564838	 90.501253	 90.438431	  90.37637	  90.31507	  90.25453	  90.19475	 90.135728	 90.077462	 90.019952	 89.963196	 89.907192	 89.851938	 89.797433	 89.743673	 89.690657	 89.638382	 89.586846	 89.536046	  89.48598	 89.436643	 89.388034	 89.340149	 89.292985	 89.246538	 89.200805	 89.155783	 89.111468	 89.067855	 89.024942	 88.982725	 88.941199	  88.90036	 88.860205	 88.820729	 88.781928	 88.743798	 88.706334	 88.669532	 88.633387	 88.597896	 88.563053	 88.528854	 88.495295	  88.46237	 88.430076	 88.398408	 88.367361	  88.33693	 88.307111	 88.277899	 88.249289	 88.221278	 88.193859	 88.167029	 88.140783	 88.115116	 88.090024	 88.065503	 88.041546	 88.018152	 87.995314	 87.973028	  87.95129	 87.930096	 87.909441	 87.889322	 87.869733	 87.850671	 87.832132	 87.814112	 87.796607	 87.779612	 87.763125	 87.747141	 87.731657	  87.71667	 87.702175	 87.688169	 87.674649	 87.661613	 87.649055	 87.636975	 87.625367	 87.614231	 87.603562	 87.593359	 87.583618	 87.574338	 87.565515	 87.557147	 87.549233	 87.541771	 87.534757	 87.528191	  87.52207	 87.516394	  87.51116	 87.506367	 87.502014	   87.4981	 87.494623	 87.491583	 87.488979	  87.48681	 87.485076	 87.483775	 87.482908	 87.482475	
