Time step 12:
        99	        99	        99	        99	        99	        99	        99	        99	        99	        99	        99	        99	        99	        99	        99	        99	        99	        99	        99	        99	        99	        99	        99	        99	        99	        99	        99	        99	        99	        99	        99	        99	        99	        99	        99	        99	        99	        99	        99	        99	        99	        99	        99	        99	        99	        99	        99	        99	        99	        99	        99	        99	        99	        99	        99	        99	        99	        99	        99	        99	        99	        99	        99	        99	        99	        99	        99	        99	        99	        99	        99	        99	        99	        99	        99	        99	        99	        99	        99	        99	        99	        99	        99	        99	        99	        99	        99	        99	        99	        99	        99	        99	        99	        99	        99	        99	        99	        99	        99	        99	        99	        99	        99	        99	        99	        99	        99	        99	        99	        99	        99	        99	        99	        99	        99	        99	        99	        99	        99	        99	        99	        99	        99	        99	        99	        99	        99	        99	        99	        99	        99	        99	        99	        99	        99	        99	        99	        99	        99	        99	        99	        99	        99	        99	        99	        99	        99	        99	        99	        99	        99	        99	        99	        99	        99	        99	        99	        99	        99	        99	        99	        99	        99	        99	        99	        99	        99	        99	        99	        99	        99	        99	        99	        99	        99	        99	        99	        99	        99	        99	        99	        99	        99	        99	        99	        99	        99	        99	        99	        99	        99	        99	        99	        99	        99	        99	        99	        99	        99	        99	
        99	 98.947098	 98.894253	 98.841518	 98.788949	 98.736602	 98.684529	 98.632783	 98.581418	 98.530483	 98.480029	 98.430102	  98.38075	 98.332018	 98.283948	  98.23658	 98.189955	 98.144108	 98.099074	 98.054885	 98.011571	 97.969159	 97.927674	 97.887138	 97.847571	 97.808992	 97.771414	  97.73485	  97.69931	 97.664802	 97.631332	 97.598901	 97.567511	 97.537161	 97.507846	 97.479562	   97.4523	 97.426051	 97.400805	 97.376548	 97.353267	 97.330944	 97.309565	 97.289109	 97.269558	 97.250892	 97.233088	 97.216126	 97.199982	 97.184633	 97.170055	 97.156224	 97.143115	 97.130704	 97.118966	 97.107877	  97.09741	 97.087543	 97.078249	 97.069506	 97.061288	 97.053573	 97.046338	 97.039559	 97.033215	 97.027284	 97.021744	 97.016576	  97.01176	 97.007276	 97.003106	 96.999232	 96.995636	 96.992303	 96.989215	 96.986359	  96.98372	 96.981283	 96.979036	 96.976965	  96.97506	 96.973308	 96.971699	 96.970223	 96.968871	 96.967633	   96.9665	 96.965466	 96.964521	 96.963661	 96.962877	 96.962163	 96.961515	 96.960927	 96.960393	  96.95991	 96.959472	 96.959077	  96.95872	 96.958397	 96.958107	 96.957845	  96.95761	 96.957399	 96.957209	 96.957039	 96.956887	 96.956751	 96.956629	 96.956521	 96.956424	 96.956337	  96.95626	 96.956192	 96.956132	 96.956078	  96.95603	 96.955988	  96.95595	 96.955917	 96.955888	 96.955863	  96.95584	  96.95582	 96.955803	 96.955787	 96.955774	 96.955762	 96.955752	 96.955743	 96.955735	 96.955728	 96.955722	 96.955717	 96.955712	 96.955708	 96.955705	 96.955702	 96.955699	 96.955697	 96.955695	 96.955693	 96.955692	 96.955691	  96.95569	 96.955689	 96.955688	 96.955687	 96.955687	 96.955686	 96.955686	 96.955685	 96.955685	 96.955685	 96.955685	 96.955684	 96.955684	 96.955684	 96.955684	 96.955684	 96.955684	 96.955684	 96.955684	 96.955684	 96.955684	 96.955684	 96.955684	 96.955684	 96.955684	 96.955683	 96.955683	 96.955683	 96.955683	 96.955683	 96.955683	 96.955683	 96.955683	 96.955683	 96.955683	 96.955683	 96.955683	 96.955683	 96.955683	 96.955683	 96.955683	 96.955683	 96.955683	 96.955683	 96.955683	 96.955683	 96.955683	 96.955683	 96.955683	 96.955683	 96.955683	 96.955683	 96.955683	 96.955683	 96.955683	 96.955683	
        99	 98.894253	 98.788616	 98.683202	  98.57812	  98.47348	 98.369389	 98.265953	 98.163276	  98.06146	 97.960604	 97.860804	 97.762152	 97.664738	 97.568648	 97.473964	 97.380762	 97.289116	 97.199096	 97.110764	 97.024181	 96.939402	 96.856475	 96.775446	 96.696355	 96.619236	  96.54412	  96.47103	 96.399989	 96.331009	 96.264103	 96.199276	  96.13653	 96.075861	 96.017262	 95.960723	 95.906228	 95.853758	 95.803292	 95.754804	 95.708265	 95.663644	 95.620907	 95.580018	 95.540936	 95.503623	 95.468035	 95.434128	 95.401857	 95.371175	 95.342034	 95.314387	 95.288183	 95.263375	 95.239912	 95.217744	 95.196822	 95.177097	  95.15852	 95.141042	 95.124616	 95.109194	 95.094731	  95.08118	 95.068499	 95.056642	  95.04557	 95.035239	 95.025611	 95.016648	 95.008312	 95.000568	  94.99338	 94.986717	 94.980546	 94.974837	 94.969561	 94.964689	 94.960197	 94.956058	  94.95225	 94.948748	 94.945532	 94.942582	 94.939878	 94.937403	 94.935139	 94.933071	 94.931184	 94.929463	 94.927896	  94.92647	 94.925175	 94.923999	 94.922932	 94.921966	 94.921091	   94.9203	 94.919586	 94.918942	 94.918361	 94.917839	 94.917369	 94.916946	 94.916567	 94.916228	 94.915923	 94.915651	 94.915408	 94.915191	 94.914997	 94.914824	 94.914671	 94.914534	 94.914413	 94.914305	  94.91421	 94.914126	 94.914051	 94.913985	 94.913927	 94.913875	  94.91383	  94.91379	 94.913755	 94.913725	 94.913698	 94.913674	 94.913654	 94.913636	  94.91362	 94.913606	 94.913594	 94.913584	 94.913575	 94.913567	  94.91356	 94.913554	 94.913549	 94.913544	  94.91354	 94.913537	 94.913534	 94.913532	  94.91353	 94.913528	 94.913526	 94.913525	 94.913524	 94.913523	 94.913522	 94.913521	 94.913521	  94.91352	  94.91352	 94.913519	 94.913519	 94.913519	 94.913518	 94.913518	 94.913518	 94.913518	 94.913518	 94.913518	 94.913518	 94.913517	 94.913517	 94.913517	 94.913517	 94.913517	 94.913517	 94.913517	 94.913517	 94.913517	 94.913517	 94.913517	 94.913517	 94.913517	 94.913517	 94.913517	 94.913517	 94.913517	 94.913517	 94.913517	 94.913517	 94.913517	 94.913517	 94.913517	 94.913517	 94.913517	 94.913517	 94.913517	 94.913517	 94.913517	 94.913517	 94.913517	 94.913517	 94.913517	 94.913517	 94.913517	
        99	 98.841518	 98.683202	  98.52522	 98.367735	 98.210912	 98.054912	 97.899894	 97.746013	 97.593423	 97.442272	 97.292702	 97.144854	 96.998862	 96.854853	  96.71295	  96.57327	 96.435922	 96.301009	 96.168628	 96.038868	  95.91181	 95.787529	 95.666092	 95.547559	 95.431982	 95.319406	 95.209868	 95.103399	 95.000021	  94.89975	 94.802594	 94.708557	 94.617633	 94.529812	 94.445078	 94.363407	 94.284771	 94.209139	  94.13647	 94.066723	  93.99985	 93.935801	  93.87452	 93.815949	 93.760028	 93.706693	 93.655877	 93.607513	  93.56153	 93.517858	 93.476423	 93.437152	 93.399972	 93.364808	 93.331585	  93.30023	 93.270668	 93.242827	 93.216633	 93.192016	 93.168903	 93.147227	 93.126919	 93.107914	 93.090145	  93.07355	 93.058068	 93.043639	 93.030206	 93.017713	 93.006106	 92.995335	 92.985348	   92.9761	 92.967544	 92.959636	 92.952336	 92.945603	 92.939401	 92.933693	 92.928445	 92.923625	 92.919204	 92.915152	 92.911442	 92.908049	  92.90495	 92.902121	 92.899543	 92.897194	 92.895058	 92.893116	 92.891353	 92.889755	 92.888306	 92.886996	 92.885811	  92.88474	 92.883775	 92.882905	 92.882122	 92.881417	 92.880784	 92.880216	 92.879707	 92.879251	 92.878843	 92.878478	 92.878153	 92.877862	 92.877604	 92.877374	 92.877169	 92.876987	 92.876826	 92.876683	 92.876557	 92.876445	 92.876346	 92.876259	 92.876182	 92.876114	 92.876054	 92.876002	 92.875956	 92.875916	  92.87588	 92.875849	 92.875822	 92.875799	 92.875778	  92.87576	 92.875744	 92.875731	 92.875719	 92.875709	   92.8757	 92.875692	 92.875685	  92.87568	 92.875675	  92.87567	 92.875667	 92.875664	 92.875661	 92.875658	 92.875656	 92.875655	 92.875653	 92.875652	 92.875651	  92.87565	 92.875649	 92.875648	 92.875648	 92.875647	 92.875647	 92.875647	 92.875646	 92.875646	 92.875646	 92.875646	 92.875646	 92.875645	 92.875645	 92.875645	 92.875645	 92.875645	 92.875645	 92.875645	 92.875645	 92.875645	 92.875645	 92.875645	 92.875645	 92.875645	 92.875645	 92.875645	 92.875645	 92.875645	 92.875645	 92.875645	 92.875645	 92.875645	 92.875645	 92.875645	 92.875645	 92.875645	 92.875645	 92.875645	 92.875645	 92.875645	 92.875645	 92.875645	 92.875645	 92.875645	 92.875645	 92.875645	 92.875645	
        99	 98.788949	  98.57812	 98.367735	 98.158013	 97.949171	 97.741426	 97.534989	 97.330066	 97.126862	 96.925573	 96.726392	 96.529503	 96.335084	 96.143308	 95.954336	 95.768324	 95.585418	 95.405754	 95.229462	  95.05666	 94.887457	 94.721952	 94.560235	 94.402384	 94.248471	 94.098553	 93.952682	 93.810897	 93.673228	 93.539697	 93.410315	 93.285085	 93.164002	 93.047051	  92.93421	 92.825449	  92.72073	  92.62001	 92.523237	 92.430355	 92.341301	 92.256006	 92.174398	   92.0964	  92.02193	 91.950903	 91.883232	 91.818825	  91.75759	 91.699431	 91.644252	 91.591955	 91.542442	 91.495614	 91.451372	 91.409616	 91.370249	 91.333173	 91.298291	 91.265507	 91.234729	 91.205863	 91.178819	 91.153509	 91.129846	 91.107747	 91.087129	 91.067914	 91.050025	 91.033388	 91.017932	 91.003587	 90.990289	 90.977972	 90.966578	 90.956048	 90.946326	  90.93736	   90.9291	 90.921499	  90.91451	 90.908092	 90.902204	 90.896808	 90.891868	  90.88735	 90.883222	 90.879455	 90.876021	 90.872894	 90.870048	 90.867463	 90.865115	 90.862986	 90.861058	 90.859312	 90.857734	 90.856309	 90.855023	 90.853865	 90.852821	 90.851883	  90.85104	 90.850284	 90.849606	 90.848999	 90.848455	  90.84797	 90.847536	  90.84715	 90.846805	 90.846499	 90.846226	 90.845984	 90.845769	 90.845579	 90.845411	 90.845262	  90.84513	 90.845014	 90.844911	 90.844821	 90.844742	 90.844672	 90.844611	 90.844557	  90.84451	 90.844469	 90.844433	 90.844401	 90.844374	  90.84435	 90.844329	 90.844311	 90.844295	 90.844281	  90.84427	 90.844259	  90.84425	 90.844243	 90.844236	  90.84423	 90.844226	 90.844221	 90.844218	 90.844214	 90.844212	  90.84421	 90.844208	 90.844206	 90.844204	 90.844203	 90.844202	 90.844201	   90.8442	   90.8442	 90.844199	 90.844199	 90.844198	 90.844198	 90.844198	 90.844198	 90.844197	 90.844197	 90.844197	 90.844197	 90.844197	 90.844197	 90.844197	 90.844197	 90.844197	 90.844197	 90.844196	 90.844196	 90.844196	 90.844196	 90.844196	 90.844196	 90.844196	 90.844196	 90.844196	 90.844196	 90.844196	 90.844196	 90.844196	 90.844196	 90.844196	 90.844196	 90.844196	 90.844196	 90.844196	 90.844196	 90.844196	 90.844196	 90.844196	 90.844196	 90.844196	 90.844196	 90.844196	
        99	 98.736602	  98.47348	 98.210912	 97.949171	  97.68853	 97.429257	 97.171616	 96.915866	  96.66226	 96.411045	  96.16246	 95.916736	 95.674095	 95.434752	 95.198909	 94.966759	 94.738486	  94.51426	 94.294242	 94.078579	 93.867408	 93.660852	 93.459023	  93.26202	 93.069931	 92.882829	 92.700776	 92.523824	 92.352008	 92.185357	 92.023884	 91.867593	 91.716477	 91.570519	 91.429689	 91.293952	 91.163259	 91.037557	 90.916781	 90.800861	 90.689718	 90.583268	 90.481418	 90.384074	 90.291133	 90.202489	 90.118033	 90.037651	 89.961228	 89.888643	 89.819778	  89.75451	 89.692716	 89.634273	 89.579057	 89.526945	 89.477813	 89.431541	 89.388007	 89.347092	 89.308679	 89.272653	 89.238902	 89.207314	 89.177782	 89.150201	  89.12447	 89.100489	 89.078163	   89.0574	 89.038109	 89.020207	  89.00361	 88.988239	 88.974018	 88.960876	 88.948743	 88.937553	 88.927245	 88.917758	 88.909036	 88.901026	 88.893677	 88.886942	 88.880777	 88.875138	 88.869987	 88.865286	    88.861	 88.857097	 88.853546	 88.850319	 88.847389	 88.844732	 88.842325	 88.840147	 88.838177	 88.836399	 88.834794	 88.833348	 88.832046	 88.830875	 88.829823	 88.828879	 88.828033	 88.827275	 88.826597	 88.825991	  88.82545	 88.824967	 88.824538	 88.824155	 88.823815	 88.823513	 88.823245	 88.823007	 88.822797	 88.822611	 88.822447	 88.822302	 88.822174	 88.822061	 88.821962	 88.821875	 88.821799	 88.821732	 88.821673	 88.821621	 88.821576	 88.821537	 88.821503	 88.821473	 88.821447	 88.821425	 88.821405	 88.821388	 88.821373	  88.82136	 88.821349	  88.82134	 88.821331	 88.821324	 88.821318	 88.821313	 88.821308	 88.821304	 88.821301	 88.821298	 88.821296	 88.821293	 88.821292	  88.82129	 88.821289	 88.821288	 88.821287	 88.821286	 88.821285	 88.821285	 88.821284	 88.821284	 88.821283	 88.821283	 88.821283	 88.821283	 88.821283	 88.821282	 88.821282	 88.821282	 88.821282	 88.821282	 88.821282	 88.821282	 88.821282	 88.821282	 88.821282	 88.821282	 88.821282	 88.821282	 88.821282	 88.821282	 88.821282	 88.821282	 88.821282	 88.821282	 88.821282	 88.821282	 88.821282	 88.821282	 88.821282	 88.821282	 88.821282	 88.821282	 88.821282	 88.821282	 88.821282	 88.821282	 88.821282	 88.821282	 88.821282	
        99	 98.684529	 98.369389	 98.054912	 97.741426	 97.429257	 97.118727	 96.810151	  96.50384	 96.200097	 95.899218	 95.601488	 95.307185	 95.016575	 94.729914	 94.447446	 94.169401	 93.895999	 93.627445	 93.363929	 93.105631	 92.852711	  92.60532	  92.36359	 92.127641	 91.897576	 91.673485	 91.455441	 91.243506	 91.037723	 90.838125	  90.64473	 90.457541	  90.27655	 90.101735	 89.933064	 89.770492	 89.613962	 89.463409	 89.318757	 89.179919	 89.046804	 88.919308	 88.797324	 88.680735	 88.569419	 88.463251	 88.362099	 88.265825	 88.174293	 88.087359	  88.00488	 87.926708	 87.852698	 87.782701	 87.716569	 87.654154	 87.595309	 87.539889	 87.487748	 87.438745	 87.392738	  87.34959	 87.309166	 87.271333	 87.235963	  87.20293	 87.172111	 87.143389	  87.11665	 87.091781	 87.068678	 87.047236	 87.027357	 87.008948	 86.991916	 86.976175	 86.961644	 86.948242	 86.935895	 86.924533	 86.914086	 86.904493	 86.895691	 86.887625	 86.880241	 86.873488	 86.867318	 86.861687	 86.856554	 86.851879	 86.847627	 86.843761	 86.840252	  86.83707	 86.834187	 86.831578	 86.829219	 86.827089	 86.825167	 86.823435	 86.821876	 86.820474	 86.819214	 86.818083	  86.81707	 86.816162	  86.81535	 86.814624	 86.813976	 86.813398	 86.812883	 86.812425	 86.812018	 86.811656	 86.811335	  86.81105	 86.810799	 86.810576	 86.810379	 86.810205	 86.810052	 86.809917	 86.809799	 86.809694	 86.809603	 86.809523	 86.809452	 86.809391	 86.809337	  86.80929	 86.809249	 86.809213	 86.809182	 86.809155	 86.809131	 86.809111	 86.809093	 86.809078	 86.809065	 86.809053	 86.809043	 86.809035	 86.809027	 86.809021	 86.809015	 86.809011	 86.809007	 86.809003	    86.809	 86.808998	 86.808996	 86.808994	 86.808992	 86.808991	  86.80899	 86.808989	 86.808988	 86.808987	 86.808987	 86.808986	 86.808986	 86.808985	 86.808985	 86.808985	 86.808985	 86.808985	 86.808984	 86.808984	 86.808984	 86.808984	 86.808984	 86.808984	 86.808984	 86.808984	 86.808984	 86.808984	 86.808984	 86.808984	 86.808984	 86.808984	 86.808984	 86.808984	 86.808984	 86.808984	 86.808984	 86.808984	 86.808984	 86.808984	 86.808984	 86.808984	 86.808984	 86.808984	 86.808984	 86.808984	 86.808984	 86.808984	 86.808984	 86.808984	 86.808984	
        99	 98.632783	 98.265953	 97.899894	 97.534989	 97.171616	 96.810151	 96.450961	 96.094407	 95.740843	 95.390612	 95.044047	 94.701471	 94.363194	 94.029513	 93.700713	 93.377062	 93.058815	 92.746211	 92.439473	 92.138807	 91.844402	 91.556433	 91.275053	 91.000403	 90.732601	 90.471753	 90.217945	 89.971246	  89.73171	 89.499374	 89.274256	 89.056364	 88.845686	 88.642197	  88.44586	 88.256622	 88.074417	  87.89917	 87.730791	 87.569181	 87.414231	 87.265823	  87.12383	 86.988117	 86.858543	 86.734961	 86.617217	 86.505152	 86.398606	 86.297413	 86.201405	 86.110412	 86.024262	 85.942783	 85.865804	 85.793152	 85.724655	 85.660144	 85.599451	  85.54241	 85.488857	 85.438632	 85.391577	 85.347538	 85.306367	 85.267915	 85.232042	 85.198609	 85.167483	 85.138536	 85.111642	 85.086684	 85.063545	 85.042115	  85.02229	 85.003967	 84.987052	 84.971452	  84.95708	 84.943854	 84.931694	 84.920527	 84.910282	 84.900893	 84.892298	 84.884437	 84.877255	 84.870701	 84.864726	 84.859284	 84.854333	 84.849834	  84.84575	 84.842046	  84.83869	 84.835653	 84.832907	 84.830428	  84.82819	 84.826174	 84.824359	 84.822727	 84.821261	 84.819945	 84.818765	 84.817708	 84.816763	 84.815918	 84.815163	 84.814491	 84.813891	 84.813358	 84.812884	 84.812463	 84.812089	 84.811758	 84.811465	 84.811206	 84.810976	 84.810774	 84.810596	 84.810439	 84.810301	  84.81018	 84.810073	  84.80998	 84.809898	 84.809826	 84.809763	 84.809709	 84.809661	 84.809619	 84.809583	 84.809551	 84.809524	   84.8095	  84.80948	 84.809462	 84.809446	 84.809433	 84.809421	 84.809412	 84.809403	 84.809396	 84.809389	 84.809384	 84.809379	 84.809375	 84.809372	 84.809369	 84.809366	 84.809364	 84.809362	 84.809361	 84.809359	 84.809358	 84.809357	 84.809357	 84.809356	 84.809355	 84.809355	 84.809354	 84.809354	 84.809354	 84.809353	 84.809353	 84.809353	 84.809353	 84.809353	 84.809353	 84.809353	 84.809353	 84.809352	 84.809352	 84.809352	 84.809352	 84.809352	 84.809352	 84.809352	 84.809352	 84.809352	 84.809352	 84.809352	 84.809352	 84.809352	 84.809352	 84.809352	 84.809352	 84.809352	 84.809352	 84.809352	 84.809352	 84.809352	 84.809352	 84.809352	 84.809352	 84.809352	 84.809352	 84.809352	
        99	 98.581418	 98.163276	 97.746013	 97.330066	 96.915866	  96.50384	 96.094407	  95.68798	  95.28496	 94.885739	 94.490697	 94.100203	 93.714608	 93.334253	 92.959461	 92.590539	 92.227776	 91.871446	 91.521801	 91.179079	 90.843494	 90.515244	 90.194506	 89.881438	 89.576177	 89.278842	 88.989532	 88.708325	 88.435284	 88.170448	 87.913842	 87.665471	 87.425324	 87.193372	 86.969572	 86.753863	 86.546172	 86.346412	  86.15448	 85.970264	 85.793641	 85.624474	 85.462619	 85.307923	 85.160225	 85.019356	 84.885142	 84.757402	 84.635953	 84.520605	 84.411167	 84.307446	 84.209246	 84.116371	 84.028623	 83.945809	 83.867731	 83.794196	 83.725014	 83.659994	  83.59895	 83.541699	 83.488062	 83.437864	 83.390933	 83.347103	 83.306212	 83.268103	 83.232623	 83.199627	 83.168971	 83.140522	 83.114146	 83.089719	  83.06712	 83.046235	 83.026954	 83.009172	  82.99279	 82.977713	 82.963853	 82.951123	 82.939445	 82.928743	 82.918945	 82.909985	 82.901798	 82.894328	 82.887517	 82.881314	 82.875671	 82.870542	 82.865887	 82.861664	 82.857839	 82.854377	 82.851247	 82.848421	 82.845871	 82.843573	 82.841504	 82.839643	 82.837972	 82.836472	 82.835127	 82.833922	 82.832845	 82.831882	 82.831022	 82.830255	 82.829572	 82.828964	 82.828423	 82.827943	 82.827517	  82.82714	 82.826806	  82.82651	 82.826249	 82.826019	 82.825815	 82.825637	 82.825479	 82.825341	 82.825219	 82.825113	 82.825019	 82.824938	 82.824866	 82.824804	 82.824749	 82.824702	 82.824661	 82.824625	 82.824593	 82.824566	 82.824543	 82.824523	 82.824505	  82.82449	 82.824477	 82.824465	 82.824455	 82.824447	  82.82444	 82.824434	 82.824428	 82.824424	  82.82442	 82.824416	 82.824414	 82.824411	 82.824409	 82.824407	 82.824406	 82.824405	 82.824403	 82.824403	 82.824402	 82.824401	 82.824401	   82.8244	   82.8244	 82.824399	 82.824399	 82.824399	 82.824399	 82.824398	 82.824398	 82.824398	 82.824398	 82.824398	 82.824398	 82.824398	 82.824398	 82.824398	 82.824398	 82.824398	 82.824398	 82.824398	 82.824398	 82.824398	 82.824398	 82.824398	 82.824398	 82.824398	 82.824398	 82.824398	 82.824398	 82.824398	 82.824398	 82.824398	 82.824398	 82.824398	 82.824398	 82.824398	 82.824398	 82.824398	 82.824398	
        99	 98.530483	  98.06146	 97.593423	 97.126862	  96.66226	 96.200097	 95.740843	  95.28496	 94.832899	 94.385099	 93.941987	 93.503975	  93.07146	 92.644822	 92.224424	 91.810609	 91.403704	 91.004014	 90.611824	 90.227397	 89.850977	 89.482784	 89.123018	 88.771854	 88.429448	 88.095932	 87.771417	 87.455993	 87.149726	 86.852664	 86.564833	  86.28624	  86.01687	 85.756694	  85.50566	 85.263703	  85.03074	 84.806672	 84.591385	 84.384753	 84.186637	 83.996885	 83.815335	 83.641815	 83.476145	 83.318135	 83.167589	 83.024305	 82.888077	 82.758694	 82.635939	 82.519597	 82.409447	  82.30527	 82.206846	 82.113953	 82.026375	 81.943892	 81.866291	 81.793359	 81.724887	  81.66067	 81.600507	   81.5442	 81.491559	 81.442395	 81.396528	 81.353781	 81.313985	 81.276973	 81.242588	 81.210676	 81.181091	 81.153691	 81.128343	 81.104916	 81.083289	 81.063343	 81.044968	 81.028056	 81.012509	 80.998231	 80.985132	 80.973127	 80.962137	 80.952086	 80.942904	 80.934524	 80.926884	 80.919927	 80.913597	 80.907845	 80.902622	 80.897886	 80.893595	 80.889712	 80.886202	 80.883031	 80.880171	 80.877593	 80.875273	 80.873186	 80.871311	 80.869628	 80.868119	 80.866768	  80.86556	 80.864479	 80.863515	 80.862655	 80.861889	 80.861207	   80.8606	 80.860062	 80.859584	 80.859161	 80.858786	 80.858454	 80.858161	 80.857903	 80.857675	 80.857474	 80.857298	 80.857143	 80.857006	 80.856887	 80.856782	  80.85669	  80.85661	  80.85654	 80.856479	 80.856426	  80.85638	 80.856339	 80.856304	 80.856274	 80.856248	 80.856225	 80.856205	 80.856188	 80.856173	 80.856161	  80.85615	  80.85614	 80.856132	 80.856125	 80.856119	 80.856114	  80.85611	 80.856106	 80.856103	   80.8561	 80.856098	 80.856096	 80.856094	 80.856092	 80.856091	  80.85609	 80.856089	 80.856089	 80.856088	 80.856087	 80.856087	 80.856087	 80.856086	 80.856086	 80.856086	 80.856086	 80.856085	 80.856085	 80.856085	 80.856085	 80.856085	 80.856085	 80.856085	 80.856085	 80.856085	 80.856085	 80.856085	 80.856085	 80.856085	 80.856085	 80.856085	 80.856085	 80.856085	 80.856085	 80.856085	 80.856085	 80.856085	 80.856085	 80.856085	 80.856085	 80.856085	 80.856085	 80.856085	 80.856085	 80.856085	 80.856085	 80.856085	
        99	 98.480029	 97.960604	 97.442272	 96.925573	 96.411045	 95.899218	 95.390612	 94.885739	 94.385099	 93.889178	 93.398449	 92.913369	 92.434375	  91.96189	 91.496315	 91.038032	 90.587401	  90.14476	 89.710424	 89.284687	 88.867817	 88.460058	  88.06163	  87.67273	 87.293529	 86.924173	 86.564786	 86.215465	 85.876287	 85.547303	 85.228541	  84.92001	 84.621694	 84.333559	 84.055549	 83.787591	 83.529593	 83.281446	 83.043025	 82.814188	 82.594783	  82.38464	  82.18358	 81.991414	  81.80794	  81.63295	 81.466227	 81.307546	 81.156679	 81.013391	 80.877446	 80.748601	 80.626614	 80.511243	 80.402241	 80.299367	 80.202377	 80.111031	 80.025091	 79.944322	 79.868492	 79.797374	 79.730745	 79.668388	 79.610089	 79.555643	 79.504847	 79.457506	 79.413433	 79.372444	 79.334364	 79.299023	 79.266258	 79.235914	 79.207842	 79.181898	 79.157946	 79.135857	 79.115507	 79.096779	 79.079561	 79.063748	 79.049242	 79.035947	 79.023776	 79.012645	 79.002476	 78.993195	 78.984735	 78.977029	 78.970019	 78.963649	 78.957865	  78.95262	 78.947868	 78.943568	  78.93968	 78.936169	 78.933001	 78.930147	 78.927577	 78.925265	 78.923189	 78.921325	 78.919655	 78.918158	  78.91682	 78.915624	 78.914556	 78.913603	 78.912754	 78.911999	 78.911328	 78.910731	 78.910202	 78.909733	 78.909318	 78.908951	 78.908627	 78.908341	 78.908088	 78.907866	  78.90767	 78.907498	 78.907348	 78.907215	 78.907099	 78.906998	 78.906909	 78.906831	 78.906764	 78.906705	 78.906654	 78.906609	  78.90657	 78.906537	 78.906507	 78.906482	  78.90646	 78.906441	 78.906425	 78.906411	 78.906399	 78.906388	 78.906379	 78.906372	 78.906365	 78.906359	 78.906354	  78.90635	 78.906347	 78.906344	 78.906341	 78.906339	 78.906337	 78.906335	 78.906334	 78.906333	 78.906332	 78.906331	  78.90633	  78.90633	 78.906329	 78.906329	 78.906329	 78.906328	 78.906328	 78.906328	 78.906328	 78.906328	 78.906327	 78.906327	 78.906327	 78.906327	 78.906327	 78.906327	 78.906327	 78.906327	 78.906327	 78.906327	 78.906327	 78.906327	 78.906327	 78.906327	 78.906327	 78.906327	 78.906327	 78.906327	 78.906327	 78.906327	 78.906327	 78.906327	 78.906327	 78.906327	 78.906327	 78.906327	 78.906327	 78.906327	 78.906327	
        99	 98.430102	 97.860804	 97.292702	 96.726392	  96.16246	 95.601488	 95.044047	 94.490697	 93.941987	 93.398449	 92.860602	 92.328945	 91.803959	 91.286108	 90.775829	 90.273543	 89.779643	 89.294501	 88.818462	 88.351846	 87.894949	 87.448037	 87.011354	 86.585112	 86.169501	 85.764681	 85.370786	 84.987925	  84.61618	 84.255607	 83.906239	 83.568083	 83.241123	 82.925322	 82.620619	 82.326932	 82.044162	 81.772188	 81.510874	 81.260065	 81.019593	 80.789273	 80.568908	  80.35829	   80.1572	 79.965408	 79.782676	 79.608759	 79.443406	  79.28636	 79.137361	 78.996145	 78.862446	 78.735996	 78.616529	 78.503777	 78.397474	 78.297358	 78.203166	 78.114641	  78.03153	 77.953584	 77.880557	 77.812213	 77.748317	 77.688642	 77.632969	 77.581083	 77.532778	 77.487853	 77.446116	 77.407382	 77.371472	 77.338214	 77.307447	 77.279012	  77.25276	  77.22855	 77.206246	 77.185719	 77.166848	 77.149517	 77.133618	 77.119047	 77.105707	 77.093507	 77.082361	  77.07219	 77.062917	 77.054472	 77.046789	 77.039807	 77.033468	 77.027719	 77.022511	 77.017798	 77.013536	 77.009688	 77.006217	 77.003088	 77.000271	 76.997738	 76.995462	 76.993419	 76.991588	 76.989948	 76.988481	  76.98717	 76.985999	 76.984955	 76.984025	 76.983198	 76.982462	 76.981808	 76.981228	 76.980714	 76.980259	 76.979857	 76.979501	 76.979188	 76.978911	 76.978667	 76.978453	 76.978265	 76.978099	 76.977954	 76.977827	 76.977716	 76.977619	 76.977534	  76.97746	 76.977395	 76.977339	  76.97729	 76.977247	  76.97721	 76.977178	 76.977151	 76.977127	 76.977106	 76.977088	 76.977073	 76.977059	 76.977048	 76.977038	  76.97703	 76.977022	 76.977016	 76.977011	 76.977006	 76.977002	 76.976999	 76.976996	 76.976994	 76.976992	  76.97699	 76.976989	 76.976987	 76.976986	 76.976985	 76.976985	 76.976984	 76.976983	 76.976983	 76.976983	 76.976982	 76.976982	 76.976982	 76.976982	 76.976981	 76.976981	 76.976981	 76.976981	 76.976981	 76.976981	 76.976981	 76.976981	 76.976981	 76.976981	 76.976981	 76.976981	 76.976981	 76.976981	 76.976981	 76.976981	 76.976981	 76.976981	 76.976981	 76.976981	 76.976981	 76.976981	 76.976981	 76.976981	 76.976981	 76.976981	 76.976981	 76.976981	 76.976981	 76.976981	
        99	  98.38075	 97.762152	 97.144854	 96.529503	 95.916736	 95.307185	 94.701471	 94.100203	 93.503975	 92.913369	 92.328945	 91.751247	   91.1808	 90.618103	 90.063636	 89.517853	 88.981183	 88.454028	 87.936765	 87.429742	 86.933278	 86.447665	 85.973166	 85.510013	 85.058411	 84.618534	 84.190529	 83.774513	 83.370575	 82.978778	 82.599155	 82.231716	 81.876443	 81.533294	 81.202204	 80.883085	 80.575827	 80.280301	 79.996358	  79.72383	 79.462533	 79.212268	  78.97282	 78.743963	 78.525459	 78.317058	 78.118502	 77.929524	 77.749852	 77.579207	 77.417305	  77.26386	 77.118582	 76.981183	  76.85137	 76.728854	 76.613345	 76.504559	  76.40221	 76.306019	 76.215711	 76.131015	 76.051665	 75.977402	 75.907972	  75.84313	 75.782636	 75.726257	 75.673768	 75.624953	 75.579602	 75.537513	 75.498493	 75.462356	 75.428924	 75.398026	 75.369502	 75.343195	 75.318959	 75.296655	  75.27615	 75.257318	 75.240042	 75.224209	 75.209714	 75.196458	 75.184347	 75.173295	 75.163218	 75.154042	 75.145694	 75.138107	 75.131219	 75.124973	 75.119313	 75.114192	 75.109562	  75.10538	 75.101608	 75.098208	 75.095148	 75.092395	 75.089922	 75.087703	 75.085713	 75.083931	 75.082337	 75.080912	  75.07964	 75.078506	 75.077495	 75.076596	 75.075796	 75.075086	 75.074456	 75.073897	 75.073403	 75.072966	  75.07258	 75.072239	 75.071938	 75.071673	  75.07144	 75.071236	 75.071056	 75.070898	  75.07076	 75.070639	 75.070534	 75.070441	 75.070361	 75.070291	  75.07023	 75.070176	  75.07013	  75.07009	 75.070055	 75.070025	 75.069999	 75.069977	 75.069957	  75.06994	 75.069926	 75.069914	 75.069903	 75.069894	 75.069886	 75.069879	 75.069873	 75.069868	 75.069864	 75.069861	 75.069857	 75.069855	 75.069853	 75.069851	 75.069849	 75.069848	 75.069847	 75.069846	 75.069845	 75.069844	 75.069843	 75.069843	 75.069843	 75.069842	 75.069842	 75.069842	 75.069841	 75.069841	 75.069841	 75.069841	 75.069841	 75.069841	 75.069841	 75.069841	 75.069841	 75.069841	 75.069841	 75.069841	  75.06984	  75.06984	  75.06984	  75.06984	  75.06984	  75.06984	  75.06984	  75.06984	  75.06984	  75.06984	  75.06984	  75.06984	  75.06984	  75.06984	  75.06984	  75.06984	  75.06984	  75.06984	  75.06984	
        99	 98.332018	 97.664738	 96.998862	 96.335084	 95.674095	 95.016575	 94.363194	 93.714608	  93.07146	 92.434375	 91.803959	   91.1808	  90.56546	 89.958481	  89.36038	 88.771646	 88.192742	 87.624102	 87.066133	 86.519209	 85.983675	 85.459847	 84.948006	 84.448405	 83.961264	  83.48677	 83.025083	 82.576328	 82.140603	 81.717972	 81.308475	 80.912119	 80.528887	 80.158734	 79.801589	 79.457356	 79.125919	 78.807136	 78.500848	 78.206873	 77.925013	 77.655053	 77.396761	 77.149895	 76.914195	 76.689394	 76.475212	 76.271362	 76.077551	 75.893476	 75.718833	 75.553313	 75.396603	  75.24839	 75.108362	 74.976204	 74.851606	 74.734258	 74.623855	 74.520095	  74.42268	 74.331318	 74.245723	 74.165616	 74.090723	 74.020778	 73.955523	 73.894707	 73.838088	 73.785431	 73.736511	  73.69111	  73.64902	 73.610038	 73.573975	 73.540646	 73.509877	   73.4815	 73.455357	 73.431298	 73.409179	 73.388865	 73.370229	  73.35315	 73.337514	 73.323215	 73.310151	 73.298229	  73.28736	 73.277461	 73.268456	 73.260272	 73.252842	 73.246104	     73.24	 73.234475	 73.229481	  73.22497	 73.220901	 73.217234	 73.213932	 73.210963	 73.208295	 73.205901	 73.203755	 73.201833	 73.200113	 73.198576	 73.197204	 73.195981	 73.194891	  73.19392	 73.193058	 73.192292	 73.191612	  73.19101	 73.190476	 73.190005	 73.189588	  73.18922	 73.188896	 73.188611	 73.188359	 73.188138	 73.187945	 73.187775	 73.187626	 73.187495	 73.187381	 73.187282	 73.187195	 73.187119	 73.187053	 73.186996	 73.186946	 73.186903	 73.186865	 73.186833	 73.186805	  73.18678	 73.186759	 73.186741	 73.186726	 73.186712	 73.186701	 73.186691	 73.186682	 73.186675	 73.186669	 73.186664	 73.186659	 73.186655	 73.186652	 73.186649	 73.186647	 73.186644	 73.186643	 73.186641	  73.18664	 73.186639	 73.186638	 73.186637	 73.186637	 73.186636	 73.186636	 73.186635	 73.186635	 73.186635	 73.186634	 73.186634	 73.186634	 73.186634	 73.186634	 73.186634	 73.186634	 73.186634	 73.186634	 73.186634	 73.186634	 73.186633	 73.186633	 73.186633	 73.186633	 73.186633	 73.186633	 73.186633	 73.186633	 73.186633	 73.186633	 73.186633	 73.186633	 73.186633	 73.186633	 73.186633	 73.186633	 73.186633	 73.186633	 73.186633	 73.186633	
        99	 98.283948	 97.568648	 96.854853	 96.143308	 95.434752	 94.729914	 94.029513	 93.334253	 92.644822	  91.96189	 91.286108	 90.618103	 89.958481	 89.307823	  88.66668	 88.035578	 87.415014	 86.805453	 86.207331	 85.621048	 85.046976	 84.485451	 83.936776	 83.401222	 82.879024	 82.370385	 81.875473	 81.394424	 80.927342	 80.474298	 80.035332	 79.610453	 79.199643	 78.802852	 78.420005	    78.051	 77.695712	 77.353989	 77.025658	 76.710528	 76.408384	 76.118997	 75.842118	 75.577486	 75.324825	 75.083846	 74.854251	 74.635732	 74.427973	 74.230652	 74.043441	 73.866009	 73.698021	 73.539143	 73.389037	 73.247369	 73.113805	 72.988012	 72.869664	 72.758437	 72.654011	 72.556075	 72.464321	 72.378448	 72.298166	 72.223187	 72.153236	 72.088044	  72.02735	 71.970905	 71.918464	 71.869796	 71.824676	  71.78289	 71.744231	 71.708504	  71.67552	 71.645101	 71.617077	 71.591286	 71.567575	   71.5458	 71.525823	 71.507515	 71.490754	 71.475425	 71.461422	 71.448641	  71.43699	 71.426379	 71.416726	 71.407953	 71.399989	 71.392766	 71.386222	   71.3803	 71.374946	 71.370111	 71.365749	 71.361817	 71.358278	 71.355095	 71.352236	  71.34967	 71.347369	 71.345308	 71.343465	 71.341818	 71.340347	 71.339035	 71.337866	 71.336826	 71.335902	 71.335081	 71.334352	 71.333706	 71.333135	 71.332629	 71.332182	 71.331788	 71.331441	 71.331134	 71.330865	 71.330628	 71.330421	 71.330238	 71.330079	 71.329939	 71.329817	  71.32971	 71.329617	 71.329536	 71.329465	 71.329404	  71.32935	 71.329304	 71.329264	 71.329229	 71.329199	 71.329173	  71.32915	 71.329131	 71.329114	   71.3291	 71.329087	 71.329077	 71.329068	  71.32906	 71.329053	 71.329047	 71.329043	 71.329038	 71.329035	 71.329032	 71.329029	 71.329027	 71.329025	 71.329024	 71.329022	 71.329021	  71.32902	 71.329019	 71.329019	 71.329018	 71.329018	 71.329017	 71.329017	 71.329016	 71.329016	 71.329016	 71.329016	 71.329016	 71.329016	 71.329016	 71.329015	 71.329015	 71.329015	 71.329015	 71.329015	 71.329015	 71.329015	 71.329015	 71.329015	 71.329015	 71.329015	 71.329015	 71.329015	 71.329015	 71.329015	 71.329015	 71.329015	 71.329015	 71.329015	 71.329015	 71.329015	 71.329015	 71.329015	 71.329015	 71.329015	
        99	  98.23658	 97.473964	  96.71295	 95.954336	 95.198909	 94.447446	 93.700713	 92.959461	 92.224424	 91.496315	 90.775829	 90.063636	  89.36038	  88.66668	 87.983125	 87.310276	 86.648661	 85.998778	 85.361089	 84.736023	 84.123976	 83.525306	 82.940336	 82.369355	 81.812613	 81.270327	 80.742676	 80.229806	 79.731826	 79.248813	 78.780809	 78.327824	 77.889838	   77.4668	 77.058627	 76.665213	 76.286422	 75.922093	 75.572044	 75.236068	 74.913937	 74.605406	 74.310212	 74.028074	 73.758699	 73.501779	 73.256997	 73.024022	  72.80252	 72.592146	 72.392551	 72.203382	 72.024282	 71.854894	 71.694859	 71.543819	 71.401419	 71.267305	 71.141129	 71.022543	  70.91121	 70.806795	 70.708971	 70.617419	 70.531825	 70.451887	 70.377309	 70.307804	 70.243095	 70.182916	 70.127006	 70.075119	 70.027014	 69.982464	 69.941248	 69.903157	 69.867992	  69.83556	 69.805682	 69.778185	 69.752906	  69.72969	 69.708392	 69.688873	 69.671003	  69.65466	  69.63973	 69.626105	 69.613683	  69.60237	 69.592078	 69.582725	 69.574233	 69.566533	 69.559556	 69.553242	 69.547534	 69.542379	 69.537729	 69.533537	 69.529764	 69.526371	 69.523322	 69.520586	 69.518133	 69.515936	 69.513971	 69.512214	 69.510646	 69.509248	 69.508002	 69.506893	 69.505907	 69.505032	 69.504255	 69.503567	 69.502957	 69.502418	 69.501942	 69.501522	 69.501151	 69.500825	 69.500538	 69.500285	 69.500064	 69.499869	 69.499699	  69.49955	  69.49942	 69.499306	 69.499207	  69.49912	 69.499045	 69.498979	 69.498922	 69.498873	  69.49883	 69.498793	 69.498761	 69.498733	 69.498709	 69.498688	 69.498671	 69.498655	 69.498642	 69.498631	 69.498621	 69.498613	 69.498606	 69.498599	 69.498594	  69.49859	 69.498586	 69.498583	  69.49858	 69.498578	 69.498576	 69.498574	 69.498573	 69.498571	  69.49857	  69.49857	 69.498569	 69.498568	 69.498568	 69.498567	 69.498567	 69.498567	 69.498566	 69.498566	 69.498566	 69.498566	 69.498566	 69.498566	 69.498565	 69.498565	 69.498565	 69.498565	 69.498565	 69.498565	 69.498565	 69.498565	 69.498565	 69.498565	 69.498565	 69.498565	 69.498565	 69.498565	 69.498565	 69.498565	 69.498565	 69.498565	 69.498565	 69.498565	 69.498565	 69.498565	 69.498565	 69.498565	 69.498565	
        99	 98.189955	 97.380762	  96.57327	 95.768324	 94.966759	 94.169401	 93.377062	 92.590539	 91.810609	 91.038032	 90.273543	 89.517853	 88.771646	 88.035578	 87.310276	 86.596333	 85.894311	 85.204736	   84.5281	 83.864859	 83.215431	 82.580198	 81.959502	 81.353648	 80.762904	 80.187498	 79.627621	 79.083428	 78.555034	 78.042521	 77.545934	 77.065284	 76.600548	 76.151672	 75.718571	 75.301129	 74.899204	 74.512624	 74.141196	   73.7847	 73.442895	 73.115521	 72.802298	 72.502929	 72.217102	 71.944491	 71.684758	 71.437555	 71.202525	 70.979302	 70.767517	 70.566795	 70.376756	 70.197023	 70.027214	  69.86695	 69.715853	 69.573548	 69.439665	 69.313837	 69.195704	 69.084912	 68.981114	  68.88397	 68.793149	 68.708328	 68.629195	 68.555445	 68.486785	  68.42293	 68.363606	 68.308549	 68.257507	 68.210235	 68.166502	 68.126085	 68.088772	  68.05436	 68.022657	 67.993481	 67.966658	 67.942024	 67.919425	 67.898713	 67.879752	 67.862412	  67.84657	 67.832112	 67.818931	 67.806928	 67.796007	 67.786083	 67.777073	 67.768902	 67.761499	 67.754799	 67.748743	 67.743273	 67.738338	 67.733891	 67.729887	 67.726287	 67.723052	 67.720149	 67.717546	 67.715215	  67.71313	 67.711266	 67.709602	 67.708118	 67.706796	  67.70562	 67.704574	 67.703645	  67.70282	  67.70209	 67.701443	 67.700871	 67.700366	  67.69992	 67.699527	  67.69918	 67.698876	 67.698608	 67.698373	 67.698167	 67.697986	 67.697828	  67.69769	 67.697569	 67.697464	 67.697372	 67.697292	 67.697222	 67.697162	  67.69711	 67.697064	 67.697025	 67.696991	 67.696961	 67.696936	 67.696914	 67.696895	 67.696879	 67.696865	 67.696853	 67.696842	 67.696833	 67.696826	 67.696819	 67.696814	 67.696809	 67.696805	 67.696802	 67.696799	 67.696796	 67.696794	 67.696792	 67.696791	  67.69679	 67.696789	 67.696788	 67.696787	 67.696786	 67.696786	 67.696785	 67.696785	 67.696784	 67.696784	 67.696784	 67.696784	 67.696784	 67.696784	 67.696783	 67.696783	 67.696783	 67.696783	 67.696783	 67.696783	 67.696783	 67.696783	 67.696783	 67.696783	 67.696783	 67.696783	 67.696783	 67.696783	 67.696783	 67.696783	 67.696783	 67.696783	 67.696783	 67.696783	 67.696783	 67.696783	 67.696783	 67.696783	 67.696783	 67.696783	
        99	 98.144108	 97.289116	 96.435922	 95.585418	 94.738486	 93.895999	 93.058815	 92.227776	 91.403704	 90.587401	 89.779643	 88.981183	 88.192742	 87.415014	 86.648661	 85.894311	 85.152555	 84.423952	  83.70902	 83.008241	 82.322057	  81.65087	 80.995044	   80.3549	 79.730721	 79.122748	 78.531184	  77.95619	 77.397891	  76.85637	 76.331677	 75.823823	 75.332784	 74.858503	 74.400889	 73.959821	 73.535148	 73.126688	 72.734238	 72.357565	 71.996415	 71.650512	 71.319561	 71.003249	 70.701244	 70.413204	 70.138771	 69.877577	 69.629244	 69.393388	 69.169616	 68.957533	 68.756739	 68.566833	 68.387413	 68.218078	  68.05843	 67.908071	  67.76661	 67.633661	 67.508842	  67.39178	 67.282106	 67.179464	 67.083503	 66.993882	  66.91027	 66.832346	 66.759799	  66.69233	 66.629649	 66.571476	 66.517545	 66.467598	 66.421389	 66.378685	  66.33926	   66.3029	 66.269403	 66.238575	 66.210234	 66.184206	 66.160328	 66.138444	  66.11841	 66.100088	 66.083349	 66.068073	 66.054147	 66.041464	 66.029925	 66.019439	 66.009919	 66.001285	 65.993464	 65.986385	 65.979986	 65.974206	 65.968992	 65.964293	 65.960063	 65.956259	 65.952841	 65.949773	 65.947023	  65.94456	 65.942357	 65.940388	  65.93863	 65.937062	 65.935665	 65.934422	 65.933317	 65.932335	 65.931464	 65.930692	 65.930009	 65.929405	 65.928871	   65.9284	 65.927984	 65.927618	 65.927296	 65.927013	 65.926765	 65.926547	 65.926356	 65.926189	 65.926043	 65.925916	 65.925804	 65.925707	 65.925623	 65.925549	 65.925486	  65.92543	 65.925382	  65.92534	 65.925304	 65.925273	 65.925246	 65.925223	 65.925203	 65.925186	 65.925171	 65.925159	 65.925148	 65.925138	  65.92513	 65.925124	 65.925118	 65.925113	 65.925109	 65.925105	 65.925102	 65.925099	 65.925097	 65.925095	 65.925093	 65.925092	 65.925091	  65.92509	 65.925089	 65.925088	 65.925088	 65.925087	 65.925087	 65.925087	 65.925086	 65.925086	 65.925086	 65.925086	 65.925086	 65.925086	 65.925085	 65.925085	 65.925085	 65.925085	 65.925085	 65.925085	 65.925085	 65.925085	 65.925085	 65.925085	 65.925085	 65.925085	 65.925085	 65.925085	 65.925085	 65.925085	 65.925085	 65.925085	 65.925085	 65.925085	 65.925085	 65.925085	 65.925085	 65.925085	 65.925085	
