Time step 65:
        99	        99	        99	        99	        99	        99	        99	        99	        99	        99	        99	        99	        99	        99	        99	        99	        99	        99	        99	        99	        99	        99	        99	        99	        99	        99	        99	        99	        99	        99	        99	        99	        99	        99	        99	        99	        99	        99	        99	        99	        99	        99	        99	        99	        99	        99	        99	        99	        99	        99	        99	        99	        99	        99	        99	        99	        99	        99	        99	        99	        99	        99	        99	        99	        99	        99	        99	        99	        99	        99	        99	        99	        99	        99	        99	        99	        99	        99	        99	        99	        99	        99	        99	        99	        99	        99	        99	        99	        99	        99	        99	        99	        99	        99	        99	        99	        99	        99	        99	        99	        99	        99	        99	        99	        99	        99	        99	        99	        99	        99	        99	        99	        99	        99	        99	        99	        99	        99	        99	        99	        99	        99	        99	        99	        99	        99	        99	        99	        99	        99	        99	        99	        99	        99	        99	        99	        99	        99	        99	        99	        99	        99	        99	        99	        99	        99	        99	        99	        99	        99	        99	        99	        99	        99	        99	        99	        99	        99	        99	        99	        99	        99	        99	        99	        99	        99	        99	        99	        99	        99	        99	        99	        99	        99	        99	        99	        99	        99	        99	        99	        99	        99	        99	        99	        99	        99	        99	        99	        99	        99	        99	        99	        99	        99	        99	        99	        99	        99	        99	        99	
        99	 98.990231	 98.980465	 98.970702	 98.960944	 98.951195	 98.941454	 98.931726	  98.92201	 98.912309	 98.902626	 98.892961	 98.883317	 98.873695	 98.864097	 98.854526	 98.844982	 98.835468	 98.825986	 98.816536	 98.807122	 98.797743	 98.788403	 98.779103	 98.769845	 98.760629	 98.751458	 98.742333	 98.733256	 98.724228	 98.715251	 98.706326	 98.697455	 98.688638	 98.679878	 98.671176	 98.662533	 98.653949	 98.645428	 98.636969	 98.628574	 98.620243	 98.611979	 98.603782	 98.595653	 98.587594	 98.579604	 98.571686	  98.56384	 98.556066	 98.548366	 98.540741	  98.53319	 98.525716	 98.518318	 98.510997	 98.503754	  98.49659	 98.489504	 98.482498	 98.475572	 98.468726	  98.46196	 98.455276	 98.448673	 98.442151	 98.435711	 98.429354	 98.423078	 98.416885	 98.410775	 98.404747	 98.398801	 98.392938	 98.387158	  98.38146	 98.375845	 98.370312	 98.364861	 98.359492	 98.354205	    98.349	 98.343876	 98.338833	  98.33387	 98.328988	 98.324186	 98.319464	  98.31482	 98.310256	 98.305769	 98.301361	  98.29703	 98.292776	 98.288598	 98.284495	 98.280468	 98.276515	 98.272636	 98.268831	 98.265098	 98.261436	 98.257847	 98.254327	 98.250878	 98.247498	 98.244186	 98.240942	 98.237764	 98.234653	 98.231608	 98.228627	 98.225709	 98.222855	 98.220063	 98.217332	 98.214662	 98.212052	 98.209501	 98.207008	 98.204572	 98.202193	  98.19987	 98.197601	 98.195386	 98.193225	 98.191116	 98.189058	 98.187051	 98.185094	 98.183186	 98.181327	 98.179514	 98.177749	 98.176029	 98.174354	 98.172723	 98.171136	 98.169591	 98.168089	 98.166627	 98.165206	 98.163824	 98.162481	 98.161176	 98.159908	 98.158677	 98.157482	 98.156322	 98.155197	 98.154106	 98.153047	 98.152021	 98.151027	 98.150065	 98.149132	  98.14823	 98.147357	 98.146513	 98.145697	 98.144908	 98.144147	 98.143412	 98.142703	 98.142019	 98.141361	 98.140726	 98.140116	 98.139529	 98.138966	 98.138424	 98.137905	 98.137408	 98.136932	 98.136477	 98.136043	 98.135628	 98.135234	 98.134859	 98.134504	 98.134167	 98.133849	 98.133549	 98.133267	 98.133004	 98.132757	 98.132529	 98.132317	 98.132123	 98.131945	 98.131784	 98.131639	 98.131511	 98.131399	 98.131303	 98.131224	  98.13116	 98.131112	 98.131081	 98.131065	
        99	 98.980465	 98.960933	 98.941409	 98.921896	 98.902399	  98.88292	 98.863464	 98.844035	 98.824636	  98.80527	 98.785942	 98.766656	 98.747414	 98.728221	  98.70908	 98.689995	 98.670969	 98.652005	 98.633108	 98.614281	 98.595526	 98.576848	 98.558249	 98.539734	 98.521304	 98.502964	 98.484716	 98.466564	  98.44851	 98.430558	 98.412709	 98.394968	 98.377337	 98.359819	 98.342416	 98.325131	 98.307966	 98.290924	 98.274008	 98.257219	  98.24056	 98.224034	 98.207641	 98.191385	 98.175268	  98.15929	 98.143455	 98.127764	 98.112218	  98.09682	  98.08157	 98.066471	 98.051524	  98.03673	  98.02209	 98.007605	 97.993278	 97.979108	 97.965097	 97.951245	 97.937555	 97.924025	 97.910657	 97.897452	 97.884411	 97.871533	 97.858819	 97.846269	 97.833884	 97.821664	 97.809609	 97.797719	 97.785995	 97.774435	 97.763041	 97.751811	 97.740747	 97.729846	 97.719109	 97.708536	 97.698126	 97.687879	 97.677794	  97.66787	 97.658106	 97.648503	 97.639059	 97.629774	 97.620645	 97.611674	 97.602858	 97.594196	 97.585689	 97.577333	 97.569129	 97.561076	 97.553171	 97.545414	 97.537803	 97.530338	 97.523016	 97.515837	   97.5088	 97.501901	 97.495142	 97.488519	 97.482031	 97.475677	 97.469455	 97.463364	 97.457403	 97.451569	 97.445861	 97.440277	 97.434817	 97.429477	 97.424258	 97.419156	  97.41417	 97.409299	 97.404541	 97.399895	 97.395358	 97.390929	 97.386606	 97.382389	 97.378274	  97.37426	 97.370347	 97.366531	 97.362812	 97.359188	 97.355657	 97.352218	 97.348868	 97.345607	 97.342433	 97.339344	 97.336339	 97.333416	 97.330573	  97.32781	 97.325124	 97.322515	  97.31998	 97.317518	 97.315128	 97.312809	 97.310558	 97.308376	 97.306259	 97.304208	  97.30222	 97.300294	  97.29843	 97.296625	  97.29488	 97.293191	 97.291559	 97.289983	  97.28846	  97.28699	 97.285572	 97.284205	 97.282888	  97.28162	 97.280399	 97.279226	 97.278098	 97.277016	 97.275978	 97.274984	 97.274032	 97.273122	 97.272253	 97.271425	 97.270636	 97.269886	 97.269175	 97.268502	 97.267866	 97.267266	 97.266703	 97.266176	 97.265683	 97.265226	 97.264803	 97.264414	 97.264058	 97.263736	 97.263447	 97.263191	 97.262967	 97.262775	 97.262616	 97.262489	 97.262394	  97.26233	 97.262298	
        99	 98.970702	 98.941409	 98.912128	 98.882863	 98.853622	 98.824409	  98.79523	  98.76609	 98.736996	 98.707952	 98.678965	  98.65004	 98.621183	 98.592397	 98.563691	 98.535067	 98.506533	 98.478092	 98.449751	 98.421515	 98.393387	 98.365375	 98.337481	 98.309712	 98.282073	 98.254567	 98.227199	 98.199975	 98.172899	 98.145975	 98.119207	 98.092599	 98.066157	 98.039884	 98.013783	  97.98786	 97.962117	 97.936559	 97.911188	 97.886009	 97.861025	 97.836239	 97.811654	 97.787274	 97.763102	  97.73914	 97.715391	 97.691858	 97.668543	 97.645449	 97.622579	 97.599933	 97.577516	 97.555328	 97.533372	 97.511649	 97.490161	  97.46891	 97.447896	 97.427123	  97.40659	 97.386299	 97.366251	 97.346446	 97.326887	 97.307573	 97.288505	 97.269683	 97.251109	 97.232782	 97.214703	 97.196871	 97.179287	 97.161951	 97.144862	  97.12802	 97.111426	 97.095077	 97.078975	 97.063118	 97.047506	 97.032137	 97.017011	 97.002128	 96.987486	 96.973083	 96.958919	 96.944993	 96.931303	 96.917848	 96.904626	 96.891636	 96.878876	 96.866345	 96.854041	 96.841963	 96.830107	 96.818474	  96.80706	 96.795864	 96.784883	 96.774116	 96.763561	 96.753216	 96.743078	 96.733145	 96.723415	 96.713885	 96.704555	  96.69542	 96.686479	 96.677729	 96.669169	 96.660795	 96.652605	 96.644597	 96.636769	 96.629117	  96.62164	 96.614335	 96.607199	  96.60023	 96.593426	 96.586784	 96.580301	 96.573976	 96.567804	 96.561785	 96.555916	 96.550193	 96.544616	  96.53918	 96.533885	 96.528726	 96.523703	 96.518812	 96.514052	 96.509419	 96.504912	 96.500528	 96.496265	 96.492121	 96.488093	 96.484179	 96.480378	 96.476686	 96.473101	 96.469623	 96.466248	 96.462974	   96.4598	 96.456723	 96.453742	 96.450854	 96.448058	 96.445352	 96.442733	 96.440201	 96.437754	 96.435389	 96.433105	 96.430901	 96.428775	 96.426724	 96.424749	 96.422847	 96.421016	 96.419256	 96.417566	 96.415942	 96.414386	 96.412894	 96.411467	 96.410102	 96.408799	 96.407556	 96.406374	 96.405249	 96.404183	 96.403173	 96.402219	  96.40132	 96.400476	 96.399684	 96.398946	  96.39826	 96.397625	 96.397042	 96.396509	 96.396026	 96.395592	 96.395208	 96.394872	 96.394585	 96.394346	 96.394155	 96.394012	 96.393917	  96.39387	
        99	 98.960944	 98.921896	 98.882863	 98.843853	 98.804873	 98.765931	 98.727035	 98.688191	 98.649407	 98.610692	 98.572051	 98.533493	 98.495024	 98.456653	 98.418386	  98.38023	 98.342193	 98.304281	 98.266501	 98.228861	 98.191366	 98.154024	 98.116842	 98.079825	  98.04298	 98.006314	 97.969833	 97.933542	 97.897448	 97.861557	 97.825875	 97.790407	 97.755158	 97.720135	 97.685342	 97.650786	  97.61647	 97.582399	  97.54858	 97.515015	 97.481711	  97.44867	 97.415898	 97.383399	 97.351176	 97.319234	 97.287576	 97.256205	 97.225126	 97.194341	 97.163854	 97.133668	 97.103784	 97.074207	 97.044939	 97.015981	 96.987337	 96.959009	 96.930997	 96.903305	 96.875934	 96.848886	 96.822161	 96.795761	 96.769688	 96.743942	 96.718523	 96.693434	 96.668674	 96.644243	 96.620143	 96.596373	 96.572933	 96.549823	 96.527043	 96.504592	 96.482471	 96.460678	 96.439214	 96.418076	 96.397264	 96.376777	 96.356614	 96.336774	 96.317255	 96.298056	 96.279175	 96.260611	 96.242362	 96.224426	 96.206801	 96.189485	 96.172476	 96.155772	  96.13937	 96.123269	 96.107465	 96.091957	 96.076742	 96.061817	  96.04718	 96.032828	 96.018757	 96.004966	 95.991452	 95.978211	 95.965241	 95.952538	 95.940099	 95.927922	 95.916004	  95.90434	 95.892929	 95.881766	 95.870849	 95.860175	 95.849739	 95.839539	 95.829572	 95.819834	 95.810322	 95.801032	 95.791962	 95.783107	 95.774466	 95.766033	 95.757807	 95.749784	 95.741959	 95.734331	 95.726896	  95.71965	 95.712591	 95.705715	 95.699019	 95.692499	 95.686153	 95.679978	  95.67397	 95.668126	 95.662443	 95.656919	 95.651549	 95.646332	 95.641264	 95.636343	 95.631565	 95.626928	 95.622429	 95.618065	 95.613834	 95.609732	 95.605758	 95.601909	 95.598181	 95.594574	 95.591084	 95.587708	 95.584446	 95.581293	 95.578249	 95.575311	 95.572476	 95.569743	  95.56711	 95.564574	 95.562134	 95.559788	 95.557534	  95.55537	 95.553295	 95.551307	 95.549404	 95.547585	 95.545848	 95.544192	 95.542615	 95.541116	 95.539695	 95.538348	 95.537077	 95.535878	 95.534753	 95.533698	 95.532714	 95.531799	 95.530953	 95.530175	 95.529465	 95.528821	 95.528243	  95.52773	 95.527283	   95.5269	 95.526582	 95.526328	 95.526137	  95.52601	 95.525947	
        99	 98.951195	 98.902399	 98.853622	 98.804873	 98.756163	 98.707499	 98.658893	 98.610352	 98.561887	 98.513506	 98.465219	 98.417036	 98.368964	 98.321014	 98.273194	 98.225513	  98.17798	 98.130604	 98.083394	 98.036357	 97.989502	 97.942838	 97.896374	 97.850116	 97.804074	 97.758254	 97.712666	 97.667316	 97.622212	 97.577361	 97.532771	 97.488449	 97.444401	 97.400635	 97.357157	 97.313973	 97.271091	 97.228515	 97.186253	  97.14431	 97.102691	 97.061402	 97.020449	 96.979837	  96.93957	 96.899654	 96.860093	 96.820891	 96.782054	 96.743584	 96.705486	 96.667764	 96.630421	  96.59346	 96.556885	 96.520699	 96.484904	 96.449504	   96.4145	 96.379895	 96.345691	  96.31189	 96.278494	 96.245504	 96.212922	 96.180748	 96.148985	 96.117632	 96.086691	 96.056162	 96.026045	 95.996341	 95.967049	  95.93817	 95.909704	 95.881649	 95.854005	 95.826772	 95.799949	 95.773534	 95.747527	 95.721926	  95.69673	 95.671937	 95.647546	 95.623554	  95.59996	 95.576761	 95.553956	 95.531543	 95.509518	 95.487879	 95.466624	  95.44575	 95.425254	 95.405133	 95.385384	 95.366005	 95.346992	 95.328341	  95.31005	 95.292115	 95.274532	 95.257298	  95.24041	 95.223864	 95.207655	 95.191781	 95.176238	 95.161021	 95.146127	 95.131552	 95.117292	 95.103343	 95.089701	 95.076361	  95.06332	 95.050574	 95.038119	  95.02595	 95.014063	 95.002454	  94.99112	 94.980055	 94.969256	 94.958719	 94.948439	 94.938412	 94.928635	 94.919103	 94.909811	 94.900757	 94.891936	 94.883343	 94.874975	 94.866828	 94.858898	 94.851181	 94.843673	  94.83637	 94.829269	 94.822365	 94.815656	 94.809136	 94.802803	 94.796653	 94.790683	 94.784888	 94.779266	 94.773812	 94.768525	 94.763399	 94.758433	 94.753623	 94.748965	 94.744457	 94.740095	 94.735878	   94.7318	 94.727861	 94.724057	 94.720385	 94.716843	 94.713427	 94.710137	 94.706968	 94.703919	 94.700987	 94.698171	 94.695467	 94.692874	 94.690389	 94.688011	 94.685738	 94.683567	 94.681497	 94.679527	 94.677654	 94.675878	 94.674196	 94.672606	 94.671109	 94.669702	 94.668384	 94.667154	 94.666011	 94.664954	 94.663982	 94.663094	 94.662289	 94.661567	 94.660927	 94.660368	 94.659889	 94.659492	 94.659174	 94.658936	 94.658777	 94.658698	
        99	 98.941454	  98.88292	 98.824409	 98.765931	 98.707499	 98.649124	 98.590817	 98.532589	 98.474451	 98.416415	 98.358492	 98.300692	 98.243027	 98.185507	 98.128143	 98.070947	 98.013928	 97.957096	 97.900464	 97.844039	 97.787834	 97.731857	  97.67612	  97.62063	 97.565399	 97.510435	 97.455749	 97.401348	 97.347242	 97.293441	 97.239952	 97.186784	 97.133945	 97.081445	 97.029289	 96.977488	 96.926047	 96.874975	 96.824278	 96.773964	 96.724039	 96.674511	 96.625384	 96.576667	 96.528364	 96.480482	 96.433025	    96.386	 96.339411	 96.293264	 96.247563	 96.202312	 96.157516	 96.113179	 96.069305	 96.025897	 95.982959	 95.940493	 95.898504	 95.856993	 95.815962	 95.775416	 95.735355	 95.695781	 95.656696	 95.618101	 95.579999	 95.542389	 95.505273	 95.468651	 95.432524	 95.396891	 95.361754	 95.327112	 95.292964	  95.25931	  95.22615	 95.193482	 95.161305	 95.129619	 95.098421	 95.067711	 95.037486	 95.007745	 94.978486	 94.949706	 94.921403	 94.893575	 94.866219	 94.839332	 94.812911	 94.786954	 94.761457	 94.736417	 94.711831	 94.687694	 94.664005	 94.640758	  94.61795	 94.595577	 94.573635	 94.552121	 94.531029	 94.510356	 94.490097	 94.470249	 94.450806	 94.431764	 94.413118	 94.394865	 94.376998	 94.359514	 94.342408	 94.325675	  94.30931	 94.293309	 94.277665	 94.262375	 94.247434	 94.232836	 94.218577	 94.204652	 94.191056	 94.177783	 94.164829	 94.152188	 94.139857	 94.127829	   94.1161	 94.104666	  94.09352	 94.082659	 94.072077	 94.061769	 94.051731	 94.041958	 94.032446	 94.023188	 94.014182	 94.005422	 93.996903	 93.988622	 93.980573	 93.972753	 93.965156	 93.957778	 93.950616	 93.943665	 93.936921	 93.930379	 93.924036	 93.917888	 93.911931	  93.90616	 93.900573	 93.895165	 93.889933	 93.884874	 93.879983	 93.875257	 93.870694	 93.866289	  93.86204	 93.857943	 93.853996	 93.850195	 93.846537	  93.84302	 93.839642	 93.836398	 93.833287	 93.830307	 93.827454	 93.824727	 93.822123	 93.819641	 93.817277	 93.815031	 93.812899	 93.810882	 93.808975	 93.807179	 93.805491	  93.80391	 93.802435	 93.801064	 93.799796	  93.79863	 93.797564	 93.796599	 93.795733	 93.794965	 93.794294	  93.79372	 93.793243	 93.792862	 93.792576	 93.792386	 93.792291	
        99	 98.931726	 98.863464	  98.79523	 98.727035	 98.658893	 98.590817	  98.52282	 98.454916	 98.387117	 98.319437	 98.251888	 98.184483	 98.117236	 98.050157	 97.983261	  97.91656	 97.850066	 97.783791	 97.717747	 97.651946	 97.586401	 97.521122	 97.456122	 97.391412	 97.327002	 97.262905	 97.199131	  97.13569	 97.072593	 97.009851	 96.947473	  96.88547	 96.823851	 96.762626	 96.701804	 96.641394	 96.581405	 96.521846	 96.462724	 96.404049	 96.345828	 96.288069	  96.23078	 96.173967	 96.117637	 96.061798	 96.006455	 95.951615	 95.897285	 95.843469	 95.790173	 95.737403	 95.685163	 95.633458	 95.582293	 95.531672	 95.481598	 95.432076	 95.383109	 95.334699	 95.286851	 95.239566	 95.192848	 95.146698	 95.101118	  95.05611	 95.011676	 94.967816	 94.924532	 94.881824	 94.839694	  94.79814	 94.757164	 94.716765	 94.676942	 94.637696	 94.599025	 94.560929	 94.523405	 94.486453	 94.450072	 94.414258	 94.379011	 94.344327	 94.310206	 94.276643	 94.243637	 94.211185	 94.179283	 94.147928	 94.117117	 94.086846	 94.057112	 94.027911	 93.999239	 93.971092	 93.943465	 93.916355	 93.889757	 93.863666	 93.838078	 93.812989	 93.788392	 93.764284	 93.740658	 93.717511	 93.694837	 93.672631	 93.650887	   93.6296	 93.608765	 93.588376	 93.568427	 93.548913	 93.529829	 93.511168	 93.492925	 93.475095	  93.45767	 93.440647	 93.424019	 93.407779	 93.391923	 93.376445	 93.361338	 93.346597	 93.332216	  93.31819	 93.304512	 93.291177	  93.27818	 93.265513	 93.253173	 93.241152	 93.229446	  93.21805	 93.206956	 93.196161	 93.185658	 93.175442	 93.165508	  93.15585	 93.146464	 93.137343	 93.128484	 93.119881	 93.111529	 93.103422	 93.095557	 93.087929	 93.080532	 93.073362	 93.066414	 93.059685	 93.053169	 93.046863	 93.040762	 93.034861	 93.029158	 93.023647	 93.018325	 93.013188	 93.008233	 93.003455	 92.998852	 92.994419	 92.990154	 92.986053	 92.982112	  92.97833	 92.974702	 92.971226	   92.9679	  92.96472	 92.961683	 92.958788	 92.956032	 92.953412	 92.950926	 92.948573	  92.94635	 92.944255	 92.942287	 92.940444	 92.938723	 92.937124	 92.935645	 92.934285	 92.933043	 92.931917	 92.930907	 92.930011	 92.929229	  92.92856	 92.928004	 92.927559	 92.927226	 92.927004	 92.926893	
        99	  98.92201	 98.844035	  98.76609	 98.688191	 98.610352	 98.532589	 98.454916	 98.377349	 98.299902	 98.222591	  98.14543	 98.068433	 97.991616	 97.914992	 97.838576	 97.762383	 97.686426	  97.61072	 97.535278	 97.460114	 97.385241	 97.310673	 97.236424	 97.162505	  97.08893	 97.015711	 96.942861	 96.870393	 96.798317	 96.726647	 96.655393	 96.584566	 96.514179	 96.444241	 96.374764	 96.305757	 96.237232	 96.169197	 96.101662	 96.034638	 95.968132	 95.902153	 95.836711	 95.771813	 95.707468	 95.643682	 95.580464	 95.517821	 95.455759	 95.394285	 95.333405	 95.273125	 95.213452	 95.154389	 95.095943	 95.038118	 94.980919	 94.924349	 94.868414	 94.813116	 94.758459	 94.704445	 94.651079	 94.598361	 94.546295	 94.494883	 94.444125	 94.394024	  94.34458	 94.295795	 94.247669	 94.200203	 94.153395	 94.107247	 94.061758	 94.016927	 93.972753	 93.929235	 93.886372	 93.844162	 93.802603	 93.761693	  93.72143	 93.681811	 93.642834	 93.604495	 93.566792	 93.529722	  93.49328	 93.457463	 93.422267	 93.387689	 93.353724	 93.320367	 93.287615	 93.255463	 93.223905	 93.192937	 93.162554	  93.13275	 93.103521	 93.074861	 93.046764	 93.019225	 92.992238	 92.965797	 92.939897	  92.91453	 92.889692	 92.865376	 92.841576	 92.818285	 92.795498	 92.773207	 92.751407	 92.730091	 92.709252	 92.688884	  92.66898	 92.649534	 92.630539	 92.611989	 92.593877	 92.576195	 92.558939	   92.5421	 92.525673	 92.509651	 92.494027	 92.478794	 92.463947	 92.449478	 92.435382	 92.421651	 92.408279	  92.39526	 92.382588	 92.370256	 92.358259	 92.346589	 92.335241	 92.324209	 92.313487	 92.303069	 92.292949	 92.283122	 92.273581	 92.264321	 92.255337	 92.246623	 92.238173	 92.229983	 92.222047	  92.21436	 92.206917	 92.199713	 92.192744	 92.186004	 92.179488	 92.173193	 92.167114	 92.161247	 92.155586	 92.150129	  92.14487	 92.139807	 92.134934	  92.13025	 92.125749	 92.121428	 92.117284	 92.113314	 92.109513	 92.105881	 92.102412	 92.099105	 92.095956	 92.092964	 92.090125	 92.087437	 92.084897	 92.082505	 92.080256	  92.07815	 92.076185	 92.074358	 92.072669	 92.071116	 92.069697	 92.068411	 92.067257	 92.066233	  92.06534	 92.064576	  92.06394	 92.063432	 92.063052	 92.062798	 92.062672	
        99	 98.912309	 98.824636	 98.736996	 98.649407	 98.561887	 98.474451	 98.387117	 98.299902	 98.212823	 98.125895	 98.039136	 97.952563	 97.866191	 97.780036	 97.694116	 97.608446	 97.523041	 97.437919	 97.353093	  97.26858	 97.184394	 97.100551	 97.017066	 96.933953	 96.851227	 96.768901	  96.68699	 96.605508	 96.524467	 96.443882	 96.363765	 96.284129	 96.204987	  96.12635	 96.048231	 95.970642	 95.893593	 95.817096	 95.741161	   95.6658	 95.591021	 95.516837	 95.443255	 95.370285	 95.297936	 95.226216	 95.155135	   95.0847	 95.014919	 94.945798	 94.877346	 94.809569	 94.742473	 94.676064	 94.610348	 94.545331	 94.481017	 94.417411	 94.354518	 94.292342	 94.230887	 94.170155	  94.11015	 94.050876	 93.992334	 93.934527	 93.877456	 93.821123	 93.765529	 93.710676	 93.656564	 93.603194	 93.550564	 93.498676	 93.447529	 93.397122	 93.347453	 93.298523	 93.250328	 93.202868	 93.156139	 93.110141	  93.06487	 93.020323	 92.976498	 92.933391	 92.890998	 92.849317	 92.808342	  92.76807	 92.728497	 92.689618	 92.651428	 92.613923	 92.577097	 92.540945	 92.505462	 92.470642	  92.43648	 92.402969	 92.370105	  92.33788	 92.306288	 92.275324	  92.24498	  92.21525	 92.186128	 92.157607	 92.129679	 92.102339	 92.075578	  92.04939	 92.023768	 91.998705	 91.974194	 91.950226	 91.926795	 91.903894	 91.881514	  91.85965	 91.838292	 91.817435	 91.797069	 91.777189	 91.757786	 91.738853	 91.720383	 91.702368	   91.6848	 91.667673	 91.650979	  91.63471	  91.61886	 91.603422	 91.588387	 91.573749	   91.5595	 91.545635	 91.532145	 91.519024	 91.506264	  91.49386	 91.481805	 91.470091	 91.458712	 91.447662	 91.436935	 91.426523	 91.416421	 91.406623	 91.397123	 91.387914	 91.378991	 91.370348	 91.361979	 91.353879	 91.346043	 91.338464	 91.331139	 91.324061	 91.317225	 91.310628	 91.304263	 91.298127	 91.292215	 91.286521	 91.281043	 91.275775	 91.270715	 91.265856	 91.261197	 91.256733	  91.25246	 91.248375	 91.244475	 91.240757	 91.237217	 91.233852	  91.23066	 91.227637	 91.224782	 91.222092	 91.219564	 91.217196	 91.214986	 91.212932	 91.211033	 91.209286	 91.207691	 91.206245	 91.204947	 91.203797	 91.202792	 91.201933	 91.201218	 91.200647	 91.200219	 91.199934	 91.199792	
        99	 98.902626	  98.80527	 98.707952	 98.610692	 98.513506	 98.416415	 98.319437	 98.222591	 98.125895	 98.029368	 97.933029	 97.836895	 97.740985	 97.645316	 97.549908	 97.454777	 97.359942	 97.265419	 97.171226	  97.07738	 96.983898	 96.890796	 96.798092	 96.705801	 96.613939	 96.522522	 96.431566	 96.341085	 96.251096	 96.161612	 96.072647	 95.984217	 95.896335	 95.809015	 95.722269	 95.636111	 95.550554	 95.465609	 95.381289	 95.297606	  95.21457	 95.132193	 95.050485	 94.969457	 94.889119	  94.80948	 94.730549	 94.652336	 94.574848	 94.498095	 94.422084	 94.346822	 94.272317	 94.198574	 94.125601	 94.053404	 93.981988	 93.911359	 93.841521	 93.772478	 93.704236	 93.636798	 93.570167	 93.504347	  93.43934	 93.375149	 93.311776	 93.249222	  93.18749	 93.126579	 93.066492	 93.007227	 92.948786	 92.891168	 92.834373	 92.778399	 92.723246	 92.668912	 92.615395	 92.562694	 92.510805	 92.459727	 92.409457	 92.359991	 92.311326	 92.263459	 92.216385	   92.1701	 92.124601	 92.079882	 92.035939	 91.992766	 91.950359	 91.908712	 91.867819	 91.827675	 91.788274	 91.749609	 91.711674	 91.674463	 91.637969	 91.602185	 91.567105	 91.532721	 91.499027	 91.466014	 91.433676	 91.402005	 91.370994	 91.340634	 91.310918	 91.281839	 91.253387	 91.225556	 91.198338	 91.171723	 91.145705	 91.120275	 91.095424	 91.071145	 91.047429	 91.024268	 91.001654	 90.979578	 90.958033	 90.937009	 90.916499	 90.896494	 90.876987	 90.857968	 90.839431	 90.821366	 90.803765	 90.786622	 90.769927	 90.753672	  90.73785	 90.722454	 90.707474	 90.692904	 90.678736	 90.664962	 90.651575	 90.638567	 90.625932	 90.613662	  90.60175	 90.590189	 90.578971	 90.568091	 90.557541	 90.547316	 90.537407	  90.52781	 90.518517	 90.509522	 90.500821	 90.492405	 90.484271	 90.476411	 90.468821	 90.461495	 90.454428	 90.447614	 90.441048	 90.434726	 90.428643	 90.422794	 90.417174	 90.411779	 90.406606	 90.401648	 90.396904	 90.392368	 90.388037	 90.383908	 90.379977	 90.376241	 90.372696	  90.36934	 90.366169	 90.363182	 90.360375	 90.357745	 90.355291	 90.353011	 90.350902	 90.348962	 90.347191	 90.345585	 90.344144	 90.342866	 90.341751	 90.340797	 90.340003	 90.339369	 90.338894	 90.338578	 90.338419	
        99	 98.892961	 98.785942	 98.678965	 98.572051	 98.465219	 98.358492	 98.251888	  98.14543	 98.039136	 97.933029	 97.827127	 97.721451	 97.616022	 97.510858	  97.40598	 97.301407	 97.197159	 97.093254	 96.989712	 96.886551	 96.783791	 96.681449	 96.579543	 96.478091	 96.377112	 96.276621	 96.176637	 96.077176	 95.978255	 95.879889	 95.782094	 95.684887	 95.588283	 95.492295	  95.39694	  95.30223	 95.208181	 95.114805	 95.022116	 94.930126	 94.838849	 94.748296	 94.658478	 94.569408	 94.481095	 94.393552	 94.306787	 94.220811	 94.135632	 94.051261	 93.967705	 93.884973	 93.803073	 93.722011	 93.641796	 93.562432	 93.483928	 93.406288	 93.329518	 93.253623	 93.178608	 93.104476	 93.031232	 92.958879	  92.88742	 92.816858	 92.747194	 92.678432	 92.610572	 92.543616	 92.477564	 92.412418	 92.348176	 92.284839	 92.222407	 92.160877	  92.10025	 92.040523	 91.981694	 91.923762	 91.866724	 91.810576	 91.755316	  91.70094	 91.647445	 91.594827	 91.543081	 91.492202	 91.442187	 91.393029	 91.344724	 91.297267	  91.25065	  91.20487	 91.159918	  91.11579	 91.072477	 91.029975	 90.988275	 90.947371	 90.907254	 90.867919	 90.829357	 90.791561	 90.754522	 90.718232	 90.682684	  90.64787	  90.61378	 90.580407	 90.547742	 90.515776	 90.484501	 90.453908	 90.423988	 90.394732	 90.366131	 90.338177	 90.310859	  90.28417	 90.258101	 90.232641	 90.207782	 90.183515	 90.159831	 90.136721	 90.114175	 90.092185	 90.070741	 90.049835	 90.029458	   90.0096	 89.990252	 89.971407	 89.953055	 89.935187	 89.917795	  89.90087	 89.884403	 89.868387	 89.852813	 89.837672	 89.822956	 89.808658	 89.794768	  89.78128	 89.768186	 89.755477	 89.743146	 89.731186	 89.719589	 89.708349	 89.697457	 89.686907	 89.676691	 89.666804	 89.657239	 89.647988	 89.639046	 89.630407	 89.622063	  89.61401	 89.606241	 89.598751	 89.591534	 89.584584	 89.577897	 89.571468	  89.56529	  89.55936	 89.553673	 89.548223	 89.543008	 89.538022	 89.533261	 89.528722	 89.524401	 89.520294	 89.516397	 89.512708	 89.509223	 89.505939	 89.502853	 89.499963	 89.497265	 89.494758	  89.49244	 89.490308	  89.48836	 89.486595	 89.485011	 89.483607	 89.482381	 89.481332	  89.48046	 89.479763	  89.47924	 89.478892	 89.478719	
        99	 98.883317	 98.766656	  98.65004	 98.533493	 98.417036	 98.300692	 98.184483	 98.068433	 97.952563	 97.836895	 97.721451	 97.606254	 97.491325	 97.376687	 97.262359	 97.148364	 97.034723	 96.921456	 96.808585	  96.69613	 96.584111	 96.472547	  96.36146	 96.250868	  96.14079	 96.031245	 95.922253	  95.81383	 95.705996	 95.598767	 95.492162	 95.386196	 95.280888	 95.176252	 95.072305	 94.969062	 94.866539	  94.76475	 94.663709	 94.563432	  94.46393	 94.365218	 94.267308	 94.170212	 94.073943	 93.978512	 93.883929	 93.790207	 93.697354	  93.60538	 93.514296	  93.42411	  93.33483	 93.246465	 93.159022	 93.072509	 92.986931	 92.902296	 92.818609	 92.735876	 92.654101	  92.57329	 92.493447	 92.414575	 92.336677	 92.259758	 92.183818	  92.10886	 92.034886	 91.961897	 91.889894	 91.818878	 91.748848	 91.679804	 91.611747	 91.544673	 91.478584	 91.413475	 91.349346	 91.286194	 91.224017	  91.16281	 91.102571	 91.043296	 90.984981	 90.927622	 90.871213	 90.815751	 90.761229	 90.707642	 90.654985	 90.603252	 90.552435	  90.50253	 90.453528	 90.405424	 90.358209	 90.311877	  90.26642	  90.22183	   90.1781	  90.13522	 90.093184	 90.051982	 90.011606	 89.972047	 89.933296	 89.895345	 89.858184	 89.821803	 89.786195	 89.751349	 89.717256	 89.683907	 89.651291	 89.619399	 89.588221	 89.557748	 89.527969	 89.498876	 89.470457	 89.442703	 89.415605	 89.389152	 89.363334	 89.338141	 89.313564	 89.289592	 89.266217	 89.243427	 89.221213	 89.199566	 89.178476	 89.157932	 89.137927	 89.118449	  89.09949	  89.08104	  89.06309	 89.045631	 89.028653	 89.012148	 88.996106	 88.980519	 88.965379	 88.950675	 88.936401	 88.922547	 88.909105	 88.896068	 88.883426	 88.871173	 88.859299	 88.847799	 88.836663	 88.825885	 88.815458	 88.805374	 88.795626	 88.786208	 88.777113	 88.768334	 88.759865	   88.7517	 88.743833	 88.736257	 88.728968	 88.721959	 88.715224	  88.70876	  88.70256	  88.69662	 88.690935	 88.685499	  88.68031	 88.675362	 88.670652	 88.666174	 88.661927	 88.657905	 88.654106	 88.650526	 88.647162	 88.644011	 88.641071	 88.638338	 88.635811	 88.633487	 88.631363	 88.629439	 88.627713	 88.626182	 88.624845	 88.623702	 88.622751	 88.621991	 88.621422	 88.621042	 88.620853	
        99	 98.873695	 98.747414	 98.621183	 98.495024	 98.368964	 98.243027	 98.117236	 97.991616	 97.866191	 97.740985	 97.616022	 97.491325	  97.36692	 97.242828	 97.119072	 96.995677	 96.872665	 96.750059	  96.62788	 96.506152	 96.384896	 96.264133	 96.143885	 96.024173	 95.905018	 95.786441	 95.668461	 95.551098	 95.434371	   95.3183	 95.202904	 95.088201	 94.974208	 94.860944	 94.748425	 94.636669	 94.525692	 94.415509	 94.306137	 94.197591	 94.089884	 93.983032	 93.877048	 93.771946	 93.667738	 93.564438	 93.462056	 93.360605	 93.260095	 93.160538	 93.061943	  92.96432	 92.867678	 92.772027	 92.677373	 92.583725	 92.491091	 92.399477	 92.308889	 92.219334	 92.130816	 92.043342	 91.956914	 91.871538	 91.787217	 91.703955	 91.621753	 91.540614	  91.46054	 91.381532	 91.303592	  91.22672	 91.150915	 91.076178	 91.002509	 90.929905	 90.858365	 90.787888	 90.718471	 90.650111	 90.582806	 90.516553	 90.451346	 90.387184	  90.32406	 90.261971	 90.200911	 90.140875	 90.081857	 90.023852	 89.966852	 89.910853	 89.855846	 89.801825	 89.748783	 89.696712	 89.645604	 89.595451	 89.546246	 89.497979	 89.450642	 89.404227	 89.358724	 89.314125	 89.270419	 89.227598	 89.185652	 89.144571	 89.104346	 89.064966	 89.026421	 88.988702	 88.951798	 88.915698	 88.880393	 88.845871	 88.812122	 88.779136	 88.746902	  88.71541	 88.684647	 88.654605	 88.625272	 88.596638	 88.568691	 88.541421	 88.514817	 88.488869	 88.463565	 88.438896	 88.414851	 88.391419	 88.368589	 88.346352	 88.324697	 88.303613	  88.28309	 88.263119	 88.243689	  88.22479	 88.206412	 88.188546	 88.171181	 88.154309	  88.13792	 88.122004	 88.106553	 88.091557	 88.077007	 88.062894	  88.04921	 88.035946	 88.023093	 88.010644	 87.998591	 87.986924	 87.975637	 87.964721	  87.95417	 87.943975	  87.93413	 87.924627	  87.91546	 87.906622	 87.898106	 87.889905	 87.882015	 87.874428	 87.867138	 87.860141	 87.853429	 87.846999	 87.840845	 87.834962	 87.829345	 87.823989	  87.81889	 87.814043	 87.809445	 87.805092	 87.800979	 87.797104	 87.793463	 87.790052	 87.786869	 87.783911	 87.781176	  87.77866	 87.776362	 87.774279	  87.77241	 87.770753	 87.769306	 87.768069	 87.767039	 87.766217	   87.7656	  87.76519	 87.764985	
        99	 98.864097	 98.728221	 98.592397	 98.456653	 98.321014	 98.185507	 98.050157	 97.914992	 97.780036	 97.645316	 97.510858	 97.376687	 97.242828	 97.109306	 96.976147	 96.843376	 96.711017	 96.579094	 96.447631	 96.316653	 96.186183	 96.056244	 95.926859	 95.798051	 95.669842	 95.542254	 95.415308	 95.289027	 95.163431	 95.038541	 94.914376	 94.790957	 94.668302	 94.546431	 94.425363	 94.305115	 94.185705	  94.06715	 93.949467	 93.832672	 93.716781	  93.60181	 93.487773	 93.374684	 93.262558	 93.151408	 93.041247	 92.932087	  92.82394	 92.716818	 92.610731	  92.50569	 92.401705	 92.298785	 92.196939	 92.096175	 91.996502	 91.897926	 91.800455	 91.704095	 91.608851	 91.514729	 91.421735	 91.329871	 91.239143	 91.149554	 91.061105	 90.973801	 90.887643	 90.802632	 90.718769	 90.636055	 90.554491	 90.474075	 90.394807	 90.316686	  90.23971	 90.163878	 90.089186	 90.015632	 89.943213	 89.871925	 89.801764	 89.732726	 89.664806	 89.597998	 89.532299	 89.467701	 89.404198	 89.341785	 89.280455	   89.2202	 89.161014	 89.102888	 89.045815	 88.989787	 88.934796	 88.880832	 88.827888	 88.775954	  88.72502	 88.675078	 88.626117	 88.578129	 88.531102	 88.485027	 88.439894	 88.395692	  88.35241	 88.310037	 88.268564	 88.227979	  88.18827	 88.149427	 88.111439	 88.074294	 88.037981	 88.002488	 87.967805	 87.933919	  87.90082	 87.868495	 87.836933	 87.806122	 87.776052	  87.74671	 87.718084	 87.690164	 87.662938	 87.636395	 87.610522	  87.58531	 87.560745	 87.536818	 87.513517	 87.490831	  87.46875	 87.447261	 87.426354	 87.406019	 87.386245	 87.367021	 87.348337	 87.330183	 87.312549	 87.295423	 87.278798	 87.262662	 87.247006	 87.231821	 87.217097	 87.202825	 87.188996	 87.175601	 87.162632	 87.150079	 87.137934	 87.126189	 87.114836	 87.103866	 87.093273	 87.083048	 87.073184	 87.063674	 87.054511	 87.045688	 87.037198	 87.029034	 87.021191	 87.013661	  87.00644	 86.999522	   86.9929	  86.98657	 86.980525	 86.974763	 86.969276	 86.964061	 86.959114	  86.95443	 86.950005	 86.945835	 86.941917	 86.938247	 86.934823	  86.93164	 86.928696	  86.92599	 86.923517	 86.921276	 86.919265	 86.917482	 86.915925	 86.914593	 86.913485	   86.9126	 86.911937	 86.911496	 86.911275	
        99	 98.854526	  98.70908	 98.563691	 98.418386	 98.273194	 98.128143	 97.983261	 97.838576	 97.694116	 97.549908	  97.40598	 97.262359	 97.119072	 96.976147	  96.83361	 96.691488	 96.549807	 96.408593	 96.267872	 96.127669	  95.98801	 95.848919	 95.710422	 95.572542	 95.435303	  95.29873	 95.162844	 95.027669	 94.893227	 94.759541	 94.626632	  94.49452	 94.363227	 94.232773	 94.103178	 93.974461	 93.846641	 93.719737	 93.593765	 93.468745	 93.344692	 93.221624	 93.099555	 92.978502	 92.858479	 92.739501	 92.621581	 92.504733	 92.388969	 92.274303	 92.160744	 92.048305	 91.936997	 91.826828	 91.717809	 91.609949	 91.503256	 91.397737	 91.293402	 91.190255	 91.088303	 90.987553	 90.888009	 90.789676	 90.692558	 90.596658	 90.501981	 90.408528	 90.316301	 90.225303	 90.135534	 90.046995	 89.959686	 89.873607	 89.788756	 89.705133	 89.622736	 89.541563	  89.46161	 89.382876	 89.305357	 89.229048	 89.153946	 89.080045	 89.007342	 88.935829	 88.865502	 88.796355	  88.72838	 88.661571	 88.595922	 88.531423	 88.468068	 88.405849	 88.344757	 88.284783	 88.225918	 88.168154	 88.111481	 88.055889	 88.001368	 87.947909	   87.8955	 87.844132	 87.793793	 87.744473	 87.696161	 87.648846	 87.602516	 87.557159	 87.512765	 87.469321	 87.426816	 87.385237	 87.344574	 87.304813	 87.265942	  87.22795	 87.190824	 87.154552	 87.119121	 87.084519	 87.050734	 87.017754	 86.985566	 86.954157	 86.923516	 86.893629	 86.864486	 86.836073	 86.808378	  86.78139	 86.755096	 86.729483	 86.704541	 86.680258	 86.656621	 86.633618	 86.611239	 86.589472	 86.568305	 86.547727	 86.527728	 86.508295	 86.489419	 86.471087	 86.453291	 86.436019	  86.41926	 86.403006	 86.387245	 86.371968	 86.357165	 86.342827	 86.328943	 86.315506	 86.302506	 86.289934	 86.277781	 86.266039	   86.2547	 86.243755	 86.233196	 86.223017	 86.213208	 86.203763	 86.194675	 86.185937	 86.177541	 86.169481	 86.161752	 86.154346	 86.147258	 86.140481	 86.134012	 86.127843	  86.12197	 86.116388	 86.111092	 86.106078	 86.101341	 86.096878	 86.092684	 86.088756	  86.08509	 86.081683	 86.078532	 86.075635	 86.072988	 86.070589	 86.068436	 86.066528	 86.064861	 86.063436	  86.06225	 86.061303	 86.060593	  86.06012	 86.059884	
        99	 98.844982	 98.689995	 98.535067	  98.38023	 98.225513	 98.070947	  97.91656	 97.762383	 97.608446	 97.454777	 97.301407	 97.148364	 96.995677	 96.843376	 96.691488	 96.540042	 96.389066	 96.238588	 96.088635	 95.939235	 95.790414	 95.642198	 95.494615	  95.34769	 95.201448	 95.055914	 94.911114	 94.767071	  94.62381	 94.481353	 94.339724	 94.198946	  94.05904	 93.920028	 93.781931	 93.644769	 93.508564	 93.373334	 93.239099	 93.105877	 92.973686	 92.842543	 92.712466	 92.583472	 92.455575	 92.328791	 92.203136	 92.078622	 91.955264	 91.833075	 91.712067	 91.592251	  91.47364	 91.356244	 91.240074	 91.125137	 91.011445	 90.899004	 90.787824	  90.67791	  90.56927	  90.46191	 90.355836	 90.251051	 90.147562	 90.045372	 89.944483	 89.844899	 89.746622	 89.649654	 89.553996	 89.459649	 89.366612	 89.274885	 89.184468	 89.095359	 89.007557	 88.921058	 88.835861	 88.751962	 88.669357	 88.588042	 88.508012	 88.429264	 88.351791	 88.275587	 88.200646	 88.126962	 88.054528	 87.983337	  87.91338	  87.84465	 87.777139	 87.710838	 87.645738	  87.58183	 87.519103	  87.45755	 87.397159	  87.33792	 87.279822	 87.222855	 87.167009	  87.11227	 87.058629	 87.006074	 86.954593	 86.904173	 86.854803	 86.806471	 86.759165	 86.712871	 86.667577	 86.623271	  86.57994	  86.53757	  86.49615	 86.455665	 86.416103	 86.377452	 86.339696	 86.302825	 86.266824	 86.231679	 86.197379	  86.16391	 86.131259	 86.099412	 86.068356	  86.03808	 86.008568	 85.979809	  85.95179	 85.924497	 85.897919	 85.872042	 85.846855	 85.822343	 85.798496	 85.775301	 85.752745	 85.730818	 85.709506	 85.688798	 85.668684	  85.64915	 85.630186	  85.61178	 85.593923	 85.576602	 85.559807	 85.543528	 85.527754	 85.512475	 85.497681	 85.483362	 85.469509	 85.456112	 85.443162	  85.43065	 85.418566	 85.406903	 85.395652	 85.384805	 85.374353	 85.364288	 85.354604	 85.345292	 85.336346	 85.327757	 85.319521	 85.311629	 85.304076	 85.296855	 85.289961	 85.283387	 85.277129	 85.271181	 85.265538	 85.260195	 85.255147	 85.250391	 85.245922	 85.241736	  85.23783	 85.234199	 85.230842	 85.227754	 85.224934	 85.222377	 85.220083	  85.21805	 85.216274	 85.214755	 85.213491	 85.212482	 85.211726	 85.211222	  85.21097	
        99	 98.835468	 98.670969	 98.506533	 98.342193	  98.17798	 98.013928	 97.850066	 97.686426	 97.523041	 97.359942	 97.197159	 97.034723	 96.872665	 96.711017	 96.549807	 96.389066	 96.228824	 96.069111	 95.909955	 95.751385	  95.59343	 95.436119	 95.279478	 95.123535	 94.968318	 94.813852	 94.660165	 94.507282	 94.355228	 94.204029	 94.053707	 93.904289	 93.755796	 93.608252	  93.46168	 93.316101	 93.171536	 93.028007	 92.885533	 92.744134	  92.60383	 92.464639	 92.326579	 92.189668	 92.053922	 91.919357	 91.785989	 91.653834	 91.522905	 91.393216	 91.264781	 91.137613	 91.011722	 90.887121	 90.763821	  90.64183	  90.52116	 90.401819	 90.283814	 90.167155	 90.051848	 89.937899	 89.825314	 89.714099	 89.604258	 89.495796	 89.388715	  89.28302	 89.178711	 89.075792	 88.974263	 88.874125	 88.775378	 88.678022	 88.582056	 88.487478	 88.394287	  88.30248	 88.212053	 88.123005	  88.03533	 87.949025	 87.864084	 87.780502	 87.698274	 87.617393	 87.537853	 87.459647	 87.382768	 87.307207	 87.232957	 87.160009	 87.088354	 87.017984	 86.948888	 86.881058	 86.814482	 86.749151	 86.685053	 86.622178	 86.560515	 86.500052	 86.440778	  86.38268	 86.325747	 86.269966	 86.215325	 86.161811	 86.109412	 86.058113	 86.007903	 85.958768	 85.910695	 85.863669	 85.817678	 85.772709	 85.728746	 85.685777	 85.643787	 85.602763	 85.562691	 85.523556	 85.485345	 85.448044	 85.411639	 85.376116	 85.341461	 85.307659	 85.274698	 85.242563	  85.21124	 85.180716	 85.150977	  85.12201	   85.0938	 85.066335	 85.039601	 85.013586	 84.988275	 84.963656	 84.939716	 84.916443	 84.893823	 84.871845	 84.850496	 84.829763	 84.809635	   84.7901	 84.771146	 84.752762	 84.734937	 84.717658	 84.700916	   84.6847	 84.668998	   84.6538	 84.639097	 84.624878	 84.611133	 84.597853	 84.585028	 84.572649	 84.560708	 84.549194	 84.538101	 84.527419	  84.51714	 84.507256	 84.497761	 84.488646	 84.479903	 84.471527	 84.463511	 84.455847	 84.448529	 84.441552	  84.43491	 84.428597	 84.422607	 84.416936	 84.411579	 84.406531	 84.401788	 84.397345	 84.393199	 84.389346	 84.385782	 84.382505	 84.379511	 84.376798	 84.374363	 84.372205	  84.37032	 84.368708	 84.367367	 84.366295	 84.365493	 84.364958	 84.364691	
