Time step 27:
        99	        99	        99	        99	        99	        99	        99	        99	        99	        99	        99	        99	        99	        99	        99	        99	        99	        99	        99	        99	        99	        99	        99	        99	        99	        99	        99	        99	        99	        99	        99	        99	        99	        99	        99	        99	        99	        99	        99	        99	        99	        99	        99	        99	        99	        99	        99	        99	        99	        99	        99	        99	        99	        99	        99	        99	        99	        99	        99	        99	        99	        99	        99	        99	        99	        99	        99	        99	        99	        99	        99	        99	        99	        99	        99	        99	        99	        99	        99	        99	        99	        99	        99	        99	        99	        99	        99	        99	        99	        99	        99	        99	        99	        99	        99	        99	        99	        99	        99	        99	        99	        99	        99	        99	        99	        99	        99	        99	        99	        99	        99	        99	        99	        99	        99	        99	        99	        99	        99	        99	        99	        99	        99	        99	        99	        99	        99	        99	        99	        99	        99	        99	        99	        99	        99	        99	        99	        99	        99	        99	        99	        99	        99	        99	        99	        99	        99	        99	        99	        99	        99	        99	        99	        99	        99	        99	        99	        99	        99	        99	        99	        99	        99	        99	        99	        99	        99	        99	        99	        99	        99	        99	        99	        99	        99	        99	        99	        99	        99	        99	        99	        99	        99	        99	        99	        99	        99	        99	        99	        99	        99	        99	        99	        99	        99	        99	        99	        99	        99	        99	
        99	 98.976485	  98.95298	 98.929498	 98.906048	 98.882642	 98.859291	 98.836006	 98.812796	 98.789673	 98.766648	 98.743729	 98.720929	 98.698255	  98.67572	 98.653331	 98.631099	 98.609033	 98.587141	 98.565433	 98.543917	 98.522601	 98.501494	 98.480602	 98.459935	 98.439497	 98.419298	 98.399342	 98.379637	 98.360188	 98.341002	 98.322082	 98.303435	 98.285065	 98.266976	 98.249172	 98.231658	 98.214436	 98.197509	 98.180881	 98.164553	 98.148527	 98.132806	 98.117391	 98.102283	 98.087482	 98.072989	 98.058805	  98.04493	 98.031362	 98.018102	 98.005148	 97.992499	 97.980154	 97.968112	  97.95637	 97.944925	 97.933777	 97.922922	 97.912357	  97.90208	 97.892088	 97.882376	 97.872942	 97.863781	 97.854891	 97.846267	 97.837905	   97.8298	  97.82195	 97.814349	 97.806992	 97.799876	 97.792995	 97.786345	 97.779922	  97.77372	 97.767734	  97.76196	 97.756393	 97.751027	 97.745859	 97.740883	 97.736093	 97.731487	 97.727057	   97.7228	 97.718711	 97.714785	 97.711017	 97.707403	 97.703938	 97.700617	 97.697436	  97.69439	 97.691475	 97.688687	 97.686021	 97.683474	  97.68104	 97.678717	 97.676499	 97.674384	 97.672368	 97.670446	 97.668615	 97.666872	 97.665214	 97.663636	 97.662136	  97.66071	 97.659356	 97.658071	 97.656851	 97.655693	 97.654596	 97.653556	 97.652572	 97.651639	 97.650757	 97.649922	 97.649133	 97.648387	 97.647683	 97.647018	  97.64639	 97.645798	  97.64524	 97.644714	 97.644219	 97.643752	 97.643313	   97.6429	 97.642512	 97.642147	 97.641805	 97.641483	 97.641181	 97.640898	 97.640633	 97.640384	 97.640151	 97.639933	 97.639729	 97.639538	 97.639359	 97.639192	 97.639037	 97.638891	 97.638755	 97.638629	 97.638511	 97.638401	 97.638298	 97.638203	 97.638114	 97.638032	 97.637955	 97.637884	 97.637817	 97.637756	 97.637699	 97.637646	 97.637597	 97.637551	 97.637509	  97.63747	 97.637434	 97.637401	  97.63737	 97.637342	 97.637316	 97.637292	 97.637269	 97.637249	  97.63723	 97.637212	 97.637196	 97.637182	 97.637168	 97.637156	 97.637145	 97.637134	 97.637125	 97.637117	 97.637109	 97.637102	 97.637095	  97.63709	 97.637085	  97.63708	 97.637076	 97.637073	  97.63707	 97.637067	 97.637065	 97.637064	 97.637062	 97.637062	 97.637061	
        99	  98.95298	 98.905982	 98.859028	  98.81214	  98.76534	 98.718648	 98.672088	  98.62568	 98.579445	 98.533404	 98.487578	 98.441988	 98.396652	 98.351591	 98.306824	 98.262371	 98.218248	 98.174475	 98.131069	 98.088047	 98.045426	 98.003221	 97.961448	 97.920122	 97.879257	 97.838867	 97.798965	 97.759564	 97.720676	 97.682311	 97.644481	 97.607196	 97.570464	 97.534295	 97.498696	 97.463675	 97.429239	 97.395394	 97.362144	 97.329496	 97.297453	 97.266018	 97.235195	 97.204985	 97.175391	 97.146412	 97.118051	 97.090306	 97.063177	 97.036662	 97.010761	 96.985469	 96.960786	 96.936706	 96.913227	 96.890344	 96.868053	 96.846348	 96.825224	 96.804674	 96.784693	 96.765274	  96.74641	 96.728094	 96.710317	 96.693073	 96.676353	 96.660148	 96.644451	 96.629252	 96.614542	 96.600313	 96.586555	 96.573258	 96.560414	 96.548013	 96.536044	 96.524498	 96.513367	 96.502638	 96.492304	 96.482354	 96.472778	 96.463566	  96.45471	 96.446198	 96.438022	 96.430171	 96.422638	 96.415411	 96.408482	 96.401842	 96.395481	 96.389391	 96.383562	 96.377987	 96.372657	 96.367563	 96.362697	 96.358051	 96.353617	 96.349388	 96.345356	 96.341513	 96.337853	 96.334368	 96.331051	 96.327897	 96.324897	 96.322047	 96.319339	 96.316769	 96.314329	 96.312015	 96.309822	 96.307743	 96.305773	 96.303909	 96.302144	 96.300475	 96.298897	 96.297406	 96.295998	 96.294668	 96.293413	 96.292229	 96.291113	 96.290062	 96.289071	 96.288138	 96.287261	 96.286435	 96.285659	  96.28493	 96.284245	 96.283601	 96.282998	 96.282432	 96.281901	 96.281404	 96.280938	 96.280501	 96.280093	 96.279711	 96.279355	 96.279021	 96.278709	 96.278419	 96.278147	 96.277894	 96.277658	 96.277438	 96.277233	 96.277042	 96.276865	   96.2767	 96.276547	 96.276404	 96.276272	 96.276149	 96.276035	 96.275929	 96.275831	  96.27574	 96.275656	 96.275578	 96.275506	 96.275439	 96.275378	 96.275321	 96.275269	  96.27522	 96.275176	 96.275135	 96.275097	 96.275062	  96.27503	 96.275001	 96.274974	 96.274949	 96.274927	 96.274906	 96.274887	  96.27487	 96.274855	 96.274841	 96.274828	 96.274817	 96.274807	 96.274798	  96.27479	 96.274783	 96.274777	 96.274772	 96.274768	 96.274764	 96.274762	  96.27476	  96.27476	
        99	 98.929498	 98.859028	 98.788625	  98.71832	 98.648146	 98.578137	 98.508323	 98.438738	 98.369413	 98.300379	 98.231667	 98.163307	  98.09533	 98.027766	 97.960642	 97.893987	 97.827829	 97.762195	 97.697112	 97.632604	 97.568696	 97.505413	 97.442778	 97.380813	  97.31954	 97.258979	  97.19915	 97.140071	 97.081761	 97.024237	 96.967514	 96.911607	 96.856531	 96.802298	 96.748921	  96.69641	 96.644776	 96.594028	 96.544173	  96.49522	 96.447174	  96.40004	 96.353823	 96.308526	 96.264152	 96.220702	 96.178176	 96.136575	 96.095897	 96.056141	 96.017303	 95.979381	  95.94237	 95.906265	  95.87106	 95.836749	 95.803325	  95.77078	 95.739106	 95.708294	 95.678334	 95.649217	 95.620932	 95.593468	 95.566813	 95.540957	 95.515886	 95.491589	 95.468052	 95.445263	 95.423207	 95.401872	 95.381242	 95.361305	 95.342047	 95.323451	 95.305505	 95.288194	 95.271503	 95.255417	 95.239921	 95.225002	 95.210643	 95.196831	 95.183551	 95.170789	 95.158529	 95.146759	 95.135462	 95.124626	 95.114237	  95.10428	 95.094743	 95.085611	 95.076872	 95.068513	  95.06052	 95.052882	 95.045586	  95.03862	 95.031972	 95.025631	 95.019585	 95.013823	 95.008335	 95.003109	 94.998136	 94.993406	 94.988909	 94.984635	 94.980575	 94.976721	 94.973063	 94.969594	 94.966304	 94.963187	 94.960234	 94.957438	 94.954793	  94.95229	 94.949924	 94.947688	 94.945576	 94.943583	 94.941701	 94.939926	 94.938253	 94.936676	  94.93519	 94.933792	 94.932476	 94.931238	 94.930074	 94.928981	 94.927954	 94.926989	 94.926084	 94.925235	 94.924439	 94.923694	 94.922995	 94.922341	 94.921729	 94.921157	 94.920621	 94.920121	 94.919654	 94.919218	 94.918811	 94.918431	 94.918078	 94.917748	 94.917441	 94.917155	 94.916889	 94.916641	 94.916411	 94.916197	 94.915999	 94.915814	 94.915643	 94.915485	 94.915338	 94.915202	 94.915075	 94.914959	 94.914851	 94.914751	 94.914659	 94.914573	 94.914495	 94.914422	 94.914355	 94.914294	 94.914237	 94.914185	 94.914137	 94.914093	 94.914053	 94.914016	 94.913982	 94.913951	 94.913923	 94.913898	 94.913874	 94.913853	 94.913834	 94.913817	 94.913802	 94.913789	 94.913777	 94.913766	 94.913757	  94.91375	 94.913744	 94.913739	 94.913735	 94.913733	 94.913732	
        99	 98.906048	  98.81214	  98.71832	 98.624631	 98.531118	 98.437822	 98.344789	 98.252059	 98.159676	  98.06768	 97.976114	 97.885018	 97.794431	 97.704394	 97.614944	  97.52612	 97.437957	 97.350493	 97.263762	 97.177799	 97.092635	 97.008304	 96.924836	 96.842261	 96.760608	 96.679904	 96.600175	 96.521447	 96.443742	 96.367085	 96.291495	 96.216994	 96.143599	 96.071328	 96.000197	 95.930221	 95.861413	 95.793786	 95.727349	 95.662114	 95.598087	 95.535276	 95.473687	 95.413324	 95.354191	 95.296289	 95.239619	 95.184181	 95.129973	 95.076994	 95.025239	 94.974703	 94.925382	 94.877268	 94.830354	 94.784631	  94.74009	  94.69672	 94.654511	 94.613451	 94.573526	 94.534724	 94.497031	 94.460433	 94.424913	 94.390457	 94.357047	 94.324669	 94.293303	 94.262934	 94.233542	  94.20511	  94.17762	 94.151052	 94.125387	 94.100607	 94.076692	 94.053623	  94.03138	 94.009944	 93.989294	 93.969412	 93.950278	 93.931872	 93.914176	 93.897168	 93.880831	 93.865145	 93.850092	 93.835652	 93.821807	 93.808538	 93.795829	  93.78366	 93.772014	 93.760874	 93.750223	 93.740045	 93.730322	 93.721039	  93.71218	 93.703729	 93.695672	 93.687994	  93.68068	 93.673717	  93.66709	 93.660787	 93.654794	 93.649098	 93.643688	 93.638552	 93.633678	 93.629054	  93.62467	 93.620516	 93.616581	 93.612856	  93.60933	 93.605995	 93.602842	 93.599863	 93.597049	 93.594391	 93.591884	 93.589519	 93.587289	 93.585187	 93.583208	 93.581345	 93.579591	 93.577941	 93.576391	 93.574933	 93.573564	 93.572279	 93.571073	 93.569942	 93.568881	 93.567887	 93.566956	 93.566085	 93.565269	 93.564506	 93.563793	 93.563127	 93.562504	 93.561923	 93.561381	 93.560875	 93.560403	 93.559964	 93.559555	 93.559174	 93.558819	 93.558489	 93.558183	 93.557898	 93.557633	 93.557387	  93.55716	 93.556948	 93.556752	 93.556571	 93.556403	 93.556247	 93.556103	  93.55597	 93.555847	 93.555734	 93.555629	 93.555532	 93.555443	 93.555361	 93.555286	 93.555216	 93.555152	 93.555094	  93.55504	 93.554991	 93.554946	 93.554905	 93.554867	 93.554833	 93.554802	 93.554774	 93.554749	 93.554726	 93.554706	 93.554688	 93.554672	 93.554658	 93.554646	 93.554636	 93.554628	 93.554622	 93.554617	 93.554613	 93.554612	
        99	 98.882642	  98.76534	 98.648146	 98.531118	 98.414307	  98.29777	 98.181559	 98.065729	  97.95033	 97.835417	 97.721039	 97.607249	 97.494095	 97.381627	 97.269893	  97.15894	 97.048814	 96.939561	 96.831223	 96.723844	 96.617464	 96.512124	 96.407862	 96.304716	 96.202721	 96.101911	  96.00232	 95.903978	 95.806916	 95.711161	 95.616741	 95.523679	    95.432	 95.341724	 95.252873	 95.165464	 95.079514	 94.995039	 94.912052	 94.830565	 94.750587	 94.672129	 94.595197	 94.519796	  94.44593	 94.373603	 94.302816	 94.233567	 94.165855	 94.099677	 94.035028	 93.971903	 93.910295	 93.850195	 93.791593	 93.734479	 93.678842	 93.624668	 93.571943	 93.520654	 93.470783	 93.422315	 93.375232	 93.329515	 93.285147	 93.242106	 93.200374	 93.159929	  93.12075	 93.082815	 93.046101	 93.010586	 92.976247	  92.94306	 92.911002	 92.880048	 92.850176	 92.821359	 92.793575	 92.766798	 92.741005	  92.71617	 92.692269	 92.669278	 92.647172	 92.625928	 92.605521	 92.585927	 92.567123	 92.549086	 92.531792	 92.515218	 92.499342	 92.484142	 92.469595	  92.45568	 92.442375	 92.429661	 92.417516	  92.40592	 92.394854	 92.384299	 92.374235	 92.364644	 92.355508	 92.346809	 92.338532	 92.330658	 92.323172	 92.316058	   92.3093	 92.302884	 92.296795	  92.29102	 92.285544	 92.280355	  92.27544	 92.270786	 92.266382	 92.262217	 92.258278	 92.254557	 92.251041	 92.247722	  92.24459	 92.241635	  92.23885	 92.236225	 92.233753	 92.231425	 92.229234	 92.227174	 92.225237	 92.223416	 92.221706	 92.220101	 92.218594	 92.217181	 92.215857	 92.214615	 92.213452	 92.212364	 92.211345	 92.210392	 92.209501	 92.208668	 92.207891	 92.207165	 92.206487	 92.205856	 92.205267	 92.204718	 92.204206	  92.20373	 92.203287	 92.202875	 92.202492	 92.202137	 92.201806	 92.201499	 92.201215	 92.200951	 92.200706	 92.200479	 92.200269	 92.200075	 92.199895	 92.199729	 92.199575	 92.199434	 92.199303	 92.199182	 92.199071	 92.198968	 92.198874	 92.198787	 92.198707	 92.198634	 92.198567	 92.198506	 92.198449	 92.198398	 92.198351	 92.198309	  92.19827	 92.198235	 92.198203	 92.198175	  92.19815	 92.198127	 92.198107	  92.19809	 92.198075	 92.198063	 92.198053	 92.198044	 92.198038	 92.198034	 92.198032	
        99	 98.859291	 98.718648	 98.578137	 98.437822	  98.29777	 98.158045	 98.018712	 97.879833	 97.741474	 97.603695	  97.46656	 97.330128	  97.19446	 97.059614	 96.925648	 96.792618	  96.66058	 96.529588	 96.399694	 96.270949	 96.143402	 96.017102	 95.892095	 95.768426	 95.646136	 95.525268	 95.405861	 95.287952	 95.171577	  95.05677	 94.943562	 94.831983	 94.722062	 94.613824	 94.507294	 94.402493	 94.299442	 94.198158	 94.098659	 94.000958	 93.905067	 93.810997	 93.718757	 93.628354	 93.539791	 93.453073	   93.3682	 93.285173	 93.203988	 93.124643	 93.047131	 92.971446	 92.897579	  92.82552	 92.755258	  92.68678	 92.620073	 92.555119	 92.491904	 92.430409	 92.370616	 92.312503	 92.256052	 92.201239	 92.148042	 92.096438	 92.046403	  91.99791	 91.950935	 91.905452	 91.861433	 91.818851	  91.77768	  91.73789	 91.699453	  91.66234	 91.626524	 91.591974	 91.558661	 91.526557	 91.495631	 91.465854	 91.437198	 91.409632	 91.383128	 91.357657	 91.333189	 91.309697	 91.287152	 91.265525	  91.24479	 91.224919	 91.205884	 91.187659	 91.170217	 91.153534	 91.137582	 91.122338	 91.107776	 91.093874	 91.080606	  91.06795	 91.055883	 91.044384	  91.03343	 91.023001	 91.013076	 91.003636	  90.99466	  90.98613	 90.978028	 90.970336	 90.963035	 90.956111	 90.949546	 90.943324	 90.937431	 90.931851	 90.926571	 90.921577	 90.916855	 90.912392	 90.908177	 90.904198	 90.900442	   90.8969	  90.89356	 90.890413	 90.887449	 90.884658	 90.882031	 90.879561	 90.877238	 90.875056	 90.873006	 90.871081	 90.869275	  90.86758	 90.865992	 90.864503	 90.863109	 90.861804	 90.860583	  90.85944	 90.858372	 90.857374	 90.856441	 90.855571	 90.854759	 90.854001	 90.853295	 90.852637	 90.852024	 90.851453	 90.850922	 90.850428	 90.849969	 90.849542	 90.849146	 90.848778	 90.848437	  90.84812	 90.847827	 90.847555	 90.847303	  90.84707	 90.846855	 90.846655	 90.846471	 90.846301	 90.846144	    90.846	 90.845866	 90.845743	  90.84563	 90.845526	 90.845431	 90.845343	 90.845262	 90.845189	 90.845121	  90.84506	 90.845004	 90.844952	 90.844906	 90.844864	 90.844826	 90.844792	 90.844762	 90.844735	 90.844711	 90.844691	 90.844673	 90.844658	 90.844645	 90.844636	 90.844628	 90.844624	 90.844621	
        99	 98.836006	 98.672088	 98.508323	 98.344789	 98.181559	 98.018712	  97.85632	 97.694459	 97.533203	 97.372623	 97.212794	 97.053784	 96.895664	 96.738503	 96.582367	 96.427322	 96.273434	 96.120764	 95.969374	 95.819323	 95.670669	 95.523468	 95.377774	 95.233638	 95.091111	 94.950241	 94.811074	 94.673652	 94.538018	 94.404212	 94.272269	 94.142226	 94.014114	 93.887964	 93.763804	  93.64166	 93.521555	  93.40351	 93.287545	 93.173675	 93.061916	 92.952279	 92.844774	  92.73941	 92.636192	 92.535122	 92.436204	 92.339437	 92.244817	  92.15234	 92.062001	 91.973791	   91.8877	 91.803717	 91.721827	 91.642017	  91.56427	 91.488568	 91.414891	  91.34322	 91.273531	 91.205802	 91.140008	 91.076125	 91.014125	 90.953981	 90.895664	 90.839147	 90.784398	 90.731388	 90.680084	 90.630456	 90.582471	 90.536096	 90.491299	 90.448045	 90.406301	 90.366033	 90.327208	  90.28979	 90.253746	 90.219042	 90.185643	 90.153516	 90.122626	 90.092939	 90.064423	 90.037043	 90.010767	 89.985561	 89.961395	 89.938235	  89.91605	 89.894809	 89.874481	 89.855036	 89.836445	 89.818678	 89.801707	 89.785503	  89.77004	 89.755289	 89.741226	 89.727823	 89.715057	 89.702902	 89.691335	 89.680332	 89.669871	  89.65993	 89.650487	 89.641521	 89.633013	 89.624942	 89.617291	 89.610039	 89.603171	 89.596668	 89.590514	 89.584693	  89.57919	 89.573989	 89.569076	 89.564438	 89.560062	 89.555933	 89.552041	 89.548373	 89.544918	 89.541665	 89.538604	 89.535725	 89.533018	 89.530474	 89.528084	 89.525841	 89.523736	 89.521761	  89.51991	 89.518175	  89.51655	 89.515029	 89.513605	 89.512274	 89.511029	 89.509865	 89.508779	 89.507764	 89.506818	 89.505935	 89.505112	 89.504345	  89.50363	 89.502965	 89.502346	  89.50177	 89.501235	 89.500738	 89.500276	 89.499847	  89.49945	 89.499081	 89.498739	 89.498422	 89.498128	 89.497857	 89.497606	 89.497373	 89.497159	 89.496961	 89.496778	 89.496609	 89.496454	  89.49631	 89.496179	 89.496057	 89.495946	 89.495844	  89.49575	 89.495664	 89.495585	 89.495514	 89.495448	 89.495389	 89.495335	 89.495286	 89.495242	 89.495202	 89.495167	 89.495135	 89.495108	 89.495083	 89.495063	 89.495045	 89.495031	 89.495019	 89.495011	 89.495005	 89.495003	
        99	 98.812796	  98.62568	 98.438738	 98.252059	 98.065729	 97.879833	 97.694459	 97.509691	 97.325612	 97.142307	 96.959857	 96.778343	 96.597845	 96.418441	 96.240208	 96.063221	 95.887553	 95.713276	 95.540461	 95.369174	 95.199481	 95.031447	 94.865133	 94.700599	 94.537901	 94.377094	  94.21823	  94.06136	  93.90653	 93.753787	 93.603171	 93.454723	  93.30848	 93.164476	 93.022745	 92.883314	 92.746211	  92.61146	 92.479082	 92.349097	 92.221521	 92.096367	 91.973648	 91.853372	 91.735545	 91.620172	 91.507254	 91.396791	  91.28878	 91.183216	 91.080092	 90.979397	 90.881122	 90.785253	 90.691774	 90.600669	 90.511918	 90.425502	 90.341399	 90.259583	 90.180032	 90.102718	 90.027612	 89.954688	 89.883913	 89.815257	 89.748687	 89.684171	 89.621674	 89.561161	 89.502597	 89.445945	 89.391169	 89.338231	 89.287093	 89.237718	 89.190066	 89.144099	 89.099779	 89.057066	 89.015921	 88.976305	  88.93818	 88.901505	 88.866243	 88.832355	 88.799803	 88.768548	 88.738553	 88.709781	 88.682194	 88.655756	 88.630431	 88.606184	  88.58298	 88.560783	 88.539561	 88.519279	 88.499906	 88.481409	 88.463757	 88.446919	 88.430865	 88.415566	 88.400993	 88.387118	 88.373914	 88.361354	 88.349412	 88.338064	 88.327284	  88.31705	 88.307337	 88.298125	  88.28939	 88.281113	 88.273272	 88.265849	 88.258824	 88.252179	 88.245897	  88.23996	 88.234352	 88.229058	 88.224061	 88.219349	 88.214906	 88.210718	 88.206774	 88.203061	 88.199567	  88.19628	  88.19319	 88.190286	 88.187559	 88.184998	 88.182595	 88.180341	 88.178227	 88.176247	 88.174392	 88.172656	 88.171031	  88.16951	 88.168089	 88.166761	 88.165521	 88.164363	 88.163282	 88.162274	 88.161335	 88.160459	 88.159644	 88.158884	 88.158178	 88.157521	  88.15691	 88.156342	 88.155815	 88.155325	 88.154871	  88.15445	  88.15406	 88.153698	 88.153363	 88.153053	 88.152767	 88.152501	 88.152257	  88.15203	 88.151822	 88.151629	 88.151451	 88.151288	 88.151137	 88.150999	 88.150872	 88.150755	 88.150648	  88.15055	  88.15046	 88.150378	 88.150304	 88.150236	 88.150174	 88.150118	 88.150068	 88.150023	 88.149982	 88.149946	 88.149915	 88.149887	 88.149864	 88.149844	 88.149827	 88.149814	 88.149805	 88.149798	 88.149795	
        99	 98.789673	 98.579445	 98.369413	 98.159676	  97.95033	 97.741474	 97.533203	 97.325612	 97.118797	  96.91285	 96.707865	 96.503931	 96.301138	 96.099575	 95.899327	 95.700479	 95.503113	  95.30731	 95.113149	 94.920705	 94.730053	 94.541264	 94.354407	  94.16955	 93.986756	 93.806086	   93.6276	 93.451354	 93.277401	  93.10579	 92.936571	 92.769787	 92.605481	  92.44369	 92.284452	   92.1278	 91.973762	 91.822367	 91.673638	 91.527598	 91.384264	 91.243652	 91.105774	 90.970642	 90.838262	 90.708638	 90.581773	 90.457666	 90.336314	 90.217711	 90.101849	 89.988717	 89.878303	 89.770593	 89.665568	 89.563209	 89.463497	 89.366407	 89.271915	 89.179994	 89.090617	 89.003753	 88.919371	 88.837438	 88.757922	 88.680786	 88.605994	 88.533509	 88.463292	 88.395305	 88.329507	 88.265858	 88.204316	 88.144839	 88.087385	  88.03191	 87.978373	 87.926729	 87.876934	 87.828945	 87.782718	 87.738209	 87.695375	  87.65417	 87.614553	 87.576479	 87.539906	 87.504791	 87.471091	 87.438764	  87.40777	 87.378067	 87.349614	 87.322372	 87.296301	 87.271363	 87.247519	 87.224733	 87.202967	 87.182185	 87.162353	 87.143435	 87.125398	 87.108209	 87.091836	 87.076247	 87.061412	 87.047301	 87.033884	 87.021134	 87.009023	 86.997525	 86.986612	 86.976262	 86.966448	 86.957149	  86.94834	 86.939999	 86.932107	 86.924641	 86.917583	 86.910913	 86.904613	 86.898664	 86.893051	 86.887756	 86.882764	 86.878059	 86.873628	 86.869457	 86.865531	 86.861838	 86.858366	 86.855104	 86.852039	 86.849162	 86.846462	  86.84393	 86.841555	  86.83933	 86.837246	 86.835295	 86.833469	 86.831762	 86.830165	 86.828673	 86.827279	 86.825978	 86.824764	 86.823632	 86.822576	 86.821592	 86.820676	 86.819823	 86.819029	 86.818291	 86.817605	 86.816967	 86.816374	 86.815825	 86.815314	 86.814841	 86.814403	 86.813996	  86.81362	 86.813272	  86.81295	 86.812652	 86.812377	 86.812122	 86.811888	 86.811671	 86.811472	 86.811288	 86.811119	 86.810964	 86.810821	  86.81069	 86.810569	 86.810459	 86.810358	 86.810266	 86.810183	 86.810106	 86.810037	 86.809974	 86.809918	 86.809867	 86.809821	 86.809781	 86.809746	 86.809715	 86.809688	 86.809666	 86.809647	 86.809633	 86.809622	 86.809615	 86.809611	
        99	 98.766648	 98.533404	 98.300379	  98.06768	 97.835417	 97.603695	 97.372623	 97.142307	  96.91285	 96.684357	 96.456931	 96.230671	 96.005678	 95.782048	 95.559878	  95.33926	 95.120288	 94.903049	 94.687632	  94.47412	 94.262596	 94.053139	 93.845826	 93.640732	 93.437926	 93.237478	 93.039452	 92.843911	 92.650913	 92.460516	 92.272771	 92.087728	 91.905434	 91.725932	 91.549261	 91.375459	 91.204558	 91.036588	 90.871577	 90.709549	 90.550523	 90.394518	 90.241546	  90.09162	 89.944747	 89.800933	  89.66018	 89.522486	 89.387849	 89.256261	 89.127715	 89.002198	 88.879697	 88.760194	 88.643671	 88.530107	 88.419479	  88.31176	 88.206923	 88.104939	 88.005777	 87.909403	 87.815784	 87.724882	  87.63666	 87.551079	   87.4681	 87.387679	 87.309776	 87.234345	 87.161344	 87.090727	 87.022447	 86.956459	 86.892715	 86.831168	 86.771769	 86.714471	 86.659225	 86.605983	 86.554695	 86.505314	  86.45779	 86.412074	  86.36812	 86.325878	 86.285301	 86.246341	 86.208952	 86.173087	 86.138699	 86.105744	 86.074177	 86.043952	 86.015027	 85.987359	 85.960905	 85.935624	 85.911475	 85.888418	 85.866415	 85.845426	 85.825414	 85.806344	 85.788178	 85.770883	 85.754423	 85.738767	 85.723882	 85.709736	 85.696299	 85.683542	 85.671435	 85.659951	 85.649063	 85.638746	 85.628972	 85.619719	 85.610962	  85.60268	 85.594849	 85.587448	 85.580458	 85.573858	  85.56763	 85.561756	 85.556217	 85.550998	 85.546082	 85.541453	 85.537098	 85.533001	 85.529149	 85.525529	 85.522129	 85.518937	 85.515941	 85.513132	 85.510498	 85.508029	 85.505717	 85.503552	 85.501526	 85.499632	  85.49786	 85.496205	 85.494659	 85.493215	 85.491868	 85.490612	 85.489441	 85.488349	 85.487333	 85.486386	 85.485505	 85.484686	 85.483925	 85.483217	  85.48256	  85.48195	 85.481384	 85.480859	 85.480372	 85.479921	 85.479504	 85.479118	  85.47876	  85.47843	 85.478124	 85.477842	 85.477582	 85.477342	 85.477121	 85.476917	  85.47673	 85.476557	 85.476398	 85.476253	 85.476119	 85.475997	 85.475885	 85.475783	  85.47569	 85.475605	 85.475529	 85.475459	 85.475396	  85.47534	  85.47529	 85.475245	 85.475206	 85.475171	 85.475142	 85.475117	 85.475096	  85.47508	 85.475068	  85.47506	 85.475056	
        99	 98.743729	 98.487578	 98.231667	 97.976114	 97.721039	  97.46656	 97.212794	 96.959857	 96.707865	 96.456931	 96.207168	 95.958686	 95.711596	 95.466003	 95.222012	 94.979727	 94.739249	 94.500675	   94.2641	 94.029619	  93.79732	 93.567292	 93.339619	 93.114381	 92.891657	 92.671522	 92.454047	 92.239301	 92.027349	 91.818252	 91.612068	 91.408852	 91.208654	 91.011522	   90.8175	 90.626628	 90.438942	 90.254476	 90.073259	 89.895317	 89.720673	 89.549346	  89.38135	 89.216699	 89.055402	 88.897463	 88.742886	 88.591669	 88.443808	 88.299297	 88.158126	 88.020282	 87.885749	  87.75451	 87.626543	 87.501826	 87.380332	 87.262033	   87.1469	   87.0349	 86.925999	  86.82016	 86.717346	 86.617516	  86.52063	 86.426644	 86.335515	 86.247196	 86.161641	 86.078803	 85.998632	 85.921079	 85.846094	 85.773624	  85.70362	 85.636028	 85.570796	  85.50787	 85.447198	 85.388727	 85.332402	  85.27817	 85.225979	 85.175774	 85.127502	 85.081112	  85.03655	 84.993764	 84.952702	 84.913314	  84.87555	 84.839358	  84.80469	 84.771497	 84.739731	 84.709346	 84.680294	 84.652529	 84.626009	 84.600688	 84.576523	 84.553473	 84.531496	 84.510552	 84.490603	 84.471609	 84.453533	 84.436339	 84.419992	 84.404457	   84.3897	  84.37569	 84.362394	 84.349782	 84.337825	 84.326494	 84.315761	 84.305599	 84.295982	 84.286886	 84.278286	 84.270158	 84.262482	 84.255234	 84.248394	 84.241943	  84.23586	 84.230128	 84.224729	 84.219646	 84.214863	 84.210363	 84.206133	 84.202158	 84.198424	 84.194919	 84.191629	 84.188543	  84.18565	 84.182939	   84.1804	 84.178023	 84.175798	 84.173717	 84.171772	 84.169954	 84.168256	 84.166671	 84.165191	 84.163812	 84.162525	 84.161327	  84.16021	 84.159171	 84.158204	 84.157304	 84.156468	 84.155691	 84.154969	 84.154299	 84.153677	 84.153101	 84.152566	 84.152071	 84.151613	 84.151188	 84.150796	 84.150433	 84.150098	 84.149788	 84.149502	 84.149239	 84.148996	 84.148772	 84.148566	 84.148376	 84.148202	 84.148042	 84.147896	 84.147762	 84.147639	 84.147527	 84.147424	 84.147331	 84.147247	 84.147171	 84.147102	  84.14704	 84.146984	 84.146935	 84.146892	 84.146854	 84.146822	 84.146795	 84.146772	 84.146754	 84.146741	 84.146732	 84.146728	
        99	 98.720929	 98.441988	 98.163307	 97.885018	 97.607249	 97.330128	 97.053784	 96.778343	 96.503931	 96.230671	 95.958686	 95.688097	 95.419023	 95.151579	  94.88588	 94.622039	 94.360165	 94.100365	 93.842742	 93.587399	 93.334432	 93.083938	 92.836008	 92.590731	 92.348191	  92.10847	 91.871646	 91.637794	 91.406985	 91.179284	 90.954756	 90.733459	  90.51545	 90.300779	 90.089494	  89.88164	 89.677255	 89.476377	 89.279037	 89.085263	 88.895081	  88.70851	 88.525568	 88.346268	  88.17062	 87.998629	 87.830299	 87.665628	 87.504612	 87.347244	 87.193513	 87.043404	 86.896902	 86.753986	 86.614634	  86.47882	 86.346517	 86.217693	 86.092317	 85.970352	 85.851762	 85.736506	 85.624545	 85.515833	 85.410327	 85.307979	 85.208741	 85.112565	 85.019398	  84.92919	 84.841886	 84.757433	 84.675776	 84.596859	 84.520626	 84.447021	 84.375984	  84.30746	 84.241391	 84.177717	 84.116381	 84.057324	 84.000489	 83.945817	 83.893251	 83.842733	 83.794206	 83.747613	 83.702898	 83.660006	 83.618882	  83.57947	 83.541717	 83.505571	 83.470979	  83.43789	 83.406253	 83.376019	 83.347139	 83.319565	  83.29325	 83.268149	 83.244217	  83.22141	 83.199686	 83.179002	 83.159318	 83.140594	 83.122792	 83.105875	 83.089805	 83.074548	  83.06007	 83.046336	 83.033315	 83.020976	 83.009288	 82.998222	 82.987749	 82.977844	 82.968478	 82.959628	 82.951268	 82.943376	 82.935928	 82.928902	 82.922278	 82.916037	 82.910157	 82.904622	 82.899413	 82.894513	 82.889906	 82.885578	 82.881511	 82.877694	 82.874112	 82.870751	 82.867601	 82.864649	 82.861884	 82.859295	 82.856872	 82.854606	 82.852488	 82.850508	 82.848659	 82.846933	 82.845322	 82.843819	 82.842419	 82.841113	 82.839898	 82.838766	 82.837712	 82.836733	 82.835822	 82.834976	  82.83419	  82.83346	 82.832783	 82.832156	 82.831574	 82.831034	 82.830535	 82.830073	 82.829646	 82.829251	 82.828885	 82.828548	 82.828237	  82.82795	 82.827685	 82.827442	 82.827217	 82.827011	 82.826821	 82.826647	 82.826488	 82.826341	 82.826208	 82.826086	 82.825974	 82.825873	 82.825781	 82.825698	 82.825623	 82.825555	 82.825495	 82.825442	 82.825395	 82.825354	 82.825318	 82.825289	 82.825264	 82.825245	  82.82523	 82.825221	 82.825216	
        99	 98.698255	 98.396652	  98.09533	 97.794431	 97.494095	  97.19446	 96.895664	 96.597845	 96.301138	 96.005678	 95.711596	 95.419023	 95.128087	 94.838915	  94.55163	 94.266353	 93.983203	 93.702295	 93.423742	 93.147653	 92.874135	 92.603289	 92.335216	 92.070011	 91.807766	 91.548569	 91.292505	 91.039654	 90.790092	 90.543892	 90.301122	 90.061846	 89.826124	 89.594012	 89.365562	 89.140821	 88.919831	 88.702633	  88.48926	 88.279743	 88.074109	 87.872381	 87.674576	 87.480708	  87.29079	 87.104826	 86.922819	  86.74477	 86.570672	 86.400519	 86.234297	 86.071993	 85.913589	 85.759062	 85.608388	  85.46154	 85.318488	 85.179198	 85.043635	 84.911761	 84.783536	 84.658917	 84.537859	 84.420315	 84.306237	 84.195574	 84.088274	 83.984283	 83.883548	  83.78601	 83.691613	 83.600299	 83.512008	 83.426679	 83.344253	 83.264667	  83.18786	 83.113769	 83.042331	 82.973484	 82.907165	  82.84331	 82.781857	 82.722744	 82.665907	 82.611284	 82.558815	 82.508437	 82.460089	 82.413712	 82.369246	 82.326633	 82.285813	  82.24673	 82.209328	  82.17355	 82.139343	 82.106652	 82.075426	 82.045612	 82.017159	 81.990019	 81.964142	 81.939482	 81.915993	 81.893628	 81.872345	   81.8521	 81.832852	  81.81456	 81.797185	 81.780689	 81.765034	 81.750185	 81.736106	 81.722764	 81.710126	 81.698161	 81.686838	 81.676127	 81.666001	 81.656432	 81.647393	 81.638859	 81.630806	  81.62321	 81.616048	 81.609299	 81.602942	 81.596957	 81.591324	 81.586027	 81.581046	 81.576365	 81.571969	 81.567841	 81.563968	 81.560335	 81.556928	 81.553736	 81.550746	 81.547947	 81.545328	 81.542878	 81.540587	 81.538447	 81.536447	 81.534581	 81.532839	 81.531215	   81.5297	 81.528288	 81.526974	  81.52575	 81.524611	 81.523552	 81.522567	 81.521652	 81.520803	 81.520014	 81.519282	 81.518603	 81.517974	 81.517391	 81.516851	 81.516351	 81.515889	 81.515462	 81.515067	 81.514702	 81.514366	 81.514056	 81.513769	 81.513506	 81.513263	  81.51304	 81.512835	 81.512647	 81.512474	 81.512316	 81.512172	  81.51204	 81.511919	  81.51181	  81.51171	 81.511621	 81.511539	 81.511467	 81.511401	 81.511344	 81.511293	 81.511248	  81.51121	 81.511178	 81.511152	 81.511131	 81.511115	 81.511105	   81.5111	
        99	  98.67572	 98.351591	 98.027766	 97.704394	 97.381627	 97.059614	 96.738503	 96.418441	 96.099575	 95.782048	 95.466003	 95.151579	 94.838915	 94.528146	 94.219405	 93.912823	 93.608525	 93.306638	 93.007281	 92.710573	 92.416627	 92.125553	 91.837459	 91.552448	 91.270617	 90.992062	 90.716874	 90.445139	 90.176938	 89.912351	  89.65145	 89.394304	 89.140977	  88.89153	 88.646018	 88.404492	 88.166998	 87.933578	 87.704269	 87.479105	 87.258114	 87.041319	 86.828741	 86.620395	 86.416292	  86.21644	  86.02084	 85.829493	 85.642393	 85.459532	 85.280896	 85.106471	 84.936236	 84.770168	 84.608241	 84.450426	  84.29669	 84.146997	  84.00131	 83.859587	 83.721786	 83.587859	  83.45776	 83.331437	 83.208839	 83.089911	 82.974598	 82.862841	 82.754582	 82.649759	 82.548313	 82.450179	 82.355294	 82.263593	  82.17501	 82.089481	 82.006937	 81.927312	 81.850539	  81.77655	 81.705278	 81.636654	 81.570612	 81.507084	 81.446002	   81.3873	 81.330912	 81.276771	 81.224813	 81.174972	 81.127186	 81.081389	 81.037521	 80.995519	 80.955324	 80.916874	 80.880112	  80.84498	 80.811421	  80.77938	 80.748803	 80.719636	 80.691827	 80.665325	 80.640081	 80.616046	 80.593173	 80.571417	 80.550731	 80.531073	   80.5124	 80.494672	 80.477848	 80.461889	 80.446759	 80.432421	 80.418839	  80.40598	 80.393812	 80.382301	 80.371419	 80.361135	 80.351421	  80.34225	 80.333595	 80.325431	 80.317735	 80.310482	  80.30365	 80.297218	 80.291165	 80.285471	 80.280119	 80.275088	 80.270364	 80.265928	 80.261765	  80.25786	   80.2542	 80.250769	 80.247556	 80.244548	 80.241733	   80.2391	 80.236638	 80.234338	 80.232189	 80.230184	 80.228312	 80.226566	 80.224938	 80.223421	 80.222008	 80.220693	 80.219469	 80.218331	 80.217273	 80.216289	 80.215376	 80.214528	 80.213742	 80.213012	 80.212336	  80.21171	 80.211129	 80.210592	 80.210096	 80.209637	 80.209212	  80.20882	 80.208459	 80.208125	 80.207818	 80.207534	 80.207274	 80.207034	 80.206814	 80.206612	 80.206426	 80.206256	 80.206101	 80.205959	  80.20583	 80.205712	 80.205605	 80.205508	 80.205421	 80.205343	 80.205273	 80.205211	 80.205156	 80.205108	 80.205067	 80.205033	 80.205004	 80.204982	 80.204965	 80.204954	 80.204948	
        99	 98.653331	 98.306824	 97.960642	 97.614944	 97.269893	 96.925648	 96.582367	 96.240208	 95.899327	 95.559878	 95.222012	  94.88588	  94.55163	 94.219405	 93.889349	 93.561599	 93.236293	 92.913563	 92.593539	 92.276345	 91.962105	 91.650936	 91.342951	 91.038262	 90.736974	 90.439187	    90.145	 89.854503	 89.567786	 89.284932	 89.006018	 88.731118	 88.460301	 88.193632	  87.93117	 87.672969	 87.419078	 87.169542	 86.924402	 86.683692	 86.447443	 86.215681	 85.988426	 85.765696	 85.547502	 85.333851	 85.124747	 84.920189	 84.720172	 84.524686	 84.333717	 84.147249	 83.965261	 83.787727	 83.614621	  83.44591	  83.28156	 83.121532	 82.965787	  82.81428	 82.666964	 82.523791	  82.38471	 82.249666	 82.118603	 81.991465	  81.86819	 81.748717	 81.632983	 81.520924	 81.412474	 81.307564	 81.206128	 81.108096	 81.013398	 80.921963	 80.833721	 80.748599	 80.666525	 80.587428	 80.511235	 80.437873	 80.367271	 80.299357	 80.234058	 80.171303	 80.111022	 80.053144	 79.997598	 79.944317	 79.893231	 79.844272	 79.797375	 79.752474	 79.709503	 79.668399	 79.629099	 79.591541	 79.555665	 79.521412	 79.488724	 79.457543	 79.427814	 79.399483	 79.372496	 79.346802	  79.32235	 79.299091	 79.276977	 79.255962	    79.236	 79.217048	 79.199062	 79.182002	 79.165827	 79.150499	 79.135979	 79.122233	 79.109224	 79.096919	 79.085285	 79.074291	 79.063906	 79.054102	  79.04485	 79.036123	 79.027895	 79.020141	 79.012837	 79.005961	  78.99949	 78.993404	 78.987681	 78.982304	 78.977253	 78.972511	 78.968061	 78.963886	 78.959973	 78.956306	 78.952871	 78.949655	 78.946646	 78.943831	 78.941199	  78.93874	 78.936443	 78.934299	 78.932298	 78.930431	 78.928691	 78.927069	 78.925559	 78.924153	 78.922845	 78.921628	 78.920496	 78.919445	 78.918469	 78.917563	 78.916722	 78.915942	 78.915219	 78.914549	 78.913929	 78.913355	 78.912824	 78.912333	  78.91188	 78.911461	 78.911074	 78.910717	 78.910389	 78.910086	 78.909807	 78.909551	 78.909315	 78.909099	 78.908901	 78.908719	 78.908553	 78.908402	 78.908263	 78.908137	 78.908023	  78.90792	 78.907827	 78.907743	 78.907668	 78.907602	 78.907543	 78.907492	 78.907448	 78.907411	 78.907381	 78.907357	 78.907339	 78.907327	 78.907321	
        99	 98.631099	 98.262371	 97.893987	  97.52612	  97.15894	 96.792618	 96.427322	 96.063221	 95.700479	  95.33926	 94.979727	 94.622039	 94.266353	 93.912823	 93.561599	 93.212831	 92.866663	 92.523236	 92.182688	 91.845153	  91.51076	 91.179635	   90.8519	 90.527671	  90.20706	 89.890177	 89.577123	 89.267997	 88.962893	 88.661898	 88.365097	 88.072568	 87.784384	 87.500613	 87.221319	 86.946559	 86.676386	 86.410848	 86.149986	  85.89384	  85.64244	 85.395815	 85.153986	 84.916972	 84.684785	 84.457432	 84.234919	 84.017242	 83.804398	 83.596375	 83.393159	 83.194733	 83.001074	 82.812155	 82.627947	 82.448417	 82.273527	 82.103236	 81.937503	 81.776279	 81.619516	 81.467162	 81.319161	 81.175457	 81.035989	 80.900697	 80.769516	 80.642382	 80.519226	  80.39998	 80.284575	 80.172937	 80.064996	 79.960677	 79.859906	 79.762607	 79.668706	 79.578125	 79.490788	 79.406618	 79.325539	 79.247473	 79.172343	 79.100073	 79.030587	 78.963807	  78.89966	  78.83807	 78.778962	 78.722264	 78.667901	 78.615804	 78.565899	 78.518118	 78.472391	 78.428651	 78.386831	 78.346865	 78.308688	 78.272238	 78.237454	 78.204273	 78.172638	 78.142489	 78.113772	  78.08643	  78.06041	 78.035659	 78.012127	 77.989765	 77.968523	 77.948355	 77.929216	 77.911061	 77.893849	 77.877538	 77.862087	 77.847459	 77.833616	 77.820522	 77.808142	 77.796443	 77.785392	 77.774959	 77.765114	 77.755827	 77.747071	  77.73882	 77.731048	 77.723731	 77.716845	 77.710368	 77.704279	 77.698557	 77.693182	 77.688135	   77.6834	 77.678958	 77.674794	 77.670891	 77.667236	 77.663814	 77.660612	 77.657616	 77.654816	 77.652199	 77.649755	 77.647473	 77.645343	 77.643357	 77.641505	  77.63978	 77.638173	 77.636676	 77.635284	 77.633989	 77.632785	 77.631667	 77.630628	 77.629663	 77.628769	 77.627939	 77.627169	 77.626457	 77.625797	 77.625186	 77.624621	 77.624099	 77.623616	  77.62317	 77.622759	 77.622379	 77.622029	 77.621707	 77.621411	 77.621138	 77.620887	 77.620657	 77.620446	 77.620253	 77.620076	 77.619915	 77.619768	 77.619634	 77.619512	 77.619402	 77.619303	 77.619214	 77.619134	 77.619064	 77.619002	 77.618947	 77.618901	 77.618861	 77.618829	 77.618803	 77.618784	 77.618772	 77.618765	
        99	 98.609033	 98.218248	 97.827829	 97.437957	 97.048814	  96.66058	 96.273434	 95.887553	 95.503113	 95.120288	 94.739249	 94.360165	 93.983203	 93.608525	 93.236293	 92.866663	 92.499789	 92.135819	 91.774901	 91.417175	  91.06278	 90.711849	 90.364509	 90.020886	 89.681098	 89.345259	  89.01348	 88.685863	 88.362508	 88.043509	 87.728955	 87.418928	 87.113505	 86.812761	  86.51676	 86.225565	 85.939231	 85.657809	 85.381344	 85.109875	 84.843438	  84.58206	 84.325766	 84.074575	 83.828499	 83.587547	 83.351724	 83.121027	  82.89545	 82.674984	 82.459613	 82.249318	 82.044074	 81.843855	 81.648629	 81.458359	 81.273008	 81.092532	 80.916885	 80.746017	 80.579877	 80.418409	 80.261556	 80.109255	 79.961445	  79.81806	 79.679033	 79.544294	 79.413771	 79.287393	 79.165084	 79.046769	 78.932371	 78.821812	 78.715013	 78.611894	 78.512376	 78.416377	 78.323816	 78.234611	 78.148682	 78.065946	 77.986323	  77.90973	 77.836087	 77.765313	 77.697329	 77.632054	 77.569411	 77.509321	 77.451707	 77.396493	 77.343603	 77.292964	 77.244502	 77.198146	 77.153824	 77.111467	 77.071007	 77.032377	 76.995511	 76.960346	 76.926818	 76.894867	 76.864431	 76.835454	 76.807877	 76.781646	 76.756707	 76.733006	 76.710494	  76.68912	 76.668836	 76.649595	 76.631354	 76.614067	 76.597692	 76.582189	 76.567518	  76.55364	  76.54052	 76.528121	 76.516409	 76.505352	 76.494918	 76.485075	 76.475796	 76.467051	 76.458814	 76.451059	 76.443762	 76.436898	 76.430444	 76.424379	 76.418683	 76.413335	 76.408316	 76.403609	 76.399195	 76.395059	 76.391185	 76.387559	 76.384165	  76.38099	 76.378022	 76.375249	 76.372658	  76.37024	 76.367983	 76.365878	 76.363916	 76.362087	 76.360384	 76.358798	 76.357322	  76.35595	 76.354674	 76.353489	 76.352387	 76.351365	 76.350417	 76.349537	 76.348722	 76.347967	 76.347267	  76.34662	 76.346021	 76.345468	 76.344956	 76.344484	 76.344048	 76.343645	 76.343275	 76.342933	 76.342619	  76.34233	 76.342064	  76.34182	 76.341597	 76.341392	 76.341205	 76.341034	 76.340878	 76.340736	 76.340607	  76.34049	 76.340385	 76.340291	 76.340207	 76.340132	 76.340066	 76.340008	 76.339959	 76.339917	 76.339883	 76.339856	 76.339835	 76.339822	 76.339815	
