Time step 22:
        99	        99	        99	        99	        99	        99	        99	        99	        99	        99	        99	        99	        99	        99	        99	        99	        99	        99	        99	        99	        99	        99	        99	        99	        99	        99	        99	        99	        99	        99	        99	        99	        99	        99	        99	        99	        99	        99	        99	        99	        99	        99	        99	        99	        99	        99	        99	        99	        99	        99	        99	        99	        99	        99	        99	        99	        99	        99	        99	        99	        99	        99	        99	        99	        99	        99	        99	        99	        99	        99	        99	        99	        99	        99	        99	        99	        99	        99	        99	        99	        99	        99	        99	        99	        99	        99	        99	        99	        99	        99	        99	        99	        99	        99	        99	        99	        99	        99	        99	        99	        99	        99	        99	        99	        99	        99	        99	        99	        99	        99	        99	        99	        99	        99	        99	        99	        99	        99	        99	        99	        99	        99	        99	        99	        99	        99	        99	        99	        99	        99	        99	        99	        99	        99	        99	        99	        99	        99	        99	        99	        99	        99	        99	        99	        99	        99	        99	        99	        99	        99	        99	        99	        99	        99	        99	        99	        99	        99	        99	        99	        99	        99	        99	        99	        99	        99	        99	        99	        99	        99	        99	        99	        99	        99	        99	        99	        99	        99	        99	        99	        99	        99	        99	        99	        99	        99	        99	        99	        99	        99	        99	        99	        99	        99	        99	        99	        99	        99	        99	        99	
        99	 98.971141	 98.942298	 98.913489	 98.884729	 98.856035	 98.827424	  98.79891	 98.770511	 98.742243	 98.714119	 98.686157	 98.658371	 98.630775	 98.603385	 98.576214	 98.549276	 98.522584	 98.496151	  98.46999	 98.444112	  98.41853	 98.393255	 98.368296	 98.343665	 98.319371	 98.295423	  98.27183	   98.2486	  98.22574	 98.203257	 98.181158	 98.159449	 98.138135	  98.11722	  98.09671	 98.076608	 98.056917	  98.03764	 98.018778	 98.000334	 97.982309	 97.964703	 97.947516	 97.930748	 97.914398	 97.898465	 97.882948	 97.867843	 97.853148	 97.838862	 97.824979	 97.811496	 97.798411	 97.785717	  97.77341	 97.761486	 97.749939	 97.738764	 97.727954	 97.717504	 97.707408	 97.697659	 97.688252	 97.679178	 97.670431	 97.662004	 97.653891	 97.646084	 97.638575	 97.631358	 97.624426	  97.61777	 97.611383	 97.605258	 97.599388	 97.593765	 97.588382	 97.583232	 97.578307	 97.573601	 97.569106	 97.564814	  97.56072	 97.556817	 97.553097	 97.549554	 97.546182	 97.542974	 97.539923	 97.537025	 97.534273	  97.53166	 97.529182	 97.526833	 97.524607	 97.522499	 97.520504	 97.518617	 97.516833	 97.515148	 97.513556	 97.512055	 97.510638	 97.509303	 97.508045	 97.506861	 97.505746	 97.504698	 97.503713	 97.502788	 97.501919	 97.501104	 97.500339	 97.499622	 97.498951	 97.498323	 97.497735	 97.497185	 97.496671	 97.496192	 97.495744	 97.495326	 97.494936	 97.494573	 97.494235	  97.49392	 97.493627	 97.493355	 97.493102	 97.492867	 97.492649	 97.492446	 97.492259	 97.492085	 97.491924	 97.491775	 97.491637	  97.49151	 97.491392	 97.491284	 97.491183	 97.491091	 97.491006	 97.490927	 97.490855	 97.490788	 97.490727	 97.490671	 97.490619	 97.490571	 97.490528	 97.490488	 97.490451	 97.490418	 97.490387	 97.490359	 97.490333	  97.49031	 97.490289	 97.490269	 97.490251	 97.490235	  97.49022	 97.490206	 97.490194	 97.490183	 97.490173	 97.490164	 97.490155	 97.490148	 97.490141	 97.490134	 97.490129	 97.490124	 97.490119	 97.490115	 97.490111	 97.490108	 97.490104	 97.490102	 97.490099	 97.490097	 97.490095	 97.490093	 97.490092	  97.49009	 97.490089	 97.490088	 97.490087	 97.490086	 97.490085	 97.490084	 97.490084	 97.490083	 97.490083	 97.490083	 97.490082	 97.490082	 97.490082	
        99	 98.942298	  98.88463	 98.827028	 98.769525	 98.712153	 98.654946	 98.597936	 98.541155	 98.484633	 98.428403	 98.372494	 98.316938	 98.261763	 98.206998	 98.152671	  98.09881	 98.045441	 97.992591	 97.940284	 97.888544	 97.837394	 97.786858	 97.736955	 97.687708	 97.639133	 97.591251	 97.544078	 97.497631	 97.451924	 97.406971	 97.362786	  97.31938	 97.276764	 97.234947	 97.193939	 97.153746	 97.114375	 97.075832	  97.03812	 97.001242	 96.965202	     96.93	 96.895636	  96.86211	 96.829419	 96.797563	 96.766536	 96.736335	 96.706955	 96.678389	 96.650632	 96.623675	 96.597511	  96.57213	 96.547524	 96.523683	 96.500595	 96.478251	 96.456638	 96.435744	 96.415558	 96.396066	 96.377256	 96.359113	 96.341625	 96.324777	 96.308555	 96.292945	 96.277932	 96.263502	 96.249641	 96.236332	 96.223563	 96.211317	  96.19958	 96.188338	 96.177575	 96.167278	 96.157431	  96.14802	 96.139032	 96.130452	 96.122267	 96.114462	 96.107024	  96.09994	 96.093198	 96.086783	 96.080685	  96.07489	 96.069387	 96.064163	 96.059208	 96.054511	  96.05006	 96.045846	 96.041857	 96.038084	 96.034517	 96.031148	 96.027966	 96.024963	 96.022131	 96.019461	 96.016946	 96.014578	  96.01235	 96.010254	 96.008285	 96.006434	 96.004697	 96.003067	 96.001539	 96.000106	 95.998764	 95.997507	 95.996332	 95.995233	 95.994206	 95.993246	  95.99235	 95.991515	 95.990736	  95.99001	 95.989333	 95.988704	 95.988118	 95.987574	 95.987068	 95.986598	 95.986162	 95.985758	 95.985383	 95.985035	 95.984713	 95.984416	  95.98414	 95.983885	  95.98365	 95.983433	 95.983232	 95.983047	 95.982877	  95.98272	 95.982575	 95.982442	  95.98232	 95.982207	 95.982104	 95.982009	 95.981922	 95.981842	 95.981769	 95.981702	 95.981641	 95.981584	 95.981533	 95.981486	 95.981443	 95.981404	 95.981368	 95.981336	 95.981306	 95.981279	 95.981255	 95.981232	 95.981212	 95.981193	 95.981177	 95.981161	 95.981148	 95.981135	 95.981124	 95.981114	 95.981104	 95.981096	 95.981088	 95.981081	 95.981075	  95.98107	 95.981065	  95.98106	 95.981056	 95.981053	 95.981049	 95.981047	 95.981044	 95.981042	  95.98104	 95.981038	 95.981036	 95.981035	 95.981034	 95.981033	 95.981032	 95.981032	 95.981031	 95.981031	 95.981031	
        99	 98.913489	 98.827028	 98.740666	 98.654452	 98.568436	 98.482667	 98.397192	 98.312061	 98.227319	 98.143014	 98.059191	 97.975896	 97.893173	 97.811065	 97.729614	 97.648861	 97.568846	 97.489608	 97.411185	 97.333612	 97.256925	 97.181157	 97.106339	 97.032502	 96.959676	 96.887887	 96.817161	 96.747523	 96.678995	 96.611599	 96.545353	 96.480275	 96.416381	 96.353686	 96.292203	 96.231943	 96.172915	 96.115127	 96.058586	 96.003296	 95.949262	 95.896484	 95.844962	 95.794697	 95.745686	 95.697923	 95.651406	 95.606126	 95.562076	 95.519249	 95.477632	 95.437216	 95.397988	 95.359936	 95.323045	 95.287299	 95.252685	 95.219184	  95.18678	 95.155455	  95.12519	 95.095966	 95.067764	 95.040563	 95.014343	 94.989083	 94.964762	 94.941358	  94.91885	 94.897215	 94.876433	  94.85648	 94.837334	 94.818974	 94.801378	 94.784522	 94.768386	 94.752947	 94.738184	 94.724075	   94.7106	 94.697736	 94.685463	 94.673761	  94.66261	  94.65199	 94.641881	 94.632264	  94.62312	 94.614432	 94.606181	  94.59835	 94.590921	 94.583878	 94.577206	 94.570887	 94.564906	 94.559249	 94.553902	  94.54885	 94.544079	 94.539577	 94.535331	 94.531329	 94.527558	 94.524008	 94.520667	 94.517525	 94.514572	 94.511798	 94.509193	 94.506749	 94.504458	  94.50231	 94.500298	 94.498414	 94.496652	 94.495004	 94.493464	 94.492025	 94.490682	 94.489429	 94.488261	 94.487173	 94.486159	 94.485215	 94.484337	 94.483521	 94.482762	 94.482058	 94.481404	 94.480798	 94.480235	 94.479714	 94.479232	 94.478785	 94.478372	 94.477991	 94.477638	 94.477312	 94.477011	 94.476734	 94.476479	 94.476243	 94.476026	 94.475827	 94.475643	 94.475475	  94.47532	 94.475177	 94.475047	 94.474927	 94.474818	 94.474717	 94.474625	 94.474541	 94.474464	 94.474393	 94.474329	 94.474271	 94.474217	 94.474168	 94.474124	 94.474083	 94.474046	 94.474013	 94.473982	 94.473955	 94.473929	 94.473907	 94.473886	 94.473867	  94.47385	 94.473835	 94.473821	 94.473808	 94.473797	 94.473787	 94.473777	 94.473769	 94.473762	 94.473755	 94.473749	 94.473744	 94.473739	 94.473734	 94.473731	 94.473727	 94.473724	 94.473722	 94.473719	 94.473717	 94.473716	 94.473714	 94.473713	 94.473712	 94.473711	 94.473711	 94.473711	
        99	 98.884729	 98.769525	 98.654452	 98.539578	 98.424967	 98.310684	 98.196794	 98.083361	 97.970448	 97.858116	 97.746428	 97.635442	 97.525218	 97.415813	 97.307285	 97.199686	 97.093071	 96.987491	 96.882997	 96.779636	 96.677454	 96.576497	 96.476807	 96.378424	 96.281387	 96.185732	 96.091495	 95.998706	 95.907397	 95.817595	 95.729326	 95.642613	 95.557479	 95.473942	 95.392019	 95.311726	 95.233074	 95.156075	 95.080738	 95.007067	 94.935069	 94.864746	 94.796097	 94.729121	 94.663816	 94.600176	 94.538194	 94.477861	 94.419168	 94.362102	 94.306651	 94.252799	  94.20053	 94.149827	 94.100672	 94.053043	 94.006921	 93.962284	 93.919107	 93.877369	 93.837042	 93.798103	 93.760525	 93.724282	 93.689345	 93.655688	 93.623281	 93.592097	 93.562106	 93.533279	 93.505588	 93.479001	 93.453491	 93.429028	 93.405581	 93.383122	 93.361622	  93.34105	 93.321379	  93.30258	 93.284625	 93.267484	 93.251132	  93.23554	 93.220681	  93.20653	  93.19306	 93.180246	 93.168063	 93.156487	 93.145493	 93.135058	  93.12516	 93.115776	 93.106885	 93.098465	 93.090497	 93.082959	 93.075834	 93.069103	 93.062746	 93.056748	  93.05109	 93.045757	 93.040733	 93.036002	 93.031551	 93.027364	 93.023429	 93.019733	 93.016262	 93.013006	 93.009952	  93.00709	 93.004409	   93.0019	 92.999551	 92.997356	 92.995303	 92.993387	 92.991597	 92.989928	 92.988372	 92.986921	  92.98557	 92.984313	 92.983143	 92.982055	 92.981045	 92.980106	 92.979235	 92.978427	 92.977678	 92.976983	 92.976341	 92.975746	 92.975195	 92.974687	 92.974217	 92.973783	 92.973382	 92.973013	 92.972672	 92.972358	 92.972069	 92.971804	 92.971559	 92.971334	 92.971128	 92.970938	 92.970764	 92.970605	 92.970459	 92.970325	 92.970202	  92.97009	 92.969987	 92.969894	 92.969808	  92.96973	 92.969659	 92.969594	 92.969534	  92.96948	 92.969431	 92.969387	 92.969346	 92.969309	 92.969275	 92.969245	 92.969217	 92.969192	  92.96917	 92.969149	 92.969131	 92.969114	 92.969099	 92.969085	 92.969073	 92.969062	 92.969052	 92.969043	 92.969035	 92.969028	 92.969021	 92.969015	  92.96901	 92.969006	 92.969002	 92.968998	 92.968995	 92.968993	  92.96899	 92.968989	 92.968987	 92.968986	 92.968985	 92.968984	 92.968984	
        99	 98.856035	 98.712153	 98.568436	 98.424967	 98.281826	 98.139095	 97.996855	 97.855186	 97.714166	 97.573872	 97.434381	 97.295768	 97.158107	 97.021468	 96.885924	 96.751541	 96.618387	 96.486526	  96.35602	  96.22693	 96.099313	 95.973225	 95.848719	 95.725846	 95.604654	 95.485188	 95.367492	 95.251606	 95.137568	 95.025412	  94.91517	 94.806873	 94.700546	 94.596215	 94.493899	 94.393619	 94.295389	 94.199223	 94.105132	 94.013123	 93.923203	 93.835374	 93.749636	 93.665989	 93.584428	 93.504946	 93.427535	 93.352184	  93.27888	 93.207609	 93.138354	 93.071097	 93.005818	 92.942494	 92.881102	 92.821618	 92.764015	 92.708266	 92.654342	 92.602213	 92.551848	 92.503217	 92.456285	 92.411019	 92.367386	  92.32535	 92.284876	  92.24593	 92.208473	 92.172471	 92.137886	 92.104682	 92.072822	 92.042269	 92.012986	 91.984936	 91.958083	 91.932391	 91.907824	 91.884345	  91.86192	 91.840513	  91.82009	 91.800616	 91.782059	 91.764386	 91.747563	 91.731559	 91.716343	 91.701885	 91.688155	 91.675122	  91.66276	  91.65104	 91.639936	  91.62942	 91.619468	 91.610055	 91.601156	 91.592749	  91.58481	 91.577318	 91.570252	 91.563592	 91.557317	 91.551409	 91.545849	 91.540621	 91.535706	  91.53109	 91.526755	 91.522688	 91.518874	   91.5153	 91.511952	 91.508817	 91.505884	 91.503142	 91.500579	 91.498185	  91.49595	 91.493866	 91.491922	  91.49011	 91.488423	 91.486853	 91.485392	 91.484033	 91.482771	 91.481599	 91.480511	 91.479501	 91.478566	 91.477699	 91.476896	 91.476153	 91.475466	  91.47483	 91.474243	 91.473701	 91.473201	 91.472739	 91.472314	 91.471922	 91.471561	 91.471229	 91.470924	 91.470643	 91.470386	 91.470149	 91.469932	 91.469732	  91.46955	 91.469383	 91.469229	 91.469089	 91.468961	 91.468844	 91.468737	  91.46864	 91.468551	 91.468469	 91.468395	 91.468328	 91.468267	 91.468211	  91.46816	 91.468114	 91.468072	 91.468034	    91.468	 91.467968	  91.46794	 91.467914	 91.467891	  91.46787	 91.467851	 91.467834	 91.467819	 91.467805	 91.467793	 91.467782	 91.467772	 91.467763	 91.467754	 91.467747	 91.467741	 91.467735	  91.46773	 91.467726	 91.467722	 91.467719	 91.467716	 91.467714	 91.467712	  91.46771	 91.467709	 91.467708	 91.467708	
        99	 98.827424	 98.654946	 98.482667	 98.310684	 98.139095	 97.967998	  97.79749	 97.627665	 97.458618	 97.290442	 97.123229	 96.957068	 96.792047	 96.628253	 96.465771	 96.304681	 96.145064	 95.986996	 95.830554	 95.675808	 95.522828	 95.371681	 95.222431	 95.075138	  94.92986	 94.786652	 94.645565	 94.506648	 94.369945	 94.235499	 94.103348	 93.973527	 93.846069	 93.721003	 93.598353	 93.478143	 93.360391	 93.245113	 93.132322	 93.022027	 92.914236	 92.808952	 92.706175	 92.605904	 92.508133	 92.412854	 92.320058	 92.229732	  92.14186	 92.056425	 91.973406	 91.892782	 91.814529	  91.73862	 91.665027	 91.593721	  91.52467	 91.457842	 91.393201	 91.330712	 91.270338	 91.212041	 91.155781	  91.10152	 91.049215	 90.998825	 90.950308	  90.90362	  90.85872	 90.815562	 90.774104	 90.734301	 90.696109	 90.659483	 90.624381	 90.590757	 90.558567	 90.527769	 90.498319	 90.470174	 90.443292	 90.417631	 90.393149	 90.369805	  90.34756	 90.326374	 90.306208	 90.287024	 90.268784	 90.251452	 90.234993	  90.21937	 90.204551	 90.190502	 90.177191	 90.164585	 90.152655	 90.141371	 90.130704	 90.120626	 90.111109	 90.102129	 90.093658	 90.085674	 90.078152	  90.07107	 90.064405	 90.058138	 90.052247	 90.046712	 90.041517	 90.036642	  90.03207	 90.027785	 90.023771	 90.020014	 90.016498	 90.013211	 90.010138	 90.007269	  90.00459	 90.002091	  89.99976	 89.997589	 89.995566	 89.993684	 89.991932	 89.990304	 89.988791	 89.987386	 89.986082	 89.984872	  89.98375	 89.982711	 89.981748	 89.980858	 89.980034	 89.979272	 89.978568	 89.977919	 89.977319	 89.976766	 89.976256	 89.975786	 89.975354	 89.974956	  89.97459	 89.974253	 89.973944	  89.97366	   89.9734	 89.973161	 89.972942	 89.972742	 89.972558	  89.97239	 89.972237	 89.972096	 89.971968	 89.971851	 89.971744	 89.971647	 89.971558	 89.971477	 89.971404	 89.971337	 89.971276	 89.971221	 89.971171	 89.971125	 89.971084	 89.971046	 89.971013	 89.970982	 89.970954	 89.970929	 89.970906	 89.970886	 89.970867	 89.970851	 89.970836	 89.970823	 89.970811	   89.9708	  89.97079	 89.970782	 89.970774	 89.970767	 89.970761	 89.970756	 89.970751	 89.970747	 89.970744	 89.970741	 89.970739	 89.970737	 89.970736	 89.970735	 89.970735	
        99	  98.79891	 98.597936	 98.397192	 98.196794	 97.996855	  97.79749	 97.598809	 97.400926	 97.203949	 97.007987	 96.813146	 96.619532	 96.427246	  96.23639	 96.047062	 95.859357	 95.673367	 95.489184	 95.306893	  95.12658	 94.948325	 94.772206	 94.598296	 94.426667	 94.257386	 94.090517	  93.92612	  93.76425	 93.604961	 93.448302	 93.294317	 93.143047	  92.99453	   92.8488	 92.705886	 92.565814	 92.428607	 92.294283	 92.162856	 92.034339	 91.908738	 91.786059	 91.666301	 91.549463	 91.435538	 91.324517	  91.21639	  91.11114	 91.008749	 90.909198	 90.812463	 90.718519	 90.627336	 90.538885	 90.453134	 90.370046	 90.289587	 90.211716	 90.136395	 90.063582	 89.993233	 89.925304	 89.859749	 89.796522	 89.735576	  89.67686	 89.620327	 89.565926	 89.513607	 89.463319	 89.415011	 89.368631	 89.324129	 89.281452	  89.24055	  89.20137	 89.163863	 89.127976	  89.09366	 89.060865	 89.029542	  88.99964	 88.971113	 88.943913	 88.917993	 88.893306	 88.869808	 88.847454	 88.826201	 88.806006	 88.786827	 88.768623	 88.751356	 88.734986	 88.719475	 88.704787	 88.690886	 88.677737	 88.665307	 88.653564	 88.642475	 88.632011	 88.622141	 88.612837	 88.604073	  88.59582	 88.588055	 88.580752	 88.573887	 88.567439	 88.561384	 88.555704	 88.550377	 88.545384	 88.540707	 88.536328	 88.532232	 88.528401	 88.524821	 88.521478	 88.518356	 88.515444	 88.512729	 88.510199	 88.507842	 88.505648	 88.503608	  88.50171	 88.499947	  88.49831	  88.49679	  88.49538	 88.494073	 88.492862	 88.491741	 88.490703	 88.489743	 88.488856	 88.488036	 88.487278	  88.48658	 88.485935	 88.485341	 88.484794	  88.48429	 88.483826	 88.483399	 88.483007	 88.482647	 88.482317	 88.482013	 88.481735	  88.48148	 88.481246	 88.481032	 88.480837	 88.480658	 88.480494	 88.480345	 88.480209	 88.480084	 88.479971	 88.479867	 88.479773	 88.479687	  88.47961	 88.479539	 88.479474	 88.479416	 88.479363	 88.479315	 88.479271	 88.479231	 88.479196	 88.479163	 88.479134	 88.479108	 88.479084	 88.479062	 88.479043	 88.479026	  88.47901	 88.478996	 88.478983	 88.478972	 88.478962	 88.478953	 88.478945	 88.478938	 88.478932	 88.478927	 88.478922	 88.478919	 88.478915	 88.478913	 88.478911	 88.478909	 88.478908	 88.478907	
        99	 98.770511	 98.541155	 98.312061	 98.083361	 97.855186	 97.627665	 97.400926	 97.175096	 96.950301	 96.726664	 96.504307	 96.283349	 96.063908	 95.846099	 95.630032	 95.415818	 95.203562	 94.993367	 94.785333	 94.579555	 94.376126	 94.175134	 93.976664	 93.780796	 93.587609	 93.397174	 93.209559	 93.024829	 92.843045	 92.664261	 92.488529	 92.315897	 92.146406	 91.980095	 91.816998	 91.657144	  91.50056	 91.347265	 91.197278	 91.050611	 90.907272	 90.767267	 90.630597	 90.497258	 90.367244	 90.240544	 90.117146	 89.997032	 89.880182	 89.766572	 89.656175	 89.548963	 89.444904	 89.343961	 89.246099	 89.151278	 89.059455	 88.970588	 88.884629	 88.801533	 88.721249	 88.643727	 88.568914	 88.496758	 88.427204	 88.360196	 88.295679	 88.233595	 88.173887	 88.116498	 88.061367	 88.008438	 87.957651	 87.908947	 87.862268	 87.817555	 87.774751	 87.733796	 87.694634	 87.657207	  87.62146	 87.587336	  87.55478	 87.523739	 87.494158	 87.465985	 87.439168	 87.413657	 87.389402	 87.366355	 87.344467	 87.323693	 87.303987	 87.285305	 87.267604	 87.250841	 87.234977	 87.219972	 87.205787	 87.192385	  87.17973	 87.167787	 87.156524	 87.145906	 87.135904	 87.126486	 87.117624	 87.109289	 87.101455	 87.094096	 87.087187	 87.080704	 87.074625	 87.068927	 87.063589	 87.058593	 87.053918	 87.049546	 87.045461	 87.041645	 87.038082	 87.034759	  87.03166	 87.028773	 87.026083	  87.02358	 87.021251	 87.019085	 87.017073	 87.015205	  87.01347	 87.011862	  87.01037	 87.008988	 87.007708	 87.006524	 87.005428	 87.004415	  87.00348	 87.002615	 87.001818	 87.001082	 87.000405	  86.99978	 86.999205	 86.998676	 86.998189	 86.997741	  86.99733	 86.996953	 86.996607	 86.996289	 86.995998	 86.995732	 86.995487	 86.995264	  86.99506	 86.994873	 86.994703	 86.994547	 86.994405	 86.994276	 86.994158	  86.99405	 86.993952	 86.993864	 86.993783	 86.993709	 86.993642	 86.993582	 86.993527	 86.993477	 86.993432	 86.993391	 86.993354	 86.993321	 86.993291	 86.993264	 86.993239	 86.993217	 86.993197	 86.993179	 86.993163	 86.993149	 86.993136	 86.993125	 86.993115	 86.993106	 86.993098	 86.993091	 86.993085	 86.993079	 86.993075	 86.993071	 86.993068	 86.993066	 86.993064	 86.993063	 86.993062	
        99	 98.742243	 98.484633	 98.227319	 97.970448	 97.714166	 97.458618	 97.203949	 96.950301	 96.697815	  96.44663	 96.196882	 95.948707	 95.702235	 95.457595	 95.214913	 94.974312	  94.73591	 94.499823	 94.266162	 94.035036	 93.806548	 93.580797	 93.357879	 93.137885	   92.9209	 92.707006	 92.496281	 92.288796	 92.084619	 91.883812	 91.686434	 91.492536	 91.302167	 91.115369	 90.932181	 90.752637	 90.576764	 90.404587	 90.236124	  90.07139	 89.910394	 89.753143	 89.599637	 89.449873	 89.303844	 89.161538	 89.022939	 88.888029	 88.756785	  88.62918	 88.505185	 88.384766	 88.267888	 88.154512	 88.044595	 87.938093	  87.83496	 87.735145	 87.638598	 87.545266	 87.455092	 87.368021	 87.283993	 87.202948	 87.124826	 87.049564	   86.9771	 86.907369	 86.840306	 86.775846	 86.713925	 86.654476	 86.597433	 86.542729	 86.490301	  86.44008	 86.392003	 86.346003	 86.302017	  86.25998	 86.219829	 86.181502	 86.144936	  86.11007	 86.076846	 86.045202	 86.015082	 85.986429	 85.959186	   85.9333	 85.908716	 85.885383	  85.86325	 85.842266	 85.822384	 85.803557	 85.785739	 85.768885	 85.752952	   85.7379	 85.723686	 85.710272	 85.697621	 85.685696	 85.674462	 85.663884	  85.65393	 85.644568	  85.63577	 85.627504	 85.619744	 85.612462	 85.605634	 85.599234	 85.593239	 85.587627	 85.582376	 85.577466	 85.572877	 85.568591	  85.56459	 85.560857	 85.557377	 85.554133	 85.551113	 85.548301	 85.545685	 85.543253	 85.540993	 85.538894	 85.536946	 85.535139	 85.533464	 85.531912	 85.530474	 85.529144	 85.527913	 85.526776	 85.525725	 85.524754	 85.523859	 85.523032	 85.522271	 85.521569	 85.520923	 85.520329	 85.519782	  85.51928	 85.518818	 85.518394	 85.518005	 85.517649	 85.517322	 85.517022	 85.516748	 85.516497	 85.516268	 85.516058	 85.515867	 85.515692	 85.515533	 85.515387	 85.515255	 85.515134	 85.515024	 85.514924	 85.514833	 85.514751	 85.514676	 85.514608	 85.514546	  85.51449	  85.51444	 85.514394	 85.514352	 85.514315	 85.514281	  85.51425	 85.514223	 85.514198	 85.514176	 85.514156	 85.514138	 85.514122	 85.514107	 85.514094	 85.514083	 85.514073	 85.514064	 85.514056	 85.514049	 85.514044	 85.514039	 85.514034	 85.514031	 85.514028	 85.514026	 85.514025	 85.514024	
        99	 98.714119	 98.428403	 98.143014	 97.858116	 97.573872	 97.290442	 97.007987	 96.726664	  96.44663	 96.168039	 95.891042	 95.615789	 95.342425	 95.071093	 94.801933	  94.53508	 94.270667	 94.008821	 93.749666	 93.493323	 93.239905	 92.989523	 92.742283	 92.498286	 92.257626	 92.020395	 91.786678	 91.556555	 91.330101	 91.107385	 90.888471	 90.673417	 90.462277	 90.255099	 90.051924	  89.85279	 89.657728	 89.466765	 89.279921	 89.097214	 88.918653	 88.744244	  88.57399	 88.407886	 88.245923	  88.08809	  87.93437	  87.78474	 87.639176	 87.497649	 87.360125	 87.226568	 87.096937	 86.971191	 86.849281	 86.731159	 86.616773	 86.506068	 86.398987	 86.295472	 86.195459	 86.098888	 86.005692	 85.915805	 85.829159	 85.745686	 85.665315	 85.587975	 85.513595	 85.442103	 85.373426	  85.30749	 85.244223	 85.183551	 85.125402	 85.069702	 85.016379	 84.965361	 84.916575	 84.869952	  84.82542	 84.782911	 84.742355	 84.703686	 84.666836	  84.63174	 84.598334	 84.566554	 84.536339	 84.507629	 84.480363	 84.454484	 84.429935	 84.406662	 84.384611	  84.36373	 84.343967	 84.325275	 84.307604	 84.290909	 84.275144	 84.260267	 84.246236	 84.233009	 84.220549	 84.208817	 84.197777	 84.187394	 84.177636	 84.168468	 84.159861	 84.151785	 84.144212	 84.137113	 84.130465	  84.12424	 84.118416	  84.11297	 84.107881	 84.103127	  84.09869	  84.09455	  84.09069	 84.087092	 84.083742	 84.080623	 84.077722	 84.075025	 84.072518	 84.070191	  84.06803	 84.066026	 84.064168	 84.062446	 84.060852	 84.059376	 84.058012	  84.05675	 84.055584	 84.054508	 84.053514	 84.052598	 84.051753	 84.050975	 84.050259	   84.0496	 84.048993	 84.048436	 84.047924	 84.047454	 84.047022	 84.046627	 84.046264	 84.045932	 84.045628	  84.04535	 84.045095	 84.044863	 84.044651	 84.044457	  84.04428	 84.044119	 84.043972	 84.043838	 84.043716	 84.043605	 84.043504	 84.043413	  84.04333	 84.043254	 84.043186	 84.043124	 84.043068	 84.043017	 84.042971	 84.042929	 84.042892	 84.042858	 84.042827	   84.0428	 84.042775	 84.042753	 84.042733	 84.042715	 84.042699	 84.042685	 84.042672	 84.042661	 84.042651	 84.042642	 84.042635	 84.042628	 84.042623	 84.042618	 84.042614	 84.042611	 84.042609	 84.042608	 84.042607	
        99	 98.686157	 98.372494	 98.059191	 97.746428	 97.434381	 97.123229	 96.813146	 96.504307	 96.196882	 95.891042	 95.586952	 95.284776	 94.984674	 94.686803	 94.391316	 94.098362	 93.808086	 93.520629	 93.236126	  92.95471	 92.676505	 92.401633	  92.13021	 91.862347	 91.598149	 91.337714	 91.081137	 90.828506	 90.579902	 90.335401	 90.095075	 89.858987	 89.627195	 89.399752	 89.176705	 88.958093	 88.743952	 88.534311	 88.329192	 88.128613	 87.932587	  87.74112	 87.554212	 87.371861	 87.194057	 87.020787	 86.852031	 86.687766	 86.527964	 86.372594	 86.221618	 86.074998	 85.932688	 85.794642	 85.660808	 85.531133	 85.405559	 85.284026	 85.166471	  85.05283	 84.943036	 84.837019	 84.734707	 84.636028	 84.540907	 84.449269	 84.361037	 84.276133	 84.194478	 84.115993	 84.040598	 83.968213	 83.898758	 83.832152	 83.768315	 83.707167	 83.648629	  83.59262	 83.539063	 83.487879	 83.438992	 83.392325	 83.347803	 83.305351	 83.264897	 83.226368	 83.189694	 83.154806	 83.121636	 83.090117	 83.060184	 83.031774	 83.004825	 82.979275	 82.955067	 82.932143	 82.910448	 82.889927	 82.870528	 82.852199	 82.834893	 82.818561	 82.803157	 82.788637	 82.774958	 82.762078	 82.749959	  82.73856	 82.727847	 82.717783	 82.708334	 82.699468	 82.691154	 82.683361	 82.676062	 82.669229	 82.662835	 82.656857	  82.65127	 82.646051	  82.64118	 82.636635	 82.632397	 82.628448	  82.62477	 82.621346	 82.618161	   82.6152	 82.612448	 82.609893	 82.607521	 82.605321	 82.603281	 82.601391	 82.599641	 82.598021	 82.596522	 82.595137	 82.593858	 82.592676	 82.591585	 82.590579	 82.589652	 82.588798	 82.588011	 82.587288	 82.586622	  82.58601	 82.585448	 82.584932	 82.584458	 82.584024	 82.583626	 82.583262	 82.582928	 82.582622	 82.582343	 82.582088	 82.581855	 82.581642	 82.581448	 82.581271	 82.581109	 82.580962	 82.580829	 82.580707	 82.580596	 82.580496	 82.580405	 82.580322	 82.580247	 82.580179	 82.580117	 82.580061	 82.580011	 82.579965	 82.579924	 82.579887	 82.579853	 82.579823	 82.579796	 82.579771	 82.579749	  82.57973	 82.579712	 82.579697	 82.579683	  82.57967	  82.57966	  82.57965	 82.579642	 82.579635	 82.579629	 82.579623	 82.579619	 82.579616	 82.579614	 82.579612	 82.579611	
        99	 98.658371	 98.316938	 97.975896	 97.635442	 97.295768	 96.957068	 96.619532	 96.283349	 95.948707	 95.615789	 95.284776	 94.955846	 94.629175	 94.304932	 93.983284	 93.664393	 93.348417	  93.03551	 92.725819	 92.419487	 92.116651	 91.817443	  91.52199	 91.230411	 90.942822	 90.659329	 90.380036	 90.105038	 89.834424	 89.568276	 89.306673	 89.049682	 88.797369	 88.549789	 88.306994	 88.069028	 87.835928	 87.607725	 87.384446	 87.166109	 86.952728	 86.744309	 86.540854	 86.342358	 86.148812	 85.960201	 85.776504	 85.597695	 85.423746	 85.254619	 85.090277	 84.930676	 84.775767	 84.625499	 84.479816	 84.338659	 84.201967	 84.069674	 83.941712	  83.81801	 83.698495	 83.583091	 83.471721	 83.364306	 83.260764	 83.161013	 83.064969	 82.972548	 82.883663	  82.79823	  82.71616	 82.637366	 82.561762	 82.489259	  82.41977	 82.353208	 82.289487	 82.228519	 82.170221	 82.114505	  82.06129	 82.010491	 81.962027	 81.915817	 81.871781	 81.829841	  81.78992	 81.751944	 81.715837	 81.681527	 81.648944	 81.618019	 81.588683	 81.560872	 81.534521	 81.509567	 81.485951	 81.463613	 81.442496	 81.422545	 81.403707	 81.385929	 81.369161	 81.353355	 81.338465	 81.324445	 81.311253	 81.298845	 81.287183	 81.276228	 81.265943	 81.256292	 81.247241	 81.238759	 81.230814	 81.223375	 81.216416	 81.209908	 81.203826	 81.198145	 81.192843	 81.187895	 81.183282	 81.178984	  81.17498	 81.171253	 81.167786	 81.164563	 81.161567	 81.158786	 81.156204	 81.153809	 81.151589	 81.149531	 81.147626	 81.145863	 81.144232	 81.142724	 81.141331	 81.140045	 81.138858	 81.137763	 81.136753	 81.135823	 81.134967	 81.134179	 81.133455	 81.132789	 81.132177	 81.131615	   81.1311	 81.130627	 81.130194	 81.129797	 81.129433	 81.129101	 81.128797	 81.128519	 81.128265	 81.128034	 81.127822	  81.12763	 81.127454	 81.127294	 81.127148	 81.127016	 81.126896	 81.126786	 81.126687	 81.126597	 81.126515	 81.126441	 81.126374	 81.126313	 81.126258	 81.126208	 81.126164	 81.126123	 81.126087	 81.126054	 81.126024	 81.125998	 81.125974	 81.125952	 81.125933	 81.125916	 81.125901	 81.125888	 81.125876	 81.125866	 81.125857	 81.125849	 81.125842	 81.125837	 81.125832	 81.125829	 81.125826	 81.125824	 81.125823	
        99	 98.630775	 98.261763	 97.893173	 97.525218	 97.158107	 96.792047	 96.427246	 96.063908	 95.702235	 95.342425	 94.984674	 94.629175	 94.276116	 93.925682	 93.578052	 93.233403	 92.891904	 92.553721	 92.219014	 91.887937	 91.560639	 91.237263	 90.917944	 90.602813	 90.291993	 89.985601	 89.683748	 89.386536	 89.094063	 88.806417	 88.523682	 88.245933	 87.973238	  87.70566	 87.443253	 87.186065	 86.934136	   86.6875	 86.446185	 86.210212	 85.979594	  85.75434	  85.53445	 85.319921	 85.110741	 84.906895	 84.708359	 84.515107	 84.327107	 84.144319	 83.966702	 83.794208	 83.626786	  83.46438	  83.30693	 83.154371	 83.006638	 82.863659	  82.72536	 82.591666	 82.462497	 82.337771	 82.217405	 82.101313	 81.989407	 81.881599	 81.777797	  81.67791	 81.581846	 81.489511	 81.400812	 81.315654	 81.233942	 81.155583	 81.080481	 81.008543	 80.939674	 80.873782	 80.810774	 80.750558	 80.693044	 80.638142	 80.585763	  80.53582	 80.488227	   80.4429	 80.399755	  80.35871	 80.319687	 80.282606	 80.247391	 80.213967	 80.182262	 80.152204	 80.123725	 80.096756	 80.071232	 80.047089	 80.024267	 80.002704	 79.982344	  79.96313	 79.945008	 79.927926	 79.911833	  79.89668	 79.882422	 79.869012	 79.856408	 79.844568	 79.833452	 79.823022	  79.81324	 79.804073	 79.795485	 79.787446	 79.779925	 79.772891	 79.766318	 79.760178	 79.754447	   79.7491	 79.744115	 79.739469	 79.735141	 79.731114	 79.727367	 79.723883	 79.720646	 79.717639	 79.714849	 79.712261	 79.709861	 79.707637	 79.705578	 79.703672	  79.70191	  79.70028	 79.698775	 79.697384	 79.696101	 79.694918	 79.693827	 79.692822	 79.691897	 79.691045	 79.690262	 79.689542	 79.688881	 79.688274	 79.687717	 79.687206	 79.686738	 79.686309	 79.685916	 79.685557	 79.685228	 79.684928	 79.684654	 79.684403	 79.684175	 79.683967	 79.683777	 79.683604	 79.683447	 79.683303	 79.683173	 79.683055	 79.682948	  79.68285	 79.682762	 79.682682	 79.682609	 79.682544	 79.682484	  79.68243	 79.682382	 79.682338	 79.682299	 79.682263	 79.682231	 79.682203	 79.682177	 79.682154	 79.682133	 79.682115	 79.682099	 79.682084	 79.682071	  79.68206	  79.68205	 79.682042	 79.682035	 79.682029	 79.682024	  79.68202	 79.682017	 79.682015	 79.682014	
        99	 98.603385	 98.206998	 97.811065	 97.415813	 97.021468	 96.628253	  96.23639	 95.846099	 95.457595	 95.071093	 94.686803	 94.304932	 93.925682	 93.549251	 93.175833	 92.805616	 92.438784	 92.075513	 91.715977	 91.360339	 91.008762	 90.661396	 90.318389	  89.97988	 89.646003	 89.316882	 88.992636	 88.673376	 88.359206	 88.050221	 87.746512	 87.448158	 87.155235	 86.867807	 86.585933	 86.309665	 86.039047	 85.774116	 85.514899	 85.261421	 85.013695	  84.77173	 84.535529	 84.305085	 84.080387	 83.861419	 83.648155	 83.440567	  83.23862	 83.042273	 82.851479	  82.66619	 82.486348	 82.311893	 82.142763	 81.978887	 81.820194	 81.666608	  81.51805	 81.374438	 81.235687	 81.101709	 80.972413	 80.847709	 80.727502	 80.611696	 80.500193	 80.392897	 80.289706	 80.190522	 80.095243	 80.003767	 79.915994	 79.831821	 79.751148	 79.673873	 79.599896	 79.529116	 79.461434	 79.396751	  79.33497	 79.275995	 79.219731	 79.166083	 79.114959	 79.066269	 79.019923	 78.975834	 78.933915	 78.894084	 78.856256	 78.820353	 78.786296	 78.754009	 78.723416	 78.694447	 78.667029	 78.641096	  78.61658	 78.593418	 78.571548	 78.550908	 78.531442	 78.513092	 78.495805	 78.479529	 78.464213	 78.449809	  78.43627	 78.423551	  78.41161	 78.400406	 78.389899	 78.380051	 78.370827	 78.362192	 78.354112	 78.346557	 78.339496	 78.332901	 78.326745	 78.321001	 78.315646	 78.310655	 78.306007	  78.30168	 78.297655	 78.293913	 78.290436	 78.287206	 78.284209	 78.281428	 78.278851	 78.276462	  78.27425	 78.272203	  78.27031	 78.268559	 78.266942	 78.265449	 78.264071	 78.262799	 78.261628	 78.260548	 78.259554	 78.258639	 78.257798	 78.257025	 78.256315	 78.255663	 78.255064	 78.254515	 78.254012	 78.253552	  78.25313	 78.252744	 78.252391	 78.252068	 78.251774	 78.251505	 78.251259	 78.251036	 78.250832	 78.250646	 78.250477	 78.250323	 78.250183	 78.250056	 78.249941	 78.249836	 78.249741	 78.249655	 78.249577	 78.249507	 78.249443	 78.249386	 78.249333	 78.249286	 78.249244	 78.249206	 78.249172	 78.249141	 78.249113	 78.249088	 78.249066	 78.249046	 78.249029	 78.249013	    78.249	 78.248988	 78.248977	 78.248968	  78.24896	 78.248954	 78.248949	 78.248945	 78.248941	 78.248939	 78.248938	
        99	 98.576214	 98.152671	 97.729614	 97.307285	 96.885924	 96.465771	 96.047062	 95.630032	 95.214913	 94.801933	 94.391316	 93.983284	 93.578052	 93.175833	 92.776833	 92.381254	  91.98929	 91.601133	 91.216965	 90.836964	 90.461301	 90.090138	 89.723632	 89.361933	 89.005182	 88.653514	 88.307055	 87.965923	  87.63023	 87.300078	 86.975562	 86.656769	 86.343778	 86.036659	 85.735475	  85.44028	 85.151123	 84.868041	 84.591067	 84.320223	 84.055526	 83.796985	 83.544602	 83.298371	  83.05828	  82.82431	 82.596436	 82.374627	 82.158845	 81.949046	 81.745182	 81.547199	 81.355036	 81.168631	 80.987913	 80.812811	 80.643246	 80.479138	 80.320403	 80.166953	 80.018696	 79.875539	 79.737386	 79.604138	 79.475696	 79.351956	 79.232815	 79.118168	 79.007908	 78.901929	 78.800122	  78.70238	 78.608594	 78.518655	 78.432455	 78.349886	 78.270841	 78.195211	 78.122893	 78.053779	 77.987766	  77.92475	 77.864631	 77.807308	 77.752682	 77.700656	 77.651135	 77.604026	 77.559235	 77.516675	 77.476256	 77.437894	 77.401503	 77.367004	 77.334315	 77.303361	 77.274065	 77.246355	  77.22016	 77.195412	 77.172043	 77.149989	 77.129189	 77.109583	 77.091111	  77.07372	 77.057355	 77.041963	 77.027497	 77.013907	 77.001148	 76.989177	  76.97795	 76.967427	 76.957571	 76.948344	 76.939711	 76.931638	 76.924094	 76.917047	 76.910469	 76.904332	 76.898609	 76.893277	  76.88831	 76.883687	 76.879387	 76.875388	 76.871672	 76.868222	 76.865019	 76.862048	 76.859294	 76.856742	 76.854378	 76.852191	 76.850168	 76.848297	 76.846569	 76.844974	 76.843501	 76.842143	 76.840891	 76.839737	 76.838675	 76.837698	 76.836799	 76.835973	 76.835214	 76.834517	 76.833878	 76.833291	 76.832754	 76.832261	 76.831811	 76.831398	 76.831021	 76.830676	 76.830362	 76.830074	 76.829812	 76.829573	 76.829355	 76.829157	 76.828976	 76.828812	 76.828662	 76.828527	 76.828403	 76.828292	  76.82819	 76.828098	 76.828015	  76.82794	 76.827871	  76.82781	 76.827754	 76.827704	 76.827659	 76.827618	 76.827581	 76.827548	 76.827519	 76.827492	 76.827469	 76.827448	 76.827429	 76.827412	 76.827398	 76.827385	 76.827374	 76.827364	 76.827356	 76.827349	 76.827343	 76.827339	 76.827335	 76.827333	 76.827332	
        99	 98.549276	  98.09881	 97.648861	 97.199686	 96.751541	 96.304681	 95.859357	 95.415818	 94.974312	  94.53508	 94.098362	 93.664393	 93.233403	 92.805616	 92.381254	 91.960529	  91.54365	 91.130819	 90.722232	 90.318076	 89.918533	 89.523777	 89.133974	 88.749283	 88.369855	 87.995833	 87.627351	 87.264535	 86.907503	 86.556365	 86.211221	 85.872164	 85.539277	 85.212636	 84.892307	 84.578348	 84.270811	 83.969735	 83.675154	 83.387094	 83.105571	 82.830596	  82.56217	 82.300287	 82.044934	 81.796092	 81.553734	 81.317825	 81.088326	 80.865192	 80.648369	 80.437801	 80.233423	 80.035168	 79.842964	 79.656731	 79.476388	 79.301848	 79.133023	 78.969818	 78.812137	 78.659881	 78.512946	 78.371229	 78.234622	 78.103016	 77.976302	 77.854367	 77.737099	 77.624383	 77.516105	 77.412149	 77.312401	 77.216745	 77.125066	 77.037249	 76.953179	 76.872742	 76.795826	 76.722319	  76.65211	 76.585089	 76.521148	 76.460181	 76.402083	  76.34675	 76.294082	 76.243977	  76.19634	 76.151074	 76.108086	 76.067285	 76.028581	 75.991889	 75.957123	 75.924201	 75.893043	 75.863572	 75.835711	  75.80939	 75.784535	  75.76108	 75.738958	 75.718105	 75.698459	 75.679963	 75.662557	 75.646187	 75.630801	 75.616348	 75.602778	 75.590045	 75.578104	 75.566913	 75.556431	 75.546617	 75.537435	 75.528849	 75.520825	  75.51333	 75.506334	 75.499807	 75.493721	 75.488049	 75.482767	  75.47785	 75.473276	 75.469023	 75.465072	 75.461402	 75.457995	 75.454835	 75.451906	 75.449192	 75.446678	 75.444352	   75.4422	 75.440211	 75.438373	 75.436676	 75.435109	 75.433665	 75.432333	 75.431106	 75.429977	 75.428937	 75.427981	 75.427103	 75.426295	 75.425554	 75.424874	 75.424251	 75.423679	 75.423155	 75.422676	 75.422237	 75.421836	  75.42147	 75.421135	 75.420829	  75.42055	 75.420296	 75.420064	 75.419853	 75.419661	 75.419487	 75.419328	 75.419183	 75.419052	 75.418933	 75.418825	 75.418728	 75.418639	 75.418559	 75.418486	 75.418421	 75.418362	 75.418308	  75.41826	 75.418217	 75.418178	 75.418143	 75.418111	 75.418083	 75.418058	 75.418036	 75.418016	 75.417998	 75.417982	 75.417969	 75.417957	 75.417947	 75.417938	 75.417931	 75.417925	  75.41792	 75.417916	 75.417914	 75.417913	
        99	 98.522584	 98.045441	 97.568846	 97.093071	 96.618387	 96.145064	 95.673367	 95.203562	  94.73591	 94.270667	 93.808086	 93.348417	 92.891904	 92.438784	  91.98929	  91.54365	 91.102084	 90.664805	 90.232021	 89.803931	 89.380727	 88.962593	 88.549706	 88.142234	 87.740337	 87.344165	 86.953861	 86.569559	 86.191384	 85.819451	 85.453867	 85.094731	 84.742131	 84.396146	 84.056847	 83.724296	 83.398546	  83.07964	 82.767614	 82.462495	 82.164301	 81.873041	 81.588719	 81.311327	 81.040853	 80.777274	 80.520563	 80.270684	 80.027594	 79.791245	 79.561582	 79.338544	 79.122063	 78.912068	 78.708481	 78.511219	 78.320196	 78.135321	 77.956497	 77.783628	 77.616609	 77.455335	 77.299699	 77.149589	 77.004892	 76.865493	 76.731275	 76.602119	 76.477906	 76.358515	 76.243825	 76.133713	 76.028058	 75.926737	 75.829629	 75.736611	 75.647562	 75.562362	 75.480892	 75.403031	 75.328664	 75.257674	 75.189947	  75.12537	 75.063831	 75.005221	 74.949433	 74.896362	 74.845903	 74.797957	 74.752423	 74.709206	  74.66821	 74.629345	  74.59252	 74.557648	 74.524645	 74.493429	 74.463919	 74.436038	 74.409712	 74.384867	 74.361435	 74.339347	 74.318538	 74.298946	  74.28051	 74.263171	 74.246873	 74.231564	  74.21719	 74.203704	 74.191056	 74.179202	 74.168099	 74.157704	 74.147978	 74.138884	 74.130384	 74.122446	 74.115035	 74.108122	 74.101675	 74.095668	 74.090073	 74.084865	  74.08002	 74.075515	 74.071329	 74.067442	 74.063834	 74.060487	 74.057384	 74.054509	 74.051847	 74.049382	 74.047103	 74.044996	 74.043049	 74.041252	 74.039593	 74.038063	 74.036652	 74.035353	 74.034156	 74.033055	 74.032043	 74.031112	 74.030257	 74.029472	 74.028752	 74.028091	 74.027485	 74.026931	 74.026423	 74.025958	 74.025534	 74.025145	 74.024791	 74.024467	 74.024172	 74.023902	 74.023657	 74.023433	  74.02323	 74.023045	 74.022876	 74.022724	 74.022585	 74.022459	 74.022344	 74.022241	 74.022147	 74.022062	 74.021985	 74.021916	 74.021853	 74.021797	 74.021746	   74.0217	 74.021659	 74.021621	 74.021588	 74.021558	 74.021532	 74.021508	 74.021487	 74.021468	 74.021452	 74.021437	 74.021424	 74.021414	 74.021404	 74.021397	  74.02139	 74.021385	 74.021382	 74.021379	 74.021378	
