Time step 72:
        99	        99	        99	        99	        99	        99	        99	        99	        99	        99	        99	        99	        99	        99	        99	        99	        99	        99	        99	        99	        99	        99	        99	        99	        99	        99	        99	        99	        99	        99	        99	        99	        99	        99	        99	        99	        99	        99	        99	        99	        99	        99	        99	        99	        99	        99	        99	        99	        99	        99	        99	        99	        99	        99	        99	        99	        99	        99	        99	        99	        99	        99	        99	        99	        99	        99	        99	        99	        99	        99	        99	        99	        99	        99	        99	        99	        99	        99	        99	        99	        99	        99	        99	        99	        99	        99	        99	        99	        99	        99	        99	        99	        99	        99	        99	        99	        99	        99	        99	        99	        99	        99	        99	        99	        99	        99	        99	        99	        99	        99	        99	        99	        99	        99	        99	        99	        99	        99	        99	        99	        99	        99	        99	        99	        99	        99	        99	        99	        99	        99	        99	        99	        99	        99	        99	        99	        99	        99	        99	        99	        99	        99	        99	        99	        99	        99	        99	        99	        99	        99	        99	        99	        99	        99	        99	        99	        99	        99	        99	        99	        99	        99	        99	        99	        99	        99	        99	        99	        99	        99	        99	        99	        99	        99	        99	        99	        99	        99	        99	        99	        99	        99	        99	        99	        99	        99	        99	        99	        99	        99	        99	        99	        99	        99	        99	        99	        99	        99	        99	        99	
        99	 98.991181	 98.982364	 98.973549	  98.96474	 98.955936	  98.94714	 98.938354	 98.929578	 98.920815	 98.912065	 98.903331	 98.894613	 98.885914	 98.877235	 98.868577	 98.859942	  98.85133	 98.842745	 98.834187	 98.825657	 98.817157	 98.808688	 98.800252	 98.791849	 98.783482	 98.775152	  98.76686	 98.758606	 98.750393	 98.742222	 98.734094	  98.72601	 98.717971	 98.709978	 98.702033	 98.694137	  98.68629	 98.678494	  98.67075	 98.663058	 98.655421	 98.647838	 98.640311	  98.63284	 98.625427	 98.618072	 98.610776	  98.60354	 98.596364	  98.58925	 98.582199	  98.57521	 98.568284	 98.561423	 98.554626	 98.547894	 98.541229	 98.534629	 98.528097	 98.521631	 98.515234	 98.508904	 98.502643	 98.496451	 98.490328	 98.484274	  98.47829	 98.472376	 98.466532	 98.460759	 98.455056	 98.449423	 98.443862	 98.438371	 98.432951	 98.427602	 98.422323	 98.417116	 98.411979	 98.406913	 98.401918	 98.396993	 98.392139	 98.387355	 98.382641	 98.377997	 98.373422	 98.368917	 98.364481	 98.360114	 98.355816	 98.351585	 98.347422	 98.343327	 98.339299	 98.335338	 98.331443	 98.327614	 98.323851	 98.320152	 98.316518	 98.312948	 98.309442	 98.305998	 98.302618	 98.299299	 98.296041	 98.292845	 98.289709	 98.286632	 98.283615	 98.280656	 98.277756	 98.274912	 98.272126	 98.269396	 98.266721	 98.264101	 98.261535	 98.259023	 98.256564	 98.254157	 98.251802	 98.249498	 98.247244	  98.24504	 98.242885	 98.240779	  98.23872	 98.236708	 98.234743	 98.232823	 98.230949	 98.229119	 98.227332	 98.225589	 98.223889	  98.22223	 98.220612	 98.219035	 98.217498	    98.216	 98.214541	  98.21312	 98.211737	  98.21039	  98.20908	 98.207805	 98.206566	 98.205361	 98.204189	 98.203052	 98.201947	 98.200874	 98.199833	 98.198823	 98.197844	 98.196895	 98.195976	 98.195086	 98.194225	 98.193392	 98.192586	 98.191808	 98.191057	 98.190332	 98.189633	  98.18896	 98.188312	 98.187689	  98.18709	 98.186515	 98.185964	 98.185437	 98.184932	  98.18445	 98.183991	 98.183553	 98.183138	 98.182744	 98.182371	  98.18202	 98.181689	 98.181379	 98.181089	 98.180819	  98.18057	  98.18034	  98.18013	 98.179939	 98.179768	 98.179617	 98.179484	 98.179371	 98.179276	 98.179201	 98.179144	 98.179107	 98.179088	
        99	 98.982364	  98.96473	 98.947103	 98.929486	  98.91188	  98.89429	 98.876719	 98.859169	 98.841643	 98.824146	 98.806678	 98.789245	 98.771848	 98.754491	 98.737177	 98.719908	 98.702687	 98.685517	 98.668402	 98.651344	 98.634345	 98.617409	 98.600538	 98.583735	 98.567003	 98.550343	  98.53376	 98.517255	 98.500831	  98.48449	 98.468235	 98.452068	 98.435991	 98.420007	 98.404119	 98.388327	 98.372635	 98.357044	 98.341557	 98.326176	 98.310902	 98.295737	 98.280684	 98.265744	 98.250919	  98.23621	  98.22162	 98.207149	 98.192799	 98.178573	 98.164471	 98.150494	 98.136644	 98.122922	  98.10933	 98.095868	 98.082538	  98.06934	 98.056276	 98.043347	 98.030553	 98.017895	 98.005374	  97.99299	 97.980745	 97.968639	 97.956672	 97.944845	 97.933158	 97.921612	 97.910207	 97.898943	 97.887821	  97.87684	 97.866001	 97.855303	 97.844748	 97.834334	 97.824061	 97.813931	 97.803941	 97.794093	 97.784385	 97.774818	  97.76539	 97.756103	 97.746955	 97.737945	 97.729074	 97.720341	 97.711744	 97.703284	 97.694959	  97.68677	 97.678715	 97.670793	 97.663004	 97.655346	  97.64782	 97.640424	 97.633156	 97.626017	 97.619005	 97.612118	 97.605357	  97.59872	 97.592206	 97.585814	 97.579542	  97.57339	 97.567356	 97.561439	 97.555638	 97.549952	 97.544379	 97.538919	  97.53357	 97.528331	   97.5232	 97.518176	 97.513258	 97.508445	 97.503735	 97.499127	  97.49462	 97.490213	 97.485903	  97.48169	 97.477573	  97.47355	  97.46962	 97.465781	 97.462032	 97.458372	   97.4548	 97.451314	 97.447913	 97.444596	 97.441361	 97.438207	 97.435134	 97.432138	 97.429221	 97.426379	 97.423612	 97.420919	 97.418299	  97.41575	 97.413271	 97.410861	 97.408519	 97.406243	 97.404033	 97.401888	 97.399807	 97.397787	 97.395829	 97.393932	 97.392093	 97.390313	 97.388591	 97.386925	 97.385314	 97.383758	 97.382256	 97.380806	 97.379409	 97.378062	 97.376766	  97.37552	 97.374323	 97.373173	 97.372071	 97.371016	 97.370007	 97.369043	 97.368125	  97.36725	 97.366419	 97.365631	 97.364886	 97.364183	 97.363521	 97.362901	 97.362321	 97.361782	 97.361283	 97.360824	 97.360404	 97.360023	 97.359681	 97.359377	 97.359112	 97.358885	 97.358697	 97.358546	 97.358433	 97.358357	  97.35832	
        99	 98.973549	 98.947103	 98.920667	 98.894244	 98.867839	 98.841458	 98.815105	 98.788784	   98.7625	 98.736257	  98.71006	 98.683914	 98.657822	 98.631791	 98.605823	 98.579923	 98.554096	 98.528345	 98.502676	 98.477092	 98.451598	 98.426197	 98.400895	 98.375694	 98.350599	 98.325614	 98.300742	 98.275988	 98.251355	 98.226848	 98.202468	 98.178221	  98.15411	 98.130138	 98.106308	 98.082625	  98.05909	 98.035707	  98.01248	 97.989411	 97.966504	  97.94376	 97.921184	 97.898777	 97.876542	 97.854482	   97.8326	 97.810897	 97.789376	 97.768039	 97.746889	 97.725927	 97.705155	 97.684575	  97.66419	    97.644	 97.624008	 97.604214	 97.584621	  97.56523	 97.546041	 97.527057	 97.508278	 97.489706	 97.471341	 97.453185	 97.435237	 97.417499	 97.399971	 97.382655	  97.36555	 97.348656	 97.331975	 97.315506	  97.29925	 97.283206	 97.267375	 97.251756	  97.23635	 97.221156	 97.206174	 97.191403	 97.176844	 97.162495	 97.148356	 97.134427	 97.120707	 97.107195	  97.09389	 97.080791	 97.067898	  97.05521	 97.042725	 97.030443	 97.018362	 97.006481	 96.994799	 96.983314	 96.972026	 96.960933	 96.950034	 96.939326	  96.92881	 96.918482	 96.908342	 96.898388	 96.888618	  96.87903	 96.869624	 96.860397	 96.851347	 96.842474	 96.833774	 96.825246	 96.816888	 96.808699	 96.800676	 96.792818	 96.785123	 96.777589	 96.770213	 96.762994	 96.755931	  96.74902	 96.742261	  96.73565	 96.729187	 96.722868	 96.716693	 96.710659	 96.704765	 96.699007	 96.693385	 96.687896	 96.682539	 96.677311	  96.67221	 96.667235	 96.662383	 96.657653	 96.653043	 96.648551	 96.644175	 96.639913	 96.635764	 96.631725	 96.627795	 96.623972	 96.620254	 96.616639	 96.613127	 96.609714	   96.6064	 96.603183	 96.600061	 96.597032	 96.594095	 96.591249	 96.588492	 96.585823	 96.583239	 96.580741	 96.578325	 96.575991	 96.573738	 96.571564	 96.569468	 96.567449	 96.565505	 96.563636	  96.56184	 96.560117	 96.558464	 96.556881	 96.555368	 96.553923	 96.552544	 96.551233	 96.549986	 96.548805	 96.547687	 96.546632	  96.54564	  96.54471	 96.543841	 96.543032	 96.542284	 96.541595	 96.540965	 96.540394	 96.539881	 96.539425	 96.539028	 96.538688	 96.538404	 96.538178	 96.538009	 96.537896	 96.537839	
        99	  98.96474	 98.929486	 98.894244	  98.85902	 98.823822	 98.788654	 98.753524	 98.718436	 98.683397	 98.648414	 98.613492	 98.578638	 98.543857	 98.509155	 98.474538	 98.440012	 98.405582	 98.371255	 98.337037	 98.302932	 98.268947	 98.235086	 98.201356	 98.167762	 98.134309	 98.101002	 98.067847	 98.034848	 98.002011	 97.969341	 97.936842	 97.904519	 97.872378	 97.840421	 97.808655	 97.777083	  97.74571	 97.714539	 97.683576	 97.652824	 97.622287	 97.591968	 97.561873	 97.532003	 97.502363	 97.472956	 97.443785	 97.414854	 97.386165	 97.357722	 97.329527	 97.301583	 97.273893	 97.246459	 97.219284	  97.19237	 97.165719	 97.139333	 97.113214	 97.087364	 97.061785	 97.036478	 97.011445	 96.986687	 96.962205	 96.938001	 96.914076	  96.89043	 96.867065	 96.843981	 96.821179	 96.798659	 96.776422	 96.754468	 96.732797	  96.71141	 96.690306	 96.669485	 96.648948	 96.628693	 96.608721	 96.589031	 96.569622	 96.550494	 96.531647	 96.513078	 96.494788	 96.476776	 96.459039	 96.441578	 96.424391	 96.407477	 96.390834	 96.374461	 96.358356	 96.342518	 96.326945	 96.311636	 96.296588	   96.2818	 96.267271	 96.252997	 96.238978	  96.22521	 96.211693	 96.198423	 96.185399	 96.172619	  96.16008	 96.147779	 96.135716	 96.123886	 96.112289	 96.100921	  96.08978	 96.078863	 96.068168	 96.057693	 96.047435	 96.037391	 96.027559	 96.017936	  96.00852	 95.999307	 95.990296	 95.981484	 95.972868	 95.964446	 95.956214	  95.94817	 95.940312	 95.932637	 95.925143	 95.917826	 95.910684	 95.903714	 95.896915	 95.890282	 95.883815	  95.87751	 95.871364	 95.865376	 95.859543	 95.853861	  95.84833	 95.842946	 95.837707	  95.83261	 95.827654	 95.822836	 95.818153	 95.813604	 95.809186	 95.804897	 95.800735	 95.796698	 95.792783	 95.788989	 95.785314	 95.781756	 95.778312	  95.77498	  95.77176	 95.768649	 95.765646	 95.762748	 95.759954	 95.757262	 95.754671	 95.752179	 95.749785	 95.747488	 95.745284	 95.743175	 95.741157	 95.739231	 95.737393	 95.735645	 95.733983	 95.732408	 95.730918	 95.729512	  95.72819	 95.726949	 95.725791	 95.724713	 95.723715	 95.722797	 95.721957	 95.721196	 95.720512	 95.719905	 95.719375	 95.718921	 95.718544	 95.718242	 95.718016	 95.717866	  95.71779	
        99	 98.955936	  98.91188	 98.867839	 98.823822	 98.779835	 98.735887	 98.691985	 98.648137	 98.604351	 98.560633	 98.516993	 98.473436	 98.429971	 98.386605	 98.343345	 98.300198	 98.257173	 98.214276	 98.171514	 98.128894	 98.086424	 98.044109	 98.001958	 97.959976	 97.918171	 97.876548	 97.835115	 97.793878	 97.752842	 97.712015	 97.671402	 97.631009	 97.590842	 97.550908	  97.51121	 97.471756	 97.432549	 97.393597	 97.354903	 97.316473	 97.278311	 97.240423	 97.202813	 97.165486	 97.128446	 97.091696	 97.055243	 97.019088	 96.983237	 96.947692	 96.912458	 96.877537	 96.842934	  96.80865	 96.774691	 96.741057	 96.707751	 96.674778	 96.642138	 96.609834	 96.577868	 96.546243	 96.514959	  96.48402	 96.453426	 96.423179	  96.39328	 96.363731	 96.334532	 96.305685	 96.277189	 96.249047	 96.221258	 96.193823	 96.166741	 96.140014	 96.113641	 96.087622	 96.061957	 96.036646	 96.011687	 95.987081	 95.962826	 95.938923	  95.91537	 95.892165	 95.869309	 95.846799	 95.824634	 95.802814	 95.781336	 95.760198	   95.7394	 95.718939	 95.698813	 95.679021	  95.65956	 95.640428	 95.621624	 95.603144	 95.584986	 95.567149	 95.549629	 95.532425	 95.515532	  95.49895	 95.482674	 95.466703	 95.451033	 95.435662	 95.420586	 95.405803	  95.39131	 95.377104	 95.363181	 95.349539	 95.336174	 95.323083	 95.310264	 95.297712	 95.285425	   95.2734	 95.261633	  95.25012	  95.23886	 95.227847	  95.21708	 95.206555	 95.196268	 95.186216	 95.176396	 95.166805	 95.157439	 95.148295	  95.13937	  95.13066	 95.122163	 95.113875	 95.105793	 95.097914	 95.090234	  95.08275	  95.07546	 95.068361	 95.061448	  95.05472	 95.048172	 95.041803	  95.03561	 95.029589	 95.023737	 95.018052	 95.012531	 95.007171	  95.00197	 94.996925	 94.992033	 94.987292	 94.982699	 94.978252	 94.973948	 94.969785	 94.965761	 94.961874	  94.95812	 94.954499	 94.951007	 94.947643	 94.944406	 94.941292	   94.9383	 94.935428	 94.932675	 94.930039	 94.927518	  94.92511	 94.922814	 94.920629	 94.918552	 94.916584	 94.914722	 94.912965	 94.911312	 94.909762	 94.908315	 94.906968	 94.905721	 94.904573	 94.903524	 94.902572	 94.901717	 94.900959	 94.900297	  94.89973	 94.899258	 94.898881	 94.898599	 94.898411	 94.898317	
        99	  98.94714	  98.89429	 98.841458	 98.788654	 98.735887	 98.683167	 98.630501	 98.577901	 98.525374	  98.47293	 98.420577	 98.368326	 98.316185	 98.264162	 98.212267	 98.160508	 98.108894	 98.057434	 98.006136	 97.955009	 97.904061	   97.8533	 97.802734	 97.752372	 97.702222	 97.652291	 97.602587	 97.553118	 97.503891	 97.454914	 97.406195	 97.357739	 97.309554	 97.261648	 97.214026	 97.166696	 97.119663	 97.072935	 97.026518	 96.980416	 96.934637	 96.889186	 96.844069	  96.79929	 96.754856	 96.710771	 96.667041	 96.623669	 96.580661	 96.538021	 96.495754	 96.453863	 96.412352	 96.371225	 96.330486	 96.290139	 96.250185	  96.21063	 96.171474	 96.132722	 96.094375	 96.056437	 96.018909	 95.981794	 95.945093	 95.908808	 95.872941	 95.837494	 95.802466	  95.76786	 95.733677	 95.699917	 95.666581	 95.633669	 95.601182	 95.569119	 95.537482	 95.506269	 95.475481	 95.445117	 95.415176	 95.385658	 95.356563	 95.327888	 95.299633	 95.271796	 95.244377	 95.217374	 95.190785	 95.164609	 95.138844	 95.113487	 95.088537	 95.063991	 95.039848	 95.016105	  94.99276	 94.969809	 94.947251	 94.925082	   94.9033	 94.881902	 94.860885	 94.840246	 94.819982	 94.800089	 94.780565	 94.761405	 94.742608	 94.724168	 94.706083	 94.688349	 94.670963	 94.653921	 94.637219	 94.620854	 94.604821	 94.589117	 94.573739	 94.558682	 94.543942	 94.529516	   94.5154	  94.50159	 94.488081	 94.474871	 94.461954	 94.449328	 94.436987	 94.424929	 94.413149	 94.401643	 94.390408	 94.379439	 94.368732	 94.358284	 94.348091	 94.338148	 94.328453	    94.319	 94.309788	 94.300811	 94.292065	 94.283548	 94.275256	 94.267184	  94.25933	  94.25169	  94.24426	 94.237037	 94.230017	 94.223197	 94.216574	 94.210145	 94.203906	 94.197853	 94.191985	 94.186297	 94.180788	 94.175453	  94.17029	 94.165296	 94.160469	 94.155805	 94.151302	 94.146958	 94.142769	 94.138734	  94.13485	 94.131115	 94.127526	 94.124081	 94.120778	 94.117616	 94.114591	 94.111703	 94.108948	 94.106327	 94.103836	 94.101475	 94.099241	 94.097134	 94.095151	 94.093292	 94.091555	 94.089939	 94.088443	 94.087066	 94.085807	 94.084666	 94.083641	 94.082731	 94.081937	 94.081257	 94.080691	 94.080239	   94.0799	 94.079674	 94.079561	
        99	 98.938354	 98.876719	 98.815105	 98.753524	 98.691985	 98.630501	 98.569082	 98.507738	 98.446479	 98.385318	 98.324263	 98.263327	 98.202518	 98.141848	 98.081327	 98.020964	 97.960771	 97.900757	 97.840932	 97.781306	 97.721889	 97.662691	  97.60372	 97.544987	   97.4865	  97.42827	 97.370304	 97.312612	 97.255202	 97.198084	 97.141266	 97.084756	 97.028562	 96.972692	 96.917155	 96.861957	 96.807107	 96.752611	 96.698478	 96.644713	 96.591325	 96.538319	 96.485702	  96.43348	  96.38166	 96.330247	 96.279247	 96.228666	 96.178509	 96.128782	 96.079488	 96.030634	 95.982223	  95.93426	  95.88675	 95.839695	 95.793101	  95.74697	 95.701306	 95.656112	 95.611391	 95.567147	 95.523381	 95.480096	 95.437295	 95.394978	  95.35315	 95.311809	  95.27096	 95.230602	 95.190736	 95.151364	 95.112487	 95.074104	 95.036217	 94.998825	 94.961929	 94.925528	 94.889622	 94.854211	 94.819293	 94.784869	 94.750936	 94.717495	 94.684543	  94.65208	 94.620103	 94.588612	 94.557603	 94.527076	 94.497027	 94.467455	 94.438358	 94.409733	 94.381576	 94.353887	 94.326661	 94.299895	 94.273587	 94.247733	 94.222331	 94.197376	 94.172866	 94.148796	 94.125163	 94.101964	 94.079194	  94.05685	 94.034927	 94.013423	 93.992332	  93.97165	 93.951374	 93.931499	 93.912021	 93.892935	 93.874237	 93.855923	 93.837989	 93.820429	 93.803239	 93.786415	 93.769953	 93.753847	 93.738093	 93.722686	 93.707623	 93.692897	 93.678506	 93.664443	 93.650705	 93.637287	 93.624183	 93.611391	 93.598905	  93.58672	 93.574832	 93.563237	  93.55193	 93.540907	 93.530162	 93.519693	 93.509494	 93.499561	 93.489891	 93.480477	 93.471318	 93.462408	 93.453743	 93.445319	 93.437132	 93.429179	 93.421455	 93.413957	  93.40668	 93.399622	 93.392778	 93.386145	 93.379719	 93.373498	 93.367477	 93.361653	 93.356023	 93.350584	 93.345333	 93.340266	 93.335382	 93.330676	 93.326146	  93.32179	 93.317604	 93.313587	 93.309735	 93.306047	 93.302519	 93.299151	 93.295939	 93.292882	 93.289977	 93.287223	 93.284618	  93.28216	 93.279848	  93.27768	 93.275654	  93.27377	 93.272025	 93.270419	 93.268951	  93.26762	 93.266424	 93.265364	 93.264437	 93.263644	 93.262984	 93.262457	 93.262062	 93.261798	 93.261667	
        99	 98.929578	 98.859169	 98.788784	 98.718436	 98.648137	 98.577901	 98.507738	 98.437661	 98.367682	 98.297814	 98.228068	 98.158456	 98.088991	 98.019684	 97.950547	 97.881592	  97.81283	 97.744272	 97.675931	 97.607817	 97.539942	 97.472316	  97.40495	 97.337856	 97.271043	 97.204523	 97.138305	 97.072401	 97.006819	 96.941569	 96.876663	 96.812108	 96.747914	 96.684091	 96.620647	 96.557592	 96.494933	  96.43268	  96.37084	 96.309422	 96.248433	 96.187881	 96.127774	 96.068118	 96.008921	 95.950189	  95.89193	 95.834148	 95.776851	 95.720044	 95.663734	 95.607924	 95.552622	 95.497831	 95.443557	 95.389804	 95.336576	 95.283878	 95.231714	 95.180087	    95.129	 95.078457	  95.02846	 94.979014	 94.930119	 94.881779	 94.833995	  94.78677	 94.740105	 94.694002	 94.648461	 94.603485	 94.559073	 94.515226	 94.471945	 94.429231	 94.387082	 94.345499	 94.304482	 94.264029	 94.224141	 94.184816	 94.146053	 94.107851	 94.070208	 94.033124	 93.996595	  93.96062	 93.925197	 93.890324	 93.855998	 93.822217	 93.788977	 93.756277	 93.724112	 93.692481	 93.661379	 93.630803	  93.60075	 93.571216	 93.542197	  93.51369	  93.48569	 93.458194	 93.431197	 93.404695	 93.378684	 93.353159	 93.328115	 93.303549	 93.279456	  93.25583	 93.232668	 93.209963	 93.187712	 93.165909	  93.14455	 93.123629	 93.103141	 93.083081	 93.063445	 93.044226	  93.02542	 93.007021	 92.989024	 92.971425	 92.954217	 92.937395	 92.920955	  92.90489	 92.889196	 92.873868	 92.858899	 92.844286	 92.830022	 92.816103	 92.802523	 92.789277	  92.77636	 92.763767	 92.751494	 92.739534	 92.727883	 92.716536	 92.705489	 92.694736	 92.684272	 92.674093	 92.664195	 92.654572	  92.64522	 92.636134	 92.627311	 92.618745	 92.610433	  92.60237	 92.594552	 92.586974	 92.579634	 92.572527	 92.565649	 92.558996	 92.552564	 92.546351	 92.540352	 92.534565	 92.528984	 92.523609	 92.518434	 92.513458	 92.508676	 92.504087	 92.499687	 92.495473	 92.491444	 92.487596	 92.483927	 92.480434	 92.477116	  92.47397	 92.470994	 92.468187	 92.465545	 92.463068	 92.460754	 92.458602	 92.456609	 92.454774	 92.453097	 92.451577	 92.450211	 92.448999	 92.447941	 92.447035	 92.446281	 92.445678	 92.445227	 92.444926	 92.444776	
        99	 98.920815	 98.841643	   98.7625	 98.683397	 98.604351	 98.525374	 98.446479	 98.367682	 98.288995	 98.210432	 98.132007	 98.053733	 97.975623	 97.897692	 97.819951	 97.742415	 97.665096	 97.588007	 97.511161	 97.434571	 97.358249	 97.282207	 97.206459	 97.131015	 97.055888	  96.98109	 96.906632	 96.832526	 96.758783	 96.685414	  96.61243	 96.539842	  96.46766	 96.395894	 96.324556	 96.253653	 96.183198	 96.113197	 96.043662	 95.974601	 95.906023	 95.837936	 95.770348	 95.703269	 95.636705	 95.570665	 95.505155	 95.440183	 95.375756	  95.31188	 95.248562	 95.185807	 95.123623	 95.062014	 95.000986	 94.940544	 94.880693	 94.821437	 94.762781	 94.704729	 94.647284	 94.590452	 94.534234	 94.478634	 94.423655	 94.369299	 94.315569	 94.262467	 94.209995	 94.158155	 94.106947	 94.056373	 94.006435	 93.957132	 93.908465	 93.860435	 93.813041	 93.766283	 93.720162	 93.674675	 93.629823	 93.585604	 93.542018	 93.499062	 93.456735	 93.415035	 93.373961	 93.333509	 93.293678	 93.254466	 93.215868	 93.177883	 93.140507	 93.103737	  93.06757	 93.032002	  92.99703	 92.962649	 92.928856	 92.895647	 92.863017	 92.830962	 92.799478	  92.76856	 92.738203	 92.708404	 92.679155	 92.650454	 92.622294	 92.594671	 92.567579	 92.541014	 92.514969	 92.489439	 92.464419	 92.439903	 92.415886	 92.392361	 92.369324	 92.346768	 92.324688	 92.303077	 92.281931	 92.261242	 92.241006	 92.221216	 92.201867	 92.182952	 92.164466	 92.146402	 92.128755	 92.111519	 92.094688	 92.078256	 92.062217	 92.046566	 92.031296	 92.016402	 92.001877	 91.987718	 91.973917	 91.960469	 91.947368	 91.934609	 91.922187	 91.910096	  91.89833	 91.886885	 91.875754	 91.864934	 91.854418	 91.844202	  91.83428	 91.824649	 91.815302	 91.806235	 91.797444	 91.788924	 91.780671	 91.772679	 91.764945	 91.757464	 91.750232	 91.743246	   91.7365	 91.729992	 91.723718	 91.717673	 91.711855	 91.706259	 91.700882	 91.695722	 91.690774	 91.686037	 91.681506	 91.677179	 91.673053	 91.669126	 91.665395	 91.661858	 91.658511	 91.655354	 91.652384	 91.649599	 91.646997	 91.644576	 91.642336	 91.640273	 91.638387	 91.636677	 91.635141	 91.633779	 91.632589	  91.63157	 91.630722	 91.630045	 91.629537	 91.629199	  91.62903	
        99	 98.912065	 98.824146	 98.736257	 98.648414	 98.560633	  98.47293	 98.385318	 98.297814	 98.210432	 98.123188	 98.036098	 97.949175	 97.862434	 97.775892	 97.689561	 97.603457	 97.517595	 97.431988	 97.346651	 97.261598	 97.176843	 97.092399	 97.008281	 96.924501	 96.841073	  96.75801	 96.675324	  96.59303	 96.511139	 96.429663	 96.348614	 96.268005	 96.187848	 96.108152	 96.028931	 95.950194	 95.871954	 95.794219	    95.717	 95.640308	 95.564152	 95.488542	 95.413486	 95.338995	 95.265076	 95.191738	  95.11899	 95.046839	 94.975293	 94.904359	 94.834045	 94.764356	 94.695301	 94.626884	 94.559113	 94.491992	 94.425528	 94.359724	 94.294587	  94.23012	 94.166329	 94.103216	 94.040787	 93.979043	 93.917989	 93.857627	 93.797961	 93.738991	 93.680721	 93.623152	 93.566287	 93.510125	 93.454668	 93.399917	 93.345873	 93.292536	 93.239905	 93.187981	 93.136763	 93.086251	 93.036443	 92.987338	 92.938935	 92.891233	 92.844229	 92.797922	 92.752309	 92.707388	 92.663156	  92.61961	 92.576747	 92.534565	 92.493059	 92.452226	 92.412063	 92.372565	 92.333728	 92.295549	 92.258022	 92.221143	 92.184908	 92.149311	 92.114348	 92.080014	 92.046303	  92.01321	  91.98073	 91.948858	 91.917586	 91.886911	 91.856826	 91.827325	 91.798402	 91.770051	 91.742267	 91.715042	  91.68837	 91.662247	 91.636664	 91.611616	 91.587096	 91.563097	 91.539614	  91.51664	 91.494168	 91.472191	 91.450704	 91.429699	  91.40917	  91.38911	 91.369513	 91.350373	 91.331682	 91.313434	 91.295623	 91.278242	 91.261285	 91.244745	 91.228616	 91.212892	 91.197566	 91.182632	 91.168084	 91.153915	  91.14012	 91.126693	 91.113627	 91.100917	 91.088557	 91.076541	 91.064863	 91.053518	 91.042501	 91.031805	 91.021425	 91.011357	 91.001594	 90.992133	 90.982967	 90.974092	 90.965503	 90.957196	 90.949165	 90.941407	 90.933916	 90.926689	 90.919721	 90.913009	 90.906547	 90.900333	 90.894363	 90.888632	 90.883138	 90.877877	 90.872845	  90.86804	 90.863459	 90.859097	 90.854954	 90.851026	  90.84731	 90.843804	 90.840505	 90.837413	 90.834523	 90.831835	 90.829347	 90.827056	 90.824962	 90.823063	 90.821358	 90.819844	 90.818523	 90.817392	  90.81645	 90.815698	 90.815134	 90.814759	 90.814571	
        99	 98.903331	 98.806678	  98.71006	 98.613492	 98.516993	 98.420577	 98.324263	 98.228068	 98.132007	 98.036098	 97.940356	 97.844799	 97.749444	 97.654305	 97.559399	 97.464743	 97.370353	 97.276243	 97.182429	 97.088928	 96.995755	 96.902923	  96.81045	 96.718348	 96.626633	  96.53532	 96.444422	 96.353953	 96.263928	 96.174359	 96.085261	 95.996645	 95.908526	 95.820915	 95.733824	 95.647267	 95.561255	 95.475799	  95.39091	 95.306601	  95.22288	  95.13976	  95.05725	 94.975359	 94.894098	 94.813476	 94.733502	 94.654184	 94.575532	 94.497552	 94.420254	 94.343644	 94.267729	 94.192517	 94.118014	 94.044226	  93.97116	 93.898821	 93.827214	 93.756344	 93.686216	 93.616835	 93.548204	 93.480328	  93.41321	 93.346852	 93.281259	 93.216432	 93.152375	 93.089088	 93.026573	 92.964833	 92.903868	 92.843679	 92.784267	 92.725632	 92.667774	 92.610692	 92.554387	 92.498857	 92.444102	  92.39012	 92.336909	 92.284469	 92.232796	  92.18189	 92.131746	 92.082363	 92.033737	 91.985866	 91.938747	 91.892374	 91.846746	 91.801857	 91.757705	 91.714284	 91.671589	 91.629617	 91.588363	 91.547821	 91.507987	 91.468855	 91.430419	 91.392674	 91.355615	 91.319235	 91.283529	 91.248491	 91.214113	 91.180391	 91.147318	 91.114886	 91.083091	 91.051924	 91.021379	 90.991451	  90.96213	 90.933412	 90.905288	 90.877751	 90.850796	 90.824414	 90.798598	 90.773342	 90.748638	 90.724478	 90.700857	 90.677765	 90.655197	 90.633145	 90.611602	  90.59056	 90.570013	 90.549953	 90.530372	 90.511265	 90.492624	 90.474441	  90.45671	 90.439424	 90.422576	 90.406158	 90.390165	 90.374589	 90.359424	 90.344663	   90.3303	 90.316327	 90.302739	  90.28953	 90.276692	  90.26422	 90.252108	  90.24035	 90.228939	 90.217871	 90.207139	 90.196737	 90.186661	 90.176905	 90.167463	 90.158331	 90.149502	 90.140973	 90.132739	 90.124794	 90.117134	 90.109754	 90.102651	  90.09582	 90.089256	 90.082956	 90.076916	 90.071133	 90.065601	 90.060319	 90.055282	 90.050488	 90.045933	 90.041615	  90.03753	 90.033675	 90.030049	 90.026649	 90.023473	 90.020518	 90.017782	 90.015264	 90.012962	 90.010875	    90.009	 90.007336	 90.005883	  90.00464	 90.003605	 90.002778	 90.002158	 90.001745	 90.001539	
        99	 98.894613	 98.789245	 98.683914	 98.578638	 98.473436	 98.368326	 98.263327	 98.158456	 98.053733	 97.949175	 97.844799	 97.740626	 97.636671	 97.532952	 97.429489	 97.326297	 97.223394	 97.120797	 97.018524	 96.916591	 96.815015	 96.713813	    96.613	 96.512593	 96.412607	  96.31306	 96.213965	 96.115338	 96.017194	 95.919548	 95.822415	 95.725808	 95.629742	  95.53423	 95.439287	 95.344924	 95.251155	 95.157993	 95.065449	 94.973537	 94.882266	  94.79165	 94.701699	 94.612424	 94.523835	 94.435943	 94.348757	 94.262287	 94.176541	  94.09153	 94.007261	 93.923742	 93.840981	 93.758987	 93.677765	 93.597324	 93.517668	 93.438805	 93.360741	  93.28348	 93.207029	 93.131391	 93.056571	 92.982574	 92.909403	 92.837062	 92.765553	 92.694881	 92.625046	 92.556052	 92.487901	 92.420593	  92.35413	 92.288514	 92.223744	 92.159821	 92.096745	 92.034516	 91.973133	 91.912596	 91.852903	 91.794053	 91.736044	 91.678874	 91.622542	 91.567045	 91.512379	 91.458543	 91.405532	 91.353344	 91.301975	 91.251421	 91.201678	 91.152742	 91.104608	 91.057271	 91.010726	  90.96497	 90.919995	 90.875797	 90.832371	 90.789709	 90.747808	 90.706659	 90.666258	 90.626598	 90.587672	 90.549473	 90.511996	 90.475233	 90.439177	 90.403821	 90.369158	 90.335181	 90.301882	 90.269254	  90.23729	 90.205981	 90.175321	 90.145302	 90.115915	 90.087154	 90.059011	 90.031477	 90.004545	 89.978207	 89.952455	 89.927281	 89.902678	 89.878637	 89.855151	 89.832212	 89.809812	 89.787943	 89.766597	 89.745766	 89.725444	 89.705621	 89.686292	 89.667447	 89.649079	 89.631181	 89.613746	 89.596765	 89.580233	  89.56414	 89.548482	 89.533249	 89.518436	 89.504035	  89.49004	 89.476443	 89.463239	  89.45042	 89.437981	 89.425914	 89.414214	 89.402875	  89.39189	 89.381254	 89.370961	 89.361005	  89.35138	 89.342082	 89.333105	 89.324443	 89.316093	 89.308048	 89.300304	 89.292857	 89.285701	 89.278833	 89.272249	 89.265943	 89.259913	 89.254155	 89.248664	 89.243437	 89.238472	 89.233764	  89.22931	 89.225108	 89.221155	 89.217449	 89.213986	 89.210764	 89.207782	 89.205037	 89.202527	 89.200251	 89.198207	 89.196394	  89.19481	 89.193455	 89.192326	 89.191425	 89.190749	 89.190299	 89.190074	
        99	 98.885914	 98.771848	 98.657822	 98.543857	 98.429971	 98.316185	 98.202518	 98.088991	 97.975623	 97.862434	 97.749444	 97.636671	 97.524135	 97.411855	 97.299851	 97.188141	 97.076744	 96.965679	 96.854964	 96.744617	 96.634656	   96.5251	 96.415965	  96.30727	 96.199031	 96.091266	 95.983992	 95.877224	 95.770979	 95.665273	 95.560122	  95.45554	 95.351545	 95.248149	 95.145368	 95.043216	 94.941707	 94.840855	 94.740672	 94.641173	 94.542369	 94.444273	 94.346897	 94.250252	 94.154351	 94.059203	 93.964821	 93.871213	 93.778389	 93.686361	 93.595135	 93.504723	 93.415131	 93.326368	 93.238442	  93.15136	  93.06513	 92.979757	 92.895249	 92.811611	 92.728849	 92.646967	 92.565971	 92.485866	 92.406655	 92.328343	 92.250932	 92.174425	 92.098826	 92.024137	  91.95036	 91.877497	 91.805548	 91.734515	 91.664398	 91.595199	 91.526917	 91.459551	 91.393101	 91.327567	 91.262947	 91.199239	 91.136442	 91.074553	 91.013571	 90.953492	 90.894314	 90.836034	 90.778648	 90.722152	 90.666543	 90.611816	 90.557967	 90.504991	 90.452883	 90.401639	 90.351253	 90.301719	 90.253032	 90.205186	 90.158175	 90.111992	 90.066631	 90.022087	  89.97835	 89.935416	 89.893277	 89.851926	 89.811355	 89.771557	 89.732525	  89.69425	 89.656726	 89.619944	 89.583897	 89.548576	 89.513973	  89.48008	 89.446889	 89.414392	  89.38258	 89.351444	 89.320978	 89.291171	 89.262016	 89.233504	 89.205626	 89.178375	 89.151741	 89.125716	 89.100291	 89.075458	 89.051209	 89.027534	 89.004427	 88.981877	 88.959877	 88.938418	 88.917493	 88.897092	 88.877208	 88.857833	 88.838958	 88.820576	 88.802679	 88.785259	 88.768307	 88.751817	 88.735781	 88.720192	 88.705041	 88.690322	 88.676028	 88.662151	 88.648685	 88.635623	 88.622957	 88.610682	  88.59879	 88.587276	 88.576133	 88.565355	 88.554936	 88.544871	 88.535152	 88.525776	 88.516736	 88.508027	 88.499644	 88.491582	 88.483836	 88.476401	 88.469273	 88.462447	 88.455919	 88.449685	 88.443741	 88.438083	 88.432707	 88.427611	  88.42279	 88.418241	 88.413962	 88.409949	 88.406201	 88.402713	 88.399485	 88.396513	 88.393796	 88.391332	  88.38912	 88.387157	 88.385442	 88.383974	 88.382753	 88.381777	 88.381046	 88.380558	 88.380315	
        99	 98.877235	 98.754491	 98.631791	 98.509155	 98.386605	 98.264162	 98.141848	 98.019684	 97.897692	 97.775892	 97.654305	 97.532952	 97.411855	 97.291034	 97.170509	   97.0503	 96.930428	 96.810913	 96.691775	 96.573033	 96.454707	 96.336816	 96.219379	 96.102415	 95.985942	 95.869978	 95.754542	 95.639652	 95.525324	 95.411576	 95.298425	 95.185888	 95.073981	 94.962719	 94.852119	 94.742195	 94.632964	 94.524439	 94.416635	 94.309566	 94.203245	 94.097686	 93.992902	 93.888905	 93.785708	 93.683322	 93.581759	 93.481029	 93.381144	 93.282114	 93.183949	 93.086658	  92.99025	 92.894735	 92.800119	 92.706413	 92.613622	 92.521755	 92.430817	 92.340816	 92.251757	 92.163647	 92.076489	  91.99029	 91.905053	 91.820782	 91.737482	 91.655155	 91.573805	 91.493434	 91.414044	 91.335637	 91.258214	 91.181778	 91.106327	 91.031863	 90.958386	 90.885895	  90.81439	  90.74387	 90.674334	 90.605779	 90.538205	 90.471608	 90.405986	 90.341337	 90.277657	 90.214943	 90.153191	 90.092397	 90.032558	 89.973667	 89.915721	 89.858715	 89.802643	 89.747501	 89.693281	 89.639979	 89.587588	 89.536102	 89.485514	 89.435818	 89.387007	 89.339073	 89.292009	 89.245809	 89.200464	 89.155967	 89.112309	 89.069484	 89.027482	 88.986296	 88.945917	 88.906337	 88.867547	 88.829538	 88.792303	 88.755832	 88.720116	 88.685146	 88.650914	  88.61741	 88.584626	 88.552551	 88.521178	 88.490497	 88.460499	 88.431174	 88.402514	 88.374509	  88.34715	 88.320428	 88.294334	 88.268858	 88.243992	 88.219727	 88.196053	 88.172962	 88.150445	 88.128492	 88.107095	 88.086246	 88.065936	 88.046155	 88.026896	  88.00815	  87.98991	 87.972165	 87.954909	 87.938134	  87.92183	 87.905992	  87.89061	 87.875678	 87.861187	 87.847131	 87.833501	 87.820292	 87.807496	 87.795106	 87.783115	 87.771517	 87.760306	 87.749474	 87.739017	 87.728927	 87.719199	 87.709828	 87.700807	 87.692132	 87.683796	 87.675796	 87.668125	  87.66078	 87.653756	 87.647048	 87.640651	 87.634563	 87.628778	 87.623294	 87.618106	 87.613211	 87.608607	 87.604289	 87.600255	 87.596502	 87.593028	  87.58983	 87.586907	 87.584255	 87.581874	 87.579762	 87.577917	 87.576338	 87.575024	 87.573973	 87.573186	 87.572662	   87.5724	
        99	 98.868577	 98.737177	 98.605823	 98.474538	 98.343345	 98.212267	 98.081327	 97.950547	 97.819951	 97.689561	 97.559399	 97.429489	 97.299851	 97.170509	 97.041483	 96.912797	 96.784471	 96.656528	 96.528987	 96.401871	   96.2752	 96.148995	 96.023275	 95.898062	 95.773375	 95.649233	 95.525656	 95.402663	 95.280272	 95.158502	 95.037371	 94.916897	 94.797097	 94.677989	 94.559589	 94.441913	 94.324978	 94.208799	 94.093392	 93.978772	 93.864953	 93.751949	 93.639775	 93.528444	 93.417969	 93.308362	 93.199636	 93.091803	 92.984873	 92.878859	 92.773771	 92.669618	 92.566411	 92.464159	 92.362872	 92.262556	 92.163222	 92.064875	 91.967524	 91.871176	 91.775836	 91.681511	 91.588207	 91.495928	  91.40468	 91.314466	 91.225291	 91.137159	 91.050071	 90.964032	 90.879043	 90.795106	 90.712224	 90.630396	 90.549624	 90.469909	 90.391249	 90.313646	 90.237099	 90.161605	 90.087165	 90.013775	 89.941435	 89.870141	 89.799892	 89.730683	 89.662512	 89.595375	 89.529268	 89.464187	 89.400127	 89.337083	 89.275051	 89.214024	 89.153998	 89.094966	 89.036923	 88.979862	 88.923776	 88.868659	 88.814503	 88.761302	 88.709048	 88.657734	 88.607351	 88.557893	  88.50935	 88.461714	 88.414978	 88.369132	 88.324168	 88.280077	 88.236851	 88.194479	 88.152953	 88.112265	 88.072403	  88.03336	 87.995125	 87.957689	 87.921043	 87.885176	 87.850079	 87.815743	 87.782157	 87.749312	 87.717198	 87.685805	 87.655124	 87.625144	 87.595855	 87.567249	 87.539314	 87.512042	 87.485423	 87.459446	 87.434103	 87.409383	 87.385278	 87.361777	 87.338871	 87.316552	 87.294809	 87.273633	 87.253016	 87.232948	 87.213421	 87.194425	 87.175952	 87.157993	  87.14054	 87.123585	 87.107118	 87.091133	  87.07562	 87.060572	 87.045982	 87.031841	 87.018142	 87.004879	 86.992042	 86.979626	 86.967624	 86.956029	 86.944834	 86.934032	 86.923619	 86.913586	 86.903929	 86.894642	 86.885719	 86.877154	 86.868943	  86.86108	  86.85356	 86.846378	 86.839531	 86.833013	 86.826821	 86.820949	 86.815396	 86.810156	 86.805226	 86.800604	 86.796286	 86.792268	 86.788549	 86.785126	 86.781996	 86.779158	 86.776609	 86.774348	 86.772372	 86.770682	 86.769275	  86.76815	 86.767308	 86.766746	 86.766466	
        99	 98.859942	 98.719908	 98.579923	 98.440012	 98.300198	 98.160508	 98.020964	 97.881592	 97.742415	 97.603457	 97.464743	 97.326297	 97.188141	   97.0503	 96.912797	 96.775655	 96.638898	 96.502548	 96.366627	 96.231159	 96.096164	 95.961667	 95.827687	 95.694246	 95.561366	 95.429068	 95.297371	 95.166296	 95.035863	 94.906093	 94.777003	 94.648613	 94.520941	 94.394007	 94.267827	 94.142419	 94.017801	 93.893988	 93.770999	 93.648847	 93.527549	 93.407121	 93.287577	  93.16893	 93.051196	 92.934387	 92.818518	 92.703599	 92.589644	 92.476664	  92.36467	 92.253674	 92.143686	 92.034716	 91.926773	 91.819866	 91.714004	 91.609196	 91.505449	 91.402769	 91.301165	 91.200643	 91.101208	 91.002866	 90.905622	 90.809481	 90.714447	 90.620523	 90.527713	 90.436021	 90.345447	 90.255996	 90.167667	 90.080463	 89.994384	 89.909431	 89.825603	 89.742901	 89.661323	  89.58087	 89.501538	 89.423326	 89.346233	 89.270255	  89.19539	 89.121634	 89.048983	 88.977435	 88.906985	 88.837627	 88.769358	 88.702172	 88.636063	 88.571027	 88.507057	 88.444146	 88.382289	 88.321478	 88.261707	 88.202969	 88.145255	 88.088558	 88.032871	 87.978185	 87.924492	 87.871784	 87.820051	 87.769286	 87.719479	  87.67062	 87.622702	 87.575714	 87.529647	 87.484492	 87.440238	 87.396875	 87.354395	 87.312786	 87.272039	 87.232143	 87.193089	 87.154865	 87.117463	  87.08087	 87.045078	 87.010075	 86.975851	 86.942395	 86.909698	 86.877748	 86.846535	 86.816049	 86.786279	 86.757214	 86.728846	 86.701162	 86.674154	  86.64781	 86.622121	 86.597076	 86.572665	 86.548879	 86.525707	 86.503141	 86.481169	 86.459782	 86.438972	 86.418728	 86.399041	 86.379902	 86.361303	 86.343233	 86.325685	 86.308649	 86.292117	  86.27608	 86.260531	 86.245461	 86.230863	 86.216727	 86.203047	 86.189816	 86.177025	 86.164668	 86.152737	 86.141226	 86.130128	 86.119436	 86.109145	 86.099247	 86.089738	  86.08061	  86.07186	  86.06348	 86.055466	 86.047813	 86.040515	 86.033569	  86.02697	 86.020713	 86.014794	  86.00921	 86.003957	 85.999031	 85.994428	 85.990147	 85.986184	 85.982536	   85.9792	 85.976175	 85.973459	 85.971049	 85.968944	 85.967142	 85.965643	 85.964445	 85.963547	 85.962948	 85.962649	
        99	  98.85133	 98.702687	 98.554096	 98.405582	 98.257173	 98.108894	 97.960771	  97.81283	 97.665096	 97.517595	 97.370353	 97.223394	 97.076744	 96.930428	 96.784471	 96.638898	 96.493732	 96.348999	 96.204722	 96.060924	  95.91763	 95.774863	 95.632646	 95.491001	 95.349952	 95.209519	 95.069725	 94.930592	  94.79214	  94.65439	 94.517364	  94.38108	 94.245559	 94.110821	 93.976883	 93.843765	 93.711485	  93.58006	 93.449508	 93.319847	 93.191092	 93.063259	 92.936365	 92.810424	 92.685451	 92.561461	 92.438467	 92.316483	 92.195521	 92.075595	 91.956716	 91.838896	 91.722145	 91.606475	 91.491895	 91.378416	 91.266046	 91.154794	 91.044668	 90.935675	 90.827825	 90.721122	 90.615573	 90.511185	 90.407962	  90.30591	 90.205033	 90.105335	 90.006819	 89.909489	 89.813347	 89.718396	 89.624636	 89.532071	 89.440699	 89.350523	 89.261542	 89.173755	 89.087162	 89.001761	 88.917552	 88.834532	 88.752699	  88.67205	 88.592581	 88.514291	 88.437174	 88.361227	 88.286444	 88.212823	 88.140356	 88.069039	 87.998866	 87.929832	 87.861928	  87.79515	  87.72949	  87.66494	 87.601494	 87.539144	 87.477882	   87.4177	 87.358589	  87.30054	 87.243546	 87.187597	 87.132684	 87.078798	 87.025928	 86.974066	 86.923202	 86.873325	 86.824426	 86.776494	 86.729519	  86.68349	 86.638398	 86.594231	 86.550979	  86.50863	 86.467175	 86.426601	 86.386899	 86.348057	 86.310064	 86.272909	  86.23658	 86.201068	  86.16636	 86.132446	 86.099314	 86.066953	 86.035353	 86.004502	 85.974389	 85.945004	 85.916335	 85.888371	 85.861102	 85.834518	 85.808606	 85.783358	 85.758761	 85.734807	 85.711484	 85.688783	 85.666693	 85.645204	 85.624307	 85.603992	 85.584249	 85.565068	 85.546441	 85.528357	 85.510809	 85.493787	 85.477282	 85.461285	 85.445789	 85.430784	 85.416264	 85.402218	 85.388641	 85.375524	  85.36286	 85.350641	 85.338861	 85.327512	 85.316588	 85.306082	 85.295987	 85.286299	  85.27701	 85.268115	 85.259608	 85.251484	 85.243739	 85.236365	  85.22936	 85.222719	 85.216436	 85.210509	 85.204932	 85.199703	 85.194818	 85.190274	 85.186067	 85.182194	 85.178654	 85.175443	 85.172559	 85.170001	 85.167767	 85.165855	 85.164263	 85.162991	 85.162038	 85.161403	 85.161085	
