Time step 64:
        99	        99	        99	        99	        99	        99	        99	        99	        99	        99	        99	        99	        99	        99	        99	        99	        99	        99	        99	        99	        99	        99	        99	        99	        99	        99	        99	        99	        99	        99	        99	        99	        99	        99	        99	        99	        99	        99	        99	        99	        99	        99	        99	        99	        99	        99	        99	        99	        99	        99	        99	        99	        99	        99	        99	        99	        99	        99	        99	        99	        99	        99	        99	        99	        99	        99	        99	        99	        99	        99	        99	        99	        99	        99	        99	        99	        99	        99	        99	        99	        99	        99	        99	        99	        99	        99	        99	        99	        99	        99	        99	        99	        99	        99	        99	        99	        99	        99	        99	        99	        99	        99	        99	        99	        99	        99	        99	        99	        99	        99	        99	        99	        99	        99	        99	        99	        99	        99	        99	        99	        99	        99	        99	        99	        99	        99	        99	        99	        99	        99	        99	        99	        99	        99	        99	        99	        99	        99	        99	        99	        99	        99	        99	        99	        99	        99	        99	        99	        99	        99	        99	        99	        99	        99	        99	        99	        99	        99	        99	        99	        99	        99	        99	        99	        99	        99	        99	        99	        99	        99	        99	        99	        99	        99	        99	        99	        99	        99	        99	        99	        99	        99	        99	        99	        99	        99	        99	        99	        99	        99	        99	        99	        99	        99	        99	        99	        99	        99	        99	        99	
        99	 98.990079	 98.980159	 98.970244	 98.960334	 98.950433	 98.940541	  98.93066	 98.920794	 98.910943	 98.901109	 98.891295	 98.881502	 98.871732	 98.861987	  98.85227	  98.84258	 98.832922	 98.823296	 98.813703	 98.804147	 98.794628	 98.785149	 98.775711	 98.766315	 98.756964	 98.747659	 98.738402	 98.729193	 98.720036	  98.71093	 98.701879	 98.692882	 98.683943	 98.675061	 98.666239	 98.657477	 98.648777	 98.640141	 98.631569	 98.623063	 98.614623	 98.606252	  98.59795	 98.589718	 98.581557	 98.573468	 98.565452	  98.55751	 98.549643	 98.541852	 98.534137	   98.5265	  98.51894	 98.511459	 98.504058	 98.496736	 98.489495	 98.482334	 98.475256	 98.468259	 98.461344	 98.454512	 98.447763	 98.441098	 98.434516	 98.428018	 98.421605	 98.415275	  98.40903	 98.402869	 98.396793	 98.390801	 98.384894	 98.379071	 98.373333	 98.367679	 98.362109	 98.356623	 98.351221	 98.345903	 98.340668	 98.335516	 98.330446	 98.325459	 98.320554	 98.315731	 98.310988	 98.306327	 98.301746	 98.297244	 98.292822	 98.288479	 98.284214	 98.280026	 98.275916	 98.271882	 98.267923	  98.26404	 98.260231	 98.256496	 98.252834	 98.249245	 98.245727	  98.24228	 98.238903	 98.235595	 98.232356	 98.229185	 98.226081	 98.223043	 98.220071	 98.217163	 98.214319	 98.211538	 98.208819	 98.206161	 98.203564	 98.201026	 98.198547	 98.196126	 98.193762	 98.191454	 98.189201	 98.187003	 98.184858	 98.182766	 98.180726	 98.178737	 98.176798	 98.174908	 98.173067	 98.171273	 98.169526	 98.167825	 98.166169	 98.164558	  98.16299	 98.161465	 98.159981	 98.158539	 98.157137	 98.155774	 98.154451	 98.153165	 98.151917	 98.150705	 98.149529	 98.148388	 98.147281	 98.146208	 98.145168	 98.144161	 98.143185	  98.14224	 98.141325	  98.14044	 98.139584	 98.138757	 98.137957	 98.137185	  98.13644	  98.13572	 98.135027	 98.134358	 98.133714	 98.133094	 98.132498	 98.131925	 98.131375	 98.130846	  98.13034	 98.129855	 98.129391	 98.128947	 98.128524	  98.12812	 98.127736	 98.127371	 98.127025	 98.126697	 98.126387	 98.126096	 98.125822	 98.125565	 98.125326	 98.125103	 98.124898	 98.124709	 98.124536	 98.124379	 98.124239	 98.124114	 98.124006	 98.123913	 98.123835	 98.123774	 98.123727	 98.123697	 98.123681	
        99	 98.980159	 98.960323	 98.940494	 98.920677	 98.900875	 98.881093	 98.861335	 98.841603	 98.821903	 98.802238	 98.782611	 98.763027	  98.74349	 98.724002	 98.704568	 98.685192	 98.665877	 98.646626	 98.627443	 98.608333	 98.589297	 98.570341	 98.551466	 98.532677	 98.513977	 98.495368	 98.476855	  98.45844	 98.440127	 98.421918	 98.403817	 98.385826	 98.367948	 98.350186	 98.332543	 98.315021	 98.297624	 98.280352	  98.26321	   98.2462	 98.229323	 98.212582	 98.195979	 98.179516	 98.163196	  98.14702	  98.13099	 98.115108	 98.099376	 98.083795	 98.068367	 98.053093	 98.037976	 98.023015	 98.008213	 97.993571	  97.97909	 97.964771	 97.950615	 97.936622	 97.922794	 97.909132	 97.895636	 97.882306	 97.869144	  97.85615	 97.843323	 97.830665	 97.818176	 97.805856	 97.793705	 97.781722	 97.769909	 97.758265	 97.746789	 97.735483	 97.724344	 97.713373	  97.70257	 97.691935	 97.681465	 97.671162	 97.661024	 97.651051	 97.641242	 97.631596	 97.622113	 97.612791	 97.603629	 97.594628	 97.585784	 97.577098	 97.568569	 97.560195	 97.551974	 97.543907	 97.535991	 97.528225	 97.520608	 97.513139	 97.505816	 97.498637	 97.491602	 97.484709	 97.477956	 97.471341	 97.464864	 97.458523	 97.452315	  97.44624	 97.440296	 97.434481	 97.428793	 97.423232	 97.417794	 97.412479	 97.407285	  97.40221	 97.397253	 97.392411	 97.387683	 97.383067	 97.378562	 97.374166	 97.369877	 97.365693	 97.361613	 97.357635	 97.353758	 97.349978	 97.346296	 97.342709	 97.339216	 97.335814	 97.332503	  97.32928	 97.326145	 97.323094	 97.320128	 97.317244	  97.31444	 97.311715	 97.309068	 97.306497	 97.304001	 97.301577	 97.299225	 97.296944	 97.294731	 97.292585	 97.290505	  97.28849	 97.286538	 97.284649	 97.282819	  97.28105	 97.279338	 97.277684	 97.276085	  97.27454	  97.27305	 97.271611	 97.270224	 97.268887	   97.2676	  97.26636	 97.265168	 97.264022	 97.262921	 97.261864	 97.260852	 97.259881	 97.258953	 97.258066	 97.257219	 97.256412	 97.255644	 97.254914	 97.254221	 97.253566	 97.252947	 97.252364	 97.251816	 97.251303	 97.250824	 97.250379	 97.249968	  97.24959	 97.249245	 97.248932	 97.248651	 97.248402	 97.248184	 97.247998	 97.247844	  97.24772	 97.247628	 97.247566	 97.247535	
        99	 98.970244	 98.940494	 98.910755	 98.881035	 98.851337	 98.821669	 98.792036	 98.762444	 98.732898	 98.703405	 98.673971	 98.644599	 98.615298	 98.586071	 98.556925	 98.527865	 98.498897	 98.470026	 98.441257	 98.412596	 98.384047	 98.355617	  98.32731	 98.299131	 98.271085	 98.243177	 98.215412	 98.187794	 98.160328	  98.13302	 98.105872	  98.07889	 98.052077	 98.025439	 97.998979	 97.972701	 97.946608	 97.920706	 97.894997	 97.869485	 97.844174	 97.819067	 97.794166	 97.769476	    97.745	  97.72074	 97.696699	  97.67288	 97.649285	 97.625918	  97.60278	 97.579873	   97.5572	 97.534764	 97.512565	 97.490605	 97.468887	 97.447412	 97.426181	 97.405196	 97.384457	 97.363967	 97.343726	 97.323735	 97.303995	 97.284507	  97.26527	 97.246286	 97.227556	 97.209078	 97.190854	 97.172884	 97.155167	 97.137703	 97.120493	 97.103536	 97.086831	 97.070377	 97.054176	 97.038224	 97.022523	 97.007071	 96.991867	  96.97691	 96.962198	 96.947732	 96.933509	 96.919528	 96.905788	 96.892288	 96.879025	 96.865998	 96.853206	 96.840647	 96.828318	 96.816219	 96.804347	 96.792701	 96.781277	 96.770075	 96.759092	 96.748326	 96.737775	 96.727437	 96.717309	 96.707389	 96.697675	 96.688164	 96.678855	 96.669743	 96.660829	 96.652107	 96.643578	 96.635237	 96.627082	 96.619111	 96.611321	 96.603709	 96.596274	 96.589013	 96.581922	    96.575	 96.568243	  96.56165	 96.555217	 96.548943	 96.542824	 96.536858	 96.531042	 96.525374	 96.519852	 96.514472	 96.509233	 96.504132	 96.499166	 96.494333	  96.48963	 96.485055	 96.480606	  96.47628	 96.472075	 96.467989	 96.464019	 96.460163	 96.456419	 96.452785	 96.449257	 96.445835	 96.442517	 96.439299	  96.43618	 96.433157	  96.43023	 96.427396	 96.424653	 96.421998	 96.419431	  96.41695	 96.414552	 96.412236	     96.41	 96.407843	 96.405763	 96.403758	 96.401826	 96.399967	 96.398179	  96.39646	 96.394809	 96.393225	 96.391706	 96.390251	 96.388859	 96.387529	 96.386259	 96.385048	 96.383896	 96.382801	 96.381763	  96.38078	 96.379851	 96.378977	 96.378155	 96.377386	 96.376668	 96.376001	 96.375384	 96.374816	 96.374298	 96.373829	 96.373408	 96.373034	 96.372708	  96.37243	 96.372198	 96.372012	 96.371874	 96.371781	 96.371735	
        99	 98.960334	 98.920677	 98.881035	 98.841416	 98.801828	  98.76228	 98.722779	 98.683331	 98.643947	 98.604632	 98.565394	 98.526242	 98.487182	 98.448222	  98.40937	 98.370632	 98.332017	 98.293531	 98.255181	 98.216975	 98.178919	  98.14102	 98.103286	 98.065723	 98.028337	 97.991135	 97.954123	 97.917308	 97.880695	 97.844292	 97.808103	 97.772136	 97.736394	 97.700884	 97.665612	 97.630583	 97.595801	 97.561273	 97.527002	 97.492994	 97.459253	 97.425784	 97.392592	 97.359679	 97.327052	 97.294712	 97.262665	 97.230914	 97.199461	 97.168312	 97.137468	 97.106933	  97.07671	 97.046801	 97.017209	 96.987937	 96.958986	 96.930359	 96.902057	 96.874083	 96.846439	 96.819125	 96.792143	 96.765495	  96.73918	 96.713202	 96.687559	 96.662253	 96.637285	 96.612654	 96.588361	 96.564406	 96.540789	 96.517509	 96.494567	 96.471963	 96.449694	 96.427762	 96.406164	 96.384901	 96.363971	 96.343373	 96.323105	 96.303167	 96.283556	 96.264272	 96.245313	 96.226676	  96.20836	 96.190364	 96.172684	 96.155319	 96.138267	 96.121525	 96.105091	 96.088962	 96.073137	 96.057611	 96.042384	 96.027451	  96.01281	 95.998459	 95.984394	 95.970613	 95.957112	 95.943889	  95.93094	 95.918261	 95.905851	 95.893706	 95.881822	 95.870197	 95.858826	 95.847707	 95.836837	 95.826211	 95.815827	 95.805681	  95.79577	  95.78609	 95.776638	  95.76741	 95.758404	 95.749615	  95.74104	 95.732676	 95.724519	 95.716566	 95.708814	 95.701258	 95.693897	 95.686726	 95.679742	 95.672941	 95.666321	 95.659879	  95.65361	 95.647512	 95.641581	 95.635815	 95.630209	 95.624762	  95.61947	  95.61433	 95.609339	 95.604494	 95.599792	 95.595231	 95.590807	 95.586517	 95.582359	 95.578331	 95.574429	  95.57065	 95.566993	 95.563455	 95.560034	 95.556726	 95.553529	 95.550442	 95.547462	 95.544586	 95.541813	  95.53914	 95.536566	 95.534088	 95.531704	 95.529412	 95.527212	   95.5251	 95.523075	 95.521135	  95.51928	 95.517506	 95.515813	   95.5142	 95.512664	 95.511204	  95.50982	  95.50851	 95.507272	 95.506106	 95.505011	 95.503985	 95.503028	 95.502139	 95.501317	 95.500561	  95.49987	 95.499244	 95.498683	 95.498185	 95.497751	 95.497379	  95.49707	 95.496823	 95.496638	 95.496514	 95.496453	
        99	 98.950433	 98.900875	 98.851337	 98.801828	 98.752359	 98.702938	 98.653576	 98.604281	 98.555065	 98.505936	 98.456903	 98.407977	 98.359167	 98.310481	  98.26193	 98.213523	 98.165268	 98.117174	 98.069251	 98.021508	 97.973952	 97.926593	 97.879439	 97.832499	  97.78578	 97.739291	  97.69304	 97.647035	 97.601283	 97.555792	  97.51057	 97.465623	  97.42096	 97.376586	 97.332509	 97.288735	 97.245271	 97.202123	 97.159297	 97.116799	 97.074636	 97.032812	 96.991334	 96.950206	 96.909433	 96.869021	 96.828974	 96.789296	 96.749992	 96.711067	 96.672524	 96.634366	 96.596598	 96.559223	 96.522244	 96.485664	 96.449487	 96.413713	 96.378347	  96.34339	 96.308844	 96.274712	 96.240995	 96.207694	 96.174811	 96.142347	 96.110304	 96.078681	 96.047479	   96.0167	 95.986342	 95.956408	 95.926895	 95.897804	 95.869135	 95.840888	 95.813061	 95.785653	 95.758664	 95.732093	 95.705938	 95.680198	 95.654871	 95.629955	  95.60545	 95.581352	 95.557659	  95.53437	 95.511482	 95.488993	   95.4669	   95.4452	 95.423891	  95.40297	 95.382434	 95.362279	 95.342503	 95.323102	 95.304073	 95.285413	 95.267117	 95.249184	 95.231608	 95.214386	 95.197515	 95.180991	 95.164809	 95.148966	 95.133458	 95.118281	 95.103431	 95.088903	 95.074694	   95.0608	 95.047215	 95.033937	 95.020961	 95.008282	 94.995897	   94.9838	 94.971989	 94.960458	 94.949203	  94.93822	 94.927504	 94.917052	 94.906859	 94.896921	 94.887234	 94.877792	 94.868593	 94.859632	 94.850905	 94.842407	 94.834134	 94.826083	 94.818249	 94.810629	 94.803218	 94.796012	 94.789008	 94.782201	 94.775588	 94.769164	 94.762928	 94.756873	 94.750997	 94.745297	 94.739768	 94.734408	 94.729212	 94.724178	 94.719302	 94.714581	 94.710011	  94.70559	 94.701314	  94.69718	 94.693186	 94.689328	 94.685603	  94.68201	 94.678544	 94.675205	 94.671987	 94.668891	 94.665912	 94.663049	 94.660298	 94.657659	 94.655129	 94.652705	 94.650386	  94.64817	 94.646055	 94.644038	 94.642119	 94.640295	 94.638565	 94.636928	 94.635381	 94.633924	 94.632556	 94.631274	 94.630078	 94.628967	 94.627939	 94.626994	 94.626131	  94.62535	 94.624648	 94.624026	 94.623483	 94.623018	 94.622632	 94.622323	 94.622092	 94.621938	 94.621861	
        99	 98.940541	 98.881093	 98.821669	  98.76228	 98.702938	 98.643654	 98.584441	 98.525309	 98.466271	 98.407337	 98.348519	 98.289829	 98.231278	 98.172877	 98.114637	 98.056568	 97.998683	 97.940992	 97.883505	 97.826233	 97.769187	 97.712377	 97.655813	 97.599505	 97.543462	 97.487696	 97.432215	 97.377029	 97.322146	 97.267577	  97.21333	 97.159413	 97.105836	 97.052607	 96.999733	 96.947224	 96.895086	 96.843327	 96.791954	 96.740976	 96.690398	 96.640228	 96.590472	 96.541136	 96.492226	 96.443749	  96.39571	 96.348114	 96.300967	 96.254273	 96.208038	 96.162265	  96.11696	 96.072126	 96.027768	 95.983888	  95.94049	 95.897577	 95.855153	  95.81322	  95.77178	 95.730836	  95.69039	 95.650444	 95.610999	 95.572056	 95.533617	 95.495684	 95.458255	 95.421333	 95.384918	 95.349009	 95.313606	  95.27871	  95.24432	 95.210435	 95.177055	 95.144178	 95.111803	 95.079929	 95.048554	 95.017677	 94.987295	 94.957408	 94.928011	 94.899104	 94.870684	 94.842747	 94.815292	 94.788314	 94.761812	 94.735782	  94.71022	 94.685124	 94.660489	 94.636312	 94.612589	 94.589316	  94.56649	 94.544106	 94.522159	 94.500647	 94.479563	 94.458905	 94.438667	 94.418845	 94.399434	 94.380429	 94.361826	  94.34362	 94.325806	  94.30838	 94.291335	 94.274668	 94.258373	 94.242445	 94.226879	  94.21167	 94.196812	 94.182302	 94.168133	 94.154301	   94.1408	 94.127625	 94.114771	 94.102233	 94.090006	 94.078085	 94.066464	 94.055138	 94.044103	 94.033354	 94.022885	 94.012691	 94.002767	  93.99311	 93.983712	 93.974571	 93.965681	 93.957037	 93.948635	  93.94047	 93.932537	 93.924832	  93.91735	 93.910088	 93.903039	 93.896201	  93.88957	 93.883139	 93.876907	 93.870868	 93.865019	 93.859355	 93.853873	  93.84857	  93.84344	 93.838482	  93.83369	 93.829062	 93.824595	 93.820284	 93.816127	 93.812121	 93.808262	 93.804547	 93.800974	 93.797539	  93.79424	 93.791074	 93.788039	 93.785131	  93.78235	 93.779691	 93.777153	 93.774734	 93.772432	 93.770244	 93.768169	 93.766205	  93.76435	 93.762602	 93.760961	 93.759423	 93.757989	 93.756656	 93.755423	  93.75429	 93.753254	 93.752316	 93.751475	 93.750728	 93.750077	  93.74952	 93.749056	 93.748686	 93.748409	 93.748224	 93.748132	
        99	  98.93066	 98.861335	 98.792036	 98.722779	 98.653576	 98.584441	 98.515388	 98.446431	 98.377582	 98.308855	 98.240264	 98.171821	 98.103541	 98.035435	 97.967517	   97.8998	 97.832296	 97.765018	 97.697979	  97.63119	 97.564665	 97.498415	 97.432451	 97.366786	 97.301432	 97.236399	 97.171698	 97.107342	  97.04334	 96.979703	 96.916441	 96.853566	 96.791086	 96.729011	 96.667352	 96.606117	 96.545315	 96.484955	 96.425047	 96.365597	 96.306615	 96.248108	 96.190084	 96.132549	 96.075513	  96.01898	 95.962958	 95.907454	 95.852472	 95.798019	 95.744101	 95.690723	 95.637889	 95.585606	 95.533876	 95.482704	 95.432095	 95.382052	 95.332578	 95.283677	 95.235351	 95.187604	 95.140437	 95.093853	 95.047853	 95.002439	 94.957613	 94.913376	 94.869729	 94.826671	 94.784205	 94.742329	 94.701043	 94.660349	 94.620244	 94.580729	 94.541801	 94.503461	 94.465706	 94.428536	 94.391948	  94.35594	  94.32051	 94.285656	 94.251375	 94.217664	 94.184521	 94.151942	 94.119924	 94.088464	 94.057558	 94.027203	 93.997394	 93.968127	 93.939398	 93.911204	 93.883539	 93.856399	  93.82978	 93.803676	 93.778083	 93.752996	 93.728409	 93.704318	 93.680717	 93.657601	 93.634964	 93.612802	 93.591107	 93.569876	 93.549102	  93.52878	 93.508903	 93.489466	 93.470463	 93.451888	 93.433736	 93.415999	 93.398673	 93.381752	 93.365229	 93.349098	 93.333353	 93.317989	    93.303	 93.288378	 93.274119	 93.260217	 93.246665	 93.233458	 93.220589	 93.208053	 93.195844	 93.183956	 93.172384	 93.161122	 93.150163	 93.139503	 93.129135	 93.119055	 93.109257	 93.099735	 93.090484	 93.081498	 93.072773	 93.064304	 93.056085	  93.04811	 93.040376	 93.032878	  93.02561	 93.018567	 93.011746	 93.005141	 92.998749	 92.992564	 92.986582	 92.980799	 92.975212	 92.969815	 92.964605	 92.959578	  92.95473	 92.950058	 92.945558	 92.941226	 92.937059	 92.933053	 92.929206	 92.925514	 92.921974	 92.918584	  92.91534	  92.91224	  92.90928	 92.906459	 92.903774	 92.901223	 92.898803	 92.896513	 92.894349	 92.892311	 92.890397	 92.888604	 92.886931	 92.885376	 92.883939	 92.882617	  92.88141	 92.880316	 92.879334	 92.878464	 92.877705	 92.877055	 92.876514	 92.876083	 92.875759	 92.875544	 92.875436	
        99	 98.920794	 98.841603	 98.762444	 98.683331	 98.604281	 98.525309	 98.446431	 98.367661	 98.289015	 98.210509	 98.132158	 98.053976	 97.975979	 97.898183	   97.8206	 97.743247	 97.666138	 97.589287	 97.512708	 97.436416	 97.360425	 97.284747	 97.209398	 97.134389	 97.059735	 96.985448	 96.911541	 96.838027	 96.764918	 96.692226	 96.619962	  96.54814	  96.47677	 96.405862	 96.335429	  96.26548	 96.196027	 96.127078	 96.058645	 95.990736	 95.923361	 95.856529	 95.790248	 95.724527	 95.659375	 95.594798	 95.530804	 95.467401	 95.404596	 95.342395	 95.280805	 95.219831	  95.15948	 95.099756	 95.040666	 94.982213	 94.924402	 94.867238	 94.810725	 94.754865	 94.699663	 94.645121	 94.591243	  94.53803	 94.485484	 94.433609	 94.382404	 94.331873	 94.282014	  94.23283	  94.18432	 94.136486	 94.089326	 94.042841	 93.997029	 93.951891	 93.907424	 93.863629	 93.820502	 93.778042	 93.736248	 93.695116	 93.654645	 93.614831	 93.575672	 93.537164	 93.499305	  93.46209	 93.425517	  93.38958	 93.354276	 93.319601	 93.285551	 93.252119	 93.219303	 93.187097	 93.155495	 93.124494	 93.094086	 93.064268	 93.035033	 93.006376	 92.978291	 92.950772	 92.923812	 92.897407	 92.871549	 92.846233	 92.821452	   92.7972	  92.77347	 92.750256	  92.72755	 92.705348	 92.683641	 92.662423	 92.641687	 92.621427	 92.601636	 92.582306	 92.563432	 92.545006	 92.527021	 92.509471	 92.492348	 92.475646	 92.459359	 92.443478	 92.427998	 92.412911	 92.398211	 92.383891	 92.369945	 92.356366	 92.343147	 92.330282	 92.317764	 92.305587	 92.293744	 92.282229	 92.271037	  92.26016	 92.249592	 92.239329	 92.229362	 92.219687	 92.210299	  92.20119	 92.192355	  92.18379	 92.175487	 92.167443	 92.159651	 92.152106	 92.144804	 92.137739	 92.130906	 92.124301	 92.117918	 92.111753	 92.105802	  92.10006	 92.094522	 92.089185	 92.084044	 92.079096	 92.074336	  92.06976	 92.065366	 92.061149	 92.057105	 92.053232	 92.049527	 92.045985	 92.042605	 92.039383	 92.036316	 92.033401	 92.030637	 92.028021	 92.025549	 92.023221	 92.021034	 92.018986	 92.017075	 92.015299	 92.013657	 92.012148	 92.010769	 92.009519	 92.008398	 92.007404	 92.006536	 92.005794	 92.005177	 92.004683	 92.004314	 92.004068	 92.003945	
        99	 98.910943	 98.821903	 98.732898	 98.643947	 98.555065	 98.466271	 98.377582	 98.289015	 98.200588	 98.112318	 98.024222	 97.936317	 97.848619	 97.761147	 97.673915	 97.586942	 97.500242	 97.413833	  97.32773	  97.24195	 97.156507	 97.071417	 96.986696	 96.902358	 96.818419	 96.734893	 96.651794	 96.569137	 96.486935	 96.405202	 96.323951	 96.243196	 96.162949	 96.083223	  96.00403	 95.925381	  95.84729	 95.769766	 95.692821	 95.616466	 95.540712	 95.465567	 95.391043	 95.317149	 95.243893	 95.171284	 95.099332	 95.028043	 94.957427	  94.88749	 94.818239	 94.749682	 94.681825	 94.614673	 94.548233	 94.482511	  94.41751	 94.353236	 94.289694	 94.226887	 94.164819	 94.103494	 94.042915	 93.983083	 93.924003	 93.865675	 93.808103	 93.751286	 93.695226	 93.639925	 93.585382	 93.531598	 93.478573	 93.426306	 93.374797	 93.324045	 93.274048	 93.224805	 93.176315	 93.128574	 93.081581	 93.035334	 92.989829	 92.945064	 92.901035	 92.857738	  92.81517	 92.773327	 92.732204	 92.691798	 92.652104	 92.613116	  92.57483	 92.537241	 92.500343	 92.464131	   92.4286	 92.393742	 92.359553	 92.326026	 92.293155	 92.260934	 92.229356	 92.198414	 92.168102	 92.138412	 92.109339	 92.080874	 92.053011	 92.025742	 91.999061	 91.972959	  91.94743	 91.922466	 91.898059	 91.874202	 91.850888	 91.828108	 91.805855	 91.784122	   91.7629	 91.742182	 91.721961	 91.702228	 91.682975	 91.664196	 91.645883	 91.628027	 91.610621	 91.593658	  91.57713	 91.561029	 91.545349	 91.530081	 91.515218	 91.500752	 91.486677	 91.472986	  91.45967	 91.446724	 91.434139	 91.421909	 91.410027	 91.398487	 91.387281	 91.376403	 91.365846	 91.355605	 91.345671	  91.33604	 91.326705	  91.31766	   91.3089	 91.300417	 91.292206	 91.284262	  91.27658	 91.269153	 91.261976	 91.255045	 91.248353	 91.241897	 91.235671	  91.22967	  91.22389	 91.218326	 91.212974	 91.207829	 91.202888	 91.198146	   91.1936	 91.189246	 91.185079	 91.181097	 91.177296	 91.173673	 91.170225	 91.166948	  91.16384	 91.160898	  91.15812	 91.155502	 91.153043	  91.15074	 91.148591	 91.146595	 91.144749	 91.143051	 91.141501	 91.140096	 91.138835	 91.137717	 91.136742	 91.135907	 91.135213	 91.134658	 91.134243	 91.133966	 91.133828	
        99	 98.901109	 98.802238	 98.703405	 98.604632	 98.505936	 98.407337	 98.308855	 98.210509	 98.112318	 98.014301	 97.916478	 97.818866	 97.721485	 97.624354	 97.527491	 97.430914	 97.334641	  97.23869	  97.14308	 97.047828	  96.95295	 96.858465	 96.764389	 96.670739	 96.577532	 96.484783	 96.392508	 96.300724	 96.209445	 96.118687	 96.028465	 95.938793	 95.849685	 95.761156	 95.673218	 95.585886	 95.499171	 95.413087	 95.327647	 95.242861	 95.158741	   95.0753	 94.992547	 94.910493	 94.829148	 94.748522	 94.668625	 94.589465	 94.511051	 94.433391	 94.356494	 94.280367	 94.205017	 94.130451	 94.056675	 93.983695	 93.911517	 93.840146	 93.769588	 93.699846	 93.630925	 93.562828	 93.495559	 93.429121	 93.363517	 93.298749	  93.23482	 93.171729	  93.10948	 93.048072	 92.987507	 92.927784	 92.868904	 92.810866	 92.753669	 92.697313	 92.641795	 92.587115	  92.53327	 92.480258	 92.428077	 92.376723	 92.326194	 92.276485	 92.227594	 92.179517	 92.132248	 92.085785	 92.040122	 91.995254	 91.951177	 91.907884	 91.865371	 91.823631	 91.782659	 91.742449	 91.702994	 91.664287	 91.626323	 91.589094	 91.552594	 91.516815	 91.481749	 91.447391	 91.413732	 91.380764	  91.34848	 91.316872	 91.285933	 91.255653	 91.226026	 91.197042	 91.168694	 91.140973	 91.113871	  91.08738	 91.061492	 91.036196	 91.011487	 90.987353	 90.963788	 90.940783	 90.918328	 90.896416	 90.875038	 90.854186	  90.83385	 90.814022	 90.794695	 90.775859	 90.757506	 90.739627	 90.722215	 90.705261	 90.688757	 90.672694	 90.657065	 90.641862	 90.627076	   90.6127	 90.598726	 90.585145	 90.571952	 90.559137	 90.546694	 90.534615	 90.522892	  90.51152	  90.50049	 90.489795	  90.47943	 90.469386	 90.459657	 90.450238	 90.441121	   90.4323	 90.423769	 90.415522	 90.407553	 90.399856	 90.392426	 90.385257	 90.378343	 90.371679	 90.365261	 90.359083	  90.35314	 90.347427	  90.34194	 90.336675	 90.331627	 90.326792	 90.322165	 90.317743	 90.313523	   90.3095	  90.30567	 90.302032	 90.298581	 90.295314	 90.292229	 90.289322	 90.286591	 90.284034	 90.281648	 90.279431	 90.277381	 90.275496	 90.273774	 90.272214	 90.270815	 90.269574	  90.26849	 90.267564	 90.266793	 90.266177	 90.265716	 90.265408	 90.265255	
        99	 98.891295	 98.782611	 98.673971	 98.565394	 98.456903	 98.348519	 98.240264	 98.132158	 98.024222	 97.916478	 97.808946	 97.701647	 97.594602	 97.487831	 97.381355	 97.275193	 97.169366	 97.063893	 96.958794	 96.854089	 96.749795	 96.645933	 96.542521	 96.439577	 96.337119	 96.235165	 96.133733	  96.03284	 95.932503	 95.832738	 95.733562	  95.63499	 95.537039	 95.439724	 95.343059	 95.247059	 95.151739	 95.057112	 94.963192	 94.869991	 94.777524	 94.685801	 94.594835	 94.504638	  94.41522	 94.326593	 94.238766	  94.15175	 94.065555	 93.980188	  93.89566	 93.811977	 93.729149	 93.647183	 93.566085	 93.485862	 93.406521	 93.328068	 93.250507	 93.173843	 93.098082	 93.023227	 92.949283	 92.876251	 92.804137	 92.732941	 92.662666	 92.593315	 92.524887	 92.457385	  92.39081	  92.32516	 92.260436	 92.196638	 92.133765	 92.071816	 92.010789	 91.950682	 91.891493	  91.83322	  91.77586	  91.71941	 91.663866	 91.609224	 91.555481	 91.502632	 91.450673	 91.399598	 91.349404	 91.300083	 91.251631	 91.204042	  91.15731	 91.111427	 91.066389	 91.022188	 90.978818	  90.93627	 90.894538	 90.853615	 90.813492	 90.774162	 90.735617	 90.697848	 90.660849	 90.624609	 90.589121	 90.554377	 90.520366	 90.487082	 90.454514	 90.422654	 90.391492	 90.361021	 90.331229	 90.302109	 90.273651	 90.245846	 90.218683	 90.192155	 90.166251	 90.140963	  90.11628	 90.092193	 90.068694	 90.045772	 90.023418	 90.001622	 89.980377	 89.959671	 89.939497	 89.919844	 89.900704	 89.882067	 89.863925	 89.846269	 89.829088	 89.812376	 89.796123	  89.78032	 89.764959	 89.750031	 89.735528	 89.721441	 89.707763	 89.694485	   89.6816	 89.669098	 89.656974	 89.645218	 89.633824	 89.622783	 89.612089	 89.601735	 89.591713	 89.582017	 89.572639	 89.563574	 89.554814	 89.546353	 89.538185	 89.530305	 89.522705	  89.51538	 89.508324	 89.501533	    89.495	 89.488721	  89.48269	 89.476902	 89.471353	 89.466037	 89.460952	 89.456091	 89.451452	 89.447029	  89.44282	  89.43882	 89.435027	 89.431436	 89.428044	 89.424849	 89.421848	 89.419037	 89.416414	 89.413977	 89.411723	 89.409651	 89.407759	 89.406044	 89.404505	 89.403141	  89.40195	 89.400931	 89.400084	 89.399407	   89.3989	 89.398562	 89.398393	
        99	 98.881502	 98.763027	 98.644599	 98.526242	 98.407977	 98.289829	 98.171821	 98.053976	 97.936317	 97.818866	 97.701647	 97.584682	 97.467993	 97.351604	 97.235535	  97.11981	 97.004449	 96.889475	 96.774908	 96.660769	 96.547081	 96.433862	 96.321133	 96.208915	 96.097227	 95.986089	 95.875519	 95.765537	  95.65616	 95.547408	 95.439297	 95.331846	  95.22507	 95.118988	 95.013615	 94.908967	  94.80506	 94.701908	 94.599527	  94.49793	 94.397133	 94.297147	 94.197986	 94.099663	  94.00219	 93.905579	  93.80984	 93.714985	 93.621024	 93.527967	 93.435824	 93.344603	 93.254313	 93.164962	 93.076559	 92.989109	  92.90262	 92.817099	 92.732551	 92.648981	 92.566395	 92.484796	  92.40419	  92.32458	 92.245969	 92.168359	 92.091754	 92.016154	 91.941563	  91.86798	 91.795406	 91.723842	 91.653288	 91.583742	 91.515205	 91.447675	  91.38115	 91.315628	 91.251108	 91.187585	 91.125058	 91.063522	 91.002974	  90.94341	 90.884825	 90.827215	 90.770575	 90.714899	 90.660183	 90.606419	 90.553602	 90.501726	 90.450783	 90.400768	 90.351672	 90.303489	 90.256212	 90.209831	  90.16434	 90.119729	 90.075992	 90.033119	 89.991101	  89.94993	 89.909598	 89.870093	 89.831409	 89.793534	  89.75646	 89.720177	 89.684675	 89.649944	 89.615976	 89.582759	 89.550284	  89.51854	 89.487519	 89.457208	 89.427599	 89.398681	 89.370443	 89.342877	  89.31597	 89.289714	 89.264097	  89.23911	 89.214742	 89.190984	 89.167824	 89.145253	 89.123261	 89.101838	 89.080974	 89.060658	 89.040882	 89.021634	 89.002907	 88.984689	 88.966971	 88.949745	    88.933	 88.916727	 88.900917	 88.885562	 88.870652	 88.856177	 88.842131	 88.828503	 88.815286	 88.802472	 88.790051	 88.778016	 88.766358	 88.755071	 88.744147	 88.733577	 88.723354	 88.713472	 88.703923	   88.6947	 88.685797	 88.677206	 88.668921	 88.660937	 88.653246	 88.645843	 88.638721	 88.631876	 88.625302	 88.618992	 88.612943	 88.607149	 88.601605	 88.596307	 88.591249	 88.586429	  88.58184	  88.57748	 88.573345	 88.569431	 88.565733	  88.56225	 88.558978	 88.555914	 88.553055	 88.550399	 88.547942	 88.545683	  88.54362	 88.541751	 88.540074	 88.538586	 88.537288	 88.536178	 88.535254	 88.534516	 88.533964	 88.533595	 88.533411	
        99	 98.871732	  98.74349	 98.615298	 98.487182	 98.359167	 98.231278	 98.103541	 97.975979	 97.848619	 97.721485	 97.594602	 97.467993	 97.341684	 97.215699	 97.090061	 96.964794	 96.839922	 96.715469	 96.591456	 96.467907	 96.344845	 96.222292	 96.100269	 95.978799	 95.857903	 95.737602	 95.617916	 95.498866	 95.380471	 95.262753	 95.145729	 95.029418	  94.91384	 94.799011	  94.68495	 94.571674	   94.4592	 94.347544	 94.236722	 94.126749	 94.017641	 93.909412	 93.802076	 93.695646	 93.590137	  93.48556	 93.381928	 93.279253	 93.177545	 93.076816	 92.977075	 92.878333	 92.780599	 92.683882	  92.58819	  92.49353	 92.399911	 92.307339	  92.21582	  92.12536	 92.035965	 91.947639	 91.860387	 91.774213	  91.68912	 91.605112	 91.522191	 91.440359	 91.359617	 91.279967	  91.20141	 91.123946	 91.047575	 90.972296	 90.898108	  90.82501	    90.753	 90.682077	 90.612236	 90.543477	 90.475794	 90.409185	 90.343645	  90.27917	 90.215755	 90.153395	 90.092085	 90.031819	 89.972591	 89.914395	 89.857224	  89.80107	 89.745928	 89.691789	 89.638646	  89.58649	 89.535314	  89.48511	 89.435868	 89.387579	 89.340236	 89.293828	 89.248346	 89.203781	 89.160123	 89.117362	 89.075488	  89.03449	 88.994359	 88.955085	 88.916656	 88.879062	 88.842293	 88.806338	 88.771185	 88.736825	 88.703245	 88.670436	 88.638385	 88.607083	 88.576517	 88.546678	 88.517553	 88.489132	 88.461403	 88.434356	 88.407979	 88.382262	 88.357193	 88.332761	 88.308956	 88.285766	 88.263182	 88.241191	 88.219784	  88.19895	 88.178678	 88.158958	  88.13978	 88.121133	 88.103008	 88.085393	  88.06828	 88.051659	 88.035519	 88.019852	 88.004647	 87.989896	  87.97559	 87.961718	 87.948273	 87.935246	 87.922628	  87.91041	 87.898584	 87.887143	 87.876078	 87.865381	 87.855045	 87.845061	 87.835424	 87.826125	 87.817157	 87.808514	 87.800189	 87.792176	 87.784467	 87.777058	 87.769941	 87.763112	 87.756564	 87.750292	 87.744291	 87.738556	 87.733081	 87.727863	 87.722896	 87.718177	 87.713701	 87.709464	 87.705462	 87.701691	  87.69815	 87.694833	 87.691738	 87.688863	 87.686204	 87.683759	 87.681525	 87.679502	 87.677686	 87.676076	 87.674671	 87.673469	  87.67247	 87.671671	 87.671072	 87.670674	 87.670475	
        99	 98.861987	 98.724002	 98.586071	 98.448222	 98.310481	 98.172877	 98.035435	 97.898183	 97.761147	 97.624354	 97.487831	 97.351604	 97.215699	 97.080142	 96.944959	 96.810176	 96.675817	 96.541908	 96.408474	 96.275539	 96.143128	 96.011264	 95.879971	 95.749273	 95.619192	 95.489751	 95.360972	 95.232878	 95.105489	 94.978827	 94.852912	 94.727765	 94.603406	 94.479854	 94.357128	 94.235246	 94.114227	 93.994088	 93.874846	 93.756519	 93.639121	  93.52267	 93.407179	 93.292664	 93.179139	 93.066617	 92.955112	 92.844636	 92.735201	  92.62682	 92.519502	 92.413258	 92.308099	 92.204034	 92.101072	 91.999221	 91.898489	 91.798884	 91.700412	  91.60308	 91.506893	 91.411857	 91.317976	 91.225256	 91.133698	 91.043308	 90.954087	 90.866038	 90.779162	 90.693461	 90.608936	 90.525587	 90.443413	 90.362415	 90.282591	  90.20394	  90.12646	 90.050148	 89.975002	 89.901018	 89.828193	 89.756523	 89.686004	 89.616631	 89.548399	 89.481301	 89.415334	 89.350489	 89.286761	 89.224144	 89.162629	  89.10221	 89.042878	 88.984626	 88.927445	 88.871327	 88.816264	 88.762245	 88.709262	 88.657305	 88.606365	 88.556431	 88.507494	 88.459543	 88.412568	 88.366558	 88.321503	 88.277391	 88.234211	 88.191953	 88.150605	 88.110155	 88.070592	 88.031905	 87.994082	 87.957111	  87.92098	 87.885678	 87.851193	 87.817513	 87.784625	 87.752518	 87.721181	 87.690601	 87.660765	 87.631663	 87.603282	 87.575611	 87.548638	  87.52235	 87.496736	 87.471785	 87.447485	 87.423823	  87.40079	 87.378373	 87.356561	 87.335343	 87.314708	 87.294645	 87.275142	 87.256189	 87.237776	 87.219892	 87.202526	 87.185668	 87.169309	 87.153437	 87.138043	 87.123118	 87.108652	 87.094635	 87.081058	 87.067912	 87.055188	 87.042878	 87.030972	 87.019462	 87.008341	 86.997599	 86.987229	 86.977224	 86.967575	 86.958275	 86.949318	 86.940695	 86.932401	 86.924429	 86.916771	 86.909423	 86.902378	  86.89563	 86.889173	 86.883002	 86.877111	 86.871497	 86.866153	 86.861075	 86.856258	 86.851699	 86.847393	 86.843337	 86.839526	 86.835957	 86.832627	 86.829533	 86.826672	 86.824042	 86.821639	 86.819461	 86.817508	 86.815776	 86.814264	 86.812971	 86.811895	 86.811035	 86.810392	 86.809963	 86.809748	
        99	  98.85227	 98.704568	 98.556925	  98.40937	  98.26193	 98.114637	 97.967517	   97.8206	 97.673915	 97.527491	 97.381355	 97.235535	 97.090061	 96.944959	 96.800258	 96.655984	 96.512164	 96.368827	 96.225997	 96.083702	 95.941967	 95.800818	 95.660281	 95.520379	 95.381139	 95.242584	 95.104737	 94.967623	 94.831265	 94.695684	 94.560903	 94.426944	 94.293829	 94.161577	 94.030209	 93.899745	 93.770205	 93.641607	 93.513969	  93.38731	 93.261646	 93.136995	 93.013372	 92.890794	 92.769275	  92.64883	 92.529473	 92.411219	 92.294078	 92.178065	 92.063191	 91.949466	 91.836903	  91.72551	 91.615298	 91.506275	 91.398451	 91.291832	 91.186426	 91.082241	 90.979281	 90.877553	 90.777062	 90.677813	 90.579809	 90.483053	  90.38755	 90.293301	 90.200308	 90.108573	 90.018096	 89.928878	 89.840918	 89.754217	 89.668772	 89.584583	 89.501647	 89.419962	 89.339524	 89.260331	 89.182379	 89.105663	 89.030178	  88.95592	 88.882883	 88.811061	 88.740449	 88.671038	 88.602823	 88.535796	  88.46995	 88.405276	 88.341767	 88.279413	 88.218206	 88.158137	 88.099196	 88.041374	  87.98466	 87.929045	 87.874518	 87.821068	 87.768685	 87.717358	 87.667076	 87.617826	 87.569598	  87.52238	  87.47616	 87.430926	 87.386666	 87.343368	  87.30102	 87.259609	 87.219122	 87.179548	 87.140873	 87.103086	 87.066172	  87.03012	 86.994917	  86.96055	 86.927006	 86.894272	 86.862336	 86.831185	 86.800805	 86.771186	 86.742313	 86.714174	 86.686757	 86.660049	 86.634037	  86.60871	 86.584055	  86.56006	 86.536712	    86.514	 86.491912	 86.470435	  86.44956	 86.429272	 86.409563	 86.390419	 86.371831	 86.353786	 86.336274	 86.319285	 86.302808	 86.286831	 86.271346	 86.256342	 86.241809	 86.227738	 86.214118	 86.200941	 86.188197	 86.175877	 86.163972	 86.152474	 86.141374	 86.130664	 86.120335	 86.110381	 86.100793	 86.091563	 86.082685	 86.074151	 86.065955	 86.058089	 86.050548	 86.043325	 86.036413	 86.029808	 86.023503	 86.017493	 86.011772	 86.006337	 86.001181	 85.996301	 85.991692	  85.98735	  85.98327	  85.97945	 85.975886	 85.972574	 85.969512	 85.966696	 85.964124	 85.961793	 85.959702	 85.957848	  85.95623	 85.954845	 85.953694	 85.952774	 85.952085	 85.951626	 85.951396	
        99	  98.84258	 98.685192	 98.527865	 98.370632	 98.213523	 98.056568	   97.8998	 97.743247	 97.586942	 97.430914	 97.275193	  97.11981	 96.964794	 96.810176	 96.655984	 96.502247	 96.348995	 96.196256	 96.044059	 95.892431	   95.7414	 95.590994	 95.441239	 95.292162	  95.14379	 94.996147	  94.84926	 94.703153	 94.557851	 94.413378	 94.269757	 94.127012	 93.985166	  93.84424	 93.704256	 93.565236	   93.4272	 93.290167	 93.154158	 93.019191	 92.885286	 92.752459	 92.620728	  92.49011	 92.360622	 92.232277	 92.105092	 91.979082	 91.854259	 91.730636	 91.608228	 91.487044	 91.367098	   91.2484	 91.130959	 91.014786	  90.89989	 90.786278	 90.673959	  90.56294	 90.453228	 90.344828	 90.237746	 90.131987	 90.027555	 89.924454	 89.822687	 89.722257	 89.623165	 89.525413	 89.429002	 89.333932	 89.240204	 89.147816	 89.056767	 88.967056	 88.878681	 88.791638	 88.705925	 88.621538	 88.538473	 88.456725	  88.37629	 88.297161	 88.219334	 88.142802	 88.067558	 87.993595	 87.920906	 87.849483	 87.779318	 87.710403	 87.642728	 87.576285	 87.511063	 87.447054	 87.384248	 87.322633	   87.2622	 87.202937	 87.144833	 87.087878	  87.03206	 86.977366	 86.923786	 86.871306	 86.819915	   86.7696	 86.720349	 86.672148	 86.624985	 86.578848	 86.533722	 86.489595	 86.446453	 86.404283	 86.363072	 86.322806	 86.283471	 86.245054	 86.207542	 86.170921	 86.135177	 86.100296	 86.066266	 86.033071	   86.0007	 85.969137	 85.938371	 85.908387	 85.879171	 85.850711	 85.822994	 85.796006	 85.769733	 85.744164	 85.719285	 85.695083	 85.671547	 85.648662	 85.626417	 85.604799	 85.583797	 85.563398	  85.54359	 85.524362	 85.505702	 85.487598	  85.47004	 85.453016	 85.436515	 85.420527	 85.405041	 85.390047	 85.375534	 85.361492	 85.347912	 85.334784	 85.322098	 85.309846	 85.298018	 85.286606	   85.2756	 85.264993	 85.254776	 85.244941	  85.23548	 85.226387	 85.217653	 85.209271	 85.201235	 85.193538	 85.186173	 85.179135	 85.172416	 85.166012	 85.159916	 85.154124	 85.148631	 85.143431	 85.138519	 85.133892	 85.129545	 85.125475	 85.121677	 85.118148	 85.114884	 85.111884	 85.109143	 85.106659	 85.104431	 85.102456	 85.100731	 85.099256	 85.098029	 85.097049	 85.096314	 85.095825	 85.095581	
        99	 98.832922	 98.665877	 98.498897	 98.332017	 98.165268	 97.998683	 97.832296	 97.666138	 97.500242	 97.334641	 97.169366	 97.004449	 96.839922	 96.675817	 96.512164	 96.348995	  96.18634	  96.02423	 95.862695	 95.701763	 95.541466	 95.381831	 95.222888	 95.064664	 94.907188	 94.750487	 94.594587	 94.439516	 94.285299	 94.131961	 93.979529	 93.828026	 93.677476	 93.527904	 93.379331	 93.231781	 93.085275	 92.939835	 92.795481	 92.652233	 92.510112	 92.369135	 92.229322	  92.09069	 91.953256	 91.817037	 91.682049	 91.548307	 91.415825	 91.284618	 91.154699	  91.02608	 90.898775	 90.772793	 90.648147	 90.524846	   90.4029	 90.282318	 90.163107	 90.045277	 89.928833	 89.813782	  89.70013	 89.587882	 89.477043	 89.367616	 89.259605	 89.153012	 89.047841	 88.944091	 88.841765	 88.740862	 88.641383	 88.543326	 88.446691	 88.351476	 88.257678	 88.165295	 88.074323	 87.984758	 87.896596	 87.809833	 87.724462	 87.640479	 87.557876	 87.476648	 87.396788	 87.318287	 87.241138	 87.165333	 87.090863	 87.017719	 86.945892	 86.875372	 86.806149	 86.738213	 86.671553	 86.606157	 86.542016	 86.479117	 86.417449	 86.356999	 86.297756	 86.239706	 86.182838	 86.127139	 86.072595	 86.019192	 85.966919	 85.915761	 85.865705	 85.816736	 85.768842	 85.722007	 85.676218	 85.631461	 85.587721	 85.544985	 85.503237	 85.462463	 85.422649	 85.383781	 85.345844	 85.308823	 85.272704	 85.237473	 85.203116	 85.169617	 85.136963	 85.105139	 85.074131	 85.043925	 85.014507	 84.985862	 84.957978	  84.93084	 84.904435	 84.878748	 84.853767	 84.829478	 84.805868	 84.782924	 84.760633	 84.738983	 84.717959	 84.697552	 84.677746	 84.658532	 84.639897	 84.621828	 84.604315	 84.587346	  84.57091	 84.554995	 84.539592	 84.524689	 84.510276	 84.496342	 84.482878	 84.469874	  84.45732	 84.445208	 84.433527	 84.422269	 84.411425	 84.400986	 84.390946	 84.381294	 84.372024	 84.363128	 84.354599	  84.34643	 84.338613	 84.331143	 84.324012	 84.317215	 84.310745	 84.304598	 84.298767	 84.293248	 84.288035	 84.283124	 84.278511	  84.27419	 84.270159	 84.266414	  84.26295	 84.259765	 84.256856	 84.254221	 84.251856	 84.249759	 84.247929	 84.246363	 84.245061	  84.24402	 84.243241	 84.242722	 84.242462	
