Time step 94:
        99	        99	        99	        99	        99	        99	        99	        99	        99	        99	        99	        99	        99	        99	        99	        99	        99	        99	        99	        99	        99	        99	        99	        99	        99	        99	        99	        99	        99	        99	        99	        99	        99	        99	        99	        99	        99	        99	        99	        99	        99	        99	        99	        99	        99	        99	        99	        99	        99	        99	        99	        99	        99	        99	        99	        99	        99	        99	        99	        99	        99	        99	        99	        99	        99	        99	        99	        99	        99	        99	        99	        99	        99	        99	        99	        99	        99	        99	        99	        99	        99	        99	        99	        99	        99	        99	        99	        99	        99	        99	        99	        99	        99	        99	        99	        99	        99	        99	        99	        99	        99	        99	        99	        99	        99	        99	        99	        99	        99	        99	        99	        99	        99	        99	        99	        99	        99	        99	        99	        99	        99	        99	        99	        99	        99	        99	        99	        99	        99	        99	        99	        99	        99	        99	        99	        99	        99	        99	        99	        99	        99	        99	        99	        99	        99	        99	        99	        99	        99	        99	        99	        99	        99	        99	        99	        99	        99	        99	        99	        99	        99	        99	        99	        99	        99	        99	        99	        99	        99	        99	        99	        99	        99	        99	        99	        99	        99	        99	        99	        99	        99	        99	        99	        99	        99	        99	        99	        99	        99	        99	        99	        99	        99	        99	        99	        99	        99	        99	        99	        99	
        99	 98.993246	 98.986492	  98.97974	 98.972991	 98.966246	 98.959505	  98.95277	 98.946041	 98.939319	 98.932605	 98.925901	 98.919206	 98.912522	  98.90585	  98.89919	 98.892544	 98.885912	 98.879295	 98.872694	  98.86611	 98.859543	 98.852996	 98.846467	 98.839959	 98.833471	 98.827006	 98.820563	 98.814143	 98.807748	 98.801377	 98.795032	 98.788714	 98.782422	 98.776159	 98.769924	 98.763718	 98.757542	 98.751397	 98.745284	 98.739202	 98.733153	 98.727137	 98.721155	 98.715208	 98.709296	 98.703419	 98.697579	 98.691776	  98.68601	 98.680282	 98.674592	 98.668942	  98.66333	 98.657759	 98.652228	 98.646738	 98.641289	 98.635882	 98.630517	 98.625195	 98.619915	 98.614679	 98.609486	 98.604337	 98.599233	 98.594173	 98.589158	 98.584188	 98.579263	 98.574384	 98.569551	 98.564765	 98.560024	  98.55533	 98.550683	 98.546083	 98.541529	 98.537023	 98.532565	 98.528153	 98.523789	 98.519473	 98.515205	 98.510984	 98.506811	 98.502686	 98.498609	  98.49458	 98.490598	 98.486665	 98.482779	 98.478941	 98.475151	 98.471409	 98.467714	 98.464067	 98.460468	 98.456915	  98.45341	 98.449953	 98.446542	 98.443178	 98.439861	  98.43659	 98.433366	 98.430188	 98.427056	  98.42397	  98.42093	 98.417935	 98.414985	  98.41208	 98.409221	 98.406405	 98.403634	 98.400907	 98.398224	 98.395585	 98.392989	 98.390435	 98.387925	 98.385457	 98.383031	 98.380647	 98.378305	 98.376004	 98.373744	 98.371525	 98.369346	 98.367207	 98.365108	 98.363049	 98.361029	 98.359047	 98.357104	   98.3552	 98.353333	 98.351504	 98.349712	 98.347958	 98.346239	 98.344558	 98.342912	 98.341302	 98.339727	 98.338187	 98.336683	 98.335212	 98.333776	 98.332374	 98.331005	 98.329669	 98.328367	 98.327097	 98.325859	 98.324653	  98.32348	 98.322337	 98.321226	 98.320146	 98.319097	 98.318078	 98.317089	  98.31613	 98.315201	 98.314301	 98.313431	 98.312589	 98.311776	 98.310992	 98.310236	 98.309508	 98.308807	 98.308135	  98.30749	 98.306872	 98.306281	 98.305718	 98.305181	 98.304671	 98.304187	 98.303729	 98.303298	 98.302893	 98.302513	  98.30216	 98.301832	  98.30153	 98.301253	 98.301002	 98.300776	 98.300575	   98.3004	  98.30025	 98.300124	 98.300024	 98.299949	 98.299899	 98.299874	
        99	 98.986492	 98.972986	 98.959483	 98.945986	 98.932497	 98.919016	 98.905546	 98.892089	 98.878646	  98.86522	 98.851811	 98.838423	 98.825056	 98.811712	 98.798394	 98.785102	 98.771839	 98.758606	 98.745405	 98.732238	 98.719106	 98.706011	 98.692955	 98.679939	 98.666965	 98.654035	  98.64115	 98.628311	 98.615521	 98.602781	 98.590092	 98.577455	 98.564873	 98.552347	 98.539878	 98.527468	 98.515117	 98.502828	 98.490601	 98.478439	 98.466342	 98.454311	 98.442348	 98.430454	 98.418631	 98.406879	 98.395199	 98.383593	 98.372062	 98.360607	 98.349228	 98.337928	 98.326706	 98.315564	 98.304503	 98.293524	 98.282627	 98.271813	 98.261084	  98.25044	 98.239881	 98.229409	 98.219025	 98.208728	 98.198519	   98.1884	  98.17837	 98.168431	 98.158583	 98.148826	 98.139161	 98.129588	 98.120107	  98.11072	 98.101426	 98.092226	  98.08312	 98.074109	 98.065192	  98.05637	 98.047643	 98.039011	 98.030475	 98.022034	 98.013689	 98.005439	 97.997285	 97.989228	 97.981265	 97.973399	 97.965628	 97.957953	 97.950373	 97.942889	   97.9355	 97.928207	 97.921008	 97.913904	 97.906894	 97.899979	 97.893158	 97.886431	 97.879797	 97.873256	 97.866808	 97.860453	 97.854189	 97.848018	 97.841937	 97.835948	 97.830049	  97.82424	 97.818521	  97.81289	 97.807349	 97.801895	  97.79653	 97.791251	 97.786059	 97.780953	 97.775932	 97.770996	 97.766145	 97.761377	 97.756693	 97.752092	 97.747572	 97.743134	 97.738776	 97.734499	 97.730302	 97.726183	 97.722143	  97.71818	 97.714295	 97.710486	 97.706753	 97.703095	 97.699512	 97.696003	 97.692567	 97.689203	 97.685912	 97.682692	 97.679543	 97.676464	 97.673454	 97.670514	 97.667642	 97.664837	   97.6621	 97.659429	 97.656824	 97.654284	 97.651809	 97.649398	  97.64705	 97.644766	 97.642544	 97.640384	 97.638285	 97.636248	  97.63427	 97.632353	 97.630494	 97.628695	 97.626954	 97.625271	 97.623645	 97.622076	 97.620564	 97.619108	 97.617708	 97.616363	 97.615073	 97.613837	 97.612656	 97.611529	 97.610455	 97.609435	 97.608467	 97.607552	 97.606689	 97.605879	  97.60512	 97.604413	 97.603758	 97.603153	   97.6026	 97.602098	 97.601646	 97.601244	 97.600894	 97.600593	 97.600343	 97.600143	 97.599993	 97.599893	 97.599843	
        99	  98.97974	 98.959483	 98.939232	 98.918989	 98.898756	 98.878537	 98.858335	 98.838151	  98.81799	 98.797852	 98.777742	 98.757661	 98.737613	   98.7176	 98.697624	 98.677689	 98.657796	 98.637949	  98.61815	 98.598401	 98.578706	 98.559066	 98.539484	 98.519962	 98.500504	 98.481111	 98.461785	  98.44253	 98.423346	 98.404238	 98.385207	 98.366254	 98.347383	 98.328596	 98.309895	 98.291281	 98.272757	 98.254325	 98.235988	 98.217746	 98.199602	 98.181558	 98.163616	 98.145777	 98.128044	 98.110418	   98.0929	 98.075493	 98.058198	 98.041017	 98.023952	 98.007003	 97.990172	 97.973461	 97.956871	 97.940404	 97.924061	 97.907842	  97.89175	 97.875786	  97.85995	 97.844244	 97.828668	 97.813224	 97.797914	 97.782736	 97.767694	 97.752787	 97.738016	 97.723382	 97.708885	 97.694528	 97.680309	 97.666229	  97.65229	 97.638492	 97.624835	 97.611319	 97.597945	 97.584713	 97.571624	 97.558678	 97.545875	 97.533215	 97.520699	 97.508326	 97.496097	 97.484011	 97.472069	 97.460271	 97.448616	 97.437105	 97.425736	 97.414511	 97.403429	  97.39249	 97.381693	 97.371038	 97.360525	 97.350154	 97.339923	 97.329833	 97.319884	 97.310073	 97.300403	 97.290871	 97.281477	  97.27222	 97.263101	 97.254117	  97.24527	 97.236558	  97.22798	 97.219535	 97.211224	 97.203044	 97.194997	 97.187079	 97.179292	 97.171634	 97.164104	 97.156701	 97.149425	 97.142274	 97.135249	 97.128347	 97.121568	 97.114912	 97.108376	 97.101961	 97.095666	 97.089489	 97.083429	 97.077486	 97.071659	 97.065946	 97.060347	 97.054861	 97.049487	 97.044223	  97.03907	 97.034025	 97.029089	 97.024259	 97.019536	 97.014918	 97.010405	 97.005994	 97.001686	  96.99748	 96.993374	 96.989368	 96.985461	 96.981652	 96.977939	 96.974323	 96.970803	 96.967377	 96.964044	 96.960805	 96.957657	 96.954601	 96.951635	 96.948759	 96.945972	 96.943273	 96.940662	 96.938137	 96.935699	 96.933346	 96.931078	 96.928894	 96.926794	 96.924777	 96.922842	 96.920989	 96.919217	 96.917527	 96.915916	 96.914386	 96.912934	 96.911562	 96.910268	 96.909053	 96.907915	 96.906855	 96.905871	 96.904965	 96.904135	 96.903381	 96.902704	 96.902102	 96.901576	 96.901125	 96.900749	 96.900449	 96.900224	 96.900074	 96.899999	
        99	 98.972991	 98.945986	 98.918989	 98.892002	  98.86503	 98.838075	 98.811143	 98.784236	 98.757358	 98.730512	 98.703702	 98.676932	 98.650206	 98.623525	 98.596895	 98.570319	   98.5438	 98.517341	 98.490947	 98.464619	 98.438363	  98.41218	 98.386075	  98.36005	  98.33411	 98.308256	 98.282493	 98.256823	 98.231249	 98.205775	 98.180404	 98.155138	 98.129981	 98.104935	 98.080004	 98.055189	 98.030495	 98.005923	 97.981477	 97.957158	  97.93297	 97.908915	 97.884996	 97.861215	 97.837574	 97.814076	 97.790723	 97.767518	 97.744461	 97.721557	 97.698806	 97.676211	 97.653774	 97.631496	  97.60938	 97.587427	 97.565639	 97.544018	 97.522566	 97.501283	 97.480171	 97.459233	 97.438469	 97.417881	 97.397469	 97.377236	 97.357183	  97.33731	 97.317618	 97.298109	 97.278784	 97.259643	 97.240688	 97.221918	 97.203336	 97.184941	 97.166734	 97.148715	 97.130886	 97.113247	 97.095798	 97.078539	 97.061471	 97.044594	 97.027908	 97.011413	  96.99511	 96.978998	 96.963078	  96.94735	 96.931812	 96.916466	 96.901311	 96.886347	 96.871573	  96.85699	 96.842596	 96.828392	 96.814377	  96.80055	 96.786911	  96.77346	 96.760196	 96.747118	 96.734226	 96.721518	 96.708995	 96.696655	 96.684497	 96.672522	 96.660727	 96.649112	 96.637677	 96.626419	 96.615339	 96.604435	 96.593706	 96.583151	  96.57277	  96.56256	 96.552522	 96.542653	 96.532953	 96.523421	 96.514055	 96.504854	 96.495817	 96.486943	 96.478231	 96.469679	 96.461286	 96.453051	 96.444973	  96.43705	 96.429281	 96.421666	 96.414202	 96.406888	 96.399723	 96.392706	 96.385836	 96.379111	  96.37253	 96.366092	 96.359796	 96.353639	 96.347622	 96.341743	    96.336	 96.330392	 96.324919	 96.319578	 96.314369	 96.309291	 96.304342	 96.299521	 96.294828	 96.290261	 96.285818	 96.281499	 96.277303	 96.273229	 96.269275	 96.265441	 96.261725	 96.258127	 96.254646	 96.251281	  96.24803	 96.244893	  96.24187	 96.238959	 96.236159	  96.23347	  96.23089	  96.22842	 96.226058	 96.223804	 96.221657	 96.219617	 96.217682	 96.215853	 96.214128	 96.212507	 96.210991	 96.209577	 96.208266	 96.207058	 96.205951	 96.204947	 96.204043	 96.203241	 96.202539	 96.201939	 96.201438	 96.201038	 96.200738	 96.200538	 96.200438	
        99	 98.966246	 98.932497	 98.898756	  98.86503	 98.831321	 98.797635	 98.763976	 98.730349	 98.696758	 98.663208	 98.629703	 98.596247	 98.562845	 98.529502	 98.496221	 98.463007	 98.429865	 98.396798	 98.363812	 98.330909	 98.298095	 98.265373	 98.232748	 98.200224	 98.167805	 98.135494	 98.103297	 98.071216	 98.039255	 98.007419	 97.975711	 97.944136	 97.912695	 97.881394	 97.850236	 97.819225	 97.788363	 97.757654	 97.727102	  97.69671	 97.666482	 97.636419	 97.606526	 97.576805	  97.54726	 97.517894	 97.488709	 97.459707	 97.430893	 97.402268	 97.373836	 97.345598	 97.317557	 97.289715	 97.262076	  97.23464	 97.207411	  97.18039	 97.153579	 97.126981	 97.100597	  97.07443	  97.04848	  97.02275	 96.997241	 96.971954	 96.946892	 96.922056	 96.897447	 96.873065	 96.848914	 96.824992	 96.801303	 96.777846	 96.754622	 96.731633	 96.708879	 96.686361	 96.664079	 96.642034	 96.620227	 96.598658	 96.577327	 96.556235	 96.535382	 96.514768	 96.494393	 96.474257	 96.454361	 96.434704	 96.415286	 96.396108	 96.377168	 96.358466	 96.340003	 96.321777	 96.303789	 96.286037	 96.268521	 96.251242	 96.234197	 96.217386	 96.200809	 96.184465	 96.168353	 96.152472	 96.136821	 96.121399	 96.106205	 96.091239	 96.076498	 96.061983	 96.047691	 96.033622	 96.019775	 96.006147	 95.992739	 95.979548	 95.966574	 95.953815	 95.941269	 95.928936	 95.916813	   95.9049	 95.893195	 95.881696	 95.870402	 95.859312	 95.848424	 95.837736	 95.827247	 95.816956	  95.80686	 95.796958	  95.78725	 95.777732	 95.768404	 95.759263	 95.750309	  95.74154	 95.732954	  95.72455	 95.716325	 95.708279	  95.70041	 95.692716	 95.685196	 95.677848	 95.670671	 95.663663	 95.656822	 95.650148	 95.643638	 95.637292	 95.631107	 95.625082	 95.619217	 95.613508	 95.607956	 95.602559	 95.597315	 95.592223	 95.587282	  95.58249	 95.577846	  95.57335	 95.568999	 95.564793	 95.560731	 95.556811	 95.553032	 95.549394	 95.545895	 95.542534	 95.539311	 95.536224	 95.533272	 95.530455	 95.527772	 95.525222	 95.522804	 95.520518	 95.518362	 95.516337	 95.514441	 95.512674	 95.511036	 95.509526	 95.508143	 95.506888	 95.505759	 95.504756	 95.503879	 95.503128	 95.502503	 95.502003	 95.501628	 95.501378	 95.501253	
        99	 98.959505	 98.919016	 98.878537	 98.838075	 98.797635	 98.757222	 98.716841	 98.676499	 98.636199	 98.595949	 98.555753	 98.515616	 98.475543	 98.435541	 98.395614	 98.355767	 98.316006	 98.276336	 98.236762	 98.197289	 98.157921	 98.118665	 98.079525	 98.040505	 98.001612	 97.962849	 97.924221	 97.885733	  97.84739	 97.809196	 97.771156	 97.733275	 97.695556	 97.658004	 97.620624	 97.583419	 97.546394	 97.509552	 97.472899	 97.436438	 97.400172	 97.364106	 97.328243	 97.292587	 97.257142	 97.221911	 97.186897	 97.152104	 97.117536	 97.083194	 97.049084	 97.015206	 96.981565	 96.948164	 96.915004	  96.88209	 96.849423	 96.817006	 96.784841	 96.752931	 96.721278	 96.689885	 96.658753	 96.627884	 96.597281	 96.566945	 96.536878	 96.507081	 96.477557	 96.448307	 96.419332	 96.390634	 96.362213	 96.334072	  96.30621	  96.27863	 96.251332	 96.224317	 96.197585	 96.171138	 96.144976	 96.119099	 96.093509	 96.068204	 96.043187	 96.018456	 95.994012	 95.969855	 95.945986	 95.922403	 95.899108	 95.876099	 95.853377	  95.83094	  95.80879	 95.786924	 95.765343	 95.744046	 95.723033	 95.702303	 95.681854	 95.661686	 95.641799	 95.622191	 95.602861	 95.583808	 95.565031	 95.546529	 95.528302	 95.510346	 95.492662	 95.475248	 95.458102	 95.441223	  95.42461	 95.408262	 95.392176	 95.376351	 95.360786	 95.345478	 95.330427	 95.315631	 95.301087	 95.286795	 95.272752	 95.258957	 95.245408	 95.232103	  95.21904	 95.206218	 95.193635	 95.181288	 95.169176	 95.157297	 95.145649	 95.134231	  95.12304	 95.112074	 95.101332	 95.090811	 95.080511	 95.070428	 95.060561	 95.050908	 95.041467	 95.032237	 95.023215	   95.0144	 95.005789	 94.997381	 94.989175	 94.981168	 94.973358	 94.965744	 94.958324	 94.951096	 94.944059	 94.937211	  94.93055	 94.924075	 94.917784	 94.911675	 94.905747	 94.899998	 94.894427	 94.889033	 94.883814	 94.878768	 94.873894	 94.869191	 94.864658	 94.860293	 94.856095	 94.852063	 94.848196	 94.844492	 94.840951	 94.837572	 94.834353	 94.831293	 94.828392	  94.82565	 94.823064	 94.820634	  94.81836	  94.81624	 94.814275	 94.812463	 94.810804	 94.809298	 94.807943	  94.80674	 94.805689	 94.804788	 94.804038	 94.803438	 94.802988	 94.802688	 94.802538	
        99	  98.95277	 98.905546	 98.858335	 98.811143	 98.763976	 98.716841	 98.669744	 98.622692	  98.57569	 98.528744	 98.481862	 98.435049	 98.388312	 98.341656	 98.295088	 98.248614	  98.20224	 98.155971	 98.109815	 98.063776	 98.017861	 97.972075	 97.926425	 97.880916	 97.835553	 97.790342	  97.74529	   97.7004	  97.65568	 97.611133	 97.566766	 97.522584	 97.478591	 97.434794	 97.391196	 97.347803	  97.30462	 97.261651	 97.218901	 97.176375	 97.134077	 97.092012	 97.050185	 97.008598	 96.967257	 96.926166	 96.885329	 96.844749	 96.804431	 96.764378	 96.724593	 96.685081	 96.645845	 96.606888	 96.568213	 96.529824	 96.491723	 96.453914	   96.4164	 96.379183	 96.342265	  96.30565	  96.26934	 96.233337	 96.197644	 96.162262	 96.127194	 96.092442	 96.058007	 96.023892	 95.990097	 95.956626	 95.923478	 95.890656	  95.85816	 95.825993	 95.794154	 95.762645	 95.731468	 95.700622	 95.670108	 95.639927	  95.61008	 95.580567	 95.551388	 95.522544	 95.494035	  95.46586	 95.438021	 95.410516	 95.383345	  95.35651	 95.330008	  95.30384	 95.278005	 95.252502	 95.227332	 95.202493	 95.177985	 95.153806	 95.129956	 95.106434	 95.083239	 95.060369	 95.037824	 95.015602	 94.993703	 94.972124	 94.950864	 94.929922	 94.909297	 94.888986	 94.868988	 94.849302	 94.829926	 94.810858	 94.792097	  94.77364	 94.755486	 94.737632	 94.720078	  94.70282	 94.685858	 94.669188	  94.65281	  94.63672	 94.620918	   94.6054	 94.590164	 94.575209	 94.560533	 94.546132	 94.532006	 94.518151	 94.504566	 94.491249	 94.478196	 94.465406	 94.452878	 94.440607	 94.428593	 94.416833	 94.405325	 94.394067	 94.383056	  94.37229	 94.361768	 94.351486	 94.341444	 94.331638	 94.322066	 94.312727	 94.303618	 94.294738	 94.286084	 94.277654	 94.269447	 94.261459	 94.253691	 94.246138	 94.238801	 94.231676	 94.224762	 94.218057	 94.211559	 94.205268	  94.19918	 94.193295	 94.187611	 94.182126	 94.176838	 94.171747	 94.166851	 94.162149	 94.157638	 94.153319	 94.149189	 94.145247	 94.141493	 94.137924	 94.134541	 94.131342	 94.128326	 94.125492	  94.12284	 94.120368	 94.118075	 94.115962	 94.114027	  94.11227	 94.110691	 94.109288	 94.108061	  94.10701	 94.106135	 94.105436	 94.104911	 94.104561	 94.104386	
        99	 98.946041	 98.892089	 98.838151	 98.784236	 98.730349	 98.676499	 98.622692	 98.568935	 98.515237	 98.461603	 98.408041	 98.354559	 98.301163	  98.24786	 98.194657	 98.141561	  98.08858	  98.03572	 97.982987	 97.930389	 97.877932	 97.825623	 97.773469	 97.721476	  97.66965	 97.617998	 97.566527	 97.515242	  97.46415	 97.413257	 97.362569	 97.312092	 97.261831	 97.211793	 97.161984	 97.112409	 97.063073	 97.013982	 96.965142	 96.916557	 96.868233	 96.820175	 96.772388	 96.724876	 96.677646	   96.6307	 96.584045	 96.537683	 96.491621	 96.445861	 96.400408	 96.355267	  96.31044	 96.265933	 96.221748	 96.177889	 96.134361	 96.091165	 96.048306	 96.005786	 95.963608	 95.921777	 95.880293	 95.839161	 95.798382	 95.757959	 95.717895	 95.678192	 95.638851	 95.599875	 95.561266	 95.523026	 95.485155	 95.447657	 95.410532	 95.373781	 95.337406	 95.301408	 95.265789	 95.230548	 95.195687	 95.161206	 95.127107	 95.093389	 95.060053	 95.027099	 94.994528	 94.962339	 94.930533	  94.89911	 94.868068	 94.837409	 94.807131	 94.777235	 94.747719	 94.718584	 94.689827	 94.661449	 94.633449	 94.605826	 94.578578	 94.551704	 94.525204	 94.499077	 94.473319	 94.447932	 94.422912	 94.398258	  94.37397	 94.350044	  94.32648	 94.303276	 94.280429	 94.257938	 94.235802	 94.214017	 94.192582	 94.171496	 94.150755	 94.130358	 94.110303	 94.090586	 94.071207	 94.052163	 94.033451	 94.015069	 93.997015	 93.979286	  93.96188	 93.944794	 93.928027	 93.911575	 93.895436	 93.879607	 93.864086	 93.848871	 93.833959	 93.819347	 93.805033	 93.791015	 93.777289	 93.763854	 93.750706	 93.737844	 93.725264	 93.712965	 93.700943	 93.689197	 93.677723	  93.66652	 93.655585	 93.644915	 93.634509	 93.624363	 93.614476	 93.604845	 93.595468	 93.586343	 93.577468	 93.568839	 93.560456	 93.552316	 93.544417	 93.536757	 93.529334	 93.522146	 93.515191	 93.508467	 93.501973	 93.495707	 93.489666	  93.48385	 93.478256	 93.472883	  93.46773	 93.462795	 93.458077	 93.453574	 93.449284	 93.445208	 93.441342	 93.437688	 93.434242	 93.431004	 93.427974	  93.42515	 93.422531	 93.420116	 93.417906	 93.415899	 93.414094	 93.412491	  93.41109	 93.409889	  93.40889	  93.40809	 93.407491	 93.407091	 93.406892	
        99	 98.939319	 98.878646	  98.81799	 98.757358	 98.696758	 98.636199	  98.57569	 98.515237	 98.454849	 98.394534	   98.3343	 98.274155	 98.214107	 98.154164	 98.094334	 98.034624	 97.975043	 97.915597	 97.856296	 97.797145	 97.738154	 97.679329	 97.620677	 97.562207	 97.503926	  97.44584	 97.387956	 97.330283	 97.272826	 97.215593	 97.158591	 97.101825	 97.045304	 96.989033	 96.933019	 96.877268	 96.821786	  96.76658	 96.711655	 96.657018	 96.602674	  96.54863	  96.49489	  96.44146	 96.388345	 96.335552	 96.283084	 96.230947	 96.179147	 96.127686	 96.076572	 96.025807	 95.975396	 95.925345	 95.875656	 95.826333	 95.777382	 95.728805	 95.680607	  95.63279	 95.585359	 95.538316	 95.491665	 95.445409	  95.39955	 95.354092	 95.309037	 95.264387	 95.220146	 95.176315	 95.132896	 95.089892	 95.047304	 95.005134	 94.963384	 94.922055	 94.881149	 94.840667	  94.80061	 94.760979	 94.721776	    94.683	 94.644652	 94.606734	 94.569246	 94.532187	 94.495558	  94.45936	 94.423591	 94.388253	 94.353345	 94.318866	 94.284817	 94.251196	 94.218004	 94.185239	   94.1529	 94.120987	 94.089499	 94.058434	 94.027792	 93.997571	  93.96777	 93.938387	 93.909422	 93.880871	 93.852735	  93.82501	 93.797696	  93.77079	  93.74429	 93.718195	 93.692502	  93.66721	 93.642316	 93.617817	 93.593713	 93.569999	 93.546675	 93.523737	 93.501183	 93.479011	 93.457217	 93.435801	 93.414758	 93.394086	 93.373783	 93.353845	 93.334271	 93.315057	 93.296201	 93.277699	 93.259549	 93.241749	 93.224295	 93.207185	 93.190415	 93.173983	 93.157886	 93.142121	 93.126685	 93.111576	 93.096791	 93.082326	 93.068179	 93.054348	 93.040829	 93.027619	 93.014716	 93.002117	  92.98982	 92.977821	 92.966118	 92.954709	  92.94359	  92.93276	 92.922215	 92.911953	 92.901972	 92.892268	 92.882841	 92.873687	 92.864804	 92.856189	 92.847842	 92.839758	 92.831937	 92.824376	 92.817073	 92.810025	 92.803232	 92.796692	 92.790401	 92.784359	 92.778564	 92.773014	 92.767708	 92.762644	  92.75782	 92.753236	 92.748889	 92.744779	 92.740904	 92.737263	 92.733855	 92.730679	 92.727734	 92.725019	 92.722533	 92.720276	 92.718246	 92.716444	 92.714868	 92.713518	 92.712393	 92.711494	  92.71082	 92.710371	 92.710147	
        99	 98.932605	  98.86522	 98.797852	 98.730512	 98.663208	 98.595949	 98.528744	 98.461603	 98.394534	 98.327546	 98.260647	 98.193848	 98.127157	 98.060582	 97.994132	 97.927816	 97.861642	  97.79562	 97.729757	 97.664063	 97.598545	 97.533211	 97.468071	 97.403132	 97.338402	 97.273889	 97.209601	 97.145547	 97.081733	 97.018168	 96.954859	 96.891813	 96.829038	 96.766542	  96.70433	 96.642411	 96.580791	 96.519477	 96.458475	 96.397793	 96.337437	 96.277413	 96.217727	 96.158386	 96.099395	  96.04076	 95.982487	 95.924582	  95.86705	 95.809897	 95.753127	 95.696745	 95.640758	 95.585168	 95.529982	 95.475202	 95.420835	 95.366884	 95.313353	 95.260246	 95.207567	 95.155319	 95.103507	 95.052133	   95.0012	 94.950713	 94.900673	 94.851083	 94.801947	 94.753266	 94.705044	 94.657282	 94.609982	 94.563147	 94.516777	 94.470876	 94.425444	 94.380483	 94.335994	 94.291979	 94.248438	 94.205372	 94.162782	 94.120668	 94.079032	 94.037873	 93.997192	 93.956988	 93.917263	 93.878015	 93.839244	 93.800951	 93.763135	 93.725794	 93.688929	 93.652539	 93.616622	 93.581179	 93.546207	 93.511705	 93.477673	 93.444108	  93.41101	 93.378376	 93.346206	 93.314496	 93.283247	 93.252455	 93.222118	 93.192236	 93.162804	 93.133822	 93.105287	 93.077196	 93.049547	 93.022339	 92.995567	  92.96923	 92.943325	 92.917849	   92.8928	 92.868175	  92.84397	 92.820184	 92.796813	 92.773854	 92.751304	 92.729161	 92.707421	 92.686081	 92.665139	  92.64459	 92.624432	 92.604663	 92.585278	 92.566274	 92.547649	 92.529399	 92.511521	 92.494012	 92.476869	 92.460088	 92.443666	 92.427601	 92.411889	 92.396528	 92.381513	 92.366841	 92.352511	 92.338518	  92.32486	 92.311534	 92.298536	 92.285865	 92.273516	 92.261487	 92.249775	 92.238378	 92.227292	 92.216516	 92.206045	 92.195878	 92.186013	 92.176445	 92.167174	 92.158196	 92.149509	 92.141112	    92.133	 92.125174	 92.117629	 92.110364	 92.103378	 92.096668	 92.090231	 92.084068	 92.078174	  92.07255	 92.067192	 92.062101	 92.057273	 92.052708	 92.048404	 92.044361	 92.040576	 92.037048	 92.033777	 92.030762	 92.028001	 92.025494	  92.02324	 92.021238	 92.019488	 92.017988	  92.01674	 92.015741	 92.014993	 92.014494	 92.014244	
        99	 98.925901	 98.851811	 98.777742	 98.703702	 98.629703	 98.555753	 98.481862	 98.408041	   98.3343	 98.260647	 98.187094	 98.113649	 98.040323	 97.967125	 97.894065	 97.821151	 97.748395	 97.675804	 97.603389	 97.531159	 97.459123	  97.38729	 97.315669	 97.244269	   97.1731	 97.102169	 97.031486	  96.96106	 96.890898	 96.821009	 96.751401	 96.682084	 96.613064	 96.544349	 96.475949	  96.40787	 96.340119	 96.272705	 96.205635	 96.138917	 96.072556	  96.00656	 95.940937	 95.875692	 95.810832	 95.746365	 95.682295	 95.618629	 95.555374	 95.492534	 95.430117	 95.368126	 95.306569	 95.245449	 95.184772	 95.124543	 95.064767	 95.005449	 94.946592	 94.888202	 94.830282	 94.772837	  94.71587	 94.659385	 94.603386	 94.547875	 94.492857	 94.438335	  94.38431	 94.330787	 94.277767	 94.225253	 94.173248	 94.121753	 94.070771	 94.020303	 93.970352	 93.920918	 93.872003	 93.823609	 93.775736	 93.728385	 93.681558	 93.635255	 93.589477	 93.544223	 93.499495	 93.455292	 93.411614	 93.368462	 93.325834	 93.283732	 93.242153	 93.201098	 93.160565	 93.120555	 93.081065	 93.042095	 93.003644	  92.96571	 92.928292	 92.891388	 92.854997	 92.819117	 92.783746	 92.748883	 92.714524	 92.680669	 92.647315	 92.614459	   92.5821	 92.550234	  92.51886	 92.487975	 92.457576	  92.42766	 92.398225	 92.369268	 92.340786	 92.312776	 92.285234	 92.258159	 92.231547	 92.205394	 92.179698	 92.154455	 92.129662	 92.105316	 92.081413	 92.057951	 92.034925	 92.012332	 91.990169	 91.968432	 91.947119	 91.926225	 91.905746	 91.885681	 91.866024	 91.846773	 91.827925	 91.809475	  91.79142	 91.773756	 91.756481	 91.739591	 91.723082	 91.706952	 91.691196	 91.675811	 91.660794	 91.646142	 91.631852	 91.617919	 91.604342	 91.591116	  91.57824	 91.565708	  91.55352	 91.541671	 91.530159	 91.518981	 91.508133	 91.497614	  91.48742	  91.47755	 91.467999	 91.458766	 91.449847	 91.441242	 91.432947	  91.42496	 91.417278	   91.4099	 91.402824	 91.396047	 91.389567	 91.383383	 91.377493	 91.371894	 91.366587	 91.361567	 91.356836	  91.35239	 91.348228	  91.34435	 91.340753	 91.337438	 91.334402	 91.331646	 91.329167	 91.326966	 91.325042	 91.323393	 91.322021	 91.320923	   91.3201	 91.319551	 91.319277	
        99	 98.919206	 98.838423	 98.757661	 98.676932	 98.596247	 98.515616	 98.435049	 98.354559	 98.274155	 98.193848	 98.113649	 98.033569	 97.953618	 97.873807	 97.794145	 97.714644	 97.635314	 97.556165	 97.477208	 97.398452	 97.319907	 97.241584	 97.163493	 97.085642	 97.008043	 96.930704	 96.853635	 96.776845	 96.700344	 96.624141	 96.548244	 96.472664	 96.397408	 96.322486	 96.247905	 96.173675	 96.099804	 96.026299	 95.953169	 95.880423	 95.808066	 95.736108	 95.664556	 95.593416	 95.522697	 95.452404	 95.382546	 95.313128	 95.244158	 95.175641	 95.107584	 95.039993	 94.972873	 94.906231	 94.840073	 94.774402	 94.709226	 94.644548	 94.580374	 94.516708	 94.453556	  94.39092	 94.328806	 94.267218	 94.206159	 94.145634	 94.085645	 94.026196	  93.96729	 93.908931	 93.851121	 93.793863	 93.737159	 93.681012	 93.625423	 93.570396	 93.515931	 93.462031	 93.408697	 93.355931	 93.303733	 93.252104	 93.201046	  93.15056	 93.100645	 93.051303	 93.002534	 92.954337	 92.906713	 92.859662	 92.813183	 92.767277	 92.721941	 92.677177	 92.632983	 92.589357	   92.5463	 92.503809	 92.461884	 92.420523	 92.379724	 92.339486	 92.299807	 92.260685	 92.222119	 92.184105	 92.146642	 92.109728	  92.07336	 92.037536	 92.002253	 91.967509	   91.9333	 91.899624	 91.866479	  91.83386	 91.801766	 91.770193	 91.739137	 91.708596	 91.678567	 91.649046	 91.620029	 91.591513	 91.563495	 91.535972	 91.508939	 91.482393	 91.456331	 91.430748	 91.405642	 91.381008	 91.356843	 91.333142	 91.309903	 91.287121	 91.264793	 91.242914	 91.221482	 91.200492	  91.17994	 91.159823	 91.140137	 91.120878	 91.102042	 91.083626	 91.065625	 91.048037	 91.030858	 91.014083	  90.99771	 90.981734	 90.966152	 90.950961	 90.936157	 90.921736	 90.907696	 90.894033	 90.880743	 90.867824	 90.855272	 90.843083	 90.831256	 90.819787	 90.808672	 90.797909	 90.787495	 90.777428	 90.767704	 90.758321	 90.749276	 90.740568	 90.732192	 90.724148	 90.716432	 90.709042	 90.701977	 90.695235	 90.688812	 90.682708	 90.676921	 90.671448	 90.666289	 90.661441	 90.656903	 90.652675	 90.648754	 90.645139	 90.641829	 90.638823	 90.636121	 90.633721	 90.631623	 90.629825	 90.628328	 90.627131	 90.626234	 90.625636	 90.625337	
        99	 98.912522	 98.825056	 98.737613	 98.650206	 98.562845	 98.475543	 98.388312	 98.301163	 98.214107	 98.127157	 98.040323	 97.953618	 97.867053	 97.780639	 97.694387	 97.608309	 97.522416	 97.436719	  97.35123	 97.265958	 97.180916	 97.096114	 97.011562	 96.927271	 96.843252	 96.759514	 96.676069	 96.592927	 96.510097	  96.42759	 96.345415	 96.263582	   96.1821	  96.10098	 96.020229	 95.939858	 95.859875	  95.78029	  95.70111	 95.622345	 95.544003	 95.466092	  95.38862	 95.311595	 95.235025	 95.158918	  95.08328	  95.00812	 94.933443	 94.859258	 94.785571	 94.712388	 94.639716	 94.567561	 94.495929	 94.424826	 94.354258	 94.284229	 94.214746	 94.145813	 94.077436	 94.009619	 93.942367	 93.875683	 93.809573	  93.74404	 93.679089	 93.614722	 93.550943	 93.487756	 93.425163	 93.363168	 93.301773	 93.240981	 93.180794	 93.121214	 93.062244	 93.003885	 92.946138	 92.889007	  92.83249	 92.776591	 92.721309	 92.666646	 92.612602	 92.559178	 92.506374	  92.45419	 92.402626	 92.351682	 92.301359	 92.251654	 92.202569	 92.154101	  92.10625	 92.059016	 92.012396	  91.96639	 91.920997	 91.876214	  91.83204	 91.788473	 91.745512	 91.703153	 91.661396	 91.620238	 91.579676	 91.539708	 91.500332	 91.461544	 91.423342	 91.385723	 91.348684	 91.312223	 91.276335	 91.241018	 91.206269	 91.172083	 91.138459	 91.105391	 91.072877	 91.040914	 91.009497	 90.978622	 90.948286	 90.918486	 90.889217	 90.860475	 90.832256	 90.804557	 90.777374	 90.750702	 90.724537	 90.698876	 90.673715	 90.649048	 90.624873	 90.601184	 90.577979	 90.555252	    90.533	 90.511219	 90.489904	 90.469051	 90.448657	 90.428718	 90.409228	 90.390185	 90.371584	 90.353422	 90.335694	 90.318397	 90.301526	 90.285078	 90.269049	 90.253436	 90.238234	  90.22344	 90.209051	 90.195063	 90.181472	 90.168276	  90.15547	 90.143052	 90.131017	 90.119364	 90.108089	 90.097189	 90.086661	 90.076501	 90.066708	 90.057279	 90.048211	 90.039501	 90.031147	 90.023146	 90.015496	 90.008196	 90.001242	 89.994633	 89.988367	 89.982442	 89.976855	 89.971607	 89.966694	 89.962115	 89.957869	 89.953955	 89.950372	 89.947118	 89.944192	 89.941593	 89.939321	 89.937375	 89.935754	 89.934458	 89.933487	 89.932839	 89.932516	
        99	  98.90585	 98.811712	   98.7176	 98.623525	 98.529502	 98.435541	 98.341656	  98.24786	 98.154164	 98.060582	 97.967125	 97.873807	 97.780639	 97.687633	 97.594803	 97.502159	 97.409715	 97.317482	 97.225472	 97.133697	 97.042168	 96.950897	 96.859896	 96.769176	 96.678748	 96.588624	 96.498815	 96.409331	 96.320183	 96.231382	  96.14294	 96.054865	 95.967168	  95.87986	 95.792951	  95.70645	 95.620366	  95.53471	 95.449492	 95.364719	 95.280401	 95.196547	 95.113166	 95.030267	 94.947856	 94.865944	 94.784537	 94.703644	 94.623272	 94.543428	 94.464121	 94.385356	 94.307141	 94.229482	 94.152387	  94.07586	 93.999909	  93.92454	 93.849757	 93.775566	 93.701974	 93.628984	 93.556602	 93.484832	  93.41368	 93.343148	 93.273243	 93.203966	 93.135323	 93.067316	 92.999949	 92.933226	 92.867148	 92.801719	 92.736941	 92.672817	 92.609349	 92.546538	 92.484388	 92.422898	 92.362071	 92.301908	 92.242409	 92.183577	 92.125411	 92.067912	  92.01108	 91.954916	 91.899419	  91.84459	 91.790428	 91.736932	 91.684103	 91.631938	 91.580438	 91.529601	 91.479425	  91.42991	 91.381054	 91.332856	 91.285312	 91.238423	 91.192184	 91.146595	 91.101653	 91.057356	   91.0137	 90.970683	 90.928304	 90.886557	 90.845441	 90.804953	  90.76509	 90.725847	 90.687222	 90.649211	 90.611811	 90.575018	 90.538829	  90.50324	 90.468246	 90.433844	 90.400031	 90.366801	 90.334152	 90.302078	 90.270576	 90.239642	 90.209272	  90.17946	 90.150203	 90.121497	 90.093337	 90.065718	 90.038637	 90.012089	  89.98607	 89.960575	 89.935599	 89.911139	  89.88719	 89.863747	 89.840807	 89.818364	 89.796414	 89.774954	 89.753978	 89.733482	 89.713463	 89.693915	 89.674835	 89.656218	  89.63806	 89.620358	 89.603106	 89.586302	 89.569941	 89.554019	 89.538532	 89.523477	  89.50885	 89.494647	 89.480864	 89.467499	 89.454547	 89.442005	 89.429869	 89.418138	 89.406806	 89.395872	 89.385333	 89.375184	 89.365424	  89.35605	 89.347058	 89.338447	 89.330214	 89.322357	 89.314873	  89.30776	 89.301016	 89.294638	 89.288626	 89.282977	 89.277689	 89.272761	 89.268192	 89.263979	 89.260123	  89.25662	 89.253471	 89.250674	 89.248229	 89.246135	  89.24439	 89.242995	  89.24195	 89.241253	 89.240904	
        99	  98.89919	 98.798394	 98.697624	 98.596895	 98.496221	 98.395614	 98.295088	 98.194657	 98.094334	 97.994132	 97.894065	 97.794145	 97.694387	 97.594803	 97.495406	  97.39621	 97.297226	 97.198469	 97.099951	 97.001683	  96.90368	 96.805954	 96.708515	 96.611378	 96.514554	 96.418055	 96.321893	 96.226079	 96.130626	 96.035544	 95.940845	  95.84654	 95.752641	 95.659157	   95.5661	  95.47348	 95.381308	 95.289593	 95.198346	 95.107577	 95.017295	  94.92751	 94.838231	 94.749467	 94.661228	 94.573521	 94.486356	 94.399741	 94.313683	 94.228192	 94.143275	 94.058939	 93.975191	 93.892039	  93.80949	 93.727551	 93.646227	 93.565526	 93.485454	 93.406015	 93.327217	 93.249064	 93.171562	 93.094716	 93.018531	  92.94301	  92.86816	 92.793983	 92.720484	 92.647667	 92.575535	 92.504092	  92.43334	 92.363283	 92.293923	 92.225263	 92.157306	 92.090052	 92.023505	 91.957666	 91.892536	 91.828118	 91.764411	 91.701417	 91.639136	  91.57757	 91.516718	 91.456581	 91.397159	 91.338452	 91.280458	 91.223179	 91.166612	 91.110758	 91.055614	 91.001181	 90.947457	 90.894439	 90.842128	  90.79052	 90.739613	 90.689407	 90.639898	 90.591084	 90.542963	 90.495532	 90.448788	 90.402729	 90.357351	 90.312652	 90.268628	 90.225276	 90.182592	 90.140574	 90.099217	 90.058517	 90.018472	 89.979077	 89.940327	  89.90222	 89.864751	 89.827916	 89.791711	 89.756131	 89.721172	  89.68683	   89.6531	 89.619978	 89.587459	 89.555538	 89.524212	 89.493475	 89.463323	 89.433751	 89.404754	 89.376329	 89.348469	  89.32117	 89.294428	 89.268238	 89.242594	 89.217494	  89.19293	   89.1689	 89.145398	 89.122419	 89.099959	 89.078014	 89.056578	 89.035648	 89.015218	 88.995285	 88.975843	 88.956888	 88.938416	 88.920423	 88.902905	 88.885857	 88.869275	 88.853155	 88.837493	 88.822285	 88.807527	 88.793216	 88.779348	 88.765919	 88.752925	 88.740364	 88.728231	 88.716523	 88.705238	 88.694372	 88.683921	 88.673884	 88.664257	 88.655037	 88.646221	 88.637808	 88.629794	 88.622178	 88.614957	 88.608129	 88.601691	 88.595642	 88.589981	 88.584704	 88.579812	 88.575301	 88.571171	 88.567421	 88.564049	 88.561055	 88.558437	 88.556194	 88.554326	 88.552833	 88.551713	 88.550967	 88.550594	
        99	 98.892544	 98.785102	 98.677689	 98.570319	 98.463007	 98.355767	 98.248614	 98.141561	 98.034624	 97.927816	 97.821151	 97.714644	 97.608309	 97.502159	  97.39621	 97.290473	 97.184964	 97.079696	 96.974682	 96.869936	 96.765472	 96.661302	  96.55744	 96.453899	 96.350691	  96.24783	 96.145328	 96.043197	 95.941451	   95.8401	 95.739158	 95.638636	 95.538545	 95.438898	 95.339706	  95.24098	 95.142731	 95.044969	 94.947707	 94.850953	 94.754719	 94.659014	 94.563849	 94.469234	 94.375176	 94.281687	 94.188776	  94.09645	 94.004719	 93.913591	 93.823075	 93.733179	  93.64391	 93.555276	 93.467285	 93.379943	 93.293258	 93.207237	 93.121885	 93.037209	 92.953216	 92.869911	 92.787299	 92.705386	 92.624178	 92.543679	 92.463893	 92.384826	 92.306482	 92.228864	 92.151976	 92.075823	 92.000406	  91.92573	 91.851798	 91.778611	 91.706173	 91.634486	 91.563551	 91.493372	 91.423948	 91.355282	 91.287375	 91.220228	 91.153841	 91.088216	 91.023352	 90.959251	 90.895911	 90.833333	 90.771516	  90.71046	 90.650164	 90.590627	 90.531849	 90.473827	  90.41656	 90.360047	 90.304287	 90.249276	 90.195014	 90.141497	 90.088724	 90.036692	 89.985398	  89.93484	 89.885015	 89.835919	  89.78755	 89.739903	 89.692977	 89.646767	 89.601269	  89.55648	 89.512396	 89.469014	 89.426328	 89.384336	 89.343032	 89.302412	 89.262473	  89.22321	 89.184617	 89.146691	 89.109428	 89.072821	 89.036868	 89.001562	 88.966899	 88.932874	 88.899482	 88.866719	 88.834579	 88.803057	 88.772149	 88.741849	 88.712152	 88.683054	 88.654549	 88.626632	 88.599298	 88.572542	 88.546359	 88.520745	 88.495693	 88.471199	 88.447259	 88.423867	 88.401018	 88.378708	 88.356931	 88.335683	 88.314959	 88.294755	 88.275066	 88.255886	 88.237213	 88.219041	 88.201365	 88.184183	 88.167488	 88.151278	 88.135547	 88.120293	  88.10551	 88.091196	 88.077345	 88.063956	 88.051023	 88.038543	 88.026514	 88.014931	 88.003792	 87.993093	 87.982831	 87.973003	 87.963606	 87.954638	 87.946097	 87.937978	 87.930281	 87.923002	  87.91614	 87.909693	 87.903658	 87.898034	 87.892818	  87.88801	 87.883608	 87.879611	 87.876017	 87.872825	 87.870034	 87.867644	 87.865653	 87.864061	 87.862867	 87.862072	 87.861674	
        99	 98.885912	 98.771839	 98.657796	   98.5438	 98.429865	 98.316006	  98.20224	  98.08858	 97.975043	 97.861642	 97.748395	 97.635314	 97.522416	 97.409715	 97.297226	 97.184964	 97.072943	 96.961178	 96.849683	 96.738472	 96.627561	 96.516962	 96.406689	 96.296758	  96.18718	 96.077971	 95.969142	 95.860708	 95.752682	 95.645076	 95.537904	 95.431178	  95.32491	 95.219113	 95.113799	 95.008979	 94.904666	 94.800871	 94.697606	 94.594881	 94.492707	 94.391096	 94.290057	 94.189602	  94.08974	 93.990481	 93.891835	 93.793811	 93.696419	 93.599667	 93.503564	 93.408119	 93.313341	 93.219237	 93.125815	 93.033083	 92.941048	 92.849717	 92.759097	 92.669196	 92.580018	 92.491572	 92.403861	 92.316893	 92.230673	 92.145205	 92.060496	 91.976549	 91.893369	 91.810961	 91.729328	 91.648474	 91.568403	 91.489118	 91.410623	 91.332919	  91.25601	 91.179899	 91.104586	 91.030075	 90.956367	 90.883463	 90.811365	 90.740073	 90.669589	 90.599914	 90.531047	 90.462989	  90.39574	   90.3293	 90.263668	 90.198843	 90.134826	 90.071615	 90.009208	 89.947605	 89.886804	 89.826804	 89.767602	 89.709196	 89.651585	 89.594765	 89.538735	 89.483492	 89.429032	 89.375354	 89.322453	 89.270327	 89.218972	 89.168386	 89.118563	 89.069501	 89.021195	 88.973642	 88.926837	 88.880777	 88.835457	 88.790873	  88.74702	 88.703893	 88.661489	 88.619802	 88.578828	 88.538562	 88.498998	 88.460132	  88.42196	 88.384475	 88.347672	 88.311547	 88.276095	 88.241309	 88.207186	 88.173719	 88.140903	 88.108733	 88.077203	 88.046309	 88.016045	 87.986405	 87.957384	 87.928977	 87.901178	 87.873982	 87.847385	 87.821379	 87.795961	 87.771126	 87.746866	 87.723179	 87.700058	 87.677499	 87.655496	 87.634045	  87.61314	 87.592777	 87.572952	 87.553658	 87.534892	 87.516648	 87.498923	 87.481713	 87.465011	 87.448815	  87.43312	 87.417922	 87.403217	 87.389001	  87.37527	 87.362021	 87.349249	 87.336951	 87.325124	 87.313765	 87.302869	 87.292435	 87.282458	 87.272937	 87.263868	 87.255249	 87.247076	 87.239348	 87.232063	 87.225217	  87.21881	 87.212839	 87.207301	 87.202197	 87.197523	 87.193279	 87.189463	 87.186074	 87.183111	 87.180573	 87.178459	 87.176769	 87.175502	 87.174657	 87.174235	
