Time step 95:
        99	        99	        99	        99	        99	        99	        99	        99	        99	        99	        99	        99	        99	        99	        99	        99	        99	        99	        99	        99	        99	        99	        99	        99	        99	        99	        99	        99	        99	        99	        99	        99	        99	        99	        99	        99	        99	        99	        99	        99	        99	        99	        99	        99	        99	        99	        99	        99	        99	        99	        99	        99	        99	        99	        99	        99	        99	        99	        99	        99	        99	        99	        99	        99	        99	        99	        99	        99	        99	        99	        99	        99	        99	        99	        99	        99	        99	        99	        99	        99	        99	        99	        99	        99	        99	        99	        99	        99	        99	        99	        99	        99	        99	        99	        99	        99	        99	        99	        99	        99	        99	        99	        99	        99	        99	        99	        99	        99	        99	        99	        99	        99	        99	        99	        99	        99	        99	        99	        99	        99	        99	        99	        99	        99	        99	        99	        99	        99	        99	        99	        99	        99	        99	        99	        99	        99	        99	        99	        99	        99	        99	        99	        99	        99	        99	        99	        99	        99	        99	        99	        99	        99	        99	        99	        99	        99	        99	        99	        99	        99	        99	        99	        99	        99	        99	        99	        99	        99	        99	        99	        99	        99	        99	        99	        99	        99	        99	        99	        99	        99	        99	        99	        99	        99	        99	        99	        99	        99	        99	        99	        99	        99	        99	        99	        99	        99	        99	        99	        99	        99	
        99	 98.993317	 98.986634	 98.979954	 98.973276	 98.966602	 98.959932	 98.953267	 98.946609	 98.939957	 98.933314	 98.926679	 98.920055	  98.91344	 98.906838	 98.900247	  98.89367	 98.887106	 98.880558	 98.874025	 98.867508	 98.861009	 98.854528	 98.848066	 98.841624	 98.835202	 98.828802	 98.822424	 98.816068	 98.809737	 98.803429	 98.797147	 98.790891	 98.784661	 98.778459	 98.772284	 98.766139	 98.760022	 98.753936	  98.74788	 98.741856	 98.735864	 98.729905	 98.723978	 98.718086	 98.712228	 98.706405	 98.700618	 98.694866	 98.689152	 98.683474	 98.677835	 98.672233	 98.666671	 98.661147	 98.655663	 98.650219	 98.644816	 98.639453	 98.634132	 98.628853	 98.623616	 98.618421	 98.613269	  98.60816	 98.603094	 98.598073	 98.593095	 98.588162	 98.583274	  98.57843	 98.573632	 98.568878	 98.564171	 98.559509	 98.554893	 98.550323	   98.5458	 98.541322	 98.536892	 98.532508	 98.528171	 98.523881	 98.519637	 98.515441	 98.511292	  98.50719	 98.503135	 98.499127	 98.495166	 98.491253	 98.487386	 98.483567	 98.479795	  98.47607	 98.472392	 98.468761	 98.465176	 98.461639	 98.458148	 98.454703	 98.451305	 98.447953	 98.444648	 98.441388	 98.438174	 98.435006	 98.431883	 98.428806	 98.425773	 98.422786	 98.419843	 98.416945	 98.414092	 98.411282	 98.408516	 98.405794	 98.403115	 98.400479	 98.397886	 98.395336	 98.392828	 98.390362	 98.387938	 98.385555	 98.383214	 98.380913	 98.378654	 98.376435	 98.374255	 98.372116	 98.370016	 98.367956	 98.365934	 98.363951	 98.362006	 98.360099	  98.35823	 98.356398	 98.354604	 98.352846	 98.351125	 98.349439	  98.34779	 98.346176	 98.344598	 98.343054	 98.341545	 98.340071	  98.33863	 98.337224	  98.33585	  98.33451	 98.333203	 98.331928	 98.330686	 98.329476	 98.328297	  98.32715	 98.326035	  98.32495	 98.323896	 98.322872	 98.321879	 98.320915	 98.319982	 98.319077	 98.318202	 98.317356	 98.316539	  98.31575	  98.31499	 98.314258	 98.313553	 98.312877	 98.312228	 98.311607	 98.311012	 98.310445	 98.309905	 98.309392	 98.308905	 98.308444	  98.30801	 98.307602	  98.30722	 98.306864	 98.306534	  98.30623	 98.305952	 98.305699	 98.305471	 98.305269	 98.305092	 98.304941	 98.304815	 98.304714	 98.304639	 98.304589	 98.304563	
        99	 98.986634	 98.973271	  98.95991	 98.946555	 98.933207	 98.919869	  98.90654	 98.893224	 98.879923	 98.866637	 98.853369	  98.84012	 98.826892	 98.813687	 98.800507	 98.787353	 98.774227	 98.761131	 98.748066	 98.735034	 98.722037	 98.709076	 98.696153	 98.683269	 98.670427	 98.657627	 98.644871	 98.632161	 98.619499	 98.606885	 98.594321	 98.581809	 98.569351	 98.556947	 98.544599	 98.532308	 98.520076	 98.507905	 98.495794	 98.483747	 98.471763	 98.459845	 98.447994	 98.436209	 98.424494	 98.412849	 98.401275	 98.389773	 98.378345	 98.366991	 98.355712	  98.34451	 98.333385	 98.322339	 98.311372	 98.300485	 98.289679	 98.278955	 98.268313	 98.257755	 98.247281	 98.236892	 98.226589	 98.216372	 98.206242	 98.196199	 98.186245	 98.176379	 98.166603	 98.156916	  98.14732	 98.137814	   98.1284	 98.119076	 98.109845	 98.100706	  98.09166	 98.082706	 98.073845	 98.065078	 98.056404	 98.047825	 98.039338	 98.030946	 98.022648	 98.014445	 98.006335	  97.99832	 97.990399	 97.982573	 97.974841	 97.967203	 97.959659	  97.95221	 97.944854	 97.937592	 97.930424	 97.923349	 97.916367	 97.909479	 97.902683	  97.89598	 97.889369	  97.88285	 97.876423	 97.870087	 97.863842	 97.857687	 97.851623	 97.845649	 97.839764	 97.833968	 97.828261	 97.822642	 97.817111	 97.811666	 97.806309	 97.801038	 97.795852	 97.790752	 97.785736	 97.780805	 97.775957	 97.771192	  97.76651	 97.761909	  97.75739	 97.752952	 97.748594	 97.744316	 97.740116	 97.735995	 97.731952	 97.727986	 97.724097	 97.720283	 97.716546	 97.712882	 97.709293	 97.705778	 97.702336	 97.698965	 97.695667	  97.69244	 97.689283	 97.686196	 97.683178	 97.680229	 97.677349	 97.674535	 97.671789	 97.669109	 97.666495	 97.663946	 97.661461	 97.659041	 97.656684	 97.654391	 97.652159	  97.64999	 97.647882	 97.645835	 97.643848	 97.641921	 97.640054	 97.638245	 97.636495	 97.634803	 97.633169	 97.631591	 97.630071	 97.628606	 97.627198	 97.625845	 97.624548	 97.623305	 97.622117	 97.620982	 97.619902	 97.618875	 97.617901	  97.61698	 97.616112	 97.615296	 97.614533	 97.613821	 97.613161	 97.612553	 97.611996	  97.61149	 97.611035	 97.610631	 97.610277	 97.609975	 97.609723	 97.609521	  97.60937	  97.60927	 97.609219	
        99	 98.979954	  98.95991	 98.939872	 98.919842	 98.899822	 98.879816	 98.859826	 98.839854	 98.819904	 98.799977	 98.780077	 98.760206	 98.740367	 98.720562	 98.700794	 98.681065	 98.661379	 98.641736	 98.622141	 98.602596	 98.583102	 98.563662	  98.54428	 98.524956	 98.505695	 98.486497	 98.467366	 98.448303	 98.429311	 98.410393	 98.391549	 98.372784	 98.354098	 98.335494	 98.316974	  98.29854	 98.280194	 98.261939	 98.243776	 98.225706	 98.207733	 98.189858	 98.172082	 98.154408	 98.136837	 98.119371	 98.102012	 98.084762	 98.067621	 98.050592	 98.033676	 98.016874	 98.000189	 97.983621	 97.967172	 97.950844	 97.934636	 97.918552	 97.902591	 97.886756	 97.871047	 97.855465	 97.840012	 97.824688	 97.809495	 97.794433	 97.779503	 97.764706	 97.750043	 97.735515	 97.721122	 97.706865	 97.692744	 97.678761	 97.664916	 97.651209	 97.637641	 97.624212	 97.610922	 97.597773	 97.584764	 97.571895	 97.559167	 97.546581	 97.534135	 97.521831	 97.509668	 97.497647	 97.485767	 97.474029	 97.462432	 97.450976	 97.439662	 97.428489	 97.417456	 97.406564	 97.395813	 97.385202	 97.374731	 97.364399	 97.354207	 97.344153	 97.334238	 97.324461	 97.314821	 97.305318	 97.295952	 97.286721	 97.277626	 97.268665	 97.259839	 97.251146	 97.242586	 97.234159	 97.225863	 97.217697	 97.209662	 97.201756	 97.193978	 97.186329	 97.178806	  97.17141	 97.164139	 97.156992	  97.14997	  97.14307	 97.136292	 97.129635	 97.123099	 97.116682	 97.110384	 97.104203	 97.098139	 97.092191	 97.086357	 97.080638	 97.075032	 97.069538	 97.064155	 97.058882	 97.053719	 97.048664	 97.043717	 97.038877	 97.034142	 97.029512	 97.024987	 97.020564	 97.016243	 97.012023	 97.007904	 97.003885	 96.999964	 96.996141	 96.992415	 96.988785	  96.98525	  96.98181	 96.978463	 96.975209	 96.972047	 96.968977	 96.965997	 96.963107	 96.960306	 96.957594	 96.954969	 96.952431	  96.94998	 96.947614	 96.945334	 96.943138	 96.941025	 96.938997	  96.93705	 96.935186	 96.933404	 96.931703	 96.930082	 96.928542	 96.927082	   96.9257	 96.924398	 96.923175	 96.922029	 96.920962	 96.919972	  96.91906	 96.918224	 96.917465	 96.916783	 96.916177	 96.915647	 96.915193	 96.914815	 96.914513	 96.914287	 96.914136	  96.91406	
        99	 98.973276	 98.946555	 98.919842	 98.893139	  98.86645	  98.83978	  98.81313	 98.786505	 98.759909	 98.733344	 98.706815	 98.680325	 98.653876	 98.627474	 98.601121	  98.57482	 98.548575	 98.522389	 98.496267	  98.47021	 98.444222	 98.418307	 98.392467	 98.366707	 98.341029	 98.315436	 98.289931	 98.264518	   98.2392	 98.213979	 98.188858	 98.163841	 98.138931	 98.114129	  98.08944	 98.064865	 98.040408	 98.016071	 97.991857	 97.967769	 97.943808	 97.919978	 97.896281	 97.872719	 97.849295	 97.826011	 97.802869	 97.779871	 97.757021	 97.734319	 97.711768	 97.689369	 97.667126	 97.645039	  97.62311	 97.601342	 97.579735	 97.558293	 97.537015	 97.515905	 97.494963	  97.47419	 97.453589	 97.433161	 97.412906	 97.392826	 97.372923	 97.353197	 97.333649	 97.314281	 97.295093	 97.276087	 97.257263	 97.238621	 97.220164	 97.201891	 97.183803	   97.1659	 97.148184	 97.130654	 97.113311	 97.096156	 97.079188	 97.062408	 97.045817	 97.029414	 97.013199	 96.997173	 96.981336	 96.965687	 96.950227	 96.934955	 96.919872	 96.904976	 96.890269	 96.875749	 96.861416	  96.84727	 96.833311	 96.819538	  96.80595	 96.792547	 96.779329	 96.766294	 96.753443	 96.740775	 96.728288	 96.715982	 96.703857	 96.691912	 96.680146	 96.668557	 96.657146	  96.64591	  96.63485	 96.623965	 96.613253	 96.602713	 96.592345	 96.582147	 96.572118	 96.562258	 96.552565	 96.543038	 96.533676	 96.524477	 96.515442	 96.506568	 96.497854	 96.489299	 96.480903	 96.472663	 96.464579	 96.456649	 96.448872	 96.441248	 96.433774	  96.42645	 96.419274	 96.412245	 96.405361	 96.398623	 96.392028	 96.385575	 96.379263	 96.373091	 96.367057	 96.361161	 96.355401	 96.349776	 96.344285	 96.338926	 96.333699	 96.328602	 96.323635	 96.318796	 96.314083	 96.309497	 96.305035	 96.300698	 96.296483	  96.29239	 96.288417	 96.284565	 96.280831	 96.277215	 96.273715	 96.270332	 96.267064	 96.263911	  96.26087	 96.257943	 96.255127	 96.252422	 96.249827	 96.247342	 96.244966	 96.242698	 96.240538	 96.238485	 96.236538	 96.234696	 96.232961	 96.231329	 96.229803	  96.22838	  96.22706	 96.225843	  96.22473	 96.223718	 96.222808	 96.222001	 96.221294	 96.220689	 96.220185	 96.219782	  96.21948	 96.219279	 96.219178	
        99	 98.966602	 98.933207	 98.899822	  98.86645	 98.833096	 98.799765	 98.766459	 98.733185	 98.699946	 98.666747	 98.633592	 98.600486	 98.567432	 98.534435	   98.5015	 98.468631	 98.435831	 98.403106	 98.370459	 98.337894	 98.305416	 98.273028	 98.240736	 98.208542	  98.17645	 98.144465	 98.112591	 98.080831	 98.049189	 98.017669	 97.986275	  97.95501	 97.923878	 97.892882	 97.862027	 97.831315	 97.800749	 97.770334	 97.740073	 97.709968	 97.680023	 97.650242	 97.620626	  97.59118	 97.561905	 97.532806	 97.503885	 97.475144	 97.446586	 97.418214	 97.390031	 97.362038	 97.334239	 97.306636	 97.279231	 97.252026	 97.225024	 97.198226	 97.171634	 97.145251	 97.119079	 97.093118	 97.067372	 97.041842	 97.016528	 96.991434	 96.966559	 96.941907	 96.917477	 96.893272	 96.869292	 96.845539	 96.822013	 96.798716	 96.775649	 96.752812	 96.730206	 96.707832	 96.685691	 96.663783	 96.642109	 96.620669	 96.599464	 96.578494	 96.557758	 96.537259	 96.516994	 96.496966	 96.477173	 96.457616	 96.438295	 96.419209	 96.400359	 96.381743	 96.363362	 96.345216	 96.327304	 96.309625	 96.292179	 96.274966	 96.257984	 96.241234	 96.224715	 96.208425	 96.192364	 96.176532	 96.160926	 96.145548	 96.130394	 96.115466	  96.10076	 96.086278	 96.072016	 96.057975	 96.044153	 96.030549	 96.017161	 96.003989	 95.991031	 95.978287	 95.965753	  95.95343	 95.941316	  95.92941	 95.917709	 95.906214	 95.894922	 95.883831	 95.872941	  95.86225	 95.851756	 95.841459	 95.831356	 95.821445	 95.811727	 95.802198	 95.792857	 95.783704	 95.774735	 95.765951	 95.757349	 95.748927	 95.740685	 95.732621	 95.724732	 95.717019	 95.709478	 95.702109	 95.694911	 95.687881	 95.681018	 95.674321	 95.667789	 95.661419	 95.655211	 95.649163	 95.643274	 95.637542	 95.631966	 95.626545	 95.621278	 95.616162	 95.611198	 95.606383	 95.601716	 95.597197	 95.592824	 95.588596	 95.584512	  95.58057	 95.576771	 95.573112	 95.569593	 95.566212	  95.56297	 95.559864	 95.556895	  95.55406	 95.551361	 95.548794	 95.546361	  95.54406	 95.541891	 95.539852	 95.537944	 95.536166	 95.534516	 95.532996	 95.531604	  95.53034	 95.529203	 95.528193	 95.527311	 95.526555	 95.525925	 95.525421	 95.525044	 95.524792	 95.524666	
        99	 98.959932	 98.919869	 98.879816	  98.83978	 98.799765	 98.759776	 98.719819	   98.6799	 98.640023	 98.600194	 98.560418	 98.520699	 98.481045	 98.441459	 98.401946	 98.362512	 98.323163	 98.283902	 98.244735	 98.205667	 98.166702	 98.127847	 98.089105	 98.050481	 98.011981	 97.973609	 97.935369	 97.897266	 97.859305	 97.821491	 97.783827	 97.746318	 97.708968	 97.671783	 97.634765	  97.59792	  97.56125	 97.524761	 97.488456	 97.452339	 97.416414	 97.380685	 97.345155	 97.309828	 97.274707	 97.239796	 97.205099	 97.170618	 97.136358	  97.10232	 97.068508	 97.034925	 97.001575	 96.968459	  96.93558	 96.902943	 96.870547	 96.838398	 96.806496	 96.774844	 96.743445	   96.7123	 96.681412	 96.650783	 96.620414	 96.590308	 96.560466	  96.53089	 96.501582	 96.472542	 96.443773	 96.415277	 96.387053	 96.359103	 96.331429	 96.304032	 96.276911	 96.250069	 96.223507	 96.197223	 96.171221	 96.145499	 96.120059	 96.094901	 96.070024	 96.045431	  96.02112	 95.997091	 95.973346	 95.949883	 95.926703	 95.903806	 95.881191	 95.858858	 95.836806	 95.815036	 95.793546	 95.772337	 95.751407	 95.730756	 95.710383	 95.690288	 95.670469	 95.650927	 95.631658	 95.612664	 95.593942	 95.575492	 95.557313	 95.539403	 95.521761	 95.504385	 95.487276	 95.470431	 95.453848	 95.437527	 95.421466	 95.405663	 95.390118	 95.374828	 95.359792	 95.345008	 95.330474	  95.31619	 95.302153	 95.288362	 95.274814	 95.261509	 95.248444	 95.235618	 95.223029	 95.210675	 95.198554	 95.186664	 95.175005	 95.163573	 95.152367	 95.141385	 95.130626	 95.120087	 95.109767	 95.099664	 95.089776	 95.080101	 95.070637	 95.061383	 95.052336	 95.043496	  95.03486	 95.026426	 95.018193	 95.010158	 95.002321	  94.99468	 94.987232	 94.979976	 94.972911	 94.966034	 94.959345	 94.952841	 94.946522	 94.940385	 94.934428	 94.928652	 94.923054	 94.917632	 94.912386	 94.907313	 94.902413	 94.897685	 94.893126	 94.888737	 94.884515	 94.880459	 94.876569	 94.872843	 94.869281	 94.865881	 94.862642	 94.859563	 94.856644	 94.853883	  94.85128	 94.848835	 94.846546	 94.844412	 94.842433	 94.840609	 94.838939	 94.837423	 94.836059	 94.834848	 94.833789	 94.832882	 94.832126	 94.831522	 94.831069	 94.830767	 94.830616	
        99	 98.953267	  98.90654	 98.859826	  98.81313	 98.766459	 98.719819	 98.673217	 98.626658	 98.580148	 98.533694	 98.487302	 98.440977	 98.394727	 98.348556	 98.302471	 98.256479	 98.210584	 98.164793	 98.119111	 98.073545	 98.028099	 97.982781	 97.937595	 97.892547	 97.847643	 97.802888	 97.758288	 97.713848	 97.669573	 97.625468	  97.58154	 97.537792	  97.49423	  97.45086	 97.407685	 97.364711	 97.321942	 97.279384	  97.23704	 97.194916	 97.153015	 97.111343	 97.069903	   97.0287	 96.987738	 96.947021	 96.906552	 96.866336	 96.826377	 96.786677	 96.747242	 96.708073	 96.669175	 96.630551	 96.592204	 96.554138	 96.516354	 96.478857	 96.441649	 96.404732	  96.36811	 96.331785	  96.29576	 96.260036	 96.224616	 96.189502	 96.154697	 96.120201	 96.086018	 96.052149	 96.018595	 95.985358	  95.95244	 95.919841	 95.887564	 95.855609	 95.823978	 95.792672	 95.761691	 95.731036	 95.700708	 95.670708	 95.641036	 95.611694	  95.58268	 95.553995	 95.525641	 95.497616	 95.469921	 95.442555	  95.41552	 95.388814	 95.362437	 95.336389	  95.31067	 95.285279	 95.260215	 95.235477	 95.211066	 95.186981	 95.163219	 95.139782	 95.116667	 95.093873	   95.0714	 95.049246	  95.02741	 95.005892	 94.984688	 94.963799	 94.943223	 94.922958	 94.903002	 94.883355	 94.864014	 94.844979	 94.826246	 94.807815	 94.789684	 94.771851	 94.754313	  94.73707	  94.72012	  94.70346	 94.687088	 94.671002	 94.655202	 94.639683	 94.624445	 94.609486	 94.594803	 94.580394	 94.566257	  94.55239	 94.538791	 94.525457	 94.512388	 94.499579	 94.487031	 94.474739	 94.462702	 94.450919	 94.439386	 94.428101	 94.417063	  94.40627	 94.395719	 94.385408	 94.375335	 94.365499	 94.355896	 94.346526	 94.337385	 94.328472	 94.319785	 94.311323	 94.303082	 94.295062	  94.28726	 94.279675	 94.272304	 94.265146	 94.258199	 94.251462	 94.244933	 94.238609	  94.23249	 94.226574	 94.220859	 94.215344	 94.210028	 94.204908	 94.199984	 94.195254	 94.190716	 94.186371	 94.182216	  94.17825	 94.174472	 94.170881	 94.167477	 94.164257	 94.161221	 94.158369	 94.155699	  94.15321	 94.150903	 94.148775	 94.146827	 94.145058	 94.143468	 94.142055	  94.14082	 94.139762	 94.138881	 94.138176	 94.137648	 94.137296	  94.13712	
        99	 98.946609	 98.893224	 98.839854	 98.786505	 98.733185	   98.6799	 98.626658	 98.573465	 98.520328	 98.467256	 98.414254	 98.361329	 98.308489	  98.25574	 98.203089	 98.150544	  98.09811	 98.045794	 97.993604	 97.941546	 97.889625	  97.83785	 97.786226	  97.73476	 97.683459	 97.632327	 97.581372	   97.5306	 97.480017	 97.429629	 97.379441	  97.32946	 97.279692	 97.230142	 97.180816	 97.131719	 97.082857	 97.034235	 96.985858	 96.937732	 96.889862	 96.842252	 96.794908	 96.747835	 96.701036	 96.654517	 96.608283	 96.562337	 96.516684	 96.471329	 96.426274	 96.381525	 96.337085	 96.292958	 96.249148	 96.205657	 96.162491	 96.119651	 96.077142	 96.034965	 95.993126	 95.951625	 95.910467	 95.869653	 95.829186	  95.78907	 95.749305	 95.709895	 95.670841	 95.632146	 95.593812	 95.555839	 95.518231	 95.480988	 95.444112	 95.407605	 95.371467	   95.3357	 95.300305	 95.265282	 95.230634	 95.196359	  95.16246	 95.128936	 95.095789	 95.063018	 95.030623	 94.998605	 94.966964	   94.9357	 94.904812	 94.874301	 94.844167	 94.814408	 94.785024	 94.756015	  94.72738	 94.699118	 94.671229	 94.643711	 94.616565	 94.589788	 94.563379	 94.537338	 94.511663	 94.486353	 94.461406	 94.436821	 94.412597	 94.388732	 94.365224	 94.342071	 94.319273	 94.296826	  94.27473	 94.252982	  94.23158	 94.210523	 94.189809	 94.169435	 94.149399	 94.129699	 94.110333	 94.091299	 94.072595	 94.054218	 94.036166	 94.018437	 94.001028	 93.983937	 93.967161	 93.950699	 93.934548	 93.918706	 93.903169	 93.887936	 93.873004	 93.858371	 93.844034	 93.829991	  93.81624	 93.802777	 93.789601	 93.776709	 93.764098	 93.751767	 93.739713	 93.727933	 93.716425	 93.705187	 93.694216	  93.68351	 93.673067	 93.662885	 93.652961	 93.643292	 93.633878	 93.624715	 93.615801	 93.607135	 93.598714	 93.590536	   93.5826	 93.574903	 93.567443	 93.560218	 93.553228	 93.546469	 93.539939	 93.533639	 93.527565	 93.521715	  93.51609	 93.510686	 93.505502	 93.500537	  93.49579	 93.491259	 93.486943	 93.482841	 93.478951	 93.475273	 93.471805	 93.468546	 93.465495	 93.462652	 93.460016	 93.457585	  93.45536	 93.453339	 93.451522	 93.449908	 93.448497	 93.447288	 93.446281	 93.445476	 93.444873	 93.444471	 93.444269	
        99	 98.939957	 98.879923	 98.819904	 98.759909	 98.699946	 98.640023	 98.580148	 98.520328	 98.460573	 98.400888	 98.341283	 98.281766	 98.222343	 98.163023	 98.103813	 98.044721	 97.985755	 97.926923	 97.868231	 97.809687	 97.751299	 97.693074	 97.635019	 97.577141	 97.519448	 97.461947	 97.404644	 97.347547	 97.290663	 97.233997	 97.177558	  97.12135	 97.065382	 97.009659	 96.954188	 96.898975	 96.844026	 96.789346	 96.734943	 96.680822	 96.626988	 96.573447	 96.520206	 96.467268	 96.414639	 96.362325	 96.310331	 96.258662	 96.207322	 96.156316	 96.105649	 96.055325	 96.005349	 95.955724	 95.906456	 95.857548	 95.809004	 95.760827	 95.713022	 95.665592	  95.61854	 95.571869	 95.525583	 95.479685	 95.434178	 95.389063	 95.344345	 95.300025	 95.256107	 95.212591	 95.169481	 95.126778	 95.084484	 95.042602	 95.001132	 94.960077	 94.919437	 94.879214	 94.839409	 94.800024	 94.761059	 94.722515	 94.684393	 94.646693	 94.609416	 94.572562	 94.536132	 94.500125	 94.464543	 94.429384	 94.394648	 94.360336	 94.326447	 94.292981	 94.259937	 94.227314	 94.195112	 94.163329	 94.131966	  94.10102	 94.070492	 94.040379	  94.01068	 93.981395	 93.952522	 93.924058	 93.896004	 93.868356	 93.841114	 93.814276	 93.787839	 93.761803	 93.736164	 93.710921	 93.686072	 93.661615	 93.637547	 93.613867	 93.590572	  93.56766	 93.545128	 93.522974	 93.501196	 93.479791	 93.458756	  93.43809	 93.417789	 93.397851	 93.378273	 93.359053	 93.340188	 93.321675	 93.303512	 93.285696	 93.268224	 93.251093	 93.234301	 93.217845	 93.201722	  93.18593	 93.170465	 93.155325	 93.140508	  93.12601	 93.111828	 93.097961	 93.084405	 93.071157	 93.058216	 93.045578	  93.03324	 93.021201	 93.009457	 92.998006	 92.986845	 92.975972	 92.965385	  92.95508	 92.945056	 92.935311	 92.925841	 92.916644	 92.907719	 92.899063	 92.890674	 92.882549	 92.874688	 92.867087	 92.859744	 92.852659	 92.845828	  92.83925	 92.832923	 92.826846	 92.821017	 92.815434	 92.810095	    92.805	 92.800146	 92.795533	 92.791158	 92.787021	 92.783121	 92.779457	 92.776026	 92.772829	 92.769864	 92.767131	 92.764628	 92.762355	 92.760312	 92.758497	  92.75691	 92.755551	 92.754418	 92.753513	 92.752834	 92.752382	 92.752156	
        99	 98.933314	 98.866637	 98.799977	 98.733344	 98.666747	 98.600194	 98.533694	 98.467256	 98.400888	   98.3346	   98.2684	 98.202297	   98.1363	 98.070416	 98.004655	 97.939026	 97.873536	 97.808193	 97.743008	 97.677986	 97.613138	  97.54847	 97.483992	 97.419711	 97.355635	 97.291771	 97.228128	 97.164714	 97.101535	   97.0386	 96.975916	  96.91349	 96.851329	 96.789441	 96.727832	 96.666509	  96.60548	 96.544751	 96.484329	 96.424219	 96.364429	 96.304964	 96.245832	 96.187037	 96.128585	 96.070483	 96.012736	  95.95535	 95.898329	  95.84168	 95.785407	 95.729515	 95.674009	 95.618894	 95.564175	 95.509855	  95.45594	 95.402433	 95.349338	  95.29666	 95.244402	 95.192568	 95.141161	 95.090184	 95.039641	 94.989536	 94.939869	 94.890646	 94.841868	 94.793538	 94.745658	  94.69823	 94.651257	  94.60474	 94.558682	 94.513084	 94.467948	 94.423275	 94.379066	 94.335323	 94.292047	 94.249238	 94.206897	 94.165026	 94.123625	 94.082693	 94.042232	 94.002242	 93.962722	 93.923673	 93.885095	 93.846986	 93.809348	 93.772179	 93.735478	 93.699246	  93.66348	 93.628182	 93.593348	 93.558979	 93.525072	 93.491628	 93.458643	 93.426118	  93.39405	 93.362437	 93.331278	 93.300572	 93.270316	 93.240508	 93.211146	 93.182229	 93.153753	 93.125717	 93.098119	 93.070956	 93.044225	 93.017925	 92.992052	 92.966605	  92.94158	 92.916975	 92.892787	 92.869014	 92.845652	 92.822699	 92.800152	 92.778008	 92.756264	 92.734917	 92.713965	 92.693404	 92.673231	 92.653443	 92.634038	 92.615012	 92.596362	 92.578085	 92.560179	 92.542639	 92.525463	 92.508648	 92.492191	 92.476089	 92.460338	 92.444937	 92.429881	 92.415168	 92.400794	 92.386758	 92.373055	 92.359684	  92.34664	 92.333922	 92.321527	 92.309451	 92.297692	 92.286247	 92.275114	  92.26429	 92.253773	 92.243559	 92.233646	 92.224032	 92.214715	 92.205691	  92.19696	 92.188518	 92.180363	 92.172493	 92.164907	 92.157601	 92.150574	 92.143825	  92.13735	  92.13115	  92.12522	 92.119561	 92.114171	 92.109047	 92.104188	 92.099594	 92.095262	 92.091192	 92.087382	 92.083831	 92.080538	 92.077502	 92.074723	 92.072199	 92.069929	 92.067913	 92.066151	 92.064641	 92.063384	 92.062378	 92.061624	 92.061122	 92.060871	
        99	 98.926679	 98.853369	 98.780077	 98.706815	 98.633592	 98.560418	 98.487302	 98.414254	 98.341283	   98.2684	 98.195614	 98.122935	 98.050371	 97.977933	  97.90563	 97.833471	 97.761465	 97.689622	 97.617951	 97.546461	 97.475161	 97.404059	 97.333166	  97.26249	 97.192038	 97.121821	 97.051847	 96.982123	 96.912659	 96.843463	 96.774542	 96.705905	  96.63756	 96.569514	 96.501776	 96.434353	 96.367252	 96.300481	 96.234047	 96.167958	 96.102219	 96.036838	 95.971823	 95.907178	 95.842911	 95.779029	 95.715537	 95.652441	 95.589747	 95.527462	  95.46559	 95.404138	  95.34311	 95.282512	 95.222348	 95.162625	 95.103345	 95.044515	 94.986138	 94.928219	 94.870762	 94.813771	 94.757249	 94.701201	  94.64563	 94.590539	 94.535932	 94.481811	  94.42818	 94.375042	 94.322398	 94.270252	 94.218605	 94.167461	 94.116821	 94.066686	 94.017059	 93.967942	 93.919335	  93.87124	 93.823658	  93.77659	 93.730037	    93.684	  93.63848	 93.593476	  93.54899	 93.505021	 93.461569	 93.418635	 93.376219	 93.334319	 93.292936	 93.252069	 93.211717	  93.17188	 93.132556	 93.093745	 93.055446	 93.017658	 92.980378	 92.943606	  92.90734	 92.871579	  92.83632	 92.801562	 92.767304	 92.733542	 92.700276	 92.667503	  92.63522	 92.603425	 92.572117	 92.541292	 92.510948	 92.481082	 92.451692	 92.422775	 92.394329	  92.36635	 92.338835	 92.311782	 92.285188	 92.259049	 92.233363	 92.208126	 92.183336	 92.158989	 92.135082	 92.111611	 92.088575	 92.065968	 92.043788	 92.022032	 92.000696	 91.979777	 91.959272	 91.939176	 91.919488	 91.900203	 91.881319	 91.862831	 91.844737	 91.827032	 91.809715	 91.792781	 91.776227	  91.76005	 91.744247	 91.728814	 91.713748	 91.699046	 91.684705	 91.670722	 91.657093	 91.643816	 91.630887	 91.618304	 91.606063	 91.594162	 91.582598	 91.571368	 91.560469	 91.549899	 91.539655	 91.529734	 91.520133	 91.510851	 91.501885	 91.493233	 91.484891	 91.476859	 91.469133	 91.461712	 91.454593	 91.447776	 91.441256	 91.435034	 91.429107	 91.423474	 91.418132	  91.41308	 91.408318	 91.403843	 91.399654	 91.395749	 91.392129	 91.388791	 91.385735	  91.38296	 91.380464	 91.378248	  91.37631	  91.37465	 91.373268	 91.372162	 91.371333	 91.370781	 91.370505	
        99	 98.920055	  98.84012	 98.760206	 98.680325	 98.600486	 98.520699	 98.440977	 98.361329	 98.281766	 98.202297	 98.122935	 98.043688	 97.964568	 97.885585	 97.806749	  97.72807	 97.649558	 97.571224	 97.493077	 97.415127	 97.337385	  97.25986	 97.182561	 97.105498	 97.028682	  96.95212	 96.875823	   96.7998	 96.724059	 96.648611	 96.573463	 96.498624	 96.424104	  96.34991	 96.276052	 96.202536	 96.129373	 96.056569	 95.984132	 95.912071	 95.840393	 95.769105	 95.698214	 95.627729	 95.557655	 95.488001	 95.418772	 95.349975	 95.281617	 95.213704	 95.146242	 95.079237	 95.012695	 94.946622	 94.881022	 94.815902	 94.751267	 94.687121	 94.623469	 94.560317	 94.497668	 94.435528	 94.373899	 94.312787	 94.252195	 94.192126	 94.132585	 94.073574	 94.015097	 93.957158	 93.899757	   93.8429	 93.786587	 93.730821	 93.675605	 93.620941	  93.56683	 93.513274	 93.460276	 93.407835	 93.355954	 93.304633	 93.253874	 93.203678	 93.154044	 93.104975	 93.056469	 93.008527	 92.961149	 92.914336	 92.868087	 92.822401	 92.777279	 92.732719	 92.688722	 92.645285	 92.602409	 92.560091	 92.518331	 92.477128	  92.43648	 92.396386	 92.356843	 92.317851	 92.279406	 92.241508	 92.204154	 92.167342	  92.13107	 92.095335	 92.060136	 92.025468	 91.991331	 91.957721	 91.924635	 91.892071	 91.860026	 91.828496	 91.797479	 91.766972	 91.736971	 91.707474	 91.678477	 91.649976	 91.621969	 91.594453	 91.567422	 91.540876	 91.514808	 91.489217	 91.464099	  91.43945	 91.415266	 91.391544	  91.36828	 91.345471	 91.323113	 91.301202	 91.279735	 91.258708	 91.238117	 91.217959	 91.198229	 91.178925	 91.160043	 91.141579	  91.12353	 91.105891	  91.08866	 91.071832	 91.055405	 91.039375	 91.023738	 91.008491	 90.993631	 90.979154	 90.965057	 90.951337	 90.937991	 90.925014	 90.912405	 90.900161	 90.888277	 90.876752	 90.865582	 90.854764	 90.844297	 90.834176	   90.8244	 90.814965	  90.80587	 90.797112	 90.788688	 90.780596	 90.772835	 90.765401	 90.758293	 90.751509	 90.745046	 90.738903	 90.733079	 90.727571	 90.722378	 90.717499	 90.712931	 90.708674	 90.704726	 90.701087	 90.697755	 90.694729	 90.692008	 90.689591	 90.687478	 90.685668	 90.684161	 90.682956	 90.682052	  90.68145	 90.681149	
        99	  98.91344	 98.826892	 98.740367	 98.653876	 98.567432	 98.481045	 98.394727	 98.308489	 98.222343	   98.1363	 98.050371	 97.964568	 97.878902	 97.793385	 97.708026	 97.622837	  97.53783	 97.453015	 97.368402	 97.284004	 97.199829	  97.11589	 97.032196	 96.948758	 96.865586	  96.78269	  96.70008	 96.617767	  96.53576	 96.454069	 96.372704	 96.291674	 96.210988	 96.130656	 96.050687	  95.97109	 95.891873	 95.813045	 95.734616	 95.656593	 95.578984	 95.501798	 95.425043	 95.348726	 95.272855	 95.197437	 95.122481	 95.047992	 94.973978	 94.900447	 94.827403	 94.754854	 94.682807	 94.611267	  94.54024	 94.469733	  94.39975	 94.330297	 94.261379	 94.193002	  94.12517	 94.057888	 93.991161	 93.924992	 93.859387	 93.794349	 93.729881	 93.665989	 93.602674	  93.53994	 93.477791	 93.416229	 93.355257	 93.294878	 93.235094	 93.175907	 93.117319	 93.059333	 93.001949	  92.94517	 92.888996	  92.83343	 92.778471	 92.724122	 92.670382	 92.617252	 92.564733	 92.512825	 92.461528	 92.410842	 92.360766	 92.311301	 92.262445	 92.214199	 92.166561	 92.119531	 92.073107	 92.027288	 91.982074	 91.937462	  91.89345	 91.850039	 91.807225	 91.765006	 91.723381	 91.682347	 91.641903	 91.602045	 91.562772	 91.524081	 91.485969	 91.448434	 91.411472	 91.375081	 91.339258	    91.304	 91.269303	 91.235165	 91.201582	 91.168551	 91.136068	  91.10413	 91.072734	 91.041876	 91.011551	 90.981758	 90.952492	 90.923748	 90.895524	 90.867816	 90.840619	 90.813931	 90.787746	 90.762062	 90.736873	 90.712177	 90.687969	 90.664245	 90.641002	 90.618235	 90.595941	 90.574115	 90.552753	 90.531852	 90.511408	 90.491416	 90.471873	 90.452775	 90.434119	 90.415899	 90.398113	 90.380756	 90.363826	 90.347318	 90.331228	 90.315553	  90.30029	 90.285435	 90.270984	 90.256934	 90.243282	 90.230024	 90.217157	 90.204678	 90.192584	 90.180872	 90.169538	  90.15858	 90.147995	  90.13778	 90.127932	  90.11845	 90.109329	 90.100568	 90.092164	 90.084115	 90.076419	 90.069073	 90.062076	 90.055425	 90.049119	 90.043155	 90.037533	  90.03225	 90.027304	 90.022695	 90.018421	  90.01448	 90.010872	 90.007596	  90.00465	 90.002033	 89.999746	 89.997786	 89.996154	 89.994849	  89.99387	 89.993218	 89.992892	
        99	 98.906838	 98.813687	 98.720562	 98.627474	 98.534435	 98.441459	 98.348556	  98.25574	 98.163023	 98.070416	 97.977933	 97.885585	 97.793385	 97.701343	 97.609473	 97.517787	 97.426295	  97.33501	 97.243943	 97.153107	 97.062511	 96.972169	 96.882091	 96.792288	 96.702771	 96.613552	 96.524641	 96.436049	 96.347787	 96.259865	 96.172293	 96.085081	 95.998241	 95.911781	 95.825712	 95.740043	 95.654783	 95.569943	 95.485531	 95.401556	 95.318027	 95.234953	 95.152343	 95.070204	 94.988546	 94.907376	 94.826701	 94.746531	 94.666871	  94.58773	 94.509115	 94.431033	 94.353489	 94.276492	 94.200048	 94.124161	  94.04884	 93.974089	 93.899915	 93.826322	 93.753315	 93.680901	 93.609084	 93.537868	 93.467258	 93.397259	 93.327874	 93.259107	 93.190963	 93.123444	 93.056554	 92.990296	 92.924673	 92.859688	 92.795344	 92.731642	 92.668585	 92.606175	 92.544414	 92.483304	 92.422846	 92.363041	  92.30389	 92.245395	 92.187555	 92.130373	 92.073848	  92.01798	  91.96277	 91.908217	 91.854322	 91.801083	 91.748501	 91.696574	 91.645303	 91.594685	  91.54472	 91.495406	 91.446742	 91.398727	 91.351359	 91.304636	 91.258556	 91.213117	 91.168317	 91.124153	 91.080623	 91.037726	 90.995457	 90.953814	 90.912795	 90.872396	 90.832615	 90.793448	 90.754893	 90.716945	 90.679601	 90.642859	 90.606714	 90.571164	 90.536203	 90.501829	 90.468038	 90.434826	 90.402188	 90.370122	 90.338623	 90.307688	 90.277311	 90.247489	 90.218218	 90.189493	 90.161311	 90.133667	 90.106558	 90.079978	 90.053923	  90.02839	 90.003374	  89.97887	 89.954875	 89.931384	 89.908393	 89.885898	 89.863894	 89.842377	 89.821343	 89.800789	 89.780709	 89.761099	 89.741956	 89.723276	 89.705054	 89.687286	 89.669969	 89.653099	 89.636672	 89.620683	  89.60513	 89.590008	 89.575315	 89.561046	 89.547197	 89.533767	  89.52075	 89.508144	 89.495946	 89.484152	  89.47276	 89.461765	 89.451167	  89.44096	 89.431144	 89.421715	  89.41267	 89.404007	 89.395724	 89.387818	 89.380287	 89.373128	 89.366341	 89.359923	 89.353871	 89.348185	 89.342862	 89.337901	 89.333301	  89.32906	 89.325177	  89.32165	  89.31848	 89.315664	 89.313201	 89.311092	 89.309336	 89.307931	 89.306878	 89.306176	 89.305825	
        99	 98.900247	 98.800507	 98.700794	 98.601121	   98.5015	 98.401946	 98.302471	 98.203089	 98.103813	 98.004655	  97.90563	 97.806749	 97.708026	 97.609473	 97.511104	 97.412931	 97.314967	 97.217225	 97.119716	 97.022453	 96.925449	 96.828716	 96.732265	 96.636109	  96.54026	 96.444729	 96.349529	  96.25467	 96.160163	 96.066021	 95.972254	 95.878873	  95.78589	 95.693313	 95.601155	 95.509426	 95.418135	 95.327293	 95.236909	 95.146994	 95.057556	 94.968605	 94.880151	 94.792202	 94.704767	 94.617854	 94.531473	 94.445631	 94.360336	 94.275596	  94.19142	 94.107813	 94.024785	  93.94234	 93.860488	 93.779233	 93.698584	 93.618545	 93.539123	 93.460324	 93.382153	 93.304616	 93.227718	 93.151464	  93.07586	 93.000908	 92.926615	 92.852984	 92.780018	 92.707723	 92.636101	 92.565156	 92.494891	 92.425309	 92.356412	 92.288204	 92.220686	 92.153862	 92.087732	 92.022298	 91.957563	 91.893527	 91.830192	 91.767558	 91.705628	   91.6444	 91.583876	 91.524056	  91.46494	 91.406528	  91.34882	 91.291815	 91.235513	 91.179913	 91.125014	 91.070816	 91.017316	 90.964514	 90.912408	 90.860996	 90.810277	 90.760248	 90.710908	 90.662255	 90.614285	 90.566997	 90.520389	 90.474456	 90.429197	 90.384608	 90.340687	 90.297431	 90.254836	 90.212898	 90.171615	 90.130982	 90.090997	 90.051656	 90.012954	 89.974888	 89.937455	 89.900649	 89.864467	 89.828906	  89.79396	 89.759625	 89.725898	 89.692773	 89.660248	 89.628316	 89.596974	 89.566218	 89.536042	 89.506443	 89.477415	 89.448955	 89.421057	 89.393718	 89.366932	 89.340695	 89.315002	 89.289849	 89.265232	 89.241145	 89.217585	 89.194546	 89.172024	 89.150015	 89.128515	 89.107518	 89.087021	 89.067019	 89.047508	 89.028484	 89.009942	 88.991878	 88.974288	 88.957169	 88.940515	 88.924324	 88.908591	 88.893312	 88.878485	 88.864104	 88.850166	 88.836669	 88.823607	 88.810979	 88.798781	 88.787009	  88.77566	 88.764732	 88.754221	 88.744125	  88.73444	 88.725164	 88.716295	  88.70783	 88.699766	 88.692102	 88.684834	 88.677962	 88.671482	 88.665393	 88.659694	 88.654382	 88.649457	 88.644916	 88.640758	 88.636982	 88.633587	 88.630571	 88.627935	 88.625677	 88.623796	 88.622292	 88.621164	 88.620413	 88.620037	
        99	  98.89367	 98.787353	 98.681065	  98.57482	 98.468631	 98.362512	 98.256479	 98.150544	 98.044721	 97.939026	 97.833471	  97.72807	 97.622837	 97.517787	 97.412931	 97.308285	 97.203862	 97.099674	 96.995736	  96.89206	  96.78866	 96.685548	 96.582738	 96.480242	 96.378073	 96.276243	 96.174765	 96.073651	 95.972914	 95.872564	 95.772615	 95.673077	 95.573962	 95.475281	 95.377047	 95.279269	 95.181958	 95.085126	 94.988783	 94.892939	 94.797604	 94.702788	 94.608502	 94.514753	 94.421553	  94.32891	 94.236833	 94.145331	 94.054412	 93.964085	 93.874358	 93.785239	 93.696735	 93.608855	 93.521605	 93.434993	 93.349026	 93.263709	 93.179051	 93.095056	 93.011731	 92.929081	 92.847113	 92.765831	 92.685241	 92.605348	 92.526156	  92.44767	 92.369893	 92.292831	 92.216487	 92.140864	 92.065965	 91.991795	 91.918356	  91.84565	 91.773681	  91.70245	 91.631959	 91.562211	 91.493208	 91.424949	 91.357438	 91.290675	 91.224661	 91.159396	 91.094881	 91.031117	 90.968103	  90.90584	 90.844326	 90.783563	 90.723548	 90.664282	 90.605764	 90.547992	 90.490964	  90.43468	 90.379139	 90.324337	 90.270273	 90.216946	 90.164353	 90.112491	 90.061359	 90.010953	 89.961271	  89.91231	 89.864066	 89.816538	 89.769721	 89.723612	 89.678208	 89.633505	   89.5895	 89.546189	 89.503567	 89.461631	 89.420378	 89.379802	   89.3399	 89.300668	   89.2621	 89.224194	 89.186944	 89.150345	 89.114394	 89.079085	 89.044415	 89.010378	  88.97697	 88.944185	  88.91202	 88.880469	 88.849527	  88.81919	 88.789453	 88.760311	 88.731759	 88.703792	 88.676405	 88.649594	 88.623353	 88.597678	 88.572564	 88.548006	    88.524	  88.50054	 88.477622	 88.455241	 88.433392	 88.412071	 88.391274	 88.370995	  88.35123	 88.331975	 88.313226	 88.294978	 88.277226	 88.259967	 88.243197	 88.226911	 88.211105	 88.195776	 88.180919	 88.166532	 88.152609	 88.139149	 88.126146	 88.113598	 88.101501	 88.089852	 88.078648	 88.067886	 88.057563	 88.047675	 88.038221	 88.029198	 88.020602	 88.012433	 88.004686	  87.99736	 87.990453	 87.983963	 87.977888	 87.972226	 87.966976	 87.962135	 87.957703	 87.953678	  87.95006	 87.946845	 87.944035	 87.941628	 87.939623	  87.93802	 87.936818	 87.936017	 87.935617	
        99	 98.887106	 98.774227	 98.661379	 98.548575	 98.435831	 98.323163	 98.210584	  98.09811	 97.985755	 97.873536	 97.761465	 97.649558	  97.53783	 97.426295	 97.314967	 97.203862	 97.092993	 96.982374	  96.87202	 96.761945	 96.652162	 96.542685	 96.433529	 96.324706	 96.216231	 96.108115	 96.000374	 95.893018	 95.786063	 95.679519	   95.5734	 95.467717	 95.362485	 95.257713	 95.153415	 95.049601	 94.946284	 94.843475	 94.741185	 94.639425	 94.538205	 94.437537	  94.33743	 94.237895	 94.138942	  94.04058	 93.942819	 93.845669	 93.749138	 93.653236	  93.55797	  93.46335	 93.369384	 93.276079	 93.183444	 93.091485	 93.000211	 92.909629	 92.819744	 92.730564	 92.642096	 92.554345	 92.467317	 92.381018	 92.295454	 92.210629	 92.126548	 92.043218	  91.96064	 91.878821	 91.797764	 91.717473	 91.637952	 91.559204	 91.481231	 91.404038	 91.327626	 91.251998	 91.177156	 91.103103	  91.02984	 90.957368	  90.88569	 90.814806	 90.744717	 90.675423	 90.606926	 90.539226	 90.472323	 90.406216	 90.340906	 90.276391	 90.212673	 90.149748	 90.087618	 90.026279	 89.965732	 89.905974	 89.847003	 89.788819	 89.731418	   89.6748	  89.61896	 89.563897	 89.509608	 89.456091	 89.403342	 89.351359	 89.300138	 89.249675	 89.199969	 89.151014	 89.102807	 89.055345	 89.008623	 88.962638	 88.917386	 88.872862	 88.829062	 88.785982	 88.743617	 88.701963	 88.661015	 88.620768	 88.581219	 88.542361	 88.504191	 88.466703	 88.429892	 88.393754	 88.358284	 88.323476	 88.289325	 88.255826	 88.222975	 88.190765	 88.159192	 88.128251	 88.097937	 88.068243	 88.039166	   88.0107	  87.98284	  87.95558	 87.928916	 87.902842	 87.877354	 87.852446	 87.828113	  87.80435	 87.781153	 87.758516	 87.736435	 87.714904	  87.69392	 87.673476	 87.653569	 87.634195	 87.615347	 87.597023	 87.579218	 87.561926	 87.545145	  87.52887	 87.513096	  87.49782	 87.483039	 87.468747	 87.454942	 87.441619	 87.428775	 87.416407	 87.404512	 87.393086	 87.382125	 87.371627	  87.36159	 87.352009	 87.342883	 87.334209	 87.325984	 87.318206	 87.310873	 87.303983	 87.297533	 87.291521	 87.285947	 87.280807	 87.276102	 87.271828	 87.267986	 87.264574	  87.26159	 87.259034	 87.256906	 87.255203	 87.253927	 87.253077	 87.252652	
