Time step 57:
        99	        99	        99	        99	        99	        99	        99	        99	        99	        99	        99	        99	        99	        99	        99	        99	        99	        99	        99	        99	        99	        99	        99	        99	        99	        99	        99	        99	        99	        99	        99	        99	        99	        99	        99	        99	        99	        99	        99	        99	        99	        99	        99	        99	        99	        99	        99	        99	        99	        99	        99	        99	        99	        99	        99	        99	        99	        99	        99	        99	        99	        99	        99	        99	        99	        99	        99	        99	        99	        99	        99	        99	        99	        99	        99	        99	        99	        99	        99	        99	        99	        99	        99	        99	        99	        99	        99	        99	        99	        99	        99	        99	        99	        99	        99	        99	        99	        99	        99	        99	        99	        99	        99	        99	        99	        99	        99	        99	        99	        99	        99	        99	        99	        99	        99	        99	        99	        99	        99	        99	        99	        99	        99	        99	        99	        99	        99	        99	        99	        99	        99	        99	        99	        99	        99	        99	        99	        99	        99	        99	        99	        99	        99	        99	        99	        99	        99	        99	        99	        99	        99	        99	        99	        99	        99	        99	        99	        99	        99	        99	        99	        99	        99	        99	        99	        99	        99	        99	        99	        99	        99	        99	        99	        99	        99	        99	        99	        99	        99	        99	        99	        99	        99	        99	        99	        99	        99	        99	        99	        99	        99	        99	        99	        99	        99	        99	        99	        99	        99	        99	
        99	  98.98886	 98.977723	 98.966591	 98.955466	 98.944351	 98.933249	 98.922161	  98.91109	 98.900039	  98.88901	 98.878005	 98.867027	 98.856078	 98.845161	 98.834277	  98.82343	 98.812621	 98.801852	 98.791127	 98.780446	 98.769813	 98.759229	 98.748697	 98.738218	 98.727794	 98.717428	 98.707122	 98.696877	 98.686696	  98.67658	  98.66653	  98.65655	  98.64664	 98.636802	 98.627038	 98.617349	 98.607738	 98.598204	 98.588751	 98.579379	  98.57009	 98.560884	 98.551764	 98.542731	 98.533785	 98.524927	  98.51616	 98.507483	 98.498898	 98.490406	 98.482008	 98.473703	 98.465494	 98.457381	 98.449364	 98.441444	 98.433622	 98.425898	 98.418272	 98.410746	 98.403319	 98.395991	 98.388764	 98.381637	  98.37461	 98.367683	 98.360857	 98.354132	 98.347507	 98.340983	 98.334559	 98.328235	 98.322011	 98.315888	 98.309863	 98.303938	 98.298112	 98.292385	 98.286755	 98.281224	 98.275789	 98.270451	 98.265209	 98.260063	 98.255012	 98.250054	 98.245191	  98.24042	 98.235741	 98.231154	 98.226657	  98.22225	 98.217932	 98.213702	  98.20956	 98.205503	 98.201532	 98.197645	 98.193842	 98.190122	 98.186482	 98.182924	 98.179445	 98.176045	 98.172722	 98.169475	 98.166304	 98.163208	 98.160184	 98.157233	 98.154353	 98.151543	 98.148802	 98.146129	 98.143522	 98.140981	 98.138505	 98.136092	 98.133742	 98.131453	 98.129224	 98.127055	 98.124943	 98.122889	  98.12089	 98.118946	 98.117056	 98.115218	 98.113433	 98.111697	 98.110012	 98.108375	 98.106785	 98.105242	 98.103744	 98.102291	 98.100882	 98.099515	  98.09819	 98.096906	 98.095661	 98.094455	 98.093288	 98.092157	 98.091062	 98.090003	 98.088979	 98.087988	  98.08703	 98.086104	 98.085209	 98.084345	  98.08351	 98.082705	 98.081928	 98.081178	 98.080455	 98.079758	 98.079087	 98.078441	 98.077819	 98.077221	 98.076645	 98.076092	 98.075561	 98.075051	 98.074562	 98.074093	 98.073644	 98.073215	 98.072804	 98.072411	 98.072036	 98.071679	 98.071339	 98.071015	 98.070708	 98.070416	  98.07014	  98.06988	 98.069634	 98.069403	 98.069187	 98.068984	 98.068796	 98.068621	 98.068459	 98.068311	 98.068175	 98.068053	 98.067943	 98.067846	 98.067761	 98.067688	 98.067628	  98.06758	 98.067544	  98.06752	 98.067508	
        99	 98.977723	 98.955451	 98.933189	 98.910942	 98.888715	 98.866512	 98.844338	 98.822199	   98.8001	 98.778044	 98.756037	 98.734083	 98.712188	 98.690356	 98.668591	 98.646899	 98.625283	 98.603749	   98.5823	 98.560941	 98.539677	 98.518512	 98.497449	 98.476493	 98.455649	 98.434919	 98.414309	 98.393822	 98.373461	 98.353231	 98.333134	 98.313175	 98.293358	 98.273684	 98.254158	 98.234783	 98.215562	 98.196498	 98.177593	 98.158851	 98.140275	 98.121866	 98.103628	 98.085563	 98.067673	  98.04996	 98.032427	 98.015076	 97.997908	 97.980925	  97.96413	 97.947523	 97.931107	 97.914882	 97.898849	 97.883012	 97.867369	 97.851922	 97.836673	 97.821622	  97.80677	 97.792116	 97.777663	  97.76341	 97.749358	 97.735507	 97.721856	 97.708407	 97.695159	 97.682111	 97.669265	 97.656619	 97.644173	 97.631927	  97.61988	 97.608031	  97.59638	 97.584926	 97.573669	 97.562607	 97.551739	 97.541064	 97.530582	  97.52029	 97.510188	 97.500275	 97.490549	 97.481008	 97.471652	 97.462478	 97.453486	 97.444673	 97.436038	 97.427579	 97.419294	 97.411182	 97.403241	 97.395468	 97.387863	 97.380422	 97.373145	 97.366029	 97.359072	 97.352272	 97.345627	 97.339134	 97.332793	   97.3266	 97.320554	 97.314652	 97.308893	 97.303273	 97.297792	 97.292446	 97.287234	 97.282153	 97.277201	 97.272376	 97.267676	 97.263099	 97.258642	 97.254303	  97.25008	 97.245972	 97.241975	 97.238087	 97.234307	 97.230633	 97.227061	 97.223591	  97.22022	 97.216947	 97.213768	 97.210682	 97.207687	 97.204782	 97.201963	  97.19923	  97.19658	 97.194011	 97.191523	 97.189111	 97.186776	 97.184515	 97.182326	 97.180208	 97.178159	 97.176178	 97.174262	  97.17241	 97.170621	 97.168892	 97.167224	 97.165613	 97.164058	 97.162559	 97.161114	 97.159721	 97.158379	 97.157086	 97.155842	 97.154645	 97.153495	 97.152389	 97.151327	 97.150307	 97.149329	 97.148392	 97.147494	 97.146634	 97.145812	 97.145027	 97.144278	 97.143563	 97.142883	 97.142236	 97.141621	 97.141038	 97.140487	 97.139966	 97.139475	 97.139013	  97.13858	 97.138175	 97.137798	 97.137448	 97.137125	 97.136828	 97.136557	 97.136312	 97.136093	 97.135898	 97.135728	 97.135583	 97.135463	 97.135367	 97.135294	 97.135246	 97.135222	
        99	 98.966591	 98.933189	 98.899803	 98.866438	 98.833103	 98.799805	 98.766551	 98.733348	 98.700205	 98.667127	 98.634123	 98.601198	 98.568362	 98.535619	 98.502979	 98.470446	 98.438028	 98.405733	 98.373566	 98.341534	 98.309643	 98.277901	 98.246313	 98.214885	 98.183624	 98.152536	 98.121626	   98.0909	 98.060365	 98.030025	 97.999886	 97.969953	 97.940232	 97.910727	 97.881444	 97.852386	  97.82356	 97.794969	 97.766617	  97.73851	  97.71065	 97.683042	  97.65569	 97.628597	 97.601767	 97.575203	 97.548909	 97.522886	 97.497139	  97.47167	 97.446482	 97.421576	 97.396956	 97.372623	 97.348579	 97.324827	 97.301367	 97.278202	 97.255332	 97.232759	 97.210485	 97.188509	 97.166833	 97.145458	 97.124383	  97.10361	 97.083138	 97.062968	 97.043099	 97.023532	 97.004266	   96.9853	 96.966635	 96.948269	 96.930201	 96.912432	 96.894959	 96.877781	 96.860898	 96.844308	 96.828009	    96.812	 96.796279	 96.780845	 96.765695	 96.750828	 96.736241	 96.721933	 96.707901	 96.694143	 96.680657	  96.66744	  96.65449	 96.641803	 96.629379	 96.617213	 96.605303	 96.593647	 96.582241	 96.571082	 96.560168	 96.549496	 96.539062	 96.528864	 96.518898	 96.509161	 96.499651	 96.490364	 96.481296	 96.472445	 96.463808	  96.45538	 96.447159	 96.439142	 96.431325	 96.423705	 96.416279	 96.409043	 96.401994	 96.395129	 96.388445	 96.381938	 96.375605	 96.369443	 96.363448	 96.357618	  96.35195	 96.346439	 96.341083	 96.335879	 96.330823	 96.325913	 96.321146	 96.316518	 96.312027	  96.30767	 96.303443	 96.299343	 96.295369	 96.291517	 96.287784	 96.284168	 96.280666	 96.277275	 96.273993	 96.270816	 96.267743	 96.264771	 96.261898	 96.259121	 96.256438	 96.253846	 96.251343	 96.248927	 96.246596	 96.244348	  96.24218	  96.24009	 96.238078	 96.236139	 96.234274	 96.232479	 96.230753	 96.229095	 96.227502	 96.225973	 96.224506	   96.2231	 96.221754	 96.220465	 96.219232	 96.218054	  96.21693	 96.215859	 96.214838	 96.213868	 96.212946	 96.212072	 96.211245	 96.210464	 96.209727	 96.209034	 96.208385	 96.207778	 96.207212	 96.206687	 96.206203	 96.205758	 96.205352	 96.204984	 96.204655	 96.204363	 96.204109	 96.203891	  96.20371	 96.203566	 96.203458	 96.203386	  96.20335	
        99	 98.955466	 98.910942	 98.866438	 98.821963	 98.777528	 98.733142	 98.688815	 98.644556	 98.600376	 98.556284	 98.512289	 98.468402	 98.424631	 98.380986	 98.337476	  98.29411	 98.250898	 98.207848	  98.16497	 98.122272	 98.079762	  98.03745	 97.995343	  97.95345	  97.91178	 97.870339	 97.829137	  97.78818	 97.747477	 97.707034	 97.666859	 97.626959	 97.587341	 97.548011	 97.508977	 97.470244	 97.431819	 97.393707	 97.355915	 97.318447	 97.281311	  97.24451	  97.20805	 97.171935	 97.136171	 97.100762	 97.065711	 97.031024	 96.996703	 96.962753	 96.929177	 96.895978	  96.86316	 96.830724	 96.798674	 96.767012	 96.735741	 96.704862	 96.674377	 96.644288	 96.614596	 96.585303	 96.556409	 96.527916	 96.499823	 96.472133	 96.444844	 96.417958	 96.391473	  96.36539	 96.339708	 96.314428	 96.289547	 96.265065	 96.240981	 96.217295	 96.194003	 96.171106	 96.148601	 96.126486	  96.10476	  96.08342	 96.062464	 96.041891	 96.021696	 96.001878	 95.982434	 95.963362	 95.944658	 95.926319	 95.908342	 95.890723	 95.873461	  95.85655	 95.839988	 95.823771	 95.807896	 95.792358	 95.777153	 95.762279	 95.747731	 95.733505	 95.719597	 95.706003	 95.692718	  95.67974	 95.667063	 95.654683	 95.642596	 95.630797	 95.619284	  95.60805	 95.597091	 95.586405	 95.575985	 95.565827	 95.555928	 95.546283	 95.536887	 95.527736	 95.518826	 95.510152	 95.501711	 95.493497	 95.485506	 95.477735	 95.470178	 95.462832	 95.455693	 95.448756	 95.442017	 95.435472	 95.429118	 95.422949	 95.416962	 95.411153	 95.405519	 95.400055	 95.394757	 95.389622	 95.384647	 95.379826	 95.375158	 95.370638	 95.366262	 95.362028	 95.357932	 95.353971	 95.350141	 95.346439	 95.342862	 95.339407	  95.33607	  95.33285	 95.329743	 95.326746	 95.323856	 95.321071	 95.318388	 95.315804	 95.313318	 95.310925	 95.308625	 95.306414	 95.304291	 95.302253	 95.300298	 95.298424	 95.296628	  95.29491	 95.293267	 95.291697	 95.290199	  95.28877	  95.28741	 95.286116	 95.284888	 95.283723	  95.28262	 95.281579	 95.280597	 95.279674	 95.278808	 95.277999	 95.277245	 95.276545	 95.275899	 95.275306	 95.274765	 95.274275	 95.273836	 95.273447	 95.273108	 95.272818	 95.272577	 95.272385	  95.27224	 95.272144	 95.272096	
        99	 98.944351	 98.888715	 98.833103	 98.777528	 98.722002	 98.666538	 98.611148	 98.555843	 98.500636	 98.445539	 98.390564	 98.335723	 98.281028	 98.226489	  98.17212	 98.117931	 98.063934	 98.010139	 97.956559	 97.903204	 97.850084	 97.797211	 97.744596	 97.692247	 97.640176	 97.588393	 97.536907	 97.485728	 97.434866	 97.384329	 97.334127	 97.284269	 97.234763	 97.185617	  97.13684	  97.08844	 97.040424	   96.9928	 96.945576	 96.898757	 96.852352	 96.806366	 96.760806	 96.715678	 96.670987	  96.62674	 96.582942	 96.539597	 96.496711	 96.454287	 96.412331	 96.370846	 96.329836	 96.289305	 96.249256	 96.209692	 96.170616	  96.13203	 96.093936	 96.056337	 96.019235	 95.982631	 95.946525	 95.910921	 95.875817	 95.841215	 95.807116	 95.773519	 95.740424	 95.707831	  95.67574	 95.644149	 95.613058	 95.582466	 95.552372	 95.522773	 95.493669	 95.465056	 95.436934	   95.4093	 95.382151	 95.355486	   95.3293	 95.303591	 95.278356	 95.253592	 95.229296	 95.205463	  95.18209	 95.159174	  95.13671	 95.114695	 95.093124	 95.071992	 95.051297	 95.031032	 95.011194	 94.991778	 94.972779	 94.954193	 94.936014	 94.918237	 94.900858	 94.883871	 94.867271	 94.851053	 94.835212	 94.819742	 94.804638	 94.789895	 94.775508	  94.76147	 94.747777	 94.734422	 94.721402	 94.708709	 94.696339	 94.684287	 94.672546	 94.661111	 94.649977	 94.639139	  94.62859	 94.618326	 94.608341	  94.59863	 94.589188	 94.580008	 94.571087	 94.562419	 94.553998	  94.54582	 94.537879	 94.530171	  94.52269	 94.515431	  94.50839	 94.501563	 94.494943	 94.488526	 94.482309	 94.476286	 94.470452	 94.464803	 94.459336	 94.454045	 94.448927	 94.443977	 94.439191	 94.434565	 94.430095	 94.425778	 94.421609	 94.417585	 94.413702	 94.409957	 94.406346	 94.402866	 94.399513	 94.396285	 94.393177	 94.390188	 94.387313	 94.384551	 94.381898	 94.379351	 94.376908	 94.374566	 94.372323	 94.370175	 94.368122	 94.366161	 94.364288	 94.362503	 94.360804	 94.359187	 94.357652	 94.356196	 94.354818	 94.353517	  94.35229	 94.351136	 94.350055	 94.349043	 94.348101	 94.347227	  94.34642	 94.345678	 94.345002	  94.34439	 94.343841	 94.343356	 94.342932	 94.342569	 94.342268	 94.342028	 94.341848	 94.341728	 94.341668	
        99	 98.933249	 98.866512	 98.799805	 98.733142	 98.666538	 98.600008	 98.533566	 98.467228	 98.401006	 98.334917	 98.268974	 98.203191	 98.137583	 98.072164	 98.006947	 97.941946	 97.877176	 97.812649	 97.748379	 97.684378	 97.620661	 97.557239	 97.494126	 97.431333	 97.368874	 97.306759	 97.245001	 97.183611	 97.122601	 97.061982	 97.001764	 96.941958	 96.882574	 96.823624	 96.765115	 96.707058	 96.649463	 96.592337	 96.535691	 96.479531	 96.423868	 96.368707	 96.314057	 96.259925	 96.206319	 96.153244	 96.100707	 96.048714	 95.997271	 95.946384	 95.896057	 95.846295	 95.797104	 95.748486	 95.700447	 95.652989	 95.606116	 95.559832	 95.514138	 95.469038	 95.424533	 95.380626	 95.337317	 95.294608	 95.252501	 95.210996	 95.170093	 95.129793	 95.090095	    95.051	 95.012506	 94.974613	 94.937319	 94.900623	 94.864525	 94.829021	 94.794109	 94.759789	 94.726056	 94.692908	 94.660343	 94.628357	 94.596947	 94.566109	 94.535839	 94.506134	  94.47699	 94.448403	 94.420367	 94.392878	 94.365933	 94.339525	  94.31365	 94.288303	 94.263478	 94.239171	 94.215375	 94.192085	 94.169296	 94.147001	 94.125195	 94.103871	 94.083025	 94.062649	 94.042737	 94.023283	 94.004281	 93.985725	 93.967608	 93.949924	 93.932666	 93.915827	 93.899402	 93.883383	 93.867765	  93.85254	 93.837702	 93.823245	 93.809162	 93.795446	  93.78209	 93.769089	 93.756436	 93.744124	 93.732147	 93.720499	 93.709172	 93.698162	 93.687461	 93.677063	 93.666962	 93.657152	 93.647627	 93.638381	 93.629407	 93.620701	 93.612255	 93.604065	 93.596125	 93.588428	  93.58097	 93.573745	 93.566747	 93.559972	 93.553414	 93.547067	 93.540928	  93.53499	 93.529249	   93.5237	 93.518339	  93.51316	 93.508159	 93.503332	 93.498675	 93.494183	 93.489851	 93.485677	 93.481655	 93.477783	 93.474055	 93.470469	 93.467021	 93.463708	 93.460525	  93.45747	  93.45454	 93.451731	  93.44904	 93.446464	 93.444002	 93.441649	 93.439403	 93.437262	 93.435223	 93.433284	 93.431442	 93.429696	 93.428044	 93.426482	 93.425011	 93.423627	 93.422329	 93.421116	 93.419986	 93.418937	 93.417969	  93.41708	 93.416269	 93.415534	 93.414876	 93.414294	 93.413785	 93.413351	 93.412989	 93.412701	 93.412485	 93.412341	 93.412269	
        99	 98.922161	 98.844338	 98.766551	 98.688815	 98.611148	 98.533566	 98.456088	  98.37873	 98.301509	 98.224442	 98.147545	 98.070835	 97.994329	 97.918043	 97.841993	 97.766196	 97.690666	 97.615421	 97.540475	 97.465844	 97.391542	 97.317586	 97.243989	 97.170766	 97.097931	 97.025499	 96.953482	 96.881895	 96.810751	 96.740062	 96.669842	 96.600102	 96.530854	 96.462111	 96.393884	 96.326183	 96.259021	 96.192406	  96.12635	 96.060863	 95.995953	 95.931629	 95.867902	 95.804778	 95.742267	 95.680376	 95.619113	 95.558483	 95.498495	 95.439155	 95.380469	 95.322441	 95.265078	 95.208385	 95.152366	 95.097025	 95.042367	 94.988394	  94.93511	 94.882518	 94.830621	  94.77942	 94.728918	 94.679115	 94.630014	 94.581614	 94.533917	 94.486922	 94.440631	 94.395041	 94.350153	 94.305965	 94.262477	 94.219686	 94.177591	 94.136189	 94.095479	 94.055458	 94.016121	 93.977468	 93.939493	 93.902194	 93.865566	 93.829606	 93.794308	 93.759669	 93.725684	 93.692348	 93.659655	 93.627601	 93.596179	 93.565385	 93.535212	 93.505655	 93.476706	 93.448361	 93.420613	 93.393454	 93.366879	 93.340881	 93.315453	 93.290587	 93.266278	 93.242517	 93.219298	 93.196613	 93.174455	 93.152816	  93.13169	 93.111068	 93.090943	 93.071308	 93.052154	 93.033475	 93.015262	 92.997508	 92.980206	 92.963347	 92.946924	  92.93093	 92.915356	 92.900196	 92.885441	 92.871084	 92.857117	 92.843534	 92.830326	 92.817487	 92.805008	 92.792883	 92.781104	 92.769665	 92.758557	 92.747775	 92.737311	 92.727158	  92.71731	  92.70776	   92.6985	 92.689525	 92.680828	 92.672403	 92.664243	 92.656342	 92.648695	 92.641294	 92.634135	  92.62721	 92.620516	 92.614045	 92.607793	 92.601754	 92.595923	 92.590295	 92.584863	 92.579625	 92.574574	 92.569706	 92.565017	 92.560501	 92.556154	 92.551973	 92.547952	 92.544088	 92.540377	 92.536814	 92.533397	 92.530121	 92.526984	  92.52398	 92.521108	 92.518365	 92.515746	 92.513249	 92.510871	  92.50861	 92.506463	 92.504427	   92.5025	 92.500679	 92.498963	 92.497349	 92.495836	 92.494421	 92.493103	  92.49188	 92.490751	 92.489715	 92.488769	 92.487913	 92.487145	 92.486466	 92.485873	 92.485366	 92.484945	 92.484608	 92.484356	 92.484189	 92.484105	
        99	  98.91109	 98.822199	 98.733348	 98.644556	 98.555843	 98.467228	  98.37873	  98.29037	 98.202166	 98.114137	 98.026304	 97.938684	 97.851297	 97.764161	 97.677295	 97.590717	 97.504446	 97.418499	 97.332893	 97.247648	 97.162779	 97.078304	 96.994239	 96.910602	 96.827409	 96.744675	 96.662415	 96.580647	 96.499384	 96.418641	 96.338434	 96.258775	 96.179679	 96.101159	 96.023228	 95.945899	 95.869184	 95.793095	 95.717644	 95.642843	 95.568701	 95.495229	 95.422438	 95.350337	 95.278935	 95.208241	 95.138264	 95.069012	 95.000492	 94.932712	 94.865679	 94.799399	 94.733877	 94.669121	 94.605135	 94.541923	 94.479491	 94.417842	  94.35698	 94.296908	 94.237629	 94.179146	 94.121461	 94.064575	  94.00849	 93.953207	 93.898726	 93.845048	 93.792172	 93.740099	 93.688826	 93.638354	  93.58868	 93.539804	 93.491722	 93.444432	 93.397932	 93.352218	 93.307287	 93.263136	  93.21976	 93.177156	 93.135319	 93.094244	 93.053926	 93.014361	 92.975542	 92.937465	 92.900122	 92.863509	 92.827618	 92.792444	  92.75798	 92.724219	 92.691154	 92.658777	 92.627082	 92.596061	 92.565706	 92.536011	 92.506966	 92.478564	 92.450797	 92.423657	 92.397135	 92.371224	 92.345914	 92.321198	 92.297067	 92.273512	 92.250525	 92.228097	 92.206219	 92.184883	  92.16408	 92.143801	 92.124038	 92.104781	 92.086023	 92.067754	 92.049965	 92.032648	 92.015795	 91.999396	 91.983443	 91.967928	 91.952841	 91.938176	 91.923922	 91.910073	 91.896619	 91.883552	 91.870865	  91.85855	 91.846597	 91.835001	 91.823752	 91.812843	 91.802266	 91.792015	 91.782081	 91.772458	 91.763137	 91.754113	 91.745377	 91.736924	 91.728746	 91.720838	 91.713191	   91.7058	 91.698659	 91.691761	   91.6851	 91.678671	 91.672468	 91.666484	 91.660715	 91.655155	 91.649798	  91.64464	 91.639675	 91.634899	 91.630306	 91.625893	 91.621654	 91.617585	 91.613681	  91.60994	 91.606356	 91.602926	 91.599645	 91.596511	  91.59352	 91.590668	 91.587952	 91.585369	 91.582916	 91.580591	  91.57839	  91.57631	  91.57435	 91.572507	 91.570778	 91.569162	 91.567657	  91.56626	 91.564971	 91.563786	 91.562706	 91.561728	 91.560852	 91.560075	 91.559398	 91.558819	 91.558338	 91.557954	 91.557666	 91.557475	 91.557379	
        99	 98.900039	   98.8001	 98.700205	 98.600376	 98.500636	 98.401006	 98.301509	 98.202166	 98.102998	 98.004029	 97.905278	 97.806767	 97.708518	 97.610552	 97.512889	  97.41555	 97.318555	 97.221925	 97.125679	 97.029838	  96.93442	 96.839445	 96.744932	 96.650899	 96.557365	 96.464347	 96.371864	 96.279932	 96.188568	  96.09779	 96.007613	 95.918053	 95.829125	 95.740845	 95.653228	 95.566287	 95.480037	 95.394491	 95.309662	 95.225563	 95.142205	 95.059601	 94.977762	 94.896699	 94.816423	 94.736942	 94.658267	 94.580408	 94.503371	 94.427166	 94.351801	 94.277282	 94.203617	 94.130812	 94.058872	 93.987803	 93.917611	 93.848299	 93.779872	 93.712334	 93.645687	 93.579935	  93.51508	 93.451123	 93.388067	 93.325913	  93.26466	  93.20431	 93.144862	 93.086316	 93.028671	 92.971925	 92.916077	 92.861125	 92.807067	 92.753899	 92.701619	 92.650223	 92.599708	 92.550069	 92.501302	 92.453402	 92.406365	 92.360184	 92.314856	 92.270372	 92.226729	 92.183918	 92.141934	  92.10077	 92.060418	 92.020872	 91.982124	 91.944167	 91.906992	 91.870591	 91.834956	 91.800079	 91.765952	 91.732565	  91.69991	 91.667978	 91.636759	 91.606246	 91.576428	 91.547296	  91.51884	 91.491052	 91.463922	 91.437439	 91.411595	 91.386379	 91.361782	 91.337794	 91.314405	 91.291606	 91.269386	 91.247736	 91.226646	 91.206106	 91.186106	 91.166637	 91.147689	 91.129251	 91.111316	 91.093872	  91.07691	 91.060422	 91.044397	 91.028826	   91.0137	 90.999009	 90.984745	 90.970899	 90.957461	 90.944423	 90.931775	 90.919511	  90.90762	 90.896094	 90.884925	 90.874106	 90.863627	 90.853481	  90.84366	 90.834156	 90.824961	 90.816069	 90.807472	 90.799163	 90.791134	 90.783379	  90.77589	 90.768662	 90.761688	  90.75496	 90.748474	 90.742223	   90.7362	 90.730401	 90.724819	 90.719449	 90.714286	 90.709324	 90.704558	 90.699983	 90.695594	 90.691388	 90.687358	 90.683502	 90.679813	  90.67629	 90.672927	  90.66972	 90.666667	 90.663763	 90.661005	 90.658391	 90.655916	 90.653578	 90.651374	 90.649302	 90.647358	 90.645542	 90.643849	 90.642279	 90.640829	 90.639497	 90.638283	 90.637183	 90.636198	 90.635325	 90.634564	 90.633913	 90.633372	  90.63294	 90.632617	 90.632401	 90.632294	
        99	  98.88901	 98.778044	 98.667127	 98.556284	 98.445539	 98.334917	 98.224442	 98.114137	 98.004029	 97.894139	 97.784493	 97.675113	 97.566024	 97.457249	  97.34881	 97.240731	 97.133034	 97.025743	 96.918878	 96.812462	 96.706516	 96.601063	 96.496121	 96.391714	 96.287859	 96.184579	 96.081891	 95.979816	 95.878372	 95.777577	 95.677451	 95.578009	  95.47927	  95.38125	 95.283965	 95.187432	 95.091665	 94.996681	 94.902492	 94.809114	 94.716559	 94.624841	 94.533973	 94.443966	 94.354832	 94.266582	 94.179227	 94.092776	  94.00724	 93.922627	 93.838947	 93.756206	 93.674413	 93.593575	 93.513697	 93.434788	  93.35685	 93.279891	 93.203915	 93.128924	 93.054924	 92.981918	 92.909907	 92.838894	  92.76888	 92.699868	 92.631857	 92.564848	 92.498841	 92.433835	  92.36983	 92.306823	 92.244813	 92.183798	 92.123775	 92.064742	 92.006693	 91.949627	 91.893538	 91.838422	 91.784274	  91.73109	 91.678862	 91.627587	 91.577257	 91.527865	 91.479406	 91.431872	 91.385256	  91.33955	 91.294746	 91.250837	 91.207814	 91.165668	 91.124391	 91.083974	 91.044408	 91.005683	  90.96779	 90.930719	 90.894461	 90.859006	 90.824343	 90.790463	 90.757355	 90.725009	 90.693414	  90.66256	 90.632436	 90.603031	 90.574335	 90.546337	 90.519026	 90.492392	 90.466423	 90.441108	 90.416436	 90.392397	  90.36898	 90.346174	 90.323968	  90.30235	 90.281311	  90.26084	 90.240925	 90.221557	 90.202724	 90.184416	 90.166623	 90.149334	 90.132539	 90.116228	  90.10039	 90.085016	 90.070095	 90.055618	 90.041576	 90.027958	 90.014755	 90.001957	 89.989556	 89.977543	 89.965908	 89.954642	 89.943738	 89.933185	 89.922977	 89.913103	 89.903558	 89.894331	 89.885417	 89.876806	 89.868491	 89.860465	 89.852721	 89.845252	  89.83805	 89.831109	 89.824422	 89.817983	 89.811785	 89.805823	  89.80009	  89.79458	 89.789288	 89.784208	 89.779336	 89.774665	 89.770191	 89.765909	 89.761814	 89.757901	 89.754167	 89.750607	 89.747217	 89.743992	  89.74093	 89.738027	 89.735279	 89.732684	 89.730237	 89.727936	 89.725778	 89.723761	 89.721881	 89.720138	 89.718528	  89.71705	 89.715701	  89.71448	 89.713386	 89.712417	 89.711572	 89.710849	 89.710248	 89.709769	 89.709409	  89.70917	 89.709051	
        99	 98.878005	 98.756037	 98.634123	 98.512289	 98.390564	 98.268974	 98.147545	 98.026304	 97.905278	 97.784493	 97.663975	  97.54375	 97.423845	 97.304284	 97.185094	 97.066299	 96.947924	 96.829995	 96.712534	 96.595567	 96.479117	 96.363207	 96.247861	 96.133101	  96.01895	 95.905429	  95.79256	 95.680364	 95.568862	 95.458073	 95.348019	 95.238718	 95.130188	  95.02245	 94.915519	 94.809415	 94.704153	  94.59975	 94.496223	 94.393586	 94.291855	 94.191043	 94.091165	 93.992234	 93.894262	 93.797262	 93.701246	 93.606224	 93.512207	 93.419205	 93.327227	 93.236282	  93.14638	 93.057526	 92.969729	 92.882995	 92.797331	 92.712741	 92.629231	 92.546806	 92.465469	 92.385223	 92.306072	 92.228018	 92.151063	 92.075208	 92.000454	 91.926801	  91.85425	 91.782799	 91.712447	 91.643193	 91.575035	  91.50797	 91.441996	 91.377109	 91.313305	  91.25058	  91.18893	  91.12835	 91.068833	 91.010375	  90.95297	  90.89661	  90.84129	 90.787001	 90.733738	  90.68149	 90.630252	 90.580015	 90.530769	 90.482506	 90.435217	 90.388892	 90.343523	 90.299098	 90.255609	 90.213044	 90.171394	 90.130648	 90.090795	 90.051825	 90.013725	 89.976486	 89.940095	 89.904541	 89.869814	   89.8359	  89.80279	  89.77047	 89.738929	 89.708155	 89.678136	  89.64886	 89.620316	 89.592491	 89.565374	 89.538952	 89.513213	 89.488145	 89.463737	 89.439976	 89.416851	  89.39435	 89.372461	 89.351172	 89.330472	 89.310349	 89.290792	 89.271788	 89.253328	 89.235399	 89.217991	 89.201093	 89.184693	 89.168781	 89.153346	 89.138377	 89.123865	 89.109799	 89.096169	 89.082964	 89.070175	 89.057793	 89.045807	 89.034208	 89.022987	 89.012135	 89.001643	 88.991502	 88.981704	 88.972239	   88.9631	 88.954278	 88.945766	 88.937556	  88.92964	 88.922011	 88.914661	 88.907584	 88.900771	 88.894218	 88.887916	  88.88186	 88.876044	 88.870461	 88.865105	 88.859971	 88.855053	 88.850346	 88.845845	 88.841545	  88.83744	 88.833527	 88.829801	 88.826257	 88.822892	   88.8197	  88.81668	 88.813827	 88.811137	 88.808608	 88.806236	 88.804019	 88.801954	 88.800037	 88.798268	 88.796643	  88.79516	 88.793819	 88.792616	 88.791551	 88.790622	 88.789827	 88.789167	  88.78864	 88.788245	 88.787982	 88.787851	
        99	 98.867027	 98.734083	 98.601198	 98.468402	 98.335723	 98.203191	 98.070835	 97.938684	 97.806767	 97.675113	  97.54375	 97.412707	 97.282012	 97.151692	 97.021777	 96.892292	 96.763265	 96.634723	 96.506693	   96.3792	 96.252271	 96.125931	 96.000205	 95.875119	 95.750695	 95.626959	 95.503933	 95.381641	 95.260105	 95.139347	 95.019389	 94.900252	 94.781957	 94.664523	  94.54797	 94.432318	 94.317584	 94.203786	 94.090943	  93.97907	 93.868184	 93.758301	 93.649435	 93.541601	 93.434813	 93.329085	 93.224428	 93.120855	 93.018378	 92.917007	 92.816753	 92.717624	 92.619631	 92.522782	 92.427085	 92.332546	 92.239173	 92.146971	 92.055947	 91.966104	 91.877448	 91.789981	 91.703708	  91.61863	  91.53475	 91.452069	 91.370588	 91.290307	 91.211227	 91.133346	 91.056664	 90.981178	 90.906887	 90.833787	 90.761876	  90.69115	 90.621605	 90.553236	 90.486038	 90.420006	 90.355134	 90.291415	 90.228844	 90.167413	 90.107114	  90.04794	 89.989884	 89.932935	 89.877086	 89.822328	  89.76865	 89.716044	   89.6645	 89.614007	 89.564555	 89.516133	  89.46873	 89.422335	 89.376937	 89.332524	 89.289085	 89.246608	  89.20508	 89.164489	 89.124824	 89.086071	 89.048218	 89.011253	 88.975163	 88.939934	 88.905555	 88.872012	 88.839292	 88.807382	 88.776269	  88.74594	 88.716383	 88.687583	 88.659528	 88.632204	   88.6056	 88.579701	 88.554495	 88.529969	  88.50611	 88.482906	 88.460343	 88.438409	 88.417092	 88.396378	 88.376257	 88.356715	  88.33774	 88.319321	 88.301445	 88.284101	 88.267278	 88.250962	 88.235144	 88.219812	 88.204955	 88.190563	 88.176623	 88.163126	 88.150062	 88.137419	 88.125189	  88.11336	 88.101924	  88.09087	  88.08019	 88.069873	 88.059912	 88.050297	 88.041019	  88.03207	 88.023442	 88.015126	 88.007114	   87.9994	 87.991975	 87.984831	 87.977963	 87.971362	 87.965022	 87.958936	 87.953099	 87.947503	 87.942143	 87.937012	 87.932106	 87.927419	 87.922945	  87.91868	 87.914618	 87.910755	 87.907087	 87.903609	 87.900316	 87.897206	 87.894275	 87.891518	 87.888933	 87.886516	 87.884265	 87.882176	 87.880247	 87.878476	  87.87686	 87.875398	 87.874087	 87.872926	 87.871913	 87.871047	 87.870328	 87.869753	 87.869323	 87.869036	 87.868893	
        99	 98.856078	 98.712188	 98.568362	 98.424631	 98.281028	 98.137583	 97.994329	 97.851297	 97.708518	 97.566024	 97.423845	 97.282012	 97.140555	 96.999506	 96.858893	 96.718746	 96.579095	  96.43997	 96.301397	 96.163407	 96.026027	 95.889285	 95.753207	 95.617821	 95.483152	 95.349228	 95.216072	 95.083711	 94.952167	 94.821467	 94.691632	 94.562685	 94.434649	 94.307546	 94.181397	 94.056222	 93.932041	 93.808874	 93.686739	 93.565654	 93.445638	 93.326707	 93.208878	 93.092165	 92.976584	  92.86215	 92.748876	 92.636776	  92.52586	 92.416143	 92.307633	 92.200343	 92.094282	 91.989458	 91.885881	 91.783558	 91.682497	 91.582703	 91.484184	 91.386944	 91.290988	 91.196319	 91.102942	 91.010859	 90.920072	 90.830584	 90.742394	 90.655503	 90.569911	 90.485618	 90.402622	  90.32092	 90.240512	 90.161394	 90.083562	 90.007012	  89.93174	 89.857742	 89.785011	 89.713542	 89.643328	 89.574364	  89.50664	 89.440151	 89.374887	 89.310842	 89.248004	 89.186367	 89.125919	 89.066652	 89.008555	 88.951618	 88.895829	 88.841179	 88.787655	 88.735245	  88.68394	 88.633725	 88.584589	 88.536519	 88.489503	 88.443528	 88.398581	 88.354648	 88.311717	 88.269773	 88.228804	 88.188795	 88.149733	 88.111604	 88.074394	 88.038089	 88.002675	 87.968137	 87.934463	 87.901637	 87.869645	 87.838474	 87.808109	 87.778536	 87.749741	 87.721709	 87.694428	 87.667883	 87.642059	 87.616944	 87.592523	 87.568784	 87.545711	 87.523292	 87.501514	 87.480363	 87.459826	  87.43989	 87.420543	 87.401771	 87.383562	 87.365903	 87.348783	 87.332188	 87.316108	  87.30053	 87.285443	 87.270835	 87.256694	 87.243011	 87.229773	 87.216971	 87.204593	 87.192629	 87.181069	 87.169904	 87.159122	 87.148715	 87.138673	 87.128987	 87.119649	 87.110648	 87.101977	 87.093627	 87.085591	 87.077859	 87.070425	 87.063281	 87.056419	 87.049832	 87.043514	 87.037457	 87.031655	 87.026103	 87.020793	 87.015719	 87.010877	 87.006261	 87.001864	 86.997684	 86.993713	 86.989949	 86.986385	 86.983019	 86.979846	 86.976863	 86.974065	 86.971449	 86.969012	 86.966751	 86.964664	 86.962747	 86.960998	 86.959415	 86.957996	 86.956739	 86.955643	 86.954706	 86.953927	 86.953306	  86.95284	  86.95253	 86.952375	
        99	 98.845161	 98.690356	 98.535619	 98.380986	 98.226489	 98.072164	 97.918043	 97.764161	 97.610552	 97.457249	 97.304284	 97.151692	 96.999506	 96.847756	 96.696477	   96.5457	 96.395456	 96.245776	 96.096693	 95.948235	 95.800434	 95.653319	 95.506919	 95.361262	 95.216379	 95.072295	 94.929039	 94.786637	 94.645116	 94.504501	 94.364817	 94.226089	 94.088341	 93.951596	 93.815878	 93.681207	 93.547606	 93.415096	 93.283697	 93.153428	 93.024308	 92.896355	 92.769587	 92.644021	 92.519673	 92.396559	 92.274692	 92.154088	 92.034759	 91.916719	 91.799978	 91.684549	 91.570443	 91.457667	 91.346233	 91.236149	 91.127421	 91.020058	 90.914065	 90.809449	 90.706214	 90.604364	 90.503904	 90.404836	 90.307163	 90.210886	 90.116006	 90.022524	  89.93044	 89.839752	  89.75046	 89.662562	 89.576054	 89.490934	 89.407198	 89.324841	  89.24386	 89.164248	    89.086	  89.00911	  88.93357	 88.859374	 88.786513	 88.714981	 88.644766	 88.575862	 88.508258	 88.441945	 88.376912	  88.31315	 88.250645	 88.189389	 88.129369	 88.070573	 88.012988	 87.956604	 87.901406	 87.847382	 87.794519	 87.742803	 87.692221	 87.642758	 87.594401	 87.547136	 87.500948	 87.455823	 87.411746	 87.368702	 87.326677	 87.285655	 87.245623	 87.206564	 87.168463	 87.131306	 87.095077	 87.059761	 87.025343	 86.991807	 86.959139	 86.927322	 86.896343	 86.866185	 86.836834	 86.808275	 86.780493	 86.753473	   86.7272	 86.701659	 86.676836	 86.652717	 86.629287	 86.606531	 86.584437	 86.562988	 86.542173	 86.521977	 86.502387	 86.483389	  86.46497	 86.447116	 86.429816	 86.413057	 86.396825	 86.381109	 86.365896	 86.351175	 86.336933	 86.323159	 86.309842	 86.296971	 86.284534	 86.272522	 86.260922	 86.249726	 86.238922	 86.228502	 86.218454	 86.208771	 86.199442	 86.190459	 86.181813	 86.173495	 86.165497	 86.157811	 86.150428	 86.143342	 86.136544	 86.130028	 86.123787	 86.117813	   86.1121	 86.106642	 86.101432	 86.096465	 86.091736	 86.087238	 86.082966	 86.078916	 86.075083	 86.071461	 86.068048	 86.064838	 86.061827	 86.059013	 86.056391	 86.053959	 86.051713	 86.049651	 86.047769	 86.046066	  86.04454	 86.043188	 86.042008	    86.041	 86.040162	 86.039493	 86.038992	 86.038659	 86.038492	
        99	 98.834277	 98.668591	 98.502979	 98.337476	  98.17212	 98.006947	 97.841993	 97.677295	 97.512889	  97.34881	 97.185094	 97.021777	 96.858893	 96.696477	 96.534564	 96.373189	 96.212384	 96.052184	 95.892622	 95.733729	 95.575539	 95.418083	 95.261393	 95.105499	 94.950431	  94.79622	 94.642895	 94.490484	 94.339015	 94.188516	 94.039014	 93.890535	 93.743105	 93.596748	  93.45149	 93.307354	 93.164362	 93.022538	 92.881903	 92.742477	 92.604281	 92.467335	 92.331657	 92.197265	 92.064177	 91.932408	 91.801976	 91.672895	 91.545178	 91.418841	 91.293895	 91.170353	 91.048225	 90.927524	 90.808257	 90.690435	 90.574065	 90.459155	 90.345712	 90.233742	 90.123251	 90.014243	 89.906721	  89.80069	 89.696151	 89.593107	 89.491558	 89.391505	 89.292948	 89.195886	 89.100318	 89.006241	 88.913653	  88.82255	 88.732928	 88.644783	 88.558109	 88.472902	 88.389154	 88.306859	  88.22601	 88.146598	 88.068617	 87.992056	 87.916906	 87.843159	 87.770803	 87.699829	 87.630225	  87.56198	 87.495083	 87.429521	 87.365282	 87.302353	 87.240721	 87.180373	 87.121296	 87.063475	 87.006896	 86.951545	 86.897407	 86.844467	 86.792712	 86.742124	  86.69269	 86.644393	 86.597217	 86.551148	 86.506169	 86.462264	 86.419418	 86.377613	 86.336835	 86.297066	 86.258291	 86.220492	 86.183655	 86.147762	 86.112797	 86.078744	 86.045587	  86.01331	 85.981896	  85.95133	 85.921595	 85.892675	 85.864555	  85.83722	 85.810652	 85.784837	  85.75976	 85.735405	 85.711757	 85.688802	 85.666524	 85.644908	 85.623941	 85.603607	 85.583893	 85.564785	 85.546269	 85.528332	 85.510959	 85.494138	 85.477856	   85.4621	 85.446857	 85.432115	 85.417862	 85.404086	 85.390775	 85.377918	 85.365504	  85.35352	 85.341957	 85.330804	 85.320051	 85.309687	 85.299702	 85.290088	 85.280834	 85.271931	 85.263371	 85.255145	 85.247243	 85.239659	 85.232383	 85.225409	 85.218729	 85.212335	  85.20622	 85.200379	 85.194803	 85.189487	 85.184425	 85.179611	 85.175039	 85.170704	 85.166602	 85.162726	 85.159072	 85.155636	 85.152414	 85.149402	 85.146596	 85.143993	 85.141589	 85.139382	 85.137368	 85.135546	 85.133912	 85.132465	 85.131203	 85.130124	 85.129227	 85.128511	 85.127974	 85.127617	 85.127439	
        99	  98.82343	 98.646899	 98.470446	  98.29411	 98.117931	 97.941946	 97.766196	 97.590717	  97.41555	 97.240731	 97.066299	 96.892292	 96.718746	   96.5457	 96.373189	 96.201251	 96.029921	 95.859235	 95.689228	 95.519935	 95.351391	 95.183628	 95.016682	 94.850584	 94.685366	 94.521061	   94.3577	 94.195312	 94.033929	 93.873579	 93.714292	 93.556094	 93.399014	 93.243078	 93.088312	 92.934741	  92.78239	 92.631282	 92.481442	  92.33289	 92.185649	 92.039738	 91.895179	 91.751991	 91.610191	 91.469798	 91.330828	 91.193298	 91.057222	 90.922615	 90.789491	 90.657862	 90.527741	 90.399138	 90.272065	 90.146531	 90.022544	 89.900113	 89.779244	 89.659946	 89.542222	 89.426078	 89.311519	 89.198547	 89.087166	 88.977377	 88.869181	 88.762579	 88.657572	 88.554157	 88.452333	 88.352098	 88.253449	 88.156383	 88.060895	  87.96698	 87.874634	 87.783849	 87.694619	 87.606938	 87.520796	 87.436187	 87.353101	 87.271529	  87.19146	 87.112886	 87.035794	 86.960174	 86.886015	 86.813303	 86.742027	 86.672173	 86.603729	 86.536681	 86.471015	 86.406718	 86.343773	 86.282167	 86.221885	 86.162911	  86.10523	 86.048825	 85.993682	 85.939783	 85.887113	 85.835654	 85.785391	 85.736306	 85.688383	 85.641605	 85.595954	 85.551413	 85.507965	 85.465593	  85.42428	 85.384007	 85.344759	 85.306516	 85.269263	 85.232981	 85.197654	 85.163264	 85.129794	 85.097227	 85.065546	 85.034733	 85.004773	 84.975648	 84.947341	 84.919837	 84.893118	 84.867169	 84.841973	 84.817515	 84.793779	 84.770748	 84.748408	 84.726744	  84.70574	 84.685381	 84.665653	 84.646541	 84.628032	  84.61011	 84.592762	 84.575974	 84.559734	 84.544027	 84.528841	 84.514164	 84.499981	 84.486283	 84.473055	 84.460287	 84.447968	 84.436085	 84.424627	 84.413585	 84.402947	 84.392703	 84.382844	 84.373358	 84.364238	 84.355473	 84.347054	 84.338973	 84.331222	 84.323791	 84.316673	 84.309861	 84.303346	 84.297122	 84.291182	 84.285518	 84.280124	 84.274995	 84.270124	 84.265506	 84.261134	 84.257005	 84.253112	 84.249451	 84.246018	 84.242809	  84.23982	 84.237046	 84.234485	 84.232133	 84.229987	 84.228045	 84.226305	 84.224763	 84.223418	 84.222269	 84.221313	  84.22055	 84.219979	 84.219598	 84.219408	
        99	 98.812621	 98.625283	 98.438028	 98.250898	 98.063934	 97.877176	 97.690666	 97.504446	 97.318555	 97.133034	 96.947924	 96.763265	 96.579095	 96.395456	 96.212384	 96.029921	 95.848102	 95.666967	 95.486553	 95.306897	 95.128035	 94.950003	 94.772836	  94.59657	 94.421239	 94.246875	 94.073514	 93.901186	 93.729923	 93.559757	 93.390718	 93.222836	  93.05614	 92.890658	 92.726418	 92.563446	 92.401769	 92.241411	 92.082397	 91.924752	 91.768497	 91.613655	 91.460246	 91.308292	 91.157812	 91.008824	 90.861347	 90.715398	 90.570992	 90.428145	 90.286871	 90.147184	 90.009098	 89.872622	  89.73777	 89.604551	 89.472974	 89.343048	 89.214781	 89.088179	 88.963248	 88.839995	 88.718423	 88.598535	 88.480335	 88.363825	 88.249006	 88.135879	 88.024443	 87.914697	  87.80664	 87.700269	 87.595582	 87.492573	  87.39124	 87.291576	 87.193576	 87.097234	 87.002542	 86.909493	 86.818078	 86.728289	 86.640117	 86.553551	 86.468581	 86.385197	 86.303386	 86.223137	 86.144437	 86.067274	 85.991635	 85.917505	 85.844871	 85.773719	 85.704033	 85.635799	 85.569001	 85.503624	 85.439652	 85.377067	 85.315855	 85.255998	 85.197479	  85.14028	 85.084386	 85.029777	 84.976437	 84.924348	 84.873491	 84.823849	 84.775403	 84.728136	 84.682028	 84.637062	  84.59322	 84.550482	 84.508831	 84.468247	 84.428713	 84.390211	 84.352721	 84.316226	 84.280707	 84.246146	 84.212525	 84.179826	 84.148032	 84.117124	 84.087085	 84.057896	 84.029542	 84.002005	 83.975267	 83.949311	 83.924122	 83.899681	 83.875974	 83.852983	 83.830693	 83.809088	 83.788153	 83.767871	 83.748228	 83.729209	 83.710799	 83.692984	 83.675749	 83.659081	 83.642966	 83.627389	 83.612339	 83.597802	 83.583765	 83.570215	 83.557141	 83.544531	 83.532372	 83.520654	 83.509365	 83.498494	 83.488031	 83.477965	 83.468286	 83.458984	  83.45005	 83.441475	 83.433248	 83.425363	  83.41781	  83.41058	 83.403667	 83.397061	 83.390757	 83.384747	 83.379023	  83.37358	 83.368411	 83.363509	  83.35887	 83.354488	 83.350357	 83.346472	 83.342829	 83.339424	 83.336251	 83.333308	  83.33059	 83.328094	 83.325817	 83.323756	 83.321909	 83.320273	 83.318846	 83.317626	 83.316612	 83.315802	 83.315195	 83.314792	  83.31459	
