Time step 9:
        99	        99	        99	        99	        99	        99	        99	        99	        99	        99	        99	        99	        99	        99	        99	        99	        99	        99	        99	        99	        99	        99	        99	        99	        99	        99	        99	        99	        99	        99	        99	        99	        99	        99	        99	        99	        99	        99	        99	        99	        99	        99	        99	        99	        99	        99	        99	        99	        99	        99	        99	        99	        99	        99	        99	        99	        99	        99	        99	        99	        99	        99	        99	        99	        99	        99	        99	        99	        99	        99	        99	        99	        99	        99	        99	        99	        99	        99	        99	        99	        99	        99	        99	        99	        99	        99	        99	        99	        99	        99	        99	        99	        99	        99	        99	        99	        99	        99	        99	        99	        99	        99	        99	        99	        99	        99	        99	        99	        99	        99	        99	        99	        99	        99	        99	        99	        99	        99	        99	        99	        99	        99	        99	        99	        99	        99	        99	        99	        99	        99	        99	        99	        99	        99	        99	        99	        99	        99	        99	        99	        99	        99	        99	        99	        99	        99	        99	        99	        99	        99	        99	        99	        99	        99	        99	        99	        99	        99	        99	        99	        99	        99	        99	        99	        99	        99	        99	        99	        99	        99	        99	        99	        99	        99	        99	        99	        99	        99	        99	        99	        99	        99	        99	        99	        99	        99	        99	        99	        99	        99	        99	        99	        99	        99	        99	        99	        99	        99	        99	        99	
        99	 98.929471	 98.859041	 98.788809	 98.718871	 98.649325	 98.580266	 98.511785	 98.443974	 98.376919	 98.310707	 98.245417	 98.181127	  98.11791	 98.055837	 97.994971	 97.935372	 97.877097	 97.820195	 97.764713	  97.71069	 97.658162	  97.60716	 97.557708	 97.509826	 97.463529	 97.418829	 97.375729	 97.334232	 97.294333	 97.256025	 97.219296	  97.18413	 97.150508	 97.118407	   97.0878	 97.058661	 97.030956	 97.004652	 96.979714	 96.956104	 96.933781	 96.912706	 96.892837	  96.87413	 96.856543	 96.840031	 96.824551	 96.810059	 96.796509	  96.78386	 96.772067	 96.761088	 96.750881	 96.741404	 96.732619	 96.724486	 96.716967	 96.710025	 96.703625	 96.697734	 96.692317	 96.687345	 96.682786	 96.678613	 96.674797	 96.671314	 96.668139	 96.665248	  96.66262	 96.660234	 96.658071	 96.656112	 96.654342	 96.652744	 96.651303	 96.650006	  96.64884	 96.647793	 96.646854	 96.646014	 96.645262	 96.644592	 96.643994	 96.643462	 96.642988	 96.642568	 96.642196	 96.641866	 96.641574	 96.641317	  96.64109	  96.64089	 96.640715	  96.64056	 96.640425	 96.640307	 96.640203	 96.640113	 96.640034	 96.639966	 96.639906	 96.639854	 96.639809	  96.63977	 96.639737	 96.639708	 96.639683	 96.639661	 96.639643	 96.639627	 96.639613	 96.639601	 96.639591	 96.639583	 96.639576	 96.639569	 96.639564	  96.63956	 96.639556	 96.639553	  96.63955	 96.639548	 96.639546	 96.639544	 96.639543	 96.639542	 96.639541	  96.63954	 96.639539	 96.639539	 96.639538	 96.639538	 96.639537	 96.639537	 96.639537	 96.639537	 96.639537	 96.639536	 96.639536	 96.639536	 96.639536	 96.639536	 96.639536	 96.639536	 96.639536	 96.639536	 96.639536	 96.639536	 96.639536	 96.639536	 96.639536	 96.639536	 96.639536	 96.639536	 96.639536	 96.639536	 96.639536	 96.639536	 96.639536	 96.639536	 96.639536	 96.639536	 96.639536	 96.639536	 96.639536	 96.639536	 96.639536	 96.639536	 96.639536	 96.639536	 96.639536	 96.639536	 96.639536	 96.639536	 96.639536	 96.639536	 96.639536	 96.639536	 96.639536	 96.639536	 96.639536	 96.639536	 96.639536	 96.639536	 96.639536	 96.639536	 96.639536	 96.639536	 96.639536	 96.639536	 96.639536	 96.639536	 96.639536	 96.639536	 96.639536	 96.639536	 96.639536	 96.639536	 96.639536	
        99	 98.859041	  98.71828	 98.577914	 98.438137	 98.299142	  98.16112	 98.024255	 97.888727	 97.754713	  97.62238	 97.491892	 97.363402	 97.237058	 97.112997	  96.99135	 96.872237	 96.755769	 96.642045	 96.531158	 96.423189	 96.318207	 96.216273	 96.117438	 96.021741	 95.929213	 95.839875	 95.753737	   95.6708	 95.591059	 95.514496	  95.44109	 95.370807	 95.303609	 95.239452	 95.178283	 95.120044	 95.064673	 95.012103	 94.962262	 94.915073	  94.87046	 94.828339	 94.788628	 94.751241	 94.716092	 94.683092	 94.652153	 94.623189	 94.596109	 94.570828	 94.547258	 94.525315	 94.504915	 94.485976	 94.468418	 94.452163	 94.437135	 94.423262	 94.410471	 94.398696	 94.387871	 94.377933	 94.368822	 94.360481	 94.352855	 94.345894	 94.339547	  94.33377	 94.328517	 94.323748	 94.319425	 94.315512	 94.311973	 94.308779	 94.305899	 94.303307	 94.300976	 94.298884	 94.297008	 94.295329	 94.293827	 94.292487	 94.291292	 94.290228	 94.289282	 94.288442	 94.287698	 94.287039	 94.286456	 94.285942	 94.285488	 94.285089	 94.284738	  94.28443	 94.284159	 94.283923	 94.283716	 94.283535	 94.283378	 94.283241	 94.283121	 94.283018	 94.282928	 94.282851	 94.282783	 94.282725	 94.282675	 94.282632	 94.282595	 94.282563	 94.282536	 94.282513	 94.282493	 94.282476	 94.282461	 94.282449	 94.282438	 94.282429	 94.282422	 94.282415	  94.28241	 94.282405	 94.282402	 94.282398	 94.282396	 94.282393	 94.282391	  94.28239	 94.282388	 94.282387	 94.282386	 94.282386	 94.282385	 94.282384	 94.282384	 94.282384	 94.282383	 94.282383	 94.282383	 94.282383	 94.282382	 94.282382	 94.282382	 94.282382	 94.282382	 94.282382	 94.282382	 94.282382	 94.282382	 94.282382	 94.282382	 94.282382	 94.282382	 94.282382	 94.282382	 94.282382	 94.282382	 94.282382	 94.282382	 94.282382	 94.282382	 94.282382	 94.282382	 94.282382	 94.282382	 94.282382	 94.282382	 94.282382	 94.282382	 94.282382	 94.282382	 94.282382	 94.282382	 94.282382	 94.282382	 94.282382	 94.282382	 94.282382	 94.282382	 94.282382	 94.282382	 94.282382	 94.282382	 94.282382	 94.282382	 94.282382	 94.282382	 94.282382	 94.282382	 94.282382	 94.282382	 94.282382	 94.282382	 94.282382	 94.282382	 94.282382	 94.282382	 94.282382	 94.282382	
        99	 98.788809	 98.577914	  98.36761	 98.158189	 97.949941	 97.743149	 97.538091	 97.335037	  97.13425	 96.935983	 96.740478	 96.547969	 96.358674	   96.1728	 95.990543	 95.812082	 95.637583	 95.467197	 95.301061	 95.139295	 94.982006	 94.829284	 94.681205	 94.537827	 94.399198	 94.265346	  94.13629	  94.01203	 93.892558	 93.777849	 93.667867	 93.562566	 93.461887	 93.365763	 93.274116	 93.186861	 93.103901	 93.025138	 92.950463	 92.879764	 92.812921	 92.749814	 92.690317	 92.634302	 92.581639	 92.532197	 92.485844	 92.442447	 92.401876	 92.363998	 92.328685	 92.295809	 92.265245	 92.236869	 92.210563	 92.186209	 92.163693	 92.142907	 92.123744	 92.106102	 92.089883	 92.074993	 92.061343	 92.048846	 92.037421	 92.026991	 92.017483	 92.008826	 92.000956	 91.993812	 91.987335	 91.981471	  91.97617	 91.971384	  91.96707	 91.963185	 91.959693	 91.956558	 91.953748	 91.951232	 91.948982	 91.946974	 91.945184	  91.94359	 91.942173	 91.940915	 91.939799	 91.938812	 91.937939	 91.937168	 91.936488	  91.93589	 91.935364	 91.934902	 91.934497	 91.934143	 91.933833	 91.933562	 91.933326	 91.933121	 91.932942	 91.932787	 91.932653	 91.932537	 91.932436	 91.932349	 91.932274	  91.93221	 91.932154	 91.932106	 91.932066	 91.932031	 91.932001	 91.931975	 91.931953	 91.931935	 91.931919	 91.931906	 91.931894	 91.931885	 91.931877	  91.93187	 91.931864	 91.931859	 91.931855	 91.931851	 91.931849	 91.931846	 91.931844	 91.931842	 91.931841	  91.93184	 91.931839	 91.931838	 91.931837	 91.931837	 91.931836	 91.931836	 91.931836	 91.931835	 91.931835	 91.931835	 91.931835	 91.931835	 91.931835	 91.931835	 91.931835	 91.931834	 91.931834	 91.931834	 91.931834	 91.931834	 91.931834	 91.931834	 91.931834	 91.931834	 91.931834	 91.931834	 91.931834	 91.931834	 91.931834	 91.931834	 91.931834	 91.931834	 91.931834	 91.931834	 91.931834	 91.931834	 91.931834	 91.931834	 91.931834	 91.931834	 91.931834	 91.931834	 91.931834	 91.931834	 91.931834	 91.931834	 91.931834	 91.931834	 91.931834	 91.931834	 91.931834	 91.931834	 91.931834	 91.931834	 91.931834	 91.931834	 91.931834	 91.931834	 91.931834	 91.931834	 91.931834	 91.931834	 91.931834	 91.931834	 91.931834	 91.931834	 91.931834	
        99	 98.718871	 98.438137	 98.158189	 97.879418	 97.602207	 97.326934	 97.053969	 96.783673	 96.516394	 96.252469	 95.992222	 95.735961	  95.48398	 95.236554	  94.99394	 94.756381	 94.524095	 94.297285	 94.076131	 93.860796	  93.65142	 93.448123	 93.251005	 93.060148	  92.87561	 92.697433	 92.525638	 92.360229	 92.201193	 92.048497	 91.902094	 91.761921	 91.627903	 91.499946	  91.37795	 91.261799	 91.151367	 91.046521	 90.947117	 90.853004	 90.764027	 90.680021	 90.600822	 90.526257	 90.456154	 90.390339	 90.328636	 90.270868	 90.216861	  90.16644	 90.119432	 90.075669	 90.034984	 89.997211	 89.962193	 89.929774	 89.899803	 89.872133	 89.846624	  89.82314	  89.80155	 89.781729	 89.763558	 89.746923	 89.731715	 89.717831	 89.705173	  89.69365	 89.683174	 89.673664	 89.665042	 89.657236	 89.650179	 89.643809	 89.638065	 89.632895	 89.628247	 89.624073	 89.620332	 89.616983	 89.613988	 89.611315	 89.608932	  89.60681	 89.604924	 89.603249	 89.601764	  89.60045	 89.599288	 89.598262	 89.597357	 89.596561	  89.59586	 89.595246	 89.594707	 89.594235	 89.593822	 89.593462	 89.593148	 89.592875	 89.592637	 89.592431	 89.592252	 89.592097	 89.591963	 89.591847	 89.591747	 89.591661	 89.591587	 89.591524	  89.59147	 89.591423	 89.591383	 89.591349	  89.59132	 89.591296	 89.591275	 89.591257	 89.591242	 89.591229	 89.591218	 89.591209	 89.591201	 89.591195	 89.591189	 89.591185	 89.591181	 89.591178	 89.591175	 89.591173	 89.591171	 89.591169	 89.591168	 89.591167	 89.591166	 89.591165	 89.591165	 89.591164	 89.591164	 89.591163	 89.591163	 89.591163	 89.591163	 89.591162	 89.591162	 89.591162	 89.591162	 89.591162	 89.591162	 89.591162	 89.591162	 89.591162	 89.591162	 89.591162	 89.591162	 89.591162	 89.591162	 89.591162	 89.591162	 89.591162	 89.591162	 89.591162	 89.591162	 89.591162	 89.591162	 89.591162	 89.591162	 89.591162	 89.591162	 89.591162	 89.591162	 89.591162	 89.591162	 89.591162	 89.591162	 89.591162	 89.591162	 89.591162	 89.591162	 89.591162	 89.591162	 89.591162	 89.591162	 89.591162	 89.591162	 89.591162	 89.591162	 89.591162	 89.591162	 89.591162	 89.591162	 89.591162	 89.591162	 89.591162	 89.591162	 89.591162	 89.591162	 89.591162	 89.591162	
        99	 98.649325	 98.299142	 97.949941	 97.602207	 97.256419	 96.913049	 96.572557	 96.235395	 95.901996	 95.572781	 95.248154	 94.928499	 94.614182	 94.305547	 94.002916	 93.706589	  93.41684	 93.133921	 92.858058	 92.589453	 92.328281	 92.074692	 91.828812	 91.590739	  91.36055	 91.138295	 90.924002	 90.717674	 90.519295	 90.328825	 90.146204	 89.971356	 89.804184	 89.644574	 89.492398	 89.347513	 89.209762	 89.078979	 88.954984	  88.83759	 88.726601	 88.621814	 88.523022	 88.430011	 88.342567	  88.26047	 88.183503	 88.111444	 88.044076	 87.981182	 87.922546	 87.867957	 87.817206	  87.77009	 87.726409	  87.68597	 87.648584	  87.61407	  87.58225	 87.552956	 87.526025	 87.501302	 87.478635	 87.457885	 87.438914	 87.421596	 87.405807	 87.391433	 87.378366	 87.366503	 87.355748	 87.346011	 87.337209	 87.329262	 87.322098	 87.315648	  87.30985	 87.304645	 87.299978	   87.2958	 87.292065	  87.28873	 87.285757	 87.283111	 87.280758	 87.278669	 87.276817	 87.275177	 87.273727	 87.272448	 87.271319	 87.270326	 87.269452	 87.268686	 87.268013	 87.267425	  87.26691	 87.266461	 87.266069	 87.265728	 87.265431	 87.265174	 87.264951	 87.264757	  87.26459	 87.264446	 87.264322	 87.264214	 87.264122	 87.264043	 87.263975	 87.263917	 87.263868	 87.263825	 87.263789	 87.263758	 87.263732	  87.26371	 87.263691	 87.263675	 87.263662	  87.26365	 87.263641	 87.263632	 87.263626	  87.26362	 87.263615	 87.263611	 87.263608	 87.263605	 87.263603	 87.263601	 87.263599	 87.263598	 87.263597	 87.263596	 87.263595	 87.263594	 87.263594	 87.263593	 87.263593	 87.263593	 87.263592	 87.263592	 87.263592	 87.263592	 87.263592	 87.263592	 87.263592	 87.263592	 87.263592	 87.263591	 87.263591	 87.263591	 87.263591	 87.263591	 87.263591	 87.263591	 87.263591	 87.263591	 87.263591	 87.263591	 87.263591	 87.263591	 87.263591	 87.263591	 87.263591	 87.263591	 87.263591	 87.263591	 87.263591	 87.263591	 87.263591	 87.263591	 87.263591	 87.263591	 87.263591	 87.263591	 87.263591	 87.263591	 87.263591	 87.263591	 87.263591	 87.263591	 87.263591	 87.263591	 87.263591	 87.263591	 87.263591	 87.263591	 87.263591	 87.263591	 87.263591	 87.263591	 87.263591	 87.263591	 87.263591	 87.263591	 87.263591	
        99	 98.580266	  98.16112	 97.743149	 97.326934	 96.913049	 96.502057	 96.094512	  95.69095	 95.291894	 94.897846	 94.509289	 94.126683	 93.750466	 93.381051	 93.018821	 92.664137	 92.317327	 91.978691	 91.648502	 91.326999	 91.014394	 90.710865	 90.416562	 90.131605	 89.856084	  89.59006	 89.333565	 89.086604	 88.849157	 88.621177	 88.402593	 88.193311	 87.993216	 87.802174	 87.620029	 87.446611	 87.281733	 87.125194	 86.976781	 86.836268	 86.703421	 86.577998	 86.459751	 86.348423	 86.243758	 86.145494	 86.053368	 85.967119	 85.886484	 85.811204	 85.741021	 85.675681	 85.614936	 85.558541	 85.506258	 85.457855	 85.413107	 85.371795	 85.333709	 85.298646	 85.266412	 85.236819	 85.209689	 85.184852	 85.162145	 85.141416	 85.122518	 85.105314	 85.089673	 85.075473	   85.0626	 85.050946	 85.040411	 85.030899	 85.022324	 85.014604	 85.007664	 85.001434	 84.995848	 84.990847	 84.986376	 84.982385	 84.978827	 84.975659	 84.972842	 84.970342	 84.968125	 84.966163	 84.964428	 84.962896	 84.961545	 84.960356	 84.959311	 84.958393	 84.957588	 84.956884	 84.956268	  84.95573	 84.955261	 84.954853	 84.954498	  84.95419	 84.953923	 84.953691	 84.953491	 84.953318	  84.95317	 84.953041	 84.952931	 84.952836	 84.952755	 84.952686	 84.952626	 84.952575	 84.952532	 84.952495	 84.952464	 84.952437	 84.952415	 84.952396	 84.952379	 84.952366	 84.952354	 84.952345	 84.952336	  84.95233	 84.952324	 84.952319	 84.952315	 84.952312	 84.952309	 84.952307	 84.952305	 84.952303	 84.952302	 84.952301	   84.9523	 84.952299	 84.952298	 84.952298	 84.952297	 84.952297	 84.952297	 84.952296	 84.952296	 84.952296	 84.952296	 84.952296	 84.952296	 84.952296	 84.952296	 84.952296	 84.952296	 84.952296	 84.952296	 84.952296	 84.952295	 84.952295	 84.952295	 84.952295	 84.952295	 84.952295	 84.952295	 84.952295	 84.952295	 84.952295	 84.952295	 84.952295	 84.952295	 84.952295	 84.952295	 84.952295	 84.952295	 84.952295	 84.952295	 84.952295	 84.952295	 84.952295	 84.952295	 84.952295	 84.952295	 84.952295	 84.952295	 84.952295	 84.952295	 84.952295	 84.952295	 84.952295	 84.952295	 84.952295	 84.952295	 84.952295	 84.952295	 84.952295	 84.952295	 84.952295	 84.952295	 84.952295	 84.952295	
        99	 98.511785	 98.024255	 97.538091	 97.053969	 96.572557	 96.094512	 95.620475	 95.151071	 94.686907	 94.228569	 93.776618	  93.33159	 92.893992	 92.464306	 92.042978	 91.630425	 91.227032	 90.833148	 90.449087	 90.075131	 89.711523	 89.358472	 89.016153	 88.684705	 88.364232	 88.054805	 87.756463	  87.46921	 87.193023	 86.927847	   86.6736	 86.430173	 86.197433	 85.975221	 85.763359	 85.561648	  85.36987	 85.187791	 85.015164	 84.851726	 84.697205	 84.551319	 84.413779	 84.284288	 84.162546	  84.04825	 83.941094	 83.840773	 83.746983	  83.65942	 83.577787	 83.501787	 83.431131	 83.365535	 83.304722	 83.248421	 83.196372	  83.14832	 83.104021	 83.063237	 83.025744	 82.991323	 82.959767	 82.930877	 82.904466	 82.880355	 82.858374	 82.838362	  82.82017	 82.803653	  82.78868	 82.775125	  82.76287	 82.751807	 82.741833	 82.732854	 82.724781	 82.717534	 82.711037	  82.70522	  82.70002	 82.695378	 82.691239	 82.687554	 82.684278	  82.68137	 82.678791	 82.676509	  82.67449	 82.672709	 82.671138	 82.669755	 82.668539	 82.667471	 82.666535	 82.665716	 82.664999	 82.664374	 82.663828	 82.663354	 82.662941	 82.662582	 82.662271	 82.662002	  82.66177	 82.661569	 82.661395	 82.661246	 82.661118	 82.661008	 82.660913	 82.660833	 82.660763	 82.660704	 82.660654	 82.660611	 82.660575	 82.660544	 82.660518	 82.660495	 82.660477	 82.660461	 82.660447	 82.660436	 82.660426	 82.660419	 82.660412	 82.660406	 82.660402	 82.660398	 82.660394	 82.660392	 82.660389	 82.660388	 82.660386	 82.660385	 82.660384	 82.660383	 82.660382	 82.660381	 82.660381	 82.660381	  82.66038	  82.66038	  82.66038	  82.66038	 82.660379	 82.660379	 82.660379	 82.660379	 82.660379	 82.660379	 82.660379	 82.660379	 82.660379	 82.660379	 82.660379	 82.660379	 82.660379	 82.660379	 82.660379	 82.660379	 82.660379	 82.660379	 82.660379	 82.660379	 82.660379	 82.660379	 82.660379	 82.660379	 82.660379	 82.660379	 82.660379	 82.660379	 82.660379	 82.660379	 82.660379	 82.660379	 82.660379	 82.660379	 82.660379	 82.660379	 82.660379	 82.660379	 82.660379	 82.660379	 82.660379	 82.660379	 82.660379	 82.660379	 82.660379	 82.660379	 82.660379	 82.660379	 82.660379	 82.660379	 82.660379	 82.660379	 82.660379	
        99	 98.443974	 97.888727	 97.335037	 96.783673	 96.235395	  95.69095	 95.151071	 94.616469	 94.087835	 93.565835	  93.05111	 92.544268	  92.04589	 91.556522	 91.076673	 90.606819	 90.147396	 89.698802	 89.261397	 88.835499	 88.421387	   88.0193	 87.629434	 87.251949	 86.886963	 86.534558	 86.194777	 85.867626	 85.553077	 85.251069	 84.961508	 84.684271	 84.419203	 84.166127	 83.924839	  83.69511	 83.476695	 83.269326	 83.072721	 82.886583	 82.710599	 82.544451	 82.387806	  82.24033	 82.101679	 81.971507	 81.849468	 81.735213	 81.628395	 81.528671	 81.435698	 81.349142	 81.268672	 81.193965	 81.124705	 81.060585	 81.001307	 80.946581	 80.896128	  80.84968	 80.806979	 80.767777	 80.731837	 80.698936	 80.668856	 80.641396	 80.616361	  80.59357	 80.572851	 80.554041	 80.536988	  80.52155	 80.507593	 80.494993	 80.483634	 80.473407	 80.464213	  80.45596	  80.44856	 80.441936	 80.436013	 80.430726	 80.426012	 80.421816	 80.418085	 80.414772	 80.411836	 80.409236	 80.406938	 80.404908	 80.403119	 80.401544	 80.400159	 80.398943	 80.397877	 80.396944	 80.396128	 80.395416	 80.394795	 80.394254	 80.393784	 80.393375	 80.393021	 80.392715	  80.39245	 80.392221	 80.392024	 80.391854	 80.391708	 80.391582	 80.391475	 80.391383	 80.391304	 80.391237	 80.391179	 80.391131	 80.391089	 80.391054	 80.391024	 80.390999	 80.390977	 80.390959	 80.390944	 80.390931	  80.39092	 80.390911	 80.390904	 80.390897	 80.390892	 80.390887	 80.390884	 80.390881	 80.390878	 80.390876	 80.390874	 80.390873	 80.390871	  80.39087	  80.39087	 80.390869	 80.390868	 80.390868	 80.390867	 80.390867	 80.390867	 80.390867	 80.390867	 80.390866	 80.390866	 80.390866	 80.390866	 80.390866	 80.390866	 80.390866	 80.390866	 80.390866	 80.390866	 80.390866	 80.390866	 80.390866	 80.390866	 80.390866	 80.390866	 80.390866	 80.390866	 80.390866	 80.390866	 80.390866	 80.390866	 80.390866	 80.390866	 80.390866	 80.390866	 80.390866	 80.390866	 80.390866	 80.390866	 80.390866	 80.390866	 80.390866	 80.390866	 80.390866	 80.390866	 80.390866	 80.390866	 80.390866	 80.390866	 80.390866	 80.390866	 80.390866	 80.390866	 80.390866	 80.390866	 80.390866	 80.390866	 80.390866	 80.390866	 80.390866	 80.390866	
        99	 98.376919	 97.754713	  97.13425	 96.516394	 95.901996	 95.291894	 94.686907	 94.087835	  93.49545	   92.9105	   92.3337	 91.765736	 91.207256	 90.658872	 90.121156	 89.594639	 89.079812	  88.57712	 88.086966	 87.609707	 87.145655	 86.695077	 86.258195	 85.835187	 85.426186	 85.031282	 84.650525	 84.283921	 83.931439	 83.593011	  83.26853	 82.957859	 82.660826	  82.37723	 82.106843	  81.84941	 81.604655	 81.372279	 81.151964	 80.943378	 80.746172	 80.559986	 80.384451	  80.21919	 80.063818	 79.917948	 79.781192	 79.653158	 79.533459	 79.421708	 79.317523	 79.220529	 79.130355	 79.046638	 78.969026	 78.897174	 78.830746	  78.76942	 78.712883	 78.660834	 78.612983	 78.569054	  78.52878	  78.49191	 78.458204	 78.427432	 78.399378	 78.373839	 78.350621	 78.329542	 78.310433	 78.293133	 78.277493	 78.263373	 78.250644	 78.239184	 78.228882	 78.219633	 78.211341	 78.203918	 78.197281	 78.191356	 78.186074	 78.181371	  78.17719	 78.173479	 78.170188	 78.167275	 78.164699	 78.162425	  78.16042	 78.158655	 78.157103	 78.155741	 78.154546	   78.1535	 78.152586	 78.151788	 78.151092	 78.150486	 78.149959	 78.149501	 78.149104	 78.148761	 78.148464	 78.148208	 78.147987	 78.147796	 78.147632	 78.147492	 78.147371	 78.147268	  78.14718	 78.147105	  78.14704	 78.146986	 78.146939	   78.1469	 78.146866	 78.146838	 78.146814	 78.146794	 78.146776	 78.146762	  78.14675	  78.14674	 78.146731	 78.146724	 78.146718	 78.146713	 78.146709	 78.146706	 78.146703	   78.1467	 78.146698	 78.146697	 78.146695	 78.146694	 78.146693	 78.146692	 78.146692	 78.146691	 78.146691	 78.146691	  78.14669	  78.14669	  78.14669	  78.14669	  78.14669	 78.146689	 78.146689	 78.146689	 78.146689	 78.146689	 78.146689	 78.146689	 78.146689	 78.146689	 78.146689	 78.146689	 78.146689	 78.146689	 78.146689	 78.146689	 78.146689	 78.146689	 78.146689	 78.146689	 78.146689	 78.146689	 78.146689	 78.146689	 78.146689	 78.146689	 78.146689	 78.146689	 78.146689	 78.146689	 78.146689	 78.146689	 78.146689	 78.146689	 78.146689	 78.146689	 78.146689	 78.146689	 78.146689	 78.146689	 78.146689	 78.146689	 78.146689	 78.146689	 78.146689	 78.146689	 78.146689	 78.146689	 78.146689	 78.146689	 78.146689	
        99	 98.310707	  97.62238	 96.935983	 96.252469	 95.572781	 94.897846	 94.228569	 93.565835	   92.9105	 92.263389	 91.625295	 90.996975	 90.379147	 89.772488	  89.17763	 88.595162	 88.025626	 87.469515	 86.927274	 86.399298	 85.885933	 85.387473	 84.904166	 84.436206	 83.983742	 83.546873	 83.125654	 82.720092	 82.330153	 81.955761	 81.596799	 81.253114	 80.924516	 80.610783	 80.311663	 80.026874	 79.756109	 79.499039	 79.255313	  79.02456	 78.806398	 78.600427	 78.406239	 78.223416	 78.051533	 77.890162	 77.738873	 77.597234	 77.464814	 77.341188	 77.225932	  77.11863	 77.018874	 76.926261	 76.840401	 76.760913	 76.687427	 76.619584	 76.557039	 76.499459	 76.446523	 76.397925	 76.353372	 76.312584	 76.275296	 76.241254	 76.210219	 76.181966	  76.15628	 76.132961	 76.111821	 76.092683	 76.075381	 76.059761	 76.045679	 76.033002	 76.021605	 76.011373	   76.0022	 75.993987	 75.986645	 75.980091	 75.974247	 75.969045	  75.96442	 75.960314	 75.956673	  75.95345	 75.950601	 75.948085	 75.945867	 75.943915	 75.942198	 75.940691	 75.939369	 75.938212	 75.937201	 75.936318	 75.935548	 75.934877	 75.934294	 75.933788	 75.933349	 75.932969	 75.932641	 75.932357	 75.932113	 75.931902	 75.931721	 75.931565	 75.931432	 75.931318	  75.93122	 75.931137	 75.931066	 75.931005	 75.930954	  75.93091	 75.930873	 75.930842	 75.930815	 75.930793	 75.930774	 75.930758	 75.930745	 75.930733	 75.930724	 75.930716	 75.930709	 75.930704	 75.930699	 75.930695	 75.930692	  75.93069	 75.930687	 75.930686	 75.930684	 75.930683	 75.930682	 75.930681	  75.93068	  75.93068	 75.930679	 75.930679	 75.930679	 75.930678	 75.930678	 75.930678	 75.930678	 75.930678	 75.930678	 75.930678	 75.930677	 75.930677	 75.930677	 75.930677	 75.930677	 75.930677	 75.930677	 75.930677	 75.930677	 75.930677	 75.930677	 75.930677	 75.930677	 75.930677	 75.930677	 75.930677	 75.930677	 75.930677	 75.930677	 75.930677	 75.930677	 75.930677	 75.930677	 75.930677	 75.930677	 75.930677	 75.930677	 75.930677	 75.930677	 75.930677	 75.930677	 75.930677	 75.930677	 75.930677	 75.930677	 75.930677	 75.930677	 75.930677	 75.930677	 75.930677	 75.930677	 75.930677	 75.930677	 75.930677	 75.930677	 75.930677	 75.930677	
        99	 98.245417	 97.491892	 96.740478	 95.992222	 95.248154	 94.509289	 93.776618	  93.05111	   92.3337	 91.625295	 90.926761	 90.238927	 89.562578	 88.898455	 88.247253	 87.609613	  86.98613	 86.377344	 85.783742	 85.205756	 84.643765	 84.098091	 83.569005	  83.05672	 82.561398	 82.083149	 81.622031	 81.178055	 80.751181	 80.341326	 79.948363	 79.572124	 79.212401	 78.868952	 78.541499	 78.229735	 77.933323	 77.651903	 77.385091	 77.132482	 76.893655	 76.668174	 76.455593	 76.255452	 76.067289	 75.890633	 75.725014	 75.569958	 75.424996	  75.28966	 75.163487	 75.046021	 74.936816	 74.835431	 74.741439	 74.654421	 74.573974	 74.499706	 74.431236	 74.368202	 74.310252	 74.257051	 74.208278	 74.163626	 74.122806	  74.08554	 74.051565	 74.020636	 73.992517	  73.96699	 73.943847	 73.922896	 73.903956	 73.886856	  73.87144	 73.857562	 73.845085	 73.833884	 73.823842	 73.814852	 73.806815	 73.799639	 73.793242	 73.787547	 73.782484	 73.777989	 73.774004	 73.770476	 73.767356	 73.764602	 73.762174	 73.760037	 73.758157	 73.756507	 73.755061	 73.753794	 73.752687	  73.75172	 73.750877	 73.750143	 73.749505	 73.748951	 73.748471	 73.748055	 73.747695	 73.747384	 73.747117	 73.746886	 73.746688	 73.746518	 73.746372	 73.746247	  73.74614	 73.746049	 73.745971	 73.745905	 73.745848	   73.7458	  73.74576	 73.745725	 73.745696	 73.745672	 73.745651	 73.745634	 73.745619	 73.745607	 73.745596	 73.745588	 73.745581	 73.745575	  73.74557	 73.745565	 73.745562	 73.745559	 73.745557	 73.745555	 73.745553	 73.745552	  73.74555	 73.745549	 73.745549	 73.745548	 73.745548	 73.745547	 73.745547	 73.745547	 73.745546	 73.745546	 73.745546	 73.745546	 73.745546	 73.745546	 73.745546	 73.745546	 73.745546	 73.745545	 73.745545	 73.745545	 73.745545	 73.745545	 73.745545	 73.745545	 73.745545	 73.745545	 73.745545	 73.745545	 73.745545	 73.745545	 73.745545	 73.745545	 73.745545	 73.745545	 73.745545	 73.745545	 73.745545	 73.745545	 73.745545	 73.745545	 73.745545	 73.745545	 73.745545	 73.745545	 73.745545	 73.745545	 73.745545	 73.745545	 73.745545	 73.745545	 73.745545	 73.745545	 73.745545	 73.745545	 73.745545	 73.745545	 73.745545	 73.745545	 73.745545	 73.745545	 73.745545	
        99	 98.181127	 97.363402	 96.547969	 95.735961	 94.928499	 94.126683	  93.33159	 92.544268	 91.765736	 90.996975	 90.238927	 89.492489	 88.758516	 88.037811	 87.331126	  86.63916	 85.962557	 85.301903	 84.657726	 84.030496	 83.420624	 82.828459	 82.254295	 81.698363	 81.160841	 80.641845	 80.141441	 79.659638	 79.196395	 78.751621	 78.325178	 77.916883	 77.526512	 77.153801	 76.798449	 76.460123	 76.138458	 75.833061	 75.543516	 75.269385	  75.01021	 74.765519	 74.534825	 74.317633	 74.113438	 73.921732	 73.742002	 73.573736	 73.416423	 73.269556	 73.132633	  73.00516	  72.88665	 72.776627	 72.674627	 72.580196	 72.492895	 72.412298	 72.337996	 72.269591	 72.206703	  72.14897	 72.096041	 72.047586	 72.003287	 71.962846	 71.925977	 71.892412	 71.861898	 71.834196	 71.809082	 71.786346	 71.765791	 71.747235	 71.730506	 71.715445	 71.701905	  71.68975	 71.678852	 71.669096	 71.660374	 71.652587	 71.645645	 71.639465	  71.63397	 71.629092	 71.624767	 71.620939	 71.617554	 71.614565	  71.61193	  71.60961	 71.607571	  71.60578	  71.60421	 71.602836	 71.601634	 71.600585	  71.59967	 71.598874	 71.598181	  71.59758	 71.597059	 71.596607	 71.596217	  71.59588	  71.59559	 71.595339	 71.595124	  71.59494	 71.594781	 71.594646	  71.59453	 71.594431	 71.594346	 71.594274	 71.594213	 71.594161	 71.594117	  71.59408	 71.594048	 71.594022	 71.593999	  71.59398	 71.593964	 71.593951	  71.59394	 71.593931	 71.593923	 71.593916	 71.593911	 71.593906	 71.593902	 71.593899	 71.593897	 71.593894	 71.593893	 71.593891	  71.59389	 71.593889	 71.593888	 71.593887	 71.593887	 71.593886	 71.593886	 71.593886	 71.593885	 71.593885	 71.593885	 71.593885	 71.593885	 71.593885	 71.593885	 71.593885	 71.593885	 71.593885	 71.593885	 71.593884	 71.593884	 71.593884	 71.593884	 71.593884	 71.593884	 71.593884	 71.593884	 71.593884	 71.593884	 71.593884	 71.593884	 71.593884	 71.593884	 71.593884	 71.593884	 71.593884	 71.593884	 71.593884	 71.593884	 71.593884	 71.593884	 71.593884	 71.593884	 71.593884	 71.593884	 71.593884	 71.593884	 71.593884	 71.593884	 71.593884	 71.593884	 71.593884	 71.593884	 71.593884	 71.593884	 71.593884	 71.593884	 71.593884	 71.593884	 71.593884	 71.593884	
        99	  98.11791	 97.237058	 96.358674	  95.48398	 94.614182	 93.750466	 92.893992	  92.04589	 91.207256	 90.379147	 89.562578	 88.758516	 87.967881	 87.191538	 86.430297	 85.684912	 84.956076	  84.24442	 83.550513	 82.874861	 82.217907	 81.580028	 80.961538	 80.362689	  79.78367	 79.224609	 78.685574	 78.166576	  77.66757	  77.18846	 76.729096	 76.289281	 75.868774	  75.46729	 75.084505	 74.720061	 74.373563	  74.04459	 73.732692	 73.437399	 73.158216	 72.894635	 72.646132	 72.412172	 72.192214	 71.985708	 71.792102	 71.610846	 71.441389	 71.283184	 71.135691	 70.998377	 70.870718	 70.752202	 70.642327	 70.540606	 70.446566	 70.359747	 70.279708	 70.206022	  70.13828	  70.07609	 70.019075	 69.966879	 69.919161	 69.875597	 69.835882	 69.799726	 69.766856	 69.737016	 69.709963	 69.685471	  69.66333	 69.643341	 69.625321	 69.609097	 69.594512	 69.581418	  69.56968	  69.55917	 69.549775	 69.541387	 69.533909	 69.527252	 69.521333	 69.516078	  69.51142	 69.507295	 69.503649	  69.50043	 69.497591	 69.495093	 69.492896	 69.490967	 69.489276	 69.487795	 69.486501	  69.48537	 69.484385	 69.483527	 69.482781	 69.482134	 69.481572	 69.481086	 69.480665	 69.480302	 69.479989	  69.47972	 69.479488	 69.479289	 69.479119	 69.478972	 69.478848	 69.478741	  69.47865	 69.478572	 69.478507	 69.478451	 69.478403	 69.478363	 69.478329	   69.4783	 69.478276	 69.478256	 69.478239	 69.478224	 69.478212	 69.478202	 69.478194	 69.478187	 69.478181	 69.478176	 69.478172	 69.478168	 69.478166	 69.478163	 69.478161	  69.47816	 69.478158	 69.478157	 69.478156	 69.478156	 69.478155	 69.478155	 69.478154	 69.478154	 69.478154	 69.478153	 69.478153	 69.478153	 69.478153	 69.478153	 69.478153	 69.478153	 69.478153	 69.478153	 69.478153	 69.478153	 69.478153	 69.478153	 69.478152	 69.478152	 69.478152	 69.478152	 69.478152	 69.478152	 69.478152	 69.478152	 69.478152	 69.478152	 69.478152	 69.478152	 69.478152	 69.478152	 69.478152	 69.478152	 69.478152	 69.478152	 69.478152	 69.478152	 69.478152	 69.478152	 69.478152	 69.478152	 69.478152	 69.478152	 69.478152	 69.478152	 69.478152	 69.478152	 69.478152	 69.478152	 69.478152	 69.478152	 69.478152	 69.478152	 69.478152	 69.478152	 69.478152	
        99	 98.055837	 97.112997	   96.1728	 95.236554	 94.305547	 93.381051	 92.464306	 91.556522	 90.658872	 89.772488	 88.898455	 88.037811	 87.191538	 86.360562	 85.545753	 84.747914	 83.967789	 83.206052	 82.463315	 81.740117	 81.036932	 80.354164	 79.692151	  79.05116	 78.431395	 77.832991	 77.256024	 76.700503	 76.166383	 75.653557	 75.161867	 74.691102	 74.241003	 73.811266	 73.401545	 73.011453	 72.640572	 72.288449	 71.954603	 71.638529	   71.3397	  71.05757	  70.79158	 70.541156	 70.305719	 70.084681	 69.877452	  69.68344	 69.502058	  69.33272	 69.174848	 69.027871	 68.891229	 68.764372	 68.646765	 68.537886	 68.437228	   68.3443	 68.258629	 68.179758	 68.107248	 68.040681	 67.979655	 67.923785	 67.872709	  67.82608	  67.78357	  67.74487	 67.709687	 67.677746	  67.64879	 67.622575	 67.598875	  67.57748	 67.558191	 67.540826	 67.525215	 67.511199	 67.498635	 67.487386	 67.477329	 67.468351	 67.460347	 67.453221	 67.446886	 67.441261	 67.436275	  67.43186	 67.427957	 67.424511	 67.421473	 67.418799	 67.416447	 67.414383	 67.412573	 67.410988	 67.409602	 67.408393	 67.407338	 67.406419	 67.405621	 67.404928	 67.404327	 67.403806	 67.403356	 67.402968	 67.402633	 67.402344	 67.402096	 67.401883	 67.401701	 67.401544	 67.401411	 67.401296	 67.401199	 67.401116	 67.401046	 67.400986	 67.400935	 67.400892	 67.400856	 67.400825	 67.400799	 67.400777	 67.400759	 67.400743	 67.400731	  67.40072	 67.400711	 67.400703	 67.400697	 67.400692	 67.400687	 67.400684	 67.400681	 67.400678	 67.400676	 67.400674	 67.400673	 67.400672	 67.400671	  67.40067	 67.400669	 67.400669	 67.400668	 67.400668	 67.400668	 67.400668	 67.400667	 67.400667	 67.400667	 67.400667	 67.400667	 67.400667	 67.400667	 67.400667	 67.400667	 67.400667	 67.400667	 67.400667	 67.400667	 67.400667	 67.400667	 67.400667	 67.400667	 67.400667	 67.400667	 67.400667	 67.400667	 67.400667	 67.400667	 67.400667	 67.400667	 67.400667	 67.400667	 67.400667	 67.400667	 67.400667	 67.400667	 67.400667	 67.400667	 67.400667	 67.400667	 67.400667	 67.400667	 67.400667	 67.400667	 67.400667	 67.400667	 67.400667	 67.400667	 67.400667	 67.400667	 67.400667	 67.400667	 67.400667	 67.400667	 67.400667	 67.400667	
        99	 97.994971	  96.99135	 95.990543	  94.99394	 94.002916	 93.018821	 92.042978	 91.076673	 90.121156	  89.17763	 88.247253	 87.331126	 86.430297	 85.545753	 84.678416	 83.829144	 82.998727	 82.187885	 81.397266	 80.627447	  79.87893	 79.152148	 78.447457	 77.765145	 77.105426	 76.468446	 75.854284	 75.262952	 74.694399	 74.148513	 73.625126	 73.124013	 72.644898	 72.187458	 71.751323	 71.336085	 70.941294	 70.566471	 70.211104	 69.874654	 69.556561	 69.256243	 68.973106	 68.706539	 68.455924	 68.220636	 68.000048	 67.793529	 67.600454	   67.4202	  67.25215	 67.095699	 66.950248	 66.815213	 66.690025	 66.574127	 66.466979	 66.368061	 66.276867	 66.192911	 66.115727	 66.044869	 65.979908	 65.920437	 65.866068	 65.816433	 65.771183	 65.729988	 65.692537	 65.658537	 65.627714	 65.599809	 65.574582	 65.551807	 65.531275	 65.512791	 65.496173	 65.481254	 65.467879	 65.455905	   65.4452	 65.435643	 65.427123	 65.419538	 65.412794	 65.406807	 65.401499	   65.3968	 65.392645	 65.388977	 65.385744	 65.382897	 65.380394	 65.378196	 65.376269	 65.374582	 65.373107	  65.37182	 65.370697	 65.369719	 65.368869	 65.368132	 65.367492	 65.366938	 65.366459	 65.366045	 65.365689	 65.365381	 65.365117	 65.364891	 65.364696	  65.36453	 65.364388	 65.364266	 65.364162	 65.364074	 65.363999	 65.363935	 65.363881	 65.363836	 65.363797	 65.363764	 65.363737	 65.363713	 65.363694	 65.363677	 65.363664	 65.363652	 65.363643	 65.363635	 65.363628	 65.363622	 65.363618	 65.363614	 65.363611	 65.363608	 65.363606	 65.363604	 65.363602	 65.363601	   65.3636	 65.363599	 65.363599	 65.363598	 65.363598	 65.363597	 65.363597	 65.363597	 65.363596	 65.363596	 65.363596	 65.363596	 65.363596	 65.363596	 65.363596	 65.363596	 65.363596	 65.363596	 65.363596	 65.363596	 65.363596	 65.363596	 65.363596	 65.363596	 65.363596	 65.363596	 65.363596	 65.363596	 65.363596	 65.363596	 65.363596	 65.363596	 65.363596	 65.363596	 65.363596	 65.363596	 65.363596	 65.363596	 65.363596	 65.363596	 65.363596	 65.363596	 65.363596	 65.363596	 65.363596	 65.363596	 65.363596	 65.363596	 65.363596	 65.363596	 65.363596	 65.363596	 65.363596	 65.363596	 65.363596	 65.363596	 65.363596	 65.363596	 65.363596	
        99	 97.935372	 96.872237	 95.812082	 94.756381	 93.706589	 92.664137	 91.630425	 90.606819	 89.594639	 88.595162	 87.609613	  86.63916	 85.684912	 84.747914	 83.829144	  82.92951	  82.04985	 81.190925	 80.353422	 79.537952	 78.745049	 77.975168	 77.228689	 76.505916	 75.807075	 75.132323	  74.48174	 73.855342	 73.253074	 72.674817	 72.120393	 71.589564	 71.082038	 70.597471	 70.135474	 69.695612	  69.27741	  68.88036	 68.503919	 68.147518	 67.810562	 67.492435	 67.192508	 66.910133	 66.644657	 66.395417	 66.161747	 65.942983	 65.738458	 65.547515	   65.3695	  65.20377	 65.049694	 64.906652	  64.77404	 64.651269	 64.537768	 64.432984	 64.336382	 64.247447	 64.165687	 64.090627	 64.021814	 63.958816	 63.901223	 63.848645	 63.800711	 63.757073	 63.717401	 63.681386	 63.648734	 63.619175	 63.592452	 63.568326	 63.546577	 63.526996	 63.509393	 63.493589	 63.479421	 63.466737	 63.455398	 63.445274	 63.436249	 63.428213	  63.42107	 63.414728	 63.409105	 63.404127	 63.399726	 63.395841	 63.392415	 63.389399	 63.386748	  63.38442	 63.382379	 63.380592	  63.37903	 63.377666	 63.376476	 63.375441	  63.37454	 63.373759	 63.373081	 63.372494	 63.371987	 63.371549	 63.371171	 63.370846	 63.370566	 63.370326	  63.37012	 63.369944	 63.369793	 63.369664	 63.369554	 63.369461	 63.369381	 63.369314	 63.369256	 63.369208	 63.369167	 63.369132	 63.369103	 63.369079	 63.369058	 63.369041	 63.369026	 63.369014	 63.369004	 63.368995	 63.368988	 63.368982	 63.368977	 63.368973	  63.36897	 63.368967	 63.368965	 63.368963	 63.368961	  63.36896	 63.368959	 63.368958	 63.368957	 63.368956	 63.368956	 63.368956	 63.368955	 63.368955	 63.368955	 63.368955	 63.368954	 63.368954	 63.368954	 63.368954	 63.368954	 63.368954	 63.368954	 63.368954	 63.368954	 63.368954	 63.368954	 63.368954	 63.368954	 63.368954	 63.368954	 63.368954	 63.368954	 63.368954	 63.368954	 63.368954	 63.368954	 63.368954	 63.368954	 63.368954	 63.368954	 63.368954	 63.368954	 63.368954	 63.368954	 63.368954	 63.368954	 63.368954	 63.368954	 63.368954	 63.368954	 63.368954	 63.368954	 63.368954	 63.368954	 63.368954	 63.368954	 63.368954	 63.368954	 63.368954	 63.368954	 63.368954	 63.368954	 63.368954	 63.368954	
        99	 97.877097	 96.755769	 95.637583	 94.524095	  93.41684	 92.317327	 91.227032	 90.147396	 89.079812	 88.025626	  86.98613	 85.962557	 84.956076	 83.967789	 82.998727	  82.04985	 81.122039	 80.216098	 79.332752	 78.472646	 77.636341	 76.824318	 76.036979	 75.274643	 74.537549	 73.825862	 73.139669	 72.478983	 71.843748	 71.233839	 70.649067	 70.089182	 69.553875	 69.042784	 68.555498	 68.091559	 67.650466	 67.231683	 66.834636	 66.458726	 66.103326	 65.767786	 65.451441	 65.153611	 64.873603	  64.61072	  64.36426	  64.13352	 63.917801	 63.716406	 63.528647	 63.353845	 63.191336	 63.040464	 62.900593	 62.771102	 62.651388	 62.540868	 62.438978	 62.345176	  62.25894	 62.179771	 62.107192	 62.040746	     61.98	 61.924544	 61.873987	  61.82796	 61.786117	 61.748129	 61.713691	 61.682513	 61.654327	 61.628881	 61.605941	 61.585289	 61.566722	 61.550053	  61.53511	 61.521732	 61.509771	 61.499094	 61.489574	 61.481099	 61.473565	 61.466875	 61.460945	 61.455695	 61.451053	 61.446955	 61.443342	 61.440161	 61.437364	 61.434909	 61.432756	 61.430871	 61.429223	 61.427784	  61.42653	 61.425438	 61.424488	 61.423664	 61.422949	  61.42233	 61.421795	 61.421333	 61.420934	 61.420591	 61.420296	 61.420043	 61.419826	  61.41964	 61.419481	 61.419345	 61.419229	 61.419131	 61.419047	 61.418975	 61.418915	 61.418864	 61.418821	 61.418784	 61.418753	 61.418727	 61.418706	 61.418687	 61.418672	 61.418659	 61.418648	 61.418639	 61.418632	 61.418626	  61.41862	 61.418616	 61.418613	  61.41861	 61.418607	 61.418605	 61.418603	 61.418602	 61.418601	   61.4186	 61.418599	 61.418599	 61.418598	 61.418598	 61.418597	 61.418597	 61.418597	 61.418597	 61.418596	 61.418596	 61.418596	 61.418596	 61.418596	 61.418596	 61.418596	 61.418596	 61.418596	 61.418596	 61.418596	 61.418596	 61.418596	 61.418596	 61.418596	 61.418596	 61.418596	 61.418596	 61.418596	 61.418596	 61.418596	 61.418596	 61.418596	 61.418596	 61.418596	 61.418596	 61.418596	 61.418596	 61.418596	 61.418596	 61.418596	 61.418596	 61.418596	 61.418596	 61.418596	 61.418596	 61.418596	 61.418596	 61.418596	 61.418596	 61.418596	 61.418596	 61.418596	 61.418596	 61.418596	 61.418596	 61.418596	 61.418596	 61.418596	
