Time step 92:
        99	        99	        99	        99	        99	        99	        99	        99	        99	        99	        99	        99	        99	        99	        99	        99	        99	        99	        99	        99	        99	        99	        99	        99	        99	        99	        99	        99	        99	        99	        99	        99	        99	        99	        99	        99	        99	        99	        99	        99	        99	        99	        99	        99	        99	        99	        99	        99	        99	        99	        99	        99	        99	        99	        99	        99	        99	        99	        99	        99	        99	        99	        99	        99	        99	        99	        99	        99	        99	        99	        99	        99	        99	        99	        99	        99	        99	        99	        99	        99	        99	        99	        99	        99	        99	        99	        99	        99	        99	        99	        99	        99	        99	        99	        99	        99	        99	        99	        99	        99	        99	        99	        99	        99	        99	        99	        99	        99	        99	        99	        99	        99	        99	        99	        99	        99	        99	        99	        99	        99	        99	        99	        99	        99	        99	        99	        99	        99	        99	        99	        99	        99	        99	        99	        99	        99	        99	        99	        99	        99	        99	        99	        99	        99	        99	        99	        99	        99	        99	        99	        99	        99	        99	        99	        99	        99	        99	        99	        99	        99	        99	        99	        99	        99	        99	        99	        99	        99	        99	        99	        99	        99	        99	        99	        99	        99	        99	        99	        99	        99	        99	        99	        99	        99	        99	        99	        99	        99	        99	        99	        99	        99	        99	        99	        99	        99	        99	        99	        99	        99	
        99	 98.993099	 98.986198	   98.9793	 98.972404	 98.965512	 98.958625	 98.951743	 98.944868	 98.938001	 98.931142	 98.924293	 98.917454	 98.910626	  98.90381	 98.897008	 98.890219	 98.883445	 98.876688	 98.869946	 98.863223	 98.856518	 98.849832	 98.843166	 98.836522	 98.829899	 98.823299	 98.816722	  98.81017	 98.803643	 98.797142	 98.790668	 98.784221	 98.777803	 98.771413	 98.765053	 98.758724	 98.752426	  98.74616	 98.739927	 98.733727	 98.727561	  98.72143	 98.715334	 98.709273	  98.70325	 98.697264	 98.691315	 98.685405	 98.679533	 98.673701	 98.667909	 98.662157	 98.656447	 98.650778	 98.645151	 98.639566	 98.634024	 98.628526	 98.623071	  98.61766	 98.612294	 98.606973	 98.601697	 98.596466	 98.591282	 98.586144	 98.581052	 98.576007	 98.571009	 98.566058	 98.561155	   98.5563	 98.551493	 98.546734	 98.542023	 98.537361	 98.532747	 98.528182	 98.523667	   98.5192	 98.514782	 98.510414	 98.506094	 98.501825	 98.497604	 98.493433	 98.489311	 98.485239	 98.481216	 98.477242	 98.473318	 98.469443	 98.465617	  98.46184	 98.458112	 98.454434	 98.450804	 98.447223	  98.44369	 98.440206	  98.43677	 98.433382	 98.430043	 98.426751	 98.423507	  98.42031	  98.41716	 98.414057	 98.411001	 98.407992	 98.405029	 98.402112	 98.399241	 98.396415	 98.393635	 98.390899	 98.388209	 98.385563	 98.382961	 98.380403	 98.377888	 98.375417	 98.372989	 98.370603	  98.36826	 98.365958	 98.363699	 98.361481	 98.359304	 98.357167	 98.355071	 98.353015	 98.350999	 98.349022	 98.347084	 98.345185	 98.343325	 98.341502	 98.339717	 98.337969	 98.336259	 98.334585	 98.332947	 98.331345	 98.329779	 98.328249	 98.326753	 98.325292	 98.323865	 98.322473	 98.321114	 98.319788	 98.318496	 98.317236	 98.316009	 98.314813	  98.31365	 98.312518	 98.311417	 98.310347	 98.309308	   98.3083	 98.307321	 98.306372	 98.305453	 98.304563	 98.303702	  98.30287	 98.302067	 98.301291	 98.300544	 98.299825	 98.299134	  98.29847	 98.297833	 98.297223	  98.29664	 98.296084	 98.295554	 98.295051	 98.294573	 98.294122	 98.293697	 98.293297	 98.292923	 98.292575	 98.292252	 98.291954	 98.291681	 98.291434	 98.291211	 98.291013	  98.29084	 98.290692	 98.290569	 98.290471	 98.290397	 98.290347	 98.290323	
        99	 98.986198	 98.972398	 98.958602	 98.944812	 98.931029	 98.917255	 98.903493	 98.889745	 98.876011	 98.862294	 98.848596	 98.834919	 98.821264	 98.807634	  98.79403	 98.780453	 98.766907	 98.753392	 98.739911	 98.726464	 98.713055	 98.699684	 98.686354	 98.673066	 98.659821	 98.646622	  98.63347	 98.620366	 98.607313	 98.594312	 98.581364	 98.568472	 98.555636	 98.542858	 98.530139	 98.517482	 98.504887	 98.492356	  98.47989	 98.467491	 98.455159	 98.442898	 98.430706	 98.418587	 98.406541	 98.394569	 98.382672	 98.370852	  98.35911	 98.347447	 98.335864	 98.324361	 98.312941	 98.301604	  98.29035	 98.279182	 98.268099	 98.257102	 98.246194	 98.235373	 98.224642	    98.214	 98.203448	 98.192988	  98.18262	 98.172344	 98.162161	 98.152072	 98.142077	 98.132176	 98.122371	 98.112661	 98.103047	  98.09353	 98.084109	 98.074785	 98.065559	  98.05643	 98.047399	 98.038466	 98.029631	 98.020895	 98.012257	 98.003718	 97.995277	 97.986935	 97.978692	 97.970548	 97.962503	 97.954556	 97.946708	 97.938958	 97.931307	 97.923754	 97.916299	 97.908942	 97.901683	 97.894521	 97.887457	 97.880489	 97.873618	 97.866843	 97.860164	  97.85358	 97.847092	 97.840699	   97.8344	 97.828195	 97.822084	 97.816065	  97.81014	 97.804306	 97.798564	 97.792913	 97.787353	 97.781882	 97.776502	  97.77121	 97.766006	  97.76089	 97.755862	 97.750919	 97.746063	 97.741292	 97.736606	 97.732004	 97.727485	 97.723049	 97.718695	 97.714423	 97.710231	 97.706119	 97.702087	 97.698134	 97.694259	 97.690461	 97.686739	 97.683094	 97.679525	  97.67603	 97.672608	 97.669261	 97.665986	 97.662783	 97.659651	  97.65659	 97.653599	 97.650677	 97.647824	 97.645039	 97.642321	  97.63967	 97.637085	 97.634566	 97.632111	 97.629721	 97.627394	  97.62513	 97.622929	  97.62079	 97.618712	 97.616694	 97.614737	  97.61284	 97.611001	 97.609222	   97.6075	 97.605836	 97.604229	 97.602679	 97.601185	 97.599747	 97.598364	 97.597036	 97.595762	 97.594542	 97.593377	 97.592264	 97.591205	 97.590198	 97.589244	 97.588341	 97.587491	 97.586692	 97.585944	 97.585247	 97.584601	 97.584005	  97.58346	 97.582965	 97.582519	 97.582124	 97.581778	 97.581482	 97.581236	 97.581039	 97.580891	 97.580792	 97.580743	
        99	   98.9793	 98.958602	  98.93791	 98.917227	 98.896555	 98.875897	 98.855257	 98.834636	 98.814037	 98.793465	  98.77292	 98.752407	 98.731927	 98.711484	  98.69108	 98.670718	   98.6504	 98.630131	 98.609911	 98.589744	 98.569632	 98.549578	 98.529585	 98.509655	  98.48979	 98.469993	 98.450268	 98.430615	 98.411037	 98.391538	 98.372118	 98.352782	  98.33353	 98.314365	 98.295289	 98.276305	 98.257415	  98.23862	 98.219924	 98.201327	 98.182833	 98.164442	 98.146157	  98.12798	 98.109913	 98.091957	 98.074114	 98.056386	 98.038775	 98.021282	 98.003909	 97.986658	 97.969529	 97.952525	 97.935647	 97.918896	 97.902274	 97.885781	  97.86942	 97.853191	 97.837095	 97.821135	 97.805309	 97.789621	  97.77407	 97.758658	 97.743386	 97.728253	 97.713262	 97.698413	 97.683707	 97.669144	 97.654725	  97.64045	  97.62632	 97.612336	 97.598498	 97.584806	 97.571261	 97.557863	 97.544613	  97.53151	 97.518555	 97.505747	 97.493088	 97.480577	 97.468214	 97.455999	 97.443932	 97.432014	 97.420243	  97.40862	 97.397144	 97.385816	 97.374635	 97.363601	 97.352713	 97.341972	 97.331376	 97.320925	  97.31062	 97.300459	 97.290441	 97.280567	 97.270836	 97.261247	   97.2518	 97.242494	 97.233328	 97.224301	 97.215414	 97.206664	 97.198052	 97.189577	 97.181237	 97.173033	 97.164962	 97.157025	 97.149221	 97.141548	 97.134006	 97.126594	  97.11931	 97.112155	 97.105126	 97.098224	 97.091446	 97.084793	 97.078263	 97.071855	 97.065568	 97.059401	 97.053354	 97.047424	 97.041612	 97.035916	 97.030335	 97.024868	 97.019514	 97.014272	 97.009141	  97.00412	 96.999208	 96.994404	 96.989706	 96.985115	 96.980629	 96.976247	 96.971968	 96.967791	 96.963714	 96.959738	 96.955861	 96.952083	 96.948401	 96.944816	 96.941326	 96.937931	  96.93463	 96.931421	 96.928305	 96.925279	 96.922344	 96.919498	 96.916741	 96.914071	 96.911489	 96.908993	 96.906583	 96.904258	 96.902017	  96.89986	 96.897786	 96.895794	 96.893884	 96.892055	 96.890307	 96.888638	 96.887049	 96.885539	 96.884108	 96.882754	 96.881479	  96.88028	 96.879158	 96.878113	 96.877144	 96.876251	 96.875433	  96.87469	 96.874022	 96.873429	 96.872911	 96.872467	 96.872097	 96.871802	  96.87158	 96.871432	 96.871358	
        99	 98.972404	 98.944812	 98.917227	 98.889654	 98.862096	 98.834556	  98.80704	  98.77955	  98.75209	 98.724664	 98.697275	 98.669928	 98.642626	 98.615373	 98.588172	 98.561027	 98.533942	  98.50692	 98.479964	 98.453079	 98.426268	 98.399534	  98.37288	 98.346311	 98.319829	 98.293438	 98.267141	 98.240941	 98.214842	 98.188847	 98.162959	  98.13718	 98.111515	 98.085966	 98.060536	 98.035228	 98.010045	  97.98499	 97.960065	 97.935274	 97.910618	 97.886101	 97.861725	 97.837493	 97.813407	  97.78947	 97.765683	  97.74205	 97.718572	 97.695252	 97.672092	 97.649094	 97.626259	 97.603591	  97.58109	 97.558759	 97.536599	 97.514613	 97.492801	 97.471166	 97.449709	 97.428431	 97.407334	  97.38642	 97.365689	 97.345143	 97.324783	  97.30461	 97.284625	 97.264829	 97.245224	 97.225809	 97.206587	 97.187557	 97.168721	 97.150078	  97.13163	 97.113378	  97.09532	 97.077459	 97.059795	 97.042327	 97.025056	 97.007982	 96.991106	 96.974427	 96.957946	 96.941662	 96.925575	 96.909686	 96.893994	 96.878499	 96.863201	   96.8481	 96.833194	 96.818484	  96.80397	  96.78965	 96.775524	 96.761593	 96.747854	 96.734308	 96.720954	 96.707791	 96.694818	 96.682035	  96.66944	 96.657034	 96.644814	 96.632781	 96.620933	 96.609269	 96.597788	 96.586489	 96.575372	 96.564434	 96.553675	 96.543094	  96.53269	 96.522461	 96.512406	 96.502525	 96.492815	 96.483276	 96.473906	 96.464704	 96.455669	   96.4468	 96.438094	 96.429552	  96.42117	 96.412949	 96.404887	 96.396983	 96.389234	  96.38164	   96.3742	 96.366912	 96.359774	 96.352786	 96.345946	 96.339252	 96.332704	   96.3263	 96.320038	 96.313917	 96.307937	 96.302095	  96.29639	 96.290821	 96.285387	 96.280087	 96.274919	 96.269881	 96.264973	 96.260194	 96.255542	 96.251016	 96.246614	 96.242337	 96.238182	 96.234148	 96.230235	 96.226441	 96.222766	 96.219207	 96.215765	 96.212438	 96.209225	 96.206125	 96.203138	 96.200262	 96.197497	 96.194842	 96.192295	 96.189857	 96.187526	 96.185302	 96.183184	 96.181171	 96.179262	 96.177458	 96.175757	  96.17416	 96.172664	 96.171271	 96.169979	 96.168788	 96.167697	 96.166707	 96.165817	 96.165027	 96.164336	 96.163744	 96.163251	 96.162857	 96.162561	 96.162364	 96.162266	
        99	 98.965512	 98.931029	 98.896555	 98.862096	 98.827655	 98.793238	 98.758849	 98.724494	 98.690176	   98.6559	 98.621672	 98.587495	 98.553375	 98.519315	 98.485321	 98.451397	 98.417547	 98.383777	 98.350089	  98.31649	 98.282982	 98.249572	 98.216262	 98.183057	 98.149961	 98.116979	 98.084115	 98.051372	 98.018755	 97.986267	 97.953914	 97.921697	 97.889623	 97.857693	 97.825912	 97.794284	 97.762811	 97.731499	 97.700349	 97.669366	 97.638553	 97.607913	  97.57745	 97.547166	 97.517064	 97.487149	 97.457422	 97.427886	 97.398545	 97.369401	 97.340457	 97.311715	 97.283178	 97.254848	 97.226728	  97.19882	 97.171126	 97.143648	  97.11639	 97.089351	 97.062535	 97.035944	 97.009578	  96.98344	 96.957532	 96.931854	 96.906409	 96.881198	 96.856223	 96.831483	 96.806982	 96.782719	 96.758695	 96.734913	 96.711372	 96.688074	 96.665019	 96.642208	 96.619641	 96.597319	 96.575243	 96.553412	 96.531828	 96.510491	 96.489399	 96.468555	 96.447958	 96.427607	 96.407503	 96.387646	 96.368035	  96.34867	 96.329552	 96.310678	  96.29205	 96.273667	 96.255527	 96.237631	 96.219978	 96.202567	 96.185397	 96.168468	 96.151779	 96.135328	 96.119116	  96.10314	   96.0874	 96.071895	 96.056624	 96.041585	 96.026778	 96.012201	 95.997853	 95.983733	 95.969839	 95.956169	 95.942724	   95.9295	 95.916498	 95.903714	 95.891148	 95.878799	 95.866664	 95.854743	 95.843033	 95.831533	 95.820241	 95.809157	 95.798277	 95.787601	 95.777127	 95.766853	 95.756777	 95.746898	 95.737215	 95.727725	 95.718426	 95.709318	 95.700398	 95.691664	 95.683116	  95.67475	 95.666567	 95.658563	 95.650737	 95.643088	 95.635614	 95.628313	 95.621184	 95.614224	 95.607433	 95.600809	  95.59435	 95.588054	 95.581921	 95.575948	 95.570134	 95.564477	 95.558977	 95.553631	 95.548438	 95.543397	 95.538507	 95.533766	 95.529172	 95.524725	 95.520423	 95.516265	  95.51225	 95.508376	 95.504643	 95.501049	 95.497593	 95.494274	 95.491092	 95.488044	 95.485131	 95.482352	 95.479704	 95.477189	 95.474804	 95.472549	 95.470424	 95.468427	 95.466558	 95.464817	 95.463202	 95.461713	 95.460351	 95.459114	 95.458001	 95.457013	  95.45615	  95.45541	 95.454794	 95.454301	 95.453932	 95.453686	 95.453563	
        99	 98.958625	 98.917255	 98.875897	 98.834556	 98.793238	 98.751948	 98.710692	 98.669476	 98.628305	 98.587184	 98.546121	 98.505119	 98.464185	 98.423324	 98.382541	 98.341842	 98.301233	 98.260718	 98.220303	 98.179994	 98.139796	 98.099713	 98.059751	 98.019915	  97.98021	 97.940642	 97.901214	 97.861933	 97.822802	 97.783827	 97.745012	 97.706363	 97.667882	 97.629576	 97.591449	 97.553504	 97.515747	 97.478182	 97.440811	 97.403641	 97.366675	 97.329916	 97.293369	 97.257038	 97.220925	 97.185035	 97.149372	 97.113938	 97.078738	 97.043774	 97.009049	 96.974567	 96.940332	 96.906344	 96.872609	 96.839127	 96.805903	 96.772939	 96.740236	 96.707798	 96.675627	 96.643725	 96.612095	 96.580737	 96.549655	  96.51885	 96.488324	 96.458078	 96.428114	 96.398435	  96.36904	 96.339932	 96.311111	  96.28258	 96.254338	 96.226387	 96.198728	 96.171361	 96.144288	 96.117508	 96.091024	 96.064834	 96.038939	  96.01334	 95.988037	 95.963031	  95.93832	 95.913905	 95.889787	 95.865964	 95.842437	 95.819205	 95.796268	 95.773626	 95.751278	 95.729223	 95.707461	 95.685992	 95.664813	 95.643925	 95.623327	 95.603017	 95.582995	 95.563259	 95.543809	 95.524643	  95.50576	 95.487159	 95.468838	 95.450796	 95.433032	 95.415544	  95.39833	  95.38139	 95.364721	 95.348322	 95.332192	 95.316328	 95.300728	 95.285392	 95.270317	 95.255501	 95.240943	 95.226641	 95.212593	 95.198796	  95.18525	 95.171952	 95.158899	 95.146091	 95.133525	   95.1212	 95.109112	  95.09726	 95.085643	 95.074258	 95.063102	 95.052175	 95.041474	 95.030996	  95.02074	 95.010705	 95.000887	 94.991285	 94.981896	  94.97272	 94.963753	 94.954994	 94.946441	 94.938091	 94.929944	 94.921997	 94.914248	 94.906695	 94.899337	 94.892171	 94.885196	  94.87841	 94.871811	 94.865398	 94.859168	 94.853121	 94.847254	 94.841565	 94.836055	 94.830719	 94.825558	  94.82057	 94.815753	 94.811105	 94.806627	 94.802315	 94.798169	 94.794188	  94.79037	 94.786714	 94.783219	 94.779884	 94.776708	  94.77369	 94.770829	 94.768124	 94.765574	 94.763179	 94.760937	 94.758847	  94.75691	 94.755125	  94.75349	 94.752005	 94.750671	 94.749486	  94.74845	 94.747562	 94.746823	 94.746232	 94.745789	 94.745494	 94.745346	
        99	 98.951743	 98.903493	 98.855257	  98.80704	 98.758849	 98.710692	 98.662574	 98.614503	 98.566484	 98.518525	 98.470632	  98.42281	 98.375068	 98.327411	 98.279845	 98.232377	 98.185014	 98.137761	 98.090624	 98.043611	 97.996726	 97.949977	 97.903369	 97.856907	 97.810599	 97.764449	 97.718464	  97.67265	 97.627011	 97.581553	 97.536283	 97.491205	 97.446325	 97.401648	 97.357179	 97.312924	 97.268887	 97.225073	 97.181488	 97.138135	 97.095021	 97.052148	 97.009523	 96.967148	  96.92503	 96.883171	 96.841576	 96.800249	 96.759194	 96.718415	 96.677915	 96.637698	 96.597768	 96.558128	 96.518781	 96.479732	 96.440982	 96.402534	 96.364393	  96.32656	 96.289038	  96.25183	 96.214939	 96.178366	 96.142114	 96.106185	 96.070582	 96.035306	 96.000359	 95.965743	 95.931459	  95.89751	 95.863896	 95.830619	  95.79768	  95.76508	 95.732821	 95.700902	 95.669326	 95.638093	 95.607203	 95.576658	 95.546456	   95.5166	 95.487089	 95.457923	 95.429102	 95.400627	 95.372497	 95.344712	 95.317272	 95.290176	 95.263425	 95.237016	 95.210951	 95.185229	 95.159847	 95.134806	 95.110106	 95.085743	 95.061719	 95.038031	 95.014679	 94.991661	 94.968976	 94.946622	 94.924599	 94.902904	 94.881536	 94.860493	 94.839774	 94.819378	 94.799301	 94.779544	 94.760102	 94.740976	 94.722163	  94.70366	 94.685466	 94.667579	 94.649997	 94.632717	 94.615738	 94.599057	 94.582672	 94.566581	 94.550781	 94.535271	 94.520048	  94.50511	 94.490454	 94.476078	  94.46198	 94.448158	 94.434608	 94.421329	 94.408318	 94.395574	 94.383092	 94.370872	 94.358911	 94.347206	 94.335755	 94.324556	 94.313606	 94.302903	 94.292445	 94.282229	 94.272254	 94.262516	 94.253013	 94.243744	 94.234707	 94.225898	 94.217315	 94.208958	 94.200823	 94.192908	 94.185212	 94.177732	 94.170466	 94.163413	  94.15657	 94.149936	 94.143508	 94.137285	 94.131266	 94.125448	  94.11983	 94.114409	 94.109186	 94.104157	 94.099321	 94.094678	 94.090225	 94.085961	 94.081885	 94.077996	 94.074291	 94.070771	 94.067435	  94.06428	 94.061306	 94.058512	 94.055897	  94.05346	   94.0512	 94.049118	 94.047211	  94.04548	 94.043923	 94.042541	 94.041333	 94.040298	 94.039436	 94.038746	  94.03823	 94.037885	 94.037713	
        99	 98.944868	 98.889745	 98.834636	  98.77955	 98.724494	 98.669476	 98.614503	 98.559583	 98.504723	 98.449932	 98.395215	 98.340581	 98.286037	  98.23159	 98.177248	 98.123018	 98.068907	 98.014922	  97.96107	 97.907359	 97.853795	 97.800385	 97.747137	 97.694056	 97.641151	 97.588426	  97.53589	 97.483548	 97.431408	 97.379474	 97.327754	 97.276254	  97.22498	 97.173938	 97.123134	 97.072574	 97.022263	 96.972208	 96.922413	 96.872884	 96.823627	 96.774647	 96.725949	 96.677538	 96.629419	 96.581596	 96.534076	 96.486861	 96.439957	 96.393368	 96.347098	 96.301152	 96.255534	 96.210246	 96.165294	 96.120681	 96.076411	 96.032486	 95.988911	 95.945688	  95.90282	 95.860312	 95.818164	 95.776381	 95.734965	 95.693918	 95.653242	  95.61294	 95.573015	 95.533467	 95.494299	 95.455513	  95.41711	 95.379092	 95.341461	 95.304217	 95.267361	 95.230896	 95.194821	 95.159138	 95.123848	  95.08895	 95.054447	 95.020337	 94.986621	   94.9533	 94.920373	 94.887841	 94.855704	  94.82396	 94.792611	 94.761655	 94.731093	 94.700922	 94.671144	 94.641756	 94.612759	 94.584151	 94.555931	 94.528098	 94.500651	 94.473589	  94.44691	 94.420612	 94.394695	 94.369157	 94.343996	  94.31921	 94.294798	 94.270757	 94.247087	 94.223785	 94.200848	 94.178276	 94.156065	 94.134214	  94.11272	 94.091581	 94.070795	  94.05036	 94.030273	 94.010531	 93.991133	 93.972076	 93.953357	 93.934973	 93.916923	 93.899203	 93.881811	 93.864745	 93.848001	 93.831577	 93.815471	 93.799679	 93.784199	 93.769028	 93.754164	 93.739603	 93.725344	 93.711383	 93.697717	 93.684345	 93.671263	 93.658468	 93.645958	  93.63373	 93.621782	 93.610111	 93.598714	 93.587589	 93.576733	 93.566144	 93.555818	 93.545754	 93.535949	 93.526401	 93.517107	 93.508065	 93.499272	 93.490726	 93.482425	 93.474367	  93.46655	  93.45897	 93.451627	 93.444518	 93.437641	 93.430994	 93.424575	 93.418383	 93.412415	  93.40667	 93.401145	  93.39584	 93.390753	 93.385882	 93.381225	 93.376781	  93.37255	 93.368528	 93.364716	 93.361111	 93.357714	 93.354521	 93.351534	  93.34875	 93.346169	  93.34379	 93.341611	 93.339633	 93.337855	 93.336276	 93.334895	 93.333713	 93.332728	  93.33194	  93.33135	 93.330957	  93.33076	
        99	 98.938001	 98.876011	 98.814037	  98.75209	 98.690176	 98.628305	 98.566484	 98.504723	  98.44303	 98.381414	 98.319881	 98.258442	 98.197104	 98.135875	 98.074764	 98.013779	 97.952927	 97.892218	 97.831658	 97.771256	  97.71102	 97.650958	 97.591077	 97.531384	 97.471889	 97.412597	 97.353516	 97.294655	 97.236019	 97.177617	 97.119455	  97.06154	 97.003879	 96.946479	 96.889347	 96.832488	 96.775911	  96.71962	 96.663623	 96.607925	 96.552532	 96.497451	 96.442687	 96.388245	 96.334132	 96.280353	 96.226913	 96.173817	 96.121071	 96.068679	 96.016645	 95.964976	 95.913675	 95.862747	 95.812195	 95.762025	  95.71224	 95.662844	 95.613841	 95.565234	 95.517027	 95.469223	 95.421826	 95.374838	 95.328263	 95.282103	  95.23636	 95.191039	  95.14614	 95.101666	 95.057619	 95.014002	 94.970815	 94.928062	 94.885743	 94.843859	 94.802413	 94.761406	 94.720837	  94.68071	 94.641023	 94.601779	 94.562977	 94.524618	 94.486703	 94.449231	 94.412203	 94.375619	 94.339478	 94.303781	 94.268527	 94.233715	 94.199345	 94.165417	 94.131929	 94.098881	 94.066272	   94.0341	 94.002365	 93.971065	 93.940199	 93.909766	 93.879764	 93.850191	 93.821045	 93.792326	 93.764031	 93.736157	 93.708704	  93.68167	 93.655051	 93.628846	 93.603052	 93.577668	  93.55269	 93.528117	 93.503946	 93.480174	 93.456799	 93.433819	 93.411229	 93.389029	 93.367214	 93.345783	 93.324732	 93.304059	  93.28376	 93.263833	 93.244275	 93.225083	 93.206253	 93.187784	 93.169671	 93.151912	 93.134504	 93.117443	 93.100727	 93.084353	 93.068317	 93.052617	  93.03725	 93.022212	   93.0075	 92.993111	 92.979043	 92.965293	 92.951856	 92.938731	 92.925915	 92.913404	 92.901196	 92.889287	 92.877675	 92.866358	 92.855332	 92.844594	 92.834142	 92.823974	 92.814086	 92.804475	 92.795141	 92.786079	 92.777287	 92.768764	 92.760506	 92.752511	 92.744778	 92.737303	 92.730084	 92.723121	 92.716409	 92.709948	 92.703736	  92.69777	 92.692049	 92.686571	 92.681334	 92.676337	 92.671578	 92.667056	 92.662769	 92.658715	 92.654894	 92.651305	 92.647945	 92.644814	 92.641912	 92.639236	 92.636786	 92.634562	 92.632562	 92.630786	 92.629234	 92.627904	 92.626796	 92.625911	 92.625247	 92.624804	 92.624583	
        99	 98.931142	 98.862294	 98.793465	 98.724664	   98.6559	 98.587184	 98.518525	 98.449932	 98.381414	  98.31298	 98.244641	 98.176404	  98.10828	 98.040278	 97.972406	 97.904674	 97.837091	 97.769665	 97.702406	 97.635322	 97.568422	 97.501715	 97.435209	 97.368913	 97.302836	 97.236984	 97.171368	 97.105995	 97.040872	 96.976009	 96.911412	  96.84709	 96.783051	   96.7193	 96.655848	 96.592699	 96.529863	 96.467345	 96.405152	 96.343292	 96.281772	 96.220597	 96.159774	  96.09931	 96.039211	 95.979482	  95.92013	  95.86116	 95.802578	  95.74439	 95.686601	 95.629215	 95.572239	 95.515676	 95.459532	 95.403812	 95.348519	 95.293659	 95.239234	  95.18525	  95.13171	 95.078618	 95.025977	 94.973791	 94.922063	 94.870796	 94.819994	 94.769658	 94.719792	 94.670398	 94.621478	 94.573036	 94.525072	 94.477588	 94.430587	 94.384071	 94.338039	 94.292495	 94.247439	 94.202872	 94.158795	 94.115209	 94.072115	 94.029513	 93.987403	 93.945786	 93.904661	  93.86403	 93.823891	 93.784244	  93.74509	 93.706427	 93.668255	 93.630573	 93.593381	 93.556677	  93.52046	 93.484729	 93.449483	 93.414721	  93.38044	  93.34664	 93.313318	 93.280474	 93.248104	 93.216208	 93.184782	 93.153825	 93.123335	 93.093309	 93.063746	 93.034642	 93.005995	 92.977802	 92.950061	  92.92277	 92.895925	 92.869523	 92.843562	 92.818039	 92.792951	 92.768294	 92.744067	 92.720264	 92.696885	 92.673924	  92.65138	 92.629248	 92.607527	 92.586211	 92.565298	 92.544785	 92.524669	 92.504945	 92.485611	 92.466663	 92.448098	 92.429913	 92.412103	 92.394666	 92.377598	 92.360896	 92.344557	 92.328577	 92.312953	 92.297681	 92.282758	 92.268181	 92.253946	 92.240051	 92.226493	 92.213267	  92.20037	 92.187801	 92.175555	 92.163629	 92.152021	 92.140728	 92.129746	 92.119072	 92.108705	 92.098641	 92.088877	  92.07941	 92.070239	  92.06136	  92.05277	 92.044469	 92.036452	 92.028718	 92.021264	 92.014088	 92.007188	 92.000562	 91.994209	 91.988124	 91.982308	 91.976758	 91.971473	  91.96645	 91.961689	 91.957187	 91.952943	 91.948957	 91.945225	 91.941748	 91.938524	 91.935553	 91.932832	 91.930362	 91.928141	 91.926168	 91.924444	 91.922967	 91.921737	 91.920753	 91.920016	 91.919525	 91.919279	
        99	 98.924293	 98.848596	  98.77292	 98.697275	 98.621672	 98.546121	 98.470632	 98.395215	 98.319881	 98.244641	 98.169503	 98.094479	 98.019579	 97.944812	 97.870189	 97.795719	 97.721413	 97.647281	 97.573331	 97.499574	  97.42602	 97.352677	 97.279556	 97.206665	 97.134015	 97.061613	  96.98947	 96.917593	 96.845993	 96.774678	 96.703656	 96.632935	 96.562525	 96.492434	 96.422669	 96.353239	 96.284152	 96.215415	 96.147037	 96.079023	 96.011383	 95.944123	  95.87725	 95.810772	 95.744694	 95.679024	 95.613768	 95.548932	 95.484523	 95.420547	 95.357009	 95.293915	 95.231271	 95.169082	 95.107354	 95.046091	 94.985298	  94.92498	 94.865142	 94.805788	 94.746922	 94.688549	 94.630672	 94.573294	 94.516421	 94.460055	 94.404199	 94.348856	 94.294029	 94.239722	 94.185937	 94.132675	  94.07994	 94.027733	 93.976057	 93.924913	 93.874303	 93.824229	 93.774691	  93.72569	 93.677229	 93.629308	 93.581927	 93.535086	 93.488788	 93.443031	 93.397816	 93.353142	 93.309011	 93.265421	 93.222372	 93.179863	 93.137894	 93.096464	 93.055572	 93.015216	 92.975397	 92.936112	  92.89736	  92.85914	 92.821449	 92.784287	 92.747651	 92.711539	 92.675949	  92.64088	 92.606328	 92.572292	 92.538769	 92.505757	 92.473252	 92.441253	 92.409757	  92.37876	  92.34826	 92.318253	 92.288738	  92.25971	 92.231167	 92.203105	 92.175521	 92.148412	 92.121774	 92.095604	 92.069899	 92.044654	 92.019868	 91.995535	 91.971652	 91.948216	 91.925223	  91.90267	 91.880552	 91.858867	 91.837609	 91.816777	 91.796365	  91.77637	 91.756789	 91.737618	 91.718852	 91.700489	 91.682524	 91.664955	 91.647776	 91.630985	 91.614578	 91.598551	 91.582901	 91.567623	 91.552716	 91.538174	 91.523995	 91.510175	 91.496711	 91.483599	 91.470837	  91.45842	 91.446345	  91.43461	 91.423212	 91.412146	 91.401411	 91.391003	 91.380919	 91.371157	 91.361713	 91.352585	 91.343771	 91.335268	 91.327072	 91.319183	 91.311597	 91.304312	 91.297326	 91.290637	 91.284242	  91.27814	 91.272329	 91.266806	 91.261571	 91.256622	 91.251956	 91.247572	  91.24347	 91.239647	 91.236103	 91.232835	 91.229844	 91.227128	 91.224686	 91.222517	 91.220622	 91.218998	 91.217645	 91.216564	 91.215753	 91.215213	 91.214943	
        99	 98.917454	 98.834919	 98.752407	 98.669928	 98.587495	 98.505119	  98.42281	 98.340581	 98.258442	 98.176404	 98.094479	 98.012678	 97.931011	  97.84949	 97.768126	 97.686929	 97.605911	 97.525081	 97.444451	 97.364031	 97.283832	 97.203864	 97.124137	 97.044662	 96.965449	 96.886507	 96.807846	 96.729477	 96.651408	  96.57365	 96.496212	 96.419104	 96.342333	  96.26591	 96.189843	 96.114141	 96.038813	 95.963866	 95.889311	 95.815153	 95.741403	 95.668067	 95.595153	 95.522669	 95.450622	  95.37902	 95.307869	 95.237176	 95.166948	 95.097193	 95.027915	 94.959121	 94.890818	 94.823012	 94.755707	 94.688909	 94.622625	 94.556858	 94.491614	 94.426898	 94.362715	 94.299068	 94.235963	 94.173403	 94.111391	 94.049933	 93.989031	 93.928689	  93.86891	 93.809697	 93.751052	 93.692979	  93.63548	 93.578557	 93.522213	 93.466449	 93.411267	 93.356669	 93.302656	 93.249229	  93.19639	 93.144139	 93.092478	 93.041407	 92.990926	 92.941035	 92.891736	 92.843027	 92.794908	  92.74738	 92.700442	 92.654093	 92.608333	  92.56316	 92.518574	 92.474574	 92.431157	 92.388323	 92.346071	 92.304398	 92.263302	 92.222783	 92.182837	 92.143463	 92.104658	 92.066421	 92.028748	 91.991637	 91.955086	 91.919091	 91.883651	 91.848761	 91.814419	 91.780622	 91.747366	  91.71465	 91.682468	 91.650818	 91.619696	 91.589099	 91.559023	 91.529465	 91.500421	 91.471887	  91.44386	 91.416335	 91.389309	 91.362778	 91.336738	 91.311185	 91.286115	 91.261524	 91.237408	 91.213764	 91.190586	 91.167871	 91.145616	 91.123815	 91.102465	 91.081561	 91.061101	 91.041079	 91.021491	 91.002334	 90.983604	 90.965296	 90.947407	 90.929932	 90.912868	  90.89621	 90.879956	 90.864101	 90.848641	 90.833573	 90.818892	 90.804596	  90.79068	 90.777142	 90.763976	 90.751181	 90.738753	 90.726688	 90.714983	 90.703634	  90.69264	 90.681996	 90.671699	 90.661747	 90.652136	 90.642864	 90.633929	 90.625327	 90.617055	 90.609112	 90.601495	 90.594202	 90.587229	 90.580576	  90.57424	 90.568219	 90.562511	 90.557114	 90.552027	 90.547247	 90.542774	 90.538606	 90.534741	 90.531179	 90.527917	 90.524956	 90.522293	 90.519929	 90.517862	 90.516091	 90.514617	 90.513438	 90.512554	 90.511965	  90.51167	
        99	 98.910626	 98.821264	 98.731927	 98.642626	 98.553375	 98.464185	 98.375068	 98.286037	 98.197104	  98.10828	 98.019579	 97.931011	  97.84259	 97.754326	 97.666231	 97.578318	 97.490598	 97.403083	 97.315784	 97.228712	 97.141879	 97.055296	 96.968975	 96.882926	  96.79716	 96.711688	 96.626521	  96.54167	 96.457144	 96.372954	 96.289111	 96.205624	 96.122503	 96.039759	   95.9574	 95.875436	 95.793877	 95.712732	 95.632009	 95.551718	 95.471867	 95.392465	  95.31352	 95.235041	 95.157034	 95.079509	 95.002473	 94.925933	 94.849897	 94.774371	 94.699363	 94.624879	 94.550926	 94.477511	 94.404639	 94.332316	 94.260549	 94.189342	 94.118702	 94.048633	 93.979141	  93.91023	 93.841904	 93.774169	 93.707029	 93.640487	 93.574548	 93.509214	  93.44449	 93.380379	 93.316884	 93.254008	 93.191753	 93.130121	 93.069116	  93.00874	 92.948994	 92.889879	 92.831398	 92.773553	 92.716343	  92.65977	 92.603836	  92.54854	 92.493883	 92.439866	 92.386489	 92.333751	 92.281653	 92.230193	 92.179373	  92.12919	 92.079645	 92.030735	 91.982461	 91.934821	 91.887813	 91.841437	 91.795689	 91.750569	 91.706074	 91.662203	 91.618954	 91.576323	 91.534308	 91.492908	 91.452119	 91.411939	 91.372364	 91.333392	  91.29502	 91.257244	 91.220062	 91.183469	 91.147463	  91.11204	 91.077196	 91.042928	 91.009232	 90.976104	 90.943541	 90.911538	 90.880091	 90.849197	 90.818851	  90.78905	 90.759788	 90.731063	 90.702869	 90.675202	 90.648059	 90.621434	 90.595323	 90.569723	 90.544628	 90.520035	 90.495938	 90.472334	 90.449218	 90.426586	 90.404433	 90.382754	 90.361547	 90.340805	 90.320525	 90.300703	 90.281334	 90.262414	 90.243938	 90.225903	 90.208304	 90.191138	 90.174399	 90.158084	  90.14219	 90.126711	 90.111644	 90.096986	 90.082732	 90.068878	 90.055422	 90.042359	 90.029685	 90.017398	 90.005494	  89.99397	 89.982821	 89.972046	  89.96164	 89.951602	 89.941927	 89.932613	 89.923658	 89.915058	 89.906811	 89.898914	 89.891365	 89.884161	 89.877301	 89.870782	 89.864602	 89.858758	  89.85325	 89.848076	 89.843233	  89.83872	 89.834535	 89.830678	 89.827147	  89.82394	 89.821058	 89.818498	 89.816259	 89.814342	 89.812746	 89.811469	 89.810512	 89.809874	 89.809556	
        99	  98.90381	 98.807634	 98.711484	 98.615373	 98.519315	 98.423324	 98.327411	  98.23159	 98.135875	 98.040278	 97.944812	  97.84949	 97.754326	 97.659331	 97.564518	 97.469901	 97.375492	 97.281302	 97.187346	 97.093634	 97.000179	 96.906994	 96.814089	 96.721478	 96.629172	 96.537182	  96.44552	 96.354198	 96.263226	 96.172616	 96.082379	 95.992525	 95.903066	 95.814011	 95.725372	 95.637158	 95.549379	 95.462045	 95.375167	 95.288753	 95.202812	 95.117355	  95.03239	 94.947925	  94.86397	 94.780533	 94.697622	 94.615245	  94.53341	 94.452125	 94.371397	 94.291233	 94.211641	 94.132627	 94.054197	 93.976359	 93.899119	 93.822482	 93.746455	 93.671043	 93.596251	 93.522084	 93.448549	 93.375648	 93.303388	 93.231771	 93.160803	 93.090488	 93.020828	 92.951828	 92.883491	 92.815819	 92.748817	 92.682485	 92.616828	 92.551847	 92.487545	 92.423922	 92.360982	 92.298725	 92.237152	 92.176266	 92.116065	 92.056553	 91.997728	 91.939592	 91.882143	 91.825384	 91.769312	 91.713929	 91.659233	 91.605223	 91.551899	  91.49926	 91.447305	 91.396032	 91.345439	 91.295526	 91.246289	 91.197729	 91.149841	 91.102624	 91.056076	 91.010194	 90.964976	 90.920419	 90.876519	 90.833274	 90.790682	 90.748738	 90.707439	 90.666783	 90.626765	 90.587382	  90.54863	 90.510505	 90.473004	 90.436123	 90.399857	 90.364203	 90.329156	 90.294713	 90.260868	 90.227618	 90.194958	 90.162884	 90.131391	 90.100475	 90.070131	 90.040354	 90.011141	 89.982486	 89.954384	 89.926831	 89.899823	 89.873354	  89.84742	 89.822016	 89.797137	 89.772779	 89.748936	 89.725605	  89.70278	 89.680456	  89.65863	 89.637296	  89.61645	 89.596087	 89.576202	 89.556792	 89.537851	 89.519375	  89.50136	 89.483801	 89.466694	 89.450035	  89.43382	 89.418043	 89.402702	 89.387792	  89.37331	  89.35925	 89.345611	 89.332387	 89.319575	 89.307171	 89.295173	 89.283575	 89.272376	 89.261572	  89.25116	 89.241136	 89.231497	 89.222242	 89.213365	 89.204866	 89.196742	 89.188989	 89.181605	 89.174589	 89.167938	 89.161649	 89.155721	 89.150151	 89.144939	 89.140082	 89.135578	 89.131427	 89.127626	 89.124176	 89.121073	 89.118318	 89.115909	 89.113846	 89.112127	 89.110753	 89.109723	 89.109037	 89.108694	
        99	 98.897008	  98.79403	  98.69108	 98.588172	 98.485321	 98.382541	 98.279845	 98.177248	 98.074764	 97.972406	 97.870189	 97.768126	 97.666231	 97.564518	 97.463001	 97.361692	 97.260606	 97.159756	 97.059154	 96.958815	 96.858751	 96.758976	 96.659501	 96.560341	 96.461506	 96.363011	 96.264867	 96.167086	 96.069681	 95.972663	 95.876044	 95.779836	  95.68405	 95.588697	 95.493789	 95.399337	  95.30535	  95.21184	 95.118818	 95.026292	 94.934274	 94.842774	   94.7518	 94.661362	 94.571469	 94.482132	 94.393357	 94.305154	 94.217532	 94.130498	 94.044061	 93.958228	 93.873007	 93.788405	 93.704429	 93.621086	 93.538384	 93.456327	 93.374923	 93.294178	 93.214096	 93.134685	 93.055949	 92.977893	 92.900522	 92.823841	 92.747854	 92.672566	  92.59798	   92.5241	  92.45093	 92.378473	 92.306731	 92.235709	 92.165409	 92.095833	 92.026982	 91.958861	 91.891469	 91.824809	 91.758882	  91.69369	 91.629232	 91.565511	 91.502526	 91.440278	 91.378767	 91.317993	 91.257957	 91.198656	 91.140092	 91.082263	 91.025168	 90.968807	 90.913177	 90.858277	 90.804107	 90.750664	 90.697945	  90.64595	 90.594676	  90.54412	  90.49428	 90.445154	 90.396737	 90.349029	 90.302025	 90.255722	 90.210117	 90.165207	 90.120988	 90.077456	 90.034608	 89.992439	 89.950947	 89.910126	 89.869973	 89.830484	 89.791653	 89.753478	 89.715953	 89.679073	 89.642835	 89.607233	 89.572264	 89.537921	 89.504201	 89.471099	 89.438609	 89.406726	 89.375447	 89.344765	 89.314676	 89.285175	 89.256256	 89.227916	 89.200147	 89.172947	 89.146308	 89.120227	 89.094699	 89.069717	 89.045278	 89.021376	 88.998006	 88.975164	 88.952843	  88.93104	 88.909749	 88.888966	 88.868686	 88.848903	 88.829614	 88.810814	 88.792497	  88.77466	 88.757297	 88.740405	 88.723979	 88.708015	 88.692508	 88.677454	  88.66285	 88.648691	 88.634973	 88.621692	 88.608845	 88.596428	 88.584437	 88.572869	  88.56172	 88.550987	 88.540667	 88.530756	 88.521253	 88.512152	 88.503453	 88.495152	 88.487246	 88.479734	 88.472612	 88.465878	 88.459531	 88.453568	 88.447987	 88.442786	 88.437964	 88.433519	  88.42945	 88.425755	 88.422433	 88.419483	 88.416904	 88.414695	 88.412855	 88.411384	 88.410281	 88.409546	 88.409178	
        99	 98.890219	 98.780453	 98.670718	 98.561027	 98.451397	 98.341842	 98.232377	 98.123018	 98.013779	 97.904674	 97.795719	 97.686929	 97.578318	 97.469901	 97.361692	 97.253706	 97.145957	 97.038459	 96.931227	 96.824274	 96.717615	 96.611262	 96.505231	 96.399535	 96.294186	 96.189198	 96.084585	  95.98036	 95.876534	 95.773121	 95.670134	 95.567585	 95.465485	 95.363847	 95.262684	 95.162005	 95.061824	  94.96215	 94.862996	 94.764372	 94.666289	 94.568757	 94.471787	 94.375388	 94.279571	 94.184344	 94.089718	 93.995702	 93.902304	 93.809534	 93.717399	 93.625909	  93.53507	 93.444892	 93.355381	 93.266545	 93.178391	 93.090926	 93.004156	 92.918088	 92.832729	 92.748083	 92.664157	 92.580956	 92.498486	  92.41675	 92.335755	 92.255504	 92.176002	 92.097252	 92.019259	 91.942026	 91.865556	 91.789853	 91.714919	 91.640756	 91.567368	 91.494756	 91.422923	 91.351869	 91.281597	 91.212107	 91.143401	 91.075479	 91.008343	 90.941992	 90.876427	 90.811647	 90.747653	 90.684444	  90.62202	 90.560379	 90.499521	 90.439444	 90.380148	  90.32163	 90.263889	 90.206923	  90.15073	 90.095308	 90.040654	 89.986766	  89.93364	 89.881276	 89.829668	 89.778815	 89.728713	 89.679358	 89.630747	 89.582877	 89.535743	 89.489342	  89.44367	 89.398722	 89.354494	 89.310983	 89.268184	 89.226091	 89.184701	 89.144009	 89.104011	 89.064701	 89.026074	 88.988126	 88.950851	 88.914245	 88.878302	 88.843018	 88.808386	 88.774402	 88.741061	 88.708357	 88.676285	 88.644839	 88.614015	 88.583806	 88.554207	 88.525214	 88.496819	 88.469019	 88.441808	  88.41518	  88.38913	 88.363653	 88.338742	 88.314394	 88.290603	 88.267362	 88.244668	 88.222515	 88.200898	 88.179812	 88.159251	 88.139211	 88.119687	 88.100674	 88.082167	 88.064162	 88.046653	 88.029637	 88.013108	 87.997062	 87.981495	 87.966402	  87.95178	 87.937624	  87.92393	 87.910694	 87.897913	 87.885582	 87.873699	 87.862258	 87.851258	 87.840694	 87.830564	 87.820864	 87.811592	 87.802743	 87.794317	 87.786309	 87.778718	  87.77154	 87.764775	 87.758418	 87.752469	 87.746926	 87.741786	 87.737048	 87.732711	 87.728772	 87.725231	 87.722087	 87.719337	 87.716983	 87.715022	 87.713454	 87.712278	 87.711495	 87.711103	
        99	 98.883445	 98.766907	   98.6504	 98.533942	 98.417547	 98.301233	 98.185014	 98.068907	 97.952927	 97.837091	 97.721413	 97.605911	 97.490598	 97.375492	 97.260606	 97.145957	 97.031559	 96.917429	  96.80358	 96.690028	 96.576788	 96.463874	   96.3513	 96.239082	 96.127233	 96.015768	   95.9047	 95.794043	 95.683811	 95.574018	 95.464676	 95.355799	   95.2474	 95.139491	 95.032085	 94.925195	 94.818832	 94.713009	 94.607737	 94.503027	 94.398892	 94.295343	 94.192389	 94.090042	 93.988313	 93.887211	 93.786746	 93.686929	 93.587768	 93.489274	 93.391454	 93.294318	 93.197875	 93.102133	 93.007099	 92.912781	 92.819188	 92.726326	 92.634203	 92.542825	 92.452198	  92.36233	 92.273225	 92.184891	 92.097332	 92.010553	  91.92456	 91.839358	  91.75495	 91.671342	 91.588536	 91.506538	  91.42535	 91.344975	 91.265418	 91.186679	 91.108763	 91.031671	 90.955405	 90.879967	 90.805359	 90.731581	 90.658636	 90.586524	 90.515245	   90.4448	 90.375189	 90.306413	  90.23847	 90.171361	 90.105085	 90.039641	 89.975028	 89.911245	 89.848289	 89.786161	 89.724857	 89.664376	 89.604716	 89.545874	 89.487848	 89.430635	 89.374232	 89.318636	 89.263844	 89.209853	  89.15666	  89.10426	 89.052649	 89.001825	 88.951783	 88.902519	 88.854029	 88.806308	 88.759351	 88.713155	 88.667715	 88.623025	 88.579082	 88.535879	 88.493412	 88.451677	 88.410667	 88.370377	 88.330802	 88.291938	 88.253777	 88.216316	 88.179547	 88.143467	 88.108068	 88.073346	 88.039295	 88.005909	 87.973183	  87.94111	 87.909685	 87.878903	 87.848757	 87.819241	 87.790351	  87.76208	 87.734423	 87.707373	 87.680926	 87.655075	 87.629816	 87.605141	 87.581047	 87.557527	 87.534576	 87.512189	  87.49036	 87.469083	 87.448355	 87.428168	  87.40852	 87.389403	 87.370814	 87.352748	 87.335199	 87.318163	 87.301636	 87.285612	 87.270087	 87.255058	 87.240519	 87.226467	 87.212897	 87.199805	 87.187188	 87.175042	 87.163363	 87.152148	 87.141392	 87.131094	 87.121249	 87.111855	 87.102908	 87.094406	 87.086347	 87.078726	 87.071543	 87.064795	 87.058479	 87.052593	 87.047136	 87.042106	 87.037501	 87.033319	  87.02956	 87.026221	 87.023303	 87.020803	 87.018721	 87.017056	 87.015808	 87.014976	  87.01456	
