Time step 45:
        99	        99	        99	        99	        99	        99	        99	        99	        99	        99	        99	        99	        99	        99	        99	        99	        99	        99	        99	        99	        99	        99	        99	        99	        99	        99	        99	        99	        99	        99	        99	        99	        99	        99	        99	        99	        99	        99	        99	        99	        99	        99	        99	        99	        99	        99	        99	        99	        99	        99	        99	        99	        99	        99	        99	        99	        99	        99	        99	        99	        99	        99	        99	        99	        99	        99	        99	        99	        99	        99	        99	        99	        99	        99	        99	        99	        99	        99	        99	        99	        99	        99	        99	        99	        99	        99	        99	        99	        99	        99	        99	        99	        99	        99	        99	        99	        99	        99	        99	        99	        99	        99	        99	        99	        99	        99	        99	        99	        99	        99	        99	        99	        99	        99	        99	        99	        99	        99	        99	        99	        99	        99	        99	        99	        99	        99	        99	        99	        99	        99	        99	        99	        99	        99	        99	        99	        99	        99	        99	        99	        99	        99	        99	        99	        99	        99	        99	        99	        99	        99	        99	        99	        99	        99	        99	        99	        99	        99	        99	        99	        99	        99	        99	        99	        99	        99	        99	        99	        99	        99	        99	        99	        99	        99	        99	        99	        99	        99	        99	        99	        99	        99	        99	        99	        99	        99	        99	        99	        99	        99	        99	        99	        99	        99	        99	        99	        99	        99	        99	        99	
        99	  98.98589	 98.971784	 98.957686	   98.9436	 98.929529	 98.915479	 98.901451	 98.887452	 98.873484	 98.859551	 98.845657	 98.831806	 98.818001	 98.804247	 98.790547	 98.776904	 98.763322	 98.749805	 98.736356	 98.722979	 98.709676	 98.696452	 98.683309	  98.67025	  98.65728	 98.644399	 98.631613	 98.618923	 98.606332	 98.593843	 98.581459	 98.569183	 98.557016	 98.544961	  98.53302	 98.521197	 98.509492	 98.497908	 98.486447	  98.47511	   98.4639	 98.452819	 98.441867	 98.431046	 98.420358	 98.409805	 98.399387	 98.389105	  98.37896	 98.368955	 98.359088	 98.349362	 98.339777	 98.330333	 98.321031	 98.311872	 98.302855	 98.293982	 98.285252	 98.276665	 98.268221	 98.259921	 98.251764	 98.243749	 98.235878	 98.228149	 98.220561	 98.213115	 98.205809	 98.198644	 98.191618	  98.18473	 98.177981	 98.171368	 98.164891	 98.158549	  98.15234	 98.146265	  98.14032	 98.134507	 98.128822	 98.123265	 98.117834	 98.112529	 98.107346	 98.102287	 98.097347	 98.092527	 98.087824	 98.083238	 98.078765	 98.074406	 98.070157	 98.066018	 98.061987	 98.058062	 98.054241	 98.050522	 98.046905	 98.043386	 98.039965	  98.03664	 98.033408	 98.030269	 98.027219	 98.024258	 98.021384	 98.018595	  98.01589	 98.013265	 98.010721	 98.008254	 98.005864	 98.003549	 98.001306	 97.999134	 97.997033	 97.994999	 97.993031	 97.991128	 97.989288	 97.987509	  97.98579	  97.98413	 97.982526	 97.980978	 97.979483	 97.978041	  97.97665	 97.975308	 97.974015	 97.972768	 97.971566	 97.970409	 97.969294	 97.968221	 97.967188	 97.966195	 97.965239	 97.964319	 97.963436	 97.962586	  97.96177	 97.960986	 97.960234	 97.959512	 97.958818	 97.958153	 97.957516	 97.956904	 97.956318	 97.955757	 97.955219	 97.954705	 97.954212	 97.953741	  97.95329	 97.952859	 97.952447	 97.952054	 97.951678	  97.95132	 97.950978	 97.950652	 97.950341	 97.950046	 97.949764	 97.949496	 97.949241	 97.948999	 97.948769	 97.948551	 97.948345	 97.948149	 97.947964	 97.947789	 97.947624	 97.947469	 97.947323	 97.947185	 97.947057	 97.946936	 97.946824	 97.946719	 97.946622	 97.946533	 97.946451	 97.946375	 97.946307	 97.946245	  97.94619	 97.946142	 97.946099	 97.946063	 97.946033	 97.946009	 97.945991	 97.945979	 97.945973	
        99	 98.971784	 98.943576	 98.915384	 98.887215	 98.859078	 98.830981	 98.802931	 98.774935	 98.747003	 98.719141	 98.691357	 98.663659	 98.636054	 98.608549	 98.581152	 98.553871	 98.526711	 98.499681	 98.472787	 98.446036	 98.419434	 98.392989	 98.366707	 98.340593	 98.314655	 98.288899	 98.263329	 98.237953	 98.212775	 98.187801	 98.163036	 98.138486	 98.114155	 98.090049	 98.066172	 98.042527	 98.019121	 97.995956	 97.973037	 97.950367	 97.927951	 97.905791	  97.88389	 97.862252	 97.840879	 97.819775	 97.798942	 97.778381	 97.758095	 97.738086	 97.718357	 97.698907	 97.679739	 97.660854	 97.642253	 97.623937	 97.605906	 97.588162	 97.570704	 97.553532	 97.536648	 97.520049	 97.503737	 97.487711	  97.47197	 97.456514	 97.441341	  97.42645	 97.411841	 97.397513	 97.383462	 97.369689	 97.356192	 97.342968	 97.330016	 97.317333	 97.304918	 97.292769	 97.280882	 97.269256	 97.257888	 97.246776	 97.235916	 97.225306	 97.214943	 97.204825	 97.194948	 97.185309	 97.175905	 97.166733	 97.157789	 97.149071	 97.140576	 97.132299	 97.124237	 97.116388	 97.108747	 97.101311	 97.094077	 97.087041	   97.0802	  97.07355	 97.067088	 97.060809	 97.054711	 97.048791	 97.043043	 97.037466	 97.032055	 97.026807	 97.021719	 97.016787	 97.012007	 97.007377	 97.002892	  96.99855	 96.994346	 96.990279	 96.986344	 96.982538	 96.978859	 96.975302	 96.971865	 96.968545	 96.965338	 96.962242	 96.959253	 96.956369	 96.953587	 96.950904	 96.948317	 96.945824	 96.943421	 96.941107	 96.938878	 96.936732	 96.934666	 96.932679	 96.930768	 96.928929	 96.927162	 96.925464	 96.923832	 96.922264	  96.92076	 96.919315	 96.917929	 96.916599	 96.915324	 96.914101	 96.912929	 96.911807	 96.910732	 96.909702	 96.908717	 96.907775	 96.906874	 96.906012	 96.905189	 96.904402	 96.903651	 96.902934	 96.902251	 96.901599	 96.900977	 96.900386	 96.899822	 96.899286	 96.898777	 96.898293	 96.897833	 96.897398	 96.896984	 96.896593	 96.896223	 96.895874	 96.895544	 96.895233	 96.894941	 96.894666	 96.894408	 96.894168	 96.893943	 96.893734	 96.893541	 96.893362	 96.893197	 96.893047	  96.89291	 96.892786	 96.892676	 96.892579	 96.892494	 96.892422	 96.892362	 96.892314	 96.892278	 96.892254	 96.892242	
        99	 98.957686	 98.915384	 98.873105	 98.830862	 98.788667	  98.74653	 98.704465	 98.662482	 98.620593	  98.57881	 98.537144	 98.495606	 98.454208	 98.412961	 98.371875	 98.330962	 98.290233	 98.249697	 98.209365	 98.169248	 98.129355	 98.089696	 98.050282	 98.011121	 97.972223	 97.933597	 97.895252	 97.857196	 97.819438	 97.781986	 97.744848	 97.708031	 97.671544	 97.635393	 97.599585	 97.564127	 97.529025	 97.494286	 97.459916	 97.425919	 97.392302	 97.359069	 97.326226	 97.293777	 97.261726	 97.230077	 97.198833	    97.168	 97.137578	 97.107572	 97.077984	 97.048817	 97.020071	 96.991751	 96.963856	 96.936388	 96.909348	 96.882738	 96.856557	 96.830806	 96.805484	 96.780593	 96.756131	 96.732097	 96.708491	 96.685312	 96.662558	 96.640227	 96.618319	 96.596831	  96.57576	 96.555106	 96.534864	 96.515033	 96.495609	  96.47659	 96.457972	 96.439752	 96.421926	 96.404491	 96.387443	 96.370778	 96.354492	 96.338581	 96.323041	 96.307867	 96.293054	 96.278599	 96.264496	 96.250742	  96.23733	 96.224256	 96.211515	 96.199103	 96.187013	 96.175242	 96.163783	 96.152632	 96.141784	 96.131233	 96.120973	    96.111	 96.101309	 96.091894	 96.082749	  96.07387	 96.065251	 96.056887	 96.048773	 96.040903	 96.033272	 96.025876	 96.018708	 96.011764	 96.005038	 95.998526	 95.992223	 95.986123	 95.980222	 95.974515	 95.968997	 95.963663	 95.958509	 95.953529	  95.94872	 95.944077	 95.939595	  95.93527	 95.931098	 95.927074	 95.923195	 95.919456	 95.915853	 95.912382	 95.909039	 95.905821	 95.902724	 95.899744	 95.896877	  95.89412	  95.89147	 95.888923	 95.886476	 95.884125	 95.881868	 95.879702	 95.877623	 95.875629	 95.873716	 95.871883	 95.870126	 95.868442	  95.86683	 95.865287	 95.863809	 95.862396	 95.861044	 95.859752	 95.858517	 95.857338	 95.856212	 95.855137	 95.854111	 95.853134	 95.852202	 95.851315	  95.85047	 95.849666	 95.848902	 95.848176	 95.847487	 95.846833	 95.846214	 95.845627	 95.845072	 95.844548	 95.844053	 95.843587	 95.843149	 95.842737	 95.842351	  95.84199	 95.841653	  95.84134	 95.841049	 95.840781	 95.840534	 95.840309	 95.840103	 95.839918	 95.839753	 95.839607	  95.83948	 95.839372	 95.839282	  95.83921	 95.839156	 95.839121	 95.839103	
        99	   98.9436	 98.887215	 98.830862	 98.774557	 98.718315	 98.662151	 98.606082	 98.550123	  98.49429	 98.438597	 98.383061	 98.327695	 98.272516	 98.217537	 98.162774	 98.108242	 98.053953	 97.999923	 97.946165	 97.892692	  97.83952	 97.786659	 97.734124	 97.681926	 97.630079	 97.578595	 97.527484	  97.47676	 97.426432	 97.376512	 97.327011	 97.277939	 97.229305	 97.181119	 97.133391	 97.086129	 97.039342	 96.993039	 96.947226	 96.901912	 96.857104	 96.812808	 96.769032	  96.72578	 96.683059	 96.640874	  96.59923	 96.558132	 96.517583	 96.477588	 96.438151	 96.399273	 96.360959	  96.32321	 96.286029	 96.249417	 96.213376	 96.177907	 96.143011	 96.108687	 96.074937	 96.041759	 96.009153	 95.977119	 95.945654	 95.914759	  95.88443	 95.854666	 95.825464	 95.796823	 95.768738	 95.741207	 95.714227	 95.687794	 95.661905	 95.636554	 95.611738	 95.587452	 95.563692	 95.540453	  95.51773	 95.495518	  95.47381	 95.452603	 95.431889	 95.411663	  95.39192	 95.372653	 95.353855	 95.335521	 95.317645	 95.300219	 95.283237	 95.266692	 95.250578	 95.234888	 95.219615	 95.204752	 95.190292	 95.176228	 95.162553	 95.149261	 95.136343	 95.123793	 95.111605	  95.09977	 95.088282	 95.077133	 95.066318	 95.055828	 95.045657	 95.035798	 95.026244	 95.016988	 95.008024	 94.999344	 94.990943	 94.982812	 94.974947	  94.96734	 94.959985	 94.952875	 94.946005	 94.939368	 94.932958	 94.926769	 94.920795	  94.91503	 94.909469	 94.904106	 94.898935	 94.893952	 94.889149	 94.884523	 94.880067	 94.875778	  94.87165	 94.867677	 94.863856	 94.860182	 94.856649	 94.853254	 94.849992	 94.846859	 94.843851	 94.840964	 94.838193	 94.835535	 94.832986	 94.830542	   94.8282	 94.825956	 94.823807	 94.821749	  94.81978	 94.817897	 94.816095	 94.814373	 94.812727	 94.811155	 94.809653	 94.808221	 94.806854	 94.805551	 94.804309	 94.803126	    94.802	 94.800929	 94.799911	 94.798943	 94.798025	 94.797153	 94.796328	 94.795546	 94.794806	 94.794107	 94.793448	 94.792827	 94.792242	 94.791693	 94.791179	 94.790698	 94.790249	 94.789831	 94.789444	 94.789086	 94.788757	 94.788456	 94.788183	 94.787936	 94.787716	 94.787521	 94.787352	 94.787207	 94.787088	 94.786992	 94.786921	 94.786873	 94.786849	
        99	 98.929529	 98.859078	 98.788667	 98.718315	 98.648041	 98.577867	  98.50781	 98.437891	 98.368128	 98.298541	  98.22915	 98.159972	 98.091027	 98.022333	 97.953908	 97.885771	 97.817938	 97.750429	  97.68326	 97.616448	 97.550009	 97.483961	  97.41832	 97.353101	 97.288319	 97.223991	  97.16013	  97.09675	 97.033867	 96.971494	 96.909643	 96.848328	 96.787561	 96.727355	 96.667719	 96.608667	 96.550208	 96.492353	 96.435112	 96.378493	 96.322506	  96.26716	 96.212462	  96.15842	 96.105042	 96.052333	   96.0003	 95.948948	 95.898284	 95.848311	 95.799035	 95.750458	 95.702586	  95.65542	 95.608963	 95.563218	 95.518185	 95.473868	 95.430265	 95.387379	 95.345208	 95.303753	 95.263013	 95.222987	 95.183673	  95.14507	 95.107175	 95.069985	 95.033499	 94.997712	 94.962621	 94.928222	 94.894511	 94.861484	 94.829135	  94.79746	 94.766453	 94.736109	 94.706422	 94.677385	 94.648993	 94.621239	 94.594116	 94.567618	 94.541737	 94.516465	 94.491796	 94.467722	 94.444236	 94.421328	 94.398991	 94.377218	    94.356	 94.335328	 94.315194	 94.295589	 94.276506	 94.257935	 94.239867	 94.222295	 94.205209	   94.1886	  94.17246	 94.156779	  94.14155	 94.126762	 94.112408	 94.098479	 94.084965	 94.071858	  94.05915	 94.046831	 94.034894	 94.023329	 94.012128	 94.001283	 93.990786	 93.980627	 93.970799	 93.961294	 93.952104	 93.943221	 93.934637	 93.926344	 93.918335	 93.910602	 93.903138	 93.895935	 93.888987	 93.882286	 93.875825	 93.869598	 93.863597	 93.857816	  93.85225	  93.84689	 93.841732	 93.836768	 93.831994	 93.827403	 93.822989	 93.818747	 93.814672	 93.810757	 93.806999	 93.803391	 93.799929	 93.796607	 93.793422	 93.790369	 93.787442	 93.784639	 93.781954	 93.779383	 93.776923	 93.774569	 93.772318	 93.770166	 93.768109	 93.766145	 93.764269	 93.762479	 93.760772	 93.759143	 93.757592	 93.756114	 93.754707	 93.753369	 93.752096	 93.750887	  93.74974	 93.748651	 93.747619	 93.746642	 93.745718	 93.744845	 93.744021	 93.743245	 93.742514	 93.741829	 93.741186	 93.740584	 93.740023	 93.739502	 93.739018	 93.738571	  93.73816	 93.737784	 93.737443	 93.737134	 93.736859	 93.736616	 93.736404	 93.736224	 93.736074	 93.735954	 93.735865	 93.735806	 93.735776	
        99	 98.915479	 98.830981	  98.74653	 98.662151	 98.577867	   98.4937	 98.409675	 98.325815	 98.242143	 98.158682	 98.075455	 97.992485	 97.909793	 97.827402	 97.745335	 97.663612	 97.582255	 97.501285	 97.420723	  97.34059	 97.260905	 97.181688	 97.102959	 97.024736	 96.947038	 96.869884	  96.79329	 96.717274	 96.641853	 96.567043	 96.492861	  96.41932	 96.346438	 96.274227	 96.202701	 96.131875	  96.06176	  95.99237	 95.923715	 95.855808	 95.788658	 95.722277	 95.656673	 95.591856	 95.527835	 95.464616	 95.402209	 95.340619	 95.279853	 95.219916	 95.160815	 95.102553	 95.045136	 94.988565	 94.932846	  94.87798	 94.823969	 94.770815	 94.718519	 94.667081	 94.616503	 94.566782	  94.51792	 94.469913	  94.42276	  94.37646	 94.331009	 94.286405	 94.242644	 94.199722	 94.157634	 94.116377	 94.075945	 94.036332	 93.997533	 93.959543	 93.922354	 93.885959	 93.850353	 93.815527	 93.781474	 93.748186	 93.715656	 93.683874	 93.652832	 93.622522	 93.592935	 93.564061	 93.535891	 93.508416	 93.481626	 93.455511	 93.430062	 93.405269	  93.38112	 93.357607	 93.334719	 93.312445	 93.290775	 93.269699	 93.249206	 93.229286	 93.209928	 93.191121	 93.172855	 93.155119	 93.137903	 93.121196	 93.104988	 93.089268	 93.074026	 93.059251	 93.044934	 93.031063	 93.017629	 93.004621	 92.992031	 92.979847	 92.968059	 92.956659	 92.945637	 92.934982	 92.924687	  92.91474	 92.905134	  92.89586	 92.886907	 92.878269	 92.869935	 92.861898	 92.854149	  92.84668	 92.839483	  92.83255	 92.825873	 92.819445	 92.813258	 92.807305	 92.801579	 92.796072	 92.790778	 92.785691	 92.780803	 92.776108	   92.7716	 92.767272	  92.76312	 92.759136	 92.755316	 92.751654	 92.748144	 92.744782	 92.741561	 92.738478	 92.735527	 92.732704	 92.730004	 92.727423	 92.724956	   92.7226	 92.720351	 92.718204	 92.716156	 92.714203	 92.712342	 92.710569	 92.708882	 92.707277	 92.705751	 92.704301	 92.702924	 92.701618	 92.700381	 92.699209	 92.698101	 92.697053	 92.696065	 92.695134	 92.694258	 92.693436	 92.692665	 92.691943	 92.691271	 92.690645	 92.690065	 92.689529	 92.689036	 92.688585	 92.688175	 92.687806	 92.687475	 92.687184	  92.68693	 92.686713	 92.686534	  92.68639	 92.686283	 92.686212	 92.686176	
        99	 98.901451	 98.802931	 98.704465	 98.606082	  98.50781	 98.409675	 98.311706	 98.213928	  98.11637	 98.019058	 97.922019	 97.825279	 97.728863	 97.632799	 97.537112	 97.441826	 97.346968	  97.25256	 97.158629	 97.065197	 96.972287	 96.879924	 96.788128	 96.696924	 96.606331	 96.516372	 96.427067	 96.338436	 96.250498	 96.163273	 96.076779	 95.991034	 95.906056	 95.821861	 95.738465	 95.655884	 95.574134	 95.493227	 95.413179	 95.334002	 95.255708	  95.17831	 95.101819	 95.026245	 94.951599	 94.877889	 94.805124	 94.733313	 94.662462	 94.592579	 94.523669	 94.455738	 94.388791	 94.322833	 94.257866	 94.193894	  94.13092	 94.068945	  94.00797	 93.947996	 93.889023	 93.831051	 93.774079	 93.718105	 93.663128	 93.609143	  93.55615	 93.504143	 93.453119	 93.403074	 93.354001	 93.305897	 93.258755	 93.212568	  93.16733	 93.123035	 93.079674	  93.03724	 92.995724	 92.955118	 92.915414	 92.876602	 92.838673	 92.801616	 92.765423	 92.730083	 92.695585	 92.661919	 92.629075	  92.59704	 92.565804	 92.535355	 92.505683	 92.476774	 92.448618	 92.421203	 92.394516	 92.368546	  92.34328	 92.318706	 92.294812	 92.271586	 92.249015	 92.227087	 92.205789	  92.18511	 92.165037	 92.145557	 92.126659	 92.108331	 92.090559	 92.073332	 92.056638	 92.040466	 92.024802	 92.009636	 91.994956	  91.98075	 91.967006	 91.953714	 91.940863	  91.92844	 91.916436	 91.904839	 91.893638	 91.882824	 91.872386	 91.862314	 91.852597	 91.843226	 91.834191	 91.825483	 91.817091	 91.809008	 91.801223	 91.793728	 91.786514	 91.779573	 91.772897	 91.766476	 91.760304	 91.754372	 91.748673	 91.743199	 91.737942	 91.732897	 91.728055	 91.723411	 91.718957	 91.714687	 91.710594	 91.706674	 91.702919	 91.699324	 91.695883	 91.692591	 91.689443	 91.686434	 91.683558	 91.680811	 91.678188	 91.675685	 91.673297	  91.67102	  91.66885	 91.666784	 91.664816	 91.662945	 91.661165	 91.659474	 91.657869	 91.656347	 91.654904	 91.653538	 91.652245	 91.651024	 91.649872	 91.648787	 91.647766	 91.646806	 91.645907	 91.645067	 91.644282	 91.643552	 91.642876	 91.642251	 91.641676	 91.641151	 91.640673	 91.640242	 91.639857	 91.639517	 91.639221	 91.638968	 91.638759	 91.638592	 91.638467	 91.638384	 91.638342	
        99	 98.887452	 98.774935	 98.662482	 98.550123	 98.437891	 98.325815	 98.213928	 98.102261	 97.990844	 97.879708	 97.768884	 97.658401	 97.548289	 97.438578	 97.329298	 97.220476	 97.112142	 97.004324	 96.897048	 96.790343	 96.684236	 96.578751	 96.473916	 96.369755	 96.266293	 96.163554	 96.061563	 95.960341	 95.859911	 95.760295	 95.661514	 95.563588	 95.466538	 95.370382	  95.27514	 95.180828	 95.087464	 94.995064	 94.903644	 94.813219	 94.723804	 94.635411	 94.548054	 94.461744	 94.376493	 94.292312	 94.209211	 94.127198	 94.046282	 93.966472	 93.887773	 93.810192	 93.733735	 93.658407	 93.584211	 93.511152	 93.439231	 93.368452	 93.298815	 93.230321	 93.162971	 93.096764	 93.031699	 92.967773	 92.904985	 92.843332	 92.782811	 92.723416	 92.665144	 92.607989	 92.551945	 92.497007	 92.443168	  92.39042	 92.338757	 92.288169	 92.238648	 92.190186	 92.142772	 92.096398	 92.051054	 92.006728	 91.963411	  91.92109	 91.879755	 91.839395	 91.799996	 91.761548	 91.724038	 91.687452	 91.651779	 91.617005	 91.583117	 91.550102	 91.517946	 91.486636	 91.456158	 91.426499	 91.397643	 91.369579	  91.34229	 91.315765	 91.289987	 91.264944	 91.240621	 91.217004	  91.19408	 91.171833	  91.15025	 91.129318	 91.109022	 91.089348	 91.070283	 91.051812	 91.033924	 91.016603	 90.999837	 90.983613	 90.967917	 90.952737	  90.93806	 90.923873	 90.910163	 90.896918	 90.884127	 90.871777	 90.859856	 90.848353	 90.837256	 90.826554	 90.816235	 90.806289	 90.796706	 90.787474	 90.778583	 90.770024	 90.761785	 90.753858	 90.746233	 90.738901	 90.731852	 90.725077	 90.718568	 90.712316	 90.706313	 90.700551	 90.695022	 90.689717	 90.684631	 90.679754	  90.67508	 90.670603	 90.666314	 90.662209	 90.658279	  90.65452	 90.650925	 90.647488	 90.644204	 90.641066	 90.638071	 90.635212	 90.632485	 90.629884	 90.627406	 90.625046	 90.622799	 90.620662	 90.618629	 90.616699	 90.614866	 90.613127	 90.611479	 90.609918	 90.608443	 90.607048	 90.605732	 90.604493	 90.603326	 90.602231	 90.601204	 90.600244	 90.599348	 90.598515	 90.597742	 90.597028	 90.596372	 90.595772	 90.595226	 90.594734	 90.594294	 90.593906	 90.593568	 90.593279	  90.59304	 90.592849	 90.592707	 90.592612	 90.592564	
        99	 98.873484	 98.747003	 98.620593	  98.49429	 98.368128	 98.242143	  98.11637	 97.990844	 97.865599	 97.740671	 97.616092	 97.491897	  97.36812	 97.244793	  97.12195	 96.999623	 96.877843	 96.756644	 96.636054	 96.516106	  96.39683	 96.278254	 96.160408	 96.043319	 95.927017	 95.811528	 95.696878	 95.583093	 95.470199	  95.35822	  95.24718	 95.137101	 95.028006	 94.919917	 94.812854	 94.706837	 94.601885	 94.498018	 94.395252	 94.293605	 94.193092	 94.093729	  93.99553	 93.898508	 93.802677	 93.708049	 93.614634	 93.522443	 93.431485	 93.341769	 93.253303	 93.166094	 93.080148	  92.99547	 92.912066	  92.82994	 92.749093	  92.66953	  92.59125	 92.514256	 92.438547	 92.364123	 92.290982	 92.219123	 92.148543	 92.079238	 92.011205	 91.944439	 91.878935	 91.814687	 91.751688	 91.689932	 91.629411	 91.570116	 91.512041	 91.455174	 91.399508	 91.345031	 91.291733	 91.239604	 91.188631	 91.138805	 91.090111	 91.042538	 90.996074	 90.950704	 90.906416	 90.863196	  90.82103	 90.779904	 90.739803	 90.700713	  90.66262	 90.625507	 90.589361	 90.554165	 90.519904	 90.486564	 90.454127	  90.42258	 90.391905	 90.362087	  90.33311	 90.304959	 90.277617	  90.25107	   90.2253	 90.200292	 90.176031	   90.1525	 90.129685	  90.10757	 90.086138	 90.065376	 90.045267	 90.025797	  90.00695	 89.988713	 89.971069	 89.954005	 89.937506	 89.921558	 89.906146	 89.891258	  89.87688	 89.862997	 89.849596	 89.836665	 89.824191	 89.812161	 89.800561	 89.789381	 89.778609	 89.768231	 89.758237	 89.748615	 89.739354	 89.730443	 89.721872	 89.713629	 89.705705	  89.69809	 89.690773	 89.683745	 89.676997	  89.67052	 89.664304	 89.658342	 89.652624	 89.647142	 89.641888	 89.636855	 89.632034	 89.627419	 89.623002	 89.618776	 89.614735	 89.610871	 89.607179	 89.603653	 89.600285	 89.597072	 89.594006	 89.591083	 89.588297	 89.585644	 89.583118	 89.580716	 89.578431	 89.576261	   89.5742	 89.572246	 89.570393	 89.568639	  89.56698	 89.565413	 89.563934	  89.56254	 89.561229	 89.559997	 89.558843	 89.557764	 89.556757	  89.55582	 89.554951	 89.554149	 89.553411	 89.552737	 89.552123	  89.55157	 89.551076	 89.550639	 89.550259	 89.549935	 89.549666	 89.549452	 89.549291	 89.549185	 89.549131	
        99	 98.859551	 98.719141	  98.57881	 98.438597	 98.298541	 98.158682	 98.019058	 97.879708	 97.740671	 97.601984	 97.463685	 97.325813	 97.188405	 97.051496	 96.915125	 96.779326	 96.644135	 96.509588	 96.375719	 96.242561	 96.110149	 95.978514	  95.84769	 95.717707	 95.588597	 95.460389	 95.333113	 95.206798	 95.081471	  94.95716	 94.833891	 94.711689	  94.59058	 94.470587	 94.351733	 94.234041	 94.117532	 94.002226	 93.888143	 93.775301	 93.663719	 93.553413	   93.4444	 93.336693	 93.230309	 93.125259	 93.021556	 92.919212	 92.818238	 92.718641	 92.620433	  92.52362	 92.428209	 92.334206	 92.241617	 92.150446	 92.060696	  91.97237	  91.88547	 91.799997	  91.71595	  91.63333	 91.552135	 91.472362	 91.394009	 91.317072	 91.241546	 91.167427	 91.094709	 91.023385	 90.953449	 90.884892	 90.817705	 90.751881	  90.68741	 90.624281	 90.562484	 90.502007	  90.44284	  90.38497	 90.328384	  90.27307	 90.219014	 90.166202	  90.11462	 90.064254	 90.015089	 89.967109	 89.920299	 89.874644	 89.830127	 89.786733	 89.744444	 89.703244	 89.663117	 89.624045	 89.586012	    89.549	 89.512991	 89.477969	 89.443916	 89.410814	 89.378647	 89.347395	 89.317043	 89.287571	 89.258963	 89.231202	 89.204268	 89.178147	 89.152819	 89.128268	 89.104476	 89.081427	 89.059104	  89.03749	 89.016568	 88.996321	 88.976734	 88.957791	 88.939475	 88.921771	 88.904662	 88.888135	 88.872172	  88.85676	 88.841884	 88.827529	 88.813681	 88.800326	 88.787449	 88.775038	 88.763079	 88.751558	 88.740464	 88.729782	 88.719501	 88.709609	 88.700094	 88.690944	 88.682147	 88.673693	  88.66557	 88.657769	 88.650278	 88.643087	 88.636187	 88.629568	  88.62322	 88.617134	 88.611302	 88.605714	 88.600363	 88.595239	 88.590336	 88.585645	 88.581158	 88.576869	 88.572771	 88.568856	 88.565117	  88.56155	 88.558147	 88.554902	 88.551809	 88.548864	  88.54606	 88.543393	 88.540856	 88.538447	  88.53616	  88.53399	 88.531933	 88.529986	 88.528144	 88.526404	 88.524762	 88.523215	  88.52176	 88.520393	 88.519111	 88.517913	 88.516795	 88.515755	 88.514791	   88.5139	 88.513081	 88.512332	 88.511652	 88.511037	 88.510489	 88.510004	 88.509582	 88.509222	 88.508924	 88.508686	 88.508508	 88.508389	  88.50833	
        99	 98.845657	 98.691357	 98.537144	 98.383061	  98.22915	 98.075455	 97.922019	 97.768884	 97.616092	 97.463685	 97.311706	 97.160195	 97.009193	 96.858741	 96.708879	 96.559646	 96.411082	 96.263225	 96.116113	 95.969783	 95.824271	 95.679615	 95.535849	 95.393008	 95.251125	 95.110234	 94.970368	 94.831557	 94.693832	 94.557223	  94.42176	 94.287469	 94.154379	 94.022516	 93.891905	  93.76257	 93.634535	 93.507822	 93.382454	 93.258449	 93.135829	 93.014611	 92.894814	 92.776453	 92.659544	 92.544102	 92.430141	 92.317672	 92.206709	  92.09726	 91.989336	 91.882946	 91.778096	 91.674795	 91.573046	 91.472856	 91.374228	 91.277164	 91.181667	 91.087739	 90.995378	 90.904584	 90.815357	 90.727693	 90.641589	 90.557041	 90.474044	 90.392593	 90.312681	 90.234302	 90.157446	 90.082107	 90.008275	 89.935939	 89.865089	 89.795715	 89.727805	 89.661346	 89.596326	 89.532731	 89.470548	 89.409761	 89.350358	 89.292322	 89.235637	 89.180289	  89.12626	 89.073533	 89.022093	 88.971921	 88.923001	 88.875313	 88.828841	 88.783566	 88.739469	 88.696532	 88.654736	 88.614062	 88.574492	 88.536005	 88.498583	 88.462207	 88.426857	 88.392514	 88.359159	 88.326772	 88.295334	 88.264826	 88.235229	 88.206523	  88.17869	  88.15171	 88.125565	 88.100236	 88.075704	 88.051952	  88.02896	 88.006711	 87.985186	 87.964369	 87.944241	 87.924785	 87.905984	 87.887822	  87.87028	 87.853344	 87.836996	 87.821221	 87.806003	 87.791327	 87.777176	 87.763537	 87.750395	 87.737735	 87.725542	 87.713804	 87.702506	 87.691636	 87.681179	 87.671124	 87.661457	 87.652166	  87.64324	 87.634667	 87.626435	 87.618533	  87.61095	 87.603676	   87.5967	 87.590012	 87.583603	 87.577463	 87.571582	 87.565952	 87.560563	 87.555408	 87.550478	 87.545764	  87.54126	 87.536958	  87.53285	  87.52893	  87.52519	 87.521624	 87.518225	 87.514989	 87.511907	 87.508976	 87.506189	 87.503541	 87.501028	 87.498643	 87.496383	 87.494243	  87.49222	 87.490307	 87.488503	 87.486803	 87.485203	 87.483701	 87.482293	 87.480976	 87.479748	 87.478605	 87.477545	 87.476566	 87.475667	 87.474843	 87.474095	  87.47342	 87.472817	 87.472284	 87.471821	 87.471425	 87.471097	 87.470836	  87.47064	  87.47051	 87.470445	
        99	 98.831806	 98.663659	 98.495606	 98.327695	 98.159972	 97.992485	 97.825279	 97.658401	 97.491897	 97.325813	 97.160195	 96.995087	 96.830534	  96.66658	 96.503269	 96.340644	 96.178747	 96.017621	 95.857307	 95.697844	 95.539275	 95.381637	 95.224969	 95.069309	 94.914693	 94.761159	  94.60874	 94.457472	 94.307387	 94.158519	 94.010899	 93.864557	 93.719523	 93.575826	 93.433494	 93.292552	 93.153027	 93.014943	 92.878323	 92.743191	 92.609566	  92.47747	 92.346921	 92.217938	 92.090538	 91.964736	 91.840548	 91.717986	 91.597064	 91.477794	 91.360185	 91.244246	 91.129987	 91.017415	 90.906536	 90.797354	 90.689875	 90.584101	 90.480034	 90.377676	 90.277026	 90.178085	  90.08085	 89.985318	 89.891487	 89.799352	 89.708907	 89.620146	 89.533063	 89.447649	 89.363897	 89.281797	 89.201338	 89.122511	 89.045303	 88.969704	 88.895699	 88.823276	  88.75242	 88.683118	 88.615354	 88.549113	 88.484379	 88.421134	 88.359363	 88.299047	 88.240169	 88.182711	 88.126655	 88.071981	  88.01867	 87.966703	  87.91606	 87.866722	 87.818667	 87.771877	  87.72633	 87.682007	 87.638885	 87.596944	 87.556164	 87.516524	 87.478001	 87.440576	 87.404228	 87.368934	 87.334675	 87.301429	 87.269176	 87.237894	 87.207563	 87.178162	  87.14967	 87.122068	 87.095335	 87.069451	 87.044396	  87.02015	 86.996694	 86.974008	 86.952074	 86.930872	 86.910384	 86.890591	 86.871476	  86.85302	 86.835205	 86.818014	  86.80143	 86.785437	 86.770016	 86.755154	 86.740832	 86.727035	 86.713749	 86.700957	 86.688646	 86.676799	 86.665404	 86.654446	 86.643912	 86.633788	 86.624061	 86.614718	 86.605747	 86.597136	 86.588873	 86.580946	 86.573344	 86.566056	 86.559072	  86.55238	 86.545972	 86.539836	 86.533964	 86.528346	 86.522973	 86.517837	 86.512929	 86.508241	 86.503764	 86.499492	 86.495416	  86.49153	 86.487827	   86.4843	 86.480942	 86.477747	  86.47471	 86.471825	 86.469086	 86.466487	 86.464025	 86.461693	 86.459487	 86.457403	 86.455437	 86.453584	 86.451841	 86.450204	  86.44867	 86.447235	 86.445896	 86.444651	 86.443496	 86.442429	 86.441449	 86.440552	 86.439736	 86.439001	 86.438343	 86.437763	 86.437258	 86.436827	 86.436469	 86.436184	 86.435971	 86.435829	 86.435758	
        99	 98.818001	 98.636054	 98.454208	 98.272516	 98.091027	 97.909793	 97.728863	 97.548289	  97.36812	 97.188405	 97.009193	 96.830534	 96.652475	 96.475065	  96.29835	 96.122378	 95.947193	 95.772843	  95.59937	 95.426821	 95.255236	  95.08466	 94.915134	 94.746698	 94.579392	 94.413256	 94.248328	 94.084644	 93.922242	 93.761155	 93.601419	 93.443066	 93.286129	 93.130638	 92.976623	 92.824114	 92.673137	  92.52372	 92.375887	 92.229664	 92.085072	 91.942134	 91.800871	 91.661302	 91.523445	 91.387318	 91.252937	 91.120316	  90.98947	  90.86041	 90.733148	 90.607694	 90.484057	 90.362246	 90.242266	 90.124123	 90.007822	 89.893367	 89.780759	     89.67	 89.561089	 89.454027	 89.348812	  89.24544	 89.143907	  89.04421	 88.946341	 88.850296	 88.756065	 88.663641	 88.573015	 88.484176	 88.397114	 88.311817	 88.228273	 88.146468	  88.06639	 87.988022	 87.911352	 87.836362	 87.763036	 87.691358	  87.62131	 87.552875	 87.486034	 87.420768	 87.357058	 87.294884	 87.234226	 87.175065	 87.117379	 87.061146	 87.006347	 86.952959	 86.900961	 86.850331	 86.801046	 86.753084	 86.706423	  86.66104	 86.616913	 86.574019	 86.532335	 86.491838	 86.452506	 86.414316	 86.377245	 86.341271	  86.30637	  86.27252	   86.2397	 86.207886	 86.177056	 86.147188	 86.118261	 86.090252	 86.063141	 86.036905	 86.011524	 85.986976	 85.963242	   85.9403	  85.91813	 85.896713	 85.876029	 85.856058	 85.836781	 85.818179	 85.800234	 85.782928	 85.766242	 85.750159	 85.734662	 85.719733	 85.705356	 85.691515	 85.678193	 85.665374	 85.653044	 85.641187	 85.629788	 85.618833	 85.608307	 85.598198	 85.588491	 85.579173	 85.570231	 85.561654	 85.553428	 85.545542	 85.537984	 85.530744	 85.523809	  85.51717	 85.510816	 85.504737	 85.498923	 85.493365	 85.488054	 85.482981	 85.478137	 85.473514	 85.469104	 85.464899	 85.460892	 85.457075	 85.453442	 85.449985	 85.446699	 85.443577	 85.440613	 85.437801	 85.435136	 85.432613	 85.430226	 85.427971	 85.425844	 85.423839	 85.421953	 85.420181	 85.418521	 85.416968	  85.41552	 85.414172	 85.412922	 85.411768	 85.410707	 85.409737	 85.408854	 85.408058	 85.407347	 85.406719	 85.406172	 85.405706	 85.405319	 85.405011	  85.40478	 85.404627	  85.40455	
        99	 98.804247	 98.608549	 98.412961	 98.217537	 98.022333	 97.827402	 97.632799	 97.438578	 97.244793	 97.051496	 96.858741	  96.66658	 96.475065	 96.284247	 96.094177	 95.904906	 95.716482	 95.528956	 95.342373	 95.156783	 94.972232	 94.788765	 94.606426	 94.425261	 94.245312	 94.066621	 93.889228	 93.713174	 93.538498	 93.365238	  93.19343	  93.02311	 92.854312	 92.687071	 92.521417	 92.357382	 92.194995	 92.034286	 91.875281	 91.718007	 91.562488	 91.408748	 91.256808	 91.106692	 90.958417	 90.812002	 90.667465	 90.524822	 90.384087	 90.245273	 90.108394	 89.973459	 89.840479	 89.709462	 89.580414	 89.453343	 89.328253	 89.205148	  89.08403	   88.9649	 88.847759	 88.732606	 88.619439	 88.508255	 88.399049	 88.291817	 88.186553	 88.083249	 87.981897	 87.882488	 87.785013	  87.68946	 87.595819	 87.504076	 87.414218	 87.326231	   87.2401	  87.15581	 87.073345	 86.992688	 86.913821	 86.836726	 86.761385	 86.687777	 86.615885	 86.545686	 86.477162	 86.410289	 86.345047	 86.281415	 86.219369	 86.158887	 86.099947	 86.042524	 85.986596	 85.932139	  85.87913	 85.827543	 85.777356	 85.728543	 85.681082	 85.634946	 85.590112	 85.546555	  85.50425	 85.463174	 85.423301	 85.384608	  85.34707	 85.310662	 85.275361	 85.241143	 85.207983	 85.175858	 85.144745	  85.11462	 85.085459	 85.057241	 85.029941	 85.003539	 84.978011	 84.953335	  84.92949	 84.906454	 84.884206	 84.862726	 84.841992	 84.821985	 84.802684	  84.78407	 84.766123	 84.748825	 84.732156	 84.716099	 84.700636	 84.685748	 84.671419	 84.657632	  84.64437	 84.631616	 84.619356	 84.607573	 84.596252	 84.585379	 84.574938	 84.564916	 84.555299	 84.546073	 84.537225	 84.528744	 84.520615	 84.512827	 84.505368	 84.498227	 84.491393	 84.484855	 84.478602	 84.472624	 84.466911	 84.461455	 84.456245	 84.451272	 84.446529	 84.442006	 84.437696	 84.433591	 84.429683	 84.425965	 84.422431	 84.419072	 84.415884	  84.41286	 84.409994	  84.40728	 84.404713	 84.402288	 84.399999	 84.397843	 84.395814	 84.393909	 84.392123	 84.390453	 84.388895	 84.387445	 84.386101	  84.38486	 84.383719	 84.382675	 84.381726	  84.38087	 84.380105	 84.379429	 84.378841	  84.37834	 84.377924	 84.377592	 84.377344	 84.377179	 84.377096	
        99	 98.790547	 98.581152	 98.371875	 98.162774	 97.953908	 97.745335	 97.537112	 97.329298	  97.12195	 96.915125	 96.708879	 96.503269	  96.29835	 96.094177	 95.890805	 95.688287	 95.486676	 95.286025	 95.086384	 94.887805	 94.690337	 94.494029	  94.29893	 94.105085	 93.912542	 93.721344	 93.531536	 93.343161	  93.15626	 92.970873	 92.787041	   92.6048	 92.424189	 92.245242	 92.067995	 91.892479	 91.718728	 91.546771	 91.376637	 91.208356	 91.041952	 90.877452	 90.714879	 90.554256	 90.395604	 90.238942	 90.084289	 89.931662	 89.781078	 89.632549	  89.48609	 89.341711	 89.199424	 89.059237	 88.921158	 88.785193	 88.651349	 88.519627	 88.390032	 88.262565	 88.137226	 88.014014	 87.892926	  87.77396	 87.657112	 87.542375	 87.429743	 87.319209	 87.210763	 87.104397	   87.0001	  86.89786	 86.797665	 86.699501	 86.603354	 86.509209	  86.41705	 86.326861	 86.238625	 86.152322	 86.067935	 85.985445	  85.90483	 85.826072	 85.749147	 85.674036	 85.600715	 85.529162	 85.459355	 85.391269	  85.32488	 85.260165	   85.1971	 85.135658	 85.075816	 85.017548	 84.960828	 84.905631	 84.851932	 84.799703	 84.748919	 84.699554	 84.651582	 84.604977	 84.559712	 84.515761	 84.473097	 84.431696	 84.391531	 84.352575	 84.314803	  84.27819	  84.24271	 84.208336	 84.175045	 84.142812	  84.11161	 84.081417	 84.052207	 84.023957	 83.996642	 83.970239	 83.944725	 83.920077	 83.896272	 83.873289	 83.851104	 83.829696	 83.809044	 83.789127	 83.769924	 83.751416	  83.73358	   83.7164	 83.699854	 83.683925	 83.668593	 83.653841	  83.63965	 83.626004	 83.612886	 83.600278	 83.588165	  83.57653	 83.565359	 83.554635	 83.544345	 83.534474	 83.525007	 83.515932	 83.507234	 83.498901	  83.49092	  83.48328	 83.475967	 83.468971	  83.46228	 83.455884	 83.449772	 83.443933	 83.438359	 83.433038	 83.427963	 83.423124	 83.418512	 83.414119	 83.409938	  83.40596	 83.402178	 83.398585	 83.395174	 83.391938	 83.388871	 83.385967	  83.38322	 83.380625	 83.378177	  83.37587	 83.373699	  83.37166	 83.369749	 83.367962	 83.366295	 83.364744	 83.363306	 83.361978	 83.360757	  83.35964	 83.358624	 83.357709	  83.35689	 83.356167	 83.355538	 83.355001	 83.354556	 83.354201	 83.353936	 83.353759	 83.353671	
        99	 98.776904	 98.553871	 98.330962	 98.108242	 97.885771	 97.663612	 97.441826	 97.220476	 96.999623	 96.779326	 96.559646	 96.340644	 96.122378	 95.904906	 95.688287	 95.472578	 95.257835	 95.044114	  94.83147	 94.619956	 94.409626	 94.200532	 93.992725	 93.786254	 93.581169	 93.377518	 93.175347	 92.974701	 92.775626	 92.578165	 92.382358	 92.188248	 91.995872	  91.80527	 91.616477	 91.429529	  91.24446	 91.061303	 90.880088	 90.700845	 90.523603	 90.348388	 90.175226	 90.004141	 89.835154	 89.668288	 89.503562	 89.340994	 89.180601	 89.022398	 88.866399	 88.712616	 88.561061	 88.411743	  88.26467	  88.11985	 87.977287	 87.836986	  87.69895	  87.56318	 87.429677	 87.298439	 87.169464	  87.04275	  86.91829	  86.79608	 86.676112	 86.558378	 86.442869	 86.329575	 86.218484	 86.109585	 86.002863	 85.898305	 85.795895	 85.695618	 85.597457	 85.501394	  85.40741	 85.315486	 85.225603	 85.137739	 85.051874	 84.967985	  84.88605	 84.806046	  84.72795	 84.651736	 84.577382	 84.504861	 84.434148	 84.365218	 84.298045	 84.232601	 84.168861	 84.106798	 84.046384	 83.987592	 83.930394	 83.874763	 83.820672	 83.768092	 83.716995	 83.667354	  83.61914	 83.572327	 83.526885	 83.482787	 83.440005	 83.398512	  83.35828	 83.319282	  83.28149	 83.244878	 83.209419	 83.175086	 83.141852	 83.109692	 83.078579	 83.048489	 83.019395	 82.991272	 82.964097	 82.937843	 82.912488	 82.888007	 82.864377	 82.841575	 82.819578	 82.798364	  82.77791	 82.758196	 82.739199	 82.720899	 82.703276	 82.686309	 82.669978	 82.654265	 82.639151	 82.624616	 82.610643	 82.597214	 82.584312	 82.571919	  82.56002	 82.548598	 82.537638	 82.527123	  82.51704	 82.507373	 82.498109	 82.489233	 82.480733	 82.472595	 82.464806	 82.457354	 82.450228	 82.443415	 82.436904	 82.430686	 82.424748	 82.419081	 82.413675	 82.408521	 82.403608	  82.39893	 82.394476	 82.390239	  82.38621	 82.382383	  82.37875	 82.375303	 82.372037	 82.368944	 82.366018	 82.363254	 82.360646	 82.358188	 82.355876	 82.353705	  82.35167	 82.349766	  82.34799	 82.346338	 82.344807	 82.343392	 82.342091	 82.340902	  82.33982	 82.338845	 82.337973	 82.337203	 82.336533	 82.335961	 82.335487	 82.335109	 82.334826	 82.334638	 82.334544	
        99	 98.763322	 98.526711	 98.290233	 98.053953	 97.817938	 97.582255	 97.346968	 97.112142	 96.877843	 96.644135	 96.411082	 96.178747	 95.947193	 95.716482	 95.486676	 95.257835	 95.030019	 94.803287	 94.577697	 94.353307	 94.130173	 93.908349	 93.687891	 93.468851	 93.251281	 93.035231	 92.820752	 92.607892	 92.396698	 92.187215	 91.979489	 91.773561	 91.569474	 91.367268	 91.166982	 90.968653	 90.772318	  90.57801	 90.385763	 90.195608	 90.007576	 89.821694	  89.63799	 89.456489	 89.277216	 89.100191	 88.925437	 88.752972	 88.582814	  88.41498	 88.249484	  88.08634	 87.925558	  87.76715	 87.611123	 87.457486	 87.306245	 87.157403	 87.010963	 86.866928	 86.725297	  86.58607	 86.449243	 86.314815	 86.182778	 86.053128	 85.925856	 85.800955	 85.678414	 85.558223	 85.440369	  85.32484	 85.211621	 85.100698	 84.992054	 84.885672	 84.781535	 84.679624	 84.579918	 84.482398	 84.387043	  84.29383	 84.202738	 84.113742	 84.026819	 83.941945	 83.859094	 83.778241	  83.69936	 83.622424	 83.547406	  83.47428	 83.403017	  83.33359	 83.265969	 83.200128	 83.136035	 83.073664	 83.012985	 82.953967	 82.896583	 82.840802	 82.786594	 82.733931	 82.682782	 82.633119	  82.58491	 82.538128	 82.492741	 82.448722	 82.406041	 82.364669	 82.324577	 82.285736	 82.248118	 82.211694	 82.176437	  82.14232	 82.109313	  82.07739	 82.046525	 82.016691	 81.987861	 81.960009	  81.93311	 81.907139	 81.882071	  81.85788	 81.834544	 81.812038	  81.79034	 81.769425	 81.749272	 81.729858	 81.711162	 81.693162	 81.675837	 81.659167	 81.643133	 81.627713	 81.612889	 81.598643	 81.584955	 81.571808	 81.559185	 81.547068	  81.53544	 81.524285	 81.513588	 81.503333	 81.493505	 81.484089	 81.475071	 81.466437	 81.458174	 81.450269	 81.442708	 81.435481	 81.428574	 81.421977	 81.415677	 81.409665	  81.40393	 81.398462	 81.393251	 81.388288	 81.383563	 81.379068	 81.374794	 81.370734	 81.366879	 81.363223	 81.359757	 81.356476	 81.353372	  81.35044	 81.347673	 81.345066	 81.342613	  81.34031	  81.33815	 81.336131	 81.334247	 81.332495	  81.33087	 81.329369	 81.327989	 81.326727	 81.325579	 81.324544	  81.32362	 81.322803	 81.322092	 81.321486	 81.320982	 81.320581	 81.320281	 81.320082	 81.319982	
