Time step 34:
        99	        99	        99	        99	        99	        99	        99	        99	        99	        99	        99	        99	        99	        99	        99	        99	        99	        99	        99	        99	        99	        99	        99	        99	        99	        99	        99	        99	        99	        99	        99	        99	        99	        99	        99	        99	        99	        99	        99	        99	        99	        99	        99	        99	        99	        99	        99	        99	        99	        99	        99	        99	        99	        99	        99	        99	        99	        99	        99	        99	        99	        99	        99	        99	        99	        99	        99	        99	        99	        99	        99	        99	        99	        99	        99	        99	        99	        99	        99	        99	        99	        99	        99	        99	        99	        99	        99	        99	        99	        99	        99	        99	        99	        99	        99	        99	        99	        99	        99	        99	        99	        99	        99	        99	        99	        99	        99	        99	        99	        99	        99	        99	        99	        99	        99	        99	        99	        99	        99	        99	        99	        99	        99	        99	        99	        99	        99	        99	        99	        99	        99	        99	        99	        99	        99	        99	        99	        99	        99	        99	        99	        99	        99	        99	        99	        99	        99	        99	        99	        99	        99	        99	        99	        99	        99	        99	        99	        99	        99	        99	        99	        99	        99	        99	        99	        99	        99	        99	        99	        99	        99	        99	        99	        99	        99	        99	        99	        99	        99	        99	        99	        99	        99	        99	        99	        99	        99	        99	        99	        99	        99	        99	        99	        99	        99	        99	        99	        99	        99	        99	
        99	 98.981325	 98.962658	 98.944004	 98.925371	 98.906766	 98.888195	 98.869666	 98.851184	 98.832758	 98.814393	 98.796096	 98.777874	 98.759732	 98.741678	 98.723718	 98.705858	 98.688103	  98.67046	 98.652934	 98.635532	 98.618259	 98.601119	  98.58412	 98.567265	 98.550559	 98.534008	 98.517615	 98.501387	 98.485326	 98.469437	 98.453725	 98.438192	 98.422842	  98.40768	 98.392708	 98.377929	 98.363347	 98.348963	 98.334781	 98.320803	 98.307031	 98.293467	 98.280114	 98.266971	 98.254042	 98.241327	 98.228827	 98.216544	 98.204477	 98.192628	 98.180998	 98.169585	 98.158391	 98.147414	 98.136656	 98.126115	 98.115792	 98.105684	 98.095792	 98.086114	 98.076649	 98.067397	 98.058355	 98.049522	 98.040896	 98.032477	 98.024261	 98.016247	 98.008432	 98.000816	 97.993395	 97.986167	  97.97913	  97.97228	 97.965617	 97.959137	 97.952836	 97.946714	 97.940766	  97.93499	 97.929384	 97.923943	 97.918666	 97.913548	 97.908588	 97.903782	 97.899127	  97.89462	 97.890258	 97.886038	 97.881956	  97.87801	 97.874197	 97.870513	 97.866955	 97.863521	 97.860207	  97.85701	 97.853927	 97.850956	 97.848093	 97.845335	  97.84268	 97.840124	 97.837666	 97.835301	 97.833027	 97.830842	 97.828743	 97.826728	 97.824792	 97.822935	 97.821154	 97.819446	 97.817808	  97.81624	 97.814737	 97.813298	 97.811921	 97.810603	 97.809343	 97.808138	 97.806986	 97.805886	 97.804835	 97.803832	 97.802875	 97.801962	 97.801091	 97.800261	  97.79947	 97.798717	    97.798	 97.797317	 97.796667	 97.796049	 97.795462	 97.794904	 97.794373	  97.79387	 97.793391	 97.792938	 97.792507	 97.792099	 97.791712	 97.791345	 97.790998	 97.790669	 97.790358	 97.790063	 97.789785	 97.789522	 97.789273	 97.789038	 97.788816	 97.788606	 97.788409	 97.788222	 97.788047	 97.787881	 97.787725	 97.787578	  97.78744	  97.78731	 97.787188	 97.787073	 97.786965	 97.786864	 97.786769	 97.786679	 97.786596	 97.786518	 97.786445	 97.786376	 97.786312	 97.786253	 97.786197	 97.786145	 97.786097	 97.786052	 97.786011	 97.785972	 97.785937	 97.785904	 97.785874	 97.785847	 97.785822	 97.785799	 97.785778	  97.78576	 97.785744	 97.785729	 97.785717	 97.785706	 97.785698	 97.785691	 97.785686	 97.785682	 97.785681	
        99	 98.962658	  98.92533	 98.888029	  98.85077	 98.813567	 98.776432	  98.73938	 98.702424	 98.665578	 98.628855	 98.592268	  98.55583	 98.519554	 98.483453	 98.447539	 98.411824	 98.376321	 98.341042	 98.305998	   98.2712	 98.236659	 98.202387	 98.168394	  98.13469	 98.101285	 98.068188	  98.03541	 98.002959	 97.970843	 97.939072	 97.907652	 97.876592	 97.845899	  97.81558	 97.785641	 97.756089	  97.72693	 97.698168	 97.669809	 97.641859	  97.61432	 97.587197	 97.560494	 97.534215	 97.508361	 97.482935	 97.457941	 97.433378	  97.40925	 97.385557	 97.362299	 97.339478	 97.317094	 97.295145	 97.273633	 97.252555	 97.231911	   97.2117	 97.191919	 97.172567	 97.153642	  97.13514	 97.117059	 97.099397	 97.082149	 97.065312	 97.048884	 97.032858	 97.017233	 97.002003	 96.987163	  96.97271	 96.958638	 96.944942	 96.931618	  96.91866	 96.906062	 96.893819	 96.881926	 96.870376	 96.859165	 96.848286	 96.837733	   96.8275	 96.817582	 96.807971	 96.798663	 96.789651	 96.780928	 96.772489	 96.764328	 96.756437	 96.748812	 96.741445	 96.734331	 96.727464	 96.720837	 96.714444	  96.70828	 96.702338	 96.696613	 96.691099	  96.68579	 96.680679	 96.675763	 96.671034	 96.666488	 96.662119	 96.657922	 96.653891	 96.650021	 96.646308	 96.642746	  96.63933	 96.636056	 96.632919	 96.629914	 96.627036	 96.624282	 96.621647	 96.619127	 96.616718	 96.614415	 96.612215	 96.610114	 96.608108	 96.606194	 96.604369	 96.602627	 96.600968	 96.599386	  96.59788	 96.596445	  96.59508	 96.593781	 96.592546	 96.591371	 96.590255	 96.589194	 96.588187	 96.587231	 96.586323	 96.585462	 96.584646	 96.583872	 96.583139	 96.582445	 96.581787	 96.581165	 96.580576	 96.580019	 96.579493	 96.578995	 96.578525	 96.578081	 96.577663	 96.577267	 96.576895	 96.576543	 96.576212	   96.5759	 96.575606	  96.57533	  96.57507	 96.574826	 96.574596	  96.57438	 96.574178	 96.573988	 96.573809	 96.573642	 96.573486	  96.57334	 96.573203	 96.573075	 96.572956	 96.572845	 96.572741	 96.572645	 96.572555	 96.572472	 96.572396	 96.572325	 96.572259	 96.572199	 96.572144	 96.572094	 96.572049	 96.572008	 96.571971	 96.571938	  96.57191	 96.571885	 96.571864	 96.571846	 96.571833	 96.571822	 96.571815	 96.571812	
        99	 98.944004	 98.888029	 98.832096	 98.776225	 98.720436	 98.664752	 98.609191	 98.553774	 98.498522	 98.443454	 98.388591	 98.333951	 98.279554	 98.225419	 98.171564	 98.118009	 98.064772	 98.011869	 97.959318	 97.907138	 97.855343	 97.803951	 97.752977	 97.702436	 97.652344	 97.602715	 97.553563	 97.504901	 97.456742	   97.4091	 97.361985	  97.31541	 97.269384	  97.22392	 97.179026	 97.134711	 97.090985	 97.047856	 97.005331	 96.963418	 96.922123	 96.881452	  96.84141	 96.802002	 96.763233	 96.725107	 96.687626	 96.650794	 96.614613	 96.579084	 96.544209	 96.509988	 96.476422	 96.443509	  96.41125	 96.379644	 96.348688	  96.31838	 96.288718	 96.259699	 96.231319	 96.203575	 96.176462	 96.149977	 96.124113	 96.098866	 96.074231	 96.050201	  96.02677	 96.003931	 95.981679	 95.960006	 95.938904	 95.918367	 95.898387	 95.878955	 95.860064	 95.841706	 95.823871	 95.806553	 95.789741	 95.773427	 95.757602	 95.742258	 95.727385	 95.712974	 95.699016	 95.685502	 95.672422	 95.659768	 95.647529	 95.635697	 95.624262	 95.613215	 95.602548	  95.59225	 95.582312	 95.572727	 95.563483	 95.554574	 95.545989	  95.53772	 95.529758	 95.522095	 95.514723	 95.507632	 95.500815	 95.494263	 95.487969	 95.481925	 95.476122	 95.470554	 95.465213	 95.460091	 95.455181	 95.450476	  95.44597	 95.441655	 95.437526	 95.433575	 95.429795	 95.426182	 95.422729	 95.419431	  95.41628	 95.413272	 95.410402	 95.407664	 95.405054	 95.402565	 95.400193	 95.397934	 95.395783	 95.393736	 95.391788	 95.389936	 95.388174	   95.3865	  95.38491	 95.383399	 95.381966	 95.380605	 95.379314	  95.37809	  95.37693	  95.37583	 95.374789	 95.373803	  95.37287	 95.371987	 95.371152	 95.370362	 95.369616	 95.368911	 95.368246	 95.367618	 95.367025	 95.366466	 95.365939	 95.365443	 95.364975	 95.364535	  95.36412	  95.36373	 95.363364	 95.363019	 95.362696	 95.362392	 95.362107	  95.36184	  95.36159	 95.361355	 95.361136	 95.360931	 95.360739	  95.36056	 95.360393	 95.360238	 95.360093	 95.359959	 95.359835	  95.35972	 95.359613	 95.359516	 95.359426	 95.359343	 95.359268	   95.3592	 95.359138	 95.359083	 95.359034	 95.358991	 95.358954	 95.358922	 95.358896	 95.358876	  95.35886	  95.35885	 95.358845	
        99	 98.925371	  98.85077	 98.776225	 98.701762	  98.62741	 98.553196	 98.479147	  98.40529	 98.331652	  98.25826	 98.185141	 98.112319	 98.039821	 97.967672	 97.895897	 97.824522	 97.753569	 97.683062	 97.613025	 97.543481	 97.474451	 97.405958	 97.338022	 97.270664	 97.203903	  97.13776	 97.072252	 97.007397	 96.943214	 96.879718	 96.816925	 96.754852	 96.693511	 96.632918	 96.573085	 96.514025	 96.455749	 96.398268	 96.341593	 96.285733	 96.230697	 96.176492	 96.123126	 96.070605	 96.018936	 95.968122	  95.91817	 95.869082	 95.820861	  95.77351	  95.72703	 95.681421	 95.636685	 95.592821	 95.549828	 95.507704	 95.466447	 95.426054	 95.386522	 95.347847	 95.310024	 95.273047	 95.236913	 95.201614	 95.167144	 95.133496	 95.100663	 95.068637	 95.037409	 95.006971	 94.977314	 94.948429	 94.920306	 94.892935	 94.866306	 94.840408	 94.815231	 94.790764	 94.766995	 94.743913	 94.721507	 94.699765	 94.678675	 94.658225	 94.638403	 94.619197	 94.600594	 94.582583	 94.565151	 94.548285	 94.531974	 94.516204	 94.500965	 94.486242	 94.472025	   94.4583	 94.445056	 94.432281	 94.419962	 94.408087	 94.396646	 94.385625	 94.375014	 94.364801	 94.354975	 94.345525	  94.33644	 94.327708	  94.31932	 94.311264	  94.30353	 94.296109	  94.28899	 94.282164	 94.275621	 94.269351	 94.263345	 94.257595	 94.252091	 94.246825	 94.241788	 94.236973	 94.232371	 94.227974	 94.223775	 94.219767	 94.215942	 94.212293	 94.208813	 94.205496	 94.202336	 94.199325	 94.196458	  94.19373	 94.191134	 94.188665	 94.186317	 94.184086	 94.181967	 94.179954	 94.178043	 94.176229	 94.174509	 94.172877	 94.171331	 94.169866	 94.168478	 94.167164	  94.16592	 94.164743	  94.16363	 94.162578	 94.161584	 94.160645	 94.159758	 94.158921	 94.158131	 94.157386	 94.156684	 94.156022	 94.155398	 94.154811	 94.154259	  94.15374	 94.153251	 94.152792	 94.152361	 94.151956	 94.151576	  94.15122	 94.150886	 94.150574	 94.150281	 94.150008	 94.149753	 94.149514	 94.149292	 94.149085	 94.148892	 94.148714	 94.148548	 94.148394	 94.148253	 94.148122	 94.148002	 94.147892	 94.147792	 94.147701	 94.147619	 94.147546	 94.147481	 94.147423	 94.147374	 94.147332	 94.147297	 94.147269	 94.147249	 94.147235	 94.147228	
        99	 98.906766	 98.813567	 98.720436	  98.62741	 98.534521	 98.441805	 98.349296	 98.257026	  98.16503	 98.073341	 97.981992	 97.891016	 97.800444	 97.710308	  97.62064	 97.531469	 97.442828	 97.354743	 97.267246	 97.180364	 97.094125	 97.008556	 96.923683	 96.839532	 96.756128	 96.673495	 96.591655	 96.510633	 96.430448	 96.351122	 96.272675	 96.195126	 96.118493	 96.042794	 95.968044	  95.89426	 95.821456	 95.749645	  95.67884	 95.609054	 95.540297	 95.472578	 95.405908	 95.340293	 95.275743	 95.212262	 95.149856	  95.08853	 95.028287	 94.969131	 94.911063	 94.854085	 94.798196	 94.743396	 94.689685	 94.637059	 94.585517	 94.535054	 94.485666	 94.437348	 94.390096	 94.343901	 94.298758	 94.254659	 94.211596	 94.169559	 94.128541	  94.08853	 94.049517	 94.011491	 93.974441	 93.938354	  93.90322	 93.869025	 93.835757	 93.803403	  93.77195	 93.741382	 93.711688	 93.682852	  93.65486	 93.627697	 93.601349	 93.575801	 93.551037	 93.527042	 93.503802	 93.481301	 93.459522	 93.438452	 93.418075	 93.398374	 93.379335	 93.360942	  93.34318	 93.326034	 93.309488	 93.293527	 93.278137	 93.263302	 93.249008	  93.23524	 93.221984	 93.209225	  93.19695	 93.185144	 93.173793	 93.162884	 93.152405	 93.142341	 93.132679	 93.123408	 93.114514	 93.105986	 93.097811	 93.089978	 93.082475	 93.075291	 93.068415	 93.061837	 93.055544	 93.049529	 93.043779	 93.038287	 93.033041	 93.028033	 93.023254	 93.018696	 93.014349	 93.010205	 93.006256	 93.002495	 92.998914	 92.995505	 92.992262	 92.989177	 92.986244	 92.983457	 92.980809	 92.978294	 92.975907	 92.973641	 92.971492	 92.969454	 92.967522	 92.965691	 92.963957	 92.962316	 92.960762	 92.959292	 92.957901	 92.956587	 92.955345	 92.954171	 92.953063	 92.952018	 92.951031	   92.9501	 92.949223	 92.948396	 92.947617	 92.946884	 92.946194	 92.945545	 92.944934	 92.944361	 92.943822	 92.943317	 92.942842	 92.942397	  92.94198	  92.94159	 92.941225	 92.940883	 92.940564	 92.940266	 92.939988	  92.93973	 92.939489	 92.939266	 92.939059	 92.938867	  92.93869	 92.938527	 92.938377	  92.93824	 92.938115	 92.938001	 92.937899	 92.937807	 92.937726	 92.937654	 92.937592	  92.93754	 92.937496	 92.937461	 92.937436	 92.937418	  92.93741	
        99	 98.888195	 98.776432	 98.664752	 98.553196	 98.441805	 98.330622	 98.219685	 98.109037	 97.998717	 97.888765	 97.779221	 97.670123	 97.561511	 97.453421	 97.345893	 97.238961	 97.132663	 97.027034	 96.922109	 96.817921	 96.714505	 96.611892	 96.510113	 96.409201	 96.309184	 96.210091	 96.111951	 96.014789	 95.918633	 95.823507	 95.729434	 95.636439	 95.544542	 95.453765	 95.364126	 95.275645	 95.188339	 95.102225	 95.017317	  94.93363	 94.851178	 94.769971	  94.69002	 94.611337	 94.533929	 94.457803	 94.382967	 94.309426	 94.237184	 94.166245	 94.096611	 94.028283	 93.961262	 93.895547	 93.831137	 93.768029	  93.70622	 93.645706	 93.586481	 93.528539	 93.471874	 93.416479	 93.362344	 93.309461	  93.25782	 93.207411	 93.158222	 93.110242	 93.063458	 93.017858	 92.973427	 92.930153	 92.888021	 92.847015	 92.807121	 92.768322	 92.730603	 92.693948	 92.658338	 92.623759	 92.590191	 92.557618	 92.526022	 92.495384	 92.465688	 92.436914	 92.409045	 92.382061	 92.355945	 92.330678	 92.306242	 92.282617	 92.259786	 92.237729	  92.21643	 92.195868	 92.176027	 92.156887	 92.138431	 92.120642	   92.1035	  92.08699	 92.071093	 92.055793	 92.041072	 92.026915	 92.013303	 92.000222	 91.987655	 91.975586	    91.964	 91.952882	 91.942217	  91.93199	 91.922187	 91.912794	 91.903797	 91.895182	 91.886936	 91.879047	 91.871501	 91.864287	 91.857393	 91.850806	 91.844516	  91.83851	  91.83278	 91.827313	   91.8221	 91.817131	 91.812396	 91.807885	 91.803591	 91.799503	 91.795614	 91.791915	 91.788398	 91.785055	  91.78188	 91.778864	 91.776001	 91.773284	 91.770707	 91.768263	 91.765946	 91.763751	 91.761672	 91.759703	  91.75784	 91.756077	 91.754409	 91.752833	 91.751344	 91.749936	 91.748608	 91.747354	  91.74617	 91.745054	 91.744002	 91.743011	 91.742077	 91.741197	  91.74037	 91.739591	  91.73886	 91.738172	 91.737526	 91.736919	  91.73635	 91.735817	 91.735317	 91.734849	 91.734411	 91.734001	 91.733619	 91.733261	 91.732928	 91.732618	  91.73233	 91.732062	 91.731814	 91.731584	 91.731371	 91.731176	 91.730996	 91.730832	 91.730682	 91.730546	 91.730423	 91.730313	 91.730215	 91.730129	 91.730055	 91.729992	  91.72994	 91.729898	 91.729867	 91.729847	 91.729836	
        99	 98.869666	  98.73938	 98.609191	 98.479147	 98.349296	 98.219685	 98.090364	 97.961378	 97.832774	   97.7046	 97.576901	 97.449723	  97.32311	 97.197107	 97.071757	 96.947104	 96.823189	 96.700054	 96.577739	 96.456285	 96.335729	  96.21611	 96.097464	 95.979827	 95.863234	 95.747719	 95.633314	  95.52005	 95.407957	 95.297066	 95.187403	 95.078995	 94.971868	 94.866046	 94.761552	 94.658407	 94.556632	 94.456246	 94.357266	  94.25971	 94.163592	 94.068927	 93.975727	 93.884003	 93.793766	 93.705024	 93.617785	 93.532056	 93.447841	 93.365145	 93.283971	 93.204319	 93.126191	 93.049585	   92.9745	 92.900934	 92.828881	 92.758337	 92.689297	 92.621753	 92.555697	 92.491121	 92.428014	 92.366367	 92.306167	 92.247404	 92.190063	 92.134131	 92.079593	 92.026436	 91.974642	 91.924196	 91.875081	 91.827279	 91.780773	 91.735545	 91.691575	 91.648844	 91.607333	 91.567023	 91.527892	 91.489921	 91.453088	 91.417373	 91.382755	 91.349213	 91.316725	 91.285269	 91.254825	  91.22537	 91.196884	 91.169344	 91.142729	 91.117017	 91.092187	 91.068218	 91.045088	 91.022776	 91.001262	 90.980524	 90.960542	 90.941295	 90.922764	 90.904928	 90.887768	 90.871264	 90.855396	 90.840147	 90.825497	 90.811428	 90.797923	 90.784962	 90.772529	 90.760608	  90.74918	  90.73823	 90.727741	 90.717699	 90.708086	  90.69889	 90.690094	 90.681684	 90.673647	 90.665969	 90.658636	 90.651635	 90.644955	 90.638582	 90.632505	 90.626712	 90.621192	 90.615935	 90.610928	 90.606163	 90.601629	 90.597317	 90.593217	 90.589321	 90.585619	 90.582104	 90.578766	 90.575599	 90.572595	 90.569746	 90.567045	 90.564486	 90.562062	 90.559767	 90.557595	  90.55554	 90.553596	 90.551759	 90.550022	 90.548382	 90.546833	 90.545371	 90.543991	  90.54269	 90.541464	 90.540308	  90.53922	 90.538194	  90.53723	 90.536322	 90.535469	 90.534668	 90.533914	 90.533208	 90.532544	 90.531922	  90.53134	 90.530794	 90.530283	 90.529806	  90.52936	 90.528943	 90.528555	 90.528194	 90.527857	 90.527545	 90.527255	 90.526988	  90.52674	 90.526512	 90.526303	 90.526111	 90.525936	 90.525777	 90.525634	 90.525506	 90.525392	 90.525292	 90.525205	 90.525132	 90.525071	 90.525022	 90.524986	 90.524962	 90.524951	
        99	 98.851184	 98.702424	 98.553774	  98.40529	 98.257026	 98.109037	 97.961378	 97.814102	 97.667262	 97.520913	 97.375106	 97.229894	 97.085328	 96.941457	 96.798333	 96.656004	 96.514518	 96.373923	 96.234264	 96.095587	 95.957937	 95.821356	 95.685886	 95.551568	 95.418443	 95.286547	 95.155919	 95.026594	 94.898608	 94.771992	 94.646779	 94.522999	 94.400681	 94.279854	 94.160542	 94.042771	 93.926565	 93.811944	 93.698929	 93.587539	 93.477792	 93.369703	 93.263287	 93.158557	 93.055524	 92.954199	  92.85459	 92.756704	 92.660548	 92.566126	 92.473441	 92.382495	 92.293288	 92.205819	 92.120088	 92.036089	 91.953819	 91.873273	 91.794443	 91.717321	 91.641898	 91.568165	  91.49611	 91.425721	 91.356986	 91.289889	 91.224417	 91.160554	 91.098283	 91.037588	  90.97845	 90.920851	 90.864771	 90.810191	 90.757091	 90.705449	 90.655244	 90.606454	 90.559057	 90.513031	 90.468351	 90.424995	  90.38294	 90.342161	 90.302634	 90.264335	  90.22724	 90.191324	 90.156563	 90.122932	 90.090406	 90.058961	 90.028572	 89.999214	 89.970863	 89.943495	 89.917086	  89.89161	 89.867045	 89.843367	 89.820551	 89.798575	 89.777416	 89.757051	 89.737458	 89.718613	 89.700496	 89.683084	 89.666357	 89.650293	 89.634872	 89.620074	 89.605878	 89.592266	 89.579218	 89.566715	 89.554739	 89.543273	 89.532297	 89.521797	 89.511753	 89.502151	 89.492974	 89.484207	 89.475835	 89.467841	 89.460214	 89.452937	 89.445999	 89.439384	 89.433082	 89.427079	 89.421362	 89.415922	 89.410745	 89.405821	  89.40114	 89.396691	 89.392464	  89.38845	  89.38464	 89.381023	 89.377593	  89.37434	 89.371256	 89.368334	 89.365567	 89.362946	 89.360466	  89.35812	   89.3559	 89.353802	  89.35182	 89.349947	 89.348178	 89.346509	 89.344934	 89.343448	 89.342048	 89.340728	 89.339485	 89.338315	 89.337214	 89.336177	 89.335203	 89.334288	 89.333428	 89.332621	 89.331864	 89.331153	 89.330488	 89.329865	 89.329282	 89.328737	 89.328227	 89.327752	 89.327309	 89.326896	 89.326512	 89.326155	 89.325825	 89.325519	 89.325236	 89.324976	 89.324737	 89.324518	 89.324318	 89.324137	 89.323974	 89.323827	 89.323697	 89.323583	 89.323484	   89.3234	  89.32333	 89.323275	 89.323234	 89.323207	 89.323193	
        99	 98.832758	 98.665578	 98.498522	 98.331652	  98.16503	 97.998717	 97.832774	 97.667262	 97.502241	 97.337771	  97.17391	 97.010718	 96.848251	 96.686566	  96.52572	 96.365768	 96.206763	 96.048759	 95.891808	  95.73596	 95.581265	 95.427773	 95.275529	  95.12458	  94.97497	 94.826744	 94.679941	 94.534603	 94.390769	 94.248475	 94.107758	 93.968652	 93.831189	   93.6954	 93.561315	 93.428962	 93.298367	 93.169553	 93.042545	 92.917363	 92.794027	 92.672554	 92.552962	 92.435264	 92.319473	 92.205602	 92.093659	 91.983653	 91.875591	 91.769477	 91.665315	 91.563108	 91.462855	 91.364557	  91.26821	  91.17381	 91.081354	 90.990834	 90.902243	 90.815572	  90.73081	 90.647947	 90.566971	 90.487866	  90.41062	 90.335215	 90.261636	 90.189866	 90.119885	 90.051674	 89.985213	 89.920482	 89.857459	 89.796121	 89.736445	 89.678409	 89.621988	 89.567157	 89.513891	 89.462165	 89.411953	 89.363229	 89.315966	 89.270138	 89.225717	 89.182676	 89.140988	 89.100625	  89.06156	 89.023764	 88.987211	 88.951872	  88.91772	 88.884727	 88.852866	 88.822109	  88.79243	   88.7638	 88.736193	 88.709583	 88.683942	 88.659245	 88.635466	  88.61258	  88.59056	 88.569382	 88.549022	 88.529454	 88.510656	 88.492603	 88.475272	 88.458642	 88.442688	 88.427391	 88.412727	 88.398676	 88.385217	 88.372331	 88.359997	 88.348196	 88.336909	 88.326118	 88.315805	 88.305952	 88.296542	  88.28756	 88.278987	  88.27081	 88.263012	 88.255579	 88.248496	 88.241749	 88.235325	 88.229211	 88.223393	  88.21786	 88.212599	 88.207599	 88.202849	 88.198338	 88.194056	 88.189992	 88.186136	 88.182481	 88.179015	 88.175732	 88.172621	 88.169676	 88.166889	 88.164252	 88.161758	   88.1594	 88.157172	 88.155067	  88.15308	 88.151204	 88.149434	 88.147764	  88.14619	 88.144707	  88.14331	 88.141995	 88.140757	 88.139593	 88.138498	 88.137469	 88.136503	 88.135596	 88.134745	 88.133947	 88.133199	 88.132499	 88.131843	 88.131231	 88.130658	 88.130124	 88.129626	 88.129162	 88.128731	  88.12833	 88.127958	 88.127614	 88.127297	 88.127004	 88.126736	  88.12649	 88.126265	 88.126062	 88.125878	 88.125713	 88.125567	 88.125439	 88.125327	 88.125233	 88.125155	 88.125093	 88.125047	 88.125016	 88.125001	
        99	 98.814393	 98.628855	 98.443454	  98.25826	 98.073341	 97.888765	   97.7046	 97.520913	 97.337771	  97.15524	 96.973386	 96.792273	 96.611965	 96.432526	 96.254017	   96.0765	 95.900035	  95.72468	 95.550494	 95.377532	 95.205851	 95.035503	 94.866541	 94.699016	 94.532978	 94.368474	 94.205551	 94.044254	 93.884625	 93.726706	 93.570536	 93.416155	 93.263597	 93.112897	 92.964088	 92.817201	 92.672265	 92.529306	 92.388351	 92.249423	 92.112543	 91.977731	 91.845006	 91.714384	 91.585878	 91.459502	 91.335267	 91.213181	 91.093252	 90.975486	 90.859887	 90.746456	 90.635194	 90.526101	 90.419174	 90.314409	   90.2118	  90.11134	  90.01302	 89.916832	 89.822763	 89.730801	 89.640931	  89.55314	 89.467411	 89.383727	 89.302068	 89.222416	 89.144751	  89.06905	 88.995291	 88.923452	 88.853507	 88.785434	 88.719205	 88.654796	 88.592179	 88.531327	 88.472212	 88.414806	 88.359081	 88.305006	 88.252553	 88.201692	 88.152393	 88.104626	  88.05836	 88.013565	  87.97021	 87.928264	 87.887697	 87.848477	 87.810575	 87.773959	   87.7386	 87.704465	 87.671527	 87.639753	 87.609114	 87.579582	 87.551126	 87.523717	 87.497327	 87.471927	 87.447489	 87.423986	  87.40139	 87.379673	 87.358811	 87.338775	 87.319542	 87.301085	  87.28338	 87.266402	 87.250128	 87.234534	 87.219598	 87.205296	 87.191608	 87.178511	 87.165984	 87.154008	 87.142563	 87.131628	 87.121185	 87.111216	 87.101703	 87.092627	 87.083973	 87.075724	 87.067863	 87.060376	 87.053246	  87.04646	 87.040004	 87.033863	 87.028024	 87.022476	 87.017204	 87.012197	 87.007445	 87.002934	 86.998656	 86.994598	 86.990752	 86.987108	 86.983656	 86.980388	 86.977295	 86.974368	   86.9716	 86.968984	 86.966511	 86.964175	 86.961969	 86.959887	 86.957922	  86.95607	 86.954323	 86.952677	 86.951127	 86.949667	 86.948293	 86.947001	 86.945786	 86.944644	 86.943572	 86.942565	 86.941621	 86.940735	 86.939905	 86.939128	 86.938401	 86.937721	 86.937085	 86.936492	  86.93594	 86.935425	 86.934946	 86.934501	 86.934089	 86.933707	 86.933355	  86.93303	 86.932732	 86.932459	  86.93221	 86.931984	  86.93178	 86.931597	 86.931435	 86.931293	 86.931169	 86.931064	 86.930978	 86.930909	 86.930858	 86.930823	 86.930806	
        99	 98.796096	 98.592268	 98.388591	 98.185141	 97.981992	 97.779221	 97.576901	 97.375106	  97.17391	 96.973386	 96.773604	 96.574638	 96.376555	 96.179427	 95.983322	 95.788305	 95.594444	 95.401803	 95.210446	 95.020434	 94.831828	 94.644687	 94.459069	  94.27503	 94.092624	 93.911904	  93.73292	 93.555722	 93.380357	  93.20687	 93.035306	 92.865706	 92.698109	 92.532553	 92.369075	 92.207708	 92.048484	 91.891433	 91.736582	 91.583958	 91.433585	 91.285484	 91.139675	 90.996176	 90.855002	 90.716169	 90.579686	 90.445566	 90.313814	 90.184439	 90.057444	 89.932831	 89.810601	 89.690754	 89.573286	 89.458193	 89.345469	 89.235106	 89.127094	 89.021423	 88.918081	 88.817053	 88.718325	  88.62188	   88.5277	 88.435766	 88.346057	 88.258553	 88.173231	 88.090068	 88.009038	 87.930117	 87.853278	 87.778494	 87.705736	 87.634978	 87.566188	 87.499337	 87.434395	  87.37133	 87.310111	 87.250706	 87.193082	 87.137208	 87.083049	 87.030573	 86.979746	 86.930535	 86.882906	 86.836825	 86.792259	 86.749173	 86.707534	 86.667309	 86.628464	 86.590965	 86.554778	 86.519873	 86.486214	  86.45377	 86.422509	 86.392398	 86.363407	 86.335503	 86.308656	 86.282836	 86.258012	 86.234155	 86.211235	 86.189225	 86.168096	 86.147819	 86.128369	 86.109718	 86.091839	 86.074708	 86.058299	 86.042588	  86.02755	 86.013162	 85.999401	 85.986244	  85.97367	 85.961658	 85.950185	 85.939234	 85.928782	 85.918812	 85.909305	 85.900242	 85.891607	 85.883381	 85.875549	 85.868094	 85.861001	 85.854255	 85.847841	 85.841745	 85.835953	 85.830453	 85.825232	 85.820277	 85.815577	  85.81112	 85.806895	 85.802891	 85.799099	 85.795509	  85.79211	 85.788895	 85.785854	  85.78298	 85.780263	 85.777697	 85.775274	 85.772986	 85.770828	 85.768793	 85.766874	 85.765066	 85.763363	 85.761759	  85.76025	  85.75883	 85.757495	 85.756241	 85.755063	 85.753957	 85.752919	 85.751946	 85.751035	 85.750181	 85.749382	 85.748635	 85.747937	 85.747286	 85.746678	 85.746113	 85.745587	 85.745098	 85.744645	 85.744226	 85.743839	 85.743482	 85.743154	 85.742854	 85.742581	 85.742333	 85.742109	 85.741908	  85.74173	 85.741573	 85.741438	 85.741323	 85.741227	 85.741152	 85.741095	 85.741058	 85.741039	
        99	 98.777874	  98.55583	 98.333951	 98.112319	 97.891016	 97.670123	 97.449723	 97.229894	 97.010718	 96.792273	 96.574638	  96.35789	 96.142105	 95.927361	 95.713729	 95.501285	 95.290099	 95.080242	 94.871784	 94.664791	  94.45933	 94.255465	 94.053259	 93.852773	 93.654065	 93.457195	 93.262215	 93.069182	 92.878145	 92.689154	 92.502258	 92.317501	 92.134926	 91.954575	 91.776487	 91.600699	 91.427246	  91.25616	 91.087471	 90.921207	 90.757395	 90.596059	 90.437219	 90.280896	 90.127106	 89.975865	 89.827186	 89.681079	 89.537554	 89.396616	 89.258272	 89.122523	  88.98937	 88.858812	 88.730847	 88.605468	  88.48267	 88.362444	  88.24478	 88.129666	 88.017088	 87.907031	  87.79948	 87.694416	 87.591819	 87.491669	 87.393944	  87.29862	 87.205673	 87.115077	 87.026806	 86.940832	 86.857126	 86.775658	 86.696399	 86.619317	  86.54438	 86.471554	 86.400808	 86.332108	 86.265418	 86.200704	 86.137931	 86.077062	 86.018064	 85.960898	 85.905529	  85.85192	 85.800034	 85.749835	 85.701286	  85.65435	 85.608991	 85.565171	 85.522854	 85.482003	 85.442583	 85.404558	 85.367891	 85.332548	 85.298493	 85.265692	 85.234109	 85.203712	 85.174465	 85.146338	 85.119295	 85.093306	 85.068339	 85.044361	 85.021344	 84.999255	 84.978067	 84.957748	 84.938272	  84.91961	 84.901735	 84.884619	 84.868238	 84.852564	 84.837573	 84.823241	 84.809543	 84.796457	 84.783959	 84.772029	 84.760643	 84.749782	 84.739426	 84.729553	 84.720146	 84.711185	 84.702653	 84.694532	 84.686805	 84.679456	 84.672468	 84.665828	 84.659519	 84.653527	 84.647839	 84.642442	 84.637321	 84.632466	 84.627863	 84.623502	 84.619371	 84.615459	 84.611757	 84.608255	 84.604942	 84.601811	 84.598852	 84.596056	 84.593416	 84.590924	 84.588573	 84.586356	 84.584266	 84.582296	 84.580441	 84.578694	  84.57705	 84.575503	 84.574049	 84.572683	 84.571399	 84.570195	 84.569064	 84.568004	 84.567011	 84.566081	 84.565211	 84.564397	 84.563637	 84.562927	 84.562265	 84.561649	 84.561076	 84.560544	 84.560051	 84.559594	 84.559172	 84.558784	 84.558427	   84.5581	 84.557802	 84.557531	 84.557287	 84.557069	 84.556875	 84.556704	 84.556556	 84.556431	 84.556327	 84.556245	 84.556184	 84.556143	 84.556122	
        99	 98.759732	 98.519554	 98.279554	 98.039821	 97.800444	 97.561511	  97.32311	 97.085328	 96.848251	 96.611965	 96.376555	 96.142105	 95.908698	 95.676415	 95.445336	 95.215541	 94.987107	 94.760111	 94.534628	 94.310729	 94.088488	 93.867973	 93.649253	 93.432393	 93.217457	 93.004507	 92.793604	 92.584805	 92.378166	  92.17374	  91.97158	 91.771733	 91.574248	 91.379167	 91.186535	  90.99639	  90.80877	 90.623711	 90.441245	 90.261403	 90.084212	 89.909699	 89.737887	 89.568797	 89.402447	 89.238854	 89.078032	 88.919992	 88.764745	 88.612297	 88.462654	 88.315818	 88.171791	  88.03057	 87.892153	 87.756535	 87.623708	 87.493663	 87.366389	 87.241873	 87.120101	 87.001056	 86.884721	 86.771076	   86.6601	  86.55177	 86.446064	 86.342955	 86.242417	 86.144422	 86.048942	 85.955946	 85.865404	 85.777283	  85.69155	 85.608172	 85.527115	 85.448342	 85.371818	 85.297506	  85.22537	 85.155371	 85.087471	 85.021631	 84.957814	  84.89598	 84.836089	 84.778101	 84.721978	 84.667679	 84.615165	 84.564396	 84.515332	 84.467933	  84.42216	 84.377973	 84.335334	 84.294203	 84.254542	 84.216312	 84.179476	 84.143995	 84.109833	 84.076953	 84.045318	 84.014893	 83.985642	 83.957531	 83.930524	 83.904589	 83.879691	 83.855799	 83.832879	 83.810902	 83.789835	 83.769649	 83.750314	   83.7318	  83.71408	 83.697127	 83.680911	 83.665409	 83.650592	 83.636437	 83.622919	 83.610014	 83.597699	 83.585951	 83.574748	 83.564069	 83.553894	 83.544201	 83.534972	 83.526188	  83.51783	 83.509881	 83.502323	  83.49514	 83.488316	 83.481835	 83.475682	 83.469844	 83.464305	 83.459053	 83.454074	 83.449357	 83.444888	 83.440658	 83.436653	 83.432865	 83.429282	 83.425894	 83.422693	 83.419669	 83.416814	 83.414119	 83.411576	 83.409178	 83.406917	 83.404786	 83.402779	 83.400889	 83.399111	 83.397438	 83.395865	 83.394387	 83.392999	 83.391696	 83.390473	 83.389327	 83.388252	 83.387246	 83.386305	 83.385425	 83.384602	 83.383835	 83.383119	 83.382453	 83.381833	 83.381257	 83.380724	  83.38023	 83.379773	 83.379353	 83.378967	 83.378613	 83.378291	 83.377999	 83.377735	 83.377498	 83.377288	 83.377104	 83.376944	 83.376808	 83.376696	 83.376607	 83.376541	 83.376496	 83.376474	
        99	 98.741678	 98.483453	 98.225419	 97.967672	 97.710308	 97.453421	 97.197107	 96.941457	 96.686566	 96.432526	 96.179427	 95.927361	 95.676415	 95.426677	 95.178235	 94.931173	 94.685575	 94.441522	 94.199095	 93.958373	 93.719432	 93.482348	 93.247193	 93.014037	 92.782951	    92.554	  92.32725	 92.102761	 91.880595	 91.660809	 91.443458	 91.228594	  91.01627	 90.806531	 90.599424	 90.394991	 90.193274	 89.994309	 89.798132	 89.604777	 89.414272	 89.226646	 89.041923	 88.860127	 88.681278	 88.505392	 88.332486	 88.162571	 87.995658	 87.831756	 87.670868	 87.512999	 87.358149	 87.206317	 87.057499	 86.911691	 86.768883	 86.629066	 86.492228	 86.358356	 86.227434	 86.099444	 85.974368	 85.852183	 85.732868	 85.616399	 85.502749	 85.391893	   85.2838	 85.178442	 85.075787	 84.975803	 84.878458	 84.783715	 84.691541	 84.601898	  84.51475	 84.430058	 84.347784	 84.267888	 84.190331	 84.115072	  84.04207	 83.971284	 83.902671	  83.83619	 83.771799	 83.709454	 83.649114	 83.590735	 83.534275	 83.479691	  83.42694	  83.37598	 83.326767	  83.27926	 83.233417	 83.189195	 83.146554	 83.105452	 83.065847	 83.027701	 82.990972	 82.955621	  82.92161	 82.888898	  82.85745	 82.827226	  82.79819	 82.770305	 82.743537	 82.717849	 82.693208	 82.669579	 82.646929	 82.625226	 82.604438	 82.584533	 82.565482	 82.547254	 82.529821	 82.513153	 82.497223	 82.482005	 82.467471	 82.453596	 82.440356	 82.427725	  82.41568	 82.404199	 82.393259	 82.382838	 82.372916	 82.363471	 82.354485	 82.345938	 82.337813	  82.33009	 82.322753	 82.315785	  82.30917	 82.302893	 82.296938	 82.291292	 82.285939	 82.280867	 82.276063	 82.271514	 82.267209	 82.263136	 82.259283	 82.255642	   82.2522	 82.248949	 82.245879	 82.242981	 82.240247	 82.237669	 82.235238	 82.232947	 82.230789	 82.228758	 82.226846	 82.225047	 82.223356	 82.221767	 82.220275	 82.218873	 82.217559	 82.216326	 82.215171	 82.214089	 82.213077	 82.212131	 82.211247	 82.210422	 82.209652	 82.208936	 82.208269	  82.20765	 82.207077	 82.206545	 82.206055	 82.205603	 82.205188	 82.204808	 82.204461	 82.204147	 82.203863	 82.203609	 82.203383	 82.203185	 82.203013	 82.202867	 82.202747	 82.202651	 82.202579	 82.202532	 82.202508	
        99	 98.723718	 98.447539	 98.171564	 97.895897	  97.62064	 97.345893	 97.071757	 96.798333	  96.52572	 96.254017	 95.983322	 95.713729	 95.445336	 95.178235	 94.912519	  94.64828	 94.385606	 94.124585	 93.865303	 93.607844	 93.352291	 93.098723	 92.847218	 92.597852	 92.350699	  92.10583	 91.863314	 91.623217	 91.385605	 91.150537	 90.918074	 90.688272	 90.461185	 90.236864	 90.015357	 89.796711	 89.580969	 89.368171	 89.158355	 88.951555	 88.747805	 88.547134	 88.349569	 88.155133	 87.963849	 87.775734	 87.590806	 87.409078	  87.23056	 87.055262	 86.883188	 86.714343	 86.548726	 86.386338	 86.227174	 86.071227	  85.91849	 85.768953	 85.622601	 85.479421	 85.339397	 85.202508	 85.068735	 84.938055	 84.810445	 84.685878	 84.564327	 84.445762	 84.330154	 84.217471	 84.107679	 84.000744	  83.89663	   83.7953	 83.696717	 83.600842	 83.507634	 83.417054	  83.32906	  83.24361	  83.16066	 83.080169	 83.002091	 82.926383	    82.853	 82.781897	 82.713029	  82.64635	 82.581814	 82.519376	 82.458991	 82.400612	 82.344193	 82.289689	 82.237055	 82.186245	 82.137215	 82.089918	 82.044312	 82.000352	 81.957994	 81.917196	 81.877913	 81.840105	 81.803728	 81.768743	 81.735107	 81.702782	 81.671727	 81.641904	 81.613275	 81.585801	 81.559446	 81.534174	  81.50995	 81.486738	 81.464505	 81.443216	  81.42284	 81.403345	 81.384699	 81.366873	 81.349836	 81.333559	 81.318015	 81.303175	 81.289014	 81.275505	 81.262623	 81.250344	 81.238643	 81.227497	 81.216885	 81.206784	 81.197173	 81.188032	 81.179342	 81.171082	 81.163235	 81.155783	 81.148708	 81.141994	 81.135625	 81.129586	 81.123861	 81.118437	 81.113299	 81.108434	 81.103829	 81.099473	 81.095353	 81.091458	 81.087777	 81.084299	 81.081016	 81.077917	 81.074993	 81.072235	 81.069635	 81.067185	 81.064877	 81.062704	 81.060659	 81.058736	 81.056927	 81.055228	 81.053632	 81.052133	 81.050727	 81.049409	 81.048173	 81.047016	 81.045934	 81.044922	 81.043976	 81.043094	 81.042271	 81.041504	 81.040792	  81.04013	 81.039516	 81.038948	 81.038423	  81.03794	 81.037496	 81.037089	 81.036719	 81.036382	 81.036079	 81.035807	 81.035565	 81.035353	  81.03517	 81.035014	 81.034885	 81.034782	 81.034706	 81.034655	  81.03463	
        99	 98.705858	 98.411824	 98.118009	 97.824522	 97.531469	 97.238961	 96.947104	 96.656004	 96.365768	   96.0765	 95.788305	 95.501285	 95.215541	 94.931173	  94.64828	 94.366958	 94.087303	 93.809408	 93.533365	 93.259263	 92.987189	 92.717228	 92.449464	 92.183978	 91.920848	 91.660149	 91.401955	 91.146337	 90.893364	   90.6431	  90.39561	 90.150952	 89.909184	 89.670362	 89.434536	 89.201755	 88.972066	 88.745511	 88.522131	 88.301963	 88.085041	 87.871398	  87.66106	 87.454055	 87.250405	  87.05013	 86.853247	  86.65977	 86.469712	 86.283081	 86.099884	 85.920123	 85.743801	 85.570914	 85.401461	 85.235433	 85.072822	 84.913617	 84.757805	 84.605369	 84.456292	 84.310554	 84.168134	 84.029006	 83.893146	 83.760526	 83.631117	 83.504888	 83.381807	 83.261839	 83.144949	 83.031101	 82.920256	 82.812376	  82.70742	 82.605347	 82.506114	 82.409678	 82.315995	 82.225021	 82.136709	 82.051014	 81.967889	 81.887287	  81.80916	  81.73346	  81.66014	  81.58915	 81.520443	 81.453969	  81.38968	 81.327526	  81.26746	 81.209433	 81.153397	 81.099302	 81.047102	 80.996748	 80.948194	 80.901392	 80.856296	  80.81286	 80.771038	 80.730785	 80.692057	  80.65481	    80.619	 80.584585	 80.551523	 80.519772	 80.489291	 80.460041	 80.431983	 80.405078	 80.379287	 80.354575	 80.330904	 80.308239	 80.286546	 80.265791	  80.24594	 80.226961	 80.208822	 80.191493	 80.174944	 80.159145	 80.144069	 80.129686	 80.115972	 80.102898	 80.090441	 80.078575	 80.067277	 80.056523	 80.046291	 80.036559	 80.027306	 80.018513	 80.010158	 80.002224	 79.994692	 79.987544	 79.980764	 79.974334	 79.968239	 79.962464	 79.956994	 79.951814	 79.946912	 79.942274	 79.937888	 79.933741	 79.929822	  79.92612	 79.922624	 79.919325	 79.916212	 79.913275	 79.910507	 79.907899	 79.905442	 79.903129	 79.900952	 79.898904	 79.896978	 79.895169	 79.893469	 79.891874	 79.890377	 79.888974	 79.887658	 79.886427	 79.885274	 79.884197	  79.88319	  79.88225	 79.881374	 79.880558	 79.879799	 79.879095	 79.878441	 79.877836	 79.877278	 79.876763	 79.876291	 79.875858	 79.875463	 79.875105	 79.874782	 79.874493	 79.874235	  79.87401	 79.873814	 79.873648	 79.873511	 79.873402	  79.87332	 79.873266	 79.873239	
        99	 98.688103	 98.376321	 98.064772	 97.753569	 97.442828	 97.132663	 96.823189	 96.514518	 96.206763	 95.900035	 95.594444	 95.290099	 94.987107	 94.685575	 94.385606	 94.087303	 93.790768	 93.496099	 93.203394	 92.912746	 92.624249	 92.337994	 92.054068	 91.772556	 91.493543	 91.217108	  90.94333	 90.672283	 90.404039	  90.13867	  89.87624	 89.616815	 89.360454	 89.107216	 88.857155	 88.610323	  88.36677	  88.12654	 87.889677	 87.656219	 87.426204	 87.199664	 86.976631	 86.757131	 86.541188	 86.328824	 86.120057	 85.914902	 85.713372	 85.515476	  85.32122	 85.130609	 84.943643	 84.760322	  84.58064	  84.40459	 84.232164	  84.06335	 83.898132	 83.736495	  83.57842	 83.423885	 83.272868	 83.125342	 82.981282	 82.840657	 82.703436	 82.569588	 82.439077	 82.311868	 82.187923	 82.067203	 81.949668	 81.835276	 81.723984	  81.61575	 81.510527	  81.40827	 81.308933	 81.212467	 81.118825	 81.027957	 80.939814	 80.854347	 80.771504	 80.691235	 80.613489	 80.538215	  80.46536	 80.394873	 80.326704	 80.260799	 80.197107	 80.135577	 80.076158	 80.018799	 79.963447	 79.910054	 79.858569	 79.808942	 79.761124	 79.715066	  79.67072	 79.628037	 79.586972	 79.547476	 79.509505	 79.473013	 79.437955	 79.404287	 79.371967	 79.340952	   79.3112	  79.28267	 79.255323	 79.229119	 79.204019	 79.179986	 79.156984	 79.134976	 79.113926	 79.093802	 79.074568	 79.056193	 79.038645	 79.021893	 79.005906	 78.990656	 78.976113	 78.962251	 78.949042	  78.93646	 78.924479	 78.913076	 78.902226	 78.891907	 78.882096	 78.872772	 78.863913	   78.8555	 78.847513	 78.839934	 78.832744	 78.825926	 78.819464	  78.81334	 78.807539	 78.802047	 78.796849	 78.791931	  78.78728	 78.782883	 78.778727	 78.774802	 78.771095	 78.767597	 78.764296	 78.761182	 78.758247	 78.755481	 78.752876	 78.750423	 78.748115	 78.745943	 78.743901	 78.741983	 78.740181	 78.738489	 78.736902	 78.735413	 78.734019	 78.732713	 78.731491	 78.730348	 78.729281	 78.728284	 78.727355	  78.72649	 78.725686	 78.724938	 78.724245	 78.723604	 78.723012	 78.722466	 78.721965	 78.721506	 78.721088	 78.720708	 78.720365	 78.720058	 78.719786	 78.719546	 78.719339	 78.719163	 78.719017	 78.718902	 78.718815	 78.718758	 78.718729	
