Time step 61:
        99	        99	        99	        99	        99	        99	        99	        99	        99	        99	        99	        99	        99	        99	        99	        99	        99	        99	        99	        99	        99	        99	        99	        99	        99	        99	        99	        99	        99	        99	        99	        99	        99	        99	        99	        99	        99	        99	        99	        99	        99	        99	        99	        99	        99	        99	        99	        99	        99	        99	        99	        99	        99	        99	        99	        99	        99	        99	        99	        99	        99	        99	        99	        99	        99	        99	        99	        99	        99	        99	        99	        99	        99	        99	        99	        99	        99	        99	        99	        99	        99	        99	        99	        99	        99	        99	        99	        99	        99	        99	        99	        99	        99	        99	        99	        99	        99	        99	        99	        99	        99	        99	        99	        99	        99	        99	        99	        99	        99	        99	        99	        99	        99	        99	        99	        99	        99	        99	        99	        99	        99	        99	        99	        99	        99	        99	        99	        99	        99	        99	        99	        99	        99	        99	        99	        99	        99	        99	        99	        99	        99	        99	        99	        99	        99	        99	        99	        99	        99	        99	        99	        99	        99	        99	        99	        99	        99	        99	        99	        99	        99	        99	        99	        99	        99	        99	        99	        99	        99	        99	        99	        99	        99	        99	        99	        99	        99	        99	        99	        99	        99	        99	        99	        99	        99	        99	        99	        99	        99	        99	        99	        99	        99	        99	        99	        99	        99	        99	        99	        99	
        99	 98.989591	 98.979184	 98.968781	 98.958385	 98.947997	  98.93762	 98.927256	 98.916907	 98.906575	 98.896262	 98.885971	 98.875703	 98.865461	 98.855246	  98.84506	 98.834906	 98.824786	 98.814702	 98.804654	 98.794647	  98.78468	 98.774757	 98.764879	 98.755048	 98.745265	 98.735533	 98.725853	 98.716228	 98.706658	 98.697145	 98.687691	 98.678297	 98.668966	 98.659698	 98.650495	 98.641358	 98.632289	  98.62329	 98.614361	 98.605504	 98.596719	 98.588009	 98.579375	 98.570817	 98.562336	 98.553934	 98.545612	 98.537371	  98.52921	 98.521133	 98.513138	 98.505227	 98.497401	 98.489661	 98.482006	 98.474438	 98.466957	 98.459564	  98.45226	 98.445044	 98.437917	 98.430879	 98.423931	 98.417073	 98.410306	 98.403629	 98.397042	 98.390547	 98.384142	 98.377828	 98.371604	 98.365472	  98.35943	 98.353479	 98.347618	 98.341848	 98.336167	 98.330577	 98.325076	 98.319664	 98.314342	 98.309107	 98.303961	 98.298903	 98.293932	 98.289047	 98.284249	 98.279536	 98.274909	 98.270366	 98.265906	  98.26153	 98.257237	 98.253026	 98.248896	 98.244846	 98.240876	 98.236985	 98.233172	 98.229437	 98.225778	 98.222195	 98.218687	 98.215253	 98.211892	 98.208604	 98.205387	  98.20224	 98.199164	 98.196156	 98.193216	 98.190343	 98.187536	 98.184794	 98.182116	 98.179501	 98.176949	 98.174458	 98.172027	 98.169655	 98.167343	 98.165087	 98.162888	 98.160745	 98.158656	 98.156621	 98.154639	 98.152708	 98.150829	 98.148999	 98.147219	 98.145487	 98.143801	 98.142163	 98.140569	  98.13902	 98.137515	 98.136053	 98.134632	 98.133253	 98.131913	 98.130613	 98.129352	 98.128128	 98.126942	 98.125791	 98.124676	 98.123596	 98.122549	 98.121535	 98.120554	 98.119605	 98.118686	 98.117798	 98.116939	 98.116109	 98.115307	 98.114533	 98.113786	 98.113065	  98.11237	 98.111701	 98.111055	 98.110434	 98.109837	 98.109262	  98.10871	  98.10818	 98.107671	 98.107184	 98.106717	  98.10627	 98.105842	 98.105434	 98.105045	 98.104675	 98.104323	 98.103988	 98.103671	 98.103371	 98.103088	 98.102822	 98.102572	 98.102338	  98.10212	 98.101917	  98.10173	 98.101557	   98.1014	 98.101258	  98.10113	 98.101017	 98.100918	 98.100834	 98.100764	 98.100708	 98.100666	 98.100638	 98.100624	
        99	 98.979184	 98.958372	 98.937569	 98.916778	 98.896005	 98.875253	 98.854527	 98.833831	  98.81317	 98.792546	 98.771966	 98.751432	 98.730949	 98.710521	 98.690153	 98.669847	 98.649609	 98.629441	 98.609349	 98.589336	 98.569405	 98.549561	 98.529806	 98.510146	 98.490583	 98.471121	 98.451764	 98.432514	 98.413376	 98.394352	 98.375446	 98.356661	    98.338	 98.319466	 98.301062	  98.28279	 98.264655	 98.246658	 98.228801	 98.211089	 98.193522	 98.176104	 98.158837	 98.141722	 98.124763	 98.107961	 98.091318	 98.074837	 98.058518	 98.042364	 98.026377	 98.010557	 97.994906	 97.979427	 97.964119	 97.948985	 97.934025	 97.919241	 97.904633	 97.890202	  97.87595	 97.861876	 97.847982	 97.834268	 97.820734	 97.807381	  97.79421	 97.781219	 97.768411	 97.755784	 97.743339	 97.731075	 97.718993	 97.707091	 97.695371	 97.683832	 97.672472	 97.661293	 97.650292	  97.63947	 97.628825	 97.618358	 97.608067	 97.597951	 97.588009	 97.578241	 97.568646	 97.559221	 97.549967	 97.540882	 97.531965	 97.523214	 97.514628	 97.506206	 97.497947	 97.489848	 97.481909	 97.474128	 97.466503	 97.459033	 97.451716	 97.444551	 97.437535	 97.430668	 97.423947	 97.417371	 97.410938	 97.404646	 97.398493	 97.392478	 97.386599	 97.380853	  97.37524	 97.369756	 97.364401	 97.359172	 97.354068	 97.349086	 97.344225	 97.339483	 97.334857	 97.330347	 97.325949	 97.321663	 97.317486	 97.313417	 97.309453	 97.305592	 97.301834	 97.298175	 97.294614	  97.29115	  97.28778	 97.284503	 97.281316	 97.278219	 97.275209	 97.272284	 97.269443	 97.266684	 97.264006	 97.261407	 97.258884	 97.256437	 97.254064	 97.251764	 97.249534	 97.247373	  97.24528	 97.243253	  97.24129	 97.239392	 97.237554	 97.235778	  97.23406	 97.232401	 97.230798	  97.22925	 97.227756	 97.226314	 97.224925	 97.223585	 97.222295	 97.221053	 97.219858	 97.218709	 97.217605	 97.216544	 97.215527	 97.214552	 97.213618	 97.212724	  97.21187	 97.211054	 97.210276	 97.209535	 97.208831	 97.208162	 97.207528	 97.206928	 97.206362	  97.20583	  97.20533	 97.204861	 97.204425	  97.20402	 97.203645	 97.203301	 97.202987	 97.202702	 97.202447	  97.20222	 97.202023	 97.201854	 97.201714	 97.201602	 97.201518	 97.201462	 97.201434	
        99	 98.968781	 98.937569	 98.906369	 98.875189	 98.844034	 98.812912	 98.781829	  98.75079	 98.719803	 98.688873	 98.658008	 98.627212	 98.596493	 98.565857	 98.535309	 98.504856	 98.474504	 98.444258	 98.414125	  98.38411	 98.354219	 98.324457	 98.294831	 98.265346	 98.236006	 98.206819	 98.177787	 98.148918	 98.120215	 98.091685	  98.06333	 98.035158	 98.007171	 97.979374	 97.951773	 97.924371	 97.897172	 97.870181	 97.843401	 97.816837	 97.790492	 97.764369	 97.738472	 97.712805	 97.687371	 97.662172	 97.637213	 97.612494	 97.588021	 97.563794	 97.539817	 97.516091	  97.49262	 97.469404	 97.446447	 97.423749	 97.401313	 97.379141	 97.357232	  97.33559	 97.314215	 97.293108	 97.272271	 97.251703	 97.231406	  97.21138	 97.191626	 97.172144	 97.152935	 97.133998	 97.115333	  97.09694	  97.07882	 97.060972	 97.043394	 97.026088	 97.009052	 96.992285	 96.975787	 96.959556	 96.943593	 96.927894	  96.91246	 96.897289	 96.882379	  96.86773	 96.853339	 96.839205	 96.825326	   96.8117	 96.798327	 96.785203	 96.772326	 96.759696	 96.747308	 96.735163	 96.723256	 96.711586	 96.700151	 96.688948	 96.677974	 96.667228	 96.656707	 96.646408	 96.636329	 96.626466	 96.616818	 96.607382	 96.598154	 96.589133	 96.580316	 96.571699	  96.56328	 96.555056	 96.547025	 96.539183	 96.531528	 96.524056	 96.516766	 96.509654	 96.502717	 96.495952	 96.489357	 96.482929	 96.476665	 96.470561	 96.464616	 96.458827	  96.45319	 96.447703	 96.442363	 96.437167	 96.432113	 96.427198	 96.422419	 96.417773	 96.413259	 96.408873	 96.404612	 96.400475	 96.396458	  96.39256	 96.388777	 96.385107	 96.381548	 96.378098	 96.374753	 96.371513	 96.368373	 96.365333	 96.362391	 96.359543	 96.356788	 96.354123	 96.351547	 96.349058	 96.346654	 96.344332	 96.342092	  96.33993	 96.337846	 96.335837	 96.333902	 96.332039	 96.330247	 96.328524	 96.326868	 96.325278	 96.323752	  96.32229	 96.320889	 96.319549	 96.318267	 96.317044	 96.315877	 96.314766	 96.313709	 96.312706	 96.311756	 96.310856	 96.310008	 96.309209	 96.308459	 96.307757	 96.307102	 96.306494	 96.305932	 96.305416	 96.304945	 96.304518	 96.304135	 96.303796	   96.3035	 96.303246	 96.303036	 96.302867	 96.302741	 96.302658	 96.302616	
        99	 98.958385	 98.916778	 98.875189	 98.833625	 98.792096	  98.75061	 98.709175	   98.6678	 98.626494	 98.585264	  98.54412	  98.50307	 98.462121	 98.421282	 98.380562	 98.339967	 98.299507	 98.259189	 98.219021	 98.179011	 98.139166	 98.099494	 98.060002	 98.020697	 97.981588	  97.94268	 97.903981	 97.865498	 97.827237	 97.789205	 97.751409	 97.713854	 97.676547	 97.639494	 97.602702	 97.566174	 97.529918	 97.493938	 97.458241	  97.42283	 97.387712	  97.35289	 97.318369	 97.284155	  97.25025	  97.21666	 97.183389	 97.150439	 97.117815	 97.085521	 97.053559	 97.021932	 96.990645	 96.959698	 96.929096	  96.89884	 96.868932	 96.839376	 96.810172	 96.781323	  96.75283	 96.724694	 96.696917	   96.6695	 96.642444	 96.615749	 96.589417	 96.563447	 96.537841	 96.512597	 96.487717	   96.4632	 96.439045	 96.415253	 96.391822	 96.368753	 96.346043	 96.323693	 96.301701	 96.280065	 96.258785	 96.237859	 96.217285	 96.197062	 96.177187	 96.157659	 96.138476	 96.119635	 96.101134	 96.082972	 96.065144	  96.04765	 96.030485	 96.013649	 95.997136	 95.980946	 95.965074	 95.949518	 95.934275	 95.919341	 95.904713	 95.890389	 95.876364	 95.862635	 95.849199	 95.836052	 95.823191	 95.810612	 95.798312	 95.786287	 95.774533	 95.763047	 95.751824	 95.740862	 95.730156	 95.719703	 95.709498	 95.699539	 95.689821	  95.68034	 95.671093	 95.662076	 95.653284	 95.644715	 95.636365	 95.628229	 95.620304	 95.612587	 95.605073	 95.597758	  95.59064	 95.583714	 95.576977	 95.570425	 95.564055	 95.557862	 95.551845	 95.545998	 95.540318	 95.534803	 95.529449	 95.524252	  95.51921	 95.514318	 95.509574	 95.504974	 95.500516	 95.496196	 95.492011	 95.487959	 95.484036	  95.48024	 95.476567	 95.473016	 95.469582	 95.466264	 95.463059	 95.459965	 95.456978	 95.454096	 95.451318	  95.44864	 95.446061	 95.443578	 95.441189	 95.438892	 95.436684	 95.434565	 95.432531	 95.430582	 95.428714	 95.426927	 95.425219	 95.423589	 95.422033	 95.420552	 95.419144	 95.417807	 95.416539	 95.415341	 95.414209	 95.413144	 95.412144	 95.411209	 95.410336	 95.409526	 95.408777	 95.408089	  95.40746	 95.406891	 95.406381	 95.405929	 95.405534	 95.405196	 95.404916	 95.404691	 95.404523	 95.404412	 95.404356	
        99	 98.947997	 98.896005	 98.844034	 98.792096	 98.740201	 98.688359	 98.636581	 98.584879	 98.533262	 98.481741	 98.430327	  98.37903	  98.32786	 98.276827	 98.225942	 98.175215	 98.124656	 98.074274	  98.02408	 97.974082	 97.924291	 97.874716	 97.825367	 97.776252	  97.72738	  97.67876	 97.630401	 97.582312	 97.534501	 97.486976	 97.439745	 97.392816	 97.346197	 97.299896	 97.253919	 97.208274	 97.162968	 97.118007	 97.073399	 97.029149	 96.985265	 96.941751	 96.898614	 96.855859	 96.813492	 96.771517	  96.72994	 96.688766	 96.647999	 96.607644	 96.567703	 96.528183	 96.489085	 96.450414	 96.412173	 96.374364	 96.336992	 96.300058	 96.263564	 96.227514	 96.191908	  96.15675	 96.122039	 96.087779	 96.053969	 96.020611	 95.987706	 95.955254	 95.923256	 95.891711	 95.860621	 95.829984	   95.7998	 95.770069	  95.74079	 95.711962	 95.683584	 95.655654	 95.628173	 95.601137	 95.574545	 95.548395	 95.522686	 95.497414	 95.472579	 95.448176	 95.424204	 95.400661	 95.377542	 95.354846	 95.332569	 95.310707	 95.289258	 95.268219	 95.247585	 95.227353	  95.20752	 95.188081	 95.169032	 95.150371	 95.132092	 95.114192	 95.096666	  95.07951	 95.062721	 95.046292	 95.030221	 95.014502	 94.999132	 94.984105	 94.969417	 94.955064	  94.94104	 94.927341	 94.913963	 94.900901	 94.888149	 94.875704	  94.86356	 94.851712	 94.840157	 94.828889	 94.817903	 94.807196	 94.796761	 94.786594	 94.776691	 94.767047	 94.757658	 94.748517	 94.739622	 94.730968	 94.722549	 94.714361	 94.706401	 94.698663	 94.691143	 94.683837	  94.67674	 94.669848	 94.663157	 94.656663	 94.650362	 94.644249	 94.638321	 94.632573	 94.627002	 94.621604	 94.616375	 94.611311	 94.606409	 94.601665	 94.597076	 94.592638	 94.588347	 94.584201	 94.580196	 94.576329	 94.572596	 94.568996	 94.565524	 94.562178	 94.558955	 94.555852	 94.552866	 94.549996	 94.547237	 94.544589	 94.542047	 94.539611	 94.537278	 94.535045	 94.532911	 94.530873	  94.52893	 94.527079	 94.525319	 94.523648	 94.522064	 94.520566	 94.519152	 94.517821	 94.516572	 94.515403	 94.514312	   94.5133	 94.512364	 94.511504	 94.510719	 94.510008	  94.50937	 94.508805	 94.508311	  94.50789	 94.507539	 94.507259	 94.507049	 94.506909	 94.506839	
        99	  98.93762	 98.875253	 98.812912	  98.75061	 98.688359	 98.626172	 98.564063	 98.502044	 98.440127	 98.378325	 98.316652	 98.255118	 98.193738	 98.132522	 98.071483	 98.010634	 97.949985	  97.88955	  97.82934	 97.769365	 97.709639	 97.650172	 97.590975	 97.532059	 97.473435	 97.415113	 97.357105	  97.29942	 97.242068	 97.185059	 97.128404	 97.072111	 97.016189	 96.960648	 96.905497	 96.850744	 96.796397	 96.742465	 96.688955	 96.635876	 96.583234	 96.531038	 96.479293	 96.428006	 96.377185	 96.326834	 96.276961	 96.227571	 96.178669	 96.130261	 96.082351	 96.034944	 95.988044	 95.941657	 95.895785	 95.850432	 95.805602	 95.761298	 95.717522	 95.674278	 95.631568	 95.589393	 95.547757	 95.506659	 95.466103	 95.426089	 95.386618	  95.34769	 95.309307	 95.271468	 95.234173	 95.197422	 95.161216	 95.125552	  95.09043	  95.05585	 95.021809	 94.988307	 94.955341	  94.92291	 94.891012	 94.859644	 94.828805	  94.79849	 94.768699	 94.739427	 94.710672	  94.68243	 94.654699	 94.627473	 94.600751	 94.574527	 94.548798	  94.52356	 94.498809	  94.47454	 94.450749	 94.427431	 94.404582	 94.382196	  94.36027	 94.338798	 94.317775	 94.297196	 94.277056	 94.257349	 94.238071	 94.219216	 94.200778	 94.182753	 94.165134	 94.147917	 94.131095	 94.114662	 94.098615	 94.082945	 94.067649	  94.05272	 94.038153	 94.023942	 94.010081	 93.996564	 93.983387	 93.970542	 93.958025	  93.94583	 93.933951	 93.922383	 93.911119	 93.900155	 93.889485	 93.879103	 93.869005	 93.859183	 93.849634	 93.840352	 93.831332	 93.822568	 93.814055	 93.805788	 93.797762	 93.789972	 93.782413	  93.77508	 93.767969	 93.761074	 93.754392	 93.747916	 93.741644	  93.73557	  93.72969	 93.723999	 93.718494	  93.71317	 93.708024	  93.70305	 93.698246	 93.693607	  93.68913	 93.684811	 93.680646	 93.676632	 93.672766	 93.669044	 93.665463	 93.662019	  93.65871	 93.655533	 93.652485	 93.649563	 93.646764	 93.644085	 93.641525	 93.639081	 93.636749	 93.634529	 93.632418	 93.630413	 93.628514	 93.626717	 93.625021	 93.623425	 93.621926	 93.620523	 93.619215	 93.618001	 93.616878	 93.615847	 93.614905	 93.614052	 93.613287	 93.612609	 93.612017	 93.611511	  93.61109	 93.610754	 93.610502	 93.610335	 93.610251	
        99	 98.927256	 98.854527	 98.781829	 98.709175	 98.636581	 98.564063	 98.491635	 98.419311	 98.347107	 98.275038	 98.203117	 98.131361	 98.059782	 97.988395	 97.917215	 97.846256	 97.775531	 97.705055	 97.634841	 97.564903	 97.495253	 97.425906	 97.356873	 97.288169	 97.219805	 97.151793	 97.084147	 97.016878	 96.949998	 96.883518	 96.817449	 96.751803	 96.686591	 96.621822	 96.557507	 96.493657	 96.430281	 96.367389	 96.304989	 96.243091	 96.181703	 96.120834	 96.060492	 96.000684	 95.941419	 95.882704	 95.824544	 95.766948	 95.709921	  95.65347	   95.5976	 95.542317	 95.487625	 95.433531	 95.380037	 95.327149	 95.274871	 95.223206	 95.172158	 95.121729	 95.071922	 95.022741	 94.974187	 94.926261	 94.878967	 94.832305	 94.786275	  94.74088	  94.69612	 94.651994	 94.608503	 94.565646	 94.523424	 94.481835	 94.440878	 94.400552	 94.360856	 94.321787	 94.283344	 94.245525	 94.208328	 94.171748	 94.135785	 94.100434	 94.065693	 94.031558	 93.998025	 93.965091	 93.932752	 93.901004	 93.869841	 93.839261	 93.809257	 93.779826	 93.750962	 93.722661	 93.694917	 93.667725	  93.64108	 93.614975	 93.589406	 93.564366	 93.539851	 93.515853	 93.492366	 93.469386	 93.446905	 93.424917	 93.403416	 93.382396	  93.36185	 93.341771	 93.322154	 93.302992	 93.284278	 93.266006	 93.248168	 93.230759	 93.213771	 93.197199	 93.181035	 93.165273	 93.149906	 93.134927	 93.120331	 93.106109	 93.092256	 93.078766	 93.065631	 93.052846	 93.040403	 93.028296	  93.01652	 93.005067	 92.993931	 92.983107	 92.972588	 92.962367	  92.95244	   92.9428	  92.93344	 92.924356	 92.915541	 92.906991	 92.898698	 92.890658	 92.882865	 92.875314	 92.867999	 92.860916	 92.854058	 92.847422	 92.841003	 92.834794	 92.828793	 92.822993	  92.81739	 92.811981	  92.80676	 92.801723	 92.796867	 92.792186	 92.787677	 92.783337	  92.77916	 92.775145	 92.771286	 92.767581	 92.764027	 92.760619	 92.757355	 92.754231	 92.751246	 92.748395	 92.745677	 92.743088	 92.740626	 92.738288	 92.736073	 92.733977	    92.732	 92.730138	  92.72839	 92.726755	  92.72523	 92.723813	 92.722504	 92.721301	 92.720203	 92.719208	 92.718316	 92.717525	 92.716835	 92.716245	 92.715754	 92.715363	 92.715069	 92.714873	 92.714776	
        99	 98.916907	 98.833831	  98.75079	   98.6678	 98.584879	 98.502044	 98.419311	 98.336698	 98.254222	   98.1719	 98.089748	 98.007782	  97.92602	 97.844477	 97.763171	 97.682117	  97.60133	 97.520828	 97.440624	 97.360736	 97.281178	 97.201964	 97.123111	 97.044632	 96.966542	 96.888855	 96.811585	 96.734746	 96.658351	 96.582413	 96.506945	 96.431959	 96.357469	 96.283486	 96.210022	 96.137088	 96.064696	 95.992855	 95.921578	 95.850874	 95.780753	 95.711224	 95.642297	 95.573981	 95.506285	 95.439216	 95.372782	 95.306992	 95.241852	  95.17737	 95.113552	 95.050403	 94.987931	 94.926141	 94.865037	 94.804625	 94.744909	 94.685894	 94.627583	 94.569979	 94.513087	 94.456909	 94.401447	 94.346704	 94.292681	  94.23938	 94.186802	 94.134949	  94.08382	 94.033417	 93.983739	 93.934785	 93.886556	  93.83905	 93.792266	 93.746203	  93.70086	 93.656233	 93.612321	 93.569122	 93.526632	 93.484848	 93.443769	 93.403389	 93.363705	 93.324714	  93.28641	 93.248791	 93.211851	 93.175586	  93.13999	 93.105059	 93.070787	 93.037169	 93.004199	 92.971871	  92.94018	  92.90912	 92.878683	 92.848865	 92.819658	 92.791056	 92.763053	  92.73564	 92.708813	 92.682563	 92.656883	 92.631767	 92.607208	 92.583197	 92.559728	 92.536793	 92.514385	 92.492497	 92.471121	 92.450249	 92.429873	 92.409987	 92.390583	 92.371653	  92.35319	 92.335185	 92.317632	 92.300522	 92.283849	 92.267604	 92.251781	 92.236371	 92.221368	 92.206763	  92.19255	 92.178721	 92.165269	 92.152187	 92.139467	 92.127103	 92.115087	 92.103413	 92.092073	 92.081061	  92.07037	 92.059994	 92.049925	 92.040158	 92.030685	 92.021501	 92.012599	 92.003974	 91.995619	 91.987528	 91.979695	 91.972115	 91.964782	  91.95769	 91.950835	  91.94421	  91.93781	 91.931631	 91.925667	 91.919914	 91.914367	  91.90902	  91.90387	 91.898912	 91.894141	 91.889555	 91.885147	 91.880915	 91.876855	 91.872962	 91.869234	 91.865666	 91.862256	 91.858999	 91.855894	 91.852937	 91.850124	 91.847454	 91.844924	  91.84253	 91.840271	 91.838145	 91.836149	  91.83428	 91.832538	  91.83092	 91.829425	 91.828051	 91.826796	  91.82566	 91.824641	 91.823738	  91.82295	 91.822276	 91.821715	 91.821267	 91.820932	 91.820709	 91.820597	
        99	 98.906575	  98.81317	 98.719803	 98.626494	 98.533262	 98.440127	 98.347107	 98.254222	 98.161491	 98.068932	 97.976565	 97.884408	 97.792479	 97.700798	 97.609382	 97.518249	 97.427417	 97.336905	 97.246729	 97.156907	 97.067456	 96.978393	 96.889735	 96.801498	 96.713698	 96.626352	 96.539474	  96.45308	 96.367186	 96.281806	 96.196954	 96.112645	 96.028892	  95.94571	 95.863111	 95.781109	 95.699715	 95.618942	 95.538802	 95.459306	 95.380466	 95.302292	 95.224795	 95.147984	  95.07187	 94.996462	 94.921768	 94.847797	 94.774558	 94.702058	 94.630304	 94.559304	 94.489064	  94.41959	 94.350888	 94.282965	 94.215824	  94.14947	 94.083909	 94.019143	 93.955177	 93.892013	 93.829655	 93.768105	 93.707365	 93.647436	 93.588321	  93.53002	 93.472534	 93.415863	 93.360008	 93.304968	 93.250741	 93.197329	 93.144728	 93.092937	 93.041955	  92.99178	 92.942408	 92.893837	 92.846064	 92.799085	 92.752897	 92.707496	 92.662878	 92.619039	 92.575973	 92.533676	 92.492143	 92.451368	 92.411346	 92.372072	 92.333538	  92.29574	  92.25867	 92.222323	 92.186692	 92.151769	 92.117548	 92.084022	 92.051184	 92.019026	  91.98754	 91.956719	 91.926556	 91.897042	 91.868169	 91.839931	 91.812317	 91.785321	 91.758934	 91.733147	 91.707953	 91.683343	 91.659309	 91.635841	 91.612933	 91.590574	 91.568757	 91.547473	 91.526714	  91.50647	 91.486734	 91.467498	 91.448751	 91.430487	 91.412696	  91.39537	 91.378501	  91.36208	   91.3461	 91.330552	 91.315427	 91.300718	 91.286417	 91.272515	 91.259005	 91.245879	  91.23313	 91.220749	 91.208728	 91.197062	 91.185741	 91.174759	 91.164109	 91.153783	 91.143774	 91.134076	 91.124682	 91.115585	 91.106778	 91.098256	 91.090011	 91.082037	 91.074329	 91.066881	 91.059686	 91.052738	 91.046033	 91.039564	 91.033327	 91.027315	 91.021525	  91.01595	 91.010587	  91.00543	 91.000474	 90.995716	  90.99115	 90.986774	 90.982582	 90.978571	 90.974736	 90.971075	 90.967584	 90.964259	 90.961097	 90.958095	 90.955249	 90.952558	 90.950019	 90.947628	 90.945383	 90.943282	 90.941324	 90.939505	 90.937823	 90.936278	 90.934868	  90.93359	 90.932444	 90.931429	 90.930543	 90.929785	 90.929155	 90.928651	 90.928274	 90.928023	 90.927898	
        99	 98.896262	 98.792546	 98.688873	 98.585264	 98.481741	 98.378325	 98.275038	   98.1719	 98.068932	 97.966157	 97.863593	 97.761263	 97.659187	 97.557386	 97.455878	 97.354686	 97.253828	 97.153324	 97.053194	 96.953458	 96.854133	 96.755239	 96.656794	 96.558817	 96.461325	 96.364337	 96.267869	 96.171939	 96.076563	 95.981758	  95.88754	 95.793925	 95.700927	 95.608563	 95.516846	 95.425792	 95.335413	 95.245724	 95.156738	 95.068467	 94.980924	 94.894121	 94.808069	  94.72278	 94.638264	 94.554532	 94.471593	 94.389457	 94.308133	  94.22763	 94.147956	 94.069118	 93.991125	 93.913982	 93.837697	 93.762275	 93.687723	 93.614045	 93.541247	 93.469332	 93.398305	 93.328169	 93.258927	 93.190583	 93.123138	 93.056594	 92.990954	 92.926217	 92.862386	 92.799459	 92.737438	 92.676322	  92.61611	 92.556802	 92.498394	 92.440887	 92.384278	 92.328563	 92.273741	 92.219809	 92.166762	 92.114598	 92.063312	 92.012899	 91.963356	 91.914677	 91.866858	 91.819892	 91.773774	 91.728498	 91.684059	 91.640449	 91.597662	 91.555691	  91.51453	 91.474171	 91.434606	 91.395828	  91.35783	 91.320603	  91.28414	 91.248432	 91.213471	 91.179248	 91.145755	 91.112983	 91.080923	 91.049567	 91.018906	  90.98893	  90.95963	 90.930997	 90.903022	 90.875695	 90.849008	  90.82295	 90.797512	 90.772686	  90.74846	 90.724827	 90.701776	 90.679298	 90.657384	 90.636023	 90.615208	 90.594927	 90.575172	 90.555934	 90.537203	  90.51897	 90.501225	 90.483961	 90.467167	 90.450834	 90.434954	 90.419518	 90.404517	 90.389942	 90.375785	 90.362037	  90.34869	 90.335735	 90.323165	 90.310971	 90.299145	 90.287679	 90.276566	 90.265797	 90.255366	 90.245265	 90.235486	 90.226023	 90.216868	 90.208014	 90.199456	 90.191185	 90.183195	 90.175481	 90.168035	 90.160853	 90.153927	 90.147252	 90.140822	 90.134632	 90.128677	  90.12295	 90.117448	 90.112164	 90.107095	 90.102235	  90.09758	 90.093126	 90.088869	 90.084804	 90.080927	 90.077235	 90.073724	  90.07039	 90.067231	 90.064243	 90.061423	 90.058768	 90.056275	 90.053943	 90.051768	 90.049748	 90.047881	 90.046166	   90.0446	 90.043181	 90.041909	 90.040781	 90.039797	 90.038956	 90.038256	 90.037697	 90.037278	 90.036999	  90.03686	
        99	 98.885971	 98.771966	 98.658008	  98.54412	 98.430327	 98.316652	 98.203117	 98.089748	 97.976565	 97.863593	 97.750855	 97.638374	 97.526171	  97.41427	 97.302693	 97.191461	 97.080598	 96.970123	  96.86006	 96.750429	  96.64125	 96.532545	 96.424334	 96.316637	 96.209474	 96.102864	 95.996826	 95.891379	 95.786541	 95.682331	 95.578766	 95.475863	  95.37364	 95.272113	 95.171297	  95.07121	 94.971865	 94.873278	 94.775464	 94.678436	 94.582209	 94.486794	 94.392206	 94.298455	 94.205555	 94.113516	 94.022349	 93.932065	 93.842673	 93.754183	 93.666605	 93.579946	 93.494215	  93.40942	 93.325567	 93.242663	 93.160715	 93.079728	 92.999707	 92.920658	 92.842584	  92.76549	  92.68938	 92.614255	 92.540119	 92.466974	 92.394822	 92.323663	 92.253499	  92.18433	 92.116156	 92.048977	 91.982792	 91.917599	 91.853398	 91.790185	  91.72796	 91.666718	 91.606458	 91.547175	 91.488866	 91.431526	 91.375152	 91.319739	 91.265281	 91.211772	 91.159209	 91.107584	 91.056891	 91.007123	 90.958275	 90.910339	 90.863307	 90.817173	 90.771928	 90.727565	 90.684075	 90.641451	 90.599683	 90.558763	 90.518682	 90.479432	 90.441002	 90.403384	 90.366568	 90.330545	 90.295305	 90.260839	 90.227135	 90.194185	 90.161978	 90.130505	 90.099755	 90.069717	 90.040382	 90.011739	 89.983778	 89.956489	  89.92986	 89.903882	 89.878545	 89.853837	 89.829748	 89.806269	 89.783388	 89.761095	 89.739381	 89.718234	 89.697645	 89.677603	 89.658098	  89.63912	  89.62066	 89.602707	 89.585252	 89.568285	 89.551795	 89.535775	 89.520213	 89.505101	  89.49043	  89.47619	 89.462373	 89.448969	  89.43597	 89.423367	 89.411151	 89.399314	 89.387848	 89.376745	 89.365996	 89.355594	 89.345531	 89.335799	 89.326391	 89.317299	 89.308517	 89.300038	 89.291854	 89.283958	 89.276345	 89.269008	 89.261941	 89.255137	  89.24859	 89.242296	 89.236247	  89.23044	 89.224867	 89.219526	 89.214409	 89.209513	 89.204833	 89.200365	 89.196103	 89.192045	 89.188185	 89.184521	 89.181049	 89.177764	 89.174664	 89.171746	 89.169006	 89.166442	 89.164052	 89.161831	 89.159779	 89.157894	 89.156172	 89.154613	 89.153214	 89.151975	 89.150893	 89.149968	 89.149199	 89.148585	 89.148124	 89.147818	 89.147665	
        99	 98.875703	 98.751432	 98.627212	  98.50307	  98.37903	 98.255118	 98.131361	 98.007782	 97.884408	 97.761263	 97.638374	 97.515763	 97.393457	  97.27148	 97.149855	 97.028608	 96.907761	 96.787339	 96.667365	 96.547862	 96.428852	 96.310359	 96.192404	 96.075009	 95.958196	 95.841986	 95.726399	 95.611457	 95.497179	 95.383585	 95.270694	 95.158526	 95.047097	 94.936428	 94.826534	 94.717434	 94.609144	  94.50168	 94.395058	 94.289293	   94.1844	 94.080394	 93.977288	 93.875095	  93.77383	 93.673503	 93.574126	 93.475712	 93.378271	 93.281813	 93.186349	 93.091887	 92.998436	 92.906005	 92.814601	 92.724232	 92.634905	 92.546625	 92.459399	 92.373231	 92.288128	 92.204092	 92.121127	 92.039238	 91.958427	 91.878695	 91.800045	 91.722479	 91.645997	   91.5706	 91.496287	 91.423058	 91.350913	  91.27985	 91.209868	 91.140963	 91.073134	 91.006378	 90.940692	  90.87607	 90.812511	 90.750008	 90.688558	 90.628154	 90.568792	 90.510466	 90.453169	 90.396895	 90.341638	 90.287389	 90.234142	 90.181889	 90.130623	 90.080334	 90.031015	 89.982657	 89.935251	 89.888789	  89.84326	 89.798655	 89.754965	  89.71218	  89.67029	 89.629285	 89.589154	 89.549887	 89.511474	 89.473904	 89.437165	 89.401248	 89.366141	 89.331834	 89.298315	 89.265572	 89.233596	 89.202374	 89.171895	 89.142148	 89.113121	 89.084804	 89.057185	 89.030252	 89.003995	 88.978401	  88.95346	  88.92916	  88.90549	 88.882439	 88.859996	 88.838149	 88.816888	 88.796202	 88.776079	  88.75651	 88.737483	 88.718987	 88.701013	  88.68355	 88.666587	 88.650114	 88.634122	   88.6186	 88.603538	 88.588928	 88.574758	  88.56102	 88.547704	 88.534801	 88.522303	   88.5102	 88.498483	 88.487144	 88.476175	 88.465567	 88.455311	 88.445401	 88.435829	 88.426585	 88.417664	 88.409058	  88.40076	 88.392762	 88.385058	 88.377641	 88.370505	 88.363644	 88.357051	  88.35072	 88.344646	 88.338823	 88.333246	 88.327909	 88.322808	 88.317937	 88.313292	 88.308868	 88.304661	 88.300667	 88.296882	 88.293301	 88.289922	 88.286741	 88.283755	  88.28096	 88.278354	 88.275934	 88.273697	 88.271642	 88.269765	 88.268066	 88.266541	  88.26519	 88.264011	 88.263003	 88.262164	 88.261494	 88.260993	 88.260659	 88.260492	
        99	 98.865461	 98.730949	 98.596493	 98.462121	  98.32786	 98.193738	 98.059782	  97.92602	 97.792479	 97.659187	 97.526171	 97.393457	 97.261073	 97.129044	 96.997397	 96.866158	 96.735354	 96.605008	 96.475148	 96.345797	 96.216981	 96.088723	 95.961048	  95.83398	 95.707541	 95.581754	 95.456643	  95.33223	 95.208535	  95.08558	 94.963387	 94.841975	 94.721365	 94.601576	 94.482626	 94.364536	 94.247322	 94.131003	 94.015595	 93.901114	 93.787578	 93.675001	 93.563399	 93.452786	 93.343175	 93.234581	 93.127016	 93.020492	 92.915022	 92.810615	 92.707284	 92.605038	 92.503887	 92.403839	 92.304903	 92.207088	 92.110399	 92.014845	 91.920431	 91.827163	 91.735047	 91.644086	 91.554285	 91.465648	 91.378177	 91.291875	 91.206745	 91.122787	 91.040002	 90.958392	 90.877955	 90.798693	 90.720603	 90.643684	 90.567934	 90.493352	 90.419934	 90.347677	 90.276577	 90.206631	 90.137834	 90.070181	 90.003667	 89.938286	 89.874032	   89.8109	 89.748881	  89.68797	 89.628159	  89.56944	 89.511806	 89.455247	 89.399756	 89.345323	  89.29194	 89.239597	 89.188285	 89.137994	 89.088713	 89.040433	 88.993143	 88.946832	  88.90149	 88.857106	 88.813668	 88.771166	 88.729587	 88.688921	 88.649155	 88.610278	 88.572279	 88.535144	 88.498863	 88.463422	 88.428811	 88.395016	 88.362025	 88.329827	 88.298409	 88.267758	 88.237863	 88.208711	  88.18029	 88.152587	 88.125591	 88.099288	 88.073668	 88.048717	 88.024425	 88.000778	 87.977765	 87.955374	 87.933593	 87.912411	 87.891816	 87.871797	 87.852341	 87.833439	 87.815078	 87.797249	 87.779939	 87.763137	 87.746835	  87.73102	 87.715682	 87.700812	 87.686399	 87.672433	 87.658905	 87.645804	 87.633122	 87.620849	 87.608976	 87.597493	 87.586393	 87.575667	 87.565305	   87.5553	 87.545644	 87.536329	 87.527346	 87.518689	 87.510351	 87.502323	 87.494599	 87.487172	 87.480036	 87.473183	 87.466609	 87.460306	 87.454269	 87.448493	 87.442971	 87.437699	 87.432671	 87.427883	 87.423329	 87.419006	 87.414908	 87.411033	 87.407376	 87.403932	   87.4007	 87.397675	 87.394854	 87.392235	 87.389814	 87.387589	 87.385557	 87.383718	 87.382068	 87.380605	 87.379329	 87.378238	  87.37733	 87.376605	 87.376062	   87.3757	  87.37552	
        99	 98.855246	 98.710521	 98.565857	 98.421282	 98.276827	 98.132522	 97.988395	 97.844477	 97.700798	 97.557386	  97.41427	  97.27148	 97.129044	 96.986991	 96.845348	 96.704145	 96.563409	 96.423168	 96.283447	 96.144276	 96.005679	 95.867683	 95.730314	 95.593598	 95.457559	 95.322223	 95.187612	 95.053752	 94.920666	 94.788376	 94.656905	 94.526275	 94.396507	 94.267623	 94.139643	 94.012586	 93.886473	 93.761322	 93.637151	 93.513979	 93.391823	 93.270699	 93.150623	 93.031611	 92.913678	 92.796839	 92.681107	 92.566495	 92.453017	 92.340684	 92.229507	 92.119498	 92.010666	 91.903023	 91.796575	 91.691333	 91.587303	 91.484494	 91.382912	 91.282562	 91.183452	 91.085585	 90.988966	 90.893599	 90.799487	 90.706632	 90.615038	 90.524706	 90.435636	 90.347829	 90.261286	 90.176005	 90.091986	 90.009227	 89.927726	 89.847481	 89.768488	 89.690745	 89.614247	 89.538991	  89.46497	  89.39218	 89.320616	 89.250271	 89.181139	 89.113213	 89.046486	  88.98095	 88.916598	 88.853421	  88.79141	 88.730557	 88.670853	 88.612288	 88.554851	 88.498534	 88.443326	 88.389217	 88.336194	 88.284248	 88.233368	 88.183541	 88.134756	 88.087002	 88.040266	 87.994537	 87.949801	 87.906048	 87.863263	 87.821434	 87.780549	 87.740595	 87.701559	 87.663428	 87.626188	 87.589828	 87.554332	  87.51969	 87.485886	 87.452908	 87.420743	 87.389378	 87.358799	 87.328993	 87.299946	 87.271647	 87.244081	 87.217236	 87.191099	 87.165657	 87.140897	 87.116806	 87.093371	 87.070581	 87.048422	 87.026883	 87.005951	 86.985613	 86.965858	 86.946675	  86.92805	 86.909974	 86.892433	 86.875418	 86.858916	 86.842916	 86.827409	 86.812383	 86.797827	 86.783732	 86.770087	 86.756882	 86.744107	 86.731753	  86.71981	 86.708269	 86.697121	 86.686356	 86.675967	 86.665944	  86.65628	 86.646966	 86.637994	 86.629356	 86.621046	 86.613055	 86.605377	 86.598005	 86.590931	  86.58415	 86.577655	  86.57144	 86.565499	 86.559826	 86.554416	 86.549264	 86.544365	 86.539714	 86.535305	 86.531136	 86.527201	 86.523496	 86.520018	 86.516763	 86.513728	  86.51091	 86.508305	 86.505911	 86.503726	 86.501746	 86.499971	 86.498397	 86.497024	  86.49585	 86.494874	 86.494094	 86.493509	  86.49312	 86.492926	
        99	  98.84506	 98.690153	 98.535309	 98.380562	 98.225942	 98.071483	 97.917215	 97.763171	 97.609382	 97.455878	 97.302693	 97.149855	 96.997397	 96.845348	  96.69374	 96.542601	 96.391963	 96.241853	 96.092302	 95.943337	 95.794988	 95.647283	 95.500248	 95.353912	 95.208301	 95.063442	  94.91936	 94.776081	  94.63363	 94.492032	  94.35131	 94.211489	  94.07259	 93.934637	 93.797652	 93.661655	 93.526668	 93.392711	 93.259803	 93.127964	 92.997213	 92.867566	 92.739041	 92.611655	 92.485424	 92.360364	 92.236488	 92.113812	 91.992349	 91.872112	 91.753112	 91.635363	 91.518873	 91.403655	 91.289718	  91.17707	 91.065721	 90.955678	 90.846948	 90.739537	 90.633453	   90.5287	 90.425282	 90.323205	 90.222471	 90.123083	 90.025044	 89.928355	 89.833018	 89.739033	   89.6464	 89.555119	 89.465188	 89.376606	  89.28937	 89.203479	 89.118928	 89.035715	 88.953834	 88.873282	 88.794053	 88.716142	 88.639542	 88.564247	 88.490251	 88.417546	 88.346123	 88.275976	 88.207096	 88.139473	 88.073099	 88.007965	 87.944059	 87.881373	 87.819896	 87.759616	 87.700523	 87.642606	 87.585853	 87.530252	 87.475791	 87.422459	 87.370241	 87.319127	 87.269103	 87.220156	 87.172272	  87.12544	 87.079644	 87.034873	 86.991111	 86.948346	 86.906563	 86.865748	 86.825889	 86.786969	 86.748977	 86.711896	 86.675714	 86.640416	 86.605988	 86.572415	 86.539684	 86.507781	 86.476691	 86.446401	 86.416895	 86.388162	 86.360185	 86.332953	  86.30645	 86.280664	 86.255581	 86.231187	 86.207469	 86.184414	 86.162009	  86.14024	 86.119096	 86.098562	 86.078627	 86.059279	 86.040504	 86.022291	 86.004628	 85.987503	 85.970905	 85.954821	 85.939241	 85.924154	 85.909549	 85.895415	 85.881741	 85.868518	 85.855735	 85.843381	 85.831449	 85.819927	 85.808806	 85.798079	 85.787734	 85.777765	 85.768161	 85.758916	 85.750021	 85.741468	  85.73325	 85.725359	 85.717787	 85.710529	 85.703577	 85.696924	 85.690565	 85.684493	 85.678703	 85.673189	 85.667945	 85.662966	 85.658247	 85.653784	 85.649572	 85.645607	 85.641884	 85.638401	 85.635152	 85.632135	 85.629347	 85.626785	 85.624446	 85.622327	 85.620427	 85.618743	 85.617273	 85.616016	 85.614971	 85.614136	 85.613511	 85.613094	 85.612886	
        99	 98.834906	 98.669847	 98.504856	 98.339967	 98.175215	 98.010634	 97.846256	 97.682117	 97.518249	 97.354686	 97.191461	 97.028608	 96.866158	 96.704145	 96.542601	 96.381558	 96.221047	   96.0611	 95.901748	 95.743022	 95.584951	 95.427565	 95.270895	 95.114969	 94.959816	 94.805463	 94.651939	 94.499271	 94.347484	 94.196607	 94.046663	 93.897678	 93.749677	 93.602684	 93.456721	 93.311812	 93.167979	 93.025243	 92.883625	 92.743146	 92.603826	 92.465682	 92.328735	 92.193001	 92.058498	 91.925242	 91.793248	 91.662533	  91.53311	 91.404992	 91.278195	 91.152728	 91.028605	 90.905836	 90.784432	 90.664402	 90.545756	 90.428501	 90.312645	 90.198196	 90.085159	 89.973541	 89.863347	  89.75458	 89.647244	 89.541343	 89.436879	 89.333854	 89.232269	 89.132125	 89.033421	 88.936157	 88.840333	 88.745946	 88.652993	 88.561473	 88.471382	 88.382715	 88.295468	 88.209637	 88.125216	 88.042199	 87.960579	  87.88035	 87.801505	 87.724035	 87.647932	 87.573188	 87.499793	 87.427739	 87.357016	 87.287612	 87.219519	 87.152725	 87.087218	 87.022988	 86.960023	  86.89831	 86.837838	 86.778593	 86.720563	 86.663736	 86.608096	 86.553632	  86.50033	 86.448175	 86.397153	 86.347252	 86.298455	 86.250749	  86.20412	 86.158552	 86.114031	 86.070542	  86.02807	   85.9866	 85.946118	 85.906607	 85.868054	 85.830443	 85.793758	 85.757986	  85.72311	 85.689116	 85.655988	 85.623713	 85.592274	 85.561657	 85.531847	  85.50283	 85.474591	 85.447115	 85.420388	 85.394395	 85.369123	 85.344557	 85.320683	 85.297488	 85.274958	 85.253079	 85.231838	 85.211221	 85.191216	 85.171809	 85.152989	 85.134742	 85.117055	 85.099918	 85.083317	 85.067241	 85.051679	 85.036619	 85.022049	 85.007959	 84.994338	 84.981175	  84.96846	 84.956183	 84.944334	 84.932903	 84.921881	 84.911258	 84.901026	 84.891175	 84.881697	 84.872583	 84.863826	 84.855418	  84.84735	 84.839616	 84.832208	  84.82512	 84.818344	 84.811875	 84.805705	 84.799829	 84.794241	 84.788936	 84.783908	 84.779153	 84.774665	  84.77044	 84.766473	 84.762761	   84.7593	 84.756085	 84.753114	 84.750384	 84.747892	 84.745634	 84.743609	 84.741815	 84.740249	  84.73891	 84.737796	 84.736906	  84.73624	 84.735796	 84.735574	
        99	 98.824786	 98.649609	 98.474504	 98.299507	 98.124656	 97.949985	 97.775531	  97.60133	 97.427417	 97.253828	 97.080598	 96.907761	 96.735354	 96.563409	 96.391963	 96.221047	 96.050697	 95.880946	 95.711825	 95.543369	 95.375608	 95.208575	 95.042301	 94.876816	 94.712152	 94.548338	 94.385403	 94.223375	 94.062285	 93.902158	 93.743023	 93.584905	 93.427832	 93.271827	 93.116917	 92.963125	 92.810475	 92.658989	 92.508691	   92.3596	 92.211739	 92.065128	 91.919786	 91.775731	 91.632983	 91.491558	 91.351474	 91.212745	 91.075388	 90.939418	 90.804847	 90.671689	 90.539958	 90.409663	 90.280817	 90.153429	 90.027509	 89.903067	 89.780109	 89.658644	 89.538679	 89.420218	 89.303269	 89.187834	 89.073919	 88.961526	 88.850659	 88.741318	 88.633506	 88.527223	 88.422469	 88.319243	 88.217544	 88.117371	 88.018721	  87.92159	 87.825976	 87.731874	 87.639279	 87.548187	 87.458591	 87.370485	 87.283862	 87.198715	 87.115036	 87.032817	 86.952049	 86.872723	 86.794829	 86.718358	 86.643299	 86.569642	 86.497374	 86.426485	 86.356963	 86.288796	 86.221971	 86.156475	 86.092296	 86.029419	 85.967833	 85.907521	 85.848471	 85.790668	 85.734098	 85.678746	 85.624598	 85.571637	 85.519849	 85.469219	 85.419731	  85.37137	  85.32412	 85.277965	 85.232889	 85.188877	 85.145913	 85.103981	 85.063064	 85.023147	 84.984214	 84.946249	 84.909235	 84.873157	 84.837999	 84.803745	 84.770379	 84.737885	 84.706248	 84.675452	 84.645482	 84.616321	 84.587956	  84.56037	 84.533549	 84.507477	  84.48214	 84.457523	 84.433611	 84.410391	 84.387848	 84.365967	 84.344736	  84.32414	 84.304165	   84.2848	 84.266029	 84.247841	 84.230223	 84.213162	 84.196645	 84.180662	 84.165199	 84.150245	 84.135789	  84.12182	 84.108325	 84.095296	  84.08272	 84.070589	 84.058891	 84.047617	 84.036757	 84.026302	 84.016243	 84.006571	 83.997277	 83.988353	 83.979791	 83.971583	 83.963721	 83.956198	 83.949007	 83.942141	 83.935593	 83.929357	 83.923427	 83.917796	  83.91246	 83.907413	  83.90265	 83.898166	 83.893956	 83.890017	 83.886343	 83.882932	 83.879779	 83.876881	 83.874236	  83.87184	 83.869691	 83.867786	 83.866124	 83.864703	 83.863521	 83.862577	  83.86187	 83.861399	 83.861163	
