Time step 68:
        99	        99	        99	        99	        99	        99	        99	        99	        99	        99	        99	        99	        99	        99	        99	        99	        99	        99	        99	        99	        99	        99	        99	        99	        99	        99	        99	        99	        99	        99	        99	        99	        99	        99	        99	        99	        99	        99	        99	        99	        99	        99	        99	        99	        99	        99	        99	        99	        99	        99	        99	        99	        99	        99	        99	        99	        99	        99	        99	        99	        99	        99	        99	        99	        99	        99	        99	        99	        99	        99	        99	        99	        99	        99	        99	        99	        99	        99	        99	        99	        99	        99	        99	        99	        99	        99	        99	        99	        99	        99	        99	        99	        99	        99	        99	        99	        99	        99	        99	        99	        99	        99	        99	        99	        99	        99	        99	        99	        99	        99	        99	        99	        99	        99	        99	        99	        99	        99	        99	        99	        99	        99	        99	        99	        99	        99	        99	        99	        99	        99	        99	        99	        99	        99	        99	        99	        99	        99	        99	        99	        99	        99	        99	        99	        99	        99	        99	        99	        99	        99	        99	        99	        99	        99	        99	        99	        99	        99	        99	        99	        99	        99	        99	        99	        99	        99	        99	        99	        99	        99	        99	        99	        99	        99	        99	        99	        99	        99	        99	        99	        99	        99	        99	        99	        99	        99	        99	        99	        99	        99	        99	        99	        99	        99	        99	        99	        99	        99	        99	        99	
        99	 98.990662	 98.981326	 98.971994	 98.962667	 98.953346	 98.944034	 98.934733	 98.925444	 98.916168	 98.906908	 98.897665	 98.888441	 98.879238	 98.870057	 98.860899	 98.851767	 98.842663	 98.833586	 98.824541	 98.815527	 98.806546	   98.7976	 98.788691	  98.77982	 98.770988	 98.762197	 98.753449	 98.744744	 98.736085	 98.727471	 98.718906	  98.71039	 98.701924	  98.69351	 98.685149	 98.676843	 98.668591	 98.660396	 98.652259	  98.64418	 98.636161	 98.628203	 98.620307	 98.612474	 98.604704	 98.596999	  98.58936	 98.581787	 98.574281	 98.566843	 98.559474	 98.552174	 98.544945	 98.537786	 98.530699	 98.523683	 98.516741	 98.509871	 98.503075	 98.496353	 98.489706	 98.483133	 98.476636	 98.470214	 98.463868	 98.457599	 98.451405	 98.445289	 98.439249	 98.433286	   98.4274	 98.421591	 98.415859	 98.410205	 98.404627	 98.399127	 98.393704	 98.388358	 98.383089	 98.377897	 98.372781	 98.367742	 98.362779	 98.357892	 98.353081	 98.348345	 98.343684	 98.339098	 98.334586	 98.330148	 98.325784	 98.321494	 98.317275	  98.31313	 98.309056	 98.305053	 98.301122	 98.297261	 98.293469	 98.289747	 98.286093	 98.282507	 98.278989	 98.275538	 98.272153	 98.268833	 98.265579	 98.262388	 98.259262	 98.256198	 98.253196	 98.250256	 98.247377	 98.244558	 98.241798	 98.239098	 98.236454	 98.233869	 98.231339	 98.228866	 98.226447	 98.224083	 98.221772	 98.219514	 98.217308	 98.215153	 98.213049	 98.210994	 98.208989	 98.207032	 98.205122	 98.203259	 98.201442	  98.19967	 98.197943	 98.196259	 98.194619	 98.193021	 98.191465	  98.18995	 98.188474	 98.187039	 98.185642	 98.184284	 98.182962	 98.181678	  98.18043	 98.179217	 98.178039	 98.176896	 98.175786	 98.174709	 98.173664	 98.172651	 98.171669	 98.170717	 98.169796	 98.168904	 98.168041	 98.167206	   98.1664	  98.16562	 98.164867	 98.164141	  98.16344	 98.162765	 98.162115	 98.161489	 98.160887	 98.160309	 98.159754	 98.159222	 98.158712	 98.158224	 98.157758	 98.157313	  98.15689	 98.156487	 98.156104	 98.155742	 98.155399	 98.155076	 98.154772	 98.154488	 98.154222	 98.153975	 98.153746	 98.153536	 98.153344	  98.15317	 98.153013	 98.152874	 98.152753	  98.15265	 98.152563	 98.152494	 98.152443	 98.152408	 98.152391	
        99	 98.981326	 98.962656	 98.943993	  98.92534	 98.906701	 98.888079	 98.869478	 98.850901	 98.832352	 98.813834	  98.79535	 98.776904	 98.758499	 98.740138	 98.721825	 98.703562	 98.685354	 98.667204	 98.649114	 98.631087	 98.613128	 98.595238	 98.577422	 98.559681	 98.542019	 98.524439	 98.506944	 98.489536	 98.472218	 98.454993	 98.437864	 98.420834	 98.403904	 98.387078	 98.370357	 98.353745	 98.337244	 98.320856	 98.304582	 98.288427	  98.27239	 98.256476	 98.240685	  98.22502	 98.209482	 98.194073	 98.178796	 98.163651	 98.148641	 98.133766	 98.119029	 98.104431	 98.089974	 98.075658	 98.061484	 98.047455	 98.033571	 98.019833	 98.006243	   97.9928	 97.979506	 97.966362	 97.953369	 97.940527	 97.927836	 97.915298	 97.902913	  97.89068	 97.878602	 97.866677	 97.854906	 97.843289	 97.831827	 97.820519	 97.809366	 97.798366	 97.787521	  97.77683	 97.766293	  97.75591	 97.745679	 97.735602	 97.725676	 97.715903	 97.706281	  97.69681	 97.687489	 97.678318	 97.669295	 97.660421	 97.651694	 97.643113	 97.634678	 97.626387	  97.61824	 97.610236	 97.602373	 97.594652	 97.587069	 97.579625	 97.572319	 97.565148	 97.558112	  97.55121	 97.544441	 97.537802	 97.531294	 97.524914	 97.518661	 97.512534	 97.506531	 97.500652	 97.494894	 97.489257	 97.483738	 97.478336	 97.473051	  97.46788	 97.462821	 97.457875	 97.453038	  97.44831	 97.443689	 97.439173	 97.434761	 97.430452	 97.426244	 97.422135	 97.418125	  97.41421	 97.410391	 97.406665	 97.403032	 97.399489	 97.396035	 97.392668	 97.389388	 97.386192	  97.38308	  97.38005	   97.3771	 97.374229	 97.371436	 97.368719	 97.366077	 97.363508	 97.361012	 97.358587	 97.356231	 97.353944	 97.351724	  97.34957	 97.347481	 97.345455	 97.343491	 97.341589	 97.339746	 97.337963	 97.336237	 97.334568	 97.332954	 97.331395	  97.32989	 97.328437	 97.327036	 97.325686	 97.324385	 97.323133	  97.32193	 97.320774	 97.319664	 97.318599	  97.31758	 97.316604	 97.315672	 97.314783	 97.313936	  97.31313	 97.312365	  97.31164	 97.310955	 97.310309	 97.309702	 97.309133	 97.308601	 97.308107	  97.30765	 97.307229	 97.306845	 97.306496	 97.306184	 97.305906	 97.305664	 97.305457	 97.305284	 97.305146	 97.305043	 97.304974	  97.30494	
        99	 98.971994	 98.943993	 98.916002	 98.888027	 98.860073	 98.832145	 98.804248	 98.776387	 98.748567	 98.720794	 98.693072	 98.665407	 98.637804	 98.610267	 98.582802	 98.555412	 98.528105	 98.500883	 98.473752	 98.446717	 98.419782	 98.392951	 98.366231	 98.339624	 98.313135	 98.286769	  98.26053	 98.234422	  98.20845	 98.182617	 98.156927	 98.131385	 98.105995	 98.080759	 98.055682	 98.030768	  98.00602	 97.981441	 97.957035	 97.932805	 97.908755	 97.884886	 97.861204	 97.837709	 97.814406	 97.791297	 97.768384	 97.745671	 97.723159	  97.70085	 97.678749	 97.656855	 97.635172	 97.613701	 97.592444	 97.571404	 97.550581	 97.529977	 97.509594	 97.489434	 97.469496	 97.449784	 97.430296	 97.411036	 97.392003	 97.373199	 97.354624	 97.336278	 97.318163	 97.300278	 97.282625	 97.265202	 97.248012	 97.231052	 97.214325	 97.197828	 97.181563	 97.165529	 97.149726	 97.134153	  97.11881	 97.103696	  97.08881	 97.074153	 97.059722	 97.045518	 97.031539	 97.017784	 97.004252	 96.990942	 96.977854	 96.964984	 96.952333	 96.939899	 96.927681	 96.915676	 96.903885	 96.892303	 96.880932	 96.869767	 96.858809	 96.848055	 96.837503	 96.827152	 96.816999	 96.807043	 96.797282	 96.787713	 96.778335	 96.769146	 96.760144	 96.751326	  96.74269	 96.734235	 96.725958	 96.717858	  96.70993	 96.702175	 96.694589	  96.68717	 96.679916	 96.672825	 96.665894	 96.659122	 96.652505	 96.646043	 96.639731	 96.633569	 96.627554	 96.621684	 96.615956	 96.610368	 96.604918	 96.599604	 96.594424	 96.589375	 96.584456	 96.579663	 96.574995	  96.57045	 96.566026	  96.56172	 96.557531	 96.553456	 96.549494	 96.545642	 96.541898	 96.538261	 96.534729	 96.531298	 96.527969	 96.524738	 96.521605	 96.518566	 96.515621	 96.512768	 96.510005	  96.50733	 96.504741	 96.502238	 96.499818	  96.49748	 96.495222	 96.493043	 96.490942	 96.488917	 96.486966	 96.485089	 96.483284	  96.48155	 96.479885	 96.478289	  96.47676	 96.475297	 96.473899	 96.472566	 96.471295	 96.470086	 96.468939	 96.467852	 96.466824	 96.465856	 96.464945	 96.464091	 96.463294	 96.462553	 96.461867	 96.461237	  96.46066	 96.460138	 96.459668	 96.459252	 96.458889	 96.458578	 96.458319	 96.458113	 96.457958	 96.457855	 96.457803	
        99	 98.962667	  98.92534	 98.888027	 98.850735	 98.813471	 98.776242	 98.739053	 98.701913	 98.664829	 98.627806	 98.590852	 98.553973	 98.517176	 98.480468	 98.443856	 98.407345	 98.370943	 98.334655	 98.298488	 98.262449	 98.226543	 98.190777	 98.155157	 98.119689	 98.084378	 98.049231	 98.014253	  97.97945	 97.944828	 97.910391	 97.876146	 97.842098	 97.808251	 97.774611	 97.741182	 97.707971	  97.67498	 97.642215	 97.609681	 97.577382	 97.545321	 97.513504	 97.481934	 97.450615	  97.41955	 97.388745	 97.358201	 97.327923	 97.297913	 97.268176	 97.238713	 97.209528	 97.180623	 97.152002	 97.123666	 97.095618	  97.06786	 97.040394	 97.013223	 96.986348	  96.95977	 96.933492	 96.907515	  96.88184	 96.856469	 96.831402	  96.80664	 96.782184	 96.758036	 96.734195	 96.710662	 96.687437	 96.664521	 96.641914	 96.619615	 96.597625	 96.575943	 96.554569	 96.533502	 96.512743	  96.49229	 96.472142	 96.452299	  96.43276	 96.413523	 96.394588	 96.375953	 96.357617	 96.339579	 96.321837	 96.304389	 96.287233	 96.270369	 96.253794	 96.237506	 96.221504	 96.205785	 96.190346	 96.175187	 96.160305	 96.145697	 96.131361	 96.117295	 96.103496	 96.089962	  96.07669	 96.063678	 96.050923	 96.038422	 96.026172	 96.014172	 96.002417	 95.990906	 95.979635	 95.968601	 95.957802	 95.947235	 95.936897	 95.926784	 95.916895	 95.907225	 95.897772	 95.888533	 95.879505	 95.870685	  95.86207	 95.853656	 95.845442	 95.837424	 95.829598	 95.821963	 95.814514	 95.807249	 95.800166	  95.79326	  95.78653	 95.779972	 95.773583	 95.767361	 95.761302	 95.755404	 95.749665	  95.74408	 95.738648	 95.733366	 95.728231	 95.723241	 95.718392	 95.713683	 95.709111	 95.704672	 95.700366	 95.696189	 95.692138	 95.688212	 95.684409	 95.680725	 95.677159	 95.673709	 95.670372	 95.667146	 95.664029	 95.661019	 95.658115	 95.655314	 95.652614	 95.650014	 95.647512	 95.645106	 95.642794	 95.640575	 95.638447	 95.636409	 95.634458	 95.632595	 95.630817	 95.629123	 95.627512	 95.625983	 95.624534	 95.623164	 95.621872	 95.620658	  95.61952	 95.618458	  95.61747	 95.616556	 95.615715	 95.614947	  95.61425	 95.613625	  95.61307	 95.612586	 95.612171	 95.611826	 95.611551	 95.611344	 95.611207	 95.611138	
        99	 98.953346	 98.906701	 98.860073	 98.813471	 98.766904	  98.72038	 98.673907	 98.627496	 98.581153	 98.534887	 98.488707	 98.442621	 98.396638	 98.350766	 98.305013	 98.259387	 98.213897	  98.16855	 98.123354	 98.078318	 98.033448	 97.988753	  97.94424	 97.899917	 97.855791	  97.81187	 97.768159	 97.724668	 97.681402	 97.638368	 97.595574	 97.553025	 97.510728	  97.46869	 97.426916	 97.385413	 97.344186	 97.303242	 97.262585	 97.222222	 97.182158	 97.142397	 97.102945	 97.063807	 97.024988	 96.986492	 96.948323	 96.910485	 96.872984	 96.835822	 96.799004	 96.762533	 96.726412	 96.690645	 96.655235	 96.620185	 96.585497	 96.551175	  96.51722	 96.483635	 96.450423	 96.417584	 96.385122	 96.353037	 96.321332	 96.290007	 96.259063	 96.228502	 96.198325	 96.168532	 96.139124	 96.110101	 96.081464	 96.053213	 96.025347	 95.997867	 95.970772	 95.944062	 95.917736	 95.891794	 95.866235	 95.841057	  95.81626	 95.791843	 95.767804	 95.744142	 95.720855	 95.697941	 95.675399	 95.653228	 95.631424	 95.609986	 95.588911	 95.568198	 95.547844	 95.527847	 95.508203	 95.488911	 95.469967	 95.451369	 95.433115	   95.4152	 95.397622	 95.380378	 95.363465	  95.34688	 95.330619	  95.31468	 95.299058	  95.28375	 95.268754	 95.254064	 95.239679	 95.225594	 95.211806	 95.198311	 95.185106	 95.172187	  95.15955	 95.147191	 95.135107	 95.123294	 95.111749	 95.100467	 95.089445	 95.078679	 95.068165	   95.0579	  95.04788	 95.038101	 95.028559	 95.019251	 95.010172	  95.00132	 94.992691	  94.98428	 94.976085	 94.968101	 94.960325	 94.952754	 94.945384	 94.938212	 94.931233	 94.924445	 94.917844	 94.911428	 94.905191	 94.899132	 94.893247	 94.887533	 94.881987	 94.876605	 94.871385	 94.866324	 94.861418	 94.856665	 94.852061	 94.847605	 94.843293	 94.839123	 94.835092	 94.831197	 94.827436	 94.823807	 94.820306	 94.816933	 94.813683	 94.810556	 94.807549	  94.80466	 94.801887	 94.799228	 94.796681	 94.794244	 94.791916	 94.789694	 94.787577	 94.785564	 94.783652	 94.781842	  94.78013	 94.778516	 94.776999	 94.775577	 94.774249	 94.773015	 94.771872	 94.770822	 94.769861	 94.768991	 94.768209	 94.767516	 94.766911	 94.766393	 94.765962	 94.765618	  94.76536	 94.765188	 94.765102	
        99	 98.944034	 98.888079	 98.832145	 98.776242	  98.72038	  98.66457	 98.608822	 98.553147	 98.497554	 98.442054	 98.386657	 98.331373	 98.276212	 98.221185	   98.1663	 98.111567	 98.056997	 98.002599	 97.948383	 97.894357	 97.840532	 97.786916	 97.733519	  97.68035	 97.627416	 97.574728	 97.522294	 97.470122	 97.418221	 97.366598	 97.315262	 97.264221	 97.213482	 97.163053	 97.112941	 97.063154	 97.013699	 96.964582	 96.915811	 96.867392	 96.819331	 96.771635	 96.724309	 96.677359	 96.630792	 96.584612	 96.538825	 96.493435	 96.448449	  96.40387	 96.359703	 96.315952	 96.272622	 96.229716	 96.187239	 96.145193	 96.103582	 96.062409	 96.021677	 95.981389	 95.941548	 95.902155	 95.863214	 95.824725	 95.786691	 95.749114	 95.711994	 95.675334	 95.639134	 95.603394	 95.568117	 95.533301	 95.498948	 95.465058	  95.43163	 95.398665	 95.366163	 95.334122	 95.302541	 95.271421	 95.240761	 95.210558	 95.180812	 95.151521	 95.122684	 95.094299	 95.066364	 95.038877	 95.011836	 94.985239	 94.959083	 94.933366	 94.908086	 94.883238	 94.858822	 94.834833	 94.811269	 94.788126	 94.765401	 94.743092	 94.721193	 94.699703	 94.678617	 94.657931	 94.637643	 94.617747	 94.598241	  94.57912	  94.56038	 94.542017	 94.524027	 94.506406	  94.48915	 94.472254	 94.455714	 94.439525	 94.423684	 94.408186	 94.393027	 94.378202	 94.363706	 94.349535	 94.335686	 94.322152	  94.30893	 94.296015	 94.283403	 94.271089	 94.259069	 94.247338	 94.235892	 94.224726	 94.213835	 94.203216	 94.192864	 94.182775	 94.172944	 94.163367	 94.154039	 94.144957	 94.136116	 94.127512	  94.11914	 94.110998	 94.103079	 94.095382	 94.087901	 94.080633	 94.073573	 94.066719	 94.060065	 94.053609	 94.047347	 94.041276	  94.03539	 94.029689	 94.024167	 94.018821	 94.013648	 94.008646	  94.00381	 93.999138	 93.994626	 93.990272	 93.986073	 93.982026	 93.978129	 93.974378	  93.97077	 93.967305	 93.963978	 93.960788	 93.957733	 93.954809	 93.952016	 93.949351	 93.946812	 93.944397	 93.942104	 93.939931	 93.937878	 93.935942	 93.934122	 93.932416	 93.930824	 93.929343	 93.927973	 93.926712	  93.92556	 93.924516	 93.923578	 93.922747	 93.922021	 93.921399	 93.920882	 93.920469	  93.92016	 93.919954	 93.919851	
        99	 98.934733	 98.869478	 98.804248	 98.739053	 98.673907	 98.608822	 98.543809	 98.478881	 98.414048	 98.349325	 98.284721	 98.220249	  98.15592	 98.091747	  98.02774	 97.963912	 97.900272	 97.836833	 97.773606	 97.710602	 97.647831	 97.585304	 97.523033	 97.461026	 97.399296	 97.337851	 97.276703	  97.21586	 97.155332	  97.09513	 97.035262	 96.975738	 96.916566	 96.857756	 96.799316	 96.741255	  96.68358	   96.6263	 96.569424	 96.512957	 96.456908	 96.401285	 96.346094	 96.291341	 96.237034	 96.183179	 96.129783	  96.07685	 96.024387	 95.972399	 95.920891	 95.869869	 95.819338	 95.769301	 95.719764	  95.67073	 95.622203	 95.574188	 95.526686	 95.479703	  95.43324	   95.3873	 95.341887	 95.297001	 95.252646	 95.208824	 95.165535	 95.122781	 95.080565	 95.038886	 94.997745	 94.957143	 94.917081	 94.877558	 94.838575	 94.800131	 94.762227	  94.72486	 94.688032	  94.65174	 94.615983	 94.580761	 94.546071	 94.511912	 94.478282	  94.44518	 94.412602	 94.380547	 94.349012	 94.317994	 94.287492	   94.2575	 94.228018	 94.199041	 94.170567	 94.142591	  94.11511	 94.088121	  94.06162	 94.035602	 94.010065	 93.985003	 93.960412	 93.936289	 93.912628	 93.889426	 93.866678	 93.844379	 93.822524	  93.80111	  93.78013	  93.75958	 93.739456	 93.719752	 93.700463	 93.681584	  93.66311	 93.645037	 93.627358	 93.610069	 93.593164	 93.576638	 93.560487	 93.544704	 93.529284	 93.514223	 93.499515	 93.485154	 93.471136	 93.457456	 93.444107	 93.431085	 93.418385	 93.406001	 93.393929	 93.382163	 93.370698	 93.359529	 93.348651	 93.338059	 93.327749	 93.317715	 93.307952	 93.298456	 93.289222	 93.280245	  93.27152	 93.263044	 93.254811	 93.246818	 93.239059	  93.23153	 93.224227	 93.217146	 93.210283	 93.203633	 93.197194	  93.19096	 93.184927	 93.179093	 93.173454	 93.168005	 93.162744	 93.157666	 93.152769	  93.14805	 93.143504	  93.13913	 93.134923	 93.130882	 93.127002	 93.123282	 93.119719	  93.11631	 93.113052	 93.109944	 93.106983	 93.104166	 93.101492	 93.098959	 93.096564	 93.094307	 93.092184	 93.090195	 93.088337	  93.08661	 93.085012	 93.083542	 93.082199	 93.080981	 93.079888	 93.078918	 93.078071	 93.077347	 93.076744	 93.076262	 93.075901	 93.075661	 93.075541	
        99	 98.925444	 98.850901	 98.776387	 98.701913	 98.627496	 98.553147	 98.478881	 98.404711	 98.330652	 98.256716	 98.182917	 98.109269	 98.035785	 97.962478	 97.889361	 97.816448	 97.743751	 97.671283	 97.599057	 97.527085	  97.45538	 97.383954	  97.31282	 97.241988	 97.171472	 97.101282	  97.03143	 96.961927	 96.892785	 96.824015	 96.755626	  96.68763	 96.620036	 96.552856	 96.486098	 96.419773	  96.35389	 96.288458	 96.223486	 96.158983	 96.094957	 96.031416	  95.96837	 95.905825	 95.843788	 95.782268	 95.721272	 95.660805	 95.600875	 95.541488	  95.48265	 95.424366	 95.366642	 95.309484	 95.252896	 95.196883	  95.14145	   95.0866	 95.032338	 94.978668	 94.925592	 94.873114	 94.821237	 94.769963	 94.719295	 94.669235	 94.619785	 94.570947	 94.522721	  94.47511	 94.428114	 94.381733	 94.335969	 94.290821	  94.24629	 94.202375	 94.159075	 94.116391	  94.07432	 94.032863	 93.992017	 93.951781	 93.912154	 93.873134	 93.834718	 93.796904	 93.759689	 93.723072	 93.687048	 93.651616	 93.616772	 93.582513	 93.548834	 93.515733	 93.483206	 93.451248	 93.419856	 93.389026	 93.358753	 93.329032	  93.29986	 93.271231	  93.24314	 93.215584	 93.188556	 93.162051	 93.136065	 93.110592	 93.085627	 93.061165	 93.037199	 93.013725	 92.990736	 92.968227	 92.946193	 92.924628	 92.903525	 92.882878	 92.862683	 92.842933	 92.823623	 92.804745	 92.786294	 92.768265	 92.750651	 92.733446	 92.716645	  92.70024	 92.684227	 92.668599	 92.653351	 92.638476	 92.623968	 92.609822	 92.596031	  92.58259	 92.569493	 92.556735	 92.544309	  92.53221	 92.520432	 92.508969	 92.497817	 92.486969	 92.476421	 92.466167	 92.456201	 92.446518	 92.437113	 92.427982	 92.419118	 92.410518	 92.402176	 92.394087	 92.386247	 92.378651	 92.371295	 92.364174	 92.357283	 92.350618	 92.344176	 92.337952	 92.331942	 92.326142	 92.320548	 92.315157	 92.309964	 92.304967	 92.300162	 92.295545	 92.291113	 92.286864	 92.282793	 92.278899	 92.275178	 92.271627	 92.268244	 92.265027	 92.261973	 92.259079	 92.256343	 92.253764	 92.251339	 92.249067	 92.246945	 92.244973	 92.243147	 92.241468	 92.239933	 92.238542	 92.237293	 92.236185	 92.235218	 92.234391	 92.233702	 92.233152	 92.232739	 92.232465	 92.232327	
        99	 98.916168	 98.832352	 98.748567	 98.664829	 98.581153	 98.497554	 98.414048	 98.330652	 98.247378	 98.164244	 98.081264	 97.998454	 97.915827	   97.8334	 97.751187	 97.669203	 97.587462	 97.505978	 97.424766	 97.343841	 97.263215	 97.182903	 97.102919	 97.023275	 96.943986	 96.865064	 96.786521	 96.708372	 96.630628	 96.553302	 96.476405	 96.399949	 96.323947	 96.248408	 96.173345	 96.098769	 96.024689	 95.951117	 95.878061	 95.805533	 95.733542	 95.662097	 95.591207	  95.52088	 95.451126	 95.381953	 95.313367	 95.245378	 95.177992	 95.111217	 95.045058	 94.979524	 94.914619	 94.850349	 94.786721	  94.72374	  94.66141	 94.599737	 94.538724	 94.478376	 94.418697	 94.359691	 94.301359	 94.243707	 94.186735	 94.130448	 94.074846	 94.019931	 93.965706	 93.912172	 93.859329	 93.807178	  93.75572	 93.704956	 93.654884	 93.605505	 93.556819	 93.508824	  93.46152	 93.414904	 93.368977	 93.323736	 93.279179	 93.235304	 93.192108	  93.14959	 93.107746	 93.066573	 93.026068	 92.986228	 92.947048	 92.908527	 92.870658	 92.833439	 92.796865	 92.760932	 92.725635	 92.690969	 92.656929	 92.623511	 92.590709	 92.558518	 92.526933	 92.495948	 92.465558	 92.435756	 92.406537	 92.377895	 92.349824	 92.322318	 92.295371	 92.268976	 92.243128	 92.217819	 92.193043	 92.168795	 92.145066	 92.121851	 92.099144	 92.076937	 92.055224	 92.033997	 92.013251	 91.992979	 91.973174	 91.953829	 91.934937	 91.916492	 91.898486	 91.880914	 91.863768	 91.847043	  91.83073	 91.814824	 91.799317	 91.784204	 91.769478	 91.755132	 91.741161	 91.727556	 91.714313	 91.701425	 91.688885	 91.676688	 91.664827	 91.653297	 91.642091	 91.631204	 91.620629	 91.610361	 91.600395	 91.590725	 91.581345	  91.57225	 91.563435	 91.554894	 91.546622	 91.538615	 91.530867	 91.523373	  91.51613	 91.509131	 91.502373	 91.495852	 91.489562	   91.4835	 91.477661	 91.472042	 91.466639	 91.461448	 91.456465	 91.451687	  91.44711	 91.442731	 91.438547	 91.434555	 91.430751	 91.427133	 91.423699	 91.420445	 91.417369	 91.414469	 91.411743	 91.409188	 91.406802	 91.404584	 91.402532	 91.400643	 91.398918	 91.397354	 91.395949	 91.394704	 91.393616	 91.392686	 91.391911	 91.391293	 91.390829	  91.39052	 91.390366	
        99	 98.906908	 98.813834	 98.720794	 98.627806	 98.534887	 98.442054	 98.349325	 98.256716	 98.164244	 98.071927	 97.979781	 97.887823	  97.79607	 97.704538	 97.613244	 97.522204	 97.431433	 97.340949	 97.250767	 97.160902	 97.071371	 96.982188	 96.893368	 96.804927	  96.71688	  96.62924	 96.542022	  96.45524	 96.368909	 96.283041	  96.19765	 96.112749	 96.028351	 95.944469	 95.861115	 95.778301	 95.696038	 95.614339	 95.533214	 95.452675	 95.372731	 95.293394	 95.214674	 95.136579	  95.05912	 94.982305	 94.906144	 94.830645	 94.755815	 94.681664	 94.608198	 94.535424	  94.46335	 94.391981	 94.321325	 94.251387	 94.182172	 94.113686	 94.045934	 93.978921	 93.912649	 93.847125	  93.78235	 93.718329	 93.655065	  93.59256	 93.530816	 93.469836	 93.409621	 93.350173	 93.291493	 93.233582	  93.17644	 93.120068	 93.064466	 93.009633	 92.955568	 92.902272	 92.849742	 92.797978	 92.746978	 92.696739	  92.64726	 92.598539	 92.550572	 92.503357	 92.456891	  92.41117	 92.366191	  92.32195	 92.278443	 92.235666	 92.193615	 92.152285	 92.111671	 92.071768	 92.032572	 91.994077	 91.956277	 91.919168	 91.882743	 91.846996	 91.811922	 91.777514	 91.743767	 91.710673	 91.678227	 91.646421	  91.61525	 91.584705	 91.554782	 91.525471	 91.496767	 91.468663	 91.441151	 91.414224	 91.387874	 91.362095	 91.336879	 91.312219	 91.288108	 91.264537	 91.241499	 91.218988	 91.196995	 91.175513	 91.154534	 91.134051	 91.114057	 91.094544	 91.075505	 91.056931	 91.038817	 91.021153	 91.003934	 90.987152	 90.970799	 90.954869	 90.939353	 90.924246	  90.90954	 90.895228	 90.881303	 90.867759	 90.854588	 90.841784	 90.829341	 90.817251	 90.805508	 90.794106	 90.783039	 90.772301	 90.761885	 90.751785	 90.741996	 90.732512	 90.723326	 90.714435	 90.705831	  90.69751	 90.689466	 90.681694	  90.67419	 90.666948	 90.659963	 90.653232	 90.646748	 90.640509	 90.634509	 90.628744	 90.623211	 90.617905	 90.612822	  90.60796	 90.603313	  90.59888	 90.594656	 90.590639	 90.586825	 90.583212	 90.579797	 90.576576	 90.573549	 90.570711	 90.568062	 90.565599	  90.56332	 90.561223	 90.559307	  90.55757	  90.55601	 90.554627	  90.55342	 90.552386	 90.551526	 90.550839	 90.550325	 90.549982	  90.54981	
        99	 98.897665	  98.79535	 98.693072	 98.590852	 98.488707	 98.386657	 98.284721	 98.182917	 98.081264	 97.979781	 97.878486	 97.777398	 97.676535	 97.575916	 97.475557	 97.375477	 97.275695	 97.176227	  97.07709	 96.978303	 96.879883	 96.781845	 96.684207	 96.586985	 96.490195	 96.393853	 96.297976	 96.202578	 96.107675	 96.013281	 95.919412	 95.826082	 95.733304	 95.641094	 95.549463	 95.458427	 95.367997	 95.278186	 95.189006	  95.10047	  95.01259	 94.925375	 94.838839	  94.75299	 94.667841	 94.583399	 94.499676	 94.416681	 94.334422	 94.252908	 94.172148	 94.092149	 94.012918	 93.934464	 93.856792	  93.77991	 93.703823	 93.628538	 93.554059	 93.480391	  93.40754	  93.33551	 93.264304	 93.193927	 93.124381	  93.05567	 92.987796	 92.920761	 92.854568	 92.789217	 92.724711	  92.66105	 92.598235	 92.536266	 92.475143	 92.414865	 92.355433	 92.296845	   92.2391	 92.182196	 92.126132	 92.070906	 92.016514	 91.962955	 91.910226	 91.858323	 91.807243	 91.756983	 91.707538	 91.658904	 91.611078	 91.564054	 91.517827	 91.472394	 91.427747	 91.383883	 91.340795	 91.298478	 91.256925	 91.216131	  91.17609	 91.136794	 91.098237	 91.060414	 91.023315	 90.986936	 90.951268	 90.916305	 90.882038	 90.848461	 90.815566	 90.783346	 90.751792	 90.720897	 90.690653	 90.661053	 90.632087	 90.603749	 90.576029	 90.548921	 90.522415	 90.496504	 90.471179	 90.446432	 90.422256	 90.398641	 90.375579	 90.353063	 90.331083	 90.309633	 90.288703	 90.268286	 90.248372	 90.228955	 90.210027	 90.191578	 90.173602	  90.15609	 90.139034	 90.122427	 90.106261	 90.090528	  90.07522	 90.060331	 90.045852	 90.031777	 90.018098	 90.004808	 89.991899	 89.979366	   89.9672	 89.955395	 89.943945	 89.932842	 89.922081	 89.911655	 89.901558	 89.891783	 89.882325	 89.873178	 89.864335	 89.855792	 89.847543	 89.839582	 89.831904	 89.824504	 89.817377	 89.810518	 89.803922	 89.797585	 89.791502	 89.785669	 89.780082	 89.774737	 89.769629	 89.764756	 89.760113	 89.755697	 89.751504	 89.747532	 89.743778	 89.740237	 89.736909	  89.73379	 89.730878	  89.72817	 89.725665	  89.72336	 89.721253	 89.719344	  89.71763	 89.716109	 89.714782	 89.713646	   89.7127	 89.711945	 89.711379	 89.711002	 89.710814	
        99	 98.888441	 98.776904	 98.665407	 98.553973	 98.442621	 98.331373	 98.220249	 98.109269	 97.998454	 97.887823	 97.777398	 97.667199	 97.557244	 97.447555	 97.338151	  97.22905	 97.120274	  97.01184	 96.903768	 96.796077	 96.688785	  96.58191	 96.475472	 96.369487	 96.263973	 96.158947	 96.054428	 95.950431	 95.846974	 95.744072	 95.641742	 95.539999	  95.43886	 95.338337	 95.238448	 95.139206	 95.040625	 94.942719	 94.845501	 94.748985	 94.653183	 94.558108	 94.463771	 94.370185	  94.27736	 94.185307	 94.094038	 94.003562	 93.913888	 93.825027	 93.736987	 93.649777	 93.563406	  93.47788	 93.393207	 93.309395	  93.22645	 93.144379	 93.063187	 92.982879	 92.903462	 92.824939	 92.747315	 92.670594	  92.59478	 92.519875	 92.445883	 92.372806	 92.300647	 92.229406	 92.159085	 92.089686	 92.021209	 91.953655	 91.887022	 91.821312	 91.756523	 91.692654	 91.629704	 91.567671	 91.506553	 91.446349	 91.387055	 91.328668	 91.271186	 91.214605	 91.158921	 91.104131	 91.050229	 90.997212	 90.945075	 90.893812	 90.843419	  90.79389	 90.745219	 90.697401	  90.65043	 90.604298	    90.559	 90.514529	 90.470878	 90.428041	 90.386009	 90.344776	 90.304334	 90.264675	 90.225793	 90.187678	 90.150322	 90.113719	 90.077859	 90.042734	 90.008337	 89.974657	 89.941687	 89.909418	 89.877842	 89.846949	 89.816731	 89.787179	 89.758284	 89.730038	  89.70243	 89.675453	 89.649097	 89.623354	 89.598214	 89.573668	 89.549707	 89.526323	 89.503507	 89.481249	 89.459541	 89.438374	 89.417739	 89.397628	 89.378031	  89.35894	 89.340347	 89.322243	  89.30462	 89.287469	 89.270782	  89.25455	 89.238767	 89.223423	 89.208511	 89.194023	 89.179951	 89.166287	 89.153025	 89.140156	 89.127674	 89.115571	  89.10384	 89.092474	 89.081466	 89.070811	   89.0605	 89.050528	 89.040889	 89.031576	 89.022583	 89.013904	 89.005534	 88.997467	 88.989697	  88.98222	  88.97503	 88.968122	 88.961491	 88.955132	 88.949041	 88.943214	 88.937646	 88.932334	 88.927272	 88.922458	 88.917887	 88.913557	 88.909464	 88.905605	 88.901977	 88.898577	 88.895402	  88.89245	 88.889719	 88.887206	  88.88491	 88.882828	 88.880959	 88.879302	 88.877855	 88.876617	 88.875586	 88.874763	 88.874146	 88.873735	 88.873529	
        99	 98.879238	 98.758499	 98.637804	 98.517176	 98.396638	 98.276212	  98.15592	 98.035785	 97.915827	  97.79607	 97.676535	 97.557244	 97.438219	  97.31948	  97.20105	 97.082949	 96.965199	  96.84782	 96.730832	 96.614256	 96.498113	 96.382421	 96.267201	 96.152473	 96.038254	 95.924564	 95.811422	 95.698846	 95.586853	 95.475462	  95.36469	 95.254554	  95.14507	 95.036255	 94.928125	 94.820695	 94.713981	 94.607998	  94.50276	 94.398281	 94.294576	 94.191657	 94.089538	 93.988231	 93.887748	 93.788101	 93.689302	 93.591362	 93.494291	 93.398099	 93.302796	 93.208391	 93.114894	 93.022312	 92.930654	 92.839928	  92.75014	 92.661298	 92.573407	 92.486474	 92.400505	 92.315504	 92.231476	 92.148426	 92.066357	 91.985273	 91.905177	 91.826071	 91.747959	 91.670841	 91.594719	 91.519594	 91.445468	  91.37234	 91.300211	 91.229079	 91.158945	 91.089807	 91.021664	 90.954513	 90.888354	 90.823182	 90.758997	 90.695793	 90.633569	  90.57232	 90.512042	 90.452732	 90.394383	 90.336992	 90.280554	 90.225062	 90.170511	 90.116896	  90.06421	 90.012447	 89.961601	 89.911663	 89.862629	 89.814489	 89.767237	 89.720865	 89.675366	 89.630731	 89.586953	 89.544022	 89.501932	 89.460672	 89.420235	 89.380612	 89.341794	 89.303772	 89.266536	 89.230078	 89.194388	 89.159457	 89.125276	 89.091834	 89.059123	 89.027134	 88.995855	 88.965278	 88.935393	  88.90619	  88.87766	 88.849793	 88.822578	 88.796007	  88.77007	 88.744757	 88.720058	 88.695964	 88.672466	 88.649552	 88.627215	 88.605444	 88.584231	 88.563565	 88.543438	 88.523841	 88.504764	 88.486197	 88.468134	 88.450563	 88.433478	 88.416868	 88.400726	 88.385042	 88.369809	 88.355019	 88.340662	 88.326732	  88.31322	 88.300118	 88.287419	 88.275116	   88.2632	 88.251665	 88.240504	  88.22971	 88.219275	 88.209193	 88.199459	 88.190064	 88.181003	 88.172271	  88.16386	 88.155766	 88.147983	 88.140505	 88.133326	 88.126443	  88.11985	 88.113542	 88.107515	 88.101764	 88.096285	 88.091074	 88.086126	 88.081439	 88.077008	 88.072831	 88.068903	 88.065222	 88.061786	  88.05859	 88.055634	 88.052914	 88.050428	 88.048175	 88.046152	 88.044358	 88.042791	  88.04145	 88.040335	 88.039444	 88.038776	 88.038331	 88.038109	
        99	 98.870057	 98.740138	 98.610267	 98.480468	 98.350766	 98.221185	 98.091747	 97.962478	   97.8334	 97.704538	 97.575916	 97.447555	  97.31948	 97.191714	  97.06428	 96.937201	 96.810498	 96.684194	 96.558312	 96.432874	   96.3079	 96.183413	 96.059433	 95.935982	 95.813079	 95.690746	 95.569002	 95.447867	  95.32736	   95.2075	 95.088306	 94.969797	 94.851989	 94.734901	  94.61855	 94.502953	 94.388125	 94.274085	 94.160846	 94.048424	 93.936834	  93.82609	 93.716207	 93.607198	 93.499076	 93.391853	 93.285543	 93.180156	 93.075705	 92.972199	 92.869651	 92.768069	 92.667463	 92.567843	 92.469216	 92.371592	 92.274978	 92.179381	 92.084809	 91.991267	 91.898761	 91.807298	 91.716882	 91.627517	 91.539209	  91.45196	 91.365774	 91.280655	 91.196603	 91.113622	 91.031713	 90.950877	 90.871115	 90.792427	 90.714814	 90.638275	 90.562808	 90.488414	  90.41509	 90.342834	 90.271645	 90.201518	 90.132453	 90.064444	 89.997489	 89.931584	 89.866723	 89.802903	 89.740119	 89.678364	 89.617635	 89.557924	 89.499226	 89.441535	 89.384844	 89.329145	 89.274433	 89.220699	 89.167936	 89.116136	 89.065292	 89.015395	 88.966436	 88.918408	 88.871301	 88.825107	 88.779816	  88.73542	 88.691909	 88.649273	 88.607504	  88.56659	 88.526524	 88.487294	 88.448891	 88.411304	 88.374524	  88.33854	 88.303342	  88.26892	 88.235264	 88.202362	 88.170205	 88.138782	 88.108082	 88.078096	 88.048813	 88.020222	 87.992313	 87.965076	 87.938499	 87.912573	 87.887288	 87.862632	 87.838597	 87.815171	 87.792345	 87.770108	 87.748451	 87.727363	 87.706836	 87.686858	 87.667421	 87.648515	  87.63013	 87.612258	 87.594888	 87.578012	 87.561621	 87.545706	 87.530258	 87.515269	 87.500729	 87.486631	 87.472967	 87.459728	 87.446907	 87.434495	 87.422485	  87.41087	 87.399642	 87.388794	 87.378319	  87.36821	 87.358461	 87.349064	 87.340014	 87.331305	  87.32293	 87.314883	 87.307159	 87.299753	 87.292658	 87.285871	 87.279385	 87.273197	 87.267301	 87.261694	  87.25637	 87.251327	 87.246559	 87.242064	 87.237838	 87.233877	 87.230179	 87.226741	  87.22356	 87.220633	 87.217958	 87.215533	 87.213357	 87.211426	  87.20974	 87.208298	 87.207098	 87.206139	  87.20542	 87.204941	 87.204702	
        99	 98.860899	 98.721825	 98.582802	 98.443856	 98.305013	   98.1663	  98.02774	 97.889361	 97.751187	 97.613244	 97.475557	 97.338151	  97.20105	  97.06428	 96.927866	  96.79183	 96.656198	 96.520994	 96.386241	 96.251962	 96.118181	 95.984921	 95.852204	 95.720053	 95.588489	 95.457535	 95.327212	  95.19754	  95.06854	 94.940234	  94.81264	 94.685778	 94.559669	 94.434329	 94.309779	 94.186035	 94.063116	 93.941038	 93.819819	 93.699474	  93.58002	 93.461472	 93.343846	 93.227154	 93.111412	 92.996634	 92.882831	 92.770018	 92.658205	 92.547406	  92.43763	  92.32889	 92.221194	 92.114553	 92.008976	 91.904472	  91.80105	 91.698716	 91.597479	 91.497344	  91.39832	 91.300411	 91.203623	 91.107961	 91.013429	 90.920032	 90.827772	 90.736654	 90.646679	  90.55785	 90.470169	 90.383636	 90.298253	  90.21402	 90.130937	 90.049004	 89.968219	 89.888582	 89.810091	 89.732743	 89.656536	 89.581468	 89.507536	 89.434734	 89.363061	 89.292511	 89.223079	 89.154762	 89.087553	 89.021446	 88.956437	 88.892519	 88.829684	 88.767927	 88.707241	 88.647617	 88.589049	 88.531528	 88.475047	 88.419597	 88.365169	 88.311756	 88.259347	 88.207934	 88.157507	 88.108058	 88.059575	  88.01205	 87.965473	 87.919833	  87.87512	 87.831323	 87.788433	 87.746438	 87.705329	 87.665093	 87.625721	 87.587201	 87.549523	 87.512675	 87.476647	 87.441426	 87.407003	 87.373366	 87.340503	 87.308404	 87.277057	 87.246451	 87.216575	 87.187418	 87.158969	 87.131216	 87.104148	 87.077755	 87.052026	 87.026949	 87.002514	 86.978711	 86.955527	 86.932954	 86.910979	 86.889594	 86.868787	 86.848549	 86.828868	 86.809736	 86.791142	 86.773077	 86.755531	 86.738495	 86.721958	 86.705912	 86.690348	 86.675257	  86.66063	 86.646458	 86.632733	 86.619446	  86.60659	 86.594157	 86.582137	 86.570525	 86.559311	  86.54849	 86.538054	 86.527995	 86.518307	 86.508984	 86.500019	 86.491405	 86.483137	 86.475208	 86.467614	 86.460348	 86.453406	 86.446781	  86.44047	 86.434467	 86.428769	  86.42337	 86.418266	 86.413454	  86.40893	 86.404691	 86.400732	 86.397051	 86.393646	 86.390513	  86.38765	 86.385054	 86.382724	 86.380657	 86.378853	 86.377309	 86.376024	 86.374997	 86.374228	 86.373716	 86.373459	
        99	 98.851767	 98.703562	 98.555412	 98.407345	 98.259387	 98.111567	 97.963912	 97.816448	 97.669203	 97.522204	 97.375477	  97.22905	 97.082949	 96.937201	  96.79183	 96.646864	 96.502328	 96.358248	 96.214648	 96.071554	  95.92899	 95.786982	 95.645552	 95.504725	 95.364524	 95.224973	 95.086093	 94.947909	 94.810441	 94.673711	  94.53774	  94.40255	 94.268161	 94.134594	 94.001866	 93.869999	  93.73901	 93.608918	 93.479741	 93.351495	 93.224199	 93.097869	  92.97252	 92.848168	 92.724827	 92.602513	  92.48124	  92.36102	 92.241867	 92.123794	 92.006812	 91.890932	 91.776166	 91.662524	 91.550016	 91.438652	 91.328439	 91.219388	 91.111504	 91.004796	 90.899271	 90.794934	 90.691792	  90.58985	 90.489112	 90.389583	 90.291267	 90.194166	 90.098285	 90.003624	 89.910186	 89.817973	 89.726985	 89.637222	 89.548684	 89.461372	 89.375284	 89.290419	 89.206774	 89.124349	 89.043139	 88.963143	 88.884357	 88.806776	 88.730397	 88.655215	 88.581226	 88.508423	 88.436802	 88.366356	 88.297079	 88.228964	 88.162004	 88.096193	 88.031522	 87.967984	 87.905571	 87.844274	 87.784085	 87.724995	 87.666994	 87.610074	 87.554225	 87.499436	 87.445699	 87.393003	 87.341338	 87.290693	 87.241058	 87.192421	 87.144773	 87.098101	 87.052395	 87.007643	 86.963835	 86.920958	 86.879001	 86.837953	 86.797801	 86.758534	  86.72014	 86.682608	 86.645924	 86.610079	 86.575059	 86.540852	 86.507447	 86.474832	 86.442995	 86.411924	 86.381606	 86.352032	 86.323187	 86.295062	 86.267643	  86.24092	 86.214881	 86.189515	 86.164809	 86.140754	 86.117337	 86.094547	 86.072375	 86.050807	 86.029835	 86.009447	 85.989633	 85.970382	 85.951683	 85.933528	 85.915906	 85.898807	 85.882221	 85.866139	 85.850552	 85.835449	 85.820823	 85.806665	 85.792965	 85.779715	 85.766906	 85.754531	 85.742582	  85.73105	 85.719929	  85.70921	 85.698886	  85.68895	 85.679396	 85.670217	 85.661406	 85.652957	 85.644865	 85.637122	 85.629723	 85.622664	 85.615939	 85.609542	 85.603469	 85.597715	 85.592277	 85.587149	 85.582328	  85.57781	 85.573592	  85.56967	 85.566041	 85.562702	  85.55965	 85.556884	 85.554401	 85.552199	 85.550276	 85.548631	 85.547261	 85.546167	 85.545348	 85.544802	 85.544529	
        99	 98.842663	 98.685354	 98.528105	 98.370943	 98.213897	 98.056997	 97.900272	 97.743751	 97.587462	 97.431433	 97.275695	 97.120274	 96.965199	 96.810498	 96.656198	 96.502328	 96.348914	 96.195984	 96.043564	 95.891681	 95.740361	 95.589629	 95.439513	 95.290036	 95.141223	   94.9931	 94.845691	 94.699018	 94.553106	 94.407978	 94.263656	 94.120163	 93.977519	 93.835747	 93.694867	   93.5549	 93.415866	 93.277783	 93.140671	 93.004549	 92.869434	 92.735344	 92.602296	 92.470305	 92.339389	 92.209562	  92.08084	 91.953236	 91.826765	 91.701439	 91.577271	 91.454274	 91.332459	 91.211837	 91.092418	 90.974213	 90.857231	 90.741481	 90.626971	 90.513709	 90.401702	 90.290957	 90.181479	 90.073275	  89.96635	 89.860708	 89.756353	 89.653288	 89.551517	 89.451042	 89.351865	 89.253988	 89.157411	 89.062134	 88.968159	 88.875484	 88.784108	  88.69403	 88.605248	 88.517759	 88.431562	 88.346652	 88.263026	  88.18068	  88.09961	 88.019811	 87.941276	 87.864002	 87.787981	 87.713208	 87.639676	 87.567377	 87.496305	 87.426452	 87.357809	 87.290368	 87.224121	 87.159059	 87.095173	 87.032453	  86.97089	 86.910474	 86.851194	  86.79304	 86.736003	  86.68007	 86.625231	 86.571476	 86.518791	 86.467168	 86.416592	 86.367054	 86.318541	  86.27104	 86.224541	 86.179031	 86.134497	 86.090927	 86.048309	  86.00663	 85.965878	  85.92604	 85.887104	 85.849056	 85.811885	 85.775577	 85.740121	 85.705502	  85.67171	  85.63873	  85.60655	 85.575159	 85.544543	  85.51469	 85.485587	 85.457223	 85.429584	  85.40266	 85.376437	 85.350904	 85.326049	 85.301859	 85.278325	 85.255433	 85.233172	 85.211532	   85.1905	 85.170067	  85.15022	  85.13095	 85.112245	 85.094096	 85.076491	 85.059422	 85.042877	 85.026847	 85.011323	 84.996294	 84.981753	 84.967689	 84.954094	 84.940959	 84.928275	 84.916035	 84.904231	 84.892853	 84.881895	  84.87135	 84.861209	 84.851466	 84.842114	 84.833146	 84.824556	 84.816337	 84.808485	 84.800992	 84.793853	 84.787063	 84.780618	 84.774511	 84.768738	 84.763295	 84.758178	 84.753383	 84.748905	 84.744742	  84.74089	 84.737346	 84.734108	 84.731172	 84.728536	 84.726199	 84.724157	 84.722411	 84.720958	 84.719796	 84.718926	 84.718347	 84.718057	
