Time step 83:
        99	        99	        99	        99	        99	        99	        99	        99	        99	        99	        99	        99	        99	        99	        99	        99	        99	        99	        99	        99	        99	        99	        99	        99	        99	        99	        99	        99	        99	        99	        99	        99	        99	        99	        99	        99	        99	        99	        99	        99	        99	        99	        99	        99	        99	        99	        99	        99	        99	        99	        99	        99	        99	        99	        99	        99	        99	        99	        99	        99	        99	        99	        99	        99	        99	        99	        99	        99	        99	        99	        99	        99	        99	        99	        99	        99	        99	        99	        99	        99	        99	        99	        99	        99	        99	        99	        99	        99	        99	        99	        99	        99	        99	        99	        99	        99	        99	        99	        99	        99	        99	        99	        99	        99	        99	        99	        99	        99	        99	        99	        99	        99	        99	        99	        99	        99	        99	        99	        99	        99	        99	        99	        99	        99	        99	        99	        99	        99	        99	        99	        99	        99	        99	        99	        99	        99	        99	        99	        99	        99	        99	        99	        99	        99	        99	        99	        99	        99	        99	        99	        99	        99	        99	        99	        99	        99	        99	        99	        99	        99	        99	        99	        99	        99	        99	        99	        99	        99	        99	        99	        99	        99	        99	        99	        99	        99	        99	        99	        99	        99	        99	        99	        99	        99	        99	        99	        99	        99	        99	        99	        99	        99	        99	        99	        99	        99	        99	        99	        99	        99	
        99	  98.99235	 98.984701	 98.977054	 98.969411	 98.961773	  98.95414	 98.946515	 98.938897	 98.931289	 98.923691	 98.916105	 98.908531	 98.900971	 98.893426	 98.885897	 98.878386	 98.870892	 98.863418	 98.855965	 98.848533	 98.841123	 98.833737	 98.826376	 98.819041	 98.811732	 98.804451	 98.797199	 98.789977	 98.782785	 98.775625	 98.768497	 98.761403	 98.754344	  98.74732	 98.740332	 98.733381	 98.726469	 98.719595	 98.712761	 98.705967	 98.699214	 98.692504	 98.685836	 98.679212	 98.672632	 98.666097	 98.659607	 98.653164	 98.646768	 98.640419	 98.634118	 98.627866	 98.621664	 98.615511	 98.609409	 98.603357	 98.597357	 98.591409	 98.585513	  98.57967	  98.57388	 98.568144	 98.562461	 98.556833	 98.551259	 98.545741	 98.540277	  98.53487	 98.529517	 98.524221	 98.518981	 98.513798	 98.508671	 98.503601	 98.498588	 98.493632	 98.488733	 98.483891	 98.479106	 98.474379	 98.469709	 98.465097	 98.460542	 98.456044	 98.451604	 98.447221	 98.442895	 98.438627	 98.434415	  98.43026	 98.426163	 98.422122	 98.418137	 98.414209	 98.410337	 98.406521	  98.40276	 98.399055	 98.395406	 98.391811	 98.388272	 98.384786	 98.381355	 98.377978	 98.374655	 98.371385	 98.368168	 98.365003	 98.361891	 98.358831	 98.355822	 98.352865	 98.349958	 98.347102	 98.344296	 98.341539	 98.338832	 98.336174	 98.333564	 98.331002	 98.328487	  98.32602	   98.3236	 98.321225	 98.318897	 98.316614	 98.314376	 98.312182	 98.310033	 98.307927	 98.305864	 98.303843	 98.301865	 98.299929	 98.298034	  98.29618	 98.294366	 98.292592	 98.290857	 98.289162	 98.287504	 98.285885	 98.284304	  98.28276	 98.281252	 98.279781	 98.278346	 98.276946	 98.275581	  98.27425	 98.272954	 98.271692	 98.270462	 98.269266	 98.268102	  98.26697	  98.26587	 98.264801	 98.263763	 98.262756	 98.261778	 98.260831	 98.259913	 98.259024	 98.258164	 98.257332	 98.256529	 98.255753	 98.255005	 98.254284	  98.25359	 98.252922	 98.252281	 98.251666	 98.251077	 98.250513	 98.249974	 98.249461	 98.248973	 98.248509	  98.24807	 98.247655	 98.247264	 98.246897	 98.246553	 98.246234	 98.245937	 98.245664	 98.245414	 98.245188	 98.244984	 98.244803	 98.244645	  98.24451	 98.244397	 98.244307	 98.244239	 98.244194	 98.244172	
        99	 98.984701	 98.969404	 98.954112	 98.938827	 98.923552	 98.908287	 98.893037	 98.877803	 98.862588	 98.847393	 98.832222	 98.817076	 98.801957	 98.786869	 98.771812	  98.75679	 98.741804	 98.726857	 98.711951	 98.697088	 98.682271	   98.6675	 98.652779	 98.638109	 98.623493	 98.608932	 98.594429	 98.579985	 98.565603	 98.551284	  98.53703	 98.522843	 98.508725	 98.494678	 98.480704	 98.466803	 98.452979	 98.439232	 98.425565	 98.411978	 98.398474	 98.385054	  98.37172	 98.358472	 98.345313	 98.332244	 98.319266	  98.30638	 98.293589	 98.280892	 98.268292	 98.255789	 98.243385	  98.23108	 98.218877	 98.206775	 98.194775	  98.18288	 98.171089	 98.159404	 98.147825	 98.136353	 98.124989	 98.113733	 98.102587	 98.091551	 98.080625	  98.06981	 98.059106	 98.048515	 98.038036	  98.02767	 98.017417	 98.007278	 97.997252	  97.98734	 97.977543	  97.96786	 97.958292	 97.948838	 97.939499	 97.930275	 97.921166	 97.912171	 97.903291	 97.894526	 97.885875	 97.877339	 97.868916	 97.860608	 97.852413	 97.844331	 97.836363	 97.828507	 97.820763	 97.813132	 97.805611	 97.798202	 97.790904	 97.783715	 97.776636	 97.769667	 97.762805	 97.756051	 97.749405	 97.742865	 97.736431	 97.730103	 97.723879	 97.717759	 97.711742	 97.705828	 97.700015	 97.694303	 97.688691	 97.683178	 97.677764	 97.672448	 97.667229	 97.662105	 97.657077	 97.652143	 97.647302	 97.642554	 97.637898	 97.633332	 97.628856	 97.624469	  97.62017	 97.615958	 97.611833	 97.607793	 97.603837	 97.599964	 97.596175	 97.592466	 97.588839	 97.585291	 97.581822	 97.578431	 97.575117	  97.57188	 97.568717	 97.565629	 97.562614	 97.559672	 97.556801	 97.554002	 97.551272	 97.548611	 97.546019	 97.543494	 97.541035	 97.538643	 97.536315	 97.534051	 97.531851	 97.529714	 97.527638	 97.525623	 97.523669	 97.521774	 97.519938	 97.518161	 97.516441	 97.514778	 97.513171	 97.511619	 97.510123	 97.508681	 97.507293	 97.505958	 97.504676	 97.503446	 97.502267	  97.50114	 97.500063	 97.499037	  97.49806	 97.497132	 97.496254	 97.495424	 97.494642	 97.493908	 97.493221	 97.492582	 97.491989	 97.491443	 97.490944	  97.49049	 97.490083	 97.489721	 97.489405	 97.489134	 97.488909	 97.488729	 97.488594	 97.488504	 97.488459	
        99	 98.977054	 98.954112	 98.931177	 98.908253	 98.885342	 98.862449	 98.839576	 98.816728	 98.793908	 98.771119	 98.748365	 98.725648	 98.702974	 98.680344	 98.657762	 98.635231	 98.612756	 98.590338	 98.567982	  98.54569	 98.523466	 98.501313	 98.479234	 98.457233	 98.435311	 98.413473	  98.39172	 98.370058	 98.348487	 98.327011	 98.305633	 98.284356	 98.263182	 98.242114	 98.221154	 98.200307	 98.179573	 98.158955	 98.138457	 98.118079	 98.097826	 98.077698	 98.057699	  98.03783	 98.018094	 97.998493	 97.979028	 97.959703	 97.940517	 97.921475	 97.902577	 97.883825	 97.865221	 97.846767	 97.828463	 97.810313	 97.792316	 97.774475	 97.756791	 97.739266	 97.721899	 97.704694	  97.68765	 97.670769	 97.654051	 97.637499	 97.621112	 97.604892	 97.588839	 97.572954	 97.557237	  97.54169	 97.526312	 97.511105	 97.496068	 97.481203	 97.466509	 97.451986	 97.437636	 97.423457	  97.40945	 97.395616	 97.381954	 97.368464	 97.355145	 97.341999	 97.329025	 97.316221	 97.303589	 97.291128	 97.278837	 97.266717	 97.254765	 97.242983	 97.231369	 97.219923	 97.208644	 97.197532	 97.186586	 97.175804	 97.165187	 97.154734	 97.144443	 97.134314	 97.124345	 97.114537	 97.104888	 97.095396	 97.086061	 97.076882	 97.067858	 97.058987	 97.050269	 97.041702	 97.033286	 97.025018	 97.016898	 97.008925	 97.001096	 96.993412	 96.985871	  96.97847	  96.97121	 96.964089	 96.957105	 96.950258	 96.943545	 96.936965	 96.930518	 96.924201	 96.918013	 96.911954	 96.906021	 96.900213	 96.894529	 96.888967	 96.883527	 96.878206	 96.873003	 96.867917	 96.862947	 96.858091	 96.853348	 96.848716	 96.844194	 96.839782	 96.835477	 96.831278	 96.827183	 96.823193	 96.819305	 96.815518	 96.811831	 96.808242	 96.804751	 96.801356	 96.798056	  96.79485	 96.791737	 96.788715	 96.785784	 96.782942	 96.780189	 96.777523	 96.774943	 96.772449	 96.770039	 96.767712	 96.765468	 96.763305	 96.761223	 96.759221	 96.757298	 96.755453	 96.753686	 96.751995	  96.75038	  96.74884	 96.747375	 96.745984	 96.744666	 96.743422	 96.742249	 96.741148	 96.740118	 96.739159	 96.738271	 96.737452	 96.736703	 96.736023	 96.735411	 96.734869	 96.734395	 96.733989	 96.733651	  96.73338	 96.733178	 96.733043	 96.732975	
        99	 98.969411	 98.938827	 98.908253	 98.877692	  98.84715	 98.816631	  98.78614	 98.755681	 98.725259	  98.69488	 98.664546	 98.634263	 98.604035	 98.573867	 98.543763	 98.513728	 98.483766	 98.453881	 98.424078	 98.394361	 98.364735	 98.335202	 98.305769	 98.276439	 98.247215	 98.218102	 98.189105	 98.160226	  98.13147	  98.10284	 98.074341	 98.045977	  98.01775	 97.989664	 97.961724	 97.933931	 97.906291	 97.878806	 97.851479	 97.824315	 97.797315	 97.770483	 97.743822	 97.717335	 97.691025	 97.664894	 97.638946	 97.613183	 97.587607	 97.562222	 97.537029	 97.512031	  97.48723	 97.462628	 97.438228	 97.414032	 97.390041	 97.366257	 97.342683	 97.319319	 97.296168	 97.273231	  97.25051	 97.228006	  97.20572	 97.183654	 97.161809	 97.140186	 97.118785	 97.097609	 97.076657	 97.055931	 97.035432	 97.015159	 96.995114	 96.975297	 96.955708	 96.936348	 96.917217	 96.898316	 96.879643	 96.861201	 96.842988	 96.825004	  96.80725	 96.789725	 96.772428	  96.75536	 96.738521	 96.721909	 96.705524	 96.689366	 96.673433	 96.657726	 96.642244	 96.626985	  96.61195	 96.597136	 96.582543	 96.568171	 96.554017	 96.540082	 96.526363	  96.51286	 96.499571	 96.486496	 96.473632	 96.460979	 96.448534	 96.436298	 96.424268	 96.412442	  96.40082	   96.3894	  96.37818	 96.367158	 96.356333	 96.345704	 96.335268	 96.325024	 96.314971	 96.305106	 96.295427	 96.285934	 96.276624	 96.267495	 96.258546	 96.249775	  96.24118	 96.232759	  96.22451	 96.216432	 96.208523	 96.200781	 96.193203	 96.185789	 96.178536	 96.171443	 96.164507	 96.157727	 96.151102	 96.144628	 96.138305	  96.13213	 96.126103	  96.12022	 96.114481	 96.108883	 96.103425	 96.098106	 96.092922	 96.087874	 96.082959	 96.078175	 96.073521	 96.068995	 96.064596	 96.060322	 96.056172	 96.052143	 96.048236	 96.044448	 96.040777	 96.037223	 96.033784	 96.030459	 96.027246	 96.024144	 96.021153	  96.01827	 96.015494	 96.012825	 96.010261	 96.007802	 96.005446	 96.003191	 96.001039	 95.998986	 95.997033	 95.995179	 95.993422	 95.991763	 95.990199	 95.988732	 95.987359	 95.986081	 95.984896	 95.983804	 95.982806	 95.981899	 95.981084	 95.980361	 95.979729	 95.979188	 95.978737	 95.978377	 95.978107	 95.977927	 95.977837	
        99	 98.961773	 98.923552	 98.885342	  98.84715	 98.808981	 98.770841	 98.732736	 98.694671	 98.656653	 98.618686	 98.580778	 98.542933	 98.505157	 98.467455	 98.429834	 98.392299	 98.354855	 98.317507	 98.280262	 98.243124	 98.206099	 98.169193	 98.132409	 98.095754	 98.059233	 98.022851	 97.986612	 97.950522	 97.914585	 97.878806	 97.843191	 97.807743	 97.772467	 97.737368	 97.702451	 97.667718	 97.633176	 97.598827	 97.564677	 97.530729	 97.496986	 97.463454	 97.430136	 97.397034	 97.364154	 97.331499	 97.299071	 97.266874	 97.234912	 97.203187	 97.171703	 97.140463	 97.109469	 97.078724	 97.048231	 97.017992	  96.98801	 96.958287	 96.928826	 96.899628	 96.870696	 96.842032	 96.813637	 96.785513	 96.757662	 96.730086	 96.702786	 96.675763	 96.649018	 96.622554	  96.59637	 96.570469	  96.54485	 96.519515	 96.494464	 96.469698	 96.445218	 96.421023	 96.397115	 96.373494	 96.350159	 96.327111	  96.30435	 96.281875	 96.259688	 96.237786	  96.21617	 96.194841	 96.173796	 96.153035	 96.132559	 96.112366	 96.092455	 96.072826	 96.053477	 96.034408	 96.015618	 95.997105	 95.978868	 95.960907	 95.943219	 95.925804	 95.908659	 95.891784	 95.875177	 95.858836	  95.84276	 95.826947	 95.811396	 95.796104	 95.781069	 95.766291	 95.751767	 95.737494	 95.723472	 95.709698	 95.696171	 95.682887	 95.669845	 95.657043	 95.644479	  95.63215	 95.620055	 95.608191	 95.596556	 95.585148	 95.573964	 95.563003	 95.552262	 95.541738	 95.531429	 95.521334	  95.51145	 95.501774	 95.492305	 95.483039	 95.473975	  95.46511	 95.456443	  95.44797	 95.439689	 95.431599	 95.423697	 95.415981	 95.408448	 95.401096	 95.393924	 95.386928	 95.380108	  95.37346	 95.366982	 95.360673	  95.35453	 95.348552	 95.342735	 95.337079	 95.331582	 95.326241	 95.321054	  95.31602	 95.311137	 95.306402	 95.301815	 95.297374	 95.293076	  95.28892	 95.284905	 95.281029	  95.27729	 95.273687	 95.270219	 95.266883	 95.263679	 95.260606	 95.257661	 95.254844	 95.252154	 95.249589	 95.247148	  95.24483	 95.242635	 95.240561	 95.238608	 95.236773	 95.235058	  95.23346	  95.23198	 95.230616	 95.229367	 95.228235	 95.227216	 95.226313	 95.225523	 95.224846	 95.224283	 95.223833	 95.223495	  95.22327	 95.223158	
        99	  98.95414	 98.908287	 98.862449	 98.816631	 98.770841	 98.725086	 98.679372	 98.633707	 98.588098	 98.542551	 98.497074	 98.451672	 98.406354	 98.361125	 98.315992	 98.270962	 98.226041	 98.181237	 98.136555	 98.092002	 98.047585	 98.003309	 97.959181	 97.915208	 97.871395	 97.827748	 97.784273	 97.740977	 97.697865	 97.654943	 97.612216	  97.56969	 97.527371	 97.485264	 97.443375	 97.401708	 97.360268	 97.319061	 97.278092	 97.237366	 97.196886	 97.156659	 97.116688	 97.076978	 97.037532	 96.998356	 96.959454	 96.920829	 96.882485	 96.844426	 96.806656	 96.769178	 96.731995	 96.695111	  96.65853	 96.622254	 96.586285	 96.550628	 96.515284	 96.480257	 96.445548	  96.41116	 96.377095	 96.343356	 96.309945	 96.276862	 96.244111	 96.211693	 96.179608	  96.14786	 96.116448	 96.085375	 96.054641	 96.024248	 95.994195	 95.964484	 95.935116	 95.906091	 95.877409	 95.849071	 95.821077	 95.793427	 95.766122	  95.73916	 95.712542	 95.686267	 95.660336	 95.634747	   95.6095	 95.584595	  95.56003	 95.535805	 95.511919	  95.48837	 95.465158	 95.442282	  95.41974	 95.397531	 95.375653	 95.354105	 95.332885	 95.311993	 95.291425	 95.271181	 95.251258	 95.231654	 95.212368	 95.193398	 95.174741	 95.156396	  95.13836	 95.120631	 95.103207	 95.086085	 95.069263	 95.052739	  95.03651	 95.020574	 95.004928	  94.98957	 94.974497	 94.959707	 94.945197	 94.930964	 94.917006	  94.90332	 94.889903	 94.876753	 94.863867	 94.851242	 94.838876	 94.826765	 94.814907	 94.803299	 94.791939	 94.780823	 94.769949	 94.759315	 94.748916	 94.738752	 94.728818	 94.719113	 94.709633	 94.700376	 94.691339	  94.68252	 94.673915	 94.665523	  94.65734	 94.649365	 94.641594	 94.634025	 94.626656	 94.619483	 94.612506	 94.605721	 94.599125	 94.592718	 94.586495	 94.580456	 94.574598	 94.568918	 94.563416	 94.558087	 94.552931	 94.547946	 94.543129	 94.538479	 94.533994	 94.529671	  94.52551	 94.521509	 94.517665	 94.513978	 94.510445	 94.507066	 94.503838	 94.500761	 94.497833	 94.495053	 94.492419	 94.489931	 94.487587	 94.485387	 94.483329	 94.481412	 94.479636	    94.478	 94.476502	 94.475143	 94.473922	 94.472837	  94.47189	 94.471078	 94.470403	 94.469863	 94.469458	 94.469188	 94.469053	
        99	 98.946515	 98.893037	 98.839576	  98.78614	 98.732736	 98.679372	 98.626057	 98.572799	 98.519606	 98.466486	 98.413446	 98.360495	 98.307641	 98.254891	 98.202253	 98.149735	 98.097346	 98.045091	 97.992979	 97.941018	 97.889215	 97.837577	 97.786112	 97.734826	 97.683727	 97.632823	 97.582119	 97.531624	 97.481343	 97.431283	 97.381452	 97.331855	 97.282499	  97.23339	 97.184535	  97.13594	  97.08761	 97.039551	 96.991769	 96.944271	  96.89706	 96.850144	 96.803526	 96.757213	 96.711208	 96.665518	 96.620147	 96.575099	 96.530379	 96.485992	 96.441941	 96.398231	 96.354866	 96.311849	 96.269185	 96.226876	 96.184927	  96.14334	  96.10212	 96.061267	 96.020787	 95.980681	 95.940952	 95.901603	 95.862636	 95.824052	 95.785855	 95.748046	 95.710627	 95.673599	 95.636965	 95.600724	  95.56488	 95.529432	 95.494382	 95.459731	  95.42548	 95.391628	 95.358177	 95.325127	 95.292478	 95.260231	 95.228384	 95.196939	 95.165895	 95.135252	 95.105008	 95.075165	  95.04572	 95.016673	 94.988024	  94.95977	 94.931912	 94.904448	 94.877376	 94.850696	 94.824406	 94.798503	 94.772988	 94.747857	 94.723109	 94.698742	 94.674754	 94.651144	 94.627908	 94.605045	 94.582552	 94.560427	 94.538668	 94.517272	 94.496237	  94.47556	 94.455238	 94.435269	  94.41565	 94.396379	 94.377451	 94.358865	 94.340618	 94.322706	 94.305127	 94.287877	 94.270955	 94.254355	 94.238076	 94.222114	 94.206467	  94.19113	 94.176101	 94.161377	 94.146954	 94.132829	    94.119	 94.105462	 94.092212	 94.079248	 94.066566	 94.054163	 94.042036	 94.030181	 94.018596	 94.007277	  93.99622	 93.985424	 93.974884	 93.964599	 93.954563	 93.944776	 93.935232	 93.925931	 93.916867	  93.90804	 93.899445	  93.89108	 93.882943	 93.875029	 93.867337	 93.859864	 93.852607	 93.845564	 93.838731	 93.832108	  93.82569	 93.819475	 93.813462	 93.807648	  93.80203	 93.796606	 93.791375	 93.786334	 93.781481	 93.776814	 93.772331	 93.768031	 93.763911	  93.75997	 93.756205	 93.752617	 93.749202	 93.745959	 93.742888	 93.739986	 93.737253	 93.734686	 93.732286	 93.730051	 93.727979	 93.726071	 93.724324	 93.722739	 93.721315	  93.72005	 93.718945	 93.717998	  93.71721	  93.71658	 93.716108	 93.715793	 93.715636	
        99	 98.938897	 98.877803	 98.816728	 98.755681	 98.694671	 98.633707	 98.572799	 98.511956	 98.451187	 98.390501	 98.329907	 98.269415	 98.209033	  98.14877	 98.088636	 98.028638	 97.968787	  97.90909	 97.849557	 97.790195	 97.731014	 97.672021	 97.613226	 97.554636	  97.49626	 97.438105	 97.380181	 97.322493	 97.265051	 97.207862	 97.150933	 97.094273	 97.037888	 96.981785	 96.925971	 96.870455	 96.815241	 96.760338	 96.705751	 96.651488	 96.597554	 96.543955	 96.490698	 96.437788	 96.385232	 96.333034	 96.281201	 96.229737	 96.178649	 96.127939	 96.077615	 96.027679	 95.978138	 95.928995	 95.880254	  95.83192	 95.783996	 95.736486	 95.689395	 95.642725	 95.596479	 95.550661	 95.505274	  95.46032	 95.415803	 95.371725	 95.328087	 95.284893	 95.242145	 95.199843	 95.157991	 95.116589	  95.07564	 95.035144	 94.995102	 94.955516	 94.916386	 94.877713	 94.839498	 94.801741	 94.764442	 94.727602	  94.69122	 94.655296	 94.619831	 94.584823	 94.550272	 94.516178	  94.48254	 94.449356	 94.416626	 94.384349	 94.352523	 94.321147	  94.29022	  94.25974	 94.229705	 94.200114	 94.170964	 94.142254	 94.113981	 94.086144	  94.05874	 94.031767	 94.005221	 93.979102	 93.953406	  93.92813	 93.903272	 93.878829	 93.854798	 93.831176	  93.80796	 93.785147	 93.762734	 93.740717	 93.719094	 93.697861	 93.677015	 93.656552	 93.636469	 93.616763	  93.59743	 93.578466	 93.559869	 93.541634	 93.523757	 93.506236	 93.489067	 93.472246	 93.455769	 93.439632	 93.423833	 93.408367	 93.393231	  93.37842	 93.363932	 93.349763	 93.335908	 93.322365	  93.30913	 93.296198	 93.283567	 93.271233	 93.259193	 93.247442	 93.235977	 93.224795	 93.213893	 93.203267	 93.192913	 93.182828	 93.173009	 93.163453	 93.154156	 93.145116	 93.136328	 93.127791	   93.1195	 93.111454	 93.103648	 93.096081	 93.088749	  93.08165	  93.07478	 93.068137	  93.06172	 93.055524	 93.049547	 93.043788	 93.038244	 93.032913	 93.027791	 93.022878	 93.018172	 93.013669	 93.009369	 93.005269	 93.001368	 92.997663	 92.994154	 92.990839	 92.987716	 92.984785	 92.982042	 92.979489	 92.977122	 92.974942	 92.972947	 92.971136	 92.969509	 92.968064	 92.966801	  92.96572	  92.96482	   92.9641	 92.963561	 92.963201	 92.963021	
        99	 98.931289	 98.862588	 98.793908	 98.725259	 98.656653	 98.588098	 98.519606	 98.451187	 98.382851	 98.314609	  98.24647	 98.178445	 98.110545	 98.042779	 97.975156	 97.907688	 97.840385	 97.773255	 97.706308	 97.639555	 97.573005	 97.506667	 97.440551	 97.374666	 97.309021	 97.243625	 97.178487	 97.113617	 97.049023	 96.984713	 96.920696	  96.85698	 96.793574	 96.730485	 96.667722	 96.605293	 96.543204	 96.481465	 96.420081	 96.359061	 96.298411	 96.238139	  96.17825	 96.118753	 96.059652	 96.000955	 95.942668	 95.884796	 95.827346	 95.770322	 95.713732	 95.657579	 95.601868	 95.546606	 95.491796	 95.437444	 95.383553	 95.330127	 95.277172	 95.224691	 95.172687	 95.121164	 95.070125	 95.019574	 94.969514	 94.919947	 94.870876	 94.822304	 94.774232	 94.726664	   94.6796	 94.633044	 94.586995	 94.541457	 94.496429	 94.451914	 94.407912	 94.364423	  94.32145	 94.278991	 94.237048	 94.195621	 94.154709	 94.114312	 94.074431	 94.035064	 93.996211	 93.957871	 93.920044	 93.882729	 93.845924	 93.809627	 93.773839	 93.738556	 93.703778	 93.669503	 93.635728	 93.602452	 93.569673	 93.537388	 93.505595	 93.474291	 93.443475	 93.413143	 93.383293	 93.353921	 93.325025	 93.296602	 93.268649	 93.241162	 93.214139	 93.187576	 93.161469	 93.135815	 93.110611	 93.085853	 93.061538	 93.037661	 93.014219	 92.991208	 92.968625	 92.946465	 92.924725	   92.9034	 92.882487	 92.861981	 92.841879	 92.822176	 92.802869	 92.783953	 92.765424	 92.747279	 92.729512	  92.71212	 92.695099	 92.678445	 92.662153	 92.646219	 92.630639	  92.61541	 92.600526	 92.585985	 92.571781	 92.557911	 92.544372	 92.531158	 92.518265	 92.505691	 92.493431	 92.481482	 92.469839	 92.458498	 92.447457	 92.436711	 92.426257	  92.41609	 92.406209	 92.396608	 92.387285	 92.378237	  92.36946	  92.36095	 92.352705	 92.344721	 92.336996	 92.329527	  92.32231	 92.315343	 92.308622	 92.302146	 92.295912	 92.289916	 92.284157	 92.278632	  92.27334	 92.268276	  92.26344	  92.25883	 92.254443	 92.250278	 92.246332	 92.242604	 92.239092	 92.235795	 92.232712	  92.22984	 92.227179	 92.224727	 92.222484	 92.220447	 92.218617	 92.216993	 92.215573	 92.214357	 92.213345	 92.212535	 92.211929	 92.211524	 92.211322	
        99	 98.923691	 98.847393	 98.771119	  98.69488	 98.618686	 98.542551	 98.466486	 98.390501	 98.314609	  98.23882	 98.163147	 98.087601	 98.012192	 97.936932	 97.861832	 97.786904	 97.712158	 97.637605	 97.563256	 97.489121	 97.415212	 97.341539	 97.268112	 97.194941	 97.122038	 97.049411	  96.97707	 96.905027	  96.83329	 96.761869	 96.690773	 96.620011	 96.549594	 96.479529	 96.409826	 96.340494	  96.27154	 96.202973	 96.134802	 96.067034	 95.999678	 95.932741	  95.86623	 95.800153	 95.734518	  95.66933	 95.604598	 95.540327	 95.476524	 95.413195	 95.350347	 95.287984	 95.226114	 95.164741	  95.10387	 95.043508	 94.983657	 94.924325	 94.865514	 94.807229	 94.749475	 94.692255	 94.635572	 94.579432	 94.523836	 94.468788	 94.414291	 94.360348	  94.30696	 94.254132	 94.201864	 94.150159	 94.099019	 94.048445	 93.998438	 93.949001	 93.900133	 93.851836	 93.804111	 93.756957	 93.710376	 93.664368	 93.618932	 93.574068	 93.529777	 93.486057	 93.442908	 93.400329	 93.358319	 93.316877	 93.276002	 93.235693	 93.195947	 93.156763	 93.118139	 93.080073	 93.042564	 93.005609	 92.969205	  92.93335	 92.898041	 92.863276	 92.829052	 92.795366	 92.762215	 92.729596	 92.697505	 92.665939	 92.634894	 92.604368	 92.574357	 92.544856	 92.515863	 92.487373	 92.459382	 92.431886	 92.404882	 92.378365	 92.352331	 92.326775	 92.301695	 92.277085	  92.25294	 92.229257	 92.206031	 92.183258	 92.160933	 92.139052	  92.11761	 92.096602	 92.076025	 92.055873	 92.036142	 92.016827	 91.997924	 91.979427	 91.961334	 91.943638	 91.926336	 91.909422	 91.892893	 91.876744	 91.860969	 91.845566	 91.830529	 91.815854	 91.801536	 91.787571	 91.773956	 91.760685	 91.747754	  91.73516	 91.722898	 91.710963	 91.699353	 91.688063	 91.677088	 91.666426	 91.656072	 91.646024	 91.636276	 91.626825	 91.617668	 91.608802	 91.600223	 91.591927	 91.583912	 91.576174	 91.568711	 91.561519	 91.554595	 91.547936	 91.541541	 91.535405	 91.529527	 91.523904	 91.518533	 91.513413	 91.508541	 91.503915	 91.499533	 91.495393	 91.491493	 91.487831	 91.484407	 91.481217	 91.478262	 91.475539	 91.473047	 91.470786	 91.468753	 91.466949	 91.465372	 91.464022	 91.462898	 91.461999	 91.461325	 91.460876	 91.460652	
        99	 98.916105	 98.832222	 98.748365	 98.664546	 98.580778	 98.497074	 98.413446	 98.329907	  98.24647	 98.163147	 98.079951	 97.996894	 97.913988	 97.831246	 97.748681	 97.666303	 97.584126	 97.502162	 97.420421	 97.338917	  97.25766	 97.176662	 97.095935	  97.01549	 96.935339	 96.855492	  96.77596	 96.696754	 96.617885	 96.539363	 96.461199	 96.383403	 96.305985	 96.228955	 96.152323	 96.076097	 96.000288	 95.924905	 95.849956	 95.775452	 95.701399	 95.627807	 95.554684	 95.482039	 95.409878	  95.33821	 95.267042	 95.196381	 95.126235	 95.056611	 94.987514	 94.918952	 94.850931	 94.783456	 94.716534	  94.65017	  94.58437	 94.519139	 94.454481	 94.390402	 94.326906	 94.263997	  94.20168	 94.139958	 94.078835	 94.018315	   93.9584	 93.899094	 93.840399	 93.782319	 93.724855	  93.66801	 93.611785	 93.556183	 93.501205	 93.446853	 93.393127	 93.340028	 93.287558	 93.235717	 93.184505	 93.133923	  93.08397	 93.034646	 92.985951	 92.937885	 92.890446	 92.843634	 92.797448	 92.751886	 92.706948	  92.66263	 92.618933	 92.575854	  92.53339	  92.49154	 92.450302	 92.409672	 92.369649	  92.33023	 92.291411	  92.25319	 92.215564	 92.178529	 92.142082	 92.106219	 92.070938	 92.036234	 92.002104	 91.968543	 91.935548	 91.903114	 91.871238	 91.839916	 91.809142	 91.778913	 91.749224	 91.720071	 91.691448	 91.663353	 91.635779	 91.608722	 91.582177	  91.55614	 91.530605	 91.505568	 91.481023	 91.456967	 91.433393	 91.410297	 91.387674	 91.365518	 91.343825	  91.32259	 91.301808	 91.281473	  91.26158	 91.242126	 91.223103	 91.204508	 91.186336	 91.168581	 91.151238	 91.134303	 91.117771	 91.101637	 91.085896	 91.070543	 91.055574	 91.040984	 91.026768	 91.012921	  90.99944	 90.986319	 90.973555	 90.961142	 90.949076	 90.937354	 90.925971	 90.914923	 90.904206	 90.893816	 90.883749	 90.874002	 90.864569	 90.855449	 90.846637	  90.83813	 90.829925	 90.822018	 90.814405	 90.807085	 90.800053	 90.793308	 90.786845	 90.780663	 90.774759	 90.769129	 90.763773	 90.758687	 90.753869	 90.749317	  90.74503	 90.741004	 90.737239	 90.733733	 90.730484	  90.72749	 90.724751	 90.722264	  90.72003	 90.718046	 90.716313	 90.714828	 90.713592	 90.712604	 90.711863	  90.71137	 90.711123	
        99	 98.908531	 98.817076	 98.725648	 98.634263	 98.542933	 98.451672	 98.360495	 98.269415	 98.178445	 98.087601	 97.996894	 97.906339	 97.815949	 97.725738	 97.635718	 97.545904	 97.456309	 97.366945	 97.277825	 97.188963	  97.10037	 97.012061	 96.924046	 96.836339	 96.748952	 96.661897	 96.575185	 96.488829	  96.40284	  96.31723	  96.23201	 96.147191	 96.062784	   95.9788	 95.895249	 95.812143	  95.72949	 95.647302	 95.565587	 95.484357	 95.403619	 95.323384	  95.24366	 95.164456	 95.085781	 95.007643	  94.93005	 94.853011	 94.776533	 94.700623	 94.625288	 94.550537	 94.476375	 94.402809	 94.329846	 94.257491	 94.185751	 94.114631	 94.044136	 93.974272	 93.905044	 93.836456	 93.768513	  93.70122	 93.634579	 93.568595	 93.503271	 93.438611	 93.374618	 93.311294	 93.248643	 93.186666	 93.125366	 93.064744	 93.004803	 92.945544	 92.886968	 92.829076	  92.77187	 92.715348	 92.659513	 92.604365	 92.549902	 92.496126	 92.443035	  92.39063	 92.338908	  92.28787	 92.237515	  92.18784	 92.138844	 92.090527	 92.042884	 91.995916	 91.949619	 91.903991	  91.85903	 91.814733	 91.771097	 91.728119	 91.685796	 91.644124	 91.603101	 91.562723	 91.522986	 91.483886	  91.44542	 91.407583	 91.370371	 91.333781	 91.297807	 91.262445	 91.227692	 91.193542	  91.15999	 91.127032	 91.094663	 91.062878	 91.031672	  91.00104	 90.970976	 90.941477	 90.912536	 90.884148	 90.856308	 90.829011	 90.802251	 90.776022	  90.75032	 90.725139	 90.700474	 90.676318	 90.652667	 90.629515	 90.606856	 90.584686	 90.562997	 90.541786	 90.521047	 90.500773	  90.48096	 90.461602	 90.442694	  90.42423	 90.406206	 90.388615	 90.371453	 90.354715	 90.338394	 90.322487	 90.306987	 90.291891	 90.277192	 90.262887	  90.24897	 90.235437	 90.222282	 90.209502	 90.197091	 90.185046	 90.173361	 90.162033	 90.151058	  90.14043	 90.130146	 90.120203	 90.110595	  90.10132	 90.092374	 90.083753	 90.075454	 90.067472	 90.059806	 90.052451	 90.045406	 90.038665	 90.032228	  90.02609	  90.02025	 90.014705	 90.009453	  90.00449	 89.999815	 89.995427	 89.991322	 89.987499	 89.983956	 89.980692	 89.977706	 89.974995	 89.972559	 89.970396	 89.968506	 89.966887	  89.96554	 89.964462	 89.963655	 89.963117	 89.962848	
        99	 98.900971	 98.801957	 98.702974	 98.604035	 98.505157	 98.406354	 98.307641	 98.209033	 98.110545	 98.012192	 97.913988	 97.815949	 97.718088	 97.620421	 97.522962	 97.425725	 97.328725	 97.231975	 97.135489	 97.039283	 96.943368	  96.84776	 96.752471	 96.657515	 96.562906	 96.468655	 96.374777	 96.281284	 96.188188	 96.095502	 96.003239	  95.91141	 95.820027	 95.729101	 95.638645	  95.54867	 95.459186	 95.370205	 95.281737	 95.193793	 95.106382	 95.019516	 94.933203	 94.847453	 94.762275	 94.677679	 94.593674	 94.510267	 94.427468	 94.345284	 94.263723	 94.182794	 94.102502	 94.022857	 93.943863	 93.865528	 93.787859	 93.710861	  93.63454	 93.558902	 93.483952	 93.409695	 93.336137	 93.263281	 93.191133	 93.119695	 93.048973	 92.978969	 92.909687	 92.841129	   92.7733	 92.706201	 92.639834	 92.574202	 92.509307	  92.44515	 92.381733	 92.319057	 92.257122	 92.195929	 92.135479	 92.075773	 92.016809	 91.958588	 91.901109	 91.844373	 91.788377	 91.733121	 91.678603	 91.624823	 91.571778	 91.519467	 91.467887	 91.417037	 91.366913	 91.317514	 91.268837	 91.220879	 91.173636	 91.127106	 91.081285	  91.03617	 90.991756	  90.94804	 90.905019	 90.862688	 90.821042	 90.780078	 90.739791	 90.700176	 90.661229	 90.622946	  90.58532	 90.548347	 90.512022	  90.47634	 90.441296	 90.406884	 90.373098	 90.339935	 90.307387	 90.275449	 90.244116	 90.213382	 90.183241	 90.153688	 90.124716	  90.09632	 90.068494	 90.041232	 90.014527	 89.988375	  89.96277	 89.937704	 89.913173	  89.88917	 89.865689	 89.842725	 89.820271	 89.798322	 89.776871	 89.755913	 89.735443	 89.715453	 89.695939	 89.676894	 89.658314	 89.640192	 89.622522	   89.6053	  89.58852	 89.572176	 89.556262	 89.540775	 89.525708	 89.511056	 89.496814	 89.482977	 89.469541	   89.4565	  89.44385	 89.431586	 89.419703	 89.408197	 89.397063	 89.386298	 89.375896	 89.365855	 89.356169	 89.346836	  89.33785	 89.329209	 89.320909	 89.312947	 89.305319	 89.298021	 89.291052	 89.284407	 89.278085	 89.272081	 89.266394	 89.261021	  89.25596	 89.251209	 89.246765	 89.242626	  89.23879	 89.235257	 89.232023	 89.229089	 89.226451	  89.22411	 89.222063	 89.220311	 89.218852	 89.217686	 89.216811	 89.216229	 89.215937	
        99	 98.893426	 98.786869	 98.680344	 98.573867	 98.467455	 98.361125	 98.254891	  98.14877	 98.042779	 97.936932	 97.831246	 97.725738	 97.620421	 97.515313	 97.410429	 97.305783	 97.201392	 97.097271	 96.993435	 96.889898	 96.786676	 96.683784	 96.581235	 96.479045	 96.377227	 96.275796	 96.174765	 96.074149	  95.97396	 95.874213	  95.77492	 95.676094	 95.577749	 95.479896	 95.382548	 95.285718	 95.189417	 95.093656	 94.998448	 94.903803	 94.809733	 94.716248	 94.623359	 94.531076	 94.439409	 94.348368	 94.257962	 94.168201	 94.079093	 93.990648	 93.902873	 93.815778	 93.729369	 93.643655	 93.558643	  93.47434	 93.390753	 93.307888	 93.225753	 93.144352	 93.063692	 92.983778	 92.904615	 92.826209	 92.748563	 92.671683	 92.595572	 92.520235	 92.445674	 92.371893	 92.298896	 92.226685	 92.155262	  92.08463	  92.01479	 91.945746	 91.877497	 91.810045	 91.743391	 91.677536	 91.612481	 91.548225	 91.484769	 91.422113	 91.360255	 91.299195	 91.238933	 91.179467	 91.120796	 91.062918	 91.005832	 90.949535	 90.894026	 90.839301	 90.785359	 90.732197	 90.679811	 90.628198	 90.577356	 90.527281	 90.477969	 90.429416	 90.381619	 90.334573	 90.288274	 90.242717	 90.197899	 90.153814	 90.110457	 90.067824	  90.02591	 89.984709	 89.944217	 89.904427	 89.865335	 89.826934	  89.78922	 89.752186	 89.715827	 89.680136	 89.645109	 89.610738	 89.577017	 89.543942	 89.511505	 89.479699	  89.44852	 89.417961	 89.388015	 89.358675	 89.329937	 89.301792	 89.274236	  89.24726	  89.22086	 89.195028	 89.169758	 89.145044	  89.12088	 89.097258	 89.074174	 89.051619	 89.029589	 89.008076	 88.987075	  88.96658	 88.946584	 88.927081	 88.908065	 88.889531	 88.871472	 88.853883	 88.836757	 88.820089	 88.803874	 88.788106	 88.772779	 88.757889	 88.743429	 88.729394	  88.71578	 88.702581	 88.689793	  88.67741	 88.665429	 88.653843	 88.642649	 88.631843	 88.621419	 88.611374	 88.601704	 88.592405	 88.583473	 88.574904	 88.566694	 88.558841	 88.551341	  88.54419	 88.537385	 88.530924	 88.524804	 88.519022	 88.513576	 88.508462	 88.503679	 88.499225	 88.495097	 88.491295	 88.487815	 88.484656	 88.481818	 88.479298	 88.477096	  88.47521	  88.47364	 88.472385	 88.471444	 88.470817	 88.470503	
        99	 98.885897	 98.771812	 98.657762	 98.543763	 98.429834	 98.315992	 98.202253	 98.088636	 97.975156	 97.861832	 97.748681	 97.635718	 97.522962	 97.410429	 97.298135	 97.186097	 97.074331	 96.962855	 96.851683	 96.740832	 96.630318	 96.520157	 96.410363	 96.300954	 96.191943	 96.083346	 95.975179	 95.867454	 95.760188	 95.653394	 95.547087	  95.44128	 95.335987	 95.231221	 95.126996	 95.023326	 94.920221	 94.817696	 94.715761	 94.614431	 94.513715	 94.413626	 94.314175	 94.215372	 94.117229	 94.019757	 93.922964	 93.826862	 93.731459	 93.636766	 93.542791	 93.449542	 93.357029	  93.26526	 93.174243	 93.083984	 92.994492	 92.905774	 92.817836	 92.730685	 92.644326	 92.558767	 92.474012	 92.390066	 92.306936	 92.224624	 92.143137	 92.062477	 91.982649	 91.903656	 91.825502	 91.748189	 91.671721	 91.596099	 91.521326	 91.447403	 91.374333	 91.302116	 91.230754	 91.160247	 91.090596	 91.021801	 90.953862	 90.886779	 90.820551	 90.755178	 90.690659	 90.626992	 90.564176	  90.50221	  90.44109	 90.380817	 90.321386	 90.262795	 90.205042	 90.148124	 90.092038	 90.036779	 89.982346	 89.928733	 89.875937	 89.823954	  89.77278	 89.722411	 89.672841	 89.624066	 89.576081	 89.528882	 89.482463	 89.436818	 89.391943	 89.347831	 89.304478	 89.261878	 89.220024	  89.17891	 89.138532	 89.098882	 89.059954	 89.021742	  88.98424	 88.947441	 88.911338	 88.875926	 88.841197	 88.807146	 88.773764	 88.741045	 88.708984	 88.677572	 88.646803	  88.61667	 88.587167	 88.558286	  88.53002	 88.502364	 88.475309	 88.448849	 88.422978	 88.397687	 88.372972	 88.348824	 88.325237	 88.302205	  88.27972	 88.257777	 88.236368	 88.215488	 88.195129	 88.175285	  88.15595	 88.137118	 88.118783	 88.100938	 88.083577	 88.066695	 88.050286	 88.034343	 88.018862	 88.003836	  87.98926	 87.975129	 87.961437	 87.948179	 87.935351	 87.922947	 87.910963	 87.899393	 87.888233	 87.877478	 87.867125	 87.857169	 87.847606	 87.838431	 87.829642	 87.821234	 87.813203	 87.805547	 87.798262	 87.791345	 87.784793	 87.778602	 87.772771	 87.767296	 87.762175	 87.757406	 87.752987	 87.748916	  87.74519	 87.741808	 87.738769	 87.736072	 87.733714	 87.731695	 87.730014	  87.72867	 87.727662	 87.726991	 87.726656	
        99	 98.878386	  98.75679	 98.635231	 98.513728	 98.392299	 98.270962	 98.149735	 98.028638	 97.907688	 97.786904	 97.666303	 97.545904	 97.425725	 97.305783	 97.186097	 97.066683	  96.94756	 96.828744	 96.710254	 96.592105	 96.474316	 96.356902	 96.239881	 96.123269	 96.007082	 95.891336	 95.776047	 95.661231	 95.546903	 95.433079	 95.319773	    95.207	 95.094776	 94.983113	 94.872027	 94.761531	 94.651639	 94.542364	  94.43372	 94.325718	 94.218372	 94.111694	 94.005695	 93.900389	 93.795785	 93.691895	 93.588731	 93.486302	 93.384618	 93.283691	 93.183529	 93.084142	 92.985539	 92.887728	 92.790719	 92.694518	 92.599135	 92.504576	 92.410849	  92.31796	 92.225917	 92.134725	  92.04439	 91.954918	 91.866315	 91.778585	 91.691733	 91.605763	  91.52068	 91.436487	 91.353187	 91.270785	 91.189282	 91.108682	 91.028987	 90.950198	 90.872317	 90.795346	 90.719285	 90.644137	   90.5699	 90.496576	 90.424165	 90.352666	 90.282078	 90.212401	 90.143635	 90.075776	 90.008825	 89.942779	 89.877636	 89.813395	 89.750051	 89.687604	 89.626049	 89.565384	 89.505605	 89.446709	 89.388691	 89.331549	 89.275278	 89.219873	  89.16533	 89.111644	 89.058811	 89.006825	 88.955682	 88.905375	   88.8559	  88.80725	 88.759421	 88.712406	 88.666198	 88.620793	 88.576184	 88.532364	 88.489327	 88.447067	 88.405576	 88.364849	 88.324878	 88.285656	 88.247177	 88.209434	 88.172419	 88.136125	 88.100546	 88.065673	 88.031501	 87.998021	 87.965227	  87.93311	 87.901664	 87.870882	 87.840756	 87.811279	 87.782443	 87.754241	 87.726666	 87.699711	 87.673368	 87.647631	 87.622491	 87.597943	 87.573978	  87.55059	 87.527772	 87.505517	 87.483818	 87.462668	  87.44206	 87.421988	 87.402446	 87.383426	 87.364923	 87.346929	 87.329439	 87.312447	 87.295946	 87.279931	 87.264396	 87.249334	 87.234741	 87.220611	 87.206938	 87.193718	 87.180944	 87.168612	 87.156718	 87.145256	 87.134221	 87.123609	 87.113416	 87.103638	  87.09427	 87.085308	 87.076749	 87.068589	 87.060825	 87.053452	 87.046468	  87.03987	 87.033655	 87.027819	 87.022362	 87.017279	 87.012569	 87.008229	 87.004258	 87.000654	 86.997415	  86.99454	 86.992027	 86.989875	 86.988083	 86.986651	 86.985577	 86.984861	 86.984504	
        99	 98.870892	 98.741804	 98.612756	 98.483766	 98.354855	 98.226041	 98.097346	 97.968787	 97.840385	 97.712158	 97.584126	 97.456309	 97.328725	 97.201392	 97.074331	  96.94756	 96.821097	  96.69496	 96.569169	  96.44374	 96.318693	 96.194045	 96.069814	 95.946016	  95.82267	 95.699792	   95.5774	 95.455509	 95.334137	 95.213299	 95.093012	 94.973291	 94.854151	 94.735609	 94.617678	 94.500374	 94.383711	 94.267703	 94.152364	 94.037707	 93.923747	 93.810496	 93.697966	 93.586171	 93.475122	 93.364831	  93.25531	 93.146569	 93.038621	 92.931475	 92.825141	  92.71963	 92.614952	 92.511114	 92.408127	    92.306	 92.204739	 92.104354	 92.004852	 91.906239	 91.808525	 91.711714	 91.615813	 91.520828	 91.426765	  91.33363	 91.241426	 91.150159	 91.059834	 90.970453	 90.882021	 90.794542	 90.708017	 90.622451	 90.537844	 90.454201	 90.371521	 90.289808	 90.209061	 90.129282	 90.050471	 89.972629	 89.895756	 89.819851	 89.744914	 89.670945	 89.597941	 89.525901	 89.454825	 89.384709	 89.315553	 89.247353	 89.180106	 89.113811	 89.048463	  88.98406	 88.920598	 88.858073	 88.796481	 88.735818	 88.676079	  88.61726	 88.559357	 88.502363	 88.446275	 88.391086	 88.336791	 88.283384	 88.230861	 88.179214	 88.128437	 88.078525	 88.029471	 87.981268	  87.93391	  87.88739	 87.841701	 87.796837	  87.75279	 87.709553	 87.667119	 87.625481	 87.584631	 87.544562	 87.505266	 87.466736	 87.428965	 87.391944	 87.355666	 87.320123	 87.285308	 87.251212	 87.217829	  87.18515	 87.153168	 87.121874	 87.091262	 87.061322	 87.032048	 87.003432	 86.975466	 86.948143	 86.921455	 86.895393	 86.869952	 86.845123	 86.820899	 86.797273	 86.774236	 86.751783	 86.729906	 86.708597	 86.687851	 86.667659	 86.648015	 86.628913	 86.610346	 86.592307	 86.574789	 86.557787	 86.541295	 86.525305	 86.509813	 86.494812	 86.480297	 86.466262	 86.452701	 86.439609	 86.426982	 86.414813	 86.403099	 86.391833	 86.381012	 86.370631	 86.360686	 86.351172	 86.342086	 86.333423	  86.32518	 86.317353	 86.309939	 86.302934	 86.296336	 86.290141	 86.284347	 86.278951	 86.273951	 86.269344	 86.265128	 86.261302	 86.257864	 86.254811	 86.252143	 86.249859	 86.247956	 86.246436	 86.245296	 86.244536	 86.244157	
