Time step 44:
        99	        99	        99	        99	        99	        99	        99	        99	        99	        99	        99	        99	        99	        99	        99	        99	        99	        99	        99	        99	        99	        99	        99	        99	        99	        99	        99	        99	        99	        99	        99	        99	        99	        99	        99	        99	        99	        99	        99	        99	        99	        99	        99	        99	        99	        99	        99	        99	        99	        99	        99	        99	        99	        99	        99	        99	        99	        99	        99	        99	        99	        99	        99	        99	        99	        99	        99	        99	        99	        99	        99	        99	        99	        99	        99	        99	        99	        99	        99	        99	        99	        99	        99	        99	        99	        99	        99	        99	        99	        99	        99	        99	        99	        99	        99	        99	        99	        99	        99	        99	        99	        99	        99	        99	        99	        99	        99	        99	        99	        99	        99	        99	        99	        99	        99	        99	        99	        99	        99	        99	        99	        99	        99	        99	        99	        99	        99	        99	        99	        99	        99	        99	        99	        99	        99	        99	        99	        99	        99	        99	        99	        99	        99	        99	        99	        99	        99	        99	        99	        99	        99	        99	        99	        99	        99	        99	        99	        99	        99	        99	        99	        99	        99	        99	        99	        99	        99	        99	        99	        99	        99	        99	        99	        99	        99	        99	        99	        99	        99	        99	        99	        99	        99	        99	        99	        99	        99	        99	        99	        99	        99	        99	        99	        99	        99	        99	        99	        99	        99	        99	
        99	 98.985569	 98.971143	 98.956725	 98.942319	  98.92793	 98.913561	 98.899217	 98.884902	  98.87062	 98.856374	 98.842169	  98.82801	 98.813898	  98.79984	 98.785837	 98.771895	 98.758017	 98.744206	 98.730467	 98.716802	 98.703215	  98.68971	  98.67629	 98.662958	 98.649718	 98.636572	 98.623525	 98.610577	 98.597734	 98.584997	 98.572369	 98.559853	 98.547451	 98.535166	 98.523001	 98.510957	 98.499036	 98.487242	 98.475576	 98.464039	 98.452635	 98.441363	 98.430227	 98.419227	 98.408365	 98.397643	 98.387061	 98.376621	 98.366323	  98.35617	 98.346161	 98.336298	  98.32658	 98.317009	 98.307586	  98.29831	 98.289182	 98.280202	  98.27137	 98.262687	 98.254151	 98.245764	 98.237525	 98.229433	 98.221489	 98.213691	  98.20604	 98.198534	 98.191174	 98.183958	 98.176885	 98.169955	 98.163166	 98.156519	 98.150011	 98.143641	 98.137409	 98.131313	 98.125352	 98.119525	  98.11383	 98.108266	 98.102831	 98.097524	 98.092343	 98.087288	 98.082355	 98.077544	 98.072853	 98.068281	 98.063825	 98.059483	 98.055255	 98.051139	 98.047131	 98.043232	 98.039438	 98.035749	 98.032162	 98.028675	 98.025287	 98.021996	   98.0188	 98.015697	 98.012685	 98.009762	 98.006927	 98.004178	 98.001513	 97.998929	 97.996426	 97.994002	 97.991654	 97.989381	 97.987181	 97.985053	 97.982994	 97.981004	 97.979079	 97.977219	 97.975423	 97.973687	 97.972011	 97.970394	 97.968833	 97.967327	 97.965874	 97.964474	 97.963124	 97.961823	  97.96057	 97.959363	 97.958201	 97.957082	 97.956006	 97.954971	 97.953975	 97.953018	 97.952098	 97.951215	 97.950366	 97.949551	 97.948768	 97.948017	 97.947297	 97.946606	 97.945944	 97.945309	 97.944701	 97.944118	 97.943561	 97.943027	 97.942516	 97.942027	  97.94156	 97.941113	 97.940687	 97.940279	  97.93989	 97.939519	 97.939164	 97.938827	 97.938505	 97.938198	 97.937906	 97.937628	 97.937364	 97.937113	 97.936874	 97.936648	 97.936433	 97.936229	 97.936036	 97.935854	 97.935682	 97.935519	 97.935365	 97.935221	 97.935085	 97.934957	 97.934838	 97.934726	 97.934622	 97.934526	 97.934436	 97.934353	 97.934277	 97.934208	 97.934144	 97.934087	 97.934037	 97.933992	 97.933953	 97.933919	 97.933892	  97.93387	 97.933853	 97.933842	 97.933837	
        99	 98.971143	 98.942294	 98.913462	 98.884654	  98.85588	 98.827147	 98.798463	 98.769837	 98.741276	 98.712789	 98.684384	 98.656068	  98.62785	 98.599737	 98.571736	 98.543856	 98.516103	 98.488486	 98.461011	 98.433685	 98.406515	 98.379509	 98.352673	 98.326013	 98.299537	 98.273249	 98.247157	 98.221266	 98.195583	 98.170112	  98.14486	 98.119832	 98.095032	 98.070466	 98.046138	 98.022054	 97.998217	 97.974632	 97.951302	 97.928233	 97.905426	 97.882886	 97.860617	  97.83862	   97.8169	 97.795458	 97.774297	  97.75342	 97.732828	 97.712524	 97.692509	 97.672785	 97.653354	 97.634215	 97.615371	 97.596821	 97.578568	  97.56061	 97.542949	 97.525585	 97.508517	 97.491745	 97.475269	 97.459088	 97.443201	 97.427608	 97.412308	 97.397299	  97.38258	 97.368149	 97.354006	 97.340147	 97.326573	 97.313279	 97.300265	 97.287528	 97.275066	 97.262876	 97.250955	 97.239302	 97.227914	 97.216787	 97.205919	 97.195307	 97.184947	 97.174837	 97.164973	 97.155353	 97.145973	 97.136829	 97.127918	 97.119237	 97.110782	 97.102549	 97.094536	 97.086738	 97.079152	 97.071775	 97.064602	 97.057629	 97.050854	 97.044273	 97.037881	 97.031676	 97.025653	 97.019809	  97.01414	 97.008642	 97.003312	 96.998146	 96.993141	 96.988292	 96.983597	 96.979052	 96.974653	 96.970397	  96.96628	   96.9623	 96.958451	 96.954732	 96.951139	 96.947669	 96.944318	 96.941083	 96.937961	 96.934949	 96.932045	 96.929244	 96.926545	 96.923943	 96.921437	 96.919024	   96.9167	 96.914464	 96.912312	 96.910241	 96.908251	 96.906337	 96.904497	  96.90273	 96.901033	 96.899403	 96.897838	 96.896337	 96.894896	 96.893515	  96.89219	 96.890921	 96.889705	  96.88854	 96.887424	 96.886357	 96.885335	 96.884358	 96.883424	 96.882531	 96.881677	 96.880862	 96.880084	 96.879342	 96.878633	 96.877958	 96.877314	 96.876701	 96.876117	 96.875561	 96.875033	 96.874531	 96.874053	   96.8736	 96.873171	 96.872764	 96.872378	 96.872013	 96.871668	 96.871343	 96.871036	 96.870747	 96.870475	  96.87022	 96.869982	 96.869758	  96.86955	 96.869357	 96.869178	 96.869012	  96.86886	 96.868721	 96.868595	 96.868481	 96.868379	 96.868289	 96.868211	 96.868144	 96.868089	 96.868045	 96.868012	  96.86799	 96.867979	
        99	 98.956725	 98.913462	 98.870224	 98.827023	 98.783871	 98.740782	 98.697767	 98.654838	 98.612007	 98.569287	 98.526689	 98.484226	 98.441909	 98.399749	 98.357758	 98.315948	 98.274329	 98.232912	 98.191709	  98.15073	 98.109986	 98.069486	 98.029242	 97.989262	 97.949556	 97.910134	 97.871006	 97.832179	 97.793663	 97.755466	 97.717597	 97.680063	 97.642872	 97.606032	 97.569549	 97.533431	 97.497684	 97.462315	 97.427329	 97.392733	 97.358532	  97.32473	 97.291334	 97.258347	 97.225774	 97.193619	 97.161885	 97.130577	 97.099697	 97.069248	 97.039233	 97.009654	 96.980513	 96.951812	 96.923552	 96.895735	 96.868361	 96.841432	 96.814947	 96.788906	  96.76331	 96.738158	  96.71345	 96.689184	  96.66536	 96.641976	 96.619031	 96.596523	  96.57445	 96.552809	 96.531599	 96.510816	 96.490459	 96.470524	 96.451007	 96.431906	 96.413217	 96.394936	  96.37706	 96.359585	 96.342506	  96.32582	 96.309522	 96.293607	 96.278071	  96.26291	 96.248118	 96.233691	 96.219624	 96.205911	 96.192548	 96.179529	  96.16685	 96.154504	 96.142487	 96.130794	 96.119417	 96.108354	 96.097596	 96.087141	 96.076981	 96.067111	 96.057526	  96.04822	 96.039187	 96.030423	 96.021922	 96.013677	 96.005684	 95.997937	 95.990431	  95.98316	 95.976119	 95.969303	 95.962706	 95.956323	  95.95015	  95.94418	 95.938409	 95.932832	 95.927443	 95.922239	 95.917213	 95.912362	 95.907681	 95.903165	 95.898809	 95.894609	 95.890561	 95.886659	 95.882901	 95.879282	 95.875797	 95.872443	 95.869216	 95.866111	 95.863126	 95.860256	 95.857497	 95.854847	 95.852302	 95.849857	 95.847511	 95.845259	 95.843099	 95.841027	 95.839041	 95.837138	 95.835314	 95.833567	 95.831894	 95.830293	 95.828761	 95.827296	 95.825894	 95.824555	 95.823276	 95.822053	 95.820886	 95.819773	 95.818711	 95.817698	 95.816732	 95.815813	 95.814937	 95.814104	 95.813311	 95.812558	 95.811842	 95.811163	 95.810519	 95.809908	  95.80933	 95.808783	 95.808266	 95.807778	 95.807317	 95.806884	 95.806477	 95.806094	 95.805736	 95.805402	 95.805089	 95.804799	  95.80453	 95.804282	 95.804054	 95.803846	 95.803656	 95.803485	 95.803333	 95.803198	 95.803081	 95.802981	 95.802898	 95.802832	 95.802782	  95.80275	 95.802733	
        99	 98.942319	 98.884654	 98.827023	 98.769441	 98.711925	 98.654492	 98.597157	 98.539938	 98.482849	 98.425908	  98.36913	 98.312531	 98.256127	 98.199933	 98.143964	 98.088235	 98.032762	 97.977559	  97.92264	 97.868019	 97.813712	  97.75973	 97.706089	   97.6528	 97.599877	 97.547332	 97.495178	 97.443426	 97.392089	 97.341177	 97.290701	 97.240673	 97.191102	 97.141998	  97.09337	 97.045229	 96.997583	 96.950439	 96.903807	 96.857694	 96.812108	 96.767054	 96.722541	 96.678573	 96.635157	 96.592298	     96.55	  96.50827	  96.46711	 96.426526	 96.386519	 96.347093	 96.308252	 96.269997	  96.23233	 96.195252	 96.158766	 96.122872	  96.08757	 96.052861	 96.018745	  95.98522	 95.952287	 95.919943	 95.888188	  95.85702	 95.826437	 95.796436	 95.767015	  95.73817	   95.7099	 95.682199	 95.655065	 95.628493	  95.60248	  95.57702	  95.55211	 95.527744	 95.503917	 95.480625	 95.457861	  95.43562	 95.413896	 95.392683	 95.371976	 95.351768	 95.332052	 95.312822	 95.294072	 95.275795	 95.257983	 95.240631	 95.223731	 95.207275	 95.191258	 95.175671	 95.160508	 95.145761	 95.131423	 95.117487	 95.103945	  95.09079	 95.078014	  95.06561	 95.053571	 95.041889	 95.030557	 95.019568	 95.008914	 94.998589	 94.988584	 94.978893	 94.969508	 94.960423	  94.95163	 94.943122	 94.934894	 94.926937	 94.919244	 94.911811	 94.904628	 94.897692	 94.890993	 94.884527	 94.878288	 94.872268	 94.866462	 94.860864	 94.855468	 94.850268	 94.845259	 94.840435	  94.83579	  94.83132	 94.827018	  94.82288	 94.818901	 94.815075	 94.811399	 94.807866	 94.804473	 94.801215	 94.798088	 94.795086	 94.792207	 94.789446	 94.786798	 94.784261	  94.78183	 94.779502	 94.777272	 94.775138	 94.773096	 94.771143	 94.769275	  94.76749	 94.765785	 94.764156	   94.7626	 94.761116	   94.7597	  94.75835	 94.757063	 94.755837	  94.75467	  94.75356	 94.752503	 94.751499	 94.750546	  94.74964	 94.748781	 94.747968	 94.747197	 94.746468	 94.745778	 94.745128	 94.744514	 94.743937	 94.743394	 94.742884	 94.742407	 94.741961	 94.741545	 94.741158	   94.7408	 94.740469	 94.740165	 94.739887	 94.739634	 94.739407	 94.739203	 94.739024	 94.738867	 94.738734	 94.738624	 94.738536	  94.73847	 94.738426	 94.738404	
        99	  98.92793	  98.85588	 98.783871	 98.711925	 98.640061	   98.5683	 98.496663	 98.425169	  98.35384	 98.282694	 98.211752	 98.141034	 98.070559	 98.000346	 97.930415	 97.860784	 97.791472	 97.722498	 97.653879	 97.585633	 97.517777	 97.450329	 97.383306	 97.316724	 97.250598	 97.184946	 97.119781	  97.05512	 96.990975	 96.927363	 96.864295	 96.801787	 96.739849	 96.678496	 96.617738	 96.557587	 96.498055	 96.439151	 96.380886	  96.32327	 96.266311	 96.210018	   96.1544	 96.099464	 96.045217	 95.991666	 95.938818	 95.886677	  95.83525	  95.78454	 95.734553	 95.685293	 95.636762	 95.588963	   95.5419	 95.495573	 95.449985	 95.405137	 95.361028	 95.317661	 95.275033	 95.233146	 95.191996	 95.151585	 95.111908	 95.072965	 95.034752	 94.997267	 94.960506	 94.924466	 94.889143	 94.854532	 94.820629	 94.787429	 94.754926	 94.723115	 94.691991	 94.661546	 94.631776	 94.602673	  94.57423	 94.546441	 94.519298	 94.492793	  94.46692	 94.441671	 94.417037	  94.39301	 94.369582	 94.346745	 94.324491	 94.302809	 94.281693	 94.261133	  94.24112	 94.221645	 94.202699	 94.184274	 94.166359	 94.148946	 94.132025	 94.115588	 94.099625	 94.084127	 94.069085	 94.054489	  94.04033	   94.0266	 94.013288	 94.000387	 93.987886	 93.975777	 93.964051	   93.9527	 93.941713	 93.931084	 93.920802	  93.91086	 93.901249	 93.891961	 93.882987	  93.87432	  93.86595	 93.857871	 93.850075	 93.842554	 93.835299	 93.828305	 93.821563	 93.815066	 93.808807	 93.802779	 93.796976	  93.79139	 93.786016	 93.780845	 93.775874	 93.771094	   93.7665	 93.762086	 93.757847	 93.753776	 93.749868	 93.746118	 93.742521	 93.739071	 93.735763	 93.732593	 93.729555	 93.726646	  93.72386	 93.721194	 93.718642	 93.716202	 93.713868	 93.711638	 93.709507	 93.707471	 93.705528	 93.703674	 93.701904	 93.700217	  93.69861	 93.697078	  93.69562	 93.694232	 93.692912	 93.691658	 93.690466	 93.689335	 93.688262	 93.687245	 93.686282	 93.685371	  93.68451	 93.683697	  93.68293	 93.682209	  93.68153	 93.680894	 93.680297	  93.67974	  93.67922	 93.678737	 93.678289	 93.677876	 93.677496	 93.677149	 93.676833	 93.676549	 93.676294	  93.67607	 93.675875	 93.675708	  93.67557	  93.67546	 93.675378	 93.675323	 93.675296	
        99	 98.913561	 98.827147	 98.740782	 98.654492	   98.5683	 98.482233	 98.396313	 98.310566	 98.225015	 98.139685	   98.0546	 97.969782	 97.885256	 97.801046	 97.717172	 97.633659	 97.550529	 97.467803	 97.385503	 97.303651	 97.222267	 97.141372	 97.060987	  96.98113	 96.901821	 96.823079	 96.744923	  96.66737	 96.590437	 96.514142	 96.438501	  96.36353	 96.289244	 96.215658	 96.142787	 96.070644	 95.999243	 95.928596	 95.858715	 95.789611	 95.721296	 95.653781	 95.587074	 95.521185	 95.456123	 95.391896	 95.328511	 95.265975	 95.204295	 95.143476	 95.083523	 95.024441	 94.966234	 94.908906	  94.85246	 94.796897	  94.74222	  94.68843	 94.635528	 94.583514	 94.532388	 94.482149	 94.432796	 94.384328	 94.336741	 94.290034	 94.244202	 94.199244	 94.155154	 94.111929	 94.069564	 94.028052	  93.98739	  93.94757	 93.908588	 93.870435	 93.833105	 93.796591	 93.760885	  93.72598	 93.691866	 93.658537	 93.625982	 93.594194	 93.563162	 93.532879	 93.503333	 93.474516	 93.446418	 93.419028	 93.392336	 93.366333	 93.341006	 93.316347	 93.292344	 93.268987	 93.246264	 93.224164	 93.202678	 93.181793	   93.1615	 93.141785	  93.12264	 93.104052	 93.086011	 93.068505	 93.051523	 93.035055	  93.01909	 93.003616	 92.988623	   92.9741	 92.960037	 92.946422	 92.933245	 92.920496	 92.908165	 92.896241	 92.884714	 92.873573	 92.862811	 92.852415	 92.842377	 92.832688	 92.823337	 92.814316	 92.805615	 92.797226	  92.78914	 92.781348	 92.773841	 92.766612	 92.759652	 92.752952	 92.746506	 92.740305	 92.734342	 92.728609	 92.723099	 92.717806	 92.712721	 92.707838	 92.703152	 92.698654	 92.694339	 92.690201	 92.686234	 92.682432	 92.678789	   92.6753	 92.671958	  92.66876	   92.6657	 92.662773	 92.659975	   92.6573	 92.654744	 92.652302	 92.649972	 92.647747	 92.645625	 92.643602	 92.641674	 92.639837	 92.638088	 92.636424	 92.634841	 92.633336	 92.631907	  92.63055	 92.629263	 92.628044	 92.626889	 92.625796	 92.624763	 92.623788	 92.622869	 92.622003	 92.621189	 92.620426	  92.61971	 92.619042	 92.618418	 92.617839	 92.617302	 92.616806	 92.616351	 92.615934	 92.615556	 92.615214	  92.61491	  92.61464	 92.614406	 92.614207	 92.614041	 92.613909	  92.61381	 92.613745	 92.613712	
        99	 98.899217	 98.798463	 98.697767	 98.597157	 98.496663	 98.396313	 98.296135	 98.196159	 98.096412	 97.996922	 97.897717	 97.798825	 97.700273	 97.602088	 97.504296	 97.406925	     97.31	 97.213546	 97.117589	 97.022154	 96.927265	 96.832947	 96.739222	 96.646113	 96.553644	 96.461835	 96.370709	 96.280287	 96.190588	 96.101632	 96.013439	 95.926027	 95.839414	 95.753617	 95.668654	 95.584539	 95.501289	 95.418919	 95.337441	 95.256871	  95.17722	   95.0985	 95.020724	 94.943902	 94.868043	 94.793158	 94.719254	 94.646341	 94.574425	 94.503514	 94.433612	 94.364726	 94.296861	 94.230019	 94.164206	 94.099423	 94.035673	 93.972957	 93.911276	 93.850631	 93.791021	 93.732445	 93.674903	 93.618391	 93.562907	 93.508449	 93.455013	 93.402594	 93.351188	  93.30079	 93.251394	 93.202994	 93.155584	 93.109157	 93.063705	 93.019221	 92.975697	 92.933123	 92.891492	 92.850795	  92.81102	  92.77216	 92.734203	  92.69714	 92.660959	  92.62565	 92.591202	 92.557603	 92.524842	 92.492907	 92.461786	 92.431467	 92.401938	 92.373187	 92.345201	 92.317967	 92.291473	 92.265707	 92.240655	 92.216305	 92.192643	 92.169658	 92.147335	 92.125663	 92.104628	 92.084217	 92.064417	 92.045217	 92.026602	  92.00856	 91.991079	 91.974146	 91.957749	 91.941875	 91.926512	 91.911647	  91.89727	 91.883367	 91.869927	 91.856938	 91.844389	 91.832268	 91.820565	 91.809267	 91.798365	 91.787847	 91.777703	 91.767922	 91.758493	 91.749408	 91.740656	 91.732227	 91.724112	 91.716301	 91.708785	 91.701555	 91.694602	 91.687918	 91.681494	 91.675322	 91.669393	   91.6637	 91.658236	 91.652992	 91.647961	 91.643137	 91.638511	 91.634078	  91.62983	 91.625762	 91.621866	 91.618138	  91.61457	 91.611157	 91.607894	 91.604775	 91.601795	 91.598949	 91.596231	 91.593638	 91.591164	 91.588805	 91.586557	 91.584415	 91.582376	 91.580435	 91.578589	 91.576835	 91.575169	 91.573587	 91.572086	 91.570664	 91.569318	 91.568043	 91.566839	 91.565702	 91.564631	 91.563621	 91.562673	 91.561782	 91.560948	 91.560169	 91.559442	 91.558766	  91.55814	 91.557562	 91.557031	 91.556545	 91.556104	 91.555706	 91.555351	 91.555037	 91.554764	 91.554531	 91.554338	 91.554184	 91.554069	 91.553992	 91.553954	
        99	 98.884902	 98.769837	 98.654838	 98.539938	 98.425169	 98.310566	 98.196159	 98.081982	 97.968067	 97.854446	  97.74115	 97.628211	 97.515661	 97.403529	 97.291848	 97.180646	 97.069953	 96.959799	 96.850213	 96.741222	 96.632856	  96.52514	 96.418102	 96.311769	 96.206165	 96.101316	 95.997247	 95.893981	 95.791541	  95.68995	  95.58923	 95.489402	 95.390487	 95.292504	 95.195472	  95.09941	 95.004335	 94.910265	 94.817214	 94.725199	 94.634235	 94.544334	 94.455511	 94.367776	 94.281143	 94.195621	  94.11122	 94.027951	  93.94582	 93.864836	 93.785006	 93.706335	  93.62883	 93.552495	 93.477333	 93.403349	 93.330544	 93.258919	 93.188478	 93.119218	 93.051141	 92.984246	  92.91853	 92.853991	 92.790627	 92.728433	 92.667407	 92.607542	 92.548835	 92.491278	 92.434866	 92.379592	 92.325448	 92.272426	 92.220518	 92.169716	 92.120009	 92.071389	 92.023845	 91.977366	 91.931942	 91.887562	 91.844214	 91.801886	 91.760566	 91.720242	 91.680901	 91.642529	 91.605115	 91.568644	 91.533103	 91.498477	 91.464754	 91.431919	 91.399958	 91.368856	 91.338599	 91.309173	 91.280563	 91.252754	 91.225731	 91.199481	 91.173988	 91.149237	 91.125214	 91.101904	 91.079292	 91.057364	 91.036105	 91.015501	 90.995537	 90.976199	 90.957473	 90.939344	 90.921799	 90.904823	 90.888403	 90.872525	 90.857176	 90.842343	 90.828011	 90.814169	 90.800803	 90.787901	  90.77545	 90.763438	 90.751853	 90.740682	 90.729915	  90.71954	 90.709544	 90.699918	  90.69065	 90.681729	 90.673146	 90.664889	 90.656948	 90.649315	 90.641978	  90.63493	 90.628159	 90.621658	 90.615417	 90.609428	 90.603683	 90.598173	 90.592891	 90.587828	 90.582977	 90.578331	 90.573882	 90.569623	 90.565549	 90.561651	 90.557925	 90.554363	 90.550959	 90.547709	 90.544605	 90.541643	 90.538818	 90.536124	 90.533556	 90.531111	 90.528782	 90.526565	 90.524458	 90.522454	 90.520551	 90.518745	 90.517031	 90.515407	 90.513869	 90.512414	 90.511039	  90.50974	 90.508516	 90.507364	  90.50628	 90.505263	 90.504311	  90.50342	  90.50259	 90.501819	 90.501104	 90.500444	 90.499837	 90.499282	 90.498778	 90.498324	 90.497918	  90.49756	 90.497248	 90.496982	 90.496762	 90.496586	 90.496454	 90.496367	 90.496323	
        99	  98.87062	 98.741276	 98.612007	 98.482849	  98.35384	 98.225015	 98.096412	 97.968067	 97.840016	 97.712296	 97.584941	 97.457988	 97.331472	 97.205426	 97.079886	 96.954885	 96.830457	 96.706634	  96.58345	 96.460935	 96.339121	 96.218039	 96.097719	 95.978191	 95.859483	 95.741624	 95.624641	  95.50856	 95.393409	 95.279212	 95.165994	 95.053779	 94.942589	 94.832447	 94.723375	 94.615393	  94.50852	 94.402777	  94.29818	 94.194747	 94.092495	 93.991439	 93.891593	 93.792972	 93.695588	 93.599454	 93.504581	 93.410978	 93.318656	 93.227623	 93.137887	 93.049454	 92.962332	 92.876524	 92.792036	 92.708871	 92.627031	 92.546519	 92.467337	 92.389483	 92.312959	 92.237762	 92.163891	 92.091344	 92.020117	 91.950206	 91.881607	 91.814314	 91.748322	 91.683623	 91.620211	 91.558077	 91.497215	 91.437614	 91.379265	 91.322158	 91.266284	  91.21163	 91.158186	  91.10594	  91.05488	 91.004993	 90.956266	 90.908685	 90.862238	  90.81691	 90.772687	 90.729555	 90.687497	 90.646501	 90.606549	 90.567627	 90.529719	  90.49281	 90.456882	 90.421921	  90.38791	 90.354832	 90.322672	 90.291412	 90.261037	 90.231529	 90.202872	  90.17505	 90.148046	 90.121844	 90.096426	 90.071777	  90.04788	  90.02472	 90.002278	 89.980541	 89.959491	 89.939112	  89.91939	 89.900307	  89.88185	 89.864002	 89.846748	 89.830074	 89.813964	 89.798404	  89.78338	 89.768877	 89.754881	 89.741378	 89.728355	 89.715799	 89.703696	 89.692032	 89.680797	 89.669976	 89.659558	  89.64953	 89.639882	   89.6306	 89.621675	 89.613094	 89.604847	 89.596923	 89.589313	 89.582005	  89.57499	 89.568258	   89.5618	 89.555606	 89.549668	 89.543977	 89.538524	 89.533301	   89.5283	 89.523513	 89.518933	 89.514552	 89.510363	 89.506359	 89.502533	 89.498879	 89.495391	 89.492061	 89.488886	 89.485857	 89.482971	 89.480222	 89.477604	 89.475113	 89.472743	 89.470491	 89.468352	 89.466321	 89.464395	 89.462569	  89.46084	 89.459205	 89.457659	   89.4562	 89.454824	 89.453528	  89.45231	 89.451167	 89.450096	 89.449095	 89.448162	 89.447295	 89.446491	 89.445749	 89.445067	 89.444444	 89.443878	 89.443367	 89.442911	 89.442508	 89.442157	 89.441858	 89.441611	 89.441413	 89.441265	 89.441167	 89.441118	
        99	 98.856374	 98.712789	 98.569287	 98.425908	 98.282694	 98.139685	 97.996922	 97.854446	 97.712296	 97.570513	 97.429136	 97.288205	 97.147758	 97.007834	 96.868472	 96.729707	 96.591579	 96.454123	 96.317375	  96.18137	 96.046144	 95.911731	 95.778163	 95.645474	 95.513696	 95.382859	 95.252996	 95.124134	 94.996304	 94.869533	 94.743849	 94.619279	 94.495846	 94.373578	 94.252496	 94.132624	 94.013985	 93.896598	 93.780485	 93.665663	 93.552153	  93.43997	  93.32913	 93.219651	 93.111545	 93.004825	 92.899506	 92.795597	  92.69311	 92.592054	 92.492437	 92.394268	 92.297552	 92.202297	 92.108506	 92.016184	 91.925333	 91.835957	 91.748056	  91.66163	  91.57668	 91.493203	 91.411199	 91.330664	 91.251595	 91.173986	 91.097834	 91.023132	 90.949873	 90.878051	 90.807657	 90.738682	 90.671118	 90.604955	 90.540181	 90.476787	  90.41476	 90.354089	 90.294761	 90.236762	  90.18008	   90.1247	 90.070608	 90.017789	 89.966227	 89.915909	 89.866816	 89.818934	 89.772247	 89.726736	 89.682385	 89.639178	 89.597096	 89.556123	  89.51624	 89.477429	 89.439673	 89.402953	 89.367252	  89.33255	  89.29883	 89.266074	 89.234262	 89.203376	 89.173399	 89.144311	 89.116095	 89.088732	 89.062204	 89.036493	 89.011581	  88.98745	 88.964082	  88.94146	 88.919566	 88.898383	 88.877893	  88.85808	 88.838927	 88.820416	 88.802533	  88.78526	 88.768581	 88.752481	 88.736944	 88.721955	 88.707498	 88.693559	 88.680123	 88.667176	 88.654703	 88.642691	 88.631125	 88.619994	 88.609283	 88.598979	 88.589071	 88.579545	 88.570391	 88.561595	 88.553146	 88.545033	 88.537246	 88.529773	 88.522604	 88.515728	 88.509136	 88.502818	 88.496765	 88.490967	 88.485416	 88.480102	 88.475017	 88.470154	 88.465504	 88.461059	 88.456812	 88.452755	 88.448883	 88.445187	 88.441661	   88.4383	 88.435096	 88.432043	 88.429137	 88.426372	 88.423742	 88.421242	 88.418867	 88.416612	 88.414474	 88.412447	 88.410528	 88.408712	 88.406996	 88.405376	 88.403849	 88.402411	 88.401059	  88.39979	 88.398601	  88.39749	 88.396454	 88.395491	 88.394599	 88.393775	 88.393018	 88.392326	 88.391698	 88.391131	 88.390624	 88.390177	 88.389788	 88.389456	 88.389181	 88.388962	 88.388798	 88.388688	 88.388634	
        99	 98.842169	 98.684384	 98.526689	  98.36913	 98.211752	   98.0546	 97.897717	  97.74115	 97.584941	 97.429136	 97.273777	 97.118908	 96.964571	 96.810808	 96.657663	 96.505175	 96.353385	 96.202335	 96.052062	 95.902607	 95.754007	   95.6063	 95.459522	  95.31371	 95.168899	 95.025123	 94.882416	  94.74081	 94.600337	 94.461029	 94.322915	 94.186024	 94.050384	 93.916023	 93.782966	 93.651239	 93.520866	  93.39187	 93.264273	 93.138096	 93.013359	 92.890081	  92.76828	 92.647972	 92.529174	 92.411901	 92.296165	  92.18198	 92.069356	 91.958305	 91.848837	 91.740958	 91.634678	 91.530002	 91.426935	 91.325482	 91.225646	  91.12743	 91.030836	 90.935863	 90.842511	 90.750779	 90.660664	 90.572164	 90.485275	 90.399991	 90.316307	 90.234217	 90.153713	 90.074787	 89.997431	 89.921635	 89.847389	 89.774682	 89.703502	 89.633838	 89.565677	 89.499006	  89.43381	 89.370075	 89.307787	  89.24693	 89.187488	 89.129445	 89.072784	 89.017489	 88.963541	 88.910924	 88.859619	 88.809607	  88.76087	 88.713389	 88.667146	  88.62212	 88.578293	 88.535644	 88.494153	 88.453802	  88.41457	 88.376436	 88.339381	 88.303385	 88.268427	 88.234487	 88.201545	  88.16958	 88.138574	 88.108505	 88.079353	 88.051099	 88.023723	 87.997206	 87.971527	 87.946667	 87.922608	 87.899329	 87.876813	 87.855041	 87.833993	 87.813652	    87.794	 87.775018	  87.75669	 87.738998	 87.721924	 87.705453	 87.689566	 87.674248	 87.659484	 87.645256	 87.631549	 87.618349	  87.60564	 87.593408	 87.581637	 87.570315	 87.559427	 87.548959	 87.538899	 87.529233	 87.519948	 87.511034	 87.502476	 87.494264	 87.486386	  87.47883	 87.471586	 87.464644	 87.457992	  87.45162	  87.44552	  87.43968	 87.434093	 87.428749	 87.423638	 87.418754	 87.414087	 87.409629	 87.405374	 87.401312	 87.397438	 87.393744	 87.390223	 87.386869	 87.383675	 87.380636	 87.377746	 87.374999	 87.372389	 87.369912	 87.367562	 87.365335	 87.363226	  87.36123	 87.359345	 87.357564	 87.355886	 87.354305	  87.35282	 87.351425	 87.350119	 87.348898	  87.34776	 87.346702	 87.345721	 87.344816	 87.343984	 87.343224	 87.342533	  87.34191	 87.341353	 87.340862	 87.340434	  87.34007	 87.339767	 87.339526	 87.339346	 87.339226	 87.339166	
        99	  98.82801	 98.656068	 98.484226	 98.312531	 98.141034	 97.969782	 97.798825	 97.628211	 97.457988	 97.288205	 97.118908	 96.950144	 96.781961	 96.614403	 96.447518	  96.28135	 96.115942	  95.95134	 95.787586	 95.624722	  95.46279	 95.301831	 95.141886	 94.982992	 94.825189	 94.668514	 94.513004	 94.358693	 94.205618	 94.053812	 93.903307	 93.754134	 93.606326	  93.45991	 93.314916	 93.171371	 93.029302	 92.888732	 92.749688	 92.612191	 92.476263	 92.341925	 92.209196	 92.078095	 91.948639	 91.820844	 91.694725	 91.570296	 91.447568	 91.326555	 91.207265	 91.089708	 90.973893	 90.859825	 90.747512	 90.636957	 90.528165	 90.421137	 90.315876	 90.212383	 90.110656	 90.010694	 89.912495	 89.816055	  89.72137	 89.628435	 89.537243	 89.447788	 89.360062	 89.274055	 89.189759	 89.107163	 89.026256	 88.947026	  88.86946	 88.793546	  88.71927	 88.646617	 88.575572	 88.506119	 88.438243	 88.371926	 88.307151	 88.243901	 88.182157	 88.121901	 88.063113	 88.005775	 87.949867	 87.895368	 87.842259	 87.790519	 87.740126	 87.691061	 87.643302	 87.596826	 87.551614	 87.507642	  87.46489	 87.423335	 87.382956	  87.34373	 87.305636	 87.268651	 87.232754	 87.197922	 87.164133	 87.131366	 87.099599	 87.068811	 87.038979	 87.010082	 86.982099	 86.955009	 86.928791	 86.903425	 86.878888	 86.855162	 86.832226	 86.810061	 86.788645	 86.767961	 86.747989	 86.728709	 86.710104	 86.692154	 86.674842	  86.65815	 86.642061	 86.626557	 86.611621	 86.597236	 86.583387	 86.570057	 86.557231	 86.544892	 86.533027	  86.52162	 86.510658	 86.500124	 86.490007	 86.480293	 86.470967	 86.462018	 86.453433	   86.4452	 86.437306	 86.429741	 86.422492	 86.415549	 86.408901	 86.402538	 86.396449	 86.390625	 86.385057	 86.379734	 86.374648	 86.369791	 86.365153	 86.360728	 86.356506	  86.35248	 86.348643	 86.344988	 86.341508	 86.338197	 86.335047	 86.332053	 86.329209	  86.32651	 86.323949	 86.321522	 86.319224	  86.31705	 86.314995	 86.313055	 86.311226	 86.309503	 86.307884	 86.306365	 86.304941	 86.303611	 86.302371	 86.301218	 86.300149	 86.299163	 86.298256	 86.297428	 86.296675	 86.295996	 86.295389	 86.294854	 86.294388	 86.293991	 86.293661	 86.293398	 86.293202	 86.293071	 86.293006	
        99	 98.813898	  98.62785	 98.441909	 98.256127	 98.070559	 97.885256	 97.700273	 97.515661	 97.331472	 97.147758	 96.964571	 96.781961	 96.599978	 96.418674	 96.238096	 96.058294	 95.879316	 95.701208	 95.524019	 95.347792	 95.172575	  94.99841	 94.825341	 94.653411	  94.48266	 94.313131	 94.144861	 93.977891	 93.812256	 93.647995	 93.485141	  93.32373	 93.163794	 93.005365	 92.848475	 92.693153	 92.539427	 92.387325	 92.236872	 92.088094	 91.941013	 91.795653	 91.652035	 91.510178	   91.3701	  91.23182	 91.095354	 90.960715	 90.827918	 90.696976	 90.567899	 90.440697	 90.315379	 90.191953	 90.070424	 89.950799	 89.833081	 89.717272	 89.603375	  89.49139	 89.381317	 89.273153	 89.166897	 89.062545	 88.960091	 88.859531	 88.760858	 88.664063	 88.569139	 88.476076	 88.384864	 88.295491	 88.207945	 88.122215	 88.038285	 87.956143	 87.875773	 87.797159	 87.720285	 87.645134	 87.571688	  87.49993	 87.429841	 87.361401	 87.294591	 87.229391	  87.16578	 87.103738	 87.043243	 86.984273	 86.926806	 86.870821	 86.816294	 86.763203	 86.711525	 86.661236	 86.612314	 86.564735	 86.518475	 86.473511	 86.429819	 86.387375	 86.346155	 86.306136	 86.267293	 86.229603	 86.193042	 86.157587	 86.123214	 86.089899	 86.057619	 86.026352	 85.996073	 85.966761	 85.938392	 85.910944	 85.884394	 85.858722	 85.833904	 85.809919	 85.786747	 85.764366	 85.742755	 85.721893	 85.701761	 85.682339	 85.663607	 85.645545	 85.628136	  85.61136	 85.595198	 85.579633	 85.564648	 85.550224	 85.536346	 85.522995	 85.510156	 85.497814	 85.485951	 85.474554	 85.463607	 85.453095	 85.443005	 85.433321	 85.424032	 85.415123	 85.406582	 85.398396	 85.390552	 85.383039	 85.375846	 85.368961	 85.362373	 85.356071	 85.350045	 85.344286	 85.338783	 85.333527	 85.328509	  85.32372	 85.319152	 85.314796	 85.310644	  85.30669	 85.302924	 85.299341	 85.295933	 85.292693	 85.289616	 85.286695	 85.283924	 85.281298	 85.278812	 85.276459	 85.274235	 85.272136	 85.270157	 85.268293	 85.266541	 85.264897	 85.263357	 85.261917	 85.260575	 85.259328	 85.258172	 85.257104	 85.256123	 85.255227	 85.254412	 85.253677	 85.253021	 85.252442	 85.251938	 85.251508	 85.251151	 85.250867	 85.250654	 85.250513	 85.250442	
        99	  98.79984	 98.599737	 98.399749	 98.199933	 98.000346	 97.801046	 97.602088	 97.403529	 97.205426	 97.007834	 96.810808	 96.614403	 96.418674	 96.223673	 96.029454	 95.836069	  95.64357	 95.452008	 95.261433	 95.071894	  94.88344	 94.696118	 94.509975	 94.325057	 94.141407	 93.959071	  93.77809	 93.598506	 93.420359	 93.243689	 93.068533	 92.894928	  92.72291	 92.552513	 92.383771	 92.216715	 92.051376	 91.887784	 91.725966	 91.565948	 91.407757	 91.251416	 91.096948	 90.944375	 90.793716	 90.644989	 90.498214	 90.353404	 90.210575	 90.069741	 89.930913	 89.794102	 89.659318	 89.526567	 89.395858	 89.267196	 89.140585	 89.016028	 88.893526	 88.773082	 88.654693	 88.538359	 88.424076	 88.311841	 88.201648	 88.093491	 87.987363	 87.883256	 87.781162	 87.681068	 87.582965	 87.486841	 87.392682	 87.300475	 87.210206	 87.121858	 87.035416	 86.950863	 86.868182	 86.787354	  86.70836	 86.631181	 86.555797	 86.482187	 86.410331	 86.340205	 86.271789	  86.20506	 86.139994	  86.07657	 86.014762	 85.954547	 85.895901	   85.8388	 85.783218	  85.72913	 85.676513	 85.625339	 85.575585	 85.527224	 85.480231	  85.43458	 85.390247	 85.347204	 85.305427	  85.26489	 85.225567	 85.187434	 85.150464	 85.114632	 85.079914	 85.046285	 85.013719	 84.982192	  84.95168	 84.922158	 84.893603	 84.865991	 84.839299	 84.813502	  84.78858	 84.764507	 84.741264	 84.718826	 84.697174	 84.676284	 84.656137	 84.636711	 84.617986	 84.599943	  84.58256	  84.56582	 84.549702	 84.534189	 84.519262	 84.504903	 84.491094	 84.477819	 84.465061	 84.452803	 84.441028	 84.429723	  84.41887	 84.408455	 84.398464	 84.388882	 84.379696	 84.370891	 84.362455	 84.354375	 84.346638	 84.339233	 84.332147	 84.325369	 84.318888	 84.312694	 84.306775	 84.301122	 84.295725	 84.290574	 84.285661	 84.280976	 84.276511	 84.272257	 84.268207	 84.264353	 84.260688	 84.257203	 84.253894	 84.250752	 84.247772	 84.244948	 84.242273	 84.239743	 84.237351	 84.235093	 84.232965	  84.23096	 84.229076	 84.227307	 84.225651	 84.224103	 84.222659	 84.221317	 84.220074	 84.218926	 84.217871	 84.216907	  84.21603	  84.21524	 84.214534	 84.213911	 84.213369	 84.212907	 84.212523	 84.212217	 84.211989	 84.211837	 84.211761	
        99	 98.785837	 98.571736	 98.357758	 98.143964	 97.930415	 97.717172	 97.504296	 97.291848	 97.079886	 96.868472	 96.657663	 96.447518	 96.238096	 96.029454	 95.821648	 95.614735	  95.40877	 95.203807	   94.9999	 94.797102	 94.595464	 94.395038	 94.195874	 93.998019	 93.801523	 93.606431	 93.412789	 93.220642	 93.030033	 92.841004	 92.653594	 92.467845	 92.283794	 92.101477	  91.92093	 91.742188	 91.565283	 91.390246	 91.217108	 91.045896	 90.876639	 90.709361	 90.544087	  90.38084	 90.219642	 90.060511	 89.903468	 89.748528	 89.595708	 89.445022	 89.296482	   89.1501	 89.005887	  88.86385	 88.723997	 88.586334	 88.450866	 88.317595	 88.186524	 88.057654	 87.930983	 87.806511	 87.684233	 87.564146	 87.446245	 87.330522	  87.21697	  87.10558	 86.996343	 86.889248	 86.784282	 86.681433	 86.580688	  86.48203	 86.385446	 86.290918	 86.198429	 86.107962	 86.019496	 85.933014	 85.848494	 85.765916	 85.685258	 85.606499	 85.529615	 85.454584	 85.381382	 85.309985	 85.240368	 85.172506	 85.106375	 85.041948	 84.979199	 84.918103	 84.858633	 84.800761	 84.744463	  84.68971	 84.636475	 84.584731	  84.53445	 84.485606	 84.438171	 84.392118	 84.347418	 84.304045	 84.261972	  84.22117	 84.181614	 84.143276	 84.106129	 84.070147	 84.035303	 84.001571	 83.968924	 83.937337	 83.906785	 83.877241	 83.848681	 83.821081	 83.794414	 83.768658	 83.743788	 83.719781	 83.696614	 83.674263	 83.652707	 83.631922	 83.611887	 83.592581	 83.573983	 83.556071	 83.538826	 83.522228	 83.506256	 83.490893	 83.476118	 83.461915	 83.448264	 83.435148	  83.42255	 83.410453	 83.398841	 83.387698	 83.377008	 83.366756	 83.356927	 83.347506	  83.33848	 83.329834	 83.321556	 83.313633	 83.306051	 83.298799	 83.291865	 83.285237	 83.278905	 83.272856	 83.267082	 83.261571	 83.256314	 83.251301	 83.246523	 83.241972	 83.237639	 83.233515	 83.229593	 83.225865	 83.222324	 83.218963	 83.215774	 83.212752	 83.209891	 83.207183	 83.204624	 83.202209	 83.199931	 83.197786	  83.19577	 83.193878	 83.192106	 83.190449	 83.188905	 83.187469	 83.186139	  83.18491	 83.183782	  83.18275	 83.181812	 83.180967	 83.180211	 83.179545	 83.178965	  83.17847	  83.17806	 83.177733	 83.177488	 83.177325	 83.177244	
        99	 98.771895	 98.543856	 98.315948	 98.088235	 97.860784	 97.633659	 97.406925	 97.180646	 96.954885	 96.729707	 96.505175	  96.28135	 96.058294	 95.836069	 95.614735	 95.394352	 95.174978	 94.956672	  94.73949	  94.52349	 94.308726	 94.095252	 93.883121	 93.672386	 93.463098	 93.255306	 93.049058	 92.844402	 92.641384	 92.440048	 92.240439	 92.042597	 91.846563	 91.652378	 91.460078	 91.269699	 91.081277	 90.894845	 90.710435	 90.528078	 90.347802	 90.169634	 89.993601	 89.819727	 89.648034	 89.478544	 89.311277	  89.14625	 88.983481	 88.822985	 88.664775	 88.508864	 88.355262	 88.203979	 88.055021	 87.908396	 87.764109	 87.622162	 87.482559	 87.345299	 87.210382	 87.077806	 86.947568	 86.819664	 86.694086	  86.57083	 86.449886	 86.331245	 86.214896	 86.100829	  85.98903	 85.879485	 85.772181	 85.667101	 85.564229	 85.463547	 85.365037	  85.26868	 85.174456	 85.082343	 84.992321	 84.904367	 84.818459	 84.734572	 84.652683	 84.572768	   84.4948	 84.418755	 84.344605	 84.272326	 84.201889	 84.133268	 84.066434	 84.001361	 83.938019	  83.87638	 83.816417	 83.758099	 83.701398	 83.646286	 83.592732	 83.540708	 83.490185	 83.441133	 83.393524	 83.347327	 83.302515	 83.259057	 83.216926	 83.176092	 83.136527	 83.098202	  83.06109	 83.025162	  82.99039	 82.956747	 82.924205	 82.892738	 82.862319	 82.832921	 82.804519	 82.777086	 82.750597	 82.725028	 82.700352	 82.676546	 82.653586	 82.631448	 82.610109	 82.589547	 82.569737	  82.55066	 82.532292	 82.514613	 82.497602	 82.481238	 82.465502	 82.450374	 82.435834	 82.421864	 82.408446	 82.395562	 82.383194	 82.371325	 82.359939	  82.34902	 82.338551	 82.328517	 82.318903	 82.309695	 82.300878	 82.292439	 82.284364	 82.276639	 82.269254	 82.262195	  82.25545	 82.249007	 82.242857	 82.236987	 82.231388	 82.226049	  82.22096	 82.216113	 82.211497	 82.207105	 82.202928	 82.198957	 82.195186	 82.191606	  82.18821	 82.184991	 82.181943	 82.179059	 82.176333	 82.173761	 82.171335	  82.16905	 82.166903	 82.164888	    82.163	 82.161236	 82.159591	 82.158061	 82.156644	 82.155336	 82.154134	 82.153035	 82.152036	 82.151136	 82.150331	 82.149621	 82.149003	 82.148476	 82.148039	 82.147691	  82.14743	 82.147257	  82.14717	
        99	 98.758017	 98.516103	 98.274329	 98.032762	 97.791472	 97.550529	     97.31	 97.069953	 96.830457	 96.591579	 96.353385	 96.115942	 95.879316	  95.64357	  95.40877	 95.174978	 94.942257	 94.710669	 94.480274	 94.251132	 94.023301	 93.796839	 93.571802	 93.348245	 93.126224	 92.905789	 92.686992	 92.469885	 92.254515	  92.04093	 91.829176	 91.619297	 91.411336	 91.205336	 91.001336	 90.799374	 90.599489	 90.401714	 90.206084	 90.012632	 89.821387	  89.63238	 89.445636	 89.261183	 89.079044	 88.899242	 88.721798	 88.546732	  88.37406	 88.203799	 88.035963	 87.870566	 87.707618	 87.547131	  87.38911	 87.233565	 87.080498	 86.929916	 86.781818	 86.636207	 86.493082	  86.35244	 86.214278	 86.078591	 85.945374	 85.814618	 85.686316	 85.560456	 85.437029	 85.316022	  85.19742	 85.081211	 84.967378	 84.855905	 84.746774	 84.639967	 84.535463	 84.433243	 84.333286	 84.235569	  84.14007	 84.046765	  83.95563	 83.866639	 83.779768	  83.69499	 83.612279	 83.531607	 83.452946	 83.376269	 83.301547	 83.228751	 83.157851	 83.088818	 83.021622	 82.956234	 82.892622	 82.830756	 82.770606	  82.71214	 82.655328	 82.600139	 82.546542	 82.494506	    82.444	 82.394992	 82.347453	 82.301352	 82.256657	 82.213339	 82.171367	  82.13071	  82.09134	 82.053226	 82.016338	 81.980648	 81.946127	 81.912745	 81.880475	 81.849289	 81.819159	 81.790057	 81.761956	 81.734831	 81.708654	   81.6834	 81.659043	 81.635558	 81.612921	 81.591107	 81.570093	 81.549854	 81.530369	 81.511614	 81.493568	 81.476209	 81.459515	 81.443466	 81.428042	 81.413223	 81.398988	  81.38532	   81.3722	 81.359609	  81.34753	 81.335946	  81.32484	 81.314196	 81.303997	 81.294228	 81.284875	 81.275922	 81.267356	 81.259162	 81.251327	 81.243838	 81.236683	 81.229849	 81.223324	 81.217097	 81.211157	 81.205493	 81.200095	 81.194953	 81.190057	 81.185397	 81.180966	 81.176754	 81.172753	 81.168954	 81.165352	 81.161937	 81.158704	 81.155645	 81.152753	 81.150024	  81.14745	 81.145027	 81.142749	 81.140611	 81.138609	 81.136737	 81.134992	 81.133369	 81.131866	 81.130478	 81.129203	 81.128037	 81.126978	 81.126022	 81.125169	 81.124416	  81.12376	 81.123201	 81.122738	 81.122368	 81.122092	 81.121908	 81.121816	
