Time step 79:
        99	        99	        99	        99	        99	        99	        99	        99	        99	        99	        99	        99	        99	        99	        99	        99	        99	        99	        99	        99	        99	        99	        99	        99	        99	        99	        99	        99	        99	        99	        99	        99	        99	        99	        99	        99	        99	        99	        99	        99	        99	        99	        99	        99	        99	        99	        99	        99	        99	        99	        99	        99	        99	        99	        99	        99	        99	        99	        99	        99	        99	        99	        99	        99	        99	        99	        99	        99	        99	        99	        99	        99	        99	        99	        99	        99	        99	        99	        99	        99	        99	        99	        99	        99	        99	        99	        99	        99	        99	        99	        99	        99	        99	        99	        99	        99	        99	        99	        99	        99	        99	        99	        99	        99	        99	        99	        99	        99	        99	        99	        99	        99	        99	        99	        99	        99	        99	        99	        99	        99	        99	        99	        99	        99	        99	        99	        99	        99	        99	        99	        99	        99	        99	        99	        99	        99	        99	        99	        99	        99	        99	        99	        99	        99	        99	        99	        99	        99	        99	        99	        99	        99	        99	        99	        99	        99	        99	        99	        99	        99	        99	        99	        99	        99	        99	        99	        99	        99	        99	        99	        99	        99	        99	        99	        99	        99	        99	        99	        99	        99	        99	        99	        99	        99	        99	        99	        99	        99	        99	        99	        99	        99	        99	        99	        99	        99	        99	        99	        99	        99	
        99	 98.991963	 98.983926	 98.975893	 98.967863	 98.959838	  98.95182	 98.943809	 98.935808	 98.927816	 98.919837	 98.911869	 98.903916	 98.895978	 98.888057	 98.880153	 98.872269	 98.864404	 98.856561	  98.84874	 98.840943	 98.833171	 98.825425	 98.817706	 98.810015	 98.802354	 98.794723	 98.787124	 98.779558	 98.772026	 98.764528	 98.757067	 98.749642	 98.742255	 98.734907	 98.727599	 98.720331	 98.713106	 98.705922	 98.698783	 98.691688	 98.684638	 98.677634	 98.670677	 98.663767	 98.656906	 98.650095	 98.643333	 98.636622	 98.629962	 98.623354	 98.616799	 98.610297	 98.603848	 98.597455	 98.591116	 98.584833	 98.578606	 98.572435	 98.566321	 98.560265	 98.554266	 98.548326	 98.542445	 98.536622	 98.530859	 98.525155	 98.519512	 98.513928	 98.508405	 98.502943	 98.497541	 98.492201	 98.486921	 98.481703	 98.476547	 98.471452	 98.466418	 98.461447	 98.456537	 98.451689	 98.446902	 98.442178	 98.437515	 98.432913	 98.428373	 98.423895	 98.419478	 98.415122	 98.410827	 98.406594	  98.40242	 98.398308	 98.394255	 98.390263	 98.386331	 98.382458	 98.378644	 98.374889	 98.371194	 98.367556	 98.363977	 98.360455	 98.356991	 98.353584	 98.350233	 98.346939	   98.3437	 98.340517	 98.337389	 98.334316	 98.331297	 98.328332	 98.325419	  98.32256	 98.319754	 98.316999	 98.314295	 98.311643	 98.309041	 98.306489	 98.303986	 98.301533	 98.299128	 98.296771	 98.294461	 98.292198	 98.289982	 98.287812	 98.285687	 98.283607	 98.281571	 98.279579	  98.27763	 98.275724	 98.273861	 98.272039	 98.270258	 98.268518	 98.266818	 98.265158	 98.263536	 98.261954	 98.260409	 98.258902	 98.257433	 98.255999	 98.254602	 98.253241	 98.251914	 98.250622	 98.249365	 98.248141	  98.24695	 98.245793	 98.244667	 98.243573	 98.242511	  98.24148	 98.240479	 98.239509	 98.238568	 98.237657	 98.236775	 98.235921	 98.235096	 98.234298	 98.233528	 98.232785	 98.232069	 98.231379	 98.230715	 98.230078	 98.229465	 98.228878	 98.228316	 98.227779	 98.227266	 98.226777	 98.226312	 98.225871	 98.225453	 98.225059	 98.224687	 98.224338	 98.224012	 98.223709	 98.223428	 98.223169	 98.222932	 98.222717	 98.222524	 98.222352	 98.222203	 98.222074	 98.221968	 98.221882	 98.221818	 98.221776	 98.221754	
        99	 98.983926	 98.967855	 98.951789	 98.935731	 98.919683	 98.903648	 98.887628	 98.871626	 98.855645	 98.839686	 98.823753	 98.807848	 98.791974	 98.776132	 98.760326	 98.744558	  98.72883	 98.713144	 98.697504	 98.681911	 98.666368	 98.650877	  98.63544	 98.620061	  98.60474	  98.58948	 98.574283	 98.559152	 98.544088	 98.529094	 98.514172	 98.499324	 98.484551	 98.469856	 98.455241	 98.440707	 98.426257	 98.411892	 98.397614	 98.383425	 98.369326	 98.355319	 98.341406	 98.327588	 98.313868	 98.300245	 98.286723	 98.273301	 98.259983	 98.246768	 98.233659	 98.220656	  98.20776	 98.194974	 98.182297	 98.169732	 98.157278	 98.144938	 98.132712	   98.1206	 98.108604	 98.096725	 98.084962	 98.073318	 98.061793	 98.050386	   98.0391	 98.027934	 98.016889	 98.005965	 97.995162	 97.984482	 97.973924	 97.963489	 97.953177	 97.942988	 97.932922	  97.92298	 97.913161	 97.903465	 97.893893	 97.884445	 97.875119	 97.865917	 97.856838	 97.847882	 97.839049	 97.830338	 97.821749	 97.813282	 97.804936	 97.796711	 97.788607	 97.780623	 97.772759	 97.765014	 97.757387	 97.749879	 97.742488	 97.735213	 97.728055	 97.721012	 97.714084	  97.70727	  97.70057	 97.693982	 97.687505	  97.68114	 97.674884	 97.668738	 97.662701	  97.65677	 97.650947	 97.645229	 97.639616	 97.634106	   97.6287	 97.623396	 97.618192	 97.613088	 97.608084	 97.603177	 97.598368	 97.593654	 97.589035	  97.58451	 97.580078	 97.575737	 97.571488	 97.567328	 97.563257	 97.559273	 97.555376	 97.551564	 97.547837	 97.544194	 97.540633	 97.537153	 97.533753	 97.530433	  97.52719	 97.524025	 97.520937	 97.517923	 97.514984	 97.512117	 97.509323	 97.506601	 97.503948	 97.501365	  97.49885	 97.496402	 97.494021	 97.491706	 97.489455	 97.487268	 97.485143	 97.483081	  97.48108	  97.47914	 97.477258	 97.475436	 97.473672	 97.471964	 97.470314	 97.468718	 97.467178	 97.465692	  97.46426	 97.462881	 97.461554	 97.460278	 97.459054	  97.45788	 97.456756	 97.455681	 97.454655	 97.453678	 97.452748	 97.451865	  97.45103	 97.450241	 97.449498	 97.448801	 97.448149	 97.447542	  97.44698	 97.446462	 97.445988	 97.445558	 97.445172	 97.444829	  97.44453	 97.444273	  97.44406	 97.443889	 97.443761	 97.443676	 97.443633	
        99	 98.975893	 98.951789	 98.927693	 98.903609	  98.87954	 98.855491	 98.831464	 98.807465	 98.783496	 98.759561	 98.735665	  98.71181	 98.688002	 98.664243	 98.640537	 98.616887	 98.593298	 98.569774	 98.546316	  98.52293	 98.499619	 98.476385	 98.453234	 98.430167	 98.407188	 98.384301	 98.361509	 98.338816	 98.316223	 98.293735	 98.271355	 98.249086	  98.22693	  98.20489	  98.18297	 98.161173	   98.1395	 98.117955	 98.096541	  98.07526	 98.054115	 98.033107	 98.012241	 97.991517	 97.970939	 97.950508	 97.930227	 97.910097	 97.890122	 97.870303	 97.850641	 97.831139	 97.811799	 97.792622	 97.773609	 97.754764	 97.736086	 97.717578	 97.699241	 97.681076	 97.663084	 97.645267	 97.627627	 97.610163	 97.592877	 97.575769	 97.558842	 97.542095	 97.525529	 97.509145	 97.492944	 97.476926	 97.461092	 97.445441	 97.429975	 97.414693	 97.399597	 97.384685	 97.369958	 97.355417	 97.341061	  97.32689	 97.312904	 97.299102	 97.285486	 97.272054	 97.258805	  97.24574	 97.232859	  97.22016	 97.207643	 97.195308	 97.183153	 97.171179	 97.159384	 97.147768	 97.136329	 97.125068	 97.113983	 97.103073	 97.092337	 97.081774	 97.071384	 97.061164	 97.051114	 97.041233	  97.03152	 97.021973	 97.012591	 97.003373	 96.994318	 96.985424	  96.97669	 96.968114	 96.959695	 96.951433	 96.943324	 96.935368	 96.927564	  96.91991	 96.912404	 96.905045	 96.897831	 96.890762	 96.883834	 96.877048	   96.8704	 96.863891	 96.857517	 96.851278	 96.845172	 96.839197	 96.833353	 96.827636	 96.822046	 96.816582	  96.81124	 96.806021	 96.800922	 96.795942	  96.79108	 96.786333	 96.781701	 96.777181	 96.772772	 96.768473	 96.764283	 96.760199	 96.756221	 96.752346	 96.748575	 96.744904	 96.741333	  96.73786	 96.734484	 96.731204	 96.728018	 96.724925	 96.721924	 96.719013	 96.716192	 96.713459	 96.710812	 96.708252	 96.705776	 96.703383	 96.701074	 96.698845	 96.696697	 96.694628	 96.692638	 96.690725	 96.688888	 96.687128	 96.685442	  96.68383	 96.682292	 96.680825	 96.679431	 96.678107	 96.676854	 96.675671	 96.674557	 96.673511	 96.672533	 96.671623	  96.67078	 96.670003	 96.669293	 96.668648	 96.668069	 96.667554	 96.667105	  96.66672	   96.6664	 96.666144	 96.665952	 96.665825	 96.665761	
        99	 98.967863	 98.935731	 98.903609	 98.871503	 98.839417	 98.807357	 98.775328	 98.743334	 98.711381	 98.679475	 98.647619	 98.615819	  98.58408	 98.552407	 98.520805	 98.489278	 98.457832	 98.426472	 98.395201	 98.364025	 98.332949	 98.301977	 98.271114	 98.240364	 98.209732	 98.179222	 98.148838	 98.118585	 98.088468	  98.05849	 98.028655	 97.998967	 97.969432	 97.940051	  97.91083	 97.881772	 97.852881	  97.82416	 97.795613	 97.767243	 97.739055	  97.71105	 97.683233	 97.655607	 97.628174	 97.600938	 97.573901	 97.547067	 97.520439	 97.494018	 97.467807	 97.441809	 97.416027	 97.390462	 97.365117	 97.339994	 97.315095	 97.290423	 97.265977	 97.241762	 97.217778	 97.194027	  97.17051	 97.147229	 97.124185	  97.10138	 97.078814	 97.056489	 97.034405	 97.012565	 96.990967	 96.969613	 96.948505	 96.927641	 96.907023	 96.886652	 96.866526	 96.846648	 96.827016	 96.807631	 96.788493	 96.769602	 96.750958	 96.732559	 96.714407	 96.696501	  96.67884	 96.661423	 96.644251	 96.627322	 96.610636	 96.594192	 96.577989	 96.562026	 96.546303	 96.530817	 96.515569	 96.500557	 96.485779	 96.471235	 96.456923	 96.442842	 96.428991	 96.415367	  96.40197	 96.388798	 96.375849	 96.363123	 96.350616	 96.338328	 96.326256	 96.314399	 96.302756	 96.291324	 96.280101	 96.269086	 96.258277	 96.247671	 96.237267	 96.227063	 96.217057	 96.207247	 96.197631	 96.188206	 96.178972	 96.169925	 96.161063	 96.152385	 96.143889	 96.135572	 96.127432	 96.119467	 96.111675	 96.104055	 96.096603	 96.089318	 96.082198	  96.07524	 96.068443	 96.061804	 96.055322	 96.048994	 96.042819	 96.036794	 96.030917	 96.025186	   96.0196	 96.014156	 96.008852	 96.003687	 95.998659	 95.993765	 95.989005	 95.984375	 95.979875	 95.975502	 95.971255	 95.967132	 95.963131	 95.959251	  95.95549	 95.951846	 95.948319	 95.944905	 95.941605	 95.938416	 95.935336	 95.932365	 95.929502	 95.926744	 95.924091	  95.92154	 95.919092	 95.916745	 95.914498	 95.912349	 95.910298	 95.908344	 95.906485	  95.90472	  95.90305	 95.901472	 95.899987	 95.898593	  95.89729	 95.896076	 95.894952	 95.893917	 95.892969	  95.89211	 95.891338	 95.890652	 95.890053	 95.889541	 95.889114	 95.888772	 95.888517	 95.888346	 95.888261	
        99	 98.959838	 98.919683	  98.87954	 98.839417	  98.79932	 98.759254	 98.719227	 98.679244	 98.639313	 98.599439	 98.559629	 98.519889	 98.480225	 98.440643	  98.40115	 98.361751	 98.322453	 98.283261	 98.244183	 98.205222	 98.166386	 98.127681	 98.089111	 98.050682	 98.012401	 97.974273	 97.936303	 97.898496	 97.860858	 97.823394	 97.786109	 97.749009	 97.712098	 97.675381	 97.638864	  97.60255	 97.566444	 97.530552	 97.494877	 97.459423	 97.424196	 97.389199	 97.354436	 97.319911	 97.285628	 97.251591	 97.217804	  97.18427	 97.150991	 97.117973	 97.085218	 97.052728	 97.020508	  96.98856	 96.956886	  96.92549	 96.894374	  96.86354	 96.832991	 96.802729	 96.772756	 96.743074	 96.713685	 96.684591	 96.655793	 96.627293	 96.599093	 96.571193	 96.543596	 96.516301	 96.489311	 96.462625	 96.436245	 96.410172	 96.384406	 96.358948	 96.333797	 96.308955	 96.284421	 96.260196	 96.236279	 96.212671	 96.189371	 96.166379	 96.143694	 96.121316	 96.099245	  96.07748	  96.05602	 96.034864	 96.014011	 95.993461	 95.973212	 95.953263	 95.933613	 95.914261	 95.895206	 95.876445	 95.857977	 95.839801	 95.821916	 95.804319	 95.787009	 95.769983	 95.753241	  95.73678	 95.720598	 95.704693	 95.689063	 95.673707	 95.658621	 95.643804	 95.629253	 95.614966	 95.600941	 95.587176	 95.573667	 95.560413	 95.547412	  95.53466	 95.522155	 95.509896	 95.497878	   95.4861	  95.47456	 95.463253	 95.452179	 95.441334	 95.430716	 95.420322	  95.41015	 95.400197	  95.39046	 95.380936	 95.371624	  95.36252	 95.353621	 95.344926	 95.336432	 95.328136	 95.320035	 95.312127	 95.304409	  95.29688	 95.289535	 95.282374	 95.275392	 95.268589	 95.261961	 95.255507	 95.249223	 95.243107	 95.237158	 95.231372	 95.225748	 95.220284	 95.214976	 95.209823	 95.204824	 95.199975	 95.195275	 95.190721	 95.186313	 95.182047	 95.177922	 95.173937	 95.170088	 95.166376	 95.162797	  95.15935	 95.156035	 95.152848	 95.149788	 95.146855	 95.144047	 95.141362	 95.138798	 95.136356	 95.134033	 95.131828	  95.12974	 95.127769	 95.125912	  95.12417	 95.122541	 95.121025	  95.11962	 95.118326	 95.117142	 95.116068	 95.115103	 95.114247	 95.113498	 95.112858	 95.112324	 95.111898	 95.111578	 95.111365	 95.111258	
        99	  98.95182	 98.903648	 98.855491	 98.807357	 98.759254	 98.711189	 98.663171	 98.615206	 98.567302	 98.519468	  98.47171	 98.424035	 98.376452	 98.328968	  98.28159	 98.234325	 98.187181	 98.140166	 98.093285	 98.046546	 97.999957	 97.953523	 97.907253	 97.861153	 97.815229	 97.769488	 97.723937	 97.678582	  97.63343	 97.588486	 97.543758	 97.499251	  97.45497	 97.410923	 97.367115	 97.323551	 97.280237	 97.237179	 97.194381	 97.151849	 97.109589	 97.067605	 97.025901	 96.984484	 96.943356	 96.902524	 96.861991	 96.821761	 96.781839	 96.742229	 96.702934	 96.663958	 96.625305	 96.586979	 96.548982	 96.511317	 96.473989	 96.436999	 96.400351	 96.364047	  96.32809	 96.292482	 96.257226	 96.222323	 96.187776	 96.153586	 96.119755	 96.086286	 96.053178	 96.020434	 95.988055	 95.956042	 95.924395	 95.893117	 95.862207	 95.831665	 95.801494	 95.771692	  95.74226	 95.713198	 95.684506	 95.656184	 95.628233	  95.60065	 95.573436	 95.546591	 95.520113	 95.494003	 95.468258	 95.442878	 95.417862	 95.393209	 95.368918	 95.344986	 95.321414	 95.298198	 95.275338	 95.252831	 95.230677	 95.208872	 95.187416	 95.166306	 95.145539	 95.125115	  95.10503	 95.085283	  95.06587	  95.04679	  95.02804	 95.009617	 94.991519	 94.973744	 94.956288	 94.939149	 94.922324	  94.90581	 94.889605	 94.873705	 94.858107	  94.84281	 94.827809	 94.813101	 94.798684	 94.784555	  94.77071	 94.757147	 94.743862	 94.730852	 94.718114	 94.705645	 94.693442	 94.681501	  94.66982	 94.658395	 94.647223	 94.636302	 94.625627	 94.615196	 94.605006	 94.595053	 94.585335	 94.575848	  94.56659	 94.557557	 94.548746	 94.540155	  94.53178	 94.523618	 94.515667	 94.507924	 94.500385	 94.493049	 94.485912	 94.478971	 94.472224	 94.465668	 94.459301	  94.45312	 94.447122	 94.441305	 94.435667	 94.430204	 94.424915	 94.419798	  94.41485	 94.410068	 94.405452	 94.400998	 94.396705	  94.39257	 94.388592	 94.384769	 94.381099	  94.37758	 94.374211	  94.37099	 94.367915	 94.364985	 94.362198	 94.359553	 94.357048	 94.354683	 94.352456	 94.350366	 94.348412	 94.346593	 94.344908	 94.343355	 94.341935	 94.340647	 94.339489	 94.338462	 94.337564	 94.336795	 94.336155	 94.335643	  94.33526	 94.335004	 94.334877	
        99	 98.943809	 98.887628	 98.831464	 98.775328	 98.719227	 98.663171	 98.607169	 98.551229	 98.495361	 98.439573	 98.383874	 98.328274	 98.272779	   98.2174	 98.162145	 98.107022	  98.05204	 97.997207	 97.942532	 97.888022	 97.833686	 97.779533	  97.72557	 97.671804	 97.618245	 97.564899	 97.511775	 97.458879	  97.40622	 97.353804	 97.301639	 97.249731	 97.198089	 97.146718	 97.095626	 97.044819	 96.994304	 96.944087	 96.894173	  96.84457	 96.795283	 96.746319	 96.697682	 96.649378	 96.601413	 96.553791	 96.506519	 96.459601	 96.413041	 96.366845	 96.321017	 96.275561	 96.230482	 96.185783	 96.141468	 96.097541	 96.054007	 96.010867	 95.968126	 95.925786	  95.88385	 95.842322	 95.801204	 95.760498	 95.720207	 95.680333	 95.640877	 95.601843	  95.56323	 95.525042	  95.48728	 95.449944	 95.413036	 95.376557	 95.340507	 95.304888	   95.2697	 95.234943	 95.200618	 95.166724	 95.133262	 95.100232	 95.067632	 95.035464	 95.003725	 94.972417	 94.941537	 94.911085	  94.88106	  94.85146	 94.822285	 94.793534	 94.765203	 94.737293	 94.709801	 94.682725	 94.656064	 94.629816	 94.603978	 94.578548	 94.553524	 94.528904	 94.504685	 94.480865	 94.457441	  94.43441	  94.41177	 94.389517	  94.36765	 94.346164	 94.325057	 94.304326	 94.283968	 94.263979	 94.244357	 94.225098	 94.206198	 94.187654	 94.169464	 94.151623	 94.134127	 94.116975	 94.100161	 94.083682	 94.067536	 94.051717	 94.036223	  94.02105	 94.006195	 93.991652	  93.97742	 93.963494	 93.949871	 93.936547	 93.923517	  93.91078	  93.89833	 93.886165	 93.874281	 93.862673	 93.851339	 93.840275	 93.829478	 93.818943	 93.808667	 93.798647	  93.78888	 93.779361	 93.770088	 93.761058	 93.752266	  93.74371	 93.735386	 93.727291	 93.719423	 93.711777	 93.704351	 93.697142	 93.690147	 93.683363	 93.676787	 93.670416	 93.664248	  93.65828	 93.652509	 93.646932	 93.641548	 93.636354	 93.631347	 93.626525	 93.621886	 93.617427	 93.613147	 93.609043	 93.605113	 93.601357	  93.59777	 93.594353	 93.591103	 93.588018	 93.585097	 93.582339	 93.579742	 93.577304	 93.575025	 93.572903	 93.570938	 93.569128	 93.567471	 93.565969	 93.564618	  93.56342	 93.562373	 93.561476	  93.56073	 93.560133	 93.559686	 93.559388	 93.559239	
        99	 98.935808	 98.871626	 98.807465	 98.743334	 98.679244	 98.615206	 98.551229	 98.487324	   98.4235	 98.359768	 98.296137	 98.232619	 98.169222	 98.105957	 98.042833	 97.979861	 97.917049	 97.854408	 97.791947	 97.729675	 97.667602	 97.605737	 97.544089	 97.482668	 97.421482	 97.360539	  97.29985	 97.239422	 97.179264	 97.119384	  97.05979	 97.000491	 96.941495	 96.882809	 96.824442	   96.7664	 96.708691	 96.651322	 96.594301	 96.537635	 96.481329	 96.425392	 96.369829	 96.314647	 96.259851	 96.205449	 96.151445	 96.097845	 96.044656	 95.991881	 95.939527	 95.887598	 95.836099	 95.785035	  95.73441	 95.684228	 95.634494	 95.585211	 95.536383	 95.488014	 95.440107	 95.392666	 95.345692	  95.29919	 95.253161	 95.207608	 95.162535	 95.117941	 95.073831	 95.030205	 94.987065	 94.944412	 94.902249	 94.860575	 94.819392	 94.778701	 94.738502	 94.698795	 94.659582	 94.620862	 94.582635	   94.5449	 94.507659	  94.47091	 94.434652	 94.398885	 94.363607	 94.328819	 94.294518	 94.260704	 94.227374	 94.194528	 94.162164	 94.130279	 94.098872	 94.067941	 94.037483	 94.007497	 93.977979	 93.948928	 93.920341	 93.892215	 93.864548	 93.837335	 93.810575	 93.784265	 93.758401	 93.732979	 93.707998	 93.683453	  93.65934	 93.635657	   93.6124	 93.589565	 93.567148	 93.545146	 93.523555	 93.502371	  93.48159	 93.461209	 93.441222	 93.421627	 93.402419	 93.383594	 93.365148	 93.347077	 93.329376	 93.312043	 93.295071	 93.278458	   93.2622	 93.246291	 93.230727	 93.215505	 93.200621	  93.18607	 93.171847	  93.15795	 93.144373	 93.131113	 93.118165	 93.105525	  93.09319	 93.081155	 93.069416	 93.057969	 93.046811	 93.035937	 93.025344	 93.015027	 93.004983	 92.995208	 92.985699	 92.976452	 92.967463	 92.958728	 92.950245	 92.942009	 92.934018	 92.926268	 92.918755	 92.911478	 92.904431	 92.897613	  92.89102	  92.88465	 92.878499	 92.872565	 92.866845	 92.861336	 92.856036	 92.850943	 92.846053	 92.841365	 92.836876	 92.832584	 92.828487	 92.824583	  92.82087	 92.817346	 92.814009	 92.810858	 92.807891	 92.805106	 92.802503	 92.800079	 92.797834	 92.795766	 92.793874	 92.792157	 92.790614	 92.789245	 92.788049	 92.787025	 92.786172	 92.785491	  92.78498	 92.784639	 92.784469	
        99	 98.927816	 98.855645	 98.783496	 98.711381	 98.639313	 98.567302	 98.495361	   98.4235	  98.35173	 98.280064	 98.208513	 98.137087	 98.065798	 97.994657	 97.923674	 97.852862	 97.782231	 97.711792	 97.641555	 97.571531	  97.50173	 97.432163	 97.362841	 97.293773	  97.22497	 97.156441	 97.088196	 97.020245	 96.952598	 96.885263	 96.818251	  96.75157	 96.685229	 96.619237	 96.553603	 96.488336	 96.423443	 96.358932	 96.294813	 96.231092	 96.167777	 96.104876	 96.042395	 95.980343	 95.918726	 95.857551	 95.796824	 95.736552	 95.676741	 95.617396	 95.558525	 95.500131	 95.442221	   95.3848	 95.327872	 95.271443	 95.215518	 95.160099	 95.105193	 95.050802	 94.996931	 94.943584	 94.890762	 94.838471	 94.786712	 94.735488	 94.684803	 94.634659	 94.585057	    94.536	 94.487489	 94.439527	 94.392114	 94.345252	 94.298942	 94.253185	 94.207982	 94.163332	 94.119237	 94.075697	 94.032711	 93.990279	 93.948401	 93.907077	 93.866305	 93.826086	 93.786417	 93.747297	 93.708727	 93.670703	 93.633224	 93.596289	 93.559895	 93.524041	 93.488724	 93.453942	 93.419693	 93.385973	 93.352781	 93.320114	 93.287968	  93.25634	 93.225228	 93.194628	 93.164537	 93.134951	 93.105867	 93.077281	 93.049189	 93.021588	 92.994474	 92.967843	  92.94169	 92.916013	 92.890805	 92.866064	 92.841785	 92.817964	 92.794596	 92.771677	 92.749202	 92.727167	 92.705568	   92.6844	 92.663657	 92.643337	 92.623433	 92.603941	 92.584857	 92.566176	 92.547893	 92.530003	 92.512503	 92.495386	 92.478648	 92.462286	 92.446293	 92.430665	 92.415398	 92.400487	 92.385927	 92.371714	 92.357843	  92.34431	 92.331109	 92.318238	  92.30569	 92.293463	  92.28155	 92.269949	 92.258655	 92.247664	 92.236971	 92.226572	 92.216464	 92.206642	 92.197103	 92.187842	 92.178856	 92.170141	 92.161693	 92.153509	 92.145585	 92.137919	 92.130505	 92.123342	 92.116425	 92.109752	  92.10332	 92.097126	 92.091166	 92.085438	  92.07994	 92.074668	  92.06962	 92.064794	 92.060187	 92.055797	 92.051622	 92.047659	 92.043907	 92.040363	 92.037027	 92.033896	 92.030968	 92.028242	 92.025718	 92.023392	 92.021265	 92.019334	   92.0176	  92.01606	 92.014715	 92.013563	 92.012604	 92.011838	 92.011263	 92.010881	 92.010689	
        99	 98.919837	 98.839686	 98.759561	 98.679475	 98.599439	 98.519468	 98.439573	 98.359768	 98.280064	 98.200475	 98.121014	 98.041692	 97.962522	 97.883516	 97.804687	 97.726047	 97.647607	 97.569381	 97.491379	 97.413614	 97.336097	 97.258839	 97.181853	  97.10515	  97.02874	 96.952635	 96.876846	 96.801383	 96.726257	 96.651479	 96.577059	 96.503006	 96.429331	 96.356044	 96.283154	 96.210671	 96.138604	 96.066962	 95.995754	 95.924989	 95.854675	  95.78482	 95.715433	 95.646521	 95.578092	 95.510154	 95.442714	 95.375778	 95.309355	  95.24345	  95.17807	 95.113221	 95.048909	  94.98514	 94.921919	 94.859252	 94.797143	 94.735599	 94.674623	 94.614219	 94.554393	 94.495147	 94.436486	 94.378414	 94.320933	 94.264047	 94.207759	 94.152071	 94.096985	 94.042505	 93.988631	 93.935367	 93.882713	  93.83067	 93.779241	 93.728425	 93.678225	 93.628639	  93.57967	 93.531316	 93.483577	 93.436455	 93.389948	 93.344055	 93.298776	  93.25411	 93.210056	 93.166612	 93.123777	 93.081549	 93.039927	 92.998909	 92.958492	 92.918674	 92.879453	 92.840826	  92.80279	 92.765343	 92.728482	 92.692203	 92.656503	 92.621379	 92.586828	 92.552845	 92.519427	  92.48657	 92.454271	 92.422525	 92.391328	 92.360676	 92.330564	 92.300989	 92.271945	 92.243428	 92.215434	 92.187958	 92.160995	 92.134541	 92.108589	 92.083136	 92.058177	 92.033707	 92.009719	 91.986211	 91.963175	 91.940608	 91.918504	 91.896858	 91.875664	 91.854917	 91.834613	 91.814746	 91.795311	 91.776302	 91.757714	 91.739542	 91.721781	 91.704426	 91.687471	 91.670911	 91.654742	 91.638958	 91.623553	 91.608524	 91.593864	  91.57957	 91.565635	 91.552056	 91.538827	 91.525943	   91.5134	 91.501194	 91.489319	 91.477771	 91.466545	 91.455637	 91.445043	 91.434759	 91.424779	 91.415101	 91.405719	  91.39663	 91.387831	 91.379316	 91.371083	 91.363128	 91.355447	 91.348036	 91.340893	 91.334014	 91.327395	 91.321034	 91.314928	 91.309073	 91.303468	 91.298108	 91.292991	 91.288116	 91.283479	 91.279078	 91.274911	 91.270976	 91.267271	 91.263794	 91.260542	 91.257516	 91.254711	 91.252129	 91.249766	 91.247622	 91.245696	 91.243986	 91.242492	 91.241213	 91.240149	 91.239297	 91.238659	 91.238234	 91.238022	
        99	 98.911869	 98.823753	 98.735665	 98.647619	 98.559629	  98.47171	 98.383874	 98.296137	 98.208513	 98.121014	 98.033655	 97.946449	 97.859411	 97.772553	 97.685889	 97.599433	 97.513198	 97.427197	 97.341443	 97.255949	 97.170728	 97.085792	 97.001155	 96.916828	 96.832824	 96.749156	 96.665834	 96.582871	 96.500279	 96.418069	 96.336252	 96.254839	 96.173842	 96.093272	 96.013138	 95.933451	 95.854221	 95.775459	 95.697174	 95.619375	 95.542073	 95.465275	 95.388992	 95.313231	 95.238002	 95.163311	 95.089169	 95.015581	 94.942556	 94.870101	 94.798223	 94.726929	 94.656225	 94.586118	 94.516614	 94.447719	 94.379438	 94.311776	  94.24474	 94.178333	 94.112561	 94.047427	 93.982936	 93.919092	 93.855899	 93.793359	 93.731476	 93.670253	 93.609693	 93.549798	 93.490571	 93.432012	 93.374125	  93.31691	  93.26037	 93.204504	 93.149314	   93.0948	 93.040964	 92.987804	 92.935321	 92.883515	 92.832386	 92.781932	 92.732153	 92.683048	 92.634615	 92.586854	 92.539762	 92.493337	 92.447579	 92.402483	 92.358049	 92.314274	 92.271155	 92.228689	 92.186873	 92.145705	  92.10518	 92.065295	 92.026047	 91.987433	 91.949447	 91.912087	 91.875348	 91.839226	 91.803716	 91.768815	 91.734517	 91.700819	 91.667714	   91.6352	 91.603269	 91.571919	 91.541142	 91.510936	 91.481293	 91.452209	 91.423678	 91.395696	 91.368256	 91.341353	 91.314982	 91.289137	 91.263812	 91.239002	 91.214701	 91.190903	 91.167603	 91.144795	 91.122473	 91.100631	 91.079264	 91.058366	 91.037931	 91.017953	 90.998427	 90.979347	 90.960707	 90.942501	 90.924725	 90.907372	 90.890436	 90.873913	 90.857797	 90.842081	 90.826762	 90.811833	 90.797289	 90.783125	 90.769336	 90.755916	 90.742861	 90.730165	 90.717824	 90.705832	 90.694185	 90.682878	 90.671907	 90.661266	 90.650952	  90.64096	 90.631286	 90.621926	 90.612874	 90.604128	 90.595684	 90.587537	 90.579684	 90.572121	 90.564844	 90.557851	 90.551138	 90.544702	 90.538539	 90.532646	 90.527021	 90.521661	 90.516564	 90.511725	 90.507144	 90.502818	 90.498745	 90.494922	 90.491347	  90.48802	 90.484937	 90.482098	   90.4795	 90.477143	 90.475025	 90.473146	 90.471503	 90.470097	 90.468927	 90.467991	 90.467289	 90.466822	 90.466588	
        99	 98.903916	 98.807848	  98.71181	 98.615819	 98.519889	 98.424035	 98.328274	 98.232619	 98.137087	 98.041692	 97.946449	 97.851374	 97.756481	 97.661785	   97.5673	 97.473042	 97.379025	 97.285263	  97.19177	 97.098561	 97.005649	 96.913049	 96.820774	 96.728837	 96.637253	 96.546033	 96.455192	 96.364743	 96.274697	 96.185068	 96.095868	 96.007109	 95.918802	 95.830961	 95.743595	 95.656717	 95.570338	 95.484468	 95.399118	 95.314299	  95.23002	 95.146292	 95.063125	 94.980527	 94.898509	 94.817078	 94.736245	 94.656016	 94.576401	 94.497408	 94.419043	 94.341315	 94.264231	 94.187797	 94.112021	 94.036909	 93.962466	 93.888698	 93.815612	 93.743213	 93.671505	 93.600494	 93.530183	 93.460577	 93.391681	 93.323498	  93.25603	 93.189283	 93.123258	 93.057957	 92.993385	 92.929542	 92.866431	 92.804053	  92.74241	 92.681503	 92.621332	 92.561899	 92.503204	 92.445247	 92.388028	 92.331547	 92.275804	 92.220797	 92.166526	 92.112989	 92.060186	 92.008114	 91.956772	 91.906158	  91.85627	 91.807106	 91.758662	 91.710936	 91.663926	 91.617628	 91.572038	 91.527154	 91.482972	 91.439489	 91.396699	   91.3546	 91.313186	 91.272454	   91.2324	 91.193018	 91.154304	 91.116253	 91.078861	 91.042121	 91.006029	  90.97058	 90.935769	 90.901589	 90.868035	 90.835102	 90.802784	 90.771076	 90.739971	 90.709463	 90.679547	 90.650216	 90.621465	 90.593288	 90.565678	 90.538629	 90.512135	 90.486189	 90.460787	  90.43592	 90.411584	 90.387771	 90.364475	 90.341691	 90.319412	 90.297631	 90.276343	 90.255541	 90.235219	 90.215371	  90.19599	 90.177071	 90.158608	 90.140593	 90.123022	 90.105889	 90.089187	 90.072911	 90.057054	 90.041612	 90.026579	 90.011948	 89.997714	 89.983873	 89.970418	 89.957344	 89.944646	 89.932319	 89.920357	 89.908757	 89.897512	 89.886618	 89.876071	 89.865866	 89.855997	 89.846462	 89.837256	 89.828373	 89.819812	 89.811566	 89.803633	 89.796009	  89.78869	 89.781673	 89.774954	 89.768529	 89.762397	 89.756553	 89.750995	 89.745721	 89.740726	  89.73601	 89.731569	 89.727401	 89.723504	 89.719876	 89.716515	 89.713419	 89.710587	 89.708018	 89.705709	  89.70366	 89.701869	 89.700336	 89.699059	 89.698039	 89.697275	 89.696765	  89.69651	
        99	 98.895978	 98.791974	 98.688002	  98.58408	 98.480225	 98.376452	 98.272779	 98.169222	 98.065798	 97.962522	 97.859411	 97.756481	 97.653748	 97.551229	 97.448939	 97.346894	 97.245109	 97.143601	 97.042384	 96.941475	 96.840887	 96.740637	 96.640738	 96.541206	 96.442056	   96.3433	 96.244955	 96.147033	 96.049548	 95.952514	 95.855945	 95.759853	 95.664251	 95.569152	 95.474569	 95.380514	 95.286998	 95.194034	 95.101633	 95.009807	 94.918566	 94.827921	 94.737882	 94.648461	 94.559667	 94.471509	 94.383997	 94.297141	 94.210948	 94.125429	  94.04059	 93.956441	 93.872988	  93.79024	 93.708204	 93.626886	 93.546293	 93.466431	 93.387307	 93.308927	 93.231295	 93.154417	 93.078297	 93.002941	 92.928353	 92.854537	 92.781496	 92.709234	 92.637754	 92.567059	 92.497152	 92.428035	  92.35971	 92.292179	 92.225443	 92.159504	 92.094362	 92.030019	 91.966475	  91.90373	 91.841784	 91.780637	 91.720288	 91.660737	 91.601982	 91.544023	 91.486857	 91.430484	   91.3749	 91.320105	 91.266095	 91.212869	 91.160423	 91.108755	 91.057861	 91.007737	 90.958382	  90.90979	 90.861958	 90.814881	 90.768557	 90.722979	 90.678145	 90.634048	 90.590684	 90.548049	 90.506137	 90.464942	  90.42446	 90.384686	 90.345612	 90.307235	 90.269547	 90.232543	 90.196218	 90.160564	 90.125576	 90.091248	 90.057573	 90.024545	 89.992158	 89.960404	 89.929278	 89.898772	 89.868881	 89.839598	 89.810915	 89.782826	 89.755325	 89.728404	 89.702057	 89.676277	 89.651057	  89.62639	  89.60227	  89.57869	 89.555644	 89.533123	 89.511122	 89.489634	 89.468652	  89.44817	 89.428181	 89.408679	 89.389656	 89.371107	 89.353025	 89.335405	 89.318238	  89.30152	 89.285245	 89.269405	 89.253996	 89.239011	 89.224444	  89.21029	 89.196543	 89.183198	 89.170248	 89.157689	 89.145515	 89.133722	 89.122303	 89.111255	 89.100571	 89.090248	 89.080281	 89.070665	 89.061396	 89.052469	 89.043881	 89.035627	 89.027703	 89.020106	 89.012832	 89.005877	 88.999238	 88.992911	 88.986894	 88.981184	 88.975777	 88.970671	 88.965863	  88.96135	 88.957131	 88.953204	 88.949565	 88.946214	 88.943148	 88.940366	 88.937866	 88.935648	 88.933709	  88.93205	 88.930668	 88.929563	 88.928735	 88.928184	 88.927908	
        99	 98.888057	 98.776132	 98.664243	 98.552407	 98.440643	 98.328968	   98.2174	 98.105957	 97.994657	 97.883516	 97.772553	 97.661785	 97.551229	 97.440903	 97.330823	 97.221007	 97.111471	 97.002233	 96.893308	 96.784714	 96.676467	 96.568582	 96.461076	 96.353965	 96.247264	 96.140988	 96.035153	 95.929774	 95.824866	 95.720443	  95.61652	  95.51311	 95.410228	 95.307887	 95.206102	 95.104884	 95.004247	 94.904204	 94.804766	 94.705947	 94.607758	  94.51021	 94.413315	 94.317084	 94.221528	 94.126657	 94.032481	  93.93901	 93.846254	 93.754222	 93.662923	 93.572365	 93.482558	 93.393508	 93.305225	 93.217714	 93.130984	 93.045041	 92.959891	 92.875542	 92.791998	 92.709266	  92.62735	 92.546255	 92.465987	 92.386549	 92.307946	 92.230181	 92.153258	  92.07718	 92.001949	 91.927569	 91.854041	 91.781367	 91.709549	 91.638589	 91.568486	 91.499244	 91.430861	 91.363337	 91.296674	 91.230871	 91.165926	  91.10184	 91.038611	 90.976238	 90.914719	 90.854052	 90.794236	 90.735268	 90.677146	 90.619866	 90.563426	 90.507823	 90.453053	 90.399113	 90.345999	 90.293707	 90.242232	 90.191571	 90.141719	  90.09267	 90.044421	 89.996967	 89.950301	 89.904419	 89.859315	 89.814983	 89.771419	 89.728615	 89.686566	 89.645266	 89.604708	 89.564887	 89.525795	 89.487426	 89.449774	 89.412832	 89.376592	 89.341049	 89.306195	 89.272024	 89.238527	 89.205699	 89.173531	 89.142018	 89.111151	 89.080923	 89.051327	 89.022356	 88.994003	 88.966259	 88.939119	 88.912574	 88.886618	 88.861242	  88.83644	 88.812204	 88.788528	 88.765404	 88.742824	 88.720782	 88.699271	 88.678283	 88.657812	 88.637851	 88.618392	 88.599429	 88.580956	 88.562965	  88.54545	 88.528404	 88.511821	 88.495695	 88.480019	 88.464787	 88.449993	 88.435632	 88.421696	  88.40818	  88.39508	 88.382388	   88.3701	  88.35821	 88.346713	 88.335604	 88.324878	  88.31453	 88.304555	 88.294948	 88.285706	 88.276823	 88.268296	  88.26012	 88.252292	 88.244808	 88.237663	 88.230855	  88.22438	 88.218234	 88.212415	  88.20692	 88.201746	  88.19689	  88.19235	 88.188123	 88.184208	 88.180601	 88.177302	 88.174308	 88.171618	 88.169231	 88.167144	 88.165358	 88.163871	 88.162683	 88.161792	 88.161198	 88.160901	
        99	 98.880153	 98.760326	 98.640537	 98.520805	  98.40115	  98.28159	 98.162145	 98.042833	 97.923674	 97.804687	 97.685889	   97.5673	 97.448939	 97.330823	 97.212971	 97.095401	 96.978132	 96.861181	 96.744566	 96.628305	 96.512414	 96.396913	 96.281816	 96.167142	 96.052907	 95.939128	 95.825821	 95.713002	 95.600687	 95.488891	  95.37763	 95.266919	 95.156773	 95.047207	 94.938234	  94.82987	 94.722128	 94.615021	 94.508563	 94.402766	 94.297644	 94.193209	 94.089473	 93.986448	 93.884145	 93.782575	  93.68175	  93.58168	 93.482375	 93.383845	   93.2861	 93.189148	    93.093	 92.997663	 92.903146	 92.809457	 92.716603	 92.624592	 92.533431	 92.443126	 92.353684	  92.26511	  92.17741	  92.09059	 92.004655	 91.919608	 91.835455	   91.7522	 91.669846	 91.588396	 91.507853	 91.428221	 91.349502	 91.271697	 91.194808	 91.118838	 91.043786	 90.969654	 90.896443	 90.824153	 90.752783	 90.682333	 90.612803	 90.544192	 90.476499	 90.409722	 90.343859	 90.278909	  90.21487	 90.151739	 90.089512	 90.028189	 89.967764	 89.908235	 89.849598	  89.79185	 89.734985	 89.679001	 89.623892	 89.569654	 89.516282	  89.46377	 89.412115	 89.361309	 89.311349	 89.262227	 89.213939	 89.166477	 89.119837	 89.074011	 89.028993	 88.984777	 88.941356	 88.898723	 88.856871	 88.815793	 88.775483	 88.735932	 88.697134	 88.659081	 88.621767	 88.585182	 88.549321	 88.514174	 88.479736	 88.445997	 88.412951	 88.380589	 88.348903	 88.317887	 88.287532	  88.25783	 88.228773	 88.200354	 88.172565	 88.145397	 88.118844	 88.092897	 88.067549	 88.042792	 88.018619	 87.995021	 87.971991	 87.949521	 87.927605	 87.906234	 87.885401	   87.8651	 87.845322	  87.82606	 87.807309	 87.789059	 87.771306	 87.754041	 87.737258	 87.720951	 87.705113	 87.689737	 87.674817	 87.660348	 87.646322	 87.632734	 87.619578	 87.606849	  87.59454	 87.582647	 87.571163	 87.560084	 87.549405	  87.53912	 87.529226	 87.519716	 87.510587	 87.501834	 87.493453	  87.48544	 87.477791	 87.470502	 87.463569	  87.45699	 87.450761	 87.444877	 87.439338	 87.434139	 87.429278	 87.424753	 87.420561	   87.4167	 87.413168	 87.409962	 87.407083	 87.404527	 87.402293	 87.400381	 87.398789	 87.397516	 87.396563	 87.395927	 87.395609	
        99	 98.872269	 98.744558	 98.616887	 98.489278	 98.361751	 98.234325	 98.107022	 97.979861	 97.852862	 97.726047	 97.599433	 97.473042	 97.346894	 97.221007	 97.095401	 96.970097	 96.845112	 96.720467	  96.59618	 96.472269	 96.348755	 96.225654	 96.102985	 95.980767	 95.859017	 95.737752	  95.61699	 95.496749	 95.377044	 95.257893	 95.139312	 95.021318	 94.903925	  94.78715	 94.671009	 94.555515	 94.440684	 94.326531	 94.213068	 94.100312	 93.988274	 93.876968	 93.766407	 93.656603	  93.54757	 93.439318	  93.33186	 93.225206	 93.119367	 93.014355	 92.910179	 92.806849	 92.704375	 92.602766	 92.502031	 92.402178	 92.303215	 92.205151	 92.107992	 92.011746	 91.916419	 91.822018	 91.728548	 91.636016	 91.544427	 91.453785	 91.364096	 91.275363	 91.187591	 91.100782	 91.014941	  90.93007	 90.846171	 90.763248	 90.681301	 90.600332	 90.520343	 90.441334	 90.363306	 90.286259	 90.210194	 90.135109	 90.061005	  89.98788	 89.915733	 89.844563	 89.774367	 89.705144	 89.636891	 89.569607	 89.503287	 89.437928	 89.373528	 89.310083	 89.247588	  89.18604	 89.125435	 89.065767	 89.007033	 88.949226	 88.892343	 88.836377	 88.781323	 88.727175	 88.673927	 88.621574	 88.570108	 88.519524	 88.469815	 88.420975	 88.372995	  88.32587	 88.279592	 88.234154	 88.189549	 88.145769	 88.102806	 88.060653	 88.019303	 87.978747	 87.938977	 87.899986	 87.861765	 87.824306	 87.787602	 87.751644	 87.716423	 87.681932	 87.648162	 87.615105	 87.582752	 87.551096	 87.520128	 87.489839	 87.460222	 87.431267	 87.402967	 87.375313	 87.348298	 87.321912	 87.296148	 87.270997	 87.246452	 87.222504	 87.199146	 87.176369	 87.154166	 87.132528	 87.111449	 87.090921	 87.070935	 87.051486	 87.032564	 87.014163	 86.996276	 86.978896	 86.962016	 86.945628	 86.929727	 86.914306	 86.899357	 86.884875	 86.870854	 86.857287	 86.844169	 86.831493	 86.819254	 86.807446	 86.796064	 86.785103	 86.774557	 86.764422	 86.754692	 86.745363	 86.736431	 86.727891	 86.719738	  86.71197	 86.704581	 86.697569	  86.69093	  86.68466	 86.678756	 86.673215	 86.668034	 86.663211	 86.658743	 86.654628	 86.650864	 86.647448	 86.644378	 86.641654	 86.639274	 86.637236	 86.635539	 86.634183	 86.633166	 86.632489	  86.63215	
        99	 98.864404	  98.72883	 98.593298	 98.457832	 98.322453	 98.187181	  98.05204	 97.917049	 97.782231	 97.647607	 97.513198	 97.379025	 97.245109	 97.111471	 96.978132	 96.845112	 96.712432	 96.580112	 96.448173	 96.316633	 96.185513	 96.054833	 95.924611	 95.794868	 95.665621	  95.53689	 95.408693	 95.281048	 95.153973	 95.027485	 94.901603	 94.776344	 94.651723	 94.527758	 94.404465	 94.281861	 94.159959	 94.038777	 93.918329	  93.79863	 93.679693	 93.561534	 93.444166	 93.327602	 93.211855	 93.096938	 92.982863	 92.869642	 92.757287	 92.645809	 92.535219	 92.425527	 92.316743	 92.208878	  92.10194	 91.995939	 91.890883	 91.786781	 91.683639	 91.581467	 91.480271	 91.380057	 91.280833	 91.182604	 91.085375	 90.989152	 90.893941	 90.799745	 90.706568	 90.614414	 90.523288	 90.433191	 90.344127	 90.256097	 90.169104	  90.08315	 89.998236	 89.914362	  89.83153	  89.74974	 89.668991	 89.589283	 89.510616	 89.432989	   89.3564	 89.280847	  89.20633	 89.132844	 89.060389	 88.988962	 88.918558	 88.849176	  88.78081	 88.713458	 88.647116	 88.581779	 88.517442	   88.4541	 88.391749	 88.330383	 88.269997	 88.210586	 88.152142	  88.09466	 88.038134	 87.982557	 87.927923	 87.874224	 87.821455	 87.769607	 87.718673	 87.668646	 87.619519	 87.571283	 87.523931	 87.477456	 87.431848	   87.3871	 87.343203	  87.30015	 87.257931	 87.216539	 87.175965	   87.1362	 87.097236	 87.059064	 87.021674	  86.98506	  86.94921	 86.914118	 86.879774	 86.846168	 86.813293	  86.78114	 86.749698	 86.718961	 86.688918	 86.659562	 86.630883	 86.602872	 86.575522	 86.548823	 86.522766	 86.497344	 86.472548	 86.448368	 86.424798	 86.401829	 86.379452	 86.357659	 86.336443	 86.315796	 86.295709	 86.276175	 86.257187	 86.238737	 86.220817	 86.203421	 86.186541	 86.170169	   86.1543	 86.138927	 86.124042	  86.10964	 86.095714	 86.082258	 86.069265	  86.05673	 86.044648	 86.033011	 86.021816	 86.011057	 86.000728	 85.990825	 85.981343	 85.972277	 85.963622	 85.955376	 85.947532	 85.940088	  85.93304	 85.926384	 85.920116	 85.914234	 85.908735	 85.903615	 85.898872	 85.894503	 85.890507	  85.88688	 85.883622	  85.88073	 85.878203	  85.87604	 85.874239	 85.872799	  85.87172	 85.871001	 85.870641	
