Time step 20:
        99	        99	        99	        99	        99	        99	        99	        99	        99	        99	        99	        99	        99	        99	        99	        99	        99	        99	        99	        99	        99	        99	        99	        99	        99	        99	        99	        99	        99	        99	        99	        99	        99	        99	        99	        99	        99	        99	        99	        99	        99	        99	        99	        99	        99	        99	        99	        99	        99	        99	        99	        99	        99	        99	        99	        99	        99	        99	        99	        99	        99	        99	        99	        99	        99	        99	        99	        99	        99	        99	        99	        99	        99	        99	        99	        99	        99	        99	        99	        99	        99	        99	        99	        99	        99	        99	        99	        99	        99	        99	        99	        99	        99	        99	        99	        99	        99	        99	        99	        99	        99	        99	        99	        99	        99	        99	        99	        99	        99	        99	        99	        99	        99	        99	        99	        99	        99	        99	        99	        99	        99	        99	        99	        99	        99	        99	        99	        99	        99	        99	        99	        99	        99	        99	        99	        99	        99	        99	        99	        99	        99	        99	        99	        99	        99	        99	        99	        99	        99	        99	        99	        99	        99	        99	        99	        99	        99	        99	        99	        99	        99	        99	        99	        99	        99	        99	        99	        99	        99	        99	        99	        99	        99	        99	        99	        99	        99	        99	        99	        99	        99	        99	        99	        99	        99	        99	        99	        99	        99	        99	        99	        99	        99	        99	        99	        99	        99	        99	        99	        99	
        99	 98.968256	 98.936531	 98.904847	 98.873222	 98.841678	 98.810232	 98.778906	 98.747718	 98.716687	 98.685831	  98.65517	 98.624722	 98.594503	 98.564531	 98.534822	 98.505394	 98.476262	  98.44744	 98.418945	 98.390789	 98.362986	  98.33555	 98.308492	 98.281824	 98.255557	 98.229702	 98.204267	 98.179263	 98.154696	 98.130575	 98.106907	 98.083698	 98.060953	 98.038676	 98.016873	 97.995546	 97.974699	 97.954333	 97.934449	  97.91505	 97.896133	 97.877701	  97.85975	 97.842281	  97.82529	 97.808775	 97.792732	 97.777159	  97.76205	 97.747402	 97.733209	 97.719465	 97.706165	 97.693303	 97.680872	 97.668865	 97.657275	 97.646095	 97.635317	 97.624933	 97.614934	 97.605314	 97.596062	 97.587172	 97.578633	 97.570437	 97.562576	 97.555041	 97.547822	  97.54091	 97.534298	 97.527975	 97.521933	 97.516163	 97.510657	 97.505405	 97.500399	  97.49563	 97.491091	 97.486772	 97.482666	 97.478765	  97.47506	 97.471545	 97.468211	 97.465051	 97.462058	 97.459225	 97.456545	 97.454011	 97.451617	 97.449357	 97.447224	 97.445213	 97.443318	 97.441533	 97.439853	 97.438272	 97.436787	 97.435391	 97.434081	 97.432851	 97.431699	 97.430618	 97.429607	  97.42866	 97.427774	 97.426947	 97.426174	 97.425452	 97.424778	  97.42415	 97.423565	 97.423021	 97.422514	 97.422042	 97.421604	 97.421197	 97.420819	 97.420468	 97.420143	 97.419842	 97.419563	 97.419305	 97.419067	 97.418846	 97.418643	 97.418455	 97.418281	 97.418122	 97.417974	 97.417839	 97.417714	 97.417599	 97.417494	 97.417397	 97.417308	 97.417227	 97.417152	 97.417084	 97.417021	 97.416964	 97.416911	 97.416863	  97.41682	  97.41678	 97.416743	  97.41671	  97.41668	 97.416652	 97.416627	 97.416604	 97.416584	 97.416565	 97.416548	 97.416533	 97.416519	 97.416506	 97.416494	 97.416484	 97.416475	 97.416466	 97.416458	 97.416451	 97.416445	  97.41644	 97.416435	  97.41643	 97.416426	 97.416422	 97.416419	 97.416416	 97.416413	 97.416411	 97.416409	 97.416407	 97.416405	 97.416404	 97.416402	 97.416401	   97.4164	 97.416399	 97.416398	 97.416397	 97.416397	 97.416396	 97.416396	 97.416395	 97.416395	 97.416394	 97.416394	 97.416394	 97.416394	 97.416393	 97.416393	 97.416393	 97.416393	 97.416393	 97.416393	
        99	 98.936531	 98.873102	 98.809753	 98.746524	 98.683455	 98.620584	 98.557951	 98.495595	 98.433552	 98.371861	 98.310558	  98.24968	 98.189261	 98.129336	 98.069938	 98.011101	 97.952854	  97.89523	 97.838256	 97.781962	 97.726375	 97.671519	  97.61742	 97.564101	 97.511584	  97.45989	 97.409037	 97.359043	 97.309926	   97.2617	 97.214378	 97.167974	 97.122498	 97.077959	 97.034366	 96.991727	 96.950045	 96.909325	 96.869571	 96.830784	 96.792964	  96.75611	 96.720221	 96.685292	 96.651321	 96.618301	 96.586227	  96.55509	 96.524882	 96.495594	 96.467217	 96.439738	 96.413147	 96.387431	 96.362577	 96.338571	 96.315398	 96.293045	 96.271495	 96.250733	 96.230743	 96.211508	 96.193011	 96.175235	 96.158163	 96.141777	  96.12606	 96.110993	  96.09656	 96.082742	 96.069521	 96.056879	 96.044799	 96.033263	 96.022254	 96.011753	 96.001744	  95.99221	 95.983134	   95.9745	  95.96629	  95.95849	 95.951083	 95.944054	 95.937388	 95.931071	 95.925086	 95.919422	 95.914064	 95.908998	 95.904212	 95.899693	 95.895429	 95.891408	 95.887618	 95.884049	  95.88069	  95.87753	  95.87456	  95.87177	  95.86915	 95.866692	 95.864387	 95.862227	 95.860205	 95.858312	 95.856541	 95.854886	  95.85334	 95.851897	 95.850551	 95.849295	 95.848126	 95.847036	 95.846023	  95.84508	 95.844204	  95.84339	 95.842635	 95.841934	 95.841284	 95.840682	 95.840125	 95.839609	 95.839132	 95.838691	 95.838284	 95.837908	 95.837561	 95.837242	 95.836947	 95.836676	 95.836427	 95.836197	 95.835987	 95.835793	 95.835615	 95.835452	 95.835303	 95.835166	 95.835041	 95.834926	 95.834822	 95.834726	 95.834638	 95.834559	 95.834486	 95.834419	 95.834359	 95.834304	 95.834254	 95.834208	 95.834167	 95.834129	 95.834095	 95.834065	 95.834037	 95.834011	 95.833988	 95.833967	 95.833949	 95.833932	 95.833916	 95.833903	  95.83389	 95.833879	 95.833869	  95.83386	 95.833851	 95.833844	 95.833837	 95.833831	 95.833826	 95.833821	 95.833817	 95.833813	  95.83381	 95.833807	 95.833804	 95.833802	 95.833799	 95.833798	 95.833796	 95.833794	 95.833793	 95.833792	 95.833791	  95.83379	 95.833789	 95.833788	 95.833788	 95.833787	 95.833787	 95.833786	 95.833786	 95.833786	 95.833786	 95.833785	 95.833785	
        99	 98.904847	 98.809753	  98.71478	 98.619987	 98.525432	 98.431176	 98.337276	  98.24379	 98.150775	 98.058287	 97.966381	 97.875112	 97.784531	 97.694691	 97.605641	 97.517431	 97.430107	 97.343716	 97.258301	 97.173904	 97.090566	 97.008326	 96.927221	 96.847285	  96.76855	 96.691049	  96.61481	 96.539859	 96.466222	  96.39392	 96.322976	 96.253406	 96.185227	 96.118455	   96.0531	 95.989174	 95.926684	 95.865637	 95.806037	 95.747886	 95.691186	 95.635935	 95.582129	 95.529764	 95.478834	  95.42933	 95.381243	 95.334562	 95.289275	 95.245367	 95.202823	 95.161627	 95.121761	 95.083207	 95.045945	 95.009955	 94.975215	 94.941702	 94.909394	 94.878268	 94.848298	  94.81946	  94.79173	  94.76508	 94.739485	  94.71492	 94.691356	 94.668769	  94.64713	 94.626414	 94.606592	  94.58764	  94.56953	 94.552235	 94.535729	 94.519987	 94.504981	 94.490688	 94.477081	 94.464136	 94.451828	 94.440134	 94.429029	 94.418492	 94.408498	 94.399026	 94.390055	 94.381563	 94.373529	 94.365935	 94.358759	 94.351984	 94.345592	 94.339563	 94.333882	 94.328531	 94.323495	 94.318758	 94.314305	 94.310122	 94.306194	 94.302509	 94.299054	 94.295816	 94.292783	 94.289945	 94.287291	  94.28481	 94.282492	 94.280329	  94.27831	 94.276428	 94.274674	 94.273041	 94.271522	 94.270108	 94.268795	 94.267574	 94.266442	 94.265391	 94.264417	 94.263514	 94.262679	 94.261905	  94.26119	 94.260529	 94.259919	 94.259356	 94.258836	 94.258357	 94.257915	 94.257509	 94.257135	 94.256791	 94.256475	 94.256185	 94.255919	 94.255674	  94.25545	 94.255245	 94.255057	 94.254886	 94.254729	 94.254585	 94.254454	 94.254334	 94.254225	 94.254126	 94.254035	 94.253953	 94.253877	 94.253809	 94.253747	 94.253691	  94.25364	 94.253594	 94.253552	 94.253514	 94.253479	 94.253448	  94.25342	 94.253394	 94.253371	 94.253351	 94.253332	 94.253315	   94.2533	 94.253286	 94.253274	 94.253263	 94.253253	 94.253244	 94.253236	 94.253229	 94.253223	 94.253217	 94.253212	 94.253207	 94.253203	 94.253199	 94.253196	 94.253193	 94.253191	 94.253188	 94.253186	 94.253185	 94.253183	 94.253182	  94.25318	 94.253179	 94.253178	 94.253178	 94.253177	 94.253176	 94.253176	 94.253176	 94.253175	 94.253175	 94.253175	
        99	 98.873222	 98.746524	 98.619987	 98.493688	 98.367708	 98.242126	 98.117018	 97.992462	 97.868533	 97.745307	 97.622856	 97.501252	 97.380567	 97.260868	 97.142222	 97.024695	 96.908349	 96.793246	 96.679442	 96.566996	 96.455961	 96.346389	 96.238328	 96.131824	 96.026923	 95.923664	 95.822086	 95.722225	 95.624114	 95.527783	  95.43326	 95.340568	  95.24973	 95.160766	  95.07369	 94.988518	 94.905259	 94.823923	 94.744515	 94.667038	 94.591494	 94.517879	 94.446191	 94.376423	 94.308566	 94.242609	 94.178541	 94.116345	 94.056006	 93.997505	 93.940821	 93.885934	 93.832818	 93.781451	 93.731805	 93.683853	 93.637567	 93.592917	 93.549871	   93.5084	  93.46847	 93.430048	   93.3931	 93.357594	 93.323492	 93.290762	 93.259368	 93.229273	 93.200443	 93.172841	 93.146432	 93.121181	 93.097052	 93.074009	 93.052017	 93.031043	  93.01105	 92.992007	 92.973877	  92.95663	 92.940232	 92.924651	 92.909856	 92.895816	   92.8825	 92.869881	 92.857928	 92.846613	  92.83591	 92.825791	 92.816231	 92.807205	 92.798687	 92.790655	 92.783086	 92.775957	 92.769247	 92.762936	 92.757003	 92.751429	 92.746196	 92.741286	 92.736682	 92.732368	 92.728328	 92.724547	  92.72101	 92.717705	 92.714617	 92.711734	 92.709044	 92.706537	   92.7042	 92.702025	      92.7	 92.698117	 92.696367	 92.694741	 92.693232	 92.691832	 92.690534	 92.689332	 92.688218	 92.687188	 92.686235	 92.685354	 92.684541	 92.683791	 92.683098	  92.68246	 92.681872	  92.68133	 92.680832	 92.680374	 92.679953	 92.679566	 92.679211	 92.678886	 92.678587	 92.678314	 92.678064	 92.677835	 92.677626	 92.677434	  92.67726	   92.6771	 92.676955	 92.676822	 92.676702	 92.676592	 92.676492	 92.676401	 92.676318	 92.676243	 92.676175	 92.676113	 92.676057	 92.676007	 92.675961	 92.675919	 92.675882	 92.675848	 92.675817	  92.67579	 92.675765	 92.675743	 92.675722	 92.675704	 92.675688	 92.675673	  92.67566	 92.675648	 92.675637	 92.675628	 92.675619	 92.675612	 92.675605	 92.675599	 92.675593	 92.675588	 92.675584	  92.67558	 92.675577	 92.675574	 92.675571	 92.675569	 92.675566	 92.675565	 92.675563	 92.675562	  92.67556	 92.675559	 92.675558	 92.675558	 92.675557	 92.675557	 92.675556	 92.675556	 92.675556	
        99	 98.841678	 98.683455	 98.525432	 98.367708	 98.210382	 98.053552	 97.897315	 97.741767	 97.587003	 97.433115	 97.280196	 97.128336	 96.977622	 96.828139	 96.679973	 96.533202	 96.387908	 96.244164	 96.102044	  95.96162	 95.822957	 95.686121	 95.551172	 95.418169	 95.287165	 95.158214	 95.031362	 94.906654	 94.784131	 94.663831	 94.545788	 94.430033	 94.316593	 94.205492	 94.096751	 93.990386	 93.886411	 93.784837	 93.685671	 93.588916	 93.494575	 93.402644	 93.313118	  93.22599	 93.141249	 93.058881	 92.978871	 92.901201	 92.825848	  92.75279	 92.682003	 92.613458	 92.547127	 92.482979	  92.42098	 92.361097	 92.303294	 92.247533	 92.193778	 92.141987	 92.092121	 92.044139	 91.997999	 91.953657	 91.911071	 91.870197	 91.830991	 91.793408	 91.757404	 91.722935	 91.689955	 91.658421	 91.628288	 91.599511	 91.572048	 91.545855	 91.520888	 91.497106	 91.474466	 91.452927	 91.432448	 91.412991	 91.394514	 91.376981	 91.360352	 91.344593	 91.329665	 91.315536	 91.302169	 91.289533	 91.277594	 91.266321	 91.255685	 91.245654	 91.236202	 91.227299	 91.218919	 91.211038	 91.203628	 91.196668	 91.190133	 91.184001	 91.178252	 91.172864	 91.167819	 91.163097	  91.15868	 91.154552	 91.150696	 91.147096	 91.143737	 91.140606	 91.137688	 91.134971	 91.132442	  91.13009	 91.127905	 91.125875	  91.12399	 91.122242	 91.120621	 91.119119	 91.117729	 91.116442	 91.115252	 91.114153	 91.113137	   91.1122	 91.111335	 91.110538	 91.109803	 91.109127	 91.108505	 91.107933	 91.107407	 91.106924	 91.106481	 91.106074	 91.105702	 91.105361	 91.105048	 91.104762	 91.104501	 91.104262	 91.104044	 91.103845	 91.103663	 91.103498	 91.103347	  91.10321	 91.103085	 91.102971	 91.102868	 91.102774	 91.102689	 91.102612	 91.102542	 91.102479	 91.102422	  91.10237	 91.102323	 91.102281	 91.102243	 91.102208	 91.102177	 91.102149	 91.102124	 91.102101	 91.102081	 91.102062	 91.102046	 91.102031	 91.102018	 91.102006	 91.101995	 91.101986	 91.101977	 91.101969	 91.101963	 91.101957	 91.101951	 91.101946	 91.101942	 91.101938	 91.101935	 91.101932	 91.101929	 91.101927	 91.101925	 91.101923	 91.101922	  91.10192	 91.101919	 91.101918	 91.101918	 91.101917	 91.101917	 91.101916	 91.101916	
        99	 98.810232	 98.620584	 98.431176	 98.242126	 98.053552	 97.865573	 97.678305	 97.491863	  97.30636	 97.121908	 96.938617	 96.756595	 96.575947	 96.396775	  96.21918	 96.043259	 95.869106	 95.696813	 95.526466	 95.358151	 95.191948	 95.027934	 94.866182	 94.706762	  94.54974	 94.395176	  94.24313	 94.093653	 93.946795	 93.802602	 93.661114	 93.522368	 93.386397	  93.25323	 93.122891	   92.9954	 92.870775	 92.749026	 92.630164	 92.514193	 92.401113	 92.290923	 92.183617	 92.079184	 91.977612	 91.878885	 91.782984	 91.689886	 91.599567	 91.511999	 91.427153	 91.344994	 91.265488	 91.188599	 91.114286	 91.042509	 90.973226	  90.90639	 90.841958	 90.779881	 90.720111	 90.662599	 90.607295	 90.554146	 90.503102	  90.45411	 90.407117	 90.362069	 90.318915	 90.277599	 90.238069	 90.200272	 90.164154	 90.129662	 90.096744	 90.065348	 90.035422	 90.006916	  89.97978	 89.953963	 89.929417	 89.906095	 89.883949	 89.862933	 89.843002	 89.824112	  89.80622	 89.789284	 89.773263	 89.758116	 89.743806	 89.730295	 89.717546	 89.705523	 89.694193	 89.683522	 89.673478	 89.664031	  89.65515	 89.646807	 89.638974	 89.631625	 89.624733	 89.618276	 89.612228	 89.606568	 89.601275	 89.596326	 89.591704	 89.587389	 89.583364	  89.57961	 89.576113	 89.572856	 89.569825	 89.567006	 89.564387	 89.561953	 89.559694	 89.557599	 89.555656	 89.553856	  89.55219	 89.550647	 89.549221	 89.547903	 89.546686	 89.545562	 89.544526	  89.54357	  89.54269	 89.541879	 89.541134	 89.540448	 89.539818	 89.539239	 89.538708	 89.538221	 89.537774	 89.537365	  89.53699	 89.536648	 89.536334	 89.536048	 89.535786	 89.535548	  89.53533	 89.535132	 89.534951	 89.534787	 89.534637	 89.534501	 89.534377	 89.534265	 89.534163	 89.534071	 89.533987	 89.533911	 89.533843	  89.53378	 89.533724	 89.533674	 89.533628	 89.533586	 89.533549	 89.533516	 89.533485	 89.533458	 89.533434	 89.533412	 89.533392	 89.533374	 89.533358	 89.533344	 89.533331	  89.53332	 89.533309	   89.5333	 89.533292	 89.533285	 89.533278	 89.533273	 89.533267	 89.533263	 89.533259	 89.533255	 89.533252	 89.533249	 89.533247	 89.533245	 89.533243	 89.533241	  89.53324	 89.533239	 89.533238	 89.533237	 89.533237	 89.533237	 89.533236	
        99	 98.778906	 98.557951	 98.337276	 98.117018	 97.897315	 97.678305	 97.460123	 97.242904	 97.026778	 96.811878	  96.59833	  96.38626	  96.17579	 95.967041	 95.760129	 95.555168	 95.352266	 95.151531	 94.953064	 94.756964	 94.563325	 94.372235	 94.183782	 93.998046	 93.815103	 93.635024	 93.457878	 93.283726	 93.112625	 92.944629	 92.779784	 92.618135	 92.459719	 92.304569	 92.152713	 92.004177	 91.858978	 91.717132	 91.578649	 91.443533	 91.311787	 91.183407	 91.058386	 90.936714	 90.818374	  90.70335	 90.591617	 90.483152	 90.377923	   90.2759	 90.177047	 90.081326	 89.988696	 89.899113	 89.812533	 89.728908	 89.648187	 89.570319	  89.49525	 89.422926	 89.353289	 89.286283	 89.221849	 89.159927	 89.100457	 89.043377	 88.988626	 88.936142	 88.885864	 88.837728	 88.791673	 88.747636	 88.705555	  88.66537	 88.627018	 88.590439	 88.555573	 88.522362	 88.490746	 88.460667	 88.432069	 88.404897	 88.379095	  88.35461	 88.331389	 88.309381	 88.288535	 88.268803	 88.250137	 88.232491	 88.215818	 88.200077	 88.185223	 88.171215	 88.158015	 88.145582	 88.133881	 88.122874	 88.112527	 88.102806	  88.09368	 88.085118	 88.077089	 88.069565	  88.06252	 88.055925	 88.049758	 88.043993	 88.038608	  88.03358	  88.02889	 88.024517	 88.020442	 88.016648	 88.013117	 88.009833	 88.006781	 88.003945	 88.001314	 87.998872	 87.996609	 87.994512	  87.99257	 87.990773	 87.989112	 87.987576	 87.986158	 87.984849	 87.983641	 87.982528	 87.981502	 87.980558	 87.979689	  87.97889	 87.978156	 87.977482	 87.976863	 87.976295	 87.975775	 87.975298	 87.974862	 87.974462	 87.974097	 87.973764	 87.973459	 87.973181	 87.972928	 87.972696	 87.972486	 87.972294	  87.97212	 87.971961	 87.971817	 87.971686	 87.971568	  87.97146	 87.971363	 87.971274	 87.971194	 87.971122	 87.971056	 87.970997	 87.970944	 87.970896	 87.970852	 87.970813	 87.970778	 87.970746	 87.970718	 87.970692	 87.970669	 87.970648	  87.97063	 87.970613	 87.970598	 87.970585	 87.970573	 87.970562	 87.970553	 87.970544	 87.970537	  87.97053	 87.970524	 87.970519	 87.970514	  87.97051	 87.970506	 87.970503	   87.9705	 87.970498	 87.970496	 87.970494	 87.970492	 87.970491	  87.97049	 87.970489	 87.970489	 87.970488	 87.970488	
        99	 98.747718	 98.495595	  98.24379	 97.992462	 97.741767	 97.491863	 97.242904	 96.995042	  96.74843	 96.503214	 96.259543	 96.017557	 95.777399	 95.539203	 95.303103	 95.069229	 94.837706	 94.608654	 94.382191	 94.158428	 93.937473	 93.719429	 93.504392	 93.292455	 93.083705	 92.878224	 92.676089	 92.477371	 92.282134	  92.09044	 91.902342	  91.71789	 91.537126	  91.36009	 91.186814	 91.017325	 90.851644	 90.689789	  90.53177	 90.377594	 90.227264	 90.080774	 89.938118	 89.799282	 89.664249	 89.532999	 89.405505	 89.281739	 89.161667	 89.045252	 88.932454	  88.82323	 88.717533	 88.615314	 88.516521	 88.421099	 88.328991	 88.240139	 88.154481	 88.071954	 87.992495	 87.916037	 87.842513	 87.771856	 87.703997	 87.638865	 87.576391	 87.516504	 87.459133	 87.404207	 87.351655	 87.301406	 87.253389	 87.207535	 87.163773	 87.122035	 87.082251	 87.044354	 87.008278	 86.973956	 86.941325	 86.910319	 86.880878	 86.852938	 86.826442	 86.801329	 86.777543	 86.755028	 86.733729	 86.713593	 86.694569	 86.676606	 86.659657	 86.643674	 86.628611	 86.614425	 86.601073	 86.588513	 86.576706	 86.565615	 86.555202	 86.545431	  86.53627	 86.527685	 86.519645	 86.512121	 86.505083	 86.498505	  86.49236	 86.486624	 86.481272	 86.476282	 86.471632	 86.467303	 86.463273	 86.459526	 86.456043	 86.452808	 86.449805	  86.44702	 86.444437	 86.442044	 86.439828	 86.437778	 86.435882	  86.43413	 86.432511	 86.431018	  86.42964	 86.428369	 86.427199	 86.426122	  86.42513	 86.424219	 86.423381	 86.422611	 86.421905	 86.421257	 86.420664	  86.42012	 86.419622	 86.419166	  86.41875	 86.418369	 86.418021	 86.417704	 86.417415	 86.417151	 86.416911	 86.416692	 86.416493	 86.416312	 86.416148	 86.415999	 86.415863	 86.415741	 86.415629	 86.415528	 86.415437	 86.415355	  86.41528	 86.415212	 86.415152	 86.415097	 86.415047	 86.415002	 86.414962	 86.414926	 86.414893	 86.414864	 86.414838	 86.414814	 86.414793	 86.414774	 86.414757	 86.414742	 86.414728	 86.414716	 86.414705	 86.414696	 86.414687	 86.414679	 86.414673	 86.414666	 86.414661	 86.414656	 86.414652	 86.414648	 86.414645	 86.414642	  86.41464	 86.414638	 86.414636	 86.414635	 86.414634	 86.414633	 86.414632	 86.414631	 86.414631	
        99	 98.716687	 98.433552	 98.150775	 97.868533	 97.587003	  97.30636	 97.026778	  96.74843	 96.471483	 96.196106	 95.922463	 95.650713	 95.381014	  95.11352	  94.84838	 94.585739	 94.325738	 94.068513	 93.814194	 93.562908	 93.314776	 93.069911	 92.828424	 92.590419	 92.355993	 92.125238	  91.89824	 91.675078	 91.455827	 91.240554	  91.02932	  90.82218	 90.619183	 90.420371	 90.225781	 90.035445	 89.849385	 89.667621	 89.490166	 89.317027	 89.148205	 88.983697	 88.823494	 88.667581	 88.515939	 88.368545	 88.225369	 88.086379	 87.951538	 87.820804	 87.694132	 87.571473	 87.452776	 87.337984	 87.227039	  87.11988	 87.016443	 86.916661	 86.820467	 86.727789	 86.638556	 86.552694	 86.470127	 86.390779	 86.314573	  86.24143	 86.171271	 86.104018	  86.03959	 85.977908	 85.918892	 85.862463	  85.80854	 85.757046	 85.707901	 85.661028	 85.616351	 85.573793	  85.53328	 85.494736	 85.458091	 85.423272	 85.390209	 85.358833	 85.329077	 85.300876	 85.274164	 85.248879	  85.22496	 85.202348	 85.180984	 85.160812	 85.141778	 85.123829	 85.106913	 85.090982	 85.075987	 85.061883	 85.048624	 85.036168	 85.024474	 85.013502	 85.003214	 84.993573	 84.984544	 84.976094	 84.968191	 84.960804	 84.953903	 84.947461	 84.941451	 84.935847	 84.930626	 84.925763	 84.921239	 84.917031	 84.913119	 84.909486	 84.906114	 84.902986	 84.900085	 84.897398	  84.89491	 84.892607	 84.890478	  84.88851	 84.886693	 84.885015	 84.883468	 84.882041	 84.880727	 84.879517	 84.878404	  84.87738	 84.876439	 84.875575	 84.874782	 84.874055	 84.873388	 84.872777	 84.872218	 84.871706	 84.871239	 84.870811	 84.870421	 84.870064	  84.86974	 84.869443	 84.869174	 84.868928	 84.868705	 84.868501	 84.868317	 84.868149	 84.867997	 84.867859	 84.867734	 84.867621	 84.867519	 84.867426	 84.867342	 84.867266	 84.867198	 84.867136	  84.86708	  84.86703	 84.866985	 84.866945	 84.866908	 84.866875	 84.866846	 84.866819	 84.866795	 84.866774	 84.866755	 84.866738	 84.866723	 84.866709	 84.866697	 84.866686	 84.866676	 84.866668	  84.86666	 84.866653	 84.866647	 84.866642	 84.866637	 84.866633	 84.866629	 84.866626	 84.866623	 84.866621	 84.866619	 84.866617	 84.866616	 84.866615	 84.866614	 84.866614	 84.866613	
        99	 98.685831	 98.371861	 98.058287	 97.745307	 97.433115	 97.121908	 96.811878	 96.503214	 96.196106	 95.890739	 95.587293	 95.285947	 94.986876	 94.690249	 94.396233	 94.104988	 93.816671	 93.531432	 93.249416	 92.970763	 92.695606	 92.424074	 92.156287	 91.892361	 91.632404	 91.376517	 91.124797	 90.877332	 90.634203	 90.395484	 90.161245	 89.931546	  89.70644	 89.485976	 89.270194	 89.059128	 88.852805	 88.651245	 88.454464	 88.262468	 88.075261	 87.892836	 87.715185	 87.542292	 87.374135	 87.210689	  87.05192	 86.897793	 86.748266	 86.603294	 86.462827	 86.326809	 86.195185	 86.067891	 85.944863	 85.826033	 85.711331	 85.600683	 85.494012	 85.391241	  85.29229	 85.197076	 85.105517	 85.017527	 84.933022	 84.851913	 84.774113	 84.699536	 84.628091	 84.559692	 84.494248	 84.431673	 84.371878	 84.314775	 84.260278	 84.208301	 84.158758	 84.111565	 84.066639	 84.023898	 83.983262	 83.944651	 83.907987	 83.873194	 83.840197	 83.808924	 83.779303	 83.751265	 83.724741	 83.699666	 83.675975	 83.653606	   83.6325	 83.612596	 83.593838	 83.576172	 83.559544	 83.543903	 83.529201	 83.515388	  83.50242	 83.490253	 83.478845	 83.468154	 83.458142	 83.448772	 83.440008	 83.431816	 83.424164	  83.41702	 83.410355	 83.404141	 83.398351	 83.392959	 83.387942	 83.383275	 83.378938	  83.37491	  83.37117	 83.367701	 83.364485	 83.361505	 83.358745	 83.356192	 83.353831	 83.351649	 83.349634	 83.347773	 83.346057	 83.344476	 83.343018	 83.341676	 83.340442	 83.339306	 83.338263	 83.337305	 83.336426	 83.335619	  83.33488	 83.334202	 83.333582	 83.333015	 83.332496	 83.332022	 83.331589	 83.331194	 83.330834	 83.330505	 83.330206	 83.329934	 83.329686	 83.329461	 83.329256	  83.32907	 83.328902	 83.328749	  83.32861	 83.328485	 83.328371	 83.328268	 83.328175	 83.328091	 83.328015	 83.327947	 83.327885	  83.32783	  83.32778	 83.327734	 83.327694	 83.327657	 83.327625	 83.327595	 83.327569	 83.327545	 83.327524	 83.327505	 83.327488	 83.327473	  83.32746	 83.327448	 83.327437	 83.327427	 83.327419	 83.327411	 83.327405	 83.327399	 83.327393	 83.327389	 83.327385	 83.327381	 83.327378	 83.327376	 83.327374	 83.327372	  83.32737	 83.327369	 83.327368	 83.327368	 83.327367	
        99	  98.65517	 98.310558	 97.966381	 97.622856	 97.280196	 96.938617	  96.59833	 96.259543	 95.922463	 95.587293	 95.254232	 94.923477	 94.595218	 94.269642	 93.946932	 93.627264	 93.310808	 92.997731	 92.688192	 92.382344	 92.080334	 91.782302	  91.48838	 91.198696	 90.913369	  90.63251	 90.356223	 90.084606	 89.817749	 89.555733	 89.298634	 89.046517	 88.799443	 88.557463	 88.320622	 88.088957	 87.862497	 87.641267	 87.425281	 87.214547	 87.009069	 86.808841	 86.613853	 86.424086	 86.239518	  86.06012	 85.885857	 85.716688	 85.552568	 85.393448	 85.239271	 85.089979	 84.945509	 84.805792	 84.670757	 84.540331	 84.414434	 84.292987	 84.175906	 84.063105	 83.954497	 83.849991	 83.749496	 83.652919	 83.560166	 83.471141	 83.385749	 83.303893	 83.225476	 83.150401	 83.078571	 83.009889	 82.944258	 82.881582	 82.821767	 82.764716	 82.710338	  82.65854	 82.609229	 82.562317	 82.517715	 82.475336	 82.435094	 82.396905	 82.360688	 82.326363	 82.293852	 82.263077	 82.233964	 82.206442	 82.180439	 82.155887	  82.13272	 82.110874	 82.090286	 82.070895	 82.052645	 82.035478	  82.01934	  82.00418	 81.989946	 81.976592	  81.96407	 81.952335	 81.941346	 81.931062	 81.921443	 81.912451	 81.904052	 81.896211	 81.888896	 81.882076	  81.87572	 81.869802	 81.864295	 81.859173	 81.854413	 81.849991	 81.845887	 81.842079	 81.838549	 81.835278	  81.83225	 81.829447	 81.826856	 81.824461	 81.822249	 81.820207	 81.818323	 81.816587	 81.814987	 81.813515	  81.81216	 81.810913	 81.809768	 81.808717	 81.807751	 81.806866	 81.806055	 81.805311	 81.804631	 81.804008	 81.803439	 81.802918	 81.802443	 81.802009	 81.801614	 81.801254	 81.800925	 81.800626	 81.800354	 81.800107	 81.799882	 81.799678	 81.799493	 81.799325	 81.799173	 81.799035	 81.798911	 81.798798	 81.798696	 81.798604	  81.79852	 81.798445	 81.798378	 81.798317	 81.798262	 81.798212	 81.798168	 81.798128	 81.798092	 81.798059	  81.79803	 81.798005	 81.797981	 81.797961	 81.797942	 81.797925	  81.79791	 81.797897	 81.797885	 81.797875	 81.797866	 81.797857	  81.79785	 81.797843	 81.797838	 81.797833	 81.797828	 81.797825	 81.797821	 81.797818	 81.797816	 81.797814	 81.797812	 81.797811	  81.79781	 81.797809	 81.797809	
        99	 98.624722	  98.24968	 97.875112	 97.501252	 97.128336	 96.756595	  96.38626	 96.017557	 95.650713	 95.285947	 94.923477	 94.563515	 94.206271	 93.851947	 93.500741	 93.152845	 92.808446	 92.467724	 92.130853	 91.797998	  91.46932	 91.144971	 90.825096	 90.509833	 90.199311	 89.893651	 89.592968	 89.297368	 89.006947	 88.721795	 88.441993	 88.167614	 87.898722	 87.635375	 87.377621	   87.1255	 86.879044	 86.638279	 86.403221	 86.173879	 85.950257	 85.732349	 85.520143	 85.313619	 85.112754	 84.917515	 84.727864	 84.543757	 84.365145	 84.191974	 84.024184	  83.86171	 83.704482	 83.552428	  83.40547	 83.263526	 83.126513	 82.994342	 82.866922	 82.744161	 82.625963	 82.512229	  82.40286	 82.297755	 82.196812	 82.099926	 82.006994	  81.91791	 81.832569	 81.750865	 81.672692	 81.597945	 81.526518	 81.458308	 81.393211	 81.331124	 81.271944	 81.215571	 81.161907	 81.110852	 81.062312	  81.01619	 80.972395	 80.930834	 80.891419	 80.854063	 80.818681	 80.785188	 80.753505	 80.723553	 80.695254	 80.668534	 80.643322	 80.619546	  80.59714	 80.576037	 80.556175	 80.537492	  80.51993	 80.503431	  80.48794	 80.473407	 80.459779	 80.447008	 80.435049	 80.423856	 80.413388	 80.403602	 80.394462	 80.385928	 80.377967	 80.370544	 80.363628	 80.357188	 80.351194	  80.34562	 80.340439	 80.335627	  80.33116	 80.327016	 80.323174	 80.319615	 80.316319	 80.313269	 80.310449	 80.307842	 80.305435	 80.303213	 80.301163	 80.299273	 80.297532	  80.29593	 80.294455	 80.293099	 80.291853	 80.290708	 80.289658	 80.288694	 80.287811	 80.287002	 80.286261	 80.285583	 80.284964	 80.284397	  80.28388	 80.283409	 80.282978	 80.282586	 80.282228	 80.281903	 80.281607	 80.281338	 80.281094	 80.280872	  80.28067	 80.280487	 80.280322	 80.280172	 80.280036	 80.279913	 80.279802	 80.279702	 80.279611	  80.27953	 80.279456	 80.279389	  80.27933	 80.279276	 80.279227	 80.279184	 80.279145	  80.27911	 80.279078	  80.27905	 80.279025	 80.279002	 80.278982	 80.278964	 80.278948	 80.278933	  80.27892	 80.278909	 80.278899	  80.27889	 80.278882	 80.278875	 80.278868	 80.278863	 80.278858	 80.278854	  80.27885	 80.278847	 80.278845	 80.278843	 80.278841	 80.278839	 80.278838	 80.278838	 80.278837	
        99	 98.594503	 98.189261	 97.784531	 97.380567	 96.977622	 96.575947	  96.17579	 95.777399	 95.381014	 94.986876	 94.595218	 94.206271	  93.82026	 93.437404	 93.057917	 92.682008	 92.309876	 91.941718	  91.57772	 91.218063	 90.862918	 90.512451	 90.166819	 89.826169	 89.490642	  89.16037	 88.835474	 88.516071	 88.202264	  87.89415	 87.591817	 87.295344	 87.004801	 86.720248	 86.441738	 86.169315	 85.903014	 85.642861	 85.388875	 85.141066	 84.899437	 84.663982	 84.434688	 84.211535	 83.994495	 83.783534	 83.578611	  83.37968	 83.186685	  82.99957	 82.818268	 82.642711	 82.472823	 82.308524	 82.149732	 81.996359	 81.848313	 81.705499	 81.567819	 81.435173	 81.307456	 81.184564	 81.066389	  80.95282	 80.843749	 80.739061	 80.638646	 80.542388	 80.450175	 80.361892	 80.277424	 80.196658	  80.11948	 80.045778	 79.975438	 79.908351	 79.844406	 79.783494	 79.725509	 79.670343	 79.617894	 79.568058	 79.520736	 79.475829	  79.43324	 79.392876	 79.354645	 79.318455	 79.284221	 79.251856	 79.221279	 79.192407	 79.165165	 79.139475	 79.115264	 79.092462	 79.071001	 79.050814	 79.031837	 79.014009	 78.997272	 78.981567	 78.966842	 78.953043	 78.940121	 78.928027	 78.916715	 78.906142	 78.896265	 78.887045	 78.878443	 78.870422	 78.862949	  78.85599	 78.849514	 78.843491	 78.837893	 78.832693	 78.827867	 78.823389	 78.819238	 78.815392	  78.81183	 78.808535	 78.805487	 78.802671	  78.80007	 78.797669	 78.795454	 78.793412	 78.791531	 78.789799	 78.788206	  78.78674	 78.785394	 78.784157	 78.783022	 78.781981	 78.781027	 78.780152	 78.779352	  78.77862	  78.77795	 78.777339	  78.77678	  78.77627	 78.775805	 78.775381	 78.774995	 78.774643	 78.774324	 78.774033	 78.773769	 78.773529	 78.773311	 78.773114	 78.772935	 78.772773	 78.772626	 78.772493	 78.772373	 78.772265	 78.772167	 78.772079	 78.771999	 78.771927	 78.771863	 78.771804	 78.771752	 78.771705	 78.771663	 78.771625	 78.771591	  78.77156	 78.771533	 78.771509	 78.771487	 78.771467	  78.77145	 78.771434	  78.77142	 78.771408	 78.771397	 78.771387	 78.771379	 78.771371	 78.771364	 78.771358	 78.771353	 78.771349	 78.771345	 78.771341	 78.771339	 78.771336	 78.771334	 78.771333	 78.771332	 78.771331	 78.771331	
        99	 98.564531	 98.129336	 97.694691	 97.260868	 96.828139	 96.396775	 95.967041	 95.539203	  95.11352	 94.690249	 94.269642	 93.851947	 93.437404	  93.02625	 92.618714	 92.215019	 91.815382	 91.420012	 91.029109	 90.642868	 90.261473	 89.885102	 89.513922	 89.148093	 88.787766	 88.433082	 88.084173	 87.741161	 87.404159	 87.073271	 86.748592	 86.430205	 86.118186	 85.812601	 85.513506	 85.220946	 84.934962	  84.65558	 84.382821	 84.116695	 83.857206	 83.604348	 83.358106	 83.118458	 82.885376	 82.658822	 82.438753	 82.225118	 82.017859	 81.816912	  81.62221	 81.433676	 81.251231	 81.074789	  80.90426	  80.73955	 80.580561	 80.427192	 80.279335	 80.136884	 79.999728	 79.867752	 79.740842	 79.618879	 79.501746	 79.389321	 79.281483	 79.178111	 79.079081	 78.984273	 78.893562	 78.806826	 78.723944	 78.644793	 78.569255	 78.497209	 78.428538	 78.363124	 78.300852	 78.241609	 78.185283	 78.131764	 78.080944	 78.032717	 77.986981	 77.943633	 77.902576	 77.863712	 77.826947	  77.79219	 77.759352	 77.728347	 77.699091	 77.671502	 77.645502	 77.621015	 77.597967	 77.576287	 77.555908	 77.536763	 77.518788	 77.501923	 77.486109	 77.471291	 77.457413	 77.444425	 77.432278	 77.420923	 77.410316	 77.400414	 77.391176	 77.382563	 77.374537	 77.367064	 77.360109	 77.353641	 77.347629	 77.342045	 77.336862	 77.332053	 77.327595	 77.323465	  77.31964	 77.316101	 77.312828	 77.309804	  77.30701	 77.304432	 77.302053	  77.29986	  77.29784	 77.295981	 77.294269	 77.292696	  77.29125	 77.289921	 77.288702	 77.287584	  77.28656	 77.285621	 77.284761	 77.283975	 77.283256	 77.282599	 77.281999	 77.281451	 77.280952	 77.280497	 77.280082	 77.279704	 77.279361	 77.279049	 77.278765	 77.278507	 77.278274	 77.278062	 77.277869	 77.277695	 77.277538	 77.277395	 77.277266	  77.27715	 77.277045	  77.27695	 77.276865	 77.276788	 77.276718	 77.276656	 77.276599	 77.276549	 77.276504	 77.276463	 77.276426	 77.276394	 77.276364	 77.276338	 77.276314	 77.276293	 77.276275	 77.276258	 77.276243	  77.27623	 77.276218	 77.276208	 77.276198	  77.27619	 77.276183	 77.276177	 77.276171	 77.276166	 77.276162	 77.276158	 77.276155	 77.276153	 77.276151	 77.276149	 77.276148	 77.276147	 77.276147	
        99	 98.534822	 98.069938	 97.605641	 97.142222	 96.679973	  96.21918	 95.760129	 95.303103	  94.84838	 94.396233	 93.946932	 93.500741	 93.057917	 92.618714	 92.183375	  91.75214	 91.325239	 90.902896	 90.485326	 90.072735	 89.665321	 89.263273	 88.866771	 88.475985	 88.091076	 87.712195	 87.339483	  86.97307	 86.613077	 86.259616	 85.912787	  85.57268	 85.239375	 84.912942	 84.593442	 84.280924	 83.975429	 83.676987	  83.38562	  83.10134	 82.824148	 82.554039	 82.290998	 82.035002	 81.786018	 81.544009	 81.308926	 81.080716	 80.859318	 80.644663	 80.436678	 80.235282	  80.04039	 79.851911	 79.669748	 79.493802	 79.323967	 79.160134	  79.00219	 78.850021	 78.703508	 78.562529	  78.42696	 78.296678	 78.171553	 78.051458	 77.936264	 77.825839	 77.720054	 77.618777	 77.521878	 77.429225	 77.340688	 77.256138	 77.175447	 77.098486	  77.02513	 76.955253	 76.888733	 76.825448	 76.765279	 76.708109	 76.653822	 76.602306	 76.553449	 76.507145	 76.463286	  76.42177	 76.382497	  76.34537	 76.310292	 76.277171	 76.245919	 76.216448	 76.188674	 76.162516	 76.137896	 76.114738	 76.092968	 76.072517	 76.053316	   76.0353	 76.018408	 76.002578	 75.987754	  75.97388	 75.960903	 75.948774	 75.937444	 75.926866	 75.916998	 75.907797	 75.899224	 75.891241	 75.883811	 75.876902	  75.87048	 75.864515	 75.858978	 75.853841	 75.849079	 75.844667	 75.840582	 75.836801	 75.833305	 75.830074	  75.82709	 75.824336	 75.821795	 75.819453	 75.817295	 75.815308	  75.81348	 75.811799	 75.810254	 75.808836	 75.807533	 75.806339	 75.805244	 75.804241	 75.803323	 75.802483	 75.801715	 75.801013	 75.800372	 75.799787	 75.799254	 75.798768	 75.798325	 75.797921	 75.797555	 75.797221	 75.796918	 75.796643	 75.796393	 75.796167	 75.795961	 75.795775	 75.795607	 75.795455	 75.795317	 75.795193	 75.795081	 75.794979	 75.794888	 75.794806	 75.794731	 75.794665	 75.794605	 75.794551	 75.794502	 75.794459	  75.79442	 75.794385	 75.794353	 75.794325	   75.7943	 75.794278	 75.794258	  75.79424	 75.794224	  75.79421	 75.794197	 75.794186	 75.794176	 75.794167	  75.79416	 75.794153	 75.794147	 75.794142	 75.794137	 75.794134	  75.79413	 75.794128	 75.794125	 75.794124	 75.794122	 75.794122	 75.794121	
        99	 98.505394	 98.011101	 97.517431	 97.024695	 96.533202	 96.043259	 95.555168	 95.069229	 94.585739	 94.104988	 93.627264	 93.152845	 92.682008	 92.215019	  91.75214	 91.293624	 90.839717	 90.390655	 89.946668	 89.507976	 89.074788	 88.647306	  88.22572	 87.810212	 87.400953	 86.998103	 86.601812	 86.212219	 85.829453	 85.453631	  85.08486	 84.723237	 84.368846	 84.021763	  83.68205	 83.349762	 83.024941	 82.707619	 82.397819	 82.095555	 81.800827	 81.513631	 81.233949	 80.961758	 80.697023	 80.439704	 80.189749	 79.947102	 79.711697	 79.483463	  79.26232	 79.048184	 78.840963	  78.64056	 78.446873	 78.259796	 78.079216	 77.905019	 77.737084	 77.575288	 77.419506	 77.269608	 77.125464	 76.986939	 76.853898	 76.726206	 76.603724	 76.486314	 76.373837	 76.266153	 76.163123	 76.064609	 75.970471	 75.880573	 75.794777	 75.712947	  75.63495	 75.560653	 75.489924	 75.422636	 75.358661	 75.297874	 75.240153	 75.185377	  75.13343	 75.084196	 75.037563	 74.993421	 74.951663	 74.912187	  74.87489	 74.839674	 74.806444	 74.775109	 74.745578	 74.717766	 74.691588	 74.666965	 74.643818	 74.622072	 74.601657	 74.582502	 74.564541	 74.547709	 74.531947	 74.517196	 74.503398	 74.490502	 74.478454	 74.467208	 74.456715	 74.446932	 74.437817	 74.429329	 74.421429	 74.414083	 74.407255	 74.400912	 74.395025	 74.389563	   74.3845	 74.379809	 74.375465	 74.371445	 74.367728	 74.364293	  74.36112	 74.358191	  74.35549	 74.352999	 74.350705	 74.348592	 74.346649	 74.344861	 74.343219	  74.34171	 74.340326	 74.339056	 74.337892	 74.336826	 74.335849	 74.334956	  74.33414	 74.333393	 74.332712	  74.33209	 74.331523	 74.331006	 74.330535	 74.330106	 74.329716	 74.329361	 74.329039	 74.328746	 74.328481	  74.32824	 74.328022	 74.327824	 74.327645	 74.327483	 74.327337	 74.327205	 74.327085	 74.326978	  74.32688	 74.326793	 74.326714	 74.326643	 74.326579	 74.326522	  74.32647	 74.326424	 74.326383	 74.326345	 74.326312	 74.326282	 74.326256	 74.326232	  74.32621	 74.326191	 74.326175	 74.326159	 74.326146	 74.326134	 74.326124	 74.326114	 74.326106	 74.326099	 74.326093	 74.326087	 74.326082	 74.326078	 74.326075	 74.326072	  74.32607	 74.326068	 74.326066	 74.326066	 74.326065	
        99	 98.476262	 97.952854	 97.430107	 96.908349	 96.387908	 95.869106	 95.352266	 94.837706	 94.325738	 93.816671	 93.310808	 92.808446	 92.309876	 91.815382	 91.325239	 90.839717	 90.359074	 89.883563	 89.413425	 88.948893	  88.49019	 88.037529	 87.591112	 87.151131	 86.717767	 86.291189	 85.871556	 85.459016	 85.053705	 84.655747	 84.265255	 83.882332	 83.507068	 83.139541	  82.77982	 82.427959	 82.084006	 81.747994	 81.419947	 81.099879	 80.787792	 80.483679	 80.187525	 79.899301	 79.618974	 79.346498	 79.081821	 78.824882	 78.575612	 78.333934	 78.099766	 77.873017	 77.653591	 77.441384	 77.236289	 77.038193	 76.846978	  76.66252	 76.484693	 76.313368	  76.14841	 75.989683	 75.837049	 75.690364	 75.549488	 75.414275	 75.284578	 75.160253	 75.041151	 74.927124	 74.818026	 74.713709	 74.614027	 74.518833	 74.427984	 74.341334	 74.258743	  74.18007	 74.105175	 74.033924	 73.966181	 73.901813	 73.840692	 73.782691	 73.727684	  73.67555	  73.62617	 73.579428	 73.535211	 73.493409	 73.453915	 73.416625	 73.381439	 73.348258	 73.316987	 73.287537	 73.259817	 73.233743	 73.209233	 73.186207	 73.164589	 73.144306	 73.125286	 73.107464	 73.090774	 73.075153	 73.060543	 73.046887	  73.03413	 73.022221	  73.01111	 73.000751	 72.991099	  72.98211	 72.973746	 72.965967	 72.958736	  72.95202	 72.945786	 72.940003	 72.934641	 72.929674	 72.925074	 72.920818	 72.916882	 72.913244	 72.909884	 72.906783	 72.903922	 72.901285	 72.898856	 72.896619	 72.894561	 72.892668	 72.890929	 72.889332	 72.887866	 72.886521	 72.885288	 72.884159	 72.883125	  72.88218	 72.881315	 72.880525	 72.879803	 72.879144	 72.878544	 72.877996	 72.877498	 72.877044	  72.87663	 72.876255	 72.875914	 72.875604	 72.875323	 72.875068	 72.874837	 72.874627	 72.874438	 72.874266	 72.874111	 72.873971	 72.873845	 72.873731	 72.873628	 72.873535	 72.873452	 72.873377	 72.873309	 72.873248	 72.873194	 72.873145	 72.873101	 72.873062	 72.873026	 72.872995	 72.872966	 72.872941	 72.872919	 72.872899	 72.872881	 72.872865	 72.872851	 72.872838	 72.872827	 72.872817	 72.872808	 72.872801	 72.872794	 72.872788	 72.872783	 72.872779	 72.872775	 72.872772	  72.87277	 72.872768	 72.872766	 72.872765	 72.872765	
