Time step 93:
        99	        99	        99	        99	        99	        99	        99	        99	        99	        99	        99	        99	        99	        99	        99	        99	        99	        99	        99	        99	        99	        99	        99	        99	        99	        99	        99	        99	        99	        99	        99	        99	        99	        99	        99	        99	        99	        99	        99	        99	        99	        99	        99	        99	        99	        99	        99	        99	        99	        99	        99	        99	        99	        99	        99	        99	        99	        99	        99	        99	        99	        99	        99	        99	        99	        99	        99	        99	        99	        99	        99	        99	        99	        99	        99	        99	        99	        99	        99	        99	        99	        99	        99	        99	        99	        99	        99	        99	        99	        99	        99	        99	        99	        99	        99	        99	        99	        99	        99	        99	        99	        99	        99	        99	        99	        99	        99	        99	        99	        99	        99	        99	        99	        99	        99	        99	        99	        99	        99	        99	        99	        99	        99	        99	        99	        99	        99	        99	        99	        99	        99	        99	        99	        99	        99	        99	        99	        99	        99	        99	        99	        99	        99	        99	        99	        99	        99	        99	        99	        99	        99	        99	        99	        99	        99	        99	        99	        99	        99	        99	        99	        99	        99	        99	        99	        99	        99	        99	        99	        99	        99	        99	        99	        99	        99	        99	        99	        99	        99	        99	        99	        99	        99	        99	        99	        99	        99	        99	        99	        99	        99	        99	        99	        99	        99	        99	        99	        99	        99	        99	
        99	 98.993173	 98.986347	 98.979522	 98.972701	 98.965883	  98.95907	 98.952262	 98.945461	 98.938667	 98.931882	 98.925105	 98.918339	 98.911584	 98.904841	  98.89811	 98.891394	 98.884692	 98.878005	 98.871335	 98.864682	 98.858047	 98.851431	 98.844834	 98.838258	 98.831704	 98.825172	 98.818663	 98.812178	 98.805717	 98.799282	 98.792873	 98.786491	 98.780136	 98.773811	 98.767514	 98.761247	 98.755011	 98.748806	 98.742633	 98.736493	 98.730386	 98.724313	 98.718274	 98.712271	 98.706304	 98.700373	 98.694479	 98.688623	 98.682804	 98.677025	 98.671284	 98.665584	 98.659923	 98.654303	 98.648725	 98.643188	 98.637693	  98.63224	 98.626831	 98.621465	 98.616142	 98.610864	  98.60563	  98.60044	 98.595296	 98.590197	 98.585144	 98.580137	 98.575176	 98.570261	 98.565393	 98.560573	 98.555799	 98.551072	 98.546394	 98.541763	 98.537179	 98.532644	 98.528157	 98.523718	 98.519327	 98.514985	 98.510691	 98.506446	 98.502249	 98.498101	 98.494002	 98.489951	 98.485949	 98.481995	 98.478091	 98.474234	 98.470426	 98.466667	 98.462955	 98.459292	 98.455678	 98.452111	 98.448592	 98.445121	 98.441698	 98.438322	 98.434993	 98.431712	 98.428478	  98.42529	 98.422149	 98.419055	 98.416006	 98.413004	 98.410048	 98.407137	 98.404271	  98.40145	 98.398675	 98.395943	 98.393256	 98.390613	 98.388014	 98.385458	 98.382946	 98.380476	 98.378049	 98.375664	 98.373321	 98.371019	  98.36876	 98.366541	 98.364362	 98.362225	 98.360127	 98.358069	 98.356051	 98.354072	 98.352131	 98.350229	 98.348365	 98.346539	 98.344751	 98.342999	 98.341285	 98.339607	 98.337965	 98.336359	 98.334788	 98.333253	 98.331752	 98.330287	 98.328855	 98.327457	 98.326093	 98.324762	 98.323465	   98.3222	 98.320967	 98.319766	 98.318598	  98.31746	 98.316354	 98.315279	 98.314235	 98.313221	 98.312237	 98.311283	 98.310359	 98.309464	 98.308598	 98.307761	 98.306953	 98.306173	 98.305421	 98.304697	 98.304001	 98.303333	 98.302692	 98.302078	 98.301491	 98.300931	 98.300398	 98.299891	  98.29941	 98.298956	 98.298527	 98.298125	 98.297748	 98.297397	 98.297072	 98.296771	 98.296497	 98.296247	 98.296023	 98.295824	  98.29565	   98.2955	 98.295376	 98.295277	 98.295202	 98.295153	 98.295128	
        99	 98.986347	 98.972695	 98.959048	 98.945405	 98.931771	 98.918145	 98.904531	 98.890929	 98.877343	 98.863773	 98.850221	 98.836689	  98.82318	 98.809695	 98.796235	 98.782802	 98.769399	 98.756027	 98.742687	 98.729382	 98.716113	 98.702881	 98.689689	 98.676539	 98.663431	 98.650368	  98.63735	 98.624381	  98.61146	 98.598591	 98.585774	 98.573011	 98.560303	 98.547652	 98.535059	 98.522527	 98.510055	 98.497646	 98.485301	 98.473021	 98.460808	 98.448663	 98.436587	 98.424581	 98.412647	 98.400786	 98.388999	 98.377287	 98.365652	 98.354093	 98.342613	 98.331213	 98.319892	 98.308654	 98.297497	 98.286424	 98.275435	 98.264531	 98.253712	 98.242981	 98.232336	  98.22178	 98.211313	 98.200935	 98.190647	  98.18045	 98.170344	  98.16033	 98.150409	 98.140581	 98.130846	 98.121205	 98.111658	 98.102206	 98.092849	 98.083587	 98.074421	 98.065352	 98.056378	 98.047501	  98.03872	 98.030036	 98.021449	 98.012959	 98.004566	 97.996271	 97.988073	 97.979972	 97.971968	 97.964061	 97.956252	  97.94854	 97.940924	 97.933406	 97.925984	 97.918658	 97.911429	 97.904296	 97.897259	 97.890317	 97.883471	  97.87672	 97.870063	 97.863501	 97.857033	 97.850658	 97.844377	 97.838188	 97.832092	 97.826088	 97.820175	 97.814354	 97.808623	 97.802982	 97.797431	 97.791969	 97.786595	 97.781309	 97.776111	    97.771	 97.765975	 97.761036	 97.756182	 97.751412	 97.746727	 97.742124	 97.737605	 97.733167	 97.728811	 97.724536	 97.720341	 97.716226	 97.712189	 97.708231	  97.70435	 97.700546	 97.696819	 97.693167	  97.68959	 97.686088	 97.682659	 97.679303	 97.676019	 97.672807	 97.669667	 97.666596	 97.663596	 97.660664	 97.657801	 97.655006	 97.652278	 97.649617	 97.647021	 97.644491	 97.642026	 97.639625	 97.637288	 97.635014	 97.632802	 97.630652	 97.628563	 97.626535	 97.624568	  97.62266	 97.620811	 97.619022	  97.61729	 97.615616	    97.614	  97.61244	 97.610937	 97.609489	 97.608097	 97.606761	 97.605479	 97.604251	 97.603077	 97.601957	  97.60089	 97.599877	 97.598915	 97.598007	  97.59715	 97.596345	 97.595592	  97.59489	 97.594239	 97.593638	 97.593089	  97.59259	 97.592142	 97.591743	 97.591395	 97.591097	 97.590848	 97.590649	 97.590501	 97.590401	 97.590352	
        99	 98.979522	 98.959048	 98.938578	 98.918117	 98.897667	 98.877232	 98.856812	 98.836412	 98.816035	 98.795682	 98.775357	 98.755062	   98.7348	 98.714574	 98.694387	  98.67424	 98.654138	 98.634081	 98.614074	 98.594119	 98.574217	 98.554372	 98.534587	 98.514863	 98.495203	 98.475611	 98.456087	 98.436635	 98.417256	 98.397954	 98.378731	 98.359588	 98.340529	 98.321555	 98.302668	 98.283871	 98.265166	 98.246554	 98.228039	 98.209621	 98.191304	 98.173088	 98.154976	  98.13697	 98.119071	 98.101281	 98.083603	 98.066037	 98.048585	  98.03125	 98.014032	 97.996933	 97.979954	 97.963098	 97.946365	 97.929757	 97.913275	 97.896921	 97.880695	   97.8646	 97.848635	 97.832802	 97.817103	 97.801538	 97.786108	 97.770814	 97.755657	 97.740638	 97.725758	 97.711017	 97.696416	 97.681956	 97.667638	 97.653461	 97.639428	 97.625537	 97.611789	 97.598186	 97.584727	 97.571413	 97.558243	 97.545219	  97.53234	 97.519606	 97.507019	 97.494577	 97.482281	 97.470131	 97.458126	 97.446268	 97.434555	 97.422988	 97.411566	  97.40029	 97.389158	 97.378171	 97.367329	  97.35663	 97.346076	 97.335665	 97.325396	 97.315271	 97.305287	 97.295445	 97.285743	 97.276182	 97.266762	  97.25748	 97.248337	 97.239331	 97.230464	 97.221732	 97.213137	 97.204677	 97.196351	 97.188158	 97.180099	 97.172171	 97.164375	 97.156709	 97.149172	 97.141764	 97.134484	  97.12733	 97.120303	   97.1134	 97.106622	 97.099966	 97.093433	 97.087021	 97.080729	 97.074557	 97.068503	 97.062566	 97.056745	  97.05104	  97.04545	 97.039973	 97.034608	 97.029355	 97.024212	 97.019179	 97.014254	 97.009437	 97.004726	 97.000121	  96.99562	 96.991224	  96.98693	 96.982737	 96.978646	 96.974654	 96.970762	 96.966967	  96.96327	 96.959669	 96.956163	 96.952752	 96.949435	  96.94621	 96.943078	 96.940036	 96.937085	 96.934224	 96.931451	 96.928767	  96.92617	 96.923659	 96.921235	 96.918895	 96.916641	  96.91447	 96.912382	 96.910377	 96.908455	 96.906613	 96.904853	 96.903173	 96.901573	 96.900053	 96.898611	 96.897248	 96.895963	 96.894756	 96.893626	 96.892573	 96.891597	 96.890697	 96.889872	 96.889124	 96.888451	 96.887854	 96.887332	 96.886884	 96.886511	 96.886214	  96.88599	 96.885841	 96.885767	
        99	 98.972701	 98.945405	 98.918117	  98.89084	 98.863578	 98.836335	 98.809113	 98.781918	 98.754752	 98.727619	 98.700523	 98.673468	 98.646456	 98.619493	  98.59258	 98.565723	 98.538923	 98.512186	 98.485514	  98.45891	 98.432379	 98.405924	 98.379547	 98.353253	 98.327045	 98.300925	 98.274898	 98.248965	 98.223132	   98.1974	 98.171773	 98.146253	 98.120844	 98.095549	 98.070371	 98.045312	 98.020376	 97.995565	 97.970882	 97.946329	 97.921909	 97.897625	  97.87348	 97.849475	 97.825614	 97.801898	 97.778331	 97.754913	 97.731648	 97.708537	 97.685584	 97.662789	 97.640155	 97.617683	 97.595376	 97.573236	 97.551264	 97.529461	  97.50783	 97.486373	  97.46509	 97.443983	 97.423054	 97.402303	 97.381733	 97.361345	 97.341139	 97.321117	  97.30128	 97.281628	 97.262164	 97.242887	 97.223799	   97.2049	 97.186191	 97.167673	 97.149346	 97.131211	 97.113268	 97.095519	 97.077962	 97.060599	  97.04343	 97.026455	 97.009674	 96.993087	 96.976695	 96.960498	 96.944494	 96.928686	 96.913071	 96.897651	 96.882424	 96.867391	 96.852551	 96.837904	  96.82345	 96.809188	 96.795117	 96.781238	 96.767549	  96.75405	 96.740741	  96.72762	 96.714687	 96.701941	 96.689382	 96.677008	 96.664819	 96.652814	 96.640992	 96.629352	 96.617893	 96.606615	 96.595515	 96.584594	  96.57385	 96.563281	 96.552888	 96.542668	 96.532621	 96.522745	 96.513039	 96.503503	 96.494134	 96.484932	 96.475896	 96.467023	 96.458313	 96.449765	 96.441378	 96.433149	 96.425078	 96.417164	 96.409404	 96.401799	 96.394346	 96.387044	 96.379893	 96.372889	 96.366033	 96.359323	 96.352758	 96.346336	 96.340056	 96.333917	 96.327917	 96.322056	 96.316331	 96.310743	 96.305288	 96.299967	 96.294778	 96.289719	  96.28479	  96.27999	 96.275316	 96.270769	 96.266346	 96.262048	 96.257871	 96.253817	 96.249883	 96.246068	 96.242372	 96.238794	 96.235331	 96.231985	 96.228752	 96.225634	 96.222628	 96.219734	 96.216951	 96.214278	 96.211715	  96.20926	 96.206914	 96.204674	 96.202541	 96.200514	 96.198592	 96.196775	 96.195062	 96.193453	 96.191946	 96.190543	 96.189241	 96.188041	 96.186943	 96.185945	 96.185048	 96.184252	 96.183555	 96.182959	 96.182462	 96.182065	 96.181767	 96.181568	 96.181469	
        99	 98.965883	 98.931771	 98.897667	 98.863578	 98.829508	  98.79546	  98.76144	 98.727453	 98.693502	 98.659593	  98.62573	 98.591918	  98.55816	 98.524463	 98.490829	 98.457264	 98.423772	 98.390357	 98.357023	 98.323776	 98.290619	 98.257556	 98.224592	 98.191731	 98.158977	 98.126334	 98.093807	 98.061398	 98.029113	 97.996954	 97.964927	 97.933034	 97.901279	 97.869667	 97.838201	 97.806884	  97.77572	 97.744712	 97.713864	 97.683179	 97.652661	 97.622313	 97.592137	 97.562137	 97.532317	 97.502678	 97.473224	 97.443958	 97.414883	 97.386001	 97.357314	 97.328826	  97.30054	 97.272456	 97.244578	 97.216908	 97.189448	 97.162201	 97.135168	 97.108351	 97.081753	 97.055375	 97.029219	 97.003286	 96.977579	 96.952098	 96.926846	 96.901824	 96.877032	 96.852473	 96.828147	 96.804056	 96.780201	 96.756582	 96.733201	 96.710058	 96.687154	  96.66449	 96.642066	 96.619883	 96.597942	 96.576243	 96.554786	 96.533571	 96.512599	  96.49187	 96.471384	 96.451141	 96.431142	 96.411385	  96.39187	 96.372599	 96.353569	 96.334782	 96.316236	 96.297931	 96.279867	 96.262043	 96.244458	 96.227112	 96.210005	 96.193135	 96.176501	 96.160103	  96.14394	 96.128011	 96.112315	 96.096852	 96.081618	 96.066615	 96.051841	 96.037294	 96.022973	 96.008878	 95.995006	 95.981358	  95.96793	 95.954722	 95.941733	 95.928961	 95.916404	 95.904062	 95.891932	 95.880014	 95.868306	 95.856806	 95.845512	 95.834424	 95.823539	 95.812856	 95.802374	  95.79209	 95.782003	 95.772112	 95.762415	  95.75291	 95.743596	 95.734471	 95.725533	 95.716781	 95.708212	 95.699827	 95.691622	 95.683596	 95.675748	 95.668075	 95.660577	 95.653252	 95.646098	 95.639113	 95.632297	 95.625646	 95.619161	 95.612839	 95.606679	  95.60068	 95.594839	 95.589156	 95.583629	 95.578257	 95.573038	 95.567971	 95.563054	 95.558287	 95.553668	 95.549195	 95.544868	 95.540686	 95.536646	 95.532749	 95.528992	 95.525375	 95.521897	 95.518557	 95.515354	 95.512286	 95.509353	 95.506554	 95.503889	 95.501356	 95.498954	 95.496683	 95.494542	 95.492531	 95.490648	 95.488894	 95.487267	 95.485767	 95.484395	 95.483148	 95.482027	 95.481032	 95.480161	 95.479416	 95.478795	 95.478299	 95.477926	 95.477678	 95.477554	
        99	  98.95907	 98.918145	 98.877232	 98.836335	  98.79546	 98.754613	 98.713799	 98.673025	 98.632294	 98.591613	 98.550988	 98.510423	 98.469925	 98.429497	 98.389147	 98.348879	 98.308698	  98.26861	  98.22862	 98.188733	 98.148954	 98.109289	 98.069742	 98.030319	 97.991024	 97.951862	 97.912839	 97.873958	 97.835225	 97.796645	 97.758221	 97.719959	 97.681864	 97.643938	 97.606188	 97.568617	 97.531229	 97.494029	 97.457021	 97.420209	 97.383596	 97.347187	 97.310985	 97.274994	 97.239218	 97.203661	 97.168325	 97.133215	 97.098333	 97.063683	 97.029268	 96.995091	 96.961155	 96.927463	 96.894018	 96.860822	 96.827879	  96.79519	 96.762759	 96.730587	 96.698677	 96.667031	 96.635651	  96.60454	 96.573699	  96.54313	 96.512835	 96.482815	 96.453073	 96.423609	 96.394426	 96.365524	 96.336904	 96.308569	 96.280518	 96.252753	 96.225275	 96.198085	 96.171184	 96.144571	 96.118248	 96.092215	 96.066473	 96.041022	 96.015862	 95.990994	 95.966417	 95.942131	 95.918137	 95.894435	 95.871024	 95.847903	 95.825074	 95.802534	 95.780285	 95.758324	 95.736653	 95.715269	 95.694173	 95.673363	 95.652839	   95.6326	 95.612645	 95.592972	 95.573582	 95.554472	 95.535641	 95.517089	 95.498814	 95.480815	  95.46309	 95.445638	 95.428458	 95.411547	 95.394906	 95.378531	 95.362422	 95.346576	 95.330993	  95.31567	 95.300606	 95.285799	 95.271248	 95.256949	 95.242903	 95.229106	 95.215557	 95.202254	 95.189196	  95.17638	 95.163804	 95.151466	 95.139366	 95.127499	 95.115866	 95.104463	 95.093288	 95.082341	 95.071618	 95.061118	 95.050838	 95.040778	 95.030934	 95.021306	  95.01189	 95.002686	  94.99369	 94.984902	 94.976319	  94.96794	 94.959762	 94.951784	 94.944003	 94.936419	 94.929029	 94.921831	 94.914824	 94.908006	 94.901375	  94.89493	 94.888669	  94.88259	 94.876692	 94.870972	 94.865431	 94.860065	 94.854874	 94.849856	  94.84501	 94.840334	 94.835828	 94.831489	 94.827316	 94.823309	 94.819466	 94.815785	 94.812267	 94.808909	 94.805711	 94.802672	 94.799791	 94.797066	 94.794498	 94.792085	 94.789826	 94.787721	  94.78577	 94.783971	 94.782324	 94.780828	 94.779483	 94.778289	 94.777245	 94.776351	 94.775606	  94.77501	 94.774564	 94.774266	 94.774118	
        99	 98.952262	 98.904531	 98.856812	 98.809113	  98.76144	 98.713799	 98.666198	 98.618641	 98.571136	 98.523689	 98.476307	 98.428995	 98.381761	 98.334609	 98.287548	 98.240582	 98.193718	 98.146963	 98.100321	   98.0538	 98.007406	 97.961143	 97.915019	 97.869038	 97.823207	 97.777532	 97.732018	 97.686671	 97.641496	 97.596498	 97.551684	 97.507058	 97.462626	 97.418393	 97.374364	 97.330544	 97.286938	 97.243551	 97.200387	 97.157452	  97.11475	 97.072285	 97.030062	 96.988085	 96.946359	 96.904888	 96.863675	 96.822725	 96.782041	 96.741628	 96.701489	 96.661628	 96.622047	 96.582752	 96.543744	 96.505027	 96.466604	 96.428479	 96.390653	  96.35313	 96.315913	 96.279003	 96.242405	 96.206119	 96.170148	 96.134495	 96.099161	 96.064148	 96.029459	 95.995095	 95.961057	 95.927348	 95.893969	  95.86092	 95.828204	 95.795822	 95.763774	 95.732061	 95.700685	 95.669646	 95.638945	 95.608582	 95.578559	 95.548875	  95.51953	 95.490525	 95.461861	 95.433536	 95.405551	 95.377906	 95.350601	 95.323636	 95.297009	 95.270721	  95.24477	 95.219158	 95.193882	 95.168941	 95.144336	 95.120065	 95.096128	 95.072522	 95.049248	 95.026304	 95.003688	 94.981399	 94.959437	 94.937799	 94.916485	 94.895492	 94.874819	 94.854464	 94.834426	 94.814703	 94.795294	 94.776196	 94.757407	 94.738926	 94.720751	  94.70288	  94.68531	  94.66804	 94.651068	 94.634392	 94.618009	 94.601918	 94.586115	   94.5706	  94.55537	 94.540422	 94.525754	 94.511365	 94.497251	 94.483411	 94.469843	 94.456543	  94.44351	 94.430742	 94.418236	 94.405989	    94.394	 94.382266	 94.370786	 94.359556	 94.348574	 94.337839	 94.327347	 94.317097	 94.307087	 94.297314	 94.287776	  94.27847	 94.269396	  94.26055	 94.251931	 94.243536	 94.235364	 94.227412	 94.219678	 94.212161	 94.204858	 94.197768	 94.190889	 94.184218	 94.177755	 94.171497	 94.165442	  94.15959	 94.153938	 94.148484	 94.143228	 94.138167	 94.133301	 94.128627	 94.124144	 94.119852	 94.115748	 94.111832	 94.108102	 94.104558	 94.101197	 94.098019	 94.095024	  94.09221	 94.089575	 94.087121	 94.084844	 94.082746	 94.080825	 94.079081	 94.077512	 94.076119	 94.074902	 94.073859	  94.07299	 94.072295	 94.071775	 94.071428	 94.071254	
        99	 98.945461	 98.890929	 98.836412	 98.781918	 98.727453	 98.673025	 98.618641	 98.564309	 98.510036	  98.45583	 98.401697	 98.347644	  98.29368	 98.239812	 98.186045	 98.132388	 98.078848	 98.025431	 97.972145	 97.918996	 97.865991	 97.813138	 97.760442	 97.707911	 97.655551	 97.603368	  97.55137	 97.499562	  97.44795	 97.396542	 97.345344	  97.29436	 97.243598	 97.193063	 97.142761	 97.092698	 97.042879	 96.993311	 96.943998	 96.894946	 96.846159	 96.797645	 96.749406	 96.701449	 96.653778	 96.606398	 96.559314	  96.51253	  96.46605	 96.419879	 96.374022	 96.328481	 96.283262	 96.238368	 96.193803	  96.14957	 96.105673	 96.062116	 96.018901	 95.976032	 95.933513	 95.891345	 95.849532	 95.808076	 95.766981	 95.726248	  95.68588	  95.64588	 95.606248	 95.566988	 95.528101	  95.48959	 95.451454	 95.413698	  95.37632	 95.339324	  95.30271	  95.26648	 95.230634	 95.195173	 95.160098	 95.125409	 95.091108	 95.057195	  95.02367	 94.990533	 94.957784	 94.925424	 94.893452	 94.861869	 94.830674	 94.799866	 94.769446	 94.739413	 94.709765	 94.680503	 94.651626	 94.623133	 94.595022	 94.567294	 94.539946	 94.512977	 94.486387	 94.460174	 94.434336	 94.408872	 94.383781	  94.35906	 94.334709	 94.310725	 94.287107	 94.263852	  94.24096	 94.218427	 94.196252	 94.174433	 94.152967	 94.131854	 94.111089	 94.090672	 94.070599	 94.050869	 94.031479	 94.012427	  93.99371	 93.975326	 93.957272	 93.939546	 93.922146	 93.905069	 93.888311	 93.871872	 93.855748	 93.839936	 93.824434	  93.80924	  93.79435	 93.779763	 93.765475	 93.751483	 93.737786	 93.724381	 93.711265	 93.698435	 93.685888	 93.673623	 93.661637	 93.649927	  93.63849	 93.627325	 93.616428	 93.605797	  93.59543	 93.585324	 93.575477	 93.565886	 93.556549	 93.547464	 93.538629	  93.53004	 93.521697	 93.513597	 93.505738	 93.498117	 93.490733	 93.483583	 93.476666	  93.46998	 93.463522	 93.457292	 93.451287	 93.445505	 93.439945	 93.434606	 93.429484	 93.424581	 93.419892	 93.415418	 93.411157	 93.407107	 93.403268	 93.399638	 93.396215	    93.393	  93.38999	 93.387186	 93.384585	 93.382188	 93.379993	 93.378001	 93.376209	 93.374617	 93.373226	 93.372035	 93.371042	 93.370249	 93.369654	 93.369257	 93.369059	
        99	 98.938667	 98.877343	 98.816035	 98.754752	 98.693502	 98.632294	 98.571136	 98.510036	 98.449003	 98.388044	 98.327167	 98.266382	 98.205696	 98.145117	 98.084653	 98.024312	 97.964102	 97.904031	 97.844107	 97.784338	 97.724731	 97.665293	 97.606033	 97.546958	 97.488076	 97.429393	 97.370917	 97.312656	 97.254616	 97.196804	 97.139227	 97.081893	 97.024807	 96.967977	 96.911409	  96.85511	 96.799086	 96.743343	 96.687887	 96.632724	 96.577861	 96.523303	 96.469055	 96.415124	 96.361515	 96.308233	 96.255284	 96.202672	 96.150402	  96.09848	  96.04691	 95.995697	 95.944845	 95.894358	 95.844242	 95.794499	 95.745134	 95.696151	 95.647553	 95.599344	 95.551528	 95.504107	 95.457086	 95.410466	 95.364252	 95.318445	 95.273049	 95.228065	 95.183497	 95.139346	 95.095616	 95.052306	 95.009421	 94.966961	 94.924928	 94.883323	 94.842148	 94.801405	 94.761093	 94.721215	 94.681771	 94.642761	 94.604188	  94.56605	 94.528348	 94.491083	 94.454255	 94.417864	  94.38191	 94.346392	 94.311311	 94.276666	 94.242457	 94.208682	 94.175341	 94.142435	  94.10996	 94.077918	 94.046305	 94.015123	 93.984368	  93.95404	 93.924137	 93.894659	 93.865602	 93.836967	  93.80875	  93.78095	 93.753565	 93.726594	 93.700033	 93.673882	 93.648138	 93.622798	 93.597861	 93.573324	 93.549185	 93.525441	  93.50209	 93.479129	 93.456556	 93.434368	 93.412563	 93.391137	 93.370089	 93.349415	 93.329112	 93.309178	  93.28961	 93.270406	 93.251561	 93.233074	 93.214941	  93.19716	 93.179727	  93.16264	 93.145895	 93.129491	 93.113423	 93.097689	 93.082285	  93.06721	  93.05246	 93.038032	 93.023923	  93.01013	 92.996651	 92.983482	 92.970621	 92.958064	  92.94581	 92.933855	 92.922196	 92.910831	 92.899757	 92.888972	 92.878472	 92.868255	 92.858319	 92.848661	 92.839279	  92.83017	 92.821331	 92.812761	 92.804457	 92.796417	 92.788638	 92.781119	 92.773857	 92.766851	 92.760097	 92.753595	 92.747343	 92.741338	 92.735579	 92.730064	 92.724792	 92.719761	 92.714969	 92.710415	 92.706097	 92.702014	 92.698166	  92.69455	 92.691165	 92.688012	 92.685087	 92.682391	 92.679923	 92.677682	 92.675667	 92.673878	 92.672313	 92.670973	 92.669857	 92.668964	 92.668295	 92.667849	 92.667627	
        99	 98.931882	 98.863773	 98.795682	 98.727619	 98.659593	 98.591613	 98.523689	  98.45583	 98.388044	  98.32034	 98.252729	 98.185219	 98.117819	 98.050538	 97.983384	 97.916368	 97.849497	  97.78278	 97.716227	 97.649845	 97.583643	  97.51763	 97.451813	 97.386203	 97.320806	 97.255631	 97.190686	 97.125978	 97.061517	 96.997309	 96.933363	 96.869685	 96.806284	 96.743167	 96.680341	 96.617813	  96.55559	  96.49368	 96.432089	 96.370823	  96.30989	 96.249296	 96.189047	  96.12915	 96.069609	 96.010433	 95.951625	 95.893192	  95.83514	 95.777474	 95.720198	 95.663319	 95.606841	 95.550769	 95.495108	 95.439862	 95.385035	 95.330633	 95.276659	 95.223116	  95.17001	 95.117343	  95.06512	 95.013342	 94.962015	  94.91114	 94.860722	 94.810761	 94.761263	 94.712227	 94.663658	 94.615558	 94.567928	  94.52077	 94.474087	 94.427879	 94.382149	 94.336898	 94.292127	 94.247836	 94.204028	 94.160703	 94.117862	 94.075505	 94.033632	 93.992244	 93.951342	 93.910925	 93.870993	 93.831546	 93.792584	 93.754105	 93.716111	   93.6786	 93.641571	 93.605023	 93.568956	 93.533369	 93.498259	 93.463626	 93.429469	 93.395786	 93.362575	 93.329835	 93.297564	  93.26576	 93.234422	 93.203546	 93.173132	 93.143176	 93.113678	 93.084633	 93.056041	 93.027898	 93.000201	  92.97295	  92.94614	 92.919769	 92.893835	 92.868334	 92.843263	 92.818621	 92.794403	 92.770607	  92.74723	 92.724268	  92.70172	 92.679581	 92.657848	 92.636519	 92.615589	 92.595057	 92.574918	 92.555169	 92.535808	  92.51683	 92.498233	 92.480014	 92.462168	 92.444693	 92.427586	 92.410843	 92.394461	 92.378436	 92.362766	 92.347448	 92.332477	 92.317851	 92.303567	 92.289622	 92.276011	 92.262734	 92.249785	 92.237163	 92.224864	 92.212885	 92.201224	 92.189877	 92.178841	 92.168115	 92.157694	 92.147577	 92.137761	 92.128243	  92.11902	  92.11009	 92.101451	   92.0931	 92.085035	 92.077253	 92.069753	 92.062532	 92.055587	 92.048918	 92.042522	 92.036397	 92.030542	 92.024954	 92.019631	 92.014573	 92.009778	 92.005244	 92.000969	 91.996954	 91.993195	 91.989692	 91.986444	  91.98345	 91.980709	  91.97822	 91.975982	 91.973994	 91.972257	 91.970768	 91.969529	 91.968538	 91.967794	 91.967299	 91.967052	
        99	 98.925105	 98.850221	 98.775357	 98.700523	  98.62573	 98.550988	 98.476307	 98.401697	 98.327167	 98.252729	 98.178392	 98.104166	 98.030061	 97.956087	 97.882254	  97.80857	 97.735047	 97.661694	 97.588519	 97.515534	 97.442746	 97.370166	 97.297803	 97.225666	 97.153763	 97.082104	 97.010699	 96.939554	 96.868681	 96.798085	 96.727778	 96.657766	 96.588058	 96.518662	 96.449586	 96.380837	 96.312425	 96.244356	 96.176638	 96.109278	 96.042284	 95.975662	 95.909419	 95.843563	   95.7781	 95.713037	 95.648379	 95.584133	 95.520306	 95.456903	  95.39393	 95.331393	 95.269296	 95.207646	 95.146448	 95.085706	 95.025426	 94.965612	 94.906268	   94.8474	  94.78901	 94.731104	 94.673686	 94.616758	 94.560324	 94.504389	 94.448954	 94.394024	 94.339601	 94.285688	 94.232288	 94.179402	 94.127034	 94.075185	 94.023858	 93.973054	 93.922775	 93.873022	 93.823797	 93.775101	 93.726935	   93.6793	 93.632197	 93.585626	 93.539588	 93.494083	 93.449112	 93.404674	  93.36077	 93.317398	  93.27456	 93.232254	 93.190481	 93.149238	 93.108525	 93.068342	 93.028687	 92.989559	 92.950957	 92.912879	 92.875324	  92.83829	 92.801776	 92.765779	 92.730297	  92.69533	 92.660874	 92.626927	 92.593487	 92.560551	 92.528118	 92.496184	 92.464747	 92.433805	 92.403354	 92.373391	 92.343914	  92.31492	 92.286406	 92.258368	 92.230804	  92.20371	 92.177083	 92.150919	 92.125217	 92.099971	  92.07518	 92.050838	 92.026943	 92.003492	 91.980481	 91.957906	 91.935763	  91.91405	 91.892763	 91.871897	 91.851451	 91.831418	 91.811798	 91.792584	 91.773775	 91.755367	 91.737355	 91.719736	 91.702508	 91.685665	 91.669205	 91.653124	 91.637419	 91.622087	 91.607123	 91.592524	 91.578287	 91.564409	 91.550887	 91.537716	 91.524895	 91.512419	 91.500286	 91.488493	 91.477036	 91.465912	 91.455119	 91.444654	 91.434514	 91.424696	 91.415197	 91.406016	 91.397148	 91.388592	 91.380346	 91.372406	 91.364771	 91.357439	 91.350406	 91.343672	 91.337234	  91.33109	 91.325238	 91.319677	 91.314405	  91.30942	  91.30472	 91.300305	 91.296172	 91.292321	  91.28875	 91.285458	 91.282444	 91.279707	 91.277246	 91.275061	 91.273151	 91.271514	 91.270152	 91.269062	 91.268245	   91.2677	 91.267428	
        99	 98.918339	 98.836689	 98.755062	 98.673468	 98.591918	 98.510423	 98.428995	 98.347644	 98.266382	 98.185219	 98.104166	 98.023235	 97.942435	 97.861778	 97.781274	 97.700934	 97.620768	 97.540788	 97.461003	 97.381424	  97.30206	 97.222923	 97.144023	 97.065368	  96.98697	 96.908837	 96.830981	 96.753409	 96.676132	 96.599159	   96.5225	 96.446163	 96.370157	 96.294492	 96.219175	 96.144216	 96.069623	 95.995405	 95.921569	 95.848124	 95.775077	 95.702436	 95.630209	 95.558403	 95.487026	 95.416085	 95.345586	 95.275536	 95.205943	 95.136812	 95.068149	 94.999962	 94.932256	 94.865036	 94.798309	  94.73208	 94.666354	 94.601136	 94.536431	 94.472244	  94.40858	 94.345442	 94.282836	 94.220765	 94.159234	 94.098245	 94.037802	  93.97791	  93.91857	 93.859787	 93.801562	 93.743898	 93.686799	 93.630266	 93.574302	 93.518908	 93.464086	 93.409839	 93.356167	 93.303071	 93.250554	 93.198615	 93.147257	 93.096479	 93.046281	 92.996666	 92.947632	 92.899179	 92.851308	 92.804019	 92.757311	 92.711183	 92.665635	 92.620666	 92.576276	 92.532462	 92.489225	 92.446562	 92.404472	 92.362954	 92.322006	 92.281627	 92.241814	 92.202565	 92.163878	 92.125751	 92.088182	 92.051168	 92.014707	 91.978797	 91.943433	 91.908614	 91.874337	 91.840599	 91.807397	 91.774728	 91.742588	 91.710974	 91.679884	 91.649313	 91.619259	 91.589717	 91.560684	 91.532158	 91.504133	 91.476607	 91.449575	 91.423035	 91.396981	 91.371411	 91.346321	 91.321707	 91.297564	 91.273889	 91.250679	 91.227928	 91.205634	 91.183792	 91.162399	  91.14145	 91.120941	  91.10087	 91.081231	  91.06202	 91.043235	 91.024871	 91.006924	 90.989391	 90.972267	 90.955549	 90.939233	 90.923315	 90.907793	 90.892661	 90.877917	 90.863556	 90.849577	 90.835974	 90.822745	 90.809886	 90.797394	 90.785265	 90.773497	 90.762087	  90.75103	 90.740325	 90.729969	 90.719957	 90.710289	  90.70096	 90.691968	 90.683312	 90.674987	 90.666992	 90.659324	 90.651982	 90.644962	 90.638263	 90.631883	 90.625819	  90.62007	 90.614635	 90.609511	 90.604696	  90.60019	 90.595991	 90.592097	 90.588508	 90.585222	 90.582238	 90.579555	 90.577172	 90.575089	 90.573305	 90.571819	 90.570631	  90.56974	 90.569146	 90.568849	
        99	 98.911584	  98.82318	   98.7348	 98.646456	  98.55816	 98.469925	 98.381761	  98.29368	 98.205696	 98.117819	 98.030061	 97.942435	 97.854951	 97.767622	 97.680459	 97.593473	 97.506676	 97.420079	 97.333694	 97.247532	 97.161604	  97.07592	 96.990493	 96.905332	 96.820448	 96.735852	 96.651555	 96.567567	 96.483898	 96.400557	 96.317557	 96.234905	 96.152612	 96.070687	  95.98914	 95.907981	 95.827217	 95.746859	 95.666915	 95.587395	 95.508305	 95.429655	 95.351454	 95.273708	 95.196427	 95.119617	 95.043286	 94.967442	 94.892091	 94.817242	   94.7429	 94.669072	 94.595765	 94.522985	 94.450738	  94.37903	 94.307867	 94.237254	 94.167196	   94.0977	 94.028769	 93.960409	 93.892624	 93.825418	 93.758797	 93.692763	  93.62732	 93.562473	 93.498225	 93.434579	 93.371537	 93.309104	 93.247281	 93.186072	 93.125478	 93.065502	 93.006145	  92.94741	 92.889298	 92.831811	 92.774949	 92.718714	 92.663107	 92.608128	 92.553779	 92.500059	 92.446969	 92.394508	 92.342677	 92.291476	 92.240904	  92.19096	 92.141645	 92.092956	 92.044893	 91.997456	 91.950641	 91.904449	 91.858878	 91.813926	 91.769591	 91.725871	 91.682764	 91.640268	 91.598381	 91.557101	 91.516424	 91.476348	 91.436871	  91.39799	 91.359701	 91.322002	  91.28489	 91.248361	 91.212412	  91.17704	 91.142241	 91.108013	  91.07435	 91.041251	  91.00871	 90.976725	 90.945291	 90.914404	 90.884061	 90.854258	  90.82499	 90.796254	 90.768046	 90.740361	 90.713195	 90.686544	 90.660404	 90.634771	  90.60964	 90.585008	  90.56087	 90.537221	 90.514058	 90.491376	 90.469171	 90.447439	 90.426175	 90.405376	 90.385037	 90.365154	 90.345722	 90.326738	 90.308198	 90.290097	 90.272431	 90.255197	  90.23839	 90.222007	 90.206043	 90.190495	 90.175359	 90.160631	 90.146307	 90.132384	 90.118859	 90.105727	 90.092986	 90.080631	  90.06866	  90.05707	 90.045856	 90.035017	 90.024549	 90.014448	 90.004713	  89.99534	 89.986327	  89.97767	 89.969368	 89.961418	 89.953818	 89.946565	 89.939656	 89.933091	 89.926867	 89.920982	 89.915434	 89.910221	 89.905342	 89.900796	  89.89658	 89.892694	 89.889136	 89.885905	    89.883	 89.880421	 89.878165	 89.876233	 89.874624	 89.873338	 89.872373	 89.871731	 89.871409	
        99	 98.904841	 98.809695	 98.714574	 98.619493	 98.524463	 98.429497	 98.334609	 98.239812	 98.145117	 98.050538	 97.956087	 97.861778	 97.767622	 97.673632	 97.579821	 97.486201	 97.392785	 97.299584	  97.20661	 97.113877	 97.021395	 96.929177	 96.837234	 96.745578	  96.65422	 96.563173	 96.472447	 96.382053	 96.292002	 96.202306	 96.112975	 96.024019	  95.93545	 95.847277	 95.759511	 95.672162	 95.585239	 95.498752	 95.412711	 95.327126	 95.242004	 95.157356	  95.07319	 94.989515	  94.90634	 94.823672	  94.74152	 94.659891	 94.578794	 94.498236	 94.418224	 94.338765	 94.259867	 94.181537	  94.10378	 94.026603	 93.950012	 93.874014	 93.798613	 93.723817	 93.649629	 93.576055	   93.5031	 93.430769	 93.359066	 93.287996	 93.217563	  93.14777	 93.078622	 93.010121	 92.942272	 92.875077	 92.808539	 92.742662	 92.677447	 92.612896	 92.549013	 92.485798	 92.423254	 92.361382	 92.300184	  92.23966	 92.179812	  92.12064	 92.062146	 92.004329	 91.947189	 91.890728	 91.834944	 91.779838	 91.725409	 91.671656	 91.618579	 91.566177	 91.514449	 91.463393	 91.413009	 91.363294	 91.314247	 91.265866	  91.21815	 91.171095	 91.124701	 91.078964	 91.033883	 90.989454	 90.945675	 90.902543	 90.860055	 90.818208	 90.776999	 90.736425	 90.696482	 90.657167	 90.618477	 90.580407	 90.542955	 90.506115	 90.469886	 90.434262	 90.399239	 90.364814	 90.330983	 90.297741	 90.265084	 90.233007	 90.201508	  90.17058	  90.14022	 90.110424	 90.081186	 90.052503	 90.024369	 89.996781	 89.969734	 89.943223	 89.917243	 89.891791	 89.866862	  89.84245	 89.818551	 89.795162	 89.772277	 89.749891	 89.728001	 89.706601	 89.685687	 89.665256	 89.645301	  89.62582	 89.606807	 89.588258	  89.57017	 89.552537	 89.535355	 89.518621	 89.502331	 89.486479	 89.471063	 89.456079	 89.441522	 89.427389	 89.413676	 89.400379	 89.387495	  89.37502	 89.362952	 89.351286	 89.340019	 89.329148	  89.31867	 89.308582	 89.298882	 89.289565	  89.28063	 89.272074	 89.263894	 89.256087	 89.248652	 89.241586	 89.234887	 89.228553	 89.222582	 89.216972	 89.211721	 89.206828	 89.202291	 89.198108	 89.194279	 89.190801	 89.187675	 89.184899	 89.182471	 89.180392	  89.17866	 89.177276	 89.176238	 89.175546	   89.1752	
        99	  98.89811	 98.796235	 98.694387	  98.59258	 98.490829	 98.389147	 98.287548	 98.186045	 98.084653	 97.983384	 97.882254	 97.781274	 97.680459	 97.579821	 97.479375	 97.379134	  97.27911	 97.179317	 97.079768	 96.980475	 96.881453	 96.782712	 96.684266	 96.586128	 96.488309	 96.390822	 96.293679	 96.196891	 96.100472	 96.004431	 95.908782	 95.813535	 95.718702	 95.624292	 95.530319	 95.436791	 95.343721	 95.251117	 95.158991	 95.067352	  94.97621	 94.885575	 94.795456	 94.705863	 94.616804	  94.52829	 94.440327	 94.352925	 94.266092	 94.179836	 94.094165	 94.009087	 93.924609	 93.840738	 93.757481	 93.674846	 93.592838	 93.511464	 93.430731	 93.350644	 93.271209	 93.192432	 93.114317	  93.03687	 92.960096	 92.883999	 92.808584	 92.733855	 92.659816	 92.586471	 92.513823	 92.441875	 92.370631	 92.300094	 92.230267	 92.161151	 92.092749	 92.025063	 91.958096	 91.891848	 91.826321	 91.761516	 91.697435	 91.634079	 91.571447	 91.509541	  91.44836	 91.387905	 91.328176	 91.269172	 91.210893	 91.153339	 91.096508	   91.0404	 90.985013	 90.930346	 90.876398	 90.823167	 90.770651	 90.718848	 90.667757	 90.617375	 90.567699	 90.518727	 90.470457	 90.422886	 90.376011	 90.329828	 90.284335	 90.239528	 90.195405	 90.151961	 90.109193	 90.067098	 90.025671	 89.984908	 89.944807	 89.905362	  89.86657	 89.828426	 89.790927	 89.754067	 89.717843	  89.68225	 89.647283	 89.612938	  89.57921	 89.546095	 89.513588	 89.481684	 89.450378	 89.419666	 89.389543	 89.360004	 89.331044	 89.302657	 89.274841	 89.247588	 89.220895	 89.194757	 89.169168	 89.144124	 89.119621	 89.095652	 89.072213	   89.0493	 89.026907	  89.00503	 88.983665	 88.962805	 88.942448	 88.922587	 88.903219	 88.884339	 88.865942	 88.848025	 88.830582	  88.81361	 88.797103	 88.781059	 88.765472	  88.75034	 88.735657	 88.721419	 88.707624	 88.694267	 88.681345	 88.668854	  88.65679	 88.645151	 88.633932	  88.62313	 88.612744	 88.602768	 88.593201	 88.584039	 88.575281	 88.566922	 88.558962	 88.551396	 88.544223	 88.537441	 88.531048	 88.525041	 88.519418	 88.514179	 88.509321	 88.504842	 88.500742	 88.497019	 88.493672	 88.490699	   88.4881	 88.485873	 88.484019	 88.482537	 88.481425	 88.480684	 88.480314	
        99	 98.891394	 98.782802	  98.67424	 98.565723	 98.457264	 98.348879	 98.240582	 98.132388	 98.024312	 97.916368	  97.80857	 97.700934	 97.593473	 97.486201	 97.379134	 97.272284	 97.165667	 97.059295	 96.953184	 96.847346	 96.741795	 96.636546	  96.53161	 96.427002	 96.322735	 96.218821	 96.115274	 96.012107	 95.909331	  95.80696	 95.705005	 95.603479	 95.502394	 95.401762	 95.301593	   95.2019	 95.102694	 95.003986	 94.905787	 94.808107	 94.710957	 94.614347	 94.518287	 94.422788	 94.327859	 94.233509	 94.139748	 94.046584	 93.954027	 93.862085	 93.770766	  93.68008	 93.590032	 93.500633	 93.411888	 93.323805	 93.236391	 93.149653	 93.063598	 92.978232	  92.89356	 92.809589	 92.726325	 92.643773	 92.561938	 92.480825	 92.400438	 92.320783	 92.241863	 92.163683	 92.086246	 92.009555	 91.933615	 91.858428	 91.783997	 91.710325	 91.637414	 91.565267	 91.493885	 91.423269	 91.353423	 91.284347	 91.216041	 91.148508	 91.081747	  91.01576	 90.950546	 90.886106	  90.82244	 90.759546	 90.697426	 90.636077	   90.5755	 90.515693	 90.456655	 90.398384	  90.34088	  90.28414	 90.228162	 90.172945	 90.118485	 90.064782	 90.011831	 89.959631	 89.908179	 89.857472	 89.807506	 89.758279	 89.709787	 89.662027	 89.614995	 89.568687	   89.5231	  89.47823	 89.434072	 89.390622	 89.347877	 89.305832	 89.264483	 89.223825	 89.183853	 89.144564	 89.105952	 89.068012	  89.03074	 88.994131	  88.95818	 88.922882	 88.888232	 88.854225	 88.820855	 88.788119	  88.75601	 88.724523	 88.693654	 88.663397	 88.633746	 88.604697	 88.576245	 88.548383	 88.521108	 88.494413	 88.468294	 88.442745	 88.417761	 88.393337	 88.369468	 88.346149	 88.323375	 88.301141	 88.279441	 88.258271	 88.237627	 88.217502	 88.197893	 88.178794	 88.160201	  88.14211	 88.124516	 88.107414	   88.0908	 88.074669	 88.059018	 88.043843	 88.029138	 88.014901	 88.001126	 87.987812	 87.974953	 87.962546	 87.950588	 87.939074	 87.928003	  87.91737	 87.907172	 87.897406	  87.88807	 87.879161	 87.870675	 87.862611	 87.854965	 87.847736	 87.840921	 87.834518	 87.828525	 87.822941	 87.817762	 87.812989	 87.808618	 87.804649	 87.801081	 87.797912	 87.795142	 87.792769	 87.790793	 87.789212	 87.788028	 87.787238	 87.786843	
        99	 98.884692	 98.769399	 98.654138	 98.538923	 98.423772	 98.308698	 98.193718	 98.078848	 97.964102	 97.849497	 97.735047	 97.620768	 97.506676	 97.392785	  97.27911	 97.165667	  97.05247	 96.939534	 96.826875	 96.714506	 96.602441	 96.490697	 96.379286	 96.268222	 96.157521	 96.047195	 95.937258	 95.827724	 95.718606	 95.609917	 95.501671	  95.39388	 95.286557	 95.179714	 95.073364	 94.967519	 94.862191	 94.757392	 94.653132	 94.549425	 94.446279	 94.343708	 94.241721	 94.140328	 94.039541	 93.939368	 93.839821	 93.740908	  93.64264	 93.545024	  93.44807	 93.351787	 93.256183	 93.161266	 93.067045	 92.973526	 92.880718	 92.788628	 92.697262	 92.606628	 92.516731	 92.427579	 92.339177	  92.25153	 92.164645	 92.078526	 91.993179	 91.908608	 91.824818	 91.741813	 91.659598	 91.578175	 91.497548	 91.417721	 91.338697	 91.260479	 91.183069	 91.106469	 91.030682	 90.955709	 90.881552	 90.808213	 90.735693	 90.663992	 90.593112	 90.523052	 90.453814	 90.385397	 90.317802	 90.251027	 90.185073	 90.119939	 90.055624	 89.992126	 89.929445	 89.867578	 89.806525	 89.746284	 89.686851	 89.628226	 89.570406	 89.513389	 89.457171	  89.40175	 89.347123	 89.293286	 89.240237	 89.187972	 89.136488	  89.08578	 89.035846	  88.98668	  88.93828	 88.890641	 88.843758	 88.797627	 88.752244	 88.707605	 88.663704	 88.620537	 88.578098	 88.536384	 88.495389	 88.455108	 88.415536	 88.376668	 88.338499	 88.301022	 88.264234	 88.228128	   88.1927	 88.157943	 88.123853	 88.090423	 88.057649	 88.025524	 87.994044	 87.963202	 87.932994	 87.903413	 87.874455	 87.846112	 87.818381	 87.791256	  87.76473	 87.738799	 87.713458	   87.6887	  87.66452	 87.640914	 87.617875	 87.595399	  87.57348	 87.552113	 87.531294	 87.511017	 87.491277	 87.472069	 87.453389	 87.435231	 87.417592	 87.400466	  87.38385	 87.367737	 87.352125	 87.337009	 87.322385	 87.308249	 87.294597	 87.281424	 87.268728	 87.256504	 87.244749	  87.23346	 87.222633	 87.212265	 87.202353	 87.192893	 87.183884	 87.175322	 87.167205	 87.159529	 87.152294	 87.145496	 87.139133	 87.133204	 87.127706	 87.122637	 87.117997	 87.113784	 87.109995	 87.106631	  87.10369	  87.10117	 87.099072	 87.097394	 87.096136	 87.095298	 87.094879	
