Time step 82:
        99	        99	        99	        99	        99	        99	        99	        99	        99	        99	        99	        99	        99	        99	        99	        99	        99	        99	        99	        99	        99	        99	        99	        99	        99	        99	        99	        99	        99	        99	        99	        99	        99	        99	        99	        99	        99	        99	        99	        99	        99	        99	        99	        99	        99	        99	        99	        99	        99	        99	        99	        99	        99	        99	        99	        99	        99	        99	        99	        99	        99	        99	        99	        99	        99	        99	        99	        99	        99	        99	        99	        99	        99	        99	        99	        99	        99	        99	        99	        99	        99	        99	        99	        99	        99	        99	        99	        99	        99	        99	        99	        99	        99	        99	        99	        99	        99	        99	        99	        99	        99	        99	        99	        99	        99	        99	        99	        99	        99	        99	        99	        99	        99	        99	        99	        99	        99	        99	        99	        99	        99	        99	        99	        99	        99	        99	        99	        99	        99	        99	        99	        99	        99	        99	        99	        99	        99	        99	        99	        99	        99	        99	        99	        99	        99	        99	        99	        99	        99	        99	        99	        99	        99	        99	        99	        99	        99	        99	        99	        99	        99	        99	        99	        99	        99	        99	        99	        99	        99	        99	        99	        99	        99	        99	        99	        99	        99	        99	        99	        99	        99	        99	        99	        99	        99	        99	        99	        99	        99	        99	        99	        99	        99	        99	        99	        99	        99	        99	        99	        99	
        99	 98.992257	 98.984514	 98.976775	 98.969038	 98.961307	 98.953581	 98.945863	 98.938153	 98.930452	 98.922762	 98.915084	 98.907419	 98.899768	 98.892133	 98.884514	 98.876912	 98.869329	 98.861766	 98.854224	 98.846704	 98.839207	 98.831734	 98.824287	 98.816866	 98.809472	 98.802107	 98.794771	 98.787465	 98.780191	  98.77295	 98.765742	 98.758568	 98.751429	 98.744327	 98.737261	 98.730234	 98.723246	 98.716297	 98.709389	 98.702522	 98.695698	 98.688916	 98.682178	 98.675485	 98.668837	 98.662235	 98.655679	 98.649171	  98.64271	 98.636299	 98.629936	 98.623624	 98.617361	  98.61115	  98.60499	 98.598882	 98.592827	 98.586824	 98.580876	  98.57498	  98.56914	 98.563353	 98.557622	 98.551947	 98.546327	 98.540763	 98.535255	 98.529804	  98.52441	 98.519073	 98.513794	 98.508572	 98.503407	 98.498301	 98.493252	 98.488262	  98.48333	 98.478456	  98.47364	 98.468883	 98.464184	 98.459544	 98.454962	 98.450439	 98.445974	 98.441567	 98.437218	 98.432928	 98.428695	 98.424521	 98.420404	 98.416345	 98.412343	 98.408399	 98.404511	 98.400681	 98.396907	 98.393189	 98.389527	 98.385922	 98.382372	 98.378877	 98.375437	 98.372052	 98.368721	 98.365444	 98.362221	 98.359051	 98.355935	 98.352871	 98.349859	 98.346898	  98.34399	 98.341132	 98.338325	 98.335568	 98.332861	 98.330204	 98.327595	 98.325035	 98.322523	 98.320058	 98.317641	  98.31527	 98.312945	 98.310667	 98.308433	 98.306245	   98.3041	    98.302	 98.299943	 98.297929	 98.295958	 98.294028	  98.29214	 98.290293	 98.288487	  98.28672	 98.284994	 98.283306	 98.281657	 98.280047	 98.278474	 98.276938	 98.275439	 98.273977	  98.27255	 98.271159	 98.269803	 98.268482	 98.267194	 98.265941	 98.264721	 98.263533	 98.262378	 98.261255	 98.260164	 98.259104	 98.258075	 98.257076	 98.256107	 98.255168	 98.254259	 98.253378	 98.252526	 98.251703	 98.250907	 98.250139	 98.249398	 98.248685	 98.247998	 98.247337	 98.246703	 98.246094	 98.245511	 98.244954	 98.244422	 98.243914	 98.243431	 98.242973	 98.242539	 98.242128	 98.241742	 98.241379	  98.24104	 98.240724	 98.240432	 98.240162	 98.239915	 98.239691	  98.23949	 98.239311	 98.239155	 98.239022	  98.23891	 98.238821	 98.238755	  98.23871	 98.238688	
        99	 98.984514	 98.969031	 98.953553	 98.938081	  98.92262	  98.90717	 98.891734	 98.876315	 98.860915	 98.845537	 98.830182	 98.814853	 98.799552	 98.784282	 98.769045	 98.753843	 98.738678	 98.723553	  98.70847	 98.693431	 98.678439	 98.663494	 98.648601	 98.633759	 98.618973	 98.604244	 98.589573	 98.574963	 98.560416	 98.545934	 98.531519	 98.517173	 98.502897	 98.488693	 98.474563	  98.46051	 98.446534	 98.432638	 98.418823	  98.40509	 98.391442	  98.37788	 98.364405	  98.35102	 98.337725	 98.324521	 98.311411	 98.298396	 98.285476	 98.272654	  98.25993	 98.247305	 98.234782	  98.22236	 98.210041	 98.197826	 98.185716	 98.173713	 98.161816	 98.150026	 98.138346	 98.126774	 98.115313	 98.103962	 98.092723	 98.081596	 98.070582	 98.059681	 98.048894	 98.038221	 98.027663	 98.017219	 98.006891	 97.996679	 97.986583	 97.976603	 97.966739	 97.956992	 97.947362	 97.937848	 97.928451	 97.919171	 97.910008	 97.900962	 97.892033	  97.88322	 97.874523	 97.865943	 97.857479	  97.84913	 97.840898	  97.83278	 97.824777	 97.816888	 97.809114	 97.801453	 97.793906	 97.786471	 97.779149	 97.771938	 97.764838	 97.757849	  97.75097	   97.7442	 97.737539	 97.730986	 97.724541	 97.718202	 97.711969	 97.705841	 97.699817	 97.693897	 97.688081	 97.682366	 97.676752	 97.671239	 97.665825	 97.660511	 97.655294	 97.650173	  97.64515	 97.640221	 97.635386	 97.630645	 97.625997	 97.621439	 97.616973	 97.612596	 97.608308	 97.604108	 97.599994	 97.595966	 97.592024	 97.588165	 97.584389	 97.580695	 97.577083	  97.57355	 97.570097	 97.566723	 97.563425	 97.560204	 97.557058	 97.553987	  97.55099	 97.548065	 97.545213	 97.542431	 97.539719	 97.537076	 97.534502	 97.531995	 97.529554	  97.52718	  97.52487	 97.522624	 97.520442	 97.518322	 97.516263	 97.514266	 97.512329	 97.510451	 97.508632	 97.506871	 97.505167	  97.50352	 97.501929	 97.500393	 97.498912	 97.497485	 97.496111	  97.49479	 97.493522	 97.492305	 97.491139	 97.490024	  97.48896	 97.487945	 97.486979	 97.486062	 97.485194	 97.484373	 97.483601	 97.482875	 97.482197	 97.481565	  97.48098	 97.480441	 97.479947	   97.4795	 97.479097	  97.47874	 97.478428	  97.47816	 97.477938	  97.47776	 97.477626	 97.477538	 97.477493	
        99	 98.976775	 98.953553	 98.930338	 98.907134	 98.883944	 98.860773	 98.837622	 98.814497	   98.7914	 98.768335	 98.745305	 98.722315	 98.699367	 98.676465	 98.653612	 98.630812	 98.608068	 98.585383	 98.562762	 98.540206	  98.51772	 98.495306	 98.472968	  98.45071	 98.428533	 98.406442	 98.384439	 98.362527	 98.340709	 98.318989	 98.297369	 98.275852	  98.25444	 98.233138	 98.211946	 98.190869	 98.169908	 98.149066	 98.128346	  98.10775	  98.08728	  98.06694	  98.04673	 98.026655	 98.006714	 97.986912	 97.967249	 97.947728	 97.928351	  97.90912	 97.890037	 97.871103	  97.85232	 97.833689	 97.815214	 97.796894	 97.778731	 97.760728	 97.742885	 97.725203	 97.707684	 97.690329	  97.67314	 97.656116	  97.63926	 97.622571	 97.606052	 97.589703	 97.573524	 97.557516	 97.541681	 97.526018	 97.510528	 97.495212	 97.480069	 97.465101	 97.450307	 97.435689	 97.421245	 97.406977	 97.392883	 97.378965	 97.365223	 97.351655	 97.338262	 97.325045	 97.312002	 97.299133	 97.286438	 97.273917	 97.261569	 97.249394	 97.237392	  97.22556	   97.2139	 97.202411	 97.191091	 97.179941	 97.168958	 97.158143	 97.147495	 97.137013	 97.126696	 97.116542	 97.106552	 97.096724	 97.087056	 97.077549	 97.068201	  97.05901	 97.049976	 97.041098	 97.032373	 97.023802	 97.015383	 97.007114	 96.998995	 96.991024	 96.983199	  96.97552	 96.967985	 96.960593	 96.953342	 96.946231	 96.939259	 96.932424	 96.925726	 96.919161	  96.91273	  96.90643	  96.90026	  96.89422	 96.888306	 96.882519	 96.876856	 96.871316	 96.865898	   96.8606	 96.855421	  96.85036	 96.845414	 96.840583	 96.835865	 96.831259	 96.826764	 96.822377	 96.818099	 96.813926	 96.809859	 96.805896	 96.802035	 96.798275	 96.794614	 96.791053	 96.787589	 96.784221	 96.780947	 96.777768	 96.774681	 96.771685	  96.76878	 96.765964	 96.763235	 96.760594	 96.758039	 96.755569	 96.753182	 96.750878	 96.748657	 96.746516	 96.744456	 96.742475	 96.740572	 96.738747	 96.736999	 96.735327	  96.73373	 96.732208	  96.73076	 96.729385	 96.728082	 96.726852	 96.725693	 96.724605	 96.723588	  96.72264	 96.721762	 96.720954	 96.720214	 96.719542	 96.718938	 96.718403	 96.717934	 96.717533	   96.7172	 96.716933	 96.716733	 96.716599	 96.716533	
        99	 98.969038	 98.938081	 98.907134	 98.876201	 98.845287	 98.814397	 98.783535	 98.752707	 98.721916	 98.691169	 98.660468	  98.62982	 98.599228	 98.568697	 98.538232	 98.507837	 98.477518	 98.447277	  98.41712	 98.387051	 98.357075	 98.327196	 98.297417	 98.267744	 98.238181	 98.208731	 98.179399	 98.150188	 98.121104	 98.092148	 98.063327	 98.034642	 98.006099	 97.977701	  97.94945	 97.921352	 97.893409	 97.865625	 97.838003	 97.810547	 97.783259	 97.756143	 97.729202	 97.702439	 97.675857	 97.649458	 97.623246	 97.597223	 97.571392	 97.545755	 97.520315	 97.495074	 97.470034	 97.445199	 97.420569	 97.396147	 97.371934	 97.347934	 97.324147	 97.300576	 97.277222	 97.254086	 97.231171	 97.208477	 97.186005	 97.163758	 97.141737	 97.119941	 97.098374	 97.077034	 97.055924	 97.035044	 97.014394	 96.993976	  96.97379	 96.953836	 96.934114	 96.914626	 96.895372	  96.87635	 96.857563	 96.839009	 96.820688	 96.802601	 96.784748	 96.767127	  96.74974	 96.732585	 96.715661	  96.69897	 96.682509	 96.666278	 96.650278	 96.634506	 96.618962	 96.603645	 96.588555	  96.57369	 96.559049	 96.544632	 96.530437	 96.516463	 96.502709	 96.489174	 96.475856	 96.462754	 96.449867	 96.437193	  96.42473	 96.412478	 96.400435	 96.388599	 96.376969	 96.365543	 96.354319	 96.343296	 96.332472	 96.321846	 96.311415	 96.301178	 96.291133	 96.281279	 96.271613	 96.262134	 96.252839	 96.243728	 96.234798	 96.226046	 96.217473	 96.209075	  96.20085	 96.192797	 96.184914	 96.177199	  96.16965	 96.162265	 96.155042	 96.147979	 96.141075	 96.134328	 96.127735	 96.121295	 96.115005	 96.108865	 96.102872	 96.097025	 96.091321	 96.085759	 96.080337	 96.075053	 96.069906	 96.064893	 96.060014	 96.055266	 96.050648	 96.046158	 96.041795	 96.037556	 96.033441	 96.029447	 96.025574	  96.02182	 96.018183	 96.014662	 96.011255	 96.007962	 96.004781	  96.00171	 95.998748	 95.995895	 95.993148	 95.990507	 95.987971	 95.985538	 95.983207	 95.980978	  95.97885	  95.97682	  95.97489	 95.973057	  95.97132	  95.96968	 95.968135	 95.966685	 95.965329	 95.964066	 95.962896	 95.961817	 95.960831	 95.959935	 95.959131	 95.958417	 95.957792	 95.957258	 95.956813	 95.956457	  95.95619	 95.956013	 95.955924	
        99	 98.961307	  98.92262	 98.883944	 98.845287	 98.806654	  98.76805	 98.729482	 98.690955	 98.652476	  98.61405	 98.575683	 98.537381	  98.49915	 98.460996	 98.422923	 98.384939	 98.347048	 98.309256	 98.271568	 98.233991	  98.19653	 98.159189	 98.121975	 98.084892	 98.047946	 98.011142	 97.974485	 97.937981	 97.901633	 97.865448	 97.829429	 97.793582	 97.757911	 97.722421	 97.687116	 97.652002	 97.617081	 97.582359	  97.54784	 97.513527	 97.479425	 97.445538	  97.41187	 97.378423	 97.345203	 97.312213	 97.279455	 97.246934	 97.214652	 97.182613	 97.150821	 97.119277	 97.087984	 97.056947	 97.026167	 96.995646	 96.965388	 96.935394	 96.905668	 96.876211	 96.847024	 96.818112	 96.789474	 96.761113	  96.73303	 96.705228	 96.677707	 96.650469	 96.623516	 96.596848	 96.570466	 96.544372	 96.518566	 96.493049	 96.467822	 96.442885	 96.418239	 96.393885	 96.369822	 96.346051	 96.322572	 96.299384	 96.276489	 96.253886	 96.231574	 96.209554	 96.187824	 96.166385	 96.145236	 96.124376	 96.103805	 96.083522	 96.063525	 96.043815	 96.024389	 96.005248	 95.986389	 95.967813	 95.949516	 95.931499	 95.913759	 95.896296	 95.879108	 95.862192	 95.845549	 95.829175	 95.813069	 95.797231	 95.781656	 95.766345	 95.751294	 95.736503	 95.721968	 95.707689	 95.693663	 95.679887	  95.66636	  95.65308	 95.640045	 95.627252	 95.614699	 95.602383	 95.590304	 95.578457	 95.566842	 95.555455	 95.544295	 95.533359	 95.522644	 95.512149	 95.501871	 95.491807	 95.481955	 95.472314	 95.462879	  95.45365	 95.444624	 95.435797	 95.427169	 95.418737	 95.410497	 95.402449	 95.394589	 95.386916	 95.379427	 95.372119	 95.364991	  95.35804	 95.351264	 95.344661	 95.338228	 95.331964	 95.325866	 95.319933	 95.314161	  95.30855	 95.303097	   95.2978	 95.292657	 95.287666	 95.282826	 95.278134	 95.273589	 95.269189	 95.264932	 95.260816	 95.256841	 95.253003	 95.249302	 95.245736	 95.242303	 95.239003	 95.235833	 95.232793	  95.22988	 95.227094	 95.224434	 95.221898	 95.219485	 95.217194	 95.215025	 95.212975	 95.211044	 95.209232	 95.207537	 95.205959	 95.204496	 95.203149	 95.201916	 95.200797	 95.199791	 95.198899	 95.198119	 95.197451	 95.196894	  95.19645	 95.196117	 95.195895	 95.195784	
        99	 98.953581	  98.90717	 98.860773	 98.814397	  98.76805	 98.721738	 98.675469	 98.629251	 98.583089	 98.536991	 98.490964	 98.445014	  98.39915	 98.353377	 98.307703	 98.262135	 98.216678	 98.171341	 98.126129	 98.081049	 98.036108	 97.991311	 97.946667	  97.90218	 97.857858	 97.813705	  97.76973	 97.725936	 97.682332	 97.638921	 97.595711	 97.552707	 97.509914	 97.467338	 97.424984	 97.382858	 97.340965	 97.299311	 97.257899	 97.216736	 97.175825	 97.135172	 97.094781	 97.054657	 97.014804	 96.975227	 96.935929	 96.896914	 96.858187	 96.819751	 96.781611	 96.743769	 96.706229	 96.668994	 96.632068	 96.595454	 96.559154	 96.523172	 96.487511	 96.452172	 96.417158	 96.382473	 96.348117	 96.314093	 96.280404	 96.247051	 96.214035	 96.181359	 96.149024	 96.117031	 96.085382	 96.054077	 96.023119	 95.992507	 95.962243	 95.932328	 95.902761	 95.873544	 95.844677	 95.816159	 95.787992	 95.760176	 95.732709	 95.705593	 95.678826	 95.652409	 95.626341	 95.600622	  95.57525	 95.550225	 95.525547	 95.501213	 95.477224	 95.453579	 95.430275	 95.407312	 95.384688	 95.362402	 95.340452	 95.318838	 95.297556	 95.276606	 95.255986	 95.235693	 95.215726	 95.196084	 95.176762	 95.157761	 95.139077	 95.120709	 95.102653	 95.084908	 95.067472	 95.050342	 95.033515	 95.016989	 95.000761	  94.98483	 94.969192	 94.953844	 94.938785	  94.92401	 94.909519	 94.895307	 94.881373	 94.867713	 94.854324	 94.841204	  94.82835	  94.81576	 94.803429	 94.791356	 94.779537	 94.767971	 94.756653	 94.745581	 94.734752	 94.724164	 94.713813	 94.703697	 94.693812	 94.684157	 94.674728	 94.665523	 94.656538	 94.647771	  94.63922	 94.630881	 94.622752	  94.61483	 94.607113	 94.599599	 94.592283	 94.585165	 94.578242	  94.57151	 94.564968	 94.558613	 94.552444	 94.546457	  94.54065	 94.535021	 94.529569	  94.52429	 94.519183	 94.514246	 94.509476	 94.504872	 94.500432	 94.496154	 94.492036	 94.488077	 94.484274	 94.480627	 94.477133	 94.473791	 94.470599	 94.467557	 94.464662	 94.461914	 94.459311	 94.456852	 94.454536	 94.452362	 94.450328	 94.448435	  94.44668	 94.445064	 94.443585	 94.442243	 94.441036	 94.439965	  94.43903	 94.438228	 94.437561	 94.437028	 94.436628	 94.436361	 94.436228	
        99	 98.945863	 98.891734	 98.837622	 98.783535	 98.729482	 98.675469	 98.621507	 98.567603	 98.513766	 98.460002	 98.406322	 98.352733	 98.299242	 98.245858	  98.19259	 98.139444	 98.086429	 98.033553	 97.980823	 97.928248	 97.875834	 97.823589	 97.771521	 97.719637	 97.667945	 97.616451	 97.565163	 97.514088	 97.463233	 97.412604	 97.362209	 97.312054	 97.262145	  97.21249	 97.163094	 97.113964	 97.065105	 97.016524	 96.968227	 96.920218	 96.872505	 96.825093	 96.777986	  96.73119	  96.68471	 96.638552	 96.592719	 96.547218	 96.502051	 96.457225	 96.412742	 96.368608	 96.324826	   96.2814	 96.238334	 96.195631	 96.153296	 96.111331	 96.069739	 96.028525	 95.987689	 95.947236	 95.907168	 95.867487	 95.828196	 95.789296	 95.750791	 95.712681	  95.67497	 95.637657	 95.600746	 95.564236	  95.52813	 95.492428	 95.457132	 95.422242	 95.387759	 95.353684	 95.320017	 95.286758	 95.253907	 95.221465	 95.189432	 95.157806	 95.126589	 95.095779	 95.065377	 95.035381	  95.00579	 94.976604	 94.947822	 94.919443	 94.891465	 94.863888	 94.836709	 94.809927	 94.783542	  94.75755	 94.731951	 94.706742	 94.681922	 94.657489	  94.63344	 94.609773	 94.586486	 94.563577	 94.541043	 94.518882	 94.497092	 94.475669	 94.454611	 94.433916	  94.41358	 94.393601	 94.373976	 94.354703	 94.335777	 94.317196	 94.298958	 94.281058	 94.263495	 94.246264	 94.229363	 94.212788	 94.196537	 94.180605	  94.16499	 94.149689	 94.134698	 94.120014	 94.105633	 94.091552	 94.077768	 94.064278	 94.051079	 94.038166	 94.025536	 94.013187	 94.001115	 93.989317	 93.977789	 93.966528	 93.955532	 93.944795	 93.934317	 93.924092	 93.914119	 93.904393	 93.894913	 93.885674	 93.876674	  93.86791	 93.859378	 93.851076	 93.843002	 93.835151	 93.827521	  93.82011	 93.812914	 93.805932	 93.799159	 93.792595	 93.786236	 93.780079	 93.774123	 93.768365	 93.762802	 93.757432	 93.752254	 93.747265	 93.742462	 93.737844	 93.733409	 93.729155	  93.72508	 93.721183	 93.717461	 93.713912	 93.710537	 93.707331	 93.704296	 93.701428	 93.698727	 93.696191	 93.693819	 93.691611	 93.689565	 93.687679	 93.685954	 93.684389	 93.682982	 93.681733	 93.680642	 93.679707	 93.678929	 93.678307	 93.677841	  93.67753	 93.677375	
        99	 98.938153	 98.876315	 98.814497	 98.752707	 98.690955	 98.629251	 98.567603	 98.506022	 98.444517	 98.383097	 98.321772	  98.26055	 98.199442	 98.138455	   98.0776	 98.016886	 97.956321	 97.895914	 97.835675	 97.775611	 97.715733	 97.656047	 97.596564	 97.537291	 97.478236	 97.419409	 97.360817	 97.302468	  97.24437	 97.186531	 97.128959	  97.07166	 97.014644	 96.957917	 96.901486	 96.845359	 96.789542	 96.734042	 96.678866	 96.624021	 96.569513	 96.515347	 96.461532	 96.408071	 96.354972	  96.30224	  96.24988	 96.197898	 96.146299	 96.095088	 96.044271	 95.993851	 95.943834	 95.894223	 95.845024	  95.79624	 95.747875	 95.699933	 95.652419	 95.605334	 95.558683	 95.512468	 95.466694	 95.421362	 95.376475	 95.332035	 95.288046	 95.244509	 95.201427	   95.1588	 95.116632	 95.074922	 95.033674	 94.992888	 94.952565	 94.912706	 94.873312	 94.834384	 94.795922	 94.757926	 94.720397	 94.683335	 94.646739	  94.61061	 94.574947	 94.539749	 94.505017	 94.470749	 94.436944	 94.403602	 94.370721	 94.338299	 94.306337	 94.274832	 94.243783	 94.213187	 94.183044	  94.15335	 94.124105	 94.095307	 94.066952	 94.039038	 94.011564	 93.984527	 93.957924	 93.931752	 93.906009	 93.880692	 93.855798	 93.831324	 93.807267	 93.783625	 93.760393	 93.737569	 93.715149	  93.69313	 93.671509	 93.650282	 93.629446	 93.608998	 93.588933	 93.569248	  93.54994	 93.531005	 93.512439	 93.494238	   93.4764	 93.458919	 93.441793	 93.425017	 93.408588	 93.392502	 93.376756	 93.361344	 93.346265	 93.331513	 93.317085	 93.302977	 93.289186	 93.275707	 93.262538	 93.249673	  93.23711	 93.224845	 93.212874	 93.201193	 93.189799	 93.178689	 93.167858	 93.157304	 93.147022	 93.137009	 93.127263	 93.117779	 93.108554	 93.099585	 93.090868	 93.082402	 93.074181	 93.066204	 93.058468	 93.050968	 93.043703	  93.03667	 93.029866	 93.023287	 93.016932	 93.010798	 93.004882	 92.999182	 92.993696	  92.98842	 92.983354	 92.978494	 92.973839	 92.969386	 92.965134	  92.96108	 92.957223	 92.953562	 92.950094	 92.946817	 92.943732	 92.940835	 92.938125	 92.935602	 92.933265	 92.931111	  92.92914	 92.927352	 92.925745	 92.924318	 92.923071	 92.922003	 92.921114	 92.920404	 92.919871	 92.919516	 92.919339	
        99	 98.930452	 98.860915	   98.7914	 98.721916	 98.652476	 98.583089	 98.513766	 98.444517	 98.375354	 98.306287	 98.237326	 98.168481	 98.099764	 98.031185	 97.962753	 97.894478	 97.826372	 97.758445	 97.690705	 97.623163	 97.555829	 97.488712	 97.421822	 97.355169	 97.288762	  97.22261	 97.156722	 97.091108	 97.025777	 96.960736	 96.895995	 96.831563	 96.767448	 96.703657	   96.6402	 96.577084	 96.514318	 96.451908	 96.389862	 96.328188	 96.266893	 96.205984	 96.145467	 96.085351	  96.02564	 95.966342	 95.907463	 95.849009	 95.790985	 95.733398	 95.676253	 95.619556	 95.563311	 95.507523	 95.452198	  95.39734	 95.342953	 95.289042	 95.235612	 95.182664	 95.130205	 95.078236	 95.026762	 94.975786	  94.92531	 94.875337	 94.825871	 94.776913	 94.728467	 94.680533	 94.633114	 94.586211	 94.539827	 94.493963	 94.448619	 94.403798	 94.359499	 94.315724	 94.272473	 94.229746	 94.187544	 94.145867	 94.104715	 94.064088	 94.023984	 93.984404	 93.945347	 93.906812	 93.868798	 93.831304	 93.794329	 93.757872	  93.72193	 93.686502	 93.651586	 93.617181	 93.583285	 93.549895	 93.517008	 93.484624	 93.452738	 93.421349	 93.390455	 93.360051	 93.330135	 93.300705	 93.271756	 93.243287	 93.215294	 93.187773	 93.160721	 93.134134	  93.10801	 93.082344	 93.057132	 93.032372	 93.008059	 92.984189	 92.960759	 92.937764	 92.915201	 92.893066	 92.871353	 92.850061	 92.829183	 92.808716	 92.788657	    92.769	 92.749741	 92.730877	 92.712402	 92.694313	 92.676606	 92.659276	 92.642319	  92.62573	 92.609506	 92.593641	 92.578133	 92.562976	 92.548167	   92.5337	 92.519573	 92.505781	 92.492319	 92.479184	 92.466372	 92.453878	 92.441699	  92.42983	 92.418268	 92.407009	 92.396049	 92.385384	  92.37501	 92.364925	 92.355123	 92.345602	 92.336358	 92.327388	 92.318688	 92.310255	 92.302085	 92.294176	 92.286525	 92.279127	 92.271981	 92.265083	 92.258431	 92.252021	 92.245851	 92.239919	 92.234222	 92.228757	 92.223522	 92.218515	 92.213733	 92.209175	 92.204838	  92.20072	  92.19682	 92.193136	 92.189666	 92.186409	 92.183362	 92.180525	 92.177896	 92.175474	 92.173258	 92.171247	  92.16944	 92.167835	 92.166433	 92.165233	 92.164233	 92.163434	 92.162835	 92.162436	 92.162236	
        99	 98.922762	 98.845537	 98.768335	 98.691169	  98.61405	 98.536991	 98.460002	 98.383097	 98.306287	 98.229583	 98.152997	  98.07654	 98.000225	 97.924062	 97.848064	 97.772241	 97.696604	 97.621165	 97.545935	 97.470925	 97.396146	 97.321608	 97.247323	   97.1733	  97.09955	 97.026083	 96.952911	 96.880041	 96.807486	 96.735254	 96.663355	 96.591798	 96.520594	  96.44975	 96.379276	 96.309182	 96.239475	 96.170164	 96.101258	 96.032765	 95.964692	 95.897048	 95.829841	 95.763077	 95.696764	  95.63091	  95.56552	 95.500603	 95.436163	 95.372209	 95.308745	 95.245779	 95.183315	 95.121359	 95.059916	 94.998993	 94.938592	 94.878721	 94.819382	  94.76058	  94.70232	 94.644605	  94.58744	 94.530827	  94.47477	 94.419272	 94.364336	 94.309965	 94.256162	 94.202928	 94.150266	 94.098177	 94.046665	 93.995729	 93.945372	 93.895594	 93.846397	 93.797782	 93.749748	 93.702298	  93.65543	 93.609144	 93.563442	 93.518322	 93.473784	 93.429828	 93.386452	 93.343657	  93.30144	   93.2598	 93.218737	 93.178248	 93.138332	 93.098987	  93.06021	 93.022001	 92.984357	 92.947275	 92.910752	 92.874787	 92.839376	 92.804516	 92.770205	  92.73644	 92.703216	 92.670532	 92.638383	 92.606766	 92.575677	 92.545113	  92.51507	 92.485543	  92.45653	 92.428027	 92.400028	  92.37253	 92.345528	 92.319019	 92.292998	 92.267461	 92.242403	  92.21782	 92.193707	  92.17006	 92.146874	 92.124144	 92.101866	 92.080036	 92.058648	 92.037698	  92.01718	 91.997092	 91.977426	  91.95818	 91.939348	 91.920925	 91.902906	 91.885288	 91.868065	 91.851232	 91.834785	  91.81872	  91.80303	 91.787713	 91.772763	 91.758176	 91.743947	 91.730071	 91.716545	 91.703364	 91.690524	  91.67802	 91.665848	 91.654004	 91.642483	 91.631282	 91.620397	 91.609823	 91.599557	 91.589595	 91.579933	 91.570568	 91.561495	 91.552711	 91.544213	 91.535998	 91.528062	 91.520401	 91.513013	 91.505895	 91.499043	 91.492455	 91.486127	 91.480058	 91.474244	 91.468684	 91.463373	 91.458311	 91.453495	 91.448922	 91.444591	 91.440499	 91.436645	 91.433028	 91.429644	 91.426493	 91.423574	 91.420884	 91.418423	  91.41619	 91.414182	 91.412401	 91.410843	  91.40951	   91.4084	 91.407512	 91.406847	 91.406404	 91.406182	
        99	 98.915084	 98.830182	 98.745305	 98.660468	 98.575683	 98.490964	 98.406322	 98.321772	 98.237326	 98.152997	 98.068797	  97.98474	 97.900839	 97.817105	 97.733551	 97.650191	 97.567035	 97.484097	 97.401389	 97.318922	 97.236709	 97.154762	 97.073091	  96.99171	 96.910629	 96.829859	 96.749412	 96.669299	 96.589531	 96.510119	 96.431072	 96.352403	 96.274119	 96.196233	 96.118754	 96.041692	 95.965055	 95.888854	 95.813098	 95.737796	 95.662957	 95.588588	   95.5147	 95.441299	 95.368394	 95.295993	 95.224104	 95.152733	 95.081888	 95.011576	 94.941803	 94.872577	 94.803904	 94.735789	 94.668238	 94.601258	 94.534854	  94.46903	 94.403793	 94.339146	 94.275094	 94.211642	 94.148794	 94.086553	 94.024923	 93.963909	 93.903512	 93.843736	 93.784584	 93.726058	 93.668161	 93.610894	 93.554261	 93.498262	 93.442899	 93.388173	 93.334085	 93.280637	 93.227829	 93.175661	 93.124134	 93.073247	 93.023002	 92.973397	 92.924431	 92.876105	 92.828418	 92.781368	 92.734954	 92.689175	  92.64403	 92.599516	 92.555632	 92.512375	 92.469745	 92.427737	 92.386351	 92.345582	 92.305429	 92.265888	 92.226957	 92.188632	 92.150911	 92.113788	 92.077262	 92.041329	 92.005984	 91.971224	 91.937044	 91.903442	 91.870412	 91.837951	 91.806054	 91.774716	 91.743934	 91.713703	 91.684017	 91.654873	 91.626265	 91.598189	  91.57064	 91.543613	 91.517103	 91.491105	 91.465614	 91.440625	 91.416133	 91.392132	 91.368618	 91.345585	 91.323029	 91.300943	 91.279323	 91.258163	 91.237459	 91.217204	 91.197395	 91.178025	  91.15909	 91.140584	 91.122502	 91.104839	  91.08759	  91.07075	 91.054314	 91.038277	 91.022633	 91.007378	 90.992508	 90.978017	   90.9639	 90.950153	 90.936771	 90.923749	 90.911083	 90.898769	 90.886801	 90.875177	  90.86389	 90.852938	 90.842315	 90.832019	 90.822044	 90.812387	 90.803045	 90.794013	 90.785287	 90.776865	 90.768743	 90.760917	 90.753384	 90.746141	 90.739184	 90.732512	  90.72612	 90.720007	 90.714168	 90.708603	 90.703308	  90.69828	 90.693519	  90.68902	 90.684783	 90.680806	 90.677086	 90.673622	 90.670412	 90.667455	  90.66475	 90.662294	 90.660087	 90.658129	 90.656417	 90.654951	  90.65373	 90.652754	 90.652023	 90.651536	 90.651292	
        99	 98.907419	 98.814853	 98.722315	  98.62982	 98.537381	 98.445014	 98.352733	  98.26055	 98.168481	  98.07654	  97.98474	 97.893096	 97.801621	 97.710329	 97.619233	 97.528348	 97.437686	 97.347262	 97.257087	 97.167177	 97.077542	 96.988198	 96.899155	 96.810428	 96.722028	 96.633967	 96.546259	 96.458914	 96.371946	 96.285365	 96.199183	 96.113412	 96.028063	 95.943146	 95.858673	 95.774654	   95.6911	 95.608021	 95.525427	 95.443327	 95.361732	 95.280651	 95.200092	 95.120066	  95.04058	 94.961644	 94.883265	 94.805452	 94.728212	 94.651553	 94.575482	 94.500007	 94.425135	 94.350871	 94.277223	 94.204197	 94.131799	 94.060034	 93.988907	 93.918425	 93.848591	 93.779412	  93.71089	 93.643031	 93.575839	 93.509316	 93.443467	 93.378296	 93.313804	 93.249995	 93.186872	 93.124436	 93.062691	 93.001637	 92.941276	  92.88161	  92.82264	 92.764367	 92.706792	 92.649915	 92.593737	 92.538257	 92.483476	 92.429393	 92.376008	  92.32332	 92.271328	 92.220031	 92.169428	 92.119516	 92.070296	 92.021764	 91.973918	 91.926757	 91.880279	 91.834479	 91.789357	 91.744908	  91.70113	 91.658021	 91.615575	 91.573791	 91.532664	 91.492191	 91.452368	 91.413191	 91.374655	 91.336757	 91.299493	 91.262857	 91.226846	 91.191455	 91.156678	 91.122512	 91.088951	 91.055991	 91.023626	 90.991851	 90.960661	  90.93005	 90.900015	 90.870548	 90.841645	   90.8133	 90.785508	 90.758264	 90.731561	 90.705393	 90.679757	 90.654645	 90.630052	 90.605972	 90.582401	 90.559331	 90.536758	 90.514675	 90.493077	 90.471959	 90.451315	 90.431138	 90.411424	 90.392167	 90.373361	 90.355001	 90.337081	 90.319596	  90.30254	 90.285909	 90.269696	 90.253897	 90.238506	 90.223518	 90.208927	  90.19473	 90.180921	 90.167495	 90.154448	 90.141774	 90.129468	 90.117527	 90.105946	  90.09472	 90.083845	 90.073316	 90.063131	 90.053283	  90.04377	 90.034588	 90.025732	   90.0172	 90.008987	  90.00109	 89.993506	 89.986231	 89.979262	 89.972597	 89.966232	 89.960164	  89.95439	 89.948909	 89.943718	 89.938814	 89.934194	 89.929858	 89.925802	 89.922025	 89.918526	 89.915302	 89.912352	 89.909675	 89.907269	 89.905133	 89.903267	 89.901669	 89.900338	 89.899274	 89.898477	 89.897945	  89.89768	
        99	 98.899768	 98.799552	 98.699367	 98.599228	  98.49915	  98.39915	 98.299242	 98.199442	 98.099764	 98.000225	 97.900839	 97.801621	 97.702586	 97.603749	 97.505126	  97.40673	 97.308576	 97.210678	 97.113052	 97.015711	 96.918669	 96.821941	  96.72554	  96.62948	 96.533775	 96.438437	  96.34348	 96.248918	 96.154762	 96.061026	 95.967722	 95.874863	  95.78246	 95.690526	 95.599072	  95.50811	 95.417651	 95.327706	 95.238286	 95.149402	 95.061063	 94.973282	 94.886066	 94.799426	 94.713372	 94.627912	 94.543056	 94.458812	 94.375189	 94.292195	 94.209838	 94.128125	 94.047065	 93.966665	 93.886931	  93.80787	 93.729488	 93.651792	 93.574788	 93.498481	 93.422876	 93.347979	 93.273795	 93.200328	 93.127583	 93.055563	 92.984272	 92.913715	 92.843894	 92.774812	 92.706472	 92.638876	 92.572028	 92.505928	  92.44058	 92.375983	  92.31214	 92.249051	 92.186718	 92.125141	  92.06432	 92.004255	 91.944947	 91.886395	 91.828598	 91.771556	 91.715267	 91.659731	 91.604945	 91.550909	 91.497621	 91.445078	 91.393279	 91.342221	 91.291901	 91.242317	 91.193465	 91.145343	 91.097948	 91.051275	 91.005322	 90.960085	 90.915559	 90.871742	 90.828627	 90.786212	 90.744492	 90.703463	 90.663119	 90.623456	 90.584468	 90.546152	 90.508502	 90.471512	 90.435178	 90.399493	 90.364454	 90.330053	 90.296285	 90.263145	 90.230627	 90.198726	 90.167434	 90.136747	 90.106658	 90.077162	 90.048252	 90.019922	 89.992167	  89.96498	 89.938355	 89.912285	 89.886766	 89.861789	 89.837351	 89.813443	 89.790061	 89.767197	 89.744847	 89.723003	 89.701659	 89.680811	 89.660451	 89.640573	 89.621173	 89.602243	 89.583778	 89.565772	 89.548219	 89.531114	 89.514451	 89.498224	 89.482428	 89.467058	 89.452108	 89.437572	 89.423446	 89.409725	 89.396403	 89.383475	 89.370936	 89.358783	 89.347009	  89.33561	 89.324583	 89.313922	 89.303622	 89.293681	 89.284094	 89.274856	 89.265965	 89.257415	 89.249204	 89.241328	 89.233783	 89.226567	 89.219676	 89.213107	 89.206856	 89.200922	 89.195302	 89.189992	 89.184991	 89.180296	 89.175905	 89.171817	 89.168028	 89.164538	 89.161344	 89.158445	 89.155841	 89.153528	 89.151508	 89.149777	 89.148337	 89.147185	 89.146322	 89.145746	 89.145459	
        99	 98.892133	 98.784282	 98.676465	 98.568697	 98.460996	 98.353377	 98.245858	 98.138455	 98.031185	 97.924062	 97.817105	 97.710329	 97.603749	 97.497383	 97.391247	 97.285355	 97.179723	 97.074368	 96.969305	 96.864548	 96.760114	 96.656017	 96.552273	 96.448895	 96.345898	 96.243298	 96.141107	 96.039341	 95.938012	 95.837136	 95.736724	 95.636791	 95.537349	 95.438411	  95.33999	 95.242099	 95.144748	 95.047951	  94.95172	 94.856064	 94.760996	 94.666527	 94.572668	 94.479428	 94.386817	 94.294847	 94.203527	 94.112865	 94.022872	 93.933555	 93.844924	 93.756987	 93.669752	 93.583227	 93.497418	 93.412334	 93.327982	 93.244367	 93.161497	 93.079376	 92.998012	  92.91741	 92.837575	 92.758511	 92.680224	 92.602717	 92.525996	 92.450063	 92.374923	 92.300579	 92.227033	 92.154288	 92.082347	 92.011212	 91.940885	 91.871367	 91.802661	 91.734766	 91.667684	 91.601416	 91.535962	 91.471322	 91.407495	 91.344482	 91.282283	 91.220895	 91.160318	 91.100551	 91.041592	  90.98344	 90.926092	 90.869547	 90.813801	 90.758853	   90.7047	 90.651338	 90.598765	 90.546978	 90.495972	 90.445744	  90.39629	 90.347606	 90.299689	 90.252533	 90.206134	 90.160488	  90.11559	 90.071435	 90.028017	 89.985333	 89.943375	  89.90214	 89.861622	 89.821814	 89.782712	 89.744309	   89.7066	 89.669578	 89.633239	 89.597574	 89.562579	 89.528247	 89.494572	 89.461547	 89.429166	 89.397423	  89.36631	 89.335823	 89.305953	 89.276695	 89.248041	 89.219986	 89.192522	 89.165643	 89.139343	 89.113614	  89.08845	 89.063845	 89.039792	 89.016284	 88.993314	 88.970878	 88.948967	 88.927575	 88.906696	 88.886324	 88.866452	 88.847075	 88.828185	 88.809777	 88.791844	 88.774382	 88.757382	 88.740841	 88.724752	 88.709109	 88.693907	  88.67914	 88.664803	 88.650891	 88.637397	 88.624317	 88.611647	  88.59938	 88.587512	 88.576039	 88.564955	 88.554257	 88.543939	 88.533998	 88.524429	 88.515228	 88.506391	 88.497915	 88.489796	  88.48203	 88.474614	 88.467544	 88.460817	 88.454431	 88.448382	 88.442668	 88.437286	 88.432234	 88.427509	 88.423108	 88.419031	 88.415275	 88.411838	 88.408718	 88.405915	 88.403427	 88.401252	  88.39939	  88.39784	   88.3966	 88.395671	 88.395052	 88.394743	
        99	 98.884514	 98.769045	 98.653612	 98.538232	 98.422923	 98.307703	  98.19259	   98.0776	 97.962753	 97.848064	 97.733551	 97.619233	 97.505126	 97.391247	 97.277613	 97.164241	 97.051149	 96.938352	 96.825867	 96.713712	 96.601901	 96.490451	 96.379378	 96.268698	 96.158427	 96.048579	  95.93917	 95.830216	  95.72173	 95.613728	 95.506223	 95.399231	 95.292765	 95.186839	 95.081466	  94.97666	 94.872434	   94.7688	 94.665771	 94.563359	 94.461576	 94.360434	 94.259944	 94.160118	 94.060967	   93.9625	 93.864729	 93.767664	 93.671314	 93.575689	 93.480797	 93.386649	 93.293252	 93.200615	 93.108745	 93.017651	  92.92734	  92.83782	 92.749096	 92.661175	 92.574064	 92.487768	 92.402293	 92.317645	 92.233828	 92.150847	 92.068707	 91.987411	 91.906963	 91.827367	 91.748626	 91.670743	 91.593721	 91.517561	 91.442266	 91.367838	 91.294279	 91.221588	 91.149768	 91.078819	 91.008742	 90.939536	 90.871201	 90.803737	 90.737144	  90.67142	 90.606564	 90.542576	 90.479452	 90.417193	 90.355794	 90.295254	 90.235572	 90.176742	 90.118764	 90.061633	 90.005347	 89.949901	 89.895292	 89.841516	  89.78857	 89.736447	 89.685145	 89.634658	 89.584982	 89.536112	 89.488043	 89.440768	 89.394284	 89.348584	 89.303664	 89.259516	 89.216135	 89.173516	 89.131652	 89.090536	 89.050163	 89.010527	  88.97162	 88.933437	  88.89597	 88.859213	 88.823159	 88.787801	 88.753133	 88.719148	 88.685838	 88.653196	 88.621217	 88.589892	 88.559214	 88.529177	 88.499774	 88.470996	 88.442838	 88.415292	 88.388351	 88.362008	 88.336255	 88.311087	 88.286495	 88.262474	 88.239015	 88.216112	 88.193759	 88.171948	 88.150672	 88.129926	 88.109702	 88.089993	 88.070794	 88.052098	 88.033898	 88.016189	 87.998963	 87.982215	 87.965939	  87.95013	  87.93478	 87.919884	 87.905438	 87.891434	 87.877868	 87.864735	 87.852029	 87.839745	 87.827879	 87.816425	 87.805378	 87.794735	  87.78449	 87.774639	 87.765178	 87.756104	 87.747411	 87.739096	 87.731156	 87.723587	 87.716385	 87.709548	 87.703072	 87.696954	 87.691192	 87.685783	 87.680724	 87.676013	 87.671648	 87.667626	 87.663946	 87.660607	 87.657605	 87.654941	 87.652613	 87.650619	 87.648959	 87.647632	 87.646638	 87.645975	 87.645644	
        99	 98.876912	 98.753843	 98.630812	 98.507837	 98.384939	 98.262135	 98.139444	 98.016886	 97.894478	 97.772241	 97.650191	 97.528348	  97.40673	 97.285355	 97.164241	 97.043407	 96.922871	 96.802649	 96.682761	 96.563223	 96.444052	 96.325266	 96.206883	 96.088917	 95.971388	 95.854309	 95.737699	 95.621573	 95.505946	 95.390835	 95.276255	  95.16222	 95.048746	 94.935848	 94.823539	 94.711835	 94.600748	 94.490292	 94.380481	 94.271328	 94.162846	 94.055047	 93.947943	 93.841546	 93.735868	  93.63092	 93.526714	 93.423259	 93.320567	 93.218648	  93.11751	 93.017165	  92.91762	 92.818885	 92.720969	 92.623879	 92.527624	  92.43221	 92.337646	 92.243939	 92.151094	 92.059118	 91.968017	 91.877797	 91.788463	  91.70002	 91.612473	 91.525825	 91.440082	 91.355247	 91.271324	 91.188314	 91.106222	 91.025049	 90.944799	 90.865472	  90.78707	 90.709595	 90.633048	 90.557429	 90.482738	 90.408977	 90.336144	  90.26424	 90.193263	 90.123213	 90.054089	 89.985888	  89.91861	 89.852252	 89.786812	 89.722288	 89.658676	 89.595975	  89.53418	 89.473289	 89.413297	 89.354202	 89.295999	 89.238683	 89.182251	 89.126698	 89.072019	  89.01821	 88.965264	 88.913177	 88.861943	 88.811557	 88.762013	 88.713305	 88.665428	 88.618374	 88.572138	 88.526714	 88.482094	 88.438272	 88.395242	 88.352996	 88.311529	 88.270832	 88.230899	 88.191722	 88.153295	  88.11561	  88.07866	 88.042438	 88.006935	 87.972145	 87.938061	 87.904674	 87.871977	 87.839963	 87.808624	 87.777952	 87.747941	 87.718581	 87.689867	  87.66179	 87.634342	 87.607517	 87.581307	 87.555704	 87.530701	 87.506291	 87.482466	  87.45922	 87.436544	 87.414432	 87.392877	 87.371871	 87.351408	 87.331481	 87.312084	 87.293208	 87.274849	 87.256999	 87.239652	 87.222801	 87.206441	 87.190565	 87.175167	 87.160242	 87.145784	 87.131786	 87.118244	 87.105151	 87.092504	 87.080295	 87.068522	 87.057178	 87.046258	 87.035759	 87.025676	 87.016004	 87.006739	 86.997877	 86.989414	 86.981347	 86.973671	 86.966384	 86.959482	 86.952961	  86.94682	 86.941055	 86.935662	 86.930641	 86.925989	 86.921702	  86.91778	 86.914221	 86.911022	 86.908183	 86.905701	 86.903576	 86.901807	 86.900393	 86.899333	 86.898626	 86.898273	
        99	 98.869329	 98.738678	 98.608068	 98.477518	 98.347048	 98.216678	 98.086429	 97.956321	 97.826372	 97.696604	 97.567035	 97.437686	 97.308576	 97.179723	 97.051149	 96.922871	 96.794908	 96.667281	 96.540006	 96.413104	 96.286592	 96.160489	 96.034812	 95.909579	 95.784809	 95.660518	 95.536724	 95.413444	 95.290694	 95.168491	 95.046852	 94.925793	 94.805328	 94.685475	 94.566247	 94.447661	  94.32973	  94.21247	 94.095894	 93.980017	 93.864851	 93.750411	 93.636709	 93.523757	 93.411569	 93.300156	  93.18953	 93.079702	 92.970684	 92.862485	 92.755117	  92.64859	 92.542913	 92.438096	 92.334147	 92.231076	 92.128891	   92.0276	  91.92721	 91.827729	 91.729164	 91.631522	 91.534809	 91.439031	 91.344194	 91.250302	 91.157362	 91.065376	 90.974351	  90.88429	 90.795196	 90.707073	 90.619923	  90.53375	 90.448555	 90.364341	  90.28111	 90.198862	 90.117599	 90.037321	 89.958029	 89.879724	 89.802404	  89.72607	 89.650721	 89.576356	 89.502973	 89.430571	 89.359148	 89.288702	  89.21923	 89.150731	 89.083201	 89.016637	 88.951035	 88.886393	 88.822705	  88.75997	 88.698181	 88.637334	 88.577426	  88.51845	 88.460403	 88.403278	  88.34707	 88.291775	 88.237385	 88.183895	 88.131299	  88.07959	 88.028763	 87.978811	 87.929726	 87.881503	 87.834134	 87.787613	 87.741932	 87.697084	 87.653062	 87.609858	 87.567465	 87.525875	  87.48508	 87.445074	 87.405847	 87.367393	 87.329704	 87.292771	 87.256586	 87.221143	 87.186432	 87.152445	 87.119175	 87.086614	 87.054754	 87.023586	 86.993102	 86.963296	 86.934157	  86.90568	 86.877855	 86.850675	 86.824131	 86.798217	 86.772925	 86.748246	 86.724173	 86.700699	 86.677816	 86.655516	 86.633793	 86.612638	 86.592046	 86.572007	 86.552517	 86.533567	 86.515151	 86.497263	 86.479895	 86.463041	 86.446695	  86.43085	 86.415501	 86.400641	 86.386264	 86.372365	 86.358938	 86.345978	 86.333479	 86.321436	 86.309844	 86.298698	 86.287994	 86.277726	  86.26789	 86.258482	 86.249498	 86.240934	 86.232785	 86.225049	 86.217722	   86.2108	  86.20428	 86.198159	 86.192435	 86.187104	 86.182165	 86.177615	 86.173451	 86.169672	 86.166277	 86.163262	 86.160628	 86.158372	 86.156494	 86.154992	 86.153867	 86.153117	 86.152742	
