Time step 50:
        99	        99	        99	        99	        99	        99	        99	        99	        99	        99	        99	        99	        99	        99	        99	        99	        99	        99	        99	        99	        99	        99	        99	        99	        99	        99	        99	        99	        99	        99	        99	        99	        99	        99	        99	        99	        99	        99	        99	        99	        99	        99	        99	        99	        99	        99	        99	        99	        99	        99	        99	        99	        99	        99	        99	        99	        99	        99	        99	        99	        99	        99	        99	        99	        99	        99	        99	        99	        99	        99	        99	        99	        99	        99	        99	        99	        99	        99	        99	        99	        99	        99	        99	        99	        99	        99	        99	        99	        99	        99	        99	        99	        99	        99	        99	        99	        99	        99	        99	        99	        99	        99	        99	        99	        99	        99	        99	        99	        99	        99	        99	        99	        99	        99	        99	        99	        99	        99	        99	        99	        99	        99	        99	        99	        99	        99	        99	        99	        99	        99	        99	        99	        99	        99	        99	        99	        99	        99	        99	        99	        99	        99	        99	        99	        99	        99	        99	        99	        99	        99	        99	        99	        99	        99	        99	        99	        99	        99	        99	        99	        99	        99	        99	        99	        99	        99	        99	        99	        99	        99	        99	        99	        99	        99	        99	        99	        99	        99	        99	        99	        99	        99	        99	        99	        99	        99	        99	        99	        99	        99	        99	        99	        99	        99	        99	        99	        99	        99	        99	        99	
        99	 98.987301	 98.974605	 98.961916	 98.949236	 98.936569	 98.923918	 98.911286	 98.898676	 98.886092	 98.873536	 98.861013	 98.848523	 98.836072	 98.823661	 98.811295	 98.798975	 98.786704	 98.774487	 98.762324	  98.75022	 98.738177	 98.726197	 98.714284	  98.70244	 98.690668	 98.678969	 98.667347	 98.655804	 98.644343	 98.632965	 98.621673	 98.610469	 98.599355	 98.588333	 98.577406	 98.566575	 98.555842	 98.545208	 98.534676	 98.524248	 98.513924	 98.503706	 98.493597	 98.483596	 98.473706	 98.463928	 98.454263	 98.444711	 98.435275	 98.425955	 98.416752	 98.407666	   98.3987	 98.389852	 98.381124	 98.372516	  98.36403	 98.355664	 98.347421	 98.339299	 98.331299	 98.323422	 98.315667	 98.308034	 98.300524	 98.293136	  98.28587	 98.278726	 98.271704	 98.264803	 98.258023	 98.251363	 98.244823	 98.238403	 98.232102	 98.225919	 98.219853	 98.213904	 98.208071	 98.202354	 98.196751	 98.191261	 98.185884	 98.180618	 98.175463	 98.170417	  98.16548	 98.160649	 98.155926	 98.151307	 98.146792	 98.142379	 98.138068	 98.133857	 98.129744	 98.125729	 98.121811	 98.117987	 98.114256	 98.110618	 98.107071	 98.103612	 98.100242	 98.096958	  98.09376	 98.090645	 98.087612	 98.084661	 98.081789	 98.078994	 98.076277	 98.073634	 98.071065	 98.068569	 98.066143	 98.063787	 98.061499	 98.059277	 98.057121	 98.055029	 98.052999	  98.05103	 98.049122	 98.047271	 98.045478	 98.043741	 98.042058	 98.040428	  98.03885	 98.037323	 98.035845	 98.034416	 98.033034	 98.031697	 98.030405	 98.029157	 98.027951	 98.026786	 98.025661	 98.024575	 98.023527	 98.022517	 98.021542	 98.020602	 98.019696	 98.018822	 98.017981	 98.017171	 98.016391	  98.01564	 98.014918	 98.014223	 98.013555	 98.012913	 98.012296	 98.011703	 98.011134	 98.010588	 98.010064	 98.009562	  98.00908	 98.008619	 98.008177	 98.007754	 98.007349	 98.006962	 98.006592	 98.006239	 98.005902	 98.005581	 98.005275	 98.004984	 98.004707	 98.004443	 98.004193	 98.003957	 98.003732	  98.00352	  98.00332	 98.003132	 98.002955	 98.002789	 98.002634	 98.002489	 98.002354	 98.002229	 98.002115	 98.002009	 98.001914	 98.001827	 98.001749	 98.001681	 98.001621	  98.00157	 98.001528	 98.001494	 98.001469	 98.001452	 98.001443	
        99	 98.974605	 98.949217	 98.923841	 98.898484	 98.873153	 98.847855	 98.822594	 98.797378	 98.772213	 98.747105	  98.72206	 98.697085	 98.672185	 98.647367	 98.622637	    98.598	 98.573463	  98.54903	 98.524708	 98.500503	  98.47642	 98.452464	 98.428641	 98.404956	 98.381414	  98.35802	 98.334779	 98.311696	 98.288776	 98.266023	 98.243441	 98.221036	 98.198811	 98.176771	 98.154919	 98.133259	 98.111795	 98.090531	  98.06947	 98.048616	 98.027971	 98.007538	 97.987321	 97.967323	 97.947545	 97.927991	 97.908663	 97.889563	 97.870693	 97.852055	 97.833651	 97.815482	 97.797551	 97.779858	 97.762404	 97.745191	  97.72822	 97.711492	 97.695006	 97.678765	 97.662767	 97.647015	 97.631507	 97.616243	 97.601225	 97.586451	 97.571921	 97.557634	 97.543592	 97.529791	 97.516233	 97.502915	 97.489837	 97.476998	 97.464397	 97.452033	 97.439903	 97.428007	 97.416343	 97.404909	 97.393704	 97.382726	 97.371973	 97.361443	 97.351133	 97.341043	  97.33117	 97.321511	 97.312064	 97.302828	 97.293798	 97.284975	 97.276353	 97.267932	 97.259708	  97.25168	 97.243843	 97.236196	 97.228737	 97.221461	 97.214367	 97.207451	 97.200712	 97.194145	 97.187749	  97.18152	 97.175455	 97.169553	 97.163809	 97.158221	 97.152786	 97.147502	 97.142365	 97.137373	 97.132522	  97.12781	 97.123234	 97.118792	  97.11448	 97.110296	 97.106237	 97.102301	 97.098483	 97.094783	 97.091197	 97.087723	 97.084357	 97.081098	 97.077943	 97.074889	 97.071934	 97.069076	 97.066311	 97.063639	 97.061055	 97.058559	 97.056147	 97.053817	 97.051568	 97.049397	 97.047301	  97.04528	  97.04333	 97.041451	 97.039639	 97.037892	  97.03621	  97.03459	  97.03303	 97.031529	 97.030085	 97.028695	 97.027359	 97.026075	 97.024841	 97.023656	 97.022518	 97.021426	 97.020379	 97.019374	 97.018411	 97.017488	 97.016604	 97.015758	 97.014949	 97.014175	 97.013436	  97.01273	 97.012056	 97.011414	 97.010801	 97.010219	 97.009665	 97.009138	 97.008638	 97.008165	 97.007716	 97.007292	 97.006893	 97.006516	 97.006162	  97.00583	 97.005519	 97.005229	  97.00496	 97.004711	 97.004481	 97.004271	 97.004079	 97.003906	 97.003751	 97.003614	 97.003494	 97.003392	 97.003308	  97.00324	 97.003189	 97.003156	 97.003139	
        99	 98.961916	 98.923841	 98.885785	 98.847759	  98.80977	  98.77183	 98.733947	 98.696131	 98.658391	 98.620737	 98.583178	 98.545723	 98.508382	 98.471162	 98.434075	 98.397127	 98.360328	 98.323687	 98.287213	 98.250912	 98.214795	 98.178869	 98.143142	 98.107621	 98.072316	 98.037232	 98.002378	 97.967761	 97.933388	 97.899266	 97.865401	   97.8318	  97.79847	 97.765416	 97.732645	 97.700162	 97.667973	 97.636084	 97.604499	 97.573224	 97.542263	  97.51162	 97.481302	  97.45131	  97.42165	 97.392325	 97.363339	 97.334695	 97.306396	 97.278445	 97.250845	 97.223598	 97.196706	 97.170172	 97.143997	 97.118183	 97.092732	 97.067644	 97.042921	 97.018564	 96.994573	 96.970949	 96.947692	 96.924802	 96.902278	 96.880122	 96.858332	 96.836907	 96.815847	 96.795151	 96.774817	 96.754845	 96.735232	 96.715978	 96.697081	 96.678537	 96.660347	 96.642506	 96.625014	 96.607867	 96.591063	 96.574599	 96.558473	 96.542681	  96.52722	 96.512088	 96.497281	 96.482796	 96.468629	 96.454777	 96.441236	 96.428003	 96.415074	 96.402445	 96.390112	 96.378071	 96.366319	 96.354851	 96.343664	 96.332753	 96.322114	 96.311743	 96.301635	 96.291787	 96.282195	 96.272853	 96.263759	 96.254907	 96.246293	 96.237913	 96.229762	 96.221837	 96.214134	 96.206647	 96.199372	 96.192306	 96.185444	 96.178782	 96.172316	 96.166041	 96.159954	  96.15405	 96.148325	 96.142776	 96.137398	 96.132187	  96.12714	 96.122253	 96.117521	 96.112941	  96.10851	 96.104223	 96.100077	 96.096069	 96.092195	  96.08845	 96.084833	  96.08134	 96.077967	 96.074711	 96.071568	 96.068537	 96.065613	 96.062794	 96.060076	 96.057458	 96.054935	 96.052505	 96.050166	 96.047915	 96.045749	 96.043665	 96.041662	 96.039736	 96.037886	 96.036108	 96.034402	 96.032764	 96.031193	 96.029686	 96.028241	 96.026857	 96.025532	 96.024263	  96.02305	 96.021889	  96.02078	 96.019722	 96.018711	 96.017748	  96.01683	 96.015956	 96.015125	 96.014335	 96.013586	 96.012876	 96.012203	 96.011568	 96.010968	 96.010403	 96.009872	 96.009374	 96.008908	 96.008473	  96.00807	 96.007696	 96.007352	 96.007036	 96.006748	 96.006489	 96.006256	 96.006051	 96.005871	 96.005718	 96.005591	  96.00549	 96.005414	 96.005364	 96.005338	
        99	 98.949236	 98.898484	 98.847759	 98.797071	 98.746435	 98.695863	 98.645367	  98.59496	 98.544656	 98.494465	 98.444401	 98.394476	 98.344702	 98.295091	 98.245655	 98.196406	 98.147356	 98.098515	 98.049897	 98.001511	 97.953368	 97.905481	 97.857859	 97.810512	 97.763452	 97.716687	 97.670229	 97.624087	 97.578269	 97.532786	 97.487646	 97.442859	 97.398431	 97.354373	 97.310691	 97.267393	 97.224487	 97.181981	  97.13988	 97.098192	 97.056922	 97.016078	 96.975665	 96.935688	 96.896153	 96.857065	 96.818428	 96.780247	 96.742526	 96.705269	  96.66848	 96.632161	 96.596316	 96.560947	 96.526058	 96.491649	 96.457724	 96.424284	  96.39133	 96.358863	 96.326885	 96.295395	 96.264395	 96.233883	 96.203861	 96.174328	 96.145283	 96.116725	 96.088653	 96.061067	 96.033963	 96.007341	 95.981199	 95.955534	 95.930345	 95.905628	 95.881381	 95.857601	 95.834284	 95.811428	  95.78903	 95.767084	 95.745589	 95.724539	 95.703931	 95.683761	 95.664024	 95.644716	 95.625833	 95.607369	 95.589319	  95.57168	 95.554446	 95.537613	 95.521174	 95.505124	 95.489459	 95.474174	 95.459261	 95.444717	 95.430536	 95.416712	  95.40324	 95.390113	 95.377327	 95.364875	 95.352753	 95.340953	 95.329471	 95.318301	 95.307438	 95.296874	 95.286605	 95.276625	 95.266929	  95.25751	 95.248364	 95.239484	 95.230864	   95.2225	 95.214386	 95.206517	 95.198886	  95.19149	 95.184321	 95.177376	 95.170648	 95.164134	 95.157826	 95.151722	 95.145815	 95.140101	 95.134575	 95.129232	 95.124068	 95.119077	 95.114256	 95.109599	 95.105103	 95.100763	 95.096574	 95.092534	 95.088636	 95.084878	 95.081256	 95.077766	 95.074403	 95.071164	 95.068046	 95.065045	 95.062158	 95.059381	  95.05671	 95.054143	 95.051677	 95.049308	 95.047033	  95.04485	 95.042756	 95.040747	 95.038822	 95.036977	  95.03521	 95.033519	 95.031902	 95.030355	 95.028877	 95.027466	 95.026119	 95.024835	 95.023611	 95.022446	 95.021339	 95.020286	 95.019287	  95.01834	 95.017444	 95.016597	 95.015797	 95.015044	 95.014336	 95.013672	 95.013051	 95.012472	 95.011934	 95.011436	 95.010977	 95.010556	 95.010173	 95.009827	 95.009517	 95.009243	 95.009004	   95.0088	 95.008631	 95.008496	 95.008395	 95.008327	 95.008294	
        99	 98.936569	 98.873153	  98.80977	 98.746435	 98.683164	 98.619972	 98.556877	 98.493892	 98.431035	  98.36832	 98.305764	 98.243381	 98.181187	 98.119197	 98.057426	 97.995888	 97.934598	 97.873571	  97.81282	 97.752361	 97.692206	 97.632369	 97.572864	 97.513703	   97.4549	 97.396466	 97.338416	 97.280759	 97.223509	 97.166677	 97.110274	  97.05431	 96.998797	 96.943744	 96.889163	 96.835061	 96.781449	 96.728336	  96.67573	 96.623639	 96.572072	 96.521037	 96.470539	 96.420587	 96.371187	 96.322345	 96.274067	 96.226359	 96.179226	 96.132672	 96.086703	 96.041321	 95.996532	 95.952338	 95.908743	 95.865749	 95.823358	 95.781574	 95.740397	 95.699829	 95.659871	 95.620524	 95.581788	 95.543663	  95.50615	 95.469247	 95.432954	  95.39727	 95.362194	 95.327724	 95.293857	 95.260592	 95.227927	 95.195858	 95.164383	 95.133499	 95.103201	 95.073487	 95.044353	 95.015794	 94.987806	 94.960385	 94.933526	 94.907224	 94.881474	  94.85627	 94.831609	 94.807483	 94.783887	 94.760816	 94.738263	 94.716222	 94.694688	 94.673654	 94.653113	 94.633059	 94.613485	 94.594385	 94.575752	 94.557579	 94.539859	 94.522585	 94.505751	 94.489349	 94.473373	 94.457814	 94.442666	 94.427923	 94.413576	 94.399619	 94.386044	 94.372844	 94.360013	 94.347543	 94.335427	 94.323658	 94.312229	 94.301133	 94.290363	 94.279913	 94.269774	 94.259941	 94.250406	 94.241164	 94.232207	 94.223528	 94.215122	 94.206982	 94.199101	 94.191473	 94.184092	 94.176953	 94.170048	 94.163371	 94.156918	 94.150682	 94.144658	 94.138839	 94.133221	 94.127798	 94.122565	 94.117515	 94.112646	  94.10795	 94.103424	 94.099063	 94.094861	 94.090814	 94.086918	 94.083168	 94.079561	  94.07609	 94.072753	 94.069546	 94.066464	 94.063504	 94.060662	 94.057934	 94.055317	 94.052807	 94.050401	 94.048096	 94.045889	 94.043776	 94.041754	 94.039822	 94.037975	 94.036211	 94.034529	 94.032924	 94.031395	  94.02994	 94.028555	  94.02724	 94.025992	 94.024809	 94.023689	  94.02263	 94.021631	  94.02069	 94.019806	 94.018976	 94.018201	 94.017477	 94.016805	 94.016182	 94.015608	 94.015083	 94.014604	 94.014171	 94.013784	 94.013442	 94.013143	 94.012889	 94.012677	 94.012508	 94.012382	 94.012298	 94.012256	
        99	 98.923918	 98.847855	  98.77183	 98.695863	 98.619972	 98.544178	 98.468498	 98.392951	 98.317558	 98.242335	 98.167302	 98.092477	 98.017879	 97.943525	 97.869434	 97.795622	 97.722109	  97.64891	 97.576043	 97.503525	 97.431373	 97.359602	 97.288228	 97.217268	 97.146737	 97.076649	 97.007021	 96.937865	 96.869197	  96.80103	 96.733377	 96.666252	 96.599667	 96.533634	 96.468166	 96.403275	  96.33897	 96.275264	 96.212165	 96.149686	 96.087834	 96.026619	 95.966051	 95.906136	 95.846883	   95.7883	 95.730394	  95.67317	 95.616636	 95.560798	  95.50566	 95.451227	 95.397505	 95.344497	 95.292206	 95.240637	 95.189793	 95.139674	 95.090285	 95.041626	 94.993698	 94.946503	 94.900042	 94.854313	 94.809318	 94.765055	 94.721524	 94.678724	 94.636651	 94.595306	 94.554685	 94.514786	 94.475606	 94.437141	 94.399388	 94.362344	 94.326004	 94.290364	 94.255419	 94.221164	 94.187594	 94.154703	 94.122487	 94.090939	 94.060054	 94.029824	 94.000243	 93.971306	 93.943004	 93.915331	  93.88828	 93.861844	 93.836015	 93.810785	 93.786147	 93.762094	 93.738616	 93.715707	 93.693357	  93.67156	 93.650306	 93.629587	 93.609395	 93.589722	 93.570559	 93.551897	 93.533728	 93.516044	 93.498836	 93.482095	 93.465813	 93.449981	 93.434591	 93.419634	 93.405101	 93.390985	 93.377277	 93.363968	  93.35105	 93.338514	 93.326354	 93.314559	 93.303123	 93.292037	 93.281293	 93.270884	 93.260801	 93.251038	 93.241585	 93.232436	 93.223583	 93.215019	 93.206737	  93.19873	 93.190989	  93.18351	 93.176284	 93.169305	 93.162566	 93.156061	 93.149784	 93.143728	 93.137887	 93.132255	 93.126826	 93.121595	 93.116555	 93.111701	 93.107028	  93.10253	 93.098203	  93.09404	 93.090038	 93.086191	 93.082495	 93.078944	 93.075535	 93.072263	 93.069124	 93.066113	 93.063228	 93.060463	 93.057815	 93.055281	 93.052856	 93.050538	 93.048323	 93.046208	  93.04419	 93.042265	 93.040431	 93.038685	 93.037025	 93.035448	  93.03395	 93.032531	 93.031188	 93.029918	  93.02872	 93.027591	 93.026531	 93.025536	 93.024605	 93.023737	 93.022931	 93.022184	 93.021496	 93.020865	 93.020291	 93.019772	 93.019308	 93.018897	 93.018539	 93.018234	  93.01798	 93.017777	 93.017626	 93.017525	 93.017474	
        99	 98.911286	 98.822594	 98.733947	 98.645367	 98.556877	 98.468498	 98.380253	 98.292164	 98.204252	  98.11654	  98.02905	 97.941802	 97.854818	 97.768119	 97.681727	  97.59566	 97.509941	 97.424589	 97.339625	 97.255066	 97.170934	 97.087247	 97.004024	 96.921282	 96.839041	 96.757317	 96.676128	  96.59549	 96.515421	 96.435936	 96.357051	 96.278781	 96.201141	 96.124145	 96.047807	 95.972142	 95.897161	 95.822877	 95.749303	  95.67645	 95.604329	 95.532951	 95.462326	 95.392463	 95.323373	 95.255064	 95.187543	 95.120819	 95.054899	 94.989789	 94.925496	 94.862027	 94.799385	 94.737576	 94.676604	 94.616473	 94.557186	 94.498747	 94.441157	 94.384419	 94.328534	 94.273504	 94.219328	 94.166008	 94.113542	  94.06193	 94.011172	 93.961265	 93.912207	 93.863997	 93.816632	 93.770108	 93.724423	 93.679572	 93.635552	 93.592357	 93.549983	 93.508426	 93.467679	 93.427736	 93.388593	 93.350242	 93.312677	 93.275891	 93.239877	 93.204628	 93.170137	 93.136394	 93.103394	 93.071127	 93.039585	 93.008759	 92.978641	 92.949223	 92.920495	 92.892447	 92.865072	 92.838359	 92.812298	 92.786882	 92.762099	 92.737941	 92.714396	 92.691457	 92.669112	 92.647352	 92.626167	 92.605546	 92.585481	 92.565961	 92.546975	 92.528515	 92.510569	 92.493129	 92.476184	 92.459724	 92.443739	  92.42822	 92.413158	 92.398541	 92.384361	 92.370609	 92.357274	 92.344347	  92.33182	 92.319683	 92.307926	 92.296541	 92.285519	 92.274851	 92.264528	 92.254543	 92.244885	 92.235548	 92.226523	 92.217801	 92.209376	 92.201238	  92.19338	 92.185796	 92.178476	 92.171414	 92.164604	 92.158037	 92.151707	 92.145607	  92.13973	  92.13407	 92.128622	 92.123377	 92.118331	 92.113478	 92.108811	 92.104325	 92.100015	 92.095875	   92.0919	 92.088084	 92.084424	 92.080914	 92.077549	 92.074325	 92.071238	 92.068283	 92.065456	 92.062753	  92.06017	 92.057704	  92.05535	 92.053106	 92.050968	 92.048932	 92.046996	 92.045157	 92.043411	 92.041756	  92.04019	 92.038709	 92.037312	 92.035996	 92.034759	 92.033599	 92.032514	 92.031502	 92.030561	 92.029691	 92.028888	 92.028153	 92.027484	 92.026879	 92.026337	 92.025858	 92.025441	 92.025084	 92.024788	 92.024552	 92.024376	 92.024258	 92.024199	
        99	 98.898676	 98.797378	 98.696131	  98.59496	 98.493892	 98.392951	 98.292164	 98.191554	 98.091147	 97.990968	 97.891042	 97.791393	 97.692045	 97.593023	 97.494351	 97.396051	 97.298148	 97.200665	 97.103623	 97.007046	 96.910956	 96.815374	 96.720321	 96.625819	 96.531888	 96.438548	 96.345819	  96.25372	  96.16227	 96.071487	 95.981389	 95.891994	 95.803319	 95.715379	 95.628191	  95.54177	 95.456132	  95.37129	 95.287258	  95.20405	 95.121678	 95.040154	 94.959491	 94.879698	 94.800788	 94.722769	 94.645651	 94.569443	 94.494153	 94.419789	 94.346358	 94.273867	 94.202321	 94.131727	 94.062088	  93.99341	 93.925697	 93.858951	 93.793176	 93.728373	 93.664545	 93.601693	 93.539817	 93.478917	 93.418994	 93.360047	 93.302074	 93.245073	 93.189043	  93.13398	 93.079883	 93.026746	 92.974567	 92.923341	 92.873064	  92.82373	 92.775333	 92.727869	  92.68133	  92.63571	 92.591003	 92.547201	 92.504297	 92.462282	  92.42115	  92.38089	 92.341496	 92.302958	 92.265267	 92.228413	 92.192388	 92.157181	 92.122782	 92.089182	 92.056371	 92.024337	  91.99307	  91.96256	 91.932796	 91.903767	 91.875461	 91.847869	 91.820978	 91.794778	 91.769257	 91.744404	 91.720208	 91.696657	 91.673739	 91.651444	  91.62976	 91.608676	  91.58818	  91.56826	 91.548907	 91.530107	 91.511851	 91.494126	 91.476922	 91.460228	 91.444033	 91.428326	 91.413096	 91.398332	 91.384024	 91.370161	 91.356733	  91.34373	 91.331141	 91.318957	 91.307167	 91.295762	 91.284732	 91.274068	  91.26376	 91.253798	 91.244175	 91.234881	 91.225906	 91.217244	 91.208884	 91.200818	  91.19304	 91.185539	 91.178309	 91.171342	  91.16463	 91.158166	 91.151943	 91.145953	  91.14019	 91.134647	 91.129316	 91.124193	  91.11927	 91.114542	 91.110001	 91.105644	 91.101463	 91.097454	 91.093611	 91.089929	 91.086403	 91.083028	 91.079799	 91.076712	 91.073762	 91.070945	 91.068257	 91.065694	 91.063252	 91.060927	 91.058715	 91.056615	 91.054621	 91.052731	 91.050942	 91.049251	 91.047655	 91.046152	 91.044739	 91.043414	 91.042175	 91.041019	 91.039945	  91.03895	 91.038034	 91.037194	  91.03643	 91.035739	  91.03512	 91.034573	 91.034096	 91.033689	 91.033351	 91.033082	  91.03288	 91.032746	 91.032678	
        99	 98.886092	 98.772213	 98.658391	 98.544656	 98.431035	 98.317558	 98.204252	 98.091147	  97.97827	 97.865649	 97.753312	 97.641287	 97.529601	 97.418281	 97.307353	 97.196845	 97.086783	 96.977192	 96.868099	 96.759527	 96.651502	 96.544049	 96.437191	 96.330952	 96.225355	 96.120423	 96.016177	 95.912639	 95.809831	 95.707774	 95.606486	 95.505988	   95.4063	 95.307438	 95.209422	 95.112268	 95.015993	 94.920614	 94.826146	 94.732603	 94.640001	 94.548352	  94.45767	 94.367968	 94.279257	 94.191548	 94.104852	  94.01918	 93.934539	 93.850939	 93.768388	 93.686894	 93.606462	   93.5271	 93.448813	 93.371606	 93.295482	 93.220447	 93.146503	 93.073652	 93.001896	 92.931238	 92.861677	 92.793214	 92.725849	  92.65958	 92.594407	 92.530327	 92.467338	 92.405437	  92.34462	 92.284884	 92.226225	 92.168637	 92.112115	 92.056654	 92.002246	 91.948887	 91.896568	 91.845283	 91.795023	 91.745781	 91.697548	 91.650315	 91.604074	 91.558815	 91.514528	 91.471204	 91.428831	 91.387401	 91.346901	 91.307321	 91.268651	 91.230878	 91.193991	 91.157978	 91.122828	 91.088529	 91.055068	 91.022434	 90.990613	 90.959594	 90.929363	 90.899909	 90.871219	 90.843279	 90.816077	 90.789601	 90.763838	 90.738774	 90.714396	 90.690693	 90.667652	 90.645258	 90.623501	 90.602367	 90.581843	 90.561917	 90.542577	 90.523809	 90.505603	 90.487944	 90.470823	 90.454225	  90.43814	 90.422556	  90.40746	 90.392842	  90.37869	 90.364992	 90.351738	 90.338917	 90.326517	 90.314528	  90.30294	 90.291741	 90.280923	 90.270474	 90.260385	 90.250646	 90.241248	 90.232181	 90.223436	 90.215004	 90.206877	 90.199044	 90.191499	 90.184232	 90.177236	 90.170502	 90.164023	 90.157791	 90.151799	 90.146039	 90.140505	 90.135189	 90.130085	 90.125186	 90.120487	  90.11598	 90.111659	  90.10752	 90.103556	 90.099762	 90.096132	 90.092661	 90.089345	 90.086178	 90.083156	 90.080275	 90.077529	 90.074915	  90.07243	 90.070068	 90.067826	 90.065702	  90.06369	 90.061789	 90.059995	 90.058306	 90.056717	 90.055228	 90.053835	 90.052535	 90.051328	  90.05021	  90.04918	 90.048235	 90.047376	 90.046599	 90.045904	 90.045289	 90.044753	 90.044295	 90.043915	 90.043612	 90.043385	 90.043234	 90.043159	
        99	 98.873536	 98.747105	 98.620737	 98.494465	  98.36832	 98.242335	  98.11654	 97.990968	 97.865649	 97.740614	 97.615895	 97.491522	 97.367525	 97.243935	  97.12078	 96.998092	 96.875898	 96.754227	 96.633109	  96.51257	 96.392638	 96.273341	 96.154704	 96.036755	 95.919518	 95.803019	 95.687283	 95.572333	 95.458193	 95.344886	 95.232434	 95.120859	 95.010182	 94.900423	 94.791603	  94.68374	 94.576854	 94.470961	  94.36608	 94.262227	 94.159417	 94.057666	 93.956989	   93.8574	  93.75891	 93.661534	 93.565282	 93.470166	 93.376195	 93.283381	 93.191731	 93.101253	 93.011956	 92.923847	  92.83693	 92.751212	 92.666698	 92.583392	 92.501297	 92.420416	 92.340752	 92.262305	 92.185077	 92.109067	 92.034276	 91.960703	 91.888346	 91.817203	 91.747271	 91.678547	 91.611027	 91.544707	 91.479582	 91.415646	 91.352894	 91.291319	 91.230915	 91.171674	 91.113588	  91.05665	  91.00085	  90.94618	 90.892631	 90.840192	 90.788854	 90.738606	 90.689437	 90.641337	 90.594295	 90.548297	 90.503333	 90.459391	 90.416458	 90.374521	 90.333569	 90.293587	 90.254562	 90.216482	 90.179333	 90.143102	 90.107773	 90.073335	 90.039772	 90.007072	 89.975219	 89.944199	    89.914	 89.884605	 89.856002	 89.828175	 89.801111	 89.774795	 89.749214	 89.724352	 89.700196	 89.676732	 89.653946	 89.631824	 89.610352	 89.589516	 89.569302	 89.549698	 89.530689	 89.512262	 89.494404	 89.477102	 89.460342	 89.444113	 89.428401	 89.413193	 89.398478	 89.384244	 89.370477	 89.357167	 89.344301	 89.331868	 89.319857	 89.308257	 89.297056	 89.286244	 89.275809	 89.265743	 89.256034	 89.246673	 89.237649	 89.228954	 89.220576	 89.212509	 89.204741	 89.197265	 89.190072	 89.183153	 89.176501	 89.170106	 89.163962	  89.15806	 89.152393	 89.146955	 89.141737	 89.136733	 89.131937	 89.127341	  89.12294	 89.118727	 89.114697	 89.110844	 89.107162	 89.103647	 89.100292	 89.097092	 89.094044	 89.091142	 89.088383	 89.085761	 89.083272	 89.080913	  89.07868	  89.07657	 89.074578	 89.072702	 89.070939	 89.069285	 89.067738	 89.066295	 89.064955	 89.063714	  89.06257	 89.061522	 89.060567	 89.059705	 89.058933	  89.05825	 89.057655	 89.057147	 89.056725	 89.056389	 89.056137	 89.055969	 89.055885	
        99	 98.861013	  98.72206	 98.583178	 98.444401	 98.305764	 98.167302	  98.02905	 97.891042	 97.753312	 97.615895	 97.478825	 97.342135	 97.205858	 97.070028	 96.934678	 96.799839	 96.665544	 96.531824	 96.398711	 96.266235	 96.134426	 96.003315	  95.87293	 95.743299	 95.614453	 95.486417	 95.359219	 95.232885	 95.107442	 94.982914	 94.859325	 94.736701	 94.615063	 94.494435	 94.374838	 94.256293	 94.138822	 94.022442	 93.907175	 93.793036	 93.680046	 93.568218	 93.457571	 93.348119	 93.239876	 93.132856	 93.027072	 92.922536	  92.81926	 92.717254	 92.616527	  92.51709	  92.41895	 92.322114	  92.22659	 92.132384	   92.0395	 91.947944	 91.857719	 91.768829	 91.681275	 91.595059	 91.510183	 91.426646	 91.344449	 91.263589	 91.184066	 91.105878	  91.02902	  90.95349	 90.879284	 90.806396	 90.734821	 90.664554	 90.595587	 90.527915	 90.461529	 90.396421	 90.332583	 90.270006	  90.20868	 90.148596	 90.089744	 90.032112	  89.97569	 89.920465	 89.866428	 89.813564	 89.761863	  89.71131	 89.661893	   89.6136	 89.566415	 89.520325	 89.475317	 89.431375	 89.388486	 89.346635	 89.305807	 89.265987	 89.227161	 89.189312	 89.152425	 89.116486	 89.081479	 89.047388	 89.014197	 88.981891	 88.950455	 88.919873	 88.890129	 88.861207	 88.833092	 88.805768	  88.77922	 88.753433	  88.72839	 88.704077	 88.680478	 88.657579	 88.635364	 88.613818	 88.592926	 88.572674	 88.553048	 88.534032	 88.515613	 88.497776	 88.480508	 88.463795	 88.447623	 88.431978	 88.416848	  88.40222	  88.38808	 88.374416	 88.361216	 88.348466	 88.336156	 88.324273	 88.312806	 88.301743	 88.291072	 88.280784	 88.270866	  88.26131	 88.252103	 88.243236	 88.234699	 88.226483	 88.218578	 88.210974	 88.203662	 88.196634	 88.189881	 88.183395	 88.177168	  88.17119	 88.165456	 88.159956	 88.154685	 88.149634	 88.144797	 88.140168	 88.135738	 88.131504	 88.127457	 88.123593	 88.119906	  88.11639	  88.11304	 88.109851	 88.106818	 88.103936	 88.101201	 88.098609	 88.096155	 88.093835	 88.091646	 88.089584	 88.087646	 88.085829	 88.084129	 88.082543	  88.08107	 88.079706	 88.078449	 88.077297	 88.076248	   88.0753	 88.074451	 88.073701	 88.073047	 88.072489	 88.072025	 88.071656	 88.071379	 88.071194	 88.071102	
        99	 98.848523	 98.697085	 98.545723	 98.394476	 98.243381	 98.092477	 97.941802	 97.791393	 97.641287	 97.491522	 97.342135	 97.193162	  97.04464	 96.896604	 96.749092	 96.602137	 96.455774	 96.310038	 96.164964	 96.020584	 95.876931	 95.734038	 95.591936	 95.450658	 95.310233	 95.170692	 95.032065	 94.894379	 94.757663	 94.621945	 94.487251	 94.353608	  94.22104	 94.089573	 93.959229	 93.830032	 93.702005	 93.575168	 93.449542	 93.325148	 93.202004	 93.080128	 92.959538	 92.840251	 92.722281	 92.605645	 92.490355	 92.376426	  92.26387	 92.152697	  92.04292	 91.934547	 91.827588	 91.722051	 91.617944	 91.515272	 91.414042	 91.314259	 91.215927	 91.119048	 91.023627	 90.929664	 90.837161	 90.746118	 90.656534	 90.568409	  90.48174	 90.396526	 90.312762	 90.230445	 90.149571	 90.070133	 89.992127	 89.915545	 89.840382	 89.766628	 89.694277	 89.623318	 89.553744	 89.485544	 89.418708	 89.353225	 89.289084	 89.226273	 89.164781	 89.104595	 89.045701	 88.988087	  88.93174	 88.876645	 88.822788	 88.770154	 88.718729	 88.668498	 88.619445	 88.571556	 88.524813	 88.479201	 88.434704	 88.391306	  88.34899	 88.307741	  88.26754	 88.228371	 88.190218	 88.153063	  88.11689	 88.081682	 88.047421	  88.01409	 87.981673	 87.950153	 87.919511	 87.889733	 87.860799	 87.832694	 87.805401	 87.778904	 87.753185	 87.728227	 87.704016	 87.680534	 87.657765	 87.635693	 87.614303	 87.593579	 87.573505	 87.554065	 87.535245	  87.51703	 87.499405	 87.482355	 87.465865	 87.449922	 87.434512	  87.41962	 87.405233	 87.391338	 87.377922	 87.364971	 87.352473	 87.340416	 87.328787	 87.317574	 87.306765	  87.29635	 87.286316	 87.276652	 87.267349	 87.258394	 87.249778	 87.241491	 87.233522	 87.225863	 87.218503	 87.211434	 87.204647	 87.198133	 87.191883	 87.185889	 87.180144	  87.17464	 87.169368	 87.164322	 87.159495	  87.15488	  87.15047	 87.146259	  87.14224	 87.138408	 87.134757	 87.131281	 87.127976	 87.124835	 87.121854	 87.119029	 87.116354	 87.113826	 87.111441	 87.109194	 87.107081	 87.105101	 87.103248	  87.10152	 87.099914	 87.098427	 87.097057	 87.095802	 87.094659	 87.093626	 87.092701	 87.091883	 87.091171	 87.090562	 87.090057	 87.089654	 87.089352	 87.089151	 87.089051	
        99	 98.836072	 98.672185	 98.508382	 98.344702	 98.181187	 98.017879	 97.854818	 97.692045	 97.529601	 97.367525	 97.205858	  97.04464	 96.883909	 96.723705	 96.564067	 96.405032	 96.246639	 96.088924	 95.931924	 95.775676	 95.620215	 95.465576	 95.311794	 95.158902	 95.006935	 94.855923	   94.7059	 94.556897	 94.408943	 94.262069	 94.116304	 93.971675	  93.82821	 93.685935	 93.544878	 93.405061	 93.266509	 93.129247	 92.993295	 92.858675	 92.725409	 92.593515	 92.463012	 92.333919	 92.206253	 92.080029	 91.955263	 91.831968	  91.71016	 91.589849	 91.471048	 91.353767	 91.238016	 91.123804	 91.011139	 90.900028	 90.790477	 90.682491	 90.576076	 90.471234	 90.367969	 90.266283	 90.166176	 90.067649	 89.970701	 89.875332	  89.78154	  89.68932	 89.598671	 89.509588	 89.422065	 89.336098	  89.25168	 89.168803	 89.087461	 89.007645	 88.929346	 88.852555	 88.777262	 88.703456	 88.631126	  88.56026	 88.490847	 88.422873	 88.356326	 88.291192	 88.227458	 88.165108	 88.104129	 88.044505	 87.986221	 87.929261	 87.873609	 87.819249	 87.766164	 87.714337	 87.663752	 87.614391	 87.566237	 87.519272	 87.473478	 87.428837	 87.385332	 87.342943	 87.301654	 87.261445	 87.222299	 87.184196	 87.147119	 87.111049	 87.075967	 87.041855	 87.008695	 86.976469	 86.945157	 86.914742	 86.885206	  86.85653	 86.828696	 86.801688	 86.775486	 86.750074	 86.725433	 86.701548	 86.678399	 86.655971	 86.634247	 86.613209	 86.592843	  86.57313	 86.554056	 86.535604	 86.517759	 86.500506	 86.483829	 86.467713	 86.452144	 86.437106	 86.422587	 86.408572	 86.395047	 86.381998	 86.369413	 86.357279	 86.345582	  86.33431	 86.323451	 86.312993	 86.302925	 86.293234	  86.28391	 86.274941	 86.266318	 86.258029	 86.250064	 86.242414	 86.235069	 86.228019	 86.221256	  86.21477	 86.208552	 86.202595	  86.19689	  86.19143	 86.186206	 86.181211	 86.176439	 86.171881	 86.167532	 86.163385	 86.159434	 86.155673	 86.152095	 86.148696	 86.145471	 86.142413	 86.139519	 86.136783	 86.134201	 86.131769	 86.129484	  86.12734	 86.125335	 86.123465	 86.121727	 86.120118	 86.118636	 86.117277	  86.11604	 86.114922	 86.113921	 86.113036	 86.112265	 86.111607	  86.11106	 86.110623	 86.110297	 86.110079	 86.109971	
        99	 98.823661	 98.647367	 98.471162	 98.295091	 98.119197	 97.943525	 97.768119	 97.593023	 97.418281	 97.243935	 97.070028	 96.896604	 96.723705	 96.551373	 96.379649	 96.208574	 96.038189	 95.868534	 95.699648	  95.53157	  95.36434	 95.197994	 95.032569	 94.868103	  94.70463	 94.542186	 94.380805	 94.220521	 94.061366	 93.903373	 93.746572	 93.590993	 93.436667	 93.283621	 93.131884	 92.981482	 92.832442	 92.684787	 92.538543	 92.393731	 92.250375	 92.108496	 91.968114	 91.829247	 91.691916	 91.556136	 91.421924	 91.289295	 91.158265	 91.028846	  90.90105	  90.77489	 90.650376	 90.527517	 90.406323	 90.286799	 90.168955	 90.052794	 89.938322	 89.825543	  89.71446	 89.605075	  89.49739	 89.391403	 89.287116	 89.184527	 89.083634	 88.984433	 88.886921	 88.791093	 88.696945	 88.604469	  88.51366	 88.424509	 88.337008	  88.25115	 88.166923	 88.084318	 88.003325	 87.923931	 87.846125	 87.769894	 87.695226	 87.622106	 87.550521	 87.480456	 87.411896	 87.344827	 87.279231	 87.215093	 87.152396	 87.091124	 87.031259	 86.972783	 86.915679	 86.859929	 86.805514	 86.752416	 86.700616	 86.650095	 86.600834	 86.552814	 86.506015	 86.460418	 86.416002	  86.37275	 86.330639	 86.289652	 86.249768	 86.210967	 86.173229	 86.136535	 86.100865	 86.066198	 86.032516	 85.999798	 85.968026	 85.937179	 85.907238	 85.878185	     85.85	 85.822663	 85.796158	 85.770463	 85.745562	 85.721436	 85.698067	 85.675437	 85.653529	 85.632324	 85.611805	 85.591957	 85.572761	 85.554201	 85.536261	 85.518926	 85.502178	 85.486002	 85.470384	 85.455307	 85.440758	 85.426722	 85.413184	 85.400131	 85.387548	 85.375423	 85.363742	 85.352493	 85.341662	 85.331237	 85.321207	  85.31156	 85.302284	 85.293367	   85.2848	  85.27657	 85.268669	 85.261085	  85.25381	 85.246833	 85.240144	 85.233736	   85.2276	 85.221726	 85.216106	 85.210734	   85.2056	 85.200697	 85.196019	 85.191558	 85.187308	 85.183262	 85.179414	 85.175757	 85.172287	 85.168998	 85.165885	 85.162942	 85.160165	 85.157549	  85.15509	 85.152784	 85.150627	 85.148616	 85.146746	 85.145015	 85.143421	 85.141959	 85.140628	 85.139426	 85.138349	 85.137397	 85.136568	  85.13586	 85.135271	 85.134802	 85.134451	 85.134217	   85.1341	
        99	 98.811295	 98.622637	 98.434075	 98.245655	 98.057426	 97.869434	 97.681727	 97.494351	 97.307353	  97.12078	 96.934678	 96.749092	 96.564067	 96.379649	 96.195881	 96.012809	 95.830474	 95.648921	 95.468191	 95.288327	 95.109368	 94.931356	  94.75433	 94.578329	 94.403392	 94.229556	 94.056857	 93.885332	 93.715016	 93.545942	 93.378144	 93.211655	 93.046506	 92.882727	 92.720349	 92.559399	 92.399906	 92.241896	 92.085395	 91.930428	 91.777019	 91.625189	 91.474962	 91.326357	 91.179394	 91.034091	 90.890467	 90.748537	 90.608317	 90.469822	 90.333064	 90.198057	  90.06481	 89.933335	 89.803641	 89.675736	 89.549626	 89.425319	 89.302819	 89.182131	 89.063258	 88.946202	 88.830964	 88.717545	 88.605944	  88.49616	 88.388191	 88.282033	 88.177682	 88.075134	 87.974383	 87.875422	 87.778244	 87.682841	 87.589204	 87.497324	  87.40719	 87.318793	 87.232119	 87.147157	 87.063894	 86.982318	 86.902413	 86.824165	  86.74756	 86.672581	 86.599213	  86.52744	 86.457244	 86.388608	 86.321514	 86.255945	 86.191881	 86.129304	 86.068196	 86.008536	 85.950305	 85.893483	  85.83805	 85.783986	 85.731271	 85.679883	 85.629801	 85.581006	 85.533476	  85.48719	 85.442127	 85.398265	 85.355584	 85.314062	 85.273677	  85.23441	 85.196238	  85.15914	 85.123096	 85.088083	 85.054083	 85.021073	 84.989032	 84.957941	 84.927779	 84.898526	 84.870161	 84.842665	 84.816018	   84.7902	 84.765192	 84.740975	  84.71753	 84.694838	  84.67288	  84.65164	 84.631098	 84.611236	 84.592039	 84.573487	 84.555564	 84.538254	 84.521541	 84.505407	 84.489838	 84.474817	  84.46033	 84.446361	 84.432896	  84.41992	  84.40742	 84.395382	 84.383791	 84.372636	 84.361902	 84.351578	 84.341652	  84.33211	 84.322941	 84.314135	  84.30568	 84.297564	 84.289778	 84.282312	 84.275155	 84.268297	  84.26173	 84.255444	 84.249431	 84.243681	 84.238187	 84.232941	 84.227935	 84.223161	 84.218613	 84.214283	 84.210165	 84.206252	 84.202539	 84.199019	 84.195687	 84.192538	 84.189566	 84.186766	 84.184135	 84.181667	 84.179359	 84.177207	 84.175206	 84.173354	 84.171648	 84.170084	 84.168659	 84.167372	  84.16622	 84.165202	 84.164314	 84.163556	 84.162927	 84.162424	 84.162048	 84.161798	 84.161673	
        99	 98.798975	    98.598	 98.397127	 98.196406	 97.995888	 97.795622	  97.59566	 97.396051	 97.196845	 96.998092	 96.799839	 96.602137	 96.405032	 96.208574	 96.012809	 95.817784	 95.623546	 95.430139	  95.23761	 95.046002	  94.85536	 94.665726	 94.477143	 94.289652	 94.103293	 93.918108	 93.734134	 93.551411	 93.369975	 93.189863	  93.01111	 92.833751	  92.65782	 92.483348	 92.310369	 92.138911	 91.969005	 91.800679	 91.633961	 91.468877	 91.305452	  91.14371	 90.983674	 90.825367	  90.66881	 90.514021	  90.36102	 90.209824	 90.060449	 89.912912	 89.767226	 89.623404	 89.481458	   89.3414	 89.203238	 89.066982	 88.932639	 88.800217	 88.669719	 88.541152	 88.414517	 88.289819	 88.167058	 88.046234	 87.927347	 87.810396	 87.695377	 87.582289	 87.471125	 87.361882	 87.254553	 87.149131	 87.045609	 86.943977	 86.844227	 86.746348	  86.65033	 86.556161	 86.463829	  86.37332	 86.284621	 86.197719	 86.112597	 86.029241	 85.947634	  85.86776	 85.789603	 85.713143	 85.638364	 85.565247	 85.493773	 85.423923	 85.355677	 85.289015	 85.223917	 85.160362	 85.098329	 85.037798	 84.978746	 84.921152	 84.864995	 84.810252	 84.756901	  84.70492	 84.654287	 84.604979	 84.556974	 84.510248	  84.46478	 84.420547	 84.377526	 84.335695	 84.295031	 84.255511	 84.217114	 84.179816	 84.143595	  84.10843	 84.074298	 84.041177	 84.009046	 83.977883	 83.947666	 83.918375	 83.889988	 83.862484	 83.835844	 83.810045	  83.78507	 83.760896	 83.737505	 83.714878	 83.692995	 83.671837	 83.651386	 83.631623	  83.61253	  83.59409	 83.576285	 83.559098	 83.542512	 83.526511	 83.511078	 83.496197	 83.481853	  83.46803	 83.454714	  83.44189	 83.429543	 83.417659	 83.406225	 83.395227	 83.384651	 83.374487	  83.36472	 83.355338	 83.346331	 83.337686	 83.329392	 83.321438	 83.313813	 83.306508	 83.299512	 83.292816	  83.28641	 83.280285	 83.274432	 83.268844	  83.26351	 83.258425	  83.25358	 83.248967	  83.24458	 83.240412	 83.236456	 83.232707	 83.229157	 83.225802	 83.222636	 83.219654	 83.216851	 83.214222	 83.211764	  83.20947	 83.207339	 83.205366	 83.203549	 83.201882	 83.200365	 83.198994	 83.197767	 83.196682	 83.195736	 83.194929	 83.194258	 83.193723	 83.193323	 83.193056	 83.192923	
        99	 98.786704	 98.573463	 98.360328	 98.147356	 97.934598	 97.722109	 97.509941	 97.298148	 97.086783	 96.875898	 96.665544	 96.455774	 96.246639	 96.038189	 95.830474	 95.623546	 95.417451	 95.212239	 95.007959	 94.804655	 94.602377	 94.401168	 94.201073	 94.002138	 93.804404	 93.607916	 93.412712	 93.218836	 93.026325	 92.835219	 92.645556	 92.457371	 92.270701	  92.08558	 91.902042	 91.720119	 91.539842	 91.361242	 91.184348	 91.009187	 90.835786	 90.664172	 90.494368	 90.326398	 90.160284	 89.996047	 89.833707	 89.673283	 89.514791	 89.358248	 89.203669	 89.051068	 88.900459	 88.751851	 88.605256	 88.460683	  88.31814	 88.177635	 88.039172	 87.902757	 87.768393	 87.636083	 87.505828	  87.37763	 87.251486	 87.127396	 87.005358	 86.885366	 86.767418	 86.651506	 86.537626	 86.425769	 86.315928	 86.208093	 86.102254	 85.998401	 85.896522	 85.796605	 85.698637	 85.602604	 85.508491	 85.416284	 85.325966	 85.237522	 85.150934	 85.066185	 84.983257	  84.90213	 84.822787	 84.745207	  84.66937	 84.595257	 84.522845	 84.452114	 84.383042	 84.315608	 84.249789	 84.185562	 84.122906	 84.061797	 84.002212	 83.944127	  83.88752	 83.832367	 83.778643	 83.726325	  83.67539	 83.625812	 83.577569	 83.530636	 83.484989	 83.440605	 83.397458	 83.355526	 83.314785	  83.27521	 83.236779	 83.199467	 83.163252	  83.12811	 83.094017	 83.060952	 83.028891	 82.997812	 82.967692	  82.93851	 82.910243	  82.88287	  82.85637	 82.830721	 82.805902	 82.781894	 82.758675	 82.736225	 82.714526	 82.693556	 82.673298	 82.653733	 82.634841	 82.616605	 82.599007	 82.582029	 82.565654	 82.549865	 82.534645	 82.519979	  82.50585	 82.492242	 82.479142	 82.466532	   82.4544	 82.442731	  82.43151	 82.420725	 82.410362	 82.400408	 82.390851	 82.381678	 82.372878	 82.364438	 82.356348	 82.348597	 82.341174	 82.334069	 82.327272	 82.320773	 82.314564	 82.308634	 82.302975	 82.297579	 82.292438	 82.287544	 82.282889	 82.278467	  82.27427	 82.270291	 82.266525	 82.262965	 82.259606	 82.256442	 82.253468	 82.250679	  82.24807	 82.245637	 82.243375	 82.241282	 82.239353	 82.237585	 82.235975	 82.234521	 82.233219	 82.232067	 82.231064	 82.230207	 82.229496	 82.228928	 82.228503	  82.22822	 82.228079	
