Time step 23:
        99	        99	        99	        99	        99	        99	        99	        99	        99	        99	        99	        99	        99	        99	        99	        99	        99	        99	        99	        99	        99	        99	        99	        99	        99	        99	        99	        99	        99	        99	        99	        99	        99	        99	        99	        99	        99	        99	        99	        99	        99	        99	        99	        99	        99	        99	        99	        99	        99	        99	        99	        99	        99	        99	        99	        99	        99	        99	        99	        99	        99	        99	        99	        99	        99	        99	        99	        99	        99	        99	        99	        99	        99	        99	        99	        99	        99	        99	        99	        99	        99	        99	        99	        99	        99	        99	        99	        99	        99	        99	        99	        99	        99	        99	        99	        99	        99	        99	        99	        99	        99	        99	        99	        99	        99	        99	        99	        99	        99	        99	        99	        99	        99	        99	        99	        99	        99	        99	        99	        99	        99	        99	        99	        99	        99	        99	        99	        99	        99	        99	        99	        99	        99	        99	        99	        99	        99	        99	        99	        99	        99	        99	        99	        99	        99	        99	        99	        99	        99	        99	        99	        99	        99	        99	        99	        99	        99	        99	        99	        99	        99	        99	        99	        99	        99	        99	        99	        99	        99	        99	        99	        99	        99	        99	        99	        99	        99	        99	        99	        99	        99	        99	        99	        99	        99	        99	        99	        99	        99	        99	        99	        99	        99	        99	        99	        99	        99	        99	        99	        99	
        99	 98.972396	 98.944806	 98.917247	 98.889733	  98.86228	 98.834902	 98.807614	  98.78043	 98.753366	 98.726435	 98.699652	  98.67303	 98.646582	 98.620323	 98.594265	 98.568421	 98.542802	 98.517422	 98.492291	 98.467421	 98.442822	 98.418506	 98.394481	 98.370758	 98.347345	 98.324252	 98.301486	 98.279055	 98.256966	 98.235226	 98.213841	 98.192816	 98.172158	 98.151871	 98.131959	 98.112426	 98.093276	  98.07451	 98.056132	 98.038143	 98.020544	 98.003338	 97.986524	 97.970101	 97.954071	 97.938432	 97.923183	 97.908323	 97.893848	 97.879758	  97.86605	  97.85272	 97.839765	 97.827181	 97.814965	 97.803113	 97.791619	 97.780479	 97.769689	 97.759242	 97.749134	 97.739358	  97.72991	 97.720783	  97.71197	 97.703467	 97.695266	 97.687362	 97.679747	 97.672415	 97.665359	 97.658573	  97.65205	 97.645783	 97.639766	 97.633991	 97.628453	 97.623143	 97.618056	 97.613185	 97.608523	 97.604064	 97.599801	 97.595728	 97.591838	 97.588126	 97.584584	 97.581208	 97.577991	 97.574928	 97.572012	 97.569238	 97.566601	 97.564095	 97.561715	 97.559456	 97.557312	  97.55528	 97.553354	 97.551531	 97.549804	 97.548171	 97.546626	 97.545166	 97.543788	 97.542486	 97.541258	   97.5401	 97.539009	 97.537981	 97.537013	 97.536103	 97.535247	 97.534442	 97.533686	 97.532976	  97.53231	 97.531685	   97.5311	 97.530552	 97.530038	 97.529558	 97.529108	 97.528688	 97.528296	 97.527929	 97.527587	 97.527268	 97.526971	 97.526694	 97.526436	 97.526196	 97.525973	 97.525765	 97.525572	 97.525393	 97.525227	 97.525073	  97.52493	 97.524797	 97.524674	 97.524561	 97.524456	 97.524359	 97.524269	 97.524186	  97.52411	 97.524039	 97.523974	 97.523914	 97.523859	 97.523808	 97.523761	 97.523718	 97.523679	 97.523642	 97.523609	 97.523578	  97.52355	 97.523525	 97.523501	  97.52348	  97.52346	 97.523442	 97.523425	  97.52341	 97.523397	 97.523384	 97.523373	 97.523362	 97.523353	 97.523344	 97.523336	 97.523329	 97.523323	 97.523317	 97.523311	 97.523307	 97.523302	 97.523298	 97.523295	 97.523292	 97.523289	 97.523286	 97.523284	 97.523282	  97.52328	 97.523278	 97.523277	 97.523275	 97.523274	 97.523273	 97.523272	 97.523272	 97.523271	 97.523271	  97.52327	  97.52327	  97.52327	
        99	 98.944806	 98.889643	  98.83454	 98.779527	 98.724636	 98.669894	 98.615333	 98.560981	 98.506868	 98.453021	 98.399469	 98.346239	 98.293359	 98.240855	 98.188753	 98.137078	 98.085855	 98.035108	  97.98486	 97.935134	  97.88595	 97.837331	 97.789295	 97.741861	 97.695049	 97.648875	 97.603355	 97.558505	 97.514339	 97.470871	 97.428113	 97.386076	 97.344771	 97.304208	 97.264395	  97.22534	 97.187049	 97.149528	 97.112781	 97.076813	 97.041627	 97.007223	 96.973603	 96.940768	 96.908717	 96.877447	 96.846957	 96.817244	 96.788304	 96.760132	 96.732722	 96.706069	 96.680166	 96.655006	 96.630581	 96.606883	 96.583901	 96.561628	 96.540053	 96.519165	 96.498954	 96.479408	 96.460517	 96.442267	 96.424648	 96.407646	 96.391249	 96.375444	 96.360218	 96.345558	 96.331451	 96.317883	  96.30484	  96.29231	 96.280279	 96.268733	 96.257658	 96.247042	 96.236871	 96.227131	  96.21781	 96.208894	  96.20037	 96.192226	 96.184449	 96.177026	 96.169946	 96.163196	 96.156763	 96.150638	 96.144808	 96.139262	 96.133988	 96.128978	 96.124219	 96.119702	 96.115416	 96.111353	 96.107503	 96.103856	 96.100404	 96.097138	  96.09405	 96.091131	 96.088375	 96.085773	 96.083317	 96.081002	  96.07882	 96.076765	  96.07483	 96.073009	 96.071297	 96.069688	 96.068176	 96.066757	 96.065426	 96.064177	 96.063006	  96.06191	 96.060883	 96.059922	 96.059024	 96.058184	 96.057399	 96.056666	 96.055982	 96.055345	  96.05475	 96.054196	 96.053681	 96.053201	 96.052754	 96.052339	 96.051953	 96.051595	 96.051263	 96.050955	 96.050669	 96.050404	 96.050159	 96.049932	 96.049722	 96.049528	 96.049348	 96.049182	 96.049029	 96.048888	 96.048758	 96.048638	 96.048528	 96.048426	 96.048333	 96.048247	 96.048168	 96.048095	 96.048028	 96.047967	 96.047911	  96.04786	 96.047813	  96.04777	  96.04773	 96.047694	 96.047661	 96.047631	 96.047604	 96.047579	 96.047556	 96.047535	 96.047516	 96.047499	 96.047483	 96.047469	 96.047456	 96.047444	 96.047434	 96.047424	 96.047415	 96.047407	   96.0474	 96.047394	 96.047388	 96.047383	 96.047378	 96.047374	  96.04737	 96.047367	 96.047364	 96.047361	 96.047359	 96.047357	 96.047355	 96.047354	 96.047353	 96.047352	 96.047351	 96.047351	  96.04735	
        99	 98.917247	  98.83454	 98.751923	 98.669442	 98.587142	 98.505068	 98.423264	 98.341773	  98.26064	 98.179906	 98.099615	 98.019807	 97.940523	 97.861803	 97.783686	 97.706209	  97.62941	 97.553324	 97.477987	 97.403431	  97.32969	 97.256793	 97.184772	 97.113655	 97.043469	 96.974239	  96.90599	 96.838746	 96.772528	 96.707355	 96.643247	 96.580221	 96.518292	 96.457475	 96.397783	 96.339227	 96.281817	 96.225561	 96.170466	 96.116539	 96.063783	 96.012201	 95.961795	 95.912565	 95.864509	 95.817627	 95.771913	 95.727364	 95.683973	 95.641734	 95.600638	 95.560677	 95.521841	 95.484118	 95.447497	 95.411965	 95.377509	 95.344114	 95.311766	 95.280449	 95.250146	 95.220841	 95.192517	 95.165155	 95.138738	 95.113247	 95.088663	 95.064966	 95.042138	 95.020158	 94.999007	 94.978664	 94.959109	 94.940322	 94.922283	 94.904972	 94.888368	 94.872451	 94.857201	 94.842598	 94.828623	 94.815255	 94.802475	 94.790265	 94.778604	 94.767475	  94.75686	 94.746739	 94.737095	 94.727911	  94.71917	 94.710854	 94.702948	 94.695436	 94.688301	 94.681528	 94.675103	 94.669011	 94.663238	  94.65777	 94.652595	 94.647698	 94.643068	 94.638692	 94.634559	 94.630658	 94.626976	 94.623505	 94.620234	 94.617152	 94.614251	 94.611521	 94.608954	 94.606542	 94.604275	 94.602148	 94.600151	 94.598279	 94.596524	 94.594879	  94.59334	   94.5919	 94.590552	 94.589293	 94.588117	 94.587018	 94.585993	 94.585037	 94.584145	 94.583315	 94.582542	 94.581822	 94.581153	  94.58053	 94.579952	 94.579415	 94.578917	 94.578455	 94.578026	 94.577629	 94.577261	 94.576921	 94.576606	 94.576315	 94.576046	 94.575797	 94.575568	 94.575356	 94.575161	 94.574982	 94.574816	 94.574664	 94.574523	 94.574395	 94.574276	 94.574167	 94.574067	 94.573976	 94.573892	 94.573815	 94.573744	 94.573679	  94.57362	 94.573566	 94.573517	 94.573472	 94.573431	 94.573393	 94.573359	 94.573327	 94.573299	 94.573273	  94.57325	 94.573228	 94.573209	 94.573191	 94.573175	 94.573161	 94.573148	 94.573136	 94.573125	 94.573115	 94.573107	 94.573099	 94.573092	 94.573086	  94.57308	 94.573075	 94.573071	 94.573067	 94.573063	  94.57306	 94.573058	 94.573056	 94.573054	 94.573053	 94.573052	 94.573051	 94.573051	
        99	 98.889733	 98.779527	 98.669442	 98.559538	 98.449875	 98.340513	  98.23151	 98.122926	 98.014817	 97.907241	 97.800255	 97.693912	 97.588268	 97.483375	 97.379285	 97.276049	 97.173716	 97.072333	 96.971947	 96.872603	 96.774344	 96.677212	 96.581245	 96.486482	  96.39296	 96.300713	 96.209773	 96.120172	 96.031937	 95.945096	 95.859673	 95.775692	 95.693173	 95.612136	 95.532597	 95.454572	 95.378074	 95.303114	 95.229702	 95.157845	 95.087549	 95.018817	 94.951651	 94.886053	  94.82202	  94.75955	 94.698637	 94.639276	 94.581459	 94.525176	 94.470417	  94.41717	 94.365421	 94.315156	  94.26636	 94.219014	 94.173102	 94.128604	 94.085501	 94.043771	 94.003393	 93.964345	 93.926603	 93.890145	 93.854944	 93.820978	  93.78822	 93.756645	 93.726227	 93.696939	 93.668755	 93.641649	 93.615592	 93.590559	 93.566523	 93.543456	 93.521331	 93.500122	 93.479802	 93.460344	 93.441722	 93.423909	 93.406881	 93.390611	 93.375073	 93.360244	 93.346099	 93.332613	 93.319763	 93.307526	 93.295878	 93.284798	 93.274263	 93.264253	 93.254745	 93.245721	  93.23716	 93.229043	  93.22135	 93.214065	 93.207168	 93.200643	 93.194474	 93.188643	 93.183136	 93.177937	 93.173032	 93.168407	 93.164048	 93.159942	 93.156076	 93.152439	 93.149018	 93.145803	 93.142784	 93.139948	 93.137288	 93.134793	 93.132454	 93.130264	 93.128212	 93.126293	 93.124498	  93.12282	 93.121252	 93.119788	 93.118422	 93.117148	 93.115961	 93.114854	 93.113824	 93.112865	 93.111973	 93.111144	 93.110373	 93.109658	 93.108994	 93.108378	 93.107807	 93.107278	 93.106788	 93.106334	 93.105914	 93.105527	 93.105168	 93.104837	 93.104532	  93.10425	  93.10399	  93.10375	  93.10353	 93.103326	  93.10314	 93.102968	  93.10281	 93.102665	 93.102532	  93.10241	 93.102298	 93.102195	 93.102101	 93.102015	 93.101936	 93.101864	 93.101798	 93.101738	 93.101683	 93.101633	 93.101588	 93.101546	 93.101508	 93.101474	 93.101442	 93.101414	 93.101388	 93.101364	 93.101343	 93.101324	 93.101306	 93.101291	 93.101276	 93.101263	 93.101252	 93.101241	 93.101232	 93.101224	 93.101216	  93.10121	 93.101204	 93.101198	 93.101194	  93.10119	 93.101187	 93.101184	 93.101182	  93.10118	 93.101179	 93.101178	 93.101177	
        99	  98.86228	 98.724636	 98.587142	 98.449875	 98.312909	 98.176319	 98.040178	 97.904558	 97.769534	 97.635175	 97.501551	 97.368732	 97.236785	 97.105777	 96.975772	 96.846832	 96.719021	 96.592397	 96.467018	  96.34294	 96.220217	 96.098901	 95.979041	 95.860686	 95.743879	 95.628665	 95.515084	 95.403174	 95.292971	 95.184508	 95.077818	 94.972928	 94.869864	 94.768651	 94.669309	 94.571858	 94.476314	 94.382692	 94.291002	 94.201254	 94.113456	 94.027612	 93.943724	 93.861793	 93.781818	 93.703795	 93.627716	 93.553576	 93.481364	 93.411068	 93.342676	 93.276171	 93.211539	 93.148759	 93.087813	  93.02868	 92.971337	 92.915761	 92.861926	 92.809806	 92.759375	 92.710605	 92.663467	 92.617931	 92.573967	 92.531544	  92.49063	 92.451194	 92.413202	 92.376623	 92.341422	 92.307566	 92.275023	 92.243758	 92.213737	 92.184927	 92.157293	 92.130804	 92.105424	 92.081122	 92.057863	 92.035616	 92.014348	 91.994027	 91.974621	   91.9561	 91.938433	  91.92159	 91.905541	 91.890256	 91.875709	  91.86187	 91.848712	 91.836209	 91.824335	 91.813064	 91.802371	 91.792233	 91.782625	 91.773526	 91.764912	 91.756763	 91.749057	 91.741775	 91.734897	 91.728404	 91.722277	 91.716501	 91.711056	 91.705928	   91.7011	 91.696557	 91.692285	  91.68827	 91.684498	 91.680957	 91.677634	 91.674518	 91.671597	 91.668861	 91.666299	 91.663901	 91.661659	 91.659564	 91.657606	 91.655777	 91.654071	  91.65248	 91.650997	 91.649615	 91.648328	  91.64713	 91.646016	  91.64498	 91.644018	 91.643124	 91.642295	 91.641526	 91.640813	 91.640152	  91.63954	 91.638973	 91.638449	 91.637965	 91.637517	 91.637104	 91.636722	  91.63637	 91.636045	 91.635746	 91.635471	 91.635217	 91.634984	 91.634769	 91.634572	 91.634391	 91.634224	 91.634072	 91.633932	 91.633804	 91.633686	 91.633579	  91.63348	 91.633391	 91.633308	 91.633233	 91.633165	 91.633102	 91.633045	 91.632993	 91.632946	 91.632903	 91.632864	 91.632828	 91.632796	 91.632766	  91.63274	 91.632716	 91.632694	 91.632674	 91.632656	  91.63264	 91.632626	 91.632613	 91.632601	 91.632591	 91.632581	 91.632573	 91.632566	 91.632559	 91.632553	 91.632549	 91.632544	 91.632541	 91.632538	 91.632536	 91.632534	 91.632533	 91.632533	
        99	 98.834902	 98.669894	 98.505068	 98.340513	 98.176319	 98.012575	 97.849369	  97.68679	 97.524923	 97.363854	 97.203666	 97.044444	 96.886266	 96.729214	 96.573364	 96.418793	 96.265573	 96.113776	 95.963473	 95.814729	 95.667609	 95.522176	 95.378489	 95.236604	 95.096577	 94.958459	 94.822298	 94.688141	  94.55603	 94.426006	 94.298106	 94.172364	 94.048812	 93.927478	 93.808388	 93.691564	 93.577026	 93.464792	 93.354875	 93.247286	 93.142033	 93.039124	  92.93856	 92.840342	 92.744468	 92.650933	 92.559731	 92.470852	 92.384284	 92.300014	 92.218026	 92.138301	 92.060819	 91.985559	 91.912498	 91.841609	 91.772867	 91.706242	 91.641705	 91.579224	 91.518768	 91.460303	 91.403794	 91.349205	 91.296501	 91.245645	 91.196597	 91.149321	 91.103777	 91.059926	 91.017727	 90.977141	 90.938128	 90.900648	 90.864659	 90.830121	 90.796995	 90.765239	 90.734815	 90.705681	 90.677798	 90.651129	 90.625632	 90.601272	 90.578008	 90.555806	 90.534626	 90.514434	 90.495195	 90.476872	 90.459432	 90.442842	 90.427069	 90.412081	 90.397846	 90.384334	 90.371516	 90.359362	 90.347844	 90.336936	  90.32661	 90.316841	 90.307603	 90.298873	 90.290628	 90.282844	   90.2755	 90.268574	 90.262048	   90.2559	 90.250112	 90.244666	 90.239545	 90.234731	  90.23021	 90.225965	 90.221981	 90.218246	 90.214744	 90.211464	 90.208393	 90.205519	 90.202831	 90.200319	 90.197971	  90.19578	 90.193734	 90.191827	 90.190049	 90.188392	 90.186849	 90.185413	 90.184078	 90.182836	 90.181683	 90.180611	 90.179617	 90.178695	  90.17784	 90.177048	 90.176314	 90.175635	 90.175007	 90.174426	 90.173889	 90.173394	 90.172936	 90.172514	 90.172125	 90.171766	 90.171436	 90.171132	 90.170852	 90.170595	 90.170359	 90.170141	 90.169942	 90.169759	 90.169592	 90.169438	 90.169297	 90.169168	  90.16905	 90.168942	 90.168844	 90.168754	 90.168672	 90.168597	 90.168528	 90.168466	 90.168409	 90.168358	 90.168311	 90.168268	 90.168229	 90.168194	 90.168162	 90.168133	 90.168107	 90.168084	 90.168062	 90.168043	 90.168026	  90.16801	 90.167996	 90.167983	 90.167972	 90.167962	 90.167954	 90.167946	 90.167939	 90.167933	 90.167928	 90.167924	 90.167921	 90.167918	 90.167916	 90.167915	 90.167914	
        99	 98.807614	 98.615333	 98.423264	  98.23151	 98.040178	 97.849369	 97.659188	 97.469737	 97.281116	 97.093425	 96.906761	 96.721221	   96.5369	  96.35389	  96.17228	  95.99216	 95.813616	  95.63673	 95.461584	 95.288255	 95.116819	 94.947348	 94.779911	 94.614576	 94.451404	 94.290457	 94.131791	  93.97546	 93.821513	 93.669998	 93.520958	 93.374433	  93.23046	 93.089072	 92.950298	 92.814165	 92.680696	 92.549911	 92.421826	 92.296454	 92.173806	 92.053887	 91.936701	 91.822249	 91.710529	 91.601535	 91.495258	 91.391689	 91.290813	 91.192614	 91.097074	 91.004172	 90.913884	 90.826185	 90.741048	 90.658443	 90.578338	 90.500701	 90.425497	 90.352689	 90.282241	 90.214112	 90.148263	 90.084652	 90.023237	 89.963974	  89.90682	  89.85173	 89.798658	 89.747559	 89.698386	 89.651092	 89.605631	 89.561955	 89.520018	 89.479772	  89.44117	 89.404166	 89.368712	 89.334763	 89.302272	 89.271194	 89.241484	 89.213097	 89.185989	 89.160116	 89.135436	 89.111907	 89.089487	 89.068136	 89.047814	 89.028482	 89.010101	 88.992636	 88.976048	 88.960303	 88.945366	 88.931203	 88.917782	 88.905071	 88.893038	 88.881654	  88.87089	 88.860717	 88.851109	 88.842038	  88.83348	  88.82541	 88.817804	  88.81064	 88.803896	  88.79755	 88.791582	 88.785973	 88.780704	 88.775757	 88.771116	 88.766763	 88.762683	  88.75886	 88.755281	 88.751933	   88.7488	 88.745873	 88.743137	 88.740584	   88.7382	 88.735977	 88.733905	 88.731974	 88.730177	 88.728504	 88.726947	 88.725501	 88.724157	 88.722908	  88.72175	 88.720675	 88.719679	 88.718756	 88.717901	 88.717109	 88.716377	 88.715701	 88.715075	 88.714498	 88.713964	 88.713473	 88.713019	 88.712601	 88.712216	 88.711862	 88.711536	 88.711236	 88.710961	 88.710708	 88.710475	 88.710262	 88.710067	 88.709888	 88.709724	 88.709574	 88.709436	 88.709311	 88.709196	 88.709091	 88.708995	 88.708908	 88.708828	 88.708756	 88.708689	 88.708629	 88.708575	 88.708525	  88.70848	 88.708439	 88.708402	 88.708368	 88.708337	  88.70831	 88.708285	 88.708262	 88.708242	 88.708224	 88.708208	 88.708193	  88.70818	 88.708168	 88.708158	 88.708149	 88.708141	 88.708135	 88.708129	 88.708124	  88.70812	 88.708117	 88.708114	 88.708113	 88.708112	
        99	  98.78043	 98.560981	 98.341773	 98.122926	 97.904558	  97.68679	 97.469737	 97.253517	 97.038245	 96.824033	 96.610995	 96.399239	 96.188874	 95.980005	 95.772735	 95.567165	 95.363393	 95.161514	  94.96162	   94.7638	 94.568141	 94.374724	  94.18363	 93.994933	 93.808706	 93.625018	 93.443933	 93.265513	 93.089814	 92.916891	 92.746792	 92.579563	 92.415247	 92.253881	 92.095499	 91.940131	 91.787804	 91.638539	 91.492356	  91.34927	 91.209292	 91.072429	 90.938685	 90.808062	 90.680556	 90.556161	 90.434868	 90.316665	 90.201536	 90.089462	 89.980423	 89.874394	 89.771348	 89.671258	 89.574091	 89.479814	 89.388391	 89.299784	 89.213954	 89.130859	 89.050456	 88.972701	 88.897548	 88.824949	 88.754856	  88.68722	 88.621991	 88.559116	 88.498546	 88.440226	 88.384105	 88.330129	 88.278244	 88.228397	 88.180534	 88.134602	 88.090546	 88.048313	  88.00785	 87.969104	 87.932022	 87.896553	 87.862645	 87.830247	 87.799308	  87.76978	 87.741613	 87.714759	 87.689171	 87.664803	  87.64161	 87.619546	 87.598569	 87.578635	 87.559704	 87.541734	 87.524687	 87.508523	 87.493205	 87.478698	 87.464965	 87.451972	 87.439687	 87.428077	 87.417111	 87.406759	 87.396992	 87.387781	 87.379101	 87.370925	 87.363227	 87.355985	 87.349174	 87.342772	 87.336759	 87.331113	 87.325816	 87.320847	 87.316191	 87.311828	 87.307744	 87.303922	 87.300347	 87.297006	 87.293884	 87.290969	 87.288249	 87.285712	 87.283347	 87.281144	 87.279092	 87.277183	 87.275406	 87.273755	 87.272221	 87.270797	 87.269474	 87.268248	 87.267111	 87.266057	 87.265081	 87.264178	 87.263343	  87.26257	 87.261857	 87.261197	 87.260589	 87.260028	  87.25951	 87.259033	 87.258594	 87.258189	 87.257817	 87.257475	 87.257161	 87.256872	 87.256607	 87.256364	 87.256141	 87.255936	 87.255749	 87.255578	 87.255421	 87.255278	 87.255147	 87.255027	 87.254918	 87.254818	 87.254727	 87.254644	 87.254569	   87.2545	 87.254438	 87.254381	 87.254329	 87.254282	  87.25424	 87.254202	 87.254167	 87.254135	 87.254107	 87.254081	 87.254058	 87.254037	 87.254019	 87.254002	 87.253987	 87.253974	 87.253962	 87.253952	 87.253943	 87.253935	 87.253929	 87.253923	 87.253919	 87.253915	 87.253912	 87.253911	  87.25391	
        99	 98.753366	 98.506868	  98.26064	 98.014817	 97.769534	 97.524923	 97.281116	 97.038245	 96.796438	 96.555823	 96.316525	 96.078668	 95.842373	 95.607759	  95.37494	 95.144032	 94.915143	  94.68838	 94.463847	 94.241644	 94.021867	  93.80461	 93.589961	 93.378006	 93.168825	 92.962495	 92.759089	 92.558677	 92.361322	 92.167083	 91.976018	 91.788177	 91.603607	 91.422351	 91.244447	 91.069928	 90.898825	 90.731162	  90.56696	 90.406237	 90.249005	 90.095272	 89.945043	 89.798319	 89.655097	 89.515369	 89.379126	 89.246353	 89.117032	 88.991144	 88.868665	 88.749566	  88.63382	 88.521392	 88.412249	 88.306351	 88.203659	  88.10413	 88.007721	 87.914383	  87.82407	 87.736731	 87.652314	 87.570767	 87.492034	 87.416061	 87.342792	 87.272168	 87.204131	 87.138623	 87.075584	 87.014955	 86.956675	 86.900684	 86.846921	 86.795327	 86.745841	 86.698402	 86.652952	  86.60943	 86.567778	 86.527937	 86.489849	 86.453457	 86.418705	 86.385537	 86.353898	 86.323734	 86.294993	 86.267621	 86.241569	 86.216785	 86.193222	 86.170832	 86.149567	 86.129382	 86.110233	 86.092077	 86.074872	 86.058576	  86.04315	 86.028556	 86.014757	 86.001716	 85.989398	  85.97777	 85.966799	 85.956453	 85.946703	 85.937519	 85.928872	 85.920737	 85.913087	 85.905896	 85.899141	   85.8928	 85.886849	 85.881269	 85.876038	 85.871138	  85.86655	 85.862257	 85.858242	 85.854488	 85.850982	 85.847708	 85.844653	 85.841803	 85.839146	 85.836671	 85.834367	 85.832222	 85.830227	 85.828372	 85.826649	 85.825049	 85.823564	 85.822186	 85.820909	 85.819725	 85.818629	 85.817615	 85.816676	 85.815809	 85.815007	 85.814266	 85.813583	 85.812952	 85.812371	 85.811835	 85.811342	 85.810888	  85.81047	 85.810085	 85.809732	 85.809408	  85.80911	 85.808837	 85.808586	 85.808357	 85.808147	 85.807954	 85.807778	 85.807617	  85.80747	 85.807335	 85.807212	   85.8071	 85.806998	 85.806905	 85.806821	 85.806743	 85.806673	  85.80661	 85.806552	 85.806499	 85.806451	 85.806408	 85.806369	 85.806334	 85.806302	 85.806273	 85.806247	 85.806224	 85.806203	 85.806184	 85.806168	 85.806153	  85.80614	 85.806128	 85.806118	 85.806109	 85.806102	 85.806095	  85.80609	 85.806086	 85.806083	 85.806081	  85.80608	
        99	 98.726435	 98.453021	 98.179906	 97.907241	 97.635175	 97.363854	 97.093425	 96.824033	 96.555823	 96.288934	 96.023506	 95.759677	  95.49758	 95.237347	 94.979107	 94.722984	 94.469102	 94.217578	 93.968527	 93.722061	 93.478286	 93.237306	 92.999219	 92.764119	 92.532097	 92.303237	 92.077621	 91.855325	  91.63642	 91.420972	 91.209043	 91.000691	 90.795968	 90.594919	 90.397589	 90.204014	 90.014227	 89.828257	 89.646125	 89.467852	 89.293451	 89.122932	 88.956299	 88.793554	 88.634692	 88.479707	 88.328587	 88.181316	 88.037874	  87.89824	 87.762387	 87.630284	 87.501898	 87.377194	 87.256133	 87.138672	 87.024766	  86.91437	 86.807433	 86.703904	 86.603729	 86.506853	 86.413218	 86.322766	 86.235437	 86.151168	 86.069898	 85.991562	 85.916096	 85.843435	 85.773513	 85.706263	 85.641619	 85.579514	 85.519881	 85.462653	 85.407764	 85.355145	 85.304732	 85.256458	 85.210257	 85.166066	 85.123819	 85.083454	 85.044907	 85.008117	 84.973023	 84.939566	 84.907686	 84.877325	 84.848428	 84.820939	 84.794803	 84.769967	  84.74638	 84.723992	 84.702752	 84.682613	 84.663529	 84.645454	 84.628344	 84.612156	  84.59685	 84.582385	 84.568722	 84.555824	 84.543655	  84.53218	 84.521365	 84.511178	 84.501588	 84.492564	 84.484078	 84.476102	  84.46861	 84.461576	 84.454976	 84.448786	 84.442984	 84.437549	  84.43246	 84.427698	 84.423244	 84.419081	 84.415192	  84.41156	 84.408172	 84.405011	 84.402064	 84.399319	 84.396762	 84.394383	 84.392171	 84.390113	 84.388202	 84.386427	  84.38478	 84.383252	 84.381835	 84.380522	 84.379306	 84.378181	  84.37714	 84.376178	 84.375289	 84.374467	 84.373709	  84.37301	 84.372365	 84.371771	 84.371223	  84.37072	 84.370256	  84.36983	 84.369438	 84.369078	 84.368748	 84.368445	 84.368167	 84.367913	 84.367679	 84.367466	  84.36727	 84.367092	 84.366928	 84.366779	 84.366643	 84.366519	 84.366406	 84.366302	 84.366208	 84.366123	 84.366045	 84.365974	  84.36591	 84.365852	 84.365799	 84.365751	 84.365708	 84.365669	 84.365633	 84.365601	 84.365572	 84.365547	 84.365523	 84.365503	 84.365484	 84.365468	 84.365453	  84.36544	 84.365429	 84.365419	 84.365411	 84.365404	 84.365398	 84.365394	 84.365391	 84.365389	 84.365387	
        99	 98.699652	 98.399469	 98.099615	 97.800255	 97.501551	 97.203666	 96.906761	 96.610995	 96.316525	 96.023506	 95.732092	 95.442432	 95.154675	 94.868964	  94.58544	 94.304242	 94.025503	 93.749354	  93.47592	 93.205323	 92.937682	 92.673108	 92.411711	 92.153594	 91.898855	 91.647589	 91.399884	 91.155824	 90.915487	 90.678945	 90.446268	 90.217517	  89.99275	 89.772018	 89.555368	 89.342841	 89.134473	 88.930295	 88.730332	 88.534605	 88.343129	 88.155915	 87.972968	 87.794289	 87.619874	 87.449715	   87.2838	  87.12211	 86.964625	  86.81132	 86.662166	 86.517129	 86.376174	 86.239261	 86.106347	 85.977386	 85.852328	 85.731124	 85.613717	 85.500052	 85.390069	 85.283709	 85.180907	 85.081599	 84.985719	 84.893201	 84.803973	 84.717968	 84.635114	 84.555339	 84.478571	 84.404737	 84.333764	 84.265579	 84.200107	 84.137277	 84.077013	 84.019243	 83.963894	 83.910893	 83.860169	 83.811651	 83.765268	 83.720951	  83.67863	 83.638239	 83.599709	 83.562976	 83.527975	 83.494642	 83.462916	 83.432735	  83.40404	 83.376773	 83.350877	 83.326296	 83.302977	 83.280866	 83.259914	 83.240069	 83.221284	 83.203512	 83.186707	 83.170825	 83.155825	 83.141664	 83.128304	 83.115705	 83.103831	 83.092647	 83.082117	  83.07221	 83.062894	 83.054137	 83.045911	 83.038189	 83.030942	 83.024146	 83.017776	 83.011809	 83.006222	 83.000994	 82.996104	 82.991533	 82.987263	 82.983276	 82.979555	 82.976085	  82.97285	 82.969836	 82.967029	 82.964417	 82.961988	 82.959729	 82.957631	 82.955682	 82.953873	 82.952196	  82.95064	 82.949199	 82.947864	 82.946629	 82.945486	 82.944429	 82.943453	 82.942551	 82.941719	 82.940951	 82.940243	 82.939591	  82.93899	 82.938437	 82.937928	  82.93746	  82.93703	 82.936635	 82.936272	  82.93594	 82.935634	 82.935355	 82.935099	 82.934864	  82.93465	 82.934454	 82.934274	 82.934111	 82.933961	 82.933825	   82.9337	 82.933587	 82.933484	  82.93339	 82.933305	 82.933227	 82.933156	 82.933092	 82.933034	 82.932982	 82.932934	 82.932891	 82.932852	 82.932817	 82.932786	 82.932757	 82.932732	 82.932709	 82.932689	 82.932671	 82.932655	  82.93264	 82.932628	 82.932618	 82.932608	 82.932601	 82.932595	  82.93259	 82.932586	 82.932584	 82.932583	
        99	  98.67303	 98.346239	 98.019807	 97.693912	 97.368732	 97.044444	 96.721221	 96.399239	 96.078668	 95.759677	 95.442432	 95.127098	 94.813834	 94.502798	 94.194144	 93.888021	 93.584576	 93.283949	 92.986278	 92.691697	 92.400332	 92.112308	 91.827741	 91.546745	 91.269427	 90.995889	 90.726228	 90.460535	 90.198894	 89.941387	 89.688086	 89.439059	 89.194369	 88.954071	 88.718218	 88.486853	 88.260016	  88.03774	 87.820053	 87.606977	  87.39853	 87.194721	 86.995558	 86.801041	 86.611167	 86.425925	 86.245303	 86.069282	 85.897838	 85.730944	 85.568569	 85.410677	 85.257228	 85.108179	 84.963484	 84.823092	  84.68695	 84.555002	 84.427188	 84.303448	 84.183717	 84.067929	 83.956015	 83.847905	 83.743527	 83.642807	 83.545671	 83.452042	 83.361844	 83.274998	 83.191426	 83.111047	 83.033784	 82.959554	  82.88828	  82.81988	 82.754274	 82.691384	 82.631128	  82.57343	 82.518211	 82.465392	 82.414898	 82.366652	  82.32058	 82.276608	 82.234664	 82.194675	 82.156571	 82.120284	 82.085745	 82.052889	 82.021651	 81.991967	 81.963775	 81.937016	  81.91163	  81.88756	  81.86475	 81.843146	 81.822696	 81.803348	 81.785054	 81.767765	 81.751434	 81.736019	 81.721474	 81.707759	 81.694832	 81.682657	 81.671194	 81.660409	 81.650266	 81.640733	 81.631779	 81.623371	 81.615483	 81.608084	  81.60115	 81.594654	 81.588571	  81.58288	 81.577556	 81.572581	 81.567932	 81.563592	 81.559541	 81.555763	 81.552241	  81.54896	 81.545905	 81.543061	 81.540416	 81.537957	 81.535673	 81.533551	 81.531582	 81.529756	 81.528063	 81.526494	 81.525041	 81.523696	 81.522452	 81.521302	 81.520239	 81.519257	 81.518351	 81.517515	 81.516744	 81.516034	  81.51538	 81.514778	 81.514224	 81.513714	 81.513246	 81.512816	 81.512421	 81.512059	 81.511727	 81.511423	 81.511144	 81.510889	 81.510655	 81.510442	 81.510246	 81.510068	 81.509905	 81.509757	 81.509622	 81.509498	 81.509386	 81.509284	 81.509191	 81.509106	 81.509029	  81.50896	 81.508897	 81.508839	 81.508787	 81.508741	 81.508698	  81.50866	 81.508626	 81.508595	 81.508567	 81.508542	  81.50852	   81.5085	 81.508483	 81.508468	 81.508454	 81.508443	 81.508433	 81.508425	 81.508418	 81.508412	 81.508408	 81.508406	 81.508405	
        99	 98.646582	 98.293359	 97.940523	 97.588268	 97.236785	 96.886266	   96.5369	 96.188874	 95.842373	  95.49758	 95.154675	 94.813834	 94.475232	 94.139038	 93.805417	 93.474533	 93.146543	   92.8216	 92.499852	 92.181443	 91.866511	 91.555189	 91.247605	  90.94388	 90.644131	 90.348468	 90.056995	 89.769811	 89.487008	 89.208671	 88.934882	 88.665712	  88.40123	 88.141496	 87.886565	 87.636486	 87.391301	 87.151046	 86.915751	 86.685441	 86.460132	 86.239839	 86.024566	 85.814316	 85.609083	 85.408858	 85.213626	 85.023367	 84.838056	 84.657663	 84.482154	  84.31149	 84.145629	 83.984525	 83.828126	 83.676378	 83.529224	 83.386603	 83.248451	 83.114702	 82.985287	 82.860133	 82.739166	 82.622312	 82.509491	 82.400624	 82.295632	  82.19443	 82.096936	 82.003065	 81.912732	 81.825853	 81.742339	 81.662106	 81.585067	 81.511134	 81.440222	 81.372244	 81.307115	  81.24475	 81.185064	 81.127973	 81.073394	 81.021246	 80.971448	 80.923919	 80.878582	 80.835358	 80.794172	  80.75495	 80.717618	 80.682104	 80.648339	 80.616254	 80.585783	 80.556859	 80.529419	 80.503402	 80.478747	 80.455396	 80.433291	 80.412379	 80.392605	 80.373917	 80.356266	 80.339603	 80.323882	 80.309057	 80.295086	 80.281925	 80.269535	 80.257878	 80.246915	 80.236611	 80.226932	 80.217845	 80.209318	 80.201321	 80.193826	 80.186804	  80.18023	 80.174078	 80.168324	 80.162946	 80.157921	 80.153229	 80.148851	 80.144768	 80.140961	 80.137414	 80.134112	 80.131038	  80.12818	 80.125522	 80.123053	  80.12076	 80.118631	 80.116657	 80.114827	 80.113131	  80.11156	 80.110107	 80.108762	 80.107519	  80.10637	 80.105309	 80.104329	 80.103426	 80.102593	 80.101825	 80.101118	 80.100467	 80.099868	 80.099318	 80.098812	 80.098347	  80.09792	 80.097529	  80.09717	 80.096841	 80.096539	 80.096264	 80.096011	  80.09578	 80.095569	 80.095377	 80.095201	  80.09504	 80.094894	 80.094761	 80.094639	 80.094529	 80.094428	 80.094337	 80.094254	 80.094179	  80.09411	 80.094048	 80.093992	 80.093942	 80.093896	 80.093855	 80.093818	 80.093784	 80.093754	 80.093727	 80.093703	 80.093682	 80.093663	 80.093647	 80.093632	  80.09362	 80.093609	   80.0936	 80.093593	 80.093587	 80.093583	  80.09358	 80.093579	
        99	 98.620323	 98.240855	 97.861803	 97.483375	 97.105777	 96.729214	  96.35389	 95.980005	 95.607759	 95.237347	 94.868964	 94.502798	 94.139038	 93.777864	 93.419455	 93.063986	 92.711626	 92.362539	 92.016885	 91.674818	 91.336487	 91.002033	 90.671595	 90.345303	 90.023283	 89.705651	 89.392522	    89.084	 88.780184	 88.481167	 88.187034	 87.897865	 87.613732	 87.334699	 87.060827	 86.792167	 86.528765	 86.270658	 86.017881	 85.770458	 85.528409	 85.291747	  85.06048	 84.834608	 84.614126	 84.399024	 84.189286	 83.984891	 83.785811	 83.592014	 83.403465	 83.220121	 83.041936	 82.868861	 82.700842	 82.537819	 82.379731	 82.226514	 82.078097	  81.93441	 81.795379	 81.660926	 81.530972	 81.405435	 81.284231	 81.167276	 81.054482	 80.945761	 80.841023	 80.740177	 80.643133	 80.549798	  80.46008	 80.373885	 80.291121	 80.211695	 80.135515	 80.062486	 79.992518	 79.925519	 79.861398	 79.800065	 79.741432	 79.685409	  79.63191	  79.58085	 79.532144	 79.485709	 79.441463	 79.399327	 79.359221	 79.321068	 79.284795	 79.250326	  79.21759	 79.186517	 79.157038	 79.129088	 79.102601	 79.077515	 79.053768	 79.031302	 79.010059	 78.989983	  78.97102	 78.953119	  78.93623	 78.920304	 78.905294	 78.891155	 78.877845	 78.865321	 78.853544	 78.842474	 78.832076	 78.822314	 78.813153	 78.804562	  78.79651	 78.788967	 78.781904	 78.775295	 78.769114	 78.763336	 78.757938	 78.752898	 78.748194	 78.743807	 78.739718	 78.735907	  78.73236	 78.729058	 78.725986	 78.723131	 78.720479	 78.718015	 78.715729	 78.713608	 78.711642	  78.70982	 78.708133	 78.706571	 78.705126	 78.703791	 78.702556	 78.701416	 78.700364	 78.699394	 78.698499	 78.697674	 78.696914	 78.696215	 78.695572	  78.69498	 78.694437	 78.693937	 78.693479	 78.693058	 78.692673	 78.692319	 78.691995	 78.691699	 78.691428	  78.69118	 78.690953	 78.690746	 78.690557	 78.690385	 78.690228	 78.690085	 78.689954	 78.689835	 78.689727	 78.689629	  78.68954	 78.689459	 78.689386	 78.689319	 78.689259	 78.689205	 78.689156	 78.689111	 78.689071	 78.689036	 78.689003	 78.688974	 78.688949	 78.688926	 78.688906	 78.688888	 78.688872	 78.688859	 78.688847	 78.688838	  78.68883	 78.688824	 78.688819	 78.688816	 78.688815	
        99	 98.594265	 98.188753	 97.783686	 97.379285	 96.975772	 96.573364	  96.17228	 95.772735	  95.37494	 94.979107	  94.58544	 94.194144	 93.805417	 93.419455	 93.036448	 92.656583	 92.280039	 91.906994	 91.537617	 91.172073	  90.81052	 90.453112	 90.099996	  89.75131	 89.407188	 89.067757	 88.733136	 88.403439	 88.078772	 87.759233	 87.444913	 87.135897	 86.832263	  86.53408	 86.241412	 85.954313	 85.672832	 85.397012	 85.126885	 84.862481	  84.60382	 84.350915	 84.103775	 83.862401	 83.626787	 83.396922	  83.17279	 82.954366	 82.741622	 82.534525	 82.333035	 82.137108	 81.946694	 81.761741	 81.582189	 81.407978	  81.23904	 81.075307	 80.916704	 80.763156	 80.614582	 80.470901	 80.332028	 80.197875	 80.068353	 79.943371	 79.822836	 79.706653	 79.594726	  79.48696	 79.383255	 79.283514	 79.187638	 79.095528	 79.007084	 78.922207	 78.840797	 78.762757	 78.687986	 78.616389	 78.547867	 78.482325	 78.419667	   78.3598	  78.30263	 78.248065	 78.196016	 78.146394	 78.099111	 78.054083	 78.011224	 77.970454	  77.93169	 77.894856	 77.859873	 77.826667	 77.795166	 77.765297	 77.736993	 77.710185	 77.684808	   77.6608	 77.638098	 77.616644	 77.596381	 77.577251	 77.559203	 77.542183	 77.526143	 77.511035	 77.496811	 77.483427	 77.470842	 77.459012	 77.447901	 77.437468	 77.427679	 77.418499	 77.409894	 77.401832	 77.394285	 77.387222	 77.380617	 77.374442	 77.368674	 77.363288	 77.358261	 77.353573	 77.349203	 77.345132	  77.34134	 77.337812	  77.33453	 77.331479	 77.328644	 77.326011	 77.323568	 77.321302	   77.3192	 77.317253	  77.31545	 77.313782	 77.312238	  77.31081	 77.309491	 77.308273	 77.307149	 77.306112	 77.305155	 77.304274	 77.303462	 77.302715	 77.302027	 77.301395	 77.300814	 77.300281	 77.299791	 77.299342	 77.298929	 77.298552	 77.298206	 77.297889	 77.297599	 77.297334	 77.297092	 77.296871	 77.296669	 77.296485	 77.296317	 77.296164	 77.296024	 77.295897	 77.295782	 77.295677	 77.295582	 77.295495	 77.295417	 77.295346	 77.295282	 77.295224	 77.295171	 77.295124	 77.295081	 77.295043	 77.295008	 77.294977	  77.29495	 77.294926	 77.294904	 77.294885	 77.294868	 77.294854	 77.294842	 77.294831	 77.294823	 77.294816	 77.294811	 77.294808	 77.294807	
        99	 98.568421	 98.137078	 97.706209	 97.276049	 96.846832	 96.418793	  95.99216	 95.567165	 95.144032	 94.722984	 94.304242	 93.888021	 93.474533	 93.063986	 92.656583	  92.25252	 91.851992	 91.455184	 91.062278	  90.67345	 90.288868	 89.908694	 89.533084	 89.162187	 88.796146	 88.435094	 88.079159	 87.728461	 87.383113	 87.043219	 86.708878	 86.380179	 86.057204	 85.740027	 85.428716	  85.12333	  84.82392	  84.53053	 84.243197	 83.961951	 83.686813	 83.417799	 83.154917	 82.898168	 82.647546	 82.403039	 82.164629	 81.932293	 81.705998	 81.485709	 81.271384	 81.062977	 80.860434	   80.6637	 80.472711	 80.287403	 80.107704	 79.933541	 79.764836	 79.601507	  79.44347	 79.290637	 79.142918	 79.000219	 78.862447	 78.729504	 78.601291	 78.477707	 78.358651	  78.24402	  78.13371	 78.027616	 77.925632	 77.827655	 77.733577	 77.643293	 77.556698	 77.473687	 77.394154	 77.317996	  77.24511	 77.175393	 77.108743	 77.045062	 76.984251	  76.92621	 76.870846	 76.818063	 76.767769	 76.719872	 76.674283	 76.630916	 76.589683	 76.550502	 76.513291	 76.477971	 76.444463	 76.412691	 76.382584	 76.354068	 76.327075	 76.301538	  76.27739	  76.25457	 76.233015	 76.212667	 76.193469	 76.175366	 76.158304	 76.142233	 76.127103	 76.112867	 76.099479	 76.086897	 76.075077	  76.06398	 76.053568	 76.043802	 76.034649	 76.026075	 76.018046	 76.010534	 76.003507	  75.99694	 75.990804	 75.985075	 75.979728	 75.974742	 75.970093	 75.965762	 75.961729	 75.957976	 75.954485	 75.951239	 75.948224	 75.945424	 75.942825	 75.940414	 75.938179	 75.936108	  75.93419	 75.932415	 75.930773	 75.929255	 75.927852	 75.926556	  75.92536	 75.924257	 75.923239	 75.922302	 75.921438	 75.920644	 75.919912	  75.91924	 75.918622	 75.918054	 75.917533	 75.917055	 75.916617	 75.916215	 75.915847	  75.91551	 75.915202	  75.91492	 75.914663	 75.914427	 75.914213	 75.914017	 75.913838	 75.913675	 75.913527	 75.913392	 75.913269	 75.913158	 75.913056	 75.912964	 75.912881	 75.912805	 75.912737	 75.912675	 75.912619	 75.912569	 75.912523	 75.912483	 75.912446	 75.912413	 75.912384	 75.912358	 75.912335	 75.912315	 75.912297	 75.912282	 75.912269	 75.912258	 75.912249	 75.912242	 75.912237	 75.912233	 75.912231	
        99	 98.542802	 98.085855	  97.62941	 97.173716	 96.719021	 96.265573	 95.813616	 95.363393	 94.915143	 94.469102	 94.025503	 93.584576	 93.146543	 92.711626	 92.280039	 91.851992	 91.427688	 91.007326	 90.591098	 90.179188	 89.771777	 89.369036	  88.97113	 88.578218	 88.190448	 87.807964	 87.430901	 87.059385	 86.693538	 86.333468	 85.979281	  85.63107	 85.288923	 84.952919	 84.623129	 84.299614	 83.982431	 83.671626	 83.367237	 83.069296	 82.777827	 82.492844	 82.214357	 81.942367	 81.676868	 81.417848	 81.165287	 80.919158	 80.679431	 80.446066	 80.219019	  79.99824	 79.783675	 79.575262	 79.372937	 79.176628	 78.986263	 78.801762	 78.623042	 78.450018	   78.2826	 78.120695	 77.964207	 77.813038	 77.667088	 77.526253	 77.390429	 77.259509	 77.133386	 77.011951	 76.895092	 76.782701	 76.674664	  76.57087	 76.471208	 76.375565	  76.28383	 76.195891	 76.111637	 76.030958	 75.953745	  75.87989	 75.809285	 75.741824	 75.677402	 75.615917	 75.557266	  75.50135	  75.44807	  75.39733	 75.349035	 75.303093	 75.259413	 75.217906	 75.178487	 75.141069	 75.105572	 75.071915	  75.04002	 75.009812	 74.981217	 74.954163	 74.928583	 74.904407	 74.881573	 74.860018	  74.83968	 74.820502	 74.802427	 74.785402	 74.769374	 74.754293	 74.740111	 74.726782	  74.71426	 74.702505	 74.691474	 74.681129	 74.671432	 74.662349	 74.653844	 74.645886	 74.638442	 74.631485	 74.624985	 74.618915	 74.613251	 74.607969	 74.603044	 74.598456	 74.594184	 74.590208	  74.58651	 74.583072	 74.579877	 74.576911	 74.574157	 74.571604	 74.569236	 74.567042	  74.56501	  74.56313	  74.56139	 74.559782	 74.558296	 74.556923	 74.555656	 74.554487	 74.553409	 74.552416	 74.551502	 74.550659	 74.549885	 74.549173	 74.548518	 74.547917	 74.547365	 74.546858	 74.546394	 74.545968	 74.545578	 74.545222	 74.544895	 74.544596	 74.544324	 74.544074	 74.543847	 74.543639	  74.54345	 74.543277	  74.54312	 74.542977	 74.542847	 74.542729	 74.542622	 74.542524	 74.542436	 74.542356	 74.542284	 74.542218	 74.542159	 74.542105	 74.542057	 74.542014	 74.541975	 74.541941	  74.54191	 74.541882	 74.541858	 74.541836	 74.541818	 74.541801	 74.541788	 74.541776	 74.541767	 74.541759	 74.541754	  74.54175	 74.541748	
