Time step 6:
        99	        99	        99	        99	        99	        99	        99	        99	        99	        99	        99	        99	        99	        99	        99	        99	        99	        99	        99	        99	        99	        99	        99	        99	        99	        99	        99	        99	        99	        99	        99	        99	        99	        99	        99	        99	        99	        99	        99	        99	        99	        99	        99	        99	        99	        99	        99	        99	        99	        99	        99	        99	        99	        99	        99	        99	        99	        99	        99	        99	        99	        99	        99	        99	        99	        99	        99	        99	        99	        99	        99	        99	        99	        99	        99	        99	        99	        99	        99	        99	        99	        99	        99	        99	        99	        99	        99	        99	        99	        99	        99	        99	        99	        99	        99	        99	        99	        99	        99	        99	        99	        99	        99	        99	        99	        99	        99	        99	        99	        99	        99	        99	        99	        99	        99	        99	        99	        99	        99	        99	        99	        99	        99	        99	        99	        99	        99	        99	        99	        99	        99	        99	        99	        99	        99	        99	        99	        99	        99	        99	        99	        99	        99	        99	        99	        99	        99	        99	        99	        99	        99	        99	        99	        99	        99	        99	        99	        99	        99	        99	        99	        99	        99	        99	        99	        99	        99	        99	        99	        99	        99	        99	        99	        99	        99	        99	        99	        99	        99	        99	        99	        99	        99	        99	        99	        99	        99	        99	        99	        99	        99	        99	        99	        99	        99	        99	        99	        99	        99	        99	
        99	 98.894227	 98.788676	 98.683568	 98.579122	 98.475552	 98.373067	 98.271868	 98.172149	 98.074096	 97.977883	 97.883675	 97.791623	 97.701867	 97.614534	 97.529737	 97.447576	 97.368136	 97.291488	  97.21769	 97.146785	 97.078803	 97.013759	 96.951659	 96.892493	 96.836241	 96.782873	 96.732345	 96.684608	 96.639603	 96.597261	 96.557509	 96.520268	  96.48545	 96.452968	 96.422728	 96.394634	 96.368589	 96.344494	  96.32225	 96.301757	 96.282918	 96.265635	 96.249812	 96.235358	  96.22218	 96.210192	 96.199309	 96.189449	 96.180536	 96.172495	 96.165256	 96.158753	 96.152923	 96.147707	 96.143051	 96.138903	 96.135215	 96.131943	 96.129046	 96.126487	 96.124231	 96.122246	 96.120504	 96.118977	 96.117642	 96.116478	 96.115464	 96.114583	 96.113819	 96.113158	 96.112588	 96.112096	 96.111673	 96.111311	    96.111	 96.110735	 96.110508	 96.110316	 96.110152	 96.110014	 96.109897	 96.109798	 96.109715	 96.109645	 96.109586	 96.109537	 96.109496	 96.109462	 96.109433	 96.109409	  96.10939	 96.109374	  96.10936	 96.109349	  96.10934	 96.109333	 96.109327	 96.109322	 96.109318	 96.109315	 96.109312	  96.10931	 96.109308	 96.109307	 96.109306	 96.109305	 96.109304	 96.109304	 96.109303	 96.109303	 96.109302	 96.109302	 96.109302	 96.109302	 96.109302	 96.109302	 96.109302	 96.109301	 96.109301	 96.109301	 96.109301	 96.109301	 96.109301	 96.109301	 96.109301	 96.109301	 96.109301	 96.109301	 96.109301	 96.109301	 96.109301	 96.109301	 96.109301	 96.109301	 96.109301	 96.109301	 96.109301	 96.109301	 96.109301	 96.109301	 96.109301	 96.109301	 96.109301	 96.109301	 96.109301	 96.109301	 96.109301	 96.109301	 96.109301	 96.109301	 96.109301	 96.109301	 96.109301	 96.109301	 96.109301	 96.109301	 96.109301	 96.109301	 96.109301	 96.109301	 96.109301	 96.109301	 96.109301	 96.109301	 96.109301	 96.109301	 96.109301	 96.109301	 96.109301	 96.109301	 96.109301	 96.109301	 96.109301	 96.109301	 96.109301	 96.109301	 96.109301	 96.109301	 96.109301	 96.109301	 96.109301	 96.109301	 96.109301	 96.109301	 96.109301	 96.109301	 96.109301	 96.109301	 96.109301	 96.109301	 96.109301	 96.109301	 96.109301	 96.109301	 96.109301	 96.109301	 96.109301	 96.109301	 96.109301	
        99	 98.788676	 98.577795	 98.367801	  98.15913	 97.952208	 97.747452	 97.545267	  97.34604	  97.15014	 96.957916	 96.769697	 96.585787	 96.406464	 96.231982	 96.062566	 95.898417	 95.739704	 95.586569	 95.439128	 95.297467	 95.161646	 95.031696	 94.907626	 94.789419	 94.677034	 94.570408	 94.469459	 94.374086	 94.284169	 94.199575	 94.120156	  94.04575	 93.976189	 93.911293	 93.850877	 93.794748	 93.742713	 93.694574	 93.650132	 93.609189	  93.57155	  93.53702	 93.505408	 93.476529	 93.450202	 93.426251	 93.404508	  93.38481	 93.367002	 93.350937	 93.336474	 93.323482	 93.311834	 93.301413	  93.29211	 93.283822	 93.276454	 93.269918	 93.264131	 93.259018	 93.254511	 93.250545	 93.247064	 93.244013	 93.241347	  93.23902	 93.236994	 93.235234	 93.233708	 93.232388	 93.231248	 93.230266	 93.229421	 93.228697	 93.228076	 93.227546	 93.227094	 93.226709	 93.226382	 93.226106	 93.225872	 93.225674	 93.225508	 93.225368	 93.225251	 93.225152	  93.22507	 93.225002	 93.224945	 93.224898	 93.224859	 93.224827	   93.2248	 93.224778	  93.22476	 93.224746	 93.224733	 93.224724	 93.224716	 93.224709	 93.224704	 93.224699	 93.224696	 93.224693	 93.224691	 93.224689	 93.224688	 93.224687	 93.224686	 93.224685	 93.224684	 93.224684	 93.224683	 93.224683	 93.224683	 93.224683	 93.224683	 93.224682	 93.224682	 93.224682	 93.224682	 93.224682	 93.224682	 93.224682	 93.224682	 93.224682	 93.224682	 93.224682	 93.224682	 93.224682	 93.224682	 93.224682	 93.224682	 93.224682	 93.224682	 93.224682	 93.224682	 93.224682	 93.224682	 93.224682	 93.224682	 93.224682	 93.224682	 93.224682	 93.224682	 93.224682	 93.224682	 93.224682	 93.224682	 93.224682	 93.224682	 93.224682	 93.224682	 93.224682	 93.224682	 93.224682	 93.224682	 93.224682	 93.224682	 93.224682	 93.224682	 93.224682	 93.224682	 93.224682	 93.224682	 93.224682	 93.224682	 93.224682	 93.224682	 93.224682	 93.224682	 93.224682	 93.224682	 93.224682	 93.224682	 93.224682	 93.224682	 93.224682	 93.224682	 93.224682	 93.224682	 93.224682	 93.224682	 93.224682	 93.224682	 93.224682	 93.224682	 93.224682	 93.224682	 93.224682	 93.224682	 93.224682	 93.224682	 93.224682	 93.224682	 93.224682	 93.224682	 93.224682	 93.224682	
        99	 98.683568	 98.367801	 98.053362	 97.740902	 97.431062	 97.124467	  96.82172	 96.523402	 96.230066	 95.942235	 95.660401	 95.385018	 95.116504	 94.855238	  94.60156	 94.355767	 94.118114	 93.888815	  93.66804	  93.45592	 93.252544	 93.057961	 92.872182	 92.695181	 92.526898	  92.36724	 92.216082	 92.073272	 91.938633	 91.811964	 91.693043	  91.58163	 91.477471	 91.380298	 91.289832	 91.205786	  91.12787	 91.055787	 90.989241	 90.927935	 90.871575	  90.81987	 90.772536	 90.729293	 90.689872	 90.654008	  90.62145	 90.591955	  90.56529	 90.541235	 90.519579	 90.500123	 90.482682	 90.467079	 90.453149	 90.440739	 90.429706	 90.419918	 90.411253	 90.403597	 90.396848	  90.39091	 90.385697	  90.38113	 90.377137	 90.373653	 90.370619	 90.367984	 90.365699	 90.363722	 90.362015	 90.360544	  90.35928	 90.358195	 90.357266	 90.356472	 90.355795	 90.355219	  90.35473	 90.354315	 90.353965	 90.353669	  90.35342	  90.35321	 90.353035	 90.352888	 90.352765	 90.352663	 90.352578	 90.352507	 90.352449	   90.3524	  90.35236	 90.352328	 90.352301	 90.352279	  90.35226	 90.352246	 90.352234	 90.352224	 90.352216	  90.35221	 90.352204	   90.3522	 90.352197	 90.352194	 90.352192	  90.35219	 90.352189	 90.352188	 90.352187	 90.352186	 90.352186	 90.352185	 90.352185	 90.352185	 90.352184	 90.352184	 90.352184	 90.352184	 90.352184	 90.352184	 90.352184	 90.352184	 90.352184	 90.352184	 90.352184	 90.352184	 90.352184	 90.352184	 90.352184	 90.352184	 90.352184	 90.352184	 90.352184	 90.352184	 90.352184	 90.352184	 90.352184	 90.352184	 90.352184	 90.352184	 90.352184	 90.352184	 90.352184	 90.352184	 90.352184	 90.352184	 90.352184	 90.352184	 90.352184	 90.352184	 90.352184	 90.352184	 90.352184	 90.352184	 90.352184	 90.352184	 90.352184	 90.352184	 90.352184	 90.352184	 90.352184	 90.352184	 90.352184	 90.352184	 90.352184	 90.352184	 90.352184	 90.352184	 90.352184	 90.352184	 90.352184	 90.352184	 90.352184	 90.352184	 90.352184	 90.352184	 90.352184	 90.352184	 90.352184	 90.352184	 90.352184	 90.352184	 90.352184	 90.352184	 90.352184	 90.352184	 90.352184	 90.352184	 90.352184	 90.352184	 90.352184	 90.352184	 90.352184	 90.352184	 90.352184	 90.352184	 90.352184	
        99	 98.579122	  98.15913	 97.740902	 97.325307	 96.913197	 96.505403	 96.102728	 95.705943	 95.315784	 94.932949	 94.558088	 94.191808	 93.834665	 93.487163	 93.149753	  92.82283	 92.506734	 92.201749	 91.908102	 91.625968	 91.355463	 91.096653	 90.849553	 90.614129	   90.3903	 90.177943	 89.976891	 89.786944	 89.607865	 89.439385	 89.281212	 89.133025	 88.994486	 88.865238	 88.744911	 88.633125	  88.52949	 88.433615	 88.345104	 88.263562	 88.188599	 88.119828	  88.05687	 87.999354	  87.94692	 87.899219	 87.855915	 87.816684	 87.781218	 87.749222	 87.720418	 87.694541	 87.671343	 87.650589	 87.632061	 87.615555	 87.600881	 87.587862	 87.576337	 87.566155	 87.557178	  87.54928	 87.542346	 87.536271	  87.53096	 87.526326	 87.522292	 87.518786	 87.515747	 87.513118	 87.510847	 87.508891	 87.507209	 87.505766	  87.50453	 87.503474	 87.502574	 87.501808	 87.501157	 87.500606	 87.500139	 87.499746	 87.499415	 87.499136	 87.498903	 87.498707	 87.498544	 87.498408	 87.498295	 87.498201	 87.498123	 87.498059	 87.498006	 87.497962	 87.497926	 87.497897	 87.497873	 87.497853	 87.497837	 87.497824	 87.497814	 87.497805	 87.497798	 87.497793	 87.497788	 87.497785	 87.497782	 87.497779	 87.497777	 87.497776	 87.497775	 87.497774	 87.497773	 87.497773	 87.497772	 87.497772	 87.497772	 87.497771	 87.497771	 87.497771	 87.497771	 87.497771	 87.497771	 87.497771	 87.497771	 87.497771	 87.497771	 87.497771	 87.497771	 87.497771	 87.497771	 87.497771	 87.497771	 87.497771	 87.497771	 87.497771	 87.497771	 87.497771	 87.497771	 87.497771	 87.497771	 87.497771	 87.497771	 87.497771	 87.497771	 87.497771	 87.497771	 87.497771	 87.497771	 87.497771	 87.497771	 87.497771	 87.497771	 87.497771	 87.497771	 87.497771	 87.497771	 87.497771	 87.497771	 87.497771	 87.497771	 87.497771	 87.497771	 87.497771	 87.497771	 87.497771	 87.497771	 87.497771	 87.497771	 87.497771	 87.497771	 87.497771	 87.497771	 87.497771	 87.497771	 87.497771	 87.497771	 87.497771	 87.497771	 87.497771	 87.497771	 87.497771	 87.497771	 87.497771	 87.497771	 87.497771	 87.497771	 87.497771	 87.497771	 87.497771	 87.497771	 87.497771	 87.497771	 87.497771	 87.497771	 87.497771	 87.497771	 87.497771	 87.497771	
        99	 98.475552	 97.952208	 97.431062	 96.913197	 96.399676	 95.891531	 95.389765	 94.895339	  94.40917	 93.932126	 93.465019	 93.008605	 92.563576	 92.130561	  91.71012	 91.302748	 90.908867	  90.52883	 90.162923	 89.811361	  89.47429	 89.151792	 88.843886	 88.550528	  88.27162	 88.007005	 87.756479	 87.519789	 87.296642	 87.086703	 86.889606	 86.704953	 86.532322	 86.371269	 86.221332	 86.082037	   85.9529	 85.833432	  85.72314	 85.621533	 85.528123	 85.442429	 85.363978	 85.292308	 85.226971	 85.167532	 85.113571	 85.064686	 85.020492	 84.980623	 84.944731	 84.912487	  84.88358	 84.857719	 84.834632	 84.814064	 84.795778	 84.779556	 84.765194	 84.752506	  84.74132	 84.731479	 84.722839	 84.715269	 84.708651	 84.702877	  84.69785	 84.693482	 84.689695	 84.686418	 84.683589	 84.681152	 84.679056	 84.677257	 84.675717	 84.674402	  84.67328	 84.672325	 84.671514	 84.670827	 84.670246	 84.669756	 84.669343	 84.668996	 84.668705	 84.668462	 84.668258	 84.668089	 84.667948	 84.667831	 84.667734	 84.667654	 84.667588	 84.667533	 84.667488	 84.667452	 84.667422	 84.667397	 84.667377	 84.667361	 84.667348	 84.667337	 84.667329	 84.667322	 84.667316	 84.667312	 84.667308	 84.667305	 84.667303	 84.667301	   84.6673	 84.667299	 84.667298	 84.667297	 84.667296	 84.667296	 84.667296	 84.667295	 84.667295	 84.667295	 84.667295	 84.667295	 84.667295	 84.667295	 84.667295	 84.667295	 84.667294	 84.667294	 84.667294	 84.667294	 84.667294	 84.667294	 84.667294	 84.667294	 84.667294	 84.667294	 84.667294	 84.667294	 84.667294	 84.667294	 84.667294	 84.667294	 84.667294	 84.667294	 84.667294	 84.667294	 84.667294	 84.667294	 84.667294	 84.667294	 84.667294	 84.667294	 84.667294	 84.667294	 84.667294	 84.667294	 84.667294	 84.667294	 84.667294	 84.667294	 84.667294	 84.667294	 84.667294	 84.667294	 84.667294	 84.667294	 84.667294	 84.667294	 84.667294	 84.667294	 84.667294	 84.667294	 84.667294	 84.667294	 84.667294	 84.667294	 84.667294	 84.667294	 84.667294	 84.667294	 84.667294	 84.667294	 84.667294	 84.667294	 84.667294	 84.667294	 84.667294	 84.667294	 84.667294	 84.667294	 84.667294	 84.667294	 84.667294	 84.667294	 84.667294	 84.667294	 84.667294	 84.667294	 84.667294	
        99	 98.373067	 97.747452	 97.124467	 96.505403	 95.891531	 95.284087	 94.684268	 94.093223	 93.512049	 92.941783	 92.383396	 91.837792	 91.305797	 90.788164	 90.285562	 89.798583	 89.327731	  88.87343	 88.436019	 88.015755	 87.612815	 87.227296	  86.85922	 86.508536	 86.175124	   85.8588	 85.559317	 85.276374	  85.00962	 84.758656	 84.523043	 84.302306	  84.09594	 83.903415	 83.724178	 83.557663	 83.403291	 83.260476	 83.128631	 83.007168	 82.895505	 82.793065	 82.699283	 82.613608	 82.535503	 82.464448	 82.399943	 82.341505	 82.288675	 82.241015	 82.198109	 82.159564	 82.125008	 82.094094	 82.066495	 82.041907	 82.020049	 82.000656	 81.983488	 81.968321	 81.954949	 81.943184	 81.932856	 81.923807	 81.915895	 81.908993	 81.902983	 81.897762	 81.893235	 81.889318	 81.885936	 81.883022	 81.880517	 81.878367	 81.876526	 81.874953	 81.873612	 81.872471	 81.871502	  81.87068	 81.869986	   81.8694	 81.868906	 81.868491	 81.868144	 81.867852	 81.867609	 81.867407	 81.867238	 81.867098	 81.866982	 81.866887	 81.866808	 81.866742	 81.866689	 81.866645	 81.866609	  81.86658	 81.866556	 81.866537	 81.866521	 81.866509	 81.866498	  81.86649	 81.866483	 81.866478	 81.866474	  81.86647	 81.866467	 81.866465	 81.866464	 81.866462	 81.866461	  81.86646	  81.86646	 81.866459	 81.866459	 81.866458	 81.866458	 81.866458	 81.866458	 81.866457	 81.866457	 81.866457	 81.866457	 81.866457	 81.866457	 81.866457	 81.866457	 81.866457	 81.866457	 81.866457	 81.866457	 81.866457	 81.866457	 81.866457	 81.866457	 81.866457	 81.866457	 81.866457	 81.866457	 81.866457	 81.866457	 81.866457	 81.866457	 81.866457	 81.866457	 81.866457	 81.866457	 81.866457	 81.866457	 81.866457	 81.866457	 81.866457	 81.866457	 81.866457	 81.866457	 81.866457	 81.866457	 81.866457	 81.866457	 81.866457	 81.866457	 81.866457	 81.866457	 81.866457	 81.866457	 81.866457	 81.866457	 81.866457	 81.866457	 81.866457	 81.866457	 81.866457	 81.866457	 81.866457	 81.866457	 81.866457	 81.866457	 81.866457	 81.866457	 81.866457	 81.866457	 81.866457	 81.866457	 81.866457	 81.866457	 81.866457	 81.866457	 81.866457	 81.866457	 81.866457	 81.866457	 81.866457	 81.866457	 81.866457	 81.866457	 81.866457	 81.866457	
        99	 98.271868	 97.545267	  96.82172	 96.102728	 95.389765	 94.684268	 93.987626	 93.301175	 92.626189	 91.963871	  91.31535	 90.681675	 90.063806	 89.462616	 88.878886	 88.313298	 87.766442	 87.238808	  86.73079	 86.242688	 85.774706	 85.326957	 84.899466	 84.492175	 84.104945	 83.737559	 83.389734	 83.061119	 82.751306	 82.459831	 82.186186	 81.929818	 81.690141	 81.466538	 81.258369	 81.064975	 80.885684	 80.719817	  80.56669	  80.42562	 80.295932	 80.176956	 80.068037	 79.968532	  79.87782	 79.795295	 79.720377	 79.652506	 79.591149	 79.535796	 79.485964	 79.441196	 79.401062	 79.365158	 79.333104	 79.304548	 79.279161	 79.256638	 79.236699	 79.219083	 79.203553	 79.189889	 79.177893	 79.167384	 79.158195	 79.150179	 79.143199	 79.137135	 79.131877	 79.127328	   79.1234	 79.120016	 79.117106	 79.114609	 79.112471	 79.110644	 79.109087	 79.107761	 79.106635	 79.105682	 79.104875	 79.104194	 79.103621	 79.103139	 79.102735	 79.102397	 79.102115	  79.10188	 79.101684	 79.101521	 79.101387	 79.101275	 79.101184	 79.101108	 79.101046	 79.100995	 79.100954	  79.10092	 79.100892	 79.100869	 79.100851	 79.100836	 79.100824	 79.100815	 79.100807	 79.100801	 79.100796	 79.100792	 79.100789	 79.100786	 79.100784	 79.100783	 79.100781	  79.10078	  79.10078	 79.100779	 79.100778	 79.100778	 79.100778	 79.100777	 79.100777	 79.100777	 79.100777	 79.100777	 79.100777	 79.100777	 79.100777	 79.100777	 79.100777	 79.100777	 79.100777	 79.100777	 79.100777	 79.100777	 79.100777	 79.100777	 79.100777	 79.100777	 79.100777	 79.100777	 79.100777	 79.100777	 79.100777	 79.100777	 79.100777	 79.100777	 79.100777	 79.100777	 79.100777	 79.100777	 79.100777	 79.100777	 79.100777	 79.100777	 79.100777	 79.100777	 79.100777	 79.100777	 79.100777	 79.100777	 79.100777	 79.100777	 79.100777	 79.100777	 79.100777	 79.100777	 79.100777	 79.100777	 79.100777	 79.100777	 79.100777	 79.100777	 79.100777	 79.100777	 79.100777	 79.100777	 79.100777	 79.100777	 79.100777	 79.100777	 79.100777	 79.100777	 79.100777	 79.100777	 79.100777	 79.100777	 79.100777	 79.100777	 79.100777	 79.100777	 79.100777	 79.100777	 79.100777	 79.100777	 79.100777	 79.100777	 79.100777	 79.100777	 79.100777	
        99	 98.172149	  97.34604	 96.523402	 95.705943	 94.895339	 94.093223	 93.301175	 92.520714	 91.753288	 91.000265	 90.262928	  89.54247	 88.839983	  88.15646	 87.492787	 86.849742	 86.227993	 85.628099	 85.050508	 84.495559	 83.963486	 83.454417	 82.968381	 82.505311	 82.065049	  81.64735	  81.25189	 80.878271	 80.526028	 80.194636	 79.883514	 79.592036	 79.319535	 79.065309	 78.828631	 78.608752	 78.404907	 78.216324	 78.042226	 77.881837	 77.734388	 77.599118	 77.475282	  77.36215	 77.259015	 77.165188	  77.08001	 77.002844	 76.933084	  76.87015	 76.813494	 76.762595	 76.716965	 76.676143	   76.6397	 76.607233	 76.578369	 76.552762	 76.530092	 76.510063	 76.492406	 76.476871	 76.463233	 76.451284	 76.440837	 76.431722	 76.423787	 76.416892	 76.410914	 76.405742	 76.401277	 76.397429	  76.39412	 76.391282	 76.388851	 76.386774	 76.385003	 76.383496	 76.382216	 76.381132	 76.380215	 76.379441	 76.378789	 76.378241	 76.377782	 76.377397	 76.377076	 76.376809	 76.376586	 76.376402	 76.376249	 76.376122	 76.376018	 76.375932	 76.375861	 76.375803	 76.375756	 76.375718	 76.375686	  76.37566	  76.37564	 76.375623	 76.375609	 76.375598	  76.37559	 76.375582	 76.375577	 76.375572	 76.375569	 76.375566	 76.375563	 76.375562	  76.37556	 76.375559	 76.375558	 76.375557	 76.375557	 76.375556	 76.375556	 76.375556	 76.375556	 76.375556	 76.375555	 76.375555	 76.375555	 76.375555	 76.375555	 76.375555	 76.375555	 76.375555	 76.375555	 76.375555	 76.375555	 76.375555	 76.375555	 76.375555	 76.375555	 76.375555	 76.375555	 76.375555	 76.375555	 76.375555	 76.375555	 76.375555	 76.375555	 76.375555	 76.375555	 76.375555	 76.375555	 76.375555	 76.375555	 76.375555	 76.375555	 76.375555	 76.375555	 76.375555	 76.375555	 76.375555	 76.375555	 76.375555	 76.375555	 76.375555	 76.375555	 76.375555	 76.375555	 76.375555	 76.375555	 76.375555	 76.375555	 76.375555	 76.375555	 76.375555	 76.375555	 76.375555	 76.375555	 76.375555	 76.375555	 76.375555	 76.375555	 76.375555	 76.375555	 76.375555	 76.375555	 76.375555	 76.375555	 76.375555	 76.375555	 76.375555	 76.375555	 76.375555	 76.375555	 76.375555	 76.375555	 76.375555	 76.375555	 76.375555	 76.375555	 76.375555	 76.375555	
        99	 98.074096	  97.15014	 96.230066	 95.315784	  94.40917	 93.512049	 92.626189	 91.753288	 90.894965	 90.052751	 89.228083	 88.422291	   87.6366	 86.872118	 86.129837	 85.410627	 84.715237	 84.044289	 83.398287	 82.777608	 82.182515	 81.613151	 81.069547	  80.55163	 80.059221	 79.592049	 79.149749	 78.731878	 78.337914	 77.967271	 77.619299	 77.293298	 76.988521	 76.704184	 76.439473	  76.19355	 75.965562	 75.754642	 75.559924	 75.380538	 75.215624	 75.064332	 74.925829	 74.799298	 74.683946	 74.579007	  74.48374	 74.397434	 74.319411	 74.249024	 74.185657	  74.12873	 74.077695	 74.032038	 73.991278	 73.954966	 73.922683	 73.894043	 73.868688	 73.846287	 73.826538	 73.809164	  73.79391	 73.780545	 73.768861	 73.758667	 73.749792	  73.74208	 73.735395	  73.72961	 73.724615	 73.720312	 73.716611	 73.713436	 73.710718	 73.708395	 73.706414	 73.704728	 73.703297	 73.702084	 73.701059	 73.700193	 73.699464	 73.698851	 73.698338	 73.697908	 73.697549	 73.697249	    73.697	 73.696794	 73.696623	 73.696481	 73.696365	 73.696269	  73.69619	 73.696125	 73.696072	 73.696029	 73.695994	 73.695965	 73.695942	 73.695923	 73.695908	 73.695896	 73.695886	 73.695878	 73.695871	 73.695866	 73.695862	 73.695859	 73.695857	 73.695854	 73.695853	 73.695852	 73.695851	  73.69585	 73.695849	 73.695849	 73.695848	 73.695848	 73.695848	 73.695848	 73.695847	 73.695847	 73.695847	 73.695847	 73.695847	 73.695847	 73.695847	 73.695847	 73.695847	 73.695847	 73.695847	 73.695847	 73.695847	 73.695847	 73.695847	 73.695847	 73.695847	 73.695847	 73.695847	 73.695847	 73.695847	 73.695847	 73.695847	 73.695847	 73.695847	 73.695847	 73.695847	 73.695847	 73.695847	 73.695847	 73.695847	 73.695847	 73.695847	 73.695847	 73.695847	 73.695847	 73.695847	 73.695847	 73.695847	 73.695847	 73.695847	 73.695847	 73.695847	 73.695847	 73.695847	 73.695847	 73.695847	 73.695847	 73.695847	 73.695847	 73.695847	 73.695847	 73.695847	 73.695847	 73.695847	 73.695847	 73.695847	 73.695847	 73.695847	 73.695847	 73.695847	 73.695847	 73.695847	 73.695847	 73.695847	 73.695847	 73.695847	 73.695847	 73.695847	 73.695847	 73.695847	 73.695847	 73.695847	 73.695847	 73.695847	 73.695847	 73.695847	
        99	 97.977883	 96.957916	 95.942235	 94.932949	 93.932126	 92.941783	 91.963871	 91.000265	 90.052751	 89.123021	 88.212659	 87.323136	 86.455802	 85.611881	 84.792468	 83.998523	 83.230873	 82.490206	 81.777076	 81.091901	  80.43497	 79.806442	 79.206351	 78.634616	  78.09104	 77.575322	 77.087062	 76.625769	 76.190868	  75.78171	  75.39758	 75.037703	 74.701256	 74.387373	 74.095155	 73.823678	 73.571999	 73.339163	  73.12421	 72.926184	 72.744134	 72.577121	 72.424225	 72.284546	 72.157208	 72.041364	 71.936198	 71.840924	 71.754794	 71.677092	  71.60714	 71.544298	  71.48796	 71.437559	 71.392563	 71.352477	  71.31684	 71.285224	 71.257234	 71.232506	 71.210705	 71.191525	 71.174686	 71.159933	 71.147035	 71.135781	 71.125984	 71.117471	  71.11009	 71.103705	 71.098191	  71.09344	 71.089356	 71.085851	  71.08285	 71.080285	 71.078098	 71.076238	 71.074658	 71.073319	 71.072187	 71.071231	 71.070426	  71.06975	 71.069183	 71.068708	 71.068312	 71.067982	 71.067707	 71.067479	  71.06729	 71.067134	 71.067005	 71.066899	 71.066812	  71.06674	 71.066682	 71.066634	 71.066595	 71.066564	 71.066538	 71.066517	 71.066501	 71.066487	 71.066476	 71.066467	  71.06646	 71.066455	  71.06645	 71.066447	 71.066444	 71.066442	  71.06644	 71.066439	 71.066437	 71.066437	 71.066436	 71.066435	 71.066435	 71.066435	 71.066434	 71.066434	 71.066434	 71.066434	 71.066434	 71.066434	 71.066434	 71.066434	 71.066434	 71.066434	 71.066434	 71.066434	 71.066434	 71.066434	 71.066434	 71.066434	 71.066434	 71.066434	 71.066434	 71.066434	 71.066434	 71.066434	 71.066434	 71.066434	 71.066434	 71.066434	 71.066434	 71.066434	 71.066434	 71.066434	 71.066434	 71.066434	 71.066434	 71.066434	 71.066434	 71.066434	 71.066434	 71.066434	 71.066434	 71.066434	 71.066434	 71.066434	 71.066434	 71.066434	 71.066434	 71.066434	 71.066434	 71.066434	 71.066434	 71.066434	 71.066434	 71.066434	 71.066434	 71.066434	 71.066434	 71.066434	 71.066434	 71.066434	 71.066434	 71.066434	 71.066434	 71.066434	 71.066434	 71.066434	 71.066434	 71.066434	 71.066434	 71.066434	 71.066434	 71.066434	 71.066434	 71.066434	 71.066434	 71.066434	 71.066434	 71.066434	 71.066434	 71.066434	 71.066434	
        99	 97.883675	 96.769697	 95.660401	 94.558088	 93.465019	 92.383396	  91.31535	 90.262928	 89.228083	 88.212659	 87.218389	 86.246878	 85.299602	 84.377897	 83.482958	 82.615836	 81.777431	 80.968497	 80.189637	  79.44131	  78.72383	  78.03737	 77.381969	 76.757537	  76.16386	 75.600608	 75.067345	 74.563535	 74.088549	 73.641679	 73.222143	 72.829097	 72.461639	 72.118825	 71.799674	 71.503175	 71.228299	 70.974002	 70.739237	 70.522959	 70.324129	 70.141723	 69.974735	 69.822181	 69.683106	 69.556585	 69.441726	 69.337671	 69.243602	 69.158738	 69.082339	 69.013704	 68.952174	 68.897127	 68.847985	 68.804204	 68.765282	 68.730752	 68.700182	 68.673175	 68.649365	 68.628417	 68.610026	 68.593913	 68.579826	 68.567535	 68.556834	 68.547537	 68.539476	 68.532502	  68.52648	 68.521292	  68.51683	 68.513002	 68.509725	 68.506924	 68.504536	 68.502504	 68.500778	 68.499316	 68.498079	 68.497035	 68.496157	 68.495418	 68.494799	  68.49428	 68.493847	 68.493486	 68.493186	 68.492937	 68.492731	  68.49256	  68.49242	 68.492304	 68.492209	 68.492131	 68.492067	 68.492015	 68.491972	 68.491938	  68.49191	 68.491887	 68.491869	 68.491854	 68.491842	 68.491833	 68.491825	 68.491819	 68.491814	  68.49181	 68.491807	 68.491805	 68.491803	 68.491801	   68.4918	 68.491799	 68.491798	 68.491798	 68.491797	 68.491797	 68.491797	 68.491796	 68.491796	 68.491796	 68.491796	 68.491796	 68.491796	 68.491796	 68.491796	 68.491796	 68.491796	 68.491796	 68.491796	 68.491796	 68.491796	 68.491796	 68.491796	 68.491796	 68.491796	 68.491796	 68.491796	 68.491796	 68.491796	 68.491796	 68.491796	 68.491796	 68.491796	 68.491796	 68.491796	 68.491796	 68.491796	 68.491796	 68.491796	 68.491796	 68.491796	 68.491796	 68.491796	 68.491796	 68.491796	 68.491796	 68.491796	 68.491796	 68.491796	 68.491796	 68.491796	 68.491796	 68.491796	 68.491796	 68.491796	 68.491796	 68.491796	 68.491796	 68.491796	 68.491796	 68.491796	 68.491796	 68.491796	 68.491796	 68.491796	 68.491796	 68.491796	 68.491796	 68.491796	 68.491796	 68.491796	 68.491796	 68.491796	 68.491796	 68.491796	 68.491796	 68.491796	 68.491796	 68.491796	 68.491796	 68.491796	 68.491796	 68.491796	 68.491796	 68.491796	
        99	 97.791623	 96.585787	 95.385018	 94.191808	 93.008605	 91.837792	 90.681675	  89.54247	 88.422291	 87.323136	 86.246878	 85.195257	 84.169868	 83.172159	 82.203424	 81.264799	 80.357259	  79.48162	 78.638536	 77.828502	 77.051858	 76.308793	 75.599348	 74.923425	 74.280794	 73.671096	 73.093861	 72.548506	 72.034353	 71.550634	 71.096504	 70.671046	 70.273288	 69.902206	 69.556738	  69.23579	 68.938247	 68.662981	 68.408858	 68.174745	  67.95952	 67.762073	 67.581314	 67.416181	 67.265639	 67.128685	 67.004354	 66.891719	 66.789893	 66.698031	 66.615332	 66.541038	 66.474434	 66.414848	 66.361653	 66.314263	 66.272131	 66.234754	 66.201663	 66.172429	 66.146655	  66.12398	 66.104072	 66.086631	 66.071382	 66.058078	 66.046495	 66.036431	 66.027706	 66.020156	 66.013638	 66.008021	 66.003192	 65.999048	   65.9955	 65.992469	 65.989884	 65.987684	 65.985816	 65.984233	 65.982894	 65.981765	 65.980814	 65.980014	 65.979344	 65.978782	 65.978314	 65.977923	 65.977598	 65.977329	 65.977105	 65.976921	 65.976768	 65.976643	  65.97654	 65.976456	 65.976387	  65.97633	 65.976284	 65.976247	 65.976217	 65.976192	 65.976172	 65.976156	 65.976143	 65.976133	 65.976125	 65.976118	 65.976113	 65.976109	 65.976105	 65.976103	 65.976101	 65.976099	 65.976098	 65.976097	 65.976096	 65.976095	 65.976095	 65.976094	 65.976094	 65.976094	 65.976094	 65.976093	 65.976093	 65.976093	 65.976093	 65.976093	 65.976093	 65.976093	 65.976093	 65.976093	 65.976093	 65.976093	 65.976093	 65.976093	 65.976093	 65.976093	 65.976093	 65.976093	 65.976093	 65.976093	 65.976093	 65.976093	 65.976093	 65.976093	 65.976093	 65.976093	 65.976093	 65.976093	 65.976093	 65.976093	 65.976093	 65.976093	 65.976093	 65.976093	 65.976093	 65.976093	 65.976093	 65.976093	 65.976093	 65.976093	 65.976093	 65.976093	 65.976093	 65.976093	 65.976093	 65.976093	 65.976093	 65.976093	 65.976093	 65.976093	 65.976093	 65.976093	 65.976093	 65.976093	 65.976093	 65.976093	 65.976093	 65.976093	 65.976093	 65.976093	 65.976093	 65.976093	 65.976093	 65.976093	 65.976093	 65.976093	 65.976093	 65.976093	 65.976093	 65.976093	 65.976093	 65.976093	 65.976093	 65.976093	 65.976093	 65.976093	 65.976093	
        99	 97.701867	 96.406464	 95.116504	 93.834665	 92.563576	 91.305797	 90.063806	 88.839983	   87.6366	 86.455802	 85.299602	 84.169868	 83.068315	 81.996498	 80.955808	 79.947464	 78.972514	 78.031834	 77.126127	 76.255926	 75.421594	 74.623336	 73.861195	 73.135066	   72.4447	 71.789716	 71.169605	 70.583742	 70.031399	  69.51175	 69.023888	 68.566829	 68.139526	 67.740881	 67.369752	 67.024965	 66.705321	 66.409608	 66.136609	 65.885108	 65.653896	 65.441783	 65.247598	   65.0702	 64.908475	 64.761348	 64.627782	 64.506781	 64.397392	 64.298707	 64.209865	 64.130053	 64.058501	 63.994489	 63.937343	 63.886433	 63.841172	 63.801018	  63.76547	 63.734064	 63.706376	 63.682016	  63.66063	 63.641893	 63.625512	 63.611219	 63.598776	 63.587965	 63.578591	 63.570481	 63.563478	 63.557445	 63.552257	 63.547805	 63.543994	 63.540737	  63.53796	 63.535597	  63.53359	 63.531889	 63.530451	 63.529238	 63.528216	 63.527357	 63.526637	 63.526034	 63.525531	 63.525111	 63.524762	 63.524472	 63.524232	 63.524034	  63.52387	 63.523736	 63.523625	 63.523534	  63.52346	   63.5234	  63.52335	  63.52331	 63.523278	 63.523251	  63.52323	 63.523213	 63.523199	 63.523188	 63.523179	 63.523172	 63.523166	 63.523162	 63.523158	 63.523155	 63.523153	 63.523151	  63.52315	 63.523149	 63.523148	 63.523147	 63.523147	 63.523146	 63.523146	 63.523146	 63.523145	 63.523145	 63.523145	 63.523145	 63.523145	 63.523145	 63.523145	 63.523145	 63.523145	 63.523145	 63.523145	 63.523145	 63.523145	 63.523145	 63.523145	 63.523145	 63.523145	 63.523145	 63.523145	 63.523145	 63.523145	 63.523145	 63.523145	 63.523145	 63.523145	 63.523145	 63.523145	 63.523145	 63.523145	 63.523145	 63.523145	 63.523145	 63.523145	 63.523145	 63.523145	 63.523145	 63.523145	 63.523145	 63.523145	 63.523145	 63.523145	 63.523145	 63.523145	 63.523145	 63.523145	 63.523145	 63.523145	 63.523145	 63.523145	 63.523145	 63.523145	 63.523145	 63.523145	 63.523145	 63.523145	 63.523145	 63.523145	 63.523145	 63.523145	 63.523145	 63.523145	 63.523145	 63.523145	 63.523145	 63.523145	 63.523145	 63.523145	 63.523145	 63.523145	 63.523145	 63.523145	 63.523145	 63.523145	 63.523145	 63.523145	 63.523145	 63.523145	
        99	 97.614534	 96.231982	 94.855238	 93.487163	 92.130561	 90.788164	 89.462616	  88.15646	 86.872118	 85.611881	 84.377897	 83.172159	 81.996498	 80.852575	 79.741871	 78.665689	 77.625149	 76.621185	 75.654546	   74.7258	 73.835339	 72.983377	 72.169962	 71.394982	 70.658173	 69.959124	 69.297294	 68.672017	 68.082514	 67.527906	 67.007223	 66.519414	 66.063365	 65.637901	 65.241804	  64.87382	 64.532672	 64.217066	 63.925701	 63.657279	 63.410512	 63.184129	 62.976881	 62.787548	 62.614943	 62.457918	 62.315367	 62.186225	 62.069476	 61.964152	 61.869334	 61.784152	 61.707786	 61.639469	 61.578478	 61.524142	 61.475837	 61.432982	 61.395042	 61.361523	 61.331972	 61.305974	 61.283149	 61.263151	 61.245668	 61.230414	 61.217133	 61.205595	  61.19559	 61.186935	 61.179461	 61.173021	 61.167485	 61.162734	 61.158666	  61.15519	 61.152226	 61.149704	 61.147562	 61.145747	 61.144212	 61.142917	 61.141826	  61.14091	 61.140141	 61.139498	  61.13896	 61.138513	  61.13814	 61.137831	 61.137575	 61.137363	 61.137189	 61.137045	 61.136927	  61.13683	 61.136751	 61.136686	 61.136634	 61.136591	 61.136556	 61.136528	 61.136505	 61.136487	 61.136472	  61.13646	 61.136451	 61.136443	 61.136437	 61.136432	 61.136428	 61.136425	 61.136423	 61.136421	  61.13642	 61.136418	 61.136417	 61.136417	 61.136416	 61.136416	 61.136415	 61.136415	 61.136415	 61.136415	 61.136415	 61.136415	 61.136414	 61.136414	 61.136414	 61.136414	 61.136414	 61.136414	 61.136414	 61.136414	 61.136414	 61.136414	 61.136414	 61.136414	 61.136414	 61.136414	 61.136414	 61.136414	 61.136414	 61.136414	 61.136414	 61.136414	 61.136414	 61.136414	 61.136414	 61.136414	 61.136414	 61.136414	 61.136414	 61.136414	 61.136414	 61.136414	 61.136414	 61.136414	 61.136414	 61.136414	 61.136414	 61.136414	 61.136414	 61.136414	 61.136414	 61.136414	 61.136414	 61.136414	 61.136414	 61.136414	 61.136414	 61.136414	 61.136414	 61.136414	 61.136414	 61.136414	 61.136414	 61.136414	 61.136414	 61.136414	 61.136414	 61.136414	 61.136414	 61.136414	 61.136414	 61.136414	 61.136414	 61.136414	 61.136414	 61.136414	 61.136414	 61.136414	 61.136414	 61.136414	 61.136414	 61.136414	 61.136414	 61.136414	 61.136414	
        99	 97.529737	 96.062566	  94.60156	 93.149753	  91.71012	 90.285562	 88.878886	 87.492787	 86.129837	 84.792468	 83.482958	 82.203424	 80.955808	 79.741871	 78.563187	 77.421139	 76.316913	 75.251501	 74.225699	 73.240111	 72.295149	 71.391043	 70.527844	 69.705432	 68.923526	 68.181693	 67.479356	 66.815809	 66.190226	 65.601674	 65.049122	 64.531458	 64.047496	 63.595992	 63.175652	 62.785147	 62.423119	 62.088196	 61.778998	 61.494148	 61.232278	 60.992039	 60.772106	 60.571185	 60.388016	 60.221381	 60.070105	 59.933059	 59.809165	 59.697395	 59.596773	 59.506377	 59.425338	 59.352839	 59.288115	 59.230454	 59.179192	 59.133714	 59.093452	 59.057882	 59.026522	 58.998933	 58.974711	  58.95349	 58.934936	 58.918749	 58.904655	  58.89241	 58.881794	 58.872608	 58.864677	 58.857843	 58.851968	 58.846926	 58.842609	  58.83892	 58.835775	 58.833099	 58.830826	   58.8289	 58.827271	 58.825897	 58.824739	 58.823767	 58.822951	 58.822268	 58.821698	 58.821223	 58.820827	 58.820499	 58.820227	 58.820003	 58.819818	 58.819665	  58.81954	 58.819437	 58.819353	 58.819284	 58.819228	 58.819183	 58.819146	 58.819116	 58.819092	 58.819073	 58.819057	 58.819045	 58.819034	 58.819026	  58.81902	 58.819015	 58.819011	 58.819008	 58.819005	 58.819003	 58.819001	    58.819	 58.818999	 58.818998	 58.818998	 58.818997	 58.818997	 58.818997	 58.818996	 58.818996	 58.818996	 58.818996	 58.818996	 58.818996	 58.818996	 58.818996	 58.818996	 58.818996	 58.818996	 58.818996	 58.818996	 58.818996	 58.818996	 58.818996	 58.818996	 58.818996	 58.818996	 58.818996	 58.818996	 58.818996	 58.818996	 58.818996	 58.818996	 58.818996	 58.818996	 58.818996	 58.818996	 58.818996	 58.818996	 58.818996	 58.818996	 58.818996	 58.818996	 58.818996	 58.818996	 58.818996	 58.818996	 58.818996	 58.818996	 58.818996	 58.818996	 58.818996	 58.818996	 58.818996	 58.818996	 58.818996	 58.818996	 58.818996	 58.818996	 58.818996	 58.818996	 58.818996	 58.818996	 58.818996	 58.818996	 58.818996	 58.818996	 58.818996	 58.818996	 58.818996	 58.818996	 58.818996	 58.818996	 58.818996	 58.818996	 58.818996	 58.818996	 58.818996	 58.818996	 58.818996	 58.818996	 58.818996	 58.818996	 58.818996	 58.818996	
        99	 97.447576	 95.898417	 94.355767	  92.82283	 91.302748	 89.798583	 88.313298	 86.849742	 85.410627	 83.998523	 82.615836	 81.264799	 79.947464	 78.665689	 77.421139	  76.21527	 75.049338	 73.924389	 72.841264	 71.800599	 70.802831	 69.848202	 68.936766	 68.068396	 67.242795	 66.459507	 65.717922	 65.017295	 64.356754	 63.735312	 63.151883	 62.605291	 62.094284	 61.617549	  61.17372	 60.761392	 60.379134	 60.025495	 59.699018	  59.39825	 59.121747	 58.868083	  58.63586	 58.423711	 58.230306	 58.054359	 57.894629	 57.749925	 57.619108	 57.501092	 57.394847	   57.2994	 57.213832	 57.137282	 57.068941	 57.008058	 56.953931	 56.905912	   56.8634	 56.825842	  56.79273	 56.763599	 56.738023	 56.715616	 56.696026	 56.678934	 56.664053	 56.651124	 56.639914	 56.630215	 56.621841	 56.614625	 56.608421	 56.603098	  56.59854	 56.594645	 56.591324	 56.588498	 56.586098	 56.584064	 56.582344	 56.580893	 56.579671	 56.578644	 56.577783	 56.577062	  56.57646	 56.575958	 56.575541	 56.575194	 56.574907	  56.57467	 56.574474	 56.574313	 56.574181	 56.574073	 56.573984	 56.573911	 56.573852	 56.573804	 56.573765	 56.573734	 56.573709	 56.573688	 56.573671	 56.573658	 56.573648	 56.573639	 56.573632	 56.573627	 56.573623	 56.573619	 56.573616	 56.573614	 56.573613	 56.573611	  56.57361	 56.573609	 56.573609	 56.573608	 56.573608	 56.573608	 56.573607	 56.573607	 56.573607	 56.573607	 56.573607	 56.573607	 56.573607	 56.573607	 56.573607	 56.573607	 56.573607	 56.573607	 56.573607	 56.573607	 56.573607	 56.573607	 56.573607	 56.573607	 56.573607	 56.573607	 56.573607	 56.573607	 56.573607	 56.573607	 56.573607	 56.573607	 56.573607	 56.573607	 56.573607	 56.573607	 56.573607	 56.573607	 56.573607	 56.573607	 56.573607	 56.573607	 56.573607	 56.573607	 56.573607	 56.573607	 56.573607	 56.573607	 56.573607	 56.573607	 56.573607	 56.573607	 56.573607	 56.573607	 56.573607	 56.573607	 56.573607	 56.573607	 56.573607	 56.573607	 56.573607	 56.573607	 56.573607	 56.573607	 56.573607	 56.573607	 56.573607	 56.573607	 56.573607	 56.573607	 56.573607	 56.573607	 56.573607	 56.573607	 56.573607	 56.573607	 56.573607	 56.573607	 56.573607	 56.573607	 56.573607	 56.573607	 56.573607	
        99	 97.368136	 95.739704	 94.118114	 92.506734	 90.908867	 89.327731	 87.766442	 86.227993	 84.715237	 83.230873	 81.777431	 80.357259	 78.972514	 77.625149	 76.316913	 75.049338	 73.823743	 72.641229	 71.502678	 70.408761	 69.359936	 68.356457	 67.398381	 66.485575	 65.617728	 64.794357	 64.014824	 63.278345	 62.584003	 61.930761	 61.317477	 60.742915	 60.205759	 59.704629	 59.238088	 58.804661	 58.402842	 58.031107	 57.687924	 57.371765	 57.081113	 56.814469	 56.570363	 56.347358	 56.144056	 55.959106	 55.791202	 55.639093	 55.501582	 55.377527	 55.265846	 55.165514	 55.075568	   54.9951	 54.923263	 54.859264	 54.802368	 54.751891	 54.707204	 54.667724	 54.632918	 54.602296	 54.575411	 54.551858	 54.531265	 54.513298	 54.497656	 54.484065	 54.472282	 54.462086	 54.453284	 54.445699	 54.439177	 54.433582	  54.42879	 54.424696	 54.421205	 54.418234	 54.415712	 54.413574	 54.411766	 54.410241	 54.408956	 54.407876	 54.406971	 54.406213	  54.40558	 54.405053	 54.404614	  54.40425	 54.403948	 54.403699	 54.403493	 54.403324	 54.403185	 54.403071	 54.402978	 54.402902	  54.40284	 54.402789	 54.402748	 54.402715	 54.402688	 54.402667	 54.402649	 54.402636	 54.402624	 54.402615	 54.402608	 54.402603	 54.402598	 54.402594	 54.402592	 54.402589	 54.402588	 54.402586	 54.402585	 54.402584	 54.402584	 54.402583	 54.402583	 54.402582	 54.402582	 54.402582	 54.402582	 54.402582	 54.402582	 54.402582	 54.402581	 54.402581	 54.402581	 54.402581	 54.402581	 54.402581	 54.402581	 54.402581	 54.402581	 54.402581	 54.402581	 54.402581	 54.402581	 54.402581	 54.402581	 54.402581	 54.402581	 54.402581	 54.402581	 54.402581	 54.402581	 54.402581	 54.402581	 54.402581	 54.402581	 54.402581	 54.402581	 54.402581	 54.402581	 54.402581	 54.402581	 54.402581	 54.402581	 54.402581	 54.402581	 54.402581	 54.402581	 54.402581	 54.402581	 54.402581	 54.402581	 54.402581	 54.402581	 54.402581	 54.402581	 54.402581	 54.402581	 54.402581	 54.402581	 54.402581	 54.402581	 54.402581	 54.402581	 54.402581	 54.402581	 54.402581	 54.402581	 54.402581	 54.402581	 54.402581	 54.402581	 54.402581	 54.402581	 54.402581	 54.402581	 54.402581	 54.402581	 54.402581	 54.402581	 54.402581	 54.402581	
