Time step 28:
        99	        99	        99	        99	        99	        99	        99	        99	        99	        99	        99	        99	        99	        99	        99	        99	        99	        99	        99	        99	        99	        99	        99	        99	        99	        99	        99	        99	        99	        99	        99	        99	        99	        99	        99	        99	        99	        99	        99	        99	        99	        99	        99	        99	        99	        99	        99	        99	        99	        99	        99	        99	        99	        99	        99	        99	        99	        99	        99	        99	        99	        99	        99	        99	        99	        99	        99	        99	        99	        99	        99	        99	        99	        99	        99	        99	        99	        99	        99	        99	        99	        99	        99	        99	        99	        99	        99	        99	        99	        99	        99	        99	        99	        99	        99	        99	        99	        99	        99	        99	        99	        99	        99	        99	        99	        99	        99	        99	        99	        99	        99	        99	        99	        99	        99	        99	        99	        99	        99	        99	        99	        99	        99	        99	        99	        99	        99	        99	        99	        99	        99	        99	        99	        99	        99	        99	        99	        99	        99	        99	        99	        99	        99	        99	        99	        99	        99	        99	        99	        99	        99	        99	        99	        99	        99	        99	        99	        99	        99	        99	        99	        99	        99	        99	        99	        99	        99	        99	        99	        99	        99	        99	        99	        99	        99	        99	        99	        99	        99	        99	        99	        99	        99	        99	        99	        99	        99	        99	        99	        99	        99	        99	        99	        99	        99	        99	        99	        99	        99	        99	
        99	 98.977324	 98.954659	 98.932014	 98.909399	 98.886826	 98.864303	 98.841841	  98.81945	 98.797139	 98.774919	 98.752799	 98.730788	 98.708896	 98.687132	 98.665505	 98.644024	 98.622697	 98.601533	  98.58054	 98.559727	   98.5391	 98.518668	 98.498437	 98.478415	 98.458609	 98.439024	 98.419668	 98.400546	 98.381665	 98.363028	 98.344642	 98.326511	  98.30864	 98.291033	 98.273694	 98.256626	 98.239833	 98.223318	 98.207084	 98.191132	 98.175466	 98.160087	 98.144996	 98.130195	 98.115685	 98.101467	  98.08754	 98.073905	 98.060562	 98.047511	 98.034751	 98.022281	   98.0101	 97.998207	 97.986599	 97.975276	 97.964236	 97.953475	 97.942993	 97.932785	  97.92285	 97.913185	 97.903786	  97.89465	 97.885774	 97.877155	 97.868788	  97.86067	 97.852797	 97.845166	 97.837771	  97.83061	 97.823677	 97.816969	 97.810481	 97.804209	 97.798148	 97.792294	 97.786642	 97.781188	 97.775927	 97.770855	 97.765966	 97.761258	 97.756724	 97.752361	 97.748164	 97.744128	 97.740249	 97.736523	 97.732945	 97.729511	 97.726216	 97.723057	 97.720029	 97.717127	 97.714349	 97.711689	 97.709145	 97.706711	 97.704385	 97.702162	 97.700039	 97.698013	 97.696079	 97.694235	 97.692477	 97.690801	 97.689205	 97.687686	  97.68624	 97.684865	 97.683558	 97.682315	 97.681135	 97.680014	  97.67895	 97.677941	 97.676985	 97.676078	 97.675219	 97.674405	 97.673636	 97.672907	 97.672218	 97.671567	 97.670952	 97.670371	 97.669823	 97.669306	 97.668818	 97.668358	 97.667925	 97.667516	 97.667132	 97.666771	 97.666431	 97.666111	 97.665811	 97.665528	 97.665264	 97.665015	 97.664782	 97.664563	 97.664358	 97.664166	 97.663987	 97.663818	 97.663661	 97.663514	 97.663376	 97.663248	 97.663128	 97.663016	 97.662912	 97.662814	 97.662724	 97.662639	  97.66256	 97.662487	 97.662419	 97.662355	 97.662297	 97.662242	 97.662191	 97.662144	   97.6621	  97.66206	 97.662022	 97.661987	 97.661955	 97.661925	 97.661898	 97.661872	 97.661849	 97.661827	 97.661807	 97.661789	 97.661772	 97.661757	 97.661742	 97.661729	 97.661717	 97.661707	 97.661697	 97.661688	  97.66168	 97.661673	 97.661666	  97.66166	 97.661655	 97.661651	 97.661647	 97.661644	 97.661641	 97.661639	 97.661637	 97.661636	 97.661636	
        99	 98.954659	 98.909338	 98.864058	 98.818839	 98.773702	 98.728667	 98.683753	 98.638981	  98.59437	 98.549939	 98.505709	 98.461697	 98.417923	 98.374405	 98.331161	 98.288208	 98.245564	 98.203246	  98.16127	 98.119652	 98.078408	 98.037552	   97.9971	 97.957065	 97.917461	 97.878302	 97.839598	 97.801363	 97.763608	 97.726343	 97.689579	 97.653326	 97.617592	 97.582385	 97.547715	 97.513587	 97.480009	 97.446986	 97.414525	 97.382629	 97.351304	 97.320552	 97.290378	 97.260783	 97.231769	 97.203338	 97.175491	 97.148228	 97.121548	 97.095452	 97.069937	 97.045003	 97.020646	 96.996865	 96.973655	 96.951015	 96.928938	 96.907422	 96.886462	 96.866051	 96.846186	 96.826859	 96.808065	 96.789798	  96.77205	 96.754815	 96.738086	 96.721854	 96.706112	 96.690852	 96.676067	 96.661747	 96.647885	 96.634472	 96.621499	 96.608957	 96.596838	 96.585132	 96.573831	 96.562925	 96.552405	 96.542263	 96.532489	 96.523074	 96.514009	 96.505285	 96.496892	 96.488823	 96.481067	 96.473616	 96.466462	 96.459595	 96.453007	  96.44669	 96.440634	 96.434833	 96.429277	  96.42396	 96.418872	 96.414006	 96.409354	  96.40491	 96.400665	 96.396613	 96.392746	 96.389059	 96.385543	 96.382193	 96.379002	 96.375964	 96.373073	 96.370323	 96.367709	 96.365224	 96.362864	 96.360623	 96.358496	 96.356479	 96.354566	 96.352753	 96.351035	 96.349409	 96.347869	 96.346413	 96.345035	 96.343734	 96.342504	 96.341342	 96.340246	 96.339212	 96.338236	 96.337316	  96.33645	 96.335634	 96.334865	 96.334143	 96.333463	 96.332823	 96.332223	 96.331659	 96.331129	 96.330632	 96.330165	 96.329728	 96.329319	 96.328935	 96.328576	 96.328239	 96.327925	 96.327631	 96.327356	 96.327099	 96.326859	 96.326635	 96.326426	 96.326232	  96.32605	 96.325881	 96.325724	 96.325577	 96.325441	 96.325314	 96.325196	 96.325087	 96.324985	 96.324891	 96.324803	 96.324722	 96.324647	 96.324578	 96.324513	 96.324454	 96.324399	 96.324348	 96.324301	 96.324258	 96.324218	 96.324181	 96.324147	 96.324116	 96.324088	 96.324062	 96.324038	 96.324017	 96.323997	 96.323979	 96.323963	 96.323948	 96.323935	 96.323924	 96.323914	 96.323905	 96.323897	 96.323891	 96.323885	 96.323881	 96.323878	 96.323876	 96.323875	
        99	 98.932014	 98.864058	 98.796164	 98.728361	 98.660681	 98.593153	 98.525808	 98.458674	 98.391783	 98.325162	 98.258842	 98.192849	 98.127213	  98.06196	 97.997118	 97.932713	 97.868771	 97.805318	 97.742378	 97.679974	 97.618131	 97.556871	 97.496215	 97.436185	 97.376802	 97.318084	 97.260051	  97.20272	 97.146109	 97.090233	 97.035107	 96.980747	 96.927166	 96.874377	  96.82239	 96.771218	  96.72087	 96.671355	 96.622681	 96.574855	 96.527885	 96.481775	  96.43653	 96.392154	  96.34865	 96.306019	 96.264264	 96.223385	 96.183381	 96.144251	 96.105993	 96.068606	 96.032084	 95.996426	 95.961625	 95.927676	 95.894574	 95.862312	 95.830883	 95.800279	 95.770492	 95.741513	 95.713333	 95.685942	 95.659331	 95.633488	 95.608403	 95.584064	  95.56046	  95.53758	  95.51541	 95.493938	 95.473153	 95.453041	 95.433588	 95.414783	  95.39661	 95.379058	 95.362113	  95.34576	 95.329987	  95.31478	 95.300124	 95.286007	 95.272414	 95.259333	 95.246749	 95.234649	  95.22302	 95.211848	  95.20112	 95.190824	 95.180946	 95.171473	 95.162394	 95.153695	 95.145365	 95.137391	 95.129762	 95.122465	 95.115491	 95.108827	 95.102462	 95.096386	 95.090588	 95.085059	 95.079787	 95.074764	  95.06998	 95.065424	  95.06109	 95.056966	 95.053046	 95.049321	 95.045782	 95.042422	 95.039233	 95.036207	 95.033339	  95.03062	 95.028045	 95.025606	 95.023298	 95.021114	 95.019049	 95.017097	 95.015253	 95.013511	 95.011867	 95.010316	 95.008854	 95.007475	 95.006175	 95.004952	   95.0038	 95.002716	 95.001696	 95.000738	 94.999837	 94.998991	 94.998197	 94.997452	 94.996752	 94.996097	 94.995483	 94.994907	 94.994368	 94.993864	 94.993392	 94.992951	 94.992539	 94.992154	 94.991795	 94.991459	 94.991146	 94.990854	 94.990582	 94.990328	 94.990092	 94.989872	 94.989668	 94.989478	 94.989301	 94.989137	 94.988985	 94.988843	 94.988712	 94.988591	 94.988478	 94.988374	 94.988277	 94.988188	 94.988105	 94.988029	 94.987959	 94.987894	 94.987834	 94.987779	 94.987729	 94.987682	  94.98764	 94.987601	 94.987565	 94.987533	 94.987503	 94.987476	 94.987452	  94.98743	 94.987411	 94.987393	 94.987378	 94.987365	 94.987353	 94.987344	 94.987336	 94.987329	 94.987325	 94.987321	  94.98732	
        99	 98.909399	 98.818839	 98.728361	 98.638005	 98.547812	 98.457822	 98.368076	 98.278612	  98.18947	  98.10069	 98.012308	 97.924365	 97.836896	 97.749938	 97.663527	 97.577699	 97.492488	 97.407928	 97.324051	  97.24089	 97.158476	 97.076839	 96.996007	  96.91601	 96.836874	 96.758624	 96.681287	 96.604886	 96.529444	 96.454982	  96.38152	 96.309078	 96.237674	 96.167325	 96.098047	 96.029853	 95.962757	 95.896771	 95.831907	 95.768173	 95.705579	 95.644131	 95.583836	   95.5247	 95.466724	 95.409914	  95.35427	 95.299792	 95.246482	 95.194336	 95.143353	 95.093529	 95.044859	 94.997339	 94.950962	 94.905722	 94.861609	 94.818616	 94.776732	 94.735948	 94.696253	 94.657635	 94.620081	 94.583579	 94.548116	 94.513677	 94.480247	 94.447813	 94.416357	 94.385866	 94.356322	 94.327708	 94.300009	 94.273207	 94.247284	 94.222223	 94.198006	 94.174616	 94.152033	 94.130242	 94.109222	 94.088956	 94.069425	 94.050612	 94.032498	 94.015065	 93.998295	 93.982171	 93.966673	 93.951785	 93.937489	 93.923768	 93.910604	 93.897981	 93.885881	 93.874289	 93.863188	 93.852561	 93.842394	 93.832671	 93.823377	 93.814496	 93.806014	 93.797917	 93.790191	 93.782822	 93.775797	 93.769103	 93.762727	 93.756657	  93.75088	 93.745385	 93.740161	 93.735196	  93.73048	 93.726002	 93.721753	 93.717721	 93.713899	 93.710276	 93.706844	 93.703594	 93.700518	 93.697607	 93.694855	 93.692254	 93.689797	 93.687476	 93.685285	 93.683218	 93.681269	 93.679431	   93.6777	 93.676069	 93.674534	 93.673089	  93.67173	 93.670453	 93.669253	 93.668126	 93.667067	 93.666074	 93.665142	 93.664269	  93.66345	 93.662683	 93.661965	 93.661293	 93.660665	 93.660077	 93.659527	 93.659014	 93.658535	 93.658088	 93.657671	 93.657282	 93.656919	 93.656581	 93.656266	 93.655974	 93.655701	 93.655448	 93.655213	 93.654994	 93.654791	 93.654602	 93.654428	 93.654266	 93.654116	 93.653977	 93.653848	 93.653729	 93.653619	 93.653517	 93.653424	 93.653337	 93.653258	 93.653184	 93.653117	 93.653055	 93.652998	 93.652946	 93.652899	 93.652856	 93.652816	 93.652781	 93.652748	 93.652719	 93.652693	  93.65267	  93.65265	 93.652632	 93.652617	 93.652604	 93.652593	 93.652585	 93.652578	 93.652574	 93.652572	
        99	 98.886826	 98.773702	 98.660681	 98.547812	 98.435147	 98.322736	 98.210628	 98.098874	 97.987522	 97.876621	 97.766219	 97.656364	 97.547101	 97.438477	 97.330537	 97.223325	 97.116883	 97.011254	 96.906479	 96.802598	  96.69965	 96.597672	 96.496701	 96.396772	 96.297918	 96.200173	 96.103567	  96.00813	 95.913891	 95.820876	 95.729111	  95.63862	 95.549425	 95.461548	 95.375008	 95.289823	  95.20601	 95.123584	 95.042558	 94.962945	 94.884755	 94.807997	  94.73268	 94.658809	 94.586389	 94.515423	 94.445915	 94.377865	 94.311271	 94.246133	 94.182447	 94.120209	 94.059413	 94.000053	 93.942121	 93.885609	 93.830505	   93.7768	 93.724481	 93.673535	  93.62395	 93.575709	 93.528799	 93.483203	 93.438903	 93.395883	 93.354125	 93.313609	 93.274317	 93.236228	 93.199323	  93.16358	 93.128979	 93.095499	 93.063117	 93.031812	 93.001562	 92.972343	 92.944135	 92.916913	 92.890656	 92.865341	 92.840944	 92.817444	 92.794817	  92.77304	 92.752092	  92.73195	 92.712591	 92.693994	 92.676136	 92.658996	 92.642552	 92.626783	 92.611669	 92.597189	 92.583321	 92.570048	 92.557347	 92.545202	 92.533591	 92.522498	 92.511903	 92.501788	 92.492137	 92.482933	 92.474157	 92.465795	  92.45783	 92.450248	 92.443032	 92.436168	 92.429642	  92.42344	 92.417549	 92.411956	 92.406647	 92.401611	 92.396836	 92.392311	 92.388023	 92.383964	 92.380121	 92.376486	 92.373048	 92.369799	 92.366729	  92.36383	 92.361093	 92.358511	 92.356076	 92.353781	 92.351618	 92.349581	 92.347663	 92.345859	 92.344162	 92.342566	 92.341067	 92.339659	 92.338336	 92.337096	 92.335932	 92.334841	 92.333818	  92.33286	 92.331963	 92.331124	 92.330339	 92.329604	 92.328918	 92.328277	 92.327679	  92.32712	 92.326599	 92.326113	  92.32566	 92.325238	 92.324845	 92.324479	 92.324139	 92.323822	 92.323528	 92.323255	 92.323001	 92.322766	 92.322548	 92.322345	 92.322158	 92.321984	 92.321823	 92.321675	 92.321538	 92.321411	 92.321294	 92.321186	 92.321086	 92.320995	  92.32091	 92.320833	 92.320762	 92.320697	 92.320638	 92.320584	 92.320535	  92.32049	  92.32045	 92.320414	 92.320381	 92.320352	 92.320327	 92.320305	 92.320285	 92.320269	 92.320256	 92.320245	 92.320238	 92.320232	  92.32023	
        99	 98.864303	 98.728667	 98.593153	 98.457822	 98.322736	 98.187953	 98.053535	 97.919541	 97.786029	 97.653058	 97.520685	 97.388967	  97.25796	 97.127719	 96.998297	 96.869748	 96.742124	 96.615474	 96.489848	 96.365293	 96.241857	 96.119585	 95.998519	 95.878703	 95.760177	 95.642979	 95.527148	 95.412718	 95.299724	 95.188198	 95.078171	 94.969671	 94.862726	 94.757361	 94.653598	 94.551461	 94.450968	 94.352138	 94.254988	 94.159531	  94.06578	 93.973747	  93.88344	 93.794868	 93.708036	 93.622948	 93.539607	 93.458013	 93.378167	 93.300066	 93.223705	 93.149081	 93.076187	 93.005014	 92.935553	 92.867793	 92.801724	  92.73733	 92.674599	 92.613515	 92.554062	 92.496221	 92.439975	 92.385305	 92.332189	 92.280608	 92.230539	  92.18196	 92.134848	 92.089179	  92.04493	 92.002074	 91.960587	 91.920444	 91.881618	 91.844083	 91.807812	 91.772779	 91.738957	 91.706318	 91.674835	 91.644482	  91.61523	 91.587053	 91.559923	 91.533813	 91.508696	 91.484545	 91.461333	 91.439035	 91.417623	 91.397072	 91.377356	 91.358449	 91.340327	 91.322965	 91.306338	 91.290422	 91.275195	 91.260632	 91.246711	  91.23341	 91.220706	 91.208579	 91.197007	 91.185971	 91.175449	 91.165423	 91.155873	 91.146781	 91.138129	 91.129899	 91.122075	 91.114639	 91.107575	 91.100869	 91.094504	 91.088466	  91.08274	 91.077314	 91.072174	 91.067306	 91.062699	  91.05834	 91.054218	 91.050322	 91.046641	 91.043165	 91.039884	 91.036788	 91.033869	 91.031116	 91.028523	 91.026081	 91.023781	 91.021618	 91.019583	  91.01767	 91.015872	 91.014184	 91.012598	 91.011111	 91.009715	 91.008407	 91.007181	 91.006032	 91.004957	 91.003951	 91.003009	 91.002129	 91.001306	 91.000537	  90.99982	  90.99915	 90.998525	 90.997942	 90.997399	 90.996893	 90.996422	 90.995983	 90.995575	 90.995196	 90.994843	 90.994516	 90.994212	 90.993929	 90.993668	 90.993425	   90.9932	 90.992992	 90.992799	 90.992621	 90.992456	 90.992304	 90.992164	 90.992034	 90.991915	 90.991805	 90.991705	 90.991612	 90.991527	 90.991449	 90.991378	 90.991313	 90.991254	 90.991201	 90.991152	 90.991109	  90.99107	 90.991035	 90.991005	 90.990978	 90.990955	 90.990936	  90.99092	 90.990907	 90.990898	 90.990892	 90.990888	
        99	 98.841841	 98.683753	 98.525808	 98.368076	 98.210628	 98.053535	 97.896867	 97.740692	  97.58508	 97.430098	 97.275813	 97.122292	   96.9696	   96.8178	 96.666955	 96.517128	 96.368377	 96.220763	 96.074342	  95.92917	 95.785302	 95.642789	 95.501684	 95.362034	 95.223888	 95.087291	 94.952286	 94.818915	 94.687217	  94.55723	  94.42899	 94.302531	 94.177883	 94.055076	 93.934138	 93.815094	 93.697966	 93.582777	 93.469545	 93.358287	 93.249018	  93.14175	 93.036495	 92.933262	 92.832056	 92.732884	 92.635747	 92.540647	 92.447584	 92.356555	 92.267555	 92.180578	 92.095617	 92.012663	 91.931704	 91.852728	 91.775722	  91.70067	 91.627555	  91.55636	 91.487065	  91.41965	 91.354093	 91.290373	 91.228465	 91.168346	 91.109989	 91.053369	 90.998459	  90.94523	 90.893656	 90.843706	 90.795352	 90.748564	 90.703311	 90.659563	 90.617288	 90.576456	 90.537035	 90.498994	   90.4623	 90.426922	 90.392828	 90.359987	 90.328366	 90.297934	 90.268659	 90.240511	 90.213457	 90.187467	 90.162511	 90.138558	 90.115578	 90.093542	  90.07242	 90.052184	 90.032805	 90.014255	 89.996507	 89.979533	 89.963308	 89.947805	 89.932999	 89.918864	 89.905377	 89.892513	  89.88025	 89.868564	 89.857434	 89.846837	 89.836752	  89.82716	 89.818041	 89.809374	 89.801141	 89.793324	 89.785906	 89.778868	 89.772195	 89.765871	 89.759879	 89.754206	 89.748836	 89.743756	 89.738952	 89.734411	 89.730121	  89.72607	 89.722245	 89.718637	 89.715234	 89.712026	 89.709003	 89.706157	 89.703477	 89.700955	 89.698583	 89.696354	 89.694259	  89.69229	 89.690443	 89.688709	 89.687082	 89.685558	 89.684129	  89.68279	 89.681536	 89.680363	 89.679266	  89.67824	 89.677281	 89.676385	 89.675549	 89.674768	  89.67404	  89.67336	 89.672727	 89.672138	 89.671588	 89.671077	 89.670602	  89.67016	 89.669749	 89.669367	 89.669012	 89.668683	 89.668378	 89.668096	 89.667833	 89.667591	 89.667366	 89.667159	 89.666967	 89.666789	 89.666626	 89.666475	 89.666336	 89.666208	  89.66609	 89.665982	 89.665883	 89.665793	  89.66571	 89.665634	 89.665565	 89.665503	 89.665447	 89.665396	 89.665351	  89.66531	 89.665275	 89.665244	 89.665217	 89.665194	 89.665176	 89.665161	  89.66515	 89.665143	 89.665139	
        99	  98.81945	 98.638981	 98.458674	 98.278612	 98.098874	 97.919541	 97.740692	 97.562407	 97.384764	 97.207841	 97.031714	 96.856458	 96.682149	 96.508858	 96.336657	 96.165618	 95.995809	 95.827296	 95.660145	 95.494421	 95.330185	 95.167496	 95.006414	 94.846994	  94.68929	 94.533354	 94.379236	 94.226983	  94.07664	 93.928251	 93.781856	 93.637492	 93.495198	 93.355005	 93.216945	 93.081047	 92.947338	 92.815841	 92.686578	 92.559569	  92.43483	 92.312376	  92.19222	 92.074371	 91.958837	 91.845625	 91.734736	 91.626173	 91.519934	 91.416018	 91.314418	 91.215127	 91.118138	  91.02344	 90.931019	 90.840863	 90.752954	 90.667277	 90.583811	 90.502536	 90.423431	 90.346471	 90.271634	 90.198893	 90.128221	  90.05959	 89.992971	 89.928335	 89.865651	 89.804887	 89.746011	  89.68899	  89.63379	 89.580378	 89.528718	 89.478776	 89.430517	 89.383904	 89.338902	 89.295475	 89.253586	   89.2132	 89.174279	 89.136788	 89.100691	  89.06595	 89.032531	 89.000397	 88.969514	 88.939845	 88.911355	 88.884011	 88.857778	 88.832622	  88.80851	 88.785409	 88.763286	  88.74211	 88.721849	 88.702473	  88.68395	 88.666252	  88.64935	 88.633214	 88.617818	 88.603133	 88.589133	 88.575793	 88.563087	  88.55099	 88.539478	 88.528528	 88.518117	 88.508223	 88.498825	 88.489901	 88.481432	 88.473399	 88.465781	 88.458561	 88.451721	 88.445245	 88.439115	 88.433315	 88.427831	 88.422648	  88.41775	 88.413125	 88.408759	  88.40464	 88.400755	 88.397093	 88.393643	 88.390393	 88.387334	 88.384455	 88.381748	 88.379202	  88.37681	 88.374564	 88.372454	 88.370475	 88.368618	 88.366878	 88.365246	 88.363718	 88.362287	 88.360948	 88.359695	 88.358524	 88.357429	 88.356407	 88.355452	  88.35456	 88.353729	 88.352954	 88.352231	 88.351558	 88.350931	 88.350347	 88.349804	   88.3493	  88.34883	 88.348395	  88.34799	 88.347615	 88.347266	 88.346943	 88.346644	 88.346367	 88.346111	 88.345874	 88.345655	 88.345452	 88.345265	 88.345093	 88.344935	 88.344789	 88.344654	 88.344531	 88.344418	 88.344314	  88.34422	 88.344134	 88.344055	 88.343984	  88.34392	 88.343862	  88.34381	 88.343764	 88.343723	 88.343688	 88.343657	 88.343631	  88.34361	 88.343593	 88.343581	 88.343573	 88.343568	
        99	 98.797139	  98.59437	 98.391783	  98.18947	 97.987522	 97.786029	  97.58508	 97.384764	  97.18517	 96.986385	 96.788494	 96.591582	 96.395732	 96.201028	 96.007549	 95.815375	 95.624582	 95.435246	 95.247441	 95.061238	 94.876707	 94.693915	 94.512928	 94.333809	 94.156617	 93.981413	  93.80825	 93.637183	 93.468262	 93.301537	 93.137051	 92.974849	 92.814971	 92.657455	 92.502335	 92.349645	 92.199413	 92.051667	 91.906431	 91.763727	 91.623574	 91.485989	 91.350985	 91.218574	 91.088764	 90.961561	  90.83697	 90.714992	 90.595625	 90.478868	 90.364713	 90.253153	  90.14418	 90.037779	 89.933938	 89.832641	  89.73387	 89.637605	 89.543825	 89.452507	 89.363627	 89.277158	 89.193073	 89.111343	 89.031938	 88.954826	 88.879976	 88.807353	 88.736923	  88.66865	 88.602499	 88.538432	 88.476411	 88.416398	 88.358355	 88.302242	 88.248019	 88.195647	 88.145084	  88.09629	 88.049226	 88.003849	 87.960119	 87.917995	 87.877437	 87.838403	 87.800854	  87.76475	  87.73005	 87.696715	 87.664705	 87.633982	 87.604507	 87.576243	 87.549151	 87.523195	 87.498339	 87.474546	 87.451782	 87.430011	   87.4092	 87.389315	 87.370324	 87.352194	 87.334895	 87.318396	 87.302666	 87.287678	 87.273401	 87.259809	 87.246875	 87.234572	 87.222874	 87.211758	 87.201198	 87.191172	 87.181657	  87.17263	 87.164071	 87.155959	 87.148275	 87.140998	  87.13411	 87.127594	 87.121432	 87.115608	 87.110105	 87.104909	 87.100003	 87.095375	  87.09101	 87.086896	 87.083019	 87.079368	  87.07593	 87.072696	 87.069654	 87.066794	 87.064107	 87.061582	 87.059212	 87.056988	 87.054902	 87.052946	 87.051113	 87.049396	 87.047789	 87.046284	 87.044877	 87.043561	 87.042331	 87.041182	 87.040109	 87.039107	 87.038173	 87.037302	  87.03649	 87.035733	 87.035029	 87.034373	 87.033764	 87.033196	 87.032669	  87.03218	 87.031725	 87.031303	 87.030912	 87.030549	 87.030213	 87.029902	 87.029614	 87.029347	 87.029101	 87.028874	 87.028664	  87.02847	 87.028292	 87.028128	 87.027977	 87.027839	 87.027711	 87.027595	 87.027489	 87.027392	 87.027304	 87.027224	 87.027152	 87.027087	 87.027028	 87.026977	 87.026931	 87.026891	 87.026857	 87.026828	 87.026804	 87.026785	 87.026771	 87.026762	 87.026757	
        99	 98.774919	 98.549939	 98.325162	  98.10069	 97.876621	 97.653058	 97.430098	 97.207841	 96.986385	 96.765825	 96.546258	 96.327778	 96.110477	 95.894445	 95.679774	  95.46655	 95.254858	 95.044784	 94.836408	 94.629809	 94.425066	 94.222253	 94.021441	 93.822702	 93.626102	 93.431706	 93.239577	 93.049772	 92.862349	 92.677361	 92.494859	  92.31489	   92.1375	  91.96273	  91.79062	 91.621204	 91.454517	 91.290588	 91.129444	 90.971109	 90.815605	 90.662949	 90.513158	 90.366243	 90.222214	 90.081078	  89.94284	 89.807501	  89.67506	 89.545514	 89.418855	 89.295076	 89.174166	 89.056111	 88.940896	 88.828503	 88.718913	 88.612104	 88.508052	 88.406732	 88.308116	 88.212176	 88.118881	 88.028199	 87.940096	 87.854538	 87.771489	 87.690911	 87.612766	 87.537016	 87.463618	 87.392534	  87.32372	 87.257134	 87.192733	 87.130474	 87.070311	 87.012202	 86.956101	 86.901963	 86.849743	 86.799396	 86.750876	 86.704138	 86.659137	 86.615829	 86.574167	 86.534108	 86.495607	  86.45862	 86.423104	 86.389016	 86.356313	 86.324953	 86.294894	 86.266095	 86.238516	 86.212117	 86.186859	 86.162703	 86.139612	  86.11755	 86.096478	 86.076363	 86.057169	 86.038862	  86.02141	  86.00478	 85.988939	 85.973859	 85.959508	 85.945857	 85.932878	 85.920544	 85.908828	 85.897704	 85.887146	 85.877131	 85.867634	 85.858634	 85.850107	 85.842033	 85.834391	 85.827161	 85.820325	 85.813862	 85.807757	 85.801991	 85.796549	 85.791414	 85.786571	 85.782006	 85.777704	 85.773653	 85.769839	  85.76625	 85.762875	 85.759702	  85.75672	 85.753919	  85.75129	 85.748822	 85.746508	 85.744337	 85.742304	 85.740399	 85.738615	 85.736946	 85.735384	 85.733924	 85.732559	 85.731284	 85.730094	 85.728982	 85.727946	 85.726979	 85.726078	 85.725239	 85.724458	  85.72373	 85.723053	 85.722424	 85.721839	 85.721296	 85.720792	 85.720323	 85.719889	 85.719487	 85.719114	 85.718768	 85.718449	 85.718153	  85.71788	 85.717628	 85.717395	  85.71718	 85.716983	   85.7168	 85.716633	 85.716479	 85.716338	 85.716209	 85.716091	 85.715984	 85.715886	 85.715797	 85.715717	 85.715645	  85.71558	 85.715523	 85.715472	 85.715428	  85.71539	 85.715358	 85.715331	 85.715311	 85.715295	 85.715285	 85.715279	
        99	 98.752799	 98.505709	 98.258842	 98.012308	 97.766219	 97.520685	 97.275813	 97.031714	 96.788494	 96.546258	 96.305113	 96.065161	 95.826504	 95.589242	 95.353474	 95.119294	 94.886799	 94.656079	 94.427224	 94.200322	 93.975457	 93.752712	 93.532166	 93.313895	 93.097974	 92.884474	 92.673462	 92.465004	 92.259162	 92.055994	 91.855556	 91.657901	 91.463077	 91.271132	 91.082107	 90.896042	 90.712973	 90.532933	 90.355953	 90.182057	 90.011271	 89.843613	   89.6791	 89.517747	 89.359563	 89.204558	 89.052734	 88.904094	 88.758637	 88.616359	 88.477253	  88.34131	 88.208517	  88.07886	 87.952322	 87.828884	 87.708523	 87.591217	  87.47694	 87.365662	 87.257355	 87.151986	 87.049522	 86.949928	 86.853167	 86.759201	 86.667989	 86.579493	 86.493668	 86.410473	 86.329863	 86.251792	 86.176215	 86.103085	 86.032355	 85.963977	 85.897903	 85.834083	 85.772468	  85.71301	 85.655658	 85.600362	 85.547074	 85.495743	  85.44632	 85.398755	 85.352999	 85.309003	 85.266718	 85.226097	 85.187091	 85.149652	 85.113735	 85.079293	  85.04628	  85.01465	 84.984361	 84.955368	 84.927627	 84.901098	 84.875738	 84.851507	 84.828365	 84.806272	 84.785192	 84.765087	 84.745919	 84.727654	 84.710257	 84.693694	 84.677933	 84.662941	 84.648686	  84.63514	 84.622273	 84.610055	  84.59846	  84.58746	 84.577031	 84.567146	 84.557781	 84.548914	 84.540521	  84.53258	 84.525072	 84.517974	 84.511269	 84.504936	 84.498959	 84.493319	    84.488	 84.482987	 84.478262	 84.473813	 84.469624	 84.465683	 84.461976	 84.458491	 84.455216	  84.45214	 84.449252	 84.446542	    84.444	 84.441617	 84.439383	 84.437291	 84.435332	 84.433498	 84.431783	 84.430179	 84.428681	  84.42728	 84.425973	 84.424753	 84.423614	 84.422553	 84.421563	 84.420641	 84.419783	 84.418984	 84.418241	  84.41755	 84.416907	 84.416311	 84.415757	 84.415243	 84.414766	 84.414324	 84.413914	 84.413535	 84.413184	 84.412859	 84.412559	 84.412282	 84.412026	 84.411791	 84.411573	 84.411373	  84.41119	 84.411021	 84.410866	 84.410724	 84.410595	 84.410477	 84.410369	 84.410272	 84.410184	 84.410104	 84.410034	  84.40997	 84.409915	 84.409866	 84.409824	 84.409789	  84.40976	 84.409737	  84.40972	 84.409709	 84.409703	
        99	 98.730788	 98.461697	 98.192849	 97.924365	 97.656364	 97.388967	 97.122292	 96.856458	 96.591582	 96.327778	 96.065161	 95.803844	 95.543937	 95.285549	 95.028788	 94.773757	 94.520561	 94.269297	 94.020066	  93.77296	 93.528073	 93.285495	 93.045311	 92.807606	 92.572459	 92.339949	 92.110149	  91.88313	 91.658959	 91.437701	 91.219417	 91.004162	 90.791992	 90.582955	   90.3771	 90.174467	 89.975098	 89.779028	 89.586289	  89.39691	 89.210917	  89.02833	  88.84917	 88.673449	 88.501181	 88.332374	 88.167032	 88.005158	 87.846749	 87.691803	 87.540311	 87.392263	 87.247646	 87.106444	  86.96864	 86.834211	 86.703134	 86.575383	  86.45093	 86.329744	 86.211793	 86.097042	 85.985455	 85.876993	 85.771616	 85.669283	 85.569951	 85.473574	 85.380108	 85.289505	 85.201717	 85.116695	 85.034389	 84.954748	  84.87772	 84.803253	 84.731296	 84.661793	 84.594692	  84.52994	 84.467481	 84.407262	 84.349229	 84.293328	 84.239504	 84.187704	 84.137874	  84.08996	 84.043911	 83.999672	 83.957193	 83.916421	 83.877306	 83.839797	 83.803844	 83.769399	 83.736412	 83.704837	 83.674627	 83.645736	 83.618118	 83.591729	 83.566526	 83.542467	  83.51951	 83.497614	  83.47674	 83.456848	 83.437902	 83.419865	   83.4027	 83.386373	  83.37085	 83.356097	 83.342084	 83.328778	 83.316151	 83.304172	 83.292813	 83.282048	  83.27185	 83.262193	 83.253053	 83.244405	 83.236228	 83.228499	 83.221196	   83.2143	  83.20779	 83.201648	 83.195856	 83.190396	 83.185251	 83.180405	 83.175844	 83.171551	 83.167514	 83.163719	 83.160153	 83.156803	 83.153658	 83.150706	 83.147938	 83.145342	  83.14291	 83.140631	 83.138498	 83.136501	 83.134633	 83.132887	 83.131254	 83.129729	 83.128306	 83.126977	 83.125737	 83.124581	 83.123503	 83.122499	 83.121564	 83.120694	 83.119885	 83.119132	 83.118433	 83.117783	  83.11718	  83.11662	 83.116101	 83.115619	 83.115173	  83.11476	 83.114378	 83.114024	 83.113698	 83.113396	 83.113117	  83.11286	 83.112624	 83.112406	 83.112206	 83.112022	 83.111853	 83.111699	 83.111558	 83.111429	 83.111312	 83.111206	  83.11111	 83.111024	 83.110947	 83.110878	 83.110818	 83.110765	 83.110719	 83.110681	 83.110649	 83.110624	 83.110605	 83.110593	 83.110587	
        99	 98.708896	 98.417923	 98.127213	 97.836896	 97.547101	  97.25796	   96.9696	 96.682149	 96.395732	 96.110477	 95.826504	 95.543937	 95.262895	 94.983495	 94.705854	 94.430085	 94.156299	 93.884603	 93.615104	 93.347905	 93.083104	 92.820799	 92.561084	 92.304049	 92.049781	 91.798363	 91.549876	 91.304396	 91.061996	 90.822746	 90.586711	 90.353952	 90.124528	 89.898493	 89.675897	 89.456788	 89.241206	 89.029192	 88.820779	    88.616	 88.414882	 88.217448	 88.023718	 87.833709	 87.647432	 87.464898	  87.28611	 87.111073	 86.939783	 86.772236	 86.608425	 86.448338	 86.291961	 86.139277	 85.990266	 85.844906	  85.70317	  85.56503	 85.430457	 85.299416	 85.171874	 85.047791	  84.92713	 84.809848	 84.695903	 84.585248	 84.477838	 84.373624	 84.272558	 84.174587	  84.07966	 83.987724	 83.898725	 83.812608	 83.729316	 83.648794	 83.570985	  83.49583	 83.423273	 83.353255	 83.285717	 83.220601	 83.157849	 83.097402	 83.039201	 82.983189	 82.929306	 82.877497	 82.827702	 82.779867	 82.733933	 82.689846	  82.64755	  82.60699	 82.568114	 82.530868	 82.495199	 82.461056	 82.428389	 82.397148	 82.367285	  82.33875	 82.311498	 82.285482	 82.260658	 82.236982	  82.21441	 82.192901	 82.172415	  82.15291	  82.13435	 82.116695	 82.099909	 82.083957	 82.068804	 82.054417	 82.040762	 82.027809	 82.015527	 82.003887	 81.992859	 81.982417	 81.972533	 81.963183	  81.95434	 81.945983	 81.938086	 81.930629	  81.92359	 81.916949	 81.910685	 81.904781	 81.899218	 81.893978	 81.889046	 81.884404	 81.880039	 81.875935	 81.872079	 81.868456	 81.865056	 81.861864	 81.858871	 81.856064	 81.853434	  81.85097	 81.848663	 81.846504	 81.844484	 81.842595	  81.84083	 81.839181	 81.837642	 81.836205	 81.834864	 81.833614	 81.832449	 81.831363	 81.830353	 81.829412	 81.828537	 81.827723	 81.826966	 81.826264	 81.825611	 81.825006	 81.824444	 81.823924	 81.823441	 81.822995	 81.822581	 81.822199	 81.821846	  81.82152	 81.821218	 81.820941	 81.820685	 81.820449	 81.820233	 81.820034	 81.819852	 81.819685	 81.819532	 81.819393	 81.819267	 81.819152	 81.819048	 81.818955	 81.818872	 81.818797	 81.818732	 81.818675	 81.818625	 81.818584	  81.81855	 81.818522	 81.818502	 81.818489	 81.818482	
        99	 98.687132	 98.374405	  98.06196	 97.749938	 97.438477	 97.127719	   96.8178	 96.508858	 96.201028	 95.894445	 95.589242	 95.285549	 94.983495	 94.683207	 94.384809	 94.088422	 93.794166	 93.502158	  93.21251	 92.925334	 92.640736	  92.35882	 92.079688	 91.803436	 91.530157	 91.259943	 90.992878	 90.729045	 90.468523	 90.211385	 89.957703	 89.707542	 89.460966	 89.218032	 88.978794	 88.743303	 88.511604	 88.283738	 88.059744	 87.839655	 87.623501	 87.411306	 87.203092	 86.998877	 86.798674	 86.602492	 86.410338	 86.222214	 86.038118	 85.858045	 85.681986	 85.509931	 85.341863	 85.177764	 85.017612	 84.861384	 84.709051	 84.560584	 84.415949	 84.275112	 84.138034	 84.004674	 83.874992	 83.748942	 83.626477	  83.50755	 83.392109	 83.280104	 83.171481	 83.066186	 82.964162	 82.865353	   82.7697	 82.677144	 82.587625	 82.501083	 82.417456	 82.336683	 82.258701	 82.183448	 82.110861	 82.040877	 81.973433	 81.908467	 81.845915	 81.785715	 81.727804	 81.672121	 81.618604	 81.567192	 81.517824	  81.47044	 81.424982	  81.38139	 81.339608	 81.299577	 81.261241	 81.224546	 81.189437	  81.15586	 81.123763	 81.093095	 81.063806	 81.035845	 81.009165	 80.983718	 80.959459	 80.936342	 80.914324	 80.893362	 80.873413	 80.854438	 80.836398	 80.819253	 80.802967	 80.787504	 80.772829	 80.758908	 80.745707	 80.733196	 80.721344	 80.710121	 80.699499	 80.689449	 80.679946	 80.670963	 80.662477	 80.654462	 80.646897	 80.639759	 80.633027	 80.626681	 80.620702	 80.615071	  80.60977	 80.604781	  80.60009	 80.595679	 80.591534	 80.587641	 80.583986	 80.580556	 80.577338	 80.574322	 80.571495	 80.568847	 80.566367	 80.564047	 80.561876	 80.559846	 80.557949	 80.556177	 80.554523	 80.552978	 80.551537	 80.550194	 80.548941	 80.547775	 80.546688	 80.545677	 80.544737	 80.543862	 80.543049	 80.542294	 80.541593	 80.540942	 80.540338	 80.539779	  80.53926	  80.53878	 80.538336	 80.537925	 80.537546	 80.537195	 80.536871	 80.536573	 80.536298	 80.536045	 80.535812	 80.535598	 80.535403	 80.535223	 80.535059	  80.53491	 80.534774	 80.534651	 80.534539	 80.534439	 80.534349	 80.534269	 80.534199	 80.534137	 80.534084	  80.53404	 80.534003	 80.533974	 80.533952	 80.533938	 80.533931	
        99	 98.665505	 98.331161	 97.997118	 97.663527	 97.330537	 96.998297	 96.666955	 96.336657	 96.007549	 95.679774	 95.353474	 95.028788	 94.705854	 94.384809	 94.065784	 93.748909	 93.434313	  93.12212	  92.81245	 92.505422	 92.201152	 91.899749	 91.601321	 91.305973	 91.013805	 90.724911	 90.439386	 90.157315	 89.878784	 89.603872	 89.332654	 89.065201	  88.80158	 88.541853	 88.286078	 88.034309	 87.786593	 87.542977	 87.303499	 87.068197	   86.8371	 86.610237	 86.387631	 86.169299	 85.955257	 85.745514	 85.540078	 85.338949	 85.142128	 84.949607	 84.761379	  84.57743	 84.397744	 84.222301	  84.05108	 83.884052	 83.721189	 83.562459	 83.407827	 83.257254	   83.1107	 82.968123	 82.829476	 82.694712	 82.563782	 82.436634	 82.313214	 82.193466	 82.077335	 81.964761	 81.855685	 81.750045	  81.64778	 81.548826	  81.45312	 81.360595	 81.271188	 81.184831	 81.101459	 81.021004	 80.943399	 80.868578	 80.796472	 80.727015	 80.660139	 80.595777	 80.533863	 80.474331	 80.417115	 80.362149	 80.309368	 80.258709	 80.210109	 80.163504	 80.118833	 80.076035	 80.035049	 79.995818	 79.958281	 79.922384	 79.888068	 79.855281	 79.823966	 79.794073	 79.765548	 79.738343	 79.712407	 79.687692	 79.664152	  79.64174	 79.620413	 79.600126	 79.580839	 79.562509	 79.545097	 79.528565	 79.512876	 79.497992	 79.483879	 79.470504	 79.457832	 79.445833	 79.434477	 79.423732	 79.413572	 79.403969	 79.394895	 79.386327	 79.378238	 79.370607	  79.36341	 79.356626	 79.350233	 79.344213	 79.338545	 79.333212	 79.328196	  79.32348	 79.319049	 79.314886	 79.310979	 79.307312	 79.303872	 79.300647	 79.297625	 79.294793	 79.292143	 79.289662	 79.287341	 79.285171	 79.283143	 79.281248	 79.279479	 79.277828	 79.276287	 79.274851	 79.273512	 79.272265	 79.271103	 79.270022	 79.269016	 79.268081	 79.267212	 79.266405	 79.265655	 79.264959	 79.264314	 79.263716	 79.263162	 79.262649	 79.262174	 79.261734	 79.261328	 79.260954	 79.260607	 79.260288	 79.259994	 79.259724	 79.259475	 79.259247	 79.259037	 79.258845	  79.25867	  79.25851	 79.258365	 79.258233	 79.258114	 79.258007	 79.257911	 79.257826	  79.25775	 79.257685	 79.257628	  79.25758	 79.257541	  79.25751	 79.257486	 79.257471	 79.257463	
        99	 98.644024	 98.288208	 97.932713	 97.577699	 97.223325	 96.869748	 96.517128	 96.165618	 95.815375	  95.46655	 95.119294	 94.773757	 94.430085	 94.088422	 93.748909	 93.411685	 93.076886	 92.744643	 92.415087	 92.088342	 91.764531	 91.443772	  91.12618	 90.811864	 90.500933	 90.193487	 89.889625	  89.58944	 89.293022	 89.000455	 88.711819	 88.427191	  88.14664	 87.870233	 87.598032	 87.330094	  87.06647	 86.807209	 86.552352	 86.301939	 86.056001	  85.81457	 85.577667	 85.345314	 85.117526	 84.894314	 84.675684	 84.461639	 84.252178	 84.047294	 83.846977	 83.651215	  83.45999	 83.273281	 83.091063	 82.913309	 82.739987	 82.571064	 82.406501	 82.246258	 82.090293	 81.938559	 81.791008	  81.64759	 81.508252	 81.372938	 81.241592	 81.114154	 80.990565	 80.870762	 80.754681	 80.642257	 80.533424	 80.428116	 80.326263	 80.227796	 80.132647	 80.040745	 79.952018	 79.866397	 79.783808	 79.704182	 79.627445	 79.553527	 79.482357	 79.413862	 79.347972	 79.284617	 79.223726	  79.16523	  79.10906	 79.055148	 79.003426	 78.953828	 78.906288	 78.860742	 78.817124	 78.775373	 78.735426	 78.697223	 78.660704	 78.625811	 78.592485	 78.560672	 78.530316	 78.501363	 78.473762	  78.44746	 78.422408	 78.398557	  78.37586	 78.354271	 78.333744	 78.314237	 78.295708	 78.278114	 78.261417	 78.245577	 78.230558	 78.216323	 78.202838	 78.190069	 78.177983	 78.166549	 78.155736	 78.145516	  78.13586	 78.126741	 78.118133	 78.110012	 78.102352	 78.095132	 78.088329	 78.081922	  78.07589	 78.070215	 78.064877	 78.059858	 78.055142	 78.050713	 78.046554	 78.042651	 78.038991	 78.035559	 78.032342	 78.029329	 78.026508	 78.023868	 78.021398	 78.019089	  78.01693	 78.014914	 78.013031	 78.011274	 78.009634	 78.008106	 78.006681	 78.005354	 78.004118	 78.002967	 78.001897	 78.000902	 77.999977	 77.999117	  77.99832	 77.997579	 77.996893	 77.996256	 77.995666	  77.99512	 77.994615	 77.994147	 77.993715	 77.993316	 77.992948	 77.992608	 77.992295	 77.992008	 77.991743	   77.9915	 77.991277	 77.991073	 77.990886	 77.990716	 77.990561	 77.990421	 77.990294	  77.99018	 77.990078	 77.989987	 77.989907	 77.989837	 77.989777	 77.989726	 77.989684	 77.989651	 77.989626	  77.98961	 77.989602	
        99	 98.622697	 98.245564	 97.868771	 97.492488	 97.116883	 96.742124	 96.368377	 95.995809	 95.624582	 95.254858	 94.886799	 94.520561	 94.156299	 93.794166	 93.434313	 93.076886	 92.722028	 92.369881	 92.020581	  91.67426	 91.331049	 90.991074	 90.654454	 90.321308	 89.991748	 89.665883	 89.343816	 89.025647	  88.71147	 88.401376	 88.095448	 87.793767	 87.496408	 87.203442	 86.914933	 86.630943	 86.351525	 86.076731	 85.806606	  85.54119	 85.280518	 85.024622	 84.773527	 84.527254	 84.285819	 84.049234	 83.817506	 83.590637	 83.368627	 83.151468	  82.93915	  82.73166	 82.528978	 82.331083	 82.137949	 81.949545	  81.76584	 81.586796	 81.412374	 81.242531	 81.077221	 80.916397	 80.760007	 80.607996	  80.46031	  80.31689	 80.177674	 80.042602	 79.911608	 79.784628	 79.661592	 79.542433	  79.42708	 79.315462	 79.207507	 79.103142	 79.002292	 78.904884	 78.810842	  78.72009	 78.632554	 78.548157	 78.466823	 78.388477	 78.313042	 78.240444	 78.170607	 78.103456	 78.038917	 77.976916	 77.917381	 77.860239	 77.805419	 77.752849	 77.702461	 77.654186	 77.607955	 77.563703	 77.521363	 77.480871	 77.442164	  77.40518	 77.369858	 77.336139	 77.303964	 77.273277	 77.244022	 77.216144	 77.189591	 77.164311	 77.140255	 77.117372	 77.095616	  77.07494	 77.055301	 77.036653	 77.018955	 77.002167	 76.986248	  76.97116	 76.956867	 76.943333	 76.930523	 76.918403	 76.906943	  76.89611	 76.885876	 76.876211	 76.867087	 76.858479	 76.850361	 76.842709	 76.835498	 76.828707	 76.822314	 76.816298	  76.81064	 76.805321	 76.800323	 76.795628	  76.79122	 76.787083	 76.783204	 76.779566	 76.776157	 76.772963	 76.769973	 76.767175	 76.764557	 76.762109	 76.759821	 76.757684	 76.755689	 76.753826	 76.752088	 76.750468	 76.748958	 76.747551	 76.746241	 76.745022	 76.743887	 76.742832	 76.741852	 76.740941	 76.740096	 76.739311	 76.738583	 76.737909	 76.737283	 76.736704	 76.736169	 76.735673	 76.735215	 76.734792	 76.734402	 76.734042	 76.733711	 76.733405	 76.733125	 76.732867	 76.732631	 76.732415	 76.732217	 76.732037	 76.731873	 76.731724	  76.73159	 76.731469	  76.73136	 76.731264	 76.731179	 76.731105	 76.731041	 76.730987	 76.730943	 76.730908	 76.730882	 76.730864	 76.730856	
