Time step 3:
        99	        99	        99	        99	        99	        99	        99	        99	        99	        99	        99	        99	        99	        99	        99	        99	        99	        99	        99	        99	        99	        99	        99	        99	        99	        99	        99	        99	        99	        99	        99	        99	        99	        99	        99	        99	        99	        99	        99	        99	        99	        99	        99	        99	        99	        99	        99	        99	        99	        99	        99	        99	        99	        99	        99	        99	        99	        99	        99	        99	        99	        99	        99	        99	        99	        99	        99	        99	        99	        99	        99	        99	        99	        99	        99	        99	        99	        99	        99	        99	        99	        99	        99	        99	        99	        99	        99	        99	        99	        99	        99	        99	        99	        99	        99	        99	        99	        99	        99	        99	        99	        99	        99	        99	        99	        99	        99	        99	        99	        99	        99	        99	        99	        99	        99	        99	        99	        99	        99	        99	        99	        99	        99	        99	        99	        99	        99	        99	        99	        99	        99	        99	        99	        99	        99	        99	        99	        99	        99	        99	        99	        99	        99	        99	        99	        99	        99	        99	        99	        99	        99	        99	        99	        99	        99	        99	        99	        99	        99	        99	        99	        99	        99	        99	        99	        99	        99	        99	        99	        99	        99	        99	        99	        99	        99	        99	        99	        99	        99	        99	        99	        99	        99	        99	        99	        99	        99	        99	        99	        99	        99	        99	        99	        99	        99	        99	        99	        99	        99	        99	
        99	 98.788572	 98.578032	 98.369259	 98.163107	   97.9604	 97.761918	 97.568389	 97.380483	 97.198803	 97.023881	 96.856172	 96.696056	 96.543829	  96.39971	 96.263841	 96.136287	  96.01704	 95.906029	 95.803116	 95.708112	 95.620776	 95.540825	 95.467942	 95.401779	 95.341968	 95.288126	 95.239859	 95.196771	 95.158467	 95.124558	 95.094665	 95.068422	  95.04548	 95.025507	  95.00819	  94.99324	 94.980386	 94.969381	 94.959997	  94.95203	 94.945292	 94.939619	 94.934862	 94.930889	 94.927584	 94.924848	 94.922591	 94.920736	  94.91922	 94.917984	 94.916982	 94.916172	 94.915521	 94.914998	 94.914582	  94.91425	 94.913988	 94.913782	  94.91362	 94.913493	 94.913394	 94.913317	 94.913258	 94.913213	 94.913178	 94.913151	 94.913131	 94.913116	 94.913104	 94.913096	 94.913089	 94.913084	 94.913081	 94.913078	 94.913076	 94.913075	 94.913074	 94.913073	 94.913072	 94.913072	 94.913072	 94.913072	 94.913071	 94.913071	 94.913071	 94.913071	 94.913071	 94.913071	 94.913071	 94.913071	 94.913071	 94.913071	 94.913071	 94.913071	 94.913071	 94.913071	 94.913071	 94.913071	 94.913071	 94.913071	 94.913071	 94.913071	 94.913071	 94.913071	 94.913071	 94.913071	 94.913071	 94.913071	 94.913071	 94.913071	 94.913071	 94.913071	 94.913071	 94.913071	 94.913071	 94.913071	 94.913071	 94.913071	 94.913071	 94.913071	 94.913071	 94.913071	 94.913071	 94.913071	 94.913071	 94.913071	 94.913071	 94.913071	 94.913071	 94.913071	 94.913071	 94.913071	 94.913071	 94.913071	 94.913071	 94.913071	 94.913071	 94.913071	 94.913071	 94.913071	 94.913071	 94.913071	 94.913071	 94.913071	 94.913071	 94.913071	 94.913071	 94.913071	 94.913071	 94.913071	 94.913071	 94.913071	 94.913071	 94.913071	 94.913071	 94.913071	 94.913071	 94.913071	 94.913071	 94.913071	 94.913071	 94.913071	 94.913071	 94.913071	 94.913071	 94.913071	 94.913071	 94.913071	 94.913071	 94.913071	 94.913071	 94.913071	 94.913071	 94.913071	 94.913071	 94.913071	 94.913071	 94.913071	 94.913071	 94.913071	 94.913071	 94.913071	 94.913071	 94.913071	 94.913071	 94.913071	 94.913071	 94.913071	 94.913071	 94.913071	 94.913071	 94.913071	 94.913071	 94.913071	 94.913071	 94.913071	 94.913071	 94.913071	 94.913071	
        99	 98.578032	 98.157838	 97.741169	 97.329732	 96.925171	  96.52904	 96.142796	 95.767774	 95.405178	 95.056069	 94.721357	 94.401796	 94.097982	 93.810351	 93.539184	 93.284612	 93.046621	 92.825064	 92.619672	 92.430063	 92.255758	 92.096192	 91.950731	 91.818684	 91.699314	 91.591856	 91.495525	 91.409531	 91.333084	 91.265409	 91.205748	 91.153373	 91.107584	 91.067721	 91.033161	 91.003324	  90.97767	 90.955706	 90.936978	 90.921076	  90.90763	 90.896308	 90.886813	 90.878883	 90.872289	 90.866827	 90.862322	 90.858622	 90.855595	 90.853129	 90.851128	 90.849512	 90.848212	  90.84717	 90.846338	 90.845677	 90.845154	 90.844741	 90.844418	 90.844164	 90.843967	 90.843815	 90.843696	 90.843606	 90.843536	 90.843483	 90.843443	 90.843412	 90.843389	 90.843372	 90.843359	 90.843349	 90.843342	 90.843337	 90.843333	  90.84333	 90.843328	 90.843327	 90.843326	 90.843325	 90.843324	 90.843324	 90.843324	 90.843323	 90.843323	 90.843323	 90.843323	 90.843323	 90.843323	 90.843323	 90.843323	 90.843323	 90.843323	 90.843323	 90.843323	 90.843323	 90.843323	 90.843323	 90.843323	 90.843323	 90.843323	 90.843323	 90.843323	 90.843323	 90.843323	 90.843323	 90.843323	 90.843323	 90.843323	 90.843323	 90.843323	 90.843323	 90.843323	 90.843323	 90.843323	 90.843323	 90.843323	 90.843323	 90.843323	 90.843323	 90.843323	 90.843323	 90.843323	 90.843323	 90.843323	 90.843323	 90.843323	 90.843323	 90.843323	 90.843323	 90.843323	 90.843323	 90.843323	 90.843323	 90.843323	 90.843323	 90.843323	 90.843323	 90.843323	 90.843323	 90.843323	 90.843323	 90.843323	 90.843323	 90.843323	 90.843323	 90.843323	 90.843323	 90.843323	 90.843323	 90.843323	 90.843323	 90.843323	 90.843323	 90.843323	 90.843323	 90.843323	 90.843323	 90.843323	 90.843323	 90.843323	 90.843323	 90.843323	 90.843323	 90.843323	 90.843323	 90.843323	 90.843323	 90.843323	 90.843323	 90.843323	 90.843323	 90.843323	 90.843323	 90.843323	 90.843323	 90.843323	 90.843323	 90.843323	 90.843323	 90.843323	 90.843323	 90.843323	 90.843323	 90.843323	 90.843323	 90.843323	 90.843323	 90.843323	 90.843323	 90.843323	 90.843323	 90.843323	 90.843323	 90.843323	 90.843323	 90.843323	 90.843323	 90.843323	
        99	 98.369259	 97.741169	 97.118348	 96.503349	 95.898626	 95.306507	 94.729164	 94.168596	 93.626602	 93.104767	 92.604453	 92.126786	 91.672656	 91.242717	 90.837387	 90.456862	 90.101122	 89.769948	 89.462936	 89.179516	 88.918972	 88.680459	  88.46303	 88.265651	 88.087221	 87.926597	 87.782606	 87.654065	 87.539796	 87.438637	 87.349459	  87.27117	 87.202727	 87.143142	 87.091483	 87.046883	 87.008537	 86.975705	 86.947712	 86.923943	 86.903844	 86.886919	 86.872726	 86.860874	 86.851017	 86.842853	 86.836119	 86.830588	 86.826063	 86.822378	 86.819387	 86.816971	 86.815027	  86.81347	 86.812227	 86.811239	 86.810457	  86.80984	 86.809356	 86.808978	 86.808683	 86.808455	 86.808278	 86.808143	 86.808039	 86.807959	 86.807899	 86.807853	 86.807819	 86.807793	 86.807774	  86.80776	 86.807749	 86.807741	 86.807735	 86.807731	 86.807728	 86.807726	 86.807724	 86.807723	 86.807722	 86.807721	 86.807721	 86.807721	  86.80772	  86.80772	  86.80772	  86.80772	  86.80772	  86.80772	  86.80772	  86.80772	  86.80772	  86.80772	  86.80772	  86.80772	  86.80772	  86.80772	  86.80772	  86.80772	  86.80772	  86.80772	  86.80772	  86.80772	  86.80772	  86.80772	  86.80772	  86.80772	  86.80772	  86.80772	  86.80772	  86.80772	  86.80772	  86.80772	  86.80772	  86.80772	  86.80772	  86.80772	  86.80772	  86.80772	  86.80772	  86.80772	  86.80772	  86.80772	  86.80772	  86.80772	  86.80772	  86.80772	  86.80772	  86.80772	  86.80772	  86.80772	  86.80772	  86.80772	  86.80772	  86.80772	  86.80772	  86.80772	  86.80772	  86.80772	  86.80772	  86.80772	  86.80772	  86.80772	  86.80772	  86.80772	  86.80772	  86.80772	  86.80772	  86.80772	  86.80772	  86.80772	  86.80772	  86.80772	  86.80772	  86.80772	  86.80772	  86.80772	  86.80772	  86.80772	  86.80772	  86.80772	  86.80772	  86.80772	  86.80772	  86.80772	  86.80772	  86.80772	  86.80772	  86.80772	  86.80772	  86.80772	  86.80772	  86.80772	  86.80772	  86.80772	  86.80772	  86.80772	  86.80772	  86.80772	  86.80772	  86.80772	  86.80772	  86.80772	  86.80772	  86.80772	  86.80772	  86.80772	  86.80772	  86.80772	  86.80772	  86.80772	  86.80772	  86.80772	  86.80772	  86.80772	  86.80772	  86.80772	  86.80772	
        99	 98.163107	 97.329732	 96.503349	 95.687344	 94.884974	 94.099326	 93.333285	 92.589501	 91.870361	  91.17797	 90.514133	 89.880345	 89.277788	 88.707327	  88.16952	 87.664624	 87.192614	 86.753199	 86.345844	 85.969791	  85.62409	 85.307622	 85.019129	 84.757237	  84.52049	 84.307368	 84.116315	 83.945762	 83.794144	 83.659923	 83.541598	 83.437721	 83.346909	 83.267848	 83.199305	 83.140128	 83.089249	 83.045687	 83.008544	 82.977006	 82.950338	 82.927882	 82.909051	 82.893324	 82.880245	 82.869413	 82.860478	 82.853139	 82.847136	 82.842246	 82.838278	 82.835073	 82.832493	 82.830426	 82.828777	 82.827466	 82.826428	 82.825611	 82.824968	 82.824466	 82.824076	 82.823772	 82.823538	 82.823358	  82.82322	 82.823115	 82.823035	 82.822975	 82.822929	 82.822895	 82.822869	  82.82285	 82.822836	 82.822825	 82.822818	 82.822812	 82.822808	 82.822805	 82.822803	 82.822801	   82.8228	 82.822799	 82.822799	 82.822798	 82.822798	 82.822798	 82.822798	 82.822798	 82.822798	 82.822798	 82.822798	 82.822798	 82.822798	 82.822798	 82.822798	 82.822798	 82.822798	 82.822797	 82.822797	 82.822797	 82.822797	 82.822797	 82.822797	 82.822797	 82.822797	 82.822797	 82.822797	 82.822797	 82.822797	 82.822797	 82.822797	 82.822797	 82.822797	 82.822797	 82.822797	 82.822797	 82.822797	 82.822797	 82.822797	 82.822797	 82.822797	 82.822797	 82.822797	 82.822797	 82.822797	 82.822797	 82.822797	 82.822797	 82.822797	 82.822797	 82.822797	 82.822797	 82.822797	 82.822797	 82.822797	 82.822797	 82.822797	 82.822797	 82.822797	 82.822797	 82.822797	 82.822797	 82.822797	 82.822797	 82.822797	 82.822797	 82.822797	 82.822797	 82.822797	 82.822797	 82.822797	 82.822797	 82.822797	 82.822797	 82.822797	 82.822797	 82.822797	 82.822797	 82.822797	 82.822797	 82.822797	 82.822797	 82.822797	 82.822797	 82.822797	 82.822797	 82.822797	 82.822797	 82.822797	 82.822797	 82.822797	 82.822797	 82.822797	 82.822797	 82.822797	 82.822797	 82.822797	 82.822797	 82.822797	 82.822797	 82.822797	 82.822797	 82.822797	 82.822797	 82.822797	 82.822797	 82.822797	 82.822797	 82.822797	 82.822797	 82.822797	 82.822797	 82.822797	 82.822797	 82.822797	 82.822797	 82.822797	 82.822797	 82.822797	
        99	   97.9604	 96.925171	 95.898626	 94.884974	 93.888258	 92.912315	 91.960729	  91.03679	 90.143464	 89.283366	 88.458739	  87.67144	 86.922935	 86.214301	 85.546229	 84.919041	 84.332704	 83.786857	 83.280834	 82.813696	 82.384261	 81.991141	 81.632771	 81.307446	 81.013355	 80.748612	 80.511283	  80.29942	 80.111079	 79.944347	 79.797362	 79.668325	 79.555517	 79.457306	 79.372162	 79.298651	 79.235449	 79.181335	 79.135196	 79.096019	 79.062892	 79.034997	 79.011604	 78.992068	 78.975821	 78.962365	 78.951266	  78.94215	 78.934693	 78.928618	 78.923689	 78.919707	 78.916503	 78.913936	 78.911887	 78.910258	 78.908969	 78.907953	 78.907156	 78.906532	 78.906047	  78.90567	 78.905379	 78.905156	 78.904984	 78.904853	 78.904754	 78.904679	 78.904622	  78.90458	 78.904548	 78.904524	 78.904507	 78.904494	 78.904484	 78.904477	 78.904472	 78.904468	 78.904466	 78.904464	 78.904462	 78.904461	 78.904461	  78.90446	  78.90446	  78.90446	 78.904459	 78.904459	 78.904459	 78.904459	 78.904459	 78.904459	 78.904459	 78.904459	 78.904459	 78.904459	 78.904459	 78.904459	 78.904459	 78.904459	 78.904459	 78.904459	 78.904459	 78.904459	 78.904459	 78.904459	 78.904459	 78.904459	 78.904459	 78.904459	 78.904459	 78.904459	 78.904459	 78.904459	 78.904459	 78.904459	 78.904459	 78.904459	 78.904459	 78.904459	 78.904459	 78.904459	 78.904459	 78.904459	 78.904459	 78.904459	 78.904459	 78.904459	 78.904459	 78.904459	 78.904459	 78.904459	 78.904459	 78.904459	 78.904459	 78.904459	 78.904459	 78.904459	 78.904459	 78.904459	 78.904459	 78.904459	 78.904459	 78.904459	 78.904459	 78.904459	 78.904459	 78.904459	 78.904459	 78.904459	 78.904459	 78.904459	 78.904459	 78.904459	 78.904459	 78.904459	 78.904459	 78.904459	 78.904459	 78.904459	 78.904459	 78.904459	 78.904459	 78.904459	 78.904459	 78.904459	 78.904459	 78.904459	 78.904459	 78.904459	 78.904459	 78.904459	 78.904459	 78.904459	 78.904459	 78.904459	 78.904459	 78.904459	 78.904459	 78.904459	 78.904459	 78.904459	 78.904459	 78.904459	 78.904459	 78.904459	 78.904459	 78.904459	 78.904459	 78.904459	 78.904459	 78.904459	 78.904459	 78.904459	 78.904459	 78.904459	 78.904459	 78.904459	 78.904459	
        99	 97.761918	  96.52904	 95.306507	 94.099326	 92.912315	 91.750044	 90.616779	  89.51644	 88.452559	  87.42825	 86.446183	 85.508572	 84.617161	 83.773233	 82.977612	  82.23068	 81.532399	 80.882338	 80.279704	 79.723379	 79.211957	 78.743781	  78.31699	 77.929554	 77.579315	 77.264027	 76.981387	 76.729074	 76.504775	 76.306211	 76.131163	  75.97749	 75.843144	 75.726184	 75.624783	 75.537237	 75.461969	 75.397524	 75.342576	 75.295919	 75.256467	 75.223246	 75.195387	 75.172122	 75.152773	 75.136748	  75.12353	 75.112673	 75.103792	 75.096557	 75.090688	 75.085945	  75.08213	 75.079072	 75.076632	 75.074693	 75.073158	 75.071948	 75.070998	 75.070255	 75.069677	 75.069228	 75.068882	 75.068616	 75.068412	 75.068256	 75.068138	 75.068048	 75.067981	  75.06793	 75.067892	 75.067864	 75.067843	 75.067827	 75.067816	 75.067808	 75.067802	 75.067797	 75.067794	 75.067792	  75.06779	 75.067789	 75.067788	 75.067788	 75.067787	 75.067787	 75.067787	 75.067786	 75.067786	 75.067786	 75.067786	 75.067786	 75.067786	 75.067786	 75.067786	 75.067786	 75.067786	 75.067786	 75.067786	 75.067786	 75.067786	 75.067786	 75.067786	 75.067786	 75.067786	 75.067786	 75.067786	 75.067786	 75.067786	 75.067786	 75.067786	 75.067786	 75.067786	 75.067786	 75.067786	 75.067786	 75.067786	 75.067786	 75.067786	 75.067786	 75.067786	 75.067786	 75.067786	 75.067786	 75.067786	 75.067786	 75.067786	 75.067786	 75.067786	 75.067786	 75.067786	 75.067786	 75.067786	 75.067786	 75.067786	 75.067786	 75.067786	 75.067786	 75.067786	 75.067786	 75.067786	 75.067786	 75.067786	 75.067786	 75.067786	 75.067786	 75.067786	 75.067786	 75.067786	 75.067786	 75.067786	 75.067786	 75.067786	 75.067786	 75.067786	 75.067786	 75.067786	 75.067786	 75.067786	 75.067786	 75.067786	 75.067786	 75.067786	 75.067786	 75.067786	 75.067786	 75.067786	 75.067786	 75.067786	 75.067786	 75.067786	 75.067786	 75.067786	 75.067786	 75.067786	 75.067786	 75.067786	 75.067786	 75.067786	 75.067786	 75.067786	 75.067786	 75.067786	 75.067786	 75.067786	 75.067786	 75.067786	 75.067786	 75.067786	 75.067786	 75.067786	 75.067786	 75.067786	 75.067786	 75.067786	 75.067786	 75.067786	 75.067786	 75.067786	
        99	 97.568389	 96.142796	 94.729164	 93.333285	 91.960729	 90.616779	 89.306369	 88.034033	 86.803853	 85.619431	 84.483855	 83.399682	 82.368932	 81.393087	 80.473099	 79.609412	  78.80198	 78.050306	 77.353473	 76.710187	 76.118822	 75.577465	 75.083961	 74.635964	 74.230978	 73.866406	 73.539586	 73.247833	 72.988473	 72.758871	 72.556461	 72.378767	 72.223421	 72.088178	 71.970927	 71.869697	 71.782663	 71.708145	 71.644608	 71.590658	 71.545039	 71.506625	 71.474412	  71.44751	 71.425136	 71.406606	 71.391323	 71.378769	 71.368499	 71.360134	 71.353347	 71.347863	 71.343451	 71.339915	 71.337094	 71.334851	 71.333076	 71.331677	 71.330579	  71.32972	 71.329051	 71.328533	 71.328132	 71.327824	 71.327588	 71.327408	 71.327272	 71.327168	  71.32709	 71.327032	 71.326988	 71.326955	 71.326931	 71.326913	   71.3269	  71.32689	 71.326883	 71.326878	 71.326874	 71.326872	  71.32687	 71.326869	 71.326868	 71.326867	 71.326866	 71.326866	 71.326866	 71.326866	 71.326866	 71.326865	 71.326865	 71.326865	 71.326865	 71.326865	 71.326865	 71.326865	 71.326865	 71.326865	 71.326865	 71.326865	 71.326865	 71.326865	 71.326865	 71.326865	 71.326865	 71.326865	 71.326865	 71.326865	 71.326865	 71.326865	 71.326865	 71.326865	 71.326865	 71.326865	 71.326865	 71.326865	 71.326865	 71.326865	 71.326865	 71.326865	 71.326865	 71.326865	 71.326865	 71.326865	 71.326865	 71.326865	 71.326865	 71.326865	 71.326865	 71.326865	 71.326865	 71.326865	 71.326865	 71.326865	 71.326865	 71.326865	 71.326865	 71.326865	 71.326865	 71.326865	 71.326865	 71.326865	 71.326865	 71.326865	 71.326865	 71.326865	 71.326865	 71.326865	 71.326865	 71.326865	 71.326865	 71.326865	 71.326865	 71.326865	 71.326865	 71.326865	 71.326865	 71.326865	 71.326865	 71.326865	 71.326865	 71.326865	 71.326865	 71.326865	 71.326865	 71.326865	 71.326865	 71.326865	 71.326865	 71.326865	 71.326865	 71.326865	 71.326865	 71.326865	 71.326865	 71.326865	 71.326865	 71.326865	 71.326865	 71.326865	 71.326865	 71.326865	 71.326865	 71.326865	 71.326865	 71.326865	 71.326865	 71.326865	 71.326865	 71.326865	 71.326865	 71.326865	 71.326865	 71.326865	 71.326865	 71.326865	 71.326865	 71.326865	 71.326865	
        99	 97.380483	 95.767774	 94.168596	 92.589501	  91.03679	  89.51644	 88.034033	 86.594695	 85.203049	 83.863166	 82.578539	 81.352063	 80.186023	 79.082093	 78.041353	 77.064303	 76.150892	 75.300557	 74.512261	 73.784541	 73.115557	 72.503144	 71.944866	 71.438067	 70.979925	 70.567501	 70.197784	 69.867738	 69.574335	 69.314597	  69.08562	 68.884603	 68.708867	 68.555873	 68.423233	 68.308716	 68.210258	 68.125959	 68.054082	 67.993051	 67.941445	 67.897989	 67.861547	 67.831114	 67.805804	 67.784842	 67.767553	 67.753351	 67.741734	  67.73227	 67.724592	 67.718389	 67.713398	 67.709398	 67.706206	 67.703669	 67.701661	 67.700079	 67.698836	 67.697865	 67.697108	 67.696522	 67.696069	  67.69572	 67.695453	 67.695249	 67.695095	 67.694978	 67.694889	 67.694823	 67.694774	 67.694737	 67.694709	 67.694689	 67.694674	 67.694663	 67.694655	  67.69465	 67.694645	 67.694642	  67.69464	 67.694639	 67.694638	 67.694637	 67.694636	 67.694636	 67.694636	 67.694635	 67.694635	 67.694635	 67.694635	 67.694635	 67.694635	 67.694635	 67.694635	 67.694635	 67.694635	 67.694635	 67.694635	 67.694635	 67.694635	 67.694635	 67.694635	 67.694635	 67.694635	 67.694635	 67.694635	 67.694635	 67.694635	 67.694635	 67.694635	 67.694635	 67.694635	 67.694635	 67.694635	 67.694635	 67.694635	 67.694635	 67.694635	 67.694635	 67.694635	 67.694635	 67.694635	 67.694635	 67.694635	 67.694635	 67.694635	 67.694635	 67.694635	 67.694635	 67.694635	 67.694635	 67.694635	 67.694635	 67.694635	 67.694635	 67.694635	 67.694635	 67.694635	 67.694635	 67.694635	 67.694635	 67.694635	 67.694635	 67.694635	 67.694635	 67.694635	 67.694635	 67.694635	 67.694635	 67.694635	 67.694635	 67.694635	 67.694635	 67.694635	 67.694635	 67.694635	 67.694635	 67.694635	 67.694635	 67.694635	 67.694635	 67.694635	 67.694635	 67.694635	 67.694635	 67.694635	 67.694635	 67.694635	 67.694635	 67.694635	 67.694635	 67.694635	 67.694635	 67.694635	 67.694635	 67.694635	 67.694635	 67.694635	 67.694635	 67.694635	 67.694635	 67.694635	 67.694635	 67.694635	 67.694635	 67.694635	 67.694635	 67.694635	 67.694635	 67.694635	 67.694635	 67.694635	 67.694635	 67.694635	 67.694635	 67.694635	 67.694635	 67.694635	
        99	 97.198803	 95.405178	 93.626602	 91.870361	 90.143464	 88.452559	 86.803853	 85.203049	 83.655285	 82.165092	 80.736354	 79.372291	 78.075442	 76.847672	  75.69018	 74.603523	 73.587644	 72.641918	  71.76519	 70.955833	 70.211802	 69.530688	 68.909781	 68.346128	 67.836592	 67.377902	  66.96671	 66.599639	 66.273322	 65.984446	 65.729783	 65.506215	 65.310765	 65.140608	 64.993088	 64.865724	 64.756222	 64.662466	 64.582526	 64.514649	 64.457253	 64.408922	 64.368392	 64.334545	 64.306396	 64.283083	 64.263853	 64.248059	 64.235138	 64.224613	 64.216074	 64.209175	 64.203623	 64.199175	 64.195625	 64.192804	 64.190571	  64.18881	 64.187428	 64.186348	 64.185507	 64.184854	  64.18435	 64.183963	 64.183666	 64.183439	 64.183267	 64.183137	 64.183039	 64.182965	  64.18291	 64.182869	 64.182839	 64.182816	   64.1828	 64.182788	 64.182779	 64.182772	 64.182768	 64.182764	 64.182762	  64.18276	 64.182759	 64.182758	 64.182757	 64.182757	 64.182757	 64.182756	 64.182756	 64.182756	 64.182756	 64.182756	 64.182756	 64.182756	 64.182756	 64.182756	 64.182756	 64.182756	 64.182756	 64.182756	 64.182756	 64.182756	 64.182756	 64.182756	 64.182756	 64.182756	 64.182756	 64.182756	 64.182756	 64.182756	 64.182756	 64.182756	 64.182756	 64.182756	 64.182756	 64.182756	 64.182756	 64.182756	 64.182756	 64.182756	 64.182756	 64.182756	 64.182756	 64.182756	 64.182756	 64.182756	 64.182756	 64.182756	 64.182756	 64.182756	 64.182756	 64.182756	 64.182756	 64.182756	 64.182756	 64.182756	 64.182756	 64.182756	 64.182756	 64.182756	 64.182756	 64.182756	 64.182756	 64.182756	 64.182756	 64.182756	 64.182756	 64.182756	 64.182756	 64.182756	 64.182756	 64.182756	 64.182756	 64.182756	 64.182756	 64.182756	 64.182756	 64.182756	 64.182756	 64.182756	 64.182756	 64.182756	 64.182756	 64.182756	 64.182756	 64.182756	 64.182756	 64.182756	 64.182756	 64.182756	 64.182756	 64.182756	 64.182756	 64.182756	 64.182756	 64.182756	 64.182756	 64.182756	 64.182756	 64.182756	 64.182756	 64.182756	 64.182756	 64.182756	 64.182756	 64.182756	 64.182756	 64.182756	 64.182756	 64.182756	 64.182756	 64.182756	 64.182756	 64.182756	 64.182756	 64.182756	 64.182756	 64.182756	 64.182756	
        99	 97.023881	 95.056069	 93.104767	  91.17797	 89.283366	  87.42825	 85.619431	 83.863166	 82.165092	  80.53018	 78.962691	 77.466157	 76.043366	 74.696362	 73.426461	 72.234274	 71.119739	 70.082169	 69.120298	 68.232342	 67.416055	 66.668795	 65.987589	 65.369198	 64.810178	 64.306943	 63.855819	   63.4531	 63.095094	 62.778164	 62.498769	  62.25349	 62.039059	 61.852378	 61.690531	 61.550799	 61.430662	 61.327801	 61.240098	 61.165629	  61.10266	 61.049636	  61.00517	 60.968036	 60.937153	 60.911575	 60.890479	  60.87315	 60.858975	 60.847427	 60.838059	  60.83049	   60.8244	 60.819519	 60.815625	 60.812529	 60.810079	 60.808148	 60.806632	 60.805446	 60.804523	 60.803808	 60.803255	  60.80283	 60.802504	 60.802256	 60.802067	 60.801924	 60.801816	 60.801735	 60.801675	  60.80163	 60.801596	 60.801572	 60.801554	  60.80154	 60.801531	 60.801524	 60.801518	 60.801515	 60.801512	  60.80151	 60.801509	 60.801508	 60.801507	 60.801507	 60.801506	 60.801506	 60.801506	 60.801506	 60.801506	 60.801506	 60.801506	 60.801506	 60.801506	 60.801506	 60.801506	 60.801506	 60.801506	 60.801506	 60.801506	 60.801506	 60.801506	 60.801506	 60.801506	 60.801506	 60.801506	 60.801506	 60.801506	 60.801506	 60.801506	 60.801506	 60.801506	 60.801506	 60.801506	 60.801506	 60.801506	 60.801506	 60.801506	 60.801506	 60.801506	 60.801506	 60.801506	 60.801506	 60.801506	 60.801506	 60.801506	 60.801506	 60.801506	 60.801506	 60.801506	 60.801506	 60.801506	 60.801506	 60.801506	 60.801506	 60.801506	 60.801506	 60.801506	 60.801506	 60.801506	 60.801506	 60.801506	 60.801506	 60.801506	 60.801506	 60.801506	 60.801506	 60.801506	 60.801506	 60.801506	 60.801506	 60.801506	 60.801506	 60.801506	 60.801506	 60.801506	 60.801506	 60.801506	 60.801506	 60.801506	 60.801506	 60.801506	 60.801506	 60.801506	 60.801506	 60.801506	 60.801506	 60.801506	 60.801506	 60.801506	 60.801506	 60.801506	 60.801506	 60.801506	 60.801506	 60.801506	 60.801506	 60.801506	 60.801506	 60.801506	 60.801506	 60.801506	 60.801506	 60.801506	 60.801506	 60.801506	 60.801506	 60.801506	 60.801506	 60.801506	 60.801506	 60.801506	 60.801506	 60.801506	 60.801506	 60.801506	 60.801506	 60.801506	
        99	 96.856172	 94.721357	 92.604453	 90.514133	 88.458739	 86.446183	 84.483855	 82.578539	 80.736354	 78.962691	 77.262173	 75.638633	 74.095093	 72.633772	 71.256098	 69.962733	  68.75361	 67.627985	 66.584483	 65.621168	 64.735605	 63.924927	 63.185909	 62.515037	 61.908575	 61.362632	 60.873223	 60.436326	 60.047937	  59.70411	 59.401004	 59.134909	  58.90228	 58.699756	 58.524174	 58.372583	 58.242251	  58.13066	 58.035514	 57.954726	 57.886412	 57.828888	 57.780648	 57.740363	 57.706859	 57.679111	 57.656224	 57.637425	 57.622047	 57.609519	 57.599356	 57.591144	 57.584537	 57.579242	 57.575017	 57.571659	 57.569001	 57.566906	 57.565261	 57.563975	 57.562974	 57.562198	 57.561598	 57.561137	 57.560783	 57.560514	 57.560309	 57.560154	 57.560037	 57.559949	 57.559884	 57.559835	 57.559799	 57.559772	 57.559752	 57.559738	 57.559727	  57.55972	 57.559714	  57.55971	 57.559707	 57.559705	 57.559704	 57.559703	 57.559702	 57.559701	 57.559701	 57.559701	 57.559701	 57.559701	   57.5597	   57.5597	   57.5597	   57.5597	   57.5597	   57.5597	   57.5597	   57.5597	   57.5597	   57.5597	   57.5597	   57.5597	   57.5597	   57.5597	   57.5597	   57.5597	   57.5597	   57.5597	   57.5597	   57.5597	   57.5597	   57.5597	   57.5597	   57.5597	   57.5597	   57.5597	   57.5597	   57.5597	   57.5597	   57.5597	   57.5597	   57.5597	   57.5597	   57.5597	   57.5597	   57.5597	   57.5597	   57.5597	   57.5597	   57.5597	   57.5597	   57.5597	   57.5597	   57.5597	   57.5597	   57.5597	   57.5597	   57.5597	   57.5597	   57.5597	   57.5597	   57.5597	   57.5597	   57.5597	   57.5597	   57.5597	   57.5597	   57.5597	   57.5597	   57.5597	   57.5597	   57.5597	   57.5597	   57.5597	   57.5597	   57.5597	   57.5597	   57.5597	   57.5597	   57.5597	   57.5597	   57.5597	   57.5597	   57.5597	   57.5597	   57.5597	   57.5597	   57.5597	   57.5597	   57.5597	   57.5597	   57.5597	   57.5597	   57.5597	   57.5597	   57.5597	   57.5597	   57.5597	   57.5597	   57.5597	   57.5597	   57.5597	   57.5597	   57.5597	   57.5597	   57.5597	   57.5597	   57.5597	   57.5597	   57.5597	   57.5597	   57.5597	   57.5597	   57.5597	   57.5597	   57.5597	   57.5597	   57.5597	   57.5597	
        99	 96.696056	 94.401796	 92.126786	 89.880345	  87.67144	 85.508572	 83.399682	 81.352063	 79.372291	 77.466157	 75.638633	 73.893834	 72.235011	 70.664549	  69.18398	 67.794017	 66.494589	 65.284893	 64.163456	 63.128194	  62.17649	 61.305265	 60.511053	 59.790076	 59.138319	 58.551601	 58.025639	 57.556112	 57.138716	  56.76921	 56.443466	 56.157497	 55.907494	 55.689844	 55.501148	 55.338236	  55.19817	 55.078245	 54.975993	  54.88917	 54.815755	 54.753934	 54.702092	 54.658798	 54.622792	 54.592971	 54.568375	 54.548172	 54.531645	 54.518182	 54.507259	 54.498435	 54.491334	 54.485644	 54.481103	 54.477495	 54.474638	 54.472387	 54.470619	 54.469237	 54.468161	 54.467326	 54.466682	 54.466186	 54.465806	 54.465517	 54.465297	  54.46513	 54.465004	  54.46491	  54.46484	 54.464787	 54.464748	 54.464719	 54.464698	 54.464683	 54.464672	 54.464663	 54.464657	 54.464653	  54.46465	 54.464648	 54.464646	 54.464645	 54.464644	 54.464644	 54.464643	 54.464643	 54.464643	 54.464643	 54.464643	 54.464643	 54.464643	 54.464643	 54.464643	 54.464643	 54.464643	 54.464643	 54.464643	 54.464643	 54.464643	 54.464642	 54.464642	 54.464642	 54.464642	 54.464642	 54.464642	 54.464642	 54.464642	 54.464642	 54.464642	 54.464642	 54.464642	 54.464642	 54.464642	 54.464642	 54.464642	 54.464642	 54.464642	 54.464642	 54.464642	 54.464642	 54.464642	 54.464642	 54.464642	 54.464642	 54.464642	 54.464642	 54.464642	 54.464642	 54.464642	 54.464642	 54.464642	 54.464642	 54.464642	 54.464642	 54.464642	 54.464642	 54.464642	 54.464642	 54.464642	 54.464642	 54.464642	 54.464642	 54.464642	 54.464642	 54.464642	 54.464642	 54.464642	 54.464642	 54.464642	 54.464642	 54.464642	 54.464642	 54.464642	 54.464642	 54.464642	 54.464642	 54.464642	 54.464642	 54.464642	 54.464642	 54.464642	 54.464642	 54.464642	 54.464642	 54.464642	 54.464642	 54.464642	 54.464642	 54.464642	 54.464642	 54.464642	 54.464642	 54.464642	 54.464642	 54.464642	 54.464642	 54.464642	 54.464642	 54.464642	 54.464642	 54.464642	 54.464642	 54.464642	 54.464642	 54.464642	 54.464642	 54.464642	 54.464642	 54.464642	 54.464642	 54.464642	 54.464642	 54.464642	 54.464642	 54.464642	 54.464642	 54.464642	
        99	 96.543829	 94.097982	 91.672656	 89.277788	 86.922935	 84.617161	 82.368932	 80.186023	 78.075442	 76.043366	 74.095093	 72.235011	 70.466586	  68.79236	 67.213967	 65.732166	 64.346882	  63.05726	 61.861726	 60.758063	 59.743478	  58.81469	 57.968002	 57.199389	  56.50457	 55.879086	 55.318373	 54.817824	 54.372849	  53.97893	 53.631663	   53.3268	 53.060279	 52.828249	 52.627086	  52.45341	 52.304089	 52.176241	 52.067233	 51.974674	 51.896408	 51.830503	 51.775235	 51.729081	 51.690696	 51.658905	 51.632683	 51.611145	 51.593527	 51.579174	  51.56753	 51.558122	 51.550552	 51.544487	 51.539646	 51.535799	 51.532754	 51.530353	 51.528469	 51.526995	 51.525848	 51.524959	 51.524272	 51.523743	 51.523338	 51.523029	 51.522795	 51.522617	 51.522483	 51.522383	 51.522308	 51.522252	  51.52221	 51.522179	 51.522157	  51.52214	 51.522128	  51.52212	 51.522113	 51.522109	 51.522105	 51.522103	 51.522101	   51.5221	 51.522099	 51.522099	 51.522098	 51.522098	 51.522098	 51.522098	 51.522098	 51.522098	 51.522098	 51.522097	 51.522097	 51.522097	 51.522097	 51.522097	 51.522097	 51.522097	 51.522097	 51.522097	 51.522097	 51.522097	 51.522097	 51.522097	 51.522097	 51.522097	 51.522097	 51.522097	 51.522097	 51.522097	 51.522097	 51.522097	 51.522097	 51.522097	 51.522097	 51.522097	 51.522097	 51.522097	 51.522097	 51.522097	 51.522097	 51.522097	 51.522097	 51.522097	 51.522097	 51.522097	 51.522097	 51.522097	 51.522097	 51.522097	 51.522097	 51.522097	 51.522097	 51.522097	 51.522097	 51.522097	 51.522097	 51.522097	 51.522097	 51.522097	 51.522097	 51.522097	 51.522097	 51.522097	 51.522097	 51.522097	 51.522097	 51.522097	 51.522097	 51.522097	 51.522097	 51.522097	 51.522097	 51.522097	 51.522097	 51.522097	 51.522097	 51.522097	 51.522097	 51.522097	 51.522097	 51.522097	 51.522097	 51.522097	 51.522097	 51.522097	 51.522097	 51.522097	 51.522097	 51.522097	 51.522097	 51.522097	 51.522097	 51.522097	 51.522097	 51.522097	 51.522097	 51.522097	 51.522097	 51.522097	 51.522097	 51.522097	 51.522097	 51.522097	 51.522097	 51.522097	 51.522097	 51.522097	 51.522097	 51.522097	 51.522097	 51.522097	 51.522097	 51.522097	 51.522097	 51.522097	 51.522097	
        99	  96.39971	 93.810351	 91.242717	 88.707327	 86.214301	 83.773233	 81.393087	 79.082093	 76.847672	 74.696362	 72.633772	 70.664549	  68.79236	 67.019897	 65.348891	 63.780144	 62.313577	 60.948285	 59.682603	 58.514181	 57.440066	  56.45678	 55.560413	 54.746701	 54.011113	 53.348929	 52.755316	 52.225397	 51.754313	 51.337281	 50.969638	 50.646887	 50.364728	 50.119083	 49.906117	 49.722251	 49.564169	 49.428819	 49.313415	 49.215425	 49.132567	 49.062795	 49.004285	 48.955422	 48.914785	 48.881129	 48.853369	 48.830567	 48.811915	  48.79672	 48.784393	 48.774433	 48.766419	 48.759997	 48.754873	   48.7508	 48.747576	 48.745035	  48.74304	  48.74148	 48.740265	 48.739324	 48.738596	 48.738037	 48.737608	 48.737281	 48.737033	 48.736845	 48.736703	 48.736596	 48.736517	 48.736458	 48.736414	 48.736381	 48.736357	  48.73634	 48.736327	 48.736318	 48.736311	 48.736306	 48.736303	   48.7363	 48.736299	 48.736297	 48.736297	 48.736296	 48.736295	 48.736295	 48.736295	 48.736295	 48.736295	 48.736295	 48.736295	 48.736295	 48.736295	 48.736295	 48.736294	 48.736294	 48.736294	 48.736294	 48.736294	 48.736294	 48.736294	 48.736294	 48.736294	 48.736294	 48.736294	 48.736294	 48.736294	 48.736294	 48.736294	 48.736294	 48.736294	 48.736294	 48.736294	 48.736294	 48.736294	 48.736294	 48.736294	 48.736294	 48.736294	 48.736294	 48.736294	 48.736294	 48.736294	 48.736294	 48.736294	 48.736294	 48.736294	 48.736294	 48.736294	 48.736294	 48.736294	 48.736294	 48.736294	 48.736294	 48.736294	 48.736294	 48.736294	 48.736294	 48.736294	 48.736294	 48.736294	 48.736294	 48.736294	 48.736294	 48.736294	 48.736294	 48.736294	 48.736294	 48.736294	 48.736294	 48.736294	 48.736294	 48.736294	 48.736294	 48.736294	 48.736294	 48.736294	 48.736294	 48.736294	 48.736294	 48.736294	 48.736294	 48.736294	 48.736294	 48.736294	 48.736294	 48.736294	 48.736294	 48.736294	 48.736294	 48.736294	 48.736294	 48.736294	 48.736294	 48.736294	 48.736294	 48.736294	 48.736294	 48.736294	 48.736294	 48.736294	 48.736294	 48.736294	 48.736294	 48.736294	 48.736294	 48.736294	 48.736294	 48.736294	 48.736294	 48.736294	 48.736294	 48.736294	 48.736294	 48.736294	 48.736294	 48.736294	
        99	 96.263841	 93.539184	 90.837387	  88.16952	 85.546229	 82.977612	 80.473099	 78.041353	  75.69018	 73.426461	 71.256098	  69.18398	 67.213967	 65.348891	 63.590572	 61.939857	  60.39666	  58.96003	 57.628214	 56.398741	 55.268502	 54.233839	 53.290636	 52.434406	 51.660383	   50.9636	  50.33897	 49.781362	 49.285664	 48.846842	  48.45999	 48.120375	 47.823473	 47.564993	 47.340899	 47.147426	 46.981084	 46.838663	 46.717229	 46.614119	 46.526932	 46.453514	 46.391947	 46.340531	 46.297771	 46.262356	 46.233146	 46.209152	 46.189526	 46.173537	 46.160566	 46.150085	 46.141653	 46.134895	 46.129503	 46.125217	 46.121825	 46.119151	 46.117052	  46.11541	 46.114132	 46.113141	 46.112376	 46.111787	 46.111336	 46.110992	 46.110731	 46.110533	 46.110384	 46.110272	 46.110188	 46.110126	  46.11008	 46.110046	  46.11002	 46.110002	 46.109989	 46.109979	 46.109972	 46.109967	 46.109963	  46.10996	 46.109959	 46.109957	 46.109956	 46.109956	 46.109955	 46.109955	 46.109955	 46.109954	 46.109954	 46.109954	 46.109954	 46.109954	 46.109954	 46.109954	 46.109954	 46.109954	 46.109954	 46.109954	 46.109954	 46.109954	 46.109954	 46.109954	 46.109954	 46.109954	 46.109954	 46.109954	 46.109954	 46.109954	 46.109954	 46.109954	 46.109954	 46.109954	 46.109954	 46.109954	 46.109954	 46.109954	 46.109954	 46.109954	 46.109954	 46.109954	 46.109954	 46.109954	 46.109954	 46.109954	 46.109954	 46.109954	 46.109954	 46.109954	 46.109954	 46.109954	 46.109954	 46.109954	 46.109954	 46.109954	 46.109954	 46.109954	 46.109954	 46.109954	 46.109954	 46.109954	 46.109954	 46.109954	 46.109954	 46.109954	 46.109954	 46.109954	 46.109954	 46.109954	 46.109954	 46.109954	 46.109954	 46.109954	 46.109954	 46.109954	 46.109954	 46.109954	 46.109954	 46.109954	 46.109954	 46.109954	 46.109954	 46.109954	 46.109954	 46.109954	 46.109954	 46.109954	 46.109954	 46.109954	 46.109954	 46.109954	 46.109954	 46.109954	 46.109954	 46.109954	 46.109954	 46.109954	 46.109954	 46.109954	 46.109954	 46.109954	 46.109954	 46.109954	 46.109954	 46.109954	 46.109954	 46.109954	 46.109954	 46.109954	 46.109954	 46.109954	 46.109954	 46.109954	 46.109954	 46.109954	 46.109954	 46.109954	 46.109954	
        99	 96.136287	 93.284612	 90.456862	 87.664624	 84.919041	  82.23068	 79.609412	 77.064303	 74.603523	 72.234274	 69.962733	 67.794017	 65.732166	 63.780144	 61.939857	 60.212188	 58.597051	 57.093449	 55.699547	 54.412759	 53.229831	 52.146934	 51.159761	 50.263617	 49.453511	 48.724245	 48.070497	 47.486895	 46.968089	  46.50881	 46.103924	 45.748478	 45.437735	 45.167206	 44.932666	 44.730173	 44.556077	 44.407016	 44.279922	 44.172005	 44.080754	 44.003913	 43.939476	 43.885664	  43.84091	 43.803844	 43.773272	 43.748161	 43.727619	 43.710885	 43.697309	  43.68634	 43.677515	 43.670442	 43.664798	 43.660313	 43.656763	 43.653964	 43.651767	 43.650049	 43.648712	 43.647674	 43.646873	 43.646257	 43.645785	 43.645425	 43.645151	 43.644944	 43.644788	 43.644671	 43.644584	 43.644518	  43.64447	 43.644434	 43.644408	 43.644389	 43.644375	 43.644364	 43.644357	 43.644352	 43.644348	 43.644345	 43.644343	 43.644342	 43.644341	  43.64434	  43.64434	 43.644339	 43.644339	 43.644339	 43.644339	 43.644339	 43.644339	 43.644339	 43.644339	 43.644339	 43.644339	 43.644339	 43.644339	 43.644339	 43.644339	 43.644339	 43.644339	 43.644339	 43.644339	 43.644339	 43.644339	 43.644339	 43.644339	 43.644339	 43.644339	 43.644339	 43.644339	 43.644339	 43.644339	 43.644339	 43.644339	 43.644339	 43.644339	 43.644339	 43.644339	 43.644339	 43.644339	 43.644339	 43.644339	 43.644339	 43.644339	 43.644339	 43.644339	 43.644339	 43.644339	 43.644339	 43.644339	 43.644339	 43.644339	 43.644339	 43.644339	 43.644339	 43.644339	 43.644339	 43.644339	 43.644339	 43.644339	 43.644339	 43.644339	 43.644339	 43.644339	 43.644339	 43.644339	 43.644339	 43.644339	 43.644339	 43.644339	 43.644339	 43.644339	 43.644339	 43.644339	 43.644339	 43.644339	 43.644339	 43.644339	 43.644339	 43.644339	 43.644339	 43.644339	 43.644339	 43.644339	 43.644339	 43.644339	 43.644339	 43.644339	 43.644339	 43.644339	 43.644339	 43.644339	 43.644339	 43.644339	 43.644339	 43.644339	 43.644339	 43.644339	 43.644339	 43.644339	 43.644339	 43.644339	 43.644339	 43.644339	 43.644339	 43.644339	 43.644339	 43.644339	 43.644339	 43.644339	 43.644339	 43.644339	 43.644339	 43.644339	 43.644339	 43.644339	
        99	  96.01704	 93.046621	 90.101122	 87.192614	 84.332704	 81.532399	  78.80198	 76.150892	 73.587644	 71.119739	  68.75361	 66.494589	 64.346882	 62.313577	  60.39666	 58.597051	  56.91466	 55.348448	 53.896504	 52.556134	 51.323949	 50.195961	 49.167682	 48.234222	 47.390384	 46.630752	 45.949782	 45.341879	  44.80147	 44.323067	 43.901322	 43.531075	 43.207394	 42.925599	 42.681293	 42.470369	 42.289024	 42.133757	  42.00137	  41.88896	 41.793909	 41.713869	 41.646749	 41.590696	 41.544079	 41.505469	 41.473625	 41.447467	  41.42607	  41.40864	 41.394498	 41.383073	  41.37388	 41.366513	 41.360634	 41.355962	 41.352264	 41.349348	  41.34706	 41.345271	 41.343877	 41.342797	 41.341963	 41.341321	 41.340829	 41.340454	 41.340169	 41.339953	 41.339791	 41.339669	 41.339577	 41.339509	 41.339459	 41.339422	 41.339395	 41.339374	  41.33936	 41.339349	 41.339341	 41.339336	 41.339332	 41.339329	 41.339327	 41.339326	 41.339325	 41.339324	 41.339323	 41.339323	 41.339323	 41.339323	 41.339322	 41.339322	 41.339322	 41.339322	 41.339322	 41.339322	 41.339322	 41.339322	 41.339322	 41.339322	 41.339322	 41.339322	 41.339322	 41.339322	 41.339322	 41.339322	 41.339322	 41.339322	 41.339322	 41.339322	 41.339322	 41.339322	 41.339322	 41.339322	 41.339322	 41.339322	 41.339322	 41.339322	 41.339322	 41.339322	 41.339322	 41.339322	 41.339322	 41.339322	 41.339322	 41.339322	 41.339322	 41.339322	 41.339322	 41.339322	 41.339322	 41.339322	 41.339322	 41.339322	 41.339322	 41.339322	 41.339322	 41.339322	 41.339322	 41.339322	 41.339322	 41.339322	 41.339322	 41.339322	 41.339322	 41.339322	 41.339322	 41.339322	 41.339322	 41.339322	 41.339322	 41.339322	 41.339322	 41.339322	 41.339322	 41.339322	 41.339322	 41.339322	 41.339322	 41.339322	 41.339322	 41.339322	 41.339322	 41.339322	 41.339322	 41.339322	 41.339322	 41.339322	 41.339322	 41.339322	 41.339322	 41.339322	 41.339322	 41.339322	 41.339322	 41.339322	 41.339322	 41.339322	 41.339322	 41.339322	 41.339322	 41.339322	 41.339322	 41.339322	 41.339322	 41.339322	 41.339322	 41.339322	 41.339322	 41.339322	 41.339322	 41.339322	 41.339322	 41.339322	 41.339322	 41.339322	 41.339322	 41.339322	 41.339322	
