Time step 4:
        99	        99	        99	        99	        99	        99	        99	        99	        99	        99	        99	        99	        99	        99	        99	        99	        99	        99	        99	        99	        99	        99	        99	        99	        99	        99	        99	        99	        99	        99	        99	        99	        99	        99	        99	        99	        99	        99	        99	        99	        99	        99	        99	        99	        99	        99	        99	        99	        99	        99	        99	        99	        99	        99	        99	        99	        99	        99	        99	        99	        99	        99	        99	        99	        99	        99	        99	        99	        99	        99	        99	        99	        99	        99	        99	        99	        99	        99	        99	        99	        99	        99	        99	        99	        99	        99	        99	        99	        99	        99	        99	        99	        99	        99	        99	        99	        99	        99	        99	        99	        99	        99	        99	        99	        99	        99	        99	        99	        99	        99	        99	        99	        99	        99	        99	        99	        99	        99	        99	        99	        99	        99	        99	        99	        99	        99	        99	        99	        99	        99	        99	        99	        99	        99	        99	        99	        99	        99	        99	        99	        99	        99	        99	        99	        99	        99	        99	        99	        99	        99	        99	        99	        99	        99	        99	        99	        99	        99	        99	        99	        99	        99	        99	        99	        99	        99	        99	        99	        99	        99	        99	        99	        99	        99	        99	        99	        99	        99	        99	        99	        99	        99	        99	        99	        99	        99	        99	        99	        99	        99	        99	        99	        99	        99	        99	        99	        99	        99	        99	        99	
        99	 98.841384	 98.683269	 98.526149	 98.370511	 98.216827	 98.065551	 97.917115	 97.771925	 97.630358	 97.492757	 97.359435	 97.230665	 97.106683	 96.987688	 96.873839	 96.765257	 96.662023	 96.564185	 96.471751	 96.384699	 96.302973	 96.226488	 96.155134	 96.088777	 96.027259	 95.970408	 95.918034	 95.869938	 95.825907	 95.785726	 95.749172	 95.716023	 95.686056	 95.659051	  95.63479	 95.613064	 95.593669	 95.576408	 95.561096	 95.547554	 95.535616	 95.525124	 95.515932	 95.507904	 95.500915	  95.49485	 95.489601	 95.485075	 95.481183	 95.477848	 95.474997	  95.47257	 95.470508	 95.468763	 95.467291	 95.466052	 95.465013	 95.464144	 95.463421	 95.462819	 95.462321	  95.46191	 95.461571	 95.461293	 95.461066	 95.460881	  95.46073	 95.460608	 95.460509	  95.46043	 95.460366	 95.460315	 95.460274	 95.460242	 95.460216	 95.460196	  95.46018	 95.460167	 95.460157	  95.46015	 95.460144	 95.460139	 95.460135	 95.460132	  95.46013	 95.460129	 95.460127	 95.460126	 95.460126	 95.460125	 95.460125	 95.460124	 95.460124	 95.460124	 95.460124	 95.460124	 95.460124	 95.460124	 95.460124	 95.460124	 95.460124	 95.460124	 95.460124	 95.460124	 95.460124	 95.460124	 95.460124	 95.460124	 95.460124	 95.460124	 95.460124	 95.460124	 95.460124	 95.460124	 95.460124	 95.460124	 95.460124	 95.460124	 95.460124	 95.460124	 95.460124	 95.460124	 95.460124	 95.460124	 95.460124	 95.460124	 95.460124	 95.460124	 95.460124	 95.460124	 95.460124	 95.460124	 95.460124	 95.460124	 95.460124	 95.460124	 95.460124	 95.460124	 95.460124	 95.460124	 95.460124	 95.460124	 95.460124	 95.460124	 95.460124	 95.460124	 95.460124	 95.460124	 95.460124	 95.460124	 95.460124	 95.460124	 95.460124	 95.460124	 95.460124	 95.460124	 95.460124	 95.460124	 95.460124	 95.460124	 95.460124	 95.460124	 95.460124	 95.460124	 95.460124	 95.460124	 95.460124	 95.460124	 95.460124	 95.460124	 95.460124	 95.460124	 95.460124	 95.460124	 95.460124	 95.460124	 95.460124	 95.460124	 95.460124	 95.460124	 95.460124	 95.460124	 95.460124	 95.460124	 95.460124	 95.460124	 95.460124	 95.460124	 95.460124	 95.460124	 95.460124	 95.460124	 95.460124	 95.460124	 95.460124	 95.460124	 95.460124	 95.460124	 95.460124	
        99	 98.683269	 98.367536	 98.053792	 97.743007	 97.436124	 97.134049	 96.837646	 96.547723	 96.265035	 95.990268	 95.724044	  95.46691	 95.219337	 94.981723	 94.754384	 94.537561	  94.33142	 94.136052	 93.951476	 93.777646	 93.614452	 93.461724	 93.319241	 93.186734	 93.063893	  92.95037	 92.845789	 92.749747	 92.661825	 92.581589	 92.508597	 92.442404	 92.382564	 92.328638	 92.280194	  92.23681	 92.198081	 92.163614	 92.133037	 92.105996	 92.082157	 92.061207	 92.042852	 92.026822	 92.012866	 92.000754	 91.990274	 91.981235	 91.973464	 91.966803	 91.961112	 91.956264	 91.952147	 91.948663	 91.945722	 91.943249	 91.941174	  91.93944	 91.937995	 91.936794	 91.935799	 91.934978	 91.934302	 91.933747	 91.933294	 91.932923	 91.932623	 91.932379	 91.932182	 91.932023	 91.931896	 91.931794	 91.931712	 91.931647	 91.931596	 91.931555	 91.931523	 91.931498	 91.931478	 91.931463	 91.931451	 91.931442	 91.931435	 91.931429	 91.931425	 91.931421	 91.931419	 91.931417	 91.931416	 91.931414	 91.931414	 91.931413	 91.931413	 91.931412	 91.931412	 91.931412	 91.931412	 91.931411	 91.931411	 91.931411	 91.931411	 91.931411	 91.931411	 91.931411	 91.931411	 91.931411	 91.931411	 91.931411	 91.931411	 91.931411	 91.931411	 91.931411	 91.931411	 91.931411	 91.931411	 91.931411	 91.931411	 91.931411	 91.931411	 91.931411	 91.931411	 91.931411	 91.931411	 91.931411	 91.931411	 91.931411	 91.931411	 91.931411	 91.931411	 91.931411	 91.931411	 91.931411	 91.931411	 91.931411	 91.931411	 91.931411	 91.931411	 91.931411	 91.931411	 91.931411	 91.931411	 91.931411	 91.931411	 91.931411	 91.931411	 91.931411	 91.931411	 91.931411	 91.931411	 91.931411	 91.931411	 91.931411	 91.931411	 91.931411	 91.931411	 91.931411	 91.931411	 91.931411	 91.931411	 91.931411	 91.931411	 91.931411	 91.931411	 91.931411	 91.931411	 91.931411	 91.931411	 91.931411	 91.931411	 91.931411	 91.931411	 91.931411	 91.931411	 91.931411	 91.931411	 91.931411	 91.931411	 91.931411	 91.931411	 91.931411	 91.931411	 91.931411	 91.931411	 91.931411	 91.931411	 91.931411	 91.931411	 91.931411	 91.931411	 91.931411	 91.931411	 91.931411	 91.931411	 91.931411	 91.931411	 91.931411	 91.931411	 91.931411	 91.931411	
        99	 98.526149	 98.053792	  97.58441	 97.119455	 96.660337	 96.208414	 95.764974	 95.331231	  94.90831	 94.497241	 94.098952	 93.714262	 93.343877	  92.98839	 92.648275	 92.323895	 92.015494	  91.72321	 91.447073	 91.187012	 90.942861	  90.71437	 90.501207	 90.302968	 90.119189	 89.949352	  89.79289	 89.649206	 89.517669	  89.39763	  89.28843	   89.1894	 89.099876	 89.019199	 88.946723	 88.881818	 88.823876	 88.772312	 88.726567	 88.686112	 88.650448	 88.619104	 88.591644	 88.567662	 88.546783	 88.528662	 88.512984	 88.499462	 88.487835	  88.47787	 88.469355	 88.462103	 88.455944	 88.450731	 88.446332	 88.442631	 88.439528	 88.436933	 88.434771	 88.432974	 88.431486	 88.430258	 88.429246	 88.428416	 88.427737	 88.427184	 88.426734	 88.426369	 88.426074	 88.425837	 88.425646	 88.425493	 88.425372	 88.425275	 88.425198	 88.425137	 88.425089	 88.425051	 88.425022	 88.424999	 88.424981	 88.424967	 88.424956	 88.424948	 88.424941	 88.424937	 88.424933	  88.42493	 88.424928	 88.424926	 88.424925	 88.424924	 88.424923	 88.424923	 88.424922	 88.424922	 88.424922	 88.424922	 88.424922	 88.424921	 88.424921	 88.424921	 88.424921	 88.424921	 88.424921	 88.424921	 88.424921	 88.424921	 88.424921	 88.424921	 88.424921	 88.424921	 88.424921	 88.424921	 88.424921	 88.424921	 88.424921	 88.424921	 88.424921	 88.424921	 88.424921	 88.424921	 88.424921	 88.424921	 88.424921	 88.424921	 88.424921	 88.424921	 88.424921	 88.424921	 88.424921	 88.424921	 88.424921	 88.424921	 88.424921	 88.424921	 88.424921	 88.424921	 88.424921	 88.424921	 88.424921	 88.424921	 88.424921	 88.424921	 88.424921	 88.424921	 88.424921	 88.424921	 88.424921	 88.424921	 88.424921	 88.424921	 88.424921	 88.424921	 88.424921	 88.424921	 88.424921	 88.424921	 88.424921	 88.424921	 88.424921	 88.424921	 88.424921	 88.424921	 88.424921	 88.424921	 88.424921	 88.424921	 88.424921	 88.424921	 88.424921	 88.424921	 88.424921	 88.424921	 88.424921	 88.424921	 88.424921	 88.424921	 88.424921	 88.424921	 88.424921	 88.424921	 88.424921	 88.424921	 88.424921	 88.424921	 88.424921	 88.424921	 88.424921	 88.424921	 88.424921	 88.424921	 88.424921	 88.424921	 88.424921	 88.424921	 88.424921	 88.424921	 88.424921	
        99	 98.370511	 97.743007	 97.119455	 96.501784	 95.891867	 95.291508	 94.702419	 94.126212	 93.564381	 93.018296	 92.489187	 91.978144	 91.486105	 91.013857	 90.562031	 90.131106	 89.721411	 89.333125	 88.966289	  88.62081	 88.296468	 87.992928	  87.70975	   87.4464	 87.202258	 86.976637	 86.768786	 86.577907	 86.403166	 86.243701	 86.098633	 85.967077	 85.848148	 85.740973	 85.644692	 85.558469	 85.481496	 85.412995	 85.352225	 85.298483	 85.251104	 85.209465	 85.172986	 85.141127	  85.11339	 85.089317	  85.06849	 85.050526	 85.035081	 85.021843	 85.010531	 85.000896	 84.992715	  84.98579	 84.979946	 84.975029	 84.970907	  84.96746	 84.964587	 84.962201	 84.960224	 84.958592	 84.957248	 84.956146	 84.955244	 84.954508	  84.95391	 84.953426	 84.953034	 84.952719	 84.952465	 84.952263	 84.952101	 84.951972	  84.95187	 84.951789	 84.951726	 84.951676	 84.951636	 84.951606	 84.951582	 84.951563	 84.951549	 84.951538	 84.951529	 84.951523	 84.951518	 84.951514	 84.951511	 84.951509	 84.951507	 84.951506	 84.951505	 84.951505	 84.951504	 84.951504	 84.951503	 84.951503	 84.951503	 84.951503	 84.951503	 84.951503	 84.951503	 84.951503	 84.951503	 84.951503	 84.951503	 84.951503	 84.951503	 84.951503	 84.951503	 84.951503	 84.951503	 84.951503	 84.951503	 84.951503	 84.951503	 84.951503	 84.951503	 84.951503	 84.951503	 84.951503	 84.951503	 84.951503	 84.951503	 84.951503	 84.951503	 84.951503	 84.951503	 84.951503	 84.951503	 84.951503	 84.951503	 84.951503	 84.951503	 84.951503	 84.951503	 84.951503	 84.951503	 84.951503	 84.951503	 84.951503	 84.951503	 84.951503	 84.951503	 84.951503	 84.951503	 84.951503	 84.951503	 84.951503	 84.951503	 84.951503	 84.951503	 84.951503	 84.951503	 84.951503	 84.951503	 84.951503	 84.951503	 84.951503	 84.951503	 84.951503	 84.951503	 84.951503	 84.951503	 84.951503	 84.951503	 84.951503	 84.951503	 84.951503	 84.951503	 84.951503	 84.951503	 84.951503	 84.951503	 84.951503	 84.951503	 84.951503	 84.951503	 84.951503	 84.951503	 84.951503	 84.951503	 84.951503	 84.951503	 84.951503	 84.951503	 84.951503	 84.951503	 84.951503	 84.951503	 84.951503	 84.951503	 84.951503	 84.951503	 84.951503	 84.951503	 84.951503	 84.951503	
        99	 98.216827	 97.436124	 96.660337	 95.891867	 95.133046	 94.386114	 93.653205	 92.936322	 92.237325	 91.557918	 90.899633	 90.263824	 89.651658	 89.064114	 88.501979	 87.965848	 87.456129	 86.973048	 86.516653	 86.086828	 85.683301	 85.305654	 84.953341	 84.625696	  84.32195	 84.041245	 83.782649	 83.545169	 83.327767	  83.12937	 82.948885	 82.785211	 82.637247	 82.503906	 82.384119	 82.276845	  82.18108	 82.095855	 82.020249	 81.953386	  81.89444	 81.842635	  81.79725	 81.757613	 81.723105	 81.693155	 81.667242	 81.644893	 81.625677	 81.609207	 81.595134	 81.583147	 81.572968	 81.564352	 81.557081	 81.550964	 81.545835	 81.541547	 81.537973	 81.535004	 81.532544	 81.530514	 81.528842	  81.52747	 81.526348	 81.525433	 81.524689	 81.524086	 81.523599	 81.523207	 81.522892	 81.522639	 81.522438	 81.522278	 81.522151	  81.52205	 81.521971	 81.521909	  81.52186	 81.521822	 81.521792	 81.521769	 81.521752	 81.521738	 81.521727	 81.521719	 81.521713	 81.521708	 81.521705	 81.521702	   81.5217	 81.521698	 81.521697	 81.521696	 81.521696	 81.521695	 81.521695	 81.521695	 81.521694	 81.521694	 81.521694	 81.521694	 81.521694	 81.521694	 81.521694	 81.521694	 81.521694	 81.521694	 81.521694	 81.521694	 81.521694	 81.521694	 81.521694	 81.521694	 81.521694	 81.521694	 81.521694	 81.521694	 81.521694	 81.521694	 81.521694	 81.521694	 81.521694	 81.521694	 81.521694	 81.521694	 81.521694	 81.521694	 81.521694	 81.521694	 81.521694	 81.521694	 81.521694	 81.521694	 81.521694	 81.521694	 81.521694	 81.521694	 81.521694	 81.521694	 81.521694	 81.521694	 81.521694	 81.521694	 81.521694	 81.521694	 81.521694	 81.521694	 81.521694	 81.521694	 81.521694	 81.521694	 81.521694	 81.521694	 81.521694	 81.521694	 81.521694	 81.521694	 81.521694	 81.521694	 81.521694	 81.521694	 81.521694	 81.521694	 81.521694	 81.521694	 81.521694	 81.521694	 81.521694	 81.521694	 81.521694	 81.521694	 81.521694	 81.521694	 81.521694	 81.521694	 81.521694	 81.521694	 81.521694	 81.521694	 81.521694	 81.521694	 81.521694	 81.521694	 81.521694	 81.521694	 81.521694	 81.521694	 81.521694	 81.521694	 81.521694	 81.521694	 81.521694	 81.521694	 81.521694	 81.521694	 81.521694	 81.521694	 81.521694	
        99	 98.065551	 97.134049	 96.208414	 95.291508	 94.386114	 93.494907	 92.620431	 91.765076	 90.931063	 90.120424	 89.334986	 88.576365	 87.845955	 87.144923	 86.474207	 85.834518	 85.226343	 84.649951	   84.1054	 83.592551	 83.111079	 82.660488	 82.240123	 81.849191	 81.486773	 81.151848	 80.843303	 80.559952	 80.300557	 80.063838	 79.848491	 79.653202	 79.476658	  79.31756	 79.174636	 79.046642	 78.932378	 78.830692	 78.740482	 78.660704	 78.590372	 78.528561	  78.47441	 78.427117	 78.385942	 78.350207	 78.319289	 78.292623	 78.269696	 78.250044	 78.233253	  78.21895	 78.206805	 78.196525	  78.18785	 78.180552	 78.174432	 78.169315	 78.165051	 78.161508	 78.158574	 78.156151	 78.154156	  78.15252	 78.151181	 78.150089	 78.149202	 78.148482	 78.147901	 78.147433	 78.147057	 78.146756	 78.146516	 78.146324	 78.146173	 78.146053	 78.145958	 78.145884	 78.145826	 78.145781	 78.145745	 78.145718	 78.145696	  78.14568	 78.145667	 78.145658	  78.14565	 78.145645	  78.14564	 78.145637	 78.145635	 78.145633	 78.145631	  78.14563	  78.14563	 78.145629	 78.145629	 78.145628	 78.145628	 78.145628	 78.145628	 78.145628	 78.145628	 78.145628	 78.145628	 78.145628	 78.145628	 78.145628	 78.145628	 78.145627	 78.145627	 78.145627	 78.145627	 78.145627	 78.145627	 78.145627	 78.145627	 78.145627	 78.145627	 78.145627	 78.145627	 78.145627	 78.145627	 78.145627	 78.145627	 78.145627	 78.145627	 78.145627	 78.145627	 78.145627	 78.145627	 78.145627	 78.145627	 78.145627	 78.145627	 78.145627	 78.145627	 78.145627	 78.145627	 78.145627	 78.145627	 78.145627	 78.145627	 78.145627	 78.145627	 78.145627	 78.145627	 78.145627	 78.145627	 78.145627	 78.145627	 78.145627	 78.145627	 78.145627	 78.145627	 78.145627	 78.145627	 78.145627	 78.145627	 78.145627	 78.145627	 78.145627	 78.145627	 78.145627	 78.145627	 78.145627	 78.145627	 78.145627	 78.145627	 78.145627	 78.145627	 78.145627	 78.145627	 78.145627	 78.145627	 78.145627	 78.145627	 78.145627	 78.145627	 78.145627	 78.145627	 78.145627	 78.145627	 78.145627	 78.145627	 78.145627	 78.145627	 78.145627	 78.145627	 78.145627	 78.145627	 78.145627	 78.145627	 78.145627	 78.145627	 78.145627	 78.145627	 78.145627	 78.145627	
        99	 97.917115	 96.837646	 95.764974	 94.702419	 93.653205	 92.620431	 91.607045	 90.615818	 89.649324	 88.709915	 87.799711	 86.920584	  86.07415	  85.26176	 84.484502	   83.7432	 83.038417	 82.370465	 81.739413	 81.145099	 80.587146	 80.064979	  79.57784	 79.124808	 78.704822	 78.316694	 77.959137	 77.630776	 77.330176	 77.055855	 76.806301	  76.57999	 76.375402	 76.191033	 76.025405	 75.877079	 75.744665	 75.626826	 75.522287	 75.429836	 75.348331	 75.276702	 75.213949	 75.159144	 75.111429	 75.070017	 75.034188	 75.003286	 74.976717	 74.953943	 74.934485	  74.91791	 74.903836	 74.891923	  74.88187	 74.873413	  74.86632	 74.860391	 74.855449	 74.851344	 74.847943	 74.845135	 74.842824	 74.840928	 74.839376	 74.838111	 74.837082	 74.836249	 74.835575	 74.835032	 74.834597	 74.834248	  74.83397	 74.833748	 74.833572	 74.833434	 74.833324	 74.833238	 74.833171	 74.833118	 74.833077	 74.833045	  74.83302	 74.833001	 74.832987	 74.832976	 74.832967	  74.83296	 74.832955	 74.832952	 74.832949	 74.832947	 74.832945	 74.832944	 74.832943	 74.832942	 74.832942	 74.832941	 74.832941	 74.832941	 74.832941	 74.832941	 74.832941	 74.832941	 74.832941	 74.832941	 74.832941	 74.832941	  74.83294	  74.83294	  74.83294	  74.83294	  74.83294	  74.83294	  74.83294	  74.83294	  74.83294	  74.83294	  74.83294	  74.83294	  74.83294	  74.83294	  74.83294	  74.83294	  74.83294	  74.83294	  74.83294	  74.83294	  74.83294	  74.83294	  74.83294	  74.83294	  74.83294	  74.83294	  74.83294	  74.83294	  74.83294	  74.83294	  74.83294	  74.83294	  74.83294	  74.83294	  74.83294	  74.83294	  74.83294	  74.83294	  74.83294	  74.83294	  74.83294	  74.83294	  74.83294	  74.83294	  74.83294	  74.83294	  74.83294	  74.83294	  74.83294	  74.83294	  74.83294	  74.83294	  74.83294	  74.83294	  74.83294	  74.83294	  74.83294	  74.83294	  74.83294	  74.83294	  74.83294	  74.83294	  74.83294	  74.83294	  74.83294	  74.83294	  74.83294	  74.83294	  74.83294	  74.83294	  74.83294	  74.83294	  74.83294	  74.83294	  74.83294	  74.83294	  74.83294	  74.83294	  74.83294	  74.83294	  74.83294	  74.83294	  74.83294	  74.83294	  74.83294	  74.83294	  74.83294	  74.83294	  74.83294	  74.83294	  74.83294	
        99	 97.771925	 96.547723	 95.331231	 94.126212	 92.936322	 91.765076	 90.615818	 89.491691	 88.395612	  87.33025	 86.298008	 85.301011	 84.341089	 83.419776	 82.538305	 81.697611	 80.898334	 80.140825	 79.425163	 78.751165	 78.118404	 77.526226	 76.973772	     76.46	 75.983703	 75.543536	 75.138039	 74.765653	 74.424749	 74.113648	 73.830634	  73.57398	 73.341962	 73.132873	 72.945038	 72.776825	 72.626658	  72.49302	 72.374464	 72.269617	 72.177185	 72.095952	 72.024785	 71.962631	 71.908519	 71.861555	 71.820923	 71.785877	 71.755745	 71.729919	 71.707851	 71.689055	 71.673094	 71.659583	 71.648182	 71.638591	 71.630547	 71.623823	 71.618219	 71.613563	 71.609706	 71.606522	 71.603901	  71.60175	 71.599991	 71.598556	 71.597389	 71.596444	  71.59568	 71.595065	 71.594571	 71.594175	 71.593859	 71.593608	 71.593409	 71.593251	 71.593127	  71.59303	 71.592953	 71.592893	 71.592847	 71.592811	 71.592783	 71.592761	 71.592745	 71.592732	 71.592722	 71.592715	 71.592709	 71.592705	 71.592702	 71.592699	 71.592698	 71.592696	 71.592695	 71.592694	 71.592694	 71.592693	 71.592693	 71.592693	 71.592693	 71.592693	 71.592693	 71.592692	 71.592692	 71.592692	 71.592692	 71.592692	 71.592692	 71.592692	 71.592692	 71.592692	 71.592692	 71.592692	 71.592692	 71.592692	 71.592692	 71.592692	 71.592692	 71.592692	 71.592692	 71.592692	 71.592692	 71.592692	 71.592692	 71.592692	 71.592692	 71.592692	 71.592692	 71.592692	 71.592692	 71.592692	 71.592692	 71.592692	 71.592692	 71.592692	 71.592692	 71.592692	 71.592692	 71.592692	 71.592692	 71.592692	 71.592692	 71.592692	 71.592692	 71.592692	 71.592692	 71.592692	 71.592692	 71.592692	 71.592692	 71.592692	 71.592692	 71.592692	 71.592692	 71.592692	 71.592692	 71.592692	 71.592692	 71.592692	 71.592692	 71.592692	 71.592692	 71.592692	 71.592692	 71.592692	 71.592692	 71.592692	 71.592692	 71.592692	 71.592692	 71.592692	 71.592692	 71.592692	 71.592692	 71.592692	 71.592692	 71.592692	 71.592692	 71.592692	 71.592692	 71.592692	 71.592692	 71.592692	 71.592692	 71.592692	 71.592692	 71.592692	 71.592692	 71.592692	 71.592692	 71.592692	 71.592692	 71.592692	 71.592692	 71.592692	 71.592692	 71.592692	 71.592692	
        99	 97.630358	 96.265035	  94.90831	 93.564381	 92.237325	 90.931063	 89.649324	 88.395612	 87.173181	 85.985008	 84.833774	 83.721847	 82.651269	 81.623751	 80.640668	 79.703062	 78.811647	 77.966816	 77.168655	 76.416962	 75.711259	 75.050817	 74.434679	 73.861681	 73.330479	 72.839572	  72.38733	 71.972017	 71.591816	 71.244851	 70.929213	 70.642974	 70.384209	 70.151017	 69.941529	 69.753926	 69.586448	 69.437404	 69.305182	 69.188249	 69.085162	 68.994565	 68.915194	 68.845876	 68.785526	 68.733148	 68.687831	 68.648746	 68.615141	 68.586337	 68.561726	 68.540762	 68.522961	 68.507893	 68.495178	 68.484481	 68.475511	 68.468011	 68.461761	 68.456568	 68.452267	 68.448716	 68.445793	 68.443394	 68.441432	 68.439831	  68.43853	 68.437476	 68.436624	 68.435938	 68.435387	 68.434945	 68.434593	 68.434313	 68.434091	 68.433915	 68.433777	 68.433668	 68.433583	 68.433516	 68.433464	 68.433424	 68.433393	 68.433369	  68.43335	 68.433336	 68.433325	 68.433317	 68.433311	 68.433306	 68.433302	   68.4333	 68.433298	 68.433296	 68.433295	 68.433294	 68.433294	 68.433293	 68.433293	 68.433292	 68.433292	 68.433292	 68.433292	 68.433292	 68.433292	 68.433292	 68.433292	 68.433292	 68.433292	 68.433292	 68.433292	 68.433292	 68.433292	 68.433292	 68.433292	 68.433292	 68.433292	 68.433292	 68.433292	 68.433292	 68.433292	 68.433292	 68.433292	 68.433292	 68.433292	 68.433292	 68.433292	 68.433292	 68.433292	 68.433292	 68.433292	 68.433292	 68.433292	 68.433292	 68.433292	 68.433292	 68.433292	 68.433292	 68.433292	 68.433292	 68.433292	 68.433292	 68.433292	 68.433292	 68.433292	 68.433292	 68.433292	 68.433292	 68.433292	 68.433292	 68.433292	 68.433292	 68.433292	 68.433292	 68.433292	 68.433292	 68.433292	 68.433292	 68.433292	 68.433292	 68.433292	 68.433292	 68.433292	 68.433292	 68.433292	 68.433292	 68.433292	 68.433292	 68.433292	 68.433292	 68.433292	 68.433292	 68.433292	 68.433292	 68.433292	 68.433292	 68.433292	 68.433292	 68.433292	 68.433292	 68.433292	 68.433292	 68.433292	 68.433292	 68.433292	 68.433292	 68.433292	 68.433292	 68.433292	 68.433292	 68.433292	 68.433292	 68.433292	 68.433292	 68.433292	 68.433292	 68.433292	 68.433292	 68.433292	
        99	 97.492757	 95.990268	 94.497241	 93.018296	 91.557918	 90.120424	 88.709915	  87.33025	 85.985008	 84.677467	 83.410575	 82.186939	 81.008806	 79.878059	 78.796212	  77.76441	  76.78344	 75.853733	 74.975386	 74.148175	 73.371573	 72.644781	 71.966744	  71.33618	 70.751611	 70.211385	 69.713709	 69.256672	 68.838275	 68.456453	 68.109104	 67.794108	 67.509348	 67.252728	 67.022194	 66.815744	  66.63144	 66.467423	 66.321917	 66.193237	 66.079793	 65.980094	  65.89275	 65.816467	 65.750054	 65.692415	 65.642545	 65.599533	 65.562552	 65.530854	 65.503771	 65.480701	 65.461112	  65.44453	 65.430537	 65.418766	 65.408894	 65.400641	 65.393763	 65.388049	 65.383316	 65.379408	 65.376191	 65.373551	 65.371392	  65.36963	 65.368199	 65.367038	 65.366101	 65.365346	 65.364739	 65.364254	 65.363866	 65.363558	 65.363313	  65.36312	 65.362968	 65.362848	 65.362754	 65.362681	 65.362624	 65.362579	 65.362545	 65.362519	 65.362498	 65.362483	 65.362471	 65.362462	 65.362455	 65.362449	 65.362445	 65.362442	  65.36244	 65.362439	 65.362437	 65.362436	 65.362436	 65.362435	 65.362435	 65.362435	 65.362434	 65.362434	 65.362434	 65.362434	 65.362434	 65.362434	 65.362434	 65.362434	 65.362434	 65.362434	 65.362434	 65.362434	 65.362434	 65.362434	 65.362434	 65.362434	 65.362434	 65.362434	 65.362434	 65.362434	 65.362434	 65.362434	 65.362434	 65.362434	 65.362434	 65.362434	 65.362434	 65.362434	 65.362434	 65.362434	 65.362434	 65.362434	 65.362434	 65.362434	 65.362434	 65.362434	 65.362434	 65.362434	 65.362434	 65.362434	 65.362434	 65.362434	 65.362434	 65.362434	 65.362434	 65.362434	 65.362434	 65.362434	 65.362434	 65.362434	 65.362434	 65.362434	 65.362434	 65.362434	 65.362434	 65.362434	 65.362434	 65.362434	 65.362434	 65.362434	 65.362434	 65.362434	 65.362434	 65.362434	 65.362434	 65.362434	 65.362434	 65.362434	 65.362434	 65.362434	 65.362434	 65.362434	 65.362434	 65.362434	 65.362434	 65.362434	 65.362434	 65.362434	 65.362434	 65.362434	 65.362434	 65.362434	 65.362434	 65.362434	 65.362434	 65.362434	 65.362434	 65.362434	 65.362434	 65.362434	 65.362434	 65.362434	 65.362434	 65.362434	 65.362434	 65.362434	 65.362434	 65.362434	 65.362434	
        99	 97.359435	 95.724044	 94.098952	 92.489187	 90.899633	 89.334986	 87.799711	 86.298008	 84.833774	 83.410575	 82.031621	 80.699749	 79.417405	 78.186639	 77.009098	 75.886029	 74.818287	 73.806344	 72.850303	 71.949921	 71.104627	 70.313547	 69.575534	 68.889194	 68.252917	 67.664906	 67.123209	 66.625745	 66.170339	 65.754743	  65.37667	 65.033811	 64.723863	 64.444544	 64.193619	 63.968907	 63.768301	 63.589776	 63.431399	 63.291337	 63.167858	 63.059341	  62.96427	  62.88124	 62.808953	 62.746215	 62.691934	 62.645118	 62.604865	 62.570364	 62.540885	 62.515774	 62.494453	 62.476404	 62.461173	 62.448361	 62.437616	 62.428633	 62.421147	 62.414927	 62.409775	 62.405521	  62.40202	 62.399147	 62.396796	 62.394879	 62.393321	 62.392058	 62.391038	 62.390216	 62.389555	 62.389027	 62.388605	  62.38827	 62.388004	 62.387793	 62.387627	 62.387497	 62.387395	 62.387315	 62.387253	 62.387205	 62.387167	 62.387138	 62.387116	 62.387099	 62.387086	 62.387076	 62.387069	 62.387063	 62.387059	 62.387056	 62.387053	 62.387051	  62.38705	 62.387049	 62.387048	 62.387048	 62.387047	 62.387047	 62.387047	 62.387047	 62.387046	 62.387046	 62.387046	 62.387046	 62.387046	 62.387046	 62.387046	 62.387046	 62.387046	 62.387046	 62.387046	 62.387046	 62.387046	 62.387046	 62.387046	 62.387046	 62.387046	 62.387046	 62.387046	 62.387046	 62.387046	 62.387046	 62.387046	 62.387046	 62.387046	 62.387046	 62.387046	 62.387046	 62.387046	 62.387046	 62.387046	 62.387046	 62.387046	 62.387046	 62.387046	 62.387046	 62.387046	 62.387046	 62.387046	 62.387046	 62.387046	 62.387046	 62.387046	 62.387046	 62.387046	 62.387046	 62.387046	 62.387046	 62.387046	 62.387046	 62.387046	 62.387046	 62.387046	 62.387046	 62.387046	 62.387046	 62.387046	 62.387046	 62.387046	 62.387046	 62.387046	 62.387046	 62.387046	 62.387046	 62.387046	 62.387046	 62.387046	 62.387046	 62.387046	 62.387046	 62.387046	 62.387046	 62.387046	 62.387046	 62.387046	 62.387046	 62.387046	 62.387046	 62.387046	 62.387046	 62.387046	 62.387046	 62.387046	 62.387046	 62.387046	 62.387046	 62.387046	 62.387046	 62.387046	 62.387046	 62.387046	 62.387046	 62.387046	 62.387046	 62.387046	 62.387046	 62.387046	
        99	 97.230665	  95.46691	 93.714262	 91.978144	 90.263824	 88.576365	 86.920584	 85.301011	 83.721847	 82.186939	 80.699749	 79.263337	  77.88034	 76.552969	 75.283001	 74.071781	 72.920231	 71.828859	 70.797777	 69.826723	  68.91508	 68.061907	 67.265967	 66.525755	 65.839536	 65.205372	 64.621156	 64.084646	 63.593494	 63.145278	  62.73753	  62.36776	 62.033483	 61.732241	  61.46162	  61.21927	 61.002918	 60.810381	 60.639573	 60.488517	 60.355346	 60.238311	 60.135779	 60.046232	 59.968271	 59.900608	 59.842067	 59.791576	 59.748164	 59.710955	 59.679161	  59.65208	 59.629085	 59.609619	 59.593193	 59.579375	 59.567787	 59.558099	 59.550025	 59.543317	 59.537761	 59.533173	 59.529397	 59.526298	 59.523763	 59.521696	 59.520015	 59.518653	 59.517553	 59.516666	 59.515954	 59.515384	  59.51493	 59.514568	 59.514281	 59.514054	 59.513875	 59.513734	 59.513624	 59.513538	 59.513471	 59.513419	 59.513379	 59.513348	 59.513324	 59.513305	 59.513291	 59.513281	 59.513273	 59.513266	 59.513262	 59.513258	 59.513256	 59.513254	 59.513252	 59.513251	  59.51325	  59.51325	 59.513249	 59.513249	 59.513249	 59.513249	 59.513248	 59.513248	 59.513248	 59.513248	 59.513248	 59.513248	 59.513248	 59.513248	 59.513248	 59.513248	 59.513248	 59.513248	 59.513248	 59.513248	 59.513248	 59.513248	 59.513248	 59.513248	 59.513248	 59.513248	 59.513248	 59.513248	 59.513248	 59.513248	 59.513248	 59.513248	 59.513248	 59.513248	 59.513248	 59.513248	 59.513248	 59.513248	 59.513248	 59.513248	 59.513248	 59.513248	 59.513248	 59.513248	 59.513248	 59.513248	 59.513248	 59.513248	 59.513248	 59.513248	 59.513248	 59.513248	 59.513248	 59.513248	 59.513248	 59.513248	 59.513248	 59.513248	 59.513248	 59.513248	 59.513248	 59.513248	 59.513248	 59.513248	 59.513248	 59.513248	 59.513248	 59.513248	 59.513248	 59.513248	 59.513248	 59.513248	 59.513248	 59.513248	 59.513248	 59.513248	 59.513248	 59.513248	 59.513248	 59.513248	 59.513248	 59.513248	 59.513248	 59.513248	 59.513248	 59.513248	 59.513248	 59.513248	 59.513248	 59.513248	 59.513248	 59.513248	 59.513248	 59.513248	 59.513248	 59.513248	 59.513248	 59.513248	 59.513248	 59.513248	 59.513248	 59.513248	 59.513248	
        99	 97.106683	 95.219337	 93.343877	 91.486105	 89.651658	 87.845955	  86.07415	 84.341089	 82.651269	 81.008806	 79.417405	  77.88034	 76.400433	  74.98005	 73.621092	 72.324999	 71.092757	  69.92491	 68.821579	 67.782481	 66.806957	    65.894	 65.042286	 64.250207	 63.515903	 62.837301	 62.212148	 61.638043	 61.112475	 60.632852	 60.196532	 59.800851	 59.443151	   59.1208	 58.831216	 58.571885	 58.340373	 58.134344	 57.951567	 57.789926	 57.647424	 57.522189	 57.412471	  57.31665	 57.233226	 57.160822	 57.098179	  57.04415	 56.997696	 56.957879	 56.923858	 56.894879	 56.870273	 56.849443	 56.831866	  56.81708	  56.80468	 56.794313	 56.785673	 56.778495	  56.77255	  56.76764	   56.7636	 56.760284	 56.757571	 56.755359	 56.753561	 56.752103	 56.750925	 56.749977	 56.749215	 56.748605	 56.748118	 56.747731	 56.747424	 56.747181	  56.74699	 56.746839	 56.746721	 56.746629	 56.746558	 56.746502	 56.746459	 56.746426	   56.7464	  56.74638	 56.746365	 56.746354	 56.746345	 56.746339	 56.746334	  56.74633	 56.746327	 56.746325	 56.746324	 56.746322	 56.746321	 56.746321	  56.74632	  56.74632	  56.74632	  56.74632	 56.746319	 56.746319	 56.746319	 56.746319	 56.746319	 56.746319	 56.746319	 56.746319	 56.746319	 56.746319	 56.746319	 56.746319	 56.746319	 56.746319	 56.746319	 56.746319	 56.746319	 56.746319	 56.746319	 56.746319	 56.746319	 56.746319	 56.746319	 56.746319	 56.746319	 56.746319	 56.746319	 56.746319	 56.746319	 56.746319	 56.746319	 56.746319	 56.746319	 56.746319	 56.746319	 56.746319	 56.746319	 56.746319	 56.746319	 56.746319	 56.746319	 56.746319	 56.746319	 56.746319	 56.746319	 56.746319	 56.746319	 56.746319	 56.746319	 56.746319	 56.746319	 56.746319	 56.746319	 56.746319	 56.746319	 56.746319	 56.746319	 56.746319	 56.746319	 56.746319	 56.746319	 56.746319	 56.746319	 56.746319	 56.746319	 56.746319	 56.746319	 56.746319	 56.746319	 56.746319	 56.746319	 56.746319	 56.746319	 56.746319	 56.746319	 56.746319	 56.746319	 56.746319	 56.746319	 56.746319	 56.746319	 56.746319	 56.746319	 56.746319	 56.746319	 56.746319	 56.746319	 56.746319	 56.746319	 56.746319	 56.746319	 56.746319	 56.746319	 56.746319	 56.746319	 56.746319	 56.746319	
        99	 96.987688	 94.981723	  92.98839	 91.013857	 89.064114	 87.144923	  85.26176	 83.419776	 81.623751	 79.878059	 78.186639	 76.552969	  74.98005	 73.470396	 72.026028	 70.648476	 69.338787	 68.097541	 66.924866	  65.82046	 64.783625	 63.813289	 62.908045	 62.066183	 61.285729	 60.564477	 59.900033	 59.289846	 58.731247	  58.22148	 57.757737	 57.337188	 56.957006	 56.614396	 56.306612	 56.030981	 55.784919	 55.565941	 55.371677	 55.199877	 55.048419	 54.915313	 54.798699	 54.696856	 54.608188	 54.531234	 54.464654	 54.407229	 54.357856	 54.315537	 54.279377	 54.248578	 54.222424	 54.200286	 54.181604	 54.165888	 54.152709	 54.141691	 54.132508	 54.124879	 54.118559	 54.113342	 54.109047	 54.105523	  54.10264	 54.100289	 54.098377	 54.096828	 54.095576	 54.094568	 54.093758	  54.09311	 54.092593	 54.092181	 54.091855	 54.091597	 54.091393	 54.091233	 54.091108	  54.09101	 54.090934	 54.090875	 54.090829	 54.090794	 54.090766	 54.090746	  54.09073	 54.090718	 54.090708	 54.090701	 54.090696	 54.090692	 54.090689	 54.090687	 54.090685	 54.090684	 54.090683	 54.090682	 54.090682	 54.090681	 54.090681	 54.090681	 54.090681	 54.090681	 54.090681	 54.090681	 54.090681	 54.090681	 54.090681	 54.090681	 54.090681	 54.090681	 54.090681	 54.090681	  54.09068	  54.09068	  54.09068	  54.09068	  54.09068	  54.09068	  54.09068	  54.09068	  54.09068	  54.09068	  54.09068	  54.09068	  54.09068	  54.09068	  54.09068	  54.09068	  54.09068	  54.09068	  54.09068	  54.09068	  54.09068	  54.09068	  54.09068	  54.09068	  54.09068	  54.09068	  54.09068	  54.09068	  54.09068	  54.09068	  54.09068	  54.09068	  54.09068	  54.09068	  54.09068	  54.09068	  54.09068	  54.09068	  54.09068	  54.09068	  54.09068	  54.09068	  54.09068	  54.09068	  54.09068	  54.09068	  54.09068	  54.09068	  54.09068	  54.09068	  54.09068	  54.09068	  54.09068	  54.09068	  54.09068	  54.09068	  54.09068	  54.09068	  54.09068	  54.09068	  54.09068	  54.09068	  54.09068	  54.09068	  54.09068	  54.09068	  54.09068	  54.09068	  54.09068	  54.09068	  54.09068	  54.09068	  54.09068	  54.09068	  54.09068	  54.09068	  54.09068	  54.09068	  54.09068	  54.09068	  54.09068	  54.09068	  54.09068	  54.09068	  54.09068	
        99	 96.873839	 94.754384	 92.648275	 90.562031	 88.501979	 86.474207	 84.484502	 82.538305	 80.640668	 78.796212	 77.009098	 75.283001	 73.621092	 72.026028	 70.499943	 69.044454	 67.660669	 66.349198	 65.110177	 63.943288	 62.847793	 61.822559	   60.8661	  59.97661	    59.152	 58.389943	 57.687908	 57.043199	 56.452996	 55.914389	 55.424409	 54.980067	 54.578376	 54.216382	 53.891185	 53.599961	 53.339978	 53.108611	 52.903356	 52.721837	  52.56181	 52.421173	 52.297962	 52.190357	 52.096673	 52.015365	 51.945018	 51.884345	 51.832178	 51.787465	  51.74926	 51.716717	 51.689084	 51.665693	 51.645955	  51.62935	 51.615425	 51.603783	 51.594081	  51.58602	 51.579344	 51.573831	 51.569293	 51.565569	 51.562523	 51.560039	 51.558019	 51.556383	  51.55506	 51.553995	 51.553139	 51.552454	 51.551908	 51.551473	 51.551128	 51.550855	  51.55064	 51.550471	 51.550339	 51.550236	 51.550155	 51.550093	 51.550044	 51.550007	 51.549978	 51.549956	 51.549939	 51.549926	 51.549917	 51.549909	 51.549904	   51.5499	 51.549896	 51.549894	 51.549892	 51.549891	  51.54989	 51.549889	 51.549889	 51.549888	 51.549888	 51.549888	 51.549888	 51.549888	 51.549888	 51.549887	 51.549887	 51.549887	 51.549887	 51.549887	 51.549887	 51.549887	 51.549887	 51.549887	 51.549887	 51.549887	 51.549887	 51.549887	 51.549887	 51.549887	 51.549887	 51.549887	 51.549887	 51.549887	 51.549887	 51.549887	 51.549887	 51.549887	 51.549887	 51.549887	 51.549887	 51.549887	 51.549887	 51.549887	 51.549887	 51.549887	 51.549887	 51.549887	 51.549887	 51.549887	 51.549887	 51.549887	 51.549887	 51.549887	 51.549887	 51.549887	 51.549887	 51.549887	 51.549887	 51.549887	 51.549887	 51.549887	 51.549887	 51.549887	 51.549887	 51.549887	 51.549887	 51.549887	 51.549887	 51.549887	 51.549887	 51.549887	 51.549887	 51.549887	 51.549887	 51.549887	 51.549887	 51.549887	 51.549887	 51.549887	 51.549887	 51.549887	 51.549887	 51.549887	 51.549887	 51.549887	 51.549887	 51.549887	 51.549887	 51.549887	 51.549887	 51.549887	 51.549887	 51.549887	 51.549887	 51.549887	 51.549887	 51.549887	 51.549887	 51.549887	 51.549887	 51.549887	 51.549887	 51.549887	 51.549887	 51.549887	 51.549887	 51.549887	 51.549887	
        99	 96.765257	 94.537561	 92.323895	 90.131106	 87.965848	 85.834518	   83.7432	 81.697611	 79.703062	  77.76441	 75.886029	 74.071781	 72.324999	 70.648476	 69.044454	 67.514634	 66.060179	 64.681732	 63.379435	 62.152954	 61.001512	 59.923921	 58.918616	 57.983699	 57.116978	 56.316003	 55.578115	 54.900481	 54.280137	 53.714023	 53.199021	 52.731987	 52.309782	 51.929302	 51.587497	   51.2814	 51.008139	 50.764957	  50.54922	 50.358431	 50.190232	 50.042413	  49.91291	 49.799809	 49.701341	 49.615881	 49.541941	  49.47817	 49.423339	 49.376342	 49.336186	 49.301981	 49.272937	 49.248352	 49.227605	 49.210153	 49.195516	  49.18328	 49.173082	  49.16461	 49.157592	 49.151798	 49.147028	 49.143115	 49.139913	 49.137302	 49.135179	 49.133459	 49.132069	 49.130949	  49.13005	  49.12933	 49.128755	 49.128298	 49.127936	 49.127649	 49.127423	 49.127246	 49.127107	 49.126998	 49.126913	 49.126848	 49.126797	 49.126757	 49.126727	 49.126704	 49.126686	 49.126673	 49.126663	 49.126655	 49.126649	 49.126645	 49.126641	 49.126639	 49.126637	 49.126636	 49.126635	 49.126634	 49.126633	 49.126633	 49.126633	 49.126632	 49.126632	 49.126632	 49.126632	 49.126632	 49.126632	 49.126632	 49.126632	 49.126632	 49.126632	 49.126632	 49.126632	 49.126632	 49.126632	 49.126632	 49.126632	 49.126632	 49.126632	 49.126632	 49.126632	 49.126632	 49.126632	 49.126632	 49.126632	 49.126632	 49.126632	 49.126632	 49.126632	 49.126632	 49.126632	 49.126632	 49.126632	 49.126632	 49.126632	 49.126632	 49.126632	 49.126632	 49.126632	 49.126632	 49.126632	 49.126632	 49.126632	 49.126632	 49.126632	 49.126632	 49.126632	 49.126632	 49.126632	 49.126632	 49.126632	 49.126632	 49.126632	 49.126632	 49.126632	 49.126632	 49.126632	 49.126632	 49.126632	 49.126632	 49.126632	 49.126632	 49.126632	 49.126632	 49.126632	 49.126632	 49.126632	 49.126632	 49.126632	 49.126632	 49.126632	 49.126632	 49.126632	 49.126632	 49.126632	 49.126632	 49.126632	 49.126632	 49.126632	 49.126632	 49.126632	 49.126632	 49.126632	 49.126632	 49.126632	 49.126632	 49.126632	 49.126632	 49.126632	 49.126632	 49.126632	 49.126632	 49.126632	 49.126632	 49.126632	 49.126632	 49.126632	 49.126632	 49.126632	
        99	 96.662023	  94.33142	 92.015494	 89.721411	 87.456129	 85.226343	 83.038417	 80.898334	 78.811647	  76.78344	 74.818287	 72.920231	 71.092757	 69.338787	 67.660669	 66.060179	 64.538537	 63.096413	 61.733957	 60.450819	 59.246187	 58.118817	 57.067073	 56.088968	 55.182209	 54.344234	  53.57226	 52.863323	 52.214323	 51.622058	 51.083266	 50.594657	 50.152949	 49.754892	 49.397299	 49.077062	 48.791178	 48.536762	  48.31106	 48.111457	 47.935488	 47.780841	 47.645356	  47.52703	 47.424014	 47.334606	 47.257251	 47.190533	 47.133169	 47.084002	 47.041991	 47.006206	 46.975821	   46.9501	 46.928395	 46.910136	 46.894823	 46.882022	 46.871353	 46.862489	 46.855148	 46.849086	 46.844096	 46.840001	 46.836652	  46.83392	 46.831699	 46.829899	 46.828445	 46.827273	 46.826333	  46.82558	 46.824979	 46.824501	 46.824121	 46.823821	 46.823585	 46.823399	 46.823254	  46.82314	 46.823051	 46.822983	 46.822929	 46.822888	 46.822857	 46.822833	 46.822814	   46.8228	 46.822789	 46.822781	 46.822775	  46.82277	 46.822767	 46.822764	 46.822762	 46.822761	  46.82276	 46.822759	 46.822759	 46.822758	 46.822758	 46.822758	 46.822757	 46.822757	 46.822757	 46.822757	 46.822757	 46.822757	 46.822757	 46.822757	 46.822757	 46.822757	 46.822757	 46.822757	 46.822757	 46.822757	 46.822757	 46.822757	 46.822757	 46.822757	 46.822757	 46.822757	 46.822757	 46.822757	 46.822757	 46.822757	 46.822757	 46.822757	 46.822757	 46.822757	 46.822757	 46.822757	 46.822757	 46.822757	 46.822757	 46.822757	 46.822757	 46.822757	 46.822757	 46.822757	 46.822757	 46.822757	 46.822757	 46.822757	 46.822757	 46.822757	 46.822757	 46.822757	 46.822757	 46.822757	 46.822757	 46.822757	 46.822757	 46.822757	 46.822757	 46.822757	 46.822757	 46.822757	 46.822757	 46.822757	 46.822757	 46.822757	 46.822757	 46.822757	 46.822757	 46.822757	 46.822757	 46.822757	 46.822757	 46.822757	 46.822757	 46.822757	 46.822757	 46.822757	 46.822757	 46.822757	 46.822757	 46.822757	 46.822757	 46.822757	 46.822757	 46.822757	 46.822757	 46.822757	 46.822757	 46.822757	 46.822757	 46.822757	 46.822757	 46.822757	 46.822757	 46.822757	 46.822757	 46.822757	 46.822757	 46.822757	 46.822757	 46.822757	 46.822757	
