Time step 96:
        99	        99	        99	        99	        99	        99	        99	        99	        99	        99	        99	        99	        99	        99	        99	        99	        99	        99	        99	        99	        99	        99	        99	        99	        99	        99	        99	        99	        99	        99	        99	        99	        99	        99	        99	        99	        99	        99	        99	        99	        99	        99	        99	        99	        99	        99	        99	        99	        99	        99	        99	        99	        99	        99	        99	        99	        99	        99	        99	        99	        99	        99	        99	        99	        99	        99	        99	        99	        99	        99	        99	        99	        99	        99	        99	        99	        99	        99	        99	        99	        99	        99	        99	        99	        99	        99	        99	        99	        99	        99	        99	        99	        99	        99	        99	        99	        99	        99	        99	        99	        99	        99	        99	        99	        99	        99	        99	        99	        99	        99	        99	        99	        99	        99	        99	        99	        99	        99	        99	        99	        99	        99	        99	        99	        99	        99	        99	        99	        99	        99	        99	        99	        99	        99	        99	        99	        99	        99	        99	        99	        99	        99	        99	        99	        99	        99	        99	        99	        99	        99	        99	        99	        99	        99	        99	        99	        99	        99	        99	        99	        99	        99	        99	        99	        99	        99	        99	        99	        99	        99	        99	        99	        99	        99	        99	        99	        99	        99	        99	        99	        99	        99	        99	        99	        99	        99	        99	        99	        99	        99	        99	        99	        99	        99	        99	        99	        99	        99	        99	        99	
        99	 98.993386	 98.986774	 98.980163	 98.973554	  98.96695	 98.960349	 98.953754	 98.947165	 98.940582	 98.934008	 98.927442	 98.920886	  98.91434	 98.907805	 98.901282	 98.894772	 98.888276	 98.881795	 98.875328	 98.868878	 98.862445	  98.85603	 98.849633	 98.843255	 98.836898	 98.830561	 98.824247	 98.817954	 98.811685	  98.80544	 98.799219	 98.793024	 98.786855	 98.780712	 98.774597	  98.76851	 98.762452	 98.756424	 98.750425	 98.744458	 98.738521	 98.732617	 98.726745	 98.720907	 98.715102	 98.709332	 98.703596	 98.697896	 98.692232	 98.686605	 98.681014	 98.675461	 98.669946	 98.664469	 98.659031	 98.653633	 98.648274	 98.642956	 98.637678	 98.632441	 98.627245	 98.622091	  98.61698	  98.61191	 98.606883	   98.6019	 98.596959	 98.592063	  98.58721	 98.582401	 98.577636	 98.572916	 98.568241	 98.563611	 98.559026	 98.554486	 98.549992	 98.545544	 98.541141	 98.536785	 98.532474	 98.528209	 98.523991	 98.519819	 98.515693	 98.511614	 98.507581	 98.503594	 98.499654	 98.495761	 98.491914	 98.488113	 98.484359	 98.480651	  98.47699	 98.473374	 98.469805	 98.466282	 98.462806	 98.459374	 98.455989	  98.45265	 98.449356	 98.446107	 98.442904	 98.439745	 98.436632	 98.433563	  98.43054	  98.42756	 98.424625	 98.421733	 98.418886	 98.416082	 98.413321	 98.410604	  98.40793	 98.405298	 98.402708	 98.400161	 98.397656	 98.395193	  98.39277	  98.39039	  98.38805	  98.38575	 98.383491	 98.381272	 98.379093	 98.376953	 98.374853	 98.372791	 98.370769	 98.368784	 98.366838	 98.364929	 98.363058	 98.361224	 98.359427	 98.357666	 98.355942	 98.354254	 98.352601	 98.350984	 98.349402	 98.347855	 98.346342	 98.344864	 98.343419	 98.342009	 98.340631	 98.339287	 98.337976	 98.336697	  98.33545	 98.334235	 98.333053	 98.331901	 98.330781	 98.329692	 98.328633	 98.327605	 98.326607	 98.325639	 98.324701	 98.323793	 98.322913	 98.322063	 98.321242	 98.320449	 98.319685	 98.318949	 98.318241	  98.31756	 98.316908	 98.316283	 98.315685	 98.315115	 98.314572	 98.314055	 98.313565	 98.313102	 98.312665	 98.312255	  98.31187	 98.311512	  98.31118	 98.310874	 98.310594	 98.310339	  98.31011	 98.309907	 98.309729	 98.309577	  98.30945	 98.309348	 98.309272	 98.309222	 98.309196	
        99	 98.986774	 98.973549	 98.960328	 98.947112	 98.933904	 98.920703	 98.907514	 98.894336	 98.881172	 98.868024	 98.854894	 98.841782	 98.828691	 98.815622	 98.802577	 98.789558	 98.776567	 98.763605	 98.750673	 98.737773	 98.724908	 98.712078	 98.699285	 98.686531	 98.673817	 98.661145	 98.648517	 98.635933	 98.623395	 98.610905	 98.598465	 98.586075	 98.573737	 98.561453	 98.549224	 98.537051	 98.524936	  98.51288	 98.500884	 98.488949	 98.477077	 98.465269	 98.453527	  98.44185	 98.430242	 98.418702	 98.407231	 98.395832	 98.384505	  98.37325	  98.36207	 98.350965	 98.339935	 98.328982	 98.318108	 98.307311	 98.296595	 98.285959	 98.275403	  98.26493	  98.25454	 98.244233	  98.23401	 98.223872	 98.213819	 98.203852	 98.193972	 98.184179	 98.174474	 98.164856	 98.155328	 98.145889	 98.136539	  98.12728	  98.11811	 98.109032	 98.100044	 98.091148	 98.082343	  98.07363	 98.065009	 98.056481	 98.048045	 98.039701	  98.03145	 98.023292	 98.015227	 98.007254	 97.999375	 97.991588	 97.983895	 97.976294	 97.968786	 97.961371	 97.954048	 97.946818	 97.939681	 97.932635	 97.925682	  97.91882	  97.91205	 97.905371	 97.898784	 97.892287	 97.885881	 97.879564	 97.873338	 97.867202	 97.861154	 97.855195	 97.849325	 97.843543	 97.837848	 97.832241	  97.82672	 97.821286	 97.815937	 97.810674	 97.805495	 97.800402	 97.795391	 97.790465	 97.785621	 97.780859	  97.77618	 97.771581	 97.767063	 97.762626	 97.758268	 97.753989	 97.749788	 97.745665	  97.74162	 97.737651	 97.733759	 97.729942	 97.726199	 97.722532	 97.718938	 97.715417	 97.711969	 97.708592	 97.705288	 97.702054	  97.69889	 97.695796	 97.692771	 97.689814	 97.686925	 97.684104	 97.681349	 97.678661	 97.676038	 97.673481	 97.670988	 97.668558	 97.666193	  97.66389	  97.66165	 97.659472	 97.657355	 97.655299	 97.653303	 97.651368	 97.649492	 97.647674	 97.645916	 97.644216	 97.642573	 97.640988	 97.639459	 97.637987	 97.636571	 97.635211	 97.633906	 97.632656	 97.631461	  97.63032	 97.629233	   97.6282	 97.627221	 97.626294	 97.625421	   97.6246	 97.623832	 97.623115	 97.622451	 97.621839	 97.621278	 97.620769	 97.620311	 97.619905	 97.619549	 97.619244	 97.618991	 97.618788	 97.618636	 97.618534	 97.618484	
        99	 98.980163	 98.960328	 98.940499	 98.920677	 98.900866	 98.881068	 98.861286	 98.841522	 98.821778	 98.802058	 98.782364	 98.762699	 98.743064	 98.723463	 98.703899	 98.684372	 98.664887	 98.645446	  98.62605	 98.606703	 98.587407	 98.568164	 98.548977	 98.529848	  98.51078	 98.491774	 98.472833	 98.453959	 98.435155	 98.416422	 98.397763	 98.379181	 98.360676	 98.342252	 98.323911	 98.305653	 98.287482	   98.2694	 98.251407	 98.233508	 98.215702	 98.197992	  98.18038	 98.162867	 98.145456	 98.128148	 98.110945	 98.093848	 98.076858	 98.059979	  98.04321	 98.026554	 98.010011	 97.993584	 97.977274	 97.961081	 97.945008	 97.929055	 97.913224	 97.897516	 97.881932	 97.866474	 97.851141	 97.835935	 97.820858	 97.805909	  97.79109	 97.776403	 97.761846	 97.747422	 97.733131	 97.718974	 97.704951	 97.691063	  97.67731	 97.663694	 97.650214	 97.636871	 97.623665	 97.610598	 97.597668	 97.584876	 97.572223	 97.559709	 97.547334	 97.535098	 97.523002	 97.511045	 97.499227	 97.487548	 97.476009	 97.464609	 97.453349	 97.442227	 97.431245	 97.420401	 97.409696	 97.399128	 97.388699	 97.378408	 97.368254	 97.358237	 97.348357	 97.338613	 97.329004	 97.319531	 97.310193	 97.300989	 97.291918	 97.282981	 97.274177	 97.265504	 97.256963	 97.248553	 97.240273	 97.232122	   97.2241	 97.216206	  97.20844	   97.2008	 97.193285	 97.185896	 97.178631	  97.17149	 97.164471	 97.157574	 97.150798	 97.144142	 97.137606	 97.131188	 97.124888	 97.118705	 97.112637	 97.106685	 97.100846	 97.095121	 97.089509	 97.084008	 97.078617	 97.073337	 97.068165	 97.063101	 97.058145	 97.053294	 97.048549	 97.043908	 97.039371	 97.034937	 97.030604	 97.026373	 97.022241	 97.018209	 97.014275	 97.010439	   97.0067	 97.003057	 96.999509	 96.996055	 96.992695	 96.989428	 96.986253	  96.98317	 96.980177	 96.977274	  96.97446	 96.971734	 96.969097	 96.966547	 96.964083	 96.961705	 96.959412	 96.957205	 96.955081	 96.953041	 96.951084	 96.949209	 96.947417	 96.945706	 96.944076	 96.942526	 96.941057	 96.939667	 96.938357	 96.937126	 96.935974	   96.9349	 96.933904	 96.932985	 96.932144	 96.931381	 96.930694	 96.930084	 96.929551	 96.929094	 96.928713	 96.928409	 96.928181	 96.928029	 96.927953	
        99	 98.973554	 98.947112	 98.920677	 98.894253	 98.867842	 98.841449	 98.815076	 98.788728	 98.762407	 98.736118	 98.709864	 98.683647	 98.657472	 98.631341	 98.605259	 98.579228	 98.553252	 98.527334	 98.501477	 98.475685	 98.449961	 98.424308	 98.398729	 98.373227	 98.347806	 98.322469	 98.297218	 98.272057	 98.246988	 98.222016	 98.197141	 98.172368	 98.147699	 98.123138	 98.098686	 98.074346	 98.050122	 98.026016	  98.00203	 97.978167	  97.95443	  97.93082	 97.907341	 97.883995	 97.860783	 97.837709	 97.814775	 97.791982	 97.769334	 97.746831	 97.724476	 97.702271	 97.680218	 97.658318	 97.636574	 97.614988	  97.59356	 97.572293	 97.551189	 97.530248	 97.509472	 97.488863	 97.468423	 97.448152	 97.428051	 97.408123	 97.388368	 97.368787	 97.349382	 97.330153	 97.311101	 97.292227	 97.273533	 97.255019	 97.236685	 97.218532	 97.200562	 97.182774	 97.165169	 97.147748	 97.130511	 97.113458	  97.09659	 97.079907	  97.06341	 97.047098	 97.030972	 97.015031	 96.999276	 96.983707	 96.968324	 96.953127	 96.938115	 96.923289	 96.908647	 96.894191	  96.87992	 96.865832	 96.851929	  96.83821	 96.824673	 96.811319	 96.798147	 96.785157	 96.772348	 96.759719	  96.74727	    96.735	 96.722908	 96.710993	 96.699256	 96.687695	 96.676308	 96.665096	 96.654058	 96.643192	 96.632497	 96.621974	  96.61162	 96.601435	 96.591417	 96.581566	 96.571881	 96.562361	 96.553004	 96.543809	 96.534776	 96.525903	 96.517189	 96.508634	 96.500235	 96.491991	 96.483903	 96.475967	 96.468184	 96.460552	  96.45307	 96.445736	  96.43855	  96.43151	 96.424616	 96.417865	 96.411257	 96.404791	 96.398465	 96.392278	  96.38623	 96.380318	 96.374542	 96.368901	 96.363393	 96.358018	 96.352774	  96.34766	 96.342675	 96.337818	 96.333088	 96.328484	 96.324005	 96.319649	 96.315417	 96.311306	 96.307316	 96.303446	 96.299694	 96.296061	 96.292545	 96.289145	 96.285861	 96.282691	 96.279634	 96.276691	  96.27386	  96.27114	 96.268531	 96.266032	 96.263643	 96.261362	 96.259188	 96.257123	 96.255164	 96.253312	 96.251565	 96.249924	 96.248388	 96.246956	 96.245628	 96.244404	 96.243282	 96.242264	 96.241349	 96.240536	 96.239825	 96.239216	 96.238709	 96.238303	 96.237999	 96.237796	 96.237695	
        99	  98.96695	 98.933904	 98.900866	 98.867842	 98.834835	  98.80185	 98.768891	 98.735962	 98.703068	 98.670213	 98.637401	 98.604637	 98.571924	 98.539267	 98.506671	 98.474139	 98.441675	 98.409284	 98.376969	 98.344736	 98.312587	 98.280527	 98.248559	 98.216689	 98.184919	 98.153253	 98.121696	 98.090251	 98.058921	 98.027711	 97.996625	 97.965664	 97.934835	 97.904139	  97.87358	 97.843161	 97.812887	  97.78276	 97.752784	 97.722961	 97.693295	 97.663789	 97.634446	 97.605269	  97.57626	 97.547424	 97.518761	 97.490276	 97.461971	 97.433848	 97.405909	 97.378159	 97.350598	 97.323229	 97.296054	 97.269076	 97.242297	 97.215719	 97.189343	 97.163172	 97.137208	 97.111452	 97.085907	 97.060573	 97.035452	 97.010547	 96.985858	 96.961387	 96.937135	 96.913103	 96.889293	 96.865706	 96.842342	 96.819204	 96.796291	 96.773605	 96.751146	 96.728916	 96.706914	 96.685142	   96.6636	 96.642288	 96.621208	 96.600358	  96.57974	 96.559354	 96.539201	 96.519279	 96.499589	 96.480132	 96.460907	 96.441914	 96.423153	 96.404623	 96.386325	 96.368259	 96.350423	 96.332817	 96.315442	 96.298295	 96.281378	 96.264689	 96.248227	 96.231993	 96.215984	 96.200201	 96.184643	 96.169308	 96.154197	 96.139307	 96.124638	 96.110189	 96.095959	 96.081947	 96.068151	 96.054571	 96.041206	 96.028054	 96.015114	 96.002385	 95.989866	 95.977555	 95.965451	 95.953553	 95.941859	 95.930368	 95.919079	  95.90799	 95.897099	 95.886407	  95.87591	 95.865608	 95.855499	 95.845582	 95.835855	 95.826317	 95.816966	 95.807801	  95.79882	 95.790022	 95.781405	 95.772968	  95.76471	 95.756629	 95.748723	 95.740991	 95.733432	 95.726044	 95.718826	 95.711775	 95.704892	 95.698174	  95.69162	 95.685229	    95.679	  95.67293	 95.667018	 95.661264	 95.655666	 95.650223	 95.644933	 95.639796	 95.634809	 95.629972	 95.625284	 95.620744	 95.616349	   95.6121	 95.607996	 95.604034	 95.600214	 95.596536	 95.592998	 95.589599	 95.586338	 95.583215	 95.580228	 95.577378	 95.574662	 95.572081	 95.569633	 95.567318	 95.565135	 95.563084	 95.561164	 95.559374	 95.557715	 95.556184	 95.554783	 95.553511	 95.552367	 95.551351	 95.550462	 95.549701	 95.549067	 95.548561	  95.54818	 95.547927	 95.547801	
        99	 98.960349	 98.920703	 98.881068	 98.841449	  98.80185	 98.762277	 98.722736	 98.683231	 98.643768	 98.604351	 98.564986	 98.525678	 98.486433	 98.447254	 98.408148	 98.369119	 98.330171	 98.291311	 98.252544	 98.213872	 98.175303	  98.13684	 98.098489	 98.060253	 98.022139	 97.984149	  97.94629	 97.908564	 97.870978	 97.833535	  97.79624	 97.759097	  97.72211	 97.685284	 97.648622	 97.612129	 97.575808	 97.539665	 97.503702	 97.467923	 97.432332	 97.396934	 97.361731	 97.326726	 97.291925	 97.257329	 97.222942	 97.188768	  97.15481	 97.121071	 97.087553	  97.05426	 97.021195	  96.98836	 96.955759	 96.923393	 96.891266	 96.859379	 96.827736	 96.796339	 96.765189	 96.734289	 96.703642	 96.673249	 96.643112	 96.613232	 96.583613	 96.554254	 96.525159	 96.496328	 96.467763	 96.439465	 96.411436	 96.383676	 96.356187	 96.328971	 96.302027	 96.275357	 96.248961	 96.222841	 96.196996	 96.171429	 96.146138	 96.121125	 96.096389	 96.071932	 96.047753	 96.023853	 96.000231	 95.976888	 95.953823	 95.931037	 95.908529	 95.886299	 95.864347	 95.842672	 95.821274	 95.800153	 95.779307	 95.758737	 95.738441	 95.718419	  95.69867	 95.679193	 95.659987	 95.641052	 95.622387	  95.60399	  95.58586	 95.567996	 95.550398	 95.533063	 95.515991	 95.499181	  95.48263	 95.466338	 95.450304	 95.434525	 95.419001	  95.40373	 95.388711	 95.373941	  95.35942	 95.345145	 95.331116	  95.31733	 95.303786	 95.290483	 95.277418	  95.26459	 95.251997	 95.239637	 95.227509	 95.215612	 95.203942	 95.192499	  95.18128	 95.170285	  95.15951	 95.148955	 95.138618	 95.128496	 95.118589	 95.108894	 95.099409	 95.090133	 95.081064	 95.072201	 95.063541	 95.055083	 95.046825	 95.038765	 95.030902	 95.023235	 95.015761	 95.008479	 95.001387	 94.994484	 94.987768	 94.981238	 94.974891	 94.968728	 94.962745	 94.956943	 94.951318	 94.945871	 94.940599	 94.935501	 94.930577	 94.925824	 94.921242	 94.916829	 94.912584	 94.908506	 94.904594	 94.900847	 94.897264	 94.893844	 94.890586	 94.887489	 94.884552	 94.881775	 94.879156	 94.876696	 94.874392	 94.872245	 94.870254	 94.868418	 94.866738	 94.865211	 94.863838	 94.862619	 94.861553	  94.86064	  94.85988	 94.859272	 94.858816	 94.858512	  94.85836	
        99	 98.953754	 98.907514	 98.861286	 98.815076	 98.768891	 98.722736	 98.676617	 98.630541	 98.584514	 98.538541	 98.492629	 98.446783	 98.401009	 98.355314	 98.309703	 98.264181	 98.218756	 98.173432	 98.128216	 98.083113	 98.038128	 97.993268	 97.948537	 97.903942	 97.859487	 97.815179	 97.771022	 97.727021	 97.683183	 97.639512	 97.596014	 97.552692	 97.509553	 97.466601	 97.423841	 97.381278	 97.338917	 97.296761	 97.254816	 97.213086	 97.171576	 97.130289	  97.08923	 97.048404	 97.007814	 96.967463	 96.927357	 96.887499	 96.847892	 96.808541	 96.769448	 96.730617	 96.692052	 96.653756	 96.615731	 96.577982	 96.540511	 96.503321	 96.466415	 96.429795	 96.393464	 96.357425	 96.321679	 96.286231	 96.251081	 96.216231	 96.181685	 96.147443	 96.113508	 96.079882	 96.046565	 96.013561	 95.980869	 95.948492	 95.916431	 95.884687	 95.853262	 95.822155	 95.791369	 95.760904	 95.730761	 95.700941	 95.671443	 95.642269	  95.61342	 95.584894	 95.556694	 95.528818	 95.501267	 95.474041	  95.44714	 95.420564	 95.394312	 95.368385	 95.342781	 95.317501	 95.292544	 95.267909	 95.243596	 95.219604	 95.195932	  95.17258	 95.149546	 95.126829	 95.104429	 95.082345	 95.060575	 95.039117	 95.017972	 94.997137	 94.976611	 94.956393	 94.936482	 94.916875	 94.897572	  94.87857	 94.859868	 94.841465	 94.823359	 94.805548	  94.78803	 94.770804	 94.753867	 94.737218	 94.720855	 94.704777	  94.68898	 94.673464	 94.658225	 94.643264	 94.628576	 94.614161	 94.600016	 94.586139	 94.572528	 94.559182	 94.546097	 94.533273	 94.520706	 94.508395	 94.496339	 94.484533	 94.472978	  94.46167	 94.450608	 94.439789	 94.429212	 94.418874	 94.408773	 94.398908	 94.389277	 94.379877	 94.370706	 94.361763	 94.353046	 94.344553	 94.336281	  94.32823	 94.320397	  94.31278	 94.305379	  94.29819	 94.291212	 94.284444	 94.277884	 94.271531	 94.265382	 94.259437	 94.253693	  94.24815	 94.242805	 94.237658	 94.232707	 94.227951	 94.223389	 94.219018	 94.214839	  94.21085	  94.20705	 94.203438	 94.200013	 94.196774	  94.19372	  94.19085	 94.188163	 94.185659	 94.183336	 94.181195	 94.179235	 94.177455	 94.175854	 94.174432	 94.173189	 94.172124	 94.171237	 94.170528	 94.169996	 94.169641	 94.169464	
        99	 98.947165	 98.894336	 98.841522	 98.788728	 98.735962	 98.683231	 98.630541	   98.5779	 98.525315	 98.472792	 98.420338	 98.367959	 98.315664	 98.263458	 98.211348	 98.159341	 98.107443	 98.055662	 98.004003	 97.952473	 97.901079	 97.849827	 97.798723	 97.747774	 97.696985	 97.646364	 97.595915	 97.545646	 97.495562	 97.445668	 97.395972	 97.346478	 97.297192	 97.248121	 97.199268	 97.150641	 97.102243	 97.054081	  97.00616	 96.958484	 96.911059	  96.86389	 96.816981	 96.770338	 96.723964	 96.677865	 96.632044	 96.586507	 96.541257	 96.496298	 96.451636	 96.407272	 96.363213	  96.31946	 96.276018	  96.23289	  96.19008	 96.147591	 96.105426	 96.063588	 96.022081	 95.980907	 95.940069	 95.899569	 95.859411	 95.819596	 95.780128	 95.741007	 95.702237	 95.663819	 95.625756	 95.588049	 95.550699	 95.513709	  95.47708	 95.440813	  95.40491	 95.369372	 95.334199	 95.299394	 95.264956	 95.230886	 95.197186	 95.163855	 95.130895	 95.098306	 95.066087	 95.034239	 95.002763	 94.971658	 94.940924	 94.910561	 94.880569	 94.850948	 94.821696	 94.792814	 94.764301	 94.736156	 94.708379	 94.680968	 94.653924	 94.627244	 94.600928	 94.574975	 94.549383	 94.524152	  94.49928	 94.474765	 94.450607	 94.426804	 94.403354	 94.380255	 94.357506	 94.335106	 94.313052	 94.291343	 94.269977	 94.248952	 94.228266	 94.207917	 94.187903	 94.168222	 94.148872	 94.129851	 94.111157	 94.092787	  94.07474	 94.057013	 94.039604	  94.02251	  94.00573	  93.98926	   93.9731	 93.957246	 93.941696	 93.926448	 93.911499	 93.896847	  93.88249	 93.868426	 93.854651	 93.841164	 93.827962	 93.815043	 93.802404	 93.790044	 93.777959	 93.766149	 93.754609	 93.743339	 93.732335	 93.721595	 93.711118	 93.700901	 93.690942	 93.681238	 93.671788	  93.66259	 93.653641	 93.644939	 93.636483	 93.628269	 93.620298	 93.612566	 93.605071	 93.597812	 93.590787	 93.583995	 93.577433	   93.5711	 93.564994	 93.559113	 93.553457	 93.548023	 93.542811	 93.537818	 93.533043	 93.528486	 93.524145	 93.520018	 93.516105	 93.512404	 93.508914	 93.505635	 93.502566	 93.499705	 93.497052	 93.494606	 93.492366	 93.490332	 93.488503	 93.486879	 93.485458	 93.484242	 93.483228	 93.482418	  93.48181	 93.481405	 93.481203	
        99	 98.940582	 98.881172	 98.821778	 98.762407	 98.703068	 98.643768	 98.584514	 98.525315	 98.466178	 98.407112	 98.348123	 98.289219	 98.230409	 98.171699	 98.113097	 98.054611	 97.996248	 97.938016	 97.879921	 97.821972	 97.764175	 97.706537	 97.649067	  97.59177	 97.534654	 97.477726	 97.420993	 97.364461	 97.308137	 97.252028	 97.196141	 97.140481	 97.085055	  97.02987	 96.974932	 96.920246	 96.865819	 96.811657	 96.757766	 96.704151	 96.650817	 96.597772	 96.545019	 96.492565	 96.440414	 96.388571	 96.337042	 96.285832	 96.234945	 96.184385	 96.134158	 96.084268	 96.034719	 95.985516	 95.936662	 95.888161	 95.840018	 95.792235	 95.744817	 95.697768	 95.651089	 95.604786	  95.55886	 95.513315	 95.468154	 95.423379	 95.378993	 95.334999	 95.291399	 95.248195	  95.20539	 95.162985	 95.120982	 95.079384	 95.038192	 94.997407	 94.957031	 94.917065	 94.877511	 94.838369	 94.799641	 94.761327	 94.723428	 94.685945	 94.648879	 94.612229	 94.575997	 94.540181	 94.504784	 94.469804	 94.435241	 94.401095	 94.367367	 94.334055	 94.301159	 94.268679	 94.236614	 94.204963	 94.173725	   94.1429	 94.112486	 94.082482	 94.052888	 94.023701	 93.994922	 93.966547	 93.938576	 93.911008	  93.88384	 93.857071	 93.830699	 93.804723	  93.77914	 93.753949	 93.729148	 93.704735	 93.680707	 93.657062	 93.633799	 93.610915	 93.588408	 93.566275	 93.544515	 93.523124	 93.502101	 93.481443	 93.461147	 93.441211	 93.421633	  93.40241	 93.383539	 93.365018	 93.346844	 93.329015	 93.311528	  93.29438	 93.277569	 93.261092	 93.244947	  93.22913	 93.213639	 93.198471	 93.183625	 93.169096	 93.154883	 93.140983	 93.127393	 93.114111	 93.101134	 93.088459	 93.076084	 93.064007	 93.052225	 93.040735	 93.029535	 93.018622	 93.007995	 92.997651	 92.987587	 92.977801	 92.968291	 92.959055	  92.95009	 92.941394	 92.932966	 92.924803	 92.916903	 92.909264	 92.901885	 92.894762	 92.887896	 92.881283	 92.874922	 92.868811	 92.862949	 92.857334	 92.851965	  92.84684	 92.841958	 92.837317	 92.832916	 92.828754	  92.82483	 92.821143	 92.817691	 92.814473	  92.81149	 92.808739	  92.80622	 92.803933	 92.801876	 92.800049	 92.798452	 92.797084	 92.795944	 92.795033	  92.79435	 92.793894	 92.793667	
        99	 98.934008	 98.868024	 98.802058	 98.736118	 98.670213	 98.604351	 98.538541	 98.472792	 98.407112	 98.341509	 98.275993	 98.210572	 98.145255	 98.080048	 98.014963	 97.950005	 97.885184	 97.820508	 97.755986	 97.691624	 97.627432	 97.563418	 97.499588	 97.435952	 97.372516	 97.309289	 97.246278	 97.183491	 97.120935	 97.058618	 96.996546	 96.934728	 96.873169	 96.811878	 96.750861	 96.690124	 96.629675	  96.56952	 96.509666	 96.450118	 96.390884	 96.331969	 96.273379	  96.21512	 96.157199	  96.09962	  96.04239	 95.985513	 95.928995	 95.872841	 95.817057	 95.761647	 95.706615	 95.651967	 95.597708	  95.54384	  95.49037	   95.4373	 95.384636	  95.33238	 95.280537	  95.22911	 95.178103	 95.127518	  95.07736	 95.027631	 94.978334	 94.929472	 94.881047	 94.833063	 94.785521	 94.738425	 94.691775	 94.645574	 94.599823	 94.554526	 94.509682	 94.465294	 94.421363	  94.37789	 94.334877	 94.292324	 94.250231	 94.208601	 94.167433	 94.126728	 94.086487	 94.046709	 94.007394	 93.968544	 93.930157	 93.892233	 93.854772	 93.817775	 93.781239	 93.745165	 93.709552	 93.674398	 93.639704	 93.605468	 93.571689	 93.538366	 93.505497	 93.473081	 93.441117	 93.409603	 93.378537	 93.347918	 93.317744	 93.288013	 93.258723	 93.229873	  93.20146	 93.173481	 93.145936	 93.118821	 93.092134	 93.065874	 93.040036	  93.01462	 92.989623	 92.965041	 92.940873	 92.917115	 92.893766	 92.870822	  92.84828	 92.826139	 92.804395	 92.783044	 92.762086	 92.741515	 92.721331	 92.701529	 92.682107	 92.663061	  92.64439	  92.62609	 92.608158	 92.590591	 92.573386	  92.55654	 92.540051	 92.523915	 92.508129	 92.492691	 92.477597	 92.462846	 92.448432	 92.434355	 92.420611	 92.407198	 92.394112	  92.38135	 92.368911	 92.356791	 92.344988	 92.333499	 92.322322	 92.311453	 92.300891	 92.290632	 92.280676	 92.271018	 92.261657	 92.252591	 92.243817	 92.235333	 92.227137	 92.219226	   92.2116	 92.204255	  92.19719	 92.190404	 92.183893	 92.177657	 92.171694	 92.166002	 92.160579	 92.155425	 92.150537	 92.145915	 92.141556	 92.137461	 92.133627	 92.130054	  92.12674	 92.123685	 92.120887	 92.118347	 92.116062	 92.114033	 92.112259	  92.11074	 92.109474	 92.108462	 92.107703	 92.107197	 92.106944	
        99	 98.927442	 98.854894	 98.782364	 98.709864	 98.637401	 98.564986	 98.492629	 98.420338	 98.348123	 98.275993	 98.203959	 98.132029	 98.060212	 97.988519	 97.916957	 97.845537	 97.774267	 97.703156	 97.632214	 97.561449	  97.49087	 97.420486	 97.350306	 97.280338	 97.210591	 97.141073	 97.071793	 97.002759	 96.933979	 96.865462	 96.797214	 96.729245	 96.661562	 96.594173	 96.527084	 96.460305	 96.393842	 96.327702	 96.261892	  96.19642	 96.131292	 96.066515	 96.002096	 95.938041	 95.874357	  95.81105	 95.748125	 95.685589	 95.623448	 95.561708	 95.500373	 95.439449	 95.378943	 95.318858	 95.259199	 95.199973	 95.141182	 95.082833	 95.024928	 94.967474	 94.910472	 94.853929	 94.797846	 94.742229	  94.68708	 94.632403	 94.578202	 94.524478	 94.471236	 94.418478	 94.366206	 94.314423	 94.263132	 94.212334	 94.162032	 94.112227	 94.062922	 94.014118	 93.965816	 93.918018	 93.870725	 93.823938	 93.777657	 93.731885	 93.686621	 93.641867	 93.597621	 93.553885	 93.510659	 93.467943	 93.425737	  93.38404	 93.342853	 93.302174	 93.262003	  93.22234	 93.183183	 93.144532	 93.106386	 93.068744	 93.031604	 92.994965	 92.958826	 92.923185	 92.888041	 92.853391	 92.819234	 92.785569	 92.752393	 92.719704	   92.6875	 92.655779	 92.624539	 92.593777	 92.563491	 92.533678	 92.504336	 92.475463	 92.447055	  92.41911	 92.391625	 92.364598	 92.338025	 92.311904	 92.286232	 92.261005	 92.236221	 92.211876	 92.187968	 92.164494	  92.14145	 92.118833	  92.09664	 92.074868	 92.053514	 92.032573	 92.012045	 91.991924	 91.972207	 91.952892	 91.933976	 91.915454	 91.897324	 91.879583	 91.862226	 91.845252	 91.828657	 91.812437	  91.79659	 91.781112	 91.766001	 91.751253	 91.736865	 91.722834	 91.709157	 91.695831	 91.682854	 91.670222	 91.657932	 91.645982	 91.634369	  91.62309	 91.612143	 91.601524	 91.591232	 91.581264	 91.571616	 91.562288	 91.553277	 91.544579	 91.536194	 91.528119	 91.520351	 91.512889	 91.505731	 91.498874	 91.492317	 91.486059	 91.480097	  91.47443	 91.469056	 91.463974	 91.459182	 91.454679	 91.450463	 91.446534	 91.442891	 91.439532	 91.436456	 91.433663	 91.431151	  91.42892	  91.42697	 91.425299	 91.423907	 91.422794	  91.42196	 91.421404	 91.421126	
        99	 98.920886	 98.841782	 98.762699	 98.683647	 98.604637	 98.525678	 98.446783	 98.367959	 98.289219	 98.210572	 98.132029	 98.053599	 97.975293	 97.897121	 97.819094	  97.74122	  97.66351	 97.585973	 97.508621	 97.431461	 97.354505	 97.277761	  97.20124	  97.12495	   97.0489	 96.973101	 96.897561	 96.822289	 96.747294	 96.672585	 96.598171	  96.52406	 96.450261	 96.376783	 96.303632	 96.230819	  96.15835	 96.086233	 96.014477	 95.943089	 95.872076	 95.801446	 95.731206	 95.661363	 95.591925	 95.522897	 95.454286	   95.3861	 95.318344	 95.251024	 95.184147	 95.117719	 95.051745	  94.98623	 94.921181	 94.856603	   94.7925	 94.728878	 94.665742	 94.603095	 94.540943	  94.47929	  94.41814	 94.357498	 94.297366	 94.237748	 94.178649	 94.120071	 94.062018	 94.004492	 93.947497	 93.891035	 93.835109	 93.779721	 93.724874	 93.670569	 93.616808	 93.563594	 93.510928	 93.458811	 93.407244	 93.356229	 93.305768	 93.255859	 93.206505	 93.157707	 93.109463	 93.061776	 93.014644	 92.968068	 92.922048	 92.876583	 92.831674	 92.787319	 92.743519	 92.700272	 92.657577	 92.615434	 92.573841	 92.532797	 92.492301	 92.452351	 92.412947	 92.374085	 92.335765	 92.297984	 92.260742	 92.224034	  92.18786	 92.152218	 92.117104	 92.082517	 92.048454	 92.014912	 91.981889	 91.949383	  91.91739	 91.885907	 91.854932	 91.824462	 91.794494	 91.765024	  91.73605	 91.707569	 91.679577	  91.65207	 91.625047	 91.598503	 91.572434	 91.546839	 91.521713	 91.497052	 91.472854	 91.449114	  91.42583	 91.402998	 91.380614	 91.358675	 91.337177	 91.316117	 91.295491	 91.275296	 91.255528	 91.236183	 91.217258	  91.19875	 91.180656	  91.16297	 91.145691	 91.128815	 91.112338	 91.096257	 91.080569	  91.06527	 91.050358	 91.035828	 91.021678	 91.007904	 90.994504	 90.981474	 90.968812	 90.956514	 90.944577	 90.932999	 90.921777	 90.910908	 90.900389	 90.890218	 90.880392	 90.870909	 90.861766	 90.852961	 90.844491	 90.836355	  90.82855	 90.821074	 90.813925	 90.807101	   90.8006	 90.794421	 90.788561	  90.78302	 90.777795	 90.772885	 90.768289	 90.764005	 90.760032	 90.756369	 90.753016	  90.74997	 90.747231	 90.744799	 90.742672	  90.74085	 90.739333	 90.738119	  90.73721	 90.736603	   90.7363	
        99	  98.91434	 98.828691	 98.743064	 98.657472	 98.571924	 98.486433	 98.401009	 98.315664	 98.230409	 98.145255	 98.060212	 97.975293	 97.890508	 97.805869	 97.721385	 97.637067	 97.552927	 97.468976	 97.385223	  97.30168	 97.218356	 97.135262	 97.052409	 96.969807	 96.887465	 96.805394	 96.723603	 96.642103	 96.560903	 96.480013	 96.399442	 96.319199	 96.239294	 96.159736	 96.080533	 96.001695	  95.92323	 95.845146	 95.767453	 95.690158	 95.613269	 95.536796	 95.460744	 95.385122	 95.309938	 95.235199	 95.160911	 95.087083	 95.013721	 94.940831	 94.868421	 94.796496	 94.725063	 94.654128	 94.583697	 94.513775	 94.444369	 94.375483	 94.307122	 94.239292	 94.171998	 94.105244	 94.039034	 93.973374	 93.908266	 93.843716	 93.779727	 93.716302	 93.653445	  93.59116	 93.529449	 93.468316	 93.407762	 93.347792	 93.288406	 93.229608	 93.171399	 93.113782	 93.056758	 93.000329	 92.944496	  92.88926	 92.834623	 92.780585	 92.727148	 92.674311	 92.622076	 92.570443	 92.519411	 92.468982	 92.419154	 92.369927	 92.321302	 92.273278	 92.225853	 92.179028	   92.1328	  92.08717	 92.042136	 91.997696	 91.953849	 91.910594	 91.867929	 91.825852	 91.784362	 91.743455	 91.703131	 91.663386	 91.624219	 91.585627	 91.547608	 91.510159	 91.473278	 91.436961	 91.401206	  91.36601	 91.331369	 91.297282	 91.263744	 91.230753	 91.198305	 91.166398	 91.135026	 91.104188	  91.07388	 91.044098	 91.014838	 90.986098	 90.957872	 90.930159	 90.902954	 90.876253	 90.850052	 90.824349	 90.799138	 90.774417	 90.750181	 90.726427	  90.70315	 90.680347	 90.658015	 90.636148	 90.614745	 90.593799	 90.573309	  90.55327	 90.533678	 90.514529	  90.49582	 90.477548	 90.459708	 90.442296	  90.42531	 90.408745	 90.392599	 90.376867	 90.361546	 90.346633	 90.332124	 90.318016	 90.304306	  90.29099	 90.278066	  90.26553	 90.253379	 90.241611	 90.230222	 90.219209	  90.20857	 90.198302	 90.188403	 90.178869	 90.169699	 90.160889	 90.152438	 90.144344	 90.136603	 90.129215	 90.122176	 90.115485	 90.109141	 90.103141	 90.097484	 90.092167	 90.087191	 90.082553	 90.078251	 90.074285	 90.070654	 90.067356	 90.064391	 90.061758	 90.059455	 90.057482	 90.055839	 90.054526	 90.053541	 90.052884	 90.052556	
        99	 98.907805	 98.815622	 98.723463	 98.631341	 98.539267	 98.447254	 98.355314	 98.263458	 98.171699	 98.080048	 97.988519	 97.897121	 97.805869	 97.714772	 97.623843	 97.533093	 97.442534	 97.352178	 97.262036	  97.17212	 97.082439	 96.993007	 96.903833	 96.814929	 96.726306	 96.637974	 96.549944	 96.462226	 96.374832	 96.287771	 96.201053	 96.114689	 96.028688	  95.94306	 95.857815	 95.772963	 95.688512	 95.604471	 95.520851	  95.43766	 95.354906	 95.272598	 95.190744	 95.109354	 95.028434	 94.947993	 94.868038	 94.788578	 94.709619	 94.631169	 94.553235	 94.475823	 94.398941	 94.322594	  94.24679	 94.171534	 94.096833	 94.022692	 93.949116	 93.876112	 93.803684	 93.731837	 93.660576	 93.589907	 93.519833	 93.450358	 93.381487	 93.313224	 93.245572	 93.178535	 93.112117	 93.046319	 92.981147	 92.916601	 92.852685	 92.789401	 92.726752	  92.66474	 92.603365	 92.542631	 92.482539	 92.423089	 92.364284	 92.306124	  92.24861	 92.191743	 92.135523	  92.07995	 92.025026	 91.970749	  91.91712	 91.864138	 91.811804	 91.760115	 91.709073	 91.658675	 91.608921	  91.55981	  91.51134	  91.46351	 91.416319	 91.369764	 91.323844	 91.278557	 91.233901	 91.189874	 91.146474	 91.103697	 91.061542	 91.020006	 90.979087	 90.938781	 90.899086	 90.859998	 90.821516	 90.783635	 90.746352	 90.709664	 90.673568	  90.63806	 90.603137	 90.568795	  90.53503	 90.501839	 90.469219	 90.437165	 90.405673	  90.37474	 90.344362	 90.314534	 90.285253	 90.256516	 90.228316	 90.200652	 90.173518	 90.146911	 90.120826	  90.09526	 90.070207	 90.045665	 90.021629	 89.998094	 89.975058	 89.952515	 89.930461	 89.908893	 89.887806	 89.867197	 89.847061	 89.827394	 89.808193	 89.789454	 89.771172	 89.753343	 89.735965	 89.719033	 89.702543	 89.686492	 89.670876	 89.655692	 89.640936	 89.626605	 89.612695	 89.599202	 89.586125	 89.573459	 89.561201	 89.549348	 89.537897	 89.526846	 89.516192	 89.505931	 89.496061	 89.486579	 89.477483	 89.468771	  89.46044	 89.452488	 89.444912	 89.437711	 89.430883	 89.424425	 89.418336	 89.412615	 89.407258	 89.402266	 89.397637	 89.393368	  89.38946	 89.385911	 89.382719	 89.379885	 89.377406	 89.375283	 89.373515	 89.372101	 89.371041	 89.370335	 89.369981	
        99	 98.901282	 98.802577	 98.703899	 98.605259	 98.506671	 98.408148	 98.309703	 98.211348	 98.113097	 98.014963	 97.916957	 97.819094	 97.721385	 97.623843	  97.52648	  97.42931	 97.332345	 97.235596	 97.139077	 97.042798	 96.946773	 96.851013	 96.755531	 96.660337	 96.565443	 96.470862	 96.376604	  96.28268	 96.189103	 96.095882	 96.003029	 95.910555	 95.818469	 95.726784	 95.635508	 95.544652	 95.454226	  95.36424	 95.274704	 95.185626	 95.097018	 95.008886	 94.921242	 94.834093	 94.747448	 94.661316	 94.575705	 94.490623	 94.406077	 94.322077	 94.238629	  94.15574	 94.073419	 93.991671	 93.910504	 93.829924	 93.749937	  93.67055	 93.591769	   93.5136	 93.436048	 93.359118	 93.282816	 93.207146	 93.132114	 93.057725	 92.983981	 92.910888	  92.83845	 92.766671	 92.695553	 92.625101	 92.555317	 92.486205	 92.417767	 92.350006	 92.282924	 92.216524	 92.150808	 92.085777	 92.021433	 91.957777	 91.894811	 91.832537	 91.770954	 91.710063	 91.649865	 91.590361	 91.531551	 91.473434	 91.416011	 91.359281	 91.303244	 91.247898	 91.193245	 91.139281	 91.086008	 91.033422	 90.981523	 90.930309	 90.879779	  90.82993	 90.780761	  90.73227	 90.684455	 90.637313	 90.590842	 90.545039	 90.499902	 90.455427	 90.411613	 90.368455	 90.325952	 90.284099	 90.242893	 90.202332	 90.162412	 90.123128	 90.084478	 90.046458	 90.009064	 89.972292	 89.936139	   89.9006	 89.865672	  89.83135	  89.79763	 89.764509	 89.731981	 89.700043	 89.668691	  89.63792	 89.607726	 89.578104	  89.54905	 89.520561	  89.49263	 89.465255	  89.43843	 89.412152	 89.386415	 89.361215	 89.336549	 89.312411	 89.288797	 89.265703	 89.243125	 89.221057	 89.199497	 89.178439	 89.157879	 89.137814	 89.118238	 89.099149	 89.080541	 89.062411	 89.044754	 89.027568	 89.010847	 88.994589	 88.978789	 88.963443	 88.948549	 88.934102	 88.920099	 88.906537	 88.893412	 88.880721	  88.86846	 88.856627	 88.845218	 88.834231	 88.823663	 88.813511	 88.803772	 88.794443	 88.785523	 88.777008	 88.768896	 88.761186	 88.753874	  88.74696	  88.74044	 88.734314	 88.728578	 88.723233	 88.718276	 88.713706	 88.709521	  88.70572	 88.702303	 88.699268	 88.696614	 88.694341	 88.692448	 88.690934	 88.689799	 88.689042	 88.688664	
        99	 98.894772	 98.789558	 98.684372	 98.579228	 98.474139	 98.369119	 98.264181	 98.159341	 98.054611	 97.950005	 97.845537	  97.74122	 97.637067	 97.533093	  97.42931	 97.325732	 97.222373	 97.119244	 97.016359	 96.913732	 96.811375	   96.7093	 96.607521	 96.506049	 96.404898	  96.30408	 96.203606	 96.103489	 96.003741	 95.904373	 95.805396	 95.706824	 95.608666	 95.510934	 95.413639	 95.316792	 95.220403	 95.124483	 95.029042	 94.934091	 94.839639	 94.745696	 94.652271	 94.559376	 94.467017	 94.375205	 94.283948	 94.193255	 94.103135	 94.013595	 93.924644	  93.83629	 93.748539	 93.661401	 93.574881	 93.488987	 93.403726	 93.319104	 93.235128	 93.151804	 93.069137	 92.987134	 92.905801	 92.825141	 92.745161	 92.665866	  92.58726	 92.509347	 92.432132	 92.355619	 92.279811	 92.204713	 92.130327	 92.056658	 91.983707	 91.911477	 91.839972	 91.769193	 91.699143	 91.629824	 91.561237	 91.493383	 91.426266	 91.359884	  91.29424	 91.229334	 91.165167	 91.101739	  91.03905	 90.977101	 90.915891	  90.85542	 90.795687	 90.736692	 90.678435	 90.620913	 90.564126	 90.508072	 90.452751	 90.398159	 90.344297	 90.291161	  90.23875	 90.187062	 90.136093	 90.085842	 90.036307	 89.987483	 89.939369	 89.891962	 89.845258	 89.799255	 89.753948	 89.709336	 89.665413	 89.622177	 89.579624	  89.53775	 89.496551	 89.456024	 89.416164	 89.376968	  89.33843	 89.300548	 89.263316	 89.226731	 89.190787	 89.155482	 89.120809	 89.086765	 89.053345	 89.020545	  88.98836	 88.956785	 88.925815	 88.895447	 88.865675	 88.836494	   88.8079	 88.779889	 88.752455	 88.725594	   88.6993	 88.673571	   88.6484	 88.623783	 88.599715	 88.576193	  88.55321	 88.530764	 88.508848	  88.48746	 88.466593	 88.446245	  88.42641	 88.407084	 88.388264	 88.369944	 88.352121	  88.33479	 88.317948	 88.301591	 88.285714	 88.270315	 88.255388	 88.240932	 88.226941	 88.213413	 88.200344	  88.18773	  88.17557	 88.163858	 88.152593	 88.141771	  88.13139	 88.121446	 88.111937	 88.102861	 88.094214	 88.085995	 88.078202	 88.070831	 88.063882	 88.057351	 88.051238	  88.04554	 88.040256	 88.035384	 88.030924	 88.026872	  88.02323	 88.019995	 88.017166	 88.014743	 88.012725	 88.011111	 88.009901	 88.009094	 88.008691	
        99	 98.888276	 98.776567	 98.664887	 98.553252	 98.441675	 98.330171	 98.218756	 98.107443	 97.996248	 97.885184	 97.774267	  97.66351	 97.552927	 97.442534	 97.332345	 97.222373	 97.112632	 97.003137	 96.893901	 96.784938	 96.676261	 96.567885	 96.459823	 96.352087	 96.244691	 96.137649	 96.030972	 95.924675	 95.818768	 95.713266	  95.60818	 95.503522	 95.399304	 95.295539	 95.192237	 95.089411	 94.987072	  94.88523	 94.783897	 94.683084	 94.582801	 94.483059	 94.383867	 94.285236	 94.187176	 94.089696	 93.992806	 93.896514	  93.80083	 93.705763	  93.61132	 93.517511	 93.424344	 93.331826	 93.239965	 93.148768	 93.058244	 92.968398	 92.879237	 92.790769	 92.702999	 92.615934	 92.529579	  92.44394	 92.359023	 92.274832	 92.191373	 92.108651	 92.026669	 91.945432	 91.864945	  91.78521	 91.706232	 91.628015	  91.55056	 91.473872	 91.397952	 91.322804	 91.248429	 91.174831	 91.102009	 91.029967	 90.958706	 90.888226	  90.81853	 90.749617	 90.681488	 90.614145	 90.547586	 90.481812	 90.416823	 90.352619	 90.289199	 90.226562	 90.164708	 90.103635	 90.043342	 89.983828	 89.925092	  89.86713	 89.809943	 89.753527	  89.69788	    89.643	 89.588885	 89.535532	 89.482939	 89.431101	 89.380017	 89.329683	 89.280096	 89.231253	 89.183149	 89.135782	 89.089148	 89.043243	 88.998063	 88.953604	 88.909862	 88.866833	 88.824512	 88.782896	 88.741979	 88.701758	 88.662228	 88.623384	 88.585222	 88.547737	 88.510923	 88.474778	 88.439295	  88.40447	 88.370297	 88.336773	 88.303892	 88.271649	 88.240038	 88.209056	 88.178697	 88.148957	 88.119829	  88.09131	 88.063393	 88.036075	  88.00935	 87.983214	  87.95766	 87.932686	 87.908284	 87.884452	 87.861184	 87.838475	  87.81632	 87.794715	 87.773656	 87.753137	 87.733155	 87.713704	  87.69478	  87.67638	 87.658498	 87.641131	 87.624275	 87.607924	 87.592077	 87.576727	 87.561873	  87.54751	 87.533634	 87.520242	  87.50733	 87.494896	 87.482935	 87.471445	 87.460423	 87.449865	  87.43977	 87.430133	 87.420953	 87.412226	 87.403951	 87.396126	 87.388747	 87.381814	 87.375323	 87.369273	 87.363663	 87.358491	 87.353755	 87.349453	 87.345586	 87.342151	 87.339148	 87.336575	 87.334432	 87.332719	 87.331434	 87.330578	  87.33015	
