Time step 18:
        99	        99	        99	        99	        99	        99	        99	        99	        99	        99	        99	        99	        99	        99	        99	        99	        99	        99	        99	        99	        99	        99	        99	        99	        99	        99	        99	        99	        99	        99	        99	        99	        99	        99	        99	        99	        99	        99	        99	        99	        99	        99	        99	        99	        99	        99	        99	        99	        99	        99	        99	        99	        99	        99	        99	        99	        99	        99	        99	        99	        99	        99	        99	        99	        99	        99	        99	        99	        99	        99	        99	        99	        99	        99	        99	        99	        99	        99	        99	        99	        99	        99	        99	        99	        99	        99	        99	        99	        99	        99	        99	        99	        99	        99	        99	        99	        99	        99	        99	        99	        99	        99	        99	        99	        99	        99	        99	        99	        99	        99	        99	        99	        99	        99	        99	        99	        99	        99	        99	        99	        99	        99	        99	        99	        99	        99	        99	        99	        99	        99	        99	        99	        99	        99	        99	        99	        99	        99	        99	        99	        99	        99	        99	        99	        99	        99	        99	        99	        99	        99	        99	        99	        99	        99	        99	        99	        99	        99	        99	        99	        99	        99	        99	        99	        99	        99	        99	        99	        99	        99	        99	        99	        99	        99	        99	        99	        99	        99	        99	        99	        99	        99	        99	        99	        99	        99	        99	        99	        99	        99	        99	        99	        99	        99	        99	        99	        99	        99	        99	        99	
        99	 98.964729	 98.929483	 98.894286	 98.859163	 98.824139	 98.789237	 98.754482	 98.719897	 98.685506	 98.651331	 98.617395	  98.58372	 98.550327	 98.517237	 98.484471	 98.452048	 98.419986	 98.388305	 98.357022	 98.326152	 98.295713	 98.265718	 98.236184	 98.207121	 98.178544	 98.150464	 98.122892	 98.095837	 98.069307	 98.043313	 98.017859	 97.992953	   97.9686	 97.944805	  97.92157	 97.898898	 97.876792	 97.855253	 97.834279	 97.813872	  97.79403	  97.77475	  97.75603	 97.737866	 97.720254	 97.703189	 97.686666	 97.670679	 97.655221	 97.640286	 97.625865	 97.611951	 97.598535	 97.585609	 97.573163	 97.561188	 97.549675	 97.538612	 97.527991	   97.5178	 97.508029	 97.498668	 97.489704	 97.481128	 97.472929	 97.465095	 97.457615	 97.450479	 97.443674	 97.437192	  97.43102	 97.425147	 97.419564	 97.414259	 97.409223	 97.404445	 97.399914	 97.395622	 97.391558	 97.387714	 97.384078	 97.380644	 97.377402	 97.374343	 97.371458	 97.368741	 97.366183	 97.363776	 97.361513	 97.359387	 97.357391	 97.355518	 97.353763	 97.352118	 97.350578	 97.349137	  97.34779	 97.346532	 97.345357	 97.344261	 97.343239	 97.342287	 97.341401	 97.340576	 97.339809	 97.339097	 97.338436	 97.337822	 97.337254	 97.336727	 97.336239	 97.335788	  97.33537	 97.334985	 97.334629	 97.334301	 97.333998	 97.333719	 97.333463	 97.333226	 97.333009	  97.33281	 97.332627	 97.332459	 97.332305	 97.332163	 97.332034	 97.331916	 97.331808	 97.331709	 97.331619	 97.331537	 97.331462	 97.331394	 97.331332	 97.331275	 97.331224	 97.331177	 97.331134	 97.331096	 97.331061	  97.33103	 97.331001	 97.330975	 97.330952	  97.33093	 97.330911	 97.330894	 97.330879	 97.330865	 97.330852	 97.330841	 97.330831	 97.330821	 97.330813	 97.330806	 97.330799	 97.330793	 97.330788	 97.330783	 97.330779	 97.330775	 97.330772	 97.330769	 97.330766	 97.330764	 97.330762	  97.33076	 97.330758	 97.330757	 97.330755	 97.330754	 97.330753	 97.330752	 97.330751	 97.330751	  97.33075	 97.330749	 97.330749	 97.330748	 97.330748	 97.330748	 97.330747	 97.330747	 97.330747	 97.330747	 97.330746	 97.330746	 97.330746	 97.330746	 97.330746	 97.330746	 97.330746	 97.330746	 97.330746	 97.330746	 97.330746	 97.330746	 97.330746	
        99	 98.929483	 98.859015	 98.788646	 98.718425	 98.648401	 98.578622	 98.509136	  98.43999	 98.371232	 98.302906	 98.235058	 98.167731	 98.100969	 98.034813	 97.969303	  97.90448	  97.84038	 97.777039	 97.714494	 97.652777	 97.591919	 97.531952	 97.472903	 97.414799	 97.357665	 97.301525	 97.246399	 97.192307	 97.139268	 97.087296	 97.036407	 96.986613	 96.937924	 96.890349	 96.843896	 96.798569	 96.754372	 96.711308	 96.669376	 96.628576	 96.588905	 96.550359	 96.512932	 96.476616	 96.441405	 96.407287	 96.374253	  96.34229	 96.311385	 96.281525	 96.252693	 96.224875	 96.198053	  96.17221	 96.147327	 96.123386	 96.100367	  96.07825	 96.057014	  96.03664	 96.017105	 95.998388	 95.980468	 95.963322	 95.946929	 95.931266	 95.916312	 95.902044	  95.88844	 95.875479	 95.863139	 95.851399	 95.840236	 95.829631	 95.819562	 95.810008	 95.800951	 95.792369	 95.784245	 95.776558	  95.76929	 95.762424	 95.755941	 95.749825	 95.744059	 95.738626	 95.733511	 95.728699	 95.724175	 95.719925	 95.715934	  95.71219	  95.70868	 95.705391	 95.702313	 95.699432	 95.696739	 95.694223	 95.691874	 95.689683	  95.68764	 95.685737	 95.683964	 95.682316	 95.680783	 95.679359	 95.678037	 95.676811	 95.675673	  95.67462	 95.673645	 95.672742	 95.671908	 95.671138	 95.670426	  95.66977	 95.669165	 95.668607	 95.668094	 95.667622	 95.667188	 95.666789	 95.666423	 95.666087	 95.665779	 95.665497	 95.665238	 95.665002	 95.664786	 95.664589	 95.664408	 95.664244	 95.664094	 95.663958	 95.663833	  95.66372	 95.663618	 95.663524	 95.663439	 95.663362	 95.663293	  95.66323	 95.663172	 95.663121	 95.663074	 95.663032	 95.662993	 95.662959	 95.662928	   95.6629	 95.662875	 95.662852	 95.662832	 95.662813	 95.662797	 95.662782	 95.662769	 95.662757	 95.662747	 95.662737	 95.662729	 95.662721	 95.662714	 95.662708	 95.662703	 95.662698	 95.662694	  95.66269	 95.662687	 95.662684	 95.662681	 95.662679	 95.662677	 95.662675	 95.662673	 95.662672	  95.66267	 95.662669	 95.662668	 95.662667	 95.662667	 95.662666	 95.662665	 95.662665	 95.662664	 95.662664	 95.662664	 95.662663	 95.662663	 95.662663	 95.662663	 95.662662	 95.662662	 95.662662	 95.662662	 95.662662	 95.662662	 95.662662	 95.662662	
        99	 98.894286	 98.788646	 98.683154	 98.577884	 98.472909	 98.368302	 98.264134	 98.160476	 98.057398	  97.95497	 97.853257	 97.752326	 97.652241	 97.553065	 97.454858	  97.35768	 97.261585	 97.166631	 97.072867	 96.980345	 96.889113	 96.799214	 96.710692	 96.623587	 96.537937	 96.453775	 96.371135	 96.290045	 96.210532	  96.13262	 96.056331	 95.981684	 95.908693	 95.837372	 95.767733	 95.699782	 95.633526	 95.568967	 95.506107	 95.444942	 95.385471	 95.327685	 95.271577	 95.217136	 95.164349	 95.113203	  95.06368	 95.015764	 94.969434	 94.924669	 94.881447	 94.839744	 94.799534	 94.760792	  94.72349	 94.687599	 94.653091	 94.619935	   94.5881	 94.557556	 94.528271	 94.500212	 94.473347	 94.447644	 94.423068	 94.399588	 94.377169	  94.35578	 94.335387	 94.315957	 94.297458	 94.279857	 94.263123	 94.247224	 94.232129	 94.217807	 94.204229	 94.191364	 94.179185	 94.167661	 94.156766	 94.146473	 94.136754	 94.127586	 94.118941	 94.110797	 94.103129	 94.095915	 94.089133	 94.082761	 94.076779	 94.071166	 94.065904	 94.060974	 94.056358	  94.05204	 94.048003	 94.044231	  94.04071	 94.037425	 94.034362	 94.031509	 94.028852	 94.026381	 94.024083	 94.021948	 94.019966	 94.018128	 94.016423	 94.014844	 94.013382	 94.012029	 94.010779	 94.009623	 94.008557	 94.007573	 94.006665	  94.00583	  94.00506	 94.004352	 94.003702	 94.003104	 94.002555	 94.002051	  94.00159	 94.001167	 94.000779	 94.000425	 94.000101	 93.999805	 93.999535	 93.999289	 93.999064	  93.99886	 93.998673	 93.998504	  93.99835	  93.99821	 93.998083	 93.997967	 93.997863	 93.997768	 93.997682	 93.997605	 93.997534	 93.997471	 93.997414	 93.997362	 93.997316	 93.997274	 93.997236	 93.997202	 93.997172	 93.997144	  93.99712	 93.997098	 93.997078	  93.99706	 93.997044	  93.99703	 93.997017	 93.997006	 93.996996	 93.996987	 93.996979	 93.996971	 93.996965	 93.996959	 93.996954	  93.99695	 93.996946	 93.996942	 93.996939	 93.996936	 93.996934	 93.996932	  93.99693	 93.996928	 93.996927	 93.996925	 93.996924	 93.996923	 93.996922	 93.996921	 93.996921	  93.99692	  93.99692	 93.996919	 93.996919	 93.996918	 93.996918	 93.996918	 93.996918	 93.996918	 93.996917	 93.996917	 93.996917	 93.996917	 93.996917	
        99	 98.859163	 98.718425	 98.577884	 98.437639	 98.297787	 98.158424	 98.019647	 97.881549	 97.744225	 97.607765	 97.472259	 97.337794	 97.204457	  97.07233	 96.941495	 96.812029	 96.684008	 96.557505	  96.43259	 96.309328	 96.187784	 96.068017	 95.950084	 95.834039	 95.719932	 95.607808	 95.497711	 95.389679	 95.283749	 95.179952	 95.078316	 94.978867	 94.881625	 94.786609	 94.693832	 94.603305	 94.515036	 94.429028	 94.345283	 94.263797	 94.184566	 94.107581	 94.032832	 93.960303	 93.889978	 93.821839	 93.755863	 93.692027	 93.630304	 93.570666	 93.513084	 93.457525	 93.403956	 93.352342	 93.302646	 93.254831	 93.208857	 93.164686	 93.122274	 93.081582	 93.042567	 93.005186	 92.969396	 92.935152	 92.902411	  92.87113	 92.841263	 92.812767	 92.785598	 92.759713	 92.735068	 92.711619	 92.689325	 92.668144	 92.648034	 92.628954	 92.610864	 92.593726	 92.577499	 92.562147	 92.547632	 92.533919	 92.520972	 92.508757	  92.49724	  92.48639	 92.476175	 92.466564	 92.457528	 92.449039	 92.441069	 92.433592	 92.426582	 92.420014	 92.413865	 92.408112	 92.402733	 92.397709	 92.393017	 92.388641	  92.38456	 92.380759	  92.37722	 92.373927	 92.370866	 92.368022	 92.365382	 92.362932	 92.360661	 92.358557	 92.356609	 92.354807	 92.353141	 92.351602	 92.350181	  92.34887	 92.347662	 92.346548	 92.345523	  92.34458	 92.343713	 92.342917	 92.342185	 92.341514	 92.340899	 92.340336	  92.33982	 92.339348	 92.338917	 92.338522	 92.338163	 92.337834	 92.337535	 92.337262	 92.337014	 92.336788	 92.336583	 92.336396	 92.336227	 92.336073	 92.335934	 92.335808	 92.335694	  92.33559	 92.335497	 92.335413	 92.335336	 92.335268	 92.335206	  92.33515	 92.335099	 92.335054	 92.335014	 92.334977	 92.334944	 92.334915	 92.334888	 92.334865	 92.334844	 92.334825	 92.334808	 92.334793	 92.334779	 92.334767	 92.334756	 92.334747	 92.334738	 92.334731	 92.334724	 92.334718	 92.334713	 92.334708	 92.334704	   92.3347	 92.334697	 92.334694	 92.334691	 92.334689	 92.334687	 92.334685	 92.334684	 92.334682	 92.334681	  92.33468	 92.334679	 92.334679	 92.334678	 92.334677	 92.334677	 92.334676	 92.334676	 92.334676	 92.334675	 92.334675	 92.334675	 92.334675	 92.334675	 92.334674	 92.334674	
        99	 98.824139	 98.648401	 98.472909	 98.297787	 98.123155	 97.949134	 97.775845	 97.603405	 97.431929	 97.261533	 97.092328	 96.924424	 96.757927	 96.592942	  96.42957	 96.267907	  96.10805	 95.950087	 95.794106	 95.640191	  95.48842	 95.338869	 95.191608	 95.046704	 94.904219	 94.764211	 94.626734	 94.491836	 94.359563	 94.229952	 94.103042	 93.978861	 93.857436	 93.738791	 93.622941	 93.509901	  93.39968	 93.292283	 93.187711	 93.085961	 92.987027	 92.890897	 92.797558	 92.706992	 92.619179	 92.534094	  92.45171	 92.371999	 92.294926	 92.220458	 92.148555	  92.07918	 92.012289	 91.947839	 91.885784	 91.826078	 91.768671	 91.713514	 91.660556	 91.609745	 91.561027	  91.51435	 91.469658	 91.426899	 91.386016	 91.346955	 91.309661	 91.274078	 91.240153	  91.20783	 91.177056	 91.147776	 91.119938	 91.093489	 91.068378	 91.044553	 91.021965	 91.000564	 90.980302	 90.961132	 90.943008	 90.925884	 90.909717	 90.894464	 90.880084	 90.866535	  90.85378	 90.841779	 90.830496	 90.819896	 90.809944	 90.800607	 90.791853	 90.783652	 90.775974	  90.76879	 90.762074	   90.7558	 90.749942	 90.744477	 90.739382	 90.734635	 90.730216	 90.726104	 90.722282	  90.71873	 90.715433	 90.712375	 90.709539	 90.706912	  90.70448	 90.702229	 90.700149	 90.698227	 90.696453	 90.694816	 90.693307	 90.691916	 90.690636	 90.689459	 90.688376	 90.687382	 90.686468	 90.685631	 90.684863	 90.684159	 90.683515	 90.682926	 90.682387	 90.681895	 90.681445	 90.681035	 90.680662	 90.680321	 90.680011	 90.679729	 90.679473	  90.67924	 90.679029	 90.678837	 90.678663	 90.678505	 90.678363	 90.678234	 90.678117	 90.678011	 90.677916	  90.67783	 90.677753	 90.677683	 90.677621	 90.677564	 90.677513	 90.677468	 90.677427	  90.67739	 90.677357	 90.677328	 90.677301	 90.677277	 90.677256	 90.677237	 90.677221	 90.677206	 90.677192	  90.67718	  90.67717	  90.67716	 90.677152	 90.677144	 90.677138	 90.677132	 90.677127	 90.677122	 90.677118	 90.677114	 90.677111	 90.677108	 90.677106	 90.677104	 90.677102	   90.6771	 90.677098	 90.677097	 90.677096	 90.677095	 90.677094	 90.677093	 90.677093	 90.677092	 90.677092	 90.677091	 90.677091	 90.677091	  90.67709	  90.67709	  90.67709	  90.67709	  90.67709	
        99	 98.789237	 98.578622	 98.368302	 98.158424	 97.949134	 97.740578	 97.532897	 97.326234	 97.120727	 96.916514	 96.713728	 96.512501	 96.312961	 96.115233	 95.919437	 95.725691	 95.534108	 95.344795	 95.157858	 94.973397	 94.791505	 94.612274	 94.435787	 94.262125	 94.091362	 93.923569	 93.758808	 93.597138	 93.438613	  93.28328	 93.131182	 92.982356	 92.836833	 92.694641	   92.5558	 92.420326	  92.28823	 92.159519	 92.034194	  91.91225	 91.793681	 91.678473	 91.566609	  91.45807	 91.352829	 91.250858	 91.152125	 91.056593	 90.964225	 90.874977	 90.788805	 90.705661	 90.625495	 90.548254	 90.473884	 90.402328	 90.333528	 90.267425	 90.203956	 90.143061	 90.084674	 90.028733	 89.975173	 89.923927	  89.87493	 89.828117	 89.783422	 89.740778	 89.700119	 89.661382	   89.6245	 89.589409	 89.556046	 89.524348	 89.494253	   89.4657	 89.438629	 89.412981	 89.388698	 89.365723	 89.344002	  89.32348	 89.304104	 89.285824	  89.26859	 89.252353	 89.237066	 89.222683	 89.209161	 89.196457	  89.18453	  89.17334	 89.162849	  89.15302	 89.143818	 89.135209	  89.12716	  89.11964	  89.11262	  89.10607	 89.099964	 89.094275	 89.088979	 89.084051	  89.07947	 89.075214	 89.071263	 89.067597	 89.064199	  89.06105	 89.058135	 89.055438	 89.052945	 89.050642	 89.048515	 89.046553	 89.044745	 89.043079	 89.041544	 89.040133	 89.038836	 89.037644	 89.036549	 89.035545	 89.034625	 89.033782	  89.03301	 89.032304	 89.031658	 89.031068	 89.030529	 89.030038	  89.02959	 89.029182	 89.028811	 89.028473	 89.028165	 89.027886	 89.027633	 89.027403	 89.027195	 89.027006	 89.026835	  89.02668	  89.02654	 89.026414	   89.0263	 89.026197	 89.026104	 89.026021	 89.025945	 89.025878	 89.025817	 89.025762	 89.025713	 89.025669	  89.02563	 89.025594	 89.025563	 89.025534	 89.025509	 89.025486	 89.025466	 89.025448	 89.025432	 89.025418	 89.025405	 89.025394	 89.025384	 89.025375	 89.025367	  89.02536	 89.025353	 89.025348	 89.025343	 89.025339	 89.025335	 89.025331	 89.025328	 89.025326	 89.025324	 89.025321	  89.02532	 89.025318	 89.025317	 89.025316	 89.025315	 89.025314	 89.025313	 89.025312	 89.025312	 89.025311	 89.025311	  89.02531	  89.02531	  89.02531	  89.02531	  89.02531	 89.025309	
        99	 98.754482	 98.509136	 98.264134	 98.019647	 97.775845	 97.532897	 97.290969	 97.050227	 96.810832	 96.572943	 96.336718	 96.102309	 95.869865	 95.639531	 95.411448	 95.185753	 94.962576	 94.742046	 94.524283	 94.309404	 94.097518	 93.888731	 93.683141	 93.480842	  93.28192	 93.086457	 92.894527	 92.706197	 92.521531	 92.340584	 92.163405	 91.990037	 91.820518	 91.654877	 91.493141	 91.335327	 91.181449	 91.031513	 90.885521	 90.743469	 90.605347	 90.471141	 90.340832	 90.214394	 90.091798	 89.973012	 89.857998	 89.746713	 89.639113	 89.535148	 89.434766	 89.337911	 89.244525	 89.154548	 89.067914	 88.984558	 88.904414	 88.827409	 88.753475	 88.682538	 88.614523	 88.549357	 88.486964	 88.427268	 88.370192	 88.315659	 88.263593	 88.213917	 88.166554	 88.121429	 88.078465	 88.037588	 87.998723	 87.961799	 87.926741	 87.893479	 87.861944	 87.832066	 87.803779	 87.777016	 87.751712	 87.727806	 87.705236	 87.683942	 87.663865	  87.64495	 87.627142	 87.610388	 87.594636	 87.579837	 87.565943	 87.552908	 87.540687	 87.529238	 87.518518	 87.508489	 87.499113	 87.490354	 87.482176	 87.474546	 87.467432	 87.460805	 87.454636	 87.448896	 87.443559	 87.438601	 87.433998	 87.429728	 87.425769	 87.422102	 87.418706	 87.415564	  87.41266	 87.409977	   87.4075	 87.405214	 87.403108	 87.401167	  87.39938	 87.397736	 87.396224	 87.394836	 87.393561	 87.392391	 87.391319	 87.390337	 87.389437	 87.388615	 87.387863	 87.387175	 87.386548	 87.385976	 87.385454	 87.384979	 87.384546	 87.384152	 87.383794	 87.383469	 87.383174	 87.382906	 87.382663	 87.382443	 87.382244	 87.382064	 87.381901	 87.381754	 87.381621	 87.381501	 87.381393	 87.381296	 87.381208	 87.381129	 87.381059	 87.380995	 87.380938	 87.380886	  87.38084	 87.380799	 87.380762	 87.380729	   87.3807	 87.380673	  87.38065	 87.380629	  87.38061	 87.380594	 87.380579	 87.380565	 87.380554	 87.380543	 87.380534	 87.380526	 87.380519	 87.380512	 87.380506	 87.380501	 87.380497	 87.380493	 87.380489	 87.380486	 87.380484	 87.380481	 87.380479	 87.380477	 87.380476	 87.380474	 87.380473	 87.380472	 87.380471	  87.38047	  87.38047	 87.380469	 87.380469	 87.380468	 87.380468	 87.380468	 87.380468	 87.380467	 87.380467	
        99	 98.719897	  98.43999	 98.160476	 97.881549	 97.603405	 97.326234	 97.050227	 96.775572	 96.502455	 96.231056	 95.961555	 95.694126	 95.428938	 95.166158	 94.905947	 94.648459	 94.393845	  94.14225	 93.893812	 93.648663	  93.40693	 93.168732	 92.934182	 92.703386	 92.476444	 92.253447	  92.03448	 91.819621	 91.608942	 91.402506	 91.200368	 91.002579	  90.80918	 90.620207	 90.435688	 90.255644	  90.08009	 89.909033	 89.742476	 89.580414	 89.422835	 89.269725	 89.121059	  88.97681	 88.836945	 88.701426	  88.57021	  88.44325	 88.320492	 88.201882	  88.08736	 87.976862	 87.870321	 87.767669	 87.668831	 87.573734	   87.4823	 87.394448	 87.310099	 87.229169	 87.151574	 87.077229	 87.006047	 86.937941	 86.872825	 86.810611	 86.751211	 86.694537	 86.640502	  86.58902	 86.540004	 86.493369	  86.44903	 86.406903	 86.366907	  86.32896	 86.292983	 86.258896	 86.226624	 86.196091	 86.167223	  86.13995	   86.1142	 86.089906	 86.067002	 86.045422	 86.025106	 86.005992	 85.988021	 85.971137	 85.955286	 85.940415	 85.926472	  85.91341	  85.90118	 85.889739	 85.879042	 85.869048	 85.859718	 85.851014	 85.842898	 85.835338	 85.828299	  85.82175	 85.815662	 85.810006	 85.804755	 85.799883	 85.795366	 85.791182	 85.787308	 85.783724	 85.780411	 85.777349	 85.774523	 85.771916	 85.769512	 85.767298	 85.765259	 85.763384	 85.761659	 85.760075	 85.758621	 85.757287	 85.756063	 85.754943	 85.753917	 85.752978	  85.75212	 85.751336	  85.75062	 85.749967	 85.749372	  85.74883	 85.748336	 85.747887	 85.747479	 85.747108	 85.746771	 85.746465	 85.746188	 85.745937	  85.74571	 85.745505	 85.745319	 85.745151	 85.744999	 85.744863	 85.744739	 85.744628	 85.744528	 85.744438	 85.744357	 85.744285	  85.74422	 85.744161	 85.744109	 85.744062	  85.74402	 85.743982	 85.743948	 85.743918	 85.743891	 85.743867	 85.743846	 85.743827	  85.74381	 85.743795	 85.743782	  85.74377	 85.743759	  85.74375	 85.743741	 85.743734	 85.743728	 85.743722	 85.743717	 85.743712	 85.743708	 85.743705	 85.743702	 85.743699	 85.743697	 85.743695	 85.743693	 85.743691	  85.74369	 85.743688	 85.743687	 85.743687	 85.743686	 85.743685	 85.743685	 85.743684	 85.743684	 85.743683	 85.743683	 85.743683	 85.743683	
        99	 98.685506	 98.371232	 98.057398	 97.744225	 97.431929	 97.120727	 96.810832	 96.502455	 96.195804	 95.891083	 95.588492	 95.288227	  94.99048	 94.695435	 94.403275	 94.114172	 93.828297	 93.545811	 93.266869	 92.991621	 92.720207	 92.452763	 92.189415	 91.930282	 91.675475	 91.425098	 91.179246	 90.938007	 90.701461	 90.469678	 90.242722	 90.020648	 89.803503	 89.591328	 89.384153	 89.182003	 88.984894	 88.792835	 88.605828	 88.423868	 88.246942	 88.075032	 87.908112	 87.746153	 87.589115	 87.436957	  87.28963	 87.147081	 87.009252	 86.876079	 86.747495	  86.62343	 86.503808	 86.388552	 86.277579	 86.170806	 86.068145	 85.969507	 85.874802	 85.783935	 85.696813	 85.613339	 85.533417	  85.45695	 85.383839	 85.313986	 85.247292	  85.18366	 85.122991	 85.065187	 85.010153	 84.957792	 84.908009	  84.86071	 84.815804	 84.773197	 84.732803	 84.694531	 84.658296	 84.624014	 84.591602	  84.56098	 84.532069	 84.504792	 84.479075	 84.454846	 84.432035	 84.410574	 84.390397	 84.371441	 84.353643	 84.336946	 84.321292	 84.306625	 84.292894	 84.280048	 84.268038	 84.256817	 84.246341	 84.236568	 84.227457	 84.218968	 84.211064	 84.203712	 84.196876	 84.190525	 84.184629	  84.17916	 84.174088	  84.16939	 84.165041	 84.161017	 84.157296	 84.153859	 84.150686	 84.147759	  84.14506	 84.142574	 84.140285	 84.138179	 84.136243	 84.134464	 84.132831	 84.131333	  84.12996	 84.128701	 84.127549	 84.126496	 84.125532	 84.124652	 84.123848	 84.123115	 84.122447	 84.121838	 84.121284	 84.120779	 84.120321	 84.119904	 84.119526	 84.119183	 84.118872	  84.11859	 84.118335	 84.118105	 84.117896	 84.117707	 84.117537	 84.117384	 84.117245	 84.117121	 84.117008	 84.116907	 84.116817	 84.116735	 84.116662	 84.116596	 84.116537	 84.116484	 84.116437	 84.116395	 84.116357	 84.116323	 84.116293	 84.116266	 84.116242	 84.116221	 84.116202	 84.116185	  84.11617	 84.116157	 84.116145	 84.116134	 84.116125	 84.116117	 84.116109	 84.116103	 84.116097	 84.116092	 84.116088	 84.116084	  84.11608	 84.116077	 84.116075	 84.116072	  84.11607	 84.116068	 84.116067	 84.116065	 84.116064	 84.116063	 84.116062	 84.116062	 84.116061	  84.11606	  84.11606	  84.11606	 84.116059	 84.116059	 84.116059	
        99	 98.651331	 98.302906	  97.95497	 97.607765	 97.261533	 96.916514	 96.572943	 96.231056	 95.891083	 95.553249	 95.217777	 94.884883	 94.554781	 94.227675	 93.903767	 93.583249	 93.266308	 92.953125	 92.643872	 92.338714	 92.037807	 91.741301	 91.449335	 91.162043	 90.879548	 90.601963	 90.329396	 90.061942	 89.799691	 89.542721	 89.291103	 89.044897	 88.804156	 88.568925	 88.339237	  88.11512	 87.896592	 87.683663	 87.476334	 87.274601	 87.078449	 86.887858	   86.7028	 86.523241	 86.349139	 86.180447	  86.01711	 85.859071	 85.706264	  85.55862	 85.416064	 85.278517	 85.145896	 85.018115	 84.895084	 84.776708	 84.662891	 84.553535	 84.448538	 84.347797	 84.251207	 84.158663	 84.070056	  83.98528	 83.904224	  83.82678	 83.752839	 83.682292	 83.615031	 83.550946	 83.489932	 83.431881	 83.376688	 83.324249	 83.274463	 83.227227	 83.182442	 83.140012	  83.09984	 83.061832	 83.025898	 82.991948	 82.959895	 82.929655	 82.901143	 82.874282	 82.848992	 82.825199	 82.802829	 82.781813	 82.762081	 82.743569	 82.726214	 82.709954	 82.694731	 82.680489	 82.667173	 82.654733	 82.643119	 82.632284	 82.622182	 82.612771	 82.604009	 82.595857	 82.588279	 82.581238	 82.574701	 82.568637	 82.563015	 82.557806	 82.552984	 82.548522	 82.544398	 82.540588	  82.53707	 82.533824	 82.530832	 82.528076	 82.525538	 82.523203	 82.521057	 82.519085	 82.517274	 82.515613	 82.514091	 82.512696	 82.511419	  82.51025	 82.509182	 82.508206	 82.507315	 82.506503	 82.505762	 82.505087	 82.504472	 82.503913	 82.503405	 82.502943	 82.502524	 82.502143	 82.501798	 82.501486	 82.501203	 82.500947	 82.500716	 82.500507	 82.500318	 82.500148	 82.499995	 82.499856	 82.499732	  82.49962	 82.499519	 82.499429	 82.499348	 82.499275	  82.49921	 82.499151	 82.499099	 82.499052	  82.49901	 82.498973	 82.498939	 82.498909	 82.498883	 82.498859	 82.498838	 82.498819	 82.498803	 82.498788	 82.498775	 82.498763	 82.498753	 82.498743	 82.498735	 82.498728	 82.498722	 82.498716	 82.498711	 82.498707	 82.498703	   82.4987	 82.498697	 82.498694	 82.498692	  82.49869	 82.498688	 82.498687	 82.498685	 82.498684	 82.498683	 82.498682	 82.498682	 82.498681	 82.498681	  82.49868	  82.49868	  82.49868	  82.49868	
        99	 98.617395	 98.235058	 97.853257	 97.472259	 97.092328	 96.713728	 96.336718	 95.961555	 95.588492	 95.217777	 94.849653	 94.484359	 94.122128	 93.763185	 93.407751	 93.056037	 92.708248	 92.364583	  92.02523	 91.690371	 91.360177	 91.034812	  90.71443	 90.399175	 90.089184	 89.784583	 89.485486	 89.192002	 88.904226	 88.622245	 88.346136	 88.075967	 87.811795	 87.553669	 87.301626	 87.055695	 86.815898	 86.582244	 86.354736	 86.133368	 85.918125	 85.708984	 85.505915	 85.308879	 85.117832	  84.93272	 84.753487	 84.580065	 84.412386	 84.250371	  84.09394	 83.943006	 83.797477	  83.65726	 83.522253	 83.392356	 83.267461	 83.147461	 83.032245	 82.921699	 82.815708	 82.714157	 82.616926	 82.523898	 82.434953	 82.349972	 82.268834	 82.191421	 82.117612	 82.047291	 81.980338	 81.916636	 81.856072	  81.79853	 81.743897	 81.692064	  81.64292	  81.59636	 81.552278	 81.510571	  81.47114	 81.433886	 81.398713	 81.365529	 81.334243	 81.304767	 81.277015	 81.250906	 81.226359	 81.203297	 81.181646	 81.161332	 81.142287	 81.124445	  81.10774	 81.092112	   81.0775	  81.06385	 81.051105	 81.039215	  81.02813	 81.017803	 81.008188	 80.999243	 80.990927	 80.983201	 80.976028	 80.969373	 80.963204	 80.957488	 80.952197	 80.947301	 80.942775	 80.938594	 80.934734	 80.931172	 80.927889	 80.924864	 80.922079	 80.919517	 80.917162	 80.914998	 80.913012	 80.911189	 80.909518	 80.907988	 80.906586	 80.905304	 80.904132	 80.903061	 80.902083	 80.901192	 80.900379	 80.899638	 80.898963	  80.89835	 80.897792	 80.897285	 80.896825	 80.896408	  80.89603	 80.895687	 80.895376	 80.895096	 80.894842	 80.894613	 80.894405	 80.894219	  80.89405	 80.893899	 80.893762	 80.893639	 80.893529	 80.893429	  80.89334	  80.89326	 80.893189	 80.893125	 80.893067	 80.893016	  80.89297	 80.892929	 80.892892	 80.892859	  80.89283	 80.892804	 80.892781	  80.89276	 80.892742	 80.892726	 80.892711	 80.892699	 80.892687	 80.892677	 80.892668	  80.89266	 80.892654	 80.892647	 80.892642	 80.892637	 80.892633	 80.892629	 80.892626	 80.892623	 80.892621	 80.892618	 80.892617	 80.892615	 80.892613	 80.892612	 80.892611	  80.89261	  80.89261	 80.892609	 80.892608	 80.892608	 80.892608	 80.892608	 80.892607	
        99	  98.58372	 98.167731	 97.752326	 97.337794	 96.924424	 96.512501	 96.102309	 95.694126	 95.288227	 94.884883	 94.484359	 94.086914	 93.692801	 93.302266	 92.915547	 92.532877	 92.154478	 91.780566	 91.411345	 91.047012	 90.687756	 90.333754	 89.985173	 89.642172	 89.304897	 88.973486	 88.648064	 88.328749	 88.015644	 87.708844	 87.408434	 87.114486	 86.827063	 86.546217	 86.271991	 86.004415	 85.743511	 85.489293	 85.241761	 85.000909	 84.766721	 84.539173	  84.31823	 84.103852	  83.89599	 83.694586	 83.499577	 83.310892	 83.128453	 82.952179	  82.78198	 82.617761	 82.459424	 82.306865	 82.159976	 82.018645	 81.882758	 81.752197	  81.62684	 81.506564	 81.391244	 81.280755	 81.174966	  81.07375	 80.976977	 80.884516	 80.796237	  80.71201	 80.631705	 80.555194	 80.482348	 80.413041	 80.347145	 80.284538	 80.225098	 80.168702	 80.115233	 80.064575	 80.016613	 79.971236	 79.928334	   79.8878	 79.849532	 79.813427	 79.779387	 79.747317	 79.717123	 79.688716	 79.662009	 79.636917	 79.613359	 79.591258	 79.570537	 79.551124	 79.532949	 79.515945	 79.500048	 79.485196	 79.471329	 79.458393	 79.446332	 79.435096	 79.424635	 79.414903	 79.405855	 79.397449	 79.389644	 79.382404	 79.375692	 79.369473	 79.363716	 79.358389	 79.353465	 79.348916	 79.344715	 79.340841	 79.337268	 79.333977	 79.330947	  79.32816	 79.325597	 79.323243	 79.321082	 79.319099	 79.317281	 79.315615	  79.31409	 79.312696	  79.31142	 79.310255	 79.309192	 79.308221	 79.307336	 79.306531	 79.305797	 79.305129	 79.304522	 79.303971	 79.303471	 79.303016	 79.302605	 79.302232	 79.301894	 79.301589	 79.301312	 79.301063	 79.300838	 79.300635	 79.300451	 79.300286	 79.300138	 79.300004	 79.299884	 79.299776	 79.299679	 79.299592	 79.299514	 79.299444	 79.299382	 79.299326	 79.299276	 79.299231	 79.299191	 79.299155	 79.299124	 79.299095	  79.29907	 79.299048	 79.299028	  79.29901	 79.298995	 79.298981	 79.298968	 79.298957	 79.298948	 79.298939	 79.298932	 79.298925	 79.298919	 79.298914	 79.298909	 79.298905	 79.298902	 79.298899	 79.298896	 79.298893	 79.298891	  79.29889	 79.298888	 79.298887	 79.298886	 79.298885	 79.298884	 79.298883	 79.298882	 79.298882	 79.298882	 79.298882	 79.298881	
        99	 98.550327	 98.100969	 97.652241	 97.204457	 96.757927	 96.312961	 95.869865	 95.428938	  94.99048	 94.554781	 94.122128	 93.692801	 93.267073	  92.84521	 92.427471	 92.014104	 91.605351	 91.201444	 90.802605	 90.409047	 90.020973	 89.638573	 89.262031	 88.891514	 88.527184	 88.169188	 87.817662	 87.472732	 87.134511	 86.803101	 86.478593	 86.161065	 85.850586	 85.547212	 85.250987	 84.961947	 84.680115	 84.405504	 84.138116	 83.877943	  83.62497	 83.379168	 83.140502	 82.908927	  82.68439	 82.466831	 82.256178	 82.052358	 81.855285	  81.66487	 81.481018	 81.303626	 81.132588	 80.967791	 80.809119	 80.656451	 80.509664	 80.368629	 80.233216	 80.103292	 79.978722	 79.859369	 79.745095	 79.635759	 79.531223	 79.431345	 79.335985	 79.245001	 79.158255	 79.075607	 78.996917	  78.92205	 78.850868	 78.783239	  78.71903	 78.658111	 78.600353	 78.545631	 78.493822	 78.444804	 78.398461	 78.354676	 78.313338	 78.274337	 78.237567	 78.202924	 78.170308	 78.139622	 78.110772	 78.083668	  78.05822	 78.034346	 78.011963	 77.990993	  77.97136	 77.952992	 77.935819	 77.919776	 77.904797	 77.890823	 77.877795	 77.865657	 77.854357	 77.843844	  77.83407	  77.82499	  77.81656	 77.808739	 77.801488	  77.79477	 77.788551	 77.782797	 77.777478	 77.772564	 77.768027	 77.763841	 77.759982	 77.756427	 77.753154	 77.750143	 77.747375	 77.744832	 77.742497	 77.740355	 77.738391	 77.736592	 77.734945	 77.733438	 77.732061	 77.730802	 77.729653	 77.728605	 77.727649	 77.726779	 77.725986	 77.725265	 77.724609	 77.724014	 77.723473	 77.722983	 77.722538	 77.722135	  77.72177	  77.72144	 77.721142	 77.720873	 77.720629	  77.72041	 77.720212	 77.720034	 77.719873	 77.719729	 77.719599	 77.719482	 77.719377	 77.719283	 77.719199	 77.719124	 77.719056	 77.718996	 77.718942	 77.718894	  77.71885	 77.718812	 77.718778	 77.718747	  77.71872	 77.718696	 77.718674	 77.718655	 77.718638	 77.718623	  77.71861	 77.718598	 77.718588	 77.718578	  77.71857	 77.718563	 77.718557	 77.718551	 77.718546	 77.718542	 77.718538	 77.718534	 77.718532	 77.718529	 77.718527	 77.718525	 77.718523	 77.718522	  77.71852	 77.718519	 77.718518	 77.718518	 77.718517	 77.718517	 77.718516	 77.718516	 77.718516	
        99	 98.517237	 98.034813	 97.553065	  97.07233	 96.592942	 96.115233	 95.639531	 95.166158	 94.695435	 94.227675	 93.763185	 93.302266	  92.84521	 92.392304	 91.943825	  91.50004	 91.061209	  90.62758	 90.199392	 89.776874	 89.360242	 88.949704	 88.545453	 88.147672	 87.756532	 87.372193	   86.9948	 86.624487	 86.261378	 85.905581	 85.557193	   85.2163	 84.882974	 84.557276	 84.239253	 83.928944	 83.626373	 83.331554	  83.04449	 82.765172	 82.493583	 82.229694	 81.973466	  81.72485	 81.483791	 81.250222	 81.024069	 80.805249	 80.593675	 80.389249	 80.191867	 80.001422	 79.817798	 79.640874	 79.470526	 79.306624	 79.149035	 78.997622	 78.852244	  78.71276	 78.579023	 78.450888	 78.328204	 78.210824	 78.098595	 77.991367	  77.88899	 77.791311	 77.698182	 77.609451	 77.524971	 77.444595	 77.368176	  77.29557	 77.226636	 77.161234	 77.099226	 77.040477	 76.984856	 76.932231	 76.882477	 76.835471	 76.791091	  76.74922	 76.709743	 76.672551	 76.637535	 76.604591	 76.573619	  76.54452	   76.5172	 76.491569	 76.467539	 76.445025	 76.423948	 76.404228	 76.385792	 76.368568	 76.352487	 76.337485	 76.323498	 76.310467	 76.298335	 76.287049	 76.276556	 76.266807	 76.257756	  76.24936	 76.241575	 76.234363	 76.227687	  76.22151	 76.215799	 76.210523	 76.205652	 76.201158	 76.197016	 76.193199	 76.189685	 76.186453	 76.183481	  76.18075	 76.178244	 76.175944	 76.173836	 76.171904	 76.170136	 76.168518	 76.167039	 76.165688	 76.164455	 76.163329	 76.162303	 76.161369	 76.160518	 76.159744	  76.15904	 76.158401	  76.15782	 76.157293	 76.156816	 76.156384	 76.155992	 76.155638	 76.155317	 76.155028	 76.154767	 76.154531	 76.154319	 76.154127	 76.153955	   76.1538	 76.153661	 76.153535	 76.153423	 76.153322	 76.153232	 76.153151	 76.153078	 76.153013	 76.152955	 76.152903	 76.152857	 76.152816	 76.152779	 76.152746	 76.152717	 76.152691	 76.152668	 76.152648	 76.152629	 76.152613	 76.152599	 76.152586	 76.152575	 76.152565	 76.152556	 76.152548	 76.152542	 76.152536	  76.15253	 76.152526	 76.152522	 76.152518	 76.152515	 76.152512	  76.15251	 76.152508	 76.152506	 76.152504	 76.152503	 76.152502	 76.152501	   76.1525	 76.152499	 76.152499	 76.152498	 76.152498	 76.152498	
        99	 98.484471	 97.969303	 97.454858	 96.941495	  96.42957	 95.919437	 95.411448	 94.905947	 94.403275	 93.903767	 93.407751	 92.915547	 92.427471	 91.943825	 91.464906	    90.991	 90.522385	 90.059324	 89.602074	 89.150879	  88.70597	 88.267567	 87.835879	   87.4111	 86.993412	 86.582987	 86.179979	 85.784533	 85.396778	 85.016832	 84.644799	 84.280769	 83.924819	 83.577015	 83.237407	 82.906037	 82.582929	   82.2681	 81.961553	 81.663277	 81.373255	 81.091455	 80.817836	 80.552346	 80.294926	 80.045503	 79.804001	  79.57033	 79.344395	 79.126094	 78.915316	 78.711945	 78.515857	 78.326925	 78.145016	 77.969989	 77.801704	 77.640015	  77.48477	 77.335818	 77.193005	 77.056172	 76.925162	 76.799814	 76.679968	 76.565463	 76.456137	 76.351829	 76.252378	 76.157626	 76.067412	  75.98158	 75.899974	 75.822441	 75.748828	 75.678987	  75.61277	 75.550034	 75.490637	 75.434441	  75.38131	 75.331113	 75.283721	 75.239008	 75.196853	 75.157136	 75.119743	 75.084564	 75.051489	 75.020415	 74.991241	  74.96387	 74.938209	 74.914167	 74.891659	 74.870601	 74.850914	  74.83252	 74.815348	 74.799328	 74.784391	 74.770476	 74.757521	 74.745469	 74.734263	 74.723853	 74.714188	 74.705222	 74.696909	 74.689207	 74.682077	 74.675481	 74.669383	 74.663749	 74.658547	 74.653749	 74.649325	 74.645249	 74.641497	 74.638045	 74.634871	 74.631955	 74.629279	 74.626823	 74.624572	 74.622509	 74.620621	 74.618893	 74.617314	 74.615871	 74.614554	 74.613352	 74.612257	 74.611259	  74.61035	 74.609523	 74.608772	 74.608089	 74.607469	 74.606907	 74.606397	 74.605935	 74.605517	 74.605138	 74.604796	 74.604487	 74.604208	 74.603957	  74.60373	 74.603525	 74.603341	 74.603176	 74.603027	 74.602893	 74.602773	 74.602666	 74.602569	 74.602483	 74.602405	 74.602336	 74.602274	 74.602219	 74.602169	 74.602125	 74.602086	 74.602051	  74.60202	 74.601992	 74.601967	 74.601945	 74.601926	 74.601909	 74.601893	  74.60188	 74.601868	 74.601857	 74.601848	  74.60184	 74.601832	 74.601826	  74.60182	 74.601815	 74.601811	 74.601807	 74.601804	 74.601801	 74.601798	 74.601796	 74.601794	 74.601792	 74.601791	  74.60179	 74.601789	 74.601788	 74.601787	 74.601787	 74.601786	 74.601786	 74.601786	
        99	 98.452048	  97.90448	  97.35768	 96.812029	 96.267907	 95.725691	 95.185753	 94.648459	 94.114172	 93.583249	 93.056037	 92.532877	 92.014104	  91.50004	    90.991	 90.487289	 89.989201	 89.497017	  89.01101	 88.531437	 88.058546	 87.592571	 87.133732	 86.682237	 86.238281	 85.802042	 85.373688	 84.953371	 84.541229	 84.137387	 83.741956	  83.35503	 82.976694	 82.607015	 82.246049	 81.893837	 81.550409	 81.215779	 80.889952	 80.572917	 80.264654	 79.965131	 79.674303	 79.392116	 79.118505	 78.853396	 78.596704	 78.348337	 78.108193	 77.876162	 77.652128	 77.435966	 77.227546	 77.026731	 76.833381	 76.647347	 76.468478	 76.296619	  76.13161	 75.973291	 75.821495	 75.676057	 75.536807	 75.403576	 75.276192	 75.154485	 75.038283	 74.927415	  74.82171	 74.720998	  74.62511	  74.53388	 74.447142	 74.364732	 74.286489	 74.212256	 74.141874	 74.075193	  74.01206	  73.95233	 73.895858	 73.842503	  73.79213	 73.744605	 73.699799	 73.657584	  73.61784	 73.580447	 73.545292	 73.512264	 73.481255	 73.452163	 73.424888	 73.399334	  73.37541	 73.353028	 73.332102	 73.312552	   73.2943	 73.277272	 73.261397	 73.246606	 73.232836	 73.220026	 73.208116	 73.197051	 73.186778	 73.177247	 73.168412	 73.160226	 73.152648	 73.145636	 73.139155	 73.133166	 73.127638	 73.122537	 73.117835	 73.113503	 73.109515	 73.105846	 73.102472	 73.099373	 73.096528	 73.093918	 73.091525	 73.089333	 73.087326	  73.08549	 73.083811	 73.082277	 73.080877	   73.0796	 73.078436	 73.077375	 73.076409	  73.07553	 73.074731	 73.074006	 73.073347	 73.072749	 73.072207	 73.071716	 73.071272	  73.07087	 73.070506	 73.070178	 73.069881	 73.069614	 73.069373	 73.069155	  73.06896	 73.068784	 73.068626	 73.068483	 73.068356	 73.068241	 73.068139	 73.068047	 73.067964	 73.067891	 73.067825	 73.067766	 73.067714	 73.067667	 73.067625	 73.067588	 73.067555	 73.067525	 73.067499	 73.067476	 73.067455	 73.067437	 73.067421	 73.067406	 73.067393	 73.067382	 73.067372	 73.067363	 73.067356	 73.067349	 73.067343	 73.067337	 73.067333	 73.067329	 73.067325	 73.067322	 73.067319	 73.067317	 73.067315	 73.067313	 73.067312	  73.06731	 73.067309	 73.067308	 73.067308	 73.067307	 73.067307	 73.067306	 73.067306	
        99	 98.419986	  97.84038	 97.261585	 96.684008	  96.10805	 95.534108	 94.962576	 94.393845	 93.828297	 93.266308	 92.708248	 92.154478	 91.605351	 91.061209	 90.522385	 89.989201	 89.461968	 88.940987	 88.426542	 87.918909	 87.418349	 86.925109	 86.439423	 85.961511	 85.491578	 85.029814	 84.576397	 84.131486	  83.69523	 83.267759	  82.84919	 82.439625	 82.039152	 81.647842	 81.265756	 80.892936	 80.529413	 80.175204	 79.830312	 79.494727	 79.168427	 78.851378	 78.543534	 78.244836	 77.955216	 77.674595	 77.402884	 77.139985	 76.885789	 76.640182	 76.403039	 76.174229	 75.953614	  75.74105	 75.536386	 75.339467	 75.150132	 74.968217	 74.793554	 74.625971	 74.465294	 74.311346	 74.163948	 74.022921	 73.888085	 73.759256	 73.636255	   73.5189	  73.40701	 73.300405	 73.198907	 73.102339	 73.010525	 72.923294	 72.840473	 72.761896	 72.687397	 72.616813	 72.549987	 72.486761	 72.426985	 72.370509	 72.317189	 72.266883	 72.219454	  72.17477	   72.1327	  72.09312	 72.055908	 72.020947	 71.988124	 71.957329	 71.928458	  71.90141	 71.876086	 71.852394	 71.830244	  71.80955	  71.79023	 71.772206	 71.755401	 71.739745	  71.72517	 71.711609	 71.699003	  71.68729	 71.676416	 71.666328	 71.656976	 71.648311	 71.640289	 71.632868	 71.626007	 71.619668	 71.613816	 71.608417	  71.60344	 71.598854	 71.594633	 71.590749	 71.587178	 71.583898	 71.580886	 71.578123	  71.57559	  71.57327	 71.571145	 71.569202	 71.567425	 71.565802	  71.56432	 71.562968	 71.561735	 71.560612	  71.55959	  71.55866	 71.557814	 71.557046	 71.556348	 71.555716	 71.555142	 71.554622	 71.554152	 71.553726	 71.553341	 71.552994	  71.55268	 71.552397	 71.552142	 71.551912	 71.551705	 71.551518	 71.551351	   71.5512	 71.551065	 71.550944	 71.550836	 71.550738	 71.550651	 71.550573	 71.550503	 71.550441	 71.550386	 71.550336	 71.550292	 71.550252	 71.550217	 71.550186	 71.550158	 71.550134	 71.550112	 71.550093	 71.550075	  71.55006	 71.550047	 71.550035	 71.550024	 71.550015	 71.550007	 71.549999	 71.549993	 71.549987	 71.549982	 71.549978	 71.549974	 71.549971	 71.549968	 71.549966	 71.549963	 71.549962	  71.54996	 71.549959	 71.549957	 71.549957	 71.549956	 71.549955	 71.549955	 71.549954	 71.549954	
