Time step 7:
        99	        99	        99	        99	        99	        99	        99	        99	        99	        99	        99	        99	        99	        99	        99	        99	        99	        99	        99	        99	        99	        99	        99	        99	        99	        99	        99	        99	        99	        99	        99	        99	        99	        99	        99	        99	        99	        99	        99	        99	        99	        99	        99	        99	        99	        99	        99	        99	        99	        99	        99	        99	        99	        99	        99	        99	        99	        99	        99	        99	        99	        99	        99	        99	        99	        99	        99	        99	        99	        99	        99	        99	        99	        99	        99	        99	        99	        99	        99	        99	        99	        99	        99	        99	        99	        99	        99	        99	        99	        99	        99	        99	        99	        99	        99	        99	        99	        99	        99	        99	        99	        99	        99	        99	        99	        99	        99	        99	        99	        99	        99	        99	        99	        99	        99	        99	        99	        99	        99	        99	        99	        99	        99	        99	        99	        99	        99	        99	        99	        99	        99	        99	        99	        99	        99	        99	        99	        99	        99	        99	        99	        99	        99	        99	        99	        99	        99	        99	        99	        99	        99	        99	        99	        99	        99	        99	        99	        99	        99	        99	        99	        99	        99	        99	        99	        99	        99	        99	        99	        99	        99	        99	        99	        99	        99	        99	        99	        99	        99	        99	        99	        99	        99	        99	        99	        99	        99	        99	        99	        99	        99	        99	        99	        99	        99	        99	        99	        99	        99	        99	
        99	  98.90933	 98.818823	 98.728642	 98.638948	   98.5499	 98.461651	 98.374352	 98.288149	 98.203181	 98.119582	 98.037478	 97.956988	 97.878221	 97.801281	 97.726259	 97.653241	   97.5823	 97.513502	 97.446903	 97.382548	 97.320473	 97.260706	 97.203265	 97.148158	 97.095385	  97.04494	 96.996806	  96.95096	 96.907372	 96.866006	 96.826818	 96.789761	 96.754782	 96.721823	 96.690825	 96.661723	  96.63445	 96.608938	 96.585114	 96.562909	 96.542248	  96.52306	  96.50527	 96.488808	 96.473601	 96.459578	 96.446672	 96.434813	 96.423938	 96.413981	 96.404883	 96.396583	 96.389026	 96.382157	 96.375924	  96.37028	 96.365177	 96.360572	 96.356424	 96.352695	 96.349347	 96.346347	 96.343665	  96.34127	 96.339136	 96.337237	 96.335551	 96.334057	 96.332735	 96.331567	 96.330538	 96.329632	 96.328836	 96.328138	 96.327527	 96.326993	 96.326527	 96.326122	  96.32577	 96.325464	 96.325199	  96.32497	 96.324773	 96.324603	 96.324457	 96.324331	 96.324224	 96.324132	 96.324053	 96.323986	 96.323929	 96.323881	  96.32384	 96.323805	 96.323776	 96.323751	 96.323731	 96.323713	 96.323698	 96.323686	 96.323676	 96.323667	  96.32366	 96.323654	 96.323649	 96.323645	 96.323642	 96.323639	 96.323637	 96.323635	 96.323634	 96.323632	 96.323631	  96.32363	  96.32363	 96.323629	 96.323629	 96.323628	 96.323628	 96.323628	 96.323628	 96.323627	 96.323627	 96.323627	 96.323627	 96.323627	 96.323627	 96.323627	 96.323627	 96.323627	 96.323627	 96.323627	 96.323627	 96.323627	 96.323627	 96.323627	 96.323627	 96.323627	 96.323627	 96.323627	 96.323627	 96.323627	 96.323627	 96.323627	 96.323627	 96.323627	 96.323627	 96.323627	 96.323627	 96.323627	 96.323627	 96.323627	 96.323627	 96.323627	 96.323627	 96.323627	 96.323627	 96.323627	 96.323627	 96.323627	 96.323627	 96.323627	 96.323627	 96.323627	 96.323627	 96.323627	 96.323627	 96.323627	 96.323627	 96.323627	 96.323627	 96.323627	 96.323627	 96.323627	 96.323627	 96.323627	 96.323627	 96.323627	 96.323627	 96.323627	 96.323627	 96.323627	 96.323627	 96.323627	 96.323627	 96.323627	 96.323627	 96.323627	 96.323627	 96.323627	 96.323627	 96.323627	 96.323627	 96.323627	 96.323627	 96.323627	 96.323627	 96.323627	 96.323627	
        99	 98.818823	 98.637973	 98.457774	 98.278548	 98.100611	 97.924272	 97.749832	 97.577581	 97.407799	 97.240752	 97.076692	 96.915855	 96.758464	 96.604722	 96.454815	  96.30891	 96.167156	 96.029685	 95.896606	 95.768011	 95.643974	 95.524548	 95.409768	 95.299654	 95.194205	 95.093405	 94.997224	 94.905615	 94.818518	 94.735859	 94.657553	 94.583506	 94.513611	 94.447754	 94.385814	 94.327662	 94.273165	 94.222186	 94.174582	 94.130211	 94.088927	 94.050585	 94.015038	 93.982143	 93.951756	 93.923737	 93.897946	 93.874251	 93.852519	 93.832624	 93.814444	 93.797859	 93.782758	 93.769033	 93.756579	 93.745301	 93.735105	 93.725903	 93.717615	 93.710162	 93.703472	 93.697479	 93.692118	 93.687333	 93.683068	 93.679275	 93.675906	  93.67292	 93.670278	 93.667945	 93.665888	 93.664077	 93.662487	 93.661092	 93.659871	 93.658805	 93.657874	 93.657064	  93.65636	  93.65575	 93.655221	 93.654764	 93.654369	 93.654029	 93.653737	 93.653486	 93.653271	 93.653087	 93.652931	 93.652797	 93.652683	 93.652586	 93.652505	 93.652435	 93.652377	 93.652327	 93.652286	 93.652251	 93.652222	 93.652197	 93.652177	  93.65216	 93.652146	 93.652134	 93.652124	 93.652116	 93.652109	 93.652104	 93.652099	 93.652095	 93.652092	  93.65209	 93.652088	 93.652086	 93.652084	 93.652083	 93.652082	 93.652082	 93.652081	 93.652081	  93.65208	  93.65208	  93.65208	 93.652079	 93.652079	 93.652079	 93.652079	 93.652079	 93.652079	 93.652079	 93.652079	 93.652079	 93.652079	 93.652079	 93.652079	 93.652079	 93.652079	 93.652079	 93.652079	 93.652079	 93.652079	 93.652079	 93.652079	 93.652079	 93.652079	 93.652079	 93.652079	 93.652079	 93.652079	 93.652079	 93.652079	 93.652079	 93.652079	 93.652079	 93.652079	 93.652079	 93.652079	 93.652079	 93.652079	 93.652079	 93.652079	 93.652079	 93.652079	 93.652079	 93.652079	 93.652079	 93.652079	 93.652079	 93.652079	 93.652079	 93.652079	 93.652079	 93.652079	 93.652079	 93.652079	 93.652079	 93.652079	 93.652079	 93.652079	 93.652079	 93.652079	 93.652079	 93.652079	 93.652079	 93.652079	 93.652079	 93.652079	 93.652079	 93.652079	 93.652079	 93.652079	 93.652079	 93.652079	 93.652079	 93.652079	 93.652079	 93.652079	 93.652079	 93.652079	
        99	 98.728642	 98.457774	 98.187881	 97.919445	  97.65294	 97.388829	 97.127561	 96.869573	 96.615282	 96.365087	 96.119366	 95.878474	 95.642742	 95.412474	  95.18795	 94.969421	  94.75711	 94.551213	 94.351894	 94.159291	 93.973514	 93.794643	 93.622733	 93.457809	 93.299873	 93.148901	 93.004845	 92.867638	 92.737187	 92.613385	 92.496103	 92.385199	 92.280514	 92.181877	 92.089106	 92.002009	 91.920387	 91.844032	 91.772734	 91.706277	 91.644444	 91.587017	 91.533777	 91.484508	 91.438996	  91.39703	 91.358403	 91.322913	 91.290365	 91.260567	 91.233337	 91.208497	  91.18588	 91.165322	  91.14667	 91.129778	 91.114506	 91.100725	 91.088311	 91.077149	 91.067129	 91.058153	 91.050124	 91.042957	 91.036569	 91.030887	 91.025842	  91.02137	 91.017413	 91.013918	 91.010837	 91.008125	 91.005743	 91.003655	 91.001826	 91.000229	 90.998835	 90.997622	 90.996567	 90.995653	 90.994861	 90.994176	 90.993585	 90.993076	 90.992638	 90.992262	 90.991941	 90.991665	  90.99143	  90.99123	  90.99106	 90.990915	 90.990792	 90.990689	 90.990601	 90.990527	 90.990465	 90.990413	 90.990369	 90.990332	 90.990302	 90.990276	 90.990255	 90.990237	 90.990222	  90.99021	   90.9902	 90.990192	 90.990185	 90.990179	 90.990175	 90.990171	 90.990168	 90.990165	 90.990163	 90.990161	  90.99016	 90.990159	 90.990158	 90.990157	 90.990157	 90.990156	 90.990156	 90.990156	 90.990155	 90.990155	 90.990155	 90.990155	 90.990155	 90.990155	 90.990155	 90.990155	 90.990155	 90.990155	 90.990155	 90.990155	 90.990155	 90.990155	 90.990155	 90.990155	 90.990154	 90.990154	 90.990154	 90.990154	 90.990154	 90.990154	 90.990154	 90.990154	 90.990154	 90.990154	 90.990154	 90.990154	 90.990154	 90.990154	 90.990154	 90.990154	 90.990154	 90.990154	 90.990154	 90.990154	 90.990154	 90.990154	 90.990154	 90.990154	 90.990154	 90.990154	 90.990154	 90.990154	 90.990154	 90.990154	 90.990154	 90.990154	 90.990154	 90.990154	 90.990154	 90.990154	 90.990154	 90.990154	 90.990154	 90.990154	 90.990154	 90.990154	 90.990154	 90.990154	 90.990154	 90.990154	 90.990154	 90.990154	 90.990154	 90.990154	 90.990154	 90.990154	 90.990154	 90.990154	 90.990154	 90.990154	 90.990154	 90.990154	 90.990154	
        99	 98.638948	 98.278548	 97.919445	 97.562282	 97.207687	 96.856276	  96.50865	 96.165387	 95.827043	  95.49415	 95.167209	 94.846693	 94.533042	 94.226663	 93.927925	 93.637164	 93.354677	 93.080722	 92.815521	 92.559256	 92.312073	 92.074079	 91.845345	 91.625907	 91.415767	 91.214893	 91.023223	 90.840663	 90.667094	  90.50237	 90.346323	  90.19876	 90.059472	 89.928232	 89.804797	 89.688911	  89.58031	 89.478717	 89.383852	 89.295429	 89.213158	 89.136749	 89.065911	 89.000357	 88.939802	 88.883964	 88.832569	 88.785349	 88.742042	 88.702395	 88.666164	 88.633115	 88.603021	 88.575668	 88.550851	 88.528375	 88.508056	  88.48972	 88.473203	  88.45835	 88.445019	 88.433075	 88.422393	 88.412856	 88.404358	 88.396798	 88.390085	 88.384134	  88.37887	  88.37422	  88.37012	 88.366512	 88.363343	 88.360564	 88.358131	 88.356005	 88.354151	 88.352537	 88.351134	 88.349917	 88.348863	 88.347952	 88.347165	 88.346488	 88.345906	 88.345406	 88.344978	 88.344612	 88.344299	 88.344032	 88.343806	 88.343613	  88.34345	 88.343312	 88.343195	 88.343097	 88.343014	 88.342945	 88.342887	 88.342838	 88.342797	 88.342763	 88.342735	 88.342711	 88.342691	 88.342675	 88.342662	 88.342651	 88.342642	 88.342634	 88.342628	 88.342623	 88.342619	 88.342616	 88.342613	 88.342611	 88.342609	 88.342607	 88.342606	 88.342605	 88.342604	 88.342604	 88.342603	 88.342603	 88.342603	 88.342602	 88.342602	 88.342602	 88.342602	 88.342602	 88.342602	 88.342602	 88.342601	 88.342601	 88.342601	 88.342601	 88.342601	 88.342601	 88.342601	 88.342601	 88.342601	 88.342601	 88.342601	 88.342601	 88.342601	 88.342601	 88.342601	 88.342601	 88.342601	 88.342601	 88.342601	 88.342601	 88.342601	 88.342601	 88.342601	 88.342601	 88.342601	 88.342601	 88.342601	 88.342601	 88.342601	 88.342601	 88.342601	 88.342601	 88.342601	 88.342601	 88.342601	 88.342601	 88.342601	 88.342601	 88.342601	 88.342601	 88.342601	 88.342601	 88.342601	 88.342601	 88.342601	 88.342601	 88.342601	 88.342601	 88.342601	 88.342601	 88.342601	 88.342601	 88.342601	 88.342601	 88.342601	 88.342601	 88.342601	 88.342601	 88.342601	 88.342601	 88.342601	 88.342601	 88.342601	 88.342601	 88.342601	 88.342601	 88.342601	
        99	   98.5499	 98.100611	  97.65294	 97.207687	 96.765635	 96.327554	  95.89419	 95.466265	 95.044474	 94.629476	 94.221899	 93.822332	 93.431323	 93.049379	 92.676962	 92.314489	 91.962329	 91.620807	 91.290197	 90.970728	  90.66258	 90.365888	  90.08074	 89.807181	 89.545212	 89.294795	 89.055851	 88.828265	 88.611888	 88.406537	 88.212002	 88.028045	 87.854404	 87.690795	 87.536916	 87.392449	 87.257062	 87.130413	 87.012151	 86.901919	 86.799357	 86.704102	 86.615794	 86.534072	 86.458581	 86.388972	 86.324901	 86.266035	 86.212046	 86.162621	 86.117454	 86.076253	 86.038738	 86.004639	 85.973701	 85.945682	 85.920351	 85.897492	 85.876901	 85.858386	 85.841767	 85.826877	  85.81356	 85.801671	 85.791077	 85.781652	 85.773283	 85.765865	 85.759302	 85.753505	 85.748395	 85.743897	 85.739946	 85.736481	 85.733449	 85.730799	 85.728487	 85.726475	 85.724726	 85.723209	 85.721895	 85.720759	 85.719779	 85.718934	 85.718208	 85.717585	 85.717051	 85.716595	 85.716205	 85.715873	  85.71559	  85.71535	 85.715147	 85.714975	 85.714829	 85.714707	 85.714604	 85.714517	 85.714444	 85.714383	 85.714333	  85.71429	 85.714255	 85.714225	 85.714201	 85.714181	 85.714164	  85.71415	 85.714139	  85.71413	 85.714122	 85.714116	 85.714111	 85.714107	 85.714103	   85.7141	 85.714098	 85.714096	 85.714095	 85.714094	 85.714093	 85.714092	 85.714091	 85.714091	  85.71409	  85.71409	  85.71409	 85.714089	 85.714089	 85.714089	 85.714089	 85.714089	 85.714089	 85.714089	 85.714089	 85.714089	 85.714089	 85.714089	 85.714089	 85.714089	 85.714089	 85.714089	 85.714089	 85.714089	 85.714089	 85.714089	 85.714089	 85.714089	 85.714089	 85.714089	 85.714089	 85.714089	 85.714089	 85.714089	 85.714089	 85.714089	 85.714089	 85.714089	 85.714089	 85.714089	 85.714089	 85.714089	 85.714089	 85.714089	 85.714089	 85.714089	 85.714089	 85.714089	 85.714089	 85.714089	 85.714089	 85.714089	 85.714089	 85.714089	 85.714089	 85.714089	 85.714089	 85.714089	 85.714089	 85.714089	 85.714089	 85.714089	 85.714089	 85.714089	 85.714089	 85.714089	 85.714089	 85.714089	 85.714089	 85.714089	 85.714089	 85.714089	 85.714089	 85.714089	 85.714089	 85.714089	 85.714089	 85.714089	 85.714089	
        99	 98.461651	 97.924272	 97.388829	 96.856276	 96.327554	  95.80358	 95.285249	 94.773423	 94.268933	 93.772568	  93.28508	 92.807172	   92.3395	  91.88267	 91.437235	 91.003693	 90.582487	 90.174004	 89.778573	 89.396467	 89.027902	 88.673039	 88.331983	 88.004789	 87.691458	 87.391943	  87.10615	 86.833942	 86.575141	 86.329528	 86.096852	 85.876827	 85.669141	 85.473454	 85.289405	 85.116613	 84.954681	 84.803201	 84.661752	 84.529907	 84.407236	 84.293305	 84.187682	 84.089937	 83.999645	 83.916388	 83.839756	 83.769347	 83.704774	 83.645658	 83.591636	 83.542357	 83.497486	 83.456701	 83.419697	 83.386184	 83.355887	 83.328547	 83.303918	 83.281773	 83.261896	 83.244086	 83.228159	 83.213939	 83.201267	 83.189994	 83.179985	 83.171113	 83.163262	 83.156329	 83.150216	 83.144837	 83.140111	 83.135967	  83.13234	  83.12917	 83.126406	 83.123999	 83.121907	 83.120092	 83.118521	 83.117162	  83.11599	  83.11498	 83.114112	 83.113366	 83.112728	 83.112182	 83.111716	 83.111318	  83.11098	 83.110693	  83.11045	 83.110244	  83.11007	 83.109924	   83.1098	 83.109697	  83.10961	 83.109537	 83.109476	 83.109425	 83.109383	 83.109348	 83.109319	 83.109295	 83.109275	 83.109258	 83.109245	 83.109233	 83.109224	 83.109217	 83.109211	 83.109206	 83.109202	 83.109198	 83.109195	 83.109193	 83.109192	  83.10919	 83.109189	 83.109188	 83.109187	 83.109187	 83.109186	 83.109186	 83.109185	 83.109185	 83.109185	 83.109185	 83.109185	 83.109185	 83.109185	 83.109185	 83.109184	 83.109184	 83.109184	 83.109184	 83.109184	 83.109184	 83.109184	 83.109184	 83.109184	 83.109184	 83.109184	 83.109184	 83.109184	 83.109184	 83.109184	 83.109184	 83.109184	 83.109184	 83.109184	 83.109184	 83.109184	 83.109184	 83.109184	 83.109184	 83.109184	 83.109184	 83.109184	 83.109184	 83.109184	 83.109184	 83.109184	 83.109184	 83.109184	 83.109184	 83.109184	 83.109184	 83.109184	 83.109184	 83.109184	 83.109184	 83.109184	 83.109184	 83.109184	 83.109184	 83.109184	 83.109184	 83.109184	 83.109184	 83.109184	 83.109184	 83.109184	 83.109184	 83.109184	 83.109184	 83.109184	 83.109184	 83.109184	 83.109184	 83.109184	 83.109184	 83.109184	 83.109184	 83.109184	 83.109184	 83.109184	
        99	 98.374352	 97.749832	 97.127561	  96.50865	  95.89419	 95.285249	 94.682865	 94.088041	 93.501743	 92.924888	 92.358349	 91.802943	 91.259433	 90.728523	 90.210856	 89.707011	 89.217503	  88.74278	 88.283226	 87.839158	 87.410826	 86.998419	 86.602058	 86.221805	 85.857664	  85.50958	 85.177443	 84.861094	 84.560326	 84.274884	 84.004477	 83.748773	 83.507409	 83.279989	 83.066094	 82.865283	 82.677092	 82.501048	 82.336661	 82.183437	 82.040873	 81.908467	 81.785717	 81.672122	 81.567188	  81.47043	 81.381371	 81.299545	   81.2245	 81.155798	 81.093016	 81.035746	 80.983598	   80.9362	 80.893196	 80.854248	 80.819038	 80.787264	 80.758642	 80.732905	 80.709805	 80.689108	 80.670597	 80.654071	 80.639345	 80.626244	 80.614611	   80.6043	 80.595177	  80.58712	 80.580016	 80.573764	 80.568272	 80.563456	  80.55924	 80.555557	 80.552344	 80.549547	 80.547116	 80.545007	  80.54318	 80.541601	 80.540239	 80.539065	 80.538056	  80.53719	 80.536448	 80.535813	 80.535272	  80.53481	 80.534417	 80.534084	 80.533801	 80.533562	 80.533359	 80.533189	 80.533046	 80.532925	 80.532824	  80.53274	 80.532669	  80.53261	 80.532561	  80.53252	 80.532486	 80.532458	 80.532435	 80.532416	   80.5324	 80.532387	 80.532376	 80.532368	  80.53236	 80.532355	  80.53235	 80.532346	 80.532343	  80.53234	 80.532338	 80.532337	 80.532335	 80.532334	 80.532333	 80.532333	 80.532332	 80.532332	 80.532331	 80.532331	 80.532331	 80.532331	  80.53233	  80.53233	  80.53233	  80.53233	  80.53233	  80.53233	  80.53233	  80.53233	  80.53233	  80.53233	  80.53233	  80.53233	  80.53233	  80.53233	  80.53233	  80.53233	  80.53233	  80.53233	  80.53233	  80.53233	  80.53233	  80.53233	  80.53233	  80.53233	  80.53233	  80.53233	  80.53233	  80.53233	  80.53233	  80.53233	  80.53233	  80.53233	  80.53233	  80.53233	  80.53233	  80.53233	  80.53233	  80.53233	  80.53233	  80.53233	  80.53233	  80.53233	  80.53233	  80.53233	  80.53233	  80.53233	  80.53233	  80.53233	  80.53233	  80.53233	  80.53233	  80.53233	  80.53233	  80.53233	  80.53233	  80.53233	  80.53233	  80.53233	  80.53233	  80.53233	  80.53233	  80.53233	  80.53233	  80.53233	  80.53233	  80.53233	  80.53233	  80.53233	  80.53233	
        99	 98.288149	 97.577581	 96.869573	 96.165387	 95.466265	 94.773423	 94.088041	 93.411262	 92.744182	 92.087847	 91.443249	 90.811318	 90.192923	 89.588863	 88.999871	 88.426605	 87.869651	  87.32952	 86.806648	 86.301395	 85.814047	 85.344817	 84.893845	 84.461201	 84.046888	 83.650843	 83.272944	 82.913008	 82.570799	 82.246029	 81.938365	  81.64743	 81.372809	 81.114055	  80.87069	  80.64221	  80.42809	  80.22779	 80.040754	 79.866418	 79.704212	 79.553563	 79.413899	 79.284653	 79.165261	 79.055172	 78.953842	 78.860742	 78.775357	 78.697189	 78.625757	 78.560596	 78.501263	 78.447334	 78.398405	 78.354092	  78.31403	 78.277878	 78.245313	  78.21603	 78.189747	 78.166198	 78.145136	 78.126334	 78.109578	 78.094673	 78.081437	 78.069705	 78.059325	 78.050157	 78.042075	 78.034962	 78.028713	 78.023233	 78.018437	 78.014246	 78.010591	 78.007408	 78.004642	 78.002242	 78.000164	 77.998368	 77.996817	 77.995482	 77.994334	 77.993349	 77.992504	 77.991782	 77.991166	  77.99064	 77.990193	 77.989814	 77.989492	  77.98922	  77.98899	 77.988796	 77.988633	 77.988496	 77.988381	 77.988285	 77.988204	 77.988137	 77.988081	 77.988035	 77.987996	 77.987965	 77.987938	 77.987916	 77.987898	 77.987884	 77.987872	 77.987862	 77.987853	 77.987847	 77.987841	 77.987837	 77.987833	 77.987831	 77.987828	 77.987826	 77.987825	 77.987824	 77.987823	 77.987822	 77.987821	 77.987821	  77.98782	  77.98782	  77.98782	 77.987819	 77.987819	 77.987819	 77.987819	 77.987819	 77.987819	 77.987819	 77.987819	 77.987819	 77.987819	 77.987819	 77.987819	 77.987819	 77.987819	 77.987819	 77.987819	 77.987819	 77.987819	 77.987819	 77.987819	 77.987819	 77.987819	 77.987819	 77.987819	 77.987819	 77.987819	 77.987819	 77.987819	 77.987819	 77.987819	 77.987819	 77.987819	 77.987819	 77.987819	 77.987819	 77.987819	 77.987819	 77.987819	 77.987819	 77.987819	 77.987819	 77.987819	 77.987819	 77.987819	 77.987819	 77.987819	 77.987819	 77.987819	 77.987819	 77.987819	 77.987819	 77.987819	 77.987819	 77.987819	 77.987819	 77.987819	 77.987819	 77.987819	 77.987819	 77.987819	 77.987819	 77.987819	 77.987819	 77.987819	 77.987819	 77.987819	 77.987819	 77.987819	 77.987819	 77.987819	
        99	 98.203181	 97.407799	 96.615282	 95.827043	 95.044474	 94.268933	 93.501743	 92.744182	 91.997478	 91.262802	 90.541264	 89.833905	 89.141697	 88.465536	 87.806241	 87.164549	 86.541116	 85.936515	 85.351232	 84.785671	 84.240153	 83.714914	 83.210113	 82.725828	 82.262062	 81.818745	  81.39574	 80.992841	 80.609785	  80.24625	 79.901863	 79.576201	 79.268802	 78.979162	 78.706749	 78.450997	  78.21132	 77.987111	  77.77775	 77.582605	 77.401038	 77.232407	 77.076073	   76.9314	 76.797758	 76.674528	 76.561103	 76.456891	 76.361314	 76.273816	 76.193857	 76.120919	 76.054504	 75.994138	 75.939369	 75.889766	 75.844923	 75.804455	 75.768003	 75.735225	 75.705804	 75.679445	 75.655869	 75.634823	 75.616067	 75.599382	 75.584567	 75.571435	 75.559816	 75.549554	 75.540506	 75.532544	  75.52555	 75.519416	 75.514047	 75.509356	 75.505264	 75.501701	 75.498605	 75.495919	 75.493593	 75.491582	 75.489847	 75.488352	 75.487067	 75.485964	 75.485019	 75.484211	 75.483521	 75.482932	 75.482432	 75.482007	 75.481647	 75.481343	 75.481085	 75.480868	 75.480686	 75.480532	 75.480404	 75.480296	 75.480206	 75.480131	 75.480068	 75.480016	 75.479973	 75.479937	 75.479908	 75.479883	 75.479863	 75.479847	 75.479833	 75.479822	 75.479813	 75.479806	 75.479799	 75.479795	 75.479791	 75.479787	 75.479785	 75.479783	 75.479781	 75.479779	 75.479778	 75.479777	 75.479777	 75.479776	 75.479776	 75.479775	 75.479775	 75.479775	 75.479775	 75.479775	 75.479774	 75.479774	 75.479774	 75.479774	 75.479774	 75.479774	 75.479774	 75.479774	 75.479774	 75.479774	 75.479774	 75.479774	 75.479774	 75.479774	 75.479774	 75.479774	 75.479774	 75.479774	 75.479774	 75.479774	 75.479774	 75.479774	 75.479774	 75.479774	 75.479774	 75.479774	 75.479774	 75.479774	 75.479774	 75.479774	 75.479774	 75.479774	 75.479774	 75.479774	 75.479774	 75.479774	 75.479774	 75.479774	 75.479774	 75.479774	 75.479774	 75.479774	 75.479774	 75.479774	 75.479774	 75.479774	 75.479774	 75.479774	 75.479774	 75.479774	 75.479774	 75.479774	 75.479774	 75.479774	 75.479774	 75.479774	 75.479774	 75.479774	 75.479774	 75.479774	 75.479774	 75.479774	 75.479774	 75.479774	 75.479774	 75.479774	 75.479774	
        99	 98.119582	 97.240752	 96.365087	  95.49415	 94.629476	 93.772568	 92.924888	 92.087847	 91.262802	 90.451047	 89.653808	 88.872236	 88.107404	 87.360303	 86.631837	 85.922822	 85.233982	 84.565947	 83.919259	 83.294362	  82.69161	 82.111266	 81.553503	 81.018409	 80.505986	 80.016159	 79.548773	 79.103604	  78.68036	 78.278684	 77.898165	 77.538336	 77.198686	 76.878659	 76.577665	  76.29508	 76.030258	 75.782526	   75.5512	 75.335581	 75.134964	 74.948642	 74.775906	 74.616054	 74.468391	 74.332232	 74.206907	 74.091761	 73.986157	 73.889479	 73.801131	  73.72054	 73.647158	 73.580459	 73.519943	 73.465136	 73.415588	 73.370875	 73.330598	 73.294381	 73.261874	 73.232749	   73.2067	 73.183445	 73.162722	 73.144286	 73.127917	 73.113407	 73.100569	  73.08923	 73.079234	 73.070436	 73.062708	 73.055931	 73.049998	 73.044815	 73.040294	 73.036358	 73.032936	 73.029969	 73.027398	 73.025176	 73.023259	 73.021608	 73.020188	 73.018969	 73.017925	 73.017032	 73.016269	 73.015619	 73.015067	 73.014597	 73.014199	 73.013863	 73.013578	 73.013339	 73.013137	 73.012967	 73.012825	 73.012706	 73.012607	 73.012524	 73.012455	 73.012397	 73.012349	  73.01231	 73.012277	  73.01225	 73.012228	  73.01221	 73.012195	 73.012183	 73.012173	 73.012164	 73.012158	 73.012152	 73.012148	 73.012144	 73.012141	 73.012139	 73.012137	 73.012136	 73.012134	 73.012133	 73.012133	 73.012132	 73.012131	 73.012131	 73.012131	 73.012131	  73.01213	  73.01213	  73.01213	  73.01213	  73.01213	  73.01213	  73.01213	  73.01213	  73.01213	  73.01213	  73.01213	  73.01213	  73.01213	  73.01213	  73.01213	  73.01213	  73.01213	  73.01213	  73.01213	  73.01213	  73.01213	  73.01213	  73.01213	  73.01213	  73.01213	  73.01213	  73.01213	  73.01213	  73.01213	  73.01213	  73.01213	  73.01213	  73.01213	  73.01213	  73.01213	  73.01213	  73.01213	  73.01213	  73.01213	  73.01213	  73.01213	  73.01213	  73.01213	  73.01213	  73.01213	  73.01213	  73.01213	  73.01213	  73.01213	  73.01213	  73.01213	  73.01213	  73.01213	  73.01213	  73.01213	  73.01213	  73.01213	  73.01213	  73.01213	  73.01213	  73.01213	  73.01213	  73.01213	  73.01213	  73.01213	  73.01213	  73.01213	  73.01213	  73.01213	
        99	 98.037478	 97.076692	 96.119366	 95.167209	 94.221899	  93.28508	 92.358349	 91.443249	 90.541264	 89.653808	 88.782221	 87.927763	 87.091606	 86.274834	 85.478435	 84.703299	 83.950221	 83.219888	 82.512893	  81.82972	 81.170758	 80.536294	 79.926517	 79.341522	 78.781313	 78.245806	 77.734834	  77.24815	 76.785436	 76.346302	 75.930297	 75.536912	 75.165587	 74.815716	 74.486652	 74.177716	 73.888196	 73.617362	 73.364464	 73.128737	 72.909412	 72.705714	 72.516869	  72.34211	 72.180676	  72.03182	 71.894808	 71.768924	 71.653472	 71.547778	 71.451191	 71.363085	 71.282859	  71.20994	 71.143781	 71.083863	 71.029694	 70.980812	 70.936778	 70.897184	 70.861645	 70.829804	 70.801326	 70.775903	 70.753247	 70.733092	 70.715196	 70.699333	 70.685298	 70.672902	 70.661973	 70.652355	 70.643906	 70.636497	 70.630011	 70.624344	 70.619402	 70.615098	 70.611358	 70.608114	 70.605304	 70.602875	 70.600779	 70.598973	 70.597421	 70.596088	 70.594947	  70.59397	 70.593137	 70.592426	 70.591822	 70.591309	 70.590874	 70.590506	 70.590195	 70.589933	 70.589712	 70.589527	 70.589372	 70.589241	 70.589133	 70.589042	 70.588966	 70.588904	 70.588851	 70.588808	 70.588773	 70.588743	 70.588719	 70.588699	 70.588683	 70.588669	 70.588658	 70.588649	 70.588642	 70.588636	 70.588631	 70.588627	 70.588624	 70.588621	 70.588619	 70.588618	 70.588616	 70.588615	 70.588614	 70.588614	 70.588613	 70.588613	 70.588612	 70.588612	 70.588612	 70.588612	 70.588612	 70.588611	 70.588611	 70.588611	 70.588611	 70.588611	 70.588611	 70.588611	 70.588611	 70.588611	 70.588611	 70.588611	 70.588611	 70.588611	 70.588611	 70.588611	 70.588611	 70.588611	 70.588611	 70.588611	 70.588611	 70.588611	 70.588611	 70.588611	 70.588611	 70.588611	 70.588611	 70.588611	 70.588611	 70.588611	 70.588611	 70.588611	 70.588611	 70.588611	 70.588611	 70.588611	 70.588611	 70.588611	 70.588611	 70.588611	 70.588611	 70.588611	 70.588611	 70.588611	 70.588611	 70.588611	 70.588611	 70.588611	 70.588611	 70.588611	 70.588611	 70.588611	 70.588611	 70.588611	 70.588611	 70.588611	 70.588611	 70.588611	 70.588611	 70.588611	 70.588611	 70.588611	 70.588611	 70.588611	 70.588611	 70.588611	 70.588611	
        99	 97.956988	 96.915855	 95.878474	 94.846693	 93.822332	 92.807172	 91.802943	 90.811318	 89.833905	 88.872236	 87.927763	 87.001851	 86.095771	 85.210696	 84.347698	 83.507743	 82.691688	 81.900282	 81.134164	 80.393862	 79.679794	 78.992273	 78.331503	 77.697588	 77.090532	 76.510244	 75.956542	  75.42916	 74.927751	 74.451894	 74.001101	  73.57482	 73.172443	 72.793314	 72.436733	 72.101961	 71.788231	 71.494749	 71.220702	 70.965262	 70.727596	 70.506864	 70.302227	 70.112854	 69.937921	 69.776616	 69.628147	 69.491736	 69.366629	 69.252097	 69.147433	 69.051959	 68.965024	 68.886007	 68.814315	 68.749386	 68.690688	 68.637718	 68.590002	 68.547097	 68.508586	 68.474082	 68.443223	 68.415674	 68.391123	 68.369283	  68.34989	 68.332701	 68.317492	 68.304059	 68.292216	 68.281794	 68.272638	  68.26461	 68.257582	 68.251441	 68.246085	 68.241422	 68.237369	 68.233853	 68.230808	 68.228176	 68.225905	 68.223948	 68.222266	 68.220822	 68.219585	 68.218527	 68.217624	 68.216854	 68.216199	 68.215643	 68.215172	 68.214773	 68.214436	 68.214152	 68.213913	 68.213712	 68.213544	 68.213403	 68.213285	 68.213187	 68.213105	 68.213037	  68.21298	 68.212933	 68.212895	 68.212863	 68.212837	 68.212815	 68.212797	 68.212783	 68.212771	 68.212761	 68.212753	 68.212747	 68.212741	 68.212737	 68.212734	 68.212731	 68.212729	 68.212727	 68.212725	 68.212724	 68.212723	 68.212723	 68.212722	 68.212721	 68.212721	 68.212721	 68.212721	  68.21272	  68.21272	  68.21272	  68.21272	  68.21272	  68.21272	  68.21272	  68.21272	  68.21272	  68.21272	  68.21272	  68.21272	  68.21272	  68.21272	  68.21272	  68.21272	  68.21272	  68.21272	  68.21272	  68.21272	  68.21272	  68.21272	  68.21272	  68.21272	  68.21272	  68.21272	  68.21272	  68.21272	  68.21272	  68.21272	  68.21272	  68.21272	  68.21272	  68.21272	  68.21272	  68.21272	  68.21272	  68.21272	  68.21272	  68.21272	  68.21272	  68.21272	  68.21272	  68.21272	  68.21272	  68.21272	  68.21272	  68.21272	  68.21272	  68.21272	  68.21272	  68.21272	  68.21272	  68.21272	  68.21272	  68.21272	  68.21272	  68.21272	  68.21272	  68.21272	  68.21272	  68.21272	  68.21272	  68.21272	  68.21272	  68.21272	  68.21272	  68.21272	
        99	 97.878221	 96.758464	 95.642742	 94.533042	 93.431323	   92.3395	 91.259433	 90.192923	 89.141697	 88.107404	 87.091606	 86.095771	 85.121265	 84.169351	 83.241181	 82.337794	 81.460112	  80.60894	 79.784966	 78.988758	 78.220765	 77.481323	 76.770653	 76.088866	 75.435966	 74.811856	 74.216339	  73.64913	 73.109856	 72.598063	 72.113227	 71.654754	  71.22199	  70.81423	  70.43072	 70.070667	 69.733245	 69.417599	 69.122857	 68.848127	 68.592513	 68.355111	 68.135021	 67.931347	 67.743202	 67.569717	 67.410035	 67.263322	 67.128768	 67.005587	 66.893018	 66.790334	 66.696834	  66.61185	 66.534744	 66.464912	 66.401781	 66.344811	 66.293492	 66.247346	 66.205928	 66.168818	 66.135628	 66.105998	 66.079593	 66.056104	 66.035247	  66.01676	 66.000402	 65.985955	 65.973218	 65.962008	 65.952161	 65.943526	 65.935968	 65.929363	 65.923603	 65.918588	 65.914229	 65.910447	 65.907172	 65.904341	 65.901899	 65.899794	 65.897985	 65.896432	 65.895102	 65.893964	 65.892992	 65.892164	  65.89146	 65.890862	 65.890355	 65.889926	 65.889564	 65.889258	 65.889001	 65.888785	 65.888604	 65.888452	 65.888326	  65.88822	 65.888132	 65.888059	 65.887998	 65.887948	 65.887906	 65.887872	 65.887843	  65.88782	 65.887801	 65.887785	 65.887773	 65.887762	 65.887754	 65.887747	 65.887741	 65.887736	 65.887733	  65.88773	 65.887727	 65.887725	 65.887724	 65.887723	 65.887722	 65.887721	  65.88772	  65.88772	 65.887719	 65.887719	 65.887719	 65.887719	 65.887718	 65.887718	 65.887718	 65.887718	 65.887718	 65.887718	 65.887718	 65.887718	 65.887718	 65.887718	 65.887718	 65.887718	 65.887718	 65.887718	 65.887718	 65.887718	 65.887718	 65.887718	 65.887718	 65.887718	 65.887718	 65.887718	 65.887718	 65.887718	 65.887718	 65.887718	 65.887718	 65.887718	 65.887718	 65.887718	 65.887718	 65.887718	 65.887718	 65.887718	 65.887718	 65.887718	 65.887718	 65.887718	 65.887718	 65.887718	 65.887718	 65.887718	 65.887718	 65.887718	 65.887718	 65.887718	 65.887718	 65.887718	 65.887718	 65.887718	 65.887718	 65.887718	 65.887718	 65.887718	 65.887718	 65.887718	 65.887718	 65.887718	 65.887718	 65.887718	 65.887718	 65.887718	 65.887718	 65.887718	 65.887718	 65.887718	 65.887718	
        99	 97.801281	 96.604722	 95.412474	 94.226663	 93.049379	  91.88267	 90.728523	 89.588863	 88.465536	 87.360303	 86.274834	 85.210696	 84.169351	 83.152148	 82.160316	 81.194967	 80.257087	 79.347535	 78.467047	 77.616228	  76.79556	 76.005402	 75.245988	 74.517439	 73.819758	 73.152841	 72.516479	 71.910366	 71.334104	 70.787209	 70.269119	   69.7792	 69.316754	 68.881027	 68.471213	 68.086465	 67.725899	 67.388604	 67.073646	 66.780073	 66.506927	 66.253242	 66.018057	 65.800413	 65.599364	 65.413979	 65.243345	  65.08657	 64.942787	 64.811157	 64.690868	 64.581141	 64.481228	 64.390415	  64.30802	 64.233399	 64.165938	  64.10506	 64.050221	 64.000911	 63.956651	 63.916996	  63.88153	 63.849868	 63.821652	 63.796552	 63.774264	 63.754509	 63.737029	 63.721591	  63.70798	 63.696002	  63.68548	 63.676253	 63.668176	 63.661118	 63.654963	 63.649603	 63.644945	 63.640904	 63.637405	  63.63438	 63.631769	 63.629521	 63.627588	 63.625928	 63.624506	  63.62329	 63.622252	 63.621368	 63.620615	 63.619976	 63.619434	 63.618976	 63.618589	 63.618262	 63.617988	 63.617757	 63.617563	 63.617401	 63.617266	 63.617153	 63.617059	  63.61698	 63.616915	 63.616862	 63.616817	 63.616781	  63.61675	 63.616726	 63.616705	 63.616688	 63.616675	 63.616664	 63.616654	 63.616647	 63.616641	 63.616636	 63.616632	 63.616629	 63.616626	 63.616624	 63.616623	 63.616621	  63.61662	 63.616619	 63.616619	 63.616618	 63.616618	 63.616617	 63.616617	 63.616617	 63.616617	 63.616617	 63.616616	 63.616616	 63.616616	 63.616616	 63.616616	 63.616616	 63.616616	 63.616616	 63.616616	 63.616616	 63.616616	 63.616616	 63.616616	 63.616616	 63.616616	 63.616616	 63.616616	 63.616616	 63.616616	 63.616616	 63.616616	 63.616616	 63.616616	 63.616616	 63.616616	 63.616616	 63.616616	 63.616616	 63.616616	 63.616616	 63.616616	 63.616616	 63.616616	 63.616616	 63.616616	 63.616616	 63.616616	 63.616616	 63.616616	 63.616616	 63.616616	 63.616616	 63.616616	 63.616616	 63.616616	 63.616616	 63.616616	 63.616616	 63.616616	 63.616616	 63.616616	 63.616616	 63.616616	 63.616616	 63.616616	 63.616616	 63.616616	 63.616616	 63.616616	 63.616616	 63.616616	 63.616616	 63.616616	 63.616616	 63.616616	
        99	 97.726259	 96.454815	  95.18795	 93.927925	 92.676962	 91.437235	 90.210856	 88.999871	 87.806241	 86.631837	 85.478435	 84.347698	 83.241181	 82.160316	 81.106412	 80.080647	 79.084069	 78.117594	    77.182	 76.277933	 75.405905	 74.566294	 73.759354	 72.985208	 72.243863	 71.535207	 70.859019	 70.214973	 69.602646	 69.021524	 68.471009	 67.950429	 67.459041	 66.996044	 66.560582	 66.151754	 65.768623	 65.410219	 65.075549	 64.763603	 64.473362	 64.203801	 63.953896	 63.722631	    63.509	 63.312013	   63.1307	 62.964113	 62.811332	 62.671463	 62.543646	 62.427052	 62.320886	  62.22439	 62.136839	 62.057547	 61.985864	 61.921176	 61.862905	 61.810509	 61.763479	 61.721342	 61.683657	 61.650013	 61.620031	  61.59336	 61.569678	 61.548686	 61.530112	 61.513708	 61.499245	 61.486518	 61.475337	 61.465532	  61.45695	 61.449451	  61.44291	 61.437215	 61.432266	 61.427972	 61.424253	 61.421039	 61.418265	 61.415876	 61.413821	 61.412058	 61.410547	 61.409255	 61.408152	 61.407212	 61.406413	 61.405734	 61.405158	 61.404671	 61.404259	 61.403913	 61.403621	 61.403375	  61.40317	 61.402997	 61.402854	 61.402734	 61.402634	  61.40255	 61.402481	 61.402424	 61.402377	 61.402338	 61.402306	  61.40228	 61.402258	  61.40224	 61.402226	 61.402214	 61.402204	 61.402196	  61.40219	 61.402185	  61.40218	 61.402177	 61.402174	 61.402172	  61.40217	 61.402169	 61.402168	 61.402167	 61.402166	 61.402166	 61.402165	 61.402165	 61.402164	 61.402164	 61.402164	 61.402164	 61.402164	 61.402164	 61.402164	 61.402164	 61.402164	 61.402163	 61.402163	 61.402163	 61.402163	 61.402163	 61.402163	 61.402163	 61.402163	 61.402163	 61.402163	 61.402163	 61.402163	 61.402163	 61.402163	 61.402163	 61.402163	 61.402163	 61.402163	 61.402163	 61.402163	 61.402163	 61.402163	 61.402163	 61.402163	 61.402163	 61.402163	 61.402163	 61.402163	 61.402163	 61.402163	 61.402163	 61.402163	 61.402163	 61.402163	 61.402163	 61.402163	 61.402163	 61.402163	 61.402163	 61.402163	 61.402163	 61.402163	 61.402163	 61.402163	 61.402163	 61.402163	 61.402163	 61.402163	 61.402163	 61.402163	 61.402163	 61.402163	 61.402163	 61.402163	 61.402163	 61.402163	 61.402163	 61.402163	 61.402163	 61.402163	
        99	 97.653241	  96.30891	 94.969421	 93.637164	 92.314489	 91.003693	 89.707011	 88.426605	 87.164549	 85.922822	 84.703299	 83.507743	 82.337794	 81.194967	 80.080647	 78.996079	 77.942372	 76.920493	 75.931265	 74.975372	 74.053354	 73.165612	 72.312413	 71.493889	 70.710046	 69.960766	 69.245814	 68.564848	 67.917419	 67.302983	  66.72091	 66.170487	  65.65093	 65.161391	 64.700966	 64.268702	 63.863608	 63.484658	 63.130802	 62.800974	 62.494095	 62.209081	  61.94485	 61.700328	  61.47445	 61.266171	 61.074464	 60.898328	 60.736788	 60.588901	 60.453757	 60.330479	 60.218227	 60.116199	 60.023629	 59.939792	    59.864	 59.795603	 59.733992	 59.678592	 59.628866	 59.584314	 59.544468	 59.508896	 59.477195	 59.448995	 59.423955	  59.40176	 59.382122	 59.364777	 59.349485	 59.336028	 59.324206	 59.313839	 59.304765	 59.296836	  59.28992	 59.283899	 59.278666	 59.274126	 59.270194	 59.266796	 59.263863	 59.261337	 59.259164	   59.2573	 59.255703	 59.254337	  59.25317	 59.252176	 59.251331	 59.250613	 59.250004	 59.249489	 59.249054	 59.248688	 59.248379	  59.24812	 59.247902	  59.24772	 59.247568	 59.247441	 59.247335	 59.247247	 59.247174	 59.247114	 59.247064	 59.247023	 59.246989	 59.246961	 59.246938	 59.246919	 59.246904	 59.246891	 59.246881	 59.246873	 59.246866	 59.246861	 59.246856	 59.246852	  59.24685	 59.246847	 59.246845	 59.246844	 59.246843	 59.246842	 59.246841	  59.24684	  59.24684	 59.246839	 59.246839	 59.246839	 59.246839	 59.246839	 59.246838	 59.246838	 59.246838	 59.246838	 59.246838	 59.246838	 59.246838	 59.246838	 59.246838	 59.246838	 59.246838	 59.246838	 59.246838	 59.246838	 59.246838	 59.246838	 59.246838	 59.246838	 59.246838	 59.246838	 59.246838	 59.246838	 59.246838	 59.246838	 59.246838	 59.246838	 59.246838	 59.246838	 59.246838	 59.246838	 59.246838	 59.246838	 59.246838	 59.246838	 59.246838	 59.246838	 59.246838	 59.246838	 59.246838	 59.246838	 59.246838	 59.246838	 59.246838	 59.246838	 59.246838	 59.246838	 59.246838	 59.246838	 59.246838	 59.246838	 59.246838	 59.246838	 59.246838	 59.246838	 59.246838	 59.246838	 59.246838	 59.246838	 59.246838	 59.246838	 59.246838	 59.246838	 59.246838	 59.246838	 59.246838	
        99	   97.5823	 96.167156	  94.75711	 93.354677	 91.962329	 90.582487	 89.217503	 87.869651	 86.541116	 85.233982	 83.950221	 82.691688	 81.460112	 80.257087	 79.084069	 77.942372	 76.833161	 75.757454	 74.716119	 73.709874	 72.739289	 71.804785	 70.906644	 70.045004	 69.219872	 68.431124	 67.678513	 66.961676	 66.280144	 65.633343	 65.020609	 64.441193	 63.894268	 63.378943	 62.894265	 62.439232	 62.012799	 61.613888	 61.241393	 60.894191	 60.571147	  60.27112	 59.992971	 59.735569	 59.497793	 59.278543	 59.076737	 58.891323	 58.721274	 58.565598	 58.423335	 58.293563	 58.175398	 58.067996	  57.97055	 57.882297	 57.802512	 57.730513	 57.665656	 57.607338	 57.554993	 57.508094	  57.46615	 57.428703	 57.395333	 57.365648	 57.339288	 57.315924	 57.295251	 57.276993	 57.260896	  57.24673	 57.234285	 57.223372	  57.21382	 57.205473	 57.198193	 57.191855	 57.186346	 57.181567	 57.177428	 57.173851	 57.170763	 57.168104	 57.165817	 57.163855	 57.162173	 57.160735	 57.159508	 57.158461	 57.157571	 57.156816	 57.156175	 57.155633	 57.155175	 57.154789	 57.154464	 57.154191	 57.153962	  57.15377	  57.15361	 57.153476	 57.153365	 57.153273	 57.153196	 57.153132	  57.15308	 57.153036	 57.153001	 57.152971	 57.152947	 57.152927	 57.152911	 57.152898	 57.152887	 57.152878	 57.152871	 57.152865	 57.152861	 57.152857	 57.152854	 57.152852	  57.15285	 57.152848	 57.152847	 57.152846	 57.152845	 57.152844	 57.152844	 57.152843	 57.152843	 57.152843	 57.152843	 57.152842	 57.152842	 57.152842	 57.152842	 57.152842	 57.152842	 57.152842	 57.152842	 57.152842	 57.152842	 57.152842	 57.152842	 57.152842	 57.152842	 57.152842	 57.152842	 57.152842	 57.152842	 57.152842	 57.152842	 57.152842	 57.152842	 57.152842	 57.152842	 57.152842	 57.152842	 57.152842	 57.152842	 57.152842	 57.152842	 57.152842	 57.152842	 57.152842	 57.152842	 57.152842	 57.152842	 57.152842	 57.152842	 57.152842	 57.152842	 57.152842	 57.152842	 57.152842	 57.152842	 57.152842	 57.152842	 57.152842	 57.152842	 57.152842	 57.152842	 57.152842	 57.152842	 57.152842	 57.152842	 57.152842	 57.152842	 57.152842	 57.152842	 57.152842	 57.152842	 57.152842	 57.152842	 57.152842	 57.152842	 57.152842	 57.152842	
