Time step 84:
        99	        99	        99	        99	        99	        99	        99	        99	        99	        99	        99	        99	        99	        99	        99	        99	        99	        99	        99	        99	        99	        99	        99	        99	        99	        99	        99	        99	        99	        99	        99	        99	        99	        99	        99	        99	        99	        99	        99	        99	        99	        99	        99	        99	        99	        99	        99	        99	        99	        99	        99	        99	        99	        99	        99	        99	        99	        99	        99	        99	        99	        99	        99	        99	        99	        99	        99	        99	        99	        99	        99	        99	        99	        99	        99	        99	        99	        99	        99	        99	        99	        99	        99	        99	        99	        99	        99	        99	        99	        99	        99	        99	        99	        99	        99	        99	        99	        99	        99	        99	        99	        99	        99	        99	        99	        99	        99	        99	        99	        99	        99	        99	        99	        99	        99	        99	        99	        99	        99	        99	        99	        99	        99	        99	        99	        99	        99	        99	        99	        99	        99	        99	        99	        99	        99	        99	        99	        99	        99	        99	        99	        99	        99	        99	        99	        99	        99	        99	        99	        99	        99	        99	        99	        99	        99	        99	        99	        99	        99	        99	        99	        99	        99	        99	        99	        99	        99	        99	        99	        99	        99	        99	        99	        99	        99	        99	        99	        99	        99	        99	        99	        99	        99	        99	        99	        99	        99	        99	        99	        99	        99	        99	        99	        99	        99	        99	        99	        99	        99	        99	
        99	 98.992441	 98.984883	 98.977328	 98.969775	 98.962228	 98.954686	 98.947151	 98.939623	 98.932105	 98.924597	 98.917101	 98.909616	 98.902145	 98.894689	 98.887249	 98.879825	 98.872419	 98.865032	 98.857665	 98.850319	 98.842994	 98.835694	 98.828417	 98.821165	 98.813939	 98.806741	 98.799571	 98.792429	 98.785318	 98.778238	 98.771189	 98.764173	 98.757191	 98.750244	 98.743332	 98.736456	 98.729618	 98.722817	 98.716055	 98.709333	 98.702651	  98.69601	 98.689411	 98.682854	 98.676341	 98.669872	 98.663447	 98.657067	 98.650734	 98.644447	 98.638207	 98.632015	 98.625871	 98.619775	  98.61373	 98.607734	 98.601788	 98.595893	  98.59005	 98.584258	 98.578518	  98.57283	 98.567196	 98.561614	 98.556087	 98.550613	 98.545193	 98.539827	 98.534517	 98.529261	  98.52406	 98.518915	 98.513825	 98.508791	 98.503813	 98.498891	 98.494024	 98.489214	 98.484461	 98.479763	 98.475122	 98.470537	 98.466009	 98.461537	 98.457122	 98.452763	  98.44846	 98.444213	 98.440022	 98.435888	 98.431809	 98.427786	 98.423819	 98.419907	 98.416051	 98.412249	 98.408503	 98.404811	 98.401174	 98.397591	 98.394062	 98.390586	 98.387164	 98.383796	  98.38048	 98.377217	 98.374006	 98.370847	  98.36774	 98.364684	 98.361679	 98.358724	  98.35582	 98.352966	 98.350161	 98.347405	 98.344698	  98.34204	 98.339429	 98.336866	  98.33435	 98.331881	 98.329457	  98.32708	 98.324748	 98.322462	 98.320219	 98.318021	 98.315867	 98.313755	 98.311687	 98.309661	 98.307677	 98.305734	 98.303833	 98.301972	 98.300151	 98.298369	 98.296627	 98.294924	  98.29326	 98.291633	 98.290043	 98.288491	 98.286975	 98.285496	 98.284052	 98.282644	  98.28127	 98.279931	 98.278626	 98.277355	 98.276117	 98.274912	  98.27374	 98.272599	 98.271491	 98.270413	 98.269367	 98.268351	 98.267366	  98.26641	 98.265484	 98.264587	 98.263719	  98.26288	 98.262069	 98.261286	  98.26053	 98.259802	 98.259101	 98.258427	 98.257779	 98.257158	 98.256562	 98.255993	 98.255448	 98.254929	 98.254436	 98.253967	 98.253523	 98.253103	 98.252707	 98.252336	 98.251989	 98.251665	 98.251366	 98.251089	 98.250837	 98.250607	 98.250401	 98.250218	 98.250058	 98.249921	 98.249807	 98.249716	 98.249647	 98.249602	 98.249579	
        99	 98.984883	 98.969769	 98.954659	 98.939555	 98.924461	 98.909379	 98.894309	 98.879256	 98.864221	 98.849206	 98.834214	 98.819246	 98.804305	 98.789394	 98.774514	 98.759668	 98.744857	 98.730084	 98.715351	  98.70066	 98.686013	 98.671412	 98.656859	 98.642357	 98.627907	 98.613511	 98.599171	  98.58489	 98.570668	 98.556509	 98.542413	 98.528382	 98.514419	 98.500526	 98.486703	 98.472952	 98.459276	 98.445676	 98.432153	 98.418709	 98.405346	 98.392065	 98.378868	 98.365756	  98.35273	 98.339793	 98.326944	 98.314186	  98.30152	 98.288947	 98.276468	 98.264084	 98.251797	 98.239608	 98.227517	 98.215526	 98.203636	 98.191847	 98.180161	 98.168578	 98.157099	 98.145725	 98.134457	 98.123295	  98.11224	 98.101293	 98.090454	 98.079724	 98.069103	 98.058593	 98.048192	 98.037902	 98.027723	 98.017656	   98.0077	 97.997856	 97.988125	 97.978505	 97.968999	 97.959605	 97.950323	 97.941155	 97.932099	 97.923156	 97.914325	 97.905608	 97.897002	  97.88851	 97.880129	 97.871861	 97.863704	 97.855659	 97.847725	 97.839902	 97.832189	 97.824587	 97.817095	 97.809712	 97.802437	 97.795272	 97.788214	 97.781264	 97.774421	 97.767684	 97.761053	 97.754527	 97.748106	 97.741789	 97.735575	 97.729463	 97.723454	 97.717545	 97.711737	 97.706029	  97.70042	 97.694909	 97.689495	 97.684179	 97.678958	 97.673832	   97.6688	 97.663861	 97.659016	 97.654262	 97.649598	 97.645025	 97.640541	 97.636145	 97.631836	 97.627614	 97.623478	 97.619426	 97.615458	 97.611573	  97.60777	 97.604048	 97.600407	 97.596844	 97.593361	 97.589955	 97.586625	 97.583372	 97.580193	 97.577089	 97.574058	 97.571099	 97.568212	 97.565395	 97.562648	 97.559971	 97.557361	 97.554819	 97.552343	 97.549933	 97.547589	 97.545308	 97.543091	 97.540936	 97.538844	 97.536812	 97.534842	 97.532931	 97.531079	 97.529285	  97.52755	 97.525871	 97.524249	 97.522683	 97.521172	 97.519716	 97.518314	 97.516966	  97.51567	 97.514427	 97.513236	 97.512097	 97.511009	 97.509971	 97.508983	 97.508046	 97.507157	 97.506318	 97.505527	 97.504785	  97.50409	 97.503443	 97.502844	 97.502292	 97.501786	 97.501327	 97.500915	 97.500549	 97.500229	 97.499955	 97.499727	 97.499544	 97.499408	 97.499317	 97.499271	
        99	 98.977328	 98.954659	 98.931996	 98.909344	 98.886706	 98.864085	 98.841484	 98.818907	 98.796357	 98.773837	 98.751352	 98.728903	 98.706495	 98.684131	 98.661813	 98.639546	 98.617333	 98.595176	 98.573079	 98.551046	 98.529078	 98.507179	 98.485353	 98.463603	  98.44193	 98.420339	 98.398832	 98.377413	 98.356083	 98.334846	 98.313705	 98.292662	  98.27172	 98.250882	  98.23015	 98.209527	 98.189016	 98.168618	 98.148336	 98.128173	 98.108131	 98.088212	 98.068419	 98.048753	 98.029217	 98.009813	 97.990543	 97.971408	 97.952411	 97.933554	 97.914838	 97.896265	 97.877837	 97.859555	 97.841421	 97.823437	 97.805603	 97.787922	 97.770395	 97.753023	 97.735807	 97.718748	 97.701848	 97.685107	 97.668527	 97.652108	 97.635852	 97.619759	  97.60383	 97.588066	 97.572467	 97.557034	 97.541768	 97.526668	 97.511737	 97.496973	 97.482377	  97.46795	 97.453692	 97.439602	 97.425682	 97.411931	 97.398349	 97.384936	 97.371692	 97.358617	 97.345711	 97.332973	 97.320404	 97.308003	 97.295769	 97.283703	 97.271804	  97.26007	 97.248503	 97.237101	 97.225864	 97.214791	 97.203881	 97.193134	 97.182549	 97.172125	 97.161862	 97.151758	 97.141812	 97.132025	 97.122394	 97.112919	 97.103599	 97.094433	  97.08542	 97.076559	 97.067848	 97.059287	 97.050874	 97.042609	 97.034489	 97.026515	 97.018685	 97.010997	  97.00345	 96.996043	 96.988775	 96.981645	 96.974651	 96.967792	 96.961067	 96.954473	 96.948011	 96.941679	 96.935475	 96.929398	 96.923447	  96.91762	 96.911916	 96.906334	 96.900873	  96.89553	 96.890305	 96.885197	 96.880204	 96.875324	 96.870557	 96.865901	 96.861355	 96.856917	 96.852587	 96.848362	 96.844243	 96.840226	 96.836313	   96.8325	 96.828787	 96.825173	 96.821656	 96.818235	  96.81491	 96.811679	  96.80854	 96.805494	 96.802538	 96.799672	 96.796894	 96.794204	 96.791601	 96.789084	 96.786651	 96.784302	 96.782036	 96.779852	 96.777749	 96.775727	 96.773784	  96.77192	 96.770134	 96.768425	 96.766793	 96.765236	 96.763755	 96.762349	 96.761017	 96.759758	 96.758572	 96.757458	 96.756416	 96.755446	 96.754547	 96.753719	 96.752961	 96.752273	 96.751654	 96.751105	 96.750625	 96.750214	 96.749872	 96.749599	 96.749394	 96.749257	 96.749189	
        99	 98.969775	 98.939555	 98.909344	 98.879147	 98.848968	 98.818812	 98.788682	 98.758585	 98.728523	 98.698503	 98.668527	 98.638601	 98.608729	 98.578915	 98.549164	  98.51948	 98.489867	  98.46033	 98.430872	 98.401499	 98.372214	 98.343021	 98.313925	 98.284929	 98.256038	 98.227255	 98.198584	 98.170029	 98.141595	 98.113284	 98.085101	 98.057048	 98.029131	 98.001351	 97.973714	 97.946221	 97.918877	 97.891685	 97.864647	 97.837768	  97.81105	 97.784496	  97.75811	 97.731893	  97.70585	 97.679982	 97.654293	 97.628785	  97.60346	 97.578321	 97.553371	 97.528611	 97.504045	 97.479673	 97.455499	 97.431524	 97.407751	  97.38418	 97.360814	 97.337655	 97.314704	 97.291963	 97.269434	 97.247117	 97.225014	 97.203126	 97.181455	 97.160001	 97.138766	 97.117751	 97.096956	 97.076383	 97.056031	 97.035902	 97.015997	 96.996315	 96.976858	 96.957625	 96.938617	 96.919835	 96.901278	 96.882946	 96.864839	 96.846959	 96.829303	 96.811873	 96.794668	 96.777688	 96.760931	 96.744399	 96.728091	 96.712005	 96.696142	 96.680501	 96.665081	 96.649881	   96.6349	 96.620139	 96.605595	 96.591268	 96.577157	 96.563261	 96.549579	 96.536109	 96.522851	 96.509803	 96.496965	 96.484334	 96.471909	  96.45969	 96.447675	 96.435861	 96.424249	 96.412836	 96.401621	 96.390603	 96.379779	 96.369148	 96.358709	 96.348461	   96.3384	 96.328526	 96.318838	 96.309332	 96.300008	 96.290865	 96.281899	  96.27311	 96.264495	 96.256053	 96.247783	 96.239682	 96.231748	 96.223981	 96.216377	 96.208936	 96.201655	 96.194532	 96.187567	 96.180757	   96.1741	 96.167595	  96.16124	 96.155033	 96.148973	 96.143057	 96.137284	 96.131653	 96.126161	 96.120807	 96.115589	 96.110507	 96.105557	 96.100739	  96.09605	  96.09149	 96.087057	  96.08275	 96.078566	 96.074504	 96.070564	 96.066743	 96.063041	 96.059455	 96.055985	 96.052629	 96.049385	 96.046254	 96.043233	 96.040322	 96.037519	 96.034823	 96.032233	 96.029748	 96.027367	 96.025089	 96.022913	 96.020838	 96.018863	 96.016988	 96.015212	 96.013534	 96.011953	 96.010468	  96.00908	 96.007786	 96.006588	 96.005483	 96.004473	 96.003556	 96.002731	 96.001999	  96.00136	 96.000812	 96.000356	 95.999991	 95.999718	 95.999536	 95.999445	
        99	 98.962228	 98.924461	 98.886706	 98.848968	 98.811253	 98.773565	 98.735912	 98.698299	 98.660731	 98.623213	 98.585752	 98.548353	 98.511021	 98.473762	 98.436582	 98.399485	 98.362477	 98.325564	 98.288751	 98.252042	 98.215444	 98.178962	 98.142599	 98.106363	 98.070257	 98.034286	 97.998456	 97.962771	 97.927235	 97.891855	 97.856634	 97.821576	 97.786687	 97.751971	 97.717431	 97.683073	 97.648901	 97.614918	 97.581129	 97.547538	 97.514148	 97.480963	 97.447987	 97.415224	 97.382677	  97.35035	 97.318246	 97.286367	 97.254719	 97.223302	 97.192121	 97.161179	 97.130478	  97.10002	 97.069809	 97.039847	 97.010137	  96.98068	  96.95148	 96.922537	 96.893855	 96.865435	  96.83728	  96.80939	 96.781767	 96.754414	 96.727331	  96.70052	 96.673982	 96.647719	 96.621732	  96.59602	 96.570587	 96.545431	 96.520555	 96.495959	 96.471642	 96.447607	 96.423853	  96.40038	 96.377188	 96.354279	 96.331651	 96.309305	 96.287241	 96.265458	 96.243956	 96.222736	 96.201795	 96.181135	 96.160754	 96.140651	 96.120827	  96.10128	 96.082009	 96.063013	 96.044292	 96.025844	 96.007668	 95.989764	 95.972129	 95.954763	 95.937664	 95.920831	 95.904262	 95.887956	 95.871911	 95.856126	 95.840599	 95.825328	 95.810312	 95.795549	 95.781037	 95.766774	 95.752759	 95.738989	 95.725462	 95.712177	 95.699131	 95.686323	  95.67375	 95.661411	 95.649302	 95.637423	 95.625771	 95.614344	 95.603139	 95.592155	  95.58139	  95.57084	 95.560504	  95.55038	 95.540465	 95.530758	 95.521255	 95.511956	 95.502857	 95.493956	 95.485251	 95.476741	 95.468422	 95.460292	  95.45235	 95.444593	 95.437019	 95.429626	 95.422412	 95.415374	 95.408511	  95.40182	   95.3953	 95.388947	 95.382762	  95.37674	 95.370881	 95.365183	 95.359643	 95.354259	 95.349031	 95.343955	 95.339031	 95.334256	 95.329628	 95.325147	  95.32081	 95.316616	 95.312563	  95.30865	 95.304875	 95.301236	 95.297733	 95.294364	 95.291127	 95.288021	 95.285046	 95.282199	  95.27948	 95.276887	 95.274419	 95.272076	 95.269856	 95.267759	 95.265783	 95.263928	 95.262192	 95.260576	 95.259078	 95.257698	 95.256435	 95.255289	 95.254259	 95.253344	 95.252544	  95.25186	  95.25129	 95.250834	 95.250493	 95.250265	 95.250151	
        99	 98.954686	 98.909379	 98.864085	 98.818812	 98.773565	 98.728353	 98.683182	 98.638058	 98.592989	  98.54798	 98.503039	 98.458173	 98.413387	 98.368688	 98.324084	  98.27958	 98.235183	   98.1909	 98.146736	 98.102698	 98.058792	 98.015025	 97.971403	 97.927931	 97.884615	 97.841462	 97.798478	 97.755668	 97.713037	 97.670592	 97.628338	 97.586281	 97.544426	 97.502777	 97.461342	 97.420123	 97.379128	  97.33836	 97.297824	 97.257525	 97.217468	 97.177658	 97.138098	 97.098793	 97.059747	 97.020965	 96.982451	 96.944207	 96.906239	  96.86855	 96.831143	 96.794022	 96.757191	 96.720652	 96.684409	 96.648465	 96.612822	 96.577484	 96.542453	 96.507732	 96.473323	 96.439228	  96.40545	 96.371992	 96.338854	 96.306039	 96.273548	 96.241384	 96.209548	 96.178041	 96.146864	 96.116019	 96.085507	 96.055329	 96.025486	 95.995978	 95.966807	 95.937972	 95.909475	 95.881315	 95.853493	 95.826009	 95.798863	 95.772055	 95.745586	 95.719454	 95.693659	 95.668201	 95.643079	 95.618294	 95.593843	 95.569727	 95.545944	 95.522494	 95.499375	 95.476586	 95.454127	 95.431996	 95.410191	 95.388712	 95.367556	 95.346722	 95.326209	 95.306015	 95.286138	 95.266576	 95.247327	  95.22839	 95.209763	 95.191443	 95.173429	 95.155718	 95.138309	 95.121198	 95.104384	 95.087864	 95.071637	 95.055699	 95.040048	 95.024683	   95.0096	 94.994796	  94.98027	  94.96602	 94.952041	 94.938332	  94.92489	 94.911713	 94.898797	 94.886141	 94.873742	 94.861596	 94.849702	 94.838056	 94.826656	   94.8155	 94.804584	 94.793906	 94.783464	 94.773254	 94.763274	 94.753521	 94.743993	 94.734687	 94.725601	 94.716732	 94.708077	 94.699634	   94.6914	 94.683373	 94.675551	 94.667931	  94.66051	 94.653286	 94.646257	 94.639421	 94.632774	 94.626316	 94.620043	 94.613954	 94.608047	 94.602318	 94.596767	 94.591391	 94.586188	 94.581157	 94.576295	   94.5716	 94.567071	 94.562706	 94.558504	 94.554462	 94.550578	 94.546853	 94.543283	 94.539868	 94.536605	 94.533495	 94.530535	 94.527724	 94.525061	 94.522544	 94.520174	 94.517948	 94.515866	 94.513927	  94.51213	 94.510475	  94.50896	 94.507584	 94.506348	 94.505251	 94.504292	 94.503471	 94.502787	  94.50224	 94.501831	 94.501557	 94.501421	
        99	 98.947151	 98.894309	 98.841484	 98.788682	 98.735912	 98.683182	 98.630499	 98.577872	 98.525308	 98.472815	 98.420401	 98.368074	 98.315841	  98.26371	 98.211688	 98.159784	 98.108004	 98.056357	 98.004849	 97.953488	 97.902282	 97.851237	  97.80036	 97.749659	 97.699141	 97.648813	  97.59868	 97.548751	 97.499032	 97.449529	 97.400249	 97.351198	 97.302383	 97.253809	 97.205483	 97.157411	 97.109598	 97.062051	 97.014774	 96.967774	 96.921057	 96.874626	 96.828488	 96.782647	 96.737109	 96.691877	 96.646958	 96.602356	 96.558074	 96.514118	 96.470491	 96.427197	 96.384241	 96.341626	 96.299356	 96.257435	 96.215865	 96.174651	 96.133795	   96.0933	 96.053169	 96.013405	 95.974011	 95.934988	  95.89634	 95.858068	 95.820175	 95.782662	 95.745532	 95.708785	 95.672425	 95.636451	 95.600865	 95.565669	 95.530863	 95.496448	 95.462426	 95.428797	 95.395561	 95.362718	  95.33027	 95.298216	 95.266556	  95.23529	 95.204419	 95.173941	 95.143857	 95.114166	 95.084867	  95.05596	 95.027443	 94.999317	 94.971579	  94.94423	 94.917267	 94.890689	 94.864495	 94.838683	 94.813253	 94.788201	 94.763528	  94.73923	 94.715305	 94.691753	 94.668571	 94.645756	 94.623307	 94.601221	 94.579496	  94.55813	  94.53712	 94.516464	  94.49616	 94.476204	 94.456594	 94.437327	 94.418401	 94.399813	  94.38156	 94.363639	 94.346048	 94.328783	 94.311842	 94.295221	 94.278918	 94.262929	 94.247252	 94.231884	 94.216821	  94.20206	 94.187599	 94.173434	 94.159561	 94.145979	 94.132684	 94.119672	 94.106941	 94.094488	 94.082309	 94.070401	 94.058761	 94.047387	 94.036274	 94.025421	 94.014824	  94.00448	 93.994386	 93.984539	 93.974936	 93.965575	 93.956451	 93.947564	 93.938909	 93.930484	 93.922286	 93.914313	 93.906562	 93.899029	 93.891714	 93.884612	 93.877722	 93.871041	 93.864567	 93.858297	 93.852229	 93.846361	  93.84069	 93.835215	 93.829933	 93.824842	 93.819941	 93.815226	 93.810698	 93.806352	 93.802189	 93.798206	 93.794401	 93.790773	 93.787321	 93.784042	 93.780936	 93.778002	 93.775237	 93.772641	 93.770213	 93.767952	 93.765856	 93.763925	 93.762158	 93.760554	 93.759113	 93.757833	 93.756714	 93.755757	 93.754959	 93.754321	 93.753844	 93.753525	 93.753366	
        99	 98.939623	 98.879256	 98.818907	 98.758585	 98.698299	 98.638058	 98.577872	 98.517749	 98.457699	 98.397729	  98.33785	  98.27807	 98.218397	 98.158841	  98.09941	 98.040114	 97.980959	 97.921956	 97.863112	 97.804436	 97.745936	 97.687621	 97.629498	 97.571576	 97.513862	 97.456366	 97.399093	 97.342053	 97.285252	 97.228698	 97.172399	 97.116362	 97.060594	 97.005102	 96.949893	 96.894974	 96.840352	 96.786032	 96.732022	 96.678328	 96.624957	 96.571913	 96.519203	 96.466834	 96.414809	 96.363136	 96.311819	 96.260864	 96.210275	 96.160058	 96.110217	 96.060758	 96.011683	 95.962999	 95.914709	 95.866817	 95.819326	 95.772242	 95.725567	 95.679304	 95.633458	  95.58803	 95.543025	 95.498444	 95.454291	 95.410569	 95.367278	 95.324423	 95.282004	 95.240024	 95.198484	 95.157387	 95.116733	 95.076523	  95.03676	 94.997444	 94.958576	 94.920157	 94.882187	 94.844667	 94.807597	 94.770978	 94.734809	  94.69909	 94.663822	 94.629003	 94.594634	 94.560714	 94.527242	 94.494218	  94.46164	 94.429507	 94.397819	 94.366574	 94.335771	 94.305407	 94.275483	 94.245995	 94.216942	 94.188323	 94.160135	 94.132376	 94.105044	 94.078138	 94.051653	 94.025589	 93.999943	 93.974711	 93.949892	 93.925483	 93.901481	 93.877883	 93.854686	 93.831888	 93.809485	 93.787474	 93.765853	 93.744617	 93.723764	 93.703291	 93.683194	 93.663471	 93.644116	 93.625128	 93.606503	 93.588238	 93.570328	  93.55277	 93.535562	 93.518699	 93.502178	 93.485995	 93.470147	  93.45463	 93.439441	 93.424576	 93.410032	 93.395805	 93.381891	 93.368287	  93.35499	 93.341995	   93.3293	 93.316901	 93.304795	 93.292978	 93.281446	 93.270196	 93.259226	 93.248531	 93.238108	 93.227955	 93.218067	 93.208443	 93.199077	 93.189968	 93.181113	 93.172508	  93.16415	 93.156037	 93.148166	 93.140533	 93.133137	 93.125974	 93.119042	 93.112338	  93.10586	 93.099604	  93.09357	 93.087754	 93.082155	 93.076769	 93.071595	 93.066631	 93.061875	 93.057324	 93.052977	 93.048833	 93.044889	 93.041143	 93.037595	 93.034243	 93.031084	 93.028119	 93.025345	 93.022761	 93.020367	 93.018161	 93.016142	  93.01431	 93.012663	 93.011201	 93.009923	 93.008829	 93.007918	 93.007189	 93.006643	  93.00628	 93.006098	
        99	 98.932105	 98.864221	 98.796357	 98.728523	 98.660731	 98.592989	 98.525308	 98.457699	 98.390171	 98.322734	 98.255398	 98.188174	 98.121071	 98.054099	 97.987268	 97.920587	 97.854067	 97.787716	 97.721545	 97.655562	 97.589778	 97.524201	 97.458841	 97.393706	 97.328806	  97.26415	 97.199746	 97.135603	 97.071729	 97.008133	 96.944824	 96.881809	 96.819096	 96.756694	 96.694611	 96.632853	 96.571429	 96.510346	  96.44961	  96.38923	 96.329213	 96.269564	 96.210291	   96.1514	 96.092897	  96.03479	 95.977083	 95.919782	 95.862894	 95.806424	 95.750377	 95.694759	 95.639574	 95.584827	 95.530524	 95.476668	 95.423264	 95.370317	 95.317829	 95.265806	 95.214251	 95.163166	 95.112557	 95.062425	 95.012774	 94.963607	 94.914926	 94.866735	 94.819034	 94.771826	 94.725114	 94.678899	 94.633182	 94.587966	 94.543252	  94.49904	 94.455332	 94.412129	 94.369431	 94.327239	 94.285553	 94.244373	   94.2037	 94.163534	 94.123874	  94.08472	 94.046071	 94.007927	 93.970288	 93.933151	 93.896516	 93.860383	 93.824749	 93.789613	 93.754974	 93.720829	 93.687179	 93.654019	 93.621349	 93.589166	 93.557468	 93.526252	 93.495517	  93.46526	 93.435478	 93.406168	 93.377328	 93.348955	 93.321045	 93.293597	 93.266606	 93.240069	 93.213984	 93.188347	 93.163154	 93.138403	 93.114089	 93.090209	  93.06676	 93.043737	 93.021138	 92.998958	 92.977194	 92.955841	 92.934897	 92.914357	 92.894217	 92.874473	 92.855122	 92.836159	 92.817581	 92.799383	 92.781561	 92.764112	 92.747032	 92.730316	 92.713961	 92.697962	 92.682316	 92.667018	 92.652065	 92.637452	 92.623176	 92.609233	 92.595619	  92.58233	 92.569363	 92.556713	 92.544376	 92.532349	 92.520629	 92.509211	 92.498092	 92.487269	 92.476737	 92.466494	 92.456536	  92.44686	 92.437461	 92.428338	 92.419487	 92.410904	 92.402586	 92.394531	 92.386736	 92.379197	 92.371912	 92.364878	 92.358093	 92.351553	 92.345256	 92.339199	 92.333381	 92.327799	  92.32245	 92.317333	 92.312445	 92.307785	 92.303349	 92.299137	 92.295147	 92.291377	 92.287826	 92.284491	 92.281372	 92.278466	 92.275774	 92.273293	 92.271023	 92.268963	 92.267111	 92.265467	  92.26403	 92.262799	 92.261775	 92.260956	 92.260342	 92.259932	 92.259728	
        99	 98.924597	 98.849206	 98.773837	 98.698503	 98.623213	  98.54798	 98.472815	 98.397729	 98.322734	 98.247839	 98.173058	   98.0984	 98.023876	 97.949498	 97.875276	 97.801222	 97.727346	 97.653658	 97.580169	  97.50689	 97.433831	 97.361003	 97.288415	 97.216077	    97.144	 97.072194	 97.000668	 96.929432	 96.858495	 96.787866	 96.717556	 96.647573	 96.577925	 96.508623	 96.439674	 96.371087	  96.30287	 96.235032	  96.16758	 96.100523	 96.033869	 95.967624	 95.901796	 95.836393	 95.771421	 95.706887	 95.642799	 95.579162	 95.515983	 95.453268	 95.391024	 95.329255	 95.267967	 95.207167	 95.146858	 95.087047	 95.027737	 94.968935	 94.910643	 94.852867	  94.79561	 94.738877	 94.682671	 94.626996	 94.571855	  94.51725	 94.463186	 94.409665	 94.356689	 94.304261	 94.252384	 94.201058	 94.150286	  94.10007	 94.050411	  94.00131	 93.952768	 93.904788	 93.857368	  93.81051	 93.764214	 93.718481	 93.673311	 93.628703	 93.584657	 93.541173	  93.49825	 93.455888	 93.414086	 93.372843	 93.332157	 93.292028	 93.252453	 93.213432	 93.174962	 93.137042	  93.09967	 93.062844	 93.026561	 92.990819	 92.955615	 92.920948	 92.886814	 92.853211	 92.820135	 92.787584	 92.755555	 92.724044	 92.693049	 92.662564	 92.632589	 92.603118	 92.574148	 92.545676	 92.517697	 92.490209	 92.463206	 92.436686	 92.410643	 92.385075	 92.359976	 92.335344	 92.311173	 92.287459	 92.264199	 92.241387	  92.21902	 92.197093	 92.175602	 92.154542	 92.133909	 92.113699	 92.093907	 92.074528	 92.055559	 92.036995	 92.018831	 92.001063	 91.983686	 91.966697	  91.95009	 91.933862	 91.918007	 91.902522	 91.887403	 91.872644	 91.858243	 91.844194	 91.830493	 91.817136	  91.80412	 91.791439	 91.779091	 91.767071	 91.755375	 91.743999	 91.732939	 91.722193	 91.711755	 91.701623	 91.691793	 91.682261	 91.673024	 91.664078	 91.655421	 91.647048	 91.638958	 91.631146	  91.62361	 91.616346	 91.609353	 91.602627	 91.596166	 91.589966	 91.584026	 91.578343	 91.572914	 91.567738	 91.562813	 91.558135	 91.553704	 91.549517	 91.545572	 91.541869	 91.538405	 91.535178	 91.532188	 91.529433	 91.526912	 91.524623	 91.522567	 91.520741	 91.519145	 91.517778	 91.516641	 91.515731	 91.515049	 91.514595	 91.514367	
        99	 98.917101	 98.834214	 98.751352	 98.668527	 98.585752	 98.503039	 98.420401	  98.33785	 98.255398	 98.173058	 98.090841	  98.00876	 97.926827	 97.845055	 97.763454	 97.682037	 97.600815	 97.519801	 97.439006	 97.358442	 97.278119	 97.198049	 97.118245	 97.038715	 96.959472	 96.880527	 96.801889	  96.72357	 96.645581	  96.56793	  96.49063	 96.413688	 96.337116	 96.260924	 96.185119	 96.109713	 96.034714	 95.960132	 95.885974	  95.81225	 95.738968	 95.666137	 95.593765	 95.521859	 95.450427	 95.379478	 95.309018	 95.239054	 95.169594	 95.100643	  95.03221	   94.9643	 94.896919	 94.830074	 94.763769	 94.698011	 94.632805	 94.568156	 94.504069	 94.440549	 94.377599	 94.315226	 94.253432	 94.192221	 94.131597	 94.071564	 94.012125	 93.953282	  93.89504	 93.837399	 93.780363	 93.723935	 93.668115	 93.612906	  93.55831	 93.504327	  93.45096	 93.398209	 93.346074	 93.294558	 93.243659	 93.193379	 93.143718	 93.094675	  93.04625	 92.998442	 92.951252	 92.904679	 92.858721	 92.813377	 92.768646	 92.724527	 92.681017	 92.638117	 92.595822	 92.554132	 92.513044	 92.472556	 92.432666	 92.393371	 92.354667	 92.316553	 92.279026	 92.242082	 92.205718	  92.16993	 92.134717	 92.100073	 92.065995	 92.032481	 91.999525	 91.967124	 91.935274	 91.903971	  91.87321	 91.842989	 91.813301	 91.784144	 91.755513	 91.727402	 91.699808	 91.672727	 91.646153	 91.620081	 91.594508	 91.569429	 91.544838	 91.520731	 91.497103	 91.473949	 91.451265	 91.429045	 91.407286	  91.38598	 91.365125	 91.344715	 91.324745	 91.305211	 91.286107	 91.267428	  91.24917	 91.231328	 91.213898	 91.196873	  91.18025	 91.164025	 91.148191	 91.132745	 91.117682	 91.102998	 91.088687	 91.074746	  91.06117	 91.047955	 91.035096	 91.022589	  91.01043	 90.998615	  90.98714	    90.976	 90.965192	 90.954713	 90.944557	 90.934722	 90.925204	 90.915999	 90.907104	 90.898516	  90.89023	 90.882245	 90.874556	 90.867161	 90.860058	 90.853242	 90.846711	 90.840463	 90.834495	 90.828804	 90.823389	 90.818246	 90.813374	 90.808771	 90.804434	 90.800363	 90.796554	 90.793007	 90.789719	  90.78669	 90.783919	 90.781403	 90.779141	 90.777134	 90.775379	 90.773877	 90.772626	 90.771626	 90.770876	 90.770377	 90.770127	
        99	 98.909616	 98.819246	 98.728903	 98.638601	 98.548353	 98.458173	 98.368074	  98.27807	 98.188174	   98.0984	  98.00876	 97.919269	 97.829939	 97.740784	 97.651816	 97.563048	 97.474494	 97.386166	 97.298076	 97.210238	 97.122664	 97.035366	 96.948356	 96.861646	 96.775249	 96.689176	 96.603439	 96.518049	 96.433019	 96.348358	 96.264078	  96.18019	 96.096706	 96.013634	 95.930986	 95.848772	 95.767002	 95.685686	 95.604833	 95.524453	 95.444555	 95.365149	 95.286242	 95.207845	 95.129964	 95.052609	 94.975788	 94.899508	 94.823776	 94.748601	  94.67399	 94.599948	 94.526484	 94.453604	 94.381313	 94.309618	 94.238525	  94.16804	 94.098167	 94.028912	 93.960279	 93.892274	 93.824901	 93.758164	 93.692067	 93.626614	 93.561809	 93.497654	 93.434153	 93.371308	 93.309123	   93.2476	 93.186741	 93.126548	 93.067022	 93.008166	 92.949981	 92.892467	 92.835626	 92.779458	 92.723964	 92.669145	    92.615	 92.561529	 92.508732	 92.456609	 92.405158	  92.35438	 92.304273	 92.254835	 92.206066	 92.157963	 92.110526	 92.063752	 92.017639	 91.972185	 91.927388	 91.883245	 91.839753	  91.79691	 91.754712	 91.713157	 91.672242	 91.631962	 91.592315	 91.553297	 91.514904	 91.477133	 91.439979	 91.403438	 91.367507	  91.33218	 91.297455	 91.263326	 91.229788	 91.196838	 91.164471	 91.132681	 91.101465	 91.070816	 91.040731	 91.011205	 90.982232	 90.953807	 90.925925	 90.898581	  90.87177	 90.845486	 90.819725	 90.794481	 90.769749	 90.745523	 90.721799	  90.69857	 90.675832	  90.65358	 90.631807	 90.610509	  90.58968	 90.569315	 90.549409	 90.529956	 90.510952	  90.49239	 90.474267	 90.456576	 90.439313	 90.422473	  90.40605	 90.390039	 90.374437	 90.359237	 90.344435	 90.330027	 90.316007	 90.302371	 90.289114	 90.276233	 90.263721	 90.251576	 90.239793	 90.228367	 90.217294	 90.206571	 90.196194	 90.186158	  90.17646	 90.167096	 90.158063	 90.149356	 90.140974	 90.132911	 90.125166	 90.117735	 90.110614	 90.103802	 90.097295	 90.091091	 90.085187	  90.07958	 90.074268	 90.069249	 90.064521	 90.060082	 90.055929	 90.052062	 90.048478	 90.045175	 90.042153	  90.03941	 90.036945	 90.034756	 90.032843	 90.031205	 90.029841	 90.028751	 90.027933	 90.027389	 90.027116	
        99	 98.902145	 98.804305	 98.706495	 98.608729	 98.511021	 98.413387	 98.315841	 98.218397	 98.121071	 98.023876	 97.926827	 97.829939	 97.733225	 97.636701	 97.540379	 97.444274	   97.3484	 97.252771	   97.1574	 97.062302	 96.967489	 96.872975	 96.778773	 96.684896	 96.591358	  96.49817	 96.405347	 96.312899	  96.22084	 96.129181	 96.037935	 95.947114	 95.856728	  95.76679	 95.677311	 95.588301	 95.499772	 95.411735	 95.324199	 95.237175	 95.150673	 95.064703	 94.979274	 94.894397	 94.810079	  94.72633	 94.643159	 94.560573	 94.478582	 94.397194	 94.316415	 94.236254	 94.156717	 94.077812	 93.999547	 93.921926	 93.844956	 93.768645	 93.692996	 93.618017	 93.543711	 93.470085	 93.397143	  93.32489	  93.25333	 93.182467	 93.112304	 93.042847	 92.974097	 92.906058	 92.838733	 92.772124	 92.706235	 92.641066	 92.576621	 92.512899	 92.449904	 92.387637	 92.326097	 92.265287	 92.205207	 92.145856	 92.087235	 92.029345	 91.972184	 91.915752	 91.860049	 91.805073	 91.750824	   91.6973	   91.6445	 91.592421	 91.541063	 91.490423	 91.440499	 91.391288	 91.342788	 91.294996	 91.247909	 91.201524	 91.155839	 91.110849	 91.066552	 91.022943	 90.980019	 90.937775	 90.896209	 90.855315	  90.81509	 90.775529	 90.736628	 90.698382	 90.660786	 90.623836	 90.587527	 90.551853	  90.51681	 90.482393	 90.448596	 90.415414	 90.382843	 90.350875	 90.319507	 90.288733	 90.258546	 90.228942	 90.199915	 90.171459	 90.143569	 90.116238	 90.089462	 90.063234	 90.037548	   90.0124	 89.987782	  89.96369	 89.940118	 89.917059	 89.894508	  89.87246	 89.850909	 89.829848	 89.809273	 89.789177	 89.769556	 89.750403	 89.731713	  89.71348	   89.6957	 89.678366	 89.661474	 89.645018	 89.628993	 89.613393	 89.598215	 89.583452	 89.569099	 89.555153	 89.541607	 89.528458	 89.515701	  89.50333	 89.491343	 89.479733	 89.468498	 89.457633	 89.447133	 89.436995	 89.427215	 89.417789	 89.408714	 89.399985	 89.391599	 89.383554	 89.375845	  89.36847	 89.361425	 89.354708	 89.348315	 89.342245	 89.336494	 89.331061	 89.325942	 89.321135	  89.31664	 89.312453	 89.308572	 89.304997	 89.301725	 89.298755	 89.296086	 89.293716	 89.291645	 89.289872	 89.288395	 89.287215	  89.28633	  89.28574	 89.285445	
        99	 98.894689	 98.789394	 98.684131	 98.578915	 98.473762	 98.368688	  98.26371	 98.158841	 98.054099	 97.949498	 97.845055	 97.740784	 97.636701	 97.532821	  97.42916	 97.325732	 97.222553	 97.119637	 97.016999	 96.914654	 96.812617	 96.710901	 96.609521	 96.508492	 96.407826	 96.307538	 96.207641	 96.108149	 96.009075	 95.910433	 95.812234	 95.714492	 95.617219	 95.520428	 95.424131	 95.328339	 95.233064	 95.138319	 95.044113	 94.950458	 94.857365	 94.764844	 94.672906	 94.581561	 94.490818	 94.400688	 94.311179	 94.222301	 94.134063	 94.046472	 93.959538	 93.873269	 93.787672	 93.702755	 93.618525	  93.53499	 93.452156	 93.370029	 93.288617	 93.207924	 93.127957	 93.048721	 92.970221	 92.892462	 92.815449	 92.739186	 92.663678	 92.588928	 92.514939	 92.441716	 92.369261	 92.297577	 92.226667	 92.156533	 92.087176	   92.0186	 91.950805	 91.883793	 91.817564	  91.75212	 91.687462	 91.623589	 91.560501	   91.4982	 91.436683	 91.375952	 91.316004	 91.256839	 91.198457	 91.140854	 91.084031	 91.027984	 90.972712	 90.918214	 90.864485	 90.811524	 90.759329	 90.707895	 90.657221	 90.607302	 90.558135	 90.509717	 90.462044	 90.415113	 90.368918	 90.323456	 90.278722	 90.234712	 90.191422	 90.148847	 90.106982	 90.065821	 90.025361	 89.985595	 89.946519	 89.908127	 89.870414	 89.833374	 89.797002	 89.761292	 89.726239	 89.691836	 89.658077	 89.624958	 89.592471	 89.560611	 89.529372	 89.498748	 89.468733	 89.439319	 89.410503	 89.382276	 89.354634	 89.327569	 89.301076	 89.275148	 89.249779	 89.224963	 89.200694	 89.176966	 89.153773	 89.131107	 89.108964	 89.087337	 89.066221	 89.045608	 89.025494	 89.005873	 88.986737	 88.968083	 88.949904	 88.932194	 88.914947	 88.898159	 88.881824	 88.865936	  88.85049	 88.835481	 88.820903	 88.806752	 88.793023	  88.77971	 88.766809	 88.754315	 88.742224	  88.73053	 88.719231	  88.70832	 88.697795	 88.687651	 88.677884	  88.66849	 88.659465	 88.650807	  88.64251	 88.634573	 88.626992	 88.619763	 88.612883	  88.60635	 88.600161	 88.594314	 88.588805	 88.583632	 88.578794	 88.574288	 88.570112	 88.566264	 88.562743	 88.559546	 88.556674	 88.554124	 88.551895	 88.549986	 88.548397	 88.547127	 88.546174	  88.54554	 88.545222	
        99	 98.887249	 98.774514	 98.661813	 98.549164	 98.436582	 98.324084	 98.211688	  98.09941	 97.987268	 97.875276	 97.763454	 97.651816	 97.540379	  97.42916	 97.318174	 97.207439	  97.09697	 96.986783	 96.876893	 96.767318	 96.658071	 96.549169	 96.440626	 96.332458	  96.22468	 96.117306	 96.010351	  95.90383	 95.797756	 95.692144	 95.587007	 95.482359	 95.378214	 95.274584	 95.171483	 95.068923	 94.966917	 94.865477	 94.764616	 94.664344	 94.564673	 94.465616	 94.367182	 94.269383	 94.172229	 94.075731	 93.979898	  93.88474	 93.790267	 93.696488	 93.603412	 93.511048	 93.419403	 93.328486	 93.238306	 93.148868	 93.060182	 92.972253	 92.885088	 92.798694	 92.713077	 92.628242	 92.544196	 92.460943	 92.378489	 92.296838	 92.215995	 92.135963	 92.056747	 91.978351	 91.900777	 91.824028	 91.748108	 91.673018	 91.598762	  91.52534	 91.452755	 91.381008	   91.3101	 91.240033	 91.170806	  91.10242	 91.034875	 90.968172	 90.902309	 90.837286	 90.773103	 90.709758	 90.647251	 90.585578	  90.52474	 90.464734	 90.405557	 90.347207	 90.289683	  90.23298	 90.177097	 90.122029	 90.067774	 90.014329	 89.961688	  89.90985	 89.858808	 89.808561	 89.759102	 89.710428	 89.662534	 89.615415	 89.569066	 89.523482	 89.478659	 89.434591	 89.391271	 89.348696	 89.306859	 89.265755	 89.225377	  89.18572	 89.146779	 89.108546	 89.071015	 89.034182	 88.998038	 88.962579	 88.927797	 88.893686	  88.86024	 88.827452	 88.795316	 88.763824	 88.732972	 88.702751	 88.673155	 88.644178	 88.615813	 88.588053	 88.560892	 88.534323	  88.50834	 88.482935	 88.458103	 88.433836	 88.410128	 88.386974	 88.364365	 88.342296	 88.320761	 88.299753	 88.279266	 88.259293	  88.23983	 88.220868	 88.202404	 88.184429	  88.16694	 88.149929	 88.133392	 88.117322	 88.101715	 88.086564	 88.071864	 88.057611	 88.043798	 88.030422	 88.017476	 88.004957	 87.992859	 87.981177	 87.969909	 87.959048	  87.94859	 87.938533	 87.928871	   87.9196	 87.910718	  87.90222	 87.894103	 87.886363	 87.878997	 87.872003	 87.865377	 87.859116	 87.853218	  87.84768	   87.8425	 87.837675	 87.833204	 87.829084	 87.825314	 87.821892	 87.818817	 87.816087	   87.8137	 87.811657	 87.809955	 87.808595	 87.807575	 87.806896	 87.806556	
        99	 98.879825	 98.759668	 98.639546	  98.51948	 98.399485	  98.27958	 98.159784	 98.040114	 97.920587	 97.801222	 97.682037	 97.563048	 97.444274	 97.325732	 97.207439	 97.089413	  96.97167	 96.854228	 96.737103	 96.620313	 96.503873	   96.3878	 96.272111	 96.156821	 96.041946	 95.927503	 95.813506	 95.699971	 95.586913	 95.474347	 95.362288	  95.25075	 95.139747	 95.029295	 94.919405	 94.810092	  94.70137	 94.593251	 94.485748	 94.378874	 94.272641	 94.167061	 94.062147	 93.957908	 93.854358	 93.751505	 93.649363	  93.54794	 93.447246	 93.347293	 93.248088	 93.149642	 93.051964	 92.955061	 92.858943	 92.763616	  92.66909	 92.575372	 92.482468	 92.390386	 92.299131	 92.208711	 92.119131	 92.030397	 91.942514	 91.855487	  91.76932	 91.684019	 91.599588	 91.516029	 91.433347	 91.351545	 91.270626	 91.190593	 91.111447	 91.033191	 90.955827	 90.879356	  90.80378	 90.729098	 90.655313	 90.582425	 90.510433	 90.439338	 90.369138	 90.299835	 90.231425	  90.16391	 90.097287	 90.031554	  89.96671	 89.902752	 89.839679	 89.777488	 89.716176	  89.65574	 89.596177	 89.537483	 89.479656	 89.422691	 89.366585	 89.311333	 89.256931	 89.203375	  89.15066	 89.098781	 89.047733	 88.997512	 88.948112	 88.899527	 88.851752	 88.804782	 88.758611	 88.713232	  88.66864	  88.62483	 88.581793	 88.539526	  88.49802	  88.45727	 88.417268	 88.378009	 88.339486	 88.301692	  88.26462	 88.228263	 88.192615	 88.157668	 88.123416	 88.089851	 88.056967	 88.024756	 87.993212	 87.962327	 87.932094	 87.902507	 87.873557	 87.845239	 87.817545	 87.790467	    87.764	 87.738135	 87.712867	 87.688188	  87.66409	 87.640569	 87.617615	 87.595224	 87.573388	 87.552101	 87.531355	 87.511146	 87.491465	 87.472307	 87.453666	 87.435536	  87.41791	 87.400782	 87.384147	 87.367998	 87.352331	 87.337139	 87.322417	  87.30816	 87.294362	 87.281018	 87.268123	 87.255673	 87.243662	 87.232086	  87.22094	 87.210221	 87.199922	 87.190042	 87.180574	 87.171517	 87.162865	 87.154616	 87.146765	  87.13931	 87.132248	 87.125575	 87.119288	 87.113385	 87.107864	 87.102722	 87.097956	 87.093566	 87.089547	   87.0859	 87.082622	 87.079712	 87.077169	 87.074991	 87.073177	 87.071727	  87.07064	 87.069916	 87.069554	
        99	 98.872419	 98.744857	 98.617333	 98.489867	 98.362477	 98.235183	 98.108004	 97.980959	 97.854067	 97.727346	 97.600815	 97.474494	   97.3484	 97.222553	  97.09697	  96.97167	 96.846671	 96.721992	 96.597649	 96.473661	 96.350045	  96.22682	 96.104001	 95.981606	 95.859652	 95.738156	 95.617134	 95.496602	 95.376577	 95.257074	 95.138109	 95.019697	 94.901854	 94.784594	 94.667932	 94.551883	 94.436461	 94.321679	 94.207551	 94.094091	 93.981311	 93.869225	 93.757844	 93.647182	  93.53725	 93.428059	 93.319622	 93.211949	  93.10505	 92.998937	 92.893619	 92.789106	 92.685407	 92.582533	 92.480491	  92.37929	 92.278939	 92.179445	 92.080816	 91.983059	 91.886181	 91.790188	 91.695088	 91.600885	 91.507586	 91.415196	 91.323719	 91.233161	 91.143527	 91.054819	 90.967041	 90.880198	 90.794293	 90.709327	 90.625304	 90.542225	 90.460093	  90.37891	 90.298676	 90.219392	  90.14106	  90.06368	 89.987251	 89.911774	 89.837249	 89.763674	 89.691049	 89.619373	 89.548644	  89.47886	  89.41002	 89.342121	 89.275161	 89.209137	 89.144046	 89.079886	 89.016652	 88.954342	 88.892951	 88.832476	 88.772912	 88.714255	 88.656501	 88.599644	  88.54368	 88.488604	 88.434411	 88.381094	 88.328649	 88.277071	 88.226352	 88.176487	  88.12747	 88.079295	 88.031955	 87.985445	 87.939756	 87.894884	  87.85082	 87.807558	 87.765092	 87.723414	 87.682516	 87.642393	 87.603036	 87.564439	 87.526594	 87.489494	 87.453131	 87.417497	 87.382587	 87.348391	 87.314903	 87.282114	 87.250019	 87.218608	 87.187874	 87.157811	  87.12841	 87.099664	 87.071565	 87.044107	 87.017281	 86.991081	 86.965499	 86.940527	  86.91616	 86.892388	 86.869207	 86.846607	 86.824584	 86.803128	 86.782235	 86.761897	 86.742107	 86.722859	 86.704147	 86.685963	 86.668303	 86.651159	 86.634526	 86.618398	 86.602769	 86.587633	 86.572985	 86.558819	 86.545129	 86.531912	 86.519161	 86.506871	 86.495039	 86.483658	 86.472725	 86.462236	 86.452185	 86.442569	 86.433384	 86.424627	 86.416292	 86.408378	  86.40088	 86.393796	 86.387122	 86.380856	 86.374994	 86.369535	 86.364476	 86.359814	 86.355548	 86.351676	 86.348196	 86.345107	 86.342407	 86.340095	 86.338169	  86.33663	 86.335476	 86.334707	 86.334323	
