Time step 55:
        99	        99	        99	        99	        99	        99	        99	        99	        99	        99	        99	        99	        99	        99	        99	        99	        99	        99	        99	        99	        99	        99	        99	        99	        99	        99	        99	        99	        99	        99	        99	        99	        99	        99	        99	        99	        99	        99	        99	        99	        99	        99	        99	        99	        99	        99	        99	        99	        99	        99	        99	        99	        99	        99	        99	        99	        99	        99	        99	        99	        99	        99	        99	        99	        99	        99	        99	        99	        99	        99	        99	        99	        99	        99	        99	        99	        99	        99	        99	        99	        99	        99	        99	        99	        99	        99	        99	        99	        99	        99	        99	        99	        99	        99	        99	        99	        99	        99	        99	        99	        99	        99	        99	        99	        99	        99	        99	        99	        99	        99	        99	        99	        99	        99	        99	        99	        99	        99	        99	        99	        99	        99	        99	        99	        99	        99	        99	        99	        99	        99	        99	        99	        99	        99	        99	        99	        99	        99	        99	        99	        99	        99	        99	        99	        99	        99	        99	        99	        99	        99	        99	        99	        99	        99	        99	        99	        99	        99	        99	        99	        99	        99	        99	        99	        99	        99	        99	        99	        99	        99	        99	        99	        99	        99	        99	        99	        99	        99	        99	        99	        99	        99	        99	        99	        99	        99	        99	        99	        99	        99	        99	        99	        99	        99	        99	        99	        99	        99	        99	        99	
        99	 98.988455	 98.976913	 98.965377	 98.953848	  98.94233	 98.930825	 98.919335	 98.907865	 98.896415	 98.884989	 98.873589	 98.862218	 98.850878	 98.839572	 98.828303	 98.817072	 98.805882	 98.794736	 98.783635	 98.772583	 98.761582	 98.750634	 98.739741	 98.728905	 98.718128	 98.707414	 98.696763	 98.686178	  98.67566	 98.665213	 98.654837	 98.644535	 98.634308	 98.624159	 98.614088	 98.604098	  98.59419	 98.584366	 98.574627	 98.564975	 98.555412	 98.545937	 98.536554	 98.527263	 98.518066	 98.508963	 98.499955	 98.491044	 98.482231	 98.473516	 98.464901	 98.456387	 98.447973	 98.439661	 98.431451	 98.423344	 98.415341	 98.407442	 98.399648	 98.391958	 98.384374	 98.376894	 98.369521	 98.362254	 98.355092	 98.348037	 98.341088	 98.334244	 98.327507	 98.320876	  98.31435	  98.30793	 98.301615	 98.295405	   98.2893	 98.283299	 98.277402	 98.271608	 98.265916	 98.260328	  98.25484	 98.249454	 98.244169	 98.238983	 98.233896	 98.228908	 98.224017	 98.219223	 98.214524	 98.209921	 98.205412	 98.200996	 98.196673	  98.19244	 98.188298	 98.184246	 98.180282	 98.176405	 98.172614	 98.168909	 98.165288	  98.16175	 98.158293	 98.154918	 98.151622	 98.148405	 98.145265	 98.142202	 98.139213	 98.136298	 98.133457	 98.130686	 98.127986	 98.125356	 98.122793	 98.120297	 98.117867	 98.115502	   98.1132	 98.110959	  98.10878	 98.106661	 98.104601	 98.102598	 98.100651	  98.09876	 98.096922	 98.095138	 98.093406	 98.091724	 98.090092	 98.088509	 98.086973	 98.085484	  98.08404	 98.082641	 98.081285	 98.079971	 98.078699	 98.077467	 98.076275	 98.075121	 98.074004	 98.072924	  98.07188	 98.070871	 98.069896	 98.068953	 98.068043	 98.067165	 98.066317	 98.065498	 98.064709	 98.063948	 98.063214	 98.062508	 98.061827	 98.061171	 98.060541	 98.059934	  98.05935	  98.05879	 98.058251	 98.057734	 98.057238	 98.056762	 98.056306	  98.05587	 98.055452	 98.055052	 98.054671	 98.054306	 98.053959	 98.053628	 98.053313	 98.053014	  98.05273	 98.052461	 98.052206	 98.051966	  98.05174	 98.051527	 98.051328	 98.051142	 98.050969	 98.050808	 98.050659	 98.050523	 98.050399	 98.050287	 98.050186	 98.050097	 98.050019	 98.049953	 98.049898	 98.049854	 98.049821	 98.049799	 98.049788	
        99	 98.976913	 98.953832	 98.930761	 98.907706	 98.884672	 98.861665	 98.838689	 98.815751	 98.792854	 98.770004	 98.747207	 98.724468	 98.701791	 98.679182	 98.656645	 98.634185	 98.611808	 98.589518	  98.56732	 98.545219	 98.523219	 98.501325	 98.479541	 98.457872	 98.436321	 98.414894	 98.393595	 98.372427	 98.351395	 98.330503	 98.309754	 98.289152	   98.2687	 98.248404	 98.228264	 98.208287	 98.188473	 98.168827	 98.149352	  98.13005	 98.110925	 98.091979	 98.073215	 98.054635	 98.036242	 98.018038	 98.000025	 97.982205	 97.964581	 97.947154	 97.929926	 97.912898	 97.896072	  97.87945	 97.863033	 97.846821	 97.830817	 97.815021	 97.799433	 97.784056	 97.768888	 97.753932	 97.739187	 97.724654	 97.710333	 97.696223	 97.682326	 97.668641	 97.655169	 97.641907	 97.628858	 97.616019	 97.603391	 97.590972	 97.578763	 97.566762	 97.554969	 97.543382	 97.532001	 97.520825	 97.509852	 97.499081	 97.488511	 97.478141	 97.467968	 97.457993	 97.448212	 97.438625	 97.429229	 97.420024	 97.411006	 97.402176	 97.393529	 97.385066	 97.376783	 97.368679	 97.360752	 97.352999	 97.345419	 97.338009	 97.330767	 97.323692	  97.31678	  97.31003	 97.303439	 97.297005	 97.290727	   97.2846	 97.278624	 97.272795	 97.267112	 97.261572	 97.256173	 97.250912	 97.245788	 97.240797	 97.235937	 97.231207	 97.226603	 97.222123	 97.217765	 97.213527	 97.209407	 97.205401	 97.201508	 97.197726	 97.194052	 97.190484	  97.18702	 97.183657	 97.180393	 97.177227	 97.174156	 97.171178	 97.168291	 97.165492	 97.162781	 97.160154	 97.157609	 97.155146	 97.152761	 97.150454	 97.148221	 97.146062	 97.143974	 97.141955	 97.140005	  97.13812	 97.136301	 97.134543	 97.132847	 97.131211	 97.129633	 97.128111	 97.126644	  97.12523	 97.123869	 97.122558	 97.121297	 97.120083	 97.118917	 97.117796	 97.116719	 97.115685	 97.114693	 97.113741	  97.11283	 97.111956	 97.111121	 97.110322	 97.109559	  97.10883	 97.108135	 97.107473	 97.106843	 97.106245	 97.105677	 97.105139	  97.10463	  97.10415	 97.103698	 97.103272	 97.102874	 97.102502	 97.102155	 97.101833	 97.101537	 97.101265	 97.101016	 97.100792	  97.10059	 97.100412	 97.100257	 97.100124	 97.100014	 97.099926	  97.09986	 97.099816	 97.099794	
        99	 98.965377	 98.930761	 98.896161	 98.861586	 98.827042	 98.792537	  98.75808	 98.723679	  98.68934	 98.655073	 98.620884	 98.586781	 98.552772	 98.518864	 98.485066	 98.451383	 98.417824	 98.384395	 98.351105	 98.317959	 98.284965	  98.25213	  98.21946	 98.186963	 98.154644	  98.12251	 98.090567	 98.058821	 98.027279	 97.995946	 97.964828	 97.933931	  97.90326	 97.872821	 97.842618	 97.812657	 97.782943	 97.753479	 97.724272	 97.695325	 97.666643	 97.638229	 97.610088	 97.582224	 97.554639	 97.527338	 97.500324	   97.4736	 97.447168	 97.421033	 97.395195	 97.369659	 97.344425	 97.319496	 97.294875	 97.270563	 97.246561	 97.222871	 97.199494	 97.176432	 97.153686	 97.131255	 97.109142	 97.087347	 97.065869	 97.044709	 97.023868	 97.003344	 96.983139	 96.963251	  96.94368	 96.924425	 96.905487	 96.886863	 96.868552	 96.850554	 96.832868	 96.815491	 96.798423	 96.781662	 96.765206	 96.749052	   96.7332	 96.717648	 96.702392	 96.687431	 96.672763	 96.658385	 96.644294	 96.630489	 96.616965	 96.603722	 96.590755	 96.578062	  96.56564	 96.553487	 96.541598	 96.529971	 96.518603	  96.50749	  96.49663	 96.486019	 96.475653	  96.46553	 96.455646	 96.445997	  96.43658	 96.427392	 96.418429	 96.409688	 96.401165	 96.392857	  96.38476	  96.37687	 96.369185	   96.3617	 96.354412	 96.347317	 96.340413	 96.333695	 96.327159	 96.320804	 96.314624	 96.308617	 96.302779	 96.297106	 96.291596	 96.286245	 96.281049	 96.276006	 96.271112	 96.266364	 96.261758	 96.257292	 96.252962	 96.248765	 96.244698	 96.240758	 96.236943	 96.233248	 96.229672	 96.226211	 96.222863	 96.219624	 96.216493	 96.213466	 96.210541	 96.207715	 96.204985	  96.20235	 96.199807	 96.197353	 96.194986	 96.192703	 96.190503	 96.188383	 96.186342	 96.184376	 96.182484	 96.180665	 96.178915	 96.177233	 96.175618	 96.174068	  96.17258	 96.171153	 96.169786	 96.168476	 96.167223	 96.166025	  96.16488	 96.163787	 96.162745	 96.161753	 96.160808	 96.159911	 96.159059	 96.158252	 96.157489	 96.156769	  96.15609	 96.155453	 96.154855	 96.154297	 96.153777	 96.153295	  96.15285	 96.152442	 96.152069	 96.151732	 96.151431	 96.151163	  96.15093	 96.150731	 96.150566	 96.150433	 96.150334	 96.150269	 96.150236	
        99	 98.953848	 98.907706	 98.861586	 98.815497	 98.769451	 98.723457	 98.677527	  98.63167	 98.585898	  98.54022	 98.494647	 98.449189	 98.403856	 98.358657	 98.313604	 98.268706	 98.223973	 98.179414	 98.135038	 98.090856	 98.046876	 98.003107	 97.959559	 97.916241	  97.87316	 97.830326	 97.787747	 97.745431	 97.703386	  97.66162	 97.620141	 97.578956	 97.538072	 97.497497	 97.457237	   97.4173	 97.377691	 97.338417	 97.299485	 97.260899	 97.222666	 97.184792	 97.147281	 97.110138	 97.073368	 97.036977	 97.000968	 96.965345	 96.930112	 96.895274	 96.860833	 96.826793	 96.793157	 96.759928	 96.727109	 96.694701	 96.662707	 96.631129	 96.599968	 96.569227	 96.538907	 96.509008	 96.479531	 96.450478	 96.421849	 96.393643	 96.365862	 96.338505	 96.311572	 96.285061	 96.258974	 96.233308	 96.208063	 96.183238	  96.15883	  96.13484	 96.111264	 96.088102	  96.06535	 96.043008	 96.021072	  95.99954	  95.97841	 95.957678	 95.937343	 95.917401	 95.897848	 95.878682	   95.8599	 95.841497	 95.823471	 95.805818	 95.788533	 95.771614	 95.755056	 95.738855	 95.723008	  95.70751	 95.692356	 95.677543	 95.663067	 95.648922	 95.635105	 95.621611	 95.608436	 95.595574	 95.583022	 95.570775	 95.558827	 95.547176	 95.535815	  95.52474	 95.513947	  95.50343	 95.493185	 95.483208	 95.473493	 95.464037	 95.454833	 95.445878	 95.437167	 95.428695	 95.420457	  95.41245	 95.404668	 95.397106	 95.389762	 95.382629	 95.375703	 95.368981	 95.362457	 95.356127	 95.349988	 95.344035	 95.338263	 95.332668	 95.327247	 95.321996	  95.31691	 95.311985	 95.307218	 95.302605	 95.298142	 95.293825	 95.289651	 95.285616	 95.281717	  95.27795	 95.274312	 95.270799	 95.267409	 95.264137	 95.260982	 95.257939	 95.255007	 95.252181	  95.24946	  95.24684	 95.244318	 95.241892	  95.23956	 95.237319	 95.235166	 95.233099	 95.231116	 95.229214	 95.227391	 95.225646	 95.223975	 95.222378	 95.220852	 95.219396	 95.218007	 95.216683	 95.215424	 95.214228	 95.213093	 95.212017	    95.211	  95.21004	 95.209136	 95.208286	 95.207489	 95.206745	 95.206052	 95.205409	 95.204816	 95.204272	 95.203776	 95.203327	 95.202924	 95.202568	 95.202257	 95.201992	 95.201771	 95.201595	 95.201463	 95.201375	 95.201331	
        99	  98.94233	 98.884672	 98.827042	 98.769451	 98.711912	  98.65444	 98.597047	 98.539746	  98.48255	 98.425473	 98.368526	 98.311723	 98.255076	 98.198598	 98.142301	 98.086197	   98.0303	  97.97462	  97.91917	 97.863961	 97.809005	 97.754313	 97.699897	 97.645767	 97.591935	 97.538411	 97.485205	 97.432328	  97.37979	 97.327601	 97.275769	 97.224306	 97.173219	 97.122517	  97.07221	 97.022306	 96.972812	 96.923736	 96.875088	 96.826872	 96.779098	 96.731771	 96.684898	 96.638485	 96.592539	 96.547065	 96.502069	 96.457556	 96.413531	 96.369998	 96.326962	 96.284426	 96.242396	 96.200874	 96.159863	 96.119367	 96.079389	  96.03993	 96.000993	  95.96258	 95.924692	 95.887331	 95.850498	 95.814194	  95.77842	 95.743175	 95.708461	 95.674276	 95.640621	 95.607494	 95.574896	 95.542825	  95.51128	 95.480259	  95.44976	 95.419782	 95.390323	 95.361379	  95.33295	 95.305031	 95.277621	 95.250715	 95.224312	 95.198406	 95.172996	 95.148077	 95.123644	 95.099695	 95.076225	  95.05323	 95.030705	 95.008646	 94.987048	 94.965906	 94.945216	 94.924972	 94.905169	 94.885803	 94.866868	 94.848358	 94.830269	 94.812594	 94.795329	 94.778467	 94.762003	 94.745932	 94.730247	 94.714943	 94.700014	 94.685455	 94.671258	  94.65742	 94.643933	 94.630791	  94.61799	 94.605523	 94.593384	 94.581567	 94.570066	 94.558876	 94.547991	 94.537404	 94.527111	 94.517105	 94.507381	 94.497933	 94.488755	 94.479842	 94.471188	 94.462788	 94.454636	 94.446727	 94.439055	 94.431616	 94.424403	 94.417413	 94.410639	 94.404077	 94.397721	 94.391568	 94.385611	 94.379846	 94.374269	 94.368875	 94.363659	 94.358618	 94.353745	 94.349038	 94.344492	 94.340103	 94.335866	 94.331778	 94.327836	 94.324034	 94.320369	 94.316839	 94.313438	 94.310164	 94.307013	 94.303982	 94.301068	 94.298267	 94.295577	 94.292994	 94.290516	 94.288139	 94.285862	 94.283681	 94.281593	 94.279598	 94.277691	 94.275871	 94.274135	 94.272482	 94.270908	 94.269414	 94.267995	 94.266651	  94.26538	  94.26418	  94.26305	 94.261988	 94.260992	 94.260062	 94.259196	 94.258394	 94.257653	 94.256972	 94.256352	 94.255791	 94.255288	 94.254843	 94.254455	 94.254123	 94.253848	 94.253627	 94.253463	 94.253353	 94.253298	
        99	 98.930825	 98.861665	 98.792537	 98.723457	  98.65444	 98.585503	  98.51666	 98.447928	 98.379322	 98.310857	  98.24255	 98.174415	 98.106467	 98.038722	 97.971194	 97.903898	 97.836849	 97.770061	 97.703549	 97.637326	 97.571406	 97.505804	 97.440532	 97.375604	 97.311032	  97.24683	  97.18301	 97.119585	 97.056565	 96.993964	 96.931793	 96.870063	 96.808784	 96.747968	 96.687625	 96.627764	 96.568397	 96.509531	 96.451177	 96.393343	 96.336038	 96.279269	 96.223045	 96.167374	 96.112262	 96.057716	 96.003743	  95.95035	 95.897542	 95.845324	 95.793702	 95.742682	 95.692266	 95.642461	 95.593269	 95.544694	  95.49674	 95.449409	 95.402704	 95.356628	 95.311182	 95.266368	 95.222187	  95.17864	 95.135729	 95.093453	 95.051813	 95.010809	  94.97044	 94.930705	 94.891603	 94.853134	 94.815296	 94.778086	 94.741503	 94.705545	 94.670208	 94.635491	  94.60139	 94.567902	 94.535023	  94.50275	 94.471079	 94.440006	 94.409526	 94.379635	 94.350329	 94.321602	  94.29345	 94.265867	 94.238849	 94.212389	 94.186482	 94.161123	 94.136305	 94.112022	 94.088269	 94.065039	 94.042327	 94.020124	 93.998426	 93.977225	 93.956516	  93.93629	 93.916542	 93.897264	 93.878451	 93.860094	 93.842186	 93.824722	 93.807694	 93.791095	 93.774917	 93.759154	 93.743799	 93.728844	 93.714283	 93.700109	 93.686314	 93.672892	 93.659835	 93.647136	  93.63479	 93.622788	 93.611124	  93.59979	 93.588782	  93.57809	  93.56771	 93.557634	 93.547856	 93.538369	 93.529167	 93.520244	 93.511592	 93.503207	 93.495082	 93.487211	 93.479587	 93.472206	 93.465061	 93.458146	 93.451457	 93.444987	  93.43873	 93.432683	 93.426838	 93.421192	 93.415739	 93.410474	 93.405392	 93.400489	  93.39576	   93.3912	 93.386804	 93.382569	  93.37849	 93.374563	 93.370783	 93.367147	 93.363652	 93.360292	 93.357065	 93.353967	 93.350995	 93.348144	 93.345412	 93.342796	 93.340292	 93.337899	 93.335611	 93.333428	 93.331346	 93.329363	 93.327476	 93.325683	 93.323981	 93.322369	 93.320845	 93.319405	  93.31805	 93.316776	 93.315582	 93.314466	 93.313427	 93.312464	 93.311576	  93.31076	 93.310016	 93.309343	  93.30874	 93.308206	  93.30774	 93.307342	 93.307012	 93.306748	  93.30655	 93.306418	 93.306352	
        99	 98.919335	 98.838689	  98.75808	 98.677527	 98.597047	  98.51666	 98.436383	 98.356236	 98.276235	 98.196399	 98.116747	 98.037295	 97.958062	 97.879065	 97.800322	 97.721849	 97.643664	 97.565784	 97.488225	 97.411003	 97.334135	 97.257637	 97.181524	 97.105812	 97.030516	 96.955651	 96.881231	 96.807272	 96.733786	 96.660788	  96.58829	 96.516307	 96.444851	 96.373934	 96.303569	 96.233766	 96.164538	 96.095896	  96.02785	  95.96041	 95.893587	  95.82739	 95.761828	  95.69691	 95.632645	  95.56904	 95.506103	 95.443842	 95.382263	 95.321373	 95.261177	 95.201683	 95.142894	 95.084816	 95.027454	 94.970812	 94.914893	 94.859701	 94.805239	  94.75151	 94.698516	 94.646259	  94.59474	 94.543961	 94.493923	 94.444626	  94.39607	 94.348255	 94.301181	 94.254847	 94.209251	 94.164393	  94.12027	  94.07688	 94.034221	 93.992291	 93.951085	 93.910602	 93.870837	 93.831787	 93.793447	 93.755814	 93.718883	 93.682649	 93.647107	 93.612252	 93.578078	  93.54458	 93.511752	 93.479588	 93.448082	 93.417228	 93.387018	 93.357447	 93.328507	 93.300191	 93.272493	 93.245405	  93.21892	 93.193031	 93.167729	 93.143007	 93.118857	 93.095272	 93.072244	 93.049765	 93.027827	 93.006421	 92.985539	 92.965175	 92.945318	 92.925962	 92.907097	 92.888716	 92.870811	 92.853373	 92.836393	 92.819865	 92.803779	 92.788127	 92.772901	 92.758094	 92.743697	 92.729701	   92.7161	 92.702885	 92.690047	  92.67758	 92.665476	 92.653727	 92.642324	 92.631262	 92.620531	 92.610126	 92.600038	  92.59026	 92.580785	 92.571607	 92.562717	  92.55411	 92.545778	 92.537715	 92.529915	  92.52237	 92.515074	 92.508022	 92.501207	 92.494623	 92.488265	 92.482125	   92.4762	 92.470482	 92.464967	 92.459649	 92.454524	 92.449585	 92.444829	 92.440249	 92.435842	 92.431603	 92.427526	 92.423609	 92.419846	 92.416233	 92.412767	 92.409443	 92.406257	 92.403207	 92.400287	 92.397496	 92.394829	 92.392283	 92.389855	 92.387542	 92.385342	 92.383251	 92.381267	 92.379387	 92.377609	 92.375931	  92.37435	 92.372865	 92.371472	 92.370171	  92.36896	 92.367837	 92.366801	  92.36585	 92.364982	 92.364197	 92.363494	 92.362871	 92.362328	 92.361864	 92.361479	 92.361171	  92.36094	 92.360787	  92.36071	
        99	 98.907865	 98.815751	 98.723679	  98.63167	 98.539746	 98.447928	 98.356236	 98.264691	 98.173314	 98.082125	 97.991146	 97.900396	 97.809896	 97.719666	 97.629725	 97.540093	  97.45079	 97.361835	 97.273247	 97.185044	 97.097245	 97.009868	 96.922932	 96.836454	  96.75045	 96.664939	 96.579937	  96.49546	 96.411524	 96.328146	 96.245339	  96.16312	 96.081503	 96.000501	 95.920129	 95.840401	 95.761329	 95.682925	 95.605203	 95.528173	 95.451848	 95.376237	 95.301352	 95.227203	 95.153799	 95.081149	 95.009262	 94.938147	 94.867812	 94.798263	 94.729507	 94.661552	 94.594404	 94.528067	 94.462548	 94.397851	 94.333981	  94.27094	 94.208734	 94.147364	 94.086834	 94.027146	 93.968301	 93.910301	 93.853147	  93.79684	 93.741379	 93.686765	 93.632997	 93.580074	 93.527995	 93.476757	  93.42636	   93.3768	 93.328075	 93.280182	 93.233117	 93.186877	 93.141457	 93.096854	 93.053062	 93.010078	 92.967895	 92.926508	 92.885912	   92.8461	 92.807067	 92.768806	 92.731309	 92.694572	 92.658586	 92.623343	 92.588838	 92.555061	 92.522006	 92.489664	 92.458027	 92.427088	 92.396836	 92.367265	 92.338365	 92.310127	 92.282544	 92.255605	 92.229303	 92.203627	 92.178568	 92.154119	 92.130268	 92.107007	 92.084327	 92.062218	 92.040671	 92.019676	 91.999225	 91.979307	 91.959913	 91.941034	  91.92266	 91.904783	 91.887392	 91.870479	 91.854035	 91.838049	 91.822513	 91.807419	 91.792756	 91.778516	 91.764691	 91.751271	 91.738247	 91.725611	 91.713355	  91.70147	 91.689947	 91.678779	 91.667957	 91.657473	 91.647319	 91.637488	 91.627972	 91.618762	 91.609852	 91.601234	 91.592902	 91.584847	 91.577063	 91.569542	 91.562279	 91.555267	 91.548499	 91.541968	 91.535669	 91.529595	 91.523741	   91.5181	 91.512667	 91.507436	 91.502402	  91.49756	 91.492904	 91.488429	 91.484131	 91.480005	 91.476046	 91.472249	  91.46861	 91.465126	 91.461791	 91.458603	 91.455557	 91.452649	 91.449876	 91.447234	 91.444721	 91.442333	 91.440067	 91.437919	 91.435889	 91.433972	 91.432166	 91.430469	 91.428879	 91.427393	  91.42601	 91.424727	 91.423543	 91.422457	 91.421466	 91.420569	 91.419766	 91.419055	 91.418435	 91.417905	 91.417464	 91.417113	 91.416849	 91.416674	 91.416586	
        99	 98.896415	 98.792854	  98.68934	 98.585898	  98.48255	 98.379322	 98.276235	 98.173314	 98.070581	 97.968061	 97.865776	 97.763748	 97.662002	 97.560559	 97.459441	  97.35867	  97.25827	  97.15826	 97.058663	 96.959499	 96.860789	 96.762555	 96.664815	  96.56759	 96.470899	 96.374761	 96.279196	 96.184221	 96.089854	 95.996114	 95.903017	 95.810581	 95.718821	 95.627753	 95.537394	 95.447757	 95.358859	 95.270712	 95.183331	 95.096729	 95.010918	 94.925912	 94.841721	 94.758357	 94.675831	 94.594153	 94.513333	  94.43338	 94.354304	 94.276112	 94.198813	 94.122413	  94.04692	  93.97234	 93.898679	 93.825942	 93.754134	  93.68326	 93.613323	 93.544327	 93.476275	 93.409169	 93.343011	 93.277804	 93.213548	 93.150243	  93.08789	 93.026489	 92.966039	  92.90654	 92.847988	 92.790383	 92.733723	 92.678004	 92.623224	 92.569379	 92.516466	 92.464479	 92.413415	 92.363269	 92.314036	  92.26571	 92.218285	 92.171755	 92.126114	 92.081355	 92.037471	 91.994454	 91.952299	 91.910996	 91.870538	 91.830916	 91.792122	 91.754148	 91.716985	 91.680624	 91.645056	 91.610271	  91.57626	 91.543014	 91.510523	 91.478777	 91.447765	 91.417479	 91.387908	 91.359041	 91.330869	  91.30338	 91.276566	 91.250415	 91.224916	  91.20006	 91.175835	 91.152231	 91.129238	 91.106845	 91.085041	 91.063816	 91.043159	  91.02306	 91.003508	 90.984493	 90.966005	 90.948033	 90.930567	 90.913596	 90.897111	 90.881102	 90.865558	  90.85047	 90.835828	 90.821622	 90.807843	 90.794481	 90.781526	  90.76897	 90.756803	 90.745017	 90.733601	 90.722548	 90.711849	 90.701495	 90.691478	 90.681789	 90.672421	 90.663365	 90.654614	 90.646159	 90.637993	 90.630109	   90.6225	 90.615158	 90.608076	 90.601247	 90.594665	 90.588323	 90.582215	 90.576334	 90.570675	 90.565231	 90.559997	 90.554966	 90.550134	 90.545495	 90.541043	 90.536775	 90.532684	 90.528767	 90.525018	 90.521433	 90.518008	 90.514739	 90.511621	 90.508651	 90.505826	 90.503141	 90.500593	 90.498179	 90.495896	 90.493741	 90.491711	 90.489803	 90.488015	 90.486345	 90.484789	 90.483347	 90.482016	 90.480795	 90.479681	 90.478673	  90.47777	  90.47697	 90.476273	 90.475677	 90.475182	 90.474787	 90.474491	 90.474294	 90.474195	
        99	 98.884989	 98.770004	 98.655073	  98.54022	 98.425473	 98.310857	 98.196399	 98.082125	 97.968061	 97.854232	 97.740664	 97.627383	 97.514413	  97.40178	 97.289508	 97.177622	 97.066147	 96.955105	 96.844522	  96.73442	 96.624822	 96.515751	  96.40723	  96.29928	 96.191924	 96.085182	 95.979075	 95.873624	 95.768848	 95.664768	 95.561402	 95.458769	 95.356887	 95.255774	 95.155448	 95.055924	  94.95722	  94.85935	  94.76233	 94.666175	 94.570899	 94.476516	 94.383038	 94.290479	  94.19885	 94.108162	 94.018427	 93.929656	 93.841857	  93.75504	 93.669214	 93.584387	 93.500566	  93.41776	 93.335973	 93.255213	 93.175484	 93.096792	 93.019141	 92.942534	 92.866975	 92.792467	 92.719012	 92.646612	 92.575268	  92.50498	  92.43575	 92.367576	 92.300458	 92.234395	 92.169385	 92.105426	 92.042516	 91.980651	 91.919829	 91.860044	 91.801294	 91.743573	 91.686877	 91.631199	 91.576535	 91.522878	 91.470222	 91.418559	 91.367884	 91.318187	 91.269463	 91.221702	 91.174896	 91.129037	 91.084116	 91.040124	 90.997051	 90.954889	 90.913626	 90.873254	 90.833763	 90.795141	 90.757379	 90.720465	  90.68439	 90.649141	 90.614709	 90.581082	 90.548249	 90.516198	 90.484918	 90.454398	 90.424626	  90.39559	 90.367279	  90.33968	 90.312783	 90.286576	 90.261047	 90.236183	 90.211974	 90.188408	 90.165473	 90.143156	 90.121448	 90.100336	 90.079808	 90.059854	 90.040461	 90.021619	 90.003315	  89.98554	 89.968282	  89.95153	 89.935272	 89.919499	   89.9042	 89.889364	  89.87498	 89.861039	  89.84753	 89.834443	 89.821769	 89.809497	 89.797617	 89.786121	 89.774999	 89.764242	  89.75384	 89.743785	 89.734069	 89.724681	 89.715615	 89.706861	 89.698413	 89.690261	 89.682397	 89.674816	 89.667508	 89.660466	 89.653684	 89.647155	 89.640871	 89.634827	 89.629015	 89.623429	 89.618064	 89.612913	 89.607971	 89.603231	  89.59869	  89.59434	 89.590178	 89.586197	 89.582395	 89.578765	 89.575303	 89.572006	 89.568869	 89.565888	 89.563059	 89.560379	 89.557844	 89.555451	 89.553197	 89.551078	 89.549093	 89.547239	 89.545512	 89.543911	 89.542433	 89.541076	  89.53984	 89.538721	 89.537718	  89.53683	 89.536056	 89.535395	 89.534845	 89.534406	 89.534077	 89.533858	 89.533749	
        99	 98.873589	 98.747207	 98.620884	 98.494647	 98.368526	  98.24255	 98.116747	 97.991146	 97.865776	 97.740664	 97.615839	  97.49133	 97.367162	 97.243365	 97.119965	 96.996989	 96.874464	 96.752416	 96.630872	 96.509857	 96.389396	 96.269514	 96.150236	 96.031587	 95.913589	 95.796267	 95.679642	 95.563739	 95.448578	 95.334181	  95.22057	 95.107764	 94.995784	 94.884649	 94.774378	 94.664989	 94.556501	 94.448931	 94.342295	 94.236609	 94.131889	 94.028151	 93.925408	 93.823674	 93.722962	 93.623286	 93.524657	 93.427086	 93.330584	 93.235162	 93.140829	 93.047594	 92.955466	 92.864451	 92.774558	 92.685793	 92.598161	 92.511669	 92.426321	 92.342121	 92.259073	  92.17718	 92.096444	 92.016868	 91.938452	 91.861198	 91.785105	 91.710174	 91.636403	 91.563792	 91.492338	  91.42204	 91.352894	 91.284897	 91.218046	 91.152336	 91.087762	  91.02432	 90.962004	 90.900808	 90.840725	  90.78175	 90.723874	 90.667091	 90.611392	  90.55677	 90.503216	 90.450721	 90.399276	 90.348872	 90.299498	 90.251145	 90.203803	 90.157462	 90.112109	 90.067736	  90.02433	  89.98188	 89.940374	 89.899802	 89.860151	 89.821409	 89.783564	 89.746604	 89.710516	 89.675288	 89.640908	 89.607363	 89.574639	 89.542725	 89.511608	 89.481274	 89.451711	 89.422906	 89.394846	 89.367519	  89.34091	 89.315008	 89.289799	 89.265271	 89.241411	 89.218206	 89.195644	 89.173711	 89.152396	 89.131686	 89.111569	 89.092032	 89.073063	  89.05465	 89.036781	 89.019445	 89.002629	 88.986323	 88.970513	  88.95519	 88.940342	 88.925958	 88.912028	 88.898539	 88.885482	 88.872847	 88.860622	 88.848798	 88.837366	 88.826314	 88.815634	 88.805317	 88.795352	 88.785731	 88.776444	 88.767484	 88.758842	 88.750508	 88.742476	 88.734737	 88.727282	 88.720106	 88.713199	 88.706556	 88.700168	 88.694029	 88.688132	  88.68247	 88.677038	 88.671829	 88.666837	 88.662056	 88.657481	 88.653106	 88.648927	 88.644937	 88.641132	 88.637508	  88.63406	 88.630783	 88.627674	 88.624728	 88.621942	 88.619312	 88.616835	 88.614506	 88.612325	 88.610286	 88.608388	 88.606628	 88.605004	 88.603513	 88.602154	 88.600924	 88.599822	 88.598846	 88.597995	 88.597268	 88.596664	 88.596181	  88.59582	 88.595579	 88.595459	
        99	 98.862218	 98.724468	 98.586781	 98.449189	 98.311723	 98.174415	 98.037295	 97.900396	 97.763748	 97.627383	  97.49133	  97.35562	 97.220283	  97.08535	 96.950849	 96.816812	 96.683265	 96.550239	 96.417761	  96.28586	 96.154563	 96.023898	  95.89389	 95.764568	 95.635956	  95.50808	 95.380965	 95.254636	 95.129116	 95.004429	 94.880598	 94.757644	 94.635591	 94.514459	 94.394269	 94.275041	 94.156794	 94.039547	 93.923319	 93.808126	 93.693987	 93.580916	 93.468931	 93.358046	 93.248275	 93.139633	 93.032131	 92.925784	 92.820601	 92.716596	 92.613777	 92.512155	 92.411739	 92.312538	 92.214559	 92.117809	 92.022295	 91.928022	 91.834997	 91.743223	 91.652704	 91.563445	 91.475447	 91.388712	 91.303242	 91.219039	 91.136101	  91.05443	 90.974023	  90.89488	 90.816999	 90.740377	 90.665011	 90.590898	 90.518033	 90.446412	  90.37603	 90.306881	 90.238959	 90.172258	 90.106771	 90.042491	 89.979409	 89.917518	 89.856809	 89.797274	 89.738902	 89.681685	 89.625612	 89.570674	 89.516859	 89.464157	 89.412556	 89.362046	 89.312614	 89.264249	 89.216938	  89.17067	 89.125431	 89.081209	 89.037991	 88.995764	 88.954515	  88.91423	 88.874896	 88.836499	 88.799027	 88.762464	 88.726797	 88.692012	 88.658095	 88.625033	 88.592811	 88.561415	 88.530831	 88.501045	 88.472043	  88.44381	 88.416334	   88.3896	 88.363593	 88.338301	 88.313709	 88.289804	 88.266571	 88.243998	 88.222071	 88.200777	 88.180102	 88.160033	 88.140557	 88.121661	 88.103332	 88.085559	 88.068328	 88.051626	 88.035443	 88.019765	 88.004581	 87.989879	 87.975648	 87.961875	 87.948551	 87.935664	 87.923203	 87.911157	 87.899517	 87.888271	  87.87741	 87.866923	 87.856801	 87.847035	 87.837615	 87.828532	 87.819777	 87.811342	 87.803217	 87.795395	 87.787867	 87.780626	 87.773663	 87.766972	 87.760545	 87.754374	 87.748453	 87.742775	 87.737334	 87.732123	 87.727137	 87.722369	 87.717813	 87.713464	 87.709318	 87.705368	 87.701609	 87.698038	 87.694649	 87.691438	 87.688401	 87.685535	 87.682834	 87.680297	 87.677919	 87.675697	 87.673628	  87.67171	 87.669939	 87.668314	 87.666833	 87.665492	 87.664291	 87.663227	   87.6623	 87.661507	 87.660849	 87.660323	 87.659929	 87.659667	 87.659536	
        99	 98.850878	 98.701791	 98.552772	 98.403856	 98.255076	 98.106467	 97.958062	 97.809896	 97.662002	 97.514413	 97.367162	 97.220283	 97.073808	 96.927769	 96.782199	  96.63713	 96.492592	 96.348617	 96.205236	 96.062479	 95.920376	 95.778957	  95.63825	 95.498284	 95.359087	 95.220686	  95.08311	 94.946383	 94.810533	 94.675583	 94.541561	 94.408488	  94.27639	 94.145288	 94.015206	 93.886165	 93.758186	 93.631289	 93.505495	 93.380822	 93.257288	 93.134912	  93.01371	 92.893699	 92.774894	  92.65731	 92.540961	  92.42586	 92.312022	 92.199456	 92.088175	  91.97819	 91.869509	 91.762143	   91.6561	 91.551387	 91.448012	 91.345981	 91.245299	 91.145972	 91.048004	 90.951398	 90.856157	 90.762284	  90.66978	 90.578646	 90.488883	 90.400489	 90.313465	 90.227809	 90.143518	  90.06059	 89.979021	 89.898808	 89.819946	  89.74243	 89.666256	 89.591416	 89.517904	 89.445713	 89.374836	 89.305265	 89.236992	 89.170007	 89.104302	 89.039866	 88.976691	 88.914764	 88.854077	 88.794617	 88.736373	 88.679333	 88.623485	 88.568818	 88.515318	 88.462972	 88.411768	 88.361691	 88.312729	 88.264868	 88.218093	  88.17239	 88.127746	 88.084146	 88.041575	 88.000018	 87.959461	 87.919889	 87.881287	 87.843639	 87.806931	 87.771147	 87.736273	 87.702293	 87.669192	 87.636955	 87.605565	  87.57501	 87.545272	 87.516337	  87.48819	 87.460817	 87.434201	 87.408328	 87.383184	 87.358753	 87.335021	 87.311974	 87.289597	 87.267876	 87.246797	 87.226346	  87.20651	 87.187273	 87.168624	 87.150548	 87.133032	 87.116064	  87.09963	 87.083719	 87.068316	  87.05341	 87.038989	 87.025042	 87.011555	 86.998518	 86.985919	 86.973748	 86.961993	 86.950643	 86.939688	 86.929119	 86.918923	 86.909093	 86.899617	 86.890488	 86.881694	 86.873228	 86.865081	 86.857244	 86.849708	 86.842466	 86.835509	 86.828831	 86.822423	 86.816278	 86.810389	 86.804749	 86.799352	 86.794192	 86.789261	 86.784555	 86.780066	 86.775791	 86.771723	 86.767858	  86.76419	 86.760715	 86.757429	 86.754326	 86.751403	 86.748657	 86.746083	 86.743678	 86.741439	 86.739363	 86.737447	 86.735688	 86.734085	 86.732634	 86.731334	 86.730183	 86.729179	 86.728321	 86.727608	 86.727039	 86.726613	 86.726329	 86.726188	
        99	 98.839572	 98.679182	 98.518864	 98.358657	 98.198598	 98.038722	 97.879065	 97.719666	 97.560559	  97.40178	 97.243365	  97.08535	 96.927769	 96.770658	 96.614052	 96.457983	 96.302487	 96.147597	 95.993345	 95.839765	 95.686888	 95.534746	 95.383371	 95.232793	 95.083043	 94.934149	 94.786142	 94.639049	 94.492899	 94.347718	 94.203534	 94.060372	 93.918258	 93.777217	 93.637273	 93.498448	 93.360766	 93.224248	 93.088917	 92.954791	 92.821892	 92.690237	 92.559846	 92.430736	 92.302923	 92.176424	 92.051254	 91.927427	 91.804957	 91.683857	 91.564139	 91.445815	 91.328895	 91.213389	 91.099306	 90.986654	 90.875441	 90.765674	 90.657359	 90.550501	 90.445105	 90.341175	 90.238713	 90.137723	 90.038205	 89.940162	 89.843593	 89.748498	 89.654876	 89.562725	 89.472043	 89.382828	 89.295075	  89.20878	 89.123939	 89.040547	 88.958597	 88.878082	 88.798997	 88.721333	 88.645083	 88.570237	 88.496787	 88.424724	 88.354037	 88.284716	 88.216751	 88.150129	  88.08484	 88.020872	 87.958212	 87.896848	 87.836766	 87.777954	 87.720398	 87.664083	 87.608997	 87.555124	 87.502449	 87.450959	 87.400638	 87.351471	 87.303442	 87.256536	 87.210737	  87.16603	 87.122398	 87.079825	 87.038296	 86.997794	 86.958303	 86.919806	 86.882288	 86.845732	 86.810121	 86.775439	  86.74167	 86.708798	 86.676806	 86.645677	 86.615396	 86.585947	 86.557313	 86.529479	 86.502428	 86.476145	 86.450614	  86.42582	 86.401746	 86.378379	 86.355702	   86.3337	 86.312359	 86.291665	 86.271601	 86.252155	 86.233311	 86.215057	 86.197377	 86.180259	 86.163688	 86.147652	 86.132138	 86.117133	 86.102624	 86.088598	 86.075045	  86.06195	 86.049304	 86.037094	 86.025309	 86.013937	 86.002969	 85.992393	 85.982199	 85.972377	 85.962917	 85.953809	 85.945044	 85.936613	 85.928506	 85.920715	 85.913231	 85.906046	 85.899152	 85.892541	 85.886206	 85.880139	 85.874332	 85.868781	 85.863476	 85.858413	 85.853584	 85.848985	 85.844609	 85.840451	 85.836505	 85.832766	  85.82923	 85.825892	 85.822748	 85.819794	 85.817025	 85.814437	 85.812029	 85.809795	 85.807734	 85.805842	 85.804117	 85.802556	 85.801157	 85.799919	 85.798839	 85.797916	 85.797149	 85.796537	 85.796078	 85.795773	 85.795621	
        99	 98.828303	 98.656645	 98.485066	 98.313604	 98.142301	 97.971194	 97.800322	 97.629725	 97.459441	 97.289508	 97.119965	 96.950849	 96.782199	 96.614052	 96.446444	 96.279412	 96.112992	 95.947221	 95.782134	 95.617764	 95.454148	 95.291319	  95.12931	 94.968155	 94.807884	 94.648531	 94.490127	 94.332701	 94.176284	 94.020905	 93.866592	 93.713373	 93.561276	 93.410327	 93.260552	 93.111975	 92.964621	 92.818513	 92.673675	 92.530127	 92.387892	 92.246989	 92.107438	 91.969258	 91.832467	 91.697082	 91.563119	 91.430593	  91.29952	 91.169913	 91.041785	 90.915149	 90.790015	 90.666395	 90.544298	 90.423732	 90.304707	 90.187229	 90.071305	 89.956941	 89.844141	  89.73291	  89.62325	 89.515166	 89.408657	 89.303727	 89.200374	 89.098599	   88.9984	 88.899776	 88.802724	 88.707241	 88.613324	 88.520967	 88.430166	 88.340915	 88.253208	 88.167038	 88.082397	 87.999278	 87.917671	 87.837567	 87.758958	 87.681832	  87.60618	 87.531989	 87.459249	 87.387948	 87.318073	 87.249611	 87.182549	 87.116874	 87.052572	 86.989628	 86.928029	 86.867758	 86.808802	 86.751144	  86.69477	 86.639663	 86.585806	 86.533185	 86.481782	 86.431581	 86.382565	 86.334717	  86.28802	 86.242457	 86.198011	 86.154663	 86.112398	 86.071197	 86.031044	 85.991919	 85.953807	 85.916689	 85.880548	 85.845366	 85.811126	 85.777811	 85.745403	 85.713885	  85.68324	  85.65345	 85.624499	  85.59637	 85.569045	 85.542509	 85.516745	 85.491735	 85.467465	 85.443918	 85.421078	  85.39893	 85.377457	 85.356644	 85.336477	  85.31694	 85.298019	 85.279698	 85.261963	 85.244801	 85.228197	 85.212138	 85.196609	 85.181599	 85.167093	 85.153079	 85.139544	 85.126476	 85.113863	 85.101693	 85.089954	 85.078635	 85.067725	 85.057213	 85.047089	 85.037341	  85.02796	 85.018936	  85.01026	 85.001922	 84.993912	 84.986222	 84.978844	 84.971769	 84.964988	 84.958495	 84.952281	 84.946339	 84.940662	 84.935243	 84.930075	 84.925153	 84.920469	 84.916019	 84.911796	 84.907795	  84.90401	 84.900438	 84.897073	 84.893911	 84.890947	 84.888178	   84.8856	  84.88321	 84.881004	 84.878979	 84.877133	 84.875462	 84.873965	  84.87264	 84.871484	 84.870497	 84.869676	  84.86902	  84.86853	 84.868203	  84.86804	
        99	 98.817072	 98.634185	 98.451383	 98.268706	 98.086197	 97.903898	 97.721849	 97.540093	  97.35867	 97.177622	 96.996989	 96.816812	  96.63713	 96.457983	 96.279412	 96.101454	 95.924149	 95.747534	 95.571648	 95.396528	 95.222209	 95.048729	 94.876123	 94.704426	 94.533672	 94.363895	 94.195129	 94.027406	 93.860757	 93.695215	 93.530808	 93.367567	 93.205521	 93.044699	 92.885126	 92.726831	 92.569838	 92.414173	 92.259861	 92.106924	 91.955384	 91.805265	 91.656586	 91.509367	 91.363628	 91.219387	 91.076661	 90.935467	  90.79582	 90.657736	 90.521227	 90.386307	 90.252988	 90.121282	 89.991198	 89.862746	 89.735935	 89.610773	 89.487266	 89.365421	 89.245243	 89.126736	 89.009904	 88.894749	 88.781274	 88.669479	 88.559366	 88.450933	 88.344181	 88.239105	 88.135705	 88.033977	 87.933916	 87.835518	 87.738778	 87.643689	 87.550245	 87.458438	 87.368261	 87.279704	 87.192759	 87.107416	 87.023665	 86.941494	 86.860893	  86.78185	 86.704352	 86.628387	 86.553941	 86.481001	 86.409552	 86.339582	 86.271073	 86.204012	 86.138383	 86.074171	 86.011358	 85.949929	 85.889867	 85.831155	 85.773776	 85.717713	 85.662947	 85.609463	  85.55724	 85.506262	 85.456511	 85.407968	 85.360614	 85.314431	 85.269401	 85.225506	 85.182725	 85.141042	 85.100436	  85.06089	 85.022385	 84.984902	 84.948423	 84.912928	 84.878401	 84.844821	 84.812171	 84.780433	 84.749588	 84.719619	 84.690507	 84.662235	 84.634785	  84.60814	 84.582282	 84.557195	 84.532861	 84.509264	 84.486386	 84.464213	 84.442726	 84.421911	 84.401752	 84.382233	 84.363338	 84.345053	 84.327363	 84.310253	 84.293709	 84.277717	 84.262262	 84.247331	 84.232911	 84.218988	  84.20555	 84.192584	 84.180077	 84.168018	 84.156395	 84.145195	 84.134408	 84.124023	 84.114029	 84.104415	 84.095171	 84.086287	 84.077753	 84.069561	   84.0617	 84.054162	 84.046938	  84.04002	 84.033399	 84.027068	  84.02102	 84.015247	 84.009741	 84.004497	 83.999507	 83.994765	 83.990266	 83.986003	 83.981971	 83.978165	  83.97458	 83.971211	 83.968053	 83.965103	 83.962357	  83.95981	  83.95746	 83.955302	 83.953335	 83.951555	 83.949961	 83.948549	 83.947317	 83.946265	 83.945391	 83.944692	  83.94417	 83.943821	 83.943648	
        99	 98.805882	 98.611808	 98.417824	 98.223973	   98.0303	 97.836849	 97.643664	  97.45079	  97.25827	 97.066147	 96.874464	 96.683265	 96.492592	 96.302487	 96.112992	 95.924149	 95.735998	  95.54858	 95.361935	 95.176102	  94.99112	 94.807028	 94.623864	 94.441664	 94.260465	 94.080303	 93.901214	 93.723231	 93.546388	 93.370719	 93.196255	 93.023029	 92.851071	  92.68041	 92.511077	 92.343098	 92.176503	 92.011316	 91.847564	 91.685271	 91.524463	  91.36516	 91.207386	 91.051162	 90.896509	 90.743444	 90.591988	 90.442157	 90.293968	 90.147436	 90.002577	 89.859404	  89.71793	 89.578167	 89.440126	 89.303817	 89.169249	 89.036431	 88.905369	  88.77607	 88.648541	 88.522784	 88.398805	 88.276607	  88.15619	 88.037557	 87.920708	 87.805643	  87.69236	 87.580857	 87.471132	 87.363181	 87.256999	 87.152582	 87.049925	 86.949019	 86.849859	 86.752436	 86.656743	 86.562769	 86.470506	 86.379942	 86.291068	 86.203871	 86.118339	 86.034461	 85.952222	  85.87161	  85.79261	 85.715209	  85.63939	 85.565139	  85.49244	 85.421277	 85.351633	 85.283493	 85.216838	 85.151651	 85.087915	 85.025611	 84.964723	  84.90523	 84.847115	 84.790358	 84.734941	 84.680845	  84.62805	 84.576538	 84.526287	  84.47728	 84.429495	 84.382914	 84.337517	 84.293284	 84.250195	  84.20823	 84.167369	 84.127593	 84.088882	 84.051217	 84.014577	 83.978943	 83.944296	 83.910616	 83.877885	 83.846082	  83.81519	 83.785188	 83.756059	 83.727784	 83.700345	 83.673723	 83.647901	  83.62286	 83.598583	 83.575053	 83.552252	 83.530164	 83.508771	 83.488058	 83.468008	 83.448605	 83.429832	 83.411676	  83.39412	 83.377149	 83.360749	 83.344905	 83.329602	 83.314828	 83.300568	 83.286809	 83.273537	  83.26074	 83.248406	 83.236521	 83.225074	 83.214054	 83.203448	 83.193246	 83.183437	 83.174009	 83.164954	  83.15626	 83.147918	 83.139919	 83.132253	 83.124912	 83.117886	 83.111168	  83.10475	 83.098623	 83.092781	 83.087216	 83.081921	 83.076889	 83.072114	 83.067591	 83.063312	 83.059274	 83.055469	 83.051894	 83.048543	 83.045413	 83.042499	 83.039796	 83.037302	 83.035012	 83.032925	 83.031036	 83.029344	 83.027845	 83.026539	 83.025422	 83.024494	 83.023753	 83.023199	 83.022829	 83.022645	
