Time step 30:
        99	        99	        99	        99	        99	        99	        99	        99	        99	        99	        99	        99	        99	        99	        99	        99	        99	        99	        99	        99	        99	        99	        99	        99	        99	        99	        99	        99	        99	        99	        99	        99	        99	        99	        99	        99	        99	        99	        99	        99	        99	        99	        99	        99	        99	        99	        99	        99	        99	        99	        99	        99	        99	        99	        99	        99	        99	        99	        99	        99	        99	        99	        99	        99	        99	        99	        99	        99	        99	        99	        99	        99	        99	        99	        99	        99	        99	        99	        99	        99	        99	        99	        99	        99	        99	        99	        99	        99	        99	        99	        99	        99	        99	        99	        99	        99	        99	        99	        99	        99	        99	        99	        99	        99	        99	        99	        99	        99	        99	        99	        99	        99	        99	        99	        99	        99	        99	        99	        99	        99	        99	        99	        99	        99	        99	        99	        99	        99	        99	        99	        99	        99	        99	        99	        99	        99	        99	        99	        99	        99	        99	        99	        99	        99	        99	        99	        99	        99	        99	        99	        99	        99	        99	        99	        99	        99	        99	        99	        99	        99	        99	        99	        99	        99	        99	        99	        99	        99	        99	        99	        99	        99	        99	        99	        99	        99	        99	        99	        99	        99	        99	        99	        99	        99	        99	        99	        99	        99	        99	        99	        99	        99	        99	        99	        99	        99	        99	        99	        99	        99	
        99	 98.978836	 98.957681	 98.936543	 98.915432	 98.894357	 98.873326	 98.852348	 98.831432	 98.810586	 98.789819	 98.769139	 98.748555	 98.728074	 98.707705	 98.687456	 98.667334	 98.647348	 98.627503	 98.607809	 98.588272	 98.568898	 98.549694	 98.530668	 98.511825	 98.493172	 98.474713	 98.456456	 98.438405	 98.420565	 98.402942	  98.38554	 98.368363	 98.351416	 98.334703	 98.318228	 98.301993	 98.286003	 98.270259	 98.254766	 98.239525	 98.224538	 98.209807	 98.195335	 98.181122	  98.16717	  98.15348	 98.140052	 98.126887	 98.113986	 98.101347	 98.088972	  98.07686	  98.06501	 98.053422	 98.042094	 98.031025	 98.020214	 98.009659	 97.999358	 97.989311	 97.979513	 97.969965	 97.960662	 97.951602	 97.942783	 97.934203	 97.925857	 97.917743	 97.909858	 97.902199	 97.894763	 97.887545	 97.880542	 97.873752	 97.867169	 97.860792	 97.854614	 97.848634	 97.842847	  97.83725	 97.831837	 97.826606	 97.821552	 97.816672	 97.811961	 97.807416	 97.803033	 97.798807	 97.794734	 97.790812	 97.787035	   97.7834	 97.779903	  97.77654	 97.773307	 97.770202	 97.767219	 97.764356	 97.761608	 97.758972	 97.756445	 97.754023	 97.751703	 97.749481	 97.747355	  97.74532	 97.743374	 97.741514	 97.739736	 97.738038	 97.736417	  97.73487	 97.733394	 97.731987	 97.730645	 97.729367	  97.72815	 97.726991	 97.725888	 97.724839	 97.723842	 97.722894	 97.721994	 97.721139	 97.720328	 97.719558	 97.718828	 97.718136	  97.71748	 97.716859	 97.716271	 97.715714	 97.715188	  97.71469	 97.714219	 97.713775	 97.713355	 97.712958	 97.712584	 97.712232	 97.711899	 97.711586	  97.71129	 97.711012	 97.710751	 97.710505	 97.710273	 97.710055	 97.709851	 97.709659	 97.709479	 97.709309	 97.709151	 97.709002	 97.708862	 97.708732	  97.70861	 97.708495	 97.708388	 97.708288	 97.708194	 97.708107	 97.708025	 97.707949	 97.707878	 97.707811	 97.707749	 97.707692	 97.707638	 97.707588	 97.707542	 97.707499	 97.707459	 97.707422	 97.707387	 97.707355	 97.707326	 97.707298	 97.707273	  97.70725	 97.707228	 97.707209	 97.707191	 97.707174	 97.707159	 97.707145	 97.707133	 97.707122	 97.707111	 97.707102	 97.707094	 97.707087	 97.707081	 97.707076	 97.707072	 97.707069	 97.707066	 97.707065	 97.707064	
        99	 98.957681	 98.915379	 98.873113	   98.8309	 98.788759	 98.746705	 98.704758	 98.662935	 98.621252	 98.579726	 98.538375	 98.497215	 98.456263	 98.415534	 98.375044	 98.334809	 98.294844	 98.255164	 98.215783	 98.176716	 98.137977	 98.099578	 98.061534	 98.023856	 97.986556	 97.949648	  97.91314	 97.877046	 97.841374	 97.806135	 97.771338	 97.736992	 97.703106	 97.669687	 97.636743	  97.60428	 97.572306	 97.540826	 97.509845	 97.479369	 97.449402	 97.419947	 97.391008	 97.362588	  97.33469	 97.307315	 97.280466	 97.254142	 97.228344	 97.203073	 97.178328	 97.154109	 97.130414	 97.107242	  97.08459	 97.062457	 97.040839	 97.019734	 96.999138	 96.979046	 96.959456	 96.940363	 96.921761	 96.903645	 96.886012	 96.868854	 96.852166	 96.835942	 96.820176	 96.804861	  96.78999	 96.775558	 96.761556	 96.747977	 96.734815	 96.722062	 96.709711	 96.697753	 96.686182	 96.674988	 96.664166	 96.653706	 96.643601	 96.633842	 96.624423	 96.615334	 96.606569	 96.598119	 96.589976	 96.582132	  96.57458	 96.567311	 96.560319	 96.553595	 96.547131	 96.540921	 96.534957	 96.529231	 96.523737	 96.518467	 96.513414	 96.508571	 96.503932	 96.499489	 96.495237	 96.491168	 96.487277	 96.483557	 96.480003	 96.476608	 96.473366	 96.470272	 96.467321	 96.464507	 96.461824	 96.459268	 96.456834	 96.454517	 96.452313	 96.450215	 96.448221	 96.446326	 96.444526	 96.442817	 96.441194	 96.439655	 96.438195	 96.436811	   96.4355	 96.434258	 96.433082	 96.431969	 96.430916	  96.42992	  96.42898	 96.428091	 96.427251	 96.426458	 96.425711	 96.425005	  96.42434	 96.423713	 96.423123	 96.422567	 96.422044	 96.421552	 96.421089	 96.420654	 96.420245	 96.419861	   96.4195	 96.419162	 96.418845	 96.418547	 96.418268	 96.418007	 96.417762	 96.417534	 96.417319	 96.417119	 96.416932	 96.416757	 96.416594	 96.416441	 96.416299	 96.416166	 96.416043	 96.415927	  96.41582	  96.41572	 96.415628	 96.415541	 96.415461	 96.415387	 96.415318	 96.415254	 96.415195	 96.415141	  96.41509	 96.415044	 96.415001	 96.414962	 96.414925	 96.414892	 96.414862	 96.414835	  96.41481	 96.414787	 96.414767	 96.414749	 96.414733	 96.414719	 96.414707	 96.414697	 96.414688	 96.414682	 96.414677	 96.414673	 96.414672	
        99	 98.936543	 98.873113	 98.809736	 98.746439	 98.683249	 98.620191	 98.557293	 98.494579	 98.432077	 98.369811	 98.307806	 98.246088	  98.18468	 98.123608	 98.062894	 98.002563	 97.942636	 97.883137	 97.824087	 97.765507	 97.707419	 97.649841	 97.592794	 97.536297	 97.480368	 97.425024	 97.370282	 97.316159	  97.26267	  97.20983	 97.157653	 97.106152	 97.055341	  97.00523	 96.955831	 96.907154	  96.85921	 96.812006	 96.765552	 96.719853	 96.674918	 96.630751	 96.587358	 96.544744	 96.502911	 96.461863	 96.421603	  96.38213	 96.343448	 96.305555	  96.26845	 96.232134	 96.196604	 96.161858	 96.127893	 96.094704	 96.062289	 96.030642	 95.999759	 95.969632	 95.940257	 95.911627	 95.883734	  95.85657	 95.830129	 95.804401	 95.779378	 95.755051	  95.73141	 95.708445	 95.686147	 95.664506	 95.643511	  95.62315	 95.603414	 95.584292	 95.565771	  95.54784	 95.530489	 95.513705	 95.497477	 95.481792	  95.46664	 95.452008	 95.437884	 95.424256	 95.411112	 95.398441	 95.386231	 95.374469	 95.363145	 95.352246	 95.341761	 95.331678	 95.321987	 95.312675	 95.303732	 95.295146	 95.286907	 95.279005	 95.271428	 95.264167	  95.25721	 95.250548	 95.244172	 95.238072	 95.232237	 95.226659	 95.221329	 95.216238	 95.211378	 95.206739	 95.202313	 95.198093	 95.194071	 95.190239	 95.186589	 95.183115	 95.179808	 95.176664	 95.173674	 95.170832	 95.168133	  95.16557	 95.163137	 95.160829	  95.15864	 95.156565	 95.154598	 95.152736	 95.150972	 95.149304	 95.147725	 95.146232	 95.144821	 95.143488	 95.142229	 95.141041	  95.13992	 95.138862	 95.137865	 95.136925	  95.13604	 95.135206	 95.134422	 95.133684	  95.13299	 95.132337	 95.131724	 95.131148	 95.130608	   95.1301	 95.129624	 95.129178	  95.12876	 95.128368	 95.128002	 95.127658	 95.127337	 95.127037	 95.126756	 95.126494	 95.126249	  95.12602	 95.125807	 95.125608	 95.125423	  95.12525	 95.125089	  95.12494	 95.124801	 95.124671	 95.124551	  95.12444	 95.124337	 95.124241	 95.124152	  95.12407	 95.123995	 95.123925	 95.123861	 95.123802	 95.123748	 95.123698	 95.123653	 95.123611	 95.123574	  95.12354	  95.12351	 95.123483	 95.123459	 95.123438	  95.12342	 95.123405	 95.123392	 95.123382	 95.123375	  95.12337	 95.123367	
        99	 98.915432	   98.8309	 98.746439	 98.662085	 98.577872	 98.493837	 98.410013	 98.326437	 98.243141	  98.16016	 98.077527	 97.995277	  97.91344	  97.83205	 97.751139	 97.670736	 97.590874	  97.51158	 97.432885	 97.354817	 97.277404	 97.200671	 97.124646	 97.049354	 96.974818	 96.901062	 96.828109	  96.75598	 96.684696	 96.614278	 96.544742	 96.476108	 96.408393	 96.341611	 96.275778	 96.210908	 96.147014	 96.084106	 96.022197	 95.961296	 95.901411	 95.842551	 95.784723	 95.727931	 95.672182	 95.617478	 95.563823	  95.51122	 95.459668	 95.409169	 95.359721	 95.311323	 95.263973	 95.217667	 95.172402	 95.128173	 95.084974	 95.042799	 95.001641	 94.961492	 94.922345	 94.884189	 94.847017	 94.810817	 94.775579	 94.741292	 94.707944	 94.675524	 94.644018	 94.613413	 94.583698	 94.554857	 94.526876	 94.499743	 94.473441	 94.447956	 94.423274	 94.399379	 94.376255	 94.353887	  94.33226	 94.311358	 94.291165	 94.271664	 94.252841	  94.23468	 94.217164	 94.200278	 94.184005	 94.168331	 94.153239	 94.138714	 94.124741	 94.111304	 94.098388	 94.085978	  94.07406	 94.062618	 94.051639	 94.041107	  94.03101	 94.021332	 94.012062	 94.003184	 93.994687	 93.986556	 93.978781	 93.971347	 93.964244	  93.95746	 93.950982	   93.9448	 93.938902	 93.933278	 93.927918	 93.922811	 93.917947	 93.913316	  93.90891	 93.904719	 93.900735	 93.896948	 93.893351	 93.889935	 93.886693	 93.883617	 93.880699	 93.877934	 93.875313	 93.872831	 93.870481	 93.868257	 93.866153	 93.864164	 93.862284	 93.860507	 93.858829	 93.857246	 93.855751	 93.854342	 93.853013	  93.85176	 93.850581	  93.84947	 93.848424	 93.847441	 93.846516	 93.845646	 93.844829	 93.844062	 93.843341	 93.842665	 93.842031	 93.841436	 93.840879	 93.840357	 93.839868	 93.839411	 93.838983	 93.838582	 93.838208	 93.837859	 93.837532	 93.837228	 93.836943	 93.836678	 93.836431	 93.836201	 93.835987	 93.835788	 93.835602	  93.83543	  93.83527	 93.835122	 93.834984	 93.834857	 93.834738	 93.834629	 93.834529	 93.834436	  93.83435	 93.834271	 93.834199	 93.834133	 93.834073	 93.834018	 93.833968	 93.833923	 93.833882	 93.833846	 93.833814	 93.833786	 93.833762	 93.833742	 93.833725	 93.833712	 93.833702	 93.833695	 93.833692	
        99	 98.894357	 98.788759	 98.683249	 98.577872	 98.472673	 98.367695	 98.262982	 98.158577	 98.054522	 97.950861	 97.847636	 97.744887	 97.642656	 97.540983	 97.439908	 97.339468	 97.239703	 97.140648	 97.042342	 96.944818	 96.848112	 96.752257	 96.657286	 96.563229	 96.470118	 96.377981	 96.286848	 96.196744	 96.107695	 96.019727	 95.932863	 95.847125	 95.762533	 95.679109	  95.59687	 95.515833	 95.436015	 95.357431	 95.280093	 95.204015	 95.129206	 95.055677	 94.983437	 94.912493	  94.84285	 94.774513	 94.707487	 94.641774	 94.577375	 94.514291	  94.45252	 94.392061	  94.33291	 94.275065	 94.218519	 94.163268	 94.109303	 94.056617	 94.005202	 93.955048	 93.906144	  93.85848	 93.812044	 93.766823	 93.722803	 93.679971	 93.638313	 93.597813	 93.558455	 93.520224	 93.483102	 93.447074	 93.412121	 93.378225	 93.345369	 93.313533	 93.282699	 93.252849	 93.223963	 93.196021	 93.169004	 93.142892	 93.117667	 93.093307	 93.069793	 93.047105	 93.025224	 93.004129	 92.983802	 92.964221	 92.945368	 92.927224	 92.909768	 92.892983	 92.876848	 92.861346	 92.846457	 92.832164	 92.818448	 92.805292	 92.792678	 92.780589	 92.769008	 92.757918	 92.747303	 92.737146	 92.727433	 92.718147	 92.709274	 92.700798	 92.692706	 92.684983	 92.677616	 92.670591	 92.663894	 92.657514	 92.651438	 92.645654	  92.64015	 92.634915	 92.629937	 92.625207	 92.620713	 92.616446	 92.612396	 92.608553	 92.604908	 92.601454	  92.59818	 92.595079	 92.592144	 92.589366	 92.586737	 92.584252	 92.581903	 92.579684	 92.577588	  92.57561	 92.573743	 92.571982	 92.570322	 92.568758	 92.567284	 92.565896	  92.56459	 92.563361	 92.562206	  92.56112	 92.560099	  92.55914	  92.55824	 92.557396	 92.556604	 92.555861	 92.555165	 92.554513	 92.553902	  92.55333	 92.552796	 92.552296	 92.551828	 92.551392	 92.550984	 92.550603	 92.550248	 92.549917	 92.549608	 92.549321	 92.549053	 92.548804	 92.548573	 92.548358	 92.548158	 92.547972	   92.5478	 92.547641	 92.547494	 92.547357	 92.547231	 92.547115	 92.547008	  92.54691	  92.54682	 92.546737	 92.546662	 92.546593	 92.546531	 92.546475	 92.546424	 92.546379	 92.546339	 92.546304	 92.546274	 92.546249	 92.546228	 92.546211	 92.546199	 92.546191	 92.546186	
        99	 98.873326	 98.746705	 98.620191	 98.493837	 98.367695	 98.241818	 98.116259	 97.991069	   97.8663	 97.742003	 97.618228	 97.495025	 97.372442	 97.250528	 97.129331	 97.008896	  96.88927	 96.770496	 96.652619	 96.535681	 96.419723	 96.304786	 96.190908	 96.078127	 95.966479	 95.856001	 95.746724	 95.638683	 95.531907	 95.426427	  95.32227	 95.219463	 95.118032	 95.017999	 94.919389	  94.82222	 94.726512	 94.632283	 94.539549	 94.448325	 94.358624	 94.270458	 94.183836	 94.098768	 94.015261	 93.933321	 93.852951	 93.774156	 93.696937	 93.621294	 93.547226	 93.474731	 93.403805	 93.334444	 93.266642	 93.200391	 93.135683	 93.072509	 93.010858	 92.950719	  92.89208	 92.834928	 92.779247	 92.725023	  92.67224	 92.620882	  92.57093	 92.522367	 92.475174	 92.429332	 92.384821	  92.34162	 92.299708	 92.259065	 92.219668	 92.181494	 92.144523	  92.10873	 92.074093	 92.040588	 92.008193	 91.976883	 91.946636	 91.917426	 91.889232	 91.862027	  91.83579	 91.810496	 91.786121	 91.762643	 91.740037	  91.71828	  91.69735	 91.677223	 91.657876	 91.639287	 91.621435	 91.604296	  91.58785	 91.572075	  91.55695	 91.542454	 91.528567	  91.51527	 91.502541	 91.490363	 91.478716	 91.467582	 91.456942	 91.446779	 91.437076	 91.427816	 91.418982	 91.410558	 91.402528	 91.394878	 91.387593	 91.380657	 91.374057	  91.36778	 91.361811	 91.356139	 91.350751	 91.345634	 91.340777	  91.33617	   91.3318	 91.327657	 91.323732	 91.320014	 91.316494	 91.313163	 91.310011	 91.307031	 91.304215	 91.301554	 91.299041	 91.296668	  91.29443	 91.292319	 91.290328	 91.288452	 91.286685	 91.285021	 91.283455	 91.281982	 91.280596	 91.279294	  91.27807	  91.27692	 91.275841	 91.274828	 91.273879	 91.272988	 91.272153	 91.271371	 91.270639	 91.269954	 91.269313	 91.268713	 91.268153	 91.267629	  91.26714	 91.266684	 91.266258	 91.265861	 91.265491	 91.265146	 91.264825	 91.264527	 91.264249	 91.263991	 91.263751	 91.263529	 91.263323	 91.263132	 91.262955	 91.262792	 91.262641	 91.262501	 91.262373	 91.262255	 91.262147	 91.262048	 91.261958	 91.261875	 91.261801	 91.261733	 91.261673	 91.261619	 91.261571	 91.261529	 91.261493	 91.261462	 91.261437	 91.261417	 91.261402	 91.261393	 91.261388	
        99	 98.852348	 98.704758	 98.557293	 98.410013	 98.262982	 98.116259	 97.969907	 97.823985	 97.678553	 97.533672	 97.389399	 97.245792	 97.102909	 96.960806	 96.819537	 96.679158	 96.539721	 96.401278	  96.26388	 96.127576	 95.992415	 95.858443	 95.725706	 95.594248	 95.464111	 95.335336	 95.207963	 95.082029	 94.957571	 94.834622	 94.713217	 94.593385	 94.475156	 94.358558	 94.243616	 94.130355	 94.018798	 93.908964	 93.800873	 93.694542	 93.589986	 93.487219	 93.386252	 93.287096	  93.18976	  93.09425	 93.000571	 92.908727	  92.81872	  92.73055	 92.644216	 92.559715	 92.477044	 92.396196	 92.317165	 92.239942	 92.164518	 92.090882	 92.019022	 91.948924	 91.880574	 91.813956	 91.749055	 91.685851	 91.624327	 91.564463	 91.506239	 91.449634	 91.394626	 91.341192	  91.28931	 91.238954	 91.190102	 91.142728	 91.096806	 91.052311	 91.009216	 90.967496	 90.927123	  90.88807	  90.85031	 90.813815	 90.778558	 90.744512	 90.711648	 90.679938	 90.649356	 90.619873	 90.591462	 90.564095	 90.537746	 90.512386	 90.487989	 90.464529	 90.441978	 90.420312	 90.399503	 90.379526	 90.360356	 90.341968	 90.324339	 90.307442	 90.291256	 90.275756	 90.260919	 90.246724	 90.233148	  90.22017	 90.207768	 90.195923	 90.184613	 90.173819	 90.163522	 90.153703	 90.144344	 90.135427	 90.126935	  90.11885	 90.111157	  90.10384	 90.096884	 90.090272	 90.083991	 90.078027	 90.072366	 90.066996	 90.061902	 90.057074	 90.052498	 90.048165	 90.044062	 90.040179	 90.036505	 90.033032	 90.029749	 90.026647	 90.023718	 90.020953	 90.018344	 90.015883	 90.013563	 90.011376	 90.009316	 90.007377	 90.005551	 90.003834	 90.002219	 90.000701	 89.999274	 89.997934	 89.996676	 89.995496	 89.994389	 89.993351	 89.992378	 89.991466	 89.990613	 89.989814	 89.989067	 89.988368	 89.987715	 89.987104	 89.986534	 89.986002	 89.985506	 89.985043	 89.984612	  89.98421	 89.983836	 89.983488	 89.983165	 89.982864	 89.982585	 89.982325	 89.982085	 89.981862	 89.981656	 89.981466	  89.98129	 89.981128	 89.980978	 89.980841	 89.980715	 89.980599	 89.980494	 89.980398	 89.980311	 89.980232	 89.980162	 89.980099	 89.980043	 89.979994	 89.979952	 89.979917	 89.979887	 89.979864	 89.979847	 89.979835	 89.979829	
        99	 98.831432	 98.662935	 98.494579	 98.326437	 98.158577	 97.991069	 97.823985	 97.657392	 97.491359	 97.325953	 97.161243	 96.997293	 96.834169	 96.671936	 96.510655	  96.35039	   96.1912	 96.033145	 95.876284	 95.720671	 95.566363	 95.413413	 95.261873	 95.111793	 94.963221	 94.816204	 94.670787	 94.527014	 94.384925	 94.244559	 94.105955	 93.969148	 93.834171	 93.701056	 93.569832	 93.440527	 93.313166	 93.187773	  93.06437	 92.942976	 92.823609	 92.706284	 92.591015	 92.477812	 92.366687	 92.257647	 92.150698	 92.045843	 91.943086	 91.842426	 91.743862	 91.647391	 91.553008	 91.460708	 91.370482	  91.28232	 91.196211	 91.112144	 91.030104	 90.950076	 90.872044	 90.795989	 90.721893	 90.649736	 90.579497	 90.511153	 90.444681	 90.380057	 90.317257	 90.256254	 90.197021	 90.139533	  90.08376	 90.029675	 89.977248	  89.92645	  89.87725	  89.82962	 89.783528	 89.738943	 89.695833	 89.654169	 89.613918	 89.575048	 89.537528	 89.501327	 89.466413	 89.432753	 89.400317	 89.369074	 89.338992	  89.31004	 89.282187	 89.255403	 89.229658	 89.204922	 89.181165	 89.158358	 89.136473	 89.115481	 89.095353	 89.076064	 89.057584	 89.039888	  89.02295	 89.006744	 88.991245	 88.976429	  88.96227	 88.948746	 88.935834	 88.923511	 88.911756	 88.900546	 88.889861	 88.879681	 88.869985	 88.860756	 88.851973	  88.84362	 88.835677	 88.828129	 88.820959	  88.81415	 88.807687	 88.801556	 88.795741	 88.790228	 88.785005	 88.780057	 88.775373	  88.77094	 88.766746	 88.762781	 88.759033	 88.755492	 88.752147	 88.748991	 88.746012	 88.743202	 88.740553	 88.738057	 88.735705	 88.733491	 88.731407	 88.729446	 88.727603	 88.725869	 88.724241	 88.722711	 88.721275	 88.719927	 88.718663	 88.717478	 88.716367	 88.715327	 88.714353	 88.713441	 88.712587	  88.71179	 88.711044	 88.710347	 88.709696	 88.709089	 88.708522	 88.707994	 88.707502	 88.707043	 88.706616	 88.706219	 88.705849	 88.705506	 88.705187	 88.704891	 88.704617	 88.704363	 88.704127	  88.70391	 88.703709	 88.703524	 88.703353	 88.703196	 88.703052	  88.70292	   88.7028	  88.70269	 88.702591	 88.702501	 88.702421	 88.702349	 88.702285	  88.70223	 88.702182	 88.702141	 88.702107	 88.702081	 88.702061	 88.702048	 88.702041	
        99	 98.810586	 98.621252	 98.432077	 98.243141	 98.054522	   97.8663	 97.678553	 97.491359	 97.304793	 97.118933	 96.933854	 96.749629	 96.566333	 96.384037	 96.202812	 96.022727	 95.843851	 95.666251	 95.489991	 95.315134	 95.141744	  94.96988	 94.799599	 94.630959	 94.464014	 94.298817	 94.135417	 93.973864	 93.814203	  93.65648	 93.500735	  93.34701	 93.195341	 93.045764	 92.898312	 92.753017	 92.609906	 92.469007	 92.330343	 92.193937	 92.059808	 91.927974	  91.79845	 91.671249	 91.546382	 91.423857	 91.303682	 91.185861	 91.070396	 90.957287	 90.846535	 90.738134	  90.63208	 90.528365	  90.42698	 90.327916	 90.231159	 90.136696	  90.04451	 89.954586	 89.866904	 89.781444	 89.698185	 89.617105	 89.538179	 89.461383	 89.386691	 89.314076	 89.243509	 89.174962	 89.108405	 89.043807	 88.981137	 88.920363	 88.861453	 88.804373	  88.74909	 88.695569	 88.643777	 88.593678	 88.545238	 88.498421	 88.453192	 88.409516	 88.367356	 88.326678	 88.287446	 88.249624	 88.213177	  88.17807	 88.144267	 88.111735	 88.080438	 88.050342	 88.021413	 87.993618	 87.966923	 87.941296	 87.916704	 87.893116	   87.8705	 87.848824	  87.82806	 87.808175	 87.789143	 87.770933	 87.753517	 87.736868	 87.720959	 87.705762	 87.691254	 87.677407	 87.664197	 87.651601	 87.639595	 87.628156	 87.617262	 87.606891	 87.597022	 87.587635	 87.578711	 87.570229	 87.562172	 87.554521	 87.547259	 87.540369	 87.533835	 87.527641	 87.521772	 87.516212	 87.510949	 87.505967	 87.501255	 87.496799	 87.492588	 87.488609	 87.484851	 87.481304	 87.477957	   87.4748	 87.471823	 87.469018	 87.466376	 87.463888	 87.461546	 87.459343	 87.457271	 87.455323	 87.453493	 87.451775	 87.450161	 87.448647	 87.447226	 87.445895	 87.444647	 87.443477	 87.442382	 87.441358	 87.440399	 87.439502	 87.438664	 87.437882	  87.43715	 87.436468	 87.435831	 87.435238	 87.434684	 87.434169	 87.433689	 87.433243	 87.432828	 87.432442	 87.432083	 87.431751	 87.431443	 87.431157	 87.430893	 87.430648	 87.430423	 87.430214	 87.430023	 87.429846	 87.429685	 87.429536	 87.429401	 87.429278	 87.429166	 87.429066	 87.428975	 87.428894	 87.428823	  87.42876	 87.428706	 87.428661	 87.428623	 87.428593	 87.428571	 87.428556	 87.428549	
        99	 98.789819	 98.579726	 98.369811	  98.16016	 97.950861	 97.742003	 97.533672	 97.325953	 97.118933	 96.912696	 96.707324	 96.502902	 96.299509	 96.097226	 95.896132	 95.696303	 95.497815	 95.300743	 95.105158	 94.911131	  94.71873	 94.528023	 94.339073	 94.151944	 93.966695	 93.783386	 93.602071	 93.422805	  93.24564	 93.070624	 92.897804	 92.727224	 92.558926	  92.39295	 92.229332	 92.068106	 91.909305	 91.752958	 91.599092	  91.44773	 91.298896	 91.152607	 91.008882	 90.867735	 90.729178	  90.59322	 90.459869	 90.329129	 90.201005	 90.075496	   89.9526	 89.832314	 89.714633	 89.599547	 89.487047	 89.377121	 89.269756	 89.164936	 89.062643	 88.962859	 88.865564	 88.770734	 88.678347	 88.588377	 88.500798	 88.415583	 88.332702	 88.252125	 88.173821	 88.097759	 88.023904	 87.952224	 87.882683	 87.815246	 87.749877	 87.686539	 87.625194	 87.565806	 87.508335	 87.452743	 87.398992	 87.347043	 87.296855	  87.24839	 87.201608	  87.15647	 87.112936	 87.070968	 87.030525	 86.991569	  86.95406	 86.917961	 86.883232	 86.849837	 86.817736	 86.786894	 86.757272	 86.728835	 86.701547	 86.675373	 86.650277	 86.626225	 86.603184	  86.58112	     86.56	 86.539794	 86.520469	 86.501994	 86.484341	 86.467478	 86.451379	 86.436014	 86.421356	 86.407379	 86.394056	 86.381363	 86.369274	 86.357766	 86.346816	   86.3364	 86.326497	 86.317085	 86.308145	 86.299655	 86.291597	 86.283952	 86.276701	 86.269828	 86.263315	 86.257146	 86.251305	 86.245778	 86.240549	 86.235605	 86.230932	 86.226516	 86.222347	  86.21841	 86.214696	 86.211193	  86.20789	 86.204778	 86.201846	 86.199085	 86.196486	 86.194042	 86.191743	 86.189581	 86.187551	 86.185644	 86.183853	 86.182173	 86.180597	 86.179119	 86.177734	 86.176437	 86.175222	 86.174085	 86.173021	 86.172026	 86.171096	 86.170227	 86.169416	 86.168659	 86.167952	 86.167294	  86.16668	 86.166108	 86.165575	  86.16508	 86.164619	 86.164191	 86.163793	 86.163425	 86.163082	 86.162766	 86.162472	 86.162201	 86.161951	 86.161719	 86.161507	 86.161311	 86.161132	 86.160967	 86.160817	  86.16068	 86.160557	 86.160445	 86.160344	 86.160255	 86.160175	 86.160106	 86.160046	 86.159996	 86.159954	 86.159921	 86.159896	 86.159879	 86.159871	
        99	 98.769139	 98.538375	 98.307806	 98.077527	 97.847636	 97.618228	 97.389399	 97.161243	 96.933854	 96.707324	 96.481746	 96.257211	 96.033806	  95.81162	  95.59074	  95.37125	 95.153233	 94.936771	 94.721942	 94.508825	 94.297493	 94.088022	 93.880482	  93.67494	 93.471465	 93.270119	 93.070965	 92.874062	 92.679465	 92.487229	 92.297405	 92.110041	 91.925185	 91.742878	 91.563161	 91.386073	 91.211647	 91.039917	 90.870911	 90.704657	 90.541179	 90.380497	 90.222631	 90.067596	 89.915406	 89.766071	 89.619599	 89.475997	 89.335266	 89.197408	 89.062421	   88.9303	 88.801039	  88.67463	 88.551061	  88.43032	 88.312391	 88.197257	   88.0849	 87.975298	  87.86843	  87.76427	 87.662793	 87.563971	 87.467775	 87.374175	 87.283139	 87.194634	 87.108626	  87.02508	 86.943959	 86.865226	 86.788843	 86.714771	  86.64297	   86.5734	  86.50602	 86.440788	 86.377662	 86.316601	 86.257561	   86.2005	 86.145375	 86.092141	 86.040756	 85.991177	  85.94336	 85.897262	  85.85284	 85.810051	 85.768852	 85.729201	 85.691055	 85.654374	 85.619115	 85.585238	 85.552702	 85.521467	 85.491495	 85.462745	 85.435179	 85.408761	 85.383453	 85.359218	 85.336021	 85.313826	 85.292599	 85.272307	 85.252916	 85.234395	 85.216711	 85.199835	 85.183735	 85.168382	 85.153749	 85.139807	 85.126529	 85.113889	  85.10186	  85.09042	 85.079543	 85.069205	 85.059385	  85.05006	 85.041209	 85.032811	 85.024847	 85.017298	 85.010144	 85.003368	 84.996953	 84.990881	 84.985138	 84.979707	 84.974574	 84.969725	 84.965145	 84.960821	 84.956742	 84.952894	 84.949266	 84.945847	 84.942627	 84.939594	  84.93674	 84.934055	  84.93153	 84.929156	 84.926925	  84.92483	 84.922864	 84.921018	 84.919287	 84.917664	 84.916143	 84.914718	 84.913383	 84.912134	 84.910966	 84.909873	 84.908852	 84.907897	 84.907006	 84.906175	 84.905399	 84.904675	 84.904001	 84.903372	 84.902788	 84.902243	 84.901737	 84.901267	 84.900831	 84.900425	  84.90005	 84.899702	 84.899379	 84.899081	 84.898806	 84.898553	 84.898319	 84.898104	 84.897907	 84.897726	 84.897561	 84.897411	 84.897275	 84.897152	 84.897042	 84.896944	 84.896856	  84.89678	 84.896715	 84.896659	 84.896613	 84.896577	 84.896549	 84.896531	 84.896523	
        99	 98.748555	 98.497215	 98.246088	 97.995277	 97.744887	 97.495025	 97.245792	 96.997293	 96.749629	 96.502902	 96.257211	 96.012654	  95.76933	 95.527334	 95.286759	 95.047699	 94.810243	  94.57448	 94.340496	 94.108376	 93.878202	 93.650054	 93.424008	  93.20014	 92.978522	 92.759224	 92.542313	 92.327852	 92.115905	 91.906528	 91.699779	  91.49571	 91.294371	 91.095809	 90.900068	  90.70719	 90.517212	 90.330169	 90.146095	 89.965017	 89.786962	 89.611954	 89.440011	 89.271153	 89.105393	 88.942743	 88.783212	 88.626805	 88.473526	 88.323376	 88.176353	 88.032452	 87.891666	 87.753985	 87.619399	 87.487892	 87.359448	 87.234049	 87.111673	 86.992299	 86.875902	 86.762455	 86.651929	 86.544296	 86.439523	 86.337578	 86.238425	 86.142028	 86.048352	 85.957356	 85.869002	 85.783249	 85.700056	 85.619379	 85.541176	 85.465403	 85.392015	 85.320967	 85.252213	 85.185707	 85.121403	 85.059254	 84.999213	 84.941233	 84.885267	 84.831267	 84.779187	 84.728979	 84.680596	 84.633991	 84.589119	 84.545932	 84.504386	 84.464433	 84.426031	 84.389133	 84.353696	 84.319676	 84.287031	 84.255718	 84.225695	 84.196921	 84.169356	  84.14296	 84.117695	 84.093521	 84.070402	   84.0483	 84.027181	 84.007008	 83.987747	 83.969366	  83.95183	 83.935109	 83.919171	 83.903986	 83.889524	 83.875756	 83.862656	 83.850195	 83.838348	 83.827089	 83.816393	 83.806237	 83.796596	  83.78745	 83.778776	 83.770553	 83.762762	 83.755382	 83.748394	 83.741782	 83.735526	 83.729611	 83.724021	 83.718739	  83.71375	 83.709041	 83.704598	 83.700407	 83.696456	 83.692732	 83.689224	 83.685922	 83.682813	 83.679888	 83.677138	 83.674552	 83.672123	 83.669841	 83.667699	 83.665689	 83.663804	 83.662036	 83.660379	 83.658827	 83.657373	 83.656013	  83.65474	  83.65355	 83.652438	 83.651399	 83.650428	 83.649522	 83.648677	 83.647889	 83.647154	  83.64647	 83.645833	  83.64524	 83.644689	 83.644177	 83.643702	  83.64326	 83.642851	 83.642472	 83.642121	 83.641796	 83.641497	  83.64122	 83.640966	 83.640732	 83.640517	  83.64032	 83.640141	 83.639977	 83.639829	 83.639695	 83.639575	 83.639468	 83.639373	  83.63929	 83.639219	 83.639158	 83.639108	 83.639068	 83.639039	 83.639019	 83.639009	
        99	 98.728074	 98.456263	  98.18468	  97.91344	 97.642656	 97.372442	 97.102909	 96.834169	 96.566333	 96.299509	 96.033806	  95.76933	 95.506187	 95.244479	  94.98431	 94.725777	  94.46898	 94.214014	 93.960972	 93.709946	 93.461024	 93.214292	 92.969835	 92.727732	 92.488063	 92.250903	 92.016324	 91.784395	 91.555184	 91.328753	 91.105164	 90.884473	 90.666735	 90.451999	 90.240315	 90.031727	 89.826275	 89.623998	  89.42493	 89.229103	 89.036545	 88.847282	 88.661335	 88.478723	 88.299461	 88.123563	 87.951038	 87.781891	 87.616128	 87.453748	 87.294749	 87.139127	 86.986874	 86.837979	  86.69243	 86.550212	 86.411306	 86.275693	  86.14335	 86.014253	 85.888374	 85.765687	 85.646159	 85.529759	 85.416452	 85.306203	 85.198974	 85.094726	 84.993419	 84.895012	 84.799461	 84.706723	 84.616753	 84.529506	 84.444933	 84.362988	 84.283622	 84.206787	 84.132433	  84.06051	 83.990969	 83.923758	 83.858826	 83.796124	 83.735599	 83.677201	 83.620878	 83.566581	 83.514257	 83.463856	 83.415329	 83.368625	 83.323694	 83.280488	 83.238957	 83.199054	 83.160731	  83.12394	 83.088636	 83.054772	 83.022304	 82.991186	 82.961376	  82.93283	 82.905507	 82.879364	 82.854362	  82.83046	  82.80762	 82.785804	 82.764975	 82.745096	 82.726133	 82.708049	 82.690813	 82.674391	 82.658751	 82.643862	 82.629695	 82.616219	 82.603407	 82.591231	 82.579664	  82.56868	 82.558255	 82.548363	 82.538983	  82.53009	 82.521664	 82.513683	 82.506126	 82.498975	  82.49221	 82.485813	 82.479767	 82.474055	  82.46866	 82.463568	 82.458763	  82.45423	 82.449957	  82.44593	 82.442137	 82.438565	 82.435203	  82.43204	 82.429066	  82.42627	 82.423643	 82.421175	 82.418859	 82.416685	 82.414646	 82.412734	 82.410942	 82.409263	 82.407692	  82.40622	 82.404844	 82.403557	 82.402354	  82.40123	  82.40018	 82.399201	 82.398287	 82.397434	  82.39664	   82.3959	 82.395211	  82.39457	 82.393974	 82.393421	 82.392906	 82.392429	 82.391986	 82.391576	 82.391197	 82.390846	 82.390522	 82.390223	 82.389948	 82.389695	 82.389462	  82.38925	 82.389055	 82.388879	 82.388718	 82.388574	 82.388444	 82.388328	 82.388225	 82.388135	 82.388058	 82.387992	 82.387938	 82.387896	 82.387864	 82.387842	 82.387832	
        99	 98.707705	 98.415534	 98.123608	  97.83205	 97.540983	 97.250528	 96.960806	 96.671936	 96.384037	 96.097226	  95.81162	 95.527334	 95.244479	 94.963169	  94.68351	 94.405612	  94.12958	 93.855515	 93.583519	 93.313689	 93.046121	 92.780908	 92.518139	 92.257902	  92.00028	 91.745355	 91.493205	 91.243903	 90.997523	 90.754131	 90.513794	 90.276572	 90.042523	 89.811703	 89.584163	  89.35995	 89.139108	 88.921679	   88.7077	 88.497205	 88.290223	 88.086783	 87.886907	 87.690617	 87.497927	 87.308853	 87.123405	 86.941588	 86.763408	 86.588865	 86.417956	 86.250677	 86.087019	 85.926971	  85.77052	 85.617648	 85.468338	 85.322566	  85.18031	 85.041543	 84.906236	 84.774358	 84.645877	 84.520758	 84.398963	 84.280456	 84.165195	 84.053138	 83.944243	 83.838464	 83.735756	 83.636072	 83.539363	 83.445579	 83.354672	 83.266589	 83.181278	 83.098687	 83.018764	 82.941454	 82.866703	 82.794458	 82.724663	 82.657263	 82.592205	 82.529432	 82.468891	 82.410526	 82.354283	 82.300107	 82.247945	 82.197742	 82.149446	 82.103003	 82.058362	 82.015469	 81.974275	 81.934729	  81.89678	  81.86038	 81.825479	 81.792031	 81.759988	 81.729304	 81.699933	 81.671832	 81.644957	 81.619265	 81.594715	 81.571265	 81.548875	 81.527507	 81.507123	 81.487685	 81.469158	 81.451506	 81.434694	  81.41869	 81.403462	 81.388977	 81.375205	 81.362116	 81.349683	 81.337876	  81.32667	 81.316038	 81.305955	 81.296396	 81.287339	  81.27876	 81.270637	  81.26295	 81.255679	 81.248803	 81.242304	 81.236163	 81.230365	 81.224891	 81.219726	 81.214854	 81.210261	 81.205932	 81.201855	 81.198015	 81.194401	 81.191002	 81.187804	 81.184799	 81.181975	 81.179323	 81.176832	 81.174496	 81.172304	 81.170249	 81.168323	 81.166519	 81.164829	 81.163248	 81.161768	 81.160385	 81.159092	 81.157883	 81.156755	 81.155702	  81.15472	 81.153804	  81.15295	 81.152154	 81.151414	 81.150725	 81.150084	 81.149489	 81.148936	 81.148423	 81.147947	 81.147507	 81.147099	 81.146721	 81.146373	 81.146052	 81.145756	 81.145484	 81.145234	 81.145006	 81.144797	 81.144607	 81.144435	 81.144279	 81.144139	 81.144015	 81.143904	 81.143808	 81.143725	 81.143654	 81.143596	  81.14355	 81.143516	 81.143493	 81.143482	
        99	 98.687456	 98.375044	 98.062894	 97.751139	 97.439908	 97.129331	 96.819537	 96.510655	 96.202812	 95.896132	  95.59074	 95.286759	  94.98431	  94.68351	 94.384479	 94.087329	 93.792173	 93.499122	 93.208283	 92.919761	 92.633657	  92.35007	 92.069098	 91.790832	 91.515363	 91.242778	 90.973159	 90.706587	 90.443138	 90.182886	 89.925898	 89.672242	  89.42198	 89.175169	 88.931865	  88.69212	 88.455979	 88.223487	 87.994684	 87.769606	 87.548286	 87.330752	  87.11703	 86.907141	 86.701103	  86.49893	 86.300634	 86.106222	 85.915698	 85.729063	 85.546315	 85.367447	 85.192451	 85.021316	 84.854026	 84.690564	  84.53091	  84.37504	 84.222929	 84.074548	 83.929867	 83.788854	 83.651472	 83.517685	 83.387453	 83.260736	 83.137489	  83.01767	 82.901231	 82.788124	 82.678301	 82.571711	 82.468302	 82.368022	 82.270816	 82.176631	  82.08541	 81.997098	 81.911638	 81.828972	 81.749043	 81.671792	 81.597162	 81.525094	 81.455528	 81.388407	 81.323671	 81.261263	 81.201124	 81.143195	 81.087419	 81.033738	 80.982096	 80.932436	 80.884702	 80.838839	 80.794791	 80.752505	 80.711927	 80.673005	 80.635686	 80.599921	 80.565658	 80.532848	 80.501443	 80.471396	 80.442659	 80.415187	 80.388935	 80.363861	  80.33992	 80.317072	 80.295276	 80.274491	 80.254681	 80.235805	 80.217829	 80.200717	 80.184433	 80.168944	 80.154218	 80.140223	 80.126928	 80.114304	 80.102322	 80.090953	 80.080171	  80.06995	 80.060265	 80.051092	 80.042407	 80.034187	 80.026412	  80.01906	 80.012111	 80.005545	 79.999344	 79.993491	 79.987968	 79.982759	 79.977848	 79.973219	 79.968859	 79.964754	  79.96089	 79.957254	 79.953836	 79.950622	 79.947602	 79.944766	 79.942104	 79.939605	 79.937261	 79.935064	 79.933005	 79.931075	 79.929269	 79.927578	 79.925996	 79.924517	 79.923134	 79.921842	 79.920636	  79.91951	 79.918459	 79.917479	 79.916566	 79.915716	 79.914924	 79.914188	 79.913503	 79.912866	 79.912275	 79.911726	 79.911217	 79.910746	  79.91031	 79.909907	 79.909534	 79.909191	 79.908874	 79.908583	 79.908316	 79.908072	 79.907849	 79.907646	 79.907461	 79.907295	 79.907146	 79.907012	 79.906895	 79.906791	 79.906702	 79.906627	 79.906565	 79.906516	 79.906479	 79.906455	 79.906442	
        99	 98.667334	 98.334809	 98.002563	 97.670736	 97.339468	 97.008896	 96.679158	  96.35039	 96.022727	 95.696303	  95.37125	 95.047699	 94.725777	 94.405612	 94.087329	 93.771048	 93.456891	 93.144973	 92.835409	 92.528311	 92.223788	 91.921944	 91.622883	 91.326702	 91.033498	 90.743364	 90.456387	 90.172653	 89.892243	 89.615235	 89.341703	 89.071716	 88.805342	 88.542641	 88.283673	 88.028492	 87.777149	 87.529689	 87.286156	 87.046587	 86.811018	  86.57948	 86.351998	 86.128596	 85.909293	 85.694104	 85.483042	 85.276114	 85.073324	 84.874673	 84.680159	 84.489776	 84.303514	 84.121361	 83.943301	 83.769315	 83.599382	 83.433477	 83.271573	 83.113639	 82.959644	 82.809552	 82.663325	 82.520925	 82.382309	 82.247433	 82.116252	 81.988719	 81.864783	 81.744395	 81.627501	 81.514049	 81.403982	 81.297246	 81.193782	 81.093533	  80.99644	 80.902442	  80.81148	 80.723492	 80.638417	 80.556193	 80.476758	  80.40005	 80.326005	 80.254563	  80.18566	 80.119233	 80.055222	 79.993564	 79.934197	 79.877061	 79.822094	 79.769237	 79.718429	 79.669613	 79.622729	 79.577721	 79.534531	 79.493103	 79.453382	 79.415314	 79.378845	 79.343923	 79.310496	 79.278514	 79.247927	 79.218686	 79.190745	 79.164056	 79.138574	 79.114255	 79.091055	 79.068933	 79.047847	 79.027756	 79.008623	 78.990408	 78.973076	 78.956591	 78.940917	 78.926021	  78.91187	 78.898433	 78.885679	 78.873578	 78.862102	 78.851223	 78.840915	 78.831151	 78.821907	 78.813158	 78.804882	 78.797056	  78.78966	 78.782671	 78.776072	 78.769842	 78.763963	 78.758419	 78.753191	 78.748265	 78.743624	 78.739254	 78.735141	 78.731272	 78.727633	 78.724213	 78.720998	  78.71798	 78.715146	 78.712486	 78.709992	 78.707653	 78.705461	 78.703407	 78.701485	 78.699685	 78.698001	 78.696426	 78.694955	  78.69358	 78.692296	 78.691097	 78.689979	 78.688936	 78.687965	 78.687059	 78.686217	 78.685432	 78.684703	 78.684026	 78.683397	 78.682813	 78.682271	  78.68177	 78.681305	 78.680876	  78.68048	 78.680114	 78.679777	 78.679467	 78.679183	 78.678923	 78.678686	 78.678469	 78.678273	 78.678096	 78.677937	 78.677795	  78.67767	  78.67756	 78.677465	 78.677385	 78.677319	 78.677267	 78.677228	 78.677202	 78.677189	
        99	 98.647348	 98.294844	 97.942636	 97.590874	 97.239703	  96.88927	 96.539721	   96.1912	 95.843851	 95.497815	 95.153233	 94.810243	  94.46898	  94.12958	 93.792173	 93.456891	 93.123858	   92.7932	 92.465038	  92.13949	  91.81667	 91.496692	 91.179662	 90.865687	 90.554868	 90.247302	 89.943083	 89.642302	 89.345045	 89.051394	 88.761428	  88.47522	 88.192842	 87.914359	 87.639832	  87.36932	 87.102875	 86.840548	 86.582383	 86.328421	 86.078699	 85.833249	   85.5921	 85.355276	 85.122797	  84.89468	 84.670937	 84.451577	 84.236603	 84.026017	 83.819817	 83.617995	 83.420543	 83.227446	 83.038688	 82.854249	 82.674106	 82.498234	 82.326602	  82.15918	 81.995932	 81.836822	 81.681811	 81.530855	 81.383911	 81.240932	 81.101869	 80.966674	 80.835292	 80.707671	 80.583754	 80.463485	 80.346806	 80.233657	 80.123977	 80.017705	 79.914778	 79.815133	 79.718706	 79.625431	 79.535245	 79.448081	 79.363874	 79.282557	 79.204064	 79.128329	 79.055286	 78.984869	 78.917012	 78.851649	 78.788715	 78.728146	 78.669877	 78.613844	 78.559984	 78.508235	 78.458535	 78.410822	 78.365037	  78.32112	 78.279013	 78.238657	 78.199997	 78.162977	 78.127542	 78.093638	 78.061214	 78.030216	 78.000596	 77.972304	 77.945291	 77.919511	 77.894917	 77.871466	 77.849113	 77.827815	 77.807532	 77.788224	  77.76985	 77.752374	 77.735758	 77.719967	 77.704966	 77.690722	 77.677202	 77.664374	 77.652209	 77.640676	 77.629748	 77.619398	 77.609598	 77.600324	 77.591551	 77.583255	 77.575414	 77.568006	  77.56101	 77.554405	 77.548174	 77.542296	 77.536754	 77.531532	 77.526612	  77.52198	  77.51762	 77.513518	 77.509661	 77.506035	 77.502627	 77.499427	 77.496423	 77.493604	  77.49096	  77.48848	 77.486156	 77.483979	 77.481941	 77.480033	 77.478248	 77.476579	 77.475019	 77.473561	   77.4722	  77.47093	 77.469744	 77.468639	 77.467609	 77.466649	 77.465756	 77.464925	 77.464152	 77.463433	 77.462766	 77.462147	 77.461573	 77.461042	 77.460549	 77.460094	 77.459674	 77.459286	 77.458929	 77.458601	   77.4583	 77.458024	 77.457772	 77.457543	 77.457335	 77.457148	 77.456979	 77.456829	 77.456696	 77.456579	 77.456479	 77.456394	 77.456324	 77.456268	 77.456227	 77.456199	 77.456186	
