Time step 1:
        99	        99	        99	        99	        99	        99	        99	        99	        99	        99	        99	        99	        99	        99	        99	        99	        99	        99	        99	        99	        99	        99	        99	        99	        99	        99	        99	        99	        99	        99	        99	        99	        99	        99	        99	        99	        99	        99	        99	        99	        99	        99	        99	        99	        99	        99	        99	        99	        99	        99	        99	        99	        99	        99	        99	        99	        99	        99	        99	        99	        99	        99	        99	        99	        99	        99	        99	        99	        99	        99	        99	        99	        99	        99	        99	        99	        99	        99	        99	        99	        99	        99	        99	        99	        99	        99	        99	        99	        99	        99	        99	        99	        99	        99	        99	        99	        99	        99	        99	        99	        99	        99	        99	        99	        99	        99	        99	        99	        99	        99	        99	        99	        99	        99	        99	        99	        99	        99	        99	        99	        99	        99	        99	        99	        99	        99	        99	        99	        99	        99	        99	        99	        99	        99	        99	        99	        99	        99	        99	        99	        99	        99	        99	        99	        99	        99	        99	        99	        99	        99	        99	        99	        99	        99	        99	        99	        99	        99	        99	        99	        99	        99	        99	        99	        99	        99	        99	        99	        99	        99	        99	        99	        99	        99	        99	        99	        99	        99	        99	        99	        99	        99	        99	        99	        99	        99	        99	        99	        99	        99	        99	        99	        99	        99	        99	        99	        99	        99	        99	        99	
        99	 98.367137	 97.742238	 97.132963	 96.546393	  95.98878	 95.465354	 94.980187	 94.536121	 94.134767	 93.776554	 93.460839	 93.186052	 92.949866	 92.749381	 92.581311	 92.442161	 92.328377	  92.23648	 92.163174	 92.105413	 92.060458	 92.025895	 91.999646	 91.979951	 91.965353	 91.954663	 91.946928	 91.941398	 91.937492	 91.934765	 91.932884	 91.931602	 91.930739	 91.930163	 91.929785	 91.929539	  91.92938	  91.92928	 91.929216	 91.929177	 91.929153	 91.929138	 91.929129	 91.929124	 91.929121	 91.929119	 91.929118	 91.929118	 91.929117	 91.929117	 91.929117	 91.929117	 91.929117	 91.929117	 91.929117	 91.929117	 91.929117	 91.929117	 91.929117	 91.929117	 91.929117	 91.929117	 91.929117	 91.929117	 91.929117	 91.929117	 91.929117	 91.929117	 91.929117	 91.929117	 91.929117	 91.929117	 91.929117	 91.929117	 91.929117	 91.929117	 91.929117	 91.929117	 91.929117	 91.929117	 91.929117	 91.929117	 91.929117	 91.929117	 91.929117	 91.929117	 91.929117	 91.929117	 91.929117	 91.929117	 91.929117	 91.929117	 91.929117	 91.929117	 91.929117	 91.929117	 91.929117	 91.929117	 91.929117	 91.929117	 91.929117	 91.929117	 91.929117	 91.929117	 91.929117	 91.929117	 91.929117	 91.929117	 91.929117	 91.929117	 91.929117	 91.929117	 91.929117	 91.929117	 91.929117	 91.929117	 91.929117	 91.929117	 91.929117	 91.929117	 91.929117	 91.929117	 91.929117	 91.929117	 91.929117	 91.929117	 91.929117	 91.929117	 91.929117	 91.929117	 91.929117	 91.929117	 91.929117	 91.929117	 91.929117	 91.929117	 91.929117	 91.929117	 91.929117	 91.929117	 91.929117	 91.929117	 91.929117	 91.929117	 91.929117	 91.929117	 91.929117	 91.929117	 91.929117	 91.929117	 91.929117	 91.929117	 91.929117	 91.929117	 91.929117	 91.929117	 91.929117	 91.929117	 91.929117	 91.929117	 91.929117	 91.929117	 91.929117	 91.929117	 91.929117	 91.929117	 91.929117	 91.929117	 91.929117	 91.929117	 91.929117	 91.929117	 91.929117	 91.929117	 91.929117	 91.929117	 91.929117	 91.929117	 91.929117	 91.929117	 91.929117	 91.929117	 91.929117	 91.929117	 91.929117	 91.929117	 91.929117	 91.929117	 91.929117	 91.929117	 91.929117	 91.929117	 91.929117	 91.929117	 91.929117	 91.929117	 91.929117	 91.929117	 91.929117	
        99	 97.742238	   96.5003	 95.289416	 94.123657	 93.015448	 91.975182	 91.010952	 90.128408	 89.330749	  88.61883	 87.991374	 87.445258	 86.975857	 86.577409	 86.243386	 85.966836	 85.740699	 85.558063	 85.412372	 85.297578	 85.208233	 85.139543	 85.087375	 85.048234	 85.019221	 84.997975	 84.982602	 84.971612	 84.963849	  84.95843	 84.954692	 84.952144	 84.950428	 84.949284	 84.948532	 84.948043	 84.947728	 84.947528	 84.947402	 84.947324	 84.947276	 84.947247	  84.94723	 84.947219	 84.947213	 84.947209	 84.947207	 84.947206	 84.947206	 84.947205	 84.947205	 84.947205	 84.947205	 84.947205	 84.947205	 84.947205	 84.947205	 84.947205	 84.947205	 84.947205	 84.947205	 84.947205	 84.947205	 84.947205	 84.947205	 84.947205	 84.947205	 84.947205	 84.947205	 84.947205	 84.947205	 84.947205	 84.947205	 84.947205	 84.947205	 84.947205	 84.947205	 84.947205	 84.947205	 84.947205	 84.947205	 84.947205	 84.947205	 84.947205	 84.947205	 84.947205	 84.947205	 84.947205	 84.947205	 84.947205	 84.947205	 84.947205	 84.947205	 84.947205	 84.947205	 84.947205	 84.947205	 84.947205	 84.947205	 84.947205	 84.947205	 84.947205	 84.947205	 84.947205	 84.947205	 84.947205	 84.947205	 84.947205	 84.947205	 84.947205	 84.947205	 84.947205	 84.947205	 84.947205	 84.947205	 84.947205	 84.947205	 84.947205	 84.947205	 84.947205	 84.947205	 84.947205	 84.947205	 84.947205	 84.947205	 84.947205	 84.947205	 84.947205	 84.947205	 84.947205	 84.947205	 84.947205	 84.947205	 84.947205	 84.947205	 84.947205	 84.947205	 84.947205	 84.947205	 84.947205	 84.947205	 84.947205	 84.947205	 84.947205	 84.947205	 84.947205	 84.947205	 84.947205	 84.947205	 84.947205	 84.947205	 84.947205	 84.947205	 84.947205	 84.947205	 84.947205	 84.947205	 84.947205	 84.947205	 84.947205	 84.947205	 84.947205	 84.947205	 84.947205	 84.947205	 84.947205	 84.947205	 84.947205	 84.947205	 84.947205	 84.947205	 84.947205	 84.947205	 84.947205	 84.947205	 84.947205	 84.947205	 84.947205	 84.947205	 84.947205	 84.947205	 84.947205	 84.947205	 84.947205	 84.947205	 84.947205	 84.947205	 84.947205	 84.947205	 84.947205	 84.947205	 84.947205	 84.947205	 84.947205	 84.947205	 84.947205	 84.947205	 84.947205	 84.947205	
        99	 97.132963	 95.289416	 93.491966	 91.761499	 90.116461	 88.572279	 87.140965	 85.830907	 84.646853	 83.590072	 82.658669	 81.848009	 81.151225	 80.559766	 80.063938	 79.653425	 79.317745	 79.046639	 78.830374	 78.659973	 78.527349	 78.425385	 78.347945	 78.289844	 78.246777	 78.215239	  78.19242	 78.176107	 78.164583	 78.156539	 78.150991	 78.147208	  78.14466	 78.142963	 78.141847	  78.14112	 78.140653	 78.140356	 78.140169	 78.140053	 78.139982	 78.139939	 78.139913	 78.139898	 78.139888	 78.139883	  78.13988	 78.139878	 78.139877	 78.139877	 78.139877	 78.139876	 78.139876	 78.139876	 78.139876	 78.139876	 78.139876	 78.139876	 78.139876	 78.139876	 78.139876	 78.139876	 78.139876	 78.139876	 78.139876	 78.139876	 78.139876	 78.139876	 78.139876	 78.139876	 78.139876	 78.139876	 78.139876	 78.139876	 78.139876	 78.139876	 78.139876	 78.139876	 78.139876	 78.139876	 78.139876	 78.139876	 78.139876	 78.139876	 78.139876	 78.139876	 78.139876	 78.139876	 78.139876	 78.139876	 78.139876	 78.139876	 78.139876	 78.139876	 78.139876	 78.139876	 78.139876	 78.139876	 78.139876	 78.139876	 78.139876	 78.139876	 78.139876	 78.139876	 78.139876	 78.139876	 78.139876	 78.139876	 78.139876	 78.139876	 78.139876	 78.139876	 78.139876	 78.139876	 78.139876	 78.139876	 78.139876	 78.139876	 78.139876	 78.139876	 78.139876	 78.139876	 78.139876	 78.139876	 78.139876	 78.139876	 78.139876	 78.139876	 78.139876	 78.139876	 78.139876	 78.139876	 78.139876	 78.139876	 78.139876	 78.139876	 78.139876	 78.139876	 78.139876	 78.139876	 78.139876	 78.139876	 78.139876	 78.139876	 78.139876	 78.139876	 78.139876	 78.139876	 78.139876	 78.139876	 78.139876	 78.139876	 78.139876	 78.139876	 78.139876	 78.139876	 78.139876	 78.139876	 78.139876	 78.139876	 78.139876	 78.139876	 78.139876	 78.139876	 78.139876	 78.139876	 78.139876	 78.139876	 78.139876	 78.139876	 78.139876	 78.139876	 78.139876	 78.139876	 78.139876	 78.139876	 78.139876	 78.139876	 78.139876	 78.139876	 78.139876	 78.139876	 78.139876	 78.139876	 78.139876	 78.139876	 78.139876	 78.139876	 78.139876	 78.139876	 78.139876	 78.139876	 78.139876	 78.139876	 78.139876	 78.139876	 78.139876	 78.139876	 78.139876	
        99	 96.546393	 94.123657	 91.761499	 89.487369	 87.325507	 85.296187	 83.415196	 81.693556	 80.137506	 78.748717	 77.524695	 76.459349	 75.543657	 74.766379	 74.114778	 73.575295	 73.134155	 72.777876	 72.493668	 72.269732	 72.095442	 71.961444	 71.859676	 71.783321	 71.726725	 71.685278	  71.65529	 71.633852	 71.618708	 71.608137	 71.600845	 71.595875	 71.592526	 71.590296	 71.588828	 71.587874	  71.58726	  71.58687	 71.586624	 71.586472	 71.586378	 71.586321	 71.586287	 71.586267	 71.586255	 71.586248	 71.586244	 71.586242	 71.586241	  71.58624	  71.58624	 71.586239	 71.586239	 71.586239	 71.586239	 71.586239	 71.586239	 71.586239	 71.586239	 71.586239	 71.586239	 71.586239	 71.586239	 71.586239	 71.586239	 71.586239	 71.586239	 71.586239	 71.586239	 71.586239	 71.586239	 71.586239	 71.586239	 71.586239	 71.586239	 71.586239	 71.586239	 71.586239	 71.586239	 71.586239	 71.586239	 71.586239	 71.586239	 71.586239	 71.586239	 71.586239	 71.586239	 71.586239	 71.586239	 71.586239	 71.586239	 71.586239	 71.586239	 71.586239	 71.586239	 71.586239	 71.586239	 71.586239	 71.586239	 71.586239	 71.586239	 71.586239	 71.586239	 71.586239	 71.586239	 71.586239	 71.586239	 71.586239	 71.586239	 71.586239	 71.586239	 71.586239	 71.586239	 71.586239	 71.586239	 71.586239	 71.586239	 71.586239	 71.586239	 71.586239	 71.586239	 71.586239	 71.586239	 71.586239	 71.586239	 71.586239	 71.586239	 71.586239	 71.586239	 71.586239	 71.586239	 71.586239	 71.586239	 71.586239	 71.586239	 71.586239	 71.586239	 71.586239	 71.586239	 71.586239	 71.586239	 71.586239	 71.586239	 71.586239	 71.586239	 71.586239	 71.586239	 71.586239	 71.586239	 71.586239	 71.586239	 71.586239	 71.586239	 71.586239	 71.586239	 71.586239	 71.586239	 71.586239	 71.586239	 71.586239	 71.586239	 71.586239	 71.586239	 71.586239	 71.586239	 71.586239	 71.586239	 71.586239	 71.586239	 71.586239	 71.586239	 71.586239	 71.586239	 71.586239	 71.586239	 71.586239	 71.586239	 71.586239	 71.586239	 71.586239	 71.586239	 71.586239	 71.586239	 71.586239	 71.586239	 71.586239	 71.586239	 71.586239	 71.586239	 71.586239	 71.586239	 71.586239	 71.586239	 71.586239	 71.586239	 71.586239	 71.586239	 71.586239	 71.586239	
        99	  95.98878	 93.015448	 90.116461	 87.325507	 84.672335	 82.181829	  79.87336	 77.760457	 75.850778	 74.146371	 72.644176	  71.33672	 70.212927	 69.259005	 68.459322	 67.797236	 67.255843	 66.818596	   66.4698	 66.194973	 65.981074	 65.816625	  65.69173	 65.598023	 65.528564	 65.477699	 65.440896	 65.414586	    65.396	 65.383027	 65.374078	 65.367978	 65.363869	 65.361132	 65.359331	 65.358159	 65.357406	 65.356927	 65.356626	 65.356439	 65.356324	 65.356254	 65.356212	 65.356188	 65.356173	 65.356164	  65.35616	 65.356157	 65.356155	 65.356154	 65.356154	 65.356154	 65.356153	 65.356153	 65.356153	 65.356153	 65.356153	 65.356153	 65.356153	 65.356153	 65.356153	 65.356153	 65.356153	 65.356153	 65.356153	 65.356153	 65.356153	 65.356153	 65.356153	 65.356153	 65.356153	 65.356153	 65.356153	 65.356153	 65.356153	 65.356153	 65.356153	 65.356153	 65.356153	 65.356153	 65.356153	 65.356153	 65.356153	 65.356153	 65.356153	 65.356153	 65.356153	 65.356153	 65.356153	 65.356153	 65.356153	 65.356153	 65.356153	 65.356153	 65.356153	 65.356153	 65.356153	 65.356153	 65.356153	 65.356153	 65.356153	 65.356153	 65.356153	 65.356153	 65.356153	 65.356153	 65.356153	 65.356153	 65.356153	 65.356153	 65.356153	 65.356153	 65.356153	 65.356153	 65.356153	 65.356153	 65.356153	 65.356153	 65.356153	 65.356153	 65.356153	 65.356153	 65.356153	 65.356153	 65.356153	 65.356153	 65.356153	 65.356153	 65.356153	 65.356153	 65.356153	 65.356153	 65.356153	 65.356153	 65.356153	 65.356153	 65.356153	 65.356153	 65.356153	 65.356153	 65.356153	 65.356153	 65.356153	 65.356153	 65.356153	 65.356153	 65.356153	 65.356153	 65.356153	 65.356153	 65.356153	 65.356153	 65.356153	 65.356153	 65.356153	 65.356153	 65.356153	 65.356153	 65.356153	 65.356153	 65.356153	 65.356153	 65.356153	 65.356153	 65.356153	 65.356153	 65.356153	 65.356153	 65.356153	 65.356153	 65.356153	 65.356153	 65.356153	 65.356153	 65.356153	 65.356153	 65.356153	 65.356153	 65.356153	 65.356153	 65.356153	 65.356153	 65.356153	 65.356153	 65.356153	 65.356153	 65.356153	 65.356153	 65.356153	 65.356153	 65.356153	 65.356153	 65.356153	 65.356153	 65.356153	 65.356153	 65.356153	 65.356153	 65.356153	
        99	 95.465354	 91.975182	 88.572279	 85.296187	 82.181829	 79.258411	 76.548674	 74.068497	  71.82687	 69.826197	 68.062886	 66.528163	  65.20903	 64.089295	 63.150609	 62.373439	  61.73794	 61.224691	 60.815267	  60.49267	 60.241592	 60.048558	 59.901953	 59.791959	 59.710427	 59.650721	 59.607521	 59.576638	 59.554822	 59.539594	  59.52909	 59.521929	 59.517105	 59.513893	 59.511779	 59.510404	 59.509519	 59.508957	 59.508604	 59.508384	  59.50825	 59.508168	 59.508118	 59.508089	 59.508072	 59.508062	 59.508056	 59.508053	 59.508051	  59.50805	  59.50805	 59.508049	 59.508049	 59.508049	 59.508049	 59.508049	 59.508049	 59.508049	 59.508049	 59.508049	 59.508049	 59.508049	 59.508049	 59.508049	 59.508049	 59.508049	 59.508049	 59.508049	 59.508049	 59.508049	 59.508049	 59.508049	 59.508049	 59.508049	 59.508049	 59.508049	 59.508049	 59.508049	 59.508049	 59.508049	 59.508049	 59.508049	 59.508049	 59.508049	 59.508049	 59.508049	 59.508049	 59.508049	 59.508049	 59.508049	 59.508049	 59.508049	 59.508049	 59.508049	 59.508049	 59.508049	 59.508049	 59.508049	 59.508049	 59.508049	 59.508049	 59.508049	 59.508049	 59.508049	 59.508049	 59.508049	 59.508049	 59.508049	 59.508049	 59.508049	 59.508049	 59.508049	 59.508049	 59.508049	 59.508049	 59.508049	 59.508049	 59.508049	 59.508049	 59.508049	 59.508049	 59.508049	 59.508049	 59.508049	 59.508049	 59.508049	 59.508049	 59.508049	 59.508049	 59.508049	 59.508049	 59.508049	 59.508049	 59.508049	 59.508049	 59.508049	 59.508049	 59.508049	 59.508049	 59.508049	 59.508049	 59.508049	 59.508049	 59.508049	 59.508049	 59.508049	 59.508049	 59.508049	 59.508049	 59.508049	 59.508049	 59.508049	 59.508049	 59.508049	 59.508049	 59.508049	 59.508049	 59.508049	 59.508049	 59.508049	 59.508049	 59.508049	 59.508049	 59.508049	 59.508049	 59.508049	 59.508049	 59.508049	 59.508049	 59.508049	 59.508049	 59.508049	 59.508049	 59.508049	 59.508049	 59.508049	 59.508049	 59.508049	 59.508049	 59.508049	 59.508049	 59.508049	 59.508049	 59.508049	 59.508049	 59.508049	 59.508049	 59.508049	 59.508049	 59.508049	 59.508049	 59.508049	 59.508049	 59.508049	 59.508049	 59.508049	 59.508049	 59.508049	 59.508049	
        99	 94.980187	 91.010952	 87.140965	 83.415196	  79.87336	 76.548674	 73.466999	 70.646394	 68.097083	 65.821799	 63.816459	 62.071082	 60.570888	 59.297461	 58.229934	 57.346092	 56.623368	 56.039672	 55.574053	 55.207178	 54.921638	  54.70211	 54.535384	 54.410292	 54.317571	  54.24967	 54.200541	 54.165419	 54.140609	 54.123291	 54.111345	 54.103202	 54.097715	 54.094062	 54.091658	 54.090094	 54.089089	 54.088449	 54.088047	 54.087798	 54.087644	 54.087551	 54.087495	 54.087462	 54.087443	 54.087431	 54.087425	 54.087421	 54.087419	 54.087418	 54.087417	 54.087417	 54.087417	 54.087417	 54.087416	 54.087416	 54.087416	 54.087416	 54.087416	 54.087416	 54.087416	 54.087416	 54.087416	 54.087416	 54.087416	 54.087416	 54.087416	 54.087416	 54.087416	 54.087416	 54.087416	 54.087416	 54.087416	 54.087416	 54.087416	 54.087416	 54.087416	 54.087416	 54.087416	 54.087416	 54.087416	 54.087416	 54.087416	 54.087416	 54.087416	 54.087416	 54.087416	 54.087416	 54.087416	 54.087416	 54.087416	 54.087416	 54.087416	 54.087416	 54.087416	 54.087416	 54.087416	 54.087416	 54.087416	 54.087416	 54.087416	 54.087416	 54.087416	 54.087416	 54.087416	 54.087416	 54.087416	 54.087416	 54.087416	 54.087416	 54.087416	 54.087416	 54.087416	 54.087416	 54.087416	 54.087416	 54.087416	 54.087416	 54.087416	 54.087416	 54.087416	 54.087416	 54.087416	 54.087416	 54.087416	 54.087416	 54.087416	 54.087416	 54.087416	 54.087416	 54.087416	 54.087416	 54.087416	 54.087416	 54.087416	 54.087416	 54.087416	 54.087416	 54.087416	 54.087416	 54.087416	 54.087416	 54.087416	 54.087416	 54.087416	 54.087416	 54.087416	 54.087416	 54.087416	 54.087416	 54.087416	 54.087416	 54.087416	 54.087416	 54.087416	 54.087416	 54.087416	 54.087416	 54.087416	 54.087416	 54.087416	 54.087416	 54.087416	 54.087416	 54.087416	 54.087416	 54.087416	 54.087416	 54.087416	 54.087416	 54.087416	 54.087416	 54.087416	 54.087416	 54.087416	 54.087416	 54.087416	 54.087416	 54.087416	 54.087416	 54.087416	 54.087416	 54.087416	 54.087416	 54.087416	 54.087416	 54.087416	 54.087416	 54.087416	 54.087416	 54.087416	 54.087416	 54.087416	 54.087416	 54.087416	 54.087416	 54.087416	 54.087416	 54.087416	
        99	 94.536121	 90.128408	 85.830907	 81.693556	 77.760457	 74.068497	 70.646394	 67.514202	 64.683274	 62.156645	  59.92978	 57.991597	 56.325682	 54.911585	 53.726132	 52.744657	 51.942098	 51.293925	 50.776872	 50.369471	  50.05239	 49.808613	  49.62347	 49.484561	 49.381598	 49.306196	 49.251641	 49.212639	 49.185089	 49.165858	 49.152593	  49.14355	 49.137458	 49.133401	 49.130732	 49.128995	 49.127878	 49.127168	 49.126722	 49.126445	 49.126275	 49.126171	 49.126109	 49.126072	  49.12605	 49.126038	 49.126031	 49.126027	 49.126024	 49.126023	 49.126022	 49.126022	 49.126022	 49.126022	 49.126021	 49.126021	 49.126021	 49.126021	 49.126021	 49.126021	 49.126021	 49.126021	 49.126021	 49.126021	 49.126021	 49.126021	 49.126021	 49.126021	 49.126021	 49.126021	 49.126021	 49.126021	 49.126021	 49.126021	 49.126021	 49.126021	 49.126021	 49.126021	 49.126021	 49.126021	 49.126021	 49.126021	 49.126021	 49.126021	 49.126021	 49.126021	 49.126021	 49.126021	 49.126021	 49.126021	 49.126021	 49.126021	 49.126021	 49.126021	 49.126021	 49.126021	 49.126021	 49.126021	 49.126021	 49.126021	 49.126021	 49.126021	 49.126021	 49.126021	 49.126021	 49.126021	 49.126021	 49.126021	 49.126021	 49.126021	 49.126021	 49.126021	 49.126021	 49.126021	 49.126021	 49.126021	 49.126021	 49.126021	 49.126021	 49.126021	 49.126021	 49.126021	 49.126021	 49.126021	 49.126021	 49.126021	 49.126021	 49.126021	 49.126021	 49.126021	 49.126021	 49.126021	 49.126021	 49.126021	 49.126021	 49.126021	 49.126021	 49.126021	 49.126021	 49.126021	 49.126021	 49.126021	 49.126021	 49.126021	 49.126021	 49.126021	 49.126021	 49.126021	 49.126021	 49.126021	 49.126021	 49.126021	 49.126021	 49.126021	 49.126021	 49.126021	 49.126021	 49.126021	 49.126021	 49.126021	 49.126021	 49.126021	 49.126021	 49.126021	 49.126021	 49.126021	 49.126021	 49.126021	 49.126021	 49.126021	 49.126021	 49.126021	 49.126021	 49.126021	 49.126021	 49.126021	 49.126021	 49.126021	 49.126021	 49.126021	 49.126021	 49.126021	 49.126021	 49.126021	 49.126021	 49.126021	 49.126021	 49.126021	 49.126021	 49.126021	 49.126021	 49.126021	 49.126021	 49.126021	 49.126021	 49.126021	 49.126021	 49.126021	 49.126021	
        99	 94.134767	 89.330749	 84.646853	 80.137506	 75.850778	  71.82687	 68.097083	 64.683274	 61.597816	 58.844018	 56.416937	 54.304494	 52.488798	 50.947562	 49.655529	 48.585812	 47.711097	  47.00465	 46.441111	 45.997083	 45.651495	 45.385802	 45.184014	 45.032617	 44.920397	 44.838217	 44.778757	  44.73625	 44.706223	 44.685263	 44.670805	  44.66095	  44.65431	 44.649889	 44.646979	 44.645086	 44.643869	 44.643095	 44.642609	 44.642307	 44.642121	 44.642009	 44.641941	 44.641901	 44.641877	 44.641863	 44.641855	 44.641851	 44.641848	 44.641847	 44.641846	 44.641846	 44.641846	 44.641846	 44.641845	 44.641845	 44.641845	 44.641845	 44.641845	 44.641845	 44.641845	 44.641845	 44.641845	 44.641845	 44.641845	 44.641845	 44.641845	 44.641845	 44.641845	 44.641845	 44.641845	 44.641845	 44.641845	 44.641845	 44.641845	 44.641845	 44.641845	 44.641845	 44.641845	 44.641845	 44.641845	 44.641845	 44.641845	 44.641845	 44.641845	 44.641845	 44.641845	 44.641845	 44.641845	 44.641845	 44.641845	 44.641845	 44.641845	 44.641845	 44.641845	 44.641845	 44.641845	 44.641845	 44.641845	 44.641845	 44.641845	 44.641845	 44.641845	 44.641845	 44.641845	 44.641845	 44.641845	 44.641845	 44.641845	 44.641845	 44.641845	 44.641845	 44.641845	 44.641845	 44.641845	 44.641845	 44.641845	 44.641845	 44.641845	 44.641845	 44.641845	 44.641845	 44.641845	 44.641845	 44.641845	 44.641845	 44.641845	 44.641845	 44.641845	 44.641845	 44.641845	 44.641845	 44.641845	 44.641845	 44.641845	 44.641845	 44.641845	 44.641845	 44.641845	 44.641845	 44.641845	 44.641845	 44.641845	 44.641845	 44.641845	 44.641845	 44.641845	 44.641845	 44.641845	 44.641845	 44.641845	 44.641845	 44.641845	 44.641845	 44.641845	 44.641845	 44.641845	 44.641845	 44.641845	 44.641845	 44.641845	 44.641845	 44.641845	 44.641845	 44.641845	 44.641845	 44.641845	 44.641845	 44.641845	 44.641845	 44.641845	 44.641845	 44.641845	 44.641845	 44.641845	 44.641845	 44.641845	 44.641845	 44.641845	 44.641845	 44.641845	 44.641845	 44.641845	 44.641845	 44.641845	 44.641845	 44.641845	 44.641845	 44.641845	 44.641845	 44.641845	 44.641845	 44.641845	 44.641845	 44.641845	 44.641845	 44.641845	 44.641845	 44.641845	
        99	 93.776554	  88.61883	 83.590072	 78.748717	 74.146371	 69.826197	 65.821799	 62.156645	 58.844018	 55.887471	 53.281695	 51.013725	  49.06435	 47.409643	 46.022486	 44.874014	 43.934902	 43.176445	 42.571418	 42.094701	 41.723671	 41.438418	 41.221775	 41.059232	 40.938752	 40.850522	 40.786685	 40.741048	 40.708811	 40.686308	 40.670787	 40.660206	 40.653077	 40.648331	 40.645207	 40.643175	 40.641868	 40.641037	 40.640515	 40.640191	 40.639991	  40.63987	 40.639798	 40.639754	 40.639729	 40.639714	 40.639706	 40.639701	 40.639698	 40.639697	 40.639696	 40.639696	 40.639695	 40.639695	 40.639695	 40.639695	 40.639695	 40.639695	 40.639695	 40.639695	 40.639695	 40.639695	 40.639695	 40.639695	 40.639695	 40.639695	 40.639695	 40.639695	 40.639695	 40.639695	 40.639695	 40.639695	 40.639695	 40.639695	 40.639695	 40.639695	 40.639695	 40.639695	 40.639695	 40.639695	 40.639695	 40.639695	 40.639695	 40.639695	 40.639695	 40.639695	 40.639695	 40.639695	 40.639695	 40.639695	 40.639695	 40.639695	 40.639695	 40.639695	 40.639695	 40.639695	 40.639695	 40.639695	 40.639695	 40.639695	 40.639695	 40.639695	 40.639695	 40.639695	 40.639695	 40.639695	 40.639695	 40.639695	 40.639695	 40.639695	 40.639695	 40.639695	 40.639695	 40.639695	 40.639695	 40.639695	 40.639695	 40.639695	 40.639695	 40.639695	 40.639695	 40.639695	 40.639695	 40.639695	 40.639695	 40.639695	 40.639695	 40.639695	 40.639695	 40.639695	 40.639695	 40.639695	 40.639695	 40.639695	 40.639695	 40.639695	 40.639695	 40.639695	 40.639695	 40.639695	 40.639695	 40.639695	 40.639695	 40.639695	 40.639695	 40.639695	 40.639695	 40.639695	 40.639695	 40.639695	 40.639695	 40.639695	 40.639695	 40.639695	 40.639695	 40.639695	 40.639695	 40.639695	 40.639695	 40.639695	 40.639695	 40.639695	 40.639695	 40.639695	 40.639695	 40.639695	 40.639695	 40.639695	 40.639695	 40.639695	 40.639695	 40.639695	 40.639695	 40.639695	 40.639695	 40.639695	 40.639695	 40.639695	 40.639695	 40.639695	 40.639695	 40.639695	 40.639695	 40.639695	 40.639695	 40.639695	 40.639695	 40.639695	 40.639695	 40.639695	 40.639695	 40.639695	 40.639695	 40.639695	 40.639695	 40.639695	 40.639695	 40.639695	 40.639695	
        99	 93.460839	 87.991374	 82.658669	 77.524695	 72.644176	 68.062886	 63.816459	  59.92978	 56.416937	 53.281695	 50.518428	 48.113384	 46.046191	 44.291476	 42.820483	 41.602601	 40.606731	 39.802436	 39.160845	 38.655318	 38.261866	 37.959374	 37.729639	 37.557273	 37.429512	 37.335951	 37.268256	 37.219862	 37.185676	 37.161814	 37.145354	 37.134134	 37.126575	 37.121541	 37.118229	 37.116074	 37.114688	 37.113807	 37.113254	  37.11291	 37.112698	  37.11257	 37.112493	 37.112447	  37.11242	 37.112405	 37.112396	 37.112391	 37.112388	 37.112386	 37.112385	 37.112385	 37.112385	 37.112384	 37.112384	 37.112384	 37.112384	 37.112384	 37.112384	 37.112384	 37.112384	 37.112384	 37.112384	 37.112384	 37.112384	 37.112384	 37.112384	 37.112384	 37.112384	 37.112384	 37.112384	 37.112384	 37.112384	 37.112384	 37.112384	 37.112384	 37.112384	 37.112384	 37.112384	 37.112384	 37.112384	 37.112384	 37.112384	 37.112384	 37.112384	 37.112384	 37.112384	 37.112384	 37.112384	 37.112384	 37.112384	 37.112384	 37.112384	 37.112384	 37.112384	 37.112384	 37.112384	 37.112384	 37.112384	 37.112384	 37.112384	 37.112384	 37.112384	 37.112384	 37.112384	 37.112384	 37.112384	 37.112384	 37.112384	 37.112384	 37.112384	 37.112384	 37.112384	 37.112384	 37.112384	 37.112384	 37.112384	 37.112384	 37.112384	 37.112384	 37.112384	 37.112384	 37.112384	 37.112384	 37.112384	 37.112384	 37.112384	 37.112384	 37.112384	 37.112384	 37.112384	 37.112384	 37.112384	 37.112384	 37.112384	 37.112384	 37.112384	 37.112384	 37.112384	 37.112384	 37.112384	 37.112384	 37.112384	 37.112384	 37.112384	 37.112384	 37.112384	 37.112384	 37.112384	 37.112384	 37.112384	 37.112384	 37.112384	 37.112384	 37.112384	 37.112384	 37.112384	 37.112384	 37.112384	 37.112384	 37.112384	 37.112384	 37.112384	 37.112384	 37.112384	 37.112384	 37.112384	 37.112384	 37.112384	 37.112384	 37.112384	 37.112384	 37.112384	 37.112384	 37.112384	 37.112384	 37.112384	 37.112384	 37.112384	 37.112384	 37.112384	 37.112384	 37.112384	 37.112384	 37.112384	 37.112384	 37.112384	 37.112384	 37.112384	 37.112384	 37.112384	 37.112384	 37.112384	 37.112384	 37.112384	 37.112384	 37.112384	 37.112384	 37.112384	
        99	 93.186052	 87.445258	 81.848009	 76.459349	  71.33672	 66.528163	 62.071082	 57.991597	 54.304494	 51.013725	 48.113384	 45.589036	   43.4193	 41.577544	 40.033583	  38.75529	 37.710023	 36.865833	 36.192419	 35.661816	 35.248849	 34.931354	 34.690224	  34.50931	 34.375212	 34.277011	 34.205959	 34.155165	 34.119284	 34.094238	 34.076962	 34.065185	 34.057251	 34.051968	 34.048492	  34.04623	 34.044775	 34.043851	  34.04327	 34.042909	 34.042687	 34.042552	 34.042471	 34.042423	 34.042395	 34.042379	 34.042369	 34.042364	 34.042361	 34.042359	 34.042358	 34.042358	 34.042358	 34.042357	 34.042357	 34.042357	 34.042357	 34.042357	 34.042357	 34.042357	 34.042357	 34.042357	 34.042357	 34.042357	 34.042357	 34.042357	 34.042357	 34.042357	 34.042357	 34.042357	 34.042357	 34.042357	 34.042357	 34.042357	 34.042357	 34.042357	 34.042357	 34.042357	 34.042357	 34.042357	 34.042357	 34.042357	 34.042357	 34.042357	 34.042357	 34.042357	 34.042357	 34.042357	 34.042357	 34.042357	 34.042357	 34.042357	 34.042357	 34.042357	 34.042357	 34.042357	 34.042357	 34.042357	 34.042357	 34.042357	 34.042357	 34.042357	 34.042357	 34.042357	 34.042357	 34.042357	 34.042357	 34.042357	 34.042357	 34.042357	 34.042357	 34.042357	 34.042357	 34.042357	 34.042357	 34.042357	 34.042357	 34.042357	 34.042357	 34.042357	 34.042357	 34.042357	 34.042357	 34.042357	 34.042357	 34.042357	 34.042357	 34.042357	 34.042357	 34.042357	 34.042357	 34.042357	 34.042357	 34.042357	 34.042357	 34.042357	 34.042357	 34.042357	 34.042357	 34.042357	 34.042357	 34.042357	 34.042357	 34.042357	 34.042357	 34.042357	 34.042357	 34.042357	 34.042357	 34.042357	 34.042357	 34.042357	 34.042357	 34.042357	 34.042357	 34.042357	 34.042357	 34.042357	 34.042357	 34.042357	 34.042357	 34.042357	 34.042357	 34.042357	 34.042357	 34.042357	 34.042357	 34.042357	 34.042357	 34.042357	 34.042357	 34.042357	 34.042357	 34.042357	 34.042357	 34.042357	 34.042357	 34.042357	 34.042357	 34.042357	 34.042357	 34.042357	 34.042357	 34.042357	 34.042357	 34.042357	 34.042357	 34.042357	 34.042357	 34.042357	 34.042357	 34.042357	 34.042357	 34.042357	 34.042357	 34.042357	 34.042357	 34.042357	 34.042357	
        99	 92.949866	 86.975857	 81.151225	 75.543657	 70.212927	  65.20903	 60.570888	 56.325682	 52.488798	  49.06435	 46.046191	   43.4193	 41.161427	 39.244857	 37.638181	 36.307965	  35.22024	  34.34176	 33.640993	 33.088839	 32.659099	 32.328709	 32.077786	 31.889524	  31.74998	 31.647791	 31.573853	 31.520996	 31.483658	 31.457596	 31.439618	 31.427363	 31.419107	 31.413609	 31.409992	 31.407638	 31.406124	 31.405162	 31.404558	 31.404182	 31.403951	 31.403811	 31.403727	 31.403677	 31.403647	  31.40363	 31.403621	 31.403615	 31.403612	  31.40361	 31.403609	 31.403609	 31.403608	 31.403608	 31.403608	 31.403608	 31.403608	 31.403608	 31.403608	 31.403608	 31.403608	 31.403608	 31.403608	 31.403608	 31.403608	 31.403608	 31.403608	 31.403608	 31.403608	 31.403608	 31.403608	 31.403608	 31.403608	 31.403608	 31.403608	 31.403608	 31.403608	 31.403608	 31.403608	 31.403608	 31.403608	 31.403608	 31.403608	 31.403608	 31.403608	 31.403608	 31.403608	 31.403608	 31.403608	 31.403608	 31.403608	 31.403608	 31.403608	 31.403608	 31.403608	 31.403608	 31.403608	 31.403608	 31.403608	 31.403608	 31.403608	 31.403608	 31.403608	 31.403608	 31.403608	 31.403608	 31.403608	 31.403608	 31.403608	 31.403608	 31.403608	 31.403608	 31.403608	 31.403608	 31.403608	 31.403608	 31.403608	 31.403608	 31.403608	 31.403608	 31.403608	 31.403608	 31.403608	 31.403608	 31.403608	 31.403608	 31.403608	 31.403608	 31.403608	 31.403608	 31.403608	 31.403608	 31.403608	 31.403608	 31.403608	 31.403608	 31.403608	 31.403608	 31.403608	 31.403608	 31.403608	 31.403608	 31.403608	 31.403608	 31.403608	 31.403608	 31.403608	 31.403608	 31.403608	 31.403608	 31.403608	 31.403608	 31.403608	 31.403608	 31.403608	 31.403608	 31.403608	 31.403608	 31.403608	 31.403608	 31.403608	 31.403608	 31.403608	 31.403608	 31.403608	 31.403608	 31.403608	 31.403608	 31.403608	 31.403608	 31.403608	 31.403608	 31.403608	 31.403608	 31.403608	 31.403608	 31.403608	 31.403608	 31.403608	 31.403608	 31.403608	 31.403608	 31.403608	 31.403608	 31.403608	 31.403608	 31.403608	 31.403608	 31.403608	 31.403608	 31.403608	 31.403608	 31.403608	 31.403608	 31.403608	 31.403608	 31.403608	 31.403608	 31.403608	
        99	 92.749381	 86.577409	 80.559766	 74.766379	 69.259005	 64.089295	 59.297461	 54.911585	 50.947562	 47.409643	 44.291476	 41.577544	 39.244857	 37.264784	 35.604873	 34.230583	 33.106819	 32.199234	  31.47525	 30.904803	 30.460826	  30.11949	 29.860254	 29.665756	 29.521589	 29.416015	 29.339628	  29.28502	 29.246446	  29.21952	 29.200947	 29.188286	 29.179756	 29.174077	 29.170339	 29.167908	 29.166344	  29.16535	 29.164725	 29.164337	 29.164099	 29.163954	 29.163867	 29.163815	 29.163785	 29.163767	 29.163757	 29.163751	 29.163748	 29.163746	 29.163745	 29.163745	 29.163745	 29.163744	 29.163744	 29.163744	 29.163744	 29.163744	 29.163744	 29.163744	 29.163744	 29.163744	 29.163744	 29.163744	 29.163744	 29.163744	 29.163744	 29.163744	 29.163744	 29.163744	 29.163744	 29.163744	 29.163744	 29.163744	 29.163744	 29.163744	 29.163744	 29.163744	 29.163744	 29.163744	 29.163744	 29.163744	 29.163744	 29.163744	 29.163744	 29.163744	 29.163744	 29.163744	 29.163744	 29.163744	 29.163744	 29.163744	 29.163744	 29.163744	 29.163744	 29.163744	 29.163744	 29.163744	 29.163744	 29.163744	 29.163744	 29.163744	 29.163744	 29.163744	 29.163744	 29.163744	 29.163744	 29.163744	 29.163744	 29.163744	 29.163744	 29.163744	 29.163744	 29.163744	 29.163744	 29.163744	 29.163744	 29.163744	 29.163744	 29.163744	 29.163744	 29.163744	 29.163744	 29.163744	 29.163744	 29.163744	 29.163744	 29.163744	 29.163744	 29.163744	 29.163744	 29.163744	 29.163744	 29.163744	 29.163744	 29.163744	 29.163744	 29.163744	 29.163744	 29.163744	 29.163744	 29.163744	 29.163744	 29.163744	 29.163744	 29.163744	 29.163744	 29.163744	 29.163744	 29.163744	 29.163744	 29.163744	 29.163744	 29.163744	 29.163744	 29.163744	 29.163744	 29.163744	 29.163744	 29.163744	 29.163744	 29.163744	 29.163744	 29.163744	 29.163744	 29.163744	 29.163744	 29.163744	 29.163744	 29.163744	 29.163744	 29.163744	 29.163744	 29.163744	 29.163744	 29.163744	 29.163744	 29.163744	 29.163744	 29.163744	 29.163744	 29.163744	 29.163744	 29.163744	 29.163744	 29.163744	 29.163744	 29.163744	 29.163744	 29.163744	 29.163744	 29.163744	 29.163744	 29.163744	 29.163744	 29.163744	 29.163744	 29.163744	 29.163744	
        99	 92.581311	 86.243386	 80.063938	 74.114778	 68.459322	 63.150609	 58.229934	 53.726132	 49.655529	 46.022486	 42.820483	 40.033583	 37.638181	 35.604873	 33.900336	 32.489099	 31.335124	 30.403141	 29.659694	 29.073912	 28.618001	  28.26749	 28.001286	 27.801559	 27.653518	 27.545106	 27.466666	 27.410591	 27.370979	  27.34333	 27.324258	 27.311257	 27.302498	 27.296666	 27.292828	 27.290331	 27.288725	 27.287705	 27.287063	 27.286665	  27.28642	 27.286271	 27.286182	 27.286129	 27.286097	 27.286079	 27.286069	 27.286063	  27.28606	 27.286058	 27.286057	 27.286056	 27.286056	 27.286056	 27.286056	 27.286056	 27.286056	 27.286056	 27.286056	 27.286056	 27.286056	 27.286056	 27.286056	 27.286056	 27.286056	 27.286056	 27.286056	 27.286056	 27.286056	 27.286056	 27.286056	 27.286056	 27.286056	 27.286056	 27.286056	 27.286056	 27.286056	 27.286056	 27.286056	 27.286056	 27.286056	 27.286056	 27.286056	 27.286056	 27.286056	 27.286056	 27.286056	 27.286056	 27.286056	 27.286056	 27.286056	 27.286056	 27.286056	 27.286056	 27.286056	 27.286056	 27.286056	 27.286056	 27.286056	 27.286056	 27.286056	 27.286056	 27.286056	 27.286056	 27.286056	 27.286056	 27.286056	 27.286056	 27.286056	 27.286056	 27.286056	 27.286056	 27.286056	 27.286056	 27.286056	 27.286056	 27.286056	 27.286056	 27.286056	 27.286056	 27.286056	 27.286056	 27.286056	 27.286056	 27.286056	 27.286056	 27.286056	 27.286056	 27.286056	 27.286056	 27.286056	 27.286056	 27.286056	 27.286056	 27.286056	 27.286056	 27.286056	 27.286056	 27.286056	 27.286056	 27.286056	 27.286056	 27.286056	 27.286056	 27.286056	 27.286056	 27.286056	 27.286056	 27.286056	 27.286056	 27.286056	 27.286056	 27.286056	 27.286056	 27.286056	 27.286056	 27.286056	 27.286056	 27.286056	 27.286056	 27.286056	 27.286056	 27.286056	 27.286056	 27.286056	 27.286056	 27.286056	 27.286056	 27.286056	 27.286056	 27.286056	 27.286056	 27.286056	 27.286056	 27.286056	 27.286056	 27.286056	 27.286056	 27.286056	 27.286056	 27.286056	 27.286056	 27.286056	 27.286056	 27.286056	 27.286056	 27.286056	 27.286056	 27.286056	 27.286056	 27.286056	 27.286056	 27.286056	 27.286056	 27.286056	 27.286056	 27.286056	 27.286056	 27.286056	
        99	 92.442161	 85.966836	 79.653425	 73.575295	 67.797236	 62.373439	 57.346092	 52.744657	 48.585812	 44.874014	 41.602601	  38.75529	 36.307965	 34.230583	 32.489099	 31.047273	 29.868287	 28.916103	 28.156544	 27.558066	 27.092274	 26.734167	 26.462194	  26.25814	  26.10689	 25.996129	  25.91599	 25.858699	  25.81823	 25.789981	 25.770496	 25.757213	 25.748265	 25.742306	 25.738385	 25.735834	 25.734194	 25.733151	 25.732496	 25.732088	 25.731838	 25.731686	 25.731595	 25.731541	 25.731509	 25.731491	  25.73148	 25.731474	  25.73147	 25.731469	 25.731468	 25.731467	 25.731467	 25.731466	 25.731466	 25.731466	 25.731466	 25.731466	 25.731466	 25.731466	 25.731466	 25.731466	 25.731466	 25.731466	 25.731466	 25.731466	 25.731466	 25.731466	 25.731466	 25.731466	 25.731466	 25.731466	 25.731466	 25.731466	 25.731466	 25.731466	 25.731466	 25.731466	 25.731466	 25.731466	 25.731466	 25.731466	 25.731466	 25.731466	 25.731466	 25.731466	 25.731466	 25.731466	 25.731466	 25.731466	 25.731466	 25.731466	 25.731466	 25.731466	 25.731466	 25.731466	 25.731466	 25.731466	 25.731466	 25.731466	 25.731466	 25.731466	 25.731466	 25.731466	 25.731466	 25.731466	 25.731466	 25.731466	 25.731466	 25.731466	 25.731466	 25.731466	 25.731466	 25.731466	 25.731466	 25.731466	 25.731466	 25.731466	 25.731466	 25.731466	 25.731466	 25.731466	 25.731466	 25.731466	 25.731466	 25.731466	 25.731466	 25.731466	 25.731466	 25.731466	 25.731466	 25.731466	 25.731466	 25.731466	 25.731466	 25.731466	 25.731466	 25.731466	 25.731466	 25.731466	 25.731466	 25.731466	 25.731466	 25.731466	 25.731466	 25.731466	 25.731466	 25.731466	 25.731466	 25.731466	 25.731466	 25.731466	 25.731466	 25.731466	 25.731466	 25.731466	 25.731466	 25.731466	 25.731466	 25.731466	 25.731466	 25.731466	 25.731466	 25.731466	 25.731466	 25.731466	 25.731466	 25.731466	 25.731466	 25.731466	 25.731466	 25.731466	 25.731466	 25.731466	 25.731466	 25.731466	 25.731466	 25.731466	 25.731466	 25.731466	 25.731466	 25.731466	 25.731466	 25.731466	 25.731466	 25.731466	 25.731466	 25.731466	 25.731466	 25.731466	 25.731466	 25.731466	 25.731466	 25.731466	 25.731466	 25.731466	 25.731466	 25.731466	 25.731466	
        99	 92.328377	 85.740699	 79.317745	 73.134155	 67.255843	  61.73794	 56.623368	 51.942098	 47.711097	 43.934902	 40.606731	 37.710023	  35.22024	 33.106819	 31.335124	 29.868287	 28.668848	 27.700148	 26.927413	 26.318555	 25.844684	 25.480366	 25.203676	 24.996083	  24.84221	 24.729528	    24.648	 24.589716	 24.548544	 24.519806	 24.499983	  24.48647	 24.477366	 24.471305	 24.467315	  24.46472	 24.463051	  24.46199	 24.461324	  24.46091	 24.460655	 24.460501	 24.460408	 24.460353	  24.46032	 24.460301	  24.46029	 24.460284	 24.460281	 24.460279	 24.460278	 24.460277	 24.460277	 24.460277	 24.460277	 24.460277	 24.460277	 24.460277	 24.460277	 24.460277	 24.460277	 24.460277	 24.460277	 24.460277	 24.460277	 24.460277	 24.460277	 24.460277	 24.460277	 24.460277	 24.460277	 24.460277	 24.460277	 24.460277	 24.460277	 24.460277	 24.460277	 24.460277	 24.460277	 24.460277	 24.460277	 24.460277	 24.460277	 24.460277	 24.460277	 24.460277	 24.460277	 24.460277	 24.460277	 24.460277	 24.460277	 24.460277	 24.460277	 24.460277	 24.460277	 24.460277	 24.460277	 24.460277	 24.460277	 24.460277	 24.460277	 24.460277	 24.460277	 24.460277	 24.460277	 24.460277	 24.460277	 24.460277	 24.460277	 24.460277	 24.460277	 24.460277	 24.460277	 24.460277	 24.460277	 24.460277	 24.460277	 24.460277	 24.460277	 24.460277	 24.460277	 24.460277	 24.460277	 24.460277	 24.460277	 24.460277	 24.460277	 24.460277	 24.460277	 24.460277	 24.460277	 24.460277	 24.460277	 24.460277	 24.460277	 24.460277	 24.460277	 24.460277	 24.460277	 24.460277	 24.460277	 24.460277	 24.460277	 24.460277	 24.460277	 24.460277	 24.460277	 24.460277	 24.460277	 24.460277	 24.460277	 24.460277	 24.460277	 24.460277	 24.460277	 24.460277	 24.460277	 24.460277	 24.460277	 24.460277	 24.460277	 24.460277	 24.460277	 24.460277	 24.460277	 24.460277	 24.460277	 24.460277	 24.460277	 24.460277	 24.460277	 24.460277	 24.460277	 24.460277	 24.460277	 24.460277	 24.460277	 24.460277	 24.460277	 24.460277	 24.460277	 24.460277	 24.460277	 24.460277	 24.460277	 24.460277	 24.460277	 24.460277	 24.460277	 24.460277	 24.460277	 24.460277	 24.460277	 24.460277	 24.460277	 24.460277	 24.460277	 24.460277	 24.460277	
