Time step 53:
        99	        99	        99	        99	        99	        99	        99	        99	        99	        99	        99	        99	        99	        99	        99	        99	        99	        99	        99	        99	        99	        99	        99	        99	        99	        99	        99	        99	        99	        99	        99	        99	        99	        99	        99	        99	        99	        99	        99	        99	        99	        99	        99	        99	        99	        99	        99	        99	        99	        99	        99	        99	        99	        99	        99	        99	        99	        99	        99	        99	        99	        99	        99	        99	        99	        99	        99	        99	        99	        99	        99	        99	        99	        99	        99	        99	        99	        99	        99	        99	        99	        99	        99	        99	        99	        99	        99	        99	        99	        99	        99	        99	        99	        99	        99	        99	        99	        99	        99	        99	        99	        99	        99	        99	        99	        99	        99	        99	        99	        99	        99	        99	        99	        99	        99	        99	        99	        99	        99	        99	        99	        99	        99	        99	        99	        99	        99	        99	        99	        99	        99	        99	        99	        99	        99	        99	        99	        99	        99	        99	        99	        99	        99	        99	        99	        99	        99	        99	        99	        99	        99	        99	        99	        99	        99	        99	        99	        99	        99	        99	        99	        99	        99	        99	        99	        99	        99	        99	        99	        99	        99	        99	        99	        99	        99	        99	        99	        99	        99	        99	        99	        99	        99	        99	        99	        99	        99	        99	        99	        99	        99	        99	        99	        99	        99	        99	        99	        99	        99	        99	
        99	  98.98802	 98.976042	 98.964071	 98.952107	 98.940156	 98.928218	 98.916297	 98.904397	 98.892519	 98.880666	 98.868842	 98.857049	 98.845289	 98.833565	 98.821881	 98.810238	  98.79864	 98.787089	 98.775587	 98.764136	 98.752741	 98.741402	 98.730122	 98.718905	 98.707751	 98.696663	 98.685644	 98.674695	 98.663819	 98.653018	 98.642294	 98.631649	 98.621085	 98.610604	 98.600207	 98.589896	 98.579673	 98.569541	 98.559499	  98.54955	 98.539696	 98.529938	 98.520276	 98.510713	  98.50125	 98.491888	 98.482628	  98.47347	 98.464417	 98.455469	 98.446627	 98.437892	 98.429265	 98.420745	 98.412335	 98.404034	 98.395843	 98.387762	 98.379792	 98.371934	 98.364187	 98.356552	 98.349029	 98.341618	 98.334319	 98.327132	 98.320057	 98.313094	 98.306244	 98.299504	 98.292877	  98.28636	 98.279955	 98.273659	 98.267474	 98.261399	 98.255432	 98.249574	 98.243823	  98.23818	 98.232644	 98.227213	 98.221887	 98.216666	 98.211548	 98.206532	 98.201618	 98.196806	 98.192093	 98.187478	 98.182962	 98.178543	 98.174219	  98.16999	 98.165855	 98.161813	 98.157861	    98.154	 98.150229	 98.146545	 98.142948	 98.139436	 98.136009	 98.132665	 98.129402	 98.126221	 98.123118	 98.120094	 98.117147	 98.114275	 98.111478	 98.108753	 98.106101	 98.103519	 98.101006	 98.098561	 98.096183	 98.093871	 98.091622	 98.089437	 98.087313	 98.085249	 98.083245	 98.081299	  98.07941	 98.077576	 98.075796	  98.07407	 98.072396	 98.070773	 98.069199	 98.067674	 98.066196	 98.064765	 98.063379	 98.062037	 98.060738	 98.059481	 98.058265	 98.057089	 98.055952	 98.054853	 98.053791	 98.052765	 98.051774	 98.050817	 98.049894	 98.049003	 98.048143	 98.047314	 98.046515	 98.045744	 98.045002	 98.044287	 98.043599	 98.042937	   98.0423	 98.041687	 98.041098	 98.040532	 98.039989	 98.039467	 98.038967	 98.038487	 98.038027	 98.037586	 98.037164	  98.03676	 98.036374	 98.036006	 98.035654	 98.035319	 98.034999	 98.034695	 98.034406	 98.034131	 98.033871	 98.033625	 98.033392	 98.033172	 98.032966	 98.032772	  98.03259	  98.03242	 98.032262	 98.032116	 98.031981	 98.031857	 98.031745	 98.031643	 98.031551	  98.03147	   98.0314	 98.031339	 98.031289	 98.031249	  98.03122	   98.0312	  98.03119	
        99	 98.976042	  98.95209	  98.92815	 98.904226	 98.880325	 98.856453	 98.832615	 98.808816	 98.785063	 98.761361	 98.737715	 98.714131	 98.690614	 98.667171	 98.643805	 98.620522	 98.597328	 98.574228	 98.551227	 98.528329	 98.505541	 98.482866	 98.460309	 98.437876	 98.415571	 98.393398	 98.371362	 98.349468	 98.327719	  98.30612	 98.284674	 98.263386	 98.242261	   98.2213	 98.200509	  98.17989	 98.159447	 98.139184	 98.119103	 98.099208	 98.079502	 98.059987	 98.040667	 98.021543	 98.002619	 97.983897	 97.965378	 97.947066	 97.928962	 97.911069	 97.893387	 97.875918	 97.858665	 97.841628	 97.824809	 97.808209	 97.791829	  97.77567	 97.759732	 97.744017	 97.728526	 97.713257	 97.698212	 97.683392	 97.668796	 97.654424	 97.640276	 97.626352	 97.612652	 97.599176	 97.585922	 97.572891	 97.560081	 97.547492	 97.535123	 97.522973	 97.511041	 97.499326	 97.487827	 97.476542	  97.46547	  97.45461	 97.443959	 97.433518	 97.423283	 97.413253	 97.403427	 97.393802	 97.384378	  97.37515	 97.366119	 97.357281	 97.348635	 97.340178	 97.331909	 97.323825	 97.315923	 97.308202	  97.30066	 97.293293	 97.286099	 97.279077	 97.272223	 97.265536	 97.259012	  97.25265	 97.246446	 97.240398	 97.234504	 97.228761	 97.223167	 97.217719	 97.212415	 97.207251	 97.202226	 97.197337	 97.192582	 97.187957	 97.183461	  97.17909	 97.174843	 97.170717	 97.166709	 97.162817	 97.159039	 97.155371	 97.151813	 97.148361	 97.145013	 97.141767	  97.13862	  97.13557	 97.132615	 97.129753	 97.126981	 97.124297	   97.1217	 97.119186	 97.116755	 97.114403	 97.112129	 97.109932	 97.107808	 97.105756	 97.103774	 97.101861	 97.100014	 97.098232	 97.096513	 97.094855	 97.093256	 97.091716	 97.090232	 97.088803	 97.087426	 97.086102	 97.084828	 97.083603	 97.082425	 97.081294	 97.080207	 97.079163	 97.078162	 97.077202	 97.076282	 97.075401	 97.074557	  97.07375	 97.072978	 97.072241	 97.071538	 97.070867	 97.070228	  97.06962	 97.069042	 97.068493	 97.067972	  97.06748	 97.067014	 97.066575	 97.066162	 97.065774	 97.065411	 97.065071	 97.064755	 97.064463	 97.064193	 97.063945	  97.06372	 97.063516	 97.063333	 97.063171	  97.06303	  97.06291	  97.06281	  97.06273	  97.06267	  97.06263	  97.06261	
        99	 98.964071	  98.92815	 98.892246	 98.856368	 98.820524	 98.784722	 98.748972	 98.713282	 98.677659	 98.642113	 98.606651	 98.571282	 98.536014	 98.500855	 98.465813	 98.430896	 98.396112	 98.361469	 98.326974	 98.292634	 98.258458	 98.224452	 98.190625	 98.156982	  98.12353	 98.090278	 98.057231	 98.024395	 97.991778	 97.959386	 97.927224	 97.895299	 97.863616	 97.832182	 97.801001	 97.770079	 97.739421	 97.709032	 97.678917	  97.64908	 97.619527	 97.590261	 97.561286	 97.532606	 97.504225	 97.476148	 97.448376	 97.420913	 97.393763	 97.366927	  97.34041	 97.314212	 97.288338	 97.262787	 97.237564	 97.212669	 97.188103	 97.163869	 97.139968	   97.1164	 97.093167	 97.070269	 97.047706	  97.02548	  97.00359	 96.982036	 96.960819	 96.939937	 96.919392	 96.899181	 96.879304	 96.859761	  96.84055	  96.82167	  96.80312	 96.784899	 96.767005	 96.749436	  96.73219	 96.715266	 96.698662	 96.682374	 96.666402	 96.650743	 96.635394	 96.620352	 96.605616	 96.591182	 96.577047	 96.563209	 96.549665	 96.536411	 96.523444	 96.510762	  96.49836	 96.486236	 96.474386	 96.462807	 96.451496	 96.440447	 96.429659	 96.419128	  96.40885	  96.39882	 96.389037	 96.379495	 96.370191	 96.361121	 96.352282	  96.34367	  96.33528	  96.32711	 96.319154	 96.311411	 96.303875	 96.296543	 96.289411	 96.282475	 96.275732	 96.269177	 96.262808	 96.256619	 96.250609	 96.244772	 96.239106	 96.233606	  96.22827	 96.223093	 96.218072	 96.213203	 96.208484	  96.20391	 96.199478	 96.195186	 96.191029	 96.187004	 96.183109	 96.179339	 96.175693	 96.172166	 96.168756	  96.16546	 96.162275	 96.159198	 96.156226	 96.153356	 96.150587	 96.147914	 96.145336	 96.142849	 96.140452	 96.138142	 96.135916	 96.133773	 96.131709	 96.129723	 96.127812	 96.125975	 96.124209	 96.122511	 96.120882	 96.119317	 96.117816	 96.116376	 96.114996	 96.113674	 96.112409	 96.111199	 96.110041	 96.108936	 96.107881	 96.106875	 96.105917	 96.105004	 96.104137	 96.103314	 96.102534	 96.101795	 96.101097	 96.100439	 96.099819	 96.099237	 96.098692	 96.098183	 96.097709	 96.097271	 96.096866	 96.096495	 96.096156	  96.09585	 96.095576	 96.095333	 96.095122	 96.094941	 96.094791	 96.094671	 96.094582	 96.094522	 96.094492	
        99	 98.952107	 98.904226	 98.856368	 98.808543	 98.760765	 98.713043	 98.665389	 98.617815	 98.570331	 98.522949	  98.47568	 98.428535	 98.381524	 98.334658	 98.287949	 98.241406	  98.19504	 98.148861	 98.102881	 98.057108	 98.011552	 97.966224	 97.921133	 97.876288	 97.831698	 97.787374	 97.743323	 97.699555	 97.656078	   97.6129	  97.57003	 97.527475	 97.485243	 97.443342	 97.401779	 97.360561	 97.319695	 97.279187	 97.239045	 97.199274	  97.15988	  97.12087	 97.082247	 97.044018	 97.006188	 96.968761	 96.931742	 96.895136	 96.858945	 96.823175	 96.787828	 96.752908	 96.718417	  96.68436	 96.650738	 96.617553	 96.584809	 96.552506	 96.520646	 96.489231	 96.458262	  96.42774	 96.397665	 96.368038	 96.338859	 96.310129	 96.281847	 96.254013	 96.226626	 96.199686	 96.173191	 96.147141	 96.121533	 96.096367	 96.071641	 96.047353	   96.0235	 96.000081	 95.977094	 95.954534	 95.932401	 95.910691	 95.889401	 95.868527	 95.848068	 95.828018	 95.808375	 95.789135	 95.770294	 95.751848	 95.733794	 95.716127	 95.698843	 95.681938	 95.665407	 95.649246	 95.633451	 95.618016	 95.602938	 95.588211	 95.573831	 95.559793	 95.546093	 95.532724	 95.519683	 95.506963	 95.494562	 95.482472	  95.47069	  95.45921	 95.448027	 95.437136	 95.426532	  95.41621	 95.406165	 95.396392	 95.386885	  95.37764	 95.368651	 95.359914	 95.351424	 95.343175	 95.335164	 95.327384	 95.319831	   95.3125	 95.305386	 95.298486	 95.291793	 95.285303	 95.279012	 95.272915	 95.267008	 95.261286	 95.255745	 95.250381	 95.245188	 95.240164	 95.235303	 95.230602	 95.226057	 95.221663	 95.217418	 95.213316	 95.209354	  95.20553	 95.201838	 95.198275	 95.194838	 95.191524	 95.188329	 95.185249	 95.182283	 95.179425	 95.176675	 95.174027	  95.17148	 95.169031	 95.166677	 95.164414	 95.162242	 95.160156	 95.158155	 95.156236	 95.154397	 95.152635	 95.150948	 95.149335	 95.147792	 95.146319	 95.144913	 95.143572	 95.142294	 95.141078	 95.139922	 95.138825	 95.137785	   95.1368	  95.13587	 95.134992	 95.134166	  95.13339	 95.132664	 95.131985	 95.131354	 95.130769	  95.13023	 95.129735	 95.129284	 95.128876	  95.12851	 95.128187	 95.127905	 95.127664	 95.127464	 95.127305	 95.127185	 95.127105	 95.127066	
        99	 98.940156	 98.880325	 98.820524	 98.760765	 98.701063	 98.641432	 98.581886	 98.522439	 98.463106	 98.403899	 98.344834	 98.285923	 98.227181	  98.16862	 98.110253	 98.052096	 97.994159	 97.936457	 97.879001	 97.821805	 97.764881	 97.708241	 97.651897	 97.595861	 97.540145	 97.484759	 97.429715	 97.375024	 97.320697	 97.266744	 97.213175	     97.16	  97.10723	 97.054872	 97.002937	 96.951433	 96.900368	 96.849752	 96.799593	 96.749897	 96.700672	 96.651926	 96.603665	 96.555896	 96.508625	 96.461858	 96.415601	 96.369859	 96.324637	  96.27994	 96.235772	 96.192137	  96.14904	 96.106484	 96.064471	 96.023005	 95.982089	 95.941725	 95.901914	  95.86266	 95.823962	 95.785823	 95.748242	 95.711222	 95.674762	 95.638862	 95.603522	 95.568742	 95.534521	 95.500857	  95.46775	 95.435199	 95.403201	 95.371755	 95.340858	 95.310509	 95.280704	 95.251441	 95.222716	 95.194527	 95.166871	 95.139743	 95.113139	 95.087057	 95.061491	 95.036438	 95.011893	 94.987852	 94.964309	  94.94126	   94.9187	 94.896624	 94.875027	 94.853903	 94.833247	 94.813053	 94.793316	  94.77403	 94.755189	 94.736787	 94.718818	 94.701277	 94.684157	 94.667452	 94.651157	 94.635263	 94.619767	  94.60466	 94.589938	 94.575593	 94.561619	  94.54801	  94.53476	 94.521862	  94.50931	 94.497098	 94.485219	 94.473666	 94.462435	 94.451518	 94.440909	 94.430601	  94.42059	 94.410869	 94.401431	 94.392271	 94.383382	 94.374759	 94.366396	 94.358287	 94.350426	 94.342808	 94.335427	 94.328277	 94.321353	 94.314649	 94.308161	 94.301883	 94.295809	 94.289935	 94.284255	 94.278765	  94.27346	 94.268335	 94.263385	 94.258606	 94.253992	 94.249541	 94.245246	 94.241105	 94.237112	 94.233264	 94.229557	 94.225987	  94.22255	 94.219242	 94.216059	 94.212999	 94.210057	  94.20723	 94.204515	 94.201909	 94.199409	 94.197011	 94.194712	 94.192511	 94.190403	 94.188387	  94.18646	 94.184619	 94.182861	 94.181186	 94.179589	  94.17807	 94.176626	 94.175255	 94.173955	 94.172725	 94.171562	 94.170465	 94.169433	 94.168463	 94.167556	 94.166708	 94.165919	 94.165189	 94.164514	 94.163896	 94.163332	 94.162823	 94.162366	 94.161962	  94.16161	 94.161309	 94.161059	 94.160859	  94.16071	  94.16061	 94.160561	
        99	 98.928218	 98.856453	 98.784722	 98.713043	 98.641432	 98.569906	 98.498482	 98.427177	 98.356008	 98.284991	 98.214144	 98.143482	 98.073021	 98.002779	  97.93277	 97.863011	 97.793517	 97.724305	 97.655388	 97.586783	 97.518504	 97.450566	 97.382982	 97.315768	 97.248938	 97.182504	  97.11648	  97.05088	 96.985716	    96.921	 96.856746	 96.792964	 96.729666	 96.666865	 96.604569	 96.542792	 96.481541	 96.420829	 96.360663	 96.301054	  96.24201	  96.18354	 96.125652	 96.068354	 96.011654	 95.955558	 95.900074	 95.845208	 95.790965	 95.737352	 95.684373	 95.632035	 95.580341	 95.529295	 95.478902	 95.429165	 95.380087	 95.331671	 95.283919	 95.236834	 95.190417	  95.14467	 95.099593	 95.055188	 95.011455	 94.968394	 94.926005	 94.884287	 94.843239	  94.80286	  94.76315	 94.724105	 94.685724	 94.648005	 94.610946	 94.574542	 94.538792	 94.503691	 94.469237	 94.435425	 94.402252	 94.369712	 94.337802	 94.306517	 94.275851	 94.245801	  94.21636	 94.187522	 94.159283	 94.131637	 94.104577	 94.078098	 94.052192	 94.026854	 94.002078	 93.977856	 93.954182	 93.931048	 93.908449	 93.886376	 93.864823	 93.843783	 93.823248	 93.803211	 93.783665	 93.764601	 93.746013	 93.727893	 93.710234	 93.693028	 93.676266	 93.659943	  93.64405	 93.628579	 93.613523	 93.598875	 93.584626	 93.570769	 93.557297	 93.544202	 93.531477	 93.519114	 93.507106	 93.495445	 93.484124	 93.473137	 93.462475	 93.452132	 93.442101	 93.432374	 93.422945	 93.413808	 93.404954	 93.396378	 93.388073	 93.380032	  93.37225	 93.364719	 93.357434	 93.350388	 93.343575	  93.33699	 93.330627	 93.324479	 93.318542	 93.312809	 93.307275	 93.301936	 93.296785	 93.291817	 93.287028	 93.282413	 93.277966	 93.273684	 93.269561	 93.265593	 93.261775	 93.258104	 93.254576	 93.251185	 93.247929	 93.244803	 93.241804	 93.238927	  93.23617	  93.23353	 93.231002	 93.228584	 93.226272	 93.224063	 93.221956	 93.219946	 93.218031	 93.216208	 93.214476	 93.212832	 93.211273	 93.209797	 93.208402	 93.207087	 93.205848	 93.204686	 93.203597	  93.20258	 93.201634	 93.200757	 93.199949	 93.199207	 93.198531	 93.197919	 93.197372	 93.196887	 93.196465	 93.196104	 93.195804	 93.195565	 93.195385	 93.195266	 93.195206	
        99	 98.916297	 98.832615	 98.748972	 98.665389	 98.581886	 98.498482	 98.415197	 98.332051	 98.249063	 98.166253	  98.08364	 98.001244	 97.919082	 97.837175	  97.75554	 97.674196	 97.593162	 97.512456	 97.432095	 97.352097	 97.272479	 97.193258	 97.114452	 97.036076	 96.958147	 96.880681	 96.803693	 96.727198	 96.651213	  96.57575	 96.500825	 96.426451	 96.352642	 96.279411	 96.206771	 96.134734	 96.063312	 95.992517	  95.92236	 95.852852	 95.784003	 95.715824	 95.648323	  95.58151	 95.515393	 95.449982	 95.385284	 95.321306	 95.258055	 95.195539	 95.133762	 95.072732	 95.012453	 94.952931	 94.894169	 94.836173	 94.778944	 94.722488	 94.666807	 94.611902	 94.557777	 94.504433	 94.451871	 94.400092	 94.349096	 94.298884	 94.249455	 94.200809	 94.152945	 94.105861	 94.059555	 94.014027	 93.969272	  93.92529	 93.882075	 93.839627	 93.797939	  93.75701	 93.716834	 93.677407	 93.638725	 93.600781	 93.563572	 93.527092	 93.491334	 93.456293	 93.421962	 93.388336	 93.355408	  93.32317	 93.291617	  93.26074	 93.230532	 93.200987	 93.172096	 93.143851	 93.116246	 93.089271	 93.062918	  93.03718	 93.012048	 92.987514	 92.963569	 92.940204	 92.917412	 92.895182	 92.873508	 92.852379	 92.831787	 92.811723	 92.792179	 92.773144	 92.754612	 92.736572	 92.719016	 92.701935	  92.68532	 92.669162	 92.653453	 92.638183	 92.623344	 92.608928	 92.594926	 92.581329	 92.568128	 92.555316	 92.542884	 92.530823	 92.519126	 92.507784	  92.49679	 92.486134	  92.47581	  92.46581	 92.456126	  92.44675	 92.437675	 92.428894	 92.420398	 92.412183	 92.404239	  92.39656	  92.38914	 92.381971	 92.375048	 92.368363	 92.361911	 92.355684	 92.349678	 92.343885	 92.338301	 92.332919	 92.327734	 92.322741	 92.317933	 92.313306	 92.308855	 92.304574	 92.300459	 92.296506	 92.292709	 92.289064	 92.285566	 92.282212	 92.278998	 92.275919	 92.272971	 92.270151	 92.267455	  92.26488	 92.262422	 92.260078	 92.257846	 92.255721	 92.253701	 92.251783	 92.249965	 92.248244	 92.246618	 92.245084	  92.24364	 92.242284	 92.241014	 92.239829	 92.238726	 92.237704	 92.236761	 92.235896	 92.235108	 92.234395	 92.233756	 92.233191	 92.232698	 92.232277	 92.231928	 92.231649	  92.23144	   92.2313	 92.231231	
        99	 98.904397	 98.808816	 98.713282	 98.617815	 98.522439	 98.427177	 98.332051	 98.237083	 98.142297	 98.047713	 97.953354	 97.859243	 97.765399	 97.671847	 97.578605	 97.485697	 97.393141	  97.30096	 97.209173	 97.117801	 97.026863	 96.936379	 96.846368	 96.756849	  96.66784	  96.57936	 96.491426	 96.404056	 96.317267	 96.231076	 96.145498	  96.06055	 95.976247	 95.892604	 95.809636	 95.727357	  95.64578	  95.56492	 95.484788	 95.405397	  95.32676	 95.248886	 95.171788	 95.095476	 95.019959	 94.945248	 94.871351	 94.798277	 94.726033	 94.654628	 94.584069	 94.514362	 94.445513	 94.377527	 94.310411	 94.244168	 94.178804	 94.114321	 94.050722	 93.988012	 93.926191	 93.865263	 93.805227	 93.746086	  93.68784	 93.630489	 93.574033	  93.51847	 93.463801	 93.410022	 93.357134	 93.305132	 93.254014	 93.203778	  93.15442	 93.105936	 93.058321	 93.011573	 92.965685	 92.920652	  92.87647	 92.833132	 92.790632	 92.748965	 92.708123	   92.6681	 92.628889	 92.590482	 92.552872	 92.516051	 92.480011	 92.444744	 92.410242	 92.376496	 92.343497	 92.311237	 92.279706	 92.248896	 92.218797	 92.189399	 92.160694	 92.132671	 92.105322	 92.078635	 92.052602	 92.027212	 92.002456	 91.978323	 91.954803	 91.931887	 91.909564	 91.887823	 91.866656	 91.846051	 91.825999	 91.806489	 91.787512	 91.769057	 91.751114	 91.733673	 91.716725	 91.700259	 91.684266	 91.668736	 91.653658	 91.639025	 91.624825	 91.611049	 91.597689	 91.584735	 91.572177	 91.560007	 91.548215	 91.536793	 91.525732	 91.515023	 91.504657	 91.494628	 91.484925	 91.475541	 91.466467	 91.457697	 91.449222	 91.441034	 91.433126	 91.425491	 91.418121	  91.41101	 91.404149	 91.397533	 91.391155	 91.385008	 91.379086	 91.373382	 91.367891	 91.362606	 91.357522	 91.352633	 91.347933	 91.343417	  91.33908	 91.334917	 91.330922	 91.327092	  91.32342	 91.319903	 91.316536	 91.313315	 91.310236	 91.307295	 91.304488	 91.301811	 91.299261	 91.296834	 91.294527	 91.292336	  91.29026	 91.288294	 91.286437	 91.284684	 91.283035	 91.281487	 91.280036	 91.278682	 91.277422	 91.276255	 91.275178	  91.27419	 91.273289	 91.272475	 91.271746	   91.2711	 91.270538	 91.270057	 91.269658	 91.269339	   91.2691	 91.268941	 91.268862	
        99	 98.892519	 98.785063	 98.677659	 98.570331	 98.463106	 98.356008	 98.249063	 98.142297	 98.035733	 97.929398	 97.823316	 97.717512	  97.61201	 97.506833	 97.402008	 97.297556	 97.193501	 97.089867	 96.986677	 96.883952	 96.781716	  96.67999	 96.578796	 96.478154	 96.378087	 96.278614	 96.179755	  96.08153	 95.983958	 95.887057	 95.790847	 95.695345	 95.600568	 95.506533	 95.413257	 95.320755	 95.229044	 95.138137	 95.048049	 94.958795	 94.870387	 94.782838	 94.696161	 94.610368	 94.525469	 94.441475	 94.358397	 94.276244	 94.195025	 94.114748	 94.035422	 93.957054	 93.879651	 93.803219	 93.727764	 93.653292	 93.579806	 93.507311	 93.435811	 93.365309	 93.295808	  93.22731	 93.159815	 93.093326	 93.027844	 92.963367	 92.899896	 92.837431	 92.775969	 92.715509	 92.656049	 92.597586	 92.540118	  92.48364	  92.42815	 92.373642	 92.320112	 92.267555	 92.215966	 92.165338	 92.115666	 92.066944	 92.019164	  91.97232	 91.926404	 91.881408	 91.837325	 91.794147	 91.751864	 91.710468	  91.66995	 91.630302	 91.591513	 91.553574	 91.516476	 91.480207	 91.444759	 91.410121	 91.376282	 91.343232	 91.310961	 91.279457	 91.248709	 91.218707	 91.189439	 91.160895	 91.133063	 91.105932	  91.07949	 91.053726	 91.028629	 91.004188	 90.980391	 90.957226	 90.934682	 90.912749	 90.891414	 90.870666	 90.850493	 90.830886	 90.811832	 90.793321	  90.77534	  90.75788	  90.74093	 90.724478	 90.708514	 90.693027	 90.678007	 90.663443	 90.649325	 90.635642	 90.622386	 90.609544	 90.597109	  90.58507	 90.573417	 90.562141	 90.551232	 90.540682	 90.530482	 90.520622	 90.511094	 90.501889	 90.492998	 90.484414	 90.476129	 90.468134	 90.460421	 90.452983	 90.445812	 90.438901	 90.432243	 90.425831	 90.419658	 90.413716	 90.408001	 90.402504	  90.39722	 90.392144	 90.387268	 90.382587	 90.378096	 90.373789	 90.369662	 90.365708	 90.361923	 90.358302	  90.35484	 90.351533	 90.348377	 90.345368	 90.342501	 90.339772	 90.337178	 90.334716	 90.332382	 90.330172	 90.328083	 90.326114	 90.324259	 90.322518	 90.320888	 90.319366	 90.317949	 90.316637	 90.315426	 90.314315	 90.313303	 90.312387	 90.311568	 90.310842	 90.310209	 90.309669	  90.30922	 90.308861	 90.308593	 90.308414	 90.308325	
        99	 98.880666	 98.761361	 98.642113	 98.522949	 98.403899	 98.284991	 98.166253	 98.047713	 97.929398	 97.811337	 97.693557	 97.576085	 97.458948	 97.342174	 97.225788	 97.109818	 96.994288	 96.879226	 96.764656	 96.650604	 96.537093	 96.424149	 96.311796	 96.200056	 96.088954	 95.978511	 95.868751	 95.759694	 95.651362	 95.543776	 95.436956	 95.330922	 95.225693	 95.121289	 95.017727	 94.915024	 94.813199	 94.712268	 94.612245	 94.513148	 94.414991	 94.317788	 94.221553	 94.126298	 94.032037	 93.938781	 93.846541	 93.755329	 93.665153	 93.576024	 93.487951	 93.400941	 93.315002	 93.230141	 93.146365	  93.06368	 92.982091	 92.901602	 92.822217	 92.743941	 92.666775	 92.590723	 92.515786	 92.441965	 92.369261	 92.297674	 92.227204	  92.15785	  92.08961	 92.022483	 91.956466	 91.891557	 91.827751	 91.765045	 91.703435	 91.642916	 91.583483	 91.525131	 91.467852	 91.411642	 91.356493	 91.302397	 91.249349	 91.197339	 91.146359	 91.096402	 91.047457	 90.999517	 90.952571	 90.906611	 90.861625	 90.817604	 90.774538	 90.732415	 90.691226	 90.650958	 90.611601	 90.573143	 90.535572	 90.498878	 90.463048	 90.428069	 90.393931	  90.36062	 90.328125	 90.296433	 90.265532	 90.235409	 90.206051	 90.177446	 90.149582	 90.122445	 90.096024	 90.070304	 90.045275	 90.020922	 89.997235	 89.974199	 89.951802	 89.930032	 89.908877	 89.888324	 89.868361	 89.848976	 89.830156	  89.81189	 89.794166	 89.776971	 89.760294	 89.744124	 89.728449	 89.713258	 89.698539	 89.684282	 89.670475	 89.657108	  89.64417	 89.631651	  89.61954	 89.607826	 89.596501	 89.585554	 89.574975	 89.564755	 89.554884	 89.545353	 89.536154	 89.527277	 89.518714	 89.510456	 89.502494	 89.494821	 89.487429	  89.48031	 89.473456	 89.466859	 89.460513	  89.45441	 89.448544	 89.442907	 89.437494	 89.432297	 89.427311	 89.422529	 89.417946	 89.413556	 89.409354	 89.405333	  89.40149	 89.397819	 89.394315	 89.390973	  89.38779	 89.384761	 89.381881	 89.379147	 89.376555	 89.374101	 89.371783	 89.369596	 89.367537	 89.365604	 89.363794	 89.362104	 89.360531	 89.359074	 89.357729	 89.356496	 89.355372	 89.354356	 89.353446	  89.35264	 89.351938	 89.351338	 89.350839	 89.350441	 89.350143	 89.349945	 89.349846	
        99	 98.868842	 98.737715	 98.606651	  98.47568	 98.344834	 98.214144	  98.08364	 97.953354	 97.823316	 97.693557	 97.564106	 97.434994	 97.306251	 97.177906	 97.049988	 96.922526	  96.79555	 96.669086	 96.543164	  96.41781	 96.293053	 96.168918	 96.045432	  95.92262	 95.800509	 95.679123	 95.558486	 95.438623	 95.319557	 95.201311	 95.083907	 94.967366	 94.851711	 94.736962	 94.623138	 94.510259	 94.398344	 94.287412	 94.177479	 94.068563	 93.960679	 93.853845	 93.748074	 93.643381	  93.53978	 93.437283	 93.335904	 93.235653	 93.136543	 93.038582	 92.941782	  92.84615	 92.751696	 92.658427	  92.56635	 92.475472	 92.385798	 92.297334	 92.210083	 92.124051	 92.039239	 91.955651	 91.873288	 91.792153	 91.712245	 91.633565	 91.556112	 91.479886	 91.404885	 91.331106	 91.258548	 91.187207	 91.117079	  91.04816	 90.980445	  90.91393	 90.848608	 90.784473	 90.721519	 90.659739	 90.599125	  90.53967	 90.481365	 90.424201	 90.368171	 90.313263	 90.259469	 90.206778	 90.155181	 90.104666	 90.055223	  90.00684	 89.959507	  89.91321	 89.867939	 89.823682	 89.780425	 89.738156	 89.696863	 89.656533	 89.617152	 89.578708	 89.541187	 89.504576	 89.468861	 89.434029	 89.400065	 89.366957	 89.334691	 89.303252	 89.272626	 89.242801	 89.213761	 89.185493	 89.157984	 89.131218	 89.105183	 89.079865	 89.055249	 89.031322	 89.008071	 88.985482	  88.96354	 88.942234	  88.92155	 88.901474	 88.881993	 88.863095	 88.844766	 88.826993	 88.809765	 88.793069	 88.776892	 88.761222	 88.746047	 88.731355	 88.717135	 88.703375	 88.690064	  88.67719	 88.664742	  88.65271	 88.641083	  88.62985	 88.619002	 88.608527	 88.598416	  88.58866	 88.579248	 88.570171	 88.561421	 88.552988	 88.544863	 88.537038	 88.529505	 88.522255	  88.51528	 88.508572	 88.502125	  88.49593	  88.48998	 88.484268	 88.478788	 88.473532	 88.468495	  88.46367	 88.459051	 88.454633	 88.450409	 88.446374	 88.442522	  88.43885	 88.435351	 88.432021	 88.428856	 88.425852	 88.423003	 88.420306	 88.417758	 88.415354	 88.413092	 88.410967	 88.408977	  88.40712	 88.405391	 88.403789	 88.402312	 88.400957	 88.399721	 88.398604	 88.397604	 88.396718	 88.395946	 88.395287	 88.394739	 88.394301	 88.393974	 88.393756	 88.393647	
        99	 98.857049	 98.714131	 98.571282	 98.428535	 98.285923	 98.143482	 98.001244	 97.859243	 97.717512	 97.576085	 97.434994	 97.294273	 97.153953	 97.014068	 96.874648	 96.735725	 96.597331	 96.459496	 96.322252	 96.185627	 96.049651	 95.914354	 95.779764	  95.64591	 95.512819	 95.380518	 95.249034	 95.118394	 94.988621	 94.859743	 94.731782	 94.604762	 94.478708	  94.35364	 94.229582	 94.106553	 93.984575	 93.863668	  93.74385	  93.62514	 93.507557	 93.391116	 93.275834	 93.161728	 93.048811	 92.937098	 92.826603	 92.717338	 92.609316	 92.502547	 92.397042	 92.292812	 92.189865	 92.088209	 91.987853	 91.888803	 91.791066	 91.694647	 91.599551	 91.505783	 91.413345	 91.322241	 91.232473	 91.144042	 91.056949	 90.971194	 90.886777	 90.803697	 90.721952	 90.641539	 90.562457	   90.4847	 90.408267	 90.333151	 90.259347	 90.186851	 90.115655	 90.045754	 89.977139	 89.909804	  89.84374	 89.778939	 89.715391	 89.653088	 89.592019	 89.532174	 89.473543	 89.416114	 89.359878	 89.304821	 89.250932	 89.198199	 89.146609	  89.09615	 89.046808	 88.998571	 88.951424	 88.905355	 88.860349	 88.816392	  88.77347	 88.731569	 88.690675	 88.650772	 88.611845	 88.573881	 88.536864	 88.500779	 88.465611	 88.431345	 88.397966	 88.365458	 88.333807	 88.302998	 88.273015	 88.243843	 88.215467	 88.187872	 88.161042	 88.134964	 88.109622	 88.085002	 88.061088	 88.037866	 88.015321	  87.99344	 87.972208	  87.95161	 87.931633	 87.912263	 87.893485	 87.875288	 87.857656	 87.840577	 87.824038	 87.808025	 87.792526	 87.777529	 87.763021	 87.748989	 87.735422	 87.722309	 87.709636	 87.697393	 87.685569	 87.674152	 87.663132	 87.652499	  87.64224	 87.632348	 87.622811	 87.613619	 87.604764	 87.596236	 87.588025	 87.580123	 87.572521	  87.56521	 87.558183	 87.551431	 87.544946	 87.538721	 87.532748	 87.527019	 87.521529	 87.516271	 87.511236	  87.50642	 87.501816	 87.497418	 87.493221	 87.489218	 87.485405	 87.481776	 87.478326	 87.475051	 87.471946	 87.469007	  87.46623	  87.46361	 87.461144	 87.458828	  87.45666	 87.454635	 87.452751	 87.451005	 87.449395	 87.447918	 87.446571	 87.445354	 87.444263	 87.443298	 87.442457	 87.441738	 87.441141	 87.440664	 87.440307	  87.44007	 87.439951	
        99	 98.845289	 98.690614	 98.536014	 98.381524	 98.227181	 98.073021	 97.919082	 97.765399	  97.61201	 97.458948	 97.306251	 97.153953	  97.00209	 96.850697	 96.699808	 96.549457	 96.399678	 96.250505	  96.10197	 95.954106	 95.806944	 95.660517	 95.514856	  95.36999	  95.22595	 95.082766	 94.940466	 94.799078	  94.65863	 94.519149	 94.380662	 94.243193	 94.106769	 93.971413	 93.837149	    93.704	 93.571987	 93.441134	 93.311459	 93.182984	 93.055727	 92.929708	 92.804943	 92.681449	 92.559243	 92.438341	 92.318756	 92.200502	 92.083594	 91.968042	 91.853858	 91.741053	 91.629637	 91.519619	 91.411007	 91.303809	 91.198032	 91.093681	 90.990762	  90.88928	 90.789238	 90.690639	 90.593486	 90.497781	 90.403523	 90.310714	 90.219352	 90.129438	 90.040968	  89.95394	 89.868352	   89.7842	 89.701478	 89.620183	 89.540308	 89.461848	 89.384795	 89.309144	 89.234885	  89.16201	 89.090512	 89.020379	 88.951604	 88.884175	 88.818082	 88.753314	  88.68986	 88.627708	 88.566844	 88.507258	 88.448936	 88.391865	 88.336031	 88.281421	 88.228021	 88.175815	  88.12479	 88.074931	 88.026223	  87.97865	 87.932197	 87.886849	  87.84259	 87.799405	 87.757276	 87.716189	 87.676127	 87.637073	 87.599012	 87.561927	 87.525802	 87.490621	 87.456366	 87.423022	 87.390572	    87.359	  87.32829	 87.298425	 87.269389	 87.241165	 87.213739	 87.187093	 87.161211	 87.136079	  87.11168	 87.087999	  87.06502	 87.042727	 87.021107	 87.000143	 86.979821	 86.960127	 86.941044	  86.92256	 86.904661	 86.887331	 86.870557	 86.854326	 86.838624	 86.823438	 86.808756	 86.794563	 86.780848	 86.767598	 86.754801	 86.742445	 86.730519	  86.71901	 86.707908	 86.697202	  86.68688	 86.676932	 86.667349	 86.658119	 86.649232	  86.64068	 86.632453	 86.624541	 86.616936	 86.609628	  86.60261	 86.595872	 86.589408	 86.583209	 86.577267	 86.571575	 86.566127	 86.560915	 86.555932	 86.551172	  86.54663	 86.542298	 86.538171	 86.534243	  86.53051	 86.526965	 86.523605	 86.520424	 86.517418	 86.514583	 86.511914	 86.509408	 86.507061	 86.504869	 86.502831	 86.500941	 86.499198	   86.4976	 86.496143	 86.494825	 86.493645	   86.4926	 86.491689	 86.490912	 86.490265	 86.489749	 86.489363	 86.489106	 86.488977	
        99	 98.833565	 98.667171	 98.500855	 98.334658	  98.16862	 98.002779	 97.837175	 97.671847	 97.506833	 97.342174	 97.177906	 97.014068	 96.850697	 96.687832	 96.525509	 96.363765	 96.202637	  96.04216	 95.882369	   95.7233	 95.564988	 95.407465	 95.250766	 95.094923	 94.939969	 94.785934	 94.632851	  94.48075	 94.329659	 94.179609	 94.030628	 93.882743	  93.73598	 93.590368	  93.44593	 93.302691	 93.160675	 93.019906	 92.880405	 92.742195	 92.605295	 92.469726	 92.335507	 92.202656	  92.07119	 91.941126	 91.812479	 91.685265	 91.559497	 91.435189	 91.312353	    91.191	 91.071142	 90.952787	 90.835945	 90.720624	 90.606831	 90.494573	 90.383856	 90.274684	 90.167061	 90.060991	 89.956476	 89.853518	 89.752118	 89.652276	 89.553992	 89.457264	  89.36209	 89.268468	 89.176394	 89.085865	 88.996875	  88.90942	 88.823492	 88.739087	 88.656196	 88.574811	 88.494925	 88.416529	 88.339612	 88.264166	 88.190179	  88.11764	 88.046539	 87.976864	 87.908601	 87.841739	 87.776264	 87.712162	 87.649421	 87.588025	 87.527961	 87.469212	 87.411765	 87.355604	 87.300712	 87.247075	 87.194676	 87.143498	 87.093526	 87.044741	 86.997129	 86.950671	  86.90535	 86.861149	 86.818051	 86.776038	 86.735093	 86.695198	 86.656336	 86.618488	 86.581638	 86.545767	 86.510859	 86.476894	 86.443857	 86.411729	 86.380492	  86.35013	 86.320625	  86.29196	 86.264118	 86.237081	 86.210833	 86.185357	 86.160637	 86.136655	 86.113397	 86.090844	 86.068983	 86.047795	 86.027267	 86.007383	 85.988126	 85.969483	 85.951439	 85.933978	 85.917086	  85.90075	 85.884954	 85.869686	 85.854932	 85.840678	 85.826911	 85.813619	 85.800789	 85.788408	 85.776465	 85.764947	 85.753843	 85.743142	 85.732832	 85.722903	 85.713343	 85.704143	 85.695292	 85.686781	 85.678599	 85.670737	 85.663187	 85.655939	 85.648985	 85.642316	 85.635924	 85.629802	  85.62394	 85.618333	 85.612973	 85.607852	 85.602965	 85.598305	 85.593865	  85.58964	 85.585624	 85.581811	 85.578196	 85.574774	  85.57154	  85.56849	 85.565619	 85.562923	 85.560398	 85.558041	 85.555848	 85.553815	  85.55194	  85.55022	 85.548653	 85.547235	 85.545965	 85.544842	 85.543862	 85.543025	  85.54233	 85.541775	 85.541359	 85.541083	 85.540944	
        99	 98.821881	 98.643805	 98.465813	 98.287949	 98.110253	  97.93277	  97.75554	 97.578605	 97.402008	 97.225788	 97.049988	 96.874648	 96.699808	 96.525509	 96.351791	 96.178692	 96.006252	 95.834508	   95.6635	 95.493264	 95.323837	 95.155256	 94.987556	 94.820772	 94.654939	 94.490091	 94.326261	 94.163481	 94.001784	   93.8412	 93.681759	 93.523492	 93.366427	 93.210591	 93.056013	 92.902718	 92.750733	 92.600081	 92.450787	 92.302874	 92.156363	 92.011277	 91.867635	 91.725457	 91.584761	 91.445566	 91.307888	 91.171743	 91.037146	 90.904111	 90.772652	 90.642779	 90.514506	 90.387842	 90.262798	 90.139381	 90.017599	  89.89746	  89.77897	 89.662134	 89.546956	 89.433439	 89.321587	 89.211401	 89.102882	 88.996031	 88.890847	 88.787328	 88.685473	 88.585278	  88.48674	 88.389856	 88.294618	 88.201023	 88.109063	 88.018732	 87.930022	 87.842924	  87.75743	 87.673529	 87.591213	  87.51047	 87.431289	 87.353658	 87.277565	 87.202998	 87.129943	 87.058387	 86.988315	 86.919714	 86.852568	 86.786862	 86.722581	 86.659708	 86.598228	 86.538123	 86.479378	 86.421976	 86.365898	 86.311127	 86.257646	 86.205438	 86.154482	 86.104763	  86.05626	 86.008956	 85.962832	  85.91787	 85.874051	 85.831355	 85.789764	  85.74926	 85.709822	 85.671433	 85.634074	 85.597725	 85.562369	 85.527985	 85.494555	 85.462062	 85.430485	 85.399808	 85.370011	 85.341076	 85.312986	 85.285721	 85.259265	   85.2336	 85.208709	 85.184573	 85.161177	 85.138502	 85.116533	 85.095252	 85.074644	 85.054692	 85.035381	 85.016694	 84.998617	 84.981133	 84.964229	 84.947889	 84.932099	 84.916844	 84.902111	 84.887886	 84.874155	 84.860905	 84.848123	 84.835797	 84.823914	 84.812461	 84.801427	 84.790801	  84.78057	 84.770724	 84.761252	 84.752143	 84.743387	 84.734973	 84.726893	 84.719136	 84.711694	 84.704557	 84.697716	 84.691164	 84.684891	  84.67889	 84.673153	 84.667674	 84.662443	 84.657456	 84.652705	 84.648183	 84.643885	 84.639804	 84.635935	 84.632273	 84.628812	 84.625548	 84.622475	  84.61959	 84.616888	 84.614365	 84.612018	 84.609842	 84.607836	 84.605995	 84.604318	 84.602801	 84.601442	 84.600239	 84.599191	 84.598295	 84.597551	 84.596957	 84.596512	 84.596216	 84.596068	
        99	 98.810238	 98.620522	 98.430896	 98.241406	 98.052096	 97.863011	 97.674196	 97.485697	 97.297556	 97.109818	 96.922526	 96.735725	 96.549457	 96.363765	 96.178692	 95.994279	 95.810567	 95.627598	 95.445411	 95.264048	 95.083547	 94.903946	 94.725284	 94.547599	 94.370926	 94.195303	 94.020764	 93.847345	 93.675078	 93.503997	 93.334135	 93.165523	 92.998191	  92.83217	 92.667487	 92.504173	 92.342253	 92.181754	 92.022701	  91.86512	 91.709032	 91.554462	 91.401431	  91.24996	 91.100068	 90.951775	 90.805097	 90.660053	 90.516658	 90.374928	 90.234875	 90.096514	 89.959856	 89.824913	 89.691695	 89.560211	 89.430469	 89.302478	 89.176242	 89.051769	 88.929062	 88.808126	 88.688962	 88.571574	 88.455962	 88.342127	 88.230067	 88.119782	 88.011269	 87.904525	 87.799547	 87.696329	 87.594867	 87.495154	 87.397183	 87.300947	 87.206438	 87.113647	 87.022565	  86.93318	 86.845483	 86.759463	 86.675106	 86.592401	 86.511334	 86.431893	 86.354063	  86.27783	 86.203178	 86.130092	 86.058557	 85.988556	 85.920073	 85.853091	 85.787592	 85.723559	 85.660974	  85.59982	 85.540076	 85.481726	 85.424749	 85.369128	 85.314842	 85.261872	 85.210199	 85.159803	 85.110665	 85.062764	  85.01608	 84.970593	 84.926284	 84.883132	 84.841117	 84.800219	 84.760417	 84.721693	 84.684025	 84.647393	 84.611779	 84.577161	 84.543521	 84.510838	 84.479094	 84.448268	 84.418341	 84.389295	 84.361109	 84.333767	 84.307248	 84.281535	 84.256609	 84.232453	 84.209047	 84.186376	 84.164421	 84.143165	 84.122591	 84.102683	 84.083423	 84.064797	 84.046788	  84.02938	 84.012557	 83.996306	  83.98061	 83.965455	 83.950826	  83.93671	 83.923093	 83.909961	 83.897301	   83.8851	 83.873345	 83.862024	 83.851124	 83.840635	 83.830543	 83.820839	  83.81151	 83.802547	 83.793939	 83.785675	 83.777746	 83.770143	 83.762855	 83.755874	 83.749191	 83.742798	 83.736686	 83.730849	 83.725276	 83.719963	 83.714901	 83.710084	 83.705505	 83.701157	 83.697035	 83.693134	 83.689447	 83.685969	 83.682696	 83.679622	 83.676743	 83.674055	 83.671555	 83.669237	   83.6671	 83.665139	 83.663351	 83.661735	 83.660288	 83.659006	  83.65789	 83.656935	 83.656143	  83.65551	 83.655036	  83.65472	 83.654563	
        99	  98.79864	 98.597328	 98.396112	  98.19504	 97.994159	 97.793517	 97.593162	 97.393141	 97.193501	 96.994288	  96.79555	 96.597331	 96.399678	 96.202637	 96.006252	 95.810567	 95.615626	 95.421474	 95.228152	 95.035704	  94.84417	 94.653592	 94.464011	 94.275465	 94.087994	 93.901637	  93.71643	 93.532411	 93.349615	 93.168078	 92.987834	 92.808916	 92.631356	 92.455188	  92.28044	 92.107143	 91.935327	 91.765018	 91.596244	 91.429031	 91.263404	 91.099386	 90.937002	 90.776272	 90.617219	 90.459862	 90.304219	  90.15031	 89.998151	 89.847757	 89.699145	 89.552327	 89.407317	 89.264126	 89.122765	 88.983245	 88.845573	 88.709759	 88.575808	 88.443726	  88.31352	 88.185191	 88.058745	 87.934182	 87.811503	  87.69071	 87.571801	 87.454776	  87.33963	 87.226362	 87.114967	 87.005441	 86.897777	 86.791969	 86.688011	 86.585893	 86.485608	 86.387146	 86.290496	 86.195648	 86.102591	 86.011313	   85.9218	  85.83404	 85.748019	 85.663722	 85.581135	 85.500242	 85.421027	 85.343475	 85.267567	 85.193288	 85.120619	 85.049543	 84.980041	 84.912094	 84.845684	 84.780791	 84.717397	  84.65548	 84.595021	 84.535999	 84.478396	 84.422188	 84.367357	 84.313881	 84.261739	  84.21091	 84.161373	 84.113106	 84.066089	 84.020299	 83.975716	 83.932318	 83.890084	 83.848993	 83.809023	 83.770152	 83.732361	 83.695628	 83.659931	 83.625251	 83.591566	 83.558856	   83.5271	 83.496278	 83.466371	 83.437357	 83.409217	 83.381933	 83.355483	  83.32985	 83.305014	 83.280957	  83.25766	 83.235105	 83.213273	 83.192148	 83.171712	 83.151948	 83.132837	 83.114365	 83.096515	  83.07927	 83.062614	 83.046533	  83.03101	 83.016032	 83.001582	 82.987648	 82.974214	 82.961267	 82.948794	  82.93678	 82.925215	 82.914084	 82.903376	 82.893078	  82.88318	 82.873669	 82.864534	 82.855765	 82.847352	 82.839283	  82.83155	 82.824143	 82.817051	 82.810268	 82.803782	 82.797588	 82.791675	 82.786037	 82.780665	 82.775554	 82.770695	 82.766081	 82.761708	 82.757568	 82.753655	 82.749965	 82.746492	  82.74323	 82.740175	 82.737323	  82.73467	 82.732211	 82.729942	 82.727862	 82.725965	  82.72425	 82.722714	 82.721354	 82.720169	 82.719157	 82.718316	 82.717644	 82.717141	 82.716807	 82.716639	
