Time step 70:
        99	        99	        99	        99	        99	        99	        99	        99	        99	        99	        99	        99	        99	        99	        99	        99	        99	        99	        99	        99	        99	        99	        99	        99	        99	        99	        99	        99	        99	        99	        99	        99	        99	        99	        99	        99	        99	        99	        99	        99	        99	        99	        99	        99	        99	        99	        99	        99	        99	        99	        99	        99	        99	        99	        99	        99	        99	        99	        99	        99	        99	        99	        99	        99	        99	        99	        99	        99	        99	        99	        99	        99	        99	        99	        99	        99	        99	        99	        99	        99	        99	        99	        99	        99	        99	        99	        99	        99	        99	        99	        99	        99	        99	        99	        99	        99	        99	        99	        99	        99	        99	        99	        99	        99	        99	        99	        99	        99	        99	        99	        99	        99	        99	        99	        99	        99	        99	        99	        99	        99	        99	        99	        99	        99	        99	        99	        99	        99	        99	        99	        99	        99	        99	        99	        99	        99	        99	        99	        99	        99	        99	        99	        99	        99	        99	        99	        99	        99	        99	        99	        99	        99	        99	        99	        99	        99	        99	        99	        99	        99	        99	        99	        99	        99	        99	        99	        99	        99	        99	        99	        99	        99	        99	        99	        99	        99	        99	        99	        99	        99	        99	        99	        99	        99	        99	        99	        99	        99	        99	        99	        99	        99	        99	        99	        99	        99	        99	        99	        99	        99	
        99	 98.990929	  98.98186	 98.972794	 98.963733	 98.954678	 98.945632	 98.936595	  98.92757	 98.918558	  98.90956	 98.900579	 98.891615	 98.882671	 98.873748	 98.864847	  98.85597	 98.847119	 98.838295	   98.8295	 98.820735	 98.812001	   98.8033	 98.794634	 98.786004	  98.77741	 98.768856	 98.760342	 98.751869	 98.743438	 98.735052	 98.726711	 98.718416	 98.710169	 98.701972	 98.693824	 98.685727	 98.677683	 98.669693	 98.661757	 98.653876	 98.646053	 98.638287	 98.630579	 98.622931	 98.615344	 98.607818	 98.600354	 98.592953	 98.585616	 98.578344	 98.571137	 98.563996	 98.556921	 98.549914	 98.542975	 98.536104	 98.529303	 98.522571	 98.515909	 98.509317	 98.502797	 98.496348	  98.48997	 98.483665	 98.477432	 98.471272	 98.465185	 98.459171	  98.45323	 98.447363	 98.441569	 98.435849	 98.430204	 98.424631	 98.419133	 98.413709	 98.408359	 98.403082	  98.39788	 98.392751	 98.387695	 98.382713	 98.377804	 98.372968	 98.368205	 98.363515	 98.358897	 98.354351	 98.349876	 98.345473	 98.341141	  98.33688	 98.332688	 98.328567	 98.324515	 98.320532	 98.316618	 98.312772	 98.308993	 98.305281	 98.301636	 98.298057	 98.294543	 98.291095	  98.28771	  98.28439	 98.281132	 98.277938	 98.274805	 98.271733	 98.268722	 98.265771	  98.26288	 98.260047	 98.257272	 98.254555	 98.251895	  98.24929	 98.246741	 98.244247	 98.241806	 98.239419	 98.237084	 98.234802	  98.23257	 98.230389	 98.228258	 98.226176	 98.224142	 98.222156	 98.220217	 98.218324	 98.216477	 98.214675	 98.212916	 98.211202	  98.20953	   98.2079	 98.206312	 98.204764	 98.203257	 98.201789	  98.20036	 98.198969	 98.197615	 98.196298	 98.195018	 98.193773	 98.192563	 98.191388	 98.190246	 98.189137	 98.188061	 98.187018	 98.186005	 98.185024	 98.184072	 98.183151	 98.182259	 98.181396	 98.180561	 98.179754	 98.178974	 98.178221	 98.177494	 98.176793	 98.176118	 98.175468	 98.174842	 98.174241	 98.173663	 98.173109	 98.172578	  98.17207	 98.171584	  98.17112	 98.170678	 98.170258	 98.169858	  98.16948	 98.169122	 98.168784	 98.168466	 98.168169	 98.167891	 98.167632	 98.167393	 98.167172	 98.166971	 98.166789	 98.166625	 98.166479	 98.166352	 98.166244	 98.166153	 98.166081	 98.166027	 98.165991	 98.165973	
        99	  98.98186	 98.963723	 98.945592	 98.927472	 98.909364	 98.891273	 98.873202	 98.855153	  98.83713	 98.819136	 98.801175	  98.78325	 98.765363	 98.747518	 98.729718	 98.711967	 98.694266	  98.67662	  98.65903	 98.641501	 98.624036	 98.606636	 98.589305	 98.572046	 98.554861	 98.537754	 98.520726	 98.503782	 98.486923	 98.470152	 98.453471	 98.436883	 98.420391	 98.403997	 98.387703	 98.371511	 98.355425	 98.339445	 98.323574	 98.307815	 98.292169	 98.276639	 98.261225	 98.245931	 98.230757	 98.215707	  98.20078	  98.18598	 98.171307	 98.156764	 98.142351	  98.12807	 98.113922	 98.099909	 98.086032	 98.072292	  98.05869	 98.045227	 98.031904	 98.018723	 98.005683	 97.992786	 97.980033	 97.967423	 97.954959	  97.94264	 97.930466	 97.918439	 97.906559	 97.894825	 97.883239	 97.871801	  97.86051	 97.849367	 97.838371	 97.827524	 97.816824	 97.806272	 97.795868	 97.785611	 97.775501	 97.765538	 97.755721	  97.74605	 97.736525	 97.727145	 97.717909	 97.708818	  97.69987	 97.691064	 97.682401	 97.673879	 97.665497	 97.657255	 97.649152	 97.641187	 97.633359	 97.625667	  97.61811	 97.610688	 97.603398	 97.596241	 97.589214	 97.582317	 97.575549	 97.568909	 97.562394	 97.556005	  97.54974	 97.543597	 97.537576	 97.531675	 97.525892	 97.520227	 97.514679	 97.509245	 97.503924	 97.498716	 97.493618	 97.488629	 97.483749	 97.478975	 97.474306	 97.469742	 97.465279	 97.460917	 97.456655	 97.452492	 97.448424	 97.444453	 97.440575	  97.43679	 97.433095	 97.429491	 97.425975	 97.422546	 97.419202	 97.415943	 97.412767	 97.409672	 97.406657	 97.403722	 97.400864	 97.398082	 97.395375	 97.392742	 97.390181	 97.387691	 97.385272	 97.382921	 97.380638	 97.378421	 97.376269	 97.374182	 97.372157	 97.370194	 97.368292	 97.366449	 97.364666	 97.362939	 97.361269	 97.359655	 97.358096	  97.35659	 97.355136	 97.353735	 97.352385	 97.351084	 97.349833	 97.348631	 97.347476	 97.346368	 97.345306	 97.344289	 97.343318	  97.34239	 97.341506	 97.340665	 97.339866	 97.339109	 97.338393	 97.337718	 97.337083	 97.336487	 97.335931	 97.335414	 97.334936	 97.334495	 97.334093	 97.333727	   97.3334	 97.333109	 97.332855	 97.332638	 97.332457	 97.332312	 97.332204	 97.332132	 97.332096	
        99	 98.972794	 98.945592	 98.918401	 98.891224	 98.864067	 98.836934	 98.809831	 98.782762	 98.755732	 98.728746	 98.701808	 98.674924	 98.648098	 98.621334	 98.594639	 98.568015	 98.541468	 98.515002	 98.488623	 98.462333	 98.436138	 98.410042	  98.38405	 98.358165	 98.332392	 98.306735	 98.281198	 98.255785	   98.2305	 98.205347	  98.18033	 98.155452	 98.130717	  98.10613	 98.081692	 98.057409	 98.033282	 98.009316	 97.985514	 97.961879	 97.938413	 97.915121	 97.892004	 97.869066	  97.84631	 97.823737	 97.801351	 97.779154	 97.757148	 97.735336	  97.71372	 97.692301	 97.671083	 97.650067	 97.629254	 97.608647	 97.588247	 97.568056	 97.548075	 97.528305	 97.508749	 97.489406	 97.470279	 97.451368	 97.432674	 97.414198	  97.39594	 97.377903	 97.360085	 97.342487	 97.325111	 97.307955	 97.291022	 97.274309	 97.257819	  97.24155	 97.225503	 97.209678	 97.194073	  97.17869	 97.163527	 97.148585	 97.133862	 97.119358	 97.105072	 97.091004	 97.077153	 97.063518	 97.050098	 97.036891	 97.023898	 97.011117	 96.998546	 96.986186	 96.974033	 96.962087	 96.950347	 96.938811	 96.927477	 96.916345	 96.905412	 96.894678	 96.884139	 96.873796	 96.863645	 96.853686	 96.843916	 96.834333	 96.824937	 96.815724	 96.806694	 96.797843	 96.789171	 96.780675	 96.772353	 96.764203	 96.756223	 96.748412	 96.740766	 96.733285	 96.725965	 96.718806	 96.711804	 96.704957	 96.698264	 96.691723	 96.685331	 96.679086	 96.672986	  96.66703	 96.661214	 96.655537	 96.649996	  96.64459	 96.639317	 96.634174	  96.62916	 96.624272	 96.619508	 96.614867	 96.610345	 96.605942	 96.601656	 96.597484	 96.593424	 96.589475	 96.585634	 96.581901	 96.578272	 96.574746	 96.571322	 96.567997	  96.56477	 96.561639	 96.558602	 96.555659	 96.552806	 96.550042	 96.547367	 96.544778	 96.542274	 96.539853	 96.537514	 96.535255	 96.533076	 96.530974	 96.528948	 96.526998	 96.525122	 96.523318	 96.521586	 96.519924	 96.518332	 96.516807	  96.51535	 96.513959	 96.512633	 96.511372	 96.510174	 96.509038	 96.507964	 96.506952	 96.505999	 96.505106	 96.504272	 96.503497	 96.502779	 96.502118	 96.501514	 96.500967	 96.500475	 96.500039	 96.499658	 96.499332	 96.499061	 96.498844	 96.498682	 96.498574	  96.49852	
        99	 98.963733	 98.927472	 98.891224	 98.854996	 98.818794	 98.782625	 98.746495	  98.71041	 98.674378	 98.638403	 98.602494	 98.566656	 98.530895	 98.495219	 98.459632	 98.424141	 98.388753	 98.353473	 98.318307	 98.283261	 98.248342	 98.213555	 98.178906	   98.1444	 98.110043	 98.075841	 98.041799	 98.007922	 97.974216	 97.940685	 97.907336	 97.874173	   97.8412	 97.808424	 97.775847	 97.743476	 97.711314	 97.679366	 97.647637	  97.61613	 97.584849	 97.553799	 97.522983	 97.492406	  97.46207	 97.431979	 97.402137	 97.372547	 97.343212	 97.314136	  97.28532	 97.256769	 97.228483	 97.200468	 97.172723	 97.145253	 97.118059	 97.091143	 97.064507	 97.038153	 97.012083	 96.986299	 96.960801	 96.935591	 96.910671	 96.886042	 96.861704	 96.837658	 96.813906	 96.790448	 96.767284	 96.744415	 96.721841	 96.699563	 96.677581	 96.655894	 96.634502	 96.613406	 96.592604	 96.572098	 96.551885	 96.531966	 96.512339	 96.493005	 96.473961	 96.455208	 96.436743	 96.418567	 96.400677	 96.383072	 96.365752	 96.348714	 96.331957	 96.315479	 96.299279	 96.283354	 96.267704	 96.252326	 96.237218	 96.222378	 96.207804	 96.193494	 96.179446	 96.165657	 96.152126	  96.13885	 96.125826	 96.113052	 96.100526	 96.088245	 96.076207	 96.064409	 96.052848	 96.041522	 96.030428	 96.019564	 96.008927	 95.998514	 95.988322	 95.978349	 95.968592	 95.959047	 95.949713	 95.940587	 95.931665	 95.922945	 95.914424	 95.906099	 95.897968	 95.890027	 95.882274	 95.874707	 95.867321	 95.860115	 95.853085	 95.846229	 95.839545	 95.833029	 95.826678	 95.820491	 95.814464	 95.808595	 95.802881	 95.797319	 95.791907	 95.786643	 95.781523	 95.776546	 95.771708	 95.767009	 95.762444	 95.758012	  95.75371	 95.749536	 95.745488	 95.741564	 95.737761	 95.734077	 95.730511	 95.727059	 95.723721	 95.720494	 95.717375	 95.714365	 95.711459	 95.708658	 95.705958	 95.703358	 95.700857	 95.698452	 95.696143	 95.693928	 95.691805	 95.689773	 95.687831	 95.685976	 95.684209	 95.682527	  95.68093	 95.679416	 95.677985	 95.676635	 95.675365	 95.674175	 95.673063	 95.672029	 95.671072	 95.670191	 95.669387	 95.668657	 95.668001	  95.66742	 95.666912	 95.666478	 95.666116	 95.665827	 95.665611	 95.665467	 95.665395	
        99	 98.954678	 98.909364	 98.864067	 98.818794	 98.773554	 98.728355	 98.683204	 98.638111	 98.593082	 98.548127	 98.503252	 98.458467	 98.413778	 98.369194	 98.324722	 98.280371	 98.236147	 98.192059	 98.148114	 98.104319	 98.060682	  98.01721	  97.97391	 97.930789	 97.887855	 97.845113	 97.802572	 97.760238	 97.718116	 97.676215	 97.634539	 97.593096	 97.551892	 97.510932	 97.470223	  97.42977	 97.389578	 97.349654	 97.310003	  97.27063	  97.23154	 97.192737	 97.154228	 97.116017	 97.078107	 97.040504	 97.003212	 96.966234	 96.929576	  96.89324	  96.85723	  96.82155	 96.786203	 96.751193	 96.716522	 96.682193	  96.64821	 96.614574	 96.581288	 96.548355	 96.515776	 96.483554	 96.451691	 96.420187	 96.389045	 96.358267	 96.327853	 96.297804	 96.268122	 96.238807	  96.20986	 96.181281	 96.153072	 96.125232	 96.097761	 96.070659	 96.043927	 96.017564	 95.991569	 95.965943	 95.940684	 95.915791	 95.891265	 95.867103	 95.843305	  95.81987	 95.796796	 95.774081	 95.751725	 95.729725	  95.70808	 95.686788	 95.665848	 95.645256	 95.625011	 95.605111	 95.585553	 95.566336	 95.547456	 95.528911	 95.510699	 95.492816	 95.475261	  95.45803	  95.44112	 95.424529	 95.408254	 95.392291	 95.376637	 95.361291	 95.346247	 95.331503	 95.317056	 95.302903	 95.289039	 95.275463	  95.26217	 95.249157	 95.236421	 95.223957	 95.211764	 95.199837	 95.188173	 95.176768	 95.165618	 95.154721	 95.144073	  95.13367	 95.123508	 95.113585	 95.103897	  95.09444	  95.08521	 95.076205	  95.06742	 95.058853	 95.050499	 95.042356	 95.034421	 95.026689	 95.019157	 95.011822	 95.004681	 94.997731	 94.990968	  94.98439	 94.977992	 94.971772	 94.965727	 94.959854	 94.954149	  94.94861	 94.943234	 94.938019	  94.93296	 94.928056	 94.923304	   94.9187	 94.914243	  94.90993	 94.905758	 94.901725	 94.897829	 94.894066	 94.890436	 94.886934	 94.883561	 94.880312	 94.877186	 94.874181	 94.871296	 94.868528	 94.865875	 94.863335	 94.860908	 94.858591	 94.856382	  94.85428	 94.852284	 94.850393	 94.848604	 94.846917	  94.84533	 94.843843	 94.842453	 94.841161	 94.839965	 94.838865	 94.837859	 94.836947	 94.836128	 94.835401	 94.834767	 94.834224	 94.833772	 94.833411	 94.833141	  94.83296	  94.83287	
        99	 98.945632	 98.891273	 98.836934	 98.782625	 98.728355	 98.674133	  98.61997	 98.565876	  98.51186	 98.457931	 98.404099	 98.350375	 98.296766	 98.243283	 98.189935	  98.13673	  98.08368	 98.030791	 97.978075	 97.925538	 97.873191	 97.821041	 97.769099	 97.717371	 97.665867	 97.614594	 97.563561	 97.512777	 97.462248	 97.411983	 97.361989	 97.312274	 97.262845	 97.213709	 97.164874	 97.116346	 97.068132	 97.020239	 96.972674	 96.925441	 96.878549	 96.832001	 96.785806	 96.739967	  96.69449	 96.649382	 96.604646	 96.560287	 96.516312	 96.472723	 96.429525	 96.386724	 96.344322	 96.302323	 96.260732	 96.219551	 96.178784	 96.138434	 96.098505	 96.058998	 96.019916	 95.981263	 95.943039	 95.905247	  95.86789	 95.830968	 95.794483	 95.758436	 95.722829	 95.687663	 95.652938	 95.618655	 95.584815	 95.551418	 95.518464	 95.485953	 95.453885	 95.422259	 95.391076	 95.360334	 95.330033	 95.300172	  95.27075	 95.241766	 95.213218	 95.185105	 95.157425	 95.130176	 95.103358	 95.076967	 95.051002	  95.02546	 95.000339	 94.975637	 94.951352	 94.927479	 94.904018	 94.880964	 94.858316	 94.836069	 94.814222	  94.79277	  94.77171	  94.75104	 94.730755	 94.710853	 94.691329	 94.672179	 94.653402	 94.634991	 94.616945	 94.599258	 94.581928	 94.564949	 94.548319	 94.532032	 94.516086	 94.500475	 94.485197	 94.470246	 94.455619	 94.441311	 94.427319	 94.413637	 94.400262	  94.38719	 94.374416	 94.361937	 94.349747	 94.337843	 94.326221	 94.314876	 94.303804	 94.293001	 94.282463	 94.272186	 94.262165	 94.252397	 94.242877	 94.233602	 94.224567	 94.215768	 94.207202	 94.198864	 94.190752	  94.18286	 94.175185	 94.167723	 94.160472	 94.153426	 94.146583	 94.139939	  94.13349	 94.127233	 94.121165	 94.115282	 94.109581	 94.104058	 94.098712	 94.093538	 94.088533	 94.083695	 94.079021	 94.074508	 94.070152	 94.065952	 94.061905	 94.058008	 94.054258	 94.050654	 94.047192	 94.043871	 94.040689	 94.037643	 94.034731	 94.031951	 94.029301	  94.02678	 94.024386	 94.022117	 94.019971	 94.017947	 94.016043	 94.014259	 94.012592	 94.011042	 94.009608	 94.008288	 94.007081	 94.005987	 94.005004	 94.004133	 94.003372	 94.002721	 94.002179	 94.001746	 94.001421	 94.001205	 94.001097	
        99	 98.936595	 98.873202	 98.809831	 98.746495	 98.683204	  98.61997	 98.556805	  98.49372	 98.430725	 98.367833	 98.305054	   98.2424	  98.17988	 98.117508	 98.055293	 97.993245	 97.931377	 97.869698	 97.808219	  97.74695	 97.685902	 97.625085	 97.564509	 97.504183	 97.444119	 97.384324	 97.324809	 97.265583	 97.206656	 97.148036	 97.089733	 97.031754	  96.97411	 96.916807	 96.859855	 96.803262	 96.747034	 96.691181	 96.635709	 96.580626	  96.52594	 96.471656	 96.417782	 96.364324	 96.311289	 96.258682	 96.206511	  96.15478	 96.103495	 96.052661	 96.002284	 95.952368	 95.902918	 95.853939	 95.805434	 95.757409	 95.709866	  95.66281	 95.616244	  95.57017	 95.524593	 95.479515	 95.434938	 95.390865	 95.347298	 95.304239	  95.26169	 95.219652	 95.178126	 95.137115	 95.096619	 95.056638	 95.017173	 94.978225	 94.939793	 94.901879	  94.86448	 94.827598	 94.791232	 94.755381	 94.720044	 94.685219	 94.650907	 94.617105	 94.583812	 94.551026	 94.518745	 94.486968	 94.455692	 94.424915	 94.394634	 94.364847	 94.335551	 94.306743	 94.278421	 94.250581	  94.22322	 94.196334	 94.169921	 94.143977	 94.118498	 94.093481	 94.068921	 94.044815	 94.021159	 93.997948	 93.975179	 93.952847	 93.930948	 93.909478	 93.888432	 93.867805	 93.847594	 93.827794	 93.808399	 93.789406	 93.770809	 93.752604	 93.734786	  93.71735	 93.700292	 93.683606	 93.667287	 93.651332	 93.635734	 93.620489	 93.605592	 93.591039	 93.576823	  93.56294	 93.549386	 93.536156	 93.523244	 93.510645	 93.498356	  93.48637	 93.474684	 93.463292	  93.45219	 93.441373	 93.430836	 93.420575	 93.410585	 93.400862	   93.3914	 93.382197	 93.373246	 93.364545	 93.356088	 93.347871	  93.33989	 93.332142	 93.324621	 93.317324	 93.310247	 93.303387	 93.296738	 93.290298	 93.284063	 93.278029	 93.272192	  93.26655	 93.261099	 93.255835	 93.250756	 93.245858	 93.241138	 93.236593	  93.23222	 93.228017	  93.22398	 93.220107	 93.216396	 93.212843	 93.209447	 93.206205	 93.203115	 93.200175	 93.197383	 93.194736	 93.192234	 93.189874	 93.187654	 93.185573	 93.183629	 93.181822	 93.180149	 93.178609	 93.177202	 93.175926	  93.17478	 93.173764	 93.172876	 93.172117	 93.171485	 93.170979	 93.170601	 93.170349	 93.170223	
        99	  98.92757	 98.855153	 98.782762	  98.71041	 98.638111	 98.565876	  98.49372	 98.421655	 98.349693	 98.277849	 98.206134	 98.134561	 98.063143	 97.991892	  97.92082	 97.849941	 97.779266	 97.708808	 97.638578	 97.568588	  97.49885	 97.429376	 97.360177	 97.291265	  97.22265	 97.154344	 97.086358	 97.018702	 96.951387	 96.884423	  96.81782	 96.751589	 96.685739	  96.62028	 96.555222	 96.490572	 96.426341	 96.362538	  96.29917	 96.236246	 96.173775	 96.111765	 96.050222	 95.989155	 95.928571	 95.868476	 95.808878	 95.749784	 95.691199	 95.633129	 95.575581	  95.51856	 95.462071	  95.40612	 95.350712	  95.29585	  95.24154	 95.187786	 95.134591	 95.081959	 95.029895	   94.9784	 94.927478	 94.877131	 94.827363	 94.778175	 94.729569	 94.681547	 94.634111	 94.587262	 94.541001	 94.495329	 94.450247	 94.405755	 94.361853	 94.318541	  94.27582	 94.233688	 94.192145	 94.151191	 94.110824	 94.071043	 94.031846	 93.993233	   93.9552	 93.917748	 93.880872	 93.844572	 93.808843	 93.773685	 93.739094	 93.705067	 93.671601	 93.638693	 93.606339	 93.574536	  93.54328	 93.512568	 93.482396	 93.452759	 93.423653	 93.395074	 93.367019	 93.339481	 93.312458	 93.285943	 93.259933	 93.234422	 93.209406	  93.18488	 93.160838	 93.137276	 93.114188	 93.091569	 93.069413	 93.047716	 93.026472	 93.005676	 92.985322	 92.965404	 92.945918	 92.926857	 92.908215	 92.889989	 92.872171	 92.854756	 92.837739	 92.821113	 92.804874	 92.789015	 92.773532	 92.758418	 92.743668	 92.729276	 92.715237	 92.701546	 92.688196	 92.675183	   92.6625	 92.650143	 92.638107	 92.626385	 92.614973	 92.603866	 92.593058	 92.582544	  92.57232	  92.56238	 92.552719	 92.543332	 92.534216	 92.525364	 92.516773	 92.508438	 92.500353	 92.492516	 92.484921	 92.477564	 92.470442	 92.463549	 92.456882	 92.450436	 92.444209	 92.438196	 92.432394	 92.426799	 92.421407	 92.416215	 92.411219	 92.406418	 92.401806	 92.397382	 92.393142	 92.389084	 92.385205	 92.381502	 92.377972	 92.374613	 92.371424	   92.3684	 92.365542	 92.362845	 92.360309	 92.357932	 92.355712	 92.353647	 92.351736	 92.349977	  92.34837	 92.346912	 92.345603	 92.344442	 92.343428	 92.342561	 92.341839	 92.341262	 92.340829	 92.340541	 92.340397	
        99	 98.918558	  98.83713	 98.755732	 98.674378	 98.593082	  98.51186	 98.430725	 98.349693	 98.268778	 98.187994	 98.107356	 98.026877	 97.946573	 97.866457	 97.786542	 97.706844	 97.627375	  97.54815	 97.469181	 97.390483	 97.312068	  97.23395	 97.156141	 97.078654	 97.001502	 96.924697	 96.848251	 96.772177	 96.696486	  96.62119	   96.5463	 96.471828	 96.397785	 96.324181	 96.251027	 96.178334	 96.106111	 96.034368	 95.963116	 95.892363	 95.822119	 95.752393	 95.683193	 95.614527	 95.546404	 95.478833	 95.411819	 95.345372	 95.279497	 95.214202	 95.149494	 95.085378	  95.02186	 94.958948	 94.896645	 94.834957	 94.773889	 94.713447	 94.653633	 94.594453	  94.53591	 94.478007	 94.420749	 94.364138	 94.308177	 94.252869	 94.198215	 94.144219	  94.09088	 94.038202	 93.986185	  93.93483	 93.884139	 93.834111	 93.784746	 93.736045	 93.688008	 93.640634	 93.593922	 93.547872	 93.502482	 93.457751	 93.413678	  93.37026	 93.327495	 93.285383	 93.243919	 93.203101	 93.162928	 93.123395	   93.0845	 93.046239	 93.008609	 92.971606	 92.935226	 92.899466	 92.864322	 92.829788	 92.795861	 92.762537	  92.72981	 92.697675	 92.666128	 92.635165	 92.604779	 92.574965	 92.545718	 92.517034	 92.488905	 92.461327	 92.434293	 92.407799	 92.381839	 92.356405	 92.331493	 92.307096	 92.283209	 92.259825	 92.236938	 92.214543	 92.192631	 92.171199	 92.150238	 92.129743	 92.109708	 92.090127	 92.070992	 92.052298	 92.034038	 92.016206	 91.998797	 91.981802	 91.965217	 91.949034	 91.933248	 91.917853	 91.902842	  91.88821	 91.873949	 91.860055	 91.846521	 91.833341	 91.820509	 91.808019	 91.795867	 91.784045	 91.772548	 91.761371	 91.750508	 91.739954	 91.729703	  91.71975	  91.71009	 91.700717	 91.691627	 91.682815	 91.674275	 91.666003	 91.657994	 91.650243	 91.642746	 91.635499	 91.628497	 91.621736	 91.615212	  91.60892	 91.602857	 91.597019	 91.591403	 91.586004	 91.580818	 91.575844	 91.571076	 91.566513	 91.562151	 91.557987	 91.554018	 91.550242	 91.546655	 91.543256	 91.540041	  91.53701	 91.534158	 91.531485	 91.528989	 91.526667	 91.524518	  91.52254	 91.520733	 91.519094	 91.517622	 91.516317	 91.515177	 91.514201	 91.513389	  91.51274	 91.512254	  91.51193	 91.511768	
        99	  98.90956	 98.819136	 98.728746	 98.638403	 98.548127	 98.457931	 98.367833	 98.277849	 98.187994	 98.098285	 98.008738	 97.919369	 97.830192	 97.741225	 97.652482	 97.563979	  97.47573	 97.387752	  97.30006	 97.212667	 97.125589	  97.03884	 96.952435	 96.866387	 96.780712	 96.695421	  96.61053	 96.526051	 96.441998	 96.358384	  96.27522	 96.192521	 96.110297	 96.028562	 95.947326	 95.866602	   95.7864	 95.706731	 95.627607	 95.549038	 95.471033	 95.393604	 95.316758	 95.240507	 95.164858	 95.089821	 95.015404	 94.941616	 94.868463	 94.795955	 94.724097	 94.652898	 94.582364	   94.5125	 94.443314	 94.374811	 94.306997	 94.239877	 94.173455	 94.107737	 94.042726	 93.978427	 93.914843	 93.851978	 93.789834	 93.728416	 93.667724	 93.607762	 93.548531	 93.490033	 93.432269	 93.375241	 93.318949	 93.263394	 93.208575	 93.154494	  93.10115	 93.048542	  92.99667	 92.945532	 92.895128	 92.845455	 92.796512	 92.748297	 92.700809	 92.654043	 92.607999	 92.562672	  92.51806	 92.474159	 92.430967	 92.388479	 92.346692	 92.305601	 92.265202	 92.225492	 92.186464	 92.148116	 92.110441	 92.073434	 92.037092	 92.001407	 91.966375	 91.931991	 91.898247	  91.86514	 91.832662	 91.800809	 91.769572	 91.738947	 91.708928	 91.679506	 91.650677	 91.622434	  91.59477	 91.567678	 91.541152	 91.515184	 91.489769	 91.464899	 91.440567	 91.416766	  91.39349	 91.370731	 91.348483	 91.326738	 91.305489	  91.28473	 91.264453	 91.244651	 91.225318	 91.206446	 91.188028	 91.170058	 91.152528	 91.135432	 91.118763	 91.102514	 91.086678	 91.071248	 91.056219	 91.041583	 91.027333	 91.013464	 90.999969	 90.986841	 90.974074	 90.961662	 90.949599	 90.937879	 90.926495	 90.915443	 90.904716	 90.894307	 90.884213	 90.874427	 90.864943	 90.855757	 90.846864	 90.838257	 90.829932	 90.821884	 90.814109	 90.806601	 90.799355	 90.792369	 90.785636	 90.779153	 90.772916	  90.76692	 90.761162	 90.755638	 90.750344	 90.745277	 90.740433	 90.735809	 90.731401	 90.727208	 90.723225	  90.71945	  90.71588	 90.712514	 90.709347	 90.706379	 90.703607	 90.701028	 90.698642	 90.696446	 90.694439	 90.692618	 90.690984	 90.689535	 90.688269	 90.687185	 90.686284	 90.685563	 90.685023	 90.684664	 90.684484	
        99	 98.900579	 98.801175	 98.701808	 98.602494	 98.503252	 98.404099	 98.305054	 98.206134	 98.107356	 98.008738	 97.910299	 97.812054	 97.714022	 97.616219	 97.518663	 97.421371	 97.324359	 97.227644	 97.131243	 97.035171	 96.939446	 96.844082	 96.749096	 96.654503	 96.560319	 96.466559	 96.373238	  96.28037	 96.187969	 96.096051	 96.004629	 95.913717	 95.823328	 95.733476	 95.644173	 95.555432	 95.467265	 95.379685	 95.292703	 95.206331	  95.12058	 95.035461	 94.950985	 94.867161	    94.784	 94.701511	 94.619704	 94.538588	 94.458171	 94.378461	 94.299468	 94.221198	 94.143659	 94.066858	 93.990801	 93.915495	 93.840947	 93.767161	 93.694143	 93.621898	 93.550431	 93.479747	 93.409848	  93.34074	 93.272425	 93.204907	 93.138189	 93.072272	 93.007159	 92.942851	 92.879351	  92.81666	 92.754777	 92.693705	 92.633443	 92.573991	  92.51535	 92.457517	 92.400494	 92.344278	 92.288868	 92.234262	 92.180459	 92.127456	 92.075251	 92.023842	 91.973224	 91.923396	 91.874354	 91.826094	 91.778612	 91.731905	 91.685968	 91.640797	 91.596386	 91.552732	 91.509829	 91.467672	 91.426255	 91.385574	 91.345622	 91.306394	 91.267883	 91.230084	  91.19299	 91.156594	 91.120892	 91.085874	 91.051536	  91.01787	 90.984869	 90.952526	 90.920834	 90.889786	 90.859374	 90.829592	 90.800432	 90.771886	 90.743946	 90.716606	 90.689858	 90.663694	 90.638106	 90.613087	 90.588629	 90.564725	 90.541366	 90.518545	 90.496254	 90.474486	 90.453233	 90.432487	  90.41224	 90.392485	 90.373215	 90.354421	 90.336096	 90.318233	 90.300825	 90.283863	 90.267341	 90.251252	 90.235587	  90.22034	 90.205505	 90.191073	 90.177039	 90.163394	 90.150133	 90.137249	 90.124735	 90.112585	 90.100792	 90.089351	 90.078254	 90.067496	 90.057071	 90.046972	 90.037195	 90.027734	 90.018582	 90.009735	 90.001188	 89.992934	 89.984969	 89.977289	 89.969888	 89.962761	 89.955904	 89.949313	 89.942983	  89.93691	 89.931091	  89.92552	 89.920195	 89.915112	 89.910267	 89.905657	 89.901278	 89.897129	 89.893205	 89.889503	 89.886023	  89.88276	 89.879712	 89.876877	 89.874254	  89.87184	 89.869633	 89.867633	 89.865836	 89.864243	 89.862851	  89.86166	 89.860669	 89.859877	 89.859283	 89.858888	  89.85869	
        99	 98.891615	  98.78325	 98.674924	 98.566656	 98.458467	 98.350375	   98.2424	 98.134561	 98.026877	 97.919369	 97.812054	 97.704952	 97.598081	 97.491461	  97.38511	 97.279046	 97.173288	 97.067853	  96.96276	 96.858027	 96.753671	  96.64971	  96.54616	  96.44304	 96.340364	 96.238151	 96.136416	 96.035175	 95.934444	 95.834239	 95.734574	 95.635466	 95.536928	 95.438974	  95.34162	 95.244878	 95.148763	 95.053287	 94.958463	 94.864304	 94.770822	 94.678029	 94.585936	 94.494555	 94.403896	  94.31397	 94.224788	 94.136358	 94.048691	 93.961795	  93.87568	 93.790354	 93.705824	 93.622098	 93.539185	 93.457089	  93.37582	 93.295381	  93.21578	 93.137022	 93.059112	 92.982055	 92.905855	 92.830516	 92.756042	 92.682437	 92.609703	 92.537843	  92.46686	 92.396754	 92.327529	 92.259186	 92.191724	 92.125146	 92.059451	 91.994639	  91.93071	 91.867664	 91.805499	 91.744215	 91.683809	 91.624281	 91.565627	 91.507845	 91.450934	 91.394889	 91.339709	 91.285388	 91.231924	 91.179313	 91.127551	 91.076633	 91.026554	  90.97731	 90.928895	 90.881305	 90.834534	 90.788577	 90.743426	 90.699077	 90.655523	 90.612758	 90.570775	 90.529568	  90.48913	 90.449453	 90.410532	 90.372357	 90.334923	 90.298222	 90.262245	 90.226987	 90.192437	  90.15859	 90.125437	 90.092969	  90.06118	  90.03006	 89.999602	 89.969797	 89.940637	 89.912114	  89.88422	 89.856945	 89.830282	 89.804222	 89.778758	 89.753879	 89.729579	 89.705848	 89.682679	 89.660062	  89.63799	 89.616454	 89.595446	 89.574958	 89.554981	 89.535508	  89.51653	 89.498039	 89.480027	 89.462487	  89.44541	 89.428789	 89.412616	 89.396883	 89.381583	 89.366709	 89.352252	 89.338207	 89.324565	 89.311319	 89.298463	  89.28599	 89.273892	 89.262165	 89.250799	 89.239791	 89.229132	 89.218818	 89.208841	 89.199196	 89.189878	  89.18088	 89.172198	 89.163825	 89.155756	 89.147987	 89.140512	 89.133327	 89.126426	 89.119806	 89.113461	 89.107389	 89.101583	 89.096042	  89.09076	 89.085734	 89.080961	 89.076437	 89.072159	 89.068125	  89.06433	 89.060773	  89.05745	  89.05436	 89.051501	 89.048869	 89.046463	 89.044282	 89.042324	 89.040586	 89.039069	 89.037771	  89.03669	 89.035827	  89.03518	 89.034749	 89.034533	
        99	 98.882671	 98.765363	 98.648098	 98.530895	 98.413778	 98.296766	  98.17988	 98.063143	 97.946573	 97.830192	 97.714022	 97.598081	 97.482392	 97.366973	 97.251845	 97.137028	 97.022543	 96.908408	 96.794642	 96.681266	 96.568299	 96.455758	 96.343664	 96.232033	 96.120884	 96.010236	 95.900106	  95.79051	 95.681467	 95.572992	 95.465103	 95.357816	 95.251146	  95.14511	 95.039721	 94.934996	 94.830949	 94.727594	 94.624945	 94.523016	  94.42182	 94.321369	 94.221676	 94.122754	 94.024614	 93.927268	 93.830726	 93.734999	 93.640097	  93.54603	 93.452809	 93.360441	 93.268935	 93.178301	 93.088545	 92.999675	 92.911698	 92.824622	 92.738452	 92.653195	 92.568856	 92.485439	 92.402951	 92.321395	 92.240776	 92.161096	  92.08236	  92.00457	 91.927729	 91.851838	 91.776901	 91.702917	 91.629889	 91.557816	   91.4867	  91.41654	 91.347335	 91.279086	 91.211792	  91.14545	 91.080059	 91.015618	 90.952124	 90.889574	 90.827966	 90.767297	 90.707563	 90.648759	 90.590884	 90.533931	 90.477897	 90.422777	 90.368566	 90.315258	 90.262848	 90.211331	   90.1607	  90.11095	 90.062073	 90.014065	 89.966917	 89.920622	 89.875175	 89.830567	 89.786792	 89.743841	 89.701708	 89.660383	  89.61986	  89.58013	 89.541184	 89.503016	 89.465616	 89.428975	 89.393086	 89.357939	 89.323527	 89.289839	 89.256867	 89.224603	 89.193037	  89.16216	 89.131963	 89.102438	 89.073574	 89.045364	 89.017798	 88.990867	 88.964561	 88.938872	  88.91379	 88.889307	 88.865414	 88.842101	 88.819359	  88.79718	 88.775555	 88.754475	 88.733931	 88.713914	 88.694416	 88.675428	 88.656942	 88.638949	 88.621442	 88.604411	 88.587848	 88.571746	 88.556097	 88.540892	 88.526124	 88.511785	 88.497868	 88.484366	  88.47127	 88.458575	 88.446272	 88.434354	 88.422816	 88.411651	 88.400851	  88.39041	 88.380323	 88.370583	 88.361183	 88.352119	 88.343385	 88.334975	 88.326883	 88.319105	 88.311635	 88.304468	   88.2976	 88.291026	 88.284742	 88.278743	 88.273025	 88.267585	 88.262418	 88.257521	  88.25289	 88.248522	 88.244414	 88.240563	 88.236967	 88.233622	 88.230526	 88.227677	 88.225073	 88.222712	 88.220592	 88.218711	 88.217069	 88.215663	 88.214494	 88.213559	 88.212858	 88.212392	 88.212159	
        99	 98.873748	 98.747518	 98.621334	 98.495219	 98.369194	 98.243283	 98.117508	 97.991892	 97.866457	 97.741225	 97.616219	 97.491461	 97.366973	 97.242776	 97.118892	 96.995344	 96.872151	 96.749336	 96.626918	  96.50492	 96.383361	 96.262261	 96.141641	 96.021521	 95.901919	 95.782855	 95.664349	 95.546419	 95.429082	 95.312358	 95.196264	 95.080817	 94.966034	 94.851933	  94.73853	  94.62584	  94.51388	 94.402665	 94.292209	 94.182528	 94.073635	 93.965545	  93.85827	 93.751825	 93.646221	 93.541471	 93.437586	 93.334579	  93.23246	 93.131239	 93.030928	 92.931535	  92.83307	 92.735542	  92.63896	 92.543332	 92.448664	 92.354966	 92.262242	 92.170501	 92.079747	 91.989987	 91.901225	 91.813467	 91.726716	 91.640976	 91.556252	 91.472546	 91.389861	 91.308199	 91.227562	 91.147952	 91.069369	 90.991815	  90.91529	 90.839794	 90.765327	 90.691887	 90.619474	 90.548087	 90.477723	 90.408381	 90.340058	 90.272752	 90.206458	 90.141175	 90.076897	 90.013622	 89.951345	 89.890061	 89.829765	 89.770453	 89.712118	 89.654756	 89.598361	 89.542926	 89.488444	  89.43491	 89.382317	 89.330657	 89.279923	 89.230108	 89.181204	 89.133204	 89.086099	 89.039882	 88.994544	 88.950076	 88.906471	  88.86372	 88.821812	 88.780741	 88.740497	 88.701069	 88.662451	 88.624631	 88.587601	 88.551351	 88.515872	 88.481154	 88.447187	 88.413962	 88.381469	 88.349698	 88.318639	 88.288284	 88.258621	 88.229641	 88.201335	 88.173692	 88.146703	 88.120358	 88.094647	 88.069561	  88.04509	 88.021225	 87.997955	 87.975271	 87.953165	 87.931625	 87.910645	 87.890213	 87.870321	  87.85096	  87.83212	 87.813794	 87.795972	 87.778645	 87.761806	 87.745444	 87.729553	 87.714124	 87.699149	  87.68462	 87.670528	 87.656867	 87.643628	 87.630805	 87.618389	 87.606374	 87.594753	 87.583518	 87.572664	 87.562183	 87.552069	 87.542315	 87.532917	 87.523867	 87.515159	  87.50679	 87.498751	  87.49104	  87.48365	 87.476576	 87.469814	 87.463358	 87.457206	 87.451352	 87.445792	 87.440522	 87.435539	 87.430839	 87.426419	 87.422275	 87.418405	 87.414806	 87.411474	 87.408409	 87.405607	 87.403066	 87.400785	 87.398761	 87.396994	 87.395481	 87.394223	 87.393217	 87.392463	 87.391961	  87.39171	
        99	 98.864847	 98.729718	 98.594639	 98.459632	 98.324722	 98.189935	 98.055293	  97.92082	 97.786542	 97.652482	 97.518663	  97.38511	 97.251845	 97.118892	 96.986275	 96.854016	 96.722139	 96.590665	 96.459617	 96.329018	 96.198889	 96.069252	 95.940128	 95.811539	 95.683506	 95.556048	 95.429187	 95.302943	 95.177334	 95.052381	 94.928102	 94.804516	 94.681642	 94.559497	 94.438098	 94.317464	 94.197611	 94.078555	 93.960312	 93.842898	 93.726328	 93.610618	 93.495781	 93.381831	 93.268782	 93.156647	 93.045439	 92.935169	 92.825851	 92.717494	 92.610111	 92.503711	 92.398304	 92.293901	  92.19051	  92.08814	 91.986798	 91.886494	 91.787234	 91.689024	 91.591873	 91.495784	 91.400765	 91.306819	 91.213953	 91.122169	 91.031471	 90.941864	 90.853349	  90.76593	 90.679608	 90.594386	 90.510263	 90.427242	 90.345322	 90.264503	 90.184786	 90.106169	 90.028651	 89.952231	 89.876907	 89.802676	 89.729536	 89.657484	 89.586517	 89.516631	 89.447822	 89.380086	 89.313418	 89.247814	 89.183268	 89.119774	 89.057327	 88.995921	  88.93555	 88.876206	 88.817884	 88.760576	 88.704274	 88.648972	 88.594662	 88.541335	 88.488983	 88.437599	 88.387174	 88.337698	 88.289164	 88.241561	 88.194882	 88.149116	 88.104255	 88.060288	 88.017206	    87.975	 87.933658	 87.893172	 87.853532	 87.814726	 87.776746	  87.73958	 87.703218	 87.667651	 87.632867	 87.598856	 87.565608	 87.533112	 87.501359	 87.470336	 87.440034	 87.410442	 87.381551	 87.353348	 87.325825	  87.29897	 87.272774	 87.247226	 87.222316	 87.198033	 87.174368	  87.15131	  87.12885	 87.106978	 87.085683	 87.064957	  87.04479	 87.025172	 87.006093	 86.987545	 86.969518	 86.952003	 86.934992	 86.918475	 86.902444	  86.88689	 86.871805	 86.857181	 86.843009	 86.829281	 86.815991	 86.803129	 86.790688	 86.778661	 86.767042	 86.755822	 86.744995	 86.734554	 86.724492	 86.714804	 86.705483	 86.696523	 86.687919	 86.679663	 86.671752	  86.66418	 86.656941	  86.65003	 86.643444	 86.637177	 86.631225	 86.625584	  86.62025	 86.615218	 86.610487	 86.606051	 86.601908	 86.598055	 86.594489	 86.591207	 86.588207	 86.585487	 86.583045	 86.580879	 86.578987	 86.577368	 86.576021	 86.574944	 86.574137	   86.5736	 86.573331	
        99	  98.85597	 98.711967	 98.568015	 98.424141	 98.280371	  98.13673	 97.993245	 97.849941	 97.706844	 97.563979	 97.421371	 97.279046	 97.137028	 96.995344	 96.854016	 96.713071	 96.572532	 96.432423	 96.292768	 96.153591	 96.014915	 95.876764	  95.73916	 95.602125	 95.465682	 95.329854	 95.194661	 95.060125	 94.926266	 94.793106	 94.660665	 94.528962	 94.398017	  94.26785	 94.138478	 94.009921	 93.882196	  93.75532	 93.629311	 93.504186	  93.37996	  93.25665	  93.13427	 93.012837	 92.892363	 92.772863	 92.654351	 92.536839	 92.420341	 92.304867	 92.190431	 92.077043	 91.964713	 91.853453	 91.743271	 91.634177	  91.52618	 91.419288	 91.313508	 91.208849	 91.105316	 91.002917	 90.901657	 90.801541	 90.702575	 90.604763	 90.508108	 90.412616	 90.318288	 90.225127	 90.133136	 90.042316	 89.952668	 89.864194	 89.776894	 89.690767	 89.605814	 89.522033	 89.439424	 89.357985	 89.277714	 89.198608	 89.120664	  89.04388	 88.968252	 88.893776	 88.820448	 88.748263	 88.677216	 88.607303	 88.538517	 88.470853	 88.404305	 88.338866	 88.274529	 88.211288	 88.149135	 88.088063	 88.028064	  87.96913	 87.911252	 87.854423	 87.798633	 87.743874	 87.690137	 87.637412	  87.58569	 87.534961	 87.485216	 87.436444	 87.388636	 87.341782	  87.29587	 87.250892	 87.206835	  87.16369	 87.121446	 87.080092	 87.039616	  87.00001	  86.96126	 86.923356	 86.886288	 86.850044	 86.814612	 86.779982	 86.746142	 86.713082	  86.68079	 86.649255	 86.618466	 86.588411	  86.55908	 86.530462	 86.502545	 86.475319	 86.448772	 86.422895	 86.397675	 86.373103	 86.349168	 86.325859	 86.303166	 86.281079	 86.259587	  86.23868	 86.218348	 86.198582	 86.179371	 86.160706	 86.142578	 86.124976	 86.107892	 86.091317	 86.075241	 86.059656	 86.044553	 86.029924	  86.01576	 86.002054	 85.988796	 85.975979	 85.963597	  85.95164	 85.940101	 85.928975	 85.918253	 85.907928	 85.897995	 85.888447	 85.879277	 85.870479	 85.862049	 85.853979	 85.846264	   85.8389	 85.831881	 85.825203	  85.81886	 85.812848	 85.807163	 85.801802	 85.796759	 85.792032	 85.787617	 85.783511	  85.77971	 85.776213	 85.773017	 85.770118	 85.767515	 85.765207	 85.763191	 85.761465	 85.760029	 85.758882	 85.758022	 85.757449	 85.757163	
        99	 98.847119	 98.694266	 98.541468	 98.388753	 98.236147	  98.08368	 97.931377	 97.779266	 97.627375	  97.47573	 97.324359	 97.173288	 97.022543	 96.872151	 96.722139	 96.572532	 96.423356	 96.274637	   96.1264	  95.97867	 95.831472	 95.684831	  95.53877	 95.393314	 95.248487	 95.104311	  94.96081	 94.818006	 94.675922	 94.534579	 94.393999	 94.254202	 94.115211	 93.977044	 93.839722	 93.703264	  93.56769	 93.433018	 93.299265	  93.16645	 93.034591	 92.903702	 92.773802	 92.644906	 92.517028	 92.390185	  92.26439	 92.139657	 92.015999	  91.89343	 91.771961	 91.651605	 91.532372	 91.414274	 91.297322	 91.181523	 91.066889	 90.953428	 90.841148	 90.730057	 90.620162	  90.51147	 90.403987	 90.297719	 90.192671	 90.088848	 89.986254	 89.884893	 89.784768	 89.685882	 89.588238	 89.491837	  89.39668	 89.302769	 89.210103	 89.118684	  89.02851	 88.939581	 88.851896	 88.765452	 88.680247	  88.59628	 88.513547	 88.432044	 88.351768	 88.272715	 88.194881	  88.11826	 88.042847	 87.968638	 87.895625	 87.823803	 87.753165	 87.683704	 87.615414	 87.548287	 87.482314	 87.417489	 87.353803	 87.291247	 87.229813	 87.169491	 87.110273	 87.052149	 86.995109	 86.939144	 86.884243	 86.830397	 86.777595	 86.725826	  86.67508	 86.625346	 86.576613	  86.52887	 86.482106	  86.43631	  86.39147	 86.347574	 86.304612	 86.262571	  86.22144	 86.181207	 86.141861	 86.103389	  86.06578	 86.029022	 85.993103	 85.958011	 85.923734	 85.890261	  85.85758	 85.825678	 85.794545	 85.764168	 85.734535	 85.705636	 85.677458	  85.64999	 85.623221	 85.597139	 85.571733	 85.546992	 85.522904	  85.49946	 85.476647	 85.454455	 85.432874	 85.411893	 85.391502	  85.37169	 85.352447	 85.333764	  85.31563	 85.298036	 85.280972	  85.26443	 85.248399	 85.232871	 85.217836	 85.203287	 85.189215	 85.175611	 85.162467	 85.149775	 85.137528	 85.125718	 85.114337	 85.103378	 85.092834	 85.082699	 85.072965	 85.063627	 85.054678	 85.046113	 85.037924	 85.030108	 85.022657	 85.015568	 85.008836	 85.002455	 84.996421	 84.990729	 84.985377	 84.980359	 84.975673	 84.971314	  84.96728	 84.963568	 84.960175	 84.957098	 84.954336	 84.951885	 84.949745	 84.947914	  84.94639	 84.945172	 84.944259	 84.943651	 84.943348	
