Time step 99:
        99	        99	        99	        99	        99	        99	        99	        99	        99	        99	        99	        99	        99	        99	        99	        99	        99	        99	        99	        99	        99	        99	        99	        99	        99	        99	        99	        99	        99	        99	        99	        99	        99	        99	        99	        99	        99	        99	        99	        99	        99	        99	        99	        99	        99	        99	        99	        99	        99	        99	        99	        99	        99	        99	        99	        99	        99	        99	        99	        99	        99	        99	        99	        99	        99	        99	        99	        99	        99	        99	        99	        99	        99	        99	        99	        99	        99	        99	        99	        99	        99	        99	        99	        99	        99	        99	        99	        99	        99	        99	        99	        99	        99	        99	        99	        99	        99	        99	        99	        99	        99	        99	        99	        99	        99	        99	        99	        99	        99	        99	        99	        99	        99	        99	        99	        99	        99	        99	        99	        99	        99	        99	        99	        99	        99	        99	        99	        99	        99	        99	        99	        99	        99	        99	        99	        99	        99	        99	        99	        99	        99	        99	        99	        99	        99	        99	        99	        99	        99	        99	        99	        99	        99	        99	        99	        99	        99	        99	        99	        99	        99	        99	        99	        99	        99	        99	        99	        99	        99	        99	        99	        99	        99	        99	        99	        99	        99	        99	        99	        99	        99	        99	        99	        99	        99	        99	        99	        99	        99	        99	        99	        99	        99	        99	        99	        99	        99	        99	        99	        99	
        99	 98.993587	 98.987175	 98.980765	 98.974357	 98.967952	 98.961551	 98.955156	 98.948766	 98.942382	 98.936006	 98.929638	 98.923279	  98.91693	 98.910591	 98.904264	 98.897948	 98.891646	 98.885357	 98.879083	 98.872824	 98.866581	 98.860354	 98.854145	 98.847955	 98.841783	 98.835631	 98.829499	 98.823389	   98.8173	 98.811234	 98.805191	 98.799172	 98.793177	 98.787208	 98.781265	 98.775348	 98.769459	 98.763597	 98.757763	 98.751959	 98.746184	  98.74044	 98.734726	 98.729044	 98.723393	 98.717775	  98.71219	 98.706638	 98.701121	 98.695638	  98.69019	 98.684777	   98.6794	  98.67406	 98.668756	  98.66349	 98.658262	 98.653071	 98.647919	 98.642806	 98.637732	 98.632697	 98.627703	 98.622748	 98.617834	 98.612961	 98.608129	 98.603339	  98.59859	 98.593883	 98.589218	 98.584596	 98.580016	 98.575479	 98.570985	 98.566534	 98.562127	 98.557763	 98.553442	 98.549166	 98.544933	 98.540745	   98.5366	   98.5325	 98.528444	 98.524432	 98.520465	 98.516542	 98.512664	  98.50883	 98.505041	 98.501296	 98.497595	 98.493939	 98.490328	  98.48676	 98.483238	 98.479759	 98.476325	 98.472935	 98.469588	 98.466286	 98.463028	 98.459813	 98.456642	 98.453515	  98.45043	  98.44739	 98.444392	 98.441437	 98.438524	 98.435655	 98.432828	 98.430042	 98.427299	 98.424598	 98.421939	 98.419321	 98.416744	 98.414208	 98.411712	 98.409258	 98.406844	 98.404469	 98.402135	  98.39984	 98.397585	 98.395369	 98.393191	 98.391053	 98.388952	  98.38689	 98.384866	 98.382879	  98.38093	 98.379017	 98.377142	 98.375303	   98.3735	 98.371734	 98.370003	 98.368307	 98.366647	 98.365022	 98.363431	 98.361875	 98.360353	 98.358865	 98.357411	  98.35599	 98.354602	 98.353247	 98.351924	 98.350634	 98.349376	  98.34815	 98.346956	 98.345793	 98.344661	  98.34356	  98.34249	  98.34145	  98.34044	 98.339461	 98.338511	 98.337591	 98.336701	 98.335839	 98.335007	 98.334203	 98.333428	 98.332682	 98.331963	 98.331273	 98.330611	 98.329977	  98.32937	  98.32879	 98.328238	 98.327714	 98.327216	 98.326745	 98.326301	 98.325884	 98.325493	 98.325129	 98.324791	  98.32448	 98.324195	 98.323935	 98.323703	 98.323496	 98.323315	  98.32316	 98.323031	 98.322927	  98.32285	 98.322798	 98.322773	
        99	 98.987175	 98.974352	 98.961532	 98.948717	 98.935908	 98.923108	 98.910317	 98.897538	 98.884772	  98.87202	 98.859285	 98.846568	  98.83387	 98.821193	 98.808539	  98.79591	 98.783305	 98.770729	 98.758181	 98.745664	 98.733178	 98.720726	 98.708309	 98.695929	 98.683586	 98.671283	  98.65902	   98.6468	 98.634623	 98.622492	 98.610407	 98.598369	 98.586381	 98.574444	 98.562558	 98.550725	 98.538946	 98.527224	 98.515558	  98.50395	 98.492401	 98.480912	 98.469486	 98.458122	 98.446821	 98.435586	 98.424417	 98.413314	  98.40228	 98.391314	 98.380419	 98.369594	 98.358842	 98.348162	 98.337555	 98.327023	 98.316567	 98.306187	 98.295883	 98.285657	  98.27551	 98.265441	 98.255453	 98.245544	 98.235717	 98.225972	 98.216309	 98.206728	 98.197231	 98.187818	 98.178489	 98.169244	 98.160085	 98.151012	 98.142025	 98.133124	 98.124309	 98.115582	 98.106942	  98.09839	 98.089925	 98.081548	  98.07326	  98.06506	 98.056948	 98.048925	 98.040991	 98.033146	  98.02539	 98.017723	 98.010144	 98.002655	 97.995254	 97.987943	  97.98072	 97.973586	 97.966541	 97.959585	 97.952716	 97.945936	 97.939244	  97.93264	 97.926124	 97.919695	 97.913354	 97.907099	 97.900931	  97.89485	 97.888854	 97.882945	 97.877121	 97.871382	 97.865727	 97.860158	 97.854672	  97.84927	 97.843951	 97.838715	 97.833562	  97.82849	   97.8235	 97.818591	 97.813763	 97.809015	 97.804347	 97.799757	 97.795247	 97.790815	  97.78646	 97.782183	 97.777983	 97.773859	  97.76981	 97.765837	 97.761939	 97.758114	 97.754363	 97.750686	  97.74708	 97.743547	 97.740086	 97.736695	 97.733375	 97.730125	 97.726944	 97.723832	 97.720788	 97.717812	 97.714903	 97.712061	 97.709286	 97.706576	 97.703931	 97.701351	 97.698835	 97.696384	 97.693995	 97.691669	 97.689405	 97.687204	 97.685063	 97.682984	 97.680965	 97.679006	 97.677107	 97.675267	 97.673486	 97.671763	 97.670098	 97.668491	 97.666942	 97.665449	 97.664012	 97.662632	 97.661308	 97.660039	 97.658825	 97.657667	 97.656563	 97.655513	 97.654518	 97.653576	 97.652688	 97.651854	 97.651072	 97.650344	 97.649669	 97.649046	 97.648475	 97.647957	 97.647491	 97.647078	 97.646716	 97.646406	 97.646148	 97.645941	 97.645786	 97.645683	 97.645632	
        99	 98.980765	 98.961532	 98.942304	 98.923083	 98.903872	 98.884674	  98.86549	 98.846323	 98.827176	 98.808051	  98.78895	 98.769876	 98.750832	 98.731819	  98.71284	 98.693897	 98.674993	  98.65613	  98.63731	 98.618536	  98.59981	 98.581134	  98.56251	 98.543941	 98.525429	 98.506976	 98.488585	 98.470256	 98.451993	 98.433798	 98.415672	 98.397618	 98.379638	 98.361733	 98.343906	 98.326159	 98.308493	 98.290911	 98.273414	 98.256004	 98.238682	 98.221452	 98.204313	 98.187269	  98.17032	 98.153469	 98.136717	 98.120065	 98.103515	 98.087068	 98.070727	 98.054492	 98.038365	 98.022346	 98.006439	 97.990643	  97.97496	 97.959391	 97.943937	   97.9286	  97.91338	 97.898279	 97.883298	 97.868437	 97.853698	 97.839081	 97.824588	 97.810219	 97.795975	 97.781856	 97.767864	 97.753999	 97.740262	 97.726654	 97.713174	 97.699824	 97.686604	 97.673514	 97.660556	 97.647728	 97.635033	 97.622469	 97.610038	 97.597739	 97.585573	  97.57354	  97.56164	 97.549874	 97.538241	 97.526741	 97.515374	 97.504142	 97.493042	 97.482076	 97.471243	 97.460544	 97.449977	 97.439543	 97.429242	 97.419073	 97.409036	 97.399131	 97.389358	 97.379715	 97.370204	 97.360823	 97.351572	 97.342451	 97.333459	 97.324595	  97.31586	 97.307253	 97.298772	 97.290419	 97.282191	 97.274089	 97.266111	 97.258258	 97.250529	 97.242922	 97.235438	 97.228075	 97.220834	 97.213712	 97.206711	 97.199828	 97.193063	 97.186415	 97.179884	 97.173469	 97.167169	 97.160984	 97.154912	 97.148953	 97.143105	 97.137369	 97.131744	 97.126228	 97.120821	 97.115522	  97.11033	 97.105244	 97.100264	  97.09539	 97.090619	 97.085951	 97.081386	 97.076922	  97.07256	 97.068298	 97.064135	  97.06007	 97.056104	 97.052234	 97.048461	 97.044783	 97.041201	 97.037712	 97.034317	 97.031015	 97.027805	 97.024686	 97.021658	  97.01872	 97.015872	 97.013112	 97.010441	 97.007857	  97.00536	  97.00295	 97.000625	 96.998386	 96.996231	 96.994161	 96.992175	 96.990272	 96.988452	 96.986714	 96.985058	 96.983484	 96.981991	 96.980579	 96.979247	 96.977996	 96.976824	 96.975732	 96.974718	 96.973784	 96.972929	 96.972152	 96.971453	 96.970832	  96.97029	 96.969825	 96.969438	 96.969128	 96.968896	 96.968741	 96.968664	
        99	 98.974357	 98.948717	 98.923083	 98.897459	 98.871849	 98.846255	  98.82068	 98.795128	 98.769602	 98.744106	 98.718642	 98.693214	 98.667825	 98.642478	 98.617177	 98.591923	 98.566722	 98.541575	 98.516486	 98.491457	 98.466493	 98.441595	 98.416767	 98.392013	 98.367334	 98.342733	 98.318215	  98.29378	 98.269433	 98.245177	 98.221013	 98.196944	 98.172974	 98.149105	 98.125339	 98.101679	 98.078128	 98.054689	 98.031363	 98.008153	 97.985061	  97.96209	 97.939242	  97.91652	 97.893925	  97.87146	 97.849127	 97.826928	 97.804865	 97.782939	 97.761154	  97.73951	 97.718011	 97.696656	 97.675449	 97.654391	 97.633483	 97.612727	 97.592126	 97.571679	 97.551389	 97.531258	 97.511286	 97.491474	 97.471825	 97.452339	 97.433017	 97.413861	 97.394872	  97.37605	 97.357397	 97.338913	   97.3206	 97.302458	 97.284488	  97.26669	 97.249066	 97.231616	  97.21434	  97.19724	 97.180315	 97.163566	 97.146993	 97.130597	 97.114378	 97.098337	 97.082473	 97.066786	 97.051278	 97.035947	 97.020794	 97.005819	 96.991022	 96.976403	 96.961961	 96.947697	  96.93361	 96.919701	 96.905968	 96.892411	 96.879031	 96.865826	 96.852797	 96.839943	 96.827263	 96.814757	 96.802424	 96.790264	 96.778276	  96.76646	 96.754815	  96.74334	 96.732034	 96.720898	 96.709929	 96.699128	 96.688493	 96.678024	 96.667719	 96.657579	 96.647601	 96.637786	 96.628132	 96.618638	 96.609304	 96.600128	 96.591109	 96.582247	 96.573541	 96.564989	  96.55659	 96.548344	 96.540249	 96.532305	 96.524509	 96.516863	 96.509363	 96.502009	 96.494801	 96.487736	 96.480815	 96.474035	 96.467397	 96.460898	 96.454537	 96.448315	 96.442229	 96.436279	 96.430463	  96.42478	 96.419231	 96.413812	 96.408524	 96.403366	 96.398336	 96.393433	 96.388657	 96.384006	  96.37948	 96.375078	 96.370798	 96.366641	 96.362604	 96.358687	  96.35489	 96.351211	  96.34765	 96.344205	 96.340876	 96.337663	 96.334564	 96.331579	 96.328707	 96.325947	 96.323299	 96.320762	 96.318336	 96.316019	 96.313812	 96.311713	 96.309723	  96.30784	 96.306065	 96.304396	 96.302834	 96.301378	 96.300027	 96.298782	 96.297641	 96.296605	 96.295674	 96.294846	 96.294123	 96.293503	 96.292987	 96.292574	 96.292265	 96.292058	 96.291955	
        99	 98.967952	 98.935908	 98.903872	 98.871849	 98.839842	 98.807855	 98.775893	 98.743959	 98.712058	 98.680194	  98.64837	 98.616591	 98.584861	 98.553183	 98.521562	 98.490002	 98.458506	 98.427078	 98.395723	 98.364443	 98.333244	 98.302128	 98.271099	 98.240161	 98.209318	 98.178574	 98.147931	 98.117395	 98.086967	 98.056651	 98.026452	 97.996372	 97.966415	 97.936585	 97.906883	 97.877314	 97.847881	 97.818587	 97.789435	 97.760428	 97.731569	 97.702861	 97.674307	 97.645909	 97.617671	 97.589595	 97.561684	 97.533941	 97.506367	 97.478966	 97.451739	  97.42469	  97.39782	 97.371132	 97.344628	 97.318311	 97.292181	 97.266242	 97.240494	 97.214941	 97.189584	 97.164424	 97.139463	 97.114704	 97.090147	 97.065794	 97.041647	 97.017706	 96.993974	 96.970451	 96.947139	 96.924039	 96.901152	 96.878479	  96.85602	 96.833778	 96.811752	 96.789943	 96.768353	 96.746981	 96.725829	 96.704897	 96.684185	 96.663694	 96.643424	 96.623376	  96.60355	 96.583946	 96.564564	 96.545404	 96.526467	 96.507752	 96.489259	 96.470988	  96.45294	 96.435113	 96.417508	 96.400124	 96.382961	 96.366019	 96.349296	 96.332794	  96.31651	 96.300445	 96.284598	 96.268969	 96.253556	 96.238359	 96.223377	  96.20861	 96.194056	 96.179715	 96.165586	 96.151668	  96.13796	 96.124461	 96.111169	 96.098085	 96.085207	 96.072534	 96.060065	 96.047798	 96.035733	 96.023868	 96.012202	 96.000734	 95.989463	 95.978388	 95.967507	 95.956819	 95.946323	 95.936017	   95.9259	 95.915972	 95.906229	 95.896673	   95.8873	  95.87811	 95.869101	 95.860272	 95.851622	 95.843149	 95.834852	  95.82673	 95.818781	 95.811005	 95.803399	 95.795962	 95.788694	 95.781592	 95.774656	 95.767884	 95.761276	 95.754829	 95.748542	 95.742415	 95.736446	 95.730634	 95.724978	 95.719476	 95.714128	 95.708931	 95.703887	 95.698992	 95.694246	 95.689648	 95.685197	 95.680892	 95.676732	 95.672716	 95.668843	 95.665112	 95.661523	 95.658074	 95.654765	 95.651594	 95.648561	 95.645666	 95.642908	 95.640285	 95.637797	 95.635445	 95.633226	  95.63114	 95.629188	 95.627368	  95.62568	 95.624124	 95.622698	 95.621404	  95.62024	 95.619206	 95.618301	 95.617527	 95.616882	 95.616366	 95.615979	 95.615721	 95.615592	
        99	 98.961551	 98.923108	 98.884674	 98.846255	 98.807855	  98.76948	 98.731134	 98.692823	 98.654551	 98.616322	 98.578143	 98.540017	  98.50195	 98.463946	 98.426009	 98.388145	 98.350359	 98.312655	 98.275037	  98.23751	  98.20008	 98.162749	 98.125523	 98.088407	 98.051404	 98.014519	 97.977757	 97.941121	 97.904616	 97.868247	 97.832016	 97.795929	 97.759989	   97.7242	 97.688567	 97.653093	 97.617781	 97.582636	 97.547662	 97.512862	 97.478239	 97.443798	 97.409541	 97.375472	 97.341594	 97.307911	 97.274425	 97.241141	  97.20806	 97.175186	 97.142522	  97.11007	 97.077834	 97.045816	 97.014019	 96.982445	 96.951097	 96.919977	 96.889087	 96.858431	 96.828009	 96.797824	 96.767879	 96.738174	 96.708713	 96.679496	 96.650526	 96.621804	 96.593332	 96.565112	 96.537144	  96.50943	 96.481972	  96.45477	 96.427826	 96.401141	 96.374716	 96.348552	  96.32265	  96.29701	 96.271633	 96.246521	 96.221672	 96.197089	 96.172771	 96.148719	 96.124933	 96.101413	  96.07816	 96.055174	 96.032455	 96.010002	 95.987816	 95.965896	 95.944243	 95.922856	 95.901735	 95.880879	 95.860288	 95.839962	   95.8199	 95.800102	 95.780566	 95.761293	 95.742281	  95.72353	 95.705038	 95.686806	 95.668832	 95.651116	 95.633655	  95.61645	 95.599499	 95.582801	 95.566355	  95.55016	 95.534215	 95.518518	 95.503067	 95.487863	 95.472903	 95.458187	 95.443712	 95.429477	 95.415482	 95.401724	 95.388202	 95.374914	  95.36186	 95.349037	 95.336445	 95.324081	 95.311944	 95.300032	 95.288344	 95.276879	 95.265634	 95.254608	   95.2438	 95.233208	  95.22283	 95.212665	 95.202712	 95.192967	 95.183431	 95.174101	 95.164976	 95.156054	 95.147334	 95.138814	 95.130493	 95.122369	  95.11444	 95.106706	 95.099164	 95.091813	 95.084652	 95.077679	 95.070893	 95.064293	 95.057876	 95.051642	  95.04559	 95.039717	 95.034023	 95.028507	 95.023167	 95.018003	 95.013012	 95.008194	 95.003547	 94.999071	 94.994765	 94.990627	 94.986657	 94.982853	 94.979215	 94.975742	 94.972432	 94.969285	 94.966301	 94.963478	 94.960817	 94.958315	 94.955972	 94.953789	 94.951764	 94.949897	 94.948187	 94.946633	 94.945237	 94.943996	 94.942912	 94.941982	 94.941208	 94.940589	 94.940125	 94.939816	 94.939661	
        99	 98.955156	 98.910317	  98.86549	  98.82068	 98.775893	 98.731134	  98.68641	 98.641726	 98.597087	   98.5525	  98.50797	 98.463502	 98.419102	 98.374776	 98.330529	 98.286367	 98.242295	 98.198319	 98.154444	 98.110675	 98.067018	 98.023477	 97.980059	 97.936769	 97.893611	 97.850591	 97.807713	 97.764983	 97.722406	 97.679986	 97.637729	 97.595639	  97.55372	 97.511979	 97.470418	 97.429042	 97.387857	 97.346867	 97.306074	 97.265485	 97.225103	 97.184933	 97.144977	 97.105241	 97.065728	 97.026442	 96.987386	 96.948565	 96.909981	 96.871639	 96.833541	 96.795692	 96.758093	 96.720749	 96.683663	 96.646837	 96.610274	 96.573977	  96.53795	 96.502193	 96.466711	 96.431505	 96.396579	 96.361933	 96.327571	 96.293494	 96.259705	 96.226206	 96.192998	 96.160083	 96.127462	 96.095139	 96.063113	 96.031386	 95.999961	 95.968837	 95.938016	   95.9075	 95.877289	 95.847384	 95.817786	 95.788496	 95.759514	 95.730841	 95.702478	 95.674425	 95.646683	 95.619251	  95.59213	  95.56532	 95.538821	 95.512633	 95.486757	 95.461191	 95.435936	 95.410991	 95.386357	 95.362032	 95.338016	 95.314309	 95.290909	 95.267817	 95.245032	 95.222553	 95.200379	 95.178508	 95.156941	 95.135676	 95.114713	 95.094049	 95.073684	 95.053617	 95.033846	 95.014371	 94.995189	   94.9763	 94.957702	 94.939394	 94.921374	  94.90364	 94.886192	 94.869027	 94.852144	 94.835542	 94.819218	 94.803172	 94.787401	 94.771903	 94.756677	 94.741722	 94.727034	 94.712613	 94.698457	 94.684564	 94.670932	  94.65756	 94.644445	 94.631585	 94.618979	 94.606625	 94.594521	 94.582665	 94.571055	  94.55969	 94.548567	 94.537686	 94.527043	 94.516637	 94.506466	 94.496529	 94.486824	 94.477348	 94.468101	  94.45908	 94.450283	  94.44171	 94.433357	 94.425225	  94.41731	 94.409611	 94.402127	 94.394856	 94.387797	 94.380948	 94.374307	 94.367873	 94.361645	 94.355621	   94.3498	 94.344181	 94.338761	 94.333541	 94.328518	 94.323692	 94.319061	 94.314625	 94.310381	  94.30633	  94.30247	   94.2988	 94.295319	 94.292027	 94.288922	 94.286004	 94.283272	 94.280726	 94.278364	 94.276186	 94.274192	  94.27238	 94.270751	 94.269304	 94.268039	 94.266955	 94.266052	 94.265331	 94.264789	 94.264428	 94.264248	
        99	 98.948766	 98.897538	 98.846323	 98.795128	 98.743959	 98.692823	 98.641726	 98.590674	 98.539675	 98.488735	 98.437859	 98.387055	 98.336328	 98.285686	 98.235135	  98.18468	 98.134328	 98.084085	 98.033958	 97.983952	 97.934074	  97.88433	 97.834725	 97.785266	 97.735959	 97.686808	 97.637821	 97.589002	 97.540358	 97.491894	 97.443615	 97.395528	 97.347636	 97.299947	 97.252464	 97.205193	 97.158139	 97.111307	 97.064703	  97.01833	 96.972194	 96.926299	  96.88065	 96.835252	 96.790109	 96.745224	 96.700604	  96.65625	 96.612169	 96.568363	 96.524837	 96.481594	 96.438638	 96.395973	 96.353602	 96.311528	 96.269756	 96.228287	 96.187126	 96.146274	 96.105736	 96.065514	  96.02561	 95.986028	  95.94677	 95.907837	 95.869234	 95.830961	 95.793021	 95.755415	 95.718147	 95.681217	 95.644628	 95.608381	 95.572477	 95.536919	 95.501706	 95.466842	 95.432326	 95.398159	 95.364344	  95.33088	 95.297769	 95.265011	 95.232606	 95.200556	  95.16886	 95.137519	 95.106534	 95.075904	 95.045629	  95.01571	 94.986146	 94.956937	 94.928083	 94.899584	 94.871439	 94.843648	  94.81621	 94.789125	 94.762392	 94.736009	 94.709977	 94.684295	 94.658961	 94.633974	 94.609334	 94.585039	 94.561088	  94.53748	 94.514213	 94.491287	 94.468699	 94.446448	 94.424533	 94.402953	 94.381705	 94.360787	   94.3402	 94.319939	 94.300005	 94.280394	 94.261106	 94.242138	 94.223488	 94.205155	 94.187136	 94.169431	 94.152035	 94.134948	 94.118168	 94.101693	  94.08552	 94.069647	 94.054073	 94.038794	  94.02381	 94.009118	 93.994716	 93.980602	 93.966773	 93.953227	 93.939964	 93.926979	 93.914271	 93.901839	  93.88968	 93.877791	 93.866171	 93.854818	  93.84373	 93.832904	 93.822339	 93.812032	 93.801982	 93.792187	 93.782645	 93.773353	  93.76431	 93.755515	 93.746964	 93.738658	 93.730592	 93.722767	  93.71518	 93.707829	 93.700714	 93.693832	 93.687181	 93.680761	 93.674569	 93.668605	 93.662867	 93.657353	 93.652062	 93.646994	 93.642146	 93.637517	 93.633107	 93.628914	 93.624937	 93.621176	 93.617629	 93.614295	 93.611174	 93.608264	 93.605566	 93.603078	 93.600799	 93.598729	 93.596868	 93.595215	  93.59377	 93.592531	   93.5915	 93.590675	 93.590057	 93.589645	 93.589439	
        99	 98.942382	 98.884772	 98.827176	 98.769602	 98.712058	 98.654551	 98.597087	 98.539675	 98.482322	 98.425034	  98.36782	 98.310686	 98.253639	 98.196688	 98.139837	 98.083096	 98.026471	 97.969968	 97.913596	  97.85736	 97.801267	 97.745325	  97.68954	 97.633919	 97.578467	 97.523193	 97.468102	 97.413201	 97.358497	 97.303994	   97.2497	 97.195621	 97.141763	 97.088131	 97.034732	 96.981572	 96.928655	 96.875989	 96.823577	 96.771427	 96.719543	  96.66793	 96.616593	 96.565539	 96.514771	 96.464294	 96.414114	 96.364235	 96.314661	 96.265397	 96.216448	 96.167817	  96.11951	 96.071528	 96.023878	 95.976563	 95.929585	  95.88295	  95.83666	 95.790719	  95.74513	 95.699896	 95.655021	 95.610507	 95.566357	 95.522574	 95.479161	 95.436119	 95.393452	 95.351162	  95.30925	 95.267719	 95.226571	 95.185808	 95.145431	 95.105442	 95.065842	 95.026633	 94.987817	 94.949394	 94.911365	 94.873732	 94.836495	 94.799656	 94.763214	  94.72717	 94.691525	  94.65628	 94.621434	 94.586987	  94.55294	 94.519293	 94.486046	 94.453198	 94.420749	 94.388699	 94.357048	 94.325794	 94.294938	 94.264478	 94.234414	 94.204744	 94.175469	 94.146586	 94.118096	 94.089996	 94.062286	 94.034964	 94.008029	 93.981479	 93.955314	 93.929531	 93.904129	 93.879106	  93.85446	 93.830191	 93.806296	 93.782772	 93.759619	 93.736835	 93.714416	 93.692362	 93.670671	  93.64934	 93.628366	 93.607749	 93.587485	 93.567573	 93.548011	 93.528795	 93.509924	 93.491396	 93.473208	 93.455358	 93.437843	 93.420661	  93.40381	 93.387287	 93.371091	 93.355218	 93.339666	 93.324433	 93.309516	 93.294914	 93.280623	 93.266642	 93.252967	 93.239598	  93.22653	 93.213762	 93.201293	 93.189118	 93.177236	 93.165646	 93.154344	 93.143328	 93.132597	 93.122147	 93.111978	 93.102087	 93.092471	 93.083129	 93.074059	 93.065259	 93.056726	  93.04846	 93.040458	 93.032718	 93.025239	 93.018019	 93.011056	 93.004349	 92.997895	 92.991694	 92.985745	 92.980044	 92.974592	 92.969387	 92.964428	 92.959712	  92.95524	  92.95101	 92.947021	 92.943272	 92.939762	  92.93649	 92.933455	 92.930657	 92.928094	 92.925767	 92.923674	 92.921815	 92.920189	 92.918797	 92.917637	 92.916709	 92.916014	  92.91555	 92.915319	
        99	 98.936006	  98.87202	 98.808051	 98.744106	 98.680194	 98.616322	   98.5525	 98.488735	 98.425034	 98.361407	 98.297861	 98.234405	 98.171045	 98.107791	  98.04465	 97.981629	 97.918738	 97.855983	 97.793372	 97.730912	 97.668613	  97.60648	 97.544521	 97.482745	 97.421157	 97.359766	 97.298579	 97.237602	 97.176844	  97.11631	 97.056008	 96.995944	 96.936126	 96.876559	 96.817251	 96.758207	 96.699435	  96.64094	 96.582729	 96.524808	 96.467182	 96.409857	  96.35284	 96.296135	 96.239749	 96.183687	 96.127954	 96.072555	 96.017495	  95.96278	 95.908413	 95.854401	 95.800747	 95.747457	 95.694533	 95.641982	 95.589806	  95.53801	 95.486597	 95.435572	 95.384938	 95.334699	 95.284858	 95.235418	 95.186382	 95.137754	 95.089536	 95.041732	 94.994343	 94.947372	 94.900823	 94.854696	 94.808994	  94.76372	 94.718875	  94.67446	 94.630479	 94.586931	 94.543819	 94.501144	 94.458907	 94.417109	 94.375752	 94.334835	 94.294361	 94.254328	 94.214739	 94.175593	 94.136891	 94.098632	 94.060818	 94.023448	 93.986521	 93.950038	 93.913998	 93.878402	 93.843248	 93.808535	 93.774264	 93.740433	 93.707042	  93.67409	 93.641575	 93.609496	 93.577853	 93.546643	 93.515867	 93.485521	 93.455605	 93.426118	 93.397057	  93.36842	 93.340207	 93.312415	 93.285043	 93.258087	 93.231548	 93.205421	 93.179706	   93.1544	 93.129501	 93.105007	 93.080914	 93.057223	 93.033928	  93.01103	 92.988524	 92.966408	 92.944681	 92.923339	 92.902379	 92.881801	   92.8616	 92.841774	 92.822321	 92.803238	 92.784522	 92.766171	 92.748182	 92.730552	  92.71328	 92.696361	 92.679794	 92.663575	 92.647703	 92.632175	 92.616987	 92.602138	 92.587624	 92.573443	 92.559594	 92.546072	 92.532875	 92.520002	 92.507449	 92.495215	 92.483296	  92.47169	 92.460395	 92.449409	  92.43873	 92.428354	  92.41828	 92.408506	 92.399029	 92.389848	 92.380961	 92.372364	 92.364058	 92.356038	 92.348305	 92.340855	 92.333688	 92.326801	 92.320193	 92.313862	 92.307806	 92.302025	 92.296517	 92.291279	 92.286312	 92.281614	 92.277184	  92.27302	 92.269121	 92.265487	 92.262116	 92.259009	 92.256162	 92.253577	 92.251253	 92.249188	 92.247383	 92.245836	 92.244548	 92.243518	 92.242745	  92.24223	 92.241973	
        99	 98.929638	 98.859285	  98.78895	 98.718642	  98.64837	 98.578143	  98.50797	 98.437859	  98.36782	 98.297861	 98.227992	 98.158221	 98.088557	 98.019008	 97.949584	 97.880292	 97.811142	 97.742142	 97.673301	 97.604626	 97.536127	 97.467812	 97.399688	 97.331764	 97.264048	 97.196548	 97.129272	 97.062228	 96.995423	 96.928865	 96.862563	 96.796522	 96.730751	 96.665257	 96.600047	 96.535128	 96.470508	 96.406192	 96.342189	 96.278503	 96.215143	 96.152114	 96.089423	 96.027076	 95.965079	 95.903438	 95.842159	 95.781247	 95.720708	 95.660548	 95.600772	 95.541385	 95.482392	 95.423799	 95.365609	 95.307828	  95.25046	  95.19351	 95.136981	 95.080879	 95.025206	 94.969968	 94.915167	 94.860807	 94.806892	 94.753425	 94.700409	 94.647848	 94.595743	 94.544099	 94.492917	   94.4422	 94.391951	 94.342171	 94.292863	 94.244029	 94.195671	  94.14779	 94.100388	 94.053466	 94.007027	  93.96107	 93.915597	 93.870609	 93.826106	  93.78209	 93.738562	  93.69552	 93.652967	 93.610901	 93.569324	 93.528235	 93.487634	  93.44752	 93.407894	 93.368756	 93.330103	 93.291937	 93.254255	 93.217058	 93.180344	 93.144112	 93.108362	 93.073091	 93.038299	 93.003984	 92.970145	  92.93678	 92.903887	 92.871465	 92.839512	 92.808026	 92.777006	 92.746448	 92.716352	 92.686714	 92.657534	 92.628807	 92.600533	 92.572709	 92.545332	   92.5184	 92.491911	 92.465862	 92.440249	 92.415072	 92.390326	  92.36601	 92.342121	 92.318655	  92.29561	 92.272983	 92.250772	 92.228974	 92.207585	 92.186603	 92.166025	 92.145848	 92.126069	 92.106685	 92.087693	 92.069091	 92.050875	 92.033043	 92.015591	 91.998517	 91.981818	 91.965491	 91.949534	 91.933942	 91.918714	 91.903846	 91.889337	 91.875183	 91.861381	 91.847929	 91.834824	 91.822063	 91.809645	 91.797565	 91.785823	 91.774415	 91.763338	 91.752592	 91.742172	 91.732077	 91.722305	 91.712854	  91.70372	 91.694903	   91.6864	 91.678209	 91.670328	 91.662756	  91.65549	 91.648529	 91.641871	 91.635515	 91.629458	   91.6237	 91.618239	 91.613073	 91.608202	 91.603623	 91.599337	 91.595341	 91.591635	 91.588218	 91.585089	 91.582246	  91.57969	  91.57742	 91.575435	 91.573735	 91.572318	 91.571185	 91.570336	  91.56977	 91.569487	
        99	 98.923279	 98.846568	 98.769876	 98.693214	 98.616591	 98.540017	 98.463502	 98.387055	 98.310686	 98.234405	 98.158221	 98.082144	 98.006184	  97.93035	 97.854651	 97.779097	 97.703698	 97.628462	 97.553399	 97.478518	 97.403828	 97.329338	 97.255058	 97.180995	 97.107159	 97.033559	 96.960203	 96.887099	 96.814257	 96.741684	 96.669389	  96.59738	 96.525665	 96.454252	 96.383149	 96.312363	 96.241902	 96.171774	 96.101986	 96.032545	 95.963458	 95.894733	 95.826376	 95.758394	 95.690794	 95.623582	 95.556765	 95.490348	 95.424338	 95.358741	 95.293563	 95.228809	 95.164484	 95.100595	 95.037147	 94.974144	 94.911591	 94.849494	 94.787856	 94.726684	  94.66598	 94.605749	 94.545995	 94.486723	 94.427935	 94.369636	 94.311829	 94.254517	 94.197703	 94.141391	 94.085584	 94.030283	 93.975493	 93.921214	  93.86745	 93.814203	 93.761474	 93.709266	  93.65758	 93.606418	 93.555781	  93.50567	 93.456088	 93.407034	 93.358509	 93.310516	 93.263053	 93.216121	 93.169722	 93.123855	  93.07852	 93.033717	 92.989447	 92.945708	 92.902501	 92.859825	  92.81768	 92.776064	 92.734977	 92.694418	 92.654386	  92.61488	 92.575898	  92.53744	 92.499503	 92.462087	 92.425189	 92.388809	 92.352944	 92.317591	 92.282751	 92.248419	 92.214595	 92.181276	  92.14846	 92.116143	 92.084326	 92.053003	 92.022174	 91.991835	 91.961984	 91.932618	 91.903735	 91.875331	 91.847404	 91.819951	 91.792969	 91.766455	 91.740407	  91.71482	 91.689693	 91.665021	 91.640803	 91.617034	 91.593712	 91.570834	 91.548396	 91.526395	 91.504829	 91.483693	 91.462985	 91.442702	  91.42284	 91.403396	 91.384367	  91.36575	 91.347542	 91.329739	 91.312339	 91.295338	 91.278734	 91.262523	 91.246702	 91.231269	  91.21622	 91.201552	 91.187262	 91.173348	 91.159807	 91.146636	 91.133833	 91.121394	 91.109316	 91.097598	 91.086237	  91.07523	 91.064575	 91.054269	  91.04431	 91.034696	 91.025425	 91.016493	 91.007901	 90.999644	 90.991721	 90.984131	 90.976872	 90.969941	 90.963337	 90.957058	 90.951103	 90.945471	 90.940159	 90.935167	 90.930493	 90.926136	 90.922095	 90.918369	 90.914957	 90.911858	 90.909071	 90.906596	 90.904431	 90.902577	 90.901032	 90.899797	 90.898871	 90.898254	 90.897946	
        99	  98.91693	  98.83387	 98.750832	 98.667825	 98.584861	  98.50195	 98.419102	 98.336328	 98.253639	 98.171045	 98.088557	 98.006184	 97.923937	 97.841827	 97.759864	 97.678057	 97.596418	 97.514956	 97.433681	 97.352602	 97.271731	 97.191077	 97.110649	 97.030457	 96.950511	 96.870819	 96.791392	 96.712239	 96.633368	  96.55479	 96.476512	 96.398543	 96.320893	  96.24357	 96.166582	 96.089938	 96.013646	 95.937714	 95.862151	 95.786963	 95.712159	 95.637746	 95.563732	 95.490124	  95.41693	 95.344155	 95.271808	 95.199895	 95.128422	 95.057397	 94.986824	 94.916711	 94.847063	 94.777887	 94.709187	  94.64097	 94.573241	 94.506005	 94.439266	 94.373031	 94.307303	 94.242088	 94.177389	 94.113211	 94.049558	 93.986434	 93.923843	 93.861788	 93.800273	 93.739301	 93.678875	 93.618998	 93.559673	 93.500902	 93.442689	 93.385035	 93.327942	 93.271413	  93.21545	 93.160053	 93.105226	 93.050968	 92.997282	 92.944169	 92.891629	 92.839663	 92.788272	 92.737457	 92.687218	 92.637555	 92.588468	 92.539958	 92.492023	 92.444665	 92.397882	 92.351674	 92.306041	 92.260981	 92.216494	 92.172578	 92.129233	 92.086457	  92.04425	 92.002609	 91.961533	  91.92102	 91.881069	 91.841677	 91.802844	 91.764566	 91.726842	  91.68967	 91.653046	 91.616969	 91.581437	 91.546447	 91.511996	 91.478081	   91.4447	 91.411851	 91.379529	 91.347733	 91.316459	 91.285705	 91.255467	 91.225742	 91.196527	 91.167819	 91.139615	 91.111911	 91.084704	  91.05799	 91.031768	 91.006032	  90.98078	 90.956008	 90.931713	 90.907892	 90.884541	 90.861656	 90.839234	 90.817272	 90.795766	 90.774713	  90.75411	 90.733952	 90.714237	 90.694961	 90.676121	 90.657713	 90.639735	 90.622182	 90.605052	 90.588341	 90.572047	 90.556165	 90.540693	 90.525628	 90.510966	 90.496705	 90.482842	 90.469373	 90.456296	 90.443608	 90.431307	 90.419389	 90.407852	 90.396693	  90.38591	 90.375501	 90.365462	 90.355791	 90.346487	 90.337547	 90.328969	 90.320751	 90.312891	 90.305386	 90.298236	 90.291437	  90.28499	 90.278891	  90.27314	 90.267734	 90.262674	 90.257956	 90.253581	 90.249547	 90.245852	 90.242496	 90.239479	 90.236799	 90.234455	 90.232447	 90.230775	 90.229438	 90.228435	 90.227767	 90.227433	
        99	 98.910591	 98.821193	 98.731819	 98.642478	 98.553183	 98.463946	 98.374776	 98.285686	 98.196688	 98.107791	 98.019008	  97.93035	 97.841827	 97.753452	 97.665234	 97.577185	 97.489316	 97.401638	 97.314161	 97.226896	 97.139854	 97.053045	  96.96648	 96.880169	 96.794122	  96.70835	 96.622862	 96.537669	  96.45278	 96.368205	 96.283954	 96.200036	 96.116461	 96.033238	 95.950375	 95.867883	 95.785769	 95.704043	 95.622714	 95.541789	 95.461277	 95.381186	 95.301524	   95.2223	  95.14352	 95.065192	 94.987325	 94.909924	 94.832998	 94.756552	 94.680594	 94.605131	 94.530169	 94.455714	 94.381772	  94.30835	 94.235452	 94.163085	 94.091255	 94.019965	 93.949222	  93.87903	 93.809395	  93.74032	  93.67181	 93.603869	 93.536502	 93.469711	 93.403502	 93.337877	  93.27284	 93.208395	 93.144543	 93.081288	 93.018632	 92.956579	  92.89513	 92.834287	 92.774053	  92.71443	 92.655419	 92.597021	 92.539239	 92.482072	 92.425523	 92.369592	  92.31428	 92.259587	 92.205514	 92.152062	 92.099229	 92.047017	 91.995425	 91.944453	   91.8941	 91.844367	 91.795251	 91.746753	 91.698871	 91.651604	 91.604952	 91.558912	 91.513484	 91.468665	 91.424455	 91.380851	 91.337851	 91.295454	 91.253657	 91.212459	 91.171856	 91.131847	 91.092429	 91.053599	 91.015356	 90.977695	 90.940615	 90.904113	 90.868185	 90.832829	 90.798041	 90.763819	 90.730158	 90.697057	 90.664512	 90.632519	 90.601075	 90.570176	 90.539819	 90.510001	 90.480718	 90.451967	 90.423743	 90.396044	 90.368865	 90.342203	 90.316054	 90.290415	 90.265282	 90.240651	 90.216518	  90.19288	 90.169733	 90.147074	 90.124898	 90.103202	 90.081983	 90.061236	 90.040958	 90.021146	 90.001796	 89.982904	 89.964466	 89.946481	 89.928942	 89.911849	 89.895196	 89.878981	 89.863201	 89.847852	 89.832931	 89.818434	  89.80436	 89.790704	 89.777464	 89.764636	 89.752219	 89.740209	 89.728603	 89.717399	 89.706594	 89.696186	 89.686172	  89.67655	 89.667317	 89.658472	 89.650011	 89.641934	 89.634238	 89.626921	 89.619981	 89.613417	 89.607227	  89.60141	 89.595963	 89.590885	 89.586176	 89.581834	 89.577857	 89.574246	 89.570998	 89.568113	 89.565591	  89.56343	  89.56163	 89.560191	 89.559111	 89.558392	 89.558033	
        99	 98.904264	 98.808539	  98.71284	 98.617177	 98.521562	 98.426009	 98.330529	 98.235135	 98.139837	  98.04465	 97.949584	 97.854651	 97.759864	 97.665234	 97.570773	 97.476493	 97.382406	 97.288522	 97.194855	 97.101414	 97.008212	  96.91526	 96.822569	 96.730149	 96.638013	 96.546171	 96.454633	 96.363411	 96.272514	 96.181954	 96.091741	 96.001884	 95.912394	 95.823281	 95.734555	 95.646224	   95.5583	  95.47079	 95.383705	 95.297053	 95.210843	 95.125084	 95.039785	 94.954953	 94.870598	 94.786728	 94.703349	 94.620471	 94.538101	 94.456245	 94.374912	 94.294108	 94.213841	 94.134117	 94.054942	 93.976324	 93.898267	 93.820779	 93.743865	  93.66753	 93.591781	 93.516621	 93.442058	 93.368094	 93.294736	 93.221987	 93.149852	 93.078335	  93.00744	 92.937171	 92.867532	 92.798525	 92.730154	 92.662423	 92.595333	 92.528888	 92.463091	 92.397942	 92.333446	 92.269603	 92.206416	 92.143885	 92.082013	 92.020801	  91.96025	 91.900361	 91.841134	 91.782571	 91.724671	 91.667436	 91.610865	 91.554958	 91.499714	 91.445135	 91.391219	 91.337966	 91.285374	 91.233444	 91.182173	 91.131562	 91.081608	  91.03231	 90.983666	 90.935676	 90.888337	 90.841647	 90.795604	 90.750207	 90.705452	 90.661338	 90.617862	 90.575021	 90.532814	 90.491236	 90.450286	  90.40996	 90.370256	  90.33117	   90.2927	 90.254842	 90.217592	 90.180948	 90.144905	 90.109462	 90.074613	 90.040356	 90.006686	 89.973601	 89.941096	 89.909168	 89.877813	 89.847026	 89.816805	 89.787145	 89.758043	 89.729494	 89.701495	 89.674041	  89.64713	 89.620755	 89.594915	 89.569604	 89.544819	 89.520556	 89.496811	  89.47358	 89.450859	 89.428644	 89.406931	 89.385717	 89.364997	 89.344768	 89.325026	 89.305767	 89.286988	 89.268684	 89.250853	 89.233491	 89.216594	 89.200158	 89.184181	 89.168659	 89.153588	 89.138966	 89.124789	 89.111054	 89.097757	 89.084897	  89.07247	 89.060473	 89.048904	 89.037759	 89.027036	 89.016733	 89.006847	 88.997376	 88.988317	 88.979668	 88.971427	 88.963592	 88.956162	 88.949133	 88.942505	 88.936275	 88.930443	 88.925006	 88.919964	 88.915314	 88.911056	 88.907189	 88.903712	 88.900623	 88.897922	 88.895608	 88.893681	 88.892139	 88.890984	 88.890214	 88.889829	
        99	 98.897948	  98.79591	 98.693897	 98.591923	 98.490002	 98.388145	 98.286367	  98.18468	 98.083096	 97.981629	 97.880292	 97.779097	 97.678057	 97.577185	 97.476493	 97.375994	   97.2757	 97.175624	 97.075777	 96.976173	 96.876823	 96.777739	 96.678933	 96.580417	 96.482203	 96.384302	 96.286726	 96.189486	 96.092594	  95.99606	 95.899895	 95.804111	 95.708718	 95.613727	 95.519147	  95.42499	 95.331265	 95.237983	 95.145153	 95.052785	 94.960888	 94.869472	 94.778546	 94.688119	 94.598199	 94.508796	 94.419918	 94.331572	 94.243768	 94.156513	 94.069815	 93.983681	 93.898119	 93.813135	 93.728738	 93.644933	 93.561728	 93.479128	  93.39714	  93.31577	 93.235024	 93.154906	 93.075424	 92.996582	 92.918384	 92.840836	 92.763943	 92.687709	 92.612137	 92.537233	 92.462999	  92.38944	  92.31656	  92.24436	 92.172845	 92.102017	 92.031879	 91.962433	 91.893682	 91.825628	 91.758272	 91.691617	 91.625663	 91.560413	 91.495868	 91.432028	 91.368895	 91.306468	 91.244749	 91.183738	 91.123435	  91.06384	 91.004953	 90.946773	   90.8893	 90.832534	 90.776473	 90.721117	 90.666465	 90.612514	 90.559265	 90.506715	 90.454863	 90.403707	 90.353245	 90.303475	 90.254395	 90.206003	 90.158296	 90.111272	 90.064928	 90.019261	  89.97427	 89.929949	 89.886298	 89.843312	 89.800989	 89.759325	 89.718317	 89.677961	 89.638254	 89.599193	 89.560773	 89.522991	 89.485844	 89.449326	 89.413436	 89.378168	 89.343519	 89.309485	 89.276061	 89.243244	 89.211029	 89.179413	 89.148391	 89.117959	 89.088113	 89.058848	 89.030161	 89.002047	 88.974502	 88.947521	 88.921101	 88.895238	 88.869926	 88.845163	 88.820943	 88.797262	 88.774117	 88.751504	 88.729417	 88.707854	 88.686809	  88.66628	 88.646262	 88.626751	 88.607744	 88.589236	 88.571225	 88.553705	 88.536674	 88.520128	 88.504063	 88.488476	 88.473363	 88.458722	 88.444549	 88.430841	 88.417594	 88.404805	 88.392473	 88.380593	 88.369163	  88.35818	 88.347642	 88.337546	 88.327889	  88.31867	 88.309885	 88.301534	 88.293613	 88.286121	 88.279055	 88.272415	 88.266198	 88.260402	 88.255027	 88.250071	 88.245532	  88.24141	 88.237703	  88.23441	 88.231531	 88.229065	  88.22701	 88.225367	 88.224136	 88.223315	 88.222904	
        99	 98.891646	 98.783305	 98.674993	 98.566722	 98.458506	 98.350359	 98.242295	 98.134328	 98.026471	 97.918738	 97.811142	 97.703698	 97.596418	 97.489316	 97.382406	   97.2757	 97.169212	 97.062955	 96.956943	 96.851187	 96.745701	 96.640498	  96.53559	 96.430991	 96.326711	 96.222764	 96.119162	 96.015917	 95.913041	 95.810545	 95.708442	 95.606742	 95.505458	   95.4046	  95.30418	 95.204208	 95.104695	 95.005652	 94.907089	 94.809016	 94.711444	 94.614383	 94.517841	  94.42183	 94.326357	 94.231432	 94.137065	 94.043264	 93.950037	 93.857393	 93.765341	 93.673887	 93.583041	  93.49281	   93.4032	  93.31422	 93.225876	 93.138175	 93.051123	 92.964728	 92.878995	  92.79393	 92.709539	 92.625828	 92.542801	 92.460464	 92.378822	 92.297879	 92.217641	 92.138111	 92.059293	 91.981191	  91.90381	 91.827151	 91.751219	 91.676017	 91.601548	 91.527813	 91.454816	 91.382559	 91.311044	 91.240272	 91.170245	 91.100966	 91.032434	 90.964652	 90.897619	 90.831338	 90.765807	 90.701028	 90.637001	 90.573726	 90.511202	 90.449429	 90.388407	 90.328135	 90.268612	 90.209837	 90.151809	 90.094527	  90.03799	 89.982194	  89.92714	 89.872825	 89.819246	 89.766403	 89.714292	 89.662911	 89.612258	  89.56233	 89.513124	 89.464637	 89.416866	 89.369809	 89.323462	 89.277821	 89.232884	 89.188647	 89.145107	 89.102259	 89.060099	 89.018626	 88.977833	 88.937718	 88.898276	 88.859504	 88.821397	 88.783951	 88.747162	 88.711026	 88.675538	 88.640695	  88.60649	 88.572922	 88.539984	 88.507672	 88.475983	 88.444911	 88.414452	 88.384602	 88.355356	 88.326709	 88.298658	 88.271197	 88.244322	 88.218029	 88.192313	  88.16717	 88.142596	 88.118586	 88.095135	  88.07224	 88.049896	 88.028099	 88.006845	 87.986129	 87.965948	 87.946297	 87.927173	 87.908572	 87.890489	 87.872921	 87.855864	 87.839314	 87.823268	 87.807723	 87.792675	 87.778119	 87.764055	 87.750476	 87.737382	 87.724769	 87.712633	 87.700972	 87.689783	 87.679063	  87.66881	 87.659021	 87.649694	 87.640827	 87.632417	 87.624462	  87.61696	  87.60991	 87.603309	 87.597155	 87.591448	 87.586186	 87.581367	  87.57699	 87.573054	 87.569558	 87.566501	 87.563882	 87.561701	 87.559957	 87.558649	 87.557777	 87.557341	
