Time step 66:
        99	        99	        99	        99	        99	        99	        99	        99	        99	        99	        99	        99	        99	        99	        99	        99	        99	        99	        99	        99	        99	        99	        99	        99	        99	        99	        99	        99	        99	        99	        99	        99	        99	        99	        99	        99	        99	        99	        99	        99	        99	        99	        99	        99	        99	        99	        99	        99	        99	        99	        99	        99	        99	        99	        99	        99	        99	        99	        99	        99	        99	        99	        99	        99	        99	        99	        99	        99	        99	        99	        99	        99	        99	        99	        99	        99	        99	        99	        99	        99	        99	        99	        99	        99	        99	        99	        99	        99	        99	        99	        99	        99	        99	        99	        99	        99	        99	        99	        99	        99	        99	        99	        99	        99	        99	        99	        99	        99	        99	        99	        99	        99	        99	        99	        99	        99	        99	        99	        99	        99	        99	        99	        99	        99	        99	        99	        99	        99	        99	        99	        99	        99	        99	        99	        99	        99	        99	        99	        99	        99	        99	        99	        99	        99	        99	        99	        99	        99	        99	        99	        99	        99	        99	        99	        99	        99	        99	        99	        99	        99	        99	        99	        99	        99	        99	        99	        99	        99	        99	        99	        99	        99	        99	        99	        99	        99	        99	        99	        99	        99	        99	        99	        99	        99	        99	        99	        99	        99	        99	        99	        99	        99	        99	        99	        99	        99	        99	        99	        99	        99	
        99	 98.990379	 98.980761	 98.971145	 98.961536	 98.951934	  98.94234	 98.932758	 98.923189	 98.913634	 98.904096	 98.894576	 98.885076	 98.875598	 98.866144	 98.856714	 98.847312	 98.837938	 98.828595	 98.819284	 98.810007	 98.800765	 98.791561	 98.782394	 98.773269	 98.764185	 98.755144	 98.746148	 98.737199	 98.728297	 98.719444	 98.710643	 98.701893	 98.693197	 98.684555	  98.67597	 98.667441	 98.658972	 98.650562	 98.642213	 98.633926	 98.625702	 98.617542	 98.609448	  98.60142	 98.593459	 98.585567	 98.577744	 98.569991	 98.562308	 98.554698	 98.547159	 98.539694	 98.532303	 98.524987	 98.517745	  98.51058	 98.503491	 98.496479	 98.489544	 98.482687	 98.475908	 98.469208	 98.462587	 98.456045	 98.449583	 98.443201	 98.436898	 98.430677	 98.424535	 98.418474	 98.412494	 98.406594	 98.400776	 98.395038	  98.38938	 98.383803	 98.378307	 98.372891	 98.367556	   98.3623	 98.357125	 98.352029	 98.347012	 98.342074	 98.337216	 98.332435	 98.327733	 98.323108	 98.318561	  98.31409	 98.309696	 98.305378	 98.301135	 98.296967	 98.292874	 98.288854	 98.284908	 98.281034	 98.277232	 98.273502	 98.269843	 98.266253	 98.262734	 98.259283	   98.2559	 98.252585	 98.249336	 98.246154	 98.243037	 98.239984	 98.236995	 98.234069	 98.231206	 98.228404	 98.225663	 98.222981	 98.220359	 98.217796	  98.21529	  98.21284	 98.210447	 98.208109	 98.205826	 98.203596	 98.201418	 98.199293	 98.197219	 98.195195	 98.193221	 98.191296	 98.189419	 98.187589	 98.185805	 98.184067	 98.182374	 98.180725	 98.179119	 98.177556	 98.176035	 98.174555	 98.173115	 98.171714	 98.170353	 98.169029	 98.167743	 98.166494	  98.16528	 98.164102	 98.162959	 98.161849	 98.160773	 98.159729	 98.158718	 98.157738	 98.156789	 98.155869	  98.15498	 98.154119	 98.153287	 98.152483	 98.151706	 98.150955	 98.150231	 98.149533	  98.14886	 98.148212	 98.147588	 98.146988	 98.146411	 98.145857	 98.145326	 98.144817	 98.144329	 98.143863	 98.143418	 98.142993	 98.142589	 98.142204	 98.141839	 98.141494	 98.141168	  98.14086	 98.140571	   98.1403	 98.140047	 98.139812	 98.139595	 98.139395	 98.139212	 98.139047	 98.138898	 98.138766	 98.138651	 98.138553	 98.138471	 98.138405	 98.138356	 98.138324	 98.138307	
        99	 98.980761	 98.961525	 98.942296	 98.923079	 98.903876	 98.884692	  98.86553	 98.846393	 98.827285	 98.808211	 98.789173	 98.770175	  98.75122	 98.732313	 98.713456	 98.694653	 98.675908	 98.657223	 98.638603	  98.62005	 98.601569	 98.583161	  98.56483	 98.546581	 98.528414	 98.510335	 98.492345	 98.474447	 98.456646	 98.438943	 98.421341	 98.403843	 98.386452	 98.369171	 98.352001	 98.334946	 98.318009	  98.30119	 98.284494	 98.267921	 98.251475	 98.235158	 98.218971	 98.202916	 98.186997	 98.171213	 98.155568	 98.140063	   98.1247	  98.10948	 98.094405	 98.079477	 98.064696	 98.050064	 98.035583	 98.021254	 98.007077	 97.993053	 97.979185	 97.965472	 97.951916	 97.938517	 97.925276	 97.912194	 97.899271	 97.886508	 97.873905	 97.861462	  97.84918	  97.83706	   97.8251	 97.813302	 97.801666	 97.790191	 97.778877	 97.767725	 97.756733	 97.745903	 97.735233	 97.724722	 97.714372	 97.704181	 97.694149	 97.684275	 97.674558	 97.664998	 97.655594	 97.646346	 97.637252	 97.628312	 97.619524	 97.610889	 97.602404	 97.594069	 97.585883	 97.577844	 97.569952	 97.562205	 97.554603	 97.547143	 97.539825	 97.532647	 97.525608	 97.518707	 97.511942	 97.505312	 97.498816	 97.492452	 97.486218	 97.480113	 97.474136	 97.468285	 97.462559	 97.456955	 97.451473	 97.446111	 97.440868	 97.435741	 97.430729	 97.425831	 97.421045	  97.41637	 97.411803	 97.407343	 97.402989	 97.398739	 97.394592	 97.390545	 97.386597	 97.382747	 97.378993	 97.375333	 97.371766	 97.368291	 97.364905	 97.361607	 97.358396	  97.35527	 97.352227	 97.349267	 97.346387	 97.343587	 97.340864	 97.338217	 97.335645	 97.333147	  97.33072	 97.328364	 97.326077	 97.323859	 97.321706	  97.31962	 97.317597	 97.315637	 97.313738	   97.3119	 97.310121	   97.3084	 97.306736	 97.305128	 97.303574	 97.302073	 97.300626	 97.299229	 97.297883	 97.296587	 97.295339	 97.294139	 97.292985	 97.291878	 97.290815	 97.289797	 97.288822	  97.28789	 97.286999	  97.28615	 97.285341	 97.284573	 97.283843	 97.283152	 97.282499	 97.281884	 97.281306	 97.280764	 97.280259	 97.279789	 97.279354	 97.278954	 97.278589	 97.278258	 97.277961	 97.277697	 97.277467	  97.27727	 97.277107	 97.276976	 97.276878	 97.276812	  97.27678	
        99	 98.971145	 98.942296	 98.913458	 98.884637	 98.855837	 98.827065	 98.798326	 98.769626	 98.740969	 98.712362	  98.68381	 98.655317	  98.62689	 98.598533	 98.570253	 98.542053	 98.513939	 98.485917	 98.457991	 98.430167	 98.402448	 98.374841	  98.34735	 98.319979	 98.292734	 98.265619	 98.238638	 98.211797	 98.185099	 98.158548	  98.13215	 98.105907	 98.079825	 98.053907	 98.028157	 98.002578	 97.977176	 97.951952	 97.926912	 97.902057	 97.877392	 97.852919	 97.828643	 97.804565	 97.780689	 97.757018	 97.733554	 97.710301	  97.68726	 97.664434	 97.641825	 97.619435	 97.597268	 97.575324	 97.553605	 97.532114	 97.510852	 97.489821	 97.469022	 97.448456	 97.428125	 97.408029	 97.388171	 97.368551	  97.34917	 97.330028	 97.311126	 97.292465	 97.274046	 97.255868	 97.237931	 97.220237	 97.202785	 97.185576	 97.168608	 97.151882	 97.135397	 97.119154	 97.103151	 97.087389	 97.071866	 97.056581	 97.041535	 97.026726	 97.012154	 96.997816	 96.983713	 96.969842	 96.956204	 96.942796	 96.929617	 96.916665	  96.90394	  96.89144	 96.879162	 96.867106	  96.85527	 96.843652	  96.83225	 96.821062	 96.810086	 96.799321	 96.788765	 96.778415	 96.768269	 96.758326	 96.748583	 96.739038	 96.729689	 96.720533	 96.711569	 96.702794	 96.694206	 96.685802	  96.67758	 96.669539	 96.661675	 96.653986	 96.646469	 96.639124	 96.631946	 96.624933	 96.618084	 96.611396	 96.604866	 96.598492	 96.592271	 96.586202	 96.580281	 96.574507	 96.568877	 96.563388	 96.558038	 96.552826	 96.547748	 96.542802	 96.537986	 96.533298	 96.528735	 96.524295	 96.519976	 96.515776	 96.511692	 96.507723	 96.503866	 96.500118	 96.496479	 96.492946	 96.489516	 96.486189	 96.482961	 96.479831	 96.476798	 96.473858	 96.471011	 96.468254	 96.465586	 96.463005	 96.460509	 96.458097	 96.455766	 96.453516	 96.451345	  96.44925	 96.447232	 96.445288	 96.443416	 96.441616	 96.439886	 96.438225	 96.436631	 96.435104	 96.433642	 96.432244	 96.430908	 96.429635	 96.428422	 96.427269	 96.426175	 96.425139	  96.42416	 96.423237	  96.42237	 96.421558	 96.420799	 96.420094	 96.419442	 96.418843	 96.418295	 96.417798	 96.417353	 96.416958	 96.416613	 96.416317	 96.416072	 96.415876	 96.415729	 96.415631	 96.415582	
        99	 98.961536	 98.923079	 98.884637	 98.846217	 98.807826	 98.769472	 98.731162	 98.692903	 98.654703	 98.616569	 98.578507	 98.540525	 98.502631	  98.46483	 98.427131	  98.38954	 98.352064	 98.314709	 98.277483	 98.240392	 98.203442	 98.166641	 98.129994	 98.093508	 98.057189	 98.021044	 97.985078	 97.949297	 97.913707	 97.878314	 97.843124	 97.808142	 97.773374	 97.738824	 97.704498	 97.670401	 97.636539	 97.602915	 97.569535	 97.536403	 97.503523	   97.4709	 97.438539	 97.406443	 97.374615	 97.343061	 97.311783	 97.280785	  97.25007	 97.219642	 97.189504	 97.159658	 97.130108	 97.100856	 97.071904	 97.043256	 97.014913	 96.986877	 96.959151	 96.931736	 96.904634	 96.877846	 96.851375	  96.82522	 96.799384	 96.773867	 96.748671	 96.723795	 96.699241	 96.675009	 96.651099	 96.627513	 96.604249	 96.581307	 96.558688	 96.536392	 96.514418	 96.492765	 96.471432	  96.45042	 96.429728	 96.409353	 96.389296	 96.369556	  96.35013	 96.331017	 96.312217	 96.293727	 96.275546	 96.257673	 96.240105	  96.22284	 96.205877	 96.189213	 96.172847	 96.156776	 96.140998	  96.12551	 96.110311	 96.095397	 96.080766	 96.066416	 96.052344	 96.038547	 96.025023	 96.011768	  95.99878	 95.986056	 95.973594	 95.961389	 95.949439	 95.937742	 95.926293	 95.915091	 95.904131	 95.893412	 95.882928	 95.872679	 95.862659	 95.852867	 95.843299	 95.833951	 95.824821	 95.815905	   95.8072	 95.798703	 95.790411	 95.782321	 95.774428	 95.766731	 95.759225	 95.751909	 95.744778	 95.737829	  95.73106	 95.724467	 95.718047	 95.711798	 95.705715	 95.699797	 95.694039	  95.68844	 95.682997	 95.677705	 95.672563	 95.667568	 95.662717	 95.658007	 95.653435	 95.648999	 95.644697	 95.640525	 95.636481	 95.632562	 95.628767	 95.625092	 95.621535	 95.618094	 95.614767	 95.611551	 95.608445	 95.605445	 95.602551	 95.599759	 95.597069	 95.594477	 95.591982	 95.589583	 95.587277	 95.585062	 95.582938	 95.580902	 95.578953	 95.577089	 95.575309	 95.573611	 95.571994	 95.570457	 95.568999	 95.567618	 95.566313	 95.565083	 95.563927	 95.562844	 95.561833	 95.560893	 95.560024	 95.559225	 95.558495	 95.557833	 95.557239	 95.556712	 95.556252	 95.555858	 95.555531	  95.55527	 95.555074	 95.554943	 95.554878	
        99	 98.951934	 98.903876	 98.855837	 98.807826	 98.759851	 98.711923	 98.664049	 98.616239	 98.568503	 98.520848	 98.473285	 98.425821	 98.378467	  98.33123	 98.284119	 98.237144	 98.190312	 98.143632	 98.097112	 98.050762	 98.004588	   97.9586	 97.912804	  97.86721	 97.821824	 97.776656	 97.731711	 97.686998	 97.642523	 97.598295	  97.55432	 97.510605	 97.467157	 97.423982	 97.381087	 97.338478	 97.296162	 97.254144	 97.212431	 97.171028	  97.12994	 97.089174	 97.048733	 97.008624	 96.968852	  96.92942	 96.890334	 96.851597	 96.813215	 96.775191	 96.737529	 96.700232	 96.663305	  96.62675	 96.590571	 96.554771	 96.519353	 96.484318	  96.44967	 96.415411	 96.381543	 96.348069	 96.314988	 96.282305	 96.250019	 96.218132	 96.186645	  96.15556	 96.124876	 96.094595	 96.064716	 96.035241	  96.00617	 95.977501	 95.949236	 95.921373	 95.893913	 95.866855	 95.840197	  95.81394	 95.788081	  95.76262	 95.737556	 95.712887	 95.688612	 95.664728	 95.641235	 95.618129	  95.59541	 95.573074	  95.55112	 95.529546	 95.508348	 95.487524	 95.467072	 95.446989	 95.427272	 95.407918	 95.388924	 95.370288	 95.352005	 95.334072	 95.316487	 95.299246	 95.282345	 95.265782	 95.249551	 95.233651	 95.218077	 95.202825	 95.187893	 95.173275	 95.158969	  95.14497	 95.131274	 95.117878	 95.104778	 95.091969	 95.079449	 95.067212	 95.055255	 95.043574	 95.032164	 95.021023	 95.010145	 94.999527	 94.989165	 94.979054	 94.969191	 94.959573	 94.950193	  94.94105	 94.932139	 94.923456	 94.914997	 94.906758	 94.898736	 94.890926	 94.883325	 94.875929	 94.868734	 94.861738	 94.854935	 94.848322	 94.841897	 94.835655	 94.829592	 94.823706	 94.817994	  94.81245	 94.807074	  94.80186	 94.796807	  94.79191	 94.787167	 94.782574	  94.77813	  94.77383	 94.769673	 94.765654	 94.761772	 94.758024	 94.754407	 94.750918	 94.747556	 94.744317	 94.741199	 94.738201	 94.735319	 94.732552	 94.729897	 94.727353	 94.724917	 94.722588	 94.720364	 94.718242	 94.716222	 94.714301	 94.712479	 94.710753	 94.709122	 94.707585	  94.70614	 94.704787	 94.703524	  94.70235	 94.701264	 94.700265	 94.699352	 94.698525	 94.697782	 94.697124	 94.696549	 94.696058	 94.695649	 94.695322	 94.695077	 94.694914	 94.694832	
        99	  98.94234	 98.884692	 98.827065	 98.769472	 98.711923	 98.654428	    98.597	 98.539648	 98.482385	 98.425219	 98.368163	 98.311227	 98.254422	 98.197757	 98.141244	 98.084893	 98.028715	 97.972718	 97.916915	 97.861313	 97.805924	 97.750757	 97.695822	 97.641128	 97.586685	 97.532501	 97.478586	 97.424949	 97.371599	 97.318544	 97.265792	 97.213352	 97.161233	 97.109441	 97.057985	 97.006873	 96.956111	 96.905707	 96.855669	 96.806003	 96.756715	 96.707812	 96.659301	 96.611187	 96.563476	 96.516174	 96.469287	  96.42282	 96.376777	 96.331164	 96.285986	 96.241246	 96.196948	 96.153098	 96.109699	 96.066754	 96.024266	 95.982239	 95.940677	  95.89958	 95.858953	 95.818797	 95.779115	 95.739908	 95.701179	 95.662928	 95.625157	 95.587868	  95.55106	 95.514735	 95.478894	 95.443536	 95.408662	 95.374272	 95.340366	 95.306942	 95.274002	 95.241543	 95.209565	 95.178067	 95.147048	 95.116506	 95.086439	 95.056847	 95.027727	 94.999076	 94.970894	 94.943177	 94.915923	  94.88913	 94.862794	 94.836914	 94.811486	 94.786506	 94.761972	 94.737881	 94.714229	 94.691012	 94.668228	 94.645871	 94.623939	 94.602428	 94.581333	 94.560651	 94.540377	 94.520508	 94.501039	 94.481965	 94.463283	 94.444987	 94.427074	 94.409539	 94.392377	 94.375585	 94.359156	 94.343086	 94.327371	 94.312007	 94.296987	 94.282308	 94.267965	 94.253952	 94.240266	   94.2269	 94.213852	 94.201114	 94.188684	 94.176556	 94.164725	 94.153186	 94.141935	 94.130967	 94.120277	 94.109861	 94.099714	 94.089831	 94.080207	 94.070839	 94.061721	 94.052849	 94.044219	 94.035825	 94.027665	 94.019733	 94.012025	 94.004537	 93.997265	 93.990204	 93.983351	 93.976701	 93.970252	 93.963997	 93.957935	 93.952061	 93.946372	 93.940863	 93.935531	 93.930373	 93.925386	 93.920565	 93.915909	 93.911412	 93.907073	 93.902888	 93.898855	  93.89497	  93.89123	 93.887633	 93.884176	 93.880857	 93.877672	  93.87462	 93.871698	 93.868904	 93.866236	 93.863691	 93.861268	 93.858964	 93.856777	 93.854707	  93.85275	 93.850907	 93.849174	  93.84755	 93.846035	 93.844627	 93.843324	 93.842126	 93.841031	 93.840038	 93.839148	 93.838358	 93.837669	 93.837079	 93.836588	 93.836196	 93.835902	 93.835707	 93.835609	
        99	 98.932758	  98.86553	 98.798326	 98.731162	 98.664049	    98.597	 98.530028	 98.463145	 98.396365	   98.3297	 98.263162	 98.196764	 98.130519	 98.064437	 97.998533	 97.932818	 97.867303	 97.802001	 97.736923	 97.672082	 97.607488	 97.543154	 97.479089	 97.415306	 97.351815	 97.288627	 97.225752	 97.163202	 97.100985	 97.039113	 96.977595	  96.91644	 96.855659	 96.795261	 96.735254	 96.675647	  96.61645	  96.55767	 96.499316	 96.441396	 96.383917	 96.326888	 96.270314	 96.214205	 96.158566	 96.103403	 96.048724	 95.994535	 95.940841	 95.887647	 95.834961	 95.782786	 95.731127	  95.67999	 95.629378	 95.579296	 95.529748	 95.480737	 95.432267	 95.384341	 95.336962	 95.290133	 95.243857	 95.198134	 95.152969	 95.108361	 95.064314	 95.020827	 94.977903	 94.935541	 94.893744	  94.85251	 94.811841	 94.771735	 94.732194	 94.693216	 94.654802	 94.616949	 94.579657	 94.542924	  94.50675	 94.471132	  94.43607	 94.401559	   94.3676	 94.334188	 94.301322	 94.268999	 94.237216	  94.20597	 94.175258	 94.145077	 94.115423	 94.086292	 94.057681	 94.029587	 94.002004	 93.974929	 93.948358	 93.922286	  93.89671	 93.871623	 93.847023	 93.822904	 93.799261	  93.77609	 93.753385	 93.731141	 93.709354	 93.688018	 93.667129	  93.64668	 93.626666	 93.607082	 93.587923	 93.569183	 93.550857	 93.532939	 93.515423	 93.498305	 93.481578	 93.465236	 93.449275	 93.433689	 93.418472	 93.403618	 93.389122	 93.374978	 93.361181	 93.347725	 93.334604	 93.321813	 93.309347	   93.2972	 93.285366	 93.273841	 93.262618	 93.251693	 93.241059	 93.230713	 93.220648	  93.21086	 93.201344	 93.192093	 93.183105	 93.174372	 93.165891	 93.157658	 93.149666	 93.141911	 93.134389	 93.127096	 93.120026	 93.113176	 93.106541	 93.100117	 93.093899	 93.087884	 93.082068	 93.076446	 93.071015	 93.065772	 93.060712	 93.055832	 93.051128	 93.046597	 93.042236	 93.038041	  93.03401	 93.030139	 93.026425	 93.022866	 93.019458	   93.0162	 93.013088	  93.01012	 93.007294	 93.004607	 93.002058	 92.999643	 92.997362	 92.995211	  92.99319	 92.991297	  92.98953	 92.987888	 92.986368	 92.984971	 92.983694	 92.982537	 92.981499	 92.980578	 92.979774	 92.979086	 92.978513	 92.978056	 92.977714	 92.977485	 92.977371	
        99	 98.923189	 98.846393	 98.769626	 98.692903	 98.616239	 98.539648	 98.463145	 98.386745	 98.310461	 98.234309	 98.158302	 98.082455	 98.006781	 97.931296	 97.856013	 97.780945	 97.706107	 97.631512	 97.557173	 97.483104	 97.409318	 97.335828	 97.262646	 97.189786	 97.117259	 97.045079	 96.973256	 96.901804	 96.830734	 96.760056	 96.689783	 96.619926	 96.550495	 96.481501	 96.412955	 96.344865	 96.277244	 96.210099	  96.14344	 96.077277	 96.011619	 95.946473	 95.881849	 95.817754	 95.754197	 95.691184	 95.628724	 95.566823	 95.505487	 95.444724	 95.384539	 95.324939	 95.265929	 95.207514	   95.1497	 95.092491	 95.035891	 94.979906	 94.924538	 94.869792	  94.81567	 94.762177	 94.709314	 94.657085	 94.605492	 94.554536	  94.50422	 94.454545	 94.405512	 94.357122	 94.309376	 94.262275	 94.215818	 94.170005	 94.124837	 94.080312	  94.03643	  93.99319	 93.950591	 93.908631	 93.867309	 93.826623	  93.78657	 93.747149	 93.708356	  93.67019	 93.632646	 93.595724	 93.559418	 93.523725	 93.488642	 93.454166	 93.420292	 93.387015	 93.354333	  93.32224	 93.290732	 93.259804	 93.229451	  93.19967	 93.170453	 93.141797	 93.113695	 93.086144	 93.059136	 93.032667	 93.006731	 92.981322	 92.956435	 92.932063	   92.9082	 92.884841	 92.861979	 92.839608	 92.817723	 92.796316	 92.775381	 92.754913	 92.734905	  92.71535	 92.696243	 92.677576	 92.659344	 92.641539	 92.624156	 92.607189	  92.59063	 92.574473	 92.558712	 92.543341	 92.528353	 92.513742	 92.499502	 92.485626	 92.472108	 92.458943	 92.446123	 92.433643	 92.421496	 92.409678	 92.398181	    92.387	 92.376129	 92.365562	 92.355294	 92.345319	 92.335631	 92.326225	 92.317096	 92.308238	 92.299646	 92.291315	 92.283239	 92.275414	 92.267834	 92.260496	 92.253393	 92.246522	 92.239878	 92.233457	 92.227253	 92.221263	 92.215483	 92.209908	 92.204535	 92.199359	 92.194378	 92.189586	 92.184981	 92.180559	 92.176317	 92.172251	 92.168359	 92.164637	 92.161082	 92.157692	 92.154464	 92.151394	 92.148482	 92.145724	 92.143117	 92.140661	 92.138353	  92.13619	 92.134172	 92.132295	  92.13056	 92.128963	 92.127505	 92.126183	 92.124997	 92.123945	 92.123027	 92.122241	 92.121587	 92.121065	 92.120673	 92.120413	 92.120282	
        99	 98.913634	 98.827285	 98.740969	 98.654703	 98.568503	 98.482385	 98.396365	 98.310461	 98.224688	 98.139063	 98.053602	  97.96832	 97.883233	 97.798359	 97.713711	 97.629305	 97.545158	 97.461284	 97.377698	 97.294415	 97.211451	 97.128819	 97.046534	 96.964611	 96.883062	 96.801903	 96.721147	 96.640807	 96.560895	 96.481426	 96.402412	 96.323865	 96.245798	 96.168221	 96.091148	 96.014589	 95.938556	 95.863059	 95.788109	 95.713716	  95.63989	  95.56664	 95.493978	  95.42191	 95.350447	 95.279596	 95.209366	 95.139765	   95.0708	 95.002478	 94.934807	 94.867793	 94.801442	 94.735761	 94.670755	  94.60643	  94.54279	  94.47984	 94.417585	 94.356029	 94.295175	 94.235028	  94.17559	 94.116864	 94.058853	 94.001559	 93.944984	 93.889129	 93.833997	 93.779588	 93.725903	 93.672942	 93.620706	 93.569195	 93.518408	 93.468345	 93.419004	 93.370386	 93.322488	 93.275309	 93.228846	 93.183099	 93.138064	 93.093739	 93.050121	 93.007207	 92.964993	 92.923478	 92.882655	 92.842523	 92.803077	 92.764311	 92.726223	 92.688808	  92.65206	 92.615975	 92.580548	 92.545773	 92.511644	 92.478158	 92.445307	 92.413086	 92.381489	 92.350511	 92.320144	 92.290382	  92.26122	  92.23265	 92.204667	 92.177263	 92.150432	 92.124167	 92.098461	 92.073308	   92.0487	  92.02463	 92.001092	 91.978078	 91.955581	 91.933594	 91.912109	 91.891121	  91.87062	 91.850601	 91.831056	 91.811978	 91.793359	 91.775192	 91.757471	 91.740188	 91.723336	 91.706907	 91.690896	 91.675294	 91.660094	 91.645291	 91.630876	 91.616844	 91.603187	 91.589898	 91.576971	 91.564399	 91.552175	 91.540294	 91.528749	 91.517533	  91.50664	 91.496065	   91.4858	  91.47584	 91.466179	 91.456811	 91.447731	 91.438933	  91.43041	 91.422159	 91.414173	 91.406447	 91.398977	 91.391756	 91.384781	 91.378046	 91.371547	 91.365279	 91.359237	 91.353418	 91.347816	 91.342429	 91.337251	 91.332279	 91.327509	 91.322938	 91.318561	 91.314376	 91.310379	 91.306567	 91.302937	 91.299486	 91.296211	  91.29311	  91.29018	 91.287418	 91.284822	 91.282391	 91.280121	 91.278011	  91.27606	 91.274265	 91.272625	 91.271139	 91.269805	 91.268622	  91.26759	 91.266706	 91.265971	 91.265384	 91.264944	 91.264651	 91.264504	
        99	 98.904096	 98.808211	 98.712362	 98.616569	 98.520848	 98.425219	   98.3297	 98.234309	 98.139063	 98.043982	 97.949082	 97.854381	 97.759898	  97.66565	 97.571653	 97.477926	 97.384485	 97.291348	 97.198531	 97.106051	 97.013924	 96.922166	 96.830794	 96.739823	 96.649268	 96.559146	 96.469471	 96.380258	 96.291521	 96.203276	 96.115535	 96.028314	 95.941624	 95.855481	 95.769895	 95.684881	 95.600451	 95.516616	 95.433388	 95.350779	   95.2688	 95.187461	 95.106774	 95.026747	 94.947391	 94.868716	 94.790729	 94.713441	  94.63686	 94.560993	 94.485848	 94.411433	 94.337755	  94.26482	 94.192635	 94.121205	 94.050537	 93.980635	 93.911504	  93.84315	 93.775576	 93.708786	 93.642783	 93.577572	 93.513154	 93.449532	 93.386709	 93.324686	 93.263465	 93.203047	 93.143433	 93.084623	 93.026618	 92.969418	 92.913022	  92.85743	 92.802641	 92.748653	 92.695465	 92.643075	 92.591482	 92.540682	 92.490673	 92.441453	 92.393018	 92.345364	 92.298489	 92.252388	 92.207058	 92.162493	  92.11869	 92.075644	 92.033349	 91.991802	 91.950995	 91.910925	 91.871585	 91.832969	 91.795072	 91.757888	 91.721409	 91.685629	 91.650543	 91.616143	 91.582422	 91.549374	 91.516991	 91.485266	 91.454192	 91.423762	 91.393968	 91.364802	 91.336257	 91.308326	    91.281	 91.254272	 91.228134	 91.202579	 91.177597	 91.153182	 91.129325	 91.106018	 91.083254	 91.061023	  91.03932	 91.018134	 90.997459	 90.977287	 90.957608	 90.938416	 90.919703	  90.90146	  90.88368	 90.866355	 90.849477	 90.833039	 90.817032	  90.80145	 90.786285	 90.771528	 90.757173	 90.743213	  90.72964	 90.716447	 90.703626	 90.691172	 90.679076	 90.667332	 90.655934	 90.644874	 90.634146	 90.623744	 90.613661	  90.60389	 90.594427	 90.585264	 90.576396	 90.567818	 90.559522	 90.551504	 90.543759	  90.53628	 90.529063	 90.522102	 90.515394	 90.508931	 90.502711	 90.496729	 90.490979	 90.485458	 90.480161	 90.475085	 90.470225	 90.465578	 90.461139	 90.456907	 90.452876	 90.449044	 90.445407	 90.441963	 90.438709	 90.435643	  90.43276	  90.43006	  90.42754	 90.425197	  90.42303	 90.421037	 90.419216	 90.417566	 90.416085	 90.414771	 90.413624	 90.412643	 90.411827	 90.411175	 90.410686	 90.410361	 90.410198	
        99	 98.894576	 98.789173	  98.68381	 98.578507	 98.473285	 98.368163	 98.263162	 98.158302	 98.053602	 97.949082	 97.844762	 97.740661	 97.636798	 97.533194	 97.429867	 97.326836	  97.22412	 97.121738	 97.019707	 96.918047	 96.816775	 96.715908	 96.615466	 96.515465	 96.415921	 96.316853	 96.218276	 96.120207	 96.022662	 95.925657	 95.829207	 95.733327	 95.638032	 95.543338	 95.449257	 95.355804	 95.262992	 95.170835	 95.079346	 94.988537	  94.89842	 94.809007	 94.720309	 94.632339	 94.545106	  94.45862	 94.372893	 94.287933	 94.203749	 94.120351	 94.037748	 93.955946	 93.874954	 93.794779	 93.715428	 93.636908	 93.559225	 93.482384	 93.406391	 93.331251	 93.256969	 93.183549	 93.110995	  93.03931	 92.968498	 92.898561	 92.829502	 92.761322	 92.694024	 92.627608	 92.562076	 92.497429	 92.433666	 92.370788	 92.308794	 92.247683	 92.187455	 92.128108	 92.069641	  92.01205	 91.955335	 91.899493	  91.84452	 91.790414	 91.737171	 91.684787	 91.633259	 91.582581	 91.532751	 91.483763	 91.435612	 91.388292	   91.3418	 91.296128	 91.251271	 91.207223	 91.163978	 91.121529	  91.07987	 91.038994	 90.998894	 90.959563	 90.920994	 90.883179	 90.846111	 90.809782	 90.774184	  90.73931	 90.705152	 90.671701	 90.638949	 90.606888	  90.57551	 90.544806	 90.514768	 90.485387	 90.456654	 90.428562	   90.4011	 90.374261	 90.348036	 90.322416	 90.297392	 90.272955	 90.249097	 90.225808	 90.203081	 90.180906	 90.159274	 90.138177	 90.117606	 90.097553	 90.078008	 90.058963	  90.04041	 90.022339	 90.004744	 89.987615	 89.970944	 89.954723	 89.938943	 89.923597	 89.908676	 89.894174	  89.88008	  89.86639	 89.853093	 89.840184	 89.827654	 89.815496	 89.803703	 89.792268	 89.781184	 89.770444	 89.760041	 89.749969	 89.740221	 89.730791	 89.721672	 89.712858	 89.704343	 89.696122	 89.688189	 89.680538	 89.673163	 89.666059	 89.659222	 89.652645	 89.646325	 89.640255	 89.634433	 89.628853	 89.623511	 89.618402	 89.613523	  89.60887	 89.604439	 89.600227	 89.596229	 89.592443	 89.588866	 89.585495	 89.582327	 89.579359	 89.576588	 89.574013	 89.571631	  89.56944	 89.567438	 89.565624	 89.563996	 89.562552	 89.561291	 89.560213	 89.559316	 89.558599	 89.558062	 89.557704	 89.557525	
        99	 98.885076	 98.770175	 98.655317	 98.540525	 98.425821	 98.311227	 98.196764	 98.082455	  97.96832	 97.854381	 97.740661	 97.627179	 97.513958	 97.401017	 97.288379	 97.176064	 97.064092	 96.952484	 96.841259	 96.730438	  96.62004	 96.510084	 96.400591	 96.291578	 96.183065	 96.075069	 95.967609	 95.860703	 95.754368	 95.648622	  95.54348	  95.43896	 95.335079	 95.231851	 95.129292	 95.027418	 94.926243	 94.825781	 94.726048	 94.627055	 94.528818	 94.431348	 94.334658	  94.23876	 94.143666	 94.049388	 93.955935	 93.863319	  93.77155	 93.680636	 93.590589	 93.501416	 93.413125	 93.325726	 93.239225	 93.153629	 93.068945	  92.98518	  92.90234	 92.820429	 92.739453	 92.659417	 92.580325	  92.50218	 92.424987	 92.348748	 92.273465	 92.199142	 92.125779	 92.053379	 91.981942	 91.911469	  91.84196	 91.773416	 91.705836	 91.639218	 91.573563	 91.508868	 91.445132	 91.382352	 91.320526	 91.259652	 91.199725	 91.140743	 91.082702	 91.025598	 90.969427	 90.914183	 90.859862	 90.806459	 90.753969	 90.702386	 90.651704	 90.601916	 90.553017	    90.505	 90.457858	 90.411584	 90.366171	 90.321611	 90.277898	 90.235023	 90.192978	 90.151755	 90.111347	 90.071745	 90.032939	 89.994923	 89.957686	 89.921221	 89.885518	 89.850568	 89.816362	 89.782892	 89.750147	 89.718118	 89.686796	 89.656172	 89.626236	 89.596979	  89.56839	 89.540461	 89.513182	 89.486543	 89.460535	 89.435148	 89.410373	 89.386199	 89.362618	  89.33962	 89.317196	 89.295335	 89.274029	 89.253268	 89.233043	 89.213344	 89.194163	 89.175491	 89.157317	 89.139634	 89.122433	 89.105704	 89.089439	 89.073629	 89.058266	 89.043341	 89.028847	 89.014774	 89.001115	 88.987862	 88.975006	 88.962541	 88.950458	  88.93875	  88.92741	  88.91643	 88.905804	 88.895523	 88.885583	 88.875975	 88.866693	 88.857731	 88.849083	 88.840742	 88.832702	 88.824959	 88.817505	 88.810336	 88.803446	  88.79683	 88.790483	   88.7844	 88.778576	 88.773007	 88.767689	 88.762616	 88.757786	 88.753194	 88.748836	 88.744709	  88.74081	 88.737135	 88.733681	 88.730445	 88.727425	 88.724618	 88.722021	 88.719633	 88.717451	 88.715473	 88.713698	 88.712124	  88.71075	 88.709575	 88.708597	 88.707815	  88.70723	  88.70684	 88.706645	
        99	 98.875598	  98.75122	  98.62689	 98.502631	 98.378467	 98.254422	 98.130519	 98.006781	 97.883233	 97.759898	 97.636798	 97.513958	 97.391398	 97.269144	 97.147216	 97.025638	 96.904431	 96.783618	  96.66322	 96.543259	 96.423756	 96.304732	 96.186208	 96.068205	 95.950742	  95.83384	 95.717517	 95.601794	  95.48669	 95.372222	 95.258409	 95.145269	  95.03282	 94.921078	 94.810061	 94.699785	 94.590266	 94.481519	  94.37356	 94.266403	 94.160064	 94.054555	 93.949891	 93.846084	 93.743147	 93.641093	 93.539933	 93.439679	 93.340341	  93.24193	 93.144456	 93.047928	 92.952356	 92.857748	 92.764113	 92.671458	  92.57979	 92.489117	 92.399444	 92.310778	 92.223124	 92.136487	 92.050872	 91.966282	 91.882723	 91.800196	 91.718704	 91.638251	 91.558838	 91.480467	 91.403138	 91.326853	 91.251612	 91.177414	  91.10426	 91.032149	 90.961079	 90.891048	 90.822055	 90.754098	 90.687173	 90.621278	 90.556409	 90.492563	 90.429735	 90.367921	 90.307117	 90.247317	 90.188516	 90.130709	  90.07389	 90.018052	  89.96319	 89.909296	 89.856364	 89.804387	 89.753357	 89.703267	 89.654108	 89.605874	 89.558555	 89.512144	 89.466632	 89.422009	 89.378268	   89.3354	 89.293394	 89.252242	 89.211935	 89.172462	 89.133814	 89.095982	 89.058955	 89.022724	 88.987278	 88.952608	 88.918703	 88.885554	 88.853149	 88.821478	 88.790532	 88.760299	 88.730771	 88.701935	 88.673782	 88.646301	 88.619482	 88.593315	 88.567789	 88.542895	 88.518621	 88.494957	 88.471893	  88.44942	 88.427527	 88.406204	 88.385441	 88.365229	 88.345556	 88.326415	 88.307795	 88.289686	  88.27208	 88.254966	 88.238336	 88.222181	 88.206491	 88.191257	 88.176472	 88.162125	  88.14821	 88.134716	 88.121637	 88.108963	 88.096688	 88.084803	   88.0733	 88.062172	 88.051411	 88.041011	 88.030963	 88.021262	 88.011901	 88.002872	 87.994169	 87.985787	 87.977719	 87.969958	   87.9625	 87.955338	 87.948468	 87.941883	 87.935579	 87.929551	 87.923794	 87.918303	 87.913074	 87.908104	 87.903386	 87.898919	 87.894698	  87.89072	 87.886982	 87.883479	  87.88021	 87.877171	  87.87436	 87.871775	 87.869413	 87.867272	 87.865351	 87.863647	 87.862159	 87.860887	 87.859828	 87.858982	 87.858348	 87.857926	 87.857715	
        99	 98.866144	 98.732313	 98.598533	  98.46483	  98.33123	 98.197757	 98.064437	 97.931296	 97.798359	  97.66565	 97.533194	 97.401017	 97.269144	 97.137598	 97.006403	 96.875585	 96.745166	 96.615171	 96.485623	 96.356545	  96.22796	  96.09989	 95.972358	 95.845387	 95.718997	 95.593209	 95.468047	 95.343529	 95.219676	 95.096508	 94.974045	 94.852307	 94.731311	 94.611077	 94.491623	 94.372966	 94.255123	 94.138111	 94.021947	 93.906647	 93.792225	 93.678698	 93.566079	 93.454383	 93.343623	 93.233813	 93.124964	 93.017091	 92.910203	 92.804313	 92.699431	 92.595567	 92.492731	 92.390933	 92.290182	 92.190485	  92.09185	 91.994286	 91.897798	 91.802393	 91.708077	 91.614856	 91.522734	 91.431715	 91.341805	 91.253006	 91.165321	 91.078754	 90.993305	 90.908977	 90.825772	 90.743689	 90.662729	 90.582893	 90.504179	 90.426587	 90.350115	 90.274763	 90.200526	 90.127404	 90.055393	  89.98449	 89.914691	 89.845992	 89.778389	 89.711878	 89.646452	 89.582107	 89.518838	 89.456638	   89.3955	 89.335419	 89.276387	 89.218397	 89.161442	 89.105515	 89.050606	 88.996709	 88.943815	 88.891914	    88.841	 88.791061	  88.74209	 88.694076	 88.647011	 88.600884	 88.555686	 88.511407	 88.468036	 88.425563	 88.383978	  88.34327	  88.30343	 88.264445	 88.226305	    88.189	 88.152518	 88.116849	 88.081981	 88.047904	 88.014606	 87.982076	 87.950303	 87.919275	 87.888983	 87.859413	 87.830556	 87.802401	 87.774935	 87.748148	 87.722029	 87.696567	 87.671751	  87.64757	 87.624013	 87.601069	 87.578728	 87.556979	 87.535812	 87.515216	  87.49518	 87.475696	 87.456751	 87.438337	 87.420443	 87.403059	 87.386177	 87.369786	 87.353877	  87.33844	 87.323467	 87.308948	 87.294874	 87.281238	 87.268029	 87.255241	 87.242864	  87.23089	 87.219311	  87.20812	  87.19731	 87.186871	 87.176798	 87.167083	 87.157719	   87.1487	 87.140018	 87.131668	 87.123643	 87.115937	 87.108544	 87.101459	 87.094676	  87.08819	 87.081995	 87.076087	 87.070461	 87.065112	 87.060037	  87.05523	 87.050689	 87.046408	 87.042385	 87.038616	 87.035099	 87.031829	 87.028805	 87.026023	 87.023481	 87.021178	  87.01911	 87.017277	 87.015677	 87.014307	 87.013168	 87.012258	 87.011576	 87.011122	 87.010895	
        99	 98.856714	 98.713456	 98.570253	 98.427131	 98.284119	 98.141244	 97.998533	 97.856013	 97.713711	 97.571653	 97.429867	 97.288379	 97.147216	 97.006403	 96.865967	 96.725933	 96.586328	 96.447175	 96.308501	  96.17033	 96.032687	 95.895596	 95.759081	 95.623164	 95.487871	 95.353223	 95.219243	 95.085954	 94.953376	 94.821532	 94.690443	 94.560129	  94.43061	 94.301906	 94.174037	 94.047021	 93.920877	 93.795622	 93.671275	 93.547853	 93.425371	 93.303846	 93.183294	  93.06373	 92.945168	 92.827622	 92.711106	 92.595633	 92.481216	 92.367866	 92.255596	 92.144416	 92.034336	 91.925367	 91.817518	 91.710798	 91.605215	 91.500778	 91.397493	 91.295367	 91.194408	 91.094619	 90.996008	 90.898578	 90.802334	  90.70728	 90.613418	 90.520753	 90.429285	 90.339017	  90.24995	 90.162085	 90.075422	 89.989962	 89.905703	 89.822645	 89.740787	 89.660126	  89.58066	 89.502386	 89.425303	 89.349405	 89.274689	 89.201151	 89.128786	 89.057589	 88.987555	 88.918677	 88.850951	 88.784369	 88.718924	 88.654611	 88.591421	 88.529346	 88.468379	 88.408512	 88.349735	 88.292041	 88.235421	 88.179865	 88.125363	 88.071907	 88.019486	  87.96809	 87.917709	 87.868333	 87.819951	 87.772552	 87.726126	 87.680662	 87.636147	 87.592572	 87.549925	 87.508194	 87.467368	 87.427435	 87.388383	 87.350201	 87.312877	 87.276399	 87.240755	 87.205934	 87.171922	 87.138709	 87.106283	 87.074631	 87.043741	 87.013602	 86.984201	 86.955527	 86.927568	 86.900313	 86.873748	 86.847864	 86.822647	 86.798087	 86.774173	 86.750892	 86.728234	 86.706187	  86.68474	 86.663882	 86.643603	 86.623892	 86.604737	 86.586129	 86.568058	 86.550512	 86.533482	 86.516958	  86.50093	 86.485388	 86.470323	 86.455726	 86.441587	 86.427898	 86.414649	 86.401831	 86.389437	 86.377458	 86.365886	 86.354712	 86.343929	  86.33353	 86.323507	 86.313852	 86.304559	  86.29562	  86.28703	 86.278781	 86.270868	 86.263283	 86.256022	 86.249079	 86.242448	 86.236124	 86.230101	 86.224376	 86.218943	 86.213798	 86.208936	 86.204354	 86.200048	 86.196014	 86.192248	 86.188748	 86.185511	 86.182533	 86.179812	 86.177347	 86.175133	 86.173171	 86.171458	 86.169992	 86.168773	 86.167798	 86.167068	 86.166582	 86.166339	
        99	 98.847312	 98.694653	 98.542053	  98.38954	 98.237144	 98.084893	 97.932818	 97.780945	 97.629305	 97.477926	 97.326836	 97.176064	 97.025638	 96.875585	 96.725933	 96.576711	 96.427944	 96.279661	 96.131887	  95.98465	 95.837974	 95.691887	 95.546414	 95.401579	 95.257408	 95.113924	 94.971153	 94.829117	  94.68784	 94.547344	 94.407653	 94.268787	  94.13077	  93.99362	 93.857361	  93.72201	 93.587588	 93.454115	 93.321608	 93.190087	 93.059568	 92.930069	 92.801606	 92.674196	 92.547854	 92.422595	 92.298433	 92.175383	 92.053458	 91.932671	 91.813033	 91.694557	 91.577254	 91.461135	 91.346209	 91.232486	 91.119975	 91.008684	 90.898622	 90.789795	  90.68221	 90.575874	 90.470792	 90.366969	 90.264409	 90.163118	 90.063097	 89.964351	 89.866881	 89.770689	 89.675778	 89.582147	 89.489798	 89.398729	 89.308942	 89.220434	 89.133204	  89.04725	  88.96257	  88.87916	 88.797018	  88.71614	 88.636521	 88.558158	 88.481044	 88.405175	 88.330545	 88.257148	 88.184978	 88.114027	 88.044288	 87.975754	 87.908417	 87.842269	 87.777302	 87.713506	 87.650873	 87.589393	 87.529057	 87.469855	 87.411777	 87.354813	 87.298952	 87.244184	 87.190497	 87.137881	 87.086324	 87.035815	 86.986343	 86.937895	  86.89046	 86.844025	 86.798579	  86.75411	 86.710605	 86.668051	 86.626437	  86.58575	 86.545977	 86.507105	 86.469122	 86.432016	 86.395773	  86.36038	 86.325826	 86.292097	  86.25918	 86.227063	 86.195733	 86.165178	 86.135384	  86.10634	 86.078032	 86.050449	 86.023578	 85.997407	 85.971923	 85.947114	 85.922969	 85.899475	 85.876621	 85.854395	 85.832785	 85.811781	 85.791369	  85.77154	 85.752283	 85.733586	 85.715438	  85.69783	  85.68075	 85.664188	 85.648135	  85.63258	 85.617513	 85.602926	 85.588807	 85.575149	 85.561941	 85.549176	 85.536844	 85.524938	 85.513447	 85.502366	 85.491684	 85.481396	 85.471493	 85.461968	 85.452814	 85.444024	 85.435591	 85.427509	 85.419772	 85.412373	 85.405307	 85.398568	  85.39215	 85.386049	 85.380259	 85.374777	 85.369596	 85.364713	 85.360124	 85.355825	 85.351813	 85.348083	 85.344633	  85.34146	 85.338561	 85.335933	 85.333575	 85.331484	 85.329658	 85.328096	 85.326797	 85.325759	 85.324981	 85.324463	 85.324204	
        99	 98.837938	 98.675908	 98.513939	 98.352064	 98.190312	 98.028715	 97.867303	 97.706107	 97.545158	 97.384485	  97.22412	 97.064092	 96.904431	 96.745166	 96.586328	 96.427944	 96.270045	 96.112658	 95.955813	 95.799536	 95.643857	 95.488801	 95.334397	 95.180671	 95.027649	 94.875357	  94.72382	 94.573065	 94.423115	 94.273994	 94.125727	 93.978337	 93.831846	 93.686277	 93.541652	 93.397992	 93.255319	 93.113651	  92.97301	 92.833414	 92.694883	 92.557434	 92.421085	 92.285853	 92.151755	 92.018806	 91.887022	 91.756418	 91.627008	 91.498805	 91.371823	 91.246074	 91.121569	 90.998321	  90.87634	 90.755636	 90.636218	 90.518095	 90.401276	 90.285768	 90.171579	 90.058714	 89.947181	 89.836984	 89.728129	 89.620619	 89.514458	 89.409649	 89.306195	 89.204099	 89.103361	 89.003982	 88.905963	 88.809304	 88.714005	 88.620063	 88.527478	 88.436247	 88.346368	 88.257838	 88.170654	  88.08481	 88.000304	 87.917129	 87.835282	 87.754755	 87.675544	 87.597641	  87.52104	 87.445733	 87.371713	 87.298972	 87.227501	 87.157292	 87.088337	 87.020624	 86.954146	 86.888892	 86.824852	 86.762016	 86.700373	 86.639911	 86.580621	 86.522491	 86.465508	 86.409662	  86.35494	  86.30133	 86.248821	 86.197398	 86.147051	 86.097766	  86.04953	 86.002331	 85.956155	 85.910989	  85.86682	 85.823635	  85.78142	 85.740162	 85.699848	 85.660463	 85.621995	  85.58443	 85.547754	 85.511954	 85.477017	 85.442928	 85.409675	 85.377244	 85.345621	 85.314794	 85.284749	 85.255472	 85.226952	 85.199173	 85.172125	 85.145793	 85.120166	  85.09523	 85.070973	 85.047382	 85.024446	 85.002151	 84.980487	 84.959441	 84.939001	 84.919156	 84.899895	 84.881205	 84.863077	 84.845499	  84.82846	  84.81195	 84.795958	 84.780475	  84.76549	 84.750993	 84.736975	 84.723426	 84.710337	 84.697699	 84.685504	 84.673741	 84.662405	 84.651485	 84.640974	 84.630864	 84.621148	 84.611818	 84.602868	  84.59429	 84.586077	 84.578224	 84.570724	 84.563571	  84.55676	 84.550284	 84.544139	  84.53832	 84.532821	 84.527639	 84.522768	 84.518205	 84.513946	 84.509988	 84.506326	 84.502958	 84.499881	 84.497092	 84.494589	 84.492369	 84.490432	 84.488774	 84.487394	 84.486292	 84.485467	 84.484917	 84.484642	
