Time step 5:
        99	        99	        99	        99	        99	        99	        99	        99	        99	        99	        99	        99	        99	        99	        99	        99	        99	        99	        99	        99	        99	        99	        99	        99	        99	        99	        99	        99	        99	        99	        99	        99	        99	        99	        99	        99	        99	        99	        99	        99	        99	        99	        99	        99	        99	        99	        99	        99	        99	        99	        99	        99	        99	        99	        99	        99	        99	        99	        99	        99	        99	        99	        99	        99	        99	        99	        99	        99	        99	        99	        99	        99	        99	        99	        99	        99	        99	        99	        99	        99	        99	        99	        99	        99	        99	        99	        99	        99	        99	        99	        99	        99	        99	        99	        99	        99	        99	        99	        99	        99	        99	        99	        99	        99	        99	        99	        99	        99	        99	        99	        99	        99	        99	        99	        99	        99	        99	        99	        99	        99	        99	        99	        99	        99	        99	        99	        99	        99	        99	        99	        99	        99	        99	        99	        99	        99	        99	        99	        99	        99	        99	        99	        99	        99	        99	        99	        99	        99	        99	        99	        99	        99	        99	        99	        99	        99	        99	        99	        99	        99	        99	        99	        99	        99	        99	        99	        99	        99	        99	        99	        99	        99	        99	        99	        99	        99	        99	        99	        99	        99	        99	        99	        99	        99	        99	        99	        99	        99	        99	        99	        99	        99	        99	        99	        99	        99	        99	        99	        99	        99	
        99	 98.873086	 98.746492	 98.620537	 98.495532	 98.371785	 98.249591	 98.129235	 98.010989	 97.895109	 97.781835	 97.671386	 97.563964	  97.45975	 97.358903	 97.261559	 97.167836	 97.077824	 96.991596	 96.909201	 96.830666	 96.755999	 96.685189	 96.618206	 96.555003	 96.495516	 96.439668	 96.387369	 96.338516	 96.292997	 96.250691	 96.211471	 96.175202	 96.141748	 96.110967	 96.082717	 96.056855	 96.033239	 96.011728	 95.992183	 95.974469	 95.958456	 95.944015	 95.931026	 95.919372	 95.908942	 95.899631	 95.891339	 95.883973	 95.877447	 95.871679	 95.866594	 95.862122	 95.858199	 95.854767	 95.851771	 95.849163	 95.846898	 95.844935	  95.84324	 95.841778	 95.840521	 95.839443	 95.838521	 95.837734	 95.837064	 95.836496	 95.836014	 95.835607	 95.835263	 95.834975	 95.834733	 95.834531	 95.834362	 95.834221	 95.834104	 95.834008	 95.833928	 95.833862	 95.833808	 95.833763	 95.833727	 95.833697	 95.833673	 95.833654	 95.833638	 95.833625	 95.833615	 95.833606	   95.8336	 95.833594	  95.83359	 95.833587	 95.833584	 95.833582	  95.83358	 95.833579	 95.833578	 95.833577	 95.833576	 95.833576	 95.833576	 95.833575	 95.833575	 95.833575	 95.833575	 95.833575	 95.833574	 95.833574	 95.833574	 95.833574	 95.833574	 95.833574	 95.833574	 95.833574	 95.833574	 95.833574	 95.833574	 95.833574	 95.833574	 95.833574	 95.833574	 95.833574	 95.833574	 95.833574	 95.833574	 95.833574	 95.833574	 95.833574	 95.833574	 95.833574	 95.833574	 95.833574	 95.833574	 95.833574	 95.833574	 95.833574	 95.833574	 95.833574	 95.833574	 95.833574	 95.833574	 95.833574	 95.833574	 95.833574	 95.833574	 95.833574	 95.833574	 95.833574	 95.833574	 95.833574	 95.833574	 95.833574	 95.833574	 95.833574	 95.833574	 95.833574	 95.833574	 95.833574	 95.833574	 95.833574	 95.833574	 95.833574	 95.833574	 95.833574	 95.833574	 95.833574	 95.833574	 95.833574	 95.833574	 95.833574	 95.833574	 95.833574	 95.833574	 95.833574	 95.833574	 95.833574	 95.833574	 95.833574	 95.833574	 95.833574	 95.833574	 95.833574	 95.833574	 95.833574	 95.833574	 95.833574	 95.833574	 95.833574	 95.833574	 95.833574	 95.833574	 95.833574	 95.833574	 95.833574	 95.833574	 95.833574	 95.833574	 95.833574	 95.833574	
        99	 98.746492	 98.493624	 98.242031	 97.992338	 97.745155	 97.501075	 97.260667	 97.024474	 96.793007	 96.566743	 96.346124	 96.131552	 95.923387	 95.721946	 95.527506	 95.340295	 95.160499	 94.988261	 94.823678	 94.666806	 94.517661	  94.37622	 94.242423	 94.116176	 93.997352	 93.885797	  93.78133	 93.683748	 93.592824	  93.50832	 93.429978	 93.357533	 93.290709	 93.229225	 93.172796	 93.121138	 93.073965	 93.030996	 92.991956	 92.956573	 92.924587	 92.895742	 92.869797	 92.846518	 92.825684	 92.807085	 92.790522	 92.775809	 92.762774	 92.751252	 92.741095	 92.732163	 92.724327	 92.717471	 92.711487	 92.706277	 92.701752	 92.697832	 92.694445	 92.691526	 92.689015	 92.686862	  92.68502	 92.683448	  92.68211	 92.680974	 92.680012	 92.679198	 92.678513	 92.677937	 92.677453	 92.677049	 92.676712	 92.676431	 92.676198	 92.676005	 92.675845	 92.675713	 92.675605	 92.675517	 92.675444	 92.675385	 92.675337	 92.675298	 92.675266	  92.67524	  92.67522	 92.675203	  92.67519	 92.675179	 92.675171	 92.675164	 92.675158	 92.675154	 92.675151	 92.675148	 92.675146	 92.675144	 92.675143	 92.675142	 92.675141	 92.675141	  92.67514	  92.67514	  92.67514	  92.67514	 92.675139	 92.675139	 92.675139	 92.675139	 92.675139	 92.675139	 92.675139	 92.675139	 92.675139	 92.675139	 92.675139	 92.675139	 92.675139	 92.675139	 92.675139	 92.675139	 92.675139	 92.675139	 92.675139	 92.675139	 92.675139	 92.675139	 92.675139	 92.675139	 92.675139	 92.675139	 92.675139	 92.675139	 92.675139	 92.675139	 92.675139	 92.675139	 92.675139	 92.675139	 92.675139	 92.675139	 92.675139	 92.675139	 92.675139	 92.675139	 92.675139	 92.675139	 92.675139	 92.675139	 92.675139	 92.675139	 92.675139	 92.675139	 92.675139	 92.675139	 92.675139	 92.675139	 92.675139	 92.675139	 92.675139	 92.675139	 92.675139	 92.675139	 92.675139	 92.675139	 92.675139	 92.675139	 92.675139	 92.675139	 92.675139	 92.675139	 92.675139	 92.675139	 92.675139	 92.675139	 92.675139	 92.675139	 92.675139	 92.675139	 92.675139	 92.675139	 92.675139	 92.675139	 92.675139	 92.675139	 92.675139	 92.675139	 92.675139	 92.675139	 92.675139	 92.675139	 92.675139	 92.675139	 92.675139	 92.675139	 92.675139	 92.675139	 92.675139	
        99	 98.620537	 98.242031	 97.865433	 97.491679	 97.121683	 96.756332	 96.396478	 96.042932	  95.69646	 95.357777	 95.027543	  94.70636	 94.394767	 94.093241	 93.802193	 93.521966	 93.252839	 92.995023	 92.748666	 92.513853	 92.290605	 92.078889	 91.878615	 91.689641	  91.51178	 91.344799	 91.188428	 91.042361	 90.906263	 90.779772	 90.662506	 90.554066	 90.454041	 90.362008	 90.277543	 90.200218	 90.129607	 90.065289	 90.006851	 89.953889	  89.90601	 89.862834	 89.823998	 89.789153	 89.757968	 89.730127	 89.705335	 89.683313	   89.6638	 89.646554	  89.63135	  89.61798	 89.606251	 89.595989	 89.587031	 89.579233	  89.57246	 89.566593	 89.561523	 89.557152	 89.553395	 89.550172	 89.547415	 89.545062	 89.543059	 89.541358	 89.539917	   89.5387	 89.537674	 89.536812	 89.536088	 89.535483	 89.534978	 89.534558	 89.534209	  89.53392	 89.533681	 89.533484	 89.533322	 89.533189	 89.533081	 89.532992	  89.53292	 89.532861	 89.532814	 89.532776	 89.532745	  89.53272	   89.5327	 89.532684	 89.532671	 89.532661	 89.532653	 89.532647	 89.532642	 89.532638	 89.532635	 89.532632	  89.53263	 89.532629	 89.532628	 89.532627	 89.532626	 89.532625	 89.532625	 89.532625	 89.532624	 89.532624	 89.532624	 89.532624	 89.532624	 89.532624	 89.532624	 89.532624	 89.532624	 89.532624	 89.532624	 89.532624	 89.532624	 89.532624	 89.532624	 89.532624	 89.532624	 89.532624	 89.532624	 89.532624	 89.532624	 89.532624	 89.532624	 89.532624	 89.532624	 89.532624	 89.532624	 89.532624	 89.532624	 89.532624	 89.532624	 89.532624	 89.532624	 89.532624	 89.532624	 89.532624	 89.532624	 89.532624	 89.532624	 89.532624	 89.532624	 89.532624	 89.532624	 89.532624	 89.532624	 89.532624	 89.532624	 89.532624	 89.532624	 89.532624	 89.532624	 89.532624	 89.532624	 89.532624	 89.532624	 89.532624	 89.532624	 89.532624	 89.532624	 89.532624	 89.532624	 89.532624	 89.532624	 89.532624	 89.532624	 89.532624	 89.532624	 89.532624	 89.532624	 89.532624	 89.532624	 89.532624	 89.532624	 89.532624	 89.532624	 89.532624	 89.532624	 89.532624	 89.532624	 89.532624	 89.532624	 89.532624	 89.532624	 89.532624	 89.532624	 89.532624	 89.532624	 89.532624	 89.532624	 89.532624	 89.532624	 89.532624	 89.532624	
        99	 98.495532	 97.992338	 97.491679	 96.994801	  96.50292	 96.017213	 95.538814	 95.068801	 94.608192	 94.157939	 93.718918	 93.291929	 92.877691	 92.476835	 92.089908	 91.717367	 91.359583	 91.016837	 90.689324	 90.377157	 90.080366	 89.798906	 89.532657	  89.28143	 89.044977	 88.822989	 88.615105	  88.42092	 88.239987	 88.071827	 87.915932	 87.771769	 87.638793	 87.516442	 87.404152	 87.301354	 87.207482	 87.121977	 87.044288	 86.973879	 86.910227	 86.852829	 86.801199	 86.754875	 86.713416	 86.676404	 86.643445	 86.614168	 86.588227	 86.565301	 86.545088	 86.527313	 86.511721	 86.498077	 86.486169	 86.475802	 86.466798	 86.458998	 86.452257	 86.446448	 86.441452	 86.437168	 86.433502	 86.430374	 86.427711	  86.42545	 86.423535	 86.421917	 86.420553	 86.419406	 86.418444	  86.41764	 86.416968	  86.41641	 86.415946	 86.415561	 86.415244	 86.414982	 86.414767	  86.41459	 86.414446	 86.414328	 86.414232	 86.414154	 86.414091	  86.41404	 86.413999	 86.413966	  86.41394	 86.413919	 86.413902	 86.413888	 86.413878	 86.413869	 86.413862	 86.413857	 86.413853	  86.41385	 86.413847	 86.413845	 86.413844	 86.413842	 86.413841	 86.413841	  86.41384	  86.41384	 86.413839	 86.413839	 86.413839	 86.413839	 86.413839	 86.413839	 86.413839	 86.413839	 86.413839	 86.413839	 86.413838	 86.413838	 86.413838	 86.413838	 86.413838	 86.413838	 86.413838	 86.413838	 86.413838	 86.413838	 86.413838	 86.413838	 86.413838	 86.413838	 86.413838	 86.413838	 86.413838	 86.413838	 86.413838	 86.413838	 86.413838	 86.413838	 86.413838	 86.413838	 86.413838	 86.413838	 86.413838	 86.413838	 86.413838	 86.413838	 86.413838	 86.413838	 86.413838	 86.413838	 86.413838	 86.413838	 86.413838	 86.413838	 86.413838	 86.413838	 86.413838	 86.413838	 86.413838	 86.413838	 86.413838	 86.413838	 86.413838	 86.413838	 86.413838	 86.413838	 86.413838	 86.413838	 86.413838	 86.413838	 86.413838	 86.413838	 86.413838	 86.413838	 86.413838	 86.413838	 86.413838	 86.413838	 86.413838	 86.413838	 86.413838	 86.413838	 86.413838	 86.413838	 86.413838	 86.413838	 86.413838	 86.413838	 86.413838	 86.413838	 86.413838	 86.413838	 86.413838	 86.413838	 86.413838	 86.413838	 86.413838	 86.413838	 86.413838	
        99	 98.371785	 97.745155	 97.121683	  96.50292	 95.890378	 95.285526	 94.689774	 94.104466	 93.530868	 92.970166	 92.423452	 91.891722	 91.375869	 90.876682	 90.394841	 89.930915	 89.485365	 89.058542	 88.650689	 88.261947	 87.892353	 87.541849	 87.210288	 86.897435	 86.602979	 86.326536	 86.067658	 85.825839	 85.600523	 85.391113	 85.196975	  85.01745	 84.851853	  84.69949	 84.559655	  84.43164	 84.314741	 84.208261	 84.111515	 84.023834	 83.944569	  83.87309	 83.808796	 83.751109	  83.69948	 83.653388	 83.612344	 83.575885	 83.543581	 83.515031	  83.48986	 83.467725	 83.448307	 83.431317	 83.416488	 83.403577	 83.392365	 83.382651	 83.374258	 83.367023	 83.360802	 83.355466	 83.350902	 83.347006	  83.34369	 83.340874	 83.338489	 83.336474	 83.334776	 83.333348	  83.33215	 83.331148	 83.330312	 83.329616	 83.329038	  83.32856	 83.328164	 83.327838	  83.32757	 83.327351	 83.327171	 83.327024	 83.326905	 83.326808	 83.326729	 83.326666	 83.326615	 83.326574	 83.326541	 83.326514	 83.326493	 83.326476	 83.326463	 83.326453	 83.326444	 83.326438	 83.326432	 83.326428	 83.326425	 83.326423	 83.326421	 83.326419	 83.326418	 83.326417	 83.326417	 83.326416	 83.326416	 83.326415	 83.326415	 83.326415	 83.326415	 83.326415	 83.326415	 83.326415	 83.326414	 83.326414	 83.326414	 83.326414	 83.326414	 83.326414	 83.326414	 83.326414	 83.326414	 83.326414	 83.326414	 83.326414	 83.326414	 83.326414	 83.326414	 83.326414	 83.326414	 83.326414	 83.326414	 83.326414	 83.326414	 83.326414	 83.326414	 83.326414	 83.326414	 83.326414	 83.326414	 83.326414	 83.326414	 83.326414	 83.326414	 83.326414	 83.326414	 83.326414	 83.326414	 83.326414	 83.326414	 83.326414	 83.326414	 83.326414	 83.326414	 83.326414	 83.326414	 83.326414	 83.326414	 83.326414	 83.326414	 83.326414	 83.326414	 83.326414	 83.326414	 83.326414	 83.326414	 83.326414	 83.326414	 83.326414	 83.326414	 83.326414	 83.326414	 83.326414	 83.326414	 83.326414	 83.326414	 83.326414	 83.326414	 83.326414	 83.326414	 83.326414	 83.326414	 83.326414	 83.326414	 83.326414	 83.326414	 83.326414	 83.326414	 83.326414	 83.326414	 83.326414	 83.326414	 83.326414	 83.326414	 83.326414	 83.326414	 83.326414	 83.326414	
        99	 98.249591	 97.501075	 96.756332	 96.017213	 95.285526	 94.563025	 93.851393	 93.152236	 92.467068	 91.797304	 91.144249	 90.509092	 89.892901	 89.296617	 88.721052	 88.166888	 87.634675	  87.12483	 86.637647	  86.17329	 85.731806	 85.313126	 84.917073	 84.543367	 84.191637	 83.861423	  83.55219	 83.263335	 82.994193	 82.744051	 82.512152	 82.297706	   82.0999	 81.917901	 81.750866	 81.597951	 81.458314	 81.331123	 81.215559	 81.110823	 81.016139	 80.930758	 80.853957	  80.78505	 80.723378	 80.668322	 80.619294	 80.575744	 80.537156	 80.503052	 80.472985	 80.446545	 80.423351	 80.403056	 80.385342	  80.36992	 80.356526	 80.344924	 80.334897	 80.326255	 80.318824	 80.312451	 80.306999	 80.302346	 80.298385	 80.295021	 80.292172	 80.289765	 80.287736	  80.28603	   80.2846	 80.283403	 80.282404	 80.281573	 80.280883	 80.280311	 80.279839	 80.279449	 80.279129	 80.278867	 80.278652	 80.278477	 80.278334	 80.278218	 80.278125	 80.278049	 80.277988	 80.277938	 80.277899	 80.277868	 80.277842	 80.277822	 80.277806	 80.277794	 80.277784	 80.277776	  80.27777	 80.277765	 80.277761	 80.277758	 80.277756	 80.277754	 80.277753	 80.277752	 80.277751	  80.27775	  80.27775	 80.277749	 80.277749	 80.277749	 80.277749	 80.277749	 80.277749	 80.277748	 80.277748	 80.277748	 80.277748	 80.277748	 80.277748	 80.277748	 80.277748	 80.277748	 80.277748	 80.277748	 80.277748	 80.277748	 80.277748	 80.277748	 80.277748	 80.277748	 80.277748	 80.277748	 80.277748	 80.277748	 80.277748	 80.277748	 80.277748	 80.277748	 80.277748	 80.277748	 80.277748	 80.277748	 80.277748	 80.277748	 80.277748	 80.277748	 80.277748	 80.277748	 80.277748	 80.277748	 80.277748	 80.277748	 80.277748	 80.277748	 80.277748	 80.277748	 80.277748	 80.277748	 80.277748	 80.277748	 80.277748	 80.277748	 80.277748	 80.277748	 80.277748	 80.277748	 80.277748	 80.277748	 80.277748	 80.277748	 80.277748	 80.277748	 80.277748	 80.277748	 80.277748	 80.277748	 80.277748	 80.277748	 80.277748	 80.277748	 80.277748	 80.277748	 80.277748	 80.277748	 80.277748	 80.277748	 80.277748	 80.277748	 80.277748	 80.277748	 80.277748	 80.277748	 80.277748	 80.277748	 80.277748	 80.277748	 80.277748	 80.277748	 80.277748	
        99	 98.129235	 97.260667	 96.396478	 95.538814	 94.689774	 93.851393	 93.025625	 92.214332	 91.419273	 90.642088	 89.884291	 89.147263	 88.432243	 87.740323	 87.072446	 86.429402	 85.811828	 85.220211	  84.65489	 84.116057	 83.603765	 83.117934	 82.658359	 82.224716	 81.816573	 81.433397	 81.074568	 80.739384	 80.427075	 80.136813	 79.867721	 79.618881	  79.38935	  79.17816	 78.984335	 78.806895	 78.644862	 78.497271	 78.363172	 78.241638	 78.131768	 78.032693	 77.943575	 77.863615	 77.792052	 77.728165	 77.671274	 77.620739	 77.575963	 77.536389	   77.5015	 77.470818	 77.443905	 77.420355	   77.3998	 77.381904	 77.366363	 77.352899	 77.341265	 77.331236	 77.322614	 77.315218	 77.308891	 77.303492	 77.298896	 77.294993	 77.291687	 77.288893	 77.286539	  77.28456	   77.2829	 77.281511	 77.280352	 77.279388	 77.278587	 77.277923	 77.277375	 77.276923	 77.276552	 77.276247	 77.275998	 77.275795	 77.275629	 77.275495	 77.275386	 77.275298	 77.275227	  77.27517	 77.275125	 77.275088	 77.275059	 77.275036	 77.275017	 77.275002	 77.274991	 77.274982	 77.274975	 77.274969	 77.274965	 77.274961	 77.274958	 77.274956	 77.274955	 77.274954	 77.274953	 77.274952	 77.274951	 77.274951	 77.274951	  77.27495	  77.27495	  77.27495	  77.27495	  77.27495	  77.27495	  77.27495	  77.27495	  77.27495	  77.27495	  77.27495	  77.27495	  77.27495	  77.27495	  77.27495	  77.27495	 77.274949	 77.274949	 77.274949	 77.274949	 77.274949	 77.274949	 77.274949	 77.274949	 77.274949	 77.274949	 77.274949	 77.274949	 77.274949	 77.274949	 77.274949	 77.274949	 77.274949	 77.274949	 77.274949	 77.274949	 77.274949	 77.274949	 77.274949	 77.274949	 77.274949	 77.274949	 77.274949	 77.274949	 77.274949	 77.274949	 77.274949	 77.274949	 77.274949	 77.274949	 77.274949	 77.274949	 77.274949	 77.274949	 77.274949	 77.274949	 77.274949	 77.274949	 77.274949	 77.274949	 77.274949	 77.274949	 77.274949	 77.274949	 77.274949	 77.274949	 77.274949	 77.274949	 77.274949	 77.274949	 77.274949	 77.274949	 77.274949	 77.274949	 77.274949	 77.274949	 77.274949	 77.274949	 77.274949	 77.274949	 77.274949	 77.274949	 77.274949	 77.274949	 77.274949	 77.274949	 77.274949	 77.274949	 77.274949	 77.274949	
        99	 98.010989	 97.024474	 96.042932	 95.068801	 94.104466	 93.152236	 92.214332	  91.29287	 90.389846	 89.507122	 88.646421	 87.809308	 86.997191	 86.211312	  85.45274	 84.722373	 84.020936	 83.348981	 82.706891	 82.094887	 81.513028	 80.961224	 80.439241	 79.946711	 79.483144	 79.047935	 78.640378	 78.259678	 77.904959	 77.575281	 77.269647	 76.987017	 76.726316	 76.486447	 76.266302	 76.064766	  75.88073	 75.713097	 75.560788	 75.422751	 75.297961	 75.185431	 75.084212	 74.993394	 74.912113	 74.839551	 74.774934	 74.717537	  74.66668	 74.621732	 74.582105	 74.547257	 74.516689	 74.489941	 74.466595	 74.446269	 74.428617	 74.413325	 74.400111	 74.388721	 74.378927	 74.370528	 74.363342	 74.357209	 74.351988	 74.347555	   74.3438	 74.340628	 74.337954	 74.335706	  74.33382	 74.332243	 74.330927	 74.329831	 74.328922	 74.328168	 74.327546	 74.327032	 74.326611	 74.326265	 74.325982	 74.325751	 74.325563	  74.32541	 74.325286	 74.325187	 74.325106	 74.325041	 74.324989	 74.324948	 74.324915	 74.324888	 74.324867	 74.324851	 74.324838	 74.324827	 74.324819	 74.324813	 74.324808	 74.324804	 74.324801	 74.324798	 74.324797	 74.324795	 74.324794	 74.324793	 74.324793	 74.324792	 74.324792	 74.324791	 74.324791	 74.324791	 74.324791	 74.324791	 74.324791	 74.324791	 74.324791	 74.324791	 74.324791	 74.324791	 74.324791	 74.324791	 74.324791	 74.324791	 74.324791	 74.324791	 74.324791	 74.324791	 74.324791	 74.324791	 74.324791	 74.324791	 74.324791	 74.324791	 74.324791	 74.324791	 74.324791	 74.324791	 74.324791	 74.324791	 74.324791	 74.324791	 74.324791	 74.324791	 74.324791	 74.324791	 74.324791	 74.324791	 74.324791	 74.324791	 74.324791	 74.324791	 74.324791	 74.324791	 74.324791	 74.324791	 74.324791	 74.324791	 74.324791	 74.324791	 74.324791	 74.324791	 74.324791	 74.324791	 74.324791	 74.324791	 74.324791	 74.324791	 74.324791	 74.324791	 74.324791	 74.324791	 74.324791	 74.324791	 74.324791	 74.324791	 74.324791	 74.324791	 74.324791	 74.324791	 74.324791	 74.324791	 74.324791	 74.324791	 74.324791	 74.324791	 74.324791	 74.324791	 74.324791	 74.324791	 74.324791	 74.324791	 74.324791	 74.324791	 74.324791	 74.324791	 74.324791	 74.324791	 74.324791	
        99	 97.895109	 96.793007	  95.69646	 94.608192	 93.530868	 92.467068	 91.419273	 90.389846	 89.381016	 88.394866	 87.433318	 86.498123	 85.590853	 84.712894	 83.865443	 83.049501	 82.265878	 81.515191	  80.79787	 80.114158	 79.464125	 78.847667	 78.264525	 77.714287	 77.196405	 76.710203	 76.254894	 75.829588	 75.433308	 75.065003	 74.723559	 74.407813	 74.116566	 73.848593	 73.602654	 73.377505	 73.171906	 72.984632	 72.814477	 72.660266	 72.520855	 72.395141	 72.282062	 72.180603	 72.089799	 72.008735	 71.936547	 71.872424	 71.815609	 71.765395	 71.721125	 71.682194	 71.648044	 71.618162	 71.592081	 71.569373	 71.549653	 71.532569	 71.517807	 71.505082	 71.494141	 71.484757	 71.476729	 71.469878	 71.464046	 71.459093	 71.454899	 71.451354	 71.448367	 71.445855	 71.443749	 71.441987	 71.440517	 71.439293	 71.438276	 71.437435	 71.436739	 71.436166	 71.435695	 71.435308	 71.434992	 71.434734	 71.434524	 71.434354	 71.434215	 71.434104	 71.434014	 71.433941	 71.433883	 71.433837	   71.4338	 71.433771	 71.433747	 71.433729	 71.433714	 71.433702	 71.433693	 71.433686	  71.43368	 71.433676	 71.433673	  71.43367	 71.433668	 71.433666	 71.433665	 71.433664	 71.433664	 71.433663	 71.433663	 71.433662	 71.433662	 71.433662	 71.433662	 71.433662	 71.433662	 71.433662	 71.433661	 71.433661	 71.433661	 71.433661	 71.433661	 71.433661	 71.433661	 71.433661	 71.433661	 71.433661	 71.433661	 71.433661	 71.433661	 71.433661	 71.433661	 71.433661	 71.433661	 71.433661	 71.433661	 71.433661	 71.433661	 71.433661	 71.433661	 71.433661	 71.433661	 71.433661	 71.433661	 71.433661	 71.433661	 71.433661	 71.433661	 71.433661	 71.433661	 71.433661	 71.433661	 71.433661	 71.433661	 71.433661	 71.433661	 71.433661	 71.433661	 71.433661	 71.433661	 71.433661	 71.433661	 71.433661	 71.433661	 71.433661	 71.433661	 71.433661	 71.433661	 71.433661	 71.433661	 71.433661	 71.433661	 71.433661	 71.433661	 71.433661	 71.433661	 71.433661	 71.433661	 71.433661	 71.433661	 71.433661	 71.433661	 71.433661	 71.433661	 71.433661	 71.433661	 71.433661	 71.433661	 71.433661	 71.433661	 71.433661	 71.433661	 71.433661	 71.433661	 71.433661	 71.433661	 71.433661	 71.433661	 71.433661	 71.433661	
        99	 97.781835	 96.566743	 95.357777	 94.157939	 92.970166	 91.797304	 90.642088	 89.507122	 88.394866	 87.307615	 86.247488	 85.216416	 84.216131	 83.248163	 82.313829	 81.414236	 80.550275	 79.722628	 78.931766	 78.177959	 77.461283	 76.781626	 76.138699	  75.53205	 74.961074	 74.425027	 73.923039	  73.45413	 73.017223	 72.611159	 72.234709	 71.886593	 71.565487	 71.270042	 70.998889	 70.750657	  70.52398	 70.317506	 70.129907	 69.959886	 69.806183	  69.66758	 69.542908	 69.431047	 69.330934	 69.241559	  69.16197	 69.091274	 69.028634	 68.973272	 68.924463	 68.881541	  68.84389	 68.810945	  68.78219	 68.757154	 68.735412	 68.716577	 68.700301	 68.686272	 68.674209	 68.663863	 68.655012	 68.647459	 68.641028	 68.635568	 68.630943	 68.627036	 68.623742	 68.620973	 68.618651	 68.616708	 68.615087	 68.613738	 68.612617	 68.611689	 68.610922	  68.61029	 68.609771	 68.609345	 68.608996	 68.608712	  68.60848	 68.608292	  68.60814	 68.608017	 68.607918	 68.607838	 68.607774	 68.607723	 68.607682	 68.607649	 68.607623	 68.607603	 68.607587	 68.607574	 68.607564	 68.607556	  68.60755	 68.607545	 68.607542	 68.607539	 68.607536	 68.607535	 68.607533	 68.607532	 68.607531	 68.607531	  68.60753	  68.60753	  68.60753	  68.60753	 68.607529	 68.607529	 68.607529	 68.607529	 68.607529	 68.607529	 68.607529	 68.607529	 68.607529	 68.607529	 68.607529	 68.607529	 68.607529	 68.607529	 68.607529	 68.607529	 68.607529	 68.607529	 68.607529	 68.607529	 68.607529	 68.607529	 68.607529	 68.607529	 68.607529	 68.607529	 68.607529	 68.607529	 68.607529	 68.607529	 68.607529	 68.607529	 68.607529	 68.607529	 68.607529	 68.607529	 68.607529	 68.607529	 68.607529	 68.607529	 68.607529	 68.607529	 68.607529	 68.607529	 68.607529	 68.607529	 68.607529	 68.607529	 68.607529	 68.607529	 68.607529	 68.607529	 68.607529	 68.607529	 68.607529	 68.607529	 68.607529	 68.607529	 68.607529	 68.607529	 68.607529	 68.607529	 68.607529	 68.607529	 68.607529	 68.607529	 68.607529	 68.607529	 68.607529	 68.607529	 68.607529	 68.607529	 68.607529	 68.607529	 68.607529	 68.607529	 68.607529	 68.607529	 68.607529	 68.607529	 68.607529	 68.607529	 68.607529	 68.607529	 68.607529	 68.607529	 68.607529	
        99	 97.671386	 96.346124	 95.027543	 93.718918	 92.423452	 91.144249	 89.884291	 88.646421	 87.433318	 86.247488	 85.091241	 83.966683	 82.875705	 81.819973	 80.800925	 79.819767	 78.877473	 77.974784	 77.112216	 76.290063	 75.508408	 74.767127	 74.065907	 73.404255	  72.78151	  72.19686	 71.649358	 71.137934	 70.661413	 70.218532	  69.80795	 69.428271	 69.078052	 68.755818	 68.460081	 68.189342	 67.942113	 67.716918	  67.51231	 67.326874	 67.159234	 67.008065	 66.872089	 66.750086	 66.640896	 66.543417	 66.456613	 66.379507	 66.311187	 66.250805	 66.197572	 66.150758	 66.109693	  66.07376	 66.042398	 66.015093	 65.991379	 65.970837	 65.953085	 65.937784	 65.924627	 65.913344	  65.90369	 65.895451	 65.888438	 65.882483	 65.877439	 65.873177	 65.869585	 65.866564	 65.864032	 65.861913	 65.860145	 65.858673	 65.857451	 65.856439	 65.855603	 65.854913	 65.854347	 65.853882	 65.853502	 65.853191	 65.852939	 65.852734	 65.852568	 65.852433	 65.852325	 65.852238	 65.852169	 65.852113	 65.852068	 65.852033	 65.852005	 65.851982	 65.851965	 65.851951	  65.85194	 65.851931	 65.851924	 65.851919	 65.851915	 65.851912	  65.85191	 65.851908	 65.851906	 65.851905	 65.851904	 65.851904	 65.851903	 65.851903	 65.851902	 65.851902	 65.851902	 65.851902	 65.851902	 65.851902	 65.851902	 65.851902	 65.851902	 65.851902	 65.851902	 65.851901	 65.851901	 65.851901	 65.851901	 65.851901	 65.851901	 65.851901	 65.851901	 65.851901	 65.851901	 65.851901	 65.851901	 65.851901	 65.851901	 65.851901	 65.851901	 65.851901	 65.851901	 65.851901	 65.851901	 65.851901	 65.851901	 65.851901	 65.851901	 65.851901	 65.851901	 65.851901	 65.851901	 65.851901	 65.851901	 65.851901	 65.851901	 65.851901	 65.851901	 65.851901	 65.851901	 65.851901	 65.851901	 65.851901	 65.851901	 65.851901	 65.851901	 65.851901	 65.851901	 65.851901	 65.851901	 65.851901	 65.851901	 65.851901	 65.851901	 65.851901	 65.851901	 65.851901	 65.851901	 65.851901	 65.851901	 65.851901	 65.851901	 65.851901	 65.851901	 65.851901	 65.851901	 65.851901	 65.851901	 65.851901	 65.851901	 65.851901	 65.851901	 65.851901	 65.851901	 65.851901	 65.851901	 65.851901	 65.851901	 65.851901	 65.851901	 65.851901	 65.851901	
        99	 97.563964	 96.131552	  94.70636	 93.291929	 91.891722	 90.509092	 89.147263	 87.809308	 86.498123	 85.216416	 83.966683	 82.751202	 81.572015	 80.430925	 79.329484	 78.268998	 77.250516	 76.274843	 75.342534	 74.453909	 73.609054	 72.807839	 72.049925	 71.334776	  70.66168	  70.02976	 69.437991	 68.885217	 68.370169	  67.89148	 67.447702	 67.037325	 66.658789	 66.310502	 65.990854	 65.698225	 65.431007	 65.187605	 64.966454	 64.766025	 64.584831	 64.421439	 64.274469	 64.142603	 64.024584	 63.919224	 63.825401	 63.742061	 63.668218	 63.602954	 63.545416	 63.494817	 63.450432	 63.411595	 63.377696	 63.348184	 63.322553	 63.300349	 63.281162	 63.264624	 63.250404	 63.238208	 63.227773	 63.218869	 63.211289	 63.204852	   63.1994	 63.194793	 63.190911	 63.187646	 63.184909	 63.182619	 63.180708	 63.179117	 63.177796	 63.176702	 63.175798	 63.175053	 63.174441	 63.173938	 63.173527	 63.173192	 63.172919	 63.172698	 63.172518	 63.172373	 63.172256	 63.172162	 63.172087	 63.172026	 63.171978	  63.17194	 63.171909	 63.171885	 63.171866	 63.171851	 63.171839	  63.17183	 63.171823	 63.171817	 63.171813	 63.171809	 63.171807	 63.171805	 63.171803	 63.171802	 63.171801	   63.1718	   63.1718	 63.171799	 63.171799	 63.171799	 63.171798	 63.171798	 63.171798	 63.171798	 63.171798	 63.171798	 63.171798	 63.171798	 63.171798	 63.171798	 63.171798	 63.171798	 63.171798	 63.171798	 63.171798	 63.171798	 63.171798	 63.171798	 63.171798	 63.171798	 63.171798	 63.171798	 63.171798	 63.171798	 63.171798	 63.171798	 63.171798	 63.171798	 63.171798	 63.171798	 63.171798	 63.171798	 63.171798	 63.171798	 63.171798	 63.171798	 63.171798	 63.171798	 63.171798	 63.171798	 63.171798	 63.171798	 63.171798	 63.171798	 63.171798	 63.171798	 63.171798	 63.171798	 63.171798	 63.171798	 63.171798	 63.171798	 63.171798	 63.171798	 63.171798	 63.171798	 63.171798	 63.171798	 63.171798	 63.171798	 63.171798	 63.171798	 63.171798	 63.171798	 63.171798	 63.171798	 63.171798	 63.171798	 63.171798	 63.171798	 63.171798	 63.171798	 63.171798	 63.171798	 63.171798	 63.171798	 63.171798	 63.171798	 63.171798	 63.171798	 63.171798	 63.171798	 63.171798	 63.171798	 63.171798	 63.171798	 63.171798	
        99	  97.45975	 95.923387	 94.394767	 92.877691	 91.375869	 89.892901	 88.432243	 86.997191	 85.590853	 84.216131	 82.875705	 81.572015	 80.307254	 79.083354	 77.901982	 76.764534	 75.672141	 74.625663	 73.625696	 72.672582	 71.766416	 70.907057	 70.094139	 69.327092	 68.605149	 67.927371	 67.292657	 66.699768	 66.147342	 65.633914	 65.157931	 64.717772	 64.311766	 63.938204	 63.595359	 63.281494	 62.994884	 62.733818	 62.496618	 62.281643	 62.087301	 61.912051	 61.754416	  61.61298	 61.486396	  61.37339	 61.272759	  61.18337	 61.104169	 61.034168	 60.972455	 60.918184	 60.870578	 60.828922	 60.792564	 60.760909	 60.733419	 60.709604	 60.689024	 60.671286	 60.656034	 60.642953	 60.631761	  60.62221	  60.61408	 60.607176	 60.601329	 60.596388	 60.592223	 60.588722	 60.585786	  60.58333	  60.58128	 60.579574	 60.578157	 60.576984	 60.576014	 60.575215	 60.574558	 60.574019	 60.573579	 60.573219	 60.572926	 60.572688	 60.572496	  60.57234	 60.572215	 60.572114	 60.572033	 60.571968	 60.571917	 60.571876	 60.571843	 60.571817	 60.571797	 60.571781	 60.571768	 60.571758	  60.57175	 60.571744	 60.571739	 60.571736	 60.571733	 60.571731	 60.571729	 60.571728	 60.571727	 60.571726	 60.571725	 60.571725	 60.571724	 60.571724	 60.571724	 60.571724	 60.571724	 60.571724	 60.571724	 60.571724	 60.571724	 60.571724	 60.571723	 60.571723	 60.571723	 60.571723	 60.571723	 60.571723	 60.571723	 60.571723	 60.571723	 60.571723	 60.571723	 60.571723	 60.571723	 60.571723	 60.571723	 60.571723	 60.571723	 60.571723	 60.571723	 60.571723	 60.571723	 60.571723	 60.571723	 60.571723	 60.571723	 60.571723	 60.571723	 60.571723	 60.571723	 60.571723	 60.571723	 60.571723	 60.571723	 60.571723	 60.571723	 60.571723	 60.571723	 60.571723	 60.571723	 60.571723	 60.571723	 60.571723	 60.571723	 60.571723	 60.571723	 60.571723	 60.571723	 60.571723	 60.571723	 60.571723	 60.571723	 60.571723	 60.571723	 60.571723	 60.571723	 60.571723	 60.571723	 60.571723	 60.571723	 60.571723	 60.571723	 60.571723	 60.571723	 60.571723	 60.571723	 60.571723	 60.571723	 60.571723	 60.571723	 60.571723	 60.571723	 60.571723	 60.571723	 60.571723	 60.571723	 60.571723	 60.571723	 60.571723	 60.571723	
        99	 97.358903	 95.721946	 94.093241	 92.476835	 90.876682	 89.296617	 87.740323	 86.211312	 84.712894	 83.248163	 81.819973	 80.430925	 79.083354	  77.77932	 76.520597	 75.308676	 74.144759	 73.029763	 71.964323	 70.948805	 69.983308	 69.067683	  68.20154	 67.384271	 66.615059	 65.892903	 65.216632	 64.584924	 63.996329	 63.449284	 62.942136	 62.473159	  62.04057	 61.642549	 61.277256	 60.942841	 60.637465	 60.359306	 60.106576	 59.877526	 59.670459	 59.483735	 59.315778	 59.165082	 59.030211	 58.909806	 58.802585	 58.707344	 58.622957	 58.548373	  58.48262	 58.424796	 58.374072	 58.329689	  58.29095	 58.257223	 58.227932	 58.202558	 58.180632	 58.161732	 58.145481	 58.131543	 58.119619	 58.109443	 58.100781	 58.093425	 58.087194	  58.08193	 58.077492	 58.073762	 58.070634	 58.068017	 58.065833	 58.064015	 58.062505	 58.061255	 58.060222	 58.059371	 58.058671	 58.058097	 58.057627	 58.057244	 58.056932	 58.056679	 58.056473	 58.056308	 58.056174	 58.056067	  58.05598	 58.055912	 58.055857	 58.055813	 58.055778	  58.05575	 58.055729	 58.055711	 58.055698	 58.055687	 58.055679	 58.055673	 58.055668	 58.055664	 58.055661	 58.055658	 58.055656	 58.055655	 58.055654	 58.055653	 58.055653	 58.055652	 58.055652	 58.055651	 58.055651	 58.055651	 58.055651	 58.055651	 58.055651	 58.055651	 58.055651	 58.055651	 58.055651	 58.055651	 58.055651	 58.055651	 58.055651	 58.055651	 58.055651	 58.055651	 58.055651	 58.055651	 58.055651	 58.055651	 58.055651	 58.055651	 58.055651	 58.055651	 58.055651	 58.055651	 58.055651	 58.055651	 58.055651	 58.055651	 58.055651	 58.055651	 58.055651	 58.055651	 58.055651	 58.055651	 58.055651	 58.055651	 58.055651	 58.055651	 58.055651	 58.055651	 58.055651	 58.055651	 58.055651	 58.055651	 58.055651	 58.055651	 58.055651	 58.055651	 58.055651	 58.055651	 58.055651	 58.055651	 58.055651	 58.055651	 58.055651	 58.055651	 58.055651	 58.055651	 58.055651	 58.055651	 58.055651	 58.055651	 58.055651	 58.055651	 58.055651	 58.055651	 58.055651	 58.055651	 58.055651	 58.055651	 58.055651	 58.055651	 58.055651	 58.055651	 58.055651	 58.055651	 58.055651	 58.055651	 58.055651	 58.055651	 58.055651	 58.055651	 58.055651	 58.055651	 58.055651	
        99	 97.261559	 95.527506	 93.802193	 92.089908	 90.394841	 88.721052	 87.072446	  85.45274	 83.865443	 82.313829	 80.800925	 79.329484	 77.901982	 76.520597	 75.187213	 73.903406	  72.67045	 71.489316	  70.36068	 69.284925	  68.26216	 67.292223	 66.374704	 65.508958	  64.69412	 63.929129	 63.212744	 62.543566	 61.920058	 61.340565	 60.803335	  60.30654	 59.848292	 59.426663	 59.039702	 58.685451	 58.361961	 58.067304	 57.799582	 57.556946	 57.337597	 57.139798	 56.961878	 56.802243	 56.659372	 56.531826	 56.418245	 56.317355	 56.227962	 56.148955	 56.079301	 56.018047	 55.964315	 55.917299	 55.876263	 55.840535	 55.809507	 55.782627	   55.7594	 55.739379	 55.722165	   55.7074	 55.694769	 55.683989	 55.674813	 55.667021	  55.66042	 55.654844	 55.650143	 55.646192	 55.642878	 55.640106	 55.637792	 55.635866	 55.634267	 55.632943	 55.631849	 55.630947	 55.630205	 55.629597	   55.6291	 55.628694	 55.628363	 55.628095	 55.627878	 55.627702	 55.627561	 55.627447	 55.627356	 55.627282	 55.627224	 55.627178	 55.627141	 55.627112	 55.627089	  55.62707	 55.627056	 55.627045	 55.627036	 55.627029	 55.627024	  55.62702	 55.627017	 55.627014	 55.627012	 55.627011	  55.62701	 55.627009	 55.627008	 55.627008	 55.627007	 55.627007	 55.627007	 55.627007	 55.627006	 55.627006	 55.627006	 55.627006	 55.627006	 55.627006	 55.627006	 55.627006	 55.627006	 55.627006	 55.627006	 55.627006	 55.627006	 55.627006	 55.627006	 55.627006	 55.627006	 55.627006	 55.627006	 55.627006	 55.627006	 55.627006	 55.627006	 55.627006	 55.627006	 55.627006	 55.627006	 55.627006	 55.627006	 55.627006	 55.627006	 55.627006	 55.627006	 55.627006	 55.627006	 55.627006	 55.627006	 55.627006	 55.627006	 55.627006	 55.627006	 55.627006	 55.627006	 55.627006	 55.627006	 55.627006	 55.627006	 55.627006	 55.627006	 55.627006	 55.627006	 55.627006	 55.627006	 55.627006	 55.627006	 55.627006	 55.627006	 55.627006	 55.627006	 55.627006	 55.627006	 55.627006	 55.627006	 55.627006	 55.627006	 55.627006	 55.627006	 55.627006	 55.627006	 55.627006	 55.627006	 55.627006	 55.627006	 55.627006	 55.627006	 55.627006	 55.627006	 55.627006	 55.627006	 55.627006	 55.627006	 55.627006	 55.627006	 55.627006	 55.627006	
        99	 97.167836	 95.340295	 93.521966	 91.717367	 89.930915	 88.166888	 86.429402	 84.722373	 83.049501	 81.414236	 79.819767	 78.268998	 76.764534	 75.308676	 73.903406	 72.550385	 71.250958	 70.006147	 68.816663	 67.682912	 66.605006	 65.582778	 64.615794	 63.703373	 62.844606	 62.038372	 61.283365	  60.57811	 59.920987	 59.310252	  58.74406	 58.220481	 57.737528	 57.293167	 56.885344	 56.511995	 56.171066	 55.860522	 55.578368	  55.32265	 55.091476	 54.883012	 54.695501	  54.52726	 54.376686	 54.242264	  54.12256	 54.016231	 53.922018	 53.838751	 53.765342	 53.700786	 53.644157	 53.594607	 53.551358	 53.513704	 53.481003	 53.452675	 53.428195	 53.407095	 53.388952	 53.373392	  53.36008	 53.348719	 53.339048	 53.330836	 53.323879	 53.318002	 53.313048	 53.308884	 53.305391	 53.302469	 53.300031	 53.298002	 53.296316	 53.294921	 53.293767	 53.292817	 53.292035	 53.291395	  53.29087	 53.290442	 53.290094	 53.289811	 53.289582	 53.289397	 53.289248	 53.289128	 53.289032	 53.288955	 53.288894	 53.288845	 53.288806	 53.288775	 53.288751	 53.288732	 53.288716	 53.288705	 53.288695	 53.288688	 53.288683	 53.288678	 53.288675	 53.288672	  53.28867	 53.288669	 53.288667	 53.288666	 53.288666	 53.288665	 53.288665	 53.288665	 53.288664	 53.288664	 53.288664	 53.288664	 53.288664	 53.288664	 53.288664	 53.288664	 53.288664	 53.288664	 53.288664	 53.288664	 53.288664	 53.288664	 53.288664	 53.288664	 53.288664	 53.288664	 53.288664	 53.288664	 53.288664	 53.288664	 53.288664	 53.288664	 53.288664	 53.288664	 53.288664	 53.288664	 53.288664	 53.288664	 53.288664	 53.288664	 53.288664	 53.288664	 53.288664	 53.288664	 53.288664	 53.288664	 53.288664	 53.288664	 53.288664	 53.288664	 53.288664	 53.288664	 53.288664	 53.288664	 53.288664	 53.288664	 53.288664	 53.288664	 53.288664	 53.288664	 53.288664	 53.288664	 53.288664	 53.288664	 53.288664	 53.288664	 53.288664	 53.288664	 53.288664	 53.288664	 53.288664	 53.288664	 53.288664	 53.288664	 53.288664	 53.288664	 53.288664	 53.288664	 53.288664	 53.288664	 53.288664	 53.288664	 53.288664	 53.288664	 53.288664	 53.288664	 53.288664	 53.288664	 53.288664	 53.288664	 53.288664	 53.288664	 53.288664	 53.288664	 53.288664	
        99	 97.077824	 95.160499	 93.252839	 91.359583	 89.485365	 87.634675	 85.811828	 84.020936	 82.265878	 80.550275	 78.877473	 77.250516	 75.672141	 74.144759	  72.67045	 71.250958	 69.887692	 68.581725	 67.333804	 66.144353	 65.013492	 63.941044	 62.926553	 61.969307	  61.06835	 60.222507	 59.430408	 58.690505	 58.001099	  57.36036	 56.766351	  56.21705	  55.71037	 55.244179	 54.816321	  54.42463	 54.066951	 53.741151	 53.445135	 53.176855	 52.934323	 52.715618	 52.518895	 52.342388	 52.184418	 52.043391	 51.917806	 51.806253	 51.707413	 51.620055	 51.543039	 51.475312	 51.415901	 51.363916	 51.318543	 51.279039	 51.244731	 51.215011	 51.189329	 51.167192	 51.148158	 51.131834	 51.117867	 51.105948	 51.095802	 51.087187	 51.079889	 51.073723	 51.068526	 51.064156	 51.060492	 51.057427	 51.054869	  51.05274	 51.050972	 51.049507	 51.048297	   51.0473	  51.04648	 51.045808	 51.045258	 51.044809	 51.044444	 51.044147	 51.043907	 51.043713	 51.043556	  51.04343	 51.043329	 51.043248	 51.043184	 51.043133	 51.043092	  51.04306	 51.043034	 51.043014	 51.042998	 51.042986	 51.042976	 51.042969	 51.042963	 51.042958	 51.042955	 51.042952	  51.04295	 51.042948	 51.042947	 51.042946	 51.042945	 51.042945	 51.042944	 51.042944	 51.042944	 51.042943	 51.042943	 51.042943	 51.042943	 51.042943	 51.042943	 51.042943	 51.042943	 51.042943	 51.042943	 51.042943	 51.042943	 51.042943	 51.042943	 51.042943	 51.042943	 51.042943	 51.042943	 51.042943	 51.042943	 51.042943	 51.042943	 51.042943	 51.042943	 51.042943	 51.042943	 51.042943	 51.042943	 51.042943	 51.042943	 51.042943	 51.042943	 51.042943	 51.042943	 51.042943	 51.042943	 51.042943	 51.042943	 51.042943	 51.042943	 51.042943	 51.042943	 51.042943	 51.042943	 51.042943	 51.042943	 51.042943	 51.042943	 51.042943	 51.042943	 51.042943	 51.042943	 51.042943	 51.042943	 51.042943	 51.042943	 51.042943	 51.042943	 51.042943	 51.042943	 51.042943	 51.042943	 51.042943	 51.042943	 51.042943	 51.042943	 51.042943	 51.042943	 51.042943	 51.042943	 51.042943	 51.042943	 51.042943	 51.042943	 51.042943	 51.042943	 51.042943	 51.042943	 51.042943	 51.042943	 51.042943	 51.042943	 51.042943	 51.042943	 51.042943	 51.042943	
