Time step 100:
        99	        99	        99	        99	        99	        99	        99	        99	        99	        99	        99	        99	        99	        99	        99	        99	        99	        99	        99	        99	        99	        99	        99	        99	        99	        99	        99	        99	        99	        99	        99	        99	        99	        99	        99	        99	        99	        99	        99	        99	        99	        99	        99	        99	        99	        99	        99	        99	        99	        99	        99	        99	        99	        99	        99	        99	        99	        99	        99	        99	        99	        99	        99	        99	        99	        99	        99	        99	        99	        99	        99	        99	        99	        99	        99	        99	        99	        99	        99	        99	        99	        99	        99	        99	        99	        99	        99	        99	        99	        99	        99	        99	        99	        99	        99	        99	        99	        99	        99	        99	        99	        99	        99	        99	        99	        99	        99	        99	        99	        99	        99	        99	        99	        99	        99	        99	        99	        99	        99	        99	        99	        99	        99	        99	        99	        99	        99	        99	        99	        99	        99	        99	        99	        99	        99	        99	        99	        99	        99	        99	        99	        99	        99	        99	        99	        99	        99	        99	        99	        99	        99	        99	        99	        99	        99	        99	        99	        99	        99	        99	        99	        99	        99	        99	        99	        99	        99	        99	        99	        99	        99	        99	        99	        99	        99	        99	        99	        99	        99	        99	        99	        99	        99	        99	        99	        99	        99	        99	        99	        99	        99	        99	        99	        99	        99	        99	        99	        99	        99	        99	
        99	 98.993651	 98.987304	 98.980957	 98.974613	 98.968273	 98.961936	 98.955604	 98.949278	 98.942958	 98.936646	 98.930341	 98.924045	 98.917759	 98.911483	 98.905218	 98.898965	 98.892725	 98.886498	 98.880285	 98.874087	 98.867905	 98.861739	  98.85559	  98.84946	 98.843347	 98.837254	 98.831182	 98.825129	 98.819099	  98.81309	 98.807104	 98.801142	 98.795203	  98.78929	 98.783401	 98.777539	 98.771704	 98.765896	 98.760115	 98.754363	 98.748641	 98.742947	 98.737285	 98.731652	 98.726052	 98.720483	 98.714946	 98.709442	 98.703972	 98.698535	 98.693133	 98.687766	 98.682434	 98.677138	 98.671878	 98.666654	 98.661468	 98.656318	 98.651207	 98.646134	 98.641099	 98.636103	 98.631147	 98.626229	 98.621352	 98.616515	 98.611718	 98.606962	 98.602247	 98.597574	 98.592941	 98.588351	 98.583802	 98.579295	 98.574831	 98.570409	  98.56603	 98.561694	 98.557401	  98.55315	 98.548943	  98.54478	  98.54066	 98.536583	  98.53255	 98.528561	 98.524615	 98.520713	 98.516855	 98.513041	 98.509271	 98.505544	 98.501862	 98.498223	 98.494628	 98.491077	  98.48757	 98.484106	 98.480686	  98.47731	 98.473977	 98.470687	 98.467441	 98.464238	 98.461078	 98.457961	 98.454887	 98.451855	 98.448866	  98.44592	 98.443016	 98.440154	 98.437334	 98.434555	 98.431819	 98.429123	 98.426469	 98.423856	 98.421284	 98.418752	 98.416261	  98.41381	 98.411398	 98.409027	 98.406695	 98.404403	 98.402149	 98.399934	 98.397758	  98.39562	 98.393521	 98.391459	 98.389435	 98.387448	 98.385498	 98.383585	 98.381709	 98.379869	 98.378065	 98.376297	 98.374564	 98.372867	 98.371205	 98.369577	 98.367984	 98.366426	 98.364901	 98.363411	 98.361954	  98.36053	 98.359139	 98.357781	 98.356455	 98.355162	 98.353901	 98.352672	 98.351474	 98.350308	 98.349172	 98.348068	 98.346994	 98.345951	 98.344938	 98.343956	 98.343003	 98.342079	 98.341185	  98.34032	 98.339485	 98.338678	   98.3379	  98.33715	 98.336429	 98.335736	 98.335071	 98.334433	 98.333824	 98.333242	 98.332687	  98.33216	  98.33166	 98.331187	 98.330741	 98.330321	 98.329929	 98.329563	 98.329223	  98.32891	 98.328624	 98.328363	 98.328129	 98.327921	 98.327739	 98.327583	 98.327454	  98.32735	 98.327272	  98.32722	 98.327194	
        99	 98.987304	 98.974609	 98.961917	  98.94923	  98.93655	 98.923877	 98.911214	 98.898563	 98.885924	   98.8733	 98.860691	   98.8481	 98.835528	 98.822977	 98.810448	 98.797943	 98.785463	  98.77301	 98.760585	  98.74819	 98.735826	 98.723496	 98.711199	 98.698938	 98.686714	 98.674529	 98.662384	 98.650281	  98.63822	 98.626204	 98.614232	 98.602308	 98.590432	 98.578606	  98.56683	 98.555107	 98.543436	 98.531821	 98.520261	 98.508758	 98.497313	 98.485927	 98.474602	 98.463339	 98.452138	 98.441001	 98.429928	 98.418921	 98.407981	 98.397109	 98.386305	 98.375571	 98.364908	 98.354316	 98.343797	  98.33335	 98.322978	  98.31268	 98.302458	 98.292312	 98.282244	 98.272253	  98.26234	 98.252506	 98.242752	 98.233079	 98.223486	 98.213974	 98.204545	 98.195198	 98.185934	 98.176753	 98.167656	 98.158644	 98.149716	 98.140873	 98.132115	 98.123443	 98.114857	 98.106357	 98.097944	 98.089617	 98.081377	 98.073225	 98.065159	 98.057181	  98.04929	 98.041487	 98.033771	 98.026144	 98.018603	 98.011151	 98.003786	 97.996509	  97.98932	 97.982218	 97.975204	 97.968277	 97.961438	 97.954685	  97.94802	 97.941441	 97.934949	 97.928543	 97.922224	  97.91599	 97.909842	  97.90378	 97.897803	  97.89191	 97.886102	 97.880379	 97.874739	 97.869182	 97.863709	 97.858319	 97.853011	 97.847785	 97.842641	 97.837578	 97.832595	 97.827693	 97.822871	 97.818129	 97.813465	 97.808881	 97.804374	 97.799945	 97.795593	 97.791317	 97.787118	 97.782995	 97.778946	 97.774973	 97.771074	 97.767248	 97.763495	 97.759816	 97.756208	 97.752672	 97.749207	 97.745813	 97.742489	 97.739234	 97.736049	 97.732932	 97.729883	 97.726902	 97.723988	  97.72114	 97.718359	 97.715643	 97.712992	 97.710406	 97.707884	 97.705425	  97.70303	 97.700697	 97.698427	 97.696219	 97.694072	 97.691985	  97.68996	 97.687994	 97.686088	 97.684241	 97.682454	 97.680724	 97.679053	  97.67744	 97.675883	 97.674384	 97.672942	 97.671556	 97.670225	 97.668951	 97.667732	 97.666568	 97.665459	 97.664405	 97.663404	 97.662458	 97.661566	 97.660727	 97.659942	  97.65921	 97.658531	 97.657905	 97.657332	 97.656811	 97.656343	 97.655927	 97.655564	 97.655252	 97.654992	 97.654785	 97.654629	 97.654526	 97.654474	
        99	 98.980957	 98.961917	 98.942881	 98.923853	 98.904834	 98.885828	 98.866836	  98.84786	 98.828904	 98.809969	 98.791059	 98.772174	 98.753318	 98.734494	 98.715702	 98.696946	 98.678228	 98.659551	 98.640915	 98.622325	 98.603781	 98.585287	 98.566844	 98.548455	 98.530121	 98.511846	  98.49363	 98.475477	 98.457387	 98.439364	  98.42141	 98.403525	 98.385713	 98.367976	 98.350314	  98.33273	 98.315227	 98.297805	 98.280467	 98.263214	 98.246049	 98.228973	 98.211987	 98.195093	 98.178293	 98.161589	 98.144982	 98.128474	 98.112065	 98.095759	 98.079555	 98.063456	 98.047463	 98.031576	 98.015799	 98.000131	 97.984574	 97.969129	 97.953797	  97.93858	 97.923479	 97.908494	 97.893626	 97.878878	 97.864248	 97.849739	 97.835352	 97.821086	 97.806943	 97.792924	  97.77903	  97.76526	 97.751616	 97.738099	 97.724708	 97.711445	  97.69831	 97.685303	 97.672426	 97.659677	 97.647058	  97.63457	 97.622211	 97.609983	 97.597886	  97.58592	 97.574085	 97.562382	  97.55081	 97.539369	  97.52806	 97.516883	 97.505837	 97.494923	  97.48414	 97.473489	 97.462968	 97.452579	 97.442321	 97.432193	 97.422196	 97.412329	 97.402592	 97.392984	 97.383506	 97.374157	 97.364936	 97.355843	 97.346878	 97.338041	  97.32933	 97.320745	 97.312286	 97.303952	 97.295743	 97.287659	 97.279698	  97.27186	 97.264144	  97.25655	 97.249078	 97.241725	 97.234493	  97.22738	 97.220386	 97.213509	  97.20675	 97.200107	 97.193579	 97.187167	 97.180869	 97.174684	 97.168613	 97.162653	 97.156805	 97.151067	 97.145439	  97.13992	 97.134509	 97.129205	 97.124008	 97.118918	 97.113932	 97.109051	 97.104273	 97.099598	 97.095026	 97.090554	 97.086184	 97.081913	 97.077741	 97.073667	 97.069692	 97.065813	  97.06203	 97.058343	  97.05475	 97.051252	 97.047846	 97.044534	 97.041314	 97.038185	 97.035147	 97.032199	  97.02934	  97.02657	 97.023889	 97.021295	 97.018788	 97.016368	 97.014034	 97.011786	 97.009622	 97.007543	 97.005548	 97.003637	 97.001809	 97.000063	 96.998399	 96.996818	 96.995318	 96.993899	 96.992561	 96.991303	 96.990125	 96.989027	 96.988009	  96.98707	  96.98621	 96.985429	 96.984727	 96.984103	 96.983558	  96.98309	 96.982701	  96.98239	 96.982157	 96.982001	 96.981923	
        99	 98.974613	  98.94923	 98.923853	 98.898486	 98.873131	 98.847793	 98.822474	 98.797177	 98.771906	 98.746663	 98.721453	 98.696277	  98.67114	 98.646044	 98.620992	 98.595988	 98.571034	 98.546134	 98.521291	 98.496507	 98.471786	 98.447131	 98.422544	 98.398029	 98.373587	 98.349224	  98.32494	 98.300739	 98.276623	 98.252596	  98.22866	 98.204818	 98.181072	 98.157425	  98.13388	 98.110438	 98.087104	 98.063878	 98.040764	 98.017764	  97.99488	 97.972115	  97.94947	 97.926949	 97.904553	 97.882284	 97.860144	 97.838136	 97.816262	 97.794523	 97.772921	 97.751459	 97.730138	 97.708959	 97.687925	 97.667038	 97.646298	 97.625708	 97.605269	 97.584983	  97.56485	 97.544873	 97.525053	 97.505391	 97.485888	 97.466545	 97.447364	 97.428347	 97.409492	 97.390803	  97.37228	 97.353923	 97.335734	 97.317713	 97.299862	  97.28218	 97.264669	  97.24733	 97.230162	 97.213167	 97.196344	 97.179695	 97.163219	 97.146918	 97.130791	 97.114838	 97.099061	 97.083459	 97.068031	  97.05278	 97.037703	 97.022802	 97.008077	 96.993526	 96.979152	 96.964952	 96.950927	 96.937077	 96.923401	 96.909899	 96.896572	 96.883418	 96.870437	 96.857629	 96.844993	 96.832529	 96.820236	 96.808114	 96.796163	 96.784381	 96.772768	 96.761323	 96.750047	 96.738937	 96.727993	 96.717215	 96.706602	 96.696153	 96.685867	 96.675743	 96.665781	  96.65598	 96.646338	 96.636856	 96.627531	 96.618364	 96.609352	 96.600496	 96.591794	 96.583246	  96.57485	 96.566605	 96.558511	 96.550565	 96.542769	 96.535119	 96.527616	 96.520259	 96.513045	 96.505975	 96.499047	  96.49226	 96.485614	 96.479106	 96.472737	 96.466505	 96.460409	 96.454448	 96.448621	 96.442927	 96.437366	 96.431935	 96.426635	 96.421464	 96.416421	 96.411505	 96.406716	 96.402052	 96.397513	 96.393097	 96.388804	 96.384632	 96.380582	 96.376652	 96.372841	 96.369148	 96.365574	 96.362116	 96.358774	 96.355548	 96.352436	 96.349439	 96.346555	 96.343783	 96.341123	 96.338575	 96.336138	 96.333811	 96.331593	 96.329485	 96.327485	 96.325593	 96.323809	 96.322132	 96.320562	 96.319099	 96.317741	  96.31649	 96.315343	 96.314302	 96.313366	 96.312534	 96.311807	 96.311184	 96.310665	  96.31025	 96.309939	 96.309732	 96.309628	
        99	 98.968273	  98.93655	 98.904834	 98.873131	 98.841444	 98.809777	 98.778134	 98.746519	 98.714936	 98.683389	 98.651882	 98.620418	 98.589003	 98.557639	  98.52633	 98.495081	 98.463895	 98.432776	 98.401727	 98.370754	 98.339858	 98.309045	 98.278317	 98.247678	 98.217133	 98.186684	 98.156335	 98.126089	  98.09595	 98.065922	 98.036008	 98.006211	 97.976534	 97.946981	 97.917555	 97.888259	 97.859096	  97.83007	 97.801183	 97.772438	 97.743839	 97.715387	 97.687087	 97.658941	 97.630951	  97.60312	 97.575451	 97.547946	 97.520608	 97.493439	 97.466442	 97.439619	 97.412973	 97.386505	 97.360218	 97.334113	 97.308194	 97.282461	 97.256917	 97.231564	 97.206403	 97.181436	 97.156666	 97.132093	 97.107718	 97.083545	 97.059574	 97.035806	 97.012243	 96.988885	 96.965736	 96.942794	 96.920062	  96.89754	  96.87523	 96.853133	 96.831248	 96.809578	 96.788122	 96.766882	 96.745858	  96.72505	  96.70446	 96.684087	 96.663932	 96.643995	 96.624277	 96.604778	 96.585497	 96.566436	 96.547594	 96.528972	 96.510568	 96.492384	 96.474418	 96.456672	 96.439144	 96.421835	 96.404743	  96.38787	 96.371213	 96.354774	 96.338551	 96.322544	 96.306752	 96.291175	 96.275812	 96.260663	 96.245726	 96.231001	 96.216488	 96.202185	 96.188091	 96.174207	  96.16053	  96.14706	 96.133796	 96.120737	 96.107882	  96.09523	  96.08278	  96.07053	 96.058481	  96.04663	 96.034976	 96.023519	 96.012257	 96.001189	 95.990314	  95.97963	 95.969137	 95.958833	 95.948717	 95.938788	 95.929043	 95.919484	 95.910106	 95.900911	 95.891896	  95.88306	 95.874402	  95.86592	 95.857613	  95.84948	  95.84152	 95.833732	 95.826113	 95.818663	 95.811381	 95.804265	 95.797315	 95.790528	 95.783904	 95.777441	 95.771139	 95.764995	  95.75901	 95.753181	 95.747508	 95.741989	 95.736624	  95.73141	 95.726348	 95.721437	 95.716674	 95.712059	 95.707592	  95.70327	 95.699094	 95.695062	 95.691173	 95.687427	 95.683822	 95.680358	 95.677035	  95.67385	 95.670804	 95.667895	 95.665124	 95.662489	 95.659989	 95.657625	 95.655396	   95.6533	 95.651338	 95.649509	 95.647813	 95.646248	 95.644816	 95.643514	 95.642344	 95.641305	 95.640396	 95.639617	 95.638969	  95.63845	 95.638061	 95.637802	 95.637673	
        99	 98.961936	 98.923877	 98.885828	 98.847793	 98.809777	 98.771786	 98.733823	 98.695893	 98.658003	 98.620155	 98.582355	 98.544608	 98.506917	 98.469289	 98.431728	 98.394237	 98.356823	 98.319488	 98.282239	 98.245079	 98.208013	 98.171046	 98.134181	 98.097423	 98.060777	 98.024247	 97.987836	  97.95155	 97.915392	 97.879367	 97.843478	 97.807729	 97.772125	  97.73667	 97.701367	  97.66622	 97.631233	 97.596409	 97.561753	 97.527267	 97.492956	 97.458822	  97.42487	 97.391102	 97.357521	 97.324132	 97.290937	 97.257939	 97.225141	 97.192546	 97.160157	 97.127977	 97.096009	 97.064255	 97.032717	 97.001399	 96.970303	 96.939431	 96.908785	 96.878368	 96.848182	 96.818229	 96.788511	  96.75903	 96.729788	 96.700787	 96.672028	 96.643513	 96.615244	 96.587222	 96.559448	 96.531925	 96.504653	 96.477633	 96.450867	 96.424356	 96.398101	 96.372102	 96.346362	 96.320879	 96.295656	 96.270693	  96.24599	 96.221548	 96.197368	 96.173449	 96.149793	 96.126399	 96.103268	   96.0804	 96.057795	 96.035453	 96.013374	 95.991558	 95.970004	 95.948714	 95.927685	 95.906919	 95.886414	  95.86617	 95.846187	 95.826464	 95.807001	 95.787797	 95.768851	 95.750163	 95.731732	 95.713557	 95.695637	 95.677972	  95.66056	   95.6434	 95.626492	 95.609834	 95.593426	 95.577265	 95.561352	 95.545685	 95.530263	 95.515084	 95.500147	 95.485451	 95.470995	 95.456777	 95.442796	 95.429051	 95.415539	 95.402261	 95.389214	 95.376396	 95.363807	 95.351445	 95.339309	 95.327396	 95.315706	 95.304237	 95.292987	 95.281955	 95.271139	 95.260539	 95.250151	 95.239975	  95.23001	 95.220253	 95.210703	 95.201359	 95.192218	 95.183281	 95.174544	 95.166007	 95.157668	 95.149526	 95.141579	 95.133826	 95.126264	 95.118894	 95.111713	  95.10472	 95.097914	 95.091293	 95.084856	 95.078601	 95.072528	 95.066636	 95.060922	 95.055385	 95.050026	 95.044841	 95.039831	 95.034993	 95.030328	 95.025833	 95.021509	 95.017353	 95.013366	 95.009545	  95.00589	 95.002401	 94.999076	 94.995915	 94.992916	  94.99008	 94.987405	 94.984891	 94.982537	 94.980343	 94.978307	 94.976431	 94.974712	 94.973151	 94.971747	   94.9705	 94.969409	 94.968475	 94.967697	 94.967075	 94.966609	 94.966298	 94.966142	
        99	 98.955604	 98.911214	 98.866836	 98.822474	 98.778134	 98.733823	 98.689545	 98.645306	 98.601112	 98.556969	 98.512881	 98.468854	 98.424894	 98.381007	 98.337197	  98.29347	 98.249832	 98.206287	 98.162842	   98.1195	 98.076269	 98.033152	 97.990154	 97.947282	  97.90454	 97.861933	 97.819465	 97.777143	  97.73497	 97.692952	 97.651093	 97.609398	 97.567872	 97.526519	 97.485343	 97.444349	 97.403542	 97.362926	 97.322504	 97.282282	 97.242263	 97.202452	 97.162851	 97.123466	   97.0843	 97.045356	 97.006639	 96.968152	 96.929898	 96.891881	 96.854105	 96.816572	 96.779285	 96.742249	 96.705465	 96.668937	 96.632668	 96.596661	 96.560917	 96.525441	 96.490233	 96.455298	 96.420636	 96.386251	 96.352145	 96.318319	 96.284776	 96.251518	 96.218546	 96.185863	 96.153469	 96.121367	 96.089559	 96.058045	 96.026826	 95.995905	 95.965282	 95.934959	 95.904936	 95.875215	 95.845796	  95.81668	 95.787868	  95.75936	 95.731158	  95.70326	 95.675669	 95.648384	 95.621405	 95.594733	 95.568368	 95.542309	 95.516557	 95.491112	 95.465973	 95.441141	 95.416614	 95.392393	 95.368477	 95.344866	 95.321559	 95.298555	 95.275855	 95.253456	 95.231359	 95.209562	 95.188065	 95.166866	 95.145966	 95.125362	 95.105053	 95.085039	 95.065318	 95.045889	 95.026751	 95.007903	 94.989343	 94.971069	 94.953082	 94.935378	 94.917956	 94.900816	 94.883955	 94.867372	 94.851065	 94.835033	 94.819274	 94.803787	 94.788569	  94.77362	 94.758937	 94.744519	 94.730363	 94.716469	 94.702834	 94.689457	 94.676336	 94.663469	 94.650854	  94.63849	 94.626374	 94.614506	 94.602882	 94.591502	 94.580364	 94.569465	 94.558805	  94.54838	  94.53819	 94.528233	 94.518507	 94.509011	 94.499741	 94.490698	 94.481879	 94.473283	 94.464907	 94.456751	 94.448813	  94.44109	 94.433582	 94.426288	 94.419205	 94.412331	 94.405667	  94.39921	 94.392958	 94.386911	 94.381067	 94.375425	 94.369984	 94.364742	 94.359698	 94.354851	   94.3502	 94.345744	 94.341481	 94.337411	 94.333533	 94.329846	 94.326349	 94.323041	 94.319921	 94.316989	 94.314243	 94.311684	  94.30931	 94.307121	 94.305116	 94.303296	 94.301658	 94.300204	 94.298932	 94.297842	 94.296935	 94.296209	 94.295665	 94.295302	 94.295121	
        99	 98.949278	 98.898563	  98.84786	 98.797177	 98.746519	 98.695893	 98.645306	 98.594764	 98.544272	 98.493838	 98.443468	 98.393168	 98.342944	 98.292803	  98.24275	 98.192793	 98.142936	 98.093186	  98.04355	 97.994033	  97.94464	 97.895379	 97.846255	 97.797274	 97.748441	 97.699763	 97.651244	 97.602891	 97.554709	 97.506703	 97.458879	 97.411243	 97.363799	 97.316553	  97.26951	 97.222675	 97.176053	 97.129649	 97.083468	 97.037514	 96.991792	 96.946308	 96.901064	 96.856067	  96.81132	 96.766827	 96.722593	 96.678621	 96.634916	 96.591482	 96.548323	 96.505441	 96.462842	 96.420528	 96.378503	  96.33677	 96.295333	 96.254194	 96.213358	 96.172826	 96.132601	 96.092688	 96.053087	 96.013802	 95.974836	  95.93619	 95.897867	  95.85987	   95.8222	 95.784859	  95.74785	 95.711173	 95.674832	 95.638827	  95.60316	 95.567833	 95.532847	 95.498203	 95.463902	 95.429945	 95.396334	 95.363069	 95.330151	 95.297581	  95.26536	 95.233488	 95.201965	 95.170791	 95.139968	 95.109495	 95.079373	 95.049601	  95.02018	 94.991109	 94.962388	 94.934017	 94.905995	 94.878323	 94.850999	 94.824024	 94.797395	 94.771114	 94.745178	 94.719588	 94.694342	 94.669439	 94.644879	  94.62066	 94.596781	  94.57324	 94.550038	 94.527172	 94.504641	 94.482444	 94.460579	 94.439045	  94.41784	 94.396962	 94.376411	 94.356185	 94.336281	 94.316698	 94.297434	 94.278488	 94.259858	 94.241541	 94.223537	 94.205843	 94.188457	 94.171377	 94.154602	 94.138129	 94.121956	 94.106082	 94.090505	 94.075221	  94.06023	  94.04553	 94.031117	 94.016991	 94.003149	 93.989589	  93.97631	 93.963308	 93.950583	 93.938131	 93.925951	 93.914041	   93.9024	 93.891024	 93.879912	 93.869062	 93.858472	  93.84814	 93.838064	 93.828243	 93.818674	 93.809356	 93.800286	 93.791463	 93.782886	 93.774551	 93.766459	 93.758606	 93.750992	 93.743615	 93.736473	 93.729564	 93.722887	 93.716441	 93.710225	 93.704236	 93.698473	 93.692935	 93.687621	  93.68253	  93.67766	 93.673011	  93.66858	 93.664367	 93.660372	 93.656592	 93.653028	 93.649678	 93.646541	 93.643617	 93.640905	 93.638404	 93.636113	 93.634033	 93.632163	 93.630501	 93.629048	 93.627803	 93.626766	 93.625937	 93.625316	 93.624901	 93.624694	
        99	 98.942958	 98.885924	 98.828904	 98.771906	 98.714936	 98.658003	 98.601112	 98.544272	  98.48749	 98.430772	 98.374126	 98.317558	 98.261077	 98.204688	 98.148399	 98.092217	 98.036148	   97.9802	 97.924379	 97.868692	 97.813145	 97.757747	 97.702502	 97.647417	   97.5925	 97.537756	 97.483192	 97.428815	 97.374629	 97.320642	  97.26686	 97.213288	 97.159933	   97.1068	 97.053896	 97.001225	 96.948794	 96.896608	 96.844673	 96.792993	 96.741575	 96.690423	 96.639543	 96.588939	 96.538616	 96.488579	 96.438834	 96.389383	 96.340233	 96.291387	  96.24285	 96.194626	 96.146719	 96.099132	 96.051871	 96.004939	 95.958338	 95.912074	 95.866149	 95.820567	 95.775331	 95.730444	 95.685909	  95.64173	 95.597908	 95.554447	  95.51135	 95.468618	 95.426254	 95.384261	  95.34264	 95.301394	 95.260525	 95.220034	 95.179923	 95.140194	 95.100849	 95.061888	 95.023313	 94.985126	 94.947327	 94.909917	 94.872898	  94.83627	 94.800034	  94.76419	 94.728739	 94.693682	 94.659018	 94.624749	 94.590873	 94.557392	 94.524305	 94.491611	 94.459312	 94.427406	 94.395893	 94.364773	 94.334045	 94.303708	 94.273762	 94.244206	 94.215039	  94.18626	 94.157868	 94.129863	 94.102242	 94.075005	 94.048151	 94.021678	 93.995584	 93.969869	 93.944531	 93.919568	 93.894979	 93.870761	 93.846914	 93.823436	 93.800324	 93.777577	 93.755193	  93.73317	 93.711507	   93.6902	 93.669248	  93.64865	 93.628402	 93.608503	 93.588951	 93.569743	 93.550878	 93.532352	 93.514165	 93.496313	 93.478794	 93.461607	 93.444748	 93.428216	 93.412007	 93.396121	 93.380555	 93.365305	 93.350371	  93.33575	 93.321438	 93.307435	 93.293738	 93.280344	 93.267252	 93.254459	 93.241962	  93.22976	 93.217851	 93.206232	 93.194901	 93.183856	 93.173094	 93.162615	 93.152415	 93.142493	 93.132847	 93.123474	 93.114373	 93.105542	  93.09698	 93.088683	 93.080651	 93.072881	 93.065373	 93.058124	 93.051132	 93.044397	 93.037916	 93.031689	 93.025713	 93.019987	 93.014511	 93.009282	 93.004299	 92.999561	 92.995068	 92.990818	 92.986809	 92.983041	 92.979514	 92.976225	 92.973175	 92.970363	 92.967787	 92.965448	 92.963344	 92.961475	 92.959841	 92.958441	 92.957275	 92.956343	 92.955644	 92.955178	 92.954945	
        99	 98.936646	   98.8733	 98.809969	 98.746663	 98.683389	 98.620155	 98.556969	 98.493838	 98.430772	 98.367777	 98.304862	 98.242035	 98.179302	 98.116673	 98.054155	 97.991755	 97.929481	 97.867342	 97.805343	 97.743493	   97.6818	  97.62027	 97.558912	 97.497731	 97.436737	 97.375934	 97.315332	 97.254936	 97.194754	 97.134793	 97.075059	 97.015558	 96.956298	 96.897286	 96.838526	 96.780027	 96.721794	 96.663833	  96.60615	 96.548751	 96.491642	  96.43483	 96.378318	 96.322114	 96.266222	 96.210648	 96.155397	 96.100475	 96.045885	 95.991634	 95.937725	 95.884164	 95.830955	 95.778103	 95.725611	 95.673485	 95.621727	 95.570343	 95.519336	 95.468709	 95.418467	 95.368613	  95.31915	 95.270081	  95.22141	 95.173139	 95.125272	 95.077811	 95.030759	 94.984119	 94.937892	 94.892081	 94.846689	 94.801717	 94.757167	 94.713042	 94.669342	 94.626069	 94.583226	 94.540812	  94.49883	 94.457281	 94.416165	 94.375483	 94.335237	 94.295426	 94.256052	 94.217115	 94.178616	 94.140554	 94.102929	 94.065743	 94.028994	 93.992682	 93.956809	 93.921372	 93.886371	 93.851807	 93.817678	 93.783984	 93.750724	 93.717897	 93.685502	 93.653539	 93.622005	   93.5909	 93.560223	 93.529972	 93.500146	 93.470743	 93.441762	 93.413201	 93.385058	 93.357333	 93.330022	 93.303125	 93.276639	 93.250562	 93.224893	 93.199628	 93.174767	 93.150307	 93.126246	 93.102581	 93.079311	 93.056433	 93.033945	 93.011844	 92.990128	 92.968794	 92.947841	 92.927265	 92.907065	 92.887237	  92.86778	  92.84869	 92.829966	 92.811604	 92.793602	 92.775958	 92.758669	 92.741732	 92.725145	 92.708905	  92.69301	 92.677457	 92.662244	 92.647368	 92.632827	 92.618618	 92.604738	 92.591186	 92.577959	 92.565054	 92.552469	 92.540201	 92.528249	  92.51661	 92.505281	 92.494261	 92.483547	 92.473138	  92.46303	 92.453222	 92.443711	 92.434496	 92.425575	 92.416946	 92.408607	 92.400555	  92.39279	 92.385309	 92.378112	 92.371195	 92.364558	 92.358198	 92.352116	 92.346308	 92.340774	 92.335512	 92.330521	   92.3258	 92.321348	 92.317164	 92.313246	 92.309593	 92.306206	 92.303082	 92.300221	 92.297623	 92.295287	 92.293211	 92.291396	 92.289841	 92.288546	 92.287511	 92.286734	 92.286217	 92.285958	
        99	 98.930341	 98.860691	 98.791059	 98.721453	 98.651882	 98.582355	 98.512881	 98.443468	 98.374126	 98.304862	 98.235686	 98.166607	 98.097632	  98.02877	  97.96003	 97.891421	  97.82295	 97.754626	 97.686458	 97.618453	 97.550621	 97.482968	 97.415503	 97.348235	  97.28117	 97.214317	 97.147684	 97.081278	 97.015107	 96.949179	   96.8835	 96.818078	 96.752921	 96.688036	  96.62343	 96.559109	  96.49508	 96.431351	 96.367928	 96.304817	 96.242026	 96.179559	 96.117424	 96.055627	 95.994173	 95.933069	  95.87232	 95.811931	 95.751909	 95.692259	 95.632986	 95.574095	 95.515591	 95.457479	 95.399764	  95.34245	 95.285542	 95.229044	 95.172961	 95.117296	 95.062054	 95.007239	 94.952853	 94.898902	 94.845387	 94.792313	 94.739682	 94.687498	 94.635764	 94.584482	 94.533655	 94.483286	 94.433376	 94.383929	 94.334946	 94.286429	 94.238381	 94.190802	 94.143695	  94.09706	 94.050901	 94.005216	 93.960009	 93.915279	 93.871027	 93.827255	 93.783963	 93.741151	  93.69882	  93.65697	 93.615602	 93.574715	 93.534309	 93.494384	  93.45494	 93.415977	 93.377493	  93.33949	 93.301964	 93.264917	 93.228347	 93.192254	 93.156635	 93.121491	 93.086819	 93.052619	 93.018889	 92.985627	 92.952833	 92.920504	 92.888639	 92.857236	 92.826293	 92.795808	  92.76578	 92.736206	 92.707084	 92.678412	 92.650188	  92.62241	 92.595075	 92.568181	 92.541725	 92.515705	  92.49012	 92.464965	 92.440238	 92.415938	 92.392061	 92.368604	 92.345566	 92.322943	 92.300732	 92.278932	 92.257538	 92.236549	 92.215961	 92.195772	 92.175978	 92.156578	 92.137568	 92.118946	 92.100708	 92.082853	 92.065376	 92.048275	 92.031549	 92.015192	 91.999204	 91.983581	  91.96832	 91.953419	 91.938876	 91.924686	 91.910849	 91.897361	 91.884219	 91.871422	 91.858966	 91.846849	 91.835069	 91.823623	 91.812509	 91.801725	 91.791268	 91.781137	 91.771328	  91.76184	 91.752671	 91.743818	  91.73528	 91.727055	 91.719141	 91.711536	 91.704238	 91.697246	 91.690558	 91.684172	 91.678087	 91.672302	 91.666815	 91.661624	 91.656729	 91.652128	  91.64782	 91.643804	 91.640079	 91.636645	 91.633499	 91.630643	 91.628073	 91.625791	 91.623796	 91.622086	 91.620663	 91.619524	  91.61867	 91.618101	 91.617816	
        99	 98.924045	   98.8481	 98.772174	 98.696277	 98.620418	 98.544608	 98.468854	 98.393168	 98.317558	 98.242035	 98.166607	 98.091283	 98.016074	 97.940989	 97.866036	 97.791226	 97.716566	 97.642067	 97.567738	 97.493587	 97.419624	 97.345856	 97.272294	 97.198946	  97.12582	 97.052925	 96.980269	 96.907861	  96.83571	 96.763822	 96.692208	 96.620873	 96.549827	 96.479078	 96.408632	 96.338497	 96.268682	 96.199193	 96.130037	 96.061223	 95.992756	 95.924644	 95.856893	  95.78951	 95.722502	 95.655875	 95.589635	 95.523789	 95.458342	 95.393301	  95.32867	 95.264456	 95.200665	 95.137301	 95.074369	 95.011875	 94.949824	  94.88822	 94.827068	 94.766372	 94.706137	 94.646367	 94.587066	 94.528238	 94.469887	 94.412016	 94.354629	 94.297728	 94.241318	 94.185401	  94.12998	 94.075059	 94.020638	 93.966722	 93.913312	  93.86041	 93.808019	  93.75614	 93.704775	 93.653926	 93.603594	 93.553781	 93.504487	 93.455714	 93.407463	 93.359735	  93.31253	 93.265849	 93.219692	  93.17406	 93.128952	  93.08437	 93.040312	 92.996779	  92.95377	 92.911285	 92.869323	 92.827884	 92.786968	 92.746572	 92.706697	 92.667341	 92.628503	 92.590183	 92.552377	 92.515086	 92.478307	  92.44204	 92.406281	  92.37103	 92.336285	 92.302044	 92.268304	 92.235065	 92.202322	 92.170075	 92.138321	 92.107058	 92.076283	 92.045994	 92.016189	 91.986864	 91.958017	 91.929646	 91.901747	 91.874319	 91.847358	 91.820861	 91.794826	 91.769249	 91.744129	 91.719461	 91.695243	 91.671472	 91.648145	 91.625258	  91.60281	 91.580796	 91.559214	  91.53806	 91.517332	 91.497027	 91.477141	 91.457671	 91.438615	 91.419969	  91.40173	 91.383895	 91.366462	 91.349427	 91.332787	 91.316539	 91.300681	 91.285209	 91.270121	 91.255414	 91.241085	 91.227131	 91.213549	 91.200337	 91.187492	 91.175012	 91.162894	 91.151135	 91.139733	 91.128685	  91.11799	 91.107644	 91.097646	 91.087994	 91.078684	 91.069716	 91.061086	 91.052794	 91.044837	 91.037212	  91.02992	 91.022957	 91.016322	 91.010014	 91.004031	 90.998371	 90.993033	 90.988017	 90.983319	 90.978941	 90.974879	 90.971134	 90.967705	 90.964589	 90.961788	   90.9593	 90.957124	  90.95526	 90.953707	 90.952466	 90.951535	 90.950914	 90.950604	
        99	 98.917759	 98.835528	 98.753318	  98.67114	 98.589003	 98.506917	 98.424894	 98.342944	 98.261077	 98.179302	 98.097632	 98.016074	 97.934641	 97.853341	 97.772185	 97.691183	 97.610344	  97.52968	 97.449198	  97.36891	 97.288825	 97.208953	 97.129302	 97.049883	 96.970705	 96.891777	 96.813108	 96.734707	 96.656584	 96.578747	 96.501205	 96.423967	 96.347041	 96.270436	  96.19416	 96.118221	 96.042627	 95.967387	 95.892508	 95.817998	 95.743864	 95.670115	 95.596757	 95.523797	 95.451243	 95.379102	  95.30738	 95.236084	  95.16522	 95.094796	 95.024816	 94.955288	 94.886217	 94.817608	 94.749468	 94.681802	 94.614615	 94.547912	 94.481699	  94.41598	  94.35076	 94.286043	 94.221834	 94.158137	 94.094957	 94.032296	 93.970159	 93.908549	  93.84747	 93.786926	 93.726918	 93.667451	 93.608526	 93.550147	 93.492317	 93.435037	 93.378309	 93.322137	 93.266521	 93.211463	 93.156966	  93.10303	 93.049656	 92.996847	 92.944603	 92.892924	 92.841812	 92.791268	 92.741291	 92.691882	 92.643041	 92.594768	 92.547064	 92.499928	 92.453359	 92.407358	 92.361924	 92.317055	 92.272752	 92.229014	 92.185838	 92.143225	 92.101173	  92.05968	 92.018746	 91.978368	 91.938546	 91.899276	 91.860559	  91.82239	  91.78477	 91.747694	 91.711162	 91.675171	 91.639719	 91.604803	 91.570421	 91.536571	 91.503249	 91.470453	  91.43818	 91.406428	 91.375194	 91.344475	 91.314267	 91.284569	 91.255376	 91.226687	 91.198497	 91.170803	 91.143604	 91.116894	 91.090672	 91.064933	 91.039676	 91.014895	 90.990588	 90.966753	 90.943384	  90.92048	 90.898036	  90.87605	 90.854519	 90.833438	 90.812804	 90.792615	 90.772867	 90.753556	  90.73468	 90.716235	 90.698218	 90.680625	 90.663455	 90.646702	 90.630366	 90.614441	 90.598926	 90.583817	 90.569111	 90.554806	 90.540898	 90.527385	 90.514263	 90.501531	 90.489186	 90.477224	 90.465643	 90.454441	 90.443616	 90.433164	 90.423084	 90.413374	  90.40403	 90.395051	 90.386435	  90.37818	 90.370284	 90.362745	 90.355561	 90.348731	 90.342252	 90.336124	 90.330345	 90.324913	 90.319827	 90.315086	 90.310688	 90.306633	  90.30292	 90.299547	 90.296513	 90.293819	 90.291463	 90.289445	 90.287764	  90.28642	 90.285412	  90.28474	 90.284404	
        99	 98.911483	 98.822977	 98.734494	 98.646044	 98.557639	 98.469289	 98.381007	 98.292803	 98.204688	 98.116673	  98.02877	 97.940989	 97.853341	 97.765837	 97.678487	 97.591304	 97.504297	 97.417476	 97.330853	 97.244438	 97.158242	 97.072274	 96.986545	 96.901066	 96.815845	 96.730894	 96.646222	 96.561838	 96.477753	 96.393976	 96.310517	 96.227385	 96.144588	 96.062137	  95.98004	 95.898306	 95.816944	 95.735962	 95.655368	 95.575172	 95.495382	 95.416004	 95.337048	 95.258521	  95.18043	 95.102783	 95.025588	 94.948851	  94.87258	 94.796781	 94.721462	 94.646627	 94.572285	 94.498441	 94.425101	 94.352271	 94.279957	 94.208164	 94.136898	 94.066164	 93.995966	 93.926311	 93.857202	 93.788645	 93.720642	   93.6532	 93.586321	  93.52001	  93.45427	 93.389105	 93.324518	 93.260513	 93.197091	 93.134258	 93.072014	 93.010363	 92.949306	 92.888847	 92.828987	 92.769728	 92.711071	 92.653019	 92.595573	 92.538734	 92.482502	  92.42688	 92.371868	 92.317466	 92.263675	 92.210496	 92.157928	 92.105972	 92.054627	 92.003894	 91.953771	  91.90426	 91.855358	 91.807066	 91.759382	 91.712305	 91.665835	  91.61997	 91.574709	  91.53005	 91.485992	 91.442533	 91.399671	 91.357405	 91.315733	 91.274652	  91.23416	 91.194255	 91.154936	 91.116198	  91.07804	  91.04046	 91.003454	  90.96702	 90.931156	 90.895857	 90.861122	 90.826947	 90.793329	 90.760265	 90.727753	 90.695788	 90.664368	 90.633489	 90.603147	 90.573341	 90.544065	 90.515318	 90.487094	 90.459392	 90.432206	 90.405535	 90.379373	 90.353718	 90.328567	 90.303915	 90.279758	 90.256095	  90.23292	  90.21023	 90.188022	 90.166292	 90.145036	 90.124252	 90.103936	 90.084083	 90.064691	 90.045756	 90.027275	 90.009244	 89.991661	 89.974521	 89.957822	  89.94156	 89.925732	 89.910335	 89.895366	 89.880821	 89.866699	 89.852995	 89.839707	 89.826833	 89.814368	 89.802312	  89.79066	 89.779411	 89.768562	  89.75811	 89.748053	 89.738389	 89.729116	 89.720231	 89.711732	 89.703618	 89.695885	 89.688534	 89.681561	 89.674965	 89.668745	 89.662898	 89.657424	 89.652321	 89.647588	 89.643224	 89.639227	 89.635597	 89.632332	 89.629432	 89.626896	 89.624724	 89.622915	 89.621468	 89.620383	  89.61966	 89.619298	
        99	 98.905218	 98.810448	 98.715702	 98.620992	  98.52633	 98.431728	 98.337197	  98.24275	 98.148399	 98.054155	  97.96003	 97.866036	 97.772185	 97.678487	 97.584956	 97.491602	 97.398437	 97.305471	 97.212718	 97.120187	  97.02789	 96.935837	 96.844041	 96.752511	 96.661259	 96.570296	  96.47963	 96.389275	 96.299239	 96.209532	 96.120166	  96.03115	 95.942494	 95.854207	 95.766299	  95.67878	  95.59166	 95.504946	 95.418649	 95.332777	 95.247339	 95.162343	 95.077799	 94.993714	 94.910096	 94.826954	 94.744295	 94.662127	 94.580458	 94.499294	 94.418644	 94.338513	 94.258909	 94.179838	 94.101308	 94.023323	 93.945891	 93.869017	 93.792707	 93.716966	 93.641801	 93.567216	 93.493215	 93.419806	  93.34699	 93.274775	 93.203162	 93.132158	 93.061765	 92.991988	  92.92283	 92.854294	 92.786385	 92.719104	 92.652455	  92.58644	 92.521062	 92.456324	 92.392227	 92.328774	 92.265966	 92.203805	 92.142293	 92.081431	  92.02122	 91.961661	 91.902755	 91.844503	 91.786905	 91.729962	 91.673673	  91.61804	 91.563061	 91.508737	 91.455067	 91.402051	 91.349689	 91.297978	  91.24692	 91.196511	 91.146752	 91.097641	 91.049176	 91.001356	  90.95418	 90.907645	  90.86175	 90.816493	 90.771871	 90.727882	 90.684525	 90.641796	 90.599693	 90.558214	 90.517356	 90.477115	 90.437491	 90.398478	 90.360075	 90.322278	 90.285084	  90.24849	 90.212493	  90.17709	 90.142276	 90.108049	 90.074405	  90.04134	 90.008852	 89.976935	 89.945588	 89.914806	 89.884585	 89.854921	 89.825812	 89.797252	 89.769239	 89.741769	 89.714837	  89.68844	 89.662574	 89.637236	  89.61242	 89.588125	 89.564345	 89.541077	 89.518317	 89.496062	 89.474307	  89.45305	 89.432285	  89.41201	 89.392221	 89.372915	 89.354087	 89.335734	 89.317852	 89.300439	 89.283491	 89.267005	 89.250976	 89.235402	  89.22028	 89.205606	 89.191378	 89.177592	 89.164246	 89.151336	  89.13886	 89.126814	 89.115197	 89.104006	 89.093237	 89.082889	 89.072959	 89.063446	 89.054345	 89.045657	 89.037377	 89.029505	 89.022039	 89.014976	 89.008316	 89.002055	 88.996194	  88.99073	 88.985662	 88.980988	 88.976709	 88.972821	 88.969326	 88.966221	 88.963505	 88.961179	 88.959242	 88.957692	 88.956531	 88.955756	 88.955369	
        99	 98.898965	 98.797943	 98.696946	 98.595988	 98.495081	 98.394237	  98.29347	 98.192793	 98.092217	 97.991755	 97.891421	 97.791226	 97.691183	 97.591304	 97.491602	 97.392089	 97.292777	 97.193679	 97.094806	 96.996171	 96.897784	 96.799659	 96.701807	 96.604239	 96.506967	 96.410002	 96.313355	 96.217038	 96.121062	 96.025438	 95.930176	 95.835287	 95.740782	 95.646671	 95.552964	 95.459671	 95.366803	 95.274368	 95.182378	 95.090841	 94.999766	 94.909163	 94.819041	 94.729409	 94.640275	 94.551647	 94.463535	 94.375947	 94.288889	 94.202371	   94.1164	 94.030983	 93.946127	  93.86184	 93.778128	 93.694999	 93.612458	 93.530513	 93.449168	 93.368431	 93.288307	 93.208801	 93.129919	 93.051666	 92.974047	 92.897067	  92.82073	 92.745041	 92.670005	 92.595624	 92.521903	 92.448846	 92.376456	 92.304737	 92.233691	 92.163321	  92.09363	 92.024621	 91.956295	 91.888656	 91.821704	 91.755443	 91.689872	 91.624995	 91.560812	 91.497324	 91.434531	 91.372436	 91.311038	 91.250338	 91.190336	 91.131033	 91.072427	 91.014519	 90.957309	 90.900795	 90.844978	 90.789856	 90.735429	 90.681695	 90.628653	 90.576302	  90.52464	 90.473665	 90.423377	 90.373772	 90.324849	 90.276606	  90.22904	 90.182149	 90.135931	 90.090384	 90.045503	 90.001288	 89.957734	 89.914839	   89.8726	 89.831013	 89.790077	 89.749786	 89.710139	 89.671131	 89.632759	  89.59502	 89.557909	 89.521424	  89.48556	 89.450314	 89.415682	 89.381661	 89.348245	 89.315432	 89.283217	 89.251597	 89.220567	 89.190124	 89.160262	  89.13098	 89.102271	 89.074133	  89.04656	  89.01955	 88.993098	 88.967199	  88.94185	 88.917048	 88.892786	 88.869063	 88.845873	 88.823213	 88.801078	 88.779466	 88.758371	 88.737791	 88.717721	 88.698157	 88.679096	 88.660534	 88.642468	 88.624894	 88.607808	 88.591206	 88.575087	 88.559445	 88.544278	 88.529583	 88.515356	 88.501594	 88.488295	 88.475455	 88.463071	 88.451141	 88.439662	 88.428632	 88.418047	 88.407906	 88.398205	 88.388943	 88.380117	 88.371726	 88.363767	 88.356239	 88.349138	 88.342465	 88.336217	 88.330392	  88.32499	 88.320008	 88.315446	 88.311302	 88.307576	 88.304266	 88.301372	 88.298892	 88.296827	 88.295176	 88.293937	 88.293112	 88.292699	
        99	 98.892725	 98.785463	 98.678228	 98.571034	 98.463895	 98.356823	 98.249832	 98.142936	 98.036148	 97.929481	  97.82295	 97.716566	 97.610344	 97.504297	 97.398437	 97.292777	 97.187332	 97.082113	 96.977133	 96.872405	 96.767942	 96.663756	  96.55986	 96.456266	 96.352986	 96.250032	 96.147416	  96.04515	 95.943247	 95.841716	  95.74057	 95.639821	 95.539478	 95.439554	 95.340059	 95.241005	   95.1424	 95.044257	 94.946585	 94.849394	 94.752694	 94.656495	 94.560806	 94.465638	 94.370999	 94.276897	 94.183343	 94.090345	  93.99791	 93.906048	 93.814767	 93.724074	 93.633977	 93.544484	 93.455602	 93.367339	   93.2797	 93.192693	 93.106324	   93.0206	 92.935527	 92.851111	 92.767357	  92.68427	 92.601857	 92.520123	 92.439071	 92.358707	 92.279036	 92.200061	 92.121788	 92.044218	 91.967357	 91.891208	 91.815773	 91.741057	 91.667062	  91.59379	 91.521245	 91.449428	 91.378341	 91.307987	 91.238367	 91.169482	 91.101335	 91.033925	 90.967255	 90.901324	 90.836134	 90.771685	 90.707977	  90.64501	 90.582785	 90.521301	 90.460557	 90.400553	 90.341288	 90.282761	 90.224972	  90.16792	 90.111602	 90.056017	 90.001164	 89.947041	 89.893646	 89.840978	 89.789033	  89.73781	 89.687307	  89.63752	 89.588447	 89.540086	 89.492434	 89.445487	 89.399243	 89.353699	 89.308851	 89.264696	 89.221231	 89.178452	 89.136356	 89.094939	 89.054197	 89.014126	 88.974724	 88.935985	 88.897906	 88.860483	 88.823713	 88.787589	  88.75211	  88.71727	 88.683066	 88.649492	 88.616546	 88.584222	 88.552517	 88.521425	 88.490944	 88.461067	 88.431792	 88.403113	 88.375027	 88.347529	 88.320615	  88.29428	  88.26852	 88.243331	 88.218709	 88.194649	 88.171148	 88.148201	 88.125803	 88.103952	 88.082642	  88.06187	 88.041632	 88.021923	 88.002741	 87.984081	  87.96594	 87.948313	 87.931198	  87.91459	 87.898486	 87.882883	 87.867778	 87.853166	 87.839045	 87.825412	 87.812264	 87.799597	 87.787409	 87.775697	 87.764459	 87.753691	 87.743391	 87.733557	 87.724187	 87.715277	 87.706826	 87.698833	 87.691294	 87.684209	 87.677575	  87.67139	 87.665654	 87.660365	 87.655521	 87.651121	 87.647165	  87.64365	 87.640577	 87.637945	 87.635752	 87.633998	 87.632684	 87.631807	 87.631369	
