Time step 14:
        99	        99	        99	        99	        99	        99	        99	        99	        99	        99	        99	        99	        99	        99	        99	        99	        99	        99	        99	        99	        99	        99	        99	        99	        99	        99	        99	        99	        99	        99	        99	        99	        99	        99	        99	        99	        99	        99	        99	        99	        99	        99	        99	        99	        99	        99	        99	        99	        99	        99	        99	        99	        99	        99	        99	        99	        99	        99	        99	        99	        99	        99	        99	        99	        99	        99	        99	        99	        99	        99	        99	        99	        99	        99	        99	        99	        99	        99	        99	        99	        99	        99	        99	        99	        99	        99	        99	        99	        99	        99	        99	        99	        99	        99	        99	        99	        99	        99	        99	        99	        99	        99	        99	        99	        99	        99	        99	        99	        99	        99	        99	        99	        99	        99	        99	        99	        99	        99	        99	        99	        99	        99	        99	        99	        99	        99	        99	        99	        99	        99	        99	        99	        99	        99	        99	        99	        99	        99	        99	        99	        99	        99	        99	        99	        99	        99	        99	        99	        99	        99	        99	        99	        99	        99	        99	        99	        99	        99	        99	        99	        99	        99	        99	        99	        99	        99	        99	        99	        99	        99	        99	        99	        99	        99	        99	        99	        99	        99	        99	        99	        99	        99	        99	        99	        99	        99	        99	        99	        99	        99	        99	        99	        99	        99	        99	        99	        99	        99	        99	        99	
        99	 98.954654	 98.909349	 98.864125	 98.819024	 98.774085	 98.729349	 98.684854	 98.640639	 98.596742	 98.553199	 98.510048	 98.467323	 98.425058	 98.383285	 98.342037	 98.301343	 98.261232	 98.221732	 98.182868	 98.144664	 98.107143	 98.070326	 98.034232	  97.99888	 97.964284	  97.93046	  97.89742	 97.865175	 97.833734	 97.803105	 97.773293	 97.744303	 97.716138	 97.688799	 97.662286	 97.636596	 97.611727	 97.587675	 97.564432	 97.541993	 97.520349	 97.499491	 97.479407	 97.460088	 97.441521	 97.423691	 97.406586	 97.390191	 97.374491	 97.359469	  97.34511	 97.331395	 97.318309	 97.305834	 97.293952	 97.282644	 97.271893	 97.261681	 97.251989	   97.2428	 97.234094	 97.225854	 97.218062	   97.2107	 97.203751	 97.197198	 97.191023	  97.18521	 97.179742	 97.174604	 97.169781	 97.165257	 97.161016	 97.157046	 97.153332	 97.149861	  97.14662	 97.143596	 97.140777	 97.138152	  97.13571	 97.133439	 97.131331	 97.129374	  97.12756	  97.12588	 97.124325	 97.122887	 97.121559	 97.120333	 97.119203	 97.118161	 97.117203	 97.116321	 97.115512	 97.114768	 97.114086	 97.113462	  97.11289	 97.112366	 97.111888	 97.111452	 97.111054	 97.110691	  97.11036	  97.11006	 97.109786	 97.109538	 97.109313	 97.109109	 97.108924	 97.108757	 97.108606	 97.108469	 97.108346	 97.108235	 97.108134	 97.108044	 97.107963	  97.10789	 97.107825	 97.107767	 97.107714	 97.107667	 97.107625	 97.107587	 97.107554	 97.107524	 97.107497	 97.107474	 97.107453	 97.107434	 97.107417	 97.107402	 97.107389	 97.107378	 97.107367	 97.107358	  97.10735	 97.107343	 97.107337	 97.107331	 97.107327	 97.107322	 97.107319	 97.107315	 97.107312	  97.10731	 97.107308	 97.107306	 97.107304	 97.107303	 97.107301	   97.1073	 97.107299	 97.107298	 97.107298	 97.107297	 97.107297	 97.107296	 97.107296	 97.107295	 97.107295	 97.107295	 97.107294	 97.107294	 97.107294	 97.107294	 97.107294	 97.107294	 97.107294	 97.107294	 97.107293	 97.107293	 97.107293	 97.107293	 97.107293	 97.107293	 97.107293	 97.107293	 97.107293	 97.107293	 97.107293	 97.107293	 97.107293	 97.107293	 97.107293	 97.107293	 97.107293	 97.107293	 97.107293	 97.107293	 97.107293	 97.107293	 97.107293	 97.107293	 97.107293	 97.107293	 97.107293	
        99	 98.909349	  98.81878	 98.728373	 98.638212	 98.548375	 98.458942	 98.369992	 98.281601	 98.193847	 98.106802	 98.020538	 97.935126	 97.850634	 97.767127	 97.684668	 97.603316	 97.523131	 97.444166	 97.366472	 97.290098	  97.21509	  97.14149	 97.069335	 96.998662	 96.929502	 96.861885	 96.795834	 96.731373	 96.668519	 96.607288	 96.547692	 96.489739	 96.433434	 96.378781	 96.325778	 96.274422	 96.224706	 96.176622	 96.130159	 96.085301	 96.042032	 96.000334	 95.960186	 95.921565	 95.884446	 95.848804	  95.81461	 95.781834	 95.750448	 95.720417	 95.691711	 95.664295	 95.638135	 95.613196	 95.589442	 95.566837	 95.545345	  95.52493	 95.505555	 95.487184	  95.46978	 95.453307	  95.43773	 95.423013	 95.409122	  95.39602	 95.383676	 95.372055	 95.361126	 95.350855	 95.341212	 95.332167	 95.323691	 95.315754	  95.30833	 95.301391	 95.294911	 95.288866	 95.283231	 95.277983	 95.273101	 95.268562	 95.264346	 95.260435	 95.256808	 95.253449	 95.250341	 95.247466	 95.244811	 95.242361	 95.240101	  95.23802	 95.236103	 95.234341	 95.232722	 95.231236	 95.229873	 95.228624	 95.227481	 95.226435	 95.225479	 95.224606	  95.22381	 95.223085	 95.222424	 95.221823	 95.221277	 95.220781	 95.220331	 95.219923	 95.219553	 95.219219	 95.218916	 95.218643	 95.218397	 95.218175	 95.217975	 95.217794	 95.217633	 95.217487	 95.217356	 95.217239	 95.217134	  95.21704	 95.216956	 95.216881	 95.216814	 95.216754	 95.216701	 95.216654	 95.216611	 95.216574	 95.216541	 95.216511	 95.216485	 95.216462	 95.216441	 95.216423	 95.216407	 95.216393	  95.21638	 95.216369	  95.21636	 95.216351	 95.216344	 95.216337	 95.216331	 95.216326	 95.216322	 95.216318	 95.216315	 95.216312	 95.216309	 95.216307	 95.216305	 95.216303	 95.216302	 95.216301	   95.2163	 95.216299	 95.216298	 95.216297	 95.216296	 95.216296	 95.216295	 95.216295	 95.216295	 95.216294	 95.216294	 95.216294	 95.216294	 95.216294	 95.216293	 95.216293	 95.216293	 95.216293	 95.216293	 95.216293	 95.216293	 95.216293	 95.216293	 95.216293	 95.216293	 95.216293	 95.216293	 95.216293	 95.216293	 95.216293	 95.216293	 95.216293	 95.216293	 95.216293	 95.216293	 95.216293	 95.216293	 95.216293	 95.216293	 95.216293	 95.216293	
        99	 98.864125	 98.728373	 98.592866	 98.457725	 98.323071	 98.189022	 98.055697	 97.923211	 97.791678	 97.661209	 97.531911	 97.403889	 97.277246	 97.152079	 97.028483	 96.906548	  96.78636	 96.668001	 96.551548	 96.437074	 96.324646	 96.214328	 96.106177	 96.000247	 95.896586	 95.795236	 95.696234	 95.599615	 95.505405	 95.413628	   95.3243	 95.237435	 95.153042	 95.071123	 94.991678	 94.914702	 94.840185	 94.768114	  94.69847	 94.631234	  94.56638	  94.50388	 94.443703	 94.385815	 94.330179	 94.276755	 94.225502	 94.176376	 94.129331	  94.08432	 94.041293	   94.0002	 93.960989	 93.923608	 93.888004	 93.854122	 93.821909	 93.791309	 93.762268	 93.734732	 93.708646	 93.683956	 93.660608	 93.638549	 93.617727	  93.59809	 93.579587	 93.562169	 93.545787	 93.530392	 93.515939	 93.502382	 93.489677	 93.477781	 93.466653	 93.456252	  93.44654	 93.437479	 93.429033	 93.421167	 93.413849	 93.407046	 93.400727	 93.394864	 93.389428	 93.384393	 93.379734	 93.375426	 93.371446	 93.367774	 93.364387	 93.361267	 93.358395	 93.355753	 93.353327	 93.351099	 93.349056	 93.347184	  93.34547	 93.343903	  93.34247	 93.341162	 93.339969	 93.338881	 93.337891	  93.33699	 93.336171	 93.335428	 93.334753	 93.334142	 93.333588	 93.333086	 93.332633	 93.332224	 93.331855	 93.331522	 93.331222	 93.330952	 93.330709	 93.330491	 93.330295	 93.330119	 93.329962	 93.329821	 93.329695	 93.329583	 93.329482	 93.329393	 93.329313	 93.329242	 93.329179	 93.329122	 93.329072	 93.329028	 93.328989	 93.328954	 93.328923	 93.328896	 93.328872	 93.328851	 93.328832	 93.328816	 93.328801	 93.328788	 93.328777	 93.328767	 93.328759	 93.328751	 93.328745	 93.328739	 93.328734	 93.328729	 93.328726	 93.328722	 93.328719	 93.328717	 93.328715	 93.328713	 93.328711	  93.32871	 93.328708	 93.328707	 93.328706	 93.328706	 93.328705	 93.328704	 93.328704	 93.328703	 93.328703	 93.328703	 93.328702	 93.328702	 93.328702	 93.328702	 93.328702	 93.328701	 93.328701	 93.328701	 93.328701	 93.328701	 93.328701	 93.328701	 93.328701	 93.328701	 93.328701	 93.328701	 93.328701	 93.328701	 93.328701	 93.328701	 93.328701	 93.328701	 93.328701	 93.328701	 93.328701	 93.328701	 93.328701	 93.328701	 93.328701	
        99	 98.819024	 98.638212	 98.457725	 98.277726	 98.098375	 97.919832	 97.742252	  97.56579	 97.390597	  97.21682	 97.044603	 96.874087	 96.705407	 96.538693	 96.374071	 96.211662	  96.05158	 95.893933	 95.738826	 95.586354	 95.436608	 95.289672	 95.145622	 95.004531	  94.86646	 94.731469	 94.599606	 94.470915	 94.345434	 94.223193	 94.104214	 93.988516	  93.87611	    93.767	 93.661185	 93.558658	 93.459406	 93.363411	 93.270651	 93.181097	 93.094715	 93.011469	 92.931318	 92.854215	 92.780111	 92.708955	 92.640689	 92.575257	 92.512596	 92.452644	 92.395335	 92.340602	 92.288376	 92.238587	 92.191164	 92.146036	  92.10313	 92.062373	 92.023693	 91.987016	 91.952271	 91.919386	 91.888288	 91.858907	 91.831173	 91.805018	 91.780374	 91.757174	 91.735354	  91.71485	 91.695599	 91.677542	  91.66062	 91.644775	 91.629953	   91.6161	 91.603163	 91.591095	 91.579845	 91.569369	 91.559621	  91.55056	 91.542144	 91.534335	 91.527095	 91.520389	 91.514183	 91.508445	 91.503144	 91.498252	 91.493741	 91.489585	  91.48576	 91.482242	  91.47901	 91.476043	 91.473322	 91.470829	 91.468546	 91.466458	  91.46455	 91.462807	 91.461218	  91.45977	 91.458451	 91.457251	  91.45616	  91.45517	 91.454271	 91.453457	 91.452719	 91.452051	 91.451448	 91.450903	 91.450411	 91.449967	 91.449568	 91.449208	 91.448885	 91.448594	 91.448333	   91.4481	  91.44789	 91.447703	 91.447535	 91.447385	 91.447251	 91.447132	 91.447025	 91.446931	 91.446846	 91.446771	 91.446705	 91.446646	 91.446594	 91.446547	 91.446506	  91.44647	 91.446438	  91.44641	 91.446385	 91.446363	 91.446344	 91.446327	 91.446312	 91.446299	 91.446287	 91.446277	 91.446268	 91.446261	 91.446254	 91.446248	 91.446243	 91.446239	 91.446235	 91.446231	 91.446228	 91.446226	 91.446224	 91.446222	  91.44622	 91.446219	 91.446217	 91.446216	 91.446215	 91.446215	 91.446214	 91.446213	 91.446213	 91.446212	 91.446212	 91.446212	 91.446211	 91.446211	 91.446211	 91.446211	 91.446211	  91.44621	  91.44621	  91.44621	  91.44621	  91.44621	  91.44621	  91.44621	  91.44621	  91.44621	  91.44621	  91.44621	  91.44621	  91.44621	  91.44621	  91.44621	  91.44621	  91.44621	  91.44621	  91.44621	  91.44621	  91.44621	  91.44621	
        99	 98.774085	 98.548375	 98.323071	 98.098375	 97.874489	 97.651611	 97.429936	 97.209656	 96.990959	 96.774031	 96.559051	 96.346194	 96.135628	 95.927517	 95.722017	 95.519279	 95.319446	 95.122654	 94.929031	 94.738698	 94.551768	 94.368346	 94.188527	   94.0124	 93.840045	 93.671533	 93.506927	 93.346281	 93.189641	 93.037045	 92.888523	 92.744095	 92.603777	 92.467573	 92.335483	 92.207497	   92.0836	 91.963768	 91.847974	 91.736182	 91.628351	 91.524434	  91.42438	 91.328131	 91.235627	 91.146801	 91.061584	 90.979904	 90.901684	 90.826845	 90.755305	 90.686981	 90.621786	 90.559634	 90.500436	 90.444101	 90.390541	 90.339664	 90.291379	 90.245595	 90.202223	 90.161171	 90.122351	 90.085675	 90.051054	 90.018405	 89.987641	  89.95868	 89.931442	 89.905846	 89.881815	 89.859274	  89.83815	 89.818371	 89.799868	 89.782575	 89.766426	 89.751361	 89.737318	  89.72424	 89.712072	 89.700761	 89.690255	 89.680507	 89.671469	 89.663098	 89.655351	 89.648188	 89.641571	 89.635464	 89.629833	 89.624645	  89.61987	 89.615479	 89.611444	  89.60774	 89.604344	 89.601231	 89.598381	 89.595775	 89.593393	 89.591218	 89.589234	 89.587426	  89.58578	 89.584282	 89.582921	 89.581684	 89.580562	 89.579546	 89.578625	 89.577791	 89.577038	 89.576357	 89.575743	  89.57519	 89.574691	 89.574242	 89.573838	 89.573476	  89.57315	 89.572858	 89.572597	 89.572362	 89.572153	 89.571966	 89.571799	  89.57165	 89.571517	 89.571399	 89.571294	   89.5712	 89.571117	 89.571043	 89.570978	  89.57092	 89.570869	 89.570824	 89.570784	 89.570749	 89.570718	  89.57069	 89.570666	 89.570645	 89.570626	  89.57061	 89.570596	 89.570583	 89.570572	 89.570563	 89.570554	 89.570547	 89.570541	 89.570535	  89.57053	 89.570526	 89.570522	 89.570519	 89.570516	 89.570514	 89.570512	  89.57051	 89.570508	 89.570507	 89.570506	 89.570505	 89.570504	 89.570503	 89.570503	 89.570502	 89.570502	 89.570501	 89.570501	 89.570501	   89.5705	   89.5705	   89.5705	   89.5705	   89.5705	   89.5705	   89.5705	 89.570499	 89.570499	 89.570499	 89.570499	 89.570499	 89.570499	 89.570499	 89.570499	 89.570499	 89.570499	 89.570499	 89.570499	 89.570499	 89.570499	 89.570499	 89.570499	 89.570499	 89.570499	
        99	 98.729349	 98.458942	 98.189022	 97.919832	 97.651611	 97.384597	 97.119025	 96.855124	 96.593121	 96.333236	 96.075684	 95.820676	 95.568413	  95.31909	 95.072897	 94.830012	 94.590607	 94.354845	 94.122881	 93.894857	 93.670911	 93.451166	 93.235739	 93.024735	 92.818249	 92.616368	 92.419165	 92.226707	 92.039049	 91.856235	 91.678302	 91.505275	  91.33717	 91.173994	 91.015747	 90.862416	 90.713984	 90.570424	   90.4317	  90.29777	 90.168586	 90.044091	 89.924223	 89.808915	 89.698092	 89.591677	 89.489585	 89.391731	 89.298021	 89.208362	 89.122656	 89.040801	 88.962697	 88.888237	 88.817316	 88.749826	 88.685659	 88.624707	 88.566861	 88.512011	 88.460049	 88.410868	 88.364361	 88.320422	 88.278946	 88.239831	 88.202975	  88.16828	 88.135647	 88.104983	 88.076193	 88.049189	 88.023881	 88.000186	 87.978019	 87.957301	 87.937955	 87.919906	 87.903082	 87.887415	 87.872837	 87.859286	   87.8467	 87.835021	 87.824194	 87.814165	 87.804884	 87.796302	 87.788375	 87.781059	 87.774313	 87.768098	 87.762377	 87.757116	 87.752282	 87.747845	 87.743776	 87.740047	 87.736633	  87.73351	 87.730656	 87.728051	 87.725674	 87.723508	 87.721536	 87.719741	  87.71811	 87.716629	 87.715285	 87.714067	 87.712964	 87.711965	 87.711063	 87.710247	 87.709512	 87.708848	 87.708251	 87.707713	 87.707229	 87.706795	 87.706405	 87.706055	 87.705742	 87.705461	 87.705211	 87.704986	 87.704786	 87.704608	 87.704449	 87.704307	 87.704181	 87.704069	  87.70397	 87.703881	 87.703803	 87.703734	 87.703673	 87.703618	  87.70357	 87.703528	 87.703491	 87.703458	 87.703429	 87.703404	 87.703382	 87.703362	 87.703345	  87.70333	 87.703317	 87.703305	 87.703295	 87.703286	 87.703279	 87.703272	 87.703266	 87.703261	 87.703257	 87.703253	  87.70325	 87.703247	 87.703244	 87.703242	  87.70324	 87.703239	 87.703237	 87.703236	 87.703235	 87.703234	 87.703234	 87.703233	 87.703232	 87.703232	 87.703231	 87.703231	 87.703231	  87.70323	  87.70323	  87.70323	  87.70323	  87.70323	  87.70323	  87.70323	 87.703229	 87.703229	 87.703229	 87.703229	 87.703229	 87.703229	 87.703229	 87.703229	 87.703229	 87.703229	 87.703229	 87.703229	 87.703229	 87.703229	 87.703229	 87.703229	 87.703229	
        99	 98.684854	 98.369992	 98.055697	 97.742252	 97.429936	 97.119025	 96.809792	 96.502506	 96.197429	 95.894819	 95.594926	 95.297994	 95.004259	 94.713948	  94.42728	 94.144465	 93.865702	 93.591181	 93.321081	 93.055571	 92.794807	 92.538936	 92.288093	   92.0424	 91.801968	 91.566897	 91.337275	 91.113177	 90.894667	 90.681799	 90.474613	  90.27314	 90.077399	 89.887397	 89.703134	 89.524596	 89.351762	   89.1846	  89.02307	 88.867122	   88.7167	 88.571738	 88.432164	 88.297899	 88.168857	 88.044947	 87.926071	 87.812129	 87.703014	 87.598615	 87.498818	 87.403507	 87.312562	 87.225861	 87.143281	 87.064695	  86.98998	 86.919007	  86.85165	 86.787783	 86.727279	 86.670013	  86.61586	 86.564697	 86.516403	 86.470857	 86.427942	 86.387543	 86.349546	  86.31384	 86.280317	 86.248873	 86.219405	 86.191814	 86.166003	 86.141879	 86.119352	 86.098336	 86.078747	 86.060504	 86.043529	  86.02775	 86.013095	 85.999496	 85.986889	 85.975211	 85.964404	 85.954412	 85.945182	 85.936663	 85.928808	 85.921571	  85.91491	 85.908784	 85.903155	 85.897989	  85.89325	 85.888908	 85.884933	 85.881297	 85.877974	 85.874941	 85.872173	 85.869651	 85.867354	 85.865265	 85.863366	 85.861641	 85.860076	 85.858658	 85.857373	  85.85621	 85.855159	  85.85421	 85.853353	 85.852581	 85.851885	 85.851259	 85.850696	  85.85019	 85.849736	 85.849329	 85.848964	 85.848637	 85.848345	 85.848084	 85.847851	 85.847643	 85.847458	 85.847293	 85.847146	 85.847016	   85.8469	 85.846797	 85.846706	 85.846626	 85.846554	 85.846491	 85.846435	 85.846386	 85.846343	 85.846305	 85.846271	 85.846242	 85.846216	 85.846193	 85.846173	 85.846155	  85.84614	 85.846127	 85.846115	 85.846105	 85.846096	 85.846088	 85.846081	 85.846075	  85.84607	 85.846066	 85.846062	 85.846059	 85.846056	 85.846053	 85.846051	 85.846049	 85.846048	 85.846046	 85.846045	 85.846044	 85.846043	 85.846042	 85.846042	 85.846041	 85.846041	  85.84604	  85.84604	 85.846039	 85.846039	 85.846039	 85.846039	 85.846039	 85.846039	 85.846038	 85.846038	 85.846038	 85.846038	 85.846038	 85.846038	 85.846038	 85.846038	 85.846038	 85.846038	 85.846038	 85.846038	 85.846038	 85.846038	 85.846038	 85.846038	 85.846038	 85.846038	
        99	 98.640639	 98.281601	 97.923211	  97.56579	 97.209656	 96.855124	 96.502506	 96.152107	 95.804228	 95.459162	 95.117194	 94.778603	 94.443656	 94.112615	 93.785728	 93.463233	  93.14536	 92.832324	 92.524329	 92.221567	 91.924218	 91.632449	 91.346412	 91.066248	 90.792084	 90.524032	 90.262194	 90.006655	 89.757489	 89.514755	 89.278501	 89.048761	 88.825558	 88.608899	 88.398783	 88.195196	 87.998114	 87.807499	 87.623306	 87.445479	 87.273952	 87.108652	 86.949496	 86.796393	 86.649247	 86.507952	 86.372399	 86.242471	 86.118046	    85.999	 85.885202	 85.776519	 85.672814	 85.573949	 85.479782	 85.390172	 85.304973	 85.224043	 85.147236	 85.074409	 85.005416	 84.940115	 84.878365	 84.820024	 84.764954	 84.713018	 84.664082	 84.618015	 84.574686	 84.533971	 84.495746	  84.45989	 84.426287	 84.394825	 84.365393	 84.337884	 84.312197	 84.288232	 84.265894	 84.245092	 84.225736	 84.207743	 84.191032	 84.175525	 84.161149	 84.147833	  84.13551	 84.124116	 84.113591	 84.103876	 84.094919	 84.086667	 84.079071	 84.072086	 84.065668	 84.059776	 84.054373	 84.049421	 84.044889	 84.040742	 84.036954	 84.033494	 84.030338	 84.027462	 84.024843	 84.022461	 84.020295	 84.018329	 84.016544	 84.014927	 84.013462	 84.012136	 84.010938	 84.009855	 84.008878	 84.007998	 84.007204	  84.00649	 84.005848	 84.005271	 84.004753	 84.004289	 84.003873	   84.0035	 84.003167	  84.00287	 84.002604	 84.002367	 84.002156	 84.001968	   84.0018	 84.001652	  84.00152	 84.001402	 84.001299	 84.001207	 84.001125	 84.001053	  84.00099	 84.000934	 84.000884	 84.000841	 84.000802	 84.000769	 84.000739	 84.000713	  84.00069	  84.00067	 84.000653	 84.000638	 84.000624	 84.000613	 84.000602	 84.000594	 84.000586	 84.000579	 84.000573	 84.000568	 84.000564	  84.00056	 84.000557	 84.000554	 84.000551	 84.000549	 84.000547	 84.000546	 84.000544	 84.000543	 84.000542	 84.000541	 84.000541	  84.00054	  84.00054	 84.000539	 84.000539	 84.000538	 84.000538	 84.000538	 84.000538	 84.000537	 84.000537	 84.000537	 84.000537	 84.000537	 84.000537	 84.000537	 84.000537	 84.000537	 84.000537	 84.000537	 84.000537	 84.000536	 84.000536	 84.000536	 84.000536	 84.000536	 84.000536	 84.000536	 84.000536	
        99	 98.596742	 98.193847	 97.791678	 97.390597	 96.990959	 96.593121	 96.197429	 95.804228	 95.413855	 95.026637	 94.642897	 94.262946	 93.887085	 93.515605	 93.148788	   92.7869	 92.430197	 92.078922	 91.733305	  91.39356	 91.059889	 90.732479	 90.411502	 90.097115	 89.789461	 89.488666	 89.194843	 88.908089	 88.628487	 88.356102	 88.090989	 87.833186	 87.582717	 87.339593	 87.103811	 86.875356	 86.654198	 86.440299	 86.233607	 86.034057	 85.841578	 85.656086	 85.477489	 85.305684	 85.140563	 84.982009	 84.829897	 84.684098	 84.544475	 84.410887	 84.283188	 84.161229	 84.044856	 83.933914	 83.828245	 83.727688	 83.632083	 83.541267	 83.455078	 83.373354	 83.295934	 83.222656	 83.153362	 83.087895	 83.026098	 82.967818	 82.912905	  82.86121	 82.812589	   82.7669	 82.724005	  82.68377	 82.646062	 82.610757	 82.577729	 82.546861	 82.518036	 82.491143	 82.466077	 82.442733	 82.421013	 82.400822	  82.38207	 82.364669	 82.348537	 82.333594	 82.319765	  82.30698	 82.295169	 82.284268	 82.274216	 82.264956	 82.256432	 82.248594	 82.241392	 82.234781	 82.228717	 82.223161	 82.218075	 82.213422	  82.20917	 82.205288	 82.201747	  82.19852	 82.195581	 82.192907	 82.190477	  82.18827	 82.186268	 82.184453	 82.182809	 82.181321	 82.179976	 82.178762	 82.177666	 82.176677	 82.175787	 82.174986	 82.174265	 82.173618	 82.173037	 82.172516	 82.172049	 82.171631	 82.171257	 82.170923	 82.170625	 82.170359	 82.170122	 82.169911	 82.169723	 82.169556	 82.169408	 82.169276	  82.16916	 82.169057	 82.168965	 82.168885	 82.168813	  82.16875	 82.168695	 82.168646	 82.168603	 82.168565	 82.168532	 82.168503	 82.168477	 82.168455	 82.168435	 82.168418	 82.168403	  82.16839	 82.168379	 82.168369	  82.16836	 82.168353	 82.168346	  82.16834	 82.168335	 82.168331	 82.168327	 82.168324	 82.168322	 82.168319	 82.168317	 82.168315	 82.168314	 82.168312	 82.168311	  82.16831	 82.168309	 82.168309	 82.168308	 82.168308	 82.168307	 82.168307	 82.168306	 82.168306	 82.168306	 82.168306	 82.168306	 82.168305	 82.168305	 82.168305	 82.168305	 82.168305	 82.168305	 82.168305	 82.168305	 82.168305	 82.168305	 82.168305	 82.168305	 82.168305	 82.168305	 82.168305	 82.168305	 82.168305	 82.168305	
        99	 98.553199	 98.106802	 97.661209	  97.21682	 96.774031	 96.333236	 95.894819	 95.459162	 95.026637	  94.59761	 94.172435	 93.751458	 93.335013	 92.923423	 92.516998	 92.116035	 91.720817	 91.331613	 90.948677	 90.572248	 90.202549	 89.839786	 89.484151	 89.135818	 88.794945	 88.461671	 88.136123	 87.818406	 87.508613	 87.206818	 86.913079	 86.627439	 86.349926	  86.08055	 85.819309	 85.566186	 85.321149	 85.084154	 84.855144	 84.634048	 84.420786	 84.215265	 84.017383	 83.827028	 83.644078	 83.468404	 83.299868	 83.138326	 82.983627	 82.835614	 82.694127	 82.558999	 82.430061	  82.30714	 82.190061	 82.078647	 81.972718	 81.872096	 81.776601	 81.686053	 81.600273	 81.519083	 81.442308	 81.369771	 81.301301	 81.236729	 81.175886	 81.118609	 81.064739	 81.014116	  80.96659	  80.92201	 80.880231	 80.841113	  80.80452	 80.770318	 80.738381	 80.708585	 80.680812	 80.654947	 80.630882	 80.608511	 80.587734	 80.568454	  80.55058	 80.534024	 80.518702	 80.504536	  80.49145	 80.479372	 80.468235	 80.457975	 80.448531	 80.439846	 80.431866	 80.424541	 80.417823	 80.411667	 80.406031	 80.400876	 80.396165	 80.391864	 80.387941	 80.384365	 80.381109	 80.378146	 80.375454	 80.373009	  80.37079	 80.368779	 80.366958	 80.365309	 80.363819	 80.362473	 80.361259	 80.360164	 80.359177	  80.35829	 80.357491	 80.356774	  80.35613	 80.355553	 80.355036	 80.354573	 80.354158	 80.353788	 80.353458	 80.353163	 80.352901	 80.352667	 80.352459	 80.352274	  80.35211	 80.351964	 80.351835	 80.351721	 80.351619	  80.35153	 80.351451	 80.351381	  80.35132	 80.351266	 80.351218	 80.351176	 80.351139	 80.351107	 80.351079	 80.351054	 80.351032	 80.351013	 80.350997	 80.350982	 80.350969	 80.350958	 80.350949	  80.35094	 80.350933	 80.350927	 80.350921	 80.350917	 80.350913	 80.350909	 80.350906	 80.350903	 80.350901	 80.350899	 80.350897	 80.350896	 80.350895	 80.350894	 80.350893	 80.350892	 80.350891	 80.350891	  80.35089	  80.35089	 80.350889	 80.350889	 80.350889	 80.350888	 80.350888	 80.350888	 80.350888	 80.350888	 80.350888	 80.350888	 80.350888	 80.350888	 80.350888	 80.350887	 80.350887	 80.350887	 80.350887	 80.350887	 80.350887	 80.350887	 80.350887	 80.350887	 80.350887	
        99	 98.510048	 98.020538	 97.531911	 97.044603	 96.559051	 96.075684	 95.594926	 95.117194	 94.642897	 94.172435	 93.706197	 93.244563	 92.787899	 92.336558	 91.890881	 91.451194	 91.017806	 90.591014	 90.171095	 89.758311	 89.352907	 88.955109	 88.565128	 88.183153	 87.809359	 87.443899	 87.086909	 86.738508	 86.398796	 86.067854	 85.745746	  85.43252	 85.128204	 84.832813	 84.546342	 84.268773	 84.000071	 83.740187	 83.489059	  83.24661	 83.012752	 82.787382	 82.570389	  82.36165	 82.161031	  81.96839	 81.783577	 81.606434	 81.436794	 81.274487	 81.119335	 80.971157	 80.829767	 80.694974	 80.566588	 80.444413	 80.328254	 80.217914	 80.113196	 80.013903	 79.919839	 79.830808	 79.746617	 79.667075	 79.591993	 79.521184	 79.454465	 79.391657	 79.332583	 79.277072	 79.224956	  79.17607	 79.130257	 79.087361	 79.047233	 79.009728	 78.974707	 78.942033	 78.911578	 78.883215	 78.856826	 78.832295	 78.809511	 78.788369	 78.768768	 78.750613	 78.733812	 78.718278	 78.703927	 78.690683	 78.678471	 78.667219	 78.656863	  78.64734	 78.638589	 78.630557	  78.62319	 78.616439	 78.610259	 78.604607	 78.599441	 78.594724	 78.590422	   78.5865	  78.58293	 78.579681	 78.576729	 78.574048	 78.571615	 78.569409	 78.567412	 78.565605	 78.563971	 78.562495	 78.561163	 78.559962	 78.558881	 78.557907	 78.557032	 78.556245	 78.555539	 78.554906	 78.554339	 78.553831	 78.553377	 78.552971	 78.552609	 78.552286	 78.551998	 78.551741	 78.551513	  78.55131	  78.55113	  78.55097	 78.550829	 78.550704	 78.550593	 78.550495	 78.550408	 78.550331	 78.550264	 78.550205	 78.550152	 78.550107	 78.550066	 78.550031	     78.55	 78.549972	 78.549949	 78.549928	  78.54991	 78.549894	  78.54988	 78.549868	 78.549857	 78.549848	  78.54984	 78.549833	 78.549827	 78.549822	 78.549818	 78.549814	  78.54981	 78.549807	 78.549805	 78.549803	 78.549801	 78.549799	 78.549798	 78.549797	 78.549796	 78.549795	 78.549794	 78.549793	 78.549793	 78.549792	 78.549792	 78.549792	 78.549791	 78.549791	 78.549791	 78.549791	 78.549791	  78.54979	  78.54979	  78.54979	  78.54979	  78.54979	  78.54979	  78.54979	  78.54979	  78.54979	  78.54979	  78.54979	  78.54979	  78.54979	  78.54979	  78.54979	  78.54979	
        99	 98.467323	 97.935126	 97.403889	 96.874087	 96.346194	 95.820676	 95.297994	 94.778603	 94.262946	 93.751458	 93.244563	 92.742673	 92.246186	 91.755487	 91.270946	 90.792917	 90.321737	 89.857727	  89.40119	  88.95241	 88.511653	 88.079167	 87.655178	 87.239894	 86.833504	 86.436174	 86.048054	 85.669272	 85.299936	 84.940135	 84.589938	 84.249398	 83.918545	 83.597395	 83.285943	 82.984169	 82.692035	 82.409489	 82.136462	 81.872871	 81.618619	 81.373597	 81.137682	  80.91074	 80.692626	 80.483187	 80.282258	 80.089667	 79.905234	 79.728773	 79.560092	 79.398992	 79.245272	 79.098725	 78.959143	 78.826314	 78.700026	 78.580064	 78.466214	 78.358263	 78.255996	 78.159201	 78.067669	 77.981191	 77.899561	 77.822577	 77.750041	 77.681755	  77.61753	 77.557179	 77.500517	 77.447369	  77.39756	 77.350924	 77.307297	 77.266521	 77.228446	 77.192923	 77.159812	 77.128976	 77.100286	 77.073615	 77.048844	 77.025859	 77.004549	 76.984811	 76.966544	 76.949655	 76.934054	 76.919655	 76.906377	 76.894145	 76.882886	 76.872532	 76.863018	 76.854285	 76.846276	 76.838937	 76.832218	 76.826072	 76.820456	 76.815328	  76.81065	 76.806387	 76.802505	 76.798973	 76.795763	 76.792848	 76.790203	 76.787805	 76.785634	 76.783669	 76.781893	 76.780288	  76.77884	 76.777535	 76.776358	   76.7753	 76.774348	 76.773493	 76.772726	 76.772037	 76.771421	 76.770869	 76.770375	 76.769934	  76.76954	 76.769188	 76.768875	 76.768596	 76.768348	 76.768128	 76.767932	 76.767759	 76.767605	 76.767468	 76.767348	 76.767241	 76.767147	 76.767064	 76.766991	 76.766926	 76.766869	 76.766819	 76.766775	 76.766737	 76.766703	 76.766674	 76.766648	 76.766625	 76.766605	 76.766588	 76.766573	  76.76656	 76.766548	 76.766538	  76.76653	 76.766522	 76.766516	  76.76651	 76.766505	 76.766501	 76.766497	 76.766494	 76.766491	 76.766489	 76.766487	 76.766485	 76.766484	 76.766482	 76.766481	  76.76648	  76.76648	 76.766479	 76.766478	 76.766478	 76.766477	 76.766477	 76.766477	 76.766476	 76.766476	 76.766476	 76.766476	 76.766476	 76.766476	 76.766475	 76.766475	 76.766475	 76.766475	 76.766475	 76.766475	 76.766475	 76.766475	 76.766475	 76.766475	 76.766475	 76.766475	 76.766475	 76.766475	
        99	 98.425058	 97.850634	 97.277246	 96.705407	 96.135628	 95.568413	 95.004259	 94.443656	 93.887085	 93.335013	 92.787899	 92.246186	 91.710306	 91.180672	 90.657685	 90.141727	 89.633161	 89.132334	 88.639573	 88.155185	 87.679457	 87.212655	 86.755025	  86.30679	 85.868155	 85.439299	 85.020384	 84.611547	 84.212906	 83.824556	 83.446574	 83.079013	 82.721909	 82.375277	 82.039113	 81.713395	 81.398082	 81.093117	 80.798427	 80.513921	 80.239496	 79.975032	 79.720398	  79.47545	  79.24003	 79.013973	 78.797101	 78.589229	 78.390162	   78.1997	 78.017635	 77.843753	 77.677836	 77.519661	 77.369004	 77.225636	 77.089327	 76.959847	 76.836964	 76.720447	 76.610066	 76.505591	 76.406796	 76.313456	  76.22535	 76.142258	 76.063966	 75.990262	 75.920941	 75.855801	 75.794644	 75.737278	 75.683518	 75.633181	 75.586092	 75.542082	 75.500985	 75.462644	 75.426905	 75.393623	 75.362656	 75.333869	 75.307133	 75.282324	 75.259323	 75.238019	 75.218303	 75.200074	 75.183234	 75.167693	 75.153362	 75.140159	 75.128006	 75.116831	 75.106563	 75.097137	 75.088492	  75.08057	 75.073318	 75.066685	 75.060623	 75.055088	 75.050039	 75.045438	 75.041248	 75.037436	 75.033971	 75.030825	  75.02797	 75.025382	 75.023038	 75.020917	    75.019	 75.017268	 75.015705	 75.014296	 75.013027	 75.011884	 75.010857	 75.009934	 75.009106	 75.008363	 75.007697	 75.007101	 75.006568	 75.006092	 75.005667	 75.005288	  75.00495	 75.004649	 75.004381	 75.004143	 75.003932	 75.003745	 75.003578	 75.003431	 75.003301	 75.003186	 75.003084	 75.002995	 75.002916	 75.002846	 75.002785	 75.002731	 75.002683	 75.002642	 75.002605	 75.002573	 75.002545	 75.002521	   75.0025	 75.002481	 75.002465	 75.002451	 75.002438	 75.002428	 75.002418	  75.00241	 75.002403	 75.002397	 75.002392	 75.002387	 75.002383	  75.00238	 75.002377	 75.002374	 75.002372	  75.00237	 75.002369	 75.002367	 75.002366	 75.002365	 75.002364	 75.002363	 75.002363	 75.002362	 75.002362	 75.002361	 75.002361	 75.002361	  75.00236	  75.00236	  75.00236	  75.00236	  75.00236	  75.00236	  75.00236	 75.002359	 75.002359	 75.002359	 75.002359	 75.002359	 75.002359	 75.002359	 75.002359	 75.002359	 75.002359	 75.002359	 75.002359	
        99	 98.383285	 97.767127	 97.152079	 96.538693	 95.927517	  95.31909	 94.713948	 94.112615	 93.515605	 92.923423	 92.336558	 91.755487	 91.180672	 90.612559	 90.051574	 89.498128	 88.952613	 88.415398	 87.886836	 87.367254	 86.856962	 86.356244	 85.865365	 85.384564	  84.91406	 84.454046	 84.004694	 83.566153	 83.138548	 82.721983	 82.316539	 81.922273	 81.539224	 81.167407	 80.806819	 80.457435	 80.119213	 79.792091	  79.47599	 79.170814	  78.87645	 78.592772	 78.319638	 78.056892	 77.804368	 77.561887	 77.329258	 77.106283	 76.892753	 76.688453	  76.49316	 76.306644	 76.128672	 75.959006	 75.797403	 75.643618	 75.497406	 75.358518	 75.226707	 75.101725	 74.983324	 74.871258	 74.765286	 74.665164	 74.570656	 74.481527	 74.397546	 74.318488	 74.244131	 74.174257	 74.108657	 74.047124	 73.989457	 73.935463	 73.884953	 73.837745	 73.793662	 73.752535	   73.7142	   73.6785	 73.645283	 73.614405	 73.585726	 73.559114	 73.534443	  73.51159	 73.490442	 73.470889	 73.452826	 73.436155	 73.420783	 73.406621	 73.393585	 73.381597	 73.370583	 73.360473	   73.3512	 73.342702	 73.334923	 73.327808	 73.321306	 73.315369	 73.309953	 73.305018	 73.300523	 73.296434	 73.292718	 73.289343	 73.286281	 73.283505	 73.280991	 73.278716	 73.276659	 73.274801	 73.273125	 73.271613	 73.270252	 73.269026	 73.267924	 73.266934	 73.266046	 73.265249	 73.264535	 73.263896	 73.263324	 73.262813	 73.262357	  73.26195	 73.261588	 73.261265	 73.260978	 73.260723	 73.260496	 73.260295	 73.260117	 73.259959	 73.259819	 73.259696	 73.259587	 73.259491	 73.259406	 73.259331	 73.259265	 73.259208	 73.259157	 73.259112	 73.259073	 73.259039	 73.259009	 73.258983	  73.25896	  73.25894	 73.258922	 73.258907	 73.258894	 73.258882	 73.258872	 73.258864	 73.258856	  73.25885	 73.258844	 73.258839	 73.258835	 73.258831	 73.258828	 73.258825	 73.258823	 73.258821	 73.258819	 73.258818	 73.258816	 73.258815	 73.258814	 73.258813	 73.258813	 73.258812	 73.258812	 73.258811	 73.258811	 73.258811	  73.25881	  73.25881	  73.25881	  73.25881	  73.25881	  73.25881	 73.258809	 73.258809	 73.258809	 73.258809	 73.258809	 73.258809	 73.258809	 73.258809	 73.258809	 73.258809	 73.258809	 73.258809	 73.258809	
        99	 98.342037	 97.684668	 97.028483	 96.374071	 95.722017	 95.072897	  94.42728	 93.785728	 93.148788	 92.516998	 91.890881	 91.270946	 90.657685	 90.051574	 89.453068	 88.862606	 88.280604	 87.707459	 87.143544	 86.589211	 86.044788	 85.510581	  84.98687	 84.473911	 83.971937	 83.481156	  83.00175	 82.533877	 82.077673	 81.633246	 81.200684	 80.780048	 80.371379	 79.974694	 79.589988	 79.217236	 78.856393	 78.507392	 78.170149	 77.844561	 77.530509	 77.227857	 76.936455	 76.656136	 76.386722	 76.128022	 75.879835	 75.641946	 75.414135	  75.19617	 74.987815	 74.788824	 74.598949	 74.417935	 74.245523	 74.081453	 73.925461	 73.777284	 73.636657	 73.503315	 73.376995	 73.257434	 73.144374	 73.037556	 72.936727	 72.841636	 72.752039	 72.667693	 72.588362	 72.513816	 72.443828	 72.378179	 72.316655	  72.25905	 72.205162	 72.154796	 72.107765	 72.063887	 72.022988	   71.9849	 71.949461	 71.916518	 71.885921	 71.857529	 71.831207	 71.806827	 71.784264	 71.763403	 71.744132	 71.726346	 71.709945	 71.694836	 71.680929	 71.668139	 71.656388	 71.645602	 71.635708	 71.626643	 71.618344	 71.610752	 71.603815	 71.597481	 71.591703	 71.586438	 71.581643	  71.57728	 71.573315	 71.569714	 71.566447	 71.563486	 71.560803	 71.558376	 71.556182	   71.5542	 71.552412	 71.550799	 71.549346	 71.548039	 71.546863	 71.545807	 71.544859	 71.544009	 71.543247	 71.542565	 71.541955	  71.54141	 71.540924	  71.54049	 71.540103	 71.539759	 71.539452	  71.53918	 71.538938	 71.538724	 71.538534	 71.538365	 71.538216	 71.538085	 71.537968	 71.537866	 71.537775	 71.537695	 71.537625	 71.537564	 71.537509	 71.537462	  71.53742	 71.537384	 71.537352	 71.537324	 71.537299	 71.537278	 71.537259	 71.537243	 71.537229	 71.537217	 71.537206	 71.537197	 71.537189	 71.537182	 71.537176	  71.53717	 71.537166	 71.537162	 71.537159	 71.537156	 71.537153	 71.537151	 71.537149	 71.537148	 71.537146	 71.537145	 71.537144	 71.537143	 71.537142	 71.537142	 71.537141	 71.537141	  71.53714	  71.53714	  71.53714	  71.53714	 71.537139	 71.537139	 71.537139	 71.537139	 71.537139	 71.537139	 71.537139	 71.537139	 71.537139	 71.537138	 71.537138	 71.537138	 71.537138	 71.537138	 71.537138	 71.537138	 71.537138	
        99	 98.301343	 97.603316	 96.906548	 96.211662	 95.519279	 94.830012	 94.144465	 93.463233	   92.7869	 92.116035	 91.451194	 90.792917	 90.141727	 89.498128	 88.862606	 88.235625	 87.617627	 87.009034	 86.410241	 85.821624	 85.243529	 84.676282	  84.12018	 83.575496	 83.042476	  82.52134	 82.012284	 81.515474	 81.031055	 80.559141	 80.099825	 79.653174	 79.219229	  78.79801	  78.38951	 77.993705	 77.610544	 77.239957	 76.881856	 76.536131	 76.202656	 75.881286	  75.57186	 75.274204	 74.988128	 74.713428	  74.44989	 74.197288	 73.955387	 73.723942	   73.5027	 73.291403	 73.089784	 72.897574	 72.714499	 72.540281	 72.374642	   72.2173	 72.067976	 71.926387	 71.792254	 71.665299	 71.545246	 71.431821	 71.324756	 71.223784	 71.128645	 71.039083	 70.954846	 70.875688	 70.801372	 70.731663	 70.666334	 70.605166	 70.547945	 70.494464	 70.444524	 70.397932	 70.354504	  70.31406	  70.27643	 70.241449	 70.208959	 70.178812	 70.150862	 70.124973	 70.101015	 70.078864	 70.058401	 70.039515	   70.0221	 70.006057	 69.991289	 69.977709	 69.965231	 69.953777	 69.943272	 69.933646	 69.924833	 69.916772	 69.909406	 69.902681	 69.896545	 69.890954	 69.885862	  69.88123	  69.87702	 69.873196	 69.869727	 69.866582	 69.863734	 69.861157	 69.858827	 69.856723	 69.854823	 69.853111	 69.851568	  69.85018	 69.848932	  69.84781	 69.846804	 69.845901	 69.845092	 69.844368	  69.84372	 69.843142	 69.842625	 69.842164	 69.841754	 69.841388	 69.841063	 69.840773	 69.840517	 69.840289	 69.840087	 69.839908	  69.83975	  69.83961	 69.839487	 69.839378	 69.839282	 69.839197	 69.839122	 69.839057	 69.838999	 69.838949	 69.838905	 69.838866	 69.838832	 69.838802	 69.838776	 69.838753	 69.838734	 69.838716	 69.838701	 69.838688	 69.838677	 69.838667	 69.838659	 69.838651	 69.838645	 69.838639	 69.838635	  69.83863	 69.838627	 69.838624	 69.838621	 69.838619	 69.838617	 69.838615	 69.838614	 69.838612	 69.838611	  69.83861	  69.83861	 69.838609	 69.838608	 69.838608	 69.838608	 69.838607	 69.838607	 69.838607	 69.838606	 69.838606	 69.838606	 69.838606	 69.838606	 69.838606	 69.838606	 69.838606	 69.838606	 69.838606	 69.838605	 69.838605	 69.838605	 69.838605	 69.838605	 69.838605	 69.838605	
        99	 98.261232	 97.523131	  96.78636	  96.05158	 95.319446	 94.590607	 93.865702	  93.14536	 92.430197	 91.720817	 91.017806	 90.321737	 89.633161	 88.952613	 88.280604	 87.617627	 86.964149	 86.320616	 85.687446	 85.065035	 84.453751	 83.853938	 83.265909	 82.689954	 82.126332	 81.575278	 81.036996	 80.511664	 79.999433	 79.500426	  79.01474	 78.542446	 78.083588	 77.638185	 77.206234	 76.787704	 76.382545	 75.990683	 75.612023	  75.24645	 74.893829	 74.554009	 74.226819	 73.912074	 73.609573	 73.319102	 73.040434	 72.773331	 72.517542	 72.272809	 72.038865	 71.815437	 71.602243	 71.398998	 71.205412	 71.021192	 70.846044	 70.679669	 70.521771	 70.372054	  70.23022	 70.095976	  69.96903	 69.849094	 69.735882	 69.629114	 69.528513	 69.433808	 69.344735	 69.261033	  69.18245	 69.108739	 69.039659	  68.97498	 68.914473	 68.857922	 68.805115	 68.755849	 68.709927	 68.667161	  68.62737	 68.590381	 68.556026	 68.524148	 68.494594	 68.467219	 68.441885	 68.418462	 68.396824	 68.376854	 68.358439	 68.341475	 68.325859	 68.311499	 68.298305	 68.286193	 68.275085	 68.264907	 68.255588	 68.247065	 68.239275	 68.232164	 68.225676	 68.219764	  68.21438	 68.209482	  68.20503	 68.200987	 68.197318	 68.193993	 68.190981	 68.188256	 68.185792	 68.183567	 68.181559	 68.179748	 68.178117	 68.176649	 68.175329	 68.174143	 68.173079	 68.172124	 68.171269	 68.170503	 68.169818	 68.169207	  68.16866	 68.168173	 68.167739	 68.167352	 68.167008	 68.166702	 68.166431	  68.16619	 68.165977	 68.165788	  68.16562	 68.165472	 68.165342	 68.165227	 68.165125	 68.165035	 68.164957	 68.164887	 68.164826	 68.164773	 68.164726	 68.164685	 68.164649	 68.164618	  68.16459	 68.164566	 68.164546	 68.164527	 68.164511	 68.164498	 68.164486	 68.164475	 68.164466	 68.164458	 68.164452	 68.164446	 68.164441	 68.164436	 68.164433	 68.164429	 68.164426	 68.164424	 68.164422	  68.16442	 68.164419	 68.164417	 68.164416	 68.164415	 68.164414	 68.164414	 68.164413	 68.164413	 68.164412	 68.164412	 68.164411	 68.164411	 68.164411	 68.164411	 68.164411	  68.16441	  68.16441	  68.16441	  68.16441	  68.16441	  68.16441	  68.16441	  68.16441	  68.16441	  68.16441	  68.16441	  68.16441	  68.16441	  68.16441	
