Time step 62:
        99	        99	        99	        99	        99	        99	        99	        99	        99	        99	        99	        99	        99	        99	        99	        99	        99	        99	        99	        99	        99	        99	        99	        99	        99	        99	        99	        99	        99	        99	        99	        99	        99	        99	        99	        99	        99	        99	        99	        99	        99	        99	        99	        99	        99	        99	        99	        99	        99	        99	        99	        99	        99	        99	        99	        99	        99	        99	        99	        99	        99	        99	        99	        99	        99	        99	        99	        99	        99	        99	        99	        99	        99	        99	        99	        99	        99	        99	        99	        99	        99	        99	        99	        99	        99	        99	        99	        99	        99	        99	        99	        99	        99	        99	        99	        99	        99	        99	        99	        99	        99	        99	        99	        99	        99	        99	        99	        99	        99	        99	        99	        99	        99	        99	        99	        99	        99	        99	        99	        99	        99	        99	        99	        99	        99	        99	        99	        99	        99	        99	        99	        99	        99	        99	        99	        99	        99	        99	        99	        99	        99	        99	        99	        99	        99	        99	        99	        99	        99	        99	        99	        99	        99	        99	        99	        99	        99	        99	        99	        99	        99	        99	        99	        99	        99	        99	        99	        99	        99	        99	        99	        99	        99	        99	        99	        99	        99	        99	        99	        99	        99	        99	        99	        99	        99	        99	        99	        99	        99	        99	        99	        99	        99	        99	        99	        99	        99	        99	        99	        99	
        99	 98.989759	 98.979519	 98.969284	 98.959056	 98.948835	 98.938625	 98.928427	 98.918244	 98.908078	  98.89793	 98.887803	 98.877698	 98.867618	 98.857565	  98.84754	 98.837546	 98.827585	 98.817658	 98.807767	 98.797914	 98.788102	 98.778331	 98.768604	 98.758922	 98.749288	 98.739703	 98.730168	 98.720685	 98.711257	 98.701884	 98.692568	  98.68331	 98.674113	 98.664978	 98.655905	 98.646897	 98.637955	 98.629079	 98.620273	 98.611535	 98.602869	 98.594275	 98.585754	 98.577307	 98.568936	 98.560641	 98.552424	 98.544284	 98.536224	 98.528244	 98.520345	 98.512527	 98.504792	  98.49714	 98.489571	 98.482087	 98.474688	 98.467374	 98.460145	 98.453004	 98.445949	 98.438981	   98.4321	 98.425308	 98.418603	 98.411986	 98.405458	 98.399018	 98.392667	 98.386405	 98.380231	 98.374145	 98.368149	 98.362241	 98.356421	 98.350689	 98.345046	  98.33949	 98.334022	 98.328641	 98.323347	  98.31814	 98.313019	 98.307984	 98.303034	  98.29817	  98.29339	 98.288693	 98.284081	 98.279551	 98.275103	 98.270737	 98.266453	 98.262248	 98.258124	 98.254078	 98.250111	 98.246222	  98.24241	 98.238673	 98.235013	 98.231426	 98.227914	 98.224475	 98.221107	 98.217812	 98.214586	 98.211431	 98.208344	 98.205325	 98.202373	 98.199487	 98.196667	 98.193911	 98.191218	 98.188588	 98.186019	 98.183511	 98.181063	 98.178674	 98.176343	 98.174069	 98.171851	 98.169689	  98.16758	 98.165525	 98.163523	 98.161572	 98.159671	 98.157821	 98.156019	 98.154265	 98.152559	 98.150898	 98.149283	 98.147713	 98.146186	 98.144701	 98.143259	 98.141858	 98.140497	 98.139175	 98.137893	 98.136648	  98.13544	 98.134268	 98.133132	 98.132031	 98.130963	 98.129929	 98.128928	 98.127958	  98.12702	 98.126112	 98.125234	 98.124386	 98.123565	 98.122773	 98.122008	  98.12127	 98.120558	 98.119871	 98.119209	 98.118572	 98.117959	 98.117369	 98.116801	 98.116257	 98.115734	 98.115232	 98.114752	 98.114292	 98.113852	 98.113432	 98.113031	  98.11265	 98.112287	 98.111942	 98.111615	 98.111305	 98.111013	 98.110739	  98.11048	 98.110239	 98.110013	 98.109804	  98.10961	 98.109432	  98.10927	 98.109123	 98.108991	 98.108874	 98.108772	 98.108684	 98.108612	 98.108554	  98.10851	 98.108481	 98.108467	
        99	 98.979519	 98.959043	 98.938575	  98.91812	 98.897681	 98.877263	 98.856869	 98.836505	 98.816174	 98.795881	 98.775628	 98.755421	 98.735263	 98.715159	 98.695112	 98.675126	 98.655204	 98.635352	 98.615573	 98.595869	 98.576246	 98.556707	 98.537255	 98.517894	 98.498627	 98.479458	 98.460391	 98.441428	 98.422572	 98.403828	 98.385198	 98.366685	 98.348293	 98.330023	  98.31188	 98.293866	 98.275983	 98.258234	 98.240622	  98.22315	 98.205819	 98.188633	 98.171593	 98.154701	  98.13796	 98.121372	 98.104938	 98.088661	 98.072543	 98.056584	 98.040787	 98.025154	 98.009685	 97.994382	 97.979246	 97.964279	 97.949482	 97.934856	 97.920401	 97.906119	  97.89201	 97.878076	 97.864316	 97.850732	 97.837324	 97.824092	 97.811037	 97.798159	 97.785458	 97.772934	 97.760587	 97.748418	 97.736426	 97.724611	 97.712973	 97.701511	 97.690225	 97.679115	 97.668179	 97.657419	 97.646832	 97.636419	 97.626178	 97.616109	 97.606211	 97.596482	 97.586923	 97.577532	 97.568307	 97.559248	 97.550354	 97.541623	 97.533055	 97.524647	 97.516399	 97.508309	 97.500376	 97.492598	 97.484974	 97.477502	 97.470181	 97.463009	 97.455985	 97.449107	 97.442373	 97.435782	 97.429332	 97.423022	 97.416849	 97.410811	 97.404908	 97.399137	 97.393497	 97.387985	   97.3826	 97.377341	 97.372204	 97.367189	 97.362294	 97.357516	 97.352854	 97.348307	 97.343871	 97.339546	  97.33533	  97.33122	 97.327216	 97.323314	 97.319514	 97.315813	  97.31221	 97.308703	  97.30529	 97.301969	  97.29874	 97.295599	 97.292545	 97.289577	 97.286692	  97.28389	 97.281169	 97.278526	 97.275961	 97.273471	 97.271055	 97.268712	  97.26644	 97.264238	 97.262104	 97.260036	 97.258033	 97.256094	 97.254218	 97.252403	 97.250647	  97.24895	 97.247309	 97.245725	 97.244195	 97.242719	 97.241294	 97.239921	 97.238598	 97.237323	 97.236097	 97.234917	 97.233783	 97.232693	 97.231648	 97.230645	 97.229684	 97.228764	 97.227885	 97.227045	 97.226243	  97.22548	 97.224754	 97.224064	  97.22341	 97.222792	 97.222208	 97.221658	 97.221142	 97.220658	 97.220208	 97.219789	 97.219402	 97.219046	 97.218721	 97.218427	 97.218163	 97.217929	 97.217725	  97.21755	 97.217405	 97.217289	 97.217202	 97.217144	 97.217115	
        99	 98.969284	 98.938575	 98.907878	   98.8772	 98.846547	 98.815925	 98.785341	   98.7548	 98.724308	 98.693873	   98.6635	 98.633194	 98.602962	 98.572811	 98.542745	 98.512771	 98.482894	 98.453121	 98.423457	 98.393907	 98.364477	 98.335173	    98.306	 98.276964	 98.248068	  98.21932	 98.190723	 98.162284	 98.134005	 98.105894	 98.077954	 98.050189	 98.022605	 97.995206	 97.967995	 97.940978	 97.914159	  97.88754	 97.861127	 97.834923	 97.808931	 97.783156	   97.7576	 97.732267	  97.70716	 97.682281	 97.657635	 97.633224	  97.60905	 97.585116	 97.561425	 97.537978	 97.514779	 97.491828	 97.469129	 97.446682	  97.42449	 97.402554	 97.380876	 97.359457	 97.338298	   97.3174	 97.296764	 97.276391	 97.256282	 97.236438	 97.216858	 97.197544	 97.178496	 97.159713	 97.141197	 97.122946	 97.104961	 97.087241	 97.069786	 97.052596	 97.035671	 97.019008	 97.002608	  96.98647	 96.970593	 96.954975	 96.939617	 96.924516	 96.909671	 96.895081	 96.880744	 96.866659	 96.852825	 96.839239	   96.8259	 96.812806	 96.799955	 96.787346	 96.774976	 96.762843	 96.750945	  96.73928	 96.727846	  96.71664	 96.705661	 96.694905	 96.684371	 96.674055	 96.663957	 96.654072	 96.644398	 96.634934	 96.625676	 96.616622	 96.607768	 96.599113	 96.590654	 96.582388	 96.574312	 96.566424	 96.558721	 96.551199	 96.543857	 96.536692	 96.529701	  96.52288	 96.516228	 96.509742	 96.503419	 96.497255	 96.491249	 96.485398	 96.479698	 96.474148	 96.468744	 96.463485	 96.458366	 96.453386	 96.448542	 96.443832	 96.439252	   96.4348	 96.430475	 96.426272	  96.42219	 96.418227	  96.41438	 96.410646	 96.407023	 96.403509	 96.400102	 96.396799	 96.393598	 96.390497	 96.387493	 96.384586	 96.381771	 96.379049	 96.376416	  96.37387	  96.37141	 96.369034	 96.366739	 96.364525	 96.362389	  96.36033	 96.358345	 96.356434	 96.354594	 96.352824	 96.351123	  96.34949	 96.347921	 96.346417	 96.344976	 96.343597	 96.342278	 96.341018	 96.339816	 96.338672	 96.337583	 96.336548	 96.335568	  96.33464	 96.333764	  96.33294	 96.332165	 96.331441	 96.330765	 96.330137	 96.329556	 96.329023	 96.328536	 96.328094	 96.327698	 96.327347	 96.327041	 96.326779	 96.326561	 96.326387	 96.326257	  96.32617	 96.326127	
        99	 98.959056	  98.91812	   98.8772	 98.836306	 98.795445	 98.754625	 98.713855	 98.673144	 98.632498	 98.591928	 98.551439	 98.511041	 98.470742	  98.43055	 98.390472	 98.350516	  98.31069	 98.271001	 98.231458	 98.192068	 98.152838	 98.113775	 98.074887	  98.03618	 97.997663	  97.95934	 97.921221	  97.88331	 97.845615	 97.808142	 97.770897	 97.733886	 97.697116	 97.660592	  97.62432	 97.588306	 97.552555	 97.517072	 97.481863	 97.446933	 97.412285	 97.377926	  97.34386	  97.31009	 97.276622	 97.243459	 97.210606	 97.178065	 97.145841	 97.113937	 97.082356	 97.051101	 97.020176	 96.989582	 96.959323	 96.929402	 96.899819	 96.870578	 96.841681	 96.813128	 96.784923	 96.757065	 96.729558	 96.702401	 96.675595	 96.649142	 96.623042	 96.597297	 96.571905	 96.546867	 96.522184	 96.497856	 96.473881	  96.45026	 96.426993	 96.404079	 96.381516	 96.359305	 96.337443	 96.315931	 96.294766	 96.273948	 96.253475	 96.233345	 96.213556	 96.194108	 96.174997	 96.156221	  96.13778	  96.11967	 96.101889	 96.084434	 96.067304	 96.050495	 96.034006	 96.017832	 96.001972	 95.986423	 95.971181	 95.956243	 95.941608	  95.92727	 95.913228	 95.899477	 95.886015	 95.872839	 95.859944	 95.847328	 95.834987	 95.822917	 95.811115	 95.799578	 95.788302	 95.777283	 95.766518	 95.756003	 95.745734	 95.735708	 95.725921	  95.71637	  95.70705	 95.697958	 95.689091	 95.680445	 95.672015	 95.663799	 95.655793	 95.647993	 95.640396	 95.632997	 95.625794	 95.618783	  95.61196	 95.605321	 95.598864	 95.592585	  95.58648	 95.580546	  95.57478	 95.569178	 95.563737	 95.558454	 95.553325	 95.548347	 95.543518	 95.538834	 95.534292	 95.529889	 95.525622	 95.521488	 95.517485	 95.513609	 95.509858	 95.506228	 95.502718	 95.499325	 95.496046	 95.492878	  95.48982	 95.486868	 95.484021	 95.481275	  95.47863	 95.476082	  95.47363	 95.471271	 95.469003	 95.466825	 95.464735	  95.46273	 95.460809	 95.458971	 95.457212	 95.455533	 95.453931	 95.452405	 95.450953	 95.449574	 95.448267	 95.447031	 95.445863	 95.444764	 95.443732	 95.442766	 95.441865	 95.441028	 95.440254	 95.439543	 95.438893	 95.438305	 95.437777	  95.43731	 95.436901	 95.436552	 95.436262	  95.43603	 95.435856	  95.43574	 95.435683	
        99	 98.948835	 98.897681	 98.846547	 98.795445	 98.744384	 98.693375	 98.642428	 98.591554	 98.540763	 98.490065	  98.43947	 98.388988	  98.33863	 98.288404	 98.238322	 98.188392	 98.138625	  98.08903	 98.039616	 97.990393	 97.941371	 97.892557	 97.843961	 97.795593	 97.747461	 97.699573	 97.651938	 97.604564	 97.557459	 97.510632	  97.46409	 97.417841	 97.371892	 97.326251	 97.280926	 97.235922	 97.191246	 97.146906	 97.102908	 97.059258	 97.015963	 96.973027	 96.930457	 96.888258	 96.846435	 96.804994	  96.76394	 96.723276	 96.683008	  96.64314	 96.603676	  96.56462	 96.525975	 96.487745	 96.449933	 96.412542	 96.375576	 96.339036	 96.302925	 96.267245	 96.231999	 96.197188	 96.162813	 96.128877	 96.095381	 96.062325	  96.02971	 95.997538	 95.965807	  95.93452	 95.903676	 95.873274	 95.843315	 95.813798	 95.784723	 95.756089	 95.727894	 95.700138	  95.67282	 95.645938	  95.61949	 95.593476	 95.567892	 95.542737	 95.518009	 95.493705	 95.469824	 95.446362	 95.423317	 95.400686	 95.378467	 95.356655	 95.335249	 95.314245	 95.293639	 95.273428	 95.253609	 95.234178	 95.215132	 95.196466	 95.178177	  95.16026	 95.142712	 95.125529	 95.108707	 95.092242	 95.076128	 95.060363	 95.044941	 95.029858	 95.015111	 95.000694	 94.986603	 94.972833	 94.959381	 94.946241	 94.933409	  94.92088	 94.908651	 94.896715	 94.885069	 94.873708	 94.862627	 94.851823	 94.841289	 94.831022	 94.821018	 94.811271	 94.801777	 94.792531	  94.78353	 94.774769	 94.766242	 94.757947	 94.749878	 94.742032	 94.734403	 94.726988	 94.719782	 94.712782	 94.705982	  94.69938	 94.692971	 94.686751	 94.680717	 94.674863	 94.669188	 94.663686	 94.658354	 94.653188	 94.648185	 94.643342	 94.638654	 94.634119	 94.629732	 94.625492	 94.621394	 94.617436	 94.613614	 94.609926	 94.606367	 94.602937	 94.599631	 94.596447	 94.593383	 94.590435	 94.587602	  94.58488	 94.582268	 94.579762	 94.577362	 94.575064	 94.572867	 94.570769	 94.568767	  94.56686	 94.565046	 94.563323	 94.561689	 94.560144	 94.558685	 94.557312	 94.556022	 94.554815	 94.553689	 94.552643	 94.551676	 94.550787	 94.549975	  94.54924	 94.548581	 94.547996	 94.547486	  94.54705	 94.546687	 94.546397	  94.54618	 94.546036	 94.545963	
        99	 98.938625	 98.877263	 98.815925	 98.754625	 98.693375	 98.632187	 98.571074	 98.510048	 98.449122	 98.388306	 98.327615	  98.26706	 98.206652	 98.146404	 98.086327	 98.026434	 97.966736	 97.907244	 97.847969	 97.788924	 97.730118	 97.671564	 97.613271	 97.555251	 97.497513	 97.440069	 97.382928	 97.326101	 97.269597	 97.213425	 97.157595	 97.102117	 97.046999	 96.992251	  96.93788	 96.883895	 96.830305	 96.777117	 96.724339	 96.671979	 96.620043	 96.568539	 96.517474	 96.466855	 96.416686	 96.366976	 96.317729	 96.268951	 96.220647	 96.172823	 96.125484	 96.078634	 96.032277	 95.986418	 95.941061	 95.896209	 95.851865	 95.808034	 95.764717	 95.721917	 95.679638	  95.63788	 95.596646	 95.555938	 95.515757	 95.476105	 95.436982	 95.398389	 95.360327	 95.322796	 95.285797	 95.249329	 95.213391	 95.177984	 95.143107	 95.108758	 95.074938	 95.041643	 95.008873	 94.976627	 94.944901	 94.913695	 94.883006	 94.852832	 94.823169	 94.794015	 94.765368	 94.737225	 94.709581	 94.682434	 94.655781	 94.629617	 94.603939	 94.578743	 94.554026	 94.529782	 94.506008	   94.4827	 94.459852	 94.437461	 94.415522	 94.394031	 94.372981	  94.35237	  94.33219	 94.312439	  94.29311	 94.274199	 94.255699	 94.237607	 94.219917	 94.202623	  94.18572	 94.169203	 94.153066	 94.137304	 94.121911	 94.106882	 94.092212	 94.077895	 94.063924	 94.050296	 94.037005	 94.024044	 94.011408	 93.999093	 93.987092	   93.9754	 93.964011	 93.952921	 93.942124	 93.931614	 93.921386	 93.911435	 93.901756	 93.892344	 93.883193	 93.874298	 93.865654	 93.857257	 93.849101	 93.841181	 93.833493	 93.826032	 93.818793	 93.811772	 93.804964	 93.798364	 93.791967	 93.785771	  93.77977	  93.77396	 93.768337	 93.762896	 93.757635	 93.752548	 93.747633	 93.742885	   93.7383	 93.733876	 93.729608	 93.725492	 93.721527	 93.717708	 93.714032	 93.710496	 93.707097	 93.703832	 93.700699	 93.697693	 93.694814	 93.692058	 93.689422	 93.686905	 93.684504	 93.682216	  93.68004	 93.677973	 93.676014	  93.67416	 93.672411	 93.670763	 93.669216	 93.667767	 93.666416	 93.665162	 93.664002	 93.662936	 93.661962	 93.661081	  93.66029	 93.659588	 93.658977	 93.658453	 93.658018	  93.65767	  93.65741	 93.657236	  93.65715	
        99	 98.928427	 98.856869	 98.785341	 98.713855	 98.642428	 98.571074	 98.499807	 98.428641	 98.357592	 98.286672	 98.215897	  98.14528	 98.074835	 98.004577	 97.934518	 97.864674	 97.795056	 97.725679	 97.656557	   97.5877	 97.519124	 97.450841	 97.382863	 97.315202	 97.247871	 97.180883	 97.114248	 97.047978	 96.982086	 96.916581	 96.851475	 96.786779	 96.722503	 96.658658	 96.595254	 96.532299	 96.469805	  96.40778	 96.346232	 96.285172	 96.224607	 96.164546	 96.104996	 96.045966	 95.987462	 95.929492	 95.872062	  95.81518	 95.758851	 95.703081	 95.647876	 95.593241	 95.539183	 95.485704	  95.43281	 95.380506	 95.328795	  95.27768	 95.227166	 95.177255	 95.127951	 95.079255	  95.03117	 94.983698	 94.936841	   94.8906	 94.844977	 94.799972	 94.755586	 94.711819	 94.668672	 94.626145	 94.584236	 94.542946	 94.502274	 94.462219	 94.422778	 94.383952	 94.345737	 94.308133	 94.271136	 94.234745	 94.198957	 94.163769	 94.129178	  94.09518	 94.061774	 94.028954	 93.996717	  93.96506	 93.933978	 93.903467	 93.873522	  93.84414	 93.815316	 93.787044	  93.75932	 93.732139	 93.705495	 93.679384	   93.6538	 93.628737	  93.60419	 93.580154	 93.556622	 93.533589	 93.511048	 93.488994	 93.467422	 93.446323	 93.425694	 93.405526	 93.385815	 93.366553	 93.347735	 93.329354	 93.311404	 93.293878	  93.27677	 93.260074	 93.243783	  93.22789	  93.21239	 93.197276	 93.182541	 93.168179	 93.154184	 93.140549	 93.127269	 93.114336	 93.101744	 93.089488	 93.077561	 93.065957	  93.05467	 93.043693	 93.033022	 93.022649	 93.012569	 93.002777	 92.993266	  92.98403	 92.975065	 92.966364	 92.957923	 92.949735	 92.941795	 92.934098	  92.92664	 92.919414	 92.912415	  92.90564	 92.899082	 92.892738	 92.886603	 92.880671	 92.874939	 92.869402	 92.864055	 92.858896	 92.853918	 92.849119	 92.844495	 92.840041	 92.835755	 92.831631	 92.827667	  92.82386	 92.820206	 92.816701	 92.813344	  92.81013	 92.807056	 92.804121	  92.80132	 92.798653	 92.796115	 92.793705	  92.79142	 92.789258	 92.787218	 92.785296	 92.783492	 92.781803	 92.780228	 92.778765	 92.777412	 92.776169	 92.775034	 92.774005	 92.773083	 92.772265	 92.771552	 92.770941	 92.770434	 92.770028	 92.769725	 92.769522	 92.769421	
        99	 98.918244	 98.836505	   98.7548	 98.673144	 98.591554	 98.510048	 98.428641	 98.347351	 98.266192	 98.185182	 98.104337	 98.023673	 97.943206	 97.862952	 97.782926	 97.703144	 97.623621	 97.544374	 97.465416	 97.386764	 97.308431	 97.230432	 97.152782	 97.075495	 96.998585	 96.922066	  96.84595	 96.770252	 96.694984	  96.62016	 96.545791	  96.47189	  96.39847	 96.325541	 96.253115	 96.181204	 96.109818	 96.038968	 95.968664	 95.898916	 95.829735	 95.761128	 95.693106	 95.625677	 95.558849	 95.492631	 95.427031	 95.362055	 95.297712	 95.234007	 95.170948	  95.10854	  95.04679	 94.985703	 94.925284	 94.865538	 94.806469	 94.748083	 94.690381	 94.633369	  94.57705	 94.521426	   94.4665	 94.412274	  94.35875	  94.30593	 94.253816	 94.202408	 94.151706	 94.101713	 94.052427	 94.003849	 93.955978	 93.908813	 93.862355	   93.8166	 93.771548	 93.727198	 93.683546	 93.640592	 93.598331	 93.556763	 93.515882	 93.475688	 93.436175	 93.397341	 93.359181	 93.321692	 93.284868	 93.248707	 93.213203	 93.178351	 93.144146	 93.110584	 93.077658	 93.045364	 93.013695	 92.982647	 92.952212	 92.922386	 92.893162	 92.864534	 92.836494	 92.809038	 92.782158	 92.755848	   92.7301	 92.704909	 92.680267	 92.656167	 92.632602	 92.609565	 92.587049	 92.565047	 92.543552	 92.522556	 92.502052	 92.482032	  92.46249	 92.443419	  92.42481	 92.406656	  92.38895	 92.371686	 92.354854	 92.338449	 92.322463	 92.306888	 92.291718	 92.276945	 92.262562	 92.248562	 92.234938	 92.221683	  92.20879	 92.196252	 92.184062	 92.172214	   92.1607	 92.149514	  92.13865	   92.1281	  92.11786	 92.107921	 92.098278	 92.088925	 92.079856	 92.071064	 92.062544	  92.05429	 92.046296	 92.038557	 92.031066	  92.02382	 92.016811	 92.010035	 92.003488	 91.997163	 91.991056	 91.985162	 91.979476	 91.973995	 91.968712	 91.963625	 91.958728	 91.954018	 91.949491	 91.945142	 91.940968	 91.936965	 91.933129	 91.929458	 91.925947	 91.922594	 91.919395	 91.916348	 91.913449	 91.910696	 91.908086	 91.905617	 91.903286	 91.901091	  91.89903	 91.897101	 91.895302	  91.89363	 91.892085	 91.890665	 91.889369	 91.888194	  91.88714	 91.886206	 91.885391	 91.884694	 91.884114	 91.883651	 91.883304	 91.883073	 91.882958	
        99	 98.908078	 98.816174	 98.724308	 98.632498	 98.540763	 98.449122	 98.357592	 98.266192	 98.174942	 98.083858	  97.99296	 97.902265	 97.811791	 97.721557	  97.63158	 97.541877	 97.452465	 97.363363	 97.274587	 97.186154	  97.09808	 97.010382	 96.923077	 96.836179	 96.749705	  96.66367	 96.578089	 96.492978	  96.40835	 96.324221	 96.240604	 96.157514	 96.074963	 95.992966	 95.911534	  95.83068	 95.750417	 95.670757	 95.591711	  95.51329	 95.435505	 95.358367	 95.281886	 95.206072	 95.130934	 95.056482	 94.982724	 94.909668	 94.837324	 94.765697	 94.694797	 94.624628	   94.5552	 94.486516	 94.418584	 94.351408	 94.284994	 94.219347	  94.15447	 94.090369	 94.027046	 93.964505	 93.902748	 93.841779	   93.7816	 93.722212	 93.663617	 93.605816	  93.54881	   93.4926	 93.437185	 93.382566	 93.328742	 93.275713	 93.223476	 93.172032	 93.121378	 93.071513	 93.022433	 92.974137	 92.926621	 92.879883	  92.83392	 92.788727	 92.744301	 92.700637	 92.657732	 92.615581	 92.574179	  92.53352	 92.493601	 92.454415	 92.415957	 92.378221	 92.341201	 92.304891	 92.269284	 92.234375	 92.200156	 92.166621	 92.133763	 92.101574	 92.070048	 92.039178	 92.008955	 91.979373	 91.950424	   91.9221	 91.894393	 91.867296	 91.840801	   91.8149	 91.789584	 91.764846	 91.740678	 91.717071	 91.694017	 91.671508	 91.649536	 91.628093	 91.607169	 91.586758	 91.566851	  91.54744	 91.528515	  91.51007	 91.492096	 91.474585	 91.457528	 91.440918	 91.424747	 91.409006	 91.393688	 91.378784	 91.364288	  91.35019	 91.336485	 91.323163	 91.310217	  91.29764	 91.285425	 91.273564	  91.26205	 91.250875	 91.240033	 91.229517	  91.21932	 91.209435	 91.199856	 91.190575	 91.181587	 91.172885	 91.164464	 91.156316	 91.148435	 91.140817	 91.133455	 91.126344	 91.119477	 91.112851	 91.106458	 91.100295	 91.094356	 91.088636	  91.08313	 91.077834	 91.072744	 91.067854	 91.063161	  91.05866	 91.054347	 91.050219	 91.046272	 91.042502	 91.038906	 91.035479	  91.03222	 91.029125	  91.02619	 91.023414	 91.020793	 91.018326	 91.016008	 91.013839	 91.011816	 91.009937	   91.0082	 91.006603	 91.005145	 91.003824	  91.00264	  91.00159	 91.000673	 90.999889	 90.999238	 90.998717	 90.998327	 90.998067	 90.997937	
        99	  98.89793	 98.795881	 98.693873	 98.591928	 98.490065	 98.388306	 98.286672	 98.185182	 98.083858	 97.982719	 97.881786	 97.781079	 97.680617	 97.580421	 97.480511	 97.380905	 97.281623	 97.182684	 97.084108	 96.985912	 96.888115	 96.790736	 96.693791	   96.5973	  96.50128	 96.405747	 96.310718	 96.216211	 96.122241	 96.028824	 95.935977	 95.843713	 95.752049	 95.660999	 95.570578	 95.480798	 95.391675	  95.30322	 95.215447	 95.128369	 95.041997	 94.956343	 94.871419	 94.787235	 94.703803	 94.621131	 94.539231	  94.45811	 94.377779	 94.298245	 94.219517	 94.141603	 94.064509	 93.988243	 93.912811	  93.83822	 93.764474	 93.691579	 93.619541	 93.548363	 93.478049	 93.408604	  93.34003	  93.27233	 93.205507	 93.139562	 93.074499	 93.010317	 92.947018	 92.884602	  92.82307	 92.762421	 92.702655	 92.643771	 92.585768	 92.528645	 92.472399	 92.417028	  92.36253	 92.308902	 92.256141	 92.204244	 92.153206	 92.103024	 92.053693	 92.005209	 91.957568	 91.910763	  91.86479	 91.819644	 91.775317	 91.731805	 91.689102	   91.6472	 91.606093	 91.565774	 91.526237	 91.487474	 91.449477	  91.41224	 91.375754	 91.340012	 91.305006	 91.270727	 91.237168	  91.20432	 91.172175	 91.140724	 91.109959	 91.079871	 91.050451	  91.02169	 90.993579	  90.96611	 90.939274	 90.913061	 90.887462	 90.862468	  90.83807	  90.81426	 90.791027	 90.768362	 90.746257	 90.724703	 90.703689	 90.683208	 90.663249	 90.643805	 90.624865	 90.606422	 90.588465	 90.570986	 90.553977	 90.537428	 90.521332	 90.505678	 90.490459	 90.475667	 90.461292	 90.447327	 90.433763	 90.420592	 90.407807	 90.395399	  90.38336	 90.371683	  90.36036	 90.349384	 90.338747	 90.328442	 90.318462	 90.308799	 90.299448	   90.2904	  90.28165	 90.273191	 90.265016	  90.25712	 90.249495	 90.242137	 90.235039	 90.228195	   90.2216	 90.215249	 90.209135	 90.203255	 90.197602	 90.192173	 90.186961	 90.181964	 90.177175	 90.172591	 90.168208	 90.164022	 90.160028	 90.156224	 90.152605	 90.149168	 90.145909	 90.142827	 90.139917	 90.137176	 90.134603	 90.132195	 90.129948	 90.127862	 90.125933	  90.12416	 90.122541	 90.121074	 90.119759	 90.118593	 90.117575	 90.116705	 90.115981	 90.115403	  90.11497	 90.114681	 90.114537	
        99	 98.887803	 98.775628	   98.6635	 98.551439	  98.43947	 98.327615	 98.215897	 98.104337	  97.99296	 97.881786	 97.770838	 97.660139	  97.54971	 97.439573	 97.329749	 97.220261	 97.111128	 97.002373	 96.894016	 96.786077	 96.678577	 96.571536	 96.464973	 96.358908	  96.25336	 96.148349	 96.043892	 95.940007	 95.836714	 95.734029	 95.631969	 95.530551	 95.429793	 95.329709	 95.230315	 95.131628	 95.033662	 94.936431	 94.839949	 94.744231	  94.64929	 94.555138	 94.461787	 94.369251	  94.27754	 94.186666	 94.096639	  94.00747	 93.919169	 93.831744	 93.745205	  93.65956	 93.574817	 93.490984	 93.408068	 93.326075	 93.245013	 93.164886	 93.085699	 93.007459	 92.930169	 92.853833	 92.778455	 92.704039	 92.630585	 92.558098	 92.486579	 92.416029	 92.346449	 92.277841	 92.210204	 92.143537	 92.077842	 92.013115	 91.949358	 91.886566	  91.82474	 91.763875	  91.70397	 91.645021	 91.587026	 91.529979	 91.473877	 91.418716	 91.364491	 91.311196	 91.258828	 91.207379	 91.156845	 91.107219	 91.058495	 91.010666	 90.963725	 90.917666	  90.87248	 90.828161	 90.784701	 90.742092	 90.700325	 90.659393	 90.619287	 90.579999	  90.54152	  90.50384	 90.466951	 90.430844	  90.39551	 90.360938	 90.327121	 90.294047	 90.261708	 90.230093	 90.199194	 90.168999	   90.1395	 90.110686	 90.082547	 90.055074	 90.028256	 90.002082	 89.976544	 89.951631	 89.927333	  89.90364	 89.880541	 89.858028	 89.836089	 89.814715	 89.793897	 89.773623	 89.753885	 89.734672	 89.715975	 89.697784	  89.68009	 89.662884	 89.646155	 89.629895	 89.614094	 89.598743	 89.583833	 89.569356	 89.555302	 89.541663	 89.528429	 89.515594	 89.503148	 89.491082	  89.47939	 89.468062	 89.457092	 89.446471	 89.436191	 89.426246	 89.416628	 89.407329	 89.398344	 89.389664	 89.381283	 89.373194	 89.365392	 89.357869	  89.35062	 89.343638	 89.336918	 89.330455	 89.324241	 89.318273	 89.312544	 89.307051	 89.301787	 89.296749	 89.291931	 89.287329	 89.282939	 89.278757	 89.274779	 89.271001	  89.26742	 89.264031	 89.260832	  89.25782	 89.254992	 89.252344	 89.249875	 89.247581	 89.245461	 89.243512	 89.241732	  89.24012	 89.238674	 89.237393	 89.236274	 89.235317	 89.234522	 89.233886	  89.23341	 89.233093	 89.232934	
        99	 98.877698	 98.755421	 98.633194	 98.511041	 98.388988	  98.26706	  98.14528	 98.023673	 97.902265	 97.781079	 97.660139	  97.53947	 97.419096	 97.299039	 97.179325	 97.059976	 96.941015	 96.822465	 96.704349	 96.586689	 96.469508	 96.352826	 96.236666	 96.121049	 96.005996	 95.891527	 95.777662	 95.664422	 95.551826	 95.439893	 95.328641	  95.21809	 95.108257	 94.999159	 94.890815	 94.783239	  94.67645	 94.570462	 94.465292	 94.360953	 94.257461	  94.15483	 94.053072	 93.952202	 93.852232	 93.753173	 93.655039	 93.557839	 93.461585	 93.366286	 93.271953	 93.178595	  93.08622	 92.994837	 92.904454	 92.815077	 92.726714	  92.63937	 92.553053	 92.467766	 92.383515	 92.300305	 92.218138	 92.137019	 92.056951	 91.977935	 91.899975	 91.823071	 91.747225	 91.672438	 91.598709	 91.526039	 91.454426	 91.383871	 91.314371	 91.245925	  91.17853	 91.112184	 91.046884	 90.982626	 90.919407	 90.857223	 90.796068	 90.735939	  90.67683	 90.618737	 90.561652	  90.50557	 90.450484	 90.396389	 90.343276	  90.29114	 90.239971	 90.189764	 90.140509	 90.092199	 90.044824	 89.998378	  89.95285	 89.908231	 89.864514	 89.821687	 89.779742	 89.738669	 89.698458	 89.659099	 89.620582	 89.582898	 89.546034	 89.509982	  89.47473	 89.440268	 89.406586	 89.373672	 89.341516	 89.310107	 89.279434	 89.249487	 89.220253	 89.191723	 89.163885	 89.136728	 89.110241	 89.084414	 89.059235	 89.034694	  89.01078	 88.987481	 88.964787	 88.942688	 88.921172	 88.900229	 88.879848	 88.860019	 88.840732	 88.821975	  88.80374	 88.786015	 88.768791	 88.752058	 88.735806	 88.720024	 88.704705	 88.689837	 88.675412	  88.66142	 88.647853	 88.634701	 88.621956	 88.609608	  88.59765	 88.586072	 88.574867	 88.564026	 88.553542	 88.543406	 88.533611	 88.524149	 88.515013	 88.506196	 88.497691	 88.489491	 88.481589	 88.473979	 88.466653	 88.459607	 88.452834	 88.446329	 88.440084	 88.434096	 88.428358	 88.422866	 88.417614	 88.412598	 88.407813	 88.403254	 88.398918	 88.394799	 88.390895	 88.387202	 88.383715	 88.380431	 88.377348	 88.374462	  88.37177	  88.36927	 88.366959	 88.364835	 88.362895	 88.361138	 88.359561	 88.358164	 88.356945	 88.355902	 88.355035	 88.354342	 88.353823	 88.353477	 88.353305	
        99	 98.867618	 98.735263	 98.602962	 98.470742	  98.33863	 98.206652	 98.074835	 97.943206	 97.811791	 97.680617	  97.54971	 97.419096	   97.2888	 97.158849	 97.029268	 96.900082	 96.771317	 96.642996	 96.515145	 96.387788	 96.260949	  96.13465	 96.008917	 95.883771	 95.759235	 95.635332	 95.512083	 95.389509	 95.267633	 95.146474	 95.026054	 94.906391	 94.787506	 94.669417	 94.552142	 94.435701	  94.32011	 94.205387	 94.091549	 93.978611	 93.866589	 93.755499	 93.645355	 93.536171	 93.427961	 93.320739	 93.214516	 93.109305	 93.005118	 92.901965	 92.799857	 92.698805	 92.598816	 92.499902	 92.402069	 92.305326	  92.20968	 92.115138	 92.021706	  91.92939	 91.838196	 91.748127	 91.659188	 91.571384	 91.484716	 91.399188	 91.314803	 91.231561	 91.149464	 91.068512	 90.988707	 90.910047	 90.832533	 90.756162	 90.680934	 90.606847	 90.533897	 90.462083	 90.391401	 90.321847	 90.253418	 90.186108	 90.119914	 90.054829	 89.990849	 89.927967	 89.866177	 89.805473	 89.745847	 89.687294	 89.629804	  89.57337	 89.517985	 89.463639	 89.410325	 89.358032	 89.306754	 89.256479	 89.207199	 89.158903	 89.111582	 89.065226	 89.019824	 88.975365	  88.93184	 88.889238	 88.847546	 88.806756	 88.766854	  88.72783	 88.689673	 88.652371	 88.615913	 88.580287	  88.54548	 88.511483	 88.478282	 88.445866	 88.414223	 88.383341	 88.353208	 88.323813	 88.295144	 88.267188	 88.239934	 88.213371	 88.187485	 88.162266	 88.137702	 88.113781	 88.090492	 88.067823	 88.045762	 88.024299	 88.003422	  87.98312	 87.963381	 87.944196	 87.925552	  87.90744	 87.889848	 87.872766	 87.856184	 87.840091	 87.824477	 87.809332	 87.794647	 87.780411	 87.766615	  87.75325	 87.740306	 87.727774	 87.715645	 87.703911	 87.692562	 87.681591	 87.670988	 87.660747	 87.650858	 87.641315	 87.632108	 87.623232	 87.614679	 87.606441	 87.598513	 87.590886	 87.583555	 87.576513	 87.569754	 87.563272	 87.557061	 87.551116	 87.545432	 87.540002	 87.534822	 87.529888	 87.525194	 87.520737	 87.516511	 87.512513	 87.508738	 87.505184	 87.501847	 87.498723	 87.495809	 87.493103	 87.490601	 87.488302	 87.486202	   87.4843	 87.482594	 87.481082	 87.479762	 87.478633	 87.477695	 87.476945	 87.476383	 87.476009	 87.475822	
        99	 98.857565	 98.715159	 98.572811	  98.43055	 98.288404	 98.146404	 98.004577	 97.862952	 97.721557	 97.580421	 97.439573	 97.299039	 97.158849	 97.019029	 96.879608	 96.740611	 96.602067	 96.464002	 96.326442	 96.189413	 96.052941	 95.917052	  95.78177	  95.64712	 95.513127	 95.379814	 95.247205	 95.115323	 94.984192	 94.853832	 94.724267	 94.595517	 94.467603	 94.340546	 94.214366	 94.089082	 93.964713	 93.841278	 93.718794	 93.597279	  93.47675	 93.357224	 93.238715	  93.12124	 93.004813	 92.889447	 92.775158	 92.661957	 92.549858	 92.438871	 92.329009	 92.220283	 92.112701	 92.006275	 91.901013	 91.796923	 91.694013	 91.592292	 91.491764	 91.392438	 91.294318	 91.197409	 91.101716	 91.007244	 90.913995	 90.821972	 90.731178	 90.641614	 90.553283	 90.466184	 90.380318	 90.295684	 90.212283	 90.130113	 90.049172	 89.969459	 89.890969	 89.813702	 89.737652	 89.662816	  89.58919	 89.516769	 89.445547	  89.37552	 89.306681	 89.239023	 89.172541	 89.107227	 89.043074	 88.980073	 88.918217	 88.857498	 88.797907	 88.739434	 88.682071	 88.625808	 88.570635	 88.516542	 88.463519	 88.411556	 88.360641	 88.310765	 88.261915	  88.21408	  88.16725	 88.121412	 88.076554	 88.032666	 87.989734	 87.947747	 87.906692	 87.866558	  87.82733	 87.788998	 87.751549	 87.714969	 87.679247	 87.644369	 87.610323	 87.577096	 87.544676	 87.513048	 87.482202	 87.452123	 87.422799	 87.394218	 87.366367	 87.339233	 87.312803	 87.287066	 87.262008	 87.237617	 87.213881	 87.190788	 87.168326	 87.146482	 87.125245	 87.104602	 87.084543	 87.065055	 87.046127	 87.027748	 87.009906	 86.992591	 86.975791	 86.959497	 86.943696	 86.928379	 86.913535	 86.899155	 86.885228	 86.871744	 86.858695	 86.846069	 86.833859	 86.822054	 86.810647	 86.799628	 86.788988	  86.77872	 86.768814	 86.759264	 86.750061	 86.741198	 86.732667	 86.724461	 86.716573	 86.708996	 86.701724	  86.69475	 86.688068	 86.681671	 86.675555	 86.669713	  86.66414	 86.658831	 86.653781	 86.648985	 86.644438	 86.640136	 86.636075	 86.632251	 86.628661	 86.625299	 86.622164	 86.619253	 86.616561	 86.614087	 86.611828	 86.609782	 86.607946	 86.606319	 86.604899	 86.603684	 86.602674	 86.601867	 86.601263	  86.60086	 86.600659	
        99	  98.84754	 98.695112	 98.542745	 98.390472	 98.238322	 98.086327	 97.934518	 97.782926	  97.63158	 97.480511	 97.329749	 97.179325	 97.029268	 96.879608	 96.730374	 96.581595	   96.4333	 96.285517	 96.138276	 95.991603	 95.845526	 95.700072	 95.555269	 95.411143	 95.267719	 95.125023	 94.983082	 94.841918	 94.701557	 94.562023	 94.423339	 94.285527	 94.148611	 94.012611	 93.877551	 93.743449	 93.610327	 93.478204	   93.3471	 93.217033	 93.088022	 92.960083	 92.833233	  92.70749	 92.582869	 92.459384	 92.337051	 92.215883	 92.095894	 91.977096	 91.859502	 91.743123	  91.62797	 91.514053	 91.401383	 91.289967	 91.179815	 91.070934	 90.963331	 90.857014	 90.751988	 90.648259	 90.545832	  90.44471	 90.344898	 90.246399	 90.149214	 90.053347	 89.958799	  89.86557	 89.773661	 89.683071	   89.5938	 89.505847	 89.419209	 89.333885	 89.249872	 89.167166	 89.085764	 89.005661	 88.926853	 88.849335	 88.773101	 88.698145	 88.624461	 88.552042	  88.48088	 88.410969	 88.342301	 88.274866	 88.208657	 88.143664	 88.079879	 88.017291	  87.95589	 87.895667	 87.836611	 87.778711	 87.721957	 87.666336	 87.611839	 87.558451	 87.506163	 87.454962	 87.404836	 87.355772	 87.307758	  87.26078	 87.214827	 87.169885	  87.12594	 87.082981	 87.040993	 86.999963	 86.959878	 86.920724	 86.882488	 86.845155	 86.808713	 86.773147	 86.738445	 86.704592	 86.671574	 86.639378	 86.607991	 86.577398	 86.547587	 86.518543	 86.490253	 86.462704	 86.435883	 86.409775	 86.384369	 86.359651	 86.335607	 86.312226	 86.289494	 86.267399	 86.245927	 86.225068	 86.204808	 86.185135	 86.166038	 86.147504	 86.129522	 86.112081	 86.095168	 86.078773	 86.062885	 86.047492	 86.032585	 86.018152	 86.004184	  85.99067	   85.9776	 85.964965	 85.952755	  85.94096	 85.929572	  85.91858	 85.907978	 85.897756	 85.887905	 85.878418	 85.869287	 85.860503	  85.85206	  85.84395	 85.836166	 85.828701	 85.821549	 85.814702	 85.808155	 85.801902	 85.795937	 85.790254	 85.784849	 85.779715	 85.774848	 85.770243	 85.765897	 85.761804	  85.75796	 85.754362	 85.751007	  85.74789	 85.745009	 85.742361	 85.739943	 85.737752	 85.735787	 85.734046	 85.732526	 85.731226	 85.730145	 85.729281	 85.728634	 85.728203	 85.727988	
        99	 98.837546	 98.675126	 98.512771	 98.350516	 98.188392	 98.026434	 97.864674	 97.703144	 97.541877	 97.380905	 97.220261	 97.059976	 96.900082	 96.740611	 96.581595	 96.423063	 96.265047	 96.107577	 95.950683	 95.794396	 95.638743	 95.483755	  95.32946	 95.175885	  95.02306	  94.87101	 94.719764	 94.569347	 94.419785	 94.271104	 94.123329	 93.976483	 93.830592	 93.685677	 93.541763	 93.398871	 93.257022	 93.116239	  92.97654	 92.837947	 92.700479	 92.564153	 92.428988	 92.295002	 92.162212	 92.030632	  91.90028	 91.771169	 91.643315	  91.51673	 91.391427	 91.267419	 91.144718	 91.023333	 90.903277	 90.784557	 90.667184	 90.551166	  90.43651	 90.323224	 90.211313	 90.100785	 89.991643	 89.883892	 89.777537	 89.672581	 89.569026	 89.466875	 89.366128	 89.266788	 89.168854	 89.072326	 88.977203	 88.883484	 88.791168	  88.70025	  88.61073	 88.522602	 88.435864	  88.35051	 88.266536	 88.183937	 88.102705	 88.022836	 87.944322	 87.867155	 87.791329	 87.716835	 87.643665	  87.57181	 87.501261	 87.432008	 87.364041	  87.29735	 87.231925	 87.167754	 87.104827	 87.043132	 86.982657	  86.92339	  86.86532	 86.808433	 86.752717	  86.69816	 86.644748	 86.592467	 86.541306	 86.491249	 86.442283	 86.394395	  86.34757	 86.301794	 86.257054	 86.213335	 86.170622	 86.128901	 86.088158	 86.048378	 86.009547	  85.97165	 85.934673	 85.898601	 85.863419	 85.829113	 85.795668	  85.76307	 85.731304	 85.700356	 85.670212	 85.640857	 85.612278	 85.584459	 85.557387	 85.531048	 85.505429	 85.480515	 85.456293	 85.432749	  85.40987	 85.387643	 85.366055	 85.345093	 85.324744	 85.304995	 85.285834	 85.267249	 85.249228	 85.231758	 85.214829	 85.198427	 85.182543	 85.167164	  85.15228	  85.13788	 85.123954	  85.11049	 85.097479	 85.084911	 85.072776	 85.061065	 85.049768	 85.038875	 85.028379	  85.01827	  85.00854	 84.999181	 84.990184	 84.981543	 84.973248	 84.965294	 84.957672	 84.950377	 84.943401	 84.936738	 84.930382	 84.924327	 84.918567	 84.913096	  84.90791	 84.903004	 84.898373	 84.894011	 84.889916	 84.886082	 84.882507	 84.879186	 84.876116	 84.873294	 84.870717	 84.868383	 84.866289	 84.864434	 84.862814	 84.861429	 84.860277	 84.859357	 84.858667	 84.858208	 84.857979	
        99	 98.827585	 98.655204	 98.482894	  98.31069	 98.138625	 97.966736	 97.795056	 97.623621	 97.452465	 97.281623	 97.111128	 96.941015	 96.771317	 96.602067	   96.4333	 96.265047	 96.097342	 95.930216	 95.763701	  95.59783	 95.432633	 95.268141	 95.104385	 94.941393	 94.779196	 94.617824	 94.457303	 94.297662	 94.138929	 93.981131	 93.824294	 93.668445	 93.513607	 93.359807	 93.207068	 93.055413	 92.904867	  92.75545	 92.607186	 92.460094	 92.314196	 92.169511	 92.026059	 91.883857	 91.742923	 91.603276	  91.46493	 91.327903	 91.192208	 91.057861	 90.924875	 90.793263	 90.663037	  90.53421	 90.406791	 90.280792	 90.156222	 90.033089	 89.911403	  89.79117	 89.672397	 89.555091	 89.439256	 89.324899	 89.212022	  89.10063	 88.990725	  88.88231	 88.775386	 88.669954	 88.566015	 88.463568	 88.362612	 88.263147	 88.165169	 88.068677	 87.973667	 87.880135	 87.788078	 87.697491	 87.608368	 87.520703	 87.434491	 87.349724	 87.266395	 87.184497	 87.104021	  87.02496	 86.947303	 86.871042	 86.796166	 86.722667	 86.650532	 86.579752	 86.510315	 86.442209	 86.375423	 86.309945	 86.245761	 86.182861	  86.12123	 86.060855	 86.001723	  85.94382	 85.887132	 85.831646	 85.777347	 85.724221	 85.672252	 85.621428	 85.571732	 85.523149	 85.475665	 85.429265	 85.383933	 85.339654	 85.296413	 85.254194	 85.212982	 85.172761	 85.133516	 85.095232	 85.057893	 85.021483	 84.985987	  84.95139	 84.917677	 84.884831	 84.852839	 84.821684	 84.791352	 84.761827	 84.733095	 84.705142	 84.677951	 84.651509	 84.625802	 84.600814	 84.576533	 84.552943	 84.530031	 84.507783	 84.486187	 84.465227	 84.444891	 84.425167	  84.40604	 84.387499	 84.369531	 84.352124	 84.335266	 84.318944	 84.303148	 84.287865	 84.273084	 84.258795	 84.244986	 84.231648	 84.218769	 84.206339	 84.194349	 84.182789	 84.171649	  84.16092	 84.150593	  84.14066	 84.131112	  84.12194	 84.113137	 84.104695	 84.096607	 84.088864	  84.08146	 84.074389	 84.067643	 84.061216	 84.055103	 84.049297	 84.043793	 84.038586	  84.03367	 84.029042	 84.024695	 84.020626	 84.016832	 84.013307	 84.010049	 84.007054	 84.004319	 84.001842	  83.99962	  83.99765	 83.995932	 83.994461	 83.993239	 83.992262	  83.99153	 83.991043	   83.9908	
