Time step 31:
        99	        99	        99	        99	        99	        99	        99	        99	        99	        99	        99	        99	        99	        99	        99	        99	        99	        99	        99	        99	        99	        99	        99	        99	        99	        99	        99	        99	        99	        99	        99	        99	        99	        99	        99	        99	        99	        99	        99	        99	        99	        99	        99	        99	        99	        99	        99	        99	        99	        99	        99	        99	        99	        99	        99	        99	        99	        99	        99	        99	        99	        99	        99	        99	        99	        99	        99	        99	        99	        99	        99	        99	        99	        99	        99	        99	        99	        99	        99	        99	        99	        99	        99	        99	        99	        99	        99	        99	        99	        99	        99	        99	        99	        99	        99	        99	        99	        99	        99	        99	        99	        99	        99	        99	        99	        99	        99	        99	        99	        99	        99	        99	        99	        99	        99	        99	        99	        99	        99	        99	        99	        99	        99	        99	        99	        99	        99	        99	        99	        99	        99	        99	        99	        99	        99	        99	        99	        99	        99	        99	        99	        99	        99	        99	        99	        99	        99	        99	        99	        99	        99	        99	        99	        99	        99	        99	        99	        99	        99	        99	        99	        99	        99	        99	        99	        99	        99	        99	        99	        99	        99	        99	        99	        99	        99	        99	        99	        99	        99	        99	        99	        99	        99	        99	        99	        99	        99	        99	        99	        99	        99	        99	        99	        99	        99	        99	        99	        99	        99	        99	
        99	 98.979518	 98.959045	 98.938589	 98.918157	 98.897759	 98.877402	 98.857095	 98.836846	 98.816662	 98.796553	 98.776525	 98.756587	 98.736746	  98.71701	 98.697386	 98.677881	 98.658503	 98.639259	 98.620156	   98.6012	 98.582397	 98.563755	 98.545279	 98.526975	  98.50885	 98.490908	 98.473155	 98.455596	 98.438236	  98.42108	 98.404133	 98.387398	  98.37088	 98.354582	 98.338509	 98.322663	 98.307048	 98.291666	 98.276521	 98.261614	 98.246948	 98.232525	 98.218346	 98.204414	  98.19073	 98.177293	 98.164107	  98.15117	 98.138483	 98.126048	 98.113863	 98.101928	 98.090244	 98.078809	 98.067623	 98.056685	 98.045993	 98.035547	 98.025345	 98.015385	 98.005665	 97.996184	 97.986939	 97.977928	  97.96915	   97.9606	 97.952278	 97.944179	 97.936302	 97.928643	 97.921199	 97.913967	 97.906944	 97.900127	 97.893513	 97.887097	 97.880877	 97.874849	 97.869009	 97.863355	 97.857881	 97.852586	 97.847464	 97.842512	 97.837727	 97.833105	 97.828641	 97.824334	 97.820177	 97.816169	 97.812305	 97.808582	 97.804995	 97.801542	 97.798218	 97.795021	 97.791946	  97.78899	  97.78615	 97.783422	 97.780803	  97.77829	 97.775879	 97.773566	  97.77135	 97.769226	 97.767193	 97.765245	 97.763382	   97.7616	 97.759895	 97.758266	  97.75671	 97.755223	 97.753804	  97.75245	 97.751159	 97.749927	 97.748753	 97.747635	  97.74657	 97.745556	 97.744592	 97.743674	 97.742802	 97.741973	 97.741185	 97.740437	 97.739727	 97.739054	 97.738415	 97.737809	 97.737235	 97.736692	 97.736177	 97.735689	 97.735228	 97.734792	  97.73438	 97.733991	 97.733623	 97.733275	 97.732947	 97.732638	 97.732346	 97.732071	 97.731812	 97.731568	 97.731338	 97.731122	 97.730918	 97.730727	 97.730547	 97.730378	  97.73022	 97.730071	 97.729931	   97.7298	 97.729677	 97.729562	 97.729454	 97.729353	 97.729259	  97.72917	 97.729087	  97.72901	 97.728938	 97.728871	 97.728808	 97.728749	 97.728695	 97.728644	 97.728596	 97.728552	 97.728512	 97.728474	 97.728438	 97.728406	 97.728376	 97.728348	 97.728322	 97.728298	 97.728276	 97.728256	 97.728238	 97.728222	 97.728206	 97.728193	  97.72818	 97.728169	  97.72816	 97.728151	 97.728144	 97.728138	 97.728132	 97.728128	 97.728125	 97.728123	 97.728122	
        99	 98.959045	 98.918107	 98.877203	 98.836348	  98.79556	 98.754854	 98.714248	 98.673758	   98.6334	 98.593189	 98.553141	 98.513273	 98.473599	 98.434135	 98.394894	 98.355893	 98.317146	 98.278665	 98.240466	 98.202562	 98.164964	 98.127687	 98.090743	 98.054143	 98.017899	 97.982023	 97.946524	 97.911413	 97.876701	 97.842396	 97.808508	 97.775045	 97.742016	 97.709427	 97.677287	 97.645602	 97.614378	  97.58362	 97.553336	 97.523528	 97.494202	 97.465362	 97.437011	 97.409153	 97.381789	 97.354922	 97.328554	 97.302685	 97.277318	 97.252452	 97.228087	 97.204223	 97.180859	 97.157994	 97.135626	 97.113754	 97.092375	 97.071487	 97.051086	  97.03117	 97.011735	 96.992776	 96.974291	 96.956273	 96.938719	 96.921624	 96.904982	 96.888788	 96.873036	 96.857721	 96.842837	 96.828376	 96.814334	 96.800703	 96.787476	 96.774648	  96.76221	 96.750156	  96.73848	 96.727173	 96.716228	 96.705638	 96.695397	 96.685496	 96.675927	 96.666685	  96.65776	 96.649146	 96.640835	  96.63282	 96.625094	 96.617649	 96.610477	 96.603572	 96.596926	 96.590533	 96.584384	 96.578474	 96.572795	  96.56734	 96.562103	 96.557077	 96.552256	 96.547632	   96.5432	 96.538954	 96.534887	 96.530994	 96.527268	 96.523704	 96.520296	 96.517038	 96.513926	 96.510954	 96.508116	 96.505408	 96.502826	 96.500363	 96.498016	  96.49578	  96.49365	 96.491623	 96.489695	  96.48786	 96.486116	 96.484458	 96.482883	 96.481388	 96.479968	 96.478621	 96.477344	 96.476133	 96.474985	 96.473898	 96.472868	 96.471894	 96.470972	   96.4701	 96.469276	 96.468497	 96.467761	 96.467066	  96.46641	 96.465792	 96.465209	 96.464659	  96.46414	 96.463652	 96.463193	  96.46276	 96.462354	 96.461971	 96.461612	 96.461274	 96.460957	 96.460659	 96.460379	 96.460117	 96.459871	 96.459641	 96.459425	 96.459224	 96.459035	 96.458858	 96.458692	 96.458538	 96.458394	 96.458259	 96.458133	 96.458016	 96.457907	 96.457805	 96.457711	 96.457623	 96.457541	 96.457465	 96.457395	 96.457329	 96.457269	 96.457213	 96.457162	 96.457114	 96.457071	 96.457031	 96.456994	 96.456961	 96.456931	 96.456903	 96.456879	 96.456857	 96.456837	  96.45682	 96.456805	 96.456793	 96.456783	 96.456774	 96.456768	 96.456764	 96.456762	
        99	 98.938589	 98.877203	 98.815866	 98.754605	 98.693443	 98.632406	 98.571518	 98.510803	 98.450286	  98.38999	 98.329939	 98.270157	 98.210666	  98.15149	  98.09265	 98.034168	 97.976066	 97.918365	 97.861086	 97.804248	 97.747872	 97.691975	 97.636577	 97.581696	 97.527349	 97.473552	 97.420322	 97.367674	 97.315623	 97.264184	 97.213369	 97.163192	 97.113664	 97.064798	 97.016604	 96.969092	 96.922271	 96.876151	  96.83074	 96.786044	  96.74207	 96.698824	 96.656312	 96.614538	 96.573507	  96.53322	 96.493681	 96.454892	 96.416853	 96.379567	 96.343032	 96.307248	 96.272214	 96.237928	 96.204388	 96.171591	 96.139534	 96.108212	 96.077621	 96.047757	 96.018614	 95.990186	 95.962467	  95.93545	 95.909128	 95.883493	 95.858539	 95.834256	 95.810637	 95.787672	 95.765353	  95.74367	 95.722613	 95.702173	  95.68234	 95.663104	 95.644454	 95.626379	  95.60887	 95.591915	 95.575504	 95.559625	 95.544268	 95.529421	 95.515074	 95.501214	 95.487832	 95.474915	 95.462453	 95.450435	 95.438849	 95.427685	 95.416931	 95.406577	 95.396612	 95.387025	 95.377806	 95.368943	 95.360427	 95.352248	 95.344395	 95.336859	 95.329629	 95.322696	 95.316051	 95.309684	 95.303585	 95.297747	  95.29216	 95.286816	 95.281705	 95.276821	 95.272154	 95.267697	 95.263442	 95.259382	 95.255509	 95.251817	 95.248297	 95.244944	 95.241751	 95.238712	 95.235819	 95.233068	 95.230453	 95.227967	 95.225606	 95.223363	 95.221235	 95.219215	 95.217299	 95.215483	 95.213762	 95.212132	 95.210588	 95.209127	 95.207745	 95.206437	 95.205201	 95.204033	  95.20293	 95.201888	 95.200905	 95.199977	 95.199103	 95.198278	 95.197501	 95.196769	  95.19608	 95.195432	 95.194822	 95.194248	 95.193709	 95.193203	 95.192727	  95.19228	 95.191861	 95.191468	   95.1911	 95.190755	 95.190431	 95.190128	 95.189845	  95.18958	 95.189332	   95.1891	 95.188884	 95.188682	 95.188494	 95.188318	 95.188154	 95.188002	  95.18786	 95.187728	 95.187605	 95.187492	 95.187386	 95.187288	 95.187198	 95.187114	 95.187037	 95.186966	   95.1869	  95.18684	 95.186786	 95.186736	  95.18669	 95.186649	 95.186612	 95.186579	  95.18655	 95.186525	 95.186502	 95.186484	 95.186468	 95.186456	 95.186447	 95.186441	 95.186438	
        99	 98.918157	 98.836348	 98.754605	 98.672962	 98.591452	 98.510108	 98.428962	 98.348047	 98.267396	  98.18704	  98.10701	 98.027338	 97.948055	  97.86919	 97.790774	 97.712835	 97.635403	 97.558505	 97.482169	 97.406421	 97.331288	 97.256795	 97.182966	 97.109826	 97.037397	 96.965702	 96.894763	 96.824599	 96.755231	 96.686677	 96.618956	 96.552085	  96.48608	 96.420956	 96.356727	 96.293408	 96.231011	 96.169546	 96.109026	  96.04946	 95.990856	 95.933223	 95.876567	 95.820895	 95.766212	 95.712521	 95.659828	 95.608133	  95.55744	 95.507748	 95.459058	 95.411369	 95.364679	 95.318986	 95.274287	 95.230579	 95.187856	 95.146113	 95.105345	 95.065545	 95.026706	  94.98882	 94.951879	 94.915873	 94.880794	 94.846631	 94.813374	 94.781013	 94.749535	  94.71893	 94.689185	 94.660288	 94.632226	 94.604985	 94.578554	 94.552918	 94.528063	 94.503975	  94.48064	 94.458045	 94.436173	 94.415012	 94.394545	 94.374759	 94.355638	 94.337167	 94.319333	 94.302119	 94.285511	 94.269494	 94.254054	 94.239175	 94.224844	 94.211045	 94.197764	 94.184987	   94.1727	  94.16089	 94.149541	  94.13864	 94.128175	 94.118131	 94.108496	 94.099256	   94.0904	 94.081914	 94.073787	 94.066007	 94.058561	 94.051438	 94.044628	 94.038118	 94.031898	 94.025959	 94.020288	 94.014877	 94.009716	 94.004795	 94.000105	 93.995636	 93.991381	  93.98733	 93.983475	 93.979809	 93.976323	 93.973011	 93.969864	 93.966875	 93.964038	 93.961347	 93.958794	 93.956374	  93.95408	 93.951907	  93.94985	 93.947903	  93.94606	 93.944318	 93.942671	 93.941114	 93.939644	 93.938255	 93.936945	 93.935709	 93.934543	 93.933444	 93.932409	 93.931433	 93.930515	 93.929651	 93.928838	 93.928074	 93.927355	  93.92668	 93.926046	 93.925451	 93.924893	 93.924369	 93.923878	 93.923418	 93.922987	 93.922583	 93.922205	 93.921852	 93.921522	 93.921213	 93.920925	 93.920656	 93.920404	  93.92017	 93.919952	 93.919749	  93.91956	 93.919384	 93.919221	 93.919069	 93.918928	 93.918798	 93.918677	 93.918566	 93.918463	 93.918368	 93.918281	 93.918201	 93.918128	 93.918062	 93.918001	 93.917946	 93.917897	 93.917853	 93.917814	  93.91778	 93.917751	 93.917726	 93.917705	 93.917689	 93.917677	 93.917669	 93.917665	
        99	 98.897759	  98.79556	 98.693443	 98.591452	 98.489627	 98.388008	 98.286638	 98.185556	 98.084804	  97.98442	 97.884444	 97.784915	 97.685871	  97.58735	  97.48939	 97.392026	 97.295295	 97.199231	 97.103869	 97.009242	 96.915383	 96.822323	 96.730094	 96.638724	 96.548243	 96.458679	 96.370059	 96.282408	  96.19575	 96.110111	 96.025511	 95.941973	 95.859517	 95.778162	 95.697925	 95.618824	 95.540875	 95.464092	 95.388488	 95.314075	 95.240865	 95.168867	 95.098091	 95.028543	 94.960231	 94.893159	 94.827332	 94.762754	 94.699425	 94.637348	 94.576523	 94.516948	 94.458621	  94.40154	 94.345701	 94.291098	 94.237727	 94.185581	 94.134652	 94.084932	 94.036413	 93.989084	 93.942936	 93.897956	 93.854134	 93.811456	 93.769911	 93.729484	 93.690161	 93.651928	 93.614769	 93.578669	 93.543613	 93.509584	 93.476565	 93.444539	 93.413489	 93.383398	 93.354247	  93.32602	 93.298697	 93.272262	 93.246694	 93.221976	 93.198089	 93.175015	 93.152736	 93.131231	 93.110484	 93.090475	 93.071187	   93.0526	 93.034696	 93.017458	 93.000868	 92.984906	 92.969557	 92.954803	 92.940625	 92.927008	 92.913934	 92.901387	  92.88935	 92.877808	 92.866744	 92.856144	 92.845991	 92.836271	  92.82697	 92.818072	 92.809564	 92.801432	 92.793662	 92.786242	 92.779158	 92.772399	 92.765951	 92.759803	 92.753944	 92.748362	 92.743046	 92.737985	  92.73317	  92.72859	 92.724236	 92.720097	 92.716166	 92.712432	 92.708889	 92.705526	 92.702337	 92.699314	 92.696448	 92.693734	 92.691164	 92.688732	  92.68643	 92.684253	 92.682195	 92.680251	 92.678414	  92.67668	 92.675043	 92.673499	 92.672042	 92.670669	 92.669376	 92.668158	  92.66701	 92.665931	 92.664915	  92.66396	 92.663063	  92.66222	 92.661428	 92.660684	 92.659986	 92.659332	 92.658719	 92.658144	 92.657605	 92.657101	 92.656629	 92.656188	 92.655775	  92.65539	  92.65503	 92.654693	  92.65438	 92.654087	 92.653815	 92.653561	 92.653325	 92.653105	 92.652901	 92.652711	 92.652536	 92.652373	 92.652222	 92.652083	 92.651954	 92.651836	 92.651727	 92.651627	 92.651536	 92.651453	 92.651377	 92.651309	 92.651247	 92.651193	 92.651144	 92.651101	 92.651065	 92.651033	 92.651008	 92.650987	 92.650972	 92.650962	 92.650957	
        99	 98.877402	 98.754854	 98.632406	 98.510108	 98.388008	 98.266157	 98.144604	 98.023396	 97.902583	 97.782212	  97.66233	 97.542984	  97.42422	 97.306084	 97.188619	 97.071869	 96.955878	 96.840688	 96.726338	 96.612871	 96.500324	 96.388735	 96.278142	 96.168581	 96.060085	 95.952688	 95.846423	  95.74132	 95.637408	 95.534717	 95.433274	 95.333103	 95.234229	 95.136675	 95.040463	 94.945613	 94.852144	 94.760072	 94.669415	 94.580186	   94.4924	 94.406067	 94.321199	 94.237804	  94.15589	 94.075464	  93.99653	 93.919094	 93.843157	  93.76872	 93.695783	 93.624346	 93.554407	 93.485961	 93.419003	 93.353529	 93.289532	 93.227003	 93.165934	 93.106315	 93.048135	 92.991382	 92.936045	  92.88211	 92.829563	 92.778388	  92.72857	 92.680094	 92.632942	 92.587096	 92.542539	 92.499252	 92.457216	 92.416411	 92.376817	 92.338415	 92.301183	   92.2651	 92.230146	 92.196298	 92.163536	 92.131836	 92.101178	 92.071539	 92.042896	 92.015228	 91.988512	 91.962726	 91.937848	 91.913856	 91.890726	 91.868439	 91.846971	   91.8263	 91.806406	 91.787267	 91.768862	  91.75117	 91.734169	 91.717841	 91.702164	 91.687118	 91.672685	 91.658845	 91.645579	 91.632867	 91.620693	 91.609038	 91.597884	 91.587215	 91.577013	 91.567262	 91.557945	 91.549048	 91.540554	 91.532448	 91.524717	 91.517345	 91.510319	 91.503625	 91.497251	 91.491183	 91.485409	 91.479917	 91.474695	 91.469733	 91.465019	 91.460542	 91.456293	 91.452261	 91.448437	 91.444811	 91.441376	 91.438121	 91.435039	 91.432122	 91.429362	 91.426752	 91.424285	 91.421953	 91.419751	 91.417671	 91.415708	 91.413856	  91.41211	 91.410464	 91.408913	 91.407452	 91.406076	 91.404782	 91.403564	 91.402419	 91.401343	 91.400332	 91.399382	  91.39849	 91.397654	 91.396869	 91.396134	 91.395444	 91.394799	 91.394194	 91.393628	 91.393099	 91.392604	 91.392142	  91.39171	 91.391307	 91.390931	  91.39058	 91.390253	 91.389949	 91.389666	 91.389402	 91.389157	  91.38893	 91.388719	 91.388524	 91.388343	 91.388176	 91.388022	 91.387881	  91.38775	  91.38763	 91.387521	 91.387421	  91.38733	 91.387249	 91.387175	 91.387109	 91.387051	    91.387	 91.386956	 91.386918	 91.386887	 91.386863	 91.386845	 91.386832	 91.386826	
        99	 98.857095	 98.714248	 98.571518	 98.428962	 98.286638	 98.144604	 98.002916	 97.861632	 97.720807	 97.580498	 97.440759	 97.301644	 97.163208	 97.025504	 96.888582	 96.752494	  96.61729	 96.483019	 96.349729	 96.217467	 96.086278	 95.956206	 95.827294	 95.699585	 95.573118	 95.447932	 95.324065	 95.201552	 95.080429	 94.960729	 94.842482	 94.725719	 94.610467	 94.496755	 94.384606	 94.274045	 94.165094	 94.057771	 93.952098	 93.848089	 93.745762	 93.645129	 93.546203	 93.448994	 93.353512	 93.259764	 93.167757	 93.077493	 92.988978	 92.902211	 92.817194	 92.733924	   92.6524	 92.572616	 92.494568	 92.418249	 92.343651	 92.270765	  92.19958	 92.130086	 92.062269	 91.996116	 91.931613	 91.868744	 91.807492	 91.747841	 91.689772	 91.633266	 91.578303	 91.524864	 91.472926	 91.422469	  91.37347	 91.325906	 91.279754	 91.234991	 91.191592	 91.149533	 91.108789	 91.069335	 91.031145	 90.994195	 90.958458	 90.923909	 90.890522	 90.858271	  90.82713	 90.797073	 90.768074	 90.740108	 90.713148	 90.687168	 90.662144	  90.63805	 90.614861	 90.592551	 90.571097	 90.550474	 90.530658	 90.511625	 90.493351	 90.475814	  90.45899	 90.442857	 90.427393	 90.412577	 90.398386	   90.3848	 90.371799	 90.359363	 90.347471	 90.336104	 90.325244	 90.314873	 90.304972	 90.295524	 90.286512	 90.277919	 90.269729	 90.261927	 90.254497	 90.247424	 90.240693	 90.234292	 90.228205	 90.222421	 90.216926	 90.211708	 90.206754	 90.202055	 90.197597	 90.193371	 90.189366	 90.185573	  90.18198	  90.17858	 90.175363	 90.172321	 90.169445	 90.166727	 90.164159	 90.161735	 90.159447	 90.157289	 90.155253	 90.153334	 90.151526	 90.149823	  90.14822	 90.146711	 90.145292	 90.143957	 90.142702	 90.141524	 90.140417	 90.139378	 90.138402	 90.137488	  90.13663	 90.135827	 90.135074	  90.13437	  90.13371	 90.133093	 90.132516	 90.131977	 90.131474	 90.131004	 90.130566	 90.130157	 90.129776	 90.129421	 90.129091	 90.128784	 90.128499	 90.128234	 90.127988	 90.127761	  90.12755	 90.127355	 90.127176	  90.12701	 90.126858	 90.126719	 90.126591	 90.126475	 90.126369	 90.126274	 90.126188	 90.126111	 90.126043	 90.125984	 90.125932	 90.125889	 90.125853	 90.125824	 90.125803	 90.125789	 90.125782	
        99	 98.836846	 98.673758	 98.510803	 98.348047	 98.185556	 98.023396	 97.861632	 97.700328	 97.539549	 97.379358	 97.219818	 97.060992	  96.90294	 96.745722	 96.589399	 96.434028	 96.279666	  96.12637	 95.974193	 95.823189	 95.673411	 95.524908	  95.37773	 95.231924	 95.087537	 94.944613	 94.803194	 94.663322	 94.525036	 94.388374	 94.253372	 94.120064	 93.988482	 93.858656	 93.730617	 93.604389	 93.479999	  93.35747	 93.236823	 93.118077	 93.001249	 92.886357	 92.773413	 92.662431	 92.553419	 92.446387	 92.341342	 92.238289	 92.137231	  92.03817	 91.941106	 91.846037	 91.752961	 91.661872	 91.572765	 91.485631	 91.400463	 91.317249	 91.235978	 91.156636	  91.07921	 91.003683	  90.93004	 90.858263	 90.788332	 90.720229	 90.653931	 90.589418	 90.526668	 90.465656	 90.406359	 90.348752	  90.29281	 90.238506	 90.185815	 90.134709	  90.08516	 90.037141	 89.990624	 89.945579	 89.901979	 89.859793	 89.818992	 89.779548	  89.74143	 89.704609	 89.669055	 89.634739	 89.601631	 89.569702	 89.538921	 89.509261	 89.480691	 89.453183	 89.426708	 89.401237	 89.376743	 89.353198	 89.330574	 89.308844	 89.287981	 89.267958	 89.248751	 89.230332	 89.212677	 89.195761	 89.179559	 89.164048	 89.149205	 89.135006	 89.121429	 89.108452	 89.096054	 89.084213	 89.072909	 89.062122	 89.051833	 89.042022	 89.032672	 89.023764	 89.015281	 89.007206	 88.999522	 88.992213	 88.985264	  88.97866	 88.972386	 88.966429	 88.960774	 88.955408	 88.950319	 88.945494	 88.940922	 88.936591	 88.932489	 88.928607	 88.924935	 88.921461	 88.918177	 88.915074	 88.912143	 88.909375	 88.906763	 88.904299	 88.901975	 88.899784	  88.89772	 88.895776	 88.893945	 88.892223	 88.890602	 88.889078	 88.887646	   88.8863	 88.885036	  88.88385	 88.882737	 88.881692	 88.880713	 88.879796	 88.878937	 88.878132	 88.877379	 88.876675	 88.876016	 88.875401	 88.874826	  88.87429	 88.873789	 88.873323	 88.872888	 88.872483	 88.872106	 88.871755	 88.871429	 88.871127	 88.870847	 88.870587	 88.870346	 88.870124	 88.869919	  88.86973	 88.869557	 88.869397	 88.869252	 88.869119	 88.868998	 88.868889	 88.868791	 88.868703	 88.868626	 88.868558	 88.868499	 88.868449	 88.868408	 88.868376	 88.868352	 88.868335	 88.868327	
        99	 98.816662	   98.6334	 98.450286	 98.267396	 98.084804	 97.902583	 97.720807	 97.539549	  97.35888	 97.178872	 96.999596	 96.821122	 96.643518	 96.466851	  96.29119	 96.116598	 95.943141	  95.77088	 95.599878	 95.430194	 95.261887	 95.095013	 94.929628	 94.765785	 94.603536	 94.442931	 94.284018	 94.126843	  93.97145	 93.817882	 93.666179	 93.516379	 93.368519	 93.222634	 93.078755	 92.936912	 92.797134	 92.659447	 92.523875	 92.390439	 92.259159	 92.130054	 92.003138	 91.878426	 91.755929	 91.635657	 91.517617	 91.401815	 91.288256	  91.17694	 91.067868	 90.961039	 90.856448	 90.754091	  90.65396	 90.556048	 90.460344	 90.366835	  90.27551	 90.186353	 90.099349	 90.014479	 89.931726	 89.851069	 89.772488	 89.695959	  89.62146	 89.548967	 89.478453	 89.409894	 89.343261	 89.278528	 89.215666	 89.154644	 89.095435	 89.038006	 88.982328	 88.928369	 88.876097	  88.82548	 88.776485	 88.729081	 88.683233	 88.638909	 88.596076	   88.5547	 88.514748	 88.476187	 88.438983	 88.403104	 88.368516	 88.335186	 88.303081	  88.27217	  88.24242	 88.213799	 88.186275	 88.159817	 88.134394	 88.109976	 88.086532	 88.064032	 88.042448	 88.021751	 88.001912	 87.982903	 87.964697	 87.947268	 87.930588	 87.914633	 87.899376	 87.884794	 87.870862	 87.857556	 87.844854	 87.832732	  87.82117	 87.810146	  87.79964	  87.78963	 87.780097	 87.771023	 87.762388	 87.754175	 87.746367	 87.738946	 87.731896	 87.725201	 87.718847	 87.712817	 87.707099	 87.701677	 87.696539	 87.691672	 87.687063	 87.682701	 87.678574	 87.674671	 87.670981	 87.667494	   87.6642	  87.66109	 87.658155	 87.655386	 87.652774	 87.650312	 87.647993	 87.645808	 87.643751	 87.641815	 87.639994	 87.638282	 87.636672	  87.63516	  87.63374	 87.632407	 87.631156	 87.629982	 87.628882	 87.627851	 87.626886	 87.625982	 87.625136	 87.624344	 87.623604	 87.622913	 87.622267	 87.621664	 87.621102	 87.620577	 87.620088	 87.619633	  87.61921	 87.618816	  87.61845	  87.61811	 87.617795	 87.617503	 87.617233	 87.616983	 87.616753	  87.61654	 87.616345	 87.616166	 87.616003	 87.615853	 87.615718	 87.615595	 87.615485	 87.615387	 87.615299	 87.615223	 87.615157	 87.615101	 87.615055	 87.615018	 87.614991	 87.614973	 87.614964	
        99	 98.796553	 98.593189	  98.38999	  98.18704	  97.98442	 97.782212	 97.580498	 97.379358	 97.178872	  96.97912	  96.78018	  96.58213	 96.385045	 96.189001	 95.994072	  95.80033	 95.607846	 95.416691	 95.226933	 95.038637	 94.851869	 94.666691	 94.483166	 94.301352	 94.121306	 93.943085	 93.766741	 93.592326	 93.419889	 93.249477	 93.081134	 92.914904	 92.750826	 92.588939	 92.429278	 92.271877	 92.116768	 91.963978	 91.813536	 91.665464	 91.519785	 91.376518	 91.235682	  91.09729	 90.961357	 90.827893	 90.696906	 90.568402	 90.442386	 90.318861	 90.197826	 90.079278	 89.963216	 89.849631	 89.738518	 89.629866	 89.523664	   89.4199	 89.318557	 89.219621	 89.123074	 89.028895	 88.937065	 88.847561	  88.76036	 88.675438	 88.592767	 88.512322	 88.434075	 88.357995	 88.284054	  88.21222	 88.142463	 88.074748	 88.009044	 87.945317	 87.883532	 87.823654	 87.765648	 87.709479	 87.655111	 87.602507	  87.55163	 87.502444	 87.454913	 87.408999	 87.364665	 87.321874	 87.280589	 87.240774	 87.202392	 87.165407	 87.129781	 87.095479	 87.062466	 87.030705	 87.000162	 86.970802	 86.942591	 86.915494	 86.889479	 86.864512	  86.84056	 86.817593	 86.795578	 86.774484	 86.754281	  86.73494	 86.716431	 86.698725	 86.681795	 86.665613	 86.650153	 86.635388	 86.621292	 86.607841	 86.595011	 86.582778	 86.571119	 86.560011	 86.549433	 86.539363	 86.529781	 86.520668	 86.512003	 86.503768	 86.495945	 86.488516	 86.481464	 86.474773	 86.468427	 86.462411	  86.45671	 86.451309	 86.446194	 86.441354	 86.436774	 86.432443	 86.428348	 86.424478	 86.420823	 86.417372	 86.414115	 86.411042	 86.408144	 86.405413	 86.402839	 86.400414	 86.398131	 86.395983	 86.393963	 86.392062	 86.390276	 86.388598	 86.387022	 86.385543	 86.384155	 86.382853	 86.381632	 86.380488	 86.379416	 86.378413	 86.377474	 86.376596	 86.375775	 86.375008	 86.374291	 86.373622	 86.372998	 86.372416	 86.371873	 86.371368	 86.370898	 86.370461	 86.370055	 86.369678	 86.369328	 86.369004	 86.368704	 86.368427	 86.368172	 86.367936	  86.36772	 86.367521	 86.367339	 86.367174	 86.367023	 86.366887	 86.366765	 86.366656	 86.366559	 86.366474	 86.366401	 86.366339	 86.366288	 86.366247	 86.366217	 86.366197	 86.366187	
        99	 98.776525	 98.553141	 98.329939	  98.10701	 97.884444	  97.66233	 97.440759	 97.219818	 96.999596	  96.78018	 96.561656	 96.344109	 96.127623	  95.91228	 95.698161	 95.485347	 95.273915	 95.063942	 94.855503	 94.648671	 94.443517	 94.240111	 94.038519	 93.838806	 93.641037	 93.445271	 93.251568	 93.059983	  92.87057	 92.683382	 92.498468	 92.315873	 92.135643	 91.957819	 91.782441	 91.609546	 91.439167	 91.271337	 91.106084	 90.943435	 90.783415	 90.626045	 90.471345	  90.31933	 90.170015	 90.023412	  89.87953	 89.738377	 89.599956	  89.46427	  89.33132	 89.201103	 89.073614	 88.948849	 88.826797	 88.707449	 88.590793	 88.476813	 88.365494	 88.256819	 88.150767	 88.047317	 87.946447	 87.848133	 87.752347	 87.659065	 87.568256	 87.479892	 87.393941	 87.310372	 87.229152	 87.150247	 87.073622	 86.999242	  86.92707	 86.857069	 86.789202	 86.723429	 86.659714	 86.598015	 86.538295	 86.480512	 86.424627	 86.370599	 86.318389	 86.267955	 86.219256	 86.172253	 86.126904	  86.08317	  86.04101	 86.000383	  85.96125	 85.923572	 85.887308	 85.852421	 85.818872	 85.786621	 85.755633	 85.725869	 85.697292	 85.669867	 85.643558	 85.618329	 85.594147	 85.570977	 85.548785	  85.52754	 85.507209	  85.48776	 85.469164	 85.451389	 85.434406	 85.418187	 85.402704	  85.38793	 85.373836	 85.360399	 85.347592	  85.33539	 85.323771	  85.31271	 85.302185	 85.292174	 85.282656	 85.273611	 85.265017	 85.256857	 85.249111	 85.241762	 85.234791	 85.228183	  85.22192	 85.215987	  85.21037	 85.205053	 85.200022	 85.195264	 85.190766	 85.186516	 85.182501	  85.17871	 85.175132	 85.171757	 85.168574	 85.165573	 85.162746	 85.160083	 85.157575	 85.155216	 85.152996	 85.150909	 85.148947	 85.147104	 85.145372	 85.143747	 85.142223	 85.140792	 85.139451	 85.138195	 85.137018	 85.135916	 85.134885	  85.13392	 85.133018	 85.132175	 85.131388	 85.130653	 85.129967	 85.129328	 85.128732	 85.128178	 85.127661	 85.127181	 85.126735	 85.126321	 85.125937	 85.125581	 85.125251	 85.124947	 85.124666	 85.124407	  85.12417	 85.123952	 85.123752	  85.12357	 85.123405	 85.123255	 85.123121	 85.123001	 85.122895	 85.122802	 85.122721	 85.122653	 85.122597	 85.122552	 85.122519	 85.122497	 85.122486	
        99	 98.756587	 98.513273	 98.270157	 98.027338	 97.784915	 97.542984	 97.301644	 97.060992	 96.821122	  96.58213	 96.344109	 96.107153	 95.871352	 95.636796	 95.403574	 95.171773	 94.941477	  94.71277	 94.485735	 94.260449	 94.036992	 93.815437	 93.595859	 93.378329	 93.162915	 92.949683	 92.738697	 92.530019	 92.323708	 92.119819	 91.918406	 91.719521	 91.523211	 91.329522	 91.138497	 90.950175	 90.764596	 90.581791	 90.401795	 90.224635	 90.050338	 89.878928	 89.710425	 89.544847	 89.382211	 89.222528	 89.065809	 88.912062	 88.761291	   88.6135	 88.468688	 88.326853	  88.18799	 88.052093	 87.919152	 87.789156	 87.662091	 87.537943	 87.416692	 87.298321	 87.182807	 87.070128	 86.960258	 86.853172	 86.748841	 86.647235	 86.548325	 86.452077	 86.358458	 86.267433	 86.178967	 86.093022	  86.00956	 85.928544	 85.849933	 85.773686	 85.699764	 85.628123	 85.558723	  85.49152	 85.426471	 85.363533	 85.302662	 85.243814	 85.186945	 85.132011	 85.078968	 85.027771	 84.978377	 84.930741	 84.884819	 84.840567	 84.797943	 84.756903	 84.717404	 84.679405	 84.642862	 84.607734	 84.573981	 84.541561	 84.510435	 84.480563	 84.451907	 84.424427	 84.398087	  84.37285	 84.348679	 84.325538	 84.303393	 84.282209	 84.261953	 84.242592	 84.224095	 84.206429	 84.189564	 84.173471	 84.158121	 84.143485	 84.129535	 84.116245	 84.103589	 84.091541	 84.080077	 84.069173	 84.058806	 84.048953	 84.039593	 84.030705	 84.022268	 84.014263	  84.00667	 83.999472	 83.992651	 83.986189	  83.98007	 83.974278	 83.968799	 83.963616	 83.958717	 83.954088	 83.949715	 83.945586	 83.941689	 83.938012	 83.934545	 83.931277	 83.928197	 83.925296	 83.922565	 83.919995	 83.917577	 83.915304	 83.913167	 83.911159	 83.909274	 83.907504	 83.905843	 83.904285	 83.902824	 83.901456	 83.900174	 83.898973	  83.89785	 83.896799	 83.895817	 83.894899	 83.894041	 83.893241	 83.892494	 83.891798	 83.891149	 83.890545	 83.889982	 83.889459	 83.888973	 83.888522	 83.888104	 83.887716	 83.887357	 83.887026	  83.88672	 83.886438	 83.886179	 83.885941	 83.885724	 83.885526	 83.885346	 83.885183	 83.885037	 83.884906	 83.884791	 83.884689	 83.884602	 83.884527	 83.884466	 83.884418	 83.884381	 83.884357	 83.884345	
        99	 98.736746	 98.473599	 98.210666	 97.948055	 97.685871	  97.42422	 97.163208	  96.90294	 96.643518	 96.385045	 96.127623	 95.871352	  95.61633	 95.362655	 95.110423	 94.859727	  94.61066	 94.363311	 94.117769	  93.87412	 93.632448	 93.392834	 93.155358	 92.920096	 92.687123	 92.456511	 92.228327	  92.00264	 91.779511	 91.559003	 91.341173	 91.126076	 90.913764	 90.704287	 90.497692	  90.29402	 90.093313	 89.895608	  89.70094	  89.50934	 89.320835	 89.135453	 88.953215	 88.774141	 88.598248	 88.425549	 88.256056	 88.089776	 87.926716	 87.766878	 87.610262	 87.456866	 87.306684	  87.15971	 87.015932	  86.87534	 86.737918	  86.60365	 86.472516	 86.344496	 86.219567	 86.097703	 85.978878	 85.863062	 85.750227	  85.64034	 85.533367	 85.429273	 85.328023	 85.229579	 85.133902	 85.040951	 84.950687	 84.863067	 84.778048	 84.695586	 84.615638	 84.538158	 84.463101	  84.39042	 84.320069	    84.252	 84.186168	 84.122523	 84.061019	 84.001607	  83.94424	 83.888871	  83.83545	 83.783931	 83.734265	 83.686407	 83.640308	 83.595923	 83.553205	 83.512108	 83.472586	 83.434595	  83.39809	 83.363028	 83.329365	 83.297058	 83.266066	 83.236347	  83.20786	 83.180565	 83.154424	 83.129396	 83.105446	 83.082536	 83.060629	  83.03969	 83.019685	 83.000579	  82.98234	 82.964935	 82.948333	 82.932504	 82.917417	 82.903044	 82.889356	 82.876326	 82.863928	 82.852135	 82.840923	 82.830267	 82.820144	 82.810531	 82.801407	 82.792749	 82.784538	 82.776753	 82.769375	 82.762386	 82.755769	 82.749505	 82.743579	 82.737974	 82.732676	 82.727669	 82.722939	 82.718474	 82.714259	 82.710283	 82.706533	 82.702998	 82.699668	 82.696531	 82.693577	 82.690797	 82.688182	 82.685724	 82.683412	 82.681241	 82.679202	 82.677288	 82.675491	 82.673806	 82.672227	 82.670747	  82.66936	 82.668062	 82.666847	 82.665711	 82.664648	 82.663655	 82.662728	 82.661862	 82.661055	 82.660302	   82.6596	 82.658946	 82.658338	 82.657772	 82.657247	 82.656759	 82.656306	 82.655887	 82.655499	 82.655141	  82.65481	 82.654505	 82.654225	 82.653968	 82.653733	 82.653519	 82.653324	 82.653148	  82.65299	 82.652848	 82.652723	 82.652614	 82.652519	 82.652439	 82.652372	  82.65232	 82.652281	 82.652255	 82.652242	
        99	  98.71701	 98.434135	  98.15149	  97.86919	  97.58735	 97.306084	 97.025504	 96.745722	 96.466851	 96.189001	  95.91228	 95.636796	 95.362655	 95.089962	  94.81882	 94.549329	 94.281589	 94.015697	 93.751747	 93.489831	 93.230041	 92.972463	 92.717184	 92.464284	 92.213845	 91.965943	 91.720653	 91.478045	 91.238189	 91.001149	 90.766988	 90.535765	 90.307537	 90.082355	 89.860271	  89.64133	 89.425576	 89.213049	 89.003787	 88.797822	 88.595185	 88.395905	 88.200005	 88.007505	 87.818425	 87.632779	 87.450579	 87.271833	 87.096548	 86.924727	  86.75637	 86.591473	 86.430032	 86.272039	 86.117483	 85.966351	 85.818626	 85.674292	 85.533327	 85.395709	 85.261414	 85.130413	  85.00268	 84.878182	 84.756887	 84.638762	 84.523769	 84.411872	 84.303031	 84.197206	 84.094356	 83.994437	 83.897405	 83.803216	 83.711823	  83.62318	 83.537238	 83.453949	 83.373265	 83.295135	  83.21951	 83.146338	  83.07557	 83.007154	 82.941039	 82.877173	 82.815505	 82.755984	 82.698559	 82.643177	 82.589788	 82.538342	 82.488788	 82.441075	 82.395154	 82.350975	 82.308491	 82.267652	  82.22841	 82.190719	 82.154533	 82.119804	 82.086488	 82.054541	 82.023918	 81.994577	 81.966476	 81.939572	 81.913826	 81.889198	 81.865649	  81.84314	 81.821635	 81.801097	 81.781491	 81.762781	 81.744935	 81.727919	 81.711701	  81.69625	 81.681536	 81.667529	 81.654201	 81.641524	 81.629472	 81.618017	 81.607135	 81.596802	 81.586993	 81.577686	 81.568859	 81.560491	  81.55256	 81.545047	 81.537934	 81.531201	  81.52483	 81.518805	 81.513109	 81.507727	 81.502643	 81.497843	 81.493312	 81.489038	 81.485007	 81.481207	 81.477627	 81.474254	 81.471079	 81.468091	  81.46528	 81.462637	 81.460153	 81.457819	 81.455626	 81.453569	 81.451638	 81.449827	 81.448129	 81.446537	 81.445047	 81.443651	 81.442345	 81.441124	 81.439982	 81.438914	 81.437918	 81.436987	 81.436119	 81.435309	 81.434555	 81.433852	 81.433198	  81.43259	 81.432025	 81.431501	 81.431015	 81.430564	 81.430147	 81.429761	 81.429406	 81.429078	 81.428777	 81.428501	 81.428248	 81.428018	 81.427808	 81.427619	 81.427449	 81.427297	 81.427163	 81.427045	 81.426943	 81.426857	 81.426786	 81.426729	 81.426687	 81.426659	 81.426645	
        99	 98.697386	 98.394894	  98.09265	 97.790774	  97.48939	 97.188619	 96.888582	 96.589399	  96.29119	 95.994072	 95.698161	 95.403574	 95.110423	  94.81882	 94.528875	 94.240697	  93.95439	 93.670059	 93.387805	 93.107728	 92.829922	 92.554483	   92.2815	 92.011064	 91.743258	 91.478165	 91.215865	 90.956434	 90.699945	 90.446467	 90.196068	 89.948811	 89.704756	  89.46396	 89.226475	 88.992351	 88.761636	 88.534371	 88.310597	  88.09035	 87.873662	 87.660562	 87.451077	 87.245229	 87.043037	 86.844517	 86.649682	 86.458541	 86.271101	 86.087365	 85.907333	 85.731002	 85.558366	 85.389416	 85.224143	  85.06253	 84.904561	 84.750218	 84.599478	 84.452317	 84.308709	 84.168624	 84.032033	 83.898902	 83.769196	 83.642879	 83.519912	 83.400255	 83.283867	 83.170704	 83.060721	 82.953873	 82.850113	 82.749392	 82.651662	 82.556871	  82.46497	 82.375906	 82.289626	 82.206078	 82.125209	 82.046963	 81.971288	 81.898127	 81.827427	 81.759133	 81.693189	  81.62954	 81.568132	  81.50891	 81.451819	 81.396805	 81.343814	 81.292793	 81.243688	 81.196446	 81.151015	 81.107344	 81.065381	 81.025077	 80.986381	 80.949244	 80.913617	 80.879455	 80.846708	 80.815333	 80.785283	 80.756514	 80.728983	 80.702647	 80.677464	 80.653395	 80.630398	 80.608436	  80.58747	 80.567463	 80.548379	 80.530183	  80.51284	 80.496318	 80.480584	 80.465606	 80.451354	 80.437798	 80.424909	  80.41266	 80.401024	 80.389974	 80.379485	 80.369533	 80.360094	 80.351145	 80.342664	 80.334631	 80.327024	 80.319823	 80.313011	 80.306568	 80.300478	 80.294722	 80.289286	 80.284152	 80.279308	 80.274737	 80.270426	 80.266363	 80.262534	 80.258928	 80.255533	 80.252338	 80.249332	 80.246506	 80.243849	 80.241353	 80.239009	 80.236808	 80.234743	 80.232807	 80.230991	 80.229289	 80.227695	 80.226203	 80.224807	   80.2235	 80.222279	 80.221138	 80.220072	 80.219077	 80.218148	 80.217283	 80.216476	 80.215725	 80.215025	 80.214375	 80.213771	  80.21321	  80.21269	 80.212208	 80.211762	  80.21135	  80.21097	 80.210619	 80.210297	 80.210002	 80.209732	 80.209485	 80.209262	 80.209059	 80.208877	 80.208715	 80.208571	 80.208445	 80.208336	 80.208244	 80.208168	 80.208107	 80.208062	 80.208032	 80.208018	
        99	 98.677881	 98.355893	 98.034168	 97.712835	 97.392026	 97.071869	 96.752494	 96.434028	 96.116598	  95.80033	 95.485347	 95.171773	 94.859727	 94.549329	 94.240697	 93.933944	 93.629184	 93.326527	 93.026081	 92.727951	  92.43224	 92.139048	 91.848471	 91.560604	 91.275537	 90.993358	 90.714152	    90.438	 90.164979	 89.895164	 89.628626	 89.365433	 89.105647	 88.849331	 88.596539	 88.347326	  88.10174	 87.859827	  87.62163	 87.387187	 87.156533	 86.929698	 86.706711	 86.487595	 86.272372	 86.061057	 85.853664	 85.650204	 85.450682	 85.255104	 85.063468	 84.875771	 84.692008	  84.51217	 84.336244	 84.164214	 83.996064	 83.831773	 83.671317	 83.514671	 83.361807	 83.212694	 83.067299	 82.925587	 82.787521	 82.653062	  82.52217	 82.394801	 82.270911	 82.150454	 82.033383	 81.919648	   81.8092	 81.701988	 81.597958	 81.497058	 81.399233	 81.304428	 81.212588	 81.123655	 81.037573	 80.954285	 80.873731	 80.795856	 80.720599	 80.647902	 80.577708	 80.509957	 80.444591	 80.381552	 80.320782	 80.262222	 80.205816	 80.151506	 80.099235	 80.048949	  80.00059	 79.954104	 79.909437	 79.866534	 79.825344	 79.785813	 79.747891	 79.711526	  79.67667	 79.643272	 79.611285	 79.580662	 79.551356	 79.523323	 79.496517	 79.470896	 79.446418	  79.42304	 79.400722	 79.379426	 79.359112	 79.339743	 79.321283	 79.303695	 79.286947	 79.271004	 79.255833	 79.241403	 79.227684	 79.214645	 79.202259	 79.190497	 79.179332	 79.168738	 79.158691	 79.149165	 79.140138	 79.131587	 79.123489	 79.115825	 79.108574	 79.101716	 79.095233	 79.089106	 79.083319	 79.077855	 79.072698	 79.067833	 79.063244	 79.058919	 79.054844	 79.051005	 79.047391	  79.04399	  79.04079	 79.037782	 79.034954	 79.032297	 79.029802	 79.027459	 79.025261	   79.0232	 79.021267	 79.019456	 79.017759	 79.016171	 79.014684	 79.013294	 79.011994	 79.010779	 79.009644	 79.008585	 79.007597	 79.006675	 79.005816	 79.005017	 79.004272	  79.00358	 79.002937	  79.00234	 79.001787	 79.001274	 79.000799	  79.00036	 78.999955	 78.999582	  78.99924	 78.998925	 78.998638	 78.998375	 78.998137	 78.997922	 78.997728	 78.997555	 78.997402	 78.997268	 78.997152	 78.997054	 78.996973	 78.996909	 78.996861	 78.996829	 78.996813	
        99	 98.658503	 98.317146	 97.976066	 97.635403	 97.295295	 96.955878	  96.61729	 96.279666	 95.943141	 95.607846	 95.273915	 94.941477	  94.61066	 94.281589	  93.95439	 93.629184	 93.306091	 92.985227	 92.666707	 92.350642	 92.037142	 91.726312	 91.418255	  91.11307	 90.810855	 90.511701	 90.215698	 89.922933	 89.633488	 89.347442	  89.06487	 88.785844	  88.51043	 88.238694	 87.970695	  87.70649	  87.44613	 87.189665	 86.937139	 86.688592	 86.444062	 86.203582	 85.967181	 85.734884	 85.506712	 85.282685	 85.062816	 84.847117	 84.635593	 84.428249	 84.225084	 84.026097	 83.831279	 83.640622	 83.454112	 83.271734	 83.093469	 82.919294	 82.749186	 82.583117	 82.421057	 82.262973	 82.108831	 81.958594	 81.812223	 81.669676	 81.530909	 81.395878	 81.264535	 81.136832	 81.012718	 80.892141	 80.775049	 80.661387	 80.551099	 80.444129	  80.34042	 80.239912	 80.142546	 80.048264	 79.957003	 79.868704	 79.783305	 79.700744	  79.62096	 79.543891	 79.469474	 79.397647	 79.328349	 79.261518	 79.197091	 79.135009	 79.075209	 79.017632	 78.962218	 78.908906	 78.857638	 78.808355	 78.761001	 78.715518	  78.67185	 78.629941	 78.589737	 78.551185	 78.514231	 78.478824	 78.444913	 78.412448	 78.381379	 78.351659	 78.323241	 78.296079	 78.270128	 78.245344	 78.221684	 78.199106	  78.17757	 78.157036	 78.137465	  78.11882	 78.101064	 78.084162	 78.068078	  78.05278	 78.038236	 78.024413	 78.011282	 77.998812	 77.986975	 77.975744	 77.965092	 77.954994	 77.945423	 77.936358	 77.927773	 77.919648	  77.91196	  77.90469	 77.897817	 77.891322	 77.885187	 77.879394	 77.873926	 77.868768	 77.863904	 77.859319	 77.854998	 77.850929	 77.847097	 77.843491	 77.840099	  77.83691	 77.833912	 77.831095	  77.82845	 77.825966	 77.823636	 77.821451	 77.819402	 77.817481	 77.815683	 77.813999	 77.812423	 77.810949	  77.80957	 77.808282	 77.807079	 77.805957	 77.804909	 77.803932	 77.803021	 77.802174	 77.801385	 77.800651	 77.799969	 77.799336	 77.798749	 77.798205	 77.797702	 77.797237	 77.796808	 77.796413	 77.796049	 77.795716	 77.795411	 77.795133	  77.79488	 77.794652	 77.794447	 77.794263	 77.794101	 77.793959	 77.793836	 77.793732	 77.793646	 77.793578	 77.793527	 77.793493	 77.793476	
