Time step 88:
        99	        99	        99	        99	        99	        99	        99	        99	        99	        99	        99	        99	        99	        99	        99	        99	        99	        99	        99	        99	        99	        99	        99	        99	        99	        99	        99	        99	        99	        99	        99	        99	        99	        99	        99	        99	        99	        99	        99	        99	        99	        99	        99	        99	        99	        99	        99	        99	        99	        99	        99	        99	        99	        99	        99	        99	        99	        99	        99	        99	        99	        99	        99	        99	        99	        99	        99	        99	        99	        99	        99	        99	        99	        99	        99	        99	        99	        99	        99	        99	        99	        99	        99	        99	        99	        99	        99	        99	        99	        99	        99	        99	        99	        99	        99	        99	        99	        99	        99	        99	        99	        99	        99	        99	        99	        99	        99	        99	        99	        99	        99	        99	        99	        99	        99	        99	        99	        99	        99	        99	        99	        99	        99	        99	        99	        99	        99	        99	        99	        99	        99	        99	        99	        99	        99	        99	        99	        99	        99	        99	        99	        99	        99	        99	        99	        99	        99	        99	        99	        99	        99	        99	        99	        99	        99	        99	        99	        99	        99	        99	        99	        99	        99	        99	        99	        99	        99	        99	        99	        99	        99	        99	        99	        99	        99	        99	        99	        99	        99	        99	        99	        99	        99	        99	        99	        99	        99	        99	        99	        99	        99	        99	        99	        99	        99	        99	        99	        99	        99	        99	
        99	 98.992785	  98.98557	 98.978358	 98.971149	 98.963944	 98.956745	 98.949551	 98.942365	 98.935187	 98.928018	 98.920859	 98.913712	 98.906577	 98.899455	 98.892348	 98.885256	  98.87818	 98.871122	 98.864082	  98.85706	 98.850059	  98.84308	 98.836122	 98.829187	 98.822276	 98.815389	 98.808528	 98.801694	 98.794888	 98.788109	  98.78136	 98.774641	 98.767952	 98.761295	 98.754671	 98.748079	 98.741522	    98.735	 98.728513	 98.722062	 98.715648	 98.709272	 98.702934	 98.696635	 98.690376	 98.684157	  98.67798	 98.671843	 98.665749	 98.659698	  98.65369	 98.647726	 98.641806	 98.635932	 98.630102	 98.624319	 98.618582	 98.612892	 98.607249	 98.601653	 98.596106	 98.590607	 98.585157	 98.579756	 98.574405	 98.569104	 98.563852	 98.558651	 98.553501	 98.548401	 98.543353	 98.538356	 98.533411	 98.528517	 98.523675	 98.518886	 98.514148	 98.509463	  98.50483	 98.500249	 98.495722	 98.491246	 98.486824	 98.482454	 98.478137	 98.473872	  98.46966	 98.465501	 98.461394	  98.45734	 98.453338	 98.449389	 98.445492	 98.441647	 98.437854	 98.434113	 98.430424	 98.426786	   98.4232	 98.419665	 98.416181	 98.412748	 98.409365	 98.406033	 98.402751	 98.399519	 98.396336	 98.393203	 98.390119	 98.387084	 98.384097	 98.381159	 98.378269	 98.375426	  98.37263	 98.369882	  98.36718	 98.364525	 98.361915	 98.359352	 98.356833	  98.35436	 98.351931	 98.349546	 98.347205	 98.344908	 98.342654	 98.340442	 98.338273	 98.336146	  98.33406	 98.332016	 98.330012	 98.328049	 98.326126	 98.324242	 98.322398	 98.320593	 98.318826	 98.317097	 98.315406	 98.313752	 98.312135	 98.310555	 98.309011	 98.307503	  98.30603	 98.304592	 98.303189	  98.30182	 98.300485	 98.299183	 98.297915	  98.29668	 98.295477	 98.294306	 98.293167	  98.29206	 98.290984	 98.289938	 98.288923	 98.287939	 98.286984	 98.286058	 98.285163	 98.284296	 98.283457	 98.282648	 98.281866	 98.281112	 98.280386	 98.279687	 98.279016	 98.278371	 98.277753	 98.277162	 98.276597	 98.276057	 98.275544	 98.275057	 98.274594	 98.274158	 98.273746	  98.27336	 98.272998	 98.272661	 98.272348	 98.272061	 98.271797	 98.271558	 98.271343	 98.271152	 98.270985	 98.270842	 98.270723	 98.270628	 98.270556	 98.270509	 98.270485	
        99	  98.98557	 98.971143	  98.95672	 98.942303	 98.927894	 98.913495	 98.899109	 98.884738	 98.870383	 98.856046	  98.84173	 98.827436	 98.813168	 98.798925	 98.784712	 98.770529	 98.756378	 98.742262	 98.728183	 98.714141	  98.70014	 98.686182	 98.672267	 98.658398	 98.644577	 98.630805	 98.617084	 98.603417	 98.589805	 98.576249	 98.562751	 98.549314	 98.535937	 98.522625	 98.509377	 98.496195	 98.483081	 98.470037	 98.457064	 98.444164	 98.431337	 98.418586	 98.405911	 98.393314	 98.380797	  98.36836	 98.356006	 98.343734	 98.331547	 98.319445	  98.30743	 98.295503	 98.283664	 98.271916	 98.260258	 98.248692	 98.237218	 98.225839	 98.214554	 98.203364	  98.19227	 98.181273	 98.170374	 98.159573	 98.148871	 98.138269	 98.127767	 98.117366	 98.107066	 98.096868	 98.086772	 98.076779	 98.066889	 98.057102	 98.047419	  98.03784	 98.028366	 98.018996	 98.009731	 98.000571	 97.991516	 97.982566	 97.973721	 97.964982	 97.956348	  97.94782	 97.939397	 97.931079	 97.922866	 97.914758	 97.906755	 97.898857	 97.891064	 97.883374	 97.875789	 97.868308	  97.86093	 97.853655	 97.846483	 97.839413	 97.832445	  97.82558	 97.818815	 97.812151	 97.805587	 97.799123	 97.792759	 97.786493	 97.780326	 97.774256	 97.768283	 97.762407	 97.756626	 97.750941	 97.745351	 97.739854	 97.734451	 97.729141	 97.723922	 97.718795	 97.713759	 97.708812	 97.703955	 97.699185	 97.694504	  97.68991	 97.685402	 97.680979	 97.676641	 97.672387	 97.668216	 97.664127	  97.66012	 97.656194	 97.652348	 97.648582	 97.644893	 97.641283	 97.637749	 97.634292	  97.63091	 97.627603	 97.624369	 97.621209	 97.618121	 97.615105	 97.612159	 97.609283	 97.606477	 97.603739	  97.60107	 97.598467	 97.595931	  97.59346	 97.591055	 97.588713	 97.586436	 97.584221	 97.582069	 97.579978	 97.577949	 97.575979	  97.57407	 97.572219	 97.570428	 97.568694	 97.567017	 97.565398	 97.563835	 97.562327	 97.560875	 97.559478	 97.558135	 97.556846	  97.55561	 97.554427	 97.553297	 97.552219	 97.551192	 97.550217	 97.549293	  97.54842	 97.547596	 97.546823	   97.5461	 97.545426	 97.544801	 97.544226	 97.543699	  97.54322	  97.54279	 97.542408	 97.542074	 97.541789	  97.54155	  97.54136	 97.541217	 97.541122	 97.541075	
        99	 98.978358	  98.95672	 98.935087	 98.913464	 98.891854	 98.870259	 98.848682	 98.827127	 98.805597	 98.784095	 98.762623	 98.741186	 98.719785	 98.698424	 98.677106	 98.655834	 98.634611	  98.61344	 98.592323	 98.571263	 98.550264	 98.529329	 98.508459	 98.487658	 98.466929	 98.446274	 98.425695	 98.405197	 98.384781	 98.364449	 98.344205	 98.324051	 98.303989	 98.284023	 98.264153	 98.244383	 98.224715	 98.205151	 98.185694	 98.166345	 98.147107	 98.127983	 98.108973	  98.09008	 98.071307	 98.052654	 98.034124	 98.015719	  97.99744	  97.97929	 97.961269	 97.943381	 97.925625	 97.908004	 97.890519	 97.873172	 97.855964	 97.838897	 97.821971	 97.805188	  97.78855	 97.772057	  97.75571	 97.739511	  97.72346	 97.707558	 97.691807	 97.676207	 97.660759	 97.645464	 97.630322	 97.615334	   97.6005	 97.585822	 97.571299	 97.556933	 97.542723	  97.52867	 97.514774	 97.501035	 97.487454	 97.474031	 97.460766	 97.447659	  97.43471	 97.421918	 97.409285	  97.39681	 97.384492	 97.372332	 97.360329	 97.348483	 97.336794	 97.325262	 97.313885	 97.302664	 97.291599	 97.280688	 97.269931	 97.259328	 97.248878	  97.23858	 97.228434	  97.21844	 97.208595	 97.198901	 97.189355	 97.179957	 97.170707	 97.161604	 97.152645	 97.143832	 97.135163	 97.126636	 97.118251	 97.110008	 97.101904	 97.093939	 97.086113	 97.078423	 97.070869	  97.06345	 97.056164	 97.049012	  97.04199	   97.0351	 97.028338	 97.021705	 97.015199	 97.008818	 97.002563	  96.99643	 96.990421	 96.984532	 96.978764	 96.973115	 96.967583	 96.962168	 96.956868	 96.951683	 96.946611	  96.94165	 96.936801	 96.932061	 96.927429	 96.922905	 96.918487	 96.914175	 96.909966	  96.90586	 96.901855	 96.897952	 96.894148	 96.890443	 96.886835	 96.883323	 96.879907	 96.876586	 96.873358	 96.870222	 96.867178	 96.864224	  96.86136	 96.858585	 96.855898	 96.853298	 96.850783	 96.848354	  96.84601	 96.843749	 96.841571	 96.839476	 96.837461	 96.835528	 96.833674	   96.8319	 96.830205	 96.828588	 96.827048	 96.825586	   96.8242	  96.82289	 96.821655	 96.820496	 96.819411	   96.8184	 96.817463	   96.8166	 96.815809	 96.815092	 96.814447	 96.813874	 96.813373	 96.812944	 96.812587	 96.812302	 96.812088	 96.811945	 96.811874	
        99	 98.971149	 98.942303	 98.913464	 98.884638	 98.855829	  98.82704	 98.798277	 98.769542	  98.74084	 98.712175	 98.683551	 98.654972	 98.626443	 98.597966	 98.569547	 98.541189	 98.512896	 98.484672	 98.456521	 98.428447	 98.400453	 98.372543	 98.344722	 98.316992	 98.289357	 98.261822	 98.234389	 98.207062	 98.179845	 98.152741	 98.125753	 98.098886	 98.072141	 98.045523	 98.019035	 97.992679	  97.96646	 97.940379	  97.91444	 97.888646	    97.863	 97.837505	 97.812163	 97.786977	 97.761949	 97.737083	 97.712381	 97.687845	 97.663477	 97.639281	 97.615258	  97.59141	  97.56774	 97.544249	  97.52094	 97.497815	 97.474875	 97.452122	 97.429558	 97.407185	 97.385004	 97.363016	 97.341224	 97.319629	 97.298231	 97.277033	 97.256035	 97.235238	 97.214644	 97.194254	 97.174068	 97.154087	 97.134313	 97.114745	 97.095385	 97.076233	 97.057289	 97.038555	  97.02003	 97.001715	  96.98361	 96.965716	 96.948032	 96.930558	 96.913296	 96.896243	 96.879402	 96.862771	  96.84635	 96.830139	 96.814138	 96.798346	 96.782764	  96.76739	 96.752223	 96.737265	 96.722513	 96.707967	 96.693627	 96.679492	 96.665561	 96.651833	 96.638308	 96.624984	  96.61186	 96.598936	 96.586211	 96.573683	 96.561351	 96.549215	 96.537273	 96.525524	 96.513966	   96.5026	 96.491422	 96.480432	 96.469629	 96.459011	 96.448577	 96.438326	 96.428256	 96.418365	 96.408653	 96.399118	 96.389758	 96.380571	 96.371558	 96.362715	 96.354041	 96.345535	 96.337196	 96.329021	  96.32101	  96.31316	  96.30547	 96.297939	 96.290565	 96.283346	 96.276281	 96.269368	 96.262606	 96.255993	 96.249528	  96.24321	 96.237035	 96.231004	 96.225115	 96.219365	 96.213754	  96.20828	 96.202942	 96.197739	 96.192667	 96.187728	 96.182918	 96.178237	 96.173683	 96.169255	 96.164952	 96.160772	 96.156713	 96.152776	 96.148958	 96.145258	 96.141676	 96.138209	 96.134858	 96.131619	 96.128494	  96.12548	 96.122577	 96.119783	 96.117098	  96.11452	 96.112049	 96.109684	 96.107424	 96.105269	 96.103216	 96.101267	 96.099419	 96.097672	 96.096027	 96.094481	 96.093034	 96.091687	 96.090438	 96.089287	 96.088233	 96.087277	 96.086417	 96.085653	 96.084986	 96.084414	 96.083938	 96.083558	 96.083272	 96.083082	 96.082987	
        99	 98.963944	 98.927894	 98.891854	 98.855829	 98.819825	 98.783847	   98.7479	 98.711989	 98.676119	 98.640296	 98.604524	 98.568808	 98.533154	 98.497566	  98.46205	  98.42661	 98.391251	 98.355979	 98.320798	 98.285712	 98.250727	 98.215848	 98.181078	 98.146423	 98.111888	 98.077476	 98.043192	 98.009041	 97.975027	 97.941154	 97.907427	  97.87385	 97.840426	 97.807161	 97.774058	  97.74112	 97.708353	 97.675759	 97.643342	 97.611107	 97.579056	 97.547194	 97.515523	 97.484047	  97.45277	 97.421694	 97.390823	 97.360159	 97.329706	 97.299467	 97.269445	 97.239641	  97.21006	 97.180703	 97.151573	 97.122672	 97.094004	 97.065569	  97.03737	 97.009409	 96.981689	 96.954211	 96.926977	 96.899988	 96.873247	 96.846755	 96.820513	 96.794523	 96.768786	 96.743303	 96.718076	 96.693106	 96.668393	 96.643939	 96.619743	 96.595809	 96.572134	 96.548721	  96.52557	 96.502681	 96.480055	 96.457692	 96.435592	 96.413755	 96.392181	  96.37087	 96.349823	 96.329039	 96.308517	 96.288258	 96.268261	 96.248525	 96.229051	 96.209838	 96.190884	  96.17219	 96.153754	 96.135576	 96.117655	  96.09999	  96.08258	 96.065423	  96.04852	 96.031869	 96.015468	 95.999316	 95.983413	 95.967756	 95.952345	 95.937178	 95.922254	 95.907571	 95.893127	 95.878921	 95.864952	 95.851218	 95.837717	 95.824448	 95.811408	 95.798597	 95.786012	 95.773651	 95.761513	 95.749597	 95.737899	 95.726419	 95.715154	 95.704103	 95.693263	 95.682633	 95.672211	 95.661995	 95.651983	 95.642173	 95.632562	  95.62315	 95.613935	 95.604913	 95.596084	 95.587445	 95.578994	  95.57073	 95.562651	 95.554754	 95.547037	   95.5395	  95.53214	 95.524954	 95.517942	 95.511102	  95.50443	 95.497927	  95.49159	 95.485416	 95.479405	 95.473555	 95.467864	  95.46233	 95.456952	 95.451728	 95.446657	 95.441736	 95.436965	 95.432341	 95.427864	 95.423532	 95.419343	 95.415296	  95.41139	 95.407624	 95.403995	 95.400504	 95.397148	 95.393927	 95.390839	 95.387883	 95.385059	 95.382364	   95.3798	 95.377363	 95.375054	 95.372871	 95.370815	 95.368883	 95.367075	 95.365391	  95.36383	 95.362392	 95.361075	 95.359879	 95.358805	 95.357851	 95.357016	 95.356302	 95.355707	 95.355232	 95.354875	 95.354637	 95.354519	
        99	 98.956745	 98.913495	 98.870259	  98.82704	 98.783847	 98.740685	  98.69756	 98.654478	 98.611445	 98.568468	 98.525553	 98.482706	 98.439932	 98.397238	 98.354629	 98.312113	 98.269694	 98.227378	 98.185172	  98.14308	 98.101109	 98.059265	 98.017552	 97.975977	 97.934545	 97.893262	 97.852132	 97.811162	 97.770356	 97.729719	 97.689257	 97.648975	 97.608877	  97.56897	 97.529256	 97.489742	 97.450431	 97.411329	 97.372439	 97.333767	 97.295316	 97.257091	 97.219096	 97.181335	 97.143812	 97.106531	 97.069495	 97.032708	 96.996175	 96.959897	  96.92388	 96.888125	 96.852637	 96.817418	 96.782471	 96.747799	 96.713406	 96.679293	 96.645463	 96.611919	 96.578664	 96.545699	 96.513026	 96.480648	 96.448567	 96.416785	 96.385303	 96.354123	 96.323247	 96.292676	 96.262412	 96.232455	 96.202807	  96.17347	 96.144443	 96.115729	 96.087327	 96.059239	 96.031465	 96.004006	 95.976862	 95.950033	 95.923519	 95.897322	  95.87144	 95.845874	 95.820624	 95.795689	  95.77107	 95.746765	 95.722775	 95.699099	 95.675736	 95.652686	 95.629947	  95.60752	 95.585403	 95.563595	 95.542095	 95.520903	 95.500016	 95.479434	 95.459156	 95.439179	 95.419503	 95.400127	 95.381048	 95.362265	 95.343776	 95.325581	 95.307676	 95.290061	 95.272733	 95.255691	 95.238932	 95.222455	 95.206258	 95.190339	 95.174696	 95.159326	 95.144228	 95.129399	 95.114838	 95.100542	 95.086509	 95.072736	 95.059222	 95.045964	  95.03296	 95.020207	 95.007704	 94.995448	 94.983436	 94.971667	 94.960138	 94.948846	  94.93779	 94.926967	 94.916375	 94.906011	 94.895873	 94.885958	 94.876265	 94.866792	 94.857535	 94.848492	 94.839662	 94.831042	  94.82263	 94.814423	  94.80642	 94.798618	 94.791015	 94.783609	 94.776398	 94.769379	 94.762552	 94.755913	 94.749461	 94.743194	 94.737109	 94.731206	 94.725482	 94.719935	 94.714564	 94.709367	 94.704341	 94.699487	 94.694801	 94.690282	 94.685929	  94.68174	 94.677714	  94.67385	 94.670145	   94.6666	 94.663211	 94.659979	 94.656902	 94.653979	 94.651209	  94.64859	 94.646123	 94.643805	 94.641637	 94.639617	 94.637744	 94.636018	 94.634438	 94.633004	 94.631715	  94.63057	 94.629569	 94.628712	 94.627999	 94.627428	    94.627	 94.626715	 94.626573	
        99	 98.949551	 98.899109	 98.848682	 98.798277	   98.7479	  98.69756	 98.647262	 98.597016	 98.546827	 98.496703	 98.446651	 98.396677	  98.34679	 98.296996	 98.247302	 98.197714	 98.148241	 98.098888	 98.049662	 98.000571	  97.95162	 97.902817	 97.854167	 97.805678	 97.757356	 97.709207	 97.661237	 97.613453	 97.565861	 97.518466	 97.471275	 97.424294	 97.377528	 97.330983	 97.284665	 97.238579	 97.192731	 97.147126	 97.101769	 97.056665	  97.01182	 96.967238	 96.922924	 96.878884	  96.83512	 96.791639	 96.748444	  96.70554	  96.66293	  96.62062	 96.578612	 96.536912	 96.495521	 96.454445	 96.413687	 96.373249	 96.333136	  96.29335	 96.253894	 96.214772	 96.175986	 96.137538	 96.099432	  96.06167	 96.024254	 95.987186	 95.950468	 95.914103	 95.878092	 95.842437	 95.807139	 95.772201	 95.737623	 95.703406	 95.669552	 95.636063	 95.602938	 95.570179	 95.537786	  95.50576	 95.474101	  95.44281	 95.411888	 95.381333	 95.351148	  95.32133	 95.291881	 95.262799	 95.234085	 95.205739	 95.177759	 95.150145	 95.122897	 95.096013	 95.069494	 95.043337	 95.017541	 94.992107	 94.967032	 94.942315	 94.917954	  94.89395	 94.870299	    94.847	 94.824052	 94.801453	 94.779201	 94.757294	 94.735731	 94.714509	 94.693627	 94.673082	 94.652873	 94.632996	 94.613451	 94.594234	 94.575343	 94.556777	 94.538532	 94.520606	 94.502997	 94.485703	  94.46872	 94.452046	 94.435679	 94.419616	 94.403854	 94.388391	 94.373224	 94.358351	 94.343768	 94.329474	 94.315465	 94.301738	 94.288292	 94.275123	 94.262228	 94.249605	 94.237251	 94.225163	 94.213339	 94.201776	 94.190471	 94.179422	 94.168626	 94.158079	 94.147781	 94.137727	 94.127916	 94.118344	  94.10901	  94.09991	 94.091043	 94.082405	 94.073995	  94.06581	 94.057847	 94.050104	 94.042579	 94.035269	 94.028173	 94.021288	 94.014612	 94.008143	 94.001878	 93.995817	 93.989956	 93.984293	 93.978828	 93.973558	 93.968481	 93.963596	   93.9589	 93.954393	 93.950073	 93.945937	 93.941985	 93.938216	 93.934627	 93.931218	 93.927987	 93.924933	 93.922055	 93.919352	 93.916823	 93.914467	 93.912283	  93.91027	 93.908427	 93.906754	 93.905251	 93.903916	 93.902749	 93.901749	 93.900917	 93.900251	 93.899753	  93.89942	 93.899254	
        99	 98.942365	 98.884738	 98.827127	 98.769542	 98.711989	 98.654478	 98.597016	 98.539612	 98.482274	 98.425009	 98.367827	 98.310736	 98.253742	 98.196855	 98.140082	 98.083431	  98.02691	 97.970527	 97.914289	 97.858205	 97.802281	 97.746526	 97.690946	  97.63555	 97.580344	 97.525337	 97.470534	 97.415943	 97.361571	 97.307425	 97.253512	 97.199838	 97.146411	 97.093236	  97.04032	 96.987669	  96.93529	 96.883189	 96.831371	 96.779842	 96.728609	 96.677676	  96.62705	 96.576736	 96.526739	 96.477063	 96.427715	   96.3787	 96.330021	 96.281683	 96.233692	 96.186051	 96.138765	 96.091837	 96.045273	 95.999075	 95.953248	 95.907794	 95.862718	 95.818023	 95.773712	 95.729788	 95.686254	 95.643112	 95.600366	 95.558018	  95.51607	 95.474525	 95.433384	  95.39265	 95.352324	 95.312409	 95.272905	 95.233815	 95.195139	 95.156878	 95.119035	 95.081609	 95.044602	 95.008014	 94.971846	 94.936098	  94.90077	 94.865863	 94.831378	 94.797313	 94.763668	 94.730444	  94.69764	 94.665256	  94.63329	 94.601743	 94.570613	   94.5399	 94.509603	  94.47972	  94.45025	 94.421192	 94.392545	 94.364307	 94.336477	 94.309053	 94.282033	 94.255415	 94.229199	  94.20338	 94.177959	 94.152931	 94.128297	 94.104052	 94.080195	 94.056724	 94.033635	 94.010928	 93.988598	 93.966644	 93.945062	 93.923851	 93.903007	 93.882528	 93.862411	 93.842652	  93.82325	 93.804201	 93.785503	 93.767151	 93.749144	 93.731479	 93.714152	  93.69716	   93.6805	 93.664169	 93.648165	 93.632483	 93.617121	 93.602076	 93.587344	 93.572923	 93.558809	    93.545	 93.531491	 93.518281	 93.505366	 93.492743	 93.480408	  93.46836	 93.456594	 93.445108	   93.4339	 93.422965	 93.412301	 93.401905	 93.391774	 93.381906	 93.372298	 93.362947	 93.353849	 93.345003	 93.336406	 93.328056	 93.319949	 93.312083	 93.304456	 93.297065	 93.289908	 93.282983	 93.276287	 93.269819	 93.263575	 93.257554	 93.251754	 93.246173	 93.240808	 93.235659	 93.230723	 93.225999	 93.221484	 93.217177	 93.213077	 93.209182	 93.205491	 93.202002	 93.198714	 93.195626	 93.192737	 93.190045	  93.18755	  93.18525	 93.183145	 93.181234	 93.179517	 93.177991	 93.176658	 93.175516	 93.174565	 93.173805	 93.173235	 93.172855	 93.172665	
        99	 98.935187	 98.870383	 98.805597	  98.74084	 98.676119	 98.611445	 98.546827	 98.482274	 98.417794	 98.353398	 98.289095	 98.224892	 98.160801	 98.096829	 98.032985	 97.969278	 97.905718	 97.842313	 97.779071	 97.716002	 97.653113	 97.590414	 97.527913	 97.465617	 97.403536	 97.341677	 97.280049	 97.218659	 97.157516	 97.096627	 97.035999	 96.975641	 96.915559	 96.855762	 96.796255	 96.737047	 96.678145	 96.619554	 96.561283	 96.503337	 96.445723	 96.388447	 96.331516	 96.274935	 96.218711	 96.162849	 96.107355	 96.052235	 95.997493	 95.943135	 95.889167	 95.835593	 95.782418	 95.729646	 95.677282	  95.62533	 95.573795	 95.522681	 95.471991	  95.42173	   95.3719	 95.322505	 95.273549	 95.225035	 95.176965	 95.129343	  95.08217	 95.035451	 94.989186	 94.943379	 94.898031	 94.853145	 94.808721	 94.764762	 94.721269	 94.678244	 94.635687	   94.5936	 94.551984	 94.510839	 94.470167	 94.429966	 94.390239	 94.350985	 94.312204	 94.273897	 94.236062	   94.1987	 94.161811	 94.125393	 94.089447	  94.05397	 94.018964	 93.984426	 93.950355	  93.91675	  93.88361	 93.850933	 93.818718	 93.786964	 93.755667	 93.724828	 93.694443	  93.66451	 93.635028	 93.605994	 93.577406	 93.549262	 93.521559	 93.494295	 93.467467	 93.441073	 93.415109	 93.389573	 93.364462	 93.339774	 93.315504	 93.291651	 93.268212	 93.245182	 93.222559	  93.20034	 93.178521	   93.1571	 93.136073	 93.115436	 93.095186	 93.075321	 93.055835	 93.036727	 93.017993	 92.999628	  92.98163	 92.963995	  92.94672	 92.929801	 92.913235	 92.897018	 92.881146	 92.865617	 92.850426	 92.835571	 92.821047	 92.806852	 92.792981	 92.779432	 92.766201	 92.753285	  92.74068	 92.728383	 92.716391	 92.704701	 92.693308	 92.682211	 92.671406	  92.66089	  92.65066	 92.640712	 92.631045	 92.621654	 92.612537	 92.603692	 92.595115	 92.586804	 92.578756	 92.570968	 92.563438	 92.556164	 92.549142	 92.542372	 92.535849	 92.529573	 92.523541	  92.51775	 92.512199	 92.506886	 92.501809	 92.496966	 92.492356	 92.487976	 92.483825	 92.479901	 92.476204	 92.472731	 92.469482	 92.466455	 92.463649	 92.461063	 92.458696	 92.456547	 92.454615	   92.4529	 92.451401	 92.450117	 92.449047	 92.448192	 92.447551	 92.447124	 92.446911	
        99	 98.928018	 98.856046	 98.784095	 98.712175	 98.640296	 98.568468	 98.496703	 98.425009	 98.353398	  98.28188	 98.210463	  98.13916	 98.067979	 97.996931	 97.926026	 97.855273	 97.784683	 97.714265	 97.644028	 97.573983	 97.504138	 97.434504	 97.365089	 97.295904	 97.226956	 97.158255	 97.089811	 97.021631	 96.953724	   96.8861	 96.818767	 96.751732	 96.685005	 96.618594	 96.552506	 96.486749	 96.421331	  96.35626	 96.291544	 96.227188	 96.163202	 96.099591	 96.036363	 95.973524	 95.911081	  95.84904	 95.787408	 95.726191	 95.665395	 95.605025	 95.545087	 95.485587	  95.42653	 95.367922	 95.309766	 95.252068	 95.194833	 95.138065	 95.081769	 95.025948	 94.970607	 94.915749	 94.861378	 94.807497	 94.754111	 94.701221	 94.648831	 94.596944	 94.545562	 94.494689	 94.444325	 94.394473	 94.345136	 94.296315	 94.248012	 94.200227	 94.152964	 94.106222	 94.060003	 94.014307	 93.969135	 93.924489	 93.880367	 93.836772	 93.793701	 93.751157	 93.709137	 93.667643	 93.626673	 93.586228	 93.546305	 93.506905	 93.468026	 93.429668	 93.391829	 93.354507	 93.317701	 93.281411	 93.245632	 93.210365	 93.175608	 93.141357	 93.107611	 93.074367	 93.041625	 93.009379	  92.97763	 92.946373	 92.915606	 92.885326	  92.85553	 92.826216	 92.797381	  92.76902	 92.741132	 92.713713	 92.686759	 92.660268	 92.634236	 92.608659	 92.583534	 92.558857	 92.534625	 92.510834	 92.487481	 92.464562	 92.442073	  92.42001	 92.398369	 92.377148	 92.356341	 92.335945	 92.315956	 92.296371	 92.277185	 92.258395	 92.239996	 92.221985	 92.204358	 92.187111	  92.17024	 92.153742	 92.137612	 92.121846	 92.106441	 92.091394	 92.076699	 92.062354	 92.048355	 92.034698	  92.02138	 92.008396	 91.995744	  91.98342	  91.97142	  91.95974	 91.948378	 91.937331	 91.926594	 91.916164	 91.906039	 91.896216	  91.88669	 91.877459	 91.868521	 91.859872	 91.851509	  91.84343	 91.835632	 91.828113	 91.820869	 91.813898	 91.807199	 91.800768	 91.794603	 91.788702	 91.783064	 91.777685	 91.772565	   91.7677	  91.76309	 91.758733	 91.754627	  91.75077	 91.747161	 91.743799	 91.740683	 91.737811	 91.735182	 91.732795	  91.73065	 91.728745	  91.72708	 91.725654	 91.724466	 91.723517	 91.722805	  91.72233	 91.722093	
        99	 98.920859	  98.84173	 98.762623	 98.683551	 98.604524	 98.525553	 98.446651	 98.367827	 98.289095	 98.210463	 98.131945	 98.053551	 97.975291	 97.897178	 97.819221	 97.741432	 97.663821	   97.5864	 97.509178	 97.432167	 97.355377	 97.278818	   97.2025	 97.126434	 97.050629	 96.975096	 96.899845	 96.824885	 96.750225	 96.675876	 96.601846	 96.528145	 96.454782	 96.381766	 96.309106	  96.23681	 96.164886	 96.093344	 96.022191	 95.951436	 95.881086	 95.811149	 95.741633	 95.672545	 95.603892	 95.535682	  95.46792	 95.400615	 95.333773	 95.267399	 95.201501	 95.136084	 95.071154	 95.006716	 94.942777	 94.879342	 94.816415	 94.754001	 94.692106	 94.630734	 94.569889	 94.509575	 94.449797	 94.390559	 94.331863	 94.273713	 94.216113	 94.159066	 94.102575	 94.046642	 93.991269	  93.93646	 93.882216	  93.82854	 93.775433	 93.722897	 93.670933	 93.619542	 93.568727	 93.518487	 93.468823	 93.419736	 93.371227	 93.323296	 93.275942	 93.229166	 93.182968	 93.137347	 93.092303	 93.047835	 93.003943	 92.960624	 92.917879	 92.875706	 92.834104	  92.79307	 92.752605	 92.712705	 92.673369	 92.634594	  92.59638	 92.558723	 92.521621	 92.485072	 92.449072	 92.413621	 92.378713	 92.344348	 92.310521	  92.27723	 92.244471	 92.212242	 92.180539	 92.149358	 92.118697	  92.08855	 92.058916	 92.029791	 92.001169	 91.973049	 91.945425	 91.918294	 91.891653	 91.865496	  91.83982	 91.814622	 91.789896	 91.765639	 91.741846	 91.718514	 91.695638	 91.673214	 91.651238	 91.629704	 91.608611	 91.587952	 91.567723	 91.547921	 91.528541	 91.509579	  91.49103	 91.472891	 91.455157	 91.437823	 91.420887	 91.404342	 91.388187	 91.372415	 91.357024	 91.342009	 91.327366	 91.313091	 91.299181	 91.285631	 91.272437	 91.259596	 91.247104	 91.234958	 91.223153	 91.211687	 91.200555	 91.189754	 91.179281	 91.169133	 91.159305	 91.149796	 91.140602	 91.131719	 91.123146	 91.114879	 91.106914	 91.099251	 91.091885	 91.084814	 91.078036	 91.071549	  91.06535	 91.059436	 91.053806	 91.048458	  91.04339	 91.038599	 91.034084	 91.029844	 91.025877	  91.02218	 91.018754	 91.015596	 91.012706	 91.010082	 91.007723	 91.005629	 91.003798	  91.00223	 91.000924	  90.99988	 90.999098	 90.998576	 90.998316	
        99	 98.913712	 98.827436	 98.741186	 98.654972	 98.568808	 98.482706	 98.396677	 98.310736	 98.224892	  98.13916	 98.053551	 97.968076	 97.882749	 97.797581	 97.712584	  97.62777	  97.54315	 97.458737	 97.374542	 97.290576	  97.20685	 97.123377	 97.040167	 96.957231	 96.874581	 96.792226	 96.710179	 96.628449	 96.547047	 96.465983	 96.385268	 96.304911	 96.224923	 96.145312	  96.06609	 95.987265	 95.908846	 95.830843	 95.753264	 95.676119	 95.599416	 95.523163	 95.447368	 95.372041	 95.297188	 95.222817	 95.148937	 95.075553	 95.002674	 94.930307	 94.858457	 94.787132	 94.716338	 94.646081	 94.576368	 94.507203	 94.438593	 94.370543	 94.303058	 94.236144	 94.169804	 94.104043	 94.038867	 93.974278	 93.910281	  93.84688	 93.784078	 93.721879	 93.660286	 93.599302	 93.538929	  93.47917	 93.420027	 93.361503	   93.3036	 93.246319	 93.189662	 93.133631	 93.078226	 93.023449	   92.9693	  92.91578	  92.86289	  92.81063	    92.759	    92.708	  92.65763	 92.607889	 92.558777	 92.510293	 92.462436	 92.415206	   92.3686	 92.322618	 92.277259	  92.23252	   92.1884	 92.144896	 92.102008	 92.059732	 92.018066	 91.977008	 91.936556	 91.896706	 91.857455	 91.818802	 91.780742	 91.743273	 91.706391	 91.670094	 91.634377	 91.599237	  91.56467	 91.530674	 91.497243	 91.464374	 91.432064	 91.400308	 91.369102	 91.338442	 91.308323	 91.278742	 91.249695	 91.221176	 91.193181	 91.165707	 91.138748	 91.112301	 91.086359	  91.06092	 91.035978	 91.011529	 90.987568	  90.96409	 90.941091	 90.918566	 90.896511	 90.874921	  90.85379	 90.833116	 90.812892	 90.793114	 90.773779	  90.75488	 90.736414	 90.718375	  90.70076	 90.683565	 90.666783	 90.650412	 90.634447	 90.618883	 90.603716	 90.588943	 90.574557	 90.560557	 90.546937	 90.533694	 90.520823	 90.508321	 90.496183	 90.484407	 90.472989	 90.461924	 90.451209	 90.440841	 90.430816	 90.421132	 90.411784	  90.40277	 90.394086	 90.385731	 90.377699	  90.36999	   90.3626	 90.355527	 90.348768	  90.34232	 90.336182	 90.330351	 90.324825	 90.319601	 90.314679	 90.310056	  90.30573	   90.3017	 90.297964	 90.294521	  90.29137	 90.288509	 90.285937	 90.283654	 90.281658	 90.279948	 90.278524	 90.277386	 90.276533	 90.275964	  90.27568	
        99	 98.906577	 98.813168	 98.719785	 98.626443	 98.533154	 98.439932	  98.34679	 98.253742	 98.160801	 98.067979	 97.975291	 97.882749	 97.790367	 97.698156	 97.606131	 97.514304	 97.422687	 97.331294	 97.240137	 97.149228	 97.058579	 96.968204	 96.878113	  96.78832	 96.698835	 96.609671	 96.520839	 96.432351	 96.344218	 96.256452	 96.169062	 96.082061	 95.995459	 95.909266	 95.823492	 95.738149	 95.653246	 95.568793	   95.4848	 95.401276	  95.31823	 95.235672	  95.15361	 95.072054	 94.991012	 94.910492	 94.830502	 94.751051	 94.672146	 94.593794	 94.516003	 94.438781	 94.362133	 94.286067	 94.210589	 94.135705	 94.061422	 93.987745	  93.91468	 93.842232	 93.770407	 93.699209	 93.628643	 93.558714	 93.489425	 93.420782	 93.352787	 93.285445	 93.218759	 93.152732	 93.087366	 93.022666	 92.958633	  92.89527	 92.832579	 92.770562	  92.70922	 92.648556	 92.588569	 92.529263	 92.470637	 92.412692	 92.355428	 92.298847	 92.242948	  92.18773	 92.133195	 92.079341	 92.026168	 91.973675	 91.921862	 91.870726	 91.820267	 91.770483	 91.721373	 91.672934	 91.625166	 91.578065	  91.53163	 91.485859	 91.440748	 91.396295	 91.352497	 91.309352	 91.266856	 91.225007	   91.1838	 91.143233	 91.103301	 91.064002	 91.025332	 90.987286	 90.949862	 90.913054	 90.876859	 90.841273	 90.806291	 90.771909	 90.738122	 90.704927	 90.672318	 90.640291	 90.608842	 90.577965	 90.547655	 90.517909	 90.488721	 90.460087	    90.432	 90.404458	 90.377453	 90.350982	  90.32504	 90.299621	  90.27472	 90.250333	 90.226454	 90.203078	 90.180201	 90.157817	 90.135921	 90.114508	 90.093573	 90.073112	 90.053119	 90.033589	 90.014517	   89.9959	 89.977731	 89.960006	 89.942721	  89.92587	 89.909449	 89.893454	 89.877879	 89.862721	 89.847975	 89.833636	 89.819701	 89.806165	 89.793025	 89.780275	 89.767912	 89.755932	 89.744331	 89.733106	 89.722252	 89.711767	 89.701646	 89.691887	 89.682485	 89.673438	 89.664743	 89.656397	 89.648396	 89.640738	 89.633419	 89.626439	 89.619793	  89.61348	 89.607496	 89.601841	 89.596512	 89.591506	 89.586823	  89.58246	 89.578415	 89.574687	 89.571276	 89.568178	 89.565394	 89.562921	  89.56076	 89.558909	 89.557368	 89.556135	 89.555212	 89.554596	 89.554288	
        99	 98.899455	 98.798925	 98.698424	 98.597966	 98.497566	 98.397238	 98.296996	 98.196855	 98.096829	 97.996931	 97.897178	 97.797581	 97.698156	 97.598917	 97.499876	 97.401049	 97.302449	 97.204089	 97.105982	 97.008143	 96.910585	  96.81332	 96.716362	 96.619723	 96.523417	 96.427456	 96.331853	  96.23662	 96.141768	 96.047311	  95.95326	 95.859626	 95.766422	 95.673659	 95.581347	 95.489498	 95.398123	 95.307232	 95.216836	 95.126945	 95.037568	 94.948717	   94.8604	 94.772627	 94.685407	 94.598749	 94.512661	 94.427153	 94.342233	 94.257909	 94.174188	 94.091079	 94.008588	 93.926724	 93.845492	   93.7649	 93.684954	 93.605661	 93.527026	 93.449056	 93.371755	  93.29513	 93.219184	 93.143924	 93.069354	 92.995478	   92.9223	 92.849824	 92.778055	 92.706994	 92.636646	 92.567014	   92.4981	 92.429907	 92.362437	 92.295692	 92.229674	 92.164385	 92.099826	 92.035998	 91.972903	 91.910541	 91.848912	 91.788018	 91.727857	 91.668431	 91.609738	 91.551779	 91.494553	 91.438059	 91.382295	 91.327261	 91.272955	 91.219377	 91.166523	 91.114392	 91.062982	 91.012291	 90.962316	 90.913056	 90.864506	 90.816664	 90.769528	 90.723094	 90.677359	 90.632319	 90.587971	 90.544311	 90.501336	 90.459041	 90.417423	 90.376477	   90.3362	 90.296586	 90.257632	 90.219333	 90.181684	 90.144681	 90.108319	 90.072593	 90.037499	  90.00303	 89.969183	 89.935953	 89.903333	 89.871319	 89.839906	 89.809089	 89.778862	 89.749219	 89.720156	 89.691668	 89.663747	 89.636391	 89.609592	 89.583346	 89.557646	 89.532489	 89.507868	 89.483777	 89.460212	 89.437167	 89.414636	 89.392615	 89.371098	 89.350079	 89.329554	 89.309517	 89.289963	 89.270887	 89.252284	 89.234149	 89.216476	 89.199261	   89.1825	 89.166186	 89.150316	 89.134884	 89.119887	 89.105319	 89.091177	 89.077455	 89.064149	 89.051256	 89.038771	  89.02669	 89.015009	 89.003725	 88.992832	 88.982329	 88.972211	 88.962475	 88.953117	 88.944134	 88.935523	 88.927281	 88.919405	 88.911892	  88.90474	 88.897945	 88.891506	 88.885419	 88.879684	 88.874297	 88.869256	  88.86456	 88.860207	 88.856196	 88.852524	  88.84919	 88.846193	 88.843533	 88.841207	 88.839215	 88.837556	 88.836229	 88.835235	 88.834573	 88.834241	
        99	 98.892348	 98.784712	 98.677106	 98.569547	  98.46205	 98.354629	 98.247302	 98.140082	 98.032985	 97.926026	 97.819221	 97.712584	 97.606131	 97.499876	 97.393835	 97.288022	 97.182452	 97.077138	 96.972097	 96.867342	 96.762887	 96.658747	 96.554935	 96.451465	 96.348352	 96.245607	 96.143246	 96.041281	 95.939724	  95.83859	 95.737891	 95.637639	 95.537846	 95.438525	 95.339688	 95.241347	 95.143512	 95.046196	  94.94941	 94.853165	 94.757471	 94.662338	 94.567778	 94.473801	 94.380415	 94.287631	 94.195459	 94.103906	 94.012983	 93.922698	 93.833059	 93.744075	 93.655753	 93.568102	 93.481128	 93.394839	 93.309242	 93.224344	 93.140151	 93.056668	 92.973904	 92.891862	 92.810548	 92.729968	 92.650126	 92.571028	 92.492677	 92.415078	 92.338235	 92.262152	 92.186831	 92.112277	 92.038491	 91.965477	 91.893238	 91.821775	 91.751091	 91.681186	 91.612064	 91.543724	 91.476169	 91.409399	 91.343414	 91.278214	 91.213801	 91.150174	 91.087333	 91.025277	 90.964005	 90.903517	 90.843812	 90.784888	 90.726743	 90.669377	 90.612787	 90.556971	 90.501927	 90.447653	 90.394146	 90.341403	 90.289421	 90.238198	 90.187729	 90.138013	 90.089045	 90.040821	 89.993338	 89.946592	 89.900579	 89.855295	 89.810734	 89.766894	  89.72377	 89.681356	 89.639648	 89.598642	 89.558332	 89.518713	 89.479781	 89.441529	 89.403954	 89.367049	  89.33081	  89.29523	 89.260304	 89.226028	 89.192394	 89.159398	 89.127034	 89.095297	 89.064179	 89.033677	 89.003783	 88.974492	 88.945799	 88.917698	 88.890182	 88.863246	 88.836884	 88.811091	  88.78586	 88.761185	 88.737062	 88.713484	 88.690446	 88.667942	 88.645966	 88.624513	 88.603576	 88.583152	 88.563234	 88.543817	 88.524895	 88.506463	 88.488516	  88.47105	 88.454058	 88.437535	 88.421478	  88.40588	 88.390738	 88.376046	   88.3618	 88.347996	 88.334628	 88.321693	 88.309186	 88.297104	 88.285442	 88.274196	 88.263363	 88.252938	 88.242919	 88.233301	 88.224081	 88.215257	 88.206824	  88.19878	 88.191122	 88.183847	 88.176953	 88.170436	 88.164295	 88.158527	  88.15313	 88.148103	 88.143442	 88.139147	 88.135215	 88.131646	 88.128437	 88.125588	 88.123098	 88.120965	 88.119189	 88.117769	 88.116704	 88.115995	  88.11564	
        99	 98.885256	 98.770529	 98.655834	 98.541189	  98.42661	 98.312113	 98.197714	 98.083431	 97.969278	 97.855273	 97.741432	  97.62777	 97.514304	 97.401049	 97.288022	 97.175238	 97.062713	 96.950461	   96.8385	 96.726844	 96.615508	 96.504507	 96.393856	 96.283569	 96.173663	  96.06415	 95.955045	 95.846362	 95.738115	 95.630318	 95.522985	 95.416128	 95.309761	 95.203897	 95.098549	 94.993729	 94.889449	 94.785722	  94.68256	 94.579974	 94.477975	 94.376576	 94.275786	 94.175617	 94.076079	 93.977183	 93.878938	 93.781354	 93.684441	 93.588208	 93.492664	 93.397818	 93.303678	 93.210252	 93.117548	 93.025575	 92.934339	 92.843847	 92.754107	 92.665125	 92.576908	 92.489461	  92.40279	 92.316902	   92.2318	 92.147491	 92.063979	 91.981268	 91.899362	 91.818266	 91.737984	 91.658517	 91.579871	 91.502047	 91.425049	 91.348878	 91.273537	 91.199027	 91.125351	 91.052509	 90.980503	 90.909334	 90.839002	 90.769508	 90.700851	 90.633032	 90.566051	 90.499907	 90.434598	 90.370126	 90.306487	 90.243681	 90.181706	  90.12056	 90.060242	 90.000749	 89.942079	 89.884229	 89.827197	 89.770979	 89.715573	 89.660975	 89.607182	  89.55419	 89.501996	 89.450595	 89.399984	 89.350159	 89.301114	 89.252847	 89.205351	 89.158623	 89.112657	 89.067449	 89.022994	 88.979286	  88.93632	 88.894091	 88.852594	 88.811823	 88.771772	 88.732436	 88.693809	 88.655885	 88.618659	 88.582124	 88.546275	 88.511105	 88.476609	  88.44278	 88.409613	 88.377101	 88.345238	 88.314018	 88.283434	 88.253481	 88.224153	 88.195442	 88.167344	 88.139851	 88.112958	 88.086658	 88.060946	 88.035815	 88.011259	 87.987272	 87.963848	 87.940982	 87.918666	 87.896896	 87.875666	 87.854969	 87.834801	 87.815155	 87.796026	 87.777408	 87.759297	 87.741686	 87.724571	 87.707946	 87.691806	 87.676146	 87.660962	 87.646248	    87.632	 87.618212	 87.604882	 87.592004	 87.579573	 87.567586	 87.556039	 87.544928	 87.534248	 87.523997	  87.51417	 87.504764	 87.495776	 87.487202	 87.479039	 87.471285	 87.463937	 87.456991	 87.450445	 87.444297	 87.438545	 87.433186	 87.428218	  87.42364	 87.419449	 87.415645	 87.412225	 87.409188	 87.406534	 87.404261	 87.402368	 87.400854	 87.399719	 87.398963	 87.398585	
        99	  98.87818	 98.756378	 98.634611	 98.512896	 98.391251	 98.269694	 98.148241	  98.02691	 97.905718	 97.784683	 97.663821	  97.54315	 97.422687	 97.302449	 97.182452	 97.062713	 96.943248	 96.824075	  96.70521	 96.586668	 96.468466	  96.35062	 96.233146	 96.116059	 95.999374	 95.883108	 95.767275	  95.65189	 95.536969	 95.422524	 95.308572	 95.195126	   95.0822	 94.969808	 94.857963	 94.746679	 94.635969	 94.525846	 94.416322	 94.307409	 94.199121	 94.091469	 93.984464	 93.878118	 93.772442	 93.667447	 93.563144	 93.459543	 93.356653	 93.254486	  93.15305	 93.052355	 92.952409	 92.853222	 92.754802	 92.657157	 92.560295	 92.464223	 92.368949	  92.27448	 92.180823	 92.087984	 91.995969	 91.904784	 91.814434	 91.724926	 91.636264	 91.548452	 91.461496	 91.375399	 91.290166	 91.205799	 91.122303	  91.03968	 90.957934	 90.877066	 90.797079	 90.717974	 90.639755	 90.562421	 90.485975	 90.410417	 90.335748	 90.261968	 90.189078	 90.117077	 90.045965	 89.975742	 89.906406	 89.837958	 89.770395	 89.703716	 89.637919	 89.573003	 89.508965	 89.445804	 89.383516	 89.322098	 89.261549	 89.201865	 89.143042	 89.085077	 89.027967	 88.971707	 88.916294	 88.861724	 88.807992	 88.755094	 88.703025	 88.651781	 88.601357	 88.551747	 88.502947	 88.454951	 88.407754	 88.361351	 88.315736	 88.270903	 88.226847	 88.183561	 88.141041	 88.099279	  88.05827	 88.018008	 87.978486	 87.939698	 87.901638	   87.8643	 87.827676	 87.791762	 87.756549	 87.722032	 87.688204	 87.655059	 87.622589	 87.590789	 87.559652	 87.529171	  87.49934	 87.470152	   87.4416	 87.413679	 87.386381	   87.3597	  87.33363	 87.308164	 87.283295	 87.259019	 87.235327	 87.212215	 87.189675	 87.167703	  87.14629	 87.125433	 87.105124	 87.085359	 87.066131	 87.047434	 87.029263	 87.011613	 86.994478	 86.977852	 86.961731	  86.94611	 86.930983	 86.916346	 86.902193	 86.888521	 86.875324	 86.862598	 86.850339	 86.838542	 86.827204	 86.816321	 86.805888	 86.795902	 86.786359	 86.777256	 86.768591	 86.760358	 86.752556	 86.745182	 86.738233	 86.731706	 86.725599	  86.71991	 86.714636	 86.709775	 86.705326	 86.701287	 86.697656	 86.694432	 86.691614	 86.689201	 86.687191	 86.685584	 86.684379	 86.683576	 86.683175	
