Time step 41:
        99	        99	        99	        99	        99	        99	        99	        99	        99	        99	        99	        99	        99	        99	        99	        99	        99	        99	        99	        99	        99	        99	        99	        99	        99	        99	        99	        99	        99	        99	        99	        99	        99	        99	        99	        99	        99	        99	        99	        99	        99	        99	        99	        99	        99	        99	        99	        99	        99	        99	        99	        99	        99	        99	        99	        99	        99	        99	        99	        99	        99	        99	        99	        99	        99	        99	        99	        99	        99	        99	        99	        99	        99	        99	        99	        99	        99	        99	        99	        99	        99	        99	        99	        99	        99	        99	        99	        99	        99	        99	        99	        99	        99	        99	        99	        99	        99	        99	        99	        99	        99	        99	        99	        99	        99	        99	        99	        99	        99	        99	        99	        99	        99	        99	        99	        99	        99	        99	        99	        99	        99	        99	        99	        99	        99	        99	        99	        99	        99	        99	        99	        99	        99	        99	        99	        99	        99	        99	        99	        99	        99	        99	        99	        99	        99	        99	        99	        99	        99	        99	        99	        99	        99	        99	        99	        99	        99	        99	        99	        99	        99	        99	        99	        99	        99	        99	        99	        99	        99	        99	        99	        99	        99	        99	        99	        99	        99	        99	        99	        99	        99	        99	        99	        99	        99	        99	        99	        99	        99	        99	        99	        99	        99	        99	        99	        99	        99	        99	        99	        99	
        99	 98.984513	 98.969032	  98.95356	 98.938102	 98.922663	 98.907248	 98.891861	 98.876507	 98.861192	 98.845918	 98.830692	 98.815517	 98.800398	  98.78534	 98.770346	 98.755421	  98.74057	 98.725796	 98.711104	 98.696498	 98.681981	 98.667558	 98.653232	 98.639008	 98.624888	 98.610877	 98.596977	 98.583192	 98.569526	 98.555981	 98.542561	 98.529268	 98.516106	 98.503077	 98.490183	 98.477428	 98.464813	 98.452341	 98.440015	 98.427835	 98.415805	 98.403925	 98.392199	 98.380626	 98.369209	  98.35795	 98.346849	 98.335907	 98.325126	 98.314506	 98.304049	 98.293754	 98.283623	 98.273656	 98.263854	 98.254216	 98.244743	 98.235435	 98.226291	 98.217312	 98.208498	 98.199847	  98.19136	 98.183037	 98.174875	 98.166876	 98.159037	 98.151359	 98.143839	 98.136478	 98.129273	 98.122225	 98.115331	  98.10859	 98.102001	 98.095563	 98.089273	 98.083131	 98.077135	 98.071283	 98.065573	 98.060004	 98.054574	  98.04928	 98.044122	 98.039097	 98.034204	  98.02944	 98.024803	 98.020292	 98.015903	 98.011637	 98.007489	 98.003458	 97.999543	  97.99574	 97.992048	 97.988465	 97.984988	 97.981616	 97.978346	 97.975176	 97.972104	 97.969128	 97.966245	 97.963455	 97.960754	 97.958141	 97.955613	 97.953168	 97.950805	 97.948521	 97.946315	 97.944184	 97.942127	 97.940141	 97.938225	 97.936377	 97.934595	 97.932877	 97.931221	 97.929626	 97.928089	  97.92661	 97.925186	 97.923816	 97.922498	 97.921231	 97.920013	 97.918842	 97.917717	 97.916636	 97.915599	 97.914603	 97.913648	 97.912731	 97.911852	  97.91101	 97.910203	 97.909429	 97.908688	 97.907979	   97.9073	  97.90665	 97.906029	 97.905435	 97.904867	 97.904324	 97.903806	 97.903311	 97.902838	 97.902388	 97.901957	 97.901547	 97.901156	 97.900784	 97.900429	 97.900091	 97.899769	 97.899463	 97.899172	 97.898895	 97.898632	 97.898383	 97.898146	 97.897921	 97.897708	 97.897506	 97.897314	 97.897133	 97.896962	   97.8968	 97.896647	 97.896503	 97.896367	 97.896239	 97.896118	 97.896005	 97.895899	   97.8958	 97.895707	 97.895621	  97.89554	 97.895466	 97.895396	 97.895333	 97.895274	 97.895221	 97.895173	 97.895129	 97.895091	 97.895056	 97.895027	 97.895001	  97.89498	 97.894963	 97.894951	 97.894943	 97.894938	
        99	 98.969032	 98.938073	 98.907133	 98.876222	 98.845349	 98.814524	 98.783755	 98.753053	 98.722426	 98.691884	 98.661436	 98.631091	 98.600858	 98.570745	 98.540762	 98.510918	  98.48122	 98.451677	 98.422297	 98.393089	  98.36406	 98.335219	 98.306572	 98.278127	 98.249892	 98.221873	 98.194078	 98.166513	 98.139184	 98.112099	 98.085263	 98.058681	 98.032361	 98.006306	 97.980523	 97.955016	 97.929791	 97.904851	 97.880202	 97.855846	 97.831789	 97.808034	 97.784584	 97.761443	 97.738613	 97.716097	 97.693898	 97.672018	 97.650459	 97.629223	 97.608311	 97.587726	 97.567467	 97.547536	 97.527934	 97.508661	 97.489718	 97.471104	  97.45282	 97.434865	 97.417239	 97.399941	  97.38297	 97.366325	 97.350005	 97.334008	 97.318333	 97.302979	 97.287942	 97.273222	 97.258815	  97.24472	 97.230934	 97.217455	 97.204279	 97.191404	 97.178827	 97.166545	 97.154554	 97.142852	 97.131434	 97.120297	 97.109438	 97.098853	 97.088539	 97.078491	 97.068705	 97.059178	 97.049906	 97.040885	  97.03211	 97.023577	 97.015283	 97.007223	 96.999394	 96.991789	 96.984407	 96.977241	 96.970289	 96.963545	 96.957006	 96.950667	 96.944524	 96.938573	 96.932809	 96.927229	 96.921828	 96.916602	 96.911547	 96.906659	 96.901933	 96.897367	 96.892955	 96.888694	  96.88458	 96.880609	 96.876778	 96.873082	 96.869518	 96.866082	 96.862771	 96.859581	 96.856509	 96.853551	 96.850704	 96.847964	 96.845328	 96.842794	 96.840358	 96.838016	 96.835767	 96.833606	 96.831532	 96.829541	  96.82763	 96.825797	  96.82404	 96.822355	 96.820741	 96.819194	 96.817712	 96.816294	 96.814936	 96.813637	 96.812395	 96.811207	 96.810071	 96.808986	  96.80795	  96.80696	 96.806015	 96.805113	 96.804253	 96.803433	 96.802651	 96.801906	 96.801196	  96.80052	 96.799877	 96.799265	 96.798683	  96.79813	 96.797604	 96.797105	 96.796631	 96.796181	 96.795755	 96.795351	 96.794968	 96.794606	 96.794263	 96.793939	 96.793634	 96.793345	 96.793073	 96.792817	 96.792577	  96.79235	 96.792138	  96.79194	 96.791754	 96.791581	  96.79142	 96.791271	 96.791133	 96.791006	 96.790889	 96.790783	 96.790686	 96.790599	 96.790521	 96.790453	 96.790393	 96.790343	 96.790301	 96.790267	 96.790242	 96.790225	 96.790217	
        99	  98.95356	 98.907133	 98.860736	 98.814381	 98.768083	 98.721857	 98.675716	 98.629674	 98.583746	 98.537945	 98.492284	 98.446778	  98.40144	 98.356283	  98.31132	 98.266565	 98.222029	 98.177726	 98.133668	 98.089867	 98.046335	 98.003084	 97.960124	 97.917468	 97.875126	 97.833109	 97.791427	  97.75009	 97.709108	  97.66849	 97.628246	 97.588384	 97.548913	 97.509842	 97.471177	 97.432927	 97.395098	 97.357698	 97.320733	  97.28421	 97.248134	  97.21251	 97.177344	 97.142641	 97.108405	  97.07464	  97.04135	 97.008538	 96.976208	 96.944362	 96.913003	 96.882132	 96.851752	 96.821863	 96.792468	 96.763566	 96.735158	 96.707245	 96.679826	   96.6529	 96.626468	 96.600527	 96.575077	 96.550116	 96.525642	 96.501653	 96.478147	 96.455121	 96.432572	 96.410497	 96.388893	 96.367756	 96.347082	 96.326868	  96.30711	 96.287803	 96.268942	 96.250523	 96.232541	 96.214992	  96.19787	 96.181169	 96.164885	 96.149012	 96.133544	 96.118475	 96.103801	 96.089514	  96.07561	 96.062081	 96.048922	 96.036127	 96.023689	 96.011602	  95.99986	 95.988457	 95.977386	  95.96664	 95.956214	 95.946101	 95.936295	 95.926789	 95.917577	 95.908652	 95.900009	 95.891641	 95.883541	 95.875704	 95.868124	 95.860793	 95.853707	 95.846859	 95.840243	 95.833853	 95.827684	 95.821729	 95.815984	 95.810441	 95.805097	 95.799945	 95.794979	 95.790196	 95.785588	 95.781152	 95.776882	 95.772774	 95.768822	 95.765021	 95.761368	 95.757856	 95.754483	 95.751243	 95.748132	 95.745146	 95.742281	 95.739533	 95.736897	 95.734371	  95.73195	  95.72963	 95.727408	 95.725281	 95.723245	 95.721297	 95.719434	 95.717653	  95.71595	 95.714322	 95.712768	 95.711284	 95.709866	 95.708514	 95.707224	 95.705994	 95.704822	 95.703704	  95.70264	 95.701627	 95.700662	 95.699744	 95.698871	 95.698042	 95.697253	 95.696505	 95.695794	  95.69512	  95.69448	 95.693874	 95.693301	 95.692757	 95.692244	 95.691758	   95.6913	 95.690867	 95.690459	 95.690075	 95.689714	 95.689375	 95.689057	  95.68876	 95.688481	 95.688222	 95.687981	 95.687757	  95.68755	 95.687359	 95.687184	 95.687024	 95.686879	 95.686749	 95.686632	  95.68653	  95.68644	 95.686364	 95.686301	 95.686251	 95.686214	 95.686189	 95.686176	
        99	 98.938102	 98.876222	 98.814381	 98.752597	 98.690889	 98.629276	 98.567776	  98.50641	 98.445194	 98.384147	 98.323288	 98.262636	 98.202206	 98.142019	  98.08209	 98.022437	 97.963078	 97.904029	 97.845306	 97.786925	 97.728903	 97.671256	 97.613997	 97.557143	 97.500707	 97.444704	 97.389148	 97.334052	 97.279428	 97.225291	 97.171651	 97.118521	 97.065913	 97.013836	 96.962301	 96.911319	 96.860899	 96.811051	 96.761782	 96.713101	 96.665017	 96.617536	 96.570665	  96.52441	 96.478779	 96.433775	 96.389404	 96.345671	  96.30258	 96.260133	 96.218336	  96.17719	 96.136697	 96.096861	 96.057681	 96.019159	 95.981295	 95.944091	 95.907545	 95.871657	 95.836427	 95.801852	  95.76793	 95.734661	 95.702041	 95.670067	 95.638737	 95.608046	 95.577992	 95.548569	 95.519774	 95.491601	 95.464046	 95.437104	 95.410769	 95.385035	 95.359897	 95.335347	  95.31138	 95.287989	 95.265168	 95.242908	 95.221204	 95.200047	  95.17943	 95.159347	 95.139788	 95.120746	 95.102213	 95.084181	 95.066642	 95.049588	  95.03301	   95.0169	  95.00125	 94.986051	 94.971294	 94.956972	 94.943076	 94.929597	 94.916527	 94.903856	 94.891578	 94.879683	 94.868163	 94.857009	 94.846214	 94.835768	 94.825665	 94.815894	 94.806449	 94.797322	 94.788504	 94.779987	 94.771764	 94.763828	 94.756169	 94.748782	 94.741659	 94.734791	 94.728173	 94.721797	 94.715657	 94.709744	 94.704053	 94.698577	 94.693309	 94.688244	 94.683374	 94.678694	 94.674198	 94.669879	 94.665733	 94.661753	 94.657934	 94.654271	 94.650759	 94.647391	 94.644164	 94.641072	 94.638111	 94.635276	 94.632563	 94.629966	 94.627483	 94.625108	 94.622839	  94.62067	 94.618598	 94.616619	  94.61473	 94.612928	 94.611209	 94.609569	 94.608006	 94.606517	 94.605099	 94.603748	 94.602462	 94.601239	 94.600076	  94.59897	 94.597919	 94.596921	 94.595974	 94.595075	 94.594223	 94.593415	  94.59265	 94.591926	 94.591242	 94.590595	 94.589983	 94.589407	 94.588863	 94.588352	  94.58787	 94.587419	 94.586995	 94.586598	 94.586227	 94.585881	  94.58556	 94.585261	 94.584985	 94.584731	 94.584498	 94.584285	 94.584092	 94.583918	 94.583763	 94.583626	 94.583507	 94.583405	 94.583321	 94.583255	 94.583205	 94.583171	 94.583155	
        99	 98.922663	 98.845349	 98.768083	 98.690889	 98.613789	 98.536809	  98.45997	 98.383297	 98.306812	 98.230539	 98.154501	  98.07872	 98.003218	 97.928018	 97.853142	 97.778611	 97.704446	 97.630668	 97.557298	 97.484356	 97.411862	 97.339836	 97.268296	 97.197261	 97.126748	 97.056777	 96.987364	 96.918525	 96.850278	 96.782637	 96.715619	 96.649237	 96.583506	  96.51844	 96.454052	 96.390354	 96.327358	 96.265076	 96.203518	 96.142696	 96.082618	 96.023294	 95.964732	 95.906941	 95.849928	 95.793699	 95.738261	  95.68362	  95.62978	 95.576747	 95.524525	 95.473116	 95.422523	  95.37275	 95.323798	 95.275668	 95.228361	 95.181877	 95.136215	 95.091376	 95.047358	 95.004159	 94.961777	  94.92021	 94.879453	 94.839505	  94.80036	 94.762014	 94.724463	 94.687702	 94.651725	 94.616525	 94.582098	 94.548436	 94.515532	 94.483379	  94.45197	 94.421298	 94.391353	 94.362128	 94.333614	 94.305802	 94.278684	 94.252251	 94.226492	 94.201399	 94.176961	  94.15317	 94.130015	 94.107485	 94.085572	 94.064264	 94.043551	 94.023423	 94.003869	 93.984879	 93.966442	 93.948548	 93.931185	 93.914344	 93.898014	 93.882183	 93.866843	 93.851981	 93.837587	 93.823652	 93.810164	 93.797113	 93.784489	 93.772281	 93.760481	 93.749076	 93.738059	 93.727418	 93.717144	 93.707228	  93.69766	  93.68843	  93.67953	  93.67095	 93.662681	 93.654715	 93.647042	 93.639655	 93.632544	 93.625702	 93.619121	 93.612792	 93.606707	  93.60086	 93.595242	 93.589847	 93.584666	 93.579694	 93.574923	 93.570346	 93.565957	  93.56175	 93.557718	 93.553855	 93.550155	 93.546613	 93.543223	 93.539979	 93.536876	 93.533909	 93.531073	 93.528363	 93.525774	 93.523302	 93.520943	 93.518691	 93.516543	 93.514494	 93.512542	 93.510681	 93.508908	 93.507221	 93.505614	 93.504086	 93.502633	 93.501251	 93.499938	 93.498691	 93.497508	 93.496385	  93.49532	 93.494311	 93.493355	 93.492451	 93.491595	 93.490787	 93.490023	 93.489303	 93.488624	 93.487984	 93.487383	 93.486819	 93.486289	 93.485793	  93.48533	 93.484898	 93.484496	 93.484123	 93.483778	 93.483461	 93.483169	 93.482903	 93.482662	 93.482444	 93.482251	  93.48208	 93.481931	 93.481805	   93.4817	 93.481616	 93.481554	 93.481512	 93.481491	
        99	 98.907248	 98.814524	 98.721857	 98.629276	 98.536809	 98.444484	 98.352329	 98.260373	 98.168644	 98.077168	 97.985973	 97.895087	 97.804536	 97.714347	 97.624546	 97.535159	 97.446211	 97.357728	 97.269734	 97.182253	 97.095309	 97.008926	 96.923126	 96.837932	 96.753365	 96.669447	 96.586198	 96.503639	 96.421788	 96.340665	 96.260288	 96.180675	 96.101842	 96.023807	 95.946584	  95.87019	 95.794638	 95.719941	 95.646114	 95.573168	 95.501115	 95.429967	 95.359732	 95.290422	 95.222044	 95.154608	  95.08812	 95.022587	 94.958017	 94.894413	 94.831781	 94.770125	 94.709448	 94.649754	 94.591045	 94.533321	 94.476584	 94.420835	 94.366072	 94.312296	 94.259504	 94.207695	 94.156865	 94.107012	 94.058132	  94.01022	 93.963273	 93.917284	 93.872249	  93.82816	 93.785011	 93.742796	 93.701506	 93.661134	 93.621672	 93.583111	 93.545441	 93.508655	 93.472741	 93.437691	 93.403494	 93.370139	 93.337615	 93.305913	  93.27502	 93.244925	 93.215616	 93.187083	 93.159312	 93.132292	 93.106011	 93.080456	 93.055614	 93.031474	 93.008023	 92.985248	 92.963136	 92.941675	 92.920851	 92.900654	 92.881068	 92.862082	 92.843684	  92.82586	 92.808597	 92.791884	 92.775707	 92.760055	 92.744915	 92.730274	 92.716121	 92.702444	  92.68923	 92.676469	 92.664147	 92.652254	 92.640779	 92.629709	 92.619035	 92.608745	 92.598828	 92.589274	 92.580072	 92.571212	 92.562684	 92.554479	 92.546585	 92.538995	 92.531698	 92.524685	 92.517947	 92.511476	 92.505263	   92.4993	 92.493578	 92.488088	 92.482825	 92.477779	 92.472943	  92.46831	 92.463873	 92.459625	 92.455559	 92.451668	 92.447947	 92.444389	 92.440988	 92.437737	 92.434633	 92.431668	 92.428838	 92.426137	 92.423561	 92.421104	 92.418762	 92.416531	 92.414405	 92.412381	 92.410454	 92.408621	 92.406878	 92.405221	 92.403647	 92.402151	 92.400732	 92.399385	 92.398108	 92.396898	 92.395752	 92.394667	 92.393641	 92.392671	 92.391755	 92.390891	 92.390077	  92.38931	 92.388589	 92.387912	 92.387277	 92.386682	 92.386127	 92.385609	 92.385127	  92.38468	 92.384266	 92.383885	 92.383535	 92.383216	 92.382927	 92.382666	 92.382434	 92.382229	  92.38205	 92.381899	 92.381773	 92.381673	 92.381598	 92.381548	 92.381523	
        99	 98.891861	 98.783755	 98.675716	 98.567776	  98.45997	 98.352329	 98.244887	 98.137677	  98.03073	 97.924079	 97.817756	 97.711793	 97.606221	  97.50107	 97.396372	 97.292157	 97.188453	 97.085292	   96.9827	 96.880707	 96.779341	 96.678628	 96.578594	 96.479267	 96.380672	 96.282832	 96.185773	 96.089518	 95.994089	 95.899509	 95.805798	 95.712978	 95.621068	 95.530087	 95.440054	 95.350986	 95.262901	 95.175813	 95.089739	 95.004692	 94.920686	 94.837735	 94.755849	 94.675041	  94.59532	 94.516697	 94.439179	 94.362775	 94.287493	 94.213338	 94.140316	 94.068432	  93.99769	 93.928093	 93.859644	 93.792345	 93.726196	 93.661198	 93.597351	 93.534654	 93.473104	   93.4127	 93.353438	 93.295315	 93.238326	 93.182467	 93.127731	 93.074114	 93.021607	 92.970204	 92.919898	 92.870679	  92.82254	 92.775471	 92.729462	 92.684504	 92.640586	 92.597697	 92.555826	 92.514961	  92.47509	 92.436202	 92.398284	 92.361322	 92.325304	 92.290217	 92.256046	 92.222779	 92.190402	 92.158899	 92.128258	 92.098464	 92.069501	 92.041357	 92.014015	 91.987462	 91.961682	  91.93666	 91.912383	 91.888834	    91.866	 91.843865	 91.822414	 91.801633	 91.781507	 91.762021	 91.743161	 91.724912	  91.70726	 91.690191	  91.67369	 91.657744	 91.642338	 91.627459	 91.613094	 91.599228	 91.585849	 91.572943	 91.560498	 91.548501	 91.536939	   91.5258	 91.515071	 91.504742	 91.494799	 91.485232	  91.47603	  91.46718	 91.458672	 91.450496	 91.442641	 91.435097	 91.427853	   91.4209	 91.414229	 91.407829	 91.401692	 91.395809	 91.390171	 91.384769	 91.379596	 91.374643	 91.369903	 91.365367	 91.361028	  91.35688	 91.352914	 91.349125	 91.345506	 91.342049	 91.338749	 91.335601	 91.332597	 91.329733	 91.327002	   91.3244	 91.321922	 91.319562	 91.317316	 91.315179	 91.313147	 91.311215	 91.309379	 91.307636	 91.305981	 91.304411	 91.302922	 91.301511	 91.300175	  91.29891	 91.297713	 91.296583	 91.295515	 91.294508	 91.293558	 91.292665	 91.291824	 91.291034	 91.290294	 91.289601	 91.288953	 91.288349	 91.287787	 91.287265	 91.286783	 91.286339	 91.285931	 91.285559	 91.285222	 91.284918	 91.284647	 91.284408	   91.2842	 91.284023	 91.283877	  91.28376	 91.283672	 91.283614	 91.283585	
        99	 98.876507	 98.753053	 98.629674	  98.50641	 98.383297	 98.260373	 98.137677	 98.015244	 97.893113	  97.77132	 97.649902	 97.528894	 97.408333	 97.288253	  97.16869	 97.049678	 96.931251	 96.813442	 96.696285	 96.579811	 96.464052	  96.34904	 96.234804	 96.121375	 96.008781	  95.89705	 95.786211	 95.676289	 95.567311	 95.459302	 95.352286	 95.246288	 95.141328	  95.03743	 94.934614	 94.832901	 94.732309	 94.632857	 94.534561	  94.43744	 94.341507	 94.246778	 94.153266	 94.060985	 93.969946	 93.880159	 93.791636	 93.704384	 93.618413	  93.53373	  93.45034	  93.36825	 93.287464	 93.207986	 93.129818	 93.052964	 92.977424	 92.903197	 92.830285	 92.758686	 92.688398	 92.619418	 92.551742	 92.485366	 92.420286	 92.356496	 92.293989	 92.232759	 92.172797	 92.114097	 92.056648	 92.000441	 91.945467	 91.891715	 91.839174	 91.787833	 91.737679	 91.688701	 91.640885	 91.594218	 91.548686	 91.504277	 91.460975	 91.418765	 91.377634	 91.337565	 91.298543	 91.260553	 91.223578	 91.187603	 91.152611	 91.118586	 91.085512	 91.053371	 91.022148	 90.991824	 90.962384	  90.93381	 90.906086	 90.879194	 90.853118	  90.82784	 90.803343	 90.779612	 90.756628	 90.734376	 90.712838	 90.691998	  90.67184	 90.652347	 90.633504	 90.615294	 90.597701	 90.580709	 90.564304	  90.54847	 90.533191	 90.518453	 90.504241	  90.49054	 90.477337	 90.464616	 90.452364	 90.440568	 90.429214	 90.418289	  90.40778	 90.397673	 90.387958	 90.378621	 90.369651	 90.361035	 90.352763	 90.344823	 90.337204	 90.329896	 90.322887	 90.316169	 90.309731	 90.303562	 90.297655	 90.291998	 90.286585	 90.281405	  90.27645	 90.271713	 90.267185	 90.262857	 90.258724	 90.254776	 90.251008	 90.247412	 90.243982	 90.240711	 90.237593	 90.234622	 90.231792	 90.229097	 90.226532	 90.224091	 90.221771	 90.219564	 90.217468	 90.215477	 90.213587	 90.211794	 90.210094	 90.208483	 90.206957	 90.205512	 90.204146	 90.202855	 90.201636	 90.200485	 90.199401	  90.19838	  90.19742	 90.196519	 90.195673	 90.194882	 90.194142	 90.193452	  90.19281	 90.192215	 90.191664	 90.191157	 90.190691	 90.190266	 90.189881	 90.189534	 90.189224	 90.188951	 90.188714	 90.188512	 90.188345	 90.188211	 90.188111	 90.188045	 90.188012	
        99	 98.861192	 98.722426	 98.583746	 98.445194	 98.306812	 98.168644	  98.03073	 97.893113	 97.755836	 97.618938	 97.482461	 97.346445	 97.210932	 97.075959	 96.941568	 96.807796	 96.674681	 96.542262	 96.410574	 96.279655	  96.14954	 96.020264	  95.89186	 95.764363	 95.637805	 95.512217	 95.387631	 95.264077	 95.141583	 95.020179	 94.899891	 94.780746	 94.662769	 94.545986	 94.430419	  94.31609	 94.203023	 94.091236	  93.98075	 93.871583	 93.763753	 93.657275	 93.552166	  93.44844	  93.34611	 93.245188	 93.145686	 93.047613	  92.95098	 92.855794	 92.762062	 92.669791	 92.578986	 92.489651	 92.401789	 92.315403	 92.230494	 92.147062	 92.065107	 91.984628	 91.905623	 91.828087	 91.752018	 91.677411	 91.604259	 91.532558	 91.462299	 91.393474	 91.326076	 91.260095	 91.195522	 91.132344	 91.070552	 91.010134	 90.951077	 90.893368	 90.836994	 90.781941	 90.728195	  90.67574	 90.624562	 90.574645	 90.525972	 90.478528	 90.432295	 90.387257	 90.343395	 90.300693	 90.259133	 90.218696	 90.179365	 90.141121	 90.103944	 90.067817	 90.032721	 89.998637	 89.965546	 89.933428	 89.902265	 89.872038	 89.842728	 89.814315	  89.78678	 89.760105	 89.734271	 89.709259	  89.68505	 89.661626	 89.638968	 89.617058	 89.595877	 89.575408	 89.555633	 89.536535	 89.518095	 89.500297	 89.483123	 89.466558	 89.450583	 89.435183	 89.420342	 89.406044	 89.392273	 89.379013	 89.366251	 89.353971	 89.342158	 89.330799	 89.319878	 89.309383	   89.2993	 89.289616	 89.280318	 89.271393	  89.26283	 89.254615	 89.246738	 89.239186	 89.231949	 89.225016	 89.218375	 89.212018	 89.205933	  89.20011	 89.194541	 89.189216	 89.184126	 89.179262	 89.174616	 89.170179	 89.165944	 89.161902	 89.158047	  89.15437	 89.150865	 89.147525	 89.144344	 89.141315	 89.138432	 89.135689	  89.13308	   89.1306	 89.128244	 89.126006	 89.123882	 89.121866	 89.119955	 89.118144	 89.116429	 89.114805	  89.11327	 89.111818	 89.110448	 89.109155	 89.107936	 89.106789	  89.10571	 89.104696	 89.103746	 89.102856	 89.102025	 89.101249	 89.100528	 89.099859	  89.09924	 89.098669	 89.098146	 89.097669	 89.097236	 89.096845	 89.096498	 89.096191	 89.095924	 89.095697	 89.095509	 89.095358	 89.095246	 89.095172	 89.095135	
        99	 98.845918	 98.691884	 98.537945	 98.384147	 98.230539	 98.077168	 97.924079	  97.77132	 97.618938	 97.466977	 97.315483	 97.164501	 97.014077	 96.864253	 96.715074	 96.566583	 96.418822	 96.271832	 96.125655	  95.98033	 95.835898	 95.692397	 95.549865	 95.408339	 95.267856	 95.128449	 94.990155	 94.853006	 94.717034	 94.582271	 94.448748	 94.316493	 94.185535	 94.055902	 93.927618	  93.80071	 93.675202	 93.551115	 93.428472	 93.307293	 93.187598	 93.069405	  92.95273	 92.837591	 92.724001	 92.611974	 92.501524	  92.39266	 92.285394	 92.179734	 92.075689	 91.973265	 91.872469	 91.773304	 91.675774	 91.579883	 91.485631	 91.393019	 91.302047	 91.212713	 91.125014	 91.038947	 90.954508	 90.871692	 90.790491	   90.7109	  90.63291	 90.556513	 90.481699	 90.408458	 90.336779	  90.26665	 90.198059	 90.130993	 90.065437	 90.001379	 89.938802	 89.877691	 89.818031	 89.759805	 89.702996	 89.647586	 89.593558	 89.540893	 89.489573	 89.439579	 89.390892	 89.343491	 89.297358	 89.252472	 89.208813	  89.16636	 89.125093	 89.084991	 89.046034	 89.008199	 88.971467	 88.935815	 88.901223	  88.86767	 88.835135	 88.803595	 88.773031	 88.743421	 88.714744	  88.68698	 88.660107	 88.634106	 88.608954	 88.584633	 88.561122	 88.538401	 88.516451	 88.495251	 88.474782	 88.455025	 88.435962	 88.417574	 88.399841	 88.382747	 88.366273	 88.350401	 88.335115	 88.320397	  88.30623	 88.292599	 88.279486	 88.266877	 88.254755	 88.243105	 88.231913	 88.221163	 88.210842	 88.200935	 88.191429	 88.182311	 88.173566	 88.165184	 88.157151	 88.149454	 88.142083	 88.135026	 88.128272	 88.121809	 88.115627	 88.109716	 88.104066	 88.098667	 88.093509	 88.088584	 88.083883	 88.079396	 88.075117	 88.071035	 88.067145	 88.063438	 88.059906	 88.056544	 88.053344	 88.050299	 88.047403	  88.04465	 88.042035	 88.039551	 88.037193	 88.034956	 88.032834	 88.030824	  88.02892	 88.027117	 88.025413	 88.023802	 88.022281	 88.020845	 88.019493	 88.018219	 88.017021	 88.015896	 88.014841	 88.013853	  88.01293	  88.01207	 88.011269	 88.010526	 88.009839	 88.009206	 88.008625	 88.008095	 88.007614	 88.007181	 88.006795	 88.006454	 88.006159	 88.005906	 88.005697	 88.005531	 88.005406	 88.005323	 88.005282	
        99	 98.830692	 98.661436	 98.492284	 98.323288	 98.154501	 97.985973	 97.817756	 97.649902	 97.482461	 97.315483	 97.149018	 96.983117	 96.817827	 96.653198	 96.489277	 96.326112	 96.163749	 96.002233	 95.841611	 95.681926	 95.523221	 95.365539	 95.208922	  95.05341	 94.899044	 94.745862	 94.593901	 94.443198	  94.29379	  94.14571	 93.998992	 93.853667	 93.709768	 93.567324	 93.426364	 93.286915	 93.149004	 93.012655	 92.877892	 92.744738	 92.613215	 92.483342	 92.355137	  92.22862	 92.103805	 91.980708	 91.859342	 91.739721	 91.621855	 91.505754	 91.391427	 91.278881	 91.168124	  91.05916	 90.951992	 90.846625	 90.743059	 90.641295	 90.541333	 90.443171	 90.346806	 90.252234	  90.15945	  90.06845	 89.979225	 89.891769	 89.806072	 89.722125	 89.639918	  89.55944	 89.480677	 89.403618	 89.328249	 89.254555	 89.182521	 89.112132	 89.043372	 88.976222	 88.910667	 88.846687	 88.784263	 88.723378	 88.664011	 88.606142	  88.54975	 88.494816	 88.441317	 88.389232	  88.33854	 88.289218	 88.241245	 88.194597	 88.149252	 88.105187	  88.06238	 88.020807	 87.980444	  87.94127	 87.903259	 87.866391	  87.83064	 87.795984	 87.762399	 87.729863	 87.698353	 87.667845	 87.638316	 87.609745	 87.582108	 87.555384	  87.52955	 87.504583	 87.480463	 87.457168	 87.434677	 87.412968	 87.392021	 87.371815	 87.352331	 87.333547	 87.315445	 87.298005	 87.281208	 87.265036	 87.249469	 87.234491	 87.220082	 87.206227	 87.192907	 87.180106	 87.167807	 87.155995	 87.144654	 87.133769	 87.123323	 87.113304	 87.103695	 87.094484	 87.085657	   87.0772	 87.069101	 87.061346	 87.053924	 87.046823	  87.04003	 87.033535	 87.027327	 87.021394	 87.015727	 87.010315	 87.005149	 87.000219	 86.995516	 86.991032	 86.986757	 86.982683	 86.978803	 86.975109	 86.971592	 86.968246	 86.965064	 86.962039	 86.959166	 86.956436	 86.953845	 86.951387	 86.949056	 86.946847	 86.944754	 86.942774	 86.940901	 86.939131	 86.937459	 86.935882	 86.934396	 86.932996	  86.93168	 86.930444	 86.929285	 86.928199	 86.927185	 86.926239	 86.925359	 86.924543	 86.923788	 86.923093	 86.922455	 86.921872	 86.921344	 86.920868	 86.920444	 86.920069	 86.919744	 86.919467	 86.919237	 86.919054	 86.918917	 86.918826	 86.918781	
        99	 98.815517	 98.631091	 98.446778	 98.262636	  98.07872	 97.895087	 97.711793	 97.528894	 97.346445	 97.164501	 96.983117	 96.802346	 96.622241	 96.442857	 96.264244	 96.086454	 95.909539	 95.733547	 95.558528	  95.38453	 95.211601	 95.039786	 94.869132	 94.699682	  94.53148	 94.364568	 94.198987	 94.034777	 93.871977	 93.710625	 93.550757	 93.392407	 93.235611	   93.0804	 92.926805	 92.774858	 92.624585	 92.476015	 92.329174	 92.184086	 92.040774	 91.899261	 91.759566	 91.621708	 91.485706	 91.351576	 91.219333	  91.08899	 90.960559	 90.834052	 90.709478	 90.586846	 90.466161	 90.347431	 90.230658	 90.115847	 90.002998	 89.892114	 89.783192	 89.676231	 89.571229	 89.468181	 89.367082	 89.267925	 89.170703	 89.075408	  88.98203	  88.89056	 88.800984	 88.713292	 88.627471	 88.543505	  88.46138	 88.381081	 88.302591	 88.225894	  88.15097	 88.077802	 88.006371	 87.936656	 87.868638	 87.802295	 87.737607	 87.674551	 87.613106	 87.553247	 87.494953	 87.438201	 87.382965	 87.329223	 87.276949	 87.226121	 87.176711	 87.128697	 87.082053	 87.036753	 86.992773	 86.950088	 86.908671	 86.868497	 86.829542	  86.79178	 86.755185	 86.719733	 86.685398	 86.652156	 86.619981	 86.588849	 86.558735	 86.529616	 86.501466	 86.474262	  86.44798	 86.422597	  86.39809	 86.374435	 86.351611	 86.329594	 86.308363	 86.287895	 86.268171	 86.249168	 86.230865	 86.213243	 86.196282	 86.179961	 86.164261	 86.149163	  86.13465	 86.120701	 86.107301	  86.09443	 86.082072	 86.070211	 86.058829	 86.047912	 86.037442	 86.027406	 86.017787	 86.008573	 85.999747	 85.991298	 85.983211	 85.975473	 85.968071	 85.960994	 85.954229	 85.947764	 85.941589	 85.935693	 85.930064	 85.924692	 85.919568	 85.914681	 85.910023	 85.905584	 85.901356	 85.897331	 85.893499	 85.889853	 85.886386	  85.88309	 85.879959	 85.876984	 85.874161	 85.871483	 85.868943	 85.866536	 85.864256	 85.862098	 85.860057	 85.858128	 85.856307	 85.854588	 85.852969	 85.851444	  85.85001	 85.848663	   85.8474	 85.846217	 85.845112	 85.844081	 85.843123	 85.842233	  85.84141	 85.840653	 85.839957	 85.839323	 85.838747	 85.838228	 85.837766	 85.837358	 85.837004	 85.836702	 85.836452	 85.836252	 85.836103	 85.836004	 85.835955	
        99	 98.800398	 98.600858	  98.40144	 98.202206	 98.003218	 97.804536	 97.606221	 97.408333	 97.210932	 97.014077	 96.817827	 96.622241	 96.427377	 96.233292	 96.040041	 95.847681	 95.656266	 95.465851	 95.276489	 95.088232	  94.90113	 94.715235	 94.530595	 94.347258	 94.165271	  93.98468	  93.80553	 93.627863	 93.451721	 93.277145	 93.104175	 92.932849	 92.763202	 92.595271	 92.429089	 92.264689	 92.102101	 91.941356	  91.78248	 91.625502	 91.470445	 91.317334	 91.166191	 91.017036	 90.869888	 90.724765	 90.581684	 90.440659	 90.301704	 90.164829	 90.030046	 89.897363	 89.766788	 89.638327	 89.511985	 89.387764	 89.265668	 89.145696	 89.027848	 88.912121	 88.798514	  88.68702	 88.577636	 88.470353	 88.365163	 88.262059	 88.161028	 88.062061	 87.965145	 87.870266	 87.777411	 87.686564	 87.597709	  87.51083	 87.425907	 87.342924	  87.26186	 87.182696	  87.10541	 87.029983	  86.95639	 86.884611	 86.814621	 86.746397	 86.679916	 86.615152	 86.552081	 86.490677	 86.430915	 86.372768	 86.316211	 86.261217	 86.207758	 86.155809	 86.105342	  86.05633	 86.008746	 85.962562	 85.917751	 85.874285	 85.832137	  85.79128	 85.751687	 85.713329	 85.676181	 85.640214	 85.605402	 85.571719	 85.539137	 85.507631	 85.477174	 85.447741	 85.419305	 85.391842	 85.365326	 85.339733	 85.315038	 85.291217	 85.268246	 85.246101	  85.22476	   85.2042	 85.184397	 85.165331	 85.146979	 85.129321	 85.112334	    85.096	 85.080296	 85.065205	 85.050706	 85.036781	  85.02341	 85.010577	 84.998263	  84.98645	 84.975123	 84.964264	 84.953857	 84.943887	 84.934339	 84.925197	 84.916447	 84.908074	 84.900066	 84.892409	  84.88509	 84.878095	 84.871414	 84.865034	 84.858944	 84.853132	 84.847588	 84.842301	 84.837261	 84.832459	 84.827884	 84.823528	 84.819382	 84.815438	 84.811687	 84.808121	 84.804733	 84.801515	  84.79846	 84.795562	 84.792814	  84.79021	 84.787743	 84.785408	   84.7832	 84.781113	 84.779143	 84.777283	 84.775531	 84.773881	 84.772329	 84.770872	 84.769505	 84.768226	  84.76703	 84.765915	 84.764878	 84.763915	 84.763025	 84.762205	 84.761453	 84.760766	 84.760144	 84.759583	 84.759082	 84.758641	 84.758258	 84.757931	  84.75766	 84.757444	 84.757283	 84.757176	 84.757122	
        99	  98.78534	 98.570745	 98.356283	 98.142019	 97.928018	 97.714347	  97.50107	 97.288253	 97.075959	 96.864253	 96.653198	 96.442857	 96.233292	 96.024563	 95.816733	 95.609861	 95.404006	 95.199226	 94.995577	 94.793117	   94.5919	 94.391981	 94.193411	 93.996243	 93.800526	 93.606311	 93.413645	 93.222574	 93.033144	 92.845398	 92.659378	 92.475126	 92.292681	 92.112081	 91.933362	 91.756559	 91.581705	 91.408832	 91.237971	  91.06915	 90.902395	 90.737733	 90.575187	 90.414779	  90.25653	 90.100459	 89.946584	 89.794919	  89.64548	  89.49828	 89.353328	 89.210635	 89.070209	 88.932057	 88.796183	 88.662591	 88.531283	  88.40226	 88.275521	 88.151064	 88.028886	 87.908981	 87.791344	 87.675967	 87.562842	 87.451959	 87.343307	 87.236873	 87.132645	 87.030609	 86.930749	 86.833048	 86.737489	 86.644055	 86.552726	 86.463482	 86.376303	 86.291166	  86.20805	 86.126932	 86.047787	 85.970593	 85.895323	 85.821952	 85.750455	 85.680806	 85.612976	  85.54694	 85.482669	 85.420135	 85.359311	 85.300168	 85.242677	 85.186808	 85.132534	 85.079824	  85.02865	 84.978982	  84.93079	 84.884045	 84.838718	 84.794779	 84.752198	 84.710946	 84.670995	 84.632315	 84.594877	 84.558653	 84.523613	  84.48973	 84.456975	 84.425321	  84.39474	 84.365205	 84.336689	 84.309165	 84.282607	 84.256989	 84.232285	 84.208469	 84.185518	 84.163407	 84.142111	 84.121606	  84.10187	 84.082879	 84.064611	 84.047044	 84.030156	 84.013926	 83.998333	 83.983357	 83.968978	 83.955177	 83.941933	  83.92923	 83.917048	 83.905369	 83.894178	 83.883456	 83.873187	 83.863355	 83.853945	 83.844941	 83.836329	 83.828094	 83.820222	   83.8127	 83.805515	 83.798654	 83.792104	 83.785854	 83.779891	 83.774205	 83.768785	 83.763621	 83.758701	 83.754017	 83.749558	 83.745316	 83.741282	 83.737447	 83.733803	 83.730342	 83.727057	 83.723941	 83.720985	 83.718184	 83.715532	 83.713021	 83.710646	 83.708402	 83.706282	 83.704283	 83.702398	 83.700624	 83.698955	 83.697388	 83.695918	 83.694542	 83.693256	 83.692057	 83.690941	 83.689906	 83.688949	 83.688067	 83.687258	  83.68652	  83.68585	 83.685247	 83.684709	 83.684234	 83.683822	  83.68347	 83.683179	 83.682947	 83.682774	 83.682658	 83.682601	
        99	 98.770346	 98.540762	  98.31132	  98.08209	 97.853142	 97.624546	 97.396372	  97.16869	 96.941568	 96.715074	 96.489277	 96.264244	 96.040041	 95.816733	 95.594387	 95.373065	 95.152831	 94.933747	 94.715874	 94.499272	 94.284001	 94.070117	 93.857677	 93.646737	  93.43735	  93.22957	 93.023446	 92.819029	 92.616367	 92.415507	 92.216495	 92.019373	 91.824184	 91.630969	 91.439767	 91.250615	 91.063548	   90.8786	 90.695804	 90.515191	 90.336789	 90.160625	 89.986726	 89.815113	 89.645811	 89.478839	 89.314215	 89.151957	  88.99208	 88.834598	 88.679522	 88.526862	 88.376628	 88.228825	 88.083461	 87.940538	 87.800058	 87.662023	 87.526432	 87.393281	 87.262569	 87.134289	 87.008435	    86.885	 86.763973	 86.645345	 86.529103	 86.415236	 86.303728	 86.194564	 86.087728	 85.983203	  85.88097	  85.78101	 85.683302	 85.587824	 85.494556	 85.403472	 85.314551	 85.227766	 85.143094	 85.060507	  84.97998	 84.901484	 84.824993	 84.750479	 84.677912	 84.607263	 84.538502	 84.471601	 84.406529	 84.343254	 84.281747	 84.221976	 84.163911	  84.10752	 84.052771	 83.999634	 83.948076	 83.898066	 83.849572	 83.802564	 83.757009	 83.712876	 83.670135	 83.628753	   83.5887	 83.549945	 83.512458	 83.476208	 83.441165	 83.407301	 83.374584	 83.342986	 83.312478	 83.283031	 83.254618	  83.22721	 83.200781	 83.175302	 83.150748	 83.127092	 83.104308	 83.082371	 83.061257	 83.040939	 83.021395	 83.002601	 82.984534	  82.96717	 82.950488	 82.934466	 82.919083	 82.904317	 82.890149	 82.876558	 82.863525	 82.851031	 82.839057	 82.827586	   82.8166	 82.806082	 82.796014	 82.786382	 82.777168	 82.768358	 82.759936	 82.751889	 82.744202	 82.736861	 82.729854	 82.723167	 82.716788	 82.710705	 82.704907	 82.699381	 82.694118	 82.689106	 82.684336	 82.679798	 82.675482	 82.671379	 82.667481	 82.663778	 82.660264	 82.656929	 82.653768	 82.650771	 82.647933	 82.645247	 82.642706	 82.640305	 82.638038	 82.635899	 82.633882	 82.631984	 82.630199	 82.628522	  82.62695	 82.625477	 82.624102	 82.622819	 82.621625	 82.620518	 82.619494	 82.618551	 82.617685	 82.616895	 82.616178	 82.615533	 82.614957	  82.61445	 82.614008	 82.613633	 82.613321	 82.613073	 82.612887	 82.612764	 82.612702	
        99	 98.755421	 98.510918	 98.266565	 98.022437	 97.778611	 97.535159	 97.292157	 97.049678	 96.807796	 96.566583	 96.326112	 96.086454	 95.847681	 95.609861	 95.373065	  95.13736	 94.902814	 94.669492	  94.43746	 94.206782	  93.97752	 93.749737	 93.523491	 93.298843	 93.075848	 92.854564	 92.635045	 92.417344	 92.201512	 91.987598	 91.775652	  91.56572	 91.357847	 91.152075	 90.948447	 90.747002	 90.547778	 90.350812	 90.156136	 89.963786	  89.77379	 89.586177	 89.400976	 89.218212	 89.037907	 88.860084	 88.684762	 88.511959	 88.341692	 88.173975	 88.008821	  87.84624	 87.686243	 87.528835	 87.374024	 87.221812	 87.072203	 86.925198	 86.780794	 86.638991	 86.499784	 86.363168	 86.229135	 86.097677	 85.968786	 85.842448	 85.718652	 85.597385	  85.47863	 85.362372	 85.248594	 85.137276	 85.028399	 84.921943	 84.817885	 84.716202	 84.616872	  84.51987	 84.425169	 84.332745	  84.24257	 84.154616	 84.068855	 83.985259	 83.903797	  83.82444	 83.747157	 83.671916	 83.598688	 83.527439	 83.458137	 83.390751	 83.325246	 83.261591	 83.199753	 83.139697	  83.08139	 83.024799	 82.969891	 82.916631	 82.864986	 82.814922	 82.766407	 82.719406	 82.673887	 82.629816	  82.58716	 82.545886	 82.505963	 82.467357	 82.430038	 82.393972	 82.359129	 82.325477	 82.292987	 82.261627	 82.231367	 82.202178	 82.174031	 82.146896	 82.120746	 82.095553	 82.071289	 82.047926	 82.025439	 82.003802	 81.982988	 81.962972	 81.943731	 81.925239	 81.907473	 81.890409	 81.874026	 81.858301	 81.843212	 81.828738	 81.814858	 81.801552	   81.7888	 81.776584	 81.764884	 81.753682	  81.74296	 81.732701	 81.722889	 81.713506	 81.704537	 81.695967	  81.68778	 81.679963	   81.6725	 81.665378	 81.658585	 81.652107	 81.645931	 81.640047	 81.634441	 81.629104	 81.624024	 81.619191	 81.614594	 81.610225	 81.606073	  81.60213	 81.598387	 81.594836	 81.591469	 81.588278	 81.585255	 81.582394	 81.579689	 81.577132	 81.574717	 81.572439	 81.570291	 81.568269	 81.566368	 81.564582	 81.562908	  81.56134	 81.559875	 81.558509	 81.557238	 81.556058	 81.554968	 81.553963	 81.553041	   81.5522	 81.551437	 81.550749	 81.550136	 81.549596	 81.549126	 81.548725	 81.548394	 81.548129	 81.547932	   81.5478	 81.547735	
        99	  98.74057	  98.48122	 98.222029	 97.963078	 97.704446	 97.446211	 97.188453	 96.931251	 96.674681	 96.418822	 96.163749	 95.909539	 95.656266	 95.404006	 95.152831	 94.902814	 94.654025	 94.406536	 94.160414	 93.915729	 93.672547	 93.430931	 93.190948	 92.952658	 92.716123	 92.481403	 92.248554	 92.017633	 91.788695	 91.561793	 91.336977	 91.114298	 90.893802	 90.675535	 90.459543	 90.245866	 90.034544	 89.825617	 89.619121	  89.41509	 89.213558	 89.014553	 88.818107	 88.624244	 88.432991	  88.24437	 88.058402	 87.875106	 87.694501	 87.516599	 87.341417	 87.168964	 86.999251	 86.832285	 86.668074	  86.50662	 86.347926	 86.191994	 86.038822	 85.888409	 85.740749	 85.595837	 85.453665	 85.314225	 85.177507	 85.043498	 84.912185	 84.783554	 84.657588	 84.534271	 84.413584	 84.295507	 84.180019	 84.067098	 83.956721	 83.848865	 83.743503	  83.64061	 83.540159	 83.442123	 83.346472	 83.253178	 83.162209	 83.073537	 82.987129	 82.902953	 82.820977	 82.741168	 82.663492	 82.587917	 82.514407	 82.442929	 82.373447	 82.305927	 82.240333	 82.176631	 82.114784	 82.054756	 81.996514	  81.94002	 81.885239	 81.832136	 81.780674	  81.73082	 81.682536	 81.635789	 81.590543	 81.546763	 81.504416	 81.463466	  81.42388	 81.385624	 81.348665	 81.312971	 81.278507	 81.245243	 81.213145	 81.182184	 81.152328	 81.123546	 81.095808	 81.069085	 81.043347	 81.018566	 80.994714	 80.971762	 80.949684	 80.928453	 80.908043	 80.888429	 80.869584	 80.851484	 80.834106	 80.817426	 80.801421	 80.786068	 80.771345	 80.757231	 80.743705	 80.730747	 80.718337	 80.706454	 80.695081	   80.6842	 80.673792	 80.663839	 80.654326	 80.645235	 80.636551	 80.628259	 80.620343	 80.612789	 80.605583	 80.598712	 80.592161	 80.585919	 80.579974	 80.574312	 80.568924	 80.563797	 80.558921	 80.554287	 80.549883	   80.5457	  80.54173	 80.537963	 80.534392	 80.531007	 80.527801	 80.524766	 80.521896	 80.519184	 80.516623	 80.514206	 80.511928	 80.509784	 80.507767	 80.505873	 80.504097	 80.502434	 80.500879	  80.49943	 80.498082	 80.496831	 80.495674	 80.494609	 80.493631	 80.492738	 80.491929	   80.4912	 80.490549	 80.489976	 80.489477	 80.489053	 80.488701	 80.488421	 80.488211	 80.488072	 80.488002	
