Time step 60:
        99	        99	        99	        99	        99	        99	        99	        99	        99	        99	        99	        99	        99	        99	        99	        99	        99	        99	        99	        99	        99	        99	        99	        99	        99	        99	        99	        99	        99	        99	        99	        99	        99	        99	        99	        99	        99	        99	        99	        99	        99	        99	        99	        99	        99	        99	        99	        99	        99	        99	        99	        99	        99	        99	        99	        99	        99	        99	        99	        99	        99	        99	        99	        99	        99	        99	        99	        99	        99	        99	        99	        99	        99	        99	        99	        99	        99	        99	        99	        99	        99	        99	        99	        99	        99	        99	        99	        99	        99	        99	        99	        99	        99	        99	        99	        99	        99	        99	        99	        99	        99	        99	        99	        99	        99	        99	        99	        99	        99	        99	        99	        99	        99	        99	        99	        99	        99	        99	        99	        99	        99	        99	        99	        99	        99	        99	        99	        99	        99	        99	        99	        99	        99	        99	        99	        99	        99	        99	        99	        99	        99	        99	        99	        99	        99	        99	        99	        99	        99	        99	        99	        99	        99	        99	        99	        99	        99	        99	        99	        99	        99	        99	        99	        99	        99	        99	        99	        99	        99	        99	        99	        99	        99	        99	        99	        99	        99	        99	        99	        99	        99	        99	        99	        99	        99	        99	        99	        99	        99	        99	        99	        99	        99	        99	        99	        99	        99	        99	        99	        99	
        99	 98.989417	 98.978837	 98.968261	 98.957691	 98.947131	 98.936582	 98.926046	 98.915525	 98.905022	 98.894539	 98.884078	 98.873642	 98.863231	 98.852849	 98.842498	 98.832179	 98.821895	 98.811647	 98.801439	 98.791271	 98.781146	 98.771065	 98.761031	 98.751046	  98.74111	 98.731227	 98.721398	 98.711625	 98.701909	 98.692252	 98.682655	 98.673122	 98.663652	 98.654248	  98.64491	 98.635642	 98.626443	 98.617316	 98.608261	  98.59928	 98.590375	 98.581546	 98.572795	 98.564122	  98.55553	 98.547019	 98.538589	 98.530243	  98.52198	 98.513802	  98.50571	 98.497704	 98.489785	 98.481954	 98.474212	 98.466559	 98.458995	 98.451522	 98.444139	 98.436847	 98.429647	 98.422539	 98.415523	 98.408599	 98.401768	 98.395029	 98.388384	 98.381831	 98.375372	 98.369006	 98.362733	 98.356553	 98.350466	 98.344472	  98.33857	 98.332761	 98.327044	 98.321419	 98.315885	 98.310443	 98.305092	 98.299831	  98.29466	 98.289579	 98.284586	 98.279683	 98.274867	 98.270138	 98.265497	 98.260941	 98.256471	 98.252086	 98.247785	 98.243568	 98.239433	  98.23538	 98.231408	 98.227516	 98.223704	 98.219971	 98.216315	 98.212736	 98.209234	 98.205806	 98.202453	 98.199173	 98.195966	  98.19283	 98.189765	 98.186769	 98.183842	 98.180983	 98.178191	 98.175464	 98.172802	 98.170204	 98.167669	 98.165195	 98.162783	  98.16043	 98.158137	 98.155901	 98.153722	 98.151599	 98.149531	 98.147517	 98.145556	 98.143648	  98.14179	 98.139982	 98.138224	 98.136514	 98.134851	 98.133235	 98.131664	 98.130138	 98.128655	 98.127216	 98.125818	 98.124461	 98.123144	 98.121866	 98.120627	 98.119426	 98.118261	 98.117133	 98.116039	  98.11498	 98.113954	 98.112962	 98.112001	 98.111072	 98.110174	 98.109306	 98.108466	 98.107656	 98.106873	 98.106118	 98.105389	 98.104686	 98.104009	 98.103357	 98.102728	 98.102124	 98.101542	 98.100983	 98.100447	 98.099931	 98.099437	 98.098964	  98.09851	 98.098077	 98.097662	 98.097267	  98.09689	  98.09653	 98.096189	 98.095865	 98.095558	 98.095268	 98.094994	 98.094737	 98.094495	 98.094268	 98.094057	 98.093862	 98.093681	 98.093514	 98.093362	 98.093225	 98.093102	 98.092992	 98.092897	 98.092816	 98.092748	 98.092694	 98.092653	 98.092626	 98.092613	
        99	 98.978837	 98.957678	 98.936528	 98.915392	 98.894273	 98.873177	 98.852107	 98.831068	 98.810064	 98.789101	 98.768181	  98.74731	 98.726491	 98.705729	 98.685029	 98.664393	 98.643827	 98.623335	 98.602919	 98.582586	 98.562337	 98.542178	 98.522113	 98.502144	 98.482275	 98.462511	 98.442855	  98.42331	  98.40388	 98.384568	 98.365378	 98.346312	 98.327374	 98.308568	 98.289895	  98.27136	 98.252965	 98.234712	 98.216604	 98.198645	 98.180836	  98.16318	 98.145679	 98.128336	 98.111153	 98.094132	 98.077275	 98.060584	 98.044061	 98.027707	 98.011524	 97.995514	 97.979678	 97.964018	 97.948535	  97.93323	 97.918104	 97.903159	 97.888395	 97.873813	 97.859414	 97.845199	 97.831168	 97.817322	 97.803661	 97.790186	 97.776896	 97.763793	 97.750876	 97.738145	   97.7256	 97.713242	 97.701069	 97.689082	  97.67728	 97.665662	  97.65423	 97.642981	 97.631915	 97.621031	  97.61033	 97.599809	 97.589468	 97.579307	 97.569323	 97.559517	 97.549886	  97.54043	 97.531148	 97.522038	 97.513099	  97.50433	 97.495729	 97.487295	 97.479026	  97.47092	 97.462977	 97.455195	 97.447571	 97.440105	 97.432795	 97.425638	 97.418633	 97.411779	 97.405074	 97.398515	 97.392101	  97.38583	   97.3797	 97.373709	 97.367856	 97.362138	 97.356554	 97.351101	 97.345778	 97.340583	 97.335513	 97.330566	 97.325742	 97.321037	  97.31645	 97.311979	 97.307622	 97.303377	 97.299241	 97.295214	 97.291293	 97.287476	 97.283761	 97.280146	  97.27663	  97.27321	 97.269885	 97.266653	 97.263511	 97.260459	 97.257494	 97.254615	 97.251819	 97.249106	 97.246472	 97.243917	  97.24144	 97.239037	 97.236708	 97.234451	 97.232264	 97.230146	 97.228095	  97.22611	  97.22419	 97.222332	 97.220535	 97.218798	  97.21712	 97.215499	 97.213934	 97.212424	 97.210966	 97.209561	 97.208207	 97.206902	 97.205645	 97.204436	 97.203274	 97.202156	 97.201082	 97.200052	 97.199064	 97.198117	  97.19721	 97.196343	 97.195514	 97.194723	 97.193969	 97.193251	 97.192569	 97.191921	 97.191307	 97.190727	 97.190179	 97.189664	  97.18918	 97.188727	 97.188306	 97.187914	 97.187552	 97.187219	 97.186916	 97.186641	 97.186394	 97.186176	 97.185985	 97.185822	 97.185687	 97.185578	 97.185497	 97.185443	 97.185416	
        99	 98.968261	 98.936528	 98.904809	  98.87311	 98.841437	 98.809798	 98.778199	 98.746646	 98.715147	 98.683707	 98.652333	 98.621031	 98.589809	 98.558671	 98.527626	 98.496678	 98.465834	 98.435101	 98.404484	 98.373988	 98.343621	 98.313388	 98.283295	 98.253346	 98.223549	 98.193908	 98.164429	 98.135116	 98.105976	 98.077014	 98.048233	  98.01964	 97.991239	 97.963034	  97.93503	 97.907232	 97.879643	 97.852269	 97.825112	 97.798178	 97.771469	  97.74499	 97.718744	 97.692734	 97.666964	 97.641437	 97.616155	 97.591123	 97.566342	 97.541816	 97.517546	 97.493535	 97.469785	 97.446299	 97.423079	 97.400125	 97.377441	 97.355027	 97.332885	 97.311016	 97.289421	 97.268102	 97.247059	 97.226294	 97.205806	 97.185597	 97.165666	 97.146015	 97.126642	 97.107549	 97.088736	 97.070201	 97.051945	 97.033967	 97.016267	 96.998845	 96.981698	 96.964828	 96.948232	  96.93191	  96.91586	 96.900082	 96.884573	 96.869334	 96.854361	 96.839654	 96.825211	 96.811029	 96.797109	 96.783446	  96.77004	 96.756888	 96.743989	  96.73134	 96.718938	 96.706783	  96.69487	 96.683199	 96.671765	 96.660568	 96.649604	 96.638871	 96.628366	 96.618087	  96.60803	 96.598193	 96.588574	 96.579169	 96.569976	 96.560992	 96.552214	 96.543638	 96.535263	 96.527086	 96.519102	  96.51131	 96.503707	 96.496289	 96.489053	 96.481997	 96.475118	 96.468413	 96.461878	 96.455511	 96.449309	 96.443269	 96.437388	 96.431664	 96.426092	 96.420671	 96.415398	 96.410269	 96.405282	 96.400435	 96.395724	 96.391146	 96.386699	 96.382381	 96.378189	 96.374119	  96.37017	 96.366338	 96.362622	 96.359019	 96.355526	 96.352141	 96.348861	 96.345685	 96.342609	 96.339632	 96.336752	 96.333965	 96.331271	 96.328666	 96.326149	 96.323718	 96.321371	 96.319106	  96.31692	 96.314812	 96.312781	 96.310824	  96.30894	 96.307127	 96.305383	 96.303707	 96.302097	 96.300552	  96.29907	 96.297649	  96.29629	 96.294989	 96.293746	  96.29256	 96.291429	 96.290352	 96.289328	 96.288357	 96.287436	 96.286566	 96.285745	 96.284972	 96.284246	 96.283567	 96.282935	 96.282347	 96.281804	 96.281306	  96.28085	 96.280438	 96.280068	 96.279741	 96.279455	  96.27921	 96.279007	 96.278845	 96.278723	 96.278642	 96.278602	
        99	 98.957691	 98.915392	  98.87311	 98.830855	 98.788635	  98.74646	 98.704338	 98.662278	 98.620289	 98.578379	 98.536557	 98.494832	 98.453212	 98.411706	 98.370322	 98.329069	 98.287954	 98.246986	 98.206173	 98.165523	 98.125043	 98.084742	 98.044627	 98.004706	 97.964986	 97.925474	 97.886178	 97.847105	 97.808261	 97.769654	 97.731289	 97.693174	 97.655315	 97.617718	 97.580388	 97.543333	 97.506558	 97.470067	 97.433868	 97.397964	 97.362361	 97.327064	 97.292078	 97.257406	 97.223055	 97.189027	 97.155327	 97.121958	 97.088925	 97.056231	 97.023879	 96.991873	 96.960215	 96.928908	 96.897954	 96.867357	 96.837119	  96.80724	 96.777725	 96.748574	 96.719788	  96.69137	  96.66332	 96.635639	 96.608329	 96.581389	 96.554822	 96.528626	 96.502803	 96.477352	 96.452273	 96.427566	  96.40323	 96.379266	 96.355672	 96.332448	 96.309592	 96.287103	 96.264981	 96.243223	 96.221829	 96.200796	 96.180123	 96.159809	  96.13985	 96.120245	 96.100992	 96.082089	 96.063532	  96.04532	  96.02745	 96.009918	 95.992723	 95.975862	 95.959331	 95.943127	 95.927248	 95.911689	 95.896449	 95.881523	 95.866908	 95.852601	 95.838598	 95.824895	 95.811489	 95.798377	 95.785555	 95.773018	 95.760763	 95.748787	 95.737086	 95.725655	 95.714491	  95.70359	 95.692948	 95.682561	 95.672426	 95.662537	 95.652893	 95.643487	 95.634317	 95.625379	 95.616668	 95.608181	 95.599914	 95.591862	 95.584023	 95.576392	 95.568965	 95.561739	 95.554709	 95.547873	 95.541226	 95.534764	 95.528484	 95.522382	 95.516454	 95.510698	 95.505109	 95.499684	  95.49442	 95.489313	 95.484359	 95.479556	 95.474899	 95.470387	 95.466015	 95.461781	 95.457682	 95.453713	 95.449874	 95.446159	 95.442568	 95.439096	 95.435741	   95.4325	 95.429371	 95.426351	 95.423438	 95.420629	 95.417921	 95.415312	 95.412801	 95.410383	 95.408059	 95.405825	 95.403679	 95.401619	 95.399643	  95.39775	 95.395937	 95.394204	 95.392547	 95.390965	 95.389458	 95.388022	 95.386658	 95.385363	 95.384136	 95.382976	 95.381881	 95.380851	 95.379884	 95.378979	 95.378135	 95.377352	 95.376629	 95.375964	 95.375357	 95.374807	 95.374314	 95.373878	 95.373497	 95.373171	   95.3729	 95.372683	 95.372521	 95.372413	 95.372359	
        99	 98.947131	 98.894273	 98.841437	 98.788635	 98.735877	 98.683175	 98.630539	 98.577981	 98.525511	  98.47314	 98.420879	 98.368739	 98.316731	 98.264865	 98.213151	 98.161601	 98.110223	  98.05903	 98.008029	 97.957232	 97.906649	 97.856289	 97.806161	 97.756275	 97.706641	 97.657267	 97.608162	 97.559336	 97.510796	 97.462552	 97.414612	 97.366983	 97.319674	 97.272692	 97.226045	 97.179741	 97.133786	 97.088187	 97.042952	 96.998086	 96.953597	  96.90949	  96.86577	 96.822445	 96.779519	 96.736998	 96.694886	 96.653189	  96.61191	 96.571056	 96.530628	 96.490633	 96.451073	 96.411951	 96.373272	 96.335037	 96.297251	 96.259915	 96.223032	 96.186605	 96.150634	 96.115122	 96.080071	 96.045481	 96.011354	 95.977691	 95.944491	 95.911757	 95.879488	 95.847684	 95.816346	 95.785472	 95.755062	 95.725116	 95.695633	 95.666611	  95.63805	 95.609948	 95.582304	 95.555116	 95.528381	 95.502099	 95.476266	 95.450881	  95.42594	 95.401442	 95.377384	 95.353762	 95.330573	 95.307815	 95.285484	 95.263577	  95.24209	  95.22102	 95.200362	 95.180114	 95.160271	  95.14083	 95.121785	 95.103133	  95.08487	 95.066992	 95.049493	 95.032371	 95.015619	 94.999234	 94.983211	 94.967545	 94.952232	 94.937266	 94.922644	  94.90836	 94.894409	 94.880787	 94.867489	  94.85451	 94.841844	 94.829488	 94.817435	 94.805682	 94.794224	 94.783054	 94.772169	 94.761564	 94.751233	 94.741172	 94.731376	  94.72184	 94.712559	 94.703529	 94.694745	 94.686202	 94.677896	 94.669821	 94.661973	 94.654348	 94.646942	 94.639748	 94.632765	 94.625986	 94.619407	 94.613025	 94.606835	 94.600833	 94.595014	 94.589376	 94.583913	 94.578622	 94.573499	  94.56854	 94.563742	   94.5591	 94.554612	 94.550274	 94.546081	 94.542032	 94.538122	 94.534348	 94.530708	 94.527197	 94.523813	 94.520554	 94.517415	 94.514395	  94.51149	 94.508698	 94.506016	 94.503442	 94.500974	 94.498608	 94.496343	 94.494176	 94.492106	  94.49013	 94.488246	 94.486452	 94.484747	 94.483129	 94.481595	 94.480146	 94.478778	  94.47749	 94.476282	 94.475151	 94.474097	 94.473119	 94.472215	 94.471384	 94.470625	 94.469939	 94.469323	 94.468777	 94.468301	 94.467893	 94.467555	 94.467284	 94.467082	 94.466947	  94.46688	
        99	 98.936582	 98.873177	 98.809798	  98.74646	 98.683175	 98.619956	 98.556818	 98.493772	 98.430832	 98.368011	 98.305323	 98.242779	 98.180393	 98.118178	 98.056146	 97.994309	  97.93268	 97.871271	 97.810094	 97.749161	 97.688484	 97.628075	 97.567945	 97.508105	 97.448567	 97.389341	 97.330438	 97.271869	 97.213644	 97.155774	 97.098267	 97.041135	 96.984386	 96.928029	 96.872075	 96.816531	 96.761406	 96.706709	 96.652448	  96.59863	 96.545263	 96.492354	 96.439912	 96.387941	  96.33645	 96.285444	 96.234929	 96.184912	 96.135397	  96.08639	 96.037896	  95.98992	 95.942466	 95.895538	 95.849141	 95.803277	 95.757951	 95.713166	 95.668923	 95.625227	 95.582079	 95.539481	 95.497435	 95.455944	 95.415007	 95.374626	 95.334803	 95.295537	 95.256829	 95.218679	 95.181087	 95.144053	 95.107575	 95.071654	 95.036288	 95.001475	 94.967215	 94.933506	 94.900346	 94.867732	 94.835663	 94.804137	 94.773149	 94.742699	 94.712782	 94.683395	 94.654536	   94.6262	 94.598385	 94.571086	 94.544299	  94.51802	 94.492246	 94.466972	 94.442192	 94.417904	 94.394101	  94.37078	 94.347936	 94.325562	 94.303655	 94.282209	 94.261219	  94.24068	 94.220586	 94.200931	 94.181711	 94.162919	  94.14455	 94.126598	 94.109058	 94.091924	  94.07519	  94.05885	 94.042898	 94.027329	 94.012136	 93.997314	 93.982857	 93.968759	 93.955013	 93.941615	 93.928558	 93.915837	 93.903444	 93.891376	 93.879625	 93.868187	 93.857054	 93.846222	 93.835686	 93.825438	 93.815474	 93.805788	 93.796374	 93.787228	 93.778343	 93.769715	 93.761337	 93.753206	 93.745315	 93.737659	 93.730234	 93.723034	 93.716054	 93.709291	 93.702738	 93.696391	 93.690246	 93.684298	 93.678542	 93.672974	 93.667591	 93.662386	 93.657358	   93.6525	  93.64781	 93.643283	 93.638916	 93.634705	 93.630646	 93.626736	 93.622971	 93.619348	 93.615864	 93.612515	 93.609298	  93.60621	 93.603249	 93.600411	 93.597694	 93.595095	 93.592612	 93.590241	 93.587982	  93.58583	 93.583785	 93.581844	 93.580004	 93.578265	 93.576624	  93.57508	  93.57363	 93.572274	  93.57101	 93.569836	 93.568752	 93.567755	 93.566845	 93.566021	 93.565283	 93.564628	 93.564057	 93.563568	 93.563162	 93.562838	 93.562595	 93.562433	 93.562352	
        99	 98.926046	 98.852107	 98.778199	 98.704338	 98.630539	 98.556818	 98.483189	 98.409669	 98.336273	 98.263016	 98.189912	 98.116978	 98.044228	 97.971676	 97.899338	 97.827228	  97.75536	 97.683749	 97.612408	 97.541352	 97.470595	  97.40015	  97.33003	 97.260249	 97.190819	 97.121753	 97.053065	 96.984765	 96.916867	 96.849382	 96.782322	 96.715698	 96.649521	 96.583802	 96.518551	 96.453779	 96.389496	 96.325712	 96.262436	 96.199677	 96.137444	 96.075745	  96.01459	 95.953986	  95.89394	  95.83446	 95.775553	 95.717226	 95.659485	 95.602336	 95.545786	 95.489839	 95.434501	 95.379777	 95.325671	 95.272188	 95.219332	 95.167106	 95.115513	 95.064557	 95.014241	 94.964566	 94.915535	  94.86715	 94.819412	 94.772323	 94.725884	 94.680094	 94.634956	 94.590468	  94.54663	 94.503443	 94.460905	 94.419016	 94.377774	 94.337178	 94.297227	 94.257917	 94.219248	 94.181216	 94.143819	 94.107055	 94.070919	  94.03541	 94.000523	 93.966254	   93.9326	 93.899557	  93.86712	 93.835286	 93.804049	 93.773405	 93.743348	 93.713875	 93.684979	 93.656655	 93.628898	 93.601703	 93.575063	 93.548972	 93.523426	 93.498417	  93.47394	 93.449988	 93.426555	 93.403635	 93.381222	 93.359308	 93.337887	 93.316954	 93.296499	 93.276519	 93.257004	  93.23795	 93.219348	 93.201192	 93.183475	 93.166191	 93.149332	 93.132891	 93.116862	 93.101238	 93.086012	 93.071177	 93.056726	 93.042652	 93.028949	  93.01561	 93.002629	 92.989997	  92.97771	  92.96576	  92.95414	 92.942845	 92.931868	 92.921202	 92.910841	 92.900779	  92.89101	 92.881527	 92.872325	 92.863397	 92.854739	 92.846343	 92.838204	 92.830316	 92.822675	 92.815274	 92.808107	 92.801171	 92.794459	 92.787967	 92.781688	 92.775619	 92.769755	 92.764091	 92.758621	 92.753343	  92.74825	 92.743339	 92.738606	 92.734047	 92.729656	 92.725431	 92.721368	 92.717462	 92.713711	 92.710111	 92.706657	 92.703348	  92.70018	 92.697149	 92.694253	 92.691489	 92.688853	 92.686345	 92.683959	 92.681696	 92.679551	 92.677523	 92.675609	 92.673808	 92.672118	 92.670537	 92.669062	 92.667693	 92.666429	 92.665266	 92.664206	 92.663245	 92.662383	  92.66162	 92.660954	 92.660384	 92.659911	 92.659532	 92.659249	  92.65906	 92.658966	
        99	 98.915525	 98.831068	 98.746646	 98.662278	 98.577981	 98.493772	 98.409669	 98.325691	 98.241853	 98.158175	 98.074672	 97.991362	 97.908262	  97.82539	 97.742761	 97.660393	 97.578301	 97.496503	 97.415014	  97.33385	 97.253027	  97.17256	 97.092465	 97.012757	  96.93345	  96.85456	   96.7761	 96.698084	 96.620527	 96.543442	 96.466842	  96.39074	 96.315149	  96.24008	 96.165547	 96.091562	 96.018134	 95.945276	 95.872998	 95.801311	 95.730225	  95.65975	 95.589895	 95.520669	 95.452081	  95.38414	 95.316853	 95.250228	 95.184273	 95.118995	   95.0544	 94.990494	 94.927284	 94.864775	 94.802973	 94.741881	 94.681506	  94.62185	 94.562918	 94.504713	 94.447239	 94.390497	 94.334492	 94.279223	 94.224695	 94.170907	 94.117861	 94.065558	 94.013998	 93.963181	 93.913107	 93.863777	 93.815188	 93.767339	 93.720231	  93.67386	 93.628224	 93.583323	 93.539152	  93.49571	 93.452994	 93.410999	 93.369723	 93.329162	 93.289312	 93.250168	 93.211727	 93.173983	 93.136933	 93.100569	 93.064889	 93.029885	 92.995553	 92.961887	  92.92888	 92.896527	 92.864822	 92.833757	 92.803328	 92.773526	 92.744345	 92.715778	 92.687819	  92.66046	 92.633694	 92.607514	 92.581911	  92.55688	 92.532413	 92.508501	 92.485137	 92.462314	 92.440023	 92.418258	  92.39701	 92.376271	 92.356034	 92.336291	 92.317033	 92.298254	 92.279945	 92.262098	 92.244706	  92.22776	 92.211254	 92.195178	 92.179526	 92.164289	 92.149461	 92.135032	 92.120997	 92.107347	 92.094074	 92.081172	 92.068633	  92.05645	 92.044616	 92.033122	 92.021963	 92.011132	  92.00062	 91.990423	 91.980532	 91.970942	 91.961645	 91.952636	 91.943907	 91.935453	 91.927268	 91.919344	 91.911678	 91.904261	  91.89709	 91.890158	 91.883459	 91.876989	 91.870742	 91.864712	 91.858895	 91.853286	 91.847879	 91.842671	 91.837656	  91.83283	 91.828189	 91.823728	 91.819443	  91.81533	 91.811386	 91.807606	 91.803986	 91.800525	 91.797216	 91.794059	 91.791049	 91.788183	 91.785459	 91.782873	 91.780423	 91.778106	 91.775921	 91.773863	 91.771933	 91.770126	 91.768442	 91.766879	 91.765434	 91.764106	 91.762895	 91.761797	 91.760813	 91.759941	  91.75918	  91.75853	 91.757989	 91.757556	 91.757233	 91.757017	  91.75691	
        99	 98.905022	 98.810064	 98.715147	 98.620289	 98.525511	 98.430832	 98.336273	 98.241853	 98.147592	  98.05351	 97.959625	 97.865957	 97.772526	  97.67935	 97.586447	 97.493838	  97.40154	 97.309572	 97.217951	 97.126696	 97.035824	 96.945353	   96.8553	 96.765681	 96.676515	 96.587816	 96.499601	 96.411885	 96.324686	 96.238016	 96.151892	 96.066328	 95.981339	 95.896938	 95.813138	 95.729953	 95.647396	  95.56548	 95.484216	 95.403616	 95.323692	 95.244454	 95.165914	 95.088081	 95.010965	 94.934577	 94.858924	 94.784016	 94.709861	 94.636466	  94.56384	 94.491989	  94.42092	 94.350639	 94.281153	 94.212466	 94.144584	 94.077511	 94.011252	 93.945811	  93.88119	 93.817394	 93.754425	 93.692286	 93.630977	 93.570502	 93.510861	 93.452055	 93.394084	 93.336949	  93.28065	 93.225186	 93.170556	 93.116759	 93.063793	 93.011656	 92.960347	 92.909863	 92.860201	 92.811358	  92.76333	 92.716115	 92.669707	 92.624103	 92.579298	 92.535288	 92.492067	  92.44963	 92.407973	 92.367089	 92.326972	 92.287616	 92.249016	 92.211163	 92.174053	 92.137678	  92.10203	 92.067104	 92.032891	 91.999383	 91.966575	 91.934456	 91.903021	  91.87226	 91.842166	 91.812731	 91.783946	 91.755802	 91.728292	 91.701407	 91.675139	 91.649478	 91.624416	 91.599945	 91.576055	 91.552738	 91.529985	 91.507787	 91.486135	 91.465021	 91.444435	  91.42437	 91.404815	 91.385763	 91.367204	 91.349129	 91.331531	   91.3144	 91.297728	 91.281506	 91.265725	 91.250378	 91.235455	 91.220949	 91.206851	 91.193153	 91.179847	 91.166925	 91.154379	   91.1422	 91.130382	 91.118917	 91.107796	 91.097014	 91.086561	 91.076431	 91.066618	 91.057113	 91.047909	 91.039001	 91.030381	 91.022043	  91.01398	 91.006186	 90.998655	  90.99138	 90.984356	 90.977576	 90.971036	 90.964729	 90.958651	 90.952795	 90.947156	  90.94173	 90.936512	 90.931496	 90.926679	 90.922055	  90.91762	  90.91337	 90.909301	 90.905408	 90.901689	 90.898139	 90.894754	 90.891532	 90.888469	 90.885562	 90.882807	 90.880203	 90.877745	 90.875432	 90.873262	 90.871231	 90.869337	 90.867579	 90.865955	 90.864462	   90.8631	 90.861866	  90.86076	 90.859779	 90.858924	 90.858192	 90.857584	 90.857098	 90.856734	 90.856492	 90.856371	
        99	 98.894539	 98.789101	 98.683707	 98.578379	  98.47314	 98.368011	 98.263016	 98.158175	  98.05351	 97.949043	 97.844796	  97.74079	 97.637046	 97.533586	  97.43043	 97.327599	 97.225114	 97.122994	 97.021261	 96.919934	 96.819033	 96.718576	 96.618583	 96.519074	 96.420065	 96.321576	 96.223625	 96.126228	 96.029404	 95.933168	 95.837539	 95.742531	 95.648161	 95.554444	 95.461395	 95.369029	  95.27736	 95.186402	 95.096169	 95.006673	 94.917927	 94.829944	 94.742735	 94.656312	 94.570685	 94.485865	 94.401862	 94.318686	 94.236346	 94.154851	 94.074209	 93.994427	 93.915514	 93.837477	 93.760321	 93.684053	 93.608678	 93.534202	  93.46063	 93.387966	 93.316213	 93.245376	 93.175457	 93.106459	 93.038383	 92.971233	 92.905009	 92.839713	 92.775344	 92.711903	  92.64939	 92.587804	 92.527144	 92.467409	 92.408597	 92.350706	 92.293734	 92.237678	 92.182535	   92.1283	 92.074972	 92.022545	 91.971015	 91.920377	 91.870627	 91.821759	 91.773768	 91.726648	 91.680393	 91.634996	 91.590451	 91.546752	 91.503891	 91.461861	 91.420654	 91.380264	 91.340682	 91.301901	 91.263911	 91.226706	 91.190276	 91.154613	 91.119708	 91.085552	 91.052136	 91.019452	  90.98749	  90.95624	 90.925694	 90.895842	 90.866674	 90.838181	 90.810353	  90.78318	 90.756653	 90.730763	 90.705498	  90.68085	 90.656809	 90.633364	 90.610507	 90.588226	 90.566513	 90.545358	 90.524751	 90.504682	 90.485141	 90.466119	 90.447607	 90.429594	 90.412072	 90.395031	 90.378461	 90.362354	   90.3467	  90.33149	 90.316715	 90.302367	 90.288436	 90.274913	 90.261791	  90.24906	 90.236712	 90.224739	 90.213133	 90.201885	 90.190988	 90.180434	 90.170215	 90.160324	 90.150752	 90.141494	 90.132541	 90.123886	 90.115524	 90.107446	 90.099647	 90.092119	 90.084857	 90.077854	 90.071105	 90.064602	 90.058342	 90.052317	 90.046522	 90.040953	 90.035604	 90.030469	 90.025545	 90.020826	 90.016308	 90.011986	 90.007856	 90.003914	 90.000156	 89.996578	 89.993177	 89.989949	  89.98689	 89.983998	  89.98127	 89.978701	 89.976291	 89.974036	 89.971933	 89.969981	 89.968178	  89.96652	 89.965008	 89.963638	 89.962409	  89.96132	  89.96037	 89.959558	 89.958883	 89.958343	 89.957939	  89.95767	 89.957536	
        99	 98.884078	 98.768181	 98.652333	 98.536557	 98.420879	 98.305323	 98.189912	 98.074672	 97.959625	 97.844796	 97.730208	 97.615886	 97.501851	 97.388128	  97.27474	 97.161709	 97.049058	 96.936809	 96.824985	 96.713607	 96.602697	 96.492276	 96.382365	 96.272984	 96.164155	 96.055896	 95.948229	 95.841171	 95.734743	 95.628961	 95.523846	 95.419414	 95.315683	  95.21267	 95.110392	 95.008864	 94.908102	 94.808122	 94.708938	 94.610565	 94.513016	 94.416305	 94.320446	  94.22545	 94.131329	 94.038096	 93.945761	 93.854335	 93.763827	 93.674248	 93.585607	 93.497912	 93.411171	 93.325393	 93.240583	  93.15675	 93.073899	 92.992036	 92.911166	 92.831294	 92.752424	  92.67456	 92.597705	 92.521863	 92.447035	 92.373224	 92.300431	 92.228658	 92.157904	  92.08817	 92.019456	 91.951761	 91.885085	 91.819424	 91.754779	 91.691146	 91.628522	 91.566906	 91.506293	 91.446679	  91.38806	 91.330433	 91.273792	 91.218131	 91.163446	 91.109731	  91.05698	 91.005185	 90.954342	 90.904442	 90.855479	 90.807445	 90.760332	 90.714133	  90.66884	 90.624443	 90.580935	 90.538306	 90.496549	 90.455653	 90.415609	 90.376408	 90.338041	 90.300497	 90.263767	 90.227841	 90.192708	 90.158359	 90.124783	 90.091969	 90.059908	 90.028589	    89.998	 89.968133	 89.938975	 89.910516	 89.882745	 89.855652	 89.829226	 89.803456	 89.778331	 89.753841	 89.729974	  89.70672	 89.684069	 89.662009	  89.64053	 89.619621	 89.599273	 89.579474	 89.560213	 89.541482	 89.523268	 89.505564	 89.488357	 89.471638	 89.455398	 89.439626	 89.424313	 89.409449	 89.395025	 89.381032	 89.367459	 89.354298	 89.341541	 89.329178	   89.3172	 89.305599	 89.294366	 89.283493	 89.272972	 89.262796	 89.252955	 89.243442	  89.23425	 89.225371	 89.216798	 89.208524	 89.200541	 89.192844	 89.185425	 89.178277	 89.171396	 89.164773	 89.158404	 89.152282	 89.146402	 89.140758	 89.135346	 89.130158	 89.125192	 89.120441	 89.115902	 89.111569	 89.107438	 89.103506	 89.099767	 89.096219	 89.092857	 89.089678	 89.086678	 89.083855	 89.081206	 89.078727	 89.076416	  89.07427	 89.072288	 89.070466	 89.068803	 89.067298	 89.065947	  89.06475	 89.063706	 89.062813	 89.062071	 89.061478	 89.061034	 89.060738	  89.06059	
        99	 98.873642	  98.74731	 98.621031	 98.494832	 98.368739	 98.242779	 98.116978	 97.991362	 97.865957	  97.74079	 97.615886	  97.49127	 97.366969	 97.243007	  97.11941	 96.996203	  96.87341	 96.751055	 96.629163	 96.507757	 96.386861	 96.266499	 96.146692	 96.027464	 95.908836	 95.790831	  95.67347	 95.556773	 95.440763	 95.325458	 95.210879	 95.097045	 94.983975	 94.871687	   94.7602	 94.649531	 94.539697	 94.430716	 94.322602	 94.215372	 94.109041	 94.003623	 93.899133	 93.795584	  93.69299	 93.591363	 93.490714	 93.391057	 93.292401	 93.194757	 93.098135	 93.002544	 92.907994	 92.814493	 92.722048	 92.630667	 92.540356	 92.451123	 92.362972	 92.275909	 92.189938	 92.105064	  92.02129	 91.938619	 91.857055	 91.776598	 91.697252	 91.619016	 91.541892	  91.46588	 91.390979	  91.31719	  91.24451	 91.172938	 91.102472	  91.03311	 90.964849	 90.897685	 90.831614	 90.766633	 90.702737	 90.639921	  90.57818	 90.517509	   90.4579	 90.399349	 90.341848	 90.285391	  90.22997	 90.175578	 90.122206	 90.069847	 90.018493	 89.968135	 89.918763	 89.870369	 89.822944	 89.776478	  89.73096	 89.686382	 89.642734	 89.600004	 89.558182	 89.517258	 89.477221	  89.43806	 89.399764	 89.362322	 89.325723	 89.289956	 89.255008	 89.220869	 89.187526	 89.154969	 89.123186	 89.092165	 89.061895	 89.032362	 89.003557	 88.975467	  88.94808	 88.921385	 88.895369	 88.870022	 88.845331	 88.821285	 88.797872	 88.775081	   88.7529	 88.731319	 88.710324	 88.689906	 88.670053	 88.650754	 88.631998	 88.613774	 88.596072	  88.57888	 88.562189	 88.545987	 88.530264	  88.51501	 88.500216	  88.48587	 88.471964	 88.458488	 88.445431	 88.432786	 88.420542	  88.40869	 88.397222	 88.386129	 88.375402	 88.365033	 88.355013	 88.345335	  88.33599	 88.326971	  88.31827	 88.309879	 88.301792	 88.294002	   88.2865	 88.279281	 88.272339	 88.265666	 88.259257	 88.253105	 88.247205	  88.24155	 88.236137	 88.230958	  88.22601	 88.221287	 88.216785	 88.212498	 88.208423	 88.204555	  88.20089	 88.197425	 88.194156	 88.191079	 88.188191	 88.185489	 88.182969	 88.180631	  88.17847	 88.176484	 88.174671	  88.17303	 88.171558	 88.170254	 88.169115	 88.168142	 88.167333	 88.166687	 88.166202	  88.16588	 88.165719	
        99	 98.863231	 98.726491	 98.589809	 98.453212	 98.316731	 98.180393	 98.044228	 97.908262	 97.772526	 97.637046	 97.501851	 97.366969	 97.232427	 97.098252	 96.964472	 96.831114	 96.698204	 96.565769	 96.433834	 96.302426	  96.17157	 96.041291	 95.911614	 95.782562	 95.654161	 95.526434	 95.399404	 95.273093	 95.147524	  95.02272	 94.898701	 94.775488	 94.653102	 94.531564	 94.410891	 94.291105	 94.172222	 94.054262	 93.937241	 93.821176	 93.706085	 93.591982	 93.478883	 93.366803	 93.255756	 93.145756	 93.036816	 92.928947	 92.822163	 92.716474	 92.611892	 92.508426	 92.406086	 92.304881	  92.20482	  92.10591	 92.008159	 91.911574	 91.816161	 91.721924	 91.628871	 91.537004	 91.446328	 91.356846	 91.268562	 91.181477	 91.095593	 91.010912	 90.927434	 90.845159	 90.764088	 90.684219	 90.605551	 90.528082	 90.451811	 90.376734	 90.302849	 90.230151	 90.158637	 90.088303	 90.019143	 89.951151	 89.884324	 89.818654	 89.754134	 89.690759	 89.628521	 89.567412	 89.507425	 89.448551	 89.390783	  89.33411	 89.278525	 89.224018	 89.170578	 89.118198	 89.066865	  89.01657	 88.967303	 88.919052	 88.871807	 88.825557	  88.78029	 88.735994	 88.692659	 88.650271	  88.60882	 88.568294	 88.528679	 88.489965	 88.452138	 88.415186	 88.379097	 88.343857	 88.309456	 88.275879	 88.243114	 88.211149	  88.17997	 88.149566	 88.119923	 88.091028	 88.062869	 88.035433	 88.008708	 87.982681	 87.957339	 87.932671	 87.908663	 87.885303	 87.862579	 87.840478	  87.81899	 87.798101	   87.7778	 87.758074	 87.738914	 87.720305	 87.702238	 87.684702	 87.667683	 87.651173	  87.63516	 87.619632	 87.604581	 87.589994	 87.575862	 87.562174	 87.548922	 87.536094	 87.523681	 87.511674	 87.500063	  87.48884	 87.477994	 87.467519	 87.457404	 87.447642	 87.438224	 87.429142	 87.420389	 87.411956	 87.403837	 87.396023	 87.388509	 87.381286	 87.374349	  87.36769	 87.361304	 87.355184	 87.349324	 87.343719	 87.338363	 87.333251	 87.328377	 87.323738	 87.319327	  87.31514	 87.311173	 87.307423	 87.303884	 87.300554	 87.297428	 87.294503	 87.291776	 87.289245	 87.286906	 87.284756	 87.282794	 87.281018	 87.279424	 87.278013	 87.276781	 87.275727	 87.274851	 87.274152	 87.273628	 87.273279	 87.273104	
        99	 98.852849	 98.705729	 98.558671	 98.411706	 98.264865	 98.118178	 97.971676	  97.82539	  97.67935	 97.533586	 97.388128	 97.243007	 97.098252	 96.953893	 96.809958	 96.666476	 96.523477	 96.380989	  96.23904	 96.097656	 95.956867	 95.816699	 95.677178	  95.53833	 95.400182	 95.262759	 95.126086	 94.990187	 94.855087	 94.720809	 94.587376	  94.45481	 94.323134	 94.192369	 94.062537	 93.933658	 93.805751	 93.678836	 93.552932	 93.428057	 93.304229	 93.181465	 93.059781	 92.939193	 92.819717	 92.701367	 92.584157	   92.4681	  92.35321	 92.239499	 92.126978	 92.015658	 91.905549	 91.796662	 91.689005	 91.582588	 91.477417	   91.3735	 91.270843	 91.169454	 91.069336	 90.970496	 90.872937	 90.776663	 90.681677	 90.587981	 90.495578	 90.404469	 90.314654	 90.226134	 90.138908	 90.052977	 89.968337	 89.884988	 89.802927	 89.722152	 89.642658	 89.564442	 89.487499	 89.411826	 89.337415	 89.264263	 89.192363	 89.121708	 89.052291	 88.984105	 88.917142	 88.851395	 88.786854	 88.723511	 88.661357	 88.600383	 88.540578	 88.481933	 88.424438	 88.368081	 88.312852	 88.258739	 88.205732	 88.153819	 88.102987	 88.053226	 88.004523	 87.956865	 87.910239	 87.864635	 87.820037	 87.776434	 87.733813	 87.692159	 87.651461	 87.611704	 87.572875	 87.534961	 87.497948	 87.461823	 87.426571	 87.392179	 87.358634	 87.325921	 87.294028	  87.26294	 87.232643	 87.203125	 87.174371	 87.146368	 87.119103	 87.092562	 87.066731	 87.041598	 87.017149	 86.993371	 86.970252	 86.947777	 86.925935	 86.904712	 86.884097	 86.864076	 86.844638	  86.82577	  86.80746	 86.789696	 86.772467	 86.755761	 86.739567	 86.723873	 86.708668	 86.693942	 86.679683	 86.665881	 86.652526	 86.639608	 86.627116	  86.61504	 86.603372	 86.592101	 86.581218	 86.570715	 86.560582	 86.550811	 86.541393	  86.53232	 86.523585	 86.515178	 86.507093	 86.499322	 86.491858	 86.484694	 86.477823	 86.471238	 86.464934	 86.458903	 86.453141	 86.447641	 86.442397	 86.437405	 86.432659	 86.428155	 86.423887	 86.419852	 86.416045	 86.412461	 86.409098	 86.405951	 86.403018	 86.400294	 86.397777	 86.395465	 86.393354	 86.391443	 86.389728	 86.388209	 86.386884	 86.385751	 86.384808	 86.384055	 86.383492	 86.383116	 86.382929	
        99	 98.842498	 98.685029	 98.527626	 98.370322	 98.213151	 98.056146	 97.899338	 97.742761	 97.586447	  97.43043	  97.27474	  97.11941	 96.964472	 96.809958	 96.655898	 96.502323	 96.349265	 96.196753	 96.044818	 95.893489	 95.742796	 95.592767	 95.443431	 95.294816	 95.146951	  94.99986	 94.853573	 94.708114	  94.56351	 94.419786	 94.276966	 94.135075	 93.994137	 93.854173	 93.715208	 93.577262	 93.440358	 93.304515	 93.169754	 93.036095	 92.903556	 92.772156	 92.641912	 92.512842	 92.384961	 92.258285	  92.13283	 92.008609	 91.885637	 91.763927	  91.64349	 91.524339	 91.406485	 91.289938	 91.174708	 91.060804	 90.948235	 90.837008	  90.72713	 90.618608	 90.511448	 90.405655	 90.301233	 90.198186	 90.096518	 89.996232	 89.897328	  89.79981	 89.703677	  89.60893	 89.515569	 89.423592	 89.332998	 89.243786	 89.155953	 89.069495	 88.984409	 88.900691	 88.818336	 88.737339	 88.657694	 88.579396	 88.502437	 88.426812	 88.352512	 88.279529	 88.207856	 88.137484	 88.068403	 88.000604	 87.934078	 87.868815	 87.804803	 87.742032	 87.680492	 87.620171	 87.561056	 87.503137	 87.446401	 87.390836	 87.336429	 87.283167	 87.231038	 87.180027	 87.130122	 87.081309	 87.033575	 86.986904	 86.941285	 86.896701	  86.85314	 86.810586	 86.769026	 86.728445	 86.688828	 86.650161	 86.612429	 86.575618	 86.539713	   86.5047	 86.470563	 86.437288	  86.40486	 86.373265	 86.342489	 86.312516	 86.283333	 86.254925	 86.227277	 86.200376	 86.174207	 86.148756	  86.12401	 86.099955	 86.076576	  86.05386	 86.031795	 86.010366	  85.98956	 85.969365	 85.949767	 85.930753	 85.912313	 85.894431	 85.877098	   85.8603	 85.844025	 85.828263	 85.813001	 85.798229	 85.783934	 85.770107	 85.756736	 85.743811	 85.731322	 85.719258	  85.70761	 85.696368	 85.685522	 85.675064	 85.664983	 85.655272	 85.645922	 85.636924	  85.62827	 85.619953	 85.611964	 85.604296	 85.596941	 85.589894	 85.583146	 85.576691	 85.570523	 85.564636	 85.559024	  85.55368	 85.548601	  85.54378	 85.539212	 85.534892	 85.530817	 85.526982	 85.523382	 85.520014	 85.516874	 85.513959	 85.511265	  85.50879	 85.506531	 85.504485	  85.50265	 85.501024	 85.499605	 85.498392	 85.497383	 85.496578	 85.495974	 85.495572	 85.495372	
        99	 98.832179	 98.664393	 98.496678	 98.329069	 98.161601	 97.994309	 97.827228	 97.660393	 97.493838	 97.327599	 97.161709	 96.996203	 96.831114	 96.666476	 96.502323	 96.338687	 96.175601	 96.013097	 95.851208	 95.689965	 95.529399	 95.369541	 95.210422	  95.05207	 94.894517	  94.73779	 94.581919	  94.42693	 94.272852	 94.119712	 93.967535	 93.816348	 93.666176	 93.517043	 93.368973	  93.22199	 93.076116	 92.931374	 92.787784	 92.645368	 92.504146	 92.364137	  92.22536	 92.087833	 91.951574	 91.816599	 91.682925	 91.550566	 91.419537	 91.289853	 91.161526	 91.034569	 90.908994	 90.784811	 90.662032	 90.540666	 90.420721	 90.302207	 90.185131	 90.069499	 89.955318	 89.842594	  89.73133	 89.621533	 89.513204	 89.406347	 89.300964	 89.197057	 89.094626	 88.993671	 88.894193	 88.796191	 88.699662	 88.604605	 88.511017	 88.418895	 88.328234	 88.239031	 88.151281	 88.064977	 87.980115	 87.896687	 87.814687	 87.734106	 87.654939	 87.577175	 87.500806	 87.425823	 87.352216	 87.279976	 87.209091	 87.139552	 87.071346	 87.004463	 86.938891	 86.874618	 86.811631	 86.749917	 86.689464	 86.630258	 86.572287	 86.515536	 86.459991	 86.405638	 86.352464	 86.300453	 86.249591	 86.199863	 86.151254	  86.10375	 86.057335	 86.011993	  85.96771	  85.92447	 85.882258	 85.841058	 85.800854	 85.761631	 85.723374	 85.686066	 85.649693	 85.614238	 85.579686	 85.546021	 85.513228	 85.481292	 85.450197	 85.419927	 85.390468	 85.361805	 85.333921	 85.306803	 85.280436	 85.254804	 85.229894	  85.20569	 85.182179	 85.159346	 85.137177	 85.115659	 85.094777	 85.074518	 85.054869	 85.035816	 85.017347	 84.999448	 84.982108	 84.965313	 84.949051	 84.933311	  84.91808	 84.903346	   84.8891	 84.875328	  84.86202	 84.849166	 84.836755	 84.824776	  84.81322	 84.802077	 84.791336	 84.780989	 84.771026	 84.761438	 84.752218	 84.743355	 84.734843	 84.726672	 84.718836	 84.711326	 84.704136	 84.697259	 84.690687	 84.684414	 84.678434	 84.672741	 84.667328	 84.662191	 84.657324	 84.652722	  84.64838	 84.644293	 84.640457	 84.636869	 84.633523	 84.630417	 84.627547	 84.624909	 84.622502	 84.620322	 84.618367	 84.616634	 84.615123	  84.61383	 84.612755	 84.611897	 84.611254	 84.610826	 84.610612	
        99	 98.821895	 98.643827	 98.465834	 98.287954	 98.110223	  97.93268	  97.75536	 97.578301	  97.40154	 97.225114	 97.049058	  96.87341	 96.698204	 96.523477	 96.349265	 96.175601	 96.002521	 95.830059	 95.658249	 95.487125	  95.31672	 95.147066	 94.978195	  94.81014	 94.642932	 94.476601	 94.311177	 94.146691	 93.983171	 93.820647	 93.659145	 93.498693	 93.339318	 93.181046	 93.023902	 92.867912	 92.713099	 92.559486	 92.407098	 92.255954	 92.106078	  91.95749	 91.810208	 91.664254	 91.519645	 91.376399	 91.234533	 91.094063	 90.955005	 90.817373	 90.681182	 90.546445	 90.413175	 90.281382	 90.151079	 90.022275	 89.894981	 89.769204	 89.644953	 89.522235	 89.401057	 89.281425	 89.163344	 89.046818	 88.931851	 88.818445	 88.706604	  88.59633	 88.487621	 88.380481	 88.274907	 88.170898	 88.068454	 87.967572	 87.868249	 87.770482	 87.674266	 87.579596	 87.486468	 87.394876	 87.304813	 87.216273	 87.129247	 87.043729	  86.95971	 86.877181	 86.796132	 86.716554	 86.638437	 86.561769	 86.486541	  86.41274	 86.340355	 86.269374	 86.199783	 86.131571	 86.064724	 85.999228	 85.935071	 85.872237	 85.810713	 85.750484	 85.691536	 85.633852	 85.577419	 85.522221	 85.468242	 85.415467	  85.36388	 85.313464	 85.264205	 85.216085	 85.169088	 85.123198	 85.078399	 85.034674	 84.992007	 84.950381	 84.909779	 84.870185	 84.831582	 84.793955	 84.757285	 84.721558	 84.686755	 84.652862	 84.619861	 84.587737	 84.556472	 84.526052	  84.49646	  84.46768	 84.439697	 84.412495	 84.386058	 84.360371	 84.335419	 84.311187	  84.28766	 84.264822	 84.242661	 84.221161	 84.200307	 84.180087	 84.160486	 84.141491	 84.123088	 84.105263	 84.088005	   84.0713	 84.055136	   84.0395	  84.02438	 84.009764	 83.995641	 83.981999	 83.968828	 83.956115	  83.94385	 83.932024	 83.920625	 83.909644	  83.89907	 83.888895	  83.87911	 83.869704	  83.86067	 83.851999	 83.843682	 83.835713	 83.828082	 83.820783	 83.813808	 83.807151	 83.800805	 83.794762	 83.789018	 83.783566	 83.778401	 83.773517	 83.768909	 83.764571	 83.760501	 83.756692	 83.753141	 83.749845	 83.746799	    83.744	 83.741445	 83.739131	 83.737056	 83.735218	 83.733614	 83.732242	 83.731101	  83.73019	 83.729508	 83.729053	 83.728826	
