Time step 64:
        99	        99	        99	        99	        99	        99	        99	        99	        99	        99	        99	        99	        99	        99	        99	        99	        99	        99	        99	        99	        99	        99	        99	        99	        99	        99	        99	        99	        99	        99	        99	        99	        99	        99	        99	        99	        99	        99	        99	        99	        99	        99	        99	        99	        99	        99	        99	        99	        99	        99	        99	        99	        99	        99	        99	        99	        99	        99	        99	        99	        99	        99	        99	        99	        99	        99	        99	        99	        99	        99	        99	        99	        99	        99	        99	        99	        99	        99	        99	        99	        99	        99	        99	        99	        99	        99	        99	        99	        99	        99	        99	        99	        99	        99	        99	        99	        99	        99	        99	        99	        99	        99	        99	        99	        99	        99	        99	        99	        99	        99	        99	        99	        99	        99	        99	        99	        99	        99	        99	        99	        99	        99	        99	        99	        99	        99	        99	        99	        99	        99	        99	        99	        99	        99	        99	        99	        99	        99	        99	        99	        99	        99	        99	        99	        99	        99	        99	        99	        99	        99	        99	        99	        99	        99	        99	        99	        99	        99	        99	        99	        99	        99	        99	        99	        99	        99	        99	        99	        99	        99	        99	        99	        99	        99	        99	        99	        99	        99	        99	        99	        99	        99	        99	        99	        99	        99	        99	        99	        99	        99	        99	        99	        99	        99	        99	        99	        99	        99	        99	        99	
        99	 98.990079	 98.980159	 98.970244	 98.960334	 98.950433	 98.940541	  98.93066	 98.920794	 98.910942	 98.901109	 98.891295	 98.881502	 98.871732	 98.861987	 98.852269	  98.84258	 98.832921	 98.823295	 98.813703	 98.804147	 98.794628	 98.785149	  98.77571	 98.766315	 98.756964	 98.747659	 98.738401	 98.729193	 98.720035	  98.71093	 98.701878	 98.692882	 98.683942	  98.67506	 98.666238	 98.657476	 98.648776	  98.64014	 98.631568	 98.623062	 98.614622	 98.606251	 98.597949	 98.589717	 98.581556	 98.573467	 98.565451	 98.557509	 98.549642	 98.541851	 98.534136	 98.526499	 98.518939	 98.511458	 98.504057	 98.496735	 98.489494	 98.482333	 98.475254	 98.468257	 98.461343	 98.454511	 98.447762	 98.441097	 98.434515	 98.428017	 98.421603	 98.415274	 98.409028	 98.402868	 98.396791	   98.3908	 98.384893	  98.37907	 98.373332	 98.367678	 98.362108	 98.356622	  98.35122	 98.345901	 98.340666	 98.335514	 98.330445	 98.325458	 98.320553	 98.315729	 98.310987	 98.306326	 98.301744	 98.297243	 98.292821	 98.288478	 98.284212	 98.280025	 98.275914	  98.27188	 98.267922	 98.264039	  98.26023	 98.256495	 98.252833	 98.249243	 98.245725	 98.242278	 98.238901	 98.235594	 98.232355	 98.229184	  98.22608	 98.223042	  98.22007	 98.217162	 98.214318	 98.211537	 98.208818	  98.20616	 98.203563	 98.201025	 98.198546	 98.196125	 98.193761	 98.191453	   98.1892	 98.187002	 98.184857	 98.182765	 98.180725	 98.178735	 98.176796	 98.174907	 98.173065	 98.171272	 98.169525	 98.167824	 98.166168	 98.164557	 98.162989	 98.161463	  98.15998	 98.158538	 98.157136	 98.155773	  98.15445	 98.153164	 98.151916	 98.150704	 98.149528	 98.148387	  98.14728	 98.146207	 98.145167	  98.14416	 98.143184	 98.142239	 98.141324	 98.140439	 98.139583	 98.138756	 98.137956	 98.137184	 98.136439	 98.135719	 98.135026	 98.134357	 98.133713	 98.133093	 98.132497	 98.131924	 98.131374	 98.130845	 98.130339	 98.129854	  98.12939	 98.128946	 98.128523	 98.128119	 98.127735	  98.12737	 98.127024	 98.126696	 98.126386	 98.126095	 98.125821	 98.125564	 98.125325	 98.125102	 98.124897	 98.124708	 98.124535	 98.124378	 98.124238	 98.124113	 98.124005	 98.123912	 98.123834	 98.123773	 98.123726	 98.123695	  98.12368	
        99	 98.980159	 98.960323	 98.940494	 98.920676	 98.900875	 98.881093	 98.861334	 98.841603	 98.821903	 98.802237	 98.782611	 98.763027	 98.743489	 98.724001	 98.704567	 98.685191	 98.665876	 98.646625	 98.627442	 98.608332	 98.589296	  98.57034	 98.551465	 98.532676	 98.513975	 98.495367	 98.476854	 98.458439	 98.440125	 98.421916	 98.403815	 98.385824	 98.367946	 98.350184	 98.332541	 98.315019	 98.297622	 98.280351	 98.263208	 98.246198	 98.229321	  98.21258	 98.195977	 98.179514	 98.163194	 98.147018	 98.130988	 98.115106	 98.099373	 98.083792	 98.068364	 98.053091	 98.037973	 98.023013	 98.008211	 97.993569	 97.979088	 97.964768	 97.950612	  97.93662	 97.922792	  97.90913	 97.895633	 97.882304	 97.869142	 97.856147	 97.843321	 97.830663	 97.818174	 97.805853	 97.793702	  97.78172	 97.769906	 97.758262	 97.746787	  97.73548	 97.724341	 97.713371	 97.702568	 97.691932	 97.681463	 97.671159	 97.661022	 97.651049	 97.641239	 97.631594	  97.62211	 97.612788	 97.603627	 97.594625	 97.585781	 97.577096	 97.568566	 97.560192	 97.551971	 97.543904	 97.535988	 97.528222	 97.520606	 97.513136	 97.505813	 97.498635	   97.4916	 97.484706	 97.477953	 97.471339	 97.464862	  97.45852	 97.452313	 97.446238	 97.440293	 97.434478	 97.428791	 97.423229	 97.417792	 97.412477	 97.407283	 97.402208	  97.39725	 97.392408	  97.38768	 97.383065	  97.37856	 97.374163	 97.369874	 97.365691	 97.361611	 97.357633	 97.353755	 97.349976	 97.346294	 97.342707	 97.339213	 97.335812	 97.332501	 97.329278	 97.326142	 97.323092	 97.320125	 97.317241	 97.314438	 97.311713	 97.309066	 97.306495	 97.303998	 97.301575	 97.299223	 97.296941	 97.294728	 97.292583	 97.290503	 97.288488	 97.286536	 97.284646	 97.282817	 97.281047	 97.279336	 97.277681	 97.276082	 97.274538	 97.273047	 97.271609	 97.270222	 97.268885	 97.267597	 97.266358	 97.265165	 97.264019	 97.262918	 97.261862	 97.260849	 97.259879	 97.258951	 97.258064	 97.257217	  97.25641	 97.255642	 97.254912	 97.254219	 97.253564	 97.252945	 97.252362	 97.251814	 97.251301	 97.250822	 97.250377	 97.249966	 97.249588	 97.249242	 97.248929	 97.248648	 97.248399	 97.248182	 97.247996	 97.247842	 97.247718	 97.247625	 97.247564	 97.247533	
        99	 98.970244	 98.940494	 98.910755	 98.881034	 98.851337	 98.821669	 98.792035	 98.762443	 98.732898	 98.703405	  98.67397	 98.644598	 98.615297	  98.58607	 98.556924	 98.527864	 98.498896	 98.470024	 98.441255	 98.412594	 98.384046	 98.355615	 98.327308	 98.299129	 98.271083	 98.243175	 98.215409	 98.187792	 98.160326	 98.133017	 98.105869	 98.078887	 98.052075	 98.025436	 97.998976	 97.972698	 97.946606	 97.920703	 97.894994	 97.869482	 97.844171	 97.819063	 97.794163	 97.769473	 97.744997	 97.720737	 97.696696	 97.672877	 97.649282	 97.625914	 97.602776	  97.57987	 97.557197	  97.53476	 97.512561	 97.490601	 97.468883	 97.447408	 97.426177	 97.405192	 97.384453	 97.363963	 97.343722	 97.323731	 97.303991	 97.284503	 97.265266	 97.246282	 97.227552	 97.209074	  97.19085	  97.17288	 97.155163	 97.137699	 97.120489	 97.103532	 97.086826	 97.070373	 97.054171	  97.03822	 97.022519	 97.007067	 96.991863	 96.976905	 96.962194	 96.947728	 96.933505	 96.919524	 96.905784	 96.892284	 96.879021	 96.865994	 96.853202	 96.840643	 96.828314	 96.816215	 96.804343	 96.792696	 96.781273	 96.770071	 96.759088	 96.748322	 96.737771	 96.727433	 96.717305	 96.707385	 96.697671	  96.68816	 96.678851	 96.669739	 96.660825	 96.652104	 96.643574	 96.635233	 96.627078	 96.619107	 96.611317	 96.603706	  96.59627	 96.589009	 96.581918	 96.574996	 96.568239	 96.561646	 96.555214	 96.548939	  96.54282	 96.536854	 96.531038	 96.525371	 96.519848	 96.514469	 96.509229	 96.504128	 96.499162	 96.494329	 96.489626	 96.485051	 96.480602	 96.476277	 96.472072	 96.467986	 96.464016	  96.46016	 96.456416	 96.452781	 96.449254	 96.445832	 96.442513	 96.439295	 96.436176	 96.433154	 96.430227	 96.427392	 96.424649	 96.421995	 96.419428	 96.416946	 96.414549	 96.412233	 96.409997	  96.40784	 96.405759	 96.403754	 96.401823	 96.399964	 96.398176	 96.396457	 96.394806	 96.393222	 96.391703	 96.390248	 96.388856	 96.387525	 96.386255	 96.385045	 96.383893	 96.382798	 96.381759	 96.380776	 96.379848	 96.378973	 96.378152	 96.377382	 96.376664	 96.375997	  96.37538	 96.374813	 96.374295	 96.373826	 96.373404	 96.373031	 96.372705	 96.372426	 96.372194	 96.372009	  96.37187	 96.371778	 96.371732	
        99	 98.960334	 98.920676	 98.881034	 98.841415	 98.801828	 98.762279	 98.722778	 98.683331	 98.643946	  98.60463	 98.565393	  98.52624	  98.48718	  98.44822	 98.409368	  98.37063	 98.332015	 98.293529	 98.255179	 98.216972	 98.178917	 98.141018	 98.103284	  98.06572	 98.028334	 97.991132	  97.95412	 97.917305	 97.880692	 97.844289	   97.8081	 97.772132	 97.736391	 97.700881	 97.665609	 97.630579	 97.595797	 97.561269	 97.526998	  97.49299	 97.459249	  97.42578	 97.392588	 97.359675	 97.327047	 97.294708	 97.262661	 97.230909	 97.199457	 97.168307	 97.137464	 97.106929	 97.076705	 97.046796	 97.017204	 96.987932	 96.958981	 96.930354	 96.902052	 96.874078	 96.846434	  96.81912	 96.792138	 96.765489	 96.739175	 96.713196	 96.687554	 96.662248	 96.637279	 96.612648	 96.588355	   96.5644	 96.540783	 96.517504	 96.494562	 96.471957	 96.449689	 96.427756	 96.406159	 96.384896	 96.363965	 96.343367	 96.323099	 96.303161	 96.283551	 96.264267	 96.245307	  96.22667	 96.208355	 96.190358	 96.172678	 96.155313	 96.138261	 96.121519	 96.105085	 96.088957	 96.073131	 96.057606	 96.042378	 96.027445	 96.012805	 95.998454	 95.984389	 95.970608	 95.957107	 95.943883	 95.930934	 95.918256	 95.905846	 95.893701	 95.881817	 95.870192	 95.858821	 95.847702	 95.836832	 95.826206	 95.815822	 95.805676	 95.795765	 95.786085	 95.776633	 95.767405	 95.758398	 95.749609	 95.741035	 95.732671	 95.724514	 95.716561	 95.708809	 95.701253	 95.693892	 95.686721	 95.679737	 95.672936	 95.666317	 95.659874	 95.653605	 95.647507	 95.641576	  95.63581	 95.630205	 95.624758	 95.619466	 95.614326	 95.609334	  95.60449	 95.599788	 95.595226	 95.590802	 95.586512	 95.582355	 95.578326	 95.574424	 95.570646	 95.566989	 95.563451	 95.560029	 95.556721	 95.553525	 95.550437	 95.547457	 95.544581	 95.541808	 95.539136	 95.536561	 95.534083	 95.531699	 95.529408	 95.527207	 95.525095	  95.52307	 95.521131	 95.519275	 95.517502	 95.515809	 95.514195	 95.512659	   95.5112	 95.509816	 95.508505	 95.507268	 95.506102	 95.505007	 95.503981	 95.503024	 95.502135	 95.501312	 95.500556	 95.499866	  95.49924	 95.498678	 95.498181	 95.497746	 95.497374	 95.497065	 95.496818	 95.496633	  95.49651	 95.496448	
        99	 98.950433	 98.900875	 98.851337	 98.801828	 98.752358	 98.702937	 98.653575	  98.60428	 98.555064	 98.505934	 98.456902	 98.407976	 98.359165	  98.31048	 98.261928	 98.213521	 98.165265	 98.117172	 98.069249	 98.021505	 97.973949	  97.92659	 97.879436	 97.832495	 97.785777	 97.739288	 97.693037	 97.647031	 97.601279	 97.555788	 97.510566	 97.465619	 97.420955	 97.376581	 97.332504	  97.28873	 97.245266	 97.202118	 97.159292	 97.116795	 97.074631	 97.032807	 96.991329	   96.9502	 96.909428	 96.869015	 96.828968	  96.78929	 96.749987	 96.711061	 96.672518	  96.63436	 96.596592	 96.559217	 96.522238	 96.485658	  96.44948	 96.413707	 96.378341	 96.343384	 96.308838	 96.274706	 96.240988	 96.207688	 96.174805	 96.142341	 96.110297	 96.078674	 96.047473	 96.016693	 95.986336	 95.956401	 95.926888	 95.897798	 95.869129	 95.840881	 95.813054	 95.785646	 95.758657	 95.732086	 95.705931	 95.680191	 95.654864	 95.629948	 95.605443	 95.581345	 95.557652	 95.534363	 95.511475	 95.488986	 95.466893	 95.445193	 95.423884	 95.402963	 95.382427	 95.362272	 95.342496	 95.323095	 95.304066	 95.285406	 95.267111	 95.249177	 95.231601	  95.21438	 95.197508	 95.180984	 95.164802	 95.148959	 95.133451	 95.118274	 95.103424	 95.088897	 95.074688	 95.060793	 95.047209	 95.033931	 95.020954	 95.008276	  94.99589	 94.983794	 94.971982	 94.960451	 94.949196	 94.938213	 94.927498	 94.917046	 94.906853	 94.896915	 94.887227	 94.877786	 94.868587	 94.859626	 94.850898	   94.8424	 94.834128	 94.826077	 94.818243	 94.810623	 94.803212	 94.796006	 94.789001	 94.782195	 94.775582	 94.769158	 94.762922	 94.756867	 94.750992	 94.745291	 94.739763	 94.734402	 94.729207	 94.724172	 94.719296	 94.714575	 94.710005	 94.705584	 94.701308	 94.697174	  94.69318	 94.689322	 94.685598	 94.682004	 94.678539	 94.675199	 94.671982	 94.668885	 94.665906	 94.663043	 94.660293	 94.657654	 94.655123	   94.6527	 94.650381	 94.648164	 94.646049	 94.644032	 94.642113	 94.640289	  94.63856	 94.636922	 94.635376	 94.633919	  94.63255	 94.631268	 94.630073	 94.628961	 94.627934	 94.626989	 94.626126	 94.625344	 94.624642	  94.62402	 94.623477	 94.623013	 94.622627	 94.622318	 94.622087	 94.621933	 94.621856	
        99	 98.940541	 98.881093	 98.821669	 98.762279	 98.702937	 98.643653	  98.58444	 98.525308	 98.466269	 98.407335	 98.348518	 98.289827	 98.231276	 98.172874	 98.114634	 98.056566	  97.99868	 97.940989	 97.883502	  97.82623	 97.769184	 97.712373	 97.655809	 97.599501	 97.543458	 97.487692	 97.432211	 97.377024	 97.322142	 97.267572	 97.213325	 97.159408	 97.105831	 97.052602	 96.999728	 96.947218	  96.89508	 96.843321	 96.791949	  96.74097	 96.690392	 96.640222	 96.590465	 96.541129	  96.49222	 96.443742	 96.395703	 96.348107	  96.30096	 96.254266	 96.208031	 96.162258	 96.116953	 96.072119	  96.02776	  95.98388	 95.940482	  95.89757	 95.855146	 95.813212	 95.771773	 95.730829	 95.690383	 95.650436	 95.610991	 95.572048	  95.53361	 95.495676	 95.458247	 95.421325	  95.38491	 95.349001	 95.313598	 95.278702	 95.244312	 95.210427	 95.177047	 95.144169	 95.111795	  95.07992	 95.048546	 95.017669	 94.987287	 94.957399	 94.928003	 94.899096	 94.870675	 94.842739	 94.815283	 94.788306	 94.761804	 94.735774	 94.710212	 94.685116	 94.660481	 94.636304	 94.612581	 94.589308	 94.566482	 94.544098	 94.522151	 94.500639	 94.479555	 94.458897	 94.438659	 94.418837	 94.399426	 94.380421	 94.361818	 94.343612	 94.325799	 94.308372	 94.291327	  94.27466	 94.258365	 94.242437	 94.226871	 94.211662	 94.196805	 94.182294	 94.168125	 94.154293	 94.140792	 94.127617	 94.114764	 94.102226	 94.089999	 94.078077	 94.066456	 94.055131	 94.044096	 94.033346	 94.022877	 94.012683	  94.00276	 93.993102	 93.983705	 93.974564	 93.965674	  93.95703	 93.948628	 93.940463	  93.93253	 93.924825	 93.917343	  93.91008	 93.903032	 93.896194	 93.889562	 93.883132	   93.8769	 93.870861	 93.865012	 93.859348	 93.853866	 93.848563	 93.843433	 93.838475	 93.833683	 93.829056	 93.824588	 93.820277	  93.81612	 93.812114	 93.808255	  93.80454	 93.800967	 93.797532	 93.794233	 93.791067	 93.788032	 93.785125	 93.782343	 93.779684	 93.777147	 93.774728	 93.772426	 93.770238	 93.768163	 93.766199	 93.764344	 93.762596	 93.760954	 93.759417	 93.757982	 93.756649	 93.755416	 93.754283	 93.753248	  93.75231	 93.751468	 93.750722	 93.750071	 93.749513	  93.74905	  93.74868	 93.748402	 93.748218	 93.748125	
        99	  98.93066	 98.861334	 98.792035	 98.722778	 98.653575	  98.58444	 98.515387	 98.446429	  98.37758	 98.308853	 98.240262	 98.171819	 98.103538	 98.035432	 97.967514	 97.899797	 97.832293	 97.765015	 97.697975	 97.631187	 97.564661	  97.49841	 97.432447	 97.366782	 97.301427	 97.236394	 97.171693	 97.107337	 97.043334	 96.979697	 96.916436	  96.85356	  96.79108	 96.729005	 96.667346	  96.60611	 96.545308	 96.484949	  96.42504	  96.36559	 96.306608	 96.248101	 96.190076	 96.132542	 96.075505	 96.018973	 95.962951	 95.907446	 95.852464	 95.798011	 95.744093	 95.690715	 95.637881	 95.585597	 95.533867	 95.482696	 95.432087	 95.382043	  95.33257	 95.283668	 95.235343	 95.187595	 95.140428	 95.093844	 95.047844	  95.00243	 94.957604	 94.913367	 94.869719	 94.826662	 94.784195	 94.742319	 94.701034	 94.660339	 94.620235	 94.580719	 94.541792	 94.503451	 94.465697	 94.428526	 94.391938	  94.35593	   94.3205	 94.285646	 94.251365	 94.217654	 94.184511	 94.151932	 94.119915	 94.088455	 94.057549	 94.027193	 93.997384	 93.968117	 93.939389	 93.911194	  93.88353	  93.85639	  93.82977	 93.803666	 93.778073	 93.752986	 93.728399	 93.704308	 93.680707	 93.657591	 93.634955	 93.612792	 93.591098	 93.569867	 93.549093	  93.52877	 93.508894	 93.489457	 93.470454	 93.451879	 93.433726	  93.41599	 93.398664	 93.381743	  93.36522	 93.349089	 93.333344	  93.31798	 93.302991	 93.288369	 93.274111	 93.260208	 93.246656	 93.233449	  93.22058	 93.208044	 93.195836	 93.183948	 93.172376	 93.161113	 93.150154	 93.139494	 93.129127	 93.119047	 93.109248	 93.099726	 93.090475	  93.08149	 93.072765	 93.064296	 93.056076	 93.048102	 93.040368	  93.03287	 93.025601	 93.018559	 93.011738	 93.005133	 92.998741	 92.992556	 92.986574	 92.980791	 92.975204	 92.969807	 92.964597	  92.95957	 92.954722	  92.95005	  92.94555	 92.941218	 92.937051	 92.933045	 92.929198	 92.925506	 92.921967	 92.918576	 92.915332	 92.912232	 92.909273	 92.906452	 92.903767	 92.901216	 92.898796	 92.896505	 92.894342	 92.892304	 92.890389	 92.888596	 92.886923	 92.885369	 92.883931	 92.882609	 92.881402	 92.880308	 92.879327	 92.878457	 92.877697	 92.877047	 92.876507	 92.876075	 92.875752	 92.875536	 92.875428	
        99	 98.920794	 98.841603	 98.762443	 98.683331	  98.60428	 98.525308	 98.446429	 98.367659	 98.289013	 98.210507	 98.132155	 98.053973	 97.975977	  97.89818	 97.820597	 97.743244	 97.666134	 97.589283	 97.512704	 97.436412	  97.36042	 97.284743	 97.209393	 97.134384	  97.05973	 96.985442	 96.911535	 96.838021	 96.764912	 96.692219	 96.619956	 96.548133	 96.476763	 96.405855	 96.335422	 96.265473	 96.196019	 96.127071	 96.058637	 95.990728	 95.923353	 95.856521	  95.79024	 95.724519	 95.659366	 95.594789	 95.530795	 95.467393	 95.404587	 95.342386	 95.280796	 95.219822	 95.159471	 95.099747	 95.040656	 94.982203	 94.924393	 94.867228	 94.810715	 94.754855	 94.699653	 94.645111	 94.591232	 94.538019	 94.485474	 94.433598	 94.382394	 94.331862	 94.282003	 94.232819	  94.18431	 94.136475	 94.089315	  94.04283	 93.997018	  93.95188	 93.907413	 93.863618	 93.820491	 93.778031	 93.736237	 93.695105	 93.654634	  93.61482	 93.575661	 93.537153	 93.499294	 93.462079	 93.425506	 93.389569	 93.354265	  93.31959	  93.28554	 93.252108	 93.219292	 93.187086	 93.155484	 93.124483	 93.094075	 93.064257	 93.035022	 93.006365	  92.97828	 92.950761	 92.923802	 92.897396	 92.871539	 92.846223	 92.821442	 92.797189	 92.773459	 92.750245	  92.72754	 92.705337	  92.68363	 92.662412	 92.641677	 92.621417	 92.601625	 92.582296	 92.563422	 92.544996	 92.527011	 92.509461	 92.492338	 92.475636	 92.459348	 92.443468	 92.427988	 92.412901	 92.398201	 92.383881	 92.369935	 92.356356	 92.343137	 92.330272	 92.317754	 92.305577	 92.293734	  92.28222	 92.271027	  92.26015	 92.249583	 92.239319	 92.229353	 92.219678	 92.210289	  92.20118	 92.192346	  92.18378	 92.175478	 92.167433	 92.159642	 92.152097	 92.144795	  92.13773	 92.130897	 92.124292	 92.117909	 92.111744	 92.105793	 92.100051	 92.094513	 92.089176	 92.084035	 92.079087	 92.074327	 92.069751	 92.065357	  92.06114	 92.057096	 92.053224	 92.049518	 92.045976	 92.042596	 92.039374	 92.036307	 92.033393	 92.030628	 92.028012	 92.025541	 92.023213	 92.021025	 92.018977	 92.017066	 92.015291	 92.013649	 92.012139	  92.01076	  92.00951	 92.008389	 92.007395	 92.006528	 92.005785	 92.005168	 92.004675	 92.004305	 92.004059	 92.003936	
        99	 98.910942	 98.821903	 98.732898	 98.643946	 98.555064	 98.466269	  98.37758	 98.289013	 98.200586	 98.112315	 98.024219	 97.936314	 97.848616	 97.761143	 97.673912	 97.586938	 97.500238	 97.413829	 97.327726	 97.241945	 97.156502	 97.071412	  96.98669	 96.902353	 96.818413	 96.734887	 96.651788	  96.56913	 96.486928	 96.405195	 96.323944	 96.243189	 96.162941	 96.083215	 96.004022	 95.925373	 95.847281	 95.769758	 95.692813	 95.616458	 95.540703	 95.465558	 95.391034	 95.317139	 95.243883	 95.171274	 95.099322	 95.028033	 94.957417	  94.88748	 94.818229	 94.749672	 94.681814	 94.614663	 94.548223	   94.4825	 94.417499	 94.353225	 94.289683	 94.226876	 94.164808	 94.103483	 94.042903	 93.983072	 93.923991	 93.865664	 93.808091	 93.751274	 93.695214	 93.639913	  93.58537	 93.531586	 93.478561	 93.426294	 93.374785	 93.324033	 93.274036	 93.224793	 93.176302	 93.128562	 93.081569	 93.035322	 92.989817	 92.945052	 92.901022	 92.857725	 92.815157	 92.773314	 92.732192	 92.691786	 92.652091	 92.613104	 92.574818	 92.537229	 92.500331	 92.464119	 92.428587	  92.39373	 92.359541	 92.326014	 92.293143	 92.260922	 92.229344	 92.198402	  92.16809	   92.1384	 92.109327	 92.080862	 92.052999	  92.02573	 91.999049	 91.972947	 91.947418	 91.922454	 91.898047	 91.874191	 91.850876	 91.828096	 91.805844	  91.78411	 91.762888	 91.742171	 91.721949	 91.702216	 91.682964	 91.664185	 91.645871	 91.628016	  91.61061	 91.593647	 91.577119	 91.561018	 91.545338	  91.53007	 91.515207	 91.500741	 91.486666	 91.472975	 91.459659	 91.446713	 91.434128	 91.421898	 91.410017	 91.398476	  91.38727	 91.376392	 91.365836	 91.355594	 91.345661	  91.33603	 91.326695	  91.31765	 91.308889	 91.300406	 91.292196	 91.284252	  91.27657	 91.269143	 91.261966	 91.255035	 91.248343	 91.241887	  91.23566	  91.22966	  91.22388	 91.218316	 91.212964	 91.207819	 91.202878	 91.198136	  91.19359	 91.189236	 91.185069	 91.181087	 91.177286	 91.173663	 91.170215	 91.166938	  91.16383	 91.160888	  91.15811	 91.155492	 91.153033	  91.15073	 91.148581	 91.146585	 91.144739	 91.143041	 91.141491	 91.140086	 91.138825	 91.137708	 91.136732	 91.135897	 91.135203	 91.134649	 91.134233	 91.133956	 91.133818	
        99	 98.901109	 98.802237	 98.703405	  98.60463	 98.505934	 98.407335	 98.308853	 98.210507	 98.112315	 98.014298	 97.916475	 97.818863	 97.721482	  97.62435	 97.527487	 97.430909	 97.334636	 97.238686	 97.143075	 97.047822	 96.952945	 96.858459	 96.764383	 96.670733	 96.577525	 96.484776	 96.392501	 96.300717	 96.209438	  96.11868	 96.028457	 95.938785	 95.849677	 95.761147	 95.673209	 95.585877	 95.499162	 95.413078	 95.327637	 95.242851	 95.158731	  95.07529	 94.992536	 94.910482	 94.829137	 94.748511	 94.668614	 94.589454	  94.51104	  94.43338	 94.356483	 94.280356	 94.205005	 94.130439	 94.056663	 93.983683	 93.911505	 93.840134	 93.769575	 93.699833	 93.630912	 93.562815	 93.495546	 93.429109	 93.363505	 93.298736	 93.234806	 93.171716	 93.109466	 93.048059	 92.987493	 92.927771	  92.86889	 92.810852	 92.753656	 92.697299	 92.641782	 92.587102	 92.533257	 92.480245	 92.428063	 92.376709	  92.32618	 92.276471	  92.22758	 92.179503	 92.132235	 92.085771	 92.040108	  91.99524	 91.951163	  91.90787	 91.865357	 91.823617	 91.782645	 91.742435	  91.70298	 91.664274	 91.626309	 91.589081	  91.55258	 91.516801	 91.481736	 91.447378	 91.413718	 91.380751	 91.348467	 91.316859	 91.285919	  91.25564	 91.226012	 91.197029	 91.168681	  91.14096	 91.113858	 91.087367	 91.061479	 91.036184	 91.011474	  90.98734	 90.963775	  90.94077	 90.918316	 90.896404	 90.875026	 90.854173	 90.833837	  90.81401	 90.794682	 90.775846	 90.757493	 90.739615	 90.722203	 90.705249	 90.688745	 90.672682	 90.657053	  90.64185	 90.627064	 90.612688	 90.598714	 90.585133	  90.57194	 90.559125	 90.546682	 90.534603	 90.522881	 90.511508	 90.500478	 90.489784	 90.479418	 90.469374	 90.459646	 90.450227	 90.441109	 90.432289	 90.423758	 90.415511	 90.407542	 90.399845	 90.392415	 90.385245	 90.378331	 90.371668	  90.36525	 90.359071	 90.353128	 90.347416	 90.341929	 90.336664	 90.331616	  90.32678	 90.322154	 90.317732	 90.313512	 90.309489	 90.305659	 90.302021	  90.29857	 90.295303	 90.292218	 90.289311	  90.28658	 90.284023	 90.281637	  90.27942	  90.27737	 90.275485	 90.273764	 90.272204	 90.270804	 90.269563	 90.268479	 90.267553	 90.266782	 90.266166	 90.265705	 90.265397	 90.265244	
        99	 98.891295	 98.782611	  98.67397	 98.565393	 98.456902	 98.348518	 98.240262	 98.132155	 98.024219	 97.916475	 97.808942	 97.701643	 97.594598	 97.487827	  97.38135	 97.275188	 97.169361	 97.063888	 96.958789	 96.854083	 96.749789	 96.645927	 96.542514	  96.43957	 96.337112	 96.235158	 96.133725	 96.032832	 95.932494	 95.832729	 95.733553	 95.634981	  95.53703	 95.439714	 95.343049	 95.247049	 95.151729	 95.057102	 94.963181	 94.869981	 94.777513	  94.68579	 94.594824	 94.504627	 94.415209	 94.326581	 94.238754	 94.151738	 94.065542	 93.980176	 93.895647	 93.811965	 93.729136	  93.64717	 93.566072	 93.485849	 93.406508	 93.328054	 93.250493	 93.173829	 93.098068	 93.023213	 92.949269	 92.876237	 92.804122	 92.732927	 92.662652	   92.5933	 92.524873	 92.457371	 92.390795	 92.325145	 92.260421	 92.196623	  92.13375	 92.071801	 92.010774	 91.950667	 91.891478	 91.833205	 91.775845	 91.719395	 91.663851	 91.609209	 91.555466	 91.502617	 91.450658	 91.399583	 91.349388	 91.300068	 91.251616	 91.204027	 91.157294	 91.111412	 91.066374	 91.022173	 90.978803	 90.936255	 90.894523	   90.8536	 90.813477	 90.774147	 90.735602	 90.697834	 90.660834	 90.624594	 90.589107	 90.554362	 90.520352	 90.487067	 90.454499	 90.422639	 90.391478	 90.361006	 90.331215	 90.302095	 90.273637	 90.245831	 90.218669	 90.192141	 90.166237	 90.140949	 90.116266	 90.092179	  90.06868	 90.045758	 90.023404	 90.001609	 89.980363	 89.959658	 89.939483	 89.919831	  89.90069	 89.882054	 89.863912	 89.846255	 89.829075	 89.812363	  89.79611	 89.780307	 89.764946	 89.750018	 89.735515	 89.721428	  89.70775	 89.694472	 89.681587	 89.669086	 89.656961	 89.645205	 89.633811	  89.62277	 89.612077	 89.601722	 89.591701	 89.582004	 89.572627	 89.563561	 89.554801	 89.546341	 89.538173	 89.530292	 89.522692	 89.515368	 89.508312	 89.501521	 89.494988	 89.488709	 89.482677	  89.47689	  89.47134	 89.466025	  89.46094	 89.456079	  89.45144	 89.447017	 89.442808	 89.438808	 89.435015	 89.431424	 89.428032	 89.424837	 89.421836	 89.419025	 89.416402	 89.413965	 89.411711	 89.409639	 89.407747	 89.406032	 89.404493	 89.403129	 89.401938	  89.40092	 89.400072	 89.399395	 89.398888	  89.39855	 89.398382	
        99	 98.881502	 98.763027	 98.644598	  98.52624	 98.407976	 98.289827	 98.171819	 98.053973	 97.936314	 97.818863	 97.701643	 97.584678	 97.467989	 97.351599	 97.235531	 97.119805	 97.004444	 96.889469	 96.774902	 96.660763	 96.547074	 96.433855	 96.321126	 96.208908	  96.09722	 95.986081	 95.875511	 95.765528	 95.656151	 95.547399	 95.439288	 95.331836	  95.22506	 95.118978	 95.013604	 94.908956	 94.805049	 94.701897	 94.599515	 94.497919	 94.397121	 94.297135	 94.197974	 94.099651	 94.002178	 93.905566	 93.809827	 93.714972	 93.621011	 93.527954	  93.43581	 93.344589	 93.254299	 93.164948	 93.076544	 92.989095	 92.902606	 92.817084	 92.732536	 92.648966	  92.56638	 92.484781	 92.404175	 92.324565	 92.245953	 92.168343	 92.091738	 92.016139	 91.941547	 91.867964	  91.79539	 91.723826	 91.653272	 91.583726	 91.515189	 91.447659	 91.381134	 91.315612	 91.251091	 91.187569	 91.125041	 91.063505	 91.002957	 90.943393	 90.884809	 90.827199	 90.770559	 90.714883	 90.660166	 90.606402	 90.553586	 90.501709	 90.450767	 90.400752	 90.351656	 90.303473	 90.256195	 90.209815	 90.164323	 90.119713	 90.075976	 90.033103	 89.991085	 89.949914	 89.909582	 89.870077	 89.831393	 89.793518	 89.756444	 89.720161	 89.684659	 89.649929	  89.61596	 89.582743	 89.550268	 89.518525	 89.487503	 89.457193	 89.427584	 89.398665	 89.370428	 89.342861	 89.315955	 89.289699	 89.264082	 89.239095	 89.214727	 89.190969	 89.167809	 89.145238	 89.123246	 89.101823	 89.080959	 89.060643	 89.040867	  89.02162	 89.002892	 88.984674	 88.966957	  88.94973	 88.932985	 88.916713	 88.900903	 88.885548	 88.870637	 88.856163	 88.842117	 88.828489	 88.815273	 88.802458	 88.790037	 88.778002	 88.766345	 88.755058	 88.744133	 88.733563	 88.723341	 88.713459	  88.70391	 88.694687	 88.685783	 88.677193	 88.668908	 88.660923	 88.653232	 88.645829	 88.638708	 88.631863	 88.625288	 88.618979	  88.61293	 88.607136	 88.601592	 88.596294	 88.591236	 88.586416	 88.581827	 88.577467	 88.573332	 88.569417	  88.56572	 88.562237	 88.558965	 88.555901	 88.553042	 88.550386	 88.547929	  88.54567	 88.543607	 88.541738	 88.540061	 88.538574	 88.537275	 88.536165	 88.535241	 88.534504	 88.533951	 88.533582	 88.533398	
        99	 98.871732	 98.743489	 98.615297	  98.48718	 98.359165	 98.231276	 98.103538	 97.975977	 97.848616	 97.721482	 97.594598	 97.467989	  97.34168	 97.215694	 97.090056	 96.964789	 96.839916	 96.715462	 96.591449	   96.4679	 96.344838	 96.222284	 96.100262	 95.978791	 95.857895	 95.737593	 95.617907	 95.498856	 95.380462	 95.262743	 95.145718	 95.029408	 94.913829	    94.799	 94.684939	 94.571663	 94.459188	 94.347532	  94.23671	 94.126737	 94.017628	 93.909399	 93.802062	 93.695633	 93.590123	 93.485546	 93.381914	 93.279238	  93.17753	 93.076801	  92.97706	 92.878318	 92.780584	 92.683867	 92.588174	 92.493515	 92.399895	 92.307323	 92.215804	 92.125344	 92.035948	 91.947622	  91.86037	 91.774196	 91.689104	 91.605095	 91.522174	 91.440342	   91.3596	  91.27995	 91.201393	 91.123929	 91.047557	 90.972278	  90.89809	 90.824993	 90.752983	 90.682059	 90.612219	 90.543459	 90.475776	 90.409167	 90.343627	 90.279152	 90.215737	 90.153378	 90.092068	 90.031802	 89.972574	 89.914377	 89.857206	 89.801053	  89.74591	 89.691771	 89.638628	 89.586472	 89.535297	 89.485092	  89.43585	 89.387562	 89.340219	 89.293811	 89.248329	 89.203764	 89.160106	 89.117345	  89.07547	 89.034473	 88.994342	 88.955068	 88.916639	 88.879045	 88.842276	 88.806321	 88.771168	 88.736808	 88.703228	 88.670419	 88.638369	 88.607066	 88.576501	 88.546661	 88.517537	 88.489115	 88.461387	  88.43434	 88.407963	 88.382246	 88.357177	 88.332745	  88.30894	  88.28575	 88.263166	 88.241175	 88.219768	 88.198934	 88.178663	 88.158943	 88.139765	 88.121118	 88.102992	 88.085378	 88.068265	 88.051644	 88.035504	 88.019837	 88.004632	 87.989881	 87.975574	 87.961703	 87.948258	 87.935231	 87.922613	 87.910395	  87.89857	 87.887128	 87.876063	 87.865366	  87.85503	 87.845047	 87.835409	  87.82611	 87.817143	   87.8085	 87.800175	 87.792161	 87.784453	 87.777043	 87.769927	 87.763097	 87.756549	 87.750278	 87.744277	 87.738542	 87.733067	 87.727849	 87.722882	 87.718163	 87.713687	 87.709449	 87.705448	 87.701677	 87.698136	 87.694819	 87.691724	 87.688849	  87.68619	 87.683745	 87.681511	 87.679488	 87.677672	 87.676063	 87.674657	 87.673456	 87.672456	 87.671657	 87.671059	  87.67066	 87.670461	
        99	 98.861987	 98.724001	  98.58607	  98.44822	  98.31048	 98.172874	 98.035432	  97.89818	 97.761143	  97.62435	 97.487827	 97.351599	 97.215694	 97.080137	 96.944953	  96.81017	 96.675811	 96.541901	 96.408467	 96.275532	  96.14312	 96.011256	 95.879963	 95.749264	 95.619183	 95.489741	 95.360962	 95.232868	 95.105478	 94.978816	 94.852901	 94.727754	 94.603394	 94.479842	 94.357115	 94.235233	 94.114214	 93.994075	 93.874833	 93.756505	 93.639108	 93.522656	 93.407165	  93.29265	 93.179124	 93.066602	 92.955097	 92.844621	 92.735186	 92.626804	 92.519486	 92.413242	 92.308083	 92.204018	 92.101055	 91.999204	 91.898472	 91.798867	 91.700395	 91.603063	 91.506876	 91.411839	 91.317959	 91.225238	 91.133681	  91.04329	 90.954069	  90.86602	 90.779144	 90.693443	 90.608918	 90.525568	 90.443395	 90.362397	 90.282573	 90.203921	 90.126441	 90.050129	 89.974983	 89.900999	 89.828174	 89.756504	 89.685985	 89.616612	  89.54838	 89.481282	 89.415315	  89.35047	 89.286742	 89.224125	  89.16261	 89.102191	 89.042859	 88.984607	 88.927426	 88.871308	 88.816245	 88.762226	 88.709243	 88.657286	 88.606346	 88.556412	 88.507475	 88.459525	  88.41255	  88.36654	 88.321484	 88.277372	 88.234193	 88.191935	 88.150586	 88.110137	 88.070574	 88.031887	 87.994064	 87.957093	 87.920962	  87.88566	 87.851175	 87.817495	 87.784607	 87.752501	 87.721163	 87.690583	 87.660748	 87.631646	 87.603265	 87.575594	  87.54862	 87.522333	 87.496719	 87.471768	 87.447468	 87.423806	 87.400773	 87.378356	 87.356544	 87.335326	 87.314691	 87.294628	 87.275125	 87.256173	  87.23776	 87.219876	  87.20251	 87.185652	 87.169293	 87.153421	 87.138027	 87.123102	 87.108636	 87.094619	 87.081042	 87.067896	 87.055172	 87.042862	 87.030956	 87.019446	 87.008325	 86.997583	 86.987213	 86.977208	 86.967559	 86.958259	 86.949302	  86.94068	 86.932386	 86.924413	 86.916756	 86.909408	 86.902362	 86.895614	 86.889157	 86.882986	 86.877096	 86.871482	 86.866138	  86.86106	 86.856243	 86.851684	 86.847378	 86.843322	 86.839511	 86.835942	 86.832612	 86.829518	 86.826657	 86.824027	 86.821624	 86.819446	 86.817493	 86.815761	 86.814249	 86.812956	  86.81188	 86.811021	 86.810377	 86.809948	 86.809733	
        99	 98.852269	 98.704567	 98.556924	 98.409368	 98.261928	 98.114634	 97.967514	 97.820597	 97.673912	 97.527487	  97.38135	 97.235531	 97.090056	 96.944953	 96.800252	 96.655977	 96.512157	 96.368819	 96.225989	 96.083694	 95.941959	 95.800809	 95.660272	  95.52037	 95.381129	 95.242574	 95.104727	 94.967612	 94.831253	 94.695672	 94.560891	 94.426932	 94.293816	 94.161564	 94.030196	 93.899732	 93.770191	 93.641593	 93.513955	 93.387295	 93.261631	  93.13698	 93.013357	 92.890778	 92.769259	 92.648814	 92.529457	 92.411202	 92.294062	 92.178048	 92.063173	 91.949449	 91.836885	 91.725492	  91.61528	 91.506257	 91.398433	 91.291814	 91.186408	 91.082222	 90.979262	 90.877534	 90.777043	 90.677794	 90.579789	 90.483034	 90.387531	 90.293282	 90.200289	 90.108553	 90.018076	 89.928858	 89.840899	 89.754197	 89.668752	 89.584563	 89.501627	 89.419942	 89.339504	 89.260311	 89.182359	 89.105642	 89.030158	   88.9559	 88.882863	 88.811041	 88.740428	 88.671018	 88.602803	 88.535776	  88.46993	 88.405256	 88.341747	 88.279393	 88.218186	 88.158117	 88.099176	 88.041354	  87.98464	 87.929025	 87.874498	 87.821048	 87.768665	 87.717338	 87.667056	 87.617806	 87.569578	  87.52236	  87.47614	 87.430906	 87.386647	 87.343349	 87.301001	 87.259589	 87.219103	 87.179529	 87.140854	 87.103067	 87.066153	 87.030101	 86.994898	 86.960531	 86.926987	 86.894253	 86.862317	 86.831166	 86.800787	 86.771167	 86.742294	 86.714156	 86.686739	 86.660031	 86.634019	 86.608692	 86.584037	 86.560042	 86.536694	 86.513982	 86.491894	 86.470418	 86.449542	 86.429255	 86.409545	 86.390402	 86.371813	 86.353769	 86.336257	 86.319268	  86.30279	 86.286814	 86.271329	 86.256325	 86.241792	 86.227721	 86.214101	 86.200924	  86.18818	  86.17586	 86.163955	 86.152457	 86.141357	 86.130647	 86.120319	 86.110365	 86.100776	 86.091547	 86.082669	 86.074135	 86.065939	 86.058073	 86.050532	 86.043308	 86.036397	 86.029791	 86.023486	 86.017476	 86.011756	 86.006321	 86.001165	 85.996285	 85.991676	 85.987334	 85.983254	 85.979434	  85.97587	 85.972558	 85.969496	  85.96668	 85.964108	 85.961777	 85.959686	 85.957832	 85.956214	  85.95483	 85.953678	 85.952758	 85.952069	  85.95161	  85.95138	
        99	  98.84258	 98.685191	 98.527864	  98.37063	 98.213521	 98.056566	 97.899797	 97.743244	 97.586938	 97.430909	 97.275188	 97.119805	 96.964789	  96.81017	 96.655977	  96.50224	 96.348988	 96.196249	 96.044051	 95.892423	 95.741392	 95.590985	  95.44123	 95.292152	 95.143779	 94.996136	 94.849249	 94.703141	 94.557839	 94.413365	 94.269745	    94.127	 93.985153	 93.844227	 93.704243	 93.565222	 93.427185	 93.290152	 93.154143	 93.019176	  92.88527	 92.752443	 92.620712	 92.490094	 92.360605	  92.23226	 92.105075	 91.979064	 91.854241	 91.730618	  91.60821	 91.487026	  91.36708	 91.248381	  91.13094	 91.014767	  90.89987	 90.786259	  90.67394	 90.562921	 90.453208	 90.344808	 90.237726	 90.131967	 90.027535	 89.924434	 89.822667	 89.722236	 89.623144	 89.525392	 89.428981	 89.333911	 89.240183	 89.147795	 89.056746	 88.967035	 88.878659	 88.791617	 88.705904	 88.621516	 88.538451	 88.456703	 88.376268	  88.29714	 88.219312	  88.14278	 88.067536	 87.993573	 87.920884	 87.849462	 87.779297	 87.710381	 87.642706	 87.576263	 87.511042	 87.447033	 87.384226	 87.322611	 87.262178	 87.202915	 87.144812	 87.087857	 87.032039	 86.977345	 86.923765	 86.871285	 86.819894	 86.769579	 86.720328	 86.672127	 86.624964	 86.578827	 86.533701	 86.489574	 86.446432	 86.404262	 86.363051	 86.322785	 86.283451	 86.245034	 86.207522	 86.170901	 86.135157	 86.100276	 86.066246	 86.033052	  86.00068	 85.969118	 85.938351	 85.908367	 85.879152	 85.850692	 85.822975	 85.795986	 85.769714	 85.744145	 85.719266	 85.695064	 85.671528	 85.648643	 85.626398	  85.60478	 85.583778	 85.563379	 85.543571	 85.524343	 85.505683	  85.48758	 85.470021	 85.452998	 85.436497	 85.420509	 85.405023	 85.390029	 85.375516	 85.361474	 85.347894	 85.334766	 85.322081	 85.309828	    85.298	 85.286588	 85.275582	 85.264975	 85.254758	 85.244923	 85.235463	 85.226369	 85.217635	 85.209254	 85.201218	 85.193521	 85.186156	 85.179117	 85.172399	 85.165995	 85.159899	 85.154107	 85.148614	 85.143413	 85.138502	 85.133875	 85.129528	 85.125458	  85.12166	  85.11813	 85.114867	 85.111867	 85.109126	 85.106642	 85.104414	 85.102439	 85.100714	 85.099239	 85.098012	 85.097032	 85.096297	 85.095808	 85.095564	
        99	 98.832921	 98.665876	 98.498896	 98.332015	 98.165265	  97.99868	 97.832293	 97.666134	 97.500238	 97.334636	 97.169361	 97.004444	 96.839916	 96.675811	 96.512157	 96.348988	 96.186333	 96.024222	 95.862686	 95.701754	 95.541457	 95.381822	 95.222878	 95.064654	 94.907177	 94.750475	 94.594575	 94.439504	 94.285286	 94.131948	 93.979516	 93.828012	 93.677462	 93.527889	 93.379317	 93.231766	  93.08526	 92.939819	 92.795465	 92.652217	 92.510095	 92.369119	 92.229305	 92.090673	 91.953239	 91.817019	 91.682031	 91.548288	 91.415806	 91.284599	 91.154679	 91.026061	 90.898755	 90.772773	 90.648127	 90.524826	  90.40288	 90.282297	 90.163087	 90.045256	 89.928812	 89.813761	 89.700109	 89.587861	 89.477021	 89.367594	 89.259583	 89.152991	 89.047819	 88.944069	 88.841742	  88.74084	  88.64136	 88.543304	 88.446669	 88.351453	 88.257655	 88.165272	   88.0743	 87.984735	 87.896573	  87.80981	 87.724439	 87.640456	 87.557853	 87.476625	 87.396765	 87.318264	 87.241115	  87.16531	  87.09084	 87.017696	 86.945869	 86.875349	 86.806126	  86.73819	  86.67153	 86.606135	 86.541993	 86.479094	 86.417426	 86.356977	 86.297733	 86.239684	 86.182816	 86.127116	 86.072572	  86.01917	 85.966897	 85.915739	 85.865683	 85.816714	  85.76882	 85.721985	 85.676196	 85.631439	   85.5877	 85.544963	 85.503215	 85.462442	 85.422628	  85.38376	 85.345823	 85.308802	 85.272683	 85.237453	 85.203095	 85.169596	 85.136942	 85.105118	  85.07411	 85.043904	 85.014486	 84.985842	 84.957958	  84.93082	 84.904414	 84.878728	 84.853747	 84.829458	 84.805848	 84.782904	 84.760614	 84.738963	  84.71794	 84.697532	 84.677727	 84.658513	 84.639877	 84.621809	 84.604296	 84.587327	 84.570891	 84.554976	 84.539573	  84.52467	 84.510257	 84.496323	 84.482859	 84.469855	 84.457302	 84.445189	 84.433508	  84.42225	 84.411406	 84.400968	 84.390927	 84.381276	 84.372006	  84.36311	 84.354581	 84.346412	 84.338595	 84.331124	 84.323994	 84.317197	 84.310727	  84.30458	 84.298749	  84.29323	 84.288017	 84.283106	 84.278493	 84.274172	 84.270141	 84.266396	 84.262932	 84.259747	 84.256839	 84.254203	 84.251838	 84.249741	 84.247911	 84.246345	 84.245043	 84.244002	 84.243223	 84.242704	 84.242444	
