Time step 30:
        99	        99	        99	        99	        99	        99	        99	        99	        99	        99	        99	        99	        99	        99	        99	        99	        99	        99	        99	        99	        99	        99	        99	        99	        99	        99	        99	        99	        99	        99	        99	        99	        99	        99	        99	        99	        99	        99	        99	        99	        99	        99	        99	        99	        99	        99	        99	        99	        99	        99	        99	        99	        99	        99	        99	        99	        99	        99	        99	        99	        99	        99	        99	        99	        99	        99	        99	        99	        99	        99	        99	        99	        99	        99	        99	        99	        99	        99	        99	        99	        99	        99	        99	        99	        99	        99	        99	        99	        99	        99	        99	        99	        99	        99	        99	        99	        99	        99	        99	        99	        99	        99	        99	        99	        99	        99	        99	        99	        99	        99	        99	        99	        99	        99	        99	        99	        99	        99	        99	        99	        99	        99	        99	        99	        99	        99	        99	        99	        99	        99	        99	        99	        99	        99	        99	        99	        99	        99	        99	        99	        99	        99	        99	        99	        99	        99	        99	        99	        99	        99	        99	        99	        99	        99	        99	        99	        99	        99	        99	        99	        99	        99	        99	        99	        99	        99	        99	        99	        99	        99	        99	        99	        99	        99	        99	        99	        99	        99	        99	        99	        99	        99	        99	        99	        99	        99	        99	        99	        99	        99	        99	        99	        99	        99	        99	        99	        99	        99	        99	        99	
        99	 98.978836	  98.95768	 98.936543	 98.915432	 98.894356	 98.873325	 98.852347	 98.831431	 98.810585	 98.789818	 98.769138	 98.748553	 98.728073	 98.707704	 98.687454	 98.667332	 98.647346	 98.627501	 98.607807	 98.588269	 98.568895	 98.549692	 98.530666	 98.511822	 98.493169	  98.47471	 98.456453	 98.438402	 98.420562	 98.402938	 98.385536	  98.36836	 98.351413	   98.3347	 98.318224	  98.30199	 98.285999	 98.270256	 98.254762	 98.239521	 98.224534	 98.209803	 98.195331	 98.181118	 98.167166	 98.153476	 98.140048	 98.126883	 98.113981	 98.101343	 98.088968	 98.076856	 98.065006	 98.053417	 98.042089	  98.03102	 98.020209	 98.009654	 97.999354	 97.989306	 97.979509	  97.96996	 97.960657	 97.951598	 97.942779	 97.934198	 97.925853	 97.917739	 97.909854	 97.902195	 97.894758	  97.88754	 97.880538	 97.873748	 97.867165	 97.860787	  97.85461	  97.84863	 97.842843	 97.837245	 97.831833	 97.826602	 97.821548	 97.816668	 97.811957	 97.807412	 97.803029	 97.798803	  97.79473	 97.790808	 97.787031	 97.783396	 97.779899	 97.776536	 97.773304	 97.770198	 97.767215	 97.764352	 97.761604	 97.758969	 97.756441	  97.75402	 97.751699	 97.749478	 97.747351	 97.745316	 97.743371	  97.74151	 97.739733	 97.738035	 97.736414	 97.734866	  97.73339	 97.731983	 97.730642	 97.729363	 97.728146	 97.726987	 97.725885	 97.724836	 97.723839	 97.722891	 97.721991	 97.721136	 97.720324	 97.719555	 97.718825	 97.718132	 97.717477	 97.716855	 97.716267	 97.715711	 97.715184	 97.714686	 97.714216	 97.713771	 97.713351	 97.712955	 97.712581	 97.712228	 97.711896	 97.711582	 97.711287	 97.711009	 97.710747	 97.710501	  97.71027	 97.710052	 97.709848	 97.709656	 97.709475	 97.709306	 97.709147	 97.708999	 97.708859	 97.708728	 97.708606	 97.708492	 97.708385	 97.708284	 97.708191	 97.708103	 97.708022	 97.707945	 97.707874	 97.707808	 97.707746	 97.707688	 97.707635	 97.707585	 97.707539	 97.707495	 97.707455	 97.707418	 97.707384	 97.707352	 97.707322	 97.707295	  97.70727	 97.707247	 97.707225	 97.707205	 97.707187	 97.707171	 97.707156	 97.707142	 97.707129	 97.707118	 97.707108	 97.707099	 97.707091	 97.707084	 97.707078	 97.707073	 97.707069	 97.707065	 97.707063	 97.707061	  97.70706	
        99	  98.95768	 98.915378	 98.873112	 98.830899	 98.788757	 98.746704	 98.704757	 98.662933	  98.62125	 98.579724	 98.538373	 98.497212	  98.45626	  98.41553	  98.37504	 98.334805	  98.29484	 98.255159	 98.215779	 98.176712	 98.137972	 98.099573	 98.061529	  98.02385	 97.986551	 97.949642	 97.913134	 97.877039	 97.841367	 97.806128	 97.771331	 97.736985	 97.703099	  97.66968	 97.636735	 97.604273	 97.572299	 97.540818	 97.509838	 97.479361	 97.449394	 97.419939	    97.391	  97.36258	 97.334682	 97.307307	 97.280457	 97.254133	 97.228336	 97.203065	  97.17832	 97.154101	 97.130406	 97.107233	 97.084582	 97.062448	 97.040831	 97.019725	 96.999129	 96.979038	 96.959448	 96.940354	 96.921752	 96.903637	 96.886003	 96.868845	 96.852157	 96.835933	 96.820167	 96.804852	 96.789982	 96.775549	 96.761547	 96.747969	 96.734807	 96.722054	 96.709703	 96.697745	 96.686173	  96.67498	 96.664158	 96.653698	 96.643592	 96.633834	 96.624415	 96.615326	 96.606561	 96.598111	 96.589968	 96.582124	 96.574572	 96.567303	 96.560311	 96.553587	 96.547124	 96.540914	 96.534949	 96.529224	 96.523729	 96.518459	 96.513406	 96.508564	 96.503924	 96.499482	 96.495229	 96.491161	  96.48727	  96.48355	 96.479996	   96.4766	 96.473359	 96.470265	 96.467314	   96.4645	 96.461817	 96.459261	 96.456827	  96.45451	 96.452306	 96.450208	 96.448214	 96.446319	 96.444519	  96.44281	 96.441187	 96.439648	 96.438188	 96.436804	 96.435493	 96.434251	 96.433075	 96.431962	 96.430909	 96.429914	 96.428973	 96.428084	 96.427244	 96.426452	 96.425704	 96.424998	 96.424333	 96.423707	 96.423116	  96.42256	 96.422037	 96.421545	 96.421082	 96.420647	 96.420238	 96.419854	 96.419494	 96.419155	 96.418838	  96.41854	 96.418262	    96.418	 96.417756	 96.417527	 96.417313	 96.417112	 96.416925	  96.41675	 96.416587	 96.416434	 96.416292	 96.416159	 96.416036	 96.415921	 96.415813	 96.415714	 96.415621	 96.415535	 96.415455	  96.41538	 96.415312	 96.415248	 96.415189	 96.415134	 96.415084	 96.415037	 96.414994	 96.414955	 96.414919	 96.414886	 96.414855	 96.414828	 96.414803	  96.41478	  96.41476	 96.414742	 96.414726	 96.414712	   96.4147	  96.41469	 96.414682	 96.414675	  96.41467	 96.414667	 96.414665	
        99	 98.936543	 98.873112	 98.809735	 98.746438	 98.683247	 98.620189	  98.55729	 98.494576	 98.432074	 98.369807	 98.307802	 98.246083	 98.184675	 98.123603	 98.062889	 98.002557	  97.94263	 97.883131	  97.82408	   97.7655	 97.707411	 97.649833	 97.592786	 97.536289	 97.480359	 97.425015	 97.370273	  97.31615	  97.26266	  97.20982	 97.157643	 97.106142	  97.05533	 97.005219	  96.95582	 96.907143	 96.859199	 96.811995	  96.76554	 96.719842	 96.674906	 96.630739	 96.587346	 96.544732	 96.502899	 96.461851	  96.42159	 96.382118	 96.343435	 96.305542	 96.268438	 96.232122	 96.196592	 96.161845	  96.12788	 96.094692	 96.062276	 96.030629	 95.999746	  95.96962	 95.940244	 95.911614	 95.883721	 95.856558	 95.830116	 95.804388	 95.779365	 95.755038	 95.731397	 95.708432	 95.686135	 95.664493	 95.643498	 95.623138	 95.603402	 95.584279	 95.565758	 95.547828	 95.530477	 95.513693	 95.497465	  95.48178	 95.466628	 95.451996	 95.437872	 95.424244	   95.4111	 95.398429	 95.386219	 95.374458	 95.363133	 95.352234	 95.341749	 95.331667	 95.321975	 95.312663	  95.30372	 95.295135	 95.286896	 95.278994	 95.271417	 95.264155	 95.257199	 95.250538	 95.244161	 95.238061	 95.232226	 95.226648	 95.221319	 95.216228	 95.211367	 95.206728	 95.202303	 95.198083	 95.194061	 95.190228	 95.186579	 95.183104	 95.179798	 95.176653	 95.173664	 95.170822	 95.168123	  95.16556	 95.163127	 95.160819	  95.15863	 95.156554	 95.154588	 95.152726	 95.150962	 95.149293	 95.147715	 95.146222	 95.144811	 95.143478	 95.142219	 95.141031	 95.139909	 95.138852	 95.137855	 95.136915	  95.13603	 95.135196	 95.134412	 95.133673	 95.132979	 95.132327	 95.131714	 95.131138	 95.130597	  95.13009	 95.129614	 95.129168	  95.12875	 95.128358	 95.127991	 95.127648	 95.127327	 95.127027	 95.126746	 95.126484	 95.126239	  95.12601	 95.125797	 95.125598	 95.125412	  95.12524	 95.125079	 95.124929	  95.12479	 95.124661	 95.124541	  95.12443	 95.124326	 95.124231	 95.124142	  95.12406	 95.123985	 95.123915	 95.123851	 95.123792	 95.123737	 95.123688	 95.123643	 95.123601	 95.123564	  95.12353	   95.1235	 95.123473	 95.123449	 95.123428	  95.12341	 95.123394	 95.123382	 95.123372	 95.123364	 95.123359	 95.123357	
        99	 98.915432	 98.830899	 98.746438	 98.662083	  98.57787	 98.493834	  98.41001	 98.326433	 98.243136	 98.160155	 98.077522	 97.995271	 97.913434	 97.832043	 97.751131	 97.670729	 97.590865	 97.511572	 97.432876	 97.354808	 97.277394	 97.200661	 97.124636	 97.049343	 96.974806	  96.90105	 96.828097	 96.755968	 96.684684	 96.614265	 96.544729	 96.476095	 96.408379	 96.341597	 96.275764	 96.210894	 96.146999	 96.084091	 96.022182	  95.96128	 95.901396	 95.842536	 95.784707	 95.727915	 95.672165	 95.617462	 95.563807	 95.511203	 95.459651	 95.409152	 95.359704	 95.311306	 95.263956	  95.21765	 95.172385	 95.128156	 95.084957	 95.042782	 95.001624	 94.961475	 94.922327	 94.884172	    94.847	   94.8108	 94.775562	 94.741275	 94.707927	 94.675507	 94.644001	 94.613397	 94.583681	  94.55484	  94.52686	 94.499726	 94.473424	  94.44794	 94.423258	 94.399362	 94.376239	 94.353871	 94.332244	 94.311342	 94.291149	 94.271648	 94.252826	 94.234664	 94.217148	 94.200262	 94.183989	 94.168315	 94.153224	 94.138699	 94.124726	 94.111289	 94.098373	 94.085963	 94.074045	 94.062603	 94.051624	 94.041093	 94.030995	 94.021318	 94.012047	 94.003169	 93.994672	 93.986542	 93.978766	 93.971333	  93.96423	 93.957445	 93.950968	 93.944785	 93.938888	 93.933264	 93.927904	 93.922797	 93.917933	 93.913302	 93.908896	 93.904706	 93.900721	 93.896934	 93.893337	 93.889921	 93.886679	 93.883603	 93.880686	  93.87792	   93.8753	 93.872817	 93.870467	 93.868243	  93.86614	  93.86415	  93.86227	 93.860493	 93.858816	 93.857232	 93.855738	 93.854328	 93.852999	 93.851747	 93.850567	 93.849456	 93.848411	 93.847427	 93.846502	 93.845633	 93.844816	 93.844048	 93.843328	 93.842652	 93.842018	 93.841423	 93.840866	 93.840344	 93.839855	 93.839397	 93.838969	 93.838569	 93.838195	 93.837845	 93.837519	 93.837214	  93.83693	 93.836665	 93.836418	 93.836188	 93.835974	 93.835774	 93.835589	 93.835417	 93.835257	 93.835108	 93.834971	 93.834843	 93.834725	 93.834616	 93.834515	 93.834422	 93.834337	 93.834258	 93.834186	 93.834119	 93.834059	 93.834004	 93.833954	 93.833909	 93.833869	 93.833833	 93.833801	 93.833773	 93.833749	 93.833728	 93.833712	 93.833698	 93.833688	 93.833682	 93.833679	
        99	 98.894356	 98.788757	 98.683247	  98.57787	  98.47267	 98.367691	 98.262977	 98.158572	 98.054517	 97.950855	 97.847629	  97.74488	 97.642648	 97.540975	 97.439898	 97.339458	 97.239692	 97.140638	 97.042331	 96.944806	   96.8481	 96.752244	 96.657272	 96.563215	 96.470104	 96.377967	 96.286833	 96.196728	 96.107679	 96.019711	 95.932846	 95.847108	 95.762516	 95.679091	 95.596852	 95.515815	 95.435997	 95.357412	 95.280074	 95.203995	 95.129187	 95.055658	 94.983417	 94.912472	 94.842829	 94.774493	 94.707467	 94.641753	 94.577354	  94.51427	 94.452499	  94.39204	 94.332889	 94.275044	 94.218498	 94.163246	 94.109281	 94.056596	 94.005181	 93.955026	 93.906123	 93.858459	 93.812022	 93.766801	 93.722781	  93.67995	 93.638291	 93.597791	 93.558434	 93.520203	 93.483081	 93.447053	   93.4121	 93.378204	 93.345348	 93.313512	 93.282679	 93.252829	 93.223942	    93.196	 93.168984	 93.142872	 93.117647	 93.093287	 93.069773	 93.047086	 93.025204	  93.00411	 92.983782	 92.964202	 92.945349	 92.927205	 92.909749	 92.892964	 92.876829	 92.861327	 92.846438	 92.832145	  92.81843	 92.805274	  92.79266	 92.780571	  92.76899	   92.7579	 92.747285	 92.737128	 92.727415	 92.718129	 92.709256	 92.700781	 92.692689	 92.684966	 92.677598	 92.670573	 92.663877	 92.657497	 92.651421	 92.645637	 92.640133	 92.634897	  92.62992	 92.625189	 92.620696	 92.616429	 92.612378	 92.608536	 92.604891	 92.601437	 92.598163	 92.595062	 92.592127	 92.589349	  92.58672	 92.584235	 92.581886	 92.579667	 92.577571	 92.575593	 92.573726	 92.571965	 92.570305	 92.568741	 92.567267	 92.565879	 92.564573	 92.563345	 92.562189	 92.561103	 92.560082	 92.559123	 92.558223	 92.557379	 92.556587	 92.555844	 92.555148	 92.554496	 92.553885	 92.553314	 92.552779	 92.552279	 92.551811	 92.551375	 92.550967	 92.550586	 92.550231	   92.5499	 92.549592	 92.549304	 92.549037	 92.548788	 92.548556	 92.548341	 92.548141	 92.547956	 92.547784	 92.547624	 92.547477	 92.547341	 92.547215	 92.547099	 92.546992	 92.546893	 92.546803	  92.54672	 92.546645	 92.546576	 92.546514	 92.546458	 92.546407	 92.546362	 92.546322	 92.546288	 92.546257	 92.546232	 92.546211	 92.546194	 92.546182	 92.546174	  92.54617	
        99	 98.873325	 98.746704	 98.620189	 98.493834	 98.367691	 98.241814	 98.116254	 97.991063	 97.866294	 97.741996	  97.61822	 97.495016	 97.372433	 97.250518	  97.12932	 97.008884	 96.889257	 96.770483	 96.652606	 96.535667	 96.419709	 96.304771	 96.190892	  96.07811	 95.966462	 95.855983	 95.746706	 95.638664	 95.531888	 95.426407	  95.32225	 95.219443	 95.118011	 95.017978	 94.919367	 94.822198	  94.72649	 94.632261	 94.539526	 94.448302	 94.358601	 94.270434	 94.183812	 94.098744	 94.015237	 93.933296	 93.852927	 93.774131	 93.696912	 93.621269	 93.547201	 93.474706	  93.40378	 93.334419	 93.266616	 93.200365	 93.135657	 93.072483	 93.010832	 92.950694	 92.892055	 92.834902	 92.779221	 92.724997	 92.672214	 92.620856	 92.570904	 92.522342	 92.475149	 92.429307	 92.384796	 92.341595	 92.299683	  92.25904	 92.219643	 92.181469	 92.144498	 92.108705	 92.074068	 92.040564	 92.008169	 91.976859	 91.946612	 91.917403	 91.889208	 91.862004	 91.835767	 91.810473	 91.786098	  91.76262	 91.740014	 91.718257	 91.697327	   91.6772	 91.657853	 91.639265	 91.621412	 91.604274	 91.587828	 91.572053	 91.556928	 91.542432	 91.528546	 91.515248	  91.50252	 91.490341	 91.478694	  91.46756	  91.45692	 91.446758	 91.437055	 91.427795	 91.418961	 91.410537	 91.402507	 91.394857	 91.387572	 91.380636	 91.374036	 91.367759	  91.36179	 91.356118	  91.35073	 91.345613	 91.340757	 91.336149	 91.331779	 91.327637	 91.323712	 91.319994	 91.316474	 91.313142	 91.309991	 91.307011	 91.304195	 91.301534	 91.299021	 91.296648	  91.29441	 91.292298	 91.290308	 91.288432	 91.286665	 91.285001	 91.283435	 91.281962	 91.280576	 91.279273	  91.27805	   91.2769	 91.275821	 91.274808	 91.273858	 91.272968	 91.272133	 91.271351	 91.270619	 91.269934	 91.269292	 91.268693	 91.268133	 91.267609	  91.26712	 91.266664	 91.266238	 91.265841	 91.265471	 91.265126	 91.264805	 91.264507	 91.264229	 91.263971	 91.263731	 91.263509	 91.263303	 91.263112	 91.262935	 91.262772	 91.262621	 91.262481	 91.262353	 91.262235	 91.262127	 91.262028	 91.261937	 91.261855	  91.26178	 91.261713	 91.261652	 91.261598	 91.261551	 91.261509	 91.261473	 91.261442	 91.261417	 91.261397	 91.261382	 91.261372	 91.261367	
        99	 98.852347	 98.704757	  98.55729	  98.41001	 98.262977	 98.116254	 97.969901	 97.823978	 97.678546	 97.533663	 97.389389	 97.245782	 97.102898	 96.960794	 96.819525	 96.679144	 96.539706	 96.401263	 96.263864	 96.127559	 95.992398	 95.858425	 95.725688	 95.594229	 95.464091	 95.335316	 95.207942	 95.082008	 94.957549	   94.8346	 94.713193	 94.593361	 94.475131	 94.358533	 94.243591	  94.13033	 94.018772	 93.908938	 93.800847	 93.694515	 93.589959	 93.487191	 93.386224	 93.287068	 93.189732	 93.094221	 93.000542	 92.908698	  92.81869	  92.73052	 92.644186	 92.559685	 92.477014	 92.396166	 92.317135	 92.239912	 92.164489	 92.090852	 92.018992	 91.948894	 91.880544	 91.813927	 91.749025	 91.685821	 91.624297	 91.564433	  91.50621	 91.449605	 91.394596	 91.341163	  91.28928	 91.238925	 91.190073	 91.142699	 91.096777	 91.052282	 91.009188	 90.967468	 90.927095	 90.888042	 90.850282	 90.813787	 90.778531	 90.744484	  90.71162	 90.679911	 90.649329	 90.619846	 90.591435	 90.564068	 90.537719	 90.512359	 90.487963	 90.464502	 90.441952	 90.420285	 90.399476	   90.3795	  90.36033	 90.341943	 90.324313	 90.307417	  90.29123	  90.27573	 90.260894	 90.246699	 90.233123	 90.220145	 90.207744	 90.195898	 90.184588	 90.173794	 90.163497	 90.153678	 90.144319	 90.135403	  90.12691	 90.118826	 90.111133	 90.103816	  90.09686	 90.090248	 90.083967	 90.078003	 90.072343	 90.066972	 90.061878	  90.05705	 90.052475	 90.048141	 90.044038	 90.040155	 90.036482	 90.033008	 90.029725	 90.026624	 90.023695	 90.020929	  90.01832	 90.015859	 90.013539	 90.011353	 90.009293	 90.007353	 90.005528	  90.00381	 90.002195	 90.000677	 89.999251	 89.997911	 89.996653	 89.995473	 89.994365	 89.993327	 89.992354	 89.991443	  89.99059	 89.989791	 89.989043	 89.988345	 89.987691	 89.987081	 89.986511	 89.985979	 89.985483	  89.98502	 89.984589	 89.984187	 89.983813	 89.983465	 89.983141	 89.982841	 89.982561	 89.982302	 89.982062	 89.981839	 89.981633	 89.981443	 89.981267	 89.981104	 89.980955	 89.980817	 89.980691	 89.980576	  89.98047	 89.980374	 89.980287	 89.980209	 89.980138	 89.980075	 89.980019	 89.979971	 89.979929	 89.979893	 89.979864	  89.97984	 89.979823	 89.979812	 89.979806	
        99	 98.831431	 98.662933	 98.494576	 98.326433	 98.158572	 97.991063	 97.823978	 97.657384	  97.49135	 97.325943	 97.161232	 96.997281	 96.834157	 96.671922	 96.510641	 96.350374	 96.191184	 96.033128	 95.876266	 95.720653	 95.566344	 95.413393	 95.261852	 95.111771	 94.963198	 94.816181	 94.670763	 94.526989	   94.3849	 94.244534	 94.105929	 93.969121	 93.834143	 93.701028	 93.569803	 93.440498	 93.313137	 93.187744	  93.06434	 92.942946	 92.823578	 92.706253	 92.590983	  92.47778	 92.366655	 92.257615	 92.150665	  92.04581	 91.943053	 91.842392	 91.743828	 91.647357	 91.552975	 91.460674	 91.370448	 91.282286	 91.196177	  91.11211	  91.03007	 90.950042	  90.87201	 90.795955	 90.721859	 90.649702	 90.579463	 90.511119	 90.444647	 90.380024	 90.317223	  90.25622	 90.196988	 90.139499	 90.083727	 90.029642	 89.977215	 89.926417	 89.877218	 89.829587	 89.783495	  89.73891	 89.695801	 89.654137	 89.613886	 89.575016	 89.537497	 89.501296	 89.466381	 89.432722	 89.400287	 89.369043	 89.338961	 89.310009	 89.282157	 89.255373	 89.229628	 89.204892	 89.181135	 89.158329	 89.136444	 89.115451	 89.095324	 89.076034	 89.057555	  89.03986	 89.022922	 89.006716	 88.991217	   88.9764	 88.962242	 88.948718	 88.935806	 88.923483	 88.911728	 88.900518	 88.889833	 88.879653	 88.869958	 88.860728	 88.851946	 88.843592	  88.83565	 88.828102	 88.820932	 88.814123	  88.80766	 88.801529	 88.795713	 88.790201	 88.784978	  88.78003	 88.775346	 88.770913	 88.766719	 88.762754	 88.759006	 88.755465	 88.752121	 88.748964	 88.745985	 88.743175	 88.740527	  88.73803	 88.735679	 88.733465	  88.73138	  88.72942	 88.727576	 88.725843	 88.724214	 88.722684	 88.721248	 88.719901	 88.718637	 88.717452	 88.716341	   88.7153	 88.714326	 88.713414	 88.712561	 88.711763	 88.711017	  88.71032	  88.70967	 88.709062	 88.708496	 88.707967	 88.707475	 88.707016	 88.706589	 88.706192	 88.705823	 88.705479	  88.70516	 88.704865	  88.70459	 88.704336	 88.704101	 88.703883	 88.703682	 88.703497	 88.703326	 88.703169	 88.703025	 88.702894	 88.702773	 88.702664	 88.702564	 88.702475	 88.702394	 88.702322	 88.702259	 88.702203	 88.702155	 88.702114	 88.702081	 88.702054	 88.702034	 88.702021	 88.702015	
        99	 98.810585	  98.62125	 98.432074	 98.243136	 98.054517	 97.866294	 97.678546	  97.49135	 97.304783	 97.118922	 96.933842	 96.749616	 96.566319	 96.384021	 96.202795	  96.02271	 95.843833	 95.666231	  95.48997	 95.315113	 95.141722	 94.969857	 94.799576	 94.630935	 94.463989	 94.298791	  94.13539	 93.973836	 93.814175	 93.656451	 93.500706	  93.34698	  93.19531	 93.045733	  92.89828	 92.752984	 92.609873	 92.468973	 92.330309	 92.193903	 92.059774	 91.927939	 91.798415	 91.671213	 91.546346	 91.423821	 91.303645	 91.185824	 91.070358	  90.95725	 90.846497	 90.738096	 90.632042	 90.528327	 90.426942	 90.327878	 90.231121	 90.136658	 90.044472	 89.954548	 89.866865	 89.781405	 89.698147	 89.617066	 89.538141	 89.461345	 89.386653	 89.314038	 89.243471	 89.174924	 89.108367	  89.04377	   88.9811	 88.920326	 88.861416	 88.804336	 88.749053	 88.695533	  88.64374	 88.593642	 88.545202	 88.498385	 88.453156	  88.40948	 88.367321	 88.326643	 88.287411	 88.249589	 88.213142	 88.178035	 88.144233	 88.111701	 88.080404	 88.050308	 88.021379	 87.993584	  87.96689	 87.941263	 87.916671	 87.893083	 87.870467	 87.848792	 87.828027	 87.808143	 87.789111	 87.770901	 87.753485	 87.736836	 87.720927	 87.705731	 87.691222	 87.677375	 87.664166	  87.65157	 87.639564	 87.628125	 87.617231	  87.60686	 87.596991	 87.587605	  87.57868	 87.570199	 87.562142	 87.554491	 87.547229	 87.540339	 87.533805	 87.527611	 87.521741	 87.516182	 87.510919	 87.505937	 87.501225	 87.496769	 87.492558	 87.488579	 87.484821	 87.481274	 87.477927	  87.47477	 87.471793	 87.468988	 87.466346	 87.463858	 87.461516	 87.459313	 87.457241	 87.455294	 87.453464	 87.451745	 87.450131	 87.448617	 87.447197	 87.445865	 87.444617	 87.443448	 87.442353	 87.441328	 87.440369	 87.439473	 87.438635	 87.437852	 87.437121	 87.436438	 87.435802	 87.435208	 87.434655	 87.434139	 87.433659	 87.433213	 87.432798	 87.432412	 87.432054	 87.431721	 87.431413	 87.431127	 87.430863	 87.430619	 87.430393	 87.430185	 87.429993	 87.429817	 87.429655	 87.429507	 87.429371	 87.429248	 87.429137	 87.429036	 87.428945	 87.428864	 87.428793	  87.42873	 87.428677	 87.428631	 87.428593	 87.428563	 87.428541	 87.428526	 87.428519	
        99	 98.789818	 98.579724	 98.369807	 98.160155	 97.950855	 97.741996	 97.533663	 97.325943	 97.118922	 96.912683	 96.707311	 96.502887	 96.299493	 96.097209	 95.896114	 95.696284	 95.497795	 95.300722	 95.105136	 94.911108	 94.718706	 94.527998	 94.339047	 94.151917	 93.966667	 93.783357	 93.602041	 93.422775	 93.245609	 93.070592	 92.897771	 92.727191	 92.558892	 92.392915	 92.229296	  92.06807	 91.909269	 91.752921	 91.599054	 91.447692	 91.298857	 91.152568	 91.008843	 90.867695	 90.729138	 90.593179	 90.459828	 90.329089	 90.200964	 90.075454	 89.952559	 89.832273	 89.714591	 89.599505	 89.487005	 89.377079	 89.269714	 89.164893	 89.062601	 88.962817	 88.865521	 88.770692	 88.678305	 88.588335	 88.500756	 88.415541	  88.33266	 88.252083	 88.173779	 88.097717	 88.023863	 87.952183	 87.882642	 87.815205	 87.749836	 87.686498	 87.625154	 87.565765	 87.508295	 87.452703	 87.398953	 87.347003	 87.296815	 87.248351	 87.201569	 87.156431	 87.112898	 87.070929	 87.030487	 86.991531	 86.954022	 86.917923	 86.883195	 86.849799	 86.817699	 86.786857	 86.757235	 86.728799	 86.701511	 86.675337	 86.650241	 86.626189	 86.603148	 86.581084	 86.559965	 86.539758	 86.520433	 86.501959	 86.484306	 86.467443	 86.451344	 86.435979	 86.421321	 86.407344	 86.394022	 86.381329	  86.36924	 86.357732	 86.346782	 86.336366	 86.326463	 86.317052	 86.308111	 86.299622	 86.291563	 86.283918	 86.276668	 86.269794	 86.263281	 86.257113	 86.251272	 86.245745	 86.240516	 86.235572	 86.230898	 86.226483	 86.222313	 86.218377	 86.214663	  86.21116	 86.207857	 86.204745	 86.201813	 86.199052	 86.196453	 86.194009	  86.19171	 86.189548	 86.187518	 86.185611	  86.18382	  86.18214	 86.180564	 86.179086	 86.177701	 86.176404	 86.175189	 86.174052	 86.172988	 86.171993	 86.171063	 86.170194	 86.169383	 86.168626	 86.167919	 86.167261	 86.166647	 86.166075	 86.165542	 86.165047	 86.164586	 86.164158	 86.163761	 86.163392	  86.16305	 86.162733	 86.162439	 86.162168	 86.161918	 86.161687	 86.161474	 86.161278	 86.161099	 86.160934	 86.160784	 86.160648	 86.160524	 86.160412	 86.160311	 86.160222	 86.160142	 86.160073	 86.160013	 86.159963	 86.159921	 86.159888	 86.159863	 86.159847	 86.159838	
        99	 98.769138	 98.538373	 98.307802	 98.077522	 97.847629	  97.61822	 97.389389	 97.161232	 96.933842	 96.707311	 96.481732	 96.257194	 96.033789	 95.811602	  95.59072	 95.371229	 95.153211	 94.936747	 94.721918	 94.508799	 94.297467	 94.087994	 93.880453	 93.674911	 93.471434	 93.270088	 93.070933	 92.874028	  92.67943	 92.487194	 92.297369	 92.110005	 91.925147	  91.74284	 91.563122	 91.386033	 91.211607	 91.039876	  90.87087	 90.704616	 90.541137	 90.380454	 90.222588	 90.067553	 89.915362	 89.766027	 89.619555	 89.475952	 89.335221	 89.197363	 89.062375	 88.930254	 88.800993	 88.674584	 88.551015	 88.430273	 88.312344	 88.197211	 88.084854	 87.975252	 87.868383	 87.764224	 87.662746	 87.563924	 87.467729	 87.374129	 87.283093	 87.194588	 87.108581	 87.025034	 86.943914	 86.865181	 86.788798	 86.714726	 86.642925	 86.573355	 86.505975	 86.440744	 86.377618	 86.316557	 86.257518	 86.200457	 86.145331	 86.092098	 86.040714	 85.991135	 85.943318	  85.89722	 85.852798	 85.810009	 85.768811	  85.72916	 85.691014	 85.654333	 85.619074	 85.585198	 85.552662	 85.521427	 85.491455	 85.462705	  85.43514	 85.408722	 85.383414	 85.359179	 85.335982	 85.313787	 85.292561	 85.272269	 85.252878	 85.234357	 85.216673	 85.199797	 85.183697	 85.168345	 85.153711	 85.139769	 85.126491	 85.113851	 85.101823	 85.090383	 85.079505	 85.069168	 85.059348	 85.050023	 85.041172	 85.032775	 85.024811	 85.017261	 85.010107	 85.003332	 84.996916	 84.990845	 84.985102	 84.979671	 84.974538	 84.969688	 84.965109	 84.960785	 84.956706	 84.952858	  84.94923	 84.945811	 84.942591	 84.939558	 84.936704	 84.934019	 84.931494	  84.92912	 84.926889	 84.924794	 84.922828	 84.920982	 84.919251	 84.917628	 84.916107	 84.914682	 84.913347	 84.912098	  84.91093	 84.909837	 84.908816	 84.907861	  84.90697	 84.906139	 84.905363	 84.904639	 84.903965	 84.903336	 84.902752	 84.902207	 84.901701	 84.901231	 84.900795	 84.900389	 84.900014	 84.899665	 84.899343	 84.899045	  84.89877	 84.898516	 84.898283	 84.898068	 84.897871	  84.89769	 84.897525	 84.897375	 84.897239	 84.897116	 84.897006	 84.896907	  84.89682	 84.896744	 84.896678	 84.896623	 84.896577	 84.896541	 84.896513	 84.896495	 84.896486	
        99	 98.748553	 98.497212	 98.246083	 97.995271	  97.74488	 97.495016	 97.245782	 96.997281	 96.749616	 96.502887	 96.257194	 96.012637	 95.769311	 95.527314	 95.286738	 95.047676	 94.810219	 94.574454	  94.34047	 94.108349	 93.878173	 93.650024	 93.423977	 93.200108	 92.978489	  92.75919	 92.542277	 92.327816	 92.115867	  91.90649	  91.69974	  91.49567	  91.29433	 91.095767	 90.900026	 90.707147	 90.517168	 90.330125	  90.14605	 89.964972	 89.786916	 89.611907	 89.439965	 89.271106	 89.105345	 88.942695	 88.783163	 88.626756	 88.473477	 88.323327	 88.176303	 88.032402	 87.891616	 87.753935	 87.619349	 87.487841	 87.359397	 87.233998	 87.111623	 86.992249	 86.875852	 86.762404	 86.651879	 86.544246	 86.439473	 86.337528	 86.238375	 86.141979	 86.048302	 85.957307	 85.868953	   85.7832	 85.700007	  85.61933	 85.541127	 85.465354	 85.391966	 85.320919	 85.252165	  85.18566	 85.121356	 85.059207	 84.999166	 84.941187	 84.885221	 84.831221	 84.779141	 84.728933	  84.68055	 84.633946	 84.589074	 84.545887	 84.504341	 84.464389	 84.425987	 84.389089	 84.353652	 84.319633	 84.286988	 84.255675	 84.225652	 84.196878	 84.169314	 84.142918	 84.117652	 84.093479	  84.07036	 84.048259	 84.027139	 84.006966	 83.987706	 83.969325	 83.951789	 83.935068	  83.91913	 83.903945	 83.889483	 83.875716	 83.862616	 83.850155	 83.838308	 83.827049	 83.816353	 83.806197	 83.796557	  83.78741	 83.778736	 83.770514	 83.762722	 83.755342	 83.748355	 83.741742	 83.735487	 83.729572	 83.723981	 83.718699	 83.713711	 83.709002	 83.704559	 83.700368	 83.696417	 83.692693	 83.689185	 83.685882	 83.682774	 83.679849	 83.677099	 83.674513	 83.672084	 83.669802	  83.66766	  83.66565	 83.663765	 83.661997	  83.66034	 83.658788	 83.657334	 83.655974	 83.654701	 83.653511	 83.652399	  83.65136	 83.650389	 83.649483	 83.648638	  83.64785	 83.647115	 83.646431	 83.645794	 83.645201	  83.64465	 83.644138	 83.643663	 83.643221	 83.642812	 83.642433	 83.642082	 83.641757	 83.641458	 83.641181	 83.640927	 83.640693	 83.640478	 83.640281	 83.640102	 83.639938	  83.63979	 83.639656	 83.639536	 83.639429	 83.639334	 83.639251	 83.639179	 83.639119	 83.639069	 83.639029	    83.639	  83.63898	  83.63897	
        99	 98.728073	  98.45626	 98.184675	 97.913434	 97.642648	 97.372433	 97.102898	 96.834157	 96.566319	 96.299493	 96.033789	 95.769311	 95.506167	 95.244458	 94.984286	 94.725753	 94.468954	 94.213987	 93.960943	 93.709916	 93.460992	  93.21426	 92.969801	 92.727697	 92.488027	 92.250866	 92.016286	 91.784356	 91.555144	 91.328712	 91.105122	  90.88443	 90.666691	 90.451955	  90.24027	  90.03168	 89.826228	  89.62395	 89.424881	 89.229054	 89.036496	 88.847232	 88.661284	 88.478672	  88.29941	 88.123511	 87.950985	 87.781839	 87.616075	 87.453695	 87.294696	 87.139074	  86.98682	 86.837925	 86.692376	 86.550158	 86.411252	 86.275638	 86.143295	 86.014198	  85.88832	 85.765633	 85.646105	 85.529705	 85.416398	 85.306149	  85.19892	 85.094672	 84.993365	 84.894958	 84.799408	  84.70667	 84.616701	 84.529453	  84.44488	 84.362936	  84.28357	 84.206735	 84.132382	 84.060459	 83.990918	 83.923707	 83.858776	 83.796074	 83.735549	 83.677151	 83.620829	 83.566532	 83.514208	 83.463808	 83.415281	 83.368577	 83.323646	  83.28044	  83.23891	 83.199007	 83.160684	 83.123893	 83.088589	 83.054726	 83.022258	  82.99114	  82.96133	 82.932785	 82.905461	 82.879319	 82.854317	 82.830415	 82.807576	  82.78576	 82.764931	 82.745052	 82.726088	 82.708005	 82.690769	 82.674347	 82.658707	 82.643819	 82.629651	 82.616176	 82.603364	 82.591188	 82.579621	 82.568637	 82.558212	 82.548321	  82.53894	 82.530048	 82.521621	  82.51364	 82.506084	 82.498933	 82.492168	 82.485771	 82.479725	 82.474013	 82.468618	 82.463526	  82.45872	 82.454188	 82.449915	 82.445888	 82.442095	 82.438523	 82.435161	 82.431998	 82.429024	 82.426228	 82.423601	 82.421133	 82.418817	 82.416643	 82.414604	 82.412692	   82.4109	 82.409221	  82.40765	 82.406178	 82.404802	 82.403515	 82.402312	 82.401188	 82.400138	 82.399159	 82.398245	 82.397392	 82.396598	 82.395858	 82.395169	 82.394528	 82.393932	 82.393379	 82.392864	 82.392387	 82.391944	 82.391534	 82.391155	 82.390804	  82.39048	 82.390181	 82.389906	 82.389652	  82.38942	 82.389208	 82.389013	 82.388837	 82.388676	 82.388532	 82.388402	 82.388286	 82.388183	 82.388093	 82.388016	  82.38795	 82.387896	 82.387853	 82.387822	   82.3878	  82.38779	
        99	 98.707704	  98.41553	 98.123603	 97.832043	 97.540975	 97.250518	 96.960794	 96.671922	 96.384021	 96.097209	 95.811602	 95.527314	 95.244458	 94.963145	 94.683486	 94.405586	 94.129552	 93.855486	 93.583488	 93.313657	 93.046088	 92.780873	 92.518103	 92.257865	 92.000242	 91.745316	 91.493164	 91.243861	  90.99748	 90.754087	 90.513749	 90.276526	 90.042476	 89.811655	 89.584114	   89.3599	 89.139058	 88.921628	 88.707648	 88.497152	  88.29017	 88.086729	 87.886853	 87.690562	 87.497872	 87.308798	 87.123349	 86.941532	 86.763351	 86.588808	 86.417899	  86.25062	 86.086962	 85.926914	 85.770462	 85.617591	  85.46828	 85.322508	 85.180252	 85.041485	 84.906178	   84.7743	 84.645819	   84.5207	 84.398906	 84.280398	 84.165137	 84.053081	 83.944185	 83.838407	 83.735699	 83.636015	 83.539306	 83.445523	 83.354616	 83.266533	 83.181222	 83.098632	 83.018709	 82.941399	 82.866649	 82.794403	 82.724609	 82.657209	 82.592151	 82.529379	 82.468838	 82.410473	  82.35423	 82.300055	 82.247893	  82.19769	 82.149394	 82.102952	 82.058311	 82.015419	 81.974225	 81.934679	  81.89673	  81.86033	  81.82543	 81.791982	 81.759939	 81.729255	 81.699885	 81.671784	 81.644909	 81.619217	 81.594667	 81.571217	 81.548828	  81.52746	 81.507076	 81.487638	 81.469111	 81.451459	 81.434648	 81.418644	 81.403415	  81.38893	 81.375158	  81.36207	 81.349637	  81.33783	 81.326624	 81.315992	 81.305909	  81.29635	 81.287293	 81.278714	 81.270592	 81.262905	 81.255633	 81.248757	 81.242258	 81.236118	  81.23032	 81.224846	 81.219681	 81.214809	 81.210216	 81.205887	  81.20181	  81.19797	 81.194356	 81.190957	 81.187759	 81.184754	  81.18193	 81.179278	 81.176788	 81.174451	 81.172259	 81.170204	 81.168278	 81.166474	 81.164784	 81.163203	 81.161723	  81.16034	 81.159047	 81.157839	  81.15671	 81.155657	 81.154675	 81.153759	 81.152905	  81.15211	 81.151369	  81.15068	 81.150039	 81.149444	 81.148891	 81.148378	 81.147902	 81.147462	 81.147054	 81.146677	 81.146328	 81.146007	 81.145711	 81.145439	 81.145189	 81.144961	 81.144752	 81.144562	  81.14439	 81.144234	 81.144094	  81.14397	 81.143859	 81.143763	  81.14368	 81.143609	 81.143551	 81.143505	 81.143471	 81.143448	 81.143437	
        99	 98.687454	  98.37504	 98.062889	 97.751131	 97.439898	  97.12932	 96.819525	 96.510641	 96.202795	 95.896114	  95.59072	 95.286738	 94.984286	 94.683486	 94.384452	 94.087301	 93.792144	 93.499091	 93.208251	 92.919726	 92.633621	 92.350033	 92.069059	 91.790793	 91.515322	 91.242736	 90.973116	 90.706543	 90.443092	 90.182839	  89.92585	 89.672193	  89.42193	 89.175118	 88.931813	 88.692067	 88.455925	 88.223433	 87.994629	 87.769551	  87.54823	 87.330695	 87.116972	 86.907082	 86.701044	 86.498871	 86.300575	 86.106162	 85.915638	 85.729003	 85.546254	 85.367386	  85.19239	 85.021255	 84.853965	 84.690503	 84.530848	 84.374978	 84.222867	 84.074486	 83.929805	 83.788792	  83.65141	 83.517623	 83.387391	 83.260674	 83.137428	 83.017609	  82.90117	 82.788063	  82.67824	 82.571651	 82.468242	 82.367962	 82.270757	 82.176572	 82.085351	 81.997039	 81.911579	 81.828914	 81.748985	 81.671735	 81.597105	 81.525036	 81.455471	  81.38835	 81.323615	 81.261207	 81.201068	 81.143139	 81.087364	 81.033683	 80.982042	 80.932382	 80.884648	 80.838785	 80.794737	 80.752451	 80.711874	 80.672952	 80.635634	 80.599869	 80.565606	 80.532796	 80.501392	 80.471344	 80.442607	 80.415136	 80.388885	  80.36381	  80.33987	 80.317022	 80.295226	 80.274441	 80.254631	 80.235756	  80.21778	 80.200667	 80.184384	 80.168895	 80.154169	 80.140174	  80.12688	 80.114255	 80.102273	 80.090904	 80.080122	 80.069902	 80.060217	 80.051044	 80.042359	 80.034139	 80.026364	 80.019012	 80.012062	 80.005497	 79.999297	 79.993443	  79.98792	 79.982711	   79.9778	 79.973171	 79.968811	 79.964706	 79.960842	 79.957207	 79.953788	 79.950574	 79.947555	 79.944719	 79.942056	 79.939557	 79.937214	 79.935016	 79.932957	 79.931028	 79.929221	  79.92753	 79.925948	 79.924469	 79.923086	 79.921794	 79.920588	 79.919462	 79.918411	 79.917432	 79.916519	 79.915668	 79.914877	  79.91414	 79.913455	 79.912818	 79.912227	 79.911678	  79.91117	 79.910698	 79.910262	 79.909859	 79.909486	 79.909143	 79.908827	 79.908536	 79.908269	 79.908024	 79.907801	 79.907598	 79.907414	 79.907247	 79.907098	 79.906965	 79.906847	 79.906744	 79.906655	 79.906579	 79.906517	 79.906468	 79.906431	 79.906407	 79.906395	
        99	 98.667332	 98.334805	 98.002557	 97.670729	 97.339458	 97.008884	 96.679144	 96.350374	  96.02271	 95.696284	 95.371229	 95.047676	 94.725753	 94.405586	 94.087301	 93.771019	 93.456859	  93.14494	 92.835375	 92.528275	  92.22375	 91.921905	 91.622842	  91.32666	 91.033455	 90.743319	 90.456341	 90.172605	 89.892194	 89.615185	 89.341652	 89.071664	 88.805288	 88.542587	 88.283618	 88.028436	 87.777092	 87.529632	 87.286097	 87.046528	 86.810958	 86.579419	 86.351936	 86.128534	 85.909231	 85.694042	 85.482979	  85.27605	  85.07326	 84.874609	 84.680095	 84.489711	 84.303449	 84.121296	 83.943235	  83.76925	 83.599316	 83.433411	 83.271507	 83.113574	 82.959578	 82.809486	  82.66326	 82.520859	 82.382243	 82.247368	 82.116187	 81.988654	 81.864719	  81.74433	 81.627437	 81.513985	 81.403919	 81.297182	 81.193719	  81.09347	 80.996377	  80.90238	 80.811418	  80.72343	 80.638355	 80.556132	 80.476697	 80.399989	 80.325945	 80.254503	   80.1856	 80.119174	 80.055163	 79.993505	 79.934139	 79.877002	 79.822036	 79.769179	 79.718372	 79.669556	 79.622673	 79.577665	 79.534475	 79.493047	 79.453326	 79.415258	  79.37879	 79.343868	 79.310441	 79.278459	 79.247873	 79.218632	 79.190691	 79.164002	 79.138521	 79.114202	 79.091002	  79.06888	 79.047794	 79.027704	  79.00857	 78.990356	 78.973024	 78.956539	 78.940865	 78.925969	 78.911818	 78.898381	 78.885627	 78.873527	 78.862051	 78.851172	 78.840864	   78.8311	 78.821855	 78.813107	 78.804831	 78.797006	 78.789609	 78.782621	 78.776021	 78.769791	 78.763913	 78.758368	  78.75314	 78.748214	 78.743573	 78.739204	 78.735091	 78.731221	 78.727583	 78.724162	 78.720948	 78.717929	 78.715095	 78.712436	 78.709941	 78.707602	  78.70541	 78.703357	 78.701434	 78.699634	 78.697951	 78.696376	 78.694904	 78.693529	 78.692245	 78.691047	 78.689928	 78.688886	 78.687914	 78.687009	 78.686166	 78.685382	 78.684653	 78.683975	 78.683346	 78.682762	 78.682221	 78.681719	 78.681255	 78.680825	 78.680429	 78.680063	 78.679727	 78.679417	 78.679133	 78.678873	 78.678635	 78.678419	 78.678223	 78.678046	 78.677887	 78.677745	 78.677619	  78.67751	 78.677415	 78.677335	 78.677269	 78.677216	 78.677177	 78.677151	 78.677138	
        99	 98.647346	  98.29484	  97.94263	 97.590865	 97.239692	 96.889257	 96.539706	 96.191184	 95.843833	 95.497795	 95.153211	 94.810219	 94.468954	 94.129552	 93.792144	 93.456859	 93.123825	 92.793165	 92.465001	 92.139451	  91.81663	  91.49665	 91.179619	 90.865643	 90.554822	 90.247254	 89.943034	 89.642252	 89.344994	 89.051341	 88.761374	 88.475165	 88.192786	 87.914301	 87.639774	  87.36926	 87.102815	 86.840487	 86.582321	 86.328359	 86.078636	 85.833185	 85.592036	 85.355211	 85.122732	 84.894614	 84.670871	 84.451509	 84.236535	 84.025949	 83.819749	 83.617927	 83.420474	 83.227377	 83.038619	  82.85418	 82.674037	 82.498164	 82.326533	 82.159111	 81.995863	 81.836753	 81.681742	 81.530786	 81.383842	 81.240863	 81.101801	 80.966605	 80.835224	 80.707603	 80.583686	 80.463418	 80.346739	  80.23359	  80.12391	 80.017639	 79.914712	 79.815067	  79.71864	 79.625366	  79.53518	 79.448017	 79.363809	 79.282493	    79.204	 79.128266	 79.055223	 78.984806	  78.91695	 78.851587	 78.788654	 78.728085	 78.669816	 78.613783	 78.559924	 78.508175	 78.458475	 78.410763	 78.364978	 78.321061	 78.278954	 78.238599	 78.199939	 78.162919	 78.127485	 78.093581	 78.061157	  78.03016	  78.00054	 77.972247	 77.945235	 77.919455	 77.894862	  77.87141	 77.849057	  77.82776	 77.807477	 77.788169	 77.769795	 77.752319	 77.735704	 77.719913	 77.704912	 77.690668	 77.677147	  77.66432	 77.652154	 77.640622	 77.629694	 77.619344	 77.609544	  77.60027	 77.591497	 77.583201	  77.57536	 77.567952	 77.560956	 77.554352	  77.54812	 77.542242	 77.536701	 77.531478	 77.526559	 77.521927	 77.517567	 77.513465	 77.509607	 77.505981	 77.502574	 77.499374	  77.49637	 77.493551	 77.490906	 77.488427	 77.486103	 77.483926	 77.481888	  77.47998	 77.478195	 77.476526	 77.474966	 77.473508	 77.472147	 77.470876	 77.469691	 77.468586	 77.467556	 77.466596	 77.465703	 77.464871	 77.464098	  77.46338	 77.462713	 77.462094	  77.46152	 77.460988	 77.460496	 77.460041	 77.459621	 77.459233	 77.458876	 77.458548	 77.458247	 77.457971	 77.457719	  77.45749	 77.457282	 77.457094	 77.456926	 77.456775	 77.456642	 77.456526	 77.456426	 77.456341	 77.456271	 77.456215	 77.456173	 77.456146	 77.456132	
