Time step 21:
        99	        99	        99	        99	        99	        99	        99	        99	        99	        99	        99	        99	        99	        99	        99	        99	        99	        99	        99	        99	        99	        99	        99	        99	        99	        99	        99	        99	        99	        99	        99	        99	        99	        99	        99	        99	        99	        99	        99	        99	        99	        99	        99	        99	        99	        99	        99	        99	        99	        99	        99	        99	        99	        99	        99	        99	        99	        99	        99	        99	        99	        99	        99	        99	        99	        99	        99	        99	        99	        99	        99	        99	        99	        99	        99	        99	        99	        99	        99	        99	        99	        99	        99	        99	        99	        99	        99	        99	        99	        99	        99	        99	        99	        99	        99	        99	        99	        99	        99	        99	        99	        99	        99	        99	        99	        99	        99	        99	        99	        99	        99	        99	        99	        99	        99	        99	        99	        99	        99	        99	        99	        99	        99	        99	        99	        99	        99	        99	        99	        99	        99	        99	        99	        99	        99	        99	        99	        99	        99	        99	        99	        99	        99	        99	        99	        99	        99	        99	        99	        99	        99	        99	        99	        99	        99	        99	        99	        99	        99	        99	        99	        99	        99	        99	        99	        99	        99	        99	        99	        99	        99	        99	        99	        99	        99	        99	        99	        99	        99	        99	        99	        99	        99	        99	        99	        99	        99	        99	        99	        99	        99	        99	        99	        99	        99	        99	        99	        99	        99	        99	
        99	 98.969767	 98.939552	 98.909373	 98.879248	 98.849196	 98.819234	  98.78938	 98.759652	 98.730066	  98.70064	  98.67139	 98.642333	 98.613485	 98.584861	 98.556478	 98.528349	  98.50049	 98.472914	 98.445635	 98.418666	 98.392019	 98.365707	  98.33974	  98.31413	 98.288887	 98.264021	  98.23954	 98.215454	 98.191769	 98.168494	 98.145636	 98.123199	  98.10119	 98.079613	 98.058473	 98.037773	 98.017517	 97.997706	 97.978342	 97.959428	 97.940963	 97.922947	 97.905381	 97.888263	 97.871592	 97.855366	 97.839583	 97.824239	 97.809332	 97.794858	 97.780812	 97.767191	 97.753988	   97.7412	  97.72882	 97.716843	 97.705263	 97.694073	 97.683266	 97.672835	 97.662775	 97.653076	 97.643733	 97.634736	 97.626079	 97.617754	 97.609753	 97.602068	  97.59469	 97.587612	 97.580826	 97.574324	 97.568097	 97.562137	 97.556436	 97.550987	 97.545781	 97.540811	 97.536068	 97.531546	 97.527235	  97.52313	 97.519222	 97.515504	 97.511969	  97.50861	  97.50542	 97.502393	 97.499522	 97.496801	 97.494222	 97.491781	 97.489471	 97.487287	 97.485223	 97.483273	 97.481433	 97.479697	  97.47806	 97.476518	 97.475065	 97.473699	 97.472413	 97.471205	  97.47007	 97.469004	 97.468004	 97.467066	 97.466187	 97.465364	 97.464594	 97.463873	 97.463199	  97.46257	 97.461982	 97.461433	 97.460921	 97.460444	     97.46	 97.459586	 97.459201	 97.458844	 97.458511	 97.458202	 97.457915	 97.457649	 97.457403	 97.457174	 97.456963	 97.456767	 97.456586	 97.456418	 97.456264	 97.456121	 97.455989	 97.455868	 97.455756	 97.455653	 97.455558	  97.45547	  97.45539	 97.455316	 97.455249	 97.455187	  97.45513	 97.455077	  97.45503	 97.454986	 97.454946	 97.454909	 97.454876	 97.454845	 97.454817	 97.454792	 97.454768	 97.454747	 97.454728	  97.45471	 97.454694	  97.45468	 97.454667	 97.454655	 97.454644	 97.454634	 97.454625	 97.454617	  97.45461	 97.454603	 97.454597	 97.454592	 97.454587	 97.454583	 97.454579	 97.454575	 97.454572	 97.454569	 97.454566	 97.454564	 97.454562	  97.45456	 97.454558	 97.454557	 97.454556	 97.454554	 97.454553	 97.454552	 97.454552	 97.454551	  97.45455	  97.45455	 97.454549	 97.454549	 97.454548	 97.454548	 97.454548	 97.454548	 97.454547	 97.454547	 97.454547	
        99	 98.939552	 98.879139	   98.8188	 98.758569	 98.698483	 98.638577	 98.578887	 98.519448	 98.460294	 98.401459	 98.342977	 98.284881	 98.227202	 98.169972	 98.113223	 98.056982	 98.001281	 97.946145	 97.891604	 97.837681	 97.784404	 97.731795	 97.679877	 97.628673	 97.578202	 97.528484	 97.479537	 97.431379	 97.384024	 97.337488	 97.291785	 97.246925	  97.20292	 97.159779	 97.117512	 97.076125	 97.035624	 96.996014	 96.957299	 96.919481	 96.882562	 96.846542	  96.81142	 96.777194	 96.743863	  96.71142	 96.679863	 96.649185	  96.61938	  96.59044	 96.562357	 96.535122	 96.508726	 96.483157	 96.458405	 96.434458	 96.411304	  96.38893	 96.367323	 96.346469	 96.326353	 96.306962	  96.28828	 96.270293	 96.252985	 96.236339	 96.220342	 96.204976	 96.190225	 96.176074	 96.162506	 96.149505	 96.137054	 96.125138	 96.113741	 96.102846	 96.092437	 96.082499	 96.073017	 96.063974	 96.055356	 96.047147	 96.039333	   96.0319	 96.024832	 96.018117	 96.011739	 96.005687	 95.999946	 95.994505	  95.98935	 95.984469	 95.979851	 95.975484	 95.971357	 95.967459	 95.963779	 95.960308	 95.957035	 95.953951	 95.951048	 95.948315	 95.945744	 95.943328	 95.941059	 95.938928	 95.936929	 95.935054	 95.933297	 95.931651	  95.93011	 95.928669	 95.927322	 95.926063	 95.924888	 95.923791	 95.922768	 95.921814	 95.920926	 95.920099	 95.919329	 95.918614	 95.917948	 95.917331	 95.916757	 95.916226	 95.915733	 95.915276	 95.914853	 95.914461	 95.914099	 95.913764	 95.913455	  95.91317	 95.912906	 95.912664	  95.91244	 95.912234	 95.912044	 95.911869	 95.911709	 95.911562	 95.911426	 95.911302	 95.911188	 95.911084	 95.910988	   95.9109	  95.91082	 95.910747	  95.91068	 95.910619	 95.910563	 95.910512	 95.910466	 95.910423	 95.910385	  95.91035	 95.910318	 95.910289	 95.910263	 95.910239	 95.910217	 95.910197	  95.91018	 95.910163	 95.910149	 95.910136	 95.910124	 95.910113	 95.910103	 95.910094	 95.910086	 95.910079	 95.910073	 95.910067	 95.910062	 95.910057	 95.910053	 95.910049	 95.910046	 95.910043	  95.91004	 95.910038	 95.910036	 95.910034	 95.910032	 95.910031	 95.910029	 95.910028	 95.910027	 95.910026	 95.910026	 95.910025	 95.910025	 95.910024	 95.910024	 95.910024	 95.910024	
        99	 98.909373	   98.8188	 98.728336	 98.638035	 98.547951	 98.458137	 98.368647	 98.279533	 98.190846	 98.102638	 98.014959	 97.927858	 97.841384	 97.755582	   97.6705	 97.586182	 97.502671	  97.42001	 97.338238	 97.257395	 97.177519	 97.098645	 97.020807	 96.944039	  96.86837	 96.793831	 96.720448	 96.648246	  96.57725	 96.507481	  96.43896	 96.371704	 96.305729	 96.241051	 96.177682	 96.115632	 96.054911	 95.995526	 95.937483	 95.880784	 95.825433	  95.77143	 95.718774	 95.667461	 95.617488	  95.56885	 95.521537	 95.475544	 95.430858	  95.38747	 95.345367	 95.304535	  95.26496	 95.226626	 95.189517	 95.153614	 95.118901	 95.085356	 95.052962	 95.021696	 94.991538	 94.962466	 94.934457	  94.90749	  94.88154	 94.856585	 94.832601	 94.809563	 94.787448	 94.766232	  94.74589	 94.726398	 94.707732	 94.689867	 94.672779	 94.656445	  94.64084	 94.625941	 94.611724	 94.598167	 94.585246	 94.572939	 94.561224	 94.550079	 94.539483	 94.529415	 94.519853	 94.510779	 94.502173	 94.494015	 94.486286	 94.478969	 94.472045	 94.465498	  94.45931	 94.453466	 94.447949	 94.442745	 94.437838	 94.433215	 94.428862	 94.424764	 94.420911	 94.417289	 94.413886	 94.410691	 94.407693	 94.404883	 94.402248	 94.399781	 94.397472	 94.395311	 94.393291	 94.391404	 94.389642	 94.387997	 94.386463	 94.385033	 94.383701	 94.382461	 94.381308	 94.380235	 94.379238	 94.378312	 94.377452	 94.376655	 94.375915	 94.375231	 94.374596	 94.374009	 94.373466	 94.372965	 94.372501	 94.372073	 94.371678	 94.371314	 94.370979	  94.37067	 94.370385	 94.370124	 94.369883	 94.369662	 94.369459	 94.369273	 94.369102	 94.368946	 94.368802	 94.368671	 94.368551	 94.368441	  94.36834	 94.368249	 94.368165	 94.368089	 94.368019	 94.367956	 94.367898	 94.367845	 94.367798	 94.367754	 94.367715	 94.367679	 94.367646	 94.367617	  94.36759	 94.367566	 94.367544	 94.367524	 94.367506	  94.36749	 94.367476	 94.367462	 94.367451	  94.36744	  94.36743	 94.367422	 94.367414	 94.367407	   94.3674	 94.367395	  94.36739	 94.367385	 94.367381	 94.367378	 94.367374	 94.367372	 94.367369	 94.367367	 94.367365	 94.367363	 94.367362	  94.36736	 94.367359	 94.367358	 94.367358	 94.367357	 94.367357	 94.367356	 94.367356	
        99	 98.879248	 98.758569	 98.638035	 98.517718	  98.39769	 98.278023	 98.158786	  98.04005	 97.921884	 97.804356	 97.687533	 97.571479	  97.45626	 97.341939	 97.228575	  97.11623	  97.00496	 96.894822	  96.78587	 96.678155	 96.571728	 96.466636	 96.362925	 96.260639	 96.159819	 96.060502	 95.962726	 95.866525	  95.77193	  95.67897	 95.587672	  95.49806	 95.410156	 95.323979	 95.239546	 95.156871	 95.075966	 94.996842	 94.919504	  94.84396	  94.77021	 94.698256	 94.628097	 94.559728	 94.493144	 94.428338	 94.365299	 94.304017	 94.244478	 94.186668	  94.13057	 94.076165	 94.023436	  93.97236	 93.922915	 93.875079	 93.828826	 93.784132	  93.74097	 93.699311	 93.659128	 93.620393	 93.583074	 93.547143	 93.512568	 93.479317	 93.447361	 93.416665	   93.3872	 93.358931	 93.331828	 93.305856	 93.280985	 93.257182	 93.234414	 93.212651	 93.191858	 93.172007	 93.153065	 93.135001	 93.117785	 93.101387	 93.085778	 93.070929	 93.056811	 93.043396	 93.030657	 93.018566	 93.007099	 92.996229	 92.985931	 92.976182	 92.966957	 92.958233	 92.949988	 92.942202	 92.934851	 92.927917	 92.921379	  92.91522	 92.909419	  92.90396	 92.898825	 92.893999	 92.889465	 92.885209	 92.881215	 92.877469	  92.87396	 92.870672	 92.867595	 92.864716	 92.862025	 92.859511	 92.857163	 92.854971	 92.852927	 92.851022	 92.849248	 92.847595	 92.846058	 92.844629	   92.8433	 92.842066	 92.840921	 92.839859	 92.838874	 92.837961	 92.837116	 92.836334	 92.835611	 92.834942	 92.834324	 92.833754	 92.833228	 92.832743	 92.832296	 92.831884	 92.831505	 92.831157	 92.830836	 92.830542	 92.830271	 92.830023	 92.829796	 92.829587	 92.829396	 92.829221	 92.829061	 92.828914	 92.828781	 92.828658	 92.828547	 92.828445	 92.828352	 92.828268	 92.828191	 92.828121	 92.828057	 92.827999	 92.827947	 92.827899	 92.827856	 92.827817	 92.827781	 92.827749	  92.82772	 92.827693	 92.827669	 92.827648	 92.827628	 92.827611	 92.827595	 92.827581	 92.827568	 92.827556	 92.827546	 92.827537	 92.827528	 92.827521	 92.827514	 92.827508	 92.827503	 92.827498	 92.827494	  92.82749	 92.827486	 92.827484	 92.827481	 92.827479	 92.827477	 92.827475	 92.827474	 92.827472	 92.827471	 92.827471	  92.82747	  92.82747	 92.827469	
        99	 98.849196	 98.698483	 98.547951	  98.39769	  98.24779	 98.098341	 97.949429	 97.801143	 97.653569	 97.506791	 97.360893	 97.215957	 97.072063	 96.929289	 96.787712	 96.647407	 96.508445	 96.370896	 96.234828	 96.100306	 95.967392	 95.836145	 95.706624	 95.578881	 95.452969	 95.328935	 95.206826	 95.086682	 94.968545	  94.85245	  94.73843	 94.626516	 94.516735	  94.40911	 94.303663	 94.200413	 94.099373	 94.000556	 93.903972	 93.809626	 93.717522	 93.627661	  93.54004	 93.454656	 93.371502	 93.290566	 93.211839	 93.135305	 93.060949	 92.988751	 92.918691	 92.850747	 92.784894	 92.721106	 92.659357	 92.599615	 92.541852	 92.486034	 92.432129	 92.380103	  92.32992	 92.281544	 92.234938	 92.190064	 92.146884	 92.105359	 92.065449	 92.027114	 91.990315	 91.955011	 91.921162	 91.888727	 91.857667	 91.827939	 91.799505	 91.772325	 91.746358	 91.721566	  91.69791	  91.67535	  91.65385	 91.633371	 91.613878	 91.595333	 91.577701	 91.560947	 91.545037	 91.529938	 91.515617	 91.502042	 91.489181	 91.477005	 91.465484	 91.454589	 91.444293	 91.434568	 91.425388	 91.416728	 91.408564	 91.400871	 91.393627	 91.386809	 91.380397	 91.374369	 91.368707	 91.363391	 91.358403	 91.353726	 91.349342	 91.345237	 91.341394	 91.337799	 91.334438	 91.331297	 91.328365	 91.325628	 91.323076	 91.320697	  91.31848	 91.316417	 91.314497	 91.312712	 91.311053	 91.309512	 91.308081	 91.306755	 91.305525	 91.304385	 91.303329	 91.302353	 91.301449	 91.300614	 91.299843	 91.299131	 91.298474	 91.297868	  91.29731	 91.296796	 91.296322	 91.295887	 91.295487	 91.295119	 91.294781	 91.294471	 91.294187	 91.293926	 91.293688	 91.293469	 91.293269	 91.293087	  91.29292	 91.292767	 91.292628	 91.292501	 91.292385	 91.292279	 91.292183	 91.292096	 91.292016	 91.291944	 91.291878	 91.291819	 91.291765	 91.291716	 91.291671	 91.291631	 91.291594	 91.291561	 91.291532	 91.291505	  91.29148	 91.291459	 91.291439	 91.291421	 91.291405	 91.291391	 91.291378	 91.291366	 91.291355	 91.291346	 91.291338	  91.29133	 91.291324	 91.291318	 91.291312	 91.291307	 91.291303	   91.2913	 91.291296	 91.291294	 91.291291	 91.291289	 91.291287	 91.291286	 91.291284	 91.291283	 91.291283	 91.291282	 91.291282	
        99	 98.819234	 98.638577	 98.458137	 98.278023	 98.098341	 97.919198	 97.740701	 97.562953	 97.386058	 97.210118	 97.035233	 96.861501	 96.689018	 96.517878	 96.348173	 96.179991	  96.01342	 95.848543	 95.685441	 95.524192	  95.36487	 95.207548	 95.052293	  94.89917	 94.748241	 94.599565	 94.453194	 94.309181	 94.167572	  94.02841	 93.891737	 93.757588	 93.625995	 93.496988	 93.370591	 93.246826	 93.125712	 93.007262	 92.891488	 92.778397	 92.667994	 92.560279	  92.45525	 92.352902	 92.253226	 92.156211	 92.061842	 91.970102	 91.880972	  91.79443	 91.710451	 91.629007	 91.550071	  91.47361	 91.399591	  91.32798	  91.25874	 91.191833	 91.127218	 91.064855	 91.004702	 90.946715	 90.890849	 90.837059	   90.7853	 90.735524	 90.687685	 90.641734	 90.597624	 90.555306	 90.514732	 90.475853	 90.438621	 90.402987	 90.368904	 90.336323	 90.305198	  90.27548	 90.247123	 90.220082	  90.19431	 90.169762	 90.146396	 90.124166	 90.103031	 90.082949	 90.063878	 90.045779	 90.028612	  90.01234	 89.996924	 89.982329	 89.968519	  89.95546	 89.943118	 89.931461	 89.920457	 89.910077	  89.90029	 89.891069	 89.882385	 89.874213	 89.866527	 89.859302	 89.852514	 89.846142	 89.840163	 89.834556	 89.829302	 89.824381	 89.819774	 89.815465	 89.811436	 89.807672	 89.804157	 89.800877	 89.797817	 89.794965	 89.792308	 89.789835	 89.787534	 89.785394	 89.783405	 89.781558	 89.779844	 89.778253	 89.776779	 89.775412	 89.774147	 89.772977	 89.771894	 89.770893	 89.769968	 89.769115	 89.768327	 89.767601	 89.766932	 89.766315	 89.765748	 89.765226	 89.764746	 89.764306	 89.763901	 89.763529	 89.763189	 89.762876	  89.76259	 89.762328	 89.762089	 89.761869	 89.761669	 89.761486	 89.761319	 89.761167	 89.761028	 89.760902	 89.760787	 89.760682	 89.760586	   89.7605	 89.760421	  89.76035	 89.760285	 89.760226	 89.760173	 89.760125	 89.760081	 89.760041	 89.760006	 89.759973	 89.759944	 89.759918	 89.759894	 89.759873	 89.759854	 89.759836	 89.759821	 89.759807	 89.759794	 89.759783	 89.759773	 89.759764	 89.759756	 89.759749	 89.759743	 89.759737	 89.759732	 89.759727	 89.759724	  89.75972	 89.759717	 89.759715	 89.759713	 89.759711	 89.759709	 89.759708	 89.759707	 89.759707	 89.759706	
        99	  98.78938	 98.578887	 98.368647	 98.158786	 97.949429	 97.740701	 97.532724	 97.325621	 97.119511	 96.914515	 96.710747	 96.508322	 96.307353	 96.107949	 95.910216	 95.714259	 95.520179	 95.328072	 95.138033	 94.950153	 94.764519	 94.581214	 94.400318	 94.221907	 94.046052	 93.872821	 93.702277	 93.534479	 93.369483	 93.207339	 93.048094	 92.891789	 92.738463	  92.58815	 92.440878	 92.296674	 92.155557	 92.017545	 91.882651	 91.750883	 91.622246	 91.496742	 91.374367	 91.255116	 91.138978	  91.02594	 90.915986	 90.809095	 90.705245	  90.60441	 90.506562	 90.411668	 90.319694	 90.230606	 90.144363	 90.060925	  89.98025	 89.902293	 89.827007	 89.754345	 89.684257	 89.616692	   89.5516	 89.488927	  89.42862	 89.370624	 89.314883	 89.261344	 89.209949	 89.160642	 89.113366	 89.068067	 89.024686	 88.983167	 88.943455	 88.905494	 88.869227	 88.834601	 88.801562	 88.770054	 88.740026	 88.711424	 88.684199	 88.658298	 88.633672	 88.610273	 88.588053	 88.566965	 88.546963	 88.528003	 88.510042	 88.493036	 88.476945	 88.461729	 88.447349	 88.433767	 88.420946	 88.408851	 88.397448	 88.386704	 88.376586	 88.367064	 88.358108	  88.34969	 88.341782	 88.334357	 88.327391	 88.320858	 88.314736	 88.309002	 88.303635	 88.298614	  88.29392	 88.289534	 88.285438	 88.281616	 88.278051	 88.274728	 88.271633	 88.268751	  88.26607	 88.263576	 88.261259	 88.259107	 88.257109	 88.255256	 88.253538	 88.251947	 88.250473	 88.249108	 88.247847	 88.246681	 88.245603	 88.244609	 88.243691	 88.242845	 88.242065	 88.241347	 88.240686	 88.240078	 88.239519	 88.239005	 88.238534	 88.238101	 88.237704	  88.23734	 88.237007	 88.236701	 88.236422	 88.236167	 88.235934	 88.235721	 88.235526	 88.235349	 88.235187	 88.235039	 88.234905	 88.234783	 88.234672	 88.234571	 88.234479	 88.234396	 88.234321	 88.234252	  88.23419	 88.234134	 88.234083	 88.234037	 88.233995	 88.233958	 88.233924	 88.233893	 88.233866	 88.233841	 88.233818	 88.233798	  88.23378	 88.233764	 88.233749	 88.233736	 88.233724	 88.233714	 88.233705	 88.233696	 88.233689	 88.233682	 88.233676	 88.233671	 88.233667	 88.233663	 88.233659	 88.233656	 88.233654	 88.233652	  88.23365	 88.233649	 88.233648	 88.233647	 88.233647	
        99	 98.759652	 98.519448	 98.279533	  98.04005	 97.801143	 97.562953	 97.325621	 97.089285	 96.854084	 96.620152	 96.387623	 96.156627	 95.927291	 95.699742	   95.4741	 95.250483	 95.029009	 94.809786	 94.592924	 94.378525	 94.166689	 93.957511	 93.751082	 93.547488	 93.346812	 93.149129	 92.954513	 92.763031	 92.574746	 92.389716	 92.207994	 92.029627	  91.85466	  91.68313	 91.515071	 91.350512	 91.189477	 91.031985	 90.878051	 90.727684	  90.58089	 90.437671	 90.298024	  90.16194	  90.02941	 89.900417	 89.774943	 89.652965	 89.534457	 89.419389	  89.30773	 89.199441	 89.094486	 88.992823	 88.894407	 88.799193	  88.70713	 88.618169	 88.532257	 88.449338	 88.369358	 88.292257	 88.217977	 88.146458	 88.077638	 88.011456	 87.947848	 87.886752	 87.828102	 87.771836	 87.717888	 87.666194	  87.61669	 87.569311	 87.523993	 87.480674	 87.439289	 87.399775	 87.362072	 87.326117	  87.29185	 87.259212	 87.228143	 87.198587	 87.170485	 87.143784	 87.118427	 87.094362	 87.071537	 87.049901	 87.029405	 87.009999	 86.991637	 86.974273	 86.957863	 86.942363	 86.927733	 86.913931	 86.900919	 86.888658	 86.877112	 86.866246	 86.856026	  86.84642	 86.837395	 86.828923	 86.820973	 86.813519	 86.806532	 86.799989	 86.793864	 86.788135	 86.782778	 86.777773	 86.773099	 86.768737	 86.764669	 86.760877	 86.757345	 86.754056	 86.750997	 86.748151	 86.745507	 86.743051	 86.740772	 86.738657	 86.736696	  86.73488	 86.733198	 86.731641	 86.730202	 86.728871	 86.727642	 86.726507	 86.725459	 86.724494	 86.723604	 86.722785	  86.72203	 86.721336	 86.720698	 86.720112	 86.719574	  86.71908	 86.718627	 86.718212	 86.717831	 86.717483	 86.717164	 86.716873	 86.716607	 86.716364	 86.716142	 86.715939	 86.715755	 86.715586	 86.715433	 86.715294	 86.715167	 86.715052	 86.714947	 86.714852	 86.714766	 86.714688	 86.714617	 86.714553	 86.714495	 86.714442	 86.714395	 86.714352	 86.714313	 86.714278	 86.714247	 86.714218	 86.714193	  86.71417	 86.714149	 86.714131	 86.714114	 86.714099	 86.714086	 86.714074	 86.714063	 86.714054	 86.714045	 86.714038	 86.714031	 86.714025	  86.71402	 86.714015	 86.714011	 86.714008	 86.714005	 86.714003	 86.714001	 86.713999	 86.713998	 86.713997	 86.713997	
        99	 98.730066	 98.460294	 98.190846	 97.921884	 97.653569	 97.386058	 97.119511	 96.854084	 96.589931	 96.327203	  96.06605	 95.806619	 95.549053	 95.293493	 95.040076	 94.788933	 94.540196	 94.293988	 94.050431	  93.80964	 93.571728	 93.336801	 93.104962	 92.876306	 92.650927	 92.428911	 92.210339	 91.995286	 91.783824	 91.576017	 91.371925	 91.171603	 90.975098	 90.782453	 90.593707	 90.408892	 90.228034	 90.051155	 89.878272	 89.709396	 89.544532	 89.383684	 89.226846	 89.074011	 88.925167	 88.780296	 88.639376	 88.502383	 88.369287	 88.240055	 88.114651	 87.993033	 87.875158	  87.76098	  87.65045	 87.543515	  87.44012	 87.340208	  87.24372	 87.150595	 87.060769	 86.974178	 86.890754	 86.810431	  86.73314	 86.658811	 86.587374	 86.518756	 86.452887	 86.389694	 86.329106	 86.271048	 86.215451	  86.16224	 86.111344	 86.062692	 86.016212	 85.971835	 85.929491	  85.88911	 85.850625	 85.813969	 85.779076	 85.745881	  85.71432	 85.684332	 85.655854	 85.628827	 85.603192	 85.578893	 85.555873	 85.534078	 85.513456	 85.493955	 85.475525	 85.458118	 85.441686	 85.426185	 85.411571	 85.397801	 85.384834	  85.37263	 85.361153	 85.350364	 85.340229	 85.330713	 85.321785	 85.313412	 85.305566	 85.298217	 85.291339	 85.284904	 85.278888	 85.273266	 85.268017	 85.263119	  85.25855	 85.254291	 85.250324	 85.246631	 85.243194	 85.239999	 85.237029	 85.234271	 85.231711	 85.229336	 85.227134	 85.225094	 85.223205	 85.221456	 85.219839	 85.218345	 85.216964	  85.21569	 85.214514	 85.213429	  85.21243	 85.211509	 85.210662	 85.209883	 85.209166	 85.208508	 85.207904	 85.207349	  85.20684	 85.206374	 85.205946	 85.205555	 85.205197	  85.20487	 85.204571	 85.204298	 85.204049	 85.203821	 85.203614	 85.203425	 85.203253	 85.203097	 85.202954	 85.202825	 85.202707	 85.202601	 85.202504	 85.202416	 85.202337	 85.202265	 85.202199	  85.20214	 85.202087	 85.202039	 85.201995	 85.201956	 85.201921	 85.201889	  85.20186	 85.201834	 85.201811	  85.20179	 85.201772	 85.201755	  85.20174	 85.201726	 85.201714	 85.201704	 85.201694	 85.201686	 85.201678	 85.201672	 85.201666	 85.201661	 85.201656	 85.201653	 85.201649	 85.201647	 85.201644	 85.201643	 85.201641	 85.201641	  85.20164	
        99	  98.70064	 98.401459	 98.102638	 97.804356	 97.506791	 97.210118	 96.914515	 96.620152	 96.327203	 96.035834	 95.746213	 95.458501	 95.172857	 94.889438	 94.608394	 94.329874	 94.054021	 93.780974	 93.510865	 93.243826	 92.979978	 92.719441	 92.462329	 92.208747	 91.958799	  91.71258	  91.47018	 91.231684	  90.99717	  90.76671	  90.54037	 90.318209	 90.100283	 89.886637	 89.677316	 89.472353	 89.271779	 89.075619	 88.883889	 88.696603	 88.513768	 88.335385	  88.16145	 87.991954	 87.826884	  87.66622	 87.509938	 87.358012	 87.210406	 87.067087	 86.928011	 86.793135	 86.662411	 86.535786	 86.413207	 86.294614	 86.179948	 86.069145	 85.962139	 85.858861	 85.759243	 85.663212	 85.570695	 85.481616	 85.395899	 85.313467	 85.234242	 85.158144	 85.085094	 85.015013	 84.947819	 84.883433	 84.821774	 84.762763	 84.706319	 84.652363	 84.600817	 84.551602	 84.504641	 84.459858	 84.417178	 84.376526	  84.33783	 84.301016	 84.266015	 84.232757	 84.201175	 84.171201	 84.142772	 84.115824	 84.090295	 84.066124	 84.043254	 84.021627	 84.001188	 83.981883	  83.96366	 83.946469	 83.930262	 83.914991	  83.90061	 83.887076	 83.874347	 83.862382	 83.851142	 83.840589	 83.830688	 83.821403	 83.812701	 83.804551	 83.796923	 83.789786	 83.783114	  83.77688	 83.771059	 83.765627	  83.76056	 83.755837	 83.751437	 83.747341	  83.74353	 83.739986	 83.736693	 83.733634	 83.730794	 83.728161	 83.725719	 83.723456	 83.721361	 83.719422	 83.717629	 83.715972	 83.714441	 83.713027	 83.711723	  83.71052	 83.709412	 83.708391	 83.707452	 83.706587	 83.705793	 83.705063	 83.704392	 83.703777	 83.703213	 83.702695	 83.702222	 83.701788	 83.701391	 83.701028	 83.700697	 83.700394	 83.700117	 83.699865	 83.699635	 83.699426	 83.699235	 83.699061	 83.698903	  83.69876	  83.69863	 83.698511	 83.698404	 83.698307	 83.698218	 83.698138	 83.698066	 83.698001	 83.697942	 83.697888	  83.69784	 83.697796	 83.697757	 83.697722	  83.69769	 83.697661	 83.697636	 83.697613	 83.697592	 83.697573	 83.697557	 83.697542	 83.697528	 83.697516	 83.697506	 83.697497	 83.697488	 83.697481	 83.697474	 83.697469	 83.697464	  83.69746	 83.697456	 83.697453	 83.697451	 83.697449	 83.697447	 83.697446	 83.697446	
        99	  98.67139	 98.342977	 98.014959	 97.687533	 97.360893	 97.035233	 96.710747	 96.387623	  96.06605	 95.746213	 95.428293	 95.112469	 94.798916	 94.487804	 94.179301	 93.873567	 93.570761	 93.271035	 92.974535	 92.681403	 92.391776	 92.105783	 91.823548	  91.54519	  91.27082	 91.000543	 90.734459	 90.472661	 90.215233	 89.962255	 89.713799	 89.469932	 89.230712	 88.996192	 88.766418	 88.541429	 88.321258	 88.105931	 87.895468	 87.689883	 87.489183	  87.29337	 87.102441	 86.916384	 86.735185	 86.558823	 86.387272	   86.2205	 86.058473	  85.90115	 85.748486	 85.600431	 85.456934	 85.317938	 85.183381	 85.053201	 84.927331	 84.805701	  84.68824	 84.574872	  84.46552	 84.360106	 84.258549	 84.160766	 84.066674	 83.976188	 83.889222	 83.805689	 83.725502	 83.648573	 83.574814	 83.504137	 83.436454	 83.371676	 83.309717	 83.250489	 83.193907	 83.139883	 83.088334	 83.039176	 82.992325	 82.947701	 82.905224	 82.864813	 82.826392	 82.789885	 82.755217	 82.722315	 82.691108	 82.661526	 82.633503	 82.606971	 82.581866	 82.558125	 82.535689	 82.514498	 82.494495	 82.475625	 82.457834	  82.44107	 82.425284	 82.410428	 82.396456	 82.383322	 82.370983	 82.359399	  82.34853	 82.338338	 82.328786	  82.31984	 82.311466	 82.303632	 82.296309	 82.289465	 82.283075	 82.277112	  82.27155	 82.266366	 82.261536	  82.25704	 82.252856	 82.248966	 82.245351	 82.241993	 82.238877	 82.235985	 82.233305	 82.230821	 82.228522	 82.226393	 82.224425	 82.222606	 82.220925	 82.219373	 82.217941	 82.216621	 82.215405	 82.214284	 82.213253	 82.212304	 82.211432	  82.21063	 82.209895	 82.209219	   82.2086	 82.208032	 82.207512	 82.207036	   82.2066	 82.206202	 82.205838	 82.205505	 82.205202	 82.204925	 82.204673	 82.204443	 82.204233	 82.204043	  82.20387	 82.203712	 82.203569	 82.203439	 82.203321	 82.203214	 82.203117	  82.20303	  82.20295	 82.202879	 82.202814	 82.202755	 82.202702	 82.202654	 82.202611	 82.202572	 82.202538	 82.202506	 82.202478	 82.202453	  82.20243	 82.202409	 82.202391	 82.202375	  82.20236	 82.202347	 82.202335	 82.202325	 82.202316	 82.202308	 82.202301	 82.202295	 82.202289	 82.202285	 82.202281	 82.202278	 82.202275	 82.202273	 82.202271	  82.20227	  82.20227	
        99	 98.642333	 98.284881	 97.927858	 97.571479	 97.215957	 96.861501	 96.508322	 96.156627	 95.806619	 95.458501	 95.112469	 94.768719	  94.42744	 94.088819	 93.753036	 93.420269	 93.090687	 92.764458	 92.441741	 92.122689	 91.807452	  91.49617	 91.188979	 90.886007	 90.587376	 90.293201	 90.003589	 89.718641	  89.43845	 89.163103	 88.892678	 88.627247	 88.366875	 88.111618	 87.861526	 87.616643	 87.377003	 87.142636	 86.913563	 86.689799	 86.471353	 86.258226	 86.050413	 85.847905	 85.650684	 85.458727	 85.272006	 85.090489	 84.914134	   84.7429	 84.576736	 84.415591	 84.259405	 84.108118	 83.961663	 83.819972	 83.682972	 83.550588	  83.42274	 83.299347	 83.180326	 83.065591	 82.955054	 82.848625	 82.746213	 82.647726	  82.55307	  82.46215	 82.374873	 82.291141	  82.21086	 82.133934	 82.060266	  81.98976	 81.922323	 81.857858	 81.796272	 81.737471	 81.681364	 81.627859	 81.576866	 81.528296	 81.482062	 81.438079	  81.39626	 81.356525	 81.318791	  81.28298	 81.249014	 81.216817	 81.186315	 81.157437	 81.130112	 81.104272	 81.079852	 81.056787	 81.035016	 81.014477	 80.995112	 80.976867	 80.959685	 80.943516	 80.928307	 80.914012	 80.900582	 80.887974	 80.876144	 80.865051	 80.854654	 80.844917	 80.835803	 80.827276	 80.819305	 80.811857	 80.804902	 80.798411	 80.792357	 80.786714	 80.781458	 80.776564	  80.77201	 80.767776	 80.763841	 80.760187	 80.756794	 80.753648	  80.75073	 80.748027	 80.745524	 80.743207	 80.741065	 80.739085	 80.737255	 80.735566	 80.734008	 80.732571	 80.731247	 80.730028	 80.728905	 80.727872	 80.726923	 80.726051	  80.72525	 80.724515	  80.72384	 80.723223	 80.722656	 80.722138	 80.721664	 80.721231	 80.720834	 80.720472	 80.720142	 80.719841	 80.719566	 80.719316	 80.719088	 80.718881	 80.718692	  80.71852	 80.718365	 80.718223	 80.718095	 80.717979	 80.717873	 80.717778	 80.717692	 80.717613	 80.717543	 80.717479	 80.717421	 80.717369	 80.717322	  80.71728	 80.717242	 80.717208	 80.717177	  80.71715	 80.717125	 80.717103	 80.717083	 80.717065	 80.717049	 80.717035	 80.717022	 80.717011	 80.717001	 80.716992	 80.716985	 80.716978	 80.716972	 80.716967	 80.716963	 80.716959	 80.716956	 80.716954	 80.716952	 80.716951	 80.716951	
        99	 98.613485	 98.227202	 97.841384	  97.45626	 97.072063	 96.689018	 96.307353	 95.927291	 95.549053	 95.172857	 94.798916	  94.42744	 94.058635	 93.692702	 93.329836	 92.970229	 92.614065	 92.261523	 91.912777	 91.567992	 91.227329	  90.89094	 90.558972	 90.231564	 89.908847	 89.590944	 89.277973	 88.970043	 88.667253	 88.369697	 88.077461	 87.790621	 87.509248	 87.233403	  86.96314	 86.698505	 86.439537	 86.186267	 85.938718	 85.696906	 85.460841	 85.230524	  85.00595	 84.787108	  84.57398	  84.36654	  84.16476	 83.968601	 83.778023	 83.592977	 83.413412	 83.239269	 83.070486	 82.906996	 82.748729	  82.59561	  82.44756	 82.304498	 82.166338	 82.032994	 81.904373	 81.780384	 81.660931	 81.545918	 81.435246	 81.328815	 81.226524	 81.128272	 81.033955	  80.94347	 80.856714	 80.773582	 80.693972	  80.61778	 80.544904	 80.475239	 80.408686	 80.345143	  80.28451	  80.22669	 80.171584	 80.119096	 80.069134	 80.021602	 79.976411	 79.933471	 79.892694	 79.853994	 79.817288	 79.782494	 79.749532	 79.718325	 79.688796	 79.660872	 79.634483	 79.609557	  79.58603	 79.563834	 79.542908	 79.523191	 79.504623	  79.48715	 79.470715	 79.455266	 79.440754	 79.427129	 79.414344	 79.402356	 79.391121	 79.380599	 79.370749	 79.361535	  79.35292	 79.344872	 79.337356	 79.330341	 79.323799	 79.317701	 79.312021	 79.306732	 79.301812	 79.297236	 79.292984	 79.289034	 79.285368	 79.281968	 79.278815	 79.275894	 79.273189	 79.270685	  79.26837	  79.26623	 79.264253	 79.262428	 79.260744	 79.259191	  79.25776	 79.256442	 79.255229	 79.254113	 79.253087	 79.252145	 79.251279	 79.250485	 79.249756	 79.249089	 79.248477	 79.247917	 79.247404	 79.246936	 79.246508	 79.246117	  79.24576	 79.245434	 79.245137	 79.244867	 79.244621	 79.244396	 79.244193	 79.244007	 79.243839	 79.243686	 79.243548	 79.243422	 79.243308	 79.243205	 79.243111	 79.243027	 79.242951	 79.242882	 79.242819	 79.242763	 79.242713	 79.242667	 79.242626	 79.242589	 79.242556	 79.242526	 79.242499	 79.242475	 79.242454	 79.242434	 79.242417	 79.242402	 79.242388	 79.242376	 79.242365	 79.242356	 79.242348	  79.24234	 79.242334	 79.242329	 79.242324	  79.24232	 79.242317	 79.242315	 79.242313	 79.242311	 79.242311	
        99	 98.584861	 98.169972	 97.755582	 97.341939	 96.929289	 96.517878	 96.107949	 95.699742	 95.293493	 94.889438	 94.487804	 94.088819	 93.692702	  93.29967	 92.909932	 92.523694	 92.141154	 91.762505	 91.387932	 91.017614	 90.651723	 90.290423	 89.933871	 89.582217	 89.235601	 88.894156	 88.558008	 88.227273	  87.90206	 87.582469	 87.268591	  86.96051	   86.6583	 86.362027	  86.07175	 85.787517	 85.509371	 85.237345	 84.971464	 84.711744	 84.458197	 84.210824	 83.969619	 83.734571	 83.505659	 83.282858	 83.066135	  82.85545	 82.650758	 82.452009	 82.259146	 82.072107	 81.890824	 81.715228	  81.54524	 81.380782	 81.221768	 81.068111	  80.91972	 80.776501	 80.638355	 80.505184	 80.376885	 80.253354	 80.134486	 80.020174	 79.910308	 79.804779	 79.703478	 79.606292	 79.513111	 79.423824	 79.338318	 79.256484	  79.17821	 79.103387	 79.031905	 78.963656	 78.898533	 78.836431	 78.777244	  78.72087	 78.667207	 78.616155	 78.567618	 78.521497	   78.4777	 78.436135	 78.396711	  78.35934	 78.323937	 78.290419	 78.258703	 78.228712	 78.200368	 78.173597	 78.148326	 78.124487	 78.102012	 78.080834	 78.060892	 78.042124	 78.024472	 78.007879	 77.992292	 77.977658	 77.963927	 77.951051	 77.938984	 77.927682	 77.917103	 77.907207	 77.897954	 77.889309	 77.881237	 77.873703	 77.866677	 77.860127	 77.854026	 77.848346	 77.843061	 77.838146	 77.833579	 77.829337	   77.8254	 77.821747	 77.818361	 77.815223	 77.812318	 77.809629	 77.807143	 77.804844	 77.802721	 77.800761	 77.798952	 77.797284	 77.795747	 77.794332	 77.793029	  77.79183	 77.790728	 77.789716	 77.788786	 77.787933	 77.787151	 77.786433	 77.785776	 77.785175	 77.784624	 77.784121	 77.783661	 77.783241	 77.782858	 77.782508	 77.782189	 77.781899	 77.781634	 77.781394	 77.781175	 77.780976	 77.780795	 77.780631	 77.780482	 77.780347	 77.780225	 77.780114	 77.780013	 77.779923	 77.779841	 77.779767	   77.7797	  77.77964	 77.779585	 77.779536	 77.779492	 77.779452	 77.779417	 77.779385	 77.779356	  77.77933	 77.779307	 77.779286	 77.779268	 77.779251	 77.779237	 77.779224	 77.779212	 77.779202	 77.779193	 77.779185	 77.779178	 77.779173	 77.779168	 77.779164	  77.77916	 77.779158	 77.779156	 77.779154	 77.779154	
        99	 98.556478	 98.113223	   97.6705	 97.228575	 96.787712	 96.348173	 95.910216	   95.4741	 95.040076	 94.608394	 94.179301	 93.753036	 93.329836	 92.909932	 92.493548	 92.080902	 91.672208	  91.26767	 90.867487	  90.47185	 90.080943	  89.69494	 89.314011	 88.938313	 88.567998	 88.203209	 87.844078	 87.490731	 87.143283	  86.80184	 86.466502	 86.137357	 85.814485	 85.497955	 85.187832	 84.884166	 84.587003	 84.296378	 84.012318	 83.734841	 83.463959	 83.199673	 82.941977	 82.690858	 82.446295	 82.208261	  81.97672	  81.75163	 81.532944	 81.320606	 81.114556	 80.914729	 80.721052	  80.53345	  80.35184	 80.176137	 80.006252	 79.842089	 79.683553	 79.530541	  79.38295	 79.240674	 79.103603	 78.971626	 78.844631	 78.722503	 78.605126	 78.492382	 78.384154	 78.280324	 78.180772	  78.08538	 77.994028	 77.906599	 77.822973	 77.743034	 77.666665	  77.59375	 77.524175	 77.457826	 77.394593	 77.334364	 77.277032	 77.222491	 77.170634	 77.121361	 77.074569	 77.030162	 76.988042	 76.948117	 76.910293	 76.874483	 76.840599	 76.808557	 76.778275	 76.749674	 76.722676	 76.697207	 76.673194	 76.650569	 76.629263	 76.609212	 76.590353	 76.572626	 76.555973	 76.540338	 76.525669	 76.511912	  76.49902	 76.486946	 76.475643	  76.46507	 76.455186	 76.445949	 76.437325	 76.429276	 76.421769	 76.414772	 76.408254	 76.402185	 76.396539	 76.391288	 76.386409	 76.381877	  76.37767	 76.373768	  76.37015	 76.366798	 76.363694	 76.360822	 76.358165	 76.355709	 76.353441	 76.351346	 76.349414	 76.347632	  76.34599	 76.344478	 76.343086	 76.341805	 76.340628	 76.339547	 76.338553	 76.337642	 76.336806	  76.33604	 76.335338	 76.334695	 76.334107	 76.333569	 76.333078	 76.332629	  76.33222	 76.331846	 76.331505	 76.331195	 76.330912	 76.330655	 76.330421	 76.330209	 76.330016	  76.32984	 76.329681	 76.329537	 76.329406	 76.329288	 76.329181	 76.329084	 76.328996	 76.328917	 76.328846	 76.328781	 76.328723	 76.328671	 76.328624	 76.328581	 76.328543	 76.328509	 76.328478	 76.328451	 76.328426	 76.328404	 76.328384	 76.328367	 76.328351	 76.328337	 76.328325	 76.328314	 76.328304	 76.328296	 76.328289	 76.328282	 76.328277	 76.328273	 76.328269	 76.328266	 76.328264	 76.328263	 76.328262	
        99	 98.528349	 98.056982	 97.586182	  97.11623	 96.647407	 96.179991	 95.714259	 95.250483	 94.788933	 94.329874	 93.873567	 93.420269	 92.970229	 92.523694	 92.080902	 91.642086	 91.207472	 90.777278	 90.351715	 89.930986	 89.515287	 89.104804	 88.699716	 88.300191	 87.906391	 87.518466	 87.136559	 86.760802	 86.391318	 86.028221	 85.671616	 85.321596	 84.978246	 84.641643	  84.31185	 83.988926	 83.672917	  83.36386	 83.061785	  82.76671	 82.478648	   82.1976	 81.923561	 81.656516	 81.396443	 81.143312	 80.897087	 80.657722	 80.425166	 80.199361	 79.980244	 79.767743	 79.561783	 79.362283	 79.169156	  78.98231	  78.80165	 78.627076	 78.458485	 78.295769	 78.138818	 77.987518	 77.841754	 77.701408	 77.566358	 77.436485	 77.311663	 77.191769	 77.076677	 76.966262	 76.860396	 76.758954	 76.661809	 76.568835	 76.479906	 76.394897	 76.313684	 76.236145	 76.162157	 76.091601	 76.024357	 75.960309	 75.899341	  75.84134	 75.786195	 75.733796	 75.684037	 75.636814	 75.592023	 75.549565	 75.509343	 75.471261	 75.435228	 75.401154	 75.368952	 75.338536	 75.309826	 75.282742	 75.257207	 75.233146	 75.210489	 75.189167	 75.169112	  75.15026	 75.132551	 75.115925	 75.100325	 75.085696	 75.071986	 75.059146	 75.047127	 75.035883	 75.025372	  75.01555	 75.006378	 74.997819	 74.989836	 74.982395	 74.975463	  74.96901	 74.963005	 74.957422	 74.952233	 74.947413	  74.94294	  74.93879	 74.934943	 74.931378	 74.928078	 74.925023	 74.922198	 74.919586	 74.917174	 74.914947	 74.912892	 74.910997	 74.909251	 74.907643	 74.906163	 74.904801	 74.903549	 74.902399	 74.901342	 74.900373	 74.899484	 74.898669	 74.897923	 74.897239	 74.896614	 74.896042	  74.89552	 74.895043	 74.894607	  74.89421	 74.893848	 74.893518	 74.893217	 74.892943	 74.892695	 74.892469	 74.892263	 74.892077	 74.891908	 74.891754	 74.891615	 74.891489	 74.891376	 74.891272	 74.891179	 74.891095	 74.891019	 74.890951	 74.890889	 74.890833	 74.890783	 74.890738	 74.890697	 74.890661	 74.890628	 74.890599	 74.890573	 74.890549	 74.890528	  74.89051	 74.890493	 74.890478	 74.890465	 74.890454	 74.890443	 74.890435	 74.890427	  74.89042	 74.890415	  74.89041	 74.890406	 74.890403	 74.890401	 74.890399	 74.890399	
        99	  98.50049	 98.001281	 97.502671	  97.00496	 96.508445	  96.01342	 95.520179	 95.029009	 94.540196	 94.054021	 93.570761	 93.090687	 92.614065	 92.141154	 91.672208	 91.207472	 90.747186	 90.291582	 89.840882	 89.395302	 88.955048	 88.520319	 88.091303	 87.668179	 87.251118	 86.840279	 86.435814	 86.037862	 85.646553	  85.26201	  84.88434	 84.513645	 84.150015	 83.793529	 83.444257	 83.102258	 82.767583	 82.440271	 82.120352	 81.807849	 81.502772	 81.205123	 80.914897	 80.632078	 80.356643	 80.088561	 79.827791	 79.574287	 79.327995	 79.088853	 78.856793	  78.63174	 78.413615	  78.20233	 77.997795	 77.799913	 77.608582	 77.423697	 77.245147	  77.07282	 76.906598	 76.746361	 76.591987	 76.443351	 76.300325	  76.16278	 76.030585	 75.903609	 75.781719	 75.664782	 75.552663	 75.445229	 75.342346	  75.24388	 75.149698	 75.059668	 74.973658	 74.891539	 74.813181	 74.738457	 74.667241	 74.599409	  74.53484	 74.473413	 74.415011	 74.359517	 74.306819	 74.256806	  74.20937	 74.164404	 74.121806	 74.081475	 74.043314	 74.007227	 73.973123	 73.940911	 73.910505	  73.88182	 73.854777	 73.829295	   73.8053	 73.782718	 73.761478	 73.741514	 73.722758	  73.70515	 73.688628	 73.673135	 73.658616	 73.645017	 73.632288	 73.620381	 73.609248	 73.598846	 73.589133	 73.580068	 73.571613	 73.563733	 73.556392	 73.549557	 73.543198	 73.537284	 73.531789	 73.526685	 73.521947	 73.517552	 73.513478	 73.509703	 73.506207	 73.502972	  73.49998	 73.497214	 73.494659	 73.492301	 73.490125	 73.488118	 73.486268	 73.484565	 73.482997	 73.481555	 73.480229	 73.479011	 73.477893	 73.476866	 73.475925	 73.475062	 73.474271	 73.473547	 73.472885	  73.47228	 73.471726	 73.471221	  73.47076	 73.470339	 73.469955	 73.469606	 73.469287	 73.468998	 73.468734	 73.468495	 73.468277	  73.46808	 73.467901	 73.467738	 73.467591	 73.467458	 73.467337	 73.467228	 73.467129	  73.46704	  73.46696	 73.466887	 73.466822	 73.466763	  73.46671	 73.466662	 73.466619	  73.46658	 73.466546	 73.466515	 73.466487	 73.466462	  73.46644	  73.46642	 73.466402	 73.466387	 73.466373	 73.466361	  73.46635	  73.46634	 73.466332	 73.466325	 73.466319	 73.466314	  73.46631	 73.466307	 73.466305	 73.466303	 73.466302	
