Time step 24:
        99	        99	        99	        99	        99	        99	        99	        99	        99	        99	        99	        99	        99	        99	        99	        99	        99	        99	        99	        99	        99	        99	        99	        99	        99	        99	        99	        99	        99	        99	        99	        99	        99	        99	        99	        99	        99	        99	        99	        99	        99	        99	        99	        99	        99	        99	        99	        99	        99	        99	        99	        99	        99	        99	        99	        99	        99	        99	        99	        99	        99	        99	        99	        99	        99	        99	        99	        99	        99	        99	        99	        99	        99	        99	        99	        99	        99	        99	        99	        99	        99	        99	        99	        99	        99	        99	        99	        99	        99	        99	        99	        99	        99	        99	        99	        99	        99	        99	        99	        99	        99	        99	        99	        99	        99	        99	        99	        99	        99	        99	        99	        99	        99	        99	        99	        99	        99	        99	        99	        99	        99	        99	        99	        99	        99	        99	        99	        99	        99	        99	        99	        99	        99	        99	        99	        99	        99	        99	        99	        99	        99	        99	        99	        99	        99	        99	        99	        99	        99	        99	        99	        99	        99	        99	        99	        99	        99	        99	        99	        99	        99	        99	        99	        99	        99	        99	        99	        99	        99	        99	        99	        99	        99	        99	        99	        99	        99	        99	        99	        99	        99	        99	        99	        99	        99	        99	        99	        99	        99	        99	        99	        99	        99	        99	        99	        99	        99	        99	        99	        99	
        99	 98.973545	 98.947105	 98.920692	  98.89432	 98.868005	 98.841758	 98.815594	 98.789526	 98.763568	 98.737732	 98.712032	  98.68648	 98.661089	 98.635871	 98.610839	 98.586003	 98.561375	 98.536966	 98.512788	  98.48885	 98.465162	 98.441735	 98.418578	 98.395699	 98.373107	  98.35081	 98.328817	 98.307133	 98.285767	 98.264724	  98.24401	 98.223632	 98.203594	 98.183901	 98.164557	 98.145566	 98.126931	 98.108656	 98.090742	 98.073192	 98.056008	  98.03919	  98.02274	 98.006657	 97.990943	 97.975596	 97.960617	 97.946003	 97.931754	 97.917867	 97.904341	 97.891172	  97.87836	 97.865899	 97.853788	 97.842022	 97.830597	  97.81951	 97.808756	 97.798331	  97.78823	 97.778448	 97.768979	  97.75982	 97.750963	 97.742404	 97.734138	 97.726157	 97.718457	 97.711032	 97.703875	  97.69698	 97.690341	 97.683953	 97.677809	 97.671902	 97.666227	 97.660776	 97.655546	 97.650527	 97.645716	 97.641106	  97.63669	 97.632462	 97.628418	  97.62455	 97.620853	 97.617322	  97.61395	 97.610733	 97.607664	 97.604739	 97.601952	 97.599298	 97.596771	 97.594369	 97.592084	 97.589913	 97.587851	 97.585894	 97.584037	 97.582276	 97.580607	 97.579025	 97.577529	 97.576112	 97.574772	 97.573506	  97.57231	  97.57118	 97.570114	 97.569108	 97.568159	 97.567266	 97.566424	 97.565632	 97.564887	 97.564186	 97.563527	 97.562908	 97.562327	 97.561782	 97.561271	 97.560792	 97.560343	 97.559922	 97.559529	 97.559161	 97.558817	 97.558495	 97.558195	 97.557915	 97.557653	 97.557409	 97.557182	  97.55697	 97.556773	  97.55659	 97.556419	 97.556261	 97.556113	 97.555977	  97.55585	 97.555732	 97.555623	 97.555522	 97.555428	 97.555341	 97.555261	 97.555187	 97.555118	 97.555055	 97.554996	 97.554943	 97.554893	 97.554847	 97.554805	 97.554766	  97.55473	 97.554697	 97.554667	 97.554639	 97.554613	  97.55459	 97.554569	 97.554549	 97.554531	 97.554514	 97.554499	 97.554485	 97.554473	 97.554461	  97.55445	 97.554441	 97.554432	 97.554424	 97.554417	  97.55441	 97.554404	 97.554399	 97.554394	 97.554389	 97.554385	 97.554381	 97.554378	 97.554375	 97.554373	  97.55437	 97.554368	 97.554366	 97.554365	 97.554363	 97.554362	 97.554361	  97.55436	  97.55436	 97.554359	 97.554359	 97.554359	
        99	 98.947105	 98.894237	 98.841425	 98.788696	 98.736078	 98.683599	 98.631285	 98.579163	  98.52726	 98.475602	 98.424215	 98.373125	 98.322357	 98.271934	 98.221882	 98.172223	  98.12298	 98.074176	 98.025832	 97.977968	 97.930606	 97.883764	 97.837461	 97.791716	 97.746544	 97.701962	 97.657986	 97.614631	 97.571909	 97.529834	 97.488419	 97.447673	 97.407607	 97.368231	 97.329554	 97.291581	 97.254322	  97.21778	 97.181962	 97.146872	 97.112512	 97.078885	 97.045993	 97.013837	 96.982417	 96.951732	  96.92178	  96.89256	 96.864069	 96.836303	 96.809258	 96.782928	 96.757309	 96.732395	 96.708178	 96.684652	 96.661809	 96.639641	 96.618139	 96.597294	 96.577097	 96.557538	 96.538606	 96.520291	 96.502583	  96.48547	 96.468941	 96.452985	 96.437589	 96.422741	 96.408431	 96.394645	 96.381372	 96.368598	 96.356313	 96.344502	 96.333155	 96.322257	 96.311798	 96.301765	 96.292145	 96.282926	 96.274096	 96.265644	 96.257557	 96.249823	 96.242432	 96.235371	 96.228629	 96.222196	  96.21606	 96.210211	 96.204639	 96.199332	 96.194281	 96.189476	 96.184908	 96.180567	 96.176445	 96.172531	 96.168818	 96.165297	  96.16196	 96.158798	 96.155805	 96.152973	 96.150295	 96.147763	  96.14537	 96.143111	 96.140979	 96.138968	 96.137072	 96.135285	 96.133603	 96.132019	 96.130528	 96.129127	  96.12781	 96.126573	 96.125411	 96.124321	 96.123299	 96.122341	 96.121443	 96.120602	 96.119816	  96.11908	 96.118392	 96.117749	 96.117148	 96.116588	 96.116065	 96.115577	 96.115123	   96.1147	 96.114305	 96.113939	 96.113598	 96.113281	 96.112986	 96.112713	 96.112459	 96.112224	 96.112005	 96.111803	 96.111616	 96.111442	 96.111282	 96.111134	 96.110997	  96.11087	 96.110753	 96.110645	 96.110546	 96.110454	  96.11037	 96.110292	  96.11022	 96.110154	 96.110094	 96.110038	 96.109987	  96.10994	 96.109897	 96.109858	 96.109822	 96.109789	 96.109758	 96.109731	 96.109705	 96.109682	 96.109661	 96.109642	 96.109624	 96.109608	 96.109594	 96.109581	 96.109569	 96.109558	 96.109548	 96.109539	 96.109531	 96.109523	 96.109517	 96.109511	 96.109506	 96.109501	 96.109497	 96.109493	  96.10949	 96.109487	 96.109485	 96.109483	 96.109481	  96.10948	 96.109479	 96.109478	 96.109478	
        99	 98.920692	 98.841425	 98.762242	 98.683183	 98.604291	 98.525606	 98.447169	 98.369021	   98.2912	 98.213748	 98.136702	   98.0601	 97.983981	  97.90838	 97.833334	 97.758878	 97.685047	 97.611872	 97.539388	 97.467624	 97.396612	  97.32638	 97.256956	 97.188368	 97.120639	 97.053796	 96.987861	 96.922857	 96.858802	 96.795718	 96.733621	  96.67253	 96.612458	  96.55342	 96.495428	 96.438495	  96.38263	 96.327842	 96.274138	 96.221525	 96.170008	  96.11959	 96.070274	 96.022061	 95.974951	 95.928944	 95.884036	 95.840226	 95.797508	 95.755876	 95.715326	 95.675849	 95.637438	 95.600083	 95.563774	   95.5285	 95.494251	 95.461013	 95.428774	 95.397521	 95.367238	 95.337912	 95.309527	 95.282067	 95.255516	 95.229858	 95.205075	 95.181151	 95.158067	 95.135806	  95.11435	  95.09368	 95.073779	 95.054627	 95.036207	 95.018499	 95.001485	 94.985146	 94.969464	 94.954421	 94.939997	 94.926175	 94.912936	 94.900263	 94.888138	 94.876543	  94.86546	 94.854874	 94.844766	  94.83512	  94.82592	 94.817151	 94.808795	 94.800839	 94.793266	 94.786062	 94.779213	 94.772704	 94.766523	 94.760655	 94.755088	 94.749808	 94.744805	 94.740065	 94.735578	 94.731331	 94.727315	 94.723519	 94.719932	 94.716545	 94.713348	 94.710333	  94.70749	 94.704811	 94.702288	 94.699913	 94.697678	 94.695577	 94.693602	 94.691747	 94.690006	 94.688372	 94.686839	 94.685402	 94.684056	 94.682796	 94.681616	 94.680513	 94.679481	 94.678517	 94.677617	 94.676777	 94.675993	 94.675262	  94.67458	 94.673946	 94.673355	 94.672805	 94.672294	 94.671818	 94.671377	 94.670967	 94.670586	 94.670233	 94.669906	 94.669603	 94.669322	 94.669062	 94.668822	 94.668599	 94.668394	 94.668204	 94.668029	 94.667867	 94.667718	  94.66758	 94.667454	 94.667337	  94.66723	 94.667131	  94.66704	 94.666957	  94.66688	  94.66681	 94.666746	 94.666686	 94.666632	 94.666583	 94.666537	 94.666496	 94.666458	 94.666423	 94.666392	 94.666363	 94.666336	 94.666312	 94.666291	 94.666271	 94.666253	 94.666236	 94.666221	 94.666208	 94.666196	 94.666185	 94.666175	 94.666166	 94.666158	 94.666151	 94.666145	 94.666139	 94.666134	  94.66613	 94.666127	 94.666124	 94.666121	 94.666119	 94.666118	 94.666117	 94.666116	
        99	  98.89432	 98.788696	 98.683183	 98.577837	 98.472712	 98.367863	 98.263344	  98.15921	 98.055513	 97.952307	 97.849641	 97.747568	 97.646138	 97.545399	 97.445399	 97.346186	 97.247804	 97.150298	 97.053711	 96.958085	  96.86346	 96.769875	 96.677367	 96.585971	 96.495722	 96.406653	 96.318794	 96.232174	  96.14682	 96.062759	 95.980015	 95.898609	 95.818562	 95.739893	 95.662619	 95.586754	 95.512313	 95.439307	 95.367746	 95.297639	 95.228991	 95.161808	 95.096094	 95.031849	 94.969075	 94.907769	 94.847929	 94.789551	 94.732628	 94.677154	  94.62312	 94.570517	 94.519333	 94.469556	 94.421174	 94.374172	 94.328534	 94.284244	 94.241285	 94.199639	 94.159287	  94.12021	 94.082386	 94.045795	 94.010416	 93.976226	 93.943203	 93.911323	 93.880564	 93.850901	  93.82231	 93.794767	 93.768248	 93.742728	 93.718183	 93.694587	 93.671915	 93.650144	 93.629247	 93.609202	 93.589982	 93.571564	 93.553923	 93.537036	 93.520879	 93.505428	  93.49066	 93.476553	 93.463085	 93.450232	 93.437973	 93.426287	 93.415153	 93.404551	  93.39446	 93.384861	 93.375734	 93.367062	 93.358825	 93.351006	 93.343587	 93.336552	 93.329885	 93.323569	  93.31759	 93.311931	  93.30658	 93.301521	 93.296741	 93.292228	 93.287969	 93.283951	 93.280162	 93.276593	 93.273231	 93.270066	 93.267088	 93.264289	 93.261657	 93.259185	 93.256865	 93.254687	 93.252645	  93.25073	 93.248937	 93.247257	 93.245686	 93.244215	 93.242841	 93.241556	 93.240357	 93.239237	 93.238192	 93.237218	  93.23631	 93.235464	 93.234677	 93.233944	 93.233263	  93.23263	 93.232041	 93.231495	 93.230988	 93.230517	 93.230081	 93.229677	 93.229303	 93.228957	 93.228636	  93.22834	 93.228066	 93.227813	  93.22758	 93.227364	 93.227165	 93.226982	 93.226813	 93.226658	 93.226515	 93.226384	 93.226263	 93.226152	 93.226049	 93.225956	  93.22587	 93.225791	 93.225719	 93.225653	 93.225592	 93.225537	 93.225487	  93.22544	 93.225398	  93.22536	 93.225325	 93.225293	 93.225264	 93.225237	 93.225213	 93.225191	 93.225171	 93.225154	 93.225137	 93.225123	  93.22511	 93.225098	 93.225087	 93.225078	 93.225069	 93.225062	 93.225056	  93.22505	 93.225045	 93.225041	 93.225038	 93.225035	 93.225033	 93.225032	 93.225032	
        99	 98.868005	 98.736078	 98.604291	 98.472712	 98.341409	 98.210451	 98.079906	 97.949841	 97.820322	 97.691415	 97.563184	 97.435694	 97.309006	 97.183181	  97.05828	 96.934361	  96.81148	 96.689694	 96.569056	 96.449617	 96.331429	  96.21454	 96.098996	 95.984841	 95.872119	  95.76087	 95.651132	 95.542943	 95.436335	 95.331342	 95.227992	 95.126315	 95.026335	 94.928077	  94.83156	 94.736804	 94.643826	  94.55264	  94.46326	 94.375694	 94.289952	  94.20604	 94.123962	 94.043719	 93.965313	 93.888741	    93.814	 93.741085	 93.669988	   93.6007	  93.53321	 93.467508	 93.403579	 93.341407	 93.280977	  93.22227	 93.165268	 93.109949	 93.056293	 93.004276	 92.953876	 92.905068	 92.857825	 92.812123	 92.767934	  92.72523	 92.683983	 92.644165	 92.605746	 92.568696	 92.532986	 92.498585	 92.465463	 92.433588	  92.40293	 92.373458	 92.345141	 92.317948	 92.291848	 92.266811	 92.242805	   92.2198	 92.197767	 92.176674	 92.156494	 92.137196	 92.118751	 92.101131	 92.084308	 92.068255	 92.052943	 92.038348	 92.024441	 92.011199	 91.998595	 91.986606	 91.975206	 91.964374	 91.954086	  91.94432	 91.935054	 91.926268	  91.91794	 91.910052	 91.902583	 91.895516	 91.888831	 91.882513	 91.876543	 91.870906	 91.865586	 91.860567	 91.855836	 91.851377	 91.847178	 91.843225	 91.839506	 91.836009	 91.832722	 91.829635	 91.826737	 91.824017	 91.821466	 91.819075	 91.816835	 91.814737	 91.812774	 91.810937	  91.80922	 91.807616	 91.806118	 91.804719	 91.803414	 91.802197	 91.801063	 91.800007	 91.799024	 91.798109	 91.797258	 91.796467	 91.795732	 91.795049	 91.794416	 91.793828	 91.793284	 91.792779	 91.792312	 91.791879	 91.791479	 91.791109	 91.790767	 91.790451	 91.790159	  91.78989	 91.789642	 91.789413	 91.789202	 91.789008	 91.788829	 91.788665	 91.788514	 91.788375	 91.788248	 91.788131	 91.788024	 91.787925	 91.787835	 91.787753	 91.787677	 91.787608	 91.787545	 91.787487	 91.787434	 91.787386	 91.787343	 91.787303	 91.787266	 91.787233	 91.787203	 91.787176	 91.787151	 91.787129	 91.787109	  91.78709	 91.787074	 91.787059	 91.787046	 91.787034	 91.787024	 91.787015	 91.787007	    91.787	 91.786994	 91.786989	 91.786984	 91.786981	 91.786979	 91.786977	 91.786976	
        99	 98.841758	 98.683599	 98.525606	 98.367863	 98.210451	 98.053453	 97.896949	 97.741021	 97.585748	 97.431209	  97.27748	 97.124639	 96.972759	 96.821915	 96.672178	 96.523618	 96.376303	   96.2303	 96.085674	 95.942485	 95.800796	 95.660664	 95.522144	 95.385291	 95.250154	 95.116784	 94.985225	 94.855522	 94.727716	 94.601846	 94.477946	 94.356051	  94.23619	 94.118393	 94.002684	 93.889087	  93.77762	 93.668303	 93.561149	 93.456172	 93.353381	 93.252783	 93.154384	 93.058186	 92.964189	 92.872391	 92.782788	 92.695373	 92.610139	 92.527073	 92.446164	 92.367397	 92.290756	 92.216222	 92.143775	 92.073395	 92.005058	 91.938739	 91.874414	 91.812054	 91.751632	 91.693118	 91.636482	 91.581692	 91.528716	  91.47752	 91.428072	 91.380336	 91.334278	 91.289861	  91.24705	 91.205808	   91.1661	 91.127887	 91.091133	   91.0558	 91.021853	 90.989252	 90.957963	 90.927946	 90.899167	 90.871588	 90.845174	 90.819887	 90.795694	 90.772558	 90.750446	 90.729322	 90.709154	 90.689909	 90.671553	 90.654055	 90.637383	 90.621508	 90.606398	 90.592024	 90.578358	 90.565372	 90.553038	  90.54133	 90.530222	 90.519688	 90.509705	 90.500248	 90.491294	 90.482821	 90.474808	 90.467233	 90.460076	 90.453318	  90.44694	 90.440923	 90.435251	 90.429906	 90.424872	 90.420133	 90.415674	 90.411482	 90.407542	 90.403841	 90.400366	 90.397105	 90.394047	  90.39118	 90.388495	  90.38598	 90.383626	 90.381425	 90.379366	 90.377443	 90.375647	  90.37397	 90.372406	 90.370947	 90.369588	 90.368321	 90.367142	 90.366045	 90.365025	 90.364077	 90.363196	 90.362378	 90.361618	 90.360914	 90.360261	 90.359656	 90.359096	 90.358577	 90.358097	 90.357653	 90.357243	 90.356865	 90.356515	 90.356192	 90.355895	  90.35562	 90.355368	 90.355135	 90.354921	 90.354724	 90.354543	 90.354377	 90.354224	 90.354084	 90.353955	 90.353837	 90.353729	  90.35363	 90.353539	 90.353457	 90.353381	 90.353312	 90.353249	 90.353191	 90.353138	 90.353091	 90.353047	 90.353007	 90.352971	 90.352939	 90.352909	 90.352882	 90.352858	 90.352836	 90.352816	 90.352799	 90.352783	 90.352769	 90.352756	 90.352745	 90.352736	 90.352727	  90.35272	 90.352714	 90.352709	 90.352705	 90.352702	   90.3527	 90.352699	
        99	 98.815594	 98.631285	 98.447169	 98.263344	 98.079906	 97.896949	 97.714569	  97.53286	 97.351914	 97.171823	 96.992676	 96.814564	 96.637572	 96.461788	 96.287293	 96.114169	 95.942498	 95.772354	 95.603815	 95.436952	 95.271836	 95.108533	 94.947111	  94.78763	  94.63015	 94.474728	 94.321417	 94.170269	 94.021331	 93.874649	 93.730263	 93.588214	 93.448536	 93.311262	 93.176421	 93.044042	 92.914145	 92.786753	 92.661883	 92.539548	 92.419761	 92.302531	 92.187862	 92.075758	 91.966219	 91.859244	 91.754826	 91.652958	 91.553631	 91.456831	 91.362544	 91.270754	  91.18144	 91.094583	 91.010158	 90.928141	 90.848504	 90.771221	  90.69626	 90.623589	 90.553177	 90.484988	 90.418988	 90.355139	 90.293404	 90.233744	 90.176119	 90.120491	 90.066817	 90.015056	 89.965167	 89.917106	 89.870832	 89.826301	  89.78347	 89.742296	 89.702735	 89.664745	 89.628281	 89.593302	 89.559765	 89.527626	 89.496844	 89.467376	 89.439183	 89.412222	 89.386453	 89.361837	 89.338335	 89.315907	 89.294516	 89.274125	 89.254697	 89.236196	 89.218588	 89.201838	 89.185913	 89.170779	 89.156406	 89.142762	 89.129817	 89.117542	 89.105908	 89.094887	 89.084453	 89.074579	 89.065241	 89.056414	 89.048074	 89.040198	 89.032766	 89.025754	 89.019144	 89.012915	 89.007048	 89.001526	  88.99633	 88.991445	 88.986853	  88.98254	 88.978491	 88.974691	 88.971127	 88.967787	 88.964657	 88.961726	 88.958984	 88.956418	 88.954019	 88.951778	 88.949685	 88.947731	 88.945908	 88.944208	 88.942624	 88.941148	 88.939774	 88.938496	 88.937307	 88.936202	 88.935175	 88.934221	 88.933337	 88.932516	 88.931755	  88.93105	 88.930397	 88.929793	 88.929233	 88.928716	 88.928238	 88.927797	 88.927389	 88.927013	 88.926667	 88.926347	 88.926053	 88.925781	 88.925532	 88.925302	 88.925091	 88.924898	  88.92472	 88.924556	 88.924406	 88.924269	 88.924143	 88.924028	 88.923922	 88.923826	 88.923737	 88.923657	 88.923583	 88.923516	 88.923455	 88.923399	 88.923348	 88.923302	  88.92326	 88.923222	 88.923187	 88.923156	 88.923128	 88.923102	  88.92308	 88.923059	 88.923041	 88.923024	 88.923009	 88.922997	 88.922985	 88.922976	 88.922967	  88.92296	 88.922954	  88.92295	 88.922947	 88.922944	 88.922943	
        99	 98.789526	 98.579163	 98.369021	  98.15921	 97.949841	 97.741021	  97.53286	 97.325464	 97.118939	  96.91339	  96.70892	 96.505629	 96.303618	 96.102984	 95.903822	 95.706226	 95.510287	 95.316092	 95.123728	 94.933277	 94.744819	 94.558433	 94.374191	 94.192166	 94.012424	 93.835032	 93.660049	 93.487535	 93.317543	 93.150125	  92.98533	   92.8232	 92.663777	 92.507097	 92.353196	 92.202103	 92.053844	 91.908444	 91.765922	 91.626294	 91.489574	 91.355771	 91.224893	 91.096942	 90.971919	 90.849821	 90.730643	 90.614375	 90.501006	 90.390523	 90.282908	 90.178142	 90.076203	 89.977067	 89.880708	 89.787097	 89.696203	 89.607995	 89.522437	 89.439494	 89.359128	   89.2813	  89.20597	 89.133095	 89.062633	 88.994539	 88.928769	 88.865277	 88.804016	 88.744938	 88.687996	 88.633142	 88.580326	   88.5295	 88.480614	  88.43362	 88.388467	 88.345106	 88.303489	 88.263565	 88.225286	 88.188604	 88.153471	 88.119838	 88.087659	 88.056887	 88.027476	  87.99938	 87.972555	 87.946957	 87.922542	 87.899268	 87.877094	 87.855978	 87.835881	 87.816763	 87.798586	 87.781314	 87.764909	 87.749336	 87.734561	 87.720551	 87.707272	 87.694693	 87.682784	 87.671515	 87.660856	 87.650781	 87.641262	 87.632274	  87.62379	 87.615788	 87.608243	 87.601133	 87.594437	 87.588134	 87.582204	 87.576628	 87.571388	 87.566465	 87.561843	 87.557506	 87.553438	 87.549626	 87.546054	 87.542709	 87.539578	  87.53665	 87.533912	 87.531354	 87.528965	 87.526735	 87.524654	 87.522714	 87.520906	 87.519221	 87.517653	 87.516194	 87.514837	 87.513576	 87.512404	 87.511316	 87.510306	 87.509369	 87.508501	 87.507696	 87.506951	 87.506261	 87.505622	 87.505032	 87.504487	 87.503983	 87.503518	 87.503089	 87.502693	 87.502328	 87.501992	 87.501683	 87.501398	 87.501136	 87.500895	 87.500674	 87.500471	 87.500284	 87.500113	 87.499956	 87.499812	 87.499681	  87.49956	  87.49945	  87.49935	 87.499258	 87.499173	 87.499097	 87.499027	 87.498963	 87.498905	 87.498853	 87.498805	 87.498761	 87.498722	 87.498686	 87.498654	 87.498625	 87.498599	 87.498575	 87.498554	 87.498535	 87.498519	 87.498504	 87.498491	  87.49848	 87.498471	 87.498463	 87.498456	 87.498451	 87.498447	 87.498444	 87.498443	
        99	 98.763568	  98.52726	   98.2912	 98.055513	 97.820322	 97.585748	 97.351914	 97.118939	 96.886943	 96.656043	 96.426355	 96.197992	 95.971066	 95.745687	 95.521963	 95.299997	 95.079892	 94.861746	 94.645657	 94.431717	 94.220017	 94.010643	 93.803678	 93.599203	 93.397294	 93.198023	 93.001459	 92.807668	 92.616711	 92.428645	 92.243525	 92.061399	 91.882314	 91.706311	 91.533429	 91.363701	 91.197157	 91.033824	 90.873724	 90.716876	 90.563294	 90.412989	 90.265969	 90.122238	 89.981795	 89.844639	 89.710762	 89.580154	 89.452804	 89.328694	 89.207806	 89.090119	 88.975608	 88.864245	 88.756002	 88.650846	 88.548742	 88.449654	 88.353545	 88.260372	 88.170094	 88.082668	 87.998047	 87.916184	 87.837032	  87.76054	 87.686658	 87.615335	 87.546519	 87.480155	  87.41619	  87.35457	 87.295241	 87.238146	 87.183231	 87.130441	 87.079719	 87.031011	  86.98426	 86.939413	 86.896413	 86.855207	  86.81574	 86.777959	 86.741812	 86.707244	 86.674206	 86.642645	 86.612512	 86.583756	 86.556331	 86.530186	 86.505277	 86.481557	 86.458981	 86.437505	 86.417087	 86.397684	 86.379256	 86.361763	 86.345166	 86.329427	 86.314511	 86.300381	 86.287003	 86.274344	 86.262371	 86.251053	  86.24036	 86.230263	 86.220733	 86.211743	 86.203268	 86.195282	  86.18776	  86.18068	 86.174018	 86.167754	 86.161867	 86.156337	 86.151145	 86.146274	 86.141704	 86.137421	 86.133409	 86.129651	 86.126135	 86.122845	  86.11977	 86.116896	 86.114212	 86.111707	  86.10937	 86.107191	 86.105159	 86.103267	 86.101506	 86.099867	 86.098342	 86.096925	 86.095609	 86.094387	 86.093252	   86.0922	 86.091224	  86.09032	 86.089483	 86.088708	 86.087991	 86.087328	 86.086716	  86.08615	 86.085627	 86.085145	   86.0847	 86.084291	 86.083913	 86.083565	 86.083246	 86.082951	 86.082681	 86.082432	 86.082204	 86.081994	 86.081802	 86.081626	 86.081465	 86.081317	 86.081182	 86.081058	 86.080945	 86.080841	 86.080747	 86.080661	 86.080582	 86.080511	 86.080446	 86.080386	 86.080333	 86.080284	  86.08024	   86.0802	 86.080163	 86.080131	 86.080101	 86.080075	 86.080051	  86.08003	 86.080011	 86.079995	 86.079981	 86.079968	 86.079957	 86.079948	 86.079941	 86.079935	 86.079931	 86.079928	 86.079927	
        99	 98.737732	 98.475602	 98.213748	 97.952307	 97.691415	 97.431209	 97.171823	  96.91339	 96.656043	 96.399912	 96.145125	 95.891808	 95.640086	 95.390079	 95.141907	 94.895686	 94.651529	 94.409547	 94.169845	 93.932527	 93.697694	 93.465441	 93.235861	 93.009042	 92.785069	 92.564023	 92.345981	 92.131013	  91.91919	 91.710574	 91.505224	 91.303197	 91.104543	 90.909308	 90.717534	 90.529259	 90.344517	 90.163336	 89.985742	 89.811754	 89.641389	  89.47466	 89.311575	 89.152138	 88.996349	 88.844205	 88.695698	 88.550819	 88.409553	 88.271881	 88.137784	 88.007237	 87.880212	 87.756681	 87.636609	 87.519962	 87.406701	 87.296786	 87.190174	 87.086821	 86.986678	 86.889698	  86.79583	 86.705022	  86.61722	  86.53237	 86.450415	 86.371299	 86.294962	 86.221346	 86.150392	 86.082039	 86.016227	 85.952893	 85.891978	 85.833418	 85.777154	 85.723123	 85.671264	 85.621516	 85.573817	 85.528109	 85.484329	  85.44242	 85.402322	 85.363978	 85.327329	 85.292319	 85.258893	 85.226996	 85.196573	 85.167572	 85.139941	 85.113629	 85.088586	 85.064764	 85.042114	 85.020591	 85.000149	 84.980744	 84.962334	 84.944876	 84.928329	 84.912655	 84.897815	 84.883773	 84.870491	 84.857937	 84.846076	 84.834875	 84.824304	 84.814332	 84.804931	 84.796072	 84.787728	 84.779874	 84.772485	 84.765536	 84.759006	 84.752872	 84.747112	 84.741708	  84.73664	 84.731889	 84.727438	  84.72327	 84.719369	  84.71572	 84.712308	 84.709121	 84.706144	 84.703365	 84.700772	 84.698354	 84.696101	 84.694002	 84.692049	  84.69023	 84.688539	 84.686968	 84.685507	 84.684151	 84.682893	 84.681726	 84.680643	 84.679641	 84.678712	 84.677852	 84.677057	 84.676322	 84.675642	 84.675014	 84.674435	   84.6739	 84.673407	 84.672952	 84.672533	 84.672148	 84.671793	 84.671466	 84.671166	 84.670891	 84.670637	 84.670405	 84.670192	 84.669996	 84.669817	 84.669653	 84.669503	 84.669366	  84.66924	 84.669126	 84.669021	 84.668926	 84.668839	 84.668759	 84.668687	 84.668621	 84.668562	 84.668508	 84.668458	 84.668414	 84.668374	 84.668338	 84.668305	 84.668276	 84.668249	 84.668226	 84.668205	 84.668187	 84.668171	 84.668157	 84.668145	 84.668135	 84.668127	 84.668121	 84.668116	 84.668113	 84.668111	
        99	 98.712032	 98.424215	 98.136702	 97.849641	 97.563184	  97.27748	 96.992676	  96.70892	 96.426355	 96.145125	 95.865371	 95.587231	 95.310842	 95.036336	 94.763846	 94.493497	 94.225415	  93.95972	  93.69653	 93.435957	 93.178112	   92.9231	 92.671023	 92.421978	 92.176057	 91.933351	 91.693942	 91.457909	 91.225329	  90.99627	 90.770798	 90.548974	 90.330853	 90.116487	 89.905921	 89.699197	 89.496351	 89.297416	 89.102419	 88.911382	 88.724323	 88.541256	 88.362189	 88.187129	 88.016074	 87.849021	 87.685962	 87.526886	 87.371776	 87.220614	 87.073377	 86.930037	 86.790565	 86.654929	 86.523091	 86.395013	 86.270654	 86.149968	 86.032909	 85.919427	 85.809472	 85.702989	 85.599922	 85.500216	  85.40381	 85.310646	  85.22066	  85.13379	 85.049973	 84.969144	 84.891237	 84.816186	 84.743924	 84.674384	   84.6075	 84.543202	 84.481424	 84.422099	 84.365158	 84.310535	 84.258162	 84.207975	 84.159905	 84.113889	 84.069862	  84.02776	  83.98752	  83.94908	 83.912378	 83.877355	 83.843951	 83.812109	  83.78177	 83.752879	 83.725382	 83.699226	 83.674357	 83.650724	 83.628279	 83.606973	 83.586758	 83.567589	 83.549422	 83.532212	 83.515918	 83.500499	 83.485916	 83.472132	 83.459108	  83.44681	 83.435203	 83.424254	 83.413931	 83.404204	 83.395043	 83.386419	 83.378306	 83.370676	 83.363506	 83.356771	 83.350447	 83.344513	 83.338948	 83.333732	 83.328844	 83.324268	 83.319985	 83.315978	 83.312233	 83.308733	 83.305464	 83.302412	 83.299566	 83.296911	 83.294437	 83.292133	 83.289987	 83.287991	 83.286134	 83.284409	 83.282805	 83.281316	 83.279935	 83.278653	 83.277465	 83.276364	 83.275344	   83.2744	 83.273527	  83.27272	 83.271973	 83.271284	 83.270648	  83.27006	 83.269519	  83.26902	  83.26856	 83.268137	 83.267747	 83.267389	 83.267059	 83.266756	 83.266478	 83.266223	 83.265989	 83.265774	 83.265578	 83.265398	 83.265233	 83.265082	 83.264944	 83.264819	 83.264704	 83.264599	 83.264503	 83.264416	 83.264337	 83.264265	 83.264199	  83.26414	 83.264086	 83.264037	 83.263993	 83.263953	 83.263917	 83.263885	 83.263856	 83.263831	 83.263808	 83.263788	  83.26377	 83.263755	 83.263742	 83.263731	 83.263722	 83.263715	  83.26371	 83.263706	 83.263704	
        99	  98.68648	 98.373125	   98.0601	 97.747568	 97.435694	 97.124639	 96.814564	 96.505629	 96.197992	 95.891808	 95.587231	 95.284411	 94.983498	 94.684635	 94.387966	  94.09363	  93.80176	  93.51249	 93.225946	 92.942252	 92.661528	 92.383889	 92.109444	 91.838301	  91.57056	 91.306318	 91.045666	  90.78869	 90.535472	 90.286089	  90.04061	 89.799103	 89.561628	 89.328241	 89.098991	 88.873924	  88.65308	 88.436493	 88.224193	 88.016205	 87.812549	 87.613238	 87.418283	 87.227688	 87.041456	  86.85958	 86.682053	 86.508861	 86.339989	 86.175414	 86.015112	 85.859053	 85.707206	 85.559534	 85.415999	 85.276556	 85.141162	 85.009768	 84.882322	 84.758771	 84.639059	 84.523127	 84.410916	 84.302362	 84.197403	 84.095971	 83.998001	 83.903424	 83.812169	 83.724168	 83.639348	 83.557637	 83.478964	 83.403254	 83.330434	 83.260432	 83.193172	 83.128583	 83.066589	 83.007119	   82.9501	 82.895459	 82.843124	 82.793025	 82.745092	 82.699254	 82.655443	 82.613592	 82.573634	 82.535503	 82.499136	 82.464467	 82.431437	 82.399983	 82.370046	 82.341568	 82.314492	 82.288763	 82.264327	  82.24113	 82.219121	 82.198252	 82.178472	 82.159735	 82.141995	 82.125208	 82.109332	 82.094324	 82.080144	 82.066755	 82.054118	 82.042198	 82.030959	 82.020369	 82.010394	 82.001006	 81.992172	 81.983866	  81.97606	 81.968727	 81.961842	 81.955382	 81.949323	 81.943643	 81.938322	  81.93334	 81.928677	 81.924315	 81.920237	 81.916426	 81.912867	 81.909545	 81.906446	 81.903556	 81.900862	 81.898353	 81.896018	 81.893844	 81.891823	 81.889944	 81.888198	 81.886577	 81.885073	 81.883677	 81.882384	 81.881185	 81.880075	 81.879047	 81.878097	 81.877217	 81.876405	 81.875655	 81.874962	 81.874322	 81.873733	 81.873189	 81.872689	 81.872228	 81.871804	 81.871413	 81.871055	 81.870725	 81.870422	 81.870145	  81.86989	 81.869656	 81.869442	 81.869246	 81.869067	 81.868903	 81.868752	 81.868615	  81.86849	 81.868376	 81.868272	 81.868177	 81.868091	 81.868012	 81.867941	 81.867876	 81.867818	 81.867764	 81.867716	 81.867673	 81.867634	 81.867599	 81.867568	  81.86754	 81.867515	 81.867493	 81.867474	 81.867457	 81.867443	 81.867431	 81.867422	 81.867414	 81.867408	 81.867404	 81.867402	
        99	 98.661089	 98.322357	 97.983981	 97.646138	 97.309006	 96.972759	 96.637572	 96.303618	 95.971066	 95.640086	 95.310842	 94.983498	 94.658214	 94.335148	 94.014453	 93.696278	 93.380771	 93.068074	 92.758324	 92.451655	 92.148196	 91.848071	   91.5514	 91.258298	 90.968874	 90.683231	  90.40147	 90.123682	 89.849957	 89.580377	 89.315018	 89.053953	 88.797245	 88.544956	  88.29714	 88.053846	 87.815116	 87.580989	 87.351496	 87.126663	 86.906513	 86.691061	 86.480317	 86.274287	 86.072972	 85.876366	 85.684462	 85.497244	 85.314695	 85.136792	 84.963507	  84.79481	 84.630666	 84.471034	 84.315874	 84.165139	  84.01878	 83.876744	 83.738977	  83.60542	 83.476013	 83.350692	 83.229393	 83.112048	 82.998588	 82.888942	 82.783037	   82.6808	 82.582156	 82.487028	 82.395338	  82.30701	 82.221965	 82.140124	 82.061407	 81.985735	 81.913028	 81.843208	 81.776194	 81.711908	  81.65027	 81.591204	 81.534631	 81.480475	 81.428659	 81.379109	  81.33175	  81.28651	 81.243316	 81.202097	 81.162784	 81.125308	 81.089602	 81.055601	 81.023239	 80.992455	 80.963187	 80.935374	 80.908958	 80.883883	 80.860092	 80.837532	  80.81615	 80.795896	 80.776719	 80.758573	 80.741411	 80.725187	  80.70986	 80.695386	 80.681726	  80.66884	 80.656691	 80.645243	 80.634461	 80.624312	 80.614763	 80.605784	 80.597346	 80.589419	 80.581976	 80.574993	 80.568443	 80.562304	 80.556552	 80.551166	 80.546125	  80.54141	 80.537002	 80.532882	 80.529035	 80.525444	 80.522094	  80.51897	 80.516058	 80.513346	 80.510821	 80.508472	 80.506287	 80.504255	 80.502368	 80.500616	  80.49899	 80.497482	 80.496083	 80.494787	 80.493587	 80.492476	 80.491449	 80.490498	  80.48962	 80.488809	  80.48806	 80.487369	 80.486732	 80.486144	 80.485603	 80.485105	 80.484646	 80.484224	 80.483837	  80.48348	 80.483153	 80.482853	 80.482577	 80.482325	 80.482093	 80.481882	 80.481688	  80.48151	 80.481348	   80.4812	 80.481065	 80.480941	 80.480829	 80.480726	 80.480633	 80.480548	 80.480471	 80.480401	 80.480337	  80.48028	 80.480228	 80.480181	 80.480139	 80.480101	 80.480067	 80.480037	  80.48001	 80.479987	 80.479966	 80.479948	 80.479933	  80.47992	 80.479909	 80.479901	 80.479895	 80.479891	 80.479889	
        99	 98.635871	 98.271934	  97.90838	 97.545399	 97.183181	 96.821915	 96.461788	 96.102984	 95.745687	 95.390079	 95.036336	 94.684635	 94.335148	 93.988043	 93.643485	 93.301636	 92.962652	 92.626687	 92.293889	 91.964401	 91.638362	 91.315906	  90.99716	 90.682249	 90.371289	 90.064392	 89.761665	 89.463208	 89.169115	 88.879476	 88.594372	 88.313881	 88.038072	 87.767011	 87.500755	 87.239358	 86.982865	 86.731316	 86.484747	 86.243185	 86.006653	 85.775169	 85.548744	 85.327384	 85.111089	 84.899855	 84.693671	 84.492523	 84.296391	  84.10525	 83.919071	 83.737822	 83.561463	 83.389954	 83.223249	 83.061298	 82.904048	 82.751444	 82.603425	 82.459931	 82.320894	 82.186249	 82.055924	 81.929848	 81.807945	 81.690141	 81.576356	 81.466511	 81.360527	  81.25832	 81.159808	 81.064908	 80.973535	 80.885604	 80.801029	 80.719727	  80.64161	 80.566595	 80.494594	 80.425525	 80.359301	  80.29584	 80.235057	 80.176871	   80.1212	 80.067963	  80.01708	 79.968474	 79.922066	  79.87778	 79.835541	 79.795277	 79.756914	 79.720383	 79.685614	 79.652539	 79.621093	  79.59121	 79.562829	 79.535888	 79.510327	 79.486088	 79.463115	 79.441354	  79.42075	 79.401254	 79.382814	 79.365384	 79.348916	 79.333365	 79.318688	 79.304844	 79.291791	 79.279491	 79.267907	 79.257002	 79.246743	 79.237096	  79.22803	 79.219513	 79.211517	 79.204014	 79.196977	 79.190381	 79.184201	 79.178414	 79.172998	 79.167932	 79.163196	  79.15877	 79.154636	 79.150778	 79.147179	 79.143822	 79.140694	  79.13778	 79.135067	 79.132543	 79.130195	 79.128013	 79.125985	 79.124103	 79.122356	 79.120735	 79.119232	  79.11784	 79.116551	 79.115357	 79.114253	 79.113232	 79.112289	 79.111417	 79.110612	  79.10987	 79.109185	 79.108554	 79.107973	 79.107437	 79.106944	 79.106491	 79.106075	 79.105692	  79.10534	 79.105018	 79.104722	  79.10445	 79.104202	 79.103974	 79.103766	 79.103575	 79.103401	 79.103242	 79.103096	 79.102964	 79.102843	 79.102733	 79.102632	 79.102541	 79.102458	 79.102383	 79.102315	 79.102253	 79.102197	 79.102147	 79.102102	 79.102061	 79.102025	 79.101992	 79.101964	 79.101938	 79.101916	 79.101897	  79.10188	 79.101866	 79.101855	 79.101846	 79.101839	 79.101835	 79.101833	
        99	 98.610839	 98.221882	 97.833334	 97.445399	  97.05828	 96.672178	 96.287293	 95.903822	 95.521963	 95.141907	 94.763846	 94.387966	 94.014453	 93.643485	  93.27524	  92.90989	 92.547602	  92.18854	 91.832863	 91.480724	 91.132271	 90.787646	 90.446988	 90.110427	  89.77809	 89.450095	 89.126556	 88.807581	  88.49327	 88.183719	 87.879015	 87.579241	 87.284471	 86.994775	 86.710215	 86.430847	 86.156721	 85.887879	 85.624359	  85.36619	 85.113398	    84.866	 84.624009	 84.387431	 84.156266	  83.93051	 83.710152	 83.495175	  83.28556	 83.081278	 82.882301	 82.688591	 82.500108	 82.316808	 82.138642	 81.965557	 81.797497	 81.634402	 81.476208	 81.322848	 81.174253	 81.030351	 80.891067	 80.756323	  80.62604	 80.500137	  80.37853	 80.261134	 80.147863	  80.03863	 79.933346	 79.831922	 79.734267	 79.640291	 79.549902	  79.46301	 79.379523	 79.299351	   79.2224	 79.148582	 79.077806	 79.009982	 78.945021	 78.882835	 78.823336	 78.766439	 78.712059	 78.660111	 78.610512	 78.563181	 78.518039	 78.475007	 78.434007	 78.394964	 78.357805	 78.322456	 78.288848	 78.256911	 78.226579	 78.197786	 78.170467	 78.144562	  78.12001	 78.096752	 78.074733	 78.053896	 78.034189	  78.01556	  77.99796	  77.98134	 77.965654	 77.950858	 77.936908	 77.923762	 77.911382	 77.899728	 77.888763	 77.878453	 77.868763	 77.859661	 77.851115	 77.843096	 77.835575	 77.828526	 77.821921	 77.815736	 77.809948	 77.804534	 77.799472	 77.794742	 77.790324	 77.786201	 77.782354	 77.778766	 77.775423	 77.772309	  77.76941	 77.766712	 77.764203	  77.76187	 77.759703	 77.757691	 77.755824	 77.754092	 77.752486	 77.750998	  77.74962	 77.748345	 77.747165	 77.746074	 77.745065	 77.744134	 77.743274	  77.74248	 77.741748	 77.741074	 77.740452	  77.73988	 77.739354	 77.738869	 77.738424	 77.738015	 77.737639	 77.737294	 77.736978	 77.736688	 77.736422	 77.736179	 77.735956	 77.735752	 77.735566	 77.735396	 77.735241	 77.735099	  77.73497	 77.734852	 77.734745	 77.734648	 77.734559	 77.734479	 77.734406	  77.73434	  77.73428	 77.734226	 77.734178	 77.734135	 77.734096	 77.734061	  77.73403	 77.734003	 77.733979	 77.733959	 77.733941	 77.733926	 77.733914	 77.733905	 77.733898	 77.733893	  77.73389	
        99	 98.586003	 98.172223	 97.758878	 97.346186	 96.934361	 96.523618	 96.114169	 95.706226	 95.299997	 94.895686	 94.493497	  94.09363	 93.696278	 93.301636	  92.90989	 92.521223	 92.135814	 91.753838	 91.375461	 91.000849	 90.630158	 90.263539	 89.901141	 89.543101	 89.189553	 88.840626	 88.496439	 88.157107	 87.822738	 87.493431	 87.169281	 86.850376	 86.536794	  86.22861	 85.925889	 85.628692	 85.337071	 85.051072	 84.770734	  84.49609	 84.227164	 83.963978	 83.706543	 83.454866	 83.208949	 82.968785	 82.734364	 82.505668	 82.282675	 82.065356	  81.85368	 81.647607	 81.447096	 81.252098	 81.062561	  80.87843	 80.699645	 80.526141	 80.357851	 80.194704	 80.036626	 79.883541	 79.735367	 79.592024	 79.453427	 79.319488	  79.19012	 79.065232	 78.944733	 78.828528	 78.716525	 78.608628	 78.504741	 78.404767	  78.30861	 78.216173	 78.127358	 78.042068	 77.960207	 77.881678	 77.806385	 77.734232	 77.665126	 77.598971	 77.535675	 77.475147	 77.417296	 77.362033	 77.309268	 77.258917	 77.210894	 77.165115	 77.121499	 77.079965	 77.040434	 77.002829	 76.967076	 76.933101	 76.900833	 76.870202	 76.841141	 76.813582	 76.787463	 76.762721	 76.739296	  76.71713	 76.696165	 76.676347	 76.657624	 76.639943	 76.623256	 76.607516	 76.592675	 76.578691	  76.56552	 76.553122	 76.541458	  76.53049	 76.520182	 76.510498	 76.501407	 76.492877	 76.484876	 76.477377	  76.47035	 76.463771	 76.457613	 76.451853	 76.446468	 76.441437	 76.436737	  76.43235	 76.428258	 76.424442	 76.420885	 76.417572	 76.414488	 76.411618	 76.408948	 76.406467	 76.404162	 76.402022	 76.400035	 76.398193	 76.396484	 76.394901	 76.393435	 76.392079	 76.390823	 76.389662	 76.388589	 76.387599	 76.386684	  76.38584	 76.385061	 76.384343	 76.383682	 76.383074	 76.382513	 76.381998	 76.381524	 76.381089	  76.38069	 76.380323	 76.379986	 76.379678	 76.379395	 76.379136	 76.378899	 76.378683	 76.378484	 76.378303	 76.378138	 76.377987	  76.37785	 76.377725	 76.377611	 76.377507	 76.377413	 76.377327	  76.37725	  76.37718	 76.377116	 76.377059	 76.377008	 76.376961	  76.37692	 76.376883	  76.37685	 76.376822	 76.376796	 76.376774	 76.376756	  76.37674	 76.376727	 76.376717	 76.376709	 76.376704	 76.376702	
        99	 98.561375	  98.12298	 97.685047	 97.247804	  96.81148	 96.376303	 95.942498	 95.510287	 95.079892	 94.651529	 94.225415	  93.80176	 93.380771	 92.962652	 92.547602	 92.135814	 91.727479	 91.322779	 90.921894	 90.524996	 90.132254	 89.743826	 89.359869	  88.98053	 88.605951	 88.236267	 87.871605	 87.512087	 87.157826	  86.80893	 86.465497	  86.12762	 85.795384	 85.468867	 85.148139	 84.833262	 84.524293	  84.22128	 83.924266	 83.633283	  83.34836	 83.069517	 82.796768	  82.53012	 82.269573	 82.015123	 81.766756	 81.524455	 81.288197	 81.057951	 80.833682	 80.615351	 80.402911	 80.196313	 79.995502	 79.800417	 79.610996	 79.427171	 79.248869	 79.076017	 78.908536	 78.746343	 78.589356	 78.437485	 78.290643	 78.148737	 78.011673	 77.879356	 77.751688	 77.628571	 77.509905	 77.395589	 77.285522	 77.179601	 77.077724	 76.979787	 76.885689	 76.795326	 76.708595	 76.625395	 76.545622	 76.469177	  76.39596	 76.325869	 76.258809	  76.19468	 76.133387	 76.074836	 76.018933	 75.965587	 75.914707	 75.866205	 75.819994	 75.775989	 75.734106	 75.694265	 75.656385	 75.620389	 75.586201	 75.553748	 75.522958	  75.49376	 75.466087	 75.439873	 75.415055	 75.391569	 75.369358	 75.348361	 75.328524	 75.309791	 75.292112	 75.275435	 75.259711	 75.244895	 75.230941	 75.217806	 75.205448	 75.193827	 75.182905	 75.172646	 75.163014	 75.153976	   75.1455	 75.137554	  75.13011	 75.123139	 75.116615	 75.110513	 75.104807	 75.099476	 75.094497	 75.089849	 75.085513	  75.08147	 75.077702	 75.074192	 75.070924	 75.067883	 75.065055	 75.062426	 75.059984	 75.057716	 75.055612	  75.05366	  75.05185	 75.050173	 75.048619	 75.047182	 75.045852	 75.044622	 75.043485	 75.042435	 75.041466	 75.040572	 75.039747	 75.038986	 75.038286	 75.037641	 75.037048	 75.036502	    75.036	 75.035539	 75.035115	 75.034727	  75.03437	 75.034043	 75.033744	  75.03347	 75.033218	 75.032989	 75.032779	 75.032587	 75.032412	 75.032252	 75.032107	 75.031974	 75.031853	 75.031744	 75.031644	 75.031553	 75.031471	 75.031397	  75.03133	 75.031269	 75.031214	 75.031165	 75.031122	 75.031082	 75.031048	 75.031017	  75.03099	 75.030967	 75.030947	 75.030931	 75.030917	 75.030906	 75.030898	 75.030893	  75.03089	
