Time step 98:
        99	        99	        99	        99	        99	        99	        99	        99	        99	        99	        99	        99	        99	        99	        99	        99	        99	        99	        99	        99	        99	        99	        99	        99	        99	        99	        99	        99	        99	        99	        99	        99	        99	        99	        99	        99	        99	        99	        99	        99	        99	        99	        99	        99	        99	        99	        99	        99	        99	        99	        99	        99	        99	        99	        99	        99	        99	        99	        99	        99	        99	        99	        99	        99	        99	        99	        99	        99	        99	        99	        99	        99	        99	        99	        99	        99	        99	        99	        99	        99	        99	        99	        99	        99	        99	        99	        99	        99	        99	        99	        99	        99	        99	        99	        99	        99	        99	        99	        99	        99	        99	        99	        99	        99	        99	        99	        99	        99	        99	        99	        99	        99	        99	        99	        99	        99	        99	        99	        99	        99	        99	        99	        99	        99	        99	        99	        99	        99	        99	        99	        99	        99	        99	        99	        99	        99	        99	        99	        99	        99	        99	        99	        99	        99	        99	        99	        99	        99	        99	        99	        99	        99	        99	        99	        99	        99	        99	        99	        99	        99	        99	        99	        99	        99	        99	        99	        99	        99	        99	        99	        99	        99	        99	        99	        99	        99	        99	        99	        99	        99	        99	        99	        99	        99	        99	        99	        99	        99	        99	        99	        99	        99	        99	        99	        99	        99	        99	        99	        99	        99	
        99	 98.993522	 98.987044	 98.980568	 98.974095	 98.967625	 98.961159	 98.954698	 98.948243	 98.941794	 98.935353	 98.928921	 98.922497	 98.916084	 98.909681	  98.90329	 98.896911	 98.890545	 98.884193	 98.877856	 98.871535	 98.865229	 98.858941	 98.852671	 98.846419	 98.840187	 98.833975	 98.827783	 98.821613	 98.815465	 98.809341	  98.80324	 98.797163	 98.791111	 98.785085	 98.779086	 98.773113	 98.767169	 98.761252	 98.755365	 98.749507	 98.743679	 98.737883	 98.732117	 98.726384	 98.720682	 98.715015	  98.70938	  98.70378	 98.698214	 98.692684	 98.687189	  98.68173	 98.676308	 98.670923	 98.665576	 98.660266	 98.654995	 98.649762	 98.644569	 98.639415	 98.634301	 98.629227	 98.624194	 98.619202	 98.614251	 98.609341	 98.604474	 98.599648	 98.594865	 98.590124	 98.585427	 98.580772	 98.576161	 98.571593	 98.567069	 98.562589	 98.558153	 98.553761	 98.549414	 98.545111	 98.540852	 98.536639	  98.53247	 98.528346	 98.524267	 98.520232	 98.516243	 98.512299	 98.508401	 98.504547	 98.500738	 98.496975	 98.493256	 98.489583	 98.485955	 98.482372	 98.478833	  98.47534	 98.471891	 98.468487	 98.465128	 98.461813	 98.458543	 98.455317	 98.452135	 98.448997	 98.445903	 98.442853	 98.439846	 98.436883	 98.433963	 98.431085	 98.428251	  98.42546	 98.422711	 98.420004	 98.417339	 98.414716	 98.412135	 98.409595	 98.407096	 98.404638	 98.402221	 98.399844	 98.397508	 98.395211	 98.392954	 98.390737	 98.388559	 98.386419	 98.384319	 98.382256	 98.380232	 98.378246	 98.376297	 98.374386	 98.372511	 98.370674	 98.368873	 98.367108	 98.365379	 98.363685	 98.362027	 98.360405	 98.358817	 98.357263	 98.355744	 98.354259	 98.352807	 98.351389	 98.350005	 98.348653	 98.347334	 98.346047	 98.344793	  98.34357	  98.34238	  98.34122	 98.340092	 98.338995	 98.337928	 98.336892	 98.335886	  98.33491	 98.333964	 98.333048	 98.332161	 98.331303	 98.330474	 98.329674	 98.328902	 98.328159	 98.327444	 98.326757	 98.326098	 98.325466	 98.324862	 98.324286	 98.323736	 98.323214	 98.322719	  98.32225	 98.321809	 98.321394	 98.321005	 98.320643	 98.320307	 98.319997	 98.319713	 98.319456	 98.319224	 98.319018	 98.318838	 98.318684	 98.318556	 98.318453	 98.318376	 98.318325	 98.318299	
        99	 98.987044	  98.97409	 98.961139	 98.948193	 98.935253	 98.922322	 98.909401	 98.896492	 98.883596	 98.870715	 98.857851	 98.845005	 98.832178	 98.819373	 98.806592	 98.793835	 98.781104	 98.768401	 98.755728	 98.743086	 98.730476	 98.717901	 98.705361	 98.692858	 98.680394	  98.66797	 98.655588	 98.643249	 98.630954	 98.618706	 98.606504	 98.594352	 98.582249	 98.570198	   98.5582	 98.546256	 98.534367	 98.522535	 98.510761	 98.499046	 98.487392	 98.475799	 98.464269	 98.452802	 98.441401	 98.430066	 98.418798	 98.407598	 98.396468	 98.385407	 98.374418	 98.363502	 98.352658	 98.341889	 98.331195	 98.320576	 98.310034	  98.29957	 98.289183	 98.278876	 98.268649	 98.258502	 98.248437	 98.238453	 98.228551	 98.218733	 98.208998	 98.199348	 98.189782	 98.180302	 98.170907	 98.161599	 98.152377	 98.143242	 98.134195	 98.125235	 98.116363	  98.10758	 98.098886	  98.09028	 98.081764	 98.073337	    98.065	 98.056752	 98.048594	 98.040527	 98.032549	 98.024662	 98.016865	 98.009158	 98.001541	 97.994014	 97.986578	 97.979232	 97.971976	  97.96481	 97.957734	 97.950748	 97.943851	 97.937044	 97.930325	 97.923696	 97.917156	 97.910704	 97.904341	 97.898065	 97.891878	 97.885777	 97.879764	 97.873838	 97.867998	 97.862244	 97.856576	 97.850993	 97.845496	 97.840082	 97.834753	 97.829508	 97.824345	 97.819266	 97.814268	 97.809353	 97.804519	 97.799766	 97.795093	   97.7905	 97.785987	 97.781552	 97.777196	 97.772918	 97.768717	 97.764593	 97.760545	 97.756572	 97.752675	 97.748852	 97.745104	 97.741429	 97.737827	 97.734297	 97.730839	 97.727453	 97.724137	 97.720892	 97.717716	 97.714609	 97.711571	 97.708601	 97.705698	 97.702863	 97.700093	  97.69739	 97.694752	 97.692179	  97.68967	 97.687226	 97.684844	 97.682525	 97.680269	 97.678075	 97.675942	  97.67387	 97.671858	 97.669906	 97.668014	 97.666182	 97.664408	 97.662692	 97.661034	 97.659434	 97.657891	 97.656404	 97.654974	   97.6536	 97.652282	 97.651019	 97.649811	 97.648658	  97.64756	 97.646516	 97.645525	 97.644588	 97.643705	 97.642875	 97.642098	 97.641373	 97.640701	 97.640082	 97.639514	 97.638999	 97.638536	 97.638124	 97.637764	 97.637456	 97.637199	 97.636994	  97.63684	 97.636738	 97.636686	
        99	 98.980568	 98.961139	 98.941714	 98.922297	  98.90289	 98.883496	 98.864117	 98.844755	 98.825413	 98.806093	 98.786799	 98.767532	 98.748294	 98.729089	 98.709919	 98.690786	 98.671692	  98.65264	 98.633632	  98.61467	 98.595758	 98.576897	 98.558089	 98.539337	 98.520643	 98.502009	 98.483438	 98.464931	 98.446491	  98.42812	  98.40982	 98.391593	 98.373442	 98.355367	 98.337372	 98.319457	 98.301626	  98.28388	 98.266221	  98.24865	  98.23117	 98.213783	 98.196489	 98.179292	 98.162192	 98.145191	  98.12829	 98.111493	 98.094799	  98.07821	 98.061729	 98.045355	 98.029092	  98.01294	   97.9969	 97.980973	 97.965162	 97.949467	  97.93389	 97.918431	 97.903092	 97.887873	 97.872776	 97.857802	 97.842951	 97.828225	 97.813625	 97.799151	 97.784804	 97.770585	 97.756494	 97.742533	 97.728702	 97.715001	 97.701431	 97.687993	 97.674688	 97.661514	 97.648474	 97.635567	 97.622794	 97.610155	  97.59765	  97.58528	 97.573045	 97.560945	  97.54898	  97.53715	 97.525455	 97.513896	 97.502472	 97.491184	 97.480031	 97.469013	  97.45813	 97.447382	 97.436769	 97.426291	 97.415947	 97.405737	 97.395661	 97.385718	 97.375909	 97.366232	 97.356688	 97.347276	 97.337995	 97.328846	 97.319827	 97.310939	  97.30218	  97.29355	 97.285049	 97.276676	  97.26843	 97.260311	 97.252318	  97.24445	 97.236707	 97.229089	 97.221594	 97.214222	 97.206971	 97.199843	 97.192834	 97.185946	 97.179176	 97.172525	 97.165992	 97.159575	 97.153274	 97.147088	 97.141017	 97.135059	 97.129214	  97.12348	 97.117858	 97.112346	 97.106944	  97.10165	 97.096464	 97.091385	 97.086411	 97.081544	 97.076781	 97.072121	 97.067564	  97.06311	 97.058756	 97.054503	  97.05035	 97.046295	 97.042339	  97.03848	 97.034717	  97.03105	 97.027478	 97.024001	 97.020616	 97.017325	 97.014126	 97.011018	 97.008001	 97.005074	 97.002236	 96.999487	 96.996827	 96.994253	 96.991767	 96.989367	 96.987052	 96.984823	 96.982678	 96.980617	  96.97864	 96.976746	 96.974935	 96.973206	 96.971558	 96.969992	 96.968506	 96.967101	 96.965776	 96.964531	 96.963365	 96.962279	 96.961271	 96.960342	 96.959491	 96.958718	 96.958023	 96.957406	 96.956866	 96.956404	 96.956019	 96.955711	  96.95548	 96.955326	 96.955249	
        99	 98.974095	 98.948193	 98.922297	 98.896412	  98.87054	 98.844685	 98.818849	 98.793038	 98.767252	 98.741497	 98.715775	 98.690089	 98.664443	  98.63884	 98.613283	 98.587776	 98.562321	 98.536922	 98.511582	 98.486305	 98.461092	 98.435947	 98.410874	 98.385875	 98.360954	 98.336112	 98.311354	 98.286682	 98.262099	 98.237608	 98.213212	 98.188913	 98.164714	 98.140619	 98.116628	 98.092746	 98.068975	 98.045317	 98.021775	 97.998351	 97.975048	 97.951868	 97.928814	 97.905887	  97.88309	 97.860426	 97.837895	 97.815502	 97.793247	 97.771132	  97.74916	 97.727332	 97.705651	 97.684117	 97.662734	 97.641502	 97.620424	 97.599501	 97.578734	 97.558125	 97.537675	 97.517387	 97.497261	 97.477298	 97.457501	 97.437869	 97.418405	 97.399109	 97.379983	 97.361027	 97.342242	  97.32363	 97.305191	 97.286926	 97.268836	 97.250921	 97.233183	 97.215621	 97.198236	  97.18103	 97.164002	 97.147152	 97.130482	 97.113991	  97.09768	 97.081549	 97.065597	 97.049827	 97.034236	 97.018826	 97.003597	 96.988548	 96.973679	 96.958991	 96.944483	 96.930155	 96.916006	 96.902037	 96.888247	 96.874636	 96.861203	 96.847948	 96.834871	 96.821971	 96.809247	 96.796699	 96.784327	  96.77213	 96.760107	 96.748257	  96.73658	 96.725076	 96.713742	  96.70258	 96.691587	 96.680763	 96.670107	 96.659619	 96.649297	 96.639141	 96.629149	 96.619321	 96.609655	 96.600151	 96.590808	 96.581625	   96.5726	 96.563734	 96.555023	 96.546469	 96.538069	 96.529823	 96.521729	 96.513786	 96.505993	  96.49835	 96.490855	 96.483507	 96.476305	 96.469247	 96.462334	 96.455562	 96.448933	 96.442443	 96.436093	 96.429882	 96.423807	 96.417868	 96.412064	 96.406395	 96.400858	 96.395452	 96.390178	 96.385033	 96.380017	 96.375129	 96.370367	 96.365731	 96.361219	 96.356831	 96.352566	 96.348423	 96.344401	 96.340499	 96.336716	 96.333051	 96.329504	 96.326074	 96.322759	 96.319559	 96.316474	 96.313502	 96.310642	 96.307895	 96.305259	 96.302734	  96.30032	 96.298014	 96.295818	  96.29373	 96.291749	 96.289876	  96.28811	  96.28645	 96.284896	 96.283447	 96.282104	 96.280865	 96.279731	 96.278701	 96.277774	 96.276951	 96.276232	 96.275615	 96.275102	 96.274692	 96.274384	 96.274179	 96.274076	
        99	 98.967625	 98.935253	  98.90289	  98.87054	 98.838206	 98.805894	 98.773606	 98.741347	 98.709122	 98.676934	 98.644787	 98.612686	 98.580635	 98.548638	 98.516698	  98.48482	 98.453008	 98.421265	 98.389596	 98.358005	 98.326495	  98.29507	 98.263735	 98.232492	 98.201346	 98.170301	 98.139359	 98.108525	 98.077803	 98.047195	 98.016705	 97.986338	 97.956095	 97.925981	 97.895999	 97.866152	 97.836444	 97.806877	 97.777455	 97.748181	 97.719058	 97.690089	 97.661276	 97.632623	 97.604133	 97.575808	  97.54765	 97.519664	  97.49185	 97.464212	 97.436752	 97.409473	 97.382376	 97.355465	 97.328741	 97.302207	 97.275864	 97.249714	 97.223761	 97.198005	 97.172448	 97.147092	 97.121939	 97.096991	 97.072249	 97.047714	 97.023389	 96.999273	  96.97537	  96.95168	 96.928203	 96.904943	 96.881899	 96.859072	 96.836463	 96.814074	 96.791906	 96.769958	 96.748231	 96.726727	 96.705446	 96.684388	 96.663554	 96.642945	  96.62256	   96.6024	 96.582465	 96.562755	 96.543271	 96.524012	 96.504979	 96.486171	 96.467589	 96.449232	 96.431101	 96.413194	 96.395511	 96.378053	 96.360819	 96.343808	 96.327021	 96.310455	 96.294112	  96.27799	 96.262088	 96.246407	 96.230945	 96.215701	 96.200675	 96.185866	 96.171273	 96.156895	 96.142731	  96.12878	 96.115042	 96.101515	 96.088198	  96.07509	  96.06219	 96.049497	 96.037009	 96.024726	 96.012647	 96.000769	 95.989093	 95.977616	 95.966338	 95.955256	 95.944371	 95.933679	 95.923182	 95.912876	  95.90276	 95.892834	 95.883095	 95.873543	 95.864176	 95.854992	 95.845991	 95.837171	 95.828531	 95.820068	 95.811783	 95.803673	 95.795737	 95.787973	 95.780381	  95.77296	 95.765706	  95.75862	 95.751701	 95.744945	 95.738354	 95.731924	 95.725655	 95.719545	 95.713594	   95.7078	 95.702162	 95.696678	 95.691348	  95.68617	 95.681144	 95.676267	 95.671539	 95.666959	 95.662526	 95.658239	 95.654096	 95.650097	 95.646241	 95.642527	 95.638953	  95.63552	 95.632226	  95.62907	 95.626052	 95.623171	 95.620426	 95.617816	 95.615341	    95.613	 95.610793	 95.608719	 95.606776	 95.604966	 95.603287	 95.601739	 95.600321	 95.599034	 95.597876	 95.596848	 95.595948	 95.595178	 95.594537	 95.594023	 95.593639	 95.593382	 95.593254	
        99	 98.961159	 98.922322	 98.883496	 98.844685	 98.805894	 98.767127	 98.728391	  98.68969	 98.651028	 98.612412	 98.573845	 98.535333	 98.496881	 98.458493	 98.420174	  98.38193	 98.343764	 98.305682	 98.267689	 98.229788	 98.191985	 98.154284	 98.116691	 98.079209	 98.041842	 98.004596	 97.967475	 97.930483	 97.893625	 97.856904	 97.820325	 97.783893	  97.74761	 97.711482	 97.675512	 97.639704	 97.604063	 97.568591	 97.533293	 97.498173	 97.463233	 97.428478	 97.393911	 97.359536	 97.325355	 97.291373	 97.257592	 97.224016	 97.190648	  97.15749	 97.124546	 97.091819	  97.05931	 97.027025	 96.994963	 96.963129	 96.931526	 96.900154	 96.869017	 96.838117	 96.807456	 96.777036	  96.74686	 96.716929	 96.687245	 96.657811	 96.628627	 96.599696	 96.571018	 96.542597	 96.514432	 96.486526	 96.458879	 96.431493	  96.40437	 96.377509	 96.350913	 96.324582	 96.298516	 96.272718	 96.247186	 96.221923	 96.196928	 96.172202	 96.147746	  96.12356	 96.099643	 96.075997	 96.052622	 96.029517	 96.006683	 95.984119	 95.961825	 95.939802	 95.918049	 95.896566	 95.875353	 95.854408	 95.833732	 95.813324	 95.793183	 95.773309	 95.753702	  95.73436	 95.715283	 95.696469	 95.677919	 95.659631	 95.641604	 95.623837	  95.60633	  95.58908	 95.572088	 95.555351	 95.538869	  95.52264	 95.506663	 95.490937	 95.475461	 95.460233	 95.445252	 95.430516	 95.416024	 95.401774	 95.387766	 95.373997	 95.360466	 95.347171	 95.334112	 95.321285	 95.308691	 95.296326	 95.284191	 95.272282	 95.260598	 95.249138	   95.2379	 95.226883	 95.216084	 95.205503	 95.195136	 95.184984	 95.175044	 95.165314	 95.155793	 95.146479	 95.137371	 95.128467	 95.119765	 95.111264	 95.102962	 95.094858	 95.086949	 95.079236	 95.071715	 95.064385	 95.057245	 95.050294	  95.04353	 95.036951	 95.030556	 95.024344	 95.018314	 95.012463	 95.006791	 95.001297	 94.995978	 94.990834	 94.985864	 94.981067	  94.97644	 94.971984	 94.967697	 94.963578	 94.959627	 94.955841	  94.95222	 94.948763	  94.94547	 94.942339	  94.93937	 94.936561	 94.933913	 94.931424	 94.929094	 94.926922	 94.924908	 94.923051	  94.92135	 94.919805	 94.918416	 94.917182	 94.916104	  94.91518	  94.91441	 94.913794	 94.913333	 94.913025	 94.912871	
        99	 98.954698	 98.909401	 98.864117	 98.818849	 98.773606	 98.728391	 98.683211	 98.638073	  98.59298	  98.54794	 98.502958	  98.45804	 98.413192	 98.368418	 98.323726	  98.27912	 98.234605	 98.190189	 98.145875	  98.10167	 98.057579	 98.013607	  97.96976	 97.926043	 97.882462	  97.83902	 97.795724	 97.752579	 97.709589	 97.666761	 97.624097	 97.581604	 97.539287	 97.497149	 97.455196	 97.413432	 97.371862	 97.330489	  97.28932	 97.248357	 97.207606	  97.16707	 97.126753	  97.08666	 97.046794	 97.007159	 96.967759	 96.928598	 96.889679	 96.851005	 96.812582	  96.77441	 96.736495	 96.698838	 96.661444	 96.624315	 96.587454	 96.550864	 96.514547	 96.478507	 96.442746	 96.407267	 96.372071	 96.337161	  96.30254	 96.268209	 96.234171	 96.200427	  96.16698	  96.13383	 96.100981	 96.068432	 96.036187	 96.004246	 95.972611	 95.941282	 95.910262	 95.879551	 95.849149	 95.819059	 95.789281	 95.759815	 95.730663	 95.701824	   95.6733	  95.64509	 95.617196	 95.589616	 95.562353	 95.535404	 95.508772	 95.482455	 95.456453	 95.430767	 95.405395	 95.380339	 95.355596	 95.331168	 95.307052	 95.283249	 95.259759	 95.236579	  95.21371	 95.191151	   95.1689	 95.146958	 95.125322	 95.103991	 95.082966	 95.062244	 95.041824	 95.021705	 95.001886	 94.982365	 94.963141	 94.944213	 94.925579	 94.907237	 94.889187	 94.871425	 94.853952	 94.836765	 94.819862	 94.803242	 94.786904	 94.770844	 94.755063	 94.739557	 94.724325	 94.709365	 94.694675	 94.680254	   94.6661	  94.65221	 94.638583	 94.625217	  94.61211	  94.59926	 94.586665	 94.574323	 94.562232	 94.550391	 94.538797	 94.527449	 94.516345	 94.505482	 94.494858	 94.484473	 94.474324	 94.464409	 94.454726	 94.445273	  94.43605	 94.427053	 94.418281	 94.409732	 94.401404	 94.393297	 94.385408	 94.377734	 94.370276	 94.363031	 94.355997	 94.349173	 94.342558	 94.336149	 94.329946	 94.323947	  94.31815	 94.312554	 94.307158	 94.301961	 94.296961	 94.292157	 94.287548	 94.283132	 94.278909	 94.274877	 94.271036	 94.267385	 94.263921	 94.260646	 94.257557	 94.254654	 94.251937	 94.249403	 94.247054	 94.244888	 94.242904	 94.241102	 94.239482	 94.238043	 94.236785	 94.235707	  94.23481	 94.234092	 94.233553	 94.233195	 94.233015	
        99	 98.948243	 98.896492	 98.844755	 98.793038	 98.741347	  98.68969	 98.638073	 98.586502	 98.534984	 98.483527	 98.432135	 98.380817	 98.329578	 98.278425	 98.227364	 98.176402	 98.125545	   98.0748	 98.024172	 97.973668	 97.923295	 97.873058	 97.822963	 97.773016	 97.723225	 97.673593	 97.624128	 97.574835	  97.52572	 97.476789	 97.428046	 97.379499	 97.331151	 97.283009	 97.235078	 97.187363	  97.13987	 97.092603	 97.045567	 96.998768	  96.95221	 96.905898	 96.859836	  96.81403	 96.768483	 96.723201	 96.678187	 96.633446	 96.588981	 96.544798	 96.500899	 96.457288	  96.41397	 96.370948	 96.328226	 96.285806	 96.243693	 96.201889	 96.160398	 96.119223	 96.078366	 96.037831	  95.99762	 95.957736	 95.918182	 95.878959	 95.840071	 95.801519	 95.763306	 95.725433	 95.687902	 95.650716	 95.613877	 95.577384	 95.541241	 95.505449	 95.470008	 95.434921	 95.400188	 95.365811	 95.331789	 95.298125	 95.264819	 95.231871	 95.199282	 95.167053	 95.135184	 95.103675	 95.072526	 95.041738	  95.01131	 94.981244	 94.951537	 94.922191	 94.893204	 94.864577	 94.836309	   94.8084	 94.780848	 94.753654	 94.726816	 94.700333	 94.674206	 94.648432	 94.623011	 94.597942	 94.573223	 94.548853	 94.524832	 94.501157	 94.477828	 94.454842	 94.432199	 94.409897	 94.387934	 94.366308	 94.345019	 94.324064	 94.303441	 94.283149	 94.263186	  94.24355	 94.224239	 94.205251	 94.186584	 94.168237	 94.150206	 94.132491	 94.115088	 94.097997	 94.081214	 94.064739	 94.048567	 94.032698	  94.01713	 94.001859	 93.986884	 93.972203	 93.957813	 93.943713	   93.9299	 93.916371	 93.903126	  93.89016	 93.877473	 93.865063	 93.852926	 93.841061	 93.829465	 93.818137	 93.807075	 93.796275	 93.785737	 93.775458	 93.765436	 93.755669	 93.746156	 93.736893	 93.727879	 93.719113	 93.710592	 93.702314	 93.694278	 93.686482	 93.678924	 93.671602	 93.664515	 93.657661	 93.651038	 93.644645	  93.63848	 93.632543	  93.62683	 93.621341	 93.616075	 93.611031	 93.606206	   93.6016	 93.597211	 93.593039	 93.589083	  93.58534	 93.581812	 93.578495	  93.57539	 93.572496	 93.569812	 93.567337	 93.565071	 93.563012	 93.561161	 93.559517	  93.55808	 93.556848	 93.555823	 93.555003	 93.554388	 93.553978	 93.553773	
        99	 98.941794	 98.883596	 98.825413	 98.767252	 98.709122	 98.651028	  98.59298	 98.534984	 98.477048	  98.41918	 98.361386	 98.303674	 98.246051	 98.188524	 98.131102	 98.073791	 98.016598	  97.95953	 97.902594	 97.845798	 97.789149	 97.732653	 97.676317	 97.620147	 97.564152	 97.508337	 97.452709	 97.397275	 97.342041	 97.287013	 97.232198	 97.177602	  97.12323	 97.069091	 97.015188	 96.961528	 96.908118	 96.854961	 96.802066	 96.749436	 96.697077	 96.644995	 96.593195	 96.541681	  96.49046	 96.439536	 96.388914	 96.338598	 96.288594	 96.238906	 96.189537	 96.140494	 96.091779	 96.043396	 95.995351	 95.947647	 95.900286	 95.853274	 95.806614	 95.760309	 95.714362	 95.668777	 95.623556	 95.578703	  95.53422	 95.490111	 95.446378	 95.403022	 95.360048	 95.317457	 95.275251	 95.233432	 95.192002	 95.150963	 95.110317	 95.070065	 95.030209	  94.99075	  94.95169	 94.913029	 94.874769	 94.836911	 94.799455	 94.762402	 94.725753	 94.689509	 94.653669	 94.618234	 94.583205	 94.548581	 94.514362	 94.480549	 94.447142	 94.414139	 94.381541	 94.349348	 94.317558	 94.286171	 94.255187	 94.224604	 94.194423	 94.164641	 94.135258	 94.106273	 94.077685	 94.049492	 94.021694	 93.994288	 93.967274	  93.94065	 93.914414	 93.888564	   93.8631	 93.838019	  93.81332	    93.789	 93.765058	 93.741492	   93.7183	  93.69548	  93.67303	 93.650947	  93.62923	 93.607877	 93.586884	 93.566251	 93.545974	 93.526051	 93.506481	  93.48726	 93.468386	 93.449858	 93.431672	 93.413826	 93.396317	 93.379144	 93.362303	 93.345793	 93.329611	 93.313754	 93.298219	 93.283006	  93.26811	 93.253529	 93.239261	 93.225304	 93.211655	 93.198312	 93.185272	 93.172533	 93.160092	 93.147947	 93.136096	 93.124536	 93.113266	 93.102282	 93.091583	 93.081166	 93.071029	 93.061171	 93.051588	 93.042279	 93.033242	 93.024474	 93.015975	 93.007741	 92.999771	 92.992062	 92.984615	 92.977425	 92.970492	 92.963815	 92.957391	 92.951218	 92.945296	 92.939623	 92.934197	 92.929017	 92.924082	  92.91939	  92.91494	 92.910732	 92.906763	 92.903034	 92.899542	 92.896287	 92.893269	 92.890485	 92.887937	 92.885622	  92.88354	 92.881692	 92.880075	  92.87869	 92.877537	 92.876614	 92.875923	 92.875462	 92.875231	
        99	 98.935353	 98.870715	 98.806093	 98.741497	 98.676934	 98.612412	  98.54794	 98.483527	  98.41918	 98.354907	 98.290718	 98.226619	  98.16262	 98.098728	 98.034952	 97.971298	 97.907776	 97.844393	 97.781158	 97.718077	 97.655158	 97.592411	  97.52984	 97.467456	 97.405264	 97.343273	 97.281489	 97.219921	 97.158574	 97.097457	 97.036576	 96.975939	 96.915551	  96.85542	 96.795553	 96.735955	 96.676634	 96.617596	 96.558847	 96.500393	  96.44224	 96.384395	 96.326863	 96.269649	  96.21276	 96.156201	 96.099977	 96.044093	 95.988556	 95.933369	 95.878537	 95.824067	 95.769961	 95.716225	 95.662863	  95.60988	 95.557279	 95.505064	 95.453241	 95.401811	  95.35078	  95.30015	 95.249926	 95.200109	 95.150704	 95.101714	 95.053141	 95.004988	 94.957259	 94.909954	 94.863078	 94.816631	 94.770617	 94.725037	 94.679893	 94.635187	  94.59092	 94.547095	 94.503713	 94.460774	  94.41828	 94.376232	 94.334631	 94.293478	 94.252774	 94.212519	 94.172713	 94.133357	 94.094451	 94.055996	 94.017991	 93.980437	 93.943332	 93.906677	 93.870472	 93.834716	 93.799408	 93.764549	 93.730136	 93.696169	 93.662648	  93.62957	 93.596936	 93.564744	 93.532992	  93.50168	 93.470805	 93.440367	 93.410363	 93.380792	 93.351653	 93.322943	 93.294661	 93.266805	 93.239373	 93.212362	 93.185771	 93.159597	 93.133839	 93.108493	 93.083559	 93.059032	 93.034912	 93.011196	  92.98788	 92.964963	 92.942443	 92.920316	 92.898579	 92.877232	  92.85627	 92.835691	 92.815492	 92.795671	 92.776225	 92.757152	 92.738448	 92.720111	 92.702137	 92.684526	 92.667272	 92.650375	  92.63383	 92.617636	  92.60179	 92.586289	 92.571129	 92.556309	 92.541826	 92.527677	  92.51386	 92.500371	 92.487209	  92.47437	 92.461852	 92.449653	  92.43777	   92.4262	 92.414942	 92.403992	 92.393349	  92.38301	 92.372973	 92.363235	 92.353795	  92.34465	 92.335798	 92.327237	 92.318965	  92.31098	  92.30328	 92.295863	 92.288728	 92.281873	 92.275295	 92.268994	 92.262968	 92.257215	 92.251733	 92.246522	  92.24158	 92.236906	 92.232498	 92.228356	 92.224478	 92.220863	  92.21751	 92.214419	 92.211588	 92.209018	 92.206706	 92.204652	 92.202857	 92.201319	 92.200038	 92.199013	 92.198245	 92.197733	 92.197477	
        99	 98.928921	 98.857851	 98.786799	 98.715775	 98.644787	 98.573845	 98.502958	 98.432135	 98.361386	 98.290718	 98.220141	 98.149665	 98.079297	 98.009048	 97.938925	 97.868938	 97.799095	 97.729406	 97.659878	  97.59052	 97.521341	 97.452349	 97.383553	 97.314961	 97.246581	 97.178422	  97.11049	 97.042795	 96.975345	 96.908146	 96.841207	 96.774536	 96.708139	 96.642025	 96.576201	 96.510673	 96.445449	 96.380537	 96.315942	 96.251671	 96.187732	 96.124131	 96.060874	 95.997968	 95.935418	 95.873231	 95.811412	 95.749968	 95.688904	 95.628226	 95.567939	 95.508048	 95.448558	 95.389475	 95.330804	 95.272548	 95.214713	 95.157303	 95.100323	 95.043776	 94.987667	 94.931999	 94.876777	 94.822004	 94.767683	 94.713818	 94.660412	 94.607468	 94.554989	 94.502977	 94.451436	 94.400368	 94.349775	 94.299659	 94.250024	 94.200869	 94.152198	 94.104012	 94.056313	 94.009101	 93.962379	 93.916148	 93.870407	 93.825159	 93.780405	 93.736144	 93.692377	 93.649105	 93.606328	 93.564047	  93.52226	 93.480968	 93.440172	  93.39987	 93.360062	 93.320748	 93.281927	 93.243599	 93.205762	 93.168415	 93.131558	  93.09519	 93.059308	 93.023913	 92.989001	 92.954573	 92.920626	 92.887159	  92.85417	 92.821657	 92.789618	 92.758052	 92.726956	 92.696328	 92.666165	 92.636467	  92.60723	 92.578452	  92.55013	 92.522263	 92.494847	 92.467881	  92.44136	 92.415284	 92.389649	 92.364451	  92.33969	 92.315361	 92.291462	  92.26799	 92.244942	 92.222315	 92.200107	 92.178314	 92.156933	 92.135962	 92.115397	 92.095235	 92.075473	 92.056109	 92.037139	  92.01856	 92.000369	 91.982564	 91.965141	 91.948097	 91.931429	 91.915135	  91.89921	 91.883653	 91.868461	  91.85363	 91.839158	 91.825042	 91.811278	 91.797865	   91.7848	 91.772079	 91.759701	 91.747661	 91.735959	 91.724591	 91.713555	 91.702849	 91.692469	 91.682414	 91.672681	 91.663268	 91.654173	 91.645394	 91.636927	 91.628773	 91.620928	  91.61339	 91.606158	  91.59923	 91.592604	 91.586279	 91.580252	 91.574522	 91.569089	 91.563949	 91.559103	 91.554549	 91.550285	  91.54631	 91.542624	 91.539225	 91.536112	 91.533286	 91.530744	 91.528486	 91.526512	 91.524821	 91.523412	 91.522286	 91.521441	 91.520878	 91.520597	
        99	 98.922497	 98.845005	 98.767532	 98.690089	 98.612686	 98.535333	  98.45804	 98.380817	 98.303674	 98.226619	 98.149665	 98.072819	 97.996093	 97.919495	 97.843035	 97.766723	 97.690569	 97.614581	  97.53877	 97.463144	 97.387713	 97.312487	 97.237474	 97.162683	 97.088123	 97.013804	 96.939734	 96.865921	 96.792375	 96.719104	 96.646115	 96.573419	 96.501022	 96.428933	  96.35716	  96.28571	 96.214592	 96.143813	 96.073381	 96.003303	 95.933585	 95.864236	 95.795263	 95.726671	 95.658469	 95.590662	 95.523257	  95.45626	 95.389678	 95.323516	  95.25778	 95.192477	 95.127611	 95.063189	 94.999215	 94.935695	 94.872633	 94.810035	 94.747906	 94.686249	 94.625069	 94.564371	 94.504158	 94.444435	 94.385205	 94.326472	  94.26824	 94.210511	 94.153289	 94.096577	 94.040378	 93.984695	  93.92953	 93.874886	 93.820764	 93.767168	 93.714098	 93.661558	 93.609548	  93.55807	 93.507125	 93.456715	 93.406842	 93.357505	 93.308705	 93.260445	 93.212723	  93.16554	 93.118898	 93.072795	 93.027232	 92.982209	 92.937726	 92.893781	 92.850376	 92.807509	  92.76518	 92.723388	 92.682131	  92.64141	 92.601222	 92.561567	 92.522443	 92.483848	 92.445782	 92.408243	 92.371228	 92.334737	 92.298766	 92.263315	 92.228381	 92.193962	 92.160055	 92.126659	 92.093771	 92.061389	  92.02951	 91.998131	  91.96725	 91.936864	 91.906971	 91.877567	 91.848651	 91.820218	 91.792265	 91.764791	 91.737792	 91.711264	 91.685206	 91.659613	 91.634482	  91.60981	 91.585595	 91.561832	 91.538519	 91.515653	 91.493229	 91.471245	 91.449698	 91.428583	 91.407899	 91.387641	 91.367807	 91.348392	 91.329395	  91.31081	 91.292636	 91.274869	 91.257506	 91.240543	 91.223978	 91.207807	 91.192027	 91.176635	 91.161627	 91.147002	 91.132756	 91.118886	 91.105389	 91.092261	 91.079502	 91.067107	 91.055073	 91.043399	 91.032081	 91.021117	 91.010505	 91.000241	 90.990324	 90.980751	  90.97152	 90.962629	 90.954075	 90.945856	  90.93797	 90.930416	 90.923191	 90.916294	 90.909723	 90.903476	 90.897551	 90.891947	 90.886663	 90.881697	 90.877047	 90.872714	 90.868694	 90.864988	 90.861595	 90.858512	 90.855741	 90.853279	 90.851126	 90.849282	 90.847747	 90.846518	 90.845598	 90.844984	 90.844677	
        99	 98.916084	 98.832178	 98.748294	 98.664443	 98.580635	 98.496881	 98.413192	 98.329578	 98.246051	  98.16262	 98.079297	 97.996093	 97.913017	  97.83008	 97.747293	 97.664666	  97.58221	 97.499934	 97.417849	 97.335965	 97.254292	 97.172841	  97.09162	  97.01064	 96.929911	 96.849441	 96.769241	 96.689321	 96.609688	 96.530353	 96.451325	 96.372613	 96.294225	 96.216171	 96.138458	 96.061096	 95.984093	 95.907457	 95.831196	 95.755318	 95.679831	 95.604744	 95.530062	 95.455795	 95.381948	  95.30853	 95.235547	 95.163006	 95.090914	 95.019277	 94.948102	 94.877395	 94.807161	 94.737408	  94.66814	 94.599363	 94.531083	 94.463305	 94.396034	 94.329275	 94.263032	 94.197311	 94.132115	  94.06745	 94.003319	 93.939725	 93.876674	 93.814168	 93.752211	 93.690806	 93.629957	 93.569666	 93.509936	 93.450769	 93.392169	 93.334137	 93.276676	 93.219788	 93.163474	 93.107736	 93.052575	 92.997994	 92.943993	 92.890574	 92.837736	 92.785481	 92.733811	 92.682724	 92.632221	 92.582303	  92.53297	 92.484221	 92.436057	 92.388476	 92.341479	 92.295065	 92.249233	 92.203982	 92.159311	  92.11522	 92.071706	  92.02877	 91.986408	  91.94462	 91.903404	 91.862758	  91.82268	 91.783169	 91.744222	 91.705837	 91.668012	 91.630744	 91.594032	 91.557873	 91.522263	 91.487201	 91.452684	 91.418708	 91.385272	 91.352372	 91.320005	 91.288168	 91.256858	 91.226072	 91.195807	 91.166059	 91.136825	 91.108103	 91.079887	 91.052176	 91.024966	 90.998253	 90.972034	 90.946305	 90.921062	 90.896303	 90.872024	 90.848221	 90.824891	 90.802029	 90.779633	 90.757699	 90.736223	 90.715202	 90.694632	  90.67451	 90.654832	 90.635594	 90.616794	 90.598428	 90.580492	 90.562982	 90.545896	 90.529231	 90.512982	 90.497146	 90.481721	 90.466703	 90.452089	 90.437875	  90.42406	 90.410639	  90.39761	  90.38497	 90.372715	 90.360844	 90.349353	 90.338241	 90.327503	 90.317138	 90.307143	 90.297515	 90.288253	 90.279355	 90.270817	 90.262637	 90.254815	 90.247347	 90.240231	 90.233467	 90.227052	 90.220985	 90.215263	 90.209886	 90.204852	 90.200159	 90.195808	 90.191795	  90.18812	 90.184783	 90.181782	 90.179117	 90.176786	 90.174789	 90.173126	 90.171797	   90.1708	 90.170135	 90.169803	
        99	 98.909681	 98.819373	 98.729089	  98.63884	 98.548638	 98.458493	 98.368418	 98.278425	 98.188524	 98.098728	 98.009048	 97.919495	  97.83008	 97.740815	 97.651712	  97.56278	 97.474032	 97.385479	 97.297131	    97.209	 97.121095	 97.033429	 96.946011	 96.858852	 96.771963	 96.685354	 96.599035	 96.513016	 96.427308	  96.34192	 96.256862	 96.172144	 96.087775	 96.003765	 95.920123	 95.836858	 95.753979	 95.671496	 95.589416	 95.507749	 95.426503	 95.345686	 95.265307	 95.185372	 95.105891	 95.026871	  94.94832	 94.870244	 94.792651	 94.715548	 94.638942	  94.56284	 94.487248	 94.412172	 94.337619	 94.263595	 94.190105	 94.117156	 94.044752	 93.972899	 93.901602	 93.830866	 93.760696	 93.691097	 93.622072	 93.553627	 93.485765	  93.41849	 93.351805	 93.285715	 93.220223	 93.155332	 93.091044	 93.027363	 92.964292	 92.901832	 92.839987	 92.778758	 92.718147	 92.658157	 92.598788	 92.540042	 92.481921	 92.424425	 92.367556	 92.311314	 92.255701	 92.200716	  92.14636	 92.092634	 92.039536	 91.987068	 91.935228	 91.884017	 91.833435	 91.783479	  91.73415	 91.685446	 91.637368	 91.589912	 91.543078	 91.496866	 91.451272	 91.406295	 91.361934	 91.318187	 91.275051	 91.232525	 91.190607	 91.149293	 91.108582	 91.068471	 91.028958	 90.990039	 90.951713	 90.913975	 90.876824	 90.840256	 90.804269	 90.768858	 90.734022	 90.699756	 90.666057	 90.632922	 90.600348	  90.56833	 90.536866	 90.505952	 90.475584	 90.445758	 90.416472	 90.387721	 90.359501	 90.331809	  90.30464	 90.277992	 90.251861	 90.226241	 90.201131	 90.176525	  90.15242	 90.128812	 90.105698	 90.083073	 90.060933	 90.039276	 90.018096	 89.997391	 89.977157	 89.957389	 89.938084	 89.919239	 89.900849	 89.882912	 89.865423	 89.848379	 89.831777	 89.815613	 89.799884	 89.784586	 89.769717	 89.755272	 89.741248	 89.727644	 89.714454	 89.701678	  89.68931	 89.677349	 89.665792	 89.654636	 89.643879	 89.633517	 89.623548	  89.61397	 89.604781	 89.595977	 89.587558	  89.57952	 89.571862	 89.564582	 89.557677	 89.551147	 89.544989	 89.539201	 89.533783	 89.528733	 89.524049	  89.51973	 89.515775	 89.512183	 89.508953	 89.506084	 89.503576	 89.501427	 89.499637	 89.498206	 89.497133	 89.496417	  89.49606	
        99	  98.90329	 98.806592	 98.709919	 98.613283	 98.516698	 98.420174	 98.323726	 98.227364	 98.131102	 98.034952	 97.938925	 97.843035	 97.747293	 97.651712	 97.556303	 97.461078	  97.36605	 97.271231	 97.176631	 97.082263	 96.988138	 96.894268	 96.800664	 96.707338	   96.6143	 96.521562	 96.429135	  96.33703	 96.245256	 96.153826	 96.062749	 95.972036	 95.881697	 95.791742	 95.702181	 95.613025	 95.524281	 95.435961	 95.348073	 95.260627	 95.173632	 95.087096	 95.001029	 94.915438	 94.830333	 94.745721	 94.661611	  94.57801	 94.494927	 94.412368	 94.330341	 94.248854	 94.167912	 94.087524	 94.007696	 93.928433	 93.849743	 93.771631	 93.694104	 93.617166	 93.540824	 93.465083	 93.389948	 93.315423	 93.241514	 93.168226	 93.095561	 93.023526	 92.952122	 92.881356	 92.811229	 92.741746	 92.672909	 92.604722	 92.537187	 92.470308	 92.404086	 92.338525	 92.273625	 92.209389	 92.145819	 92.082916	 92.020682	 91.959118	 91.898225	 91.838003	 91.778454	 91.719579	 91.661376	 91.603848	 91.546993	 91.490812	 91.435304	 91.380469	 91.326307	 91.272817	 91.219997	 91.167847	 91.116366	 91.065552	 91.015405	 90.965922	 90.917101	 90.868942	 90.821442	 90.774599	 90.728411	 90.682876	 90.637991	 90.593754	 90.550162	 90.507213	 90.464903	 90.423231	 90.382192	 90.341784	 90.302004	 90.262849	 90.224315	 90.186398	 90.149097	 90.112406	 90.076322	 90.040843	 90.005963	  89.97168	 89.937989	 89.904888	 89.872371	 89.840435	 89.809076	  89.77829	 89.748073	 89.718422	 89.689331	 89.660797	 89.632816	 89.605384	 89.578497	 89.552149	 89.526339	 89.501061	 89.476311	 89.452085	 89.428379	 89.405189	  89.38251	  89.36034	 89.338674	 89.317507	 89.296836	 89.276657	 89.256966	  89.23776	 89.219033	 89.200784	 89.183007	 89.165699	 89.148857	 89.132476	 89.116554	 89.101087	 89.086072	 89.071504	 89.057382	 89.043701	 89.030458	 89.017651	 89.005276	 88.993331	 88.981812	 88.970717	 88.960043	 88.949787	 88.939947	 88.930521	 88.921506	 88.912899	 88.904699	 88.896904	  88.88951	 88.882518	 88.875924	 88.869727	 88.863926	 88.858518	 88.853502	 88.848878	 88.844643	 88.840797	 88.837339	 88.834267	 88.831581	  88.82928	 88.827363	 88.825831	 88.824682	 88.823916	 88.823533	
        99	 98.896911	 98.793835	 98.690786	 98.587776	  98.48482	  98.38193	  98.27912	 98.176402	 98.073791	 97.971298	 97.868938	 97.766723	 97.664666	  97.56278	 97.461078	 97.359573	 97.258277	 97.157203	 97.056364	 96.955772	 96.855438	 96.755377	 96.655599	 96.556117	 96.456943	 96.358088	 96.259564	 96.161384	 96.063557	 95.966096	 95.869012	 95.772316	 95.676018	  95.58013	 95.484662	 95.389624	 95.295027	 95.200882	 95.107197	 95.013983	  94.92125	 94.829006	 94.737262	 94.646026	 94.555307	 94.465114	 94.375456	 94.286342	 94.197778	 94.109774	 94.022337	 93.935474	 93.849194	 93.763504	  93.67841	 93.593919	 93.510039	 93.426775	 93.344134	 93.262122	 93.180744	 93.100007	 93.019916	 92.940476	 92.861692	 92.783569	 92.706112	 92.629325	 92.553212	 92.477778	 92.403026	 92.328959	 92.255582	 92.182898	 92.110909	 92.039618	 91.969029	 91.899142	 91.829962	 91.761489	 91.693726	 91.626674	 91.560335	  91.49471	 91.429801	 91.365607	 91.302131	 91.239372	  91.17733	 91.116007	 91.055403	 90.995516	 90.936347	 90.877895	  90.82016	 90.763142	 90.706838	 90.651248	 90.596372	 90.542206	 90.488751	 90.436004	 90.383964	 90.332628	 90.281995	 90.232063	 90.182828	 90.134289	 90.086444	 90.039289	 89.992822	  89.94704	 89.901939	 89.857518	 89.813773	   89.7707	 89.728296	 89.686558	 89.645482	 89.605065	 89.565303	 89.526192	 89.487728	 89.449909	 89.412728	 89.376184	 89.340271	 89.304986	 89.270324	 89.236282	 89.202855	 89.170038	 89.137828	 89.106221	 89.075211	 89.044796	 89.014969	 88.985728	 88.957067	 88.928982	 88.901469	 88.874523	  88.84814	 88.822317	 88.797047	 88.772327	 88.748153	 88.724521	 88.701425	 88.678862	 88.656828	 88.635318	 88.614329	 88.593855	 88.573894	  88.55444	 88.535491	 88.517041	 88.499088	 88.481627	 88.464655	 88.448168	 88.432162	 88.416634	  88.40158	 88.386996	  88.37288	 88.359228	 88.346037	 88.333304	 88.321025	 88.309198	  88.29782	 88.286888	 88.276399	 88.266351	 88.256741	 88.247567	 88.238826	 88.230517	 88.222636	 88.215182	 88.208153	 88.201548	 88.195363	 88.189599	 88.184253	 88.179323	 88.174809	 88.170709	 88.167023	 88.163748	 88.160885	 88.158432	 88.156389	 88.154756	 88.153531	 88.152714	 88.152306	
        99	 98.890545	 98.781104	 98.671692	 98.562321	 98.453008	 98.343764	 98.234605	 98.125545	 98.016598	 97.907776	 97.799095	 97.690569	  97.58221	 97.474032	  97.36605	 97.258277	 97.150726	 97.043411	 96.936345	 96.829541	 96.723012	 96.616772	 96.510833	 96.405208	  96.29991	 96.194951	 96.090343	   95.9861	 95.882233	 95.778753	 95.675674	 95.573007	 95.470763	 95.368954	 95.267591	 95.166684	 95.066246	 94.966287	 94.866818	 94.767848	 94.669388	 94.571448	 94.474039	 94.377169	 94.280848	 94.185086	 94.089892	 93.995274	 93.901242	 93.807804	 93.714967	 93.622741	 93.531133	 93.440152	 93.349803	 93.260095	 93.171035	  93.08263	 92.994886	 92.907809	 92.821407	 92.735684	 92.650648	 92.566302	 92.482653	 92.399707	 92.317466	 92.235938	 92.155125	 92.075033	 91.995665	 91.917025	 91.839117	 91.761944	 91.685509	 91.609817	 91.534868	 91.460666	 91.387214	 91.314513	 91.242566	 91.171374	 91.100938	 91.031261	 90.962343	 90.894186	  90.82679	 90.760155	 90.694283	 90.629173	 90.564826	 90.501241	 90.438419	 90.376358	 90.315058	 90.254518	 90.194738	 90.135715	  90.07745	  90.01994	 89.963184	  89.90718	 89.851926	 89.797421	 89.743661	 89.690645	  89.63837	 89.586834	 89.536034	 89.485968	 89.436631	 89.388022	 89.340137	 89.292973	 89.246526	 89.200793	 89.155771	 89.111455	 89.067843	  89.02493	 88.982713	 88.941187	 88.900348	 88.860193	 88.820717	 88.781916	 88.743786	 88.706322	  88.66952	 88.633375	 88.597884	 88.563041	 88.528842	 88.495283	 88.462359	 88.430065	 88.398396	 88.367349	 88.336918	 88.307099	 88.277887	 88.249278	 88.221266	 88.193848	 88.167018	 88.140772	 88.115105	 88.090013	 88.065491	 88.041535	  88.01814	 87.995302	 87.973017	 87.951279	 87.930085	  87.90943	  87.88931	 87.869722	  87.85066	 87.832121	 87.814101	 87.796596	 87.779601	 87.763114	  87.74713	 87.731646	 87.716659	 87.702164	 87.688158	 87.674639	 87.661602	 87.649045	 87.636964	 87.625357	  87.61422	 87.603552	 87.593348	 87.583608	 87.574327	 87.565504	 87.557137	 87.549223	  87.54176	 87.534746	  87.52818	  87.52206	 87.516383	 87.511149	 87.506357	 87.502004	  87.49809	 87.494613	 87.491573	 87.488969	   87.4868	 87.485065	 87.483765	 87.482898	 87.482464	
