Time step 99:
        99	        99	        99	        99	        99	        99	        99	        99	        99	        99	        99	        99	        99	        99	        99	        99	        99	        99	        99	        99	        99	        99	        99	        99	        99	        99	        99	        99	        99	        99	        99	        99	        99	        99	        99	        99	        99	        99	        99	        99	        99	        99	        99	        99	        99	        99	        99	        99	        99	        99	        99	        99	        99	        99	        99	        99	        99	        99	        99	        99	        99	        99	        99	        99	        99	        99	        99	        99	        99	        99	        99	        99	        99	        99	        99	        99	        99	        99	        99	        99	        99	        99	        99	        99	        99	        99	        99	        99	        99	        99	        99	        99	        99	        99	        99	        99	        99	        99	        99	        99	        99	        99	        99	        99	        99	        99	        99	        99	        99	        99	        99	        99	        99	        99	        99	        99	        99	        99	        99	        99	        99	        99	        99	        99	        99	        99	        99	        99	        99	        99	        99	        99	        99	        99	        99	        99	        99	        99	        99	        99	        99	        99	        99	        99	        99	        99	        99	        99	        99	        99	        99	        99	        99	        99	        99	        99	        99	        99	        99	        99	        99	        99	        99	        99	        99	        99	        99	        99	        99	        99	        99	        99	        99	        99	        99	        99	        99	        99	        99	        99	        99	        99	        99	        99	        99	        99	        99	        99	        99	        99	        99	        99	        99	        99	        99	        99	        99	        99	        99	        99	
        99	 98.993587	 98.987175	 98.980765	 98.974357	 98.967952	 98.961551	 98.955156	 98.948766	 98.942382	 98.936006	 98.929638	 98.923279	  98.91693	 98.910591	 98.904263	 98.897948	 98.891646	 98.885357	 98.879083	 98.872823	  98.86658	 98.860354	 98.854145	 98.847954	 98.841783	 98.835631	 98.829499	 98.823388	   98.8173	 98.811234	 98.805191	 98.799172	 98.793177	 98.787208	 98.781265	 98.775348	 98.769458	 98.763596	 98.757763	 98.751959	 98.746184	 98.740439	 98.734725	 98.729043	 98.723393	 98.717774	 98.712189	 98.706638	  98.70112	 98.695637	 98.690189	 98.684776	   98.6794	 98.674059	 98.668756	  98.66349	 98.658261	 98.653071	 98.647918	 98.642805	 98.637731	 98.632697	 98.627702	 98.622748	 98.617834	 98.612961	 98.608129	 98.603338	 98.598589	 98.593882	 98.589217	 98.584595	 98.580015	 98.575478	 98.570984	 98.566533	 98.562126	 98.557762	 98.553442	 98.549165	 98.544933	 98.540744	   98.5366	 98.532499	 98.528443	 98.524432	 98.520464	 98.516542	 98.512663	 98.508829	  98.50504	 98.501295	 98.497594	 98.493938	 98.490327	  98.48676	 98.483237	 98.479758	 98.476324	 98.472934	 98.469588	 98.466285	 98.463027	 98.459812	 98.456641	 98.453514	  98.45043	 98.447389	 98.444391	 98.441436	 98.438524	 98.435654	 98.432827	 98.430042	 98.427299	 98.424598	 98.421938	  98.41932	 98.416743	 98.414207	 98.411712	 98.409257	 98.406843	 98.404469	 98.402134	  98.39984	 98.397584	 98.395368	 98.393191	 98.391052	 98.388952	  98.38689	 98.384865	 98.382878	 98.380929	 98.379017	 98.377141	 98.375302	   98.3735	 98.371733	 98.370002	 98.368306	 98.366646	 98.365021	  98.36343	 98.361874	 98.360352	 98.358864	  98.35741	 98.355989	 98.354601	 98.353246	 98.351923	 98.350633	 98.349376	 98.348149	 98.346955	 98.345792	  98.34466	 98.343559	 98.342489	 98.341449	  98.34044	  98.33946	 98.338511	 98.337591	   98.3367	 98.335839	 98.335006	 98.334203	 98.333428	 98.332681	 98.331963	 98.331273	  98.33061	 98.329976	 98.329369	  98.32879	 98.328238	 98.327713	 98.327215	 98.326744	   98.3263	 98.325883	 98.325492	 98.325128	 98.324791	 98.324479	 98.324194	 98.323935	 98.323702	 98.323495	 98.323314	 98.323159	  98.32303	 98.322927	 98.322849	 98.322798	 98.322772	
        99	 98.987175	 98.974352	 98.961532	 98.948717	 98.935908	 98.923107	 98.910317	 98.897538	 98.884772	  98.87202	 98.859285	 98.846568	  98.83387	 98.821193	 98.808539	 98.795909	 98.783305	 98.770728	 98.758181	 98.745663	 98.733178	 98.720726	 98.708309	 98.695928	 98.683585	 98.671282	  98.65902	 98.646799	 98.634623	 98.622491	 98.610406	 98.598369	 98.586381	 98.574443	 98.562557	 98.550724	 98.538946	 98.527223	 98.515557	 98.503949	   98.4924	 98.480912	 98.469485	 98.458121	  98.44682	 98.435585	 98.424416	 98.413313	 98.402279	 98.391313	 98.380418	 98.369593	  98.35884	 98.348161	 98.337554	 98.327022	 98.316566	 98.306185	 98.295882	 98.285656	 98.275509	  98.26544	 98.255451	 98.245543	 98.235716	 98.225971	 98.216307	 98.206727	  98.19723	 98.187816	 98.178487	 98.169243	 98.160084	 98.151011	 98.142023	 98.133122	 98.124308	 98.115581	 98.106941	 98.098388	 98.089923	 98.081547	 98.073258	 98.065058	 98.056947	 98.048924	  98.04099	 98.033145	 98.025389	 98.017721	 98.010143	 98.002653	 97.995253	 97.987942	 97.980719	 97.973585	  97.96654	 97.959583	 97.952715	 97.945935	 97.939243	 97.932639	 97.926123	 97.919694	 97.913352	 97.907098	  97.90093	 97.894848	 97.888853	 97.882943	 97.877119	  97.87138	 97.865726	 97.860156	 97.854671	 97.849269	  97.84395	 97.838714	  97.83356	 97.828489	 97.823499	  97.81859	 97.813762	 97.809013	 97.804345	 97.799756	 97.795246	 97.790813	 97.786459	 97.782182	 97.777982	 97.773857	 97.769809	 97.765836	 97.761937	 97.758113	 97.754362	 97.750684	 97.747079	 97.743546	 97.740084	 97.736694	 97.733373	 97.730123	 97.726942	  97.72383	 97.720786	  97.71781	 97.714902	  97.71206	 97.709284	 97.706574	  97.70393	  97.70135	 97.698834	 97.696382	 97.693994	 97.691668	 97.689404	 97.687202	 97.685062	 97.682983	 97.680964	 97.679005	 97.677106	 97.675266	 97.673485	 97.671762	 97.670097	  97.66849	  97.66694	 97.665447	 97.664011	 97.662631	 97.661306	 97.660037	 97.658824	 97.657665	 97.656561	 97.655512	 97.654516	 97.653575	 97.652687	 97.651852	 97.651071	 97.650343	 97.649667	 97.649044	 97.648474	 97.647956	  97.64749	 97.647076	 97.646715	 97.646405	 97.646146	  97.64594	 97.645785	 97.645682	  97.64563	
        99	 98.980765	 98.961532	 98.942304	 98.923083	 98.903872	 98.884674	  98.86549	 98.846323	 98.827176	 98.808051	  98.78895	 98.769876	 98.750831	 98.731818	 98.712839	 98.693896	 98.674992	 98.656129	 98.637309	 98.618535	 98.599809	 98.581133	  98.56251	 98.543941	 98.525429	 98.506976	 98.488584	 98.470255	 98.451992	 98.433797	 98.415671	 98.397617	 98.379637	 98.361732	 98.343905	 98.326158	 98.308492	  98.29091	 98.273412	 98.256002	 98.238681	  98.22145	 98.204312	 98.187268	 98.170319	 98.153468	 98.136715	 98.120063	 98.103513	 98.087067	 98.070725	  98.05449	 98.038363	 98.022345	 98.006437	 97.990641	 97.974958	 97.959389	 97.943935	 97.928598	 97.913378	 97.898277	 97.883296	 97.868435	 97.853696	 97.839079	 97.824586	 97.810217	 97.795973	 97.781854	 97.767862	 97.753997	  97.74026	 97.726652	 97.713172	 97.699822	 97.686602	 97.673512	 97.660554	 97.647726	 97.635031	 97.622467	 97.610036	 97.597737	 97.585571	 97.573538	 97.561638	 97.549872	 97.538238	 97.526739	 97.515372	 97.504139	  97.49304	 97.482074	 97.471241	 97.460541	 97.449975	 97.439541	  97.42924	 97.419071	 97.409034	 97.399129	 97.389356	 97.379713	 97.370202	 97.360821	  97.35157	 97.342449	 97.333457	 97.324593	 97.315858	 97.307251	  97.29877	 97.290416	 97.282189	 97.274087	 97.266109	 97.258256	 97.250527	  97.24292	 97.235436	 97.228073	 97.220832	  97.21371	 97.206709	 97.199826	 97.193061	 97.186413	 97.179882	 97.173467	 97.167167	 97.160982	  97.15491	 97.148951	 97.143103	 97.137367	 97.131742	 97.126226	 97.120819	 97.115519	 97.110328	 97.105242	 97.100262	 97.095387	 97.090617	 97.085949	 97.081384	  97.07692	 97.072558	 97.068296	 97.064132	 97.060068	 97.056102	 97.052232	 97.048459	 97.044781	 97.041199	  97.03771	 97.034315	 97.031013	 97.027803	 97.024684	 97.021656	 97.018718	  97.01587	  97.01311	 97.010439	 97.007855	 97.005358	 97.002948	 97.000623	 96.998384	  96.99623	 96.994159	 96.992173	  96.99027	  96.98845	 96.986712	 96.985057	 96.983482	 96.981989	 96.980577	 96.979246	 96.977994	 96.976822	  96.97573	 96.974717	 96.973782	 96.972927	  96.97215	 96.971451	 96.970831	 96.970288	 96.969823	 96.969436	 96.969126	 96.968894	 96.968739	 96.968662	
        99	 98.974357	 98.948717	 98.923083	 98.897459	 98.871849	 98.846254	  98.82068	 98.795128	 98.769602	 98.744106	 98.718642	 98.693214	 98.667825	 98.642478	 98.617176	 98.591923	 98.566721	 98.541574	 98.516485	 98.491456	 98.466492	 98.441594	 98.416766	 98.392011	 98.367332	 98.342732	 98.318213	 98.293779	 98.269432	 98.245175	 98.221011	 98.196943	 98.172973	 98.149103	 98.125337	 98.101678	 98.078127	 98.054687	 98.031361	 98.008151	 97.985059	 97.962088	 97.939241	 97.916518	 97.893923	 97.871458	 97.849125	 97.826926	 97.804863	 97.782937	 97.761152	 97.739508	 97.718008	 97.696654	 97.675447	 97.654388	 97.633481	 97.612725	 97.592123	 97.571677	 97.551387	 97.531255	 97.511283	 97.491472	 97.471823	 97.452337	 97.433015	 97.413859	 97.394869	 97.376048	 97.357394	 97.338911	 97.320597	 97.302455	 97.284485	 97.266687	 97.249063	 97.231613	 97.214337	 97.197237	 97.180312	 97.163563	  97.14699	 97.130594	 97.114376	 97.098334	  97.08247	 97.066784	 97.051275	 97.035944	 97.020791	 97.005816	 96.991019	   96.9764	 96.961958	 96.947694	 96.933608	 96.919698	 96.905965	 96.892408	 96.879028	 96.865823	 96.852794	  96.83994	  96.82726	 96.814754	 96.802421	 96.790261	 96.778273	 96.766457	 96.754812	 96.743337	 96.732032	 96.720895	 96.709926	 96.699125	  96.68849	 96.678021	 96.667716	 96.657576	 96.647598	 96.637783	 96.628129	 96.618635	 96.609301	 96.600125	 96.591107	 96.582245	 96.573538	 96.564986	 96.556587	 96.548341	 96.540246	 96.532302	 96.524507	  96.51686	  96.50936	 96.502007	 96.494798	 96.487734	 96.480812	 96.474033	 96.467394	 96.460895	 96.454535	 96.448312	 96.442226	 96.436276	  96.43046	 96.424778	 96.419228	 96.413809	 96.408522	 96.403363	 96.398333	  96.39343	 96.388654	 96.384004	 96.379478	 96.375075	 96.370796	 96.366638	 96.362601	 96.358685	 96.354887	 96.351208	 96.347647	 96.344202	 96.340874	  96.33766	 96.334561	 96.331576	 96.328704	 96.325944	 96.323296	 96.320759	 96.318333	 96.316016	 96.313809	  96.31171	  96.30972	 96.307837	 96.306062	 96.304394	 96.302831	 96.301375	 96.300024	 96.298779	 96.297639	 96.296603	 96.295671	 96.294844	  96.29412	 96.293501	 96.292984	 96.292572	 96.292262	 96.292056	 96.291953	
        99	 98.967952	 98.935908	 98.903872	 98.871849	 98.839841	 98.807855	 98.775892	 98.743959	 98.712058	 98.680193	  98.64837	 98.616591	  98.58486	 98.553183	 98.521561	 98.490001	 98.458505	 98.427077	 98.395722	 98.364442	 98.333242	 98.302126	 98.271098	  98.24016	 98.209317	 98.178572	  98.14793	 98.117393	 98.086965	  98.05665	  98.02645	 97.996371	 97.966414	 97.936583	 97.906881	 97.877312	 97.847879	 97.818585	 97.789433	 97.760426	 97.731567	 97.702859	 97.674305	 97.645907	 97.617669	 97.589593	 97.561682	 97.533938	 97.506364	 97.478963	 97.451736	 97.424687	 97.397817	  97.37113	 97.344626	 97.318308	 97.292178	 97.266239	 97.240491	 97.214938	 97.189581	 97.164421	  97.13946	 97.114701	 97.090144	 97.065791	 97.041644	 97.017703	 96.993971	 96.970448	 96.947136	 96.924036	 96.901149	 96.878475	 96.856017	 96.833774	 96.811748	  96.78994	 96.768349	 96.746978	 96.725826	 96.704893	 96.684181	 96.663691	 96.643421	 96.623373	 96.603546	 96.583942	  96.56456	   96.5454	 96.526463	 96.507748	 96.489255	 96.470985	 96.452936	 96.435109	 96.417504	  96.40012	 96.382957	 96.366015	 96.349293	  96.33279	 96.316507	 96.300442	 96.284595	 96.268965	 96.253552	 96.238355	 96.223374	 96.208606	 96.194053	 96.179712	 96.165582	 96.151664	 96.137956	 96.124457	 96.111166	 96.098082	 96.085204	 96.072531	 96.060061	 96.047794	 96.035729	 96.023864	 96.012199	 96.000731	  95.98946	 95.978385	 95.967503	 95.956815	 95.946319	 95.936013	 95.925897	 95.915968	 95.906226	 95.896669	 95.887296	 95.878106	 95.869097	 95.860269	 95.851618	 95.843146	 95.834849	 95.826727	 95.818778	 95.811001	 95.803395	 95.795959	  95.78869	 95.781589	 95.774653	 95.767881	 95.761272	 95.754825	 95.748539	 95.742412	 95.736443	 95.730631	 95.724975	 95.719473	 95.714124	 95.708928	 95.703883	 95.698988	 95.694243	 95.689645	 95.685194	 95.680889	 95.676729	 95.672713	  95.66884	 95.665109	  95.66152	 95.658071	 95.654761	 95.651591	 95.648558	 95.645663	 95.642904	 95.640282	 95.637794	 95.635441	 95.633223	 95.631137	 95.629185	 95.627365	 95.625677	  95.62412	 95.622695	 95.621401	 95.620236	 95.619202	 95.618298	 95.617524	 95.616879	 95.616363	 95.615976	 95.615718	 95.615589	
        99	 98.961551	 98.923107	 98.884674	 98.846254	 98.807855	  98.76948	 98.731134	 98.692822	  98.65455	 98.616322	 98.578142	 98.540016	 98.501949	 98.463945	 98.426008	 98.388144	 98.350358	 98.312653	 98.275036	 98.237509	 98.200078	 98.162748	 98.125522	 98.088405	 98.051402	 98.014518	 97.977755	 97.941119	 97.904615	 97.868245	 97.832014	 97.795927	 97.759987	 97.724198	 97.688565	  97.65309	 97.617779	 97.582634	  97.54766	 97.512859	 97.478237	 97.443795	 97.409538	 97.375469	 97.341591	 97.307908	 97.274422	 97.241138	 97.208057	 97.175183	 97.142519	 97.110067	 97.077831	 97.045813	 97.014016	 96.982442	 96.951093	 96.919973	 96.889084	 96.858427	 96.828005	 96.797821	 96.767875	 96.738171	 96.708709	 96.679493	 96.650523	 96.621801	 96.593329	 96.565108	  96.53714	 96.509426	 96.481968	 96.454766	 96.427822	 96.401138	 96.374713	 96.348548	 96.322646	 96.297006	 96.271629	 96.246517	 96.221668	 96.197085	 96.172767	 96.148715	 96.124929	 96.101409	 96.078156	  96.05517	  96.03245	 96.009998	 95.987811	 95.965892	 95.944239	 95.922852	  95.90173	 95.880875	 95.860284	 95.839958	 95.819896	 95.800097	 95.780562	 95.761288	 95.742276	 95.723525	 95.705034	 95.686802	 95.668828	 95.651111	 95.633651	 95.616446	 95.599495	 95.582797	 95.566351	 95.550156	  95.53421	 95.518513	 95.503063	 95.487859	 95.472899	 95.458182	 95.443707	 95.429473	 95.415477	 95.401719	 95.388197	  95.37491	 95.361856	 95.349033	 95.336441	 95.324077	 95.311939	 95.300028	  95.28834	 95.276875	  95.26563	 95.254604	 95.243796	 95.233204	 95.222826	 95.212661	 95.202707	 95.192963	 95.183427	 95.174097	 95.164972	  95.15605	  95.14733	  95.13881	 95.130489	 95.122365	 95.114436	 95.106702	  95.09916	 95.091809	 95.084648	 95.077675	 95.070889	 95.064289	 95.057872	 95.051638	 95.045586	 95.039713	  95.03402	 95.028503	 95.023164	 95.017999	 95.013008	  95.00819	 95.003543	 94.999068	 94.994761	 94.990623	 94.986653	 94.982849	 94.979211	 94.975738	 94.972428	 94.969282	 94.966297	 94.963475	 94.960813	 94.958311	 94.955969	 94.953785	  94.95176	 94.949893	 94.948183	  94.94663	 94.945233	 94.943992	 94.942908	 94.941978	 94.941204	 94.940586	 94.940121	 94.939812	 94.939658	
        99	 98.955156	 98.910317	  98.86549	  98.82068	 98.775892	 98.731134	  98.68641	 98.641725	 98.597087	 98.552499	 98.507969	 98.463501	 98.419101	 98.374775	 98.330528	 98.286366	 98.242294	 98.198317	 98.154442	 98.110673	 98.067016	 98.023476	 97.980058	 97.936767	 97.893609	 97.850589	 97.807711	 97.764981	 97.722404	 97.679984	 97.637727	 97.595636	 97.553718	 97.511976	 97.470415	  97.42904	 97.387854	 97.346864	 97.306072	 97.265482	   97.2251	  97.18493	 97.144974	 97.105238	 97.065725	 97.026438	 96.987383	 96.948561	 96.909978	 96.871635	 96.833538	 96.795688	  96.75809	 96.720746	 96.683659	 96.646833	  96.61027	 96.573973	 96.537946	 96.502189	 96.466707	 96.431501	 96.396574	 96.361929	 96.327567	  96.29349	 96.259701	 96.226201	 96.192993	 96.160078	 96.127458	 96.095134	 96.063108	 96.031382	 95.999956	 95.968832	 95.938012	 95.907495	 95.877284	 95.847379	 95.817781	 95.788491	 95.759509	 95.730837	 95.702474	 95.674421	 95.646678	 95.619246	 95.592125	 95.565315	 95.538816	 95.512628	 95.486752	 95.461186	 95.435931	 95.410986	 95.386352	 95.362027	 95.338011	 95.314304	 95.290904	 95.267813	 95.245027	 95.222548	 95.200374	 95.178503	 95.156936	 95.135671	 95.114708	 95.094044	 95.073679	 95.053612	 95.033841	 95.014366	 94.995184	 94.976295	 94.957697	 94.939389	 94.921369	 94.903635	 94.886187	 94.869022	 94.852139	 94.835537	 94.819213	 94.803167	 94.787396	 94.771898	 94.756672	 94.741717	 94.727029	 94.712609	 94.698453	  94.68456	 94.670928	 94.657555	  94.64444	  94.63158	 94.618974	  94.60662	 94.594516	  94.58266	  94.57105	 94.559685	 94.548563	 94.537681	 94.527038	 94.516632	 94.506462	 94.496525	 94.486819	 94.477344	 94.468096	 94.459075	 94.450279	 94.441705	 94.433353	  94.42522	 94.417305	 94.409606	 94.402123	 94.394852	 94.387792	 94.380943	 94.374302	 94.367869	  94.36164	 94.355617	 94.349796	 94.344176	 94.338757	 94.333536	 94.328514	 94.323688	 94.319057	  94.31462	 94.310377	 94.306326	 94.302466	 94.298796	 94.295315	 94.292023	 94.288918	    94.286	 94.283268	 94.280721	 94.278359	 94.276182	 94.274187	 94.272376	 94.270747	   94.2693	 94.268035	 94.266951	 94.266048	 94.265326	 94.264785	 94.264424	 94.264244	
        99	 98.948766	 98.897538	 98.846323	 98.795128	 98.743959	 98.692822	 98.641725	 98.590674	 98.539674	 98.488734	 98.437858	 98.387054	 98.336327	 98.285685	 98.235133	 98.184678	 98.134326	 98.084084	 98.033956	 97.983951	 97.934073	 97.884328	 97.834723	 97.785264	 97.735956	 97.686806	 97.637819	    97.589	 97.540356	 97.491891	 97.443613	 97.395525	 97.347633	 97.299944	 97.252461	  97.20519	 97.158136	 97.111304	 97.064699	 97.018327	  96.97219	 96.926296	 96.880647	 96.835248	 96.790105	 96.745221	   96.7006	 96.656247	 96.612165	 96.568359	 96.524833	  96.48159	 96.438634	 96.395969	 96.353598	 96.311524	 96.269751	 96.228283	 96.187121	  96.14627	 96.105732	 96.065509	 96.025606	 95.986023	 95.946765	 95.907833	 95.869229	 95.830956	 95.793016	  95.75541	 95.718142	 95.681212	 95.644623	 95.608376	 95.572472	 95.536913	 95.501701	 95.466836	  95.43232	 95.398154	 95.364339	 95.330875	 95.297763	 95.265005	 95.232601	  95.20055	 95.168854	 95.137514	 95.106528	 95.075898	 95.045623	 95.015704	  94.98614	 94.956931	 94.928078	 94.899578	 94.871434	 94.843642	 94.816205	 94.789119	 94.762386	 94.736004	 94.709972	 94.684289	 94.658955	 94.633968	 94.609328	 94.585033	 94.561082	 94.537474	 94.514207	 94.491281	 94.468693	 94.446442	 94.424528	 94.402947	 94.381699	 94.360782	 94.340194	 94.319934	 94.299999	 94.280388	   94.2611	 94.242132	 94.223482	 94.205149	 94.187131	 94.169425	  94.15203	 94.134943	 94.118163	 94.101687	 94.085514	 94.069641	 94.054067	 94.038789	 94.023805	 94.009113	  93.99471	 93.980596	 93.966767	 93.953222	 93.939958	 93.926973	 93.914266	 93.901834	 93.889674	 93.877786	 93.866166	 93.854813	 93.843724	 93.832899	 93.822333	 93.812027	 93.801977	 93.792182	 93.782639	 93.773348	 93.764305	  93.75551	 93.746959	 93.738652	 93.730587	 93.722762	 93.715175	 93.707824	 93.700709	 93.693826	 93.687176	 93.680756	 93.674564	   93.6686	 93.662862	 93.657348	 93.652057	 93.646989	 93.642141	 93.637512	 93.633102	 93.628909	 93.624932	 93.621171	 93.617624	  93.61429	 93.611169	 93.608259	 93.605561	 93.603073	 93.600794	 93.598724	 93.596863	  93.59521	 93.593765	 93.592526	 93.591495	  93.59067	 93.590052	  93.58964	 93.589434	
        99	 98.942382	 98.884772	 98.827176	 98.769602	 98.712058	  98.65455	 98.597087	 98.539674	 98.482321	 98.425033	 98.367819	 98.310685	 98.253638	 98.196686	 98.139836	 98.083095	 98.026469	 97.969967	 97.913594	 97.857358	 97.801265	 97.745323	 97.689538	 97.633916	 97.578465	 97.523191	   97.4681	 97.413199	 97.358494	 97.303991	 97.249697	 97.195618	 97.141759	 97.088128	 97.034729	 96.981568	 96.928652	 96.875985	 96.823574	 96.771423	 96.719539	 96.667926	 96.616589	 96.565535	 96.514767	  96.46429	  96.41411	  96.36423	 96.314657	 96.265393	 96.216443	 96.167813	 96.119505	 96.071524	 96.023873	 95.976558	  95.92958	 95.882945	 95.836655	 95.790714	 95.745125	 95.699891	 95.655016	 95.610502	 95.566352	 95.522569	 95.479155	 95.436114	 95.393447	 95.351156	 95.309244	 95.267713	 95.226565	 95.185802	 95.145425	 95.105436	 95.065836	 95.026627	 94.987811	 94.949388	 94.911359	 94.873726	 94.836489	 94.799649	 94.763208	 94.727164	 94.691519	 94.656273	 94.621427	 94.586981	 94.552934	 94.519287	  94.48604	 94.453192	 94.420743	 94.388693	 94.357042	 94.325788	 94.294931	 94.264471	 94.234407	 94.204738	 94.175462	  94.14658	  94.11809	  94.08999	  94.06228	 94.034958	 94.008023	 93.981473	 93.955307	 93.929524	 93.904122	 93.879099	 93.854454	 93.830185	 93.806289	 93.782766	 93.759613	 93.736828	  93.71441	 93.692356	 93.670665	 93.649333	  93.62836	 93.607743	 93.587479	 93.567567	 93.548005	 93.528789	 93.509918	  93.49139	 93.473202	 93.455351	 93.437836	 93.420655	 93.403804	 93.387281	 93.371084	 93.355211	  93.33966	 93.324427	  93.30951	 93.294908	 93.280617	 93.266636	 93.252961	 93.239592	 93.226524	 93.213756	 93.201287	 93.189112	  93.17723	  93.16564	 93.154338	 93.143322	 93.132591	 93.122142	 93.111972	 93.102081	 93.092465	 93.083123	 93.074053	 93.065253	 93.056721	 93.048454	 93.040452	 93.032712	 93.025233	 93.018013	  93.01105	 93.004343	  92.99789	 92.991689	 92.985739	 92.980039	 92.974587	 92.969381	 92.964422	 92.959707	 92.955235	 92.951004	 92.947015	 92.943266	 92.939756	 92.936484	 92.933449	 92.930651	 92.928089	 92.925761	 92.923668	 92.921809	 92.920184	 92.918791	 92.917631	 92.916704	 92.916008	 92.915545	 92.915313	
        99	 98.936006	  98.87202	 98.808051	 98.744106	 98.680193	 98.616322	 98.552499	 98.488734	 98.425033	 98.361406	  98.29786	 98.234403	 98.171044	 98.107789	 98.044648	 97.981628	 97.918736	 97.855981	 97.793369	  97.73091	  97.66861	 97.606477	 97.544519	 97.482742	 97.421154	 97.359763	 97.298576	 97.237599	 97.176841	 97.116307	 97.056004	 96.995941	 96.936122	 96.876555	 96.817247	 96.758204	 96.699431	 96.640936	 96.582725	 96.524803	 96.467177	 96.409853	 96.352835	 96.296131	 96.239745	 96.183682	 96.127949	  96.07255	  96.01749	 95.962775	 95.908408	 95.854396	 95.800742	 95.747451	 95.694528	 95.641976	   95.5898	 95.538004	 95.486592	 95.435566	 95.384933	 95.334693	 95.284852	 95.235412	 95.186376	 95.137748	  95.08953	 95.041726	 94.994337	 94.947366	 94.900816	  94.85469	 94.808988	 94.763713	 94.718868	 94.674454	 94.630472	 94.586924	 94.543812	 94.501137	   94.4589	 94.417103	 94.375745	 94.334829	 94.294354	 94.254322	 94.214732	 94.175586	 94.136884	 94.098625	 94.060811	 94.023441	 93.986514	 93.950031	 93.913991	 93.878395	 93.843241	 93.808528	 93.774257	 93.740426	 93.707035	 93.674082	 93.641567	 93.609489	 93.577846	 93.546636	 93.515859	 93.485514	 93.455598	 93.426111	  93.39705	 93.368413	   93.3402	 93.312408	 93.285036	  93.25808	 93.231541	 93.205414	 93.179699	 93.154393	 93.129494	 93.104999	 93.080907	 93.057216	 93.033921	 93.011022	 92.988517	 92.966401	 92.944674	 92.923332	 92.902372	 92.881794	 92.861593	 92.841767	 92.822314	 92.803231	 92.784515	 92.766164	 92.748175	 92.730546	 92.713273	 92.696354	 92.679787	 92.663569	 92.647696	 92.632168	  92.61698	 92.602131	 92.587617	 92.573437	 92.559587	 92.546065	 92.532869	 92.519995	 92.507443	 92.495208	 92.483289	 92.471684	 92.460389	 92.449403	 92.438723	 92.428347	 92.418274	 92.408499	 92.399023	 92.389842	 92.380954	 92.372358	 92.364051	 92.356032	 92.348299	 92.340849	 92.333681	 92.326794	 92.320186	 92.313855	   92.3078	 92.302019	  92.29651	 92.291273	 92.286306	 92.281608	 92.277177	 92.273013	 92.269115	 92.265481	  92.26211	 92.259002	 92.256156	 92.253571	 92.251247	 92.249182	 92.247376	  92.24583	 92.244542	 92.243511	 92.242739	 92.242224	 92.241967	
        99	 98.929638	 98.859285	  98.78895	 98.718642	  98.64837	 98.578142	 98.507969	 98.437858	 98.367819	  98.29786	 98.227991	 98.158219	 98.088555	 98.019006	 97.949582	  97.88029	  97.81114	  97.74214	 97.673299	 97.604624	 97.536125	 97.467809	 97.399685	 97.331761	 97.264045	 97.196545	 97.129269	 97.062224	 96.995419	 96.928862	 96.862559	 96.796518	 96.730747	 96.665253	 96.600043	 96.535124	 96.470503	 96.406188	 96.342184	 96.278499	 96.215138	 96.152109	 96.089418	 96.027071	 95.965074	 95.903433	 95.842153	 95.781241	 95.720703	 95.660543	 95.600767	 95.541379	 95.482387	 95.423793	 95.365603	 95.307822	 95.250454	 95.193504	 95.136975	 95.080873	   95.0252	 94.969961	  94.91516	 94.860801	 94.806886	 94.753418	 94.700402	 94.647841	 94.595736	 94.544092	  94.49291	 94.442193	 94.391944	 94.342164	 94.292856	 94.244022	 94.195664	 94.147783	 94.100381	 94.053459	 94.007019	 93.961062	 93.915589	 93.870601	 93.826099	 93.782083	 93.738554	 93.695513	 93.652959	 93.610894	 93.569316	 93.528227	 93.487626	 93.447513	 93.407887	 93.368748	 93.330096	 93.291929	 93.254248	  93.21705	 93.180336	 93.144105	 93.108354	 93.073083	 93.038291	 93.003976	 92.970137	 92.936772	 92.903879	 92.871457	 92.839504	 92.808019	 92.776998	  92.74644	 92.716344	 92.686706	 92.657526	 92.628799	 92.600525	 92.572701	 92.545324	 92.518393	 92.491903	 92.465854	 92.440242	 92.415064	 92.390319	 92.366002	 92.342113	 92.318647	 92.295602	 92.272976	 92.250765	 92.228966	 92.207577	 92.186595	 92.166017	  92.14584	 92.126061	 92.106677	 92.087686	 92.069083	 92.050868	 92.033035	 92.015584	  91.99851	 91.981811	 91.965484	 91.949526	 91.933935	 91.918707	 91.903839	  91.88933	 91.875175	 91.861374	 91.847921	 91.834816	 91.822056	 91.809637	 91.797558	 91.785816	 91.774407	 91.763331	 91.752584	 91.742165	  91.73207	 91.722298	 91.712847	 91.703713	 91.694896	 91.686393	 91.678202	 91.670321	 91.662749	 91.655483	 91.648522	 91.641864	 91.635508	 91.629451	 91.623693	 91.618232	 91.613066	 91.608195	 91.603616	  91.59933	 91.595334	 91.591628	 91.588211	 91.585082	 91.582239	 91.579684	 91.577413	 91.575428	 91.573728	 91.572311	 91.571179	 91.570329	 91.569763	  91.56948	
        99	 98.923279	 98.846568	 98.769876	 98.693214	 98.616591	 98.540016	 98.463501	 98.387054	 98.310685	 98.234403	 98.158219	 98.082142	 98.006182	 97.930348	 97.854649	 97.779095	 97.703695	 97.628459	 97.553396	 97.478515	 97.403825	 97.329335	 97.255054	 97.180992	 97.107156	 97.033555	 96.960199	 96.887095	 96.814253	  96.74168	 96.669385	 96.597376	 96.525661	 96.454248	 96.383144	 96.312358	 96.241897	 96.171769	 96.101981	  96.03254	 95.963453	 95.894728	 95.826371	 95.758389	 95.690789	 95.623577	 95.556759	 95.490342	 95.424332	 95.358735	 95.293557	 95.228802	 95.164478	 95.100589	  95.03714	 94.974137	 94.911584	 94.849487	  94.78785	 94.726677	 94.665973	 94.605742	 94.545988	 94.486715	 94.427928	 94.369628	 94.311821	 94.254509	 94.197696	 94.141384	 94.085576	 94.030276	 93.975485	 93.921206	 93.867442	 93.814195	 93.761466	 93.709258	 93.657572	  93.60641	 93.555773	 93.505662	 93.456079	 93.407025	 93.358501	 93.310507	 93.263044	 93.216113	 93.169714	 93.123847	 93.078512	 93.033709	 92.989438	   92.9457	 92.902493	 92.859817	 92.817671	 92.776055	 92.734968	 92.694409	 92.654377	 92.614871	  92.57589	 92.537431	 92.499495	 92.462078	 92.425181	   92.3888	 92.352935	 92.317583	 92.282742	 92.248411	 92.214587	 92.181267	 92.148451	 92.116135	 92.084317	 92.052995	 92.022165	 91.991826	 91.961975	  91.93261	 91.903726	 91.875322	 91.847396	 91.819943	 91.792961	 91.766447	 91.740398	 91.714812	 91.689684	 91.665013	 91.640795	 91.617026	 91.593704	 91.570826	 91.548388	 91.526387	  91.50482	 91.483685	 91.462977	 91.442693	 91.422831	 91.403388	 91.384359	 91.365742	 91.347534	 91.329731	 91.312331	  91.29533	 91.278726	 91.262515	 91.246694	 91.231261	 91.216212	 91.201544	 91.187254	 91.173341	   91.1598	 91.146629	 91.133825	 91.121386	 91.109308	 91.097591	 91.086229	 91.075222	 91.064567	 91.054261	 91.044303	 91.034688	 91.025417	 91.016486	 91.007893	 90.999636	 90.991714	 90.984124	 90.976864	 90.969933	 90.963329	 90.957051	 90.951096	 90.945463	 90.940151	 90.935159	 90.930485	 90.926129	 90.922088	 90.918362	  90.91495	  90.91185	 90.909064	 90.906588	 90.904424	 90.902569	 90.901025	  90.89979	 90.898864	 90.898247	 90.897938	
        99	  98.91693	  98.83387	 98.750831	 98.667825	  98.58486	 98.501949	 98.419101	 98.336327	 98.253638	 98.171044	 98.088555	 98.006182	 97.923935	 97.841825	 97.759862	 97.678055	 97.596415	 97.514953	 97.433678	   97.3526	 97.271728	 97.191074	 97.110646	 97.030454	 96.950507	 96.870816	 96.791388	 96.712235	 96.633364	 96.554785	 96.476507	 96.398539	 96.320888	 96.243565	 96.166577	 96.089933	 96.013641	 95.937709	 95.862145	 95.786957	 95.712153	  95.63774	 95.563726	 95.490118	 95.416924	 95.344149	 95.271802	 95.199889	 95.128416	  95.05739	 94.986817	 94.916704	 94.847057	  94.77788	  94.70918	 94.640963	 94.573234	 94.505997	 94.439259	 94.373023	 94.307296	  94.24208	 94.177381	 94.113203	 94.049551	 93.986426	 93.923835	  93.86178	 93.800265	 93.739293	 93.678866	 93.618989	 93.559664	 93.500894	  93.44268	 93.385026	 93.327934	 93.271405	 93.215441	 93.160045	 93.105217	  93.05096	 92.997274	  92.94416	  92.89162	 92.839654	 92.788263	 92.737448	 92.687209	 92.637546	 92.588459	 92.539949	 92.492014	 92.444656	 92.397873	 92.351665	 92.306032	 92.260972	 92.216484	 92.172569	 92.129224	 92.086448	 92.044241	   92.0026	 91.961523	 91.921011	  91.88106	 91.841668	 91.802835	 91.764557	 91.726833	  91.68966	 91.653037	  91.61696	 91.581428	 91.546438	 91.511986	 91.478072	 91.444691	 91.411841	  91.37952	 91.347724	  91.31645	 91.285696	 91.255458	 91.225733	 91.196518	  91.16781	 91.139605	 91.111901	 91.084695	 91.057981	 91.031759	 91.006023	 90.980771	 90.955999	 90.931704	 90.907883	 90.884532	 90.861647	 90.839225	 90.817263	 90.795757	 90.774704	 90.754101	 90.733943	 90.714228	 90.694952	 90.676112	 90.657705	 90.639726	 90.622173	 90.605043	 90.588333	 90.572038	 90.556156	 90.540684	 90.525619	 90.510957	 90.496696	 90.482833	 90.469364	 90.456288	   90.4436	 90.431299	 90.419381	 90.407844	 90.396685	 90.385902	 90.375492	 90.365453	 90.355783	 90.346479	 90.337539	 90.328961	 90.320743	 90.312882	 90.305378	 90.298227	 90.291429	 90.284982	 90.278883	 90.273132	 90.267726	 90.262666	 90.257948	 90.253573	 90.249538	 90.245844	 90.242488	 90.239471	 90.236791	 90.234447	 90.232439	 90.230767	  90.22943	 90.228427	 90.227759	 90.227425	
        99	 98.910591	 98.821193	 98.731818	 98.642478	 98.553183	 98.463945	 98.374775	 98.285685	 98.196686	 98.107789	 98.019006	 97.930348	 97.841825	 97.753449	 97.665231	 97.577183	 97.489313	 97.401635	 97.314158	 97.226893	 97.139851	 97.053042	 96.966476	 96.880165	 96.794118	 96.708346	 96.622858	 96.537665	 96.452776	 96.368201	 96.283949	 96.200031	 96.116456	 96.033232	  95.95037	 95.867877	 95.785764	 95.704038	 95.622708	 95.541783	 95.461271	  95.38118	 95.301518	 95.222293	 95.143513	 95.065186	 94.987318	 94.909917	 94.832991	 94.756545	 94.680587	 94.605124	 94.530162	 94.455707	 94.381765	 94.308342	 94.235444	 94.163078	 94.091247	 94.019957	 93.949214	 93.879022	 93.809386	 93.740311	 93.671801	  93.60386	 93.536493	 93.469703	 93.403493	 93.337869	 93.272832	 93.208386	 93.144534	 93.081279	 93.018623	  92.95657	 92.895121	 92.834278	 92.774044	 92.714421	 92.655409	 92.597012	 92.539229	 92.482063	 92.425513	 92.369582	  92.31427	 92.259577	 92.205505	 92.152052	 92.099219	 92.047007	 91.995415	 91.944443	 91.894091	 91.844357	 91.795241	 91.746743	 91.698861	 91.651594	 91.604942	 91.558902	 91.513474	 91.468655	 91.424445	 91.380841	 91.337841	 91.295444	 91.253647	 91.212449	 91.171846	 91.131837	 91.092419	 91.053589	 91.015346	 90.977685	 90.940605	 90.904103	 90.868175	 90.832819	 90.798031	 90.763809	 90.730149	 90.697048	 90.664502	 90.632509	 90.601065	 90.570166	  90.53981	 90.509992	 90.480709	 90.451957	 90.423733	 90.396034	 90.368855	 90.342193	 90.316045	 90.290405	 90.265272	 90.240641	 90.216508	 90.192871	 90.169724	 90.147064	 90.124889	 90.103193	 90.081973	 90.061227	 90.040949	 90.021137	 90.001786	 89.982894	 89.964457	 89.946471	 89.928933	  89.91184	 89.895187	 89.878972	 89.863192	 89.847843	 89.832922	 89.818425	 89.804351	 89.790695	 89.777455	 89.764627	  89.75221	   89.7402	 89.728594	  89.71739	 89.706585	 89.696177	 89.686163	 89.676541	 89.667308	 89.658463	 89.650003	 89.641925	 89.634229	 89.626912	 89.619973	 89.613409	 89.607219	 89.601401	 89.595954	 89.590877	 89.586167	 89.581825	 89.577849	 89.574237	 89.570989	 89.568105	 89.565582	 89.563421	 89.561621	 89.560182	 89.559103	 89.558384	 89.558024	
        99	 98.904263	 98.808539	 98.712839	 98.617176	 98.521561	 98.426008	 98.330528	 98.235133	 98.139836	 98.044648	 97.949582	 97.854649	 97.759862	 97.665231	  97.57077	  97.47649	 97.382403	 97.288519	 97.194852	 97.101411	 97.008209	 96.915256	 96.822565	 96.730145	 96.638009	 96.546166	 96.454629	 96.363406	  96.27251	 96.181949	 96.091736	 96.001879	 95.912389	 95.823276	 95.734549	 95.646218	 95.558294	 95.470784	 95.383698	 95.297046	 95.210836	 95.125077	 95.039778	 94.954947	 94.870591	 94.786721	 94.703342	 94.620464	 94.538093	 94.456238	 94.374904	 94.294101	 94.213833	 94.134109	 94.054934	 93.976316	 93.898259	 93.820771	 93.743856	 93.667522	 93.591772	 93.516613	 93.442049	 93.368085	 93.294727	 93.221978	 93.149843	 93.078326	 93.007431	 92.937162	 92.867522	 92.798516	 92.730145	 92.662413	 92.595324	 92.528879	 92.463081	 92.397933	 92.333436	 92.269593	 92.206406	 92.143875	 92.082003	 92.020791	  91.96024	 91.900351	 91.841124	 91.782561	 91.724661	 91.667426	 91.610854	 91.554947	 91.499704	 91.445125	 91.391209	 91.337955	 91.285364	 91.233433	 91.182163	 91.131551	 91.081597	 91.032299	 90.983656	 90.935665	 90.888326	 90.841636	 90.795594	 90.750196	 90.705441	 90.661327	 90.617851	 90.575011	 90.532803	 90.491225	 90.450275	  90.40995	 90.370246	  90.33116	 90.292689	 90.254831	 90.217581	 90.180937	 90.144895	 90.109451	 90.074603	 90.040345	 90.006676	 89.973591	 89.941086	 89.909158	 89.877802	 89.847016	 89.816795	 89.787135	 89.758033	 89.729484	 89.701485	 89.674031	 89.647119	 89.620745	 89.594905	 89.569594	 89.544809	 89.520546	 89.496801	  89.47357	 89.450849	 89.428634	 89.406921	 89.385707	 89.364987	 89.344758	 89.325016	 89.305757	 89.286978	 89.268675	 89.250844	 89.233481	 89.216584	 89.200149	 89.184171	 89.168649	 89.153579	 89.138956	 89.124779	 89.111044	 89.097748	 89.084888	 89.072461	 89.060464	 89.048894	  89.03775	 89.027027	 89.016724	 89.006838	 88.997366	 88.988307	 88.979659	 88.971418	 88.963583	 88.956152	 88.949124	 88.942496	 88.936266	 88.930434	 88.924997	 88.919955	 88.915305	 88.911047	  88.90718	 88.903702	 88.900613	 88.897912	 88.895599	 88.893671	  88.89213	 88.890975	 88.890204	 88.889819	
        99	 98.897948	 98.795909	 98.693896	 98.591923	 98.490001	 98.388144	 98.286366	 98.184678	 98.083095	 97.981628	  97.88029	 97.779095	 97.678055	 97.577183	  97.47649	 97.375991	 97.275697	  97.17562	 97.075774	 96.976169	 96.876819	 96.777735	 96.678929	 96.580413	 96.482199	 96.384298	 96.286721	 96.189481	 96.092589	 95.996055	  95.89989	 95.804106	 95.708712	 95.613721	 95.519141	 95.424984	 95.331259	 95.237977	 95.145147	 95.052778	 94.960881	 94.869465	 94.778539	 94.688112	 94.598192	 94.508789	  94.41991	 94.331565	  94.24376	 94.156505	 94.069807	 93.983673	  93.89811	 93.813127	 93.728729	 93.644925	 93.561719	 93.479119	 93.397131	 93.315761	 93.235014	 93.154897	 93.075415	 92.996572	 92.918374	 92.840827	 92.763933	 92.687699	 92.612127	 92.537223	 92.462989	  92.38943	 92.316549	  92.24435	 92.172835	 92.102007	 92.031868	 91.962423	 91.893671	 91.825617	 91.758261	 91.691606	 91.625653	 91.560403	 91.495857	 91.432017	 91.368884	 91.306457	 91.244738	 91.183727	 91.123424	 91.063829	 91.004942	 90.946762	 90.889289	 90.832523	 90.776462	 90.721106	 90.666453	 90.612503	 90.559254	 90.506704	 90.454852	 90.403696	 90.353234	 90.303464	 90.254384	 90.205992	 90.158285	 90.111261	 90.064917	  90.01925	 89.974258	 89.929938	 89.886287	 89.843301	 89.800978	 89.759314	 89.718306	  89.67795	 89.638243	 89.599181	 89.560762	  89.52298	 89.485832	 89.449315	 89.413425	 89.378157	 89.343508	 89.309474	  89.27605	 89.243233	 89.211018	 89.179402	  89.14838	 89.117948	 89.088102	 89.058837	  89.03015	 89.002036	 88.974491	 88.947511	 88.921091	 88.895227	 88.869916	 88.845152	 88.820932	 88.797252	 88.774107	 88.751493	 88.729406	 88.707843	 88.686799	  88.66627	 88.646252	 88.626741	 88.607734	 88.589226	 88.571214	 88.553695	 88.536663	 88.520117	 88.504052	 88.488466	 88.473353	 88.458712	 88.444539	  88.43083	 88.417584	 88.404795	 88.392463	 88.380583	 88.369153	  88.35817	 88.347632	 88.337536	 88.327879	  88.31866	 88.309875	 88.301524	 88.293603	 88.286111	 88.279045	 88.272405	 88.266188	 88.260392	 88.255017	 88.250061	 88.245522	   88.2414	 88.237693	   88.2344	 88.231521	 88.229055	    88.227	 88.225357	 88.224126	 88.223305	 88.222894	
        99	 98.891646	 98.783305	 98.674992	 98.566721	 98.458505	 98.350358	 98.242294	 98.134326	 98.026469	 97.918736	  97.81114	 97.703695	 97.596415	 97.489313	 97.382403	 97.275697	 97.169209	 97.062952	 96.956939	 96.851183	 96.745697	 96.640494	 96.535586	 96.430986	 96.326706	 96.222759	 96.119157	 96.015912	 95.913035	  95.81054	 95.708436	 95.606736	 95.505452	 95.404594	 95.304173	 95.204201	 95.104688	 95.005645	 94.907082	 94.809009	 94.711437	 94.614375	 94.517834	 94.421822	 94.326349	 94.231424	 94.137057	 94.043255	 93.950029	 93.857385	 93.765332	 93.673879	 93.583032	 93.492801	 93.403191	  93.31421	 93.225866	 93.138165	 93.051114	 92.964719	 92.878985	  92.79392	 92.709529	 92.625818	 92.542791	 92.460454	 92.378812	 92.297869	  92.21763	   92.1381	 92.059282	  91.98118	 91.903799	  91.82714	 91.751208	 91.676006	 91.601537	 91.527802	 91.454805	 91.382548	 91.311032	  91.24026	 91.170234	 91.100954	 91.032423	  90.96464	 90.897608	 90.831326	 90.765795	 90.701016	 90.636989	 90.573714	  90.51119	 90.449417	 90.388395	 90.328123	   90.2686	 90.209825	 90.151797	 90.094515	 90.037978	 89.982182	 89.927128	 89.872813	 89.819234	 89.766391	  89.71428	 89.662899	 89.612246	 89.562318	 89.513112	 89.464625	 89.416854	 89.369797	  89.32345	  89.27781	 89.232873	 89.188635	 89.145095	 89.102247	 89.060088	 89.018614	 88.977821	 88.937706	 88.898265	 88.859492	 88.821385	  88.78394	 88.747151	 88.711014	 88.675527	 88.640683	 88.606479	  88.57291	 88.539972	 88.507661	 88.475971	 88.444899	 88.414441	  88.38459	 88.355344	 88.326698	 88.298646	 88.271185	 88.244311	 88.218018	 88.192302	 88.167159	 88.142585	 88.118574	 88.095124	 88.072229	 88.049885	 88.028088	 88.006834	 87.986118	 87.965937	 87.946286	 87.927162	 87.908561	 87.890478	  87.87291	 87.855853	 87.839303	 87.823258	 87.807712	 87.792664	 87.778109	 87.764044	 87.750466	 87.737371	 87.724758	 87.712622	 87.700961	 87.689772	 87.679052	 87.668799	 87.659011	 87.649684	 87.640816	 87.632406	 87.624451	  87.61695	 87.609899	 87.603298	 87.597145	 87.591438	 87.586175	 87.581356	  87.57698	 87.573044	 87.569548	 87.566491	 87.563872	 87.561691	 87.559946	 87.558638	 87.557767	 87.557331	
