Time step 37:
        99	        99	        99	        99	        99	        99	        99	        99	        99	        99	        99	        99	        99	        99	        99	        99	        99	        99	        99	        99	        99	        99	        99	        99	        99	        99	        99	        99	        99	        99	        99	        99	        99	        99	        99	        99	        99	        99	        99	        99	        99	        99	        99	        99	        99	        99	        99	        99	        99	        99	        99	        99	        99	        99	        99	        99	        99	        99	        99	        99	        99	        99	        99	        99	        99	        99	        99	        99	        99	        99	        99	        99	        99	        99	        99	        99	        99	        99	        99	        99	        99	        99	        99	        99	        99	        99	        99	        99	        99	        99	        99	        99	        99	        99	        99	        99	        99	        99	        99	        99	        99	        99	        99	        99	        99	        99	        99	        99	        99	        99	        99	        99	        99	        99	        99	        99	        99	        99	        99	        99	        99	        99	        99	        99	        99	        99	        99	        99	        99	        99	        99	        99	        99	        99	        99	        99	        99	        99	        99	        99	        99	        99	        99	        99	        99	        99	        99	        99	        99	        99	        99	        99	        99	        99	        99	        99	        99	        99	        99	        99	        99	        99	        99	        99	        99	        99	        99	        99	        99	        99	        99	        99	        99	        99	        99	        99	        99	        99	        99	        99	        99	        99	        99	        99	        99	        99	        99	        99	        99	        99	        99	        99	        99	        99	        99	        99	        99	        99	        99	        99	
        99	 98.982839	 98.965685	 98.948542	 98.931416	 98.914314	 98.897241	 98.880203	 98.863206	 98.846255	 98.829356	 98.812514	 98.795736	 98.779026	  98.76239	 98.745834	 98.729361	 98.712979	 98.696692	 98.680504	 98.664421	 98.648447	 98.632587	 98.616846	 98.601228	 98.585737	 98.570378	 98.555155	 98.540071	 98.525131	 98.510338	 98.495695	 98.481207	 98.466876	 98.452706	 98.438699	 98.424858	 98.411186	 98.397686	  98.38436	 98.371209	 98.358238	 98.345446	 98.332837	 98.320411	  98.30817	 98.296116	  98.28425	 98.272572	 98.261084	 98.249787	 98.238681	 98.227766	 98.217043	 98.206513	 98.196175	 98.186029	 98.176075	 98.166313	 98.156742	 98.147362	 98.138172	 98.129171	 98.120359	 98.111734	 98.103296	 98.095042	 98.086973	 98.079086	 98.071379	 98.063852	 98.056503	  98.04933	 98.042331	 98.035504	 98.028847	 98.022358	 98.016036	 98.009877	  98.00388	 97.998043	 97.992363	 97.986838	 97.981465	 97.976242	 97.971167	 97.966237	 97.961449	 97.956802	 97.952292	 97.947917	 97.943674	 97.939561	 97.935575	 97.931713	 97.927974	 97.924354	  97.92085	  97.91746	 97.914182	 97.911013	  97.90795	 97.904991	 97.902133	 97.899374	 97.896711	 97.894141	 97.891663	 97.889274	 97.886971	 97.884753	 97.882616	 97.880558	 97.878578	 97.876672	 97.874839	 97.873077	 97.871383	 97.869755	 97.868192	 97.866691	  97.86525	 97.863867	 97.862541	 97.861269	  97.86005	 97.858882	 97.857763	 97.856691	 97.855665	 97.854684	 97.853745	 97.852847	 97.851988	 97.851168	 97.850384	 97.849636	 97.848921	  97.84824	 97.847589	 97.846969	 97.846378	 97.845814	 97.845277	 97.844766	 97.844279	 97.843816	 97.843375	 97.842956	 97.842558	 97.842179	  97.84182	 97.841478	 97.841154	 97.840847	 97.840555	 97.840278	 97.840016	 97.839767	 97.839532	 97.839309	 97.839098	 97.838899	 97.838711	 97.838532	 97.838364	 97.838205	 97.838055	 97.837914	 97.837781	 97.837655	 97.837537	 97.837426	 97.837322	 97.837223	 97.837131	 97.837045	 97.836964	 97.836889	 97.836818	 97.836753	 97.836691	 97.836634	 97.836582	 97.836533	 97.836488	 97.836447	 97.836409	 97.836375	 97.836344	 97.836316	 97.836291	 97.836269	  97.83625	 97.836234	 97.836221	  97.83621	 97.836202	 97.836197	 97.836194	
        99	 98.965685	 98.931381	 98.897101	 98.862856	 98.828657	 98.794517	 98.760447	 98.726458	 98.692562	 98.658769	 98.625092	 98.591541	 98.558127	 98.524861	 98.491754	 98.458815	 98.426056	 98.393487	 98.361117	 98.328956	 98.297014	   98.2653	 98.233823	 98.202592	 98.171616	 98.140903	 98.110462	   98.0803	 98.050424	 98.020843	 97.991563	 97.962591	 97.933934	 97.905598	 97.877589	 97.849912	 97.822573	 97.795577	 97.768929	 97.742633	 97.716694	 97.691116	 97.665901	 97.641053	 97.616576	 97.592472	 97.568743	 97.545392	  97.52242	 97.499829	 97.477621	 97.455795	 97.434354	 97.413296	 97.392624	 97.372335	 97.352431	  97.33291	 97.313771	 97.295014	 97.276638	 97.258639	 97.241018	 97.223771	 97.206897	 97.190393	 97.174257	 97.158485	 97.143076	 97.128024	 97.113328	 97.098984	 97.084988	 97.071336	 97.058025	  97.04505	 97.032407	 97.020092	 97.008101	 96.996428	  96.98507	 96.974021	 96.963277	 96.952834	 96.942685	 96.932827	 96.923253	  96.91396	 96.904941	 96.896192	 96.887708	 96.879484	 96.871513	 96.863791	 96.856313	 96.849074	 96.842068	  96.83529	 96.828735	 96.822398	 96.816273	 96.810356	 96.804641	 96.799123	 96.793798	  96.78866	 96.783705	 96.778927	 96.774322	 96.769886	 96.765612	 96.761498	 96.757538	 96.753727	 96.750062	 96.746538	 96.743151	 96.739896	  96.73677	 96.733768	 96.730887	 96.728122	  96.72547	 96.722927	 96.720489	 96.718153	 96.715915	 96.713772	 96.711721	 96.709758	  96.70788	 96.706085	 96.704368	 96.702728	 96.701161	 96.699664	 96.698235	 96.696872	 96.695572	 96.694331	 96.693149	 96.692022	 96.690948	 96.689926	 96.688953	 96.688027	 96.687146	 96.686308	 96.685511	 96.684754	 96.684035	 96.683352	 96.682704	 96.682089	 96.681505	 96.680952	 96.680427	 96.679931	  96.67946	 96.679015	 96.678593	 96.678194	 96.677817	 96.677461	 96.677125	 96.676807	 96.676507	 96.676225	 96.675958	 96.675707	 96.675471	 96.675249	  96.67504	 96.674844	  96.67466	 96.674487	 96.674326	 96.674175	 96.674034	 96.673902	  96.67378	 96.673666	  96.67356	 96.673463	 96.673373	 96.673291	 96.673215	 96.673147	 96.673085	 96.673029	 96.672979	 96.672935	 96.672897	 96.672865	 96.672839	 96.672817	 96.672801	 96.672791	 96.672786	
        99	 98.948542	 98.897101	 98.845695	 98.794342	 98.743059	 98.691864	 98.640773	 98.589804	 98.538974	   98.4883	 98.437798	 98.387486	 98.337379	 98.287494	 98.237847	 98.188454	 98.139329	 98.090489	 98.041947	  97.99372	  97.94582	 97.898263	 97.851061	 97.804228	 97.757778	 97.711721	 97.666072	 97.620842	 97.576041	 97.531682	 97.487775	 97.444329	 97.401356	 97.358863	 97.316861	 97.275358	 97.234361	 97.193879	 97.153919	 97.114486	 97.075589	 97.037231	  96.99942	 96.962159	 96.925454	 96.889308	 96.853725	 96.818708	 96.784261	 96.750384	  96.71708	 96.684351	 96.652198	 96.620621	 96.589621	 96.559197	 96.529349	 96.500076	 96.471376	 96.443249	 96.415691	 96.388702	 96.362277	 96.336414	 96.311111	 96.286362	 96.262164	 96.238513	 96.215405	 96.192835	 96.170797	 96.149287	 96.128299	 96.107827	 96.087865	 96.068409	  96.04945	 96.030982	    96.013	 95.995496	 95.978464	 95.961896	 95.945785	 95.930123	 95.914905	 95.900121	 95.885765	 95.871829	 95.858305	 95.845186	 95.832463	  95.82013	 95.808177	 95.796598	 95.785384	 95.774528	 95.764022	 95.753858	 95.744028	 95.734525	  95.72534	 95.716467	 95.707897	 95.699623	 95.691638	 95.683933	 95.676502	 95.669338	 95.662433	 95.655779	 95.649371	 95.643201	 95.637263	 95.631549	 95.626053	 95.620768	 95.615689	 95.610808	  95.60612	 95.601619	 95.597298	 95.593152	 95.589174	 95.585361	 95.581705	 95.578202	 95.574846	 95.571633	 95.568557	 95.565613	 95.562798	 95.560105	 95.557531	 95.555071	 95.552721	 95.550477	 95.548335	  95.54629	  95.54434	  95.54248	 95.540707	 95.539017	 95.537407	 95.535874	 95.534415	 95.533026	 95.531705	 95.530448	 95.529253	 95.528118	  95.52704	 95.526016	 95.525044	 95.524121	 95.523246	 95.522417	  95.52163	 95.520885	  95.52018	 95.519512	  95.51888	 95.518282	 95.517716	 95.517182	 95.516678	 95.516201	 95.515752	 95.515328	 95.514928	 95.514552	 95.514198	 95.513864	 95.513551	 95.513257	 95.512981	 95.512722	  95.51248	 95.512254	 95.512042	 95.511845	 95.511661	 95.511491	 95.511333	 95.511187	 95.511052	 95.510928	 95.510815	 95.510712	 95.510619	 95.510535	 95.510461	 95.510395	 95.510338	  95.51029	  95.51025	 95.510218	 95.510194	 95.510179	 95.510171	
        99	 98.931416	 98.862856	 98.794342	 98.725899	 98.657548	 98.589315	 98.521221	 98.453289	 98.385543	 98.318004	 98.250696	 98.183639	 98.116857	  98.05037	 97.984201	 97.918369	 97.852895	 97.787801	 97.723105	 97.658827	 97.594986	 97.531602	 97.468691	 97.406272	 97.344362	 97.282979	 97.222137	 97.161854	 97.102144	 97.043022	 96.984502	 96.926598	 96.869322	 96.812689	 96.756708	 96.701392	 96.646752	 96.592797	 96.539537	 96.486982	 96.435139	 96.384016	 96.333621	  96.28396	 96.235039	 96.186864	 96.139439	 96.092768	 96.046856	 96.001705	 95.957318	 95.913697	 95.870843	 95.828757	  95.78744	 95.746891	 95.707109	 95.668094	 95.629843	 95.592355	 95.555626	 95.519654	 95.484435	 95.449966	 95.416241	 95.383255	 95.351005	 95.319483	 95.288684	 95.258602	  95.22923	 95.200561	 95.172588	 95.145303	 95.118699	 95.092766	 95.067498	 95.042885	 95.018918	 94.995589	 94.972888	 94.950806	 94.929333	  94.90846	 94.888176	 94.868473	 94.849339	 94.830765	  94.81274	 94.795255	 94.778298	  94.76186	 94.745929	 94.730497	 94.715551	 94.701082	  94.68708	 94.673533	 94.660432	 94.647765	 94.635524	 94.623698	 94.612276	 94.601248	 94.590605	 94.580336	 94.570433	 94.560884	 94.551681	 94.542813	 94.534273	 94.526049	 94.518134	 94.510519	 94.503194	  94.49615	 94.489381	 94.482876	 94.476627	 94.470628	 94.464869	 94.459343	 94.454042	 94.448959	 94.444087	 94.439418	 94.434945	 94.430663	 94.426563	  94.42264	 94.418887	 94.415298	 94.411867	 94.408589	 94.405457	 94.402466	 94.399611	 94.396886	 94.394286	 94.391807	 94.389444	 94.387192	 94.385047	 94.383003	 94.381058	 94.379207	 94.377446	 94.375771	 94.374179	 94.372666	 94.371229	 94.369864	 94.368568	 94.367339	 94.366173	 94.365067	 94.364019	 94.363026	 94.362085	 94.361195	 94.360353	 94.359556	 94.358802	  94.35809	 94.357418	 94.356783	 94.356184	 94.355619	 94.355086	 94.354585	 94.354112	 94.353668	 94.353251	 94.352859	 94.352491	 94.352146	 94.351823	 94.351522	  94.35124	 94.350977	 94.350732	 94.350505	 94.350294	   94.3501	  94.34992	 94.349755	 94.349604	 94.349467	 94.349343	 94.349232	 94.349132	 94.349045	 94.348969	 94.348905	 94.348851	 94.348809	 94.348777	 94.348756	 94.348746	
        99	 98.914314	 98.828657	 98.743059	 98.657548	 98.572154	 98.486906	 98.401832	 98.316961	 98.232321	 98.147941	 98.063849	 97.980071	 97.896636	  97.81357	   97.7309	 97.648652	 97.566852	 97.485526	 97.404697	 97.324391	 97.244631	  97.16544	 97.086842	 97.008859	 96.931511	 96.854821	 96.778808	 96.703492	 96.628893	 96.555028	 96.481915	 96.409572	 96.338015	 96.267259	 96.197319	 96.128209	 96.059944	 95.992535	 95.925994	 95.860334	 95.795563	 95.731692	 95.668731	 95.606686	 95.545566	 95.485378	 95.426127	 95.367819	 95.310458	 95.254048	 95.198592	 95.144094	 95.090554	 95.037973	 94.986353	 94.935692	 94.885991	 94.837246	 94.789458	 94.742621	 94.696734	 94.651792	 94.607791	 94.564726	 94.522591	 94.481381	 94.441088	 94.401706	 94.363227	 94.325644	 94.288948	  94.25313	 94.218182	 94.184093	 94.150854	 94.118455	 94.086886	 94.056135	 94.026192	 93.997046	 93.968684	 93.941095	 93.914268	  93.88819	 93.862848	 93.838232	 93.814327	 93.791121	 93.768601	 93.746756	 93.725571	 93.705033	 93.685131	  93.66585	 93.647177	   93.6291	 93.611606	 93.594681	 93.578313	 93.562489	 93.547195	 93.532419	 93.518149	 93.504372	 93.491075	 93.478245	 93.465872	 93.453942	 93.442444	 93.431365	 93.420695	 93.410421	 93.400532	 93.391018	 93.381866	 93.373067	 93.364609	 93.356482	 93.348675	 93.341179	 93.333984	  93.32708	 93.320458	 93.314108	  93.30802	 93.302187	 93.296599	 93.291249	 93.286127	 93.281225	 93.276537	 93.272053	 93.267767	 93.263671	 93.259758	 93.256021	 93.252454	 93.249049	 93.245802	 93.242705	 93.239752	 93.236938	 93.234258	 93.231705	 93.229275	 93.226962	 93.224762	  93.22267	  93.22068	  93.21879	 93.216995	 93.215289	 93.213671	 93.212135	 93.210678	 93.209296	 93.207987	 93.206746	 93.205571	 93.204459	 93.203406	 93.202411	 93.201469	  93.20058	  93.19974	 93.198946	 93.198198	 93.197492	 93.196827	   93.1962	  93.19561	 93.195055	 93.194534	 93.194044	 93.193584	 93.193154	  93.19275	 93.192373	 93.192021	 93.191692	 93.191387	 93.191103	  93.19084	 93.190596	 93.190372	 93.190166	 93.189978	 93.189806	 93.189651	 93.189512	 93.189388	 93.189279	 93.189184	 93.189104	 93.189037	 93.188984	 93.188944	 93.188918	 93.188905	
        99	 98.897241	 98.794517	 98.691864	 98.589315	 98.486906	 98.384672	 98.282647	 98.180865	 98.079361	 97.978168	  97.87732	  97.77685	  97.67679	 97.577173	 97.478031	 97.379396	 97.281297	 97.183766	 97.086832	 96.990525	 96.894873	 96.799904	 96.705645	 96.612123	 96.519364	 96.427393	 96.336234	 96.245912	 96.156448	 96.067866	 95.980186	 95.893428	 95.807613	 95.722759	 95.638883	 95.556004	 95.474136	 95.393296	 95.313497	 95.234754	 95.157078	 95.080481	 95.004974	 94.930567	 94.857269	 94.785088	 94.714031	 94.644105	 94.575315	 94.507665	  94.44116	 94.375803	 94.311595	 94.248538	 94.186632	 94.125877	 94.066272	 94.007816	 93.950505	 93.894336	 93.839306	  93.78541	 93.732641	 93.680996	 93.630465	 93.581044	 93.532723	 93.485494	 93.439348	 93.394276	 93.350268	 93.307314	 93.265402	 93.224521	  93.18466	 93.145805	 93.107946	 93.071068	 93.035159	 93.000205	 92.966192	 92.933106	 92.900934	 92.869659	 92.839269	 92.809747	 92.781079	 92.753249	 92.726243	 92.700044	 92.674638	 92.650009	  92.62614	 92.603018	 92.580625	 92.558946	 92.537966	 92.517669	 92.498039	 92.479062	 92.460721	 92.443001	 92.425888	 92.409365	 92.393419	 92.378033	 92.363194	 92.348887	 92.335098	 92.321812	 92.309016	 92.296695	 92.284836	 92.273426	  92.26245	 92.251898	 92.241754	 92.232008	 92.222646	 92.213657	 92.205028	 92.196749	 92.188807	 92.181191	 92.173891	 92.166895	 92.160194	 92.153778	 92.147635	 92.141757	 92.136134	 92.130757	 92.125616	 92.120704	 92.116012	  92.11153	 92.107252	  92.10317	 92.099275	 92.095561	  92.09202	 92.088646	 92.085431	  92.08237	 92.079455	 92.076682	 92.074043	 92.071534	 92.069148	 92.066882	 92.064728	 92.062683	 92.060742	   92.0589	 92.057153	 92.055496	 92.053925	 92.052438	 92.051029	 92.049695	 92.048432	 92.047238	 92.046109	 92.045043	 92.044035	 92.043084	 92.042186	 92.041339	 92.040542	  92.03979	 92.039083	 92.038417	 92.037792	 92.037204	 92.036653	 92.036137	 92.035653	 92.035201	 92.034778	 92.034385	 92.034018	 92.033677	 92.033362	  92.03307	 92.032801	 92.032554	 92.032328	 92.032123	 92.031937	 92.031769	 92.031621	  92.03149	 92.031376	  92.03128	   92.0312	 92.031136	 92.031089	 92.031057	 92.031041	
        99	 98.880203	 98.760447	 98.640773	 98.521221	 98.401832	 98.282647	 98.163705	 98.045048	 97.926713	 97.808742	 97.691173	 97.574044	 97.457394	  97.34126	  97.22568	  97.11069	 96.996326	 96.882624	 96.769618	 96.657342	  96.54583	 96.435114	 96.325227	 96.216199	  96.10806	 96.000839	 95.894566	 95.789268	 95.684971	 95.581701	 95.479482	  95.37834	 95.278296	 95.179373	  95.08159	 94.984969	 94.889527	 94.795283	 94.702253	 94.610453	 94.519898	 94.430601	 94.342575	 94.255831	 94.170379	  94.08623	 94.003392	 93.921871	 93.841675	 93.762809	 93.685277	 93.609083	 93.534229	 93.460717	 93.388547	 93.317719	 93.248231	 93.180082	 93.113269	 93.047787	 92.983632	   92.9208	 92.859282	 92.799073	 92.740164	 92.682548	 92.626215	 92.571156	 92.517359	 92.464814	 92.413509	 92.363433	 92.314571	 92.266912	 92.220441	 92.175145	 92.131008	 92.088016	 92.046152	 92.005403	  91.96575	 91.927179	 91.889672	 91.853212	 91.817783	 91.783366	 91.749944	 91.717501	 91.686016	 91.655474	 91.625855	 91.597142	 91.569316	  91.54236	 91.516254	 91.490981	 91.466522	  91.44286	 91.419976	 91.397851	 91.376469	 91.355812	 91.335861	 91.316599	 91.298008	 91.280072	 91.262772	 91.246093	 91.230018	 91.214529	 91.199611	 91.185247	 91.171422	 91.158119	 91.145325	 91.133022	 91.121197	 91.109834	  91.09892	 91.088441	 91.078381	 91.068729	  91.05947	 91.050592	 91.042081	 91.033926	 91.026114	 91.018633	 91.011472	 91.004619	 90.998064	 90.991795	 90.985803	 90.980076	 90.974605	 90.969381	 90.964394	 90.959634	 90.955094	 90.950764	 90.946636	 90.942702	 90.938954	 90.935385	 90.931987	 90.928754	 90.925678	 90.922753	 90.919972	 90.917329	 90.914819	 90.912435	 90.910171	 90.908024	 90.905987	 90.904056	 90.902225	  90.90049	 90.898848	 90.897292	 90.895821	 90.894429	 90.893113	 90.891869	 90.890694	 90.889585	 90.888539	 90.887552	 90.886622	 90.885746	 90.884921	 90.884145	 90.883416	 90.882731	 90.882089	 90.881487	 90.880923	 90.880395	 90.879903	 90.879444	 90.879017	  90.87862	 90.878252	 90.877911	 90.877598	  90.87731	 90.877047	 90.876807	  90.87659	 90.876395	 90.876222	 90.876069	 90.875937	 90.875824	 90.875731	 90.875657	 90.875602	 90.875565	 90.875546	
        99	 98.863206	 98.726458	 98.589804	 98.453289	 98.316961	 98.180865	 98.045048	 97.909554	  97.77443	 97.639721	  97.50547	 97.371722	 97.238521	  97.10591	 96.973931	 96.842625	 96.712035	   96.5822	  96.45316	 96.324954	  96.19762	 96.071196	 95.945717	 95.821219	 95.697737	 95.575303	 95.453952	 95.333713	 95.214618	 95.096695	 94.979974	 94.864481	 94.750242	 94.637283	 94.525627	 94.415296	 94.306313	 94.198697	 94.092468	 93.987643	 93.884239	 93.782272	 93.681756	 93.582704	 93.485129	  93.38904	 93.294448	 93.201361	 93.109787	 93.019731	 92.931198	 92.844193	 92.758718	 92.674776	 92.592366	 92.511488	 92.432141	 92.354323	  92.27803	 92.203257	     92.13	 92.058252	 91.988006	 91.919255	 91.851988	 91.786197	 91.721871	 91.658999	 91.597569	 91.537569	 91.478985	 91.421803	  91.36601	 91.311588	 91.258524	 91.206801	 91.156401	 91.107309	 91.059506	 91.012975	 90.967696	 90.923652	 90.880823	  90.83919	 90.798734	 90.759434	  90.72127	 90.684223	 90.648272	 90.613396	 90.579575	 90.546788	 90.515014	 90.484233	 90.454423	 90.425564	 90.397635	 90.370615	 90.344484	 90.319221	 90.294805	 90.271216	 90.248434	 90.226439	 90.205211	  90.18473	 90.164976	  90.14593	 90.127574	 90.109888	 90.092853	 90.076451	 90.060664	 90.045474	 90.030864	 90.016816	 90.003313	 89.990339	 89.977876	 89.965909	 89.954423	 89.943401	 89.932828	  89.92269	 89.912972	 89.903659	 89.894739	 89.886197	  89.87802	 89.870195	 89.862709	 89.855551	 89.848708	 89.842169	 89.835922	 89.829957	 89.824262	 89.818827	 89.813642	 89.808698	 89.803984	 89.799492	 89.795213	 89.791137	 89.787258	 89.783566	 89.780053	 89.776713	 89.773537	  89.77052	 89.767653	 89.764931	 89.762346	 89.759894	 89.757568	 89.755363	 89.753272	 89.751292	 89.749416	  89.74764	  89.74596	  89.74437	 89.742867	 89.741447	 89.740106	 89.738839	 89.737644	 89.736518	 89.735455	 89.734455	 89.733513	 89.732627	 89.731795	 89.731013	 89.730279	 89.729591	 89.728948	 89.728346	 89.727783	 89.727259	 89.726771	 89.726318	 89.725897	 89.725509	 89.725151	 89.724822	 89.724521	 89.724248	    89.724	 89.723778	  89.72358	 89.723406	 89.723254	 89.723126	  89.72302	 89.722935	 89.722872	  89.72283	 89.722809	
        99	 98.846255	 98.692562	 98.538974	 98.385543	 98.232321	 98.079361	 97.926713	  97.77443	 97.622562	  97.47116	 97.320273	 97.169952	 97.020245	 96.871201	 96.722868	 96.575291	 96.428519	 96.282595	 96.137565	 95.993472	  95.85036	 95.708269	 95.567241	 95.427316	 95.288533	 95.150928	 95.014539	   94.8794	 94.745547	 94.613012	 94.481827	 94.352023	 94.223628	 94.096671	 93.971179	 93.847177	 93.724689	 93.603737	 93.484344	  93.36653	 93.250313	  93.13571	 93.022739	 92.911413	 92.801746	 92.693751	 92.587437	 92.482815	 92.379893	 92.278678	 92.179175	 92.081388	 91.985322	 91.890978	 91.798356	 91.707456	 91.618277	 91.530816	 91.445068	  91.36103	 91.278695	 91.198057	 91.119106	 91.041835	 90.966233	 90.892289	 90.819992	  90.74933	 90.680288	 90.612853	 90.547009	 90.482742	 90.420034	 90.358869	 90.299229	 90.241096	 90.184452	 90.129276	  90.07555	 90.023252	 89.972363	 89.922861	 89.874725	 89.827933	 89.782463	 89.738294	 89.695401	 89.653763	 89.613357	 89.574159	 89.536147	 89.499297	 89.463586	 89.428991	 89.395487	 89.363052	 89.331662	 89.301294	 89.271925	 89.243531	  89.21609	 89.189578	 89.163973	 89.139252	 89.115393	 89.092374	 89.070173	 89.048767	 89.028136	 89.008258	 88.989112	 88.970678	 88.952935	 88.935863	 88.919442	 88.903653	 88.888477	 88.873895	 88.859888	 88.846438	 88.833528	 88.821141	 88.809258	 88.797863	 88.786941	 88.776475	 88.766449	 88.756848	 88.747658	 88.738863	  88.73045	 88.722405	 88.714714	 88.707365	 88.700344	 88.693639	 88.687239	  88.68113	 88.675303	 88.669746	 88.664448	   88.6594	  88.65459	  88.65001	 88.645649	 88.641499	 88.637552	 88.633797	 88.630228	 88.626837	 88.623615	 88.620555	 88.617651	 88.614895	  88.61228	 88.609802	 88.607452	 88.605226	 88.603118	 88.601122	 88.599233	 88.597447	 88.595758	 88.594162	 88.592654	 88.591231	 88.589888	 88.588621	 88.587427	 88.586303	 88.585245	 88.584249	 88.583313	 88.582434	  88.58161	 88.580837	 88.580113	 88.579437	 88.578805	 88.578215	 88.577667	 88.577157	 88.576685	 88.576249	 88.575846	 88.575477	 88.575139	 88.574831	 88.574553	 88.574303	  88.57408	 88.573885	 88.573715	  88.57357	 88.573451	 88.573355	 88.573284	 88.573237	 88.573214	
        99	 98.829356	 98.658769	   98.4883	 98.318004	 98.147941	 97.978168	 97.808742	 97.639721	  97.47116	 97.303116	 97.135645	 96.968801	 96.802639	 96.637213	 96.472575	 96.308777	 96.145872	 95.983909	 95.822938	 95.663007	 95.504164	 95.346456	 95.189927	 95.034622	 94.880583	 94.727854	 94.576473	 94.426481	 94.277915	 94.130813	 93.985208	 93.841136	 93.698629	 93.557718	 93.418432	   93.2808	 93.144848	 93.010602	 92.878086	 92.747322	 92.618331	 92.491132	 92.365743	 92.242181	  92.12046	 92.000594	 91.882595	 91.766473	 91.652238	 91.539898	 91.429458	 91.320923	 91.214297	 91.109583	  91.00678	 90.905889	 90.806908	 90.709834	 90.614661	 90.521386	 90.430001	 90.340499	 90.252871	 90.167106	 90.083194	 90.001123	  89.92088	  89.84245	 89.765819	 89.690972	 89.617891	 89.546559	 89.476959	 89.409071	 89.342876	 89.278354	 89.215483	 89.154242	 89.094611	 89.036565	 88.980082	 88.925139	 88.871712	 88.819777	  88.76931	 88.720285	 88.672678	 88.626463	 88.581616	  88.53811	  88.49592	 88.455019	 88.415383	 88.376984	 88.339798	 88.303798	 88.268958	 88.235252	 88.202655	  88.17114	 88.140682	 88.111257	 88.082837	 88.055399	 88.028918	 88.003369	 87.978727	 87.954968	  87.93207	 87.910007	 87.888757	 87.868296	 87.848603	 87.829654	 87.811429	 87.793904	  87.77706	 87.760875	 87.745328	 87.730401	 87.716072	 87.702322	 87.689133	 87.676487	 87.664364	 87.652747	 87.641619	 87.630963	 87.620763	 87.611001	 87.601664	 87.592734	 87.584198	 87.576041	 87.568248	 87.560806	 87.553702	 87.546922	 87.540455	 87.534287	 87.528407	 87.522803	 87.517465	 87.512381	 87.507541	 87.502935	 87.498554	 87.494387	 87.490426	 87.486661	 87.483085	 87.479689	 87.476466	 87.473407	 87.470505	 87.467754	 87.465146	 87.462675	 87.460335	  87.45812	 87.456024	 87.454041	 87.452166	 87.450395	 87.448721	 87.447142	 87.445651	 87.444245	  87.44292	 87.441672	 87.440497	 87.439392	 87.438354	 87.437378	 87.436463	 87.435605	 87.434802	 87.434051	  87.43335	 87.432696	 87.432087	 87.431521	 87.430997	 87.430513	 87.430066	 87.429656	 87.429281	 87.428939	  87.42863	 87.428353	 87.428106	 87.427889	   87.4277	  87.42754	 87.427407	 87.427302	 87.427223	  87.42717	 87.427144	
        99	 98.812514	 98.625092	 98.437798	 98.250696	 98.063849	  97.87732	 97.691173	  97.50547	 97.320273	 97.135645	 96.951645	 96.768335	 96.585774	 96.404021	 96.223134	 96.043171	 95.864188	 95.686241	 95.509383	 95.333668	 95.159148	 94.985875	 94.813897	 94.643265	 94.474024	 94.306221	   94.1399	 93.975105	 93.811876	 93.650256	 93.490281	  93.33199	 93.175418	   93.0206	 92.867568	 92.716352	 92.566983	 92.419488	 92.273893	 92.130224	 91.988502	 91.848749	 91.710985	 91.575228	 91.441494	 91.309798	 91.180153	 91.052572	 90.927062	 90.803634	 90.682295	 90.563048	   90.4459	 90.330851	 90.217902	 90.107054	 89.998304	 89.891648	 89.787083	 89.684603	 89.584199	 89.485863	 89.389586	 89.295357	 89.203164	 89.112993	  89.02483	  88.93866	 88.854466	 88.772232	 88.691938	 88.613567	 88.537097	 88.462509	 88.389781	 88.318891	 88.249815	 88.182531	 88.117014	 88.053239	 87.991182	 87.930816	 87.872117	 87.815056	 87.759608	 87.705744	 87.653439	 87.602663	  87.55339	  87.50559	 87.459236	 87.414299	  87.37075	 87.328562	 87.287706	 87.248153	 87.209874	 87.172842	 87.137027	 87.102402	 87.068939	 87.036609	 87.005385	 86.975239	 86.946144	 86.918073	    86.891	 86.864896	 86.839737	 86.815497	  86.79215	  86.76967	 86.748033	 86.727214	  86.70719	 86.687936	 86.669429	 86.651647	 86.634566	 86.618165	 86.602422	 86.587315	 86.572825	  86.55893	 86.545611	 86.532847	 86.520621	 86.508914	 86.497707	 86.486982	 86.476723	 86.466912	 86.457533	 86.448571	 86.440009	 86.431833	 86.424028	 86.416579	 86.409473	 86.402696	 86.396236	 86.390079	 86.384214	 86.378628	 86.373311	 86.368251	 86.363436	 86.358858	 86.354506	  86.35037	 86.346441	  86.34271	 86.339168	 86.335807	 86.332619	 86.329597	 86.326731	 86.324017	 86.321446	 86.319012	 86.316709	 86.314531	 86.312471	 86.310525	 86.308686	  86.30695	 86.305313	 86.303768	 86.302312	 86.300941	  86.29965	 86.298436	 86.297295	 86.296223	 86.295218	 86.294275	 86.293393	 86.292568	 86.291797	 86.291079	  86.29041	 86.289788	 86.289213	  86.28868	 86.288189	 86.287739	 86.287327	 86.286952	 86.286612	 86.286307	 86.286036	 86.285797	  86.28559	 86.285414	 86.285268	 86.285152	 86.285065	 86.285008	 86.284979	
        99	 98.795736	 98.591541	 98.387486	 98.183639	 97.980071	  97.77685	 97.574044	 97.371722	 97.169952	 96.968801	 96.768335	  96.56862	 96.369721	 96.171703	 95.974629	  95.77856	  95.58356	 95.389687	 95.197002	 95.005562	 94.815425	 94.626645	 94.439277	 94.253374	 94.068988	 93.886168	 93.704963	 93.525419	 93.347584	 93.171499	 92.997209	 92.824752	 92.654168	 92.485495	 92.318767	 92.154019	 91.991283	 91.830589	 91.671965	 91.515438	 91.361033	 91.208774	 91.058681	 90.910775	 90.765073	 90.621591	 90.480344	 90.341345	 90.204604	  90.07013	 89.937931	 89.808014	 89.680381	 89.555036	  89.43198	 89.311211	 89.192729	 89.076529	 88.962606	 88.850954	 88.741565	  88.63443	 88.529537	 88.426875	 88.326431	  88.22819	 88.132138	 88.038256	 87.946528	 87.856934	 87.769455	  87.68407	 87.600757	 87.519494	 87.440258	 87.363023	 87.287766	  87.21446	  87.14308	 87.073598	 87.005987	 86.940219	 86.876266	 86.814099	 86.753689	 86.695005	 86.638019	 86.582699	 86.529016	 86.476939	 86.426436	 86.377478	 86.330032	 86.284069	 86.239556	 86.196463	 86.154759	 86.114413	 86.075393	 86.037669	 86.001211	 85.965988	  85.93197	 85.899126	 85.867428	 85.836844	 85.807348	 85.778909	 85.751498	 85.725088	 85.699652	  85.67516	 85.651587	 85.628905	 85.607089	 85.586112	 85.565949	 85.546575	 85.527966	 85.510097	 85.492945	 85.476487	 85.460699	 85.445561	  85.43105	 85.417144	 85.403824	 85.391069	 85.378858	 85.367174	 85.355997	 85.345308	  85.33509	 85.325326	 85.315998	  85.30709	 85.298586	  85.29047	 85.282729	 85.275345	 85.268307	 85.261599	 85.255209	 85.249124	 85.243331	 85.237817	 85.232572	 85.227584	 85.222843	 85.218337	 85.214056	 85.209991	 85.206132	 85.202471	 85.198997	 85.195704	 85.192583	 85.189625	 85.186824	 85.184172	 85.181663	  85.17929	 85.177046	 85.174925	 85.172922	 85.171031	 85.169247	 85.167564	 85.165978	 85.164484	 85.163078	 85.161755	 85.160512	 85.159344	 85.158249	 85.157222	 85.156261	 85.155362	 85.154522	 85.153739	  85.15301	 85.152333	 85.151706	 85.151126	 85.150591	   85.1501	 85.149651	 85.149243	 85.148873	 85.148541	 85.148245	 85.147985	 85.147759	 85.147568	 85.147409	 85.147282	 85.147188	 85.147125	 85.147094	
        99	 98.779026	 98.558127	 98.337379	 98.116857	 97.896636	  97.67679	 97.457394	 97.238521	 97.020245	 96.802639	 96.585774	 96.369721	 96.154552	 95.940335	 95.727139	 95.515031	 95.304079	 95.094346	 94.885899	 94.678798	 94.473106	 94.268883	 94.066188	 93.865077	 93.665607	 93.467831	 93.271803	 93.077572	 92.885189	   92.6947	 92.506151	 92.319587	 92.135048	 91.952577	  91.77221	 91.593985	 91.417936	 91.244096	 91.072496	 90.903164	 90.736128	 90.571413	 90.409042	 90.249037	 90.091416	 89.936197	 89.783395	 89.633025	 89.485098	 89.339623	  89.19661	 89.056065	 88.917991	 88.782392	 88.649269	 88.518621	 88.390447	 88.264741	 88.141499	 88.020713	 87.902375	 87.786476	 87.673002	 87.561942	 87.453281	 87.347004	 87.243094	 87.141532	   87.0423	 86.945377	 86.850742	 86.758372	 86.668244	 86.580333	 86.494615	 86.411062	 86.329648	 86.250346	 86.173126	  86.09796	 86.024819	 85.953671	 85.884486	 85.817233	 85.751881	 85.688397	 85.626749	 85.566904	 85.508829	 85.452491	 85.397858	 85.344894	 85.293567	 85.243844	  85.19569	 85.149072	 85.103956	 85.060309	 85.018097	 84.977288	 84.937847	 84.899743	 84.862941	 84.827411	 84.793119	 84.760034	 84.728125	 84.697359	 84.667706	 84.639136	 84.611619	 84.585124	 84.559622	 84.535085	 84.511484	 84.488791	 84.466978	  84.44602	 84.425888	 84.406557	 84.388002	 84.370198	 84.353119	 84.336742	 84.321044	 84.306001	 84.291591	 84.277792	 84.264583	 84.251943	 84.239851	 84.228288	 84.217234	 84.206671	  84.19658	 84.186943	 84.177744	 84.168964	 84.160589	 84.152602	 84.144988	 84.137731	 84.130819	 84.124235	 84.117968	 84.112004	  84.10633	 84.100934	 84.095804	  84.09093	 84.086299	 84.081901	 84.077727	 84.073766	 84.070008	 84.066446	 84.063069	 84.059869	 84.056839	 84.053971	 84.051256	 84.048689	 84.046261	 84.043967	   84.0418	 84.039754	 84.037824	 84.036004	 84.034288	 84.032672	 84.031151	  84.02972	 84.028375	 84.027111	 84.025926	 84.024816	 84.023775	 84.022803	 84.021895	 84.021048	 84.020259	 84.019527	 84.018848	 84.018221	 84.017643	 84.017111	 84.016626	 84.016183	 84.015783	 84.015424	 84.015104	 84.014823	 84.014579	 84.014371	 84.014199	 84.014063	  84.01396	 84.013893	 84.013859	
        99	  98.76239	 98.524861	 98.287494	  98.05037	  97.81357	 97.577173	  97.34126	  97.10591	 96.871201	 96.637213	 96.404021	 96.171703	 95.940335	  95.70999	 95.480744	 95.252668	 95.025834	 94.800313	 94.576172	  94.35348	 94.132303	 93.912705	  93.69475	 93.478499	 93.264012	 93.051347	  92.84056	 92.631707	  92.42484	 92.220011	 92.017267	 91.816658	 91.618227	 91.422018	 91.228072	  91.03643	 90.847127	 90.660199	  90.47568	 90.293601	  90.11399	 89.936875	  89.76228	 89.590228	 89.420741	 89.253836	 89.089531	  88.92784	 88.768776	  88.61235	 88.458571	 88.307444	 88.158976	 88.013168	 87.870023	  87.72954	 87.591716	 87.456546	 87.324026	 87.194147	   87.0669	 86.942275	 86.820259	 86.700838	 86.583997	 86.469718	 86.357985	 86.248778	 86.142075	 86.037855	 85.936096	 85.836772	 85.739859	  85.64533	 85.553158	 85.463315	 85.375772	 85.290499	 85.207466	 85.126641	 85.047993	 84.971489	 84.897096	  84.82478	 84.754508	 84.686245	 84.619955	 84.555605	 84.493158	 84.432579	 84.373832	 84.316881	 84.261691	 84.208224	 84.156445	 84.106317	 84.057805	 84.010872	 83.965482	   83.9216	  83.87919	 83.838217	 83.798645	  83.76044	 83.723567	 83.687991	 83.653679	 83.620597	 83.588712	 83.557991	 83.528402	 83.499912	 83.472491	 83.446106	 83.420728	 83.396327	 83.372873	 83.350336	 83.328689	 83.307903	 83.287951	 83.268806	 83.250441	 83.232831	 83.215951	 83.199776	 83.184281	 83.169443	  83.15524	 83.141648	 83.128646	 83.116212	 83.104326	 83.092968	 83.082117	 83.071755	 83.061863	 83.052423	 83.043417	 83.034829	 83.026641	 83.018839	 83.011405	 83.004326	 82.997587	 82.991174	 82.985073	 82.979271	 82.973755	 82.968513	 82.963534	 82.958805	 82.954317	 82.950057	 82.946017	 82.942186	 82.938555	 82.935115	 82.931856	 82.928772	 82.925853	 82.923092	 82.920482	 82.918015	 82.915685	 82.913485	  82.91141	 82.909452	 82.907607	  82.90587	 82.904234	 82.902695	 82.901249	 82.899891	 82.898616	 82.897422	 82.896303	 82.895258	 82.894281	  82.89337	 82.892523	 82.891735	 82.891005	 82.890331	 82.889709	 82.889138	 82.888615	  82.88814	  82.88771	 82.887324	  82.88698	 82.886677	 82.886415	 82.886191	 82.886006	 82.885859	  82.88575	 82.885677	  82.88564	
        99	 98.745834	 98.491754	 98.237847	 97.984201	   97.7309	 97.478031	  97.22568	 96.973931	 96.722868	 96.472575	 96.223134	 95.974629	 95.727139	 95.480744	 95.235524	 94.991556	 94.748916	  94.50768	 94.267922	 94.029713	 93.793124	 93.558225	 93.325083	 93.093763	 92.864331	 92.636848	 92.411374	 92.187968	 91.966686	 91.747584	 91.530714	 91.316126	 91.103868	 90.893987	 90.686528	 90.481532	 90.279039	 90.079086	  89.88171	 89.686943	 89.494817	  89.30536	   89.1186	  88.93456	 88.753262	 88.574728	 88.398974	 88.226017	  88.05587	 87.888544	 87.724049	 87.562392	 87.403578	 87.247611	 87.094492	  86.94422	 86.796792	 86.652204	  86.51045	 86.371521	 86.235408	 86.102099	  85.97158	 85.843838	 85.718855	 85.596614	 85.477096	 85.360279	 85.246141	 85.134659	 85.025809	 84.919564	 84.815898	 84.714782	 84.616188	 84.520085	 84.426442	 84.335227	 84.246409	 84.159952	 84.075824	 83.993989	 83.914412	 83.837058	 83.761889	 83.688869	  83.61796	 83.549126	 83.482328	 83.417528	 83.354688	 83.293769	 83.234732	  83.17754	 83.122153	 83.068532	 83.016639	 82.966436	 82.917884	 82.870944	 82.825579	 82.781751	 82.739422	 82.698555	 82.659112	 82.621057	 82.584355	 82.548968	 82.514861	 82.481999	 82.450348	 82.419873	 82.390541	 82.362318	 82.335172	  82.30907	 82.283982	 82.259875	 82.236719	 82.214485	 82.193143	 82.172663	 82.153019	 82.134182	 82.116126	 82.098823	 82.082249	 82.066378	 82.051184	 82.036646	 82.022738	 82.009438	 81.996723	 81.984573	 81.972967	 81.961882	 81.951301	 81.941203	  81.93157	 81.922383	 81.913625	 81.905279	 81.897328	 81.889755	 81.882547	 81.875687	  81.86916	 81.862954	 81.857054	 81.851447	  81.84612	 81.841062	 81.836261	 81.831705	 81.827383	 81.823285	 81.819401	 81.815721	 81.812236	 81.808936	 81.805814	 81.802861	 81.800069	  81.79743	 81.794938	 81.792585	 81.790364	  81.78827	 81.786297	 81.784438	 81.782688	 81.781042	 81.779495	 81.778043	 81.776679	 81.775402	 81.774205	 81.773087	 81.772042	 81.771068	 81.770161	 81.769319	 81.768538	 81.767816	 81.767151	  81.76654	 81.765982	 81.765473	 81.765013	   81.7646	 81.764232	 81.763908	 81.763627	 81.763389	 81.763191	 81.763034	 81.762916	 81.762838	 81.762799	
        99	 98.729361	 98.458815	 98.188454	 97.918369	 97.648652	 97.379396	  97.11069	 96.842625	 96.575291	 96.308777	 96.043171	  95.77856	 95.515031	 95.252668	 94.991556	 94.731777	 94.473412	 94.216542	 93.961246	 93.707599	 93.455677	 93.205555	 92.957303	 92.710992	 92.466691	 92.224465	 91.984378	 91.746494	 91.510872	  91.27757	 91.046645	 90.818149	 90.592136	 90.368653	 90.147749	 89.929467	 89.713851	  89.50094	 89.290772	 89.083383	 88.878805	  88.67707	 88.478206	 88.282239	 88.089192	 87.899087	 87.711943	 87.527777	 87.346603	 87.168433	 86.993277	 86.821144	 86.652038	 86.485963	  86.32292	 86.162909	 86.005927	 85.851968	 85.701027	 85.553095	  85.40816	 85.266212	 85.127235	 84.991214	 84.858131	 84.727968	 84.600704	 84.476316	 84.354781	 84.236075	  84.12017	  84.00704	 83.896655	 83.788986	 83.684002	 83.581671	 83.481959	 83.384833	 83.290258	 83.198199	 83.108619	  83.02148	 82.936746	 82.854378	 82.774338	 82.696586	 82.621082	 82.547787	 82.476659	  82.40766	 82.340747	  82.27588	 82.213017	 82.152118	 82.093142	 82.036046	  81.98079	 81.927334	 81.875635	 81.825653	 81.777348	  81.73068	 81.685607	 81.642091	 81.600092	 81.559572	  81.52049	  81.48281	 81.446493	 81.411501	 81.377799	 81.345349	 81.314116	 81.284064	 81.255159	 81.227365	 81.200651	 81.174981	 81.150325	  81.12665	 81.103924	 81.082118	 81.061201	 81.041143	 81.021917	 81.003493	 80.985844	 80.968944	 80.952766	 80.937285	 80.922476	 80.908314	 80.894776	 80.881838	 80.869479	 80.857677	  80.84641	 80.835657	   80.8254	 80.815618	 80.806292	 80.797405	 80.788938	 80.780875	   80.7732	 80.765895	 80.758946	 80.752337	 80.746054	 80.740084	 80.734412	 80.729027	 80.723914	 80.719063	 80.714461	 80.710097	 80.705961	 80.702043	 80.698332	 80.694818	 80.691494	 80.688349	 80.685376	 80.682566	 80.679913	 80.677407	 80.675043	 80.672813	 80.670712	 80.668733	 80.666869	 80.665117	  80.66347	 80.661923	 80.660471	 80.659111	 80.657837	 80.656646	 80.655533	 80.654496	  80.65353	 80.652634	 80.651802	 80.651034	 80.650326	 80.649675	  80.64908	 80.648539	 80.648049	 80.647609	 80.647217	 80.646872	 80.646573	 80.646319	 80.646109	 80.645941	 80.645816	 80.645733	 80.645691	
        99	 98.712979	 98.426056	 98.139329	 97.852895	 97.566852	 97.281297	 96.996326	 96.712035	 96.428519	 96.145872	 95.864188	  95.58356	 95.304079	 95.025834	 94.748916	 94.473412	 94.199408	  93.92699	 93.656239	 93.387239	 93.120068	 92.854805	 92.591526	 92.330306	 92.071216	 91.814327	 91.559708	 91.307424	 91.057539	 90.810115	 90.565211	 90.322885	  90.08319	  89.84618	 89.611903	 89.380409	 89.151741	 88.925942	 88.703052	 88.483109	 88.266148	 88.052202	   87.8413	  87.63347	 87.428738	 87.227126	 87.028654	 86.833339	 86.641198	 86.452243	 86.266485	 86.083932	  85.90459	 85.728462	  85.55555	 85.385853	 85.219368	  85.05609	 84.896013	 84.739126	 84.585418	 84.434877	 84.287487	 84.143233	 84.002094	 83.864052	 83.729084	 83.597167	 83.468276	 83.342383	 83.219463	 83.099485	 82.982418	 82.868232	 82.756893	 82.648367	  82.54262	 82.439615	 82.339315	 82.241683	  82.14668	 82.054267	 81.964404	  81.87705	 81.792165	 81.709706	 81.629632	   81.5519	 81.476467	 81.403291	 81.332327	 81.263534	 81.196866	 81.132281	 81.069734	 81.009182	 80.950582	 80.893889	 80.839061	 80.786054	 80.734825	 80.685331	 80.637531	 80.591381	  80.54684	 80.503866	 80.462419	 80.422458	 80.383942	 80.346833	  80.31109	 80.276676	 80.243552	 80.211681	 80.181026	 80.151551	 80.123219	 80.095996	 80.069847	 80.044739	 80.020637	 79.997511	 79.975328	 79.954056	 79.933666	 79.914126	  79.89541	 79.877487	 79.860329	 79.843911	 79.828205	 79.813186	 79.798829	 79.785108	 79.772001	 79.759484	 79.747535	 79.736132	 79.725253	 79.714879	 79.704989	 79.695564	 79.686585	 79.678034	 79.669893	 79.662146	 79.654776	 79.647768	 79.641105	 79.634773	 79.628758	 79.623046	 79.617624	 79.612479	 79.607599	 79.602971	 79.598585	 79.594429	 79.590493	 79.586767	 79.583242	 79.579907	 79.576754	 79.573774	 79.570959	 79.568302	 79.565795	  79.56343	 79.561202	 79.559103	 79.557127	 79.555268	 79.553521	  79.55188	 79.550341	 79.548898	 79.547547	 79.546284	 79.545104	 79.544004	  79.54298	 79.542029	 79.541147	 79.540332	 79.539581	 79.538891	  79.53826	 79.537686	 79.537167	   79.5367	 79.536285	 79.535919	 79.535602	 79.535332	 79.535109	 79.534931	 79.534799	  79.53471	 79.534666	
