Time step 83:
        99	        99	        99	        99	        99	        99	        99	        99	        99	        99	        99	        99	        99	        99	        99	        99	        99	        99	        99	        99	        99	        99	        99	        99	        99	        99	        99	        99	        99	        99	        99	        99	        99	        99	        99	        99	        99	        99	        99	        99	        99	        99	        99	        99	        99	        99	        99	        99	        99	        99	        99	        99	        99	        99	        99	        99	        99	        99	        99	        99	        99	        99	        99	        99	        99	        99	        99	        99	        99	        99	        99	        99	        99	        99	        99	        99	        99	        99	        99	        99	        99	        99	        99	        99	        99	        99	        99	        99	        99	        99	        99	        99	        99	        99	        99	        99	        99	        99	        99	        99	        99	        99	        99	        99	        99	        99	        99	        99	        99	        99	        99	        99	        99	        99	        99	        99	        99	        99	        99	        99	        99	        99	        99	        99	        99	        99	        99	        99	        99	        99	        99	        99	        99	        99	        99	        99	        99	        99	        99	        99	        99	        99	        99	        99	        99	        99	        99	        99	        99	        99	        99	        99	        99	        99	        99	        99	        99	        99	        99	        99	        99	        99	        99	        99	        99	        99	        99	        99	        99	        99	        99	        99	        99	        99	        99	        99	        99	        99	        99	        99	        99	        99	        99	        99	        99	        99	        99	        99	        99	        99	        99	        99	        99	        99	        99	        99	        99	        99	        99	        99	
        99	  98.99235	 98.984701	 98.977054	 98.969411	 98.961773	  98.95414	 98.946514	 98.938897	 98.931289	 98.923691	 98.916104	 98.908531	 98.900971	 98.893426	 98.885897	 98.878386	 98.870892	 98.863418	 98.855964	 98.848532	 98.841123	 98.833737	 98.826376	  98.81904	 98.811732	 98.804451	 98.797199	 98.789976	 98.782784	 98.775624	 98.768497	 98.761403	 98.754343	 98.747319	 98.740332	 98.733381	 98.726468	 98.719594	  98.71276	 98.705966	 98.699214	 98.692503	 98.685835	 98.679211	 98.672631	 98.666096	 98.659606	 98.653163	 98.646767	 98.640418	 98.634117	 98.627865	 98.621663	  98.61551	 98.609408	 98.603356	 98.597356	 98.591408	 98.585512	 98.579669	 98.573879	 98.568143	  98.56246	 98.556832	 98.551259	  98.54574	 98.540277	 98.534869	 98.529517	  98.52422	 98.518981	 98.513797	  98.50867	   98.5036	 98.498587	 98.493631	 98.488732	  98.48389	 98.479105	 98.474378	 98.469708	 98.465096	 98.460541	 98.456043	 98.451603	  98.44722	 98.442894	 98.438626	 98.434414	  98.43026	 98.426162	 98.422121	 98.418136	 98.414208	 98.410336	  98.40652	 98.402759	 98.399055	 98.395405	  98.39181	 98.388271	 98.384786	 98.381355	 98.377977	 98.374654	 98.371384	 98.368167	 98.365002	  98.36189	  98.35883	 98.355821	 98.352864	 98.349957	 98.347101	 98.344295	 98.341538	 98.338831	 98.336173	 98.333563	 98.331001	 98.328486	 98.326019	 98.323599	 98.321224	 98.318896	 98.316613	 98.314375	 98.312181	 98.310032	 98.307926	 98.305863	 98.303842	 98.301864	 98.299928	 98.298033	 98.296179	 98.294365	 98.292591	 98.290856	 98.289161	 98.287504	 98.285885	 98.284303	 98.282759	 98.281252	  98.27978	 98.278345	 98.276945	  98.27558	  98.27425	 98.272953	 98.271691	 98.270461	 98.269265	 98.268101	 98.266969	 98.265869	   98.2648	 98.263762	 98.262755	 98.261777	  98.26083	 98.259912	 98.259023	 98.258163	 98.257331	 98.256528	 98.255752	 98.255004	 98.254283	 98.253589	 98.252921	  98.25228	 98.251665	 98.251076	 98.250512	 98.249974	  98.24946	 98.248972	 98.248508	 98.248069	 98.247654	 98.247263	 98.246896	 98.246552	 98.246233	 98.245936	 98.245663	 98.245414	 98.245187	 98.244983	 98.244802	 98.244644	 98.244509	 98.244396	 98.244306	 98.244239	 98.244194	 98.244171	
        99	 98.984701	 98.969404	 98.954112	 98.938827	 98.923551	 98.908287	 98.893037	 98.877803	 98.862588	 98.847393	 98.832222	 98.817075	 98.801957	 98.786868	 98.771812	  98.75679	 98.741804	 98.726857	 98.711951	 98.697088	  98.68227	 98.667499	 98.652778	 98.638108	 98.623492	 98.608931	 98.594428	 98.579984	 98.565602	 98.551283	 98.537029	 98.522842	 98.508724	 98.494677	 98.480703	 98.466802	 98.452978	 98.439231	 98.425564	 98.411977	 98.398473	 98.385053	 98.371719	 98.358471	 98.345312	 98.332243	 98.319265	 98.306379	 98.293587	 98.280891	  98.26829	 98.255788	 98.243383	 98.231079	 98.218875	 98.206773	 98.194774	 98.182878	 98.171088	 98.159402	 98.147823	 98.136351	 98.124987	 98.113732	 98.102586	 98.091549	 98.080623	 98.069808	 98.059105	 98.048513	 98.038034	 98.027668	 98.017415	 98.007276	  97.99725	 97.987338	 97.977541	 97.967858	  97.95829	 97.948836	 97.939497	 97.930273	 97.921164	 97.912169	 97.903289	 97.894524	 97.885873	 97.877337	 97.868914	 97.860606	 97.852411	 97.844329	 97.836361	 97.828505	 97.820761	  97.81313	  97.80561	   97.7982	 97.790902	 97.783713	 97.776635	 97.769665	 97.762803	  97.75605	 97.749403	 97.742863	  97.73643	 97.730101	 97.723877	 97.717757	  97.71174	 97.705826	 97.700013	 97.694301	 97.688689	 97.683177	 97.677763	 97.672446	 97.667227	 97.662103	 97.657075	 97.652141	   97.6473	 97.642552	 97.637896	  97.63333	 97.628854	 97.624467	 97.620168	 97.615957	 97.611831	 97.607791	 97.603835	 97.599963	 97.596173	 97.592465	 97.588837	 97.585289	  97.58182	 97.578429	 97.575116	 97.571878	 97.568715	 97.565627	 97.562612	  97.55967	   97.5568	    97.554	  97.55127	  97.54861	 97.546017	 97.543492	 97.541034	 97.538641	 97.536313	  97.53405	  97.53185	 97.529712	 97.527636	 97.525622	 97.523667	 97.521772	 97.519937	 97.518159	 97.516439	 97.514776	 97.513169	 97.511618	 97.510121	 97.508679	 97.507291	 97.505956	 97.504674	 97.503444	 97.502266	 97.501138	 97.500061	 97.499035	 97.498058	 97.497131	 97.496252	 97.495422	  97.49464	 97.493906	  97.49322	  97.49258	 97.491988	 97.491442	 97.490942	 97.490489	 97.490081	  97.48972	 97.489403	 97.489133	 97.488907	 97.488727	 97.488592	 97.488502	 97.488457	
        99	 98.977054	 98.954112	 98.931177	 98.908252	 98.885342	 98.862448	 98.839576	 98.816728	 98.793908	 98.771119	 98.748364	 98.725648	 98.702973	 98.680343	 98.657761	 98.635231	 98.612755	 98.590337	 98.567981	 98.545689	 98.523465	 98.501312	 98.479233	 98.457231	  98.43531	 98.413471	 98.391719	 98.370056	 98.348485	 98.327009	 98.305631	 98.284354	  98.26318	 98.242112	 98.221153	 98.200305	 98.179571	 98.158954	 98.138455	 98.118078	 98.097824	 98.077697	 98.057697	 98.037828	 98.018092	 97.998491	 97.979026	   97.9597	 97.940515	 97.921473	 97.902575	 97.883823	 97.865219	 97.846764	 97.828461	  97.81031	 97.792314	 97.774473	 97.756789	 97.739263	 97.721897	 97.704691	 97.687647	 97.670766	 97.654049	 97.637496	  97.62111	 97.604889	 97.588836	 97.572951	 97.557234	 97.541687	  97.52631	 97.511102	 97.496066	   97.4812	 97.466506	 97.451984	 97.437633	 97.423454	 97.409448	 97.395613	 97.381951	 97.368461	 97.355143	 97.341996	 97.329022	 97.316219	 97.303587	 97.291125	 97.278835	 97.266714	 97.254762	  97.24298	 97.231366	  97.21992	 97.208641	 97.197529	 97.186583	 97.175802	 97.165185	 97.154731	  97.14444	 97.134311	 97.124343	 97.114534	 97.104885	 97.095393	 97.086058	 97.076879	 97.067855	 97.058985	 97.050266	   97.0417	 97.033283	 97.025015	 97.016895	 97.008922	 97.001094	 96.993409	 96.985868	 96.978468	 96.971208	 96.964086	 96.957103	 96.950255	 96.943542	 96.936962	 96.930515	 96.924198	 96.918011	 96.911951	 96.906018	  96.90021	 96.894526	 96.888965	 96.883524	 96.878203	    96.873	 96.867915	 96.862944	 96.858088	 96.853345	 96.848713	 96.844192	 96.839779	 96.835474	 96.831275	 96.827181	  96.82319	 96.819302	 96.815515	 96.811828	  96.80824	 96.804748	 96.801353	 96.798054	 96.794848	 96.791734	 96.788713	 96.785782	  96.78294	 96.780187	 96.777521	 96.774941	 96.772446	 96.770036	  96.76771	 96.765465	 96.763303	 96.761221	 96.759219	 96.757296	 96.755451	 96.753683	 96.751992	 96.750377	 96.748838	 96.747373	 96.745982	 96.744664	 96.743419	 96.742247	 96.741146	 96.740116	 96.739157	 96.738268	 96.737449	   96.7367	  96.73602	 96.735409	 96.734867	 96.734392	 96.733986	 96.733648	 96.733378	 96.733176	 96.733041	 96.732973	
        99	 98.969411	 98.938827	 98.908252	 98.877692	 98.847149	  98.81663	 98.786139	 98.755681	 98.725259	 98.694879	 98.664545	 98.634262	 98.604034	 98.573866	 98.543762	 98.513727	 98.483765	  98.45388	 98.424077	  98.39436	 98.364733	 98.335201	 98.305768	 98.276437	 98.247213	 98.218101	 98.189103	 98.160224	 98.131468	 98.102839	  98.07434	 98.045975	 98.017748	 97.989662	 97.961721	 97.933929	 97.906289	 97.878804	 97.851477	 97.824312	 97.797312	  97.77048	 97.743819	 97.717332	 97.691022	 97.664892	 97.638943	  97.61318	 97.587605	 97.562219	 97.537026	 97.512028	 97.487227	 97.462625	 97.438225	 97.414029	 97.390038	 97.366254	  97.34268	 97.319316	 97.296165	 97.273228	 97.250507	 97.228003	 97.205717	 97.183651	 97.161806	 97.140182	 97.118782	 97.097606	 97.076654	 97.055928	 97.035428	 97.015155	  96.99511	 96.975293	 96.955704	 96.936344	 96.917214	 96.898312	  96.87964	 96.861197	 96.842984	    96.825	 96.807246	 96.789721	 96.772425	 96.755357	 96.738517	 96.721905	  96.70552	 96.689362	  96.67343	 96.657723	  96.64224	 96.626982	 96.611946	 96.597132	  96.58254	 96.568167	 96.554014	 96.540078	 96.526359	 96.512856	 96.499567	 96.486492	 96.473628	 96.460975	 96.448531	 96.436294	 96.424264	 96.412439	 96.400817	 96.389396	 96.378176	 96.367154	  96.35633	   96.3457	 96.335264	 96.325021	 96.314967	 96.305102	 96.295424	  96.28593	  96.27662	 96.267492	 96.258543	 96.249771	 96.241176	 96.232755	 96.224507	 96.216429	  96.20852	 96.200777	   96.1932	 96.185786	 96.178533	 96.171439	 96.164504	 96.157724	 96.151098	 96.144625	 96.138301	 96.132127	 96.126099	 96.120217	 96.114478	  96.10888	 96.103422	 96.098102	 96.092919	 96.087871	 96.082955	 96.078171	 96.073517	 96.068992	 96.064593	 96.060319	 96.056168	  96.05214	 96.048233	 96.044444	 96.040774	  96.03722	 96.033781	 96.030456	 96.027243	 96.024141	 96.021149	 96.018266	 96.015491	 96.012822	 96.010258	 96.007799	 96.005442	 96.003188	 96.001036	 95.998983	  95.99703	 95.995176	 95.993419	  95.99176	 95.990196	 95.988729	 95.987356	 95.986077	 95.984893	 95.983801	 95.982803	 95.981896	 95.981081	 95.980358	 95.979726	 95.979185	 95.978734	 95.978374	 95.978104	 95.977924	 95.977834	
        99	 98.961773	 98.923551	 98.885342	 98.847149	  98.80898	  98.77084	 98.732735	  98.69467	 98.656652	 98.618686	 98.580777	 98.542932	 98.505156	 98.467454	 98.429833	 98.392297	 98.354853	 98.317506	  98.28026	 98.243123	 98.206098	 98.169191	 98.132407	 98.095753	 98.059231	 98.022849	  97.98661	 97.950519	 97.914583	 97.878804	 97.843188	  97.80774	 97.772465	 97.737366	 97.702448	 97.667715	 97.633173	 97.598824	 97.564674	 97.530726	 97.496983	 97.463451	 97.430132	 97.397031	 97.364151	 97.331495	 97.299067	 97.266871	 97.234908	 97.203184	   97.1717	 97.140459	 97.109465	  97.07872	 97.048227	 97.017988	 96.988006	 96.958283	 96.928822	 96.899624	 96.870692	 96.842028	 96.813633	 96.785509	 96.757658	 96.730082	 96.702781	 96.675758	 96.649014	  96.62255	 96.596366	 96.570464	 96.544846	  96.51951	  96.49446	 96.469694	 96.445213	 96.421019	 96.397111	 96.373489	 96.350154	 96.327106	 96.304345	 96.281871	 96.259683	 96.237781	 96.216166	 96.194836	 96.173791	 96.153031	 96.132554	 96.112361	  96.09245	 96.072821	 96.053473	 96.034404	 96.015613	   95.9971	 95.978864	 95.960902	 95.943214	 95.925799	 95.908654	 95.891779	 95.875172	 95.858832	 95.842756	 95.826943	 95.811391	 95.796099	 95.781065	 95.766286	 95.751762	  95.73749	 95.723468	 95.709694	 95.696166	 95.682882	  95.66984	 95.657039	 95.644474	 95.632146	 95.620051	 95.608187	 95.596552	 95.585144	  95.57396	 95.562999	 95.552257	 95.541733	 95.531425	  95.52133	 95.511446	  95.50177	   95.4923	 95.483034	  95.47397	 95.465106	 95.456438	 95.447965	 95.439685	 95.431595	 95.423693	 95.415977	 95.408444	 95.401092	  95.39392	 95.386924	 95.380104	 95.373455	 95.366978	 95.360669	 95.354526	 95.348547	 95.342731	 95.337075	 95.331578	 95.326237	  95.32105	 95.316016	 95.311133	 95.306398	 95.301811	  95.29737	 95.293072	 95.288916	 95.284901	 95.281025	 95.277286	 95.273683	 95.270215	 95.266879	 95.263675	 95.260602	 95.257657	  95.25484	  95.25215	 95.249585	 95.247144	 95.244827	 95.242631	 95.240557	 95.238604	  95.23677	 95.235054	 95.233456	 95.231976	 95.230612	 95.229364	 95.228231	 95.227213	 95.226309	 95.225519	 95.224842	 95.224279	 95.223829	 95.223491	 95.223267	 95.223154	
        99	  98.95414	 98.908287	 98.862448	  98.81663	  98.77084	 98.725085	 98.679371	 98.633707	 98.588097	  98.54255	 98.497073	 98.451671	 98.406352	 98.361123	  98.31599	  98.27096	  98.22604	 98.181235	 98.136553	    98.092	 98.047583	 98.003307	 97.959179	 97.915206	 97.871392	 97.827745	 97.784271	 97.740974	 97.697862	  97.65494	 97.612213	 97.569687	 97.527368	 97.485261	 97.443371	 97.401704	 97.360265	 97.319058	 97.278089	 97.237362	 97.196883	 97.156655	 97.116684	 97.076974	 97.037528	 96.998352	  96.95945	 96.920825	 96.882481	 96.844422	 96.806651	 96.769173	 96.731991	 96.695107	 96.658525	 96.622249	 96.586281	 96.550623	 96.515279	 96.480252	 96.445543	 96.411155	  96.37709	 96.343351	  96.30994	 96.276857	 96.244106	 96.211688	 96.179603	 96.147855	 96.116443	  96.08537	 96.054636	 96.024242	  95.99419	 95.964479	 95.935111	 95.906085	 95.877404	 95.849066	 95.821072	 95.793422	 95.766116	 95.739154	 95.712536	 95.686262	  95.66033	 95.634741	 95.609495	 95.584589	 95.560024	 95.535799	 95.511913	 95.488365	 95.465153	 95.442276	 95.419734	 95.397525	 95.375647	 95.354099	  95.33288	 95.311987	 95.291419	 95.271175	 95.251252	 95.231649	 95.212363	 95.193393	 95.174736	  95.15639	 95.138354	 95.120625	 95.103201	 95.086079	 95.069257	 95.052733	 95.036504	 95.020568	 95.004923	 94.989565	 94.974492	 94.959702	 94.945192	 94.930959	 94.917001	 94.903315	 94.889898	 94.876748	 94.863862	 94.851237	  94.83887	  94.82676	 94.814902	 94.803294	 94.791934	 94.780818	 94.769944	 94.759309	 94.748911	 94.738747	 94.728813	 94.719108	 94.709628	 94.700371	 94.691334	 94.682515	  94.67391	 94.665518	 94.657335	  94.64936	 94.641589	  94.63402	 94.626651	 94.619478	 94.612501	 94.605716	  94.59912	 94.592713	 94.586491	 94.580451	 94.574593	 94.568914	 94.563411	 94.558082	 94.552926	 94.547941	 94.543124	 94.538474	 94.533989	 94.529666	 94.525505	 94.521504	  94.51766	 94.513973	  94.51044	 94.507061	 94.503833	 94.500756	 94.497828	 94.495048	 94.492415	 94.489926	 94.487583	 94.485382	 94.483324	 94.481408	 94.479631	 94.477995	 94.476498	 94.475138	 94.473917	 94.472833	 94.471885	 94.471074	 94.470398	 94.469858	 94.469453	 94.469183	 94.469048	
        99	 98.946514	 98.893037	 98.839576	 98.786139	 98.732735	 98.679371	 98.626057	 98.572798	 98.519605	 98.466484	 98.413445	 98.360494	 98.307639	 98.254889	 98.202251	 98.149734	 98.097344	 98.045089	 97.992977	 97.941016	 97.889213	 97.837575	 97.786109	 97.734823	 97.683725	  97.63282	 97.582116	 97.531621	  97.48134	  97.43128	 97.381449	 97.331852	 97.282496	 97.233387	 97.184531	 97.135936	 97.087606	 97.039547	 96.991765	 96.944267	 96.897056	 96.850139	 96.803522	 96.757208	 96.711204	 96.665514	 96.620142	 96.575094	 96.530374	 96.485987	 96.441936	 96.398226	 96.354861	 96.311844	 96.269179	 96.226871	 96.184922	 96.143335	 96.102114	 96.061262	 96.020782	 95.980676	 95.940947	 95.901597	  95.86263	 95.824047	 95.785849	  95.74804	 95.710621	 95.673593	 95.636958	 95.600718	 95.564874	 95.529426	 95.494376	 95.459725	 95.425473	 95.391622	 95.358171	 95.325121	 95.292472	 95.260224	 95.228378	 95.196933	 95.165889	 95.135245	 95.105002	 95.075158	 95.045713	 95.016667	 94.988017	 94.959764	 94.931906	 94.904441	  94.87737	  94.85069	 94.824399	 94.798497	 94.772981	  94.74785	 94.723102	 94.698735	 94.674748	 94.651137	 94.627901	 94.605038	 94.582545	 94.560421	 94.538662	 94.517266	 94.496231	 94.475554	 94.455232	 94.435263	 94.415644	 94.396372	 94.377445	 94.358859	 94.340611	   94.3227	 94.305121	 94.287871	 94.270948	 94.254349	  94.23807	 94.222108	  94.20646	 94.191124	 94.176095	 94.161371	 94.146948	 94.132823	 94.118993	 94.105455	 94.092206	 94.079242	  94.06656	 94.054157	  94.04203	 94.030175	  94.01859	 94.007271	 93.996214	 93.985418	 93.974879	 93.964593	 93.954557	  93.94477	 93.935226	 93.925925	 93.916862	 93.908034	 93.899439	 93.891075	 93.882937	 93.875023	 93.867332	 93.859858	 93.852602	 93.845558	 93.838726	 93.832102	 93.825684	  93.81947	 93.813456	 93.807642	 93.802024	 93.796601	  93.79137	 93.786329	 93.781476	 93.776809	 93.772326	 93.768025	 93.763905	 93.759964	   93.7562	 93.752611	 93.749196	 93.745954	 93.742882	 93.739981	 93.737247	 93.734681	  93.73228	 93.730045	 93.727974	 93.726065	 93.724319	 93.722734	 93.721309	 93.720045	 93.718939	 93.717993	 93.717205	 93.716575	 93.716103	 93.715788	 93.715631	
        99	 98.938897	 98.877803	 98.816728	 98.755681	  98.69467	 98.633707	 98.572798	 98.511955	 98.451186	   98.3905	 98.329906	 98.269413	 98.209031	 98.148768	 98.088634	 98.028636	 97.968785	 97.909088	 97.849554	 97.790192	 97.731011	 97.672018	 97.613223	 97.554633	 97.496257	 97.438102	 97.380177	  97.32249	 97.265048	 97.207858	  97.15093	 97.094269	 97.037883	  96.98178	 96.925967	  96.87045	 96.815237	 96.760333	 96.705747	 96.651483	 96.597549	  96.54395	 96.490693	 96.437783	 96.385227	 96.333029	 96.281196	 96.229732	 96.178643	 96.127934	 96.077609	 96.027674	 95.978132	 95.928989	 95.880248	 95.831914	  95.78399	  95.73648	 95.689389	 95.642718	 95.596472	 95.550655	 95.505267	 95.460314	 95.415796	 95.371718	 95.328081	 95.284886	 95.242138	 95.199836	 95.157984	 95.116582	 95.075633	 95.035137	 94.995095	 94.955509	 94.916379	 94.877706	 94.839491	 94.801734	 94.764435	 94.727594	 94.691213	 94.655289	 94.619823	 94.584816	 94.550265	 94.516171	 94.482532	 94.449348	 94.416619	 94.384341	 94.352516	  94.32114	 94.290213	 94.259733	 94.229698	 94.200106	 94.170957	 94.142246	 94.113974	 94.086137	 94.058732	 94.031759	 94.005214	 93.979095	 93.953398	 93.928123	 93.903265	 93.878822	  93.85479	 93.831168	 93.807953	  93.78514	 93.762726	  93.74071	 93.719087	 93.697854	 93.677008	 93.656545	 93.636462	 93.616756	 93.597423	 93.578459	 93.559862	 93.541626	  93.52375	 93.506229	  93.48906	 93.472239	 93.455762	 93.439625	 93.423826	  93.40836	 93.393224	 93.378413	 93.363925	 93.349756	 93.335901	 93.322358	 93.309123	 93.296191	  93.28356	 93.271227	 93.259186	 93.247435	  93.23597	 93.224789	 93.213886	  93.20326	 93.192906	 93.182821	 93.173003	 93.163446	  93.15415	 93.145109	 93.136322	 93.127784	 93.119494	 93.111447	 93.103642	 93.096075	 93.088743	 93.081643	 93.074773	 93.068131	 93.061713	 93.055517	 93.049541	 93.043782	 93.038238	 93.032906	 93.027785	 93.022872	 93.018165	 93.013663	 93.009362	 93.005262	 93.001361	 92.997657	 92.994148	 92.990833	  92.98771	 92.984778	 92.982036	 92.979483	 92.977116	 92.974936	 92.972941	  92.97113	 92.969502	 92.968058	 92.966795	 92.965714	 92.964814	 92.964094	 92.963554	 92.963195	 92.963015	
        99	 98.931289	 98.862588	 98.793908	 98.725259	 98.656652	 98.588097	 98.519605	 98.451186	  98.38285	 98.314607	 98.246468	 98.178444	 98.110543	 98.042776	 97.975154	 97.907686	 97.840382	 97.773252	 97.706305	 97.639552	 97.573002	 97.506664	 97.440547	 97.374662	 97.309017	 97.243621	 97.178484	 97.113613	 97.049019	 96.984708	 96.920691	 96.856975	 96.793569	  96.73048	 96.667717	 96.605288	 96.543199	  96.48146	 96.420076	 96.359055	 96.298406	 96.238133	 96.178244	 96.118747	 96.059646	 96.000949	 95.942662	  95.88479	  95.82734	 95.770316	 95.713725	 95.657572	 95.601862	 95.546599	 95.491789	 95.437437	 95.383546	  95.33012	 95.277165	 95.224684	  95.17268	 95.121157	 95.070118	 95.019567	 94.969507	  94.91994	 94.870869	 94.822296	 94.774225	 94.726656	 94.679593	 94.633036	 94.586987	 94.541449	 94.496421	 94.451906	 94.407904	 94.364415	 94.321442	 94.278983	  94.23704	 94.195613	 94.154701	 94.114304	 94.074422	 94.035055	 93.996203	 93.957863	 93.920036	 93.882721	 93.845915	 93.809619	  93.77383	 93.738548	  93.70377	 93.669494	  93.63572	 93.602444	 93.569664	 93.537379	 93.505586	 93.474283	 93.443467	 93.413135	 93.383284	 93.353913	 93.325017	 93.296594	 93.268641	 93.241154	 93.214131	 93.187567	 93.161461	 93.135807	 93.110603	 93.085845	  93.06153	 93.037653	 93.014211	   92.9912	 92.968617	 92.946457	 92.924717	 92.903392	 92.882478	 92.861973	 92.841871	 92.822168	 92.802861	 92.783945	 92.765416	 92.747271	 92.729504	 92.712113	 92.695091	 92.678437	 92.662145	 92.646211	 92.630632	 92.615402	 92.600519	 92.585977	 92.571774	 92.557904	 92.544364	  92.53115	 92.518258	 92.505684	 92.493424	 92.481474	 92.469831	 92.458491	 92.447449	 92.436703	 92.426249	 92.416083	 92.406201	 92.396601	 92.387278	  92.37823	 92.369452	 92.360943	 92.352698	 92.344714	 92.336989	  92.32952	 92.322303	 92.315335	 92.308615	 92.302139	 92.295904	 92.289909	  92.28415	 92.278625	 92.273332	 92.268269	 92.263433	 92.258823	 92.254436	 92.250271	 92.246325	 92.242597	 92.239085	 92.235788	 92.232705	 92.229833	 92.227172	  92.22472	 92.222477	  92.22044	  92.21861	 92.216986	 92.215566	  92.21435	 92.213338	 92.212528	 92.211922	 92.211517	 92.211315	
        99	 98.923691	 98.847393	 98.771119	 98.694879	 98.618686	  98.54255	 98.466484	   98.3905	 98.314607	 98.238819	 98.163145	 98.087599	  98.01219	  97.93693	  97.86183	 97.786902	 97.712155	 97.637602	 97.563253	 97.489118	 97.415209	 97.341535	 97.268108	 97.194937	 97.122034	 97.049406	 96.977066	 96.905023	 96.833285	 96.761864	 96.690768	 96.620006	 96.549589	 96.479524	 96.409821	 96.340488	 96.271534	 96.202967	 96.134796	 96.067028	 95.999672	 95.932734	 95.866224	 95.800147	 95.734511	 95.669324	 95.604591	  95.54032	 95.476517	 95.413188	 95.350339	 95.287977	 95.226106	 95.164733	 95.103863	   95.0435	  94.98365	 94.924317	 94.865506	 94.807221	 94.749467	 94.692246	 94.635564	 94.579423	 94.523827	 94.468779	 94.414282	 94.360339	 94.306952	 94.254123	 94.201856	 94.150151	  94.09901	 94.048436	  93.99843	 93.948992	 93.900124	 93.851827	 93.804102	 93.756948	 93.710367	 93.664359	 93.618923	 93.574059	 93.529768	 93.486048	 93.442899	  93.40032	  93.35831	 93.316868	 93.275993	 93.235683	 93.195937	 93.156753	  93.11813	 93.080064	 93.042555	 93.005599	 92.969195	  92.93334	 92.898032	 92.863267	 92.829043	 92.795357	 92.762206	 92.729586	 92.697495	 92.665929	 92.634885	 92.604359	 92.574348	 92.544847	 92.515854	 92.487363	 92.459372	 92.431877	 92.404873	 92.378356	 92.352322	 92.326766	 92.301686	 92.277075	 92.252931	 92.229248	 92.206022	 92.183249	 92.160924	 92.139043	 92.117601	 92.096594	 92.076016	 92.055864	 92.036133	 92.016818	 91.997915	 91.979419	 91.961325	 91.943629	 91.926327	 91.909414	 91.892884	 91.876735	 91.860961	 91.845557	  91.83052	 91.815845	 91.801527	 91.787563	 91.773947	 91.760677	 91.747746	 91.735152	 91.722889	 91.710955	 91.699345	 91.688054	  91.67708	 91.666418	 91.656064	 91.646015	 91.636267	 91.626817	  91.61766	 91.608794	 91.600215	 91.591919	 91.583904	 91.576166	 91.568703	 91.561511	 91.554587	 91.547928	 91.541533	 91.535397	 91.529519	 91.523896	 91.518525	 91.513405	 91.508533	 91.503907	 91.499525	 91.495385	 91.491485	 91.487824	 91.484399	  91.48121	 91.478254	 91.475531	  91.47304	 91.470778	 91.468746	 91.466942	 91.465365	 91.464014	  91.46289	 91.461991	 91.461318	 91.460869	 91.460644	
        99	 98.916104	 98.832222	 98.748364	 98.664545	 98.580777	 98.497073	 98.413445	 98.329906	 98.246468	 98.163145	 98.079949	 97.996892	 97.913986	 97.831244	 97.748678	 97.666301	 97.584123	 97.502158	 97.420418	 97.338913	 97.257656	 97.176658	 97.095931	 97.015486	 96.935334	 96.855487	 96.775955	 96.696749	  96.61788	 96.539358	 96.461194	 96.383398	  96.30598	 96.228949	 96.152317	 96.076091	 96.000282	 95.924899	  95.84995	 95.775445	 95.701392	   95.6278	 95.554677	 95.482032	 95.409871	 95.338202	 95.267034	 95.196374	 95.126228	 95.056603	 94.987506	 94.918944	 94.850923	 94.783448	 94.716526	 94.650162	 94.584362	  94.51913	 94.454473	 94.390393	 94.326897	 94.263988	 94.201671	 94.139949	 94.078826	 94.018305	  93.95839	 93.899084	  93.84039	 93.782309	 93.724845	    93.668	 93.611775	 93.556173	 93.501195	 93.446843	 93.393117	 93.340018	 93.287548	 93.235707	 93.184495	 93.133913	  93.08396	 93.034636	 92.985941	 92.937875	 92.890436	 92.843624	 92.797438	 92.751876	 92.706937	  92.66262	 92.618923	 92.575843	  92.53338	  92.49153	 92.450292	 92.409662	 92.369639	  92.33022	 92.291401	  92.25318	 92.215553	 92.178519	 92.142072	 92.106209	 92.070928	 92.036224	 92.002093	 91.968533	 91.935538	 91.903104	 91.871228	 91.839906	 91.809132	 91.778903	 91.749214	 91.720061	 91.691438	 91.663343	 91.635769	 91.608712	 91.582167	  91.55613	 91.530595	 91.505558	 91.481014	 91.456957	 91.433383	 91.410287	 91.387664	 91.365509	 91.343816	 91.322581	 91.301798	 91.281463	 91.261571	 91.242116	 91.223094	 91.204499	 91.186326	 91.168571	 91.151229	 91.134294	 91.117762	 91.101628	 91.085887	 91.070534	 91.055565	 91.040975	 91.026759	 91.012912	 90.999431	  90.98631	 90.973546	 90.961133	 90.949067	 90.937345	 90.925962	 90.914914	 90.904197	 90.893807	  90.88374	 90.873993	 90.864561	  90.85544	 90.846628	 90.838122	 90.829916	 90.822009	 90.814397	 90.807076	 90.800045	 90.793299	 90.786837	 90.780654	  90.77475	 90.769121	 90.763764	 90.758678	 90.753861	 90.749309	 90.745021	 90.740996	 90.737231	 90.733724	 90.730475	 90.727482	 90.724742	 90.722256	 90.720022	 90.718038	 90.716304	  90.71482	 90.713584	 90.712596	 90.711855	 90.711361	 90.711115	
        99	 98.908531	 98.817075	 98.725648	 98.634262	 98.542932	 98.451671	 98.360494	 98.269413	 98.178444	 98.087599	 97.996892	 97.906336	 97.815946	 97.725735	 97.635716	 97.545901	 97.456306	 97.366941	 97.277821	 97.188959	 97.100366	 97.012057	 96.924042	 96.836335	 96.748947	 96.661892	  96.57518	 96.488824	 96.402835	 96.317225	 96.232004	 96.147185	 96.062778	 95.978794	 95.895243	 95.812136	 95.729483	 95.647295	  95.56558	  95.48435	 95.403612	 95.323376	 95.243652	 95.164448	 95.085773	 95.007635	 94.930042	 94.853003	 94.776524	 94.700614	  94.62528	 94.550528	 94.476366	   94.4028	 94.329837	 94.257482	 94.185742	 94.114621	 94.044127	 93.974263	 93.905035	 93.836447	 93.768504	  93.70121	 93.634569	 93.568585	 93.503261	 93.438601	 93.374608	 93.311284	 93.248633	 93.186656	 93.125355	 93.064734	 93.004793	 92.945534	 92.886958	 92.829066	 92.771859	 92.715338	 92.659503	 92.604354	 92.549891	 92.496115	 92.443024	 92.390619	 92.338897	 92.287859	 92.237504	 92.187829	 92.138833	 92.090516	 92.042873	 91.995905	 91.949608	  91.90398	 91.859019	 91.814722	 91.771086	 91.728108	 91.685784	 91.644113	  91.60309	 91.562712	 91.522975	 91.483875	 91.445408	 91.407572	  91.37036	  91.33377	 91.297796	 91.262434	 91.227681	 91.193531	 91.159979	 91.127021	 91.094652	 91.062867	 91.031661	 91.001029	 90.970965	 90.941466	 90.912525	 90.884137	 90.856297	    90.829	  90.80224	 90.776012	  90.75031	 90.725129	 90.700463	 90.676308	 90.652657	 90.629504	 90.606846	 90.584675	 90.562987	 90.541776	 90.521036	 90.500763	  90.48095	 90.461592	 90.442684	  90.42422	 90.406196	 90.388605	 90.371443	 90.354705	 90.338384	 90.322477	 90.306977	 90.291881	 90.277182	 90.262877	  90.24896	 90.235427	 90.222272	 90.209492	 90.197082	 90.185036	 90.173352	 90.162024	 90.151048	  90.14042	 90.130137	 90.120193	 90.110586	 90.101311	 90.092365	 90.083744	 90.075444	 90.067463	 90.059797	 90.052442	 90.045396	 90.038656	 90.032219	 90.026081	 90.020241	 90.014696	 90.009443	 90.004481	 89.999806	 89.995417	 89.991312	 89.987489	 89.983947	 89.980683	 89.977696	 89.974986	 89.972549	 89.970387	 89.968497	 89.966878	 89.965531	 89.964453	 89.963646	 89.963108	 89.962839	
        99	 98.900971	 98.801957	 98.702973	 98.604034	 98.505156	 98.406352	 98.307639	 98.209031	 98.110543	  98.01219	 97.913986	 97.815946	 97.718086	 97.620418	 97.522959	 97.425722	 97.328721	 97.231971	 97.135485	 97.039278	 96.943364	 96.847755	 96.752466	  96.65751	 96.562901	  96.46865	 96.374772	 96.281278	 96.188182	 96.095496	 96.003233	 95.911403	  95.82002	 95.729095	 95.638638	 95.548663	 95.459179	 95.370198	  95.28173	 95.193785	 95.106374	 95.019508	 94.933194	 94.847444	 94.762267	 94.677671	 94.593665	 94.510258	 94.427459	 94.345275	 94.263714	 94.182784	 94.102493	 94.022847	 93.943853	 93.865518	 93.787849	 93.710851	  93.63453	 93.558892	 93.483942	 93.409685	 93.336127	 93.263271	 93.191122	 93.119685	 93.048962	 92.978958	 92.909676	 92.841118	 92.773289	 92.706189	 92.639823	 92.574191	 92.509296	 92.445139	 92.381722	 92.319045	  92.25711	 92.195918	 92.135468	 92.075761	 92.016797	 91.958576	 91.901098	 91.844361	 91.788365	 91.733109	 91.678591	 91.624811	 91.571766	 91.519455	 91.467875	 91.417025	 91.366901	 91.317502	 91.268825	 91.220867	 91.173624	 91.127094	 91.081273	 91.036158	 90.991744	 90.948028	 90.905007	 90.862676	  90.82103	 90.780066	 90.739779	 90.700164	 90.661218	 90.622934	 90.585308	 90.548335	  90.51201	 90.476328	 90.441284	 90.406872	 90.373087	 90.339923	 90.307375	 90.275437	 90.244104	  90.21337	  90.18323	 90.153676	 90.124704	 90.096308	 90.068482	  90.04122	 90.014516	 89.988364	 89.962758	 89.937693	 89.913161	 89.889158	 89.865678	 89.842713	  89.82026	  89.79831	  89.77686	 89.755902	 89.735432	 89.715442	 89.695928	 89.676883	 89.658303	 89.640181	 89.622511	 89.605289	 89.588509	 89.572165	 89.556252	 89.540764	 89.525697	 89.511045	 89.496803	 89.482967	 89.469531	  89.45649	 89.443839	 89.431575	 89.419692	 89.408186	 89.397053	 89.386287	 89.375886	 89.365845	 89.356159	 89.346825	  89.33784	 89.329199	 89.320899	 89.312937	 89.305308	 89.298011	 89.291042	 89.284397	 89.278074	 89.272071	 89.266384	 89.261011	  89.25595	 89.251199	 89.246755	 89.242616	  89.23878	 89.235247	 89.232013	 89.229079	 89.226441	   89.2241	 89.222053	 89.220301	 89.218842	 89.217676	 89.216801	 89.216219	 89.215928	
        99	 98.893426	 98.786868	 98.680343	 98.573866	 98.467454	 98.361123	 98.254889	 98.148768	 98.042776	  97.93693	 97.831244	 97.725735	 97.620418	  97.51531	 97.410425	  97.30578	 97.201389	 97.097267	 96.993431	 96.889894	 96.786672	 96.683779	  96.58123	 96.479039	 96.377221	  96.27579	 96.174759	 96.074143	 95.973954	 95.874206	 95.774913	 95.676087	 95.577742	 95.479889	 95.382541	  95.28571	 95.189409	 95.093648	  94.99844	 94.903795	 94.809724	 94.716239	  94.62335	 94.531067	   94.4394	 94.348358	 94.257952	 94.168191	 94.079083	 93.990638	 93.902863	 93.815767	 93.729359	 93.643645	 93.558632	 93.474329	 93.390742	 93.307878	 93.225742	 93.144341	 93.063681	 92.983767	 92.904604	 92.826197	 92.748552	 92.671671	 92.595561	 92.520223	 92.445662	 92.371882	 92.298884	 92.226673	  92.15525	 92.084618	 92.014778	 91.945733	 91.877484	 91.810032	 91.743379	 91.677524	 91.612469	 91.548213	 91.484757	   91.4221	 91.360242	 91.299183	  91.23892	 91.179454	 91.120783	 91.062905	 91.005819	 90.949522	 90.894013	 90.839288	 90.785346	 90.732184	 90.679798	 90.628186	 90.577344	 90.527268	 90.477956	 90.429403	 90.381606	  90.33456	 90.288261	 90.242704	 90.197886	 90.153801	 90.110444	 90.067811	 90.025897	 89.984697	 89.944204	 89.904414	 89.865322	 89.826922	 89.789207	 89.752173	 89.715814	 89.680124	 89.645096	 89.610725	 89.577005	 89.543929	 89.511492	 89.479687	 89.448508	 89.417948	 89.388002	 89.358663	 89.329924	  89.30178	 89.274223	 89.247248	 89.220848	 89.195016	 89.169746	 89.145032	 89.120868	 89.097246	 89.074162	 89.051607	 89.029577	 89.008064	 88.987064	 88.966568	 88.946572	 88.927069	 88.908054	 88.889519	  88.87146	 88.853871	 88.836746	 88.820078	 88.803863	 88.788095	 88.772768	 88.757877	 88.743417	 88.729383	 88.715769	  88.70257	 88.689782	 88.677399	 88.665418	 88.653832	 88.642638	 88.631832	 88.621408	 88.611363	 88.601693	 88.592394	 88.583462	 88.574893	 88.566683	  88.55883	  88.55133	 88.544179	 88.537374	 88.530914	 88.524794	 88.519011	 88.513565	 88.508451	 88.503668	 88.499214	 88.495087	 88.491284	 88.487804	 88.484646	 88.481807	 88.479287	 88.477085	 88.475199	 88.473629	 88.472374	 88.471433	 88.470806	 88.470493	
        99	 98.885897	 98.771812	 98.657761	 98.543762	 98.429833	  98.31599	 98.202251	 98.088634	 97.975154	  97.86183	 97.748678	 97.635716	 97.522959	 97.410425	 97.298131	 97.186093	 97.074327	  96.96285	 96.851678	 96.740827	 96.630313	 96.520151	 96.410358	 96.300948	 96.191937	  96.08334	 95.975172	 95.867448	 95.760181	 95.653387	  95.54708	 95.441272	 95.335979	 95.231213	 95.126989	 95.023317	 94.920213	 94.817687	 94.715753	 94.614422	 94.513706	 94.413617	 94.314165	 94.215363	  94.11722	 94.019747	 93.922954	 93.826852	 93.731449	 93.636755	  93.54278	 93.449532	 93.357018	 93.265249	 93.174231	 93.083973	 92.994481	 92.905762	 92.817824	 92.730673	 92.644314	 92.558755	    92.474	 92.390054	 92.306923	 92.224612	 92.143124	 92.062464	 91.982636	 91.903644	 91.825489	 91.748177	 91.671708	 91.596086	 91.521313	  91.44739	  91.37432	 91.302103	 91.230741	 91.160234	 91.090582	 91.021787	 90.953848	 90.886765	 90.820538	 90.755165	 90.690645	 90.626978	 90.564162	 90.502196	 90.441077	 90.380803	 90.321372	 90.262781	 90.205029	  90.14811	 90.092024	 90.036765	 89.982332	 89.928719	 89.875923	 89.823941	 89.772767	 89.722397	 89.672827	 89.624052	 89.576068	 89.528868	 89.482449	 89.436804	 89.391929	 89.347818	 89.304465	 89.261864	  89.22001	 89.178897	 89.138518	 89.098868	  89.05994	 89.021729	 88.984226	 88.947427	 88.911325	 88.875913	 88.841184	 88.807132	 88.773751	 88.741032	 88.708971	 88.677559	  88.64679	 88.616657	 88.587154	 88.558273	 88.530007	 88.502351	 88.475296	 88.448836	 88.422965	 88.397675	 88.372959	 88.348811	 88.325224	 88.302192	 88.279708	 88.257764	 88.236356	 88.215475	 88.195116	 88.175273	 88.155938	 88.137106	 88.118771	 88.100926	 88.083565	 88.066683	 88.050274	 88.034331	 88.018849	 88.003824	 87.989248	 87.975117	 87.961425	 87.948168	 87.935339	 87.922935	 87.910951	 87.899381	 87.888221	 87.877467	 87.867113	 87.857157	 87.847594	  87.83842	  87.82963	 87.821222	 87.813192	 87.805536	 87.798251	 87.791333	 87.784781	  87.77859	 87.772759	 87.767284	 87.762164	 87.757395	 87.752976	 87.748904	 87.745178	 87.741797	 87.738758	  87.73606	 87.733702	 87.731683	 87.730002	 87.728658	 87.727651	  87.72698	 87.726644	
        99	 98.878386	  98.75679	 98.635231	 98.513727	 98.392297	  98.27096	 98.149734	 98.028636	 97.907686	 97.786902	 97.666301	 97.545901	 97.425722	  97.30578	 97.186093	 97.066679	 96.947555	  96.82874	 96.710249	   96.5921	 96.474311	 96.356897	 96.239875	 96.123263	 96.007076	 95.891329	  95.77604	 95.661224	 95.546896	 95.433071	 95.319765	 95.206993	 95.094768	 94.983105	 94.872019	 94.761523	  94.65163	 94.542355	  94.43371	 94.325708	 94.218362	 94.111684	 94.005685	 93.900378	 93.795774	 93.691885	  93.58872	 93.486291	 93.384607	  93.28368	 93.183518	 93.084131	 92.985527	 92.887716	 92.790707	 92.694506	 92.599123	 92.504564	 92.410836	 92.317948	 92.225904	 92.134712	 92.044377	 91.954905	 91.866302	 91.778571	 91.691719	 91.605749	 91.520666	 91.436473	 91.353174	 91.270771	 91.189269	 91.108668	 91.028973	 90.950184	 90.872303	 90.795332	 90.719271	 90.644123	 90.569886	 90.496562	 90.424151	 90.352651	 90.282064	 90.212387	  90.14362	 90.075762	 90.008811	 89.942765	 89.877622	  89.81338	 89.750037	 89.687589	 89.626034	 89.565369	  89.50559	 89.446694	 89.388677	 89.331534	 89.275263	 89.219858	 89.165315	  89.11163	 89.058796	 89.006811	 88.955667	  88.90536	 88.855885	 88.807236	 88.759406	 88.712391	 88.666184	 88.620779	  88.57617	  88.53235	 88.489313	 88.447052	 88.405562	 88.364835	 88.324864	 88.285642	 88.247163	 88.209419	 88.172404	 88.136111	 88.100532	 88.065659	 88.031487	 87.998007	 87.965213	 87.933096	 87.901651	 87.870868	 87.840742	 87.811265	 87.782429	 87.754227	 87.726653	 87.699698	 87.673355	 87.647617	 87.622478	 87.597929	 87.573965	 87.550577	 87.527759	 87.505504	 87.483804	 87.462654	 87.442047	 87.421975	 87.402433	 87.383413	  87.36491	 87.346916	 87.329426	 87.312434	 87.295933	 87.279918	 87.264383	 87.249322	 87.234729	 87.220598	 87.206926	 87.193705	 87.180931	   87.1686	 87.156705	 87.145243	 87.134208	 87.123597	 87.113404	 87.103625	 87.094257	 87.085296	 87.076737	 87.068577	 87.060812	  87.05344	 87.046456	 87.039858	 87.033642	 87.027807	 87.022349	 87.017267	 87.012557	 87.008217	 87.004246	 87.000642	 86.997403	 86.994528	 86.992014	 86.989863	 86.988071	 86.986639	 86.985565	 86.984849	 86.984492	
        99	 98.870892	 98.741804	 98.612755	 98.483765	 98.354853	  98.22604	 98.097344	 97.968785	 97.840382	 97.712155	 97.584123	 97.456306	 97.328721	 97.201389	 97.074327	 96.947555	 96.821092	 96.694955	 96.569164	 96.443735	 96.318688	 96.194039	 96.069808	  95.94601	 95.822664	 95.699786	 95.577393	 95.455502	 95.334129	 95.213291	 95.093004	 94.973283	 94.854143	   94.7356	 94.617669	 94.500365	 94.383701	 94.267693	 94.152354	 94.037697	 93.923737	 93.810485	 93.697955	  93.58616	 93.475111	  93.36482	 93.255298	 93.146558	 93.038609	 92.931463	 92.825129	 92.719618	 92.614939	 92.511102	 92.408115	 92.305987	 92.204726	 92.104341	 92.004838	 91.906226	 91.808511	   91.7117	 91.615799	 91.520815	 91.426752	 91.333616	 91.241412	 91.150145	 91.059819	 90.970439	 90.882007	 90.794527	 90.708002	 90.622436	  90.53783	 90.454186	 90.371506	 90.289793	 90.209046	 90.129267	 90.050456	 89.972614	 89.895741	 89.819836	 89.744899	 89.670929	 89.597925	 89.525886	 89.454809	 89.384694	 89.315537	 89.247337	 89.180091	 89.113795	 89.048448	 88.984045	 88.920582	 88.858057	 88.796465	 88.735802	 88.676064	 88.617245	 88.559341	 88.502348	 88.446259	  88.39107	 88.336775	 88.283369	 88.230845	 88.179198	 88.128422	 88.078509	 88.029455	 87.981253	 87.933895	 87.887375	 87.841686	 87.796822	 87.752775	 87.709538	 87.667104	 87.625466	 87.584616	 87.544547	 87.505251	 87.466721	  87.42895	 87.391929	 87.355651	 87.320108	 87.285293	 87.251198	 87.217815	 87.185136	 87.153153	  87.12186	 87.091247	 87.061308	 87.032034	 87.003418	 86.975452	 86.948129	  86.92144	 86.895379	 86.869938	 86.845109	 86.820885	 86.797258	 86.774222	 86.751769	 86.729892	 86.708583	 86.687837	 86.667645	 86.648002	 86.628899	 86.610332	 86.592293	 86.574775	 86.557774	 86.541281	 86.525292	 86.509799	 86.494799	 86.480283	 86.466248	 86.452688	 86.439596	 86.426969	   86.4148	 86.403085	  86.39182	 86.380999	 86.370618	 86.360673	 86.351159	 86.342073	  86.33341	 86.325167	  86.31734	 86.309926	 86.302921	 86.296323	 86.290128	 86.284334	 86.278938	 86.273938	 86.269331	 86.265116	 86.261289	 86.257851	 86.254798	  86.25213	 86.249846	 86.247944	 86.246423	 86.245283	 86.244524	 86.244144	
