Time step 11:
        99	        99	        99	        99	        99	        99	        99	        99	        99	        99	        99	        99	        99	        99	        99	        99	        99	        99	        99	        99	        99	        99	        99	        99	        99	        99	        99	        99	        99	        99	        99	        99	        99	        99	        99	        99	        99	        99	        99	        99	        99	        99	        99	        99	        99	        99	        99	        99	        99	        99	        99	        99	        99	        99	        99	        99	        99	        99	        99	        99	        99	        99	        99	        99	        99	        99	        99	        99	        99	        99	        99	        99	        99	        99	        99	        99	        99	        99	        99	        99	        99	        99	        99	        99	        99	        99	        99	        99	        99	        99	        99	        99	        99	        99	        99	        99	        99	        99	        99	        99	        99	        99	        99	        99	        99	        99	        99	        99	        99	        99	        99	        99	        99	        99	        99	        99	        99	        99	        99	        99	        99	        99	        99	        99	        99	        99	        99	        99	        99	        99	        99	        99	        99	        99	        99	        99	        99	        99	        99	        99	        99	        99	        99	        99	        99	        99	        99	        99	        99	        99	        99	        99	        99	        99	        99	        99	        99	        99	        99	        99	        99	        99	        99	        99	        99	        99	        99	        99	        99	        99	        99	        99	        99	        99	        99	        99	        99	        99	        99	        99	        99	        99	        99	        99	        99	        99	        99	        99	        99	        99	        99	        99	        99	        99	        99	        99	        99	        99	        99	        99	
        99	  98.94229	 98.884646	 98.827134	  98.76982	 98.712768	 98.656044	 98.599708	 98.543824	  98.48845	 98.433646	 98.379467	 98.325968	 98.273202	 98.221216	  98.17006	 98.119778	  98.07041	 98.021997	 97.974574	 97.928174	 97.882827	 97.838561	 97.795398	  97.75336	 97.712465	 97.672727	 97.634157	 97.596764	 97.560554	  97.52553	 97.491691	 97.459036	 97.427558	  97.39725	 97.368102	 97.340102	 97.313235	 97.287486	 97.262835	 97.239264	  97.21675	 97.195271	 97.174803	  97.15532	 97.136797	 97.119206	  97.10252	  97.08671	 97.071747	 97.057602	 97.044246	 97.031649	 97.019782	 97.008615	 96.998119	 96.988265	 96.979024	 96.970368	 96.962269	   96.9547	 96.947635	 96.941048	 96.934912	 96.929205	 96.923901	 96.918978	 96.914415	 96.910189	  96.90628	 96.902668	 96.899335	 96.896263	 96.893434	 96.890832	 96.888442	 96.886249	 96.884239	 96.882399	 96.880716	 96.879179	 96.877777	 96.876499	 96.875336	 96.874278	 96.873318	 96.872446	 96.871657	 96.870942	 96.870296	 96.869713	 96.869186	 96.868712	 96.868285	 96.867902	 96.867558	 96.867249	 96.866972	 96.866724	 96.866503	 96.866306	 96.866129	 96.865972	 96.865833	 96.865709	 96.865599	 96.865501	 96.865414	 96.865338	  96.86527	 96.865211	 96.865158	 96.865112	 96.865071	 96.865035	 96.865004	 96.864976	 96.864952	 96.864931	 96.864912	 96.864896	 96.864882	  96.86487	 96.864859	  96.86485	 96.864842	 96.864835	 96.864829	 96.864824	  96.86482	 96.864816	 96.864812	 96.864809	 96.864807	 96.864805	 96.864803	 96.864802	   96.8648	 96.864799	 96.864798	 96.864797	 96.864797	 96.864796	 96.864795	 96.864795	 96.864795	 96.864794	 96.864794	 96.864794	 96.864794	 96.864793	 96.864793	 96.864793	 96.864793	 96.864793	 96.864793	 96.864793	 96.864793	 96.864793	 96.864793	 96.864793	 96.864793	 96.864793	 96.864793	 96.864793	 96.864793	 96.864793	 96.864793	 96.864793	 96.864793	 96.864793	 96.864793	 96.864793	 96.864793	 96.864793	 96.864793	 96.864793	 96.864793	 96.864793	 96.864793	 96.864793	 96.864793	 96.864793	 96.864793	 96.864793	 96.864793	 96.864793	 96.864793	 96.864793	 96.864793	 96.864793	 96.864793	 96.864793	 96.864793	 96.864793	 96.864793	 96.864793	 96.864793	 96.864793	 96.864793	
        99	 98.884646	 98.769424	 98.654466	 98.539904	 98.425866	 98.312482	 98.199876	 98.088171	 97.977487	 97.867941	 97.759646	  97.65271	 97.547237	 97.443327	 97.341073	 97.240565	 97.141887	 97.045116	 96.950324	 96.857577	 96.766936	 96.678454	 96.592178	 96.508151	 96.426407	 96.346976	 96.269881	 96.195139	 96.122761	 96.052752	 95.985114	  95.91984	  95.85692	 95.796339	 95.738077	 95.682109	 95.628406	 95.576937	 95.527664	 95.480548	 95.435546	 95.392613	   95.3517	 95.312757	 95.275732	  95.24057	 95.207217	 95.175615	 95.145706	 95.117433	 95.090736	 95.065557	 95.041836	 95.019515	 94.998535	 94.978838	 94.960367	 94.943065	 94.926877	 94.911748	 94.897626	 94.884458	 94.872194	 94.860785	 94.850184	 94.840345	 94.831222	 94.822775	 94.814962	 94.807743	  94.80108	 94.794939	 94.789285	 94.784085	 94.779307	 94.774924	 94.770906	 94.767228	 94.763865	 94.760792	 94.757989	 94.755435	  94.75311	 94.750996	 94.749076	 94.747334	 94.745756	 94.744327	 94.743036	 94.741869	 94.740818	  94.73987	 94.739017	  94.73825	 94.737562	 94.736945	 94.736392	 94.735897	 94.735454	 94.735059	 94.734707	 94.734394	 94.734115	 94.733867	 94.733646	 94.733451	 94.733278	 94.733125	  94.73299	 94.732871	 94.732766	 94.732673	 94.732591	  94.73252	 94.732457	 94.732402	 94.732354	 94.732312	 94.732275	 94.732243	 94.732215	  94.73219	 94.732169	  94.73215	 94.732134	 94.732121	 94.732109	 94.732098	 94.732089	 94.732081	 94.732075	 94.732069	 94.732064	  94.73206	 94.732056	 94.732053	  94.73205	 94.732048	 94.732046	 94.732045	 94.732043	 94.732042	 94.732041	  94.73204	 94.732039	 94.732039	 94.732038	 94.732038	 94.732037	 94.732037	 94.732037	 94.732037	 94.732036	 94.732036	 94.732036	 94.732036	 94.732036	 94.732036	 94.732036	 94.732036	 94.732036	 94.732036	 94.732036	 94.732035	 94.732035	 94.732035	 94.732035	 94.732035	 94.732035	 94.732035	 94.732035	 94.732035	 94.732035	 94.732035	 94.732035	 94.732035	 94.732035	 94.732035	 94.732035	 94.732035	 94.732035	 94.732035	 94.732035	 94.732035	 94.732035	 94.732035	 94.732035	 94.732035	 94.732035	 94.732035	 94.732035	 94.732035	 94.732035	 94.732035	 94.732035	 94.732035	 94.732035	 94.732035	 94.732035	
        99	 98.827134	 98.654466	 98.482195	 98.310515	 98.139622	 97.969708	  97.80096	 97.633563	 97.467696	 97.303534	 97.141247	 96.980996	 96.822938	 96.667221	 96.513987	 96.363369	 96.215493	 96.070475	 95.928423	 95.789436	 95.653604	 95.521008	 95.391718	 95.265798	   95.1433	 95.024267	 94.908734	 94.796728	 94.688264	 94.583352	 94.481991	 94.384174	 94.289885	   94.1991	  94.11179	 94.027918	 93.947442	 93.870311	 93.796472	 93.725866	 93.658428	 93.594089	 93.532779	  93.47442	 93.418936	 93.366244	 93.316261	 93.268903	 93.224083	 93.181714	 93.141707	 93.103974	 93.068427	 93.034978	 93.003537	  92.97402	  92.94634	 92.920411	 92.896152	 92.873481	 92.852318	 92.832585	 92.814207	  92.79711	 92.781224	 92.766478	 92.752808	 92.740149	  92.72844	 92.717622	 92.707639	 92.698436	 92.689962	 92.682169	  92.67501	 92.668441	  92.66242	 92.656908	 92.651868	 92.647264	 92.643064	 92.639236	 92.635751	 92.632583	 92.629706	 92.627096	 92.624731	  92.62259	 92.620655	 92.618907	 92.617331	  92.61591	 92.614632	 92.613483	 92.612452	 92.611527	 92.610698	 92.609956	 92.609293	 92.608702	 92.608174	 92.607704	 92.607286	 92.606914	 92.606584	 92.606291	 92.606032	 92.605803	 92.605601	 92.605422	 92.605264	 92.605125	 92.605003	 92.604896	 92.604802	 92.604719	 92.604647	 92.604584	 92.604529	  92.60448	 92.604438	 92.604402	  92.60437	 92.604342	 92.604318	 92.604298	  92.60428	 92.604264	 92.604251	 92.604239	 92.604229	  92.60422	 92.604213	 92.604207	 92.604201	 92.604196	 92.604192	 92.604189	 92.604186	 92.604184	 92.604182	  92.60418	 92.604178	 92.604177	 92.604176	 92.604175	 92.604174	 92.604173	 92.604173	 92.604172	 92.604172	 92.604172	 92.604171	 92.604171	 92.604171	 92.604171	 92.604171	  92.60417	  92.60417	  92.60417	  92.60417	  92.60417	  92.60417	  92.60417	  92.60417	  92.60417	  92.60417	  92.60417	  92.60417	  92.60417	  92.60417	  92.60417	  92.60417	  92.60417	  92.60417	  92.60417	  92.60417	  92.60417	  92.60417	  92.60417	  92.60417	  92.60417	  92.60417	  92.60417	  92.60417	  92.60417	  92.60417	  92.60417	  92.60417	  92.60417	  92.60417	  92.60417	  92.60417	  92.60417	  92.60417	  92.60417	  92.60417	  92.60417	  92.60417	
        99	  98.76982	 98.539904	 98.310515	 98.081915	 97.854363	 97.628113	 97.403416	 97.180518	 96.959658	 96.741068	 96.524974	 96.311591	 96.101129	 95.893784	 95.689745	  95.48919	 95.292285	 95.099186	 94.910037	 94.724968	 94.544101	 94.367542	 94.195386	 94.027717	 93.864604	 93.706106	 93.552268	 93.403126	 93.258701	 93.119005	 92.984038	 92.853789	 92.728237	 92.607353	 92.491095	 92.379416	 92.272257	 92.169553	 92.071233	 91.977217	  91.88742	  91.80175	 91.720112	 91.642404	 91.568524	 91.498362	 91.431807	 91.368748	 91.309068	 91.252651	  91.19938	 91.149137	 91.101804	 91.057264	   91.0154	 90.976096	 90.939238	 90.904713	 90.872411	 90.842223	 90.814043	 90.787768	 90.763296	 90.740531	 90.719377	 90.699743	 90.681541	 90.664685	 90.649094	 90.634689	 90.621395	 90.609141	 90.597858	 90.587481	 90.577949	 90.569202	 90.561185	 90.553845	 90.547134	 90.541003	  90.53541	 90.530313	 90.525673	 90.521455	 90.517624	 90.514148	 90.510999	 90.508148	 90.505571	 90.503244	 90.501145	 90.499254	 90.497552	 90.496023	 90.494649	 90.493417	 90.492313	 90.491326	 90.490443	 90.489655	 90.488953	 90.488327	  90.48777	 90.487275	 90.486836	 90.486446	 90.486101	 90.485796	 90.485526	 90.485288	 90.485078	 90.484893	 90.484731	 90.484588	 90.484463	 90.484353	 90.484256	 90.484172	 90.484099	 90.484034	 90.483979	  90.48393	 90.483887	 90.483851	 90.483819	 90.483791	 90.483767	 90.483746	 90.483728	 90.483713	   90.4837	 90.483688	 90.483678	  90.48367	 90.483663	 90.483656	 90.483651	 90.483647	 90.483643	 90.483639	 90.483637	 90.483634	 90.483632	  90.48363	 90.483629	 90.483628	 90.483627	 90.483626	 90.483625	 90.483624	 90.483624	 90.483623	 90.483623	 90.483623	 90.483622	 90.483622	 90.483622	 90.483622	 90.483622	 90.483622	 90.483621	 90.483621	 90.483621	 90.483621	 90.483621	 90.483621	 90.483621	 90.483621	 90.483621	 90.483621	 90.483621	 90.483621	 90.483621	 90.483621	 90.483621	 90.483621	 90.483621	 90.483621	 90.483621	 90.483621	 90.483621	 90.483621	 90.483621	 90.483621	 90.483621	 90.483621	 90.483621	 90.483621	 90.483621	 90.483621	 90.483621	 90.483621	 90.483621	 90.483621	 90.483621	 90.483621	 90.483621	 90.483621	 90.483621	
        99	 98.712768	 98.425866	 98.139622	 97.854363	  97.57041	 97.288083	 97.007694	 96.729549	 96.453948	 96.181179	 95.911525	 95.645254	 95.382627	 95.123891	  94.86928	 94.619016	 94.373307	 94.132347	 93.896316	 93.665378	 93.439681	 93.219361	 93.004536	 92.795308	 92.591767	 92.393984	 92.202017	 92.015909	 91.835688	 91.661367	 91.492948	 91.330416	 91.173746	 91.022899	 90.877827	 90.738467	 90.604748	 90.476589	 90.353899	 90.236581	 90.124527	 90.017623	  89.91575	 89.818783	 89.726591	 89.639038	 89.555988	 89.477299	 89.402827	 89.332427	 89.265952	 89.203256	 89.144192	 89.088612	 89.036371	 88.987326	 88.941332	 88.898251	 88.857942	 88.820272	 88.785107	  88.75232	 88.721783	 88.693375	 88.666978	 88.642478	 88.619764	  88.59873	 88.579274	 88.561299	 88.544711	 88.529419	  88.51534	 88.502391	 88.490496	 88.479581	 88.469577	 88.460418	 88.452043	 88.444393	 88.437414	 88.431054	 88.425264	     88.42	 88.415219	 88.410882	 88.406952	 88.403395	 88.400179	 88.397276	 88.394656	 88.392297	 88.390173	 88.388264	  88.38655	 88.385013	 88.383635	 88.382403	 88.381302	 88.380319	 88.379442	 88.378661	 88.377966	 88.377348	   88.3768	 88.376314	 88.375883	 88.375502	 88.375166	 88.374869	 88.374607	 88.374376	 88.374173	 88.373995	 88.373839	 88.373701	 88.373581	 88.373476	 88.373385	 88.373304	 88.373235	 88.373174	 88.373121	 88.373075	 88.373035	 88.373001	 88.372971	 88.372945	 88.372923	 88.372903	 88.372887	 88.372872	  88.37286	  88.37285	 88.372841	 88.372833	 88.372826	  88.37282	 88.372816	 88.372811	 88.372808	 88.372805	 88.372802	   88.3728	 88.372798	 88.372797	 88.372796	 88.372794	 88.372793	 88.372793	 88.372792	 88.372791	 88.372791	 88.372791	  88.37279	  88.37279	  88.37279	  88.37279	 88.372789	 88.372789	 88.372789	 88.372789	 88.372789	 88.372789	 88.372789	 88.372789	 88.372789	 88.372789	 88.372789	 88.372789	 88.372789	 88.372789	 88.372789	 88.372789	 88.372789	 88.372789	 88.372789	 88.372789	 88.372789	 88.372789	 88.372789	 88.372789	 88.372789	 88.372789	 88.372789	 88.372789	 88.372789	 88.372789	 88.372789	 88.372789	 88.372789	 88.372789	 88.372789	 88.372789	 88.372789	 88.372789	 88.372789	 88.372789	 88.372789	
        99	 98.656044	 98.312482	 97.969708	 97.628113	 97.288083	 96.949999	 96.614237	 96.281162	 95.951132	 95.624495	 95.301587	 94.982731	 94.668238	 94.358404	 94.053511	 93.753823	  93.45959	 93.171043	 92.888399	 92.611852	 92.341584	 92.077753	 91.820502	 91.569955	 91.326216	 91.089373	 90.859495	 90.636633	  90.42082	 90.212073	 90.010393	 89.815763	 89.628152	 89.447516	 89.273793	 89.106911	 88.946784	 88.793315	 88.646396	 88.505908	 88.371725	 88.243709	 88.121718	   88.0056	 87.895201	 87.790358	 87.690907	 87.596677	 87.507498	 87.423194	 87.343592	 87.268514	 87.197785	 87.131229	 87.068672	  87.00994	 86.954864	 86.903274	 86.855005	 86.809895	 86.767786	 86.728523	 86.691956	 86.657938	 86.626328	 86.596989	 86.569789	 86.544601	 86.521303	 86.499778	 86.479913	 86.461602	 86.444742	 86.429236	 86.414992	 86.401921	 86.389942	 86.378974	 86.368945	 86.359785	 86.351427	 86.343811	 86.336878	 86.330574	 86.324849	 86.319655	 86.314949	  86.31069	 86.306839	 86.303362	 86.300225	   86.2974	 86.294856	  86.29257	 86.290518	 86.288677	 86.287028	 86.285552	 86.284234	 86.283056	 86.282006	 86.281071	 86.280239	 86.279499	 86.278843	  86.27826	 86.277745	 86.277289	 86.276886	  86.27653	 86.276216	  86.27594	 86.275697	 86.275484	 86.275296	 86.275132	 86.274988	 86.274863	 86.274753	 86.274657	 86.274573	   86.2745	 86.274437	 86.274382	 86.274334	 86.274293	 86.274257	 86.274226	   86.2742	 86.274176	 86.274157	 86.274139	 86.274125	 86.274112	 86.274101	 86.274092	 86.274084	 86.274077	 86.274071	 86.274066	 86.274062	 86.274059	 86.274056	 86.274053	 86.274051	 86.274049	 86.274047	 86.274046	 86.274045	 86.274044	 86.274043	 86.274042	 86.274042	 86.274041	 86.274041	 86.274041	  86.27404	  86.27404	  86.27404	  86.27404	  86.27404	  86.27404	 86.274039	 86.274039	 86.274039	 86.274039	 86.274039	 86.274039	 86.274039	 86.274039	 86.274039	 86.274039	 86.274039	 86.274039	 86.274039	 86.274039	 86.274039	 86.274039	 86.274039	 86.274039	 86.274039	 86.274039	 86.274039	 86.274039	 86.274039	 86.274039	 86.274039	 86.274039	 86.274039	 86.274039	 86.274039	 86.274039	 86.274039	 86.274039	 86.274039	 86.274039	 86.274039	 86.274039	 86.274039	
        99	 98.599708	 98.199876	  97.80096	 97.403416	 97.007694	 96.614237	 96.223481	 95.835853	 95.451769	 95.071633	 94.695837	 94.324757	 93.958754	 93.598173	 93.243342	 92.894569	 92.552145	 92.216338	   91.8874	  91.56556	 91.251025	 90.943982	 90.644597	 90.353013	 90.069353	 89.793719	  89.52619	 89.266826	 89.015666	 88.772729	 88.538016	 88.311508	  88.09317	 87.882947	 87.680771	 87.486556	 87.300202	 87.121597	 86.950615	 86.787117	 86.630956	 86.481973	 86.340001	 86.204865	 86.076384	  85.95437	 85.838629	 85.728966	  85.62518	 85.527069	 85.434429	 85.347054	 85.264741	 85.187284	  85.11448	 85.046129	 84.982032	 84.921992	 84.865818	  84.81332	 84.764314	  84.71862	 84.676063	 84.636474	 84.599686	 84.565542	 84.533887	 84.504574	  84.47746	  84.45241	 84.429292	 84.407981	  84.38836	 84.370314	 84.353737	 84.338525	 84.324584	  84.31182	 84.300148	 84.289488	 84.279761	 84.270897	 84.262828	 84.255492	 84.248829	 84.242785	 84.237308	 84.232351	  84.22787	 84.223823	 84.220173	 84.216884	 84.213925	 84.211264	 84.208876	 84.206733	 84.204814	 84.203097	 84.201562	 84.200191	 84.198969	 84.197881	 84.196913	 84.196052	 84.195288	  84.19461	  84.19401	  84.19348	 84.193011	 84.192597	 84.192232	  84.19191	 84.191627	 84.191379	 84.191161	  84.19097	 84.190802	 84.190656	 84.190528	 84.190417	 84.190319	 84.190235	 84.190161	 84.190097	 84.190041	 84.189993	 84.189952	 84.189916	 84.189884	 84.189858	 84.189834	 84.189814	 84.189797	 84.189783	  84.18977	 84.189759	  84.18975	 84.189742	 84.189735	 84.189729	 84.189725	  84.18972	 84.189717	 84.189714	 84.189711	 84.189709	 84.189707	 84.189706	 84.189704	 84.189703	 84.189702	 84.189702	 84.189701	   84.1897	   84.1897	 84.189699	 84.189699	 84.189699	 84.189699	 84.189698	 84.189698	 84.189698	 84.189698	 84.189698	 84.189698	 84.189698	 84.189698	 84.189698	 84.189698	 84.189698	 84.189698	 84.189698	 84.189698	 84.189698	 84.189698	 84.189698	 84.189698	 84.189698	 84.189698	 84.189698	 84.189698	 84.189698	 84.189698	 84.189698	 84.189698	 84.189698	 84.189698	 84.189698	 84.189698	 84.189698	 84.189698	 84.189698	 84.189698	 84.189698	 84.189698	 84.189698	 84.189698	 84.189698	 84.189698	
        99	 98.543824	 98.088171	 97.633563	 97.180518	 96.729549	 96.281162	 95.835853	 95.394108	 94.956402	 94.523196	 94.094935	 93.672049	 93.254949	 92.844028	 92.439659	 92.042194	 91.651964	 91.269276	 90.894415	 90.527642	 90.169195	 89.819286	 89.478104	 89.145813	 88.822551	 88.508436	 88.203557	 87.907983	 87.621759	 87.344906	 87.077425	 86.819295	 86.570474	 86.330902	   86.1005	 85.879171	 85.666801	 85.463261	 85.268408	 85.082084	 84.904122	 84.734339	 84.572547	 84.418545	 84.272126	 84.133078	 84.001179	 83.876206	  83.75793	 83.646122	 83.540548	 83.440975	  83.34717	 83.258899	 83.175932	 83.098038	 83.024992	 82.956571	 82.892553	 82.832726	 82.776879	 82.724806	 82.676308	 82.631191	 82.589268	 82.550357	 82.514283	 82.480877	 82.449978	  82.42143	 82.395084	 82.370799	 82.348438	 82.327873	 82.308981	 82.291646	 82.275758	 82.261213	 82.247911	 82.235762	 82.224678	 82.214576	 82.205381	 82.197021	 82.189428	  82.18254	 82.176298	 82.170649	 82.165542	  82.16093	 82.156771	 82.153023	  82.14965	 82.146618	 82.143896	 82.141455	 82.139267	  82.13731	 82.135561	    82.134	 82.132607	 82.131367	 82.130263	 82.129282	 82.128411	 82.127639	 82.126956	 82.126351	 82.125816	 82.125344	 82.124928	 82.124562	  82.12424	 82.123957	 82.123708	  82.12349	   82.1233	 82.123133	 82.122987	  82.12286	 82.122749	 82.122653	 82.122569	 82.122496	 82.122432	 82.122378	  82.12233	 82.122289	 82.122254	 82.122223	 82.122197	 82.122174	 82.122154	 82.122138	 82.122123	 82.122111	   82.1221	 82.122091	 82.122084	 82.122077	 82.122071	 82.122067	 82.122063	 82.122059	 82.122056	 82.122054	 82.122052	  82.12205	 82.122048	 82.122047	 82.122046	 82.122045	 82.122044	 82.122044	 82.122043	 82.122043	 82.122042	 82.122042	 82.122042	 82.122042	 82.122041	 82.122041	 82.122041	 82.122041	 82.122041	 82.122041	 82.122041	 82.122041	 82.122041	 82.122041	 82.122041	 82.122041	 82.122041	 82.122041	 82.122041	 82.122041	 82.122041	 82.122041	 82.122041	 82.122041	 82.122041	 82.122041	 82.122041	 82.122041	 82.122041	 82.122041	 82.122041	 82.122041	 82.122041	 82.122041	 82.122041	 82.122041	 82.122041	 82.122041	 82.122041	 82.122041	 82.122041	 82.122041	 82.122041	
        99	  98.48845	 97.977487	 97.467696	 96.959658	 96.453948	 95.951132	 95.451769	 94.956402	 94.465565	 93.979774	 93.499528	 93.025309	 92.557579	 92.096777	 91.643324	 91.197612	 90.760013	 90.330872	 89.910508	 89.499214	 89.097256	 88.704873	 88.322277	  87.94965	 87.587149	 87.234904	 86.893017	 86.561565	 86.240597	 85.930138	 85.630188	 85.340724	   85.0617	 84.793048	 84.534678	 84.286483	 84.048334	 83.820087	 83.601581	 83.392641	 83.193076	 83.002684	 82.821252	 82.648556	 82.484365	 82.328437	 82.180528	 82.040385	 81.907752	 81.782372	 81.663983	 81.552323	 81.447131	 81.348146	 81.255107	 81.167759	 81.085846	 81.009119	 80.937331	 80.870241	 80.807614	  80.74922	 80.694835	 80.644242	  80.59723	 80.553596	 80.513143	 80.475682	 80.441033	 80.409019	 80.379475	 80.352242	 80.327167	 80.304106	 80.282921	 80.263482	 80.245665	 80.229354	 80.214438	 80.200814	 80.188384	 80.177056	 80.166745	  80.15737	 80.148855	 80.141131	 80.134132	 80.127797	  80.12207	 80.116899	 80.112234	 80.108031	 80.104249	 80.100849	 80.097797	 80.095059	 80.092606	 80.090412	  80.08845	 80.086699	 80.085137	 80.083746	 80.082508	 80.081409	 80.080432	 80.079566	   80.0788	 80.078121	 80.077522	 80.076993	 80.076526	 80.076116	 80.075754	 80.075437	 80.075158	 80.074914	   80.0747	 80.074513	  80.07435	 80.074207	 80.074083	 80.073974	  80.07388	 80.073798	 80.073727	 80.073666	 80.073613	 80.073567	 80.073527	 80.073493	 80.073463	 80.073438	 80.073416	 80.073397	 80.073381	 80.073367	 80.073355	 80.073345	 80.073336	 80.073329	 80.073323	 80.073317	 80.073313	 80.073309	 80.073306	 80.073303	 80.073301	 80.073299	 80.073297	 80.073295	 80.073294	 80.073293	 80.073292	 80.073292	 80.073291	 80.073291	  80.07329	  80.07329	  80.07329	 80.073289	 80.073289	 80.073289	 80.073289	 80.073289	 80.073289	 80.073289	 80.073288	 80.073288	 80.073288	 80.073288	 80.073288	 80.073288	 80.073288	 80.073288	 80.073288	 80.073288	 80.073288	 80.073288	 80.073288	 80.073288	 80.073288	 80.073288	 80.073288	 80.073288	 80.073288	 80.073288	 80.073288	 80.073288	 80.073288	 80.073288	 80.073288	 80.073288	 80.073288	 80.073288	 80.073288	 80.073288	 80.073288	 80.073288	 80.073288	
        99	 98.433646	 97.867941	 97.303534	 96.741068	 96.181179	 95.624495	 95.071633	 94.523196	 93.979774	 93.441938	 92.910241	 92.385217	 91.867377	 91.357209	 90.855175	 90.361712	 89.877231	 89.402115	 88.936716	 88.481358	 88.036337	 87.601917	 87.178331	 86.765783	 86.364446	 85.974464	  85.59595	 85.228987	 84.873633	 84.529913	 84.197828	 83.877353	 83.568436	 83.271002	 82.984952	 82.710167	 82.446504	 82.193804	 81.951889	 81.720564	 81.499619	  81.28883	  81.08796	 80.896763	 80.714981	 80.542349	 80.378593	 80.223436	 80.076594	 79.937781	 79.806708	 79.683086	 79.566625	 79.457035	 79.354029	 79.257322	 79.166634	 79.081686	 79.002207	  78.92793	 78.858594	 78.793944	 78.733733	 78.677719	 78.625671	 78.577362	 78.532575	 78.491101	 78.452739	 78.417296	 78.384587	 78.354436	 78.326675	 78.301143	 78.277688	 78.256166	 78.236441	 78.218382	 78.201868	 78.186785	 78.173023	 78.160482	 78.149066	 78.138686	 78.129259	 78.120708	 78.112959	 78.105945	 78.099605	 78.093879	 78.088715	 78.084062	 78.079874	  78.07611	 78.072731	   78.0697	 78.066984	 78.064554	 78.062383	 78.060444	 78.058715	 78.057175	 78.055805	 78.054587	 78.053506	 78.052548	 78.051699	 78.050948	 78.050284	 78.049698	 78.049182	 78.048727	 78.048327	 78.047976	 78.047667	 78.047397	  78.04716	 78.046953	 78.046772	 78.046614	 78.046476	 78.046356	 78.046252	 78.046162	 78.046083	 78.046015	 78.045956	 78.045905	 78.045861	 78.045823	  78.04579	 78.045762	 78.045738	 78.045717	 78.045699	 78.045684	 78.045671	 78.045659	  78.04565	 78.045642	 78.045635	 78.045629	 78.045624	  78.04562	 78.045616	 78.045613	  78.04561	 78.045608	 78.045606	 78.045605	 78.045603	 78.045602	 78.045601	 78.045601	   78.0456	 78.045599	 78.045599	 78.045598	 78.045598	 78.045598	 78.045598	 78.045597	 78.045597	 78.045597	 78.045597	 78.045597	 78.045597	 78.045597	 78.045597	 78.045597	 78.045597	 78.045597	 78.045597	 78.045597	 78.045597	 78.045597	 78.045597	 78.045597	 78.045597	 78.045597	 78.045597	 78.045597	 78.045597	 78.045597	 78.045597	 78.045597	 78.045597	 78.045597	 78.045597	 78.045597	 78.045597	 78.045597	 78.045597	 78.045597	 78.045597	 78.045597	 78.045597	 78.045597	 78.045597	
        99	 98.379467	 97.759646	 97.141247	 96.524974	 95.911525	 95.301587	 94.695837	 94.094935	 93.499528	 92.910241	 92.327681	 91.752432	 91.185055	 90.626082	 90.076023	 89.535354	 89.004527	  88.48396	  87.97404	 87.475122	 86.987529	 86.511551	 86.047444	 85.595431	 85.155701	 84.728413	 84.313689	 83.911622	 83.522273	 83.145672	  82.78182	 82.430688	 82.092219	 81.766332	 81.452918	 81.151845	  80.86296	 80.586086	 80.321029	 80.067575	 79.825494	  79.59454	 79.374455	 79.164967	 78.965796	 78.776649	 78.597228	 78.427228	 78.266339	 78.114247	 77.970636	 77.835188	 77.707585	 77.587511	 77.474652	 77.368694	  77.26933	 77.176256	 77.089174	 77.007792	 76.931823	 76.860988	 76.795017	 76.733645	 76.676617	 76.623687	 76.574616	 76.529174	 76.487143	 76.448309	 76.412471	 76.379436	 76.349019	 76.321044	 76.295346	 76.271765	 76.250153	 76.230367	 76.212273	 76.195747	 76.180668	 76.166928	  76.15442	 76.143047	 76.132718	 76.123348	 76.114858	 76.107174	 76.100227	 76.093954	 76.088295	 76.083197	 76.078609	 76.074485	 76.070782	 76.067461	 76.064486	 76.061824	 76.059444	  76.05732	 76.055425	 76.053738	 76.052237	 76.050903	 76.049718	 76.048668	 76.047738	 76.046915	 76.046188	 76.045546	  76.04498	 76.044482	 76.044044	 76.043659	 76.043321	 76.043024	 76.042765	 76.042538	  76.04234	 76.042167	 76.042016	 76.041885	  76.04177	 76.041671	 76.041585	  76.04151	 76.041446	  76.04139	 76.041342	   76.0413	 76.041264	 76.041233	 76.041207	 76.041184	 76.041164	 76.041148	 76.041133	 76.041121	 76.041111	 76.041102	 76.041094	 76.041087	 76.041082	 76.041077	 76.041073	  76.04107	 76.041067	 76.041065	 76.041063	 76.041061	  76.04106	 76.041058	 76.041057	 76.041056	 76.041056	 76.041055	 76.041055	 76.041054	 76.041054	 76.041054	 76.041053	 76.041053	 76.041053	 76.041053	 76.041053	 76.041053	 76.041052	 76.041052	 76.041052	 76.041052	 76.041052	 76.041052	 76.041052	 76.041052	 76.041052	 76.041052	 76.041052	 76.041052	 76.041052	 76.041052	 76.041052	 76.041052	 76.041052	 76.041052	 76.041052	 76.041052	 76.041052	 76.041052	 76.041052	 76.041052	 76.041052	 76.041052	 76.041052	 76.041052	 76.041052	 76.041052	 76.041052	 76.041052	 76.041052	
        99	 98.325968	  97.65271	 96.980996	 96.311591	 95.645254	 94.982731	 94.324757	 93.672049	 93.025309	 92.385217	 91.752432	 91.127589	 90.511295	 89.904131	 89.306649	 88.719367	 88.142775	 87.577328	 87.023445	 86.481514	 85.951883	 85.434869	 84.930749	 84.439766	 83.962126	 83.497999	  83.04752	 82.610789	 82.187873	 81.778804	 81.383582	 81.002177	 80.634528	 80.280544	  79.94011	  79.61308	 79.299289	 78.998545	 78.710636	 78.435331	 78.172379	 77.921513	 77.682454	 77.454906	 77.238562	 77.033108	 76.838219	 76.653563	 76.478803	 76.313598	 76.157606	  76.01048	 75.871876	  75.74145	  75.61886	 75.503768	 75.395837	 75.294739	  75.20015	 75.111751	 75.029232	 74.952291	 74.880631	 74.813968	 74.752024	  74.69453	 74.641229	  74.59187	 74.546214	 74.504032	 74.465105	 74.429221	 74.396182	 74.365796	 74.337882	 74.312268	 74.288792	   74.2673	 74.247647	 74.229696	 74.213318	 74.198392	 74.184806	 74.172452	 74.161233	 74.151056	 74.141834	 74.133487	 74.125941	 74.119127	  74.11298	 74.107443	 74.102459	 74.097979	 74.093957	  74.09035	 74.087118	 74.084226	 74.081642	 74.079334	 74.077277	 74.075444	 74.073813	 74.072364	 74.071077	 74.069937	 74.068926	 74.068033	 74.067243	 74.066546	 74.065931	  74.06539	 74.064914	 74.064495	 74.064128	 74.063807	 74.063525	 74.063278	 74.063063	 74.062875	 74.062711	 74.062568	 74.062444	 74.062337	 74.062243	 74.062162	 74.062092	 74.062031	 74.061979	 74.061934	 74.061895	 74.061861	 74.061832	 74.061807	 74.061786	 74.061768	 74.061752	 74.061739	 74.061728	 74.061718	  74.06171	 74.061703	 74.061697	 74.061692	 74.061687	 74.061684	 74.061681	 74.061678	 74.061676	 74.061674	 74.061672	 74.061671	  74.06167	 74.061669	 74.061668	 74.061668	 74.061667	 74.061666	 74.061666	 74.061666	 74.061666	 74.061665	 74.061665	 74.061665	 74.061665	 74.061665	 74.061665	 74.061665	 74.061665	 74.061664	 74.061664	 74.061664	 74.061664	 74.061664	 74.061664	 74.061664	 74.061664	 74.061664	 74.061664	 74.061664	 74.061664	 74.061664	 74.061664	 74.061664	 74.061664	 74.061664	 74.061664	 74.061664	 74.061664	 74.061664	 74.061664	 74.061664	 74.061664	 74.061664	 74.061664	 74.061664	 74.061664	 74.061664	 74.061664	
        99	 98.273202	 97.547237	 96.822938	 96.101129	 95.382627	 94.668238	 93.958754	 93.254949	 92.557579	 91.867377	 91.185055	 90.511295	 89.846755	 89.192059	 88.547802	 87.914545	 87.292815	 86.683101	 86.085857	   85.5015	 84.930408	 84.372919	 83.829334	 83.299914	 82.784882	  82.28442	 81.798676	 81.327755	 80.871731	 80.430638	 80.004476	 79.593213	 79.196782	 78.815087	 78.448001	  78.09537	 77.757014	 77.432726	 77.122278	  76.82542	 76.541883	 76.271378	 76.013604	 75.768242	 75.534962	 75.313424	 75.103278	 74.904166	 74.715725	 74.537587	 74.369383	 74.210739	 74.061285	 73.920649	 73.788462	 73.664359	 73.547979	 73.438966	 73.336972	 73.241653	 73.152674	 73.069709	  72.99244	 72.920558	 72.853765	  72.79177	 72.734296	 72.681073	 72.631843	 72.586359	 72.544384	 72.505691	 72.470065	   72.4373	 72.407201	 72.379582	 72.354269	 72.331094	 72.309902	 72.290546	 72.272885	 72.256791	 72.242141	 72.228821	 72.216724	 72.205749	 72.195805	 72.186805	 72.178668	 72.171321	 72.164693	 72.158722	 72.153348	 72.148518	 72.144181	 72.140291	 72.136806	 72.133688	 72.130902	 72.128413	 72.126195	 72.124218	  72.12246	 72.120897	  72.11951	  72.11828	 72.117191	 72.116227	 72.115375	 72.114624	 72.113961	 72.113377	 72.112864	 72.112413	 72.112017	  72.11167	 72.111366	   72.1111	 72.110868	 72.110665	 72.110489	 72.110335	 72.110201	 72.110085	 72.109984	 72.109897	 72.109821	 72.109756	 72.109699	  72.10965	 72.109608	 72.109572	 72.109541	 72.109514	 72.109491	 72.109472	 72.109455	 72.109441	 72.109428	 72.109418	 72.109409	 72.109401	 72.109395	 72.109389	 72.109385	 72.109381	 72.109377	 72.109375	 72.109372	  72.10937	 72.109369	 72.109367	 72.109366	 72.109365	 72.109364	 72.109363	 72.109363	 72.109362	 72.109362	 72.109362	 72.109361	 72.109361	 72.109361	 72.109361	 72.109361	  72.10936	  72.10936	  72.10936	  72.10936	  72.10936	  72.10936	  72.10936	  72.10936	  72.10936	  72.10936	  72.10936	  72.10936	  72.10936	  72.10936	  72.10936	  72.10936	  72.10936	  72.10936	  72.10936	  72.10936	  72.10936	  72.10936	  72.10936	  72.10936	  72.10936	  72.10936	  72.10936	  72.10936	  72.10936	  72.10936	  72.10936	  72.10936	  72.10936	  72.10936	
        99	 98.221216	 97.443327	 96.667221	 95.893784	 95.123891	 94.358404	 93.598173	 92.844028	 92.096777	 91.357209	 90.626082	 89.904131	 89.192059	 88.490535	 87.800197	 87.121646	 86.455446	 85.802121	 85.162159	 84.536006	 83.924065	 83.326701	 82.744236	 82.176949	 81.625078	  81.08882	 80.568332	 80.063729	 79.575087	 79.102444	 78.645801	 78.205121	 77.780335	 77.371339	 76.977997	 76.600144	 76.237586	 75.890103	  75.55745	 75.239359	 74.935541	 74.645689	 74.369477	 74.106565	   73.8566	 73.619216	 73.394039	 73.180685	 72.978766	 72.787887	 72.607651	  72.43766	 72.277516	 72.126821	 71.985179	   71.8522	 71.727495	 71.610686	 71.501396	 71.399259	 71.303916	 71.215017	 71.132221	 71.055198	 70.983627	 70.917198	 70.855613	 70.798583	 70.745832	 70.697095	 70.652117	 70.610657	 70.572483	 70.537375	 70.505122	 70.475528	 70.448404	 70.423572	 70.400864	 70.380123	   70.3612	 70.343955	 70.328257	 70.313984	 70.301021	 70.289262	 70.278606	 70.268962	 70.260244	  70.25237	 70.245269	 70.238871	 70.233113	 70.227937	 70.223289	 70.219121	 70.215388	 70.212046	  70.20906	 70.206394	 70.204017	 70.201899	 70.200015	  70.19834	 70.196854	 70.195536	 70.194369	 70.193336	 70.192424	 70.191618	 70.190908	 70.190283	 70.189732	 70.189249	 70.188825	 70.188453	 70.188127	 70.187843	 70.187594	 70.187377	 70.187187	 70.187023	 70.186879	 70.186755	 70.186647	 70.186553	 70.186472	 70.186402	 70.186341	 70.186289	 70.186244	 70.186205	 70.186172	 70.186143	 70.186119	 70.186098	  70.18608	 70.186064	 70.186051	  70.18604	  70.18603	 70.186022	 70.186015	 70.186009	 70.186004	    70.186	 70.185997	 70.185994	 70.185991	 70.185989	 70.185987	 70.185986	 70.185984	 70.185983	 70.185982	 70.185982	 70.185981	  70.18598	  70.18598	  70.18598	 70.185979	 70.185979	 70.185979	 70.185979	 70.185979	 70.185978	 70.185978	 70.185978	 70.185978	 70.185978	 70.185978	 70.185978	 70.185978	 70.185978	 70.185978	 70.185978	 70.185978	 70.185978	 70.185978	 70.185978	 70.185978	 70.185978	 70.185978	 70.185978	 70.185978	 70.185978	 70.185978	 70.185978	 70.185978	 70.185978	 70.185978	 70.185978	 70.185978	 70.185978	 70.185978	 70.185978	 70.185978	 70.185978	 70.185978	
        99	  98.17006	 97.341073	 96.513987	 95.689745	  94.86928	 94.053511	 93.243342	 92.439659	 91.643324	 90.855175	 90.076023	 89.306649	 88.547802	 87.800197	 87.064513	  86.34139	 85.631428	 84.935189	 84.253189	 83.585905	 82.933768	 82.297165	 81.676439	 81.071888	 80.483767	 79.912284	 79.357606	 78.819857	 78.299118	 77.795428	 77.308789	 76.839163	 76.386474	 75.950611	 75.531432	 75.128759	 74.742386	 74.372077	 74.017573	 73.678588	 73.354813	 73.045921	 72.751566	 72.471384	 72.204999	 71.952022	 71.712054	 71.484685	 71.269502	 71.066085	  70.87401	 70.692853	  70.52219	 70.361595	  70.21065	 70.068935	 69.936039	 69.811557	 69.695088	 69.586242	 69.484636	 69.389898	 69.301663	 69.219581	 69.143308	 69.072516	 69.006885	 68.946109	 68.889893	 68.837954	 68.790023	 68.745839	 68.705157	 68.667743	 68.633372	 68.601834	 68.572928	 68.546465	 68.522265	 68.500162	 68.479995	 68.461617	 68.444888	 68.429678	 68.415864	 68.403332	 68.391977	 68.381699	 68.372408	 68.364017	 68.356449	 68.349631	 68.343495	 68.337979	 68.333026	 68.328584	 68.324605	 68.321045	 68.317862	 68.315021	 68.312488	 68.310231	 68.308223	 68.306438	 68.304854	  68.30345	 68.302206	 68.301105	 68.300133	 68.299274	 68.298518	 68.297851	 68.297265	  68.29675	 68.296298	 68.295901	 68.295554	 68.295251	 68.294986	 68.294754	 68.294553	 68.294377	 68.294224	 68.294092	 68.293977	 68.293877	  68.29379	 68.293716	 68.293651	 68.293595	 68.293547	 68.293506	 68.293471	  68.29344	 68.293414	 68.293392	 68.293372	 68.293356	 68.293342	  68.29333	  68.29332	 68.293311	 68.293304	 68.293297	 68.293292	 68.293288	 68.293284	 68.293281	 68.293278	 68.293276	 68.293274	 68.293272	 68.293271	 68.293269	 68.293269	 68.293268	 68.293267	 68.293266	 68.293266	 68.293266	 68.293265	 68.293265	 68.293265	 68.293265	 68.293264	 68.293264	 68.293264	 68.293264	 68.293264	 68.293264	 68.293264	 68.293264	 68.293264	 68.293264	 68.293264	 68.293264	 68.293264	 68.293264	 68.293264	 68.293264	 68.293264	 68.293264	 68.293264	 68.293264	 68.293264	 68.293264	 68.293264	 68.293264	 68.293264	 68.293264	 68.293264	 68.293264	 68.293264	 68.293264	 68.293264	 68.293264	 68.293264	 68.293264	 68.293264	
        99	 98.119778	 97.240565	 96.363369	  95.48919	 94.619016	 93.753823	 92.894569	 92.042194	 91.197612	 90.361712	 89.535354	 88.719367	 87.914545	 87.121646	  86.34139	 85.574455	  84.82148	 84.083058	 83.359739	 82.652027	  81.96038	 81.285207	 80.626874	 79.985696	 79.361942	 78.755836	 78.167552	 77.597223	 77.044934	 76.510728	 75.994605	 75.496526	  75.01641	 74.554141	 74.109565	 73.682496	 73.272714	  72.87997	 72.503988	 72.144465	 71.801074	 71.473467	 71.161278	 70.864121	 70.581597	 70.313293	 70.058786	 69.817642	 69.589422	  69.37368	 69.169969	 68.977836	 68.796833	 68.626509	 68.466418	 68.316117	  68.17517	 68.043146	 67.919621	  67.80418	 67.696418	  67.59594	  67.50236	 67.415304	 67.334411	 67.259329	 67.189722	 67.125264	 67.065642	 67.010557	 66.959721	 66.912861	 66.869714	 66.830033	  66.79358	 66.760131	 66.729473	 66.701407	 66.675741	 66.652299	  66.63091	 66.611419	 66.593676	 66.577544	 66.562893	 66.549602	 66.537559	 66.526659	 66.516805	 66.507906	 66.499879	 66.492648	  66.48614	  66.48029	 66.475037	 66.470326	 66.466106	  66.46233	 66.458954	 66.455941	 66.453254	  66.45086	 66.448731	 66.446838	 66.445158	 66.443669	 66.442349	 66.441182	 66.440151	  66.43924	 66.438438	 66.437731	 66.437109	 66.436563	 66.436083	 66.435663	 66.435295	 66.434973	 66.434692	 66.434446	 66.434232	 66.434046	 66.433884	 66.433743	 66.433621	 66.433516	 66.433424	 66.433345	 66.433276	 66.433217	 66.433166	 66.433123	 66.433085	 66.433052	 66.433025	 66.433001	 66.432981	 66.432963	 66.432948	 66.432936	 66.432925	 66.432916	 66.432908	 66.432901	 66.432896	 66.432891	 66.432887	 66.432883	  66.43288	 66.432878	 66.432876	 66.432874	 66.432873	 66.432872	 66.432871	  66.43287	 66.432869	 66.432868	 66.432868	 66.432867	 66.432867	 66.432867	 66.432867	 66.432866	 66.432866	 66.432866	 66.432866	 66.432866	 66.432866	 66.432866	 66.432866	 66.432866	 66.432866	 66.432866	 66.432866	 66.432866	 66.432866	 66.432865	 66.432865	 66.432865	 66.432865	 66.432865	 66.432865	 66.432865	 66.432865	 66.432865	 66.432865	 66.432865	 66.432865	 66.432865	 66.432865	 66.432865	 66.432865	 66.432865	 66.432865	 66.432865	 66.432865	 66.432865	 66.432865	
        99	  98.07041	 97.141887	 96.215493	 95.292285	 94.373307	  93.45959	 92.552145	 91.651964	 90.760013	 89.877231	 89.004527	 88.142775	 87.292815	 86.455446	 85.631428	  84.82148	 84.026274	 83.246437	 82.482551	 81.735147	 81.004708	 80.291669	 79.596412	 78.919274	 78.260537	 77.620436	 76.999159	 76.396843	 75.813578	 75.249411	 74.704342	 74.178328	 73.671285	 73.183089	 72.713579	 72.262557	 71.829792	 71.415021	 71.017952	 70.638265	 70.275615	 69.929635	 69.599936	 69.286113	 68.987744	 68.704392	  68.43561	 68.180942	 67.939922	 67.712081	 67.496944	 67.294036	  67.10288	 66.923004	 66.753934	 66.595204	 66.446352	 66.306923	 66.176469	 66.054554	 65.940749	 65.834635	 65.735807	 65.643868	 65.558438	 65.479146	 65.405635	 65.337561	 65.274595	  65.21642	 65.162734	 65.113245	 65.067679	 65.025772	 64.987274	 64.951949	 64.919573	 64.889932	 64.862827	 64.838069	 64.815482	 64.794897	 64.776159	 64.759122	  64.74365	 64.729613	 64.716895	 64.705383	 64.694976	 64.685578	 64.677102	 64.669464	 64.662591	 64.656413	 64.650866	 64.645891	 64.641434	 64.637446	 64.633881	 64.630699	 64.627861	 64.625333	 64.623084	 64.621086	 64.619311	 64.617738	 64.616345	 64.615112	 64.614023	 64.613062	 64.612214	 64.611467	 64.610811	 64.610234	 64.609728	 64.609284	 64.608895	 64.608555	 64.608258	 64.607999	 64.607773	 64.607576	 64.607405	 64.607257	 64.607128	 64.607016	 64.606919	 64.606835	 64.606763	 64.606701	 64.606647	 64.606601	 64.606561	 64.606527	 64.606497	 64.606472	 64.606451	 64.606432	 64.606417	 64.606403	 64.606392	 64.606382	 64.606374	 64.606367	 64.606361	 64.606356	 64.606352	 64.606348	 64.606345	 64.606342	  64.60634	 64.606339	 64.606337	 64.606336	 64.606335	 64.606334	 64.606333	 64.606332	 64.606332	 64.606331	 64.606331	 64.606331	  64.60633	  64.60633	  64.60633	  64.60633	  64.60633	  64.60633	  64.60633	  64.60633	 64.606329	 64.606329	 64.606329	 64.606329	 64.606329	 64.606329	 64.606329	 64.606329	 64.606329	 64.606329	 64.606329	 64.606329	 64.606329	 64.606329	 64.606329	 64.606329	 64.606329	 64.606329	 64.606329	 64.606329	 64.606329	 64.606329	 64.606329	 64.606329	 64.606329	 64.606329	 64.606329	 64.606329	 64.606329	
