Time step 1:
        99	        99	        99	        99	        99	        99	        99	        99	        99	        99	        99	        99	        99	        99	        99	        99	        99	        99	        99	        99	        99	        99	        99	        99	        99	        99	        99	        99	        99	        99	        99	        99	        99	        99	        99	        99	        99	        99	        99	        99	        99	        99	        99	        99	        99	        99	        99	        99	        99	        99	        99	        99	        99	        99	        99	        99	        99	        99	        99	        99	        99	        99	        99	        99	        99	        99	        99	        99	        99	        99	        99	        99	        99	        99	        99	        99	        99	        99	        99	        99	        99	        99	        99	        99	        99	        99	        99	        99	        99	        99	        99	        99	        99	        99	        99	        99	        99	        99	        99	        99	        99	        99	        99	        99	        99	        99	        99	        99	        99	        99	        99	        99	        99	        99	        99	        99	        99	        99	        99	        99	        99	        99	        99	        99	        99	        99	        99	        99	        99	        99	        99	        99	        99	        99	        99	        99	        99	        99	        99	        99	        99	        99	        99	        99	        99	        99	        99	        99	        99	        99	        99	        99	        99	        99	        99	        99	        99	        99	        99	        99	        99	        99	        99	        99	        99	        99	        99	        99	        99	        99	        99	        99	        99	        99	        99	        99	        99	        99	        99	        99	        99	        99	        99	        99	        99	        99	        99	        99	        99	        99	        99	        99	        99	        99	        99	        99	        99	        99	        99	        99	
        99	 98.367024	 97.742014	 97.132637	 96.545973	  95.98828	 95.464786	 94.979565	  94.53546	 94.134079	 93.775852	 93.460133	  93.18535	 92.949173	 92.748702	  92.58065	 92.441517	 92.327749	 92.235869	 92.162576	 92.104827	 92.059882	 92.025327	 91.999083	 91.979393	 91.964798	 91.954109	 91.946375	 91.940846	  91.93694	 91.934213	 91.932332	  91.93105	 91.930186	  91.92961	 91.929231	 91.928985	 91.928826	 91.928726	 91.928662	 91.928623	 91.928599	 91.928584	 91.928575	  91.92857	 91.928567	 91.928565	 91.928564	 91.928563	 91.928563	 91.928563	 91.928563	 91.928563	 91.928563	 91.928563	 91.928563	 91.928563	 91.928563	 91.928563	 91.928563	 91.928563	 91.928563	 91.928563	 91.928563	 91.928563	 91.928563	 91.928563	 91.928563	 91.928563	 91.928563	 91.928563	 91.928563	 91.928563	 91.928563	 91.928563	 91.928563	 91.928563	 91.928563	 91.928563	 91.928563	 91.928563	 91.928563	 91.928563	 91.928563	 91.928563	 91.928563	 91.928563	 91.928563	 91.928563	 91.928563	 91.928563	 91.928563	 91.928563	 91.928563	 91.928563	 91.928563	 91.928563	 91.928563	 91.928563	 91.928563	 91.928563	 91.928563	 91.928563	 91.928563	 91.928563	 91.928563	 91.928563	 91.928563	 91.928563	 91.928563	 91.928563	 91.928563	 91.928563	 91.928563	 91.928563	 91.928563	 91.928563	 91.928563	 91.928563	 91.928563	 91.928563	 91.928563	 91.928563	 91.928563	 91.928563	 91.928563	 91.928563	 91.928563	 91.928563	 91.928563	 91.928563	 91.928563	 91.928563	 91.928563	 91.928563	 91.928563	 91.928563	 91.928563	 91.928563	 91.928563	 91.928563	 91.928563	 91.928563	 91.928563	 91.928563	 91.928563	 91.928563	 91.928563	 91.928563	 91.928563	 91.928563	 91.928563	 91.928563	 91.928563	 91.928563	 91.928563	 91.928563	 91.928563	 91.928563	 91.928563	 91.928563	 91.928563	 91.928563	 91.928563	 91.928563	 91.928563	 91.928563	 91.928563	 91.928563	 91.928563	 91.928563	 91.928563	 91.928563	 91.928563	 91.928563	 91.928563	 91.928563	 91.928563	 91.928563	 91.928563	 91.928563	 91.928563	 91.928563	 91.928563	 91.928563	 91.928563	 91.928563	 91.928563	 91.928563	 91.928563	 91.928563	 91.928563	 91.928563	 91.928563	 91.928563	 91.928563	 91.928563	 91.928563	 91.928563	 91.928563	
        99	 97.742014	 96.499861	 95.288775	 94.122832	 93.014463	 91.974065	  91.00973	 90.127109	 89.329398	 88.617452	 87.989988	  87.44388	   86.9745	 86.576081	  86.24209	 85.965576	 85.739472	 85.556868	 85.411205	 85.296434	 85.207109	 85.138434	 85.086277	 85.047144	 85.018137	 84.996894	 84.981524	 84.970535	 84.962772	 84.957353	 84.953614	 84.951066	 84.949348	 84.948205	 84.947452	 84.946962	 84.946647	 84.946447	 84.946321	 84.946243	 84.946195	 84.946166	 84.946148	 84.946138	 84.946131	 84.946128	 84.946126	 84.946125	 84.946124	 84.946124	 84.946123	 84.946123	 84.946123	 84.946123	 84.946123	 84.946123	 84.946123	 84.946123	 84.946123	 84.946123	 84.946123	 84.946123	 84.946123	 84.946123	 84.946123	 84.946123	 84.946123	 84.946123	 84.946123	 84.946123	 84.946123	 84.946123	 84.946123	 84.946123	 84.946123	 84.946123	 84.946123	 84.946123	 84.946123	 84.946123	 84.946123	 84.946123	 84.946123	 84.946123	 84.946123	 84.946123	 84.946123	 84.946123	 84.946123	 84.946123	 84.946123	 84.946123	 84.946123	 84.946123	 84.946123	 84.946123	 84.946123	 84.946123	 84.946123	 84.946123	 84.946123	 84.946123	 84.946123	 84.946123	 84.946123	 84.946123	 84.946123	 84.946123	 84.946123	 84.946123	 84.946123	 84.946123	 84.946123	 84.946123	 84.946123	 84.946123	 84.946123	 84.946123	 84.946123	 84.946123	 84.946123	 84.946123	 84.946123	 84.946123	 84.946123	 84.946123	 84.946123	 84.946123	 84.946123	 84.946123	 84.946123	 84.946123	 84.946123	 84.946123	 84.946123	 84.946123	 84.946123	 84.946123	 84.946123	 84.946123	 84.946123	 84.946123	 84.946123	 84.946123	 84.946123	 84.946123	 84.946123	 84.946123	 84.946123	 84.946123	 84.946123	 84.946123	 84.946123	 84.946123	 84.946123	 84.946123	 84.946123	 84.946123	 84.946123	 84.946123	 84.946123	 84.946123	 84.946123	 84.946123	 84.946123	 84.946123	 84.946123	 84.946123	 84.946123	 84.946123	 84.946123	 84.946123	 84.946123	 84.946123	 84.946123	 84.946123	 84.946123	 84.946123	 84.946123	 84.946123	 84.946123	 84.946123	 84.946123	 84.946123	 84.946123	 84.946123	 84.946123	 84.946123	 84.946123	 84.946123	 84.946123	 84.946123	 84.946123	 84.946123	 84.946123	 84.946123	 84.946123	 84.946123	 84.946123	
        99	 97.132637	 95.288775	 93.491029	 91.760294	 90.115023	 88.570648	 87.139182	 85.829012	 84.644885	 83.588066	 82.656654	 81.846008	 81.149256	  80.55784	 80.062062	 79.651602	 79.315972	 79.044912	  78.82869	 78.658323	 78.525728	 78.423786	 78.346364	 78.288275	 78.245216	 78.213683	 78.190867	 78.174555	 78.163032	 78.154988	 78.149439	 78.145655	 78.143106	 78.141409	 78.140292	 78.139564	 78.139097	   78.1388	 78.138613	 78.138497	 78.138425	 78.138382	 78.138356	  78.13834	 78.138331	 78.138326	 78.138323	 78.138321	  78.13832	  78.13832	 78.138319	 78.138319	 78.138319	 78.138319	 78.138319	 78.138319	 78.138319	 78.138319	 78.138319	 78.138319	 78.138319	 78.138319	 78.138319	 78.138319	 78.138319	 78.138319	 78.138319	 78.138319	 78.138319	 78.138319	 78.138319	 78.138319	 78.138319	 78.138319	 78.138319	 78.138319	 78.138319	 78.138319	 78.138319	 78.138319	 78.138319	 78.138319	 78.138319	 78.138319	 78.138319	 78.138319	 78.138319	 78.138319	 78.138319	 78.138319	 78.138319	 78.138319	 78.138319	 78.138319	 78.138319	 78.138319	 78.138319	 78.138319	 78.138319	 78.138319	 78.138319	 78.138319	 78.138319	 78.138319	 78.138319	 78.138319	 78.138319	 78.138319	 78.138319	 78.138319	 78.138319	 78.138319	 78.138319	 78.138319	 78.138319	 78.138319	 78.138319	 78.138319	 78.138319	 78.138319	 78.138319	 78.138319	 78.138319	 78.138319	 78.138319	 78.138319	 78.138319	 78.138319	 78.138319	 78.138319	 78.138319	 78.138319	 78.138319	 78.138319	 78.138319	 78.138319	 78.138319	 78.138319	 78.138319	 78.138319	 78.138319	 78.138319	 78.138319	 78.138319	 78.138319	 78.138319	 78.138319	 78.138319	 78.138319	 78.138319	 78.138319	 78.138319	 78.138319	 78.138319	 78.138319	 78.138319	 78.138319	 78.138319	 78.138319	 78.138319	 78.138319	 78.138319	 78.138319	 78.138319	 78.138319	 78.138319	 78.138319	 78.138319	 78.138319	 78.138319	 78.138319	 78.138319	 78.138319	 78.138319	 78.138319	 78.138319	 78.138319	 78.138319	 78.138319	 78.138319	 78.138319	 78.138319	 78.138319	 78.138319	 78.138319	 78.138319	 78.138319	 78.138319	 78.138319	 78.138319	 78.138319	 78.138319	 78.138319	 78.138319	 78.138319	 78.138319	 78.138319	 78.138319	 78.138319	
        99	 96.545973	 94.122832	 91.760294	 89.485821	 87.323661	 85.294095	  83.41291	 81.691129	 80.134989	 78.746153	 77.522122	 76.456798	  75.54115	 74.763931	 74.112397	 73.572983	 73.131911	 72.775693	  72.49154	  72.26765	 72.093398	  71.95943	 71.857684	 71.781345	  71.72476	  71.68332	 71.653336	   71.6319	 71.616756	 71.606185	 71.598892	  71.59392	  71.59057	 71.588339	 71.586871	 71.585916	 71.585301	  71.58491	 71.584665	 71.584512	 71.584418	 71.584361	 71.584327	 71.584307	 71.584295	 71.584288	 71.584284	 71.584282	  71.58428	  71.58428	 71.584279	 71.584279	 71.584279	 71.584279	 71.584279	 71.584279	 71.584279	 71.584279	 71.584279	 71.584279	 71.584279	 71.584279	 71.584279	 71.584279	 71.584279	 71.584279	 71.584279	 71.584279	 71.584279	 71.584279	 71.584279	 71.584279	 71.584279	 71.584279	 71.584279	 71.584279	 71.584279	 71.584279	 71.584279	 71.584279	 71.584279	 71.584279	 71.584279	 71.584279	 71.584279	 71.584279	 71.584279	 71.584279	 71.584279	 71.584279	 71.584279	 71.584279	 71.584279	 71.584279	 71.584279	 71.584279	 71.584279	 71.584279	 71.584279	 71.584279	 71.584279	 71.584279	 71.584279	 71.584279	 71.584279	 71.584279	 71.584279	 71.584279	 71.584279	 71.584279	 71.584279	 71.584279	 71.584279	 71.584279	 71.584279	 71.584279	 71.584279	 71.584279	 71.584279	 71.584279	 71.584279	 71.584279	 71.584279	 71.584279	 71.584279	 71.584279	 71.584279	 71.584279	 71.584279	 71.584279	 71.584279	 71.584279	 71.584279	 71.584279	 71.584279	 71.584279	 71.584279	 71.584279	 71.584279	 71.584279	 71.584279	 71.584279	 71.584279	 71.584279	 71.584279	 71.584279	 71.584279	 71.584279	 71.584279	 71.584279	 71.584279	 71.584279	 71.584279	 71.584279	 71.584279	 71.584279	 71.584279	 71.584279	 71.584279	 71.584279	 71.584279	 71.584279	 71.584279	 71.584279	 71.584279	 71.584279	 71.584279	 71.584279	 71.584279	 71.584279	 71.584279	 71.584279	 71.584279	 71.584279	 71.584279	 71.584279	 71.584279	 71.584279	 71.584279	 71.584279	 71.584279	 71.584279	 71.584279	 71.584279	 71.584279	 71.584279	 71.584279	 71.584279	 71.584279	 71.584279	 71.584279	 71.584279	 71.584279	 71.584279	 71.584279	 71.584279	 71.584279	 71.584279	 71.584279	
        99	  95.98828	 93.014463	 90.115023	 87.323661	 84.670136	 82.179338	 79.870641	 77.757574	 75.847791	 74.143333	 72.641134	 71.333708	 70.209973	 69.256126	 68.456527	 67.794528	 67.253219	 66.816048	  66.46732	  66.19255	 65.978698	 65.814285	 65.689416	 65.595729	 65.526284	 65.475427	 65.438629	 65.412321	 65.393736	 65.380762	 65.371812	 65.365711	 65.361599	 65.358862	 65.357059	 65.355887	 65.355133	 65.354653	 65.354352	 65.354164	 65.354049	 65.353979	 65.353937	 65.353912	 65.353898	 65.353889	 65.353884	 65.353882	  65.35388	 65.353879	 65.353879	 65.353878	 65.353878	 65.353878	 65.353878	 65.353878	 65.353878	 65.353878	 65.353878	 65.353878	 65.353878	 65.353878	 65.353878	 65.353878	 65.353878	 65.353878	 65.353878	 65.353878	 65.353878	 65.353878	 65.353878	 65.353878	 65.353878	 65.353878	 65.353878	 65.353878	 65.353878	 65.353878	 65.353878	 65.353878	 65.353878	 65.353878	 65.353878	 65.353878	 65.353878	 65.353878	 65.353878	 65.353878	 65.353878	 65.353878	 65.353878	 65.353878	 65.353878	 65.353878	 65.353878	 65.353878	 65.353878	 65.353878	 65.353878	 65.353878	 65.353878	 65.353878	 65.353878	 65.353878	 65.353878	 65.353878	 65.353878	 65.353878	 65.353878	 65.353878	 65.353878	 65.353878	 65.353878	 65.353878	 65.353878	 65.353878	 65.353878	 65.353878	 65.353878	 65.353878	 65.353878	 65.353878	 65.353878	 65.353878	 65.353878	 65.353878	 65.353878	 65.353878	 65.353878	 65.353878	 65.353878	 65.353878	 65.353878	 65.353878	 65.353878	 65.353878	 65.353878	 65.353878	 65.353878	 65.353878	 65.353878	 65.353878	 65.353878	 65.353878	 65.353878	 65.353878	 65.353878	 65.353878	 65.353878	 65.353878	 65.353878	 65.353878	 65.353878	 65.353878	 65.353878	 65.353878	 65.353878	 65.353878	 65.353878	 65.353878	 65.353878	 65.353878	 65.353878	 65.353878	 65.353878	 65.353878	 65.353878	 65.353878	 65.353878	 65.353878	 65.353878	 65.353878	 65.353878	 65.353878	 65.353878	 65.353878	 65.353878	 65.353878	 65.353878	 65.353878	 65.353878	 65.353878	 65.353878	 65.353878	 65.353878	 65.353878	 65.353878	 65.353878	 65.353878	 65.353878	 65.353878	 65.353878	 65.353878	 65.353878	 65.353878	 65.353878	 65.353878	 65.353878	 65.353878	
        99	 95.464786	 91.974065	 88.570648	 85.294095	 82.179338	 79.255592	 76.545601	 74.065244	 71.823505	  69.82278	 68.059471	  66.52479	 65.205729	 64.086086	 63.147501	 62.370435	 61.735037	 61.221878	 60.812535	 60.490004	 60.238981	  60.04599	 59.899417	 59.789445	 59.707929	 59.648233	 59.605039	 59.574158	 59.552342	 59.537113	 59.526608	 59.519445	  59.51462	 59.511406	 59.509291	 59.507914	 59.507029	 59.506466	 59.506112	 59.505892	 59.505757	 59.505675	 59.505626	 59.505597	 59.505579	 59.505569	 59.505564	  59.50556	 59.505558	 59.505557	 59.505557	 59.505557	 59.505556	 59.505556	 59.505556	 59.505556	 59.505556	 59.505556	 59.505556	 59.505556	 59.505556	 59.505556	 59.505556	 59.505556	 59.505556	 59.505556	 59.505556	 59.505556	 59.505556	 59.505556	 59.505556	 59.505556	 59.505556	 59.505556	 59.505556	 59.505556	 59.505556	 59.505556	 59.505556	 59.505556	 59.505556	 59.505556	 59.505556	 59.505556	 59.505556	 59.505556	 59.505556	 59.505556	 59.505556	 59.505556	 59.505556	 59.505556	 59.505556	 59.505556	 59.505556	 59.505556	 59.505556	 59.505556	 59.505556	 59.505556	 59.505556	 59.505556	 59.505556	 59.505556	 59.505556	 59.505556	 59.505556	 59.505556	 59.505556	 59.505556	 59.505556	 59.505556	 59.505556	 59.505556	 59.505556	 59.505556	 59.505556	 59.505556	 59.505556	 59.505556	 59.505556	 59.505556	 59.505556	 59.505556	 59.505556	 59.505556	 59.505556	 59.505556	 59.505556	 59.505556	 59.505556	 59.505556	 59.505556	 59.505556	 59.505556	 59.505556	 59.505556	 59.505556	 59.505556	 59.505556	 59.505556	 59.505556	 59.505556	 59.505556	 59.505556	 59.505556	 59.505556	 59.505556	 59.505556	 59.505556	 59.505556	 59.505556	 59.505556	 59.505556	 59.505556	 59.505556	 59.505556	 59.505556	 59.505556	 59.505556	 59.505556	 59.505556	 59.505556	 59.505556	 59.505556	 59.505556	 59.505556	 59.505556	 59.505556	 59.505556	 59.505556	 59.505556	 59.505556	 59.505556	 59.505556	 59.505556	 59.505556	 59.505556	 59.505556	 59.505556	 59.505556	 59.505556	 59.505556	 59.505556	 59.505556	 59.505556	 59.505556	 59.505556	 59.505556	 59.505556	 59.505556	 59.505556	 59.505556	 59.505556	 59.505556	 59.505556	 59.505556	 59.505556	 59.505556	
        99	 94.979565	  91.00973	 87.139182	  83.41291	 79.870641	 76.545601	 73.463654	 70.642859	 68.093433	 65.818103	 63.812773	 62.067452	 60.567345	 59.294028	 58.226619	 57.342898	 56.620289	 56.036698	 55.571171	 55.204373	 54.918895	 54.699416	 54.532726	  54.40766	 54.314956	 54.247066	 54.197943	 54.162823	 54.138014	 54.120694	 54.108747	 54.100602	 54.095114	 54.091459	 54.089053	 54.087488	 54.086481	 54.085841	 54.085439	 54.085189	 54.085035	 54.084942	 54.084885	 54.084852	 54.084833	 54.084821	 54.084815	 54.084811	 54.084809	 54.084808	 54.084807	 54.084807	 54.084806	 54.084806	 54.084806	 54.084806	 54.084806	 54.084806	 54.084806	 54.084806	 54.084806	 54.084806	 54.084806	 54.084806	 54.084806	 54.084806	 54.084806	 54.084806	 54.084806	 54.084806	 54.084806	 54.084806	 54.084806	 54.084806	 54.084806	 54.084806	 54.084806	 54.084806	 54.084806	 54.084806	 54.084806	 54.084806	 54.084806	 54.084806	 54.084806	 54.084806	 54.084806	 54.084806	 54.084806	 54.084806	 54.084806	 54.084806	 54.084806	 54.084806	 54.084806	 54.084806	 54.084806	 54.084806	 54.084806	 54.084806	 54.084806	 54.084806	 54.084806	 54.084806	 54.084806	 54.084806	 54.084806	 54.084806	 54.084806	 54.084806	 54.084806	 54.084806	 54.084806	 54.084806	 54.084806	 54.084806	 54.084806	 54.084806	 54.084806	 54.084806	 54.084806	 54.084806	 54.084806	 54.084806	 54.084806	 54.084806	 54.084806	 54.084806	 54.084806	 54.084806	 54.084806	 54.084806	 54.084806	 54.084806	 54.084806	 54.084806	 54.084806	 54.084806	 54.084806	 54.084806	 54.084806	 54.084806	 54.084806	 54.084806	 54.084806	 54.084806	 54.084806	 54.084806	 54.084806	 54.084806	 54.084806	 54.084806	 54.084806	 54.084806	 54.084806	 54.084806	 54.084806	 54.084806	 54.084806	 54.084806	 54.084806	 54.084806	 54.084806	 54.084806	 54.084806	 54.084806	 54.084806	 54.084806	 54.084806	 54.084806	 54.084806	 54.084806	 54.084806	 54.084806	 54.084806	 54.084806	 54.084806	 54.084806	 54.084806	 54.084806	 54.084806	 54.084806	 54.084806	 54.084806	 54.084806	 54.084806	 54.084806	 54.084806	 54.084806	 54.084806	 54.084806	 54.084806	 54.084806	 54.084806	 54.084806	 54.084806	 54.084806	 54.084806	 54.084806	
        99	  94.53546	 90.127109	 85.829012	 81.691129	 77.757574	 74.065244	 70.642859	 67.510473	 64.679433	 62.152766	 59.925923	 57.987811	    56.322	  54.90803	 53.722714	 52.741375	 51.938946	 51.290891	 50.773941	 50.366625	 50.049613	  49.80589	 49.620787	 49.481906	 49.378962	 49.303573	 49.249024	 49.210025	 49.182475	 49.163243	 49.149975	 49.140931	 49.134836	 49.130778	 49.128106	 49.126368	  49.12525	 49.124539	 49.124093	 49.123815	 49.123644	 49.123541	 49.123478	 49.123441	 49.123419	 49.123407	   49.1234	 49.123395	 49.123393	 49.123392	 49.123391	 49.123391	 49.123391	  49.12339	  49.12339	  49.12339	  49.12339	  49.12339	  49.12339	  49.12339	  49.12339	  49.12339	  49.12339	  49.12339	  49.12339	  49.12339	  49.12339	  49.12339	  49.12339	  49.12339	  49.12339	  49.12339	  49.12339	  49.12339	  49.12339	  49.12339	  49.12339	  49.12339	  49.12339	  49.12339	  49.12339	  49.12339	  49.12339	  49.12339	  49.12339	  49.12339	  49.12339	  49.12339	  49.12339	  49.12339	  49.12339	  49.12339	  49.12339	  49.12339	  49.12339	  49.12339	  49.12339	  49.12339	  49.12339	  49.12339	  49.12339	  49.12339	  49.12339	  49.12339	  49.12339	  49.12339	  49.12339	  49.12339	  49.12339	  49.12339	  49.12339	  49.12339	  49.12339	  49.12339	  49.12339	  49.12339	  49.12339	  49.12339	  49.12339	  49.12339	  49.12339	  49.12339	  49.12339	  49.12339	  49.12339	  49.12339	  49.12339	  49.12339	  49.12339	  49.12339	  49.12339	  49.12339	  49.12339	  49.12339	  49.12339	  49.12339	  49.12339	  49.12339	  49.12339	  49.12339	  49.12339	  49.12339	  49.12339	  49.12339	  49.12339	  49.12339	  49.12339	  49.12339	  49.12339	  49.12339	  49.12339	  49.12339	  49.12339	  49.12339	  49.12339	  49.12339	  49.12339	  49.12339	  49.12339	  49.12339	  49.12339	  49.12339	  49.12339	  49.12339	  49.12339	  49.12339	  49.12339	  49.12339	  49.12339	  49.12339	  49.12339	  49.12339	  49.12339	  49.12339	  49.12339	  49.12339	  49.12339	  49.12339	  49.12339	  49.12339	  49.12339	  49.12339	  49.12339	  49.12339	  49.12339	  49.12339	  49.12339	  49.12339	  49.12339	  49.12339	  49.12339	  49.12339	  49.12339	  49.12339	  49.12339	  49.12339	  49.12339	  49.12339	  49.12339	
        99	 94.134079	 89.329398	 84.644885	 80.134989	 75.847791	 71.823505	 68.093433	 64.679433	 61.593871	 58.840046	 56.413002	 54.300646	 52.485072	  50.94398	 49.652099	 48.582535	 47.707964	 47.001646	 46.438221	 45.994286	 45.648774	 45.383139	 45.181395	 45.030028	 44.917829	 44.835662	 44.776209	 44.733704	 44.703677	 44.682716	 44.668256	 44.658398	 44.651756	 44.647332	 44.644421	 44.642526	 44.641308	 44.640533	 44.640046	 44.639743	 44.639557	 44.639444	 44.639377	 44.639336	 44.639312	 44.639299	 44.639291	 44.639286	 44.639284	 44.639282	 44.639282	 44.639281	 44.639281	 44.639281	 44.639281	 44.639281	 44.639281	 44.639281	 44.639281	 44.639281	 44.639281	 44.639281	 44.639281	 44.639281	 44.639281	 44.639281	 44.639281	 44.639281	 44.639281	 44.639281	 44.639281	 44.639281	 44.639281	 44.639281	 44.639281	 44.639281	 44.639281	 44.639281	 44.639281	 44.639281	 44.639281	 44.639281	 44.639281	 44.639281	 44.639281	 44.639281	 44.639281	 44.639281	 44.639281	 44.639281	 44.639281	 44.639281	 44.639281	 44.639281	 44.639281	 44.639281	 44.639281	 44.639281	 44.639281	 44.639281	 44.639281	 44.639281	 44.639281	 44.639281	 44.639281	 44.639281	 44.639281	 44.639281	 44.639281	 44.639281	 44.639281	 44.639281	 44.639281	 44.639281	 44.639281	 44.639281	 44.639281	 44.639281	 44.639281	 44.639281	 44.639281	 44.639281	 44.639281	 44.639281	 44.639281	 44.639281	 44.639281	 44.639281	 44.639281	 44.639281	 44.639281	 44.639281	 44.639281	 44.639281	 44.639281	 44.639281	 44.639281	 44.639281	 44.639281	 44.639281	 44.639281	 44.639281	 44.639281	 44.639281	 44.639281	 44.639281	 44.639281	 44.639281	 44.639281	 44.639281	 44.639281	 44.639281	 44.639281	 44.639281	 44.639281	 44.639281	 44.639281	 44.639281	 44.639281	 44.639281	 44.639281	 44.639281	 44.639281	 44.639281	 44.639281	 44.639281	 44.639281	 44.639281	 44.639281	 44.639281	 44.639281	 44.639281	 44.639281	 44.639281	 44.639281	 44.639281	 44.639281	 44.639281	 44.639281	 44.639281	 44.639281	 44.639281	 44.639281	 44.639281	 44.639281	 44.639281	 44.639281	 44.639281	 44.639281	 44.639281	 44.639281	 44.639281	 44.639281	 44.639281	 44.639281	 44.639281	 44.639281	 44.639281	 44.639281	
        99	 93.775852	 88.617452	 83.588066	 78.746153	 74.143333	  69.82278	 65.818103	 62.152766	 58.840046	 55.883486	 53.277763	 51.009897	 49.060662	 47.406116	 46.019128	 44.870823	 43.931867	 43.173551	 42.568646	  42.09203	 41.721082	 41.435891	 41.219295	 41.056784	 40.936325	 40.848109	 40.784279	 40.738645	 40.706408	 40.683904	 40.668379	 40.657795	 40.650664	 40.645915	 40.642789	 40.640755	 40.639447	 40.638615	 40.638092	 40.637768	 40.637568	 40.637447	 40.637374	  40.63733	 40.637305	  40.63729	 40.637282	 40.637277	 40.637274	 40.637272	 40.637272	 40.637271	 40.637271	 40.637271	 40.637271	 40.637271	 40.637271	 40.637271	 40.637271	 40.637271	 40.637271	 40.637271	 40.637271	 40.637271	 40.637271	 40.637271	 40.637271	 40.637271	 40.637271	 40.637271	 40.637271	 40.637271	 40.637271	 40.637271	 40.637271	 40.637271	 40.637271	 40.637271	 40.637271	 40.637271	 40.637271	 40.637271	 40.637271	 40.637271	 40.637271	 40.637271	 40.637271	 40.637271	 40.637271	 40.637271	 40.637271	 40.637271	 40.637271	 40.637271	 40.637271	 40.637271	 40.637271	 40.637271	 40.637271	 40.637271	 40.637271	 40.637271	 40.637271	 40.637271	 40.637271	 40.637271	 40.637271	 40.637271	 40.637271	 40.637271	 40.637271	 40.637271	 40.637271	 40.637271	 40.637271	 40.637271	 40.637271	 40.637271	 40.637271	 40.637271	 40.637271	 40.637271	 40.637271	 40.637271	 40.637271	 40.637271	 40.637271	 40.637271	 40.637271	 40.637271	 40.637271	 40.637271	 40.637271	 40.637271	 40.637271	 40.637271	 40.637271	 40.637271	 40.637271	 40.637271	 40.637271	 40.637271	 40.637271	 40.637271	 40.637271	 40.637271	 40.637271	 40.637271	 40.637271	 40.637271	 40.637271	 40.637271	 40.637271	 40.637271	 40.637271	 40.637271	 40.637271	 40.637271	 40.637271	 40.637271	 40.637271	 40.637271	 40.637271	 40.637271	 40.637271	 40.637271	 40.637271	 40.637271	 40.637271	 40.637271	 40.637271	 40.637271	 40.637271	 40.637271	 40.637271	 40.637271	 40.637271	 40.637271	 40.637271	 40.637271	 40.637271	 40.637271	 40.637271	 40.637271	 40.637271	 40.637271	 40.637271	 40.637271	 40.637271	 40.637271	 40.637271	 40.637271	 40.637271	 40.637271	 40.637271	 40.637271	 40.637271	 40.637271	 40.637271	
        99	 93.460133	 87.989988	 82.656654	 77.522122	 72.641134	 68.059471	 63.812773	 59.925923	 56.413002	 53.277763	 50.514566	 48.109643	 46.042608	  44.28807	 42.817261	  41.59956	 40.603859	 39.799715	 39.158253	 38.652833	 38.259467	 37.957042	 37.727355	 37.555024	 37.427285	 37.333738	 37.266051	 37.217659	 37.183473	 37.159609	 37.143146	 37.131923	 37.124361	 37.119325	  37.11601	 37.113853	 37.112466	 37.111584	 37.111029	 37.110685	 37.110473	 37.110344	 37.110267	 37.110221	 37.110194	 37.110178	 37.110169	 37.110164	 37.110161	  37.11016	 37.110159	 37.110158	 37.110158	 37.110158	 37.110158	 37.110158	 37.110158	 37.110158	 37.110158	 37.110158	 37.110158	 37.110158	 37.110158	 37.110158	 37.110158	 37.110158	 37.110158	 37.110158	 37.110158	 37.110158	 37.110158	 37.110158	 37.110158	 37.110158	 37.110158	 37.110158	 37.110158	 37.110158	 37.110158	 37.110158	 37.110158	 37.110158	 37.110158	 37.110158	 37.110158	 37.110158	 37.110158	 37.110158	 37.110158	 37.110158	 37.110158	 37.110158	 37.110158	 37.110158	 37.110158	 37.110158	 37.110158	 37.110158	 37.110158	 37.110158	 37.110158	 37.110158	 37.110158	 37.110158	 37.110158	 37.110158	 37.110158	 37.110158	 37.110158	 37.110158	 37.110158	 37.110158	 37.110158	 37.110158	 37.110158	 37.110158	 37.110158	 37.110158	 37.110158	 37.110158	 37.110158	 37.110158	 37.110158	 37.110158	 37.110158	 37.110158	 37.110158	 37.110158	 37.110158	 37.110158	 37.110158	 37.110158	 37.110158	 37.110158	 37.110158	 37.110158	 37.110158	 37.110158	 37.110158	 37.110158	 37.110158	 37.110158	 37.110158	 37.110158	 37.110158	 37.110158	 37.110158	 37.110158	 37.110158	 37.110158	 37.110158	 37.110158	 37.110158	 37.110158	 37.110158	 37.110158	 37.110158	 37.110158	 37.110158	 37.110158	 37.110158	 37.110158	 37.110158	 37.110158	 37.110158	 37.110158	 37.110158	 37.110158	 37.110158	 37.110158	 37.110158	 37.110158	 37.110158	 37.110158	 37.110158	 37.110158	 37.110158	 37.110158	 37.110158	 37.110158	 37.110158	 37.110158	 37.110158	 37.110158	 37.110158	 37.110158	 37.110158	 37.110158	 37.110158	 37.110158	 37.110158	 37.110158	 37.110158	 37.110158	 37.110158	 37.110158	 37.110158	 37.110158	 37.110158	
        99	  93.18535	  87.44388	 81.846008	 76.456798	 71.333708	  66.52479	 62.067452	 57.987811	 54.300646	 51.009897	 48.109643	 45.585434	 43.415872	 41.574309	 40.030547	 38.752447	 37.707359	 36.863328	 36.190051	 35.659561	 35.246684	 34.929258	  34.68818	 34.507301	 34.373226	 34.275039	 34.203994	 34.153202	 34.117321	 34.092273	 34.074994	 34.063214	 34.055276	 34.049991	 34.046511	 34.044248	 34.042792	 34.041866	 34.041284	 34.040922	   34.0407	 34.040565	 34.040484	 34.040436	 34.040407	 34.040391	 34.040381	 34.040376	 34.040373	 34.040371	  34.04037	  34.04037	  34.04037	  34.04037	 34.040369	 34.040369	 34.040369	 34.040369	 34.040369	 34.040369	 34.040369	 34.040369	 34.040369	 34.040369	 34.040369	 34.040369	 34.040369	 34.040369	 34.040369	 34.040369	 34.040369	 34.040369	 34.040369	 34.040369	 34.040369	 34.040369	 34.040369	 34.040369	 34.040369	 34.040369	 34.040369	 34.040369	 34.040369	 34.040369	 34.040369	 34.040369	 34.040369	 34.040369	 34.040369	 34.040369	 34.040369	 34.040369	 34.040369	 34.040369	 34.040369	 34.040369	 34.040369	 34.040369	 34.040369	 34.040369	 34.040369	 34.040369	 34.040369	 34.040369	 34.040369	 34.040369	 34.040369	 34.040369	 34.040369	 34.040369	 34.040369	 34.040369	 34.040369	 34.040369	 34.040369	 34.040369	 34.040369	 34.040369	 34.040369	 34.040369	 34.040369	 34.040369	 34.040369	 34.040369	 34.040369	 34.040369	 34.040369	 34.040369	 34.040369	 34.040369	 34.040369	 34.040369	 34.040369	 34.040369	 34.040369	 34.040369	 34.040369	 34.040369	 34.040369	 34.040369	 34.040369	 34.040369	 34.040369	 34.040369	 34.040369	 34.040369	 34.040369	 34.040369	 34.040369	 34.040369	 34.040369	 34.040369	 34.040369	 34.040369	 34.040369	 34.040369	 34.040369	 34.040369	 34.040369	 34.040369	 34.040369	 34.040369	 34.040369	 34.040369	 34.040369	 34.040369	 34.040369	 34.040369	 34.040369	 34.040369	 34.040369	 34.040369	 34.040369	 34.040369	 34.040369	 34.040369	 34.040369	 34.040369	 34.040369	 34.040369	 34.040369	 34.040369	 34.040369	 34.040369	 34.040369	 34.040369	 34.040369	 34.040369	 34.040369	 34.040369	 34.040369	 34.040369	 34.040369	 34.040369	 34.040369	 34.040369	 34.040369	 34.040369	 34.040369	
        99	 92.949173	   86.9745	 81.149256	  75.54115	 70.209973	 65.205729	 60.567345	    56.322	 52.485072	 49.060662	 46.042608	 43.415872	 41.158189	 39.241826	 37.635361	 36.305348	 35.217812	   34.3395	 33.638875	 33.086839	 32.657193	 32.326874	 32.076004	 31.887778	 31.748258	 31.646083	 31.572153	 31.519297	 31.481959	 31.455894	 31.437912	 31.425654	 31.417394	 31.411894	 31.408273	 31.405918	 31.404402	 31.403439	 31.402834	 31.402457	 31.402226	 31.402085	 31.402001	 31.401951	 31.401921	 31.401904	 31.401894	 31.401889	 31.401886	 31.401884	 31.401883	 31.401882	 31.401882	 31.401882	 31.401882	 31.401882	 31.401882	 31.401882	 31.401882	 31.401882	 31.401882	 31.401882	 31.401882	 31.401882	 31.401882	 31.401882	 31.401882	 31.401882	 31.401882	 31.401882	 31.401882	 31.401882	 31.401882	 31.401882	 31.401882	 31.401882	 31.401882	 31.401882	 31.401882	 31.401882	 31.401882	 31.401882	 31.401882	 31.401882	 31.401882	 31.401882	 31.401882	 31.401882	 31.401882	 31.401882	 31.401882	 31.401882	 31.401882	 31.401882	 31.401882	 31.401882	 31.401882	 31.401882	 31.401882	 31.401882	 31.401882	 31.401882	 31.401882	 31.401882	 31.401882	 31.401882	 31.401882	 31.401882	 31.401882	 31.401882	 31.401882	 31.401882	 31.401882	 31.401882	 31.401882	 31.401882	 31.401882	 31.401882	 31.401882	 31.401882	 31.401882	 31.401882	 31.401882	 31.401882	 31.401882	 31.401882	 31.401882	 31.401882	 31.401882	 31.401882	 31.401882	 31.401882	 31.401882	 31.401882	 31.401882	 31.401882	 31.401882	 31.401882	 31.401882	 31.401882	 31.401882	 31.401882	 31.401882	 31.401882	 31.401882	 31.401882	 31.401882	 31.401882	 31.401882	 31.401882	 31.401882	 31.401882	 31.401882	 31.401882	 31.401882	 31.401882	 31.401882	 31.401882	 31.401882	 31.401882	 31.401882	 31.401882	 31.401882	 31.401882	 31.401882	 31.401882	 31.401882	 31.401882	 31.401882	 31.401882	 31.401882	 31.401882	 31.401882	 31.401882	 31.401882	 31.401882	 31.401882	 31.401882	 31.401882	 31.401882	 31.401882	 31.401882	 31.401882	 31.401882	 31.401882	 31.401882	 31.401882	 31.401882	 31.401882	 31.401882	 31.401882	 31.401882	 31.401882	 31.401882	 31.401882	 31.401882	 31.401882	 31.401882	 31.401882	
        99	 92.748702	 86.576081	  80.55784	 74.763931	 69.256126	 64.086086	 59.294028	  54.90803	  50.94398	 47.406116	  44.28807	 41.574309	 39.241826	 37.261973	 35.602284	 34.228207	  33.10464	 32.197229	 31.473393	 30.903067	 30.459186	 30.117924	 29.858742	 29.664281	 29.520138	 29.414578	 29.338198	 29.283592	 29.245017	 29.218088	 29.199511	 29.186846	 29.178313	  29.17263	  29.16889	 29.166456	 29.164891	 29.163896	  29.16327	 29.162881	 29.162642	 29.162497	  29.16241	 29.162358	 29.162328	  29.16231	   29.1623	 29.162294	 29.162291	 29.162289	 29.162288	 29.162287	 29.162287	 29.162287	 29.162287	 29.162287	 29.162287	 29.162287	 29.162287	 29.162287	 29.162287	 29.162287	 29.162287	 29.162287	 29.162287	 29.162287	 29.162287	 29.162287	 29.162287	 29.162287	 29.162287	 29.162287	 29.162287	 29.162287	 29.162287	 29.162287	 29.162287	 29.162287	 29.162287	 29.162287	 29.162287	 29.162287	 29.162287	 29.162287	 29.162287	 29.162287	 29.162287	 29.162287	 29.162287	 29.162287	 29.162287	 29.162287	 29.162287	 29.162287	 29.162287	 29.162287	 29.162287	 29.162287	 29.162287	 29.162287	 29.162287	 29.162287	 29.162287	 29.162287	 29.162287	 29.162287	 29.162287	 29.162287	 29.162287	 29.162287	 29.162287	 29.162287	 29.162287	 29.162287	 29.162287	 29.162287	 29.162287	 29.162287	 29.162287	 29.162287	 29.162287	 29.162287	 29.162287	 29.162287	 29.162287	 29.162287	 29.162287	 29.162287	 29.162287	 29.162287	 29.162287	 29.162287	 29.162287	 29.162287	 29.162287	 29.162287	 29.162287	 29.162287	 29.162287	 29.162287	 29.162287	 29.162287	 29.162287	 29.162287	 29.162287	 29.162287	 29.162287	 29.162287	 29.162287	 29.162287	 29.162287	 29.162287	 29.162287	 29.162287	 29.162287	 29.162287	 29.162287	 29.162287	 29.162287	 29.162287	 29.162287	 29.162287	 29.162287	 29.162287	 29.162287	 29.162287	 29.162287	 29.162287	 29.162287	 29.162287	 29.162287	 29.162287	 29.162287	 29.162287	 29.162287	 29.162287	 29.162287	 29.162287	 29.162287	 29.162287	 29.162287	 29.162287	 29.162287	 29.162287	 29.162287	 29.162287	 29.162287	 29.162287	 29.162287	 29.162287	 29.162287	 29.162287	 29.162287	 29.162287	 29.162287	 29.162287	 29.162287	 29.162287	 29.162287	
        99	  92.58065	  86.24209	 80.062062	 74.112397	 68.456527	 63.147501	 58.226619	 53.722714	 49.652099	 46.019128	 42.817261	 40.030547	 37.635361	 35.602284	 33.897979	 32.486964	 31.333193	 30.401388	 29.658093	 29.072436	 28.616623	 28.266187	 28.000038	 27.800349	 27.652331	 27.543934	 27.465501	 27.409427	 27.369814	 27.342161	 27.323085	  27.31008	 27.301318	 27.295482	 27.291641	 27.289142	 27.287535	 27.286512	  27.28587	 27.285471	 27.285225	 27.285076	 27.284987	 27.284934	 27.284902	 27.284884	 27.284874	 27.284868	 27.284864	 27.284862	 27.284861	 27.284861	 27.284861	  27.28486	  27.28486	  27.28486	  27.28486	  27.28486	  27.28486	  27.28486	  27.28486	  27.28486	  27.28486	  27.28486	  27.28486	  27.28486	  27.28486	  27.28486	  27.28486	  27.28486	  27.28486	  27.28486	  27.28486	  27.28486	  27.28486	  27.28486	  27.28486	  27.28486	  27.28486	  27.28486	  27.28486	  27.28486	  27.28486	  27.28486	  27.28486	  27.28486	  27.28486	  27.28486	  27.28486	  27.28486	  27.28486	  27.28486	  27.28486	  27.28486	  27.28486	  27.28486	  27.28486	  27.28486	  27.28486	  27.28486	  27.28486	  27.28486	  27.28486	  27.28486	  27.28486	  27.28486	  27.28486	  27.28486	  27.28486	  27.28486	  27.28486	  27.28486	  27.28486	  27.28486	  27.28486	  27.28486	  27.28486	  27.28486	  27.28486	  27.28486	  27.28486	  27.28486	  27.28486	  27.28486	  27.28486	  27.28486	  27.28486	  27.28486	  27.28486	  27.28486	  27.28486	  27.28486	  27.28486	  27.28486	  27.28486	  27.28486	  27.28486	  27.28486	  27.28486	  27.28486	  27.28486	  27.28486	  27.28486	  27.28486	  27.28486	  27.28486	  27.28486	  27.28486	  27.28486	  27.28486	  27.28486	  27.28486	  27.28486	  27.28486	  27.28486	  27.28486	  27.28486	  27.28486	  27.28486	  27.28486	  27.28486	  27.28486	  27.28486	  27.28486	  27.28486	  27.28486	  27.28486	  27.28486	  27.28486	  27.28486	  27.28486	  27.28486	  27.28486	  27.28486	  27.28486	  27.28486	  27.28486	  27.28486	  27.28486	  27.28486	  27.28486	  27.28486	  27.28486	  27.28486	  27.28486	  27.28486	  27.28486	  27.28486	  27.28486	  27.28486	  27.28486	  27.28486	  27.28486	  27.28486	  27.28486	  27.28486	  27.28486	  27.28486	  27.28486	
        99	 92.441517	 85.965576	 79.651602	 73.572983	 67.794528	 62.370435	 57.342898	 52.741375	 48.582535	 44.870823	  41.59956	 38.752447	 36.305348	 34.228207	 32.486964	 31.045367	 29.866589	 28.914589	 28.155185	 27.556834	 27.091142	 26.733111	 26.461193	 26.257177	 26.105951	 25.995204	 25.915072	 25.857782	 25.817311	 25.789059	 25.769569	 25.756282	  25.74733	 25.741368	 25.737444	  25.73489	 25.733248	 25.732204	 25.731548	  25.73114	 25.730889	 25.730737	 25.730645	 25.730591	 25.730559	  25.73054	  25.73053	 25.730524	  25.73052	 25.730518	 25.730517	 25.730517	 25.730516	 25.730516	 25.730516	 25.730516	 25.730516	 25.730516	 25.730516	 25.730516	 25.730516	 25.730516	 25.730516	 25.730516	 25.730516	 25.730516	 25.730516	 25.730516	 25.730516	 25.730516	 25.730516	 25.730516	 25.730516	 25.730516	 25.730516	 25.730516	 25.730516	 25.730516	 25.730516	 25.730516	 25.730516	 25.730516	 25.730516	 25.730516	 25.730516	 25.730516	 25.730516	 25.730516	 25.730516	 25.730516	 25.730516	 25.730516	 25.730516	 25.730516	 25.730516	 25.730516	 25.730516	 25.730516	 25.730516	 25.730516	 25.730516	 25.730516	 25.730516	 25.730516	 25.730516	 25.730516	 25.730516	 25.730516	 25.730516	 25.730516	 25.730516	 25.730516	 25.730516	 25.730516	 25.730516	 25.730516	 25.730516	 25.730516	 25.730516	 25.730516	 25.730516	 25.730516	 25.730516	 25.730516	 25.730516	 25.730516	 25.730516	 25.730516	 25.730516	 25.730516	 25.730516	 25.730516	 25.730516	 25.730516	 25.730516	 25.730516	 25.730516	 25.730516	 25.730516	 25.730516	 25.730516	 25.730516	 25.730516	 25.730516	 25.730516	 25.730516	 25.730516	 25.730516	 25.730516	 25.730516	 25.730516	 25.730516	 25.730516	 25.730516	 25.730516	 25.730516	 25.730516	 25.730516	 25.730516	 25.730516	 25.730516	 25.730516	 25.730516	 25.730516	 25.730516	 25.730516	 25.730516	 25.730516	 25.730516	 25.730516	 25.730516	 25.730516	 25.730516	 25.730516	 25.730516	 25.730516	 25.730516	 25.730516	 25.730516	 25.730516	 25.730516	 25.730516	 25.730516	 25.730516	 25.730516	 25.730516	 25.730516	 25.730516	 25.730516	 25.730516	 25.730516	 25.730516	 25.730516	 25.730516	 25.730516	 25.730516	 25.730516	 25.730516	 25.730516	
        99	 92.327749	 85.739472	 79.315972	 73.131911	 67.253219	 61.735037	 56.620289	 51.938946	 47.707964	 43.931867	 40.603859	 37.707359	 35.217812	  33.10464	 31.333193	 29.866589	 28.667364	  27.69885	 26.926273	 26.317544	 25.843774	 25.479532	 25.202898	 24.995343	 24.841494	 24.728826	 24.647303	  24.58902	 24.547847	 24.519105	 24.499278	  24.48576	 24.476652	 24.470587	 24.466595	 24.463997	 24.462326	 24.461264	 24.460596	 24.460181	 24.459926	 24.459771	 24.459678	 24.459623	  24.45959	 24.459571	 24.459561	 24.459554	 24.459551	 24.459549	 24.459548	 24.459547	 24.459547	 24.459547	 24.459547	 24.459547	 24.459547	 24.459547	 24.459547	 24.459547	 24.459547	 24.459547	 24.459547	 24.459547	 24.459547	 24.459547	 24.459547	 24.459547	 24.459547	 24.459547	 24.459547	 24.459547	 24.459547	 24.459547	 24.459547	 24.459547	 24.459547	 24.459547	 24.459547	 24.459547	 24.459547	 24.459547	 24.459547	 24.459547	 24.459547	 24.459547	 24.459547	 24.459547	 24.459547	 24.459547	 24.459547	 24.459547	 24.459547	 24.459547	 24.459547	 24.459547	 24.459547	 24.459547	 24.459547	 24.459547	 24.459547	 24.459547	 24.459547	 24.459547	 24.459547	 24.459547	 24.459547	 24.459547	 24.459547	 24.459547	 24.459547	 24.459547	 24.459547	 24.459547	 24.459547	 24.459547	 24.459547	 24.459547	 24.459547	 24.459547	 24.459547	 24.459547	 24.459547	 24.459547	 24.459547	 24.459547	 24.459547	 24.459547	 24.459547	 24.459547	 24.459547	 24.459547	 24.459547	 24.459547	 24.459547	 24.459547	 24.459547	 24.459547	 24.459547	 24.459547	 24.459547	 24.459547	 24.459547	 24.459547	 24.459547	 24.459547	 24.459547	 24.459547	 24.459547	 24.459547	 24.459547	 24.459547	 24.459547	 24.459547	 24.459547	 24.459547	 24.459547	 24.459547	 24.459547	 24.459547	 24.459547	 24.459547	 24.459547	 24.459547	 24.459547	 24.459547	 24.459547	 24.459547	 24.459547	 24.459547	 24.459547	 24.459547	 24.459547	 24.459547	 24.459547	 24.459547	 24.459547	 24.459547	 24.459547	 24.459547	 24.459547	 24.459547	 24.459547	 24.459547	 24.459547	 24.459547	 24.459547	 24.459547	 24.459547	 24.459547	 24.459547	 24.459547	 24.459547	 24.459547	 24.459547	 24.459547	 24.459547	 24.459547	 24.459547	
