Time step 79:
        99	        99	        99	        99	        99	        99	        99	        99	        99	        99	        99	        99	        99	        99	        99	        99	        99	        99	        99	        99	        99	        99	        99	        99	        99	        99	        99	        99	        99	        99	        99	        99	        99	        99	        99	        99	        99	        99	        99	        99	        99	        99	        99	        99	        99	        99	        99	        99	        99	        99	        99	        99	        99	        99	        99	        99	        99	        99	        99	        99	        99	        99	        99	        99	        99	        99	        99	        99	        99	        99	        99	        99	        99	        99	        99	        99	        99	        99	        99	        99	        99	        99	        99	        99	        99	        99	        99	        99	        99	        99	        99	        99	        99	        99	        99	        99	        99	        99	        99	        99	        99	        99	        99	        99	        99	        99	        99	        99	        99	        99	        99	        99	        99	        99	        99	        99	        99	        99	        99	        99	        99	        99	        99	        99	        99	        99	        99	        99	        99	        99	        99	        99	        99	        99	        99	        99	        99	        99	        99	        99	        99	        99	        99	        99	        99	        99	        99	        99	        99	        99	        99	        99	        99	        99	        99	        99	        99	        99	        99	        99	        99	        99	        99	        99	        99	        99	        99	        99	        99	        99	        99	        99	        99	        99	        99	        99	        99	        99	        99	        99	        99	        99	        99	        99	        99	        99	        99	        99	        99	        99	        99	        99	        99	        99	        99	        99	        99	        99	        99	        99	
        99	 98.991962	 98.983926	 98.975893	 98.967863	 98.959838	  98.95182	 98.943809	 98.935808	 98.927816	 98.919836	 98.911869	 98.903916	 98.895978	 98.888057	 98.880153	 98.872268	 98.864404	  98.85656	  98.84874	 98.840942	  98.83317	 98.825424	 98.817705	 98.810015	 98.802354	 98.794723	 98.787124	 98.779558	 98.772025	 98.764528	 98.757066	 98.749641	 98.742254	 98.734906	 98.727598	 98.720331	 98.713105	 98.705922	 98.698782	 98.691687	 98.684637	 98.677633	 98.670676	 98.663767	 98.656906	 98.650094	 98.643332	 98.636621	 98.629961	 98.623353	 98.616798	 98.610296	 98.603848	 98.597454	 98.591115	 98.584832	 98.578605	 98.572434	  98.56632	 98.560264	 98.554266	 98.548325	 98.542444	 98.536621	 98.530858	 98.525154	 98.519511	 98.513927	 98.508404	 98.502942	  98.49754	   98.4922	  98.48692	 98.481702	 98.476546	 98.471451	 98.466417	 98.461446	 98.456536	 98.451688	 98.446901	 98.442177	 98.437514	 98.432912	 98.428372	 98.423894	 98.419477	 98.415121	 98.410826	 98.406593	 98.402419	 98.398307	 98.394254	 98.390262	  98.38633	 98.382457	 98.378643	 98.374888	 98.371193	 98.367555	 98.363976	 98.360454	  98.35699	 98.353583	 98.350232	 98.346938	 98.343699	 98.340516	 98.337388	 98.334315	 98.331296	 98.328331	 98.325418	 98.322559	 98.319753	 98.316998	 98.314294	 98.311642	  98.30904	 98.306488	 98.303985	 98.301532	 98.299127	  98.29677	  98.29446	 98.292197	 98.289981	 98.287811	 98.285686	 98.283606	  98.28157	 98.279578	 98.277629	 98.275723	  98.27386	 98.272038	 98.270257	 98.268517	 98.266817	 98.265157	 98.263535	 98.261953	 98.260408	 98.258901	 98.257432	 98.255998	 98.254601	  98.25324	 98.251913	 98.250622	 98.249364	  98.24814	 98.246949	 98.245792	 98.244666	 98.243572	  98.24251	 98.241479	 98.240479	 98.239508	 98.238567	 98.237656	 98.236774	  98.23592	 98.235095	 98.234297	 98.233527	 98.232784	 98.232068	 98.231378	 98.230714	 98.230077	 98.229464	 98.228877	 98.228315	 98.227778	 98.227265	 98.226776	 98.226311	  98.22587	 98.225452	 98.225058	 98.224686	 98.224338	 98.224012	 98.223708	 98.223427	 98.223168	 98.222931	 98.222716	 98.222523	 98.222352	 98.222202	 98.222074	 98.221967	 98.221881	 98.221817	 98.221775	 98.221754	
        99	 98.983926	 98.967855	 98.951789	 98.935731	 98.919683	 98.903647	 98.887628	 98.871626	 98.855644	 98.839686	 98.823753	 98.807848	 98.791973	 98.776131	 98.760325	 98.744557	 98.728829	 98.713144	 98.697503	  98.68191	 98.666367	 98.650876	  98.63544	  98.62006	 98.604739	 98.589479	 98.574282	 98.559151	 98.544087	 98.529093	 98.514171	 98.499323	  98.48455	 98.469855	  98.45524	 98.440706	 98.426256	 98.411891	 98.397613	 98.383423	 98.369324	 98.355318	 98.341405	 98.327587	 98.313866	 98.300244	 98.286721	   98.2733	 98.259981	 98.246767	 98.233657	 98.220654	 98.207759	 98.194972	 98.182296	  98.16973	 98.157277	 98.144936	  98.13271	 98.120598	 98.108602	 98.096723	 98.084961	 98.073316	 98.061791	 98.050385	 98.039098	 98.027932	 98.016887	 98.005963	  97.99516	  97.98448	 97.973923	 97.963487	 97.953175	 97.942986	  97.93292	 97.922978	 97.913159	 97.903463	 97.893891	 97.884443	 97.875117	 97.865915	 97.856836	  97.84788	 97.839047	 97.830336	 97.821747	  97.81328	 97.804934	 97.796709	 97.788605	 97.780621	 97.772757	 97.765012	 97.757385	 97.749877	 97.742486	 97.735211	 97.728053	  97.72101	 97.714082	 97.707268	 97.700568	  97.69398	 97.687503	 97.681138	 97.674882	 97.668736	 97.662699	 97.656768	 97.650945	 97.645227	 97.639614	 97.634104	 97.628698	 97.623394	  97.61819	 97.613087	 97.608082	 97.603175	 97.598366	 97.593652	 97.589033	 97.584508	 97.580076	 97.575735	 97.571486	 97.567326	 97.563255	 97.559271	 97.555374	 97.551563	 97.547836	 97.544192	 97.540631	 97.537151	 97.533751	 97.530431	 97.527189	 97.524024	 97.520935	 97.517921	 97.514982	 97.512116	 97.509322	 97.506599	 97.503946	 97.501363	 97.498848	   97.4964	 97.494019	 97.491704	 97.489453	 97.487266	 97.485142	 97.483079	 97.481078	 97.479138	 97.477257	 97.475434	  97.47367	 97.471963	 97.470312	 97.468717	 97.467176	 97.465691	 97.464258	 97.462879	 97.461552	 97.460276	 97.459052	 97.457878	 97.456754	 97.455679	 97.454654	 97.453676	 97.452746	 97.451864	 97.451028	 97.450239	 97.449496	 97.448799	 97.448147	  97.44754	 97.446978	  97.44646	 97.445986	 97.445557	  97.44517	 97.444827	 97.444528	 97.444271	 97.444058	 97.443887	 97.443759	 97.443674	 97.443631	
        99	 98.975893	 98.951789	 98.927693	 98.903609	  98.87954	  98.85549	 98.831464	 98.807464	 98.783495	 98.759561	 98.735664	  98.71181	 98.688001	 98.664242	 98.640536	 98.616886	 98.593298	 98.569773	 98.546315	 98.522929	 98.499618	 98.476384	 98.453232	 98.430165	 98.407187	   98.3843	 98.361508	 98.338814	 98.316222	 98.293734	 98.271354	 98.249084	 98.226928	 98.204888	 98.182968	 98.161171	 98.139498	 98.117953	 98.096539	 98.075258	 98.054113	 98.033105	 98.012239	 97.991515	 97.970936	 97.950506	 97.930224	 97.910095	  97.89012	   97.8703	 97.850639	 97.831137	 97.811796	 97.792619	 97.773607	 97.754761	 97.736083	 97.717575	 97.699238	 97.681073	 97.663082	 97.645265	 97.627624	  97.61016	 97.592874	 97.575767	 97.558839	 97.542092	 97.525526	 97.509143	 97.492941	 97.476923	 97.461089	 97.445438	 97.429972	  97.41469	 97.399594	 97.384682	 97.369955	 97.355414	 97.341058	 97.326887	 97.312901	 97.299099	 97.285483	 97.272051	 97.258802	 97.245737	 97.232856	 97.220157	  97.20764	 97.195305	  97.18315	 97.171176	 97.159381	 97.147765	 97.136326	 97.125065	  97.11398	  97.10307	 97.092334	 97.081771	  97.07138	 97.061161	 97.051111	  97.04123	 97.031517	  97.02197	 97.012588	  97.00337	 96.994315	 96.985421	 96.976687	 96.968111	 96.959692	  96.95143	 96.943321	 96.935365	 96.927561	 96.919907	 96.912401	 96.905042	 96.897828	 96.890759	 96.883831	 96.877045	 96.870397	 96.863888	 96.857514	 96.851275	 96.845169	 96.839195	  96.83335	 96.827633	 96.822043	 96.816579	 96.811238	 96.806018	  96.80092	  96.79594	 96.791077	  96.78633	 96.781698	 96.777178	 96.772769	 96.768471	  96.76428	 96.760197	 96.756218	 96.752344	 96.748572	 96.744901	  96.74133	 96.737857	 96.734481	 96.731201	 96.728015	 96.724922	 96.721921	  96.71901	 96.716189	 96.713456	  96.71081	 96.708249	 96.705773	 96.703381	 96.701071	 96.698842	 96.696694	 96.694626	 96.692635	 96.690722	 96.688886	 96.687125	 96.685439	 96.683828	 96.682289	 96.680823	 96.679428	 96.678105	 96.676852	 96.675668	 96.674554	 96.673508	 96.672531	  96.67162	 96.670777	 96.670001	  96.66929	 96.668645	 96.668066	 96.667552	 96.667103	 96.666718	 96.666398	 96.666142	  96.66595	 96.665822	 96.665758	
        99	 98.967863	 98.935731	 98.903609	 98.871503	 98.839417	 98.807357	 98.775327	 98.743333	 98.711381	 98.679474	 98.647618	 98.615818	 98.584079	 98.552406	 98.520804	 98.489277	 98.457831	  98.42647	   98.3952	 98.364024	 98.332948	 98.301976	 98.271112	 98.240362	  98.20973	  98.17922	 98.148836	 98.118583	 98.088466	 98.058487	 98.028653	 97.998965	 97.969429	 97.940049	 97.910828	 97.881769	 97.852878	 97.824157	  97.79561	 97.767241	 97.739052	 97.711047	  97.68323	 97.655604	 97.628171	 97.600935	 97.573898	 97.547064	 97.520436	 97.494014	 97.467804	 97.441806	 97.416024	 97.390459	 97.365114	 97.339991	 97.315092	 97.290419	 97.265974	 97.241759	 97.217774	 97.194023	 97.170506	 97.147225	 97.124182	 97.101376	  97.07881	 97.056485	 97.034402	 97.012561	 96.990963	  96.96961	 96.948501	 96.927637	  96.90702	 96.886648	 96.866523	 96.846644	 96.827012	 96.807627	 96.788489	 96.769598	 96.750954	 96.732555	 96.714403	 96.696497	 96.678836	 96.661419	 96.644247	 96.627318	 96.610632	 96.594188	 96.577985	 96.562022	 96.546299	 96.530813	 96.515565	 96.500553	 96.485775	 96.471231	 96.456919	 96.442838	 96.428987	 96.415363	 96.401966	 96.388794	 96.375845	 96.363119	 96.350612	 96.338324	 96.326252	 96.314395	 96.302752	  96.29132	 96.280097	 96.269082	 96.258273	 96.247667	 96.237263	  96.22706	 96.217053	 96.207243	 96.197627	 96.188203	 96.178968	 96.169921	 96.161059	 96.152381	 96.143885	 96.135568	 96.127428	 96.119463	 96.111672	 96.104051	 96.096599	 96.089314	 96.082194	 96.075236	 96.068439	 96.061801	 96.055318	 96.048991	 96.042815	  96.03679	 96.030913	 96.025182	 96.019596	 96.014152	 96.008849	 96.003684	 95.998655	 95.993762	 95.989001	 95.984372	 95.979871	 95.975499	 95.971251	 95.967128	 95.963128	 95.959248	 95.955487	 95.951843	 95.948315	 95.944902	 95.941601	 95.938412	 95.935333	 95.932362	 95.929498	  95.92674	 95.924087	 95.921537	 95.919089	 95.916742	 95.914495	 95.912346	 95.910295	  95.90834	 95.906481	 95.904717	 95.903047	 95.901469	 95.899984	  95.89859	 95.897286	 95.896073	 95.894949	 95.893913	 95.892966	 95.892107	 95.891334	 95.890649	  95.89005	 95.889537	  95.88911	 95.888769	 95.888513	 95.888343	 95.888258	
        99	 98.959838	 98.919683	  98.87954	 98.839417	 98.799319	 98.759253	 98.719226	 98.679244	 98.639312	 98.599438	 98.559628	 98.519888	 98.480223	 98.440642	 98.401148	 98.361749	 98.322451	  98.28326	 98.244181	 98.205221	 98.166385	 98.127679	 98.089109	  98.05068	 98.012399	 97.974271	   97.9363	 97.898493	 97.860855	 97.823391	 97.786107	 97.749006	 97.712095	 97.675379	 97.638861	 97.602547	 97.566441	 97.530549	 97.494873	  97.45942	 97.424193	 97.389195	 97.354432	 97.319908	 97.285625	 97.251588	   97.2178	 97.184266	 97.150988	 97.117969	 97.085214	 97.052724	 97.020504	 96.988556	 96.956882	 96.925486	  96.89437	 96.863536	 96.832987	 96.802725	 96.772752	  96.74307	 96.713681	 96.684587	 96.655789	 96.627289	 96.599088	 96.571189	 96.543591	 96.516296	 96.489306	  96.46262	 96.436241	 96.410167	 96.384401	 96.358943	 96.333792	  96.30895	 96.284416	 96.260191	 96.236274	 96.212666	 96.189366	 96.166374	 96.143689	 96.121311	  96.09924	 96.077475	 96.056015	 96.034859	 96.014006	 95.993456	 95.973207	 95.953258	 95.933608	 95.914256	 95.895201	  95.87644	 95.857972	 95.839796	 95.821911	 95.804314	 95.787004	 95.769978	 95.753236	 95.736775	 95.720593	 95.704688	 95.689059	 95.673702	 95.658616	 95.643799	 95.629248	 95.614961	 95.600936	 95.587171	 95.573662	 95.560408	 95.547407	 95.534655	 95.522151	 95.509891	 95.497873	 95.486095	 95.474555	 95.463249	 95.452174	  95.44133	 95.430712	 95.420318	 95.410145	 95.400192	 95.390455	 95.380931	 95.371619	 95.362515	 95.353617	 95.344922	 95.336427	 95.328131	  95.32003	 95.312122	 95.304405	 95.296875	 95.289531	 95.282369	 95.275388	 95.268585	 95.261957	 95.255502	 95.249218	 95.243103	 95.237154	 95.231368	 95.225744	 95.220279	 95.214972	 95.209819	 95.204819	  95.19997	  95.19527	 95.190717	 95.186308	 95.182043	 95.177918	 95.173932	 95.170084	 95.166371	 95.162793	 95.159346	  95.15603	 95.152844	 95.149784	 95.146851	 95.144043	 95.141357	 95.138794	 95.136351	 95.134028	 95.131824	 95.129736	 95.127765	 95.125908	 95.124166	 95.122537	 95.121021	 95.119616	 95.118322	 95.117138	 95.116064	 95.115099	 95.114243	 95.113494	 95.112853	  95.11232	 95.111893	 95.111574	 95.111361	 95.111254	
        99	  98.95182	 98.903647	  98.85549	 98.807357	 98.759253	 98.711189	  98.66317	 98.615205	 98.567301	 98.519467	 98.471708	 98.424034	 98.376451	 98.328966	 98.281588	 98.234324	  98.18718	 98.140164	 98.093283	 98.046544	 97.999954	 97.953521	 97.907251	  97.86115	 97.815226	 97.769485	 97.723934	 97.678579	 97.633427	 97.588483	 97.543755	 97.499247	 97.454967	  97.41092	 97.367111	 97.323547	 97.280233	 97.237175	 97.194377	 97.151845	 97.109585	   97.0676	 97.025897	 96.984479	 96.943352	  96.90252	 96.861987	 96.821757	 96.781835	 96.742224	 96.702929	 96.663954	 96.625301	 96.586974	 96.548977	 96.511312	 96.473984	 96.436994	 96.400346	 96.364042	 96.328085	 96.292477	  96.25722	 96.222318	  96.18777	  96.15358	  96.11975	  96.08628	 96.053172	 96.020428	 95.988049	 95.956036	  95.92439	 95.893111	 95.862201	  95.83166	 95.801488	 95.771686	 95.742254	 95.713192	   95.6845	 95.656179	 95.628227	 95.600644	  95.57343	 95.546585	 95.520107	 95.493997	 95.468252	 95.442872	 95.417856	 95.393203	 95.368912	  95.34498	 95.321408	 95.298192	 95.275332	 95.252825	 95.230671	 95.208866	  95.18741	   95.1663	 95.145533	 95.125109	 95.105024	 95.085277	 95.065864	 95.046784	 95.028034	 95.009611	 94.991513	 94.973738	 94.956282	 94.939143	 94.922318	 94.905804	 94.889599	 94.873699	 94.858101	 94.842804	 94.827803	 94.813095	 94.798679	 94.784549	 94.770705	 94.757141	 94.743856	 94.730846	 94.718108	 94.705639	 94.693436	 94.681495	 94.669814	 94.658389	 94.647218	 94.636296	 94.625621	  94.61519	    94.605	 94.595048	 94.585329	 94.575843	 94.566584	 94.557551	 94.548741	 94.540149	 94.531774	 94.523613	 94.515662	 94.507919	  94.50038	 94.493044	 94.485906	 94.478966	 94.472219	 94.465663	 94.459296	 94.453115	 94.447117	   94.4413	 94.435661	 94.430199	  94.42491	 94.419793	 94.414844	 94.410063	 94.405447	 94.400993	   94.3967	 94.392565	 94.388587	 94.384764	 94.381094	 94.377575	 94.374206	 94.370985	  94.36791	 94.364979	 94.362193	 94.359548	 94.357043	 94.354678	 94.352451	 94.350361	 94.348407	 94.346588	 94.344903	  94.34335	  94.34193	 94.340642	 94.339484	 94.338457	 94.337559	  94.33679	  94.33615	 94.335638	 94.335255	 94.334999	 94.334872	
        99	 98.943809	 98.887628	 98.831464	 98.775327	 98.719226	  98.66317	 98.607168	 98.551228	  98.49536	 98.439572	 98.383873	 98.328272	 98.272778	 98.217398	 98.162143	  98.10702	 98.052038	 97.997205	 97.942529	 97.888019	 97.833684	  97.77953	 97.725567	 97.671801	 97.618242	 97.564896	 97.511771	 97.458876	 97.406216	   97.3538	 97.301635	 97.249728	 97.198085	 97.146714	 97.095622	 97.044815	   96.9943	 96.944082	 96.894169	 96.844566	 96.795279	 96.746314	 96.697677	 96.649373	 96.601408	 96.553786	 96.506514	 96.459596	 96.413036	  96.36684	 96.321012	 96.275555	 96.230476	 96.185777	 96.141462	 96.097536	 96.054001	 96.010861	  95.96812	  95.92578	 95.883844	 95.842316	 95.801198	 95.760492	 95.720201	 95.680326	 95.640871	 95.601836	 95.563224	 95.525036	 95.487273	 95.449937	 95.413029	  95.37655	 95.340501	 95.304882	 95.269693	 95.234936	 95.200611	 95.166717	 95.133255	 95.100225	 95.067625	 95.035457	 95.003718	  94.97241	  94.94153	 94.911078	 94.881053	 94.851453	 94.822278	 94.793527	 94.765196	 94.737286	 94.709794	 94.682718	 94.656057	 94.629809	 94.603971	 94.578541	 94.553517	 94.528897	 94.504678	 94.480858	 94.457434	 94.434403	 94.411763	  94.38951	 94.367643	 94.346157	  94.32505	 94.304319	 94.283961	 94.263972	  94.24435	 94.225091	 94.206191	 94.187647	 94.169457	 94.151616	 94.134121	 94.116968	 94.100154	 94.083676	 94.067529	 94.051711	 94.036217	 94.021044	 94.006188	 93.991646	 93.977414	 93.963488	 93.949864	  93.93654	 93.923511	 93.910773	 93.898324	 93.886159	 93.874274	 93.862667	 93.851333	 93.840269	 93.829471	 93.818936	 93.808661	 93.798641	 93.788874	 93.779355	 93.770082	 93.761052	  93.75226	 93.743703	  93.73538	 93.727285	 93.719416	 93.711771	 93.704345	 93.697136	 93.690141	 93.683357	 93.676781	  93.67041	 93.664242	 93.658274	 93.652503	 93.646926	 93.641542	 93.636348	 93.631341	 93.626519	  93.62188	 93.617421	 93.613141	 93.609037	 93.605108	 93.601351	 93.597764	 93.594347	 93.591097	 93.588012	 93.585091	 93.582333	 93.579736	 93.577298	 93.575019	 93.572898	 93.570932	 93.569122	 93.567466	 93.565963	 93.564613	 93.563414	 93.562367	 93.561471	 93.560724	 93.560128	  93.55968	 93.559382	 93.559233	
        99	 98.935808	 98.871626	 98.807464	 98.743333	 98.679244	 98.615205	 98.551228	 98.487322	 98.423498	 98.359766	 98.296136	 98.232617	  98.16922	 98.105955	 98.042831	 97.979859	 97.917047	 97.854406	 97.791944	 97.729672	 97.667599	 97.605734	 97.544086	 97.482665	 97.421478	 97.360536	 97.299846	 97.239418	  97.17926	 97.119379	 97.059786	 97.000487	 96.941491	 96.882805	 96.824437	 96.766395	 96.708686	 96.651317	 96.594296	 96.537629	 96.481324	 96.425387	 96.369823	 96.314641	 96.259846	 96.205443	 96.151439	 96.097839	  96.04465	 95.991875	 95.939521	 95.887592	 95.836093	 95.785028	 95.734403	 95.684222	 95.634487	 95.585204	 95.536377	 95.488007	   95.4401	 95.392658	 95.345685	 95.299182	 95.253154	 95.207601	 95.162527	 95.117934	 95.073823	 95.030197	 94.987057	 94.944405	 94.902241	 94.860567	 94.819384	 94.778693	 94.738494	 94.698787	 94.659574	 94.620854	 94.582627	 94.544893	 94.507651	 94.470902	 94.434644	 94.398877	   94.3636	 94.328811	  94.29451	 94.260696	 94.227366	  94.19452	 94.162156	 94.130271	 94.098864	 94.067933	 94.037475	 94.007489	 93.977971	  93.94892	 93.920333	 93.892207	  93.86454	 93.837327	 93.810567	 93.784257	 93.758393	 93.732971	  93.70799	 93.683445	 93.659332	 93.635649	 93.612392	 93.589557	  93.56714	 93.545139	 93.523547	 93.502363	 93.481582	 93.461201	 93.441214	 93.421619	 93.402411	 93.383586	  93.36514	 93.347069	 93.329369	 93.312035	 93.295064	 93.278451	 93.262192	 93.246283	  93.23072	 93.215498	 93.200614	 93.186062	  93.17184	 93.157942	 93.144366	 93.131105	 93.118157	 93.105518	 93.093182	 93.081147	 93.069409	 93.057962	 93.046804	  93.03593	 93.025336	  93.01502	 93.004976	 92.995201	 92.985692	 92.976445	 92.967456	 92.958721	 92.950238	 92.942002	 92.934011	 92.926261	 92.918749	 92.911471	 92.904424	 92.897606	 92.891013	 92.884643	 92.878492	 92.872558	 92.866838	  92.86133	  92.85603	 92.850936	 92.846046	 92.841358	 92.836869	 92.832577	  92.82848	 92.824576	 92.820863	 92.817339	 92.814002	 92.810851	 92.807884	   92.8051	 92.802496	 92.800072	 92.797827	 92.795759	 92.793867	  92.79215	 92.790608	 92.789239	 92.788043	 92.787018	 92.786166	 92.785484	 92.784973	 92.784633	 92.784463	
        99	 98.927816	 98.855644	 98.783495	 98.711381	 98.639312	 98.567301	  98.49536	 98.423498	 98.351729	 98.280063	 98.208511	 98.137085	 98.065796	 97.994654	 97.923672	  97.85286	 97.782229	 97.711789	 97.641552	 97.571527	 97.501727	  97.43216	 97.362837	 97.293769	 97.224966	 97.156437	 97.088192	 97.020241	 96.952593	 96.885258	 96.818246	 96.751565	 96.685224	 96.619232	 96.553598	  96.48833	 96.423437	 96.358927	 96.294807	 96.231086	 96.167771	 96.104869	 96.042389	 95.980337	  95.91872	 95.857545	 95.796818	 95.736545	 95.676734	 95.617389	 95.558518	 95.500124	 95.442214	 95.384792	 95.327865	 95.271436	  95.21551	 95.160092	 95.105185	 95.050795	 94.996924	 94.943576	 94.890754	 94.838463	 94.786704	  94.73548	 94.684795	  94.63465	 94.585048	 94.535991	 94.487481	 94.439518	 94.392105	 94.345244	 94.298934	 94.253177	 94.207973	 94.163324	 94.119229	 94.075688	 94.032702	  93.99027	 93.948392	 93.907068	 93.866296	 93.826077	 93.786408	 93.747288	 93.708718	 93.670694	 93.633215	  93.59628	 93.559886	 93.524032	 93.488715	 93.453933	 93.419684	 93.385964	 93.352772	 93.320105	 93.287959	 93.256331	 93.225219	 93.194619	 93.164528	 93.134942	 93.105858	 93.077272	  93.04918	  93.02158	 92.994465	 92.967834	 92.941682	 92.916004	 92.890796	 92.866055	 92.841776	 92.817955	 92.794587	 92.771668	 92.749193	 92.727159	 92.705559	 92.684391	 92.663649	 92.643328	 92.623424	 92.603933	 92.584849	 92.566167	 92.547884	 92.529995	 92.512494	 92.495377	  92.47864	 92.462277	 92.446284	 92.430657	  92.41539	 92.400479	 92.385919	 92.371706	 92.357835	 92.344301	 92.331101	  92.31823	 92.305682	 92.293455	 92.281542	 92.269941	 92.258647	 92.247656	 92.236963	 92.226564	 92.216456	 92.206634	 92.197095	 92.187834	 92.178848	 92.170133	 92.161685	 92.153501	 92.145578	 92.137911	 92.130497	 92.123334	 92.116417	 92.109745	 92.103313	 92.097118	 92.091158	 92.085431	 92.079932	  92.07466	 92.069613	 92.064786	 92.060179	 92.055789	 92.051614	 92.047651	 92.043899	 92.040356	 92.037019	 92.033888	 92.030961	 92.028235	  92.02571	 92.023385	 92.021257	 92.019327	 92.017592	 92.016053	 92.014707	 92.013556	 92.012597	  92.01183	 92.011256	 92.010873	 92.010682	
        99	 98.919836	 98.839686	 98.759561	 98.679474	 98.599438	 98.519467	 98.439572	 98.359766	 98.280063	 98.200474	 98.121012	  98.04169	 97.962519	 97.883513	 97.804684	 97.726044	 97.647604	 97.569377	 97.491375	  97.41361	 97.336093	 97.258835	 97.181849	 97.105146	 97.028736	 96.952631	 96.876841	 96.801378	 96.726252	 96.651474	 96.577053	 96.503001	 96.429326	 96.356039	 96.283149	 96.210665	 96.138598	 96.066956	 95.995748	 95.924982	 95.854668	 95.784813	 95.715426	 95.646514	 95.578085	 95.510147	 95.442706	 95.375771	 95.309347	 95.243442	 95.178062	 95.113213	 95.048901	 94.985132	 94.921911	 94.859243	 94.797135	  94.73559	 94.674614	  94.61421	 94.554384	 94.495138	 94.436478	 94.378405	 94.320924	 94.264038	  94.20775	 94.152061	 94.096976	 94.042495	 93.988622	 93.935357	 93.882703	 93.830661	 93.779231	 93.728416	 93.678215	  93.62863	  93.57966	 93.531306	 93.483568	 93.436445	 93.389938	 93.344045	 93.298766	   93.2541	 93.210046	 93.166602	 93.123767	 93.081539	 93.039917	 92.998899	 92.958482	 92.918664	 92.879443	 92.840816	  92.80278	 92.765333	 92.728472	 92.692193	 92.656493	 92.621369	 92.586818	 92.552835	 92.519417	  92.48656	 92.454261	 92.422515	 92.391318	 92.360666	 92.330554	 92.300979	 92.271935	 92.243419	 92.215425	 92.187949	 92.160986	 92.134531	 92.108579	 92.083127	 92.058168	 92.033697	  92.00971	 91.986201	 91.963166	 91.940599	 91.918494	 91.896848	 91.875654	 91.854908	 91.834604	 91.814737	 91.795301	 91.776292	 91.757704	 91.739533	 91.721772	 91.704417	 91.687462	 91.670902	 91.654733	 91.638948	 91.623544	 91.608515	 91.593855	 91.579561	 91.565626	 91.552047	 91.538818	 91.525934	 91.513391	 91.501185	  91.48931	 91.477762	 91.466536	 91.455628	 91.445034	  91.43475	  91.42477	 91.415092	  91.40571	 91.396622	 91.387822	 91.379308	 91.371075	 91.363119	 91.355438	 91.348028	 91.340885	 91.334005	 91.327387	 91.321026	  91.31492	 91.309065	 91.303459	 91.298099	 91.292983	 91.288108	 91.283471	  91.27907	 91.274903	 91.270968	 91.267263	 91.263785	 91.260534	 91.257507	 91.254703	 91.252121	 91.249758	 91.247614	 91.245688	 91.243978	 91.242484	 91.241205	  91.24014	 91.239289	 91.238651	 91.238226	 91.238014	
        99	 98.911869	 98.823753	 98.735664	 98.647618	 98.559628	 98.471708	 98.383873	 98.296136	 98.208511	 98.121012	 98.033653	 97.946447	 97.859408	  97.77255	 97.685886	  97.59943	 97.513195	 97.427193	 97.341439	 97.255945	 97.170723	 97.085788	  97.00115	 96.916823	  96.83282	 96.749151	 96.665829	 96.582866	 96.500273	 96.418063	 96.336246	 96.254833	 96.173836	 96.093265	 96.013131	 95.933444	 95.854214	 95.775452	 95.697167	 95.619368	 95.542066	 95.465268	 95.388984	 95.313224	 95.237994	 95.163303	 95.089161	 95.015573	 94.942548	 94.870092	 94.798214	  94.72692	 94.656216	 94.586109	 94.516605	  94.44771	 94.379428	 94.311767	  94.24473	 94.178324	 94.112551	 94.047417	 93.982927	 93.919082	 93.855889	 93.793349	 93.731466	 93.670243	 93.609683	 93.549788	  93.49056	 93.432002	 93.374115	   93.3169	 93.260359	 93.204493	 93.149303	  93.09479	 93.040953	 92.987793	 92.935311	 92.883505	 92.832375	 92.781921	 92.732142	 92.683037	 92.634604	 92.586843	 92.539751	 92.493326	 92.447568	 92.402472	 92.358038	 92.314263	 92.271144	 92.228678	 92.186862	 92.145694	 92.105169	 92.065284	 92.026036	 91.987422	 91.949436	 91.912076	 91.875337	 91.839215	 91.803705	 91.768804	 91.734506	 91.700808	 91.667704	 91.635189	 91.603259	 91.571908	 91.541132	 91.510925	 91.481282	 91.452198	 91.423668	 91.395685	 91.368245	 91.341343	 91.314972	 91.289126	 91.263802	 91.238992	 91.214691	 91.190893	 91.167593	 91.144785	 91.122463	 91.100621	 91.079254	 91.058355	  91.03792	 91.017943	 90.998417	 90.979336	 90.960697	 90.942491	 90.924715	 90.907362	 90.890426	 90.873903	 90.857787	 90.842072	 90.826752	 90.811823	 90.797279	 90.783115	 90.769326	 90.755906	 90.742851	 90.730155	 90.717814	 90.705822	 90.694175	 90.682869	 90.671897	 90.661257	 90.650943	 90.640951	 90.631277	 90.621916	 90.612865	 90.604119	 90.595674	 90.587527	 90.579674	 90.572111	 90.564835	 90.557842	 90.551129	 90.544692	 90.538529	 90.532637	 90.527012	 90.521652	 90.516554	 90.511716	 90.507135	 90.502809	 90.498736	 90.494913	 90.491338	 90.488011	 90.484928	 90.482089	 90.479491	 90.477134	 90.475016	 90.473137	 90.471494	 90.470088	 90.468918	 90.467982	  90.46728	 90.466813	 90.466579	
        99	 98.903916	 98.807848	  98.71181	 98.615818	 98.519888	 98.424034	 98.328272	 98.232617	 98.137085	  98.04169	 97.946447	 97.851371	 97.756478	 97.661782	 97.567297	 97.473039	 97.379021	 97.285259	 97.191766	 97.098557	 97.005645	 96.913044	 96.820769	 96.728832	 96.637247	 96.546028	 96.455187	 96.364737	 96.274691	 96.185062	 96.095862	 96.007102	 95.918796	 95.830954	 95.743588	  95.65671	  95.57033	  95.48446	  95.39911	 95.314291	 95.230012	 95.146284	 95.063117	 94.980519	   94.8985	  94.81707	 94.736236	 94.656007	 94.576392	 94.497398	 94.419034	 94.341306	 94.264221	 94.187788	 94.112011	 94.036899	 93.962456	 93.888688	 93.815602	 93.743203	 93.671495	 93.600483	 93.530172	 93.460567	  93.39167	 93.323487	 93.256019	 93.189272	 93.123246	 93.057946	 92.993374	 92.929531	  92.86642	 92.804042	 92.742398	 92.681491	 92.621321	 92.561888	 92.503193	 92.445236	 92.388017	 92.331536	 92.275792	 92.220785	 92.166514	 92.112977	 92.060174	 92.008102	  91.95676	 91.906146	 91.856258	 91.807094	  91.75865	 91.710924	 91.663914	 91.617616	 91.572026	 91.527142	  91.48296	 91.439477	 91.396687	 91.354588	 91.313174	 91.272442	 91.232388	 91.193006	 91.154292	 91.116241	 91.078849	 91.042109	 91.006017	 90.970568	 90.935757	 90.901577	 90.868023	  90.83509	 90.802773	 90.771064	 90.739959	 90.709451	 90.679535	 90.650205	 90.621454	 90.593276	 90.565666	 90.538617	 90.512123	 90.486178	 90.460775	 90.435909	 90.411572	  90.38776	 90.364464	  90.34168	 90.319401	  90.29762	 90.276332	  90.25553	 90.235208	  90.21536	 90.195979	  90.17706	 90.158597	 90.140582	 90.123012	 90.105878	 90.089176	   90.0729	 90.057044	 90.041602	 90.026568	 90.011937	 89.997704	 89.983862	 89.970407	 89.957333	 89.944635	 89.932308	 89.920347	 89.908746	 89.897502	 89.886608	 89.876061	 89.865855	 89.855987	 89.846452	 89.837245	 89.828363	 89.819802	 89.811556	 89.803623	 89.795999	  89.78868	 89.781663	 89.774944	 89.768519	 89.762387	 89.756543	 89.750985	 89.745711	 89.740716	    89.736	 89.731559	 89.727391	 89.723494	 89.719866	 89.716505	 89.713409	 89.710577	 89.708008	 89.705699	  89.70365	 89.701859	 89.700326	  89.69905	 89.698029	 89.697265	 89.696755	 89.696501	
        99	 98.895978	 98.791973	 98.688001	 98.584079	 98.480223	 98.376451	 98.272778	  98.16922	 98.065796	 97.962519	 97.859408	 97.756478	 97.653745	 97.551226	 97.448935	  97.34689	 97.245105	 97.143597	  97.04238	  96.94147	 96.840882	 96.740632	 96.640733	 96.541201	  96.44205	 96.343294	 96.244949	 96.147026	 96.049542	 95.952508	 95.855938	 95.759846	 95.664244	 95.569145	 95.474562	 95.380506	  95.28699	 95.194026	 95.101625	 95.009798	 94.918557	 94.827912	 94.737873	 94.648452	 94.559657	 94.471499	 94.383987	 94.297131	 94.210938	 94.125419	  94.04058	  93.95643	 93.872978	  93.79023	 93.708193	 93.626875	 93.546282	  93.46642	 93.387296	 93.308915	 93.231283	 93.154405	 93.078286	  93.00293	 92.928341	 92.854525	 92.781484	 92.709222	 92.637742	 92.567047	  92.49714	 92.428023	 92.359698	 92.292166	  92.22543	 92.159491	  92.09435	 92.030007	 91.966463	 91.903718	 91.841772	 91.780625	 91.720276	 91.660724	  91.60197	  91.54401	 91.486844	 91.430471	 91.374887	 91.320092	 91.266082	 91.212856	  91.16041	 91.108742	 91.057848	 91.007724	 90.958369	 90.909777	 90.861945	 90.814868	 90.768544	 90.722966	 90.678132	 90.634035	 90.590671	 90.548036	 90.506124	 90.464929	 90.424448	 90.384673	 90.345599	 90.307222	 90.269534	  90.23253	 90.196205	 90.160551	 90.125564	 90.091235	 90.057561	 90.024533	 89.992145	 89.960392	 89.929265	  89.89876	 89.868869	 89.839585	 89.810902	 89.782814	 89.755312	 89.728392	 89.702045	 89.676264	 89.651045	 89.626378	 89.602258	 89.578678	 89.555632	 89.533111	  89.51111	 89.489622	  89.46864	 89.448158	 89.428169	 89.408667	 89.389644	 89.371096	 89.353014	 89.335393	 89.318227	 89.301509	 89.285233	 89.269394	 89.253984	 89.238999	 89.224433	 89.210279	 89.196532	 89.183186	 89.170237	 89.157678	 89.145504	 89.133711	 89.122292	 89.111243	  89.10056	 89.090237	  89.08027	 89.070654	 89.061385	 89.052458	  89.04387	 89.035616	 89.027692	 89.020095	 89.012821	 89.005866	 88.999227	 88.992901	 88.986884	 88.981173	 88.975766	  88.97066	 88.965852	  88.96134	 88.957121	 88.953193	 88.949554	 88.946203	 88.943137	 88.940355	 88.937856	 88.935637	 88.933699	 88.932039	 88.930657	 88.929553	 88.928725	 88.928173	 88.927897	
        99	 98.888057	 98.776131	 98.664242	 98.552406	 98.440642	 98.328966	 98.217398	 98.105955	 97.994654	 97.883513	  97.77255	 97.661782	 97.551226	 97.440899	 97.330819	 97.221003	 97.111467	 97.002228	 96.893304	 96.784709	 96.676462	 96.568577	 96.461071	 96.353959	 96.247258	 96.140982	 96.035147	 95.929768	 95.824859	 95.720436	 95.616512	 95.513102	  95.41022	  95.30788	 95.206094	 95.104875	 95.004238	 94.904195	 94.804757	 94.705938	 94.607748	   94.5102	 94.413305	 94.317074	 94.221518	 94.126646	  94.03247	    93.939	 93.846243	 93.754211	 93.662912	 93.572354	 93.482547	 93.393497	 93.305213	 93.217702	 93.130972	 93.045029	 92.959879	  92.87553	 92.791986	 92.709253	 92.627337	 92.546243	 92.465975	 92.386537	 92.307934	 92.230169	 92.153245	 92.077167	 92.001936	 91.927556	 91.854027	 91.781354	 91.709536	 91.638575	 91.568473	  91.49923	 91.430847	 91.363324	 91.296661	 91.230857	 91.165912	 91.101826	 91.038597	 90.976224	 90.914705	 90.854038	 90.794222	 90.735254	 90.677132	 90.619852	 90.563412	 90.507809	 90.453039	 90.399099	 90.345985	 90.293693	 90.242218	 90.191557	 90.141705	 90.092656	 90.044407	 89.996953	 89.950287	 89.904405	 89.859301	 89.814969	 89.771405	 89.728601	 89.686552	 89.645252	 89.604694	 89.564873	 89.525781	 89.487413	  89.44976	 89.412818	 89.376579	 89.341036	 89.306182	  89.27201	 89.238514	 89.205685	 89.173518	 89.142004	 89.111137	  89.08091	 89.051314	 89.022343	  88.99399	 88.966246	 88.939106	 88.912561	 88.886605	 88.861229	 88.836427	 88.812192	 88.788515	 88.765391	 88.742811	  88.72077	 88.699258	 88.678271	   88.6578	 88.637838	  88.61838	 88.599417	 88.580944	 88.562953	 88.545437	 88.528392	 88.511809	 88.495683	 88.480007	 88.464775	 88.449981	  88.43562	 88.421684	 88.408168	 88.395068	 88.382376	 88.370088	 88.358198	 88.346701	 88.335592	 88.324866	 88.314518	 88.304543	 88.294936	 88.285694	 88.276812	 88.268284	 88.260109	 88.252281	 88.244796	 88.237652	 88.230843	 88.224368	 88.218223	 88.212404	 88.206909	 88.201735	 88.196879	 88.192339	 88.188112	 88.184196	  88.18059	  88.17729	 88.174297	 88.171607	 88.169219	 88.167133	 88.165347	  88.16386	 88.162671	  88.16178	 88.161187	  88.16089	
        99	 98.880153	 98.760325	 98.640536	 98.520804	 98.401148	 98.281588	 98.162143	 98.042831	 97.923672	 97.804684	 97.685886	 97.567297	 97.448935	 97.330819	 97.212967	 97.095397	 96.978127	 96.861176	 96.744561	 96.628299	 96.512409	 96.396907	  96.28181	 96.167136	 96.052901	 95.939122	 95.825814	 95.712995	 95.600679	 95.488883	 95.377622	 95.266911	 95.156765	 95.047198	 94.938226	 94.829861	 94.722119	 94.615011	 94.508553	 94.402756	 94.297634	 94.193199	 94.089463	 93.986437	 93.884134	 93.782564	 93.681739	 93.581669	 93.482364	 93.383833	 93.286088	 93.189137	 93.092988	 92.997651	 92.903134	 92.809445	 92.716591	  92.62458	 92.533418	 92.443113	 92.353671	 92.265097	 92.177397	 92.090577	 92.004641	 91.919595	 91.835442	 91.752186	 91.669832	 91.588382	  91.50784	 91.428207	 91.349488	 91.271683	 91.194794	 91.118823	 91.043772	  90.96964	 90.896429	 90.824138	 90.752768	 90.682318	 90.612789	 90.544177	 90.476484	 90.409707	 90.343845	 90.278895	 90.214855	 90.151724	 90.089498	 90.028174	 89.967749	  89.90822	 89.849583	 89.791835	  89.73497	 89.678986	 89.623877	 89.569639	 89.516267	 89.463756	   89.4121	 89.361295	 89.311334	 89.262212	 89.213924	 89.166463	 89.119822	 89.073996	 89.028978	 88.984762	 88.941341	 88.898708	 88.856856	 88.815779	 88.775468	 88.735917	 88.697119	 88.659067	 88.621752	 88.585168	 88.549306	  88.51416	 88.479722	 88.445983	 88.412937	 88.380575	 88.348889	 88.317873	 88.287518	 88.257816	 88.228759	  88.20034	 88.172551	 88.145383	  88.11883	 88.092884	 88.067536	 88.042779	 88.018605	 87.995007	 87.971977	 87.949508	 87.927591	  87.90622	 87.885388	 87.865086	 87.845309	 87.826047	 87.807296	 87.789046	 87.771293	 87.754028	 87.737245	 87.720938	   87.7051	 87.689724	 87.674804	 87.660335	 87.646309	 87.632721	 87.619566	 87.606836	 87.594528	 87.582634	 87.571151	 87.560072	 87.549393	 87.539108	 87.529213	 87.519703	 87.510574	 87.501821	  87.49344	 87.485427	 87.477778	  87.47049	 87.463557	 87.456978	 87.450748	 87.444865	 87.439326	 87.434127	 87.429266	 87.424741	 87.420549	 87.416688	 87.413155	  87.40995	  87.40707	 87.404515	 87.402281	 87.400369	 87.398777	 87.397504	 87.396551	 87.395915	 87.395597	
        99	 98.872268	 98.744557	 98.616886	 98.489277	 98.361749	 98.234324	  98.10702	 97.979859	  97.85286	 97.726044	  97.59943	 97.473039	  97.34689	 97.221003	 97.095397	 96.970092	 96.845107	 96.720462	 96.596174	 96.472264	 96.348749	 96.225648	 96.102979	  95.98076	  95.85901	 95.737745	 95.616983	 95.496741	 95.377036	 95.257885	 95.139304	 95.021309	 94.903916	 94.787141	 94.670999	 94.555505	 94.440674	 94.326521	 94.213058	 94.100301	 93.988263	 93.876957	 93.766396	 93.656592	 93.547559	 93.439307	 93.331848	 93.225194	 93.119355	 93.014343	 92.910167	 92.806837	 92.704363	 92.602753	 92.502018	 92.402165	 92.303202	 92.205137	 92.107978	 92.011732	 91.916405	 91.822004	 91.728534	 91.636002	 91.544413	 91.453771	 91.364082	 91.275349	 91.187576	 91.100768	 91.014926	 90.930055	 90.846156	 90.763232	 90.681285	 90.600317	 90.520327	 90.441318	  90.36329	 90.286244	 90.210178	 90.135094	 90.060989	 89.987864	 89.915717	 89.844547	 89.774351	 89.705128	 89.636876	 89.569591	 89.503271	 89.437912	 89.373512	 89.310067	 89.247572	 89.186024	 89.125419	 89.065751	 89.007017	  88.94921	 88.892327	 88.836361	 88.781307	 88.727159	 88.673911	 88.621558	 88.570093	 88.519509	   88.4698	 88.420959	  88.37298	 88.325854	 88.279577	 88.234139	 88.189533	 88.145753	 88.102791	 88.060638	 88.019287	 87.978731	 87.938962	  87.89997	  87.86175	 87.824291	 87.787587	 87.751628	 87.716408	 87.681917	 87.648147	  87.61509	 87.582738	 87.551081	 87.520113	 87.489824	 87.460207	 87.431252	 87.402952	 87.375299	 87.348283	 87.321897	 87.296133	 87.270983	 87.246437	  87.22249	 87.199131	 87.176355	 87.154152	 87.132514	 87.111435	 87.090907	 87.070921	 87.051472	  87.03255	 87.014149	 86.996263	 86.978882	 86.962002	 86.945615	 86.929714	 86.914292	 86.899343	 86.884862	 86.870841	 86.857274	 86.844155	 86.831479	  86.81924	 86.807433	 86.796051	  86.78509	 86.774544	 86.764408	 86.754679	  86.74535	 86.736418	 86.727877	 86.719725	 86.711957	 86.704568	 86.697556	 86.690917	 86.684647	 86.678743	 86.673202	 86.668021	 86.663198	  86.65873	 86.654615	 86.650851	 86.647435	 86.644365	 86.641641	 86.639261	 86.637223	 86.635526	  86.63417	 86.633153	 86.632476	 86.632137	
        99	 98.864404	 98.728829	 98.593298	 98.457831	 98.322451	  98.18718	 98.052038	 97.917047	 97.782229	 97.647604	 97.513195	 97.379021	 97.245105	 97.111467	 96.978127	 96.845107	 96.712427	 96.580107	 96.448167	 96.316627	 96.185507	 96.054826	 95.924605	 95.794861	 95.665614	 95.536882	 95.408685	 95.281039	 95.153964	 95.027477	 94.901594	 94.776334	 94.651714	 94.527749	 94.404456	 94.281851	 94.159949	 94.038767	 93.918318	 93.798619	 93.679682	 93.561523	 93.444154	  93.32759	 93.211843	 93.096925	  92.98285	 92.869629	 92.757274	 92.645796	 92.535206	 92.425513	  92.31673	 92.208864	 92.101926	 91.995925	 91.890869	 91.786766	 91.683625	 91.581453	 91.480256	 91.380043	 91.280818	 91.182589	  91.08536	 90.989137	 90.893925	 90.799729	 90.706552	 90.614399	 90.523272	 90.433175	 90.344111	 90.256081	 90.169088	 90.083134	  89.99822	 89.914346	 89.831514	 89.749723	 89.668974	 89.589267	   89.5106	 89.432972	 89.356383	 89.280831	 89.206313	 89.132828	 89.060373	 88.988945	 88.918541	 88.849159	 88.780794	 88.713442	 88.647099	 88.581762	 88.517425	 88.454083	 88.391732	 88.330367	 88.269981	 88.210569	 88.152125	 88.094643	 88.038117	  87.98254	 87.927906	 87.874208	 87.821438	  87.76959	 87.718656	  87.66863	 87.619502	 87.571267	 87.523915	 87.477439	 87.431831	 87.387083	 87.343187	 87.300134	 87.257915	 87.216523	 87.175949	 87.136184	  87.09722	 87.059048	 87.021658	 86.985044	 86.949195	 86.914102	 86.879758	 86.846153	 86.813278	 86.781124	 86.749683	 86.718945	 86.688903	 86.659547	 86.630868	 86.602857	 86.575507	 86.548808	 86.522751	 86.497329	 86.472532	 86.448353	 86.424783	 86.401814	 86.379437	 86.357644	 86.336428	 86.315781	 86.295694	 86.276161	 86.257173	 86.238722	 86.220803	 86.203406	 86.186526	 86.170155	 86.154286	 86.138913	 86.124028	 86.109626	   86.0957	 86.082244	 86.069251	 86.056716	 86.044634	 86.032997	 86.021802	 86.011043	 86.000714	 85.990811	 85.981329	 85.972263	 85.963608	 85.955362	 85.947518	 85.940074	 85.933026	  85.92637	 85.920103	 85.914221	 85.908721	 85.903601	 85.898858	  85.89449	 85.890493	 85.886867	 85.883609	 85.880717	  85.87819	 85.876026	 85.874225	 85.872785	 85.871706	 85.870987	 85.870627	
