Time step 68:
        99	        99	        99	        99	        99	        99	        99	        99	        99	        99	        99	        99	        99	        99	        99	        99	        99	        99	        99	        99	        99	        99	        99	        99	        99	        99	        99	        99	        99	        99	        99	        99	        99	        99	        99	        99	        99	        99	        99	        99	        99	        99	        99	        99	        99	        99	        99	        99	        99	        99	        99	        99	        99	        99	        99	        99	        99	        99	        99	        99	        99	        99	        99	        99	        99	        99	        99	        99	        99	        99	        99	        99	        99	        99	        99	        99	        99	        99	        99	        99	        99	        99	        99	        99	        99	        99	        99	        99	        99	        99	        99	        99	        99	        99	        99	        99	        99	        99	        99	        99	        99	        99	        99	        99	        99	        99	        99	        99	        99	        99	        99	        99	        99	        99	        99	        99	        99	        99	        99	        99	        99	        99	        99	        99	        99	        99	        99	        99	        99	        99	        99	        99	        99	        99	        99	        99	        99	        99	        99	        99	        99	        99	        99	        99	        99	        99	        99	        99	        99	        99	        99	        99	        99	        99	        99	        99	        99	        99	        99	        99	        99	        99	        99	        99	        99	        99	        99	        99	        99	        99	        99	        99	        99	        99	        99	        99	        99	        99	        99	        99	        99	        99	        99	        99	        99	        99	        99	        99	        99	        99	        99	        99	        99	        99	        99	        99	        99	        99	        99	        99	
        99	 98.990662	 98.981326	 98.971994	 98.962666	 98.953346	 98.944034	 98.934733	 98.925444	 98.916168	 98.906908	 98.897665	 98.888441	 98.879238	 98.870056	 98.860899	 98.851767	 98.842662	 98.833586	  98.82454	 98.815526	 98.806546	   98.7976	 98.788691	 98.779819	 98.770988	 98.762197	 98.753448	 98.744743	 98.736084	 98.727471	 98.718905	 98.710389	 98.701924	  98.69351	 98.685149	 98.676842	  98.66859	 98.660395	 98.652258	 98.644179	 98.636161	 98.628203	 98.620306	 98.612473	 98.604703	 98.596998	 98.589359	 98.581786	  98.57428	 98.566842	 98.559473	 98.552173	 98.544944	 98.537785	 98.530698	 98.523682	  98.51674	  98.50987	 98.503074	 98.496352	 98.489705	 98.483132	 98.476635	 98.470213	 98.463867	 98.457598	 98.451404	 98.445288	 98.439248	 98.433285	 98.427399	  98.42159	 98.415858	 98.410204	 98.404626	 98.399126	 98.393703	 98.388357	 98.383088	 98.377896	  98.37278	 98.367741	 98.362778	 98.357891	 98.353079	 98.348343	 98.343682	 98.339096	 98.334585	 98.330147	 98.325783	 98.321492	 98.317274	 98.313129	 98.309055	 98.305052	 98.301121	 98.297259	 98.293468	 98.289745	 98.286092	 98.282506	 98.278988	 98.275537	 98.272152	 98.268832	 98.265578	 98.262387	  98.25926	 98.256197	 98.253195	 98.250255	 98.247376	 98.244557	 98.241797	 98.239096	 98.236453	 98.233867	 98.231338	 98.228865	 98.226446	 98.224082	 98.221771	 98.219513	 98.217307	 98.215152	 98.213048	 98.210993	 98.208988	  98.20703	 98.205121	 98.203258	 98.201441	 98.199669	 98.197942	 98.196258	 98.194618	  98.19302	 98.191464	 98.189948	 98.188473	 98.187038	 98.185641	 98.184282	 98.182961	 98.181677	 98.180429	 98.179216	 98.178038	 98.176895	 98.175785	 98.174707	 98.173663	  98.17265	 98.171668	 98.170716	 98.169795	 98.168903	  98.16804	 98.167205	 98.166399	 98.165619	 98.164866	  98.16414	 98.163439	 98.162764	 98.162114	 98.161488	 98.160886	 98.160308	 98.159753	 98.159221	 98.158711	 98.158223	 98.157757	 98.157312	 98.156889	 98.156486	 98.156103	 98.155741	 98.155398	 98.155075	 98.154771	 98.154487	 98.154221	 98.153974	 98.153745	 98.153535	 98.153343	 98.153169	 98.153012	 98.152873	 98.152752	 98.152649	 98.152562	 98.152493	 98.152442	 98.152407	  98.15239	
        99	 98.981326	 98.962656	 98.943993	  98.92534	 98.906701	 98.888079	 98.869478	 98.850901	 98.832352	 98.813833	 98.795349	 98.776903	 98.758498	 98.740137	 98.721824	 98.703562	 98.685354	 98.667203	 98.649113	 98.631087	 98.613127	 98.595237	 98.577421	  98.55968	 98.542018	 98.524438	 98.506942	 98.489534	 98.472217	 98.454992	 98.437863	 98.420832	 98.403903	 98.387076	 98.370356	 98.353744	 98.337242	 98.320854	 98.304581	 98.288425	 98.272389	 98.256474	 98.240683	 98.225018	  98.20948	 98.194071	 98.178794	 98.163649	 98.148639	 98.133764	 98.119027	 98.104429	 98.089972	 98.075655	 98.061482	 98.047453	 98.033569	 98.019831	  98.00624	 97.992798	 97.979504	  97.96636	 97.953367	 97.940524	 97.927834	 97.915296	  97.90291	 97.890678	 97.878599	 97.866674	 97.854903	 97.843287	 97.831825	 97.820517	 97.809363	 97.798364	 97.787519	 97.776828	 97.766291	 97.755907	 97.745677	 97.735599	 97.725674	 97.715901	 97.706279	 97.696808	 97.687487	 97.678316	 97.669293	 97.660418	 97.651691	  97.64311	 97.634675	 97.626385	 97.618238	 97.610233	 97.602371	 97.594649	 97.587067	 97.579623	 97.572316	 97.565146	  97.55811	 97.551208	 97.544438	   97.5378	 97.531291	 97.524911	 97.518659	 97.512532	 97.506529	 97.500649	 97.494892	 97.489254	 97.483735	 97.478334	 97.473048	 97.467877	 97.462819	 97.457872	 97.453036	 97.448308	 97.443686	 97.439171	 97.434759	  97.43045	 97.426242	 97.422133	 97.418122	 97.414208	 97.410389	 97.406663	 97.403029	 97.399486	 97.396032	 97.392666	 97.389386	  97.38619	 97.383078	 97.380047	 97.377097	 97.374227	 97.371433	 97.368716	 97.366074	 97.363506	  97.36101	 97.358585	 97.356229	 97.353942	 97.351722	 97.349568	 97.347479	 97.345453	 97.343489	 97.341587	 97.339744	  97.33796	 97.336235	 97.334565	 97.332952	 97.331393	 97.329888	 97.328435	 97.327034	 97.325684	 97.324383	 97.323131	 97.321928	 97.320771	 97.319662	 97.318597	 97.317578	 97.316602	  97.31567	 97.314781	 97.313934	 97.313128	 97.312363	 97.311638	 97.310953	 97.310307	   97.3097	  97.30913	 97.308599	 97.308105	 97.307648	 97.307227	 97.306843	 97.306494	 97.306182	 97.305904	 97.305662	 97.305455	 97.305282	 97.305144	 97.305041	 97.304972	 97.304938	
        99	 98.971994	 98.943993	 98.916002	 98.888027	 98.860073	 98.832144	 98.804247	 98.776386	 98.748566	 98.720793	 98.693072	 98.665406	 98.637803	 98.610266	   98.5828	 98.555411	 98.528103	 98.500882	 98.473751	 98.446715	  98.41978	  98.39295	 98.366229	 98.339622	 98.313133	 98.286767	 98.260528	  98.23442	 98.208447	 98.182614	 98.156925	 98.131383	 98.105992	 98.080757	  98.05568	 98.030766	 98.006017	 97.981438	 97.957032	 97.932802	 97.908752	 97.884884	 97.861201	 97.837706	 97.814403	 97.791294	 97.768381	 97.745668	 97.723156	 97.700847	 97.678745	 97.656852	 97.635169	 97.613698	 97.592441	   97.5714	 97.550578	 97.529974	 97.509591	  97.48943	 97.469493	  97.44978	 97.430293	 97.411033	    97.392	 97.373195	  97.35462	 97.336274	 97.318159	 97.300275	 97.282621	 97.265199	 97.248008	 97.231049	 97.214321	 97.197825	  97.18156	 97.165526	 97.149722	 97.134149	 97.118806	 97.103692	 97.088807	 97.074149	 97.059718	 97.045514	 97.031535	  97.01778	 97.004248	 96.990939	  96.97785	 96.964981	  96.95233	 96.939896	 96.927677	 96.915673	 96.903881	   96.8923	 96.880928	 96.869764	 96.858805	 96.848051	 96.837499	 96.827148	 96.816995	 96.807039	 96.797278	 96.787709	 96.778332	 96.769142	  96.76014	 96.751322	 96.742687	 96.734232	 96.725955	 96.717854	 96.709927	 96.702171	 96.694585	 96.687167	 96.679913	 96.672821	 96.665891	 96.659118	 96.652502	 96.646039	 96.639728	 96.633566	 96.627551	  96.62168	 96.615952	 96.610364	 96.604915	 96.599601	 96.594421	 96.589372	 96.584452	  96.57966	 96.574992	 96.570447	 96.566023	 96.561717	 96.557528	 96.553453	 96.549491	 96.545639	 96.541895	 96.538258	 96.534725	 96.531295	 96.527966	 96.524735	 96.521601	 96.518563	 96.515618	 96.512765	 96.510001	 96.507326	 96.504738	 96.502235	 96.499815	 96.497477	 96.495219	  96.49304	 96.490939	 96.488914	 96.486963	 96.485086	 96.483281	 96.481547	 96.479882	 96.478286	 96.476757	 96.475294	 96.473896	 96.472563	 96.471292	 96.470083	 96.468936	 96.467849	 96.466821	 96.465853	 96.464942	 96.464088	 96.463291	  96.46255	 96.461864	 96.461234	 96.460657	 96.460135	 96.459665	 96.459249	 96.458886	 96.458575	 96.458316	  96.45811	 96.457955	 96.457852	   96.4578	
        99	 98.962666	  98.92534	 98.888027	 98.850735	 98.813471	 98.776241	 98.739053	 98.701913	 98.664828	 98.627805	 98.590851	 98.553972	 98.517175	 98.480467	 98.443854	 98.407343	 98.370941	 98.334653	 98.298486	 98.262447	 98.226541	 98.190775	 98.155155	 98.119686	 98.084376	 98.049229	 98.014251	 97.979448	 97.944825	 97.910389	 97.876143	 97.842095	 97.808248	 97.774608	 97.741179	 97.707967	 97.674977	 97.642212	 97.609678	 97.577378	 97.545318	   97.5135	  97.48193	 97.450611	 97.419547	 97.388741	 97.358197	 97.327919	 97.297909	 97.268172	 97.238709	 97.209524	 97.180619	 97.151997	 97.123661	 97.095613	 97.067855	  97.04039	 97.013218	 96.986343	 96.959766	 96.933488	 96.907511	 96.881836	 96.856464	 96.831397	 96.806635	  96.78218	 96.758031	  96.73419	 96.710657	 96.687432	 96.664516	 96.641909	  96.61961	  96.59762	 96.575938	 96.554564	 96.533497	 96.512738	 96.492285	 96.472137	 96.452294	 96.432755	 96.413518	 96.394583	 96.375948	 96.357612	 96.339574	 96.321832	 96.304384	 96.287228	 96.270364	 96.253789	 96.237501	 96.221499	  96.20578	 96.190341	 96.175182	   96.1603	 96.145692	 96.131356	  96.11729	 96.103491	 96.089957	 96.076685	 96.063673	 96.050918	 96.038417	 96.026167	 96.014167	 96.002412	 95.990901	  95.97963	 95.968596	 95.957797	  95.94723	 95.936892	 95.926779	  95.91689	  95.90722	 95.897767	 95.888528	   95.8795	  95.87068	 95.862065	 95.853652	 95.845437	 95.837419	 95.829594	 95.821958	 95.814509	 95.807245	 95.800161	 95.793255	 95.786525	 95.779967	 95.773578	 95.767356	 95.761297	   95.7554	  95.74966	 95.744076	 95.738644	 95.733362	 95.728227	 95.723237	 95.718388	 95.713679	 95.709106	 95.704668	 95.700362	 95.696184	 95.692134	 95.688208	 95.684405	 95.680721	 95.677155	 95.673704	 95.670367	 95.667141	 95.664025	 95.661015	 95.658111	  95.65531	  95.65261	  95.65001	 95.647508	 95.645102	  95.64279	 95.640571	 95.638443	 95.636404	 95.634454	 95.632591	 95.630813	 95.629119	 95.627508	 95.625979	  95.62453	  95.62316	 95.621868	 95.620654	 95.619516	 95.618454	 95.617466	 95.616552	 95.615711	 95.614943	 95.614246	 95.613621	 95.613066	 95.612582	 95.612167	 95.611822	 95.611547	  95.61134	 95.611203	 95.611134	
        99	 98.953346	 98.906701	 98.860073	 98.813471	 98.766903	 98.720379	 98.673907	 98.627495	 98.581151	 98.534886	 98.488706	  98.44262	 98.396637	 98.350765	 98.305011	 98.259386	 98.213895	 98.168548	 98.123352	 98.078315	 98.033446	  97.98875	 97.944238	 97.899914	 97.855788	 97.811866	 97.768156	 97.724665	 97.681399	 97.638365	  97.59557	 97.553021	 97.510724	 97.468686	 97.426912	 97.385409	 97.344182	 97.303237	 97.262581	 97.222218	 97.182153	 97.142392	 97.102941	 97.063803	 97.024983	 96.986487	 96.948318	  96.91048	 96.872979	 96.835817	 96.798999	 96.762527	 96.726407	  96.69064	 96.655229	 96.620179	 96.585491	 96.551169	 96.517214	  96.48363	 96.450417	 96.417579	 96.385116	 96.353031	 96.321326	 96.290001	 96.259057	 96.228496	 96.198319	 96.168526	 96.139118	 96.110095	 96.081458	 96.053207	 96.025341	 95.997861	 95.970766	 95.944056	  95.91773	 95.891788	 95.866228	 95.841051	 95.816254	 95.791837	 95.767798	 95.744135	 95.720848	 95.697935	 95.675393	 95.653221	 95.631417	 95.609979	 95.588905	 95.568192	 95.547838	  95.52784	 95.508197	 95.488904	 95.469961	 95.451363	 95.433108	 95.415194	 95.397616	 95.380372	 95.363459	 95.346874	 95.330613	 95.314673	 95.299052	 95.283744	 95.268747	 95.254058	 95.239673	 95.225588	   95.2118	 95.198305	   95.1851	 95.172181	 95.159544	 95.147185	 95.135101	 95.123288	 95.111743	 95.100461	 95.089439	 95.078673	  95.06816	 95.057894	 95.047874	 95.038095	 95.028553	 95.019245	 95.010167	 95.001315	 94.992685	 94.984274	 94.976079	 94.968095	  94.96032	 94.952749	 94.945379	 94.938206	 94.931228	  94.92444	 94.917839	 94.911422	 94.905186	 94.899127	 94.893242	 94.887528	 94.881982	   94.8766	  94.87138	 94.866318	 94.861412	 94.856659	 94.852056	   94.8476	 94.843288	 94.839118	 94.835086	 94.831192	 94.827431	 94.823801	 94.820301	 94.816927	 94.813678	 94.810551	 94.807544	 94.804655	 94.801882	 94.799223	 94.796676	 94.794239	  94.79191	 94.789689	 94.787572	 94.785559	 94.783647	 94.781836	 94.780125	 94.778511	 94.776994	 94.775572	 94.774244	  94.77301	 94.771867	 94.770817	 94.769856	 94.768986	 94.768204	 94.767511	 94.766906	 94.766388	 94.765957	 94.765613	 94.765355	 94.765183	 94.765097	
        99	 98.944034	 98.888079	 98.832144	 98.776241	 98.720379	 98.664569	 98.608821	 98.553146	 98.497553	 98.442053	 98.386656	 98.331371	  98.27621	 98.221182	 98.166297	 98.111565	 98.056995	 98.002597	  97.94838	 97.894354	 97.840529	 97.786913	 97.733516	 97.680346	 97.627413	 97.574725	  97.52229	 97.470118	 97.418217	 97.366594	 97.315258	 97.264216	 97.213477	 97.163048	 97.112936	 97.063149	 97.013694	 96.964577	 96.915806	 96.867387	 96.819326	 96.771629	 96.724303	 96.677354	 96.630786	 96.584606	 96.538819	 96.493429	 96.448443	 96.403864	 96.359697	 96.315946	 96.272616	  96.22971	 96.187232	 96.145186	 96.103575	 96.062402	  96.02167	 95.981383	 95.941541	 95.902148	 95.863207	 95.824718	 95.786684	 95.749107	 95.711987	 95.675327	 95.639126	 95.603387	 95.568109	 95.533294	 95.498941	 95.465051	 95.431623	 95.398658	 95.366155	 95.334114	 95.302534	 95.271414	 95.240753	  95.21055	 95.180804	 95.151513	 95.122676	 95.094291	 95.066356	 95.038869	 95.011829	 94.985231	 94.959076	 94.933359	 94.908078	 94.883231	 94.858814	 94.834825	 94.811261	 94.788118	 94.765394	 94.743084	 94.721186	 94.699695	 94.678609	 94.657924	 94.637635	  94.61774	 94.598233	 94.579112	 94.560372	  94.54201	  94.52402	 94.506399	 94.489142	 94.472246	 94.455706	 94.439518	 94.423677	 94.408179	  94.39302	 94.378195	 94.363699	 94.349528	 94.335679	 94.322145	 94.308923	 94.296008	 94.283396	 94.271082	 94.259062	 94.247331	 94.235885	 94.224719	 94.213828	  94.20321	 94.192858	 94.182768	 94.172937	  94.16336	 94.154033	  94.14495	 94.136109	 94.127505	 94.119134	 94.110991	 94.103073	 94.095375	 94.087894	 94.080626	 94.073567	 94.066712	 94.060059	 94.053603	 94.047341	 94.041269	 94.035384	 94.029682	  94.02416	 94.018815	 94.013642	 94.008639	 94.003804	 93.999131	  93.99462	 93.990266	 93.986067	  93.98202	 93.978122	 93.974371	 93.970764	 93.967299	 93.963972	 93.960782	 93.957727	 93.954803	  93.95201	 93.949345	 93.946806	  93.94439	 93.942098	 93.939925	 93.937872	 93.935936	 93.934116	  93.93241	 93.930817	 93.929337	 93.927966	 93.926706	 93.925554	  93.92451	 93.923572	 93.922741	 93.922015	 93.921393	 93.920876	 93.920463	 93.920154	 93.919948	 93.919845	
        99	 98.934733	 98.869478	 98.804247	 98.739053	 98.673907	 98.608821	 98.543808	 98.478879	 98.414047	 98.349323	 98.284719	 98.220247	 98.155918	 98.091745	 98.027738	 97.963909	 97.900269	  97.83683	 97.773603	 97.710599	 97.647828	 97.585301	 97.523029	 97.461023	 97.399292	 97.337847	 97.276698	 97.215855	 97.155328	 97.095125	 97.035257	 96.975733	 96.916561	 96.857751	 96.799311	 96.741249	 96.683574	 96.626295	 96.569418	 96.512951	 96.456902	 96.401279	 96.346087	 96.291335	 96.237028	 96.183173	 96.129776	 96.076843	  96.02438	 95.972392	 95.920884	 95.869862	  95.81933	 95.769294	 95.719756	 95.670722	 95.622195	  95.57418	 95.526678	 95.479695	 95.433232	 95.387292	 95.341878	 95.296993	 95.252638	 95.208815	 95.165527	 95.122773	 95.080556	 95.038877	 94.997736	 94.957135	 94.917072	  94.87755	 94.838566	 94.800123	 94.762218	 94.724852	 94.688023	 94.651731	 94.615974	 94.580752	 94.546062	 94.511903	 94.478273	 94.445171	 94.412593	 94.380538	 94.349003	 94.317985	 94.287483	 94.257492	 94.228009	 94.199033	 94.170558	 94.142582	 94.115102	 94.088113	 94.061611	 94.035594	 94.010056	 93.984994	 93.960403	  93.93628	  93.91262	 93.889417	 93.866669	  93.84437	 93.822516	 93.801101	 93.780121	 93.759572	 93.739447	 93.719743	 93.700454	 93.681576	 93.663102	 93.645028	  93.62735	  93.61006	 93.593155	  93.57663	 93.560478	 93.544695	 93.529276	 93.514215	 93.499507	 93.485146	 93.471128	 93.457448	 93.444099	 93.431077	 93.418377	 93.405993	 93.393921	 93.382155	  93.37069	 93.359521	 93.348643	 93.338051	 93.327741	 93.317707	 93.307944	 93.298448	 93.289214	 93.280237	 93.271513	 93.263037	 93.254804	  93.24681	 93.239051	 93.231522	  93.22422	 93.217139	 93.210276	 93.203626	 93.197186	 93.190952	  93.18492	 93.179086	 93.173446	 93.167998	 93.162736	 93.157659	 93.152762	 93.148043	 93.143497	 93.139123	 93.134916	 93.130874	 93.126995	 93.123275	 93.119712	 93.116302	 93.113045	 93.109937	 93.106975	 93.104159	 93.101485	 93.098952	 93.096557	 93.094299	 93.092177	 93.090188	  93.08833	 93.086603	 93.085005	 93.083535	 93.082192	 93.080974	 93.079881	 93.078911	 93.078064	  93.07734	 93.076737	 93.076255	 93.075894	 93.075654	 93.075534	
        99	 98.925444	 98.850901	 98.776386	 98.701913	 98.627495	 98.553146	 98.478879	 98.404709	  98.33065	 98.256714	 98.182915	 98.109267	 98.035782	 97.962475	 97.889358	 97.816445	 97.743747	 97.671279	 97.599053	 97.527081	 97.455376	  97.38395	 97.312815	 97.241984	 97.171467	 97.101277	 97.031425	 96.961922	  96.89278	 96.824009	  96.75562	 96.687624	  96.62003	  96.55285	 96.486092	 96.419767	 96.353883	 96.288451	 96.223479	 96.158976	  96.09495	 96.031409	 95.968362	 95.905817	 95.843781	 95.782261	 95.721264	 95.660797	 95.600867	  95.54148	 95.482641	 95.424357	 95.366634	 95.309475	 95.252887	 95.196875	 95.141441	 95.086591	 95.032329	 94.978659	 94.925583	 94.873105	 94.821227	 94.769953	 94.719286	 94.669226	 94.619776	 94.570937	 94.522712	   94.4751	 94.428104	 94.381724	 94.335959	 94.290812	  94.24628	 94.202365	 94.159065	 94.116381	  94.07431	 94.032853	 93.992007	 93.951771	 93.912144	 93.873124	 93.834708	 93.796893	 93.759679	 93.723062	 93.687038	 93.651606	 93.616762	 93.582503	 93.548824	 93.515723	 93.483196	 93.451238	 93.419846	 93.389016	 93.358743	 93.329022	  93.29985	 93.271221	  93.24313	 93.215574	 93.188546	 93.162041	 93.136055	 93.110583	 93.085618	 93.061155	 93.037189	 93.013715	 92.990726	 92.968218	 92.946184	 92.924618	 92.903515	 92.882869	 92.862674	 92.842924	 92.823613	 92.804735	 92.786285	 92.768256	 92.750642	 92.733437	 92.716635	 92.700231	 92.684218	  92.66859	 92.653342	 92.638466	 92.623959	 92.609812	 92.596022	 92.582581	 92.569484	 92.556726	   92.5443	 92.532201	 92.520423	  92.50896	 92.497808	 92.486961	 92.476412	 92.466158	 92.456192	 92.446509	 92.437105	 92.427973	  92.41911	 92.410509	 92.402167	 92.394079	 92.386239	 92.378643	 92.371286	 92.364165	 92.357274	  92.35061	 92.344168	 92.337944	 92.331934	 92.326134	  92.32054	 92.315148	 92.309956	 92.304959	 92.300153	 92.295537	 92.291105	 92.286855	 92.282785	 92.278891	  92.27517	 92.271619	 92.268236	 92.265019	 92.261964	 92.259071	 92.256335	 92.253756	 92.251331	 92.249059	 92.246937	 92.244964	 92.243139	  92.24146	 92.239925	 92.238534	 92.237285	 92.236177	  92.23521	 92.234383	 92.233694	 92.233144	 92.232731	 92.232457	 92.232319	
        99	 98.916168	 98.832352	 98.748566	 98.664828	 98.581151	 98.497553	 98.414047	  98.33065	 98.247376	 98.164242	 98.081262	 97.998451	 97.915825	 97.833397	 97.751184	 97.669199	 97.587458	 97.505974	 97.424762	 97.343837	 97.263211	 97.182899	 97.102914	  97.02327	 96.943981	 96.865058	 96.786516	 96.708366	 96.630622	 96.553295	 96.476398	 96.399943	  96.32394	 96.248401	 96.173338	 96.098762	 96.024682	 95.951109	 95.878054	 95.805526	 95.733534	 95.662089	 95.591199	 95.520872	 95.451118	 95.381944	 95.313359	 95.245369	 95.177983	 95.111208	 95.045049	 94.979514	 94.914609	  94.85034	 94.786712	  94.72373	   94.6614	 94.599727	 94.538714	 94.478366	 94.418687	  94.35968	 94.301349	 94.243696	 94.186725	 94.130437	 94.074835	 94.019921	 93.965695	 93.912161	 93.859318	 93.807167	 93.755709	 93.704945	 93.654873	 93.605494	 93.556808	 93.508813	 93.461508	 93.414893	 93.368966	 93.323725	 93.279168	 93.235292	 93.192097	 93.149579	 93.107734	 93.066561	 93.026056	 92.986216	 92.947037	 92.908515	 92.870647	 92.833428	 92.796854	 92.760921	 92.725623	 92.690957	 92.656918	   92.6235	 92.590698	 92.558507	 92.526922	 92.495937	 92.465547	 92.435745	 92.406526	 92.377884	 92.349813	 92.322307	  92.29536	 92.268965	 92.243117	 92.217808	 92.193032	 92.168784	 92.145055	 92.121841	 92.099133	 92.076926	 92.055213	 92.033987	 92.013241	 91.992969	 91.973163	 91.953818	 91.934926	 91.916481	 91.898476	 91.880904	 91.863758	 91.847032	  91.83072	 91.814814	 91.799307	 91.784194	 91.769468	 91.755122	 91.741151	 91.727546	 91.714303	 91.701415	 91.688875	 91.676678	 91.664817	 91.653287	 91.642081	 91.631194	 91.620619	 91.610352	 91.600386	 91.590715	 91.581335	  91.57224	 91.563425	 91.554884	 91.546613	 91.538605	 91.530857	 91.523364	  91.51612	 91.509122	 91.502364	 91.495842	 91.489553	  91.48349	 91.477652	 91.472033	  91.46663	 91.461439	 91.456456	 91.451678	 91.447101	 91.442722	 91.438538	 91.434546	 91.430742	 91.427124	  91.42369	 91.420436	  91.41736	  91.41446	 91.411734	 91.409179	 91.406793	 91.404575	 91.402523	 91.400634	 91.398909	 91.397345	  91.39594	 91.394695	 91.393607	 91.392677	 91.391902	 91.391284	  91.39082	 91.390511	 91.390357	
        99	 98.906908	 98.813833	 98.720793	 98.627805	 98.534886	 98.442053	 98.349323	 98.256714	 98.164242	 98.071925	 97.979779	 97.887821	 97.796067	 97.704535	  97.61324	   97.5222	 97.431429	 97.340945	 97.250763	 97.160898	 97.071366	 96.982183	 96.893363	 96.804922	 96.716874	 96.629234	 96.542016	 96.455234	 96.368902	 96.283034	 96.197643	 96.112742	 96.028344	 95.944461	 95.861107	 95.778293	  95.69603	  95.61433	 95.533205	 95.452666	 95.372722	 95.293385	 95.214664	  95.13657	  95.05911	 94.982296	 94.906134	 94.830635	 94.755805	 94.681654	 94.608188	 94.535414	 94.463339	 94.391971	 94.321314	 94.251376	 94.182161	 94.113675	 94.045923	 93.978909	 93.912638	 93.847113	 93.782339	 93.718318	 93.655053	 93.592548	 93.530804	 93.469824	 93.409609	 93.350161	 93.291481	  93.23357	 93.176428	 93.120056	 93.064453	  93.00962	 92.955556	  92.90226	  92.84973	 92.797966	 92.746965	 92.696727	 92.647248	 92.598526	 92.550559	 92.503344	 92.456878	 92.411157	 92.366178	 92.321937	  92.27843	 92.235654	 92.193602	 92.152272	 92.111658	 92.071756	 92.032559	 91.994064	 91.956265	 91.919155	  91.88273	 91.846984	  91.81191	 91.777502	 91.743755	 91.710661	 91.678215	 91.646409	 91.615238	 91.584693	 91.554769	 91.525459	 91.496755	 91.468651	 91.441139	 91.414212	 91.387862	 91.362083	 91.336868	 91.312208	 91.288096	 91.264525	 91.241488	 91.218976	 91.196983	 91.175501	 91.154522	  91.13404	 91.114046	 91.094533	 91.075493	  91.05692	 91.038805	 91.021142	 91.003923	 90.987141	 90.970788	 90.954858	 90.939342	 90.924235	 90.909529	 90.895217	 90.881292	 90.867748	 90.854577	 90.841773	  90.82933	  90.81724	 90.805497	 90.794096	 90.783029	  90.77229	 90.761874	 90.751775	 90.741985	 90.732501	 90.723316	 90.714424	  90.70582	 90.697499	 90.689455	 90.681684	 90.674179	 90.666937	 90.659953	 90.653221	 90.646738	 90.640498	 90.634498	 90.628734	   90.6232	 90.617894	 90.612812	  90.60795	 90.603303	  90.59887	 90.594646	 90.590629	 90.586815	 90.583202	 90.579787	 90.576566	 90.573539	 90.570701	 90.568052	 90.565589	  90.56331	 90.561213	 90.559297	  90.55756	    90.556	 90.554617	  90.55341	 90.552376	 90.551516	 90.550829	 90.550315	 90.549972	   90.5498	
        99	 98.897665	 98.795349	 98.693072	 98.590851	 98.488706	 98.386656	 98.284719	 98.182915	 98.081262	 97.979779	 97.878484	 97.777395	 97.676532	 97.575912	 97.475553	 97.375473	  97.27569	 97.176222	 97.077086	 96.978298	 96.879877	 96.781839	 96.684201	 96.586978	 96.490188	 96.393847	 96.297969	 96.202571	 96.107668	 96.013274	 95.919404	 95.826074	 95.733296	 95.641085	 95.549455	 95.458418	 95.367988	 95.278177	 95.188997	 95.100461	  95.01258	 94.925365	 94.838829	  94.75298	  94.66783	 94.583389	 94.499666	  94.41667	 94.334411	 94.252897	 94.172136	 94.092137	 94.012907	 93.934452	  93.85678	 93.779898	 93.703811	 93.628525	 93.554046	 93.480379	 93.407528	 93.335497	 93.264291	 93.193914	 93.124368	 93.055657	 92.987783	 92.920748	 92.854554	 92.789204	 92.724698	 92.661037	 92.598222	 92.536252	 92.475129	 92.414852	  92.35542	 92.296832	 92.239086	 92.182183	 92.126118	 92.070892	   92.0165	 91.962941	 91.910212	 91.858309	 91.807229	 91.756969	 91.707524	 91.658891	 91.611064	  91.56404	 91.517814	  91.47238	 91.427733	 91.383869	 91.340781	 91.298464	 91.256911	 91.216118	 91.176076	  91.13678	 91.098224	   91.0604	 91.023302	 90.986922	 90.951255	 90.916291	 90.882025	 90.848448	 90.815553	 90.783332	 90.751779	 90.720884	  90.69064	 90.661039	 90.632074	 90.603735	 90.576016	 90.548908	 90.522402	 90.496491	 90.471166	 90.446419	 90.422243	 90.398628	 90.375566	  90.35305	 90.331071	  90.30962	  90.28869	 90.268273	  90.24836	 90.228943	 90.210014	 90.191566	 90.173589	 90.156077	 90.139022	 90.122415	 90.106248	 90.090515	 90.075208	 90.060319	  90.04584	 90.031765	 90.018086	 90.004796	 89.991887	 89.979354	 89.967188	 89.955383	 89.943933	 89.932831	  89.92207	 89.911644	 89.901546	 89.891772	 89.882314	 89.873166	 89.864324	 89.855781	 89.847531	  89.83957	 89.831892	 89.824492	 89.817365	 89.810506	 89.803911	 89.797574	 89.791491	 89.785658	 89.780071	 89.774726	 89.769618	 89.764745	 89.760102	 89.755686	 89.751493	 89.747521	 89.743766	 89.740226	 89.736898	 89.733779	 89.730867	 89.728159	 89.725654	 89.723349	 89.721242	 89.719333	 89.717619	 89.716098	 89.714771	 89.713635	  89.71269	 89.711934	 89.711368	 89.710991	 89.710803	
        99	 98.888441	 98.776903	 98.665406	 98.553972	  98.44262	 98.331371	 98.220247	 98.109267	 97.998451	 97.887821	 97.777395	 97.667195	 97.557241	 97.447551	 97.338146	 97.229046	 97.120269	 97.011835	 96.903763	 96.796071	 96.688779	 96.581904	 96.475465	  96.36948	 96.263966	  96.15894	 96.054421	 95.950424	 95.846966	 95.744064	 95.641734	 95.539991	 95.438851	 95.338328	 95.238439	 95.139196	 95.040615	 94.942709	 94.845491	 94.748974	 94.653172	 94.558097	  94.46376	 94.370173	 94.277348	 94.185296	 94.094026	  94.00355	 93.913876	 93.825015	 93.736975	 93.649765	 93.563393	 93.477867	 93.393194	 93.309382	 93.226437	 93.144366	 93.063173	 92.982866	 92.903448	 92.824925	 92.747301	  92.67058	 92.594766	 92.519861	 92.445869	 92.372792	 92.300632	 92.229392	 92.159071	 92.089672	 92.021195	  91.95364	 91.887008	 91.821297	 91.756508	 91.692639	 91.629689	 91.567656	 91.506539	 91.446334	  91.38704	 91.328653	 91.271171	  91.21459	 91.158906	 91.104116	 91.050214	 90.997197	  90.94506	 90.893797	 90.843404	 90.793875	 90.745204	 90.697386	 90.650415	 90.604283	 90.558985	 90.514514	 90.470864	 90.428026	 90.385994	 90.344761	 90.304319	 90.264661	 90.225778	 90.187663	 90.150308	 90.113704	 90.077845	  90.04272	 90.008322	 89.974643	 89.941673	 89.909404	 89.877828	 89.846935	 89.816717	 89.787165	  89.75827	 89.730024	 89.702416	 89.675439	 89.649083	  89.62334	   89.5982	 89.573654	 89.549694	  89.52631	 89.503493	 89.481235	 89.459527	  89.43836	 89.417726	 89.397614	 89.378017	 89.358927	 89.340334	  89.32223	 89.304607	 89.287456	 89.270769	 89.254537	 89.238754	  89.22341	 89.208498	  89.19401	 89.179938	 89.166274	 89.153012	 89.140143	 89.127661	 89.115558	 89.103827	 89.092461	 89.081454	 89.070798	 89.060488	 89.050516	 89.040876	 89.031563	  89.02257	 89.013892	 89.005522	 88.997455	 88.989685	 88.982208	 88.975018	 88.968109	 88.961478	  88.95512	 88.949029	 88.943202	 88.937634	 88.932321	  88.92726	 88.922446	 88.917875	 88.913545	 88.909452	 88.905593	 88.901965	 88.898565	  88.89539	 88.892438	 88.889707	 88.887194	 88.884898	 88.882816	 88.880948	  88.87929	 88.877843	 88.876605	 88.875574	 88.874751	 88.874134	 88.873723	 88.873518	
        99	 98.879238	 98.758498	 98.637803	 98.517175	 98.396637	  98.27621	 98.155918	 98.035782	 97.915825	 97.796067	 97.676532	 97.557241	 97.438215	 97.319476	 97.201046	 97.082944	 96.965194	 96.847814	 96.730826	  96.61425	 96.498106	 96.382414	 96.267194	 96.152465	 96.038246	 95.924556	 95.811414	 95.698838	 95.586845	 95.475454	 95.364681	 95.254545	  95.14506	 95.036245	 94.928115	 94.820685	 94.713971	 94.607987	 94.502749	  94.39827	 94.294565	 94.191645	 94.089526	 93.988219	 93.887736	 93.788089	  93.68929	 93.591349	 93.494278	 93.398086	 93.302782	 93.208378	  93.11488	 93.022298	  92.93064	 92.839914	 92.750126	 92.661283	 92.573393	  92.48646	  92.40049	 92.315489	 92.231462	 92.148411	 92.066342	 91.985258	 91.905162	 91.826056	 91.747943	 91.670825	 91.594703	 91.519579	 91.445452	 91.372324	 91.300195	 91.229063	 91.158929	 91.089791	 91.021648	 90.954497	 90.888338	 90.823166	 90.758981	 90.695777	 90.633553	 90.572304	 90.512026	 90.452715	 90.394367	 90.336976	 90.280537	 90.225046	 90.170495	  90.11688	 90.064194	 90.012431	 89.961585	 89.911647	 89.862612	 89.814473	 89.767221	 89.720849	  89.67535	 89.630715	 89.586937	 89.544006	 89.501916	 89.460656	  89.42022	 89.380597	 89.341778	 89.303756	  89.26652	 89.230062	 89.194372	 89.159442	  89.12526	 89.091819	 89.059108	 89.027118	  88.99584	 88.965263	 88.935378	 88.906175	 88.877645	 88.849778	 88.822563	 88.795993	 88.770055	 88.744742	 88.720044	  88.69595	 88.672451	 88.649538	   88.6272	  88.60543	 88.584216	 88.563551	 88.543424	 88.523826	 88.504749	 88.486183	  88.46812	 88.450549	 88.433464	 88.416854	 88.400712	 88.385028	 88.369795	 88.355005	 88.340648	 88.326718	 88.313206	 88.300104	 88.287406	 88.275102	 88.263187	 88.251652	 88.240491	 88.229696	 88.219262	  88.20918	 88.199445	 88.190051	  88.18099	 88.172257	 88.163847	 88.155753	 88.147969	 88.140491	 88.133313	  88.12643	 88.119837	 88.113529	 88.107502	 88.101751	 88.096272	 88.091061	 88.086113	 88.081426	 88.076995	 88.072818	  88.06889	  88.06521	 88.061773	 88.058578	 88.055621	 88.052901	 88.050415	 88.048162	 88.046139	 88.044345	 88.042778	 88.041438	 88.040322	 88.039431	 88.038763	 88.038318	 88.038096	
        99	 98.870056	 98.740137	 98.610266	 98.480467	 98.350765	 98.221182	 98.091745	 97.962475	 97.833397	 97.704535	 97.575912	 97.447551	 97.319476	  97.19171	 97.064275	 96.937195	 96.810492	 96.684188	 96.558306	 96.432867	 96.307893	 96.183406	 96.059426	 95.935974	 95.813071	 95.690738	 95.568993	 95.447858	 95.327351	 95.207491	 95.088296	 94.969786	 94.851979	  94.73489	 94.618539	 94.502941	 94.388114	 94.274073	 94.160834	 94.048412	 93.936821	 93.826078	 93.716194	 93.607185	 93.499062	  93.39184	 93.285529	 93.180142	 93.075691	 92.972185	 92.869636	 92.768054	 92.667448	 92.567828	 92.469201	 92.371577	 92.274963	 92.179366	 92.084793	 91.991251	 91.898745	 91.807282	 91.716866	 91.627501	 91.539193	 91.451944	 91.365758	 91.280638	 91.196587	 91.113605	 91.031696	  90.95086	 90.871098	  90.79241	 90.714797	 90.638258	 90.562791	 90.488397	 90.415073	 90.342817	 90.271627	 90.201501	 90.132435	 90.064427	 89.997472	 89.931566	 89.866706	 89.802886	 89.740101	 89.678347	 89.617617	 89.557907	 89.499209	 89.441518	 89.384826	 89.329128	 89.274415	 89.220681	 89.167919	 89.116119	 89.065275	 89.015377	 88.966419	 88.918391	 88.871284	  88.82509	 88.779799	 88.735403	 88.691892	 88.649256	 88.607487	 88.566574	 88.526507	 88.487277	 88.448874	 88.411287	 88.374507	 88.338523	 88.303326	 88.268904	 88.235247	 88.202345	 88.170188	 88.138766	 88.108066	  88.07808	 88.048797	 88.020206	 87.992297	  87.96506	 87.938483	 87.912557	 87.887272	 87.862617	 87.838581	 87.815155	 87.792329	 87.770092	 87.748435	 87.727348	  87.70682	 87.686843	 87.667406	   87.6485	 87.630115	 87.612242	 87.594873	 87.577997	 87.561606	 87.545691	 87.530243	 87.515254	 87.500714	 87.486617	 87.472953	 87.459714	 87.446892	 87.434481	 87.422471	 87.410856	 87.399628	  87.38878	 87.378305	 87.368196	 87.358446	  87.34905	     87.34	 87.331291	 87.322915	 87.314869	 87.307145	 87.299739	 87.292644	 87.285857	 87.279371	 87.273183	 87.267287	  87.26168	 87.256356	 87.251313	 87.246545	  87.24205	 87.237824	 87.233863	 87.230166	 87.226727	 87.223546	 87.220619	 87.217944	  87.21552	 87.213343	 87.211412	 87.209727	 87.208284	 87.207084	 87.206125	 87.205406	 87.204928	 87.204688	
        99	 98.860899	 98.721824	   98.5828	 98.443854	 98.305011	 98.166297	 98.027738	 97.889358	 97.751184	  97.61324	 97.475553	 97.338146	 97.201046	 97.064275	  96.92786	 96.791824	 96.656192	 96.520988	 96.386234	 96.251955	 96.118174	 95.984914	 95.852196	 95.720045	 95.588481	 95.457526	 95.327202	  95.19753	  95.06853	 94.940224	 94.812629	 94.685768	 94.559658	 94.434318	 94.309767	 94.186023	 94.063104	 93.941026	 93.819806	 93.699461	 93.580007	 93.461459	 93.343832	  93.22714	 93.111398	 92.996619	 92.882817	 92.770003	 92.658191	 92.547391	 92.437615	 92.328874	 92.221178	 92.114537	  92.00896	 91.904456	 91.801033	 91.698699	 91.597462	 91.497328	 91.398303	 91.300394	 91.203606	 91.107944	 91.013412	 90.920014	 90.827755	 90.736636	 90.646661	 90.557832	 90.470151	 90.383618	 90.298235	 90.214002	 90.130919	 90.048986	 89.968201	 89.888564	 89.810072	 89.732725	 89.656518	  89.58145	 89.507517	 89.434716	 89.363042	 89.292492	 89.223061	 89.154743	 89.087534	 89.021428	 88.956418	   88.8925	 88.829666	 88.767909	 88.707222	 88.647598	  88.58903	  88.53151	 88.475028	 88.419578	 88.365151	 88.311737	 88.259329	 88.207916	 88.157489	  88.10804	 88.059557	 88.012032	 87.965455	 87.919815	 87.875101	 87.831305	 87.788415	  87.74642	 87.705311	 87.665075	 87.625703	 87.587184	 87.549506	 87.512658	 87.476629	 87.441409	 87.406986	 87.373348	 87.340486	 87.308387	  87.27704	 87.246434	 87.216558	 87.187401	 87.158952	 87.131199	 87.104131	 87.077739	 87.052009	 87.026933	 87.002498	 86.978694	 86.955511	 86.932937	 86.910963	 86.889578	 86.868771	 86.848532	 86.828852	  86.80972	 86.791126	 86.773061	 86.755515	 86.738479	 86.721942	 86.705896	 86.690332	 86.675241	 86.660614	 86.646442	 86.632717	 86.619431	 86.606575	 86.594141	 86.582122	 86.570509	 86.559296	 86.548475	 86.538038	  86.52798	 86.518292	 86.508969	 86.500003	  86.49139	 86.483122	 86.475193	 86.467599	 86.460333	 86.453391	 86.446766	 86.440455	 86.434452	 86.428754	 86.423355	 86.418251	 86.413439	 86.408915	 86.404676	 86.400717	 86.397037	 86.393631	 86.390498	 86.387635	 86.385039	 86.382709	 86.380643	 86.378838	 86.377294	 86.376009	 86.374983	 86.374213	 86.373701	 86.373445	
        99	 98.851767	 98.703562	 98.555411	 98.407343	 98.259386	 98.111565	 97.963909	 97.816445	 97.669199	   97.5222	 97.375473	 97.229046	 97.082944	 96.937195	 96.791824	 96.646858	 96.502322	 96.358241	 96.214641	 96.071546	 95.928983	 95.786974	 95.645543	 95.504716	 95.364515	 95.224963	 95.086084	 94.947898	  94.81043	   94.6737	 94.537729	 94.402539	  94.26815	 94.134581	 94.001854	 93.869986	 93.738997	 93.608905	 93.479727	 93.351482	 93.224185	 93.097855	 92.972505	 92.848153	 92.724812	 92.602498	 92.481224	 92.361005	 92.241852	 92.123778	 92.006795	 91.890916	  91.77615	 91.662508	 91.549999	 91.438635	 91.328422	  91.21937	 91.111486	 91.004778	 90.899253	 90.794916	 90.691774	 90.589831	 90.489093	 90.389564	 90.291248	 90.194148	 90.098266	 90.003605	 89.910167	 89.817954	 89.726965	 89.637202	 89.548665	 89.461353	 89.375265	 89.290399	 89.206755	 89.124329	  89.04312	 88.963123	 88.884337	 88.806756	 88.730377	 88.655196	 88.581206	 88.508403	 88.436782	 88.366336	 88.297059	 88.228944	 88.161985	 88.096173	 88.031503	 87.967965	 87.905552	 87.844255	 87.784065	 87.724975	 87.666974	 87.610054	 87.554205	 87.499417	  87.44568	 87.392984	 87.341319	 87.290674	 87.241038	 87.192402	 87.144753	 87.098082	 87.052376	 87.007624	 86.963816	 86.920939	 86.878982	 86.837934	 86.797782	 86.758515	 86.720122	 86.682589	 86.645906	  86.61006	  86.57504	 86.540834	 86.507429	 86.474814	 86.442977	 86.411906	 86.381588	 86.352014	 86.323169	 86.295044	 86.267625	 86.240902	 86.214863	 86.189497	 86.164792	 86.140736	 86.117319	  86.09453	 86.072357	  86.05079	 86.029818	  86.00943	 85.989616	 85.970364	 85.951666	 85.933511	 85.915889	  85.89879	 85.882204	 85.866122	 85.850535	 85.835433	 85.820807	 85.806648	 85.792948	 85.779698	  85.76689	 85.754515	 85.742566	 85.731034	 85.719912	 85.709193	  85.69887	 85.688934	  85.67938	 85.670201	  85.66139	 85.652941	 85.644849	 85.637106	 85.629707	 85.622648	 85.615923	 85.609526	 85.603453	   85.5977	 85.592261	 85.587133	 85.582312	 85.577794	 85.573576	 85.569654	 85.566025	 85.562686	 85.559635	 85.556869	 85.554386	 85.552183	  85.55026	 85.548615	 85.547246	 85.546152	 85.545332	 85.544786	 85.544513	
        99	 98.842662	 98.685354	 98.528103	 98.370941	 98.213895	 98.056995	 97.900269	 97.743747	 97.587458	 97.431429	  97.27569	 97.120269	 96.965194	 96.810492	 96.656192	 96.502322	 96.348907	 96.195977	 96.043556	 95.891673	 95.740352	 95.589621	 95.439504	 95.290026	 95.141214	  94.99309	  94.84568	 94.699007	 94.553095	 94.407967	 94.263644	  94.12015	 93.977507	 93.835734	 93.694854	 93.554887	 93.415852	 93.277769	 93.140657	 93.004534	 92.869419	 92.735329	  92.60228	  92.47029	 92.339373	 92.209546	 92.080824	  91.95322	 91.826748	 91.701422	 91.577254	 91.454256	 91.332441	 91.211819	   91.0924	 90.974195	 90.857213	 90.741463	 90.626952	  90.51369	 90.401683	 90.290937	  90.18146	 90.073256	  89.96633	 89.860688	 89.756333	 89.653268	 89.551497	 89.451022	 89.351845	 89.253968	  89.15739	 89.062114	 88.968138	 88.875463	 88.784087	 88.694009	 88.605227	 88.517739	 88.431541	 88.346631	 88.263005	  88.18066	 88.099589	  88.01979	 87.941255	 87.863981	  87.78796	 87.713187	 87.639655	 87.567356	 87.496284	 87.426431	 87.357788	 87.290347	   87.2241	 87.159038	 87.095152	 87.032432	 86.970869	 86.910453	 86.851173	  86.79302	 86.735982	 86.680049	 86.625211	 86.571455	 86.518771	 86.467147	 86.416572	 86.367034	  86.31852	  86.27102	 86.224521	 86.179011	 86.134477	 86.090907	 86.048289	  86.00661	 85.965858	  85.92602	 85.887084	 85.849037	 85.811865	 85.775558	 85.740101	 85.705483	  85.67169	 85.638711	 85.606531	  85.57514	 85.544524	 85.514671	 85.485568	 85.457204	 85.429566	 85.402641	 85.376418	 85.350885	  85.32603	 85.301841	 85.278306	 85.255415	 85.233154	 85.211514	 85.190482	 85.170049	 85.150202	 85.130932	 85.112228	 85.094078	 85.076474	 85.059404	 85.042859	 85.026829	 85.011305	 84.996277	 84.981735	 84.967671	 84.954076	 84.940941	 84.928258	 84.916018	 84.904213	 84.892836	 84.881878	 84.871333	 84.861192	 84.851449	 84.842097	 84.833129	 84.824539	 84.816321	 84.808468	 84.800975	 84.793836	 84.787047	 84.780601	 84.774494	 84.768721	 84.763279	 84.758162	 84.753366	 84.748889	 84.744726	 84.740874	  84.73733	 84.734091	 84.731155	 84.728519	 84.726182	 84.724141	 84.722394	 84.720941	  84.71978	  84.71891	  84.71833	 84.718041	
